{"timestamp": 1721661570.567845, "objects": [{"color": "cv_", "id_name": "hand", "shape": "CVBox", "id_string": "ob383", "world_size": [0.005, 0.09, 0.5], "id": 383, "camera_size": [3, 208], "camera_position": [246, 271], "world_position": [0.6631534479180667, 0.6656393001581556, -0.17409371547997798], "world_orientation": [2.7859820440090934e-07, -0.00166012918532682, 0.9999986219845558, -0.0007633765020857601, -0.9999983306134648, -0.0016601284889365207, 0.9999997086280769, -0.0007633749876326674, -1.5459013494564104e-06], "world_rotation": [0.0, 1.0, 0.0, 0.0]}, {"color": "CVRed", "id_name": "object267789990568776", "shape": "CVBox", "id_string": "ob12406", "world_size": [0.04, 0.04, 0.04], "id": 12406, "camera_size": [20, 21], "camera_position": [261, 207], "world_position": [0.8259142770564089, 0.6199687560907851, -0.13563386011159825], "world_orientation": [0.944055576516349, -0.00018813022151917556, 0.3297863445556892, 0.00031220040182193586, 0.9999998990192941, -0.00032325270457336623, -0.3297862504400284, 0.000408127947662152, 0.944055539919281], "world_rotation": [0.0011088695887418781, 0.9999990974915711, 0.0007585672533767948, 0.3360775150403523]}, {"color": "CVRed", "id_name": "object5226909723086", "shape": "CVSphere", "id_string": "ob12413", "world_size": [0.04, 0.04, 0.04], "id": 12413, "camera_size": [17, 17], "camera_position": [219, 295], "world_position": [0.6000000016856524, 0.619987443155915, -0.2450000112956818], "world_orientation": [0.9999999999999478, 9.47588527235805e-11, 3.2357354123670485e-07, -9.475932554392178e-11, 1.0, 1.4598082109085833e-09, -3.2357354123656636e-07, -1.4598082416003027e-09, 0.9999999999999478], "world_rotation": [-0.004511473039420797, 0.9999897803730793, -0.0002928487921758547, 3.235768480713087e-07]}, {"color": "CVPurple", "id_name": "object99506913556992", "shape": "CVCone", "id_string": "ob12420", "world_size": [0.04, 0.04, 0.04], "id": 12420, "camera_size": [16, 17], "camera_position": [236, 295], "world_position": [0.5999960835388188, 0.6199875069250995, -0.20000014018588608], "world_orientation": [0.9999999851713018, -0.00017220810213974323, 1.328906963594725e-06, 0.00017220809300427843, 0.9999999851485778, 6.871475312777347e-06, -1.330090267583834e-06, -6.871246362347799e-06, 0.9999999999755086], "world_rotation": [-0.039868584170119466, 0.007713934504781537, 0.9991751554210733, 0.00017235026060270802]}, {"color": "CVBlue", "id_name": "object54011425567175", "shape": "CVBox", "id_string": "ob12427", "world_size": [0.04, 0.04, 0.04], "id": 12427, "camera_size": [16, 17], "camera_position": [255, 289], "world_position": [0.6155360466404176, 0.6199878103483905, -0.15129726584797648], "world_orientation": [0.9999463994799495, 9.965641098679913e-05, 0.01035317514992892, -9.800739014459148e-05, 0.999999982431803, -0.00015978405798690423, -0.010353190891548049, 0.00015876080580214602, 0.9999463916797589], "world_rotation": [0.015381388884177808, 0.999836144503042, -0.009544475956580199, 0.01035506478143085]}, {"color": "CVYellow", "id_name": "object131712366102208", "shape": "CVBox", "id_string": "ob12434", "world_size": [0.04, 0.04, 0.04], "id": 12434, "camera_size": [17, 19], "camera_position": [272, 296], "world_position": [0.5985296987715897, 0.6219674999045504, -0.10959007274013965], "world_orientation": [0.9942066504033896, -0.10518683791030091, -0.022110301311929068, 0.10520640258992715, 0.9944503680999892, -0.0002797139289706926, 0.02201701950215743, -0.002048051812814281, 0.9997554982774607], "world_rotation": [0.00822565815037961, 0.205264084101312, -0.978672056577709, -0.10769721299043673]}, {"color": "CVBlue", "id_name": "object175197903141817", "shape": "CVCapsule", "id_string": "ob12441", "world_size": [0.04, 0.08, 0.04], "id": 12441, "camera_size": [17, 18], "camera_position": [290, 295], "world_position": [0.6, 0.6399748858658902, -0.065], "world_orientation": [1.0, -1.5612511283791513e-17, -1.789043210782128e-17, 1.5612511283791513e-17, 1.0, -1.4831885719601688e-16, 1.789043210782128e-17, 1.4831885719601688e-16, 1.0], "world_rotation": [-0.9874262572950706, 0.11910476355862816, -0.10393960603106182, -1.5020752800550153e-16]}, {"color": "CVYellow", "id_name": "object135679570514890", "shape": "CVCapsule", "id_string": "ob12448", "world_size": [0.04, 0.08, 0.04], "id": 12448, "camera_size": [19, 19], "camera_position": [217, 277], "world_position": [0.6475227950409437, 0.6399761773471221, -0.2477147471964947], "world_orientation": [0.9918624527386276, -0.00023634668851416947, 0.12731386015495896, 0.00011443180011051842, 0.9999995279302949, 0.0009649064985039449, -0.12731402810639814, -0.000942485772073013, 0.9918620115559891], "world_rotation": [-0.00749068360401849, 0.9999709955562831, 0.0013775722560669364, 0.12766413556842304]}, {"color": "CVBlue", "id_name": "object15090939631228", "shape": "CVCone", "id_string": "ob12455", "world_size": [0.04, 0.04, 0.04], "id": 12455, "camera_size": [17, 16], "camera_position": [236, 277], "world_position": [0.6452603147340931, 0.6204125138377943, -0.20084744264948445], "world_orientation": [0.9996360548856127, 0.025068858685837657, -0.009965445143994722, -0.025049373329602054, 0.9996840610135068, 0.0020753436673216145, 0.010014323168476606, -0.0018249602003256352, 0.9999481900837386], "world_rotation": [0.07210135408895169, 0.3693477222793143, 0.9264899647517085, -0.027050667943195487]}, {"color": "CVGreen", "id_name": "object73035744869231", "shape": "CVCylinder", "id_string": "ob12462", "world_size": [0.04, 0.04, 0.04], "id": 12462, "camera_size": [16, 16], "camera_position": [255, 271], "world_position": [0.6612824109826628, 0.6199874358900703, -0.15147036392193206], "world_orientation": [0.9999702442084971, 9.033938668085261e-07, 0.007714317648556941, 4.783728140044102e-07, 0.9999999839587377, -0.00017911531452381352, -0.0077143176866212235, 0.0001791136751257012, 0.9999702281672798], "world_rotation": [0.02321219348172108, 0.9997305603587943, -2.7540124324238344e-05, 0.007716473348769691]}, {"color": "CVPurple", "id_name": "object257520202881332", "shape": "CVCone", "id_string": "ob12469", "world_size": [0.04, 0.04, 0.04], "id": 12469, "camera_size": [16, 16], "camera_position": [272, 277], "world_position": [0.6452533879030836, 0.6199808617783713, -0.10840370081692409], "world_orientation": [0.9999280783603104, 0.0010185193758130851, -0.011949925729395303, -0.001034791690943276, 0.999998545770322, -0.0013556044399764403, 0.011948527642070604, 0.0013678726265345055, 0.9999276781906101], "world_rotation": [-0.11281720087517484, 0.9899685397640313, 0.08505627233874155, -0.012070602626896148]}, {"color": "CVYellow", "id_name": "object129232091276516", "shape": "CVBox", "id_string": "ob12476", "world_size": [0.04, 0.04, 0.04], "id": 12476, "camera_size": [16, 17], "camera_position": [289, 278], "world_position": [0.6445781745441584, 0.6199874432007266, -0.06457821257232815], "world_orientation": [0.9997776424273046, -1.0076706394030414e-10, -0.021087098010419615, 1.0120324729586165e-10, 1.0, 1.9617685038282e-11, 0.021087098010419615, -2.174740569215584e-11, 0.9997776424273046], "world_rotation": [9.808151579225935e-10, 1.0, -4.7889546284739525e-09, -0.021088661108090066]}, {"color": "CVRed", "id_name": "object133392244874031", "shape": "CVCapsule", "id_string": "ob12483", "world_size": [0.04, 0.08, 0.04], "id": 12483, "camera_size": [20, 20], "camera_position": [218, 257], "world_position": [0.6953002997355121, 0.6412062002015827, -0.24366752791830038], "world_orientation": [0.9935150441174575, 0.06704228448333462, 0.09183239735268969, -0.06737664282172763, 0.9977274648723082, 0.0005420715362376852, -0.0915873632897028, -0.006725914862135098, 0.9957743303353965], "world_rotation": [-0.0319447765777897, 0.8061797246875313, -0.5908077375526928, 0.11400540300277366]}, {"color": "CVBlue", "id_name": "object258447039778792", "shape": "CVCapsule", "id_string": "ob12490", "world_size": [0.04, 0.08, 0.04], "id": 12490, "camera_size": [18, 20], "camera_position": [235, 254], "world_position": [0.7042031948701712, 0.6412293908527619, -0.20064781220618602], "world_orientation": [0.9946010620769736, 0.06752793256332981, 0.0787953402117055, -0.06807654823635889, 0.9976708596091247, 0.004294120051052971, -0.07832184175297932, -0.009635051142185762, 0.9968815651289319], "world_rotation": [-0.06696375957877206, 0.7553326075771357, -0.6519114256045839, 0.10419372002274964]}, {"color": "CVPurple", "id_name": "object239516994271797", "shape": "CVCapsule", "id_string": "ob12497", "world_size": [0.04, 0.08, 0.04], "id": 12497, "camera_size": [21, 21], "camera_position": [273, 219], "world_position": [0.791983780738767, 0.6403714455401889, -0.1068103639295268], "world_orientation": [0.2574796721970041, 0.00440049114732126, -0.9662736952245912, -0.02175875741702028, 0.9997624750406893, -0.0012449803945334128, 0.966038702579245, 0.021345472076715822, 0.2575142635677324], "world_rotation": [-0.01168902061062068, 0.9998400639753929, 0.01353562953270181, -1.310488308585596]}, {"color": "CVGreen", "id_name": "object178385245895050", "shape": "CVCone", "id_string": "ob12504", "world_size": [0.04, 0.04, 0.04], "id": 12504, "camera_size": [18, 18], "camera_position": [273, 260], "world_position": [0.6891566622976963, 0.6199752921032627, -0.105585962761616], "world_orientation": [0.9824447655867999, 0.00034582068018579516, -0.1865533783643573, -0.000403271179371663, 0.9999998822338444, -0.00027000861773461636, 0.18655326302011924, 0.00034050015406546333, 0.9824447893475701], "world_rotation": [-0.0016362794341912242, 0.9999966458426234, 0.0020077084240737353, -0.1876533393846862]}, {"color": "CVGreen", "id_name": "object242997640173263", "shape": "CVCone", "id_string": "ob12511", "world_size": [0.04, 0.04, 0.04], "id": 12511, "camera_size": [18, 18], "camera_position": [290, 261], "world_position": [0.6870129514714264, 0.6199874431874461, -0.06230397719352806], "world_orientation": [0.9902784794763959, 9.068975042435859e-11, -0.1390990046187152, -3.3137976432270897e-12, 1.0, 6.283881626078217e-10, 0.1390990046187152, -6.218183282345592e-10, 0.9902784794763959], "world_rotation": [4.493944777927515e-09, 1.0, 3.3790158428976243e-10, -0.13955151602437788]}, {"color": "CVYellow", "id_name": "object214630678275141", "shape": "CVBox", "id_string": "ob12518", "world_size": [0.04, 0.04, 0.04], "id": 12518, "camera_size": [17, 17], "camera_position": [219, 242], "world_position": [0.736122991116712, 0.6200134061861088, -0.24380969647338271], "world_orientation": [0.9989017907954942, 0.0019231946903806143, 0.04681360558361069, -0.001948835520024365, 0.9999979749724127, 0.0005020868349461965, -0.046812545174032834, -0.0005927674559443515, 0.9989035159819354], "world_rotation": [-0.011683109190329792, 0.9990777325100503, -0.04131814809769912, 0.0468734519627542]}, {"color": "CVPurple", "id_name": "object4118137003963", "shape": "CVCylinder", "id_string": "ob12525", "world_size": [0.04, 0.04, 0.04], "id": 12525, "camera_size": [18, 19], "camera_position": [236, 239], "world_position": [0.74305417179778, 0.6212625716560835, -0.19999920108007688], "world_orientation": [0.9946937363539922, 0.06782431640131396, 0.07735782418624, -0.06796875321611925, 0.9976871552977318, -0.0007672940546157377, -0.07723094874712494, -0.0044946922713825915, 0.9970030984390194], "world_rotation": [-0.018112242126952782, 0.7511806151762093, -0.6598481871374858, 0.10307965300878248]}, {"color": "CVGreen", "id_name": "object217124073324197", "shape": "CVCylinder", "id_string": "ob12532", "world_size": [0.04, 0.04, 0.04], "id": 12532, "camera_size": [19, 20], "camera_position": [257, 189], "world_position": [0.8688930429264208, 0.6199819206987393, -0.14640515525117234], "world_orientation": [0.976621512383691, -0.0002696806397400686, 0.21496592479215113, 0.0002377262976581216, 0.9999999565176063, 0.00017450212957113395, -0.21496596250476405, -0.00011931948027244345, 0.9766215340280298], "world_rotation": [-0.0006834136877978906, 0.999999070034074, 0.0011802019820330468, 0.21665716280920358]}, {"color": "CVRed", "id_name": "object249888311457059", "shape": "CVCylinder", "id_string": "ob12539", "world_size": [0.04, 0.04, 0.04], "id": 12539, "camera_size": [17, 16], "camera_position": [290, 227], "world_position": [0.7726883522903937, 0.6202789988981307, -0.06247946346918261], "world_orientation": [0.03298613757310775, 0.0005106942941888928, -0.9994556788168978, -0.015318346590233964, 0.9998826672311012, 5.34419395326665e-06, 0.99933841264396, 0.015309832205377839, 0.03299009021045106], "world_rotation": [-0.007656396232568236, 0.9999393341428137, 0.00791881498434934, -1.5378609252155382]}, {"color": "CVPurple", "id_name": "object65340723283587", "shape": "CVBox", "id_string": "ob12546", "world_size": [0.04, 0.04, 0.04], "id": 12546, "camera_size": [19, 18], "camera_position": [295, 244], "world_position": [0.7289185429228562, 0.619987443185386, -0.05111746774894151], "world_orientation": [0.9832732942056884, 3.7962371141401435e-10, -0.18213629210537274, -2.926706998561136e-10, 1.0, 5.042840566660454e-10, 0.18213629210537274, -4.425430895337535e-10, 0.9832732942056884], "world_rotation": [2.5992270273406674e-09, 1.0, 1.8455805910476649e-09, -0.18315864904537446]}, {"color": "CVBlue", "id_name": "object91430775195481", "shape": "CVSphere", "id_string": "ob12553", "world_size": [0.04, 0.04, 0.04], "id": 12553, "camera_size": [17, 16], "camera_position": [219, 224], "world_position": [0.7800077158142226, 0.6199692108229844, -0.24498111659203944], "world_orientation": [0.9999999524086947, 0.0003063212653679697, 3.674086139690812e-05, -0.00030628624393553303, 0.999999502367556, -0.0009494489860702382, -3.703167952826437e-05, 0.0009494376876642859, 0.9999995485982641], "world_rotation": [0.9510494763971853, 0.036948669654619, -0.30682191782105994, 0.0009983113582803236]}, {"color": "CVYellow", "id_name": "object168355771280492", "shape": "CVCapsule", "id_string": "ob12560", "world_size": [0.04, 0.08, 0.04], "id": 12560, "camera_size": [18, 21], "camera_position": [235, 222], "world_position": [0.784517049429374, 0.641220407663096, -0.2016519016852188], "world_orientation": [0.9946678985293274, 0.06834903828909693, 0.0772281075788305, -0.06861200220298218, 0.9976431351353175, 0.0007537048975584629, -0.07699457636061013, -0.00604846115389656, 0.9970131650729191], "world_rotation": [-0.03296076809164297, 0.7473057966162568, -0.6636622892032896, 0.10336978539611844]}, {"color": "CVGreen", "id_name": "object252451402381882", "shape": "CVSphere", "id_string": "ob12567", "world_size": [0.04, 0.04, 0.04], "id": 12567, "camera_size": [19, 21], "camera_position": [255, 170], "world_position": [0.9195262345542722, 0.6199894390955533, -0.15265417837881268], "world_orientation": [0.9687697288856326, 0.00040079372880804254, 0.24796179495891074, -0.0002162447284721912, 0.9999996790137775, -0.000771498904561189, -0.24796202457851352, 0.000693784353584939, 0.9687695045934278], "world_rotation": [0.002954638737525247, 0.9999948610077045, -0.0012442138530468225, 0.25057721010442097]}, {"color": "CVRed", "id_name": "object70617088317564", "shape": "CVCone", "id_string": "ob12574", "world_size": [0.04, 0.04, 0.04], "id": 12574, "camera_size": [18, 19], "camera_position": [287, 207], "world_position": [0.8249586549027109, 0.6203422941483429, -0.06874715696342913], "world_orientation": [0.9959045937031898, -0.0008285641707113075, -0.09040660220525572, -0.0008710688964828532, 0.9998236587397699, -0.018758802285812545, 0.09040620266254919, 0.018760727748028314, 0.9957282528955892], "world_rotation": [-0.20317670505776897, 0.9791420599394215, 0.00023017266271345966, -0.09246396167316444]}, {"color": "CVPurple", "id_name": "object211724995717716", "shape": "CVCylinder", "id_string": "ob12581", "world_size": [0.04, 0.04, 0.04], "id": 12581, "camera_size": [20, 19], "camera_position": [305, 217], "world_position": [0.8000200516228099, 0.6199810588166893, -0.023712731135635826], "world_orientation": [0.9849855785160603, 9.547650084673569e-05, 0.17263661546618622, -0.00010234347706790576, 0.999999994286239, 3.087611890140758e-05, -0.17263661153183804, -4.8080763334478065e-05, 0.9849855826594852], "world_rotation": [-0.00022867937922321373, 0.9999998097242283, -0.000572937386412021, 0.17350588219482452]}, {"color": "CVRed", "id_name": "object231468359573093", "shape": "CVCylinder", "id_string": "ob12588", "world_size": [0.04, 0.04, 0.04], "id": 12588, "camera_size": [20, 21], "camera_position": [232, 272], "world_position": [0.6616328220307796, 0.6601559536893004, -0.2073217217559209], "world_orientation": [0.9652741489595251, 0.06665402914795317, 0.2525926716055087, -0.06514308807379675, 0.9977727514286491, -0.014349724133683083, -0.2529865518692132, -0.002603248902248392, 0.9674662927815517], "world_rotation": [0.0224766592017451, 0.9674163254619409, -0.25219130242901866, 0.26437273859532523]}, {"color": "CVGreen", "id_name": "object268364962140775", "shape": "CVCylinder", "id_string": "ob12595", "world_size": [0.04, 0.04, 0.04], "id": 12595, "camera_size": [17, 17], "camera_position": [256, 228], "world_position": [0.7711723866564949, 0.6199816695614163, -0.15059447461826095], "world_orientation": [0.053172064035888325, 0.000446825196434072, -0.9985852652394824, -0.00014572948350724774, 0.9999998927140817, 0.000439698467773562, 0.9985853545736996, 0.0001221436398563599, 0.0531721234468797], "world_rotation": [0.00015900234400388687, 0.9999999433445537, 0.00029669705757302714, -1.5175991995168485]}, {"color": "CVGreen", "id_name": "object64518839452181", "shape": "CVCone", "id_string": "ob12602", "world_size": [0.04, 0.04, 0.04], "id": 12602, "camera_size": [17, 18], "camera_position": [272, 281], "world_position": [0.6367885906136906, 0.6599831457684922, -0.11096326061757472], "world_orientation": [0.9997636604305616, 0.0013781955036084232, -0.021696171543351704, -0.0014201591540776055, 0.9999971505561308, -0.0019188610153507335, 0.021693465155705305, 0.0019492195291902841, 0.9997627689170893], "world_rotation": [-0.08861277593388538, 0.994001058249023, 0.06410672461695092, -0.021827482953736273]}, {"color": "CVBlue", "id_name": "object141531209891810", "shape": "CVBox", "id_string": "ob12609", "world_size": [0.04, 0.04, 0.04], "id": 12609, "camera_size": [19, 19], "camera_position": [234, 256], "world_position": [0.6997920631084891, 0.7016308943643126, -0.2031271289296744], "world_orientation": [0.9917283255954936, 0.06738558976139279, 0.10924335450757569, -0.06803853894188873, 0.9976801423829432, 0.0022562609342158427, -0.10883788600580069, -0.009670356108202667, 0.9940124741584128], "world_rotation": [-0.04640975221798902, 0.8486141794962071, -0.5269725887150529, 0.128848803105904]}, {"color": "CVBlue", "id_name": "object208088862244698", "shape": "CVCone", "id_string": "ob12616", "world_size": [0.04, 0.04, 0.04], "id": 12616, "camera_size": [18, 18], "camera_position": [256, 219], "world_position": [0.7903853987573806, 0.6599835332178832, -0.1494524037881747], "world_orientation": [0.000768262666816677, -0.1164364151264154, -0.9931978508862089, 0.9999986212666687, 0.0015515946771846312, 0.0005916237989463391, 0.0014721539445733955, -0.9931969360537047, 0.11643744662391353], "world_rotation": [0.5535235848156292, 0.554014534906849, -0.621835618282519, -2.027087043587422]}, {"color": "CVRed", "id_name": "object187818092510373", "shape": "CVBox", "id_string": "ob12623", "world_size": [0.04, 0.04, 0.04], "id": 12623, "camera_size": [19, 19], "camera_position": [273, 263], "world_position": [0.6832980854084731, 0.6599654915453634, -0.1074173775359367], "world_orientation": [0.9782148483230084, 0.00024754113643257996, -0.20759491622816628, -0.0003082379028920032, 0.9999999186858027, -0.0002600341959318542, 0.20759483497859194, 0.0003183579331614854, 0.9782148450818141], "world_rotation": [-0.0013930764137943211, 0.9999981337262072, 0.0013386120453921283, -0.20911602438524107]}, {"color": "CVGreen", "id_name": "object74855596547305", "shape": "CVSphere", "id_string": "ob12630", "world_size": [0.04, 0.04, 0.04], "id": 12630, "camera_size": [18, 19], "camera_position": [231, 238], "world_position": [0.7450662231454166, 0.661171201852043, -0.2095195291085473], "world_orientation": [0.9946171425818549, 0.06768113420167535, 0.07846020491612951, -0.06777280887466196, 0.9976996570489118, -0.0014968973654345106, -0.07838103124828585, -0.0038286286917009037, 0.9969161226215555], "world_rotation": [-0.011250838369159969, 0.7567747526601124, -0.6535789105932172, 0.10381113847357801]}, {"color": "CVPurple", "id_name": "object175173346226523", "shape": "CVCone", "id_string": "ob12637", "world_size": [0.04, 0.04, 0.04], "id": 12637, "camera_size": [21, 23], "camera_position": [259, 197], "world_position": [0.8471369159799458, 0.6599674411108939, -0.14248801561850932], "world_orientation": [0.9276199854997431, -2.2351944006238044e-05, -0.37352531641355585, -4.347284338126294e-06, 0.9999999974957834, -7.063663592683426e-05, 0.3735253170570337, 6.714777595213895e-05, 0.9276199830796115], "world_rotation": [-0.00018443784573921103, 0.9999999827009115, -2.4100989343925604e-05, -0.38280652228442075]}, {"color": "CVGreen", "id_name": "object62852650638391", "shape": "CVBox", "id_string": "ob12644", "world_size": [0.04, 0.04, 0.04], "id": 12644, "camera_size": [17, 17], "camera_position": [293, 212], "world_position": [0.8089123781506815, 0.6602415611621169, -0.05859724303642958], "world_orientation": [-0.018610544842484932, -0.00010173050774476853, -0.9998268036372949, -0.013853350728532703, 0.999904025543787, 0.0001561247009677575, 0.9997308299208635, 0.013853856944323624, -0.018610168013967428], "world_rotation": [-0.006850058593895082, 0.9999528906244608, 0.0068770072738924765, -1.5894557532208407]}, {"color": "CVBlue", "id_name": "object146540591241462", "shape": "CVSphere", "id_string": "ob12651", "world_size": [0.04, 0.04, 0.04], "id": 12651, "camera_size": [18, 19], "camera_position": [227, 238], "world_position": [0.7440376572631697, 0.7012844712585881, -0.2186494887166844], "world_orientation": [0.9972088277403215, 0.0315540438629949, 0.06766754164787045, -0.06750406684154524, -0.00621882480482526, 0.9976996177096086, 0.03190227008578356, -0.9994827004675665, -0.004071440707493572], "world_rotation": [-0.9986125201399342, 0.017883018311869652, -0.0495301148376109, 1.5773370923182128]}, {"color": "CVRed", "id_name": "object155615359560905", "shape": "CVCapsule", "id_string": "ob12658", "world_size": [0.04, 0.08, 0.04], "id": 12658, "camera_size": [25, 36], "camera_position": [330, 298], "world_position": [0.591473356728924, 0.6199748863778484, 0.038379101351729894], "world_orientation": [0.2644244709604887, 0.9644063973021259, -4.96677532435541e-10, 4.275154674715509e-10, 3.977908002994468e-10, 1.0, 0.9644063973021257, -0.26442447096048877, -3.0711300169627975e-10], "world_rotation": [0.6798640719791655, 0.5185483796847062, 0.5185483791877801, -1.9474252462714512]}, {"color": "CVBlue", "id_name": "object67437042050733", "shape": "CVCapsule", "id_string": "ob12665", "world_size": [0.04, 0.08, 0.04], "id": 12665, "camera_size": [36, 24], "camera_position": [326, 261], "world_position": [0.6858773325196567, 0.6199748863742179, 0.029578729255419347], "world_orientation": [0.962495718064418, -0.27129687190909607, 6.652087214398251e-11, -2.2201368521379555e-10, -5.424551120791766e-10, 1.0, -0.27129687190909607, -0.9624957180644181, -5.823423375461713e-10], "world_rotation": [-0.9814204289239583, 0.1356722921783712, 0.13567229203407857, 1.5895495675083255]}, {"color": "CVRed", "id_name": "object191102517845271", "shape": "CVCone", "id_string": "ob12672", "world_size": [0.04, 0.04, 0.04], "id": 12672, "camera_size": [18, 15], "camera_position": [370, 263], "world_position": [0.676695618540081, 0.019987443181761832, 0.2538661283465531], "world_orientation": [0.9078804885181124, -5.393633620949391e-10, 0.4192290764821943, 5.858763247444892e-10, 1.0, 1.7789028941633127e-11, -0.4192290764821943, 2.2946607826962165e-10, 0.9078804885181124], "world_rotation": [2.5245988554061917e-10, 1.0, 1.3420344031018325e-09, 0.43259600694763467]}], "source": "manual check"}
