{"timestamp": 1721661033.403775, "objects": [{"color": "cv_", "id_name": "hand", "shape": "CVBox", "id_string": "ob383", "world_size": [0.005, 0.09, 0.5], "id": 383, "camera_size": [3, 208], "camera_position": [246, 271], "world_position": [0.6633571478270477, 0.665705292327258, -0.17409589100732623], "world_orientation": [-4.131934179867293e-07, -0.0016621057833537027, 0.9999986187011431, -0.0007633195413017699, -0.9999983273727032, -0.0016621056145329888, 0.9999997086715112, -0.0007633191737008076, -8.555250969143485e-07], "world_rotation": [0.0, 1.0, 0.0, 0.0]}, {"color": "CVPurple", "id_name": "object188279170848645", "shape": "CVSphere", "id_string": "ob7219", "world_size": [0.04, 0.04, 0.04], "id": 7219, "camera_size": [23, 24], "camera_position": [274, 170], "world_position": [0.9182982308362482, 0.6199916868035774, -0.10394414619745457], "world_orientation": [0.6550306503576441, 0.0001229409075441071, -0.7556022974935791, -0.0007087796583597082, 0.99999964678366, -0.0004517343814179699, 0.7556019750658661, 0.0008314554039224306, 0.6550305061281295], "world_rotation": [-0.0008491169272796538, 0.999999488047016, 0.0005503691031083112, -0.8565734720636423]}, {"color": "CVGreen", "id_name": "object85047228985561", "shape": "CVSphere", "id_string": "ob7226", "world_size": [0.04, 0.04, 0.04], "id": 7226, "camera_size": [17, 17], "camera_position": [219, 295], "world_position": [0.6, 0.6199874431539305, -0.245], "world_orientation": [1.0, 3.2526065174562914e-18, -5.85631424552212e-17, -3.2526065174562914e-18, 1.0, 6.830473686658622e-17, 5.85631424552212e-17, -6.830473686658622e-17, 1.0], "world_rotation": [0.7586719037870137, 0.650470418545561, 0.03612723351366515, -9.003198421561925e-17]}, {"color": "CVYellow", "id_name": "object262264558372159", "shape": "CVBox", "id_string": "ob7233", "world_size": [0.04, 0.04, 0.04], "id": 7233, "camera_size": [16, 17], "camera_position": [236, 295], "world_position": [0.5998582003620425, 0.6199874431850373, -0.19987983470470308], "world_orientation": [0.9999817820384236, -6.120798176224368e-10, -0.006036190127772686, 6.12124932877894e-10, 1.0, 5.6266595701864994e-12, 0.006036190127772686, -9.32145954072868e-12, 0.9999817820384236], "world_rotation": [1.238208107638821e-09, 0.9999999999999949, -1.0140541671042823e-07, -0.0060362267837331075]}, {"color": "CVGreen", "id_name": "object140582423587350", "shape": "CVCylinder", "id_string": "ob7240", "world_size": [0.04, 0.04, 0.04], "id": 7240, "camera_size": [16, 16], "camera_position": [255, 292], "world_position": [0.6065923444268676, 0.6199874431834282, -0.1511397627566175], "world_orientation": [0.9999921228618474, -3.024099908325926e-10, 0.003969157877441187, 3.0407160486279874e-10, 1.0, -4.1802792113757853e-10, -0.003969157877441187, 4.192315364796342e-10, 0.9999921228618474], "world_rotation": [1.0547066701173462e-07, 0.9999999999999915, 7.639927843917979e-08, 0.003969168299342375]}, {"color": "CVRed", "id_name": "object150713971715344", "shape": "CVCapsule", "id_string": "ob7247", "world_size": [0.04, 0.08, 0.04], "id": 7247, "camera_size": [18, 18], "camera_position": [272, 295], "world_position": [0.6008956836318076, 0.6399748863942635, -0.10911399905012319], "world_orientation": [0.9990270307697493, 4.842698067213634e-10, -0.0441020610785792, -4.927918683207905e-10, 1.0, -1.8236313854589817e-10, 0.0441020610785792, 2.039188418990727e-10, 0.9990270307697493], "world_rotation": [-4.379409612588286e-09, 1.0, 1.107727905620178e-08, -0.044116369963716054]}, {"color": "CVYellow", "id_name": "object86137765322109", "shape": "CVCone", "id_string": "ob7254", "world_size": [0.04, 0.04, 0.04], "id": 7254, "camera_size": [16, 17], "camera_position": [289, 295], "world_position": [0.6002020228456457, 0.6199874431378708, -0.0650000062447046], "world_orientation": [0.9999999999998793, -5.654519088912058e-10, -4.916434271824104e-07, 5.654519086195999e-10, 1.0, -5.52371622244726e-13, 4.916434271824106e-07, 5.52093514573953e-13, 0.9999999999998793], "world_rotation": [-1.1232372338024324e-06, 0.9999993386050695, -0.0011501252808543744, -4.916437523531156e-07]}, {"color": "CVRed", "id_name": "object30164939111849", "shape": "CVSphere", "id_string": "ob7261", "world_size": [0.04, 0.04, 0.04], "id": 7261, "camera_size": [17, 16], "camera_position": [219, 277], "world_position": [0.6450015338140237, 0.619985978662452, -0.24500165558782014], "world_orientation": [0.9999999488101533, 0.0003190415712373322, 2.4334480037000253e-05, -0.00031904333779959567, 0.9999999464684248, 7.262572608063892e-05, -2.431130810857287e-05, -7.263348611667485e-05, 0.9999999970666685], "world_rotation": [-0.22135895154712953, 0.07413079348427706, -0.9723707317825578, 0.000328107839751613]}, {"color": "CVYellow", "id_name": "object227610657496466", "shape": "CVCylinder", "id_string": "ob7268", "world_size": [0.04, 0.04, 0.04], "id": 7268, "camera_size": [16, 16], "camera_position": [236, 277], "world_position": [0.6449301679163921, 0.6199857642867702, -0.20000084650269206], "world_orientation": [0.9999999826772294, 0.00010258234793718005, 0.00015531388488871967, -0.00010261116731333265, 0.9999999775193841, 0.00018555910060448364, -0.0001552948463089693, -0.00018557503432909545, 0.9999999707227083], "world_rotation": [-0.7060291163033048, 0.5908882728958423, -0.39035104186634745, 0.00026283203527768936]}, {"color": "CVBlue", "id_name": "object180129740987129", "shape": "CVCapsule", "id_string": "ob7275", "world_size": [0.04, 0.08, 0.04], "id": 7275, "camera_size": [17, 28], "camera_position": [256, 270], "world_position": [0.6646216104035185, 0.6443618014387202, -0.15081949853101753], "world_orientation": [0.9383003856899128, 0.34444512786438103, -0.030821098368671883, -0.34452523144217334, 0.9387727609383082, 0.002840461227196713, 0.029912390641304874, 0.00795344018375276, 0.9995208810602036], "world_rotation": [-0.007392319942451538, 0.08780818106193022, 0.9961099723145349, -0.3531237228499829]}, {"color": "CVPurple", "id_name": "object114905617314245", "shape": "CVCone", "id_string": "ob7282", "world_size": [0.04, 0.04, 0.04], "id": 7282, "camera_size": [16, 16], "camera_position": [271, 277], "world_position": [0.6459195695128722, 0.6199623295731399, -0.109627077702637], "world_orientation": [0.9999537732142135, -2.7277103993885694e-05, 0.009615128216355049, 2.69457587788036e-05, 0.9999999990387165, 3.459036605609736e-05, -0.009615129150637194, -3.4329680129110294e-05, 0.9999537729879765], "world_rotation": [-0.0035839005313858733, 0.9999896026048052, 0.002819634597778512, 0.00961537682184292]}, {"color": "CVPurple", "id_name": "object166358795196112", "shape": "CVBox", "id_string": "ob7289", "world_size": [0.04, 0.04, 0.04], "id": 7289, "camera_size": [16, 16], "camera_position": [289, 278], "world_position": [0.6434017700540619, 0.6199874431868566, -0.06481881303701303], "world_orientation": [0.9999182610846264, 5.267135944995731e-10, 0.012785583658823632, -5.236129674586467e-10, 1.0, -2.458571060064127e-10, -0.012785583658823632, 2.3914231251294173e-10, 0.9999182610846264], "world_rotation": [1.896665148268943e-08, 0.999999999999999, -4.1074642737696367e-08, 0.012785932030127432]}, {"color": "CVPurple", "id_name": "object39909890746987", "shape": "CVCone", "id_string": "ob7296", "world_size": [0.04, 0.04, 0.04], "id": 7296, "camera_size": [17, 16], "camera_position": [220, 259], "world_position": [0.6904457136220586, 0.6199807042703606, -0.24154120936055962], "world_orientation": [0.999699670170916, -1.5140960453050581e-05, 0.024506514050618232, 1.9867363668962052e-05, 0.9999999812514746, -0.00019261967361400824, -0.024506510674710366, 0.0001930487040072557, 0.9996996517288321], "world_rotation": [0.00786844603828813, 0.9999687882195368, 0.0007142434413315236, 0.024509731147270127]}, {"color": "CVGreen", "id_name": "object164066665750032", "shape": "CVCone", "id_string": "ob7303", "world_size": [0.04, 0.04, 0.04], "id": 7303, "camera_size": [16, 16], "camera_position": [236, 260], "world_position": [0.6893161245062883, 0.6199809087126232, -0.19958189551197658], "world_orientation": [0.9997725332958921, -5.507270098557042e-05, -0.02132788395767491, 5.713645803158374e-05, 0.9999999937449194, 9.61539716164324e-05, 0.02132787852880835, -9.735069953607197e-05, 0.9997725301888936], "world_rotation": [0.004536362716971832, 0.999986250746299, -0.0026305382833214054, -0.02132979182001445]}, {"color": "CVGreen", "id_name": "object241625577442691", "shape": "CVCylinder", "id_string": "ob7310", "world_size": [0.04, 0.04, 0.04], "id": 7310, "camera_size": [16, 16], "camera_position": [255, 254], "world_position": [0.7044763018318947, 0.6199883524484633, -0.15119704277436322], "world_orientation": [0.9997504165325196, 0.0009910729143601431, -0.02231865626627264, -0.0010026317488324367, 0.9999993689840524, -0.0005067159694430124, 0.02231813999037201, 0.0005289668948781722, 0.9997507793552323], "world_rotation": [-0.023173112325436493, 0.9987357415445962, 0.044608580189447446, -0.022348510372451284]}, {"color": "CVYellow", "id_name": "object255675696502459", "shape": "CVBox", "id_string": "ob7317", "world_size": [0.04, 0.04, 0.04], "id": 7317, "camera_size": [17, 15], "camera_position": [272, 260], "world_position": [0.689996261358173, 0.6199644422917358, -0.1093964022936424], "world_orientation": [0.9999999182259863, 0.00039889722822280047, -6.655089827420323e-05, -0.0003989525816771765, 0.999999572793288, -0.0008338165740502782, 6.62182627229992e-05, 0.0008338430565184278, 0.9999996501603884], "world_rotation": [-0.8997592219964103, 0.07163348852140806, 0.43046717151795416, -0.0009267256330931691]}, {"color": "CVYellow", "id_name": "object157626561033504", "shape": "CVSphere", "id_string": "ob7324", "world_size": [0.04, 0.04, 0.04], "id": 7324, "camera_size": [17, 16], "camera_position": [289, 261], "world_position": [0.6852857775270024, 0.6199874431799324, -0.065342692938448], "world_orientation": [0.9998119405366046, -8.409916558911303e-11, 0.019392873960024707, 9.548188778501995e-11, 1.0, -5.860279372078073e-10, -0.019392873960024707, 5.877693973236815e-10, 0.9998119405366046], "world_rotation": [3.026362510660057e-08, 0.9999999999999994, 4.630078392308184e-09, 0.019394089722636343]}, {"color": "CVGreen", "id_name": "object16356808151674", "shape": "CVSphere", "id_string": "ob7331", "world_size": [0.04, 0.04, 0.04], "id": 7331, "camera_size": [16, 16], "camera_position": [218, 242], "world_position": [0.7343238430779179, 0.6199831985457259, -0.24538978339162354], "world_orientation": [0.9999976719007837, -0.00017696698345162263, 0.0021505524172744897, 0.00017731033159096754, 0.9999999715657918, -0.00015946617830163881, -0.0021505241358766984, 0.0001598471222107613, 0.9999976748447161], "world_rotation": [0.0737880444179875, 0.993907949464698, 0.08186765229227534, 0.00216372145505078]}, {"color": "CVRed", "id_name": "object26901500229179", "shape": "CVCone", "id_string": "ob7338", "world_size": [0.04, 0.04, 0.04], "id": 7338, "camera_size": [17, 16], "camera_position": [235, 240], "world_position": [0.7395071688208901, 0.6199827145876821, -0.20229993790750658], "world_orientation": [0.998616752279024, 5.650995475678989e-05, 0.05257926277839424, -7.092335382807159e-05, 0.9999999604218393, 0.0002722612677288743, -0.052579245311931797, -0.00027561376060882947, 0.9986167167634852], "world_rotation": [-0.00520991786978919, 0.9999856940412728, -0.0012118038553737465, 0.05260426405795607]}, {"color": "CVRed", "id_name": "object272736368012516", "shape": "CVCone", "id_string": "ob7345", "world_size": [0.04, 0.04, 0.04], "id": 7345, "camera_size": [22, 24], "camera_position": [264, 154], "world_position": [0.9588126768808336, 0.61997488617652, -0.12930896379849774], "world_orientation": [0.8647931736754803, -0.00014335537819631713, 0.5021282169063258, 0.00014469543737724108, 0.9999999888730234, 3.6293021347531435e-05, -0.5021282165219566, 4.1269704851311324e-05, 0.8647931847958161], "world_rotation": [4.955590159388108e-06, 0.9999999588520155, 0.0002868299312133991, 0.5260580007658948]}, {"color": "CVGreen", "id_name": "object268101696885443", "shape": "CVSphere", "id_string": "ob7352", "world_size": [0.04, 0.04, 0.04], "id": 7352, "camera_size": [16, 16], "camera_position": [271, 241], "world_position": [0.7363740504613944, 0.6199642801211919, -0.11052495691967083], "world_orientation": [0.9998535049049221, 0.0003334696684595479, -0.01711308059127142, -0.00033810255844207054, 0.9999999069769611, -0.0002678296646822915, 0.017112989686291175, 0.0002735764052808313, 0.9998535246424586], "world_rotation": [-0.015813506702254794, 0.9996825335980167, 0.019615428234634094, -0.017119305859805395]}, {"color": "CVRed", "id_name": "object211667470406917", "shape": "CVCone", "id_string": "ob7359", "world_size": [0.04, 0.04, 0.04], "id": 7359, "camera_size": [16, 16], "camera_position": [289, 242], "world_position": [0.735000028055625, 0.6199874431950857, -0.06500003374949681], "world_orientation": [0.9999999999997163, 2.1244922256530237e-10, 7.532725957768123e-07, -2.1244922974571238e-10, 1.0, 9.533813962898366e-12, -7.532725957768102e-07, -9.533973968092419e-12, 0.9999999999997163], "world_rotation": [-1.2656631396127218e-05, 0.9999999601480405, -0.0002820349749613571, 7.532726257962727e-07]}, {"color": "CVPurple", "id_name": "object99783592667872", "shape": "CVCapsule", "id_string": "ob7366", "world_size": [0.04, 0.08, 0.04], "id": 7366, "camera_size": [16, 33], "camera_position": [218, 198], "world_position": [0.8479187824090468, 0.6199597123773003, -0.24580497731239973], "world_orientation": [0.0001269418173221091, 0.9999920182636792, -0.003993406404159238, -0.9999998733880862, 0.0001288853354203439, 0.00048642818817416333, 0.00048693899715649585, 0.003993344150468206, 0.9999919080137145], "world_rotation": [-0.0017534579945988303, 0.002240172717843551, 0.9999959534974405, -1.5706724592113515]}, {"color": "CVPurple", "id_name": "object147151039326946", "shape": "CVBox", "id_string": "ob7373", "world_size": [0.04, 0.04, 0.04], "id": 7373, "camera_size": [17, 16], "camera_position": [236, 224], "world_position": [0.7804779829100872, 0.6199774980902606, -0.20091191098162134], "world_orientation": [0.9999959777326884, -2.5943630017740707e-05, 0.0028361673739128045, 2.6031541267477238e-05, 0.9999999991819315, -3.0959585089967286e-05, -0.0028361665683886046, 3.103329037027621e-05, 0.9999959775899757], "world_rotation": [0.01092787771577294, 0.999898314512778, 0.009161993403991455, 0.0028364592009540467]}, {"color": "CVRed", "id_name": "object149197829804243", "shape": "CVCapsule", "id_string": "ob7380", "world_size": [0.04, 0.08, 0.04], "id": 7380, "camera_size": [17, 35], "camera_position": [254, 131], "world_position": [1.0185191599177958, 0.619974886381223, -0.15619775561844432], "world_orientation": [1.051141531129875e-10, 0.9993298362522535, 0.03660434914111166, -1.0, 8.039675652646296e-11, 6.767303939447801e-10, 6.733339996678468e-10, -0.03660434914111166, 0.9993298362522535], "world_rotation": [-0.01830217593640338, 0.018302175261371144, -0.9996649742472199, 1.571131408582285]}, {"color": "CVRed", "id_name": "object40662674225034", "shape": "CVSphere", "id_string": "ob7387", "world_size": [0.04, 0.04, 0.04], "id": 7387, "camera_size": [17, 17], "camera_position": [273, 225], "world_position": [0.7798383306192099, 0.6199874431505695, -0.10772326692581907], "world_orientation": [0.9989250534674441, -5.171092850699069e-10, -0.04635447718467247, 5.035517966497098e-10, 1.0, -3.0415141177839613e-10, 0.04635447718467247, 2.8048258500383205e-10, 0.9989250534674441], "world_rotation": [-6.306122216124818e-09, 0.9999999999999998, -1.1009304210825049e-08, -0.04637109385787877]}, {"color": "CVRed", "id_name": "object192596782543951", "shape": "CVSphere", "id_string": "ob7394", "world_size": [0.04, 0.04, 0.04], "id": 7394, "camera_size": [16, 16], "camera_position": [289, 224], "world_position": [0.78, 0.6199874431539305, -0.065], "world_orientation": [1.0, 4.228388472693457e-17, -1.6957377686420176e-17, -4.228388472693457e-17, 1.0, 1.0733601507606494e-16, 1.6957377686420176e-17, -1.0733601507606494e-16, 1.0], "world_rotation": [0.92051720276698, 0.14542702990328832, 0.3626279889688094, -1.1660402951017529e-16]}, {"color": "CVBlue", "id_name": "object215109053532351", "shape": "CVCone", "id_string": "ob7401", "world_size": [0.04, 0.04, 0.04], "id": 7401, "camera_size": [21, 21], "camera_position": [232, 272], "world_position": [0.6604499756205643, 0.6599788663150182, -0.20872567288714652], "world_orientation": [0.9512715876987571, 0.0004056985897798158, 0.30835402031713527, -0.00041699013294367376, 0.9999999126310386, -2.9277025494988856e-05, -0.3083540052542127, -0.00010073018140004347, 0.9512716737594553], "world_rotation": [-0.00011586210797543631, 0.9999991035107109, -0.0013339991553210024, 0.3134625347319291]}, {"color": "CVRed", "id_name": "object227307633158528", "shape": "CVCone", "id_string": "ob7408", "world_size": [0.04, 0.04, 0.04], "id": 7408, "camera_size": [20, 23], "camera_position": [256, 266], "world_position": [0.6763311376250234, 0.7043643041868172, -0.14843810302535376], "world_orientation": [0.9335053086128675, 0.31964866411735626, -0.16245790322291032, -0.3151569171020461, 0.9475351948112616, 0.05341509334185178, 0.17100864420937623, 0.0013364587439244797, 0.9852686219928537], "world_rotation": [0.07243699404933696, 0.4638238789956073, 0.8829610926686209, -0.3677056517579147]}, {"color": "CVBlue", "id_name": "object162955344331235", "shape": "CVCapsule", "id_string": "ob7415", "world_size": [0.04, 0.08, 0.04], "id": 7415, "camera_size": [18, 18], "camera_position": [272, 278], "world_position": [0.645485933540081, 0.6799495771323985, -0.11017284608574984], "world_orientation": [0.9967961284166883, -0.00010204916147654169, -0.07998417318113389, 0.00010126077698015517, 0.9999999947763434, -1.3912883573446737e-05, 0.07998417418312213, 5.769048958686896e-06, 0.996796133543345], "world_rotation": [-0.00012303631819363193, 0.9999991847896256, -0.001270937507739448, -0.08006976825084676]}, {"color": "CVBlue", "id_name": "object108781967880311", "shape": "CVSphere", "id_string": "ob7422", "world_size": [0.04, 0.04, 0.04], "id": 7422, "camera_size": [19, 19], "camera_position": [232, 255], "world_position": [0.703154996339196, 0.659985815284194, -0.2093060722835121], "world_orientation": [0.9767706907107943, 0.0004774221039499338, 0.2142867000924056, -0.000532214182704515, 0.9999998387716297, 0.00019800196583421914, -0.21428657101279505, -0.0003074489378841123, 0.9767707873184625], "world_rotation": [-0.0011793762786817849, 0.9999965296336653, -0.0023557996984810508, 0.21596220320204754]}, {"color": "CVRed", "id_name": "object261286585319623", "shape": "CVCone", "id_string": "ob7429", "world_size": [0.04, 0.04, 0.04], "id": 7429, "camera_size": [20, 21], "camera_position": [256, 175], "world_position": [0.9060019656077992, 0.6199922696670701, -0.14897476800492498], "world_orientation": [0.2621687802159667, 0.0007194816502092846, -0.9650217681618519, -0.0009715317825274763, 0.9999994120828443, 0.0004816222184632166, 0.9650215473273475, 0.0008112830090606916, 0.2621693250817332], "world_rotation": [-0.00017080479832343995, 0.9999996015909602, 0.0008761527502780991, -1.3055274406398112]}, {"color": "CVRed", "id_name": "object9213154784915", "shape": "CVSphere", "id_string": "ob7436", "world_size": [0.04, 0.04, 0.04], "id": 7436, "camera_size": [17, 17], "camera_position": [272, 261], "world_position": [0.6874014047868309, 0.6599508626382266, -0.10979500188733098], "world_orientation": [0.9989919013164315, 0.00048300734764543125, -0.04488817002377514, -0.0005222047001742101, 0.9999994925597705, -0.0008615001176224337, 0.04488773113482502, 0.0008840724538565994, 0.9989916466164591], "world_rotation": [-0.019438772886927067, 0.9997483816227589, 0.01119408555108795, -0.044914347473933414]}, {"color": "CVRed", "id_name": "object37813758391072", "shape": "CVCapsule", "id_string": "ob7443", "world_size": [0.04, 0.08, 0.04], "id": 7443, "camera_size": [29, 37], "camera_position": [222, 211], "world_position": [0.8105886829560218, 0.6599500082043266, -0.23529721420946065], "world_orientation": [0.00013699042785224327, 0.9078169568855138, 0.4193666105268135, -0.9999998615232945, -8.872679356684844e-05, 0.0005187301305152604, 0.000508121063210243, -0.41936662351536935, 0.9078168190192909], "world_rotation": [-0.21016580332959164, 0.20965182556421916, -0.9549222204705562, 1.6168800951912754]}, {"color": "CVGreen", "id_name": "object157051988211498", "shape": "CVCylinder", "id_string": "ob7450", "world_size": [0.04, 0.04, 0.04], "id": 7450, "camera_size": [23, 25], "camera_position": [265, 154], "world_position": [0.9542517876913593, 0.6599657907964523, -0.12799595808598824], "world_orientation": [0.6511992882515506, -0.00013313744710663088, -0.7589067592630165, 7.104543594821518e-05, 0.9999999909244843, -0.00011447085892304367, 0.7589067676159043, 2.062648030034146e-05, 0.6511992918003892], "world_rotation": [-8.900786234500317e-05, 0.9999999869903997, -0.0001345243514981511, -0.861632679007976]}, {"color": "CVBlue", "id_name": "object46752023061740", "shape": "CVSphere", "id_string": "ob7457", "world_size": [0.04, 0.04, 0.04], "id": 7457, "camera_size": [17, 17], "camera_position": [272, 242], "world_position": [0.7349970604132993, 0.6599484460536764, -0.1103696695286362], "world_orientation": [0.99997793764611, 0.00019177066550279698, -0.0066398377272993345, -0.00019442842100887128, 0.9999999012463273, -0.0003996309856467816, 0.0066397604340909, 0.00040091314201162737, 0.9999778761802837], "world_rotation": [-0.06014918077012955, 0.997767546806576, 0.02901721200028745, -0.0066547044043979734]}, {"color": "CVRed", "id_name": "object164093503226483", "shape": "CVCapsule", "id_string": "ob7464", "world_size": [0.04, 0.08, 0.04], "id": 7464, "camera_size": [34, 36], "camera_position": [201, 142], "world_position": [0.9900708412487637, 0.6199748863623866, -0.288349138186814], "world_orientation": [2.852831859634364e-10, -0.7075278238885941, 0.7066854876276082, 1.0, 5.522283463843536e-10, 1.49194767651295e-10, -4.958111143871236e-10, 0.7066854876276084, 0.7075278238885944], "world_rotation": [0.35718255656693926, 0.35718255689294687, 0.8630418543360004, 1.7175587045773089]}, {"color": "CVBlue", "id_name": "object66286953036928", "shape": "CVSphere", "id_string": "ob7471", "world_size": [0.04, 0.04, 0.04], "id": 7471, "camera_size": [17, 17], "camera_position": [307, 224], "world_position": [0.7815346190212137, 0.6199874431807577, -0.019929673062715914], "world_orientation": [-0.06559265390782555, 0.9978464830590567, -5.976663053353094e-10, 2.373473639849522e-10, -5.833544758360177e-10, -1.0, -0.9978464830590568, -0.0655926539078255, -1.985726028053137e-10], "world_rotation": [0.5520912941036289, 0.5895740847102879, -0.5895740849231811, 2.1326978682800313]}, {"color": "CVYellow", "id_name": "object45478586964109", "shape": "CVSphere", "id_string": "ob7478", "world_size": [0.04, 0.04, 0.04], "id": 7478, "camera_size": [22, 23], "camera_position": [278, 140], "world_position": [0.996262581768655, 0.6199874431813148, -0.09243388621703645], "world_orientation": [-0.9008787611631931, 0.4340707980100371, -5.457463092550796e-10, -5.13397047097186e-10, 1.9176105148233091e-10, 1.0, 0.4340707980100371, 0.9008787611631932, 5.009748171858064e-11], "world_rotation": [0.15940507126087833, 0.698065191557689, 0.6980651915056655, -2.825442393463003]}, {"color": "CVPurple", "id_name": "object246851920615127", "shape": "CVBox", "id_string": "ob7485", "world_size": [0.04, 0.04, 0.04], "id": 7485, "camera_size": [18, 18], "camera_position": [272, 244], "world_position": [0.7285534868268377, 0.699941802964894, -0.10946276254096983], "world_orientation": [0.9968566583525273, 0.0001228556459104046, 0.0792261800462649, -8.459041615680466e-05, 0.999999878157385, -0.0004863431676262691, -0.07922623014314395, 0.00047811264935187814, 0.9968565472853154], "world_rotation": [0.006086604325905554, 0.9999806194656085, -0.0013091756787018858, 0.07931086145586823]}], "source": "manual check"}
