{"timestamp": 1721661250.210237, "objects": [{"color": "cv_", "id_name": "hand", "shape": "CVBox", "id_string": "ob383", "world_size": [0.005, 0.09, 0.5], "id": 383, "camera_size": [3, 208], "camera_position": [246, 271], "world_position": [0.6631991735230157, 0.6655927380007428, -0.17409524936000126], "world_orientation": [-1.3937202368098124e-06, -0.0016641476864158395, 0.999998615304309, -0.0007624938720363408, -0.9999983246054195, -0.001664148265353518, 0.9999997093005341, -0.0007624951355718442, 1.248154890754594e-07], "world_rotation": [0.0, 1.0, 0.0, 0.0]}, {"color": "CVBlue", "id_name": "object74550034078465", "shape": "CVCone", "id_string": "ob9403", "world_size": [0.04, 0.04, 0.04], "id": 9403, "camera_size": [16, 17], "camera_position": [255, 239], "world_position": [0.7434519772664253, 0.619987443177266, -0.15079126371970053], "world_orientation": [0.9997085325455766, -3.7133460785562764e-10, 0.024142285632680997, 3.621795349149268e-10, 1.0, 3.835857395064562e-10, -0.024142285632680997, -3.747300949651826e-10, 0.9997085325455766], "world_rotation": [-1.570513757498419e-08, 0.9999999999999998, 1.5191480913008682e-08, 0.02414463146968978]}, {"color": "CVRed", "id_name": "object251564586049877", "shape": "CVCylinder", "id_string": "ob9410", "world_size": [0.04, 0.04, 0.04], "id": 9410, "camera_size": [22, 22], "camera_position": [212, 295], "world_position": [0.599143597301436, 0.6199874431851552, -0.2611466621793415], "world_orientation": [0.9260209594782537, 2.0045797694700969e-10, 0.3774720951368125, 3.5659621542585475e-11, 1.0, -6.185345537075604e-10, -0.3774720951368125, 5.862364729501939e-10, 0.9260209594782537], "world_rotation": [1.5958411789632983e-09, 0.9999999999999999, -2.182921036119161e-10, 0.3870649154663389]}, {"color": "CVPurple", "id_name": "object55647908729948", "shape": "CVBox", "id_string": "ob9417", "world_size": [0.04, 0.04, 0.04], "id": 9417, "camera_size": [16, 17], "camera_position": [237, 313], "world_position": [0.5540551186896446, 0.6199874431974794, -0.19769253541143197], "world_orientation": [-8.321349205943179e-11, -0.9998732879968871, -0.015918792362927692, 1.0, -7.840948762938716e-11, -3.02406096691632e-10, 3.0111959453682507e-10, -0.015918792362927692, 0.9998732879968871], "world_rotation": [0.007959396046235278, 0.007959396347998124, -0.999936646005313, -1.570859682877307]}, {"color": "CVYellow", "id_name": "object209425435673651", "shape": "CVBox", "id_string": "ob9424", "world_size": [0.04, 0.04, 0.04], "id": 9424, "camera_size": [18, 19], "camera_position": [263, 327], "world_position": [0.5191694966721048, 0.6199874431801747, -0.1306740417072517], "world_orientation": [6.982264853100384e-11, -0.9883979120103257, -0.1518866930762167, 1.0, -2.1881950244828647e-11, 6.02098315649613e-10, -5.984363005140381e-10, -0.1518866930762167, 0.9883979120103256], "world_rotation": [0.07594462469838412, 0.0759446240981067, -0.9942156848742725, -1.5765974033024857]}, {"color": "CVBlue", "id_name": "object234355786615172", "shape": "CVCone", "id_string": "ob9431", "world_size": [0.04, 0.04, 0.04], "id": 9431, "camera_size": [16, 17], "camera_position": [274, 295], "world_position": [0.5998392638654848, 0.619987443179409, -0.10270643863345777], "world_orientation": [0.9999999832040262, 4.142052675581791e-11, 0.00018328106102880553, -4.1307012272229745e-11, 1.0, -6.193502839917812e-10, -0.00018328106102880553, 6.193427027961407e-10, 0.9999999832040262], "world_rotation": [3.3792170883006233e-06, 0.999999999994265, -2.2568490864031848e-07, 0.0001832810620559846]}, {"color": "CVBlue", "id_name": "object19724391489748", "shape": "CVSphere", "id_string": "ob9438", "world_size": [0.04, 0.04, 0.04], "id": 9438, "camera_size": [16, 17], "camera_position": [290, 295], "world_position": [0.6000150212171445, 0.6199874431830009, -0.06237370227153734], "world_orientation": [0.9999998172899708, -1.007590894338844e-11, -0.0006044998138709411, 1.0408954380321364e-11, 1.0, 5.509406742505449e-10, 0.0006044998138709411, -5.509468657991451e-10, 0.9999998172899708], "world_rotation": [9.114043666889216e-07, 0.9999999999995844, -1.6943647337561254e-08, -0.0006044998506872546]}, {"color": "CVRed", "id_name": "object170602295879764", "shape": "CVCylinder", "id_string": "ob9445", "world_size": [0.04, 0.04, 0.04], "id": 9445, "camera_size": [19, 18], "camera_position": [211, 275], "world_position": [0.6494419638876315, 0.619987443185737, -0.26562351645337906], "world_orientation": [0.9907569247674514, 5.732619361063312e-10, -0.13564923894126035, -6.008101250331186e-10, 1.0, -1.621450729270468e-10, 0.13564923894126035, 2.4214579002834107e-10, 0.9907569247674514], "world_rotation": [-1.490206897255267e-09, 1.0, 4.327602831770599e-09, -0.13606872901009054]}, {"color": "CVYellow", "id_name": "object228522346360195", "shape": "CVSphere", "id_string": "ob9452", "world_size": [0.04, 0.04, 0.04], "id": 9452, "camera_size": [18, 18], "camera_position": [234, 270], "world_position": [0.6630058951521005, 0.6199823078939004, -0.20444950514320065], "world_orientation": [0.9849487929823709, -0.0003214056976977746, -0.17284609310293378, 0.0003126199409847052, 0.9999999480882987, -7.805237153910274e-05, 0.17284610921667595, 2.2842453711574803e-05, 0.9849488423298335], "world_rotation": [-0.00029186267604566215, 0.9999982754957218, -0.001834072452454007, -0.17371883638156166]}, {"color": "CVPurple", "id_name": "object82375292913623", "shape": "CVBox", "id_string": "ob9459", "world_size": [0.04, 0.04, 0.04], "id": 9459, "camera_size": [16, 16], "camera_position": [255, 271], "world_position": [0.6598971572470788, 0.6199858793738015, -0.15135125842452818], "world_orientation": [0.9999134581562835, 8.441994025647948e-06, -0.013155840021640162, -8.687137436751309e-06, 0.9999999997897207, -1.8576663412305454e-05, 0.013155839862049679, 1.8689342343967553e-05, 0.999913458019359], "world_rotation": [-0.001416327678300864, 0.999998785101593, 0.0006510078690514463, -0.013156235449448384]}, {"color": "CVPurple", "id_name": "object108723438136823", "shape": "CVCapsule", "id_string": "ob9466", "world_size": [0.04, 0.08, 0.04], "id": 9466, "camera_size": [17, 17], "camera_position": [272, 278], "world_position": [0.6450466622454384, 0.6399695777347577, -0.10989832169316216], "world_orientation": [0.9999994248663686, 0.001065681329340828, 0.00012079005205657292, -0.0010653831697259083, 0.9999964503809821, -0.0024421679176111375, -0.00012339219605080702, 0.0024420378253497037, 0.9999970106083446], "world_rotation": [0.9155941419185999, 0.04577445089200937, -0.3994897582290162, 0.002667236120521575]}, {"color": "CVGreen", "id_name": "object46533104193770", "shape": "CVCapsule", "id_string": "ob9473", "world_size": [0.04, 0.08, 0.04], "id": 9473, "camera_size": [17, 17], "camera_position": [290, 278], "world_position": [0.645, 0.6399748858658902, -0.065], "world_orientation": [1.0, -8.066464163292171e-17, -3.573889421051852e-17, 8.066464163292171e-17, 1.0, -1.821459649775647e-16, 3.573889421051852e-17, 1.821459649775647e-16, 1.0], "world_rotation": [-0.8999806872227267, 0.17658538071993266, -0.3985628757700657, -2.0238874851820828e-16]}, {"color": "CVRed", "id_name": "object101698567251617", "shape": "CVSphere", "id_string": "ob9480", "world_size": [0.04, 0.04, 0.04], "id": 9480, "camera_size": [25, 18], "camera_position": [208, 259], "world_position": [0.6913998095788946, 0.6282024661094997, -0.27115113728968065], "world_orientation": [0.9926616308593867, 0.09091146136328991, -0.0797370228461887, -0.0012982345060654488, 0.6673656549686254, 0.7447290763462004, 0.12091815912736115, -0.7391604621197543, 0.6625863038368373], "world_rotation": [0.9891073172432701, 0.1337495167854582, 0.061463661910740305, -0.8482367761030156]}, {"color": "CVYellow", "id_name": "object34072534990240", "shape": "CVCone", "id_string": "ob9487", "world_size": [0.04, 0.04, 0.04], "id": 9487, "camera_size": [16, 16], "camera_position": [236, 253], "world_position": [0.7059260520488544, 0.619987061088334, -0.19983820527290752], "world_orientation": [0.9999940867394138, 0.000234640431211438, -0.0034309517737479856, -0.00023474052199981633, 0.9999999720345802, -2.8770229029696633e-05, 0.0034309449271410332, 2.9575442314154542e-05, 0.9999941138537768], "world_rotation": [-0.008482720454761701, 0.9976327319991903, 0.06824203614721558, -0.003439096376448047]}, {"color": "CVYellow", "id_name": "object190344627731758", "shape": "CVCone", "id_string": "ob9494", "world_size": [0.04, 0.04, 0.04], "id": 9494, "camera_size": [16, 16], "camera_position": [255, 255], "world_position": [0.7011722418348164, 0.6199843984214429, -0.15103161298090567], "world_orientation": [0.999983263574603, 0.00014186787324889288, -0.005783808796341357, -0.0001424855364920396, 0.9999999841905982, -0.00010637986301190541, 0.005783793613017878, 0.00010720219169257767, 0.9999832679795858], "world_rotation": [-0.018455093957492022, 0.9995277441403639, 0.024570270667931663, -0.005786566222414091]}, {"color": "CVYellow", "id_name": "object107445641344495", "shape": "CVBox", "id_string": "ob9501", "world_size": [0.04, 0.04, 0.04], "id": 9501, "camera_size": [17, 16], "camera_position": [272, 259], "world_position": [0.6903070576932241, 0.6199621768118535, -0.10930701559376786], "world_orientation": [0.9999953933832197, 0.00017835720033114956, 0.003030082680161968, -0.00017595238823902494, 0.999999669386689, -0.0007938937395408999, -0.0030302232750410454, 0.0007933569320925385, 0.9999950941538074], "world_rotation": [0.25295928948997237, 0.9658277144985438, -0.05646612938078762, 0.003137369018437238]}, {"color": "CVBlue", "id_name": "object40715357390803", "shape": "CVCone", "id_string": "ob9508", "world_size": [0.04, 0.04, 0.04], "id": 9508, "camera_size": [16, 15], "camera_position": [289, 260], "world_position": [0.69, 0.6199874431539305, -0.065], "world_orientation": [1.0, 4.228388472693457e-17, -1.6957377686420176e-17, -4.228388472693457e-17, 1.0, 1.0733601507606494e-16, 1.6957377686420176e-17, -1.0733601507606494e-16, 1.0], "world_rotation": [0.92051720276698, 0.14542702990328832, 0.3626279889688094, -1.1660402951017529e-16]}, {"color": "CVYellow", "id_name": "object126533289430216", "shape": "CVCone", "id_string": "ob9515", "world_size": [0.04, 0.04, 0.04], "id": 9515, "camera_size": [17, 16], "camera_position": [219, 242], "world_position": [0.7346993311101563, 0.6199878868166403, -0.24531739173034645], "world_orientation": [0.999882452559705, 6.910525643183509e-06, -0.015332351921159428, -6.902541387628102e-06, 0.999999999976013, 5.736648562802589e-07, 0.015332351924755974, -4.677652297393014e-07, 0.9998824525834209], "world_rotation": [3.396184698192011e-05, 0.9999998979684899, 0.00045045488424905986, -0.015332954275225475]}, {"color": "CVRed", "id_name": "object191838607893751", "shape": "CVCylinder", "id_string": "ob9522", "world_size": [0.04, 0.04, 0.04], "id": 9522, "camera_size": [16, 16], "camera_position": [236, 237], "world_position": [0.746063691852998, 0.6199875618592208, -0.19981258558689094], "world_orientation": [0.9999925792240991, 0.00020786117259482693, 0.003846854619920679, -0.00020780417425841495, 0.9999999782929405, -1.521655959194981e-05, -0.0038468576993486952, 1.4417054225486627e-05, 0.9999926007116202], "world_rotation": [0.003846029036921633, 0.9985363636014173, -0.053947554405228075, 0.0038525043409352736]}, {"color": "CVPurple", "id_name": "object226995140608798", "shape": "CVCone", "id_string": "ob9529", "world_size": [0.04, 0.04, 0.04], "id": 9529, "camera_size": [21, 23], "camera_position": [256, 173], "world_position": [0.9123014160553671, 0.6199928023944846, -0.14945083323213668], "world_orientation": [0.4040308258305389, 0.001290417675537183, -0.9147444597268222, -0.0012683711980230434, 0.9999988339740393, 0.0008504616781303929, 0.9147444905618163, 0.0008166227921164022, 0.4040319914487202], "world_rotation": [1.8496341781893325e-05, 0.9999990217392264, 0.0013986345039109112, -1.1548772462040562]}, {"color": "CVGreen", "id_name": "object266582825869541", "shape": "CVCone", "id_string": "ob9536", "world_size": [0.04, 0.04, 0.04], "id": 9536, "camera_size": [16, 17], "camera_position": [272, 243], "world_position": [0.7327955072245013, 0.6199571953649567, -0.10823940588465655], "world_orientation": [0.9996659947278007, 0.0005512904809684036, 0.025837861050843264, -0.0005442156854445274, 0.9999998124773544, -0.00028084612105852335, -0.02583801103345236, 0.0002666909477112069, 0.9996661072887156], "world_rotation": [0.010592629380046008, 0.9997192740019109, -0.021193616772725635, 0.025848069643530515]}, {"color": "CVRed", "id_name": "object176698414005382", "shape": "CVCapsule", "id_string": "ob9543", "world_size": [0.04, 0.08, 0.04], "id": 9543, "camera_size": [17, 17], "camera_position": [290, 242], "world_position": [0.735, 0.6399748858658902, -0.065], "world_orientation": [1.0, -9.627715291671303e-17, 2.6597159133585094e-18, 9.627715291671303e-17, 1.0, -2.1076890233118206e-16, -2.6597159133585094e-18, 2.1076890233118206e-16, 1.0], "world_rotation": [0.9095358415233338, 0.01147753261849028, 0.41546698933782017, 2.3173237678921624e-16]}, {"color": "CVBlue", "id_name": "object273933342238435", "shape": "CVSphere", "id_string": "ob9550", "world_size": [0.04, 0.04, 0.04], "id": 9550, "camera_size": [17, 17], "camera_position": [218, 224], "world_position": [0.7811631888997026, 0.6199874431956497, -0.24656270110059147], "world_orientation": [0.9989643340163479, 2.717178812366488e-10, -0.045500102893011714, -2.624988973348426e-10, 1.0, 2.0858953006851889e-10, 0.045500102893011714, -1.9642977414964408e-10, 0.9989643340163479], "world_rotation": [4.450751519952818e-09, 1.0, 5.8705007747745215e-09, -0.0455158170393201]}, {"color": "CVPurple", "id_name": "object168357970639503", "shape": "CVSphere", "id_string": "ob9557", "world_size": [0.04, 0.04, 0.04], "id": 9557, "camera_size": [16, 17], "camera_position": [235, 222], "world_position": [0.7861684663190348, 0.6199874431898326, -0.20244384617761194], "world_orientation": [0.9999976286311035, -5.591073722632926e-10, 0.0021777814788438146, 5.591032766724824e-10, 1.0, 2.489428339350147e-12, -0.0021777814788438146, -1.2718176753108097e-12, 0.9999976286311035], "world_rotation": [-8.635499133406351e-10, 0.9999999999999669, 2.567316004380285e-07, 0.0021777832002866067]}, {"color": "CVPurple", "id_name": "object69628712045121", "shape": "CVBox", "id_string": "ob9564", "world_size": [0.04, 0.04, 0.04], "id": 9564, "camera_size": [22, 23], "camera_position": [270, 165], "world_position": [0.9316821666724968, 0.6200018978895014, -0.11261972951943433], "world_orientation": [0.4801665804761515, 6.865608467499647e-05, -0.8771773197479412, -0.001111682553477388, 0.9999992414899681, -0.0005302653947017515, 0.8771766179941985, 0.0012297584439886192, 0.48016629258875476], "world_rotation": [-0.001003231170612731, 0.9999992704301832, 0.0006728048152769216, -1.0699523155828468]}, {"color": "CVRed", "id_name": "object77239556456847", "shape": "CVCapsule", "id_string": "ob9571", "world_size": [0.04, 0.08, 0.04], "id": 9571, "camera_size": [19, 20], "camera_position": [273, 222], "world_position": [0.7840369175242187, 0.6399748863871971, -0.10735949445730414], "world_orientation": [0.9789340827820922, 5.921004056119035e-11, -0.204176545096601, -1.8282761534664617e-10, 1.0, -5.865813006031193e-10, 0.204176545096601, 6.115535383327696e-10, 0.9789340827820922], "world_rotation": [-2.934065806552417e-09, 1.0, 5.927166016873352e-10, -0.20562245833232565]}, {"color": "CVBlue", "id_name": "object196216740916916", "shape": "CVCone", "id_string": "ob9578", "world_size": [0.04, 0.04, 0.04], "id": 9578, "camera_size": [17, 17], "camera_position": [290, 224], "world_position": [0.7804308390794056, 0.6199874431874127, -0.06286681497172113], "world_orientation": [0.9992329881654936, -5.0064898480508083e-11, -0.03915910317995973, 7.442949596616957e-11, 1.0, 6.207371264278741e-10, 0.03915910317995973, -6.231756060179578e-10, 0.9992329881654936], "world_rotation": [1.588280414300222e-08, 0.9999999999999999, -1.5895971094454167e-09, -0.0391691180845031]}, {"color": "CVGreen", "id_name": "object48979614812058", "shape": "CVSphere", "id_string": "ob9585", "world_size": [0.04, 0.04, 0.04], "id": 9585, "camera_size": [19, 20], "camera_position": [229, 285], "world_position": [0.624386250036013, 0.6199874392514652, -0.2191097293218771], "world_orientation": [-0.00034544727859631147, -0.2181765838436881, 0.9759092472809529, 0.9999999373474777, 4.357613053729282e-08, 0.0003539845177272239, -7.727365916010422e-05, 0.9759093084207653, 0.2181765701593214], "world_rotation": [0.5299887129217526, 0.5302229687933527, 0.6617972253942344, 1.9726058844226289]}, {"color": "CVRed", "id_name": "object241655194649405", "shape": "CVCone", "id_string": "ob9592", "world_size": [0.04, 0.04, 0.04], "id": 9592, "camera_size": [19, 20], "camera_position": [257, 305], "world_position": [0.574102052569262, 0.6199874431851352, -0.1468745610479291], "world_orientation": [0.9775082115698441, 1.1087624339007165e-10, -0.21089735966465992, 1.7032675634050255e-11, 1.0, 6.046819357536562e-10, 0.21089735966465992, -5.946737039063938e-10, 0.9775082115698441], "world_rotation": [2.843458167440078e-09, 1.0, 2.2248635048167172e-10, -0.21249287628511304]}, {"color": "CVYellow", "id_name": "object245832180179345", "shape": "CVBox", "id_string": "ob9599", "world_size": [0.04, 0.04, 0.04], "id": 9599, "camera_size": [17, 17], "camera_position": [272, 280], "world_position": [0.6421359088480662, 0.6999653930727769, -0.11170285227698032], "world_orientation": [0.9993578013958538, 0.00105244270583592, 0.03581727451379067, -0.0009436822500992703, 0.9999948933789461, -0.003053306378525271, -0.03582030503856931, 0.003017545423225356, 0.9993536912257656], "world_rotation": [0.08440875987379168, 0.9960446157870466, -0.027754001841229194, 0.035968784752770266]}, {"color": "CVYellow", "id_name": "object151058782306409", "shape": "CVBox", "id_string": "ob9606", "world_size": [0.04, 0.04, 0.04], "id": 9606, "camera_size": [25, 19], "camera_position": [221, 259], "world_position": [0.6927281439734014, 0.6524252161641207, -0.2377972170424451], "world_orientation": [0.9963014812857571, 0.039194306341532, -0.07646675577146163, 0.030913249319650567, 0.6668288449778327, 0.7445694477495237, 0.08017312145792592, -0.7441794795987966, 0.6631509426516387], "world_rotation": [0.9944951408469883, 0.10463658035674116, 0.0055318064839895474, -0.845789390503345]}, {"color": "CVBlue", "id_name": "object35266505319117", "shape": "CVCapsule", "id_string": "ob9613", "world_size": [0.04, 0.08, 0.04], "id": 9613, "camera_size": [34, 35], "camera_position": [304, 187], "world_position": [0.8752514004846936, 0.6199748863840652, -0.02670464781988319], "world_orientation": [0.7295021311230931, 0.6839785381770874, -5.081233767079142e-10, -3.713211405020901e-10, -3.4685870842210425e-10, -1.0, -0.6839785381770874, 0.7295021311230931, 9.414968804577486e-13], "world_rotation": [0.8727703853712788, 0.34516072641054096, -0.345160726854341, 1.7064610280771464]}, {"color": "CVBlue", "id_name": "object22851151029134", "shape": "CVSphere", "id_string": "ob9620", "world_size": [0.04, 0.04, 0.04], "id": 9620, "camera_size": [16, 17], "camera_position": [271, 262], "world_position": [0.6853718529134382, 0.6599492238190143, -0.11177636744349712], "world_orientation": [0.9998921798305502, 0.00046226412258550093, -0.014677023730704944, -0.00048481759747617115, 0.999998707229854, -0.0015331309527932884, 0.014676296045252129, 0.001540081329737388, 0.999891111313572], "world_rotation": [-0.10407454791531495, 0.9940522178899995, 0.032072988388915015, -0.01476501224285511]}, {"color": "CVRed", "id_name": "object142640639711189", "shape": "CVCylinder", "id_string": "ob9627", "world_size": [0.04, 0.04, 0.04], "id": 9627, "camera_size": [17, 18], "camera_position": [217, 187], "world_position": [0.8747219919807923, 0.6199872881388186, -0.2489438785087976], "world_orientation": [-0.04561517754268179, 0.9989590855674826, 3.065825407561062e-05, -0.00034032140562179064, 1.5150201020719397e-05, -0.9999999419759045, -0.9989590280682639, -0.04561518532956276, 0.0003392760810497774], "world_rotation": [0.5597174712672208, 0.585876898343604, -0.5860585400329102, 2.1207296399880127]}, {"color": "CVYellow", "id_name": "object78787933384876", "shape": "CVCylinder", "id_string": "ob9634", "world_size": [0.04, 0.04, 0.04], "id": 9634, "camera_size": [20, 22], "camera_position": [258, 151], "world_position": [0.9663450742858775, 0.6199874431727317, -0.1438416614754546], "world_orientation": [-0.9446453715758345, -5.621838897477063e-10, 0.3280931604900558, 6.018627000174698e-10, -1.0, 1.939365068880931e-11, 0.328093160490056, 2.157871577909523e-10, 0.9446453715758345], "world_rotation": [0.16636500296661783, 5.962613765246863e-11, 0.9860642401932632, 3.1415926529995444]}, {"color": "CVRed", "id_name": "object88372532186517", "shape": "CVCapsule", "id_string": "ob9641", "world_size": [0.04, 0.08, 0.04], "id": 9641, "camera_size": [18, 18], "camera_position": [273, 244], "world_position": [0.7284414367071831, 0.6799298159577396, -0.10731952689690386], "world_orientation": [0.9979529435475343, 0.0009358728272860365, 0.06394565354160563, -0.0008982161738990664, 0.9999994058698564, -0.0006176306657888106, -0.06394619357332272, 0.0005589293206875518, 0.9979531912497187], "world_rotation": [0.00919831306567238, 0.9998548835859582, -0.0143388565114575, 0.06399888394222589]}, {"color": "CVRed", "id_name": "object212784798077582", "shape": "CVCapsule", "id_string": "ob9648", "world_size": [0.04, 0.08, 0.04], "id": 9648, "camera_size": [19, 38], "camera_position": [233, 173], "world_position": [0.9066132941810772, 0.6426659283956523, -0.20682807157205552], "world_orientation": [0.03394854050804091, 0.707466668948508, 0.7059308811238367, 0.017119167952643347, 0.7058227647769194, -0.7081815860436323, -0.999276953945193, 0.036126680577767536, 0.011850411994899963], "world_rotation": [0.3750576179819388, 0.8592557915394528, -0.3478667387084059, 1.6953069312537847]}, {"color": "CVRed", "id_name": "object832719456666", "shape": "CVSphere", "id_string": "ob9655", "world_size": [0.04, 0.04, 0.04], "id": 9655, "camera_size": [17, 18], "camera_position": [274, 263], "world_position": [0.6823439055751512, 0.6999332428338042, -0.10664098205660158], "world_orientation": [0.9993571813942359, 0.0008372238411231964, 0.035840243470273044, -0.0007717494547833367, 0.999998008230437, -0.0018406351995384675, -0.03584171310843883, 0.0018117923166282913, 0.9993558370320624], "world_rotation": [0.05087443836689278, 0.9984535670701756, -0.02241129013902544, 0.035904203394891074]}, {"color": "CVPurple", "id_name": "object200413965801189", "shape": "CVBox", "id_string": "ob9662", "world_size": [0.04, 0.04, 0.04], "id": 9662, "camera_size": [18, 20], "camera_position": [239, 156], "world_position": [0.954642589857289, 0.6199807275167524, -0.19305393089596362], "world_orientation": [0.9918623238760782, -8.51265875513329e-05, 0.12731505499590337, -8.739634803478906e-06, 0.9999997285863037, 0.0007367163210653796, -0.1273150831550001, -0.0007318338493349914, 0.9918620539270834], "world_rotation": [-0.005767289338167195, 0.9999833240517627, 0.0002999867944842999, 0.1276636872222392]}, {"color": "CVRed", "id_name": "object103339355657178", "shape": "CVCone", "id_string": "ob9669", "world_size": [0.04, 0.04, 0.04], "id": 9669, "camera_size": [24, 24], "camera_position": [274, 242], "world_position": [0.7320844281479572, 0.7399193589755148, -0.10605138192324895], "world_orientation": [0.7459395025123259, 0.0009833966423771943, -0.6660129814971384, -0.0011173403389355373, 0.9999993504373013, 0.00022511228940292529, 0.6660127702546181, 0.0005762430213148515, 0.7459401167665872], "world_rotation": [-0.0002636062272652189, 0.9999987216370207, 0.0015770973594509375, -0.7288519889273779]}], "source": "manual check"}
