{"timestamp": 1721660518.211306, "objects": [{"color": "cv_", "id_name": "hand", "shape": "CVBox", "id_string": "ob383", "world_size": [0.005, 0.09, 0.5], "id": 383, "camera_size": [3, 207], "camera_position": [246, 271], "world_position": [0.6635263617778312, 0.6652764129776565, -0.174092747759819], "world_orientation": [-1.321045728569055e-06, -0.0016621985838788753, 0.9999986185461072, -0.0007627252083367961, -0.9999983276707927, -0.0016621991079815198, 0.9999997091242134, -0.0007627263505084844, 5.3242758529611226e-08], "world_rotation": [0.0, 1.0, 0.0, 0.0]}, {"color": "CVBlue", "id_name": "object278576401303178", "shape": "CVCapsule", "id_string": "ob1759", "world_size": [0.04, 0.08, 0.04], "id": 1759, "camera_size": [17, 33], "camera_position": [257, 200], "world_position": [0.8403418736954396, 0.6446027394871422, -0.14758373722901688], "world_orientation": [0.8705614093852994, 0.49199898562998046, -0.007735026060174922, -0.49201566942984365, 0.8705862932769851, -0.0002949470159674219, 0.006588894033458006, 0.004062523514968836, 0.9999700407402745], "world_rotation": [-0.004427745267016458, 0.014554927898979496, 0.9998842678758907, -0.5144593751097531]}, {"color": "CVGreen", "id_name": "object278766515782333", "shape": "CVCylinder", "id_string": "ob1766", "world_size": [0.04, 0.04, 0.04], "id": 1766, "camera_size": [17, 17], "camera_position": [219, 295], "world_position": [0.6, 0.6199874431539305, -0.245], "world_orientation": [1.0, 3.2526065174562914e-18, -5.85631424552212e-17, -3.2526065174562914e-18, 1.0, 6.830473686658622e-17, 5.85631424552212e-17, -6.830473686658622e-17, 1.0], "world_rotation": [0.7586719037870137, 0.650470418545561, 0.03612723351366515, -9.003198421561925e-17]}, {"color": "CVPurple", "id_name": "object130890952022264", "shape": "CVBox", "id_string": "ob1773", "world_size": [0.04, 0.04, 0.04], "id": 1773, "camera_size": [16, 17], "camera_position": [236, 295], "world_position": [0.5994481176390555, 0.6199874431865888, -0.1998490424730435], "world_orientation": [0.999753819461578, -2.582530243265354e-11, -0.022187845140673203, 1.2689629137545984e-11, 1.0, -5.921619315233969e-10, 0.022187845140673203, 5.917345972540652e-10, 0.999753819461578], "world_rotation": [-2.6678943387053517e-08, 0.9999999999999997, -8.679286187101748e-10, -0.022189666058538674]}, {"color": "CVGreen", "id_name": "object220945513488938", "shape": "CVBox", "id_string": "ob1780", "world_size": [0.04, 0.04, 0.04], "id": 1780, "camera_size": [16, 17], "camera_position": [255, 297], "world_position": [0.5953993214505835, 0.6199874430484914, -0.15095629877550398], "world_orientation": [0.999918712582985, 5.7868761277811043e-11, -0.012750224562174048, -7.383042142228115e-11, 1.0, -1.2514021680497635e-09, 0.012750224562174048, 1.2522417992525292e-09, 0.999918712582985], "world_rotation": [-9.818038714117294e-08, 0.9999999999999952, 5.164582869026562e-09, -0.0127505700510147]}, {"color": "CVGreen", "id_name": "object193664342198382", "shape": "CVBox", "id_string": "ob1787", "world_size": [0.04, 0.04, 0.04], "id": 1787, "camera_size": [17, 17], "camera_position": [272, 296], "world_position": [0.5989885008225625, 0.6199848553977868, -0.10954109218788186], "world_orientation": [0.999707777060365, 0.0003556242692387641, -0.02417093329607157, -0.0003536121316908446, 0.9999999336493258, 8.752030807874068e-05, 0.02417096281665946, -7.894759738925491e-05, 0.9997078364821357], "world_rotation": [0.0034431625426405714, 0.9998864674102486, 0.014669591731167247, -0.02417604756398235]}, {"color": "CVRed", "id_name": "object175809991324114", "shape": "CVCone", "id_string": "ob1794", "world_size": [0.04, 0.04, 0.04], "id": 1794, "camera_size": [16, 17], "camera_position": [289, 295], "world_position": [0.6, 0.6199874431539305, -0.065], "world_orientation": [1.0, 2.049142105997599e-16, 5.802954297681148e-18, -2.049142105997599e-16, 1.0, 6.179952383167331e-17, -5.802954297681148e-18, -6.179952383167331e-17, 1.0], "world_rotation": [-0.28863572672225335, 0.027102796704540077, -0.9570553043948448, 2.1410905896324258e-16]}, {"color": "CVBlue", "id_name": "object19684389690246", "shape": "CVCylinder", "id_string": "ob1801", "world_size": [0.04, 0.04, 0.04], "id": 1801, "camera_size": [17, 16], "camera_position": [219, 277], "world_position": [0.6449802509496495, 0.6199874431831599, -0.24496261840743885], "world_orientation": [0.99998352329653, 5.910293128790768e-10, -0.005740482162537741, -5.911336154859486e-10, 1.0, -1.647294964100041e-11, 0.005740482162537741, 1.9866070196459546e-11, 0.99998352329653], "world_rotation": [-3.165153972135599e-09, 0.9999999999999948, 1.0296721554852902e-07, -0.005740513690819687]}, {"color": "CVRed", "id_name": "object238367176122351", "shape": "CVCylinder", "id_string": "ob1808", "world_size": [0.04, 0.04, 0.04], "id": 1808, "camera_size": [17, 18], "camera_position": [236, 276], "world_position": [0.6485167717534361, 0.6213522438761012, -0.20108665833065692], "world_orientation": [0.997210325674051, 0.0725096133429442, 0.017717853761389738, -0.07251440007375466, 0.997367295766916, -0.00037298328785254217, -0.017698252766776525, -0.0009128567501512753, 0.9998429569395171], "world_rotation": [-0.003616350319499602, 0.2372353099432326, -0.9714454846909862, 0.0747129019195415]}, {"color": "CVPurple", "id_name": "object206512720162633", "shape": "CVCone", "id_string": "ob1815", "world_size": [0.04, 0.04, 0.04], "id": 1815, "camera_size": [16, 16], "camera_position": [255, 277], "world_position": [0.6448406164069939, 0.6199867642115652, -0.1509821150803654], "world_orientation": [0.9999694124338285, 0.00017732039797191905, 0.007819383237864146, -0.00017664755846254245, 0.9999999806360614, -8.673820862944168e-05, -0.007819398466903764, 8.535428056109513e-05, 0.9999694243936975], "world_rotation": [0.011000729947106224, 0.9996834553623125, -0.02262682071123586, 0.007821946583634564]}, {"color": "CVBlue", "id_name": "object41682143542630", "shape": "CVCone", "id_string": "ob1822", "world_size": [0.04, 0.04, 0.04], "id": 1822, "camera_size": [16, 16], "camera_position": [271, 277], "world_position": [0.6447303893222215, 0.6199746589915167, -0.10977711808105291], "world_orientation": [0.9999077652282026, -0.0001729262042640394, 0.013580542436511448, 0.00017243140068518576, 0.9999999844266136, 3.760564492083592e-05, -0.01358054872801785, -3.526046441836501e-05, 0.9999077794741601], "world_rotation": [-0.002682512169368411, 0.9999155745094385, 0.012714085964815203, 0.013582109809798872]}, {"color": "CVBlue", "id_name": "object145422022934975", "shape": "CVSphere", "id_string": "ob1829", "world_size": [0.04, 0.04, 0.04], "id": 1829, "camera_size": [17, 16], "camera_position": [290, 277], "world_position": [0.6450399369872526, 0.6200020501861658, -0.0640061967974558], "world_orientation": [0.9999969796167569, -0.0003879804655239406, -0.002426979299820188, 0.00038457772594149777, 0.9999989427471093, -0.0014023568150335383, 0.0024275208209392414, 0.0014014192171984692, 0.9999960715757047], "world_rotation": [-0.4954551259513142, 0.8578384796473317, -0.13651872034604615, -0.002829499208484895]}, {"color": "CVPurple", "id_name": "object141108242333878", "shape": "CVCone", "id_string": "ob1836", "world_size": [0.04, 0.04, 0.04], "id": 1836, "camera_size": [17, 15], "camera_position": [219, 260], "world_position": [0.6900123113271526, 0.6199756728310502, -0.24505079008169617], "world_orientation": [0.9999998624186389, 0.0005244061884201941, 1.2682775957841535e-05, -0.0005244121209092792, 0.9999997509295613, 0.00047236928664470444, -1.2435059421828815e-05, -0.0004723758726569333, 0.9999998883531961], "world_rotation": [-0.6691752525478597, 0.017791288654044266, -0.742891614857468, 0.0007059027019943049]}, {"color": "CVGreen", "id_name": "object216871202570125", "shape": "CVCapsule", "id_string": "ob1843", "world_size": [0.04, 0.08, 0.04], "id": 1843, "camera_size": [17, 21], "camera_position": [236, 254], "world_position": [0.7049825169058804, 0.6427521840894952, -0.19955312651562707], "world_orientation": [0.9851144935850754, 0.17161244503576453, 0.009929916287018142, -0.1716452484030179, 0.9851555368183615, 0.0025449905289037238, -0.009345759963040719, -0.0042115300037662015, 0.9999474585125664], "world_rotation": [-0.019648766687579013, 0.05605596305840711, -0.9982342685829071, 0.17279097926726725]}, {"color": "CVBlue", "id_name": "object193547310497152", "shape": "CVCapsule", "id_string": "ob1850", "world_size": [0.04, 0.08, 0.04], "id": 1850, "camera_size": [17, 18], "camera_position": [256, 223], "world_position": [0.7817900478297146, 0.6399660414957189, -0.1492113038206739], "world_orientation": [0.9992063955929417, 0.0008115708934856303, -0.03982361559234316, -0.0007976107964033237, 0.9999996147710811, 0.0003664351332197523, 0.03982389763922325, -0.0003343805829348612, 0.9992066579874488], "world_rotation": [0.008796829761305903, 0.9997572809210132, 0.020198886889461046, -0.03984396643732484]}, {"color": "CVRed", "id_name": "object132224291625658", "shape": "CVCapsule", "id_string": "ob1857", "world_size": [0.04, 0.08, 0.04], "id": 1857, "camera_size": [19, 19], "camera_position": [272, 258], "world_position": [0.6956393566929944, 0.6404115292738493, -0.11060088571781483], "world_orientation": [0.9941552306476165, 0.02233709426830918, -0.10562401050723862, -0.02299277358848034, 0.9997231583442796, -0.004993899563205758, 0.10548322017597615, 0.007393300331190058, 0.9943935988186566], "world_rotation": [-0.05727545626116974, 0.9761094565756895, 0.20959449156308183, -0.10834893786414072]}, {"color": "CVRed", "id_name": "object257919608276112", "shape": "CVCapsule", "id_string": "ob1864", "world_size": [0.04, 0.08, 0.04], "id": 1864, "camera_size": [17, 17], "camera_position": [290, 260], "world_position": [0.69, 0.6399748858658902, -0.065], "world_orientation": [1.0, -9.627715291671303e-17, 2.6597159133585094e-18, 9.627715291671303e-17, 1.0, -2.1076890233118206e-16, -2.6597159133585094e-18, 2.1076890233118206e-16, 1.0], "world_rotation": [0.9095358415233338, 0.01147753261849028, 0.41546698933782017, 2.3173237678921624e-16]}, {"color": "CVGreen", "id_name": "object5516738154712", "shape": "CVCapsule", "id_string": "ob1871", "world_size": [0.04, 0.08, 0.04], "id": 1871, "camera_size": [18, 17], "camera_position": [218, 242], "world_position": [0.7350925972999018, 0.6399748874874293, -0.24490582655775378], "world_orientation": [0.9999988248196545, 8.70632543026733e-05, 0.0015306140270552667, -8.719641413536105e-05, 0.9999999924198811, 8.693113925302499e-05, -0.0015306064469451472, -8.706450114784014e-05, 0.9999988248311481], "world_rotation": [-0.05665563455719272, 0.996780080664029, -0.05674160611344694, 0.0015355552023999406]}, {"color": "CVPurple", "id_name": "object62843809154762", "shape": "CVBox", "id_string": "ob1878", "world_size": [0.04, 0.04, 0.04], "id": 1878, "camera_size": [16, 16], "camera_position": [237, 238], "world_position": [0.744746470667841, 0.6200111506453586, -0.19692790377251604], "world_orientation": [0.9999617304529983, 0.0022463612394277416, 0.008455264077903629, -0.0022482803567013677, 0.9999974489668134, 0.00021747483318908543, -0.008454753981208537, -0.0002364763146628213, 0.9999642299672873], "world_rotation": [-0.02593555275414124, 0.966118639683802, -0.2567919803242645, 0.008751634233069525]}, {"color": "CVPurple", "id_name": "object153982679217058", "shape": "CVCapsule", "id_string": "ob1885", "world_size": [0.04, 0.08, 0.04], "id": 1885, "camera_size": [16, 36], "camera_position": [255, 179], "world_position": [0.8916461468849685, 0.6439749766898648, -0.1516065933248239], "world_orientation": [0.8022018941600607, 0.5970520662559328, 0.0009752874101915897, -0.5970515063272194, 0.8022024833695519, -0.0008212600822043308, -0.0012727130114683649, 7.651957618550009e-05, 0.9999991871728422], "world_rotation": [0.0007518424987113364, 0.0018825802504327514, -0.9999979453101181, 0.639822441525858]}, {"color": "CVGreen", "id_name": "object59220984699979", "shape": "CVCapsule", "id_string": "ob1892", "world_size": [0.04, 0.08, 0.04], "id": 1892, "camera_size": [18, 18], "camera_position": [271, 241], "world_position": [0.736824758771042, 0.6403532422279224, -0.11089905998761038], "world_orientation": [0.998668481796475, 0.022222401202456662, -0.04655564789712021, -0.022313749938979655, 0.9997499754697684, -0.001443298949680194, 0.04651193427481022, 0.0024802082562791214, 0.9989146552819322], "world_rotation": [-0.038000292544302025, 0.9013862249450133, 0.4313453966903151, -0.051647655836350795]}, {"color": "CVRed", "id_name": "object69001547449267", "shape": "CVCapsule", "id_string": "ob1899", "world_size": [0.04, 0.08, 0.04], "id": 1899, "camera_size": [17, 17], "camera_position": [290, 242], "world_position": [0.7350000323716611, 0.6399748863345096, -0.06499999014463141], "world_orientation": [0.9999999999847488, 4.129634688017505e-06, 3.6672342129863625e-06, -4.129630796705088e-06, 0.9999999999909103, -1.0611078961122024e-06, -3.6672385949485247e-06, 1.0610927517466805e-06, 0.9999999999927127], "world_rotation": [0.1886764410385283, 0.6520788822165299, -0.7342985305475395, 5.623915302273245e-06]}, {"color": "CVGreen", "id_name": "object24300065985880", "shape": "CVBox", "id_string": "ob1906", "world_size": [0.04, 0.04, 0.04], "id": 1906, "camera_size": [17, 16], "camera_position": [219, 224], "world_position": [0.78, 0.6199874431539305, -0.245], "world_orientation": [1.0, -2.2442984970449937e-16, -1.4488340486922525e-17, 2.2442984970449937e-16, 1.0, -5.952269926945416e-16, 1.4488340486922525e-17, 5.952269926945416e-16, 1.0], "world_rotation": [-0.9354546928465729, 0.022769777356192403, -0.3527124251716587, -6.362969764823948e-16]}, {"color": "CVRed", "id_name": "object261814089175738", "shape": "CVSphere", "id_string": "ob1913", "world_size": [0.04, 0.04, 0.04], "id": 1913, "camera_size": [16, 16], "camera_position": [236, 222], "world_position": [0.7849155036020851, 0.6199693727164222, -0.19981436432979857], "world_orientation": [0.9999966009485024, 0.0010878148877952842, -0.002369546414790707, -0.0010876782429125652, 0.9999994067399982, 5.8954996257581055e-05, 0.002369609141156236, -5.6377491785547546e-05, 0.9999971908831029], "world_rotation": [0.022111691651383696, 0.908596945397156, 0.4170883166755832, -0.0026079555693718053]}, {"color": "CVRed", "id_name": "object268315314987694", "shape": "CVBox", "id_string": "ob1920", "world_size": [0.04, 0.04, 0.04], "id": 1920, "camera_size": [16, 18], "camera_position": [252, 164], "world_position": [0.9335792854495962, 0.6199821390598371, -0.15840237848526503], "world_orientation": [0.999999931011334, 0.0002446728100720728, 0.0002794862129401196, -0.0002445875561253526, 0.9999999235663304, -0.0003050315732585259, -0.00027956082451016277, 0.00030496319336500153, 0.9999999144215944], "world_rotation": [0.6345844695975617, 0.5815829694804998, -0.5089831043913203, 0.00048062536930288145]}, {"color": "CVPurple", "id_name": "object109880106841652", "shape": "CVCapsule", "id_string": "ob1927", "world_size": [0.04, 0.08, 0.04], "id": 1927, "camera_size": [18, 18], "camera_position": [272, 223], "world_position": [0.7808551636591586, 0.6399711557350087, -0.10921314237241496], "world_orientation": [0.9991569159595746, -0.0004082701457965589, -0.041052291113165294, 0.00040919169952443674, 0.9999999161824334, 1.404562184251678e-05, 0.04105228193785407, -3.08320369728712e-05, 0.9991569992734277], "world_rotation": [0.0005465642932398, 0.9999502898756097, -0.009955854818014082, -0.04106586865294566]}, {"color": "CVPurple", "id_name": "object257514835683458", "shape": "CVCone", "id_string": "ob1934", "world_size": [0.04, 0.04, 0.04], "id": 1934, "camera_size": [16, 16], "camera_position": [289, 224], "world_position": [0.78, 0.6199874431539305, -0.065], "world_orientation": [1.0, 4.228388472693457e-17, -1.6957377686420176e-17, -4.228388472693457e-17, 1.0, 1.0733601507606494e-16, 1.6957377686420176e-17, -1.0733601507606494e-16, 1.0], "world_rotation": [0.92051720276698, 0.14542702990328832, 0.3626279889688094, -1.1660402951017529e-16]}, {"color": "CVYellow", "id_name": "object118878331988019", "shape": "CVCapsule", "id_string": "ob1941", "world_size": [0.04, 0.08, 0.04], "id": 1941, "camera_size": [22, 27], "camera_position": [233, 270], "world_position": [0.6664905611854278, 0.6814703284834549, -0.2049997387901016], "world_orientation": [0.9491380167073248, 0.16908122196187092, 0.2656097995571077, -0.15571797132028917, 0.9852646084610005, -0.0707500157037791, -0.2736584342730551, 0.02579131043727547, 0.961481081278851], "world_rotation": [0.15158314671059542, 0.8467252219594205, -0.5099793604951914, 0.32408702231512904]}, {"color": "CVYellow", "id_name": "object272628319169991", "shape": "CVBox", "id_string": "ob1948", "world_size": [0.04, 0.04, 0.04], "id": 1948, "camera_size": [21, 22], "camera_position": [258, 271], "world_position": [0.6620910519941106, 0.6600720049299518, -0.14556840438972873], "world_orientation": [0.9264998923171155, 0.025085674270319117, -0.3754579317084364, -0.023607767861711725, 0.9996848493104059, 0.008536706380035952, 0.3755537549179358, 0.0009544661517650371, 0.9268001220119709], "world_rotation": [0.01007436921118916, 0.9978540359063959, 0.06469799154775933, -0.3858139699809685]}, {"color": "CVRed", "id_name": "object73640981358844", "shape": "CVBox", "id_string": "ob1955", "world_size": [0.04, 0.04, 0.04], "id": 1955, "camera_size": [18, 19], "camera_position": [273, 280], "world_position": [0.6403470622748385, 0.6599623423508857, -0.10606337856244182], "world_orientation": [0.9936446547893208, 0.00011188648679213544, -0.1125623715547317, -7.862743422299356e-05, 0.9999999519354029, 0.00029991151761106353, 0.11256239970051271, -0.0002891549859185827, 0.9936446158275383], "world_rotation": [0.0026166124355926734, 0.999996218587877, 0.0008462560541037768, -0.11280187927307066]}, {"color": "CVPurple", "id_name": "object227572448170676", "shape": "CVSphere", "id_string": "ob1962", "world_size": [0.04, 0.04, 0.04], "id": 1962, "camera_size": [22, 23], "camera_position": [232, 250], "world_position": [0.7147999368869136, 0.702869378063403, -0.20726697704053051], "world_orientation": [0.9470990534550734, 0.1477657379019062, 0.2849011576789564, -0.1537978099247106, 0.9881015941969278, -0.0012137577404719437, -0.2816906398992821, -0.04266762528891341, 0.9585561314525812], "world_rotation": [-0.06445105506719402, 0.8809175429448786, -0.4688606872330881, 0.3274101598603439]}, {"color": "CVBlue", "id_name": "object127292980231996", "shape": "CVBox", "id_string": "ob1969", "world_size": [0.04, 0.04, 0.04], "id": 1969, "camera_size": [18, 19], "camera_position": [256, 217], "world_position": [0.7943062309407487, 0.699948931263001, -0.1489382787153825], "world_orientation": [0.0709765238151192, 0.001073459868440152, -0.9974774086419366, 0.0003993733615995081, 0.9999993101888156, 0.0011045916943285222, 0.9974779063057185, -0.0004767659845073877, 0.07097604614344304], "world_rotation": [0.0007926779511795964, 0.9999996287441077, 0.00033789541626888183, -1.4997606600158264]}, {"color": "CVPurple", "id_name": "object12153367308419", "shape": "CVBox", "id_string": "ob1976", "world_size": [0.04, 0.04, 0.04], "id": 1976, "camera_size": [17, 18], "camera_position": [271, 260], "world_position": [0.689172467546362, 0.7005818487997862, -0.11365022832396394], "world_orientation": [0.999108127295228, 0.022163385996858378, -0.03594070524873855, -0.02241226054032484, 0.9997274452338043, -0.006536499350830784, 0.03578603848004188, 0.007336182075512789, 0.9993325471946064], "world_rotation": [-0.16209937632839577, 0.8381119746917215, 0.5208570917941775, -0.04280373807817351]}, {"color": "CVBlue", "id_name": "object215376748836035", "shape": "CVSphere", "id_string": "ob1983", "world_size": [0.04, 0.04, 0.04], "id": 1983, "camera_size": [17, 17], "camera_position": [234, 235], "world_position": [0.7514599320634353, 0.659999837289691, -0.20373493448370408], "world_orientation": [0.9999492231698383, 0.0017424559125220468, 0.00992546872595986, -0.0017440575050896316, 0.9999984674705648, 0.0001527086793259899, -0.009925187426745695, -0.0001700115134863492, 0.9999507296615315], "world_rotation": [-0.01601025320378787, 0.9847974757840873, -0.17296705894950282, 0.010078718070605246]}, {"color": "CVRed", "id_name": "object178709632814359", "shape": "CVCylinder", "id_string": "ob1990", "world_size": [0.04, 0.04, 0.04], "id": 1990, "camera_size": [20, 27], "camera_position": [256, 185], "world_position": [0.8729709669964607, 0.695076991338112, -0.1482521483771599], "world_orientation": [0.8571660068719669, 0.4922766937219666, 0.15142685852033141, -0.48396875206806955, 0.8704296504609984, -0.09014693904964155, -0.1761836646367723, 0.003985024029238894, 0.9843492448814312], "world_rotation": [0.0910329407410979, 0.3168248952348886, -0.9441053910763509, 0.543367533556163]}, {"color": "CVRed", "id_name": "object28877361599141", "shape": "CVSphere", "id_string": "ob1997", "world_size": [0.04, 0.04, 0.04], "id": 1997, "camera_size": [21, 21], "camera_position": [273, 241], "world_position": [0.7371125642846296, 0.7003512617268659, -0.10921577325572364], "world_orientation": [0.9670413338730691, 0.022259275425235883, -0.25364460025503965, -0.02217207527326258, 0.9997490390459868, 0.0032028119992806585, 0.25365223763860656, 0.0025265755815822902, 0.9672921785876067], "world_rotation": [0.001327934416183855, 0.9961855242180939, 0.08725043225398751, -0.2574543795267479]}, {"color": "CVRed", "id_name": "object130939165834325", "shape": "CVBox", "id_string": "ob2004", "world_size": [0.04, 0.04, 0.04], "id": 2004, "camera_size": [18, 19], "camera_position": [226, 156], "world_position": [0.9560366033106095, 0.6199874431831317, -0.22536328762584937], "world_orientation": [-0.9975642587454426, -0.06975349219684736, -5.815631518024666e-10, 5.765803390289648e-10, 9.156830849121889e-11, -1.0, 0.06975349219684734, -0.9975642587454426, -5.1126547440105696e-11], "world_rotation": [-0.02468413117120613, 0.7068913260677746, -0.7068913260172782, -3.0922344135624362]}, {"color": "CVRed", "id_name": "object124880637742028", "shape": "CVCone", "id_string": "ob2011", "world_size": [0.04, 0.04, 0.04], "id": 2011, "camera_size": [18, 20], "camera_position": [262, 313], "world_position": [0.5529136610985984, 0.6199874431824053, -0.13326348912837577], "world_orientation": [-0.18651341483036044, 0.9824524141597484, -1.3253981245853194e-10, 6.110594252817236e-10, -1.89003257489162e-11, -1.0, -0.9824524141597486, -0.18651341483036063, -5.968112670728941e-10], "world_rotation": [0.505262797532814, 0.610208778121078, -0.6102087778238657, 2.2058946984527035]}, {"color": "CVYellow", "id_name": "object10564699150220", "shape": "CVCapsule", "id_string": "ob2018", "world_size": [0.04, 0.08, 0.04], "id": 2018, "camera_size": [37, 30], "camera_position": [179, 267], "world_position": [0.6705859565919591, 0.6199748863515407, -0.34575116748291307], "world_orientation": [-3.8157288440032744e-10, 0.5214824319524501, 0.8532620190568418, 1.0, 4.970248657087951e-10, 1.434296015290215e-10, -3.4929642511727366e-10, 0.853262019056842, -0.52148243195245], "world_rotation": [0.657310708898748, 0.6573107092783197, 0.36862618387067625, 2.4352506707101003]}, {"color": "CVBlue", "id_name": "object273872440719403", "shape": "CVCapsule", "id_string": "ob2025", "world_size": [0.04, 0.08, 0.04], "id": 2025, "camera_size": [20, 35], "camera_position": [290, 153], "world_position": [0.9630132701015737, 0.6199748863731191, -0.06131360653197035], "world_orientation": [-0.12053339431662838, -0.9927092730777287, 3.8939812485594426e-10, 4.904146533313282e-10, 3.327124131757842e-10, 1.0, -0.9927092730777287, 0.12053339431662821, 4.46736203585374e-10], "world_rotation": [-0.5308786492336115, 0.5992361219564523, 0.5992361220174296, 2.1655040678631563]}], "source": "manual check"}
