{"timestamp": 1721661449.462605, "objects": [{"color": "cv_", "id_name": "hand", "shape": "CVBox", "id_string": "ob383", "world_size": [0.005, 0.09, 0.5], "id": 383, "camera_size": [3, 208], "camera_position": [246, 271], "world_position": [0.6631544665703017, 0.6656860558373758, -0.17409717343117626], "world_orientation": [-5.480021962428105e-07, -0.0016638582360994872, 0.999998615786777, -0.000763257552710312, -0.999998324505546, -0.0016638581697151777, 0.9999997087187615, -0.0007632574079974289, -7.219510869074864e-07], "world_rotation": [0.0, 1.0, 0.0, 0.0]}, {"color": "CVBlue", "id_name": "object269504084710554", "shape": "CVCone", "id_string": "ob11587", "world_size": [0.04, 0.04, 0.04], "id": 11587, "camera_size": [16, 16], "camera_position": [255, 244], "world_position": [0.7286359981773994, 0.6199874431906238, -0.15076862531591478], "world_orientation": [0.9999935337438279, 3.8189855843195785e-10, 0.003596174430095845, -3.8087265751211256e-10, 1.0, -2.859604727213612e-10, -0.003596174430095845, 2.8458893911562303e-10, 0.9999935337438279], "world_rotation": [7.932727165041505e-08, 0.9999999999999912, -1.060531449142936e-07, 0.0035961821813776267]}, {"color": "CVYellow", "id_name": "object203009977605035", "shape": "CVCylinder", "id_string": "ob11594", "world_size": [0.04, 0.04, 0.04], "id": 11594, "camera_size": [17, 17], "camera_position": [219, 295], "world_position": [0.6, 0.6199874431539305, -0.245], "world_orientation": [1.0, 1.2034644114589082e-16, -3.0873700564174297e-17, -1.2034644114589082e-16, 1.0, -7.67615138119737e-16, 3.0873700564174297e-17, 7.67615138119737e-16, 1.0], "world_rotation": [-0.9871531069592826, 0.039703580507685646, 0.15476552948090427, -7.776049456848836e-16]}, {"color": "CVPurple", "id_name": "object217755332777790", "shape": "CVSphere", "id_string": "ob11601", "world_size": [0.04, 0.04, 0.04], "id": 11601, "camera_size": [16, 17], "camera_position": [236, 295], "world_position": [0.5997566739948708, 0.6199874367821127, -0.19986417293847603], "world_orientation": [0.9999942046683964, -0.00047402839791947654, 0.0033713390068776166, 0.00047403203444457105, 0.9999998876467697, -2.7959540228905527e-07, -0.0033713384955606288, 1.8777164701779062e-06, 0.9999943170204632], "world_rotation": [0.0003168322649533103, 0.9902591332352458, 0.1392363051129113, 0.003404508123945083]}, {"color": "CVYellow", "id_name": "object35379323313059", "shape": "CVCone", "id_string": "ob11608", "world_size": [0.04, 0.04, 0.04], "id": 11608, "camera_size": [16, 17], "camera_position": [255, 297], "world_position": [0.5950260676418508, 0.6199874431890879, -0.15114174349686538], "world_orientation": [0.9999393486043043, -2.04180917824468e-12, 0.011013587644342442, -4.108301349146738e-12, 1.0, 5.583885607287921e-10, -0.011013587644342442, -5.583999408202216e-10, 0.9999393486043043], "world_rotation": [-5.070048641791552e-08, 0.9999999999999988, -9.381557752271529e-11, 0.01101381031289861]}, {"color": "CVBlue", "id_name": "object126946811267402", "shape": "CVCone", "id_string": "ob11615", "world_size": [0.04, 0.04, 0.04], "id": 11615, "camera_size": [18, 18], "camera_position": [272, 295], "world_position": [0.5987356366920688, 0.6199814353479066, -0.10835279727109166], "world_orientation": [0.996116421869896, 0.0004708438406713224, -0.08804460453198297, -0.0004972507336360629, 0.9999998377305546, -0.0002779938353302574, 0.08804445935334872, 0.00032069446874729115, 0.9961164943580819], "world_rotation": [-0.0033998465505963252, 0.9999791082785775, 0.005497640385978959, -0.0881605283779854]}, {"color": "CVBlue", "id_name": "object169755996325856", "shape": "CVBox", "id_string": "ob11622", "world_size": [0.04, 0.04, 0.04], "id": 11622, "camera_size": [16, 17], "camera_position": [289, 295], "world_position": [0.6, 0.6199874431539305, -0.065], "world_orientation": [1.0, 2.049142105997599e-16, 5.802954297681148e-18, -2.049142105997599e-16, 1.0, 6.179952383167331e-17, -5.802954297681148e-18, -6.179952383167331e-17, 1.0], "world_rotation": [-0.28863572672225335, 0.027102796704540077, -0.9570553043948448, 2.1410905896324258e-16]}, {"color": "CVGreen", "id_name": "object148552496577415", "shape": "CVCylinder", "id_string": "ob11629", "world_size": [0.04, 0.04, 0.04], "id": 11629, "camera_size": [16, 16], "camera_position": [219, 277], "world_position": [0.6460548684860696, 0.6199816144061424, -0.2429003288763379], "world_orientation": [0.9999956758217046, 0.0002900554638127446, -0.002926466422214916, -0.00029064499309359754, 0.9999999375573762, -0.0002010242070245505, 0.0029264079313090683, 0.00020187390057310603, 0.999995697682519], "world_rotation": [-0.06834115973131635, 0.9927875399229948, 0.09850069268907023, -0.0029477015947793543]}, {"color": "CVYellow", "id_name": "object108820540625168", "shape": "CVBox", "id_string": "ob11636", "world_size": [0.04, 0.04, 0.04], "id": 11636, "camera_size": [16, 16], "camera_position": [236, 277], "world_position": [0.6449754845427875, 0.619984650508998, -0.20045842351962678], "world_orientation": [0.9999898482749027, 0.0006946786407969323, 0.004452052192321269, -0.0006947202854941597, 0.9999997586513542, 7.807578644039056e-06, -0.004452045694066382, -1.090043035372318e-05, 0.9999900895360506], "world_rotation": [-0.002075930542750819, 0.9880414725161901, -0.15417437887152383, 0.004505948517836773]}, {"color": "CVBlue", "id_name": "object214246840950833", "shape": "CVBox", "id_string": "ob11643", "world_size": [0.04, 0.04, 0.04], "id": 11643, "camera_size": [16, 17], "camera_position": [255, 277], "world_position": [0.6465207232133318, 0.6199841374254873, -0.1514547472719304], "world_orientation": [0.9999526526722436, 0.0006918378430419653, -0.009706378013561806, -0.0006983690869527858, 0.9999995320194403, -0.0006695084158422748, 0.009705910279907276, 0.0006762553507588245, 0.9999526678720043], "world_rotation": [-0.0689835365374973, 0.9950693665583651, 0.07126168271879264, -0.009754393407121625]}, {"color": "CVPurple", "id_name": "object115046717933670", "shape": "CVCone", "id_string": "ob11650", "world_size": [0.04, 0.04, 0.04], "id": 11650, "camera_size": [16, 16], "camera_position": [271, 277], "world_position": [0.64567333866079, 0.6199695914602087, -0.10963963931873383], "world_orientation": [0.999996060791872, -4.26931776454665e-06, -0.002806845651542102, 5.707855378053288e-06, 0.9999998686542451, 0.0005125025984368763, 0.002806843094838392, -0.0005125166006515226, 0.9999959294710029], "world_rotation": [0.1796227570948099, 0.9837340129762882, -0.0017483841761012074, -0.0028532592597496]}, {"color": "CVGreen", "id_name": "object89637777831302", "shape": "CVBox", "id_string": "ob11657", "world_size": [0.04, 0.04, 0.04], "id": 11657, "camera_size": [16, 16], "camera_position": [289, 277], "world_position": [0.6449927124723521, 0.6199828970054634, -0.06501801303131488], "world_orientation": [0.9999999593539789, -0.0002358655693625557, 0.00016018574761554282, 0.00023587690120933027, 0.9999999696799098, -7.072670912905161e-05, -0.00016016906076317224, 7.076449037207213e-05, 0.9999999846691293], "world_rotation": [0.24082503553082615, 0.5452597644397122, 0.8029290700583245, 0.0002937634810772331]}, {"color": "CVBlue", "id_name": "object53576706658390", "shape": "CVCylinder", "id_string": "ob11664", "world_size": [0.04, 0.04, 0.04], "id": 11664, "camera_size": [17, 16], "camera_position": [219, 258], "world_position": [0.6937199040869115, 0.6199828042986921, -0.24365792991708077], "world_orientation": [0.9999676099682069, 0.0009838728035796503, 0.0079881793156266, -0.0009860065069084755, 0.9999994792652448, 0.0002631737221236999, -0.007987916226436183, -0.00027104159470202284, 0.9999680593553043], "world_rotation": [-0.03316882943793851, 0.991937841220233, -0.12230759546757809, 0.008053059153067981]}, {"color": "CVYellow", "id_name": "object48887684378580", "shape": "CVCone", "id_string": "ob11671", "world_size": [0.04, 0.04, 0.04], "id": 11671, "camera_size": [16, 16], "camera_position": [236, 259], "world_position": [0.6905916092979781, 0.6199737065582822, -0.19947753588281536], "world_orientation": [0.9999013494483288, -0.0001787780150503961, 0.014044906900108983, 0.00017015607232050156, 0.9999997963638785, 0.0006150765096610339, -0.014045014002216114, -0.0006126260058298046, 0.9999011762524609], "world_rotation": [-0.043661111084118985, 0.9989693279810533, 0.01240923575337427, 0.014059914359574115]}, {"color": "CVPurple", "id_name": "object142586036306589", "shape": "CVBox", "id_string": "ob11678", "world_size": [0.04, 0.04, 0.04], "id": 11678, "camera_size": [16, 16], "camera_position": [255, 260], "world_position": [0.6877334968486192, 0.6199767363297585, -0.15166409877813727], "world_orientation": [0.9999999464332154, -0.00028216265991636746, 0.0001658848986279333, 0.0002823077236941548, 0.9999995772401724, -0.0008751124646777622, -0.00016563790443767414, 0.0008751592483889338, 0.9999996033301086], "world_rotation": [0.9366326086293278, 0.17740963619379158, 0.3020681668726564, 0.0009343428531127108]}, {"color": "CVPurple", "id_name": "object260525087623690", "shape": "CVSphere", "id_string": "ob11685", "world_size": [0.04, 0.04, 0.04], "id": 11685, "camera_size": [16, 16], "camera_position": [271, 258], "world_position": [0.6933478794097098, 0.6199701325533254, -0.11014085295899456], "world_orientation": [0.9999056869455407, -6.968720096436035e-05, -0.01373362143283179, 7.147487174699126e-05, 0.9999999890376496, 0.00012967668737670778, 0.013733612245473644, -0.00013064606600276222, 0.9999056809651082], "world_rotation": [0.009477023722731901, 0.999941886707357, -0.005138991096507772, -0.013734846824515775]}, {"color": "CVBlue", "id_name": "object185059693754676", "shape": "CVCylinder", "id_string": "ob11692", "world_size": [0.04, 0.04, 0.04], "id": 11692, "camera_size": [17, 16], "camera_position": [290, 260], "world_position": [0.6896338619354802, 0.6199874431459742, -0.0643507749198653], "world_orientation": [0.9998271514945819, -5.446444945703368e-10, 0.018592125597433003, 5.479254369867346e-10, 1.0, -1.7137547327955111e-10, -0.018592125597433003, 1.8153294982761786e-10, 0.9998271514945819], "world_rotation": [9.490803546311416e-09, 0.9999999999999994, 2.9382598719855923e-08, 0.0185931968785418]}, {"color": "CVPurple", "id_name": "object71458482907123", "shape": "CVCapsule", "id_string": "ob11699", "world_size": [0.04, 0.08, 0.04], "id": 11699, "camera_size": [19, 18], "camera_position": [218, 241], "world_position": [0.73630488697679, 0.6399748864000944, -0.24631620351735345], "world_orientation": [0.9978993578591099, 1.5294151224008502e-10, 0.06478326623732555, -1.6004938683178752e-10, 1.0, 1.0452804402132063e-10, -0.06478326623732555, -1.146769900453889e-10, 0.9978993578591099], "world_rotation": [-1.6918337620063704e-09, 1.0, -2.415677050963043e-09, 0.06482866654056003]}, {"color": "CVYellow", "id_name": "object84693344122977", "shape": "CVCone", "id_string": "ob11706", "world_size": [0.04, 0.04, 0.04], "id": 11706, "camera_size": [17, 17], "camera_position": [236, 241], "world_position": [0.7381023352843068, 0.6199759699372019, -0.20132999692499687], "world_orientation": [0.9990126200803855, -0.00036519486585174, 0.0444257982802039, 0.00035100110703980945, 0.9999998848384902, 0.0003272937969213967, -0.044425912690076154, -0.0003113771292210234, 0.9990126332163859], "world_rotation": [-0.007187635159921933, 0.999941684595792, 0.008060105987980851, 0.044443075466941734]}, {"color": "CVYellow", "id_name": "object261648747398084", "shape": "CVCone", "id_string": "ob11713", "world_size": [0.04, 0.04, 0.04], "id": 11713, "camera_size": [18, 17], "camera_position": [255, 202], "world_position": [0.8373079645033608, 0.6225308729746697, -0.15115583482241493], "world_orientation": [-0.00023994165242129627, -0.0007520593460075828, -0.9999996884173233, -0.13882320998716682, 0.9903169241118513, -0.0007114678495700882, 0.9903171506122989, 0.13882299602148798, -0.00034202157170579433], "world_rotation": [-0.06976815088430333, 0.9951715273819927, 0.0690364846322373, -1.575928868885421]}, {"color": "CVPurple", "id_name": "object39064688938579", "shape": "CVCapsule", "id_string": "ob11720", "world_size": [0.04, 0.08, 0.04], "id": 11720, "camera_size": [17, 17], "camera_position": [272, 242], "world_position": [0.7346720925869861, 0.6399623295845556, -0.10937319833162938], "world_orientation": [0.9998792383420394, -3.509402095316669e-06, 0.015540550834100487, 3.3644834731039307e-06, 0.9999999999506164, 9.351336654226737e-06, -0.015540550866150634, -9.297921444863952e-06, 0.9998792383044692], "world_rotation": [-0.0006000190876688687, 0.9999997955327409, 0.00022115960461210166, 0.015541179625794689]}, {"color": "CVRed", "id_name": "object71406028635371", "shape": "CVCone", "id_string": "ob11727", "world_size": [0.04, 0.04, 0.04], "id": 11727, "camera_size": [16, 16], "camera_position": [289, 242], "world_position": [0.735, 0.6199874431539305, -0.065], "world_orientation": [1.0, 4.228388472693457e-17, -1.6957377686420176e-17, -4.228388472693457e-17, 1.0, 1.0733601507606494e-16, 1.6957377686420176e-17, -1.0733601507606494e-16, 1.0], "world_rotation": [0.92051720276698, 0.14542702990328832, 0.3626279889688094, -1.1660402951017529e-16]}, {"color": "CVBlue", "id_name": "object48330492597912", "shape": "CVBox", "id_string": "ob11734", "world_size": [0.04, 0.04, 0.04], "id": 11734, "camera_size": [16, 16], "camera_position": [218, 224], "world_position": [0.7801416814973089, 0.6199874431899215, -0.2455279047752383], "world_orientation": [0.9999745546514603, -1.467999435434024e-12, 0.007133726208197432, 5.083979739300921e-12, 1.0, -5.068670754526288e-10, -0.007133726208197432, 5.068904457627389e-10, 0.9999745546514603], "world_rotation": [7.105385682243081e-08, 0.9999999999999974, 4.592255844642585e-10, 0.0071337867155298875]}, {"color": "CVRed", "id_name": "object92843548876908", "shape": "CVSphere", "id_string": "ob11741", "world_size": [0.04, 0.04, 0.04], "id": 11741, "camera_size": [19, 20], "camera_position": [236, 203], "world_position": [0.8341427175475348, 0.6199874431892832, -0.20064790291868206], "world_orientation": [0.9827437367013765, 1.1033725598281457e-10, 0.18497228974691302, -8.661129434225515e-12, 1.0, -5.504910244550217e-10, -0.18497228974691302, 5.393895374502535e-10, 0.9827437367013765], "world_rotation": [2.9460644169905026e-09, 1.0, -3.216654385904472e-10, 0.18604366543117382]}, {"color": "CVPurple", "id_name": "object38129807038951", "shape": "CVCone", "id_string": "ob11748", "world_size": [0.04, 0.04, 0.04], "id": 11748, "camera_size": [22, 24], "camera_position": [268, 181], "world_position": [0.8891189416051317, 0.6199748856376419, -0.11925586284589479], "world_orientation": [0.00020662146673791626, 0.7976016628105864, -0.6031845031077615, -0.9999999621164779, 0.0002744993396893436, 2.0424382262462796e-05, 0.00018186426906835473, 0.6031844760368922, 0.7976016893120825], "world_rotation": [-0.3031308339578755, 0.30323251132645385, 0.9034167042836074, -1.671927218918118]}, {"color": "CVRed", "id_name": "object43263078104414", "shape": "CVSphere", "id_string": "ob11755", "world_size": [0.04, 0.04, 0.04], "id": 11755, "camera_size": [18, 18], "camera_position": [272, 223], "world_position": [0.7817749582355764, 0.6199874431851293, -0.10722047996731764], "world_orientation": [0.9931493234403969, 6.402207996841719e-11, -0.11685213455423947, 6.776718092735083e-12, 1.0, 6.054863544193331e-10, 0.11685213455423947, -6.021302372183614e-10, 0.9931493234403969], "world_rotation": [5.167285117402596e-09, 1.0, 2.4494786549710145e-10, -0.11711970664433304]}, {"color": "CVBlue", "id_name": "object136015779573065", "shape": "CVCone", "id_string": "ob11762", "world_size": [0.04, 0.04, 0.04], "id": 11762, "camera_size": [17, 17], "camera_position": [290, 225], "world_position": [0.7794159930560026, 0.6199874432008756, -0.06364770117814178], "world_orientation": [0.9988853270403794, 4.33579309099729e-11, -0.04720279041999963, -4.7554449417803095e-11, 1.0, -8.778105726561005e-11, 0.04720279041999963, 8.992791280411617e-11, 0.9988853270403794], "world_rotation": [-1.8823989904888297e-09, 0.9999999999999999, 9.629979448127794e-10, -0.047220336801673014]}, {"color": "CVGreen", "id_name": "object76939170754803", "shape": "CVCone", "id_string": "ob11769", "world_size": [0.04, 0.04, 0.04], "id": 11769, "camera_size": [21, 21], "camera_position": [234, 272], "world_position": [0.660636193928885, 0.6599807880963927, -0.2045783739617301], "world_orientation": [0.908834425499477, 0.0013196409358439002, 0.4171549419278597, -0.001607422989757561, 0.9999986507750267, 0.0003385844919559807, -0.4171539322820385, -0.0009782616861756677, 0.9088353204985521], "world_rotation": [-0.0015783560193934093, 0.9999926001310717, -0.003508343679652234, 0.430315459998408]}, {"color": "CVYellow", "id_name": "object118099880375972", "shape": "CVCapsule", "id_string": "ob11776", "world_size": [0.04, 0.08, 0.04], "id": 11776, "camera_size": [18, 18], "camera_position": [256, 263], "world_position": [0.6813026753588253, 0.6799637152895368, -0.1494895583845267], "world_orientation": [0.05643466324060917, 5.580265253641094e-05, -0.9984062928843062, -0.0005772365484645663, 0.9999998331283728, 2.326356831612401e-05, 0.9984061275767925, 0.0005750037308261442, 0.056434686034595616], "world_rotation": [-0.00027631043760954695, 0.9999999115738916, 0.00031702484346406677, -1.514331736504479]}, {"color": "CVYellow", "id_name": "object204195748980986", "shape": "CVCapsule", "id_string": "ob11783", "world_size": [0.04, 0.08, 0.04], "id": 11783, "camera_size": [24, 24], "camera_position": [276, 282], "world_position": [0.635070315998762, 0.6799603962326588, -0.10092202122609684], "world_orientation": [0.7368855958809445, -0.00015298263266528693, -0.6760174518305719, 0.00030126043076033693, 0.9999999494103102, 0.00010208589574627451, 0.6760174020136895, -0.0002788829348580169, 0.7368856046897445], "world_rotation": [0.00028177438835703445, 0.9999999038637044, -0.00033596990378230435, -0.7423446296071418]}, {"color": "CVRed", "id_name": "object229660950297912", "shape": "CVCapsule", "id_string": "ob11790", "world_size": [0.04, 0.08, 0.04], "id": 11790, "camera_size": [23, 22], "camera_position": [232, 254], "world_position": [0.7031916611274264, 0.6799632685550638, -0.20805965118012718], "world_orientation": [0.9167940616705306, 0.000393411655703078, 0.3993601053096324, -0.0005843272573226896, 0.999999765802217, 0.00035631049302835136, -0.39935987160368003, -0.0005600203391389693, 0.9167940768405478], "world_rotation": [-0.0011472475574255264, 0.9999985926627099, -0.0012241305655028736, 0.41081925558969556]}, {"color": "CVPurple", "id_name": "object140775414896481", "shape": "CVCone", "id_string": "ob11797", "world_size": [0.04, 0.04, 0.04], "id": 11797, "camera_size": [22, 24], "camera_position": [266, 182], "world_position": [0.8825452265817397, 0.6599639471427307, -0.1250419214159462], "world_orientation": [0.0002770126166473652, 0.9012943151853906, -0.4332072029393187, -0.9999999349798864, 0.0003496875280449424, 8.808436753426906e-05, 0.0002308770956423456, 0.43320715037165614, 0.901294353450989], "world_rotation": [-0.21682040236883762, 0.21698010152769945, 0.9517922823061998, -1.6198554768910998]}, {"color": "CVYellow", "id_name": "object103140166007163", "shape": "CVCylinder", "id_string": "ob11804", "world_size": [0.04, 0.04, 0.04], "id": 11804, "camera_size": [17, 17], "camera_position": [273, 260], "world_position": [0.6896067840444403, 0.6599574470749688, -0.10770065490986523], "world_orientation": [0.9974125005487656, -0.00013956135202599764, 0.07189078015773484, 0.0001331357366388361, 0.9999999867032502, 9.417205046443643e-05, -0.07189079234459979, -8.435714836169749e-05, 0.9974125058670247], "world_rotation": [-0.0012416663484934147, 0.9999974305798608, 0.0018966017914918433, 0.07195304126177425]}, {"color": "CVGreen", "id_name": "object239671042898210", "shape": "CVCone", "id_string": "ob11811", "world_size": [0.04, 0.04, 0.04], "id": 11811, "camera_size": [16, 17], "camera_position": [237, 224], "world_position": [0.781464648893323, 0.6199874431821872, -0.19692293269081942], "world_orientation": [0.9999389792641731, 5.089908744410669e-10, 0.011047069662314625, -5.116254402927615e-10, 1.0, 2.356594255705363e-10, -0.011047069662314625, -2.412970073389124e-10, 0.9999389792641731], "world_rotation": [-2.1587463802120824e-08, 0.9999999999999987, -4.619398383154505e-08, 0.011047294367905835]}, {"color": "CVGreen", "id_name": "object90346059991569", "shape": "CVCapsule", "id_string": "ob11818", "world_size": [0.04, 0.08, 0.04], "id": 11818, "camera_size": [30, 38], "camera_position": [281, 161], "world_position": [0.9409029959296523, 0.6199748863756372, -0.08502232974665516], "world_orientation": [5.313694761976961e-10, 0.8488839550704563, -0.5285792568990383, -1.0, 6.261053342448974e-10, 2.294830991900198e-13, 3.311410035067297e-10, 0.5285792568990384, 0.8488839550704562], "world_rotation": [-0.2650472908095207, 0.26504729097568097, 0.9270921567897046, -1.6464264276524456]}, {"color": "CVBlue", "id_name": "object155267922894977", "shape": "CVBox", "id_string": "ob11825", "world_size": [0.04, 0.04, 0.04], "id": 11825, "camera_size": [17, 17], "camera_position": [273, 242], "world_position": [0.734560720186291, 0.6999533883437402, -0.10966827046272347], "world_orientation": [0.9997218336371984, -7.095177210598263e-06, 0.023585065162861418, 3.912653076549974e-06, 0.9999999908819712, 0.00013498425447823178, -0.023585065905549315, -0.000134854426221358, 0.9997218245494667], "world_rotation": [-0.005720447498630194, 0.9999836108773222, 0.00023336059555363272, 0.023587639287151026]}, {"color": "CVGreen", "id_name": "object171948324897626", "shape": "CVCone", "id_string": "ob11832", "world_size": [0.04, 0.04, 0.04], "id": 11832, "camera_size": [20, 19], "camera_position": [343, 190], "world_position": [0.867337416754586, 0.6199874431851046, 0.07352211067809976], "world_orientation": [5.513499743564633e-10, 0.9920540199250064, -0.12581264463731462, -1.0, 5.531995382612732e-10, -2.0237617137652822e-11, 4.952269150315659e-11, 0.12581264463731462, 0.9920540199250063], "world_rotation": [-0.06290681881165097, 0.06290681882629362, 0.9960348710221715, -1.5747693267322314]}, {"color": "CVGreen", "id_name": "object6834126236561", "shape": "CVCapsule", "id_string": "ob11839", "world_size": [0.04, 0.08, 0.04], "id": 11839, "camera_size": [38, 28], "camera_position": [351, 250], "world_position": [0.7139089975657897, 0.6199748863782416, 0.0934362013883433], "world_orientation": [0.8814863791996458, -0.4722094485347561, 4.835459255225771e-10, -3.235807455315154e-10, 4.199703362850471e-10, 1.0, -0.4722094485347561, -0.8814863791996457, 2.1740026445726812e-10], "world_rotation": [-0.9423992005188759, 0.23652034484650736, 0.23652034444223363, 1.630087870547336]}, {"color": "CVBlue", "id_name": "object34110200287960", "shape": "CVCylinder", "id_string": "ob11846", "world_size": [0.04, 0.04, 0.04], "id": 11846, "camera_size": [19, 20], "camera_position": [313, 157], "world_position": [0.9516171777562652, 0.6199874431307494, -0.004876507204605495], "world_orientation": [-1.923420311911172e-10, 0.19016396891659548, -0.9817523439879777, 1.0, -5.110519785134215e-10, -2.94907265274702e-10, -5.578074668832754e-10, -0.9817523439879776, -0.19016396891659526], "world_rotation": [0.6107970014586857, 0.6107970012951224, -0.503839305947804, -2.2081639853052337]}, {"color": "CVRed", "id_name": "object229584031450036", "shape": "CVBox", "id_string": "ob11853", "world_size": [0.04, 0.04, 0.04], "id": 11853, "camera_size": [25, 25], "camera_position": [260, 205], "world_position": [0.8267809233316703, 0.6614564865982119, -0.14083823103041299], "world_orientation": [-0.707588840834432, -0.7066236413890252, -0.0010304157895298927, 0.09761179699811573, -0.09918916292979907, 0.990269381049462, -0.6998499620728601, 0.7006029827137479, 0.1391599482581689], "world_rotation": [-0.2623537983530433, 0.6329279591425001, 0.7284042030531128, 2.55676823277451]}], "source": "manual check"}
