{"timestamp": 1721661008.854466, "objects": [{"color": "cv_", "id_name": "hand", "shape": "CVBox", "id_string": "ob383", "world_size": [0.005, 0.09, 0.5], "id": 383, "camera_size": [3, 208], "camera_position": [246, 271], "world_position": [0.6631606038354896, 0.6656745083822719, -0.17409076593496703], "world_orientation": [-1.3530144882350555e-06, -0.0016614531248916563, 0.9999986197848891, -0.000763677747953602, -0.9999983281825964, -0.0016614536736755448, 0.9999997083971908, -0.0007636789418853007, 8.41974458583437e-08], "world_rotation": [0.0, 1.0, 0.0, 0.0]}, {"color": "CVGreen", "id_name": "object140030687936826", "shape": "CVCone", "id_string": "ob6946", "world_size": [0.04, 0.04, 0.04], "id": 6946, "camera_size": [16, 16], "camera_position": [256, 237], "world_position": [0.7475809119311468, 0.6199755309250705, -0.1498458326616231], "world_orientation": [0.9999985880592646, -0.00024790037756573113, -0.0016620544155236336, 0.0002467580392077449, 0.9999997332443537, -0.0006874748661620607, 0.0016622243974401252, 0.0006870637701996532, 0.9999983824754061], "world_rotation": [-0.3785462738733876, 0.9155023545169587, -0.13622832822316747, -0.0018155500217028528]}, {"color": "CVBlue", "id_name": "object261789594147391", "shape": "CVCylinder", "id_string": "ob6953", "world_size": [0.04, 0.04, 0.04], "id": 6953, "camera_size": [17, 17], "camera_position": [219, 295], "world_position": [0.6000000006856853, 0.6199874429050195, -0.2450012538092071], "world_orientation": [0.9999999999781806, 3.5441299805028635e-08, 6.605881057929911e-06, -3.576812896049946e-08, 0.9999999987760874, 4.947549047369635e-05, -6.605879296369238e-06, -4.9475490708896826e-05, 0.9999999987542691], "world_rotation": [-0.9912036223040641, 0.13234375812837545, -0.0007133132273276658, 4.991455791579397e-05]}, {"color": "CVPurple", "id_name": "object21577307819197", "shape": "CVCone", "id_string": "ob6960", "world_size": [0.04, 0.04, 0.04], "id": 6960, "camera_size": [16, 17], "camera_position": [236, 295], "world_position": [0.5999952645942894, 0.6199833402408943, -0.19987166764617914], "world_orientation": [0.9999999726902443, 0.0002312554196192965, 3.377042326202916e-05, -0.00023125750203921276, 0.9999999713581958, 6.167313587967683e-05, -3.3756160047863634e-05, -6.168094385912636e-05, 0.9999999975279914], "world_rotation": [-0.2551699242020806, 0.13968531224339065, -0.9567530106177721, 0.00024170967900246038]}, {"color": "CVBlue", "id_name": "object88728816248134", "shape": "CVCone", "id_string": "ob6967", "world_size": [0.04, 0.04, 0.04], "id": 6967, "camera_size": [16, 16], "camera_position": [255, 291], "world_position": [0.6094268328913326, 0.6199840462618555, -0.15133919920102656], "world_orientation": [0.9999211089558772, 0.000229806110468564, 0.012558783922041506, -0.00022972408390112788, 0.9999999735816302, -7.973994121885021e-06, -0.012558785422731481, 5.0883099137610006e-06, 0.9999211353315896], "world_rotation": [0.0005199594187051912, 0.9998325502266248, -0.018292106208055464, 0.012561218314603252]}, {"color": "CVBlue", "id_name": "object248701032053846", "shape": "CVCapsule", "id_string": "ob6974", "world_size": [0.04, 0.08, 0.04], "id": 6974, "camera_size": [18, 18], "camera_position": [272, 295], "world_position": [0.6009017884475588, 0.6399748869134942, -0.109067262996817], "world_orientation": [0.9989119925862013, -2.9485531238320697e-08, -0.04663508408338389, 2.572739019924651e-08, 0.9999999999999966, -8.118635796986613e-08, 0.04663508408338611, 7.989822760530765e-08, 0.9989119925861984], "world_rotation": [-1.7270751060176173e-06, 0.9999999999983334, -5.919676411299349e-07, -0.04665200455327236]}, {"color": "CVPurple", "id_name": "object147438050490938", "shape": "CVCone", "id_string": "ob6981", "world_size": [0.04, 0.04, 0.04], "id": 6981, "camera_size": [16, 17], "camera_position": [289, 295], "world_position": [0.6, 0.6199874431539305, -0.065], "world_orientation": [1.0, 2.049142105997599e-16, 5.802954297681148e-18, -2.049142105997599e-16, 1.0, 6.179952383167331e-17, -5.802954297681148e-18, -6.179952383167331e-17, 1.0], "world_rotation": [-0.28863572672225335, 0.027102796704540077, -0.9570553043948448, 2.1410905896324258e-16]}, {"color": "CVRed", "id_name": "object191851437815015", "shape": "CVBox", "id_string": "ob6988", "world_size": [0.04, 0.04, 0.04], "id": 6988, "camera_size": [19, 18], "camera_position": [217, 276], "world_position": [0.6478336298301721, 0.6199864831923267, -0.24887596835924747], "world_orientation": [0.9884693097253782, -0.00034573086843911, 0.15142095033779504, 0.00023749848414093806, 0.999999703253145, 0.0007328629421317725, -0.1514211587774457, -0.0006884502803598963, 0.9884690985107765], "world_rotation": [-0.004693187938432451, 0.9999871325037385, 0.0019258281141365328, 0.15200771754365683]}, {"color": "CVYellow", "id_name": "object244170962723565", "shape": "CVCylinder", "id_string": "ob6995", "world_size": [0.04, 0.04, 0.04], "id": 6995, "camera_size": [17, 18], "camera_position": [237, 276], "world_position": [0.6479185049461298, 0.6209120683642775, -0.19842496741433033], "world_orientation": [0.9945765488086568, 0.0438947536861978, 0.09429071618505003, -0.04476271910136108, 0.9989723530776364, 0.007108921520367479, -0.09388177426164396, -0.011291075473936214, 0.9955193238084973], "world_rotation": [-0.08811233120092565, 0.9011043211732634, -0.42455531966189114, 0.10460280821739314]}, {"color": "CVGreen", "id_name": "object169209230658636", "shape": "CVCone", "id_string": "ob7002", "world_size": [0.04, 0.04, 0.04], "id": 7002, "camera_size": [16, 17], "camera_position": [255, 270], "world_position": [0.6644868734085727, 0.6199730890657755, -0.1513981078771323], "world_orientation": [0.9999184964811949, 0.0013225442049878962, 0.012698475168788784, -0.0013168377194611382, 0.9999990282084095, -0.000457734264940654, -0.012699068202316923, 0.0004409751269054813, 0.9999192663449037], "world_rotation": [0.035174354711724094, 0.9940278887111206, -0.10330208727381125, 0.012775413312456952]}, {"color": "CVBlue", "id_name": "object231606919683182", "shape": "CVSphere", "id_string": "ob7009", "world_size": [0.04, 0.04, 0.04], "id": 7009, "camera_size": [16, 16], "camera_position": [271, 277], "world_position": [0.6443203018916297, 0.6199748693539279, -0.10998984491780614], "world_orientation": [0.9999998710007051, -6.102428478075561e-05, -0.0005042564922400299, 6.0964348840417186e-05, 0.9999999910760955, -0.00011887454311636491, 0.0005042637419740646, 0.00011884378611293827, 0.9999998657971075], "world_rotation": [-0.22784924612555751, 0.966650639910884, -0.11692416944281976, -0.0005216570694288534]}, {"color": "CVGreen", "id_name": "object213559372223382", "shape": "CVCapsule", "id_string": "ob7016", "world_size": [0.04, 0.08, 0.04], "id": 7016, "camera_size": [18, 18], "camera_position": [290, 278], "world_position": [0.6437221196698333, 0.6399748863839004, -0.06372354547905523], "world_orientation": [0.9980238863963474, -4.5940070611424167e-10, -0.06283567603146317, 4.3365641937420065e-10, 1.0, -4.233461429834492e-10, 0.06283567603146317, 3.9526046863448354e-10, 0.9980238863963474], "world_rotation": [-6.51386810263678e-09, 1.0, -7.106290422030866e-09, -0.06287709892058016]}, {"color": "CVGreen", "id_name": "object104832034126018", "shape": "CVCapsule", "id_string": "ob7023", "world_size": [0.04, 0.08, 0.04], "id": 7023, "camera_size": [19, 20], "camera_position": [218, 258], "world_position": [0.6942985057829221, 0.6416359420292393, -0.2456065710239061], "world_orientation": [0.9954032341202442, 0.0928326226443566, 0.023547944197502804, -0.09288848524493662, 0.9956756862335363, 0.0012873042677346768, -0.02332661166692254, -0.003468719698538237, 0.9997218799105047], "world_rotation": [-0.024822126517104144, 0.24464261836166398, -0.9692955438442488, 0.09594926005274894]}, {"color": "CVYellow", "id_name": "object22851694900428", "shape": "CVBox", "id_string": "ob7030", "world_size": [0.04, 0.04, 0.04], "id": 7030, "camera_size": [16, 17], "camera_position": [236, 255], "world_position": [0.7030864361505041, 0.621311246351674, -0.20005528190806418], "world_orientation": [0.9974461037875202, 0.0710632604001964, 0.00716121919713641, -0.07107200300498809, 0.9974707126905414, 0.0009735057691931323, -0.007073925922323576, -0.0014799817287946193, 0.9999738842720484], "world_rotation": [-0.0171731802601915, 0.09963886645722458, -0.9948754586232742, 0.07149458821934819]}, {"color": "CVYellow", "id_name": "object243568035865523", "shape": "CVCapsule", "id_string": "ob7037", "world_size": [0.04, 0.08, 0.04], "id": 7037, "camera_size": [16, 17], "camera_position": [255, 253], "world_position": [0.7074408801303979, 0.6402475585771737, -0.15145428810763878], "world_orientation": [0.9998634557797461, 0.016005566311467233, 0.004109944431863967, -0.016002624021407508, 0.9998716701849729, -0.0007477873644133892, -0.0041213857637032465, 0.0006819153628788205, 0.9999912745473456], "world_rotation": [0.043218825772411235, 0.24882684967047522, -0.9675832429212075, 0.016541031594788105]}, {"color": "CVPurple", "id_name": "object267912096400303", "shape": "CVSphere", "id_string": "ob7044", "world_size": [0.04, 0.04, 0.04], "id": 7044, "camera_size": [16, 16], "camera_position": [271, 259], "world_position": [0.6901487124672241, 0.6199765038596446, -0.11001871525468816], "world_orientation": [0.9999968933997202, 1.3534113754256802e-05, -0.002492590567413479, -1.363896811889498e-05, 0.9999999990229123, -4.204942777610569e-05, 0.0024925899958762607, 4.2083293508624066e-05, 0.9999968926072265], "world_rotation": [-0.01687391103138125, 0.9998427724171329, 0.005449914836633522, -0.0024929848295226448]}, {"color": "CVYellow", "id_name": "object42210036516205", "shape": "CVCone", "id_string": "ob7051", "world_size": [0.04, 0.04, 0.04], "id": 7051, "camera_size": [16, 15], "camera_position": [289, 260], "world_position": [0.6900688245904761, 0.6199756456583229, -0.06483537852807486], "world_orientation": [0.9999993868040862, -0.0001887877576370119, 0.0010912152098405744, 0.0001888125940232917, 0.9999999819182249, -2.265732787002278e-05, -0.0010912109126833436, 2.286334915105301e-05, 0.9999994043678283], "world_rotation": [0.020548137116823403, 0.9851521143280851, 0.17044965736525164, 0.0011076596888217047]}, {"color": "CVYellow", "id_name": "object140501057396356", "shape": "CVCone", "id_string": "ob7058", "world_size": [0.04, 0.04, 0.04], "id": 7058, "camera_size": [16, 16], "camera_position": [218, 242], "world_position": [0.7348433519073749, 0.6199864308755522, -0.24569699437600367], "world_orientation": [0.9999623216373894, 0.0003348038073242844, -0.00867428452224541, -0.0003358152491994618, 0.9999999369847454, -0.00011514609667630246, 0.008674245424281595, 0.00011805471517838012, 0.9999623710567331], "world_rotation": [-0.013430864608610534, 0.9991635750197362, 0.03862333788845132, -0.00868163547537664]}, {"color": "CVRed", "id_name": "object62206487130104", "shape": "CVCapsule", "id_string": "ob7065", "world_size": [0.04, 0.08, 0.04], "id": 7065, "camera_size": [17, 19], "camera_position": [236, 238], "world_position": [0.7445939758477681, 0.641250852243194, -0.19990202824187323], "world_orientation": [0.9974323036491607, 0.07123123762501124, 0.00741015678227945, -0.07124137894372436, 0.9974584834819503, 0.0011133984391993, -0.007312014997622026, -0.0016384493574487257, 0.9999719245660739], "world_rotation": [-0.01920907758963248, 0.10276707176628654, -0.9945199547011303, 0.07169023030686687]}, {"color": "CVPurple", "id_name": "object180504237839796", "shape": "CVSphere", "id_string": "ob7072", "world_size": [0.04, 0.04, 0.04], "id": 7072, "camera_size": [16, 16], "camera_position": [255, 220], "world_position": [0.7903050548326581, 0.6199727069446268, -0.15137693231585972], "world_orientation": [0.9998915646789693, 0.0003776616578702476, 0.014721285796921266, -0.00036459234101508277, 0.999999537078985, -0.0008904573211891097, -0.014721615273716883, 0.0008849934961121693, 0.9998912395006991], "world_rotation": [0.06017310333177093, 0.997870913261114, -0.025156273628146417, 0.014753395860112964]}, {"color": "CVPurple", "id_name": "object99422664785870", "shape": "CVSphere", "id_string": "ob7079", "world_size": [0.04, 0.04, 0.04], "id": 7079, "camera_size": [16, 16], "camera_position": [272, 241], "world_position": [0.7369007947854517, 0.6199560144956349, -0.10725838078416725], "world_orientation": [0.9998673166724675, 0.00037600452595722584, -0.016285197904720775, -0.00037921290237947586, 0.99999990929547, -0.00019392428119755737, 0.016285123511172128, 0.00020007410784191238, 0.99986736856574], "world_rotation": [-0.012092718053338865, 0.9996581832459253, 0.023179362362642807, -0.016291449798454132]}, {"color": "CVPurple", "id_name": "object72162108343917", "shape": "CVCylinder", "id_string": "ob7086", "world_size": [0.04, 0.04, 0.04], "id": 7086, "camera_size": [16, 16], "camera_position": [289, 242], "world_position": [0.735, 0.6199874431539305, -0.065], "world_orientation": [1.0, 4.228388472693457e-17, -1.6957377686420176e-17, -4.228388472693457e-17, 1.0, 1.0733601507606494e-16, 1.6957377686420176e-17, -1.0733601507606494e-16, 1.0], "world_rotation": [0.92051720276698, 0.14542702990328832, 0.3626279889688094, -1.1660402951017529e-16]}, {"color": "CVPurple", "id_name": "object234380389184431", "shape": "CVCapsule", "id_string": "ob7093", "world_size": [0.04, 0.08, 0.04], "id": 7093, "camera_size": [18, 17], "camera_position": [218, 224], "world_position": [0.7800000418052704, 0.6399748863995599, -0.24500003518679725], "world_orientation": [0.9999999999999829, 3.0069302180886547e-10, 1.8587372283989223e-07, -3.0069306624475894e-10, 1.0, 2.384453681893838e-10, -1.8587372283982034e-07, -2.3844542422554246e-10, 0.9999999999999829], "world_rotation": [-0.0012828326906801956, 0.999997868652222, -0.0016177241115702477, 1.8587411900224784e-07]}, {"color": "CVRed", "id_name": "object149497480849971", "shape": "CVCapsule", "id_string": "ob7100", "world_size": [0.04, 0.08, 0.04], "id": 7100, "camera_size": [17, 20], "camera_position": [236, 222], "world_position": [0.7846800243024912, 0.6412655832179663, -0.19990027559774307], "world_orientation": [0.9974274489624032, 0.07132841896609109, 0.007123250953770097, -0.07133394205222417, 0.9974523518110123, 0.0005240018802232867, -0.007067727190726436, -0.0010307834294022917, 0.9999744920336114], "world_rotation": [-0.010844197581277965, 0.09897814824837606, -0.9950305168928945, 0.07174897374402124]}, {"color": "CVYellow", "id_name": "object203218322472258", "shape": "CVCone", "id_string": "ob7107", "world_size": [0.04, 0.04, 0.04], "id": 7107, "camera_size": [21, 23], "camera_position": [254, 167], "world_position": [0.9269819370696838, 0.619987443055847, -0.15500006852794168], "world_orientation": [0.8803109007443753, -5.574625103128083e-09, -0.474397215454124, 6.125245516053838e-09, 1.0, -3.8470863585397716e-10, 0.474397215454124, -2.567136211036044e-09, 0.8803109007443753], "world_rotation": [2.3002111986396298e-09, 0.9999999999999999, -1.2331301953345192e-08, -0.49427916475820993]}, {"color": "CVYellow", "id_name": "object174434498648718", "shape": "CVBox", "id_string": "ob7114", "world_size": [0.04, 0.04, 0.04], "id": 7114, "camera_size": [16, 16], "camera_position": [272, 224], "world_position": [0.7800955421514731, 0.6199823673861625, -0.1084307469612463], "world_orientation": [0.999987474472833, -0.00015814917682834196, -0.005002587958547855, 0.00015998673047384323, 0.9999999198860361, 0.00036692256338711603, 0.005002529529269344, -0.00036771831517997604, 0.9999874196616423], "world_rotation": [0.07319257722701812, 0.9968140294898816, -0.031696013172204815, -0.005018568755128202]}, {"color": "CVRed", "id_name": "object143103810238637", "shape": "CVSphere", "id_string": "ob7121", "world_size": [0.04, 0.04, 0.04], "id": 7121, "camera_size": [16, 16], "camera_position": [289, 224], "world_position": [0.78, 0.6199874431539305, -0.065], "world_orientation": [1.0, 4.228388472693457e-17, -1.6957377686420176e-17, -4.228388472693457e-17, 1.0, 1.0733601507606494e-16, 1.6957377686420176e-17, -1.0733601507606494e-16, 1.0], "world_rotation": [0.92051720276698, 0.14542702990328832, 0.3626279889688094, -1.1660402951017529e-16]}, {"color": "CVYellow", "id_name": "object100807129582229", "shape": "CVSphere", "id_string": "ob7128", "world_size": [0.04, 0.04, 0.04], "id": 7128, "camera_size": [22, 21], "camera_position": [232, 272], "world_position": [0.6606843566768758, 0.6606163770930565, -0.207995670971327], "world_orientation": [0.9488475364026755, 0.07088013854469458, 0.3076757361613983, -0.07542716171639545, 0.9971471094681537, 0.002895747695347074, -0.30659271996898785, -0.025954730574430616, 0.9514868659223975], "world_rotation": [-0.04564149785751284, 0.9717735755452619, -0.23145835812365842, 0.3215688071844464]}, {"color": "CVGreen", "id_name": "object75646730832374", "shape": "CVBox", "id_string": "ob7135", "world_size": [0.04, 0.04, 0.04], "id": 7135, "camera_size": [20, 21], "camera_position": [257, 271], "world_position": [0.662349774554796, 0.6600274770924108, -0.1461655480939923], "world_orientation": [0.9506213641518763, 0.005402167114732109, -0.31030604023848846, -0.004612345769584919, 0.9999839871619236, 0.003278976401812513, 0.31031878493659987, -0.001685826268142183, 0.9506310586685384], "world_rotation": [0.007998387181644211, 0.9998378538448341, 0.01613356195787395, -0.3155745884921685]}, {"color": "CVYellow", "id_name": "object197644127248195", "shape": "CVBox", "id_string": "ob7142", "world_size": [0.04, 0.04, 0.04], "id": 7142, "camera_size": [18, 19], "camera_position": [273, 279], "world_position": [0.6423796746403828, 0.6599645557702959, -0.10618225379750718], "world_orientation": [0.9922288528990357, -9.775904355322163e-05, -0.12442625895619272, 5.6527497880390096e-05, 0.9999999423220509, -0.00033490377260510354, 0.12442628451941382, 0.0003252676810341103, 0.9922288011953844], "world_rotation": [-0.0026528521449462996, 0.9999962889873604, -0.0006199895195743902, -0.12475005383039178]}, {"color": "CVYellow", "id_name": "object62520909721181", "shape": "CVCone", "id_string": "ob7149", "world_size": [0.04, 0.04, 0.04], "id": 7149, "camera_size": [17, 18], "camera_position": [234, 253], "world_position": [0.7058926361230018, 0.6611941413711268, -0.2052140156693779], "world_orientation": [0.9974401389794189, 0.07105976544961064, 0.00797990519770636, -0.07106402572437236, 0.9974717244733293, 0.0002512449975089352, -0.007941876388096474, -0.0008176860334810493, 0.9999681284865968], "world_rotation": [-0.007474161774794646, 0.11132801636886136, -0.9937556086267584, 0.07156950533160533]}, {"color": "CVRed", "id_name": "object51717948550930", "shape": "CVCone", "id_string": "ob7156", "world_size": [0.04, 0.04, 0.04], "id": 7156, "camera_size": [18, 19], "camera_position": [256, 233], "world_position": [0.7559966742585199, 0.6599692954631036, -0.14835097077398154], "world_orientation": [-0.15402352195968116, -0.9880671238989746, 0.0003366795867736916, -0.0006557191563942855, -0.00023852967600090924, -0.9999997565679613, 0.9880669636798529, -0.1540237052326759, -0.0006111553601543251], "world_rotation": [-0.518091155927476, 0.6049040322390192, -0.6047087447116234, -2.186381776919958]}, {"color": "CVPurple", "id_name": "object123890055310575", "shape": "CVCylinder", "id_string": "ob7163", "world_size": [0.04, 0.04, 0.04], "id": 7163, "camera_size": [20, 20], "camera_position": [273, 258], "world_position": [0.6936097786105904, 0.6599715778137669, -0.10749226854825703], "world_orientation": [0.9714030463658732, -1.1083288652000601e-06, -0.23743656312765504, 2.9631651742183088e-05, 0.999999992767698, 0.00011656144087271557, 0.23743656128125368, -0.00012026377630201109, 0.9714030393732344], "world_rotation": [0.0004987125508996094, 0.999999873547705, -6.473303107752241e-05, -0.23972612489808595]}, {"color": "CVGreen", "id_name": "object235054849668673", "shape": "CVSphere", "id_string": "ob7170", "world_size": [0.04, 0.04, 0.04], "id": 7170, "camera_size": [17, 18], "camera_position": [233, 237], "world_position": [0.7441219046258724, 0.7014138572378543, -0.20629083189590375], "world_orientation": [0.9974411173533523, 0.07119382231453114, -0.0065312385611891195, -0.07118050232872015, 0.9974609133253676, 0.0022499947455499065, 0.006674840906512866, -0.0017793404314263247, 0.9999761399385997], "world_rotation": [0.02816884706906011, 0.0923229308480401, 0.9953305945736962, -0.07158223921828213]}, {"color": "CVGreen", "id_name": "object12677725398836", "shape": "CVCone", "id_string": "ob7177", "world_size": [0.04, 0.04, 0.04], "id": 7177, "camera_size": [16, 17], "camera_position": [256, 215], "world_position": [0.8011322819418011, 0.6599516001606197, -0.14834760859307555], "world_orientation": [-0.0006957417042742657, 0.9999959622395787, -0.0027552582493259783, -0.999999314881409, -0.000698332477838715, -0.000939451149966982, -0.000941371443008648, 0.002754602746303168, 0.9999957629827821], "world_rotation": [-0.00184702739956576, 0.0009069436248241271, 0.9999978829692825, -1.5714954824515222]}, {"color": "CVPurple", "id_name": "object9779156746915", "shape": "CVCapsule", "id_string": "ob7184", "world_size": [0.04, 0.08, 0.04], "id": 7184, "camera_size": [18, 18], "camera_position": [273, 240], "world_position": [0.7372757700331873, 0.6799351126658039, -0.10810578501201129], "world_orientation": [0.9985667366488485, 0.0005830641138097916, -0.05351759051665516, -0.0005941987901639891, 0.9999998050039961, -0.0001921451732198118, 0.05351746804798372, 0.00022366986612242236, 0.9985668883883163], "world_rotation": [-0.0038845847191427752, 0.9999319735295513, 0.01099810505753802, -0.05354675517055617]}, {"color": "CVYellow", "id_name": "object127973969066380", "shape": "CVCone", "id_string": "ob7191", "world_size": [0.04, 0.04, 0.04], "id": 7191, "camera_size": [18, 18], "camera_position": [256, 243], "world_position": [0.7301107673954847, 0.7000733883753676, -0.14973009468296086], "world_orientation": [0.9959663610888081, -0.08953035580705337, -0.005943312929696269, -0.005975137801414611, -8.745013768881411e-05, -0.999982144880961, 0.08952823748835877, 0.9959840901046241, -0.0006220536087674678], "world_rotation": [-0.997985924008088, 0.047735909450961005, -0.04177772648927442, -1.5731679003468177]}, {"color": "CVPurple", "id_name": "object263732778124461", "shape": "CVCapsule", "id_string": "ob7198", "world_size": [0.04, 0.08, 0.04], "id": 7198, "camera_size": [40, 22], "camera_position": [312, 264], "world_position": [0.6796067642725513, 0.6395624772884888, -0.008072323004323713], "world_orientation": [0.9872303035474803, -0.1294375096046717, 0.09285611915695294, -0.00022732981384142315, -0.5840469445497847, -0.8117198499995035, 0.1592993285569825, 0.8013333249462431, -0.5766182673588249], "world_rotation": [-0.9959679360237887, 0.041024875780161174, -0.07977988455579849, -2.19779561831196]}, {"color": "CVBlue", "id_name": "object93592457826059", "shape": "CVCapsule", "id_string": "ob7205", "world_size": [0.04, 0.08, 0.04], "id": 7205, "camera_size": [29, 38], "camera_position": [279, 137], "world_position": [1.001275302302343, 0.6199748857774957, -0.09223199594727793], "world_orientation": [0.4760841082952583, -0.8793997508691418, 1.237499647199769e-08, -9.245937349078302e-13, 1.40715941676639e-08, 1.0, -0.8793997508691419, -0.4760841082952581, 6.6984493507504794e-09], "world_rotation": [-0.7647475810402077, 0.4556101091590125, 0.455610102747145, 1.835846754759901]}, {"color": "CVGreen", "id_name": "object267530812937877", "shape": "CVBox", "id_string": "ob7212", "world_size": [0.04, 0.04, 0.04], "id": 7212, "camera_size": [21, 21], "camera_position": [273, 243], "world_position": [0.730904958371101, 0.740013470081264, -0.10962431843325567], "world_orientation": [0.9757041631048853, 0.004723496295908215, -0.21904126251128592, -0.00500273880834712, 0.9999872268647648, -0.0007202164485848159, 0.21903506272789064, 0.0017985244118153786, 0.975715330721891], "world_rotation": [-0.0057480364880374765, 0.9997371073815313, 0.022196310525413803, -0.2208876181398732]}], "source": "manual check"}
