{"timestamp": 1721661590.475066, "objects": [{"color": "cv_", "id_name": "hand", "shape": "CVBox", "id_string": "ob383", "world_size": [0.005, 0.09, 0.5], "id": 383, "camera_size": [3, 208], "camera_position": [246, 271], "world_position": [0.6631001368802812, 0.6656726208900896, -0.1740925264284058], "world_orientation": [-1.1199286792869437e-06, -0.001660854065743569, 0.9999986207803079, -0.0007632795322438053, -0.9999983294820526, -0.0016608544367585204, 0.9999997087015083, -0.0007632803395525055, -1.47769105638595e-07], "world_rotation": [0.0, 1.0, 0.0, 0.0]}, {"color": "CVGreen", "id_name": "object190501814943217", "shape": "CVBox", "id_string": "ob12679", "world_size": [0.04, 0.04, 0.04], "id": 12679, "camera_size": [16, 16], "camera_position": [256, 241], "world_position": [0.7371249614588941, 0.6199874432051345, -0.14905195238127575], "world_orientation": [0.9996590310583766, 5.008565316225849e-10, 0.02611171429507565, -5.110276138328438e-10, 1.0, 3.828487686660884e-10, -0.02611171429507565, -3.9606203617593127e-10, 0.9996590310583766], "world_rotation": [-1.491496873855028e-08, 0.9999999999999998, -1.9376057313216263e-08, 0.026114682461096293]}, {"color": "CVGreen", "id_name": "object3395058548046", "shape": "CVCone", "id_string": "ob12686", "world_size": [0.04, 0.04, 0.04], "id": 12686, "camera_size": [17, 17], "camera_position": [219, 295], "world_position": [0.6000165723363313, 0.6199874431896839, -0.2449999597346274], "world_orientation": [0.9999999999981165, 5.343498948531786e-10, -1.940882912689962e-06, -5.343498928053549e-10, 1.0, 1.0556288807796293e-12, 1.9408829126899627e-06, -1.054591781225854e-12, 0.9999999999981165], "world_rotation": [5.436238755655234e-07, 0.9999999621012877, 0.00027531278166466664, -1.9408829862481466e-06]}, {"color": "CVGreen", "id_name": "object178452448272634", "shape": "CVCone", "id_string": "ob12693", "world_size": [0.04, 0.04, 0.04], "id": 12693, "camera_size": [16, 17], "camera_position": [236, 295], "world_position": [0.6000056522117891, 0.6199885547449987, -0.19990323295664048], "world_orientation": [0.9999999071695477, -0.00022090844310421342, 0.0003699464229938367, 0.00022090538751170534, 0.9999999755659563, 8.300395353148075e-06, -0.0003699482475819632, -8.218671424736432e-06, 0.9999999315353715], "world_rotation": [-0.019165295389213216, 0.8584201583030219, 0.5125890393596602, 0.00043096302336480654]}, {"color": "CVPurple", "id_name": "object77306292026681", "shape": "CVSphere", "id_string": "ob12700", "world_size": [0.04, 0.04, 0.04], "id": 12700, "camera_size": [16, 17], "camera_position": [255, 298], "world_position": [0.5935149240880666, 0.6199874431896962, -0.15116288154599639], "world_orientation": [0.9999263706394598, 6.1198241504998215e-12, 0.012134797064547176, -1.246723002661609e-11, 1.0, 5.229990982283798e-10, -0.012134797064547176, -5.231118774455442e-10, 0.9999263706394598], "world_rotation": [-4.310376886030603e-08, 0.9999999999999991, -7.658576438587312e-10, 0.012135094899101667]}, {"color": "CVPurple", "id_name": "object277269183659955", "shape": "CVCone", "id_string": "ob12707", "world_size": [0.04, 0.04, 0.04], "id": 12707, "camera_size": [17, 17], "camera_position": [272, 295], "world_position": [0.6008914143177149, 0.6199874431869157, -0.10959893271183033], "world_orientation": [0.9997566993215206, 5.421137893271995e-10, -0.022057700735542855, -5.418680869687406e-10, 1.0, 1.711598303882024e-11, 0.022057700735542855, -5.159454608037312e-12, 0.9997566993215206], "world_rotation": [5.049356212128638e-10, 0.9999999999999997, 2.45715065521144e-08, -0.02205948979417396]}, {"color": "CVGreen", "id_name": "object56833129404630", "shape": "CVCylinder", "id_string": "ob12714", "world_size": [0.04, 0.04, 0.04], "id": 12714, "camera_size": [16, 17], "camera_position": [289, 295], "world_position": [0.6, 0.6199874431539305, -0.065], "world_orientation": [1.0, 2.049142105997599e-16, 5.802954297681148e-18, -2.049142105997599e-16, 1.0, 6.179952383167331e-17, -5.802954297681148e-18, -6.179952383167331e-17, 1.0], "world_rotation": [-0.28863572672225335, 0.027102796704540077, -0.9570553043948448, 2.1410905896324258e-16]}, {"color": "CVBlue", "id_name": "object259309768337738", "shape": "CVCapsule", "id_string": "ob12721", "world_size": [0.04, 0.08, 0.04], "id": 12721, "camera_size": [19, 18], "camera_position": [217, 277], "world_position": [0.6466413275736834, 0.6399748863964025, -0.24667351063675888], "world_orientation": [0.9966731972895064, 2.908644843415957e-10, 0.08150176565395738, -3.103986343430168e-10, 1.0, 2.2700753578651895e-10, -0.08150176565395738, -2.515503632566949e-10, 0.9966731972895064], "world_rotation": [-2.935874426789042e-09, 1.0, -3.688650876825622e-09, 0.08159226619468823]}, {"color": "CVGreen", "id_name": "object275841397068027", "shape": "CVCone", "id_string": "ob12728", "world_size": [0.04, 0.04, 0.04], "id": 12728, "camera_size": [17, 17], "camera_position": [236, 277], "world_position": [0.6466992183955597, 0.6199874160064437, -0.2012824206955505], "world_orientation": [0.99767597592325, 0.00026681406240496307, 0.06813645042007141, -0.0002637565396508078, 0.9999999637652713, -5.3869692538130774e-05, -0.06813646232435712, 3.577306368877795e-05, 0.9976760101466857], "world_rotation": [0.0006578127346975728, 0.9999922042859691, -0.0038934110616254966, 0.06818982068886523]}, {"color": "CVYellow", "id_name": "object73431635680553", "shape": "CVBox", "id_string": "ob12735", "world_size": [0.04, 0.04, 0.04], "id": 12735, "camera_size": [16, 17], "camera_position": [255, 274], "world_position": [0.6548414951447065, 0.619987433930232, -0.15106776330125657], "world_orientation": [0.9995963581721832, 1.0368313995118875e-06, 0.02840987025373075, 6.6314180139138534e-06, 0.9999999635763914, -0.00026982075558634234, -0.028409869498699385, 0.00026990024236874796, 0.999596321756401], "world_rotation": [0.009498400563456912, 0.9999548843287085, 9.845758243959563e-05, 0.028414975269775444]}, {"color": "CVRed", "id_name": "object180278514551978", "shape": "CVCone", "id_string": "ob12742", "world_size": [0.04, 0.04, 0.04], "id": 12742, "camera_size": [16, 16], "camera_position": [271, 277], "world_position": [0.6448867999742959, 0.6199748862469328, -0.11004744467377378], "world_orientation": [0.9999979242784532, -1.2918946518898714e-05, 0.002037467026930464, 1.2976556128415897e-05, 0.9999999995164371, -2.826189542539894e-05, -0.002037466660831305, 2.8288276066808103e-05, 0.999997923962535], "world_rotation": [0.013875952274986638, 0.9998835349758339, 0.006354087872579571, 0.002037705575320557]}, {"color": "CVPurple", "id_name": "object281273038205370", "shape": "CVCone", "id_string": "ob12749", "world_size": [0.04, 0.04, 0.04], "id": 12749, "camera_size": [16, 16], "camera_position": [289, 277], "world_position": [0.645, 0.6199874431539305, -0.065], "world_orientation": [1.0, 3.5778671692020784e-17, -3.6332864841185517e-17, -3.5778671692020784e-17, 1.0, 1.0733601507606489e-16, 3.6332864841185517e-17, -1.0733601507606489e-16, 1.0], "world_rotation": [0.9032531890035577, 0.3057480381601587, 0.3010843963345121, -1.18832699826363e-16]}, {"color": "CVPurple", "id_name": "object65390207069144", "shape": "CVSphere", "id_string": "ob12756", "world_size": [0.04, 0.04, 0.04], "id": 12756, "camera_size": [16, 15], "camera_position": [218, 260], "world_position": [0.6899203741463314, 0.6199806702378298, -0.2454227643706303], "world_orientation": [0.9999865219613426, 0.0006028360896098205, -0.00515679011656333, -0.0006027271515773451, 0.9999998181028006, 2.267921623416636e-05, 0.0051568028504076786, -1.9570773144582576e-05, 0.9999867034122738], "world_rotation": [0.004068798008262058, 0.9932292797958522, 0.11609927923540551, -0.005191973048647954]}, {"color": "CVRed", "id_name": "object186962854060396", "shape": "CVBox", "id_string": "ob12763", "world_size": [0.04, 0.04, 0.04], "id": 12763, "camera_size": [16, 16], "camera_position": [236, 260], "world_position": [0.6896621324210641, 0.6199676843435888, -0.20014166183972248], "world_orientation": [0.9998904124561303, 0.0009801784899347234, -0.014771673176652034, -0.0009793828128517271, 0.9999995185379978, 6.109892295028571e-05, 0.014771725952502727, -4.662510444310688e-05, 0.9998908910168568], "world_rotation": [0.0036382791352417214, 0.9978009106844354, 0.0661823659462654, -0.014804796262747074]}, {"color": "CVPurple", "id_name": "object63197253435794", "shape": "CVSphere", "id_string": "ob12770", "world_size": [0.04, 0.04, 0.04], "id": 12770, "camera_size": [16, 16], "camera_position": [255, 257], "world_position": [0.696577818769397, 0.6199594080780004, -0.15085251450751058], "world_orientation": [0.9995226935301044, 0.0009760464259495554, 0.030877701528762656, -0.0009603071867838384, 0.9999994013265299, -0.0005245537997984206, -0.03087819503196344, 0.0004946513481865285, 0.9995230324467826], "world_rotation": [0.0164934200049806, 0.9993728365422601, -0.0313352944459863, 0.030902244062214774]}, {"color": "CVGreen", "id_name": "object215076738117283", "shape": "CVCylinder", "id_string": "ob12777", "world_size": [0.04, 0.04, 0.04], "id": 12777, "camera_size": [16, 16], "camera_position": [272, 259], "world_position": [0.691194643297175, 0.6199763311006088, -0.10850171243027341], "world_orientation": [0.9993671642098629, -7.328472074418228e-05, -0.03557057391280968, 7.270265638540321e-05, 0.9999999972012754, -1.765709482825858e-05, 0.0355705751072527, 1.505984557408688e-05, 0.9993671667409033], "world_rotation": [-0.00045988669718427245, 0.9999977887414305, -0.002052076137715701, -0.035578158528229945]}, {"color": "CVBlue", "id_name": "object103924561164559", "shape": "CVCapsule", "id_string": "ob12784", "world_size": [0.04, 0.08, 0.04], "id": 12784, "camera_size": [18, 17], "camera_position": [290, 260], "world_position": [0.6905121344820296, 0.6400542396284769, -0.0642337816150241], "world_orientation": [0.9996482396879205, 0.0014450467326521583, -0.026482234210549165, -0.0016010927476492623, 0.9999814765787437, -0.005872222867810386, 0.02647325803250054, 0.005912557765997863, 0.9996320364363122], "world_rotation": [-0.2168855685119532, 0.9745859849113456, 0.05606075441545033, -0.02717154244642096]}, {"color": "CVRed", "id_name": "object119267743286025", "shape": "CVCapsule", "id_string": "ob12791", "world_size": [0.04, 0.08, 0.04], "id": 12791, "camera_size": [20, 19], "camera_position": [218, 241], "world_position": [0.7384402214830078, 0.6400005384287772, -0.24379813975868864], "world_orientation": [0.9879369491556764, 0.0028403184153632144, 0.15483060771137516, -0.003363908233127653, 0.9999894754255704, 0.00311980119431942, -0.15482011695633577, -0.003603002829908616, 0.9879361061102252], "world_rotation": [-0.02170145757577392, 0.9995638784748909, -0.020027470816862174, 0.15551905871596255]}, {"color": "CVBlue", "id_name": "object183817699445004", "shape": "CVCapsule", "id_string": "ob12798", "world_size": [0.04, 0.08, 0.04], "id": 12798, "camera_size": [22, 34], "camera_position": [232, 225], "world_position": [0.7756625354856425, 0.6445499627560494, -0.20805387378622475], "world_orientation": [0.8343399277168762, 0.5313678670966351, 0.14671426254652495, -0.5377124507497009, 0.8431173770514887, 0.004290550380615446, -0.1214174836098513, -0.08246986316825526, 0.9891696094921542], "world_rotation": [-0.07847349312424154, 0.2425211438917484, -0.9669671171463472, 0.5857214998869086]}, {"color": "CVYellow", "id_name": "object171504928240202", "shape": "CVSphere", "id_string": "ob12805", "world_size": [0.04, 0.04, 0.04], "id": 12805, "camera_size": [16, 17], "camera_position": [255, 223], "world_position": [0.7838423673480671, 0.61998744319955, -0.15023072146955754], "world_orientation": [0.999777671358396, 1.1418176180605306e-10, 0.0210857262901581, -1.1504635807839848e-10, 1.0, 3.979081205392439e-11, -0.0210857262901581, -4.2207801433853135e-11, 0.999777671358396], "world_rotation": [-1.9444104594597463e-09, 1.0, -5.4356230544319754e-09, 0.02108728908276818]}, {"color": "CVRed", "id_name": "object20380576779425", "shape": "CVCylinder", "id_string": "ob12812", "world_size": [0.04, 0.04, 0.04], "id": 12812, "camera_size": [16, 17], "camera_position": [272, 242], "world_position": [0.7352002997475496, 0.6199470216727104, -0.10822830773147929], "world_orientation": [0.999689484740413, 0.0006853243788630168, 0.02490912342784126, -0.0006608793348338084, 0.999999291976706, -0.0009895880918171238, -0.024909783980445986, 0.000972818884691623, 0.9996892298536908], "world_rotation": [0.0393459425744683, 0.9988610382421796, -0.02699116678992054, 0.024940442488387463]}, {"color": "CVRed", "id_name": "object67028632659646", "shape": "CVCylinder", "id_string": "ob12819", "world_size": [0.04, 0.04, 0.04], "id": 12819, "camera_size": [16, 16], "camera_position": [289, 242], "world_position": [0.735, 0.6199874431539305, -0.065], "world_orientation": [1.0, 4.228388472693457e-17, -1.6957377686420176e-17, -4.228388472693457e-17, 1.0, 1.0733601507606494e-16, 1.6957377686420176e-17, -1.0733601507606494e-16, 1.0], "world_rotation": [0.92051720276698, 0.14542702990328832, 0.3626279889688094, -1.1660402951017529e-16]}, {"color": "CVGreen", "id_name": "object109551594315895", "shape": "CVCapsule", "id_string": "ob12826", "world_size": [0.04, 0.08, 0.04], "id": 12826, "camera_size": [21, 21], "camera_position": [216, 222], "world_position": [0.7846731180570228, 0.6400127922144312, -0.25109702107296544], "world_orientation": [0.9771190514808514, 8.217511514267912e-05, 0.21269309457622662, -0.0008838055162134399, 0.9999928607252153, 0.0036738789323694787, -0.21269127420035536, -0.0037777964278993244, 0.9771121481862656], "world_rotation": [-0.01751477873557595, 0.9998440265419338, -0.0022704876692916033, 0.2143633201311837]}, {"color": "CVGreen", "id_name": "object231902759951535", "shape": "CVCapsule", "id_string": "ob12833", "world_size": [0.04, 0.08, 0.04], "id": 12833, "camera_size": [21, 35], "camera_position": [234, 206], "world_position": [0.8240088915155488, 0.6443690949562387, -0.2040972098243202], "world_orientation": [0.8340039935899, 0.5325769205757849, 0.14421914694697172, -0.538132392556808, 0.8428601275262229, -0.0005775011385564452, -0.12186413236544906, -0.07712735634321694, 0.9895456048845463], "world_rotation": [-0.06921770336750478, 0.2405971043218742, -0.9681538839112598, 0.5859179143351013]}, {"color": "CVRed", "id_name": "object197221865915631", "shape": "CVBox", "id_string": "ob12840", "world_size": [0.04, 0.04, 0.04], "id": 12840, "camera_size": [18, 19], "camera_position": [257, 201], "world_position": [0.8403226560957557, 0.6199873558396911, -0.1459458314472669], "world_orientation": [0.9819916207756987, 0.0012760791974921373, 0.1889201639534493, -0.0011891571515508998, 0.9999991285314462, -0.0005734471353066265, -0.18892073107942747, 0.00033846451779152354, 0.9819922824595848], "world_rotation": [0.002413422157723573, 0.9999758036520057, -0.006524377672543748, 0.19006733602695336]}, {"color": "CVRed", "id_name": "object169077269867168", "shape": "CVSphere", "id_string": "ob12847", "world_size": [0.04, 0.04, 0.04], "id": 12847, "camera_size": [17, 17], "camera_position": [272, 222], "world_position": [0.7863767501337666, 0.6199839451712913, -0.10967855629332202], "world_orientation": [0.9998636102604405, 0.0010785878303185496, 0.01648021617729389, -0.0010938262809263297, 0.9999989825500871, 0.0009156652542025662, -0.016479211784099543, -0.0009335668604270928, 0.9998637727370125], "world_rotation": [-0.055897308659258356, 0.996274779902122, -0.06566623040520922, 0.016542088512001278]}, {"color": "CVYellow", "id_name": "object128383924848305", "shape": "CVCylinder", "id_string": "ob12854", "world_size": [0.04, 0.04, 0.04], "id": 12854, "camera_size": [16, 16], "camera_position": [289, 224], "world_position": [0.78, 0.6199874431539305, -0.065], "world_orientation": [1.0, 4.228388472693457e-17, -1.6957377686420176e-17, -4.228388472693457e-17, 1.0, 1.0733601507606494e-16, 1.6957377686420176e-17, -1.0733601507606494e-16, 1.0], "world_rotation": [0.92051720276698, 0.14542702990328832, 0.3626279889688094, -1.1660402951017529e-16]}, {"color": "CVPurple", "id_name": "object67246726197107", "shape": "CVCylinder", "id_string": "ob12861", "world_size": [0.04, 0.04, 0.04], "id": 12861, "camera_size": [20, 20], "camera_position": [233, 271], "world_position": [0.66201718508392, 0.6599880657167738, -0.2055621078733605], "world_orientation": [0.9693786221732669, 0.0011807664733287286, 0.24556810188620704, -0.0011434283372371685, 0.9999993028834361, -0.0002946256599953383, -0.24556827858071717, 4.8142899249371785e-06, 0.9693792965252177], "world_rotation": [0.0006096810444790533, 0.9999886170982183, -0.004732226010777406, 0.2481086708512621]}, {"color": "CVYellow", "id_name": "object82216475149891", "shape": "CVCapsule", "id_string": "ob12868", "world_size": [0.04, 0.08, 0.04], "id": 12868, "camera_size": [19, 21], "camera_position": [256, 270], "world_position": [0.6661697201603759, 0.6806199181180125, -0.14911142473625566], "world_orientation": [0.990595002062845, 0.03641475323120275, -0.1318920302187465, -0.0364335714093257, 0.9993334958778176, 0.0022713192161137015, 0.13188683316568675, 0.002555340237724091, 0.9912614859227589], "world_rotation": [-0.001037885512408089, 0.9639154849662052, 0.26620642485865875, -0.13725733144068886]}, {"color": "CVRed", "id_name": "object36335742252185", "shape": "CVBox", "id_string": "ob12875", "world_size": [0.04, 0.04, 0.04], "id": 12875, "camera_size": [16, 17], "camera_position": [272, 278], "world_position": [0.644475771956293, 0.6599622906102781, -0.10914742689055563], "world_orientation": [0.9999423365855492, -1.960021312029465e-05, -0.01073886025907017, 1.9136925619129746e-05, 0.9999999988818686, -4.324397268603583e-05, 0.010738861094653792, 4.30359703209042e-05, 0.99994233584257], "world_rotation": [-0.0040171443275099136, 0.9999903047804609, -0.0018035788125002163, -0.010739171216701541]}, {"color": "CVPurple", "id_name": "object205640591100476", "shape": "CVBox", "id_string": "ob12882", "world_size": [0.04, 0.04, 0.04], "id": 12882, "camera_size": [19, 18], "camera_position": [233, 254], "world_position": [0.7038514545670401, 0.6599636371161849, -0.20686316415957154], "world_orientation": [0.9866931626955779, -0.00044004674223233124, 0.1625927705916307, 0.0005366418598037666, 0.9999997046622466, -0.0005501735488558335, -0.1625924804697693, 0.0006301065657529526, 0.986693107435338], "world_rotation": [0.003629521981794531, 0.9999889028664471, 0.0030034503729931762, 0.1633195061509246]}, {"color": "CVGreen", "id_name": "object191856639020498", "shape": "CVBox", "id_string": "ob12889", "world_size": [0.04, 0.04, 0.04], "id": 12889, "camera_size": [20, 26], "camera_position": [257, 213], "world_position": [0.8044171626079855, 0.6617773710291102, -0.1464393951715515], "world_orientation": [0.2695212872522024, 0.36483036157259247, -0.8912110204618922, -0.09017439898631044, 0.9309531720699313, 0.35382872859674713, 0.958763189471401, -0.014999956258077898, 0.2838100558945758], "world_rotation": [0.1900707026007488, 0.9533583268169339, 0.23448033755876888, -1.3262231169938996]}, {"color": "CVPurple", "id_name": "object39815801717349", "shape": "CVSphere", "id_string": "ob12896", "world_size": [0.04, 0.04, 0.04], "id": 12896, "camera_size": [23, 22], "camera_position": [272, 257], "world_position": [0.6967392969491335, 0.6605484230331573, -0.11114939588780554], "world_orientation": [0.8681285959217889, 0.027559626905043485, -0.4955736150237603, -0.03081875752485438, 0.9995237120933437, 0.0015978572424457586, 0.4953816156535157, 0.013885817512764909, 0.8685644702291908], "world_rotation": [-0.012377706519667535, 0.9981927634548086, 0.058804756336247266, -0.5194176530924037]}, {"color": "CVRed", "id_name": "object154418986915364", "shape": "CVBox", "id_string": "ob12903", "world_size": [0.04, 0.04, 0.04], "id": 12903, "camera_size": [24, 30], "camera_position": [230, 213], "world_position": [0.801685025094381, 0.7005230612773591, -0.2110353476613813], "world_orientation": [0.6007316961356162, 0.5401324165472504, 0.5893881589011213, -0.39999762226996344, 0.8413989869034451, -0.3633863605258628, -0.6921873528434347, -0.017456157443269785, 0.7215067228591251], "world_rotation": [0.21266588630564087, 0.7878681585015831, -0.5779593286911808, 0.9498332690117066]}, {"color": "CVYellow", "id_name": "object140023407837025", "shape": "CVCapsule", "id_string": "ob12910", "world_size": [0.04, 0.08, 0.04], "id": 12910, "camera_size": [32, 36], "camera_position": [281, 176], "world_position": [0.9030821617916723, 0.6199748863391268, -0.08481578296073668], "world_orientation": [0.5979109823424207, 0.8015625098483098, 3.743919063659007e-10, 1.6200194519200295e-09, -7.413464842009889e-10, -1.0, -0.8015625098483097, 0.5979109823424208, -1.7418060604956764e-09], "world_rotation": [0.8156084979559186, 0.4091349281686187, -0.40913492715062777, 1.7732204124284212]}, {"color": "CVYellow", "id_name": "object58318160883705", "shape": "CVCapsule", "id_string": "ob12917", "world_size": [0.04, 0.08, 0.04], "id": 12917, "camera_size": [20, 35], "camera_position": [272, 228], "world_position": [0.7666561970608964, 0.6804173717459446, -0.11061083741090973], "world_orientation": [0.822957739690397, 0.560651237480253, -0.09171013354877283, -0.5553988607252442, 0.8279504589315874, 0.07765399577661551, 0.11946825598782945, -0.012970253152302713, 0.9927532968186968], "world_rotation": [0.07953238975248847, 0.18533143372147087, 0.9794523258714547, -0.6061793649503469]}, {"color": "CVRed", "id_name": "object212047583597717", "shape": "CVBox", "id_string": "ob12924", "world_size": [0.04, 0.04, 0.04], "id": 12924, "camera_size": [26, 20], "camera_position": [232, 237], "world_position": [0.7442301890374374, 0.6921074092669429, -0.2074891377139878], "world_orientation": [0.9870859965822685, -0.12523643838184598, 0.09988528346368196, 0.0007542953411930065, 0.6271645056919212, 0.7788864576038965, -0.16018947028356217, -0.7687525722244046, 0.6191597663839548], "world_rotation": [-0.9830096207143357, 0.1651909651482593, 0.08002518738775, 0.9062461024289742]}, {"color": "CVBlue", "id_name": "object169822870647865", "shape": "CVCapsule", "id_string": "ob12931", "world_size": [0.04, 0.08, 0.04], "id": 12931, "camera_size": [34, 34], "camera_position": [258, 238], "world_position": [0.7412134220070696, 0.7072242408699516, -0.1445634722868711], "world_orientation": [0.81611499775155, 0.5757440864054021, 0.04974994888636927, -0.5191926368765067, 0.6926958147554906, 0.5006111405406866, 0.2537623223770763, -0.4343860669835489, 0.8642415336885614], "world_rotation": [0.6429587819133009, 0.1402908437578691, 0.7529425502110169, -0.8140957303817519]}, {"color": "CVRed", "id_name": "object61249775935420", "shape": "CVCylinder", "id_string": "ob12938", "world_size": [0.04, 0.04, 0.04], "id": 12938, "camera_size": [22, 23], "camera_position": [230, 189], "world_position": [0.8712304004312463, 0.6199739211061532, -0.21509727817522492], "world_orientation": [0.638357999264023, -0.000497958430398894, 0.7697394473541256, -0.0002656895676807567, -0.9999998737204603, -0.0004265772110232772, 0.7697395625695015, 6.779723396610417e-05, -0.6383580509548292], "world_rotation": [-0.9050850768078152, 0.0002109326603342304, -0.4252304777966927, -3.1413195442082538]}, {"color": "CVPurple", "id_name": "object29610160612132", "shape": "CVCylinder", "id_string": "ob12945", "world_size": [0.04, 0.04, 0.04], "id": 12945, "camera_size": [20, 20], "camera_position": [320, 187], "world_position": [0.8750905706223523, 0.6199873007919366, 0.014631796279325955], "world_orientation": [0.9849529093338725, 1.8844617290615868e-06, 0.17282293363784035, 1.0507685457576742e-06, -0.9999999999873672, 4.915459858107824e-06, 0.17282293364491996, -4.659899585304956e-06, -0.9849529093234098], "world_rotation": [0.996231125124533, 7.365836603602635e-07, 0.08673837289553389, -3.141587847797642]}], "source": "manual check"}
