{"timestamp": 1721660741.945096, "objects": [{"color": "cv_", "id_name": "hand", "shape": "CVBox", "id_string": "ob383", "world_size": [0.005, 0.09, 0.5], "id": 383, "camera_size": [3, 208], "camera_position": [246, 271], "world_position": [0.6630806069965255, 0.6657238612238371, -0.174105012096383], "world_orientation": [2.7176898169404668e-06, -0.0016591411236903956, 0.9999986236207258, -0.0007632389600946532, -0.9999983323613636, -0.0016591385661994102, 0.9999997087294096, -0.0007632334005647806, -3.984006430336685e-06], "world_rotation": [0.0, 1.0, 0.0, 0.0]}, {"color": "CVPurple", "id_name": "object136194606787229", "shape": "CVSphere", "id_string": "ob3670", "world_size": [0.04, 0.04, 0.04], "id": 3670, "camera_size": [16, 18], "camera_position": [255, 238], "world_position": [0.7444131052667347, 0.6213623686296613, -0.15084364715921042], "world_orientation": [0.9966429635089898, 0.07298507822551004, -0.037094226564720896, -0.07303930531306521, 0.9973290572436706, -0.00010703661231001828, 0.03698733793345376, 0.002816013825909301, 0.9993117666167697], "world_rotation": [-0.017848799181410867, 0.45235858761922776, 0.8916575175340133, -0.08197545339721546]}, {"color": "CVBlue", "id_name": "object208320821819588", "shape": "CVCone", "id_string": "ob3677", "world_size": [0.04, 0.04, 0.04], "id": 3677, "camera_size": [17, 17], "camera_position": [219, 295], "world_position": [0.5999995439667953, 0.6199886979620798, -0.2450000000880544], "world_orientation": [0.9999999997993244, -1.9984069187398266e-05, -1.410162007453566e-06, 1.9984069198889627e-05, 0.9999999998003185, 8.13487109811436e-09, 1.4101618446041667e-06, -8.163051869793956e-09, 0.9999999999990057], "world_rotation": [0.0004067614077242248, 0.07038927000453504, -0.9975195162067687, -2.003376261797204e-05]}, {"color": "CVPurple", "id_name": "object159939698549914", "shape": "CVCone", "id_string": "ob3684", "world_size": [0.04, 0.04, 0.04], "id": 3684, "camera_size": [16, 17], "camera_position": [236, 295], "world_position": [0.6000069124204653, 0.6199886985842435, -0.1999982733426161], "world_orientation": [0.9999999696138199, -0.00011287599703958576, 0.00021916060101192806, 0.00011287597802977213, 0.9999999936295019, 9.910817471205103e-08, -0.00021916061080269988, -7.437020449200062e-08, 0.9999999759843105], "world_rotation": [-0.00035185383048457527, 0.8890156690835379, 0.4578766387607382, 0.00024652052348307743]}, {"color": "CVRed", "id_name": "object262719139163929", "shape": "CVSphere", "id_string": "ob3691", "world_size": [0.04, 0.04, 0.04], "id": 3691, "camera_size": [16, 16], "camera_position": [255, 291], "world_position": [0.609694387567245, 0.6199877914331617, -0.1511260885502232], "world_orientation": [0.9999818471153192, -0.00029681521512411744, 0.006018084459586713, 0.00029676194160833887, 0.9999999559186896, 9.745213360234202e-06, -0.0060180870868292635, -7.959098027507374e-06, 0.9999818911182684], "world_rotation": [-0.0014691384455925655, 0.9987850964274477, 0.049256195413789366, 0.006025442520400928]}, {"color": "CVPurple", "id_name": "object68015145190670", "shape": "CVCapsule", "id_string": "ob3698", "world_size": [0.04, 0.08, 0.04], "id": 3698, "camera_size": [18, 18], "camera_position": [272, 295], "world_position": [0.6008528874774904, 0.6399748272476076, -0.10914774074170841], "world_orientation": [0.9991168126613825, -2.6035085556398194e-06, -0.04201897964707939, -1.1121486846359875e-05, 0.9999999466682925, -0.00032640423499037907, 0.04201897825593168, 0.0003265832724322069, 0.9991167593478221], "world_rotation": [-0.007769915037450657, 0.9999698086179125, 0.00010135564135212854, -0.04203262330368185]}, {"color": "CVPurple", "id_name": "object158137178266015", "shape": "CVCylinder", "id_string": "ob3705", "world_size": [0.04, 0.04, 0.04], "id": 3705, "camera_size": [16, 17], "camera_position": [289, 295], "world_position": [0.5999999586932985, 0.6199874431898285, -0.06498419838447211], "world_orientation": [0.9999999999906647, -6.164114687213607e-12, -4.320962665489972e-06, 6.161726596568638e-12, 1.0, -5.526785185341125e-10, 4.320962665489976e-06, 5.526784919045024e-10, 0.9999999999906647], "world_rotation": [-0.00012790633557468052, 0.9999999918189675, -1.4262841566980366e-06, -4.3209627008533565e-06]}, {"color": "CVRed", "id_name": "object6909315024268", "shape": "CVSphere", "id_string": "ob3712", "world_size": [0.04, 0.04, 0.04], "id": 3712, "camera_size": [17, 16], "camera_position": [218, 277], "world_position": [0.6452544609454816, 0.6199846511953094, -0.24624720696086638], "world_orientation": [0.999910802090839, 0.00014268576578424185, 0.013355429713314413, -0.0001413892503898994, 0.9999999852003911, -9.802192338723991e-05, -0.013355443501992477, 9.612486584082222e-05, 0.9999108074667836], "world_rotation": [0.007267852366563858, 0.9999170415474249, -0.010634300401216615, 0.013356941806363435]}, {"color": "CVPurple", "id_name": "object5468599553030", "shape": "CVBox", "id_string": "ob3719", "world_size": [0.04, 0.04, 0.04], "id": 3719, "camera_size": [17, 16], "camera_position": [236, 277], "world_position": [0.645223963513677, 0.6199820871211406, -0.20036736699091579], "world_orientation": [0.9997559167327262, 0.00011200707124926154, -0.022092858853537078, -0.00011446466314118778, 0.9999999874017087, -0.00010997464882950176, 0.022092846257266482, 0.00011247665750439366, 0.9997559169583616], "world_rotation": [-0.005034333275110539, 0.9999741929573268, 0.005125320264932559, -0.022095220487325675]}, {"color": "CVYellow", "id_name": "object223642042104723", "shape": "CVCapsule", "id_string": "ob3726", "world_size": [0.04, 0.08, 0.04], "id": 3726, "camera_size": [17, 20], "camera_position": [256, 270], "world_position": [0.6649076726204186, 0.6412474613728523, -0.15005665492752915], "world_orientation": [0.9939464322483339, 0.07421497520367952, -0.0810100442928252, -0.0744721078673244, 0.9972230852334516, -0.000153059706497107, 0.08077372698226735, 0.006185121906105795, 0.9967132733622046], "world_rotation": [-0.028833156176150294, 0.7359739794558606, 0.6763955578423222, -0.1101338482295563]}, {"color": "CVGreen", "id_name": "object25028979598900", "shape": "CVCapsule", "id_string": "ob3733", "world_size": [0.04, 0.08, 0.04], "id": 3733, "camera_size": [17, 17], "camera_position": [272, 278], "world_position": [0.6455817943914155, 0.6399497727606066, -0.10968008245339998], "world_orientation": [0.9996859331573089, -2.736524932228988e-05, -0.025060612493384673, 2.6694091728283025e-05, 0.9999999992760766, -2.711590961647331e-05, 0.025060613217276335, 2.6438423119687982e-05, 0.9996859331641033], "world_rotation": [-0.0010684948393726436, 0.9999988475014927, -0.001078570565279779, -0.02506326564252271]}, {"color": "CVBlue", "id_name": "object202866418612607", "shape": "CVCylinder", "id_string": "ob3740", "world_size": [0.04, 0.04, 0.04], "id": 3740, "camera_size": [16, 16], "camera_position": [289, 277], "world_position": [0.6446783151075439, 0.6199874431875754, -0.06507654492886751], "world_orientation": [0.9999995120968528, 4.878339505114727e-10, 0.000987828961150958, -4.876803677034337e-10, 1.0, -1.5571597401071483e-10, -0.000987828961150958, 1.552341532454502e-10, 0.9999995120968528], "world_rotation": [1.5739067160666316e-07, 0.9999999999998657, -4.937668141852036e-07, 0.000987829121806075]}, {"color": "CVPurple", "id_name": "object56547951872839", "shape": "CVSphere", "id_string": "ob3747", "world_size": [0.04, 0.04, 0.04], "id": 3747, "camera_size": [17, 15], "camera_position": [219, 260], "world_position": [0.6900019893613307, 0.6199848032081167, -0.24499829352883618], "world_orientation": [0.9999999967699643, 8.03646288970262e-05, -1.2641747659659074e-06, -8.03647690171066e-05, 0.9999999905844299, -0.00011123238738234431, 1.2552356044785178e-06, 0.00011123248861817333, 0.9999999938128791], "world_rotation": [-0.8105407450023178, 0.009179358087169852, 0.5856103141818759, -0.00013723238348625614]}, {"color": "CVYellow", "id_name": "object266597448977634", "shape": "CVCone", "id_string": "ob3754", "world_size": [0.04, 0.04, 0.04], "id": 3754, "camera_size": [16, 16], "camera_position": [236, 259], "world_position": [0.6902541707885353, 0.6199773605809809, -0.19971965109963513], "world_orientation": [0.9998976731359531, -0.00040488334048456413, 0.014299626805874129, 0.00039895007234175305, 0.9999998331515093, 0.00041777481185706003, -0.014299793570064374, -0.0004120272251220207, 0.9998976678327735], "world_rotation": [-0.028991000678637076, 0.9991850809934351, 0.028083728381286692, 0.014311861374274116]}, {"color": "CVYellow", "id_name": "object200849822667230", "shape": "CVCapsule", "id_string": "ob3761", "world_size": [0.04, 0.08, 0.04], "id": 3761, "camera_size": [17, 19], "camera_position": [256, 254], "world_position": [0.7057886217995496, 0.6412990929196934, -0.15098353383564359], "world_orientation": [0.9965728212402486, 0.07370416912022879, -0.03755405996092292, -0.07371435115076043, 0.99727877271965, 0.001115310365356548, 0.03753406985225914, 0.001656785165734307, 0.9992939750960377], "world_rotation": [-0.0032729168791580704, 0.4538663799654645, 0.8910637447187193, -0.08281515437949509]}, {"color": "CVGreen", "id_name": "object266676521330924", "shape": "CVBox", "id_string": "ob3768", "world_size": [0.04, 0.04, 0.04], "id": 3768, "camera_size": [16, 17], "camera_position": [272, 260], "world_position": [0.6893221761215699, 0.6199771743182563, -0.10796587241744701], "world_orientation": [0.9989684271633709, 4.183883979129696e-05, 0.045410128608630966, -4.9586856799828056e-05, 0.9999999844060126, 0.00016949666169793727, -0.04541012080896232, -0.0001715735590904083, 0.9989684136601263], "world_rotation": [-0.0037554140741995435, 0.9999924417230068, -0.0010066588250601683, 0.045426089335110796]}, {"color": "CVPurple", "id_name": "object232430263748953", "shape": "CVBox", "id_string": "ob3775", "world_size": [0.04, 0.04, 0.04], "id": 3775, "camera_size": [17, 17], "camera_position": [289, 259], "world_position": [0.6923817992431751, 0.619985154880309, -0.06496492605611029], "world_orientation": [0.9998550420417577, -9.341520851858964e-05, -0.017026044087626785, 9.370129068416857e-05, 0.999999995481956, 1.6004882781236062e-05, 0.017026042515602906, -1.7597925052362843e-05, 0.9998550462774941], "world_rotation": [0.0009867907525328641, 0.9999844159129139, -0.00549492268544837, -0.017027131389244048]}, {"color": "CVRed", "id_name": "object250638309778475", "shape": "CVBox", "id_string": "ob3782", "world_size": [0.04, 0.04, 0.04], "id": 3782, "camera_size": [17, 16], "camera_position": [219, 242], "world_position": [0.7350000071562599, 0.6199874431569208, -0.245000000015233], "world_orientation": [0.9999999999999857, 2.5266104336540316e-10, 1.6951306649545934e-07, -2.5266106791446545e-10, 1.0, 1.4528118461274554e-10, -1.6951306649542276e-07, -1.4528122730644398e-10, 0.9999999999999857], "world_rotation": [-0.0008570489238770132, 0.9999985219245462, -0.001490508592708545, 1.6951331704891488e-07]}, {"color": "CVRed", "id_name": "object111732891805924", "shape": "CVSphere", "id_string": "ob3789", "world_size": [0.04, 0.04, 0.04], "id": 3789, "camera_size": [16, 16], "camera_position": [236, 242], "world_position": [0.7349432265843518, 0.6199775491813017, -0.20009597321941322], "world_orientation": [0.9998758726146614, 7.332293980523208e-05, -0.015755443085370652, -7.326707850113317e-05, 0.9999999973074691, 4.122737596679531e-06, 0.01575544334523988, -2.9678705666850957e-06, 0.9998758752946221], "world_rotation": [0.00022501846385635687, 0.9999891541043091, 0.004651993168428209, -0.015756266032515415]}, {"color": "CVRed", "id_name": "object219008347688018", "shape": "CVCone", "id_string": "ob3796", "world_size": [0.04, 0.04, 0.04], "id": 3796, "camera_size": [17, 18], "camera_position": [257, 206], "world_position": [0.8260122408629891, 0.6199693687842744, -0.14751337194749747], "world_orientation": [0.06272179483513601, 0.0012867842847960435, -0.9980302203034054, -5.185450315388124e-05, 0.9999991716748107, 0.0012860640743142155, 0.9980310484968741, -2.8911885807583488e-05, 0.06272180960665318], "world_rotation": [0.0006587850782022174, 0.9999995581221198, 0.0006706398332349965, -1.5080337417281184]}, {"color": "CVBlue", "id_name": "object187263938779282", "shape": "CVCone", "id_string": "ob3803", "world_size": [0.04, 0.04, 0.04], "id": 3803, "camera_size": [17, 16], "camera_position": [272, 241], "world_position": [0.7368962728776477, 0.6199500355019576, -0.10855054375328627], "world_orientation": [0.9992780259405263, -7.256779134289648e-05, -0.03799238879460744, 8.774905142268935e-05, 0.9999999169800716, 0.00039791953191534103, 0.03799235676434047, -0.0004009660404135489, 0.999277949348291], "world_rotation": [0.010513158111018784, 0.9999425096112272, -0.0021097343277092897, -0.03800370444894692]}, {"color": "CVRed", "id_name": "object131001643920011", "shape": "CVCapsule", "id_string": "ob3810", "world_size": [0.04, 0.08, 0.04], "id": 3810, "camera_size": [18, 17], "camera_position": [290, 242], "world_position": [0.7352408834185183, 0.6403704006985648, -0.06300930101767048], "world_orientation": [0.9999204510399771, -0.0002726605670821021, -0.012610204130944607, 1.212907002500342e-06, 0.9997683957688158, -0.021521032047225754, 0.01261315149111397, 0.02151930477650289, 0.9996888655633803], "world_rotation": [-0.8627478130136317, 0.5056046607841326, -0.005489820903972812, -0.024946340426253356]}, {"color": "CVRed", "id_name": "object131866699753901", "shape": "CVBox", "id_string": "ob3817", "world_size": [0.04, 0.04, 0.04], "id": 3817, "camera_size": [17, 16], "camera_position": [219, 224], "world_position": [0.7799999961868928, 0.6199874431899115, -0.2449999899258964], "world_orientation": [0.9999999999999937, -1.5593555242206456e-10, 1.1272411023755988e-07, 1.5593549685335598e-10, 1.0, 4.949271171241926e-10, -1.1272411023763675e-07, -4.949270996162898e-10, 0.9999999999999937], "world_rotation": [-0.004390559068508806, 0.999989404647919, 0.001383323160566533, 1.1272530460188925e-07]}, {"color": "CVBlue", "id_name": "object30347771371476", "shape": "CVBox", "id_string": "ob3824", "world_size": [0.04, 0.04, 0.04], "id": 3824, "camera_size": [16, 17], "camera_position": [236, 224], "world_position": [0.7822308238254785, 0.6199804741318916, -0.19985572377721356], "world_orientation": [0.9999735161200248, 9.315378797301269e-05, 0.007277250918197228, -9.259000752145683e-05, 0.9999999926864648, -7.78084910475356e-05, -0.007277258113130473, 7.713262965954719e-05, 0.999973517431793], "world_rotation": [0.010644105396506506, 0.9998619308862149, -0.012760179653843863, 0.00727832367863584]}, {"color": "CVBlue", "id_name": "object50661428473251", "shape": "CVCapsule", "id_string": "ob3831", "world_size": [0.04, 0.08, 0.04], "id": 3831, "camera_size": [17, 33], "camera_position": [256, 183], "world_position": [0.8861748466620825, 0.6199718996287531, -0.14998001380491588], "world_orientation": [-0.00036109695326568155, 0.9987645258575559, 0.049691966126547485, -0.9999998895428279, -0.0003456999640013312, -0.0003184428787718213, -0.0003008709399281474, -0.049692075626466735, 0.9987645403680544], "world_rotation": [-0.02468682801480207, 0.0249964303201839, -0.9993826789542711, 1.5717674552221466]}, {"color": "CVRed", "id_name": "object275264249449051", "shape": "CVCone", "id_string": "ob3838", "world_size": [0.04, 0.04, 0.04], "id": 3838, "camera_size": [18, 18], "camera_position": [274, 224], "world_position": [0.780846084253631, 0.6199874463864524, -0.10264075826488266], "world_orientation": [0.9950099783574828, 1.264681152118895e-05, -0.09977546195883902, 2.3346582116990063e-06, 0.9999999887420118, 0.00015003508178876456, 0.09977546273303345, -0.00014951934508509006, 0.9950099671261462], "world_rotation": [0.0015011410717569171, 0.9999988719518623, 5.167674212889584e-05, -0.09994186800155565]}, {"color": "CVBlue", "id_name": "object78167816581421", "shape": "CVCylinder", "id_string": "ob3845", "world_size": [0.04, 0.04, 0.04], "id": 3845, "camera_size": [18, 18], "camera_position": [290, 225], "world_position": [0.7783353643849324, 0.6199874395513895, -0.06244012957786101], "world_orientation": [0.9963171589720549, -1.266937470056217e-05, -0.08574449590113685, -1.678224725774339e-07, 0.9999999887938446, -0.00014970732328379056, 0.08574449683696886, 0.00014917036486472915, 0.9963171478050439], "world_rotation": [-0.0017428362524305198, 0.9999984786025423, -7.289991624854333e-05, -0.08585004372727885]}, {"color": "CVGreen", "id_name": "object202960787026939", "shape": "CVSphere", "id_string": "ob3852", "world_size": [0.04, 0.04, 0.04], "id": 3852, "camera_size": [20, 19], "camera_position": [231, 271], "world_position": [0.6623636209382967, 0.6599757292498832, -0.21053206434552177], "world_orientation": [0.9852400399713961, 0.00013963856198972194, 0.1711783985736339, -0.00011835260074921697, 0.9999999839438625, -0.00013455458659920197, -0.17117841461417896, 0.00011230915761605673, 0.9852400406788334], "world_rotation": [0.0007210711177188079, 0.9999994560915627, -0.0007535735013219613, 0.17202570005263831]}, {"color": "CVBlue", "id_name": "object246774139696213", "shape": "CVCapsule", "id_string": "ob3859", "world_size": [0.04, 0.08, 0.04], "id": 3859, "camera_size": [20, 21], "camera_position": [256, 268], "world_position": [0.6719079536589662, 0.7225029037671542, -0.14860064770994366], "world_orientation": [0.9873195846061344, -0.007033291250799933, -0.1585893144803632, 0.007170356528561148, 0.9999742500020935, 0.0002920958820190119, 0.15858317641043593, -0.0014255339113444809, 0.987344592334735], "world_rotation": [0.005409942603127382, 0.9989841685559552, -0.04473660129690107, -0.15942194276462843]}, {"color": "CVGreen", "id_name": "object1115526132851", "shape": "CVCapsule", "id_string": "ob3866", "world_size": [0.04, 0.08, 0.04], "id": 3866, "camera_size": [22, 22], "camera_position": [273, 279], "world_position": [0.6451481244717382, 0.7199371733564416, -0.10926109392292142], "world_orientation": [0.9642395367442113, -1.8944063528812182e-05, -0.26503229127868805, 3.436374020317007e-06, 0.9999999982550044, -5.897611844546374e-05, 0.2650322919334551, 5.5956355048530504e-05, 0.9642395351267166], "world_rotation": [-0.00021682729676702125, 0.9999999756016089, -4.2222094650163395e-05, -0.2682374180670314]}, {"color": "CVGreen", "id_name": "object192599280166781", "shape": "CVSphere", "id_string": "ob3873", "world_size": [0.04, 0.04, 0.04], "id": 3873, "camera_size": [17, 17], "camera_position": [234, 254], "world_position": [0.7051460956485478, 0.6599719514287493, -0.20399588753636264], "world_orientation": [0.9993338404023144, -0.00017381651530789597, 0.03649445457299591, 0.00016378079054825612, 0.999999947950789, 0.0002779825038315288, -0.036494500991438465, -0.00027182023249802, 0.9993338168555828], "world_rotation": [-0.007532389714869928, 0.9999609348308296, 0.004625139720793365, 0.03650401015310965]}, {"color": "CVBlue", "id_name": "object268699778033949", "shape": "CVCylinder", "id_string": "ob3880", "world_size": [0.04, 0.04, 0.04], "id": 3880, "camera_size": [20, 25], "camera_position": [257, 233], "world_position": [0.7558579289226616, 0.6731209675530258, -0.1463359773549675], "world_orientation": [-0.047579506128389806, -0.7868293554821818, -0.6153338573068061, -0.13988222869518593, 0.6152096461434066, -0.7758544021834075, 0.9890243438317614, 0.04915950206825774, -0.13933481497656902], "world_rotation": [-0.43046883345935694, 0.8371085623356965, -0.3375586442151999, -1.860692088121155]}, {"color": "CVBlue", "id_name": "object216413426854867", "shape": "CVCylinder", "id_string": "ob3887", "world_size": [0.04, 0.04, 0.04], "id": 3887, "camera_size": [18, 18], "camera_position": [273, 260], "world_position": [0.6882366684735542, 0.6599725692591467, -0.10614852906452324], "world_orientation": [0.9934073360802607, 1.1640817124478705e-05, -0.11463797139871022, 1.2815932861423213e-05, 0.9999999773180768, 0.00021260197024008744, 0.11463797127336121, -0.00021266954944643572, 0.9934073133986838], "world_rotation": [0.0018548426108872407, 0.9999982797648302, -5.125324976418608e-06, -0.1148907592728679]}, {"color": "CVBlue", "id_name": "object4560746018511", "shape": "CVCylinder", "id_string": "ob3894", "world_size": [0.04, 0.04, 0.04], "id": 3894, "camera_size": [17, 17], "camera_position": [236, 238], "world_position": [0.7454302414635994, 0.6599740359733995, -0.2003951432275689], "world_orientation": [0.9996188032443323, -6.629702426248629e-05, 0.027608763193477753, 6.701695304090132e-05, 0.9999999974380828, -2.5150793547776008e-05, -0.027608761455323618, 2.699146133332778e-05, 0.9996188051264162], "world_rotation": [0.0009443030993478688, 0.9999966396366303, 0.00241433367699643, 0.02761236377364919]}, {"color": "CVPurple", "id_name": "object151405319770523", "shape": "CVSphere", "id_string": "ob3901", "world_size": [0.04, 0.04, 0.04], "id": 3901, "camera_size": [17, 25], "camera_position": [258, 221], "world_position": [0.7872960487460668, 0.648238440443211, -0.1450463855287912], "world_orientation": [0.7867857135093793, 0.6167313809173741, 0.02471122840503407, -0.6152446647066628, 0.7868365095868255, -0.04860359792451115, -0.0494190607713564, 0.023037165037614535, 0.9985124162770871], "world_rotation": [0.05794857068550546, 0.05996229136401095, -0.9965171783616601, 0.6663754295453531]}, {"color": "CVPurple", "id_name": "object191158866260063", "shape": "CVCapsule", "id_string": "ob3908", "world_size": [0.04, 0.08, 0.04], "id": 3908, "camera_size": [18, 17], "camera_position": [275, 240], "world_position": [0.7390986421271983, 0.6799136459201187, -0.10294663649023597], "world_orientation": [0.9999227194611946, -0.00028504099584079976, -0.0124287512228644, 0.00028274261729786874, 0.999999942603392, -0.00018668107863353093, 0.012428803721256794, 0.0001831525141686916, 0.9999227426622596], "world_rotation": [-0.014872591450223537, 0.9996286609180542, -0.022833008884779824, -0.012433714844592667]}, {"color": "CVBlue", "id_name": "object231200046164537", "shape": "CVCylinder", "id_string": "ob3915", "world_size": [0.04, 0.04, 0.04], "id": 3915, "camera_size": [24, 25], "camera_position": [150, 153], "world_position": [0.9625862986227587, 0.6199874431864274, -0.41908373660645365], "world_orientation": [0.8283489267902701, -4.893853379144906e-10, -0.5602125092189644, 2.3312052180974665e-10, 1.0, -5.288710962089484e-10, 0.5602125092189644, 3.074927724816034e-10, 0.8283489267902701], "world_rotation": [-7.464701831244285e-10, 1.0, -6.448498095227636e-10, -0.5946423232876332]}, {"color": "CVPurple", "id_name": "object203569848336957", "shape": "CVCylinder", "id_string": "ob3922", "world_size": [0.04, 0.04, 0.04], "id": 3922, "camera_size": [17, 16], "camera_position": [305, 280], "world_position": [0.6376248819888815, 0.6199874431712084, -0.02426206431212333], "world_orientation": [-5.4756865708327496e-11, 0.0006884617026886031, -0.999999763010214, 1.0, -5.062625874074911e-10, -5.5105420226908576e-11, -5.063002794791771e-10, -0.999999763010214, -0.0006884617026886032], "world_rotation": [0.5774827181911151, 0.5774827179305577, -0.5770852802507936, -2.0947926318961905]}, {"color": "CVPurple", "id_name": "object244036602385831", "shape": "CVSphere", "id_string": "ob3929", "world_size": [0.04, 0.04, 0.04], "id": 3929, "camera_size": [23, 23], "camera_position": [205, 207], "world_position": [0.8241413143958379, 0.6199874410085978, -0.27991236232841454], "world_orientation": [0.513820577752748, -3.836302869692442e-08, 0.8578976709828691, -2.998259987233411e-08, -0.9999999999999992, -2.6760011927402282e-08, 0.8578976709828693, -1.1972157811278431e-08, -0.5138205777527489], "world_rotation": [-0.8700059131272465, 1.9639414956270056e-08, -0.4930412874431771, -3.1415926450910843]}, {"color": "CVRed", "id_name": "object142033849858939", "shape": "CVBox", "id_string": "ob3936", "world_size": [0.04, 0.04, 0.04], "id": 3936, "camera_size": [19, 18], "camera_position": [276, 243], "world_position": [0.7297716583607871, 0.739901595694066, -0.10326142269121248], "world_orientation": [0.9980458442757365, -0.0005249239835360134, -0.06248373531363105, 0.00051316449454801, 0.9999998474723545, -0.00020424854873088888, 0.062483832998095845, 0.00017178498081052356, 0.9980459614185043], "world_rotation": [-0.003008931510807989, 0.9999609731099636, -0.008306538878389386, -0.06252695761357953]}], "source": "manual check"}
