{"timestamp": 1721661230.722327, "objects": [{"color": "cv_", "id_name": "hand", "shape": "CVBox", "id_string": "ob383", "world_size": [0.005, 0.09, 0.5], "id": 383, "camera_size": [3, 208], "camera_position": [246, 271], "world_position": [0.6631263123968651, 0.665684317749828, -0.17409257704586711], "world_orientation": [-1.4848893877997754e-06, -0.0016618145242988595, 0.9999986191841876, -0.000762706358142903, -0.999998328323273, -0.0016618151734771036, 0.999999709138361, -0.0007627077725979771, 2.1741040217099315e-07], "world_rotation": [0.0, 1.0, 0.0, 0.0]}, {"color": "CVPurple", "id_name": "object48999442596038", "shape": "CVCylinder", "id_string": "ob9130", "world_size": [0.04, 0.04, 0.04], "id": 9130, "camera_size": [16, 16], "camera_position": [255, 248], "world_position": [0.7195248595985472, 0.6199862233279744, -0.1500631722399027], "world_orientation": [0.9999355726242027, 0.00021112503544024066, -0.011349274290772678, -0.00021379680486806522, 0.9999999497205255, -0.0002342004966915649, 0.011349224274548965, 0.0002366118463490921, 0.9999355674858258], "world_rotation": [-0.020733912094716075, 0.999609888933555, 0.018712959025623047, -0.011353922418672092]}, {"color": "CVGreen", "id_name": "object218378275237552", "shape": "CVCapsule", "id_string": "ob9137", "world_size": [0.04, 0.08, 0.04], "id": 9137, "camera_size": [18, 18], "camera_position": [218, 295], "world_position": [0.5999999945447113, 0.6399748858659086, -0.24500000289560828], "world_orientation": [0.999999999999998, -3.801213122203603e-11, -6.395073846518023e-08, 3.8012131878160486e-11, 1.0, 1.049830479722181e-11, 6.395073846517983e-08, -1.0498307172908831e-11, 0.999999999999998], "world_rotation": [0.00016416235748010908, 0.999999809871471, -0.0005943969567076147, -6.395075062404221e-08]}, {"color": "CVBlue", "id_name": "object279826819358808", "shape": "CVSphere", "id_string": "ob9144", "world_size": [0.04, 0.04, 0.04], "id": 9144, "camera_size": [17, 18], "camera_position": [237, 295], "world_position": [0.5988634415986814, 0.6199851756331116, -0.19909146066309394], "world_orientation": [0.9981180910298084, -3.7662935125855805e-05, -0.061321080718743655, 4.352940771728022e-05, 0.9999999946033103, 9.433223198333183e-05, 0.06132107683498408, -9.682397763405466e-05, 0.9981180872827201], "world_rotation": [0.0015586478527814848, 0.9999985661685761, -0.0006620254245888847, -0.06135966272579162]}, {"color": "CVBlue", "id_name": "object33369543669039", "shape": "CVCone", "id_string": "ob9151", "world_size": [0.04, 0.04, 0.04], "id": 9151, "camera_size": [16, 17], "camera_position": [255, 296], "world_position": [0.5985495259710057, 0.6199877167850613, -0.15137850351388346], "world_orientation": [0.9999841987354053, -1.3802415443695522e-05, 0.005621573534414237, 1.335934289220346e-05, 0.9999999968017868, 7.885400753856751e-05, -0.005621574604811017, -7.877766101709014e-05, 0.9999841957216338], "world_rotation": [-0.014018824302676295, 0.9998988135883922, 0.0024156054513137007, 0.005622172572414517]}, {"color": "CVBlue", "id_name": "object197788774386470", "shape": "CVCone", "id_string": "ob9158", "world_size": [0.04, 0.04, 0.04], "id": 9158, "camera_size": [16, 17], "camera_position": [271, 295], "world_position": [0.5996872524860872, 0.6199835929752308, -0.1099045579454612], "world_orientation": [0.9999912808475027, -0.0001201195766398802, -0.004174182585651703, 0.00012065248107944632, 0.9999999846041729, 0.0001274151982121067, 0.0041741672163270425, -0.00012791771274500078, 0.9999912799445347], "world_rotation": [0.030557846914777118, 0.9991175610054085, -0.028815226574450552, -0.004177873762849423]}, {"color": "CVBlue", "id_name": "object70643540737736", "shape": "CVCapsule", "id_string": "ob9165", "world_size": [0.04, 0.08, 0.04], "id": 9165, "camera_size": [17, 18], "camera_position": [290, 295], "world_position": [0.6, 0.6399748858658902, -0.065], "world_orientation": [1.0, -1.5612511283791513e-17, -1.789043210782128e-17, 1.5612511283791513e-17, 1.0, -1.4831885719601688e-16, 1.789043210782128e-17, 1.4831885719601688e-16, 1.0], "world_rotation": [-0.9874262572950706, 0.11910476355862816, -0.10393960603106182, -1.5020752800550153e-16]}, {"color": "CVGreen", "id_name": "object213134406085530", "shape": "CVSphere", "id_string": "ob9172", "world_size": [0.04, 0.04, 0.04], "id": 9172, "camera_size": [17, 16], "camera_position": [219, 277], "world_position": [0.6450033908598927, 0.619980146662912, -0.24504841819526502], "world_orientation": [0.9999998550321675, -5.6468661227934794e-05, -0.0005354875672076232, 5.668225948493863e-05, 0.9999999188414204, 0.0003988787711951353, 0.0005354649995980092, -0.00039890906601578217, 0.9999997770743709], "world_rotation": [0.5952632923420395, 0.7990830658531813, -0.084426693982389, -0.0006701134667485552]}, {"color": "CVRed", "id_name": "object225618278831766", "shape": "CVCylinder", "id_string": "ob9179", "world_size": [0.04, 0.04, 0.04], "id": 9179, "camera_size": [17, 17], "camera_position": [237, 277], "world_position": [0.6469353471367953, 0.6199874431791652, -0.19931777345139987], "world_orientation": [0.9981918557219946, -4.2779995618056713e-10, 0.06010839517305954, 4.5074195467866495e-10, 1.0, -3.681181629984082e-10, -0.06010839517305954, 3.9454592778125485e-10, 0.9981918557219946], "world_rotation": [6.3440729750300135e-09, 1.0, 7.307980094376175e-09, 0.06014464961264857]}, {"color": "CVBlue", "id_name": "object224665162182208", "shape": "CVCone", "id_string": "ob9186", "world_size": [0.04, 0.04, 0.04], "id": 9186, "camera_size": [16, 17], "camera_position": [255, 280], "world_position": [0.6390661327202674, 0.6199874475944369, -0.1514513541980722], "world_orientation": [0.999991492849527, -2.1741729420276775e-07, -0.004124830727083112, 2.1832613214929381e-07, 0.999999999999952, 2.1988311115931156e-07, 0.004124830727035107, -2.2078179891901463e-07, 0.9999914928495265], "world_rotation": [5.341612032030353e-05, 0.9999999971784066, -5.281955235933328e-05, -0.004124842435589465]}, {"color": "CVBlue", "id_name": "object222707609321802", "shape": "CVCone", "id_string": "ob9193", "world_size": [0.04, 0.04, 0.04], "id": 9193, "camera_size": [17, 16], "camera_position": [272, 277], "world_position": [0.6451918507568258, 0.6199787348974422, -0.10916582119134834], "world_orientation": [0.9998397308389195, 0.00032848122293852597, -0.017899852961502455, -0.00033167464822691275, 0.999999929606943, -0.00017543670332456214, 0.017899794073814233, 0.00018134551366561866, 0.9998397694060382], "world_rotation": [-0.009963893310897042, 0.9997803888232581, 0.018436240248587706, -0.017904712012032052]}, {"color": "CVYellow", "id_name": "object98261805965148", "shape": "CVBox", "id_string": "ob9200", "world_size": [0.04, 0.04, 0.04], "id": 9200, "camera_size": [16, 16], "camera_position": [289, 277], "world_position": [0.645, 0.6199874431539305, -0.065], "world_orientation": [1.0, 3.5778671692020784e-17, -3.6332864841185517e-17, -3.5778671692020784e-17, 1.0, 1.0733601507606489e-16, 3.6332864841185517e-17, -1.0733601507606489e-16, 1.0], "world_rotation": [0.9032531890035577, 0.3057480381601587, 0.3010843963345121, -1.18832699826363e-16]}, {"color": "CVBlue", "id_name": "object9514270882061", "shape": "CVCapsule", "id_string": "ob9207", "world_size": [0.04, 0.08, 0.04], "id": 9207, "camera_size": [18, 18], "camera_position": [217, 258], "world_position": [0.6940223617914633, 0.6406958980400274, -0.2456574396527692], "world_orientation": [0.9989683440531593, 0.03880380149178183, 0.02359051863514918, -0.03884648827314102, 0.9992442732948902, 0.0013537489471670816, -0.023520160044813623, -0.0022687611495328303, 0.9997207884176025], "world_rotation": [-0.03985329372744479, 0.5182913684194382, -0.8542749981130082, 0.04546372436817534]}, {"color": "CVYellow", "id_name": "object45091709577049", "shape": "CVCapsule", "id_string": "ob9214", "world_size": [0.04, 0.08, 0.04], "id": 9214, "camera_size": [17, 18], "camera_position": [236, 256], "world_position": [0.6994185692592442, 0.6406314308350808, -0.20054199394933092], "world_orientation": [0.9990233429898596, 0.038302640106565436, -0.022028797566653054, -0.03822706583944336, 0.9992616935131637, 0.0038417853285720007, 0.022159684083319375, -0.0029959369270551664, 0.9997499551204074], "world_rotation": [0.07714467567921685, 0.498544099658151, 0.8634248546980751, -0.04433204520878614]}, {"color": "CVYellow", "id_name": "object147535183347", "shape": "CVCylinder", "id_string": "ob9221", "world_size": [0.04, 0.04, 0.04], "id": 9221, "camera_size": [16, 16], "camera_position": [255, 264], "world_position": [0.6791504360613349, 0.6199639352208219, -0.15037336847338792], "world_orientation": [0.9999671421576399, 0.0013634597828342987, -0.007990968808792596, -0.0013657577474345262, 0.9999990275564788, -0.00028212031470004463, 0.007990576378323736, 0.0002930247723953221, 0.9999680319018328], "world_rotation": [-0.0354522151954798, 0.9851100041405484, 0.16823025940639344, -0.008111642548661615]}, {"color": "CVYellow", "id_name": "object66395023745283", "shape": "CVSphere", "id_string": "ob9228", "world_size": [0.04, 0.04, 0.04], "id": 9228, "camera_size": [17, 16], "camera_position": [272, 259], "world_position": [0.6903235246282313, 0.6199800880339636, -0.10918378625621195], "world_orientation": [0.9999087694233174, 0.0032360195035453444, -0.013114152969969439, -0.0032753302582087204, 0.9999902041553347, -0.002977214314099534, 0.013104390182177364, 0.0030198958831540727, 0.9999095735049286], "world_rotation": [-0.21671622838576862, 0.9474536232975771, 0.23529918838478875, -0.013836761579783191]}, {"color": "CVYellow", "id_name": "object152843392858364", "shape": "CVBox", "id_string": "ob9235", "world_size": [0.04, 0.04, 0.04], "id": 9235, "camera_size": [17, 17], "camera_position": [290, 260], "world_position": [0.6898565826656541, 0.6199881861943312, -0.06434387663927081], "world_orientation": [0.9994840503467219, 0.0002569821614641561, -0.03211801772650542, -0.0002785273248086493, 0.9999997392066425, -0.0006663401355996448, 0.032117838112811416, 0.0006749420831932367, 0.9994838612644746], "world_rotation": [-0.020875309000714097, 0.9997473468170461, 0.008334506968130253, -0.03213157335794704]}, {"color": "CVGreen", "id_name": "object200128985935058", "shape": "CVCylinder", "id_string": "ob9242", "world_size": [0.04, 0.04, 0.04], "id": 9242, "camera_size": [17, 16], "camera_position": [219, 242], "world_position": [0.735000210378604, 0.6199874431775915, -0.244983007039758], "world_orientation": [0.9999999999989209, -6.447451251093561e-12, 1.4692335912538634e-06, 6.4465451920761375e-12, 1.0, 6.166682286539747e-10, -1.4692335912538672e-06, -6.166682191815214e-10, 0.9999999999989209], "world_rotation": [-0.0004197209846445446, 0.9999999119075165, 4.388000445967754e-06, 1.4692337206828409e-06]}, {"color": "CVRed", "id_name": "object158650063218691", "shape": "CVSphere", "id_string": "ob9249", "world_size": [0.04, 0.04, 0.04], "id": 9249, "camera_size": [16, 17], "camera_position": [236, 241], "world_position": [0.7389230514249291, 0.6204239902692686, -0.19974710685023767], "world_orientation": [0.9994821993038339, 0.024289101926762896, -0.021103857523275874, -0.024291355708589674, 0.9997049102920125, 0.0001495856893275067, 0.02110126329417678, 0.0003631330761678428, 0.9997772776082475], "world_rotation": [-0.0033183469302001303, 0.6558321090954506, 0.7548994855297384, -0.03218232718027095]}, {"color": "CVYellow", "id_name": "object79303089430582", "shape": "CVCapsule", "id_string": "ob9256", "world_size": [0.04, 0.08, 0.04], "id": 9256, "camera_size": [17, 34], "camera_position": [275, 156], "world_position": [0.9541835165596634, 0.6199748863736622, -0.10055070817142132], "world_orientation": [0.027618944569205155, 0.9996185241885444, 1.4730711095367608e-10, -5.663737256966782e-10, 1.630120483042674e-10, -1.0, -0.9996185241885442, 0.02761894456920505, 5.706599637278486e-10], "world_rotation": [0.5879816987077665, 0.5719604539259856, -0.5719604541657666, 2.0785213677840524]}, {"color": "CVBlue", "id_name": "object57803800095963", "shape": "CVCone", "id_string": "ob9263", "world_size": [0.04, 0.04, 0.04], "id": 9263, "camera_size": [17, 16], "camera_position": [272, 242], "world_position": [0.7346870450257288, 0.6199740631768912, -0.10923960742439048], "world_orientation": [0.9999901720690862, 0.00033749428298329194, 0.004420617926082362, -0.00033727206670412785, 0.9999999418225847, -5.101353135731428e-05, -0.0044206348856774234, 4.952207905582159e-05, 0.999990227719637], "world_rotation": [0.011337492995366115, 0.99703618858707, -0.07609402013528058, 0.004433781782718927]}, {"color": "CVPurple", "id_name": "object87242165358879", "shape": "CVCapsule", "id_string": "ob9270", "world_size": [0.04, 0.08, 0.04], "id": 9270, "camera_size": [18, 18], "camera_position": [290, 241], "world_position": [0.7362164767145427, 0.6399638584910883, -0.06372480510414956], "world_orientation": [0.9989854061021326, -7.874076486887499e-05, -0.045035010767727215, 4.89013023293025e-05, 0.9999997785654328, -0.0006636849765784066, 0.045035053054481786, 0.0006608093351741079, 0.9989851887427574], "world_rotation": [-0.01470355125592634, 0.9998908929114867, -0.0014169873443831602, -0.04505518798777107]}, {"color": "CVBlue", "id_name": "object175228767409817", "shape": "CVSphere", "id_string": "ob9277", "world_size": [0.04, 0.04, 0.04], "id": 9277, "camera_size": [17, 16], "camera_position": [219, 224], "world_position": [0.78, 0.6199874431539305, -0.245], "world_orientation": [1.0, -2.2442984970449937e-16, -1.4488340486922525e-17, 2.2442984970449937e-16, 1.0, -5.952269926945416e-16, 1.4488340486922525e-17, 5.952269926945416e-16, 1.0], "world_rotation": [-0.9354546928465729, 0.022769777356192403, -0.3527124251716587, -6.362969764823948e-16]}, {"color": "CVGreen", "id_name": "object118812193132970", "shape": "CVCapsule", "id_string": "ob9284", "world_size": [0.04, 0.08, 0.04], "id": 9284, "camera_size": [17, 18], "camera_position": [236, 223], "world_position": [0.7806778556677122, 0.6402839896099672, -0.19997721129007198], "world_orientation": [0.9998568171286716, 0.016921678183718425, -4.526333197501145e-05, -0.01692169760232774, 0.9998567073643517, -0.00046998805577274977, 3.730385944289676e-05, 0.000470686693949589, 0.9999998885312229], "world_rotation": [-0.027784131420688453, 0.0024387363411949173, 0.9996109716315922, -0.016929082088429536]}, {"color": "CVGreen", "id_name": "object256591386549730", "shape": "CVBox", "id_string": "ob9291", "world_size": [0.04, 0.04, 0.04], "id": 9291, "camera_size": [21, 25], "camera_position": [252, 143], "world_position": [0.9884676057901203, 0.619987443187044, -0.16007528691257955], "world_orientation": [-4.4984875546827396e-10, 0.848623155153797, 0.5289978643972152, -1.0, -2.2400956090073976e-10, -4.910210016362271e-10, -2.98191249470392e-10, -0.5289978643972152, 0.848623155153797], "world_rotation": [-0.26525982519033803, 0.2652598255860793, -0.9269705767013504, 1.6465572030064437]}, {"color": "CVYellow", "id_name": "object43686483111728", "shape": "CVCylinder", "id_string": "ob9298", "world_size": [0.04, 0.04, 0.04], "id": 9298, "camera_size": [17, 17], "camera_position": [273, 224], "world_position": [0.7807009147060736, 0.6199852979230921, -0.10621538786379561], "world_orientation": [0.9992768168399367, 0.00047150097987668594, -0.03802132313675571, -0.00045989372123731435, 0.9999998449419719, 0.0003140283382835539, 0.03802146530591353, -0.00029631547049379606, 0.9992768787343842], "world_rotation": [0.008025460269630483, 0.999892795932635, 0.012246984505517545, -0.03803464040968778]}, {"color": "CVRed", "id_name": "object34949533536355", "shape": "CVCylinder", "id_string": "ob9305", "world_size": [0.04, 0.04, 0.04], "id": 9305, "camera_size": [16, 16], "camera_position": [289, 224], "world_position": [0.7799998475311753, 0.619987443169392, -0.06497653059410545], "world_orientation": [0.9999999999998628, 1.681573307034227e-12, 5.239226936737566e-07, -1.681888415735691e-12, 1.0, 6.015468850906047e-10, -5.239226936737555e-07, -6.015468859715469e-10, 0.9999999999998628], "world_rotation": [-0.0011481588720838687, 0.9999993408602332, -3.209881482890061e-06, 5.239230390122897e-07]}, {"color": "CVPurple", "id_name": "object18207689469959", "shape": "CVBox", "id_string": "ob9312", "world_size": [0.04, 0.04, 0.04], "id": 9312, "camera_size": [21, 21], "camera_position": [227, 274], "world_position": [0.6555057012834358, 0.6603833035099064, -0.22151290894961012], "world_orientation": [0.9577315675992911, 0.03754952709932361, 0.285202169413947, -0.03671634530132208, 0.9992915105004533, -0.008269645061098882, -0.28531062793299283, -0.0025514812050326683, 0.9584317062431427], "world_rotation": [0.00993850295954218, 0.9915845833753235, -0.12907842643644812, 0.29180075521984833]}, {"color": "CVPurple", "id_name": "object124769381890014", "shape": "CVCapsule", "id_string": "ob9319", "world_size": [0.04, 0.08, 0.04], "id": 9319, "camera_size": [21, 23], "camera_position": [257, 271], "world_position": [0.6638151122250174, 0.6806660925836385, -0.14678776877118996], "world_orientation": [0.9610943760542363, 0.03621508948974337, -0.27383584062384536, -0.036115352062407784, 0.9993329995768068, 0.0054071528765395485, 0.2738490125275724, 0.004692893571327928, 0.9617612464055734], "world_rotation": [0.0012929154228726297, 0.9913909253214445, 0.13092884158961915, -0.27985930369026035]}, {"color": "CVYellow", "id_name": "object126085540037691", "shape": "CVBox", "id_string": "ob9326", "world_size": [0.04, 0.04, 0.04], "id": 9326, "camera_size": [17, 17], "camera_position": [273, 281], "world_position": [0.6378682568146976, 0.6599728406274835, -0.10769382524735994], "world_orientation": [0.9996548693486098, 0.0004846571230022675, -0.0262660864059919, -0.0004857300396641186, 0.9999998814391432, -3.44677842078287e-05, 0.02626606658680506, 4.721411551081574e-05, 0.9996549862411955], "world_rotation": [-0.0015546263388276106, 0.9998282233791216, 0.018469078793927843, -0.02627361185588354]}, {"color": "CVYellow", "id_name": "object151852909461397", "shape": "CVCapsule", "id_string": "ob9333", "world_size": [0.04, 0.08, 0.04], "id": 9333, "camera_size": [19, 19], "camera_position": [232, 258], "world_position": [0.6959768638834035, 0.720779974045006, -0.20726123779821032], "world_orientation": [0.998203038726811, 0.03835673834740897, 0.04603752925504356, -0.03845713724044815, 0.999259409269178, 0.0012967583749841061, -0.04595369486591824, -0.0030648997311759365, 0.9989388691595738], "world_rotation": [-0.03637016626294649, 0.7670789490093495, -0.6405209574968781, 0.05999802140420584]}, {"color": "CVPurple", "id_name": "object248641526612542", "shape": "CVSphere", "id_string": "ob9340", "world_size": [0.04, 0.04, 0.04], "id": 9340, "camera_size": [17, 17], "camera_position": [256, 232], "world_position": [0.7603785251825987, 0.6199834152298084, -0.14942120152146646], "world_orientation": [0.9992260898759275, 0.0003346564540055261, -0.03933331051821933, -0.00032645319089894757, 0.999999923605911, 0.0002149802002137511, 0.039333379457898394, -0.00020197334013303934, 0.9992261227906278], "world_rotation": [0.005299993700241891, 0.9999506442505142, 0.00840351889145396, -0.03934543716357472]}, {"color": "CVRed", "id_name": "object250067141819443", "shape": "CVCone", "id_string": "ob9347", "world_size": [0.04, 0.04, 0.04], "id": 9347, "camera_size": [21, 20], "camera_position": [273, 258], "world_position": [0.6941288764435789, 0.6601459718008929, -0.10826493910125282], "world_orientation": [0.9599147873371884, 0.004084545209747032, -0.2802622299594256, -0.007890588167425888, 0.9998913210041313, -0.012453304741527919, 0.28018090525546613, 0.014165545208103208, 0.9598426942260824], "world_rotation": [-0.04743179205537503, 0.998646534267103, 0.02133833870570047, -0.2844205747348702]}, {"color": "CVRed", "id_name": "object75611284714631", "shape": "CVBox", "id_string": "ob9354", "world_size": [0.04, 0.04, 0.04], "id": 9354, "camera_size": [17, 17], "camera_position": [234, 240], "world_position": [0.7405313482896695, 0.6603838594210311, -0.20388758969587534], "world_orientation": [0.999464550720017, 0.024485609216751057, -0.021704073242573188, -0.024482690974195708, 0.9997001738918635, 0.00040020399837523146, 0.02170736503347335, 0.00013138440864679583, 0.9997643587573227], "world_rotation": [0.004107818355694219, 0.6633679605626125, 0.7482820823241437, -0.03272632298800203]}, {"color": "CVGreen", "id_name": "object89433306691656", "shape": "CVBox", "id_string": "ob9361", "world_size": [0.04, 0.04, 0.04], "id": 9361, "camera_size": [23, 24], "camera_position": [270, 190], "world_position": [0.8677570993689279, 0.6199874431888812, -0.11484495453033218], "world_orientation": [0.6839196566803367, -3.8741858725434107e-10, -0.7295573337348138, 2.110094922414825e-11, 1.0, -5.112514343401958e-10, 0.7295573337348138, 3.3426055319603306e-10, 0.6839196566803367], "world_rotation": [-5.794691852440231e-10, 0.9999999999999999, -2.7997767796203237e-10, -0.8176744780599284]}, {"color": "CVPurple", "id_name": "object137941689370327", "shape": "CVSphere", "id_string": "ob9368", "world_size": [0.04, 0.04, 0.04], "id": 9368, "camera_size": [20, 20], "camera_position": [273, 241], "world_position": [0.7358960491327874, 0.6599635578381776, -0.10766018805339363], "world_orientation": [0.9647368814536548, 0.0007054575575796598, -0.2632152197208809, -0.0007609377852116996, 0.999999704564119, -0.00010883639917774968, 0.26321506517820026, 0.00030528889465980546, 0.9647371332450757], "world_rotation": [-0.0007866636303701149, 0.9999958109729207, 0.002785533511436699, -0.26635449977797476]}, {"color": "CVPurple", "id_name": "object47545227930632", "shape": "CVBox", "id_string": "ob9375", "world_size": [0.04, 0.04, 0.04], "id": 9375, "camera_size": [21, 21], "camera_position": [260, 226], "world_position": [0.7744799052802507, 0.6599720468201675, -0.14008714687727047], "world_orientation": [-0.0004616195341489368, 0.9242552754947977, 0.3817747668815234, -0.9999998244153137, -0.0005685167986162546, 0.0001672064336632473, 0.00037158679666982053, -0.3817746226619647, 0.9242553756481847], "world_rotation": [-0.19111177675446372, 0.19084225359241605, -0.9628372256147556, 1.6091931412772915]}, {"color": "CVGreen", "id_name": "object250297209514557", "shape": "CVCylinder", "id_string": "ob9382", "world_size": [0.04, 0.04, 0.04], "id": 9382, "camera_size": [20, 19], "camera_position": [276, 265], "world_position": [0.6781837763051619, 0.7000991200439299, -0.10129379530545314], "world_orientation": [0.9800847478719791, 0.003526589924567871, -0.1985483572136096, -0.006306641656358706, 0.9998907120632374, -0.013371245293174652, 0.19847950337437228, 0.014357126912300403, 0.979999877370955], "world_rotation": [-0.0696489051958063, 0.9972657470576677, 0.02469938765511569, -0.20039680022057457]}, {"color": "CVYellow", "id_name": "object93664936548182", "shape": "CVCone", "id_string": "ob9389", "world_size": [0.04, 0.04, 0.04], "id": 9389, "camera_size": [23, 24], "camera_position": [259, 208], "world_position": [0.8212113205935303, 0.6199818689301809, -0.14245840233111284], "world_orientation": [-0.7770587526124548, 0.6294279659053649, -0.0003615585851685643, -0.0002513127465728071, 0.00026416651431904187, 0.999999933528976, 0.6294280195783146, 0.7770587918248448, -4.708963121702325e-05], "world_rotation": [0.2428394749680875, 0.6860006606791307, 0.6858805165223896, -2.6646897429675054]}, {"color": "CVYellow", "id_name": "object269613760253850", "shape": "CVCone", "id_string": "ob9396", "world_size": [0.04, 0.04, 0.04], "id": 9396, "camera_size": [18, 17], "camera_position": [288, 245], "world_position": [0.7262939817503685, 0.6999567059880452, -0.07204578019389453], "world_orientation": [0.99919800544893, 0.0002420425593675218, 0.04004107044373159, 0.00021715300479853108, -0.9999997805163595, 0.0006259487244834445, 0.04004121316160299, -0.0006167516782549535, -0.9991978387015831], "world_rotation": [0.999799481238986, 0.00011482192607659065, 0.02002458814007871, -3.140971178731058]}], "source": "manual check"}
