{"timestamp": 1721661612.543713, "objects": [{"color": "cv_", "id_name": "hand", "shape": "CVBox", "id_string": "ob383", "world_size": [0.005, 0.09, 0.5], "id": 383, "camera_size": [3, 208], "camera_position": [246, 271], "world_position": [0.6631608938448353, 0.6656774340964866, -0.17410206886073734], "world_orientation": [1.2547661676866882e-06, -0.0016601404340826262, 0.999998621965133, -0.0007628604408827812, -0.9999983309898417, -0.0016601389938090106, 0.9999997090211444, -0.000762857306548628, -2.5212195365684496e-06], "world_rotation": [0.0, 1.0, 0.0, 0.0]}, {"color": "CVPurple", "id_name": "object35683446803889", "shape": "CVCylinder", "id_string": "ob12952", "world_size": [0.04, 0.04, 0.04], "id": 12952, "camera_size": [17, 17], "camera_position": [256, 238], "world_position": [0.7451525530615888, 0.6201268407331099, -0.1494222867329436], "world_orientation": [0.9988116442798778, 0.007889654221390941, -0.04809420554696663, -0.007921677062304901, 0.9999685100818191, -0.0004752654705480839, 0.048088941384142984, 0.0008556874510187557, 0.9988426910757964], "world_rotation": [-0.013653156692472317, 0.9866641824412414, 0.16219550671916663, -0.0487609025463752]}, {"color": "CVRed", "id_name": "object175331240941188", "shape": "CVSphere", "id_string": "ob12959", "world_size": [0.04, 0.04, 0.04], "id": 12959, "camera_size": [17, 17], "camera_position": [219, 295], "world_position": [0.6000001975766412, 0.6199876380047101, -0.24500290695971727], "world_orientation": [0.9999999999458645, 9.650178107334105e-06, 3.8916712968619556e-06, -9.650714768254794e-06, 0.9999999904419962, 0.00013792342545573716, -3.8903402740478235e-06, -0.00013792346300568018, 0.9999999904809918], "world_rotation": [-0.9971662790998552, 0.02813140131961832, -0.06977131277211361, 0.00013831539188728368]}, {"color": "CVBlue", "id_name": "object120599199019750", "shape": "CVCone", "id_string": "ob12966", "world_size": [0.04, 0.04, 0.04], "id": 12966, "camera_size": [16, 17], "camera_position": [236, 295], "world_position": [0.599995789756643, 0.6199874431870676, -0.2000054945582446], "world_orientation": [0.9999999610623376, 5.656141161563215e-10, 0.0002790615046035873, -5.655698547753415e-10, 1.0, -1.5868689240446827e-10, -0.0002790615046035874, 1.585290574509654e-10, 0.9999999610623376], "world_rotation": [5.683620718402968e-07, 0.9999999999977844, -2.026764624049503e-06, 0.00027906150822620655]}, {"color": "CVRed", "id_name": "object88774065668471", "shape": "CVBox", "id_string": "ob12973", "world_size": [0.04, 0.04, 0.04], "id": 12973, "camera_size": [16, 17], "camera_position": [255, 294], "world_position": [0.6028415220225062, 0.6199878575946407, -0.15148959955627694], "world_orientation": [0.9999948582433515, -0.0003332998372045015, 0.00318941970867689, 0.0003332677150804383, 0.9999999444101025, 1.0602924838341544e-05, -0.0031894230653304978, -9.539939701931357e-06, 0.999994913731815], "world_rotation": [-0.003140645338369047, 0.9945796330169808, 0.10393021665841969, 0.0032068089347491615]}, {"color": "CVPurple", "id_name": "object67250323957541", "shape": "CVCylinder", "id_string": "ob12980", "world_size": [0.04, 0.04, 0.04], "id": 12980, "camera_size": [16, 17], "camera_position": [271, 295], "world_position": [0.5998631475400831, 0.6199874431587179, -0.10988654856466742], "world_orientation": [0.9999838932387791, -5.910858587341624e-10, -0.005675672912916434, 5.91052721756347e-10, 1.0, -7.515747212433482e-12, 0.005675672912916434, 4.161004235106257e-12, 0.9999838932387791], "world_rotation": [-1.028666699675933e-09, 0.9999999999999946, -1.0414083040270403e-07, -0.005675703385348915]}, {"color": "CVPurple", "id_name": "object210061929433213", "shape": "CVCone", "id_string": "ob12987", "world_size": [0.04, 0.04, 0.04], "id": 12987, "camera_size": [16, 17], "camera_position": [289, 295], "world_position": [0.6, 0.6199874431539305, -0.065], "world_orientation": [1.0, 2.049142105997599e-16, 5.802954297681148e-18, -2.049142105997599e-16, 1.0, 6.179952383167331e-17, -5.802954297681148e-18, -6.179952383167331e-17, 1.0], "world_rotation": [-0.28863572672225335, 0.027102796704540077, -0.9570553043948448, 2.1410905896324258e-16]}, {"color": "CVRed", "id_name": "object192146038206555", "shape": "CVBox", "id_string": "ob12994", "world_size": [0.04, 0.04, 0.04], "id": 12994, "camera_size": [18, 17], "camera_position": [218, 277], "world_position": [0.6467774219236551, 0.6199874430517676, -0.2461043140810845], "world_orientation": [0.9941857117844314, -3.2334279553648635e-05, 0.10767901113112953, 3.1952268467121e-05, 0.999999999475624, 5.272993888195504e-06, -0.1076790112451637, -1.8017465100346326e-06, 0.9941857122962579], "world_rotation": [-3.2851063550546615e-05, 0.9999999549062624, 0.0002985101015160771, 0.10788819489342819]}, {"color": "CVYellow", "id_name": "object66831943152923", "shape": "CVCylinder", "id_string": "ob13001", "world_size": [0.04, 0.04, 0.04], "id": 13001, "camera_size": [16, 16], "camera_position": [236, 277], "world_position": [0.6449275676952786, 0.6199874431912459, -0.20005232938619322], "world_orientation": [0.999998633446758, -5.684638601938317e-10, -0.0016532103969172907, 5.686070210369566e-10, 1.0, 8.612564475654807e-11, 0.0016532103969172907, -8.706555410023406e-11, 0.999998633446758], "world_rotation": [5.238026544586156e-08, 0.9999999999999395, -3.4389781341533833e-07, -0.001653211149984478]}, {"color": "CVGreen", "id_name": "object262659265871746", "shape": "CVCapsule", "id_string": "ob13008", "world_size": [0.04, 0.08, 0.04], "id": 13008, "camera_size": [17, 24], "camera_position": [256, 270], "world_position": [0.6643231225329017, 0.6436544660932655, -0.15052371553162794], "world_orientation": [0.967334807926769, 0.24891189003979633, -0.048023331518104125, -0.24911896924256552, 0.968471363379649, 0.0017197316900828597, 0.04693728301471101, 0.010299966523272232, 0.9988447337563615], "world_rotation": [-0.01692101001427644, 0.1872710410274788, 0.9821625306498823, -0.2563359203372005]}, {"color": "CVYellow", "id_name": "object80697784570873", "shape": "CVSphere", "id_string": "ob13015", "world_size": [0.04, 0.04, 0.04], "id": 13015, "camera_size": [16, 16], "camera_position": [271, 277], "world_position": [0.6449979858882596, 0.6199743981647046, -0.1100101817932653], "world_orientation": [0.999999994602279, -0.00010248295975373096, 1.71080399267134e-05, 0.00010248192856403913, 0.9999999929327832, 6.026514978476899e-05, -1.7114215956742942e-05, -6.02633961945444e-05, 0.9999999980377133], "world_rotation": [-0.5017282148568466, 0.14245813067161486, 0.8532142048876772, 0.00012011338280379355]}, {"color": "CVPurple", "id_name": "object241012225124672", "shape": "CVCapsule", "id_string": "ob13022", "world_size": [0.04, 0.08, 0.04], "id": 13022, "camera_size": [18, 17], "camera_position": [290, 278], "world_position": [0.6445616456475234, 0.6399691809091573, -0.06455961382172581], "world_orientation": [0.9997497008812439, 0.0004576836452727343, 0.022367970706894728, -0.00045188135068764516, 0.9999998629332044, -0.0002644557002166296, -0.02236808867803755, 0.0002542818383727399, 0.9997497706674596], "world_rotation": [0.011592337633587153, 0.9997261933203916, -0.020326241593268665, 0.022376023067491042]}, {"color": "CVYellow", "id_name": "object230336875163190", "shape": "CVSphere", "id_string": "ob13029", "world_size": [0.04, 0.04, 0.04], "id": 13029, "camera_size": [18, 17], "camera_position": [218, 260], "world_position": [0.689795898707436, 0.6199781403388084, -0.24545265355713394], "world_orientation": [0.9984580020818593, -0.00014859857376781739, -0.055512124776176335, 0.00013551069112550105, 0.9999999621310506, -0.00023953026968898252, 0.05551215826784694, 0.00023163842811752585, 0.9984579844079992], "world_rotation": [-0.004243782525680986, 0.9999877209626838, -0.0025589516862036346, -0.0555413748442573]}, {"color": "CVRed", "id_name": "object229858761237358", "shape": "CVSphere", "id_string": "ob13036", "world_size": [0.04, 0.04, 0.04], "id": 13036, "camera_size": [16, 16], "camera_position": [236, 260], "world_position": [0.6879213729153375, 0.6199717845238384, -0.19992462001121028], "world_orientation": [0.9995232977859707, -0.0006181967211974501, -0.030867377858703724, 0.0006233745700257375, 0.9999997932007624, 0.00015812203600638837, 0.030867273724829312, -0.00017728859728223043, 0.9995234764534296], "world_rotation": [0.005431923017773672, 0.9997830767704815, -0.020107053878637586, -0.03087893007008128]}, {"color": "CVGreen", "id_name": "object230119708923868", "shape": "CVCapsule", "id_string": "ob13043", "world_size": [0.04, 0.08, 0.04], "id": 13043, "camera_size": [17, 25], "camera_position": [256, 254], "world_position": [0.7055939021443901, 0.6436113625525459, -0.15052749335788587], "world_orientation": [0.9673866138031695, 0.24894232341023684, -0.04680661330998508, -0.24916204963037866, 0.9684610968414092, 0.0011734260621206758, 0.0456224994758743, 0.010527275043789149, 0.9989032806141575], "world_rotation": [-0.01846055561606039, 0.1824161134598647, 0.9830481012832202, -0.2561384668027964]}, {"color": "CVBlue", "id_name": "object86583669344709", "shape": "CVCylinder", "id_string": "ob13050", "world_size": [0.04, 0.04, 0.04], "id": 13050, "camera_size": [17, 16], "camera_position": [272, 259], "world_position": [0.6905214963766791, 0.6199782561102885, -0.10949973319102647], "world_orientation": [0.9997344933322341, 0.0004644935641728468, -0.02303751478502245, -0.0005005682994504618, 0.9999986576485489, -0.00156017065666364, 0.023036759171352016, 0.001571288270550947, 0.9997333838479397], "world_rotation": [-0.06779421727125833, 0.9974805392042375, 0.020893013506927818, -0.023097378387783286]}, {"color": "CVPurple", "id_name": "object105115737608321", "shape": "CVCylinder", "id_string": "ob13057", "world_size": [0.04, 0.04, 0.04], "id": 13057, "camera_size": [16, 15], "camera_position": [289, 260], "world_position": [0.69, 0.6199874431539305, -0.065], "world_orientation": [1.0, 4.228388472693457e-17, -1.6957377686420176e-17, -4.228388472693457e-17, 1.0, 1.0733601507606494e-16, 1.6957377686420176e-17, -1.0733601507606494e-16, 1.0], "world_rotation": [0.92051720276698, 0.14542702990328832, 0.3626279889688094, -1.1660402951017529e-16]}, {"color": "CVYellow", "id_name": "object210976632259805", "shape": "CVBox", "id_string": "ob13064", "world_size": [0.04, 0.04, 0.04], "id": 13064, "camera_size": [17, 17], "camera_position": [219, 242], "world_position": [0.7352921672323318, 0.619987443014179, -0.24472743118192766], "world_orientation": [0.9974913053387723, 9.444121099232932e-12, -0.07078909360595406, -5.118412908379103e-11, 1.0, -5.878250520456639e-10, 0.07078909360595406, 5.899736565807125e-10, 0.9974913053387723], "world_rotation": [-8.319069002229123e-09, 1.0, 4.2823157561890663e-10, -0.07084834914557543]}, {"color": "CVGreen", "id_name": "object183356630010065", "shape": "CVCone", "id_string": "ob13071", "world_size": [0.04, 0.04, 0.04], "id": 13071, "camera_size": [17, 18], "camera_position": [237, 240], "world_position": [0.7386607078520623, 0.6214540366351557, -0.19845815768667083], "world_orientation": [0.9952794661336719, 0.07953977084634403, 0.0556076356841776, -0.07969789905274337, 0.9968188652534115, 0.0006283004697251915, -0.055380765426742425, -0.005057146291398901, 0.9984525006689781], "world_rotation": [-0.029278673017077195, 0.5715633689571908, -0.8200354105602179, 0.09724514330831167]}, {"color": "CVGreen", "id_name": "object69201273740893", "shape": "CVBox", "id_string": "ob13078", "world_size": [0.04, 0.04, 0.04], "id": 13078, "camera_size": [17, 18], "camera_position": [256, 222], "world_position": [0.7852836456021897, 0.6200426619729345, -0.15033259691402995], "world_orientation": [0.9988373838457224, 0.004323226759518393, -0.04801239780118006, -0.004297068212872111, 0.999990557585129, 0.0006480319103160868, 0.048014746037096746, -0.0004409659495334395, 0.998846529609041], "world_rotation": [0.011294381072724007, 0.9959313932762373, 0.08940412095109002, -0.048228412514264324]}, {"color": "CVRed", "id_name": "object47921312442999", "shape": "CVBox", "id_string": "ob13085", "world_size": [0.04, 0.04, 0.04], "id": 13085, "camera_size": [16, 16], "camera_position": [272, 241], "world_position": [0.7360271210443698, 0.6199497729944082, -0.1088906743915605], "world_orientation": [0.9998959597676346, -9.77982647685113e-05, -0.014424287707207611, 0.0001040488890160485, 0.9999999010196745, 0.00043259041858500786, 0.01442424397289462, -0.00043404624288812183, 0.9998958709734078], "world_rotation": [0.030026647476225833, 0.9995246329560226, -0.006993465197359917, -0.014431626866785806]}, {"color": "CVYellow", "id_name": "object119445129867009", "shape": "CVCylinder", "id_string": "ob13092", "world_size": [0.04, 0.04, 0.04], "id": 13092, "camera_size": [16, 16], "camera_position": [289, 242], "world_position": [0.7350071903081752, 0.619987438832218, -0.06497250378068083], "world_orientation": [0.9999999297013416, -1.2189218345083008e-07, -0.0003749630608295424, -5.2445787710835436e-08, 0.9999998919121313, -0.00046494701079455677, 0.00037496307697399057, 0.0004649469977746386, 0.9999998216134743], "world_rotation": [-0.778408287160974, 0.6277583413222462, -5.813313072169327e-05, -0.0005973048329522852]}, {"color": "CVGreen", "id_name": "object198108343951132", "shape": "CVSphere", "id_string": "ob13099", "world_size": [0.04, 0.04, 0.04], "id": 13099, "camera_size": [17, 16], "camera_position": [219, 224], "world_position": [0.78, 0.6199874431539305, -0.245], "world_orientation": [1.0, -2.2442984970449937e-16, -1.4488340486922525e-17, 2.2442984970449937e-16, 1.0, -5.952269926945416e-16, 1.4488340486922525e-17, 5.952269926945416e-16, 1.0], "world_rotation": [-0.9354546928465729, 0.022769777356192403, -0.3527124251716587, -6.362969764823948e-16]}, {"color": "CVBlue", "id_name": "object161896201030103", "shape": "CVCapsule", "id_string": "ob13106", "world_size": [0.04, 0.08, 0.04], "id": 13106, "camera_size": [18, 19], "camera_position": [235, 223], "world_position": [0.7818486891858816, 0.6405397908781734, -0.20065434275719565], "world_orientation": [0.9990719359584016, 0.030068298351121556, 0.030840950286904704, -0.030097252754609213, 0.9995468622419271, 0.00047493046170273673, -0.030812694737016335, -0.0014027175717963231, 0.9995241919165625], "world_rotation": [-0.021791038002457495, 0.715521172092427, -0.6982511030784376, 0.04309637256304891]}, {"color": "CVBlue", "id_name": "object156317612245661", "shape": "CVSphere", "id_string": "ob13113", "world_size": [0.04, 0.04, 0.04], "id": 13113, "camera_size": [17, 17], "camera_position": [257, 207], "world_position": [0.8251950483680871, 0.6200350164452321, -0.14764053488825696], "world_orientation": [0.9988589496838459, 0.00404746628676152, -0.04758588712151709, -0.0040736914739640424, 0.9999915993596771, -0.00045414518618831627, 0.04758364923226454, 0.0006474772063279667, 0.9988670467579798], "world_rotation": [-0.011532684748814881, 0.9963125912428455, 0.08501892561924748, -0.0477790586421789]}, {"color": "CVGreen", "id_name": "object50919808071559", "shape": "CVCone", "id_string": "ob13120", "world_size": [0.04, 0.04, 0.04], "id": 13120, "camera_size": [17, 17], "camera_position": [272, 223], "world_position": [0.7833626351591684, 0.6200510380103496, -0.11036427398557812], "world_orientation": [0.9988180310110031, 0.004152890480110828, -0.04842823998415671, -0.004151149783363668, 0.9999913746217308, 0.00013651965899729118, 0.04842838922346014, 6.467458092494358e-05, 0.9988266550980804], "world_rotation": [0.0007390558116976792, 0.9963445880767678, 0.08542198549930276, -0.04862514884392344]}, {"color": "CVRed", "id_name": "object197140495867986", "shape": "CVBox", "id_string": "ob13127", "world_size": [0.04, 0.04, 0.04], "id": 13127, "camera_size": [16, 16], "camera_position": [289, 224], "world_position": [0.78, 0.6199874431539305, -0.065], "world_orientation": [1.0, 4.228388472693457e-17, -1.6957377686420176e-17, -4.228388472693457e-17, 1.0, 1.0733601507606494e-16, 1.6957377686420176e-17, -1.0733601507606494e-16, 1.0], "world_rotation": [0.92051720276698, 0.14542702990328832, 0.3626279889688094, -1.1660402951017529e-16]}, {"color": "CVBlue", "id_name": "object22822038279640", "shape": "CVCone", "id_string": "ob13134", "world_size": [0.04, 0.04, 0.04], "id": 13134, "camera_size": [18, 18], "camera_position": [227, 272], "world_position": [0.6591405951032815, 0.660036984948753, -0.2213587286510361], "world_orientation": [0.995089935745646, 0.004009375833140372, -0.09889360284242424, -0.004016749215386692, 0.9999919250744952, 0.00012454535712798476, 0.09889330363309337, 0.00027329697020216727, 0.9950980051257762], "world_rotation": [-0.0007514615073711633, 0.9991773790328595, 0.040546276458244344, -0.09913718195375866]}, {"color": "CVYellow", "id_name": "object251828910971395", "shape": "CVCylinder", "id_string": "ob13141", "world_size": [0.04, 0.04, 0.04], "id": 13141, "camera_size": [17, 20], "camera_position": [256, 261], "world_position": [0.6873321892683809, 0.706178106176712, -0.14982900113278116], "world_orientation": [0.986818787054014, -0.15533299274933826, -0.04539099999756432, 0.15554709617036486, 0.987827746242532, 0.0012019261071582515, 0.04465179044800028, -0.008246521505084639, 0.9989685743269677], "world_rotation": [0.02918030969562943, 0.27808552461630487, -0.9601129884159164, -0.16261337854646576]}, {"color": "CVPurple", "id_name": "object159309696245820", "shape": "CVBox", "id_string": "ob13148", "world_size": [0.04, 0.04, 0.04], "id": 13148, "camera_size": [17, 18], "camera_position": [272, 279], "world_position": [0.6411818998137369, 0.6599645343237757, -0.10992168013516415], "world_orientation": [0.998452332503175, -2.7630815115619487e-05, -0.05561419742752146, 2.921132566091362e-05, 0.9999999991922959, 2.7606280758576418e-05, 0.055614196619817584, -2.918811984756384e-05, 0.9984523325038538], "world_rotation": [0.0005106104989873643, 0.9999997390576337, -0.00051103970735942, -0.05564292008574569]}, {"color": "CVYellow", "id_name": "object105154519936614", "shape": "CVCone", "id_string": "ob13155", "world_size": [0.04, 0.04, 0.04], "id": 13155, "camera_size": [17, 18], "camera_position": [236, 255], "world_position": [0.7005582091963133, 0.6603208975318756, -0.20038015509723783], "world_orientation": [0.9982997229578601, 0.04645663554809773, 0.03520574038152614, -0.04638688780841149, 0.9989196364753259, -0.0027958010395829984, -0.03529758889371969, 0.0011579626739710578, 0.9993761750916097], "world_rotation": [0.03389542976014079, 0.6044217152160123, -0.7959431449649585, 0.058356077483924594]}, {"color": "CVRed", "id_name": "object188215568476717", "shape": "CVCylinder", "id_string": "ob13162", "world_size": [0.04, 0.04, 0.04], "id": 13162, "camera_size": [18, 18], "camera_position": [257, 225], "world_position": [0.7762519041439544, 0.6600718502808444, -0.14692047266678995], "world_orientation": [-0.004136478621135139, 0.9955947423030733, -0.09366962497573066, -0.9999913321737941, -0.0040738469374137325, 0.0008598537150290228, 0.00047447012299657587, 0.0936723698302101, 0.995602964041638], "world_rotation": [-0.04640718009367936, 0.04707298281388249, 0.9978128621764488, -1.577100049301686]}, {"color": "CVPurple", "id_name": "object117920892015013", "shape": "CVCylinder", "id_string": "ob13169", "world_size": [0.04, 0.04, 0.04], "id": 13169, "camera_size": [16, 17], "camera_position": [272, 259], "world_position": [0.692488786387881, 0.659967609264434, -0.10922574734763502], "world_orientation": [0.9999048921390126, 0.00037214395878352443, -0.013786521872608008, -0.00039381165386770785, 0.9999986916118684, -0.0015689763965672865, 0.013785919949398954, 0.0015742564675580066, 0.9999037304299466], "world_rotation": [-0.1132223447750982, 0.9931865213974072, 0.027590475859367473, -0.013881243216577724]}, {"color": "CVYellow", "id_name": "object205895394874418", "shape": "CVCapsule", "id_string": "ob13176", "world_size": [0.04, 0.08, 0.04], "id": 13176, "camera_size": [18, 20], "camera_position": [232, 238], "world_position": [0.7427848847737003, 0.6812528892913825, -0.2072489544607594], "world_orientation": [0.996397131710613, 0.07950408385652187, 0.02952721742729795, -0.07961692516159238, 0.9968219744672921, 0.0026639157161198884, -0.02922158699792308, -0.005005184238799941, 0.9995604268797652], "world_rotation": [-0.04516729590760241, 0.34600209272139537, -0.937145915646443, 0.08499891602306522]}, {"color": "CVGreen", "id_name": "object242503641992383", "shape": "CVCapsule", "id_string": "ob13183", "world_size": [0.04, 0.08, 0.04], "id": 13183, "camera_size": [34, 35], "camera_position": [284, 175], "world_position": [0.9065410323014504, 0.6199748839665198, -0.0770666294512285], "world_orientation": [-0.7429486399208999, -0.6693484282790876, -1.768484819697491e-08, 3.642681850601904e-08, -1.4011248383738462e-08, -0.9999999999999993, 0.6693484282790868, -0.7429486399209, 3.4791871605932556e-08], "world_rotation": [-0.26206136739861247, 0.6823942458871571, -0.6823942649944148, -2.6289967543950987]}, {"color": "CVPurple", "id_name": "object110321531569444", "shape": "CVCapsule", "id_string": "ob13190", "world_size": [0.04, 0.08, 0.04], "id": 13190, "camera_size": [18, 18], "camera_position": [274, 241], "world_position": [0.7350522466730025, 0.6799136131317696, -0.1056802778102172], "world_orientation": [0.9993451870290623, -0.00015351897691822758, -0.03618250397322189, 0.00017428835540125382, 0.9999998218690637, 0.000570863740358921, 0.036182409889581206, -0.0005767961204888882, 0.9993450357713385], "world_rotation": [0.015857184474931042, 0.9998640083023114, -0.00452930482119071, -0.036195280826341415]}, {"color": "CVYellow", "id_name": "object230771514391240", "shape": "CVCylinder", "id_string": "ob13197", "world_size": [0.04, 0.04, 0.04], "id": 13197, "camera_size": [21, 22], "camera_position": [258, 203], "world_position": [0.8308058889201647, 0.6600041126408265, -0.144850281802092], "world_orientation": [-0.004074923349936766, 0.948157009114721, 0.3177761493037499, -0.9999914221918068, -0.0036279089366659948, -0.0019984542914485157, -0.0007419855119139842, -0.3177815670289487, 0.9481636594565972], "world_rotation": [-0.15796156688700805, 0.15932968429262884, -0.9745061288108003, 1.600570312072608]}, {"color": "CVGreen", "id_name": "object37764713633794", "shape": "CVCone", "id_string": "ob13204", "world_size": [0.04, 0.04, 0.04], "id": 13204, "camera_size": [19, 19], "camera_position": [289, 272], "world_position": [0.6613978448293728, 0.6999507377019115, -0.07088067937747937], "world_orientation": [0.9948314421214065, -0.0009917465331713432, 0.10153530521674045, -0.0010272041907004275, -0.9999994283413675, 0.0002969317922709285, 0.10153495269213116, -0.0003996945741392646, -0.9948318921436194], "world_rotation": [-0.9987070245983641, 0.000505391154647728, -0.05083329221743545, 3.141243889456081]}, {"color": "CVPurple", "id_name": "object267977555784809", "shape": "CVCone", "id_string": "ob13211", "world_size": [0.04, 0.04, 0.04], "id": 13211, "camera_size": [22, 24], "camera_position": [249, 161], "world_position": [0.9414789542393314, 0.6199874431870874, -0.1657070412670037], "world_orientation": [0.7762142737391475, 4.911867662650525e-10, 0.6304691913516534, -1.6838695287133448e-10, 1.0, -5.717684779521879e-10, -0.6304691913516534, 3.376520678496361e-10, 0.7762142737391475], "world_rotation": [7.212252067798357e-10, 1.0, -5.230816415647027e-10, 0.6821575244111134]}, {"color": "CVBlue", "id_name": "object216064702253285", "shape": "CVCylinder", "id_string": "ob13218", "world_size": [0.04, 0.04, 0.04], "id": 13218, "camera_size": [23, 23], "camera_position": [271, 241], "world_position": [0.7348683407619678, 0.739899971407177, -0.11427675943256542], "world_orientation": [0.8926059102055964, -0.00011994352195494995, -0.4508377476205721, 0.00041672995880229517, 0.9999997569103921, 0.000559030677264515, 0.45083757097449245, -0.0006868716825049839, 0.8926057432064347], "world_rotation": [0.0013817622862792628, 0.9999988682371544, -0.0005951952574307461, -0.4677041309338268]}], "source": "manual check"}
