{"timestamp": 1721660054.797835, "objects": [{"color": "cv_", "id_name": "hand", "shape": "CVBox", "id_string": "ob383", "world_size": [0.005, 0.09, 0.5], "id": 383, "camera_size": [3, 208], "camera_position": [246, 271], "world_position": [0.6632393541015671, 0.6656995347316961, -0.17408596939091922], "world_orientation": [-3.808344388111607e-06, -0.0016628363750793252, 0.9999986174793876, -0.0007633357054342917, -0.999998326141466, -0.0016628387976802804, 0.9999997086520063, -0.0007633409827700655, 2.5390356364550344e-06], "world_rotation": [0.0, 1.0, 0.0, 0.0]}, {"color": "CVGreen", "id_name": "object110762272951275", "shape": "CVCylinder", "id_string": "ob667", "world_size": [0.04, 0.04, 0.04], "id": 667, "camera_size": [18, 20], "camera_position": [274, 166], "world_position": [0.9284590061980204, 0.6199853695583771, -0.10353366621980307], "world_orientation": [0.9858754166138793, -0.00010772514241174486, 0.167480301264667, 0.00017828025075473805, 0.9999999015931189, -0.00040623872874748945, -0.167480241021328, 0.0004303592060545676, 0.98587533880222], "world_rotation": [0.00249759274567046, 0.9999965164834966, 0.0008538450377172496, 0.16827387418779907]}, {"color": "CVYellow", "id_name": "object65119640944946", "shape": "CVBox", "id_string": "ob674", "world_size": [0.04, 0.04, 0.04], "id": 674, "camera_size": [18, 18], "camera_position": [219, 295], "world_position": [0.5992524263934325, 0.6199874431853817, -0.24307939451569982], "world_orientation": [0.9923379453227132, -1.283911115190166e-11, -0.12355323659336563, 8.43796596356519e-11, 1.0, 5.737933612479528e-10, 0.12355323659336563, -5.79822305191238e-10, 0.9923379453227132], "world_rotation": [4.668496343142888e-09, 1.0, -3.934286687588639e-10, -0.12386976412478339]}, {"color": "CVYellow", "id_name": "object41854544777211", "shape": "CVCylinder", "id_string": "ob681", "world_size": [0.04, 0.04, 0.04], "id": 681, "camera_size": [16, 17], "camera_position": [236, 296], "world_position": [0.5988967518361988, 0.6199878185049525, -0.19924171072108177], "world_orientation": [0.9996808888939933, -5.164945918935653e-05, -0.02526099191340082, 5.210827916669194e-05, 0.9999999984891524, 1.750492325435401e-05, 0.025260990971115494, -1.8815644057584624e-05, 0.9996808900749923], "world_rotation": [0.000718904509629571, 0.9999976327233241, -0.0020537098270656654, -0.02526373861390926]}, {"color": "CVBlue", "id_name": "object62357034352100", "shape": "CVCapsule", "id_string": "ob688", "world_size": [0.04, 0.08, 0.04], "id": 688, "camera_size": [16, 32], "camera_position": [255, 279], "world_position": [0.6413557730245936, 0.6199748863900655, -0.15080533460132972], "world_orientation": [-3.511079038104312e-12, 0.9999996203383787, 0.0008713914727100998, -1.0, -3.959092219376801e-12, 5.141336495537335e-10, 5.141369045454958e-10, -0.0008713914727101002, 0.9999996203383786], "world_rotation": [-0.0004356959934218828, 0.00043569547928660573, -0.9999998101692075, 1.5707965166294424]}, {"color": "CVYellow", "id_name": "object88124006715143", "shape": "CVBox", "id_string": "ob695", "world_size": [0.04, 0.04, 0.04], "id": 695, "camera_size": [17, 18], "camera_position": [272, 293], "world_position": [0.6037627053353058, 0.6199874431798942, -0.10927120953658251], "world_orientation": [0.9963148794952271, -5.072472037774735e-10, -0.08577097933690285, 5.288030147781085e-10, 1.0, 2.2859839446247403e-10, 0.08577097933690285, -2.731119342855077e-10, 0.9963148794952271], "world_rotation": [2.9247091068955625e-09, 1.0, -6.039631508030495e-09, -0.0858764936847526]}, {"color": "CVYellow", "id_name": "object49331030110913", "shape": "CVSphere", "id_string": "ob702", "world_size": [0.04, 0.04, 0.04], "id": 702, "camera_size": [16, 17], "camera_position": [289, 295], "world_position": [0.6, 0.6199874431539305, -0.065], "world_orientation": [1.0, 2.049142105997599e-16, 5.802954297681148e-18, -2.049142105997599e-16, 1.0, 6.179952383167331e-17, -5.802954297681148e-18, -6.179952383167331e-17, 1.0], "world_rotation": [-0.28863572672225335, 0.027102796704540077, -0.9570553043948448, 2.1410905896324258e-16]}, {"color": "CVRed", "id_name": "object206607171951971", "shape": "CVCylinder", "id_string": "ob709", "world_size": [0.04, 0.04, 0.04], "id": 709, "camera_size": [18, 18], "camera_position": [218, 278], "world_position": [0.6431221498739776, 0.6199845656476186, -0.245179242409561], "world_orientation": [0.9956098746689718, -0.00023078161863688713, -0.09359980876838842, 0.000257891473882094, 0.9999999282317509, 0.0002775400533150154, 0.09359973799975127, -0.000300460210334944, 0.9956098627324058], "world_rotation": [0.003087590483952715, 0.9999918262175864, -0.002610418169530634, -0.09373775344756012]}, {"color": "CVYellow", "id_name": "object24772781789523", "shape": "CVCylinder", "id_string": "ob716", "world_size": [0.04, 0.04, 0.04], "id": 716, "camera_size": [17, 17], "camera_position": [236, 277], "world_position": [0.6462291934306948, 0.6199816447571599, -0.20080601003737447], "world_orientation": [0.9981808763628695, 0.000798573762349973, 0.06028515856659971, -0.000866684210825799, 0.9999990153903648, 0.0011036651575180583, -0.06028421785121451, -0.0011539056492193406, 0.9981805856556318], "world_rotation": [-0.018719180977616368, 0.9997294307615247, -0.013807879372494855, 0.060337608262458056]}, {"color": "CVRed", "id_name": "object174780486516710", "shape": "CVCone", "id_string": "ob723", "world_size": [0.04, 0.04, 0.04], "id": 723, "camera_size": [19, 18], "camera_position": [257, 230], "world_position": [0.764755744895253, 0.6199874477308849, -0.1473176469575663], "world_orientation": [-0.16465445022310748, -1.1312937352266123e-06, -0.9863513126774084, 0.00014347020951711802, 0.9999999893932238, -2.5096841132058568e-05, 0.9863513022437926, -0.00014564433606624794, -0.1646544483143476], "world_rotation": [6.110778861114741e-05, 0.9999999954463848, -7.330121707151542e-05, -1.7362040009220197]}, {"color": "CVBlue", "id_name": "object186178950961975", "shape": "CVCylinder", "id_string": "ob730", "world_size": [0.04, 0.04, 0.04], "id": 730, "camera_size": [17, 17], "camera_position": [273, 276], "world_position": [0.6488352311414776, 0.6199623293702283, -0.10686904802702887], "world_orientation": [0.9966795816125773, 0.00012348054181093705, 0.08142356138817362, -0.00012998333938950767, 0.9999999887723318, 7.456318283424557e-05, -0.08142355126687466, -8.489930828515924e-05, 0.9966795864726026], "world_rotation": [-0.000979214300555923, 0.9999983092993329, -0.0015564503940932125, 0.08151393418617414]}, {"color": "CVRed", "id_name": "object171901725271867", "shape": "CVCone", "id_string": "ob737", "world_size": [0.04, 0.04, 0.04], "id": 737, "camera_size": [17, 16], "camera_position": [289, 277], "world_position": [0.6449317945191928, 0.619987443166978, -0.06519150465793148], "world_orientation": [0.9995108589661075, -3.531420385882362e-11, 0.031273675972518365, 1.8752055769642476e-11, 1.0, 5.298808014667314e-10, -0.031273675972518365, -5.290351693077038e-10, 0.9995108589661075], "world_rotation": [-1.692982896709926e-08, 1.0, 8.644052537344288e-10, 0.031278776049794746]}, {"color": "CVRed", "id_name": "object261196861943676", "shape": "CVCylinder", "id_string": "ob744", "world_size": [0.04, 0.04, 0.04], "id": 744, "camera_size": [17, 16], "camera_position": [218, 259], "world_position": [0.6900305981917929, 0.6200057971324214, -0.2460024335307291], "world_orientation": [0.9999105571349477, 0.0009647049140266333, -0.013339680449973005, -0.0009441237182828497, 0.9999983545101803, 0.0015490666016691132, 0.013341152891827407, -0.0015363337400069665, 0.9999098225930959], "world_rotation": [0.11458650624010075, 0.9908806435635856, 0.07089063971147265, -0.013463599071156998]}, {"color": "CVBlue", "id_name": "object279851261291870", "shape": "CVCapsule", "id_string": "ob751", "world_size": [0.04, 0.08, 0.04], "id": 751, "camera_size": [18, 20], "camera_position": [234, 256], "world_position": [0.6987239078113892, 0.6413409988104323, -0.20442638700381682], "world_orientation": [0.9960500196516264, 0.07721765905044045, -0.04383824224082131, -0.07715446863704588, 0.9970142251910109, 0.0031341244556170106, 0.043949360875103795, 0.0002605715604647029, 0.9990337260478906], "world_rotation": [0.016178911069270385, 0.49426889833593085, 0.8691585004902143, -0.0889226523683095]}, {"color": "CVGreen", "id_name": "object159557963851791", "shape": "CVCapsule", "id_string": "ob758", "world_size": [0.04, 0.08, 0.04], "id": 758, "camera_size": [27, 43], "camera_position": [261, 177], "world_position": [0.8976313384006523, 0.6462364840022393, -0.13808501696481418], "world_orientation": [0.22845138955726452, 0.7937701275021278, -0.5636833750383373, -0.5228221581586099, 0.588448889546191, 0.6167535126209078, 0.8212593704474418, 0.1538079616831023, 0.549432577642754], "world_rotation": [0.23545624325803258, 0.7043882705406023, 0.6696249113015684, -1.3865899157108437]}, {"color": "CVYellow", "id_name": "object20556953950618", "shape": "CVCone", "id_string": "ob765", "world_size": [0.04, 0.04, 0.04], "id": 765, "camera_size": [16, 16], "camera_position": [273, 259], "world_position": [0.6910425561172261, 0.6199623294977301, -0.10525932248322868], "world_orientation": [0.9997985980936586, 3.0744253014676026e-05, 0.020068938804685545, -3.266976593735205e-05, 0.9999999948950302, 9.561707996422594e-05, -0.020068935762558526, -9.625347003540252e-05, 0.9997985939941243], "world_rotation": [-0.00478022616842676, 0.9999873266206958, -0.0015798847339530847, 0.020070539091927724]}, {"color": "CVRed", "id_name": "object196388356615980", "shape": "CVBox", "id_string": "ob772", "world_size": [0.04, 0.04, 0.04], "id": 772, "camera_size": [16, 15], "camera_position": [290, 260], "world_position": [0.6899775362537858, 0.6199874431986586, -0.06238380073536395], "world_orientation": [0.9999993668663606, 9.520635956218718e-12, -0.0011252852429304023, -9.482174723568907e-12, 1.0, 3.4184431347901603e-11, 0.0011252852429304023, -3.4173739553300895e-11, 0.9999993668663606], "world_rotation": [3.037370805787344e-08, 0.9999999999999993, 8.443552778805488e-09, -0.0011252854804157768]}, {"color": "CVPurple", "id_name": "object206714767504236", "shape": "CVBox", "id_string": "ob779", "world_size": [0.04, 0.04, 0.04], "id": 779, "camera_size": [17, 16], "camera_position": [219, 242], "world_position": [0.7350203894076087, 0.6199874432008644, -0.24501926874425353], "world_orientation": [0.9999999939826761, 1.126971779025317e-09, 0.00010970254348373142, -1.1270120797811725e-09, 1.0, 3.673020943959558e-10, -0.00010970254348373102, -3.6742572827831625e-10, 0.9999999939826761], "world_rotation": [-3.3487273826989307e-06, 0.9999999999416241, -1.027316134656976e-05, 0.00010970254371017375]}, {"color": "CVYellow", "id_name": "object228993022139262", "shape": "CVCone", "id_string": "ob786", "world_size": [0.04, 0.04, 0.04], "id": 786, "camera_size": [17, 17], "camera_position": [235, 241], "world_position": [0.73859760337791, 0.6199996303646238, -0.2031674891430378], "world_orientation": [0.9990708421923874, 0.003022468267026333, -0.042992057017185184, -0.0030160114693446646, 0.9999954287042601, 0.0002150474373964015, 0.04299251046183352, -8.51830873363825e-05, 0.9990753909430613], "world_rotation": [0.0034830794728414266, 0.997537083325809, 0.07005451839263317, -0.043111785125179866]}, {"color": "CVGreen", "id_name": "object99130864152596", "shape": "CVCapsule", "id_string": "ob793", "world_size": [0.04, 0.08, 0.04], "id": 793, "camera_size": [19, 24], "camera_position": [263, 151], "world_position": [0.9642245983853698, 0.6399748638603403, -0.13334322591841222], "world_orientation": [0.9812268071192464, 0.0008725624783912763, 0.19285536452297794, -0.0008892512548922278, 0.9999996046160243, -2.5738611850135637e-08, -0.19285528829351575, -0.00017147161949883046, 0.9812271950851692], "world_rotation": [-0.00044448882655183066, 0.999989469399748, -0.0045676601552551745, 0.1940733431047396]}, {"color": "CVYellow", "id_name": "object115944096066003", "shape": "CVBox", "id_string": "ob800", "world_size": [0.04, 0.04, 0.04], "id": 800, "camera_size": [17, 16], "camera_position": [275, 242], "world_position": [0.7341167678473718, 0.6199497619980139, -0.10174882830349814], "world_orientation": [0.9999917776492808, 0.0006915433322567091, -0.003995797999306211, -0.0006884383638926481, 0.9999994600872193, 0.0007783815831502877, 0.003996334126517583, -0.0007756243223868246, 0.9999917138258996], "world_rotation": [0.18818339638981477, 0.9678126463192865, 0.16710981702956054, -0.00412897830235568]}, {"color": "CVBlue", "id_name": "object268552401127661", "shape": "CVCone", "id_string": "ob807", "world_size": [0.04, 0.04, 0.04], "id": 807, "camera_size": [17, 16], "camera_position": [291, 242], "world_position": [0.7350391679312551, 0.6199874431872451, -0.060519815045624516], "world_orientation": [0.999998272155208, 6.094022088451173e-12, -0.0018589477126828647, -5.097900107647818e-12, 1.0, 5.358573467973003e-10, 0.0018589477126828647, -5.358469441892294e-10, 0.999998272155208], "world_rotation": [2.8825563077290204e-07, 0.9999999999999585, 3.0102842914140267e-09, -0.0018589487833413898]}, {"color": "CVGreen", "id_name": "object29096096169533", "shape": "CVCapsule", "id_string": "ob814", "world_size": [0.04, 0.08, 0.04], "id": 814, "camera_size": [18, 18], "camera_position": [217, 223], "world_position": [0.7806347713741227, 0.6399748863449013, -0.24760157127878593], "world_orientation": [0.9998221928802975, -5.229077043811634e-10, 0.018856898579394956, 5.219026464442926e-10, 1.0, 5.822038754559059e-11, -0.018856898579394956, -4.836857027385418e-11, 0.9998221928802975], "world_rotation": [-2.826258978131089e-09, 0.9999999999999996, 2.7703663633401682e-08, 0.018858016289164375]}, {"color": "CVYellow", "id_name": "object231433638704760", "shape": "CVBox", "id_string": "ob821", "world_size": [0.04, 0.04, 0.04], "id": 821, "camera_size": [16, 16], "camera_position": [236, 224], "world_position": [0.7803276509523898, 0.6201246470924344, -0.20022037081888108], "world_orientation": [0.9999614922940372, 0.007340965413500142, 0.0048087582472051416, -0.007339165310604696, 0.9999729911773568, -0.0003918779829393937, -0.0048115051310255764, 0.0003565706209023138, 0.9999883610701509], "world_rotation": [0.042604242442611504, 0.5476181413448159, -0.8356430157644713, 0.008783846227062202]}, {"color": "CVRed", "id_name": "object145439494089874", "shape": "CVCapsule", "id_string": "ob828", "world_size": [0.04, 0.08, 0.04], "id": 828, "camera_size": [21, 37], "camera_position": [255, 129], "world_position": [1.0231170009656532, 0.6199748863755223, -0.15310519487699506], "world_orientation": [6.015012168902878e-10, 0.9826659503027912, 0.18538508601155762, -1.0, 6.120449824037478e-10, 3.530647996186076e-13, -1.1311705738759059e-10, -0.18538508601155765, 0.9826659503027911], "world_rotation": [-0.09269602460931022, 0.09269602466569433, -0.9913702103819779, 1.5794634595476527]}, {"color": "CVRed", "id_name": "object24394965427418", "shape": "CVSphere", "id_string": "ob835", "world_size": [0.04, 0.04, 0.04], "id": 835, "camera_size": [17, 17], "camera_position": [274, 224], "world_position": [0.7819991332605883, 0.6199874382344868, -0.1043133999164073], "world_orientation": [0.9999841338018743, 9.092819840747561e-07, 0.005633129120511239, -9.170076766281147e-08, 0.9999999894674358, -0.00014513827826213852, -0.0056331291931515665, 0.00014513545890719532, 0.9999841232695607], "world_rotation": [0.025756327420910243, 0.9996682468244574, -8.881836761345221e-05, 0.005635028407480471]}, {"color": "CVYellow", "id_name": "object101035872486007", "shape": "CVCylinder", "id_string": "ob842", "world_size": [0.04, 0.04, 0.04], "id": 842, "camera_size": [17, 16], "camera_position": [290, 224], "world_position": [0.7802620160700802, 0.6199874431883592, -0.06339616040264155], "world_orientation": [0.9999029405298197, -5.40548049684154e-10, -0.01393231925488188, 5.41216974357058e-10, 1.0, 4.424205538530892e-11, 0.01393231925488188, -5.177816894775708e-11, 0.9999029405298197], "world_rotation": [3.4459526291511187e-09, 0.9999999999999993, -3.8822144549342035e-08, -0.013932770026891035]}, {"color": "CVGreen", "id_name": "object138691981763353", "shape": "CVBox", "id_string": "ob849", "world_size": [0.04, 0.04, 0.04], "id": 849, "camera_size": [22, 23], "camera_position": [228, 275], "world_position": [0.6530792042619566, 0.6608879156153653, -0.2180261485997317], "world_orientation": [0.8608685709437327, 0.07481710011366306, 0.503296835964501, -0.06799281858147908, 0.9971745718366385, -0.03193508891114937, -0.5042640976538403, -0.006728656106464569, 0.863523274153256], "world_rotation": [0.024762112586016398, 0.9898004001142179, -0.14029257184188773, 0.5339898455518487]}, {"color": "CVPurple", "id_name": "object221982178704271", "shape": "CVCylinder", "id_string": "ob856", "world_size": [0.04, 0.04, 0.04], "id": 856, "camera_size": [21, 22], "camera_position": [172, 146], "world_position": [0.9806558022189615, 0.6199874431884687, -0.36441408897753796], "world_orientation": [2.1541046377193673e-10, 0.9611420344731303, 0.276054323582972, -1.0, 6.44181860631754e-11, 5.56033441512227e-10, 5.166442273996097e-10, -0.276054323582972, 0.9611420344731303], "world_rotation": [-0.13805322106428278, 0.1380532205278427, -0.9807561452551125, 1.5902265319855395]}, {"color": "CVBlue", "id_name": "object31310630079518", "shape": "CVCapsule", "id_string": "ob863", "world_size": [0.04, 0.08, 0.04], "id": 863, "camera_size": [17, 18], "camera_position": [273, 276], "world_position": [0.6507982821868751, 0.6799404940203657, -0.10821874357642249], "world_orientation": [0.9998799475481567, -4.96945657026802e-06, 0.015494852900246747, 1.3260346535530492e-07, 0.9999999512781479, 0.00031215970963392037, -0.015494853696572936, -0.00031212017942422227, 0.9998798988328127], "world_rotation": [-0.02014066339690933, 0.9997971427162134, 0.00016460385094792335, 0.015498617652363399]}, {"color": "CVRed", "id_name": "object30642933282265", "shape": "CVSphere", "id_string": "ob870", "world_size": [0.04, 0.04, 0.04], "id": 870, "camera_size": [18, 19], "camera_position": [226, 255], "world_position": [0.7020003552848832, 0.7012528094466554, -0.2206506311296234], "world_orientation": [0.9965937006878396, 0.07726126465054592, -0.028839083444440625, -0.07721570314337588, 0.9970107768703275, 0.002691838126676566, 0.028960851807071537, -0.0004558388141442365, 0.9995804426225957], "world_rotation": [0.01908072920192089, 0.35037423889348585, 0.9364154091496645, -0.08257695673020951]}, {"color": "CVPurple", "id_name": "object138315855077724", "shape": "CVSphere", "id_string": "ob877", "world_size": [0.04, 0.04, 0.04], "id": 877, "camera_size": [18, 20], "camera_position": [184, 114], "world_position": [1.0612966994566013, 0.6199874431801188, -0.3321110657553271], "world_orientation": [-0.0213153784031952, 0.9997728015121881, 1.3672718512935944e-10, 5.380699774626408e-10, 1.482299838428958e-10, -1.0, -0.9997728015121881, -0.021315378403195032, -5.411073811245615e-10], "world_rotation": [0.569145559111987, 0.5814092074431827, -0.5814092070507603, 2.1067458905925616]}, {"color": "CVYellow", "id_name": "object73641944922530", "shape": "CVCylinder", "id_string": "ob884", "world_size": [0.04, 0.04, 0.04], "id": 884, "camera_size": [17, 17], "camera_position": [274, 259], "world_position": [0.6917341729900005, 0.6599485021002257, -0.10598383407729833], "world_orientation": [0.9995800697925528, -0.00010907846386831111, -0.028977097428908034, 0.00011718719975569852, 0.9999999544541801, 0.0002781344967391671, 0.028977065770638723, -0.0002814134445669953, 0.9995800370484583], "world_rotation": [0.009654484993149567, 0.9999457733585322, -0.003904005881647537, -0.028982710411781822]}, {"color": "CVBlue", "id_name": "object234350947559528", "shape": "CVBox", "id_string": "ob891", "world_size": [0.04, 0.04, 0.04], "id": 891, "camera_size": [18, 18], "camera_position": [233, 239], "world_position": [0.7410721012306823, 0.6609137402321407, -0.20561498446501175], "world_orientation": [0.998062238033124, 0.054967366408230044, -0.029160892346693605, -0.05499957652357037, 0.998486331784305, -0.00030302170064629293, 0.02910009612595804, 0.0019062712468372232, 0.999574684821196], "world_rotation": [-0.017750076566890115, 0.46808505292618513, 0.8835051318520794, -0.06227357737201782]}, {"color": "CVPurple", "id_name": "object106262787379896", "shape": "CVBox", "id_string": "ob898", "world_size": [0.04, 0.04, 0.04], "id": 898, "camera_size": [15, 16], "camera_position": [317, 107], "world_position": [1.2233550292024222, 0.019987443183894102, 0.0649302976670578], "world_orientation": [-0.18476651408549288, -0.9827824455456535, -1.328815391055116e-10, -5.47534573236419e-10, 2.381480568303118e-10, -1.0, 0.9827824455456535, -0.184766514085493, -5.821090276469931e-10], "world_rotation": [-0.5059437157816385, 0.6099266172975981, -0.6099266168753237, -2.2048101179780386]}, {"color": "CVPurple", "id_name": "object52608141899685", "shape": "CVCylinder", "id_string": "ob905", "world_size": [0.04, 0.04, 0.04], "id": 905, "camera_size": [17, 18], "camera_position": [273, 239], "world_position": [0.7408995957408209, 0.6598984516461333, -0.10821748923089064], "world_orientation": [0.9987627934866798, 0.0012330604367781352, -0.04971279421480293, -0.001159986165804517, 0.9999982040841733, 0.0014987529893938716, 0.04971455298782475, -0.0014392325688808761, 0.99876243012582], "world_rotation": [0.029527633520351294, 0.9992745749995843, 0.024050834041429412, -0.04977030831430859]}, {"color": "CVBlue", "id_name": "object144256362994927", "shape": "CVCapsule", "id_string": "ob912", "world_size": [0.04, 0.08, 0.04], "id": 912, "camera_size": [18, 35], "camera_position": [234, 336], "world_position": [0.49588444019721695, 0.6199748863829491, -0.20519499175467468], "world_orientation": [-0.07352442910143864, 0.9972934163651677, -4.922086072056686e-10, -7.696576709292913e-11, -4.992185553831519e-10, -1.0, -0.9972934163651677, -0.07352442910143886, 1.1346223960373436e-10], "world_rotation": [0.5490332563846697, 0.5910002043083246, -0.5910002046456196, 2.137391281213432]}, {"color": "CVGreen", "id_name": "object9768240132353", "shape": "CVCylinder", "id_string": "ob919", "world_size": [0.04, 0.04, 0.04], "id": 919, "camera_size": [18, 17], "camera_position": [273, 260], "world_position": [0.6913284649337942, 0.6999392868674533, -0.10759521472208379], "world_orientation": [0.9996757289829827, 0.02546416848930525, 0.00011404161783869912, 0.00010413601908901458, 0.00039032720588936116, -0.9999999184001778, -0.02546421092497968, 0.9996756592854608, 0.0003875488969534498], "world_rotation": [0.9998378145583449, 0.012789126600341648, -0.012680016561234304, 1.5705695242500395]}, {"color": "CVBlue", "id_name": "object250204487951120", "shape": "CVCone", "id_string": "ob926", "world_size": [0.04, 0.04, 0.04], "id": 926, "camera_size": [17, 17], "camera_position": [234, 205], "world_position": [0.8308310500510938, 0.6199874431963585, -0.20638649237484272], "world_orientation": [0.9998789269689126, -0.015560572081260318, 2.298758709426419e-10, -2.35003972878789e-10, -3.277289751157844e-10, 1.0, -0.01556057208126032, -0.9998789269689127, -3.3134609224677423e-10], "world_rotation": [-0.9999394653167001, 0.007780286169824338, 0.007780285937384415, 1.5708568636400149]}, {"color": "CVBlue", "id_name": "object235346412387093", "shape": "CVCapsule", "id_string": "ob933", "world_size": [0.04, 0.08, 0.04], "id": 933, "camera_size": [24, 24], "camera_position": [272, 238], "world_position": [0.7417123306027731, 0.7198811094011239, -0.11083732430284395], "world_orientation": [0.8326004088546216, 0.0012198175420868045, -0.5538727933562734, -0.00017455573455934224, 0.9999981030795175, 0.0019399401182299053, 0.5538741090766138, -0.001518513263294963, 0.8325990424039993], "world_rotation": [0.0031220432925624176, 0.9999943341935493, 0.001258740036496305, -0.5870130775289896]}], "source": "manual check"}
