{"timestamp": 1721661630.48464, "objects": [{"color": "cv_", "id_name": "hand", "shape": "CVBox", "id_string": "ob383", "world_size": [0.005, 0.09, 0.5], "id": 383, "camera_size": [3, 208], "camera_position": [246, 271], "world_position": [0.6631165312650376, 0.665748184514824, -0.17409156302568862], "world_orientation": [-1.6737339130361152e-06, -0.0016489592219667752, 0.9999986404644174, -0.000764551978703149, -0.9999983481941985, -0.0016489600196823737, 0.9999997077286925, -0.0007645536991882085, 4.130161127617561e-07], "world_rotation": [0.0, 1.0, 0.0, 0.0]}, {"color": "CVPurple", "id_name": "object118584733539871", "shape": "CVCapsule", "id_string": "ob13225", "world_size": [0.04, 0.08, 0.04], "id": 13225, "camera_size": [25, 37], "camera_position": [276, 180], "world_position": [0.8931637784523285, 0.6199748863739518, -0.09967022794298275], "world_orientation": [-0.2979610121358414, 0.9545780404173276, 3.608650045450191e-10, -3.709058060685778e-10, -4.938104369855979e-10, 1.0, 0.9545780404173276, 0.2979610121358412, 5.011946413446823e-10], "world_rotation": [0.4613790358093229, 0.6273473458588364, 0.6273473463397552, -2.277039976416475]}, {"color": "CVPurple", "id_name": "object113952256120366", "shape": "CVBox", "id_string": "ob13232", "world_size": [0.04, 0.04, 0.04], "id": 13232, "camera_size": [18, 19], "camera_position": [217, 296], "world_position": [0.5972981061425604, 0.6199874431728708, -0.24767946927257942], "world_orientation": [0.9910243757791213, 3.7791184236896966e-10, -0.13368128743995175, -3.2655514119243025e-10, 1.0, 4.06098253921022e-10, 0.13368128743995175, -3.587989569023326e-10, 0.9910243757791213], "world_rotation": [2.8608985800160645e-09, 1.0, 2.634875071343995e-09, -0.13408268660076317]}, {"color": "CVYellow", "id_name": "object262960398730932", "shape": "CVCone", "id_string": "ob13239", "world_size": [0.04, 0.04, 0.04], "id": 13239, "camera_size": [16, 17], "camera_position": [236, 295], "world_position": [0.6000075819109761, 0.6199831595198565, -0.19999985050888486], "world_orientation": [0.9999999343772635, 0.0003622721911564664, -2.0804998079367507e-06, -0.0003622721846094554, 0.9999999343744803, 3.146360424013587e-06, 2.081639510288617e-06, -3.1456065103297932e-06, 0.9999999999928861], "world_rotation": [0.0086835618512569, 0.005744180568731795, 0.9999457986026888, -0.00036229183253154706]}, {"color": "CVRed", "id_name": "object200451350087488", "shape": "CVCapsule", "id_string": "ob13246", "world_size": [0.04, 0.08, 0.04], "id": 13246, "camera_size": [18, 37], "camera_position": [256, 274], "world_position": [0.6553143870642053, 0.6389661422755156, -0.14874584594459225], "world_orientation": [0.5393293029499071, 0.8397449026878958, -0.06286812697435717, -0.8392894188001596, 0.5421214173717764, 0.04120243095870054, 0.06868168947876604, 0.030542875380565236, 0.9971709774626565], "world_rotation": [0.0063290998163987025, 0.07810756396528795, 0.9969248471910621, -1.0011777975324971]}, {"color": "CVGreen", "id_name": "object142503448523615", "shape": "CVCone", "id_string": "ob13253", "world_size": [0.04, 0.04, 0.04], "id": 13253, "camera_size": [18, 18], "camera_position": [273, 293], "world_position": [0.6033505426114014, 0.6199874431854681, -0.10567715897459182], "world_orientation": [0.9946795866829687, 5.533538146679e-10, -0.10301708516648342, -5.548596333991883e-10, 1.0, 1.4039067878833333e-11, 0.10301708516648342, 4.319564787419573e-11, 0.9946795866829687], "world_rotation": [-1.4151332251462538e-10, 1.0, 5.378784724282051e-09, -0.10320017269025125]}, {"color": "CVBlue", "id_name": "object103278036053577", "shape": "CVCapsule", "id_string": "ob13260", "world_size": [0.04, 0.08, 0.04], "id": 13260, "camera_size": [18, 19], "camera_position": [290, 296], "world_position": [0.5989052243514753, 0.6399748863883302, -0.06377580250671194], "world_orientation": [0.9985020717149208, 2.606408610965398e-11, -0.05471391761710681, 6.244366664987674e-12, 1.0, 5.9032693266863e-10, 0.05471391761710681, -5.897843190220206e-10, 0.9985020717149208], "world_rotation": [1.0784379030845324e-08, 0.9999999999999999, 1.8112137009971201e-10, -0.05474125317141677]}, {"color": "CVRed", "id_name": "object193729045190613", "shape": "CVCapsule", "id_string": "ob13267", "world_size": [0.04, 0.08, 0.04], "id": 13267, "camera_size": [19, 18], "camera_position": [217, 277], "world_position": [0.6465992189924586, 0.6399749013742968, -0.24665074998750244], "world_orientation": [0.9967567576364652, -5.374826675772777e-05, 0.08047336961482858, 4.65045546760138e-05, 0.9999999946969605, 9.188800436591651e-05, -0.08047337412689609, -8.78476110802404e-05, 0.9967567548501641], "world_rotation": [-0.0011167387691388682, 0.9999991824485421, 0.0006228938662641065, 0.08056054907791872]}, {"color": "CVRed", "id_name": "object269847436420826", "shape": "CVCylinder", "id_string": "ob13274", "world_size": [0.04, 0.04, 0.04], "id": 13274, "camera_size": [16, 16], "camera_position": [236, 277], "world_position": [0.6454755706608906, 0.6199874431824187, -0.1998551041801134], "world_orientation": [0.999988183755241, -1.705519252548891e-11, 0.004861311540561054, 1.4477879400569508e-11, 1.0, 5.3020346003057e-10, -0.004861311540561054, -5.301268135345015e-10, 0.999988183755241], "world_rotation": [-1.0905804582961271e-07, 0.9999999999999941, 3.243267959989552e-09, 0.004861330688133922]}, {"color": "CVRed", "id_name": "object228739232783949", "shape": "CVSphere", "id_string": "ob13281", "world_size": [0.04, 0.04, 0.04], "id": 13281, "camera_size": [17, 18], "camera_position": [257, 250], "world_position": [0.7136164248353655, 0.6199307165738265, -0.14756519676937846], "world_orientation": [0.9926659311666407, 0.00043657117998576703, -0.1208890338561416, -0.0003850649408729056, 0.9999998248721753, 0.00044942252994948197, 0.12088920889003228, -0.00039957630550557224, 0.9926659254314708], "world_rotation": [0.003511435476551197, 0.999988060739887, 0.0033982640530391957, -0.12118697802828336]}, {"color": "CVBlue", "id_name": "object230720423128418", "shape": "CVCapsule", "id_string": "ob13288", "world_size": [0.04, 0.08, 0.04], "id": 13288, "camera_size": [18, 17], "camera_position": [273, 277], "world_position": [0.6474380549618418, 0.6399623290036052, -0.10659436129904726], "world_orientation": [0.9993715305619664, -0.00015550233825981576, 0.03544742192678874, 0.00015266894695071807, 0.9999999849315007, 8.263892192938744e-05, -0.035447434243194874, -7.717526531488179e-05, 0.9993715392433152], "world_rotation": [-0.0022542153265203554, 0.9999880117374496, 0.004346825812487257, 0.035455280912308436]}, {"color": "CVRed", "id_name": "object191375498463852", "shape": "CVBox", "id_string": "ob13295", "world_size": [0.04, 0.04, 0.04], "id": 13295, "camera_size": [16, 16], "camera_position": [289, 277], "world_position": [0.645, 0.6199874431539305, -0.065], "world_orientation": [1.0, 3.5778671692020784e-17, -3.6332864841185517e-17, -3.5778671692020784e-17, 1.0, 1.0733601507606489e-16, 3.6332864841185517e-17, -1.0733601507606489e-16, 1.0], "world_rotation": [0.9032531890035577, 0.3057480381601587, 0.3010843963345121, -1.18832699826363e-16]}, {"color": "CVGreen", "id_name": "object215924263103111", "shape": "CVCapsule", "id_string": "ob13302", "world_size": [0.04, 0.08, 0.04], "id": 13302, "camera_size": [19, 19], "camera_position": [218, 259], "world_position": [0.6930610654993596, 0.6406679147679438, -0.24600256259843833], "world_orientation": [0.9965896925574521, 0.03724462680206067, 0.07363302562450315, -0.037396836075668106, 0.9993002561154073, 0.0006890422418364085, -0.0735558382439703, -0.0034403345849858425, 0.9972851662178528], "world_rotation": [-0.02501368439299298, 0.8915959820025605, -0.45214037695164716, 0.0826363735495191]}, {"color": "CVRed", "id_name": "object98372402139717", "shape": "CVCone", "id_string": "ob13309", "world_size": [0.04, 0.04, 0.04], "id": 13309, "camera_size": [16, 15], "camera_position": [236, 260], "world_position": [0.6900390377067774, 0.619977125054376, -0.20003390676854793], "world_orientation": [0.9999970814482471, 0.0024156766397969765, -4.001699502469085e-05, -0.0024155861109015964, 0.9999948227247797, 0.0021259038965333824, 4.515228422701272e-05, -0.0021258010274754565, 0.9999977394630766], "world_rotation": [0.6605870134492908, 0.013232743293357144, 0.7506328611026022, -0.00321813188585411]}, {"color": "CVYellow", "id_name": "object13994333850337", "shape": "CVCone", "id_string": "ob13316", "world_size": [0.04, 0.04, 0.04], "id": 13316, "camera_size": [16, 17], "camera_position": [257, 232], "world_position": [0.761697647294727, 0.6199874431979199, -0.14588847168764285], "world_orientation": [0.9996940103110309, 3.6991944841405926e-10, 0.02473632446925894, -3.6367408983688295e-10, 1.0, -2.5697589416371476e-10, -0.02473632446925894, 2.4790130190251933e-10, 0.9996940103110309], "world_rotation": [1.0205178151945531e-08, 0.9999999999999999, -1.4828264788542356e-08, 0.024738847798183562]}, {"color": "CVPurple", "id_name": "object276672983228124", "shape": "CVBox", "id_string": "ob13323", "world_size": [0.04, 0.04, 0.04], "id": 13323, "camera_size": [16, 16], "camera_position": [273, 259], "world_position": [0.6909953783929208, 0.6199623286773994, -0.10499463599110397], "world_orientation": [0.9999998662068892, -0.0001717686567957128, -0.0004879361970856992, 0.00017189043442790143, 0.9999999540902382, 0.00024954598786699144, 0.0004878933105055295, -0.000249629826044329, 0.9999998498225225], "world_rotation": [0.4345555825498233, 0.8495046200614745, -0.2991710984854545, -0.0005743521213408936]}, {"color": "CVYellow", "id_name": "object280419988243798", "shape": "CVCapsule", "id_string": "ob13330", "world_size": [0.04, 0.08, 0.04], "id": 13330, "camera_size": [17, 17], "camera_position": [290, 260], "world_position": [0.6897747452558697, 0.6399748941669922, -0.06472609777320752], "world_orientation": [0.9999914407307183, -0.0002857379873454085, 0.004127568182962383, 0.0002855030193618065, 0.9999999575899899, 5.7515600506723714e-05, -0.004127584442304105, -5.633667503635865e-05, 0.9999914799001294], "world_rotation": [-0.013757458246720944, 0.9975199619039408, 0.0690265017638187, 0.004137850117174972]}, {"color": "CVYellow", "id_name": "object96385118400047", "shape": "CVSphere", "id_string": "ob13337", "world_size": [0.04, 0.04, 0.04], "id": 13337, "camera_size": [16, 16], "camera_position": [218, 242], "world_position": [0.7347173878528374, 0.6199861586168701, -0.24536630769959003], "world_orientation": [0.9998954332776414, 0.00015356065671618684, -0.014460253443239411, -0.00015475437693389773, 0.9999999847098825, -8.143290242638483e-05, 0.014460240717250465, 8.366217476660182e-05, 0.9998954417533064], "world_rotation": [-0.0057081668741437, 0.9999268879338059, 0.010660000841967414, -0.014461808470663948]}, {"color": "CVGreen", "id_name": "object122099265559486", "shape": "CVCylinder", "id_string": "ob13344", "world_size": [0.04, 0.04, 0.04], "id": 13344, "camera_size": [17, 17], "camera_position": [235, 238], "world_position": [0.7455346885714318, 0.6199839220550328, -0.2039144818951464], "world_orientation": [0.9986642507567698, 0.0009111348704970103, 0.051661243632606074, -0.0009307046576631478, 0.9999995039689715, 0.00035475435329228295, -0.05166089477796451, -0.00040236185050287646, 0.9986646033857821], "world_rotation": [-0.007326364245140491, 0.9998143175224711, -0.01782287474070475, 0.05169368342760913]}, {"color": "CVPurple", "id_name": "object275246893513364", "shape": "CVBox", "id_string": "ob13351", "world_size": [0.04, 0.04, 0.04], "id": 13351, "camera_size": [22, 25], "camera_position": [278, 138], "world_position": [1.0014679237565411, 0.6199874431542318, -0.09242937201723163], "world_orientation": [0.7637698425865876, 3.975298616306226e-10, -0.6454886734523383, 5.129250003342756e-10, -1.0, -8.943944493572337e-12, -0.645488673452338, -3.2425616296835296e-10, -0.7637698425865875], "world_rotation": [0.9390872809772763, 2.4237759375715827e-10, -0.3436787434606718, -3.141592653421911]}, {"color": "CVYellow", "id_name": "object200650185915945", "shape": "CVCapsule", "id_string": "ob13358", "world_size": [0.04, 0.08, 0.04], "id": 13358, "camera_size": [21, 22], "camera_position": [275, 238], "world_position": [0.7435312248956105, 0.6399460863800661, -0.10225249138634246], "world_orientation": [0.9328045236129712, 0.000708248687504943, -0.36038204604415947, -0.0007045203515277014, 0.9999997417850374, 0.00014170720851014999, 0.3603820533520673, 0.00012171136063646901, 0.9328047817245002], "world_rotation": [2.774251585357771e-05, 0.9999980786265354, 0.0019600953013047605, -0.3686781742589824]}, {"color": "CVRed", "id_name": "object97814089048812", "shape": "CVCone", "id_string": "ob13365", "world_size": [0.04, 0.04, 0.04], "id": 13365, "camera_size": [19, 19], "camera_position": [293, 243], "world_position": [0.7324636096456831, 0.6199874328825749, -0.056288348270382434], "world_orientation": [0.9814049042936261, 0.00028384720820424713, -0.1919487776965024, -0.0002892759746275412, 0.9999999581596709, -2.5873499376685444e-07, 0.19194876959186122, 5.578009353851614e-05, 0.9814049453414996], "world_rotation": [-0.00014597323135388118, 0.9999988749627213, 0.001492904922407183, -0.19314768023096848]}, {"color": "CVPurple", "id_name": "object262787334260067", "shape": "CVCylinder", "id_string": "ob13372", "world_size": [0.04, 0.04, 0.04], "id": 13372, "camera_size": [17, 16], "camera_position": [219, 224], "world_position": [0.7799996017825466, 0.619983745007028, -0.24499626138077363], "world_orientation": [0.9999999989167517, -4.638925406127017e-05, 3.812296674499657e-06, 4.6390044329790985e-05, 0.9999999773841068, -0.00020755661756873605, -3.8026681916122023e-06, 0.00020755679419651247, 0.9999999784528584], "world_rotation": [0.9757651824315414, 0.017899729016689552, 0.21808692866714804, 0.0002127117376033051]}, {"color": "CVBlue", "id_name": "object244015455260464", "shape": "CVSphere", "id_string": "ob13379", "world_size": [0.04, 0.04, 0.04], "id": 13379, "camera_size": [17, 17], "camera_position": [235, 220], "world_position": [0.7912871614577666, 0.6199849532758044, -0.20342640948703913], "world_orientation": [0.9994471991011854, -7.995415405337451e-05, -0.03324589923778632, 8.146556179563403e-05, 0.9999999957089716, 4.4106908917512944e-05, 0.03324589556859663, -4.679092243742694e-05, 0.9994472013260389], "world_rotation": [0.0013670480520138876, 0.999996118829661, -0.002427654266539661, -0.033252153947505254]}, {"color": "CVGreen", "id_name": "object129697233206837", "shape": "CVCone", "id_string": "ob13386", "world_size": [0.04, 0.04, 0.04], "id": 13386, "camera_size": [22, 25], "camera_position": [249, 130], "world_position": [1.021565687317878, 0.6199874431610946, -0.1660103858186211], "world_orientation": [3.3810421129487617e-10, 0.5454771078606978, 0.8381257213568432, -1.0, 5.329877650339654e-10, 5.652078804985193e-11, -4.1587983057311807e-10, -0.8381257213568433, 0.5454771078606978], "world_rotation": [-0.4303227803061436, 0.43032278049065104, -0.793501486665517, 1.8000609452250267]}, {"color": "CVRed", "id_name": "object115473001601167", "shape": "CVCapsule", "id_string": "ob13393", "world_size": [0.04, 0.08, 0.04], "id": 13393, "camera_size": [36, 34], "camera_position": [301, 181], "world_position": [0.8900413760842975, 0.6199748863675982, -0.034152294958619815], "world_orientation": [5.039670625262006e-10, 0.6504778472893911, -0.7595252268264432, -1.0, 4.2702452685006175e-10, -2.978137736420195e-10, 1.3061463022268074e-10, 0.7595252268264432, 0.650477847289391], "world_rotation": [-0.3856981726801983, 0.3856981725952921, 0.8381371243703551, -1.7464594313184398]}, {"color": "CVPurple", "id_name": "object108531502527569", "shape": "CVSphere", "id_string": "ob13400", "world_size": [0.04, 0.04, 0.04], "id": 13400, "camera_size": [22, 21], "camera_position": [293, 221], "world_position": [0.788973697064312, 0.6199874431876143, -0.05480632882754667], "world_orientation": [0.8970628597607799, 5.619129603776675e-10, -0.4419029595259707, -6.061365525814672e-10, 1.0, 4.1118464408764827e-11, 0.4419029595259707, 2.3096768919112112e-10, 0.8970628597607799], "world_rotation": [-2.1480872744777225e-10, 1.0, 1.3216131367530347e-09, -0.45771889014901573]}, {"color": "CVGreen", "id_name": "object59242521457833", "shape": "CVSphere", "id_string": "ob13407", "world_size": [0.04, 0.04, 0.04], "id": 13407, "camera_size": [21, 22], "camera_position": [234, 271], "world_position": [0.6612772241383678, 0.660653237277007, -0.20458189917429026], "world_orientation": [0.9408581485053165, 0.03390825015541949, 0.3370996513830083, -0.03631338777433083, 0.9993401065581038, 0.0008302365862691624, -0.3368490496639398, -0.013022365216641497, 0.9414686058200056], "world_rotation": [-0.0204394416447119, 0.9944077901440942, -0.10361166018355059, 0.3457149144523942]}, {"color": "CVGreen", "id_name": "object121397560471266", "shape": "CVBox", "id_string": "ob13414", "world_size": [0.04, 0.04, 0.04], "id": 13414, "camera_size": [23, 23], "camera_position": [259, 203], "world_position": [0.8349459870901944, 0.6199874431568602, -0.14208956188686017], "world_orientation": [2.3640511770395283e-10, 0.7102357853433396, -0.703963869255894, 1.0, -5.680468317947885e-10, -2.3728735643047116e-10, -5.684143156159395e-10, -0.7039638692558942, -0.7102357853433396], "world_rotation": [0.6789335026081583, 0.678933502288805, -0.2794612647686167, -2.596574525745284]}, {"color": "CVYellow", "id_name": "object54298572151888", "shape": "CVCone", "id_string": "ob13421", "world_size": [0.04, 0.04, 0.04], "id": 13421, "camera_size": [19, 19], "camera_position": [273, 280], "world_position": [0.6425032461628956, 0.6999485170629458, -0.10904600409470976], "world_orientation": [0.9904121088801338, -0.00025683652340152647, 0.13814408644095605, 0.0002382143688476835, 0.999999960175725, 0.00015133559673688544, -0.13814411980797647, -0.00011697670115124019, 0.9904121306198399], "world_rotation": [-0.0009711299092339853, 0.9999979231992587, 0.0017917878973129806, 0.1385875951253414]}, {"color": "CVGreen", "id_name": "object271213884570155", "shape": "CVBox", "id_string": "ob13428", "world_size": [0.04, 0.04, 0.04], "id": 13428, "camera_size": [17, 18], "camera_position": [234, 253], "world_position": [0.7062064827010897, 0.6600522633533162, -0.20438021523816732], "world_orientation": [0.9979853035059297, 0.036023097162915324, 0.052227104619810144, -0.03609880974911948, 0.999348097062233, 0.0005067867312031712, -0.05217480158921842, -0.002391102023170419, 0.9986351048857839], "world_rotation": [-0.022831668118983555, 0.8225538920209671, -0.5682286596538965, 0.06350472176872159]}, {"color": "CVRed", "id_name": "object273350549212234", "shape": "CVCylinder", "id_string": "ob13435", "world_size": [0.04, 0.04, 0.04], "id": 13435, "camera_size": [20, 22], "camera_position": [241, 164], "world_position": [0.9334504827689418, 0.6199874430903486, -0.1865690030942836], "world_orientation": [8.369960974308199e-11, 0.945086724370968, 0.32681964968121824, -1.0, -9.054279895281961e-11, 5.179321138637505e-10, 5.190819440947791e-10, -0.3268196496812183, 0.945086724370968], "world_rotation": [-0.1634714545811502, 0.1634714540624476, -0.9729101537366295, 1.5982564155590104]}, {"color": "CVYellow", "id_name": "object136552688666395", "shape": "CVBox", "id_string": "ob13442", "world_size": [0.04, 0.04, 0.04], "id": 13442, "camera_size": [17, 17], "camera_position": [274, 261], "world_position": [0.6878385192752519, 0.6599443931553992, -0.1054784912670201], "world_orientation": [0.9990716178307044, 1.990937212003449e-05, 0.043080181623988044, -3.768906584902647e-05, 0.9999999144591616, 0.0004118995070685362, -0.04308016973821262, -0.00041314075871264663, 0.9990715331196464], "world_rotation": [-0.00957519608350199, 0.9999539333214874, -0.000668472025586516, 0.04309549874593275]}, {"color": "CVGreen", "id_name": "object48849660676007", "shape": "CVCylinder", "id_string": "ob13449", "world_size": [0.04, 0.04, 0.04], "id": 13449, "camera_size": [22, 21], "camera_position": [228, 235], "world_position": [0.7526773952581496, 0.6599786690847109, -0.2181663637364434], "world_orientation": [0.939524211719151, 0.0002323433454918392, -0.34248241065794616, -0.00025800283437589847, 0.999999966286153, -2.936376180707101e-05, 0.3424823922890719, 0.00011594939783853776, 0.9395242399894169], "world_rotation": [-0.00021214684099978416, 0.9999997212615889, 0.000715870422946901, -0.34955792091910637]}, {"color": "CVPurple", "id_name": "object202314329679655", "shape": "CVCone", "id_string": "ob13456", "world_size": [0.04, 0.04, 0.04], "id": 13456, "camera_size": [22, 24], "camera_position": [211, 116], "world_position": [1.0560157282408453, 0.6199874431854244, -0.2639736598608798], "world_orientation": [-2.0454915539147578e-10, 0.9224119380489689, 0.3862074786235312, 1.0, 1.0594858323997869e-12, 5.271053038491402e-10, 4.857991231510539e-10, 0.3862074786235312, -0.9224119380489688], "world_rotation": [0.7000783162518671, 0.7000783163267429, 0.14064388405851053, 2.862137870110168]}, {"color": "CVPurple", "id_name": "object242206603399421", "shape": "CVCapsule", "id_string": "ob13463", "world_size": [0.04, 0.08, 0.04], "id": 13463, "camera_size": [20, 20], "camera_position": [272, 240], "world_position": [0.7359392968260293, 0.7199239821299471, -0.11068856969842356], "world_orientation": [0.9883340491090917, 0.00024196335343197337, -0.15230150631350647, -0.00020066744973561924, 0.9999999388204877, 0.00028651630941422797, 0.15230156632222164, -0.0002526118693563326, 0.9883340371974656], "world_rotation": [0.0017699321298322009, 0.999997377864802, 0.0014531358423265823, -0.15289696406270292]}, {"color": "CVGreen", "id_name": "object166553682305676", "shape": "CVSphere", "id_string": "ob13470", "world_size": [0.04, 0.04, 0.04], "id": 13470, "camera_size": [17, 19], "camera_position": [212, 365], "world_position": [0.42094649417683627, 0.6199874431762534, -0.26236055376096656], "world_orientation": [-0.9992671372274297, -0.03827778020336851, 5.254567822521318e-10, 5.2501786251824e-10, 2.1518342663284794e-11, 1.0, -0.03827778020336849, 0.9992671372274298, -1.4066525722000737e-12], "world_rotation": [-0.01353695912145902, 0.7070419898242283, 0.7070419898161209, 3.114520388180718]}, {"color": "CVYellow", "id_name": "object55047620981675", "shape": "CVCone", "id_string": "ob13477", "world_size": [0.04, 0.04, 0.04], "id": 13477, "camera_size": [22, 23], "camera_position": [227, 340], "world_position": [0.4856968061119187, 0.6199874431857187, -0.22213161746204546], "world_orientation": [0.844856244518081, -5.414538954708825e-10, 0.5349933888365396, -5.271717446989143e-10, -1.0, -1.7957148075686967e-10, 0.5349933888365395, -1.3032131134054352e-10, -0.8448562445180808], "world_rotation": [-0.9604312168286913, 2.7816298071254903e-10, -0.27851728445638624, -3.1415926535641536]}, {"color": "CVYellow", "id_name": "object338478126832", "shape": "CVCone", "id_string": "ob13484", "world_size": [0.04, 0.04, 0.04], "id": 13484, "camera_size": [18, 19], "camera_position": [234, 189], "world_position": [0.8704154791602067, 0.6199847028114583, -0.20592353784268025], "world_orientation": [0.00021436308693600914, 0.12321674047418812, 0.9923797604321561, -0.9999999052890913, -0.0003494752464656137, 0.0002594009648758666, 0.00037877470273239844, -0.9923797220489589, 0.123216653889626], "world_rotation": [-0.5522325061652505, 0.5518774928037201, -0.6248763814316608, 2.0246799352447526]}, {"color": "CVPurple", "id_name": "object99924613399857", "shape": "CVCylinder", "id_string": "ob13491", "world_size": [0.04, 0.04, 0.04], "id": 13491, "camera_size": [18, 18], "camera_position": [271, 260], "world_position": [0.6886908099434054, 0.6999283840114348, -0.11244781658005473], "world_orientation": [0.06911892808333779, -0.9976084266195093, -3.0304417913518116e-05, 0.0005692219756607274, 6.981539436823336e-05, -0.9999998355560631, 0.9976082646845669, 0.06911889946720834, 0.0005726862047588098], "world_rotation": [-0.6038526577830254, 0.5634796975532136, -0.5637841769096714, -2.054565680971697]}], "source": "manual check"}
