{"timestamp": 1721661431.260124, "objects": [{"color": "cv_", "id_name": "hand", "shape": "CVBox", "id_string": "ob383", "world_size": [0.005, 0.09, 0.5], "id": 383, "camera_size": [3, 208], "camera_position": [246, 271], "world_position": [0.6631317087036119, 0.6656778552253316, -0.17410028190608415], "world_orientation": [2.3200368788421383e-06, -0.0016561253240851782, 0.9999986286208239, -0.0007638143842812518, -0.9999983369206006, -0.0016561230689120074, 0.9999997082910593, -0.000763809494535911, -3.5850053647698792e-06], "world_rotation": [0.0, 1.0, 0.0, 0.0]}, {"color": "CVBlue", "id_name": "object266950607934734", "shape": "CVSphere", "id_string": "ob11314", "world_size": [0.04, 0.04, 0.04], "id": 11314, "camera_size": [17, 18], "camera_position": [256, 238], "world_position": [0.7449859185899632, 0.6205010735153031, -0.1496062370901883], "world_orientation": [0.9953309249806834, 0.02803977829484761, -0.09235865205963667, -0.028262917234445035, 0.9995999091383521, -0.0011086748836195684, 0.09229061320901571, 0.0037138233364623213, 0.9957251881065023], "world_rotation": [-0.0249737655394529, 0.9562237760189913, 0.2915688618675905, -0.09670192696894335]}, {"color": "CVGreen", "id_name": "object117986895670793", "shape": "CVBox", "id_string": "ob11321", "world_size": [0.04, 0.04, 0.04], "id": 11321, "camera_size": [17, 17], "camera_position": [219, 295], "world_position": [0.6, 0.6199874431539305, -0.245], "world_orientation": [1.0, 3.2526065174562914e-18, -5.85631424552212e-17, -3.2526065174562914e-18, 1.0, 6.830473686658622e-17, 5.85631424552212e-17, -6.830473686658622e-17, 1.0], "world_rotation": [0.7586719037870137, 0.650470418545561, 0.03612723351366515, -9.003198421561925e-17]}, {"color": "CVBlue", "id_name": "object276117285694862", "shape": "CVBox", "id_string": "ob11328", "world_size": [0.04, 0.04, 0.04], "id": 11328, "camera_size": [17, 18], "camera_position": [237, 294], "world_position": [0.6014243387742428, 0.6199874431887927, -0.19920166517162968], "world_orientation": [0.9986365648027535, 5.620144592504246e-10, -0.05220164210976334, -5.629704453345235e-10, 1.0, -3.6093187169111117e-12, 0.05220164210976334, 3.299237935046153e-11, 0.9986365648027535], "world_rotation": [-3.5057994909825813e-10, 1.0, 1.0775378504563756e-08, -0.052225379574801466]}, {"color": "CVYellow", "id_name": "object200476124717438", "shape": "CVCone", "id_string": "ob11335", "world_size": [0.04, 0.04, 0.04], "id": 11335, "camera_size": [16, 17], "camera_position": [255, 290], "world_position": [0.6135763400157181, 0.6199874431850356, -0.15095655068344513], "world_orientation": [0.9999822860855705, -2.585501167592078e-10, -0.005952101736041825, 2.6163137565269025e-10, 1.0, 5.16897142239221e-10, 0.005952101736041825, -5.184452425327024e-10, 0.9999822860855705], "world_rotation": [8.697284007282658e-08, 0.9999999999999951, -4.3697295130393604e-08, -0.005952136881297821]}, {"color": "CVGreen", "id_name": "object142089575541453", "shape": "CVSphere", "id_string": "ob11342", "world_size": [0.04, 0.04, 0.04], "id": 11342, "camera_size": [16, 17], "camera_position": [271, 295], "world_position": [0.5998240962657654, 0.6199874431873648, -0.109828650387222], "world_orientation": [0.9999623147959512, 6.122385150719895e-10, -0.008681531427284726, -6.122161760694319e-10, 1.0, 5.230700879799438e-12, 0.008681531427284726, 8.447021307205483e-14, 0.9999623147959512], "world_rotation": [2.9638956616303623e-10, 0.9999999999999973, 7.05206622470515e-08, -0.00868164048402311]}, {"color": "CVBlue", "id_name": "object253753517973756", "shape": "CVCylinder", "id_string": "ob11349", "world_size": [0.04, 0.04, 0.04], "id": 11349, "camera_size": [16, 17], "camera_position": [289, 295], "world_position": [0.6, 0.6199874431539305, -0.065], "world_orientation": [1.0, 2.049142105997599e-16, 5.802954297681148e-18, -2.049142105997599e-16, 1.0, 6.179952383167331e-17, -5.802954297681148e-18, -6.179952383167331e-17, 1.0], "world_rotation": [-0.28863572672225335, 0.027102796704540077, -0.9570553043948448, 2.1410905896324258e-16]}, {"color": "CVPurple", "id_name": "object256580763043498", "shape": "CVCylinder", "id_string": "ob11356", "world_size": [0.04, 0.04, 0.04], "id": 11356, "camera_size": [17, 17], "camera_position": [220, 278], "world_position": [0.6439842998222495, 0.6199874431870115, -0.24259510116706867], "world_orientation": [0.9999588187617101, -5.180474500744726e-10, 0.009075284055356018, 5.180661149317342e-10, 1.0, 2.941777746127472e-13, -0.009075284055356018, 4.4074314924520145e-12, 0.9999588187617101], "world_rotation": [2.2661845583839965e-10, 0.9999999999999983, 5.708436004241186e-08, 0.009075408634553243]}, {"color": "CVPurple", "id_name": "object141133476086842", "shape": "CVBox", "id_string": "ob11363", "world_size": [0.04, 0.04, 0.04], "id": 11363, "camera_size": [16, 17], "camera_position": [236, 277], "world_position": [0.6469836454256856, 0.6199874431873428, -0.19973602311808336], "world_orientation": [0.999465541370091, -1.4350396549289644e-11, 0.0326899313824798, 3.371176783067034e-11, 1.0, -5.917220660334555e-10, -0.0326899313824798, 5.925078504459229e-10, 0.999465541370091], "world_rotation": [1.8113068250642876e-08, 0.9999999999999998, 7.351218302911296e-10, 0.03269575643311109]}, {"color": "CVPurple", "id_name": "object111333613869439", "shape": "CVCylinder", "id_string": "ob11370", "world_size": [0.04, 0.04, 0.04], "id": 11370, "camera_size": [17, 18], "camera_position": [256, 270], "world_position": [0.6623003145372662, 0.6207248802863617, -0.14942750096911403], "world_orientation": [0.9957930020213314, 0.040607843530118044, -0.08214195133534503, -0.04061327210106395, 0.9991736508968654, 0.001605454039808079, 0.08213926743397265, 0.0017373535225869918, 0.9966193467659296], "world_rotation": [-0.0007197291378149662, 0.8964248945708196, 0.44319509291469245, -0.09176004882407797]}, {"color": "CVYellow", "id_name": "object217127458623710", "shape": "CVBox", "id_string": "ob11377", "world_size": [0.04, 0.04, 0.04], "id": 11377, "camera_size": [16, 17], "camera_position": [272, 277], "world_position": [0.6465179102256519, 0.6199748863016669, -0.10905685955878042], "world_orientation": [0.9999906002772188, -9.074957044090203e-05, -0.004334872745906672, 9.057550782171608e-05, 0.9999999950839642, -4.035033274908576e-05, 0.004334876386371645, 3.9957320166841224e-05, 0.9999906035809174], "world_rotation": [-0.009260550723656356, 0.9997384892432366, -0.020909216291999398, -0.0043360220659733354]}, {"color": "CVBlue", "id_name": "object50094188192735", "shape": "CVCylinder", "id_string": "ob11384", "world_size": [0.04, 0.04, 0.04], "id": 11384, "camera_size": [16, 16], "camera_position": [289, 277], "world_position": [0.645, 0.6199874431539305, -0.065], "world_orientation": [1.0, 3.5778671692020784e-17, -3.6332864841185517e-17, -3.5778671692020784e-17, 1.0, 1.0733601507606489e-16, 3.6332864841185517e-17, -1.0733601507606489e-16, 1.0], "world_rotation": [0.9032531890035577, 0.3057480381601587, 0.3010843963345121, -1.18832699826363e-16]}, {"color": "CVGreen", "id_name": "object33993502288106", "shape": "CVCone", "id_string": "ob11391", "world_size": [0.04, 0.04, 0.04], "id": 11391, "camera_size": [17, 16], "camera_position": [219, 259], "world_position": [0.6901306394285154, 0.6199770152739645, -0.24506071999310505], "world_orientation": [0.9999970165495046, 0.00041383794460765004, -0.0024074115239833935, -0.0004134370596545376, 0.9999999005876498, 0.00016701643134183004, 0.0024074804023936193, -0.00016602061991471249, 0.9999970882333937], "world_rotation": [0.06801139937912133, 0.9832765950112907, 0.16894255608784797, -0.0024483938504148216]}, {"color": "CVBlue", "id_name": "object277210705789124", "shape": "CVCone", "id_string": "ob11398", "world_size": [0.04, 0.04, 0.04], "id": 11398, "camera_size": [16, 16], "camera_position": [237, 259], "world_position": [0.6907218792169355, 0.6199601451140507, -0.19742872990459195], "world_orientation": [0.9999943334309542, 0.0007831483220954153, 0.0032741082278075224, -0.0007839908012294772, 0.9999996599008918, 0.00025604008351765554, -0.003273906596924437, -0.00025860550338169713, 0.9999946073148536], "world_rotation": [-0.07621470434308726, 0.9697061951076186, -0.2320801887533719, 0.003376294437593037]}, {"color": "CVPurple", "id_name": "object19832729654319", "shape": "CVCapsule", "id_string": "ob11405", "world_size": [0.04, 0.08, 0.04], "id": 11405, "camera_size": [17, 19], "camera_position": [256, 254], "world_position": [0.7054381932810727, 0.6407225768287905, -0.14990732511039945], "world_orientation": [0.9949600713152499, 0.040782590684179255, -0.09160369416917451, -0.040848239146411204, 0.9991646903071605, 0.0011588796459445251, 0.09157443882978787, 0.0025888106309423934, 0.9957948685409694], "world_rotation": [-0.007130086030641869, 0.9133838352463615, 0.40703701475890763, -0.10044326287809428]}, {"color": "CVRed", "id_name": "object42162864793736", "shape": "CVCone", "id_string": "ob11412", "world_size": [0.04, 0.04, 0.04], "id": 11412, "camera_size": [17, 17], "camera_position": [273, 260], "world_position": [0.690422856888456, 0.6199686796253616, -0.10685340294295409], "world_orientation": [0.9949588571495447, 0.0013830106753286574, 0.10027442276644603, -0.0011898126332195388, 0.9999973191335202, -0.0019864721670394677, -0.10027690125632051, 0.0018571503020806534, 0.9949578353212691], "world_rotation": [0.019160186117330526, 0.999734163598256, -0.012825342196023297, 0.1004712748893063]}, {"color": "CVYellow", "id_name": "object72578059759484", "shape": "CVCone", "id_string": "ob11419", "world_size": [0.04, 0.04, 0.04], "id": 11419, "camera_size": [16, 16], "camera_position": [289, 259], "world_position": [0.6901837410319419, 0.6199874432007461, -0.06481610502525324], "world_orientation": [0.9999577412728797, -2.4657895918195203e-11, 0.009193240366737514, 2.440504265575615e-11, 1.0, 2.7616441901797704e-11, -0.009193240366737514, -2.7390913442820736e-11, 0.9999577412728797], "world_rotation": [-2.991728332462789e-09, 1.0, 2.6684246585930806e-09, 0.009193369867138527]}, {"color": "CVYellow", "id_name": "object56987278106784", "shape": "CVCylinder", "id_string": "ob11426", "world_size": [0.04, 0.04, 0.04], "id": 11426, "camera_size": [17, 16], "camera_position": [219, 241], "world_position": [0.7356896831910708, 0.6200464149070141, -0.24398161802222984], "world_orientation": [0.999998823682872, 0.0007573643720608983, 0.0013338036139729924, -0.0007619158892529674, 0.9999938777957719, 0.003415238667056343, -0.0013312088680663434, -0.003416250895819236, 0.9999932785337942], "world_rotation": [-0.9122468248026192, 0.3558739499524885, -0.2028779494739469, 0.003744329571822977]}, {"color": "CVGreen", "id_name": "object41080518908278", "shape": "CVCylinder", "id_string": "ob11433", "world_size": [0.04, 0.04, 0.04], "id": 11433, "camera_size": [17, 16], "camera_position": [236, 242], "world_position": [0.7341205872715181, 0.6199968110314865, -0.20129337899556637], "world_orientation": [0.9998034770952022, 0.0011384861652011728, 0.019791691125194077, -0.0012300835955802686, 0.999988587266165, 0.004616517276838277, -0.019786209406840023, -0.00463995546003488, 0.9997934670373866], "world_rotation": [-0.22734856341666818, 0.9720742538529058, -0.0581745280057644, 0.020358853538184108]}, {"color": "CVPurple", "id_name": "object175138281265063", "shape": "CVCylinder", "id_string": "ob11440", "world_size": [0.04, 0.04, 0.04], "id": 11440, "camera_size": [22, 24], "camera_position": [255, 170], "world_position": [0.9182090282067241, 0.6199957565127104, -0.1506320308943099], "world_orientation": [0.5952750649642015, 0.0006916566385464469, -0.8035216976802557, -0.0013582233060229455, 0.9999990670385672, -0.00014543536759317833, 0.803520847434164, 0.001177935944576568, 0.5952754490196902], "world_rotation": [-0.0008234814883354883, 0.9999988474130735, 0.0012755590000628257, -0.9331887389215928]}, {"color": "CVBlue", "id_name": "object95778224108129", "shape": "CVCone", "id_string": "ob11447", "world_size": [0.04, 0.04, 0.04], "id": 11447, "camera_size": [17, 17], "camera_position": [273, 242], "world_position": [0.7362031227539284, 0.6204631015614394, -0.1075119294861571], "world_orientation": [0.9991524898781766, 0.02661787048117752, 0.03139730786687886, -0.02655789378884144, 0.9996445712891376, -0.0023258051631376802, -0.03144805634281604, 0.0014899876521364546, 0.9995042769738685], "world_rotation": [0.046301339685548844, 0.762574043403892, -0.6452418261938406, 0.04121774335932143]}, {"color": "CVPurple", "id_name": "object94505664379788", "shape": "CVCone", "id_string": "ob11454", "world_size": [0.04, 0.04, 0.04], "id": 11454, "camera_size": [16, 16], "camera_position": [289, 242], "world_position": [0.735, 0.6199874431539305, -0.065], "world_orientation": [1.0, 4.228388472693457e-17, -1.6957377686420176e-17, -4.228388472693457e-17, 1.0, 1.0733601507606494e-16, 1.6957377686420176e-17, -1.0733601507606494e-16, 1.0], "world_rotation": [0.92051720276698, 0.14542702990328832, 0.3626279889688094, -1.1660402951017529e-16]}, {"color": "CVPurple", "id_name": "object174469743212722", "shape": "CVSphere", "id_string": "ob11461", "world_size": [0.04, 0.04, 0.04], "id": 11461, "camera_size": [17, 16], "camera_position": [219, 224], "world_position": [0.78, 0.6199874431539305, -0.245], "world_orientation": [1.0, -2.2442984970449937e-16, -1.4488340486922525e-17, 2.2442984970449937e-16, 1.0, -5.952269926945416e-16, 1.4488340486922525e-17, 5.952269926945416e-16, 1.0], "world_rotation": [-0.9354546928465729, 0.022769777356192403, -0.3527124251716587, -6.362969764823948e-16]}, {"color": "CVGreen", "id_name": "object121365010581078", "shape": "CVCylinder", "id_string": "ob11468", "world_size": [0.04, 0.04, 0.04], "id": 11468, "camera_size": [17, 17], "camera_position": [236, 225], "world_position": [0.779280809368927, 0.6199548833326564, -0.20080370085332394], "world_orientation": [0.9996174631846716, 0.0006720426161775091, 0.027649152879678236, -0.0006932777031953579, 0.9999994720668716, 0.0007584405083927435, -0.027648628578430978, -0.0007773189181797672, 0.9996174013656582], "world_rotation": [-0.027753376322869724, 0.9993102513795654, -0.02467329711228491, 0.027671505943023762]}, {"color": "CVGreen", "id_name": "object173433428891140", "shape": "CVSphere", "id_string": "ob11475", "world_size": [0.04, 0.04, 0.04], "id": 11475, "camera_size": [21, 24], "camera_position": [261, 152], "world_position": [0.9639450811333132, 0.6199894202938553, -0.1372294414762919], "world_orientation": [0.9132130047254027, 0.0005878695878245594, -0.4074821007231478, -0.000721245536241818, 0.9999997248158152, -0.00017370426116488304, 0.4074818864750656, 0.000452523636516998, 0.9132131774219425], "world_rotation": [-0.0007684105245103713, 0.9999984145997936, 0.0016063446595911855, -0.41969576395205666]}, {"color": "CVBlue", "id_name": "object150638390109034", "shape": "CVCapsule", "id_string": "ob11482", "world_size": [0.04, 0.08, 0.04], "id": 11482, "camera_size": [18, 19], "camera_position": [271, 223], "world_position": [0.7828872526916977, 0.6405085797941481, -0.11050271600653644], "world_orientation": [0.9961534698035504, 0.029246455272234434, -0.08260090467032569, -0.029416347456389033, 0.9995668924219002, -0.0008402834942588205, 0.08254055427892419, 0.0032668682304189383, 0.9965823520769839], "world_rotation": [-0.023429348452423768, 0.9420535312625151, 0.33464340702742146, -0.08776233885706268]}, {"color": "CVBlue", "id_name": "object91975751029816", "shape": "CVBox", "id_string": "ob11489", "world_size": [0.04, 0.04, 0.04], "id": 11489, "camera_size": [16, 16], "camera_position": [289, 224], "world_position": [0.78, 0.6199874431539305, -0.065], "world_orientation": [1.0, 4.228388472693457e-17, -1.6957377686420176e-17, -4.228388472693457e-17, 1.0, 1.0733601507606494e-16, 1.6957377686420176e-17, -1.0733601507606494e-16, 1.0], "world_rotation": [0.92051720276698, 0.14542702990328832, 0.3626279889688094, -1.1660402951017529e-16]}, {"color": "CVYellow", "id_name": "object78079381341114", "shape": "CVCapsule", "id_string": "ob11496", "world_size": [0.04, 0.08, 0.04], "id": 11496, "camera_size": [21, 22], "camera_position": [232, 271], "world_position": [0.6621947151879508, 0.6805696092539029, -0.20770488797996545], "world_orientation": [0.9650015122665404, 0.03274535489785543, 0.2601918965992291, -0.03346759040852685, 0.9994384325388028, -0.0016552814346761503, -0.26009998407446605, -0.007110646735311564, 0.9655555069427487], "world_rotation": [-0.010400750645259341, 0.9919456929877515, -0.12623615389049467, 0.2653616210588753]}, {"color": "CVPurple", "id_name": "object257778262685327", "shape": "CVCapsule", "id_string": "ob11503", "world_size": [0.04, 0.08, 0.04], "id": 11503, "camera_size": [19, 20], "camera_position": [256, 269], "world_position": [0.6669175195067603, 0.6805670169192362, -0.14986344613300617], "world_orientation": [0.9947909998028024, 0.040640669383515377, -0.09348370287596118, -0.040509531367513306, 0.9991736999157999, 0.0033007976241562166, 0.09354060390934868, 0.0005033772253239758, 0.9956153383870918], "world_rotation": [0.013720220181010717, 0.9172788864221153, 0.39800904522685016, -0.10212258542139126]}, {"color": "CVGreen", "id_name": "object115865776781035", "shape": "CVSphere", "id_string": "ob11510", "world_size": [0.04, 0.04, 0.04], "id": 11510, "camera_size": [19, 19], "camera_position": [273, 279], "world_position": [0.6436306859315812, 0.6599660036273192, -0.10778560247512402], "world_orientation": [0.991605220967523, -1.3813132593255978e-05, -0.1293023029924352, 6.165343540976451e-06, 0.9999999982080804, -5.9546856831032194e-05, 0.12930230358326447, 5.824978100726933e-05, 0.9916052192758087], "world_rotation": [-0.00045550861148946695, 0.9999998932717866, -7.725490379506134e-05, -0.12966535797575715]}, {"color": "CVPurple", "id_name": "object182006107005459", "shape": "CVCapsule", "id_string": "ob11517", "world_size": [0.04, 0.08, 0.04], "id": 11517, "camera_size": [20, 20], "camera_position": [234, 253], "world_position": [0.7056770547818924, 0.6805379200004917, -0.20190282211125132], "world_orientation": [0.9895974407133395, 0.03193160704486248, 0.14027572065450622, -0.033225121740333007, 0.999424154777935, 0.006888405602917848, -0.13997498569011757, -0.011477426451201825, 0.990088517286767], "world_rotation": [-0.06370148874719891, 0.9720434752969496, -0.22599469565460814, 0.14465944306812706]}, {"color": "CVPurple", "id_name": "object148810007514098", "shape": "CVCapsule", "id_string": "ob11524", "world_size": [0.04, 0.08, 0.04], "id": 11524, "camera_size": [35, 30], "camera_position": [282, 136], "world_position": [1.005297466042854, 0.6199748863851737, -0.08453222019434882], "world_orientation": [4.150183530171604e-10, -0.4277268952857803, -0.9039080169183075, -1.0, 1.489440792923347e-10, -5.296180716207744e-10, 3.611638765832482e-10, 0.9039080169183076, -0.42772689528578045], "world_rotation": [-0.6453858872455428, 0.6453858871252673, 0.4086001875229808, -2.365796101780563]}, {"color": "CVPurple", "id_name": "object40689276752524", "shape": "CVSphere", "id_string": "ob11531", "world_size": [0.04, 0.04, 0.04], "id": 11531, "camera_size": [17, 17], "camera_position": [273, 259], "world_position": [0.6925254575316933, 0.6599531424424091, -0.10734527195799483], "world_orientation": [0.9999647295356706, 0.0014716551989069097, -0.008268852134906659, -0.0014910649016385983, 0.9999961466857715, -0.002341653063117546, 0.008265374166516699, 0.002353899867121915, 0.9999630706907647], "world_rotation": [-0.2692169798161318, 0.9479808948162879, 0.1698659496249639, -0.008720869784850949]}, {"color": "CVGreen", "id_name": "object113613160549961", "shape": "CVCapsule", "id_string": "ob11538", "world_size": [0.04, 0.08, 0.04], "id": 11538, "camera_size": [20, 21], "camera_position": [234, 237], "world_position": [0.7460580047358838, 0.6805385424449559, -0.20203487476180107], "world_orientation": [0.9896590406201005, 0.03275762310212182, 0.13964928015425526, -0.033239385651388086, 0.9994467934057979, 0.001118209455648068, -0.139535395367701, -0.005748502376075034, 0.9902003979801319], "world_rotation": [-0.02392904427688717, 0.9728997845999405, -0.22998567339159184, 0.1439776121109773]}, {"color": "CVRed", "id_name": "object65455722352238", "shape": "CVSphere", "id_string": "ob11545", "world_size": [0.04, 0.04, 0.04], "id": 11545, "camera_size": [22, 24], "camera_position": [249, 134], "world_position": [1.0099938909967112, 0.6199874431479085, -0.16649029303112328], "world_orientation": [0.5370365314055121, -0.8435589866369374, -5.679668957370155e-10, -8.300848897135894e-11, 6.20452383914838e-10, -1.0, 0.8435589866369374, 0.5370365314055121, 2.631830031685212e-10], "world_rotation": [-0.7899745672053776, 0.43355517726051296, -0.433555176925938, -1.8043968368094445]}, {"color": "CVRed", "id_name": "object81515837344542", "shape": "CVSphere", "id_string": "ob11552", "world_size": [0.04, 0.04, 0.04], "id": 11552, "camera_size": [19, 19], "camera_position": [272, 239], "world_position": [0.7423556194124211, 0.6603803490985622, -0.1106468274681113], "world_orientation": [0.9906005884713418, 0.027695531814757122, -0.13395309491657537, -0.028336023563746916, 0.999594313976849, -0.0028770182042406533, 0.13381907146900268, 0.006645673980156456, 0.9909834969001873], "world_rotation": [-0.03478769465520038, 0.978208281965249, 0.20469092162373148, -0.1372996577388157]}, {"color": "CVPurple", "id_name": "object154537646922145", "shape": "CVBox", "id_string": "ob11559", "world_size": [0.04, 0.04, 0.04], "id": 11559, "camera_size": [23, 23], "camera_position": [240, 265], "world_position": [0.6792940471852746, 0.7411341795696008, -0.18716368984945672], "world_orientation": [-0.011709354696437657, -0.9331155510315572, -0.35938594774374044, 0.9999199916922668, -0.012646890358495293, 0.00025764005382120103, -0.00478552261828813, -0.3593541770834641, 0.9331889809604144], "world_rotation": [0.1799930066207217, 0.1774847032986967, -0.9675234868790556, -1.6163957597457768]}, {"color": "CVYellow", "id_name": "object147259237537779", "shape": "CVBox", "id_string": "ob11566", "world_size": [0.04, 0.04, 0.04], "id": 11566, "camera_size": [18, 18], "camera_position": [273, 263], "world_position": [0.682508369723273, 0.699963093748516, -0.10772500038628763], "world_orientation": [0.9964130762021917, 0.0021029133747555388, 0.08459644985827704, -0.0018602903203394424, 0.9999939280289014, -0.002946731282758776, -0.08460213291170475, 0.002778787625388467, 0.9964109380401861], "world_rotation": [0.03381042681336426, 0.999154206185412, -0.02340357452820373, 0.08477240320914105]}, {"color": "CVBlue", "id_name": "object159327198576481", "shape": "CVCone", "id_string": "ob11573", "world_size": [0.04, 0.04, 0.04], "id": 11573, "camera_size": [22, 25], "camera_position": [236, 122], "world_position": [1.0414344397870354, 0.6199874431867993, -0.1988923873560173], "world_orientation": [5.2294542307596e-10, 0.8649655059576183, 0.5018313197713764, -1.0, 4.838498768311439e-10, 2.0810175804797387e-10, -6.281020148435346e-11, -0.5018313197713763, 0.8649655059576185], "world_rotation": [-0.25148953214393804, 0.2514895320711261, -0.9346154452397356, 1.6383649759402363]}, {"color": "CVRed", "id_name": "object229194019445748", "shape": "CVSphere", "id_string": "ob11580", "world_size": [0.04, 0.04, 0.04], "id": 11580, "camera_size": [18, 19], "camera_position": [274, 238], "world_position": [0.7430409880122495, 0.700334843710861, -0.1055555088245619], "world_orientation": [0.995003481354898, 0.02769316907981984, -0.09592267968499393, -0.028216854034326482, 0.9995933879754917, -0.0041070505333706, 0.09576993912517098, 0.006793165830057174, 0.9953803150846245], "world_rotation": [-0.05450734676943543, 0.9585732703145248, 0.279582250128068, -0.10015586948882745]}], "source": "manual check"}
