{"timestamp": 1721660988.381227, "objects": [{"color": "cv_", "id_name": "hand", "shape": "CVBox", "id_string": "ob383", "world_size": [0.005, 0.09, 0.5], "id": 383, "camera_size": [3, 208], "camera_position": [246, 271], "world_position": [0.6631185448271154, 0.6656865506100688, -0.1740954870959694], "world_orientation": [4.4230136154481387e-07, -0.0016560233206444966, 0.999998628792343, -0.0007646633148274994, -0.9999983364383664, -0.001656022498286341, 0.999999707644867, -0.0007646615338546627, -1.7086009071811651e-06], "world_rotation": [0.0, 1.0, 0.0, 0.0]}, {"color": "CVPurple", "id_name": "object16143662255173", "shape": "CVSphere", "id_string": "ob6673", "world_size": [0.04, 0.04, 0.04], "id": 6673, "camera_size": [17, 17], "camera_position": [256, 240], "world_position": [0.7411232100713023, 0.6199704363190802, -0.14949967127032512], "world_orientation": [0.9970015671865873, -0.0007494595451000644, -0.07737773153743599, 0.0007281247602797323, 0.9999996887289395, -0.00030393479159269076, 0.0773779352388181, 0.00024668282131375585, 0.9970018025489036], "world_rotation": [-0.00355779561320345, 0.9999480936845371, -0.009547357070671284, -0.07745928528284153]}, {"color": "CVPurple", "id_name": "object210513166923643", "shape": "CVSphere", "id_string": "ob6680", "world_size": [0.04, 0.04, 0.04], "id": 6680, "camera_size": [17, 17], "camera_position": [219, 295], "world_position": [0.6000010344445403, 0.6199815673904945, -0.2447937012734945], "world_orientation": [0.9999999593426278, 0.0002505371284867511, -0.00013618329624223065, -0.0002505827292740119, 0.9999999125135017, -0.0003349347469302696, 0.00013609937073834406, 0.0003349688584947408, 0.9999999346364105], "world_rotation": [-0.7614361186098203, 0.3094861043162834, 0.5695905446121292, -0.0004398948320532136]}, {"color": "CVBlue", "id_name": "object144219068808394", "shape": "CVCone", "id_string": "ob6687", "world_size": [0.04, 0.04, 0.04], "id": 6687, "camera_size": [16, 16], "camera_position": [236, 295], "world_position": [0.599219479054044, 0.619984184167895, -0.20015366437382168], "world_orientation": [0.9999999780022681, 0.00020070989542223148, 6.091798625191616e-05, -0.00020073218366863682, 0.9999999128431983, 0.00036608767572972664, -6.084450352342762e-05, -0.00036609989587702664, 0.999999931134404], "world_rotation": [-0.8676764501205999, 0.1442942341322059, -0.47572760262813646, 0.00042192432053964757]}, {"color": "CVPurple", "id_name": "object170445141791202", "shape": "CVBox", "id_string": "ob6694", "world_size": [0.04, 0.04, 0.04], "id": 6694, "camera_size": [16, 17], "camera_position": [255, 322], "world_position": [0.5310610132448703, 0.6199874431809617, -0.1512039736641692], "world_orientation": [2.1660989131246046e-10, -0.9999308534031681, -0.01175960936478216, 1.0, 2.111859975293513e-10, 4.6247255417602995e-10, -4.5995711059343414e-10, -0.011759609364782164, 0.999930853403168], "world_rotation": [0.005879804917141417, 0.0058798044559265844, -0.9999654272992123, -1.5708308998794216]}, {"color": "CVBlue", "id_name": "object168039656108386", "shape": "CVCapsule", "id_string": "ob6701", "world_size": [0.04, 0.08, 0.04], "id": 6701, "camera_size": [17, 18], "camera_position": [272, 296], "world_position": [0.5983722065223419, 0.640279970064553, -0.10942808401033985], "world_orientation": [0.999999344184932, 0.0004122648518187793, -0.001068488370506275, -0.0004308168278511995, 0.9998481474221079, -0.01742115074958862, 0.0010611439896604723, 0.017421599647305837, 0.9998476693172627], "world_rotation": [-0.9978463324243186, 0.060989612352586854, 0.024144648525444904, -0.017459863112795217]}, {"color": "CVPurple", "id_name": "object204466113044075", "shape": "CVCone", "id_string": "ob6708", "world_size": [0.04, 0.04, 0.04], "id": 6708, "camera_size": [16, 17], "camera_position": [289, 295], "world_position": [0.5999999964330281, 0.6199874413619557, -0.0650000046862213], "world_orientation": [0.9999999999999766, 8.204074216046146e-08, 2.0094133179443928e-07, -8.204076074920571e-08, 0.9999999999999923, 9.23471434656345e-08, -2.0094132420498738e-07, -9.234715997978263e-08, 0.9999999999999757], "world_rotation": [-0.39151208374808466, 0.8519045424649473, -0.3478173929044113, 2.35873056173994e-07]}, {"color": "CVBlue", "id_name": "object168594243512301", "shape": "CVCylinder", "id_string": "ob6715", "world_size": [0.04, 0.04, 0.04], "id": 6715, "camera_size": [17, 16], "camera_position": [217, 277], "world_position": [0.644967289266237, 0.6199840165304943, -0.24896789533301159], "world_orientation": [0.9996994706365601, -0.0003366944146812214, -0.024512344764481265, 0.00033861900495884705, 0.9999999399035517, 7.436438966853089e-05, 0.024512318253301742, -8.264238677919762e-05, 0.9996995245693003], "world_rotation": [0.003202287745477823, 0.9999000117061356, -0.013773595872723879, -0.024517238824645633]}, {"color": "CVGreen", "id_name": "object186502033530044", "shape": "CVCapsule", "id_string": "ob6722", "world_size": [0.04, 0.08, 0.04], "id": 6722, "camera_size": [18, 17], "camera_position": [232, 270], "world_position": [0.6651828859804568, 0.6406631510753462, -0.2081112614612873], "world_orientation": [0.999745736539532, 0.02252681649625796, 0.001002401901701323, -0.022543232033339695, 0.999511935913415, 0.02162620299795271, -0.0005147431588870206, -0.021643301623402385, 0.999765623801058], "world_rotation": [-0.6923465451260559, 0.024275529621732583, -0.7211566820834422, 0.03125353183561469]}, {"color": "CVPurple", "id_name": "object118076666359772", "shape": "CVSphere", "id_string": "ob6729", "world_size": [0.04, 0.04, 0.04], "id": 6729, "camera_size": [18, 18], "camera_position": [256, 272], "world_position": [0.6585148660111305, 0.6199874431866779, -0.14893018861070548], "world_orientation": [0.9931300151294101, 4.920963436704636e-10, -0.1170161230303657, -4.690974727910239e-10, 1.0, 2.2408504692589725e-10, 0.1170161230303657, -1.6765361845444312e-10, 0.9931300151294101], "world_rotation": [1.6738661956809326e-09, 1.0, 4.1070999088393045e-09, -0.11728482790655359]}, {"color": "CVGreen", "id_name": "object185208174650176", "shape": "CVSphere", "id_string": "ob6736", "world_size": [0.04, 0.04, 0.04], "id": 6736, "camera_size": [17, 16], "camera_position": [273, 277], "world_position": [0.6454671747516837, 0.6199751274175518, -0.10680808677987978], "world_orientation": [0.9999872423251641, 0.000539716936497131, 0.00502233934954287, -0.0005392006098222717, 0.9999998492067416, -0.00010415947605830056, -0.005022394808841281, 0.00010145009878556692, 0.9999873825495308], "world_rotation": [0.020348108065822663, 0.9940749904398586, -0.10677484666407418, 0.0050523235111612245]}, {"color": "CVGreen", "id_name": "object233531548131759", "shape": "CVCylinder", "id_string": "ob6743", "world_size": [0.04, 0.04, 0.04], "id": 6743, "camera_size": [16, 16], "camera_position": [289, 277], "world_position": [0.6451392624907997, 0.6199874431880317, -0.06425280269442715], "world_orientation": [0.9999394758603313, -3.123354991443034e-10, -0.011002027820648049, 3.164972171941033e-10, 1.0, 3.765271634964871e-10, 0.011002027820648049, -3.7998648570258447e-10, 0.9999394758603313], "world_rotation": [3.4380646074139366e-08, 0.9999999999999991, -2.857803700324429e-08, -0.011002249788777991]}, {"color": "CVBlue", "id_name": "object258411739240361", "shape": "CVCapsule", "id_string": "ob6750", "world_size": [0.04, 0.08, 0.04], "id": 6750, "camera_size": [19, 17], "camera_position": [217, 260], "world_position": [0.6900744785741315, 0.6403869014707334, -0.2481109784183636], "world_orientation": [0.9999984888072567, 0.0017348772976166983, 0.00011217827371311817, -0.0017369178309763946, 0.9997586857593899, 0.021898706927718614, -7.415963400212943e-05, -0.02189886867899548, 0.9997601882706316], "world_rotation": [-0.9968639670612324, 0.004241183292128066, -0.07902052606269423, 0.021969446409131357]}, {"color": "CVBlue", "id_name": "object242841428657665", "shape": "CVCapsule", "id_string": "ob6757", "world_size": [0.04, 0.08, 0.04], "id": 6757, "camera_size": [17, 17], "camera_position": [236, 254], "world_position": [0.7051155865971275, 0.6403636173453048, -0.20005387798871443], "world_orientation": [0.9997489384488273, 0.02237825529137861, -0.0011286100111211807, -0.022376804288392383, 0.9997487856118351, 0.0012823016415630134, 0.0011570221615432132, -0.0012567250195870303, 0.999998540969907], "world_rotation": [0.05656705422178477, 0.050921670504869905, 0.9970993690950081, -0.022444511948233676]}, {"color": "CVRed", "id_name": "object96377538262421", "shape": "CVCone", "id_string": "ob6764", "world_size": [0.04, 0.04, 0.04], "id": 6764, "camera_size": [17, 17], "camera_position": [256, 256], "world_position": [0.7002679134227476, 0.6199910771785035, -0.14968849592559863], "world_orientation": [0.996010968477612, 0.0015016989618437896, -0.08921824685857419, -0.001550019177843366, 0.9999986871787049, -0.00047231495333042127, 0.08921742045608472, 0.0006087208677374441, 0.9960119885553925], "world_rotation": [-0.0060574096007596535, 0.9998354386093153, 0.017099809643581536, -0.08935136233879987]}, {"color": "CVPurple", "id_name": "object120433946384896", "shape": "CVSphere", "id_string": "ob6771", "world_size": [0.04, 0.04, 0.04], "id": 6771, "camera_size": [16, 17], "camera_position": [273, 259], "world_position": [0.6920309825148746, 0.619975931626128, -0.10527549579851868], "world_orientation": [0.9994171361159498, 0.0007767800319406185, -0.034128941539036936, -0.0007830900548103387, 0.9999996786751678, -0.00017152121611596754, 0.03412879733830479, 0.00019814727729416766, 0.9994174232671239], "world_rotation": [-0.005414281103567169, 0.9997243269682475, 0.022846348242465165, -0.034144914840140046]}, {"color": "CVRed", "id_name": "object56899317418062", "shape": "CVSphere", "id_string": "ob6778", "world_size": [0.04, 0.04, 0.04], "id": 6778, "camera_size": [17, 16], "camera_position": [290, 259], "world_position": [0.6904033391010702, 0.6199809928984652, -0.06270643773103841], "world_orientation": [0.9997864623490971, 0.00042341435402642037, -0.02066035875202333, -0.0004246551907699606, 0.9999999082843155, -5.567162309243079e-05, 0.020660333284980056, 6.44332636920282e-05, 0.9997865504581006], "world_rotation": [-0.002906028080190196, 0.9997852257911701, 0.020519680565164955, -0.02066625532243305]}, {"color": "CVYellow", "id_name": "object249952386192393", "shape": "CVCylinder", "id_string": "ob6785", "world_size": [0.04, 0.04, 0.04], "id": 6785, "camera_size": [17, 17], "camera_position": [220, 242], "world_position": [0.7354215997267718, 0.6199874431369328, -0.24288112188576372], "world_orientation": [0.999740638634693, 6.065364722742503e-10, 0.02277400848107804, -6.064549267195269e-10, 1.0, -1.0487241748114996e-11, -0.02277400848107804, -3.3268878817254834e-12, 0.999740638634693], "world_rotation": [1.5720451391635215e-10, 0.9999999999999997, -2.6631047406555592e-08, 0.022775977584674374]}, {"color": "CVYellow", "id_name": "object192788682491367", "shape": "CVCone", "id_string": "ob6792", "world_size": [0.04, 0.04, 0.04], "id": 6792, "camera_size": [16, 16], "camera_position": [236, 238], "world_position": [0.7446656677351298, 0.620368103017627, -0.1994661779621948], "world_orientation": [0.9997940984228715, 0.02020628030485701, -0.001861986852565733, -0.020205367563785544, 0.99979572180955, 0.0005077134361130876, 0.0018718654892654924, -0.00046998676836083495, 0.9999981376142796], "world_rotation": [0.024083924435008126, 0.09197688334383475, 0.9954698476167739, -0.020299169990525955]}, {"color": "CVGreen", "id_name": "object245302533573305", "shape": "CVSphere", "id_string": "ob6799", "world_size": [0.04, 0.04, 0.04], "id": 6799, "camera_size": [18, 18], "camera_position": [256, 220], "world_position": [0.7902037383403587, 0.6199874272294439, -0.14882926579974526], "world_orientation": [0.9883680847426173, -9.324066992344548e-05, -0.15208063771693078, 4.2517521689508887e-05, 0.9999999423857755, -0.00033677990729185384, 0.15208066035650694, 0.00032639642013716167, 0.9883680317629188], "world_rotation": [-0.002180338817728424, 0.9999975234507542, -0.0004463350737289709, -0.15267345035588467]}, {"color": "CVBlue", "id_name": "object225016639594600", "shape": "CVCapsule", "id_string": "ob6806", "world_size": [0.04, 0.08, 0.04], "id": 6806, "camera_size": [18, 18], "camera_position": [272, 239], "world_position": [0.7407004497068005, 0.6402513239873778, -0.10861907969115314], "world_orientation": [0.9951615313434996, 0.014967227273110263, -0.09710565710511435, -0.015120573448015533, 0.9998853218636977, -0.0008434335380623284, 0.09708189734787917, 0.002307645831800253, 0.9952737211330615], "world_rotation": [-0.016033585584576262, 0.9880813550937042, 0.15309526396819512, -0.09842379467700932]}, {"color": "CVGreen", "id_name": "object99160654354520", "shape": "CVSphere", "id_string": "ob6813", "world_size": [0.04, 0.04, 0.04], "id": 6813, "camera_size": [16, 16], "camera_position": [289, 242], "world_position": [0.735, 0.6199874431539305, -0.065], "world_orientation": [1.0, 4.228388472693457e-17, -1.6957377686420176e-17, -4.228388472693457e-17, 1.0, 1.0733601507606494e-16, 1.6957377686420176e-17, -1.0733601507606494e-16, 1.0], "world_rotation": [0.92051720276698, 0.14542702990328832, 0.3626279889688094, -1.1660402951017529e-16]}, {"color": "CVRed", "id_name": "object208440201204562", "shape": "CVCapsule", "id_string": "ob6820", "world_size": [0.04, 0.08, 0.04], "id": 6820, "camera_size": [19, 20], "camera_position": [219, 222], "world_position": [0.7832292722931545, 0.6405393501783021, -0.2433500904682573], "world_orientation": [0.9949233248040996, 0.030381661135414625, 0.09594025446812868, -0.030556128778164843, 0.9995329913679956, 0.0003495154342682287, -0.09588483068164985, -0.0032793038284705473, 0.9953870329733816], "world_rotation": [-0.018026530771913903, 0.9529107265782307, -0.3027147029142744, 0.10082290899449387]}, {"color": "CVGreen", "id_name": "object86699328995870", "shape": "CVCylinder", "id_string": "ob6827", "world_size": [0.04, 0.04, 0.04], "id": 6827, "camera_size": [17, 16], "camera_position": [236, 222], "world_position": [0.7850043182353255, 0.6199765880060463, -0.2008318698748974], "world_orientation": [0.99999608050573, 0.0013982603303610822, -0.002425663048831244, -0.0013989209373801484, 0.9999989848796774, -0.00027066552349746197, 0.002425282125627082, 0.00027405777345155684, 0.9999970214450382], "world_rotation": [-0.09682135315728341, 0.8622268930179549, 0.49718247206573646, -0.002813036575102925]}, {"color": "CVYellow", "id_name": "object4886844849523", "shape": "CVBox", "id_string": "ob6834", "world_size": [0.04, 0.04, 0.04], "id": 6834, "camera_size": [18, 18], "camera_position": [256, 204], "world_position": [0.8311536116334075, 0.6199874425355518, -0.1485891258991795], "world_orientation": [0.9932086345820799, 0.00012062236543226448, -0.1163468677784049, -0.00012144602834406644, 0.999999992625431, 9.631163443737212e-09, 0.11634686692155864, 1.412029924726603e-05, 0.9932086419067014], "world_rotation": [-6.064048282524189e-05, 0.9999994570627191, 0.0010402869791939153, -0.11661103294607626]}, {"color": "CVYellow", "id_name": "object223271514261662", "shape": "CVSphere", "id_string": "ob6841", "world_size": [0.04, 0.04, 0.04], "id": 6841, "camera_size": [18, 18], "camera_position": [272, 224], "world_position": [0.780796602185359, 0.6200205160150408, -0.10871378129466158], "world_orientation": [0.995340993684925, 0.0027066409343172375, -0.09637935663387043, -0.0027876605148248928, 0.9999958652536071, -0.0007059918868013155, 0.09637704726313309, 0.0009713755930747818, 0.9953444233984019], "world_rotation": [-0.00869814453473649, 0.9995561981540436, 0.02849120940724363, -0.09657102676010011]}, {"color": "CVGreen", "id_name": "object248780486155513", "shape": "CVCylinder", "id_string": "ob6848", "world_size": [0.04, 0.04, 0.04], "id": 6848, "camera_size": [16, 16], "camera_position": [289, 225], "world_position": [0.7780195936367812, 0.6199836051918894, -0.06483934855189533], "world_orientation": [0.999967571969944, 0.00024875926127090295, -0.008049417827695287, -0.0002492964363929162, 0.9999999667653369, -6.57313619987748e-05, 0.008049401208890545, 6.773592163967285e-05, 0.999967600751156], "world_rotation": [-0.008286252357334347, 0.9994874665582874, 0.030921549359095243, -0.008053624286001133]}, {"color": "CVGreen", "id_name": "object42490796186325", "shape": "CVBox", "id_string": "ob6855", "world_size": [0.04, 0.04, 0.04], "id": 6855, "camera_size": [20, 20], "camera_position": [220, 289], "world_position": [0.6157114524124152, 0.6599714511554812, -0.23797706719868456], "world_orientation": [0.00011870334138149206, -0.9760544097844123, -0.21752649275414637, 0.9999999875650126, 0.00013844546276683622, -7.551707534475541e-05, 0.00010382433035768804, -0.21752648108507794, 0.9760544140811269], "world_rotation": [0.10873310911237784, 0.10882279194058468, -0.9880965089185427, -1.5826408222984558]}, {"color": "CVGreen", "id_name": "object11372848030954", "shape": "CVCone", "id_string": "ob6862", "world_size": [0.04, 0.04, 0.04], "id": 6862, "camera_size": [16, 17], "camera_position": [255, 293], "world_position": [0.6057486905594923, 0.6199874501271828, -0.15047740552607475], "world_orientation": [0.9997178795074653, 2.3054025935332133e-07, -0.023752081867577327, 2.292614283893208e-07, 0.9999999998126531, 1.9355651050527627e-05, 0.023752081867589706, -1.93556358609361e-05, 0.9997178793201184], "world_rotation": [0.0008149027582895719, 0.9999996679666918, 2.692038842143323e-08, -0.023754323658066036]}, {"color": "CVGreen", "id_name": "object30544154502330", "shape": "CVSphere", "id_string": "ob6869", "world_size": [0.04, 0.04, 0.04], "id": 6869, "camera_size": [17, 17], "camera_position": [274, 281], "world_position": [0.6386014004186237, 0.6599667554992101, -0.10553807149980113], "world_orientation": [0.9999412850584787, 0.0006541178294943785, 0.010816587514725093, -0.000652329981976317, 0.9999997729835457, -0.00016881484449777327, -0.010816695483981419, 0.00016174894820552148, 0.9999414847560254], "world_rotation": [0.015250772339509973, 0.9980653696867395, -0.0602738067083898, 0.010837820429000116]}, {"color": "CVGreen", "id_name": "object280382813579756", "shape": "CVCone", "id_string": "ob6876", "world_size": [0.04, 0.04, 0.04], "id": 6876, "camera_size": [18, 19], "camera_position": [233, 257], "world_position": [0.6978015539630965, 0.700523657902845, -0.20416185641579027], "world_orientation": [0.9956062449656032, 0.022181033965631168, -0.09097365947188679, -0.021966585960715858, 0.9997530660910011, 0.0033579670744183538, 0.09102567817227061, -0.0013448322787296915, 0.9958476376130138], "world_rotation": [0.025103514209028344, 0.971511352174847, 0.23565972538759664, -0.0938056610287305]}, {"color": "CVBlue", "id_name": "object86680438369169", "shape": "CVCapsule", "id_string": "ob6883", "world_size": [0.04, 0.08, 0.04], "id": 6883, "camera_size": [36, 30], "camera_position": [196, 178], "world_position": [0.8985672721356182, 0.6199748863770351, -0.30093179316486346], "world_orientation": [0.893787420218517, -0.4484908554910884, -3.9511280358617284e-10, -1.9372409232332194e-10, 4.949144705168607e-10, -1.0, 0.44849085549108847, 0.893787420218517, 3.5546484505877274e-10], "world_rotation": [-0.9482317928397248, 0.22456231560568954, -0.22456231531085505, -1.6239276104106333]}, {"color": "CVYellow", "id_name": "object40977648243303", "shape": "CVSphere", "id_string": "ob6890", "world_size": [0.04, 0.04, 0.04], "id": 6890, "camera_size": [18, 17], "camera_position": [277, 261], "world_position": [0.6877720963980574, 0.6599718237413817, -0.09619400409669747], "world_orientation": [0.9983736251165186, 0.0005809244966143423, -0.05700672941355603, -0.00056575078139901, 0.999999800112785, 0.0002823126694460541, 0.05700688202098504, -0.0002496019215004571, 0.9983737542128831], "world_rotation": [0.004665073729975964, 0.999938547683965, 0.01005673618908284, -0.05704123663832423]}, {"color": "CVGreen", "id_name": "object213888225287437", "shape": "CVCone", "id_string": "ob6897", "world_size": [0.04, 0.04, 0.04], "id": 6897, "camera_size": [18, 18], "camera_position": [232, 237], "world_position": [0.7465999394565969, 0.6604257633752436, -0.20760124730667898], "world_orientation": [0.9967397560933717, 0.022148446239687748, 0.07758417977973259, -0.022179732675057795, 0.9997538943240687, -0.0004585218881325055, -0.07757524142011536, -0.001263769372387434, 0.9969856993987347], "world_rotation": [-0.004990087996233711, 0.9615170247297704, -0.274700036724788, 0.08077249846032059]}, {"color": "CVPurple", "id_name": "object62205929495607", "shape": "CVBox", "id_string": "ob6904", "world_size": [0.04, 0.04, 0.04], "id": 6904, "camera_size": [18, 21], "camera_position": [244, 164], "world_position": [0.9348156496065804, 0.6200035379903571, -0.1788171564493631], "world_orientation": [-0.9794944823906205, -0.0018007337426759968, -0.2014629403248114, 0.001665422422039783, -0.999998259424324, 0.000841139987591973, -0.20146410433247577, 0.0004883710787374488, 0.9794957764887009], "world_rotation": [-0.10125219955203701, 0.0003340950218646326, 0.9948607342067486, 3.139850621866836]}, {"color": "CVGreen", "id_name": "object111115261907270", "shape": "CVSphere", "id_string": "ob6911", "world_size": [0.04, 0.04, 0.04], "id": 6911, "camera_size": [20, 26], "camera_position": [281, 208], "world_position": [0.8185788717164304, 0.6479691724015485, -0.08673062888918989], "world_orientation": [-0.7853580121268747, 0.6133342429971315, 0.08386834417859775, -0.6168671123517175, -0.7640371463009535, -0.18900318719838785, -0.05184359639316634, -0.20017079067494095, 0.978388417794074], "world_rotation": [-0.009022760219238393, 0.10964718627747126, -0.9939296173972579, 2.4743054211072515]}, {"color": "CVBlue", "id_name": "object202072599068782", "shape": "CVCapsule", "id_string": "ob6918", "world_size": [0.04, 0.08, 0.04], "id": 6918, "camera_size": [21, 35], "camera_position": [258, 262], "world_position": [0.6847647016551509, 0.6600108960457748, -0.14598789337471604], "world_orientation": [0.0018808231227803538, -0.9891259345938077, -0.14705899502685144, 0.9999979938253953, 0.0019617115034966416, -0.00040501007617994855, 0.0006890932923582227, -0.147057938248514, 0.9891276398668328], "world_rotation": [0.07332691705035842, 0.07387450050639716, -0.9945681079799514, -1.5743112467859457]}, {"color": "CVGreen", "id_name": "object110888094163805", "shape": "CVBox", "id_string": "ob6925", "world_size": [0.04, 0.04, 0.04], "id": 6925, "camera_size": [18, 17], "camera_position": [308, 257], "world_position": [0.6975008694507963, 0.619987443177051, -0.01665623820931709], "world_orientation": [1.919661651861304e-10, 0.06285937527423502, -0.9980223940073354, -1.0, 5.508072331572578e-10, -1.5765461158778749e-10, 5.398078650742377e-10, 0.9980223940073354, 0.06285937527423491], "world_rotation": [-0.5648589472289611, 0.5648589474452516, 0.6015552669758882, -2.058468064359269]}, {"color": "CVBlue", "id_name": "object193501981125839", "shape": "CVCapsule", "id_string": "ob6932", "world_size": [0.04, 0.08, 0.04], "id": 6932, "camera_size": [22, 37], "camera_position": [246, 140], "world_position": [0.9950038744043918, 0.6199722916341679, -0.17367309709844236], "world_orientation": [-0.0003987898736438918, 0.9791706717788012, -0.20303850988147015, -0.9999998981936481, -0.00043335255874650373, -0.0001257706384628077, -0.00021113817833486043, 0.20303843905480315, 0.9791707449096193], "world_rotation": [-0.10158806336628154, 0.10141963449223318, 0.9896433312668509, -1.581627237314906]}, {"color": "CVRed", "id_name": "object51316072531827", "shape": "CVSphere", "id_string": "ob6939", "world_size": [0.04, 0.04, 0.04], "id": 6939, "camera_size": [21, 21], "camera_position": [280, 193], "world_position": [0.8614522655170196, 0.61998150943183, -0.08917316145256252], "world_orientation": [0.3105509779675417, -0.000578530478218475, 0.950556550335586, -0.0004622193408047642, -0.9999997884714751, -0.0004576136868098752, 0.9505566140092259, -0.00029725324412362624, -0.31055117968512747], "world_rotation": [-0.8094908820599853, 0.00032142110697017096, -0.5871323603330164, -3.141493603404978]}], "source": "manual check"}
