{"timestamp": 1721660866.136099, "objects": [{"color": "cv_", "id_name": "hand", "shape": "CVBox", "id_string": "ob383", "world_size": [0.005, 0.09, 0.5], "id": 383, "camera_size": [3, 208], "camera_position": [246, 271], "world_position": [0.6631395537935618, 0.665703433173667, -0.17409589107462664], "world_orientation": [3.2322165293244724e-07, -0.0016560964287550917, 0.9999986286713168, -0.0007639910199878381, -0.9999983368309964, -0.0016560956984995585, 0.9999997081587659, -0.0007639894370194116, -1.5884639148066696e-06], "world_rotation": [0.0, 1.0, 0.0, 0.0]}, {"color": "CVPurple", "id_name": "object109084043304012", "shape": "CVBox", "id_string": "ob5308", "world_size": [0.04, 0.04, 0.04], "id": 5308, "camera_size": [19, 22], "camera_position": [256, 134], "world_position": [1.011090987391979, 0.6200359559104148, -0.1499750839765077], "world_orientation": [0.9740232981862296, 0.0036921789286332, -0.22641771663272783, -0.004276994874369285, 0.9999886645321739, -0.0020923962349178762, 0.2264074245806967, 0.0030064300953517335, 0.9740280486068243], "world_rotation": [-0.011257576925602773, 0.9997818185714741, 0.01759494858418822, -0.22844375067393935]}, {"color": "CVRed", "id_name": "object40965195487868", "shape": "CVCylinder", "id_string": "ob5315", "world_size": [0.04, 0.04, 0.04], "id": 5315, "camera_size": [17, 17], "camera_position": [216, 297], "world_position": [0.5959411823617617, 0.6199874423041198, -0.2517776869063085], "world_orientation": [0.9999628691742709, 1.9394788946334158e-08, 0.00861744003518015, -1.913201775978281e-08, 0.9999999999999996, -3.057538817708505e-08, -0.008617440035180737, 3.040938387187797e-08, 0.9999628691742705], "world_rotation": [3.53845061871393e-06, 0.9999999999912411, -2.2353974352298923e-06, 0.008617546694394788]}, {"color": "CVGreen", "id_name": "object254641947413672", "shape": "CVCapsule", "id_string": "ob5322", "world_size": [0.04, 0.08, 0.04], "id": 5322, "camera_size": [37, 31], "camera_position": [226, 281], "world_position": [0.6384776126706806, 0.6443468722339677, -0.2242301470096056], "world_orientation": [0.4349797936608211, 0.2865023996917103, 0.8536445127087041, -0.5504545395997534, 0.8348650890753627, 0.0002878840221889334, -0.7125955226780568, -0.4700177209574956, 0.5208559906971493], "world_rotation": [-0.2560098297717173, 0.852579345420163, -0.45559568349928725, 1.1643469881240858]}, {"color": "CVYellow", "id_name": "object102965351660625", "shape": "CVCapsule", "id_string": "ob5329", "world_size": [0.04, 0.08, 0.04], "id": 5329, "camera_size": [22, 30], "camera_position": [257, 272], "world_position": [0.6600009117497219, 0.6445594780580788, -0.14573192444840932], "world_orientation": [0.9087300066252465, 0.35541579624762787, -0.2188364385483922, -0.36221052415030913, 0.9320463276500465, 0.00965294301345112, 0.2073965073323027, 0.07049294214123346, 0.975713807350616], "world_rotation": [-0.072698830873144, 0.5093135649141168, 0.8575048528050156, -0.43172553703031485]}, {"color": "CVRed", "id_name": "object190392681030466", "shape": "CVCapsule", "id_string": "ob5336", "world_size": [0.04, 0.08, 0.04], "id": 5336, "camera_size": [18, 18], "camera_position": [272, 295], "world_position": [0.6008571530039153, 0.639974848529113, -0.10913993276806438], "world_orientation": [0.9991070730698635, -6.046539771290829e-06, -0.042249929055679675, -6.939540405954503e-06, 0.9999999527848727, -0.0003072166907580051, 0.04224992891844184, 0.00030723556379127045, 0.9991070258549356], "world_rotation": [-0.0072714442933647155, 0.9999735626436383, 1.0567793218790296e-05, -0.042263626850779924]}, {"color": "CVYellow", "id_name": "object33541490798645", "shape": "CVCone", "id_string": "ob5343", "world_size": [0.04, 0.04, 0.04], "id": 5343, "camera_size": [16, 17], "camera_position": [289, 295], "world_position": [0.6, 0.6199874431539305, -0.065], "world_orientation": [1.0, 2.049142105997599e-16, 5.802954297681148e-18, -2.049142105997599e-16, 1.0, 6.179952383167331e-17, -5.802954297681148e-18, -6.179952383167331e-17, 1.0], "world_rotation": [-0.28863572672225335, 0.027102796704540077, -0.9570553043948448, 2.1410905896324258e-16]}, {"color": "CVYellow", "id_name": "object26858468417755", "shape": "CVCone", "id_string": "ob5350", "world_size": [0.04, 0.04, 0.04], "id": 5350, "camera_size": [19, 18], "camera_position": [209, 271], "world_position": [0.6596160220952872, 0.6199629687413393, -0.26878759565694615], "world_orientation": [0.9896774492584256, -0.00016159726166664558, 0.14331266627783376, 6.648646520178283e-05, 0.999999774378363, 0.0006684480332672045, -0.14331274196276717, -0.0006520195919262421, 0.9896772367098099], "world_rotation": [-0.004606895120326371, 0.9999890715925229, 0.0007957467402368771, 0.14380944897633358]}, {"color": "CVYellow", "id_name": "object75156857608011", "shape": "CVCone", "id_string": "ob5357", "world_size": [0.04, 0.04, 0.04], "id": 5357, "camera_size": [16, 16], "camera_position": [236, 264], "world_position": [0.6794290261564958, 0.6199874505367855, -0.20003828132826007], "world_orientation": [0.9999840491041725, -0.0006066003440281338, -0.005615476226181516, 0.0006065553432379732, 0.9999998159980831, -9.716767275010583e-06, 0.0056154810871174975, 6.310515174041505e-06, 0.9999842330418705], "world_rotation": [-0.0014188080779129297, 0.994215520282814, -0.10739406972645976, -0.00564818029858129]}, {"color": "CVPurple", "id_name": "object56777573402449", "shape": "CVSphere", "id_string": "ob5364", "world_size": [0.04, 0.04, 0.04], "id": 5364, "camera_size": [20, 22], "camera_position": [253, 166], "world_position": [0.9293692260450886, 0.6200569602399448, -0.15686026117970878], "world_orientation": [0.957250896347631, 0.005025877842844478, -0.28921525200716125, -0.005066290330640219, 0.9999869808904035, 0.0006088940642140723, 0.28921454690928433, 0.0008823840459678831, 0.9572638963496185], "world_rotation": [-0.00047274247252261235, 0.9998477149582378, 0.017444867650552223, -0.29345260237179394]}, {"color": "CVRed", "id_name": "object31926887348707", "shape": "CVCapsule", "id_string": "ob5371", "world_size": [0.04, 0.08, 0.04], "id": 5371, "camera_size": [19, 18], "camera_position": [274, 277], "world_position": [0.6469122244800366, 0.6399599522601052, -0.10512953184122024], "world_orientation": [0.9954607592221508, 2.0282888124010485e-05, -0.09517287658499923, -0.000156775728981435, 0.9999989700025526, -0.0014266797835569224, 0.09517274961999281, 0.0014351245376123408, 0.9954597370799745], "world_rotation": [-0.015033072982572941, 0.9998865643909796, 0.0009300898364889185, -0.09532792543578948]}, {"color": "CVRed", "id_name": "object251275641496764", "shape": "CVSphere", "id_string": "ob5378", "world_size": [0.04, 0.04, 0.04], "id": 5378, "camera_size": [17, 16], "camera_position": [290, 277], "world_position": [0.6453553745401861, 0.6199874330929767, -0.06393921450001486], "world_orientation": [0.9995143341457596, -1.1657048188112263e-05, -0.031162408463918625, 1.2004305407775362e-07, 0.999999931467191, -0.0003702237151956911, 0.031162410643986917, 0.00037004016934810626, 0.9995142656476338], "world_rotation": [-0.011876675632023034, 0.999929451948444, -0.00018894977249691094, -0.031169655044028046]}, {"color": "CVYellow", "id_name": "object183843933586459", "shape": "CVSphere", "id_string": "ob5385", "world_size": [0.04, 0.04, 0.04], "id": 5385, "camera_size": [19, 18], "camera_position": [216, 254], "world_position": [0.7027457114928984, 0.6199776569826606, -0.25178459785927654], "world_orientation": [0.9874084925619382, 0.00011479008115229452, 0.1581911996281659, -0.00018969707133414704, 0.9999998769318307, 0.00045842267075938943, -0.15819112753748898, -0.0004826588455710449, 0.9874083928187246], "world_rotation": [-0.0029744926834915273, 0.9999951130799073, -0.0009623978280007789, 0.15885926314594442]}, {"color": "CVPurple", "id_name": "object239419044737542", "shape": "CVSphere", "id_string": "ob5392", "world_size": [0.04, 0.04, 0.04], "id": 5392, "camera_size": [16, 16], "camera_position": [236, 248], "world_position": [0.7196109919847715, 0.6199734143920657, -0.20051997080553582], "world_orientation": [0.9999884170230602, -0.0006769454650740248, 0.004765245487064804, 0.0006805641508617993, 0.999999481277562, -0.0007578106910762914, -0.0047647300187143365, 0.0007610449686210927, 0.9999883590114461], "world_rotation": [0.155855759176139, 0.9779083074155629, 0.1392994063851604, 0.004872651732732528]}, {"color": "CVGreen", "id_name": "object156626119214899", "shape": "CVCylinder", "id_string": "ob5399", "world_size": [0.04, 0.04, 0.04], "id": 5399, "camera_size": [19, 22], "camera_position": [252, 149], "world_position": [0.9725059235998973, 0.620038023892228, -0.16053137734359438], "world_orientation": [0.9738404216293357, 0.004314934692539299, -0.22719202129343533, -0.004170826700684769, 0.9999906811541567, 0.001114365056259325, 0.22719471253845344, -0.00013763518764337815, 0.973849343405398], "world_rotation": [0.0027548718570451084, 0.9998218701188976, 0.01867186956363691, -0.22923627530858054]}, {"color": "CVPurple", "id_name": "object26307627189233", "shape": "CVSphere", "id_string": "ob5406", "world_size": [0.04, 0.04, 0.04], "id": 5406, "camera_size": [16, 16], "camera_position": [272, 257], "world_position": [0.6961413202071486, 0.6200891671543453, -0.10855420230212626], "world_orientation": [0.9999713251484776, 0.006553828609058291, -0.003794233962322228, -0.006555358806285319, 0.9999784369626576, -0.00039099954097428355, 0.0037915896031358517, 0.0004158608941384706, 0.9999927254275394], "world_rotation": [-0.053197419923372916, 0.5001437970123025, 0.8643067839740778, -0.0075837152483354845]}, {"color": "CVYellow", "id_name": "object43140132508802", "shape": "CVCapsule", "id_string": "ob5413", "world_size": [0.04, 0.08, 0.04], "id": 5413, "camera_size": [17, 17], "camera_position": [290, 260], "world_position": [0.69, 0.6399748858658902, -0.065], "world_orientation": [1.0, -9.627715291671303e-17, 2.6597159133585094e-18, 9.627715291671303e-17, 1.0, -2.1076890233118206e-16, -2.6597159133585094e-18, 2.1076890233118206e-16, 1.0], "world_rotation": [0.9095358415233338, 0.01147753261849028, 0.41546698933782017, 2.3173237678921624e-16]}, {"color": "CVBlue", "id_name": "object15986530388613", "shape": "CVCapsule", "id_string": "ob5420", "world_size": [0.04, 0.08, 0.04], "id": 5420, "camera_size": [20, 20], "camera_position": [216, 238], "world_position": [0.7435574800860453, 0.6399760531973335, -0.2497986301359823], "world_orientation": [0.9873606363838157, 0.00043346188908036836, 0.15848907164387613, -0.0005703041227582345, 0.9999995028655364, 0.0008179375817068713, -0.15848863830872723, -0.0008979863421669632, 0.9873603927379175], "world_rotation": [-0.005413283411073287, 0.9999803342636947, -0.003166614687799305, 0.15916313183615227]}, {"color": "CVBlue", "id_name": "object243289682092598", "shape": "CVCone", "id_string": "ob5427", "world_size": [0.04, 0.04, 0.04], "id": 5427, "camera_size": [16, 16], "camera_position": [235, 232], "world_position": [0.7595830629138214, 0.6199816886738794, -0.20181591797404164], "world_orientation": [0.9999817855645847, 9.288895470148186e-05, 0.006034891109796427, -9.441669225617353e-05, 0.9999999635720352, 0.0002528664003947103, -0.006034867401462015, -0.00025343158903270324, 0.9999817579075513], "world_rotation": [-0.041905754795543024, 0.9990012822018695, -0.01550309240237141, 0.006040949164442267]}, {"color": "CVBlue", "id_name": "object146405138753075", "shape": "CVSphere", "id_string": "ob5434", "world_size": [0.04, 0.04, 0.04], "id": 5434, "camera_size": [18, 22], "camera_position": [259, 118], "world_position": [1.0505067132062316, 0.6201130322398044, -0.14132190070166445], "world_orientation": [0.9780369179895751, 0.004619651476878472, -0.20838053140753182, -0.004240218171058891, 0.9999884393722636, 0.002267525454465598, 0.20838859757509526, -0.00133414469117932, 0.97804519959899], "world_rotation": [0.008639608699952785, 0.9997368018234499, 0.021252864308888817, -0.2099790656592518]}, {"color": "CVRed", "id_name": "object123506612147929", "shape": "CVCone", "id_string": "ob5441", "world_size": [0.04, 0.04, 0.04], "id": 5441, "camera_size": [17, 16], "camera_position": [272, 241], "world_position": [0.7365319938364868, 0.6199535961076399, -0.1095680176577401], "world_orientation": [0.9999049502544809, 0.00035833826326589453, -0.013782672102073946, -0.0003638769794303975, 0.9999998540544655, -0.0003993552198960871, 0.013782526986298574, 0.00040433245837704463, 0.9999049347138632], "world_rotation": [-0.029133508004553818, 0.9992326248098808, 0.026180149482088452, -0.013793621492208858]}, {"color": "CVGreen", "id_name": "object183497578069128", "shape": "CVCone", "id_string": "ob5448", "world_size": [0.04, 0.04, 0.04], "id": 5448, "camera_size": [16, 16], "camera_position": [289, 242], "world_position": [0.7349311212914502, 0.6199872375180571, -0.06498207896371067], "world_orientation": [0.999999692375257, 0.00013881632324752057, -0.0007719970337917961, -0.00013885887234408526, 0.9999999888431785, -5.5062295613517276e-05, 0.0007719893816333363, 5.516947731256115e-05, 0.9999997004943169], "world_rotation": [-0.0700941358203999, 0.981789466275182, 0.17656799266765227, -0.0007863124567772214]}, {"color": "CVBlue", "id_name": "object80217390535210", "shape": "CVBox", "id_string": "ob5455", "world_size": [0.04, 0.04, 0.04], "id": 5455, "camera_size": [20, 21], "camera_position": [216, 220], "world_position": [0.7909446766324155, 0.6199745732887952, -0.2503820256567549], "world_orientation": [0.9508294029359141, 0.0008343609823591446, -0.30971398152857776, -0.0009066805323913776, 0.9999995849546552, -8.95596416697379e-05, 0.30971377825816093, 0.00036596757827737567, 0.9508297647974564], "world_rotation": [-0.0007353969695598939, 0.9999957795306452, 0.002810713822928408, -0.314893476210656]}, {"color": "CVRed", "id_name": "object8445045280894", "shape": "CVSphere", "id_string": "ob5462", "world_size": [0.04, 0.04, 0.04], "id": 5462, "camera_size": [16, 17], "camera_position": [234, 217], "world_position": [0.7998545395225861, 0.6199704143980298, -0.20420738984437123], "world_orientation": [0.9997068475705254, 0.0003197274000771528, 0.0242098470666774, -0.0003277564018247815, 0.9999998926025221, 0.0003276746638764463, -0.024209739700032526, -0.0003355135376159567, 0.9997068449972337], "world_rotation": [-0.013694184042046531, 0.9998168407264133, -0.013369903637513156, 0.024216595318551887]}, {"color": "CVGreen", "id_name": "object25187825413228", "shape": "CVSphere", "id_string": "ob5469", "world_size": [0.04, 0.04, 0.04], "id": 5469, "camera_size": [18, 23], "camera_position": [261, 103], "world_position": [1.090313924623156, 0.6200308173601705, -0.13615362021543753], "world_orientation": [0.9781146712030243, 0.0028724506539334607, -0.20804672312882158, -0.0029342705079033657, 0.9999956949533036, 1.1464995962242783e-05, 0.2080458604105986, 0.0005992512831868841, 0.9781188889209294], "world_rotation": [-0.0014124944693710132, 0.9999016407320646, 0.013953985835568668, -0.2095980434290846]}, {"color": "CVGreen", "id_name": "object12938660371418", "shape": "CVBox", "id_string": "ob5476", "world_size": [0.04, 0.04, 0.04], "id": 5476, "camera_size": [16, 16], "camera_position": [271, 224], "world_position": [0.7801993805531394, 0.6199758233508876, -0.11005686198914508], "world_orientation": [0.9999289110574077, 0.000567731480608532, -0.01191010128054396, -0.0005709682720859945, 0.9999998009863442, -0.00026837008836211323, 0.011909946548123542, 0.00027515130016483435, 0.9999290362145622], "world_rotation": [-0.022785867606091387, 0.99859999560601, 0.04773733353586338, -0.011927004150860092]}, {"color": "CVBlue", "id_name": "object220468176258368", "shape": "CVCylinder", "id_string": "ob5483", "world_size": [0.04, 0.04, 0.04], "id": 5483, "camera_size": [16, 16], "camera_position": [289, 224], "world_position": [0.7799998320783013, 0.6199874431821034, -0.06499992195035126], "world_orientation": [0.9999999999990151, 4.684350159163727e-10, -1.403513545633327e-06, -4.684347544620911e-10, 1.0, 1.862946505830543e-10, 1.4035135456334143e-06, -1.8629399315933273e-10, 0.9999999999990151], "world_rotation": [0.00013273424430678028, 0.9999999354933734, 0.00033375869896623236, -1.4035136361697616e-06]}, {"color": "CVBlue", "id_name": "object74462964250752", "shape": "CVCapsule", "id_string": "ob5490", "world_size": [0.04, 0.08, 0.04], "id": 5490, "camera_size": [22, 39], "camera_position": [234, 243], "world_position": [0.7310387021639878, 0.6796495530775528, -0.20220721238376238], "world_orientation": [0.4362242783696902, 0.8958514975053704, 0.0846077619266011, -0.8646414508950697, 0.44334462559355187, -0.23630637814367608, -0.2492058192637399, 0.029927201250679242, 0.967988027958192], "world_rotation": [0.14696600309535685, 0.18427145034858047, -0.9718256152832185, 1.133183487415074]}, {"color": "CVYellow", "id_name": "object34122375293245", "shape": "CVCapsule", "id_string": "ob5497", "world_size": [0.04, 0.08, 0.04], "id": 5497, "camera_size": [16, 32], "camera_position": [255, 246], "world_position": [0.7235343956171368, 0.6199651902284485, -0.15146803551651786], "world_orientation": [0.00039041660072366627, -0.9999983892617524, 0.0017518700804731928, 0.9999999069809659, 0.0003907371800147948, 0.0001826540880796436, -0.0001833383146467145, 0.001751798606327754, 0.9999984487931495], "world_rotation": [0.0007845723187299946, 0.0009676042710712929, 0.9999992240938246, 1.5704065254980812]}, {"color": "CVRed", "id_name": "object215768833039068", "shape": "CVCylinder", "id_string": "ob5504", "world_size": [0.04, 0.04, 0.04], "id": 5504, "camera_size": [19, 20], "camera_position": [274, 279], "world_position": [0.6429542243670364, 0.6999483712886867, -0.10735518958774516], "world_orientation": [0.9899222417255847, 8.989462538766726e-05, -0.14161196014443728, -0.0002703047328396987, 0.9999991762817684, -0.0012547394694675034, 0.14161173070174934, 0.0012803728914505897, 0.9899214506075288], "world_rotation": [-0.008950553374369416, 0.9999591343109699, 0.0012717320269228932, -0.1420953266071599]}, {"color": "CVGreen", "id_name": "object224887351059262", "shape": "CVBox", "id_string": "ob5511", "world_size": [0.04, 0.04, 0.04], "id": 5511, "camera_size": [18, 18], "camera_position": [213, 257], "world_position": [0.696378117045284, 0.6599667138489534, -0.25616710245652596], "world_orientation": [0.9987534551809572, 0.049914937707402435, 0.00018643434786250543, -0.00015912440679722795, -0.0005511028834633495, 0.999999835482504, 0.04991503224002855, -0.9987533205347946, -0.0005424732241661978], "world_rotation": [0.9993772621033502, 0.024864315966228907, 0.025037048195484548, -1.57196638752521]}, {"color": "CVYellow", "id_name": "object64843618921693", "shape": "CVSphere", "id_string": "ob5518", "world_size": [0.04, 0.04, 0.04], "id": 5518, "camera_size": [19, 21], "camera_position": [256, 159], "world_position": [0.9420664029677843, 0.6601042399396033, -0.1507743545947743], "world_orientation": [0.9818854432567117, -0.001027065437369054, -0.18947274594821945, 0.0010586841429707512, 0.9999994374378517, 6.566479704776342e-05, 0.18947257191598094, -0.0002650671000161112, 0.9818859782230197], "world_rotation": [0.0008727558987118123, 0.9999844719885906, -0.005504005708665246, -0.19062804558295524]}, {"color": "CVBlue", "id_name": "object236259325612604", "shape": "CVCapsule", "id_string": "ob5525", "world_size": [0.04, 0.08, 0.04], "id": 5525, "camera_size": [21, 20], "camera_position": [272, 253], "world_position": [0.7066221479386628, 0.680020165583026, -0.11146679034900624], "world_orientation": [0.9709343701005998, 0.006301598842688797, -0.23926290729943359, -0.006288293921029473, 0.9999798931138459, 0.0008189795992525767, 0.23926325734829043, 0.0007093800441733248, 0.9709544739394526], "world_rotation": [0.00022895642387382706, 0.9996540525057499, 0.026300625235673086, -0.24169209701084327]}, {"color": "CVBlue", "id_name": "object124825912131878", "shape": "CVBox", "id_string": "ob5532", "world_size": [0.04, 0.04, 0.04], "id": 5532, "camera_size": [22, 22], "camera_position": [224, 217], "world_position": [0.7948565504980842, 0.6599532478492267, -0.22824563569166734], "world_orientation": [-0.00024626879118416767, 0.38304125023797914, 0.9237312054747359, -0.999999953439674, 7.212601566103372e-05, -0.0002965105187612283, -0.00018020081120773135, -0.9237312354867966, 0.3830412146410671], "world_rotation": [-0.485403712020809, 0.4856542796840204, -0.7269959814063726, 1.8844819129881538]}, {"color": "CVPurple", "id_name": "object216885710327030", "shape": "CVCylinder", "id_string": "ob5539", "world_size": [0.04, 0.04, 0.04], "id": 5539, "camera_size": [18, 21], "camera_position": [256, 132], "world_position": [1.0093525612457241, 0.6600328230745112, -0.14921049092809346], "world_orientation": [0.9950263420746717, 0.0037341544860209734, -0.09954212509170708, -0.004018286663518745, 0.9999884046251244, -0.002654051165426084, 0.0995310602263852, 0.0030408396165272533, 0.9950298092743948], "world_rotation": [-0.028573682147337316, 0.9988345938718928, 0.03889728490928262, -0.09981840634595483]}, {"color": "CVPurple", "id_name": "object96713612522666", "shape": "CVCone", "id_string": "ob5546", "world_size": [0.04, 0.04, 0.04], "id": 5546, "camera_size": [23, 23], "camera_position": [271, 234], "world_position": [0.7542896523452309, 0.6600806805455611, -0.11197206206523407], "world_orientation": [0.7958748057814741, 0.005270224658388163, -0.6054382860823645, -0.006147025425585892, 0.999980912099043, 0.0006241121561455106, 0.605430018747599, 0.003224929397113275, 0.7958920104069808], "world_rotation": [-0.0021477939641500183, 0.9999532437452782, 0.009428536704265375, -0.6503468130336909]}, {"color": "CVYellow", "id_name": "object232185416298192", "shape": "CVSphere", "id_string": "ob5553", "world_size": [0.04, 0.04, 0.04], "id": 5553, "camera_size": [24, 24], "camera_position": [222, 214], "world_position": [0.8000561335813455, 0.6999457675610413, -0.23097904625250618], "world_orientation": [-0.0002768810854816283, -0.7058075311373456, 0.7084035942361315, -0.9999999579395509, 0.00025660131773697076, -0.0001351911989958543, -8.635832937559095e-05, -0.708403601872244, -0.7058075724988151], "world_rotation": [-0.6783510103608613, 0.6785631942789726, -0.2817656794436046, 2.5923381108441537]}, {"color": "CVRed", "id_name": "object83146357035606", "shape": "CVCylinder", "id_string": "ob5560", "world_size": [0.04, 0.04, 0.04], "id": 5560, "camera_size": [19, 19], "camera_position": [268, 255], "world_position": [0.7023480661056364, 0.74004144619747, -0.12186754947155266], "world_orientation": [0.9984614189699238, 0.0061877296470480465, -0.055104508258232925, -0.00620261442721903, 0.9999807586920489, -9.909561777507201e-05, 0.055102834798528046, 0.0004407351690647312, 0.9984805873674645], "world_rotation": [-0.004867595055241631, 0.9937275368357228, 0.1117223748977148, -0.055479946008300744]}, {"color": "CVBlue", "id_name": "object233941117918619", "shape": "CVCapsule", "id_string": "ob5567", "world_size": [0.04, 0.08, 0.04], "id": 5567, "camera_size": [20, 34], "camera_position": [194, 233], "world_position": [0.7570674971644801, 0.6199748863648712, -0.3078736041657137], "world_orientation": [-4.178166701507279e-10, -0.9956107072447674, 0.09359123687383296, -1.0, 4.4945447363886604e-10, 3.16960097057617e-10, -3.576338600264072e-10, -0.09359123687383293, -0.9956107072447676], "world_rotation": [-0.7067182857914639, 0.7067182860985961, -0.033144058620479214, 3.075328793016627]}, {"color": "CVPurple", "id_name": "object45914681296070", "shape": "CVCapsule", "id_string": "ob5574", "world_size": [0.04, 0.08, 0.04], "id": 5574, "camera_size": [32, 37], "camera_position": [287, 172], "world_position": [0.9136782470911728, 0.6199748863757331, -0.06983213681941064], "world_orientation": [3.9760676695532737e-10, -0.807190627233341, -0.5902908531449945, 1.0, 5.377085859903374e-10, -6.170952637774006e-11, 3.6721575780163107e-10, -0.5902908531449946, 0.8071906272333409], "world_rotation": [0.29652658188304837, 0.2965265820985146, -0.9078237562135775, -1.6673509693803377]}], "source": "manual check"}
