{"timestamp": 1721660701.699116, "objects": [{"color": "cv_", "id_name": "hand", "shape": "CVBox", "id_string": "ob383", "world_size": [0.005, 0.09, 0.5], "id": 383, "camera_size": [3, 207], "camera_position": [246, 271], "world_position": [0.6637636418268246, 0.6651173121982217, -0.17408794346579562], "world_orientation": [-3.4971538083027998e-06, -0.0016633747804723049, 0.999998616585098, -0.0007636815870563796, -0.9999983249823483, -0.0016633769661422591, 0.9999997083890593, -0.000763686347653357, 2.226859258651485e-06], "world_rotation": [0.0, 1.0, 0.0, 0.0]}, {"color": "CVRed", "id_name": "object187574036684640", "shape": "CVSphere", "id_string": "ob3124", "world_size": [0.04, 0.04, 0.04], "id": 3124, "camera_size": [16, 16], "camera_position": [256, 244], "world_position": [0.7282952773275909, 0.6199758330993919, -0.1497941389592554], "world_orientation": [0.9999999782784506, 0.00020216138857957216, 5.073333992659807e-05, -0.00020217503648600264, 0.9999999433412836, 0.00026915178670870266, -5.06789249531996e-05, -0.0002691620378771544, 0.9999999624917213], "world_rotation": [-0.7906518455967766, 0.1489499075284714, -0.5938716899311423, 0.0003404240677999961]}, {"color": "CVRed", "id_name": "object131560722856385", "shape": "CVSphere", "id_string": "ob3131", "world_size": [0.04, 0.04, 0.04], "id": 3131, "camera_size": [20, 19], "camera_position": [216, 298], "world_position": [0.5932163753141609, 0.6199874431627231, -0.25085843877638914], "world_orientation": [0.9762165417535495, 6.47374995573334e-10, 0.21679774815883188, -5.811644313429556e-10, 1.0, -3.6915818959019616e-10, -0.21679774815883188, 2.3438319117658177e-10, 0.9762165417535495], "world_rotation": [1.3919456864575163e-09, 1.0, -2.8333768162947626e-09, 0.2185330009704515]}, {"color": "CVGreen", "id_name": "object280084129139664", "shape": "CVCapsule", "id_string": "ob3138", "world_size": [0.04, 0.08, 0.04], "id": 3138, "camera_size": [34, 24], "camera_position": [223, 281], "world_position": [0.6364924179653009, 0.64456409510544, -0.23017741671781572], "world_orientation": [0.18727175923022482, 0.10848036955228409, 0.9762997990456707, -0.5079844892309737, 0.861364476982736, 0.0017310381291757164, -0.8407621821273622, -0.4962693293102626, 0.21641558606158373], "world_rotation": [-0.2512160243141355, 0.9166159639393593, -0.3109753748760802, 1.4378793892494592]}, {"color": "CVYellow", "id_name": "object146102036571663", "shape": "CVBox", "id_string": "ob3145", "world_size": [0.04, 0.04, 0.04], "id": 3145, "camera_size": [16, 17], "camera_position": [255, 296], "world_position": [0.5980394995465057, 0.619987443189028, -0.15122214954755317], "world_orientation": [0.9998809127927014, 6.56400069980677e-12, -0.015432440922749485, 2.0099466126397135e-12, 1.0, 5.555639575380517e-10, 0.015432440922749485, -5.555288153602302e-10, 0.9998809127927014], "world_rotation": [3.5998607688184366e-08, 0.9999999999999994, 1.4754808101853052e-10, -0.015433053554029309]}, {"color": "CVPurple", "id_name": "object243214596777067", "shape": "CVCylinder", "id_string": "ob3152", "world_size": [0.04, 0.04, 0.04], "id": 3152, "camera_size": [16, 16], "camera_position": [271, 295], "world_position": [0.598935342023682, 0.6199874401505594, -0.10997581740477022], "world_orientation": [0.9999989282776364, -0.00031852564538083336, -0.001428980402942644, 0.00031852571874329606, 0.9999999492706665, -1.7624460016469167e-07, 0.0014289803865898455, -2.7892259862643445e-07, 0.9999989790069673], "world_rotation": [3.506641515838343e-05, 0.9760459012985957, -0.21756469688016591, -0.0014640509256330426]}, {"color": "CVRed", "id_name": "object233242091205333", "shape": "CVCapsule", "id_string": "ob3159", "world_size": [0.04, 0.08, 0.04], "id": 3159, "camera_size": [17, 18], "camera_position": [290, 295], "world_position": [0.6, 0.6399748858658902, -0.065], "world_orientation": [1.0, -1.5612511283791513e-17, -1.789043210782128e-17, 1.5612511283791513e-17, 1.0, -1.4831885719601688e-16, 1.789043210782128e-17, 1.4831885719601688e-16, 1.0], "world_rotation": [-0.9874262572950706, 0.11910476355862816, -0.10393960603106182, -1.5020752800550153e-16]}, {"color": "CVYellow", "id_name": "object126988940894408", "shape": "CVSphere", "id_string": "ob3166", "world_size": [0.04, 0.04, 0.04], "id": 3166, "camera_size": [18, 17], "camera_position": [209, 272], "world_position": [0.6602512372564535, 0.6199800171532713, -0.2690180102332401], "world_orientation": [0.9970524805208524, -0.00010394048807277891, -0.07672248877343907, 0.00016742556105905305, 0.9999996489374963, 0.0008210320126523257, 0.07672237650058195, -0.0008314573105307688, 0.9970521478954067], "world_rotation": [0.010768629626997444, 0.9999404529389326, -0.0017683869029866692, -0.07680248403683004]}, {"color": "CVYellow", "id_name": "object31275662191538", "shape": "CVBox", "id_string": "ob3173", "world_size": [0.04, 0.04, 0.04], "id": 3173, "camera_size": [19, 19], "camera_position": [232, 266], "world_position": [0.6746312972313049, 0.6199715488376003, -0.21048415609518079], "world_orientation": [0.9798486375709395, -4.4352027992278666e-05, -0.19974144658350593, 5.640985603975067e-05, 0.9999999969142236, 5.467614717678785e-05, 0.19974144354215054, -6.484173456575085e-05, 0.979848637049237], "world_rotation": [0.0002991814556915402, 0.9999999234350453, -0.00025223076834531217, -0.20109405697407443]}, {"color": "CVYellow", "id_name": "object259998967244912", "shape": "CVBox", "id_string": "ob3180", "world_size": [0.04, 0.04, 0.04], "id": 3180, "camera_size": [16, 16], "camera_position": [255, 277], "world_position": [0.6456631446026749, 0.6199788812747162, -0.1513478440762552], "world_orientation": [0.9999371319768265, -0.0005999990057210983, 0.01119696812320685, 0.0005968131257661614, 0.9999997804725186, 0.00028786977551592974, -0.011197138386743724, -0.00028116918016749486, 0.9999372705504284], "world_rotation": [-0.025365835408878122, 0.9982536594143387, 0.05334984404748501, 0.011216876544245948]}, {"color": "CVYellow", "id_name": "object134949809627965", "shape": "CVCylinder", "id_string": "ob3187", "world_size": [0.04, 0.04, 0.04], "id": 3187, "camera_size": [17, 16], "camera_position": [272, 277], "world_position": [0.6451017380686199, 0.6199748882076651, -0.10960061207189757], "world_orientation": [0.9997927605129902, 0.00014703932395487406, -0.020357170855796188, -0.00014697726693898178, 0.9999999891885148, 4.544586290340401e-06, 0.02035717130393783, -1.5516031376147688e-06, 0.9997927713151835], "world_rotation": [0.0001497268551163549, 0.9999739151401293, 0.007221261745033275, -0.020359108530873065]}, {"color": "CVPurple", "id_name": "object188665852428204", "shape": "CVCapsule", "id_string": "ob3194", "world_size": [0.04, 0.08, 0.04], "id": 3194, "camera_size": [17, 17], "camera_position": [290, 278], "world_position": [0.645, 0.6399748858658902, -0.065], "world_orientation": [1.0, -8.066464163292171e-17, -3.573889421051852e-17, 8.066464163292171e-17, 1.0, -1.821459649775647e-16, 3.573889421051852e-17, 1.821459649775647e-16, 1.0], "world_rotation": [-0.8999806872227267, 0.17658538071993266, -0.3985628757700657, -2.0238874851820828e-16]}, {"color": "CVGreen", "id_name": "object152740310106983", "shape": "CVCapsule", "id_string": "ob3201", "world_size": [0.04, 0.08, 0.04], "id": 3201, "camera_size": [19, 17], "camera_position": [216, 256], "world_position": [0.6993373855251603, 0.6399749075971884, -0.25139849636539546], "world_orientation": [0.9979921157309962, -0.00015444569988022592, -0.0633380855828151, 0.00017819985940935768, 0.9999999158984264, 0.00036938861679392784, 0.063338023205499, -0.00037993376514723365, 0.9979920593204907], "world_rotation": [0.005915138194242032, 0.9999790576795456, -0.0026258984121113865, -0.06338180914615503]}, {"color": "CVBlue", "id_name": "object258506676306170", "shape": "CVCapsule", "id_string": "ob3208", "world_size": [0.04, 0.08, 0.04], "id": 3208, "camera_size": [19, 18], "camera_position": [235, 249], "world_position": [0.7155606770515383, 0.6399656475774241, -0.20242467665950978], "world_orientation": [0.9913598729190308, 0.00034850058491603755, -0.13116966460773366, -0.00038782652454893334, 0.9999998871849338, -0.0002742639359422262, 0.13116955422867715, 0.0003227653358330253, 0.9913598962364718], "world_rotation": [-0.0022757762895428226, 0.9999934714588612, 0.0028067564796032275, -0.13154955470599622]}, {"color": "CVRed", "id_name": "object30047890654630", "shape": "CVCylinder", "id_string": "ob3215", "world_size": [0.04, 0.04, 0.04], "id": 3215, "camera_size": [16, 16], "camera_position": [255, 260], "world_position": [0.6882974139835188, 0.6199699540937439, -0.15144091794522996], "world_orientation": [0.9999995287622419, 0.0005670572249896606, -0.0007879856585961076, -0.0005667872172550688, 0.9999997806075931, 0.000342836719306262, 0.0007881798937567308, -0.00034238993754993804, 0.9999996307707248], "world_rotation": [0.33279759199769254, 0.7655045161543051, 0.5506801235816494, -0.001029494795595807]}, {"color": "CVPurple", "id_name": "object130867112351900", "shape": "CVCylinder", "id_string": "ob3222", "world_size": [0.04, 0.04, 0.04], "id": 3222, "camera_size": [17, 16], "camera_position": [273, 259], "world_position": [0.6914352170722701, 0.6199497546136761, -0.10753924298418592], "world_orientation": [0.9986630685015208, -0.00041996271884086207, -0.05169041731735103, 0.00037581764212221935, 0.9999995563528503, -0.000863744871176128, 0.05169075712568922, 0.0008431639326946815, 0.9986627832768955], "world_rotation": [-0.016508089181387943, 0.9998341115308356, -0.007696259541098435, -0.05172222154497441]}, {"color": "CVYellow", "id_name": "object135914562244149", "shape": "CVBox", "id_string": "ob3229", "world_size": [0.04, 0.04, 0.04], "id": 3229, "camera_size": [16, 15], "camera_position": [289, 260], "world_position": [0.69, 0.6199874431539305, -0.065], "world_orientation": [1.0, 4.228388472693457e-17, -1.6957377686420176e-17, -4.228388472693457e-17, 1.0, 1.0733601507606494e-16, 1.6957377686420176e-17, -1.0733601507606494e-16, 1.0], "world_rotation": [0.92051720276698, 0.14542702990328832, 0.3626279889688094, -1.1660402951017529e-16]}, {"color": "CVPurple", "id_name": "object17303646000754", "shape": "CVBox", "id_string": "ob3236", "world_size": [0.04, 0.04, 0.04], "id": 3236, "camera_size": [18, 16], "camera_position": [218, 240], "world_position": [0.7393633851796391, 0.6199874496628046, -0.24598172644161356], "world_orientation": [0.9988188533553777, -0.00018434851798619512, -0.04858872500357, 0.0001836427702927634, 0.9999999829573744, -1.8989047222819958e-05, 0.048588727676093256, 1.0043650308759674e-05, 0.9988188701871544], "world_rotation": [-0.0002987574511945825, 0.9999927855335846, -0.0037867697009018085, -0.048608216203688076]}, {"color": "CVPurple", "id_name": "object189422613950619", "shape": "CVCapsule", "id_string": "ob3243", "world_size": [0.04, 0.08, 0.04], "id": 3243, "camera_size": [18, 31], "camera_position": [235, 226], "world_position": [0.7749814885008499, 0.6446522394445364, -0.20071031785541327], "world_orientation": [0.8923315181119715, 0.44905155003714137, -0.045794838063092584, -0.4495249327786671, 0.8932677834420064, -4.3300572276777645e-05, 0.04088760930060595, 0.02062455996731649, 0.9989508651239238], "world_rotation": [-0.02288839332281097, 0.09599551659657342, 0.9951185769768631, -0.4684369486050661]}, {"color": "CVGreen", "id_name": "object232641295878045", "shape": "CVCapsule", "id_string": "ob3250", "world_size": [0.04, 0.08, 0.04], "id": 3250, "camera_size": [17, 33], "camera_position": [257, 197], "world_position": [0.8509906900744214, 0.6199686376942547, -0.14800533519989492], "world_orientation": [-1.6224335033326077e-05, 0.9990773653736664, -0.042946684793874215, -0.9999999921000884, -1.0856238612232626e-05, 0.00012522765518201834, 0.00012464587635344432, 0.04294668648633462, 0.9990773576571786], "world_rotation": [-0.021410731829565845, 0.021535667763189485, 0.9995387914315862, -1.5712711882709764]}, {"color": "CVBlue", "id_name": "object59449669479486", "shape": "CVBox", "id_string": "ob3257", "world_size": [0.04, 0.04, 0.04], "id": 3257, "camera_size": [17, 16], "camera_position": [272, 242], "world_position": [0.7345046844950014, 0.6199733510243972, -0.1094950649371728], "world_orientation": [0.9997623907031915, 0.00012692926693454846, 0.0217978444897723, -0.00013049156857139398, 0.9999999783636215, 0.0001620021821398, -0.021797823455327662, -0.0001648081238341663, 0.9997623856351532], "world_rotation": [-0.007496052759933228, 0.9999544722039202, -0.00590446546264166, 0.02180055322083253]}, {"color": "CVPurple", "id_name": "object181461280230854", "shape": "CVSphere", "id_string": "ob3264", "world_size": [0.04, 0.04, 0.04], "id": 3264, "camera_size": [16, 17], "camera_position": [289, 242], "world_position": [0.7353221951874436, 0.6201041977272901, -0.06452076676357349], "world_orientation": [0.9998607153746344, -0.0004709868701424061, -0.016683165823443882, 0.0003653944846264361, 0.9999798874470959, -0.006331760273765643, 0.016685812458342483, 0.006324782420130013, 0.9998407777191042], "world_rotation": [-0.3545408179133146, 0.9347469636129138, -0.023429094088246605, -0.01785015180295403]}, {"color": "CVPurple", "id_name": "object25872130400643", "shape": "CVCapsule", "id_string": "ob3271", "world_size": [0.04, 0.08, 0.04], "id": 3271, "camera_size": [18, 17], "camera_position": [218, 224], "world_position": [0.7801546125704347, 0.6399748637765673, -0.24486391298138255], "world_orientation": [0.9999763346717764, 0.00038771711526546014, -0.006868753295759672, -0.0003877209899808678, 0.9999999248359196, 7.674881382307783e-07, 0.006868753077044433, 1.895689852393046e-06, 0.9999764098355386], "world_rotation": [-8.199513091592065e-05, 0.9984106736912447, 0.05635707529843478, -0.006879741524884482]}, {"color": "CVRed", "id_name": "object7665896625198", "shape": "CVSphere", "id_string": "ob3278", "world_size": [0.04, 0.04, 0.04], "id": 3278, "camera_size": [17, 17], "camera_position": [236, 211], "world_position": [0.8151003702912374, 0.6199842556252256, -0.20159055040424217], "world_orientation": [0.9990387088370942, 0.0004798529141860111, -0.043834096161467696, -0.0004742623748856471, 0.9999998780241546, 0.00013793794167679403, 0.04383415700469005, -0.00011701648060592682, 0.9990388145546856], "world_rotation": [0.0029079882104737997, 0.9999365547670955, 0.01088255691825756, -0.04385096002555462]}, {"color": "CVPurple", "id_name": "object164911950462742", "shape": "CVCapsule", "id_string": "ob3285", "world_size": [0.04, 0.08, 0.04], "id": 3285, "camera_size": [22, 37], "camera_position": [255, 158], "world_position": [0.9500445302442986, 0.6199747930872487, -0.15150045011093943], "world_orientation": [-0.00025768573181769554, 0.9736214739342357, -0.2281691457936195, -0.999999964567033, -0.0002661330691164192, -6.254782274270345e-06, -6.681314538473093e-05, 0.22816913609714146, 0.9736215080146329], "world_rotation": [-0.11409801798816614, 0.11406148556745525, 0.9869000049657094, -1.584247887848697]}, {"color": "CVGreen", "id_name": "object84814458445990", "shape": "CVSphere", "id_string": "ob3292", "world_size": [0.04, 0.04, 0.04], "id": 3292, "camera_size": [16, 16], "camera_position": [272, 224], "world_position": [0.7797688314902186, 0.6199796964770942, -0.10718316917177087], "world_orientation": [0.9999885305653279, -0.0006052634592187192, -0.00475104135335937, 0.0006028332041702143, 0.9999996867444038, -0.0005129358852398612, 0.004751350326417335, 0.0005100659166730483, 0.999988582186235], "world_rotation": [-0.10619374883194989, 0.9864054916209465, -0.12540771032538506, -0.00481669480961192]}, {"color": "CVGreen", "id_name": "object200656605145192", "shape": "CVBox", "id_string": "ob3299", "world_size": [0.04, 0.04, 0.04], "id": 3299, "camera_size": [16, 16], "camera_position": [289, 224], "world_position": [0.7800000010706486, 0.6199874431973189, -0.06499996719828087], "world_orientation": [0.9999999999998307, 1.1730268510515538e-10, -5.819391367057984e-07, -1.1730274238553479e-10, 1.0, -9.844037549692374e-11, 5.819391367057868e-07, 9.844044375287649e-11, 0.9999999999998307], "world_rotation": [-0.00016915928145653584, 0.9999999653769069, 0.00020157212719526426, -5.81939156854359e-07]}, {"color": "CVRed", "id_name": "object106912912307429", "shape": "CVCone", "id_string": "ob3306", "world_size": [0.04, 0.04, 0.04], "id": 3306, "camera_size": [18, 19], "camera_position": [230, 266], "world_position": [0.6752672426689215, 0.6599608144634477, -0.21292648587789234], "world_orientation": [0.9910104571225979, -0.00018340951534642807, -0.13378430488891166, 0.00020974552299000054, 0.9999999613026906, 0.00018276058906213408, 0.13378426619178793, -0.00020917831390723912, 0.9910104572424844], "world_rotation": [0.0014648135160158272, 0.9999978476509567, -0.0014693586415684872, -0.13418690883812645]}, {"color": "CVGreen", "id_name": "object25491372799140", "shape": "CVCylinder", "id_string": "ob3313", "world_size": [0.04, 0.04, 0.04], "id": 3313, "camera_size": [17, 18], "camera_position": [256, 269], "world_position": [0.6669109632124771, 0.659972724723561, -0.14981180202111652], "world_orientation": [0.9963171742342752, 0.0011832964883034072, -0.0857361541897579, -0.0011537035998154994, 0.9999992565858222, 0.0003947097752604222, 0.08573655751097631, -0.0002943420182070488, 0.9963177987313804], "world_rotation": [0.004018028515124949, 0.9998990666757117, 0.01362761563489723, -0.08585042870369217]}, {"color": "CVGreen", "id_name": "object121109334336198", "shape": "CVCylinder", "id_string": "ob3320", "world_size": [0.04, 0.04, 0.04], "id": 3320, "camera_size": [17, 17], "camera_position": [272, 280], "world_position": [0.6396287885640992, 0.6599673008720044, -0.10965773358943885], "world_orientation": [0.9993046959629145, 0.00011678398186305409, -0.03728419219949207, -0.00011663001720769684, 0.9999999931788464, 6.304472933406222e-06, 0.03728419268143232, -1.951633430122078e-06, 0.9993047027670214], "world_rotation": [0.00011071804598019789, 0.999995094829059, 0.0031301851918599842, -0.03729301905642002]}, {"color": "CVBlue", "id_name": "object19151001846619", "shape": "CVSphere", "id_string": "ob3327", "world_size": [0.04, 0.04, 0.04], "id": 3327, "camera_size": [18, 18], "camera_position": [231, 256], "world_position": [0.6991088445485124, 0.6999607156130275, -0.2092224148747521], "world_orientation": [0.9989318362803581, 2.5163080901604507e-05, -0.046208071073910624, -2.6111308659185285e-05, 0.999999999460752, -1.991722651862463e-05, 0.04620807054781423, 2.1102504866218024e-05, 0.9989318363987267], "world_rotation": [-0.0004438588358147714, 0.9999997475817011, 0.0005548205726665199, -0.046224542109804014]}, {"color": "CVBlue", "id_name": "object125720278464935", "shape": "CVSphere", "id_string": "ob3334", "world_size": [0.04, 0.04, 0.04], "id": 3334, "camera_size": [16, 16], "camera_position": [255, 249], "world_position": [0.7163022894541109, 0.6599648764089834, -0.15061944528296345], "world_orientation": [0.9999654144658814, -5.5186479503356844e-05, -0.008316659577674721, 5.7709862872172544e-05, 0.9999999523777255, 0.0003031734131881532, 0.008316642450543123, -0.00030364288105751, 0.999965370030058], "world_rotation": [0.03645691814737434, 0.9993122075225607, -0.006782699726676034, -0.0083224711547011]}, {"color": "CVGreen", "id_name": "object123394212185580", "shape": "CVCapsule", "id_string": "ob3341", "world_size": [0.04, 0.08, 0.04], "id": 3341, "camera_size": [17, 17], "camera_position": [273, 261], "world_position": [0.6886289996599768, 0.6799233192170052, -0.10810709195142208], "world_orientation": [0.9998656408598172, -0.00023710837474362142, -0.016390363254232806, 0.00022343201154271576, 0.9999996253894545, -0.0008362410459102403, 0.016390555393985175, 0.0008324665574505171, 0.9998653192772053], "world_rotation": [-0.050834015105546755, 0.9986085701180549, -0.014029490191118139, -0.016414034312755177]}, {"color": "CVBlue", "id_name": "object94914004545050", "shape": "CVCone", "id_string": "ob3348", "world_size": [0.04, 0.04, 0.04], "id": 3348, "camera_size": [20, 26], "camera_position": [233, 214], "world_position": [0.800110665411723, 0.6992560898405982, -0.20399022125011462], "world_orientation": [0.8729486242092015, 0.44920680596103324, -0.19019449247953804, -0.44372728417599216, 0.8931876937501002, 0.07295094935074961, 0.20264944305144464, 0.0207120547426845, 0.9790322844622008], "world_rotation": [0.05347266430686914, 0.4021220595734892, 0.9140232619448478, -0.5103280764729001]}, {"color": "CVPurple", "id_name": "object159147239607497", "shape": "CVCapsule", "id_string": "ob3355", "world_size": [0.04, 0.08, 0.04], "id": 3355, "camera_size": [34, 36], "camera_position": [205, 160], "world_position": [0.9433073896643526, 0.619974886391397, -0.2787579852961751], "world_orientation": [-4.543511122889754e-10, 0.7136228390845175, 0.7005301160813523, 1.0, 1.588080777992218e-10, 4.868058178786329e-10, 2.3614593613885404e-10, 0.7005301160813523, -0.7136228390845175], "world_rotation": [0.6792954783383643, 0.6792954785814261, 0.2776964275749402, 2.599850002262407]}, {"color": "CVRed", "id_name": "object132223773851508", "shape": "CVCylinder", "id_string": "ob3362", "world_size": [0.04, 0.04, 0.04], "id": 3362, "camera_size": [17, 17], "camera_position": [274, 243], "world_position": [0.7322859070701621, 0.6599598739168587, -0.10555296694050703], "world_orientation": [0.9972677522828267, 0.00015806717553305626, -0.073871545750221, -0.00015894437778757125, 0.9999999873503669, -5.9959330232077565e-06, 0.07387154386801284, 1.7721017524367837e-05, 0.997267764791644], "world_rotation": [-0.00016052795231899348, 0.9999976851206541, 0.002145689658286435, -0.07393906803886283]}, {"color": "CVYellow", "id_name": "object252581293631147", "shape": "CVBox", "id_string": "ob3369", "world_size": [0.04, 0.04, 0.04], "id": 3369, "camera_size": [17, 17], "camera_position": [256, 266], "world_position": [0.6757476385511951, 0.699948478071197, -0.15072195487616327], "world_orientation": [0.0014084600429347123, -0.03629994743809163, 0.9993399471932958, 0.9999989603718575, 0.00035994719557930227, -0.001396314155457601, -0.0003090234809726146, 0.9993408749040582, 0.03630041667088708], "world_rotation": [0.5707152581459892, 0.5700946528127956, 0.5909959229585384, 2.072552046685613]}, {"color": "CVGreen", "id_name": "object123914692492554", "shape": "CVBox", "id_string": "ob3376", "world_size": [0.04, 0.04, 0.04], "id": 3376, "camera_size": [19, 19], "camera_position": [274, 263], "world_position": [0.6841735132284203, 0.7399138983333169, -0.10847171080622026], "world_orientation": [0.994953150585643, -0.00034891949838386033, -0.10033995413037881, 0.000264677092186462, 0.9999996012698362, -0.0008528811204076058, 0.10034021170866518, 0.0008220190705352092, 0.9949528462188085], "world_rotation": [-0.008345787556345827, 0.9999604990922669, -0.003057463852407468, -0.10051320702062355]}, {"color": "CVRed", "id_name": "object62068523286578", "shape": "CVCylinder", "id_string": "ob3383", "world_size": [0.04, 0.04, 0.04], "id": 3383, "camera_size": [25, 26], "camera_position": [260, 219], "world_position": [0.7903785231448991, 0.6608725076337633, -0.14125457320116622], "world_orientation": [-0.3450726918141652, -0.8954927761750833, 0.2811005606226505, 0.435778153354673, -0.4181201394790065, -0.7970401182003621, 0.8312774737853283, -0.15253929585617737, 0.5345180303757623], "world_rotation": [-0.4084064231652137, 0.34863537395589644, -0.843597990481265, -2.232342268106046]}, {"color": "CVYellow", "id_name": "object196895560527684", "shape": "CVCone", "id_string": "ob3390", "world_size": [0.04, 0.04, 0.04], "id": 3390, "camera_size": [17, 19], "camera_position": [273, 204], "world_position": [0.8323929698815324, 0.6199874431859576, -0.10674911800492015], "world_orientation": [-4.296680762919115e-10, -0.9952498981836467, -0.09735317234400319, 1.0, -4.578099808971726e-10, 2.667325457728076e-10, -3.1003480338576144e-10, -0.0973531723440032, 0.9952498981836466], "world_rotation": [0.048676723595070207, 0.04867672330668572, -0.9976277628395139, -1.5731713803797103]}], "source": "manual check"}
