{"timestamp": 1721660908.758247, "objects": [{"color": "cv_", "id_name": "hand", "shape": "CVBox", "id_string": "ob383", "world_size": [0.005, 0.09, 0.5], "id": 383, "camera_size": [3, 208], "camera_position": [246, 271], "world_position": [0.6631906603671753, 0.6655751148754799, -0.17410930748851328], "world_orientation": [4.081649889797423e-06, -0.0016529581019052821, 0.9999986338554937, -0.0007630480771691502, -0.999998342748143, -0.001652954506216717, 0.9999997088704438, -0.0007630402879539684, -5.342929626425964e-06], "world_rotation": [0.0, 1.0, 0.0, 0.0]}, {"color": "CVPurple", "id_name": "object175053037852176", "shape": "CVSphere", "id_string": "ob5854", "world_size": [0.04, 0.04, 0.04], "id": 5854, "camera_size": [17, 17], "camera_position": [256, 233], "world_position": [0.7592942337420697, 0.6199765863926111, -0.1489682147989414], "world_orientation": [0.9972088671747642, 0.0003017377518092267, 0.07466179868147169, -0.0003177347105403519, 0.9999999290432603, 0.0002023811457531353, -0.07466173231768194, -0.00022553891808649456, 0.9972088922886314], "world_rotation": [-0.002865687823288976, 0.9999872889230934, -0.004148472675689535, 0.074732257279376]}, {"color": "CVPurple", "id_name": "object179754072655573", "shape": "CVCapsule", "id_string": "ob5861", "world_size": [0.04, 0.08, 0.04], "id": 5861, "camera_size": [19, 19], "camera_position": [218, 296], "world_position": [0.5994239726584062, 0.6399748864434184, -0.24557618750748902], "world_orientation": [0.9995863852520039, -6.811804329029321e-10, 0.028758623382087078, 6.605505989259795e-10, 1.0, 7.268445074281329e-10, -0.028758623382087078, -7.075473479210342e-10, 0.9995863852520039], "world_rotation": [-2.4938465174285914e-08, 0.9999999999999993, 2.3327455803476267e-08, 0.028762589035116845]}, {"color": "CVGreen", "id_name": "object191974171540017", "shape": "CVCapsule", "id_string": "ob5868", "world_size": [0.04, 0.08, 0.04], "id": 5868, "camera_size": [24, 33], "camera_position": [232, 273], "world_position": [0.6580282622603394, 0.6446687939499853, -0.20722119982458756], "world_orientation": [0.8650643405348354, 0.4309176074408715, 0.2568534647079252, -0.445851503730216, 0.8951069352251165, -0.00010551494847513279, -0.22995678584580967, -0.11442722625902516, 0.9664503538900127], "world_rotation": [-0.11326324279765572, 0.48230302864410474, -0.8686513836929537, 0.5290026899545212]}, {"color": "CVGreen", "id_name": "object112597141902413", "shape": "CVCapsule", "id_string": "ob5875", "world_size": [0.04, 0.08, 0.04], "id": 5875, "camera_size": [34, 27], "camera_position": [267, 281], "world_position": [0.6389306796175702, 0.6449041251927786, -0.12234362985626514], "world_orientation": [0.33803619412904545, 0.16572840745634487, -0.926426266046432, -0.47708201049398724, 0.8786964956199643, -0.016888571526607336, 0.8112485973619712, 0.4476902540229997, 0.376097260999142], "world_rotation": [-0.24321989852935214, 0.909720978899993, 0.33652907973696705, -1.2698595903574135]}, {"color": "CVYellow", "id_name": "object279509090124260", "shape": "CVCone", "id_string": "ob5882", "world_size": [0.04, 0.04, 0.04], "id": 5882, "camera_size": [18, 18], "camera_position": [276, 296], "world_position": [0.5973230753020812, 0.6199871507158313, -0.09845909194343379], "world_orientation": [0.9927165203172913, -5.046862287827544e-07, -0.12047369127271845, 1.3191715296632052e-08, 0.9999999999916748, -4.08048089071532e-06, 0.12047369127377483, 4.04917153641611e-06, 0.9927165203090333], "world_rotation": [-3.3740364126663655e-05, 0.9999999994284842, -2.1493404008382665e-06, -0.12076703537447696]}, {"color": "CVYellow", "id_name": "object141126879642429", "shape": "CVCone", "id_string": "ob5889", "world_size": [0.04, 0.04, 0.04], "id": 5889, "camera_size": [18, 18], "camera_position": [292, 295], "world_position": [0.5989279407055695, 0.6199874095576494, -0.05763085918982384], "world_orientation": [0.9951770377786734, -2.6681207428577806e-07, -0.09809517561019031, 1.3262975088636636e-07, 0.9999999999990468, -1.3743998197511865e-06, 0.09809517561046353, 1.3547608026391942e-06, 0.9951770377777599], "world_rotation": [-1.3910779022211945e-05, 0.9999999999011726, -2.035991182274909e-06, -0.09825318359741637]}, {"color": "CVBlue", "id_name": "object247592549326490", "shape": "CVCylinder", "id_string": "ob5896", "world_size": [0.04, 0.04, 0.04], "id": 5896, "camera_size": [19, 18], "camera_position": [217, 275], "world_position": [0.6508718602858047, 0.6199869494323388, -0.2486878966879073], "world_orientation": [0.9890228785884404, -0.00010870358695671032, 0.14776242354592578, 2.835487457316284e-05, 0.9999998506077215, 0.0005458759345524678, -0.14776246081003278, -0.0005356940031569654, 0.9890227339183354], "world_rotation": [-0.0036598020514216146, 0.999993195356949, 0.00046377660952192463, 0.14830651263055972]}, {"color": "CVBlue", "id_name": "object102725316769486", "shape": "CVCapsule", "id_string": "ob5903", "world_size": [0.04, 0.08, 0.04], "id": 5903, "camera_size": [19, 30], "camera_position": [235, 253], "world_position": [0.7060982913726198, 0.6446055633103688, -0.20227214208725122], "world_orientation": [0.8937356793477809, 0.43821237549690906, 0.09595024451306318, -0.44035905219757066, 0.8978207580369486, 0.001338501257455379, -0.0855595734469138, -0.0434488250625374, 0.9953852314517568], "world_rotation": [-0.04986106709162024, 0.2020721921739321, -0.9781005588069697, 0.4657815353079218]}, {"color": "CVBlue", "id_name": "object51134000544910", "shape": "CVCone", "id_string": "ob5910", "world_size": [0.04, 0.04, 0.04], "id": 5910, "camera_size": [21, 21], "camera_position": [259, 266], "world_position": [0.6749355514142222, 0.6199798102625176, -0.1421764637655577], "world_orientation": [0.9379054545480915, -0.00012516857794637765, 0.34689096653237456, -3.102315472760095e-05, 0.9999999006359647, 0.00044470847162009236, -0.3468909877274153, -0.0004278561533445706, 0.9379053574708965], "world_rotation": [-0.001257691874899042, 0.9999991998981775, 0.00013569875566062773, 0.3542545015196517]}, {"color": "CVBlue", "id_name": "object84333162294123", "shape": "CVCone", "id_string": "ob5917", "world_size": [0.04, 0.04, 0.04], "id": 5917, "camera_size": [20, 19], "camera_position": [280, 270], "world_position": [0.6644879822362221, 0.6199436410444406, -0.08700502364746605], "world_orientation": [0.9701420588402899, -0.00051780829562864, 0.2425368374983329, 0.000876144397967677, 0.9999986782912049, -0.0013695936760582594, -0.2425358077482945, 0.0015411977201407621, 0.9701412302698356], "world_rotation": [0.006000600118241983, 0.9999778672644691, 0.0028736352281858524, 0.24498491551021678]}, {"color": "CVRed", "id_name": "object259601444033747", "shape": "CVCone", "id_string": "ob5924", "world_size": [0.04, 0.04, 0.04], "id": 5924, "camera_size": [19, 18], "camera_position": [298, 276], "world_position": [0.6478408514575941, 0.6199851902325215, -0.04287723386857233], "world_orientation": [0.9871228183394188, 0.0008356485724536276, -0.15996200550476405, -0.0009801898738454767, 0.9999991795524527, -0.0008246952363095472, 0.15996118510893206, 0.0009708686239327573, 0.9871228275511924], "world_rotation": [-0.005612305431977408, 0.9999681438534265, 0.00567567670602517, -0.16065690955652548]}, {"color": "CVGreen", "id_name": "object147179670732769", "shape": "CVSphere", "id_string": "ob5931", "world_size": [0.04, 0.04, 0.04], "id": 5931, "camera_size": [18, 17], "camera_position": [218, 259], "world_position": [0.6926273174434093, 0.6199832081980841, -0.24435537813000813], "world_orientation": [0.9955175598350806, 0.0006097503449550748, 0.09457492407886736, -0.0006059725691574137, 0.999999814041229, -6.866405926640295e-05, -0.09457494835976452, 1.1046467007322034e-05, 0.9955177442018417], "world_rotation": [0.00042140590311519425, 0.9999792567597177, -0.006427166354417645, 0.09471846369429913]}, {"color": "CVRed", "id_name": "object127319844597966", "shape": "CVCone", "id_string": "ob5938", "world_size": [0.04, 0.04, 0.04], "id": 5938, "camera_size": [18, 17], "camera_position": [235, 238], "world_position": [0.746377168815763, 0.6199542495837012, -0.20178220192837418], "world_orientation": [0.9963900330660117, -0.0004920958148165953, 0.08489204820489026, 0.0005426518614107739, 0.9999996889095925, -0.0005724593225364774, -0.08489174009095159, 0.0006164595912884246, 0.99638999013534], "world_rotation": [0.00700224502806855, 0.9999569134756757, 0.00609423963814211, 0.08499786147920925]}, {"color": "CVRed", "id_name": "object142767584685937", "shape": "CVCone", "id_string": "ob5945", "world_size": [0.04, 0.04, 0.04], "id": 5945, "camera_size": [17, 17], "camera_position": [256, 248], "world_position": [0.7191485624779915, 0.6199789648871182, -0.14930365927659617], "world_orientation": [0.9969050909748253, -0.00021646675715155297, 0.07861420183795298, 0.00020760913384127087, 0.999999971147443, 0.00012084519367479334, -0.0786142257286994, -0.00010415016244303999, 0.9969051071520404], "world_rotation": [-0.0014310027189760165, 0.9999953387054373, 0.0026971834598447874, 0.07869578258774049]}, {"color": "CVRed", "id_name": "object251914125620449", "shape": "CVCylinder", "id_string": "ob5952", "world_size": [0.04, 0.04, 0.04], "id": 5952, "camera_size": [16, 17], "camera_position": [273, 254], "world_position": [0.7051876210977036, 0.6199691458779816, -0.10497731052237587], "world_orientation": [0.9997314869625733, -0.0004023075593976939, 0.023168774767559717, 0.00041184164782883775, 0.9999998324761944, -0.00040673583605444435, -0.02316860725333687, 0.0004161684885581215, 0.9997314851707582], "world_rotation": [0.017753434201041793, 0.9996881024338253, 0.01756455027397222, 0.023177994745826175]}, {"color": "CVBlue", "id_name": "object129295404045677", "shape": "CVSphere", "id_string": "ob5959", "world_size": [0.04, 0.04, 0.04], "id": 5959, "camera_size": [20, 19], "camera_position": [293, 258], "world_position": [0.6953208108258007, 0.6199744412374271, -0.053463135835870326], "world_orientation": [0.9710401787056376, -4.945986486484874e-05, 0.23891623823642694, 0.0001460571372940161, 0.9999999145998753, -0.0003866103398415313, -0.23891619871125525, 0.00041030959529903547, 0.9710401030026515], "world_rotation": [0.0016677786991774251, 0.9999985255442478, 0.00040917421832353226, 0.2412499566149705]}, {"color": "CVRed", "id_name": "object105460265825666", "shape": "CVCylinder", "id_string": "ob5966", "world_size": [0.04, 0.04, 0.04], "id": 5966, "camera_size": [17, 16], "camera_position": [219, 242], "world_position": [0.7351408567521234, 0.6199775339343161, -0.244474831243361], "world_orientation": [0.9998223041352524, 1.3184298005616479e-05, 0.01885099413423939, -4.782832085206112e-06, 0.9999999006542304, -0.00044572262026369106, -0.018850998138012717, 0.0004455532560576626, 0.9998222048701942], "world_rotation": [0.02363341512781595, 0.9997205783168525, -0.00047642335596973276, 0.018857382582521807]}, {"color": "CVPurple", "id_name": "object6640843630855", "shape": "CVSphere", "id_string": "ob5973", "world_size": [0.04, 0.04, 0.04], "id": 5973, "camera_size": [17, 17], "camera_position": [236, 222], "world_position": [0.786619743269178, 0.6199356476725562, -0.20030410935848403], "world_orientation": [0.9965120523117346, -0.00020540863577943563, 0.08344871122280784, 0.0001171638347505776, 0.9999994288219396, 0.001062369253298771, -0.08344888177855385, -0.0010488865939057854, 0.9965115071923767], "world_rotation": [-0.012648972119322841, 0.9999181309321319, 0.0019325986434082332, 0.08355280970458756]}, {"color": "CVRed", "id_name": "object11581587170423", "shape": "CVCone", "id_string": "ob5980", "world_size": [0.04, 0.04, 0.04], "id": 5980, "camera_size": [16, 17], "camera_position": [257, 217], "world_position": [0.799820529677691, 0.619981506414802, -0.146368419200146], "world_orientation": [0.998440764918661, 0.0005850241754766316, 0.055818426127522316, -0.0005961080488083163, 0.9999998057800493, 0.00018192047102656006, -0.05581830885859679, -0.00021491062733255097, 0.9984409197391646], "world_rotation": [-0.003554442747747428, 0.9999377183249984, -0.010579480504678626, 0.05585087577135831]}, {"color": "CVPurple", "id_name": "object230538014420412", "shape": "CVCylinder", "id_string": "ob5987", "world_size": [0.04, 0.04, 0.04], "id": 5987, "camera_size": [16, 17], "camera_position": [273, 238], "world_position": [0.7453988855795662, 0.6199773095082823, -0.10590808601355253], "world_orientation": [0.9999338673950263, -0.0004235666815891361, 0.011492668432197824, 0.00042489683928198947, 0.9999999033130879, -0.00011329824044449098, -0.011492619331647462, 0.00011817394622847214, 0.9999339506866524], "world_rotation": [0.010063086279806122, 0.9992687988062462, 0.03688633929854135, 0.011501307029873129]}, {"color": "CVPurple", "id_name": "object62974851871284", "shape": "CVBox", "id_string": "ob5994", "world_size": [0.04, 0.04, 0.04], "id": 5994, "camera_size": [18, 17], "camera_position": [289, 241], "world_position": [0.7371860025864797, 0.6199758783277604, -0.0644666251203108], "world_orientation": [0.9983164133496787, 0.0005662388649959586, 0.0580001569841115, -0.0005545467472688036, 0.9999998225460054, -0.00021768294092627997, -0.05800026995229335, 0.00018515265443631425, 0.998316550200364], "world_rotation": [0.003472524850017681, 0.9999472980701991, -0.009661400171522828, 0.05803584385966795]}, {"color": "CVGreen", "id_name": "object261913067309639", "shape": "CVCapsule", "id_string": "ob6001", "world_size": [0.04, 0.08, 0.04], "id": 6001, "camera_size": [17, 33], "camera_position": [215, 191], "world_position": [0.8659428204638152, 0.6199745737380928, -0.2547763406531094], "world_orientation": [-4.933522849263765e-06, 0.9995597841904289, -0.029668801877453806, -0.9999999999663038, -4.736679809409046e-06, 6.704962399461946e-06, 6.561479154192433e-06, 0.029668801909533155, 0.999559784180116], "world_rotation": [-0.014831048848787628, 0.014837682053692595, 0.9997799173724777, -1.571021269808065]}, {"color": "CVYellow", "id_name": "object262948779133563", "shape": "CVCone", "id_string": "ob6008", "world_size": [0.04, 0.04, 0.04], "id": 6008, "camera_size": [17, 17], "camera_position": [237, 206], "world_position": [0.82768909712574, 0.6199777941311757, -0.19771380216971685], "world_orientation": [0.9994982118167977, 0.0006420448688815954, 0.031668791473789544, -0.0006523376982308111, 0.9999997377147152, 0.00031468401337499563, -0.03166858112627544, -0.00033518485519140335, 0.9994983684931964], "world_rotation": [-0.010257751370999659, 0.9997386427465885, -0.020430974916039926, 0.031682265301783204]}, {"color": "CVRed", "id_name": "object17597328597049", "shape": "CVBox", "id_string": "ob6015", "world_size": [0.04, 0.04, 0.04], "id": 6015, "camera_size": [16, 18], "camera_position": [255, 201], "world_position": [0.8398058255935448, 0.6199802650439107, -0.15077090589398004], "world_orientation": [0.9989448196182869, 0.0005046535840727963, 0.04592377034334979, -0.00048199286753845724, 0.9999997565742417, -0.0005045139572248621, -0.045924013769097896, 0.0004818466742389283, 0.9989448196888145], "world_rotation": [0.01073784057926329, 0.9998846587119289, -0.01074095210975214, 0.045945352800597215]}, {"color": "CVBlue", "id_name": "object186556357106582", "shape": "CVCone", "id_string": "ob6022", "world_size": [0.04, 0.04, 0.04], "id": 6022, "camera_size": [16, 17], "camera_position": [273, 222], "world_position": [0.7859030112364126, 0.6199807205598877, -0.10549673075442091], "world_orientation": [0.9992613956526142, -1.891480836497341e-05, 0.03842737046195137, 2.963296090461368e-05, 0.9999999608215262, -0.00027835019982785935, -0.03842736369148496, 0.0002792833259267368, 0.9992613570635795], "world_rotation": [0.007255489761870018, 0.9999734790818453, 0.0006316654695760351, 0.03843785065165302]}, {"color": "CVPurple", "id_name": "object190222696783163", "shape": "CVCone", "id_string": "ob6029", "world_size": [0.04, 0.04, 0.04], "id": 6029, "camera_size": [16, 16], "camera_position": [289, 224], "world_position": [0.7798532422530343, 0.6199849218317026, -0.06480580034901286], "world_orientation": [0.9999125159834257, 0.00011154929439861519, 0.013226788591737643, -0.00011565175959974445, 0.9999999454484996, 0.00030939888223619334, -0.013226753356969477, -0.00031090151615373963, 0.9999124743375698], "world_rotation": [-0.02344136292211134, 0.99968834294562, -0.008586005066070903, 0.01323128053219643]}, {"color": "CVYellow", "id_name": "object172878328908742", "shape": "CVSphere", "id_string": "ob6036", "world_size": [0.04, 0.04, 0.04], "id": 6036, "camera_size": [20, 24], "camera_position": [229, 246], "world_position": [0.7223472875404204, 0.7032466261663428, -0.21444792937126014], "world_orientation": [0.9044760820516037, 0.4018883340729694, 0.14285931517627407, -0.4034889130063536, 0.9147897172089446, -0.018880422922442387, -0.13827405424566072, -0.04056525884093893, 0.9895629063872775], "world_rotation": [-0.02541259874899528, 0.32946200464347436, -0.9438267782390612, 0.44079125611171094]}, {"color": "CVBlue", "id_name": "object218722752661063", "shape": "CVCylinder", "id_string": "ob6043", "world_size": [0.04, 0.04, 0.04], "id": 6043, "camera_size": [19, 19], "camera_position": [258, 256], "world_position": [0.699762787296705, 0.6599735467858427, -0.1459976952230284], "world_orientation": [0.9851696326486303, 2.13689663691074e-05, -0.17158319979045253, 3.8324152015334695e-05, 0.9999999398967009, 0.0003445835951275304, 0.17158319684113144, -0.0003460490744605803, 0.9851695726177375], "world_rotation": [0.0020125259259111718, 0.9999979736470724, -4.9407959099328436e-05, -0.17243682908750277]}, {"color": "CVPurple", "id_name": "object120662761844616", "shape": "CVBox", "id_string": "ob6050", "world_size": [0.04, 0.04, 0.04], "id": 6050, "camera_size": [22, 21], "camera_position": [287, 268], "world_position": [0.6712014389229612, 0.659963679131311, -0.07210205878226261], "world_orientation": [0.9463692023507259, 0.00048437620733879534, 0.3230868276821896, -0.0007205963479030755, 0.9999995533917259, 0.0006115204429313786, -0.32308638718298627, -0.0008115393018815072, 0.9463691287341357], "world_rotation": [-0.002202279182819881, 0.9999958362819744, -0.0018647748163429195, 0.3289906257257684]}, {"color": "CVBlue", "id_name": "object116164338664300", "shape": "CVCapsule", "id_string": "ob6057", "world_size": [0.04, 0.08, 0.04], "id": 6057, "camera_size": [21, 24], "camera_position": [233, 228], "world_position": [0.7662299905443093, 0.6822295569665953, -0.20615418511410663], "world_orientation": [0.9795716308183418, 0.13858146199923072, 0.14572096103872684, -0.13966722527616426, 0.9901945291724409, -0.0028036727029493455, -0.1446806354684398, -0.017606044050946016, 0.9893217580409948], "world_rotation": [-0.03677967876215635, 0.7215652938605994, -0.6913687741907494, 0.20261374850958636]}, {"color": "CVPurple", "id_name": "object258832343936817", "shape": "CVSphere", "id_string": "ob6064", "world_size": [0.04, 0.04, 0.04], "id": 6064, "camera_size": [18, 19], "camera_position": [256, 236], "world_position": [0.7499139482715974, 0.6599728170034337, -0.1484617968649755], "world_orientation": [-0.12536262769601472, 0.0004899493257311445, -0.9921108665501093, 0.0002001679234204488, 0.9999998701958315, 0.00046855215575824827, 0.992110967336796, -0.00013984984250171097, -0.12536270949556216], "world_rotation": [0.0003066199316939813, 0.9999999423278519, 0.00014604283686906372, -1.6964897673925183]}, {"color": "CVBlue", "id_name": "object85111659848479", "shape": "CVBox", "id_string": "ob6071", "world_size": [0.04, 0.04, 0.04], "id": 6071, "camera_size": [17, 16], "camera_position": [278, 251], "world_position": [0.7111727321726202, 0.6599632707254417, -0.0965508747408736], "world_orientation": [0.9998293935377041, -0.0010327712106034395, -0.0184422667167973, 0.0010376483971745365, 0.9999994291583212, 0.0002548898500377376, 0.018441992946283813, -0.00027398295268109567, 0.9998298944468058], "world_rotation": [0.014314709181736576, 0.9983259637220546, -0.05603890844291177, -0.01847410522261885]}, {"color": "CVGreen", "id_name": "object208710496249747", "shape": "CVCone", "id_string": "ob6078", "world_size": [0.04, 0.04, 0.04], "id": 6078, "camera_size": [21, 20], "camera_position": [228, 214], "world_position": [0.8036694441283775, 0.6604592020530071, -0.21987505938200694], "world_orientation": [0.9842472937787722, 0.0322565297260893, 0.17382974710674132, -0.0562287665395601, 0.9892760248524554, 0.13480086225823523, -0.16761739319832944, -0.14245161614440877, 0.9755059951405951], "world_rotation": [-0.6179737361502134, 0.7610585348337087, -0.19722669186830402, 0.22624913404459515]}, {"color": "CVRed", "id_name": "object100829692501526", "shape": "CVBox", "id_string": "ob6085", "world_size": [0.04, 0.04, 0.04], "id": 6085, "camera_size": [18, 19], "camera_position": [257, 215], "world_position": [0.8024820132080639, 0.6599824949713456, -0.14665037132772227], "world_orientation": [0.9924081134773932, 3.770123088369226e-05, 0.12298835263088423, -1.7173498997489057e-05, 0.9999999857459068, -0.00016796802430870157, -0.12298835721039805, 0.00016458068977811416, 0.9924080999789775], "world_rotation": [0.0013519507684876624, 0.9999990612297863, -0.00022308891927950249, 0.12330065736070833]}, {"color": "CVRed", "id_name": "object198575770960957", "shape": "CVBox", "id_string": "ob6092", "world_size": [0.04, 0.04, 0.04], "id": 6092, "camera_size": [17, 17], "camera_position": [274, 234], "world_position": [0.7549186976248199, 0.6599704779884583, -0.10452089831056588], "world_orientation": [0.9991971214705079, -0.00039551964097702297, -0.0400619022172534, 0.00039274229292154495, 0.9999999198970886, -7.719655225161752e-05, 0.04006192954093102, 6.140056946166047e-05, 0.9991971967692003], "world_rotation": [-0.001729700198144344, 0.9999501140790165, -0.009837555112252911, -0.04007464013333931]}, {"color": "CVGreen", "id_name": "object274325381006237", "shape": "CVCylinder", "id_string": "ob6099", "world_size": [0.04, 0.04, 0.04], "id": 6099, "camera_size": [23, 23], "camera_position": [268, 227], "world_position": [0.7691698105415935, 0.6999673074974351, -0.12097224965754343], "world_orientation": [0.00010243853966185326, -0.43786166317068503, -0.8990423535249867, -0.9999999932844745, -9.3579988069914e-05, -6.836546634042541e-05, -5.4197755921692195e-05, 0.8990423544907034, -0.4378616698164114], "world_rotation": [-0.646762028906505, 0.6466738641664692, 0.4043659127186017, -2.373052860878024]}, {"color": "CVPurple", "id_name": "object213167589599318", "shape": "CVCapsule", "id_string": "ob6106", "world_size": [0.04, 0.08, 0.04], "id": 6106, "camera_size": [20, 19], "camera_position": [280, 258], "world_position": [0.6958541673351557, 0.7199397692352344, -0.09198957089639247], "world_orientation": [0.994328135344263, -0.00044558915576395466, -0.10635488100273197, 0.0004974549658733421, 0.999999769944525, 0.000461139300034518, 0.10635465105653788, -0.0005114305440369583, 0.9943281282541699], "world_rotation": [0.00457219810863091, 0.9999797198088786, -0.004433393216527351, -0.1065584651946626]}, {"color": "CVPurple", "id_name": "object246586135282601", "shape": "CVCapsule", "id_string": "ob6113", "world_size": [0.04, 0.08, 0.04], "id": 6113, "camera_size": [33, 36], "camera_position": [268, 148], "world_position": [0.97386113397535, 0.6199748863818305, -0.1195868693895029], "world_orientation": [-2.2904703134152276e-10, -0.7194505342723734, -0.694543683820677, 1.0, 1.6770937416588086e-10, -5.035041827916588e-10, 4.78727779640309e-10, -0.694543683820677, 0.7194505342723735], "world_rotation": [0.35073973891043564, 0.350739739406456, -0.8683105842670183, -1.7115352124638221]}, {"color": "CVBlue", "id_name": "object244443030946540", "shape": "CVCone", "id_string": "ob6120", "world_size": [0.04, 0.04, 0.04], "id": 6120, "camera_size": [18, 17], "camera_position": [307, 238], "world_position": [0.7457417679769379, 0.6199874431859547, -0.019248612451706764], "world_orientation": [-5.881499731685835e-10, 0.08433250199850047, -0.9964376694538767, 1.0, -7.79030173703177e-11, -5.968457950089602e-10, -1.2795886572547488e-10, -0.9964376694538767, -0.08433250199850052], "world_rotation": [0.5929262016990078, 0.592926201978017, -0.5448642384546, -2.1438093365914668]}], "source": "manual check"}
