{"timestamp": 1721661394.577068, "objects": [{"color": "cv_", "id_name": "hand", "shape": "CVBox", "id_string": "ob383", "world_size": [0.005, 0.09, 0.5], "id": 383, "camera_size": [3, 208], "camera_position": [246, 271], "world_position": [0.663137416732793, 0.6656709620702843, -0.17409621428938732], "world_orientation": [3.0643043089509386e-07, -0.0016612162946728498, 0.9999986201792124, -0.0007638986179190853, -0.9999983284094589, -0.0016612155758970895, 0.9999997082293614, -0.0007638970548292429, -1.5754307498712198e-06], "world_rotation": [0.0, 1.0, 0.0, 0.0]}, {"color": "CVBlue", "id_name": "object27602255646220", "shape": "CVSphere", "id_string": "ob10768", "world_size": [0.04, 0.04, 0.04], "id": 10768, "camera_size": [15, 16], "camera_position": [257, 241], "world_position": [0.7362664559646611, 0.6199638047990614, -0.14742179500764804], "world_orientation": [0.9999900028123885, 0.0001678616001708824, 0.004468343962016408, -0.000169427326945814, 0.9999999243873741, 0.00035002803810683497, -0.004468284867886606, -0.000350781598384229, 0.9999899556408602], "world_rotation": [-0.07812460473836705, 0.9962342962710828, -0.037600173772661574, 0.004485219404078942]}, {"color": "CVRed", "id_name": "object233318780611964", "shape": "CVBox", "id_string": "ob10775", "world_size": [0.04, 0.04, 0.04], "id": 10775, "camera_size": [17, 17], "camera_position": [219, 295], "world_position": [0.5999999999930055, 0.6199874431539312, -0.24500000000000344], "world_orientation": [1.0, -1.031858880214538e-13, -1.7473739576969165e-10, 1.031858880214538e-13, 1.0, 3.461037572931113e-14, 1.7473739576969165e-10, -3.461037572931113e-14, 1.0], "world_rotation": [0.0001980707613466902, 0.9999998060272319, -0.0005905196626725688, -1.7473742966399457e-10]}, {"color": "CVRed", "id_name": "object61540859432057", "shape": "CVSphere", "id_string": "ob10782", "world_size": [0.04, 0.04, 0.04], "id": 10782, "camera_size": [16, 17], "camera_position": [236, 295], "world_position": [0.5998944729227143, 0.6199874407970182, -0.19990241888851856], "world_orientation": [0.9999878879874384, -0.000278014699155012, -0.004913917607128567, 0.00027801743537278267, 0.9999999613531443, -1.2625130385502158e-07, 0.004913917452320819, -1.239904996072819e-06, 0.9999879266339843], "world_rotation": [0.00011313534974259764, 0.9984033316938165, -0.05648694064188711, -0.004921795844398937]}, {"color": "CVBlue", "id_name": "object96793867226206", "shape": "CVSphere", "id_string": "ob10789", "world_size": [0.04, 0.04, 0.04], "id": 10789, "camera_size": [16, 17], "camera_position": [255, 290], "world_position": [0.6139133703138371, 0.6199874394222739, -0.15132652619482706], "world_orientation": [0.9998925410866669, 5.661345169123452e-07, 0.014659682088230291, -1.409422695987581e-07, 0.9999999995793385, -2.900522603555245e-05, -0.014659682098484388, 2.9000042996616562e-05, 0.9998925406661304], "world_rotation": [0.001978390633870107, 0.9999980426925357, -2.4116327968149614e-05, 0.014660235917076408]}, {"color": "CVGreen", "id_name": "object149458495351858", "shape": "CVCylinder", "id_string": "ob10796", "world_size": [0.04, 0.04, 0.04], "id": 10796, "camera_size": [16, 17], "camera_position": [271, 295], "world_position": [0.5995886656286367, 0.6199874430010028, -0.11042565738393809], "world_orientation": [0.999763353242148, -4.7792319154086015e-08, 0.02175402293861289, 4.821477394927674e-08, 0.9999999999999987, -1.8895122360358528e-08, -0.021754022938611957, 1.993951618938532e-08, 0.9997633532421492], "world_rotation": [8.925852165188275e-07, 0.9999999999971668, 2.2066514633641032e-06, 0.021755739107458358]}, {"color": "CVYellow", "id_name": "object223843332941644", "shape": "CVCone", "id_string": "ob10803", "world_size": [0.04, 0.04, 0.04], "id": 10803, "camera_size": [16, 17], "camera_position": [289, 295], "world_position": [0.6, 0.6199874431539305, -0.065], "world_orientation": [1.0, 2.049142105997599e-16, 5.802954297681148e-18, -2.049142105997599e-16, 1.0, 6.179952383167331e-17, -5.802954297681148e-18, -6.179952383167331e-17, 1.0], "world_rotation": [-0.28863572672225335, 0.027102796704540077, -0.9570553043948448, 2.1410905896324258e-16]}, {"color": "CVYellow", "id_name": "object176132558945380", "shape": "CVSphere", "id_string": "ob10810", "world_size": [0.04, 0.04, 0.04], "id": 10810, "camera_size": [17, 16], "camera_position": [219, 277], "world_position": [0.6450045292123867, 0.6199851477487558, -0.24497765797563767], "world_orientation": [0.9999999743832767, 0.0002263313778799861, -2.7483297796237548e-06, -0.00022633180137009485, 0.9999999623620599, -0.00015507996160648983, 2.713230214807838e-06, 0.00015508057966827886, 0.999999987971326], "world_rotation": [-0.5652064673099625, 0.009952616853732634, 0.824889443943099, -0.00027437809287869343]}, {"color": "CVGreen", "id_name": "object277534274470996", "shape": "CVCone", "id_string": "ob10817", "world_size": [0.04, 0.04, 0.04], "id": 10817, "camera_size": [16, 16], "camera_position": [236, 278], "world_position": [0.6432567997259478, 0.6199874428651022, -0.2001594821582159], "world_orientation": [0.9999998652372163, -6.80547269190823e-09, -0.0005191585010621938, 6.801953198645143e-09, 1.0, -6.780992523081109e-09, 0.00051915850106224, 6.7774603174295404e-09, 0.9999998652372163], "world_rotation": [-1.3058105386360133e-05, 0.9999999998288689, -1.3105271184410384e-05, -0.000519158524472144]}, {"color": "CVBlue", "id_name": "object72705990269502", "shape": "CVCone", "id_string": "ob10824", "world_size": [0.04, 0.04, 0.04], "id": 10824, "camera_size": [16, 16], "camera_position": [255, 273], "world_position": [0.6550163562113753, 0.6199846531178981, -0.15116970654892856], "world_orientation": [0.9998281890267315, 0.0001346957501320545, -0.018535756919565716, -0.00013723492352543947, 0.9999999813738812, -0.00013571592718780205, 0.01853573829395789, 0.0001382363628856067, 0.999828188888774], "world_rotation": [-0.007389435987069349, 0.9999457962255969, 0.007334906035551849, -0.018537814105469657]}, {"color": "CVPurple", "id_name": "object174516388632864", "shape": "CVCylinder", "id_string": "ob10831", "world_size": [0.04, 0.04, 0.04], "id": 10831, "camera_size": [16, 16], "camera_position": [271, 277], "world_position": [0.6450362578387492, 0.6199944098416642, -0.10996210588599312], "world_orientation": [0.9999986406855902, 0.0016467821273491172, -8.207068293594157e-05, -0.0016469076019539823, 0.9999974379531, -0.0015529914960624406, 7.951303402736988e-05, 0.0015531245478903465, 0.999998790740177], "world_rotation": [-0.6856507997027979, 0.03566834052144932, 0.7270562222767645, -0.002265087929127086]}, {"color": "CVPurple", "id_name": "object133422751364601", "shape": "CVSphere", "id_string": "ob10838", "world_size": [0.04, 0.04, 0.04], "id": 10838, "camera_size": [16, 16], "camera_position": [289, 277], "world_position": [0.6450015318988304, 0.6199797595554486, -0.06497042984793641], "world_orientation": [0.9999999961888592, 8.726019671717117e-05, 2.8178223725965105e-06, -8.726131398825532e-05, 0.9999999166057658, 0.0003989660694917049, -2.7830082799078833e-06, -0.0003989663138580717, 0.9999999204090645], "world_rotation": [-0.9768837467011464, 0.006856922399223804, -0.21366124600952252, 0.0004084070434308878]}, {"color": "CVPurple", "id_name": "object25709679985156", "shape": "CVCapsule", "id_string": "ob10845", "world_size": [0.04, 0.08, 0.04], "id": 10845, "camera_size": [20, 19], "camera_position": [218, 259], "world_position": [0.6930576378037079, 0.6402197556311287, -0.24327998551861588], "world_orientation": [0.9915224724485445, 0.013764336710668503, 0.12920421689883335, -0.01402987767109652, 0.9999009206041618, 0.0011452106722570196, -0.1291756523577857, -0.0029482214749111868, 0.9916173449612887], "world_rotation": [-0.015749861792567266, 0.9941406341836033, -0.10694083092317015, 0.130319930857935]}, {"color": "CVRed", "id_name": "object248265360918290", "shape": "CVCylinder", "id_string": "ob10852", "world_size": [0.04, 0.04, 0.04], "id": 10852, "camera_size": [17, 17], "camera_position": [237, 260], "world_position": [0.6896016927975089, 0.6199776667884104, -0.19818157346620932], "world_orientation": [0.9977245111727484, 0.00039170505375307985, 0.06742140885691643, -0.0004408730515087222, 0.9999996476414869, 0.0007143863483411352, -0.06742110527166609, -0.0007424850524469103, 0.9977243323082252], "world_rotation": [-0.010803407375125243, 0.9999225812444209, -0.0061739700826632885, 0.06747767244600196]}, {"color": "CVGreen", "id_name": "object185196975668635", "shape": "CVCone", "id_string": "ob10859", "world_size": [0.04, 0.04, 0.04], "id": 10859, "camera_size": [16, 16], "camera_position": [255, 257], "world_position": [0.6962025652098716, 0.6199742811887949, -0.15135955931853284], "world_orientation": [0.999963612468979, 7.525578478852533e-05, 0.008530420538079552, -7.269837289822218e-05, 0.9999999523248493, -0.0003001087232859168, -0.008530442716307958, 0.0002994776553771835, 0.9999635702665362], "world_rotation": [0.035120962817415925, 0.9993454910139655, -0.008666461840551717, 0.0085361221922818]}, {"color": "CVBlue", "id_name": "object186959046524584", "shape": "CVCylinder", "id_string": "ob10866", "world_size": [0.04, 0.04, 0.04], "id": 10866, "camera_size": [16, 16], "camera_position": [272, 259], "world_position": [0.6900440621885175, 0.6199564217809623, -0.10714738252762546], "world_orientation": [0.9999811407158437, 0.0009006334601821263, 0.006075119094349155, -0.0009000187911025421, 0.999999589584231, -0.00010391123955477374, -0.00607521018696371, 9.844155852007676e-05, 0.9999815408948526], "world_rotation": [0.016471939604864212, 0.9890621330917645, -0.14657684704489476, 0.00614238745891959]}, {"color": "CVRed", "id_name": "object28212877981857", "shape": "CVCapsule", "id_string": "ob10873", "world_size": [0.04, 0.08, 0.04], "id": 10873, "camera_size": [19, 18], "camera_position": [291, 259], "world_position": [0.691583955423179, 0.6399815713103677, -0.06313202645354551], "world_orientation": [0.996762401176504, 0.00037856946898284197, -0.08040256392682563, -0.0004984809870370359, 0.9999987933628212, -0.0014713224008713014, 0.0804019099123627, 0.0015066379986238092, 0.9967613871556148], "world_rotation": [-0.018515688844796905, 0.9998136989875657, 0.005453126021287763, -0.0805041473480021]}, {"color": "CVGreen", "id_name": "object248198445287849", "shape": "CVSphere", "id_string": "ob10880", "world_size": [0.04, 0.04, 0.04], "id": 10880, "camera_size": [17, 16], "camera_position": [219, 240], "world_position": [0.7392521161512401, 0.6201200810954289, -0.24438780228978502], "world_orientation": [0.9994503321659864, 0.007705797731354798, 0.03224366937280805, -0.007734393365878013, 0.9999697986281546, 0.0007622275446652778, -0.032236821998475204, -0.001011193795190373, 0.9994797470657159], "world_rotation": [-0.026737525529756688, 0.9721597149334361, -0.23278873123303404, 0.033169609745467926]}, {"color": "CVRed", "id_name": "object142064812581835", "shape": "CVBox", "id_string": "ob10887", "world_size": [0.04, 0.04, 0.04], "id": 10887, "camera_size": [16, 16], "camera_position": [236, 242], "world_position": [0.7350190352342482, 0.6199667237893037, -0.19997571060005595], "world_orientation": [0.9999994986467292, 0.001000096078730872, 5.0141036439994075e-05, -0.0010001209503888151, 0.9999993756340525, 0.0004984873019195308, -4.9642469937708285e-05, -0.0004985371991023077, 0.9999998744981353], "world_rotation": [-0.4456653569780727, 0.04460276747940065, -0.894087793632586, 0.0011185799987896428]}, {"color": "CVRed", "id_name": "object62007102544186", "shape": "CVSphere", "id_string": "ob10894", "world_size": [0.04, 0.04, 0.04], "id": 10894, "camera_size": [16, 17], "camera_position": [255, 226], "world_position": [0.7762975250197516, 0.6199799894437193, -0.1516865634001072], "world_orientation": [0.9999997836737052, 0.0003977480662749343, 0.0005238788203953007, -0.0003972662423891676, 0.9999994983429924, -0.0009195070941291515, -0.000524244289756419, 0.0009192987758451523, 0.9999994400286859], "world_rotation": [0.8132952570680327, 0.46357996144622987, -0.3516311194649225, 0.0011304666083109397]}, {"color": "CVPurple", "id_name": "object275450116276697", "shape": "CVBox", "id_string": "ob10901", "world_size": [0.04, 0.04, 0.04], "id": 10901, "camera_size": [16, 16], "camera_position": [272, 241], "world_position": [0.7362542664722338, 0.6199680260866093, -0.10740649482898555], "world_orientation": [0.9999955133967893, 0.0004009083192995747, 0.0029685785843965268, -0.0004015133070914518, 0.9999998987476004, 0.00020320397010424886, -0.002968496817658693, -0.00020439498221344195, 0.9999955731148688], "world_rotation": [-0.06787767094376541, 0.9887043335551208, -0.13362770145659958, 0.003002456912938957]}, {"color": "CVBlue", "id_name": "object3727233391613", "shape": "CVBox", "id_string": "ob10908", "world_size": [0.04, 0.04, 0.04], "id": 10908, "camera_size": [17, 16], "camera_position": [290, 242], "world_position": [0.7344430118929599, 0.619980230332614, -0.0634682647592708], "world_orientation": [0.9995896826408329, 7.521843370951204e-05, 0.02864368517119334, -8.022869991640925e-05, 0.9999999816840645, 0.00017376773716669107, -0.02864367157602043, -0.00017599448286976843, 0.9995896703670899], "world_rotation": [-0.006105263598737729, 0.9999776813522275, -0.0027134026263772215, 0.028648236218845147]}, {"color": "CVGreen", "id_name": "object76629811458617", "shape": "CVBox", "id_string": "ob10915", "world_size": [0.04, 0.04, 0.04], "id": 10915, "camera_size": [17, 16], "camera_position": [219, 224], "world_position": [0.7800076407850599, 0.619981028514553, -0.24499479065171426], "world_orientation": [0.9999999371593431, 0.00035437346517006046, 1.00377973431573e-05, -0.0003543707557681885, 0.9999999011248623, -0.00026864778650030136, -1.01329979976946e-05, 0.0002686442125164667, 0.9999999638638041], "world_rotation": [0.603962781084467, 0.022673722432197112, -0.7966899405513942, 0.00044480556878802763]}, {"color": "CVGreen", "id_name": "object182113769177688", "shape": "CVCapsule", "id_string": "ob10922", "world_size": [0.04, 0.08, 0.04], "id": 10922, "camera_size": [18, 34], "camera_position": [234, 198], "world_position": [0.8464416687047251, 0.6199748863707679, -0.204799014954259], "world_orientation": [-5.603328972689227e-10, 0.9969693854954013, 0.07779488662452223, -1.0, -5.616206091765137e-10, -5.326093732715978e-12, 3.838124262856014e-11, -0.07779488662452223, 0.9969693854954012], "world_rotation": [-0.03889748796700829, 0.038897487950480696, -0.9984858390888668, 1.572311635188071]}, {"color": "CVPurple", "id_name": "object155758260316768", "shape": "CVCylinder", "id_string": "ob10929", "world_size": [0.04, 0.04, 0.04], "id": 10929, "camera_size": [17, 18], "camera_position": [275, 175], "world_position": [0.9054817684488151, 0.6199874416040445, -0.10168438490818694], "world_orientation": [-0.04515194912447506, 7.751860051662691e-08, -0.998980130678411, -1.4147853268764535e-08, -0.999999999999997, -7.695828475928299e-08, -0.9989801306784138, 1.0658607749091348e-08, 0.0451519491244765], "world_rotation": [0.6909587726035193, 2.292855585619193e-08, -0.7228941655334049, 3.1415925901873907]}, {"color": "CVYellow", "id_name": "object89426677609370", "shape": "CVBox", "id_string": "ob10936", "world_size": [0.04, 0.04, 0.04], "id": 10936, "camera_size": [16, 16], "camera_position": [271, 224], "world_position": [0.7806670836935142, 0.6199787455986886, -0.10998931446656299], "world_orientation": [0.9999996755342854, -2.492237565544423e-05, 0.0008051771230876314, 2.4685888049831833e-05, 0.9999999565603465, 0.00029371740192396946, -0.0008051844082464444, -0.0002936974301104188, 0.9999996327098768], "world_rotation": [-0.34254176782101914, 0.939057129122414, 0.028928282742342756, 0.0008574354417397413]}, {"color": "CVYellow", "id_name": "object180886489321223", "shape": "CVCone", "id_string": "ob10943", "world_size": [0.04, 0.04, 0.04], "id": 10943, "camera_size": [16, 16], "camera_position": [289, 224], "world_position": [0.78, 0.6199874431631353, -0.065], "world_orientation": [1.0, 2.927345865710851e-17, -9.48014256829419e-18, -2.927345865710851e-17, 1.0, 8.131516293641283e-17, 9.48014256829419e-18, -8.131516293641283e-17, 1.0], "world_rotation": [0.9352772963738962, 0.10903946804419228, 0.33669982669460136, -8.694230390460097e-17]}, {"color": "CVGreen", "id_name": "object1762065768765", "shape": "CVCylinder", "id_string": "ob10950", "world_size": [0.04, 0.04, 0.04], "id": 10950, "camera_size": [21, 21], "camera_position": [233, 272], "world_position": [0.6600024190747443, 0.6600694222319022, -0.20681888652061667], "world_orientation": [0.9327450967139232, 0.005890909465853668, 0.3604883933524062, -0.006581204612372073, 0.9999781073622449, 0.000687416956895404, -0.3604764517995373, -0.0030136326729796473, 0.9327634457439509], "world_rotation": [-0.00513263197737133, 0.9998372323670683, -0.01729638290354019, 0.36884795266518156]}, {"color": "CVGreen", "id_name": "object275188353560753", "shape": "CVSphere", "id_string": "ob10957", "world_size": [0.04, 0.04, 0.04], "id": 10957, "camera_size": [21, 22], "camera_position": [258, 271], "world_position": [0.661652180405586, 0.6600128615446084, -0.14561214901428868], "world_orientation": [0.9279798938103965, 0.0021452062203359858, -0.37262409312055694, -0.002412251894075798, 0.9999970591550601, -0.0002504436686037567, 0.3726224600375624, 0.0011312698634047403, 0.9279823395431896], "world_rotation": [-0.001853997600858536, 0.9999795830289008, 0.006115244740963246, -0.3818424796747007]}, {"color": "CVBlue", "id_name": "object21882482478520", "shape": "CVSphere", "id_string": "ob10964", "world_size": [0.04, 0.04, 0.04], "id": 10964, "camera_size": [17, 18], "camera_position": [274, 280], "world_position": [0.6392115579764038, 0.6599964114837916, -0.10530869690417642], "world_orientation": [0.9997758436830999, 0.0010318076878428424, -0.021147050873375546, -0.0010491659709540707, 0.9999991217702804, -0.000809758873616634, 0.021146196785975888, 0.0008317641272123276, 0.9997760481877557], "world_rotation": [-0.038736892547632754, 0.9980420556052997, 0.04910711149009932, -0.021189694639904978]}, {"color": "CVBlue", "id_name": "object278932265635336", "shape": "CVSphere", "id_string": "ob10971", "world_size": [0.04, 0.04, 0.04], "id": 10971, "camera_size": [20, 19], "camera_position": [234, 254], "world_position": [0.7045748912676123, 0.6600706900009753, -0.20293854458657973], "world_orientation": [0.9738240073031256, 0.006555970875518766, 0.22720876313637534, -0.006771711905166516, 0.999977057238515, 0.00017004256268797209, -0.2272024355458268, -0.001704183816097644, 0.9738460602372253], "world_rotation": [-0.004122708366738642, 0.9995616708589395, -0.029316708979825308, 0.2293095834390132]}, {"color": "CVGreen", "id_name": "object44656853809722", "shape": "CVCapsule", "id_string": "ob10978", "world_size": [0.04, 0.08, 0.04], "id": 10978, "camera_size": [20, 21], "camera_position": [257, 246], "world_position": [0.7248596100922973, 0.6799516796462661, -0.14655057031123317], "world_orientation": [0.287197257142852, 9.205098268703056e-05, -0.9578714564158591, 0.00024415822142006573, 0.9999999558612672, 0.00016930512861459542, 0.9578714297213303, -0.00028249615970587377, 0.2871972219913248], "world_rotation": [0.0002358360704880717, 0.9999999690386074, -7.939856393270227e-05, -1.279496830688015]}, {"color": "CVRed", "id_name": "object21675150297172", "shape": "CVSphere", "id_string": "ob10985", "world_size": [0.04, 0.04, 0.04], "id": 10985, "camera_size": [21, 21], "camera_position": [273, 260], "world_position": [0.689838192879035, 0.6599420731908567, -0.10835121323915124], "world_orientation": [0.9294420047694066, 0.0017181778404127127, -0.3689642362548638, -0.0018608802794722135, 0.9999982680830164, -3.091202831187159e-05, 0.36896354412707455, 0.0007153292086428774, 0.9294435923762732], "world_rotation": [-0.0010112535374405957, 0.9999877269341693, 0.004850087351389013, -0.37789888248220216]}, {"color": "CVYellow", "id_name": "object73671383326317", "shape": "CVBox", "id_string": "ob10992", "world_size": [0.04, 0.04, 0.04], "id": 10992, "camera_size": [19, 19], "camera_position": [232, 238], "world_position": [0.7450721731710473, 0.6600621349110491, -0.21031815458197972], "world_orientation": [0.9858055423579415, 0.007637037153751871, 0.16771734650857406, -0.007205650241161697, 0.9999689809306658, -0.003180531573158311, -0.16773643391036702, 0.0019268731141473807, 0.9858299934060817], "world_rotation": [0.015208719154972147, 0.9989070082004278, -0.044198233332743656, 0.16870960500584586]}, {"color": "CVBlue", "id_name": "object143280793824518", "shape": "CVSphere", "id_string": "ob10999", "world_size": [0.04, 0.04, 0.04], "id": 10999, "camera_size": [20, 20], "camera_position": [257, 227], "world_position": [0.7699558634560607, 0.659970004640381, -0.14681840317165762], "world_orientation": [0.9720039872517209, 0.00030264424183517794, 0.23496416146557214, -0.00014282197631161934, 0.9999997467462438, -0.0006972154124505748, -0.23496431296824555, 0.0006441381149723966, 0.9720037843123087], "world_rotation": [0.0028543651501200264, 0.9999954769940301, -0.0009479404367593181, 0.23718286845537048]}, {"color": "CVBlue", "id_name": "object81811376373190", "shape": "CVSphere", "id_string": "ob11006", "world_size": [0.04, 0.04, 0.04], "id": 11006, "camera_size": [17, 17], "camera_position": [275, 240], "world_position": [0.7395972558424627, 0.6599583070124667, -0.10245372235521263], "world_orientation": [0.9988398559457441, 0.0005109903662741218, -0.04815268490054327, -0.0004847747915425233, 0.9999997278714858, 0.0005561028284075478, 0.04815295596001267, -0.000532114461232741, 0.9988398318481864], "world_rotation": [0.011298296342757664, 0.9998827258859498, 0.010338422250692373, -0.0481771027853616]}, {"color": "CVBlue", "id_name": "object59280715767802", "shape": "CVSphere", "id_string": "ob11013", "world_size": [0.04, 0.04, 0.04], "id": 11013, "camera_size": [23, 23], "camera_position": [260, 246], "world_position": [0.7229405896167711, 0.7399470324077124, -0.14048643682474887], "world_orientation": [-0.5092931323035317, 6.124650296277052e-05, -0.8605931103822082, 0.0002091742890433341, 0.9999999767386187, -5.2620136949550734e-05, 0.8605930871408243, -0.0002068130263890674, -0.5092931332678636], "world_rotation": [8.958524561328579e-05, 0.9999999922939484, -8.594525400767681e-05, -2.1051595586190963]}, {"color": "CVRed", "id_name": "object27946636481842", "shape": "CVBox", "id_string": "ob11020", "world_size": [0.04, 0.04, 0.04], "id": 11020, "camera_size": [20, 20], "camera_position": [273, 268], "world_position": [0.6689398699423935, 0.6999652218367891, -0.10836494529384498], "world_orientation": [0.9751809310372748, 0.0011748429334932891, 0.22140634924354732, -0.0009645764554702784, 0.9999989753178878, -0.0010578068991733563, -0.22140736512938222, 0.0008179897652215708, 0.9751810650126511], "world_rotation": [0.004235997851148436, 0.9999793571164319, -0.004831321062871317, 0.2232615835566246]}, {"color": "CVRed", "id_name": "object183792942366239", "shape": "CVBox", "id_string": "ob11027", "world_size": [0.04, 0.04, 0.04], "id": 11027, "camera_size": [20, 22], "camera_position": [214, 158], "world_position": [0.9485350412864038, 0.6199874429636293, -0.2548953055672234], "world_orientation": [-0.9678905817802292, -0.2513718792966498, 3.6208031017892505e-10, 4.132109099330705e-10, -1.5062417979549994e-10, 1.0, -0.2513718792966497, 0.9678905817802294, 2.4965718381508855e-10], "world_rotation": [-0.08995729212966701, 0.7042399042197685, 0.7042399043630153, 2.9621610344147205]}, {"color": "CVGreen", "id_name": "object171424632446202", "shape": "CVCone", "id_string": "ob11034", "world_size": [0.04, 0.04, 0.04], "id": 11034, "camera_size": [23, 25], "camera_position": [268, 228], "world_position": [0.7676092940024367, 0.6999251357785986, -0.12144376658005676], "world_orientation": [0.7237948200292488, -0.0011586881825422493, 0.6900142867655156, 0.00028827573084993884, 0.9999990106132779, 0.0013768331665646523, -0.6900151993948616, -0.0007976303411897347, 0.7237944379379468], "world_rotation": [-0.001575661705075999, 0.9999982089670586, 0.0010485002939016905, 0.7615111291263104]}], "source": "manual check"}
