{"timestamp": 1721661353.795626, "objects": [{"color": "cv_", "id_name": "hand", "shape": "CVBox", "id_string": "ob383", "world_size": [0.005, 0.09, 0.5], "id": 383, "camera_size": [3, 208], "camera_position": [246, 271], "world_position": [0.6631815920881798, 0.6658379053021374, -0.17409971450330614], "world_orientation": [1.3433001723519552e-06, -0.00166024113991594, 0.9999986217978268, -0.0007633743137150501, -0.9999983304306191, -0.001660239630732805, 0.9999997086288839, -0.0007633710314310756, -2.6106833700432405e-06], "world_rotation": [0.0, 1.0, 0.0, 0.0]}, {"color": "CVRed", "id_name": "object133816280257586", "shape": "CVCone", "id_string": "ob10222", "world_size": [0.04, 0.04, 0.04], "id": 10222, "camera_size": [16, 16], "camera_position": [255, 242], "world_position": [0.7352861980720974, 0.6199874431896295, -0.15021071973593791], "world_orientation": [0.9999419455896957, -6.523963922515814e-12, -0.010775223909227213, 6.940291902686276e-13, 1.0, -5.410537240632722e-10, 0.010775223909227213, 5.410148351884542e-10, 0.9999419455896957], "world_rotation": [-5.0210954703461456e-08, 0.9999999999999987, -3.349347156769245e-10, -0.010775432430492782]}, {"color": "CVYellow", "id_name": "object280685841655437", "shape": "CVSphere", "id_string": "ob10229", "world_size": [0.04, 0.04, 0.04], "id": 10229, "camera_size": [17, 17], "camera_position": [219, 295], "world_position": [0.599999999716353, 0.6199874431539638, -0.24499999994326127], "world_orientation": [1.0, -1.5298255797984277e-11, -8.494381246875623e-09, 1.5298255797984277e-11, 1.0, -1.5087324804986413e-12, 8.494381246875623e-09, 1.5087324804986413e-12, 1.0], "world_rotation": [-0.00017761505706355408, 0.9999983624563825, -0.0018009823554894107, -8.494395156818196e-09]}, {"color": "CVYellow", "id_name": "object236331678098429", "shape": "CVCone", "id_string": "ob10236", "world_size": [0.04, 0.04, 0.04], "id": 10236, "camera_size": [16, 17], "camera_position": [236, 295], "world_position": [0.5999326705721646, 0.6199868139397379, -0.200053666527786], "world_orientation": [0.9999938708867598, 0.000213840203137016, -0.0034946332113267044, -0.0002141157959593904, 0.9999999739970461, -7.848779150910745e-05, 0.0034946163366106372, 7.923556662017494e-05, 0.9999938906705305], "world_rotation": [-0.02251866932529828, 0.9978775576981026, 0.06110064954063676, -0.0035020648478358363]}, {"color": "CVGreen", "id_name": "object257801781398929", "shape": "CVSphere", "id_string": "ob10243", "world_size": [0.04, 0.04, 0.04], "id": 10243, "camera_size": [16, 17], "camera_position": [255, 291], "world_position": [0.6107391862071913, 0.6199874443622178, -0.15119829203612034], "world_orientation": [0.9998015084754553, 1.7574886464293616e-06, -0.019923444659886245, -6.13517587125134e-07, 0.9999999983510282, 5.74244491340752e-05, 0.019923444727955868, -5.740082748392547e-05, 0.9998015068278888], "world_rotation": [0.0028816502725426832, 0.9999958462669426, 5.950267188863558e-05, -0.019924845783667385]}, {"color": "CVRed", "id_name": "object93331909476354", "shape": "CVCone", "id_string": "ob10250", "world_size": [0.04, 0.04, 0.04], "id": 10250, "camera_size": [16, 17], "camera_position": [271, 294], "world_position": [0.6040551997887742, 0.6199874419600636, -0.11119591862333947], "world_orientation": [0.999572869869455, -1.7312728886303286e-06, -0.029224609799690264, 5.6498152921196164e-08, 0.9999999983579051, -5.730782639730717e-05, 0.029224609850916163, 5.728169736146334e-05, 0.9995728682281592], "world_rotation": [-0.001960493299578278, 0.9999980777633911, -3.0586680467581426e-05, -0.029228827640856225]}, {"color": "CVBlue", "id_name": "object50703636648901", "shape": "CVBox", "id_string": "ob10257", "world_size": [0.04, 0.04, 0.04], "id": 10257, "camera_size": [16, 17], "camera_position": [289, 295], "world_position": [0.6, 0.6199874431539305, -0.065], "world_orientation": [1.0, 2.049142105997599e-16, 5.802954297681148e-18, -2.049142105997599e-16, 1.0, 6.179952383167331e-17, -5.802954297681148e-18, -6.179952383167331e-17, 1.0], "world_rotation": [-0.28863572672225335, 0.027102796704540077, -0.9570553043948448, 2.1410905896324258e-16]}, {"color": "CVGreen", "id_name": "object40599496540329", "shape": "CVCapsule", "id_string": "ob10264", "world_size": [0.04, 0.08, 0.04], "id": 10264, "camera_size": [19, 17], "camera_position": [218, 278], "world_position": [0.6456509508776164, 0.6399748863887543, -0.24565040625361903], "world_orientation": [0.9994700643903421, 3.5973930167202696e-11, 0.03255135001140975, -1.8027028420787393e-11, 1.0, -5.516347218907117e-10, -0.03255135001140975, 5.507555868962673e-10, 0.9994700643903421], "world_rotation": [1.6933096605833153e-08, 0.9999999999999998, -8.294734099977714e-10, 0.03255710127038482]}, {"color": "CVBlue", "id_name": "object174878322823332", "shape": "CVBox", "id_string": "ob10271", "world_size": [0.04, 0.04, 0.04], "id": 10271, "camera_size": [17, 17], "camera_position": [237, 277], "world_position": [0.6470752592984588, 0.6203855190865613, -0.19850840260907232], "world_orientation": [0.997633741377294, 0.021630173791760965, 0.06526142541563923, -0.021787123968904063, 0.9997611970572793, 0.0016941333358349684, -0.0652091963967233, -0.0031119833441389604, 0.9978667627819655], "world_rotation": [-0.03493095608633902, 0.9482631955389195, -0.31555782400886745, 0.06884889921169683]}, {"color": "CVBlue", "id_name": "object246305370250209", "shape": "CVCone", "id_string": "ob10278", "world_size": [0.04, 0.04, 0.04], "id": 10278, "camera_size": [16, 16], "camera_position": [255, 274], "world_position": [0.6528342284138791, 0.6199874531512695, -0.15140615352109343], "world_orientation": [0.9999352924500776, 7.227301001214094e-07, -0.011375891712543322, -2.5395040556267218e-06, 0.9999999872464187, -0.00015968942791840898, 0.011375891452047607, 0.00015970798392992024, 0.9999352796991569], "world_rotation": [-0.014036963092410447, 0.999901466701753, 0.00014336954134362942, -0.011377258044456055]}, {"color": "CVPurple", "id_name": "object68222989597374", "shape": "CVSphere", "id_string": "ob10285", "world_size": [0.04, 0.04, 0.04], "id": 10285, "camera_size": [16, 17], "camera_position": [271, 277], "world_position": [0.6462899829785882, 0.619958935937944, -0.11053914510533895], "world_orientation": [0.9992722678083023, -5.025215201270392e-05, 0.038143574347119284, 0.00010109040389968027, 0.9999991092618652, -0.0013308854971303546, -0.0381434734913227, 0.001333772918247557, 0.9992713827983964], "world_rotation": [0.034908011518179585, 0.9993885630006987, 0.0019826434992535357, 0.03817613296587269]}, {"color": "CVYellow", "id_name": "object180430273292738", "shape": "CVSphere", "id_string": "ob10292", "world_size": [0.04, 0.04, 0.04], "id": 10292, "camera_size": [17, 17], "camera_position": [289, 278], "world_position": [0.644989818550961, 0.6200025837034334, -0.06497986345203548], "world_orientation": [0.9990880568708669, -0.00045696144291119316, 0.04269479832760998, 0.0005115895214089058, 0.9999990644841467, -0.0012685846418058096, -0.04269417869168091, 0.0012892699762010625, 0.9990873559848364], "world_rotation": [0.029939970721070568, 0.9994874039603717, 0.011336995976809858, 0.04272938612767227]}, {"color": "CVPurple", "id_name": "object180703734803788", "shape": "CVCapsule", "id_string": "ob10299", "world_size": [0.04, 0.08, 0.04], "id": 10299, "camera_size": [19, 21], "camera_position": [218, 258], "world_position": [0.6959591272969353, 0.6422931944648986, -0.24477945874481435], "world_orientation": [0.9905546275671298, 0.1359272305969376, 0.01803656806579169, -0.13596758155994912, 0.9907127573009626, 0.0010243465539302129, -0.017729821490459725, -0.0034670597587751146, 0.9998368031466663], "world_rotation": [-0.016375621581080847, 0.13040389132416524, -0.99132571042284, 0.1375704964268205]}, {"color": "CVRed", "id_name": "object201958486228783", "shape": "CVCapsule", "id_string": "ob10306", "world_size": [0.04, 0.08, 0.04], "id": 10306, "camera_size": [18, 23], "camera_position": [236, 254], "world_position": [0.7046984579712307, 0.6424919496642848, -0.1990421869463393], "world_orientation": [0.9857318267643703, 0.15184709186963136, 0.07263075377905151, -0.15222594763773134, 0.9883456665507893, -0.00032291805593543613, -0.07183332492354891, -0.010737974716486388, 0.9973588468196469], "world_rotation": [-0.030922949258035702, 0.4289228105930509, -0.9028117155654011, 0.16920966350054417]}, {"color": "CVPurple", "id_name": "object192517171165099", "shape": "CVSphere", "id_string": "ob10313", "world_size": [0.04, 0.04, 0.04], "id": 10313, "camera_size": [16, 16], "camera_position": [255, 258], "world_position": [0.6947338905095544, 0.6199817538281196, -0.15130836476120788], "world_orientation": [0.9999825054637972, 5.1347117807038764e-05, 0.005914907422799117, -5.170186441981852e-05, 0.9999999968741159, 5.982211518340877e-05, -0.0059149043326166065, -6.012688036487844e-05, 0.9999825049927095], "world_rotation": [-0.01013864654344772, 0.9999106663248375, -0.008710178877984366, 0.005915468824910689]}, {"color": "CVBlue", "id_name": "object24347831278345", "shape": "CVCylinder", "id_string": "ob10320", "world_size": [0.04, 0.04, 0.04], "id": 10320, "camera_size": [16, 15], "camera_position": [271, 260], "world_position": [0.6900268763314505, 0.619957866688621, -0.11001826882244581], "world_orientation": [0.9999985529295856, 0.0016960803017093086, 0.00013209975398197356, -0.0016959906472654254, 0.999998333407743, -0.0006758679314938226, -0.0001332458601106996, 0.0006756429135180773, 0.9999997628760692], "world_rotation": [0.36916144397790224, 0.07247841955037508, -0.9265347845491986, 0.001830515648140174]}, {"color": "CVRed", "id_name": "object204610144622362", "shape": "CVCapsule", "id_string": "ob10327", "world_size": [0.04, 0.08, 0.04], "id": 10327, "camera_size": [17, 17], "camera_position": [290, 260], "world_position": [0.6899856484125437, 0.6399865871573485, -0.06492709766566111], "world_orientation": [0.9999999238475733, -0.0003852306625373227, -6.246746567278465e-05, 0.0003851193534366933, 0.9999983554917627, -0.0017722011324383306, 6.315006916091569e-05, 0.0017721769400509226, 0.9999984276992451], "world_rotation": [-0.9766004115533993, 0.034612034525638824, -0.21225843497898259, -0.0018146521216916224]}, {"color": "CVRed", "id_name": "object259938602319375", "shape": "CVCone", "id_string": "ob10334", "world_size": [0.04, 0.04, 0.04], "id": 10334, "camera_size": [17, 17], "camera_position": [219, 242], "world_position": [0.7357494769299181, 0.6200723802606191, -0.2446560733377043], "world_orientation": [0.9998289181636373, 0.004975593849559411, 0.017815102289212133, -0.004983096406761582, 0.9999875133199075, 0.00037676845509130436, -0.017813005190921175, -0.0004654783690555722, 0.9998412274836221], "world_rotation": [-0.022761374975919273, 0.9628349918197503, -0.26912951963072873, 0.01850272411639938]}, {"color": "CVBlue", "id_name": "object23620472958973", "shape": "CVCapsule", "id_string": "ob10341", "world_size": [0.04, 0.08, 0.04], "id": 10341, "camera_size": [18, 23], "camera_position": [236, 238], "world_position": [0.7452417318040228, 0.642493073006587, -0.1990549387861586], "world_orientation": [0.9857347099785293, 0.15207031155037756, 0.07212282501757607, -0.15250267973740142, 0.9883029334914084, 0.0004942926139775228, -0.07120403230475335, -0.011486165471895727, 0.9973956355360173], "world_rotation": [-0.035568831017689685, 0.4255236929884778, -0.9042479997022292, 0.16921875194024083]}, {"color": "CVPurple", "id_name": "object267895033544131", "shape": "CVCone", "id_string": "ob10348", "world_size": [0.04, 0.04, 0.04], "id": 10348, "camera_size": [16, 17], "camera_position": [255, 226], "world_position": [0.7761181716214332, 0.619982073908207, -0.15114208160909104], "world_orientation": [0.9999990934008945, 0.0003125418893776473, 0.001309776681990306, -0.00031161833518539414, 0.9999997027453684, -0.0007052681676948856, -0.0013099967184987786, 0.0007048593778702732, 0.9999988935403153], "world_rotation": [0.4638665705608268, 0.8617839618502752, -0.20531976966132892, 0.001519971666457117]}, {"color": "CVPurple", "id_name": "object10117202485090", "shape": "CVCapsule", "id_string": "ob10355", "world_size": [0.04, 0.08, 0.04], "id": 10355, "camera_size": [19, 19], "camera_position": [273, 241], "world_position": [0.7373162887051756, 0.6399759909206074, -0.10819969415712027], "world_orientation": [0.9943130175138242, 0.00390439607577786, -0.10642546168016843, -0.004225387310498155, 0.999987178701943, -0.0027907944755418057, 0.10641320080060475, 0.0032246120715341766, 0.9943167667158985], "world_rotation": [-0.02823090126702431, 0.9988730136986239, 0.038153882086625616, -0.1067419846218455]}, {"color": "CVBlue", "id_name": "object4895026602374", "shape": "CVCone", "id_string": "ob10362", "world_size": [0.04, 0.04, 0.04], "id": 10362, "camera_size": [17, 17], "camera_position": [290, 242], "world_position": [0.7353640747459157, 0.61998744312518, -0.06413636519389006], "world_orientation": [0.9998340985588073, 1.0131871794498594e-11, -0.01821470172957735, -8.229732753111315e-14, 1.0, 5.517294913421896e-10, 0.01821470172957735, -5.516364596031531e-10, 0.9998340985588073], "world_rotation": [3.028778531008491e-08, 0.9999999999999994, 2.803825523380314e-10, -0.018215709078181853]}, {"color": "CVGreen", "id_name": "object90762478377143", "shape": "CVCone", "id_string": "ob10369", "world_size": [0.04, 0.04, 0.04], "id": 10369, "camera_size": [17, 16], "camera_position": [219, 224], "world_position": [0.78, 0.6199874431539305, -0.245], "world_orientation": [1.0, -2.2442984970449937e-16, -1.4488340486922525e-17, 2.2442984970449937e-16, 1.0, -5.952269926945416e-16, 1.4488340486922525e-17, 5.952269926945416e-16, 1.0], "world_rotation": [-0.9354546928465729, 0.022769777356192403, -0.3527124251716587, -6.362969764823948e-16]}, {"color": "CVRed", "id_name": "object34385964886742", "shape": "CVSphere", "id_string": "ob10376", "world_size": [0.04, 0.04, 0.04], "id": 10376, "camera_size": [17, 18], "camera_position": [237, 222], "world_position": [0.7847446355478375, 0.6206050581708531, -0.19866789787215716], "world_orientation": [0.9969034340815398, 0.0320966601640353, 0.07178681997934865, -0.032208894896310646, 0.9994810764405264, 0.0004061118630982369, -0.07173653327274321, -0.0027170284505990882, 0.9974199153568208], "world_rotation": [-0.01985442530689298, 0.9124065558120923, -0.4088032273684349, 0.0787323029494675]}, {"color": "CVGreen", "id_name": "object97313443145869", "shape": "CVCone", "id_string": "ob10383", "world_size": [0.04, 0.04, 0.04], "id": 10383, "camera_size": [17, 18], "camera_position": [257, 188], "world_position": [0.8727339130914652, 0.6199815713190704, -0.14700973469573214], "world_orientation": [0.0624489029813039, -6.905849421376197e-05, -0.9980481600340518, -4.1321961367311516e-05, 0.9999999965701278, -7.177910646203724e-05, 0.9980481615678309, 4.572383396717588e-05, 0.06244889991347972], "world_rotation": [-5.8866367791301655e-05, 0.9999999981708344, -1.389538796076582e-05, -1.5083067652824538]}, {"color": "CVGreen", "id_name": "object239479657411239", "shape": "CVSphere", "id_string": "ob10390", "world_size": [0.04, 0.04, 0.04], "id": 10390, "camera_size": [17, 16], "camera_position": [272, 224], "world_position": [0.7803390987909268, 0.619986716695728, -0.10922390559869379], "world_orientation": [0.9997395601320703, -0.00014939592806605183, -0.022820814792449635, 0.00014008685142866784, 0.9999999063351137, -0.00040951854393950953, 0.022820873835343543, 0.00040621499289270047, 0.9997394874199833], "world_rotation": [-0.017869340713428418, 0.9998202206978861, -0.006341367841206502, -0.022826930115375725]}, {"color": "CVBlue", "id_name": "object2966238128", "shape": "CVCylinder", "id_string": "ob10397", "world_size": [0.04, 0.04, 0.04], "id": 10397, "camera_size": [16, 16], "camera_position": [289, 224], "world_position": [0.78, 0.6199874431539305, -0.065], "world_orientation": [1.0, 4.228388472693457e-17, -1.6957377686420176e-17, -4.228388472693457e-17, 1.0, 1.0733601507606494e-16, 1.6957377686420176e-17, -1.0733601507606494e-16, 1.0], "world_rotation": [0.92051720276698, 0.14542702990328832, 0.3626279889688094, -1.1660402951017529e-16]}, {"color": "CVGreen", "id_name": "object144551880904897", "shape": "CVCone", "id_string": "ob10404", "world_size": [0.04, 0.04, 0.04], "id": 10404, "camera_size": [20, 23], "camera_position": [234, 271], "world_position": [0.6632642139286714, 0.6607338839562977, -0.20330611084314298], "world_orientation": [0.9548705939604302, 0.14732860714694118, 0.2579077941935799, -0.14532639277118956, 0.989017490481194, -0.026919195500520656, -0.2590412869674825, -0.011776461201208243, 0.9657944536017005], "world_rotation": [0.025482832077704125, 0.8699437213627238, -0.49249217956316343, 0.3016712433521148]}, {"color": "CVPurple", "id_name": "object39263682736725", "shape": "CVBox", "id_string": "ob10411", "world_size": [0.04, 0.04, 0.04], "id": 10411, "camera_size": [20, 20], "camera_position": [257, 270], "world_position": [0.6631545782942937, 0.6600296010807133, -0.14716293160052268], "world_orientation": [0.9658886110684115, 0.0025757748277311873, -0.25894508373856373, -0.0027263266378989973, 0.9999962588566046, -0.00022229677960979976, 0.2589435424014247, 0.0009206828072517224, 0.9658920199441395], "world_rotation": [-0.0022068777918760113, 0.9999451616033008, 0.01023735691282311, -0.2619437793579289]}, {"color": "CVGreen", "id_name": "object190800732517456", "shape": "CVCapsule", "id_string": "ob10418", "world_size": [0.04, 0.08, 0.04], "id": 10418, "camera_size": [18, 18], "camera_position": [273, 278], "world_position": [0.6450239106377995, 0.6799336741700317, -0.10725671018769636], "world_orientation": [0.996543884673433, 9.657382629075384e-05, -0.0830679035095957, -0.0002417580038747472, 0.9999984609394194, -0.0017377203056265526, 0.08306760784476094, 0.0017517968743835303, 0.9965423742795185], "world_rotation": [-0.020999366362333793, 0.9997774158296938, 0.0020360278190874885, -0.08318214278138011]}, {"color": "CVGreen", "id_name": "object246824596872399", "shape": "CVBox", "id_string": "ob10425", "world_size": [0.04, 0.04, 0.04], "id": 10425, "camera_size": [19, 21], "camera_position": [234, 253], "world_position": [0.7077227500457575, 0.7026742513523438, -0.20344647229125173], "world_orientation": [0.9838963001107529, 0.151846492476947, 0.09429057933229626, -0.15218903459660765, 0.9883448850029177, -0.0035897126795898134, -0.09373669706643258, -0.01081808721622794, 0.9955382466847057], "world_rotation": [-0.02021623554536054, 0.5258725442853476, -0.8503230979970083, 0.1797427482771817]}, {"color": "CVRed", "id_name": "object145219001351928", "shape": "CVSphere", "id_string": "ob10432", "world_size": [0.04, 0.04, 0.04], "id": 10432, "camera_size": [24, 30], "camera_position": [259, 206], "world_position": [0.8235533944296914, 0.6464620310054592, -0.14166795300526652], "world_orientation": [-0.4479472783553664, -0.651206212178021, -0.6125958741574858, 0.14672929657939054, 0.6223477303713165, -0.768865278203528, 0.8819374974108637, -0.4342968704957766, -0.18322794256946023], "world_rotation": [-0.19373659435570117, 0.865430802454955, -0.4620559037277062, -2.099499199093773]}, {"color": "CVGreen", "id_name": "object267076052487697", "shape": "CVCylinder", "id_string": "ob10439", "world_size": [0.04, 0.04, 0.04], "id": 10439, "camera_size": [20, 20], "camera_position": [272, 258], "world_position": [0.6948050178503763, 0.6599435510448807, -0.10973952356119133], "world_orientation": [0.9701365010473458, 0.0032400721630487603, -0.24253797902182597, -0.0033204927513949094, 0.9999944841690855, 7.719645328430546e-05, 0.2425368913454228, 0.000730454504197444, 0.9701419085745734], "world_rotation": [-0.0013465915455370386, 0.9999076451885406, 0.013523601026252717, -0.24500362006959436]}, {"color": "CVBlue", "id_name": "object213304414842722", "shape": "CVCylinder", "id_string": "ob10446", "world_size": [0.04, 0.04, 0.04], "id": 10446, "camera_size": [20, 22], "camera_position": [232, 234], "world_position": [0.7520322170874003, 0.7020721734106166, -0.20555962950769643], "world_orientation": [0.9731249955903499, 0.15208097500241152, 0.17291362005231747, -0.15180640181144445, 0.9882980805600095, -0.014890276372967396, -0.17315472654924435, -0.011759294354550564, 0.9848244308860029], "world_rotation": [0.006798124401543363, 0.7513986531367673, -0.6598134960493557, 0.23236826635575827]}, {"color": "CVGreen", "id_name": "object263842635465795", "shape": "CVSphere", "id_string": "ob10453", "world_size": [0.04, 0.04, 0.04], "id": 10453, "camera_size": [23, 24], "camera_position": [227, 174], "world_position": [0.9079727563079567, 0.6199874431636747, -0.2245270568691358], "world_orientation": [0.6354032259591971, 4.12257659665666e-10, 0.7721805102698758, 5.950829266743508e-10, -1.0, 4.4212522706136886e-11, 0.7721805102698758, 4.3141865841701766e-10, -0.635403225959197], "world_rotation": [0.9042685513604897, 2.784959691522096e-10, 0.4269641519148903, 3.141592653375694]}, {"color": "CVRed", "id_name": "object265591873140425", "shape": "CVCone", "id_string": "ob10460", "world_size": [0.04, 0.04, 0.04], "id": 10460, "camera_size": [23, 22], "camera_position": [275, 241], "world_position": [0.7358068933361585, 0.6999576689850368, -0.10438199868018228], "world_orientation": [0.918465606990333, 0.0037654328369342797, -0.39548293299639387, -0.0047803640101371165, 0.9999873243737908, -0.001580889520954131, 0.3954719672692493, 0.0033425450329672216, 0.918471965003229], "world_rotation": [-0.006224187807563028, 0.9999222682151016, 0.010803564860852623, -0.4066210943493709]}, {"color": "CVBlue", "id_name": "object8219158318343", "shape": "CVCone", "id_string": "ob10467", "world_size": [0.04, 0.04, 0.04], "id": 10467, "camera_size": [18, 19], "camera_position": [297, 156], "world_position": [0.9554400314529973, 0.6199874431731923, -0.04412784040690213], "world_orientation": [2.1146219454301618e-10, -0.9979926115653148, 0.06333046076764814, 1.0, 2.4795138706991404e-10, 5.683119530530689e-10, -5.828739921276416e-10, 0.06333046076764813, 0.9979926115653149], "world_rotation": [0.031665246049482204, 0.03166524662507547, 0.9989968089782865, 1.571800020951053]}, {"color": "CVYellow", "id_name": "object236444008622177", "shape": "CVBox", "id_string": "ob10474", "world_size": [0.04, 0.04, 0.04], "id": 10474, "camera_size": [21, 20], "camera_position": [273, 259], "world_position": [0.6914337918389608, 0.6999407086947452, -0.10888300973644659], "world_orientation": [0.9733164844659797, 0.0032072796146820387, -0.2294444037762951, -0.003303440872658448, 0.9999945430116906, -3.500344349345396e-05, 0.22944303943503525, 0.0007920254500026131, 0.9733217681478717], "world_rotation": [-0.0018020635228334894, 0.9998977411801819, 0.014186604591290213, -0.23153022700455614]}, {"color": "CVBlue", "id_name": "object161361013008952", "shape": "CVCylinder", "id_string": "ob10481", "world_size": [0.04, 0.04, 0.04], "id": 10481, "camera_size": [22, 25], "camera_position": [303, 91], "world_position": [1.1205883412330133, 0.6199874431403263, -0.02795122884525051], "world_orientation": [-0.9032443734921356, 0.42912655680439926, 2.0896451236040992e-10, -1.5726475677269036e-11, -5.200545549755018e-10, 1.0, 0.42912655680439943, 0.9032443734921356, 4.764856287309269e-10], "world_rotation": [0.1574436841554007, 0.6982877221493133, 0.6982877225149373, -2.8292691231406684]}, {"color": "CVRed", "id_name": "object237793434800079", "shape": "CVCone", "id_string": "ob10488", "world_size": [0.04, 0.04, 0.04], "id": 10488, "camera_size": [21, 21], "camera_position": [275, 245], "world_position": [0.7258023668690647, 0.7399891806197364, -0.10591314985899761], "world_orientation": [0.9707053391475502, 0.003374642578989959, -0.24024936282517742, -0.004055620960909401, 0.9999890378771639, -0.002340099170123909, 0.2402388321838522, 0.0032459071102929468, 0.9707083844275635], "world_rotation": [-0.011623513822613438, 0.9998129067397432, 0.015461094496878335, -0.24266361853405885]}], "source": "manual check"}
