{"timestamp": 1721660888.385619, "objects": [{"color": "cv_", "id_name": "hand", "shape": "CVBox", "id_string": "ob383", "world_size": [0.005, 0.09, 0.5], "id": 383, "camera_size": [3, 207], "camera_position": [246, 271], "world_position": [0.6633491172654071, 0.6654233324220782, -0.17409340734879916], "world_orientation": [-1.9602288184727414e-06, -0.0016630665469228043, 0.9999986171019528, -0.0007631265511410547, -0.9999983259206799, -0.0016630675585726361, 0.9999997088169699, -0.0007631287558081648, 6.910952989872243e-07], "world_rotation": [0.0, 1.0, 0.0, 0.0]}, {"color": "CVYellow", "id_name": "object193088976474173", "shape": "CVCone", "id_string": "ob5581", "world_size": [0.04, 0.04, 0.04], "id": 5581, "camera_size": [16, 16], "camera_position": [255, 235], "world_position": [0.7521360910425006, 0.6199706223701901, -0.1508248106810031], "world_orientation": [0.9991576840380025, 0.00013250670593048647, -0.04103540995028896, -0.0001469091152970341, 0.9999999286708262, -0.00034795984596377663, 0.041035360916254086, 0.0003536952296030355, 0.9991576322353534], "world_rotation": [-0.008549028610932865, 0.999957661095238, 0.0034044275217302534, -0.041048649700884066]}, {"color": "CVBlue", "id_name": "object222695730900625", "shape": "CVBox", "id_string": "ob5588", "world_size": [0.04, 0.04, 0.04], "id": 5588, "camera_size": [19, 18], "camera_position": [217, 296], "world_position": [0.5972740982062839, 0.6199874422982243, -0.24912305148424982], "world_orientation": [0.9920566186119996, 3.472311015198761e-08, 0.1257921518542574, -3.2891336619342816e-08, 0.9999999999999993, -1.6638891480275525e-08, -0.1257921518542579, 1.2369250408664304e-08, 0.992056618612], "world_rotation": [1.1530187480434919e-07, 0.9999999999999574, -2.687546312494336e-07, 0.1261262854351748]}, {"color": "CVYellow", "id_name": "object229814763656040", "shape": "CVCapsule", "id_string": "ob5595", "world_size": [0.04, 0.08, 0.04], "id": 5595, "camera_size": [34, 24], "camera_position": [224, 280], "world_position": [0.6400805318805177, 0.6454242083478647, -0.22780973107813926], "world_orientation": [0.26323705470415326, 0.08989778736284536, 0.9605335188622766, -0.4610539838869574, 0.8863100364867931, 0.04340211014161483, -0.8474287444810025, -0.4542828491700345, 0.2747573765657764], "world_rotation": [-0.25463891977948494, 0.9250381172389777, -0.2818927139684605, 1.3570195243266063]}, {"color": "CVGreen", "id_name": "object118551585998774", "shape": "CVSphere", "id_string": "ob5602", "world_size": [0.04, 0.04, 0.04], "id": 5602, "camera_size": [16, 17], "camera_position": [255, 291], "world_position": [0.6106292946095117, 0.6199874431875774, -0.15131005461237307], "world_orientation": [0.9999934854319926, 2.369887939211067e-11, -0.003609583573663409, -2.146913254833489e-11, 1.0, 6.177684102364734e-10, 0.003609583573663409, -6.176868911139654e-10, 0.9999934854319926], "world_rotation": [1.7113543378863266e-07, 0.9999999999999853, 6.256679062649234e-09, -0.0036095914119764435]}, {"color": "CVBlue", "id_name": "object116632628424791", "shape": "CVCylinder", "id_string": "ob5609", "world_size": [0.04, 0.04, 0.04], "id": 5609, "camera_size": [16, 17], "camera_position": [271, 295], "world_position": [0.5997342903237424, 0.6199852083993868, -0.10972727484234147], "world_orientation": [0.9999080851381499, 7.168917283198708e-05, -0.013557880956153142, -7.376004731532365e-05, 0.999999985690724, -0.0001522432503481063, 0.013557869847956998, 0.0001532292868716044, 0.9999080761179857], "world_rotation": [-0.011264624888511522, 0.999922167009605, 0.005363594777449826, -0.013559346224594012]}, {"color": "CVRed", "id_name": "object153325765477326", "shape": "CVCylinder", "id_string": "ob5616", "world_size": [0.04, 0.04, 0.04], "id": 5616, "camera_size": [16, 17], "camera_position": [289, 295], "world_position": [0.6, 0.6199874431539305, -0.065], "world_orientation": [1.0, 2.049142105997599e-16, 5.802954297681148e-18, -2.049142105997599e-16, 1.0, 6.179952383167331e-17, -5.802954297681148e-18, -6.179952383167331e-17, 1.0], "world_rotation": [-0.28863572672225335, 0.027102796704540077, -0.9570553043948448, 2.1410905896324258e-16]}, {"color": "CVYellow", "id_name": "object67106087096529", "shape": "CVCone", "id_string": "ob5623", "world_size": [0.04, 0.04, 0.04], "id": 5623, "camera_size": [18, 18], "camera_position": [210, 271], "world_position": [0.6610759254641778, 0.6199811019281654, -0.2663663702230923], "world_orientation": [0.9938578011594758, -0.00025458420378452596, -0.11066438569537718, 0.000367426461309302, 0.9999994332104586, 0.000999288025148532, 0.1106640685690145, -0.0010338112230281347, 0.9938573313922414], "world_rotation": [0.009185468066295655, 0.9999538638516526, -0.0028102214420858444, -0.11089649471192581]}, {"color": "CVYellow", "id_name": "object79562389883309", "shape": "CVCylinder", "id_string": "ob5630", "world_size": [0.04, 0.04, 0.04], "id": 5630, "camera_size": [19, 18], "camera_position": [233, 264], "world_position": [0.6790483736143121, 0.6199776371389559, -0.20863066572405695], "world_orientation": [0.9824074767649141, -0.000435872103796884, -0.186749456791457, 0.0003192648399183632, 0.9999997348627777, -0.0006544802031927684, 0.18674969254688778, 0.00058334370958383, 0.982407355450762], "world_rotation": [-0.003314102823002096, 0.9999924645457141, -0.0020217750288134425, -0.18785389952687737]}, {"color": "CVRed", "id_name": "object59431421405573", "shape": "CVBox", "id_string": "ob5637", "world_size": [0.04, 0.04, 0.04], "id": 5637, "camera_size": [16, 16], "camera_position": [255, 267], "world_position": [0.6713289739611832, 0.6199791966551231, -0.15165231974144763], "world_orientation": [0.9999995303642026, 0.00010502050217169083, -0.0009634532000392326, -0.00010589492999309191, 0.9999995825318821, -0.0009075914969049977, 0.0009633574821134623, 0.0009076930954767155, 0.9999991240174195], "world_rotation": [-0.6835621577503712, 0.7255583355889607, 0.07942215150091157, -0.001327812771097046]}, {"color": "CVYellow", "id_name": "object191814431763810", "shape": "CVCone", "id_string": "ob5644", "world_size": [0.04, 0.04, 0.04], "id": 5644, "camera_size": [16, 16], "camera_position": [271, 277], "world_position": [0.6451392751714736, 0.6199669413833896, -0.10988287471414473], "world_orientation": [0.999989599565426, 0.00043819013770384266, 0.0045396861546328875, -0.00043822807879309285, 0.9999999039509645, 7.3629350993646034e-06, -0.004539682492234866, -9.352276463512327e-06, 0.9999896955446114], "world_rotation": [-0.0018324896953782113, 0.9953717560402541, -0.09608178421978428, 0.0045608085966209995]}, {"color": "CVRed", "id_name": "object274499571211029", "shape": "CVCapsule", "id_string": "ob5651", "world_size": [0.04, 0.08, 0.04], "id": 5651, "camera_size": [17, 17], "camera_position": [290, 278], "world_position": [0.645, 0.6399748858658902, -0.065], "world_orientation": [1.0, -8.066464163292171e-17, -3.573889421051852e-17, 8.066464163292171e-17, 1.0, -1.821459649775647e-16, 3.573889421051852e-17, 1.821459649775647e-16, 1.0], "world_rotation": [-0.8999806872227267, 0.17658538071993266, -0.3985628757700657, -2.0238874851820828e-16]}, {"color": "CVPurple", "id_name": "object270286846583243", "shape": "CVCone", "id_string": "ob5658", "world_size": [0.04, 0.04, 0.04], "id": 5658, "camera_size": [18, 16], "camera_position": [217, 255], "world_position": [0.7006993069005025, 0.6199804239058687, -0.24812244380463735], "world_orientation": [0.9992569597313911, 0.00034748763781642506, -0.03854098702315108, -0.00033129206782277725, 0.9999998541279123, 0.00042660253205468107, 0.03854112964020298, -0.0004135172259078429, 0.99925692908759], "world_rotation": [0.010897953180436546, 0.9999018479025615, 0.008805065446653269, -0.038554392351541095]}, {"color": "CVGreen", "id_name": "object182329055029369", "shape": "CVCapsule", "id_string": "ob5665", "world_size": [0.04, 0.08, 0.04], "id": 5665, "camera_size": [19, 19], "camera_position": [234, 248], "world_position": [0.7194402562980982, 0.6399664222978553, -0.20490439752231326], "world_orientation": [0.9864667953887598, 0.0010045320263688824, -0.16395808156610864, -0.000994427378534846, 0.9999994952311109, 0.00014370703619603225, 0.16395814316349022, 2.1282185770270793e-05, 0.9864672963851611], "world_rotation": [0.00037333488872387126, 0.9999813505544277, 0.00609583172368926, -0.16470483751796816]}, {"color": "CVGreen", "id_name": "object259632449868553", "shape": "CVSphere", "id_string": "ob5672", "world_size": [0.04, 0.04, 0.04], "id": 5672, "camera_size": [17, 17], "camera_position": [256, 251], "world_position": [0.7120965867433008, 0.6199820926954457, -0.1505558898699185], "world_orientation": [0.9991689968504074, 0.00020211632321600335, -0.04075873994547377, -0.00020046696870711631, 0.999999978913996, 4.4553362833975205e-05, 0.0407587480909967, -3.634555780394392e-05, 0.9991690162995723], "world_rotation": [0.0009923992533391703, 0.9999873128537068, 0.004938549923298527, -0.04077055526046383]}, {"color": "CVBlue", "id_name": "object273562675973569", "shape": "CVCapsule", "id_string": "ob5679", "world_size": [0.04, 0.08, 0.04], "id": 5679, "camera_size": [17, 17], "camera_position": [272, 260], "world_position": [0.6897605498412435, 0.6399572011519434, -0.10923188056777547], "world_orientation": [0.9999377493320659, 0.0007027921058610036, 0.011135687853869468, -0.0006926578821943017, 0.9999993425077703, -0.0009138977435171696, -0.01113632281236094, 0.0009061276308065689, 0.9999375786752569], "world_rotation": [0.08128822185443312, 0.9947400567717594, -0.06232531140284454, 0.011195123665495002]}, {"color": "CVGreen", "id_name": "object121387336774921", "shape": "CVBox", "id_string": "ob5686", "world_size": [0.04, 0.04, 0.04], "id": 5686, "camera_size": [16, 15], "camera_position": [289, 260], "world_position": [0.69, 0.6199874431539305, -0.065], "world_orientation": [1.0, 4.228388472693457e-17, -1.6957377686420176e-17, -4.228388472693457e-17, 1.0, 1.0733601507606494e-16, 1.6957377686420176e-17, -1.0733601507606494e-16, 1.0], "world_rotation": [0.92051720276698, 0.14542702990328832, 0.3626279889688094, -1.1660402951017529e-16]}, {"color": "CVPurple", "id_name": "object148357209823499", "shape": "CVCylinder", "id_string": "ob5693", "world_size": [0.04, 0.04, 0.04], "id": 5693, "camera_size": [17, 17], "camera_position": [219, 240], "world_position": [0.7410079093953108, 0.6199874509558927, -0.24500022349318248], "world_orientation": [0.9997222233856802, -0.0002795736227683084, -0.0235668815794882, 0.00027963209197443944, 0.9999999609026141, -8.144955016725193e-07, 0.02356688088579619, -5.775787143516127e-06, 0.9997222624769116], "world_rotation": [0.00010525241814487409, 0.9999296219348649, -0.011863393238305063, -0.023570722446483415]}, {"color": "CVYellow", "id_name": "object251963014787849", "shape": "CVCylinder", "id_string": "ob5700", "world_size": [0.04, 0.04, 0.04], "id": 5700, "camera_size": [17, 17], "camera_position": [235, 230], "world_position": [0.7656392162350045, 0.6199796795813224, -0.20250411869239315], "world_orientation": [0.9983504974459427, -0.00038317455951323513, -0.05741199723660272, 0.000373896601074237, 0.9999999152492667, -0.0001723449773454362, 0.057412058409104634, 0.0001505945432374769, 0.9983505561026713], "world_rotation": [-0.002812400437164413, 0.9999743100877839, -0.006593145549846439, -0.05744509177047903]}, {"color": "CVGreen", "id_name": "object223793523303661", "shape": "CVCylinder", "id_string": "ob5707", "world_size": [0.04, 0.04, 0.04], "id": 5707, "camera_size": [20, 21], "camera_position": [257, 183], "world_position": [0.8862823336566747, 0.6199748845395942, -0.14615446437692722], "world_orientation": [0.27784311782090687, -0.000406939809689302, -0.9606263770475746, 8.732954327253593e-05, 0.9999999168411204, -0.00039836077002596655, 0.9606264592718173, 2.6790735598436194e-05, 0.27784313025365226], "world_rotation": [-0.00022128866805476885, 0.9999999424232602, -0.00025726407017324606, -1.2892482728869543]}, {"color": "CVGreen", "id_name": "object38606110241728", "shape": "CVCylinder", "id_string": "ob5714", "world_size": [0.04, 0.04, 0.04], "id": 5714, "camera_size": [17, 16], "camera_position": [272, 241], "world_position": [0.7366251387371922, 0.6199638571220754, -0.10931919766576297], "world_orientation": [0.999766722082991, -0.00044877490592450136, 0.021593981025167894, 0.00046584522558579684, 0.999999582997511, -0.0007854890387236959, -0.0215936195126546, 0.0007953652544388728, 0.9997665142374267], "world_rotation": [0.03657166832023717, 0.9991070076777261, 0.02115892921522183, 0.021614783629579328]}, {"color": "CVBlue", "id_name": "object21559597878540", "shape": "CVBox", "id_string": "ob5721", "world_size": [0.04, 0.04, 0.04], "id": 5721, "camera_size": [16, 16], "camera_position": [289, 242], "world_position": [0.735, 0.6199874431539305, -0.065], "world_orientation": [1.0, 4.228388472693457e-17, -1.6957377686420176e-17, -4.228388472693457e-17, 1.0, 1.0733601507606494e-16, 1.6957377686420176e-17, -1.0733601507606494e-16, 1.0], "world_rotation": [0.92051720276698, 0.14542702990328832, 0.3626279889688094, -1.1660402951017529e-16]}, {"color": "CVRed", "id_name": "object248796497296992", "shape": "CVCapsule", "id_string": "ob5728", "world_size": [0.04, 0.08, 0.04], "id": 5728, "camera_size": [18, 18], "camera_position": [218, 223], "world_position": [0.7810141701261321, 0.6399748634920678, -0.24478438277190026], "world_orientation": [0.9997425993324457, 0.00029195753924147447, -0.02268589519504618, -0.000280586146761674, 0.999999833408195, 0.0005044353244674959, 0.022686038689457993, -0.0004979401345596218, 0.9997425147027624], "world_rotation": [0.022085265189925547, 0.9996765014494778, 0.012614813166385505, -0.022695256436317642]}, {"color": "CVGreen", "id_name": "object176901343418762", "shape": "CVSphere", "id_string": "ob5735", "world_size": [0.04, 0.04, 0.04], "id": 5735, "camera_size": [16, 17], "camera_position": [236, 214], "world_position": [0.8064068571155711, 0.6199826544520795, -0.19999027510920347], "world_orientation": [0.9994295494250238, 0.00025464703211123304, -0.03377145082733476, -0.00026404804057559016, 0.9999999276254632, -0.0002739118489473951, 0.03377137863230225, 0.0002826728811940222, 0.9994295443308228], "world_rotation": [-0.008239948314287631, 0.9999365660045052, 0.007679011583248329, -0.033779981071856154]}, {"color": "CVBlue", "id_name": "object173320605928522", "shape": "CVCylinder", "id_string": "ob5742", "world_size": [0.04, 0.04, 0.04], "id": 5742, "camera_size": [18, 19], "camera_position": [265, 165], "world_position": [0.9320729479868598, 0.6199874507845582, -0.12639629619910595], "world_orientation": [0.9929419019717679, -0.000340289957879734, -0.11860127955225698, 0.0003403387163828071, 0.9999999418879119, -1.984266741373824e-05, 0.1186012794123494, -2.0661991322182885e-05, 0.9929419600836878], "world_rotation": [3.4540965287497912e-06, 0.9999958832954905, -0.002869386718618691, -0.11888159220276286]}, {"color": "CVBlue", "id_name": "object83088356050379", "shape": "CVCapsule", "id_string": "ob5749", "world_size": [0.04, 0.08, 0.04], "id": 5749, "camera_size": [17, 17], "camera_position": [272, 224], "world_position": [0.7800086135370977, 0.6399697976385629, -0.10994089227535256], "world_orientation": [0.9999996985238517, -0.00015564802390638594, 0.0007607403620221378, 0.00015644857987006316, 0.9999994339975432, -0.001052391768987147, -0.0007605761287420061, 0.001052510468465418, 0.9999991568724776], "world_rotation": [0.8046870556819636, 0.5815869573092246, 0.11931200067759479, 0.0013079015144456779]}, {"color": "CVYellow", "id_name": "object239239860751156", "shape": "CVBox", "id_string": "ob5756", "world_size": [0.04, 0.04, 0.04], "id": 5756, "camera_size": [16, 16], "camera_position": [289, 224], "world_position": [0.78, 0.6199874431539305, -0.065], "world_orientation": [1.0, 4.228388472693457e-17, -1.6957377686420176e-17, -4.228388472693457e-17, 1.0, 1.0733601507606494e-16, 1.6957377686420176e-17, -1.0733601507606494e-16, 1.0], "world_rotation": [0.92051720276698, 0.14542702990328832, 0.3626279889688094, -1.1660402951017529e-16]}, {"color": "CVBlue", "id_name": "object54469392552108", "shape": "CVCylinder", "id_string": "ob5763", "world_size": [0.04, 0.04, 0.04], "id": 5763, "camera_size": [20, 19], "camera_position": [228, 264], "world_position": [0.6806566628267884, 0.659973599998063, -0.2181690636625079], "world_orientation": [0.980290288744576, -0.0002778034785391081, -0.19756232590831488, 0.00017244906084201147, 0.9999998336188067, -0.0005504758671537308, 0.1975624459617701, 0.0005055567091983994, 0.980290173549657], "world_rotation": [-0.0026726446790019485, 0.9999957792289852, -0.001139515087442536, -0.19887152082172796]}, {"color": "CVBlue", "id_name": "object240146914310156", "shape": "CVSphere", "id_string": "ob5770", "world_size": [0.04, 0.04, 0.04], "id": 5770, "camera_size": [16, 17], "camera_position": [256, 268], "world_position": [0.6708148641618386, 0.6599684657021785, -0.1491405160765701], "world_orientation": [0.9999615842051929, 0.00024814794384871007, 0.008761765600551627, -0.00024176405190207446, 0.9999997045734779, -0.0007296595785404434, -0.008761944075617811, 0.0007275132681343922, 0.999961348783272], "world_rotation": [0.0828362061121353, 0.9961739473095683, -0.02785012852073506, 0.008795620319696275]}, {"color": "CVBlue", "id_name": "object86512315703986", "shape": "CVCone", "id_string": "ob5777", "world_size": [0.04, 0.04, 0.04], "id": 5777, "camera_size": [18, 17], "camera_position": [272, 280], "world_position": [0.6406825376173834, 0.659957654409923, -0.10950692964763456], "world_orientation": [0.9978108660481978, 0.0008701346725192465, -0.0661265337198092, -0.0008779798884420544, 0.9999996105633963, -8.957885540183703e-05, 0.06612643002204847, 0.00014744052198649194, 0.9978112414248659], "world_rotation": [-0.0017920074340740926, 0.999911048687998, 0.013216785578351086, -0.06618066441808253]}, {"color": "CVPurple", "id_name": "object14936533330570", "shape": "CVSphere", "id_string": "ob5784", "world_size": [0.04, 0.04, 0.04], "id": 5784, "camera_size": [22, 21], "camera_position": [227, 250], "world_position": [0.7141246790681269, 0.6999641545191099, -0.21821983616848256], "world_orientation": [0.9460311850992597, 0.0011218843548370715, -0.32407366168077417, -0.0010797158240386517, 0.9999993690796533, 0.00030992585423567066, 0.3240738049170741, 5.670793749540803e-05, 0.9460317995452268], "world_rotation": [0.00039067719873714266, 0.999994154753113, 0.0033967382786132764, -0.33003445870972203]}, {"color": "CVPurple", "id_name": "object133161943065799", "shape": "CVCylinder", "id_string": "ob5791", "world_size": [0.04, 0.04, 0.04], "id": 5791, "camera_size": [17, 17], "camera_position": [256, 240], "world_position": [0.7395317510855404, 0.6599657022085336, -0.14987869301600554], "world_orientation": [0.9968579807916979, 0.0007267495325470688, 0.07920630004624596, -0.0007026627036832008, 0.9999996980293293, -0.0003319734554372835, -0.07920651738981996, 0.0002752750755244157, 0.9968581904296162], "world_rotation": [0.003833145322701956, 0.9999519459510949, -0.00902290338824152, 0.0792932807227406]}, {"color": "CVGreen", "id_name": "object224166542082806", "shape": "CVCylinder", "id_string": "ob5798", "world_size": [0.04, 0.04, 0.04], "id": 5798, "camera_size": [21, 21], "camera_position": [273, 259], "world_position": [0.692180901169511, 0.6999501312350744, -0.10993205978012084], "world_orientation": [0.9543778333285374, 0.0006903926295756294, -0.298600861701944, -0.0009202653825489324, 0.9999993785902945, -0.0006292302046767188, 0.2986002417325748, 0.0008753153956278192, 0.9543778756133264], "world_rotation": [-0.0025193110748394196, 0.9999931896277315, 0.0026969927444558117, -0.30322810213560714]}, {"color": "CVGreen", "id_name": "object116296128978088", "shape": "CVBox", "id_string": "ob5805", "world_size": [0.04, 0.04, 0.04], "id": 5805, "camera_size": [17, 17], "camera_position": [234, 225], "world_position": [0.7774935244108143, 0.6599768530081512, -0.20379082521926858], "world_orientation": [0.999460745844694, -0.0004109676257937953, 0.03283365074399123, 0.00041676324167664344, 0.9999998987600822, -0.00016967093372469746, -0.032833577690654314, 0.0001832632966887969, 0.9994608159355705], "world_rotation": [0.005374082448418905, 0.9999061279873248, 0.012603747507505467, 0.032842600549842095]}, {"color": "CVRed", "id_name": "object225183036626243", "shape": "CVCone", "id_string": "ob5812", "world_size": [0.04, 0.04, 0.04], "id": 5812, "camera_size": [20, 21], "camera_position": [257, 186], "world_position": [0.8733353941763113, 0.6599542682960737, -0.14530225909720534], "world_orientation": [0.25101377252153756, -0.0008318094716821588, -0.9679831579617016, 0.00012033441078142037, 0.9999996498706336, -0.0008281172863738505, 0.9679835078781743, 9.138716118333866e-05, 0.25101378472954705], "world_rotation": [-0.0004749587112531499, 0.9999997662645083, -0.000491818209845413, -1.31706908468887]}, {"color": "CVYellow", "id_name": "object269427225676451", "shape": "CVSphere", "id_string": "ob5819", "world_size": [0.04, 0.04, 0.04], "id": 5819, "camera_size": [17, 16], "camera_position": [273, 243], "world_position": [0.7309882893634911, 0.6599388350857958, -0.10832914310479753], "world_orientation": [0.9998274367264193, -0.0007652799870256616, 0.01856101063033746, 0.0007882130035460295, 0.9999989350437514, -0.0012282636623588592, -0.018560050898073607, 0.0012426817390982507, 0.9998269751575802], "world_rotation": [0.06635970493954159, 0.9969231568675294, 0.04172060476091134, 0.018618890588367038]}, {"color": "CVPurple", "id_name": "object170904490061150", "shape": "CVSphere", "id_string": "ob5826", "world_size": [0.04, 0.04, 0.04], "id": 5826, "camera_size": [17, 17], "camera_position": [255, 234], "world_position": [0.7530210178942923, 0.6999409170707754, -0.15155434284575273], "world_orientation": [0.999997512510285, -0.0018810607201152523, -0.0011985757422481617, -0.0011997647366479, -0.0006310861204495354, -0.9999990811470206, 0.0018803025871817652, 0.9999980316685008, -0.0006333413809487893], "world_rotation": [-0.9999987570417307, 0.0015394394735792002, -0.0003406480600793338, -1.5714297843328178]}, {"color": "CVBlue", "id_name": "object147723213785341", "shape": "CVSphere", "id_string": "ob5833", "world_size": [0.04, 0.04, 0.04], "id": 5833, "camera_size": [23, 23], "camera_position": [270, 279], "world_position": [0.6446476544931161, 0.6999692082788741, -0.11629475683675097], "world_orientation": [0.0005817128657438915, -0.8332047695644877, -0.5529642606761589, 0.9999991566681024, 0.0011267612875861673, -0.0006458111838437145, 0.0011611516809653668, -0.552963418667085, 0.8332047223478657], "world_rotation": [0.27710443072068636, 0.27801142831345566, -0.9197406048457774, -1.6534337508230126]}, {"color": "CVGreen", "id_name": "object266250090996822", "shape": "CVCapsule", "id_string": "ob5840", "world_size": [0.04, 0.08, 0.04], "id": 5840, "camera_size": [18, 35], "camera_position": [258, 141], "world_position": [0.9944060610501445, 0.6199748775688618, -0.1445965763628955], "world_orientation": [8.479536001011051e-05, -0.9980182295432686, -0.06292540273265577, 0.999999996391424, 8.495367248800055e-05, 1.5964767821619044e-07, 5.1864127617595734e-06, -0.06292540251912206, 0.9980182331455212], "world_rotation": [0.03146279399655378, 0.03146530748689401, -0.9990095229869861, -1.571702335829837]}, {"color": "CVYellow", "id_name": "object280868906483551", "shape": "CVBox", "id_string": "ob5847", "world_size": [0.04, 0.04, 0.04], "id": 5847, "camera_size": [18, 18], "camera_position": [272, 238], "world_position": [0.7425316117540514, 0.6999447277264153, -0.10987727621500003], "world_orientation": [0.000900647706098644, 0.9961265948635147, 0.08792608167846849, -0.9999987732581124, 0.0010098386542294576, -0.0011973755312759266, -0.0012815287667366435, -0.0879248954023355, 0.9961262823821628], "world_rotation": [-0.04336378082753754, 0.044603826712045505, -0.9980631649124133, 1.5717779425812937]}], "source": "manual check"}
