{"timestamp": 1721660091.051611, "objects": [{"color": "cv_", "id_name": "hand", "shape": "CVBox", "id_string": "ob383", "world_size": [0.005, 0.09, 0.5], "id": 383, "camera_size": [3, 208], "camera_position": [246, 271], "world_position": [0.6631390889970643, 0.6656828853562394, -0.17409351036485418], "world_orientation": [-2.591104431167201e-07, -0.00165816194034368, 0.9999986252485112, -0.0007634718868843343, -0.9999983338039141, -0.0016581616549040754, 0.999999708555263, -0.0007634712669475992, -1.0068500135937433e-06], "world_rotation": [0.0, 1.0, 0.0, 0.0]}, {"color": "CVGreen", "id_name": "object9670536959179", "shape": "CVCylinder", "id_string": "ob1213", "world_size": [0.04, 0.04, 0.04], "id": 1213, "camera_size": [17, 16], "camera_position": [256, 237], "world_position": [0.7468070445560798, 0.6199874567614311, -0.14996120073958025], "world_orientation": [0.9998065958985749, 8.583552571710457e-07, -0.019666489187630153, -8.288971065207255e-07, 0.9999999999985224, 1.5060371206341099e-06, 0.01966648918889381, -1.4894443508950373e-06, 0.9998065958978091], "world_rotation": [7.61569955728107e-05, 0.9999999961799955, 4.289663348386306e-05, -0.01966775722138199]}, {"color": "CVYellow", "id_name": "object40064725509899", "shape": "CVCone", "id_string": "ob1220", "world_size": [0.04, 0.04, 0.04], "id": 1220, "camera_size": [18, 17], "camera_position": [217, 295], "world_position": [0.6007159999354295, 0.6199874431786824, -0.24778970432460132], "world_orientation": [0.9966415636165775, -4.705727295529489e-10, 0.08188768937943944, 4.857896989610826e-10, 1.0, -1.6590376052132475e-10, -0.08188768937943944, 2.051267792680993e-10, 0.9966415636165775], "world_rotation": [2.2654842418998777e-09, 1.0, 5.839476212856467e-09, 0.08197948423794858]}, {"color": "CVYellow", "id_name": "object73276357686164", "shape": "CVCapsule", "id_string": "ob1227", "world_size": [0.04, 0.08, 0.04], "id": 1227, "camera_size": [22, 25], "camera_position": [234, 272], "world_position": [0.6600768014097753, 0.6421643045246654, -0.20360254254338594], "world_orientation": [0.9491795552970601, 0.12229846112213846, 0.29000216932504486, -0.1276120758064161, 0.9918239799830681, -0.0005923165743721426, -0.28770354518923247, -0.03644556403327513, 0.9570258047450151], "world_rotation": [-0.05686804936076023, 0.9163185880623266, -0.39639156163239164, 0.3207010117416098]}, {"color": "CVPurple", "id_name": "object174682632230131", "shape": "CVBox", "id_string": "ob1234", "world_size": [0.04, 0.04, 0.04], "id": 1234, "camera_size": [16, 17], "camera_position": [255, 294], "world_position": [0.6035686108166007, 0.6199874416120007, -0.15091098893624466], "world_orientation": [0.9999998972026842, -7.330992679390765e-05, 0.0004474598034721131, 7.330989965707418e-05, 0.9999999973128263, 7.704803335861466e-08, -0.0004474598079180966, -4.424479214816452e-08, 0.9999998998898542], "world_rotation": [-0.00013375167805289038, 0.9868431974089937, 0.16168019618395588, 0.00045342545016522343]}, {"color": "CVGreen", "id_name": "object266274565818176", "shape": "CVBox", "id_string": "ob1241", "world_size": [0.04, 0.04, 0.04], "id": 1241, "camera_size": [16, 17], "camera_position": [271, 295], "world_position": [0.600421405391113, 0.6199874401273835, -0.11079778521717662], "world_orientation": [0.9999854664561064, -0.00027764203850415997, 0.005384216884746258, 0.00027763868564659346, 0.9999999614574407, 1.3701585047818307e-06, -0.0053842170576383595, 1.2472830759859557e-07, 0.999985504998278], "world_rotation": [-0.0001155021876145274, 0.9986731334610164, 0.05149717625656291, 0.005391396719167238]}, {"color": "CVGreen", "id_name": "object268778379847551", "shape": "CVSphere", "id_string": "ob1248", "world_size": [0.04, 0.04, 0.04], "id": 1248, "camera_size": [16, 17], "camera_position": [289, 295], "world_position": [0.5999793145555993, 0.6199874430385737, -0.06495100546642622], "world_orientation": [0.9999954172451723, 5.662018905139541e-10, 0.0030274558054436728, -5.649941928949896e-10, 1.0, -3.997702779561306e-10, -0.0030274558054436728, 3.980579509576551e-10, 0.9999954172451723], "world_rotation": [1.317654625179315e-07, 0.9999999999999738, -1.8682288959840614e-07, 0.0030274604301481324]}, {"color": "CVPurple", "id_name": "object88710936842473", "shape": "CVCapsule", "id_string": "ob1255", "world_size": [0.04, 0.08, 0.04], "id": 1255, "camera_size": [18, 17], "camera_position": [216, 278], "world_position": [0.6456960151451077, 0.6399748863883498, -0.24898950995790972], "world_orientation": [0.9999992584169907, -3.17408942846231e-10, -0.0012178528109592693, 3.1801335888832085e-10, 1.0, 4.961028158306088e-10, 0.0012178528109592693, -4.964897413922354e-10, 0.9999992584169907], "world_rotation": [4.075174554307963e-07, 0.999999999999883, -2.6087811926712756e-07, -0.0012178531120058185]}, {"color": "CVRed", "id_name": "object226849774442061", "shape": "CVCylinder", "id_string": "ob1262", "world_size": [0.04, 0.04, 0.04], "id": 1262, "camera_size": [20, 21], "camera_position": [235, 256], "world_position": [0.7005749894203328, 0.6223332884121169, -0.20108254672499637], "world_orientation": [0.9614034873898563, 0.12324818994286584, 0.24599434568792453, -0.1274622921022037, 0.9918426679756891, 0.0012190467257203014, -0.24383744283164419, -0.03252699891896339, 0.9692704967214523], "world_rotation": [-0.06121196240795054, 0.8885060294405955, -0.45476381925772735, 0.279264905886172]}, {"color": "CVYellow", "id_name": "object89919175505245", "shape": "CVBox", "id_string": "ob1269", "world_size": [0.04, 0.04, 0.04], "id": 1269, "camera_size": [16, 17], "camera_position": [256, 278], "world_position": [0.6438086341795565, 0.6199874446665938, -0.14782445683347012], "world_orientation": [0.9999187327359651, 7.346321089616555e-05, 0.012748432329452945, -7.345640789137443e-05, 0.9999999973015764, -1.0018806643322942e-06, -0.012748432368653646, 6.534519906420526e-08, 0.999918735434104], "world_rotation": [4.185644618010405e-05, 0.9999833977048215, -0.005762166498674305, 0.012748989366170936]}, {"color": "CVBlue", "id_name": "object207652545779423", "shape": "CVCapsule", "id_string": "ob1276", "world_size": [0.04, 0.08, 0.04], "id": 1276, "camera_size": [17, 17], "camera_position": [274, 280], "world_position": [0.640504814423557, 0.6399748888134104, -0.10462128884855011], "world_orientation": [0.9999998181787167, 0.00027876682787418816, 0.0005347257139911276, -0.0002788559638120238, 0.9999999472373325, 0.00016662737930058533, -0.0005346792355916075, -0.000166776460458533, 0.9999998431518513], "world_rotation": [-0.2664479629097342, 0.8546415378652336, -0.44563810969956524, 0.0006256453565435894]}, {"color": "CVYellow", "id_name": "object221654572930154", "shape": "CVBox", "id_string": "ob1283", "world_size": [0.04, 0.04, 0.04], "id": 1283, "camera_size": [16, 16], "camera_position": [289, 277], "world_position": [0.6449999958242082, 0.6199874406789593, -0.06462474483539928], "world_orientation": [0.9999999959243034, -1.4678430873282881e-08, 9.028506653567253e-05, 2.9642312714402393e-08, 0.9999999862650614, -0.0001657403878299226, -9.028506286280386e-05, 0.00016574038983067324, 0.9999999821893651], "world_rotation": [0.8781600065381359, 0.47836700255215947, 0.00011741466504759972, 0.00018873598043670512]}, {"color": "CVPurple", "id_name": "object141261178910350", "shape": "CVSphere", "id_string": "ob1290", "world_size": [0.04, 0.04, 0.04], "id": 1290, "camera_size": [17, 17], "camera_position": [218, 259], "world_position": [0.6927047325397228, 0.6215782461076582, -0.24567070565901905], "world_orientation": [0.9963124347802437, 0.08513251047367308, 0.010676514539517951, -0.08514453573671416, 0.9963683811545152, 0.0006760693088546741, -0.010580186030595141, -0.0015826231329387438, 0.9999427758464867], "world_rotation": [-0.013161501656163345, 0.12386374283697181, -0.9922119471587567, 0.0859124377886902]}, {"color": "CVGreen", "id_name": "object89781910155883", "shape": "CVSphere", "id_string": "ob1297", "world_size": [0.04, 0.04, 0.04], "id": 1297, "camera_size": [20, 21], "camera_position": [235, 239], "world_position": [0.7426166232417252, 0.6221365593809397, -0.20135298292088022], "world_orientation": [0.958343379174264, 0.11118539846723, 0.26308891037163873, -0.11525902426606974, 0.993335469396329, 5.063998703392844e-05, -0.2613299158498438, -0.030371901600953963, 0.9647715909348987], "world_rotation": [-0.05318352158277338, 0.9167688992091058, -0.3958614637407624, 0.29006523369799025]}, {"color": "CVGreen", "id_name": "object190736106743774", "shape": "CVCapsule", "id_string": "ob1304", "world_size": [0.04, 0.08, 0.04], "id": 1304, "camera_size": [16, 26], "camera_position": [255, 253], "world_position": [0.7069852496218456, 0.6441799226746919, -0.15110846196972288], "world_orientation": [0.9483177444184542, 0.31672380297926966, -0.019480458091230245, -0.3168099989712521, 0.9484879456133191, -0.0014288380106423568, 0.01802443266598535, 0.007526596347233886, 0.9998092168881497], "world_rotation": [-0.014109575557274465, 0.059090164559226506, 0.998152930331799, -0.3229369682608311]}, {"color": "CVYellow", "id_name": "object35128375331241", "shape": "CVSphere", "id_string": "ob1311", "world_size": [0.04, 0.04, 0.04], "id": 1311, "camera_size": [16, 15], "camera_position": [271, 260], "world_position": [0.6899389317900065, 0.6199609055715178, -0.10988558648166184], "world_orientation": [0.9999757565263998, 0.00014492787778523772, -0.006961706354408315, -0.0001428297724419613, 0.9999999442357922, 0.00030187425960205696, 0.006961749716190079, -0.00030087260218700495, 0.9999757214635595], "world_rotation": [0.04324030944073508, 0.9988514037056101, 0.02064337556703426, -0.006969789874878587]}, {"color": "CVGreen", "id_name": "object98778064849786", "shape": "CVCapsule", "id_string": "ob1318", "world_size": [0.04, 0.08, 0.04], "id": 1318, "camera_size": [17, 17], "camera_position": [290, 260], "world_position": [0.6900035200289982, 0.6399746994552293, -0.0649688049282265], "world_orientation": [0.9999999994023697, 2.688750247471499e-05, -2.173298989471536e-05, -2.6903791176564784e-05, 0.9999997185084121, -0.0007498395045763655, 2.1712822465524822e-05, 0.0007498400888280605, 0.9999997186341577], "world_rotation": [-0.9989387838757804, 0.028939319541657498, 0.035830459852515734, -0.0007506364546281373]}, {"color": "CVPurple", "id_name": "object28728288339981", "shape": "CVCone", "id_string": "ob1325", "world_size": [0.04, 0.04, 0.04], "id": 1325, "camera_size": [20, 18], "camera_position": [190, 243], "world_position": [0.7311500903349994, 0.6199874016290438, -0.31792686497276074], "world_orientation": [0.9837327190833637, -0.17963835169560854, -2.2218754308217514e-06, 1.7666144117856049e-06, -2.694296776420413e-06, 0.99999999999481, -0.17963835170066259, -0.9837327190821833, -2.3331161928662886e-06], "world_rotation": [-0.9918991904594664, 0.08982103790364683, 0.08982303221205082, 1.5789325707272126]}, {"color": "CVPurple", "id_name": "object23125326978427", "shape": "CVBox", "id_string": "ob1332", "world_size": [0.04, 0.04, 0.04], "id": 1332, "camera_size": [26, 23], "camera_position": [218, 227], "world_position": [0.773482300226492, 0.6289441937243997, -0.24434859984972085], "world_orientation": [0.9566545016562731, -0.1990473345047465, 0.21258486090816447, -0.08214493246723854, 0.5158955278036782, 0.852703943031881, -0.2794000260034721, -0.8332058347243616, 0.47718304920705146], "world_rotation": [-0.9578403463241911, 0.2795185013357486, 0.06641745527021088, 1.0759839511675882]}, {"color": "CVBlue", "id_name": "object164936796497614", "shape": "CVCapsule", "id_string": "ob1339", "world_size": [0.04, 0.08, 0.04], "id": 1339, "camera_size": [34, 39], "camera_position": [264, 200], "world_position": [0.8388674181617611, 0.6434936030348115, -0.12906586616335508], "world_orientation": [0.6334395496313046, 0.554906046745191, -0.5392899185489324, -0.7701393153563378, 0.5197513137495474, -0.36978913829112225, 0.07509841479925675, 0.6495674338675266, 0.7565860010292256], "world_rotation": [-0.572319557607897, 0.344949420786746, 0.7439490715622875, -1.0985493965483135]}, {"color": "CVPurple", "id_name": "object78029523146314", "shape": "CVCapsule", "id_string": "ob1346", "world_size": [0.04, 0.08, 0.04], "id": 1346, "camera_size": [20, 19], "camera_position": [273, 240], "world_position": [0.7398393995024213, 0.6399798250751197, -0.10712815034006805], "world_orientation": [0.9789994682666872, 0.0003221595155621004, -0.20386254522788322, -0.0005926449496131675, 0.9999990233185535, -0.0012657542823224619, 0.20386193834433125, 0.0013599908771945635, 0.9789987030222799], "world_rotation": [-0.0064398489881261475, 0.9999767469626584, 0.0022436307606012486, -0.2053062444149521]}, {"color": "CVBlue", "id_name": "object181271813530539", "shape": "CVBox", "id_string": "ob1353", "world_size": [0.04, 0.04, 0.04], "id": 1353, "camera_size": [17, 16], "camera_position": [291, 243], "world_position": [0.7322783677373805, 0.619974885558931, -0.061584703018227334], "world_orientation": [0.9998600804517752, 0.0001817822506525334, 0.01672681900969628, -0.00017799296286375214, 0.9999999581608429, -0.0002280281071916086, -0.01672685976132281, 0.00022501894552704737, 0.9998600709744335], "world_rotation": [0.013540493631233884, 0.9998505047590058, -0.010752821275538275, 0.01673012078295956]}, {"color": "CVYellow", "id_name": "object90741742719945", "shape": "CVBox", "id_string": "ob1360", "world_size": [0.04, 0.04, 0.04], "id": 1360, "camera_size": [20, 20], "camera_position": [215, 211], "world_position": [0.8136485471619357, 0.619987013706733, -0.2529069974292265], "world_orientation": [0.9599981018492088, 0.0004558718604723312, 0.28000613676625596, -0.0004710008612589741, 0.9999998889912219, -1.3256413346733038e-05, -0.2800061117263427, -0.00011915699992451223, 0.9599982099970313], "world_rotation": [-0.00018910379178495982, 0.9999986124552055, -0.0016550913629992414, 0.28380089334824665]}, {"color": "CVBlue", "id_name": "object76975746791767", "shape": "CVCylinder", "id_string": "ob1367", "world_size": [0.04, 0.04, 0.04], "id": 1367, "camera_size": [22, 23], "camera_position": [228, 192], "world_position": [0.8636287929526544, 0.6199861228851328, -0.2197463340342255], "world_orientation": [-0.0004887315878158785, 0.9134899228706588, 0.4068610597675736, -0.9999998485811021, -0.000549363334273266, 3.221334587308334e-05, 0.0002529411152168426, -0.4068609824174406, 0.9134900530422362], "world_rotation": [-0.2036417970677507, 0.20349912175201026, -0.9576628456472442, 1.6145843395100745]}, {"color": "CVYellow", "id_name": "object107295900367637", "shape": "CVCapsule", "id_string": "ob1374", "world_size": [0.04, 0.08, 0.04], "id": 1374, "camera_size": [21, 35], "camera_position": [260, 174], "world_position": [0.9083484709169678, 0.6199603592584552, -0.14034274305919656], "world_orientation": [0.00032248636764951004, 0.9878297600804261, -0.15553861611185316, -0.9999988017530376, 8.306043351476686e-05, -0.001545830991239019, -0.0015140987523180045, 0.1555389282476002, 0.9878286032022743], "world_rotation": [-0.07854373878370956, 0.07701359136554044, 0.9939314804567054, -1.576679285727208]}, {"color": "CVYellow", "id_name": "object12835780872944", "shape": "CVCylinder", "id_string": "ob1381", "world_size": [0.04, 0.04, 0.04], "id": 1381, "camera_size": [17, 19], "camera_position": [274, 223], "world_position": [0.7840352207905343, 0.6199874527021282, -0.10406313359241347], "world_orientation": [0.9934489328930595, 6.462692547522332e-06, -0.1142769342075424, 1.701324381444198e-05, 0.9999999789543677, 0.00020445491897415233, 0.1142769331238413, -0.0002050597424236484, 0.9934489118753472], "world_rotation": [0.0017917614275693079, 0.999998393728732, -4.616213430584795e-05, -0.11452731947653161]}, {"color": "CVPurple", "id_name": "object248964129503822", "shape": "CVCapsule", "id_string": "ob1388", "world_size": [0.04, 0.08, 0.04], "id": 1388, "camera_size": [18, 18], "camera_position": [290, 223], "world_position": [0.7815870624728527, 0.6399748738057836, -0.06324440283494336], "world_orientation": [0.9976903049283059, -2.366913609066755e-05, -0.06792683484335156, -3.495483938059835e-07, 0.9999999374889391, -0.0003535844958782053, 0.06792683896621261, 0.0003527915672266638, 0.997690242553353], "world_rotation": [-0.005199465605785337, 0.9999864679553016, -0.00017164991922004845, -0.06798010335489574]}, {"color": "CVYellow", "id_name": "object39522819119271", "shape": "CVCone", "id_string": "ob1395", "world_size": [0.04, 0.04, 0.04], "id": 1395, "camera_size": [21, 22], "camera_position": [233, 254], "world_position": [0.7039380277691695, 0.6620579261110043, -0.20656463314478654], "world_orientation": [0.9494425561668975, 0.12316647223429501, 0.28877128087229537, -0.1272806779348325, 0.9918562423889175, -0.004563272793344482, -0.2869816397676285, -0.032422439012135845, 0.9573872382086506], "world_rotation": [-0.04432761150404237, 0.9160989093503287, -0.3984944806963889, 0.3196577643491556]}, {"color": "CVBlue", "id_name": "object141795107318960", "shape": "CVCone", "id_string": "ob1402", "world_size": [0.04, 0.04, 0.04], "id": 1402, "camera_size": [18, 23], "camera_position": [256, 269], "world_position": [0.6677121976731027, 0.6638231854907798, -0.14873883169582625], "world_orientation": [0.9514651122603991, 0.2688670131313053, -0.14974868747724193, -0.2656615031677854, 0.9631772279379991, 0.04139557121606824, 0.15536442928141211, 0.00039601959842729476, 0.9878571441673836], "world_rotation": [0.06646671633116207, 0.4946363113831795, 0.8665547271127167, -0.3135333703775614]}, {"color": "CVGreen", "id_name": "object164610586108297", "shape": "CVSphere", "id_string": "ob1409", "world_size": [0.04, 0.04, 0.04], "id": 1409, "camera_size": [17, 18], "camera_position": [291, 311], "world_position": [0.5588407859543645, 0.6199874431804139, -0.06074088222391823], "world_orientation": [-0.9994650396567598, 0.0327052672196925, -1.4083248456309155e-10, 1.2162789872482982e-10, -5.891914733879845e-10, -1.0, -0.032705267219692497, -0.9994650396567598, 5.848976858402469e-10], "world_rotation": [0.011565378320068513, 0.7070594888116524, -0.7070594892268388, 3.1184629283602248]}, {"color": "CVYellow", "id_name": "object241026727302775", "shape": "CVCylinder", "id_string": "ob1416", "world_size": [0.04, 0.04, 0.04], "id": 1416, "camera_size": [25, 21], "camera_position": [225, 240], "world_position": [0.7396964089390973, 0.6613031897578194, -0.227182305132395], "world_orientation": [0.9491537620849162, 0.05029298494032272, 0.31076961174774287, -0.12739009226994275, 0.9640837869158742, 0.23305410572955557, -0.28788695752240295, -0.2607931507377827, 0.9214705813083534], "world_rotation": [-0.6202985160489081, 0.7519446077266234, -0.22317942982805794, 0.409414465360634]}, {"color": "CVGreen", "id_name": "object88886882185381", "shape": "CVSphere", "id_string": "ob1423", "world_size": [0.04, 0.04, 0.04], "id": 1423, "camera_size": [18, 20], "camera_position": [244, 164], "world_position": [0.9340153278949638, 0.619989704229429, -0.17819350117341667], "world_orientation": [-0.9924923631670859, 0.1223038644098311, -0.0008208565253826908, 0.0007993512712932557, -0.00022490058070612223, -0.9999996552285777, -0.12230400685406302, -0.992492677136789, 0.00012544835932226667], "world_rotation": [0.04364975336590107, 0.7063707240280779, -0.706494939307526, 3.0554952519586682]}, {"color": "CVRed", "id_name": "object178656239235688", "shape": "CVSphere", "id_string": "ob1430", "world_size": [0.04, 0.04, 0.04], "id": 1430, "camera_size": [17, 17], "camera_position": [274, 263], "world_position": [0.6835471441893961, 0.6599494474895945, -0.10572445792894691], "world_orientation": [0.9992060906858149, -2.6234769337368673e-05, -0.03983952369328767, 3.673793195096517e-05, 0.9999999647657282, 0.0002629046730637583, 0.0398395153923276, -0.0002641595723054731, 0.9992060564433268], "world_rotation": [0.006614695107428153, 0.9999778103615673, -0.0007903120402744608, -0.03985095062036257]}, {"color": "CVPurple", "id_name": "object22579569855549", "shape": "CVCone", "id_string": "ob1437", "world_size": [0.04, 0.04, 0.04], "id": 1437, "camera_size": [21, 19], "camera_position": [195, 223], "world_position": [0.7844007385348195, 0.6198785136941142, -0.3055996622281667], "world_orientation": [-0.0012118515144880495, 0.21982082278363996, 0.9755395108793034, -0.9999981341860971, -0.0017339358069138888, -0.0008515227198948039, 0.0015043404640666673, -0.9755387226232186, 0.21982251391162622], "world_rotation": [-0.5296338679032344, 0.5292795625427077, -0.6628356588510151, 1.9731244589265968]}, {"color": "CVYellow", "id_name": "object88298253074935", "shape": "CVCapsule", "id_string": "ob1444", "world_size": [0.04, 0.08, 0.04], "id": 1444, "camera_size": [18, 34], "camera_position": [236, 214], "world_position": [0.8035592211942604, 0.6442382546723714, -0.19783446299142823], "world_orientation": [0.8233973479546334, -0.5665509948043359, -0.03219903208939274, 0.5668391707646488, 0.8238284456269405, -0.00021601561245714399, 0.026648862417027255, -0.018073805966561694, 0.9994814533895872], "world_rotation": [0.01573294069506057, 0.051845744402855706, -0.9985311679484018, -0.6035012186647126]}, {"color": "CVYellow", "id_name": "object226037160222281", "shape": "CVCone", "id_string": "ob1451", "world_size": [0.04, 0.04, 0.04], "id": 1451, "camera_size": [18, 16], "camera_position": [294, 240], "world_position": [0.7380618142288745, 0.6599587120027526, -0.05442567472486185], "world_orientation": [0.9999715775353336, 0.007533345400358242, -0.0003046778223345322, -0.0003017075035614309, -0.0003954227768733959, -0.9999998763066973, -0.007533464945084429, 0.9999715457691316, -0.00039313867114928384], "world_rotation": [0.9999857944695719, 0.003614393862934102, -0.003917526778810231, 1.5712048187626018]}, {"color": "CVPurple", "id_name": "object234916101380485", "shape": "CVCylinder", "id_string": "ob1458", "world_size": [0.04, 0.04, 0.04], "id": 1458, "camera_size": [22, 21], "camera_position": [157, 305], "world_position": [0.5745844386458167, 0.6199874431794961, -0.4010207558782897], "world_orientation": [-3.3915406594253744e-10, -0.9618801288732358, -0.27347142022304133, 1.0, -4.4119646130935664e-10, 3.116378544110177e-10, -4.204128711826628e-10, -0.2734714202230413, 0.9618801288732359], "world_rotation": [0.13676055379005309, 0.13676055342396123, -0.9811182915195342, -1.589857416956419]}, {"color": "CVRed", "id_name": "object44417779723113", "shape": "CVCapsule", "id_string": "ob1465", "world_size": [0.04, 0.08, 0.04], "id": 1465, "camera_size": [20, 36], "camera_position": [257, 225], "world_position": [0.7736538088851004, 0.666244653613334, -0.14592270254990836], "world_orientation": [0.7684742370102832, 0.6300807503292736, 0.11155982751852407, 0.6348764590314466, -0.7725486525701476, -0.010023032462360186, 0.07987007461593526, 0.07852915048916105, -0.9937071720100925], "world_rotation": [0.9403046742544093, 0.33650240781285684, 0.050923954200932826, 3.094488273069483]}, {"color": "CVRed", "id_name": "object100362101322465", "shape": "CVCone", "id_string": "ob1472", "world_size": [0.04, 0.04, 0.04], "id": 1472, "camera_size": [25, 23], "camera_position": [162, 237], "world_position": [0.7489475583807399, 0.6199874431834979, -0.38929905319635705], "world_orientation": [-0.6996188805034933, -0.7145162153814558, 3.365104861430268e-10, -5.16173326303715e-10, 3.4448444097279214e-11, -1.0, 0.7145162153814558, -0.6996188805034932, -3.929152558868054e-10], "world_rotation": [-0.2849428884699028, 0.6777933130908934, -0.6777933129204644, -2.5864199838368154]}, {"color": "CVYellow", "id_name": "object265269581624372", "shape": "CVCapsule", "id_string": "ob1479", "world_size": [0.04, 0.08, 0.04], "id": 1479, "camera_size": [28, 37], "camera_position": [217, 171], "world_position": [0.9165309684903152, 0.6199732930183326, -0.24837108176310468], "world_orientation": [0.40709169116244137, -0.9133872566142273, -0.00027283921883480833, 0.00012254229512853598, 0.0003533278437830578, -0.999999930071408, 0.9133872891440352, 0.4070916292607485, 0.0002557654002271481], "world_rotation": [-0.7365879626758967, 0.47828518909489043, -0.47820649424013145, -1.8714552206368849]}], "source": "manual check"}
