{"timestamp": 1721661531.671734, "objects": [{"color": "cv_", "id_name": "hand", "shape": "CVBox", "id_string": "ob383", "world_size": [0.005, 0.09, 0.5], "id": 383, "camera_size": [3, 207], "camera_position": [246, 271], "world_position": [0.6642806141046728, 0.6654581584687167, -0.1740904724728454], "world_orientation": [-2.6646243265295165e-06, -0.0016629412766934932, 0.9999986173086493, -0.0007632816592270537, -0.9999983260097317, -0.001662942826141157, 0.999999708696962, -0.0007632850349623559, 1.3953272894655255e-06], "world_rotation": [0.0, 1.0, 0.0, 0.0]}, {"color": "CVYellow", "id_name": "object55246756969570", "shape": "CVCone", "id_string": "ob11860", "world_size": [0.04, 0.04, 0.04], "id": 11860, "camera_size": [20, 22], "camera_position": [259, 185], "world_position": [0.8794013218245671, 0.6199874536561595, -0.14169791659227912], "world_orientation": [0.9512478690514512, 0.0002916182577528298, 0.308427311669808, -0.0002739808429938938, 0.9999999574179025, -0.00010049224275388686, -0.30842732784169896, 1.1089856922201636e-05, 0.9512479084431378], "world_rotation": [0.0001808887277467286, 0.9999995632795474, -0.0009169078377783321, 0.31353944877360185]}, {"color": "CVGreen", "id_name": "object143632791541810", "shape": "CVBox", "id_string": "ob11867", "world_size": [0.04, 0.04, 0.04], "id": 11867, "camera_size": [17, 17], "camera_position": [219, 295], "world_position": [0.6, 0.6199874431539305, -0.245], "world_orientation": [1.0, 3.2526065174562914e-18, -5.85631424552212e-17, -3.2526065174562914e-18, 1.0, 6.830473686658622e-17, 5.85631424552212e-17, -6.830473686658622e-17, 1.0], "world_rotation": [0.7586719037870137, 0.650470418545561, 0.03612723351366515, -9.003198421561925e-17]}, {"color": "CVYellow", "id_name": "object96149996821406", "shape": "CVCylinder", "id_string": "ob11874", "world_size": [0.04, 0.04, 0.04], "id": 11874, "camera_size": [17, 17], "camera_position": [237, 295], "world_position": [0.6006665424036169, 0.6199874431863691, -0.19936780907420554], "world_orientation": [0.9985702908813338, 5.010300751065758e-10, -0.05345441206456717, -4.883961787513919e-10, 1.0, 2.494117942848738e-10, 0.05345441206456717, -2.2294827737854538e-10, 0.9985702908813338], "world_rotation": [4.418345029151747e-09, 0.9999999999999998, 9.254860503028703e-09, -0.05347990139554832]}, {"color": "CVBlue", "id_name": "object79526073362794", "shape": "CVCylinder", "id_string": "ob11881", "world_size": [0.04, 0.04, 0.04], "id": 11881, "camera_size": [16, 17], "camera_position": [255, 290], "world_position": [0.6141299993823349, 0.6199801616486581, -0.15129707470221831], "world_orientation": [0.9999488545359161, -8.710710702416476e-05, -0.010113393330688064, 8.534713986281234e-05, 0.9999999811406834, -0.0001744548619792976, 0.010113408336214706, 0.00017358279020933767, 0.9999488431119066], "world_rotation": [-0.017203584803241773, 0.9998156681803881, -0.008524454875334268, -0.0101154379032934]}, {"color": "CVRed", "id_name": "object250758494736992", "shape": "CVCone", "id_string": "ob11888", "world_size": [0.04, 0.04, 0.04], "id": 11888, "camera_size": [16, 17], "camera_position": [271, 295], "world_position": [0.6003034208161263, 0.6199854679633409, -0.10969723710196518], "world_orientation": [0.9999984272100555, 6.657454896018389e-05, -0.0017723276347001754, -6.710574351569004e-05, 0.9999999528509506, -0.0002996579982105167, 0.0017723076015405386, 0.00029977646027511183, 0.9999983845286148], "world_rotation": [-0.1666276991714721, 0.9853194214244162, 0.037159758242957884, -0.0017987248959881917]}, {"color": "CVGreen", "id_name": "object90807889989599", "shape": "CVSphere", "id_string": "ob11895", "world_size": [0.04, 0.04, 0.04], "id": 11895, "camera_size": [16, 17], "camera_position": [289, 295], "world_position": [0.6, 0.6199874431539305, -0.065], "world_orientation": [1.0, 2.049142105997599e-16, 5.802954297681148e-18, -2.049142105997599e-16, 1.0, 6.179952383167331e-17, -5.802954297681148e-18, -6.179952383167331e-17, 1.0], "world_rotation": [-0.28863572672225335, 0.027102796704540077, -0.9570553043948448, 2.1410905896324258e-16]}, {"color": "CVRed", "id_name": "object124263257704866", "shape": "CVSphere", "id_string": "ob11902", "world_size": [0.04, 0.04, 0.04], "id": 11902, "camera_size": [17, 16], "camera_position": [219, 277], "world_position": [0.6453570498329447, 0.6199874431654835, -0.24530690344467077], "world_orientation": [0.9997898856449633, -5.43330383043779e-10, -0.020498403889845432, 5.3858834180366e-10, 1.0, -2.3685777723370566e-10, 0.020498403889845432, 2.2576780865395355e-10, 0.9997898856449633], "world_rotation": [-1.128442947006318e-08, 0.9999999999999997, -2.6390316306124773e-08, -0.020499839680155757]}, {"color": "CVPurple", "id_name": "object256557468686274", "shape": "CVBox", "id_string": "ob11909", "world_size": [0.04, 0.04, 0.04], "id": 11909, "camera_size": [16, 16], "camera_position": [237, 277], "world_position": [0.6456732245724385, 0.6199874430621175, -0.19720325809601072], "world_orientation": [0.9998992481436888, 1.6080426168009782e-10, -0.014194842784823355, -1.5369681722105788e-10, 1.0, 5.017970122430544e-10, 0.014194842784823355, -4.995647531055988e-10, 0.9998992481436888], "world_rotation": [3.527202733161915e-08, 0.9999999999999993, 1.1078005007473891e-08, -0.014195319522956525]}, {"color": "CVGreen", "id_name": "object187459793612706", "shape": "CVCylinder", "id_string": "ob11916", "world_size": [0.04, 0.04, 0.04], "id": 11916, "camera_size": [16, 17], "camera_position": [255, 271], "world_position": [0.662787779529844, 0.6206366678212738, -0.15079552232876609], "world_orientation": [0.9988866915185118, 0.035290908393512295, 0.03130382232191826, -0.03526649703665375, 0.9993770562537935, -0.0013317733537909948, -0.031331321293000015, 0.00022631452206895277, 0.999509028017142], "world_rotation": [0.01651204736135977, 0.6637844205573332, -0.7477416634890033, 0.04719785705582016]}, {"color": "CVPurple", "id_name": "object155229638796848", "shape": "CVCone", "id_string": "ob11923", "world_size": [0.04, 0.04, 0.04], "id": 11923, "camera_size": [17, 16], "camera_position": [272, 277], "world_position": [0.6456197731902779, 0.6199768602978118, -0.10933649857063675], "world_orientation": [0.9995064398886225, 2.4943646913817374e-05, -0.031414582584938205, -1.8741145556917192e-05, 0.9999999802748933, 0.0001977346262672038, 0.03141458689750491, -0.00019704828707820608, 0.9995064206407239], "world_rotation": [0.0062833080253919555, 0.9999800181127475, 0.0006952808691565426, -0.031420382133104975]}, {"color": "CVPurple", "id_name": "object104376345927745", "shape": "CVCapsule", "id_string": "ob11930", "world_size": [0.04, 0.08, 0.04], "id": 11930, "camera_size": [17, 17], "camera_position": [290, 278], "world_position": [0.6453591964757934, 0.6399748863836955, -0.06463699502986411], "world_orientation": [0.9998354972739202, -7.45618130264465e-11, -0.018137761466422892, 8.507789666381221e-11, 1.0, 5.790178744428048e-10, 0.018137761466422892, -5.804657470197628e-10, 0.9998354972739202], "world_rotation": [3.1963250360553974e-08, 0.9999999999999994, -4.4007555724499935e-09, -0.018138756102273404]}, {"color": "CVBlue", "id_name": "object199964766439014", "shape": "CVBox", "id_string": "ob11937", "world_size": [0.04, 0.04, 0.04], "id": 11937, "camera_size": [17, 15], "camera_position": [219, 260], "world_position": [0.6900402126526906, 0.6199874431491356, -0.24498372837310647], "world_orientation": [0.9999999995117272, -4.4980305715079046e-10, 3.1249727659926345e-05, 4.4978959058436297e-10, 1.0, 4.3094089514095966e-10, -3.1249727659926534e-05, -4.30926839127877e-10, 0.9999999995117272], "world_rotation": [-1.3790003923823606e-05, 0.9999999998013299, 1.4393607799501522e-05, 3.124972767122095e-05]}, {"color": "CVYellow", "id_name": "object4595288627163", "shape": "CVBox", "id_string": "ob11944", "world_size": [0.04, 0.04, 0.04], "id": 11944, "camera_size": [16, 16], "camera_position": [236, 260], "world_position": [0.6897052192066477, 0.6199718005899126, -0.1999149124960726], "world_orientation": [0.9999962409325339, 0.0017068355381411465, -0.0021458875198142944, -0.001710672099817566, 0.9999969395667959, -0.001787304677130124, 0.002142830317328482, 0.001790968868440733, 0.9999961003467681], "world_rotation": [-0.54646691162937, 0.6549645692163854, 0.5219150578067786, -0.0032740133593751144]}, {"color": "CVBlue", "id_name": "object112288071755175", "shape": "CVCapsule", "id_string": "ob11951", "world_size": [0.04, 0.08, 0.04], "id": 11951, "camera_size": [17, 19], "camera_position": [258, 203], "world_position": [0.8338762857856898, 0.639974873377166, -0.1453770062094304], "world_orientation": [-0.03654852664445741, -0.0002912494732720384, -0.999331836966012, 2.3874069227379805e-07, 0.999999957527567, -0.0002914529245928781, 0.9993318794074681, -1.0890756154656331e-05, -0.03654852502261946], "world_rotation": [-0.00014037487166640317, 0.9999999795125691, -0.00014584154683178262, -1.607353015661985]}, {"color": "CVPurple", "id_name": "object173050420182261", "shape": "CVBox", "id_string": "ob11958", "world_size": [0.04, 0.04, 0.04], "id": 11958, "camera_size": [16, 16], "camera_position": [271, 259], "world_position": [0.6904773840873234, 0.6199711228019757, -0.10961500744189698], "world_orientation": [0.9999825908267782, 0.00037838327764748843, 0.005888537123923032, -0.00037374376169652096, 0.9999996189210054, -0.0007889698628290096, -0.00588883341292789, 0.0007867553235004105, 0.9999823511728073], "world_rotation": [0.13234611254682097, 0.9891884829273945, -0.06317160546910208, 0.005953081896831676]}, {"color": "CVYellow", "id_name": "object105866460227279", "shape": "CVCapsule", "id_string": "ob11965", "world_size": [0.04, 0.08, 0.04], "id": 11965, "camera_size": [18, 17], "camera_position": [290, 260], "world_position": [0.6895382062261354, 0.6399748863215707, -0.06454456598646162], "world_orientation": [0.9997368731896661, -4.83099206794915e-10, 0.022938709313078006, 4.913349964333661e-10, 1.0, -3.5339853334342496e-10, -0.022938709313078006, 3.64576135373098e-10, 0.9997368731896661], "world_rotation": [1.564984888463592e-08, 0.9999999999999997, 2.123995273510721e-08, 0.02294072145466387]}, {"color": "CVGreen", "id_name": "object139424091004883", "shape": "CVBox", "id_string": "ob11972", "world_size": [0.04, 0.04, 0.04], "id": 11972, "camera_size": [17, 17], "camera_position": [219, 241], "world_position": [0.7383390746023158, 0.6210156857095579, -0.24514739113756545], "world_orientation": [0.9984864130612399, 0.054628249905831185, 0.006374734843538548, -0.05463099282783094, 0.9985065791813603, 0.0002568154659677728, -0.0063511853023553305, -0.000604684846949499, 0.9999796481936475], "world_rotation": [-0.007831732564338114, 0.11568887639781306, -0.993254623871871, 0.05502838916728621]}, {"color": "CVGreen", "id_name": "object149875182753679", "shape": "CVSphere", "id_string": "ob11979", "world_size": [0.04, 0.04, 0.04], "id": 11979, "camera_size": [16, 16], "camera_position": [235, 242], "world_position": [0.7351065851161166, 0.6199664718190404, -0.2015567840653022], "world_orientation": [0.9999919122363248, 0.0010711167624172402, 0.003876618477465551, -0.0010739735642687404, 0.9999991532328528, 0.000734924731479713, -0.003875828004673377, -0.0007390821733457256, 0.999992215827113], "world_rotation": [-0.18024744995048536, 0.9480001109279994, -0.26231021037475455, 0.004088853996246659]}, {"color": "CVRed", "id_name": "object206429409146601", "shape": "CVCapsule", "id_string": "ob11986", "world_size": [0.04, 0.08, 0.04], "id": 11986, "camera_size": [30, 37], "camera_position": [272, 162], "world_position": [0.939420489866801, 0.6199748863801247, -0.10781639944155302], "world_orientation": [0.5346471060155165, 0.8450754238701024, 4.3124603887889634e-10, -3.683664484555038e-12, 5.126353230799907e-10, -1.0, -0.8450754238701023, 0.5346471060155165, 2.771919638266951e-10], "world_rotation": [0.7889776768301767, 0.4344618657918431, -0.4344618655720289, 1.8056250845880795]}, {"color": "CVRed", "id_name": "object238393504196377", "shape": "CVCylinder", "id_string": "ob11993", "world_size": [0.04, 0.04, 0.04], "id": 11993, "camera_size": [16, 17], "camera_position": [271, 241], "world_position": [0.7373922573383548, 0.6207622121470403, -0.1105584746651517], "world_orientation": [0.9985109913667585, 0.041610616201491174, -0.03527544101928927, -0.04164535040713735, 0.9991324247630604, -0.00025015306147326076, 0.03523442789715622, 0.0017188386834197282, 0.9993775966492047], "world_rotation": [-0.018044354867963505, 0.6461708637031788, 0.7629794336405714, -0.05458687612661628]}, {"color": "CVGreen", "id_name": "object134863303510221", "shape": "CVSphere", "id_string": "ob12000", "world_size": [0.04, 0.04, 0.04], "id": 12000, "camera_size": [16, 16], "camera_position": [289, 242], "world_position": [0.7349999818900127, 0.6199874431885654, -0.06500003932075579], "world_orientation": [0.9999999999999691, -1.0371008466610133e-10, -2.4852231549374444e-07, 1.0371008952791512e-10, 1.0, 1.9573950407161083e-11, 2.485223154937424e-07, -1.9573976166846247e-11, 0.9999999999999691], "world_rotation": [7.876138399503129e-05, 0.9999999098257926, -0.00041730690275837315, -2.485223379040508e-07]}, {"color": "CVPurple", "id_name": "object214068470208671", "shape": "CVCone", "id_string": "ob12007", "world_size": [0.04, 0.04, 0.04], "id": 12007, "camera_size": [17, 18], "camera_position": [218, 224], "world_position": [0.7801819014250196, 0.6199874431879696, -0.24671735035674353], "world_orientation": [0.9989682123738769, -6.103682748000076e-10, 0.045414872746063664, 6.114342322839559e-10, 1.0, -9.580280260216528e-12, -0.045414872746063664, 3.733860329735323e-11, 0.9989682123738769], "world_rotation": [5.165585712407006e-10, 0.9999999999999999, 1.3451568101001266e-08, 0.0454304986965659]}, {"color": "CVRed", "id_name": "object37528402996269", "shape": "CVCapsule", "id_string": "ob12014", "world_size": [0.04, 0.08, 0.04], "id": 12014, "camera_size": [21, 22], "camera_position": [234, 213], "world_position": [0.807170948657257, 0.6399748863479899, -0.2044170070288487], "world_orientation": [0.945230666523373, 4.476459301569608e-10, 0.32640310516871635, -5.452963998038525e-10, 1.0, 2.076725012998654e-10, -0.32640310516871635, -3.742848549555471e-10, 0.945230666523373], "world_rotation": [-8.914703123835191e-10, 1.0, -1.5210368930889393e-09, 0.3324957534277391]}, {"color": "CVYellow", "id_name": "object219935754238578", "shape": "CVCylinder", "id_string": "ob12021", "world_size": [0.04, 0.04, 0.04], "id": 12021, "camera_size": [18, 21], "camera_position": [259, 144], "world_position": [0.9856170145543727, 0.6199874431851706, -0.14111713371903284], "world_orientation": [2.8397676397895477e-10, 0.9896155763431869, 0.14373938590011506, -1.0, 3.4491040665912687e-10, -3.9899952786193193e-10, -4.444333512321208e-10, -0.14373938590011504, 0.989615576343187], "world_rotation": [-0.07187066153984013, 0.07187066196156226, -0.9948211979843576, 1.5759885616386666]}, {"color": "CVPurple", "id_name": "object274204449776237", "shape": "CVCylinder", "id_string": "ob12028", "world_size": [0.04, 0.04, 0.04], "id": 12028, "camera_size": [19, 19], "camera_position": [275, 217], "world_position": [0.7993263171470756, 0.6199874431771298, -0.10167199141342187], "world_orientation": [0.9838093850233328, -5.745313110130201e-10, -0.17921800674042673, 5.829373782526862e-10, 1.0, -5.758614471288334e-12, 0.17921800674042673, -9.88074960233521e-11, 0.9838093850233328], "world_rotation": [2.595969100550053e-10, 1.0, -3.2292198488239647e-09, -0.1801915310337492]}, {"color": "CVBlue", "id_name": "object274750644071681", "shape": "CVCone", "id_string": "ob12035", "world_size": [0.04, 0.04, 0.04], "id": 12035, "camera_size": [18, 18], "camera_position": [290, 223], "world_position": [0.7819202507241706, 0.6199874431974958, -0.062615182477488], "world_orientation": [0.9950335849785108, -1.473328869391887e-10, -0.09953976474159806, 1.6458325996333812e-10, 1.0, 1.6508964324198712e-10, 0.09953976474159806, -1.8065231853505382e-10, 0.9950335849785108], "world_rotation": [1.7367027271692655e-09, 0.9999999999999999, -1.566791662167631e-09, -0.09970487805765406]}, {"color": "CVPurple", "id_name": "object76939259812329", "shape": "CVCapsule", "id_string": "ob12042", "world_size": [0.04, 0.08, 0.04], "id": 12042, "camera_size": [22, 22], "camera_position": [234, 270], "world_position": [0.6648264856112137, 0.6812302609737669, -0.20289874741055966], "world_orientation": [0.9667264161170476, 0.044411441874335406, 0.2519278869282468, -0.03688570967443789, 0.9987231201328746, -0.03451917921778007, -0.25313925180284086, 0.024078063516376674, 0.9671301701704892], "world_rotation": [0.11380021811187876, 0.9808780732141296, -0.15788513497294682, 0.2603891843984791]}, {"color": "CVBlue", "id_name": "object96894760434852", "shape": "CVCapsule", "id_string": "ob12049", "world_size": [0.04, 0.08, 0.04], "id": 12049, "camera_size": [22, 23], "camera_position": [257, 271], "world_position": [0.6644051510438461, 0.680634617649542, -0.14621303799718344], "world_orientation": [0.9456204352480895, 0.03912071128466163, -0.3229110750497667, -0.03725285519427429, 0.9992342362864941, 0.011965191716865452, 0.3231318882764254, 0.0007148297203272546, 0.9463536716246115], "world_rotation": [0.017291252751764363, 0.9929362424790753, 0.11738241329010697, -0.3313495447935315]}, {"color": "CVGreen", "id_name": "object73337016503522", "shape": "CVCylinder", "id_string": "ob12056", "world_size": [0.04, 0.04, 0.04], "id": 12056, "camera_size": [18, 18], "camera_position": [273, 279], "world_position": [0.6414076171233749, 0.6599671780635142, -0.10611902845119009], "world_orientation": [0.9961743793691138, 8.349056615064479e-05, -0.08738763595547354, -6.403914330483676e-05, 0.9999999725488822, 0.00022539126738416434, 0.08738765237462974, -0.00021893277655961457, 0.9961743573696777], "world_rotation": [0.002542249845793558, 0.9999964122174549, 0.0008441077772523673, -0.0874995669485442]}, {"color": "CVBlue", "id_name": "object198376913572460", "shape": "CVSphere", "id_string": "ob12063", "world_size": [0.04, 0.04, 0.04], "id": 12063, "camera_size": [20, 21], "camera_position": [234, 254], "world_position": [0.7054304991692353, 0.660657581884626, -0.20271569809607184], "world_orientation": [0.9670702496792536, 0.03549435585308, 0.2520223856880205, -0.036904093076454356, 0.9993184352176935, 0.0008677259159984073, -0.25181981673313725, -0.010139809497018534, 0.9677210156671465], "world_rotation": [-0.02162002131695862, 0.9896020088063691, -0.1421985894608417, 0.25740106116427164]}, {"color": "CVPurple", "id_name": "object157113330103038", "shape": "CVBox", "id_string": "ob12070", "world_size": [0.04, 0.04, 0.04], "id": 12070, "camera_size": [23, 24], "camera_position": [284, 181], "world_position": [0.8890067292741425, 0.6199874431109532, -0.07875293869307655], "world_orientation": [0.6848290764301815, 0.7287037368339649, -4.0997971684220157e-10, 9.46059897088958e-12, -5.715061479616424e-10, -1.0, -0.728703736833965, 0.6848290764301816, -3.9827804942937927e-10], "world_rotation": [0.8530733891302535, 0.3689619171460497, -0.3689619173488431, 1.7290414118581778]}, {"color": "CVYellow", "id_name": "object203659371078830", "shape": "CVCone", "id_string": "ob12077", "world_size": [0.04, 0.04, 0.04], "id": 12077, "camera_size": [18, 19], "camera_position": [272, 257], "world_position": [0.6977995685850638, 0.6604259372118116, -0.10974110276045364], "world_orientation": [0.9950500798370456, 0.03784650354650224, -0.09188569412913987, -0.037809921116091424, 0.9992826589080769, 0.0021395024653918654, 0.09190075343262534, 0.0013452787477203168, 0.99576726283987], "world_rotation": [0.003996072872653379, 0.9247067559453365, 0.3806592267509727, -0.09953982474703822]}, {"color": "CVPurple", "id_name": "object249327299151889", "shape": "CVCone", "id_string": "ob12084", "world_size": [0.04, 0.04, 0.04], "id": 12084, "camera_size": [20, 21], "camera_position": [234, 237], "world_position": [0.7466984568916984, 0.660411578859536, -0.20361971413186114], "world_orientation": [0.9706900503899388, 0.0399416086890627, 0.23699260319534823, -0.03735305684243342, 0.9991833919116047, -0.015404495205846087, -0.23741435343825343, 0.006100592049202192, 0.9713893182232062], "world_rotation": [0.044695803414389446, 0.9859992577866264, -0.16064790319628855, 0.2429547650603588]}, {"color": "CVYellow", "id_name": "object133808339053356", "shape": "CVCylinder", "id_string": "ob12091", "world_size": [0.04, 0.04, 0.04], "id": 12091, "camera_size": [24, 26], "camera_position": [330, 118], "world_position": [1.051080898788714, 0.619987443181947, 0.03984410658150006], "world_orientation": [4.1928938099289326e-10, 0.742465536595645, -0.6698842638603635, -1.0, 8.898387582334522e-11, -5.272879910478423e-10, -3.318843533328675e-10, 0.6698842638603635, 0.7424655365956451], "world_rotation": [-0.33775398615698715, 0.3377539857237946, 0.8785468057893994, -1.699922088133321]}, {"color": "CVRed", "id_name": "object35920949151493", "shape": "CVSphere", "id_string": "ob12098", "world_size": [0.04, 0.04, 0.04], "id": 12098, "camera_size": [18, 18], "camera_position": [271, 240], "world_position": [0.7384989373882626, 0.6607448208646532, -0.1107372462832431], "world_orientation": [0.9932056232470285, 0.04160499812756182, -0.10868124990672254, -0.04154924391528653, 0.9991325940357095, 0.002778464601537975, 0.10870257715689138, 0.0017560370951523192, 0.9940727669809544], "world_rotation": [0.004392861274908818, 0.9339899305672891, 0.35727232242188833, -0.11663803892776761]}, {"color": "CVGreen", "id_name": "object236749426350239", "shape": "CVCylinder", "id_string": "ob12105", "world_size": [0.04, 0.04, 0.04], "id": 12105, "camera_size": [24, 24], "camera_position": [162, 141], "world_position": [0.9932115691487603, 0.6199874431722304, -0.3880291904132421], "world_orientation": [-5.868280306131624e-10, -0.4947861132218416, 0.869014788230225, 1.0, -4.345454551746286e-10, 4.278649656797028e-10, 1.659248849428252e-10, 0.8690147882302252, 0.4947861132218415], "world_rotation": [0.4490712318074939, 0.44907123194285387, 0.7724442098975354, 1.8261699618005165]}, {"color": "CVPurple", "id_name": "object157728619894736", "shape": "CVCone", "id_string": "ob12112", "world_size": [0.04, 0.04, 0.04], "id": 12112, "camera_size": [19, 19], "camera_position": [485, 32], "world_position": [1.4889856156569552, 0.019987443185702808, 0.6565591223193988], "world_orientation": [3.7027652471932626e-10, 0.8930648304495282, -0.44992800381189374, -1.0, 1.5777411321860058e-10, -5.098015898319375e-10, -3.842988705038408e-10, 0.44992800381189374, 0.8930648304495282], "world_rotation": [-0.22528625485023776, 0.22528625440254715, 0.9478882882243164, -1.6242894195014772]}, {"color": "CVBlue", "id_name": "object48911962126153", "shape": "CVSphere", "id_string": "ob12119", "world_size": [0.04, 0.04, 0.04], "id": 12119, "camera_size": [24, 22], "camera_position": [148, 273], "world_position": [0.6547122205779243, 0.6199894309139403, -0.42491537611178565], "world_orientation": [0.5392302782100635, -1.8734570578868513e-05, -0.8421583620142437, 8.510934174199609e-05, -0.9999999934336069, 7.674103517429515e-05, -0.8421583579220108, -0.00011305663358071339, -0.5392302730747779], "world_rotation": [0.8772771160990462, 1.891499565509236e-05, -0.47998423016924613, -3.141484479293643]}, {"color": "CVGreen", "id_name": "object67412962434728", "shape": "CVCylinder", "id_string": "ob12126", "world_size": [0.04, 0.04, 0.04], "id": 12126, "camera_size": [22, 23], "camera_position": [303, 182], "world_position": [0.8887269558165529, 0.6199874431794917, -0.027932132073283582], "world_orientation": [-0.9085255893223144, 0.4178292157646968, 2.101608886917461e-10, -1.6360024446271382e-11, -5.38555866569368e-10, 1.0, 0.41782921576469667, 0.9085255893223145, 4.961274724379905e-10], "world_rotation": [0.1529830553729802, 0.6987832941045808, 0.6987832944834175, -2.837980500179921]}], "source": "manual check"}
