{"timestamp": 1721661157.387783, "objects": [{"color": "cv_", "id_name": "hand", "shape": "CVBox", "id_string": "ob383", "world_size": [0.005, 0.09, 0.5], "id": 383, "camera_size": [3, 208], "camera_position": [246, 271], "world_position": [0.6620999555027272, 0.665767738231885, -0.1741050537078943], "world_orientation": [2.3201791705132205e-06, -0.0016540013783033246, 0.9999986321360933, -0.0007634541539024087, -0.9999983407109483, -0.0016539991249318665, 0.9999997085661434, -0.0007634492720271016, -3.582929543103037e-06], "world_rotation": [0.0, 1.0, 0.0, 0.0]}, {"color": "CVYellow", "id_name": "object109591444523341", "shape": "CVSphere", "id_string": "ob8038", "world_size": [0.04, 0.04, 0.04], "id": 8038, "camera_size": [17, 18], "camera_position": [256, 239], "world_position": [0.741650734683371, 0.6199932737324164, -0.1499199243952129], "world_orientation": [0.9959190460261608, 0.000939964237045684, -0.09024616462529005, -0.0009648845159128639, 0.9999995074684754, -0.00023250952122798557, 0.09024590162557426, 0.00031863778744083994, 0.9959194624615726], "world_rotation": [-0.0030533976387898667, 0.9999396535960365, 0.010553005690227072, -0.09037445209711853]}, {"color": "CVBlue", "id_name": "object243502230853634", "shape": "CVCone", "id_string": "ob8045", "world_size": [0.04, 0.04, 0.04], "id": 8045, "camera_size": [19, 20], "camera_position": [217, 295], "world_position": [0.5997547174556909, 0.6199874431747933, -0.2493096461584272], "world_orientation": [0.9813261379676267, -3.550178460841993e-10, 0.1923512696644932, 4.395853405073717e-10, 1.0, -3.9697548425997926e-10, -0.1923512696644932, 4.741172172091652e-10, 0.9813261379676267], "world_rotation": [2.264327922005764e-09, 1.0, 2.0655002381256693e-09, 0.19355759891705318]}, {"color": "CVRed", "id_name": "object149386208923885", "shape": "CVCapsule", "id_string": "ob8052", "world_size": [0.04, 0.08, 0.04], "id": 8052, "camera_size": [34, 28], "camera_position": [226, 279], "world_position": [0.6425694811928089, 0.6446918149255635, -0.2227788462716709], "world_orientation": [0.4076976270350362, 0.19785575871127256, 0.8914234367879204, -0.44257961564944315, 0.8967228278720712, 0.0033843440586222295, -0.7986901331064455, -0.39590563107627386, 0.4531586946760546], "world_rotation": [-0.21571981924538372, 0.9130982907312145, -0.34600068070521706, 1.1823082660517654]}, {"color": "CVBlue", "id_name": "object267679864655047", "shape": "CVCylinder", "id_string": "ob8059", "world_size": [0.04, 0.04, 0.04], "id": 8059, "camera_size": [16, 17], "camera_position": [255, 296], "world_position": [0.598576122616319, 0.6199874431868251, -0.15115522778931972], "world_orientation": [0.9999675874530776, -4.6153074277008705e-12, -0.00805133798021854, 9.651969334535912e-12, 1.0, 6.255294553902927e-10, 0.00805133798021854, -6.255868916547555e-10, 0.9999675874530776], "world_rotation": [7.769617609637876e-08, 0.9999999999999969, -8.860189944385788e-10, -0.00805142496946974]}, {"color": "CVYellow", "id_name": "object165204013684220", "shape": "CVSphere", "id_string": "ob8066", "world_size": [0.04, 0.04, 0.04], "id": 8066, "camera_size": [16, 17], "camera_position": [271, 295], "world_position": [0.5997743007293852, 0.6199874378174149, -0.10978626009021322], "world_orientation": [0.99994205926892, -0.0004490729267382329, -0.01075529816128852, 0.00044909626252830304, 0.9999998991562383, -2.45450145899432e-07, 0.010755297186908812, -4.58472828227579e-06, 0.9999421601079742], "world_rotation": [0.00020155185121374699, 0.9991293890092682, -0.04171838197746713, -0.010764877422789714]}, {"color": "CVGreen", "id_name": "object59188576832832", "shape": "CVSphere", "id_string": "ob8073", "world_size": [0.04, 0.04, 0.04], "id": 8073, "camera_size": [16, 17], "camera_position": [289, 295], "world_position": [0.6, 0.6199874431539305, -0.065], "world_orientation": [1.0, 2.049142105997599e-16, 5.802954297681148e-18, -2.049142105997599e-16, 1.0, 6.179952383167331e-17, -5.802954297681148e-18, -6.179952383167331e-17, 1.0], "world_rotation": [-0.28863572672225335, 0.027102796704540077, -0.9570553043948448, 2.1410905896324258e-16]}, {"color": "CVYellow", "id_name": "object262703463153790", "shape": "CVBox", "id_string": "ob8080", "world_size": [0.04, 0.04, 0.04], "id": 8080, "camera_size": [18, 18], "camera_position": [209, 274], "world_position": [0.6527682886465663, 0.6199874392622605, -0.26876589322682887], "world_orientation": [0.9969726136372513, -2.0065362246218792e-05, -0.07775350316667197, 2.0135878780815108e-05, 0.9999999997972658, 1.2291991295571507e-07, 0.07775350314844222, -1.6881829014353803e-06, 0.9969726138391644], "world_rotation": [1.1646438296672376e-05, 0.999999966516602, -0.00025851722461621635, -0.0778320642009533]}, {"color": "CVPurple", "id_name": "object202233541365787", "shape": "CVCapsule", "id_string": "ob8087", "world_size": [0.04, 0.08, 0.04], "id": 8087, "camera_size": [20, 20], "camera_position": [234, 263], "world_position": [0.681428876496955, 0.6399748562771203, -0.2036568477754029], "world_orientation": [0.9590277554545047, 0.0008680206468520363, -0.28331080249092416, -0.0009546710932246147, 0.9999995302252224, -0.0001677868836511912, 0.2833105237561756, 0.0004313809119590616, 0.9590281336016742], "world_rotation": [-0.001057433479672595, 0.999994267148357, 0.003216753776155004, -0.2872461531834637]}, {"color": "CVPurple", "id_name": "object266628218315372", "shape": "CVCapsule", "id_string": "ob8094", "world_size": [0.04, 0.08, 0.04], "id": 8094, "camera_size": [18, 31], "camera_position": [256, 272], "world_position": [0.6611409503117821, 0.645361732002651, -0.14952511772233423], "world_orientation": [0.8976390609162563, 0.42856646188630704, -0.10283435254638391, -0.42621435119999934, 0.9035036317337772, 0.04497237235279882, 0.11218486149452202, 0.0034605187656864614, 0.9936813280228864], "world_rotation": [0.04704495396970784, 0.2436790495497803, 0.9687142474003899, -0.45692814851934815]}, {"color": "CVYellow", "id_name": "object153023801455078", "shape": "CVCylinder", "id_string": "ob8101", "world_size": [0.04, 0.04, 0.04], "id": 8101, "camera_size": [18, 18], "camera_position": [272, 276], "world_position": [0.6478748446309422, 0.6199748891569239, -0.10720316994321744], "world_orientation": [0.9898350829165662, 0.00023966593117515534, -0.14221972854634474, -0.0002302809807581114, 0.9999999700864992, 8.244798694910972e-05, 0.14221974405202836, -4.88594114252715e-05, 0.9898351084976394], "world_rotation": [0.0004616349621516798, 0.9999985285902404, 0.0016521835600235252, -0.14270379821930482]}, {"color": "CVRed", "id_name": "object243984197490938", "shape": "CVCylinder", "id_string": "ob8108", "world_size": [0.04, 0.04, 0.04], "id": 8108, "camera_size": [16, 16], "camera_position": [289, 277], "world_position": [0.6450329006614787, 0.6199874430578473, -0.06468582436353967], "world_orientation": [0.9999543418933601, 2.053249289293724e-11, -0.009555842642968953, -2.5684549401138186e-11, 1.0, -5.390297844740655e-10, 0.009555842642968953, 5.392506109071167e-10, 0.9999543418933601], "world_rotation": [-5.641995351265873e-08, 0.9999999999999986, 2.4182609541023143e-09, -0.009555988079519255]}, {"color": "CVYellow", "id_name": "object914097065145", "shape": "CVCapsule", "id_string": "ob8115", "world_size": [0.04, 0.08, 0.04], "id": 8115, "camera_size": [27, 17], "camera_position": [212, 259], "world_position": [0.693302695663752, 0.64393563216793, -0.25961141521930337], "world_orientation": [0.9998270631893041, 0.003151921611446766, -0.01832782323153722, 0.0020925560674942764, 0.9602059419599124, 0.27928510564292913, 0.018478769530344098, -0.27927515896519156, 0.9600332914340064], "world_rotation": [0.9978341515057063, 0.06575275325776184, 0.0018924925127386948, -0.28367569841609824]}, {"color": "CVRed", "id_name": "object124658317922638", "shape": "CVBox", "id_string": "ob8122", "world_size": [0.04, 0.04, 0.04], "id": 8122, "camera_size": [17, 16], "camera_position": [236, 245], "world_position": [0.7270451729667122, 0.6199795046509103, -0.20130521908412374], "world_orientation": [0.9996937160856642, -5.068961277385392e-05, 0.024748160525556694, 4.8260220005783084e-05, 0.9999999939585253, 9.87618367998426e-05, -0.024748165382240575, -9.753723596617897e-05, 0.9996937124923319], "world_rotation": [-0.003965893087603259, 0.9999901375666069, 0.00199911518842481, 0.024750934062418444]}, {"color": "CVRed", "id_name": "object201169209879071", "shape": "CVBox", "id_string": "ob8129", "world_size": [0.04, 0.04, 0.04], "id": 8129, "camera_size": [18, 18], "camera_position": [256, 255], "world_position": [0.7007338979573365, 0.6199327521652978, -0.14917671577727828], "world_orientation": [0.9919911520488705, 0.0013949004712099447, -0.12629967739242456, -0.0015542741192459016, 0.9999981154446819, -0.0011633310135157429, 0.12629781664271691, 0.0013503183921518144, 0.9919914506443707], "world_rotation": [-0.009950034083990356, 0.9998823501452977, 0.011674017716436828, -0.12665193420737714]}, {"color": "CVYellow", "id_name": "object52140132663245", "shape": "CVCapsule", "id_string": "ob8136", "world_size": [0.04, 0.08, 0.04], "id": 8136, "camera_size": [17, 17], "camera_position": [273, 260], "world_position": [0.6907683149408448, 0.6399706874418329, -0.10710064641808931], "world_orientation": [0.9998085437591911, 0.0008826415126856477, -0.019547295723081243, -0.0009091635456661985, 0.9999986782007063, -0.0013479682813426622, 0.019546080112716663, 0.0013654818930905733, 0.9998080246784515], "world_rotation": [-0.06917059829437343, 0.9965586327649286, 0.04567624977266059, -0.019615445407802135]}, {"color": "CVBlue", "id_name": "object230825479403040", "shape": "CVBox", "id_string": "ob8143", "world_size": [0.04, 0.04, 0.04], "id": 8143, "camera_size": [16, 16], "camera_position": [289, 259], "world_position": [0.690266081973367, 0.6199874431719593, -0.06511250524385272], "world_orientation": [0.9999895494195531, -5.165723842327795e-10, -0.004571766800650061, 5.15767363714852e-10, 1.0, -1.772642003819917e-10, 0.004571766800650061, 1.7490437975790332e-10, 0.9999895494195531], "world_rotation": [-3.8515588775199286e-08, 0.9999999999999927, -1.12903806445337e-07, -0.004571782726588913]}, {"color": "CVBlue", "id_name": "object32210560885529", "shape": "CVCapsule", "id_string": "ob8150", "world_size": [0.04, 0.08, 0.04], "id": 8150, "camera_size": [19, 30], "camera_position": [218, 236], "world_position": [0.7480887053871523, 0.6446597503049465, -0.24553971571895708], "world_orientation": [0.906416052491621, 0.42204090899036184, -0.017070762258782998, -0.42210764800658507, 0.9065456514513283, -0.0003396012893455277, 0.015332099655809497, 0.0075135193668441095, 0.9998542262484409], "world_rotation": [-0.00929576010734704, 0.03835535506666868, 0.9992209243114039, -0.4360952112353147]}, {"color": "CVGreen", "id_name": "object18165740397824", "shape": "CVSphere", "id_string": "ob8157", "world_size": [0.04, 0.04, 0.04], "id": 8157, "camera_size": [16, 17], "camera_position": [236, 228], "world_position": [0.7708337205799852, 0.6199828185019213, -0.19899635950002792], "world_orientation": [0.9998027522801639, -0.0004140947159698262, 0.01985661246475494, 0.0004140889811607337, 0.9999999142554725, 4.40041876401896e-06, -0.019856612584349235, 3.822853633383125e-06, 0.9998028380246083], "world_rotation": [-1.4540233917371506e-05, 0.9997826239812905, 0.02084957010748728, 0.019862235758481568]}, {"color": "CVGreen", "id_name": "object111638558882120", "shape": "CVSphere", "id_string": "ob8164", "world_size": [0.04, 0.04, 0.04], "id": 8164, "camera_size": [18, 19], "camera_position": [258, 180], "world_position": [0.8939135571782729, 0.6199838101921215, -0.14308476523123725], "world_orientation": [0.1587367126521056, -0.00012779788715224158, -0.9873209405882685, -0.0002951681891416666, 0.9999999407919891, -0.00017689476686815172, 0.9873209047377368, 0.00031950542791309714, 0.15873666553174964], "world_rotation": [-0.00025138744957114105, 0.9999999648100605, 8.475982441871226e-05, -1.4113853699972834]}, {"color": "CVRed", "id_name": "object108214934332270", "shape": "CVCapsule", "id_string": "ob8171", "world_size": [0.04, 0.08, 0.04], "id": 8171, "camera_size": [18, 17], "camera_position": [272, 241], "world_position": [0.7370515779774411, 0.6399560500136966, -0.1083059042969151], "world_orientation": [0.9981870789304638, 0.0014954705904895453, -0.06016908694654703, -0.0014836442348136612, 0.9999988703040703, 0.00024122679732084112, 0.06016937972135544, -0.0001515199532151938, 0.9981881700289035], "world_rotation": [0.003262667178428968, 0.9996883868904476, 0.02474841650000135, -0.06022438750865016]}, {"color": "CVGreen", "id_name": "object263915710830460", "shape": "CVBox", "id_string": "ob8178", "world_size": [0.04, 0.04, 0.04], "id": 8178, "camera_size": [16, 16], "camera_position": [289, 242], "world_position": [0.7350000484351239, 0.6199874431698212, -0.06501154578767818], "world_orientation": [0.9999999999999152, -2.6994673200203037e-12, -4.119957009023599e-07, 2.699687996719725e-12, 1.0, 5.359401758971064e-10, 4.1199570090235844e-07, -5.359401770086742e-10, 0.9999999999999152], "world_rotation": [0.0013008381442179589, 0.999999153888236, -6.55243578589036e-06, -4.1199604949707504e-07]}, {"color": "CVBlue", "id_name": "object79970006059772", "shape": "CVCone", "id_string": "ob8185", "world_size": [0.04, 0.04, 0.04], "id": 8185, "camera_size": [16, 16], "camera_position": [218, 221], "world_position": [0.788301499292597, 0.619984594871248, -0.24563842124470872], "world_orientation": [0.9999988104847863, 0.00047555961047849986, 0.0014672668705768038, -0.0004757634263280857, 0.9999998772247768, 0.00013856259740967593, -0.0014672007956579324, -0.00013926050450107234, 0.999998913963579], "world_rotation": [-0.08969831915992703, 0.9474259537098141, -0.3071453626166818, 0.0015486533948714596]}, {"color": "CVPurple", "id_name": "object198548310228346", "shape": "CVCapsule", "id_string": "ob8192", "world_size": [0.04, 0.08, 0.04], "id": 8192, "camera_size": [25, 36], "camera_position": [229, 197], "world_position": [0.8496976467419802, 0.6199497926086578, -0.2186858384158547], "world_orientation": [-4.895911165277504e-05, 0.9460147307480348, 0.32412362889911134, -0.9999996655776046, 0.00021828634192729712, -0.000788159725138682, -0.0008163624714480901, -0.32412355909251084, 0.9460144036924168], "world_rotation": [-0.1617262590488477, 0.16252884565855052, -0.9733596413777201, 1.5977077095208316]}, {"color": "CVYellow", "id_name": "object262300939960826", "shape": "CVCone", "id_string": "ob8199", "world_size": [0.04, 0.04, 0.04], "id": 8199, "camera_size": [19, 21], "camera_position": [267, 161], "world_position": [0.9421995340347238, 0.6199785177375399, -0.12297872825841008], "world_orientation": [0.9744143935795426, 0.00010376313527059898, 0.2247589349018721, -0.0001435316147767548, 0.9999999768032621, 0.00016059934847222236, -0.22475891302390605, -0.00018875032961279938, 0.9744143858695979], "world_rotation": [-0.0007771649587023931, 0.9999995466840083, -0.000550133079444536, 0.22669572760896367]}, {"color": "CVPurple", "id_name": "object139090754264544", "shape": "CVCapsule", "id_string": "ob8206", "world_size": [0.04, 0.08, 0.04], "id": 8206, "camera_size": [18, 18], "camera_position": [272, 223], "world_position": [0.7810856431339993, 0.639959625297659, -0.10887020106065565], "world_orientation": [0.9985525592031742, 0.0005852477400763632, -0.05378144655802802, -0.0006516783674366546, 0.9999990463001259, -0.0012176675014662012, 0.05378068262951581, 0.0012509532051389269, 0.998551988277016], "world_rotation": [-0.022943091109016853, 0.999670675704334, 0.011495856088325412, -0.05382476741434338]}, {"color": "CVPurple", "id_name": "object279723171338494", "shape": "CVCylinder", "id_string": "ob8213", "world_size": [0.04, 0.04, 0.04], "id": 8213, "camera_size": [16, 16], "camera_position": [289, 224], "world_position": [0.78, 0.6199874431539305, -0.065], "world_orientation": [1.0, 4.228388472693457e-17, -1.6957377686420176e-17, -4.228388472693457e-17, 1.0, 1.0733601507606494e-16, 1.6957377686420176e-17, -1.0733601507606494e-16, 1.0], "world_rotation": [0.92051720276698, 0.14542702990328832, 0.3626279889688094, -1.1660402951017529e-16]}, {"color": "CVGreen", "id_name": "object131566584362927", "shape": "CVCylinder", "id_string": "ob8220", "world_size": [0.04, 0.04, 0.04], "id": 8220, "camera_size": [21, 19], "camera_position": [157, 282], "world_position": [0.6326746862125704, 0.6199872500085658, -0.4034986616163932], "world_orientation": [-0.18605982147305591, -0.9825384179924387, -1.526723372002881e-06, -7.920150595586154e-06, -5.4045282582571046e-08, 0.9999999999686342, -0.9825384179617029, 0.18605982147931158, -7.771796581179659e-06], "world_rotation": [-0.5054414274148159, 0.6101367912773854, 0.6101328210993154, 2.2056178566624567]}, {"color": "CVGreen", "id_name": "object49184777420451", "shape": "CVBox", "id_string": "ob8227", "world_size": [0.04, 0.04, 0.04], "id": 8227, "camera_size": [19, 23], "camera_position": [260, 264], "world_position": [0.680650333175885, 0.7051311419847038, -0.14094846161118418], "world_orientation": [0.04590256954588441, 0.42623236056880365, -0.9034483543141968, 0.11701263225870037, 0.8958814420648921, 0.428607612689765, 0.9920690490086744, -0.12538906079748255, -0.008751310264744275], "world_rotation": [0.2771537464381535, 0.948290440920395, 0.15469660789525636, -1.604286236006169]}, {"color": "CVBlue", "id_name": "object101930577906999", "shape": "CVCone", "id_string": "ob8234", "world_size": [0.04, 0.04, 0.04], "id": 8234, "camera_size": [18, 18], "camera_position": [272, 279], "world_position": [0.6411862169767488, 0.6599658248492261, -0.1089020577955245], "world_orientation": [0.9963704065873824, 0.0002211651573332045, -0.0851232281041304, -0.00020547080842981603, 0.9999999602406696, 0.0001931331314486898, 0.08512326743400724, -0.00017494179821231397, 0.9963704124153455], "world_rotation": [0.002161999943178315, 0.9999945229053093, 0.0025059759831700355, -0.085226852394721]}, {"color": "CVPurple", "id_name": "object12076944061080", "shape": "CVCylinder", "id_string": "ob8241", "world_size": [0.04, 0.04, 0.04], "id": 8241, "camera_size": [17, 17], "camera_position": [234, 237], "world_position": [0.7473659410230384, 0.6599722219806841, -0.20414666451170219], "world_orientation": [0.9999280452726201, -3.9002067729217705e-05, 0.011995947487212697, 3.8017771091863076e-05, 0.9999999958922879, 8.228045650848017e-05, -0.011995950647044736, -8.181847685506441e-05, 0.9999280426479752], "world_rotation": [-0.0068395692830284585, 0.9999714572006432, 0.0032101520283342342, 0.011996579226573184]}, {"color": "CVRed", "id_name": "object93673001146856", "shape": "CVCone", "id_string": "ob8248", "world_size": [0.04, 0.04, 0.04], "id": 8248, "camera_size": [17, 18], "camera_position": [256, 223], "world_position": [0.7818243843671694, 0.6199919289812937, -0.14973575231848826], "world_orientation": [0.996124970826632, 0.0006457029697401135, -0.08794672002591382, -0.0006704861565941026, 0.9999997434072599, -0.0002522572656831872, 0.08794653457615834, 0.0003102468197147035, 0.9961251481630989], "world_rotation": [-0.0031978796622468327, 0.9999668912990972, 0.007482637989726502, -0.08806331908267419]}, {"color": "CVGreen", "id_name": "object42965907914407", "shape": "CVBox", "id_string": "ob8255", "world_size": [0.04, 0.04, 0.04], "id": 8255, "camera_size": [20, 20], "camera_position": [307, 244], "world_position": [0.729938078681858, 0.6199874431765482, -0.018510376576622325], "world_orientation": [-4.456068847247251e-11, -0.9607508975960529, -0.27741253174357294, -1.0, -9.850986693038521e-11, 5.017951332231263e-10, -5.09427999784151e-10, 0.27741253174357294, -0.9607508975960528], "world_rotation": [-0.7035945172977468, 0.7035945172783877, 0.09954652422030251, -2.9431533614261998]}, {"color": "CVGreen", "id_name": "object40542979305671", "shape": "CVCapsule", "id_string": "ob8262", "world_size": [0.04, 0.08, 0.04], "id": 8262, "camera_size": [17, 34], "camera_position": [235, 203], "world_position": [0.8310458398015854, 0.6599045454671721, -0.2019850892804155], "world_orientation": [0.00017670348879244487, 0.9993572564083739, 0.035847494191432974, -0.9999988059203633, 0.00023162388865929012, -0.001527909755763886, -0.0015352308375630934, -0.035847181399685735, 0.9993561040249734], "world_rotation": [-0.01715963594098995, 0.01869136264415199, -0.9996780380987059, 1.5709141110939564]}, {"color": "CVBlue", "id_name": "object224754333803576", "shape": "CVBox", "id_string": "ob8269", "world_size": [0.04, 0.04, 0.04], "id": 8269, "camera_size": [22, 24], "camera_position": [266, 164], "world_position": [0.9274660890331279, 0.659973594723787, -0.12462935611960185], "world_orientation": [0.8580589852813206, 5.646427034466712e-05, -0.5135511411629582, 3.794808336764412e-05, 0.9999999842542279, 0.00017335364723716163, 0.513551142864986, -0.0001682359361615356, 0.8580589696278085], "world_rotation": [0.0003325759953648703, 0.999999944534105, 1.8027596898521115e-05, -0.539318297985633]}, {"color": "CVBlue", "id_name": "object249255700608375", "shape": "CVBox", "id_string": "ob8276", "world_size": [0.04, 0.04, 0.04], "id": 8276, "camera_size": [24, 24], "camera_position": [276, 237], "world_position": [0.743915786856961, 0.6999349906466055, -0.10113216163788415], "world_orientation": [0.7904531505693396, 0.0011974491592853845, -0.61252133258403, -0.0010157850951900715, 0.9999992766652521, 0.000644088202887705, 0.6125216607889432, 0.00011306849090768817, 0.7904537951581174], "world_rotation": [0.00043346951767290435, 0.9999982740488864, 0.0018066553145596384, -0.6592479359343879]}, {"color": "CVRed", "id_name": "object103510690587831", "shape": "CVBox", "id_string": "ob8283", "world_size": [0.04, 0.04, 0.04], "id": 8283, "camera_size": [19, 20], "camera_position": [259, 196], "world_position": [0.8512798035827341, 0.619987443186011, -0.14236869577392758], "world_orientation": [0.18492469531680794, -0.9827526937444566, -3.0995711552961325e-10, 3.478363153064379e-10, 3.8084924103287676e-10, -1.0, 0.9827526937444566, 0.18492469531680794, 4.1226544400529974e-10], "world_rotation": [-0.6487843523760487, 0.538088684182111, -0.538088684202851, -1.9905523319667835]}, {"color": "CVBlue", "id_name": "object72855498265162", "shape": "CVCone", "id_string": "ob8290", "world_size": [0.04, 0.04, 0.04], "id": 8290, "camera_size": [15, 13], "camera_position": [356, 259], "world_position": [0.6896137189130243, 0.0199874431724917, 0.2028983851055592], "world_orientation": [1.4021273031517012e-10, -0.9851790687574304, -0.17152901352903088, -1.0, -2.2406232424998512e-10, 4.694768601654076e-10, -5.009519882248625e-10, 0.1715290135290309, -0.9851790687574303], "world_rotation": [-0.7057906869404109, 0.7057906868109002, 0.06098370798156493, -3.0197761012740414]}, {"color": "CVPurple", "id_name": "object205086288992683", "shape": "CVCylinder", "id_string": "ob8297", "world_size": [0.04, 0.04, 0.04], "id": 8297, "camera_size": [18, 20], "camera_position": [268, 140], "world_position": [0.9945719447670909, 0.6199874431856026, -0.11863760064881329], "world_orientation": [-3.774063154007857e-10, 0.9941311709925859, -0.10818139794303797, -1.0, -4.276474088044102e-10, -4.4121546693975954e-10, -4.848895243658725e-10, 0.10818139794303792, 0.9941311709925859], "world_rotation": [-0.0540909320754793, 0.054090931612424814, 0.9970698782856223, -1.573730745912419]}, {"color": "CVPurple", "id_name": "object249581576152035", "shape": "CVCapsule", "id_string": "ob8304", "world_size": [0.04, 0.08, 0.04], "id": 8304, "camera_size": [25, 25], "camera_position": [275, 238], "world_position": [0.7411635208838907, 0.759919048040554, -0.1063991405520147], "world_orientation": [0.6707176883514615, 0.0008945278682878125, -0.741712196443044, -0.00040955247338296524, 0.9999995669534996, 0.0008356791160804386, 0.7417126227854312, -0.0002567347003495039, 0.6707177642556147], "world_rotation": [0.0007364128494691012, 0.9999993424390062, 0.000879100489121289, -0.8356205933178483]}], "source": "manual check"}
