{"timestamp": 1721660825.691235, "objects": [{"color": "cv_", "id_name": "hand", "shape": "CVBox", "id_string": "ob383", "world_size": [0.005, 0.09, 0.5], "id": 383, "camera_size": [3, 208], "camera_position": [246, 271], "world_position": [0.6636613535434202, 0.6698163901486087, -0.17409517275244948], "world_orientation": [-1.4050275365177637e-06, -0.0016601958867042774, 0.9999986218728724, -0.0007631623030737377, -0.9999983306640877, -0.0016601964755051336, 0.9999997087906202, -0.0007631635839611899, 1.380262749650342e-07], "world_rotation": [0.0, 1.0, 0.0, 0.0]}, {"color": "CVBlue", "id_name": "object258252933955920", "shape": "CVSphere", "id_string": "ob4762", "world_size": [0.04, 0.04, 0.04], "id": 4762, "camera_size": [16, 17], "camera_position": [255, 238], "world_position": [0.7451882246363037, 0.6208119475155499, -0.15091323032883713], "world_orientation": [0.9990502769916233, 0.04356921619148234, 0.000517149321501588, -0.043568882423616534, 0.9990502203901032, -0.000640017846196436, -0.0005445432195280933, 0.0006168783885381757, 0.9999996614668106], "world_rotation": [0.014421616584271813, 0.012181851082038012, -0.9998217938609416, 0.04359061837955139]}, {"color": "CVBlue", "id_name": "object149094418626887", "shape": "CVSphere", "id_string": "ob4769", "world_size": [0.04, 0.04, 0.04], "id": 4769, "camera_size": [18, 18], "camera_position": [219, 295], "world_position": [0.5994926223464344, 0.6199874431765241, -0.242937619225663], "world_orientation": [0.9938018537007047, 4.2214289460698444e-10, -0.11116598212152447, -4.6491048046492e-10, 1.0, -3.5879683625100206e-10, 0.11116598212152447, 4.082551911276666e-10, 0.9938018537007047], "world_rotation": [-3.450030363336072e-09, 1.0, 3.98976988348016e-09, -0.11139622740058253]}, {"color": "CVYellow", "id_name": "object174390263874376", "shape": "CVCone", "id_string": "ob4776", "world_size": [0.04, 0.04, 0.04], "id": 4776, "camera_size": [16, 18], "camera_position": [236, 295], "world_position": [0.5992781200657366, 0.619988698923545, -0.20011245279346151], "world_orientation": [0.9996712268260295, -0.0003259600444969765, 0.02563848681553703, 0.0003261749792703605, 0.9999999467961148, -4.2012827549182615e-06, -0.025638484082019596, 1.2562534391434555e-05, 0.9996712799596471], "world_rotation": [0.00032690036855936193, 0.9999190839817665, 0.012716863812034093, 0.02564337052682144]}, {"color": "CVYellow", "id_name": "object248190753461637", "shape": "CVBox", "id_string": "ob4783", "world_size": [0.04, 0.04, 0.04], "id": 4783, "camera_size": [16, 16], "camera_position": [255, 291], "world_position": [0.6098499811090574, 0.619987443186582, -0.15132385679228172], "world_orientation": [0.9999999617247866, 2.475026562632186e-10, -0.0002766774755635349, -2.473674497860223e-10, 1.0, 4.887132393938384e-10, 0.000276677475563535, -4.886447796867481e-10, 0.9999999617247866], "world_rotation": [1.766240669009999e-06, 0.9999999999980402, 8.943086260280544e-07, -0.0002766774790940404]}, {"color": "CVRed", "id_name": "object7516033619089", "shape": "CVCapsule", "id_string": "ob4790", "world_size": [0.04, 0.08, 0.04], "id": 4790, "camera_size": [18, 19], "camera_position": [272, 296], "world_position": [0.5995851774634763, 0.6399748565493343, -0.10921162145169443], "world_orientation": [0.9991531361994282, -2.9644736413772453e-06, -0.04114620777251613, -5.7551901411598776e-06, 0.9999999775537002, -0.0002118005601386384, 0.04114620747681319, 0.00021185799816063466, 0.9991531137550759], "world_rotation": [-0.005148140840786912, 0.9999867476601262, 3.3911746396115515e-05, -0.041158372391366486]}, {"color": "CVBlue", "id_name": "object169352789404176", "shape": "CVSphere", "id_string": "ob4797", "world_size": [0.04, 0.04, 0.04], "id": 4797, "camera_size": [16, 17], "camera_position": [289, 295], "world_position": [0.6, 0.6199874431539305, -0.065], "world_orientation": [1.0, 2.049142105997599e-16, 5.802954297681148e-18, -2.049142105997599e-16, 1.0, 6.179952383167331e-17, -5.802954297681148e-18, -6.179952383167331e-17, 1.0], "world_rotation": [-0.28863572672225335, 0.027102796704540077, -0.9570553043948448, 2.1410905896324258e-16]}, {"color": "CVRed", "id_name": "object278049994581594", "shape": "CVCylinder", "id_string": "ob4804", "world_size": [0.04, 0.04, 0.04], "id": 4804, "camera_size": [18, 18], "camera_position": [218, 278], "world_position": [0.6431836025431932, 0.6199813967801948, -0.24516430318812577], "world_orientation": [0.9959008396777671, 0.00015150550711924763, -0.09045161455275265, -0.00014182810919823838, 0.9999999835106598, 0.0001134172300993359, 0.09045163024460012, -0.00010012373322391022, 0.9959008447437588], "world_rotation": [0.001180412955368302, 0.9999979886936877, 0.0016214912378289435, -0.09057559965313383]}, {"color": "CVYellow", "id_name": "object272416025210201", "shape": "CVCylinder", "id_string": "ob4811", "world_size": [0.04, 0.04, 0.04], "id": 4811, "camera_size": [17, 17], "camera_position": [236, 277], "world_position": [0.6458518257337418, 0.6199804432459897, -0.20125633096904322], "world_orientation": [0.999060411907984, -0.00032929072676195534, 0.04333803094127124, 0.00034228785826558077, 0.9999998986469069, -0.00029248110740812355, -0.04333793023751133, 0.0003070403774347991, 0.9990604233623386], "world_rotation": [0.006916440755441633, 0.9999460662716324, 0.0077477348408677435, 0.04335389786344024]}, {"color": "CVYellow", "id_name": "object166549219834159", "shape": "CVCapsule", "id_string": "ob4818", "world_size": [0.04, 0.08, 0.04], "id": 4818, "camera_size": [17, 24], "camera_position": [256, 270], "world_position": [0.664168322642913, 0.642921589915647, -0.15031312028951221], "world_orientation": [0.9808634655610765, 0.1843315612652299, -0.06267964142397194, -0.18449666039900106, 0.9828279518173246, 0.0031936543611089923, 0.0621919948958914, 0.008431645633288099, 0.9980285883294046], "world_rotation": [-0.013450454168664671, 0.320653497497667, 0.9471010610410961, -0.19596615672604137]}, {"color": "CVBlue", "id_name": "object277573491283300", "shape": "CVCapsule", "id_string": "ob4825", "world_size": [0.04, 0.08, 0.04], "id": 4825, "camera_size": [17, 17], "camera_position": [272, 278], "world_position": [0.6450073202335708, 0.6399687030291573, -0.10995883784105459], "world_orientation": [0.9999998671487061, -7.146943632439581e-06, -0.000515413903003709, 7.376398371934826e-06, 0.9999999008780082, 0.0004451848633896019, 0.0005154106702037322, -0.000445188606144491, 0.9999997680794461], "world_rotation": [0.6536314458855461, 0.7567379075125636, -0.010661720455773351, -0.000681097538971375]}, {"color": "CVYellow", "id_name": "object44962969111105", "shape": "CVSphere", "id_string": "ob4832", "world_size": [0.04, 0.04, 0.04], "id": 4832, "camera_size": [16, 16], "camera_position": [289, 277], "world_position": [0.645, 0.6199874431539305, -0.065], "world_orientation": [1.0, 3.5778671692020784e-17, -3.6332864841185517e-17, -3.5778671692020784e-17, 1.0, 1.0733601507606489e-16, 3.6332864841185517e-17, -1.0733601507606489e-16, 1.0], "world_rotation": [0.9032531890035577, 0.3057480381601587, 0.3010843963345121, -1.18832699826363e-16]}, {"color": "CVGreen", "id_name": "object187408631355730", "shape": "CVSphere", "id_string": "ob4839", "world_size": [0.04, 0.04, 0.04], "id": 4839, "camera_size": [16, 16], "camera_position": [218, 259], "world_position": [0.6900676383444158, 0.6199830333546725, -0.2458722889615122], "world_orientation": [0.9999814963772278, -0.0003148721077310054, 0.0060751756119777015, 0.0003148404755514349, 0.999999950418744, 6.16315635966822e-06, -0.006075177251368897, -4.250331140219231e-06, 0.9999815459313733], "world_rotation": [-0.0008559032460910181, 0.9986593306999262, 0.051757208537641826, 0.006083369689886644]}, {"color": "CVPurple", "id_name": "object158091241218331", "shape": "CVSphere", "id_string": "ob4846", "world_size": [0.04, 0.04, 0.04], "id": 4846, "camera_size": [16, 16], "camera_position": [236, 259], "world_position": [0.6908168406939315, 0.6199769392633244, -0.19969467655953604], "world_orientation": [0.9991180303286152, 0.0004863717306099565, 0.041987199416107526, -0.000492824824303248, 0.9999998682884687, 0.0001433413347261063, -0.04198712416873615, -0.0001639072461914511, 0.999118138429312], "world_rotation": [-0.0036585663964652597, 0.9999253292429222, -0.011659795468026144, 0.04200264648466219]}, {"color": "CVBlue", "id_name": "object242817120429219", "shape": "CVCapsule", "id_string": "ob4853", "world_size": [0.04, 0.08, 0.04], "id": 4853, "camera_size": [16, 22], "camera_position": [255, 253], "world_position": [0.7059753368064388, 0.6428984200492426, -0.15160648706549026], "world_orientation": [0.9828779258048342, 0.18425537170934306, -0.0009700318750281074, -0.18425561007715582, 0.9828783465090883, -0.00016161267138025396, 0.0009236453225506282, 0.0003375793421575937, 0.999999516459636], "world_rotation": [-0.0013545999695869337, 0.005138654074346762, 0.9999858795469196, -0.1853169772393204]}, {"color": "CVPurple", "id_name": "object245975231682546", "shape": "CVBox", "id_string": "ob4860", "world_size": [0.04, 0.04, 0.04], "id": 4860, "camera_size": [17, 17], "camera_position": [272, 259], "world_position": [0.6918099998361316, 0.6199598581878417, -0.10853084480245893], "world_orientation": [0.9986584570161419, -0.0002774822655187853, -0.051780394298725656, 0.0001760302539337847, 0.9999980562007916, -0.001963824836494237, 0.051780838574600925, 0.0019520753651061152, 0.9986565646698969], "world_rotation": [-0.03778504937764646, 0.9992763084537737, -0.0043760034880084685, -0.05184133445431391]}, {"color": "CVGreen", "id_name": "object28416767165189", "shape": "CVSphere", "id_string": "ob4867", "world_size": [0.04, 0.04, 0.04], "id": 4867, "camera_size": [16, 15], "camera_position": [289, 260], "world_position": [0.69, 0.6199874431539305, -0.065], "world_orientation": [1.0, 4.228388472693457e-17, -1.6957377686420176e-17, -4.228388472693457e-17, 1.0, 1.0733601507606494e-16, 1.6957377686420176e-17, -1.0733601507606494e-16, 1.0], "world_rotation": [0.92051720276698, 0.14542702990328832, 0.3626279889688094, -1.1660402951017529e-16]}, {"color": "CVPurple", "id_name": "object83460049688207", "shape": "CVSphere", "id_string": "ob4874", "world_size": [0.04, 0.04, 0.04], "id": 4874, "camera_size": [17, 16], "camera_position": [219, 242], "world_position": [0.7350039278213368, 0.6199852880218564, -0.2449964513195323], "world_orientation": [0.9999999851429248, 0.00017017175410832328, 2.74904469943045e-05, -0.00017016467311283887, 0.999999952400393, -0.0002573775363619796, -2.7534244072627073e-05, 0.00025737285463517287, 0.999999966500539], "world_rotation": [0.8308646881214841, 0.08881600399320534, -0.5493410484093353, 0.00030976788795369567]}, {"color": "CVGreen", "id_name": "object166110473953543", "shape": "CVCone", "id_string": "ob4881", "world_size": [0.04, 0.04, 0.04], "id": 4881, "camera_size": [17, 16], "camera_position": [236, 239], "world_position": [0.7416558723092208, 0.6199715518095722, -0.2003822550942523], "world_orientation": [0.999175259592526, -0.0004532745217626026, -0.040602895960961206, 0.00045480396349502355, 0.9999998961725023, 2.8431311641324576e-05, 0.04060287885807493, -4.687422120219872e-05, 0.999175362001708], "world_rotation": [0.0009272837149461928, 0.9999370525104269, -0.011181733392977698, -0.04061661009709413]}, {"color": "CVYellow", "id_name": "object160590261462988", "shape": "CVSphere", "id_string": "ob4888", "world_size": [0.04, 0.04, 0.04], "id": 4888, "camera_size": [16, 17], "camera_position": [255, 222], "world_position": [0.7859216310791332, 0.6200624519723331, -0.15102426451164092], "world_orientation": [0.9999846650485941, 0.005513451484287659, 0.0005210761763255893, -0.0055135211450494815, 0.9999847916691087, 0.00013234452206413905, -0.0005203385765250708, -0.00013521545708366763, 0.9999998554822626], "world_rotation": [-0.024149600232489892, 0.09399668081027682, -0.9952795691690158, 0.005539664115587081]}, {"color": "CVBlue", "id_name": "object270411998961527", "shape": "CVSphere", "id_string": "ob4895", "world_size": [0.04, 0.04, 0.04], "id": 4895, "camera_size": [16, 16], "camera_position": [271, 242], "world_position": [0.7353564905659015, 0.6199721276456089, -0.10989137249483791], "world_orientation": [0.9999992245088988, 0.0010897953985400813, -0.0006027666135743742, -0.0010907426066443069, 0.999998167432589, -0.001573344218529269, 0.0006010508856742801, 0.0015740004616421044, 0.9999985806291827], "world_rotation": [-0.7841525621612948, 0.29992793047345395, 0.543275248633497, -0.0020068459536217984]}, {"color": "CVGreen", "id_name": "object157814280670121", "shape": "CVCylinder", "id_string": "ob4902", "world_size": [0.04, 0.04, 0.04], "id": 4902, "camera_size": [16, 16], "camera_position": [289, 242], "world_position": [0.734712076748401, 0.6199874431861412, -0.0647185781873416], "world_orientation": [0.9998988545176186, 1.543554312815097e-10, -0.014222543174631447, -1.597920420882382e-10, 1.0, -3.8111668897738206e-10, 0.014222543174631447, 3.833507899635933e-10, 0.9998988545176186], "world_rotation": [-2.6875203314711848e-08, 0.9999999999999994, 1.1043997881127483e-08, -0.01422302270936265]}, {"color": "CVRed", "id_name": "object87578207670554", "shape": "CVCone", "id_string": "ob4909", "world_size": [0.04, 0.04, 0.04], "id": 4909, "camera_size": [17, 16], "camera_position": [219, 224], "world_position": [0.7799992913538872, 0.6199861493287594, -0.24499887640923712], "world_orientation": [0.999999999360688, -3.5757779618349435e-05, 7.2940185863033e-08, 3.575778367433971e-05, 0.9999999977709774, -5.6386402938595133e-05, -7.092393308160529e-08, 5.638640551072608e-05, 0.9999999984102843], "world_rotation": [0.8445043648522143, 0.0010773330740358666, 0.5355475862134061, 6.67686356794895e-05]}, {"color": "CVGreen", "id_name": "object132555503298855", "shape": "CVCylinder", "id_string": "ob4916", "world_size": [0.04, 0.04, 0.04], "id": 4916, "camera_size": [17, 17], "camera_position": [236, 224], "world_position": [0.7818092733852975, 0.6199832127472427, -0.20079089213746168], "world_orientation": [0.9994244449688365, -0.00013711049618150926, -0.0339228536453718, 0.00013053520137679787, 0.9999999722633707, -0.00019604545251847495, 0.03392287958435545, 0.00019150449104006712, 0.9994244351459171], "world_rotation": [-0.005712085153677247, 0.9999759049463811, -0.003944820637646303, -0.03393019403470226]}, {"color": "CVRed", "id_name": "object24942365089017", "shape": "CVSphere", "id_string": "ob4923", "world_size": [0.04, 0.04, 0.04], "id": 4923, "camera_size": [22, 25], "camera_position": [268, 158], "world_position": [0.950358816764346, 0.6199874431956058, -0.11777028889161995], "world_orientation": [-0.7430647326447825, 8.166198164059082e-11, -0.6692195477565923, 2.685904340144028e-10, -1.0, -4.2025380403972004e-10, -0.6692195477565925, -4.920217493245929e-10, 0.7430647326447827], "world_rotation": [0.3584238185132355, 2.4430046049106234e-10, -0.9335589784916598, -3.141592653489677]}, {"color": "CVYellow", "id_name": "object31602912388472", "shape": "CVBox", "id_string": "ob4930", "world_size": [0.04, 0.04, 0.04], "id": 4930, "camera_size": [16, 16], "camera_position": [271, 224], "world_position": [0.7798011697813848, 0.6199897191116943, -0.11018035046091508], "world_orientation": [0.9999587455947431, 1.7876490786764768e-05, 0.009083324777800281, -1.750583440491962e-05, 0.9999999990109506, -4.088575120194308e-05, -0.009083325499710177, 4.07250533051876e-05, 0.9999587449186773], "world_rotation": [0.004492288065740431, 0.9999880129721026, -0.0019476293385009191, 0.00908355893727054]}, {"color": "CVBlue", "id_name": "object45168196620813", "shape": "CVCylinder", "id_string": "ob4937", "world_size": [0.04, 0.04, 0.04], "id": 4937, "camera_size": [17, 17], "camera_position": [290, 226], "world_position": [0.7760523821281088, 0.6199874431458431, -0.0626051034275681], "world_orientation": [0.9998935362063339, -6.284861522489111e-10, -0.014591650105222346, 6.284701564848588e-10, 1.0, -5.681679626362322e-12, 0.014591650105222346, -3.4893418918066363e-12, 0.9998935362063339], "world_rotation": [-7.51230230558724e-11, 0.999999999999999, -4.307108173748988e-08, -0.014592167954750665]}, {"color": "CVBlue", "id_name": "object7406935327808", "shape": "CVCylinder", "id_string": "ob4944", "world_size": [0.04, 0.04, 0.04], "id": 4944, "camera_size": [22, 22], "camera_position": [229, 273], "world_position": [0.655924048957323, 0.6599773637412799, -0.21636575569532457], "world_orientation": [0.9087036331840451, -0.000101189215932166, 0.4174418484038936, -6.358925142845508e-06, 0.9999999671489059, 0.00025624548999443565, -0.41744186061975247, -0.00023550568921046095, 0.9087036026886818], "world_rotation": [-0.0005890054931204644, 0.9999998200854712, 0.00011358500914920546, 0.4306284170080906]}, {"color": "CVYellow", "id_name": "object147063563046067", "shape": "CVCylinder", "id_string": "ob4951", "world_size": [0.04, 0.04, 0.04], "id": 4951, "camera_size": [17, 24], "camera_position": [256, 239], "world_position": [0.7396607226456631, 0.6981433223024812, -0.14991269056252904], "world_orientation": [-0.01566275552479442, 0.5605548478796412, -0.8279691664597196, 0.010099948095398494, 0.8281171955053662, 0.5604640055853698, 0.9998263194864602, 0.0004159650940971926, -0.0186321720472873], "world_rotation": [0.28152393759698874, 0.9187929340386446, 0.2767016749507415, -1.6740686645684006]}, {"color": "CVGreen", "id_name": "object45050358287408", "shape": "CVCylinder", "id_string": "ob4958", "world_size": [0.04, 0.04, 0.04], "id": 4958, "camera_size": [26, 24], "camera_position": [274, 276], "world_position": [0.6505687793669711, 0.7026849699104913, -0.10569601110373052], "world_orientation": [0.7051205749436914, -0.04439470685745418, -0.7076963224393065, -0.0643642304349383, 0.9899109283586895, -0.12622836351848857, 0.7061601947374239, 0.13455654543379983, 0.6951491318050578], "world_rotation": [-0.18137207894141885, 0.983316469022113, 0.01388851073196347, -0.8022508045553594]}, {"color": "CVPurple", "id_name": "object82365062461431", "shape": "CVCylinder", "id_string": "ob4965", "world_size": [0.04, 0.04, 0.04], "id": 4965, "camera_size": [17, 17], "camera_position": [232, 255], "world_position": [0.7026657462747479, 0.6599719920813388, -0.20920627416486764], "world_orientation": [0.9986424055254678, 0.0004781458992735314, -0.05208759221548151, -0.0005153323675147765, 0.9999996218704051, -0.0007004938242630198, 0.052087237581371834, 0.0007263852599323042, 0.9986422743132778], "world_rotation": [-0.013695058554214368, 0.9998607518644695, 0.009535316052150364, -0.052118260698633914]}, {"color": "CVPurple", "id_name": "object171147233981850", "shape": "CVCylinder", "id_string": "ob4972", "world_size": [0.04, 0.04, 0.04], "id": 4972, "camera_size": [18, 17], "camera_position": [234, 256], "world_position": [0.700632127261049, 0.6999592672452429, -0.20271487551968895], "world_orientation": [0.9990646305447507, -0.04323684846277092, 0.0006625175380997329, -0.000624044924715208, 0.0009033018834503632, 0.9999993973066381, -0.04323742085754934, -0.999064441855837, 0.0008754752266158417], "world_rotation": [-0.9995320084566879, 0.021949971149551502, 0.02130640366353069, 1.5703746229549893]}, {"color": "CVYellow", "id_name": "object38451429242462", "shape": "CVSphere", "id_string": "ob4979", "world_size": [0.04, 0.04, 0.04], "id": 4979, "camera_size": [17, 16], "camera_position": [274, 259], "world_position": [0.69150436938686, 0.6599665143785391, -0.10612114533884096], "world_orientation": [0.9998734018246892, -0.00045915102417910434, -0.015905015053768404, 0.00037303964731103987, 0.9999852602854495, -0.005416645942205372, 0.01590726767691857, 0.005410027003506651, 0.9998588352576959], "world_rotation": [-0.32208396908772025, 0.9463873471580655, -0.024756938336950314, -0.016808012466102428]}, {"color": "CVGreen", "id_name": "object34721343462069", "shape": "CVCone", "id_string": "ob4986", "world_size": [0.04, 0.04, 0.04], "id": 4986, "camera_size": [17, 17], "camera_position": [234, 238], "world_position": [0.7447862566030048, 0.6599649276561671, -0.20444760701058104], "world_orientation": [0.9999676431744166, -0.0006458173748823991, -0.00801844898476776, 0.0006455140455779968, 0.9999997908390229, -4.041691985681615e-05, 0.00801847340957022, 3.5239590650164364e-05, 0.9999678509043934], "world_rotation": [-0.004702372951178212, 0.9967627317456192, -0.08026172370214242, -0.00804459018059541]}, {"color": "CVRed", "id_name": "object225784386787686", "shape": "CVCone", "id_string": "ob4993", "world_size": [0.04, 0.04, 0.04], "id": 4993, "camera_size": [17, 17], "camera_position": [256, 227], "world_position": [0.7716422365695154, 0.6602791410190935, -0.15065571373438894], "world_orientation": [0.9996257512322265, 0.013752998766529306, -0.023647674269040422, -0.013750292003298402, 0.9999054218785187, 0.0002770699649804303, 0.023649248259317274, 4.819615451070479e-05, 0.9997203162554514], "world_rotation": [0.004183191585640751, 0.8644592753590716, 0.5026854505093878, -0.027359775720527498]}, {"color": "CVYellow", "id_name": "object234917348774990", "shape": "CVBox", "id_string": "ob5000", "world_size": [0.04, 0.04, 0.04], "id": 5000, "camera_size": [18, 17], "camera_position": [272, 241], "world_position": [0.7371454253364053, 0.6599529957922956, -0.10878845179538342], "world_orientation": [0.9983353976035998, 0.0009482868409486218, 0.057667448736093384, -0.0008248752271752497, 0.9999973187215285, -0.0021638231474954803, -0.0576693460386215, 0.0021126527924219714, 0.9983335030067139], "world_rotation": [0.0370483252870642, 0.9991954007026369, -0.015361406449957657, 0.05774692419972811]}, {"color": "CVGreen", "id_name": "object200203118505607", "shape": "CVCapsule", "id_string": "ob5007", "world_size": [0.04, 0.08, 0.04], "id": 5007, "camera_size": [28, 35], "camera_position": [154, 296], "world_position": [0.5980995609445469, 0.6199748863752175, -0.40985200573971625], "world_orientation": [0.34198548955026414, 0.9397052330050453, -4.771076311804734e-10, -3.378252122487879e-10, -3.847760443598247e-10, -1.0, -0.9397052330050453, 0.341985489550264, 1.858683762456792e-10], "world_rotation": [0.710550969354354, 0.49755267033762945, -0.4975526707691179, 1.9060484374493027]}, {"color": "CVYellow", "id_name": "object157714618748823", "shape": "CVCapsule", "id_string": "ob5014", "world_size": [0.04, 0.08, 0.04], "id": 5014, "camera_size": [23, 21], "camera_position": [278, 257], "world_position": [0.6974898582859584, 0.7199104281765323, -0.09820010978598616], "world_orientation": [0.9461241979827828, -0.0005164695346991357, -0.3238035442218873, -0.0014172454907359193, 0.9999825444655815, -0.005736042133750947, 0.3238008545489881, 0.005885917376323344, 0.9461069509151617], "world_rotation": [-0.0179431721784738, 0.9998380411332669, 0.001390710237751812, -0.329800884753064]}, {"color": "CVGreen", "id_name": "object89056020614275", "shape": "CVBox", "id_string": "ob5021", "world_size": [0.04, 0.04, 0.04], "id": 5021, "camera_size": [20, 21], "camera_position": [271, 205], "world_position": [0.8291293636233981, 0.6199874431761143, -0.11125030338959056], "world_orientation": [-0.9568897277436366, 1.474219543259873e-10, -0.2904514571123875, 1.4387061267985417e-12, 1.0, 5.028216166101073e-10, 0.2904514571123875, 4.807269655307756e-10, -0.9568897277436366], "world_rotation": [3.803501504002156e-11, 1.0, 2.5130403829012617e-10, -2.8468940532180023]}, {"color": "CVPurple", "id_name": "object26488103149766", "shape": "CVCylinder", "id_string": "ob5028", "world_size": [0.04, 0.04, 0.04], "id": 5028, "camera_size": [22, 22], "camera_position": [302, 210], "world_position": [0.8155342803174946, 0.6199874431887655, -0.031745469246412694], "world_orientation": [0.4359810182873851, -0.8999558609693561, -5.317904450130584e-10, 2.948596922180968e-11, -5.766227495485055e-10, 1.0, -0.8999558609693561, -0.43598101828738506, -2.2486051909353932e-10], "world_rotation": [-0.7483654543879188, 0.4690144701415833, 0.46901447043409406, 1.8566842969627535]}], "source": "manual check"}
