{"timestamp": 1721661069.718227, "objects": [{"color": "cv_", "id_name": "hand", "shape": "CVBox", "id_string": "ob383", "world_size": [0.005, 0.09, 0.5], "id": 383, "camera_size": [3, 207], "camera_position": [246, 313], "world_position": [0.5624296136942801, 0.6657209800273194, -0.17410294566286053], "world_orientation": [1.15264154947947e-06, -0.001637582281220205, 0.9999986591605728, -0.0007626020374035783, -0.9999983683820906, -0.0016375809260375169, 0.9999997092183597, -0.0007625991273332442, -2.4014632525203814e-06], "world_rotation": [0.0, 1.0, 0.0, 0.0]}, {"color": "CVBlue", "id_name": "object10054215977396", "shape": "CVSphere", "id_string": "ob7765", "world_size": [0.04, 0.04, 0.04], "id": 7765, "camera_size": [16, 16], "camera_position": [255, 241], "world_position": [0.736529080431664, 0.6199718349625856, -0.15169111713643374], "world_orientation": [0.999998113135818, -0.00022500377987570453, -0.0019295331308911497, 0.00022297753192565805, 0.9999994236023304, -0.001050274262851052, 0.0019297683343917995, 0.0010498420385908654, 0.9999975869100233], "world_rotation": [-0.475517055888398, 0.8738390675302717, -0.10143378932611838, -0.0022082467729129494]}, {"color": "CVRed", "id_name": "object142033527517070", "shape": "CVCylinder", "id_string": "ob7772", "world_size": [0.04, 0.04, 0.04], "id": 7772, "camera_size": [17, 17], "camera_position": [219, 295], "world_position": [0.6000000009867693, 0.6199874431524913, -0.24500000714649744], "world_orientation": [0.9999999999999635, 1.5783919091102057e-10, 2.702491268370327e-07, -1.5783928534681102e-10, 1.0, 3.493539380564479e-10, -2.7024912683697754e-07, -3.493539807228406e-10, 0.9999999999999635], "world_rotation": [-0.001292709478809769, 0.9999989938932284, -0.0005840502841697865, 2.702493987367585e-07]}, {"color": "CVRed", "id_name": "object165138760489526", "shape": "CVCapsule", "id_string": "ob7779", "world_size": [0.04, 0.08, 0.04], "id": 7779, "camera_size": [17, 25], "camera_position": [236, 300], "world_position": [0.5904335454039338, 0.6433847675347709, -0.19983988808765965], "world_orientation": [0.9750222914866129, -0.2216862914686199, -0.01366452630298075, 0.22170857929309484, 0.9751129635236392, 0.00011931464197096611, 0.013298006317949826, -0.0031458771489694297, 0.999906628883383], "world_rotation": [0.007350295838391492, 0.06069554378581941, -0.99812926222791, -0.2239810196825345]}, {"color": "CVBlue", "id_name": "object51624673804515", "shape": "CVCapsule", "id_string": "ob7786", "world_size": [0.04, 0.08, 0.04], "id": 7786, "camera_size": [16, 19], "camera_position": [255, 301], "world_position": [0.587281701870908, 0.6399749171649213, -0.15118401782258295], "world_orientation": [0.9997484686887284, -5.793622480927897e-06, -0.022427646353930984, -7.668028268348213e-06, 0.9999998198867547, -0.0006001397000894388, 0.022427645791397673, 0.0006001607219899632, 0.9997482885763614], "world_rotation": [-0.026749818085025544, 0.9996421587185305, 4.177288694454501e-05, -0.022437557111249746]}, {"color": "CVBlue", "id_name": "object172425329543253", "shape": "CVCylinder", "id_string": "ob7793", "world_size": [0.04, 0.04, 0.04], "id": 7793, "camera_size": [17, 17], "camera_position": [272, 295], "world_position": [0.6009297928249843, 0.6199874431887197, -0.10905418079818192], "world_orientation": [0.9991851355876822, 5.334366051507328e-10, 0.04036167514642086, -5.33576354083799e-10, 1.0, -7.309990184022057e-12, -0.04036167514642086, -1.423200193617476e-11, 0.9991851355876822], "world_rotation": [-8.574980754690658e-11, 1.0, -1.3218145126084429e-08, 0.040372641818610576]}, {"color": "CVBlue", "id_name": "object42147468308414", "shape": "CVCylinder", "id_string": "ob7800", "world_size": [0.04, 0.04, 0.04], "id": 7800, "camera_size": [16, 17], "camera_position": [289, 295], "world_position": [0.6, 0.6199874431539305, -0.065], "world_orientation": [1.0, 2.049142105997599e-16, 5.802954297681148e-18, -2.049142105997599e-16, 1.0, 6.179952383167331e-17, -5.802954297681148e-18, -6.179952383167331e-17, 1.0], "world_rotation": [-0.28863572672225335, 0.027102796704540077, -0.9570553043948448, 2.1410905896324258e-16]}, {"color": "CVGreen", "id_name": "object128433600295633", "shape": "CVCone", "id_string": "ob7807", "world_size": [0.04, 0.04, 0.04], "id": 7807, "camera_size": [17, 16], "camera_position": [219, 277], "world_position": [0.6453974970252525, 0.6199843159359473, -0.24542836150616296], "world_orientation": [0.9998094004736091, 0.0003217785126975285, 0.019520737260441543, -0.0003182398999979362, 0.9999999323635584, -0.00018438070559716565, -0.01952079526987755, 0.0001781332852483543, 0.9998094352528208], "world_rotation": [0.009283694723427147, 0.9998225687810358, -0.01639036205741667, 0.019525471111045536]}, {"color": "CVRed", "id_name": "object101193657681221", "shape": "CVCone", "id_string": "ob7814", "world_size": [0.04, 0.04, 0.04], "id": 7814, "camera_size": [16, 16], "camera_position": [236, 277], "world_position": [0.6451101992957413, 0.6199798605802574, -0.19996008335331145], "world_orientation": [0.9999827583700018, 0.00024277246709779535, -0.00586719901248646, -0.00024322512944680358, 0.9999999674993879, -7.643794604871413e-05, 0.00586718026477016, 7.786367837323348e-05, 0.9999827849183146], "world_rotation": [-0.013137137244145643, 0.999057214191271, 0.04137751076859811, -0.005872760119551233]}, {"color": "CVYellow", "id_name": "object239968375277654", "shape": "CVCone", "id_string": "ob7821", "world_size": [0.04, 0.04, 0.04], "id": 7821, "camera_size": [16, 16], "camera_position": [255, 278], "world_position": [0.6436863140684093, 0.6199690754036387, -0.15165819706994357], "world_orientation": [0.9999999221640574, 0.00037505461252160797, -0.0001224986398955373, -0.00037513164611205016, 0.9999997315431268, -0.00062943619439767, 0.0001222625340619663, 0.0006294820985213357, 0.9999997944020591], "world_rotation": [-0.8473074367498588, 0.16473504602189562, 0.5049083800458734, -0.000742893520175863]}, {"color": "CVYellow", "id_name": "object11761372213543", "shape": "CVCone", "id_string": "ob7828", "world_size": [0.04, 0.04, 0.04], "id": 7828, "camera_size": [16, 16], "camera_position": [271, 277], "world_position": [0.6449013032757094, 0.6199586123241504, -0.11076213411550283], "world_orientation": [0.9995467886547457, 0.0003181883051445273, -0.03010176151303537, -0.00032598539625390506, 0.999999914578959, -0.00025411728832122453, 0.03010167808456228, 0.00026381485413789926, 0.9995468069971594], "world_rotation": [-0.00860222169100197, 0.9999057627906415, 0.010698940136506305, -0.030109105838417895]}, {"color": "CVYellow", "id_name": "object25385227125689", "shape": "CVCapsule", "id_string": "ob7835", "world_size": [0.04, 0.08, 0.04], "id": 7835, "camera_size": [17, 17], "camera_position": [290, 278], "world_position": [0.6449999684524004, 0.639974886390949, -0.065002296806051], "world_orientation": [0.9999999999957736, 1.9295732692133423e-10, 2.9073878298415604e-06, -1.9295845961948264e-10, 1.0, 3.8959786625276807e-10, -2.907387829841485e-06, -3.895984272488874e-10, 0.9999999999957736], "world_rotation": [-0.0001340028111819083, 0.9999999888192589, -6.636812919572344e-05, 2.9073878623523696e-06]}, {"color": "CVGreen", "id_name": "object234678684244261", "shape": "CVBox", "id_string": "ob7842", "world_size": [0.04, 0.04, 0.04], "id": 7842, "camera_size": [17, 15], "camera_position": [219, 260], "world_position": [0.6899174923668491, 0.6199874431541854, -0.2446823306601306], "world_orientation": [0.9999824364481783, 8.361202183989332e-11, -0.005926786242562361, -8.315468181909831e-11, 1.0, 7.74113480022844e-11, 0.005926786242562361, -7.691714835985187e-11, 0.9999824364481783], "world_rotation": [1.3019576718816719e-08, 0.9999999999999999, 1.4068898120652687e-08, -0.005926820941278571]}, {"color": "CVPurple", "id_name": "object12422888271641", "shape": "CVCapsule", "id_string": "ob7849", "world_size": [0.04, 0.08, 0.04], "id": 7849, "camera_size": [17, 17], "camera_position": [236, 260], "world_position": [0.6900206407892238, 0.63994976234022, -0.19990134545449675], "world_orientation": [0.9999986568026942, -0.00032607856425135874, 0.0016062582536610004, 0.0003250413214005457, 0.9999997385355989, 0.0006459697157231967, -0.0016064684705591023, -0.0006454467477531303, 0.9999985013276514], "world_rotation": [-0.3665407193098869, 0.9118632120205427, 0.18480634093929166, 0.0017616284677151772]}, {"color": "CVPurple", "id_name": "object174074490874036", "shape": "CVCone", "id_string": "ob7856", "world_size": [0.04, 0.04, 0.04], "id": 7856, "camera_size": [16, 16], "camera_position": [255, 259], "world_position": [0.6920346631682874, 0.6199839530079179, -0.1511792193701325], "world_orientation": [0.9999999856386725, -0.00016943223641136893, 3.920748899711259e-06, 0.00016943273856547485, 0.9999999773988655, -0.0001284321437682986, -3.898988265699274e-06, 0.00012843280622706744, 0.9999999917449061], "world_rotation": [0.6039782668993924, 0.018386904483693182, 0.7967886638605709, 0.00021264420096588855]}, {"color": "CVPurple", "id_name": "object101864087027872", "shape": "CVCone", "id_string": "ob7863", "world_size": [0.04, 0.04, 0.04], "id": 7863, "camera_size": [17, 16], "camera_position": [273, 259], "world_position": [0.6909788797702401, 0.6199728709815361, -0.1073079984122704], "world_orientation": [0.9996719152615087, -0.00024053175963517087, -0.025612574682363068, 0.00022700905043973788, 0.9999998333178124, -0.0005308778003245544, 0.025612698106174545, 0.0005248893411623038, 0.9996718032368931], "world_rotation": [-0.02060504463198605, 0.9997460525310511, -0.009124833384472522, -0.025621945618570625]}, {"color": "CVRed", "id_name": "object35279360369849", "shape": "CVCapsule", "id_string": "ob7870", "world_size": [0.04, 0.08, 0.04], "id": 7870, "camera_size": [17, 17], "camera_position": [290, 260], "world_position": [0.689977452905125, 0.6399678241305311, -0.06502875331980465], "world_orientation": [0.9999984927284473, 0.0002449710375158891, 0.0017188746389039532, -0.0002447529915114937, 0.9999999619754658, -0.00012706313408075606, -0.001718905700332331, 0.0001266422428522109, 0.9999985146613648], "world_rotation": [0.07286736132395506, 0.9873735636186607, -0.14065487378925312, 0.001740872048002192]}, {"color": "CVPurple", "id_name": "object126084587409408", "shape": "CVCylinder", "id_string": "ob7877", "world_size": [0.04, 0.04, 0.04], "id": 7877, "camera_size": [17, 16], "camera_position": [219, 242], "world_position": [0.735, 0.6199874431539305, -0.245], "world_orientation": [1.0, -2.2442984970449937e-16, -1.4488340486922525e-17, 2.2442984970449937e-16, 1.0, -5.952269926945416e-16, 1.4488340486922525e-17, 5.952269926945416e-16, 1.0], "world_rotation": [-0.9354546928465729, 0.022769777356192403, -0.3527124251716587, -6.362969764823948e-16]}, {"color": "CVRed", "id_name": "object113184355156833", "shape": "CVCapsule", "id_string": "ob7884", "world_size": [0.04, 0.08, 0.04], "id": 7884, "camera_size": [17, 17], "camera_position": [236, 242], "world_position": [0.7350303067490511, 0.6399658587158298, -0.19999040829441925], "world_orientation": [0.999999992799774, -0.00011870952854615921, 1.756416321180903e-05, 0.00011870680002649122, 0.9999999809006729, 0.0001552654164849049, -1.7582594360704454e-05, -0.00015526333038135234, 0.9999999877920754], "world_rotation": [-0.7912236854988475, 0.0895535351895642, 0.6049340822277023, 0.00019623322364485513]}, {"color": "CVBlue", "id_name": "object232296501513592", "shape": "CVBox", "id_string": "ob7891", "world_size": [0.04, 0.04, 0.04], "id": 7891, "camera_size": [16, 16], "camera_position": [255, 224], "world_position": [0.779862421569384, 0.6199874431889025, -0.15134021506148762], "world_orientation": [0.9999801250657607, 8.058396823728554e-12, 0.006304718349419732, -1.1462640251882709e-11, 1.0, 5.399155712077487e-10, -0.006304718349419732, -5.39977109139605e-10, 0.9999801250657607], "world_rotation": [-8.564162746831822e-08, 0.9999999999999962, -1.5481291941778693e-09, 0.006304760118372682]}, {"color": "CVRed", "id_name": "object75512204146206", "shape": "CVSphere", "id_string": "ob7898", "world_size": [0.04, 0.04, 0.04], "id": 7898, "camera_size": [16, 16], "camera_position": [272, 241], "world_position": [0.7355848421472293, 0.6199748863513257, -0.10919777186939805], "world_orientation": [0.999999854279648, -5.925839158261504e-05, 0.0005365902775384553, 5.925044276803203e-05, 0.9999999981347363, 1.4829448802360355e-05, -0.0005365911553068567, -1.479765342988963e-05, 0.9999998559254705], "world_rotation": [-0.027429674388067392, 0.9935840849876788, 0.10971909142059887, 0.0005400556939405882]}, {"color": "CVGreen", "id_name": "object201779572124742", "shape": "CVBox", "id_string": "ob7905", "world_size": [0.04, 0.04, 0.04], "id": 7905, "camera_size": [17, 16], "camera_position": [288, 242], "world_position": [0.7351593653488978, 0.6199748857434043, -0.06814169720733401], "world_orientation": [0.9999877088285765, -6.225484567727803e-05, 0.004957652277894232, 6.348495410602225e-05, 0.9999999672412132, -0.0002479661934278138, -0.004957636678390453, 0.0002482778819601577, 0.9999876800224383], "world_rotation": [0.04998179967864098, 0.9986698299247339, 0.012664537061702669, 0.004964268161819369]}, {"color": "CVRed", "id_name": "object191926816098590", "shape": "CVCylinder", "id_string": "ob7912", "world_size": [0.04, 0.04, 0.04], "id": 7912, "camera_size": [17, 16], "camera_position": [219, 224], "world_position": [0.78, 0.6199874431539305, -0.245], "world_orientation": [1.0, -2.2442984970449937e-16, -1.4488340486922525e-17, 2.2442984970449937e-16, 1.0, -5.952269926945416e-16, 1.4488340486922525e-17, 5.952269926945416e-16, 1.0], "world_rotation": [-0.9354546928465729, 0.022769777356192403, -0.3527124251716587, -6.362969764823948e-16]}, {"color": "CVPurple", "id_name": "object128630751303729", "shape": "CVBox", "id_string": "ob7919", "world_size": [0.04, 0.04, 0.04], "id": 7919, "camera_size": [17, 17], "camera_position": [236, 225], "world_position": [0.7790247089621299, 0.6199874431956531, -0.20060511063391886], "world_orientation": [0.99948119970675, -2.6237844470546257e-10, 0.03220763003941493, 2.6024906846868086e-10, 1.0, 7.030612084932553e-11, -0.03220763003941493, -6.188764029787044e-11, 0.99948119970675], "world_rotation": [-2.0522118669616545e-09, 1.0, 8.113411519794601e-09, 0.03221320097148232]}, {"color": "CVBlue", "id_name": "object257612715806339", "shape": "CVCone", "id_string": "ob7926", "world_size": [0.04, 0.04, 0.04], "id": 7926, "camera_size": [18, 19], "camera_position": [255, 207], "world_position": [0.8249154824936723, 0.6199874431881084, -0.15145862228606533], "world_orientation": [0.9853906665282598, -8.868830008144696e-11, 0.1703092314555849, -1.706072652472742e-11, 1.0, 6.194601423623838e-10, -0.1703092314555849, -6.133158417926604e-10, 0.9853906665282598], "world_rotation": [-3.6192283108169065e-09, 1.0, 2.1028682046339736e-10, 0.17114347672394523]}, {"color": "CVGreen", "id_name": "object72691871675356", "shape": "CVSphere", "id_string": "ob7933", "world_size": [0.04, 0.04, 0.04], "id": 7933, "camera_size": [16, 16], "camera_position": [271, 224], "world_position": [0.78, 0.6199874431539305, -0.11], "world_orientation": [1.0, 4.228388472693457e-17, -1.6957377686420176e-17, -4.228388472693457e-17, 1.0, 1.0733601507606494e-16, 1.6957377686420176e-17, -1.0733601507606494e-16, 1.0], "world_rotation": [0.92051720276698, 0.14542702990328832, 0.3626279889688094, -1.1660402951017529e-16]}, {"color": "CVRed", "id_name": "object165228954408167", "shape": "CVSphere", "id_string": "ob7940", "world_size": [0.04, 0.04, 0.04], "id": 7940, "camera_size": [16, 16], "camera_position": [289, 224], "world_position": [0.78, 0.6199874431539305, -0.065], "world_orientation": [1.0, 4.228388472693457e-17, -1.6957377686420176e-17, -4.228388472693457e-17, 1.0, 1.0733601507606494e-16, 1.6957377686420176e-17, -1.0733601507606494e-16, 1.0], "world_rotation": [0.92051720276698, 0.14542702990328832, 0.3626279889688094, -1.1660402951017529e-16]}, {"color": "CVRed", "id_name": "object125373383081954", "shape": "CVCylinder", "id_string": "ob7947", "world_size": [0.04, 0.04, 0.04], "id": 7947, "camera_size": [17, 17], "camera_position": [234, 283], "world_position": [0.6323508724252551, 0.6599745914155816, -0.20531761107387936], "world_orientation": [0.9996344113335296, 0.0002697834993277058, 0.027036473415208487, -0.00026039773892519885, 0.9999999046110926, -0.00035067196023230344, -0.027036565441737364, 0.00034350352199216243, 0.9996343862305085], "world_rotation": [0.012836062929718233, 0.999869553653322, -0.00980363022410757, 0.027043342907108876]}, {"color": "CVYellow", "id_name": "object76122125693972", "shape": "CVCone", "id_string": "ob7954", "world_size": [0.04, 0.04, 0.04], "id": 7954, "camera_size": [17, 17], "camera_position": [257, 278], "world_position": [0.6455420010015159, 0.6599544303884419, -0.14837372072027707], "world_orientation": [0.9982620421807208, 0.0010571107771980806, -0.05892179272545552, -0.0010270167795298824, 0.9999993262636993, 0.0005410255836129117, 0.05892232495168003, -0.00047957163416041665, 0.9982624552858513], "world_rotation": [0.008658891180253897, 0.9998061658698145, 0.01768203303439132, -0.05896764977656225]}, {"color": "CVYellow", "id_name": "object185387056581602", "shape": "CVCapsule", "id_string": "ob7961", "world_size": [0.04, 0.08, 0.04], "id": 7961, "camera_size": [18, 19], "camera_position": [273, 279], "world_position": [0.6438716165324302, 0.6799339256689589, -0.10812305257533666], "world_orientation": [0.9973938125148698, 0.0003307836266487404, -0.07214896630753005, -0.00035985165522563965, 0.9999998592458784, -0.00038989102263507075, 0.0721488271826992, 0.0004148378184798977, 0.9973937911606154], "world_rotation": [-0.005576711128197646, 0.999972996638705, 0.004786051232634432, -0.07221359197196864]}, {"color": "CVBlue", "id_name": "object89470378216235", "shape": "CVCapsule", "id_string": "ob7968", "world_size": [0.04, 0.08, 0.04], "id": 7968, "camera_size": [19, 18], "camera_position": [231, 262], "world_position": [0.6848530684658035, 0.719912907888518, -0.21013013477841777], "world_orientation": [0.9980116900428085, -0.0005268732115123888, -0.06302689063023861, 0.0006029648506709284, 0.9999991122185538, 0.0011882741658596806, 0.06302620860630855, -0.001223914508200943, 0.9980111217125744], "world_rotation": [0.01913201899789658, 0.9997768065454207, -0.008961190931159569, -0.06308244988425124]}, {"color": "CVBlue", "id_name": "object221907925677419", "shape": "CVCapsule", "id_string": "ob7975", "world_size": [0.04, 0.08, 0.04], "id": 7975, "camera_size": [29, 39], "camera_position": [233, 198], "world_position": [0.8445069048928181, 0.6433817039833026, -0.20611173543102507], "world_orientation": [0.3960155262000582, 0.5953686746094254, 0.6990764223618956, 0.0011446147295890439, -0.7616384320675956, 0.6480012258126795, 0.9182431011805162, -0.2558183732483471, -0.3023021122039299], "world_rotation": [0.8189425780365877, 0.19858490030300743, 0.5384209238601638, -2.5570463102871943]}, {"color": "CVBlue", "id_name": "object134192850486095", "shape": "CVCone", "id_string": "ob7982", "world_size": [0.04, 0.04, 0.04], "id": 7982, "camera_size": [18, 18], "camera_position": [272, 260], "world_position": [0.6882460788013607, 0.6599629854272319, -0.10890655678386167], "world_orientation": [0.9904778451163958, -0.00035156843754766603, -0.13767176447338364, 0.0002496663325996396, 0.9999996819687383, -0.0007574491038550503, 0.1376719869846566, 0.0007158645516331044, 0.9904776178882794], "world_rotation": [-0.005350726299476348, 0.9999833007961013, -0.002183542306014193, -0.13811284356048723]}, {"color": "CVBlue", "id_name": "object73362492404838", "shape": "CVCone", "id_string": "ob7989", "world_size": [0.04, 0.04, 0.04], "id": 7989, "camera_size": [17, 17], "camera_position": [233, 243], "world_position": [0.7301310046575221, 0.699952441513377, -0.2060884163741065], "world_orientation": [0.9999148862530579, -0.0002093741830597852, 0.013045168147084927, 0.00020576871617443966, 0.9999999402640537, 0.00027772490808622213, -0.013045225516245207, -0.0002750169823767711, 0.9999148696048528], "world_rotation": [-0.021178215373816325, 0.9996491775335273, 0.015906132469041764, 0.013050145403077196]}, {"color": "CVBlue", "id_name": "object61487066383620", "shape": "CVBox", "id_string": "ob7996", "world_size": [0.04, 0.04, 0.04], "id": 7996, "camera_size": [20, 21], "camera_position": [250, 181], "world_position": [0.8924143475048923, 0.6199874431696426, -0.16343427959631712], "world_orientation": [-7.300584269065435e-10, 0.965889335630493, 0.2589551917133255, -1.0, -6.995740063631128e-10, -2.0987164783825563e-10, -2.1554480422736333e-11, -0.2589551917133255, 0.9658893356304928], "world_rotation": [-0.12949643136616854, 0.12949643148189843, -0.9830876606370773, 1.587852486657709]}, {"color": "CVPurple", "id_name": "object273658177358945", "shape": "CVCone", "id_string": "ob8003", "world_size": [0.04, 0.04, 0.04], "id": 8003, "camera_size": [17, 16], "camera_position": [272, 242], "world_position": [0.7336995214433449, 0.6599621784610452, -0.10966854473779293], "world_orientation": [0.9997920170688321, -9.178095730846876e-05, -0.02039397415150058, 9.222494311898313e-05, 0.999999995530337, 2.082992768314666e-05, 0.02039397214855569, -2.270642851982291e-05, 0.9997920210645923], "world_rotation": [0.0010673714256431335, 0.9999892546904762, -0.004511232849858973, -0.020395606292480863]}, {"color": "CVYellow", "id_name": "object247479602170950", "shape": "CVCapsule", "id_string": "ob8010", "world_size": [0.04, 0.08, 0.04], "id": 8010, "camera_size": [17, 38], "camera_position": [256, 252], "world_position": [0.7087561636067516, 0.6777091653913921, -0.15076446676353977], "world_orientation": [0.5158622071980724, -0.8564761997063929, -0.01829487691208085, 0.856606156395923, 0.5159690875729478, -0.0013392138527700721, 0.010586595738800414, -0.014980654379393884, 0.9998317378364363], "world_rotation": [0.007961712920548846, 0.016856430486224462, -0.9998262208397186, -1.0288183457524462]}, {"color": "CVPurple", "id_name": "object132795126860149", "shape": "CVCone", "id_string": "ob8017", "world_size": [0.04, 0.04, 0.04], "id": 8017, "camera_size": [19, 19], "camera_position": [278, 261], "world_position": [0.6886783318623513, 0.6999610046593308, -0.09638515839237359], "world_orientation": [0.988061998874801, 8.547597312160336e-05, -0.15405673978567408, -6.339670555330518e-05, 0.9999999870041065, 0.00014823172573599037, 0.1540567504538201, -0.00013669544545666943, 0.9880619914529476], "world_rotation": [0.0009247469686679614, 0.99999945569255, 0.00048317455209988676, -0.1546728154989655]}, {"color": "CVRed", "id_name": "object57232009068433", "shape": "CVCapsule", "id_string": "ob8024", "world_size": [0.04, 0.08, 0.04], "id": 8024, "camera_size": [26, 37], "camera_position": [236, 142], "world_position": [0.9904916702862203, 0.6199748863736313, -0.19954453058151744], "world_orientation": [5.915057194050276e-10, -0.9372059223301592, 0.3487765174854458, 1.0, 4.972910902512061e-10, -3.596616893197789e-10, 1.63633662175755e-10, 0.3487765174854459, 0.9372059223301592], "world_rotation": [0.17447427622994577, 0.17447427596816903, 0.9690807262346208, 1.602198525772426]}, {"color": "CVYellow", "id_name": "object70289274783869", "shape": "CVBox", "id_string": "ob8031", "world_size": [0.04, 0.04, 0.04], "id": 8031, "camera_size": [19, 18], "camera_position": [292, 242], "world_position": [0.7331787121133603, 0.6599594584893789, -0.06024267677009459], "world_orientation": [0.9944715059994588, 0.10500674198355989, 8.884349605936538e-05, 0.000134577972005473, -0.000428453169239894, -0.9999998991583205, -0.10500669332922624, 0.9944714176716594, -0.00044021606284728846], "world_rotation": [0.9972407597754268, 0.05254803722082726, -0.0524363502426297, 1.5739949138653104]}], "source": "manual check"}
