{"timestamp": 1721661333.646539, "objects": [{"color": "cv_", "id_name": "hand", "shape": "CVBox", "id_string": "ob383", "world_size": [0.005, 0.09, 0.5], "id": 383, "camera_size": [3, 208], "camera_position": [246, 271], "world_position": [0.6631394497808873, 0.6656658532112961, -0.17408730560096014], "world_orientation": [-2.8777805861014062e-06, -0.0016582808734924746, 0.9999986250471863, -0.0007640678489072218, -0.9999983331482009, -0.0016582825882635415, 0.9999997080959778, -0.0007640715705238235, 1.6107366897352382e-06], "world_rotation": [0.0, 1.0, 0.0, 0.0]}, {"color": "CVYellow", "id_name": "object180257237596923", "shape": "CVCapsule", "id_string": "ob9949", "world_size": [0.04, 0.08, 0.04], "id": 9949, "camera_size": [16, 16], "camera_position": [255, 243], "world_position": [0.7310097985571801, 0.6399748863729351, -0.1511956503863448], "world_orientation": [0.999908910549179, 3.0006323397067315e-05, -0.013497025745510245, -3.0009059933248865e-05, 0.9999999995497282, -2.253017529974376e-10, 0.013497025739426157, 4.052583357480636e-07, 0.9999089109994095], "world_rotation": [-1.5021184779770905e-05, 0.999997528405367, 0.0022232763033036146, -0.013497468929893335]}, {"color": "CVYellow", "id_name": "object2250046300884", "shape": "CVCylinder", "id_string": "ob9956", "world_size": [0.04, 0.04, 0.04], "id": 9956, "camera_size": [17, 17], "camera_position": [219, 295], "world_position": [0.6, 0.6199874431539305, -0.245], "world_orientation": [1.0, 3.2526065174562914e-18, -5.85631424552212e-17, -3.2526065174562914e-18, 1.0, 6.830473686658622e-17, 5.85631424552212e-17, -6.830473686658622e-17, 1.0], "world_rotation": [0.7586719037870137, 0.650470418545561, 0.03612723351366515, -9.003198421561925e-17]}, {"color": "CVGreen", "id_name": "object189444142239827", "shape": "CVCone", "id_string": "ob9963", "world_size": [0.04, 0.04, 0.04], "id": 9963, "camera_size": [16, 17], "camera_position": [236, 295], "world_position": [0.6, 0.6199874431539305, -0.2], "world_orientation": [1.0, 4.456070928915423e-16, -4.5891564807488906e-17, -4.456070928915423e-16, 1.0, -9.887923813067798e-16, 4.5891564807488906e-17, 9.887923813067798e-16, 1.0], "world_rotation": [-0.9108818423680365, 0.042275601927426604, 0.41049609343559545, -1.0855330903689965e-15]}, {"color": "CVPurple", "id_name": "object99841911299795", "shape": "CVSphere", "id_string": "ob9970", "world_size": [0.04, 0.04, 0.04], "id": 9970, "camera_size": [16, 16], "camera_position": [255, 294], "world_position": [0.6018764150002682, 0.6199874426420773, -0.15134405409763235], "world_orientation": [0.999912071670227, 2.3748984278073893e-08, -0.013260804204669978, -1.0170396941731956e-07, 0.9999999999827198, -5.877927256631175e-06, 0.013260804204301238, 5.878759096730253e-06, 0.9999120716529506], "world_rotation": [-0.0004432870366240164, 0.9999999017371093, 4.730216185741879e-06, -0.013261194188104088]}, {"color": "CVPurple", "id_name": "object68273589398869", "shape": "CVCone", "id_string": "ob9977", "world_size": [0.04, 0.04, 0.04], "id": 9977, "camera_size": [16, 17], "camera_position": [271, 295], "world_position": [0.6001985787760714, 0.6199867955900327, -0.10998487610617647], "world_orientation": [0.9999998076471378, 8.204278773558408e-05, -0.0006147964446291711, -8.202333170034683e-05, 0.9999999961345462, 3.1671451088749784e-05, 0.0006147990406668429, -3.1621017343945285e-05, 0.9999998105111076], "world_rotation": [0.050955747999517596, 0.9899275418008896, 0.13208699303813942, -0.0006210533157321276]}, {"color": "CVGreen", "id_name": "object103552365063580", "shape": "CVSphere", "id_string": "ob9984", "world_size": [0.04, 0.04, 0.04], "id": 9984, "camera_size": [16, 17], "camera_position": [289, 295], "world_position": [0.6, 0.6199874431539305, -0.065], "world_orientation": [1.0, 2.049142105997599e-16, 5.802954297681148e-18, -2.049142105997599e-16, 1.0, 6.179952383167331e-17, -5.802954297681148e-18, -6.179952383167331e-17, 1.0], "world_rotation": [-0.28863572672225335, 0.027102796704540077, -0.9570553043948448, 2.1410905896324258e-16]}, {"color": "CVGreen", "id_name": "object124190983656452", "shape": "CVCylinder", "id_string": "ob9991", "world_size": [0.04, 0.04, 0.04], "id": 9991, "camera_size": [17, 16], "camera_position": [219, 277], "world_position": [0.6457339870019949, 0.6199854877475688, -0.24449707318633812], "world_orientation": [0.9998104724343022, 0.00022058083943368882, 0.019467166069837984, -0.00022104812310917967, 0.9999999753301108, 2.1851891692645626e-05, -0.019467160769476542, -2.6150930678799267e-05, 0.9998104965280692], "world_rotation": [-0.0012328374990191013, 0.9999349153921008, -0.011342181954693305, 0.019469660544691385]}, {"color": "CVGreen", "id_name": "object276685252370887", "shape": "CVCapsule", "id_string": "ob9998", "world_size": [0.04, 0.08, 0.04], "id": 9998, "camera_size": [20, 24], "camera_position": [235, 271], "world_position": [0.6620594191934704, 0.6421894712452805, -0.20054833903863734], "world_orientation": [0.9715795447181045, 0.12776358689413042, 0.19927281337228842, -0.1286510516597924, 0.9916531250518547, -0.00854321261120361, -0.19870101960531134, -0.017336246388327228, 0.9799068115739236], "world_rotation": [-0.01857001536905318, 0.8404812698550304, -0.5415222890630348, 0.23902302544446]}, {"color": "CVRed", "id_name": "object61228011073719", "shape": "CVBox", "id_string": "ob10005", "world_size": [0.04, 0.04, 0.04], "id": 10005, "camera_size": [16, 17], "camera_position": [255, 276], "world_position": [0.6488825505966126, 0.6200004179031083, -0.15125596415788733], "world_orientation": [0.9999333287070598, 0.0018582513746049623, 0.011396711922656651, -0.0018653686944591185, 0.9999980717562342, 0.0006139083378259075, -0.011395549151005291, -0.0006351264774035581, 0.999934866915793], "world_rotation": [-0.05400489552901887, 0.985475875568051, -0.16099928550239803, 0.01156434655773786]}, {"color": "CVPurple", "id_name": "object37868754710490", "shape": "CVSphere", "id_string": "ob10012", "world_size": [0.04, 0.04, 0.04], "id": 10012, "camera_size": [16, 16], "camera_position": [271, 276], "world_position": [0.6470879556297219, 0.619962300394849, -0.10979198706784361], "world_orientation": [0.999966152256892, -0.0013235947075127318, 0.008120494910813287, 0.0013239960106139505, 0.9999991225470081, -4.40429087685412e-05, -0.008120429490499783, 5.479292088159364e-05, 0.9999670272677124], "world_rotation": [0.00600620847009768, 0.9869535981706565, 0.16089288523054132, 0.008227898292307594]}, {"color": "CVRed", "id_name": "object269796019800817", "shape": "CVCylinder", "id_string": "ob10019", "world_size": [0.04, 0.04, 0.04], "id": 10019, "camera_size": [16, 16], "camera_position": [289, 277], "world_position": [0.645, 0.6199874431539305, -0.065], "world_orientation": [1.0, 3.5778671692020784e-17, -3.6332864841185517e-17, -3.5778671692020784e-17, 1.0, 1.0733601507606489e-16, 3.6332864841185517e-17, -1.0733601507606489e-16, 1.0], "world_rotation": [0.9032531890035577, 0.3057480381601587, 0.3010843963345121, -1.18832699826363e-16]}, {"color": "CVRed", "id_name": "object47735755615504", "shape": "CVBox", "id_string": "ob10026", "world_size": [0.04, 0.04, 0.04], "id": 10026, "camera_size": [17, 16], "camera_position": [219, 259], "world_position": [0.6910650485748777, 0.6199863910448662, -0.24485668210768233], "world_orientation": [0.9985217651419621, 3.6494145671560006e-05, 0.05435331826077878, -6.516917235782074e-05, 0.9999998596463516, 0.0005257948802496727, -0.05435329144365731, -0.0005285597926954661, 0.9985216273740827], "world_rotation": [-0.009698624817187706, 0.9999525299459079, -0.0009351638538132629, 0.054382687086657173]}, {"color": "CVYellow", "id_name": "object39094349823436", "shape": "CVBox", "id_string": "ob10033", "world_size": [0.04, 0.04, 0.04], "id": 10033, "camera_size": [17, 17], "camera_position": [237, 254], "world_position": [0.7042026877858545, 0.6200480712236722, -0.198670359965146], "world_orientation": [0.9969544206244331, 0.005302304434513699, 0.07780596869832562, -0.005297560716048962, 0.9999859320819359, -0.000267373674360036, -0.07780629182695231, -0.00014562247663854836, 0.9969684848310069], "world_rotation": [0.000780591965507086, 0.9976877646682031, -0.06795965647020061, 0.07806572123001769]}, {"color": "CVPurple", "id_name": "object193756970776618", "shape": "CVCone", "id_string": "ob10040", "world_size": [0.04, 0.04, 0.04], "id": 10040, "camera_size": [16, 16], "camera_position": [255, 259], "world_position": [0.6904355636220427, 0.6199699028990856, -0.1513099924161678], "world_orientation": [0.9998806023091306, 0.0001314953331201411, 0.015451984820976854, -0.00012513858489328572, 0.9999999071525318, -0.0004123533222262827, -0.015452037608836653, 0.0004103704486774965, 0.999880525927888], "world_rotation": [0.026611553528578573, 0.9996113838256393, -0.008300996626074003, 0.015458634133551955]}, {"color": "CVPurple", "id_name": "object244587786721869", "shape": "CVCapsule", "id_string": "ob10047", "world_size": [0.04, 0.08, 0.04], "id": 10047, "camera_size": [17, 16], "camera_position": [272, 260], "world_position": [0.6897626250422818, 0.6399441004857825, -0.10991686689634113], "world_orientation": [0.9999987496223741, 0.0009544941090385931, -0.0012608309498875752, -0.000955821455827532, 0.999998989247374, -0.0010525728359777988, 0.0012598250009281133, 0.0010537766491383416, 0.9999986511969607], "world_rotation": [-0.5543078677286271, 0.6633369415888167, 0.5027194940498507, -0.0018999827307566901]}, {"color": "CVGreen", "id_name": "object165214837217425", "shape": "CVCone", "id_string": "ob10054", "world_size": [0.04, 0.04, 0.04], "id": 10054, "camera_size": [16, 16], "camera_position": [289, 260], "world_position": [0.6889069703248879, 0.6199748860084697, -0.06495417883191039], "world_orientation": [0.9999953341940896, 6.365238622186493e-05, -0.0030541019015669782, -6.421731670415189e-05, 0.9999999808483833, -0.00018487663280216077, 0.0030540900752371557, 0.00018507189643273466, 0.9999953191301475], "world_rotation": [-0.06044198841861854, 0.9979530652121595, 0.02089128214492572, -0.0030603651236019627]}, {"color": "CVGreen", "id_name": "object205983099951395", "shape": "CVCylinder", "id_string": "ob10061", "world_size": [0.04, 0.04, 0.04], "id": 10061, "camera_size": [17, 17], "camera_position": [217, 243], "world_position": [0.7338397767825003, 0.6199874431872472, -0.24912293380542547], "world_orientation": [0.998543048650233, -4.672128707164074e-10, -0.05396091170744225, 4.549362480694371e-10, 1.0, -2.397928837415935e-10, 0.05396091170744225, 2.1489474246137186e-10, 0.998543048650233], "world_rotation": [-4.213120310755009e-09, 1.0, -8.54460283941665e-09, -0.05398713313046262]}, {"color": "CVYellow", "id_name": "object158052635843002", "shape": "CVCylinder", "id_string": "ob10068", "world_size": [0.04, 0.04, 0.04], "id": 10068, "camera_size": [17, 17], "camera_position": [235, 239], "world_position": [0.7439463520660003, 0.6199823939351947, -0.20309843458559557], "world_orientation": [0.9971225515493639, 0.002380267894745531, 0.0757690670157403, -0.0024629073790256428, 0.9999964697797122, 0.0009972539072255844, -0.07576642580278445, -0.001180996554770305, 0.997124893866465], "world_rotation": [-0.014365704598194005, 0.9993865094733002, -0.03194105843848794, 0.07588707378829848]}, {"color": "CVYellow", "id_name": "object118511792516103", "shape": "CVBox", "id_string": "ob10075", "world_size": [0.04, 0.04, 0.04], "id": 10075, "camera_size": [16, 17], "camera_position": [255, 225], "world_position": [0.7785267351894548, 0.6199874431897577, -0.1513308425936865], "world_orientation": [0.9999887750722728, 8.22532631364805e-12, -0.004738114546501121, -5.823694797780845e-12, 1.0, 5.068887345040736e-10, 0.004738114546501121, -5.06855451381627e-10, 0.9999887750722728], "world_rotation": [1.0697759371755775e-07, 0.9999999999999942, 1.482553975167545e-09, -0.004738132274911864]}, {"color": "CVYellow", "id_name": "object83953741668252", "shape": "CVBox", "id_string": "ob10082", "world_size": [0.04, 0.04, 0.04], "id": 10082, "camera_size": [16, 17], "camera_position": [272, 241], "world_position": [0.7380482430517535, 0.6199774742938686, -0.1083673193009754], "world_orientation": [0.999202627754221, 0.00014890213925100557, -0.03992601303927852, -0.0001573814059225252, 0.9999999657266326, -0.00020923151534301836, 0.03992598051585937, 0.00021534829200474414, 0.9992026169426101], "world_rotation": [-0.005316970356912336, 0.9999785089291071, 0.0038355581266817534, -0.039937470723187485]}, {"color": "CVYellow", "id_name": "object107541066042997", "shape": "CVCylinder", "id_string": "ob10089", "world_size": [0.04, 0.04, 0.04], "id": 10089, "camera_size": [17, 16], "camera_position": [291, 240], "world_position": [0.7391577291620804, 0.6199874431835762, -0.06084991013314334], "world_orientation": [0.9998894069711735, -4.554187781068901e-10, 0.014871914027287452, 4.5077791028456173e-10, 1.0, 3.154080038485598e-10, -0.014871914027287452, -3.086691915949447e-10, 0.9998894069711735], "world_rotation": [-2.098173759942492e-08, 0.9999999999999993, 3.0466713522171164e-08, 0.014872462294880276]}, {"color": "CVBlue", "id_name": "object44884747896857", "shape": "CVSphere", "id_string": "ob10096", "world_size": [0.04, 0.04, 0.04], "id": 10096, "camera_size": [17, 17], "camera_position": [218, 225], "world_position": [0.7796808057838271, 0.6199812601929479, -0.24727583898862518], "world_orientation": [0.9998505847974153, 0.0004108156461218155, -0.017281183720206896, -0.0004049822309068389, 0.9999998598347586, 0.0003410569686893709, 0.017281321409524566, -0.0003340074372575826, 0.9998506110261536], "world_rotation": [0.01952253789237944, 0.9995310226795794, 0.023592482178753926, -0.017290222360612603]}, {"color": "CVGreen", "id_name": "object194892748238806", "shape": "CVCapsule", "id_string": "ob10103", "world_size": [0.04, 0.08, 0.04], "id": 10103, "camera_size": [18, 34], "camera_position": [236, 198], "world_position": [0.8463863377159159, 0.6199673461667732, -0.19922755348235555], "world_orientation": [-0.00043752275807079914, 0.9980046056286327, -0.06313965250041705, -0.9999998363284548, -0.00041337209689019114, 0.0003955585584800511, 0.0003686690926079095, 0.06313981523212403, 0.9980046231433767], "world_rotation": [-0.031372160106101714, 0.03175419295266095, 0.9990032326275037, -1.5722194631310724]}, {"color": "CVGreen", "id_name": "object269920465106582", "shape": "CVBox", "id_string": "ob10110", "world_size": [0.04, 0.04, 0.04], "id": 10110, "camera_size": [16, 18], "camera_position": [255, 208], "world_position": [0.8211078790934895, 0.6199874431997716, -0.15069615620829854], "world_orientation": [0.9996473559873504, 1.5951477650447816e-10, 0.02655491795317519, -1.539674697713471e-10, 1.0, -2.1094406879229866e-10, -0.02655491795317519, 2.0678108710219868e-10, 0.9996473559873504], "world_rotation": [7.865306845065016e-09, 1.0, -5.902527110582581e-09, 0.026558039871157423]}, {"color": "CVYellow", "id_name": "object117749577630464", "shape": "CVCone", "id_string": "ob10117", "world_size": [0.04, 0.04, 0.04], "id": 10117, "camera_size": [16, 16], "camera_position": [271, 224], "world_position": [0.7800855948465426, 0.6199848531860171, -0.11000345822474576], "world_orientation": [0.999999941110056, -0.0003429802115499522, -1.201911693056141e-05, 0.00034298209373236397, 0.9999999288652278, 0.0001569484718884994, 1.1965285855523583e-05, -0.00015695258498770002, 0.9999999876113591], "world_rotation": [0.4158985703225611, 0.031777780323649266, -0.9088556276336476, -0.0003773769456376859]}, {"color": "CVYellow", "id_name": "object188832945374532", "shape": "CVBox", "id_string": "ob10124", "world_size": [0.04, 0.04, 0.04], "id": 10124, "camera_size": [16, 16], "camera_position": [289, 224], "world_position": [0.7800000081326007, 0.6199874436523547, -0.0650000091741704], "world_orientation": [0.9999999999999365, 4.440793493637774e-08, -3.5401633661834235e-07, -4.440791788671437e-08, 0.9999999999999979, 4.813950381094732e-08, 3.540163387570578e-07, -4.813948808290154e-08, 0.9999999999999362], "world_rotation": [0.1337120308245857, 0.9833140652219259, 0.1233472413534056, -3.600236691497026e-07]}, {"color": "CVPurple", "id_name": "object145663249628753", "shape": "CVCylinder", "id_string": "ob10131", "world_size": [0.04, 0.04, 0.04], "id": 10131, "camera_size": [23, 23], "camera_position": [231, 263], "world_position": [0.6824518868696181, 0.701501430510193, -0.21118290806784615], "world_orientation": [0.9054396856809929, 0.06808215037109414, 0.41897947013517556, -0.07446245837629341, 0.9972231816794533, -0.0011261499309837258, -0.41789271097551284, -0.0301785805159224, 0.9079950084618199], "world_rotation": [-0.03420258021254355, 0.9852252402221864, -0.16781361546650267, 0.4386427456121708]}, {"color": "CVRed", "id_name": "object259860639236478", "shape": "CVCylinder", "id_string": "ob10138", "world_size": [0.04, 0.04, 0.04], "id": 10138, "camera_size": [17, 17], "camera_position": [256, 269], "world_position": [0.6671335351817362, 0.6599787272397091, -0.15074298280458484], "world_orientation": [0.9990232186647289, 0.0021005067818504865, -0.04413837831213068, -0.0021213862727030913, 0.9999976590293459, -0.0004262113444275171, 0.04413737972566286, 0.0005194295789921273, 0.9990253359669439], "world_rotation": [-0.010699508279828176, 0.9988011100639934, 0.047768850284516655, -0.044205254536430906]}, {"color": "CVYellow", "id_name": "object213628532021665", "shape": "CVCapsule", "id_string": "ob10145", "world_size": [0.04, 0.08, 0.04], "id": 10145, "camera_size": [18, 19], "camera_position": [273, 279], "world_position": [0.6436477736221045, 0.6799311926976952, -0.10769967567507018], "world_orientation": [0.9975825942293147, -0.0021091360156116844, -0.06945875924588674, 0.0020982780521939318, 0.9999977723269721, -0.0002292821610566991, 0.06945908810174581, 8.298410297917912e-05, 0.997584797495287], "world_rotation": [-0.00224681247736043, 0.9995391391778738, -0.03027310828518228, -0.06954699975584192]}, {"color": "CVBlue", "id_name": "object152976874559443", "shape": "CVSphere", "id_string": "ob10152", "world_size": [0.04, 0.04, 0.04], "id": 10152, "camera_size": [20, 19], "camera_position": [231, 254], "world_position": [0.7056716948105084, 0.6600648170535492, -0.2114431209775645], "world_orientation": [0.9795376776579318, 0.00320474955540901, 0.20123535382430421, -0.0033314593706817402, 0.999994408334758, 0.0002909942936675113, -0.20123329601973752, -0.0009554472798412187, 0.9795428769040834], "world_rotation": [-0.0030965672945840413, 0.9998633587727709, -0.016238074227679908, 0.20264593581036164]}, {"color": "CVPurple", "id_name": "object189185757692707", "shape": "CVCylinder", "id_string": "ob10159", "world_size": [0.04, 0.04, 0.04], "id": 10159, "camera_size": [21, 23], "camera_position": [303, 116], "world_position": [1.0580721764615808, 0.6199874431860112, -0.030430760126938388], "world_orientation": [4.5235493129069937e-10, 0.2898311903152294, -0.9570777821684385, -1.0, 5.089437760119608e-10, -3.185186003840101e-10, 3.9478198488041016e-10, 0.9570777821684386, 0.28983119031522964], "world_rotation": [-0.5118970488733207, 0.5118970489141105, 0.68987159868182, -1.9338006805684804]}, {"color": "CVGreen", "id_name": "object41957428020177", "shape": "CVCapsule", "id_string": "ob10166", "world_size": [0.04, 0.08, 0.04], "id": 10166, "camera_size": [19, 19], "camera_position": [272, 262], "world_position": [0.6851518954938842, 0.7199184821406515, -0.11259353897044724], "world_orientation": [0.9923620820339142, 0.0007703436243785412, -0.1233568186685091, -0.0008557825254970266, 0.9999994292535516, -0.0006396318007750286, 0.12335625552676323, 0.000740312955369625, 0.9923621748933926], "world_rotation": [-0.005593109334946196, 0.9999626377725828, 0.006590916997343738, -0.12367619283601276]}, {"color": "CVYellow", "id_name": "object192388372684657", "shape": "CVCone", "id_string": "ob10173", "world_size": [0.04, 0.04, 0.04], "id": 10173, "camera_size": [19, 19], "camera_position": [228, 238], "world_position": [0.7448981188723905, 0.660061666164537, -0.21923190399782091], "world_orientation": [0.9795052304225105, 0.002751212028507696, 0.2013999364630461, -0.003023920288377021, 0.9999948804483831, 0.0010464144081247062, -0.20139602647776933, -0.001633985739896072, 0.979508535240795], "world_rotation": [-0.006653654974899843, 0.9998750987496043, -0.014335821425513137, 0.20281062232882976]}, {"color": "CVYellow", "id_name": "object258075684066788", "shape": "CVSphere", "id_string": "ob10180", "world_size": [0.04, 0.04, 0.04], "id": 10180, "camera_size": [17, 17], "camera_position": [235, 223], "world_position": [0.7840142386963553, 0.6200085557779016, -0.20321780667552], "world_orientation": [-0.001678736062423204, 0.9972182147779098, 0.07451854776088694, -0.9999975504200294, -0.0017815650874025296, 0.001313460993084527, 0.0014425668697589033, -0.07451616026740922, 0.9972187627897041], "world_rotation": [-0.037914995261562556, 0.03653816837226696, -0.9986127454555722, 1.5739171010406123]}, {"color": "CVYellow", "id_name": "object17064617077470", "shape": "CVCylinder", "id_string": "ob10187", "world_size": [0.04, 0.04, 0.04], "id": 10187, "camera_size": [20, 20], "camera_position": [273, 239], "world_position": [0.740533426069456, 0.6599717534228237, -0.10684901016744577], "world_orientation": [0.9759418736560013, 0.00011649594917652257, -0.21803083651976357, -0.00014805852025344757, 0.9999999807928748, -0.00012842478236043523, 0.21803081737105107, 0.00015761644574544486, 0.9759418721591813], "world_rotation": [-0.0006559648420613433, 0.9999996008184396, 0.0006066902729560944, -0.21979638784856026]}, {"color": "CVPurple", "id_name": "object139443048795659", "shape": "CVCone", "id_string": "ob10194", "world_size": [0.04, 0.04, 0.04], "id": 10194, "camera_size": [22, 23], "camera_position": [226, 220], "world_position": [0.7904056104458654, 0.6600039393225743, -0.22328965614691282], "world_orientation": [-0.001910339844776121, 0.5070142070458249, -0.8619355802235865, -0.9999978456347198, -0.00026868535037974367, 0.002058284261659715, 0.0008119898994229935, 0.8619376553219356, 0.5070136280323514], "world_rotation": [-0.4437552213380155, 0.44523540373657156, 0.7777189330309384, -1.8209808053233523]}, {"color": "CVRed", "id_name": "object105193821898531", "shape": "CVCone", "id_string": "ob10201", "world_size": [0.04, 0.04, 0.04], "id": 10201, "camera_size": [23, 24], "camera_position": [267, 265], "world_position": [0.6783665765895802, 0.7799175486228459, -0.12565043133308618], "world_orientation": [0.9092076591777073, 0.000621954676802445, -0.41634246200090386, -0.0006999747097129295, 0.9999997544138963, -3.474986234442055e-05, 0.41634233814014143, 0.0003230240349791671, 0.9092078712414852], "world_rotation": [-0.00042966247659101604, 0.999998647538866, 0.0015875486119517747, -0.42941937412737535]}, {"color": "CVGreen", "id_name": "object57664816708357", "shape": "CVCapsule", "id_string": "ob10208", "world_size": [0.04, 0.08, 0.04], "id": 10208, "camera_size": [30, 36], "camera_position": [171, 229], "world_position": [0.7676873116134875, 0.6199748863862216, -0.36589160322368164], "world_orientation": [0.4547811484260427, -0.8906032264910619, 6.588007916974448e-12, -4.900283512299097e-10, -2.576272528642676e-10, -1.0, 0.8906032264910619, 0.45478114842604267, -5.535848446314162e-10], "world_rotation": [-0.7560251913361883, 0.46283145436413436, -0.4628314541128986, -1.8469004697254023]}, {"color": "CVPurple", "id_name": "object26096003176322", "shape": "CVBox", "id_string": "ob10215", "world_size": [0.04, 0.04, 0.04], "id": 10215, "camera_size": [20, 18], "camera_position": [292, 259], "world_position": [0.6909320832489965, 0.6599637595884493, -0.059066072213164136], "world_orientation": [0.00010834884835975167, 0.9878325472739841, -0.15552121015063974, 0.9999999042051787, -4.1075916544786046e-05, 0.0004357779279303836, 0.00042408744434419, -0.1555212424685499, -0.9878324570952699], "world_rotation": [0.706059697525333, 0.7060066252259419, -0.055084922324638574, -3.030925086287954]}], "source": "manual check"}
