{"timestamp": 1721661412.813128, "objects": [{"color": "cv_", "id_name": "hand", "shape": "CVBox", "id_string": "ob383", "world_size": [0.005, 0.09, 0.5], "id": 383, "camera_size": [3, 208], "camera_position": [246, 271], "world_position": [0.6632694482463399, 0.6656018120572872, -0.1741061726165582], "world_orientation": [3.854497022511466e-06, -0.0016591065719863967, 0.9999986236743157, -0.0007627888531747626, -0.9999983327635632, -0.0016591031491620164, 0.9999997090691118, -0.0007627814083210652, -5.120038595137172e-06], "world_rotation": [0.0, 1.0, 0.0, 0.0]}, {"color": "CVRed", "id_name": "object18218465710667", "shape": "CVCylinder", "id_string": "ob11041", "world_size": [0.04, 0.04, 0.04], "id": 11041, "camera_size": [16, 16], "camera_position": [255, 237], "world_position": [0.7467099506399913, 0.620262194436035, -0.15119650639010257], "world_orientation": [0.9996114107327995, 0.014891222228418018, -0.023564359387148875, -0.014906135686699901, 0.9998887927924716, -0.00045734768351798357, 0.023554928394553323, 0.000808423501511796, 0.9997222173182757], "world_rotation": [-0.022698393481021255, 0.8449648303452182, 0.5343399839175965, -0.027886009887696395]}, {"color": "CVPurple", "id_name": "object17199876449100", "shape": "CVCone", "id_string": "ob11048", "world_size": [0.04, 0.04, 0.04], "id": 11048, "camera_size": [17, 17], "camera_position": [218, 295], "world_position": [0.6006131124347451, 0.6199874431981103, -0.24670754111425333], "world_orientation": [0.9990125992232486, -1.772154609433033e-10, -0.04442776826725519, 1.8898219301367756e-10, 1.0, 2.606507451947682e-10, 0.04442776826725519, -2.6878943552435126e-10, 0.9990125992232486], "world_rotation": [5.958437722262714e-09, 1.0, -4.1212699651501655e-09, -0.04444239671604038]}, {"color": "CVRed", "id_name": "object79304919519468", "shape": "CVSphere", "id_string": "ob11055", "world_size": [0.04, 0.04, 0.04], "id": 11055, "camera_size": [16, 17], "camera_position": [236, 295], "world_position": [0.5999376427193674, 0.6199874431898669, -0.19993523187054663], "world_orientation": [0.9999945462997769, 5.28226804370493e-10, -0.003302630876023872, -5.282353092640919e-10, 1.0, -1.702901954852586e-12, 0.003302630876023872, 3.447458909928308e-12, 0.9999945462997769], "world_rotation": [-7.797360737724177e-10, 0.9999999999999872, 1.5994250542865317e-07, -0.0033026368798899264]}, {"color": "CVGreen", "id_name": "object136495556847140", "shape": "CVCone", "id_string": "ob11062", "world_size": [0.04, 0.04, 0.04], "id": 11062, "camera_size": [16, 16], "camera_position": [255, 289], "world_position": [0.6146423289088678, 0.619987443186679, -0.15105048671829455], "world_orientation": [0.999998926649477, 2.5847472771824815e-10, 0.0014651620709122196, -2.591509859539508e-10, 1.0, 4.6136880643015587e-10, -0.0014651620709122196, -4.6174800941495016e-10, 0.999998926649477], "world_rotation": [-3.150220832806254e-07, 0.9999999999999346, -1.766445241617154e-07, 0.0014651625951233656]}, {"color": "CVBlue", "id_name": "object75899334936085", "shape": "CVBox", "id_string": "ob11069", "world_size": [0.04, 0.04, 0.04], "id": 11069, "camera_size": [16, 17], "camera_position": [271, 295], "world_position": [0.6, 0.6199874431539305, -0.11], "world_orientation": [1.0, 4.228388472693457e-17, -1.6957377686420176e-17, -4.228388472693457e-17, 1.0, 1.0733601507606494e-16, 1.6957377686420176e-17, -1.0733601507606494e-16, 1.0], "world_rotation": [0.92051720276698, 0.14542702990328832, 0.3626279889688094, -1.1660402951017529e-16]}, {"color": "CVBlue", "id_name": "object124982981944060", "shape": "CVBox", "id_string": "ob11076", "world_size": [0.04, 0.04, 0.04], "id": 11076, "camera_size": [16, 17], "camera_position": [289, 295], "world_position": [0.6, 0.6199874431539305, -0.065], "world_orientation": [1.0, 2.049142105997599e-16, 5.802954297681148e-18, -2.049142105997599e-16, 1.0, 6.179952383167331e-17, -5.802954297681148e-18, -6.179952383167331e-17, 1.0], "world_rotation": [-0.28863572672225335, 0.027102796704540077, -0.9570553043948448, 2.1410905896324258e-16]}, {"color": "CVRed", "id_name": "object81867001594119", "shape": "CVBox", "id_string": "ob11083", "world_size": [0.04, 0.04, 0.04], "id": 11083, "camera_size": [17, 16], "camera_position": [219, 277], "world_position": [0.6449596218427752, 0.6199752606692494, -0.24506375119263415], "world_orientation": [0.99999766569183, 0.00016136606041915994, -0.0021546628240879857, -0.0001606899232160341, 0.999999937800387, 0.0003139712898289214, 0.0021547133543789155, -0.0003136243243194181, 0.999997629422262], "world_rotation": [0.14372214539378994, 0.9868660260136293, 0.07375223131182848, -0.0021833660743892343]}, {"color": "CVBlue", "id_name": "object86780361156555", "shape": "CVSphere", "id_string": "ob11090", "world_size": [0.04, 0.04, 0.04], "id": 11090, "camera_size": [16, 16], "camera_position": [236, 277], "world_position": [0.6449897058195668, 0.6199874431869495, -0.20015200009909695], "world_orientation": [0.9997095691894388, -9.802648402556547e-11, 0.024099320966921883, 1.1154913960859389e-10, 1.0, -5.597775262842534e-10, -0.024099320966921883, 5.623032081625723e-10, 0.9997095691894388], "world_rotation": [2.3280339225884516e-08, 0.9999999999999998, 4.348164496456508e-09, 0.024101654299766972]}, {"color": "CVBlue", "id_name": "object78597575811322", "shape": "CVCylinder", "id_string": "ob11097", "world_size": [0.04, 0.04, 0.04], "id": 11097, "camera_size": [17, 18], "camera_position": [256, 272], "world_position": [0.6584866317960498, 0.6202729921485336, -0.1498944455400717], "world_orientation": [0.9955992001860883, 0.01597205177960405, -0.0923424395972456, -0.01605385956581555, 0.9998711182489494, -0.00014312454902172243, 0.09232825234922609, 0.0016249472437920177, 0.9957272986940716], "world_rotation": [-0.009432963465462307, 0.9852495228717356, 0.17086367923369894, -0.09385545955550872]}, {"color": "CVRed", "id_name": "object173578305253653", "shape": "CVCapsule", "id_string": "ob11104", "world_size": [0.04, 0.08, 0.04], "id": 11104, "camera_size": [17, 17], "camera_position": [272, 278], "world_position": [0.6452817759608124, 0.6399833110429307, -0.10927730134091336], "world_orientation": [0.9999635496112402, 0.002031189829470812, -0.008292992027351533, -0.002048870250587651, 0.9999956452989291, -0.002124032456089777, 0.008288641600727991, 0.002140946298934236, 0.9999633567133148], "world_rotation": [-0.24231757925172973, 0.9420964444575958, 0.23181130284336401, -0.008800504325068974]}, {"color": "CVRed", "id_name": "object50651056580713", "shape": "CVCapsule", "id_string": "ob11111", "world_size": [0.04, 0.08, 0.04], "id": 11111, "camera_size": [17, 17], "camera_position": [290, 278], "world_position": [0.645, 0.6399748858658902, -0.065], "world_orientation": [1.0, -8.066464163292171e-17, -3.573889421051852e-17, 8.066464163292171e-17, 1.0, -1.821459649775647e-16, 3.573889421051852e-17, 1.821459649775647e-16, 1.0], "world_rotation": [-0.8999806872227267, 0.17658538071993266, -0.3985628757700657, -2.0238874851820828e-16]}, {"color": "CVYellow", "id_name": "object105467671720691", "shape": "CVSphere", "id_string": "ob11118", "world_size": [0.04, 0.04, 0.04], "id": 11118, "camera_size": [17, 16], "camera_position": [218, 259], "world_position": [0.6919286938530302, 0.6202767759543608, -0.2458248855846228], "world_orientation": [0.9997055205765688, 0.01542150599001562, -0.018736309181149154, -0.015409702844755315, 0.9998809637673063, 0.0007741795651172392, 0.018746017896290445, -0.00048523062827635305, 0.999824160222321], "world_rotation": [0.02594063237217774, 0.7720401758458016, 0.6350441326963938, -0.024277239980367325]}, {"color": "CVPurple", "id_name": "object260487698442896", "shape": "CVBox", "id_string": "ob11125", "world_size": [0.04, 0.04, 0.04], "id": 11125, "camera_size": [16, 17], "camera_position": [236, 260], "world_position": [0.6899849087705706, 0.6199694348746544, -0.20017688364670347], "world_orientation": [0.9997525211664761, 0.0007498996130039761, 0.022233624802204564, -0.0007793772280639087, 0.9999988288075685, 0.001317176764020092, -0.02223261101200587, -0.0013341791715191442, 0.9997519347185716], "world_rotation": [-0.059485516021866684, 0.9976393389899021, -0.03431067885372839, 0.02228757208072764]}, {"color": "CVYellow", "id_name": "object148214432502226", "shape": "CVCapsule", "id_string": "ob11132", "world_size": [0.04, 0.08, 0.04], "id": 11132, "camera_size": [18, 19], "camera_position": [256, 254], "world_position": [0.7054052801975237, 0.6403110076650758, -0.1494902432035144], "world_orientation": [0.9938262262523704, 0.021009246211388728, -0.10894055069900085, -0.021419285933520216, 0.9997672131819866, -0.002594925128454979, 0.10886067335392718, 0.004912333452996911, 0.9940448796593523], "world_rotation": [-0.03381307986227897, 0.9809879469450065, 0.1911002971710107, -0.11124044318458537]}, {"color": "CVYellow", "id_name": "object274902093291584", "shape": "CVCone", "id_string": "ob11139", "world_size": [0.04, 0.04, 0.04], "id": 11139, "camera_size": [16, 16], "camera_position": [272, 259], "world_position": [0.691038469731384, 0.6199581101021663, -0.10811407969023297], "world_orientation": [0.9999998376337028, 0.0005669610236395982, -5.733904221442636e-05, -0.0005669811974443505, 0.9999997771621438, -0.0003524315320361452, 5.713921449494356e-05, 0.0003524639849719586, 0.9999999362521227], "world_rotation": [-0.5260109767037507, 0.08542658900517039, 0.8461765479367221, -0.0006700388404148751]}, {"color": "CVRed", "id_name": "object165934811801516", "shape": "CVSphere", "id_string": "ob11146", "world_size": [0.04, 0.04, 0.04], "id": 11146, "camera_size": [16, 15], "camera_position": [289, 260], "world_position": [0.6899991952294603, 0.6199882289620565, -0.06499830119066516], "world_orientation": [0.9999999991937764, -4.015525748760815e-05, -4.9847474785987536e-08, 4.0155253120806986e-05, 0.9999999956056489, -8.471279632403887e-05, 5.3249138709712356e-08, 8.471279425410344e-05, 0.9999999964118699], "world_rotation": [-0.9036215341986914, 0.0005498597923712506, -0.4283314377752489, -9.374809276571554e-05]}, {"color": "CVBlue", "id_name": "object201725775595137", "shape": "CVSphere", "id_string": "ob11153", "world_size": [0.04, 0.04, 0.04], "id": 11153, "camera_size": [17, 16], "camera_position": [219, 242], "world_position": [0.735022924669062, 0.619984263949787, -0.24496583064111374], "world_orientation": [0.9999994901974819, 0.0010053047709059513, 9.469474222278171e-05, -0.001005149194337506, 0.9999981681919404, -0.0016288916050703935, -9.633210126208412e-05, 0.0016287955923134961, 0.9999986688716366], "world_rotation": [0.8499327322281105, 0.049839029094747966, -0.5245287617148864, 0.0019164394239477326]}, {"color": "CVYellow", "id_name": "object147392500357313", "shape": "CVCapsule", "id_string": "ob11160", "world_size": [0.04, 0.08, 0.04], "id": 11160, "camera_size": [17, 17], "camera_position": [236, 239], "world_position": [0.7427024746049028, 0.6402387224354221, -0.19953670453469283], "world_orientation": [0.9994434735341844, 0.015159463852072022, 0.029714203096193315, -0.015145970721030591, 0.9998850625698191, -0.0006791322895231806, -0.029721083103443364, 0.00022870388433655933, 0.9995582048653753], "world_rotation": [0.013606292984774197, 0.8907927894390181, -0.45420598308990323, 0.0333670844509967]}, {"color": "CVRed", "id_name": "object200278223512838", "shape": "CVCone", "id_string": "ob11167", "world_size": [0.04, 0.04, 0.04], "id": 11167, "camera_size": [16, 17], "camera_position": [255, 222], "world_position": [0.7870341815572414, 0.6200306638653416, -0.15131845564423652], "world_orientation": [0.9998486223200496, 0.0030471532050408826, -0.017130303617982966, -0.0030565681966713202, 0.9999951916811779, -0.0005234552353708038, 0.0171286262017235, 0.0005757359371697616, 0.9998531285606763], "world_rotation": [-0.03157164531366379, 0.9840060656542033, 0.17531484240623732, -0.017408764805598564]}, {"color": "CVGreen", "id_name": "object34048421388736", "shape": "CVCylinder", "id_string": "ob11174", "world_size": [0.04, 0.04, 0.04], "id": 11174, "camera_size": [18, 18], "camera_position": [272, 239], "world_position": [0.7409905927430078, 0.6200255116068177, -0.1081341395589263], "world_orientation": [0.9935098696328898, 0.0006329785783784276, -0.11374417910450609, -0.0010912799374688657, 0.9999915359385353, -0.003967008871586017, 0.11374070533514695, 0.0040653892075025524, 0.9935021512611109], "world_rotation": [-0.03528658713327481, 0.9993485279546308, 0.007574723981638177, -0.11406376829442956]}, {"color": "CVPurple", "id_name": "object53770245540879", "shape": "CVCylinder", "id_string": "ob11181", "world_size": [0.04, 0.04, 0.04], "id": 11181, "camera_size": [16, 16], "camera_position": [289, 242], "world_position": [0.7349761261316153, 0.6199701569235858, -0.06502332718620694], "world_orientation": [0.9999994242076601, 0.0010726118950485648, -3.2985925468469665e-05, -0.0010725725571803357, 0.9999987399744644, 0.0011703151682888816, 3.4241177875777346e-05, -0.0011702791146319428, 0.9999993146369329], "world_rotation": [0.7370454563540468, 0.02116959416045763, 0.6755115421300633, -0.00158782287188219]}, {"color": "CVGreen", "id_name": "object161939288215201", "shape": "CVCapsule", "id_string": "ob11188", "world_size": [0.04, 0.08, 0.04], "id": 11188, "camera_size": [18, 19], "camera_position": [218, 223], "world_position": [0.7819529469844319, 0.6408554629278508, -0.2449441071263193], "world_orientation": [0.9988585005309211, 0.04773559636430863, 0.001734576854434451, -0.0477346798466379, 0.9988598900565768, -0.0005660177579463766, -0.0017596184413434367, 0.00048257217816037855, 0.9999983354321315], "world_rotation": [0.010975407725808581, 0.03657313190240294, -0.9992707072901226, 0.0477881633638082]}, {"color": "CVGreen", "id_name": "object96990104010791", "shape": "CVBox", "id_string": "ob11195", "world_size": [0.04, 0.04, 0.04], "id": 11195, "camera_size": [16, 17], "camera_position": [236, 224], "world_position": [0.7824520125137812, 0.6202460774825705, -0.1998186551967045], "world_orientation": [0.999515076732691, 0.013633305651724319, 0.027995434646554355, -0.013653350924242674, 0.9999066508441256, 0.0005249821172049184, -0.027985664054696217, -0.0009069590346674753, 0.9996079131503147], "world_rotation": [-0.02298696203183608, 0.8986649965771709, -0.43803290230700714, 0.031151849855970047]}, {"color": "CVYellow", "id_name": "object260056950458356", "shape": "CVCapsule", "id_string": "ob11202", "world_size": [0.04, 0.08, 0.04], "id": 11202, "camera_size": [24, 36], "camera_position": [261, 180], "world_position": [0.892011777958006, 0.6199748823226549, -0.13583475759773606], "world_orientation": [-8.47678321391314e-05, 0.9661936431214406, -0.257817448606825, -0.9999999963900024, -8.34145040690508e-05, 1.6186911630799997e-05, -5.866023496448049e-06, 0.2578174490482339, 0.9661936467043506], "world_rotation": [-0.12891923334587047, 0.1289243943139301, 0.9832386952435809, -1.5877844117118451]}, {"color": "CVYellow", "id_name": "object27165471065533", "shape": "CVCone", "id_string": "ob11209", "world_size": [0.04, 0.04, 0.04], "id": 11209, "camera_size": [17, 17], "camera_position": [272, 224], "world_position": [0.7821016179419864, 0.6199848205384626, -0.10894196815320922], "world_orientation": [0.9979734309194356, 0.0003011165453189449, -0.06363128560477657, -0.0003276386220008815, 0.9999998637563179, -0.00040637455554217485, 0.06363115456931365, 0.00042639907616447836, 0.9979733936092705], "world_rotation": [-0.006543530346702236, 0.9999663865052276, 0.0049404524367221946, -0.06367638154531684]}, {"color": "CVGreen", "id_name": "object250207671370702", "shape": "CVCylinder", "id_string": "ob11216", "world_size": [0.04, 0.04, 0.04], "id": 11216, "camera_size": [16, 16], "camera_position": [289, 224], "world_position": [0.78, 0.6199874431539305, -0.065], "world_orientation": [1.0, 4.228388472693457e-17, -1.6957377686420176e-17, -4.228388472693457e-17, 1.0, 1.0733601507606494e-16, 1.6957377686420176e-17, -1.0733601507606494e-16, 1.0], "world_rotation": [0.92051720276698, 0.14542702990328832, 0.3626279889688094, -1.1660402951017529e-16]}, {"color": "CVRed", "id_name": "object4240852862766", "shape": "CVCylinder", "id_string": "ob11223", "world_size": [0.04, 0.04, 0.04], "id": 11223, "camera_size": [22, 22], "camera_position": [229, 274], "world_position": [0.6551632474578386, 0.6601801020116397, -0.21546096219385336], "world_orientation": [0.8954552072214853, 0.010181563425040138, 0.44503517571777296, -0.01146239888176702, 0.9999342870838414, 0.0001868850051626537, -0.4450040283770501, -0.005268517851518902, 0.8955130693897472], "world_rotation": [-0.006127469549851517, 0.9996856812482054, -0.024310343975910767, 0.4613524022635553]}, {"color": "CVGreen", "id_name": "object228292821307887", "shape": "CVCylinder", "id_string": "ob11230", "world_size": [0.04, 0.04, 0.04], "id": 11230, "camera_size": [18, 19], "camera_position": [256, 270], "world_position": [0.6656179695200041, 0.66020204780196, -0.1495408884293533], "world_orientation": [0.9933981489422943, 0.017492065384185216, -0.11337612326508036, -0.01734311663947363, 0.9998469513758059, 0.002300028203387723, 0.11339900344911728, -0.00031854842984279036, 0.9935494776525451], "world_rotation": [0.011412406068379746, 0.9883422159304318, 0.15182035831025484, -0.11497817010808538]}, {"color": "CVGreen", "id_name": "object16094067598787", "shape": "CVCone", "id_string": "ob11237", "world_size": [0.04, 0.04, 0.04], "id": 11237, "camera_size": [18, 17], "camera_position": [271, 279], "world_position": [0.6452284287541331, 0.7002790347274437, -0.11283786986829959], "world_orientation": [0.9999260336362785, 0.0059319356351166, 0.01061788095812452, -0.005777652649039382, 0.9998781384405095, -0.014502654881378394, -0.010702615861887116, 0.014440235744687623, 0.9998384537540806], "world_rotation": [0.7655432472739815, 0.5639299329137116, -0.309720143544369, 0.01890462410796195]}, {"color": "CVGreen", "id_name": "object246281870163989", "shape": "CVCapsule", "id_string": "ob11244", "world_size": [0.04, 0.08, 0.04], "id": 11244, "camera_size": [20, 18], "camera_position": [229, 255], "world_position": [0.7013378009979543, 0.6801127410208285, -0.2151389546716508], "world_orientation": [0.9941362599331182, 0.013206903497304707, 0.10732508740366628, -0.012539363374723469, 0.9998976251115285, -0.006892290075292648, -0.10740512581971293, 0.005506087207647052, 0.9942000915063898], "world_rotation": [0.0572347352849718, 0.9912609231884618, -0.11885271236457974, 0.10852455109748796]}, {"color": "CVRed", "id_name": "object130325179179044", "shape": "CVCylinder", "id_string": "ob11251", "world_size": [0.04, 0.04, 0.04], "id": 11251, "camera_size": [22, 22], "camera_position": [257, 251], "world_position": [0.7110359126405774, 0.7001976591221198, -0.14563828076341573], "world_orientation": [0.3658461578076895, 0.02026069481025142, -0.9304547775486766, -0.010331953632949278, 0.9997898159309022, 0.017708040404843632, 0.9306179879797499, 0.003134997074773693, 0.3659785953329285], "world_rotation": [0.007829155582602849, 0.9998342763314265, 0.016435455444744194, -1.1962962676717612]}, {"color": "CVGreen", "id_name": "object156808861815485", "shape": "CVCone", "id_string": "ob11258", "world_size": [0.04, 0.04, 0.04], "id": 11258, "camera_size": [18, 17], "camera_position": [273, 261], "world_position": [0.6874005503699399, 0.6599468946398279, -0.10646661405118088], "world_orientation": [0.9988647657734683, 0.0004972978486025515, -0.047633311780351136, -0.0005147939864158667, 0.9999998044661682, -0.00035504193739167226, 0.04763312590483552, 0.00037916022409008787, 0.9988648264675549], "world_rotation": [-0.007706165471389049, 0.9999138809264597, 0.010622887757716682, -0.0476553570916953]}, {"color": "CVYellow", "id_name": "object97425465331661", "shape": "CVCylinder", "id_string": "ob11265", "world_size": [0.04, 0.04, 0.04], "id": 11265, "camera_size": [17, 18], "camera_position": [233, 237], "world_position": [0.7447268906551344, 0.7002053709258206, -0.20564540446450033], "world_orientation": [0.9994423693633495, 0.015102771131195217, 0.029780138104662245, -0.015089548937784894, 0.9998859226759139, -0.0006686908033921752, -0.02978683995035752, 0.00021894906960946272, 0.9995562496563546], "world_rotation": [0.013290481018728529, 0.8918862426787336, -0.45206447906764574, 0.0334000300460192]}, {"color": "CVPurple", "id_name": "object147505689762253", "shape": "CVCylinder", "id_string": "ob11272", "world_size": [0.04, 0.04, 0.04], "id": 11272, "camera_size": [19, 20], "camera_position": [257, 204], "world_position": [0.8322585258514076, 0.6199874460764297, -0.1477313007326326], "world_orientation": [0.977773253715379, -0.0003269013933893293, -0.20966486938521756, 0.0003344426994778886, 0.9999999440739068, 5.139217798108195e-07, 0.20966485749147884, -7.062338387367196e-05, 0.9777733083621252], "world_rotation": [0.00016964505876268613, 0.9999987419182708, -0.001577143756938476, -0.21123246205872673]}, {"color": "CVPurple", "id_name": "object146283326080134", "shape": "CVCapsule", "id_string": "ob11279", "world_size": [0.04, 0.08, 0.04], "id": 11279, "camera_size": [21, 21], "camera_position": [274, 239], "world_position": [0.7419532726469186, 0.6800125644862605, -0.10624828618058134], "world_orientation": [0.964552584918209, 0.0006953149398906181, -0.26388980174446997, -0.0019001024571972832, 0.999988905444861, -0.004310289762996646, 0.2638838769956464, 0.00465891879336888, 0.964543204805997], "world_rotation": [-0.016991762934376146, 0.9998435397949492, 0.004916901736639244, -0.2670924837001281]}, {"color": "CVBlue", "id_name": "object126132458175815", "shape": "CVSphere", "id_string": "ob11286", "world_size": [0.04, 0.04, 0.04], "id": 11286, "camera_size": [17, 19], "camera_position": [217, 354], "world_position": [0.4486462807610701, 0.6199874431886058, -0.2493842289914478], "world_orientation": [-4.686864594344309e-10, -0.9985945939699894, -0.05299846124098604, 1.0, -4.567435239700644e-10, -2.374568111584985e-10, 2.129163859110328e-10, -0.052998461240986054, 0.9985945939699893], "world_rotation": [0.026499237044323404, 0.02649923726951006, -0.9992975437076802, -1.5714990303304486]}, {"color": "CVRed", "id_name": "object235926897890362", "shape": "CVCone", "id_string": "ob11293", "world_size": [0.04, 0.04, 0.04], "id": 11293, "camera_size": [22, 22], "camera_position": [267, 264], "world_position": [0.6805748688572179, 0.7403552029576036, -0.12393864679701717], "world_orientation": [0.9449468435145286, -0.002099490000889084, -0.3272171374999564, -0.002989761247784867, 0.9998822821257661, -0.015049359409991853, 0.32721021417371815, 0.01519914578869593, 0.9448293294070012], "world_rotation": [-0.046171996436455684, 0.9989325803348076, 0.0013589299890737821, -0.33372345849571783]}, {"color": "CVGreen", "id_name": "object247587034254432", "shape": "CVCapsule", "id_string": "ob11300", "world_size": [0.04, 0.08, 0.04], "id": 11300, "camera_size": [35, 34], "camera_position": [300, 183], "world_position": [0.8848619765538468, 0.619974886376908, -0.03770609337628902], "world_orientation": [2.7251145784390474e-10, 0.6596620322383512, 0.7515623748054241, 1.0, -5.199329855543057e-10, 9.37626087882393e-11, 4.526135577442858e-10, 0.7515623748054241, -0.6596620322383512], "world_rotation": [0.6734251618227338, 0.6734251615011912, 0.3049542642448524, 2.5496011126810125]}, {"color": "CVBlue", "id_name": "object226215741490504", "shape": "CVBox", "id_string": "ob11307", "world_size": [0.04, 0.04, 0.04], "id": 11307, "camera_size": [23, 22], "camera_position": [273, 242], "world_position": [0.7305776915647384, 0.7400273375640404, -0.11039548957332794], "world_orientation": [0.9397640010864365, 0.00020707058962769536, -0.34182390113007516, -0.001729412154433051, 0.9999898981019942, -0.004148834482513667, 0.34181958895828746, 0.004490079702422491, 0.9397548657967424], "world_rotation": [-0.012635518365190364, 0.9999161572083817, 0.002832354014943211, -0.3488852264298865]}], "source": "manual check"}
