{"timestamp": 1721660154.662544, "objects": [{"color": "cv_", "id_name": "hand", "shape": "CVBox", "id_string": "ob383", "world_size": [0.005, 0.09, 0.5], "id": 383, "camera_size": [3, 208], "camera_position": [246, 271], "world_position": [0.6631456781414642, 0.6656767594685569, -0.17408488772406455], "world_orientation": [-4.0820014860595885e-06, -0.0016609848520212163, 0.9999986205553779, -0.0007637793729116398, -0.9999983288794254, -0.0016609874853037003, 0.999999708312161, -0.000763785099474054, 2.813368696213395e-06], "world_rotation": [0.0, 1.0, 0.0, 0.0]}, {"color": "CVYellow", "id_name": "object140533748861334", "shape": "CVCone", "id_string": "ob2032", "world_size": [0.04, 0.04, 0.04], "id": 2032, "camera_size": [20, 21], "camera_position": [258, 201], "world_position": [0.8399325901350948, 0.6199874431892234, -0.14354875297355055], "world_orientation": [0.9681087882381767, 5.568118440816431e-10, -0.2505301860774648, -5.743654660088122e-10, 1.0, 3.0478913138244363e-12, 0.2505301860774648, 1.409451967091493e-10, 0.9681087882381767], "world_rotation": [-2.7521095871594195e-10, 1.0, 2.2575668980277917e-09, -0.25322786770997074]}, {"color": "CVYellow", "id_name": "object59068582621078", "shape": "CVCylinder", "id_string": "ob2039", "world_size": [0.04, 0.04, 0.04], "id": 2039, "camera_size": [17, 17], "camera_position": [219, 295], "world_position": [0.5999830217088531, 0.6199874431878196, -0.24500028716351213], "world_orientation": [0.9999999999745066, -6.103915824188188e-10, -7.14050532652489e-06, 6.103915208634597e-10, 1.0, -8.62277572895172e-12, 7.140505326524895e-06, 8.618417228786343e-12, 0.9999999999745066], "world_rotation": [-1.2072810050771826e-06, 0.9999999963456029, -8.548296254931702e-05, -7.140505352679814e-06]}, {"color": "CVBlue", "id_name": "object208140637602677", "shape": "CVCylinder", "id_string": "ob2046", "world_size": [0.04, 0.04, 0.04], "id": 2046, "camera_size": [16, 17], "camera_position": [236, 295], "world_position": [0.5999603892809876, 0.6199874431806548, -0.2000027750456889], "world_orientation": [0.9999974206094204, 5.528845467115057e-10, 0.0022712935754715257, -5.522977945329369e-10, 1.0, -2.5896113855978256e-10, -0.0022712935754715257, 2.577060401654139e-10, 0.9999974206094204], "world_rotation": [1.1373852863074219e-07, 0.9999999999999639, -2.4329359118954147e-07, 0.0022712955283247065]}, {"color": "CVPurple", "id_name": "object110560572316633", "shape": "CVBox", "id_string": "ob2053", "world_size": [0.04, 0.04, 0.04], "id": 2053, "camera_size": [21, 22], "camera_position": [258, 302], "world_position": [0.582246831414005, 0.6199873498817461, -0.14454279101014195], "world_orientation": [0.8800752060980916, -8.043648819928577e-05, -0.4748343133571681, -8.794351502996116e-05, 0.9999999408891622, -0.0003323967668715629, 0.47483431202614257, 0.0003342927516842973, 0.8800751470022412], "world_rotation": [-0.0007020231441061395, 0.9999997535504784, 7.904888905371798e-06, -0.49477589018025125]}, {"color": "CVYellow", "id_name": "object176356826368605", "shape": "CVCapsule", "id_string": "ob2060", "world_size": [0.04, 0.08, 0.04], "id": 2060, "camera_size": [19, 19], "camera_position": [277, 296], "world_position": [0.5994585470544137, 0.6399749049947921, -0.09843243980875079], "world_orientation": [0.9925659058446001, 8.619403716321026e-05, 0.1217083198695831, -2.9228923269071053e-06, 0.9999997658183152, -0.0006843645019276823, -0.12170835035586301, 0.0006789211314694706, 0.9925656736557799], "world_rotation": [0.005600537383830206, 0.9999842498508404, -0.000366102805541826, 0.1220127631301744]}, {"color": "CVRed", "id_name": "object106073104121517", "shape": "CVCylinder", "id_string": "ob2067", "world_size": [0.04, 0.04, 0.04], "id": 2067, "camera_size": [17, 17], "camera_position": [293, 295], "world_position": [0.599625014873041, 0.619987443188312, -0.055113974735978774], "world_orientation": [0.9996163977693807, 1.0926846162488639e-11, 0.027695799511248478, 3.819671068870447e-12, 1.0, -5.323930797169793e-10, -0.027695799511248478, 5.322946413881559e-10, 0.9996163977693807], "world_rotation": [1.9221104642108613e-08, 0.9999999999999999, -1.2830781596919877e-10, 0.027699341444888996]}, {"color": "CVYellow", "id_name": "object202567292312850", "shape": "CVCapsule", "id_string": "ob2074", "world_size": [0.04, 0.08, 0.04], "id": 2074, "camera_size": [19, 18], "camera_position": [217, 277], "world_position": [0.646982712521498, 0.6399748863963131, -0.24699878347938348], "world_orientation": [0.9952562325873061, 6.379148917465693e-10, 0.09728839342964866, -7.655784635769167e-10, 1.0, 1.2748884146459049e-09, -0.09728839342964866, -1.343322539295423e-09, 0.9952562325873061], "world_rotation": [-1.345592655836491e-08, 0.9999999999999999, -7.213056490332437e-09, 0.0974425237695267]}, {"color": "CVPurple", "id_name": "object271846240371020", "shape": "CVCylinder", "id_string": "ob2081", "world_size": [0.04, 0.04, 0.04], "id": 2081, "camera_size": [16, 16], "camera_position": [236, 277], "world_position": [0.6446698944659444, 0.6199874431877428, -0.20030576130784233], "world_orientation": [0.9998690844542538, -2.73455097944783e-12, -0.016180666012630393, 1.1853157172523782e-11, 1.0, 5.634535947668064e-10, 0.016180666012630393, -5.635716219093487e-10, 0.9998690844542538], "world_rotation": [3.4826292557933486e-08, 0.9999999999999994, -4.507758871169039e-10, -0.016181372149848803]}, {"color": "CVPurple", "id_name": "object109734079609703", "shape": "CVCylinder", "id_string": "ob2088", "world_size": [0.04, 0.04, 0.04], "id": 2088, "camera_size": [17, 16], "camera_position": [256, 266], "world_position": [0.6730354597233235, 0.6199755387992478, -0.15065809903381552], "world_orientation": [0.9990473724045622, -0.0003062589628560374, -0.043637757698897925, 0.000311558163915019, 0.9999999448951499, 0.00011463510717766934, 0.0436377201862168, -0.00012812160227720335, 0.9990474127696866], "world_rotation": [0.0027814191814870062, 0.9999710772493773, -0.007078726725662962, -0.043652863731157746]}, {"color": "CVYellow", "id_name": "object13503282047523", "shape": "CVBox", "id_string": "ob2095", "world_size": [0.04, 0.04, 0.04], "id": 2095, "camera_size": [17, 16], "camera_position": [272, 277], "world_position": [0.6451763801342907, 0.619976815216374, -0.10960128453860878], "world_orientation": [0.9999108544513082, -0.0001125302233972776, -0.013351797160076142, 0.00010971309715488898, 0.9999999715678716, -0.00021172456735721093, 0.013351820605868998, 0.0002102408260354659, 0.9999108383677535], "world_rotation": [-0.01579928673302033, 0.999840556830993, -0.008321265205354558, -0.013354335005124606]}, {"color": "CVPurple", "id_name": "object249755010739923", "shape": "CVCapsule", "id_string": "ob2102", "world_size": [0.04, 0.08, 0.04], "id": 2102, "camera_size": [19, 19], "camera_position": [291, 277], "world_position": [0.6478580329835696, 0.6399748856504901, -0.06213720595324319], "world_orientation": [0.9905408972251409, -0.00017701861618217473, -0.13721770872894737, 0.0001753233917580226, 0.9999999843321932, -2.4440166383766228e-05, 0.13721771090541127, 1.5151023448401984e-07, 0.9905409127410417], "world_rotation": [-8.960817187703441e-05, 0.9999991718129313, -0.001283878431598012, -0.13765211962696272]}, {"color": "CVPurple", "id_name": "object237943805967273", "shape": "CVCapsule", "id_string": "ob2109", "world_size": [0.04, 0.08, 0.04], "id": 2109, "camera_size": [20, 20], "camera_position": [218, 258], "world_position": [0.694228566847315, 0.6403966826751736, -0.2447026323118185], "world_orientation": [0.9874006501583888, 0.022453447024413917, 0.1566390717015168, -0.02284281831715258, 0.9997388335274066, 0.0006858488101496459, -0.15658276315776476, -0.004255285417297299, 0.9876556742245228], "world_rotation": [-0.015610876404042032, 0.9895839954872004, -0.14310770913366772, 0.1589275340086272]}, {"color": "CVGreen", "id_name": "object119513055048398", "shape": "CVSphere", "id_string": "ob2116", "world_size": [0.04, 0.04, 0.04], "id": 2116, "camera_size": [16, 16], "camera_position": [236, 260], "world_position": [0.6897854524075011, 0.6199662973868701, -0.19975394792974233], "world_orientation": [0.9999370098042093, 0.0006335147952351433, -0.011206028860447421, -0.0006294773177813993, 0.9999997356971582, 0.00036381852699526754, 0.01120625638308178, -0.0003567416690049613, 0.9999371443012098], "world_rotation": [0.03208278165632196, 0.9979019905328292, 0.05623444150883069, -0.011229938680181926]}, {"color": "CVYellow", "id_name": "object200709322763162", "shape": "CVCapsule", "id_string": "ob2123", "world_size": [0.04, 0.08, 0.04], "id": 2123, "camera_size": [20, 21], "camera_position": [257, 226], "world_position": [0.7751236888900064, 0.6399748863872934, -0.1466025398448696], "world_orientation": [0.9619730757366833, -4.40182461843973e-10, -0.2731442870676694, 3.338964154139418e-10, 1.0, -4.356053037319906e-10, 0.2731442870676694, 3.278386754955837e-10, 0.9619730757366833], "world_rotation": [-1.397510428322517e-09, 1.0, -1.4169779744764397e-09, -0.2766601030741034]}, {"color": "CVYellow", "id_name": "object40721120249385", "shape": "CVCone", "id_string": "ob2130", "world_size": [0.04, 0.04, 0.04], "id": 2130, "camera_size": [16, 16], "camera_position": [271, 260], "world_position": [0.6897314300519727, 0.619977755101678, -0.10972627024657539], "world_orientation": [0.9999983095487301, -0.00011510173813654297, -0.0018351161467129134, 0.00011524538449215215, 0.999999990303907, 7.817088591278351e-05, 0.0018351071313146162, -7.838224243462344e-05, 0.9999983131175976], "world_rotation": [0.04253264898800077, 0.9971331779811098, -0.0625811404446747, -0.0018403887419127236]}, {"color": "CVRed", "id_name": "object216190072892171", "shape": "CVSphere", "id_string": "ob2137", "world_size": [0.04, 0.04, 0.04], "id": 2137, "camera_size": [16, 16], "camera_position": [289, 259], "world_position": [0.6904213265948508, 0.6199819969409256, -0.06498717681818537], "world_orientation": [0.9999996985413262, -0.00023238188085582967, 0.0007408886003939674, 0.0002322985934895833, 0.9999999666906038, 0.000112499577052149, -0.0007409147185787217, -0.00011232743575840269, 0.9999997192139242], "world_rotation": [-0.14327994217587625, 0.9443380099406988, 0.29613608552710696, 0.0007845726082165516]}, {"color": "CVGreen", "id_name": "object66516492484274", "shape": "CVCapsule", "id_string": "ob2144", "world_size": [0.04, 0.08, 0.04], "id": 2144, "camera_size": [20, 20], "camera_position": [218, 240], "world_position": [0.7394295485882403, 0.6406191683995679, -0.24354169236729742], "world_orientation": [0.9896202087409002, 0.03457604002109455, 0.13948598462955633, -0.035110669985149306, 0.9993824869505074, 0.0013731823671264678, -0.13935237100534417, -0.006256375394676988, 0.9902230932785347], "world_rotation": [-0.0265361433467747, 0.9698195893804517, -0.24237532289862276, 0.14425766866040765]}, {"color": "CVRed", "id_name": "object126700595641191", "shape": "CVBox", "id_string": "ob2151", "world_size": [0.04, 0.04, 0.04], "id": 2151, "camera_size": [16, 16], "camera_position": [236, 242], "world_position": [0.7350623128351026, 0.6199637899848448, -0.2000979414104219], "world_orientation": [0.9999962203622016, 0.0027490210010909137, -4.6312488896189496e-05, -0.002748957881297739, 0.9999953610644849, 0.001311899415958245, 4.991871310132115e-05, -0.0013117671463722714, 0.9999991383871667], "world_rotation": [0.4306265522504882, 0.015794579741984737, 0.9023919900728462, -0.0030463409729910443]}, {"color": "CVRed", "id_name": "object96662624940106", "shape": "CVCapsule", "id_string": "ob2158", "world_size": [0.04, 0.08, 0.04], "id": 2158, "camera_size": [21, 24], "camera_position": [263, 174], "world_position": [0.9048094241100139, 0.639974886343469, -0.1324980754470748], "world_orientation": [0.9289053446478845, -5.782151407474379e-10, 0.37031724329903254, 6.22822153227327e-10, 1.0, -8.848795362879258e-13, -0.37031724329903254, 2.3146375217933872e-10, 0.9289053446478845], "world_rotation": [3.13715653159586e-10, 1.0, 1.6216329589126408e-09, 0.37935052127331137]}, {"color": "CVBlue", "id_name": "object86200060724738", "shape": "CVCylinder", "id_string": "ob2165", "world_size": [0.04, 0.04, 0.04], "id": 2165, "camera_size": [16, 17], "camera_position": [272, 242], "world_position": [0.7358207280759279, 0.6199748745555889, -0.10872832133231085], "world_orientation": [0.9996899894936226, 0.0007532310251851509, -0.02488689513103957, -0.00075546949931494, 0.9999997113892148, -8.054391790526896e-05, 0.02488682728023536, 9.932023864864272e-05, 0.9996902700153755], "world_rotation": [-0.003611954366418628, 0.9995344121963881, 0.030297072810350698, -0.024901026902049705]}, {"color": "CVBlue", "id_name": "object275559618290358", "shape": "CVSphere", "id_string": "ob2172", "world_size": [0.04, 0.04, 0.04], "id": 2172, "camera_size": [16, 16], "camera_position": [289, 242], "world_position": [0.735, 0.6199874431539305, -0.065], "world_orientation": [1.0, 4.228388472693457e-17, -1.6957377686420176e-17, -4.228388472693457e-17, 1.0, 1.0733601507606494e-16, 1.6957377686420176e-17, -1.0733601507606494e-16, 1.0], "world_rotation": [0.92051720276698, 0.14542702990328832, 0.3626279889688094, -1.1660402951017529e-16]}, {"color": "CVYellow", "id_name": "object197649070676487", "shape": "CVSphere", "id_string": "ob2179", "world_size": [0.04, 0.04, 0.04], "id": 2179, "camera_size": [17, 17], "camera_position": [219, 224], "world_position": [0.782017557004682, 0.6200264632265565, -0.24511808073430016], "world_orientation": [0.9999840310530898, 0.002721398438002576, -0.004952941485105392, -0.0027170823925294217, 0.999995923342024, 0.0008779308659431177, 0.004955310493344233, -0.0008644592962113266, 0.9999873487239925], "world_rotation": [0.15235756638067283, 0.8663944455795556, 0.4755500358904974, -0.0057181264400865605]}, {"color": "CVYellow", "id_name": "object22206144179583", "shape": "CVCapsule", "id_string": "ob2186", "world_size": [0.04, 0.08, 0.04], "id": 2186, "camera_size": [18, 20], "camera_position": [236, 221], "world_position": [0.7864234428087962, 0.6404124794476033, -0.19888771564510904], "world_orientation": [0.9978160167962118, 0.024099422854519187, 0.06150133692060101, -0.024189561974952083, 0.9997071294446527, 0.0007214076465498487, -0.06146593948197778, -0.0022075225053499498, 0.9981067403479381], "world_rotation": [-0.022165117331134857, 0.9305732701018314, -0.3654341206642878, 0.06611887650374733]}, {"color": "CVBlue", "id_name": "object169233179015428", "shape": "CVCone", "id_string": "ob2193", "world_size": [0.04, 0.04, 0.04], "id": 2193, "camera_size": [17, 19], "camera_position": [258, 152], "world_position": [0.9664235056636694, 0.6199874431660727, -0.14517715348802912], "world_orientation": [0.9992325858316435, -5.284424794859974e-10, -0.039169368289610776, 5.275187020879929e-10, 1.0, -3.3919431996868074e-11, 0.039169368289610776, 1.3230827422429508e-11, 0.9992325858316435], "world_rotation": [-6.018766893389451e-10, 1.0, -1.3479425730923414e-08, -0.03917939107572648]}, {"color": "CVGreen", "id_name": "object273968839174250", "shape": "CVCone", "id_string": "ob2200", "world_size": [0.04, 0.04, 0.04], "id": 2200, "camera_size": [19, 20], "camera_position": [276, 221], "world_position": [0.7874701418508278, 0.6199874415928213, -0.09820087202689778], "world_orientation": [0.9759362791828036, 4.701250468483291e-05, -0.2180559028429392, 8.971976625496226e-06, 0.9999999672548011, 0.000255753593014952, 0.21805590772627226, -0.0002515556024180036, 0.9759362468037809], "world_rotation": [0.0011632540967085952, 0.9999993196154916, 8.722648929755052e-05, -0.21982214731285227]}, {"color": "CVBlue", "id_name": "object169626350991947", "shape": "CVCylinder", "id_string": "ob2207", "world_size": [0.04, 0.04, 0.04], "id": 2207, "camera_size": [19, 19], "camera_position": [292, 223], "world_position": [0.7833995533463534, 0.6199874434794095, -0.0575956671047992], "world_orientation": [0.9829058983684392, -4.7186648234654104e-05, -0.18410864381107064, 5.192488684102001e-08, 0.9999999672267188, -0.0002560206214924619, 0.18410864985798125, 0.000251634619148398, 0.9829058661578381], "world_rotation": [-0.0013786825407840245, 0.9999990413876284, -0.00012828981324400202, -0.1851651096939567]}, {"color": "CVPurple", "id_name": "object194145461706842", "shape": "CVSphere", "id_string": "ob2214", "world_size": [0.04, 0.04, 0.04], "id": 2214, "camera_size": [20, 20], "camera_position": [233, 271], "world_position": [0.6616743953568667, 0.6600970555297792, -0.20527997097296014], "world_orientation": [0.9630313089570428, 0.008241582232557651, 0.26926339203610467, -0.008455385478429998, 0.999964185696219, -0.00036576127283549306, -0.2692567630067928, -0.0019244862175503271, 0.9630665044159216], "world_rotation": [-0.0028930574416919444, 0.9995154997233858, -0.03099025703909569, 0.2727601788943116]}, {"color": "CVBlue", "id_name": "object104492599384394", "shape": "CVCylinder", "id_string": "ob2221", "world_size": [0.04, 0.04, 0.04], "id": 2221, "camera_size": [17, 17], "camera_position": [256, 269], "world_position": [0.6676550878815674, 0.659961652795504, -0.15028133404703814], "world_orientation": [0.9995621045715949, -0.00045248069872643885, -0.029587064160225964, 0.000456944162048041, 0.9999998852189674, 0.00014409748378950204, 0.029586995562862036, -0.00015755402040026082, 0.9995621965992381], "world_rotation": [0.005097030178959792, 0.9998689349495524, -0.015366626376733781, -0.029595228305507086]}, {"color": "CVPurple", "id_name": "object227048615271575", "shape": "CVSphere", "id_string": "ob2228", "world_size": [0.04, 0.04, 0.04], "id": 2228, "camera_size": [19, 19], "camera_position": [274, 276], "world_position": [0.649803922589236, 0.6599656534067717, -0.10490088344133812], "world_orientation": [0.9876543086730184, -0.00016139257506401586, -0.1566490999401488, 0.00011560606741865156, 0.9999999478972196, -0.0003013980679000275, 0.15664914042170544, 0.00027956751397843304, 0.9876542758714439], "world_rotation": [-0.0018543492465190807, 0.9999978898445268, -0.0008841353773724928, -0.15729730195245673]}, {"color": "CVRed", "id_name": "object169273300387030", "shape": "CVBox", "id_string": "ob2235", "world_size": [0.04, 0.04, 0.04], "id": 2235, "camera_size": [19, 19], "camera_position": [234, 254], "world_position": [0.7046855572000573, 0.6601383729180414, -0.20406512105289018], "world_orientation": [0.9911653143113524, 0.009757221490152693, 0.13227288586430117, -0.009987746192644682, 0.9999495386122275, 0.0010794235428238494, -0.13225567901632676, -0.00239099518727938, 0.9912127513858693], "world_rotation": [-0.013081744812032947, 0.9971405327099363, -0.0744286636962997, 0.1330356468092028]}, {"color": "CVBlue", "id_name": "object262649858552501", "shape": "CVCylinder", "id_string": "ob2242", "world_size": [0.04, 0.04, 0.04], "id": 2242, "camera_size": [20, 20], "camera_position": [283, 191], "world_position": [0.8643954296998121, 0.619987443163397, -0.07929588891882967], "world_orientation": [0.23677974554174608, 0.9715633546512477, -3.296747874692585e-10, -3.030673489945457e-10, 4.131845421362357e-10, 1.0, 0.9715633546512477, -0.2367797455417462, 3.922828173408277e-10], "world_rotation": [0.6690189667887813, 0.5255538136537495, 0.5255538136393566, -1.9623339500729204]}, {"color": "CVYellow", "id_name": "object2059878601537", "shape": "CVBox", "id_string": "ob2249", "world_size": [0.04, 0.04, 0.04], "id": 2249, "camera_size": [18, 19], "camera_position": [278, 259], "world_position": [0.6928913135409477, 0.6599735496990005, -0.09418094271805076], "world_orientation": [0.9891669930973503, -0.0001610667417719246, -0.14679452927221517, 0.00019447135174357943, 0.9999999583614182, 0.00021320894816455462, 0.14679448881902854, -0.00023944658469351136, 0.9891669832327065], "world_rotation": [0.001541796985021204, 0.999998078164106, -0.0012110037784830825, -0.14732717640462212]}, {"color": "CVPurple", "id_name": "object37511877872796", "shape": "CVCone", "id_string": "ob2256", "world_size": [0.04, 0.04, 0.04], "id": 2256, "camera_size": [18, 18], "camera_position": [234, 237], "world_position": [0.7454699174757276, 0.6600020931754474, -0.20333081539839518], "world_orientation": [0.9943705015939112, 0.010353980848991345, 0.10545188779937771, -0.010722070119404783, 0.9999382410478422, 0.0029242610180752297, -0.10541509745870557, -0.00403846143054353, 0.994420106422354], "world_rotation": [-0.03283807523371742, 0.994505522417567, -0.09940033549192395, 0.10621559887684083]}, {"color": "CVPurple", "id_name": "object281452900640569", "shape": "CVSphere", "id_string": "ob2263", "world_size": [0.04, 0.04, 0.04], "id": 2263, "camera_size": [17, 17], "camera_position": [212, 193], "world_position": [0.8600557269308554, 0.6199874431648434, -0.26307295279148146], "world_orientation": [0.012385653171975704, -2.6127727222265063e-10, 0.9999232948559122, -5.389297570731375e-10, -1.0, -2.5462180596980064e-10, 0.9999232948559122, -5.357347610097041e-10, -0.01238565317197515], "world_rotation": [-0.7114722950234871, 2.811799682478753e-10, -0.7027141477258106, 3.141592653392236]}, {"color": "CVYellow", "id_name": "object104754612852059", "shape": "CVBox", "id_string": "ob2270", "world_size": [0.04, 0.04, 0.04], "id": 2270, "camera_size": [18, 18], "camera_position": [272, 241], "world_position": [0.7354048674609464, 0.6599687431288634, -0.10812953538751298], "world_orientation": [0.9945258608565574, 0.000788014100494188, -0.10448775584393102, -0.0007979192709557766, 0.999999680258045, -5.2996652704293966e-05, 0.10448768067270206, 0.00013607933562004821, 0.9945261716365507], "world_rotation": [-0.000904749713549822, 0.9999707948268932, 0.007588868244163658, -0.10468185423138243]}, {"color": "CVBlue", "id_name": "object172988576653237", "shape": "CVCone", "id_string": "ob2277", "world_size": [0.04, 0.04, 0.04], "id": 2277, "camera_size": [16, 19], "camera_position": [228, 335], "world_position": [0.4982669076041899, 0.6199874431861816, -0.2199643203069652], "world_orientation": [0.038679443635200095, 0.9992516703213817, -1.3668177700765227e-10, -5.099232147642851e-10, -1.170457619714682e-10, -1.0, -0.9992516703213817, 0.03867944363520004, 5.050144191720563e-10], "world_rotation": [0.5922404380444206, 0.5697592750999448, -0.5697592754686299, 2.0722038464327692]}, {"color": "CVPurple", "id_name": "object127680065342687", "shape": "CVCylinder", "id_string": "ob2284", "world_size": [0.04, 0.04, 0.04], "id": 2284, "camera_size": [18, 17], "camera_position": [309, 281], "world_position": [0.6368838981901229, 0.61998744315973, -0.013642721896027984], "world_orientation": [0.9969040679229532, 0.07862747203533854, -3.732182618509939e-11, -1.1413883727051658e-11, 6.193810770261516e-10, 1.0, 0.07862747203533854, -0.9969040679229533, 6.183609600925178e-10], "world_rotation": [0.9984532302074808, 0.03931378313814183, 0.039313783125187844, -1.5723442928327547]}, {"color": "CVYellow", "id_name": "object256679569668484", "shape": "CVCone", "id_string": "ob2291", "world_size": [0.04, 0.04, 0.04], "id": 2291, "camera_size": [17, 17], "camera_position": [236, 247], "world_position": [0.7217998036855282, 0.7001986697825276, -0.19830929211910267], "world_orientation": [0.9994882690613587, 0.03196865730655017, -0.0010977061289861383, 0.0011839826005938926, -0.0026799781322390426, 0.9999957079419953, 0.03196557826679738, -0.9994852788646901, -0.002716457038529198], "world_rotation": [0.999744855602934, 0.016531714330933596, 0.015392404514854801, -1.5737504141461385]}, {"color": "CVYellow", "id_name": "object174675536305391", "shape": "CVCone", "id_string": "ob2298", "world_size": [0.04, 0.04, 0.04], "id": 2298, "camera_size": [24, 22], "camera_position": [335, 242], "world_position": [0.7344249264814445, 0.6199874431790177, 0.05341476025619501], "world_orientation": [3.3300137647351846e-10, 0.7507699437772953, -0.6605637679441985, -1.0, 5.897240334951093e-10, 1.6613954656463645e-10, 5.142828385373832e-10, 0.6605637679441986, 0.7507699437772952], "world_rotation": [-0.33287660115938067, 0.33287660150226456, 0.8822620566322011, -1.6957361517798564]}], "source": "manual check"}
