{"timestamp": 1721660786.03457, "objects": [{"color": "cv_", "id_name": "hand", "shape": "CVBox", "id_string": "ob383", "world_size": [0.005, 0.09, 0.5], "id": 383, "camera_size": [3, 208], "camera_position": [246, 271], "world_position": [0.6631613106563712, 0.6656721479129328, -0.17409013501100024], "world_orientation": [-2.5106257517692745e-06, -0.001663340463284746, 0.9999986166451432, -0.0007632382225613809, -0.9999983253791759, -0.0016633418950174348, 0.9999997087305138, -0.0007632413427614249, 1.2410965290749163e-06], "world_rotation": [0.0, 1.0, 0.0, 0.0]}, {"color": "CVPurple", "id_name": "object93648560207902", "shape": "CVSphere", "id_string": "ob4216", "world_size": [0.04, 0.04, 0.04], "id": 4216, "camera_size": [16, 16], "camera_position": [256, 243], "world_position": [0.731199443668893, 0.6199874431962853, -0.1494970955527518], "world_orientation": [0.9999744680151104, 7.034314825308872e-11, -0.007145860192963787, -6.914726485622166e-11, 1.0, 1.676003772038415e-10, 0.007145860192963787, -1.67101981346154e-10, 0.9999744680151104], "world_rotation": [2.3419318984127485e-08, 0.9999999999999997, 9.76022545519855e-09, -0.007145921009583053]}, {"color": "CVYellow", "id_name": "object49725098840491", "shape": "CVCapsule", "id_string": "ob4223", "world_size": [0.04, 0.08, 0.04], "id": 4223, "camera_size": [18, 19], "camera_position": [217, 296], "world_position": [0.5997464174432628, 0.6399748863836778, -0.2464826561939001], "world_orientation": [0.9999164493948828, 9.321823014808008e-11, -0.012926493319180733, -9.647578527544551e-11, 1.0, -2.513825240063148e-10, 0.012926493319180733, 2.52608614438144e-10, 0.9999164493948828], "world_rotation": [-1.949450349758124e-08, 0.9999999999999998, 7.337412039739024e-09, -0.012926853336658923]}, {"color": "CVPurple", "id_name": "object246411706664899", "shape": "CVCylinder", "id_string": "ob4230", "world_size": [0.04, 0.04, 0.04], "id": 4230, "camera_size": [18, 19], "camera_position": [236, 292], "world_position": [0.6088988595073247, 0.6199874431382586, -0.2001621093985111], "world_orientation": [0.9889824953296702, 5.68729561103094e-10, 0.14803250971154583, -5.733830069595067e-10, 1.0, -1.1239450738850962e-11, -0.14803250971154583, -7.376370550832464e-11, 0.9889824953296702], "world_rotation": [-2.1118420167065868e-10, 1.0, -3.8576410353648194e-09, 0.14857856656725557]}, {"color": "CVBlue", "id_name": "object42964377289574", "shape": "CVSphere", "id_string": "ob4237", "world_size": [0.04, 0.04, 0.04], "id": 4237, "camera_size": [16, 17], "camera_position": [255, 293], "world_position": [0.6057502271573907, 0.6199874431891443, -0.15156904172708494], "world_orientation": [0.9999984943218622, 3.3597485871638004e-11, 0.0017353253323052417, -3.450617183416989e-11, 1.0, 5.236101786765089e-10, -0.0017353253323052417, -5.236692697222169e-10, 0.9999984943218622], "world_rotation": [-3.017530571652091e-07, 0.9999999999999544, -1.9622734837661392e-08, 0.0017353262032529834]}, {"color": "CVRed", "id_name": "object270584046618795", "shape": "CVCylinder", "id_string": "ob4244", "world_size": [0.04, 0.04, 0.04], "id": 4244, "camera_size": [16, 17], "camera_position": [271, 295], "world_position": [0.6, 0.6199874431539305, -0.11], "world_orientation": [1.0, 4.228388472693457e-17, -1.6957377686420176e-17, -4.228388472693457e-17, 1.0, 1.0733601507606494e-16, 1.6957377686420176e-17, -1.0733601507606494e-16, 1.0], "world_rotation": [0.92051720276698, 0.14542702990328832, 0.3626279889688094, -1.1660402951017529e-16]}, {"color": "CVPurple", "id_name": "object169583474192023", "shape": "CVCone", "id_string": "ob4251", "world_size": [0.04, 0.04, 0.04], "id": 4251, "camera_size": [16, 17], "camera_position": [289, 295], "world_position": [0.6, 0.6199874431539305, -0.065], "world_orientation": [1.0, 2.049142105997599e-16, 5.802954297681148e-18, -2.049142105997599e-16, 1.0, 6.179952383167331e-17, -5.802954297681148e-18, -6.179952383167331e-17, 1.0], "world_rotation": [-0.28863572672225335, 0.027102796704540077, -0.9570553043948448, 2.1410905896324258e-16]}, {"color": "CVPurple", "id_name": "object60017863501764", "shape": "CVCone", "id_string": "ob4258", "world_size": [0.04, 0.04, 0.04], "id": 4258, "camera_size": [17, 18], "camera_position": [218, 277], "world_position": [0.6457438919445229, 0.6199874431760957, -0.2467340146113454], "world_orientation": [0.9970616596264594, 6.383538372651129e-09, 0.07660317815163271, -6.8100384640236455e-09, 1.0, 5.306436236936307e-09, -0.0766031781516327, -5.812514710780769e-09, 0.9970616596264592], "world_rotation": [-7.257499764374998e-08, 0.9999999999999937, -8.611638025356187e-08, 0.07667829518384921]}, {"color": "CVRed", "id_name": "object38525121326554", "shape": "CVCone", "id_string": "ob4265", "world_size": [0.04, 0.04, 0.04], "id": 4265, "camera_size": [17, 17], "camera_position": [234, 275], "world_position": [0.6509986479379072, 0.6199819275970451, -0.20540466505942478], "world_orientation": [0.9982385158728542, 0.00037423966762799944, 0.059327273429954835, -0.0004137591984252255, 0.9999997006452906, 0.0006538445191307466, -0.05932701097550061, -0.0006772399874878085, 0.9982383718905581], "world_rotation": [-0.011217221673914842, 0.9999150347838457, -0.006640568585511726, 0.05936704989601132]}, {"color": "CVYellow", "id_name": "object159978429344042", "shape": "CVCone", "id_string": "ob4272", "world_size": [0.04, 0.04, 0.04], "id": 4272, "camera_size": [16, 17], "camera_position": [255, 276], "world_position": [0.6486399361877768, 0.619984265816113, -0.15127676966598982], "world_orientation": [0.9998575324626648, -0.0003576100355321904, 0.016875630143305932, 0.0003539143318815367, 0.9999999127342147, 0.00022198245132256771, -0.01687570805379312, -0.00021597829866214853, 0.9998575717726289], "world_rotation": [-0.012972126236544923, 0.999693739131574, 0.021074911198756378, 0.016881640876786674]}, {"color": "CVGreen", "id_name": "object218356802743366", "shape": "CVCapsule", "id_string": "ob4279", "world_size": [0.04, 0.08, 0.04], "id": 4279, "camera_size": [17, 17], "camera_position": [272, 278], "world_position": [0.6451142263337326, 0.6399610716396056, -0.10989704776350899], "world_orientation": [0.9999841189924654, -7.783926979036645e-05, -0.0056352199523292444, 7.675925629569041e-05, 0.9999999786469191, -0.00019187021199503062, 0.005635234767037133, 0.00019143460961014352, 0.9999841036146078], "world_rotation": [-0.03398685792077387, 0.9993282673709256, -0.013707936463841603, -0.005639045156028507]}, {"color": "CVRed", "id_name": "object269583307158595", "shape": "CVSphere", "id_string": "ob4286", "world_size": [0.04, 0.04, 0.04], "id": 4286, "camera_size": [16, 16], "camera_position": [289, 277], "world_position": [0.645, 0.6199874431539305, -0.065], "world_orientation": [1.0, 3.5778671692020784e-17, -3.6332864841185517e-17, -3.5778671692020784e-17, 1.0, 1.0733601507606489e-16, 3.6332864841185517e-17, -1.0733601507606489e-16, 1.0], "world_rotation": [0.9032531890035577, 0.3057480381601587, 0.3010843963345121, -1.18832699826363e-16]}, {"color": "CVPurple", "id_name": "object177595544925729", "shape": "CVCapsule", "id_string": "ob4293", "world_size": [0.04, 0.08, 0.04], "id": 4293, "camera_size": [20, 18], "camera_position": [217, 259], "world_position": [0.692011105934165, 0.6401913994179144, -0.24662881931420225], "world_orientation": [0.9970114903153001, 0.012031880920275047, 0.076310694013257, -0.012168019074200722, 0.9999250966013489, 0.0013192795735079072, -0.07628910466819298, -0.002243886874044458, 0.9970832149227177], "world_rotation": [-0.023055429430296124, 0.9873953241769967, -0.15658518757273407, 0.07735102307062863]}, {"color": "CVPurple", "id_name": "object193987525842995", "shape": "CVBox", "id_string": "ob4300", "world_size": [0.04, 0.04, 0.04], "id": 4300, "camera_size": [17, 20], "camera_position": [236, 255], "world_position": [0.7006352987983856, 0.6238129487953129, -0.2004584491062753], "world_orientation": [0.9753192115157835, 0.21860713032370443, 0.031038012498638533, -0.21873942643110494, 0.9757829004696665, 0.0008913336054112379, -0.03009150997909524, -0.007658571840740867, 0.9995178073974161], "world_rotation": [-0.019357656986314392, 0.13840203676097054, -0.9901869305017186, 0.22267606193508538]}, {"color": "CVGreen", "id_name": "object118882464518041", "shape": "CVSphere", "id_string": "ob4307", "world_size": [0.04, 0.04, 0.04], "id": 4307, "camera_size": [16, 16], "camera_position": [255, 260], "world_position": [0.6895767967772909, 0.6199744917676264, -0.151275406958105], "world_orientation": [0.9999281767727501, 0.0008137087758964816, 0.011957389930573182, -0.0008111828667933575, 0.9999996476434597, -0.00021609098422809036, -0.01195756155243889, 0.00020637583403297166, 0.9999284845081345], "world_rotation": [0.01762201274379903, 0.99754480490478, -0.0677777756668186, 0.011987193010980458]}, {"color": "CVBlue", "id_name": "object226336809300459", "shape": "CVCapsule", "id_string": "ob4314", "world_size": [0.04, 0.08, 0.04], "id": 4314, "camera_size": [17, 17], "camera_position": [272, 260], "world_position": [0.6895584792253842, 0.6399544690476672, -0.11006423765550963], "world_orientation": [0.9998235744316689, 0.0008521757413984447, -0.01876416284269449, -0.0008627441704631732, 0.99999947374797, -0.0005551362712351856, 0.018763679894352188, 0.0005712270031091891, 0.9998237834821362], "world_rotation": [-0.029969312360567876, 0.9985087998003735, 0.04562912488588903, -0.01879305011711633]}, {"color": "CVGreen", "id_name": "object223714750172451", "shape": "CVSphere", "id_string": "ob4321", "world_size": [0.04, 0.04, 0.04], "id": 4321, "camera_size": [16, 15], "camera_position": [289, 260], "world_position": [0.69, 0.6199874431539305, -0.065], "world_orientation": [1.0, 4.228388472693457e-17, -1.6957377686420176e-17, -4.228388472693457e-17, 1.0, 1.0733601507606494e-16, 1.6957377686420176e-17, -1.0733601507606494e-16, 1.0], "world_rotation": [0.92051720276698, 0.14542702990328832, 0.3626279889688094, -1.1660402951017529e-16]}, {"color": "CVRed", "id_name": "object234367172876518", "shape": "CVBox", "id_string": "ob4328", "world_size": [0.04, 0.04, 0.04], "id": 4328, "camera_size": [17, 16], "camera_position": [218, 242], "world_position": [0.7346469512197231, 0.6199862869399104, -0.24579845679613163], "world_orientation": [0.9998484697192579, 0.0007952830478502184, 0.01738979945060447, -0.0007903800060157911, 0.9999996459410833, -0.0002888202808689688, -0.01739002298746416, 0.0002750319660563472, 0.9998487442898116], "world_rotation": [0.01619310448098595, 0.9988313456953938, -0.04553818423692921, 0.017411137469482762]}, {"color": "CVRed", "id_name": "object80518362163864", "shape": "CVCapsule", "id_string": "ob4335", "world_size": [0.04, 0.08, 0.04], "id": 4335, "camera_size": [20, 21], "camera_position": [233, 227], "world_position": [0.7730531899903751, 0.6399644311911713, -0.2060876704541637], "world_orientation": [0.24461642501168887, 0.0005980313332441467, 0.9696197434938221, 6.467933743929666e-05, 0.9999997975092281, -0.0006330861603879427, -0.9696199257601321, 0.00021757763585571646, 0.2446163367988497], "world_rotation": [0.00043865835446475337, 0.9999998659682621, -0.0002750314635033952, 1.323672397055837]}, {"color": "CVBlue", "id_name": "object115669500886349", "shape": "CVSphere", "id_string": "ob4342", "world_size": [0.04, 0.04, 0.04], "id": 4342, "camera_size": [17, 19], "camera_position": [258, 208], "world_position": [0.8228678682214988, 0.6199824045423019, -0.1454295157057142], "world_orientation": [0.10986539180099766, -0.0003273709371045121, -0.9939464213491003, 0.00016277866627873317, 0.9999999382752618, -0.0003113720903889343, 0.9939464619321905, -0.00012758425611325035, 0.10986543830858962], "world_rotation": [-9.245358713700062e-05, 0.9999999653284243, -0.0002465674033602489, -1.460708713491981]}, {"color": "CVBlue", "id_name": "object215275285539522", "shape": "CVCone", "id_string": "ob4349", "world_size": [0.04, 0.04, 0.04], "id": 4349, "camera_size": [16, 17], "camera_position": [272, 241], "world_position": [0.7380598992796479, 0.6199791846773735, -0.10818738921061499], "world_orientation": [0.9999910710730957, -3.3298518822491485e-05, -0.00422571476693958, 3.4392739531741636e-05, 0.9999999659014873, 0.0002588709401252028, 0.004225706002830118, -0.000259013962592816, 0.9999910381201149], "world_rotation": [0.06116117118284389, 0.9980958891160632, -0.007994202221491633, -0.004233784604518896]}, {"color": "CVGreen", "id_name": "object15188879617662", "shape": "CVCone", "id_string": "ob4356", "world_size": [0.04, 0.04, 0.04], "id": 4356, "camera_size": [16, 16], "camera_position": [289, 242], "world_position": [0.7350021643048518, 0.6199831440021294, -0.06499678047875922], "world_orientation": [0.999999996746189, 7.844730542044562e-05, -1.8805379874613926e-05, -7.844964239291818e-05, 0.999999989197212, -0.0001243029749761385, 1.8795628438029604e-05, 0.000124304449847005, 0.9999999920975641], "world_rotation": [-0.838836799389534, 0.1268711483143963, 0.5293926101819983, -0.000148185812731351]}, {"color": "CVGreen", "id_name": "object108186572451930", "shape": "CVCapsule", "id_string": "ob4363", "world_size": [0.04, 0.08, 0.04], "id": 4363, "camera_size": [18, 18], "camera_position": [216, 221], "world_position": [0.7860467831683483, 0.6399727826782738, -0.24894946993381367], "world_orientation": [0.9995591632032088, -0.00012260131355071218, 0.02968946320530079, 0.0001190061115923898, 0.9999999853714208, 0.00012286050484137142, -0.0296894778338454, -0.0001192731158386371, 0.999559163171384], "world_rotation": [-0.0040777016065973596, 0.999983408307277, 0.00406884010120128, 0.029694326777762275]}, {"color": "CVRed", "id_name": "object21597253059398", "shape": "CVCylinder", "id_string": "ob4370", "world_size": [0.04, 0.04, 0.04], "id": 4370, "camera_size": [21, 22], "camera_position": [231, 203], "world_position": [0.8337543726889739, 0.6199874431815542, -0.21449609798889235], "world_orientation": [0.9245797727926347, 1.8366645542465137e-10, -0.3809885086754198, -3.6244037861646875e-10, 1.0, -3.9748859621500185e-10, 0.3809885086754198, 5.055955353089724e-10, 0.9245797727926347], "world_rotation": [-1.1851855252324025e-09, 0.9999999999999999, 7.166972514994823e-10, -0.3908652050104036]}, {"color": "CVRed", "id_name": "object158399998450922", "shape": "CVBox", "id_string": "ob4377", "world_size": [0.04, 0.04, 0.04], "id": 4377, "camera_size": [18, 19], "camera_position": [257, 192], "world_position": [0.8636121028434762, 0.6199799212831308, -0.14528541327695838], "world_orientation": [0.9908190777873952, 0.0004090479749975398, 0.13519388955233844, -0.00036422952822278375, 0.9999998702126149, -0.00035624654939001976, -0.13519401772780668, 0.00030373427092130953, 0.990819098178929], "world_rotation": [0.002440849378235948, 0.9999929316975216, -0.002859861763935525, 0.13561017510484552]}, {"color": "CVPurple", "id_name": "object106599597881322", "shape": "CVBox", "id_string": "ob4384", "world_size": [0.04, 0.04, 0.04], "id": 4384, "camera_size": [16, 17], "camera_position": [271, 225], "world_position": [0.7799201861028947, 0.6199583368147733, -0.11063643820446215], "world_orientation": [0.9995967044094656, 0.0008504267414608043, -0.028384948618817383, -0.000837574438164625, 0.999999541274188, 0.0004646724374337203, 0.028385330767775583, -0.0004407105296969204, 0.999596958164356], "world_rotation": [0.01593911551011475, 0.9994312611735108, 0.029716978074513994, -0.02840511223639751]}, {"color": "CVPurple", "id_name": "object66568854232117", "shape": "CVSphere", "id_string": "ob4391", "world_size": [0.04, 0.04, 0.04], "id": 4391, "camera_size": [16, 16], "camera_position": [289, 224], "world_position": [0.7803559858957887, 0.6199874431860793, -0.06501482066076861], "world_orientation": [0.9999897677424349, -3.32850769018099e-10, -0.004523760651400491, 3.350160411599948e-10, 1.0, 4.778865059545852e-10, 0.004523760651400491, -4.79397148481358e-10, 0.9999897677424349], "world_rotation": [1.0580617855407249e-07, 0.9999999999999918, -7.381765544683784e-08, -0.004523776080891729]}, {"color": "CVGreen", "id_name": "object23918336012369", "shape": "CVBox", "id_string": "ob4398", "world_size": [0.04, 0.04, 0.04], "id": 4398, "camera_size": [22, 23], "camera_position": [231, 273], "world_position": [0.6580058096428788, 0.6605831331702202, -0.21045145157848327], "world_orientation": [0.9044143303312518, 0.04542219845625159, 0.4242305304653051, -0.04352520143166527, 0.9989518871889064, -0.014166295283362837, -0.4244293532872182, -0.005652518829987236, 0.9054434124223725], "world_rotation": [0.009976876643896137, 0.9945028530159628, -0.1042330910773677, 0.44081361052384793]}, {"color": "CVRed", "id_name": "object237330153228724", "shape": "CVSphere", "id_string": "ob4405", "world_size": [0.04, 0.04, 0.04], "id": 4405, "camera_size": [17, 17], "camera_position": [256, 269], "world_position": [0.6672938932760794, 0.6599893585772018, -0.1508536095851316], "world_orientation": [0.9992837130330225, 0.0016867538961536253, -0.03780496962344991, -0.0016923518214824172, 0.9999985612351311, -0.00011607316872567521, 0.037804719444118146, 0.00017996933623103692, 0.9992851298797505], "world_rotation": [-0.0039114701017474145, 0.9989951889964422, 0.04464653137261412, -0.03785190764473166]}, {"color": "CVBlue", "id_name": "object51649622024127", "shape": "CVBox", "id_string": "ob4412", "world_size": [0.04, 0.04, 0.04], "id": 4412, "camera_size": [17, 18], "camera_position": [273, 280], "world_position": [0.6405031297063171, 0.6999466208448699, -0.10875841716298897], "world_orientation": [0.9987785463969842, -9.275807808000672e-05, 0.04941059251887456, 0.00010425408944863273, 0.9999999680958178, -0.00023008574103756146, -0.04941056960015888, 0.00023495595831234136, 0.9987785242021804], "world_rotation": [0.004705830371387298, 0.9999869402800313, 0.00199359722533516, 0.04943135447675377]}, {"color": "CVYellow", "id_name": "object128231428893279", "shape": "CVCapsule", "id_string": "ob4419", "world_size": [0.04, 0.08, 0.04], "id": 4419, "camera_size": [21, 27], "camera_position": [233, 251], "world_position": [0.7118595227155731, 0.6827355109519495, -0.20511679998846633], "world_orientation": [0.9570913648366738, 0.21867693220489795, 0.19014867519004033, -0.2160411624203564, 0.97576591898705, -0.034743164556776354, -0.19313812543134554, -0.007827558036356902, 0.9811403537924904], "world_rotation": [0.04639153051114198, 0.6606301549272281, -0.749276734122754, 0.29432277631686254]}, {"color": "CVPurple", "id_name": "object71141646311853", "shape": "CVCapsule", "id_string": "ob4426", "world_size": [0.04, 0.08, 0.04], "id": 4426, "camera_size": [24, 31], "camera_position": [258, 222], "world_position": [0.7817227882538217, 0.6821020822356677, -0.1439779277160388], "world_orientation": [0.8233097120403824, 0.21030132042794222, -0.5271949095792244, -0.17753094170985598, 0.9776363100282786, 0.1127386803626126, 0.539113979410286, 0.0007745582970867526, 0.8422324603480028], "world_rotation": [0.09820037290133858, 0.9352275407071954, 0.34015604340480127, -0.6066031305994162]}, {"color": "CVPurple", "id_name": "object221225592820971", "shape": "CVCylinder", "id_string": "ob4433", "world_size": [0.04, 0.04, 0.04], "id": 4433, "camera_size": [20, 20], "camera_position": [271, 259], "world_position": [0.692437688162139, 0.6999415291010159, -0.11279980399634064], "world_orientation": [0.9768472218252484, 0.0006986513939381276, -0.21393694654856527, -0.0007327740813953031, 0.999999728305249, -8.019709449505665e-05, 0.21393683239320793, 0.00023510775843959403, 0.9768474683746192], "world_rotation": [-0.0007369065795056, 0.9999941325529368, 0.003345419016001498, -0.21560467733299832]}, {"color": "CVRed", "id_name": "object40351863798985", "shape": "CVCylinder", "id_string": "ob4440", "world_size": [0.04, 0.04, 0.04], "id": 4440, "camera_size": [24, 24], "camera_position": [232, 227], "world_position": [0.7689729366971182, 0.6999542555220094, -0.2060239419338767], "world_orientation": [0.6528110494390442, 0.0007234814880553426, 0.7575204355691207, -0.0003031377234790207, 0.9999997133543979, -0.0006938289722689542, -0.7575207204016365, 0.00022330619919084998, 0.6528110816281593], "world_rotation": [0.0006053530554226799, 0.9999995871908426, -0.000677617755590771, 0.8595071096134688]}, {"color": "CVBlue", "id_name": "object270269410328066", "shape": "CVBox", "id_string": "ob4447", "world_size": [0.04, 0.04, 0.04], "id": 4447, "camera_size": [23, 24], "camera_position": [260, 195], "world_position": [0.8498599798595896, 0.6599791681231374, -0.13974535655554246], "world_orientation": [0.5708684747746939, 0.00041751542196649335, -0.8210414180717605, -0.0004448700662433786, 0.9999998812045906, 0.000199201980044335, 0.8210414037057077, 0.00025153861952613297, 0.5708685926982533], "world_rotation": [-3.1872102639156305e-05, 0.9999998615862381, 0.0005251777543780439, -0.9632330885599318]}, {"color": "CVPurple", "id_name": "object274858362231495", "shape": "CVCylinder", "id_string": "ob4454", "world_size": [0.04, 0.04, 0.04], "id": 4454, "camera_size": [17, 16], "camera_position": [277, 240], "world_position": [0.738450495050686, 0.6599764179282485, -0.0976855083255234], "world_orientation": [0.9995717255931196, 1.4342175841016062e-05, 0.029263717964320944, -2.1985371400761173e-05, 0.999999965733934, 0.00026086159963015546, -0.02926371322024552, -0.00026139325299130863, 0.999571691657047], "world_rotation": [-0.008922892233524729, 0.9999599975827165, -0.000620667835865188, 0.029269065107674755]}, {"color": "CVPurple", "id_name": "object118617516858191", "shape": "CVSphere", "id_string": "ob4461", "world_size": [0.04, 0.04, 0.04], "id": 4461, "camera_size": [21, 21], "camera_position": [217, 315], "world_position": [0.5491672863955598, 0.6199874431687964, -0.24984700988609196], "world_orientation": [0.9554593406618079, -1.7222013307190838e-11, 0.2951227682543376, -1.923176503033514e-10, -1.0, 5.642725670889676e-10, 0.2951227682543375, -5.958968122460655e-10, -0.9554593406618078], "world_rotation": [-0.988802139121323, 5.2978157944911274e-11, -0.14923246854855707, 3.1415926530031393]}, {"color": "CVRed", "id_name": "object162095023936732", "shape": "CVBox", "id_string": "ob4468", "world_size": [0.04, 0.04, 0.04], "id": 4468, "camera_size": [21, 20], "camera_position": [267, 264], "world_position": [0.6805222179106145, 0.7399379058778623, -0.12469598353048762], "world_orientation": [0.9773306903483314, 0.00042751093507514425, -0.21171806474095306, -0.0004022539846948338, 0.9999999059145677, 0.00016236559850234958, 0.2117181142344362, -7.352044729919405e-05, 0.9773307703637282], "world_rotation": [0.0005570746384209776, 0.9999979248265125, 0.001959594477429013, -0.21333301623686163]}, {"color": "CVRed", "id_name": "object148705703939433", "shape": "CVCone", "id_string": "ob4475", "world_size": [0.04, 0.04, 0.04], "id": 4475, "camera_size": [24, 22], "camera_position": [343, 202], "world_position": [0.8366571994320455, 0.619987443155971, 0.0731056290245451], "world_orientation": [0.8605265853082915, -0.5094055319464561, 4.636803718760518e-10, 2.631777573647298e-10, -4.6565826194999715e-10, -1.0, 0.5094055319464561, 0.8605265853082915, -2.6664709329438097e-10], "world_rotation": [-0.9325336089147824, 0.25532437022181614, -0.25532437058613217, -1.640589682589641]}, {"color": "CVBlue", "id_name": "object145539395235296", "shape": "CVBox", "id_string": "ob4482", "world_size": [0.04, 0.04, 0.04], "id": 4482, "camera_size": [17, 18], "camera_position": [284, 208], "world_position": [0.8213745924106595, 0.6199874430369895, -0.07796836076329451], "world_orientation": [0.04339700442255734, -0.9990579062332415, -1.1033257640846728e-10, -5.857276885734564e-10, 8.499390080629608e-11, -1.0, 0.9990579062332416, 0.04339700442255722, -5.81487302753203e-10], "world_rotation": [-0.5940572309456722, 0.5688128017247867, -0.5688128013284853, -2.069515936848278]}], "source": "manual check"}
