{"timestamp": 1721660967.468399, "objects": [{"color": "cv_", "id_name": "hand", "shape": "CVBox", "id_string": "ob383", "world_size": [0.005, 0.09, 0.5], "id": 383, "camera_size": [3, 208], "camera_position": [246, 271], "world_position": [0.6629379810605126, 0.6656089887917543, -0.17409229430596343], "world_orientation": [-5.878920233067443e-07, -0.001659628598924223, 0.9999986228153358, -0.0007634757367380926, -0.9999983313675223, -0.0016596285640699186, 0.9999997085521845, -0.0007634756609738102, -6.791951245787373e-07], "world_rotation": [0.0, 1.0, 0.0, 0.0]}, {"color": "CVPurple", "id_name": "object90564492085700", "shape": "CVCapsule", "id_string": "ob6400", "world_size": [0.04, 0.08, 0.04], "id": 6400, "camera_size": [17, 17], "camera_position": [256, 247], "world_position": [0.7226786255838855, 0.6399748863831983, -0.14961522542096162], "world_orientation": [0.9993176281206338, -2.548372580033741e-10, -0.03693613579342764, 2.3294198305823764e-10, 1.0, -5.970908307041439e-10, 0.03693613579342764, 5.880794159936146e-10, 0.9993176281206338], "world_rotation": [-1.6043506193041528e-08, 0.9999999999999999, -6.603008552242847e-09, -0.036944539480714286]}, {"color": "CVPurple", "id_name": "object165428124558319", "shape": "CVCylinder", "id_string": "ob6407", "world_size": [0.04, 0.04, 0.04], "id": 6407, "camera_size": [17, 17], "camera_position": [219, 295], "world_position": [0.6, 0.6199874431539305, -0.245], "world_orientation": [1.0, 3.2526065174562914e-18, -5.85631424552212e-17, -3.2526065174562914e-18, 1.0, 6.830473686658622e-17, 5.85631424552212e-17, -6.830473686658622e-17, 1.0], "world_rotation": [0.7586719037870137, 0.650470418545561, 0.03612723351366515, -9.003198421561925e-17]}, {"color": "CVPurple", "id_name": "object250777181421591", "shape": "CVCone", "id_string": "ob6414", "world_size": [0.04, 0.04, 0.04], "id": 6414, "camera_size": [16, 17], "camera_position": [236, 295], "world_position": [0.6000000931591299, 0.6199874431579789, -0.2000183717446568], "world_orientation": [0.9999999999917195, -5.303130587416033e-11, -4.069518973167806e-06, 5.3028912961349594e-11, 1.0, -5.880092316978318e-10, 4.069518973167837e-06, 5.880090158909285e-10, 0.9999999999917195], "world_rotation": [-0.00014449106183884048, 0.9999999894762622, -1.3031050895531262e-05, -4.069519016005605e-06]}, {"color": "CVBlue", "id_name": "object89179230390558", "shape": "CVCylinder", "id_string": "ob6421", "world_size": [0.04, 0.04, 0.04], "id": 6421, "camera_size": [16, 17], "camera_position": [255, 296], "world_position": [0.5968666827085007, 0.6199874431886184, -0.15117270714338815], "world_orientation": [0.9998681059899678, -6.909056272821557e-12, 0.016241016718008407, -2.5171548444724427e-12, 1.0, 5.803749410096175e-10, -0.016241016718008407, -5.803392741852364e-10, 0.9998681059899678], "world_rotation": [-3.573403794073517e-08, 0.9999999999999993, 1.352101750957276e-10, 0.016241730786621753]}, {"color": "CVRed", "id_name": "object277902844661706", "shape": "CVSphere", "id_string": "ob6428", "world_size": [0.04, 0.04, 0.04], "id": 6428, "camera_size": [16, 17], "camera_position": [271, 295], "world_position": [0.6000916462595696, 0.6199874431845694, -0.11021570035462414], "world_orientation": [0.9999870319734397, 3.0585582584297493e-10, 0.00509272863510245, -3.034819277397275e-10, 1.0, -4.669075922397806e-10, -0.00509272863510245, 4.6535598626608666e-10, 0.9999870319734397], "world_rotation": [9.15288880778062e-08, 0.9999999999999941, -5.98242903993294e-08, 0.005092750649430075]}, {"color": "CVBlue", "id_name": "object69007718340367", "shape": "CVBox", "id_string": "ob6435", "world_size": [0.04, 0.04, 0.04], "id": 6435, "camera_size": [16, 17], "camera_position": [289, 295], "world_position": [0.6, 0.6199874431539305, -0.065], "world_orientation": [1.0, 2.049142105997599e-16, 5.802954297681148e-18, -2.049142105997599e-16, 1.0, 6.179952383167331e-17, -5.802954297681148e-18, -6.179952383167331e-17, 1.0], "world_rotation": [-0.28863572672225335, 0.027102796704540077, -0.9570553043948448, 2.1410905896324258e-16]}, {"color": "CVYellow", "id_name": "object115703795700594", "shape": "CVCapsule", "id_string": "ob6442", "world_size": [0.04, 0.08, 0.04], "id": 6442, "camera_size": [18, 17], "camera_position": [218, 278], "world_position": [0.6449982991799365, 0.6399748863844393, -0.24499950311687463], "world_orientation": [0.9999999994069255, -4.067434219062641e-10, -3.4440513692266745e-05, 4.067310927848309e-10, 1.0, -3.579900999132734e-10, 3.4440513692266894e-05, 3.579760916735098e-10, 0.9999999994069255], "world_rotation": [-1.0394243795192563e-05, 0.9999999998762436, -1.1809848741789784e-05, -3.4440513703337656e-05]}, {"color": "CVYellow", "id_name": "object185230065146683", "shape": "CVCapsule", "id_string": "ob6449", "world_size": [0.04, 0.08, 0.04], "id": 6449, "camera_size": [20, 24], "camera_position": [235, 271], "world_position": [0.6614971748283694, 0.6423203458596731, -0.20100721331547994], "world_orientation": [0.9672328969823688, 0.13817985080610898, 0.21299495727903076, -0.1407419086944911, 0.9900412693866424, -0.0031622852998063203, -0.21131076198841883, -0.026918650458135983, 0.9770481810665157], "world_rotation": [-0.04673435049829325, 0.8347090167420902, -0.5487046180350185, 0.25698306723250613]}, {"color": "CVBlue", "id_name": "object127112631632164", "shape": "CVCylinder", "id_string": "ob6456", "world_size": [0.04, 0.04, 0.04], "id": 6456, "camera_size": [16, 17], "camera_position": [255, 279], "world_position": [0.6408493459147684, 0.6199846735938948, -0.15109372463084395], "world_orientation": [0.9998233918088151, -4.605065955117986e-05, 0.018793165546372673, 5.232513819483966e-05, 0.9999999430603752, -0.00033337865312251625, -0.018793149123990018, 0.0003343031307059409, 0.9998233372888534], "world_rotation": [0.0177610968912279, 0.9998388346266575, 0.0026169084103211115, 0.01879729357718354]}, {"color": "CVPurple", "id_name": "object72382641916231", "shape": "CVCone", "id_string": "ob6463", "world_size": [0.04, 0.04, 0.04], "id": 6463, "camera_size": [16, 16], "camera_position": [272, 276], "world_position": [0.6475162864327911, 0.6199541953829838, -0.10916205005752297], "world_orientation": [0.9999995000596593, -0.0007899188339588199, 0.0006131139104931042, 0.0007901002373757362, 0.9999996441554929, -0.00029568649334290144, -0.0006128801239898494, 0.0002961707669635115, 0.9999997683303884], "world_rotation": [0.28377981651437745, 0.5878315355516205, 0.7575771258097027, 0.001042810892694489]}, {"color": "CVBlue", "id_name": "object36834525139813", "shape": "CVCapsule", "id_string": "ob6470", "world_size": [0.04, 0.08, 0.04], "id": 6470, "camera_size": [18, 18], "camera_position": [290, 277], "world_position": [0.6463501002197127, 0.6399748863737096, -0.06366153110483821], "world_orientation": [0.9978753977889625, 5.5313158714580744e-11, -0.06515128922377394, -9.53259226436005e-11, 1.0, -6.110429238977367e-10, 0.06515128922377394, 6.159553075072611e-10, 0.9978753977889625], "world_rotation": [-9.416530708936929e-09, 1.0, 1.1560713775040117e-09, -0.06519746866237813]}, {"color": "CVPurple", "id_name": "object64423682443209", "shape": "CVCone", "id_string": "ob6477", "world_size": [0.04, 0.04, 0.04], "id": 6477, "camera_size": [17, 16], "camera_position": [219, 259], "world_position": [0.6901790454486917, 0.6199874431935471, -0.24517624958583112], "world_orientation": [0.9999598306988727, -3.668836885526632e-10, 0.008963090353339316, 3.664272338080298e-10, 1.0, 5.256823840378794e-11, -0.008963090353339316, -4.928180636983994e-11, 0.9999598306988727], "world_rotation": [-5.681636620771219e-09, 0.9999999999999992, 4.090725929631446e-08, 0.008963210368959513]}, {"color": "CVPurple", "id_name": "object231806828374025", "shape": "CVCone", "id_string": "ob6484", "world_size": [0.04, 0.04, 0.04], "id": 6484, "camera_size": [17, 18], "camera_position": [237, 254], "world_position": [0.7038044476490095, 0.6205850068660882, -0.1987282769393536], "world_orientation": [0.9977789331191554, 0.03134074893852679, 0.058778891445588524, -0.03139602519334409, 0.9995070231449956, 1.6908228293557284e-05, -0.05874938489600509, -0.0018622942306501969, 0.9982710261419689], "world_rotation": [-0.014104116649681676, 0.8820936303422928, -0.4708629325006236, 0.06666831033464646]}, {"color": "CVRed", "id_name": "object24326648218926", "shape": "CVCone", "id_string": "ob6491", "world_size": [0.04, 0.04, 0.04], "id": 6491, "camera_size": [16, 16], "camera_position": [255, 263], "world_position": [0.6813726730989743, 0.6199808990412835, -0.15139145521144068], "world_orientation": [0.9999101838765538, 0.0003935820605000543, 0.013396614240858477, -0.00038263741849473286, 0.9999995909843562, -0.0008195240854388789, -0.013396931311411855, 0.0008143244330727627, 0.9999099254968694], "world_rotation": [0.06084069250179651, 0.9977288882714384, -0.028904595560944, 0.013427671104207561]}, {"color": "CVBlue", "id_name": "object205585903547690", "shape": "CVCone", "id_string": "ob6498", "world_size": [0.04, 0.04, 0.04], "id": 6498, "camera_size": [17, 16], "camera_position": [272, 259], "world_position": [0.6911818689062296, 0.6199558976397898, -0.1089803585923828], "world_orientation": [0.9991834903794071, 0.00023240133781105991, 0.04040171460277102, -0.0002568306723745339, 0.999999787335899, 0.0005994715697134537, -0.040401566692781915, -0.0006093584949360245, 0.99918333757674], "world_rotation": [-0.014958212677306007, 0.9998697931073872, -0.006053817381704554, 0.04041790550223024]}, {"color": "CVYellow", "id_name": "object251420846053179", "shape": "CVCylinder", "id_string": "ob6505", "world_size": [0.04, 0.04, 0.04], "id": 6505, "camera_size": [16, 15], "camera_position": [289, 260], "world_position": [0.69, 0.6199874431539305, -0.065], "world_orientation": [1.0, 4.228388472693457e-17, -1.6957377686420176e-17, -4.228388472693457e-17, 1.0, 1.0733601507606494e-16, 1.6957377686420176e-17, -1.0733601507606494e-16, 1.0], "world_rotation": [0.92051720276698, 0.14542702990328832, 0.3626279889688094, -1.1660402951017529e-16]}, {"color": "CVRed", "id_name": "object27141485575544", "shape": "CVCone", "id_string": "ob6512", "world_size": [0.04, 0.04, 0.04], "id": 6512, "camera_size": [17, 17], "camera_position": [219, 242], "world_position": [0.7356330310807342, 0.6199818363771736, -0.24540540363009974], "world_orientation": [0.9994658360107989, -0.0001923911423570973, 0.032680355458339666, 0.00020127810642893974, 0.99999994365812, -0.0002686463862501348, -0.03268030193188186, 0.0002750807250888497, 0.9994658184231394], "world_rotation": [0.008318435875538295, 0.9999472638851356, 0.00602271311087222, 0.0326878730578797]}, {"color": "CVGreen", "id_name": "object54359899427104", "shape": "CVSphere", "id_string": "ob6519", "world_size": [0.04, 0.04, 0.04], "id": 6519, "camera_size": [17, 17], "camera_position": [236, 239], "world_position": [0.7443205884825925, 0.6199820449326308, -0.19979083514847445], "world_orientation": [0.9983641254146477, 0.0018999772978585364, 0.05714423130389695, -0.001972998934631565, 0.9999973076564018, 0.0012214561602807228, -0.05714175671301677, -0.0013322035186739268, 0.9983651861285705], "world_rotation": [-0.022326082865484955, 0.999177165171017, -0.03386057626050778, 0.05722127321887154]}, {"color": "CVGreen", "id_name": "object275445838772837", "shape": "CVBox", "id_string": "ob6526", "world_size": [0.04, 0.04, 0.04], "id": 6526, "camera_size": [16, 16], "camera_position": [255, 229], "world_position": [0.7673605755478572, 0.6199748857395241, -0.15038624427139888], "world_orientation": [0.9998001465293724, 0.00025644990826121045, 0.019990028346402886, -0.00025654138134772553, 0.9999999670912362, 2.011544948606521e-06, -0.019990027172695247, -7.139412419532343e-06, 0.9998001794171992], "world_rotation": [-0.00022886921490295544, 0.9999176643846109, -0.01283012355774207, 0.019993005694654512]}, {"color": "CVPurple", "id_name": "object111724576957352", "shape": "CVSphere", "id_string": "ob6533", "world_size": [0.04, 0.04, 0.04], "id": 6533, "camera_size": [16, 16], "camera_position": [272, 242], "world_position": [0.7350143890651386, 0.6199758510001192, -0.10814522961395054], "world_orientation": [0.9999303089974817, -6.007740556956931e-05, 0.011805657072188145, 5.8842874376507854e-05, 0.9999999927648147, 0.00010491847846527643, -0.01180566329000201, -0.00010421648779529873, 0.9999303052979277], "world_rotation": [-0.008856942671059949, 0.9999480936888717, 0.005036317554839042, 0.011806547294005225]}, {"color": "CVPurple", "id_name": "object160898695779922", "shape": "CVCone", "id_string": "ob6540", "world_size": [0.04, 0.04, 0.04], "id": 6540, "camera_size": [16, 16], "camera_position": [289, 242], "world_position": [0.7349974035703252, 0.6199786186269682, -0.06498897524564028], "world_orientation": [0.9999999625780086, -0.0002712576221241246, -3.5542705216300707e-05, 0.00027125214434305057, 0.9999999513481177, -0.00015403258264070412, 3.5584485999154715e-05, 0.0001540229358414978, 0.9999999875053399], "world_rotation": [-0.49060260962608815, 0.11327563874721593, -0.8639894149203925, -0.00031395626266414423]}, {"color": "CVGreen", "id_name": "object194931326776258", "shape": "CVBox", "id_string": "ob6547", "world_size": [0.04, 0.04, 0.04], "id": 6547, "camera_size": [17, 17], "camera_position": [219, 224], "world_position": [0.7818997053760844, 0.6202779574188899, -0.24408695715656828], "world_orientation": [0.9982111003451332, 0.009707212230666134, 0.05899465381259, -0.010063835540797006, 0.9999328209363938, 0.005750898051049758, -0.058934865419090626, -0.00633432276526723, 0.9982417332455799], "world_rotation": [-0.10055555411177156, 0.9812371931562583, -0.16450577893831644, 0.06012848428368514]}, {"color": "CVYellow", "id_name": "object223925194272285", "shape": "CVCone", "id_string": "ob6554", "world_size": [0.04, 0.04, 0.04], "id": 6554, "camera_size": [17, 17], "camera_position": [236, 223], "world_position": [0.7843038556671211, 0.6199764632348781, -0.2008638886473608], "world_orientation": [0.9983663960665752, 0.0012096577520103802, 0.0571233396534344, -0.001237615114223004, 0.9999991310750207, 0.0004540462891903029, -0.05712274077692418, -0.000524001265916311, 0.998367025651792], "world_rotation": [-0.008558608057528623, 0.9997340307299725, -0.021415368979305956, 0.05716937360760824]}, {"color": "CVBlue", "id_name": "object102882644044300", "shape": "CVBox", "id_string": "ob6561", "world_size": [0.04, 0.04, 0.04], "id": 6561, "camera_size": [21, 23], "camera_position": [255, 170], "world_position": [0.9194193138161735, 0.619986926644424, -0.15277958682138973], "world_orientation": [0.33881002508085367, 0.0006542298808222228, -0.9408545790333246, -0.0011378526790758348, 0.9999993118600637, 0.00028560581185734586, 0.9408541184455709, 0.00097378779109521, 0.33881053634936725], "world_rotation": [-0.00036572165609043356, 0.9999994796200414, 0.000952369317171798, -1.2251445923724331]}, {"color": "CVRed", "id_name": "object186311374308004", "shape": "CVBox", "id_string": "ob6568", "world_size": [0.04, 0.04, 0.04], "id": 6568, "camera_size": [16, 16], "camera_position": [271, 224], "world_position": [0.780517776832765, 0.6199827445672089, -0.1098532297738648], "world_orientation": [0.999972673013083, -0.0001685882681189, 0.00739085956202333, 0.00016715791731869615, 0.9999999671825865, 0.00019414699707816105, -0.007390892050380432, -0.00019290625093412966, 0.9999726683774304], "world_rotation": [-0.026168815332989436, 0.999399773105197, 0.02269992558024751, 0.007395382083753457]}, {"color": "CVBlue", "id_name": "object83842614181542", "shape": "CVCone", "id_string": "ob6575", "world_size": [0.04, 0.04, 0.04], "id": 6575, "camera_size": [16, 16], "camera_position": [289, 224], "world_position": [0.78, 0.6199874431539305, -0.065], "world_orientation": [1.0, 4.228388472693457e-17, -1.6957377686420176e-17, -4.228388472693457e-17, 1.0, 1.0733601507606494e-16, 1.6957377686420176e-17, -1.0733601507606494e-16, 1.0], "world_rotation": [0.92051720276698, 0.14542702990328832, 0.3626279889688094, -1.1660402951017529e-16]}, {"color": "CVYellow", "id_name": "object16162229113950", "shape": "CVSphere", "id_string": "ob6582", "world_size": [0.04, 0.04, 0.04], "id": 6582, "camera_size": [23, 23], "camera_position": [231, 267], "world_position": [0.6733871735382736, 0.7025079776168085, -0.2104662635087977], "world_orientation": [0.9284261523706024, 0.07488727460415825, 0.3638911591350916, -0.07861345733016169, 0.9968946358114305, -0.004583603058108909, -0.3631043981018655, -0.02435120516025543, 0.9314301986119653], "world_rotation": [-0.026594839367602405, 0.9780817099499387, -0.20651606034498965, 0.38077876694663143]}, {"color": "CVYellow", "id_name": "object227485981393164", "shape": "CVCylinder", "id_string": "ob6589", "world_size": [0.04, 0.04, 0.04], "id": 6589, "camera_size": [16, 16], "camera_position": [256, 264], "world_position": [0.6794139642245389, 0.6599725990783714, -0.14914849481406373], "world_orientation": [0.0021319690685219638, 0.0005883975402586899, -0.9999975542451219, -0.0005862034264373322, 0.9999996558107345, 0.0005871490061880927, 0.9999975555337292, 0.0005849502092076359, 0.0021323132553753028], "world_rotation": [1.0994009887805985e-06, 0.9999998275376679, 0.0005873018180786859, -1.568664356112507]}, {"color": "CVRed", "id_name": "object113518132731334", "shape": "CVCapsule", "id_string": "ob6596", "world_size": [0.04, 0.08, 0.04], "id": 6596, "camera_size": [17, 18], "camera_position": [274, 280], "world_position": [0.6405140345073282, 0.6799144489969372, -0.10656864674556493], "world_orientation": [0.9998334234505997, -0.001376615267643133, -0.018199733005150435, 0.0013683563042546374, 0.9999989551096486, -0.00046624096329310276, 0.018200355822853485, 0.0004412595790889035, 0.9998342624344824], "world_rotation": [-0.02485300456491421, 0.9968606425635141, -0.07517438042281406, -0.018258375238959595]}, {"color": "CVYellow", "id_name": "object254110716601247", "shape": "CVCone", "id_string": "ob6603", "world_size": [0.04, 0.04, 0.04], "id": 6603, "camera_size": [20, 20], "camera_position": [234, 253], "world_position": [0.7069608855809753, 0.6606018982761499, -0.20284886887222403], "world_orientation": [0.9768774528698663, 0.030555796394830224, 0.21160525839676095, -0.03148430461641498, 0.999503726720512, 0.001019232372345151, -0.21146910090437107, -0.007657909537577863, 0.9773546826941646], "world_rotation": [-0.020288532646442647, 0.9892148866135091, -0.14505958618883705, 0.2155077966479305]}, {"color": "CVRed", "id_name": "object8285358031998", "shape": "CVCone", "id_string": "ob6610", "world_size": [0.04, 0.04, 0.04], "id": 6610, "camera_size": [19, 20], "camera_position": [285, 204], "world_position": [0.8310306075898266, 0.6199874431657744, -0.07570874480305456], "world_orientation": [0.22032164281480482, 2.875459986297515e-10, -0.9754272775083677, 1.637915666889028e-09, -1.0, 7.516938841267568e-11, -0.9754272775083674, -1.6142290628863323e-09, -0.2203216428148041], "world_rotation": [0.7811279161618809, 6.16244031764878e-10, -0.6243710263878345, -3.1415926525084092]}, {"color": "CVBlue", "id_name": "object210295245098665", "shape": "CVCapsule", "id_string": "ob6617", "world_size": [0.04, 0.08, 0.04], "id": 6617, "camera_size": [17, 17], "camera_position": [273, 261], "world_position": [0.6881912099907448, 0.6799350387578207, -0.10826602456744543], "world_orientation": [0.999726143294195, 0.0006882523773716947, -0.02339155238071646, -0.0006659904126628602, 0.9999993179208788, 0.0009594866061676725, 0.02339219679476472, -0.0009436452947035848, 0.9997259197713507], "world_rotation": [0.04062873034675079, 0.9987559606301991, 0.0289108522195212, -0.0234231530181664]}, {"color": "CVRed", "id_name": "object89060968686225", "shape": "CVCone", "id_string": "ob6624", "world_size": [0.04, 0.04, 0.04], "id": 6624, "camera_size": [20, 20], "camera_position": [234, 236], "world_position": [0.7476523659175283, 0.6605940521151912, -0.2039649720036687], "world_orientation": [0.9769077499052088, 0.03093672076239737, 0.2114099512407385, -0.03171647642487707, 0.9994968617036512, 0.0002976033311613466, -0.2112943759268859, -0.006995909735120435, 0.9773974339789551], "world_rotation": [-0.017065457338540424, 0.9890491175568744, -0.1465967708573218, 0.21535299486319157]}, {"color": "CVRed", "id_name": "object140081867373329", "shape": "CVSphere", "id_string": "ob6631", "world_size": [0.04, 0.04, 0.04], "id": 6631, "camera_size": [22, 24], "camera_position": [274, 170], "world_position": [0.9181149156041924, 0.6199993101443779, -0.10362454446690895], "world_orientation": [-0.6522119212087278, 0.7580366781972128, -6.588592580220043e-05, 0.0009126882331872421, 0.0006983570570706642, -0.999999339648587, -0.7580361316147202, -0.6522115506529733, -0.0011473279543965376], "world_rotation": [0.30876837344282493, 0.672931158840592, -0.6721798472305833, 2.543356807061869]}, {"color": "CVRed", "id_name": "object71219731371708", "shape": "CVCapsule", "id_string": "ob6638", "world_size": [0.04, 0.08, 0.04], "id": 6638, "camera_size": [22, 22], "camera_position": [278, 241], "world_position": [0.7355658103728522, 0.6799695913921547, -0.09557915097330721], "world_orientation": [0.9440819892972174, -0.0002420708903763911, -0.3297106896754983, 0.00028619636864443834, 0.9999999554083849, 8.529282894982775e-05, 0.3297106543262551, -0.00017488542571612157, 0.9440820164788866], "world_rotation": [0.0003945552464952509, 0.9999996012767941, -0.0008011069905359473, -0.3359972331019411]}, {"color": "CVGreen", "id_name": "object85682860528914", "shape": "CVCylinder", "id_string": "ob6645", "world_size": [0.04, 0.04, 0.04], "id": 6645, "camera_size": [18, 17], "camera_position": [222, 208], "world_position": [0.822636471833767, 0.6200146682940852, -0.2351553716130235], "world_orientation": [-0.9983642362397055, -0.05713309346165118, -0.002159034277583977, 0.0021787064404119594, -0.000282034857519764, -0.9999975868443811, 0.057132346667680814, -0.998366530933325, 0.00040604975380664754], "world_rotation": [-0.019444885205266944, 0.7068513643997213, -0.7070947921499681, -3.09963986124458]}, {"color": "CVPurple", "id_name": "object277488809110143", "shape": "CVCylinder", "id_string": "ob6652", "world_size": [0.04, 0.04, 0.04], "id": 6652, "camera_size": [20, 20], "camera_position": [267, 269], "world_position": [0.6689577804762724, 0.7399266687460924, -0.12245996632938567], "world_orientation": [0.9861234693879235, 0.0006114262274367387, -0.16601243712533545, -0.000422147375017407, 0.9999992200754019, 0.0011754319128384973, 0.16601302633805223, -0.0010890392813648797, 0.98612295839795], "world_rotation": [0.006819981623761084, 0.9999718986214181, 0.003112847270296844, -0.16678963623815415]}, {"color": "CVYellow", "id_name": "object243466227192566", "shape": "CVCone", "id_string": "ob6659", "world_size": [0.04, 0.04, 0.04], "id": 6659, "camera_size": [23, 24], "camera_position": [207, 180], "world_position": [0.8937171029651287, 0.6199874431758384, -0.2744638416314272], "world_orientation": [-0.6676086970226376, 2.909101892840624e-10, -0.7445123421809313, 5.742314616835938e-10, 1.0, -1.241775634895501e-10, 0.7445123421809313, -5.104244318527367e-10, -0.6676086970226376], "world_rotation": [2.593958800143844e-10, 0.9999999999999999, -1.9027305280768514e-10, -2.301788564875848]}, {"color": "CVRed", "id_name": "object185555113538572", "shape": "CVSphere", "id_string": "ob6666", "world_size": [0.04, 0.04, 0.04], "id": 6666, "camera_size": [17, 17], "camera_position": [256, 226], "world_position": [0.7755195965218604, 0.6599642025194077, -0.15061338726373788], "world_orientation": [-0.0003585331195620767, 0.017420401291965038, 0.9998481890131268, -0.9999999356959934, -1.4119329078465803e-05, -0.0003583415323101802, 7.874732316726085e-06, -0.9998482531961895, 0.01742040523401056], "world_rotation": [-0.5738317739935473, 0.5740329487657374, -0.5841260727674555, 2.084580228511046]}], "source": "manual check"}
