{"timestamp": 1721660477.507959, "objects": [{"color": "cv_", "id_name": "hand", "shape": "CVBox", "id_string": "ob383", "world_size": [0.005, 0.09, 0.5], "id": 383, "camera_size": [3, 207], "camera_position": [246, 271], "world_position": [0.6635315480817293, 0.66584290302117, -0.17409347610637022], "world_orientation": [-1.3957719717446761e-06, -0.0016612574117548233, 0.9999986201099798, -0.0007634010313725576, -0.9999983287189761, -0.0016612579932136229, 0.9999997086084161, -0.0007634022967008137, 1.275640178728352e-07], "world_rotation": [0.0, 1.0, 0.0, 0.0]}, {"color": "CVYellow", "id_name": "object246118743009431", "shape": "CVCapsule", "id_string": "ob1213", "world_size": [0.04, 0.08, 0.04], "id": 1213, "camera_size": [34, 21], "camera_position": [269, 193], "world_position": [0.8612978493953964, 0.6199659596108454, -0.11556286825803613], "world_orientation": [0.0006555317748112022, 0.11504395527242814, -0.9933601857500471, -0.9999997834540759, 1.7749620986273754e-05, -0.0006578576991811415, -5.8050784920327114e-05, 0.9933604018885728, 0.11504394199556903], "world_rotation": [-0.5541130459644465, 0.5537138440462659, 0.6215784031025456, -2.0287810226111156]}, {"color": "CVRed", "id_name": "object96784964713107", "shape": "CVBox", "id_string": "ob1220", "world_size": [0.04, 0.04, 0.04], "id": 1220, "camera_size": [17, 17], "camera_position": [219, 295], "world_position": [0.600517384706653, 0.6199874431877703, -0.24552295677033006], "world_orientation": [0.9996565215814137, -1.6863537897986737e-13, 0.02620761072186655, 1.6189230358210373e-11, 1.0, -6.110833413220946e-10, -0.02620761072186655, 6.112977284295072e-10, 0.9996565215814137], "world_rotation": [2.332110856507223e-08, 0.9999999999999998, 3.1208235483179527e-10, 0.026210611717076657]}, {"color": "CVRed", "id_name": "object255508767130805", "shape": "CVCylinder", "id_string": "ob1227", "world_size": [0.04, 0.04, 0.04], "id": 1227, "camera_size": [16, 17], "camera_position": [236, 295], "world_position": [0.6003060276993011, 0.61998744314045, -0.1993115678767392], "world_orientation": [0.9994089952562681, 2.1053885301687033e-09, -0.03437528473855884, -2.143934384586225e-09, 1.0, -1.0844645887154722e-09, 0.03437528473855884, 1.157522019930073e-09, 0.9994089952562681], "world_rotation": [-3.261044418536406e-08, 0.9999999999999977, 6.180782133258147e-08, -0.034382058325323935]}, {"color": "CVGreen", "id_name": "object111147988409632", "shape": "CVCapsule", "id_string": "ob1234", "world_size": [0.04, 0.08, 0.04], "id": 1234, "camera_size": [20, 32], "camera_position": [257, 271], "world_position": [0.6615710060597453, 0.6451778123638204, -0.14704351399563248], "world_orientation": [0.8818289449404684, 0.4427886052889501, -0.16222195563932407, -0.4443266281865737, 0.8954051532596727, 0.028695975334047982, 0.15796062594688204, 0.046774592914191546, 0.9863369495807104], "world_rotation": [-0.019165265054462845, 0.33942772530691945, 0.9404368728991662, -0.4911617283550239]}, {"color": "CVGreen", "id_name": "object142458335502706", "shape": "CVCone", "id_string": "ob1241", "world_size": [0.04, 0.04, 0.04], "id": 1241, "camera_size": [17, 18], "camera_position": [273, 295], "world_position": [0.5995096085762307, 0.6199874431372141, -0.10667737014151561], "world_orientation": [0.9948209325619343, -1.196751205213966e-09, -0.10164306241255984, 1.0130703215663677e-09, 1.0, -1.8587362351958224e-09, 0.10164306241255984, 1.7461381449608856e-09, 0.9948209325619343], "world_rotation": [-1.7733007519612374e-08, 0.9999999999999998, -1.0870498558036705e-08, -0.1018188988256082]}, {"color": "CVGreen", "id_name": "object127370703150341", "shape": "CVSphere", "id_string": "ob1248", "world_size": [0.04, 0.04, 0.04], "id": 1248, "camera_size": [17, 18], "camera_position": [290, 295], "world_position": [0.5993897225335736, 0.6199874432000568, -0.06418689970390125], "world_orientation": [0.999503583164158, -8.221233641589138e-12, -0.031505352592997464, 7.61920059819881e-12, 1.0, -1.9228965651302545e-11, 0.031505352592997464, 1.8979374467694373e-11, 0.999503583164158], "world_rotation": [-6.063785511717982e-10, 1.0, -2.5139274656632033e-10, -0.03151056689088035]}, {"color": "CVRed", "id_name": "object277894329970195", "shape": "CVCapsule", "id_string": "ob1255", "world_size": [0.04, 0.08, 0.04], "id": 1255, "camera_size": [18, 17], "camera_position": [218, 278], "world_position": [0.6449418248354555, 0.63996263373616, -0.24506263053569843], "world_orientation": [0.999994578751533, 0.00019331262979555537, -0.0032871108547867242, -0.00019329784145976224, 0.9999999813063724, 4.816581613783274e-06, 0.0032871117244447573, -4.18116406902997e-06, 0.9999945974249206], "world_rotation": [0.0013662785414882402, 0.9982744071249471, 0.05870554796850442, -0.00329279926066524]}, {"color": "CVGreen", "id_name": "object155670528783188", "shape": "CVSphere", "id_string": "ob1262", "world_size": [0.04, 0.04, 0.04], "id": 1262, "camera_size": [16, 17], "camera_position": [236, 278], "world_position": [0.6447913323713673, 0.619980048894298, -0.19968984281903304], "world_orientation": [0.9995111723873146, 0.0008724796553526183, -0.03125148079990986, -0.0008330438492106318, 0.9999988403538419, 0.0012748838835981613, 0.031252556869501597, -0.0012482268312938045, 0.9995107401218339], "world_rotation": [0.04031933158180652, 0.9988150758190695, 0.027254280715935518, -0.03129420166513095]}, {"color": "CVBlue", "id_name": "object20790808105125", "shape": "CVCapsule", "id_string": "ob1269", "world_size": [0.04, 0.08, 0.04], "id": 1269, "camera_size": [17, 30], "camera_position": [256, 252], "world_position": [0.7088674189792177, 0.6446532564590254, -0.14973029613786015], "world_orientation": [0.8958065723830629, 0.4440873550096942, -0.01780466219287016, -0.44413189308977297, 0.895960013159449, 0.0015863038216646268, 0.0166567228410283, 0.006486596936299785, 0.9998402260583356], "world_rotation": [-0.005512754486314937, 0.03876852884225774, 0.9992330112187952, -0.46056076565876297]}, {"color": "CVRed", "id_name": "object134995153522483", "shape": "CVCone", "id_string": "ob1276", "world_size": [0.04, 0.04, 0.04], "id": 1276, "camera_size": [16, 16], "camera_position": [273, 274], "world_position": [0.6528632504597774, 0.6199768684025176, -0.10526356968993505], "world_orientation": [0.999247124169271, -0.00039006152050371574, -0.03879475082342685, 0.00036579429011021923, 0.9999997329901246, -0.0006326248629605684, 0.03879498722746121, 0.0006179576766538683, 0.9992470000426976], "world_rotation": [-0.016115028190137097, 0.9998227036984774, -0.009739971021407242, -0.03881149152922044]}, {"color": "CVBlue", "id_name": "object181799800379951", "shape": "CVBox", "id_string": "ob1283", "world_size": [0.04, 0.04, 0.04], "id": 1283, "camera_size": [16, 16], "camera_position": [289, 277], "world_position": [0.6448004685643155, 0.6199830880490715, -0.06484664341150244], "world_orientation": [0.9999608045581282, 0.00014172762065657867, -0.008852641455662797, -0.00013854786613213144, 0.9999999256744638, 0.0003597993267037476, 0.008852691791187962, -0.00035855870962683655, 0.9999607498715647], "world_rotation": [0.04053455076247541, 0.999052969361847, 0.015815011974733843, -0.008861174280521945]}, {"color": "CVBlue", "id_name": "object229794985128277", "shape": "CVCylinder", "id_string": "ob1290", "world_size": [0.04, 0.04, 0.04], "id": 1290, "camera_size": [17, 17], "camera_position": [217, 260], "world_position": [0.6895785102022505, 0.619982530487058, -0.2491792071073255], "world_orientation": [0.9993844667107488, -2.5563465852082166e-05, -0.0350811494079319, 2.0591872951670493e-05, 0.9999999896948756, -0.00014207823017167414, 0.035081152678428276, 0.00014126838971971893, 0.9993844569383671], "world_rotation": [-0.0040384115063336655, 0.9999916292102637, -0.0006578312152629471, -0.035088644525070746]}, {"color": "CVGreen", "id_name": "object125088635749363", "shape": "CVCylinder", "id_string": "ob1297", "world_size": [0.04, 0.04, 0.04], "id": 1297, "camera_size": [16, 16], "camera_position": [235, 259], "world_position": [0.6907407052899787, 0.6199729005244944, -0.20186867860417057], "world_orientation": [0.9997072043379593, 0.00030605219346698556, 0.024195287285678768, -0.0003134258998484739, 0.9999999055917483, 0.0003009662768420138, -0.024195192890054812, -0.0003084615849113404, 0.9997072058820341], "world_rotation": [-0.0125919316372496, 0.9998387939032647, -0.012799588419472293, 0.024201503589408573]}, {"color": "CVBlue", "id_name": "object197741156722307", "shape": "CVSphere", "id_string": "ob1304", "world_size": [0.04, 0.04, 0.04], "id": 1304, "camera_size": [16, 16], "camera_position": [255, 236], "world_position": [0.7490828563856623, 0.6199876477930002, -0.15114756444375377], "world_orientation": [0.9996850821463138, 1.9082898644069875e-05, -0.025094544625498077, -3.5031605653009214e-05, 0.9999997977069892, -0.0006351053198637319, 0.025094527429396652, 0.000635784416050898, 0.9996848805855131], "world_rotation": [-0.025313911790139334, 0.999678970506608, 0.0010778667492798081, -0.02510523180782325]}, {"color": "CVYellow", "id_name": "object226062502637113", "shape": "CVCone", "id_string": "ob1311", "world_size": [0.04, 0.04, 0.04], "id": 1311, "camera_size": [17, 17], "camera_position": [273, 257], "world_position": [0.6970788754160088, 0.6199700082130364, -0.10675880661301645], "world_orientation": [0.9987277789297674, 0.0003116748204795668, -0.050425454413622395, -0.00030000219122956057, 0.9999999264265542, 0.00023905139909968285, 0.050425525209949876, -0.00022361952605504616, 0.9987277989530522], "world_rotation": [0.004587536468917339, 0.9999710848362745, 0.006064981493002983, -0.0504483439960279]}, {"color": "CVBlue", "id_name": "object204267040731795", "shape": "CVSphere", "id_string": "ob1318", "world_size": [0.04, 0.04, 0.04], "id": 1318, "camera_size": [16, 16], "camera_position": [289, 259], "world_position": [0.6902416146739575, 0.6199748323792732, -0.06472138387484379], "world_orientation": [0.9999286476161598, 0.00046067216895173685, 0.011936811034371742, -0.0004584523821648916, 0.9999998771073979, -0.00018869711830926184, -0.011936896494936738, 0.00018321119486588647, 0.9999287359285797], "world_rotation": [0.015564736950709868, 0.9991386709252467, -0.038466286867678334, 0.01194742841667888]}, {"color": "CVPurple", "id_name": "object50343371150773", "shape": "CVCone", "id_string": "ob1325", "world_size": [0.04, 0.04, 0.04], "id": 1325, "camera_size": [17, 16], "camera_position": [219, 242], "world_position": [0.7350016994851346, 0.6199822854263113, -0.24499658185879528], "world_orientation": [0.9999999979789926, 6.316604349808939e-05, 7.215682937448184e-06, -6.316473676264214e-05, 0.9999999816330272, -0.00018095347932111077, -7.227112920276382e-06, 0.00018095302317868862, 0.999999983601886], "world_rotation": [0.9434623006884483, 0.037651253332509446, -0.3293345871634971, 0.00019179701428163542]}, {"color": "CVBlue", "id_name": "object256817565348042", "shape": "CVSphere", "id_string": "ob1332", "world_size": [0.04, 0.04, 0.04], "id": 1332, "camera_size": [16, 16], "camera_position": [235, 240], "world_position": [0.7382102612485211, 0.6199799081959402, -0.20249021387597013], "world_orientation": [0.9999999516239026, 0.00022564107248507795, -0.0002140988060487043, -0.00022563817668922153, 0.9999999744519109, 1.3549569508354079e-05, 0.00021410185791828274, -1.3501259988678157e-05, 0.999999976989055], "world_rotation": [0.04344201834387402, 0.6876647202613033, 0.7247275512564386, -0.0003113440738403918]}, {"color": "CVRed", "id_name": "object230348066886153", "shape": "CVCone", "id_string": "ob1339", "world_size": [0.04, 0.04, 0.04], "id": 1339, "camera_size": [17, 19], "camera_position": [260, 178], "world_position": [0.8987173837845563, 0.6199877043658127, -0.13995739677954205], "world_orientation": [0.9933078754617569, 0.0001151541782606205, 0.11549654230827043, -0.00011610879975598346, 0.9999999932581909, 1.5377752459759325e-06, -0.11549654135253355, -1.4937649165897444e-05, 0.9933078821354783], "world_rotation": [-7.132428318586598e-05, 0.9999994962877099, -0.0010011679045169675, 0.11575493086446731]}, {"color": "CVRed", "id_name": "object164756173340003", "shape": "CVCapsule", "id_string": "ob1346", "world_size": [0.04, 0.08, 0.04], "id": 1346, "camera_size": [17, 17], "camera_position": [272, 239], "world_position": [0.7426205070749503, 0.639962378217403, -0.10912598721025311], "world_orientation": [0.9996737778377307, 0.0002752871074970882, 0.025539422872256346, -0.00025865916587460475, 0.9999997524470835, -0.0006543708489549723, -0.025539596689755962, 0.0006475513728646432, 0.9996736015711049], "world_rotation": [0.02547872844322398, 0.9996207505757999, -0.010449373913823327, 0.025551979706235576]}, {"color": "CVRed", "id_name": "object197838680239877", "shape": "CVCylinder", "id_string": "ob1353", "world_size": [0.04, 0.04, 0.04], "id": 1353, "camera_size": [16, 16], "camera_position": [289, 242], "world_position": [0.735, 0.6199874431539305, -0.065], "world_orientation": [1.0, 4.228388472693457e-17, -1.6957377686420176e-17, -4.228388472693457e-17, 1.0, 1.0733601507606494e-16, 1.6957377686420176e-17, -1.0733601507606494e-16, 1.0], "world_rotation": [0.92051720276698, 0.14542702990328832, 0.3626279889688094, -1.1660402951017529e-16]}, {"color": "CVYellow", "id_name": "object180458836491497", "shape": "CVSphere", "id_string": "ob1360", "world_size": [0.04, 0.04, 0.04], "id": 1360, "camera_size": [17, 16], "camera_position": [219, 224], "world_position": [0.7799988258782928, 0.6199851111600286, -0.2449976764857668], "world_orientation": [0.9999999976395368, -6.849610929128657e-05, 5.4045677011582905e-06, 6.849673025795156e-05, 0.9999999910438723, -0.00011498023020285033, -5.396691954308646e-06, 0.00011498060012666118, 0.9999999933751686], "world_rotation": [0.8584113264973053, 0.04031957797075891, 0.5113749369820508, 0.0001339455945644904]}, {"color": "CVPurple", "id_name": "object207236386054567", "shape": "CVSphere", "id_string": "ob1367", "world_size": [0.04, 0.04, 0.04], "id": 1367, "camera_size": [17, 17], "camera_position": [236, 224], "world_position": [0.7809418060477301, 0.6199815188961646, -0.20111202552209315], "world_orientation": [0.9999867938451386, -0.00024024647751036025, -0.005133655320606903, 0.00024002334780764658, 0.9999999702228657, -4.408015735984586e-05, 0.0051336657578438935, 4.284737809391838e-05, 0.9999868217331611], "world_rotation": [-0.008456878356009985, 0.9988720484171466, -0.046723785157084745, -0.0051394802244540475]}, {"color": "CVPurple", "id_name": "object76483782828379", "shape": "CVBox", "id_string": "ob1374", "world_size": [0.04, 0.04, 0.04], "id": 1374, "camera_size": [18, 20], "camera_position": [257, 162], "world_position": [0.938199491735845, 0.6199880069812868, -0.14662134715278038], "world_orientation": [0.9933120621742269, 0.00038399358323560056, 0.11545994841551314, -0.0003845806136295283, 0.9999999259010899, -1.7192042892437907e-05, -0.11545994646169096, -2.7326594232796225e-05, 0.9933121362473736], "world_rotation": [-4.3887492685655594e-05, 0.9999944602419207, -0.003328296765242828, 0.11571867536893797]}, {"color": "CVYellow", "id_name": "object62311852131028", "shape": "CVCone", "id_string": "ob1381", "world_size": [0.04, 0.04, 0.04], "id": 1381, "camera_size": [17, 18], "camera_position": [273, 221], "world_position": [0.7890187255433272, 0.6199803823279519, -0.10640337130854459], "world_orientation": [0.9958813354089239, 0.00022851373920923903, -0.09066594490551234, -0.00020632910823944008, 0.999999946441385, 0.00025405811572513546, 0.0906659981053399, -0.00023430471199978195, 0.9958813292199351], "world_rotation": [0.0026931804971774827, 0.9999934980866455, 0.002398033203185487, -0.09079124239989544]}, {"color": "CVPurple", "id_name": "object279982469708005", "shape": "CVCylinder", "id_string": "ob1388", "world_size": [0.04, 0.04, 0.04], "id": 1388, "camera_size": [16, 16], "camera_position": [289, 224], "world_position": [0.78, 0.6199874431539305, -0.065], "world_orientation": [1.0, 4.228388472693457e-17, -1.6957377686420176e-17, -4.228388472693457e-17, 1.0, 1.0733601507606494e-16, 1.6957377686420176e-17, -1.0733601507606494e-16, 1.0], "world_rotation": [0.92051720276698, 0.14542702990328832, 0.3626279889688094, -1.1660402951017529e-16]}, {"color": "CVGreen", "id_name": "object107643047431199", "shape": "CVSphere", "id_string": "ob1395", "world_size": [0.04, 0.04, 0.04], "id": 1395, "camera_size": [20, 20], "camera_position": [234, 270], "world_position": [0.6635160535475905, 0.6599548897542657, -0.20221039982998182], "world_orientation": [0.9710912405079735, 0.0005775278847428575, 0.23870791580973522, -0.0008596264006810616, 0.9999990498345855, 0.0010776698834737584, -0.23870706661332114, -0.0012517154104822157, 0.9710908142688791], "world_rotation": [-0.004879082348698873, 0.9999835663892287, -0.0030102336975178453, 0.24103868695301728]}, {"color": "CVYellow", "id_name": "object234981033731527", "shape": "CVBox", "id_string": "ob1402", "world_size": [0.04, 0.04, 0.04], "id": 1402, "camera_size": [22, 24], "camera_position": [313, 142], "world_position": [0.9891942205425133, 0.6199874428350208, -0.003048596806074691], "world_orientation": [2.1697552782251606e-10, 0.9027042594566914, 0.4302615715570546, -1.0, 2.774816487693954e-10, -7.787900879741017e-11, -1.896913737198247e-10, -0.4302615715570546, 0.9027042594566915], "world_rotation": [-0.21538580437720217, 0.21538580451114595, -0.9524798740592224, 1.6194634057486716]}, {"color": "CVRed", "id_name": "object62375000979043", "shape": "CVSphere", "id_string": "ob1409", "world_size": [0.04, 0.04, 0.04], "id": 1409, "camera_size": [18, 19], "camera_position": [276, 277], "world_position": [0.6480975936435235, 0.6599748485100804, -0.09890848300524123], "world_orientation": [0.9914009426658981, -0.00036458428305297894, 0.13085884746347573, 0.00034437821774923146, 0.9999999250300815, 0.00017704088381491492, -0.13085890219932228, -0.00013045356243831973, 0.9914009938955359], "world_rotation": [-0.0011749035219063046, 0.9999956408025021, 0.002708870190149836, 0.13123583002442324]}, {"color": "CVRed", "id_name": "object25795825111072", "shape": "CVSphere", "id_string": "ob1416", "world_size": [0.04, 0.04, 0.04], "id": 1416, "camera_size": [19, 20], "camera_position": [229, 255], "world_position": [0.7016014308262506, 0.6599707704866725, -0.2167964291008338], "world_orientation": [0.9766853339093143, 0.00023248822719068574, 0.2146758125073147, -0.00018934876043138452, 0.9999999575389229, -0.00022151568663620797, -0.2146758548917378, 0.00017570252337557535, 0.9766853364595605], "world_rotation": [0.0009251573441133757, 0.9999990893916306, -0.0009824967166174087, 0.2163601133442573]}, {"color": "CVPurple", "id_name": "object48097038911262", "shape": "CVBox", "id_string": "ob1423", "world_size": [0.04, 0.04, 0.04], "id": 1423, "camera_size": [26, 25], "camera_position": [260, 211], "world_position": [0.8125405745862843, 0.6585135889180685, -0.1398072221291978], "world_orientation": [0.6738950599337458, -0.0600108767227774, -0.7363858654753341, 0.1929841675675899, 0.9763917547642599, 0.09703737577147215, 0.7131777893801361, -0.20750382141862622, 0.6695667291850225], "world_rotation": [0.20266808708031359, 0.9646651938762978, -0.16836481284048435, -0.85007503468108]}, {"color": "CVYellow", "id_name": "object261475144088033", "shape": "CVBox", "id_string": "ob1430", "world_size": [0.04, 0.04, 0.04], "id": 1430, "camera_size": [18, 17], "camera_position": [278, 260], "world_position": [0.6904789888447282, 0.6599648397964833, -0.09504412703460412], "world_orientation": [0.9973065739924949, 0.0005292951792766182, 0.07334382944710428, -0.000540163091363853, 0.9999998458760525, 0.00012834214434510806, -0.07334375021218548, -0.000167614093922281, 0.9973067061893889], "world_rotation": [-0.00201753803031161, 0.999971388572656, -0.007290512764589993, 0.07341181023069229]}, {"color": "CVRed", "id_name": "object125850691425384", "shape": "CVBox", "id_string": "ob1437", "world_size": [0.04, 0.04, 0.04], "id": 1437, "camera_size": [16, 16], "camera_position": [233, 237], "world_position": [0.745455058065996, 0.6599782828820457, -0.2060285098235406], "world_orientation": [0.9999604365537643, 0.00036585329194239037, -0.008887715036722954, -0.00036711451906108777, 0.9999999227748165, -0.00014027576841711017, 0.008887663030015874, 0.0001435330278555449, 0.9999604936416913], "world_rotation": [-0.015950813682890606, 0.9990238054958042, 0.0411947520387659, -0.00889649097985779]}, {"color": "CVYellow", "id_name": "object228766117332117", "shape": "CVSphere", "id_string": "ob1444", "world_size": [0.04, 0.04, 0.04], "id": 1444, "camera_size": [20, 21], "camera_position": [235, 192], "world_position": [0.8628081046901879, 0.6199874431993814, -0.2017644486745462], "world_orientation": [-0.24823622555669528, -4.4790507145304373e-10, 0.9686995283994749, 1.923875730265901e-10, -1.0, -4.1307701175621477e-10, 0.9686995283994752, 8.382507299817586e-11, 0.248236225556696], "world_rotation": [-0.6130920707541831, 1.041921395721746e-10, -0.7900114637005896, -3.1415926531845506]}, {"color": "CVRed", "id_name": "object174109094741451", "shape": "CVSphere", "id_string": "ob1451", "world_size": [0.04, 0.04, 0.04], "id": 1451, "camera_size": [18, 18], "camera_position": [274, 234], "world_position": [0.7513843439930089, 0.6999431517028624, -0.10439753720150882], "world_orientation": [0.9975894294293329, 0.0004966981748307389, -0.06939080329396113, -0.000547670827101884, 0.999999594021674, -0.0007155509431310396, 0.06939041970995151, 0.0007518293757189823, 0.9975892964567468], "world_rotation": [-0.010572444388649066, 0.9999157979353658, 0.007524656731674565, -0.06945227657881925]}, {"color": "CVYellow", "id_name": "object121703793592973", "shape": "CVCapsule", "id_string": "ob1458", "world_size": [0.04, 0.08, 0.04], "id": 1458, "camera_size": [35, 36], "camera_position": [224, 277], "world_position": [0.6479876604144296, 0.6999554278215031, -0.2272159956650046], "world_orientation": [0.652101714983724, -0.7581314570162834, -0.00021725020941176787, 0.00021838359305181854, -9.871887906331978e-05, 0.9999999712815943, -0.7581314566906536, -0.6521017437002836, 0.0001011887212503948], "world_rotation": [-0.8388390804785812, 0.38482379763969454, 0.3850449867638998, 1.7456336139034192]}, {"color": "CVGreen", "id_name": "object213225763897595", "shape": "CVSphere", "id_string": "ob1465", "world_size": [0.04, 0.04, 0.04], "id": 1465, "camera_size": [17, 17], "camera_position": [307, 276], "world_position": [0.6485044969911714, 0.6199874431818527, -0.020460469539031998], "world_orientation": [-0.023474777363980404, -0.9997244294442902, 5.598806418483093e-10, -2.1363005808794355e-10, 5.650514500743498e-10, 1.0, -0.9997244294442902, 0.023474777363980515, -2.2683555034319625e-10], "world_rotation": [-0.568314265435037, 0.5818156478760519, 0.5818156474258872, 2.1080021389110417]}, {"color": "CVPurple", "id_name": "object187065740410776", "shape": "CVSphere", "id_string": "ob1472", "world_size": [0.04, 0.04, 0.04], "id": 1472, "camera_size": [18, 18], "camera_position": [174, 202], "world_position": [0.8367450695815034, 0.6199874431199969, -0.35787059466876947], "world_orientation": [-2.6224822313736245e-10, 0.025564338822915318, 0.9996731788842528, -1.0, 4.671174558268377e-10, -2.7427932147716666e-10, -4.739765802064256e-10, -0.9996731788842528, 0.025564338822915318], "world_rotation": [-0.572366615752314, 0.5723666161807307, -0.5871906963279161, 2.0796973547750026]}, {"color": "CVBlue", "id_name": "object139858308287227", "shape": "CVBox", "id_string": "ob1479", "world_size": [0.04, 0.04, 0.04], "id": 1479, "camera_size": [20, 20], "camera_position": [278, 258], "world_position": [0.6937650910736406, 0.69995664887154, -0.0947151288435795], "world_orientation": [0.0005752849556672214, -0.19166906590405852, 0.981459442984113, 0.9999998094763867, 0.00032993251721846756, -0.0005217199674785733, -0.00022381780574148863, 0.9814595561305621, 0.19166921919178898], "world_rotation": [0.5366687830735509, 0.5365059128471277, 0.6512664759945993, 1.9863677482897137]}], "source": "manual check"}
