{"timestamp": 1721660845.881651, "objects": [{"color": "cv_", "id_name": "hand", "shape": "CVBox", "id_string": "ob383", "world_size": [0.005, 0.09, 0.5], "id": 383, "camera_size": [3, 207], "camera_position": [246, 271], "world_position": [0.6637648370271412, 0.6659251497555803, -0.17408695959715334], "world_orientation": [-3.5519065763312356e-06, -0.0016620161918667877, 0.9999986188438271, -0.0007637639161223753, -0.999998327178327, -0.00166201841993489, 0.9999997083259898, -0.0007637687645796795, 2.2825126396281537e-06], "world_rotation": [0.0, 1.0, 0.0, 0.0]}, {"color": "CVBlue", "id_name": "object151524542372204", "shape": "CVCapsule", "id_string": "ob5035", "world_size": [0.04, 0.08, 0.04], "id": 5035, "camera_size": [16, 16], "camera_position": [255, 244], "world_position": [0.7291116714367594, 0.6399700688392777, -0.15065417877029638], "world_orientation": [0.9999970113184757, 0.0002988811262715551, 0.0024265251263180794, -0.00029861522372767827, 0.9999999493707219, -0.00010994317538838441, -0.0024265578634049497, 0.00010921824945978189, 0.9999970499398034], "world_rotation": [0.04477584980033271, 0.9915107787190776, -0.12207169597636669, 0.0024473197560616732]}, {"color": "CVPurple", "id_name": "object36949631447353", "shape": "CVCylinder", "id_string": "ob5042", "world_size": [0.04, 0.04, 0.04], "id": 5042, "camera_size": [17, 17], "camera_position": [219, 295], "world_position": [0.6003848802058366, 0.6199874431872273, -0.2436465182483953], "world_orientation": [0.9988771786087399, 5.884456240547877e-10, -0.047374909547602796, -5.848726670611295e-10, 1.0, 8.928068835989795e-11, 0.047374909547602796, -6.147215239429564e-11, 0.9988771786087399], "world_rotation": [1.5910620431128799e-09, 0.9999999999999999, 1.2383330145854471e-08, -0.047392648702302434]}, {"color": "CVRed", "id_name": "object128783310407902", "shape": "CVCone", "id_string": "ob5049", "world_size": [0.04, 0.04, 0.04], "id": 5049, "camera_size": [17, 18], "camera_position": [236, 296], "world_position": [0.597524226868734, 0.6199874431944049, -0.20162663350388396], "world_orientation": [0.9969627625718498, 6.429396755156489e-10, -0.07787971523513568, -6.971582421130378e-10, 1.0, -6.689948895395196e-10, 0.07787971523513568, 7.212574785913605e-10, 0.9969627625718498], "world_rotation": [-8.925638492214615e-09, 0.9999999999999999, 8.603639045049417e-09, -0.07795865754541609]}, {"color": "CVYellow", "id_name": "object57592898098314", "shape": "CVCone", "id_string": "ob5056", "world_size": [0.04, 0.04, 0.04], "id": 5056, "camera_size": [16, 17], "camera_position": [255, 308], "world_position": [0.566277266893233, 0.6199874431869561, -0.15117369484214385], "world_orientation": [9.77455791983567e-12, -0.9999994906710158, 0.0010092857421523998, 1.0, 1.0399691779195964e-11, 6.193771856077141e-10, -6.193873664829542e-10, 0.0010092857421523998, 0.9999994906710158], "world_rotation": [0.0005046425613876234, 0.0005046431807698994, 0.9999997453355401, 1.5707965814493017]}, {"color": "CVYellow", "id_name": "object126604299514092", "shape": "CVSphere", "id_string": "ob5063", "world_size": [0.04, 0.04, 0.04], "id": 5063, "camera_size": [16, 17], "camera_position": [271, 295], "world_position": [0.599921546650898, 0.6199874431931761, -0.11007499047948445], "world_orientation": [0.9999928492154401, -3.448545544940889e-10, 0.003781734785279222, 3.438223921618771e-10, 1.0, 2.735836833657122e-10, -0.003781734785279222, -2.7228148192734183e-10, 0.9999928492154401], "world_rotation": [-7.217126481448206e-08, 0.9999999999999932, 9.105304651937846e-08, 0.0037817437994286016]}, {"color": "CVRed", "id_name": "object152307272553921", "shape": "CVSphere", "id_string": "ob5070", "world_size": [0.04, 0.04, 0.04], "id": 5070, "camera_size": [17, 17], "camera_position": [290, 295], "world_position": [0.6006228847974768, 0.6199874431881517, -0.06446307484065072], "world_orientation": [0.9996398227747024, 2.124907306239895e-10, 0.026837002868455372, -2.076041943506073e-10, 1.0, -1.8486828057446108e-10, -0.026837002868455372, 1.7923022087082725e-10, 0.9996398227747024], "world_rotation": [6.783516461021348e-09, 1.0, -7.826785409565664e-09, 0.026840225358469975]}, {"color": "CVGreen", "id_name": "object176541414318867", "shape": "CVSphere", "id_string": "ob5077", "world_size": [0.04, 0.04, 0.04], "id": 5077, "camera_size": [17, 17], "camera_position": [219, 278], "world_position": [0.6446662425275084, 0.619987443185643, -0.24512247107488916], "world_orientation": [0.9996938645638611, -4.2806867253319107e-10, -0.02474221399496423, 4.370700375008072e-10, 1.0, 3.583980941587797e-10, 0.02474221399496423, -3.691024562005435e-10, 0.9996938645638611], "world_rotation": [1.470160573559405e-08, 0.9999999999999997, -1.7483049621389565e-08, -0.024744739127004034]}, {"color": "CVBlue", "id_name": "object134522059187521", "shape": "CVCylinder", "id_string": "ob5084", "world_size": [0.04, 0.04, 0.04], "id": 5084, "camera_size": [17, 16], "camera_position": [236, 276], "world_position": [0.6473531519970145, 0.6199848202276622, -0.2012874033814888], "world_orientation": [0.9999261052129286, 0.0010954522644423341, -0.012107191996495436, -0.00110399266589745, 0.9999991464822198, -0.000698738166750024, 0.01210641622848478, 0.0007120527848107226, 0.9999264611294846], "world_rotation": [-0.057928051924038985, 0.9942274955571935, 0.09031072958600646, -0.012177397416014162]}, {"color": "CVRed", "id_name": "object243199676061498", "shape": "CVSphere", "id_string": "ob5091", "world_size": [0.04, 0.04, 0.04], "id": 5091, "camera_size": [16, 17], "camera_position": [255, 276], "world_position": [0.6489907708456263, 0.6199813348729385, -0.15105964644915632], "world_orientation": [0.9999992670012869, 0.000235960593412474, -0.0011875687295035998, -0.00023657338619708973, 0.9999998389441508, -0.000515892145229173, 0.0011874468080219861, 0.0005161727142365709, 0.9999991617675523], "world_rotation": [-0.3920732070571441, 0.9022494565799245, 0.1795118893253493, -0.0013161638424422058]}, {"color": "CVPurple", "id_name": "object38778612748432", "shape": "CVSphere", "id_string": "ob5098", "world_size": [0.04, 0.04, 0.04], "id": 5098, "camera_size": [16, 16], "camera_position": [271, 277], "world_position": [0.6446979597580393, 0.6199724772633679, -0.10970574084814455], "world_orientation": [0.9998991811033646, -0.00023830630182227405, -0.014197564542109423, 0.0002365029105082705, 0.9999999637513403, -0.0001287000057501791, 0.01419759469748915, 0.0001253292650212646, 0.9998992012184934], "world_rotation": [-0.008944609221618483, 0.9998202270649112, -0.016718478332137996, -0.014200609690608974]}, {"color": "CVGreen", "id_name": "object258499144610375", "shape": "CVSphere", "id_string": "ob5105", "world_size": [0.04, 0.04, 0.04], "id": 5105, "camera_size": [16, 16], "camera_position": [289, 277], "world_position": [0.6449937476023562, 0.6199799305351872, -0.06498990227459911], "world_orientation": [0.9999999774802805, -0.00020863272139807207, -3.8882208691240414e-05, 0.00020861579620529207, 0.9999998837181542, -0.0004347909011824471, 3.8972915778868535e-05, 0.00043478277994815623, 0.9999999047225185], "world_rotation": [-0.8986594251685251, 0.08045924447916201, -0.43120476288373505, -0.00048381716738371935]}, {"color": "CVPurple", "id_name": "object168682737487405", "shape": "CVSphere", "id_string": "ob5112", "world_size": [0.04, 0.04, 0.04], "id": 5112, "camera_size": [17, 15], "camera_position": [219, 260], "world_position": [0.690023391974079, 0.6199799399033696, -0.24500176268997256], "world_orientation": [0.9999999589300489, 0.0002865381412534022, 5.982828960436644e-06, -0.000286538462557996, 0.9999999575020944, 5.3772846681951925e-05, -5.967420734659484e-06, -5.377455878411374e-05, 0.9999999985363434], "world_rotation": [-0.1844080994915646, 0.020490711283757235, -0.9826361399790845, 0.0002916016359550909]}, {"color": "CVYellow", "id_name": "object48152674568006", "shape": "CVCapsule", "id_string": "ob5119", "world_size": [0.04, 0.08, 0.04], "id": 5119, "camera_size": [18, 21], "camera_position": [236, 254], "world_position": [0.7048703543738222, 0.6420779422651793, -0.19850536661331883], "world_orientation": [0.9886636673021868, 0.12303556191833191, 0.08606046397755003, -0.12356710824490084, 0.9923358484657411, 0.0008565102282285426, -0.08529550232329852, -0.011481043211242626, 0.9962895477371014], "world_rotation": [-0.041050452370222486, 0.570148690135112, -0.8205152841339496, 0.15084445414796083]}, {"color": "CVYellow", "id_name": "object110493875459010", "shape": "CVCylinder", "id_string": "ob5126", "world_size": [0.04, 0.04, 0.04], "id": 5126, "camera_size": [16, 16], "camera_position": [255, 260], "world_position": [0.6891017211717491, 0.619982247478111, -0.15155588006271348], "world_orientation": [0.9999974430465791, -0.00018856835470123807, 0.002253517756610397, 0.00018894902189570953, 0.9999999679176662, -0.00016870961376885645, -0.002253485871017998, 0.00016913498236216566, 0.9999974465941335], "world_rotation": [0.07449078914519362, 0.9937416810777919, 0.08323817406220652, 0.002267695708193502]}, {"color": "CVBlue", "id_name": "object190685305794264", "shape": "CVBox", "id_string": "ob5133", "world_size": [0.04, 0.04, 0.04], "id": 5133, "camera_size": [16, 15], "camera_position": [271, 260], "world_position": [0.6899717137842867, 0.6199733162399451, -0.1098641557858032], "world_orientation": [0.9999989569646324, -4.877026572264708e-05, -0.001443499604625504, 4.8474159089962263e-05, 0.9999999777787164, -0.0002051653552762535, 0.0014435095785179828, 0.00020509516885205444, 0.9999989371074695], "world_rotation": [-0.14061408207514656, 0.9895033091296861, -0.033329883641630066, -0.0014588178637223996]}, {"color": "CVGreen", "id_name": "object202595260468079", "shape": "CVCylinder", "id_string": "ob5140", "world_size": [0.04, 0.04, 0.04], "id": 5140, "camera_size": [16, 15], "camera_position": [289, 260], "world_position": [0.690000987328789, 0.6199759314627503, -0.06502896910692736], "world_orientation": [0.9999999974038574, -5.781496579318662e-05, -4.300831740752976e-05, 5.783349317551162e-05, 0.9999999054861011, 0.00043090959194643966, 4.298340031933512e-05, -0.0004309120781489675, 0.9999999062335997], "world_rotation": [0.9863050548618633, 0.09841254729748448, -0.13235297234424892, -0.00043689408934085785]}, {"color": "CVYellow", "id_name": "object153750571843473", "shape": "CVCone", "id_string": "ob5147", "world_size": [0.04, 0.04, 0.04], "id": 5147, "camera_size": [17, 16], "camera_position": [219, 242], "world_position": [0.7349836737765334, 0.6199874431923439, -0.24505116760285747], "world_orientation": [0.9999968538035541, 5.117656212883271e-10, -0.0025084622767068267, -5.09626047812831e-10, 1.0, 8.535814466945059e-10, 0.0025084622767068275, -8.523003834434099e-10, 0.9999968538035541], "world_rotation": [3.400254103835492e-07, 0.9999999999999215, 2.0358920255360327e-07, -0.0025084649074153674]}, {"color": "CVPurple", "id_name": "object221359200670071", "shape": "CVCone", "id_string": "ob5154", "world_size": [0.04, 0.04, 0.04], "id": 5154, "camera_size": [18, 18], "camera_position": [236, 238], "world_position": [0.7439784377017588, 0.6209979466975912, -0.19939898503761577], "world_orientation": [0.9951666428175211, 0.05254912202916183, 0.08295747583713622, -0.0527582995962427, 0.998607256637237, 0.0003298714364312269, -0.08282460290890555, -0.004704972413918401, 0.9965530334044277], "world_rotation": [-0.02562711189360714, 0.8438227695352614, -0.5360096871790974, 0.09839143542695263]}, {"color": "CVPurple", "id_name": "object205842188372325", "shape": "CVCone", "id_string": "ob5161", "world_size": [0.04, 0.04, 0.04], "id": 5161, "camera_size": [17, 17], "camera_position": [256, 224], "world_position": [0.7806909697941954, 0.6199874431069571, -0.15055917729512608], "world_orientation": [0.9985556492015624, -2.864965509498369e-10, -0.0537272319000929, 3.088971120507825e-10, 1.0, 4.086271437051717e-10, 0.0537272319000929, -4.24633129536319e-10, 0.9985556492015624], "world_rotation": [7.754543122479848e-09, 0.9999999999999999, -5.540892783270208e-09, -0.05375311384385025]}, {"color": "CVBlue", "id_name": "object42717518129437", "shape": "CVCapsule", "id_string": "ob5168", "world_size": [0.04, 0.08, 0.04], "id": 5168, "camera_size": [17, 17], "camera_position": [272, 242], "world_position": [0.7355418843139514, 0.6399637575752104, -0.11010615784412467], "world_orientation": [0.9996424445922311, -6.268593962299444e-05, -0.026739091984234794, 5.533040477144509e-05, 0.9999999604294952, -0.000275825224761729, 0.02673910821651881, 0.00027424711717830805, 0.9996424085043132], "world_rotation": [-0.010285348125350445, 0.99994466953566, -0.0022066900915196, -0.026743767541870175]}, {"color": "CVRed", "id_name": "object150001115875139", "shape": "CVCylinder", "id_string": "ob5175", "world_size": [0.04, 0.04, 0.04], "id": 5175, "camera_size": [16, 16], "camera_position": [289, 242], "world_position": [0.735, 0.6199874431539305, -0.065], "world_orientation": [1.0, 4.228388472693457e-17, -1.6957377686420176e-17, -4.228388472693457e-17, 1.0, 1.0733601507606494e-16, 1.6957377686420176e-17, -1.0733601507606494e-16, 1.0], "world_rotation": [0.92051720276698, 0.14542702990328832, 0.3626279889688094, -1.1660402951017529e-16]}, {"color": "CVBlue", "id_name": "object152040924267233", "shape": "CVCapsule", "id_string": "ob5182", "world_size": [0.04, 0.08, 0.04], "id": 5182, "camera_size": [18, 21], "camera_position": [218, 222], "world_position": [0.7840753371503202, 0.6416729263280238, -0.2448823995401345], "world_orientation": [0.995386356597495, 0.09556994183486646, 0.008508073650643773, -0.09557701014672175, 0.9954219470476943, 0.00042716178523393637, -0.008428299411980124, -0.0012383672547183293, 0.9999637144494616], "world_rotation": [-0.008679013882563587, 0.08825485080404337, -0.9960601166734779, 0.09609935979893637]}, {"color": "CVYellow", "id_name": "object14797389925245", "shape": "CVCone", "id_string": "ob5189", "world_size": [0.04, 0.04, 0.04], "id": 5189, "camera_size": [16, 18], "camera_position": [236, 222], "world_position": [0.785661378978351, 0.6199756570696455, -0.19960155337128488], "world_orientation": [0.9988358877186522, 0.0009667574059179275, 0.04822794610399768, -0.0009678314891185267, 0.9999995316504106, -1.0808783275224857e-06, -0.04822792456140604, -4.5596904831175055e-05, 0.9988363555725341], "world_rotation": [-0.0004614241764497534, 0.9997988181149995, -0.02005269018311395, 0.04825636660597103]}, {"color": "CVGreen", "id_name": "object109547631144274", "shape": "CVSphere", "id_string": "ob5196", "world_size": [0.04, 0.04, 0.04], "id": 5196, "camera_size": [22, 24], "camera_position": [263, 165], "world_position": [0.9302346081527862, 0.6199874431766209, -0.1315364024544162], "world_orientation": [-3.7759631532630077e-10, 0.5593627369351412, -0.8289229931232626, -1.0, -5.334933883549554e-10, 9.552147961500172e-11, -3.887936639301871e-10, 0.8289229931232625, 0.559362736935141], "world_rotation": [-0.4249022116903557, 0.42490221154002566, 0.799322351200715, -1.7929374439060202]}, {"color": "CVYellow", "id_name": "object151682016830372", "shape": "CVCapsule", "id_string": "ob5203", "world_size": [0.04, 0.08, 0.04], "id": 5203, "camera_size": [18, 19], "camera_position": [272, 224], "world_position": [0.779770572295431, 0.6399748863894201, -0.10864961899779006], "world_orientation": [0.9977148333672063, 4.5821964287830076e-11, -0.06756560722029907, -8.335661804740892e-12, 1.0, 5.550952977751102e-10, 0.06756560722029907, -5.532636084711936e-10, 0.9977148333672063], "world_rotation": [8.202093874717032e-09, 1.0, 4.0077806091484457e-10, -0.06761712053369197]}, {"color": "CVRed", "id_name": "object98554368076381", "shape": "CVCylinder", "id_string": "ob5210", "world_size": [0.04, 0.04, 0.04], "id": 5210, "camera_size": [16, 16], "camera_position": [289, 224], "world_position": [0.78, 0.6199874431539305, -0.065], "world_orientation": [1.0, 4.228388472693457e-17, -1.6957377686420176e-17, -4.228388472693457e-17, 1.0, 1.0733601507606494e-16, 1.6957377686420176e-17, -1.0733601507606494e-16, 1.0], "world_rotation": [0.92051720276698, 0.14542702990328832, 0.3626279889688094, -1.1660402951017529e-16]}, {"color": "CVPurple", "id_name": "object248939916646563", "shape": "CVCylinder", "id_string": "ob5217", "world_size": [0.04, 0.04, 0.04], "id": 5217, "camera_size": [19, 20], "camera_position": [233, 269], "world_position": [0.6658874487083632, 0.6611995057252241, -0.20623640427529738], "world_orientation": [0.9874160718567075, 0.1255121866017996, 0.0962091058762347, -0.1199814316436488, 0.9908826864252817, -0.06128586952436461, -0.10302406078101335, 0.04897134628588482, 0.9934726217380819], "world_rotation": [0.32928358164636345, 0.595010586994588, -0.7331675962714791, 0.1682119961130355]}, {"color": "CVGreen", "id_name": "object235988108282123", "shape": "CVSphere", "id_string": "ob5224", "world_size": [0.04, 0.04, 0.04], "id": 5224, "camera_size": [16, 16], "camera_position": [255, 292], "world_position": [0.607247612410671, 0.6199874431882831, -0.1511240320270445], "world_orientation": [0.9999564784778484, 3.146317561028899e-12, -0.009329584673533698, 2.1700009928164033e-12, 1.0, 5.698243060244775e-10, 0.009329584673533698, -5.698197516113243e-10, 0.9999564784778484], "world_rotation": [6.107689128267193e-08, 0.9999999999999981, 5.232368869442409e-11, -0.00932972002179862]}, {"color": "CVBlue", "id_name": "object252729018575997", "shape": "CVSphere", "id_string": "ob5231", "world_size": [0.04, 0.04, 0.04], "id": 5231, "camera_size": [17, 18], "camera_position": [272, 279], "world_position": [0.64152846310433, 0.659961681192135, -0.11022559090870361], "world_orientation": [0.9991730303534461, -0.00016558383593430495, 0.04065990649651048, 0.0001712351990618804, 0.9999999761579835, -0.00013550844648044843, -0.04065988308908795, 0.00014235879229112456, 0.9991730348849273], "world_rotation": [0.0034169202191531413, 0.9999855847732163, 0.004141847653440804, 0.04067169309054119]}, {"color": "CVPurple", "id_name": "object72775609215751", "shape": "CVSphere", "id_string": "ob5238", "world_size": [0.04, 0.04, 0.04], "id": 5238, "camera_size": [19, 21], "camera_position": [233, 255], "world_position": [0.7015409141674144, 0.7028649273749685, -0.20502133270989087], "world_orientation": [0.9832806476244335, 0.12287386381105263, 0.13439189558681608, -0.12331869007556236, 0.992354314071755, -0.005041430473982264, -0.1339838374033308, -0.011615891499127043, 0.9909154365430778], "world_rotation": [-0.018049209711243946, 0.7367858547828717, -0.6758852197086963, 0.1831481900220608]}, {"color": "CVYellow", "id_name": "object79625745256036", "shape": "CVCone", "id_string": "ob5245", "world_size": [0.04, 0.04, 0.04], "id": 5245, "camera_size": [18, 18], "camera_position": [256, 263], "world_position": [0.6814603789239475, 0.6599743353622931, -0.14864910972799347], "world_orientation": [-0.00013737439921739008, -0.9869347649756017, -0.16112029918923454, 0.9999998858845278, -6.185769487353396e-05, -0.00047371358154728316, 0.00045755787196494213, -0.16112034587903415, 0.9869346608487384], "world_rotation": [0.08032508280641772, 0.08079070542910728, -0.993489176080147, -1.5774286610411616]}, {"color": "CVRed", "id_name": "object226496234331831", "shape": "CVBox", "id_string": "ob5252", "world_size": [0.04, 0.04, 0.04], "id": 5252, "camera_size": [17, 17], "camera_position": [277, 262], "world_position": [0.6851244415913301, 0.6599625846127778, -0.0982795336589895], "world_orientation": [0.9999751607265759, -9.70225577335363e-05, -0.007047589409294361, 9.674417917676821e-05, 0.9999999945266401, -3.984072631665486e-05, 0.0070475932361695375, 3.9157923449384334e-05, 0.9999751646397197], "world_rotation": [-0.005604038473939148, 0.9998898218680206, -0.013745503902040103, -0.007048426259932388]}, {"color": "CVYellow", "id_name": "object234094540358981", "shape": "CVCylinder", "id_string": "ob5259", "world_size": [0.04, 0.04, 0.04], "id": 5259, "camera_size": [19, 20], "camera_position": [234, 236], "world_position": [0.7486079224435858, 0.6617838298982148, -0.20437463024400382], "world_orientation": [0.9863090855164671, 0.09407806657644688, 0.13543893538014823, -0.09492386325532035, 0.99548451237133, -0.0002140408854011686, -0.1348474990956658, -0.01264527651152822, 0.9907856725698002], "world_rotation": [-0.0376650466499969, 0.8189331671902795, -0.5726515624151839, 0.16578183759031206]}, {"color": "CVGreen", "id_name": "object183455142134076", "shape": "CVCapsule", "id_string": "ob5266", "world_size": [0.04, 0.08, 0.04], "id": 5266, "camera_size": [31, 38], "camera_position": [264, 134], "world_position": [1.0093516947447545, 0.6199748863832089, -0.13027263568341038], "world_orientation": [-2.123661385633468e-10, 0.8411547580731802, 0.5407944831179861, -1.0, 1.2529338677680357e-10, -5.875749886641298e-10, -5.619993359573526e-10, -0.5407944831179863, 0.8411547580731802], "world_rotation": [-0.2712541237915684, 0.27125412436817703, -0.9234946671959304, 1.6503026847373095]}, {"color": "CVPurple", "id_name": "object195630936876966", "shape": "CVCone", "id_string": "ob5273", "world_size": [0.04, 0.04, 0.04], "id": 5273, "camera_size": [20, 20], "camera_position": [272, 241], "world_position": [0.7353757530600965, 0.6999580654748916, -0.10978010429562807], "world_orientation": [0.9675323976805239, -1.6719729549207182e-05, -0.25274702601420956, -6.912043257579197e-05, 0.9999999429135211, -0.00033074963441432465, 0.2527470171158162, 0.0003374809705871953, 0.967532341291831], "world_rotation": [-0.001321934504713653, 0.9999991208712635, 0.00010366226402027488, -0.25551864019042997]}, {"color": "CVBlue", "id_name": "object149690144593525", "shape": "CVCapsule", "id_string": "ob5280", "world_size": [0.04, 0.08, 0.04], "id": 5280, "camera_size": [21, 35], "camera_position": [288, 350], "world_position": [0.46024571437621314, 0.6199748863893627, -0.06877619768902474], "world_orientation": [1.4987022733947694e-10, 0.9851323313322937, -0.17179723444747305, 1.0, -5.312617012975805e-11, 5.677230491274444e-10, 5.501553379527734e-10, -0.171797234447473, -0.9851323313322938], "world_rotation": [0.7057865172781927, 0.7057865172060201, -0.061080145370781984, -3.0195839407886664]}, {"color": "CVYellow", "id_name": "object163900331825127", "shape": "CVCone", "id_string": "ob5287", "world_size": [0.04, 0.04, 0.04], "id": 5287, "camera_size": [19, 18], "camera_position": [295, 273], "world_position": [0.6569961074877277, 0.6599705503725151, -0.05294625551544487], "world_orientation": [0.9905792277012546, 0.0004082047152368655, 0.13694023154535845, 0.00034032670566466234, -0.999999807362519, 0.0005190882952054812, 0.13694041705982687, -0.0004675936646986185, -0.9905791758015335], "world_rotation": [0.9976420267624361, 0.00018757516388208452, 0.06863199875347328, -3.1410981465553816]}, {"color": "CVGreen", "id_name": "object143491619018842", "shape": "CVSphere", "id_string": "ob5294", "world_size": [0.04, 0.04, 0.04], "id": 5294, "camera_size": [17, 18], "camera_position": [214, 158], "world_position": [0.9488554470942472, 0.6199874431799015, -0.25744138823567514], "world_orientation": [-0.02363263842111063, -4.955792295542534e-10, 0.9997207101992323, -2.796752941652211e-10, -1.0, -5.023289900201206e-10, 0.9997207101992323, -2.9146854309762134e-10, 0.023632638421110963], "world_rotation": [-0.6987014246367648, 2.7739120616596267e-10, -0.715413390432801, -3.1415926534388987]}, {"color": "CVBlue", "id_name": "object83784674167368", "shape": "CVBox", "id_string": "ob5301", "world_size": [0.04, 0.04, 0.04], "id": 5301, "camera_size": [24, 23], "camera_position": [264, 262], "world_position": [0.6850219302807661, 0.6999639077940316, -0.12922783367276994], "world_orientation": [-0.00020930627756557413, -0.7830517525940192, -0.6219565169288905, 0.9999999391063393, 9.78108956928292e-06, -0.00034884330052686874, 0.0002792457702584517, -0.6219565520707739, 0.7830517028638879], "world_rotation": [0.3126521352265989, 0.3129680296390043, -0.8968275501801491, -1.679584694417885]}], "source": "manual check"}
