{"timestamp": 1721660947.492132, "objects": [{"color": "cv_", "id_name": "hand", "shape": "CVBox", "id_string": "ob383", "world_size": [0.005, 0.09, 0.5], "id": 383, "camera_size": [3, 208], "camera_position": [246, 271], "world_position": [0.6631364416685908, 0.665695512185236, -0.1741099983376889], "world_orientation": [6.24540227295056e-06, -0.0016429617926763621, 0.9999986503178605, -0.0007650048224656636, -0.9999983577293756, -0.0016429565341942863, 0.9999997073642656, -0.0007649935290282223, -7.502265710454565e-06], "world_rotation": [0.0, 1.0, 0.0, 0.0]}, {"color": "CVYellow", "id_name": "object260997727064742", "shape": "CVCone", "id_string": "ob6127", "world_size": [0.04, 0.04, 0.04], "id": 6127, "camera_size": [17, 17], "camera_position": [256, 239], "world_position": [0.7429252446067636, 0.6200084650123345, -0.15050648006389006], "world_orientation": [0.9983212432235414, 0.002443300746491181, -0.05786817441448446, -0.0024757347682807375, 0.9999968159035811, -0.0004887944930342839, 0.05786679588468784, 0.0006312401773416791, 0.9983241134370533], "world_rotation": [-0.009668400815844769, 0.9990512890879361, 0.042462263215678815, -0.05795487417353494]}, {"color": "CVRed", "id_name": "object249519007382661", "shape": "CVBox", "id_string": "ob6134", "world_size": [0.04, 0.04, 0.04], "id": 6134, "camera_size": [18, 18], "camera_position": [217, 295], "world_position": [0.5996299235565905, 0.6199874431922447, -0.2478360326749975], "world_orientation": [0.9989998725760803, 5.204523930125612e-10, 0.044713024869443806, -5.279716831528793e-10, 1.0, 1.5635826923715686e-10, -0.044713024869443806, -1.7980910204331206e-10, 0.9989998725760803], "world_rotation": [-3.759166062484407e-09, 0.9999999999999998, -1.1723922494918446e-08, 0.044727937076049815]}, {"color": "CVGreen", "id_name": "object161857618485895", "shape": "CVCapsule", "id_string": "ob6141", "world_size": [0.04, 0.08, 0.04], "id": 6141, "camera_size": [28, 32], "camera_position": [230, 275], "world_position": [0.6525124384922399, 0.6448885055181789, -0.21379482588367768], "world_orientation": [0.8324296499562557, 0.32430952420875486, 0.4493152683597531, -0.37336728500902167, 0.9274148528550148, 0.02232848380216282, -0.40946031353318957, -0.18634651381606926, 0.8930941878827225], "world_rotation": [-0.18533017044752728, 0.7627028958187362, -0.6196265170500733, 0.5979891704022644]}, {"color": "CVPurple", "id_name": "object37242917252378", "shape": "CVCone", "id_string": "ob6148", "world_size": [0.04, 0.04, 0.04], "id": 6148, "camera_size": [17, 18], "camera_position": [256, 298], "world_position": [0.5910616101606877, 0.6199874431879941, -0.1502787513511676], "world_orientation": [0.998274460089295, -6.643006004839754e-12, -0.05872054438973294, -2.6907444666727276e-11, 1.0, -5.705672716439884e-10, 0.05872054438973294, 5.711627548439916e-10, 0.998274460089295], "world_rotation": [-9.721725491083892e-09, 1.0, 1.7254981942427871e-10, -0.05875434259992208]}, {"color": "CVBlue", "id_name": "object21389000183055", "shape": "CVCone", "id_string": "ob6155", "world_size": [0.04, 0.04, 0.04], "id": 6155, "camera_size": [18, 18], "camera_position": [272, 295], "world_position": [0.5982587199072168, 0.6199874077311042, -0.10825922429049153], "world_orientation": [0.9963745604639004, -4.89657547281685e-06, -0.0850748801726619, -8.889331311889507e-07, 0.9999999976898474, -6.79670169107484e-05, 0.08507488030893157, 6.779623248010686e-05, 0.9963745581577702], "world_rotation": [-0.0007979041860065727, 0.9999996813970179, -2.3553609793148298e-05, -0.0851778680489425]}, {"color": "CVRed", "id_name": "object147621800795433", "shape": "CVCapsule", "id_string": "ob6162", "world_size": [0.04, 0.08, 0.04], "id": 6162, "camera_size": [18, 18], "camera_position": [289, 295], "world_position": [0.5998338950712829, 0.6399748854492273, -0.06516601517929184], "world_orientation": [0.9999655298747536, -1.7981884074703635e-07, -0.008302955032468907, 1.7936811873834753e-07, 0.9999999999999826, -5.5029185201731404e-08, 0.008302955032478656, 5.353800291468076e-08, 0.9999655298747683], "world_rotation": [-6.537864390694423e-06, 0.9999999997446983, -2.1630067728228243e-05, -0.008303050437208945]}, {"color": "CVRed", "id_name": "object270114095703481", "shape": "CVSphere", "id_string": "ob6169", "world_size": [0.04, 0.04, 0.04], "id": 6169, "camera_size": [18, 17], "camera_position": [213, 276], "world_position": [0.6490342533190812, 0.6199908663559015, -0.25951330532134836], "world_orientation": [0.9969258270884953, -0.0003684781397118802, 0.07835023616926896, 0.00030179983636396664, 0.9999995821874995, 0.0008628682896211182, -0.07835052138166305, -0.0008365695948440053, 0.996925521767065], "world_rotation": [-0.010844379024845538, 0.9999320504129948, 0.004277148633096748, 0.07843610433730847]}, {"color": "CVBlue", "id_name": "object106686005759496", "shape": "CVCapsule", "id_string": "ob6176", "world_size": [0.04, 0.08, 0.04], "id": 6176, "camera_size": [18, 27], "camera_position": [235, 255], "world_position": [0.7017289673322953, 0.6443234631663237, -0.20102990185214065], "world_orientation": [0.9398492255883185, 0.3378514419331061, 0.05039678903222939, -0.33839792332667207, 0.9409998438373594, 0.002477778493159168, -0.04658624957252754, -0.019382906948813852, 0.9987262008523556], "world_rotation": [-0.031982605697456604, 0.1418880616195905, -0.9893659034465643, 0.3487879409126931]}, {"color": "CVBlue", "id_name": "object272493858190308", "shape": "CVCapsule", "id_string": "ob6183", "world_size": [0.04, 0.08, 0.04], "id": 6183, "camera_size": [21, 32], "camera_position": [258, 272], "world_position": [0.6595663320137276, 0.6446915127539501, -0.1460188237653614], "world_orientation": [0.863082130002304, 0.46936516235104364, -0.1865089307295079, -0.47406627404832324, 0.8802291346168603, 0.02139715825976287, 0.17421367535479523, 0.06995008894084209, 0.9822202300790502], "world_rotation": [-0.048014794127060896, 0.35672453598901305, 0.9329749112212822, -0.5300817360205964]}, {"color": "CVRed", "id_name": "object48882441640517", "shape": "CVCylinder", "id_string": "ob6190", "world_size": [0.04, 0.04, 0.04], "id": 6190, "camera_size": [17, 17], "camera_position": [274, 277], "world_position": [0.6463961584659895, 0.619974886110516, -0.10402721246923202], "world_orientation": [0.9977143854897662, -0.0001662645328434725, -0.06757201597468643, 0.00016572807978548025, 0.9999999861753726, -1.3544678964451557e-05, 0.0675720172925282, 2.315140594955282e-06, 0.9977143992514385], "world_rotation": [-0.00011735458245212432, 0.9999969757261937, -0.0024565761474349183, -0.06762374945356925]}, {"color": "CVYellow", "id_name": "object18472183438835", "shape": "CVSphere", "id_string": "ob6197", "world_size": [0.04, 0.04, 0.04], "id": 6197, "camera_size": [18, 18], "camera_position": [290, 278], "world_position": [0.6432266221905742, 0.6199874431896583, -0.062144609326150776], "world_orientation": [0.9902956550835347, 5.129087914629471e-10, -0.1389766725845502, -5.186012415929214e-10, 1.0, -4.7473061138941815e-12, 0.1389766725845502, 7.677471157274191e-11, 0.9902956550835347], "world_rotation": [-2.9329388943687647e-10, 1.0, 3.7110905516475134e-09, -0.1394279841334228]}, {"color": "CVBlue", "id_name": "object253921423208464", "shape": "CVSphere", "id_string": "ob6204", "world_size": [0.04, 0.04, 0.04], "id": 6204, "camera_size": [16, 16], "camera_position": [218, 259], "world_position": [0.6907066772476953, 0.6199874431584613, -0.24552131557027893], "world_orientation": [0.9999787228157427, 6.8610182201275685e-09, -0.006523336247378908, -6.8517375796412395e-09, 1.0, 1.4450314703749964e-09, 0.006523336247378919, -1.4003045360633598e-09, 0.9999787228157427], "world_rotation": [2.1808901906443785e-07, 0.9999999999994238, 1.0510538840666625e-06, -0.006523382513852209]}, {"color": "CVPurple", "id_name": "object223459248638003", "shape": "CVSphere", "id_string": "ob6211", "world_size": [0.04, 0.04, 0.04], "id": 6211, "camera_size": [17, 21], "camera_position": [236, 241], "world_position": [0.7374763830097283, 0.6255034244032737, -0.2007635302328268], "world_orientation": [0.9402196076246877, 0.3368531023710961, 0.050170477983035214, -0.3372888104226705, 0.9414011921214281, 0.00023202589087602254, -0.04715238914135919, -0.017140096129312964, 0.9987406416597553], "world_rotation": [-0.025496536847321415, 0.1428378217030906, -0.9894176485690506, 0.3476359323907781]}, {"color": "CVGreen", "id_name": "object144601929868133", "shape": "CVSphere", "id_string": "ob6218", "world_size": [0.04, 0.04, 0.04], "id": 6218, "camera_size": [18, 18], "camera_position": [256, 255], "world_position": [0.701443282134468, 0.6199864250141011, -0.14922381597505377], "world_orientation": [0.9913870144565122, 0.00402864523896904, -0.13090285552478156, -0.003988278323294945, 0.9999918840276175, 0.0005705391417408814, 0.1309040916206183, -4.354807521418029e-05, 0.9913950357453613], "world_rotation": [0.002344467293253699, 0.9995287440967966, 0.030607077570250538, -0.13134249440223683]}, {"color": "CVRed", "id_name": "object17051901468886", "shape": "CVSphere", "id_string": "ob6225", "world_size": [0.04, 0.04, 0.04], "id": 6225, "camera_size": [18, 17], "camera_position": [273, 258], "world_position": [0.6945440271293492, 0.619987420606718, -0.10589114181933075], "world_orientation": [0.9946631547757403, -1.0589333252798743e-06, -0.10317561984524472, 1.0654472466983984e-06, 0.9999999999994326, 8.023158669889125e-09, 0.10317561984517766, -1.1790852040437412e-07, 0.994663154776304], "world_rotation": [6.102782772543298e-07, 0.9999999999468205, -1.0294973633559907e-05, -0.10335955667228215]}, {"color": "CVGreen", "id_name": "object167382074283045", "shape": "CVCone", "id_string": "ob6232", "world_size": [0.04, 0.04, 0.04], "id": 6232, "camera_size": [16, 16], "camera_position": [289, 260], "world_position": [0.6895843721761207, 0.619977243195936, -0.06457178211641942], "world_orientation": [0.9997625631695666, 0.00048679929732571857, -0.02178486426542278, -0.0004856581292672036, 0.9999998804049313, 5.7674124167086454e-05, 0.02178488973578356, -4.7080433780360274e-05, 0.99976268002093], "world_rotation": [0.002403689787864568, 0.9997481236569304, 0.022313931071210616, -0.021792090263722492]}, {"color": "CVBlue", "id_name": "object191450052328633", "shape": "CVCapsule", "id_string": "ob6239", "world_size": [0.04, 0.08, 0.04], "id": 6239, "camera_size": [17, 18], "camera_position": [218, 240], "world_position": [0.7382292494030862, 0.6403886992988073, -0.2452274539944078], "world_orientation": [0.9997483152668812, 0.022420024002430677, -0.0008053848540337744, -0.02241914259041617, 0.9997480682356523, 0.0010872463345876521, 0.0008295580409245253, -0.001068916653401355, 0.9999990846249035], "world_rotation": [0.047999275128449995, 0.03639616961777105, 0.9981840453665335, -0.022462259162670976]}, {"color": "CVYellow", "id_name": "object83789892215530", "shape": "CVCapsule", "id_string": "ob6246", "world_size": [0.04, 0.08, 0.04], "id": 6246, "camera_size": [19, 29], "camera_position": [236, 221], "world_position": [0.7872021709154668, 0.6443680616522226, -0.20001526857486865], "world_orientation": [0.9367815899311063, 0.34628402977213063, 0.050275476038748754, -0.3467820176022814, 0.9379448962327326, 0.0012664512069351964, -0.046717074328768135, -0.01862101919183536, 0.9987345856684936], "world_rotation": [-0.02840650952261358, 0.13854048556159126, -0.989949293689884, 0.3576258534730218]}, {"color": "CVBlue", "id_name": "object77608307486932", "shape": "CVCylinder", "id_string": "ob6253", "world_size": [0.04, 0.04, 0.04], "id": 6253, "camera_size": [16, 17], "camera_position": [255, 223], "world_position": [0.7833339971981989, 0.6199862185078495, -0.15099173255236892], "world_orientation": [0.9993081315278481, 0.0021016566424036666, -0.03713275241183111, -0.0021645551317162003, 0.9999962898808692, -0.001653761040283499, 0.037129139007020744, 0.0017329927449470314, 0.9993089731273023], "world_rotation": [-0.04548335194849121, 0.9973207259689724, 0.05729427762221661, -0.03723930338368093]}, {"color": "CVPurple", "id_name": "object149930583914867", "shape": "CVCone", "id_string": "ob6260", "world_size": [0.04, 0.04, 0.04], "id": 6260, "camera_size": [17, 17], "camera_position": [272, 241], "world_position": [0.7379537585450484, 0.6199830264586959, -0.10834675839937322], "world_orientation": [0.9988495892331513, 0.004528414324699358, -0.04773878457259873, -0.0047363084826489285, 0.9999797836202872, -0.00424260918313692, 0.047718607175003765, 0.004463834050175653, 0.9988508440777583], "world_rotation": [-0.09040929028635275, 0.9912469201505962, 0.0962065669373753, -0.048168783013687225]}, {"color": "CVRed", "id_name": "object132622755779894", "shape": "CVSphere", "id_string": "ob6267", "world_size": [0.04, 0.04, 0.04], "id": 6267, "camera_size": [18, 17], "camera_position": [289, 242], "world_position": [0.7356177057317467, 0.620355605372856, -0.06437272797428095], "world_orientation": [0.9995594099582209, 0.000493098208040453, -0.02967731150442701, -0.0010645910686720894, 0.9998142469151362, -0.01924417603785502, 0.029662309583545116, 0.01926729144630031, 0.9993742636622645], "world_rotation": [-0.5442671314184634, 0.8386230766796111, 0.0220141980989544, -0.03538658118706132]}, {"color": "CVRed", "id_name": "object34065746895087", "shape": "CVCapsule", "id_string": "ob6274", "world_size": [0.04, 0.08, 0.04], "id": 6274, "camera_size": [18, 17], "camera_position": [218, 224], "world_position": [0.7800022954650578, 0.6399729458631521, -0.24499498021444494], "world_orientation": [0.9999999984580603, 5.55300812341527e-05, 5.383080475563225e-07, -5.553001332918944e-05, 0.9999999906037834, -0.0001253349536730227, -5.452679026916733e-07, 0.00012533492358751054, 0.9999999921454298], "world_rotation": [0.9142758656600819, 0.003952159512535937, -0.4050728599976743, 0.0001370865662437042]}, {"color": "CVPurple", "id_name": "object155054473575499", "shape": "CVSphere", "id_string": "ob6281", "world_size": [0.04, 0.04, 0.04], "id": 6281, "camera_size": [17, 18], "camera_position": [237, 205], "world_position": [0.8287629105385932, 0.6199848073425787, -0.198592623234192], "world_orientation": [0.9986786147329677, 0.0006277496271754047, -0.05138706457316159, -0.0006359339192065836, 0.9999997875812944, -0.00014291751681671806, 0.05138696394116995, 0.00017540744508612706, 0.9986788018022297], "world_rotation": [-0.0030970798715079587, 0.9999196202610974, 0.012294759581719342, -0.05141379308636407]}, {"color": "CVRed", "id_name": "object55035518741854", "shape": "CVSphere", "id_string": "ob6288", "world_size": [0.04, 0.04, 0.04], "id": 6288, "camera_size": [19, 21], "camera_position": [257, 195], "world_position": [0.8562427089466179, 0.6199874431924108, -0.1472733206038154], "world_orientation": [5.334255172989578e-10, 0.9692266298529794, -0.2461701443795246, -1.0, 5.449366409504553e-10, -2.1360885282817324e-11, 1.1344358785692068e-10, 0.2461701443795246, 0.9692266298529794], "world_rotation": [-0.12309964498724821, 0.123099645033295, 0.9847298892572979, -1.586183618527001]}, {"color": "CVPurple", "id_name": "object239544347470921", "shape": "CVCapsule", "id_string": "ob6295", "world_size": [0.04, 0.08, 0.04], "id": 6295, "camera_size": [17, 20], "camera_position": [273, 220], "world_position": [0.7897162824439115, 0.6409908715857003, -0.10807542556034679], "world_orientation": [0.9982325007130222, 0.05652300058046151, 0.01835823863031211, -0.05651442322767095, 0.9984012958626969, -0.0009860968164325248, -0.018384626389187836, -5.3151376655421296e-05, 0.999830987061044], "world_rotation": [0.00784892630899927, 0.3091199416639669, -0.9509906708382905, 0.05946644712770113]}, {"color": "CVGreen", "id_name": "object69818106364252", "shape": "CVCapsule", "id_string": "ob6302", "world_size": [0.04, 0.08, 0.04], "id": 6302, "camera_size": [17, 17], "camera_position": [290, 224], "world_position": [0.78, 0.6399748858658902, -0.065], "world_orientation": [1.0, -1.5612511283791513e-17, -1.789043210782128e-17, 1.5612511283791513e-17, 1.0, -1.4831885719601688e-16, 1.789043210782128e-17, 1.4831885719601688e-16, 1.0], "world_rotation": [-0.9874262572950706, 0.11910476355862816, -0.10393960603106182, -1.5020752800550153e-16]}, {"color": "CVGreen", "id_name": "object96322089711380", "shape": "CVBox", "id_string": "ob6309", "world_size": [0.04, 0.04, 0.04], "id": 6309, "camera_size": [22, 27], "camera_position": [231, 251], "world_position": [0.7119840145435696, 0.7042273671114736, -0.20876863988012093], "world_orientation": [0.8666441445129135, 0.33789534742163096, 0.36708944546567346, -0.31919498391506845, 0.9409793099029322, -0.1125722016221636, -0.38346119624407826, -0.019613070270031913, 0.9233487090204021], "world_rotation": [0.09278599789174131, 0.7491527647297572, -0.6558665212472694, 0.524676414219973]}, {"color": "CVRed", "id_name": "object209654058363958", "shape": "CVCylinder", "id_string": "ob6316", "world_size": [0.04, 0.04, 0.04], "id": 6316, "camera_size": [18, 24], "camera_position": [256, 255], "world_position": [0.7021863985722222, 0.6911762409030393, -0.14802548731319207], "world_orientation": [0.8265599127662707, 0.5613386681070157, -0.04120206664303413, -0.5628246824819557, 0.823630184786719, -0.06972585960231102, -0.005204555398981126, 0.08082214050640549, 0.9967149513311526], "world_rotation": [-0.13266825253683226, 0.03172228730354935, 0.99065272989936, -0.6033269306252449]}, {"color": "CVYellow", "id_name": "object94803303247769", "shape": "CVCylinder", "id_string": "ob6323", "world_size": [0.04, 0.04, 0.04], "id": 6323, "camera_size": [18, 18], "camera_position": [274, 279], "world_position": [0.6411064095051425, 0.6599653827276403, -0.10395354045927649], "world_orientation": [0.9950933588030199, -7.694915687779183e-05, -0.09894039288860734, 7.515781155509054e-05, 0.9999999969373223, -2.1832513884535426e-05, 0.09894039426557838, 1.4289246168567332e-05, 0.9950933615386998], "world_rotation": [-0.0001825429810501533, 0.9999996879048307, -0.0007686795830386145, -0.09910256445200238]}, {"color": "CVGreen", "id_name": "object7483341129188", "shape": "CVBox", "id_string": "ob6330", "world_size": [0.04, 0.04, 0.04], "id": 6330, "camera_size": [18, 22], "camera_position": [234, 235], "world_position": [0.7510889195048076, 0.6630683275704088, -0.20286036168069171], "world_orientation": [0.9402452827993473, 0.3367181235282229, 0.05059361087338972, -0.3371496905367393, 0.9414510535078422, -4.46709369794282e-06, -0.04763291240892617, -0.017053420085322235, 0.9987193231928764], "world_rotation": [-0.0250277283583529, 0.1441957604964346, -0.9892326296013871, 0.3475563493981127]}, {"color": "CVYellow", "id_name": "object163058858463603", "shape": "CVBox", "id_string": "ob6337", "world_size": [0.04, 0.04, 0.04], "id": 6337, "camera_size": [17, 17], "camera_position": [256, 240], "world_position": [0.7391142278591456, 0.6600084986809953, -0.15030551538117445], "world_orientation": [0.9996504655882203, 0.002190440502250485, 0.026346700356218708, -0.0021755392446179654, 0.999997456954062, -0.0005942343010771737, -0.026347934990230283, 0.0005367083151491412, 0.9996526888204398], "world_rotation": [0.021384015405026147, 0.9963572667998304, -0.08255253345797009, 0.026446727644805185]}, {"color": "CVYellow", "id_name": "object77589455467403", "shape": "CVCapsule", "id_string": "ob6344", "world_size": [0.04, 0.08, 0.04], "id": 6344, "camera_size": [24, 25], "camera_position": [276, 254], "world_position": [0.7049587450857766, 0.681150646360793, -0.10066437365248151], "world_orientation": [0.8878073592954202, 0.055194906291552895, -0.45689343954620254, -0.06511524952884012, 0.9978598213419626, -0.00598174140057924, 0.45558544430182313, 0.03506136436097735, 0.8895013230285029], "world_rotation": [-0.04454956530902956, 0.9904352235247685, 0.13058868340028, -0.47872221755312094]}, {"color": "CVRed", "id_name": "object36003315742982", "shape": "CVBox", "id_string": "ob6351", "world_size": [0.04, 0.04, 0.04], "id": 6351, "camera_size": [26, 27], "camera_position": [226, 226], "world_position": [0.7721138349506929, 0.7075174973850308, -0.22029691946768437], "world_orientation": [0.4535992133864625, -0.2515556189895731, 0.8549663877427903, -0.10795011973711016, 0.9367643208858183, 0.3328954471963764, -0.8846437278723712, -0.24329483691624976, 0.3977600998918436], "world_rotation": [-0.3134590109525918, 0.9463826123407263, 0.07812425687176525, 1.1657494798453139]}, {"color": "CVYellow", "id_name": "object129158002703500", "shape": "CVSphere", "id_string": "ob6358", "world_size": [0.04, 0.04, 0.04], "id": 6358, "camera_size": [16, 17], "camera_position": [255, 224], "world_position": [0.7797514076945994, 0.6599841068385304, -0.15064108222640968], "world_orientation": [0.9999791277992321, 0.002050093398076258, -0.00612707784723894, -0.0020608479100560017, 0.9999963461666405, -0.0017494454151433755, 0.006123468933421628, 0.0017620358759436513, 0.999979698972831], "world_rotation": [-0.2622362116073753, 0.914866608013415, 0.30700367890929314, -0.006695313939856584]}, {"color": "CVYellow", "id_name": "object168003937784767", "shape": "CVBox", "id_string": "ob6365", "world_size": [0.04, 0.04, 0.04], "id": 6365, "camera_size": [17, 18], "camera_position": [274, 235], "world_position": [0.7508109572163721, 0.6602617079841064, -0.1051303041082427], "world_orientation": [0.998304004201723, 0.05555128152851057, 0.01741178667874962, -0.05542831192478693, 0.9984347437772298, -0.007467573613049492, -0.01779936605541454, 0.006489802696380863, 0.9998205164073137], "world_rotation": [0.11902412781709719, 0.3002696675009642, -0.9463991672525075, 0.05866619658466934]}, {"color": "CVRed", "id_name": "object13337031739056", "shape": "CVCone", "id_string": "ob6372", "world_size": [0.04, 0.04, 0.04], "id": 6372, "camera_size": [22, 24], "camera_position": [230, 148], "world_position": [0.9749554427248577, 0.6199874431840741, -0.21408824282213917], "world_orientation": [-0.8212065243898363, -1.1830915155131186e-10, 0.5706310930010434, 1.998184891175571e-10, 1.0, 4.948931139086259e-10, -0.5706310930010434, 5.204320968643348e-10, -0.8212065243898363], "world_rotation": [2.237784031483017e-11, 0.9999999999999999, 2.787507065166944e-10, 2.534318508511283]}, {"color": "CVYellow", "id_name": "object168715804919285", "shape": "CVSphere", "id_string": "ob6379", "world_size": [0.04, 0.04, 0.04], "id": 6379, "camera_size": [22, 23], "camera_position": [281, 329], "world_position": [0.5134649604992514, 0.6199874431862942, -0.08517812029115306], "world_orientation": [0.9014561284634778, -3.8992664414068447e-10, 0.4328704753799199, 4.980303071753933e-10, 1.0, -1.3635909996244634e-10, -0.4328704753799199, 3.3850436215353123e-10, 0.9014561284634778], "world_rotation": [5.485052563347055e-10, 1.0, 1.0256612564494488e-09, 0.44767461675920117]}, {"color": "CVPurple", "id_name": "object253047741323555", "shape": "CVSphere", "id_string": "ob6386", "world_size": [0.04, 0.04, 0.04], "id": 6386, "camera_size": [17, 18], "camera_position": [263, 160], "world_position": [0.9440623459698951, 0.6199874431827525, -0.13201213338934242], "world_orientation": [-5.773576802737233e-10, -0.9995604899575536, 0.02964501502471195, 1.0, -5.805500157213608e-10, -9.907830458844025e-11, 1.1624517494424058e-10, 0.02964501502471195, 0.9995604899575538], "world_rotation": [0.014822507919803291, 0.014822507812141549, 0.9997802691197334, 1.5710160823968424]}, {"color": "CVRed", "id_name": "object165878392389550", "shape": "CVCone", "id_string": "ob6393", "world_size": [0.04, 0.04, 0.04], "id": 6393, "camera_size": [19, 20], "camera_position": [273, 233], "world_position": [0.7550960172838035, 0.7016939232812939, -0.10876291506437288], "world_orientation": [0.9866751095788189, -0.020911594297478506, -0.1613534423604396, 0.020503268172733066, 0.9997809831220724, -0.0041954477352610705, 0.16140583673418707, 0.0008312709546111896, 0.9868877671025905], "world_rotation": [-0.015445709908337048, 0.9917495890835865, -0.12725636564810805, -0.163448964624245]}], "source": "manual check"}
