{"timestamp": 1721661211.756158, "objects": [{"color": "cv_", "id_name": "hand", "shape": "CVBox", "id_string": "ob383", "world_size": [0.005, 0.09, 0.5], "id": 383, "camera_size": [3, 208], "camera_position": [246, 271], "world_position": [0.663232056515792, 0.6656576252305332, -0.17409614700498677], "world_orientation": [3.8798397132957535e-07, -0.0016565103345770429, 0.9999986279857394, -0.0007634872402054996, -0.9999983365302796, -0.0016565095555557713, 0.9999997085434994, -0.0007634855499913263, -1.6527078292846065e-06], "world_rotation": [0.0, 1.0, 0.0, 0.0]}, {"color": "CVGreen", "id_name": "object98173260195375", "shape": "CVSphere", "id_string": "ob8857", "world_size": [0.04, 0.04, 0.04], "id": 8857, "camera_size": [17, 18], "camera_position": [256, 238], "world_position": [0.7444591367231032, 0.6200092213655874, -0.14988487260325212], "world_orientation": [0.9967900087934948, 0.0016127055090859703, -0.08004422246736957, -0.0017033898926909238, 0.9999979824804228, -0.001064658610780359, 0.0800423439957768, 0.001197587585521043, 0.9967907448164017], "world_rotation": [-0.01412695238239261, 0.9996857570953304, 0.02070787959018934, -0.08015424447324532]}, {"color": "CVRed", "id_name": "object4721948258143", "shape": "CVCone", "id_string": "ob8864", "world_size": [0.04, 0.04, 0.04], "id": 8864, "camera_size": [17, 17], "camera_position": [219, 295], "world_position": [0.6002731677265691, 0.6199874431871703, -0.2452760678670481], "world_orientation": [0.9999054078288725, -7.61242242263063e-12, 0.01375410464466934, 1.5256496374562633e-11, 1.0, -5.556618190900612e-10, -0.01375410464466934, 5.558190972798274e-10, 0.9999054078288725], "world_rotation": [4.0405426055874284e-08, 0.9999999999999993, 8.313488732273289e-10, 0.013754538337952404]}, {"color": "CVYellow", "id_name": "object228638740529138", "shape": "CVBox", "id_string": "ob8871", "world_size": [0.04, 0.04, 0.04], "id": 8871, "camera_size": [16, 17], "camera_position": [236, 295], "world_position": [0.5997026819798085, 0.6199874431899178, -0.20005334246596035], "world_orientation": [0.9999964332656738, 5.289543794784573e-10, 0.002670853034371224, -5.291676434598138e-10, 1.0, 7.914197383202955e-11, -0.002670853034371224, -8.055502055987691e-11, 0.9999964332656738], "world_rotation": [-2.989625268346136e-08, 0.9999999999999799, -1.9808690506764526e-07, 0.0026708562097835405]}, {"color": "CVBlue", "id_name": "object158667833129828", "shape": "CVCone", "id_string": "ob8878", "world_size": [0.04, 0.04, 0.04], "id": 8878, "camera_size": [16, 17], "camera_position": [255, 296], "world_position": [0.59695155219905, 0.6199874417621991, -0.15108070257479234], "world_orientation": [0.9997250095628883, -0.00013211639084906372, -0.023449686559577756, 0.0001321519240247033, 0.9999999912679338, -3.4379396161741206e-08, 0.023449686359355633, -3.0645512544678445e-06, 0.9997250182926585], "world_rotation": [6.460904611697736e-05, 0.9999841228380215, -0.005634704743274764, -0.023452208530294893]}, {"color": "CVBlue", "id_name": "object143630028857657", "shape": "CVCylinder", "id_string": "ob8885", "world_size": [0.04, 0.04, 0.04], "id": 8885, "camera_size": [16, 17], "camera_position": [271, 295], "world_position": [0.6, 0.6199874431539305, -0.11], "world_orientation": [1.0, 4.228388472693457e-17, -1.6957377686420176e-17, -4.228388472693457e-17, 1.0, 1.0733601507606494e-16, 1.6957377686420176e-17, -1.0733601507606494e-16, 1.0], "world_rotation": [0.92051720276698, 0.14542702990328832, 0.3626279889688094, -1.1660402951017529e-16]}, {"color": "CVBlue", "id_name": "object73882501112009", "shape": "CVCone", "id_string": "ob8892", "world_size": [0.04, 0.04, 0.04], "id": 8892, "camera_size": [16, 17], "camera_position": [289, 295], "world_position": [0.6, 0.6199874431539305, -0.065], "world_orientation": [1.0, 2.049142105997599e-16, 5.802954297681148e-18, -2.049142105997599e-16, 1.0, 6.179952383167331e-17, -5.802954297681148e-18, -6.179952383167331e-17, 1.0], "world_rotation": [-0.28863572672225335, 0.027102796704540077, -0.9570553043948448, 2.1410905896324258e-16]}, {"color": "CVBlue", "id_name": "object82889658554869", "shape": "CVBox", "id_string": "ob8899", "world_size": [0.04, 0.04, 0.04], "id": 8899, "camera_size": [16, 16], "camera_position": [218, 277], "world_position": [0.6449407524860746, 0.6199874431785197, -0.2453559428531473], "world_orientation": [0.999998080790372, -4.919861072332273e-10, -0.0019591874776783073, 4.912415684467009e-10, 1.0, -3.805054853501019e-10, 0.0019591874776783073, 3.795423207509102e-10, 0.999998080790372], "world_rotation": [-1.9397015721069534e-07, 0.9999999999999498, -2.5092740916378034e-07, -0.0019591887310431914]}, {"color": "CVRed", "id_name": "object245649177635387", "shape": "CVCylinder", "id_string": "ob8906", "world_size": [0.04, 0.04, 0.04], "id": 8906, "camera_size": [16, 16], "camera_position": [236, 277], "world_position": [0.6449429816124465, 0.619987443165332, -0.19999847732630538], "world_orientation": [0.9999999806079523, -1.0731222732755665e-09, 0.00019693678035208478, 1.0732725386604783e-09, 1.0, -7.629076259737163e-10, -0.00019693678035208396, 7.631189780181326e-10, 0.9999999806079523], "world_rotation": [3.874407312919151e-06, 0.9999999999776462, 5.449451362134416e-06, 0.00019693678162948912]}, {"color": "CVBlue", "id_name": "object137642114007796", "shape": "CVCapsule", "id_string": "ob8913", "world_size": [0.04, 0.08, 0.04], "id": 8913, "camera_size": [20, 24], "camera_position": [256, 271], "world_position": [0.6620455882094631, 0.642612381873683, -0.14778105197563757], "world_orientation": [0.9695189143077373, 0.16137947970420854, -0.18436306118619697, -0.16336891031256698, 0.9865550127796613, 0.004450382298945732, 0.18260250256453472, 0.025804462593149828, 0.9828481346410787], "world_rotation": [-0.04353614723876913, 0.7481599111222803, 0.6620886279593584, -0.24777282195231656]}, {"color": "CVGreen", "id_name": "object182155401645080", "shape": "CVCapsule", "id_string": "ob8920", "world_size": [0.04, 0.08, 0.04], "id": 8920, "camera_size": [18, 18], "camera_position": [273, 277], "world_position": [0.6462189688063852, 0.6399676549652168, -0.10641425916564959], "world_orientation": [0.9973256249781127, -0.00022136976973536162, -0.07308589985381636, 0.00019108758635322161, 0.9999998929837534, -0.0004213288694742192, 0.07308598530191249, 0.00040623626987017854, 0.9973255605490826], "world_rotation": [-0.005661475742366139, 0.9999799927298498, -0.0028216719207214084, -0.07315263110574016]}, {"color": "CVBlue", "id_name": "object46076731942064", "shape": "CVSphere", "id_string": "ob8927", "world_size": [0.04, 0.04, 0.04], "id": 8927, "camera_size": [16, 16], "camera_position": [289, 277], "world_position": [0.6450169814964591, 0.6199876678097082, -0.06498248793597915], "world_orientation": [0.9999996368996265, 2.11414559412258e-06, -0.0008521714297204722, -2.1792616893371978e-06, 0.9999999970783015, -7.641104574420577e-05, 0.0008521712656866084, 7.641287510387614e-05, 0.9999996339825362], "world_rotation": [-0.08930877107246257, 0.9960008274126491, 0.002509024281483518, -0.0008555931162103498]}, {"color": "CVYellow", "id_name": "object41098545995979", "shape": "CVCylinder", "id_string": "ob8934", "world_size": [0.04, 0.04, 0.04], "id": 8934, "camera_size": [17, 15], "camera_position": [219, 260], "world_position": [0.6899671847243625, 0.619983911307727, -0.2450273961836855], "world_orientation": [0.9999960505915345, 0.0005668187227954395, 0.0027527291673424166, -0.000565893305253586, 0.9999997831150199, -0.00033694907664850234, -0.002752919559362078, 0.0003353899948919962, 0.9999961544663315], "world_rotation": [0.11876623927173362, 0.9725527218337697, -0.20008943915902985, 0.002830518055644769]}, {"color": "CVRed", "id_name": "object37640385519064", "shape": "CVSphere", "id_string": "ob8941", "world_size": [0.04, 0.04, 0.04], "id": 8941, "camera_size": [16, 15], "camera_position": [236, 260], "world_position": [0.689963893846948, 0.6199727397058885, -0.20000394185292994], "world_orientation": [0.9999999966006707, 8.084578280971411e-05, 1.620550110137928e-05, -8.084886341734588e-05, 0.9999999786463765, 0.0001901859826818473, -1.6190125020691542e-05, -0.00019018729223168696, 0.9999999817833367], "world_rotation": [-0.9174856163367785, 0.07814040301853609, -0.3900182319215636, 0.00020729113942751672]}, {"color": "CVYellow", "id_name": "object156592290097417", "shape": "CVBox", "id_string": "ob8948", "world_size": [0.04, 0.04, 0.04], "id": 8948, "camera_size": [18, 19], "camera_position": [256, 255], "world_position": [0.7025887624888543, 0.6200061558197846, -0.14853020689155766], "world_orientation": [0.9856782720964289, 0.003738211262273254, -0.168595283722758, -0.003643418772792784, 0.9999929828888452, 0.0008715920581792006, 0.16859735886615998, -0.00024484613215922183, 0.9856849753515201], "world_rotation": [0.0033101690617338628, 0.9997549913656937, 0.02188606908890702, -0.16944734912222187]}, {"color": "CVGreen", "id_name": "object83272518888858", "shape": "CVBox", "id_string": "ob8955", "world_size": [0.04, 0.04, 0.04], "id": 8955, "camera_size": [18, 18], "camera_position": [272, 257], "world_position": [0.6958128963006077, 0.6199886524726184, -0.10863211418853048], "world_orientation": [0.9882035329641283, 0.0012050063631955064, -0.15314152081287336, -0.0012450355992634399, 0.9999992112496405, -0.00016548852967775498, 0.15314120060771247, 0.0003542029948299662, 0.988204253794056], "world_rotation": [-0.0016967138979294717, 0.9999665679024323, 0.007999014900526302, -0.1537515342268497]}, {"color": "CVYellow", "id_name": "object207351454156796", "shape": "CVSphere", "id_string": "ob8962", "world_size": [0.04, 0.04, 0.04], "id": 8962, "camera_size": [16, 15], "camera_position": [289, 260], "world_position": [0.69, 0.6199874431539305, -0.065], "world_orientation": [1.0, 4.228388472693457e-17, -1.6957377686420176e-17, -4.228388472693457e-17, 1.0, 1.0733601507606494e-16, 1.6957377686420176e-17, -1.0733601507606494e-16, 1.0], "world_rotation": [0.92051720276698, 0.14542702990328832, 0.3626279889688094, -1.1660402951017529e-16]}, {"color": "CVGreen", "id_name": "object103392368638774", "shape": "CVCapsule", "id_string": "ob8969", "world_size": [0.04, 0.08, 0.04], "id": 8969, "camera_size": [20, 19], "camera_position": [218, 241], "world_position": [0.7382407562754476, 0.6400186370206626, -0.24385726849186443], "world_orientation": [0.9893013021072765, 0.0034418735291900223, 0.14584610778302023, -0.0036793821292883675, 0.9999923079238443, 0.0013587642511059127, -0.14584030922894384, -0.0018808508054790076, 0.9893063562942743], "world_rotation": [-0.01110250667788064, 0.999640493132002, -0.02440530344568088, 0.14641825841477482]}, {"color": "CVBlue", "id_name": "object267873629762617", "shape": "CVCone", "id_string": "ob8976", "world_size": [0.04, 0.04, 0.04], "id": 8976, "camera_size": [17, 17], "camera_position": [237, 241], "world_position": [0.7374432780094514, 0.6199790672812515, -0.19911311263354964], "world_orientation": [0.9987880672944084, 0.0003771671602439854, 0.04921640351787093, -0.00040043523590055775, 0.9999998126822032, 0.0004629116335077508, -0.04921621970369641, -0.0004820585979121597, 0.9987880312346488], "world_rotation": [-0.009599431332082657, 0.9999227235257978, -0.007899233814208382, 0.04924001046856603]}, {"color": "CVGreen", "id_name": "object245553762707397", "shape": "CVSphere", "id_string": "ob8983", "world_size": [0.04, 0.04, 0.04], "id": 8983, "camera_size": [16, 18], "camera_position": [256, 222], "world_position": [0.7850226192958962, 0.6200392521908428, -0.14877550311713178], "world_orientation": [0.9987672115791819, 0.000887067249153189, -0.04963134277894854, -0.0009852648867526952, 0.9999976053493431, -0.0019541107139455422, 0.04962949050160541, 0.002000601728206879, 0.9987656938768352], "world_rotation": [-0.03980296746093656, 0.9990298346599896, 0.01884444853365029, -0.04969907001254488]}, {"color": "CVPurple", "id_name": "object254474197535263", "shape": "CVCone", "id_string": "ob8990", "world_size": [0.04, 0.04, 0.04], "id": 8990, "camera_size": [17, 17], "camera_position": [273, 241], "world_position": [0.7378283749030051, 0.6199750621464254, -0.10759804126347092], "world_orientation": [0.9966320828538465, 0.0018857844881559045, -0.08198131032904907, -0.0020297151416372606, 0.9999965417486888, -0.0016723477829327933, 0.08197787312956725, 0.0018331141610664545, 0.9966324638549685], "world_rotation": [-0.021369114479834382, 0.9994866917169112, 0.023868682978581284, -0.08211394130894924]}, {"color": "CVPurple", "id_name": "object149064556256768", "shape": "CVBox", "id_string": "ob8997", "world_size": [0.04, 0.04, 0.04], "id": 8997, "camera_size": [16, 16], "camera_position": [289, 242], "world_position": [0.735, 0.6199874431539305, -0.065], "world_orientation": [1.0, 4.228388472693457e-17, -1.6957377686420176e-17, -4.228388472693457e-17, 1.0, 1.0733601507606494e-16, 1.6957377686420176e-17, -1.0733601507606494e-16, 1.0], "world_rotation": [0.92051720276698, 0.14542702990328832, 0.3626279889688094, -1.1660402951017529e-16]}, {"color": "CVRed", "id_name": "object225000030439800", "shape": "CVCapsule", "id_string": "ob9004", "world_size": [0.04, 0.08, 0.04], "id": 9004, "camera_size": [18, 18], "camera_position": [218, 223], "world_position": [0.7808113777053256, 0.6400868061185196, -0.24459566393694088], "world_orientation": [0.9996556872673944, 0.006968256006584459, 0.025297239418169686, -0.007023092060573741, 0.9999731756328731, 0.0020794693111908357, -0.025282070561214016, -0.002256418164742088, 0.9996778108396743], "world_rotation": [-0.08234113028767585, 0.9605317425764316, -0.26570417717083705, 0.02633184995787252]}, {"color": "CVBlue", "id_name": "object431563646348", "shape": "CVCylinder", "id_string": "ob9011", "world_size": [0.04, 0.04, 0.04], "id": 9011, "camera_size": [16, 17], "camera_position": [236, 225], "world_position": [0.7797686206538393, 0.6199744139979431, -0.19897438632643544], "world_orientation": [0.9999270574328234, 0.00011065212851207568, 0.012077564731420538, -0.00011632031008894783, 0.999999883435484, 0.0004686134911146211, -0.01207751147052481, -0.0004699841753182431, 0.9999269537478997], "world_rotation": [-0.038826147178503495, 0.9992018702635241, -0.009388969972702913, 0.012087479585352863]}, {"color": "CVPurple", "id_name": "object256940886588207", "shape": "CVSphere", "id_string": "ob9018", "world_size": [0.04, 0.04, 0.04], "id": 9018, "camera_size": [17, 17], "camera_position": [256, 207], "world_position": [0.8251561672700578, 0.6199829977863247, -0.1506502255736543], "world_orientation": [0.9988076438948988, 0.0006246874083174558, -0.048814959415768924, -0.0006166717488190528, 0.9999997937899515, 0.00017926519064775066, 0.048815061334341145, -0.0001489486363117952, 0.9988078231578026], "world_rotation": [0.003361521818121927, 0.9999135255677148, 0.01271383332474334, -0.048838644771985455]}, {"color": "CVYellow", "id_name": "object23749915767324", "shape": "CVBox", "id_string": "ob9025", "world_size": [0.04, 0.04, 0.04], "id": 9025, "camera_size": [17, 17], "camera_position": [272, 224], "world_position": [0.7815613198770496, 0.6199731863585614, -0.10860464645535041], "world_orientation": [0.9979067600003668, 0.00041769025471705, -0.06466779631641559, -0.00046247256065071266, 0.9999996635359706, -0.0006775301294378419, 0.06466749156029591, 0.000706018977624038, 0.997906617410919], "world_rotation": [-0.010696523302339256, 0.9999196367708874, 0.006804732854352326, -0.06471800950552806]}, {"color": "CVRed", "id_name": "object233227661011819", "shape": "CVCapsule", "id_string": "ob9032", "world_size": [0.04, 0.08, 0.04], "id": 9032, "camera_size": [17, 17], "camera_position": [290, 224], "world_position": [0.7800629909190367, 0.6399748863865488, -0.06494344034986282], "world_orientation": [0.9999949891796363, 1.2570502258933517e-10, -0.003165693544722575, -1.239917647589265e-10, 1.0, 5.413913591579861e-10, 0.003165693544722575, -5.409961264138396e-10, 0.9999949891796363], "world_rotation": [1.7095582220461958e-07, 0.9999999999999846, 3.943792786963211e-08, -0.003165698832307115]}, {"color": "CVGreen", "id_name": "object22019155779761", "shape": "CVCylinder", "id_string": "ob9039", "world_size": [0.04, 0.04, 0.04], "id": 9039, "camera_size": [21, 21], "camera_position": [232, 272], "world_position": [0.6600316040012525, 0.6600212491210898, -0.20984466183120382], "world_orientation": [0.9546405855852768, 0.0035979099488638528, 0.29773882413518055, -0.0032447378038716335, 0.9999933239032253, -0.0016804242213403283, -0.2977428824170013, 0.0006381167443403044, 0.954645886586768], "world_rotation": [0.003893268781459747, 0.9999264073254797, -0.01149009971037118, 0.3023482580807412]}, {"color": "CVRed", "id_name": "object90270134156643", "shape": "CVSphere", "id_string": "ob9046", "world_size": [0.04, 0.04, 0.04], "id": 9046, "camera_size": [24, 25], "camera_position": [258, 268], "world_position": [0.6712944588657174, 0.7025645713502905, -0.1434989391492861], "world_orientation": [0.7800805219525984, 0.13043660715578553, -0.6119319167880111, -0.10332722874227446, 0.9914560147023626, 0.07961441270869549, 0.6170882133622417, 0.0011235765199044886, 0.7868931785860139], "world_rotation": [0.062616651521216, 0.980459999395036, 0.1864868481651094, -0.6773841933194568]}, {"color": "CVGreen", "id_name": "object159575728249743", "shape": "CVCylinder", "id_string": "ob9053", "world_size": [0.04, 0.04, 0.04], "id": 9053, "camera_size": [25, 24], "camera_position": [275, 276], "world_position": [0.6509095057823079, 0.7023402598872313, -0.10422307393350355], "world_orientation": [0.7891454049268491, -0.009035863115030952, -0.6141399539686421, -0.06818642462451631, 0.9924222955928286, -0.10221838732432469, 0.6104098142885357, 0.12254117833621044, 0.7825493711148254], "world_rotation": [-0.18032555341357914, 0.982461476086659, 0.047456746535236675, -0.6728341772777994]}, {"color": "CVGreen", "id_name": "object148167718723021", "shape": "CVSphere", "id_string": "ob9060", "world_size": [0.04, 0.04, 0.04], "id": 9060, "camera_size": [19, 18], "camera_position": [234, 254], "world_position": [0.7037883383710589, 0.6600335444164874, -0.20556165610295232], "world_orientation": [0.9864001803297221, 0.0034000948227351805, 0.16432627179087467, -0.00373537857992747, 0.9999915245899043, 0.0017313853481999472, -0.16431899218397314, -0.0023216596554516415, 0.9864045208250455], "world_rotation": [-0.012328740176112685, 0.9996883987237777, -0.02170501377007477, 0.1651231945297739]}, {"color": "CVRed", "id_name": "object63124305923882", "shape": "CVCylinder", "id_string": "ob9067", "world_size": [0.04, 0.04, 0.04], "id": 9067, "camera_size": [19, 20], "camera_position": [282, 192], "world_position": [0.8612401554787543, 0.6199796305348505, -0.08375512149887884], "world_orientation": [-0.0008425008961997825, 0.9837557197895508, -0.17951037288575522, -0.9999996446923107, -0.0008339164137308194, 0.0001232828758744448, -2.8416412090753747e-05, 0.1795104129702728, 0.9837560728289051], "world_rotation": [-0.08969716577389202, 0.08974458086691621, 0.991917500932992, -1.5797566189338446]}, {"color": "CVBlue", "id_name": "object214052775016459", "shape": "CVSphere", "id_string": "ob9074", "world_size": [0.04, 0.04, 0.04], "id": 9074, "camera_size": [20, 20], "camera_position": [271, 255], "world_position": [0.7018384530046975, 0.6600212143915091, -0.11240906528629589], "world_orientation": [0.9638495682899638, 0.001396253831488962, -0.26644335267086017, -0.00197148965168041, 0.9999962677692635, -0.0018914745827243759, 0.26643971726415644, 0.0023483872725399636, 0.9638487236809596], "world_rotation": [-0.007956047466078026, 0.9999483811031015, 0.006319528305480596, -0.2697134831008109]}, {"color": "CVGreen", "id_name": "object111078352174251", "shape": "CVBox", "id_string": "ob9081", "world_size": [0.04, 0.04, 0.04], "id": 9081, "camera_size": [19, 19], "camera_position": [234, 238], "world_position": [0.7445700254729377, 0.6600325781506068, -0.20400716548569614], "world_orientation": [0.9863895444449828, 0.004165859356824149, 0.16437248013411107, -0.004319624493900024, 0.9999905033162155, 0.0005780325371909411, -0.16436851113839074, -0.0012801926423445529, 0.9863981719635064], "world_rotation": [-0.005650578567666517, 0.9996510756905082, -0.025803058591191856, 0.16517795707780486]}, {"color": "CVGreen", "id_name": "object159644203623259", "shape": "CVBox", "id_string": "ob9088", "world_size": [0.04, 0.04, 0.04], "id": 9088, "camera_size": [21, 21], "camera_position": [303, 169], "world_position": [0.9221362771493566, 0.6199874431875253, -0.03031237936593885], "world_orientation": [-0.2610957380624187, -5.193107524849344e-10, -0.9653129107007948, -1.2689445879171182e-12, -1.0, 5.383146363715665e-10, -0.9653129107007951, 1.4177658588691705e-10, 0.261095738062419], "world_rotation": [-0.6078257406270243, 2.1411551957960392e-10, 0.794070443368351, 3.1415926532635994]}, {"color": "CVPurple", "id_name": "object11686971914893", "shape": "CVCylinder", "id_string": "ob9095", "world_size": [0.04, 0.04, 0.04], "id": 9095, "camera_size": [21, 20], "camera_position": [272, 238], "world_position": [0.7429085843452174, 0.6599924344037938, -0.11039245421350578], "world_orientation": [0.9669628816089293, 0.001184470524323223, -0.25491446137897483, -0.0021277703632234402, 0.9999918718642441, -0.003424733380428847, 0.25490833290388376, 0.0038539894943610165, 0.9669575422846343], "world_rotation": [-0.014275210308810354, 0.9998770022994281, 0.0064960482871158, -0.2577885010054882]}, {"color": "CVRed", "id_name": "object59845859746671", "shape": "CVCylinder", "id_string": "ob9102", "world_size": [0.04, 0.04, 0.04], "id": 9102, "camera_size": [23, 25], "camera_position": [187, 121], "world_position": [1.0455335747369756, 0.6199874431859236, -0.32635428615580125], "world_orientation": [0.8265168877068507, -2.6516679742907286e-10, 0.5629119241367881, 6.648561522418124e-11, -1.0, -5.686827147823029e-10, 0.562911924136788, 5.074514131078136e-10, -0.8265168877068507], "world_rotation": [-0.9556455639270375, 5.197564601996643e-11, -0.2945191948694934, -3.141592653026753]}, {"color": "CVPurple", "id_name": "object173808552054782", "shape": "CVCone", "id_string": "ob9109", "world_size": [0.04, 0.04, 0.04], "id": 9109, "camera_size": [20, 19], "camera_position": [273, 253], "world_position": [0.7073558440983355, 0.7000271520395753, -0.1084417848223366], "world_orientation": [-0.0017578030761895747, 0.9819553394798803, 0.18910478945626588, -0.9999903632532332, -0.0009653254003656935, -0.004282703297946418, -0.004022875714233696, -0.189110495250329, 0.9819475734768957], "world_rotation": [-0.0924188823830391, 0.09656904291158616, -0.9910263216132102, 1.5811842911209155]}, {"color": "CVYellow", "id_name": "object113931345001787", "shape": "CVSphere", "id_string": "ob9116", "world_size": [0.04, 0.04, 0.04], "id": 9116, "camera_size": [23, 23], "camera_position": [229, 207], "world_position": [0.8256721155685369, 0.6200224771404066, -0.2191737602813415], "world_orientation": [-0.7780257684349219, -0.0019179247310172607, 0.6282294367633336, 0.0004609545164998975, -0.9999968135196458, -0.0024820297114823303, 0.6282321952687422, -0.001641497877280102, 0.7780241733471629], "world_rotation": [-0.33314675758630474, 0.0010933400678476172, -0.9428743513943032, -3.1403311494058292]}, {"color": "CVRed", "id_name": "object55005304066227", "shape": "CVCone", "id_string": "ob9123", "world_size": [0.04, 0.04, 0.04], "id": 9123, "camera_size": [24, 28], "camera_position": [274, 204], "world_position": [0.8278191151770355, 0.6518308942722911, -0.10386150652419789], "world_orientation": [-0.6836111572518887, 0.6801400974973463, 0.2647361581972395, -0.5631830330522297, -0.7222942627932284, 0.40139241300512607, 0.4642204831357883, 0.12530141943444614, 0.8768117798734734], "world_rotation": [0.2141674031421407, 0.15474260600505513, 0.9644620517771118, -2.4411342885545615]}], "source": "manual check"}
