{"timestamp": 1721661177.396835, "objects": [{"color": "cv_", "id_name": "hand", "shape": "CVBox", "id_string": "ob383", "world_size": [0.005, 0.09, 0.5], "id": 383, "camera_size": [3, 208], "camera_position": [246, 271], "world_position": [0.6631403183987379, 0.6655708215884512, -0.17409719526354808], "world_orientation": [-3.244806278155556e-08, -0.0016627762148205252, 0.9999986175866737, -0.0007629462944392651, -0.999998326543469, -0.0016627757556359763, 0.999999708956433, -0.0007629452936863437, -1.2361609427359222e-06], "world_rotation": [0.0, 1.0, 0.0, 0.0]}, {"color": "CVPurple", "id_name": "object57788726170178", "shape": "CVSphere", "id_string": "ob8311", "world_size": [0.04, 0.04, 0.04], "id": 8311, "camera_size": [16, 16], "camera_position": [255, 245], "world_position": [0.725886096326251, 0.6199760638435936, -0.15024460623765543], "world_orientation": [0.9999932197969609, -0.00018923367917572087, 0.003677574026739253, 0.00018849744300202851, 0.9999999621258635, 0.00020054173001136054, -0.003677611836703712, -0.00019984715699722312, 0.9999932175931456], "world_rotation": [-0.054284466645577456, 0.997211347845258, 0.051212541526945494, 0.003687885497757911]}, {"color": "CVBlue", "id_name": "object202358989458862", "shape": "CVCone", "id_string": "ob8318", "world_size": [0.04, 0.04, 0.04], "id": 8318, "camera_size": [19, 19], "camera_position": [218, 294], "world_position": [0.6024229648454722, 0.6199874429577478, -0.2464062721813736], "world_orientation": [0.9901570734753082, -4.203561231822991e-09, 0.13996060105191382, 2.120155874589275e-09, 0.9999999999999999, 1.503475892438955e-08, -0.13996060105191388, -1.4590034606449067e-08, 0.9901570734753081], "world_rotation": [-1.0583261756588943e-07, 0.9999999999999941, 2.2591061551910065e-08, 0.14042162399386635]}, {"color": "CVGreen", "id_name": "object84130562777995", "shape": "CVCapsule", "id_string": "ob8325", "world_size": [0.04, 0.08, 0.04], "id": 8325, "camera_size": [34, 24], "camera_position": [225, 278], "world_position": [0.6451644485110416, 0.6449349396583695, -0.22586852968585114], "world_orientation": [0.25376706192989473, 0.10737989583900923, 0.961286552620535, -0.4427497739783438, 0.8964889642098113, 0.016738419643003294, -0.8599854161098284, -0.4298570634753177, 0.27504179511263777], "world_rotation": [-0.22852439812225717, 0.9319509404011936, -0.28150318674606684, 1.3565112501192265]}, {"color": "CVPurple", "id_name": "object238136185752321", "shape": "CVCylinder", "id_string": "ob8332", "world_size": [0.04, 0.04, 0.04], "id": 8332, "camera_size": [16, 17], "camera_position": [255, 295], "world_position": [0.600096750354313, 0.6199874431945691, -0.15143891952112204], "world_orientation": [0.9999668408179433, 4.728445609499985e-10, 0.008143541280182602, -4.713852002860839e-10, 1.0, -1.8112407868288643e-10, -0.008143541280182602, 1.7727932791918834e-10, 0.9999668408179433], "world_rotation": [2.200537789832617e-08, 0.9999999999999981, -5.7974149620501964e-08, 0.008143631292432476]}, {"color": "CVYellow", "id_name": "object184043171940873", "shape": "CVBox", "id_string": "ob8339", "world_size": [0.04, 0.04, 0.04], "id": 8339, "camera_size": [17, 17], "camera_position": [272, 296], "world_position": [0.5989035392156166, 0.6199773285218454, -0.10950167784938052], "world_orientation": [0.9999369152497092, -0.00018441380846507052, 0.011230828662354603, 0.00018469328730875935, 0.9999999826598356, -2.384781386988726e-05, -0.01123082406974401, 2.5920568101355105e-05, 0.9999369319706312], "world_rotation": [0.0022153998277567558, 0.9998625557603423, 0.016430507965351206, 0.011232606394838916]}, {"color": "CVYellow", "id_name": "object162981018133505", "shape": "CVSphere", "id_string": "ob8346", "world_size": [0.04, 0.04, 0.04], "id": 8346, "camera_size": [16, 17], "camera_position": [289, 295], "world_position": [0.6, 0.6199874431539305, -0.065], "world_orientation": [1.0, 2.049142105997599e-16, 5.802954297681148e-18, -2.049142105997599e-16, 1.0, 6.179952383167331e-17, -5.802954297681148e-18, -6.179952383167331e-17, 1.0], "world_rotation": [-0.28863572672225335, 0.027102796704540077, -0.9570553043948448, 2.1410905896324258e-16]}, {"color": "CVPurple", "id_name": "object222118704331998", "shape": "CVCylinder", "id_string": "ob8353", "world_size": [0.04, 0.04, 0.04], "id": 8353, "camera_size": [20, 20], "camera_position": [211, 272], "world_position": [0.6577343914827289, 0.619974165828754, -0.26451839227392315], "world_orientation": [0.9707717709901285, 3.7931208378831165e-05, -0.24000451497818334, 0.00017691744486916713, 0.9999996027262045, 0.0008736404588201415, 0.24000445276891694, -0.000890566480964461, 0.9707713786172499], "world_rotation": [0.0036753374807219673, 0.9999932040052942, -0.0002895472819871046, -0.24237215010095184]}, {"color": "CVYellow", "id_name": "object234161074235996", "shape": "CVCylinder", "id_string": "ob8360", "world_size": [0.04, 0.04, 0.04], "id": 8360, "camera_size": [19, 19], "camera_position": [234, 263], "world_position": [0.6831836629103782, 0.619979078507525, -0.20675769139065264], "world_orientation": [0.9760896579831694, 0.0005505078222118301, -0.21736760687700785, -0.0006313761519892664, 0.9999997549033904, -0.00030258439109061275, 0.21736738702587022, 0.00043259021800780257, 0.976089766324414], "world_rotation": [-0.0016910781312764916, 0.999994874675223, 0.0027186169350009066, -0.2191178097275371]}, {"color": "CVRed", "id_name": "object99111681189339", "shape": "CVSphere", "id_string": "ob8367", "world_size": [0.04, 0.04, 0.04], "id": 8367, "camera_size": [17, 17], "camera_position": [256, 278], "world_position": [0.6441478732409087, 0.6199868500063377, -0.15010000584260305], "world_orientation": [0.9992626330667966, 7.081954919247419e-07, -0.03839518401976103, -9.477812051521445e-08, 0.9999999998723436, 1.597823459461456e-05, 0.038395184026175345, -1.5962813749395288e-05, 0.9992626329393014], "world_rotation": [0.00041595119794203317, 0.9999999134376255, 1.0456696111318429e-05, -0.0384046272463545]}, {"color": "CVYellow", "id_name": "object155550309168655", "shape": "CVCylinder", "id_string": "ob8374", "world_size": [0.04, 0.04, 0.04], "id": 8374, "camera_size": [16, 16], "camera_position": [273, 277], "world_position": [0.6450096862247664, 0.6199840021405255, -0.1051211118969136], "world_orientation": [0.9999794297428688, 0.00012542729534549587, 0.006412827700841117, -0.0001256200261979117, 0.9999999916702085, 2.9651172591881435e-05, -0.006412823928357217, -3.045614224341799e-05, 0.9999794371694287], "world_rotation": [-0.004685543126772609, 0.9997975122035878, -0.01956988188834516, 0.006414168577946176]}, {"color": "CVYellow", "id_name": "object55914126737802", "shape": "CVCylinder", "id_string": "ob8381", "world_size": [0.04, 0.04, 0.04], "id": 8381, "camera_size": [17, 16], "camera_position": [290, 277], "world_position": [0.6455866728758358, 0.6199874429104238, -0.06426577273657713], "world_orientation": [0.9998040967289396, 3.7385010889389944e-10, -0.019793134264922935, -1.2526530417804192e-10, 1.0, 1.2560382871712462e-08, 0.01979313426492293, -1.2555442858637788e-08, 0.9998040967289397], "world_rotation": [6.344580245397274e-07, 0.9999999999997986, 1.2608296553526768e-08, -0.019794426879467465]}, {"color": "CVBlue", "id_name": "object62476239601996", "shape": "CVCylinder", "id_string": "ob8388", "world_size": [0.04, 0.04, 0.04], "id": 8388, "camera_size": [18, 17], "camera_position": [217, 257], "world_position": [0.6974889326812224, 0.6199819153293802, -0.24765749367239212], "world_orientation": [0.995137486946207, 0.00034410606277297643, -0.09849499309815335, -0.0003239502557647992, 0.9999999231892193, 0.0002206304324820037, 0.09849506145294545, -0.0001876501359182969, 0.9951375219821665], "world_rotation": [0.002072578458977928, 0.9999921017431251, 0.0033912932486856785, -0.09865576278227951]}, {"color": "CVYellow", "id_name": "object272395393909825", "shape": "CVCapsule", "id_string": "ob8395", "world_size": [0.04, 0.08, 0.04], "id": 8395, "camera_size": [18, 18], "camera_position": [234, 245], "world_position": [0.7252044370392052, 0.6399683051914603, -0.20369533910530052], "world_orientation": [0.9934334126976165, 0.00014301428126242837, -0.11441168682823663, -0.00012532685501549922, 0.9999999790589746, 0.00016178760666858317, 0.11441170757027688, -0.00014638635733774908, 0.9934334098176323], "world_rotation": [0.0013467743253670608, 0.9999984054880336, 0.0011726978751894518, -0.1146629716020365]}, {"color": "CVPurple", "id_name": "object126830564857396", "shape": "CVBox", "id_string": "ob8402", "world_size": [0.04, 0.04, 0.04], "id": 8402, "camera_size": [16, 15], "camera_position": [255, 262], "world_position": [0.6848821099566827, 0.6199741625140492, -0.15117201045958625], "world_orientation": [0.999993493921585, 0.00017630720447445303, -0.003602919686996251, -0.0001762078785504861, 0.9999999840865886, 2.788558983303663e-05, 0.003602924546091896, -2.725054557256812e-05, 0.9999935090749956], "world_rotation": [0.007642222996359519, 0.9987763578492114, 0.04886085784283899, -0.0036073440288581582]}, {"color": "CVPurple", "id_name": "object60928878592486", "shape": "CVBox", "id_string": "ob8409", "world_size": [0.04, 0.04, 0.04], "id": 8409, "camera_size": [16, 16], "camera_position": [271, 259], "world_position": [0.6916509189960105, 0.619956381058352, -0.10955553977158765], "world_orientation": [0.9999858537196507, 0.0006011162383073131, -0.00528498059121117, -0.0006084150193790811, 0.9999988633456107, -0.0013795429137149374, 0.005284145318367905, 0.001382738859882954, 0.9999850828094887], "world_rotation": [-0.2513247444124452, 0.9616263240328615, 0.11004856097680203, -0.00549547097656906]}, {"color": "CVRed", "id_name": "object131397049506714", "shape": "CVSphere", "id_string": "ob8416", "world_size": [0.04, 0.04, 0.04], "id": 8416, "camera_size": [16, 15], "camera_position": [289, 260], "world_position": [0.69, 0.6199874431539305, -0.065], "world_orientation": [1.0, 4.228388472693457e-17, -1.6957377686420176e-17, -4.228388472693457e-17, 1.0, 1.0733601507606494e-16, 1.6957377686420176e-17, -1.0733601507606494e-16, 1.0], "world_rotation": [0.92051720276698, 0.14542702990328832, 0.3626279889688094, -1.1660402951017529e-16]}, {"color": "CVGreen", "id_name": "object128672744900777", "shape": "CVCylinder", "id_string": "ob8423", "world_size": [0.04, 0.04, 0.04], "id": 8423, "camera_size": [17, 17], "camera_position": [218, 241], "world_position": [0.738383996826009, 0.619987439113761, -0.24657558954220854], "world_orientation": [0.9986607891684667, 0.0004332252962626989, -0.05173432606363196, -0.0004339047845328801, 0.9999999058615042, -1.9027804853839465e-06, 0.05173432036910769, 2.434800386474118e-05, 0.998660883134571], "world_rotation": [-0.000253698705864706, 0.9999648523810205, 0.00838031261771223, -0.05175924919930539]}, {"color": "CVBlue", "id_name": "object21529350385357", "shape": "CVBox", "id_string": "ob8430", "world_size": [0.04, 0.04, 0.04], "id": 8430, "camera_size": [17, 17], "camera_position": [235, 230], "world_position": [0.766188042276991, 0.6199794400714043, -0.2031211560190546], "world_orientation": [0.9978922081244875, 0.0006879738709751281, -0.06488965754561575, -0.0006977253220476233, 0.9999997484467227, -0.000127616089876954, 0.06488955342587437, 0.00017262225892810114, 0.9978924371182228], "world_rotation": [-0.0023133168265364675, 0.9999403263102391, 0.01067672158635174, -0.06493911062107191]}, {"color": "CVYellow", "id_name": "object160804879106285", "shape": "CVCone", "id_string": "ob8437", "world_size": [0.04, 0.04, 0.04], "id": 8437, "camera_size": [16, 17], "camera_position": [255, 230], "world_position": [0.7659391750259643, 0.6199789337859376, -0.15164944840731068], "world_orientation": [0.9999999713381257, 0.00011777368623253033, 0.00020845408787028563, -0.00011760261973982111, 0.9999996565028516, -0.000820465601108008, -0.00020855064552516324, 0.0008204410628450988, 0.9999996416914811], "world_rotation": [0.9599607167945937, 0.24395547386750902, -0.1376994879485353, 0.0008546739647867051]}, {"color": "CVYellow", "id_name": "object272732363958589", "shape": "CVCone", "id_string": "ob8444", "world_size": [0.04, 0.04, 0.04], "id": 8444, "camera_size": [17, 16], "camera_position": [272, 242], "world_position": [0.735216234444626, 0.6199618967657435, -0.10920695074579655], "world_orientation": [0.9999855296804997, 0.0007683300039513696, -0.005324481065364531, -0.0007724669325958619, 0.9999994013728857, -0.0007749507780563014, 0.00532388246005143, 0.00077905254982717, 0.9999855245715691], "world_rotation": [-0.1429506547382979, 0.9795284929813001, 0.1417358167425409, -0.005435480455766933]}, {"color": "CVGreen", "id_name": "object43090637129565", "shape": "CVCylinder", "id_string": "ob8451", "world_size": [0.04, 0.04, 0.04], "id": 8451, "camera_size": [16, 16], "camera_position": [289, 242], "world_position": [0.735026535377655, 0.6199624922318367, -0.0650052732764059], "world_orientation": [0.9999992079323101, 0.0012585005616191174, -1.763770663793056e-05, -0.0012584938055304911, 0.9999991366683474, 0.000377962831217856, 1.8113357846109316e-05, -0.00037794033490116144, 0.9999999284165022], "world_rotation": [0.2876022314268355, 0.013602385043953679, 0.9576533462581444, -0.0013141472858901593]}, {"color": "CVGreen", "id_name": "object137875900488672", "shape": "CVBox", "id_string": "ob8458", "world_size": [0.04, 0.04, 0.04], "id": 8458, "camera_size": [17, 16], "camera_position": [219, 224], "world_position": [0.7800036924131253, 0.6199828715947735, -0.24496952871685787], "world_orientation": [0.9999987672722793, -0.00013813289015092496, -0.0015640886248966743, 0.00013802305627408178, 0.9999999880016631, -7.03300072503163e-05, 0.0015640983210173775, 7.011404026028164e-05, 0.9999987743394807], "world_rotation": [-0.04467772144301085, 0.9951312815921552, -0.08785006319528386, -0.001571746508099715]}, {"color": "CVPurple", "id_name": "object10113635766032", "shape": "CVCapsule", "id_string": "ob8465", "world_size": [0.04, 0.08, 0.04], "id": 8465, "camera_size": [16, 33], "camera_position": [236, 190], "world_position": [0.8673743881664014, 0.6199748552533048, -0.1996404761191866], "world_orientation": [-5.804412956703393e-07, 0.9999656198582006, -0.008292110784826062, -0.9999999999998316, -5.804511231414211e-07, 1.221464716698317e-09, -3.5917422968115287e-09, 0.008292110784825377, 0.999965619858369], "world_rotation": [-0.004146054782334974, 0.004146053597196528, 0.999982810086909, -1.5708140973119225]}, {"color": "CVRed", "id_name": "object30234689591802", "shape": "CVBox", "id_string": "ob8472", "world_size": [0.04, 0.04, 0.04], "id": 8472, "camera_size": [16, 16], "camera_position": [255, 214], "world_position": [0.8060745180540363, 0.6199814655912381, -0.15151143697448605], "world_orientation": [0.9999779481394714, 4.431590819892383e-05, -0.006640878772653277, -4.887599343997839e-05, 0.9999997631587658, -0.0006865082297660201, 0.006640846776583663, 0.000686817670529613, 0.999977713469444], "world_rotation": [-0.10284879961694178, 0.9946725167614097, 0.0069791702140897, -0.006676480951755049]}, {"color": "CVGreen", "id_name": "object82786108552172", "shape": "CVSphere", "id_string": "ob8479", "world_size": [0.04, 0.04, 0.04], "id": 8479, "camera_size": [16, 16], "camera_position": [271, 224], "world_position": [0.7799739175969123, 0.6199761269210053, -0.10999925745356985], "world_orientation": [0.9999999961479581, -5.5245456766687804e-05, -6.820574295478527e-05, 5.5244333807667775e-05, 0.9999999983384662, -1.646606273608373e-05, 6.820665251660713e-05, 1.6462294691861712e-05, 0.9999999975384227], "world_rotation": [-0.18436163821682852, 0.7637554578062342, -0.6186181269775375, -8.930371250277776e-05]}, {"color": "CVPurple", "id_name": "object238192748861106", "shape": "CVCapsule", "id_string": "ob8486", "world_size": [0.04, 0.08, 0.04], "id": 8486, "camera_size": [17, 17], "camera_position": [290, 224], "world_position": [0.78, 0.6399748858658902, -0.065], "world_orientation": [1.0, -1.5612511283791513e-17, -1.789043210782128e-17, 1.5612511283791513e-17, 1.0, -1.4831885719601688e-16, 1.789043210782128e-17, 1.4831885719601688e-16, 1.0], "world_rotation": [-0.9874262572950706, 0.11910476355862816, -0.10393960603106182, -1.5020752800550153e-16]}, {"color": "CVPurple", "id_name": "object102307195783101", "shape": "CVCone", "id_string": "ob8493", "world_size": [0.04, 0.04, 0.04], "id": 8493, "camera_size": [21, 20], "camera_position": [226, 261], "world_position": [0.6865027857056251, 0.6599756791496965, -0.22470510653181852], "world_orientation": [0.9610553985881012, 0.0003960648936784278, -0.2763555028894232, -0.0004602997550292833, 0.9999998800223133, -0.00016756937312995947, 0.2763554033645832, 0.0002882498209655673, 0.9610554655914713], "world_rotation": [-0.000824696033334153, 0.9999984596363385, 0.001549387428228476, -0.28000023958186127]}, {"color": "CVPurple", "id_name": "object106999941872102", "shape": "CVCone", "id_string": "ob8500", "world_size": [0.04, 0.04, 0.04], "id": 8500, "camera_size": [21, 21], "camera_position": [259, 272], "world_position": [0.6603815362185965, 0.6600004163750214, -0.14295675032775995], "world_orientation": [0.9119991589613553, 0.001128165867332741, -0.41019051829065534, -0.0014494000184734218, 0.9999988381383637, -0.00047218800203711474, 0.41018950899964157, 0.0010251652055175897, 0.9119997345081492], "world_rotation": [-0.0018251825654972235, 0.9999933985767232, 0.003141896175503361, -0.422665369844962]}, {"color": "CVYellow", "id_name": "object26424881004188", "shape": "CVCone", "id_string": "ob8507", "world_size": [0.04, 0.04, 0.04], "id": 8507, "camera_size": [17, 18], "camera_position": [273, 294], "world_position": [0.6044877145772561, 0.6599682890656121, -0.10773831675686514], "world_orientation": [-0.0002583864180055913, -0.9996985505377464, -0.024550789991120238, 0.9999999540247927, -0.00025441223090362595, -0.00016499948287847235, 0.00015870372262100085, -0.024550831496017923, 0.9996985703130633], "world_rotation": [0.012192917017008663, 0.012354747880720635, -0.99984933513976, -1.5712034409740656]}, {"color": "CVPurple", "id_name": "object14268541791364", "shape": "CVCylinder", "id_string": "ob8514", "world_size": [0.04, 0.04, 0.04], "id": 8514, "camera_size": [22, 21], "camera_position": [226, 254], "world_position": [0.7056887462516471, 0.6999638765885968, -0.2209749317862684], "world_orientation": [0.9485423626154235, 0.00020185688338360993, -0.3166501943434576, -0.00019060208985301557, 0.9999999796231445, 6.651732106293591e-05, 0.3166502013181015, -2.7403080816593294e-06, 0.9485423817614564], "world_rotation": [0.00010935981708882991, 0.999999802003567, 0.0006197041691742159, -0.32219593578850936]}, {"color": "CVPurple", "id_name": "object225656261681685", "shape": "CVSphere", "id_string": "ob8521", "world_size": [0.04, 0.04, 0.04], "id": 8521, "camera_size": [16, 16], "camera_position": [256, 253], "world_position": [0.706904347482393, 0.6599618526109162, -0.14947073846366501], "world_orientation": [0.9999773832014128, -0.0007315365908414797, -0.006685651791042622, 0.0007338231844598058, 0.9999996730983671, 0.0003395683919279362, 0.0066854011987883466, -0.00034446679826549356, 0.9999775931256841], "world_rotation": [0.05078781326968821, 0.9927655071000239, -0.10879910815680255, -0.00673429624582854]}, {"color": "CVGreen", "id_name": "object83034439161691", "shape": "CVCylinder", "id_string": "ob8528", "world_size": [0.04, 0.04, 0.04], "id": 8528, "camera_size": [17, 18], "camera_position": [273, 258], "world_position": [0.6943864866464204, 0.6599408993429652, -0.10784497076831773], "world_orientation": [0.995979655294102, 0.0008184825334845762, -0.08957598074586814, -0.0010245668671252995, 0.9999969332712904, -0.0022547085730215523, 0.08957386060105119, 0.002337420449309132, 0.995977439484784], "world_rotation": [-0.02562312285872585, 0.9996187765263532, 0.010283831529315245, -0.08972944082200691]}, {"color": "CVGreen", "id_name": "object235163784589658", "shape": "CVBox", "id_string": "ob8535", "world_size": [0.04, 0.04, 0.04], "id": 8535, "camera_size": [17, 17], "camera_position": [231, 227], "world_position": [0.7720435170619792, 0.6599699920223505, -0.21171255161140962], "world_orientation": [0.9987140161927515, 0.00045935935987477213, 0.05069618180024388, -0.0004447680857445997, 0.9999998563605857, -0.00029909890973758266, -0.050696311912157746, 0.00027616622964903877, 0.9987140770464381], "world_rotation": [0.005673329366080837, 0.9999441521731683, -0.008916606338046647, 0.05072082290637448]}, {"color": "CVGreen", "id_name": "object105544245224876", "shape": "CVSphere", "id_string": "ob8542", "world_size": [0.04, 0.04, 0.04], "id": 8542, "camera_size": [20, 21], "camera_position": [257, 234], "world_position": [0.7543806814834843, 0.6599692301102844, -0.14603251278659934], "world_orientation": [0.9659085101827071, 0.0003519481213391713, 0.258883421812103, -0.00023980611857618502, 0.9999998632480103, -0.00046475475965498833, -0.25888354997884444, 0.0003868287489501903, 0.9659084624921092], "world_rotation": [0.0016447202062233957, 0.9999979943417279, -0.0011428945554632537, 0.2618666399725367]}, {"color": "CVRed", "id_name": "object138724349014853", "shape": "CVCone", "id_string": "ob8549", "world_size": [0.04, 0.04, 0.04], "id": 8549, "camera_size": [17, 16], "camera_position": [277, 241], "world_position": [0.7361378239251961, 0.659939348616907, -0.0987033647992549], "world_orientation": [0.9998424171008304, 0.00149196502360563, 0.017689403786935697, -0.0014816456617935672, 0.9999987244827179, -0.0005964554221782108, -0.017690271114423485, 0.0005701520026229303, 0.9998433523480527], "world_rotation": [0.03284036766015748, 0.9959490285736308, -0.08370808046531043, 0.017762724005291546]}, {"color": "CVRed", "id_name": "object266642840799517", "shape": "CVCapsule", "id_string": "ob8556", "world_size": [0.04, 0.08, 0.04], "id": 8556, "camera_size": [26, 37], "camera_position": [259, 263], "world_position": [0.6834911470612053, 0.6999970687066663, -0.14080401030181888], "world_orientation": [0.0007738952420138431, -0.9563925036214839, -0.2920835156300068, 0.9999996010452604, 0.0008704431031641181, -0.0002005944269197757, 0.0004460890879023627, -0.2920832438628313, 0.9563927956959377], "world_rotation": [0.14597345851146046, 0.14629700737672519, -0.9784114344399382, -1.5917792994889652]}, {"color": "CVGreen", "id_name": "object274236254646606", "shape": "CVBox", "id_string": "ob8563", "world_size": [0.04, 0.04, 0.04], "id": 8563, "camera_size": [21, 20], "camera_position": [279, 260], "world_position": [0.6885600215162575, 0.6998983606416026, -0.0945202170480604], "world_orientation": [0.9679689353849886, 0.0006390794520429943, -0.25106917713472077, -0.0013278010851036518, 0.999995806326414, -0.002573766474136722, 0.25106647939127635, 0.0028246959197352614, 0.9679657246096222], "world_rotation": [-0.010750300154159507, 0.9999345428224207, 0.003916773814281448, -0.25380023987292344]}, {"color": "CVGreen", "id_name": "object132956786293193", "shape": "CVCylinder", "id_string": "ob8570", "world_size": [0.04, 0.04, 0.04], "id": 8570, "camera_size": [18, 19], "camera_position": [263, 215], "world_position": [0.8014852575719865, 0.659964426436082, -0.13145932276584557], "world_orientation": [-0.9935566172496479, -8.845156455749484e-05, -0.11333684527000647, 0.00013879815727107632, -0.9999998951755703, -0.0004363300585552144, -0.11333679479545995, -0.00044924956225685363, 0.9935565253775563], "world_rotation": [0.056759916732881346, 0.00022175240810141085, -0.998387831796014, -3.1414788452504476]}, {"color": "CVYellow", "id_name": "object63096815534308", "shape": "CVCapsule", "id_string": "ob8577", "world_size": [0.04, 0.08, 0.04], "id": 8577, "camera_size": [24, 24], "camera_position": [272, 239], "world_position": [0.7390427683641602, 0.7199354585891551, -0.11082950917375409], "world_orientation": [0.8817512033975337, 0.00156142329856516, -0.4717121762942779, -0.0019011789840144568, 0.999998163067782, -0.00024367915959994682, 0.47171092930466635, 0.0011116736682945563, 0.8817525522255001], "world_rotation": [-0.001436621906426506, 0.9999922327515639, 0.0036702253391273387, -0.49123500755241706]}], "source": "manual check"}
