{"timestamp": 1721660497.586415, "objects": [{"color": "cv_", "id_name": "hand", "shape": "CVBox", "id_string": "ob383", "world_size": [0.005, 0.09, 0.5], "id": 383, "camera_size": [3, 208], "camera_position": [246, 271], "world_position": [0.6631843972955831, 0.6655571968880666, -0.17408319774525283], "world_orientation": [-5.1619309268285535e-06, -0.0016620101878609026, 0.9999986188467913, -0.0007632065697413729, -0.9999983276117921, -0.0016620136434494477, 0.9999997087445008, -0.0007632140948361821, 3.893465200077171e-06], "world_rotation": [0.0, 1.0, 0.0, 0.0]}, {"color": "CVYellow", "id_name": "object72574100010350", "shape": "CVBox", "id_string": "ob1486", "world_size": [0.04, 0.04, 0.04], "id": 1486, "camera_size": [17, 20], "camera_position": [255, 133], "world_position": [1.0127632077611288, 0.6199809765926848, -0.1522683567332089], "world_orientation": [0.9995788370924873, 0.0006684717230235873, -0.029012093726348196, -0.0006756844271749165, 0.999999743210758, -0.00023880739718812498, 0.02901192664036237, 0.0002583098403010199, 0.9995790320873286], "world_rotation": [-0.008564826644243819, 0.9996951185057236, 0.02315844943818857, -0.029024933261067334]}, {"color": "CVRed", "id_name": "object106181724005274", "shape": "CVCylinder", "id_string": "ob1493", "world_size": [0.04, 0.04, 0.04], "id": 1493, "camera_size": [17, 17], "camera_position": [219, 295], "world_position": [0.5999997953704898, 0.6199874429778595, -0.24500217275563144], "world_orientation": [0.9999999999994267, 3.172535299495186e-09, -1.0709715955987707e-06, -3.064853404514148e-09, 0.9999999949452539, 0.00010054597019761717, 1.0709719091709235e-06, -0.00010054597019427712, 0.9999999949446806], "world_rotation": [0.9999432764467477, 0.010650958969062548, 3.101583725834112e-05, -0.00010055167401361332]}, {"color": "CVPurple", "id_name": "object156374101832140", "shape": "CVSphere", "id_string": "ob1500", "world_size": [0.04, 0.04, 0.04], "id": 1500, "camera_size": [16, 17], "camera_position": [236, 295], "world_position": [0.5999962840122817, 0.6199874427507767, -0.2000000162778023], "world_orientation": [0.9999999877305992, -0.00015664605052739176, -9.037600883540243e-07, 0.0001566460504699635, 0.9999999877310054, -6.361417178064309e-08, 9.037700421745561e-07, 6.347260055182736e-08, 0.9999999999995898], "world_rotation": [-0.0004056426777704658, 0.00576937590625298, -0.9999832747379681, -0.00015664867112940038]}, {"color": "CVYellow", "id_name": "object154005188707355", "shape": "CVCapsule", "id_string": "ob1507", "world_size": [0.04, 0.08, 0.04], "id": 1507, "camera_size": [16, 32], "camera_position": [256, 236], "world_position": [0.7499779064419165, 0.6199603485225118, -0.14837659567208825], "world_orientation": [0.00026503876629943476, 0.9998635445381773, 0.016517325994390195, -0.9999999019266973, 0.00027086335977092327, -0.0003503992523870309, -0.0003548253769084988, -0.01651723150509592, 0.9998635182675478], "world_rotation": [-0.008083416287554589, 0.008436075853882258, -0.9999317431731576, 1.57059661659676]}, {"color": "CVGreen", "id_name": "object528152989947", "shape": "CVCone", "id_string": "ob1514", "world_size": [0.04, 0.04, 0.04], "id": 1514, "camera_size": [16, 17], "camera_position": [271, 295], "world_position": [0.5998869860980433, 0.6199874387595895, -0.11012087552462292], "world_orientation": [0.9999814175805932, -0.0004922888736957349, 0.0060763595328517375, 0.0004923314948015343, 0.9999998787896158, -5.5184466649595005e-06, -0.006076356079663972, 8.50992729063583e-06, 0.9999815387417781], "world_rotation": [0.00115056972451812, 0.9967332421204955, 0.08075593006878581, 0.006096310615135083]}, {"color": "CVYellow", "id_name": "object235337849206669", "shape": "CVCylinder", "id_string": "ob1521", "world_size": [0.04, 0.04, 0.04], "id": 1521, "camera_size": [16, 17], "camera_position": [289, 295], "world_position": [0.6, 0.6199874431539305, -0.065], "world_orientation": [1.0, 2.049142105997599e-16, 5.802954297681148e-18, -2.049142105997599e-16, 1.0, 6.179952383167331e-17, -5.802954297681148e-18, -6.179952383167331e-17, 1.0], "world_rotation": [-0.28863572672225335, 0.027102796704540077, -0.9570553043948448, 2.1410905896324258e-16]}, {"color": "CVYellow", "id_name": "object52868704394213", "shape": "CVCylinder", "id_string": "ob1528", "world_size": [0.04, 0.04, 0.04], "id": 1528, "camera_size": [18, 18], "camera_position": [217, 276], "world_position": [0.6480781257229526, 0.6199874431882512, -0.24817071576813837], "world_orientation": [0.9884645343115553, 1.0733377828367646e-10, 0.15145251535791684, -2.463805625490949e-11, 1.0, -5.478940596346318e-10, -0.15145251535791684, 5.37842350915478e-10, 0.9884645343115553], "world_rotation": [3.584411945830899e-09, 1.0, -4.356871664584322e-10, 0.1520375742525699]}, {"color": "CVBlue", "id_name": "object146880847279994", "shape": "CVBox", "id_string": "ob1535", "world_size": [0.04, 0.04, 0.04], "id": 1535, "camera_size": [16, 16], "camera_position": [236, 277], "world_position": [0.644921818834948, 0.6199874431866049, -0.20000000676869636], "world_orientation": [0.9999998126390981, -6.097098959784378e-10, -0.0006121452187005163, 6.0972735462698e-10, 1.0, 2.8333815161401652e-11, 0.0006121452187005163, -2.8707051537524814e-11, 0.9999998126390981], "world_rotation": [4.65909599195976e-08, 0.9999999999995031, -9.960359187265047e-07, -0.0006121452569315168]}, {"color": "CVPurple", "id_name": "object59807607370945", "shape": "CVBox", "id_string": "ob1542", "world_size": [0.04, 0.04, 0.04], "id": 1542, "camera_size": [22, 23], "camera_position": [258, 201], "world_position": [0.8410680980263292, 0.6199742654747223, -0.1439294155736533], "world_orientation": [-0.00013450315161434026, 0.8287630880568283, -0.5595996120293617, -0.9999995269029992, -0.000650578761444809, -0.000723146633198002, -0.0009633808593460527, 0.5595992500189623, 0.8287627834763907], "world_rotation": [-0.2812032886342582, 0.28035706995445236, 0.9177824490519702, -1.6569138811932727]}, {"color": "CVGreen", "id_name": "object211802702189224", "shape": "CVBox", "id_string": "ob1549", "world_size": [0.04, 0.04, 0.04], "id": 1549, "camera_size": [16, 16], "camera_position": [271, 277], "world_position": [0.6450081582846742, 0.6199748871946971, -0.10999511338685178], "world_orientation": [0.99999994291433, 0.00033772166903968495, -1.0742963433266191e-05, -0.00033772080370642147, 0.9999999397363124, 8.044893138236441e-05, 1.0770132133254369e-05, -8.044529866763571e-05, 0.9999999967062793], "world_rotation": [0.23161104968322532, 0.03096860990321986, 0.972315415318145, -0.00034733712727692524]}, {"color": "CVGreen", "id_name": "object17542526603214", "shape": "CVBox", "id_string": "ob1556", "world_size": [0.04, 0.04, 0.04], "id": 1556, "camera_size": [16, 16], "camera_position": [289, 277], "world_position": [0.6449999475848406, 0.6199874431910187, -0.06500000577854592], "world_orientation": [0.9999999999992915, -2.4218927825905687e-10, -1.1903993725218129e-06, 2.421889245672201e-10, 1.0, -2.971125221578208e-10, 1.1903993725218849e-06, 2.971122338483646e-10, 0.9999999999992915], "world_rotation": [-0.0002495904899295703, 0.9999999481559418, -0.00020345196280135592, -1.1903994342372676e-06]}, {"color": "CVGreen", "id_name": "object279594629244350", "shape": "CVBox", "id_string": "ob1563", "world_size": [0.04, 0.04, 0.04], "id": 1563, "camera_size": [17, 16], "camera_position": [218, 259], "world_position": [0.691752769323671, 0.6199762349379261, -0.2457513721687546], "world_orientation": [0.9996607552626774, 0.00019074619744548798, 0.02604492279776461, -0.0001923223234617139, 0.9999999798234381, 5.8010750903580664e-05, -0.026044911206937457, -6.300009112847616e-05, 0.9996607717777124], "world_rotation": [-0.002323049127599451, 0.9999702622461506, -0.007353779036332536, 0.02604863724626987]}, {"color": "CVYellow", "id_name": "object157854989009155", "shape": "CVCapsule", "id_string": "ob1570", "world_size": [0.04, 0.08, 0.04], "id": 1570, "camera_size": [18, 23], "camera_position": [236, 255], "world_position": [0.7029795395417379, 0.6427111976608675, -0.19928789194530724], "world_orientation": [0.984064512866322, 0.16790520893126967, 0.05852243442403276, -0.16822697327693031, 0.9857481163574096, 0.0005801378304916257, -0.05759097133450267, -0.010415945063510701, 0.9982859250280866], "world_rotation": [-0.03090591440021838, 0.32635175759255797, -0.9447430099086919, 0.17884802728448976]}, {"color": "CVYellow", "id_name": "object270699169849052", "shape": "CVCapsule", "id_string": "ob1577", "world_size": [0.04, 0.08, 0.04], "id": 1577, "camera_size": [16, 34], "camera_position": [250, 156], "world_position": [0.952872927473241, 0.6199917875226968, -0.16389214710833927], "world_orientation": [-0.0007606874218220847, 0.9998682402273505, -0.016214917184724793, -0.9999989945380349, -0.0007799925364702886, -0.0011842865203955865, -0.001196777993456479, 0.016214000009382397, 0.9998678282283765], "world_rotation": [-0.00869914630788669, 0.007509072222338971, 0.9999339671637691, -1.571632752757383]}, {"color": "CVRed", "id_name": "object211515090763807", "shape": "CVCylinder", "id_string": "ob1584", "world_size": [0.04, 0.04, 0.04], "id": 1584, "camera_size": [16, 16], "camera_position": [273, 259], "world_position": [0.6903544464324803, 0.6199748863018809, -0.1057671224827552], "world_orientation": [0.9997866279327634, -8.725091071042395e-05, -0.020656500045088948, 8.791042268384558e-05, 0.9999999956547735, 3.1019520370259024e-05, 0.020656497248850374, -3.2828823321205616e-05, 0.9997866312587285], "world_rotation": [0.0015454626328363576, 0.9999898176965246, -0.004239817038743687, -0.020658178296996395]}, {"color": "CVBlue", "id_name": "object274556483212446", "shape": "CVCone", "id_string": "ob1591", "world_size": [0.04, 0.04, 0.04], "id": 1591, "camera_size": [16, 15], "camera_position": [289, 260], "world_position": [0.6900000046156777, 0.6199878930051298, -0.06461842841093562], "world_orientation": [0.9999999994905989, 2.7850327979375598e-05, -1.559364431852886e-05, -2.7850680621624767e-05, 0.9999999993564569, -2.2614724624855847e-05, 1.5593014480973e-05, 2.261515890695918e-05, 0.9999999996227062], "world_rotation": [-0.5781173029891162, 0.3986202410122876, 0.7119566612090206, -3.911825792922336e-05]}, {"color": "CVBlue", "id_name": "object35187493999606", "shape": "CVCylinder", "id_string": "ob1598", "world_size": [0.04, 0.04, 0.04], "id": 1598, "camera_size": [17, 17], "camera_position": [219, 242], "world_position": [0.7356569653965662, 0.6199874431876333, -0.24525380783202586], "world_orientation": [0.9995389819321971, 2.308246569523781e-09, 0.03036154801631919, -2.3210244988369374e-09, 1.0, 3.856158808860735e-10, -0.03036154801631919, -4.5590800176624776e-10, 0.9995389819321971], "world_rotation": [-1.3858382355866765e-08, 0.999999999999997, -7.6235754940303e-08, 0.030366214617619614]}, {"color": "CVYellow", "id_name": "object2953466361790", "shape": "CVSphere", "id_string": "ob1605", "world_size": [0.04, 0.04, 0.04], "id": 1605, "camera_size": [17, 18], "camera_position": [235, 239], "world_position": [0.7411548278060714, 0.6218108740744145, -0.203440948156675], "world_orientation": [0.9933654611760226, 0.09842826100638492, 0.059472161368215516, -0.09866455828974847, 0.995120202614473, 0.0010427300796513484, -0.05907931516222014, -0.006903606578386644, 0.998229419891126], "world_rotation": [-0.034528677887071535, 0.5151336927080093, -0.8564140640136529, 0.11532410781144004]}, {"color": "CVRed", "id_name": "object260475810239965", "shape": "CVCylinder", "id_string": "ob1612", "world_size": [0.04, 0.04, 0.04], "id": 1612, "camera_size": [17, 19], "camera_position": [258, 118], "world_position": [1.0525628301692607, 0.6199922979047556, -0.14534051672475806], "world_orientation": [0.9995600389439501, 0.0007164441651477145, -0.02965156410928975, -0.000714728088597947, 0.999999742237541, 6.84734334594452e-05, 0.02965160552362154, -4.7250502075579256e-05, 0.9995602933576652], "world_rotation": [0.0019508237333161302, 0.9997070203833638, 0.024126078897701925, -0.02966462524314701]}, {"color": "CVBlue", "id_name": "object276734343525300", "shape": "CVCapsule", "id_string": "ob1619", "world_size": [0.04, 0.08, 0.04], "id": 1619, "camera_size": [18, 18], "camera_position": [273, 242], "world_position": [0.7340205281715717, 0.6399497711649176, -0.10702769578534622], "world_orientation": [0.9983970721470601, -0.00020904935681781092, 0.056597196278125005, 0.00021971277635741466, 0.9999999592671894, -0.00018218648632753744, -0.05659715588679432, 0.00019432958166248622, 0.9983970774103558], "world_rotation": [0.0033262373686616157, 0.9999872943068495, 0.00378779221096161, 0.056628155716684156]}, {"color": "CVPurple", "id_name": "object262249953868628", "shape": "CVCylinder", "id_string": "ob1626", "world_size": [0.04, 0.04, 0.04], "id": 1626, "camera_size": [16, 16], "camera_position": [289, 242], "world_position": [0.735, 0.6199874431539305, -0.065], "world_orientation": [1.0, 4.228388472693457e-17, -1.6957377686420176e-17, -4.228388472693457e-17, 1.0, 1.0733601507606494e-16, 1.6957377686420176e-17, -1.0733601507606494e-16, 1.0], "world_rotation": [0.92051720276698, 0.14542702990328832, 0.3626279889688094, -1.1660402951017529e-16]}, {"color": "CVPurple", "id_name": "object212337175524033", "shape": "CVCapsule", "id_string": "ob1633", "world_size": [0.04, 0.08, 0.04], "id": 1633, "camera_size": [21, 35], "camera_position": [216, 200], "world_position": [0.8428556452595208, 0.619975254754072, -0.25163764584168763], "world_orientation": [0.0001331751577021774, 0.992633224826176, 0.12115800937438632, -0.9999994167606221, 2.3375582517042373e-06, 0.0010800337734109056, 0.0010717941935174807, -0.12115808254393243, 0.9926326461946959], "world_rotation": [-0.061119457724807785, 0.06004350012253855, -0.9963228342161291, 1.57441225521924]}, {"color": "CVPurple", "id_name": "object275524392162184", "shape": "CVCylinder", "id_string": "ob1640", "world_size": [0.04, 0.04, 0.04], "id": 1640, "camera_size": [18, 18], "camera_position": [236, 220], "world_position": [0.7903676211586043, 0.619987443171892, -0.19964804963523766], "world_orientation": [0.9881837765658158, 7.551064236179461e-11, 0.15327368897538138, 9.550461786046914e-12, 1.0, -5.542259361365186e-10, -0.15327368897538138, 5.491409131514755e-10, 0.9881837765658158], "world_rotation": [3.59933546541447e-09, 1.0, -2.1517124372971195e-10, 0.1538802622938634]}, {"color": "CVPurple", "id_name": "object246135040181930", "shape": "CVCylinder", "id_string": "ob1647", "world_size": [0.04, 0.04, 0.04], "id": 1647, "camera_size": [16, 21], "camera_position": [260, 102], "world_position": [1.092871718578542, 0.619990506083511, -0.13887304733408218], "world_orientation": [0.9980421484114698, 0.0005655980071192163, -0.06254238637206111, -0.0005585284131019591, 0.9999998355052896, 0.00013051975138343003, 0.06254244990588065, -9.533251326885311e-05, 0.998042300141373], "world_rotation": [0.0018055168266600805, 0.9999579902709735, 0.008986534494693964, -0.06258589573803963]}, {"color": "CVGreen", "id_name": "object274586919553765", "shape": "CVBox", "id_string": "ob1654", "world_size": [0.04, 0.04, 0.04], "id": 1654, "camera_size": [17, 17], "camera_position": [273, 224], "world_position": [0.7812720004088605, 0.6199878402180609, -0.10616153772820887], "world_orientation": [0.9971342116920889, -1.7825622446692804e-05, -0.07565291504921419, -5.18929792802092e-06, 0.999999953772258, -0.0003040206462154801, 0.075652916971308, 0.0003035419729175059, 0.9971341655043232], "world_rotation": [-0.004015428293895282, 0.9999919346479521, -8.351444510448312e-05, -0.07572587929238425]}, {"color": "CVBlue", "id_name": "object69997145900120", "shape": "CVCapsule", "id_string": "ob1661", "world_size": [0.04, 0.08, 0.04], "id": 1661, "camera_size": [17, 17], "camera_position": [290, 224], "world_position": [0.7798587130758348, 0.6399752786337112, -0.06484842463779515], "world_orientation": [0.9999749941100443, -9.423524582854582e-06, -0.007071850239816771, 7.711554450416475e-06, 0.9999999706617412, -0.0002421095798392615, 0.007071852313866578, 0.00024204899071556113, 0.999974964845189], "world_rotation": [-0.03421132461638372, 0.9994138878655788, -0.0012107887514267355, -0.007076057655738909]}, {"color": "CVYellow", "id_name": "object276562981991565", "shape": "CVCylinder", "id_string": "ob1668", "world_size": [0.04, 0.04, 0.04], "id": 1668, "camera_size": [20, 21], "camera_position": [230, 271], "world_position": [0.6630884029098799, 0.6622171660714902, -0.2126086989696289], "world_orientation": [0.9751308584362963, 0.16793184978513367, 0.1446329933073195, -0.15958462740244853, 0.9848681099376252, -0.06758367202743212, -0.15379387381203938, 0.04282172177333754, 0.9871746271669738], "world_rotation": [0.24178071167995135, 0.6535356456111283, -0.7172400207567772, 0.23034888517757854]}, {"color": "CVRed", "id_name": "object173002198267078", "shape": "CVSphere", "id_string": "ob1675", "world_size": [0.04, 0.04, 0.04], "id": 1675, "camera_size": [19, 21], "camera_position": [268, 151], "world_position": [0.9686426254059904, 0.6199874431991294, -0.1194722330687646], "world_orientation": [-0.9772087159096113, -0.2122807705617465, 1.0105034864427156e-10, -1.5722355362068899e-10, 2.477371641163018e-10, -1.0, 0.2122807705617465, -0.9772087159096113, -2.7546653846854957e-10], "world_rotation": [-0.0756998826594721, 0.7050778425211088, -0.705077842334533, -2.990481095547268]}, {"color": "CVRed", "id_name": "object51208630039446", "shape": "CVCone", "id_string": "ob1682", "world_size": [0.04, 0.04, 0.04], "id": 1682, "camera_size": [17, 17], "camera_position": [271, 280], "world_position": [0.6400681576285219, 0.6599635238743248, -0.11228683422074598], "world_orientation": [0.9998366352288833, 0.00023647566355464595, 0.018073376370944794, -0.00023860473228251214, 0.9999999648469956, 0.00011564510085561623, -0.018073348388359355, -0.00011993860165061457, 0.9998366565058339], "world_rotation": [-0.006516727510233879, 0.9998924082517096, -0.013141696357552262, 0.018076291529149947]}, {"color": "CVBlue", "id_name": "object61585357270751", "shape": "CVCone", "id_string": "ob1689", "world_size": [0.04, 0.04, 0.04], "id": 1689, "camera_size": [18, 20], "camera_position": [235, 252], "world_position": [0.708057306825634, 0.7027021777931781, -0.1996032677617842], "world_orientation": [0.9821506981231386, 0.167965141421342, 0.08466237324538015, -0.16824294184528543, 0.985737870345009, -0.0038940322199414847, -0.08410896917377703, -0.010419320275076832, 0.9964020870459526], "world_rotation": [-0.017343071108727105, 0.4485646254937725, -0.893582114100405, 0.18925146356060207]}, {"color": "CVPurple", "id_name": "object105490090514711", "shape": "CVCone", "id_string": "ob1696", "world_size": [0.04, 0.04, 0.04], "id": 1696, "camera_size": [19, 25], "camera_position": [257, 214], "world_position": [0.8036582116925506, 0.6557623031145935, -0.14831237960582394], "world_orientation": [0.8217408265037838, -0.5604010604940556, -0.10340534538415486, 0.5698609336266347, 0.8083302462856697, 0.14785374282015704, 0.0007282740271972732, -0.18042412348931286, 0.9835886362092918], "world_rotation": [0.27783245337676965, 0.08813173816837426, -0.9565782375624412, -0.6320300437991937]}, {"color": "CVYellow", "id_name": "object276132552138358", "shape": "CVSphere", "id_string": "ob1703", "world_size": [0.04, 0.04, 0.04], "id": 1703, "camera_size": [18, 18], "camera_position": [273, 261], "world_position": [0.6875785388653779, 0.6599655344675576, -0.1068115667878026], "world_orientation": [0.9938663155765777, -0.00023871875599565783, -0.1105879278022425, 0.00024328576369473203, 0.9999999700194895, 2.7803909684138616e-05, 0.11058791784944519, -5.453783774718538e-05, 0.9938663438568331], "world_rotation": [0.0003722899575745293, 0.9999975560738894, -0.002179276585500334, -0.1108148536892039]}, {"color": "CVPurple", "id_name": "object44828386415180", "shape": "CVCone", "id_string": "ob1710", "world_size": [0.04, 0.04, 0.04], "id": 1710, "camera_size": [18, 19], "camera_position": [227, 237], "world_position": [0.7468834687521705, 0.6613081980165298, -0.21985705736416744], "world_orientation": [0.9928086660398916, 0.09850482986754813, 0.06802757623829297, -0.09879393318201002, 0.9951075147078089, 0.0008904709296411874, -0.06760703663465743, -0.0076047790772243735, 0.9976830438233711], "world_rotation": [-0.03545981067085157, 0.5661490467028206, -0.8235398343399515, 0.12007535363247666]}, {"color": "CVPurple", "id_name": "object122739868074908", "shape": "CVCone", "id_string": "ob1717", "world_size": [0.04, 0.04, 0.04], "id": 1717, "camera_size": [21, 24], "camera_position": [229, 107], "world_position": [1.0791650145076066, 0.6199874431850741, -0.21856648616244626], "world_orientation": [0.9108794148312623, 0.4126726204107287, -5.60015700479255e-10, 6.235980343216597e-10, -1.9402750239816413e-11, 1.0, 0.41267262041072883, -0.9108794148312622, -2.750154132202809e-10], "world_rotation": [0.9563896923285424, 0.20654146878099833, 0.20654146818860303, -1.6153713793510385]}, {"color": "CVRed", "id_name": "object223950200647843", "shape": "CVCone", "id_string": "ob1724", "world_size": [0.04, 0.04, 0.04], "id": 1724, "camera_size": [18, 17], "camera_position": [273, 241], "world_position": [0.7355634677537966, 0.6999372146171522, -0.10756786716391184], "world_orientation": [0.9995931953104349, -0.0004546762858547483, -0.02851731331227003, 0.0004502964780720069, 0.9999998858155893, -0.0001600059071065704, 0.02851738280692898, 0.00014709957020460988, 0.9995932859116049], "world_rotation": [-0.005383782089043708, 0.9998596511825079, -0.015864829895444757, -0.028525219278848657]}, {"color": "CVYellow", "id_name": "object242845220589454", "shape": "CVCylinder", "id_string": "ob1731", "world_size": [0.04, 0.04, 0.04], "id": 1731, "camera_size": [16, 16], "camera_position": [256, 241], "world_position": [0.736217099402023, 0.6599444152088804, -0.1491517625327629], "world_orientation": [0.9999886178090732, -0.00026530588687537194, -0.004763807834671339, 0.000263691012534385, 0.9999999075650167, -0.00033961302702321976, 0.004763897495664171, 0.0003383529881714594, 0.9999885953339199], "world_rotation": [-0.07086925709951096, 0.9959516900416273, -0.055297192527193256, -0.004783234848115762]}, {"color": "CVRed", "id_name": "object126904389919532", "shape": "CVCylinder", "id_string": "ob1738", "world_size": [0.04, 0.04, 0.04], "id": 1738, "camera_size": [23, 21], "camera_position": [315, 258], "world_position": [0.6946674502424205, 0.6199874431799683, -0.0004101892609476292], "world_orientation": [0.49313498033616626, -0.8699528097367402, 3.7706188171782184e-10, -5.224415899895975e-10, 1.3728046477368141e-10, 1.0, -0.8699528097367403, -0.4931349803361663, -3.8680186831285834e-10], "world_rotation": [-0.7717631886210586, 0.4496563026954997, 0.4496563022305694, 1.827023294374241]}, {"color": "CVPurple", "id_name": "object149496064226272", "shape": "CVCapsule", "id_string": "ob1745", "world_size": [0.04, 0.08, 0.04], "id": 1745, "camera_size": [23, 25], "camera_position": [234, 194], "world_position": [0.8557462951326194, 0.6399754564481422, -0.20474946569163172], "world_orientation": [-0.7286452388146789, 0.00015638793303952614, 0.684891299036215, -0.0006119333997880661, 0.9999994261262096, -0.0008793661160060927, -0.6848910435172983, -0.0010598537947072925, -0.7286447249652742], "world_rotation": [-0.00013176374314015756, 0.9999998340105257, -0.0005609075116722947, 2.3871381668034837]}, {"color": "CVYellow", "id_name": "object23310577862010", "shape": "CVCylinder", "id_string": "ob1752", "world_size": [0.04, 0.04, 0.04], "id": 1752, "camera_size": [23, 23], "camera_position": [277, 245], "world_position": [0.7258517084208785, 0.739919138884892, -0.10032821276233839], "world_orientation": [-0.48320719698908593, -0.0006677419404188537, -0.8755057731955008, -0.0007060938322783586, 0.9999996811561187, -0.00037298681060095654, 0.8755057431047787, 0.0004379593153130513, -0.48320751440989346], "world_rotation": [-0.0004631300429498311, 0.9999998925154117, 2.1902704454109776e-05, -2.0751109644590047]}], "source": "manual check"}
