{"timestamp": 1721660762.127747, "objects": [{"color": "cv_", "id_name": "hand", "shape": "CVBox", "id_string": "ob383", "world_size": [0.005, 0.09, 0.5], "id": 383, "camera_size": [3, 208], "camera_position": [246, 271], "world_position": [0.6632103851906576, 0.6657562421822825, -0.1740920076867234], "world_orientation": [-1.9154185257676254e-06, -0.0016633701695736448, 0.9999986165970481, -0.0007625571381869326, -0.9999983258501186, -0.0016633711465708992, 0.9999997092514289, -0.0007625592693154028, 6.470005231772547e-07], "world_rotation": [0.0, 1.0, 0.0, 0.0]}, {"color": "CVPurple", "id_name": "object126595945964032", "shape": "CVCone", "id_string": "ob3943", "world_size": [0.04, 0.04, 0.04], "id": 3943, "camera_size": [19, 23], "camera_position": [255, 118], "world_position": [1.0531752712984936, 0.6200258767892669, -0.15226672444664063], "world_orientation": [-0.0024285174435629414, 0.965137253037347, -0.2617330416713767, -0.9999970480397813, -0.002323226056876782, 0.0007117109050033542, 7.883368545508196e-05, 0.26173399744819736, 0.9651400459855748], "world_rotation": [-0.13053674871549162, 0.13093162057842486, 0.9827599238712862, -1.5906034706597696]}, {"color": "CVRed", "id_name": "object27562377911950", "shape": "CVCapsule", "id_string": "ob3950", "world_size": [0.04, 0.08, 0.04], "id": 3950, "camera_size": [18, 18], "camera_position": [218, 295], "world_position": [0.5999999990013746, 0.6399748858658721, -0.2450000007569305], "world_orientation": [1.0, -3.10178516265005e-12, -6.130197194629276e-09, 3.10178516265005e-12, 1.0, 4.359023548679951e-13, 6.130197194629276e-09, -4.359023548679951e-13, 1.0], "world_rotation": [7.110738596597559e-05, 0.9999998694617047, -0.0005059844992369585, -6.1301979948548725e-09]}, {"color": "CVGreen", "id_name": "object109506429519853", "shape": "CVCone", "id_string": "ob3957", "world_size": [0.04, 0.04, 0.04], "id": 3957, "camera_size": [16, 17], "camera_position": [236, 295], "world_position": [0.5999999870113027, 0.6199874431540787, -0.20000000030549947], "world_orientation": [0.9999999999999515, -4.883214745827384e-10, 3.116651928825713e-07, 4.883214579803649e-10, 1.0, 5.332593964240767e-11, -3.1166519288259733e-07, -5.3325787609326535e-11, 0.9999999999999515], "world_rotation": [-0.00017109962423844842, 0.9999987579112858, 0.0015668123065861188, 3.1166557999888884e-07]}, {"color": "CVRed", "id_name": "object187480984494991", "shape": "CVCapsule", "id_string": "ob3964", "world_size": [0.04, 0.08, 0.04], "id": 3964, "camera_size": [19, 33], "camera_position": [257, 229], "world_position": [0.7679851026878985, 0.619974886375004, -0.14625239830550946], "world_orientation": [5.171685748921185e-10, 0.994695225960936, -0.10286596837886997, -1.0, 5.229310812496225e-10, 2.90521356971496e-11, 8.268983414660981e-11, 0.10286596837886998, 0.994695225960936], "world_rotation": [-0.051433165095349356, 0.05143316515122053, 0.9973511212460743, -1.57344871640438]}, {"color": "CVYellow", "id_name": "object176163875971615", "shape": "CVSphere", "id_string": "ob3971", "world_size": [0.04, 0.04, 0.04], "id": 3971, "camera_size": [16, 17], "camera_position": [271, 295], "world_position": [0.6000596029580547, 0.6199874431993929, -0.10992520604773443], "world_orientation": [0.9999543494701519, -2.1991168137903083e-10, -0.009555049750032503, 2.1904563979515402e-10, 1.0, -9.168357636134365e-11, 0.009555049750032503, 8.958639897173172e-11, 0.9999543494701519], "world_rotation": [-9.485558949206868e-09, 0.9999999999999996, -2.2969912907711e-08, -0.009555195150382154]}, {"color": "CVRed", "id_name": "object94090462576150", "shape": "CVSphere", "id_string": "ob3978", "world_size": [0.04, 0.04, 0.04], "id": 3978, "camera_size": [16, 17], "camera_position": [289, 295], "world_position": [0.6, 0.6199874431539305, -0.065], "world_orientation": [1.0, 2.049142105997599e-16, 5.802954297681148e-18, -2.049142105997599e-16, 1.0, 6.179952383167331e-17, -5.802954297681148e-18, -6.179952383167331e-17, 1.0], "world_rotation": [-0.28863572672225335, 0.027102796704540077, -0.9570553043948448, 2.1410905896324258e-16]}, {"color": "CVYellow", "id_name": "object55782648885618", "shape": "CVCylinder", "id_string": "ob3985", "world_size": [0.04, 0.04, 0.04], "id": 3985, "camera_size": [17, 16], "camera_position": [219, 277], "world_position": [0.645526519629891, 0.6199841699129659, -0.24459497191088256], "world_orientation": [0.9997990045317828, 0.0002571490095230019, 0.020047054936902724, -0.00025668788599206174, 0.9999999667286178, -2.557523180745012e-05, -0.020047060846555026, 2.04242551496391e-05, 0.9997990372741236], "world_rotation": [0.0011471927660528446, 0.9999172301850918, -0.01281470747740777, 0.020050060663896526]}, {"color": "CVRed", "id_name": "object176312955881189", "shape": "CVCylinder", "id_string": "ob3992", "world_size": [0.04, 0.04, 0.04], "id": 3992, "camera_size": [16, 16], "camera_position": [235, 276], "world_position": [0.6475853650047556, 0.6199874431866971, -0.20212764923890833], "world_orientation": [0.9999891983162019, -5.147860148751967e-10, -0.0046479297455800875, 5.13868561100939e-10, 1.0, -1.9858398695656318e-10, 0.0046479297455800875, 1.9619341694467635e-10, 0.9999891983162019], "world_rotation": [-4.2468090688832725e-08, 0.9999999999999929, -1.1065728531657771e-07, -0.004647946480808237]}, {"color": "CVBlue", "id_name": "object92416325608657", "shape": "CVCapsule", "id_string": "ob3999", "world_size": [0.04, 0.08, 0.04], "id": 3999, "camera_size": [22, 36], "camera_position": [257, 158], "world_position": [0.9487186263288959, 0.6200379503990815, -0.14682685072156892], "world_orientation": [-0.002068037323459546, 0.9783357867763971, -0.20701403704637272, -0.9999971891759849, -0.0022633093151666374, -0.0007064496257737779, -0.0011596817488665897, 0.20701199420215266, 0.9783377174548108], "world_rotation": [-0.10386799482933759, 0.10293587183500438, 0.9892500421732112, -1.5837935073121856]}, {"color": "CVGreen", "id_name": "object259051835084291", "shape": "CVSphere", "id_string": "ob4006", "world_size": [0.04, 0.04, 0.04], "id": 4006, "camera_size": [17, 17], "camera_position": [272, 278], "world_position": [0.6452212448813095, 0.6199926284126157, -0.11002372922589432], "world_orientation": [0.998635066674037, 0.0027541317703215712, -0.052157629999202725, -0.002958546002783217, 0.9999882415679077, -0.0038423601436743376, 0.05214643434110757, 0.00399142632601267, 0.9986314725169604], "world_rotation": [-0.0747828990588831, 0.9957075477070441, 0.054534369415750655, -0.05240083482280525]}, {"color": "CVBlue", "id_name": "object167973879043255", "shape": "CVSphere", "id_string": "ob4013", "world_size": [0.04, 0.04, 0.04], "id": 4013, "camera_size": [16, 16], "camera_position": [289, 277], "world_position": [0.6449999997973194, 0.6199874431562564, -0.06499999895838807], "world_orientation": [0.9999999999999996, -1.616135771725349e-10, -3.096868623767306e-08, 1.6161357385733226e-10, 1.0, -1.1559805540443779e-10, 3.096868623769036e-08, 1.1559805076956953e-10, 0.9999999999999996], "world_rotation": [-0.003732663143842828, 0.9999794170030292, -0.00521850516301709, -3.0969323679177194e-08]}, {"color": "CVYellow", "id_name": "object107002434233086", "shape": "CVBox", "id_string": "ob4020", "world_size": [0.04, 0.04, 0.04], "id": 4020, "camera_size": [17, 17], "camera_position": [219, 260], "world_position": [0.6898175833133235, 0.6199823096770539, -0.24472057183556006], "world_orientation": [0.9997425138418805, 0.00017522405325908993, 0.02269086410096781, -0.00017821049012047897, 0.9999999757234675, 0.00012959199648368292, -0.022690840842477418, -0.00013360237835107516, 0.9997425207983633], "world_rotation": [-0.005799296609235607, 0.9999528590422452, -0.007787673084938533, 0.022693870075423492]}, {"color": "CVPurple", "id_name": "object131288874541029", "shape": "CVBox", "id_string": "ob4027", "world_size": [0.04, 0.04, 0.04], "id": 4027, "camera_size": [16, 16], "camera_position": [236, 260], "world_position": [0.689640769867564, 0.619964674420879, -0.20043887954039857], "world_orientation": [0.9999511431304041, 0.002069490160628688, -0.0096658451608307, -0.0020644265343987846, 0.9999977265891944, 0.0005338160047817071, 0.009666927913363347, -0.0005138354969753712, 0.9999531421410705], "world_rotation": [0.05291824202107202, 0.9765235507827144, 0.20880951709181855, -0.009898936280285273]}, {"color": "CVBlue", "id_name": "object159137734928021", "shape": "CVCylinder", "id_string": "ob4034", "world_size": [0.04, 0.04, 0.04], "id": 4034, "camera_size": [19, 22], "camera_position": [257, 134], "world_position": [1.0099637607505605, 0.620035653417051, -0.1465085291216639], "world_orientation": [0.9783940186213322, 0.0024429947758822968, -0.20673455468916055, -0.0026018763578474916, 0.9999964917845207, -0.0004966468258507197, 0.20673261611419472, 0.0010238140339754712, 0.9783969425746407], "world_rotation": [-0.0036770450555374786, 0.9999188115919947, 0.012200391965515908, -0.2082523954771072]}, {"color": "CVGreen", "id_name": "object213845371342738", "shape": "CVSphere", "id_string": "ob4041", "world_size": [0.04, 0.04, 0.04], "id": 4041, "camera_size": [17, 16], "camera_position": [272, 259], "world_position": [0.6906381830945919, 0.6199791246410248, -0.10935511373346171], "world_orientation": [0.9994563102236773, -0.00015042656476458454, -0.03297061306559473, 0.00015222205140052647, 0.9999999870649742, 5.19470780003036e-05, 0.03297060482489849, -5.693768926186254e-05, 0.9994563201939243], "world_rotation": [0.0016512202154014954, 0.9999881043673826, -0.004589618233484181, -0.03297697780433733]}, {"color": "CVGreen", "id_name": "object72994047500147", "shape": "CVCone", "id_string": "ob4048", "world_size": [0.04, 0.04, 0.04], "id": 4048, "camera_size": [16, 15], "camera_position": [289, 260], "world_position": [0.6900034012087535, 0.6199832041794254, -0.06500434100238335], "world_orientation": [0.9999999921957146, 0.0001190369866524085, -3.7931078388643544e-05, -0.00011902968747087777, 0.9999999744115244, 0.00019237693211974493, 3.795397738836159e-05, -0.0001923724156939713, 0.9999999807761745], "world_rotation": [0.8386612250734581, 0.1654112065539465, 0.5189282053469961, -0.00022938305699899807]}, {"color": "CVYellow", "id_name": "object263075250506196", "shape": "CVBox", "id_string": "ob4055", "world_size": [0.04, 0.04, 0.04], "id": 4055, "camera_size": [16, 17], "camera_position": [218, 242], "world_position": [0.7354367531211351, 0.6199759618874084, -0.24561287005986937], "world_orientation": [0.9996974947832888, 0.00019716496216828753, 0.024594309301014135, -0.00020940761331449088, 0.9999998554580485, 0.0004952093836139528, -0.024594208108165285, -0.0005002098158038886, 0.9996973915729062], "world_rotation": [-0.02023198719911362, 0.9997611610745655, -0.008263625161629361, 0.024602616046735363]}, {"color": "CVPurple", "id_name": "object34615206942227", "shape": "CVCylinder", "id_string": "ob4062", "world_size": [0.04, 0.04, 0.04], "id": 4062, "camera_size": [17, 18], "camera_position": [236, 238], "world_position": [0.7444414489795917, 0.6208675459089452, -0.20099563021054465], "world_orientation": [0.9986845898134217, 0.04375914437086951, 0.026725032331639167, -0.04384048685734765, 0.9990355023713102, 0.002465099149109432, -0.02659138547177425, -0.0036334949612751703, 0.9996397830884173], "world_rotation": [-0.05936505620326784, 0.5189937356327755, -0.8527140742804235, 0.05138779802919725]}, {"color": "CVGreen", "id_name": "object202179277389934", "shape": "CVBox", "id_string": "ob4069", "world_size": [0.04, 0.04, 0.04], "id": 4069, "camera_size": [20, 22], "camera_position": [279, 110], "world_position": [1.071098730794479, 0.6199874431878358, -0.09033019640896328], "world_orientation": [-0.2068864773171828, -0.9783649551692286, -5.544735781626286e-10, 2.723802849935452e-10, 5.091371768628504e-10, -1.0, 0.9783649551692286, -0.20688647731718296, 1.6115397905025472e-10], "world_rotation": [-0.4973085020581347, 0.6134672990460522, -0.6134672988691704, -2.2186084662044543]}, {"color": "CVPurple", "id_name": "object76772152512111", "shape": "CVCylinder", "id_string": "ob4076", "world_size": [0.04, 0.04, 0.04], "id": 4076, "camera_size": [16, 16], "camera_position": [273, 241], "world_position": [0.7361942641666467, 0.6199874431852401, -0.10501265557523173], "world_orientation": [0.9999593874995176, -4.760360909704178e-10, 0.009012399879604022, 4.724910740539429e-10, 1.0, 3.954780089717691e-10, -0.009012399879604022, -3.9120366912201537e-10, 0.9999593874995176], "world_rotation": [-4.364440596306226e-08, 0.9999999999999977, 5.26234508951923e-08, 0.009012521886950873]}, {"color": "CVPurple", "id_name": "object26331159531499", "shape": "CVCapsule", "id_string": "ob4083", "world_size": [0.04, 0.08, 0.04], "id": 4083, "camera_size": [18, 17], "camera_position": [290, 242], "world_position": [0.73531492019067, 0.639974886322682, -0.06399948525288314], "world_orientation": [0.9999085620974071, -2.0445233447913074e-10, 0.013522848971124537, 2.1174577982610196e-10, 1.0, -5.379105965403515e-10, -0.013522848971124537, 5.40724817324482e-10, 0.9999085620974071], "world_rotation": [3.9881958904076076e-08, 0.9999999999999991, 1.538869934855976e-08, 0.013523261153182548]}, {"color": "CVRed", "id_name": "object178995517141855", "shape": "CVCylinder", "id_string": "ob4090", "world_size": [0.04, 0.04, 0.04], "id": 4090, "camera_size": [17, 16], "camera_position": [219, 224], "world_position": [0.78, 0.6199874431539305, -0.245], "world_orientation": [1.0, -2.2442984970449937e-16, -1.4488340486922525e-17, 2.2442984970449937e-16, 1.0, -5.952269926945416e-16, 1.4488340486922525e-17, 5.952269926945416e-16, 1.0], "world_rotation": [-0.9354546928465729, 0.022769777356192403, -0.3527124251716587, -6.362969764823948e-16]}, {"color": "CVYellow", "id_name": "object39203616881718", "shape": "CVBox", "id_string": "ob4097", "world_size": [0.04, 0.04, 0.04], "id": 4097, "camera_size": [16, 17], "camera_position": [236, 223], "world_position": [0.7848600008650205, 0.6204641370516556, -0.19946996181185467], "world_orientation": [0.9993321896485126, 0.024892114102490644, 0.026749904445025837, -0.024893088506630943, 0.9996900750514762, -0.0002966280077511636, -0.02674899768048263, -0.0003694578223968919, 0.999642113270548], "world_rotation": [-0.0009965748913905415, 0.7320581939496803, -0.6812413724294921, 0.03654819712552411]}, {"color": "CVPurple", "id_name": "object220659374062460", "shape": "CVCapsule", "id_string": "ob4111", "world_size": [0.04, 0.08, 0.04], "id": 4111, "camera_size": [29, 37], "camera_position": [278, 188], "world_position": [0.8736152602159919, 0.6199744831355909, -0.09427501349887762], "world_orientation": [0.00010648027876987434, 0.8795538345216641, -0.47579937036548, -0.9999999615732952, -2.8130321858714502e-05, -0.00027579357037516017, -0.0002559596817884869, 0.4757993814486542, 0.8795537977279839], "world_rotation": [-0.23846986073296833, 0.23820349572667346, 0.941483520910266, -1.6310166443828062]}, {"color": "CVRed", "id_name": "object182265990041415", "shape": "CVBox", "id_string": "ob4118", "world_size": [0.04, 0.04, 0.04], "id": 4118, "camera_size": [16, 16], "camera_position": [289, 224], "world_position": [0.7800778009585828, 0.6199874431581749, -0.06490757781014107], "world_orientation": [0.9999999989798378, -4.392960942971724e-10, 4.51699497019226e-05, 4.392767560253877e-10, 1.0, 4.281324216594509e-10, -4.516994970192279e-05, -4.2811257911374633e-10, 0.9999999989798378], "world_rotation": [-9.478038013597781e-06, 0.9999999999077938, 9.725191814904247e-06, 4.516994972144787e-05]}, {"color": "CVPurple", "id_name": "object132649542241629", "shape": "CVBox", "id_string": "ob4125", "world_size": [0.04, 0.04, 0.04], "id": 4125, "camera_size": [21, 21], "camera_position": [233, 272], "world_position": [0.6611724240953732, 0.6605436704605028, -0.20708987772620044], "world_orientation": [0.9570950272915042, 0.02875692157839537, 0.2883438020752464, -0.02978567576181157, 0.9995559720116224, -0.0008199605557893752, -0.28823934889825004, -0.007803734826020064, 0.9575265946538917], "world_rotation": [-0.012049515576217243, 0.994812745917985, -0.10100697863760372, 0.29401244610698785]}, {"color": "CVRed", "id_name": "object47213808765392", "shape": "CVCylinder", "id_string": "ob4132", "world_size": [0.04, 0.04, 0.04], "id": 4132, "camera_size": [20, 21], "camera_position": [223, 183], "world_position": [0.8860942559204152, 0.6199874431804324, -0.23323283160949632], "world_orientation": [0.9614374420487044, -3.6118557345349145e-10, 0.27502371720788765, -4.720723217227299e-10, -1.0, 3.369979612905363e-10, 0.2750237172078876, -4.5383354258994455e-10, -0.9614374420487044], "world_rotation": [-0.9903124360646757, 2.103522749061496e-10, -0.13885704510628114, 3.1415926531905094]}, {"color": "CVGreen", "id_name": "object3313467829950", "shape": "CVCapsule", "id_string": "ob4139", "world_size": [0.04, 0.08, 0.04], "id": 4139, "camera_size": [17, 18], "camera_position": [272, 280], "world_position": [0.6405074412950176, 0.6800041894697961, -0.11063158859774946], "world_orientation": [0.9999501297718248, 0.004827598056743359, -0.00874255490765129, -0.004879769213356002, 0.9999703563471466, -0.005956028826757607, 0.008713542433198617, 0.005998393448525397, 0.9999440451616789], "world_rotation": [-0.5135543813209063, 0.749902844631232, 0.41702232678849155, -0.011639168728564743]}, {"color": "CVGreen", "id_name": "object102474233690747", "shape": "CVSphere", "id_string": "ob4146", "world_size": [0.04, 0.04, 0.04], "id": 4146, "camera_size": [17, 18], "camera_position": [234, 253], "world_position": [0.7060613284042981, 0.6600839523282414, -0.2047509663047826], "world_orientation": [0.998587133678796, 0.045964293696578444, 0.026664961206442198, -0.04595086203507032, 0.9989430772285081, -0.0011165730935735665, -0.026688100895348864, -0.00011028242851321882, 0.9996438031160828], "world_rotation": [0.009468079917813151, 0.5019931848513289, -0.8648197487485408, 0.05316626509251556]}, {"color": "CVGreen", "id_name": "object268566913365829", "shape": "CVSphere", "id_string": "ob4153", "world_size": [0.04, 0.04, 0.04], "id": 4153, "camera_size": [16, 19], "camera_position": [232, 81], "world_position": [1.3165192253309976, 0.019987443159602145, -0.23295863805774727], "world_orientation": [-9.836853553935043e-11, -0.42625043258810846, -0.9046052004705979, -1.0, 5.357336796407707e-10, -1.436957774991754e-10, 5.458777874167708e-10, 0.9046052004705978, -0.4262504325881085], "world_rotation": [-0.645191062671497, 0.6451910629583449, 0.4092150839442574, -2.36474248037928]}, {"color": "CVGreen", "id_name": "object110769221937088", "shape": "CVSphere", "id_string": "ob4160", "world_size": [0.04, 0.04, 0.04], "id": 4160, "camera_size": [18, 18], "camera_position": [275, 260], "world_position": [0.6894260723964988, 0.659974073360791, -0.1023194064704877], "world_orientation": [0.9963569215378234, -5.5998414987568114e-05, -0.08528119234537697, 6.245897069847233e-05, 0.9999999953785267, 7.308778017004242e-05, 0.08528118785845236, -7.814809114608737e-05, 0.9963569204307898], "world_rotation": [0.0008866889357978676, 0.9999993657189645, -0.0006945101868841513, -0.08538495751376646]}, {"color": "CVRed", "id_name": "object178419123157923", "shape": "CVBox", "id_string": "ob4167", "world_size": [0.04, 0.04, 0.04], "id": 4167, "camera_size": [17, 17], "camera_position": [212, 240], "world_position": [0.7385158339760388, 0.6599525860177009, -0.2596895447033692], "world_orientation": [0.9996132410419767, 0.027808290794004775, 0.0002594160195274666, -0.0002314124844731459, -0.0010102345660530426, 0.9999994629370476, 0.027808537930231927, -0.9996127642188438, -0.0010034086631233242], "world_rotation": [0.9998068336804111, 0.013774570876371085, 0.014019861736926492, -1.5719965281766415]}, {"color": "CVBlue", "id_name": "object156638015243919", "shape": "CVBox", "id_string": "ob4181", "world_size": [0.04, 0.04, 0.04], "id": 4181, "camera_size": [23, 23], "camera_position": [307, 204], "world_position": [0.832696900927263, 0.6199874430750687, -0.020657839954212665], "world_orientation": [0.6343568450761357, 1.1853135553894368e-10, -0.7730403567117642, 4.583280747040415e-10, -1.0, 2.2277258159284245e-10, -0.7730403567117642, -4.9562341038893e-10, -0.6343568450761357], "world_rotation": [0.9039792157666391, 1.5953337758815814e-10, -0.4275763995614493, -3.141592653192441]}, {"color": "CVPurple", "id_name": "object16799571473038", "shape": "CVBox", "id_string": "ob4188", "world_size": [0.04, 0.04, 0.04], "id": 4188, "camera_size": [23, 24], "camera_position": [228, 162], "world_position": [0.9385729195369582, 0.6199874431853506, -0.22107460008906518], "world_orientation": [-0.7423491622083331, -0.6700132247714115, 3.1351105045374084e-10, -1.0556538976302932e-10, 5.848801443164575e-10, 1.0, -0.6700132247714115, 0.7423491622083331, -5.049155538117134e-10], "world_rotation": [-0.2623877932401399, 0.6823315347179046, 0.6823315342911234, 2.6283859452235525]}, {"color": "CVGreen", "id_name": "object211439429105149", "shape": "CVCone", "id_string": "ob4195", "world_size": [0.04, 0.04, 0.04], "id": 4195, "camera_size": [21, 19], "camera_position": [321, 265], "world_position": [0.6763818812155147, 0.6199874431462876, 0.01562316436273266], "world_orientation": [0.974825505701946, 0.22296913112120548, 4.978069206851288e-10, -4.544104120762783e-10, -2.45935716236545e-10, 1.0, 0.22296913112120553, -0.9748255057019459, -1.3842491736193452e-10], "world_rotation": [0.987490984390954, 0.11149339810143515, 0.11149339857758153, -1.5833839065445225]}, {"color": "CVYellow", "id_name": "object221697277608755", "shape": "CVCapsule", "id_string": "ob4202", "world_size": [0.04, 0.08, 0.04], "id": 4202, "camera_size": [34, 17], "camera_position": [162, 243], "world_position": [0.7324479996648554, 0.6199748863765222, -0.389127259498141], "world_orientation": [0.9994431020667888, 0.03336893362267854, 5.580635467627991e-10, 5.516852807918582e-10, 2.0035109888402042e-10, -1.0, -0.03336893362267854, 0.9994431020667888, 1.8183037432499544e-10], "world_rotation": [0.9997215897894624, 0.016684467737175485, -0.01668446718230105, 1.5710747755740098]}, {"color": "CVGreen", "id_name": "object209872214224740", "shape": "CVSphere", "id_string": "ob4209", "world_size": [0.04, 0.04, 0.04], "id": 4209, "camera_size": [22, 24], "camera_position": [314, 136], "world_position": [1.0053932994425392, 0.6199874431028982, -0.00050231107857292], "world_orientation": [0.43961734741104425, 0.8981851634575566, -1.3337408955038654e-10, -4.1491654556580226e-10, 3.5157399214114104e-10, 1.0, 0.8981851634575566, -0.43961734741104425, 5.272299263836544e-10], "world_rotation": [0.7498443052720607, 0.4678319771637302, 0.46783197731037546, -1.8547897395630264]}], "source": "manual check"}
