{"timestamp": 1721660135.745381, "objects": [{"color": "cv_", "id_name": "hand", "shape": "CVBox", "id_string": "ob383", "world_size": [0.005, 0.09, 0.5], "id": 383, "camera_size": [3, 208], "camera_position": [246, 271], "world_position": [0.6631081692723922, 0.665743010869951, -0.17410699687674552], "world_orientation": [5.457495768233588e-06, -0.0016349535837750662, 0.9999986634476042, -0.0007652757216590602, -0.999998370646208, -0.0016349489285628087, 0.9999997071616, -0.000765265776101466, -6.7086771593860375e-06], "world_rotation": [0.0, 1.0, 0.0, 0.0]}, {"color": "CVGreen", "id_name": "object169971461620578", "shape": "CVCapsule", "id_string": "ob1759", "world_size": [0.04, 0.08, 0.04], "id": 1759, "camera_size": [16, 18], "camera_position": [257, 222], "world_position": [0.7846822027051337, 0.6399720050788089, -0.14607389160989787], "world_orientation": [0.9998196254027162, 0.0009533615225810857, 0.018968599352075396, -0.0009606765766883208, 0.9999994676620355, 0.00037653175305984863, -0.01896823028348442, -0.0003946865253866522, 0.9998200090328557], "world_rotation": [-0.020299004152059402, 0.9985238729551444, -0.050378820640160436, 0.018997598712906443]}, {"color": "CVGreen", "id_name": "object122801733921038", "shape": "CVCapsule", "id_string": "ob1766", "world_size": [0.04, 0.08, 0.04], "id": 1766, "camera_size": [18, 18], "camera_position": [218, 295], "world_position": [0.5999999859811957, 0.6399748863532264, -0.24500002988073208], "world_orientation": [0.9999999999998058, -1.9964506477219455e-10, -6.23257110942746e-07, 1.996451800028289e-10, 1.0, 1.8492903207972606e-10, 6.232571109427091e-07, -1.8492915648002217e-10, 0.9999999999998058], "world_rotation": [0.0002967139458256861, 0.9999999046762215, -0.0003203254320750624, -6.232571703539963e-07]}, {"color": "CVYellow", "id_name": "object238833859733023", "shape": "CVSphere", "id_string": "ob1773", "world_size": [0.04, 0.04, 0.04], "id": 1773, "camera_size": [16, 17], "camera_position": [236, 295], "world_position": [0.600011156548046, 0.6199856851224743, -0.2000013715382457], "world_orientation": [0.9999999238705444, 0.0003902035758293762, 2.7356527788594246e-07, -0.0003902035903517571, 0.9999999223435393, 5.52636757921689e-05, -2.5200117272847115e-07, -5.526377833112901e-05, 0.9999999984729256], "world_rotation": [-0.1402284998131356, 0.0006667971818075077, -0.9901189439767709, 0.0003940976945900509]}, {"color": "CVGreen", "id_name": "object131814357353795", "shape": "CVCapsule", "id_string": "ob1780", "world_size": [0.04, 0.08, 0.04], "id": 1780, "camera_size": [20, 37], "camera_position": [257, 273], "world_position": [0.6576798196080491, 0.6431945493407302, -0.1472352294795997], "world_orientation": [0.6769098059616264, 0.7230535842875749, -0.1377919766963374, -0.7189141304776272, 0.6896253712525519, 0.08705929200480113, 0.1579733762144447, 0.040129310655314374, 0.9866276150776132], "world_rotation": [0.03186585426140653, 0.20082717615508974, 0.9791082742218878, -0.8276861748467421]}, {"color": "CVYellow", "id_name": "object232030317041689", "shape": "CVSphere", "id_string": "ob1787", "world_size": [0.04, 0.04, 0.04], "id": 1787, "camera_size": [17, 19], "camera_position": [273, 299], "world_position": [0.5899298448787019, 0.6199690641842631, -0.10664960631329518], "world_orientation": [0.9940116881756552, 0.0004735939885700229, -0.10927277556151861, -0.0004938466312695003, 0.9999998655318931, -0.00015827728976815044, 0.10927268590864238, 0.0002112934681028305, 0.9940117883955811], "world_rotation": [-0.001691028521024203, 0.9999887724219131, 0.004426675124326511, -0.1094926042391184]}, {"color": "CVRed", "id_name": "object178972743920009", "shape": "CVCone", "id_string": "ob1794", "world_size": [0.04, 0.04, 0.04], "id": 1794, "camera_size": [16, 17], "camera_position": [289, 295], "world_position": [0.5999802471937362, 0.6199874431928237, -0.0645572805881598], "world_orientation": [0.9999999960761718, -3.7071134412242734e-10, -8.858699856628867e-05, 3.7071945607755944e-10, 1.0, 9.155407286433783e-11, 8.858699856628864e-05, -9.158691342890244e-11, 0.9999999960761718], "world_rotation": [1.0336786958330938e-06, 0.9999999999907095, -4.1847608124926715e-06, -8.858699868297839e-05]}, {"color": "CVGreen", "id_name": "object120124054985086", "shape": "CVCapsule", "id_string": "ob1801", "world_size": [0.04, 0.08, 0.04], "id": 1801, "camera_size": [19, 18], "camera_position": [218, 277], "world_position": [0.6458476450419016, 0.6399748863894131, -0.24585871162145942], "world_orientation": [0.9990893323263507, 6.982360667115539e-11, 0.04266738838605888, -4.844344328072802e-11, 1.0, -5.021230517877912e-10, -0.04266738838605888, 4.99598829347117e-10, 0.9990893323263507], "world_rotation": [1.173872973043518e-08, 1.0, -1.3859185483980304e-09, 0.042680345042972564]}, {"color": "CVRed", "id_name": "object262582320884847", "shape": "CVCone", "id_string": "ob1808", "world_size": [0.04, 0.04, 0.04], "id": 1808, "camera_size": [16, 16], "camera_position": [236, 277], "world_position": [0.6449071052779574, 0.619987443180422, -0.20007067951903684], "world_orientation": [0.9999916195177802, 9.867773984870797e-08, 0.004094007107647705, -9.85063529647907e-08, 0.9999999999999942, -4.206451286668068e-08, -0.004094007107651832, 4.16608746365914e-08, 0.9999916195177841], "world_rotation": [1.0225359320721953e-05, 0.9999999996577488, -2.408204084179142e-05, 0.0040940185456738816]}, {"color": "CVRed", "id_name": "object167622706017725", "shape": "CVCone", "id_string": "ob1815", "world_size": [0.04, 0.04, 0.04], "id": 1815, "camera_size": [19, 19], "camera_position": [262, 256], "world_position": [0.7008876814430347, 0.6198729550513923, -0.13489080736783404], "world_orientation": [0.9768938458883065, 0.0025916100814793157, -0.2137093760758736, -0.0019672496263741747, 0.9999931534776001, 0.003134154883284291, 0.2137160354172356, -0.0026413169273032853, 0.9768922559066731], "world_rotation": [0.013510231471645049, 0.9998518624139124, 0.010664280238879862, -0.21540631344297392]}, {"color": "CVRed", "id_name": "object186386105036785", "shape": "CVBox", "id_string": "ob1822", "world_size": [0.04, 0.04, 0.04], "id": 1822, "camera_size": [16, 16], "camera_position": [276, 276], "world_position": [0.6474094857638238, 0.6199874431864709, -0.09824954581404184], "world_orientation": [0.9999120016872801, 2.2491005352781072e-09, -0.013266080119505074, -2.2349613679611925e-09, 1.0, 1.0806387431061634e-09, 0.013266080119505077, -1.050894472148732e-09, 0.9999120016872801], "world_rotation": [8.033771830312077e-08, 0.9999999999999827, 1.69004779966854e-07, -0.013266469264091937]}, {"color": "CVPurple", "id_name": "object182217283184831", "shape": "CVBox", "id_string": "ob1829", "world_size": [0.04, 0.04, 0.04], "id": 1829, "camera_size": [17, 16], "camera_position": [292, 277], "world_position": [0.6447289781278431, 0.6199874432000116, -0.05751280643703625], "world_orientation": [0.9999024984728377, -6.757703810845909e-12, -0.013964009015217396, 6.07552374462195e-12, 1.0, -4.8895158856099774e-11, 0.013964009015217396, 4.880555283509833e-11, 0.9999024984728377], "world_rotation": [-3.4983045193084572e-09, 1.0, -4.5951085900484393e-10, -0.0139644628703195]}, {"color": "CVRed", "id_name": "object54472580819521", "shape": "CVCylinder", "id_string": "ob1836", "world_size": [0.04, 0.04, 0.04], "id": 1836, "camera_size": [17, 15], "camera_position": [219, 260], "world_position": [0.6900006996903889, 0.6199788616629813, -0.24499280840599214], "world_orientation": [0.9999999996978814, -3.4853557943538803e-06, 2.4332888997812553e-05, 3.4948583305045805e-06, 0.9999999237358016, -0.0003905331957980765, -2.4331525994947506e-05, 0.000390533280720089, 0.9999999234458639], "world_rotation": [0.9980249716415978, 0.06218203296806675, 0.008919123036836833, 0.0003913060888478107]}, {"color": "CVRed", "id_name": "object290023943167", "shape": "CVCone", "id_string": "ob1843", "world_size": [0.04, 0.04, 0.04], "id": 1843, "camera_size": [16, 15], "camera_position": [236, 260], "world_position": [0.6900113989948613, 0.6199776373234108, -0.200005443442274], "world_orientation": [0.9999998060323706, 0.0006228254979653905, -4.8600748412339394e-06, -0.0006228239809581823, 0.9999997591863623, 0.0003061331510572907, 5.050741203126115e-06, -0.00030613006470620854, 0.9999999531294357], "world_rotation": [0.44110460392702483, 0.007140240460778746, 0.8974272925204275, -0.0006940114198109932]}, {"color": "CVPurple", "id_name": "object16604566676", "shape": "CVCone", "id_string": "ob1850", "world_size": [0.04, 0.04, 0.04], "id": 1850, "camera_size": [16, 16], "camera_position": [257, 238], "world_position": [0.7446848045078029, 0.6200114033360787, -0.14614412300722676], "world_orientation": [0.9998273982405498, 0.0015298681184331049, 0.018515756292239303, -0.0015046789377179198, 0.9999979236545757, -0.0013742735652250665, -0.01851782030444689, 0.0013461760946808909, 0.9998276242138415], "world_rotation": [0.07301819291388245, 0.9939992200853122, -0.08144871990020547, 0.01862965186733919]}, {"color": "CVRed", "id_name": "object130488289922076", "shape": "CVCone", "id_string": "ob1857", "world_size": [0.04, 0.04, 0.04], "id": 1857, "camera_size": [17, 18], "camera_position": [274, 241], "world_position": [0.736965119563135, 0.6199830551221656, -0.10401934125837083], "world_orientation": [0.9936159436014882, 0.0011296664463761354, -0.1128099307447896, -0.0011749382920518592, 0.9999992537051494, -0.0003348270508577588, 0.11280946831243449, 0.000465234203437106, 0.9936165293593912], "world_rotation": [-0.003545858615716898, 0.999941549131786, 0.010213971147470606, -0.11305698671046238]}, {"color": "CVYellow", "id_name": "object167780122633112", "shape": "CVCone", "id_string": "ob1864", "world_size": [0.04, 0.04, 0.04], "id": 1864, "camera_size": [17, 16], "camera_position": [290, 260], "world_position": [0.689599577340753, 0.619972685262797, -0.06400893279555739], "world_orientation": [0.999911879241881, 0.00011335134257832318, -0.013274822124742054, -0.00011654326073623241, 0.9999999644866127, -0.0002396757013397564, 0.013274794485745625, 0.00024120167199136324, 0.9999118569419579], "world_rotation": [-0.018108754775704318, 0.9997985416902418, 0.008657311045521998, -0.01327787331354665]}, {"color": "CVYellow", "id_name": "object81232182913941", "shape": "CVCapsule", "id_string": "ob1871", "world_size": [0.04, 0.08, 0.04], "id": 1871, "camera_size": [20, 19], "camera_position": [218, 241], "world_position": [0.7378478643168488, 0.6399864684427166, -0.24448337923633107], "world_orientation": [0.9912314283921161, 0.001698533043231354, 0.13212634238949655, -0.0018720677298428507, 0.9999975405901445, 0.0011891913543877744, -0.13212399755585774, -0.0014261133066908916, 0.9912321703166702], "world_rotation": [-0.00989568415071932, 0.9998597638490502, -0.013510294997173853, 0.13253133636864062]}, {"color": "CVRed", "id_name": "object38304089884784", "shape": "CVSphere", "id_string": "ob1878", "world_size": [0.04, 0.04, 0.04], "id": 1878, "camera_size": [16, 16], "camera_position": [236, 242], "world_position": [0.7350188563417661, 0.6199863604958372, -0.20001903351300326], "world_orientation": [0.9999996817922987, 0.0007972603190130289, -2.812979128291729e-05, -0.0007972329889924583, 0.9999992227916548, 0.0009585591518399381, 2.8893990595415248e-05, -0.0009585364208214487, 0.9999995401864281], "world_rotation": [0.7686286947778349, 0.02286276994296743, 0.6392864954890388, -0.001247088537422023]}, {"color": "CVGreen", "id_name": "object212355473257635", "shape": "CVSphere", "id_string": "ob1885", "world_size": [0.04, 0.04, 0.04], "id": 1885, "camera_size": [16, 17], "camera_position": [255, 207], "world_position": [0.8245633590628886, 0.6199856313332771, -0.151117434222493], "world_orientation": [0.9998210875654986, 0.0007182189521445014, 0.018901772956008152, -0.0007184163835168806, 0.9999997419322377, 3.654847486373465e-06, -0.01890176545308917, -1.7233536957822575e-05, 0.99982134552417], "world_rotation": [-0.0005521523890925949, 0.9992785274754235, -0.03797525054938755, 0.018916544306395715]}, {"color": "CVRed", "id_name": "object121614592358799", "shape": "CVCone", "id_string": "ob1892", "world_size": [0.04, 0.04, 0.04], "id": 1892, "camera_size": [17, 18], "camera_position": [274, 225], "world_position": [0.7774277410705107, 0.6199853280505389, -0.10438797157760145], "world_orientation": [0.9951310185586022, 0.0006751488481927532, -0.09855861239156992, -0.0006725063715999104, 0.9999997720655991, 6.003274196098984e-05, 0.09855863045770823, 6.5408511548705415e-06, 0.9951312457759118], "world_rotation": [0.0002713645845751053, 0.9999765929430439, 0.006836660535986751, -0.09872120443065666]}, {"color": "CVBlue", "id_name": "object220711585068807", "shape": "CVCone", "id_string": "ob1899", "world_size": [0.04, 0.04, 0.04], "id": 1899, "camera_size": [17, 17], "camera_position": [291, 242], "world_position": [0.7354053969802918, 0.6199865612326783, -0.061544224755644236], "world_orientation": [0.999814563320625, 0.00018487145043739634, 0.019256292336134392, -0.00017587755685337126, 0.9999998746678792, -0.00046875506490294316, -0.019256376582131182, 0.00046528139087013417, 0.9998144705264845], "world_rotation": [0.0242445140270904, 0.9996622038020583, -0.009363857602625335, 0.019264032841541382]}, {"color": "CVGreen", "id_name": "object240925828331277", "shape": "CVCapsule", "id_string": "ob1906", "world_size": [0.04, 0.08, 0.04], "id": 1906, "camera_size": [18, 17], "camera_position": [218, 224], "world_position": [0.7801837561842145, 0.6399749610660339, -0.24510565034570972], "world_orientation": [0.9999795282864239, 0.0014892157346434066, 0.006222961076302053, -0.0014896843545876674, 0.9999988879224848, 7.067048480210287e-05, -0.006222848912289019, -7.993928581077359e-05, 0.9999806346930553], "world_rotation": [-0.011768014756284058, 0.9724633070195072, -0.23275873845976142, 0.006399159145764712]}, {"color": "CVBlue", "id_name": "object232015866882099", "shape": "CVSphere", "id_string": "ob1913", "world_size": [0.04, 0.04, 0.04], "id": 1913, "camera_size": [16, 16], "camera_position": [236, 224], "world_position": [0.7800000811557396, 0.6199742633243547, -0.20001235866906758], "world_orientation": [0.9999999989916756, -4.129917256485293e-05, -1.7635964813615255e-05, 4.130948134117061e-05, 0.9999998280741961, 0.0005849317100838405, 1.761180458590352e-05, -0.0005849324380265989, 0.9999998287719192], "world_rotation": [0.9970659013043375, 0.030041393286616803, -0.0704066981584017, -0.0005866534066022587]}, {"color": "CVPurple", "id_name": "object215597047738807", "shape": "CVCapsule", "id_string": "ob1920", "world_size": [0.04, 0.08, 0.04], "id": 1920, "camera_size": [18, 35], "camera_position": [251, 156], "world_position": [0.9544369238235683, 0.6199480577078395, -0.16124481659393855], "world_orientation": [-0.0009320467913386719, 0.9958839622333481, 0.09063258274586632, -0.9999991577558224, -0.0008463507459525251, -0.000983960396002348, -0.000903203423836943, -0.09063342350823109, 0.9958839122943762], "world_rotation": [-0.04482492623654992, 0.045768091861577126, -0.9979458942023051, 1.5737435736831131]}, {"color": "CVGreen", "id_name": "object108519741499975", "shape": "CVCylinder", "id_string": "ob1927", "world_size": [0.04, 0.04, 0.04], "id": 1927, "camera_size": [16, 17], "camera_position": [273, 209], "world_position": [0.8192209925737441, 0.6199857614092065, -0.10496729469744753], "world_orientation": [0.9999945130238725, 0.0005701089907581136, -0.0032632649121362278, -0.0005698760356459288, 0.9999998350057993, 7.23165143086826e-05, 0.0032633056020114296, -7.045646103830956e-05, 0.9999946729220286], "world_rotation": [0.021544393004496273, 0.9848572517776328, 0.17202334943569675, -0.003313466212987946]}, {"color": "CVYellow", "id_name": "object234457597849954", "shape": "CVCylinder", "id_string": "ob1934", "world_size": [0.04, 0.04, 0.04], "id": 1934, "camera_size": [16, 16], "camera_position": [290, 224], "world_position": [0.7806036813648464, 0.6199850494671374, -0.06236869697565873], "world_orientation": [0.9999363557483256, 3.6565957486659884e-05, 0.01128198190429512, -3.243403552839112e-05, 0.99999993234091, -0.00036642353792432086, -0.011281994539594, 0.0003660342969705393, 0.999936289279523], "world_rotation": [0.032444139962259956, 0.9994688772163374, -0.0030563471699317927, 0.011288223257380615]}, {"color": "CVRed", "id_name": "object181518676953814", "shape": "CVBox", "id_string": "ob1941", "world_size": [0.04, 0.04, 0.04], "id": 1941, "camera_size": [19, 19], "camera_position": [234, 271], "world_position": [0.6631040762314321, 0.6600022205532593, -0.20465094316540958], "world_orientation": [0.979732292537442, 0.00196958541416033, 0.20030166173205988, -0.002024454820225216, 0.9999979484012984, 6.910770822656264e-05, -0.20030111467989653, -0.00047320871800540814, 0.9797342698566283], "world_rotation": [-0.001353682524256056, 0.9999493863115305, -0.009969571646628728, 0.201675881732269]}, {"color": "CVYellow", "id_name": "object54598565725759", "shape": "CVCylinder", "id_string": "ob1948", "world_size": [0.04, 0.04, 0.04], "id": 1948, "camera_size": [23, 23], "camera_position": [259, 244], "world_position": [0.7297590502365108, 0.6600219532508077, -0.1421415420209319], "world_orientation": [0.6009958698577251, 0.001314753899392034, -0.7992510468157927, -0.0018308647942306927, 0.9999982879830734, 0.00026826298165607534, 0.7992500311842732, 0.001302095659356042, 0.6009972480792506], "world_rotation": [-0.0006467499296567287, 0.9999978546361835, 0.001967851000176849, -0.9260500075239382]}, {"color": "CVGreen", "id_name": "object265914014063684", "shape": "CVCylinder", "id_string": "ob1955", "world_size": [0.04, 0.04, 0.04], "id": 1955, "camera_size": [17, 18], "camera_position": [273, 294], "world_position": [0.6045868161134933, 0.6599466398446274, -0.10709254258700254], "world_orientation": [0.001153229852538209, -0.9999530756228494, 0.009618555676996916, 0.9999993108381455, 0.0011510607385133553, -0.0002310463385227285, 0.00021996395501620256, 0.00961881549779015, 0.9999537139309389], "world_rotation": [0.004924934056931445, 0.004699298855962802, 0.9999768305389866, 1.5696673242940549]}, {"color": "CVYellow", "id_name": "object167831461637823", "shape": "CVCone", "id_string": "ob1962", "world_size": [0.04, 0.04, 0.04], "id": 1962, "camera_size": [20, 20], "camera_position": [233, 254], "world_position": [0.703763044854519, 0.6600026351757119, -0.20527388293221618], "world_orientation": [0.979946790632457, 0.0015436609091651276, 0.199253367951824, -0.0018174382253605583, 0.9999976390680339, 0.001191124114325987, -0.19925105883644492, -0.0015293689405261562, 0.979947282553097], "world_rotation": [-0.006826355564265089, 0.9999411343243505, -0.008433786566039582, 0.20060674348506755]}, {"color": "CVBlue", "id_name": "object27729825934497", "shape": "CVSphere", "id_string": "ob1969", "world_size": [0.04, 0.04, 0.04], "id": 1969, "camera_size": [20, 22], "camera_position": [276, 168], "world_position": [0.9224430274572687, 0.619987443178755, -0.09801653726668884], "world_orientation": [4.96270691208167e-10, -0.30741040348956833, 0.9515770298963615, 1.0, -1.7540718877384615e-10, -5.781901624146711e-10, 3.4465535980743306e-10, 0.9515770298963615, 0.30741040348956855], "world_rotation": [0.5071692339119018, 0.5071692334200458, 0.6968204480677487, 1.9244149576586498]}, {"color": "CVRed", "id_name": "object246984276883674", "shape": "CVSphere", "id_string": "ob1976", "world_size": [0.04, 0.04, 0.04], "id": 1976, "camera_size": [23, 19], "camera_position": [277, 260], "world_position": [0.6911077872610989, 0.6562592329680695, -0.09820793129493523], "world_orientation": [0.9828964108251248, 0.004209087033511336, -0.18411118698610288, 0.05476978096374506, 0.9478210815437654, 0.3140628416008334, 0.17582638220776425, -0.31877496916720277, 0.9313794083788725], "world_rotation": [0.8671491906421328, 0.49320626311717736, -0.06928104495952354, -0.373520645642289]}, {"color": "CVGreen", "id_name": "object97097146235926", "shape": "CVCone", "id_string": "ob1983", "world_size": [0.04, 0.04, 0.04], "id": 1983, "camera_size": [17, 17], "camera_position": [235, 237], "world_position": [0.7470198721926748, 0.659978118623499, -0.20164770256991585], "world_orientation": [0.9996484814150608, 0.0011391322528965034, 0.02648803470009859, -0.0011633313333500124, 0.9999989199538212, 0.0008981934089938673, -0.026486982930716413, -0.0009286920380432248, 0.9996487269367808], "world_rotation": [-0.034432835240555584, 0.9984643847843542, -0.043396453478341895, 0.026531358512009346]}, {"color": "CVRed", "id_name": "object26928715467007", "shape": "CVCapsule", "id_string": "ob1990", "world_size": [0.04, 0.08, 0.04], "id": 1990, "camera_size": [26, 38], "camera_position": [252, 161], "world_position": [0.9352265284443915, 0.6599434637065967, -0.15806074778455476], "world_orientation": [-0.0007462143827894759, 0.9462892396213863, 0.3233204573497839, -0.9999990800113628, -0.000339890369199302, -0.0013131835230492661, -0.001132757927891276, -0.323321139815069, 0.9462886226771203], "world_rotation": [-0.1610644443112147, 0.16228753297106266, -0.9735096308824509, 1.5981984969889629]}, {"color": "CVRed", "id_name": "object227416088859724", "shape": "CVCone", "id_string": "ob1997", "world_size": [0.04, 0.04, 0.04], "id": 1997, "camera_size": [21, 21], "camera_position": [276, 232], "world_position": [0.7594653696409766, 0.6599830654313821, -0.10061124589132267], "world_orientation": [0.9292827598160706, 4.9699482225132174e-05, -0.3693691241002539, 2.2102657239824175e-05, 0.9999999816753918, 0.00019015963991196204, 0.369369126782545, -0.00018487611412798023, 0.9292827416888376], "world_rotation": [0.0005076706194666403, 0.9999998704375014, 3.735669755399283e-05, -0.3783300972096812]}, {"color": "CVGreen", "id_name": "object252466177866520", "shape": "CVCone", "id_string": "ob2004", "world_size": [0.04, 0.04, 0.04], "id": 2004, "camera_size": [17, 18], "camera_position": [229, 331], "world_position": [0.5069515887277998, 0.6199874431836099, -0.21838689844788897], "world_orientation": [0.999970494218766, -4.810675199072201e-10, 0.007681841698232437, 4.793852885276913e-10, 1.0, 2.2082933801759658e-10, -0.007681841698232437, -2.1714026037652316e-10, 0.999970494218766], "world_rotation": [-2.8506809668760415e-08, 0.9999999999999977, 6.251448846283214e-08, 0.007681917252037707]}, {"color": "CVGreen", "id_name": "object2451926493427", "shape": "CVCapsule", "id_string": "ob2011", "world_size": [0.04, 0.08, 0.04], "id": 2011, "camera_size": [18, 38], "camera_position": [281, 319], "world_position": [0.5413682170887408, 0.642104541906937, -0.08628123097633503], "world_orientation": [0.6924720353156456, -0.7199718736882368, -0.046075822332945465, -0.7207348799670034, -0.6932108098610228, 7.675137790963404e-05, -0.031995516947795476, 0.03315530409564205, -0.9989379423695793], "world_rotation": [-0.919904119639493, 0.3915688524860443, 0.021218963995724982, -3.123612336719721]}, {"color": "CVBlue", "id_name": "object121459472986707", "shape": "CVBox", "id_string": "ob2018", "world_size": [0.04, 0.04, 0.04], "id": 2018, "camera_size": [23, 23], "camera_position": [233, 199], "world_position": [0.8454355265865718, 0.6199874431974322, -0.208840906786016], "world_orientation": [-0.8267583502217708, -0.562557224056874, -2.874339655178915e-10, 3.8260877799345394e-10, -5.1356807695412967e-11, -1.0, 0.5625572240568739, -0.8267583502217708, 2.576987512270535e-10], "world_rotation": [-0.21277011872574336, 0.6909156520212542, -0.690915652138145, -2.722304999245273]}, {"color": "CVGreen", "id_name": "object214643228860715", "shape": "CVCone", "id_string": "ob2025", "world_size": [0.04, 0.04, 0.04], "id": 2025, "camera_size": [19, 20], "camera_position": [306, 166], "world_position": [0.9280976071279363, 0.6199874431729817, -0.023261453123237477], "world_orientation": [-0.9884755755564445, 5.35464150383146e-10, -0.15138043641222532, -5.04520911219513e-10, -1.0, -2.4281573733267137e-10, -0.1513804364122253, -1.6364282999457127e-10, 0.9884755755564445], "world_rotation": [0.0759092367355762, 1.0190867572355298e-10, -0.9971147315019582, 3.141592653068296]}], "source": "manual check"}
