{"timestamp": 1721660419.715649, "objects": [{"color": "cv_", "id_name": "hand", "shape": "CVBox", "id_string": "ob383", "world_size": [0.005, 0.09, 0.5], "id": 383, "camera_size": [3, 208], "camera_position": [246, 271], "world_position": [0.6630865136529742, 0.66546567396262, -0.17408529560406413], "world_orientation": [-4.580241491189099e-06, -0.0016622100438841863, 0.9999986185174414, -0.0007649058984495473, -0.9999983259819519, -0.0016622130610862897, 0.9999997074489512, -0.0007649124550829833, 3.3087995571167325e-06], "world_rotation": [0.0, 1.0, 0.0, 0.0]}, {"color": "CVBlue", "id_name": "object184774238864242", "shape": "CVBox", "id_string": "ob394", "world_size": [0.04, 0.04, 0.04], "id": 394, "camera_size": [16, 16], "camera_position": [255, 244], "world_position": [0.7288825989540996, 0.6199874431343392, -0.15134581831207203], "world_orientation": [0.9999618254484247, 5.997497169517606e-10, 0.008737713994778677, -5.99497310260519e-10, 1.0, -3.1506207733037336e-11, -0.008737713994778677, 2.626676895998432e-11, 0.9999618254484247], "world_rotation": [3.3059548943547728e-09, 0.9999999999999976, -6.862475859984093e-08, 0.008737825182581031]}, {"color": "CVYellow", "id_name": "object193218697059813", "shape": "CVBox", "id_string": "ob401", "world_size": [0.04, 0.04, 0.04], "id": 401, "camera_size": [22, 22], "camera_position": [210, 292], "world_position": [0.6068743087883819, 0.6199804634650687, -0.26540387468686877], "world_orientation": [0.8633531121148544, -0.0004679069713325663, 0.5046000246379917, -4.6569352964917406e-05, 0.9999994919303228, 0.001006960968301948, -0.5046002394300769, -0.0008928617824151469, 0.8633526516811926], "world_rotation": [-0.0018824997242694545, 0.9999981409443097, 0.0004174957638032619, 0.5289198322732791]}, {"color": "CVRed", "id_name": "object233915115805880", "shape": "CVCapsule", "id_string": "ob408", "world_size": [0.04, 0.08, 0.04], "id": 408, "camera_size": [36, 24], "camera_position": [224, 280], "world_position": [0.6390583433995703, 0.6453905086266887, -0.22795733693783776], "world_orientation": [0.25009222127292496, 0.09594550920415795, 0.963456454709983, -0.5232307819935508, 0.8506571812279924, 0.05110683711270071, -0.8146676804889169, -0.5168914966303871, 0.26294438780473467], "world_rotation": [-0.28881461438067285, 0.904136871395685, -0.3148374760141585, 1.3879319896871607]}, {"color": "CVBlue", "id_name": "object186224043593858", "shape": "CVCone", "id_string": "ob415", "world_size": [0.04, 0.04, 0.04], "id": 415, "camera_size": [16, 17], "camera_position": [255, 294], "world_position": [0.6039677317616893, 0.6199874430460784, -0.1513692476911946], "world_orientation": [0.9999290047945713, 7.248227859067371e-09, 0.011915761433423995, 2.2707363064752404e-07, 0.9999999998066476, -1.966351363067642e-05, -0.011915761431262575, 1.9664823370697374e-05, 0.9999290046012308], "world_rotation": [0.0016502631271275482, 0.9999986382723361, 9.224131613169389e-06, 0.011916059654857746]}, {"color": "CVPurple", "id_name": "object203553842165197", "shape": "CVCapsule", "id_string": "ob422", "world_size": [0.04, 0.08, 0.04], "id": 422, "camera_size": [18, 18], "camera_position": [272, 295], "world_position": [0.6007825534540221, 0.6399748863843451, -0.10909356638701505], "world_orientation": [0.9988345787829218, 2.047658604820738e-10, -0.048264730679277806, -2.3218252860442494e-10, 1.0, -5.624412960608609e-10, 0.048264730679277806, 5.729920422525966e-10, 0.9988345787829218], "world_rotation": [-1.1762557485905016e-08, 0.9999999999999998, 4.5265806204332555e-09, -0.04828348900449923]}, {"color": "CVGreen", "id_name": "object175568987759859", "shape": "CVSphere", "id_string": "ob429", "world_size": [0.04, 0.04, 0.04], "id": 429, "camera_size": [16, 17], "camera_position": [289, 295], "world_position": [0.5999967977031235, 0.6199871117353927, -0.06499962242423046], "world_orientation": [0.9999999873758687, -0.00015889672363666023, 3.061803747827663e-07, 0.0001588967293340781, 0.9999999872010933, -1.869874611838791e-05, -3.032092013718693e-07, 1.8698794533392593e-05, 0.9999999998251315], "world_rotation": [0.11687209329157715, 0.0019044202948641869, 0.9931451490054137, 0.00015999345848127073]}, {"color": "CVGreen", "id_name": "object193903275019267", "shape": "CVCylinder", "id_string": "ob436", "world_size": [0.04, 0.04, 0.04], "id": 436, "camera_size": [20, 19], "camera_position": [210, 273], "world_position": [0.6566728738954524, 0.6199801115823613, -0.26660493829227994], "world_orientation": [0.9821820154346684, -0.0002694479028234496, -0.18793194500808105, 0.00044690328409848, 0.9999994934422434, 0.000901882870101755, 0.18793160679924867, -0.0009698005384536711, 0.9821816383199028], "world_rotation": [0.0049796177214919, 0.999985785463163, -0.0019058538687166883, -0.18905869638264322]}, {"color": "CVGreen", "id_name": "object185135187985762", "shape": "CVBox", "id_string": "ob443", "world_size": [0.04, 0.04, 0.04], "id": 443, "camera_size": [18, 18], "camera_position": [233, 264], "world_position": [0.6780640932147626, 0.6199785569676416, -0.20726151194752884], "world_orientation": [0.9839103024335566, -0.0007495126653163857, -0.17866156552507806, 0.0007561875479385528, 0.9999997136177374, -3.073818179305348e-05, 0.1786615373982312, -0.00010485803740101064, 0.9839105874312424], "world_rotation": [0.00020742906172317984, 0.9999911004068416, -0.00421379642350968, -0.17962756327093632]}, {"color": "CVYellow", "id_name": "object7934618589198", "shape": "CVCylinder", "id_string": "ob450", "world_size": [0.04, 0.04, 0.04], "id": 450, "camera_size": [16, 16], "camera_position": [255, 276], "world_position": [0.6485793907217571, 0.6199798685964368, -0.15162775184363625], "world_orientation": [0.9999990136590744, 0.0003996618857937503, 0.00134645878340398, -0.00039872615874627775, 0.9999996788913087, -0.0006951508683857887, -0.0013467361763513225, 0.0006946133143914399, 0.9999988519063484], "world_rotation": [0.4434426458413198, 0.8593382341555381, -0.2547477559620329, 0.0015670174763094743]}, {"color": "CVYellow", "id_name": "object166265087865898", "shape": "CVBox", "id_string": "ob457", "world_size": [0.04, 0.04, 0.04], "id": 457, "camera_size": [17, 17], "camera_position": [272, 277], "world_position": [0.6463580009671687, 0.6199729264680446, -0.10948018952367375], "world_orientation": [0.997475664738047, -0.00014033264948384012, -0.07100900338787199, 0.00015889929305829998, 0.9999999546535283, 0.00025582016339898073, 0.07100896426794291, -0.0002664576679789012, 0.9974756418048037], "world_rotation": [0.0036775145357493457, 0.9999910182172009, -0.0021069816717207033, -0.07106943352555249]}, {"color": "CVBlue", "id_name": "object139725474009007", "shape": "CVCapsule", "id_string": "ob464", "world_size": [0.04, 0.08, 0.04], "id": 464, "camera_size": [18, 17], "camera_position": [292, 278], "world_position": [0.6445907982011714, 0.639974882356164, -0.058668185209771725], "world_orientation": [0.9999584812773095, -4.602210909185427e-06, -0.009112392682297164, -1.8799423423807376e-06, 0.9999997469908584, -0.00071134709185148, 0.009112393650547859, 0.0007113346884016806, 0.9999582282700206], "world_rotation": [-0.07782624479602998, 0.9969669269560376, -0.00014891871311023544, -0.009140243073569343]}, {"color": "CVYellow", "id_name": "object231217665906587", "shape": "CVSphere", "id_string": "ob471", "world_size": [0.04, 0.04, 0.04], "id": 471, "camera_size": [17, 16], "camera_position": [218, 257], "world_position": [0.696140649712452, 0.6199823381170744, -0.24708758322859506], "world_orientation": [0.9983072229433089, -0.00018598217965821746, -0.05816058828663471, 0.00018190652197614733, 0.9999999806146672, -7.537030475007517e-05, 0.0581606011767059, 6.466292929613002e-05, 0.9983072374221624], "world_rotation": [-0.001203842849916672, 0.9999942740952495, -0.0031626791028872884, -0.058193767868701424]}, {"color": "CVBlue", "id_name": "object22284887337594", "shape": "CVCylinder", "id_string": "ob478", "world_size": [0.04, 0.04, 0.04], "id": 478, "camera_size": [19, 18], "camera_position": [235, 248], "world_position": [0.7183048737199756, 0.619979775819612, -0.2036022756937827], "world_orientation": [0.9867471904322493, 6.097504711331465e-05, -0.16226514861826047, -5.7304618879804424e-05, 0.9999999979854391, 2.730022651050254e-05, 0.16226514995600008, -1.763987930835812e-05, 0.9867471919385388], "world_rotation": [0.0001384773705278624, 0.9999999239949504, 0.00036446414255586647, -0.16298580640832547]}, {"color": "CVRed", "id_name": "object150366752032837", "shape": "CVCylinder", "id_string": "ob485", "world_size": [0.04, 0.04, 0.04], "id": 485, "camera_size": [16, 16], "camera_position": [255, 260], "world_position": [0.6886773378837399, 0.6199779662682025, -0.15151492733465688], "world_orientation": [0.9999993737708285, -0.00013535880336961172, -0.0011109167139049408, 0.000135299066094291, 0.9999999893972814, -5.3847932629015046e-05, 0.0011109239909179286, 5.3697592913957146e-05, 0.9999993814820362], "world_rotation": [-0.0479932356386486, 0.991518000955766, -0.12078370384126615, -0.0011204240203132102]}, {"color": "CVYellow", "id_name": "object241909762763131", "shape": "CVCylinder", "id_string": "ob492", "world_size": [0.04, 0.04, 0.04], "id": 492, "camera_size": [18, 18], "camera_position": [272, 258], "world_position": [0.6925364405937217, 0.6199692268533671, -0.10871417303112542], "world_orientation": [0.9899976688107731, -8.890799842516166e-05, -0.14108369092351755, 7.847512942115241e-05, 0.9999999937597728, -7.95116899080292e-05, 0.14108369711234844, 6.764482674771714e-05, 0.9899976696100292], "world_rotation": [-0.0005215218944197811, 0.9999996880613848, -0.0005932048944358413, -0.14155601701134174]}, {"color": "CVYellow", "id_name": "object153732386293258", "shape": "CVBox", "id_string": "ob499", "world_size": [0.04, 0.04, 0.04], "id": 499, "camera_size": [16, 16], "camera_position": [289, 260], "world_position": [0.6898635313193923, 0.6199874431899445, -0.06461209306805768], "world_orientation": [0.9999672101828202, 5.406814140994555e-10, 0.008098058976563164, -5.407066687065468e-10, 1.0, 9.292269046329252e-13, -0.008098058976563164, -5.3078709276619256e-12, 0.9999672101828202], "world_rotation": [-3.850983211128624e-10, 0.9999999999999977, -6.676835065882317e-08, 0.008098147489015222]}, {"color": "CVBlue", "id_name": "object27946109573133", "shape": "CVSphere", "id_string": "ob506", "world_size": [0.04, 0.04, 0.04], "id": 506, "camera_size": [17, 16], "camera_position": [218, 241], "world_position": [0.7371772592134418, 0.6199847370941376, -0.24720898243159292], "world_orientation": [0.9991008477886192, 6.160661832086167e-05, -0.04239684130553807, -6.904553484855161e-05, 0.9999999824792402, -0.00017399492355048673, 0.04239682984347435, 0.00017676578821403745, 0.9991008345372753], "world_rotation": [-0.004136597574030934, 0.9999902571860871, 0.0015408093372935572, -0.04240996062594226]}, {"color": "CVRed", "id_name": "object352154169383", "shape": "CVCapsule", "id_string": "ob513", "world_size": [0.04, 0.08, 0.04], "id": 513, "camera_size": [18, 19], "camera_position": [235, 232], "world_position": [0.7601013091310891, 0.6401928496048089, -0.20145972589450323], "world_orientation": [0.9951708504903094, 0.01362383064466821, -0.09720786785523054, -0.013631433306206203, 0.9999069160212928, 0.0005859341308899643, 0.09720680202749711, 0.000741978000138024, 0.9952639283668602], "world_rotation": [-0.0007948610329266797, 0.9903153905612716, 0.13883369696660286, -0.0983162688429123]}, {"color": "CVPurple", "id_name": "object96785391335965", "shape": "CVCapsule", "id_string": "ob520", "world_size": [0.04, 0.08, 0.04], "id": 520, "camera_size": [35, 33], "camera_position": [275, 156], "world_position": [0.9551374443378969, 0.6199748827757451, -0.1030247746265028], "world_orientation": [-6.05531943476123e-08, 0.5963464049088736, -0.8027272048163425, -0.9999999999999961, -8.951438049131785e-08, 8.934062878385163e-09, -6.652783213212388e-08, 0.8027272048163396, 0.5963464049088766], "world_rotation": [-0.40979671707964643, 0.40979668767770694, 0.8149437559973843, -1.774019147641441]}, {"color": "CVRed", "id_name": "object44004421481577", "shape": "CVCapsule", "id_string": "ob527", "world_size": [0.04, 0.08, 0.04], "id": 527, "camera_size": [17, 17], "camera_position": [272, 242], "world_position": [0.7358755679496962, 0.6399623262440457, -0.11052106024672813], "world_orientation": [0.9996487536227118, 1.5684716739895734e-05, -0.026502247726350663, -2.4174777087970892e-05, 0.9999999484975179, -0.00032003209465773596, 0.02650224134180638, 0.00032056037047498615, 0.9996487025174942], "world_rotation": [-0.012084740692736943, 0.9999266941220974, 0.0007519471009602286, -0.02650729150285436]}, {"color": "CVRed", "id_name": "object220460515124799", "shape": "CVSphere", "id_string": "ob534", "world_size": [0.04, 0.04, 0.04], "id": 534, "camera_size": [16, 16], "camera_position": [289, 242], "world_position": [0.7350000236442383, 0.6199874432011749, -0.06499999413688586], "world_orientation": [0.9999999999997081, 2.1537845040912473e-10, 7.640133333199654e-07, -2.153782896528291e-10, 1.0, -2.1039642373418414e-10, -7.640133333200107e-07, 2.1039625917129924e-10, 0.9999999999997081], "world_rotation": [0.0002753830541158264, 0.9999999223471739, -0.00028190391962182147, 7.640133926478615e-07]}, {"color": "CVYellow", "id_name": "object9979476825025", "shape": "CVSphere", "id_string": "ob541", "world_size": [0.04, 0.04, 0.04], "id": 541, "camera_size": [17, 16], "camera_position": [219, 224], "world_position": [0.78, 0.6199874431631353, -0.245], "world_orientation": [1.0, -2.114194236346733e-16, -1.2757250719959212e-17, 2.114194236346733e-16, 1.0, -6.212478448341937e-16, 1.2757250719959212e-17, 6.212478448341937e-16, 1.0], "world_rotation": [-0.9465032416184037, 0.019436331668567435, -0.32210843301149866, -6.563610323953425e-16]}, {"color": "CVPurple", "id_name": "object102910793155023", "shape": "CVCapsule", "id_string": "ob548", "world_size": [0.04, 0.08, 0.04], "id": 548, "camera_size": [19, 29], "camera_position": [236, 211], "world_position": [0.811605532595633, 0.6441982427823412, -0.20028441225372406], "world_orientation": [0.9468055951618184, 0.31190187483379384, -0.07922364196021024, -0.31288982951643474, 0.9497894245604793, -5.981847775399403e-05, 0.07522711981361235, 0.0248449082960328, 0.9968568658419874], "world_rotation": [-0.0386670901727306, 0.23980032332823126, 0.9700518857614007, -0.32788386756927695]}, {"color": "CVYellow", "id_name": "object195778117795486", "shape": "CVSphere", "id_string": "ob555", "world_size": [0.04, 0.04, 0.04], "id": 555, "camera_size": [21, 24], "camera_position": [259, 145], "world_position": [0.9825479362404849, 0.6199874431909531, -0.14173239834088183], "world_orientation": [0.8844443137000672, 5.193444145092014e-10, 0.46664574996845015, -5.76201562563292e-10, 1.0, -2.0842831967636942e-11, -0.46664574996845015, -2.5044768608015765e-10, 0.8844443137000672], "world_rotation": [-2.4601622765025104e-10, 1.0, -1.1738518749464268e-09, 0.4854944726113841]}, {"color": "CVPurple", "id_name": "object31389147941026", "shape": "CVSphere", "id_string": "ob562", "world_size": [0.04, 0.04, 0.04], "id": 562, "camera_size": [17, 17], "camera_position": [273, 225], "world_position": [0.7783083384513196, 0.6199870215554395, -0.10596426510530652], "world_orientation": [0.9992153026646782, -2.1396409920845182e-05, 0.03960780810559402, 2.119347408777224e-05, 0.9999999997600533, 5.543510259301921e-06, -0.039607808214701466, -4.6997332268137294e-06, 0.9992153028783838], "world_rotation": [-0.00012930836615087342, 0.9999998471086058, 0.0005376449679414904, 0.03961817751766773]}, {"color": "CVGreen", "id_name": "object259496336026675", "shape": "CVCapsule", "id_string": "ob569", "world_size": [0.04, 0.08, 0.04], "id": 569, "camera_size": [18, 17], "camera_position": [289, 224], "world_position": [0.7799598272395315, 0.6399748863995082, -0.06506136612578393], "world_orientation": [0.9998729336930542, -2.00402538014933e-11, 0.015941030959307538, 1.9750401236249153e-11, 1.0, 1.8340230097798005e-11, -0.015941030959307538, -1.8023057914925008e-11, 0.9998729336930542], "world_rotation": [-1.1405563449925889e-09, 1.0, 1.2480577680112267e-09, 0.015941706182937897]}, {"color": "CVYellow", "id_name": "object3147889908598", "shape": "CVCone", "id_string": "ob576", "world_size": [0.04, 0.04, 0.04], "id": 576, "camera_size": [19, 19], "camera_position": [228, 264], "world_position": [0.6804990755466958, 0.659970435952714, -0.22019917940992292], "world_orientation": [0.986654754244704, -0.0009726565383674136, -0.1628233701456317, 0.0009765093417700832, 0.9999995216258031, -5.637082959033965e-05, 0.1628233470845887, -0.00010337999498967041, 0.9866552320627244], "world_rotation": [0.00014435374397581135, 0.9999820768203616, -0.005985415610713242, -0.16355448462024627]}, {"color": "CVPurple", "id_name": "object79231934752411", "shape": "CVCapsule", "id_string": "ob583", "world_size": [0.04, 0.08, 0.04], "id": 583, "camera_size": [17, 17], "camera_position": [257, 266], "world_position": [0.6761008243276789, 0.6799668983978564, -0.14755589749464712], "world_orientation": [-0.02420615773067417, -5.1039445458984157e-05, -0.9997069867330592, -0.00016438246751085864, 0.9999999853812134, -4.707417013250322e-05, 0.9997069745211955, 0.00016319481647975758, -0.0242061657667995], "world_rotation": [-0.0001051653080284295, 0.9999999928633573, 5.6688121339257086e-05, -1.5950048603647538]}, {"color": "CVGreen", "id_name": "object118949855577838", "shape": "CVCone", "id_string": "ob590", "world_size": [0.04, 0.04, 0.04], "id": 590, "camera_size": [17, 17], "camera_position": [277, 280], "world_position": [0.6410114903074503, 0.6599605562000411, -0.0989130042850567], "world_orientation": [0.999776930624589, -0.0002494078046710098, -0.021119346264091156, 0.00024867964456994524, 0.9999999683908408, -3.7104606396716575e-05, 0.0211193548507048, 3.184437797283845e-05, 0.9997769610451253], "world_rotation": [-0.0016322495086020102, 0.9999291471660271, -0.011791370122391037, -0.02112241764497879]}, {"color": "CVRed", "id_name": "object253031769245934", "shape": "CVSphere", "id_string": "ob597", "world_size": [0.04, 0.04, 0.04], "id": 597, "camera_size": [18, 18], "camera_position": [230, 247], "world_position": [0.7212022006021248, 0.6599741180207543, -0.21375074978350075], "world_orientation": [0.9951371758822126, 0.0003978766724595852, -0.09849793333531298, -0.00042875034837308785, 0.9999998653733072, -0.0002922781318237432, 0.09849780378421141, 0.0003330878579067533, 0.9951372124999478], "world_rotation": [-0.003174471398778537, 0.9999861576046457, 0.0041961089636833255, -0.09865920633159275]}, {"color": "CVRed", "id_name": "object210082117735852", "shape": "CVCylinder", "id_string": "ob604", "world_size": [0.04, 0.04, 0.04], "id": 604, "camera_size": [16, 17], "camera_position": [255, 227], "world_position": [0.774146712986262, 0.6199874429233202, -0.15144265863638642], "world_orientation": [4.125653929256427e-10, -0.9999714481561842, 0.007556644256816052, 1.0, 4.093347270229978e-10, -4.290731507074208e-10, 4.2596770425187846e-10, 0.007556644256816054, 0.9999714481561842], "world_rotation": [0.0037783223433295945, 0.003778321915809167, 0.9999857241799857, 1.570810602305855]}, {"color": "CVGreen", "id_name": "object106053826435187", "shape": "CVCylinder", "id_string": "ob611", "world_size": [0.04, 0.04, 0.04], "id": 611, "camera_size": [17, 17], "camera_position": [274, 259], "world_position": [0.6927793501744867, 0.6599602505390976, -0.10490945384003063], "world_orientation": [0.9999960810957764, -8.700276692955065e-05, -0.0027982536711176767, 8.648480746315658e-05, 0.9999999791066979, -0.00018522143994689747, 0.0027982697274306877, 0.00018497870765183676, 0.9999960677269738], "world_rotation": [-0.06597243750487604, 0.9973423634490491, -0.030916784430624424, -0.0028057219598645574]}, {"color": "CVBlue", "id_name": "object91086727256079", "shape": "CVBox", "id_string": "ob618", "world_size": [0.04, 0.04, 0.04], "id": 618, "camera_size": [19, 19], "camera_position": [230, 233], "world_position": [0.7554757109538975, 0.7002548941544222, -0.21214649546770856], "world_orientation": [0.995986150828885, 0.013495458186824552, 0.08848423568856421, -0.013403195789426692, 0.9999088334682825, -0.0016367940397933574, -0.08849825817320929, 0.00044425266018185375, 0.9960762324942213], "world_rotation": [0.011624204985328693, 0.9885798273957227, -0.15024913552064723, 0.08963348005371942]}, {"color": "CVBlue", "id_name": "object108920673521891", "shape": "CVCylinder", "id_string": "ob625", "world_size": [0.04, 0.04, 0.04], "id": 625, "camera_size": [21, 22], "camera_position": [341, 127], "world_position": [1.028473318363578, 0.6199874431803363, 0.06686040954766724], "world_orientation": [-0.9698330692257707, -4.013725095170221e-10, -0.24377001012454616, -4.707612590675958e-10, 1.0, 2.2639096256712013e-10, 0.24377001012454616, 3.343189189605988e-10, -0.9698330692257707], "world_rotation": [-2.2137250668844846e-10, 0.9999999999999999, 1.4232421271821322e-10, -2.8953414126623462]}, {"color": "CVRed", "id_name": "object119006098145840", "shape": "CVCone", "id_string": "ob632", "world_size": [0.04, 0.04, 0.04], "id": 632, "camera_size": [17, 17], "camera_position": [272, 241], "world_position": [0.7363168981911505, 0.6999517054713694, -0.11100341027807697], "world_orientation": [0.9999880162881886, 0.00011237156876728393, -0.004894349052135676, -0.00011435837044896628, 0.999999911181094, -0.000405659915853934, 0.004894303032783817, 0.0004062147643244191, 0.9999879403209764], "world_rotation": [-0.08263456896873361, 0.9963126891018729, 0.023077121699775306, -0.004912459493130818]}, {"color": "CVBlue", "id_name": "object60446343492621", "shape": "CVSphere", "id_string": "ob639", "world_size": [0.04, 0.04, 0.04], "id": 639, "camera_size": [17, 17], "camera_position": [261, 208], "world_position": [0.8223514425624752, 0.6199874431834624, -0.1369065886780864], "world_orientation": [4.2948620072695565e-10, 0.9988881983248921, 0.04714199027673014, -1.0, 4.4310826156305355e-10, -2.7850780709437473e-10, -2.99087164756795e-10, -0.047141990276730134, 0.9988881983248921], "world_rotation": [-0.023570998641128393, 0.023570998929925924, -0.9994442535892162, 1.5713522272247846]}, {"color": "CVPurple", "id_name": "object161792755158605", "shape": "CVCone", "id_string": "ob646", "world_size": [0.04, 0.04, 0.04], "id": 646, "camera_size": [21, 20], "camera_position": [323, 254], "world_position": [0.7035422087109855, 0.6199874431765242, 0.020377629241411056], "world_orientation": [8.764278192074926e-11, -0.2497967912903008, 0.9682982820707007, -1.0, -5.529471325260716e-10, -5.2134296879557964e-11, 5.48440737269118e-10, -0.9682982820707007, -0.24979679129030075], "world_rotation": [-0.6201426488822075, 0.6201426485643501, -0.4804645569331332, 2.245797709068614]}, {"color": "CVYellow", "id_name": "object199819957417157", "shape": "CVCone", "id_string": "ob653", "world_size": [0.04, 0.04, 0.04], "id": 653, "camera_size": [21, 21], "camera_position": [225, 192], "world_position": [0.8636200654402845, 0.6199874431824772, -0.22864224180284443], "world_orientation": [-0.9503829861990748, 4.2016394285532676e-10, -0.31108227134205063, -4.621321245870827e-10, -1.0, 6.120106313398343e-11, -0.3110822713420507, 2.019255601165105e-10, 0.9503829861990749], "world_rotation": [-0.15750716460041622, 6.661313127918035e-11, 0.9875178444461333, -3.141592653143069]}, {"color": "CVRed", "id_name": "object148206149837055", "shape": "CVSphere", "id_string": "ob660", "world_size": [0.04, 0.04, 0.04], "id": 660, "camera_size": [23, 24], "camera_position": [281, 185], "world_position": [0.8797853534759603, 0.6199874431805027, -0.08648469155590457], "world_orientation": [-0.6520707750356985, -0.7581580998342916, -2.25226504113607e-10, -5.155234017450994e-10, 1.463166254822568e-10, 1.0, -0.7581580998342914, 0.6520707750356985, -4.86257145659863e-10], "world_rotation": [-0.3086568092630974, 0.6725812123609843, 0.6725812121034547, 2.5428330985867627]}], "source": "manual check"}
