{"timestamp": 1721660116.461713, "objects": [{"color": "cv_", "id_name": "hand", "shape": "CVBox", "id_string": "ob383", "world_size": [0.005, 0.09, 0.5], "id": 383, "camera_size": [3, 208], "camera_position": [246, 271], "world_position": [0.6629077591356349, 0.6656492543052797, -0.1740949232958646], "world_orientation": [-8.160477980501339e-07, -0.001662038344535447, 0.9999986188129838, -0.000763414904708741, -0.9999983274114832, -0.00166203848319791, 0.9999997085984663, -0.0007634152065932148, -4.527784109113076e-07], "world_rotation": [0.0, 1.0, 0.0, 0.0]}, {"color": "CVYellow", "id_name": "object31989405495754", "shape": "CVCylinder", "id_string": "ob1486", "world_size": [0.04, 0.04, 0.04], "id": 1486, "camera_size": [16, 16], "camera_position": [256, 244], "world_position": [0.7284829327707825, 0.6199793641778041, -0.14890663489383732], "world_orientation": [0.99999784492753, 0.0002063124138555912, -0.0020658110958518858, -0.0002064309650206207, 0.9999999770586855, -5.7174164983251594e-05, 0.002065799252719476, 5.7600489146847095e-05, 0.9999978645755355], "world_rotation": [-0.027631498540138157, 0.9946672127241993, 0.0993661724124416, -0.0020768822305398302]}, {"color": "CVYellow", "id_name": "object7050678403673", "shape": "CVCapsule", "id_string": "ob1493", "world_size": [0.04, 0.08, 0.04], "id": 1493, "camera_size": [18, 18], "camera_position": [218, 295], "world_position": [0.5999999995820781, 0.6399748858658957, -0.24500000363279745], "world_orientation": [0.9999999999999968, -1.374914607491943e-12, 8.030703010146717e-08, 1.3749138183713878e-12, 1.0, 9.841441311047365e-12, -8.03070301014672e-08, -9.841441200802023e-12, 0.9999999999999968], "world_rotation": [-0.000122547691878889, 0.999999992344472, 1.7120720323846864e-05, 8.030703071626e-08]}, {"color": "CVGreen", "id_name": "object155563984846432", "shape": "CVCylinder", "id_string": "ob1500", "world_size": [0.04, 0.04, 0.04], "id": 1500, "camera_size": [16, 17], "camera_position": [236, 295], "world_position": [0.5998918532634222, 0.6199879774322609, -0.2000876522860399], "world_orientation": [0.9999884606961407, -0.0005833850643193678, 0.004768452204860685, 0.0005850672360764291, 0.9999997671128873, -0.000351383694190531, -0.004768246102350583, 0.00035416950461916356, 0.9999885691312024], "world_rotation": [0.07323663806791936, 0.9899122043050315, 0.12128570654641181, 0.004816960103130808]}, {"color": "CVPurple", "id_name": "object7743427064086", "shape": "CVCylinder", "id_string": "ob1507", "world_size": [0.04, 0.04, 0.04], "id": 1507, "camera_size": [16, 17], "camera_position": [255, 292], "world_position": [0.6081929133214076, 0.6199874404486042, -0.151449690827952], "world_orientation": [0.9999539754963892, 1.396786548425721e-06, -0.009594106889956398, -6.483922581790945e-06, 0.99999985942061, -0.0005302044128491873, 0.00959410480064031, 0.0005302422179005894, 0.9999538349325258], "world_rotation": [-0.05518131701938308, 0.9984762661608112, 0.000410079957106907, -0.009608894883855822]}, {"color": "CVRed", "id_name": "object161986147059732", "shape": "CVCylinder", "id_string": "ob1514", "world_size": [0.04, 0.04, 0.04], "id": 1514, "camera_size": [16, 17], "camera_position": [271, 294], "world_position": [0.6030986435588166, 0.6199842916833254, -0.11056249974570043], "world_orientation": [0.9999734190787355, 0.000274312439690768, 0.007286006359415616, -0.00027484680359994714, 0.9999999596130825, 7.233994599602126e-05, -0.007285986221409207, -7.434055869250603e-05, 0.9999734540867886], "world_rotation": [-0.010058270342172338, 0.9992400906535034, -0.037657302459178366, 0.007291601810161723]}, {"color": "CVRed", "id_name": "object155166265714343", "shape": "CVSphere", "id_string": "ob1521", "world_size": [0.04, 0.04, 0.04], "id": 1521, "camera_size": [16, 17], "camera_position": [289, 295], "world_position": [0.6, 0.6199874431539305, -0.065], "world_orientation": [1.0, 2.049142105997599e-16, 5.802954297681148e-18, -2.049142105997599e-16, 1.0, 6.179952383167331e-17, -5.802954297681148e-18, -6.179952383167331e-17, 1.0], "world_rotation": [-0.28863572672225335, 0.027102796704540077, -0.9570553043948448, 2.1410905896324258e-16]}, {"color": "CVPurple", "id_name": "object43248246968260", "shape": "CVCone", "id_string": "ob1528", "world_size": [0.04, 0.04, 0.04], "id": 1528, "camera_size": [17, 16], "camera_position": [219, 277], "world_position": [0.6449648838977879, 0.6199859967874499, -0.24499972636136078], "world_orientation": [0.9999999852382703, 0.00017182347950532318, 3.887835723019362e-07, -0.00017182347308446254, 0.999999985102956, -1.64554543922504e-05, -3.9161099994549716e-07, 1.6455387347195643e-05, 0.9999999998645335], "world_rotation": [0.09533290729132257, 0.002260570665305875, -0.995442879630796, 0.00017261008206904466]}, {"color": "CVPurple", "id_name": "object145510997399229", "shape": "CVBox", "id_string": "ob1535", "world_size": [0.04, 0.04, 0.04], "id": 1535, "camera_size": [16, 16], "camera_position": [236, 277], "world_position": [0.6449903624591927, 0.6199874428553686, -0.2000337767642713], "world_orientation": [0.9999974445360356, -1.1196911637828059e-08, -0.0022607347032999763, 1.1215196990347474e-08, 0.9999999999999999, 8.07555723407057e-09, 0.0022607347032998866, -8.100891182315626e-09, 0.9999974445360355], "world_rotation": [3.5776971956222085e-06, 0.999999999981315, -4.95681970003876e-06, -0.0022607366290861644]}, {"color": "CVGreen", "id_name": "object246856475104092", "shape": "CVCone", "id_string": "ob1542", "world_size": [0.04, 0.04, 0.04], "id": 1542, "camera_size": [16, 16], "camera_position": [255, 276], "world_position": [0.6482919542831079, 0.6199847836737133, -0.15142607076735576], "world_orientation": [0.9999709281721628, -6.043239428440524e-06, -0.0076251409156065314, 6.969405602726344e-06, 0.9999999926024107, 0.0001214356056997318, 0.00762514012533443, -0.00012148521804452835, 0.999970920816906], "world_rotation": [0.015926914544499727, 0.9998727946615987, -0.0008531639330660746, -0.0076261845237194864]}, {"color": "CVPurple", "id_name": "object81391100455108", "shape": "CVCylinder", "id_string": "ob1549", "world_size": [0.04, 0.04, 0.04], "id": 1549, "camera_size": [16, 17], "camera_position": [272, 277], "world_position": [0.6465596533673775, 0.6199623294687221, -0.10863973474245027], "world_orientation": [0.9997973023870382, -6.797730464229875e-07, 0.020133408532562055, -1.6250994829515913e-06, 0.9999999934477178, 0.00011446363477933713, -0.020133408478451575, -0.0001144731520655928, 0.9997972958349793], "world_rotation": [-0.005685403110826774, 0.9999838376895581, -2.3476182823457582e-05, 0.02013509442071882]}, {"color": "CVPurple", "id_name": "object90008489233347", "shape": "CVBox", "id_string": "ob1556", "world_size": [0.04, 0.04, 0.04], "id": 1556, "camera_size": [17, 16], "camera_position": [289, 277], "world_position": [0.6450930135086781, 0.6199874431873509, -0.06499099646801049], "world_orientation": [0.999550562778956, 1.3668236473204738e-10, 0.029977865972618124, -1.187080389087301e-10, 1.0, -6.013662764022805e-10, -0.029977865972618124, 5.975373863339064e-10, 0.999550562778956], "world_rotation": [1.9996481134302037e-08, 0.9999999999999998, -4.259649500635766e-09, 0.029982357836411334]}, {"color": "CVGreen", "id_name": "object148953438230674", "shape": "CVSphere", "id_string": "ob1563", "world_size": [0.04, 0.04, 0.04], "id": 1563, "camera_size": [17, 15], "camera_position": [219, 260], "world_position": [0.689963853887578, 0.6199808562877801, -0.24503650264511664], "world_orientation": [0.9999993695174959, 7.917184997854023e-05, -0.0011201323266910995, -7.913233012229797e-05, 0.9999999962450848, 3.53256928353514e-05, 0.0011201351192855515, -3.5237031882062116e-05, 0.9999993720276359], "world_rotation": [0.031403614982298135, 0.9970206878004173, 0.07045254476615015, -0.001123481159754266]}, {"color": "CVYellow", "id_name": "object30316532137195", "shape": "CVCylinder", "id_string": "ob1570", "world_size": [0.04, 0.04, 0.04], "id": 1570, "camera_size": [16, 16], "camera_position": [236, 259], "world_position": [0.6901880453956336, 0.6199674794639122, -0.19964999345480913], "world_orientation": [0.9999750157631839, 0.00025604455396597837, 0.007064155335664805, -0.0002586966262730351, 0.9999998964071017, 0.0003745154753771341, -0.007064058711220632, -0.0003763335915466147, 0.9999749784107363], "world_rotation": [-0.05303538019038644, 0.9979305247825804, -0.03635816490452757, 0.007078815453566914]}, {"color": "CVBlue", "id_name": "object46809341964453", "shape": "CVCylinder", "id_string": "ob1577", "world_size": [0.04, 0.04, 0.04], "id": 1577, "camera_size": [16, 16], "camera_position": [255, 260], "world_position": [0.6884872384823236, 0.6199764269760087, -0.15159252567790646], "world_orientation": [0.9999963576295546, 0.0002791023108658486, -0.0026845538780285675, -0.00028018766589918507, 0.9999998791682535, -0.00040392864504028216, 0.0026844408162309793, 0.00040467935266758407, 0.9999963149992732], "world_rotation": [-0.14814353076407294, 0.9836432893513612, 0.10246645112810561, -0.002729140440079445]}, {"color": "CVRed", "id_name": "object249537834455374", "shape": "CVSphere", "id_string": "ob1584", "world_size": [0.04, 0.04, 0.04], "id": 1584, "camera_size": [17, 16], "camera_position": [272, 259], "world_position": [0.6916239974654176, 0.6199688838224615, -0.10933068255630271], "world_orientation": [0.9996114508342322, 0.00031522963800508766, -0.0278719929563112, -0.0003421344764784738, 0.9999994801566909, -0.0009605364898000258, 0.027871675677672177, 0.0009696992438667447, 0.9996110390438349], "world_rotation": [-0.03460385109853057, 0.9993316233100038, 0.011784741903982173, -0.027894092827956907]}, {"color": "CVRed", "id_name": "object31629510741976", "shape": "CVBox", "id_string": "ob1591", "world_size": [0.04, 0.04, 0.04], "id": 1591, "camera_size": [16, 15], "camera_position": [289, 260], "world_position": [0.69, 0.6199874431539305, -0.065], "world_orientation": [1.0, 4.228388472693457e-17, -1.6957377686420176e-17, -4.228388472693457e-17, 1.0, 1.0733601507606494e-16, 1.6957377686420176e-17, -1.0733601507606494e-16, 1.0], "world_rotation": [0.92051720276698, 0.14542702990328832, 0.3626279889688094, -1.1660402951017529e-16]}, {"color": "CVRed", "id_name": "object72113452855099", "shape": "CVCylinder", "id_string": "ob1598", "world_size": [0.04, 0.04, 0.04], "id": 1598, "camera_size": [16, 16], "camera_position": [218, 242], "world_position": [0.7351818232459993, 0.6199873417162658, -0.24552266347029286], "world_orientation": [0.9999598632840668, 2.6208207509510077e-05, 0.008959415943044715, -2.8343904608144868e-05, 0.9999999712173284, 0.00023824769776250017, -0.008959409441123688, -0.0002384920801131679, 0.9999598352453932], "world_rotation": [-0.0265959915984158, 0.999641631529874, -0.0030433112211068073, 0.008962744611067485]}, {"color": "CVYellow", "id_name": "object189557419259239", "shape": "CVCapsule", "id_string": "ob1605", "world_size": [0.04, 0.08, 0.04], "id": 1605, "camera_size": [17, 19], "camera_position": [236, 238], "world_position": [0.7447819589570693, 0.6413997194268741, -0.1992664175449469], "world_orientation": [0.9965918062322533, 0.07867857762634606, 0.024788165995691242, -0.07869275039211633, 0.9968988350088797, -0.00040471429789273134, -0.024743136148414568, -0.001547314006232351, 0.9996926442826851], "world_rotation": [-0.00692543304340688, 0.30021512700211683, -0.9538463796106079, 0.08258686517385744]}, {"color": "CVPurple", "id_name": "object168284168295870", "shape": "CVSphere", "id_string": "ob1612", "world_size": [0.04, 0.04, 0.04], "id": 1612, "camera_size": [17, 17], "camera_position": [256, 225], "world_position": [0.7791018720617917, 0.6199821624900261, -0.15045736029172804], "world_orientation": [0.9980561302517726, -7.861940632995815e-05, -0.062321382252367344, 2.8097963887784048e-05, 0.9999996703099882, -0.000811535840128259, 0.06232142550809605, 0.0008082072162110677, 0.9980558034116802], "world_rotation": [-0.012993976504184605, 0.9999152082277931, -0.0008561129469087903, -0.06236711191678087]}, {"color": "CVPurple", "id_name": "object253732073917887", "shape": "CVCylinder", "id_string": "ob1619", "world_size": [0.04, 0.04, 0.04], "id": 1619, "camera_size": [16, 16], "camera_position": [272, 241], "world_position": [0.7358639713954348, 0.6199706465953561, -0.10885636542177714], "world_orientation": [0.9999983811536269, -9.300872602276487e-05, 0.00179695283811814, 9.354551908122406e-05, 0.9999999510309971, -0.0002986423270550732, -0.0017969249737807753, 0.00029880994048503016, 0.9999983408852527], "world_rotation": [0.16377648992901056, 0.9851710759923572, 0.05113914718289484, 0.0018239876769846999]}, {"color": "CVRed", "id_name": "object91148996778842", "shape": "CVSphere", "id_string": "ob1626", "world_size": [0.04, 0.04, 0.04], "id": 1626, "camera_size": [16, 16], "camera_position": [289, 242], "world_position": [0.7350247570179511, 0.6199829339540773, -0.06491028162110847], "world_orientation": [0.999998963908032, -8.965670192639293e-05, -0.0014367131024134504, 9.008873165526167e-05, 0.9999999507482604, 0.0003006451348279797, 0.0014366860768015906, -0.00030077425499312564, 0.9999989227334019], "world_rotation": [0.2044835674403448, 0.9769603787147987, -0.06111373878521144, -0.0014705817541286862]}, {"color": "CVRed", "id_name": "object27240977143217", "shape": "CVBox", "id_string": "ob1633", "world_size": [0.04, 0.04, 0.04], "id": 1633, "camera_size": [16, 16], "camera_position": [218, 224], "world_position": [0.7800947501749587, 0.6199874431513154, -0.24514550802165921], "world_orientation": [0.9999953861660167, 4.55397613467301e-11, -0.003037704179073826, -5.303833161301654e-11, 1.0, -2.4684186195130434e-09, 0.003037704179073826, 2.468568345400923e-09, 0.9999953861660167], "world_rotation": [-8.126181276837808e-07, 0.9999999999996698, 1.6225755891373505e-08, -0.003037708850904375]}, {"color": "CVRed", "id_name": "object41848639262501", "shape": "CVSphere", "id_string": "ob1640", "world_size": [0.04, 0.04, 0.04], "id": 1640, "camera_size": [17, 17], "camera_position": [235, 223], "world_position": [0.783863442459645, 0.6207799714752844, -0.20319190108178808], "world_orientation": [0.9987773732256764, 0.043205419881972414, 0.024021873891115566, -0.043235563921055785, 0.9990646342177006, 0.0007366599491029073, -0.023967576949839874, -0.0017743585530484692, 0.9997111617396692], "world_rotation": [-0.02538930528035565, 0.48522892865732675, -0.8740184608870936, 0.04947049519535433]}, {"color": "CVPurple", "id_name": "object121536094883601", "shape": "CVCapsule", "id_string": "ob1647", "world_size": [0.04, 0.08, 0.04], "id": 1647, "camera_size": [18, 34], "camera_position": [260, 182], "world_position": [0.8876893981963011, 0.6199602901580431, -0.1390344163368162], "world_orientation": [-0.00018302156096855742, 0.995998414999314, -0.08937071008984307, -0.9999999809993327, -0.00017629105906433228, 8.320334567024634e-05, 6.711514327912421e-05, 0.08937072361974616, 0.9959984283397443], "world_rotation": [-0.044643866262954156, 0.04471901892112771, 0.9980015704155116, -1.5729767706628008]}, {"color": "CVYellow", "id_name": "object170440497384525", "shape": "CVCone", "id_string": "ob1654", "world_size": [0.04, 0.04, 0.04], "id": 1654, "camera_size": [17, 17], "camera_position": [273, 224], "world_position": [0.7812458098795948, 0.6199788586052348, -0.10638787559185373], "world_orientation": [0.9979541570984124, -0.00025454932972123986, -0.0639330551016945, 0.00027148787305776323, 0.9999999303139546, 0.00025625460117676373, 0.06393298541701577, -0.0002730873936675911, 0.9979541566619897], "world_rotation": [0.004139746389899997, 0.999982969013785, -0.004113901092993349, -0.0639777452937296]}, {"color": "CVYellow", "id_name": "object19904622975865", "shape": "CVSphere", "id_string": "ob1661", "world_size": [0.04, 0.04, 0.04], "id": 1661, "camera_size": [16, 16], "camera_position": [289, 224], "world_position": [0.78, 0.6199874431539305, -0.065], "world_orientation": [1.0, 4.228388472693457e-17, -1.6957377686420176e-17, -4.228388472693457e-17, 1.0, 1.0733601507606494e-16, 1.6957377686420176e-17, -1.0733601507606494e-16, 1.0], "world_rotation": [0.92051720276698, 0.14542702990328832, 0.3626279889688094, -1.1660402951017529e-16]}, {"color": "CVPurple", "id_name": "object205265324444695", "shape": "CVCylinder", "id_string": "ob1668", "world_size": [0.04, 0.04, 0.04], "id": 1668, "camera_size": [19, 20], "camera_position": [233, 270], "world_position": [0.6632829323340506, 0.661373904805492, -0.2073912216494244], "world_orientation": [0.9821839017247505, 0.07385263447659846, 0.17280211680882876, -0.07473006669112432, 0.9972027715851474, -0.0014315988406739455, -0.17242447716344184, -0.01150742037845346, 0.9849555213059863], "world_rotation": [-0.026798938624577953, 0.9182086313007327, -0.39518948150656924, 0.18911443265149586]}, {"color": "CVRed", "id_name": "object207950261765698", "shape": "CVSphere", "id_string": "ob1675", "world_size": [0.04, 0.04, 0.04], "id": 1675, "camera_size": [17, 17], "camera_position": [256, 269], "world_position": [0.6671192015793154, 0.659982692299665, -0.15091091268747425], "world_orientation": [0.9994040088076588, 0.0013018424079864336, -0.034495396584558906, -0.0013091409126956028, 0.9999991252153738, -0.00018899353922232926, 0.0344951203687121, 0.00023404023570604824, 0.9994048388395547], "world_rotation": [-0.0061272654671807834, 0.99926586751211, 0.03781775566007384, -0.034527461055817846]}, {"color": "CVPurple", "id_name": "object219596615976091", "shape": "CVCapsule", "id_string": "ob1682", "world_size": [0.04, 0.08, 0.04], "id": 1682, "camera_size": [17, 17], "camera_position": [272, 278], "world_position": [0.6465488471724663, 0.6799453229904715, -0.11045959389821774], "world_orientation": [0.9999607968926029, -3.653187556218201e-07, -0.00885464159507709, 1.931170623307234e-06, 0.9999999843635133, 0.00017683111718252723, 0.008854641392021878, -0.00017684128467697753, 0.9999607812574345], "world_rotation": [0.019967035967097195, 0.9998006304585078, -0.0001296512981675865, -0.008856522972259993]}, {"color": "CVYellow", "id_name": "object133251287409181", "shape": "CVCone", "id_string": "ob1689", "world_size": [0.04, 0.04, 0.04], "id": 1689, "camera_size": [18, 18], "camera_position": [233, 253], "world_position": [0.7060459993912764, 0.6609455381876208, -0.20572581065377385], "world_orientation": [0.9967142485072872, 0.07537753557256993, 0.029646820294257522, -0.07654355331238184, 0.9962479652886037, 0.04038658322551665, -0.02649134328169497, -0.04252315591913397, 0.9987442064621994], "world_rotation": [-0.4556750397303797, 0.30853745508995717, -0.8349640093880272, 0.09110059299609041]}, {"color": "CVPurple", "id_name": "object50482383207676", "shape": "CVBox", "id_string": "ob1696", "world_size": [0.04, 0.04, 0.04], "id": 1696, "camera_size": [21, 21], "camera_position": [259, 234], "world_position": [0.7552410377016009, 0.6599725429108362, -0.1421917940385984], "world_orientation": [-0.3540639907746639, 0.00011762437126841381, -0.9352211912703999, -2.1881129182224775e-05, 0.9999999907751487, 0.00013405565578978877, 0.9352211984113358, 6.792797617498908e-05, -0.35406398493472213], "world_rotation": [3.535403162072109e-05, 0.9999999965936428, 7.458422710317772e-05, -1.9327093634130412]}, {"color": "CVPurple", "id_name": "object138903320349559", "shape": "CVSphere", "id_string": "ob1703", "world_size": [0.04, 0.04, 0.04], "id": 1703, "camera_size": [17, 17], "camera_position": [272, 259], "world_position": [0.6932424758325219, 0.6599503843856058, -0.10997668979644619], "world_orientation": [0.9993994684986612, 0.0004385210938297262, -0.03464837750665603, -0.0004719859811888133, 0.9999994300490054, -0.0009576695139145032, 0.03464793780049603, 0.0009734479516576055, 0.9993991058657491], "world_rotation": [-0.02785431751530039, 0.9995257169060645, 0.01313309708996924, -0.03467154460553109]}, {"color": "CVPurple", "id_name": "object131999841860764", "shape": "CVCylinder", "id_string": "ob1710", "world_size": [0.04, 0.04, 0.04], "id": 1710, "camera_size": [18, 19], "camera_position": [235, 220], "world_position": [0.788723322578331, 0.6605984212807975, -0.20155641226097695], "world_orientation": [0.06498486416440329, 0.9969375502690176, -0.043502738915430154, -0.004638742205367029, -0.043292617221475815, -0.9990516660137587, -0.9978754679318889, 0.06512503480018084, 0.0018111714410892206], "world_rotation": [0.6097002925410457, 0.5467901445591479, -0.5738345502741619, 2.080877731538267]}, {"color": "CVBlue", "id_name": "object151577789852699", "shape": "CVCapsule", "id_string": "ob1717", "world_size": [0.04, 0.08, 0.04], "id": 1717, "camera_size": [21, 37], "camera_position": [256, 173], "world_position": [0.9066370909569756, 0.6599444451135554, -0.14943742034915883], "world_orientation": [-0.0002414081424251058, 0.9881245261458168, 0.15365501147445196, -0.9999998569067726, -0.00016518673607811025, -0.0005088219500180845, -0.00047739767842668035, -0.15365511232122225, 0.9881244246293123], "world_rotation": [-0.07657458912514202, 0.07706765781359853, -0.9940809365536802, 1.5769374505198626]}, {"color": "CVGreen", "id_name": "object150789849531537", "shape": "CVCylinder", "id_string": "ob1724", "world_size": [0.04, 0.04, 0.04], "id": 1724, "camera_size": [22, 21], "camera_position": [276, 238], "world_position": [0.7445112178439389, 0.6599615218204251, -0.10038759520036228], "world_orientation": [0.9038915934339787, -0.00037746408058939756, -0.42776143449386733, 0.00040387579722519454, 0.9999999180217326, -2.8997732712682696e-05, 0.42776141037232857, -0.00014655168355076411, 0.9038916717831185], "world_rotation": [0.00013740591663691305, 0.9999995735113801, -0.0009132889311731096, -0.4420149238178408]}, {"color": "CVRed", "id_name": "object9566251438628", "shape": "CVCylinder", "id_string": "ob1731", "world_size": [0.04, 0.04, 0.04], "id": 1731, "camera_size": [19, 20], "camera_position": [241, 165], "world_position": [0.9310779998720394, 0.6199824600874775, -0.18790654219688926], "world_orientation": [0.9845420373943659, 0.001323399240292366, 0.1751434418349768, -0.0011971121934042665, 0.9999989417466546, -0.0008266970227366096, -0.1751443505390554, 0.0006042516212575169, 0.9845425797568284], "world_rotation": [0.004084925862949981, 0.9999657699456967, -0.007195298298497687, 0.17605801111695502]}, {"color": "CVRed", "id_name": "object257364350422831", "shape": "CVCone", "id_string": "ob1738", "world_size": [0.04, 0.04, 0.04], "id": 1738, "camera_size": [17, 17], "camera_position": [267, 258], "world_position": [0.6944550594074587, 0.6999489927289305, -0.12362513219667338], "world_orientation": [0.9995997356703177, 0.0005244795410683566, -0.02828592174637759, -0.0005403971907029812, 0.9999996999175816, -0.0005550996514521291, 0.028285622119859348, 0.0005701630975104188, 0.9995997191352821], "world_rotation": [-0.019883512966247296, 0.9996252226620077, 0.018816485592499745, -0.028300154215531868]}, {"color": "CVYellow", "id_name": "object248401968066094", "shape": "CVCone", "id_string": "ob1745", "world_size": [0.04, 0.04, 0.04], "id": 1745, "camera_size": [18, 19], "camera_position": [227, 191], "world_position": [0.8663832992751953, 0.6199874432003719, -0.22264749534319278], "world_orientation": [0.1383551395980242, 0.9903826812635665, 3.6185887619666346e-11, 1.725186660195277e-10, -6.063793911437187e-11, 1.0, 0.9903826812635665, -0.13835513959802415, -1.7924906003941032e-10], "world_rotation": [0.6307118906067671, 0.5487269408048664, 0.5487269407293305, -2.0162002497257]}, {"color": "CVPurple", "id_name": "object102597011439218", "shape": "CVCone", "id_string": "ob1752", "world_size": [0.04, 0.04, 0.04], "id": 1752, "camera_size": [21, 21], "camera_position": [275, 240], "world_position": [0.7389541966583247, 0.6999504831226674, -0.10423269076199615], "world_orientation": [0.9556665760661965, -0.00036155158701616256, -0.29445078480174325, 0.00039030812761390926, 0.9999999230733416, 3.889571132268129e-05, 0.2944507480878221, -0.00015209786575382062, 0.9556666436664832], "world_rotation": [0.0003243214709168394, 0.9999991324075965, -0.001276714391679616, -0.29888102257541144]}], "source": "manual check"}
