{"timestamp": 1721660438.36862, "objects": [{"color": "cv_", "id_name": "hand", "shape": "CVBox", "id_string": "ob383", "world_size": [0.005, 0.09, 0.5], "id": 383, "camera_size": [3, 208], "camera_position": [246, 271], "world_position": [0.6631186926917096, 0.6656860763684729, -0.17411429018068905], "world_orientation": [7.249459664193794e-06, -0.001660741410904245, 0.9999986209417548, -0.0007625324236661274, -0.9999983302497226, -0.0016607354001832908, 0.9999997092458319, -0.0007625193326555826, -8.515816732177381e-06], "world_rotation": [0.0, 1.0, 0.0, 0.0]}, {"color": "CVRed", "id_name": "object180257308993167", "shape": "CVCylinder", "id_string": "ob667", "world_size": [0.04, 0.04, 0.04], "id": 667, "camera_size": [16, 16], "camera_position": [255, 245], "world_position": [0.7269951255638302, 0.6199863362307015, -0.1516473953685062], "world_orientation": [0.9999999868626406, -1.1800363374153045e-05, 0.00016166468444416674, 1.1858669359380739e-05, 0.9999999348904992, -0.00036066378995060384, -0.0001616604179544855, 0.0003606657023404726, 0.9999999218930772], "world_rotation": [0.9121148049056115, 0.4088417510266298, 0.029916639007038705, 0.000395415964749537]}, {"color": "CVRed", "id_name": "object85107084965324", "shape": "CVSphere", "id_string": "ob674", "world_size": [0.04, 0.04, 0.04], "id": 674, "camera_size": [17, 17], "camera_position": [219, 295], "world_position": [0.6, 0.6199874431539305, -0.245], "world_orientation": [1.0, -4.325966668217162e-16, -2.3468029117616445e-17, 4.325966668217162e-16, 1.0, -3.0249240612345574e-16, 2.3468029117616445e-17, 3.0249240612345574e-16, 1.0], "world_rotation": [-0.572483235683357, 0.044414514124632515, -0.8187125843643707, -5.283864876189416e-16]}, {"color": "CVBlue", "id_name": "object78488237424454", "shape": "CVSphere", "id_string": "ob681", "world_size": [0.04, 0.04, 0.04], "id": 681, "camera_size": [16, 17], "camera_position": [236, 295], "world_position": [0.5997076731558894, 0.6199841960189183, -0.19971601658736354], "world_orientation": [0.9998966666987463, -9.44723157459589e-06, -0.014375529050646726, 8.955844908325764e-06, 0.9999999993734839, -3.4246537684739496e-05, 0.014375529365175195, 3.4114253868291276e-05, 0.9998966661569028], "world_rotation": [-0.0023776719217542715, 0.9999969684813557, -0.0006400815033482337, -0.014376067969459401]}, {"color": "CVBlue", "id_name": "object197905482401302", "shape": "CVCone", "id_string": "ob688", "world_size": [0.04, 0.04, 0.04], "id": 688, "camera_size": [16, 16], "camera_position": [255, 295], "world_position": [0.5991640817823103, 0.6199874605106331, -0.15164907877954484], "world_orientation": [0.9999999969560869, 2.232297167515211e-06, 7.799258369838996e-05, -2.2006486020897826e-06, 0.9999999176659695, -0.0004057871507165353, -7.799348311445375e-05, 0.0004057869778470842, 0.9999999146269689], "world_rotation": [0.9820115861835337, 0.18874446523390315, -0.005363902018882723, 0.00041322025273341303]}, {"color": "CVYellow", "id_name": "object102733961286470", "shape": "CVCapsule", "id_string": "ob695", "world_size": [0.04, 0.08, 0.04], "id": 695, "camera_size": [18, 19], "camera_position": [272, 295], "world_position": [0.601355243470156, 0.6399768888421719, -0.1091351945281303], "world_orientation": [0.9974945976974152, 0.00017363216998727887, -0.07074247250656017, -0.00028165621986596064, 0.9999988096411367, -0.0015170319981611252, 0.07074212489207322, 0.0015331562800900067, 0.9974934592254604], "world_rotation": [-0.021553327973427395, 0.9997625237316599, 0.0032171718903289976, -0.07081828245033957]}, {"color": "CVBlue", "id_name": "object161612038154776", "shape": "CVBox", "id_string": "ob702", "world_size": [0.04, 0.04, 0.04], "id": 702, "camera_size": [17, 17], "camera_position": [289, 295], "world_position": [0.5995810557144786, 0.6201543057884547, -0.06522805758410284], "world_orientation": [0.9998884988083528, -0.00885683583632903, 0.01202274551618507, 0.008862883302822167, 0.9999606227080503, -0.00044981428298894205, -0.012018288161763572, 0.0005563203186498408, 0.9999276230094676], "world_rotation": [0.03366953753625883, 0.8045151061415928, 0.5929770705786827, 0.014941874977292553]}, {"color": "CVPurple", "id_name": "object22163579967542", "shape": "CVCone", "id_string": "ob709", "world_size": [0.04, 0.04, 0.04], "id": 709, "camera_size": [17, 16], "camera_position": [219, 277], "world_position": [0.6449598543946697, 0.6199874431856687, -0.2449996778640853], "world_orientation": [0.9999999988583559, -2.0215171091752798e-10, 4.778376641719491e-05, 2.0217675230714734e-10, 1.0, -5.240516159290761e-10, -4.7783766417194804e-05, 5.240612760970396e-10, 0.9999999988583559], "world_rotation": [1.0967248613292032e-05, 0.9999999999309098, 4.230814076757705e-06, 4.778376643868027e-05]}, {"color": "CVGreen", "id_name": "object149950488153920", "shape": "CVBox", "id_string": "ob716", "world_size": [0.04, 0.04, 0.04], "id": 716, "camera_size": [16, 16], "camera_position": [236, 277], "world_position": [0.6447005743461409, 0.6199874431874834, -0.20031266095416383], "world_orientation": [0.9998857780900099, 6.020813499408339e-10, -0.01511392646983377, -6.107624216418676e-10, 1.0, -5.697599011000164e-10, 0.01511392646983377, 5.789258403671079e-10, 0.9998857780900099], "world_rotation": [-3.8000904125073335e-08, 0.9999999999999984, 4.012338468112313e-08, -0.015114501943309497]}, {"color": "CVPurple", "id_name": "object176387898375710", "shape": "CVCylinder", "id_string": "ob723", "world_size": [0.04, 0.04, 0.04], "id": 723, "camera_size": [16, 17], "camera_position": [255, 279], "world_position": [0.6408252928924727, 0.619987434951478, -0.15077145188541696], "world_orientation": [0.9996484920911058, -5.4712078619313095e-08, -0.026512115343286062, 5.471078466985321e-08, 0.9999999999999986, -7.741827729444888e-10, 0.026512115343286062, -6.765879921120522e-10, 0.9996484920911073], "world_rotation": [-1.8405694824525474e-09, 0.9999999999978706, -2.063638866082476e-06, -0.02651522218625374]}, {"color": "CVGreen", "id_name": "object131899906475910", "shape": "CVBox", "id_string": "ob730", "world_size": [0.04, 0.04, 0.04], "id": 730, "camera_size": [17, 16], "camera_position": [272, 277], "world_position": [0.6455909617937794, 0.6199706946550444, -0.10951020268335332], "world_orientation": [0.9994788509809301, 0.0008970947849187327, -0.032267966511488826, -0.0009095604794054031, 0.9999995172911003, -0.0003716413603692718, 0.03226761753792797, 0.00040079734692849726, 0.9994791844855563], "world_rotation": [-0.011963646960527529, 0.9995368391877375, 0.02798174865856432, -0.0322883541392781]}, {"color": "CVGreen", "id_name": "object120331506467642", "shape": "CVCone", "id_string": "ob737", "world_size": [0.04, 0.04, 0.04], "id": 737, "camera_size": [16, 16], "camera_position": [289, 277], "world_position": [0.6450053271656742, 0.6199692397363897, -0.06499978796617292], "world_orientation": [0.9999999986337172, 4.5928963670570755e-05, -2.4961887408516764e-05, -4.592799875767051e-05, 0.9999999981982187, 3.865464594314519e-05, 2.4963662731327947e-05, -3.8653499440825364e-05, 0.9999999989413613], "world_rotation": [0.5945582368780147, 0.3839653236910498, 0.7064496678202445, -6.501309766085336e-05]}, {"color": "CVYellow", "id_name": "object249617381384778", "shape": "CVCone", "id_string": "ob744", "world_size": [0.04, 0.04, 0.04], "id": 744, "camera_size": [16, 16], "camera_position": [218, 259], "world_position": [0.6900929166373957, 0.6199787791723315, -0.24555195162097385], "world_orientation": [0.9999956424498901, 0.0005954429554635978, 0.002891457922669234, -0.0005954500589833318, 0.9999998227183245, 1.5958653080989214e-06, -0.0028914564598199735, -3.317577144644831e-06, 0.99999581972553], "world_rotation": [-0.0008321852388731993, 0.9794469016499177, -0.20170045690603872, 0.0029521369522675675]}, {"color": "CVYellow", "id_name": "object197645412307009", "shape": "CVCone", "id_string": "ob751", "world_size": [0.04, 0.04, 0.04], "id": 751, "camera_size": [17, 17], "camera_position": [235, 260], "world_position": [0.6902687936064279, 0.6199698647082793, -0.20385247326717754], "world_orientation": [0.9992978709783168, -0.0001303428173886043, 0.03746662606845735, 0.00012666445361315276, 0.9999999869228327, 0.00010055073688649454, -0.03746663868456634, -9.573444757628535e-05, 0.9992978744201331], "world_rotation": [-0.0026194422090905977, 0.9999906875103493, 0.003429783534339268, 0.03747575269605805]}, {"color": "CVPurple", "id_name": "object95565944434309", "shape": "CVSphere", "id_string": "ob758", "world_size": [0.04, 0.04, 0.04], "id": 758, "camera_size": [16, 16], "camera_position": [255, 261], "world_position": [0.6864631319618207, 0.619970251841926, -0.15152371392950015], "world_orientation": [0.999998621452139, -0.0006245357090575654, 0.0015385216832189024, 0.0006257727286509256, 0.999999481252397, -0.0008036811736809175, -0.0015380189575228051, 0.0008046428306797533, 0.9999984935226659], "world_rotation": [0.43587649642848186, 0.8337820936393929, 0.33884967196021076, 0.0018449319129783593]}, {"color": "CVYellow", "id_name": "object244525588026201", "shape": "CVCapsule", "id_string": "ob765", "world_size": [0.04, 0.08, 0.04], "id": 765, "camera_size": [19, 17], "camera_position": [275, 260], "world_position": [0.6899799923264743, 0.640670097329253, -0.10295523506802012], "world_orientation": [0.9998827226118886, 0.003410116432244348, -0.01493024206620741, -0.003971681875110635, 0.999279473497927, -0.037745987717753525, 0.014790766218148737, 0.03780085913870767, 0.9991758245089077], "world_rotation": [-0.9267525154790321, 0.36459521920794097, 0.09055441007482636, -0.04077020497356463]}, {"color": "CVRed", "id_name": "object111471329637614", "shape": "CVCylinder", "id_string": "ob772", "world_size": [0.04, 0.04, 0.04], "id": 772, "camera_size": [17, 16], "camera_position": [290, 259], "world_position": [0.6903001814010242, 0.620191377627569, -0.06317225297183586], "world_orientation": [0.9998843546253006, -0.00014122130322947874, -0.015207150689397457, -2.4479966111706654e-05, 0.9999406415878104, -0.010895535860605423, 0.015207786698852222, 0.010894648112811803, 0.9998249996205438], "world_rotation": [-0.5823891772375531, 0.8129041215477423, -0.0031201614156435606, -0.01870867112861029]}, {"color": "CVGreen", "id_name": "object182798335870432", "shape": "CVCapsule", "id_string": "ob779", "world_size": [0.04, 0.08, 0.04], "id": 779, "camera_size": [19, 18], "camera_position": [218, 240], "world_position": [0.7390427453080766, 0.6405309757572735, -0.2453134458513626], "world_orientation": [0.9979367622658798, 0.029328176533179397, 0.05711459165162366, -0.029467585399901474, 0.9995644558391277, 0.0016000105399869174, -0.057042790333157505, -0.0032797384449405223, 0.9983663472827699], "world_rotation": [-0.03797422717591285, 0.8883732279442242, -0.45754886727250416, 0.06429508909320479]}, {"color": "CVYellow", "id_name": "object132345857068220", "shape": "CVCylinder", "id_string": "ob786", "world_size": [0.04, 0.04, 0.04], "id": 786, "camera_size": [16, 16], "camera_position": [234, 242], "world_position": [0.7351114124156864, 0.6199805165062979, -0.20417955441138946], "world_orientation": [0.9999924434855876, 0.0003667964175742743, 0.003870197942228774, -0.0003713745399997072, 0.9999992321654664, 0.0011822645341712087, -0.003869761320161382, -0.0011836928933527217, 0.999991811875707], "world_rotation": [-0.2911198126742293, 0.9523651881307563, -0.09082842674620374, 0.004063557057682056]}, {"color": "CVRed", "id_name": "object206767808912423", "shape": "CVCapsule", "id_string": "ob793", "world_size": [0.04, 0.08, 0.04], "id": 793, "camera_size": [22, 41], "camera_position": [258, 194], "world_position": [0.8555012983490539, 0.639754734901383, -0.14491993088927424], "world_orientation": [0.5320204281743485, 0.8338237460918565, -0.14728280435450092, -0.8467045938892177, 0.5225063939315437, -0.10039122963461185, -0.0067523841773045185, 0.17811521202299835, 0.9839864717331862], "world_rotation": [-0.16294199607391588, 0.08221823178125687, 0.9832039810121863, -1.024815413231173]}, {"color": "CVPurple", "id_name": "object108844082171896", "shape": "CVBox", "id_string": "ob800", "world_size": [0.04, 0.04, 0.04], "id": 800, "camera_size": [16, 16], "camera_position": [272, 242], "world_position": [0.7339177458353937, 0.6199761156053346, -0.10888186154384286], "world_orientation": [0.9999305115104025, 0.00015704421399125493, 0.011787598892895537, -0.0001536347480371502, 0.9999999461056166, -0.000290146735392891, -0.011787643823476164, 0.00028831558874861386, 0.9999304817472123], "world_rotation": [0.02452734415508317, 0.9996123645601793, -0.013173078877217689, 0.011792465742450978]}, {"color": "CVGreen", "id_name": "object64424651212160", "shape": "CVCapsule", "id_string": "ob807", "world_size": [0.04, 0.08, 0.04], "id": 807, "camera_size": [17, 17], "camera_position": [290, 242], "world_position": [0.735, 0.6399748858658902, -0.065], "world_orientation": [1.0, -9.627715291671303e-17, 2.6597159133585094e-18, 9.627715291671303e-17, 1.0, -2.1076890233118206e-16, -2.6597159133585094e-18, 2.1076890233118206e-16, 1.0], "world_rotation": [0.9095358415233338, 0.01147753261849028, 0.41546698933782017, 2.3173237678921624e-16]}, {"color": "CVYellow", "id_name": "object80457241670956", "shape": "CVCapsule", "id_string": "ob814", "world_size": [0.04, 0.08, 0.04], "id": 814, "camera_size": [19, 19], "camera_position": [218, 224], "world_position": [0.7799462973948319, 0.6402630849290675, -0.24580276770018192], "world_orientation": [0.9991749041155343, 0.01618898499527802, 0.037248191238441586, -0.016232474655339665, 0.9998678701775499, 0.000865420807564933, -0.037229259357078395, -0.0014693370726534946, 0.9993056706014883], "world_rotation": [-0.028731281416877624, 0.916511562248713, -0.39897502394582024, 0.04064212664649986]}, {"color": "CVRed", "id_name": "object249567841069511", "shape": "CVCone", "id_string": "ob821", "world_size": [0.04, 0.04, 0.04], "id": 821, "camera_size": [16, 16], "camera_position": [236, 224], "world_position": [0.7798323742227695, 0.6199736749783488, -0.19967742501513017], "world_orientation": [0.9999625940012863, 0.0002471681572866706, -0.008645779671074357, -0.00024640879255824136, 0.9999999656901222, 8.889579012394249e-05, 0.008645801346647346, -8.676206875865817e-05, 0.999962620597099], "world_rotation": [0.010153917635632653, 0.999541327445877, 0.028531258023141312, -0.008649865779095814]}, {"color": "CVBlue", "id_name": "object242477027415012", "shape": "CVBox", "id_string": "ob828", "world_size": [0.04, 0.04, 0.04], "id": 828, "camera_size": [16, 18], "camera_position": [255, 172], "world_position": [0.9131986667966179, 0.6199651343349694, -0.15169958627614347], "world_orientation": [0.9998598335461072, 0.00024881337281206504, 0.016740709454999846, -0.00023042807163539501, 0.9999993682763326, -0.0011001590064359853, -0.016740972613770496, 0.001096147271651809, 0.999859259244572], "world_rotation": [0.0654498961144826, 0.9977536534872832, -0.014281388286222904, 0.01677931877592455]}, {"color": "CVRed", "id_name": "object198371819657419", "shape": "CVCone", "id_string": "ob835", "world_size": [0.04, 0.04, 0.04], "id": 835, "camera_size": [17, 17], "camera_position": [272, 225], "world_position": [0.779041413642283, 0.6199865302292485, -0.10818533062626501], "world_orientation": [0.9978304374623123, 4.1356975461109736e-05, -0.065836284550171, -5.9443442648216245e-05, 0.9999999610342392, -0.0002727599629144811, 0.06583627070428298, 0.00027608172852199047, 0.997830401039491], "world_rotation": [-0.004168194061307119, 0.9999910200194341, 0.0007655316837190387, -0.06588452342879345]}, {"color": "CVYellow", "id_name": "object227074797459346", "shape": "CVCapsule", "id_string": "ob842", "world_size": [0.04, 0.08, 0.04], "id": 842, "camera_size": [17, 17], "camera_position": [290, 224], "world_position": [0.7800047243087206, 0.6399748863813782, -0.06500146248830468], "world_orientation": [0.9999999995983813, -8.13025170670899e-11, -2.8341446052347217e-05, 8.128560229320957e-11, 1.0, -5.968223482664982e-10, 2.8341446052347265e-05, 5.968200442755444e-10, 0.9999999995983813], "world_rotation": [-2.1058247876057374e-05, 0.9999999997741612, -2.8683807986239854e-06, -2.834144606254199e-05]}, {"color": "CVPurple", "id_name": "object132270227498068", "shape": "CVCone", "id_string": "ob849", "world_size": [0.04, 0.04, 0.04], "id": 849, "camera_size": [22, 21], "camera_position": [230, 273], "world_position": [0.6577504978997666, 0.6600289078646447, -0.21274043879622434], "world_orientation": [0.9330694087874782, 0.0044102405594842395, 0.35966933169675913, -0.003971244909536336, 0.9999901948579346, -0.001959439169397522, -0.359674446685964, 0.00039995774472768343, 0.9330777740547398], "world_rotation": [0.0032796892919202355, 0.9999267495210701, -0.011650718019746082, 0.3679444643443114]}, {"color": "CVBlue", "id_name": "object260220924656971", "shape": "CVCone", "id_string": "ob856", "world_size": [0.04, 0.04, 0.04], "id": 856, "camera_size": [23, 23], "camera_position": [260, 272], "world_position": [0.6598113913959598, 0.6604373536473865, -0.14111475386044958], "world_orientation": [0.7814532935849766, 0.02045216902212582, -0.6236284620889931, -0.025973504293936654, 0.9996626033869215, 0.00023762233787554335, 0.6234229118502825, 0.016012125779327372, 0.7817208483903585], "world_rotation": [-0.012639675095525158, 0.9992279156376401, 0.037199613222944926, -0.6738607274511769]}, {"color": "CVPurple", "id_name": "object260683206851080", "shape": "CVSphere", "id_string": "ob863", "world_size": [0.04, 0.04, 0.04], "id": 863, "camera_size": [20, 20], "camera_position": [277, 278], "world_position": [0.6432012619506192, 0.6599848992222027, -0.09691913373339718], "world_orientation": [0.974046291116981, -8.00538157715994e-05, -0.2263488819337088, -0.0004055441161471614, 0.9999977151784888, -0.0020988501070639794, 0.22634853278787412, 0.0021361716196608522, 0.9740440331297082], "world_rotation": [-0.009354670884419398, 0.9999559856385788, 0.0007189702515266533, -0.228337686385969]}, {"color": "CVRed", "id_name": "object67010426104556", "shape": "CVSphere", "id_string": "ob870", "world_size": [0.04, 0.04, 0.04], "id": 870, "camera_size": [19, 19], "camera_position": [233, 255], "world_position": [0.7027499578850177, 0.6600695474567865, -0.20775160452520186], "world_orientation": [0.987685415809814, 0.005091725536591046, 0.15637005380716296, -0.005557984956318417, 0.9999813165528719, 0.0025446705897445177, -0.1563541755113062, -0.0033824364362097297, 0.9876952621755025], "world_rotation": [-0.018938764995774626, 0.9992413940920355, -0.034028804172938916, 0.15712656759349267]}, {"color": "CVPurple", "id_name": "object51194663415247", "shape": "CVCapsule", "id_string": "ob877", "world_size": [0.04, 0.08, 0.04], "id": 877, "camera_size": [17, 36], "camera_position": [256, 218], "world_position": [0.792571125972808, 0.662083477373512, -0.14995573595486814], "world_orientation": [0.014348264830161717, -0.9770691743839041, 0.21243812220295993, 0.001905920070770839, -0.21243288215497058, -0.977173801351641, 0.9998952418953935, 0.014425638567792554, -0.001185827501804182], "world_rotation": [-0.619537881609328, 0.4919925285880268, -0.6116503617791671, -2.2138415415287933]}, {"color": "CVYellow", "id_name": "object250593197220352", "shape": "CVBox", "id_string": "ob884", "world_size": [0.04, 0.04, 0.04], "id": 884, "camera_size": [19, 18], "camera_position": [274, 259], "world_position": [0.6920750024178245, 0.7008338091010614, -0.10666884658684121], "world_orientation": [0.9987178397858532, 0.003447937221148624, -0.05050532865349998, -0.005345363308601821, 0.9992830034428554, -0.03748207733471349, 0.05033988065716963, 0.037703988637084636, 0.99802019301028], "world_rotation": [-0.5962638592042094, 0.799753955851217, 0.06973535908871847, -0.06308949046759793]}, {"color": "CVBlue", "id_name": "object49249430613416", "shape": "CVBox", "id_string": "ob891", "world_size": [0.04, 0.04, 0.04], "id": 891, "camera_size": [18, 19], "camera_position": [234, 238], "world_position": [0.7442824562652323, 0.6600495885780621, -0.20274903345976011], "world_orientation": [0.9918361366446389, 0.004646310842274376, 0.12743425693821173, -0.004700107175133261, 0.9999889470603601, 0.00012144815601926922, -0.12743228412917762, -0.0007194113352618344, 0.9918470120986157], "world_rotation": [-0.0032969807933511315, 0.9993228351228858, -0.03664697967917964, 0.12786778091161155]}, {"color": "CVBlue", "id_name": "object277604862568282", "shape": "CVCapsule", "id_string": "ob898", "world_size": [0.04, 0.08, 0.04], "id": 898, "camera_size": [34, 35], "camera_position": [278, 140], "world_position": [0.9953105952598978, 0.6199748863729, -0.09266863552326211], "world_orientation": [0.750383520120213, -0.6610027025148975, -4.591181879121109e-10, 5.023012561444773e-10, -1.2435596996596132e-10, 1.0, -0.6610027025148973, -0.750383520120213, 2.387077896459644e-10], "world_rotation": [-0.8820889170999853, 0.333105945613852, 0.33310594609835004, 1.695930884283757]}, {"color": "CVGreen", "id_name": "object19636584745568", "shape": "CVBox", "id_string": "ob905", "world_size": [0.04, 0.04, 0.04], "id": 905, "camera_size": [19, 18], "camera_position": [271, 243], "world_position": [0.7315362020793327, 0.6599804518187246, -0.11262093351697612], "world_orientation": [0.9926391154401941, -0.0013122620810011394, 0.12110270214301629, 0.0013230014895693697, 0.9999991247989105, -8.274760236796471e-06, -0.12110258529514538, 0.0001684329060080193, 0.9926399828060465], "world_rotation": [0.0007295346960975053, 0.9999405488135807, 0.010879642343470683, 0.12140788023764822]}, {"color": "CVPurple", "id_name": "object210612420523545", "shape": "CVCylinder", "id_string": "ob912", "world_size": [0.04, 0.04, 0.04], "id": 912, "camera_size": [23, 24], "camera_position": [231, 192], "world_position": [0.8617765871482621, 0.6199874431738491, -0.21355172815270582], "world_orientation": [5.939148062239497e-10, 0.8292513852576949, -0.5588757823060453, 1.0, -4.5293191419659706e-10, 3.906420742438854e-10, 7.0807748553392e-11, -0.5588757823060453, -0.8292513852576949], "world_rotation": [0.6911618483120961, 0.691161847916557, -0.21116486313394367, -2.725377463551773]}, {"color": "CVYellow", "id_name": "object117675409502359", "shape": "CVBox", "id_string": "ob919", "world_size": [0.04, 0.04, 0.04], "id": 919, "camera_size": [22, 22], "camera_position": [273, 279], "world_position": [0.6438537954404449, 0.7003103790091749, -0.10854894642874134], "world_orientation": [-0.0050053200139261395, -0.9423793473016879, -0.3345087630403765, 0.9998412349333756, 0.001004371519897334, -0.017790339084813703, 0.01710121920977634, -0.33454470107460166, 0.9422247031809582], "world_rotation": [0.1584527870429098, 0.17588891685551894, -0.9715738794377535, -1.601689363164726]}, {"color": "CVPurple", "id_name": "object3221426357004", "shape": "CVBox", "id_string": "ob926", "world_size": [0.04, 0.04, 0.04], "id": 926, "camera_size": [23, 24], "camera_position": [219, 205], "world_position": [0.8291369485015054, 0.6199874432081268, -0.24448508739578442], "world_orientation": [0.7522710718016161, 5.733795416024514e-10, 0.6588537277199301, 7.301776688486026e-10, -1.0, 3.6560473195572286e-11, 0.65885372771993, 4.5357689266234325e-10, -0.7522710718016161], "world_rotation": [0.9360211193668699, 3.481644760678017e-10, 0.35194383656940487, 3.141592653367033]}, {"color": "CVBlue", "id_name": "object85146065832728", "shape": "CVSphere", "id_string": "ob933", "world_size": [0.04, 0.04, 0.04], "id": 933, "camera_size": [23, 23], "camera_position": [278, 205], "world_position": [0.8291882922304371, 0.6199874431869159, -0.09476966933851033], "world_orientation": [-0.7639448015324086, -0.6452815976080588, -2.2070462124545998e-10, -4.839791900579371e-10, 2.309515911846916e-10, 1.0, -0.6452815976080588, 0.7639448015324088, -4.887370508299682e-10], "world_rotation": [-0.25042931282218783, 0.684574743786907, 0.6845747435076008, 2.6508272912648314]}], "source": "manual check"}
