{"timestamp": 1721661268.255552, "objects": [{"color": "cv_", "id_name": "hand", "shape": "CVBox", "id_string": "ob383", "world_size": [0.005, 0.09, 0.5], "id": 383, "camera_size": [3, 208], "camera_position": [246, 271], "world_position": [0.6631648279986815, 0.6656749037361086, -0.17408383320218118], "world_orientation": [-4.508998062790881e-06, -0.0016616781767127959, 0.9999986194017, -0.0007638060748288151, -0.999998327706643, -0.0016616811360132945, 0.999999708289932, -0.0007638125128368297, 3.2397906370038533e-06], "world_rotation": [0.0, 1.0, 0.0, 0.0]}, {"color": "CVPurple", "id_name": "object253929142098218", "shape": "CVCapsule", "id_string": "ob9676", "world_size": [0.04, 0.08, 0.04], "id": 9676, "camera_size": [16, 17], "camera_position": [255, 246], "world_position": [0.7241908182682113, 0.6399748864034319, -0.1511230544640723], "world_orientation": [0.9999805374285092, -1.2401258859070722e-10, -0.006238971404798693, 1.2552829153596608e-10, 1.0, 2.4254957167276367e-10, 0.006238971404798693, -2.4332801845577017e-10, 0.9999805374285092], "world_rotation": [3.8938917860308e-08, 0.999999999999999, -1.9998559372682742e-08, -0.0062390118805894694]}, {"color": "CVGreen", "id_name": "object1654652732856", "shape": "CVCapsule", "id_string": "ob9683", "world_size": [0.04, 0.08, 0.04], "id": 9683, "camera_size": [18, 18], "camera_position": [218, 295], "world_position": [0.5999978421889358, 0.6399748861737883, -0.24500030129906614], "world_orientation": [0.9999999950698066, -9.929069639855874e-05, -1.3207329252182954e-06, 9.929070648751947e-05, 0.9999999950414851, 7.641039815480828e-06, 1.3199742345130608e-06, -7.641170914312846e-06, 0.9999999999699353], "world_rotation": [0.07672328827835696, 0.01325748874014679, -0.9969642802167293, -9.959303816340811e-05]}, {"color": "CVGreen", "id_name": "object19605871289171", "shape": "CVCone", "id_string": "ob9690", "world_size": [0.04, 0.04, 0.04], "id": 9690, "camera_size": [16, 17], "camera_position": [236, 295], "world_position": [0.5997718265324099, 0.6199874431869703, -0.2000007290175889], "world_orientation": [0.9999999965835112, 4.694830299122851e-10, -8.26618285582139e-05, -4.695033659155198e-10, 1.0, -2.459950304902793e-10, 8.266182855821379e-05, 2.460338396568573e-10, 0.9999999965835112], "world_rotation": [-2.976155250367554e-06, 0.9999999999794419, 5.679685606925744e-06, -8.266182865405094e-05]}, {"color": "CVBlue", "id_name": "object76793414767733", "shape": "CVCylinder", "id_string": "ob9697", "world_size": [0.04, 0.04, 0.04], "id": 9697, "camera_size": [16, 17], "camera_position": [255, 296], "world_position": [0.5981721111373598, 0.6199874431879309, -0.15108127337142085], "world_orientation": [0.9999202436221223, 2.1407568464165478e-11, -0.01262958410542493, -1.368011087722782e-11, 1.0, 6.119400764517285e-10, 0.01262958410542493, -6.117184962168567e-10, 0.9999202436221223], "world_rotation": [4.844413570764265e-08, 0.9999999999999988, 1.389106681918435e-09, -0.012629919879431132]}, {"color": "CVGreen", "id_name": "object189872923750402", "shape": "CVSphere", "id_string": "ob9704", "world_size": [0.04, 0.04, 0.04], "id": 9704, "camera_size": [16, 17], "camera_position": [271, 295], "world_position": [0.6000001480885825, 0.6199874431821268, -0.10995710138701757], "world_orientation": [0.999999999995217, -7.133060196439932e-10, -3.0928730652404143e-06, 7.132791891616696e-10, 1.0, -8.674971770590833e-09, 3.092873065246602e-06, 8.674969564475639e-09, 0.999999999995217], "world_rotation": [-0.0028048148536432694, 0.9999960399053355, -0.00023062368375613752, -3.0928853133670664e-06]}, {"color": "CVPurple", "id_name": "object123011321617445", "shape": "CVCylinder", "id_string": "ob9711", "world_size": [0.04, 0.04, 0.04], "id": 9711, "camera_size": [16, 17], "camera_position": [289, 295], "world_position": [0.6, 0.6199874431539305, -0.065], "world_orientation": [1.0, 2.049142105997599e-16, 5.802954297681148e-18, -2.049142105997599e-16, 1.0, 6.179952383167331e-17, -5.802954297681148e-18, -6.179952383167331e-17, 1.0], "world_rotation": [-0.28863572672225335, 0.027102796704540077, -0.9570553043948448, 2.1410905896324258e-16]}, {"color": "CVPurple", "id_name": "object2138426970275", "shape": "CVBox", "id_string": "ob9718", "world_size": [0.04, 0.04, 0.04], "id": 9718, "camera_size": [17, 16], "camera_position": [219, 277], "world_position": [0.6450926906430611, 0.6199874431654501, -0.2448946590484592], "world_orientation": [0.9999896914150223, 1.7755490321034657e-09, 0.004540601687949845, -1.7741375194437675e-09, 1.0, -3.1489251983435185e-10, -0.004540601687949845, 3.0683362192262863e-10, 0.9999896914150223], "world_rotation": [6.846296862009613e-08, 0.9999999999999212, -3.9088283838762503e-07, 0.004540617290407322]}, {"color": "CVGreen", "id_name": "object87158846619445", "shape": "CVCone", "id_string": "ob9725", "world_size": [0.04, 0.04, 0.04], "id": 9725, "camera_size": [16, 16], "camera_position": [236, 277], "world_position": [0.6452146987739255, 0.6199874431624351, -0.19906536962468918], "world_orientation": [0.9999793163823972, -5.752285999090425e-10, -0.006431703304225072, 5.752391026991144e-10, 1.0, -2.1693095784801996e-13, 0.006431703304225072, -3.482840766611065e-12, 0.9999793163823972], "world_rotation": [2.5389151631245275e-10, 0.9999999999999959, -8.943724921611314e-08, -0.006431747648222535]}, {"color": "CVPurple", "id_name": "object25435800821781", "shape": "CVSphere", "id_string": "ob9732", "world_size": [0.04, 0.04, 0.04], "id": 9732, "camera_size": [16, 16], "camera_position": [255, 278], "world_position": [0.6429808431353466, 0.6199803563749597, -0.15149798174636037], "world_orientation": [0.999982597375207, -0.0006341099191749228, -0.005865394389560909, 0.0006328294621409249, 0.9999997755281094, -0.00022016040219483753, 0.0058655326788395815, 0.00021644477644918513, 0.999982774190662], "world_rotation": [-0.036977818071024224, 0.9935385747988209, -0.10730210322931263, -0.005903643557104621]}, {"color": "CVRed", "id_name": "object62715125415822", "shape": "CVCapsule", "id_string": "ob9739", "world_size": [0.04, 0.08, 0.04], "id": 9739, "camera_size": [17, 17], "camera_position": [272, 278], "world_position": [0.6450460442679942, 0.6399635305043218, -0.10992294667640996], "world_orientation": [0.9999993434086972, 0.0011459375138196239, 3.0641319938206745e-06, -0.0011459306099563095, 0.9999978851844399, -0.0017077674563710404, -5.021120306881494e-06, 0.0017077628237831368, 0.9999985417593998], "world_rotation": [0.8303788679233622, 0.001965675049447597, -0.557195721293618, 0.0020566110361442905]}, {"color": "CVGreen", "id_name": "object246575686508688", "shape": "CVCylinder", "id_string": "ob9746", "world_size": [0.04, 0.04, 0.04], "id": 9746, "camera_size": [16, 16], "camera_position": [289, 277], "world_position": [0.645, 0.6199874431539305, -0.065], "world_orientation": [1.0, 3.5778671692020784e-17, -3.6332864841185517e-17, -3.5778671692020784e-17, 1.0, 1.0733601507606489e-16, 3.6332864841185517e-17, -1.0733601507606489e-16, 1.0], "world_rotation": [0.9032531890035577, 0.3057480381601587, 0.3010843963345121, -1.18832699826363e-16]}, {"color": "CVPurple", "id_name": "object203159347086256", "shape": "CVBox", "id_string": "ob9753", "world_size": [0.04, 0.04, 0.04], "id": 9753, "camera_size": [16, 16], "camera_position": [218, 258], "world_position": [0.6931927759404889, 0.619974871153019, -0.2457976872430118], "world_orientation": [0.9999692598033769, 0.0008407966248872413, 0.0077956724740267476, -0.0008455648618536219, 0.9999994574491852, 0.00060837603516026, -0.0077951567239612695, -0.0006149490802798849, 0.9999694282173218], "world_rotation": [-0.07777311579823917, 0.9911897902704492, -0.10721073697469183, 0.00786478537221314]}, {"color": "CVYellow", "id_name": "object36510478066956", "shape": "CVBox", "id_string": "ob9760", "world_size": [0.04, 0.04, 0.04], "id": 9760, "camera_size": [16, 15], "camera_position": [236, 260], "world_position": [0.6900567166136323, 0.6199874431825535, -0.20002101961621133], "world_orientation": [0.9999999659868358, -4.55268915397838e-10, -0.0002608185715586901, 4.551620551321023e-10, 1.0, -4.0977046505127085e-10, 0.0002608185715586903, 4.096517363967715e-10, 0.9999999659868358], "world_rotation": [-1.57086628561148e-06, 0.9999999999972431, -1.745333863855171e-06, -0.0002608185745164976]}, {"color": "CVGreen", "id_name": "object8239987740446", "shape": "CVCone", "id_string": "ob9767", "world_size": [0.04, 0.04, 0.04], "id": 9767, "camera_size": [16, 16], "camera_position": [255, 262], "world_position": [0.6838639510597354, 0.6199793669169039, -0.1511376087138796], "world_orientation": [0.9999751844819255, 0.0006630422919461213, -0.007013614992158444, -0.0006629507643925923, 0.9999997801299251, 1.5374844094964175e-05, 0.007013623644246256, -1.0724781140030812e-05, 0.9999754041817008], "world_rotation": [0.0018523777418532905, 0.9955600663147056, 0.09411016446782024, -0.007044956474070281]}, {"color": "CVPurple", "id_name": "object25538123382960", "shape": "CVCone", "id_string": "ob9774", "world_size": [0.04, 0.04, 0.04], "id": 9774, "camera_size": [16, 16], "camera_position": [272, 259], "world_position": [0.6905672082546234, 0.6199560406114228, -0.10862634050447156], "world_orientation": [0.9997159428298587, 9.233958661164515e-05, 0.023833277684941027, -8.08580600633336e-05, 0.9999998802280812, -0.00048270674107127765, -0.02383331940332454, 0.00048064251216184536, 0.9997158305583617], "world_rotation": [0.020205894207248453, 0.9997892402496703, -0.003632756566648979, 0.02384058103052878]}, {"color": "CVPurple", "id_name": "object37140115406893", "shape": "CVCone", "id_string": "ob9781", "world_size": [0.04, 0.04, 0.04], "id": 9781, "camera_size": [16, 15], "camera_position": [289, 260], "world_position": [0.69, 0.6199874431539305, -0.065], "world_orientation": [1.0, 4.228388472693457e-17, -1.6957377686420176e-17, -4.228388472693457e-17, 1.0, 1.0733601507606494e-16, 1.6957377686420176e-17, -1.0733601507606494e-16, 1.0], "world_rotation": [0.92051720276698, 0.14542702990328832, 0.3626279889688094, -1.1660402951017529e-16]}, {"color": "CVGreen", "id_name": "object244028101041166", "shape": "CVCapsule", "id_string": "ob9788", "world_size": [0.04, 0.08, 0.04], "id": 9788, "camera_size": [19, 17], "camera_position": [218, 241], "world_position": [0.7382594087447811, 0.6401186587986405, -0.2454466359191514], "world_orientation": [0.9997583299515641, 0.00894732067298736, -0.02008051655795469, -0.008923554252755551, 0.9999593741910624, 0.0012728499192918615, 0.02009108936712212, -0.0010933527306619703, 0.99979755586211], "world_rotation": [0.053739525837303896, 0.9123491830164154, 0.40587070799955616, -0.022017256359530748]}, {"color": "CVBlue", "id_name": "object28570098239702", "shape": "CVCylinder", "id_string": "ob9795", "world_size": [0.04, 0.04, 0.04], "id": 9795, "camera_size": [16, 17], "camera_position": [236, 242], "world_position": [0.7361036236742271, 0.6199459239450814, -0.20002665683343435], "world_orientation": [0.999662460334706, 0.003007403946637766, 0.025805443593632304, -0.003045818114674869, 0.9999943110556867, 0.0014494303276746672, -0.025800937765412892, -0.001527539775001704, 0.9996659333160559], "world_rotation": [-0.05719949833828148, 0.9915649210375443, -0.11630659808307153, 0.02602563206559091]}, {"color": "CVBlue", "id_name": "object2990959911715", "shape": "CVCylinder", "id_string": "ob9802", "world_size": [0.04, 0.04, 0.04], "id": 9802, "camera_size": [16, 17], "camera_position": [255, 230], "world_position": [0.7655792652901328, 0.6199778842611922, -0.150732686416129], "world_orientation": [0.9999069702056131, 0.00012643202170740196, 0.013639462935725967, -0.00012976732164714312, 0.9999999618979631, 0.0002436483419815449, -0.013639431611082182, -0.0002453956320002619, 0.9999069485138659], "world_rotation": [-0.017923887885543336, 0.9997952607769751, -0.009389929231205539, 0.013642663571744405]}, {"color": "CVGreen", "id_name": "object12902815506280", "shape": "CVBox", "id_string": "ob9809", "world_size": [0.04, 0.04, 0.04], "id": 9809, "camera_size": [16, 16], "camera_position": [271, 242], "world_position": [0.73499728890404, 0.6199748862852916, -0.11000670530572584], "world_orientation": [0.9999999939466018, -0.00010795506489829463, 2.1272057534423493e-05, 0.00010795520381712672, 0.9999999941515195, -6.5295380793565395e-06, -2.1271352513308972e-05, 6.531834469131514e-06, 0.9999999997524324], "world_rotation": [0.059248939028903144, 0.19298522407520713, 0.979411183575413, 0.00011022452713089475]}, {"color": "CVPurple", "id_name": "object135758291642663", "shape": "CVCylinder", "id_string": "ob9816", "world_size": [0.04, 0.04, 0.04], "id": 9816, "camera_size": [16, 16], "camera_position": [289, 242], "world_position": [0.735, 0.6199874431539305, -0.065], "world_orientation": [1.0, 4.228388472693457e-17, -1.6957377686420176e-17, -4.228388472693457e-17, 1.0, 1.0733601507606494e-16, 1.6957377686420176e-17, -1.0733601507606494e-16, 1.0], "world_rotation": [0.92051720276698, 0.14542702990328832, 0.3626279889688094, -1.1660402951017529e-16]}, {"color": "CVRed", "id_name": "object37021571621482", "shape": "CVBox", "id_string": "ob9823", "world_size": [0.04, 0.04, 0.04], "id": 9823, "camera_size": [17, 16], "camera_position": [219, 224], "world_position": [0.78, 0.6199874431539305, -0.245], "world_orientation": [1.0, -2.2442984970449937e-16, -1.4488340486922525e-17, 2.2442984970449937e-16, 1.0, -5.952269926945416e-16, 1.4488340486922525e-17, 5.952269926945416e-16, 1.0], "world_rotation": [-0.9354546928465729, 0.022769777356192403, -0.3527124251716587, -6.362969764823948e-16]}, {"color": "CVPurple", "id_name": "object233288835362732", "shape": "CVCylinder", "id_string": "ob9830", "world_size": [0.04, 0.04, 0.04], "id": 9830, "camera_size": [16, 17], "camera_position": [236, 222], "world_position": [0.786279124048107, 0.6211074211051212, -0.19998068112273598], "world_orientation": [0.9982349167021533, 0.058541417139466305, 0.009997677527728807, -0.058549066380256164, 0.998284419520141, 0.00047388747158038226, -0.009952783663167352, -0.0010584057059386425, 0.9999499096828381], "world_rotation": [-0.012899411418711445, 0.1679503705100914, -0.9857110520992314, 0.059428893951032534]}, {"color": "CVPurple", "id_name": "object9544668190097", "shape": "CVCone", "id_string": "ob9837", "world_size": [0.04, 0.04, 0.04], "id": 9837, "camera_size": [21, 22], "camera_position": [258, 207], "world_position": [0.8240381086814941, 0.6199874459134253, -0.14480698692295954], "world_orientation": [0.9244470498975951, -0.00012262321123830027, -0.3813104206538051, 0.00013885440245656885, 0.9999999902464126, 1.505422449284709e-05, 0.3813104150886633, -6.686346403125563e-05, 0.9244470579076924], "world_rotation": [0.00010741600464761052, 0.9999999354519736, -0.0003428671032341219, -0.3912134247350707]}, {"color": "CVBlue", "id_name": "object30970664238045", "shape": "CVSphere", "id_string": "ob9844", "world_size": [0.04, 0.04, 0.04], "id": 9844, "camera_size": [17, 17], "camera_position": [272, 222], "world_position": [0.7856418057055199, 0.6199844445481993, -0.10977061205114122], "world_orientation": [0.9992687808500552, 5.2909149544233595e-05, -0.03823481161279976, -5.259440054645487e-05, 0.9999999985742457, 9.237836942407336e-06, 0.038234812047052404, -7.220145062349122e-06, 0.9992687822080686], "world_rotation": [0.00021522226960092017, 0.9999990250837043, 0.0013796778666369887, -0.03824417118407232]}, {"color": "CVPurple", "id_name": "object218424626811721", "shape": "CVCapsule", "id_string": "ob9851", "world_size": [0.04, 0.08, 0.04], "id": 9851, "camera_size": [17, 17], "camera_position": [290, 224], "world_position": [0.7802166344323962, 0.6399748863928956, -0.06481057374511938], "world_orientation": [0.9999390348281126, 5.099598077993428e-10, -0.011042039079017615, -5.221665034687575e-10, 1.0, -1.102591795922304e-09, 0.011042039079017615, 1.1082903591609992e-09, 0.9999390348281126], "world_rotation": [-1.0011204177335635e-07, 0.9999999999999939, 4.673621891220113e-08, -0.011042263477760042]}, {"color": "CVYellow", "id_name": "object10726536329515", "shape": "CVBox", "id_string": "ob9858", "world_size": [0.04, 0.04, 0.04], "id": 9858, "camera_size": [20, 21], "camera_position": [232, 272], "world_position": [0.6606817203438263, 0.6601459882635384, -0.20853696596954321], "world_orientation": [0.9607510427243389, 0.006275486289494925, 0.2773410394729313, -0.0069188279938703825, 0.9999751653328887, 0.0013410953184793723, -0.27732573577525566, -0.0032073336733762143, 0.9607706018022308], "world_rotation": [-0.008197696456650121, 0.9996835976147914, -0.02378029505184063, 0.2811088703695264]}, {"color": "CVRed", "id_name": "object85352356940401", "shape": "CVCone", "id_string": "ob9865", "world_size": [0.04, 0.04, 0.04], "id": 9865, "camera_size": [16, 17], "camera_position": [255, 269], "world_position": [0.6677292326671189, 0.6599795134126294, -0.15109109479133292], "world_orientation": [0.9997539748703271, 0.00029136267307839833, -0.022178927809396325, -0.00029669448422329803, 0.9999999278756954, -0.00023710965225504484, 0.02217885712485449, 0.0002436316828691364, 0.9997539892094647], "world_rotation": [-0.010836223501575237, 0.9998534273284105, 0.013255192184745504, -0.02218396327751088]}, {"color": "CVRed", "id_name": "object225303138831559", "shape": "CVCone", "id_string": "ob9872", "world_size": [0.04, 0.04, 0.04], "id": 9872, "camera_size": [18, 19], "camera_position": [271, 280], "world_position": [0.6421907779704789, 0.6999557166116656, -0.11265657768343819], "world_orientation": [0.9945696858197024, 0.001341969099515626, 0.10406411085208396, -0.0011379333478229588, 0.9999973123118685, -0.0020200189937908055, -0.1040665419632784, 0.0018906316339542199, 0.9945685397979519], "world_rotation": [0.018784753830896155, 0.9997525859411052, -0.01191217560254261, 0.10427997277684528]}, {"color": "CVGreen", "id_name": "object13556741883597", "shape": "CVCone", "id_string": "ob9879", "world_size": [0.04, 0.04, 0.04], "id": 9879, "camera_size": [20, 21], "camera_position": [232, 255], "world_position": [0.7022757657464324, 0.6600847665403866, -0.2083847378818534], "world_orientation": [0.961827215206235, 0.007796388255942192, 0.2735463844008571, -0.008039772511314831, 0.9999676537620965, -0.0002312736350065842, -0.27353933930348145, -0.0019768054255665654, 0.9618587849022977], "world_rotation": [-0.0031892480748141744, 0.999576232594788, -0.028934130854883857, 0.27719502613301933]}, {"color": "CVBlue", "id_name": "object140462044191779", "shape": "CVSphere", "id_string": "ob9886", "world_size": [0.04, 0.04, 0.04], "id": 9886, "camera_size": [18, 18], "camera_position": [256, 225], "world_position": [0.7760779493233793, 0.6599669752739366, -0.14898820675884936], "world_orientation": [0.09436745824627446, 0.00023070000021587704, -0.9955374074346215, 0.00036781725795034077, 0.999999896817532, 0.00026659968190195744, 0.9955373662171614, -0.00039133417373994666, 0.09436736365376572], "world_rotation": [0.0003304415418586421, 0.9999999430329328, -6.886594704417465e-05, -1.4762883431634852]}, {"color": "CVYellow", "id_name": "object180725304687872", "shape": "CVCapsule", "id_string": "ob9893", "world_size": [0.04, 0.08, 0.04], "id": 9893, "camera_size": [17, 17], "camera_position": [272, 261], "world_position": [0.6889235407220758, 0.679925933656719, -0.11061151539316104], "world_orientation": [0.9998007801229122, 0.00020768655982164336, -0.01995888102848115, -0.00021889628242564212, 0.9999998195456797, -0.0005594577960319546, 0.01995876123494982, 0.0005637152657771027, 0.9998006451663579], "world_rotation": [-0.02812452333557543, 0.9995473533978618, 0.01068173686610325, -0.01996918666917242]}, {"color": "CVPurple", "id_name": "object128071401169108", "shape": "CVCapsule", "id_string": "ob9900", "world_size": [0.04, 0.08, 0.04], "id": 9900, "camera_size": [18, 19], "camera_position": [234, 237], "world_position": [0.7466282891830098, 0.6799467922027236, -0.2027214474781798], "world_orientation": [0.9976243882547394, 0.01031522017561879, 0.06811149823697787, -0.010490184852502263, 0.9999425307238842, 0.0022116218652286565, -0.06808477055199398, -0.002920870117436318, 0.997675264069747], "world_rotation": [-0.03722655602190893, 0.9878472381782542, -0.15090400110780078, 0.06899061205032456]}, {"color": "CVGreen", "id_name": "object232639049727231", "shape": "CVCone", "id_string": "ob9907", "world_size": [0.04, 0.04, 0.04], "id": 9907, "camera_size": [21, 22], "camera_position": [267, 193], "world_position": [0.859288776518942, 0.6199874394005033, -0.12171741275413911], "world_orientation": [-0.8788168685051182, -0.4771591942629, 0.00012231613878280198, 0.0001392725796252603, -1.654682529883544e-07, 0.9999999903015606, -0.4771591896149612, 0.8788168770172502, 6.660060816932044e-05], "world_rotation": [-0.17670795038349543, 0.6959669078629954, 0.695991640345547, 2.7915999556495077]}, {"color": "CVRed", "id_name": "object146282975152627", "shape": "CVCone", "id_string": "ob9914", "world_size": [0.04, 0.04, 0.04], "id": 9914, "camera_size": [17, 17], "camera_position": [272, 243], "world_position": [0.731562672140656, 0.6599646256926708, -0.10979890270191094], "world_orientation": [0.9999333704210807, -0.00032025169820565705, 0.011539157559706465, 0.00032034537687629914, 0.9999999486697619, -6.270009859352813e-06, -0.011539154959417456, 9.96610786853372e-06, 0.9999334216854137], "world_rotation": [0.0007032517002686086, 0.9996147349023238, 0.027746841319382654, 0.011543859995909095]}, {"color": "CVBlue", "id_name": "object271205988047368", "shape": "CVCylinder", "id_string": "ob9921", "world_size": [0.04, 0.04, 0.04], "id": 9921, "camera_size": [18, 17], "camera_position": [227, 255], "world_position": [0.7023283426787215, 0.7002658353218187, -0.2191943275757003], "world_orientation": [-0.002031044723756676, -0.9993250552151146, -0.0366784524842358, 0.999997936871542, -0.0020284560629597386, -0.00010778988926896452, 3.331650772370881e-05, -0.03667859573796256, 0.9993271133641385], "world_rotation": [0.018285454113383177, 0.018355935882325636, -0.999664294543799, -1.573162522714194]}, {"color": "CVBlue", "id_name": "object232116615454177", "shape": "CVBox", "id_string": "ob9928", "world_size": [0.04, 0.04, 0.04], "id": 9928, "camera_size": [18, 18], "camera_position": [266, 268], "world_position": [0.6717951123966331, 0.739937555479132, -0.12607327528431603], "world_orientation": [0.9993198333583857, 0.0007950011324616429, 0.03686785360944796, -0.0007737073038801878, 0.9999995255538145, -0.0005918354110281367, -0.03686830662745744, 0.0005629079367082135, 0.9993199743330856], "world_rotation": [0.015655014179476557, 0.9996512526456809, -0.02126719574746834, 0.03688930830488085]}, {"color": "CVYellow", "id_name": "object226956414239462", "shape": "CVCone", "id_string": "ob9935", "world_size": [0.04, 0.04, 0.04], "id": 9935, "camera_size": [22, 23], "camera_position": [288, 193], "world_position": [0.8612062129125225, 0.6199874431844788, -0.0674223854551893], "world_orientation": [-0.47508157928819816, -0.879941755470799, -1.783456715642728e-11, 5.477008846455078e-10, -2.754362293799772e-10, -1.0, 0.8799417554707991, -0.4750815792881983, 6.128000329397309e-10], "world_rotation": [-0.38865423508107044, 0.6515166479232688, -0.6515166483155865, -2.4002177637857516]}, {"color": "CVGreen", "id_name": "object260008274856069", "shape": "CVSphere", "id_string": "ob9942", "world_size": [0.04, 0.04, 0.04], "id": 9942, "camera_size": [23, 24], "camera_position": [241, 166], "world_position": [0.9293624363758071, 0.619988369088611, -0.18818977200317222], "world_orientation": [-0.5758962173305184, 0.0007908213555575135, 0.8175224287235086, 0.00013715027954102715, 0.9999996115143401, -0.0008707243937670662, -0.8175227997152135, -0.0003893234550773736, -0.5758961020644664], "world_rotation": [0.0002944266439727476, 0.9999998767413596, -0.0003997877147839255, 2.1844964789211865]}], "source": "manual check"}
