{"timestamp": 1721660806.524752, "objects": [{"color": "cv_", "id_name": "hand", "shape": "CVBox", "id_string": "ob383", "world_size": [0.005, 0.09, 0.5], "id": 383, "camera_size": [3, 208], "camera_position": [246, 271], "world_position": [0.663184403033238, 0.6656821205632344, -0.1740926589162748], "world_orientation": [-1.9599214399283545e-06, -0.0016629922963019676, 0.9999986172254347, -0.000762840815432746, -0.999998326262174, -0.0016629933075414732, 0.9999997090349823, -0.0007628430199324694, 6.913197605279238e-07], "world_rotation": [0.0, 1.0, 0.0, 0.0]}, {"color": "CVPurple", "id_name": "object245510791572004", "shape": "CVSphere", "id_string": "ob4489", "world_size": [0.04, 0.04, 0.04], "id": 4489, "camera_size": [16, 16], "camera_position": [255, 247], "world_position": [0.7214448235773772, 0.6199874431896174, -0.1501990208828812], "world_orientation": [0.9999820869211418, 2.950407681576086e-10, 0.005985468806879365, -2.92200752240973e-10, 1.0, -4.753596123476439e-10, -0.005985468806879365, 4.736021387055394e-10, 0.9999820869211418], "world_rotation": [7.927213236517873e-08, 0.9999999999999956, -4.905559943137923e-08, 0.005985504546527055]}, {"color": "CVRed", "id_name": "object100461811185988", "shape": "CVCapsule", "id_string": "ob4496", "world_size": [0.04, 0.08, 0.04], "id": 4496, "camera_size": [18, 18], "camera_position": [218, 295], "world_position": [0.5999951857576195, 0.6399748863861902, -0.24500839556717124], "world_orientation": [0.999999991720167, -5.583546695849402e-10, -0.0001286843661513359, 5.583541109198996e-10, 1.0, -4.3772848152152176e-12, 0.0001286843661513359, 4.3054333344579295e-12, 0.999999991720167], "world_rotation": [-3.373649188814562e-08, 0.9999999999905862, -4.338945024530218e-06, -0.000128684366507709]}, {"color": "CVGreen", "id_name": "object191295499948809", "shape": "CVCapsule", "id_string": "ob4503", "world_size": [0.04, 0.08, 0.04], "id": 4503, "camera_size": [18, 34], "camera_position": [235, 321], "world_position": [0.5323952817191124, 0.6199748863751403, -0.2014129984872772], "world_orientation": [7.718158382373497e-11, -0.9980351200425119, -0.0626569961115987, 1.0, 9.314598636671334e-11, -2.518694280917444e-10, 2.5721078739104897e-10, -0.0626569961115987, 0.9980351200425119], "world_rotation": [0.03132851304882297, 0.0313285133033632, -0.9990180421415575, -1.5717787668465169]}, {"color": "CVGreen", "id_name": "object199773457099936", "shape": "CVCone", "id_string": "ob4510", "world_size": [0.04, 0.04, 0.04], "id": 4510, "camera_size": [16, 17], "camera_position": [255, 306], "world_position": [0.5720337215327665, 0.6199874431864616, -0.15135413536916825], "world_orientation": [-4.824021181159318e-10, -0.9999374752044363, 0.011182382652077182, 1.0, -4.850993329429056e-10, -2.3848979041618534e-10, 2.438994449113774e-10, 0.011182382652077182, 0.9999374752044362], "world_rotation": [0.005591191448015811, 0.005591191206821193, 0.9999687380908867, 1.5708275896764343]}, {"color": "CVRed", "id_name": "object98992972587894", "shape": "CVBox", "id_string": "ob4517", "world_size": [0.04, 0.04, 0.04], "id": 4517, "camera_size": [16, 17], "camera_position": [271, 297], "world_position": [0.5959176935356957, 0.6199831376707213, -0.10990679571150412], "world_orientation": [0.9999986575194135, 0.0001602970517572306, 0.0016307250614386207, -0.0001610244990317059, 0.9999998875923876, 0.0004459667285628924, -0.001630653390980941, -0.0004462287165472883, 0.9999985709237044], "world_rotation": [-0.26268495996208197, 0.9602325061065855, -0.09460521141028937, 0.0016982241276442811]}, {"color": "CVGreen", "id_name": "object12782539217918", "shape": "CVCone", "id_string": "ob4524", "world_size": [0.04, 0.04, 0.04], "id": 4524, "camera_size": [16, 17], "camera_position": [289, 295], "world_position": [0.6, 0.6199874431539305, -0.065], "world_orientation": [1.0, 2.049142105997599e-16, 5.802954297681148e-18, -2.049142105997599e-16, 1.0, 6.179952383167331e-17, -5.802954297681148e-18, -6.179952383167331e-17, 1.0], "world_rotation": [-0.28863572672225335, 0.027102796704540077, -0.9570553043948448, 2.1410905896324258e-16]}, {"color": "CVRed", "id_name": "object233735360831732", "shape": "CVCone", "id_string": "ob4531", "world_size": [0.04, 0.04, 0.04], "id": 4531, "camera_size": [18, 18], "camera_position": [218, 278], "world_position": [0.6426914298196507, 0.6199874431879571, -0.24467356425492093], "world_orientation": [0.9934850907465927, -7.357790170734258e-11, -0.11396216242347595, 3.430350216124016e-12, 1.0, -6.157298038171364e-10, 0.11396216242347595, 6.1132744989215e-10, 0.9934850907465927], "world_rotation": [-5.383616928703151e-09, 0.9999999999999999, -3.3786763205365023e-10, -0.11421029354691885]}, {"color": "CVRed", "id_name": "object220707567817237", "shape": "CVCylinder", "id_string": "ob4538", "world_size": [0.04, 0.04, 0.04], "id": 4538, "camera_size": [17, 16], "camera_position": [236, 277], "world_position": [0.6451792571498932, 0.6199874431840952, -0.20115815466174577], "world_orientation": [0.9999719412352739, -3.906722120486816e-11, -0.007491110876100601, 3.4821491426810136e-11, 1.0, -5.668994754367244e-10, 0.007491110876100601, 5.666227172845709e-10, 0.9999719412352739], "world_rotation": [-7.565781707607912e-08, 0.9999999999999973, -4.9317593781324384e-09, -0.007491180940659529]}, {"color": "CVGreen", "id_name": "object26187398995384", "shape": "CVBox", "id_string": "ob4545", "world_size": [0.04, 0.04, 0.04], "id": 4545, "camera_size": [16, 17], "camera_position": [255, 281], "world_position": [0.636715593354648, 0.619981499875447, -0.15069809865991377], "world_orientation": [0.9993914388210556, -0.0003094832357626166, 0.034880599640875046, 0.00030564574808126805, 0.9999999466375319, 0.00011534994652546747, -0.034880633478434855, -0.00010461864205526106, 0.9993914800832969], "world_rotation": [-0.003153025462938302, 0.9999561563329027, 0.008817246869497135, 0.034889223687425905]}, {"color": "CVPurple", "id_name": "object177348437815762", "shape": "CVCylinder", "id_string": "ob4552", "world_size": [0.04, 0.04, 0.04], "id": 4552, "camera_size": [16, 16], "camera_position": [272, 277], "world_position": [0.6459018746965773, 0.6199712343017942, -0.1083465807746975], "world_orientation": [0.9999979657443863, -0.0006705610962955877, -0.0019023288110728658, 0.000669516370359916, 0.999999624752351, -0.0005497663025141931, 0.0019026967491229724, 0.0005484915438681834, 0.9999980394491317], "world_rotation": [-0.2626825043049481, 0.910090145396133, -0.32052118367578547, -0.002090467823878772]}, {"color": "CVPurple", "id_name": "object107263641003656", "shape": "CVCylinder", "id_string": "ob4559", "world_size": [0.04, 0.04, 0.04], "id": 4559, "camera_size": [19, 18], "camera_position": [298, 276], "world_position": [0.647693710292318, 0.6199667073312767, -0.04202174041073656], "world_orientation": [0.9875652309763154, 0.001020533156219, -0.15720646640254296, -0.0009761802976110909, 0.9999994589725374, 0.0003593419805840572, 0.15720674806993293, -0.00020141179089575912, 0.9875656929007646], "world_rotation": [0.0017834542143496841, 0.9999782452080245, 0.006350464687351934, -0.15786491134374245]}, {"color": "CVRed", "id_name": "object128630823983600", "shape": "CVSphere", "id_string": "ob4566", "world_size": [0.04, 0.04, 0.04], "id": 4566, "camera_size": [21, 18], "camera_position": [216, 260], "world_position": [0.688744984623433, 0.6235269112815103, -0.25114318089645077], "world_orientation": [0.9966491457745214, 0.01629061226159097, -0.08015669765565141, -0.00014162022081533332, 0.9803085731492831, 0.19747172292186468, 0.08179523317791855, -0.19679867215547756, 0.9770260091047785], "world_rotation": [0.9243171552804446, 0.37967585157109174, 0.03852329409634024, -0.2149274780261537]}, {"color": "CVYellow", "id_name": "object2735439856456", "shape": "CVBox", "id_string": "ob4573", "world_size": [0.04, 0.04, 0.04], "id": 4573, "camera_size": [16, 16], "camera_position": [236, 260], "world_position": [0.6897365084653927, 0.6199766755837732, -0.19976134257240394], "world_orientation": [0.9999989744296465, -0.00016740991315824637, 0.0014223619709000377, 0.00016788933356912304, 0.9999999291400634, -0.0003369466429835121, -0.0014223054619033166, 0.0003371850968244164, 0.9999989316761211], "world_rotation": [0.22909235927388039, 0.9667124911166044, 0.11394582239580311, 0.0014713104905949524]}, {"color": "CVYellow", "id_name": "object259719947181158", "shape": "CVBox", "id_string": "ob4580", "world_size": [0.04, 0.04, 0.04], "id": 4580, "camera_size": [16, 16], "camera_position": [255, 264], "world_position": [0.6791209414266169, 0.6199874492040129, -0.15108913153092488], "world_orientation": [0.9999297785685727, 1.5629028044799635e-06, 0.011850651010079063, -1.9967439839237617e-06, 0.999999999328328, 3.65972270978379e-05, -0.011850650944921402, -3.6618319904274756e-05, 0.9999297779000685], "world_rotation": [-0.003089079114226545, 0.9999952175055946, -0.00015018709820967743, 0.011850985055100483]}, {"color": "CVYellow", "id_name": "object110119007708532", "shape": "CVSphere", "id_string": "ob4587", "world_size": [0.04, 0.04, 0.04], "id": 4587, "camera_size": [16, 16], "camera_position": [272, 259], "world_position": [0.6908667271002379, 0.6199712529470252, -0.10842446690821836], "world_orientation": [0.999819839560612, 0.00041041164904980827, 0.01897682753439965, -0.0004075032635806514, 0.9999999046261737, -0.00015712648956949706, -0.01897689021104869, 0.000149365062439421, 0.9998199114480547], "world_rotation": [0.008073264994625805, 0.9997352908484756, -0.02154461938490813, 0.018983023635641288]}, {"color": "CVGreen", "id_name": "object226419590658101", "shape": "CVCapsule", "id_string": "ob4594", "world_size": [0.04, 0.08, 0.04], "id": 4594, "camera_size": [37, 27], "camera_position": [322, 248], "world_position": [0.7203562296100897, 0.6199748863667484, 0.017610470681461023], "world_orientation": [0.9073515338754172, 0.42037268461916943, -2.65027555457209e-10, -2.8076152513989427e-12, -6.243985051224143e-10, -1.0, -0.42037268461916943, 0.9073515338754172, -5.653686963036364e-10], "world_rotation": [0.954700679703989, 0.21041222887028826, -0.21041222900434978, 1.617137144601382]}, {"color": "CVPurple", "id_name": "object220733972487825", "shape": "CVCone", "id_string": "ob4601", "world_size": [0.04, 0.04, 0.04], "id": 4601, "camera_size": [19, 17], "camera_position": [217, 242], "world_position": [0.7353418293897948, 0.622454399816943, -0.24805654627908946], "world_orientation": [0.999794198340066, -0.0032076163127961153, 0.02003177883101661, 0.0005178939716800892, 0.9911348740894349, 0.1328585456399178, -0.020280353827756024, -0.1328208287931901, 0.9909325580922806], "world_rotation": [-0.9885886858740008, 0.15000079827404253, 0.013862563942718488, 0.13478075783279855]}, {"color": "CVBlue", "id_name": "object225884357274259", "shape": "CVCylinder", "id_string": "ob4608", "world_size": [0.04, 0.04, 0.04], "id": 4608, "camera_size": [16, 17], "camera_position": [236, 242], "world_position": [0.735599943971841, 0.6199750629616779, -0.19968434610400237], "world_orientation": [0.9998765537893528, 0.00020549211867574798, 0.015710981997207874, -0.0002018063105545859, 0.9999999517452456, -0.0002361857731216828, -0.015711029773393215, 0.0002329860415709347, 0.9998765470101616], "world_rotation": [0.014928392576028973, 0.999804575957869, -0.012959667773593676, 0.015714723584196635]}, {"color": "CVBlue", "id_name": "object216092846143490", "shape": "CVBox", "id_string": "ob4615", "world_size": [0.04, 0.04, 0.04], "id": 4615, "camera_size": [16, 17], "camera_position": [256, 231], "world_position": [0.7643975245977804, 0.6199874431874915, -0.1479144226081628], "world_orientation": [0.9997664353415379, 5.96249655497011e-11, 0.021611912559388918, -4.860257890721507e-11, 1.0, -5.105396598709332e-10, -0.021611912559388918, 5.093700211641408e-10, 0.9997664353415379], "world_rotation": [2.3596007022339902e-08, 0.9999999999999998, -2.5038863210164754e-09, 0.021613595309594245]}, {"color": "CVGreen", "id_name": "object131650745734652", "shape": "CVSphere", "id_string": "ob4622", "world_size": [0.04, 0.04, 0.04], "id": 4622, "camera_size": [16, 16], "camera_position": [273, 241], "world_position": [0.7362990566420006, 0.6199663022809907, -0.10496443772865574], "world_orientation": [0.999938214626938, -0.00019979404497918917, -0.011114270602752403, 0.00020773840150641236, 0.9999997237820574, 0.0007136389604659696, 0.011114124951976875, -0.0007159037288254917, 0.999937979930957], "world_rotation": [0.06416823173789608, 0.9977714186516858, -0.018293008430382108, -0.011139252357792485]}, {"color": "CVRed", "id_name": "object78221834338119", "shape": "CVCone", "id_string": "ob4629", "world_size": [0.04, 0.04, 0.04], "id": 4629, "camera_size": [17, 16], "camera_position": [290, 242], "world_position": [0.7347509547674728, 0.6199707076432355, -0.06382084776368879], "world_orientation": [0.9999226177220528, 9.166293273744402e-05, -0.012439861968052078, -9.574664580614969e-05, 0.9999999417287928, -0.0003276812336763435, 0.012439831206943417, 0.0003288469520137741, 0.9999225682317733], "world_rotation": [-0.026378183755930505, 0.999623675975683, 0.007529797513945209, -0.012444850991829329]}, {"color": "CVBlue", "id_name": "object151593047817716", "shape": "CVCapsule", "id_string": "ob4636", "world_size": [0.04, 0.08, 0.04], "id": 4636, "camera_size": [18, 17], "camera_position": [218, 224], "world_position": [0.78, 0.6399748858658902, -0.245], "world_orientation": [1.0, -1.3010426069826106e-17, -2.3826422606982324e-17, 1.3010426069826106e-17, 1.0, 3.2786273695961654e-16, 2.3826422606982324e-17, -3.2786273695961654e-16, 1.0], "world_rotation": [0.9965895685050425, 0.07242410176010956, -0.03954720509940661, -3.2898471679914803e-16]}, {"color": "CVPurple", "id_name": "object64789826872111", "shape": "CVCylinder", "id_string": "ob4643", "world_size": [0.04, 0.04, 0.04], "id": 4643, "camera_size": [16, 16], "camera_position": [236, 224], "world_position": [0.7799994478547512, 0.6199906308932968, -0.20000029840955724], "world_orientation": [0.9999999996222811, -2.748522852423507e-05, 7.20975540100862e-09, 2.7485228415861595e-05, 0.9999999995153523, 1.4623868977365944e-05, -7.611695749483011e-09, -1.4623868773680473e-05, 0.9999999998930712], "world_rotation": [-0.469714766061457, 0.00023803052800538087, 0.8828182043236867, 3.1133508960142655e-05]}, {"color": "CVRed", "id_name": "object274018596811336", "shape": "CVSphere", "id_string": "ob4650", "world_size": [0.04, 0.04, 0.04], "id": 4650, "camera_size": [17, 17], "camera_position": [256, 211], "world_position": [0.8138541546848442, 0.6199874431891839, -0.14999990101645264], "world_orientation": [0.9998986116406541, 3.941109364988617e-12, -0.014239608108810779, -1.1686920014956294e-11, 1.0, -5.43879134393628e-10, 0.014239608108810779, 5.439904085415212e-10, 0.9998986116406541], "world_rotation": [-3.8198717781496654e-08, 0.9999999999999993, 5.487520885590607e-10, -0.014240089371829925]}, {"color": "CVPurple", "id_name": "object200038996674188", "shape": "CVCylinder", "id_string": "ob4657", "world_size": [0.04, 0.04, 0.04], "id": 4657, "camera_size": [17, 17], "camera_position": [273, 224], "world_position": [0.7807031167835984, 0.6199754224719689, -0.10772664719269905], "world_orientation": [0.9987386473085604, -0.0004263235547271195, 0.05020888985521993, 0.0004278245260873603, 0.9999999082997706, -1.9147462521808012e-05, -0.05020887708803891, 4.060390532610424e-05, 0.9987387381156703], "world_rotation": [0.0005950062192020198, 0.999963649396282, 0.008505636582206587, 0.05023183046338412]}, {"color": "CVYellow", "id_name": "object17261479997264", "shape": "CVSphere", "id_string": "ob4664", "world_size": [0.04, 0.04, 0.04], "id": 4664, "camera_size": [16, 16], "camera_position": [289, 224], "world_position": [0.78, 0.6199874431631353, -0.065], "world_orientation": [1.0, 3.5778671692021535e-17, -1.7136222081397135e-17, -3.5778671692021535e-17, 1.0, 1.2685165418080402e-16, 1.7136222081397135e-17, -1.2685165418080402e-16, 1.0], "world_rotation": [0.9544166688250615, 0.12893088466834096, 0.2691944450532216, -1.329101411618945e-16]}, {"color": "CVBlue", "id_name": "object53677141447144", "shape": "CVCone", "id_string": "ob4671", "world_size": [0.04, 0.04, 0.04], "id": 4671, "camera_size": [16, 17], "camera_position": [234, 297], "world_position": [0.5954230085109472, 0.6199874431877418, -0.20437108345962263], "world_orientation": [0.9999988053242853, 1.0740437693195017e-11, 0.0015457522447597186, -1.166731158525004e-11, 1.0, 5.996174073587412e-10, -0.0015457522447597186, -5.996347257834592e-10, 0.9999988053242853], "world_rotation": [-3.8791861283323874e-07, 0.9999999999999246, -7.248169735611987e-09, 0.0015457528603176852]}, {"color": "CVPurple", "id_name": "object142784616521246", "shape": "CVCapsule", "id_string": "ob4678", "world_size": [0.04, 0.08, 0.04], "id": 4678, "camera_size": [36, 32], "camera_position": [274, 275], "world_position": [0.6523734310053306, 0.6599608796077835, -0.10460354463975685], "world_orientation": [-0.0005618206882693766, -0.5432851510987939, -0.8395480504134799, 0.9999995191175275, 0.00036961466062976345, -0.0009083775186811138, 0.0008038172852274927, -0.8395481570348203, 0.543284682185324], "world_rotation": [0.4307101205077621, 0.43158941782401783, -0.7926029059462969, -1.8012854734686081]}, {"color": "CVYellow", "id_name": "object164824726394270", "shape": "CVSphere", "id_string": "ob4685", "world_size": [0.04, 0.04, 0.04], "id": 4685, "camera_size": [22, 25], "camera_position": [298, 259], "world_position": [0.6924487998801518, 0.645261090801825, -0.043101984387880654], "world_orientation": [0.7449928593192984, 0.6592603947023346, 0.10179082247520269, -0.6281174519765607, 0.7446544656320818, -0.22573921532749205, -0.22461991471311984, 0.10423751143960033, 0.9688552188656208], "world_rotation": [0.24112433899163896, 0.2385185586129553, -0.9407273517566307, 0.753569253361316]}, {"color": "CVPurple", "id_name": "object248568958736195", "shape": "CVSphere", "id_string": "ob4692", "world_size": [0.04, 0.04, 0.04], "id": 4692, "camera_size": [18, 17], "camera_position": [230, 261], "world_position": [0.6879726504843622, 0.6599687952426435, -0.21400341381622676], "world_orientation": [0.9966136646569144, -9.278067572002342e-05, -0.08222648485045402, 8.38891827712252e-05, 0.9999999902552531, -0.00011158897240812828, 0.08222649440247799, 0.00010431318211070876, 0.9966136627284615], "world_rotation": [-0.0013128484801712748, 0.99999856116773, -0.0010742864318756653, -0.0823195496247012]}, {"color": "CVPurple", "id_name": "object4315659923352", "shape": "CVCapsule", "id_string": "ob4699", "world_size": [0.04, 0.08, 0.04], "id": 4699, "camera_size": [18, 39], "camera_position": [256, 161], "world_position": [0.9364437059960212, 0.6529914789213589, -0.14853114521241356], "world_orientation": [-0.3290927513972857, -0.9442956829652648, -0.0019037097805901164, 0.9419086365592005, -0.32840282913201896, 0.07042515312921858, -0.06712735174988091, 0.021383286727029667, 0.9975152498562603], "world_rotation": [-0.02597599492183604, 0.03454699253661212, 0.9990654397958605, 1.9070894836816903]}, {"color": "CVGreen", "id_name": "object33189572214170", "shape": "CVBox", "id_string": "ob4706", "world_size": [0.04, 0.04, 0.04], "id": 4706, "camera_size": [21, 20], "camera_position": [275, 250], "world_position": [0.7133211980862844, 0.6599577743174473, -0.1034007807454488], "world_orientation": [0.9547579630259054, 3.507207723161832e-05, 0.29738397873552824, -0.0002005543995019619, 0.9999998415777219, 0.000525949107729356, -0.2973839131771532, -0.0005617957640277804, 0.9547578188048333], "world_rotation": [-0.0018288528720118173, 0.999998249173805, -0.0003961647348427562, 0.3019520076791506]}, {"color": "CVBlue", "id_name": "object107048655296934", "shape": "CVSphere", "id_string": "ob4713", "world_size": [0.04, 0.04, 0.04], "id": 4713, "camera_size": [17, 16], "camera_position": [232, 242], "world_position": [0.7335468961902144, 0.6599640834036816, -0.210192423091425], "world_orientation": [0.9997913570498005, 0.00023358285779048553, 0.02042517582707347, -0.00023461141914587162, 0.9999999713285975, 4.796130237442859e-05, -0.020425164038516956, -5.274327507389977e-05, 0.9997913831855857], "world_rotation": [-0.0024650384365868883, 0.9999312888034921, -0.01146042134013526, 0.020427994214487568]}, {"color": "CVPurple", "id_name": "object71731345984922", "shape": "CVCapsule", "id_string": "ob4720", "world_size": [0.04, 0.08, 0.04], "id": 4720, "camera_size": [23, 37], "camera_position": [257, 138], "world_position": [0.9999893489228027, 0.6199481222755884, -0.14722517198565485], "world_orientation": [-0.0029154353857940556, -0.9721282677427759, -0.2344315066110804, 0.9999856826192738, -0.0017822151286097914, -0.005045618465599824, 0.004487180960949438, -0.23444286034056383, 0.9721195453453031], "world_rotation": [0.11471384064428972, 0.11947519520753161, -0.9861878180624413, -1.5870860998033027]}, {"color": "CVPurple", "id_name": "object29518889324941", "shape": "CVSphere", "id_string": "ob4727", "world_size": [0.04, 0.04, 0.04], "id": 4727, "camera_size": [19, 19], "camera_position": [274, 233], "world_position": [0.7565523528760695, 0.6599594149984854, -0.10486645715710395], "world_orientation": [0.9909882575998407, -9.054727585293217e-05, 0.13394874057049838, 3.215669091626898e-05, 0.9999999035255995, 0.0004380807446656354, -0.13394876731489197, -0.00042982552559508964, 0.9909881649065434], "world_rotation": [-0.003239677858526252, 0.9999946473366733, 0.00045802333491161873, 0.13435330394780626]}, {"color": "CVPurple", "id_name": "object233606090808076", "shape": "CVCapsule", "id_string": "ob4734", "world_size": [0.04, 0.08, 0.04], "id": 4734, "camera_size": [29, 44], "camera_position": [256, 151], "world_position": [0.9521632310354757, 0.7008238740829875, -0.14986952307433213], "world_orientation": [0.3287741603904276, 0.860900331055677, -0.38827589604274343, -0.9420637664775274, 0.32791195169097365, -0.07063718445968453, 0.06650873137975427, 0.3890043340715403, 0.9188319850352475], "world_rotation": [-0.23997084443954922, 0.2374351460447729, 0.941296204837599, -1.2789102378936505]}, {"color": "CVYellow", "id_name": "object10326522319356", "shape": "CVCapsule", "id_string": "ob4741", "world_size": [0.04, 0.08, 0.04], "id": 4741, "camera_size": [24, 37], "camera_position": [283, 273], "world_position": [0.6595104317983081, 0.6998312688941329, -0.08375037836891118], "world_orientation": [-0.001966749179672614, -0.9753902053975595, 0.22047693555601533, 0.9999947146332596, -0.00248914863007352, -0.0020916129286157885, 0.002588938626156806, 0.22047165657654155, 0.9753899456336351], "world_rotation": [0.11129338836648578, 0.10895550517669082, 0.9877967805159109, 1.5853298145102481]}, {"color": "CVPurple", "id_name": "object260203321217113", "shape": "CVCapsule", "id_string": "ob4748", "world_size": [0.04, 0.08, 0.04], "id": 4748, "camera_size": [20, 35], "camera_position": [229, 178], "world_position": [0.8996323946608608, 0.6199748863774822, -0.21685370802212792], "world_orientation": [0.12680944338069347, 0.9919270966504942, -4.480535387152429e-10, -2.602844606514055e-10, 4.849751711333283e-10, 1.0, 0.9919270966504943, -0.12680944338069344, 3.1968272473648085e-10], "world_rotation": [0.6262432008165164, 0.551280080152613, 0.5512800800482572, -2.02260704698602]}, {"color": "CVGreen", "id_name": "object271197992676788", "shape": "CVCapsule", "id_string": "ob4755", "world_size": [0.04, 0.08, 0.04], "id": 4755, "camera_size": [18, 18], "camera_position": [275, 241], "world_position": [0.7340704741131465, 0.7199477740523794, -0.10323394520991397], "world_orientation": [0.9997148093570107, -0.00021254554070687434, 0.023880007886700312, 0.00020189119558745392, 0.9999998790116587, 0.00044857174815833074, -0.02388010033942252, -0.00044362265635016293, 0.9997147313142476], "world_rotation": [-0.01867678346595647, 0.9997879331482074, 0.008675626236830075, 0.023887391010858138]}], "source": "manual check"}
