{"timestamp": 1721660540.007121, "objects": [{"color": "cv_", "id_name": "hand", "shape": "CVBox", "id_string": "ob383", "world_size": [0.005, 0.09, 0.5], "id": 383, "camera_size": [3, 208], "camera_position": [246, 271], "world_position": [0.6631148420883359, 0.6657044622327646, -0.17411087021753963], "world_orientation": [5.520500187985785e-06, -0.0016486571512415284, 0.9999986409486376, -0.0007638929636798951, -0.9999983492049519, -0.0016486524531781975, 0.9999997082184895, -0.0007638828241242907, -6.779888671767688e-06], "world_rotation": [0.0, 1.0, 0.0, 0.0]}, {"color": "CVPurple", "id_name": "object46782939607196", "shape": "CVBox", "id_string": "ob2032", "world_size": [0.04, 0.04, 0.04], "id": 2032, "camera_size": [17, 17], "camera_position": [256, 222], "world_position": [0.7873071503644095, 0.6199711251888982, -0.1494894145086718], "world_orientation": [0.9985434227093677, 0.0009786769583752775, -0.05394511243173306, -0.0010110881722449768, 0.9999993243817243, -0.0005735301237970988, 0.053944514684712126, 0.000627237997973432, 0.9985437376038793], "world_rotation": [-0.011127016323258073, 0.9997680820047022, 0.018438321842868116, -0.05398354342673052]}, {"color": "CVPurple", "id_name": "object149291841426955", "shape": "CVCone", "id_string": "ob2039", "world_size": [0.04, 0.04, 0.04], "id": 2039, "camera_size": [17, 17], "camera_position": [219, 295], "world_position": [0.5999999999612629, 0.6199874432005642, -0.24500003270799872], "world_orientation": [0.9999999999996686, 2.7540964160482374e-14, 8.143358947734316e-07, -2.7837119910615126e-14, 1.0, 3.636205221223747e-10, -8.143358947734316e-07, -3.6362052214492635e-10, 0.9999999999996686], "world_rotation": [-0.0004465239567817706, 0.9999999003081725, -3.4001987942434164e-08, 8.143359759561629e-07]}, {"color": "CVPurple", "id_name": "object241731070350984", "shape": "CVCylinder", "id_string": "ob2046", "world_size": [0.04, 0.04, 0.04], "id": 2046, "camera_size": [16, 17], "camera_position": [236, 295], "world_position": [0.5999683434685594, 0.6199845826742755, -0.19999984248314734], "world_orientation": [0.999999971441701, 0.00023898822925324658, -1.1060889110020367e-06, -0.00023898823911769449, 0.9999999714024668, -8.926790734017036e-06, 1.1039554814599301e-06, 8.92705482132426e-06, 0.9999999999595445], "world_rotation": [-0.03732655070129455, 0.004620479874301588, 0.9992924395683553, -0.00023915745481563756]}, {"color": "CVRed", "id_name": "object277898168150980", "shape": "CVCapsule", "id_string": "ob2053", "world_size": [0.04, 0.08, 0.04], "id": 2053, "camera_size": [23, 33], "camera_position": [258, 273], "world_position": [0.6581226926062657, 0.6449802865529072, -0.14428291142116645], "world_orientation": [0.8506350552470547, 0.4603000440600814, -0.2540548606563696, -0.4678625127247935, 0.8831618912525785, 0.03361165015305865, 0.23984301526557458, 0.09027149759174462, 0.966605599379013], "world_rotation": [-0.05381233733374398, 0.4690764325882146, 0.8815166094527053, -0.5544288354804354]}, {"color": "CVYellow", "id_name": "object30155813780289", "shape": "CVCapsule", "id_string": "ob2060", "world_size": [0.04, 0.08, 0.04], "id": 2060, "camera_size": [18, 20], "camera_position": [273, 294], "world_position": [0.6034127395891714, 0.6399748851871591, -0.10682044734358408], "world_orientation": [0.9912499821812799, 6.70599928514657e-08, -0.13199800311219917, -6.844985874474221e-08, 0.9999999999999977, -5.9919725368798645e-09, 0.13199800311219848, 1.4974787338030932e-08, 0.991249982181282], "world_rotation": [-7.942074645283134e-08, 0.9999999999998651, 5.133026576205313e-07, -0.13238435062988443]}, {"color": "CVRed", "id_name": "object157718702919583", "shape": "CVCone", "id_string": "ob2067", "world_size": [0.04, 0.04, 0.04], "id": 2067, "camera_size": [17, 17], "camera_position": [290, 295], "world_position": [0.6004041524143777, 0.6199874425276062, -0.06436877227826591], "world_orientation": [0.9995351829040301, -3.365389156359338e-10, -0.030486359851698563, 1.3853978944604398e-11, 1.0, -1.0584778826575008e-08, 0.030486359851698563, 1.0579436483031874e-08, 0.99953518290403], "world_rotation": [-3.471095829833293e-07, 0.9999999999999397, -5.7467158474315964e-09, -0.030491084257190167]}, {"color": "CVYellow", "id_name": "object237154913533706", "shape": "CVCone", "id_string": "ob2074", "world_size": [0.04, 0.04, 0.04], "id": 2074, "camera_size": [17, 16], "camera_position": [219, 277], "world_position": [0.6450001083948635, 0.6199874426397192, -0.2450115804387249], "world_orientation": [0.9999999999770307, 2.825130384216169e-06, -6.160954198731323e-06, -2.825130205505791e-06, 0.9999999999960089, 2.9015688137212627e-08, 6.160954280679684e-06, -2.8998282671057462e-08, 0.999999999981021], "world_rotation": [0.004279659156756555, 0.9089805044875536, 0.4168166587110629, -6.7778728029221836e-06]}, {"color": "CVYellow", "id_name": "object109712271395759", "shape": "CVCone", "id_string": "ob2081", "world_size": [0.04, 0.04, 0.04], "id": 2081, "camera_size": [16, 16], "camera_position": [236, 277], "world_position": [0.6450166040995003, 0.6199848353142023, -0.19981921008688308], "world_orientation": [0.9999996515870236, 0.0006153913192215929, 0.0005640207050346776, -0.0006153582842827549, 0.9999998089417554, -5.874210250205649e-05, -0.0005640567466538199, 5.8395007222239875e-05, 0.9999998392149919], "world_rotation": [0.0699900100518736, 0.6740319303489981, -0.735379055564504, 0.000836813163110562]}, {"color": "CVRed", "id_name": "object218395424448981", "shape": "CVCapsule", "id_string": "ob2088", "world_size": [0.04, 0.08, 0.04], "id": 2088, "camera_size": [18, 31], "camera_position": [256, 253], "world_position": [0.7072550842431351, 0.6446417830659164, -0.1497293795582524], "world_orientation": [0.8837671384190331, 0.46463986816808167, -0.055366397384892255, -0.4653984291989848, 0.8851008209545425, -0.0009158846613729239, 0.04857928725034609, 0.026576863139639077, 0.9984656845359811], "world_rotation": [-0.0293652912133952, 0.11102547194562906, 0.9933836239093148, -0.4871579793770141]}, {"color": "CVYellow", "id_name": "object54961558104272", "shape": "CVBox", "id_string": "ob2095", "world_size": [0.04, 0.04, 0.04], "id": 2095, "camera_size": [17, 17], "camera_position": [275, 274], "world_position": [0.6542776844710056, 0.620469270065855, -0.10170674626390064], "world_orientation": [0.9966806748983097, -0.000810160817033266, -0.08140624007839001, -0.0013299949716265472, 0.9996549929077948, -0.026232160945909726, 0.0813994066171577, 0.02625335776557367, 0.9963357354869931], "world_rotation": [-0.3068296308023583, 0.9517596033056763, 0.003038943419976434, -0.08563338589363886]}, {"color": "CVYellow", "id_name": "object225171659805133", "shape": "CVSphere", "id_string": "ob2102", "world_size": [0.04, 0.04, 0.04], "id": 2102, "camera_size": [18, 17], "camera_position": [290, 277], "world_position": [0.6457972330017293, 0.6208406553357968, -0.061152775642401735], "world_orientation": [0.9989311433097223, -0.002656331668295344, -0.04614666648848046, 0.0006089246844792216, 0.9990169828334842, -0.044324905200243646, 0.046219045172522406, 0.04424942838444317, 0.9979507943536047], "world_rotation": [-0.6919130985269445, 0.7215300772419218, -0.025507091604284268, -0.06405061936608665]}, {"color": "CVGreen", "id_name": "object242695457254936", "shape": "CVSphere", "id_string": "ob2109", "world_size": [0.04, 0.04, 0.04], "id": 2109, "camera_size": [17, 15], "camera_position": [219, 260], "world_position": [0.6900079673699784, 0.619983476210106, -0.2449812570391819], "world_orientation": [0.9999999352837143, 0.000359686698063134, 7.618821762448841e-06, -0.00035968545295933876, 0.9999999220611883, -0.00016280046797546773, -7.677378331398593e-06, 0.00016279771706027033, 0.9999999867189805], "world_rotation": [0.4122670545345157, 0.01936779640700054, -0.910857159058308, 0.0003948874763537099]}, {"color": "CVPurple", "id_name": "object24620981237854", "shape": "CVCylinder", "id_string": "ob2116", "world_size": [0.04, 0.04, 0.04], "id": 2116, "camera_size": [17, 16], "camera_position": [235, 259], "world_position": [0.6905054996714819, 0.6199725424723621, -0.20335256545843872], "world_orientation": [0.9996238516327249, -0.0001772749816919965, 0.027424875943872197, 0.00018275842799177555, 0.9999999638088264, -0.0001974378459306536, -0.027424839950543227, 0.00020237570722264029, 0.9996238478536615], "world_rotation": [0.007288904110652731, 0.9999518938209994, 0.006563681944044034, 0.027429616786647678]}, {"color": "CVPurple", "id_name": "object38193823318993", "shape": "CVSphere", "id_string": "ob2123", "world_size": [0.04, 0.04, 0.04], "id": 2123, "camera_size": [17, 17], "camera_position": [256, 237], "world_position": [0.7472958268357447, 0.6199628137697203, -0.14974770548167685], "world_orientation": [0.9985547939220412, 0.0015960810686574403, -0.05371941977099304, -0.0015597167343188781, 0.9999985252696078, 0.0007188479104624294, 0.05372048788887317, -0.0006340219491183805, 0.9985558107572905], "world_rotation": [0.012585449562728187, 0.9994897360610843, 0.02935769009728204, -0.05377329027587983]}, {"color": "CVPurple", "id_name": "object6551454979055", "shape": "CVSphere", "id_string": "ob2130", "world_size": [0.04, 0.04, 0.04], "id": 2130, "camera_size": [17, 17], "camera_position": [272, 258], "world_position": [0.6953927626071442, 0.6199882184620226, -0.10875158820272049], "world_orientation": [0.9991945248357502, 0.0002842066869522429, -0.040127556178002156, -0.00028839314736207904, 0.9999999535596031, -9.85402667739578e-05, 0.040127526308659775, 0.00011003340725851582, 0.9991945603960207], "world_rotation": [-0.002598809380944235, 0.9999711718283185, 0.00713454287961332, -0.04013947584891527]}, {"color": "CVBlue", "id_name": "object243488622187208", "shape": "CVSphere", "id_string": "ob2137", "world_size": [0.04, 0.04, 0.04], "id": 2137, "camera_size": [18, 16], "camera_position": [291, 258], "world_position": [0.6930374661647699, 0.6211672045032809, -0.05902701114796623], "world_orientation": [0.9995360105226034, -0.0014984044955490194, -0.03042233476453909, -0.0003800630714567983, 0.9980979516704536, -0.06164685250121634, 0.03045684193444356, 0.06162981141633265, 0.9976342752352527], "world_rotation": [-0.8965952411866095, 0.44277625935898063, -0.008133734049889409, -0.06880137751388259]}, {"color": "CVRed", "id_name": "object155288277245018", "shape": "CVCylinder", "id_string": "ob2144", "world_size": [0.04, 0.04, 0.04], "id": 2144, "camera_size": [17, 16], "camera_position": [219, 242], "world_position": [0.7352621981647326, 0.6199813471701976, -0.2444625825184284], "world_orientation": [0.9999626428872922, -0.00028136026657900743, 0.00863907785948243, 0.0002833379879139065, 0.9999999339351645, -0.00022770430661306023, -0.00863901322179876, 0.00023014357917575148, 0.9999626565449766], "world_rotation": [0.026475329015618377, 0.9991159953717524, 0.03265401576876876, 0.008646797002877717]}, {"color": "CVBlue", "id_name": "object199665252706068", "shape": "CVCylinder", "id_string": "ob2151", "world_size": [0.04, 0.04, 0.04], "id": 2151, "camera_size": [17, 16], "camera_position": [236, 240], "world_position": [0.7401460636676208, 0.6199878612524551, -0.2007473301153883], "world_orientation": [0.9999626137885156, 0.0004904146560809194, 0.008633105970941943, -0.0004971361519341317, 0.9999995749955481, 0.0007764434106177676, -0.008632721522605285, -0.0007807062114218515, 0.9999624326028078], "world_rotation": [-0.08967685516009206, 0.9943457516496608, -0.056873436900429314, 0.008682113027851464]}, {"color": "CVBlue", "id_name": "object274545443091799", "shape": "CVBox", "id_string": "ob2158", "world_size": [0.04, 0.04, 0.04], "id": 2158, "camera_size": [17, 17], "camera_position": [256, 206], "world_position": [0.8274177590532785, 0.6199899296008959, -0.15058070900078635], "world_orientation": [0.9985332138964359, 0.0007433810997387643, -0.054137492832556686, -0.0007443867233411906, 0.9999997229429022, 1.589038123804106e-06, 0.054137479014640943, 3.871252355476716e-05, 0.9985334906087426], "world_rotation": [-0.0003428306519705653, 0.9999055519584708, 0.013739346045937741, -0.05416908700130128]}, {"color": "CVGreen", "id_name": "object198907446782490", "shape": "CVSphere", "id_string": "ob2165", "world_size": [0.04, 0.04, 0.04], "id": 2165, "camera_size": [16, 16], "camera_position": [273, 241], "world_position": [0.7367790029336979, 0.6201021243102114, -0.10602738410286724], "world_orientation": [0.9998876320181374, 0.010256734393986524, -0.010932645459047836, -0.010236182202757427, 0.9999457382607122, 0.0019341944451388598, 0.010951890753380324, -0.001822068552735556, 0.9999383661781938], "world_rotation": [0.12431402027630979, 0.7242716178257302, 0.6782157827526875, -0.015108536828881936]}, {"color": "CVGreen", "id_name": "object25504481414017", "shape": "CVSphere", "id_string": "ob2172", "world_size": [0.04, 0.04, 0.04], "id": 2172, "camera_size": [16, 17], "camera_position": [289, 242], "world_position": [0.735728279917884, 0.6201548507114479, -0.06463681242828556], "world_orientation": [0.9997897534206155, 0.011022609586507455, 0.017290200491851745, -0.01101756423442741, 0.9999392298946356, -0.00038703496415053694, -0.01729341589985224, 0.00019645769682815042, 0.9998504384011081], "world_rotation": [0.014226720952124449, 0.84321790627982, -0.537383627346449, 0.020508364756247503]}, {"color": "CVPurple", "id_name": "object141730524951911", "shape": "CVBox", "id_string": "ob2179", "world_size": [0.04, 0.04, 0.04], "id": 2179, "camera_size": [17, 17], "camera_position": [219, 225], "world_position": [0.7793216421009901, 0.6199874431841731, -0.24498187097132895], "world_orientation": [0.9999999901365293, -2.8119100676551255e-10, -0.00014045262998684893, 2.811168209442808e-10, 1.0, -5.282107843320454e-10, 0.0001404526299868491, 5.28171295525127e-10, 0.9999999901365293], "world_rotation": [-3.7606347419286418e-06, 0.9999999999909251, -2.001770375383291e-06, -0.00014045263044990707]}, {"color": "CVRed", "id_name": "object53703634477837", "shape": "CVSphere", "id_string": "ob2186", "world_size": [0.04, 0.04, 0.04], "id": 2186, "camera_size": [16, 16], "camera_position": [236, 224], "world_position": [0.7805529517384315, 0.6199874400546017, -0.19995515367602984], "world_orientation": [0.999956967433192, 6.932799984081266e-08, -0.009277029794577459, -6.93401661509246e-08, 0.9999999999999978, -9.89802230141399e-10, 0.009277029794577368, 1.6330304237538427e-09, 0.9999569674331944], "world_rotation": [-1.413616594912229e-07, 0.9999999999720617, 7.473737233705828e-06, -0.009277162868595345]}, {"color": "CVBlue", "id_name": "object5124121487146", "shape": "CVSphere", "id_string": "ob2193", "world_size": [0.04, 0.04, 0.04], "id": 2193, "camera_size": [16, 18], "camera_position": [255, 174], "world_position": [0.9087358527666414, 0.619987425460129, -0.15084377803602667], "world_orientation": [0.02199000743451649, 1.4101575215205782e-07, -0.9997581905506001, 5.589982305428828e-07, 0.9999999999998321, 1.533452077178e-07, 0.9997581905504538, -5.622351217463016e-07, 0.021990007434433967], "world_rotation": [3.5787670270047933e-07, 0.9999999999999142, -2.0904178747494074e-07, -1.548804546725185]}, {"color": "CVYellow", "id_name": "object1534190709210", "shape": "CVCapsule", "id_string": "ob2200", "world_size": [0.04, 0.08, 0.04], "id": 2200, "camera_size": [18, 20], "camera_position": [272, 221], "world_position": [0.7873941606658746, 0.6409597950064102, -0.10888788132274853], "world_orientation": [0.9980683398215616, 0.04941955806996854, -0.03764699624141437, -0.0496829129221592, 0.9987464641095614, -0.006091682215754464, 0.037298756137453266, 0.007950327591841663, 0.9992725329367267], "world_rotation": [-0.11229891422380069, 0.5993676641131379, 0.7925574787229732, -0.06256148609575443]}, {"color": "CVRed", "id_name": "object81895653664136", "shape": "CVCapsule", "id_string": "ob2207", "world_size": [0.04, 0.08, 0.04], "id": 2207, "camera_size": [18, 20], "camera_position": [289, 222], "world_position": [0.7834424485496604, 0.6408495165008282, -0.06622632482199942], "world_orientation": [0.9962074700657857, 0.04791637345706173, -0.07262711435717437, -0.04811042151915099, 0.9988415959991889, -0.000923819810839349, 0.07249871672227243, 0.0044144372819961185, 0.9973587362715118], "world_rotation": [-0.03066184505797201, 0.833572768992257, 0.551558056828311, -0.08716080533936152]}, {"color": "CVGreen", "id_name": "object5805243074851", "shape": "CVBox", "id_string": "ob2214", "world_size": [0.04, 0.04, 0.04], "id": 2214, "camera_size": [21, 21], "camera_position": [233, 272], "world_position": [0.660510943425462, 0.659982975359191, -0.2071924326303685], "world_orientation": [0.9475774639072003, 0.0017030252173988157, 0.31952159488883963, -0.0013880470232409204, 0.9999983003671632, -0.001213502470621925, -0.3195231184447538, 0.0007063765949104007, 0.9475782172525106], "world_rotation": [0.0030042466552631583, 0.9999837891162872, -0.004836941871410996, 0.3252308436401375]}, {"color": "CVPurple", "id_name": "object99035137521280", "shape": "CVSphere", "id_string": "ob2221", "world_size": [0.04, 0.04, 0.04], "id": 2221, "camera_size": [21, 25], "camera_position": [260, 262], "world_position": [0.6860346737766119, 0.6980379719423757, -0.14114347727906446], "world_orientation": [0.4608251537675028, -0.8798431534123285, 0.116259206296136, 0.8828693137120076, 0.44112356201842484, -0.16109555530139824, 0.090454146178306, 0.17687856971840038, 0.9800673543249602], "world_rotation": [0.18828575876461406, 0.014376027525679598, 0.9820090645605133, 1.114074808031543]}, {"color": "CVPurple", "id_name": "object263614332139260", "shape": "CVSphere", "id_string": "ob2228", "world_size": [0.04, 0.04, 0.04], "id": 2228, "camera_size": [18, 18], "camera_position": [276, 271], "world_position": [0.661607660330434, 0.6604119296042734, -0.09928962382493409], "world_orientation": [0.9967949217334423, -0.0004589981882293766, -0.07999795826822231, -0.0016576885904578016, 0.9996503267001972, -0.0263908392577156, 0.07998209846558231, 0.02643886625505563, 0.996445608287873], "world_rotation": [-0.3135637406141591, 0.9495405004858558, 0.007114668588682039, -0.08434073117464413]}, {"color": "CVGreen", "id_name": "object22930286277490", "shape": "CVSphere", "id_string": "ob2235", "world_size": [0.04, 0.04, 0.04], "id": 2235, "camera_size": [20, 20], "camera_position": [233, 254], "world_position": [0.7033617947964073, 0.6600112904761891, -0.20600302186485425], "world_orientation": [0.9603369801863683, 0.0013234734879625926, 0.27883890134709277, -0.0016274240754934922, 0.9999983071679834, 0.0008585755912863394, -0.2788372930176406, -0.001278311031834062, 0.960337508349799], "world_rotation": [-0.003831687712958424, 0.9999786599049547, -0.005291304561391581, 0.2825902033501398]}, {"color": "CVPurple", "id_name": "object207597452696548", "shape": "CVCone", "id_string": "ob2242", "world_size": [0.04, 0.04, 0.04], "id": 2242, "camera_size": [17, 18], "camera_position": [256, 224], "world_position": [0.7776788082080796, 0.6599722252848885, -0.15028931677830165], "world_orientation": [0.06965118213856734, 0.0008198231406759621, -0.9975710705091233, -0.0009158519154735369, 0.9999992934214811, 0.0007578732134283802, 0.9975709869688317, 0.0008608406105203259, 0.06965188376113196], "world_rotation": [-5.1609035860541336e-05, 0.9999996202614344, 0.0008699502827587107, -1.5010887075267487]}, {"color": "CVPurple", "id_name": "object104933458277540", "shape": "CVCone", "id_string": "ob2249", "world_size": [0.04, 0.04, 0.04], "id": 2249, "camera_size": [19, 18], "camera_position": [277, 253], "world_position": [0.706640069825094, 0.6611661061427031, -0.09810071009002623], "world_orientation": [0.9940026995565888, 0.04855334545382712, -0.09798574345003064, -0.04840660328141567, 0.9988201937154746, 0.0038757431465282276, 0.09805831954999802, 0.0008906578599832159, 0.9951802714561856], "world_rotation": [0.013647265760464473, 0.8962777179540021, 0.4432832101900874, -0.10958489022219914]}, {"color": "CVYellow", "id_name": "object123704394270824", "shape": "CVCapsule", "id_string": "ob2256", "world_size": [0.04, 0.08, 0.04], "id": 2256, "camera_size": [18, 34], "camera_position": [222, 171], "world_position": [0.9156372296733231, 0.6199702134344638, -0.23538778676870106], "world_orientation": [6.592756514485594e-05, -0.9998279315591282, -0.018550011529694113, 0.9999999964708265, 6.49502118554882e-05, 5.328993660213069e-05, -5.207593990705016e-05, -0.018550014977503672, 0.9998279323125709], "world_rotation": [0.009301652459025558, 0.009248967796855016, -0.999913964227035, -1.5708169217501124]}, {"color": "CVBlue", "id_name": "object56094458144873", "shape": "CVCone", "id_string": "ob2263", "world_size": [0.04, 0.04, 0.04], "id": 2263, "camera_size": [22, 25], "camera_position": [216, 111], "world_position": [1.0707837921201355, 0.6199871726818866, -0.2507662433951842], "world_orientation": [-0.44504474488858314, 3.660726639680084e-06, -0.8955083333133504, -8.570065087911453e-06, -0.9999999999632624, 1.712276541471947e-07, -0.895508333279825, 7.750768670920326e-06, 0.44504474490360624], "world_rotation": [-0.5267614522213626, 2.329962845417089e-06, 0.8500131601617781, -3.1415854591178127]}, {"color": "CVBlue", "id_name": "object232829492771141", "shape": "CVBox", "id_string": "ob2270", "world_size": [0.04, 0.04, 0.04], "id": 2270, "camera_size": [18, 19], "camera_position": [277, 237], "world_position": [0.7466798005002271, 0.6603392144246112, -0.09693444673175829], "world_orientation": [0.9941541345703518, 0.04860929511541625, -0.0964089889224925, -0.048194168438697484, 0.9988159736072, 0.006631213735340616, 0.09661717676053966, -0.0019460975010734969, 0.9953197143929879], "world_rotation": [0.03968954099118274, 0.8931843212967511, 0.4479358308123734, -0.10826644290780268]}, {"color": "CVBlue", "id_name": "object263701617112537", "shape": "CVCone", "id_string": "ob2277", "world_size": [0.04, 0.04, 0.04], "id": 2277, "camera_size": [20, 21], "camera_position": [301, 186], "world_position": [0.878173745792982, 0.6199874431847127, -0.03442624414309633], "world_orientation": [-0.24962866399588313, 0.9683416391499597, 5.030055261201484e-10, -8.470446566377632e-12, -5.216341802949388e-10, 1.0, 0.9683416391499595, 0.24962866399588307, 1.3841694457283896e-10], "world_rotation": [0.48053082233576566, 0.6201169762146014, 0.6201169765421458, -2.2456900372219586]}, {"color": "CVGreen", "id_name": "object179667629731", "shape": "CVCapsule", "id_string": "ob2284", "world_size": [0.04, 0.08, 0.04], "id": 2284, "camera_size": [24, 26], "camera_position": [273, 241], "world_position": [0.7346102420294658, 0.720938699413616, -0.10873254874896801], "world_orientation": [0.6365557008337397, 0.04747231073283546, -0.7697682894545291, -0.02792347782783967, 0.998867991630318, 0.03850992965993433, 0.770725060655267, -0.0030191075005799005, 0.6371607064688117], "world_rotation": [0.026916285658792134, 0.9984425814343036, 0.04886640098409388, -0.8811139305820753]}, {"color": "CVBlue", "id_name": "object95730439648230", "shape": "CVBox", "id_string": "ob2291", "world_size": [0.04, 0.04, 0.04], "id": 2291, "camera_size": [22, 24], "camera_position": [251, 152], "world_position": [0.9636746564452268, 0.6199874431127986, -0.1605482989604155], "world_orientation": [-0.8525674593019819, 2.8399125770295e-09, -0.5226171900534495, -3.476624029897806e-09, -1.0, 2.375427778714918e-10, -0.5226171900534498, 2.0194647239829246e-09, 0.852567459301982], "world_rotation": [-0.2715074038567072, 5.862744844375788e-10, 0.9624363509609304, -3.1415926503082585]}, {"color": "CVBlue", "id_name": "object70469836670406", "shape": "CVSphere", "id_string": "ob2298", "world_size": [0.04, 0.04, 0.04], "id": 2298, "camera_size": [24, 25], "camera_position": [279, 224], "world_position": [0.7769881585529947, 0.7014155253559647, -0.09249022830730125], "world_orientation": [0.6776245223480307, 0.04940484202963997, -0.7337466649304988, -0.03915212136670375, 0.998749461163488, 0.03109059694071145, 0.7343651122603049, 0.007659987576308262, 0.6787114309375087], "world_rotation": [0.01592871322470896, 0.9980590396516895, 0.06020323466851232, -0.826379913879405]}], "source": "manual check"}
