{"timestamp": 1721661373.041635, "objects": [{"color": "cv_", "id_name": "hand", "shape": "CVBox", "id_string": "ob383", "world_size": [0.005, 0.09, 0.5], "id": 383, "camera_size": [3, 208], "camera_position": [246, 271], "world_position": [0.6631794964817479, 0.6656528669319967, -0.17409546421458785], "world_orientation": [-9.295493574977303e-07, -0.0016631037564425707, 0.9999986170415593, -0.000763538115783433, -0.9999983255459446, -0.0016631039814014315, 0.9999997085042985, -0.0007635386057795384, -3.40295307174407e-07], "world_rotation": [0.0, 1.0, 0.0, 0.0]}, {"color": "CVPurple", "id_name": "object156702570058024", "shape": "CVSphere", "id_string": "ob10495", "world_size": [0.04, 0.04, 0.04], "id": 10495, "camera_size": [19, 21], "camera_position": [267, 168], "world_position": [0.9241891873784043, 0.6199874431307757, -0.12255544249982807], "world_orientation": [0.9692235128029021, 3.1693999382371915e-10, -0.24618241657356987, -2.0050403527655638e-10, 1.0, 4.980321914468576e-10, 0.24618241657356987, -4.3334394214591584e-10, 0.9692235128029021], "world_rotation": [1.891638213963259e-09, 1.0, 1.050936204750515e-09, -0.24873946662104204]}, {"color": "CVPurple", "id_name": "object37950272734288", "shape": "CVCone", "id_string": "ob10502", "world_size": [0.04, 0.04, 0.04], "id": 10502, "camera_size": [20, 20], "camera_position": [215, 294], "world_position": [0.6013076220599772, 0.619987167994939, -0.2528437463363323], "world_orientation": [0.9631557943755993, -0.0005869866176305533, 0.26894343495876416, 0.0004788233992061658, 0.9999997759574314, 0.0004677747746912407, -0.2689436492815189, -0.0003217635749854712, 0.9631558596506286], "world_rotation": [-0.001467847011566602, 0.9999969595975419, 0.001981469359597432, 0.27229684114019403]}, {"color": "CVBlue", "id_name": "object197858861797494", "shape": "CVCapsule", "id_string": "ob10509", "world_size": [0.04, 0.08, 0.04], "id": 10509, "camera_size": [35, 24], "camera_position": [225, 279], "world_position": [0.641938025873151, 0.6465117380183694, -0.22591845636841645], "world_orientation": [0.3362879668351438, 0.060961576890303903, 0.9397840653601938, -0.4640984328953446, 0.8790454548720288, 0.10904922215638929, -0.8194650986747213, -0.47282425319760807, 0.32390458107620773], "world_rotation": [-0.3021253210020517, 0.9134523928647548, -0.2726261476437305, 1.297798967964781]}, {"color": "CVGreen", "id_name": "object105186968595452", "shape": "CVCylinder", "id_string": "ob10516", "world_size": [0.04, 0.04, 0.04], "id": 10516, "camera_size": [16, 17], "camera_position": [255, 287], "world_position": [0.6211665488420309, 0.6199874431982928, -0.1511585181921252], "world_orientation": [0.9999994303646332, 2.2686398256204598e-10, 0.0010673661082532978, -2.2652872998142263e-10, 1.0, -3.14214229594609e-10, -0.0010673661082532978, 3.139722615181437e-10, 0.9999994303646332], "world_rotation": [2.9426945743139323e-07, 0.9999999999999342, -2.1238856519690228e-07, 0.0010673663109232424]}, {"color": "CVBlue", "id_name": "object173080724302514", "shape": "CVCone", "id_string": "ob10523", "world_size": [0.04, 0.04, 0.04], "id": 10523, "camera_size": [16, 17], "camera_position": [271, 295], "world_position": [0.5999977254051704, 0.6199874178917463, -0.10999980475181163], "world_orientation": [0.9999999956600325, -9.310780647185867e-05, 3.2971628803638557e-06, 9.310783692098935e-05, 0.9999999956228137, -9.23599991575412e-06, -3.296302922242358e-06, 9.236306867372688e-06, 0.9999999999519127], "world_rotation": [0.09865274985988398, 0.03521290222011493, 0.994498711141608, 9.362286827457235e-05]}, {"color": "CVPurple", "id_name": "object191364910752812", "shape": "CVBox", "id_string": "ob10530", "world_size": [0.04, 0.04, 0.04], "id": 10530, "camera_size": [16, 17], "camera_position": [289, 295], "world_position": [0.6, 0.6199874431539305, -0.065], "world_orientation": [1.0, 2.049142105997599e-16, 5.802954297681148e-18, -2.049142105997599e-16, 1.0, 6.179952383167331e-17, -5.802954297681148e-18, -6.179952383167331e-17, 1.0], "world_rotation": [-0.28863572672225335, 0.027102796704540077, -0.9570553043948448, 2.1410905896324258e-16]}, {"color": "CVBlue", "id_name": "object140251690895675", "shape": "CVCone", "id_string": "ob10537", "world_size": [0.04, 0.04, 0.04], "id": 10537, "camera_size": [25, 19], "camera_position": [209, 276], "world_position": [0.6494546350050382, 0.6273766035016877, -0.2687613846472596], "world_orientation": [0.9946724059262017, -0.052554406815052884, 0.08868392872048156, -0.0001992351376809108, 0.8593057508726532, 0.5114622046862756, -0.10308620273509664, -0.5087550106303658, 0.8547172479622457], "world_rotation": [-0.9815408903936763, 0.18450014639421686, 0.05037039274912855, 0.5465019232939228]}, {"color": "CVGreen", "id_name": "object181220186826485", "shape": "CVBox", "id_string": "ob10544", "world_size": [0.04, 0.04, 0.04], "id": 10544, "camera_size": [18, 18], "camera_position": [233, 262], "world_position": [0.6838518201727919, 0.6199818811285939, -0.20696791359696812], "world_orientation": [0.9919312948511436, 0.0002781019594867284, -0.12677629492233167, -0.000284118577310371, 0.9999999592068464, -2.937583988355344e-05, 0.12677628158124818, 6.5158315443046e-05, 0.9919313334010706], "world_rotation": [-0.00037283753003256444, 0.9999974721346897, 0.0022173669987193756, -0.12711868744004406]}, {"color": "CVRed", "id_name": "object139283618404356", "shape": "CVBox", "id_string": "ob10551", "world_size": [0.04, 0.04, 0.04], "id": 10551, "camera_size": [16, 16], "camera_position": [255, 270], "world_position": [0.6623007850971938, 0.6199790335344697, -0.15166550750210694], "world_orientation": [0.9999990338158682, 0.0013900899567251897, 4.1524261493896616e-06, -0.0013900844396214122, 0.9999984077024534, -0.0011190432558346897, -5.707990328615653e-06, 0.001119036402409876, 0.9999993738622784], "world_rotation": [0.6270713356443731, 0.0027627187031056565, -0.7789569355224648, 0.0017845504322493118]}, {"color": "CVYellow", "id_name": "object259106595914634", "shape": "CVCone", "id_string": "ob10558", "world_size": [0.04, 0.04, 0.04], "id": 10558, "camera_size": [16, 16], "camera_position": [271, 277], "world_position": [0.6451677090976552, 0.6199748862306962, -0.1099952980788244], "world_orientation": [0.9999857345572346, -0.00011986628070617753, -0.005340066863130425, 0.0001198344582617741, 0.9999999928001374, -6.279148529002718e-06, 0.005340067577340857, 5.639134934545101e-06, 0.9999857417215856], "world_rotation": [-0.0011156484533207877, 0.9997476151840861, -0.022437942469430018, -0.005341440711750659]}, {"color": "CVBlue", "id_name": "object26029151743142", "shape": "CVCylinder", "id_string": "ob10565", "world_size": [0.04, 0.04, 0.04], "id": 10565, "camera_size": [16, 16], "camera_position": [289, 277], "world_position": [0.645, 0.6199874431539305, -0.065], "world_orientation": [1.0, 3.5778671692020784e-17, -3.6332864841185517e-17, -3.5778671692020784e-17, 1.0, 1.0733601507606489e-16, 3.6332864841185517e-17, -1.0733601507606489e-16, 1.0], "world_rotation": [0.9032531890035577, 0.3057480381601587, 0.3010843963345121, -1.18832699826363e-16]}, {"color": "CVBlue", "id_name": "object77894809131786", "shape": "CVCylinder", "id_string": "ob10572", "world_size": [0.04, 0.04, 0.04], "id": 10572, "camera_size": [17, 17], "camera_position": [218, 259], "world_position": [0.6928392670404769, 0.6199804615680913, -0.24766971739928811], "world_orientation": [0.9989163102413365, -0.0003978669046208178, -0.046540808284348166, 0.0004126102958843654, 0.9999998676972677, 0.00030717778391624713, 0.046540679910998015, -0.00032604811517463064, 0.9989163422459604], "world_rotation": [0.0068025045381982785, 0.999938958245641, -0.008706647726282438, -0.04656040620540814]}, {"color": "CVBlue", "id_name": "object70267866399109", "shape": "CVCapsule", "id_string": "ob10579", "world_size": [0.04, 0.08, 0.04], "id": 10579, "camera_size": [19, 18], "camera_position": [235, 246], "world_position": [0.7235644323479968, 0.639974843311847, -0.2022435201554766], "world_orientation": [0.9919652320420221, 0.0007451576640989874, -0.12650858927311193, -0.000766425895760784, 0.9999996991624674, -0.00011944170503036335, 0.12650846221167816, 0.00021544147750101654, 0.9919655047297795], "world_rotation": [-0.0013235349600971215, 0.99998127887307, 0.005974124085478673, -0.12685081605267787]}, {"color": "CVPurple", "id_name": "object139784775155022", "shape": "CVCapsule", "id_string": "ob10586", "world_size": [0.04, 0.08, 0.04], "id": 10586, "camera_size": [20, 24], "camera_position": [257, 184], "world_position": [0.8798929343282065, 0.6399748373382543, -0.14613155310160705], "world_orientation": [0.33229954825345576, 5.658534071428108e-07, -0.9431739024327536, -0.0007938499722114149, 0.9999996459555143, -0.0002790897132131304, 0.9431735683493102, 0.0008414799618596828, 0.33229943105383586], "world_rotation": [-0.0005940418694549163, 0.9999997348778129, 0.0004211395977178789, -1.2320559495825858]}, {"color": "CVPurple", "id_name": "object128611391110759", "shape": "CVCapsule", "id_string": "ob10593", "world_size": [0.04, 0.08, 0.04], "id": 10593, "camera_size": [17, 17], "camera_position": [272, 260], "world_position": [0.6900122349350997, 0.6399528108259764, -0.10996307595879963], "world_orientation": [0.9999999727844837, 0.00023330144927322314, 1.2106101247919089e-06, -0.00023330043936983246, 0.9999996715714491, -0.000776162289137156, -1.3916895141106958e-06, 0.0007761619855776243, 0.9999996987852725], "world_rotation": [0.9576713150353388, 0.0016054298434273631, -0.28785947084211577, 0.0008104682787750074]}, {"color": "CVPurple", "id_name": "object223309482229872", "shape": "CVCapsule", "id_string": "ob10600", "world_size": [0.04, 0.08, 0.04], "id": 10600, "camera_size": [17, 17], "camera_position": [290, 260], "world_position": [0.69, 0.6399748858658902, -0.065], "world_orientation": [1.0, -9.627715291671303e-17, 2.6597159133585094e-18, 9.627715291671303e-17, 1.0, -2.1076890233118206e-16, -2.6597159133585094e-18, 2.1076890233118206e-16, 1.0], "world_rotation": [0.9095358415233338, 0.01147753261849028, 0.41546698933782017, 2.3173237678921624e-16]}, {"color": "CVYellow", "id_name": "object268133606010180", "shape": "CVCone", "id_string": "ob10607", "world_size": [0.04, 0.04, 0.04], "id": 10607, "camera_size": [17, 16], "camera_position": [219, 242], "world_position": [0.7351932640274137, 0.6199860637054172, -0.24461432573701958], "world_orientation": [0.999968209906632, 0.00016443690666366134, -0.007971959397157564, -0.00016263318951219194, 0.9999999610321851, 0.00022690542912766917, 0.007971996398134598, -0.000225601710599469, 0.9999681976829544], "world_rotation": [0.028363722626280195, 0.9993874130163652, 0.02050116931387353, -0.0079769490185167]}, {"color": "CVPurple", "id_name": "object25232711767751", "shape": "CVCylinder", "id_string": "ob10614", "world_size": [0.04, 0.04, 0.04], "id": 10614, "camera_size": [16, 17], "camera_position": [236, 230], "world_position": [0.7660385210668762, 0.6199794405556316, -0.19884819502330311], "world_orientation": [0.9999138573585601, 0.00041832256120028974, 0.013118798289476149, -0.00041281564719818455, 0.9999998255478271, -0.0004224778773793102, -0.013118972732900996, 0.0004170258388126727, 0.9999138556115138], "world_rotation": [0.03196361808295804, 0.9989879450582182, -0.0316451062157389, 0.013132553473576475]}, {"color": "CVGreen", "id_name": "object218988595185835", "shape": "CVBox", "id_string": "ob10621", "world_size": [0.04, 0.04, 0.04], "id": 10621, "camera_size": [16, 18], "camera_position": [264, 148], "world_position": [0.9742988429146877, 0.6199874431861258, -0.12953588294722415], "world_orientation": [0.9997646808303854, -4.679963468803151e-10, -0.021692924286909658, 4.6493278541806976e-10, 1.0, -1.4626746570774388e-10, 0.021692924286909658, 1.3614729445659485e-10, 0.9997646808303854], "world_rotation": [-6.5093750484981545e-09, 0.9999999999999998, -2.1503074457816412e-08, -0.021694626034068798]}, {"color": "CVPurple", "id_name": "object62284140634781", "shape": "CVCone", "id_string": "ob10628", "world_size": [0.04, 0.04, 0.04], "id": 10628, "camera_size": [17, 17], "camera_position": [274, 241], "world_position": [0.7380219613978428, 0.6199497685555428, -0.1040542988293609], "world_orientation": [0.9996584393969536, 0.0005342881697235327, 0.026128893558649034, -0.0005438067534131939, 0.9999997883450881, 0.00035718901723835365, -0.026128697186474103, -0.0003712760843186327, 0.9996585183638497], "world_rotation": [-0.013935571770549415, 0.9996901770972395, -0.020624006757119197, 0.026139869943131087]}, {"color": "CVRed", "id_name": "object212492325429483", "shape": "CVCone", "id_string": "ob10635", "world_size": [0.04, 0.04, 0.04], "id": 10635, "camera_size": [17, 17], "camera_position": [290, 242], "world_position": [0.7357953208634704, 0.6199874432018289, -0.0635716642662451], "world_orientation": [0.9992096296827053, 2.391456903387233e-10, 0.039750672313194325, 1.0635642877089504e-11, 1.0, -6.283489374756751e-09, -0.039750672313194325, 6.278945865220754e-09, 0.9992096296827053], "world_rotation": [1.580153807336679e-07, 0.9999999999999873, -2.8742916051986148e-09, 0.039761148209034106]}, {"color": "CVRed", "id_name": "object20557763078460", "shape": "CVCylinder", "id_string": "ob10642", "world_size": [0.04, 0.04, 0.04], "id": 10642, "camera_size": [16, 16], "camera_position": [218, 224], "world_position": [0.7801667205942953, 0.6199842735720438, -0.2451841454100624], "world_orientation": [0.9999999675649773, 0.00010066874594785795, 0.00023395693687095048, -0.00010068797155818611, 0.9999999915553796, 8.216552524762085e-05, -0.0002339486633948786, -8.218907923200715e-05, 0.9999999692564886], "world_rotation": [-0.30706135371484145, 0.8741813317812448, -0.3761918715495833, 0.00026762502746306477]}, {"color": "CVGreen", "id_name": "object72304443989754", "shape": "CVCapsule", "id_string": "ob10649", "world_size": [0.04, 0.08, 0.04], "id": 10649, "camera_size": [17, 18], "camera_position": [237, 212], "world_position": [0.8097529390166517, 0.6399748863679913, -0.1970533005587367], "world_orientation": [0.9997845170829329, -1.0570493320244467e-09, -0.020758598248596504, 1.0560516515886628e-09, 1.0, -5.902332669908528e-11, 0.020758598248596504, 3.708845621537866e-11, 0.9997845170829329], "world_rotation": [-2.3149873070297982e-09, 0.9999999999999987, -5.08970056240665e-08, -0.020760089418227566]}, {"color": "CVPurple", "id_name": "object27340525271301", "shape": "CVCylinder", "id_string": "ob10656", "world_size": [0.04, 0.04, 0.04], "id": 10656, "camera_size": [18, 21], "camera_position": [260, 130], "world_position": [1.0226610300573504, 0.6199874431664223, -0.1385017110313435], "world_orientation": [0.9902702227321786, 2.8797771354756207e-10, 0.1391577736598333, -3.471546661334342e-10, 1.0, 4.009780664018684e-10, -0.1391577736598333, -4.4538590958124806e-10, 0.9902702227321786], "world_rotation": [-3.0410229832076285e-09, 1.0, -2.282058569122976e-09, 0.13961086224599345]}, {"color": "CVGreen", "id_name": "object123522972191767", "shape": "CVCylinder", "id_string": "ob10663", "world_size": [0.04, 0.04, 0.04], "id": 10663, "camera_size": [19, 20], "camera_position": [273, 221], "world_position": [0.7883081824577166, 0.6199874431880843, -0.10680958461186717], "world_orientation": [0.9757064645234841, 5.079224015029944e-10, -0.21908193692562394, -4.704919594048462e-10, 1.0, 2.230232026018323e-10, 0.21908193692562394, -1.145288907429927e-10, 0.9757064645234841], "world_rotation": [7.703786493804381e-10, 1.0, 2.2329872892259532e-09, -0.22087344956065863]}, {"color": "CVRed", "id_name": "object135480953588873", "shape": "CVSphere", "id_string": "ob10670", "world_size": [0.04, 0.04, 0.04], "id": 10670, "camera_size": [17, 17], "camera_position": [290, 225], "world_position": [0.7795001464536466, 0.6199874432013237, -0.0641522473842213], "world_orientation": [0.9996877062350775, -1.898684020771902e-11, -0.024989797967356824, 1.6579891350953933e-11, 1.0, -9.652445596430229e-11, 0.024989797967356824, 9.607998384336102e-11, 0.9996877062350775], "world_rotation": [-3.853661403330567e-09, 1.0, -7.116250320457243e-10, -0.024992399678389603]}, {"color": "CVRed", "id_name": "object111480513346441", "shape": "CVCylinder", "id_string": "ob10677", "world_size": [0.04, 0.04, 0.04], "id": 10677, "camera_size": [21, 21], "camera_position": [222, 261], "world_position": [0.6882057384665322, 0.6599790534124024, -0.2336698692275357], "world_orientation": [0.9493555654054975, -0.00022053982126839374, -0.31420369475197996, 0.0003052404474442813, 0.9999999291320719, 0.00022037268525297243, 0.3142036238840625, -0.0003051197115830041, 0.9493555654443094], "world_rotation": [0.0008362283722440656, 0.9999993003386859, -0.0008366864695111544, -0.31961794671174004]}, {"color": "CVRed", "id_name": "object15801647855419", "shape": "CVCylinder", "id_string": "ob10684", "world_size": [0.04, 0.04, 0.04], "id": 10684, "camera_size": [17, 17], "camera_position": [256, 269], "world_position": [0.6672096044159691, 0.65995580962363, -0.15076456455781326], "world_orientation": [0.9990919723542261, 0.0017057175008087242, -0.04257136719850797, -0.0017390195086243055, 0.9999982102109422, -0.0007452422834293708, 0.0425700198319356, 0.0008185980209002356, 0.999093150466356], "world_rotation": [-0.01834946429824049, 0.9990143093846997, 0.040419139087552694, -0.04262560331950355]}, {"color": "CVPurple", "id_name": "object162027681286424", "shape": "CVSphere", "id_string": "ob10691", "world_size": [0.04, 0.04, 0.04], "id": 10691, "camera_size": [17, 17], "camera_position": [272, 280], "world_position": [0.6413541483228481, 0.6599617320572694, -0.109815885898691], "world_orientation": [0.9999042453622735, -0.0001930058402646425, -0.013837010343568813, 0.00019287510316391717, 0.9999999813414624, -1.0782833968028366e-05, 0.013837012166540364, 8.11298666417351e-06, 0.9999042639315439], "world_rotation": [-0.0006827334023265958, 0.9999025664008949, -0.01394243809400924, -0.013838801289060822]}, {"color": "CVPurple", "id_name": "object61368502681552", "shape": "CVCapsule", "id_string": "ob10698", "world_size": [0.04, 0.08, 0.04], "id": 10698, "camera_size": [22, 21], "camera_position": [163, 185], "world_position": [0.8787492440913631, 0.6399748795654303, -0.3830728218248443], "world_orientation": [0.08346143938519647, -2.269086809830802e-07, -0.9965110075336348, 1.4239469180500415e-08, 0.9999999999999744, -2.2651052791463527e-07, 0.9965110075336605, 4.7151069158515695e-09, 0.08346143938519755], "world_rotation": [-1.1601760195442503e-07, 0.9999999999999859, -1.2099623001677416e-07, -1.487237686298184]}, {"color": "CVBlue", "id_name": "object74743155311763", "shape": "CVBox", "id_string": "ob10705", "world_size": [0.04, 0.04, 0.04], "id": 10705, "camera_size": [21, 22], "camera_position": [300, 205], "world_position": [0.8296507548526038, 0.6199874431355895, -0.03844119601789192], "world_orientation": [0.9248982788767799, -4.385135635735017e-10, 0.3802146416575383, -2.3603573993558687e-10, -1.0, -5.791584274442793e-10, 0.38021464165753815, 4.4591838846221526e-10, -0.9248982788767799], "world_rotation": [-0.9810449222326112, 1.7189562073620041e-10, -0.19378044421873442, -3.141592653067352]}, {"color": "CVRed", "id_name": "object82778733966829", "shape": "CVBox", "id_string": "ob10712", "world_size": [0.04, 0.04, 0.04], "id": 10712, "camera_size": [17, 17], "camera_position": [271, 262], "world_position": [0.686019024617985, 0.6999331472092498, -0.1141614881347227], "world_orientation": [0.9987239724982483, -0.00019377769928334324, -0.05050137827348439, 0.00017699447551846662, 0.9999999276180523, -0.0003368038683059065, 0.05050143988317497, 0.00032743563234677694, 0.9987239345062442], "world_rotation": [-0.006576258702629762, 0.9999716386035422, -0.0036708050918945532, -0.050524334314411556]}, {"color": "CVPurple", "id_name": "object3060613192687", "shape": "CVCone", "id_string": "ob10719", "world_size": [0.04, 0.04, 0.04], "id": 10719, "camera_size": [17, 17], "camera_position": [230, 228], "world_position": [0.7698342330014942, 0.6599757902531767, -0.21442632703770612], "world_orientation": [0.9989563505019293, 0.00034481642754719905, -0.0456737440275916, -0.00035928938904418987, 0.9999998878175619, -0.0003086681043770879, 0.045673632469966585, 0.0003247560546519176, 0.9989563623254539], "world_rotation": [-0.006933862147846867, 0.9999462558745432, 0.007707588351580821, -0.04569204043543491]}, {"color": "CVBlue", "id_name": "object44141376281368", "shape": "CVCone", "id_string": "ob10726", "world_size": [0.04, 0.04, 0.04], "id": 10726, "camera_size": [17, 19], "camera_position": [282, 152], "world_position": [0.9664908038172102, 0.619987443192967, -0.08467279502999125], "world_orientation": [-0.03615645667245754, 0.9993461415550133, 2.156237965955654e-10, -1.9893170444262864e-10, 2.0856749660680407e-10, -1.0, -0.9993461415550133, -0.03615645667245754, 1.9126067396513236e-10], "world_rotation": [0.5634315957315212, 0.5841852604023967, -0.5841852603926391, 2.115398933978358]}, {"color": "CVPurple", "id_name": "object184706846438345", "shape": "CVCapsule", "id_string": "ob10733", "world_size": [0.04, 0.08, 0.04], "id": 10733, "camera_size": [19, 18], "camera_position": [273, 237], "world_position": [0.745458620244618, 0.6799050315617825, -0.10844276373807359], "world_orientation": [0.9972803288243381, 0.0008235612021795709, -0.07369713350576287, -0.0007801524625637503, 0.9999995048425175, 0.000617800012327813, 0.07369760581019663, -0.0005586247992535508, 0.997280477516821], "world_rotation": [0.00798073069620096, 0.9999089690536166, 0.010879409160819767, -0.07377097300125449]}, {"color": "CVPurple", "id_name": "object101659599053638", "shape": "CVBox", "id_string": "ob10740", "world_size": [0.04, 0.04, 0.04], "id": 10740, "camera_size": [19, 21], "camera_position": [259, 209], "world_position": [0.8202935956347602, 0.6199874431772805, -0.14236220705984226], "world_orientation": [-4.442621825972991e-10, 0.2696943113439892, -0.9629459893621718, 1.0, 4.4482151295710537e-10, -3.367754408678536e-10, 3.3751246242275096e-10, -0.9629459893621717, -0.269694311343989], "world_rotation": [0.6231548950861916, 0.6231548955225461, -0.47260549395495016, -2.258607009287694]}, {"color": "CVYellow", "id_name": "object210451486010992", "shape": "CVCone", "id_string": "ob10747", "world_size": [0.04, 0.04, 0.04], "id": 10747, "camera_size": [23, 24], "camera_position": [266, 267], "world_position": [0.6738789352003373, 0.7399174471549178, -0.1264588135325432], "world_orientation": [0.8548375538094399, -0.0007580879330708903, -0.5188951550166745, 0.0007111888116144659, 0.9999997052465535, -0.00028933938610369557, 0.5188952214152363, -0.00012169425561120468, 0.854837840986781], "world_rotation": [-0.00016154029185204573, 0.9999989847457239, -0.0014157726708234294, -0.5455586366441156]}, {"color": "CVBlue", "id_name": "object38399412943605", "shape": "CVSphere", "id_string": "ob10754", "world_size": [0.04, 0.04, 0.04], "id": 10754, "camera_size": [22, 24], "camera_position": [224, 165], "world_position": [0.9313493729546631, 0.6199874431804364, -0.2297746201861893], "world_orientation": [-0.5432814379667875, -5.29101893823255e-10, 0.8395506412127499, -2.666302551503477e-10, 1.0, 4.5768129584734706e-10, -0.8395506412127499, 2.4800150860255924e-11, -0.5432814379667875], "world_rotation": [-2.57805261372789e-10, 1.0, 1.5631674004426997e-10, 2.145137080304643]}, {"color": "CVRed", "id_name": "object228819809561868", "shape": "CVCylinder", "id_string": "ob10761", "world_size": [0.04, 0.04, 0.04], "id": 10761, "camera_size": [24, 24], "camera_position": [274, 238], "world_position": [0.7401258062155466, 0.7399037112922925, -0.10707476437523049], "world_orientation": [0.79423955638852, 0.0007641211042281313, -0.6076042652802113, -0.0002952807803158549, 0.9999995765480245, 0.0008716151859914666, 0.6076046740085431, -0.0005128573970881773, 0.7942394456964866], "world_rotation": [0.0011392865158471731, 0.9999989710081387, 0.0008717848924384332, -0.6530417558326661]}], "source": "manual check"}
