{"timestamp": 1721661052.393393, "objects": [{"color": "cv_", "id_name": "hand", "shape": "CVBox", "id_string": "ob383", "world_size": [0.005, 0.09, 0.5], "id": 383, "camera_size": [3, 208], "camera_position": [246, 271], "world_position": [0.6630566385460355, 0.6657860843144272, -0.17410853930730263], "world_orientation": [3.767963933855122e-06, -0.001629593920921288, 0.9999986722038463, -0.0007671030525599014, -0.999998377992456, -0.0016295905510546776, 0.9999997057693113, -0.0007670958937653344, -5.018024293002851e-06], "world_rotation": [0.0, 1.0, 0.0, 0.0]}, {"color": "CVRed", "id_name": "object159953815732401", "shape": "CVCylinder", "id_string": "ob7492", "world_size": [0.04, 0.04, 0.04], "id": 7492, "camera_size": [17, 18], "camera_position": [256, 220], "world_position": [0.7915386765981526, 0.6199924045360122, -0.14996882804630768], "world_orientation": [0.9959138527783895, 0.0007769450342684856, -0.09030500650859914, -0.0008632281058421835, 0.9999992075146692, -0.0009164099905917975, 0.09030422294301463, 0.0009906192241713684, 0.9959137342120609], "world_rotation": [-0.010557845262904155, 0.9999030339130391, 0.00908045565511204, -0.09043659847272958]}, {"color": "CVPurple", "id_name": "object42466461363997", "shape": "CVBox", "id_string": "ob7499", "world_size": [0.04, 0.04, 0.04], "id": 7499, "camera_size": [17, 17], "camera_position": [219, 295], "world_position": [0.5999982617102844, 0.619988698098455, -0.24499999991298882], "world_orientation": [0.9999999968890498, -7.877401245344973e-05, -4.068824722794763e-06, 7.877401242665682e-05, 0.9999999968973275, -6.7451820741125625e-09, 4.068825241515582e-06, 6.424664408870586e-09, 0.9999999999917223], "world_rotation": [-8.348129722564986e-05, 0.05158310510807191, -0.9986687019719215, -7.887902401086304e-05]}, {"color": "CVRed", "id_name": "object2996911914021", "shape": "CVCone", "id_string": "ob7506", "world_size": [0.04, 0.04, 0.04], "id": 7506, "camera_size": [16, 17], "camera_position": [236, 295], "world_position": [0.5999969292310715, 0.6199886972975814, -0.19999999813279826], "world_orientation": [0.9999999919554693, -0.0001266821449628848, -6.379292726794396e-06, 0.0001266821443657339, 0.9999999919758127, -9.401168206219359e-08, 6.379304585207307e-06, 9.320353882269043e-08, 0.999999999979648], "world_rotation": [-0.0007379818629735999, 0.05029299096909704, -0.9987342341394692, -0.00012684269816099882]}, {"color": "CVYellow", "id_name": "object69241776336693", "shape": "CVCapsule", "id_string": "ob7513", "world_size": [0.04, 0.08, 0.04], "id": 7513, "camera_size": [17, 37], "camera_position": [256, 274], "world_position": [0.6552318881525714, 0.6397387909599141, -0.1502204610548068], "world_orientation": [0.567028463234586, 0.822331196482407, -0.04743548433015899, -0.819737830556872, 0.5690060790235607, 0.06528377430990459, 0.08067596318443859, 0.0018669027951202719, 0.9967386335635922], "world_rotation": [0.03847458876134673, 0.07772435222692901, 0.9962322174526126, -0.9686815769010104]}, {"color": "CVBlue", "id_name": "object32566157114803", "shape": "CVCone", "id_string": "ob7520", "world_size": [0.04, 0.04, 0.04], "id": 7520, "camera_size": [17, 17], "camera_position": [272, 295], "world_position": [0.5999104460725008, 0.6199874431993857, -0.109507602848164], "world_orientation": [0.99970503717579, 9.514942774374687e-11, -0.024286593943004763, -9.743952858159975e-11, 1.0, -9.311144265925357e-11, 0.024286593943004763, 9.545045250981975e-11, 0.99970503717579], "world_rotation": [-3.8820160540334755e-09, 1.0, 3.964923133670166e-09, -0.024288982105554763]}, {"color": "CVYellow", "id_name": "object65342046519824", "shape": "CVCapsule", "id_string": "ob7527", "world_size": [0.04, 0.08, 0.04], "id": 7527, "camera_size": [17, 18], "camera_position": [290, 295], "world_position": [0.6, 0.6399748858658902, -0.065], "world_orientation": [1.0, -1.5612511283791513e-17, -1.789043210782128e-17, 1.5612511283791513e-17, 1.0, -1.4831885719601688e-16, 1.789043210782128e-17, 1.4831885719601688e-16, 1.0], "world_rotation": [-0.9874262572950706, 0.11910476355862816, -0.10393960603106182, -1.5020752800550153e-16]}, {"color": "CVGreen", "id_name": "object2909993194129", "shape": "CVSphere", "id_string": "ob7534", "world_size": [0.04, 0.04, 0.04], "id": 7534, "camera_size": [17, 16], "camera_position": [219, 277], "world_position": [0.6450297113270106, 0.6199831906491938, -0.24499640549652393], "world_orientation": [0.9999999781533648, 0.00020899760953003413, 3.642713284197921e-06, -0.00020899692738827758, 0.999999960812431, -0.00018626706913681983, -3.6816425136762834e-06, 0.0001862663037516265, 0.9999999826456548], "world_rotation": [0.6652867562825235, 0.013080162114995169, -0.7464733359431692, 0.00027997955335616446]}, {"color": "CVYellow", "id_name": "object173143841875576", "shape": "CVSphere", "id_string": "ob7541", "world_size": [0.04, 0.04, 0.04], "id": 7541, "camera_size": [16, 16], "camera_position": [236, 277], "world_position": [0.6450179297861764, 0.6199815127252599, -0.19994735467336708], "world_orientation": [0.9999986680579624, 6.043353891709356e-05, 0.001631021179620729, -6.11247591492549e-05, 0.9999999083500721, 0.0004237494674557207, -0.0016309954214578234, -0.0004238485988227606, 0.9999985801021423], "world_rotation": [-0.25132418147805136, 0.9672316217443168, -0.03604366382939875, 0.001686265251085966]}, {"color": "CVYellow", "id_name": "object268471285596992", "shape": "CVBox", "id_string": "ob7548", "world_size": [0.04, 0.04, 0.04], "id": 7548, "camera_size": [18, 18], "camera_position": [256, 252], "world_position": [0.7100023767786899, 0.6198667362897916, -0.14831620689384126], "world_orientation": [0.989028967472557, 0.0009240873763718919, -0.1477188124874032, -0.0013416953703147031, 0.9999953804833535, -0.002727428365053666, 0.1477156097157678, 0.002895699306567126, 0.9890256384805325], "world_rotation": [-0.019029414659966198, 0.9997895216402253, 0.007667711269246107, -0.14829120588947411]}, {"color": "CVGreen", "id_name": "object165566354342720", "shape": "CVBox", "id_string": "ob7555", "world_size": [0.04, 0.04, 0.04], "id": 7555, "camera_size": [16, 16], "camera_position": [272, 277], "world_position": [0.6455285931659942, 0.6199709510678064, -0.10864394148324236], "world_orientation": [0.9999013656599645, 0.0005467865945704175, -0.014034242970605989, -0.0005356702298182095, 0.9999995398515333, 0.0007958354898213368, 0.014034671664947916, -0.0007882392669556283, 0.999901198454185], "world_rotation": [0.056303821847603665, 0.9976720873397127, 0.03847448230417147, -0.014067668533686828]}, {"color": "CVRed", "id_name": "object214169882135656", "shape": "CVSphere", "id_string": "ob7562", "world_size": [0.04, 0.04, 0.04], "id": 7562, "camera_size": [16, 16], "camera_position": [289, 277], "world_position": [0.645, 0.6199874431539305, -0.065], "world_orientation": [1.0, 3.5778671692020784e-17, -3.6332864841185517e-17, -3.5778671692020784e-17, 1.0, 1.0733601507606489e-16, 3.6332864841185517e-17, -1.0733601507606489e-16, 1.0], "world_rotation": [0.9032531890035577, 0.3057480381601587, 0.3010843963345121, -1.18832699826363e-16]}, {"color": "CVRed", "id_name": "object183658597893077", "shape": "CVCapsule", "id_string": "ob7569", "world_size": [0.04, 0.08, 0.04], "id": 7569, "camera_size": [19, 18], "camera_position": [218, 259], "world_position": [0.6920342930505624, 0.6399749365526691, -0.24517328954015855], "world_orientation": [0.9952266319674596, 0.0001757435788702235, 0.09759057401666137, -0.00018156618280160987, 0.9999999822274129, 5.078282295155539e-05, -0.09759056335746936, -6.825956584949944e-05, 0.9952266461887983], "world_rotation": [-0.0006099061045978887, 0.9999981383588181, -0.0018306538290345266, 0.09774632636909175]}, {"color": "CVPurple", "id_name": "object250389060695533", "shape": "CVCone", "id_string": "ob7576", "world_size": [0.04, 0.04, 0.04], "id": 7576, "camera_size": [16, 15], "camera_position": [236, 260], "world_position": [0.6899892812662958, 0.6199760158587609, -0.1999683223203346], "world_orientation": [0.9999996874779671, 9.821132870891253e-05, -0.0007844733923696582, -9.840284330427018e-05, 0.9999999653668783, -0.00024409654361535552, 0.0007844493921550103, 0.00024417366174212527, 0.9999996625091302], "world_rotation": [-0.29505108783506334, 0.9480659872832189, 0.118809676895619, -0.0008274334195063405]}, {"color": "CVYellow", "id_name": "object247658975366343", "shape": "CVBox", "id_string": "ob7583", "world_size": [0.04, 0.04, 0.04], "id": 7583, "camera_size": [17, 17], "camera_position": [256, 236], "world_position": [0.7513814807813216, 0.6199909702670617, -0.14992198853897945], "world_orientation": [0.9958570953054325, 0.0007526738031108377, -0.09092897894495879, -0.0007933012840090354, 0.9999996010142159, -0.00041066346530979695, 0.0909286335699566, 0.0004810962014621432, 0.995857295069703], "world_rotation": [-0.004903378602750263, 0.9999518470943959, 0.008500610024233364, -0.09105897229314687]}, {"color": "CVPurple", "id_name": "object238003814541499", "shape": "CVCone", "id_string": "ob7590", "world_size": [0.04, 0.04, 0.04], "id": 7590, "camera_size": [17, 16], "camera_position": [273, 259], "world_position": [0.6905431110142458, 0.6199724144585439, -0.10676181220359619], "world_orientation": [0.9998198830015076, -0.000255184976315466, -0.01897726101100535, 0.00025355272935933957, 0.9999999639467493, -8.841670626108903e-05, 0.018977282889428494, 8.358904458423512e-05, 0.9998199116575978], "world_rotation": [-0.004531434654041516, 0.9998999141803482, -0.013402526706129927, -0.01898031109212536]}, {"color": "CVBlue", "id_name": "object16398921290477", "shape": "CVCapsule", "id_string": "ob7597", "world_size": [0.04, 0.08, 0.04], "id": 7597, "camera_size": [17, 17], "camera_position": [290, 260], "world_position": [0.6899956814857164, 0.6399754957098492, -0.06499284066036512], "world_orientation": [0.9999999951433955, -9.801275048441644e-05, 1.033005333535136e-05, 9.801683979820684e-05, 0.9999999165460294, -0.00039661143880829894, -1.0291179495292978e-05, 0.00039661244940129647, 0.9999999212963252], "world_rotation": [0.9704854624169404, 0.025229455361494714, 0.2398362812827523, 0.0004086737725643332]}, {"color": "CVYellow", "id_name": "object10399972441983", "shape": "CVCylinder", "id_string": "ob7604", "world_size": [0.04, 0.04, 0.04], "id": 7604, "camera_size": [17, 16], "camera_position": [219, 242], "world_position": [0.7349492381474209, 0.6199796230082232, -0.24503661933425844], "world_orientation": [0.9999932610463224, 0.0001388293883263136, -0.003668594873074806, -0.0001386513317917133, 0.9999999891976901, 4.878963363837262e-05, 0.003668601606880501, -4.828064928233692e-05, 0.9999932694929646], "world_rotation": [0.013219281428934436, 0.9991983359844867, 0.037788039964196024, -0.0036715498316592806]}, {"color": "CVGreen", "id_name": "object166441442185873", "shape": "CVCylinder", "id_string": "ob7611", "world_size": [0.04, 0.04, 0.04], "id": 7611, "camera_size": [16, 16], "camera_position": [236, 241], "world_position": [0.7361779742272455, 0.6199758876831641, -0.19983600365853926], "world_orientation": [0.9999873275331601, 1.3089402422796829e-05, -0.00503434223667291, -1.4493646461140576e-05, 0.9999999610033126, -0.0002788965891718207, 0.00503433838976055, 0.00027896602084058545, 0.9999872887266801], "world_rotation": [-0.05532067719861518, 0.9984648921685015, 0.0027352844877486762, -0.0050421018144258915]}, {"color": "CVBlue", "id_name": "object86341988471181", "shape": "CVCylinder", "id_string": "ob7618", "world_size": [0.04, 0.04, 0.04], "id": 7618, "camera_size": [22, 23], "camera_position": [258, 183], "world_position": [0.8861827066172534, 0.6199817718767295, -0.14319874986838005], "world_orientation": [0.5788701924898537, 4.0102322651212554e-05, -0.8154197070457418, 0.00030296737400296934, 0.9999999191892625, 0.0002642579025940453, 0.8154196517484296, -0.00040001659029549895, 0.5788701335612311], "world_rotation": [0.00040732057732944637, 0.9999999040548465, -0.00016118388651441992, -0.953453957698595]}, {"color": "CVYellow", "id_name": "object111019492416717", "shape": "CVSphere", "id_string": "ob7625", "world_size": [0.04, 0.04, 0.04], "id": 7625, "camera_size": [17, 17], "camera_position": [273, 238], "world_position": [0.746126498920053, 0.6199469176943156, -0.10722017695594303], "world_orientation": [0.998909822603211, 0.0015234728926920378, -0.04665667516193955, -0.001526940954311911, 0.9999988334764766, -3.86911897590637e-05, 0.046656561790851654, 0.00010989099759532532, 0.9989109836045578], "world_rotation": [-0.0015914427294706523, 0.9994648426980846, 0.032672549954539595, -0.04669857166150474]}, {"color": "CVBlue", "id_name": "object260099426574205", "shape": "CVCone", "id_string": "ob7632", "world_size": [0.04, 0.04, 0.04], "id": 7632, "camera_size": [16, 16], "camera_position": [289, 242], "world_position": [0.735, 0.6199874431539305, -0.065], "world_orientation": [1.0, 4.228388472693457e-17, -1.6957377686420176e-17, -4.228388472693457e-17, 1.0, 1.0733601507606494e-16, 1.6957377686420176e-17, -1.0733601507606494e-16, 1.0], "world_rotation": [0.92051720276698, 0.14542702990328832, 0.3626279889688094, -1.1660402951017529e-16]}, {"color": "CVGreen", "id_name": "object6238421025622", "shape": "CVCapsule", "id_string": "ob7639", "world_size": [0.04, 0.08, 0.04], "id": 7639, "camera_size": [19, 19], "camera_position": [218, 224], "world_position": [0.780354037460102, 0.639974435495971, -0.24488687568391881], "world_orientation": [0.9922220729892044, -1.645745439401743e-05, 0.12448035026524525, 1.6603714680335427e-05, 0.999999999862149, -1.3751413502999014e-07, -0.12448035024582237, 2.203280779237116e-06, 0.9922220731256803], "world_rotation": [9.402266657823976e-06, 0.9999999911383121, 0.00013279673745095904, 0.12480409182389526]}, {"color": "CVRed", "id_name": "object231265752186427", "shape": "CVCapsule", "id_string": "ob7646", "world_size": [0.04, 0.08, 0.04], "id": 7646, "camera_size": [27, 36], "camera_position": [227, 198], "world_position": [0.846650249760749, 0.6199748863832095, -0.22336083154377737], "world_orientation": [-3.872333981247422e-10, 0.9218388631380361, 0.3875733613245024, -1.0, -2.2593601989306933e-10, -4.6173653789338697e-10, -3.3807992516621255e-10, -0.3875733613245023, 0.9218388631380362], "world_rotation": [-0.1939348344709443, 0.19393483487115828, -0.9616540749158317, 1.609886850274879]}, {"color": "CVRed", "id_name": "object221293062075276", "shape": "CVCylinder", "id_string": "ob7653", "world_size": [0.04, 0.04, 0.04], "id": 7653, "camera_size": [23, 24], "camera_position": [267, 167], "world_position": [0.9267349619596384, 0.6199764931796081, -0.12220996424968526], "world_orientation": [0.6363218589512036, 0.0003876873904046044, -0.7714235811273673, -0.00013196849811548952, 0.9999999137905469, 0.00039370447620306096, 0.7714236672576231, -0.00014871915276269058, 0.6363218552567668], "world_rotation": [0.0003515730836238808, 0.9999998814756264, 0.0003368161219279267, -0.8810755417390096]}, {"color": "CVRed", "id_name": "object199391189631566", "shape": "CVBox", "id_string": "ob7660", "world_size": [0.04, 0.04, 0.04], "id": 7660, "camera_size": [16, 17], "camera_position": [272, 222], "world_position": [0.786403124572631, 0.619984429361475, -0.10762962852179649], "world_orientation": [0.9994435248843516, 0.0008429853775722011, -0.033345613540550725, -0.0008550893858916966, 0.9999995736055522, -0.00034872748059456865, 0.033345305349999355, 0.00037704690263404565, 0.9994438195550306], "world_rotation": [-0.01087848714077131, 0.9996168510793867, 0.025452103167702435, -0.03336443040641283]}, {"color": "CVBlue", "id_name": "object42061320159822", "shape": "CVBox", "id_string": "ob7667", "world_size": [0.04, 0.04, 0.04], "id": 7667, "camera_size": [16, 16], "camera_position": [289, 224], "world_position": [0.78, 0.6199874431539305, -0.065], "world_orientation": [1.0, 4.228388472693457e-17, -1.6957377686420176e-17, -4.228388472693457e-17, 1.0, 1.0733601507606494e-16, 1.6957377686420176e-17, -1.0733601507606494e-16, 1.0], "world_rotation": [0.92051720276698, 0.14542702990328832, 0.3626279889688094, -1.1660402951017529e-16]}, {"color": "CVGreen", "id_name": "object204469127121335", "shape": "CVCone", "id_string": "ob7674", "world_size": [0.04, 0.04, 0.04], "id": 7674, "camera_size": [22, 22], "camera_position": [232, 272], "world_position": [0.6586621261043338, 0.6599744665913453, -0.20889583699803438], "world_orientation": [0.9110760192866114, 7.892911684386922e-05, 0.4122383786731368, -0.00018711194781453547, 0.9999999578379221, 0.0002220659205832038, -0.4122383437648432, -0.0002794536609415988, 0.9110759956423341], "world_rotation": [-0.0006082882014516367, 0.9999997629319617, -0.0003226786085626376, 0.42490964038109974]}, {"color": "CVYellow", "id_name": "object227638593016863", "shape": "CVCapsule", "id_string": "ob7681", "world_size": [0.04, 0.08, 0.04], "id": 7681, "camera_size": [24, 28], "camera_position": [256, 166], "world_position": [0.9187960187232075, 0.6799694812285918, -0.1482909607182799], "world_orientation": [-0.7752176389690556, 0.0006099781091740548, -0.631693945006559, 0.0003756315666722434, 0.999999802116691, 0.0005046459203093268, 0.6316941278278351, 0.0001539262326373788, -0.7752177146934569], "world_rotation": [0.0002776024846726408, 0.9999999442650593, 0.00018549053491914597, -2.457856097704041]}, {"color": "CVYellow", "id_name": "object2981737872028", "shape": "CVSphere", "id_string": "ob7688", "world_size": [0.04, 0.04, 0.04], "id": 7688, "camera_size": [17, 17], "camera_position": [273, 279], "world_position": [0.6437714214158788, 0.6599562376011354, -0.10820036372716936], "world_orientation": [0.9995479896340543, 0.0009508663785040898, -0.030048498658848344, -0.0009158838045353711, 0.9999988867995903, 0.0011779458547792993, 0.030049585277956335, -0.001149892477770177, 0.999547747819939], "world_rotation": [0.038686331344127176, 0.9987696979712734, 0.031023510141565947, -0.03009059759183661]}, {"color": "CVGreen", "id_name": "object116620521410330", "shape": "CVCylinder", "id_string": "ob7695", "world_size": [0.04, 0.04, 0.04], "id": 7695, "camera_size": [18, 18], "camera_position": [233, 254], "world_position": [0.7044304810146809, 0.6599715343757605, -0.20588374311882982], "world_orientation": [0.99283207555287, -4.1281310040683014e-05, 0.11951764743850099, 8.126207813644867e-05, 0.9999999423656118, -0.00032964412271219536, -0.11951762694203327, 0.0003369935109509858, 0.9928320216862058], "world_rotation": [0.00278885597669269, 0.9999959797249424, 0.0005126561167031837, 0.11980450682073442]}, {"color": "CVPurple", "id_name": "object147059059972608", "shape": "CVBox", "id_string": "ob7702", "world_size": [0.04, 0.04, 0.04], "id": 7702, "camera_size": [23, 25], "camera_position": [300, 144], "world_position": [0.9865517222646729, 0.619987434351161, -0.03819580267998103], "world_orientation": [0.6657639063236005, 3.1129592147762914e-07, -0.7461624628970848, -4.397258726316066e-07, 0.9999999999999031, 2.4850227296121703e-08, 0.7461624628970202, 3.11562555724674e-07, 0.6657639063236728], "world_rotation": [-1.921245993233971e-07, 0.999999999999855, 5.032562152706045e-07, -0.842279195626567]}, {"color": "CVYellow", "id_name": "object143918917604435", "shape": "CVBox", "id_string": "ob7709", "world_size": [0.04, 0.04, 0.04], "id": 7709, "camera_size": [18, 17], "camera_position": [273, 261], "world_position": [0.687349984700815, 0.6599600879491827, -0.10755716049583795], "world_orientation": [0.9963425234213457, -0.0005915996299113541, -0.0854472119630781, 0.0005775636991252016, 0.9999998153523916, -0.00018898506902606684, 0.08544730798895166, 0.0001389426527410586, 0.9963426811355521], "world_rotation": [-0.001918841189723273, 0.9999747572875496, -0.006841259839759696, -0.08555374639790037]}, {"color": "CVGreen", "id_name": "object139676667573520", "shape": "CVBox", "id_string": "ob7716", "world_size": [0.04, 0.04, 0.04], "id": 7716, "camera_size": [19, 19], "camera_position": [234, 238], "world_position": [0.7449571642580126, 0.6599629875316837, -0.2045013658213007], "world_orientation": [0.9923552569015349, 0.00010438977450144187, 0.12341407214197209, -5.020475110390068e-05, 0.999999900986827, -0.0004421603998554989, -0.12341410607937764, 0.0004325842244156822, 0.9923551638861549], "world_rotation": [0.003543918550423511, 0.9999935241610611, -0.0006263204047045961, 0.12373034884985311]}, {"color": "CVBlue", "id_name": "object29853161778557", "shape": "CVCapsule", "id_string": "ob7723", "world_size": [0.04, 0.08, 0.04], "id": 7723, "camera_size": [21, 36], "camera_position": [256, 140], "world_position": [0.9940143314616494, 0.6199748863707735, -0.1502922864708556], "world_orientation": [5.94883330096163e-10, -0.9865989331029589, -0.1631641664094894, 1.0, 6.06821622464726e-10, -2.3327659248728587e-11, 1.2202655552684402e-10, -0.16316416640948944, 0.9865989331029589], "world_rotation": [0.08158391465587506, 0.0815839147285538, -0.9933217654551758, -1.5774969097827052]}, {"color": "CVRed", "id_name": "object172382094947572", "shape": "CVCapsule", "id_string": "ob7730", "world_size": [0.04, 0.08, 0.04], "id": 7730, "camera_size": [18, 19], "camera_position": [272, 239], "world_position": [0.7412658407052134, 0.679917068125357, -0.11007285709184654], "world_orientation": [0.9940746982722942, 0.0017956311792656587, -0.10868426732289874, -0.0017515020058803956, 0.9999983403714997, 0.0005014927413935059, 0.10868498744339378, -0.00030816053336279667, 0.9940761935292058], "world_rotation": [0.0037242611915475734, 0.9998599462286915, 0.01631618233949118, -0.10891505748223977]}, {"color": "CVYellow", "id_name": "object236421508925633", "shape": "CVBox", "id_string": "ob7737", "world_size": [0.04, 0.04, 0.04], "id": 7737, "camera_size": [22, 24], "camera_position": [238, 169], "world_position": [0.9211568744695833, 0.6199876977093224, -0.19498981543462476], "world_orientation": [-0.8534152194666689, 0.5212281023782218, -0.0019309256472705423, 0.0012588398951556834, -0.001643442439866027, -0.9999978572072368, -0.5212301588595731, -0.853415821500952, 0.0007463960607495543], "world_rotation": [0.19561214068739052, 0.6929992080988923, -0.6938933549112609, 2.7575462229088212]}, {"color": "CVPurple", "id_name": "object32038194364280", "shape": "CVCone", "id_string": "ob7744", "world_size": [0.04, 0.04, 0.04], "id": 7744, "camera_size": [24, 24], "camera_position": [271, 268], "world_position": [0.6701724092262753, 0.7000653470830445, -0.11316089905526198], "world_orientation": [0.7044826605025631, -0.0037275217054455316, -0.7097114108094684, -0.0006590971828052384, 0.9999823403672035, -0.005906313963407149, 0.7097208934800596, 0.004628664566173759, 0.7044677627984121], "world_rotation": [-0.007421744407140558, 0.9999701220173743, -0.0021616619792526963, -0.7891253147804798]}, {"color": "CVPurple", "id_name": "object190557818927303", "shape": "CVCone", "id_string": "ob7751", "world_size": [0.04, 0.04, 0.04], "id": 7751, "camera_size": [22, 24], "camera_position": [226, 158], "world_position": [0.9497932365635904, 0.6200093205340499, -0.22435878508436632], "world_orientation": [-0.0007838491827349692, 0.5213930865149842, 0.8533162572662245, -0.9999987212461249, -0.0015981711313530489, 5.7923657436009815e-05, 0.0013939464028098758, -0.8533151206813421, 0.5213936725066894], "world_rotation": [-0.4395881793986212, 0.43884087985423276, -0.7836969533574624, 1.813671261916416]}, {"color": "CVGreen", "id_name": "object22798473206098", "shape": "CVSphere", "id_string": "ob7758", "world_size": [0.04, 0.04, 0.04], "id": 7758, "camera_size": [25, 24], "camera_position": [270, 232], "world_position": [0.7551175053941085, 0.7398752931794463, -0.1173883020801554], "world_orientation": [0.6701789412483057, 0.0022769972096801346, -0.7421960670813389, -0.0010683582985975932, 0.9999972175398049, 0.002103217343547287, 0.7421987909703478, -0.0006166006450607504, 0.6701795091509427], "world_rotation": [0.0018322661933967367, 0.9999957818692159, 0.0022536735282965995, -0.8363479615944817]}], "source": "manual check"}
