{"timestamp": 1721660659.810922, "objects": [{"color": "cv_", "id_name": "hand", "shape": "CVBox", "id_string": "ob383", "world_size": [0.005, 0.09, 0.5], "id": 383, "camera_size": [3, 208], "camera_position": [246, 271], "world_position": [0.6630979216135926, 0.665728558046313, -0.174087335680068], "world_orientation": [-3.4117648947067016e-06, -0.001656707750227789, 0.9999986276529536, -0.0007638891859234013, -0.9999983358914695, -0.0016567098730771196, 0.9999997082307933, -0.000763893789907282, 2.1462180828927224e-06], "world_rotation": [0.0, 1.0, 0.0, 0.0]}, {"color": "CVRed", "id_name": "object160303722679853", "shape": "CVCone", "id_string": "ob2578", "world_size": [0.04, 0.04, 0.04], "id": 2578, "camera_size": [18, 18], "camera_position": [256, 239], "world_position": [0.742639525556625, 0.6199833730850854, -0.14937672788890546], "world_orientation": [0.992693025411173, 0.0011842814324210067, -0.12066132262453211, -0.0012909991534253782, 0.9999988416229943, -0.0008062715767106512, 0.12066022800077275, 0.0009561538361473908, 0.9926934044047251], "world_rotation": [-0.007302645417595322, 0.9999207359266707, 0.010256375274446715, -0.1209651293461927]}, {"color": "CVRed", "id_name": "object94352429437052", "shape": "CVBox", "id_string": "ob2585", "world_size": [0.04, 0.04, 0.04], "id": 2585, "camera_size": [18, 17], "camera_position": [218, 295], "world_position": [0.6009066947541151, 0.6199874431872577, -0.24604737942874375], "world_orientation": [0.9987365773793395, 1.3266079133892943e-10, 0.05025185573292432, -1.5764793690185865e-10, 1.0, 4.932747105915721e-10, -0.05025185573292432, -5.00573597545796e-10, 0.9987365773793395], "world_rotation": [-9.888672703147679e-09, 0.9999999999999999, -2.8885373883872486e-09, 0.05027302954432069]}, {"color": "CVYellow", "id_name": "object274359217761803", "shape": "CVCapsule", "id_string": "ob2592", "world_size": [0.04, 0.08, 0.04], "id": 2592, "camera_size": [35, 27], "camera_position": [226, 278], "world_position": [0.6457580739594962, 0.6446129565175008, -0.22350711184447342], "world_orientation": [0.3154861051270608, 0.17636011862088585, 0.9323977831546921, -0.49204406802398937, 0.8705683848640606, 0.0018227445198270575, -0.8113945726920786, -0.45935584880918606, 0.3614291791909326], "world_rotation": [-0.23974685789255604, 0.9065224279242801, -0.34747450525314105, 1.2935150002348148]}, {"color": "CVRed", "id_name": "object143661663996867", "shape": "CVSphere", "id_string": "ob2599", "world_size": [0.04, 0.04, 0.04], "id": 2599, "camera_size": [16, 17], "camera_position": [255, 299], "world_position": [0.5909428760757306, 0.6199891582427253, -0.15124686613711788], "world_orientation": [0.9999291170346801, -0.00025533072342555103, 0.011903600819361213, 0.0002550154904143975, 0.9999999670915491, 2.800000334656786e-05, -0.01190360757689326, -2.4962416022657437e-05, 0.9999291492418516], "world_rotation": [-0.0022241214859594948, 0.9997678419047529, 0.021431648950294386, 0.0119066496868599]}, {"color": "CVYellow", "id_name": "object91157630019244", "shape": "CVCapsule", "id_string": "ob2606", "world_size": [0.04, 0.08, 0.04], "id": 2606, "camera_size": [18, 18], "camera_position": [272, 295], "world_position": [0.6009631250249606, 0.6399748863977974, -0.10904725571952333], "world_orientation": [0.9988873575674765, 3.1026560012742314e-10, -0.0471598016520933, -3.320620139569285e-10, 1.0, -4.5434770274518615e-10, 0.0471598016520933, 4.695021549263957e-10, 0.9988873575674765], "world_rotation": [-9.794887015079024e-09, 0.9999999999999999, 6.810117850186511e-09, -0.04717730010562554]}, {"color": "CVBlue", "id_name": "object79855715524637", "shape": "CVBox", "id_string": "ob2613", "world_size": [0.04, 0.04, 0.04], "id": 2613, "camera_size": [16, 17], "camera_position": [289, 295], "world_position": [0.6, 0.6199874431539305, -0.065], "world_orientation": [1.0, 2.049142105997599e-16, 5.802954297681148e-18, -2.049142105997599e-16, 1.0, 6.179952383167331e-17, -5.802954297681148e-18, -6.179952383167331e-17, 1.0], "world_rotation": [-0.28863572672225335, 0.027102796704540077, -0.9570553043948448, 2.1410905896324258e-16]}, {"color": "CVYellow", "id_name": "object42869958471119", "shape": "CVSphere", "id_string": "ob2620", "world_size": [0.04, 0.04, 0.04], "id": 2620, "camera_size": [17, 16], "camera_position": [210, 270], "world_position": [0.6620267900960395, 0.6199793463247595, -0.2667252024748255], "world_orientation": [0.9999993518633098, -1.3501685128706997e-05, 0.0011384597774539258, 1.2514359918043671e-05, 0.9999996238611043, 0.000867249122634253, -0.0011384710585595043, -0.0008672343134428691, 0.999998975893623], "world_rotation": [-0.605947224844555, 0.7954529242238227, 0.009088786880065976, 0.0014312170739537147]}, {"color": "CVGreen", "id_name": "object253477623149128", "shape": "CVBox", "id_string": "ob2627", "world_size": [0.04, 0.04, 0.04], "id": 2627, "camera_size": [18, 18], "camera_position": [234, 261], "world_position": [0.6863940288513236, 0.6199826874609619, -0.20495666840170126], "world_orientation": [0.995019673780997, -0.00016998505656445298, -0.09967858292451222, 0.00015693048702414256, 0.9999999780526557, -0.00013880745916257056, 0.09967860433202579, 0.00012247354417009002, 0.9950196786187954], "world_rotation": [-0.0013106145367566043, 0.9999977965970506, -0.0016398446816027763, -0.09984462157358405]}, {"color": "CVBlue", "id_name": "object76300341552318", "shape": "CVCapsule", "id_string": "ob2634", "world_size": [0.04, 0.08, 0.04], "id": 2634, "camera_size": [19, 28], "camera_position": [257, 271], "world_position": [0.6620089249877579, 0.644319440042377, -0.14855708896820524], "world_orientation": [0.9464813718047888, 0.2904980211795286, -0.1406552967978929, -0.28979854699999974, 0.9567374595163525, 0.02588891104092425, 0.14209086875381594, 0.01625832860333694, 0.9897200875842683], "world_rotation": [0.014917565247841671, 0.43796773461308314, 0.8988669143343527, -0.32867936974284573]}, {"color": "CVYellow", "id_name": "object85814240105820", "shape": "CVSphere", "id_string": "ob2641", "world_size": [0.04, 0.04, 0.04], "id": 2641, "camera_size": [17, 17], "camera_position": [273, 278], "world_position": [0.6438293629576339, 0.6199778781813082, -0.10691899259536043], "world_orientation": [0.9998498671262301, 1.6408134606443927e-05, -0.01732751968498466, -1.763080831226384e-05, 0.999999997365809, -7.040977631555975e-05, 0.017327518484047573, 7.070470367159292e-05, 0.9998498647817232], "world_rotation": [-0.004071940170304036, 0.9999912272415218, 0.0009822134414412403, -0.01732853831346719]}, {"color": "CVPurple", "id_name": "object273791350733584", "shape": "CVBox", "id_string": "ob2648", "world_size": [0.04, 0.04, 0.04], "id": 2648, "camera_size": [16, 16], "camera_position": [289, 277], "world_position": [0.6449980709154698, 0.6199844498951711, -0.06500774556423893], "world_orientation": [0.9999999963688283, -8.456082657875559e-05, 1.057402540106057e-05, 8.455687082304729e-05, 0.9999999266576072, 0.000373543727009145, -1.060561179183667e-05, -0.0003735428315462442, 0.9999999301766346], "world_rotation": [-0.9749502352436205, 0.027639491069840694, 0.22069911040103768, 0.00038314087726079853]}, {"color": "CVBlue", "id_name": "object18647172054289", "shape": "CVSphere", "id_string": "ob2655", "world_size": [0.04, 0.04, 0.04], "id": 2655, "camera_size": [17, 16], "camera_position": [218, 255], "world_position": [0.7022380145367212, 0.6199833781036049, -0.24744987741101623], "world_orientation": [0.9999373517393718, 0.00025403510373448666, 0.01119053450993116, -0.0002546987281276163, 0.9999999658893943, 5.787718410992718e-05, -0.011190519425378779, -6.0723773111759454e-05, 0.9999373823333207], "world_rotation": [-0.005297724864198227, 0.9997277315260347, -0.022724368617674934, 0.011193808390215358]}, {"color": "CVRed", "id_name": "object26271520334245", "shape": "CVSphere", "id_string": "ob2662", "world_size": [0.04, 0.04, 0.04], "id": 2662, "camera_size": [18, 18], "camera_position": [235, 245], "world_position": [0.7263918631915193, 0.6199807637057828, -0.2023283703887147], "world_orientation": [0.9955570084387495, 0.0001282834862213607, -0.09416064194680736, -0.00014044965880606773, 0.9999999826240877, -0.00012257943368115747, 0.0941606245857632, 0.00013525964432611852, 0.9955570091574102], "world_rotation": [-0.0013691420972736078, 0.9999980445723972, 0.0014269902942307421, -0.09430051786527731]}, {"color": "CVPurple", "id_name": "object107002388892390", "shape": "CVCone", "id_string": "ob2669", "world_size": [0.04, 0.04, 0.04], "id": 2669, "camera_size": [17, 18], "camera_position": [257, 255], "world_position": [0.7021150202082888, 0.6200092301270888, -0.14736492821301975], "world_orientation": [0.9925637150185204, 0.0021620814036277733, -0.12170701307910542, -0.0022668057659093336, 0.9999971701414795, -0.0007220115322028673, 0.12170510761777045, 0.0009925286076888115, 0.9925658072222265], "world_rotation": [-0.007042434404143631, 0.9998097176596527, 0.018191552737160742, -0.1220318764496638]}, {"color": "CVRed", "id_name": "object273489041922112", "shape": "CVCone", "id_string": "ob2676", "world_size": [0.04, 0.04, 0.04], "id": 2676, "camera_size": [16, 16], "camera_position": [273, 259], "world_position": [0.6914287882402058, 0.6199815541298305, -0.10530737162221171], "world_orientation": [0.9999997134850955, 0.0006350025377076868, -0.00041206978051673836, -0.0006348853317930048, 0.9999997579899538, 0.00028450070191890226, 0.00041225033945941307, -0.0002842390033458808, 0.9999998746289155], "world_rotation": [0.35166507263357255, 0.5096964255902787, 0.7852013948218112, -0.0008086384055549623]}, {"color": "CVBlue", "id_name": "object130999914954704", "shape": "CVCone", "id_string": "ob2683", "world_size": [0.04, 0.04, 0.04], "id": 2683, "camera_size": [16, 16], "camera_position": [289, 259], "world_position": [0.6903350056054234, 0.6199874431877995, -0.06499375241071632], "world_orientation": [0.9999081427998655, -3.581223126255811e-11, 0.013553817267625713, 2.9496304244392774e-11, 1.0, 4.661887010369576e-10, -0.013553817267625713, -4.657460907303469e-10, 0.9999081427998655], "world_rotation": [-3.437905253427382e-08, 0.9999999999999994, 2.4092303377493915e-09, 0.013554232288109917]}, {"color": "CVPurple", "id_name": "object194233137862428", "shape": "CVCylinder", "id_string": "ob2690", "world_size": [0.04, 0.04, 0.04], "id": 2690, "camera_size": [16, 16], "camera_position": [218, 239], "world_position": [0.7424480693421611, 0.619982432391421, -0.24545830242324118], "world_orientation": [0.9998301849995656, 2.4550762301105185e-05, 0.018428254420718115, -2.405053978898788e-05, 0.9999999993363382, -2.7365947242501545e-05, -0.01842825508034285, 2.691809062797173e-05, 0.9998301849264756], "world_rotation": [0.0014728451644090731, 0.9999980459294715, -0.001318660062432715, 0.018429333967235718]}, {"color": "CVBlue", "id_name": "object205344093926068", "shape": "CVCone", "id_string": "ob2697", "world_size": [0.04, 0.04, 0.04], "id": 2697, "camera_size": [17, 17], "camera_position": [237, 230], "world_position": [0.76621216749347, 0.6199827749707143, -0.19831783106377457], "world_orientation": [0.9957682858767796, 0.00030261994861472145, -0.09189901666061111, -0.00025086182093169584, 0.9999998033610958, 0.0005747574414408563, 0.09189917252275658, -0.0005492712775971713, 0.9957681659857863], "world_rotation": [0.00611541718160347, 0.9999767666448253, 0.0030112859803842255, -0.09203108770131717]}, {"color": "CVPurple", "id_name": "object192466192140756", "shape": "CVSphere", "id_string": "ob2704", "world_size": [0.04, 0.04, 0.04], "id": 2704, "camera_size": [20, 21], "camera_position": [257, 179], "world_position": [0.8966345474068939, 0.6199748971504299, -0.14629349279623072], "world_orientation": [0.27107268999873396, -0.000327782054143001, -0.9625588238106674, 0.0001768101194401727, 0.9999999421044304, -0.0002907392603418424, 0.9625588633818881, -9.137866721705079e-05, 0.2710727322600103], "world_rotation": [-0.00010355760924847427, 0.9999999602871443, -0.0002621097696526991, -1.2962890630933346]}, {"color": "CVYellow", "id_name": "object112441528282592", "shape": "CVCylinder", "id_string": "ob2711", "world_size": [0.04, 0.04, 0.04], "id": 2711, "camera_size": [18, 20], "camera_position": [272, 239], "world_position": [0.7416589755827022, 0.6224494871582337, -0.10835849770846645], "world_orientation": [0.9882169846933876, 0.13598423864869708, -0.07025295725194457, -0.13634613068204718, 0.9906611950763057, -0.00035946908075082645, 0.06954799645959239, 0.009933952341343966, 0.9975291438245484], "world_rotation": [-0.03360668811451604, 0.45643201194607125, 0.8891233935651648, -0.15375047123300284]}, {"color": "CVBlue", "id_name": "object272752541479196", "shape": "CVCone", "id_string": "ob2718", "world_size": [0.04, 0.04, 0.04], "id": 2718, "camera_size": [16, 16], "camera_position": [289, 242], "world_position": [0.735, 0.6199874431539305, -0.065], "world_orientation": [1.0, 4.228388472693457e-17, -1.6957377686420176e-17, -4.228388472693457e-17, 1.0, 1.0733601507606494e-16, 1.6957377686420176e-17, -1.0733601507606494e-16, 1.0], "world_rotation": [0.92051720276698, 0.14542702990328832, 0.3626279889688094, -1.1660402951017529e-16]}, {"color": "CVGreen", "id_name": "object263972043661447", "shape": "CVCylinder", "id_string": "ob2725", "world_size": [0.04, 0.04, 0.04], "id": 2725, "camera_size": [18, 18], "camera_position": [217, 223], "world_position": [0.7839416214474125, 0.6199874431859782, -0.24707318085885233], "world_orientation": [0.995288902839941, -2.8788166340324324e-10, 0.09695359654838256, 2.358567857196468e-10, 1.0, 5.480562228598154e-10, -0.09695359654838256, -5.226071130988871e-10, 0.995288902839941], "world_rotation": [-5.521524595657529e-09, 1.0, 2.700974836253392e-09, 0.09710613664405997]}, {"color": "CVYellow", "id_name": "object107611987075114", "shape": "CVCone", "id_string": "ob2732", "world_size": [0.04, 0.04, 0.04], "id": 2732, "camera_size": [18, 19], "camera_position": [236, 211], "world_position": [0.8150460539302313, 0.6199748862558754, -0.19936961612754125], "world_orientation": [0.9930296417136724, 7.050659953403425e-05, 0.11786486205326503, -8.143482611272613e-05, 0.999999992820774, 8.790233992894336e-05, -0.11786485500939146, -9.68879336715402e-05, 0.9930296403261807], "world_rotation": [-0.0007839070132495394, 0.9999994850176058, -0.000644557458825675, 0.11813953880207931]}, {"color": "CVYellow", "id_name": "object106507727532012", "shape": "CVSphere", "id_string": "ob2739", "world_size": [0.04, 0.04, 0.04], "id": 2739, "camera_size": [23, 25], "camera_position": [264, 160], "world_position": [0.9451932510597145, 0.6199874303396133, -0.12979659592694237], "world_orientation": [0.7642765767061926, 0.00023166172957561504, -0.6448885645063854, -0.000303395278933203, 0.9999999539755952, -3.3523041074933423e-07, 0.6448885347481129, 0.00019591235465998296, 0.7642766118158931], "world_rotation": [-0.00015215618731774744, 0.9999999023762565, 0.00041484451583441597, -0.7008775319761136]}, {"color": "CVYellow", "id_name": "object227531338642907", "shape": "CVSphere", "id_string": "ob2746", "world_size": [0.04, 0.04, 0.04], "id": 2746, "camera_size": [16, 17], "camera_position": [271, 222], "world_position": [0.7861514327196598, 0.6203933152396502, -0.10982560979649054], "world_orientation": [0.9997386764890491, 0.02129450138675222, 0.008314020845179008, -0.021291072390156193, 0.9997731940292054, -0.0005007365753405952, -0.008322798111308, 0.00032359130143269426, 0.9999653125585247], "world_rotation": [0.01802700406485975, 0.3638261077969225, -0.931292430125891, 0.022865688332885867]}, {"color": "CVYellow", "id_name": "object238224935439151", "shape": "CVCylinder", "id_string": "ob2753", "world_size": [0.04, 0.04, 0.04], "id": 2753, "camera_size": [16, 16], "camera_position": [289, 224], "world_position": [0.78, 0.6199874431539305, -0.065], "world_orientation": [1.0, 4.228388472693457e-17, -1.6957377686420176e-17, -4.228388472693457e-17, 1.0, 1.0733601507606494e-16, 1.6957377686420176e-17, -1.0733601507606494e-16, 1.0], "world_rotation": [0.92051720276698, 0.14542702990328832, 0.3626279889688094, -1.1660402951017529e-16]}, {"color": "CVGreen", "id_name": "object257294476799194", "shape": "CVCone", "id_string": "ob2760", "world_size": [0.04, 0.04, 0.04], "id": 2760, "camera_size": [18, 17], "camera_position": [228, 256], "world_position": [0.6995631985729722, 0.6599803561887784, -0.21827684047090917], "world_orientation": [0.9997996309021173, 2.6151415397174724e-05, -0.02001742651025271, -2.7845210949868703e-05, 0.9999999960559294, -8.433733153329625e-05, 0.020017424225761974, 8.487782240211058e-05, 0.9997996276870287], "world_rotation": [-0.004226654662832349, 0.9999901581141255, 0.0013487272695095957, -0.020018959481194556]}, {"color": "CVGreen", "id_name": "object169603083015331", "shape": "CVCone", "id_string": "ob2767", "world_size": [0.04, 0.04, 0.04], "id": 2767, "camera_size": [23, 27], "camera_position": [259, 265], "world_position": [0.6788244693805269, 0.7018384217293023, -0.1437547257839069], "world_orientation": [0.8401677499572279, 0.2906648123783293, -0.45785600222873524, -0.26334851423248207, 0.9566858447123626, 0.12409574762471681, 0.4740946234491098, 0.016314452858243046, 0.8803227400474118], "world_rotation": [0.09892441396333715, 0.8553679902222096, 0.5084875235688956, -0.5761099294818055]}, {"color": "CVPurple", "id_name": "object62780373063663", "shape": "CVBox", "id_string": "ob2774", "world_size": [0.04, 0.04, 0.04], "id": 2774, "camera_size": [18, 18], "camera_position": [273, 279], "world_position": [0.641938304319381, 0.6599716359943695, -0.10657468347057195], "world_orientation": [0.9951225144631201, -9.841985968259838e-05, -0.09864670051313741, 0.00010204146471143952, 0.9999999942923529, 3.166755508339503e-05, 0.09864669683338052, -4.1579150850798605e-05, 0.9951225188262184], "world_rotation": [0.0003712575487196305, 0.9999994148985025, -0.0010160563394411778, -0.09880745268424465]}, {"color": "CVYellow", "id_name": "object215467890085299", "shape": "CVCylinder", "id_string": "ob2781", "world_size": [0.04, 0.04, 0.04], "id": 2781, "camera_size": [17, 17], "camera_position": [230, 240], "world_position": [0.7404566686516656, 0.6599753659535713, -0.21378272872080661], "world_orientation": [0.9998187671584298, 6.247686884385071e-05, -0.019037566400114968, -6.454345577728298e-05, 0.9999999920916904, -0.00010793869292090129, 0.01903755950588844, 0.00010914788120992079, 0.9998187632840263], "world_rotation": [-0.005701408272534765, 0.999978182379309, 0.0033359719847924083, -0.01903912853946694]}, {"color": "CVYellow", "id_name": "object55839415324414", "shape": "CVBox", "id_string": "ob2788", "world_size": [0.04, 0.04, 0.04], "id": 2788, "camera_size": [23, 25], "camera_position": [259, 178], "world_position": [0.8936357599443506, 0.6599676824155771, -0.14293930739608066], "world_orientation": [0.6065368700958997, -0.0004076035420392427, -0.7950552553587846, 0.0003167020928143781, 0.9999999131116495, -0.00027106544990704453, 0.7950552967649824, -8.738447369744123e-05, 0.6065369464838063], "world_rotation": [-0.00011551458210447545, 0.9999998895851382, -0.00045550641363402357, -0.9190988526615417]}, {"color": "CVRed", "id_name": "object72848962210494", "shape": "CVCylinder", "id_string": "ob2795", "world_size": [0.04, 0.04, 0.04], "id": 2795, "camera_size": [19, 20], "camera_position": [271, 253], "world_position": [0.706766277831578, 0.6620348738519642, -0.1129350227105267], "world_orientation": [0.9829777162400253, 0.15009495769788714, -0.10595429698324715, -0.1550242586996631, 0.9871052386194739, -0.03988392037666147, 0.09860166626464587, 0.05563049131242159, 0.9935708126984075], "world_rotation": [-0.2516467637861539, 0.5389327668378991, 0.8038814459262028, -0.1909367865674224]}, {"color": "CVRed", "id_name": "object130305755141404", "shape": "CVSphere", "id_string": "ob2802", "world_size": [0.04, 0.04, 0.04], "id": 2802, "camera_size": [20, 20], "camera_position": [234, 208], "world_position": [0.8172892392506352, 0.6599617413108786, -0.2024521288663962], "world_orientation": [0.9769606895454261, 0.00010859247775863534, 0.21341930393148442, -0.0001390604434577935, 0.9999999821711879, 0.00012774903864933918, -0.21341928625388715, -0.0001544839719347895, 0.9769606872282958], "world_rotation": [-0.0006612169280653529, 0.9999996130785305, -0.000580202519380086, 0.2150736455327855]}, {"color": "CVBlue", "id_name": "object216084275043451", "shape": "CVCapsule", "id_string": "ob2809", "world_size": [0.04, 0.08, 0.04], "id": 2809, "camera_size": [33, 21], "camera_position": [252, 121], "world_position": [1.0447082431954118, 0.6199748862976642, -0.16010879567621214], "world_orientation": [0.9989496584659554, 0.04582117251610951, 1.9141255941379498e-10, -1.643601435508124e-10, -5.941588611087581e-10, 1.0, 0.04582117251610951, -0.9989496584659554, -5.86003617050572e-10], "world_rotation": [0.999474967063061, 0.022910589321775712, 0.022910589499662088, -1.571321498176141]}, {"color": "CVRed", "id_name": "object231809423049851", "shape": "CVSphere", "id_string": "ob2816", "world_size": [0.04, 0.04, 0.04], "id": 2816, "camera_size": [18, 20], "camera_position": [272, 236], "world_position": [0.7475360316675453, 0.661996082156627, -0.1086824396757268], "world_orientation": [0.9868670257719272, 0.13645179013202852, -0.08645451066217172, -0.1368035167170297, 0.9905964346162739, 0.0018712400646449592, 0.08589686407502954, 0.009980615977533606, 0.996254041922433], "world_rotation": [-0.025093175306677706, 0.5333139451278611, 0.8455451309570561, -0.16229684041829393]}, {"color": "CVPurple", "id_name": "object116044611754256", "shape": "CVBox", "id_string": "ob2823", "world_size": [0.04, 0.04, 0.04], "id": 2823, "camera_size": [18, 20], "camera_position": [248, 139], "world_position": [0.9980845622665762, 0.6199874431864074, -0.1698128490441982], "world_orientation": [-0.12988386089727616, -0.9915292142334572, -5.569716354791865e-10, 1.4365242329006378e-10, 5.429124927402995e-10, -1.0, 0.9915292142334573, -0.12988386089727622, 7.192002549061272e-11], "world_rotation": [-0.5272596057905491, 0.6008316354864146, -0.6008316352359577, -2.1711592021185657]}, {"color": "CVYellow", "id_name": "object185020518919975", "shape": "CVBox", "id_string": "ob2830", "world_size": [0.04, 0.04, 0.04], "id": 2830, "camera_size": [24, 22], "camera_position": [328, 248], "world_position": [0.7187494652485416, 0.6199874431833667, 0.03449047286452384], "world_orientation": [2.23181001457462e-10, 0.6315940635402416, 0.7752992576423156, -1.0, -2.2617407946512463e-10, 4.721160129506076e-10, 4.735382086451523e-10, -0.7752992576423156, 0.6315940635402416], "world_rotation": [-0.3943984864857717, 0.3943984860047128, -0.8299998000571583, 1.756057219570235]}, {"color": "CVYellow", "id_name": "object75082788145614", "shape": "CVSphere", "id_string": "ob2837", "world_size": [0.04, 0.04, 0.04], "id": 2837, "camera_size": [22, 24], "camera_position": [229, 191], "world_position": [0.8645164021569246, 0.6199874431854978, -0.2174760252434655], "world_orientation": [-0.8071531622262978, 0.5903420810920459, 4.824164956396261e-10, -1.7171059019105428e-10, 5.824075666183148e-10, -1.0, -0.5903420810920459, -0.8071531622262978, -3.6872416231403814e-10], "world_rotation": [0.22506402750060706, 0.6889652328038263, -0.6889652324412135, 2.698841885497245]}, {"color": "CVGreen", "id_name": "object20922271601361", "shape": "CVCone", "id_string": "ob2844", "world_size": [0.04, 0.04, 0.04], "id": 2844, "camera_size": [18, 20], "camera_position": [272, 236], "world_position": [0.7459527083626233, 0.7026033898407815, -0.1108895431822622], "world_orientation": [0.9896424431953236, 0.136411231738176, 0.04471924062486511, -0.13581194018727621, 0.9906023351470736, -0.016190444828125487, -0.04650754271038882, 0.009949344543160625, 0.9988683892356406], "world_rotation": [0.09067188557235388, 0.31644112897077586, -0.9442688288101301, 0.14464884717547938]}], "source": "manual check"}
