{"timestamp": 1721660072.850489, "objects": [{"color": "cv_", "id_name": "hand", "shape": "CVBox", "id_string": "ob383", "world_size": [0.005, 0.09, 0.5], "id": 383, "camera_size": [3, 208], "camera_position": [246, 271], "world_position": [0.6631811878904277, 0.6656551475329799, -0.17410282779461186], "world_orientation": [6.809301316651448e-07, -0.0016536484093942563, 0.9999986327223026, -0.0007628166782652579, -0.9999983417791065, -0.0016536474088498696, 0.9999997090550836, -0.0007628145092650427, -1.942359588841931e-06], "world_rotation": [0.0, 1.0, 0.0, 0.0]}, {"color": "CVRed", "id_name": "object21410529735300", "shape": "CVSphere", "id_string": "ob940", "world_size": [0.04, 0.04, 0.04], "id": 940, "camera_size": [16, 16], "camera_position": [255, 223], "world_position": [0.7830400994039332, 0.619987443187044, -0.15095431607049772], "world_orientation": [0.9999252360076832, 2.464427462768218e-10, -0.01222793502513895, -2.518394573468454e-10, 1.0, -4.398030031820444e-10, 0.01222793502513895, 4.4284959827489617e-10, 0.9999252360076832], "world_rotation": [-3.609164587652485e-08, 0.9999999999999992, 2.0374748581803355e-08, -0.012228239770665998]}, {"color": "CVRed", "id_name": "object266791158786209", "shape": "CVSphere", "id_string": "ob947", "world_size": [0.04, 0.04, 0.04], "id": 947, "camera_size": [17, 17], "camera_position": [219, 295], "world_position": [0.6, 0.6199874431539305, -0.245], "world_orientation": [1.0, 9.107298248878245e-17, -2.4124005762397677e-17, -9.107298248878245e-17, 1.0, -9.074772183703672e-16, 2.4124005762397677e-17, 9.074772183703672e-16, 1.0], "world_rotation": [-0.9946539281116373, 0.026441476003603175, 0.09982189959543321, -9.12354732357237e-16]}, {"color": "CVYellow", "id_name": "object176598510035812", "shape": "CVBox", "id_string": "ob954", "world_size": [0.04, 0.04, 0.04], "id": 954, "camera_size": [16, 17], "camera_position": [236, 295], "world_position": [0.6005602753592078, 0.6199874431893746, -0.1989826589514247], "world_orientation": [0.9997118301652217, 8.000141267727553e-11, 0.024005345815110418, -7.463560640320148e-11, 1.0, -2.2442142870733712e-10, -0.024005345815110418, 2.225651036794768e-10, 0.9997118301652217], "world_rotation": [9.310145661502063e-09, 1.0, -3.220887136379829e-09, 0.024007651953115484]}, {"color": "CVGreen", "id_name": "object177516655816419", "shape": "CVCone", "id_string": "ob961", "world_size": [0.04, 0.04, 0.04], "id": 961, "camera_size": [20, 20], "camera_position": [257, 274], "world_position": [0.6533367144414757, 0.6199805190494979, -0.14632738957732144], "world_orientation": [0.9719940547447607, -0.0002821096369728873, 0.2350052721855231, 0.000256947852612683, 0.9999999575096529, 0.00013768984655563527, -0.23500530104370013, -7.344961221006676e-05, 0.9719940859318612], "world_rotation": [-0.0004492224443924082, 0.9999992414047364, 0.0011469041578267107, 0.23722419043845583]}, {"color": "CVPurple", "id_name": "object86243120956107", "shape": "CVBox", "id_string": "ob968", "world_size": [0.04, 0.04, 0.04], "id": 968, "camera_size": [18, 18], "camera_position": [288, 282], "world_position": [0.6322687341449975, 0.6199294760612025, -0.06643148470416496], "world_orientation": [0.9972768997332364, -0.001813434660910699, 0.07372582121072169, 0.0018576023791462381, 0.9999981339318001, -0.0005305151445150582, -0.07372472157876, 0.000666023759469055, 0.9972784073870679], "world_rotation": [0.008112068358221697, 0.9996573271311286, 0.02488820322962195, 0.07381756449797908]}, {"color": "CVGreen", "id_name": "object275371555584716", "shape": "CVCone", "id_string": "ob975", "world_size": [0.04, 0.04, 0.04], "id": 975, "camera_size": [17, 16], "camera_position": [305, 291], "world_position": [0.6092641680012957, 0.6199826433025775, -0.024970246879733867], "world_orientation": [0.9998996519268053, -0.000166191079281241, 0.014165396470934555, 0.00017288431709968873, 0.9999998740016788, -0.00047128297212404766, -0.014165316363092595, 0.0004736846546811897, 0.9998995546729589], "world_rotation": [0.033333959823119146, 0.9993726944514973, 0.01196096598375815, 0.014174722667401942]}, {"color": "CVYellow", "id_name": "object222088690771079", "shape": "CVCapsule", "id_string": "ob982", "world_size": [0.04, 0.08, 0.04], "id": 982, "camera_size": [20, 19], "camera_position": [218, 277], "world_position": [0.6477329101760385, 0.639974889598919, -0.24445536241975646], "world_orientation": [0.9910265086358417, -5.930897971391981e-05, 0.13366546174498173, -3.715939832171351e-05, 0.999999740670638, 0.0007192202971516352, -0.13366546973782487, -0.0007177333081610551, 0.9910262494296834], "world_rotation": [-0.0053751087993301585, 0.9999855505659665, 8.285334293504921e-05, 0.13406867053060398]}, {"color": "CVPurple", "id_name": "object64575858408701", "shape": "CVCylinder", "id_string": "ob989", "world_size": [0.04, 0.04, 0.04], "id": 989, "camera_size": [17, 19], "camera_position": [237, 275], "world_position": [0.6515329539956927, 0.6225883564076936, -0.19796333184682502], "world_orientation": [0.9910856400084385, 0.11648003104091613, 0.06466572923714009, -0.11826259471999408, 0.9926814023610259, 0.024445696894168107, -0.06134503125077309, -0.03187531608085366, 0.9976075136874157], "world_rotation": [-0.20682385201705045, 0.4627408049508377, -0.8620294900235606, 0.13658120251751119]}, {"color": "CVGreen", "id_name": "object18029135456575", "shape": "CVBox", "id_string": "ob996", "world_size": [0.04, 0.04, 0.04], "id": 996, "camera_size": [16, 16], "camera_position": [257, 257], "world_position": [0.6970495623122992, 0.6199795569146676, -0.14536340919700422], "world_orientation": [0.9995656180839593, 8.507396652983405e-05, 0.02947147615666736, -8.022931029647965e-05, 0.999999983075407, -0.00016556703604197895, -0.029471489743319108, 0.00016313064051016123, 0.9995656079921436], "world_rotation": [0.005576429150336709, 0.9999805191803598, -0.0028044068373395147, 0.02947632534038874]}, {"color": "CVRed", "id_name": "object90531624404851", "shape": "CVCapsule", "id_string": "ob1003", "world_size": [0.04, 0.08, 0.04], "id": 1003, "camera_size": [18, 17], "camera_position": [280, 267], "world_position": [0.6718115932116322, 0.6399766920730864, -0.08874716993542704], "world_orientation": [0.9998073332084783, -0.0014514163063638061, 0.01957523571394447, 0.0014454406184413015, 0.9999989043377555, 0.00031941306649468655, -0.019575677867430943, -0.000291056685387499, 0.9998083356934152], "world_rotation": [-0.015548344214075244, 0.997153223041618, 0.07378142564300191, 0.019632604016525473]}, {"color": "CVYellow", "id_name": "object29107794655503", "shape": "CVCylinder", "id_string": "ob1010", "world_size": [0.04, 0.04, 0.04], "id": 1010, "camera_size": [18, 18], "camera_position": [303, 272], "world_position": [0.6581638567997882, 0.6199939449195743, -0.02831880299997984], "world_orientation": [0.9951848562998968, 0.00017128895636910022, 0.09801567451916658, -0.00011122268699829803, 0.9999998026755105, -0.0006182867086228604, -0.09801576108395867, 0.0006044080025850052, 0.9951846789767712], "world_rotation": [0.006237110161245449, 0.9999795105974937, -0.001441125266483131, 0.09817535905576293]}, {"color": "CVGreen", "id_name": "object277071534403067", "shape": "CVCapsule", "id_string": "ob1017", "world_size": [0.04, 0.08, 0.04], "id": 1017, "camera_size": [18, 20], "camera_position": [218, 258], "world_position": [0.694450692812842, 0.6418741325620957, -0.24509940918756776], "world_orientation": [0.9941058923970983, 0.10841306114182961, 0.00028788057763231537, -0.10841342354131694, 0.9941038115181252, 0.0020350727719554078, -6.555471063224973e-05, -0.0020542879530499386, 0.9999978877995622], "world_rotation": [-0.018856682560734278, 0.0016297454503864548, -0.9998208686822709, 0.10864628363768812]}, {"color": "CVGreen", "id_name": "object231980415818823", "shape": "CVCapsule", "id_string": "ob1024", "world_size": [0.04, 0.08, 0.04], "id": 1024, "camera_size": [18, 21], "camera_position": [236, 254], "world_position": [0.7052674264973924, 0.6420694698123933, -0.19884906299018584], "world_orientation": [0.9899382149107684, 0.12261719456678526, 0.07062120259421013, -0.12272336586467834, 0.9924368257152921, -0.0028499885963483933, -0.07043653973702602, -0.005845559060187625, 0.9974991344904258], "world_rotation": [-0.01058444338035016, 0.4984084684662984, -0.866877712321298, 0.14198475208136316]}, {"color": "CVPurple", "id_name": "object204910425553709", "shape": "CVCapsule", "id_string": "ob1031", "world_size": [0.04, 0.08, 0.04], "id": 1031, "camera_size": [16, 17], "camera_position": [257, 241], "world_position": [0.7370419470686244, 0.6399669484811645, -0.14643642910301302], "world_orientation": [0.9995322529769339, 0.000599108587713361, 0.030576401484718452, -0.0005922652218117115, 0.9999997974971087, -0.00023286830787970167, -0.0305765348063118, 0.0002146500452143752, 0.9995324053999433], "world_rotation": [0.007316434864928111, 0.9997835219025415, -0.019477656764032347, 0.030587858244974633]}, {"color": "CVPurple", "id_name": "object22304672465465", "shape": "CVSphere", "id_string": "ob1038", "world_size": [0.04, 0.04, 0.04], "id": 1038, "camera_size": [16, 16], "camera_position": [275, 251], "world_position": [0.712159692983255, 0.6199648309852275, -0.10007776921586552], "world_orientation": [0.9999742407973813, 0.00010286509840773442, -0.007176848923637129, -0.0001049204166277134, 0.9999999535961969, -0.0002860057873414694, 0.007176819170590583, 0.0002867514180395868, 0.9999742051874224], "world_rotation": [-0.0398672934538282, 0.9991003040646407, 0.014463102385349784, -0.007183358607566273]}, {"color": "CVRed", "id_name": "object88158278548913", "shape": "CVSphere", "id_string": "ob1045", "world_size": [0.04, 0.04, 0.04], "id": 1045, "camera_size": [19, 17], "camera_position": [296, 257], "world_position": [0.6974084220833326, 0.6199874431742269, -0.048203716821221924], "world_orientation": [0.9940039025646861, -4.013090976890681e-10, 0.10934460062652471, 3.3310664128996084e-10, 1.0, 6.42005145881923e-10, -0.10934460062652471, -6.017322078153486e-10, 0.9940039025646861], "world_rotation": [-5.687237168414729e-09, 1.0, 3.358262478306931e-09, 0.10956367310845726]}, {"color": "CVGreen", "id_name": "object3100160773920", "shape": "CVCylinder", "id_string": "ob1052", "world_size": [0.04, 0.04, 0.04], "id": 1052, "camera_size": [18, 17], "camera_position": [218, 242], "world_position": [0.735634867843277, 0.6199867953808175, -0.2452588813165322], "world_orientation": [0.9977177630395045, 0.0005270048419925654, 0.06752027533521758, -0.0005282384045225396, 0.9999998604819978, 4.1573950554996806e-07, -0.06752026569582693, -3.608159320548172e-05, 0.9977179022241125], "world_rotation": [-0.00027026118849645536, 0.9999694334710404, -0.007814031129727688, 0.06757374870398394]}, {"color": "CVRed", "id_name": "object116304768039661", "shape": "CVCylinder", "id_string": "ob1059", "world_size": [0.04, 0.04, 0.04], "id": 1059, "camera_size": [17, 19], "camera_position": [236, 239], "world_position": [0.7432342712199898, 0.622150398361312, -0.20095827318179582], "world_orientation": [0.99102436210944, 0.11716138449225483, 0.06437331504152886, -0.11754174361602152, 0.9930656358260382, 0.0021404319965522534, -0.06367615105581817, -0.009687771946346607, 0.9979235916949916], "world_rotation": [-0.04419724372038232, 0.4784693845904608, -0.8769912494758124, 0.13421413657608094]}, {"color": "CVRed", "id_name": "object213709042996716", "shape": "CVCylinder", "id_string": "ob1066", "world_size": [0.04, 0.04, 0.04], "id": 1066, "camera_size": [17, 18], "camera_position": [257, 201], "world_position": [0.8394674169827234, 0.6199871515881176, -0.1473989418942216], "world_orientation": [0.1022114178560214, 4.375519918212394e-05, -0.9947626974034283, -5.433589827818433e-06, 0.9999999990422743, 4.342726595260469e-05, 0.994762698350887, 9.663700470782396e-07, 0.10221141799587874], "world_rotation": [2.1342223614481617e-05, 0.9999999994666195, 2.4723880925911194e-05, -1.4684060973549626]}, {"color": "CVGreen", "id_name": "object55375024840893", "shape": "CVCapsule", "id_string": "ob1073", "world_size": [0.04, 0.08, 0.04], "id": 1073, "camera_size": [19, 19], "camera_position": [276, 234], "world_position": [0.7545949930626425, 0.6399429309849988, -0.09964861501829543], "world_orientation": [0.9900655113687042, 0.0006407791184396576, -0.140605378987959, -0.0007118382737736626, 0.9999996430911302, -0.0004550866777373465, 0.14060503719461193, 0.0005506539145731906, 0.9900656141366431], "world_rotation": [-0.003576405667296052, 0.9999820369460604, 0.004809896850321493, -0.1410752200159702]}, {"color": "CVYellow", "id_name": "object262285240232846", "shape": "CVCone", "id_string": "ob1080", "world_size": [0.04, 0.04, 0.04], "id": 1080, "camera_size": [20, 20], "camera_position": [292, 237], "world_position": [0.7469500567708964, 0.6200052612899514, -0.05811485288128086], "world_orientation": [0.9666435974515953, 0.0012894361040813552, -0.2561220272845966, -0.0014151770189367984, 0.999998951622655, -0.00030663919531945293, 0.25612136338041624, 0.0006588688219399232, 0.966644408824689], "world_rotation": [-0.0018848322146047573, 0.9999842851480061, 0.00527985459590226, -0.25901209003837355]}, {"color": "CVGreen", "id_name": "object138740464634074", "shape": "CVCylinder", "id_string": "ob1087", "world_size": [0.04, 0.04, 0.04], "id": 1087, "camera_size": [17, 17], "camera_position": [218, 224], "world_position": [0.7817085021042844, 0.6199874431872966, -0.24586406850311449], "world_orientation": [0.9993059415540057, 5.299043867327173e-10, -0.03725097548873432, -5.361431255969253e-10, 1.0, -1.574891428386892e-10, 0.03725097548873432, 1.7735169059901348e-10, 0.9993059415540057], "world_rotation": [-4.494390134010951e-09, 0.9999999999999998, 1.4308987863311706e-08, -0.03725959600009045]}, {"color": "CVPurple", "id_name": "object185735545417508", "shape": "CVSphere", "id_string": "ob1094", "world_size": [0.04, 0.04, 0.04], "id": 1094, "camera_size": [17, 18], "camera_position": [236, 222], "world_position": [0.7861747534511371, 0.6201794161455388, -0.20129624221898187], "world_orientation": [0.9959607839381386, 0.010517900744530967, 0.08917113109777673, -0.010500255606339243, 0.9999446483500827, -0.0006669844309298873, -0.08917321060458816, -0.0002720293325295875, 0.9960160965117542], "world_rotation": [0.0021993388007659036, 0.9931246164228928, -0.11704127119833135, 0.08991059748620771]}, {"color": "CVBlue", "id_name": "object9082534749627", "shape": "CVBox", "id_string": "ob1101", "world_size": [0.04, 0.04, 0.04], "id": 1101, "camera_size": [16, 18], "camera_position": [260, 184], "world_position": [0.8822136252853625, 0.619987443190111, -0.13853082677403888], "world_orientation": [0.999992225574262, -1.5359437619486936e-10, -0.003943195535934937, 1.5588801300551549e-10, 1.0, 5.813622099047705e-10, 0.003943195535934937, -5.819723870644336e-10, 0.999992225574262], "world_rotation": [1.4751165474391856e-07, 0.9999999999999883, -3.92425871834178e-08, -0.003943205754660382]}, {"color": "CVYellow", "id_name": "object109886149515370", "shape": "CVCylinder", "id_string": "ob1108", "world_size": [0.04, 0.04, 0.04], "id": 1108, "camera_size": [18, 18], "camera_position": [273, 218], "world_position": [0.7958185571628776, 0.6199896415616413, -0.10568167858407687], "world_orientation": [0.9900608232333393, 0.0010205615890394803, -0.1406361431231869, -0.0009375434093099843, 0.9999993449711245, 0.000656558967369123, 0.14063672106131525, -0.0005181808226387857, 0.9900611315357032], "world_rotation": [0.004176375433801642, 0.9999670481641488, 0.006961355767012756, -0.14110888720423645]}, {"color": "CVBlue", "id_name": "object246285899852491", "shape": "CVCone", "id_string": "ob1115", "world_size": [0.04, 0.04, 0.04], "id": 1115, "camera_size": [21, 21], "camera_position": [293, 221], "world_position": [0.7890959938507199, 0.6199874431866387, -0.05541094436889328], "world_orientation": [0.946454884707999, 3.6855442725593794e-10, -0.32283610580659766, -2.1763442283949318e-10, 1.0, 5.03578322730379e-10, 0.32283610580659766, -4.063539138222596e-10, 0.946454884707999], "world_rotation": [1.4092789192200116e-09, 1.0, 9.078737470067878e-10, -0.3287245186871193]}, {"color": "CVPurple", "id_name": "object262836192936690", "shape": "CVCapsule", "id_string": "ob1122", "world_size": [0.04, 0.08, 0.04], "id": 1122, "camera_size": [23, 25], "camera_position": [234, 271], "world_position": [0.664789030905152, 0.6812739352842061, -0.20385875567195674], "world_orientation": [0.9358850849767038, 0.11717950197478529, 0.33224700455397543, -0.121404186639978, 0.9925701711009547, -0.008091903787554271, -0.3307266714137725, -0.032763085287605936, 0.9431577010542848], "world_rotation": [-0.03499317776899026, 0.9403504124539706, -0.338402983596888, 0.3602563751390523]}, {"color": "CVGreen", "id_name": "object210406444797123", "shape": "CVCylinder", "id_string": "ob1129", "world_size": [0.04, 0.04, 0.04], "id": 1129, "camera_size": [21, 21], "camera_position": [260, 260], "world_position": [0.6902518953804186, 0.6599750859350949, -0.1410566741941443], "world_orientation": [0.9348436274275986, 0.00020358964284771826, 0.35505964401670104, -0.00015345854450731986, 0.9999999738852665, -0.00016935153329117312, -0.35505966922263116, 0.00010383026550825597, 0.9348436342569766], "world_rotation": [0.00038469837245731076, 0.9999997995995525, -0.0005028001761755848, 0.36297795715368447]}, {"color": "CVYellow", "id_name": "object118172402927962", "shape": "CVCapsule", "id_string": "ob1136", "world_size": [0.04, 0.08, 0.04], "id": 1136, "camera_size": [38, 36], "camera_position": [270, 295], "world_position": [0.6018803225028795, 0.6420577838833031, -0.11435050935666093], "world_orientation": [0.744593028425518, -0.6654566928022553, -0.05242720691397516, -0.3662345343918928, -0.4729233207177286, 0.8013836774854288, -0.5580801804748753, -0.577504045636047, -0.5958486296326687], "world_rotation": [-0.9199640210197999, 0.3373607110988274, 0.1996345426923275, 2.2943997521102033]}, {"color": "CVBlue", "id_name": "object27704156408359", "shape": "CVBox", "id_string": "ob1143", "world_size": [0.04, 0.04, 0.04], "id": 1143, "camera_size": [20, 21], "camera_position": [233, 251], "world_position": [0.7114450327338588, 0.7017215866248226, -0.20464791433538496], "world_orientation": [0.9802595974589097, 0.1224789707623751, 0.15520961088375296, -0.12193363606008445, 0.9924522544293752, -0.013065644845073485, -0.15563839496365808, -0.006117548450154022, 0.9877951536700798], "world_rotation": [0.017568327148859215, 0.7859821093286832, -0.6179995774241471, 0.19905692137173303]}, {"color": "CVYellow", "id_name": "object95978538198166", "shape": "CVCylinder", "id_string": "ob1150", "world_size": [0.04, 0.04, 0.04], "id": 1150, "camera_size": [22, 22], "camera_position": [264, 241], "world_position": [0.7351517790491888, 0.6999539841885726, -0.13035638410522019], "world_orientation": [0.38882369251178717, 0.00036539402276957513, -0.9213121092380734, -7.860407831690111e-05, 0.999999930870642, 0.0003634282738445319, 0.9213121783428775, -6.889063421055701e-05, 0.3888236943541154], "world_rotation": [0.00023462128797462826, 0.9999999434456511, 0.000240959635107896, -1.1714418891847385]}, {"color": "CVPurple", "id_name": "object110886695837286", "shape": "CVCone", "id_string": "ob1157", "world_size": [0.04, 0.04, 0.04], "id": 1157, "camera_size": [17, 17], "camera_position": [276, 251], "world_position": [0.712433870913271, 0.6599515966597809, -0.09980410688849412], "world_orientation": [0.9996864386711807, 0.00065659708930242, -0.025031844063000748, -0.0006647237576111998, 0.9999997290376378, -0.0003163336483406584, 0.02503162957656041, 0.0003328737197870298, 0.9996866042494661], "world_rotation": [-0.01296208199153077, 0.9995679068898027, 0.02638150765942109, -0.025045175763855683]}, {"color": "CVPurple", "id_name": "object124003716167498", "shape": "CVCone", "id_string": "ob1164", "world_size": [0.04, 0.04, 0.04], "id": 1164, "camera_size": [18, 20], "camera_position": [234, 236], "world_position": [0.7484515457264681, 0.6617757159382068, -0.2035553702973418], "world_orientation": [0.9890585901703808, 0.11753071071131332, 0.08916073827572724, -0.11798956901976751, 0.9930148266705284, -0.00012496011329930868, -0.08855262171561426, -0.010396444209150025, 0.9960172423884527], "world_rotation": [-0.03479214500840741, 0.6019606254609075, -0.797767454864152, 0.14815350025999247]}, {"color": "CVPurple", "id_name": "object123637747327592", "shape": "CVCapsule", "id_string": "ob1171", "world_size": [0.04, 0.08, 0.04], "id": 1171, "camera_size": [37, 36], "camera_position": [282, 201], "world_position": [0.8364171937856821, 0.644866689170457, -0.08630015922931965], "world_orientation": [-0.5643904194354883, 0.40571276307357584, 0.7189301832087998, 0.49230043888732045, -0.5336621266274231, 0.6876372680962313, 0.6626490264995378, 0.742025530883339, 0.10146122016077677], "world_rotation": [0.4659803210832065, 0.48219799880301817, 0.741854049199407, 3.0832005069166777]}, {"color": "CVYellow", "id_name": "object261975978096970", "shape": "CVSphere", "id_string": "ob1178", "world_size": [0.04, 0.04, 0.04], "id": 1178, "camera_size": [18, 18], "camera_position": [282, 235], "world_position": [0.7497217090978424, 0.6999075606109723, -0.08687004455932977], "world_orientation": [0.9979503971231272, 0.0009807958094575078, 0.06398470849643187, -0.0008763367889100884, 0.9999982372080983, -0.0016606066747665497, -0.06398622442077367, 0.0016011309365654806, 0.997949497451699], "world_rotation": [0.025477157138573184, 0.9995701541945905, -0.014505905953745821, 0.06405678023954282]}, {"color": "CVYellow", "id_name": "object20072452843757", "shape": "CVCone", "id_string": "ob1185", "world_size": [0.04, 0.04, 0.04], "id": 1185, "camera_size": [19, 17], "camera_position": [200, 246], "world_position": [0.7252109501628938, 0.6199874431827254, -0.29195779856292303], "world_orientation": [-0.13702276332289673, 6.19608820543093e-10, 0.9905678989000994, -1.8382727174623436e-11, 1.0, -6.280515180319946e-10, -0.9905678989000994, -1.042666939433044e-10, -0.13702276332289673], "world_rotation": [2.643861287400324e-10, 0.9999999999999999, -3.2203322378310737e-10, 1.7082515262566789]}, {"color": "CVYellow", "id_name": "object25276985761074", "shape": "CVCylinder", "id_string": "ob1192", "world_size": [0.04, 0.04, 0.04], "id": 1192, "camera_size": [24, 22], "camera_position": [353, 252], "world_position": [0.7091277277627314, 0.6199874431297423, 0.09796792334799319], "world_orientation": [2.8725255507566777e-10, -0.5265155753240962, 0.8501654832684848, 1.0, 5.417656878670131e-10, -2.3577806373964453e-12, -4.593490587900818e-10, 0.8501654832684848, 0.5265155753240962], "world_rotation": [0.4375203508838942, 0.43752035111907545, 0.7855901507268755, 1.8098076920252533]}, {"color": "CVYellow", "id_name": "object90280356336427", "shape": "CVCylinder", "id_string": "ob1199", "world_size": [0.04, 0.04, 0.04], "id": 1199, "camera_size": [24, 22], "camera_position": [171, 241], "world_position": [0.7365916214554225, 0.6199874431797624, -0.3652916369409974], "world_orientation": [-2.1803869820757882e-10, 0.743016527490898, 0.6692730682429764, -1.0, -4.793517804912995e-10, 2.0638452058463486e-10, 4.741643189198896e-10, -0.6692730682429764, 0.743016527490898], "world_rotation": [-0.3374336637316735, 0.3374336633885548, -0.8787929479648772, 1.6996442855040614]}, {"color": "CVRed", "id_name": "object72189678533003", "shape": "CVCapsule", "id_string": "ob1206", "world_size": [0.04, 0.08, 0.04], "id": 1206, "camera_size": [25, 25], "camera_position": [282, 237], "world_position": [0.7432764765806648, 0.75990839377584, -0.09047086853416061], "world_orientation": [0.8736345329638688, 0.0009639819895208676, 0.48658172340494554, -9.900893733648925e-05, 0.9999983690407724, -0.0018033615903942832, -0.4865826682180875, 0.0015273030214274078, 0.8736332035443981], "world_rotation": [0.0034224876565103904, 0.9999935467124668, -0.0010922965084022725, 0.5081768998967128]}], "source": "manual check"}
