{"timestamp": 1721661649.77724, "objects": [{"color": "cv_", "id_name": "hand", "shape": "CVBox", "id_string": "ob383", "world_size": [0.005, 0.09, 0.5], "id": 383, "camera_size": [3, 208], "camera_position": [246, 271], "world_position": [0.6632455293467523, 0.6657834949763578, -0.17408826125175061], "world_orientation": [-4.2393505905483235e-06, -0.0016646128247430076, 0.999998614522126, -0.0007629093828807012, -0.9999983235107259, -0.0016646155745655, 0.9999997089756083, -0.0007629153827760408, 2.9693947408261547e-06], "world_rotation": [0.0, 1.0, 0.0, 0.0]}, {"color": "CVRed", "id_name": "object9001884550103", "shape": "CVBox", "id_string": "ob13498", "world_size": [0.04, 0.04, 0.04], "id": 13498, "camera_size": [18, 21], "camera_position": [263, 127], "world_position": [1.0286244660855763, 0.6199874431856033, -0.13200724179019943], "world_orientation": [1.638718301680275e-10, 0.9903526409164749, 0.13857000624148083, -1.0, 2.2865429948754068e-10, -4.5158805861422725e-10, -4.789160318319218e-10, -0.13857000624148086, 0.9903526409164749], "world_rotation": [-0.06928580896666381, 0.06928580943192127, -0.9951878984830949, 1.575620024846726]}, {"color": "CVRed", "id_name": "object138026066767530", "shape": "CVBox", "id_string": "ob13505", "world_size": [0.04, 0.04, 0.04], "id": 13505, "camera_size": [21, 21], "camera_position": [216, 297], "world_position": [0.5949651821005395, 0.6199871974511428, -0.25189380600968897], "world_orientation": [0.9444775569443123, -1.3238192598522933e-06, 0.3285759340346624, 5.9490503934542763e-08, 0.9999999999925565, 3.857956967387728e-06, -0.3285759340373238, -3.624206623458165e-06, 0.9444775569373607], "world_rotation": [-1.1385744991178696e-05, 0.999999999932967, 2.10500773246311e-06, 0.3347953972613934]}, {"color": "CVGreen", "id_name": "object278389671408581", "shape": "CVCapsule", "id_string": "ob13512", "world_size": [0.04, 0.08, 0.04], "id": 13512, "camera_size": [34, 30], "camera_position": [225, 281], "world_position": [0.6359084225762265, 0.6446658914361755, -0.22655391926352014], "world_orientation": [0.48655180334269255, 0.2341923340260399, 0.8416776659430911, -0.43412619814152165, 0.9008520157433193, 0.00029969715875846625, -0.758156835193855, -0.3655401433695544, 0.5399802004094256], "world_rotation": [-0.20645671776609112, 0.9028447519458273, -0.377156436473157, 1.088638579738775]}, {"color": "CVGreen", "id_name": "object248379229189291", "shape": "CVCapsule", "id_string": "ob13519", "world_size": [0.04, 0.08, 0.04], "id": 13519, "camera_size": [17, 32], "camera_position": [256, 233], "world_position": [0.7579471081134908, 0.6199717973504629, -0.15058368109272], "world_orientation": [-3.410062541581174e-05, 0.9996999980011789, 0.02449311808631706, -0.9999999994108661, -3.399422974071864e-05, -4.760275578755482e-06, -3.9262228032754115e-06, -0.02449311823421571, 0.9996999985714462], "world_rotation": [-0.012244179186696418, 0.012248522362011668, -0.9998500156403416, 1.5709803749377909]}, {"color": "CVYellow", "id_name": "object55828486106404", "shape": "CVCone", "id_string": "ob13526", "world_size": [0.04, 0.04, 0.04], "id": 13526, "camera_size": [18, 18], "camera_position": [272, 294], "world_position": [0.6013782277834845, 0.6199832290685579, -0.10832128355127671], "world_orientation": [0.996498620349199, 0.0005514320391522842, -0.08360738941534533, -0.0005628824009542691, 0.9999998351539289, -0.00011338217572853745, 0.0836073131104313, 0.00016004630977730548, 0.9964987664717068], "world_rotation": [-0.0016351555501225984, 0.9999764596263332, 0.006663817187705011, -0.08370703925071826]}, {"color": "CVBlue", "id_name": "object192383327977663", "shape": "CVBox", "id_string": "ob13533", "world_size": [0.04, 0.04, 0.04], "id": 13533, "camera_size": [16, 17], "camera_position": [289, 295], "world_position": [0.6, 0.6199874431539305, -0.065], "world_orientation": [1.0, 2.049142105997599e-16, 5.802954297681148e-18, -2.049142105997599e-16, 1.0, 6.179952383167331e-17, -5.802954297681148e-18, -6.179952383167331e-17, 1.0], "world_rotation": [-0.28863572672225335, 0.027102796704540077, -0.9570553043948448, 2.1410905896324258e-16]}, {"color": "CVYellow", "id_name": "object152025068175056", "shape": "CVCylinder", "id_string": "ob13540", "world_size": [0.04, 0.04, 0.04], "id": 13540, "camera_size": [19, 19], "camera_position": [209, 275], "world_position": [0.6516140612102336, 0.6199749503333183, -0.2699588875511427], "world_orientation": [0.9776555655502857, -1.2908767499334822e-05, -0.21021321314778188, -4.510298579659397e-06, 0.9999999965962353, -8.238438347792658e-05, 0.21021321349574643, 8.149167537831001e-05, 0.9776555621643538], "world_rotation": [-0.0003897853131706909, 0.99999992383418, -1.997607131180661e-05, -0.21179305736139353]}, {"color": "CVYellow", "id_name": "object4542241464405", "shape": "CVCapsule", "id_string": "ob13547", "world_size": [0.04, 0.08, 0.04], "id": 13547, "camera_size": [23, 23], "camera_position": [233, 267], "world_position": [0.6729321794827066, 0.6399748661844569, -0.20743034406579977], "world_orientation": [0.88113554068753, 0.00014254689200541055, -0.47286376327403007, -0.00016918814470458365, 0.9999999855923116, -1.381116067202074e-05, 0.4728637544924183, 9.217244733262392e-05, 0.8811355521096479], "world_rotation": [-0.00011206568444974062, 0.9999999393944639, 0.0003296245609447409, -0.49253806438683995]}, {"color": "CVRed", "id_name": "object10515654355650", "shape": "CVCapsule", "id_string": "ob13554", "world_size": [0.04, 0.08, 0.04], "id": 13554, "camera_size": [39, 36], "camera_position": [271, 174], "world_position": [0.9041627845122691, 0.6395024198890835, -0.11349203887931704], "world_orientation": [0.8299007719081606, 0.391783962258418, -0.3972027639673897, -0.5304629985415207, 0.33355248568094686, -0.7793277529219657, -0.17284014569705183, 0.8574660729225129, 0.4846423607385818], "world_rotation": [-0.8650757919260884, 0.11857979093896272, 0.48742456586052646, -1.2407912733497242]}, {"color": "CVPurple", "id_name": "object128641389751539", "shape": "CVCone", "id_string": "ob13561", "world_size": [0.04, 0.04, 0.04], "id": 13561, "camera_size": [17, 17], "camera_position": [273, 277], "world_position": [0.64674990394397, 0.6199790961959951, -0.10673439904165834], "world_orientation": [0.9986713159740418, -0.0002496703401909061, 0.05153193490833503, 0.00023951712115792098, 0.9999999506700218, 0.00020320310712581164, -0.05153198310005468, -0.00019059033370640678, 0.9986713265099286], "world_rotation": [-0.0038207952725549865, 0.9999814366263875, 0.004746359248048332, 0.051555751753527876]}, {"color": "CVRed", "id_name": "object93446143036057", "shape": "CVSphere", "id_string": "ob13568", "world_size": [0.04, 0.04, 0.04], "id": 13568, "camera_size": [17, 17], "camera_position": [290, 278], "world_position": [0.6432874626518863, 0.6199874431601008, -0.06371840534179089], "world_orientation": [0.9982807520429582, 5.240620348758768e-10, 0.05861348053601503, -5.04063028779242e-10, 1.0, -3.5598663034970054e-10, -0.05861348053601503, 3.258297125364606e-10, 0.9982807520429582], "world_rotation": [5.816207608309655e-09, 0.9999999999999998, -8.77038058696572e-09, 0.05864709402200678]}, {"color": "CVPurple", "id_name": "object227949171029079", "shape": "CVSphere", "id_string": "ob13575", "world_size": [0.04, 0.04, 0.04], "id": 13575, "camera_size": [17, 17], "camera_position": [216, 258], "world_position": [0.6945678116793615, 0.6199808185893123, -0.2512063869924699], "world_orientation": [0.9994952426897016, -3.88487646562881e-06, 0.031768849925079716, -7.6379509883389e-08, 0.9999999922263579, 0.00012468872501012436, -0.03176885016252033, -0.0001246282139538505, 0.9994952349196868], "world_rotation": [-0.003923891151367934, 0.9999922997130504, 5.994028150177365e-05, 0.031774441064323214]}, {"color": "CVGreen", "id_name": "object55943907339175", "shape": "CVCylinder", "id_string": "ob13582", "world_size": [0.04, 0.04, 0.04], "id": 13582, "camera_size": [18, 17], "camera_position": [236, 248], "world_position": [0.7209400037177917, 0.6199829556312236, -0.20014609003072845], "world_orientation": [0.9955892594440263, 0.0002148965926307703, -0.0938188696326584, -0.00021555961509869725, 0.9999999767623224, 3.067081025894338e-06, 0.09381886811163101, 1.7170006499785664e-05, 0.9955892826318709], "world_rotation": [-7.516019161840711e-05, 0.9999973657815762, 0.0022940751630698823, -0.09395729709606619]}, {"color": "CVBlue", "id_name": "object31952116712990", "shape": "CVBox", "id_string": "ob13589", "world_size": [0.04, 0.04, 0.04], "id": 13589, "camera_size": [20, 23], "camera_position": [252, 154], "world_position": [0.9610374818113857, 0.6199874431807192, -0.15918307480253938], "world_orientation": [4.279280714503121e-10, 0.9401825568110981, 0.34067104348351446, -1.0, 2.800860585128185e-10, 4.831524902382258e-10, 3.58834240099526e-10, -0.34067104348351435, 0.9401825568110982], "world_rotation": [-0.1704117583880926, 0.17041175796691083, -0.9705254583727854, 1.6007095088806478]}, {"color": "CVPurple", "id_name": "object8480410343539", "shape": "CVSphere", "id_string": "ob13596", "world_size": [0.04, 0.04, 0.04], "id": 13596, "camera_size": [17, 17], "camera_position": [273, 259], "world_position": [0.6920307579802123, 0.6199777170247752, -0.10730166797395463], "world_orientation": [0.9954579926977628, -0.0002100599989661785, 0.09520157902544361, 0.000224814815252267, 0.999999964323776, -0.00014425930103574133, -0.09520154532590212, 0.0001650067996373504, 0.9954580044081801], "world_rotation": [0.0016242637148272132, 0.9999960726395023, 0.0022839599286502204, 0.0953463347899954]}, {"color": "CVRed", "id_name": "object73761266600307", "shape": "CVBox", "id_string": "ob13603", "world_size": [0.04, 0.04, 0.04], "id": 13603, "camera_size": [16, 15], "camera_position": [289, 260], "world_position": [0.6899976407075987, 0.6199857349455302, -0.06500498812858478], "world_orientation": [0.9999999937776682, -0.00011091003689557987, 1.1984461054935391e-05, 0.00011090731478346392, 0.999999968108151, 0.00022689923909803195, -1.2009626075686047e-05, -0.00022689790852179606, 0.9999999741865537], "world_rotation": [-0.8974029170280982, 0.04744931495357245, 0.43865312835986586, 0.0002528391338183318]}, {"color": "CVBlue", "id_name": "object272043122888916", "shape": "CVCylinder", "id_string": "ob13610", "world_size": [0.04, 0.04, 0.04], "id": 13610, "camera_size": [17, 17], "camera_position": [219, 242], "world_position": [0.7355135070788364, 0.6199748722861689, -0.2454780691026509], "world_orientation": [0.9996643336218363, 7.271498708061238e-05, 0.025907813434188593, -7.46673523619426e-05, 0.9999999944453994, 7.439077675906709e-05, -0.025907807880956656, -7.630027411108181e-05, 0.9996643334985359], "world_rotation": [-0.0029081925534148187, 0.9999917260456136, -0.002844337600651773, 0.025910924250825116]}, {"color": "CVYellow", "id_name": "object74834390641372", "shape": "CVCylinder", "id_string": "ob13617", "world_size": [0.04, 0.04, 0.04], "id": 13617, "camera_size": [17, 16], "camera_position": [236, 231], "world_position": [0.7621876200377474, 0.6199793733327986, -0.20069612530898165], "world_orientation": [0.9995089961630329, -9.17680731319592e-05, -0.03133302040638743, 9.594352721796443e-05, 0.9999999867174582, 0.00013175706048693277, 0.03133300789911371, -0.00013469856776086717, 0.9995089916915655], "world_rotation": [0.004251937316599874, 0.9999864742487917, -0.0029953878757789467, -0.03133856734062441]}, {"color": "CVBlue", "id_name": "object29765137080262", "shape": "CVCone", "id_string": "ob13624", "world_size": [0.04, 0.04, 0.04], "id": 13624, "camera_size": [21, 26], "camera_position": [248, 72], "world_position": [1.1690861133664492, 0.6199874431883103, -0.17056652679375772], "world_orientation": [-0.904848072546767, 4.816945033702589e-10, 0.4257346187572729, -5.26480463397681e-10, -1.0, 1.2471785467758275e-11, 0.4257346187572731, -2.1285588832604625e-10, 0.9048480725467671], "world_rotation": [-0.21811915029775925, 5.133198983936501e-11, -0.9759221466251208, 3.141592653073269]}, {"color": "CVPurple", "id_name": "object163883870922095", "shape": "CVBox", "id_string": "ob13631", "world_size": [0.04, 0.04, 0.04], "id": 13631, "camera_size": [17, 17], "camera_position": [272, 242], "world_position": [0.7356325431938552, 0.6199812623484351, -0.10921606761736181], "world_orientation": [0.999870468449857, -0.00017589296542939097, -0.016093954875302147, 0.00017588802405362397, 0.9999999845302179, -1.7224916661699856e-06, 0.016093954929306334, -1.1084653730703818e-06, 0.999870483919545], "world_rotation": [-1.907516298998453e-05, 0.9999402838767854, -0.010928326338100383, -0.016095610997442326]}, {"color": "CVPurple", "id_name": "object168404743040946", "shape": "CVCone", "id_string": "ob13638", "world_size": [0.04, 0.04, 0.04], "id": 13638, "camera_size": [16, 16], "camera_position": [289, 242], "world_position": [0.7349870150162047, 0.6199765925628732, -0.06499646132252897], "world_orientation": [0.999999971023206, 0.0002279549585006244, -7.739589151556149e-05, -0.00022797858934303362, 0.9999999273621616, -0.0003054528351443258, 7.732625640537883e-05, 0.0003054704708994387, 0.9999999503542195], "world_rotation": [-0.7854057292581049, 0.19891148400797995, 0.5861502042806838, -0.00038892211928620796]}, {"color": "CVPurple", "id_name": "object160791799882685", "shape": "CVCylinder", "id_string": "ob13645", "world_size": [0.04, 0.04, 0.04], "id": 13645, "camera_size": [17, 16], "camera_position": [219, 224], "world_position": [0.7800003527976445, 0.6199888459413083, -0.24500014709740744], "world_orientation": [0.9999999998457159, 1.756607464677576e-05, 3.6869718150042676e-08, -1.7566074917474003e-05, 0.9999999998186694, 7.354906820712841e-06, -3.6740521296230954e-08, -7.3549074672343534e-06, 0.999999999972952], "world_rotation": [-0.3862118287381192, 0.0019326651332158707, -0.9224080919789467, 1.904371279473508e-05]}, {"color": "CVPurple", "id_name": "object12665141726091", "shape": "CVCone", "id_string": "ob13652", "world_size": [0.04, 0.04, 0.04], "id": 13652, "camera_size": [17, 18], "camera_position": [236, 215], "world_position": [0.8029819515774175, 0.6199874431860646, -0.20111090169597784], "world_orientation": [0.9991192685251804, -2.917072604347904e-10, -0.04196054410644071, 3.08808792330621e-10, 1.0, 4.010804585858973e-10, 0.04196054410644071, -4.136849993531306e-10, 0.9991192685251804], "world_rotation": [9.708709399385098e-09, 1.0, -7.15572290056691e-09, -0.041972867105149476]}, {"color": "CVGreen", "id_name": "object245617894539608", "shape": "CVSphere", "id_string": "ob13659", "world_size": [0.04, 0.04, 0.04], "id": 13659, "camera_size": [13, 18], "camera_position": [256, 16], "world_position": [1.5443274531620055, 0.019987443178870638, -0.15006428413797632], "world_orientation": [4.313292839216998e-10, 0.9883889836848544, -0.15194478250476615, -1.0, 4.819077107851011e-10, 2.9604825535489715e-10, 3.6583421014757533e-10, 0.15194478250476612, 0.9883889836848545], "world_rotation": [-0.07597367142040608, 0.07597367175135289, 0.9942112463915915, -1.5766018671077398]}, {"color": "CVPurple", "id_name": "object18028102535753", "shape": "CVSphere", "id_string": "ob13666", "world_size": [0.04, 0.04, 0.04], "id": 13666, "camera_size": [17, 17], "camera_position": [272, 225], "world_position": [0.7781759543939254, 0.6199782338909516, -0.10963709176888449], "world_orientation": [0.9998767553328112, 0.00039493183101807895, -0.01569452687973972, -0.00039293512940546406, 0.9999999143111291, 0.00013030624919584458, 0.015694576996979022, -0.0001241232586950801, 0.9998768248370911], "world_rotation": [0.008102845183116606, 0.9996523251495443, 0.025091287791750426, -0.015700655492145724]}, {"color": "CVBlue", "id_name": "object233518157083009", "shape": "CVCapsule", "id_string": "ob13673", "world_size": [0.04, 0.08, 0.04], "id": 13673, "camera_size": [17, 17], "camera_position": [290, 224], "world_position": [0.7799523002761892, 0.6399748863920421, -0.06501426705375644], "world_orientation": [0.9999998516256645, 4.619293429455017e-10, 0.0005447464079230159, -4.618163956151513e-10, 1.0, -2.0746507072640847e-10, -0.0005447464079230159, 2.0721346712127747e-10, 0.9999998516256645], "world_rotation": [3.806161287309577e-07, 0.9999999999995681, -8.478676730354857e-07, 0.0005447464348653816]}, {"color": "CVRed", "id_name": "object179980137865247", "shape": "CVCone", "id_string": "ob13680", "world_size": [0.04, 0.04, 0.04], "id": 13680, "camera_size": [22, 21], "camera_position": [173, 275], "world_position": [0.6524247136460171, 0.6194707670917572, -0.3604827295292321], "world_orientation": [-0.9298206308557012, 0.02687934424684019, 0.3670301013377049, -0.03403701197040611, -0.9993354722615457, -0.01304207406510502, 0.3664356372560296, -0.02461939748761355, 0.930117631816597], "world_rotation": [-0.18670211986642193, 0.009586646255165065, -0.9823697952659999, 3.1105828849028847]}, {"color": "CVGreen", "id_name": "object215827410950853", "shape": "CVBox", "id_string": "ob13687", "world_size": [0.04, 0.04, 0.04], "id": 13687, "camera_size": [20, 21], "camera_position": [265, 204], "world_position": [0.833825530786992, 0.619987443184414, -0.1259247516148658], "world_orientation": [-0.30547676226439385, 0.9521995314620058, -2.6443236489370754e-11, 5.554470772217713e-10, 1.5042311840574032e-10, -1.0, -0.9521995314620058, -0.30547676226439374, -5.748475029321299e-10], "world_rotation": [0.4583807137335173, 0.6284453523242816, -0.6284453519751425, 2.2819897870480936]}, {"color": "CVBlue", "id_name": "object157904389415192", "shape": "CVCylinder", "id_string": "ob13694", "world_size": [0.04, 0.04, 0.04], "id": 13694, "camera_size": [17, 17], "camera_position": [273, 280], "world_position": [0.6411426004586139, 0.6599697318311517, -0.10823793886321148], "world_orientation": [0.9998741164873823, -5.343239618833585e-05, 0.015866578823298255, 5.275190807365558e-05, 0.9999999976708845, 4.330666323017663e-05, -0.01586658110032195, -4.246421932775937e-05, 0.999874116977221], "world_rotation": [-0.002702853711817618, 0.9999907489505367, 0.0033461313717674922, 0.015867392570507004]}, {"color": "CVGreen", "id_name": "object153372013394969", "shape": "CVCone", "id_string": "ob13701", "world_size": [0.04, 0.04, 0.04], "id": 13701, "camera_size": [17, 17], "camera_position": [234, 235], "world_position": [0.7513646952336087, 0.6599707570372914, -0.2042381851675453], "world_orientation": [0.9996522811846149, 5.897993393077701e-05, 0.026368792990259855, -6.088332498196627e-05, 0.9999999955990134, 7.138062913290152e-05, -0.026368788664186356, -7.296122853810598e-05, 0.9996522803760529], "world_rotation": [-0.002736965550904937, 0.9999936716572259, -0.0022728099510199943, 0.026372014474665872]}, {"color": "CVPurple", "id_name": "object62932256341975", "shape": "CVCylinder", "id_string": "ob13708", "world_size": [0.04, 0.04, 0.04], "id": 13708, "camera_size": [19, 21], "camera_position": [273, 158], "world_position": [0.9506261045177976, 0.6199821035019172, -0.10639573482625202], "world_orientation": [9.67867987158311e-05, 0.21261732069188338, 0.9771355410454174, 0.9999999909484512, 7.074789374605929e-05, -0.00011444576597141601, -9.346343355892686e-05, 0.9771355432776665, -0.21261731191990524], "world_rotation": [0.6143959886175243, 0.6143827956449016, 0.49502661502817186, 2.2221014640262373]}, {"color": "CVRed", "id_name": "object51831837117738", "shape": "CVBox", "id_string": "ob13715", "world_size": [0.04, 0.04, 0.04], "id": 13715, "camera_size": [17, 17], "camera_position": [273, 257], "world_position": [0.6964922163080659, 0.6599693140872005, -0.10862922623664335], "world_orientation": [0.9988722208161211, -0.000315405235468066, 0.047478279259125324, 0.0003172288787716967, 0.999999949206283, -3.0875070055309384e-05, -0.047478267109368304, 4.590173108938238e-05, 0.9988722701353374], "world_rotation": [0.0008085284806427504, 0.9999774804072982, 0.0066622038371341044, 0.04749719920505326]}, {"color": "CVBlue", "id_name": "object31436439397937", "shape": "CVCone", "id_string": "ob13722", "world_size": [0.04, 0.04, 0.04], "id": 13722, "camera_size": [18, 17], "camera_position": [216, 241], "world_position": [0.7378199932448267, 0.6599618411142344, -0.2478780652387472], "world_orientation": [0.9985644954422807, 0.05356244108933851, 0.00011552772215093696, -0.00010909279054171009, -0.0001230625996677476, 0.9999999864771797, 0.05356245458216506, -0.998564494542114, -0.00011704266657837782], "world_rotation": [0.9992825912164629, 0.026723472808839584, 0.026835776358186524, -1.571634131804891]}, {"color": "CVYellow", "id_name": "object109440684269655", "shape": "CVCone", "id_string": "ob13736", "world_size": [0.04, 0.04, 0.04], "id": 13736, "camera_size": [17, 17], "camera_position": [273, 227], "world_position": [0.7724838310980175, 0.6599717900189203, -0.10736380922916669], "world_orientation": [-0.009346711384429142, 0.000509726836125997, -0.999956188622706, 4.278892252254237e-05, 0.9999998693662678, 0.0005093491491169554, 0.9999563176236272, -3.802630839021306e-05, -0.009346731974095447], "world_rotation": [0.000273699684549088, 0.999999935287981, 0.00023347915567734632, -1.5801432498893753]}, {"color": "CVBlue", "id_name": "object163427384517826", "shape": "CVCapsule", "id_string": "ob13743", "world_size": [0.04, 0.08, 0.04], "id": 13743, "camera_size": [19, 35], "camera_position": [216, 168], "world_position": [0.9236988617961575, 0.6199748863782019, -0.2528229306664734], "world_orientation": [5.737705865982436e-10, 0.9966608539959024, 0.08165256953800316, 1.0, -5.692030180526332e-10, -7.922190681242114e-11, -3.248050439719209e-11, 0.08165256953800318, -0.9966608539959024], "world_rotation": [0.7068113314815195, 0.7068113310769106, 0.028904739241292745, 3.083799266592901]}, {"color": "CVRed", "id_name": "object103607507989500", "shape": "CVCone", "id_string": "ob13750", "world_size": [0.04, 0.04, 0.04], "id": 13750, "camera_size": [20, 19], "camera_position": [291, 243], "world_position": [0.7325900182362514, 0.659970909854283, -0.06250233652731449], "world_orientation": [-0.00021644006038890046, -0.9806400366028267, -0.1958189770305906, -0.9999999295221256, 0.00015217787904719946, 0.0003432166038004475, -0.000306772626311888, 0.19581903751550772, -0.9806400004267907], "world_rotation": [-0.7053138284822658, 0.7054451070225957, 0.06985416472600449, -3.002571631477232]}, {"color": "CVBlue", "id_name": "object179069198064424", "shape": "CVCylinder", "id_string": "ob13757", "world_size": [0.04, 0.04, 0.04], "id": 13757, "camera_size": [13, 15], "camera_position": [247, 102], "world_position": [1.243798349630334, 0.019987443189027437, -0.18141478520142418], "world_orientation": [-0.9985474381656513, -5.648102580642659e-10, 0.053879622612030914, -5.636490848011584e-10, 1.0, 3.674688714714758e-11, -0.053879622612030914, 6.3243100466434955e-12, -0.9985474381656513], "world_rotation": [-2.823198792571995e-10, 1.0, 1.0775625429567885e-11, 3.0876869279828285]}, {"color": "CVBlue", "id_name": "object3349746589439", "shape": "CVBox", "id_string": "ob13764", "world_size": [0.04, 0.04, 0.04], "id": 13764, "camera_size": [23, 24], "camera_position": [286, 189], "world_position": [0.8690509084707192, 0.6199765393472089, -0.07448108735833558], "world_orientation": [-0.637110423521764, -0.7707724382277255, -0.0003958641256941453, 0.0005932292182599386, 2.3238424924576513e-05, -0.9999998237695196, 0.770772311593387, -0.6371105460816539, 0.0004424392882405037], "world_rotation": [-0.31568792821693203, 0.6708616061921414, -0.6710334099844816, -2.5292824179706437]}], "source": "manual check"}
