{"timestamp": 1721660635.342387, "objects": [{"color": "cv_", "id_name": "hand", "shape": "CVBox", "id_string": "ob383", "world_size": [0.005, 0.09, 0.5], "id": 383, "camera_size": [3, 208], "camera_position": [246, 271], "world_position": [0.6631804321313858, 0.6655582531065556, -0.17409672167677107], "world_orientation": [2.808989246353806e-07, -0.0016637575819708965, 0.999998615954357, -0.0007625240885664098, -0.9999983252336201, -0.00166375688408859, 0.9999997092784255, -0.000762522565851109, -1.549553687620641e-06], "world_rotation": [0.0, 1.0, 0.0, 0.0]}, {"color": "CVBlue", "id_name": "object137964982518035", "shape": "CVBox", "id_string": "ob2305", "world_size": [0.04, 0.04, 0.04], "id": 2305, "camera_size": [17, 18], "camera_position": [256, 219], "world_position": [0.7936790277900756, 0.6199829289318305, -0.1503491848012951], "world_orientation": [0.9977023939720009, -4.559263444743974e-06, -0.06774904458183598, -4.094144800738424e-05, 0.9999997745656518, -0.0006702182058335805, 0.06774903236457563, 0.0006714520524300796, 0.9977021688689491], "world_rotation": [-0.009901280320473925, 0.9999509450763421, 0.0002684938462391772, -0.06780430430441876]}, {"color": "CVPurple", "id_name": "object81833655397526", "shape": "CVCylinder", "id_string": "ob2312", "world_size": [0.04, 0.04, 0.04], "id": 2312, "camera_size": [17, 17], "camera_position": [219, 295], "world_position": [0.5998201360164856, 0.6199888630907058, -0.24483737468367525], "world_orientation": [0.9999596988552251, -5.628642749909246e-05, -0.008977610885197215, 5.631178058681886e-05, 0.999999998411186, 2.571257345439412e-06, 0.008977610726206573, -3.076698975186266e-06, 0.9999597004360639], "world_rotation": [0.0003145516725185878, 0.9999802880351043, -0.006270932823378456, -0.008977908382537174]}, {"color": "CVBlue", "id_name": "object100931744500334", "shape": "CVBox", "id_string": "ob2319", "world_size": [0.04, 0.04, 0.04], "id": 2319, "camera_size": [17, 18], "camera_position": [237, 294], "world_position": [0.6011085105620516, 0.6199874431846945, -0.19876506240723657], "world_orientation": [0.9969082232396393, -1.3739353872337476e-10, -0.0785747697240368, 9.259695607310618e-11, 1.0, -5.737576059779953e-10, 0.0785747697240368, 5.647078910451613e-10, 0.9969082232396393], "world_rotation": [-7.244472373393979e-09, 1.0, -1.4635136418740568e-09, -0.0786558485529518]}, {"color": "CVYellow", "id_name": "object80058625383058", "shape": "CVCylinder", "id_string": "ob2326", "world_size": [0.04, 0.04, 0.04], "id": 2326, "camera_size": [19, 19], "camera_position": [257, 283], "world_position": [0.6306271964421912, 0.6199874431888429, -0.14737284441880513], "world_orientation": [-3.930600463164514e-10, 0.9789095423288233, -0.20429417010177758, -1.0, -3.1719285011055925e-10, 4.0410814972080544e-10, 3.307846635491885e-10, 0.20429417010177764, 0.9789095423288232], "world_rotation": [-0.10215276479540178, 0.10215276516286861, 0.9895097903579505, -1.5813417514369066]}, {"color": "CVPurple", "id_name": "object142435416381004", "shape": "CVCylinder", "id_string": "ob2333", "world_size": [0.04, 0.04, 0.04], "id": 2333, "camera_size": [16, 17], "camera_position": [272, 295], "world_position": [0.599748180035149, 0.6199874431894293, -0.10857253245788832], "world_orientation": [0.999533117136314, -2.5358863981946544e-12, -0.030554013611368083, 1.9481365891549837e-11, 1.0, 5.54309629919081e-10, 0.030554013611368083, -5.54646066170314e-10, 0.999533117136314], "world_rotation": [1.8147463541038535e-08, 0.9999999999999998, -3.603004922658121e-10, -0.030558769548023394]}, {"color": "CVRed", "id_name": "object100250979763935", "shape": "CVCone", "id_string": "ob2340", "world_size": [0.04, 0.04, 0.04], "id": 2340, "camera_size": [16, 17], "camera_position": [289, 295], "world_position": [0.6, 0.6199874431539305, -0.065], "world_orientation": [1.0, 2.049142105997599e-16, 5.802954297681148e-18, -2.049142105997599e-16, 1.0, 6.179952383167331e-17, -5.802954297681148e-18, -6.179952383167331e-17, 1.0], "world_rotation": [-0.28863572672225335, 0.027102796704540077, -0.9570553043948448, 2.1410905896324258e-16]}, {"color": "CVPurple", "id_name": "object211118915804136", "shape": "CVBox", "id_string": "ob2347", "world_size": [0.04, 0.04, 0.04], "id": 2347, "camera_size": [18, 18], "camera_position": [216, 278], "world_position": [0.6427779494965125, 0.6199874432016309, -0.25163772855398253], "world_orientation": [0.9946331932552274, 1.4077984990644498e-10, 0.10346405595620896, -1.3132956393867485e-10, 1.0, -9.815105606919573e-11, -0.10346405595620896, 8.403640896742146e-11, 0.9946331932552274], "world_rotation": [8.804384447953975e-10, 1.0, -1.3149949097312105e-09, 0.10364954474145562]}, {"color": "CVPurple", "id_name": "object121033158634351", "shape": "CVSphere", "id_string": "ob2354", "world_size": [0.04, 0.04, 0.04], "id": 2354, "camera_size": [17, 17], "camera_position": [233, 276], "world_position": [0.6484463403676722, 0.6199876367714372, -0.20842260685525815], "world_orientation": [0.9990970396254906, 0.00019894711317764045, 0.0424860663232909, -0.0002039210738796853, 0.9999999728530649, 0.00011273892520811198, -0.04248604274084069, -0.00012130093069555339, 0.9990970530725771], "world_rotation": [-0.0027542724354036436, 0.999984967815836, -0.0047411101772758075, 0.042499485850997616]}, {"color": "CVRed", "id_name": "object198252560213067", "shape": "CVCone", "id_string": "ob2361", "world_size": [0.04, 0.04, 0.04], "id": 2361, "camera_size": [17, 23], "camera_position": [261, 258], "world_position": [0.694874968183371, 0.6265633529339101, -0.13768627821380575], "world_orientation": [0.42236617473702076, 0.9033389798766571, -0.07473621527356988, -0.9058723965751525, 0.42355070667298694, 5.821419536700123e-08, 0.03165462938033687, 0.06770144985311825, 0.9972033384052519], "world_rotation": [-0.03732981766484384, 0.058662765062804725, 0.9975796533151102, -1.135631237777376]}, {"color": "CVGreen", "id_name": "object68570366423940", "shape": "CVBox", "id_string": "ob2368", "world_size": [0.04, 0.04, 0.04], "id": 2368, "camera_size": [18, 18], "camera_position": [274, 278], "world_position": [0.6428663437388221, 0.6199769975912055, -0.10224433029987359], "world_orientation": [0.9890986305114272, -0.000893258140837987, -0.1472518292256945, 0.0009760670992604028, 0.9999994035443251, 0.0004901061229331935, 0.14725130360522112, -0.0006284909608115987, 0.9890989124378184], "world_rotation": [0.003798147991331019, 0.9999726431055449, -0.006347212958981692, -0.14779304280689012]}, {"color": "CVRed", "id_name": "object263977214992521", "shape": "CVBox", "id_string": "ob2375", "world_size": [0.04, 0.04, 0.04], "id": 2375, "camera_size": [17, 17], "camera_position": [291, 277], "world_position": [0.6459943112830663, 0.6199874318245516, -0.06036113641496919], "world_orientation": [0.9980198397073915, -7.138705644322704e-06, -0.0628999165299274, -1.2874975420716843e-06, 0.9999999910316817, -0.0001339215397345506, 0.06289991692184738, 0.00013373733710717205, 0.9980198307476407], "world_rotation": [-0.002127652027625419, 0.9999977354641804, -4.651194434389878e-05, -0.0629416096657969]}, {"color": "CVGreen", "id_name": "object111520233389444", "shape": "CVSphere", "id_string": "ob2382", "world_size": [0.04, 0.04, 0.04], "id": 2382, "camera_size": [17, 16], "camera_position": [218, 260], "world_position": [0.6892813201953579, 0.6199810775627422, -0.24758865957703702], "world_orientation": [0.9999705319133311, 0.0003223580357201874, 0.0076701623363888746, -0.0003233460051992766, 0.9999999395869928, 0.00012756712605176232, -0.007670120750723125, -0.00013004348324333363, 0.9999705757352872], "world_rotation": [-0.016775862666980286, 0.9989747046760714, -0.042048898310592046, 0.007678089216089082]}, {"color": "CVYellow", "id_name": "object102536606370774", "shape": "CVCone", "id_string": "ob2389", "world_size": [0.04, 0.04, 0.04], "id": 2389, "camera_size": [18, 18], "camera_position": [235, 258], "world_position": [0.6942217161443415, 0.6199746754921944, -0.2021818458303716], "world_orientation": [0.993340856985247, 0.0006723777244305486, 0.1152106321135806, -0.0006919460647980802, 0.99999975217406, 0.00012985554303215842, -0.11521051624942286, -0.0002087103599137407, 0.9933410760587358], "world_rotation": [-0.0014693078534252604, 0.9999813919215838, -0.005920890558340895, 0.1154691410978566]}, {"color": "CVRed", "id_name": "object186744190308344", "shape": "CVSphere", "id_string": "ob2396", "world_size": [0.04, 0.04, 0.04], "id": 2396, "camera_size": [16, 16], "camera_position": [255, 235], "world_position": [0.7522081226360277, 0.6199843736621897, -0.15109456106015398], "world_orientation": [0.9998423621112223, -0.00011867280781563404, -0.017754910436721495, 0.0001133695180484586, 0.999999948663489, -0.0002997004702089617, 0.017754945091542636, 0.00029764036042036717, 0.9998423242366831], "world_rotation": [-0.016819093630202963, 0.9998372023148465, -0.0065335255933643525, -0.017758752120498402]}, {"color": "CVRed", "id_name": "object184514932724274", "shape": "CVCapsule", "id_string": "ob2403", "world_size": [0.04, 0.08, 0.04], "id": 2403, "camera_size": [18, 17], "camera_position": [277, 258], "world_position": [0.6955233851509983, 0.6399618037399694, -0.09709154997320457], "world_orientation": [0.9983122899387592, 0.00041022971448517764, -0.05807239851093226, -0.00043446832891745884, 0.9999998237029695, -0.0004047607949262136, 0.05807222222803552, 0.0004293082939974944, 0.9983122921710853], "world_rotation": [-0.007180922556591517, 0.9999477716737546, 0.007272432600524703, -0.0581080387537043]}, {"color": "CVGreen", "id_name": "object160329792817491", "shape": "CVSphere", "id_string": "ob2410", "world_size": [0.04, 0.04, 0.04], "id": 2410, "camera_size": [17, 16], "camera_position": [293, 260], "world_position": [0.6887903561257455, 0.6199874431626589, -0.05531128271982788], "world_orientation": [0.998758515448962, -2.154495974736752e-10, -0.04981393196873397, 2.440253323423857e-10, 1.0, 5.675677480406965e-10, 0.04981393196873397, -5.790189827537873e-10, 0.998758515448962], "world_rotation": [1.1508695313533432e-08, 0.9999999999999999, -4.611911885458603e-09, -0.04983455662016038]}, {"color": "CVGreen", "id_name": "object147729081869616", "shape": "CVBox", "id_string": "ob2417", "world_size": [0.04, 0.04, 0.04], "id": 2417, "camera_size": [17, 16], "camera_position": [220, 241], "world_position": [0.7362475548139469, 0.6199811438206758, -0.2424586937434602], "world_orientation": [0.999878782630524, 9.633886798858979e-05, -0.015569546047464543, -0.0001036029158846156, 0.9999998861721493, -0.0004657489927470441, 0.01556949940548585, 0.0004673055862488248, 0.9998786787974588], "world_rotation": [-0.02995007612847095, 0.9995307915293029, 0.00641792214846555, -0.015577461497597023]}, {"color": "CVRed", "id_name": "object235924921590653", "shape": "CVCylinder", "id_string": "ob2424", "world_size": [0.04, 0.04, 0.04], "id": 2424, "camera_size": [16, 16], "camera_position": [236, 241], "world_position": [0.7365750018746339, 0.6199721659130908, -0.19989739499027312], "world_orientation": [0.9999013538671683, -8.318208962550991e-05, 0.014045483805976828, 8.787135037131864e-05, 0.9999999406129525, -0.00033324573090572865, -0.014045455251780758, 0.0003344470531317416, 0.9999013017953017], "world_rotation": [0.023761821680960367, 0.999699114171798, 0.00608744236315035, 0.01405015914556109]}, {"color": "CVRed", "id_name": "object32540873729756", "shape": "CVCone", "id_string": "ob2431", "world_size": [0.04, 0.04, 0.04], "id": 2431, "camera_size": [20, 21], "camera_position": [257, 195], "world_position": [0.8559158450661976, 0.6199868723698589, -0.1468230032755871], "world_orientation": [0.9622677011821806, 0.000786134727843503, -0.2721033870677674, -0.0006995108898373753, 0.9999996690850174, 0.00041534849309274996, 0.2721036235445543, -0.00020933715722230557, 0.962267932663184], "world_rotation": [0.0011478773681005687, 0.9999956149600938, 0.00272991540736304, -0.27557958497082663]}, {"color": "CVBlue", "id_name": "object248781649667501", "shape": "CVCone", "id_string": "ob2438", "world_size": [0.04, 0.04, 0.04], "id": 2438, "camera_size": [17, 17], "camera_position": [272, 240], "world_position": [0.7398707289723443, 0.6199769240957205, -0.10906143290434618], "world_orientation": [0.998641835025777, 0.0002972536254906476, -0.05209987501550364, -0.0002904488710060958, 0.999999948272721, 0.0001381810722135432, 0.052099913395343554, -0.00012286104964335086, 0.998641869705732], "world_rotation": [0.0025051600850322523, 0.9999809568616818, 0.005640043168606224, -0.05212448653925142]}, {"color": "CVPurple", "id_name": "object22899750569185", "shape": "CVBox", "id_string": "ob2445", "world_size": [0.04, 0.04, 0.04], "id": 2445, "camera_size": [16, 16], "camera_position": [289, 242], "world_position": [0.7349461501659762, 0.6199848070079642, -0.06482131597277291], "world_orientation": [0.9999731727041334, 0.000594026185470818, 0.007300753722754384, -0.0005938457581886136, 0.9999998233122908, -2.6881279438405618e-05, -0.007300768400984817, 2.254503665653562e-05, 0.9999733487810946], "world_rotation": [0.003373845884315075, 0.9967015390603853, -0.08108427220249392, 0.007324987535140208]}, {"color": "CVBlue", "id_name": "object66079795513858", "shape": "CVCapsule", "id_string": "ob2452", "world_size": [0.04, 0.08, 0.04], "id": 2452, "camera_size": [18, 17], "camera_position": [218, 224], "world_position": [0.7799934128119308, 0.6399747283120307, -0.24504698890886212], "world_orientation": [0.9999999989639519, 2.5515216877363964e-05, -3.7697083245056324e-05, -2.5472782088540254e-05, 0.9999993665812741, 0.0011252502779433434, 3.7725770371900524e-05, -0.001125249316527943, 0.9999993661951702], "world_rotation": [0.9991827606045718, 0.033486437977950485, 0.022637786600634393, -0.0011261703858924967]}, {"color": "CVYellow", "id_name": "object257403272751879", "shape": "CVCylinder", "id_string": "ob2459", "world_size": [0.04, 0.04, 0.04], "id": 2459, "camera_size": [17, 17], "camera_position": [236, 224], "world_position": [0.7813315306421545, 0.61997798369915, -0.20027592056991564], "world_orientation": [0.9997393722507132, 1.237244007212515e-05, 0.022829529532441266, -4.343656214788301e-06, 0.9999999381322623, -0.00035173371215619883, -0.022829532471834196, 0.00035154287696261704, 0.9997393104528416], "world_rotation": [0.015400954406505303, 0.9998813312593338, -0.00036606342476446706, 0.02283422472468157]}, {"color": "CVPurple", "id_name": "object271800941223953", "shape": "CVCylinder", "id_string": "ob2466", "world_size": [0.04, 0.04, 0.04], "id": 2466, "camera_size": [22, 24], "camera_position": [254, 168], "world_position": [0.9235088943251166, 0.6199908453661872, -0.15454047413312694], "world_orientation": [0.5777677701675066, -6.190962425137235e-05, -0.8162012006379713, -0.00177194323827471, 0.9999975454379035, -0.0013301636472515834, 0.8161992795713726, 0.002214787882972578, 0.5777662423002973], "world_rotation": [-0.002171612462324199, 0.9999970933601051, 0.0010475546070362063, -0.9548076330574166]}, {"color": "CVYellow", "id_name": "object158179423413551", "shape": "CVSphere", "id_string": "ob2473", "world_size": [0.04, 0.04, 0.04], "id": 2473, "camera_size": [16, 17], "camera_position": [271, 224], "world_position": [0.7810637745112864, 0.6199824393240625, -0.10985268295932524], "world_orientation": [0.9999649231928283, 1.909151604617527e-06, -0.008375701780529562, 9.304919683599044e-08, 0.9999999714279444, 0.0002390483252033313, 0.00837570199759804, -0.00023904071950364705, 0.9999648946215972], "world_rotation": [0.028528620916881305, 0.9995929701855394, 0.00010837081023178399, -0.008379210489660257]}, {"color": "CVPurple", "id_name": "object185997438845495", "shape": "CVBox", "id_string": "ob2480", "world_size": [0.04, 0.04, 0.04], "id": 2480, "camera_size": [16, 16], "camera_position": [289, 224], "world_position": [0.78, 0.6199874431539305, -0.065], "world_orientation": [1.0, 4.228388472693457e-17, -1.6957377686420176e-17, -4.228388472693457e-17, 1.0, 1.0733601507606494e-16, 1.6957377686420176e-17, -1.0733601507606494e-16, 1.0], "world_rotation": [0.92051720276698, 0.14542702990328832, 0.3626279889688094, -1.1660402951017529e-16]}, {"color": "CVGreen", "id_name": "object250356707004640", "shape": "CVSphere", "id_string": "ob2487", "world_size": [0.04, 0.04, 0.04], "id": 2487, "camera_size": [19, 19], "camera_position": [231, 271], "world_position": [0.6619215497084573, 0.6599898384383285, -0.2125087981677076], "world_orientation": [0.9871365976871029, 0.001003826129404349, 0.15987598268605793, -0.0010251860175531004, 0.9999994731899923, 5.1121104294378825e-05, -0.15987584714508998, -0.00021436613495546823, 0.9871371067621763], "world_rotation": [-0.000830274538015692, 0.9999795227178003, -0.00634545422108944, 0.16056826625061263]}, {"color": "CVGreen", "id_name": "object45965903851279", "shape": "CVBox", "id_string": "ob2494", "world_size": [0.04, 0.04, 0.04], "id": 2494, "camera_size": [21, 21], "camera_position": [258, 226], "world_position": [0.7746064321553576, 0.659979238058716, -0.14470638760757146], "world_orientation": [0.9506485377449908, 0.00013975213003656134, 0.3102697828546199, -3.473659313894323e-05, 0.9999999402319812, -0.0003439904112740613, -0.31026981238380236, 0.00031623626626565526, 0.950648485781124], "world_rotation": [0.001063955117153153, 0.9999993944660759, -0.00028118853149027777, 0.31547702068186323]}, {"color": "CVGreen", "id_name": "object259027983674180", "shape": "CVBox", "id_string": "ob2501", "world_size": [0.04, 0.04, 0.04], "id": 2501, "camera_size": [19, 19], "camera_position": [277, 276], "world_position": [0.6515827168470821, 0.6602029631108117, -0.09871829006142076], "world_orientation": [0.988919451715322, -0.012765452219295273, -0.1479032158159654, 0.013029891054846171, 0.9999147718699655, 0.0008191064239334341, 0.14788015403753813, -0.0027371930643961878, 0.9890015004113807], "world_rotation": [0.011977002235141804, 0.9961472855361596, -0.08687425934303272, -0.14901454742681736]}, {"color": "CVBlue", "id_name": "object156951737310089", "shape": "CVSphere", "id_string": "ob2508", "world_size": [0.04, 0.04, 0.04], "id": 2508, "camera_size": [17, 17], "camera_position": [233, 254], "world_position": [0.7043774595592183, 0.6599720815364074, -0.20755071916469786], "world_orientation": [0.9992233011887207, 0.0006312474984802415, 0.03940045543024564, -0.0006171991385065598, 0.9999997415568682, -0.00036871590723161924, -0.03940067799846263, 0.0003441115988764589, 0.9992234325517338], "world_rotation": [0.00904439923407131, 0.9998336269567298, -0.015840367705494143, 0.03941732949178533]}, {"color": "CVYellow", "id_name": "object174805580620186", "shape": "CVCone", "id_string": "ob2515", "world_size": [0.04, 0.04, 0.04], "id": 2515, "camera_size": [19, 20], "camera_position": [276, 197], "world_position": [0.8498397962502948, 0.6199874516975421, -0.09980254266248854], "world_orientation": [0.9804237689330597, 0.19689903270490686, 6.504588076383656e-05, 0.00010833980981178606, -0.00020910740462030437, -0.9999999722682892, -0.19689901364298448, 0.9804237487912896, -0.00022634587350502637], "world_rotation": [0.9902614327118896, 0.09848695998873525, -0.09840027233485138, 1.5808023359338979]}, {"color": "CVBlue", "id_name": "object11661838626166", "shape": "CVCone", "id_string": "ob2522", "world_size": [0.04, 0.04, 0.04], "id": 2522, "camera_size": [20, 20], "camera_position": [277, 258], "world_position": [0.6933033090336422, 0.6999563480914781, -0.09856309682541105], "world_orientation": [0.9738579500715985, 0.00031376877612897665, -0.22715764268784686, -0.0004178699108395401, 0.9999998285654852, -0.00041018744219255, 0.22715747504117487, 0.0004943866454952396, 0.9738579142332638], "world_rotation": [-0.0019910654221793585, 0.9999967211041855, 0.0016104158973593216, -0.22915870644737976]}, {"color": "CVYellow", "id_name": "object13843925385759", "shape": "CVBox", "id_string": "ob2529", "world_size": [0.04, 0.04, 0.04], "id": 2529, "camera_size": [17, 17], "camera_position": [234, 238], "world_position": [0.7447184580935288, 0.6599702118658327, -0.2045619855376958], "world_orientation": [0.9996461541405606, 4.219292403998632e-06, 0.026600122070857803, 3.5260664971809494e-06, 0.9999999576152527, -0.0002911306578852199, -0.02660012217178373, 0.00029112143630662633, 0.9996461117559331], "world_rotation": [0.010943882563655907, 0.9999401138391534, -1.3029721988079082e-05, 0.026604853651612453]}, {"color": "CVYellow", "id_name": "object95068860770091", "shape": "CVCylinder", "id_string": "ob2536", "world_size": [0.04, 0.04, 0.04], "id": 2536, "camera_size": [22, 24], "camera_position": [258, 173], "world_position": [0.9043160262726727, 0.6599516283761193, -0.14449596342062654], "world_orientation": [0.4598003364611991, -0.000508678110126226, -0.8880221798112639, -0.002088345789417747, 0.9999964513372741, -0.001654123551207898, 0.8880198699364966, 0.002615063945512207, 0.45979764248909427], "world_rotation": [-0.0024037569802347666, 0.9999967154292301, 0.0008894285419568666, -1.0930294969473244]}, {"color": "CVYellow", "id_name": "object188125162064721", "shape": "CVCone", "id_string": "ob2543", "world_size": [0.04, 0.04, 0.04], "id": 2543, "camera_size": [17, 17], "camera_position": [274, 240], "world_position": [0.7395855078828811, 0.6599710885558489, -0.10460590335114328], "world_orientation": [0.9998661190747213, 0.00038726004879134147, 0.016358299303706823, -0.00039131751106520987, 0.9999998934627691, 0.0002448367954799443, -0.016358202745429547, -0.0002512053054720117, 0.999866164093392], "world_rotation": [-0.015155799381565967, 0.9996021316975423, -0.023788233453430077, 0.01636549256141066]}, {"color": "CVYellow", "id_name": "object96633987438879", "shape": "CVCylinder", "id_string": "ob2550", "world_size": [0.04, 0.04, 0.04], "id": 2550, "camera_size": [18, 18], "camera_position": [235, 257], "world_position": [0.6967252599729133, 0.6999630262913596, -0.200270056249791], "world_orientation": [0.997235616840466, 0.07430189515242605, 0.0005940383602144397, -0.000625706775661046, 0.00040293570736837567, 0.999999723066885, 0.0743016352165039, -0.9972357123667271, 0.0004483130379258812], "world_rotation": [0.9986181745951219, 0.03685381528915276, 0.03746381810413429, -1.5717528941478964]}, {"color": "CVYellow", "id_name": "object153790282958911", "shape": "CVCapsule", "id_string": "ob2557", "world_size": [0.04, 0.08, 0.04], "id": 2557, "camera_size": [34, 33], "camera_position": [271, 323], "world_position": [0.5287326199835767, 0.6199748863763505, -0.1107341113618131], "world_orientation": [-0.7775166746314528, 0.6288623225079141, 6.121748108434134e-10, -4.697905953143788e-10, 3.926211578075823e-10, -1.0, -0.628862322507914, -0.7775166746314528, -9.836242931271501e-12], "world_rotation": [0.2426864551913924, 0.6859676685820245, -0.6859676684267108, 2.6654255115814847]}, {"color": "CVBlue", "id_name": "object205659171014495", "shape": "CVCylinder", "id_string": "ob2564", "world_size": [0.04, 0.04, 0.04], "id": 2564, "camera_size": [19, 16], "camera_position": [166, 244], "world_position": [0.728929551943988, 0.6199874431353398, -0.38000319186833487], "world_orientation": [0.9982638701473394, 2.42139302524885e-10, -0.05890030185369162, 2.732172072386653e-10, -1.0, 5.195824673369583e-10, -0.05890030185369159, -5.347729806824755e-10, -0.9982638701473395], "world_rotation": [0.9995658733038407, 1.28895084237959e-10, -0.029462941576331468, -3.1415926530623866]}, {"color": "CVRed", "id_name": "object185369638603579", "shape": "CVSphere", "id_string": "ob2571", "world_size": [0.04, 0.04, 0.04], "id": 2571, "camera_size": [23, 23], "camera_position": [325, 160], "world_position": [0.9454201676960526, 0.619987443184705, 0.026741826260303688], "world_orientation": [4.902633854442229e-10, 0.8873314302081184, -0.46113222937115894, 1.0, -2.8472535440471347e-10, 5.152915871775576e-10, 3.259383318798825e-10, -0.46113222937115894, -0.8873314302081184], "world_rotation": [0.6967842115424087, 0.6967842112562904, -0.17024548595828654, -2.8043351766791855]}], "source": "manual check"}
