{"timestamp": 1706067185.316721, "objects": [{"color": "cv_", "id_name": "hand", "shape": "CVCylinder", "id_string": "ob383", "world_size": [0.12, 0.005, 0.12], "id": 383, "camera_size": [48, 50], "camera_position": [246, 426], "world_position": [0.26764451554013896, 0.6334703013847385, -0.17389260400847492], "world_orientation": [-0.0006415490602854976, 0.19791547486641, 0.9802188802625702, -0.0007473671029442103, -0.9802189031249682, 0.19791499033397603, 0.9999995149284907, -0.0006056111687281616, 0.0007767740312530708], "world_rotation": [0.0, 1.0, 0.0, 0.0]}, {"color": "CVPurple", "id_name": "object78108939281445", "shape": "CVSphere", "id_string": "ob436", "world_size": [0.1, 0.1, 0.1], "id": 436, "camera_size": [41, 41], "camera_position": [256, 254], "world_position": [0.705, 0.6498037932383656, -0.15], "world_orientation": [1.0, 2.1316282072802963e-17, -9.624447840080312e-18, -2.1316282072802963e-17, 1.0, -1.5774048733874193e-16, 9.624447840080312e-18, 1.5774048733874193e-16, 1.0], "world_rotation": [-0.9891858493133231, 0.06035462278252622, 0.13367376342071935, -1.5946496550495827e-16]}], "source": "manual check"}
{"timestamp": 1706067186.329835, "objects": [{"color": "cv_", "id_name": "hand", "shape": "CVCylinder", "id_string": "ob383", "world_size": [0.12, 0.005, 0.12], "id": 383, "camera_size": [48, 50], "camera_position": [246, 426], "world_position": [0.26764451554013896, 0.6334703013847385, -0.17389260400847492], "world_orientation": [-0.0006415490602854976, 0.19791547486641, 0.9802188802625702, -0.0007473671029442103, -0.9802189031249682, 0.19791499033397603, 0.9999995149284907, -0.0006056111687281616, 0.0007767740312530708], "world_rotation": [0.0, 1.0, 0.0, 0.0]}, {"color": "CVPurple", "id_name": "object78108939281445", "shape": "CVSphere", "id_string": "ob436", "world_size": [0.1, 0.1, 0.1], "id": 436, "camera_size": [41, 41], "camera_position": [256, 254], "world_position": [0.705, 0.6498037994254439, -0.15], "world_orientation": [1.0, 8.100187187665134e-17, -1.2653630886983698e-17, -8.100187187665134e-17, 1.0, -1.9397816686250694e-16, 1.2653630886983698e-17, 1.9397816686250694e-16, 1.0], "world_rotation": [-0.9211093596285536, 0.06008602943210125, 0.38463907325148433, -2.1059189642881336e-16]}], "source": "manual check"}
{"timestamp": 1706067187.219556, "objects": [{"color": "cv_", "id_name": "hand", "shape": "CVCylinder", "id_string": "ob383", "world_size": [0.12, 0.005, 0.12], "id": 383, "camera_size": [48, 50], "camera_position": [246, 426], "world_position": [0.26764451554013896, 0.6334703013847385, -0.17389260400847492], "world_orientation": [-0.0006415490602854976, 0.19791547486641, 0.9802188802625702, -0.0007473671029442103, -0.9802189031249682, 0.19791499033397603, 0.9999995149284907, -0.0006056111687281616, 0.0007767740312530708], "world_rotation": [0.0, 1.0, 0.0, 0.0]}, {"color": "CVPurple", "id_name": "object78108939281445", "shape": "CVSphere", "id_string": "ob436", "world_size": [0.1, 0.1, 0.1], "id": 436, "camera_size": [41, 41], "camera_position": [256, 254], "world_position": [0.705, 0.6498037994254439, -0.15], "world_orientation": [1.0, 8.100187187665134e-17, -1.2653630886983698e-17, -8.100187187665134e-17, 1.0, -1.9397816686250694e-16, 1.2653630886983698e-17, 1.9397816686250694e-16, 1.0], "world_rotation": [-0.9211093596285536, 0.06008602943210125, 0.38463907325148433, -2.1059189642881336e-16]}], "source": "action wait"}
{"timestamp": 1706067187.250343, "objects": [{"color": "cv_", "id_name": "hand", "shape": "CVCylinder", "id_string": "ob383", "world_size": [0.12, 0.005, 0.12], "id": 383, "camera_size": [48, 50], "camera_position": [246, 444], "world_position": [0.2251272435852387, 0.6422788433564, -0.17397258142868], "world_orientation": [-0.0005240272218219972, 0.08819722263029513, 0.9961028939400652, -0.0007623394296777407, -0.9961027764924557, 0.08819681118167001, 0.9999995721169408, -0.0007131509821298456, 0.0005892211910140546], "world_rotation": [0.0, 1.0, 0.0, 0.0]}, {"color": "CVPurple", "id_name": "object78108939281445", "shape": "CVSphere", "id_string": "ob436", "world_size": [0.1, 0.1, 0.1], "id": 436, "camera_size": [41, 41], "camera_position": [256, 254], "world_position": [0.705, 0.6498037994254439, -0.15], "world_orientation": [1.0, 8.100187187665134e-17, -1.2653630886983698e-17, -8.100187187665134e-17, 1.0, -1.9397816686250694e-16, 1.2653630886983698e-17, 1.9397816686250694e-16, 1.0], "world_rotation": [-0.9211093596285536, 0.06008602943210125, 0.38463907325148433, -2.1059189642881336e-16]}], "source": "action wait"}
{"timestamp": 1706067187.280999, "objects": [{"color": "cv_", "id_name": "hand", "shape": "CVCylinder", "id_string": "ob383", "world_size": [0.12, 0.005, 0.12], "id": 383, "camera_size": [48, 49], "camera_position": [246, 471], "world_position": [0.16390873071227346, 0.6585635111061613, -0.1740385704128575], "world_orientation": [-0.00037900744654614907, 0.06114464666864285, 0.9981288436555285, -0.0007690022726516342, -0.9981286380364524, 0.06114434206859549, 0.9999996324943625, -0.0007443891882124209, 0.00042531855867583487], "world_rotation": [0.0, 1.0, 0.0, 0.0]}, {"color": "CVPurple", "id_name": "object78108939281445", "shape": "CVSphere", "id_string": "ob436", "world_size": [0.1, 0.1, 0.1], "id": 436, "camera_size": [41, 41], "camera_position": [256, 254], "world_position": [0.705, 0.6498037994254439, -0.15], "world_orientation": [1.0, 8.100187187665134e-17, -1.2653630886983698e-17, -8.100187187665134e-17, 1.0, -1.9397816686250694e-16, 1.2653630886983698e-17, 1.9397816686250694e-16, 1.0], "world_rotation": [-0.9211093596285536, 0.06008602943210125, 0.38463907325148433, -2.1059189642881336e-16]}], "source": "action wait"}
{"timestamp": 1706067187.312954, "objects": [{"color": "cv_", "id_name": "hand", "shape": "CVCylinder", "id_string": "ob383", "world_size": [0.12, 0.005, 0.12], "id": 383, "camera_size": [48, 46], "camera_position": [246, 488], "world_position": [0.11779436046192727, 0.6656957114662392, -0.17407775804813566], "world_orientation": [-0.00025782855121686684, 0.042801106211785726, 0.9990835795024786, -0.0007698661744861724, -0.9990833251300845, 0.042800896638828925, 0.9999996704152014, -0.0007581253601726885, 0.0002905433301666424], "world_rotation": [0.0, 1.0, 0.0, 0.0]}, {"color": "CVPurple", "id_name": "object78108939281445", "shape": "CVSphere", "id_string": "ob436", "world_size": [0.1, 0.1, 0.1], "id": 436, "camera_size": [41, 41], "camera_position": [256, 254], "world_position": [0.705, 0.6498037994254439, -0.15], "world_orientation": [1.0, 8.100187187665134e-17, -1.2653630886983698e-17, -8.100187187665134e-17, 1.0, -1.9397816686250694e-16, 1.2653630886983698e-17, 1.9397816686250694e-16, 1.0], "world_rotation": [-0.9211093596285536, 0.06008602943210125, 0.38463907325148433, -2.1059189642881336e-16]}], "source": "action wait"}
{"timestamp": 1706067187.345419, "objects": [{"color": "cv_", "id_name": "hand", "shape": "CVCylinder", "id_string": "ob383", "world_size": [0.12, 0.005, 0.12], "id": 383, "camera_size": [49, 34], "camera_position": [246, 494], "world_position": [0.08440722961218115, 0.6684077429233672, -0.17409651712932195], "world_orientation": [-0.00017520176192761285, 0.02981974388077923, 0.9995552772004295, -0.0007680832489985113, -0.999555001709449, 0.02981960103264295, 0.9999996896761846, -0.0007625172182251676, 0.00019802784320768088], "world_rotation": [0.0, 1.0, 0.0, 0.0]}, {"color": "CVPurple", "id_name": "object78108939281445", "shape": "CVSphere", "id_string": "ob436", "world_size": [0.1, 0.1, 0.1], "id": 436, "camera_size": [41, 41], "camera_position": [256, 254], "world_position": [0.705, 0.6498037994254439, -0.15], "world_orientation": [1.0, 8.100187187665134e-17, -1.2653630886983698e-17, -8.100187187665134e-17, 1.0, -1.9397816686250694e-16, 1.2653630886983698e-17, 1.9397816686250694e-16, 1.0], "world_rotation": [-0.9211093596285536, 0.06008602943210125, 0.38463907325148433, -2.1059189642881336e-16]}], "source": "action wait"}
{"timestamp": 1706067187.379951, "objects": [{"color": "cv_", "id_name": "hand", "shape": "CVCylinder", "id_string": "ob383", "world_size": [0.12, 0.005, 0.12], "id": 383, "camera_size": [49, 26], "camera_position": [246, 498], "world_position": [0.060524747837989445, 0.6691591029104416, -0.17410506762149744], "world_orientation": [-0.0001192517379833452, 0.02063708750211799, 0.9997870255201621, -0.0007660141857306211, -0.9997867411878724, 0.020636990265095828, 0.9999996995006001, -0.0007633900473023688, 0.00013503460827851672], "world_rotation": [0.0, 1.0, 0.0, 0.0]}, {"color": "CVPurple", "id_name": "object78108939281445", "shape": "CVSphere", "id_string": "ob436", "world_size": [0.1, 0.1, 0.1], "id": 436, "camera_size": [41, 41], "camera_position": [256, 254], "world_position": [0.705, 0.6498037994254439, -0.15], "world_orientation": [1.0, 8.100187187665134e-17, -1.2653630886983698e-17, -8.100187187665134e-17, 1.0, -1.9397816686250694e-16, 1.2653630886983698e-17, 1.9397816686250694e-16, 1.0], "world_rotation": [-0.9211093596285536, 0.06008602943210125, 0.38463907325148433, -2.1059189642881336e-16]}], "source": "action wait"}
{"timestamp": 1706067187.415344, "objects": [{"color": "cv_", "id_name": "hand", "shape": "CVCylinder", "id_string": "ob383", "world_size": [0.12, 0.005, 0.12], "id": 383, "camera_size": [49, 20], "camera_position": [246, 501], "world_position": [0.04355283989370954, 0.6691189115311648, -0.17410866762961313], "world_orientation": [-8.148687364857125e-05, 0.014143367549316084, 0.9998999742545525, -0.0007644082176784742, -0.9998996863244715, 0.014143301181141038, 0.9999997045199395, -0.0007631792637807164, 9.229000578148191e-05], "world_rotation": [0.0, 1.0, 0.0, 0.0]}, {"color": "CVPurple", "id_name": "object78108939281445", "shape": "CVSphere", "id_string": "ob436", "world_size": [0.1, 0.1, 0.1], "id": 436, "camera_size": [41, 41], "camera_position": [256, 254], "world_position": [0.705, 0.6498037994254439, -0.15], "world_orientation": [1.0, 8.100187187665134e-17, -1.2653630886983698e-17, -8.100187187665134e-17, 1.0, -1.9397816686250694e-16, 1.2653630886983698e-17, 1.9397816686250694e-16, 1.0], "world_rotation": [-0.9211093596285536, 0.06008602943210125, 0.38463907325148433, -2.1059189642881336e-16]}], "source": "action wait"}
{"timestamp": 1706067187.450229, "objects": [{"color": "cv_", "id_name": "hand", "shape": "CVCylinder", "id_string": "ob383", "world_size": [0.12, 0.005, 0.12], "id": 383, "camera_size": [49, 16], "camera_position": [246, 503], "world_position": [0.031536028444950036, 0.6688157985310746, -0.17410994457744897], "world_orientation": [-5.605224850268128e-05, 0.009552049701233736, 0.9999543765615764, -0.000763370259721274, -0.9999540871873237, 0.009552004146419123, 0.9999997070619532, -0.000762800020835499, 6.334142564796471e-05], "world_rotation": [0.0, 1.0, 0.0, 0.0]}, {"color": "CVPurple", "id_name": "object78108939281445", "shape": "CVSphere", "id_string": "ob436", "world_size": [0.1, 0.1, 0.1], "id": 436, "camera_size": [41, 41], "camera_position": [256, 254], "world_position": [0.705, 0.6498037994254439, -0.15], "world_orientation": [1.0, 8.100187187665134e-17, -1.2653630886983698e-17, -8.100187187665134e-17, 1.0, -1.9397816686250694e-16, 1.2653630886983698e-17, 1.9397816686250694e-16, 1.0], "world_rotation": [-0.9211093596285536, 0.06008602943210125, 0.38463907325148433, -2.1059189642881336e-16]}], "source": "action wait"}
{"timestamp": 1706067187.483226, "objects": [{"color": "cv_", "id_name": "hand", "shape": "CVCylinder", "id_string": "ob383", "world_size": [0.12, 0.005, 0.12], "id": 383, "camera_size": [49, 13], "camera_position": [246, 505], "world_position": [0.023045381856733306, 0.6684722113300572, -0.17411018560692085], "world_orientation": [-3.8954282826011126e-05, 0.006306245732248298, 0.9999801146759512, -0.0007627915436895878, -0.9999798247023106, 0.006306214188979017, 0.99999970831577, -0.0007625307212818465, 4.376384782911296e-05], "world_rotation": [0.0, 1.0, 0.0, 0.0]}, {"color": "CVPurple", "id_name": "object78108939281445", "shape": "CVSphere", "id_string": "ob436", "world_size": [0.1, 0.1, 0.1], "id": 436, "camera_size": [41, 41], "camera_position": [256, 254], "world_position": [0.705, 0.6498037994254439, -0.15], "world_orientation": [1.0, 8.100187187665134e-17, -1.2653630886983698e-17, -8.100187187665134e-17, 1.0, -1.9397816686250694e-16, 1.2653630886983698e-17, 1.9397816686250694e-16, 1.0], "world_rotation": [-0.9211093596285536, 0.06008602943210125, 0.38463907325148433, -2.1059189642881336e-16]}], "source": "action wait"}
{"timestamp": 1706067187.514145, "objects": [{"color": "cv_", "id_name": "hand", "shape": "CVCylinder", "id_string": "ob383", "world_size": [0.12, 0.005, 0.12], "id": 383, "camera_size": [48, 11], "camera_position": [246, 506], "world_position": [0.017053407295550382, 0.6681700904972534, -0.17411000712959285], "world_orientation": [-2.7453216817886354e-05, 0.00401188725347944, 0.9999919519711079, -0.000762526084414048, -0.9999916617112108, 0.0040118651550181085, 0.9999997089001034, -0.0007624098089785131, 3.0512156583908324e-05], "world_rotation": [0.0, 1.0, 0.0, 0.0]}, {"color": "CVPurple", "id_name": "object78108939281445", "shape": "CVSphere", "id_string": "ob436", "world_size": [0.1, 0.1, 0.1], "id": 436, "camera_size": [41, 41], "camera_position": [256, 254], "world_position": [0.705, 0.6498037994254439, -0.15], "world_orientation": [1.0, 8.100187187665134e-17, -1.2653630886983698e-17, -8.100187187665134e-17, 1.0, -1.9397816686250694e-16, 1.2653630886983698e-17, 1.9397816686250694e-16, 1.0], "world_rotation": [-0.9211093596285536, 0.06008602943210125, 0.38463907325148433, -2.1059189642881336e-16]}], "source": "action wait"}
{"timestamp": 1706067187.543904, "objects": [{"color": "cv_", "id_name": "hand", "shape": "CVCylinder", "id_string": "ob383", "world_size": [0.12, 0.005, 0.12], "id": 383, "camera_size": [48, 9], "camera_position": [246, 507], "world_position": [0.012827707700599326, 0.6679304366617137, -0.17410969456915792], "world_orientation": [-1.9734934771743895e-05, 0.0023902178603603607, 0.9999971432304757, -0.000762451514490391, -0.9999968527958064, 0.0023902021191827484, 0.9999997091390679, -0.0007624021658595904, 2.155729788983331e-05], "world_rotation": [0.0, 1.0, 0.0, 0.0]}, {"color": "CVPurple", "id_name": "object78108939281445", "shape": "CVSphere", "id_string": "ob436", "world_size": [0.1, 0.1, 0.1], "id": 436, "camera_size": [41, 41], "camera_position": [256, 254], "world_position": [0.705, 0.6498037994254439, -0.15], "world_orientation": [1.0, 8.100187187665134e-17, -1.2653630886983698e-17, -8.100187187665134e-17, 1.0, -1.9397816686250694e-16, 1.2653630886983698e-17, 1.9397816686250694e-16, 1.0], "world_rotation": [-0.9211093596285536, 0.06008602943210125, 0.38463907325148433, -2.1059189642881336e-16]}], "source": "action wait"}
{"timestamp": 1706067187.57675, "objects": [{"color": "cv_", "id_name": "hand", "shape": "CVCylinder", "id_string": "ob383", "world_size": [0.12, 0.005, 0.12], "id": 383, "camera_size": [48, 8], "camera_position": [246, 507], "world_position": [0.009848794982002574, 0.6677502556983046, -0.1741093725074485], "world_orientation": [-1.4546397231664963e-05, 0.001244095923556406, 0.9999992260065682, -0.000762480921573557, -0.9999989354377704, 0.0012440844707020875, 0.9999997092055811, -0.0007624622344718086, 1.549498115280366e-05], "world_rotation": [0.0, 1.0, 0.0, 0.0]}, {"color": "CVPurple", "id_name": "object78108939281445", "shape": "CVSphere", "id_string": "ob436", "world_size": [0.1, 0.1, 0.1], "id": 436, "camera_size": [41, 41], "camera_position": [256, 254], "world_position": [0.705, 0.6498037994254439, -0.15], "world_orientation": [1.0, 8.100187187665134e-17, -1.2653630886983698e-17, -8.100187187665134e-17, 1.0, -1.9397816686250694e-16, 1.2653630886983698e-17, 1.9397816686250694e-16, 1.0], "world_rotation": [-0.9211093596285536, 0.06008602943210125, 0.38463907325148433, -2.1059189642881336e-16]}], "source": "action wait"}
{"timestamp": 1706067187.608212, "objects": [{"color": "cv_", "id_name": "hand", "shape": "CVCylinder", "id_string": "ob383", "world_size": [0.12, 0.005, 0.12], "id": 383, "camera_size": [48, 8], "camera_position": [246, 507], "world_position": [0.007749243719781047, 0.6676189531041745, -0.17410908909664982], "world_orientation": [-1.106903369955299e-05, 0.0004341224966904483, 0.9999999057075628, -0.0007625587299912029, -0.9999996150245656, 0.00043411392970962127, 0.9999997091907877, -0.0007625538528663135, 1.1400073338348435e-05], "world_rotation": [0.0, 1.0, 0.0, 0.0]}, {"color": "CVPurple", "id_name": "object78108939281445", "shape": "CVSphere", "id_string": "ob436", "world_size": [0.1, 0.1, 0.1], "id": 436, "camera_size": [41, 41], "camera_position": [256, 254], "world_position": [0.705, 0.6498037994254439, -0.15], "world_orientation": [1.0, 8.100187187665134e-17, -1.2653630886983698e-17, -8.100187187665134e-17, 1.0, -1.9397816686250694e-16, 1.2653630886983698e-17, 1.9397816686250694e-16, 1.0], "world_rotation": [-0.9211093596285536, 0.06008602943210125, 0.38463907325148433, -2.1059189642881336e-16]}], "source": "action wait"}
{"timestamp": 1706067187.643826, "objects": [{"color": "cv_", "id_name": "hand", "shape": "CVCylinder", "id_string": "ob383", "world_size": [0.12, 0.005, 0.12], "id": 383, "camera_size": [48, 7], "camera_position": [246, 508], "world_position": [0.0062696137387153895, 0.6675250947140106, -0.17410885751024616], "world_orientation": [-8.736605309820194e-06, -0.00013825864173832472, 0.9999999904041099, -0.0007626521683479124, -0.9999996996221484, -0.000138265264525952, 0.9999997091426288, -0.0007626533689990296, 8.631159432986652e-06], "world_rotation": [0.0, 1.0, 0.0, 0.0]}, {"color": "CVPurple", "id_name": "object78108939281445", "shape": "CVSphere", "id_string": "ob436", "world_size": [0.1, 0.1, 0.1], "id": 436, "camera_size": [41, 41], "camera_position": [256, 254], "world_position": [0.705, 0.6498037994254439, -0.15], "world_orientation": [1.0, 8.100187187665134e-17, -1.2653630886983698e-17, -8.100187187665134e-17, 1.0, -1.9397816686250694e-16, 1.2653630886983698e-17, 1.9397816686250694e-16, 1.0], "world_rotation": [-0.9211093596285536, 0.06008602943210125, 0.38463907325148433, -2.1059189642881336e-16]}], "source": "action wait"}
{"timestamp": 1706067187.679385, "objects": [{"color": "cv_", "id_name": "hand", "shape": "CVCylinder", "id_string": "ob383", "world_size": [0.12, 0.005, 0.12], "id": 383, "camera_size": [48, 7], "camera_position": [246, 508], "world_position": [0.005226894193687417, 0.6674588157736889, -0.1741086760088145], "world_orientation": [-7.173083652185042e-06, -0.000542720049800871, 0.9999998527017365, -0.0007627436298405483, -0.9999995618355718, -0.0005427253631663066, 0.9999997090853088, -0.0007627474105045659, 6.759124248786307e-06], "world_rotation": [0.0, 1.0, 0.0, 0.0]}, {"color": "CVPurple", "id_name": "object78108939281445", "shape": "CVSphere", "id_string": "ob436", "world_size": [0.1, 0.1, 0.1], "id": 436, "camera_size": [41, 41], "camera_position": [256, 254], "world_position": [0.705, 0.6498037994254439, -0.15], "world_orientation": [1.0, 8.100187187665134e-17, -1.2653630886983698e-17, -8.100187187665134e-17, 1.0, -1.9397816686250694e-16, 1.2653630886983698e-17, 1.9397816686250694e-16, 1.0], "world_rotation": [-0.9211093596285536, 0.06008602943210125, 0.38463907325148433, -2.1059189642881336e-16]}], "source": "action wait"}
{"timestamp": 1706067187.712983, "objects": [{"color": "cv_", "id_name": "hand", "shape": "CVCylinder", "id_string": "ob383", "world_size": [0.12, 0.005, 0.12], "id": 383, "camera_size": [48, 7], "camera_position": [246, 508], "world_position": [0.004492062395704252, 0.6674123739013136, -0.174108537419477], "world_orientation": [-6.125854188724823e-06, -0.0008285109339647522, 0.9999996567659943, -0.0007628248509794469, -0.9999993658300668, -0.0008285153658759605, 0.999999709030318, -0.0007628296645167407, 5.49384157451947e-06], "world_rotation": [0.0, 1.0, 0.0, 0.0]}, {"color": "CVPurple", "id_name": "object78108939281445", "shape": "CVSphere", "id_string": "ob436", "world_size": [0.1, 0.1, 0.1], "id": 436, "camera_size": [41, 41], "camera_position": [256, 254], "world_position": [0.705, 0.6498037994254439, -0.15], "world_orientation": [1.0, 8.100187187665134e-17, -1.2653630886983698e-17, -8.100187187665134e-17, 1.0, -1.9397816686250694e-16, 1.2653630886983698e-17, 1.9397816686250694e-16, 1.0], "world_rotation": [-0.9211093596285536, 0.06008602943210125, 0.38463907325148433, -2.1059189642881336e-16]}], "source": "action wait"}
{"timestamp": 1706067187.746848, "objects": [{"color": "CVPurple", "id_name": "object78108939281445", "shape": "CVSphere", "id_string": "ob436", "world_size": [0.1, 0.1, 0.1], "id": 436, "camera_size": [41, 41], "camera_position": [256, 254], "world_position": [0.705, 0.6498037994254439, -0.15], "world_orientation": [1.0, 8.100187187665134e-17, -1.2653630886983698e-17, -8.100187187665134e-17, 1.0, -1.9397816686250694e-16, 1.2653630886983698e-17, 1.9397816686250694e-16, 1.0], "world_rotation": [-0.9211093596285536, 0.06008602943210125, 0.38463907325148433, -2.1059189642881336e-16]}], "source": "action wait"}
{"timestamp": 1706067188.798184, "objects": [{"color": "CVPurple", "id_name": "object78108939281445", "shape": "CVSphere", "id_string": "ob436", "world_size": [0.1, 0.1, 0.1], "id": 436, "camera_size": [41, 41], "camera_position": [256, 254], "world_position": [0.705, 0.6498037994254439, -0.15], "world_orientation": [1.0, 8.100187187665134e-17, -1.2653630886983698e-17, -8.100187187665134e-17, 1.0, -1.9397816686250694e-16, 1.2653630886983698e-17, 1.9397816686250694e-16, 1.0], "world_rotation": [-0.9211093596285536, 0.06008602943210125, 0.38463907325148433, -2.1059189642881336e-16]}], "source": "action wait"}
{"timestamp": 1706067188.830808, "objects": [{"color": "cv_", "id_name": "hand", "shape": "CVCylinder", "id_string": "ob383", "world_size": [0.12, 0.005, 0.12], "id": 383, "camera_size": [51, 11], "camera_position": [246, 506], "world_position": [0.03558098188549474, 0.7233445310985887, -0.17412281972428023], "world_orientation": [0.0001581934482644184, 0.19356799381625572, 0.9810868497461286, -0.0007080379227234102, -0.9810865944229554, 0.19356805760731213, 0.9999997368285319, -0.0007252678936125377, -1.814799116993441e-05], "world_rotation": [0.0, 1.0, 0.0, 0.0]}, {"color": "CVPurple", "id_name": "object78108939281445", "shape": "CVSphere", "id_string": "ob436", "world_size": [0.1, 0.1, 0.1], "id": 436, "camera_size": [41, 41], "camera_position": [256, 254], "world_position": [0.705, 0.6498037994254439, -0.15], "world_orientation": [1.0, 8.100187187665134e-17, -1.2653630886983698e-17, -8.100187187665134e-17, 1.0, -1.9397816686250694e-16, 1.2653630886983698e-17, 1.9397816686250694e-16, 1.0], "world_rotation": [-0.9211093596285536, 0.06008602943210125, 0.38463907325148433, -2.1059189642881336e-16]}], "source": "action wait"}
{"timestamp": 1706067188.86116, "objects": [{"color": "cv_", "id_name": "hand", "shape": "CVCylinder", "id_string": "ob383", "world_size": [0.12, 0.005, 0.12], "id": 383, "camera_size": [53, 21], "camera_position": [245, 501], "world_position": [0.08385348874063954, 0.7766159520695228, -0.17412474537775863], "world_orientation": [0.0002576524354628353, 0.2977832392649993, 0.9546334773241858, -0.0007066126207118665, -0.9546332164712277, 0.2977833486083512, 0.9999997171568734, -0.0007512806682407839, -3.554617809596543e-05], "world_rotation": [0.0, 1.0, 0.0, 0.0]}, {"color": "CVPurple", "id_name": "object78108939281445", "shape": "CVSphere", "id_string": "ob436", "world_size": [0.1, 0.1, 0.1], "id": 436, "camera_size": [41, 41], "camera_position": [256, 254], "world_position": [0.705, 0.6498037994254439, -0.15], "world_orientation": [1.0, 8.100187187665134e-17, -1.2653630886983698e-17, -8.100187187665134e-17, 1.0, -1.9397816686250694e-16, 1.2653630886983698e-17, 1.9397816686250694e-16, 1.0], "world_rotation": [-0.9211093596285536, 0.06008602943210125, 0.38463907325148433, -2.1059189642881336e-16]}], "source": "action wait"}
{"timestamp": 1706067188.891838, "objects": [{"color": "cv_", "id_name": "hand", "shape": "CVCylinder", "id_string": "ob383", "world_size": [0.12, 0.005, 0.12], "id": 383, "camera_size": [54, 38], "camera_position": [245, 492], "world_position": [0.14047094859878162, 0.8087746235704574, -0.1741205618484918], "world_orientation": [0.00028946814208893017, 0.3383303961559523, 0.9410273424535288, -0.000712350953449404, -0.9410270733546607, 0.33833051853133433, 0.9999997043821133, -0.0007682776312302014, -3.138737829628419e-05], "world_rotation": [0.0, 1.0, 0.0, 0.0]}, {"color": "CVPurple", "id_name": "object78108939281445", "shape": "CVSphere", "id_string": "ob436", "world_size": [0.1, 0.1, 0.1], "id": 436, "camera_size": [41, 41], "camera_position": [256, 254], "world_position": [0.705, 0.6498037994254439, -0.15], "world_orientation": [1.0, 8.100187187665134e-17, -1.2653630886983698e-17, -8.100187187665134e-17, 1.0, -1.9397816686250694e-16, 1.2653630886983698e-17, 1.9397816686250694e-16, 1.0], "world_rotation": [-0.9211093596285536, 0.06008602943210125, 0.38463907325148433, -2.1059189642881336e-16]}], "source": "action wait"}
{"timestamp": 1706067188.922843, "objects": [{"color": "cv_", "id_name": "hand", "shape": "CVCylinder", "id_string": "ob383", "world_size": [0.12, 0.005, 0.12], "id": 383, "camera_size": [55, 59], "camera_position": [245, 480], "world_position": [0.20165333901336727, 0.8230696814812839, -0.17411721983376782], "world_orientation": [0.00028775372615903966, 0.33889810754592437, 0.9408230385676064, -0.0007219129401584804, -0.9408227619594207, 0.3388982287070179, 0.9999996980197043, -0.0007767115540405363, -2.607032617597305e-05], "world_rotation": [0.0, 1.0, 0.0, 0.0]}, {"color": "CVPurple", "id_name": "object78108939281445", "shape": "CVSphere", "id_string": "ob436", "world_size": [0.1, 0.1, 0.1], "id": 436, "camera_size": [41, 41], "camera_position": [256, 254], "world_position": [0.705, 0.6498037994254439, -0.15], "world_orientation": [1.0, 8.100187187665134e-17, -1.2653630886983698e-17, -8.100187187665134e-17, 1.0, -1.9397816686250694e-16, 1.2653630886983698e-17, 1.9397816686250694e-16, 1.0], "world_rotation": [-0.9211093596285536, 0.06008602943210125, 0.38463907325148433, -2.1059189642881336e-16]}], "source": "action wait"}
{"timestamp": 1706067188.955904, "objects": [{"color": "cv_", "id_name": "hand", "shape": "CVCylinder", "id_string": "ob383", "world_size": [0.12, 0.005, 0.12], "id": 383, "camera_size": [55, 58], "camera_position": [245, 451], "world_position": [0.26547501331840617, 0.8222588931678161, -0.1741145009445508], "world_orientation": [0.00026262872935467886, 0.31133064802114574, 0.9503016145566017, -0.0007350111488564428, -0.9503013305356608, 0.3113307581026393, 0.9999996953923345, -0.0007802466828851167, -2.074493366593791e-05], "world_rotation": [0.0, 1.0, 0.0, 0.0]}, {"color": "CVPurple", "id_name": "object78108939281445", "shape": "CVSphere", "id_string": "ob436", "world_size": [0.1, 0.1, 0.1], "id": 436, "camera_size": [41, 41], "camera_position": [256, 254], "world_position": [0.705, 0.6498037994254439, -0.15], "world_orientation": [1.0, 8.100187187665134e-17, -1.2653630886983698e-17, -8.100187187665134e-17, 1.0, -1.9397816686250694e-16, 1.2653630886983698e-17, 1.9397816686250694e-16, 1.0], "world_rotation": [-0.9211093596285536, 0.06008602943210125, 0.38463907325148433, -2.1059189642881336e-16]}], "source": "action wait"}
{"timestamp": 1706067188.991701, "objects": [{"color": "cv_", "id_name": "hand", "shape": "CVCylinder", "id_string": "ob383", "world_size": [0.12, 0.005, 0.12], "id": 383, "camera_size": [54, 56], "camera_position": [245, 420], "world_position": [0.3299195034169246, 0.8085306967667967, -0.17411210346047898], "world_orientation": [0.00022074855515892233, 0.26330420554841727, 0.9647128311630319, -0.0007494895174053785, -0.964712540148561, 0.26330429762078444, 0.9999996947677228, -0.0007811661975303649, -1.5615157433752218e-05], "world_rotation": [0.0, 1.0, 0.0, 0.0]}, {"color": "CVPurple", "id_name": "object78108939281445", "shape": "CVSphere", "id_string": "ob436", "world_size": [0.1, 0.1, 0.1], "id": 436, "camera_size": [41, 41], "camera_position": [256, 254], "world_position": [0.705, 0.6498037994254439, -0.15], "world_orientation": [1.0, 8.100187187665134e-17, -1.2653630886983698e-17, -8.100187187665134e-17, 1.0, -1.9397816686250694e-16, 1.2653630886983698e-17, 1.9397816686250694e-16, 1.0], "world_rotation": [-0.9211093596285536, 0.06008602943210125, 0.38463907325148433, -2.1059189642881336e-16]}], "source": "action wait"}
{"timestamp": 1706067189.026888, "objects": [{"color": "cv_", "id_name": "hand", "shape": "CVCylinder", "id_string": "ob383", "world_size": [0.12, 0.005, 0.12], "id": 383, "camera_size": [53, 55], "camera_position": [245, 390], "world_position": [0.39319729983707435, 0.7836611934972088, -0.17410983178097209], "world_orientation": [0.00016675196036456132, 0.20012460034577034, 0.9797704407310058, -0.0007628891900260757, -0.9797701437811448, 0.20012466953166672, 0.9999996950968872, -0.000780827458902761, -1.07056979196673e-05], "world_rotation": [0.0, 1.0, 0.0, 0.0]}, {"color": "CVPurple", "id_name": "object78108939281445", "shape": "CVSphere", "id_string": "ob436", "world_size": [0.1, 0.1, 0.1], "id": 436, "camera_size": [41, 41], "camera_position": [256, 254], "world_position": [0.705, 0.6498037994254439, -0.15], "world_orientation": [1.0, 8.100187187665134e-17, -1.2653630886983698e-17, -8.100187187665134e-17, 1.0, -1.9397816686250694e-16, 1.2653630886983698e-17, 1.9397816686250694e-16, 1.0], "world_rotation": [-0.9211093596285536, 0.06008602943210125, 0.38463907325148433, -2.1059189642881336e-16]}], "source": "action wait"}
{"timestamp": 1706067189.060749, "objects": [{"color": "cv_", "id_name": "hand", "shape": "CVCylinder", "id_string": "ob383", "world_size": [0.12, 0.005, 0.12], "id": 383, "camera_size": [52, 53], "camera_position": [245, 365], "world_position": [0.44495312131778797, 0.7556518652831532, -0.17410301921512422], "world_orientation": [0.00010487416490863597, 0.14113842821137348, 0.9899898651417763, -0.0007678383885915735, -0.9899895673835752, 0.14113846710195904, 0.9999996997127644, -0.0007749540016465584, 4.547174138966284e-06], "world_rotation": [0.0, 1.0, 0.0, 0.0]}, {"color": "CVPurple", "id_name": "object78108939281445", "shape": "CVSphere", "id_string": "ob436", "world_size": [0.1, 0.1, 0.1], "id": 436, "camera_size": [41, 41], "camera_position": [256, 254], "world_position": [0.705, 0.6498037994254439, -0.15], "world_orientation": [1.0, 8.100187187665134e-17, -1.2653630886983698e-17, -8.100187187665134e-17, 1.0, -1.9397816686250694e-16, 1.2653630886983698e-17, 1.9397816686250694e-16, 1.0], "world_rotation": [-0.9211093596285536, 0.06008602943210125, 0.38463907325148433, -2.1059189642881336e-16]}], "source": "action wait"}
{"timestamp": 1706067189.094304, "objects": [{"color": "cv_", "id_name": "hand", "shape": "CVCylinder", "id_string": "ob383", "world_size": [0.12, 0.005, 0.12], "id": 383, "camera_size": [51, 52], "camera_position": [246, 348], "world_position": [0.48010153084983465, 0.732678584544626, -0.17409838073109543], "world_orientation": [6.153465285967802e-05, 0.09919302360494986, 0.9950682088588673, -0.0007666324039220802, -0.9950679136500128, 0.09919304158542608, 0.9999997042440782, -0.0007689553424042988, 1.4813427500703356e-05], "world_rotation": [0.0, 1.0, 0.0, 0.0]}, {"color": "CVPurple", "id_name": "object78108939281445", "shape": "CVSphere", "id_string": "ob436", "world_size": [0.1, 0.1, 0.1], "id": 436, "camera_size": [41, 41], "camera_position": [256, 254], "world_position": [0.705, 0.6498037994254439, -0.15], "world_orientation": [1.0, 8.100187187665134e-17, -1.2653630886983698e-17, -8.100187187665134e-17, 1.0, -1.9397816686250694e-16, 1.2653630886983698e-17, 1.9397816686250694e-16, 1.0], "world_rotation": [-0.9211093596285536, 0.06008602943210125, 0.38463907325148433, -2.1059189642881336e-16]}], "source": "action wait"}
{"timestamp": 1706067189.125071, "objects": [{"color": "cv_", "id_name": "hand", "shape": "CVCylinder", "id_string": "ob383", "world_size": [0.12, 0.005, 0.12], "id": 383, "camera_size": [51, 51], "camera_position": [246, 338], "world_position": [0.5040464273145441, 0.7149624730545016, -0.17409673128175596], "world_orientation": [3.464476122692027e-05, 0.06950898540165736, 0.997581324879417, -0.000764435163214123, -0.9975810321633292, 0.0695089915538132, 0.999999707219268, -0.0007649943653194018, 1.8574155936949482e-05], "world_rotation": [0.0, 1.0, 0.0, 0.0]}, {"color": "CVPurple", "id_name": "object78108939281445", "shape": "CVSphere", "id_string": "ob436", "world_size": [0.1, 0.1, 0.1], "id": 436, "camera_size": [41, 41], "camera_position": [256, 254], "world_position": [0.705, 0.6498037994254439, -0.15], "world_orientation": [1.0, 8.100187187665134e-17, -1.2653630886983698e-17, -8.100187187665134e-17, 1.0, -1.9397816686250694e-16, 1.2653630886983698e-17, 1.9397816686250694e-16, 1.0], "world_rotation": [-0.9211093596285536, 0.06008602943210125, 0.38463907325148433, -2.1059189642881336e-16]}], "source": "action wait"}
{"timestamp": 1706067189.154329, "objects": [{"color": "cv_", "id_name": "hand", "shape": "CVCylinder", "id_string": "ob383", "world_size": [0.12, 0.005, 0.12], "id": 383, "camera_size": [49, 50], "camera_position": [246, 330], "world_position": [0.5204728400427847, 0.701760823419264, -0.17409668638499], "world_orientation": [1.8124997384797407e-05, 0.04854227986492181, 0.9988211284994929, -0.0007626984688787146, -0.9988208374808732, 0.04854227956176532, 0.9999997089812228, -0.0007626791740807205, 1.891949746201763e-05], "world_rotation": [0.0, 1.0, 0.0, 0.0]}, {"color": "CVPurple", "id_name": "object78108939281445", "shape": "CVSphere", "id_string": "ob436", "world_size": [0.1, 0.1, 0.1], "id": 436, "camera_size": [41, 41], "camera_position": [256, 254], "world_position": [0.705, 0.6498037994254439, -0.15], "world_orientation": [1.0, 8.100187187665134e-17, -1.2653630886983698e-17, -8.100187187665134e-17, 1.0, -1.9397816686250694e-16, 1.2653630886983698e-17, 1.9397816686250694e-16, 1.0], "world_rotation": [-0.9211093596285536, 0.06008602943210125, 0.38463907325148433, -2.1059189642881336e-16]}], "source": "action wait"}
{"timestamp": 1706067189.18683, "objects": [{"color": "cv_", "id_name": "hand", "shape": "CVCylinder", "id_string": "ob383", "world_size": [0.12, 0.005, 0.12], "id": 383, "camera_size": [49, 49], "camera_position": [246, 325], "world_position": [0.5318140774122538, 0.6921236665823298, -0.17409742114567264], "world_orientation": [8.099834858285661e-06, 0.03374669939672694, 0.9994304178952228, -0.0007616726368777459, -0.9994301278123853, 0.03374669577474852, 0.9999997098945516, -0.0007615121444372317, 1.7608718528126177e-05], "world_rotation": [0.0, 1.0, 0.0, 0.0]}, {"color": "CVPurple", "id_name": "object78108939281445", "shape": "CVSphere", "id_string": "ob436", "world_size": [0.1, 0.1, 0.1], "id": 436, "camera_size": [41, 41], "camera_position": [256, 254], "world_position": [0.705, 0.6498037994254439, -0.15], "world_orientation": [1.0, 8.100187187665134e-17, -1.2653630886983698e-17, -8.100187187665134e-17, 1.0, -1.9397816686250694e-16, 1.2653630886983698e-17, 1.9397816686250694e-16, 1.0], "world_rotation": [-0.9211093596285536, 0.06008602943210125, 0.38463907325148433, -2.1059189642881336e-16]}], "source": "action wait"}
{"timestamp": 1706067189.260536, "objects": [{"color": "cv_", "id_name": "hand", "shape": "CVCylinder", "id_string": "ob383", "world_size": [0.12, 0.005, 0.12], "id": 383, "camera_size": [49, 49], "camera_position": [246, 319], "world_position": [0.5451737822503889, 0.6802159808650912, -0.17409955914252223], "world_orientation": [-1.3702759301056334e-06, 0.015950970114826664, 0.999872775182182, -0.0007611639728685167, -0.9998724855512741, 0.015950964451207868, 0.9999997103137226, -0.0007610452766984589, 1.3511404984203987e-05], "world_rotation": [0.0, 1.0, 0.0, 0.0]}, {"color": "CVPurple", "id_name": "object78108939281445", "shape": "CVSphere", "id_string": "ob436", "world_size": [0.1, 0.1, 0.1], "id": 436, "camera_size": [41, 41], "camera_position": [256, 254], "world_position": [0.705, 0.6498037994254439, -0.15], "world_orientation": [1.0, 8.100187187665134e-17, -1.2653630886983698e-17, -8.100187187665134e-17, 1.0, -1.9397816686250694e-16, 1.2653630886983698e-17, 1.9397816686250694e-16, 1.0], "world_rotation": [-0.9211093596285536, 0.06008602943210125, 0.38463907325148433, -2.1059189642881336e-16]}], "source": "action wait"}
{"timestamp": 1706067189.293091, "objects": [{"color": "cv_", "id_name": "hand", "shape": "CVCylinder", "id_string": "ob383", "world_size": [0.12, 0.005, 0.12], "id": 383, "camera_size": [49, 49], "camera_position": [246, 317], "world_position": [0.5490111098109894, 0.6766886233985059, -0.17410057834707393], "world_orientation": [-3.327269209025296e-06, 0.01076139465077806, 0.9999420945105268, -0.0007613131153180784, -0.9999418047612307, 0.010761388999250932, 0.9999997101955929, -0.0007612332250715942, 1.1519866464918892e-05], "world_rotation": [0.0, 1.0, 0.0, 0.0]}, {"color": "CVPurple", "id_name": "object78108939281445", "shape": "CVSphere", "id_string": "ob436", "world_size": [0.1, 0.1, 0.1], "id": 436, "camera_size": [41, 41], "camera_position": [256, 254], "world_position": [0.705, 0.6498037994254439, -0.15], "world_orientation": [1.0, 8.100187187665134e-17, -1.2653630886983698e-17, -8.100187187665134e-17, 1.0, -1.9397816686250694e-16, 1.2653630886983698e-17, 1.9397816686250694e-16, 1.0], "world_rotation": [-0.9211093596285536, 0.06008602943210125, 0.38463907325148433, -2.1059189642881336e-16]}], "source": "action wait"}
{"timestamp": 1706067189.325546, "objects": [{"color": "cv_", "id_name": "hand", "shape": "CVCylinder", "id_string": "ob383", "world_size": [0.12, 0.005, 0.12], "id": 383, "camera_size": [49, 49], "camera_position": [246, 316], "world_position": [0.5517009365012042, 0.6741906149850452, -0.17410146730011447], "world_orientation": [-4.355596258180699e-06, 0.0071021241882571785, 0.999974779588487, -0.0007615585660456423, -0.9999744896430773, 0.007102118811851986, 0.9999997100047476, -0.000761508425263461, 9.76416865841947e-06], "world_rotation": [0.0, 1.0, 0.0, 0.0]}, {"color": "CVPurple", "id_name": "object78108939281445", "shape": "CVSphere", "id_string": "ob436", "world_size": [0.1, 0.1, 0.1], "id": 436, "camera_size": [41, 41], "camera_position": [256, 254], "world_position": [0.705, 0.6498037994254439, -0.15], "world_orientation": [1.0, 8.100187187665134e-17, -1.2653630886983698e-17, -8.100187187665134e-17, 1.0, -1.9397816686250694e-16, 1.2653630886983698e-17, 1.9397816686250694e-16, 1.0], "world_rotation": [-0.9211093596285536, 0.06008602943210125, 0.38463907325148433, -2.1059189642881336e-16]}], "source": "action wait"}
