{"timestamp": 1706067656.016568, "objects": [{"color": "cv_", "id_name": "hand", "shape": "CVCylinder", "id_string": "ob383", "world_size": [0.12, 0.005, 0.12], "id": 383, "camera_size": [48, 50], "camera_position": [246, 426], "world_position": [0.26764451554013885, 0.63347030138474, -0.17389260400847495], "world_orientation": [-0.0006415490617962886, 0.19791547486641156, 0.9802188802625686, -0.000747367103248942, -0.980218903124968, 0.19791499033397647, 0.9999995149284895, -0.0006056111687278559, 0.0007767740327942888], "world_rotation": [0.0, 1.0, 0.0, 0.0]}, {"color": "CVPurple", "id_name": "object196987555537739", "shape": "CVSphere", "id_string": "ob576", "world_size": [0.1, 0.1, 0.1], "id": 576, "camera_size": [41, 41], "camera_position": [256, 254], "world_position": [0.705, 0.6498037932383656, -0.15], "world_orientation": [1.0, 2.1316282072802963e-17, -9.624447840080312e-18, -2.1316282072802963e-17, 1.0, -1.5774048733874193e-16, 9.624447840080312e-18, 1.5774048733874193e-16, 1.0], "world_rotation": [-0.9891858493133231, 0.06035462278252622, 0.13367376342071935, -1.5946496550495827e-16]}], "source": "manual check"}
{"timestamp": 1706067657.034534, "objects": [{"color": "cv_", "id_name": "hand", "shape": "CVCylinder", "id_string": "ob383", "world_size": [0.12, 0.005, 0.12], "id": 383, "camera_size": [48, 50], "camera_position": [246, 426], "world_position": [0.26764451554013885, 0.63347030138474, -0.17389260400847495], "world_orientation": [-0.0006415490617962886, 0.19791547486641156, 0.9802188802625686, -0.000747367103248942, -0.980218903124968, 0.19791499033397647, 0.9999995149284895, -0.0006056111687278559, 0.0007767740327942888], "world_rotation": [0.0, 1.0, 0.0, 0.0]}, {"color": "CVPurple", "id_name": "object196987555537739", "shape": "CVSphere", "id_string": "ob576", "world_size": [0.1, 0.1, 0.1], "id": 576, "camera_size": [41, 41], "camera_position": [256, 254], "world_position": [0.705, 0.6498037994254439, -0.15], "world_orientation": [1.0, 8.100187187665134e-17, -1.2653630886983698e-17, -8.100187187665134e-17, 1.0, -1.9397816686250694e-16, 1.2653630886983698e-17, 1.9397816686250694e-16, 1.0], "world_rotation": [-0.9211093596285536, 0.06008602943210125, 0.38463907325148433, -2.1059189642881336e-16]}], "source": "manual check"}
{"timestamp": 1706067658.220065, "objects": [{"color": "cv_", "id_name": "hand", "shape": "CVCylinder", "id_string": "ob383", "world_size": [0.12, 0.005, 0.12], "id": 383, "camera_size": [48, 50], "camera_position": [246, 426], "world_position": [0.26764451554013885, 0.63347030138474, -0.17389260400847495], "world_orientation": [-0.0006415490617962886, 0.19791547486641156, 0.9802188802625686, -0.000747367103248942, -0.980218903124968, 0.19791499033397647, 0.9999995149284895, -0.0006056111687278559, 0.0007767740327942888], "world_rotation": [0.0, 1.0, 0.0, 0.0]}, {"color": "CVPurple", "id_name": "object196987555537739", "shape": "CVSphere", "id_string": "ob576", "world_size": [0.1, 0.1, 0.1], "id": 576, "camera_size": [41, 41], "camera_position": [256, 254], "world_position": [0.705, 0.6498037994254439, -0.15], "world_orientation": [1.0, 8.100187187665134e-17, -1.2653630886983698e-17, -8.100187187665134e-17, 1.0, -1.9397816686250694e-16, 1.2653630886983698e-17, 1.9397816686250694e-16, 1.0], "world_rotation": [-0.9211093596285536, 0.06008602943210125, 0.38463907325148433, -2.1059189642881336e-16]}], "source": "action wait"}
{"timestamp": 1706067658.254439, "objects": [{"color": "cv_", "id_name": "hand", "shape": "CVCylinder", "id_string": "ob383", "world_size": [0.12, 0.005, 0.12], "id": 383, "camera_size": [48, 50], "camera_position": [246, 444], "world_position": [0.2251272436245849, 0.642278844015246, -0.17397258142880756], "world_orientation": [-0.0005240272228717343, 0.08819722318084268, 0.9961028938913181, -0.0007623394289627292, -0.9961027764437097, 0.08819681173221752, 0.999999572116941, -0.0007131509809993721, 0.0005892211923907985], "world_rotation": [0.0, 1.0, 0.0, 0.0]}, {"color": "CVPurple", "id_name": "object196987555537739", "shape": "CVSphere", "id_string": "ob576", "world_size": [0.1, 0.1, 0.1], "id": 576, "camera_size": [41, 41], "camera_position": [256, 254], "world_position": [0.705, 0.6498037994254439, -0.15], "world_orientation": [1.0, 8.100187187665134e-17, -1.2653630886983698e-17, -8.100187187665134e-17, 1.0, -1.9397816686250694e-16, 1.2653630886983698e-17, 1.9397816686250694e-16, 1.0], "world_rotation": [-0.9211093596285536, 0.06008602943210125, 0.38463907325148433, -2.1059189642881336e-16]}], "source": "action wait"}
{"timestamp": 1706067658.285909, "objects": [{"color": "cv_", "id_name": "hand", "shape": "CVCylinder", "id_string": "ob383", "world_size": [0.12, 0.005, 0.12], "id": 383, "camera_size": [48, 49], "camera_position": [246, 471], "world_position": [0.16390873082184781, 0.6585635127032594, -0.17403857041305507], "world_orientation": [-0.0003790074468315543, 0.06114464769358546, 0.9981288435927411, -0.0007690022723706665, -0.9981286379736658, 0.061144343093537834, 0.9999996324943627, -0.0007443891874777848, 0.00042531855970791266], "world_rotation": [0.0, 1.0, 0.0, 0.0]}, {"color": "CVPurple", "id_name": "object196987555537739", "shape": "CVSphere", "id_string": "ob576", "world_size": [0.1, 0.1, 0.1], "id": 576, "camera_size": [41, 41], "camera_position": [256, 254], "world_position": [0.705, 0.6498037994254439, -0.15], "world_orientation": [1.0, 8.100187187665134e-17, -1.2653630886983698e-17, -8.100187187665134e-17, 1.0, -1.9397816686250694e-16, 1.2653630886983698e-17, 1.9397816686250694e-16, 1.0], "world_rotation": [-0.9211093596285536, 0.06008602943210125, 0.38463907325148433, -2.1059189642881336e-16]}], "source": "action wait"}
{"timestamp": 1706067658.317064, "objects": [{"color": "cv_", "id_name": "hand", "shape": "CVCylinder", "id_string": "ob383", "world_size": [0.12, 0.005, 0.12], "id": 383, "camera_size": [48, 46], "camera_position": [246, 488], "world_position": [0.11779436080133986, 0.6656957136337704, -0.17407775804813222], "world_orientation": [-0.0002578285519778487, 0.04280110693468342, 0.9990835794715094, -0.000769866174435771, -0.9990833250991153, 0.04280089736172584, 0.9999996704152013, -0.0007581253598795377, 0.0002905433314733194], "world_rotation": [0.0, 1.0, 0.0, 0.0]}, {"color": "CVPurple", "id_name": "object196987555537739", "shape": "CVSphere", "id_string": "ob576", "world_size": [0.1, 0.1, 0.1], "id": 576, "camera_size": [41, 41], "camera_position": [256, 254], "world_position": [0.705, 0.6498037994254439, -0.15], "world_orientation": [1.0, 8.100187187665134e-17, -1.2653630886983698e-17, -8.100187187665134e-17, 1.0, -1.9397816686250694e-16, 1.2653630886983698e-17, 1.9397816686250694e-16, 1.0], "world_rotation": [-0.9211093596285536, 0.06008602943210125, 0.38463907325148433, -2.1059189642881336e-16]}], "source": "action wait"}
{"timestamp": 1706067658.347075, "objects": [{"color": "cv_", "id_name": "hand", "shape": "CVCylinder", "id_string": "ob383", "world_size": [0.12, 0.005, 0.12], "id": 383, "camera_size": [49, 34], "camera_position": [246, 494], "world_position": [0.08440723005185682, 0.6684077455230754, -0.17409651712926794], "world_orientation": [-0.00017520176290838883, 0.029819744390421992, 0.9995552771852252, -0.0007680832490829497, -0.9995550016942448, 0.029819601542284805, 0.9999996896761842, -0.0007625172181793548, 0.00019802784457932264], "world_rotation": [0.0, 1.0, 0.0, 0.0]}, {"color": "CVPurple", "id_name": "object196987555537739", "shape": "CVSphere", "id_string": "ob576", "world_size": [0.1, 0.1, 0.1], "id": 576, "camera_size": [41, 41], "camera_position": [256, 254], "world_position": [0.705, 0.6498037994254439, -0.15], "world_orientation": [1.0, 8.100187187665134e-17, -1.2653630886983698e-17, -8.100187187665134e-17, 1.0, -1.9397816686250694e-16, 1.2653630886983698e-17, 1.9397816686250694e-16, 1.0], "world_rotation": [-0.9211093596285536, 0.06008602943210125, 0.38463907325148433, -2.1059189642881336e-16]}], "source": "action wait"}
{"timestamp": 1706067658.378987, "objects": [{"color": "cv_", "id_name": "hand", "shape": "CVCylinder", "id_string": "ob383", "world_size": [0.12, 0.005, 0.12], "id": 383, "camera_size": [49, 26], "camera_position": [246, 498], "world_position": [0.06052474831680012, 0.6691591058267315, -0.17410506762145064], "world_orientation": [-0.00011925173912747595, 0.02063708786139353, 0.9997870255127458, -0.0007660141858767656, -0.9997867411804564, 0.02063699062437044, 0.9999996995005997, -0.0007633900473763459, 0.00013503460969974536], "world_rotation": [0.0, 1.0, 0.0, 0.0]}, {"color": "CVPurple", "id_name": "object196987555537739", "shape": "CVSphere", "id_string": "ob576", "world_size": [0.1, 0.1, 0.1], "id": 576, "camera_size": [41, 41], "camera_position": [256, 254], "world_position": [0.705, 0.6498037994254439, -0.15], "world_orientation": [1.0, 8.100187187665134e-17, -1.2653630886983698e-17, -8.100187187665134e-17, 1.0, -1.9397816686250694e-16, 1.2653630886983698e-17, 1.9397816686250694e-16, 1.0], "world_rotation": [-0.9211093596285536, 0.06008602943210125, 0.38463907325148433, -2.1059189642881336e-16]}], "source": "action wait"}
{"timestamp": 1706067658.411718, "objects": [{"color": "cv_", "id_name": "hand", "shape": "CVCylinder", "id_string": "ob383", "world_size": [0.12, 0.005, 0.12], "id": 383, "camera_size": [49, 20], "camera_position": [246, 501], "world_position": [0.0435528403844989, 0.6691189146754116, -0.17410866762958976], "world_orientation": [-8.148687487137014e-05, 0.0141433678025855, 0.9998999742509698, -0.0007644082178398543, -0.9998996863208889, 0.014143301434409504, 0.9999997045199394, -0.0007631792639014094, 9.229000719974987e-05], "world_rotation": [0.0, 1.0, 0.0, 0.0]}, {"color": "CVPurple", "id_name": "object196987555537739", "shape": "CVSphere", "id_string": "ob576", "world_size": [0.1, 0.1, 0.1], "id": 576, "camera_size": [41, 41], "camera_position": [256, 254], "world_position": [0.705, 0.6498037994254439, -0.15], "world_orientation": [1.0, 8.100187187665134e-17, -1.2653630886983698e-17, -8.100187187665134e-17, 1.0, -1.9397816686250694e-16, 1.2653630886983698e-17, 1.9397816686250694e-16, 1.0], "world_rotation": [-0.9211093596285536, 0.06008602943210125, 0.38463907325148433, -2.1059189642881336e-16]}], "source": "action wait"}
{"timestamp": 1706067658.445637, "objects": [{"color": "cv_", "id_name": "hand", "shape": "CVCylinder", "id_string": "ob383", "world_size": [0.12, 0.005, 0.12], "id": 383, "camera_size": [49, 16], "camera_position": [246, 503], "world_position": [0.031536028936592665, 0.6688158018379388, -0.1741099445774502], "world_orientation": [-5.605224978896703e-05, 0.009552049879769273, 0.9999543765598709, -0.0007633702598734482, -0.9999540871856181, 0.00955200432495363, 0.999999707061953, -0.0007628000209640707, 6.334142707183811e-05], "world_rotation": [0.0, 1.0, 0.0, 0.0]}, {"color": "CVPurple", "id_name": "object196987555537739", "shape": "CVSphere", "id_string": "ob576", "world_size": [0.1, 0.1, 0.1], "id": 576, "camera_size": [41, 41], "camera_position": [256, 254], "world_position": [0.705, 0.6498037994254439, -0.15], "world_orientation": [1.0, 8.100187187665134e-17, -1.2653630886983698e-17, -8.100187187665134e-17, 1.0, -1.9397816686250694e-16, 1.2653630886983698e-17, 1.9397816686250694e-16, 1.0], "world_rotation": [-0.9211093596285536, 0.06008602943210125, 0.38463907325148433, -2.1059189642881336e-16]}], "source": "action wait"}
{"timestamp": 1706067658.483581, "objects": [{"color": "cv_", "id_name": "hand", "shape": "CVCylinder", "id_string": "ob383", "world_size": [0.12, 0.005, 0.12], "id": 383, "camera_size": [49, 13], "camera_position": [246, 505], "world_position": [0.02304538234534848, 0.6684722147523192, -0.17411018560694355], "world_orientation": [-3.895428413130423e-05, 0.006306245858093767, 0.9999801146751575, -0.0007627915438218048, -0.9999798247015168, 0.006306214314823347, 0.9999997083157697, -0.0007625307214003213, 4.3763849231176464e-05], "world_rotation": [0.0, 1.0, 0.0, 0.0]}, {"color": "CVPurple", "id_name": "object196987555537739", "shape": "CVSphere", "id_string": "ob576", "world_size": [0.1, 0.1, 0.1], "id": 576, "camera_size": [41, 41], "camera_position": [256, 254], "world_position": [0.705, 0.6498037994254439, -0.15], "world_orientation": [1.0, 8.100187187665134e-17, -1.2653630886983698e-17, -8.100187187665134e-17, 1.0, -1.9397816686250694e-16, 1.2653630886983698e-17, 1.9397816686250694e-16, 1.0], "world_rotation": [-0.9211093596285536, 0.06008602943210125, 0.38463907325148433, -2.1059189642881336e-16]}], "source": "action wait"}
{"timestamp": 1706067658.516783, "objects": [{"color": "cv_", "id_name": "hand", "shape": "CVCylinder", "id_string": "ob383", "world_size": [0.12, 0.005, 0.12], "id": 383, "camera_size": [48, 11], "camera_position": [246, 506], "world_position": [0.01705340778033152, 0.6681700940011559, -0.1741100071296328], "world_orientation": [-2.7453218123545304e-05, 0.004011887342172323, 0.999991951970752, -0.0007625260845230913, -0.9999916617108549, 0.004011865243709917, 0.9999997089001034, -0.0007624098090796111, 3.0512157957614716e-05], "world_rotation": [0.0, 1.0, 0.0, 0.0]}, {"color": "CVPurple", "id_name": "object196987555537739", "shape": "CVSphere", "id_string": "ob576", "world_size": [0.1, 0.1, 0.1], "id": 576, "camera_size": [41, 41], "camera_position": [256, 254], "world_position": [0.705, 0.6498037994254439, -0.15], "world_orientation": [1.0, 8.100187187665134e-17, -1.2653630886983698e-17, -8.100187187665134e-17, 1.0, -1.9397816686250694e-16, 1.2653630886983698e-17, 1.9397816686250694e-16, 1.0], "world_rotation": [-0.9211093596285536, 0.06008602943210125, 0.38463907325148433, -2.1059189642881336e-16]}], "source": "action wait"}
{"timestamp": 1706067658.549296, "objects": [{"color": "cv_", "id_name": "hand", "shape": "CVCylinder", "id_string": "ob383", "world_size": [0.12, 0.005, 0.12], "id": 383, "camera_size": [48, 9], "camera_position": [246, 507], "world_position": [0.01282770818190303, 0.6679304402232711, -0.17410969456921102], "world_orientation": [-1.9734936089600885e-05, 0.002390217922854457, 0.9999971432303264, -0.0007624515145772281, -0.9999968527956569, 0.0023902021816758242, 0.999999709139068, -0.0007624021659419298, 2.1557299255539464e-05], "world_rotation": [0.0, 1.0, 0.0, 0.0]}, {"color": "CVPurple", "id_name": "object196987555537739", "shape": "CVSphere", "id_string": "ob576", "world_size": [0.1, 0.1, 0.1], "id": 576, "camera_size": [41, 41], "camera_position": [256, 254], "world_position": [0.705, 0.6498037994254439, -0.15], "world_orientation": [1.0, 8.100187187665134e-17, -1.2653630886983698e-17, -8.100187187665134e-17, 1.0, -1.9397816686250694e-16, 1.2653630886983698e-17, 1.9397816686250694e-16, 1.0], "world_rotation": [-0.9211093596285536, 0.06008602943210125, 0.38463907325148433, -2.1059189642881336e-16]}], "source": "action wait"}
{"timestamp": 1706067658.580305, "objects": [{"color": "cv_", "id_name": "hand", "shape": "CVCylinder", "id_string": "ob383", "world_size": [0.12, 0.005, 0.12], "id": 383, "camera_size": [48, 8], "camera_position": [246, 507], "world_position": [0.00984879546051545, 0.667750259300535, -0.17410937250751157], "world_orientation": [-1.4546398529394057e-05, 0.0012440959675759982, 0.9999992260065134, -0.0007624809216409754, -0.9999989354377156, 0.0012440845147207356, 0.9999997092055809, -0.0007624622345369306, 1.549498248417855e-05], "world_rotation": [0.0, 1.0, 0.0, 0.0]}, {"color": "CVPurple", "id_name": "object196987555537739", "shape": "CVSphere", "id_string": "ob576", "world_size": [0.1, 0.1, 0.1], "id": 576, "camera_size": [41, 41], "camera_position": [256, 254], "world_position": [0.705, 0.6498037994254439, -0.15], "world_orientation": [1.0, 8.100187187665134e-17, -1.2653630886983698e-17, -8.100187187665134e-17, 1.0, -1.9397816686250694e-16, 1.2653630886983698e-17, 1.9397816686250694e-16, 1.0], "world_rotation": [-0.9211093596285536, 0.06008602943210125, 0.38463907325148433, -2.1059189642881336e-16]}], "source": "action wait"}
{"timestamp": 1706067658.611602, "objects": [{"color": "cv_", "id_name": "hand", "shape": "CVCylinder", "id_string": "ob383", "world_size": [0.12, 0.005, 0.12], "id": 383, "camera_size": [48, 8], "camera_position": [246, 507], "world_position": [0.007749244196187698, 0.6676189567350806, -0.17410908909672038], "world_orientation": [-1.1069034934254772e-05, 0.0004341225276809408, 0.9999999057075493, -0.0007625587300424434, -0.999999615024552, 0.0004341139606993327, 0.9999997091907876, -0.000762553852916665, 1.14000745967039e-05], "world_rotation": [0.0, 1.0, 0.0, 0.0]}, {"color": "CVPurple", "id_name": "object196987555537739", "shape": "CVSphere", "id_string": "ob576", "world_size": [0.1, 0.1, 0.1], "id": 576, "camera_size": [41, 41], "camera_position": [256, 254], "world_position": [0.705, 0.6498037994254439, -0.15], "world_orientation": [1.0, 8.100187187665134e-17, -1.2653630886983698e-17, -8.100187187665134e-17, 1.0, -1.9397816686250694e-16, 1.2653630886983698e-17, 1.9397816686250694e-16, 1.0], "world_rotation": [-0.9211093596285536, 0.06008602943210125, 0.38463907325148433, -2.1059189642881336e-16]}], "source": "action wait"}
{"timestamp": 1706067658.643701, "objects": [{"color": "cv_", "id_name": "hand", "shape": "CVCylinder", "id_string": "ob383", "world_size": [0.12, 0.005, 0.12], "id": 383, "camera_size": [48, 7], "camera_position": [246, 508], "world_position": [0.00626961421358754, 0.6675250983651266, -0.1741088575103222], "world_orientation": [-8.736606467157171e-06, -0.00013825861993694118, 0.9999999904041128, -0.000762652168386245, -0.9999996996221514, -0.00013826524272550998, 0.9999997091426287, -0.0007626533690373342, 8.631160606944869e-06], "world_rotation": [0.0, 1.0, 0.0, 0.0]}, {"color": "CVPurple", "id_name": "object196987555537739", "shape": "CVSphere", "id_string": "ob576", "world_size": [0.1, 0.1, 0.1], "id": 576, "camera_size": [41, 41], "camera_position": [256, 254], "world_position": [0.705, 0.6498037994254439, -0.15], "world_orientation": [1.0, 8.100187187665134e-17, -1.2653630886983698e-17, -8.100187187665134e-17, 1.0, -1.9397816686250694e-16, 1.2653630886983698e-17, 1.9397816686250694e-16, 1.0], "world_rotation": [-0.9211093596285536, 0.06008602943210125, 0.38463907325148433, -2.1059189642881336e-16]}], "source": "action wait"}
{"timestamp": 1706067658.674757, "objects": [{"color": "cv_", "id_name": "hand", "shape": "CVCylinder", "id_string": "ob383", "world_size": [0.12, 0.005, 0.12], "id": 383, "camera_size": [48, 7], "camera_position": [246, 508], "world_position": [0.005226894667465235, 0.6674588194390463, -0.17410867600889463], "world_orientation": [-7.173084683745355e-06, -0.0005427200344807573, 0.9999998527017447, -0.0007627436298688286, -0.9999995618355801, -0.0005427253478469257, 0.9999997090853087, -0.0007627474105333026, 6.759125292016197e-06], "world_rotation": [0.0, 1.0, 0.0, 0.0]}, {"color": "CVPurple", "id_name": "object196987555537739", "shape": "CVSphere", "id_string": "ob576", "world_size": [0.1, 0.1, 0.1], "id": 576, "camera_size": [41, 41], "camera_position": [256, 254], "world_position": [0.705, 0.6498037994254439, -0.15], "world_orientation": [1.0, 8.100187187665134e-17, -1.2653630886983698e-17, -8.100187187665134e-17, 1.0, -1.9397816686250694e-16, 1.2653630886983698e-17, 1.9397816686250694e-16, 1.0], "world_rotation": [-0.9211093596285536, 0.06008602943210125, 0.38463907325148433, -2.1059189642881336e-16]}], "source": "action wait"}
{"timestamp": 1706067658.70856, "objects": [{"color": "cv_", "id_name": "hand", "shape": "CVCylinder", "id_string": "ob383", "world_size": [0.12, 0.005, 0.12], "id": 383, "camera_size": [48, 7], "camera_position": [246, 508], "world_position": [0.004492062868712186, 0.667412377576705, -0.1741085374195601], "world_orientation": [-6.125855038276883e-06, -0.0008285109232149386, 0.9999996567660032, -0.000762824851000178, -0.9999993658300754, -0.0008285153551268506, 0.9999997090303181, -0.0007628296645381164, 5.493842432254103e-06], "world_rotation": [0.0, 1.0, 0.0, 0.0]}, {"color": "CVPurple", "id_name": "object196987555537739", "shape": "CVSphere", "id_string": "ob576", "world_size": [0.1, 0.1, 0.1], "id": 576, "camera_size": [41, 41], "camera_position": [256, 254], "world_position": [0.705, 0.6498037994254439, -0.15], "world_orientation": [1.0, 8.100187187665134e-17, -1.2653630886983698e-17, -8.100187187665134e-17, 1.0, -1.9397816686250694e-16, 1.2653630886983698e-17, 1.9397816686250694e-16, 1.0], "world_rotation": [-0.9211093596285536, 0.06008602943210125, 0.38463907325148433, -2.1059189642881336e-16]}], "source": "action wait"}
{"timestamp": 1706067658.745488, "objects": [{"color": "CVPurple", "id_name": "object196987555537739", "shape": "CVSphere", "id_string": "ob576", "world_size": [0.1, 0.1, 0.1], "id": 576, "camera_size": [41, 41], "camera_position": [256, 254], "world_position": [0.705, 0.6498037994254439, -0.15], "world_orientation": [1.0, 8.100187187665134e-17, -1.2653630886983698e-17, -8.100187187665134e-17, 1.0, -1.9397816686250694e-16, 1.2653630886983698e-17, 1.9397816686250694e-16, 1.0], "world_rotation": [-0.9211093596285536, 0.06008602943210125, 0.38463907325148433, -2.1059189642881336e-16]}], "source": "action wait"}
{"timestamp": 1706067659.993975, "objects": [{"color": "CVPurple", "id_name": "object196987555537739", "shape": "CVSphere", "id_string": "ob576", "world_size": [0.1, 0.1, 0.1], "id": 576, "camera_size": [41, 41], "camera_position": [256, 254], "world_position": [0.705, 0.6498037994254439, -0.15], "world_orientation": [1.0, 8.100187187665134e-17, -1.2653630886983698e-17, -8.100187187665134e-17, 1.0, -1.9397816686250694e-16, 1.2653630886983698e-17, 1.9397816686250694e-16, 1.0], "world_rotation": [-0.9211093596285536, 0.06008602943210125, 0.38463907325148433, -2.1059189642881336e-16]}], "source": "action wait"}
{"timestamp": 1706067660.027352, "objects": [{"color": "cv_", "id_name": "hand", "shape": "CVCylinder", "id_string": "ob383", "world_size": [0.12, 0.005, 0.12], "id": 383, "camera_size": [51, 11], "camera_position": [246, 506], "world_position": [0.03558306855133822, 0.7233407205646394, -0.17412281889310585], "world_orientation": [0.0001581984415706353, 0.1935692305127826, 0.9810866057448456, -0.0007080426815947498, -0.9810863504182311, 0.193569294307225, 0.9999997368243724, -0.0007252735519038909, -1.815105463545534e-05], "world_rotation": [0.0, 1.0, 0.0, 0.0]}, {"color": "CVPurple", "id_name": "object196987555537739", "shape": "CVSphere", "id_string": "ob576", "world_size": [0.1, 0.1, 0.1], "id": 576, "camera_size": [41, 41], "camera_position": [256, 254], "world_position": [0.705, 0.6498037994254439, -0.15], "world_orientation": [1.0, 8.100187187665134e-17, -1.2653630886983698e-17, -8.100187187665134e-17, 1.0, -1.9397816686250694e-16, 1.2653630886983698e-17, 1.9397816686250694e-16, 1.0], "world_rotation": [-0.9211093596285536, 0.06008602943210125, 0.38463907325148433, -2.1059189642881336e-16]}], "source": "action wait"}
{"timestamp": 1706067660.064361, "objects": [{"color": "cv_", "id_name": "hand", "shape": "CVCylinder", "id_string": "ob383", "world_size": [0.12, 0.005, 0.12], "id": 383, "camera_size": [53, 21], "camera_position": [245, 501], "world_position": [0.08385921468180182, 0.7766060285982015, -0.17412474529585334], "world_orientation": [0.0002576585322284339, 0.29778493217331137, 0.9546329492441673, -0.0007066137683350998, -0.9546326883903699, 0.2977850415208218, 0.9999997171544917, -0.0007512836423603484, -3.555032423109443e-05], "world_rotation": [0.0, 1.0, 0.0, 0.0]}, {"color": "CVPurple", "id_name": "object196987555537739", "shape": "CVSphere", "id_string": "ob576", "world_size": [0.1, 0.1, 0.1], "id": 576, "camera_size": [41, 41], "camera_position": [256, 254], "world_position": [0.705, 0.6498037994254439, -0.15], "world_orientation": [1.0, 8.100187187665134e-17, -1.2653630886983698e-17, -8.100187187665134e-17, 1.0, -1.9397816686250694e-16, 1.2653630886983698e-17, 1.9397816686250694e-16, 1.0], "world_rotation": [-0.9211093596285536, 0.06008602943210125, 0.38463907325148433, -2.1059189642881336e-16]}], "source": "action wait"}
{"timestamp": 1706067660.098167, "objects": [{"color": "cv_", "id_name": "hand", "shape": "CVCylinder", "id_string": "ob383", "world_size": [0.12, 0.005, 0.12], "id": 383, "camera_size": [54, 38], "camera_position": [245, 492], "world_position": [0.14047910527517504, 0.8087599436623085, -0.1741205619501687], "world_orientation": [0.00028947291274601027, 0.3383314507753718, 0.9410269632808961, -0.0007123510513601431, -0.9410266941819653, 0.3383315731541204, 0.9999997043806627, -0.0007682793726064739, -3.139097346809823e-05], "world_rotation": [0.0, 1.0, 0.0, 0.0]}, {"color": "CVPurple", "id_name": "object196987555537739", "shape": "CVSphere", "id_string": "ob576", "world_size": [0.1, 0.1, 0.1], "id": 576, "camera_size": [41, 41], "camera_position": [256, 254], "world_position": [0.705, 0.6498037994254439, -0.15], "world_orientation": [1.0, 8.100187187665134e-17, -1.2653630886983698e-17, -8.100187187665134e-17, 1.0, -1.9397816686250694e-16, 1.2653630886983698e-17, 1.9397816686250694e-16, 1.0], "world_rotation": [-0.9211093596285536, 0.06008602943210125, 0.38463907325148433, -2.1059189642881336e-16]}], "source": "action wait"}
{"timestamp": 1706067660.1299, "objects": [{"color": "cv_", "id_name": "hand", "shape": "CVCylinder", "id_string": "ob383", "world_size": [0.12, 0.005, 0.12], "id": 383, "camera_size": [55, 59], "camera_position": [245, 480], "world_position": [0.20166235129057059, 0.8230511784946645, -0.1741172201660652], "world_orientation": [0.00028775780274865794, 0.3388987291984561, 0.9408228146378671, -0.0007219125998862968, -0.9408225380299718, 0.33889885036252426, 0.9999996980187771, -0.0007767126326821502, -2.607376362563462e-05], "world_rotation": [0.0, 1.0, 0.0, 0.0]}, {"color": "CVPurple", "id_name": "object196987555537739", "shape": "CVSphere", "id_string": "ob576", "world_size": [0.1, 0.1, 0.1], "id": 576, "camera_size": [41, 41], "camera_position": [256, 254], "world_position": [0.705, 0.6498037994254439, -0.15], "world_orientation": [1.0, 8.100187187665134e-17, -1.2653630886983698e-17, -8.100187187665134e-17, 1.0, -1.9397816686250694e-16, 1.2653630886983698e-17, 1.9397816686250694e-16, 1.0], "world_rotation": [-0.9211093596285536, 0.06008602943210125, 0.38463907325148433, -2.1059189642881336e-16]}], "source": "action wait"}
{"timestamp": 1706067660.16139, "objects": [{"color": "cv_", "id_name": "hand", "shape": "CVCylinder", "id_string": "ob383", "world_size": [0.12, 0.005, 0.12], "id": 383, "camera_size": [55, 58], "camera_position": [245, 451], "world_position": [0.2654836823064794, 0.8222373023717892, -0.1741145015642895], "world_orientation": [0.0002626325628056984, 0.3113309682677486, 0.9503015096387056, -0.0007350105929143752, -0.9503012256182413, 0.3113310783521257, 0.9999996953917363, -0.0007802473550358628, -2.07484867419703e-05], "world_rotation": [0.0, 1.0, 0.0, 0.0]}, {"color": "CVPurple", "id_name": "object196987555537739", "shape": "CVSphere", "id_string": "ob576", "world_size": [0.1, 0.1, 0.1], "id": 576, "camera_size": [41, 41], "camera_position": [256, 254], "world_position": [0.705, 0.6498037994254439, -0.15], "world_orientation": [1.0, 8.100187187665134e-17, -1.2653630886983698e-17, -8.100187187665134e-17, 1.0, -1.9397816686250694e-16, 1.2653630886983698e-17, 1.9397816686250694e-16, 1.0], "world_rotation": [-0.9211093596285536, 0.06008602943210125, 0.38463907325148433, -2.1059189642881336e-16]}], "source": "action wait"}
{"timestamp": 1706067660.191415, "objects": [{"color": "cv_", "id_name": "hand", "shape": "CVCylinder", "id_string": "ob383", "world_size": [0.12, 0.005, 0.12], "id": 383, "camera_size": [54, 56], "camera_position": [245, 420], "world_position": [0.329926946381391, 0.8085066515694063, -0.17411210440610095], "world_orientation": [0.0002207524078874579, 0.26330431089578193, 0.9647128024091272, -0.0007494888439836915, -0.9647125113952325, 0.2633044029711168, 0.999999694767377, -0.000781166564017412, -1.561896622000539e-05], "world_rotation": [0.0, 1.0, 0.0, 0.0]}, {"color": "CVPurple", "id_name": "object196987555537739", "shape": "CVSphere", "id_string": "ob576", "world_size": [0.1, 0.1, 0.1], "id": 576, "camera_size": [41, 41], "camera_position": [256, 254], "world_position": [0.705, 0.6498037994254439, -0.15], "world_orientation": [1.0, 8.100187187665134e-17, -1.2653630886983698e-17, -8.100187187665134e-17, 1.0, -1.9397816686250694e-16, 1.2653630886983698e-17, 1.9397816686250694e-16, 1.0], "world_rotation": [-0.9211093596285536, 0.06008602943210125, 0.38463907325148433, -2.1059189642881336e-16]}], "source": "action wait"}
{"timestamp": 1706067660.222473, "objects": [{"color": "cv_", "id_name": "hand", "shape": "CVCylinder", "id_string": "ob383", "world_size": [0.12, 0.005, 0.12], "id": 383, "camera_size": [53, 55], "camera_position": [245, 390], "world_position": [0.3932028851874539, 0.7836352650842848, -0.17410983307478278], "world_orientation": [0.0001667559663319383, 0.2001245503581602, 0.9797704509406231, -0.0007628884521507378, -0.9797701539913847, 0.20012461954719177, 0.9999996950967823, -0.0007808275371008022, -1.0709810351496207e-05], "world_rotation": [0.0, 1.0, 0.0, 0.0]}, {"color": "CVPurple", "id_name": "object196987555537739", "shape": "CVSphere", "id_string": "ob576", "world_size": [0.1, 0.1, 0.1], "id": 576, "camera_size": [41, 41], "camera_position": [256, 254], "world_position": [0.705, 0.6498037994254439, -0.15], "world_orientation": [1.0, 8.100187187665134e-17, -1.2653630886983698e-17, -8.100187187665134e-17, 1.0, -1.9397816686250694e-16, 1.2653630886983698e-17, 1.9397816686250694e-16, 1.0], "world_rotation": [-0.9211093596285536, 0.06008602943210125, 0.38463907325148433, -2.1059189642881336e-16]}], "source": "action wait"}
{"timestamp": 1706067660.255333, "objects": [{"color": "cv_", "id_name": "hand", "shape": "CVCylinder", "id_string": "ob383", "world_size": [0.12, 0.005, 0.12], "id": 383, "camera_size": [52, 53], "camera_position": [245, 365], "world_position": [0.4449567487673441, 0.7556246981823531, -0.1741030208644835], "world_orientation": [0.00010487876844830418, 0.14113839200067968, 0.9899898703036848, -0.0007678375636546187, -0.9899895725461034, 0.14113843089484754, 0.9999996997129149, -0.0007749538348700161, 4.542471907046068e-06], "world_rotation": [0.0, 1.0, 0.0, 0.0]}, {"color": "CVPurple", "id_name": "object196987555537739", "shape": "CVSphere", "id_string": "ob576", "world_size": [0.1, 0.1, 0.1], "id": 576, "camera_size": [41, 41], "camera_position": [256, 254], "world_position": [0.705, 0.6498037994254439, -0.15], "world_orientation": [1.0, 8.100187187665134e-17, -1.2653630886983698e-17, -8.100187187665134e-17, 1.0, -1.9397816686250694e-16, 1.2653630886983698e-17, 1.9397816686250694e-16, 1.0], "world_rotation": [-0.9211093596285536, 0.06008602943210125, 0.38463907325148433, -2.1059189642881336e-16]}], "source": "action wait"}
{"timestamp": 1706067660.289695, "objects": [{"color": "cv_", "id_name": "hand", "shape": "CVCylinder", "id_string": "ob383", "world_size": [0.12, 0.005, 0.12], "id": 383, "camera_size": [51, 52], "camera_position": [246, 348], "world_position": [0.4801036636832613, 0.732650648353467, -0.1740983826622084], "world_orientation": [6.153982788617962e-05, 0.09919299852453804, 0.9950682113586791, -0.0007666316567376229, -0.995067916150323, 0.09919301650901204, 0.9999997042443325, -0.0007689551126046535, 1.4808184501087454e-05], "world_rotation": [0.0, 1.0, 0.0, 0.0]}, {"color": "CVPurple", "id_name": "object196987555537739", "shape": "CVSphere", "id_string": "ob576", "world_size": [0.1, 0.1, 0.1], "id": 576, "camera_size": [41, 41], "camera_position": [256, 254], "world_position": [0.705, 0.6498037994254439, -0.15], "world_orientation": [1.0, 8.100187187665134e-17, -1.2653630886983698e-17, -8.100187187665134e-17, 1.0, -1.9397816686250694e-16, 1.2653630886983698e-17, 1.9397816686250694e-16, 1.0], "world_rotation": [-0.9211093596285536, 0.06008602943210125, 0.38463907325148433, -2.1059189642881336e-16]}], "source": "action wait"}
{"timestamp": 1706067660.325928, "objects": [{"color": "cv_", "id_name": "hand", "shape": "CVCylinder", "id_string": "ob383", "world_size": [0.12, 0.005, 0.12], "id": 383, "camera_size": [51, 51], "camera_position": [246, 338], "world_position": [0.5040474572330758, 0.714934050557629, -0.17409673338101272], "world_orientation": [3.465026523738806e-05, 0.06950896780773369, 0.9975813261051264, -0.0007644345581465985, -0.9975810333893996, 0.06950897396411647, 0.9999997072195399, -0.0007649941446210445, 1.8568609690989334e-05], "world_rotation": [0.0, 1.0, 0.0, 0.0]}, {"color": "CVPurple", "id_name": "object196987555537739", "shape": "CVSphere", "id_string": "ob576", "world_size": [0.1, 0.1, 0.1], "id": 576, "camera_size": [41, 41], "camera_position": [256, 254], "world_position": [0.705, 0.6498037994254439, -0.15], "world_orientation": [1.0, 8.100187187665134e-17, -1.2653630886983698e-17, -8.100187187665134e-17, 1.0, -1.9397816686250694e-16, 1.2653630886983698e-17, 1.9397816686250694e-16, 1.0], "world_rotation": [-0.9211093596285536, 0.06008602943210125, 0.38463907325148433, -2.1059189642881336e-16]}], "source": "action wait"}
{"timestamp": 1706067660.361338, "objects": [{"color": "cv_", "id_name": "hand", "shape": "CVCylinder", "id_string": "ob383", "world_size": [0.12, 0.005, 0.12], "id": 383, "camera_size": [49, 50], "camera_position": [246, 330], "world_position": [0.5204730704193987, 0.7017320868775614, -0.17409668858017105], "world_orientation": [1.8130669246547253e-05, 0.04854226722386472, 0.9988211291137398, -0.0007626980066689702, -0.9988208380953654, 0.04854226692504652, 0.9999997089814724, -0.0007626789879803336, 1.8913800199149594e-05], "world_rotation": [0.0, 1.0, 0.0, 0.0]}, {"color": "CVPurple", "id_name": "object196987555537739", "shape": "CVSphere", "id_string": "ob576", "world_size": [0.1, 0.1, 0.1], "id": 576, "camera_size": [41, 41], "camera_position": [256, 254], "world_position": [0.705, 0.6498037994254439, -0.15], "world_orientation": [1.0, 8.100187187665134e-17, -1.2653630886983698e-17, -8.100187187665134e-17, 1.0, -1.9397816686250694e-16, 1.2653630886983698e-17, 1.9397816686250694e-16, 1.0], "world_rotation": [-0.9211093596285536, 0.06008602943210125, 0.38463907325148433, -2.1059189642881336e-16]}], "source": "action wait"}
{"timestamp": 1706067660.394585, "objects": [{"color": "cv_", "id_name": "hand", "shape": "CVCylinder", "id_string": "ob383", "world_size": [0.12, 0.005, 0.12], "id": 383, "camera_size": [49, 49], "camera_position": [246, 325], "world_position": [0.5318137344124539, 0.6920947230720236, -0.1740974233928427], "world_orientation": [8.105576527617392e-06, 0.033746689993808976, 0.9994304182126745, -0.0007616722954182515, -0.9994301281299959, 0.03374668637621168, 0.999999709894765, -0.000761511997100209, 1.7602961443164667e-05], "world_rotation": [0.0, 1.0, 0.0, 0.0]}, {"color": "CVPurple", "id_name": "object196987555537739", "shape": "CVSphere", "id_string": "ob576", "world_size": [0.1, 0.1, 0.1], "id": 576, "camera_size": [41, 41], "camera_position": [256, 254], "world_position": [0.705, 0.6498037994254439, -0.15], "world_orientation": [1.0, 8.100187187665134e-17, -1.2653630886983698e-17, -8.100187187665134e-17, 1.0, -1.9397816686250694e-16, 1.2653630886983698e-17, 1.9397816686250694e-16, 1.0], "world_rotation": [-0.9211093596285536, 0.06008602943210125, 0.38463907325148433, -2.1059189642881336e-16]}], "source": "action wait"}
{"timestamp": 1706067660.425773, "objects": [{"color": "cv_", "id_name": "hand", "shape": "CVCylinder", "id_string": "ob383", "world_size": [0.12, 0.005, 0.12], "id": 383, "camera_size": [49, 50], "camera_position": [246, 321], "world_position": [0.5396856020069427, 0.6851498468320858, -0.17409846635563864], "world_orientation": [2.114254580334377e-06, 0.023310576445952347, 0.99972827159248, -0.0007612276520221802, -0.9997279819021156, 0.023310571301134363, 0.999999710263954, -0.0007610700893270378, 1.5630975910783603e-05], "world_rotation": [0.0, 1.0, 0.0, 0.0]}, {"color": "CVPurple", "id_name": "object196987555537739", "shape": "CVSphere", "id_string": "ob576", "world_size": [0.1, 0.1, 0.1], "id": 576, "camera_size": [41, 41], "camera_position": [256, 254], "world_position": [0.705, 0.6498037994254439, -0.15], "world_orientation": [1.0, 8.100187187665134e-17, -1.2653630886983698e-17, -8.100187187665134e-17, 1.0, -1.9397816686250694e-16, 1.2653630886983698e-17, 1.9397816686250694e-16, 1.0], "world_rotation": [-0.9211093596285536, 0.06008602943210125, 0.38463907325148433, -2.1059189642881336e-16]}], "source": "action wait"}
{"timestamp": 1706067660.457047, "objects": [{"color": "cv_", "id_name": "hand", "shape": "CVCylinder", "id_string": "ob383", "world_size": [0.12, 0.005, 0.12], "id": 383, "camera_size": [49, 49], "camera_position": [246, 319], "world_position": [0.5451727412165452, 0.6801868040050487, -0.17409956142725586], "world_orientation": [-1.3645335358953314e-06, 0.015950964153729624, 0.9998727752772874, -0.0007611637960649841, -0.9998724856464363, 0.01595095849448517, 0.999999710313865, -0.0007610451915946654, 1.3505655964802657e-05], "world_rotation": [0.0, 1.0, 0.0, 0.0]}, {"color": "CVPurple", "id_name": "object196987555537739", "shape": "CVSphere", "id_string": "ob576", "world_size": [0.1, 0.1, 0.1], "id": 576, "camera_size": [41, 41], "camera_position": [256, 254], "world_position": [0.705, 0.6498037994254439, -0.15], "world_orientation": [1.0, 8.100187187665134e-17, -1.2653630886983698e-17, -8.100187187665134e-17, 1.0, -1.9397816686250694e-16, 1.2653630886983698e-17, 1.9397816686250694e-16, 1.0], "world_rotation": [-0.9211093596285536, 0.06008602943210125, 0.38463907325148433, -2.1059189642881336e-16]}], "source": "action wait"}
{"timestamp": 1706067660.487604, "objects": [{"color": "cv_", "id_name": "hand", "shape": "CVCylinder", "id_string": "ob383", "world_size": [0.12, 0.005, 0.12], "id": 383, "camera_size": [49, 49], "camera_position": [246, 317], "world_position": [0.5490098639489938, 0.6766593814866325, -0.1741005806352008], "world_orientation": [-3.321553090442593e-06, 0.010761389545183239, 0.9999420945654925, -0.0007613129898382853, -0.999941804816226, 0.010761383898010464, 0.9999997101957075, -0.0007612331611712327, 1.1514145441876492e-05], "world_rotation": [0.0, 1.0, 0.0, 0.0]}, {"color": "CVPurple", "id_name": "object196987555537739", "shape": "CVSphere", "id_string": "ob576", "world_size": [0.1, 0.1, 0.1], "id": 576, "camera_size": [41, 41], "camera_position": [256, 254], "world_position": [0.705, 0.6498037994254439, -0.15], "world_orientation": [1.0, 8.100187187665134e-17, -1.2653630886983698e-17, -8.100187187665134e-17, 1.0, -1.9397816686250694e-16, 1.2653630886983698e-17, 1.9397816686250694e-16, 1.0], "world_rotation": [-0.9211093596285536, 0.06008602943210125, 0.38463907325148433, -2.1059189642881336e-16]}], "source": "action wait"}
