{"timestamp": 1706067321.285633, "objects": [{"color": "cv_", "id_name": "hand", "shape": "CVCylinder", "id_string": "ob383", "world_size": [0.12, 0.005, 0.12], "id": 383, "camera_size": [48, 50], "camera_position": [246, 426], "world_position": [0.2676445155401378, 0.6334703013847399, -0.17389260400847842], "world_orientation": [-0.0006415511557956305, 0.19791547486641164, 0.9802188802611982, -0.0007473675260472344, -0.9802189031249678, 0.19791499033238, 0.9999995149268303, -0.0006056111687288702, 0.0007767761690503513], "world_rotation": [0.0, 1.0, 0.0, 0.0]}, {"color": "CVBlue", "id_name": "object199108369077280", "shape": "CVCylinder", "id_string": "ob485", "world_size": [0.09, 0.09, 0.09], "id": 485, "camera_size": [37, 37], "camera_position": [256, 254], "world_position": [0.705, 0.644856964849591, -0.15], "world_orientation": [1.0, -3.248937977869676e-17, -1.2807790779525605e-17, 3.248937977869676e-17, 1.0, -6.497875955739369e-17, 1.2807790779525605e-17, 6.497875955739369e-17, 1.0], "world_rotation": [-0.8808431718627018, 0.17362065899128884, -0.4404215859313497, -7.376881791566185e-17]}], "source": "manual check"}
{"timestamp": 1706067322.311057, "objects": [{"color": "cv_", "id_name": "hand", "shape": "CVCylinder", "id_string": "ob383", "world_size": [0.12, 0.005, 0.12], "id": 383, "camera_size": [48, 50], "camera_position": [246, 426], "world_position": [0.2676445155401378, 0.6334703013847399, -0.17389260400847842], "world_orientation": [-0.0006415511557956305, 0.19791547486641164, 0.9802188802611982, -0.0007473675260472344, -0.9802189031249678, 0.19791499033238, 0.9999995149268303, -0.0006056111687288702, 0.0007767761690503513], "world_rotation": [0.0, 1.0, 0.0, 0.0]}, {"color": "CVBlue", "id_name": "object199108369077280", "shape": "CVCylinder", "id_string": "ob485", "world_size": [0.09, 0.09, 0.09], "id": 485, "camera_size": [37, 37], "camera_position": [256, 254], "world_position": [0.705, 0.6448569696296074, -0.15], "world_orientation": [1.0, -4.331917303826236e-17, -1.1712398707441946e-17, 4.331917303826236e-17, 1.0, -5.775889738434995e-17, 1.1712398707441946e-17, 5.775889738434995e-17, 1.0], "world_rotation": [-0.7896765794068324, 0.16013129347666225, -0.5922574345551229, -7.314247236221149e-17]}], "source": "manual check"}
{"timestamp": 1706067323.289428, "objects": [{"color": "cv_", "id_name": "hand", "shape": "CVCylinder", "id_string": "ob383", "world_size": [0.12, 0.005, 0.12], "id": 383, "camera_size": [48, 50], "camera_position": [246, 426], "world_position": [0.2676445155401378, 0.6334703013847399, -0.17389260400847842], "world_orientation": [-0.0006415511557956305, 0.19791547486641164, 0.9802188802611982, -0.0007473675260472344, -0.9802189031249678, 0.19791499033238, 0.9999995149268303, -0.0006056111687288702, 0.0007767761690503513], "world_rotation": [0.0, 1.0, 0.0, 0.0]}, {"color": "CVBlue", "id_name": "object199108369077280", "shape": "CVCylinder", "id_string": "ob485", "world_size": [0.09, 0.09, 0.09], "id": 485, "camera_size": [37, 37], "camera_position": [256, 254], "world_position": [0.705, 0.6448569696296074, -0.15], "world_orientation": [1.0, -4.331917303826236e-17, -1.1712398707441946e-17, 4.331917303826236e-17, 1.0, -5.775889738434995e-17, 1.1712398707441946e-17, 5.775889738434995e-17, 1.0], "world_rotation": [-0.7896765794068324, 0.16013129347666225, -0.5922574345551229, -7.314247236221149e-17]}], "source": "action wait"}
{"timestamp": 1706067323.319676, "objects": [{"color": "cv_", "id_name": "hand", "shape": "CVCylinder", "id_string": "ob383", "world_size": [0.12, 0.005, 0.12], "id": 383, "camera_size": [48, 50], "camera_position": [246, 444], "world_position": [0.2250991426646683, 0.6416776017477562, -0.17397247098501323], "world_orientation": [-0.0005243734571282046, 0.0877599108789411, 0.9961415175942613, -0.0007630957678115856, -0.9961413996301504, 0.08775949878921467, 0.9999995713585714, -0.0007141326244419783, 0.0005893193260882275], "world_rotation": [0.0, 1.0, 0.0, 0.0]}, {"color": "CVBlue", "id_name": "object199108369077280", "shape": "CVCylinder", "id_string": "ob485", "world_size": [0.09, 0.09, 0.09], "id": 485, "camera_size": [37, 37], "camera_position": [256, 254], "world_position": [0.705, 0.6448569696296074, -0.15], "world_orientation": [1.0, -4.331917303826236e-17, -1.1712398707441946e-17, 4.331917303826236e-17, 1.0, -5.775889738434995e-17, 1.1712398707441946e-17, 5.775889738434995e-17, 1.0], "world_rotation": [-0.7896765794068324, 0.16013129347666225, -0.5922574345551229, -7.314247236221149e-17]}], "source": "action wait"}
{"timestamp": 1706067323.352732, "objects": [{"color": "cv_", "id_name": "hand", "shape": "CVCylinder", "id_string": "ob383", "world_size": [0.12, 0.005, 0.12], "id": 383, "camera_size": [48, 50], "camera_position": [246, 470], "world_position": [0.1638670241836483, 0.6571116666402873, -0.1740383999698592], "world_orientation": [-0.0003799251668728217, 0.060324247339881086, 0.9981787619658838, -0.0007693266985122223, -0.9981785562450565, 0.060323942087415885, 0.9999996318965816, -0.0007450069877045783, 0.0004256422085968864], "world_rotation": [0.0, 1.0, 0.0, 0.0]}, {"color": "CVBlue", "id_name": "object199108369077280", "shape": "CVCylinder", "id_string": "ob485", "world_size": [0.09, 0.09, 0.09], "id": 485, "camera_size": [37, 37], "camera_position": [256, 254], "world_position": [0.705, 0.6448569696296074, -0.15], "world_orientation": [1.0, -4.331917303826236e-17, -1.1712398707441946e-17, 4.331917303826236e-17, 1.0, -5.775889738434995e-17, 1.1712398707441946e-17, 5.775889738434995e-17, 1.0], "world_rotation": [-0.7896765794068324, 0.16013129347666225, -0.5922574345551229, -7.314247236221149e-17]}], "source": "action wait"}
{"timestamp": 1706067323.395542, "objects": [{"color": "cv_", "id_name": "hand", "shape": "CVCylinder", "id_string": "ob383", "world_size": [0.12, 0.005, 0.12], "id": 383, "camera_size": [48, 46], "camera_position": [246, 488], "world_position": [0.11761512244622432, 0.6637246271510548, -0.17407773929143527], "world_orientation": [-0.00025835688855082515, 0.042222430099203914, 0.9991082021724355, -0.0007699561041231924, -0.9991079477639163, 0.042222220246849095, 0.9999996702096037, -0.0007583610574918947, 0.00029063583849686214], "world_rotation": [0.0, 1.0, 0.0, 0.0]}, {"color": "CVBlue", "id_name": "object199108369077280", "shape": "CVCylinder", "id_string": "ob485", "world_size": [0.09, 0.09, 0.09], "id": 485, "camera_size": [37, 37], "camera_position": [256, 254], "world_position": [0.705, 0.6448569696296074, -0.15], "world_orientation": [1.0, -4.331917303826236e-17, -1.1712398707441946e-17, 4.331917303826236e-17, 1.0, -5.775889738434995e-17, 1.1712398707441946e-17, 5.775889738434995e-17, 1.0], "world_rotation": [-0.7896765794068324, 0.16013129347666225, -0.5922574345551229, -7.314247236221149e-17]}], "source": "action wait"}
{"timestamp": 1706067323.4316, "objects": [{"color": "cv_", "id_name": "hand", "shape": "CVCylinder", "id_string": "ob383", "world_size": [0.12, 0.005, 0.12], "id": 383, "camera_size": [48, 34], "camera_position": [246, 494], "world_position": [0.0841883766826597, 0.6660511445907147, -0.17409653528571017], "world_orientation": [-0.0001754962612252446, 0.02941173365667009, 0.9995673659760865, -0.0007680372137498765, -0.9995670905201955, 0.02941159070553034, 0.9999996896599022, -0.0007625433105144226, 0.00019800959319968725], "world_rotation": [0.0, 1.0, 0.0, 0.0]}, {"color": "CVBlue", "id_name": "object199108369077280", "shape": "CVCylinder", "id_string": "ob485", "world_size": [0.09, 0.09, 0.09], "id": 485, "camera_size": [37, 37], "camera_position": [256, 254], "world_position": [0.705, 0.6448569696296074, -0.15], "world_orientation": [1.0, -4.331917303826236e-17, -1.1712398707441946e-17, 4.331917303826236e-17, 1.0, -5.775889738434995e-17, 1.1712398707441946e-17, 5.775889738434995e-17, 1.0], "world_rotation": [-0.7896765794068324, 0.16013129347666225, -0.5922574345551229, -7.314247236221149e-17]}], "source": "action wait"}
{"timestamp": 1706067323.465998, "objects": [{"color": "cv_", "id_name": "hand", "shape": "CVCylinder", "id_string": "ob383", "world_size": [0.12, 0.005, 0.12], "id": 383, "camera_size": [48, 26], "camera_position": [246, 498], "world_position": [0.06030683768427576, 0.6665238432267587, -0.17410508014212234], "world_orientation": [-0.0001194088499030737, 0.02034942105100838, 0.9997929219615507, -0.0007659057902829025, -0.9997926377052346, 0.020349323790487248, 0.9999996995648784, -0.0007633172986644399, 0.00013496982842218627], "world_rotation": [0.0, 1.0, 0.0, 0.0]}, {"color": "CVBlue", "id_name": "object199108369077280", "shape": "CVCylinder", "id_string": "ob485", "world_size": [0.09, 0.09, 0.09], "id": 485, "camera_size": [37, 37], "camera_position": [256, 254], "world_position": [0.705, 0.6448569696296074, -0.15], "world_orientation": [1.0, -4.331917303826236e-17, -1.1712398707441946e-17, 4.331917303826236e-17, 1.0, -5.775889738434995e-17, 1.1712398707441946e-17, 5.775889738434995e-17, 1.0], "world_rotation": [-0.7896765794068324, 0.16013129347666225, -0.5922574345551229, -7.314247236221149e-17]}], "source": "action wait"}
{"timestamp": 1706067323.498578, "objects": [{"color": "cv_", "id_name": "hand", "shape": "CVCylinder", "id_string": "ob383", "world_size": [0.12, 0.005, 0.12], "id": 383, "camera_size": [48, 20], "camera_position": [246, 501], "world_position": [0.04334974464621887, 0.6662848065950068, -0.17410866343524006], "world_orientation": [-8.158131403883018e-05, 0.01394055043981924, 0.9999028224772266, -0.0007642814062918358, -0.9999025346391696, 0.013940484069667691, 0.9999997046091671, -0.0007630698523096846, 9.222786618161696e-05], "world_rotation": [0.0, 1.0, 0.0, 0.0]}, {"color": "CVBlue", "id_name": "object199108369077280", "shape": "CVCylinder", "id_string": "ob485", "world_size": [0.09, 0.09, 0.09], "id": 485, "camera_size": [37, 37], "camera_position": [256, 254], "world_position": [0.705, 0.6448569696296074, -0.15], "world_orientation": [1.0, -4.331917303826236e-17, -1.1712398707441946e-17, 4.331917303826236e-17, 1.0, -5.775889738434995e-17, 1.1712398707441946e-17, 5.775889738434995e-17, 1.0], "world_rotation": [-0.7896765794068324, 0.16013129347666225, -0.5922574345551229, -7.314247236221149e-17]}], "source": "action wait"}
{"timestamp": 1706067323.529923, "objects": [{"color": "cv_", "id_name": "hand", "shape": "CVCylinder", "id_string": "ob383", "world_size": [0.12, 0.005, 0.12], "id": 383, "camera_size": [48, 16], "camera_position": [246, 503], "world_position": [0.031350208249639584, 0.6658407165434768, -0.17410992310153542], "world_orientation": [-5.61141574779648e-05, 0.00940905813235584, 0.9999557322583152, -0.0007632478631806464, -0.9999554429748255, 0.009409012579443822, 0.9999997071519077, -0.0007626860971081793, 6.32931007124682e-05], "world_rotation": [0.0, 1.0, 0.0, 0.0]}, {"color": "CVBlue", "id_name": "object199108369077280", "shape": "CVCylinder", "id_string": "ob485", "world_size": [0.09, 0.09, 0.09], "id": 485, "camera_size": [37, 37], "camera_position": [256, 254], "world_position": [0.705, 0.6448569696296074, -0.15], "world_orientation": [1.0, -4.331917303826236e-17, -1.1712398707441946e-17, 4.331917303826236e-17, 1.0, -5.775889738434995e-17, 1.1712398707441946e-17, 5.775889738434995e-17, 1.0], "world_rotation": [-0.7896765794068324, 0.16013129347666225, -0.5922574345551229, -7.314247236221149e-17]}], "source": "action wait"}
{"timestamp": 1706067323.559167, "objects": [{"color": "cv_", "id_name": "hand", "shape": "CVCylinder", "id_string": "ob383", "world_size": [0.12, 0.005, 0.12], "id": 383, "camera_size": [48, 13], "camera_position": [246, 505], "world_position": [0.022874985658757917, 0.6653975067542576, -0.17411014934715355], "world_orientation": [-3.897670041690463e-05, 0.006205439349219438, 0.9999807453162786, -0.0007626837116020636, -0.9999804554226591, 0.006205407822800799, 0.999999708397144, -0.0007624271600471014, 4.370872614911961e-05], "world_rotation": [0.0, 1.0, 0.0, 0.0]}, {"color": "CVBlue", "id_name": "object199108369077280", "shape": "CVCylinder", "id_string": "ob485", "world_size": [0.09, 0.09, 0.09], "id": 485, "camera_size": [37, 37], "camera_position": [256, 254], "world_position": [0.705, 0.6448569696296074, -0.15], "world_orientation": [1.0, -4.331917303826236e-17, -1.1712398707441946e-17, 4.331917303826236e-17, 1.0, -5.775889738434995e-17, 1.1712398707441946e-17, 5.775889738434995e-17, 1.0], "world_rotation": [-0.7896765794068324, 0.16013129347666225, -0.5922574345551229, -7.314247236221149e-17]}], "source": "action wait"}
{"timestamp": 1706067323.587326, "objects": [{"color": "cv_", "id_name": "hand", "shape": "CVCylinder", "id_string": "ob383", "world_size": [0.12, 0.005, 0.12], "id": 383, "camera_size": [48, 11], "camera_position": [246, 506], "world_position": [0.016895396414689436, 0.6650251037449411, -0.1741099590954192], "world_orientation": [-2.746929054239393e-05, 0.0039408298485862844, 0.9999922345226201, -0.0007624363047346141, -0.9999919443300882, 0.003940807761231486, 0.9999997089681173, -0.0007623221328597291, 3.0473701006566242e-05], "world_rotation": [0.0, 1.0, 0.0, 0.0]}, {"color": "CVBlue", "id_name": "object199108369077280", "shape": "CVCylinder", "id_string": "ob485", "world_size": [0.09, 0.09, 0.09], "id": 485, "camera_size": [37, 37], "camera_position": [256, 254], "world_position": [0.705, 0.6448569696296074, -0.15], "world_orientation": [1.0, -4.331917303826236e-17, -1.1712398707441946e-17, 4.331917303826236e-17, 1.0, -5.775889738434995e-17, 1.1712398707441946e-17, 5.775889738434995e-17, 1.0], "world_rotation": [-0.7896765794068324, 0.16013129347666225, -0.5922574345551229, -7.314247236221149e-17]}], "source": "action wait"}
{"timestamp": 1706067323.6232, "objects": [{"color": "cv_", "id_name": "hand", "shape": "CVCylinder", "id_string": "ob383", "world_size": [0.12, 0.005, 0.12], "id": 383, "camera_size": [48, 10], "camera_position": [246, 506], "world_position": [0.012679113209542276, 0.6647359078699032, -0.17410963746633212], "world_orientation": [-1.9733180122612252e-05, 0.0023401411273057523, 0.9999972616713038, -0.000762379343654057, -0.9999969712908294, 0.002340125403562969, 0.9999997091941268, -0.0007623310778930885, 2.151719561360701e-05], "world_rotation": [0.0, 1.0, 0.0, 0.0]}, {"color": "CVBlue", "id_name": "object199108369077280", "shape": "CVCylinder", "id_string": "ob485", "world_size": [0.09, 0.09, 0.09], "id": 485, "camera_size": [37, 37], "camera_position": [256, 254], "world_position": [0.705, 0.6448569696296074, -0.15], "world_orientation": [1.0, -4.331917303826236e-17, -1.1712398707441946e-17, 4.331917303826236e-17, 1.0, -5.775889738434995e-17, 1.1712398707441946e-17, 5.775889738434995e-17, 1.0], "world_rotation": [-0.7896765794068324, 0.16013129347666225, -0.5922574345551229, -7.314247236221149e-17]}], "source": "action wait"}
{"timestamp": 1706067323.657106, "objects": [{"color": "cv_", "id_name": "hand", "shape": "CVCylinder", "id_string": "ob383", "world_size": [0.12, 0.005, 0.12], "id": 383, "camera_size": [48, 9], "camera_position": [246, 507], "world_position": [0.009707136477309147, 0.6645208181183861, -0.17410930855034867], "world_orientation": [-1.4546706613146306e-05, 0.001208816965557049, 0.9999992692747017, -0.0007624243900587902, -0.9999989787486064, 0.0012088055235923254, 0.9999997092486792, -0.0007624062487970457, 1.5468323295323995e-05], "world_rotation": [0.0, 1.0, 0.0, 0.0]}, {"color": "CVBlue", "id_name": "object199108369077280", "shape": "CVCylinder", "id_string": "ob485", "world_size": [0.09, 0.09, 0.09], "id": 485, "camera_size": [37, 37], "camera_position": [256, 254], "world_position": [0.705, 0.6448569696296074, -0.15], "world_orientation": [1.0, -4.331917303826236e-17, -1.1712398707441946e-17, 4.331917303826236e-17, 1.0, -5.775889738434995e-17, 1.1712398707441946e-17, 5.775889738434995e-17, 1.0], "world_rotation": [-0.7896765794068324, 0.16013129347666225, -0.5922574345551229, -7.314247236221149e-17]}], "source": "action wait"}
{"timestamp": 1706067323.691521, "objects": [{"color": "cv_", "id_name": "hand", "shape": "CVCylinder", "id_string": "ob383", "world_size": [0.12, 0.005, 0.12], "id": 383, "camera_size": [48, 8], "camera_position": [246, 507], "world_position": [0.0076125954097000315, 0.6643649215152687, -0.17410902001891432], "world_orientation": [-1.1062932549673596e-05, 0.00040928106532704065, 0.9999999161833071, -0.0007625152514518237, -0.9999996255331817, 0.0004092725107141862, 0.9999997092240093, -0.0007625106597865158, 1.1375011461779378e-05], "world_rotation": [0.0, 1.0, 0.0, 0.0]}, {"color": "CVBlue", "id_name": "object199108369077280", "shape": "CVCylinder", "id_string": "ob485", "world_size": [0.09, 0.09, 0.09], "id": 485, "camera_size": [37, 37], "camera_position": [256, 254], "world_position": [0.705, 0.6448569696296074, -0.15], "world_orientation": [1.0, -4.331917303826236e-17, -1.1712398707441946e-17, 4.331917303826236e-17, 1.0, -5.775889738434995e-17, 1.1712398707441946e-17, 5.775889738434995e-17, 1.0], "world_rotation": [-0.7896765794068324, 0.16013129347666225, -0.5922574345551229, -7.314247236221149e-17]}], "source": "action wait"}
{"timestamp": 1706067323.724937, "objects": [{"color": "cv_", "id_name": "hand", "shape": "CVCylinder", "id_string": "ob383", "world_size": [0.12, 0.005, 0.12], "id": 383, "camera_size": [48, 7], "camera_position": [246, 508], "world_position": [0.0061365398460595305, 0.6642537365894108, -0.17410878463899523], "world_orientation": [-8.727853611324748e-06, -0.00015573769488123497, 0.9999999878347976, -0.0007626192034813011, -0.999999697077785, -0.00015574430562787685, 0.9999997091678452, -0.0007626205535177137, 8.609082411005405e-06], "world_rotation": [0.0, 1.0, 0.0, 0.0]}, {"color": "CVBlue", "id_name": "object199108369077280", "shape": "CVCylinder", "id_string": "ob485", "world_size": [0.09, 0.09, 0.09], "id": 485, "camera_size": [37, 37], "camera_position": [256, 254], "world_position": [0.705, 0.6448569696296074, -0.15], "world_orientation": [1.0, -4.331917303826236e-17, -1.1712398707441946e-17, 4.331917303826236e-17, 1.0, -5.775889738434995e-17, 1.1712398707441946e-17, 5.775889738434995e-17, 1.0], "world_rotation": [-0.7896765794068324, 0.16013129347666225, -0.5922574345551229, -7.314247236221149e-17]}], "source": "action wait"}
{"timestamp": 1706067323.759111, "objects": [{"color": "cv_", "id_name": "hand", "shape": "CVCylinder", "id_string": "ob383", "world_size": [0.12, 0.005, 0.12], "id": 383, "camera_size": [48, 7], "camera_position": [246, 508], "world_position": [0.005096350049931159, 0.664175250597946, -0.17410860034512124], "world_orientation": [-7.164258131369758e-06, -0.0005550056748944356, 0.9999998459586754, -0.0007627189128995948, -0.9999995551112384, -0.000555010977787929, 0.9999997091042243, -0.0007627227716516027, 6.7409416194269525e-06], "world_rotation": [0.0, 1.0, 0.0, 0.0]}, {"color": "CVBlue", "id_name": "object199108369077280", "shape": "CVCylinder", "id_string": "ob485", "world_size": [0.09, 0.09, 0.09], "id": 485, "camera_size": [37, 37], "camera_position": [256, 254], "world_position": [0.705, 0.6448569696296074, -0.15], "world_orientation": [1.0, -4.331917303826236e-17, -1.1712398707441946e-17, 4.331917303826236e-17, 1.0, -5.775889738434995e-17, 1.1712398707441946e-17, 5.775889738434995e-17, 1.0], "world_rotation": [-0.7896765794068324, 0.16013129347666225, -0.5922574345551229, -7.314247236221149e-17]}], "source": "action wait"}
{"timestamp": 1706067323.791331, "objects": [{"color": "cv_", "id_name": "hand", "shape": "CVCylinder", "id_string": "ob383", "world_size": [0.12, 0.005, 0.12], "id": 383, "camera_size": [48, 7], "camera_position": [246, 508], "world_position": [0.004363299453805328, 0.6641202078784125, -0.17410845971091657], "world_orientation": [-6.118407115879386e-06, -0.0008371330055967559, 0.9999996495853867, -0.0007628064810938724, -0.999999358663393, -0.00083713742921782, 0.9999997090443765, -0.000762811335743268, 5.479832710077808e-06], "world_rotation": [0.0, 1.0, 0.0, 0.0]}, {"color": "CVBlue", "id_name": "object199108369077280", "shape": "CVCylinder", "id_string": "ob485", "world_size": [0.09, 0.09, 0.09], "id": 485, "camera_size": [37, 37], "camera_position": [256, 254], "world_position": [0.705, 0.6448569696296074, -0.15], "world_orientation": [1.0, -4.331917303826236e-17, -1.1712398707441946e-17, 4.331917303826236e-17, 1.0, -5.775889738434995e-17, 1.1712398707441946e-17, 5.775889738434995e-17, 1.0], "world_rotation": [-0.7896765794068324, 0.16013129347666225, -0.5922574345551229, -7.314247236221149e-17]}], "source": "action wait"}
{"timestamp": 1706067323.822165, "objects": [{"color": "cv_", "id_name": "hand", "shape": "CVCylinder", "id_string": "ob383", "world_size": [0.12, 0.005, 0.12], "id": 383, "camera_size": [48, 7], "camera_position": [246, 508], "world_position": [0.003846674011581736, 0.6640817626954385, -0.17410835422388], "world_orientation": [-5.419657028580993e-06, -0.0010364787466439888, 0.9999994628410733, -0.0007628794025511978, -0.9999991718590969, -0.0010364825795936396, 0.9999997089927799, -0.0007628846101441483, 4.6289442537082375e-06], "world_rotation": [0.0, 1.0, 0.0, 0.0]}, {"color": "CVBlue", "id_name": "object199108369077280", "shape": "CVCylinder", "id_string": "ob485", "world_size": [0.09, 0.09, 0.09], "id": 485, "camera_size": [37, 37], "camera_position": [256, 254], "world_position": [0.705, 0.6448569696296074, -0.15], "world_orientation": [1.0, -4.331917303826236e-17, -1.1712398707441946e-17, 4.331917303826236e-17, 1.0, -5.775889738434995e-17, 1.1712398707441946e-17, 5.775889738434995e-17, 1.0], "world_rotation": [-0.7896765794068324, 0.16013129347666225, -0.5922574345551229, -7.314247236221149e-17]}], "source": "action wait"}
{"timestamp": 1706067323.851071, "objects": [{"color": "cv_", "id_name": "hand", "shape": "CVCylinder", "id_string": "ob383", "world_size": [0.12, 0.005, 0.12], "id": 383, "camera_size": [48, 7], "camera_position": [246, 508], "world_position": [0.0034825552714420065, 0.6640549746298114, -0.17410827605195825], "world_orientation": [-4.953392619456537e-06, -0.001177327082307074, 0.9999993069379625, -0.0007629380063514582, -0.9999990159087397, -0.0011773305188040933, 0.999999708950489, -0.00076294330936873, 4.055160168230913e-06], "world_rotation": [0.0, 1.0, 0.0, 0.0]}, {"color": "CVBlue", "id_name": "object199108369077280", "shape": "CVCylinder", "id_string": "ob485", "world_size": [0.09, 0.09, 0.09], "id": 485, "camera_size": [37, 37], "camera_position": [256, 254], "world_position": [0.705, 0.6448569696296074, -0.15], "world_orientation": [1.0, -4.331917303826236e-17, -1.1712398707441946e-17, 4.331917303826236e-17, 1.0, -5.775889738434995e-17, 1.1712398707441946e-17, 5.775889738434995e-17, 1.0], "world_rotation": [-0.7896765794068324, 0.16013129347666225, -0.5922574345551229, -7.314247236221149e-17]}], "source": "action wait"}
{"timestamp": 1706067323.881522, "objects": [{"color": "cv_", "id_name": "hand", "shape": "CVCylinder", "id_string": "ob383", "world_size": [0.12, 0.005, 0.12], "id": 383, "camera_size": [48, 7], "camera_position": [246, 508], "world_position": [0.003225907202645907, 0.6640363327208181, -0.17410821863268952], "world_orientation": [-4.642726803664837e-06, -0.001276840369341703, 0.999999184828226, -0.0007629839252697859, -0.9999988937624401, -0.001276843540025171, 0.9999997089169452, -0.0007629892313429369, 3.668512991126705e-06], "world_rotation": [0.0, 1.0, 0.0, 0.0]}, {"color": "CVBlue", "id_name": "object199108369077280", "shape": "CVCylinder", "id_string": "ob485", "world_size": [0.09, 0.09, 0.09], "id": 485, "camera_size": [37, 37], "camera_position": [256, 254], "world_position": [0.705, 0.6448569696296074, -0.15], "world_orientation": [1.0, -4.331917303826236e-17, -1.1712398707441946e-17, 4.331917303826236e-17, 1.0, -5.775889738434995e-17, 1.1712398707441946e-17, 5.775889738434995e-17, 1.0], "world_rotation": [-0.7896765794068324, 0.16013129347666225, -0.5922574345551229, -7.314247236221149e-17]}], "source": "action wait"}
{"timestamp": 1706067324.90166, "objects": [{"color": "CVBlue", "id_name": "object199108369077280", "shape": "CVCylinder", "id_string": "ob485", "world_size": [0.09, 0.09, 0.09], "id": 485, "camera_size": [37, 37], "camera_position": [256, 254], "world_position": [0.705, 0.6448569696296074, -0.15], "world_orientation": [1.0, -4.331917303826236e-17, -1.1712398707441946e-17, 4.331917303826236e-17, 1.0, -5.775889738434995e-17, 1.1712398707441946e-17, 5.775889738434995e-17, 1.0], "world_rotation": [-0.7896765794068324, 0.16013129347666225, -0.5922574345551229, -7.314247236221149e-17]}], "source": "action wait"}
{"timestamp": 1706067324.933274, "objects": [{"color": "cv_", "id_name": "hand", "shape": "CVCylinder", "id_string": "ob383", "world_size": [0.12, 0.005, 0.12], "id": 383, "camera_size": [51, 11], "camera_position": [246, 506], "world_position": [0.0354417293617529, 0.720165473418684, -0.17412270204915054], "world_orientation": [0.00015847385643565662, 0.194033790857099, 0.9809948332645082, -0.000707769338417511, -0.9809945781108839, 0.19403385472543921, 0.9999997369742657, -0.0007250673573683214, -1.8130826149702906e-05], "world_rotation": [0.0, 1.0, 0.0, 0.0]}, {"color": "CVBlue", "id_name": "object199108369077280", "shape": "CVCylinder", "id_string": "ob485", "world_size": [0.09, 0.09, 0.09], "id": 485, "camera_size": [37, 37], "camera_position": [256, 254], "world_position": [0.705, 0.6448569696296074, -0.15], "world_orientation": [1.0, -4.331917303826236e-17, -1.1712398707441946e-17, 4.331917303826236e-17, 1.0, -5.775889738434995e-17, 1.1712398707441946e-17, 5.775889738434995e-17, 1.0], "world_rotation": [-0.7896765794068324, 0.16013129347666225, -0.5922574345551229, -7.314247236221149e-17]}], "source": "action wait"}
{"timestamp": 1706067324.965936, "objects": [{"color": "cv_", "id_name": "hand", "shape": "CVCylinder", "id_string": "ob383", "world_size": [0.12, 0.005, 0.12], "id": 383, "camera_size": [52, 21], "camera_position": [245, 501], "world_position": [0.08355654037720696, 0.7737372908486129, -0.1741246223579886], "world_orientation": [0.00025848748112296504, 0.29908031811844127, 0.9542279059524479, -0.0007062072549298775, -0.9542276452848808, 0.2990804277203459, 0.9999997172277277, -0.000751191216455013, -3.544320998515123e-05], "world_rotation": [0.0, 1.0, 0.0, 0.0]}, {"color": "CVBlue", "id_name": "object199108369077280", "shape": "CVCylinder", "id_string": "ob485", "world_size": [0.09, 0.09, 0.09], "id": 485, "camera_size": [37, 37], "camera_position": [256, 254], "world_position": [0.705, 0.6448569696296074, -0.15], "world_orientation": [1.0, -4.331917303826236e-17, -1.1712398707441946e-17, 4.331917303826236e-17, 1.0, -5.775889738434995e-17, 1.1712398707441946e-17, 5.775889738434995e-17, 1.0], "world_rotation": [-0.7896765794068324, 0.16013129347666225, -0.5922574345551229, -7.314247236221149e-17]}], "source": "action wait"}
{"timestamp": 1706067325.000805, "objects": [{"color": "cv_", "id_name": "hand", "shape": "CVCylinder", "id_string": "ob383", "world_size": [0.12, 0.005, 0.12], "id": 383, "camera_size": [54, 38], "camera_position": [245, 492], "world_position": [0.13992003690697177, 0.8061470768580812, -0.17412047285964996], "world_orientation": [0.0002908878260534158, 0.34026638878029264, 0.9403290381832794, -0.0007117521576058067, -0.9403287693365855, 0.3402665116740243, 0.9999997043965257, -0.0007682606076461956, -3.1344855112227016e-05], "world_rotation": [0.0, 1.0, 0.0, 0.0]}, {"color": "CVBlue", "id_name": "object199108369077280", "shape": "CVCylinder", "id_string": "ob485", "world_size": [0.09, 0.09, 0.09], "id": 485, "camera_size": [37, 37], "camera_position": [256, 254], "world_position": [0.705, 0.6448569696296074, -0.15], "world_orientation": [1.0, -4.331917303826236e-17, -1.1712398707441946e-17, 4.331917303826236e-17, 1.0, -5.775889738434995e-17, 1.1712398707441946e-17, 5.775889738434995e-17, 1.0], "world_rotation": [-0.7896765794068324, 0.16013129347666225, -0.5922574345551229, -7.314247236221149e-17]}], "source": "action wait"}
{"timestamp": 1706067325.039217, "objects": [{"color": "cv_", "id_name": "hand", "shape": "CVCylinder", "id_string": "ob383", "world_size": [0.12, 0.005, 0.12], "id": 383, "camera_size": [55, 59], "camera_position": [245, 480], "world_position": [0.20085546234580945, 0.8206596743210807, -0.17411715714254516], "world_orientation": [0.0002896017302070302, 0.3412974995748467, 0.9399552824016659, -0.0007211930035037111, -0.9399550060908001, 0.34129762144717, 0.9999996980056992, -0.0007767295549613028, -2.6071227273498657e-05], "world_rotation": [0.0, 1.0, 0.0, 0.0]}, {"color": "CVBlue", "id_name": "object199108369077280", "shape": "CVCylinder", "id_string": "ob485", "world_size": [0.09, 0.09, 0.09], "id": 485, "camera_size": [37, 37], "camera_position": [256, 254], "world_position": [0.705, 0.6448569696296074, -0.15], "world_orientation": [1.0, -4.331917303826236e-17, -1.1712398707441946e-17, 4.331917303826236e-17, 1.0, -5.775889738434995e-17, 1.1712398707441946e-17, 5.775889738434995e-17, 1.0], "world_rotation": [-0.7896765794068324, 0.16013129347666225, -0.5922574345551229, -7.314247236221149e-17]}], "source": "action wait"}
{"timestamp": 1706067325.072699, "objects": [{"color": "cv_", "id_name": "hand", "shape": "CVCylinder", "id_string": "ob383", "world_size": [0.12, 0.005, 0.12], "id": 383, "camera_size": [55, 58], "camera_position": [245, 451], "world_position": [0.26444800842933414, 0.8200473696167861, -0.17411445853800306], "world_orientation": [0.00026479889459804447, 0.31408487696394555, 0.949394870401188, -0.0007342650639108198, -0.9493945866870066, 0.3140849879001292, 0.9999996953681343, -0.0007802768427977827, -2.07770848342737e-05], "world_rotation": [0.0, 1.0, 0.0, 0.0]}, {"color": "CVBlue", "id_name": "object199108369077280", "shape": "CVCylinder", "id_string": "ob485", "world_size": [0.09, 0.09, 0.09], "id": 485, "camera_size": [37, 37], "camera_position": [256, 254], "world_position": [0.705, 0.6448569696296074, -0.15], "world_orientation": [1.0, -4.331917303826236e-17, -1.1712398707441946e-17, 4.331917303826236e-17, 1.0, -5.775889738434995e-17, 1.1712398707441946e-17, 5.775889738434995e-17, 1.0], "world_rotation": [-0.7896765794068324, 0.16013129347666225, -0.5922574345551229, -7.314247236221149e-17]}], "source": "action wait"}
{"timestamp": 1706067325.100826, "objects": [{"color": "cv_", "id_name": "hand", "shape": "CVCylinder", "id_string": "ob383", "world_size": [0.12, 0.005, 0.12], "id": 383, "camera_size": [54, 57], "camera_position": [245, 421], "world_position": [0.3286839218513933, 0.8065087814944534, -0.17411207765559752], "world_orientation": [0.00022317379091152848, 0.2663372340089522, 0.9638798825444588, -0.000748801515522153, -0.9638795918142677, 0.26633732705021135, 0.9999996947448283, -0.00078119422776987, -1.5678938021116247e-05], "world_rotation": [0.0, 1.0, 0.0, 0.0]}, {"color": "CVBlue", "id_name": "object199108369077280", "shape": "CVCylinder", "id_string": "ob485", "world_size": [0.09, 0.09, 0.09], "id": 485, "camera_size": [37, 37], "camera_position": [256, 254], "world_position": [0.705, 0.6448569696296074, -0.15], "world_orientation": [1.0, -4.331917303826236e-17, -1.1712398707441946e-17, 4.331917303826236e-17, 1.0, -5.775889738434995e-17, 1.1712398707441946e-17, 5.775889738434995e-17, 1.0], "world_rotation": [-0.7896765794068324, 0.16013129347666225, -0.5922574345551229, -7.314247236221149e-17]}], "source": "action wait"}
{"timestamp": 1706067325.134933, "objects": [{"color": "cv_", "id_name": "hand", "shape": "CVCylinder", "id_string": "ob383", "world_size": [0.12, 0.005, 0.12], "id": 383, "camera_size": [53, 54], "camera_position": [245, 390], "world_position": [0.3917736589437, 0.7818266867419561, -0.17410982012443796], "world_orientation": [0.00016936818730534068, 0.2033750568508489, 0.9791008924341408, -0.0007623316841723871, -0.9791005957163658, 0.20337512708849426, 0.9999996950823637, -0.0007808449089222689, -1.078924347786685e-05], "world_rotation": [0.0, 1.0, 0.0, 0.0]}, {"color": "CVBlue", "id_name": "object199108369077280", "shape": "CVCylinder", "id_string": "ob485", "world_size": [0.09, 0.09, 0.09], "id": 485, "camera_size": [37, 37], "camera_position": [256, 254], "world_position": [0.705, 0.6448569696296074, -0.15], "world_orientation": [1.0, -4.331917303826236e-17, -1.1712398707441946e-17, 4.331917303826236e-17, 1.0, -5.775889738434995e-17, 1.1712398707441946e-17, 5.775889738434995e-17, 1.0], "world_rotation": [-0.7896765794068324, 0.16013129347666225, -0.5922574345551229, -7.314247236221149e-17]}], "source": "action wait"}
{"timestamp": 1706067325.167015, "objects": [{"color": "cv_", "id_name": "hand", "shape": "CVCylinder", "id_string": "ob383", "world_size": [0.12, 0.005, 0.12], "id": 383, "camera_size": [52, 52], "camera_position": [245, 365], "world_position": [0.4440182028623564, 0.7535278488365312, -0.17410319240716918], "world_orientation": [0.00010722748325913235, 0.14346075461407498, 0.9896560010366365, -0.0007677362670760539, -0.9896557032549378, 0.14346079463044517, 0.9999996995416005, -0.0007751777438801626, 4.021733866662837e-06], "world_rotation": [0.0, 1.0, 0.0, 0.0]}, {"color": "CVBlue", "id_name": "object199108369077280", "shape": "CVCylinder", "id_string": "ob485", "world_size": [0.09, 0.09, 0.09], "id": 485, "camera_size": [37, 37], "camera_position": [256, 254], "world_position": [0.705, 0.6448569696296074, -0.15], "world_orientation": [1.0, -4.331917303826236e-17, -1.1712398707441946e-17, 4.331917303826236e-17, 1.0, -5.775889738434995e-17, 1.1712398707441946e-17, 5.775889738434995e-17, 1.0], "world_rotation": [-0.7896765794068324, 0.16013129347666225, -0.5922574345551229, -7.314247236221149e-17]}], "source": "action wait"}
{"timestamp": 1706067325.202109, "objects": [{"color": "cv_", "id_name": "hand", "shape": "CVCylinder", "id_string": "ob383", "world_size": [0.12, 0.005, 0.12], "id": 383, "camera_size": [51, 51], "camera_position": [246, 349], "world_position": [0.47948832368579414, 0.7302739724455546, -0.1740984193529024], "world_orientation": [6.308763484730801e-05, 0.1008394228651969, 0.9949027122368117, -0.0007666400021373542, -0.9949024169689843, 0.10083944155131296, 0.9999997041414851, -0.0007690939393028087, 1.4541494970859835e-05], "world_rotation": [0.0, 1.0, 0.0, 0.0]}, {"color": "CVBlue", "id_name": "object199108369077280", "shape": "CVCylinder", "id_string": "ob485", "world_size": [0.09, 0.09, 0.09], "id": 485, "camera_size": [37, 37], "camera_position": [256, 254], "world_position": [0.705, 0.6448569696296074, -0.15], "world_orientation": [1.0, -4.331917303826236e-17, -1.1712398707441946e-17, 4.331917303826236e-17, 1.0, -5.775889738434995e-17, 1.1712398707441946e-17, 5.775889738434995e-17, 1.0], "world_rotation": [-0.7896765794068324, 0.16013129347666225, -0.5922574345551229, -7.314247236221149e-17]}], "source": "action wait"}
{"timestamp": 1706067325.236093, "objects": [{"color": "cv_", "id_name": "hand", "shape": "CVCylinder", "id_string": "ob383", "world_size": [0.12, 0.005, 0.12], "id": 383, "camera_size": [50, 51], "camera_position": [245, 338], "world_position": [0.5036374349358871, 0.7123243388013294, -0.1740966929111326], "world_orientation": [3.5658014340954554e-05, 0.0706730818380958, 0.997499530943254, -0.000764459055431837, -0.9974992381826946, 0.07067308842336346, 0.9999997071653866, -0.0007650676112194378, 1.8457835246586873e-05], "world_rotation": [0.0, 1.0, 0.0, 0.0]}, {"color": "CVBlue", "id_name": "object199108369077280", "shape": "CVCylinder", "id_string": "ob485", "world_size": [0.09, 0.09, 0.09], "id": 485, "camera_size": [37, 37], "camera_position": [256, 254], "world_position": [0.705, 0.6448569696296074, -0.15], "world_orientation": [1.0, -4.331917303826236e-17, -1.1712398707441946e-17, 4.331917303826236e-17, 1.0, -5.775889738434995e-17, 1.1712398707441946e-17, 5.775889738434995e-17, 1.0], "world_rotation": [-0.7896765794068324, 0.16013129347666225, -0.5922574345551229, -7.314247236221149e-17]}], "source": "action wait"}
{"timestamp": 1706067325.272241, "objects": [{"color": "cv_", "id_name": "hand", "shape": "CVCylinder", "id_string": "ob383", "world_size": [0.12, 0.005, 0.12], "id": 383, "camera_size": [49, 50], "camera_position": [246, 330], "world_position": [0.520195213844143, 0.6989413866085583, -0.1740966067986787], "world_orientation": [1.878501759202014e-05, 0.0493642863209135, 0.9987808402663468, -0.0007627110957928459, -0.9987805492257611, 0.049364286281396164, 0.9999997089594115, -0.0007627085381230133, 1.888857872546419e-05], "world_rotation": [0.0, 1.0, 0.0, 0.0]}, {"color": "CVBlue", "id_name": "object199108369077280", "shape": "CVCylinder", "id_string": "ob485", "world_size": [0.09, 0.09, 0.09], "id": 485, "camera_size": [37, 37], "camera_position": [256, 254], "world_position": [0.705, 0.6448569696296074, -0.15], "world_orientation": [1.0, -4.331917303826236e-17, -1.1712398707441946e-17, 4.331917303826236e-17, 1.0, -5.775889738434995e-17, 1.1712398707441946e-17, 5.775889738434995e-17, 1.0], "world_rotation": [-0.7896765794068324, 0.16013129347666225, -0.5922574345551229, -7.314247236221149e-17]}], "source": "action wait"}
{"timestamp": 1706067325.304752, "objects": [{"color": "cv_", "id_name": "hand", "shape": "CVCylinder", "id_string": "ob383", "world_size": [0.12, 0.005, 0.12], "id": 383, "camera_size": [49, 49], "camera_position": [246, 325], "world_position": [0.5316223598223114, 0.6891686427752617, -0.17409732160766994], "world_orientation": [8.528238080907714e-06, 0.03432677532198008, 0.9994106625523181, -0.0007616712010663602, -0.9994103724650839, 0.03432677185789296, 0.9999997098920834, -0.0007615150665880448, 1.7622506591693228e-05], "world_rotation": [0.0, 1.0, 0.0, 0.0]}, {"color": "CVBlue", "id_name": "object199108369077280", "shape": "CVCylinder", "id_string": "ob485", "world_size": [0.09, 0.09, 0.09], "id": 485, "camera_size": [37, 37], "camera_position": [256, 254], "world_position": [0.705, 0.6448569696296074, -0.15], "world_orientation": [1.0, -4.331917303826236e-17, -1.1712398707441946e-17, 4.331917303826236e-17, 1.0, -5.775889738434995e-17, 1.1712398707441946e-17, 5.775889738434995e-17, 1.0], "world_rotation": [-0.7896765794068324, 0.16013129347666225, -0.5922574345551229, -7.314247236221149e-17]}], "source": "action wait"}
{"timestamp": 1706067325.335269, "objects": [{"color": "cv_", "id_name": "hand", "shape": "CVCylinder", "id_string": "ob383", "world_size": [0.12, 0.005, 0.12], "id": 383, "camera_size": [49, 50], "camera_position": [246, 321], "world_position": [0.5395517361081699, 0.6821247126798127, -0.17409835679626365], "world_orientation": [2.4059742870405864e-06, 0.02371980846578503, 0.9997186457601749, -0.000761216069712983, -0.9997183560761475, 0.023719803424583553, 0.9999997102721113, -0.0007610589675818329, 1.5650602716040817e-05], "world_rotation": [0.0, 1.0, 0.0, 0.0]}, {"color": "CVBlue", "id_name": "object199108369077280", "shape": "CVCylinder", "id_string": "ob485", "world_size": [0.09, 0.09, 0.09], "id": 485, "camera_size": [37, 37], "camera_position": [256, 254], "world_position": [0.705, 0.6448569696296074, -0.15], "world_orientation": [1.0, -4.331917303826236e-17, -1.1712398707441946e-17, 4.331917303826236e-17, 1.0, -5.775889738434995e-17, 1.1712398707441946e-17, 5.775889738434995e-17, 1.0], "world_rotation": [-0.7896765794068324, 0.16013129347666225, -0.5922574345551229, -7.314247236221149e-17]}], "source": "action wait"}
