{"timestamp": 1706067332.200699, "objects": [{"color": "cv_", "id_name": "hand", "shape": "CVCylinder", "id_string": "ob383", "world_size": [0.12, 0.005, 0.12], "id": 383, "camera_size": [48, 50], "camera_position": [246, 426], "world_position": [0.2676445155401379, 0.6334703013847367, -0.17389260400847859], "world_orientation": [-0.0006415511646414077, 0.1979154748664094, 0.980218880261193, -0.0007473675278327634, -0.9802189031249684, 0.197914990332371, 0.9999995149268233, -0.0006056111687283705, 0.0007767761780745322], "world_rotation": [0.0, 1.0, 0.0, 0.0]}, {"color": "CVRed", "id_name": "object15821409030339", "shape": "CVBox", "id_string": "ob492", "world_size": [0.1, 0.1, 0.1], "id": 492, "camera_size": [41, 41], "camera_position": [256, 254], "world_position": [0.705, 0.649803795681077, -0.15], "world_orientation": [1.0, 1.9184653865522657e-17, -9.55897242464241e-18, -1.9184653865522657e-17, 1.0, -1.6626700016786308e-16, 9.55897242464241e-18, 1.6626700016786308e-16, 1.0], "world_rotation": [-0.9917927042003282, 0.05701984820103169, 0.11443761971542243, -1.67642894995807e-16]}], "source": "manual check"}
{"timestamp": 1706067333.211183, "objects": [{"color": "cv_", "id_name": "hand", "shape": "CVCylinder", "id_string": "ob383", "world_size": [0.12, 0.005, 0.12], "id": 383, "camera_size": [48, 50], "camera_position": [246, 426], "world_position": [0.2676445155401379, 0.6334703013847367, -0.17389260400847859], "world_orientation": [-0.0006415511646414077, 0.1979154748664094, 0.980218880261193, -0.0007473675278327634, -0.9802189031249684, 0.197914990332371, 0.9999995149268233, -0.0006056111687283705, 0.0007767761780745322], "world_rotation": [0.0, 1.0, 0.0, 0.0]}, {"color": "CVRed", "id_name": "object15821409030339", "shape": "CVBox", "id_string": "ob492", "world_size": [0.1, 0.1, 0.1], "id": 492, "camera_size": [41, 41], "camera_position": [256, 254], "world_position": [0.705, 0.6498037994254439, -0.15], "world_orientation": [1.0, 8.100187187665134e-17, -1.2653630886983698e-17, -8.100187187665134e-17, 1.0, -1.9397816686250694e-16, 1.2653630886983698e-17, 1.9397816686250694e-16, 1.0], "world_rotation": [-0.9211093596285536, 0.06008602943210125, 0.38463907325148433, -2.1059189642881336e-16]}], "source": "manual check"}
{"timestamp": 1706067334.597321, "objects": [{"color": "cv_", "id_name": "hand", "shape": "CVCylinder", "id_string": "ob383", "world_size": [0.12, 0.005, 0.12], "id": 383, "camera_size": [48, 50], "camera_position": [246, 426], "world_position": [0.2676445155401379, 0.6334703013847367, -0.17389260400847859], "world_orientation": [-0.0006415511646414077, 0.1979154748664094, 0.980218880261193, -0.0007473675278327634, -0.9802189031249684, 0.197914990332371, 0.9999995149268233, -0.0006056111687283705, 0.0007767761780745322], "world_rotation": [0.0, 1.0, 0.0, 0.0]}, {"color": "CVRed", "id_name": "object15821409030339", "shape": "CVBox", "id_string": "ob492", "world_size": [0.1, 0.1, 0.1], "id": 492, "camera_size": [41, 41], "camera_position": [256, 254], "world_position": [0.705, 0.6498037994254439, -0.15], "world_orientation": [1.0, 8.100187187665134e-17, -1.2653630886983698e-17, -8.100187187665134e-17, 1.0, -1.9397816686250694e-16, 1.2653630886983698e-17, 1.9397816686250694e-16, 1.0], "world_rotation": [-0.9211093596285536, 0.06008602943210125, 0.38463907325148433, -2.1059189642881336e-16]}], "source": "action wait"}
{"timestamp": 1706067334.626673, "objects": [{"color": "cv_", "id_name": "hand", "shape": "CVCylinder", "id_string": "ob383", "world_size": [0.12, 0.005, 0.12], "id": 383, "camera_size": [48, 50], "camera_position": [246, 444], "world_position": [0.22512724279958302, 0.642278840205311, -0.17397258328942908], "world_orientation": [-0.0005239951370276078, 0.08819721936957069, 0.9961028942456558, -0.0007623368996131806, -0.9961027767809445, 0.08819680794531828, 0.9999995721356824, -0.0007131512936305635, 0.0005891890057820088], "world_rotation": [0.0, 1.0, 0.0, 0.0]}, {"color": "CVRed", "id_name": "object15821409030339", "shape": "CVBox", "id_string": "ob492", "world_size": [0.1, 0.1, 0.1], "id": 492, "camera_size": [41, 41], "camera_position": [256, 254], "world_position": [0.705, 0.6498037994254439, -0.15], "world_orientation": [1.0, 8.100187187665134e-17, -1.2653630886983698e-17, -8.100187187665134e-17, 1.0, -1.9397816686250694e-16, 1.2653630886983698e-17, 1.9397816686250694e-16, 1.0], "world_rotation": [-0.9211093596285536, 0.06008602943210125, 0.38463907325148433, -2.1059189642881336e-16]}], "source": "action wait"}
{"timestamp": 1706067334.656467, "objects": [{"color": "cv_", "id_name": "hand", "shape": "CVCylinder", "id_string": "ob383", "world_size": [0.12, 0.005, 0.12], "id": 383, "camera_size": [48, 49], "camera_position": [246, 471], "world_position": [0.16390872890987376, 0.658563503781007, -0.17403857282673563], "world_orientation": [-0.0003789773831172523, 0.061144641743951005, 0.9981288439686266, -0.0007690010941292762, -0.9981286383376404, 0.06114433716678486, 0.9999996325066628, -0.0007443898522023059, 0.0004252884757732117], "world_rotation": [0.0, 1.0, 0.0, 0.0]}, {"color": "CVRed", "id_name": "object15821409030339", "shape": "CVBox", "id_string": "ob492", "world_size": [0.1, 0.1, 0.1], "id": 492, "camera_size": [41, 41], "camera_position": [256, 254], "world_position": [0.705, 0.6498037994254439, -0.15], "world_orientation": [1.0, 8.100187187665134e-17, -1.2653630886983698e-17, -8.100187187665134e-17, 1.0, -1.9397816686250694e-16, 1.2653630886983698e-17, 1.9397816686250694e-16, 1.0], "world_rotation": [-0.9211093596285536, 0.06008602943210125, 0.38463907325148433, -2.1059189642881336e-16]}], "source": "action wait"}
{"timestamp": 1706067334.690776, "objects": [{"color": "cv_", "id_name": "hand", "shape": "CVCylinder", "id_string": "ob383", "world_size": [0.12, 0.005, 0.12], "id": 383, "camera_size": [48, 46], "camera_position": [246, 488], "world_position": [0.11779435726186469, 0.6656957016084837, -0.17407776031573594], "world_orientation": [-0.0002578147968216071, 0.042801102738545815, 0.9990835796548231, -0.0007698663241376047, -0.9990833252783184, 0.04280089317597384, 0.9999996704186326, -0.0007581260993975136, 0.0002905295921492253], "world_rotation": [0.0, 1.0, 0.0, 0.0]}, {"color": "CVRed", "id_name": "object15821409030339", "shape": "CVBox", "id_string": "ob492", "world_size": [0.1, 0.1, 0.1], "id": 492, "camera_size": [41, 41], "camera_position": [256, 254], "world_position": [0.705, 0.6498037994254439, -0.15], "world_orientation": [1.0, 8.100187187665134e-17, -1.2653630886983698e-17, -8.100187187665134e-17, 1.0, -1.9397816686250694e-16, 1.2653630886983698e-17, 1.9397816686250694e-16, 1.0], "world_rotation": [-0.9211093596285536, 0.06008602943210125, 0.38463907325148433, -2.1059189642881336e-16]}], "source": "action wait"}
{"timestamp": 1706067334.724061, "objects": [{"color": "cv_", "id_name": "hand", "shape": "CVCylinder", "id_string": "ob383", "world_size": [0.12, 0.005, 0.12], "id": 383, "camera_size": [49, 34], "camera_position": [246, 494], "world_position": [0.08440722571324508, 0.6684077311787372, -0.17409651901048942], "world_orientation": [-0.00017518747320797187, 0.029819741432192466, 0.9995552772759826, -0.0007680834360703979, -0.9995550017820298, 0.029819598594915148, 0.9999996896785441, -0.0007625178317828722, 0.00019801356455692769], "world_rotation": [0.0, 1.0, 0.0, 0.0]}, {"color": "CVRed", "id_name": "object15821409030339", "shape": "CVBox", "id_string": "ob492", "world_size": [0.1, 0.1, 0.1], "id": 492, "camera_size": [41, 41], "camera_position": [256, 254], "world_position": [0.705, 0.6498037994254439, -0.15], "world_orientation": [1.0, 8.100187187665134e-17, -1.2653630886983698e-17, -8.100187187665134e-17, 1.0, -1.9397816686250694e-16, 1.2653630886983698e-17, 1.9397816686250694e-16, 1.0], "world_rotation": [-0.9211093596285536, 0.06008602943210125, 0.38463907325148433, -2.1059189642881336e-16]}], "source": "action wait"}
{"timestamp": 1706067334.760282, "objects": [{"color": "cv_", "id_name": "hand", "shape": "CVCylinder", "id_string": "ob383", "world_size": [0.12, 0.005, 0.12], "id": 383, "camera_size": [49, 26], "camera_position": [246, 498], "world_position": [0.06052474359087652, 0.6691590897990056, -0.17410506909121465], "world_orientation": [-0.0001192251127987194, 0.020637085776056382, 0.9997870255589659, -0.0007660140838704349, -0.999786741223159, 0.02063698855937398, 0.9999996995038528, -0.000763390495160634, 0.00013500798535186838], "world_rotation": [0.0, 1.0, 0.0, 0.0]}, {"color": "CVRed", "id_name": "object15821409030339", "shape": "CVBox", "id_string": "ob492", "world_size": [0.1, 0.1, 0.1], "id": 492, "camera_size": [41, 41], "camera_position": [256, 254], "world_position": [0.705, 0.6498037994254439, -0.15], "world_orientation": [1.0, 8.100187187665134e-17, -1.2653630886983698e-17, -8.100187187665134e-17, 1.0, -1.9397816686250694e-16, 1.2653630886983698e-17, 1.9397816686250694e-16, 1.0], "world_rotation": [-0.9211093596285536, 0.06008602943210125, 0.38463907325148433, -2.1059189642881336e-16]}], "source": "action wait"}
{"timestamp": 1706067334.793465, "objects": [{"color": "cv_", "id_name": "hand", "shape": "CVCylinder", "id_string": "ob383", "world_size": [0.12, 0.005, 0.12], "id": 383, "camera_size": [49, 20], "camera_position": [246, 501], "world_position": [0.043552835472132866, 0.6691188974430483, -0.17410866874672332], "world_orientation": [-8.146668252947484e-05, 0.014143366332652008, 0.999899974273407, -0.0007644082718044374, -0.9998996863414217, 0.014143299979881787, 0.9999997045215433, -0.0007631796035826121, 9.226981652470699e-05], "world_rotation": [0.0, 1.0, 0.0, 0.0]}, {"color": "CVRed", "id_name": "object15821409030339", "shape": "CVBox", "id_string": "ob492", "world_size": [0.1, 0.1, 0.1], "id": 492, "camera_size": [41, 41], "camera_position": [256, 254], "world_position": [0.705, 0.6498037994254439, -0.15], "world_orientation": [1.0, 8.100187187665134e-17, -1.2653630886983698e-17, -8.100187187665134e-17, 1.0, -1.9397816686250694e-16, 1.2653630886983698e-17, 1.9397816686250694e-16, 1.0], "world_rotation": [-0.9211093596285536, 0.06008602943210125, 0.38463907325148433, -2.1059189642881336e-16]}], "source": "action wait"}
{"timestamp": 1706067334.820287, "objects": [{"color": "cv_", "id_name": "hand", "shape": "CVCylinder", "id_string": "ob383", "world_size": [0.12, 0.005, 0.12], "id": 383, "camera_size": [49, 16], "camera_position": [246, 503], "world_position": [0.03153602393474826, 0.6688157837498544, -0.17410994541409547], "world_orientation": [-5.603933749167305e-05, 0.00955204884370332, 0.9999543765704915, -0.000763370385299287, -0.9999540871953251, 0.00955200329872953, 0.9999997070625809, -0.0007628002697880895, 6.332851577509977e-05], "world_rotation": [0.0, 1.0, 0.0, 0.0]}, {"color": "CVRed", "id_name": "object15821409030339", "shape": "CVBox", "id_string": "ob492", "world_size": [0.1, 0.1, 0.1], "id": 492, "camera_size": [41, 41], "camera_position": [256, 254], "world_position": [0.705, 0.6498037994254439, -0.15], "world_orientation": [1.0, 8.100187187665134e-17, -1.2653630886983698e-17, -8.100187187665134e-17, 1.0, -1.9397816686250694e-16, 1.2653630886983698e-17, 1.9397816686250694e-16, 1.0], "world_rotation": [-0.9211093596285536, 0.06008602943210125, 0.38463907325148433, -2.1059189642881336e-16]}], "source": "action wait"}
{"timestamp": 1706067334.852788, "objects": [{"color": "cv_", "id_name": "hand", "shape": "CVCylinder", "id_string": "ob383", "world_size": [0.12, 0.005, 0.12], "id": 383, "camera_size": [49, 13], "camera_position": [246, 505], "world_position": [0.02304537730045907, 0.6684721960587262, -0.1741101862287628], "world_orientation": [-3.892594174771632e-05, 0.0063062451279268066, 0.9999801146808659, -0.0007627915233489621, -0.9999798247060008, 0.0063062136062693895, 0.999999708316889, -0.0007625308796929597, 4.373550673350723e-05], "world_rotation": [0.0, 1.0, 0.0, 0.0]}, {"color": "CVRed", "id_name": "object15821409030339", "shape": "CVBox", "id_string": "ob492", "world_size": [0.1, 0.1, 0.1], "id": 492, "camera_size": [41, 41], "camera_position": [256, 254], "world_position": [0.705, 0.6498037994254439, -0.15], "world_orientation": [1.0, 8.100187187665134e-17, -1.2653630886983698e-17, -8.100187187665134e-17, 1.0, -1.9397816686250694e-16, 1.2653630886983698e-17, 1.9397816686250694e-16, 1.0], "world_rotation": [-0.9211093596285536, 0.06008602943210125, 0.38463907325148433, -2.1059189642881336e-16]}], "source": "action wait"}
{"timestamp": 1706067334.882065, "objects": [{"color": "cv_", "id_name": "hand", "shape": "CVCylinder", "id_string": "ob383", "world_size": [0.12, 0.005, 0.12], "id": 383, "camera_size": [48, 11], "camera_position": [246, 506], "world_position": [0.017053402714471734, 0.6681700748799988, -0.1741100075949018], "world_orientation": [-2.7433766766353867e-05, 0.004011886827692316, 0.9999919519733499, -0.0007625261139738832, -0.999991661712837, 0.004011864744059211, 0.9999997089006147, -0.0007624099165820692, 3.049270648851752e-05], "world_rotation": [0.0, 1.0, 0.0, 0.0]}, {"color": "CVRed", "id_name": "object15821409030339", "shape": "CVBox", "id_string": "ob492", "world_size": [0.1, 0.1, 0.1], "id": 492, "camera_size": [41, 41], "camera_position": [256, 254], "world_position": [0.705, 0.6498037994254439, -0.15], "world_orientation": [1.0, 8.100187187665134e-17, -1.2653630886983698e-17, -8.100187187665134e-17, 1.0, -1.9397816686250694e-16, 1.2653630886983698e-17, 1.9397816686250694e-16, 1.0], "world_rotation": [-0.9211093596285536, 0.06008602943210125, 0.38463907325148433, -2.1059189642881336e-16]}], "source": "action wait"}
{"timestamp": 1706067334.915739, "objects": [{"color": "cv_", "id_name": "hand", "shape": "CVCylinder", "id_string": "ob383", "world_size": [0.12, 0.005, 0.12], "id": 383, "camera_size": [48, 9], "camera_position": [246, 507], "world_position": [0.012827703105540123, 0.6679304208005374, -0.1741096949202583], "world_orientation": [-1.9707726454916465e-05, 0.0023902175604676675, 0.9999971432317292, -0.000762451512079674, -0.9999968527964754, 0.002390201840034003, 0.9999997091396063, -0.0007624022284887133, 2.1530089424233405e-05], "world_rotation": [0.0, 1.0, 0.0, 0.0]}, {"color": "CVRed", "id_name": "object15821409030339", "shape": "CVBox", "id_string": "ob492", "world_size": [0.1, 0.1, 0.1], "id": 492, "camera_size": [41, 41], "camera_position": [256, 254], "world_position": [0.705, 0.6498037994254439, -0.15], "world_orientation": [1.0, 8.100187187665134e-17, -1.2653630886983698e-17, -8.100187187665134e-17, 1.0, -1.9397816686250694e-16, 1.2653630886983698e-17, 1.9397816686250694e-16, 1.0], "world_rotation": [-0.9211093596285536, 0.06008602943210125, 0.38463907325148433, -2.1059189642881336e-16]}], "source": "action wait"}
{"timestamp": 1706067334.946219, "objects": [{"color": "cv_", "id_name": "hand", "shape": "CVCylinder", "id_string": "ob383", "world_size": [0.12, 0.005, 0.12], "id": 383, "camera_size": [48, 8], "camera_position": [246, 507], "world_position": [0.009848790378628854, 0.6677502396652137, -0.17410937277730437], "world_orientation": [-1.452813623013613e-05, 0.0012440957124442889, 0.9999992260070963, -0.0007624809341525467, -0.9999989354380062, 0.00124408427351307, 0.9999997092058369, -0.000762462269772257, 1.5476720025398725e-05], "world_rotation": [0.0, 1.0, 0.0, 0.0]}, {"color": "CVRed", "id_name": "object15821409030339", "shape": "CVBox", "id_string": "ob492", "world_size": [0.1, 0.1, 0.1], "id": 492, "camera_size": [41, 41], "camera_position": [256, 254], "world_position": [0.705, 0.6498037994254439, -0.15], "world_orientation": [1.0, 8.100187187665134e-17, -1.2653630886983698e-17, -8.100187187665134e-17, 1.0, -1.9397816686250694e-16, 1.2653630886983698e-17, 1.9397816686250694e-16, 1.0], "world_rotation": [-0.9211093596285536, 0.06008602943210125, 0.38463907325148433, -2.1059189642881336e-16]}], "source": "action wait"}
{"timestamp": 1706067334.980081, "objects": [{"color": "cv_", "id_name": "hand", "shape": "CVCylinder", "id_string": "ob383", "world_size": [0.12, 0.005, 0.12], "id": 383, "camera_size": [48, 8], "camera_position": [246, 507], "world_position": [0.007749239111181896, 0.6676189369499457, -0.17410908930844937], "world_orientation": [-1.1049178314351624e-05, 0.0004341223481875177, 0.9999999057078469, -0.0007625587343114114, -0.9999996150246203, 0.00043411379634731125, 0.999999709191004, -0.0007625538658077401, 1.1380217849424812e-05], "world_rotation": [0.0, 1.0, 0.0, 0.0]}, {"color": "CVRed", "id_name": "object15821409030339", "shape": "CVBox", "id_string": "ob492", "world_size": [0.1, 0.1, 0.1], "id": 492, "camera_size": [41, 41], "camera_position": [256, 254], "world_position": [0.705, 0.6498037994254439, -0.15], "world_orientation": [1.0, 8.100187187665134e-17, -1.2653630886983698e-17, -8.100187187665134e-17, 1.0, -1.9397816686250694e-16, 1.2653630886983698e-17, 1.9397816686250694e-16, 1.0], "world_rotation": [-0.9211093596285536, 0.06008602943210125, 0.38463907325148433, -2.1059189642881336e-16]}], "source": "action wait"}
{"timestamp": 1706067335.016247, "objects": [{"color": "cv_", "id_name": "hand", "shape": "CVCylinder", "id_string": "ob383", "world_size": [0.12, 0.005, 0.12], "id": 383, "camera_size": [48, 7], "camera_position": [246, 508], "world_position": [0.006269609126664962, 0.6675250784744291, -0.17410885768100967], "world_orientation": [-8.717522266242597e-06, -0.00013825874608522218, 0.9999999904042619, -0.0007626521683821797, -0.9999996996221359, -0.0001382653543192058, 0.9999997091427952, -0.0007626533663956028, 8.612076315555932e-06], "world_rotation": [0.0, 1.0, 0.0, 0.0]}, {"color": "CVRed", "id_name": "object15821409030339", "shape": "CVBox", "id_string": "ob492", "world_size": [0.1, 0.1, 0.1], "id": 492, "camera_size": [41, 41], "camera_position": [256, 254], "world_position": [0.705, 0.6498037994254439, -0.15], "world_orientation": [1.0, 8.100187187665134e-17, -1.2653630886983698e-17, -8.100187187665134e-17, 1.0, -1.9397816686250694e-16, 1.2653630886983698e-17, 1.9397816686250694e-16, 1.0], "world_rotation": [-0.9211093596285536, 0.06008602943210125, 0.38463907325148433, -2.1059189642881336e-16]}], "source": "action wait"}
{"timestamp": 1706067335.050223, "objects": [{"color": "cv_", "id_name": "hand", "shape": "CVCylinder", "id_string": "ob383", "world_size": [0.12, 0.005, 0.12], "id": 383, "camera_size": [48, 7], "camera_position": [246, 508], "world_position": [0.0052268895792664345, 0.6674587994739688, -0.17410867615064365], "world_orientation": [-7.156383783129738e-06, -0.0005427201230060721, 0.9999998527018165, -0.0007627436253537132, -0.9999995618355423, -0.0005427254236333941, 0.9999997090854319, -0.0007627473969547128, 6.7424243336463675e-06], "world_rotation": [0.0, 1.0, 0.0, 0.0]}, {"color": "CVRed", "id_name": "object15821409030339", "shape": "CVBox", "id_string": "ob492", "world_size": [0.1, 0.1, 0.1], "id": 492, "camera_size": [41, 41], "camera_position": [256, 254], "world_position": [0.705, 0.6498037994254439, -0.15], "world_orientation": [1.0, 8.100187187665134e-17, -1.2653630886983698e-17, -8.100187187665134e-17, 1.0, -1.9397816686250694e-16, 1.2653630886983698e-17, 1.9397816686250694e-16, 1.0], "world_rotation": [-0.9211093596285536, 0.06008602943210125, 0.38463907325148433, -2.1059189642881336e-16]}], "source": "action wait"}
{"timestamp": 1706067335.084161, "objects": [{"color": "cv_", "id_name": "hand", "shape": "CVCylinder", "id_string": "ob383", "world_size": [0.12, 0.005, 0.12], "id": 383, "camera_size": [48, 7], "camera_position": [246, 508], "world_position": [0.004492057779609145, 0.6674123575592172, -0.17410853754093392], "world_orientation": [-6.112306580256522e-06, -0.000828510985203772, 0.9999996567660346, -0.0007628248408621083, -0.9999993658300405, -0.0008285154067805158, 0.9999997090304087, -0.0007628296431752168, 5.480293943938425e-06], "world_rotation": [0.0, 1.0, 0.0, 0.0]}, {"color": "CVRed", "id_name": "object15821409030339", "shape": "CVBox", "id_string": "ob492", "world_size": [0.1, 0.1, 0.1], "id": 492, "camera_size": [41, 41], "camera_position": [256, 254], "world_position": [0.705, 0.6498037994254439, -0.15], "world_orientation": [1.0, 8.100187187665134e-17, -1.2653630886983698e-17, -8.100187187665134e-17, 1.0, -1.9397816686250694e-16, 1.2653630886983698e-17, 1.9397816686250694e-16, 1.0], "world_rotation": [-0.9211093596285536, 0.06008602943210125, 0.38463907325148433, -2.1059189642881336e-16]}], "source": "action wait"}
{"timestamp": 1706067335.116711, "objects": [{"color": "CVRed", "id_name": "object15821409030339", "shape": "CVBox", "id_string": "ob492", "world_size": [0.1, 0.1, 0.1], "id": 492, "camera_size": [41, 41], "camera_position": [256, 254], "world_position": [0.705, 0.6498037994254439, -0.15], "world_orientation": [1.0, 8.100187187665134e-17, -1.2653630886983698e-17, -8.100187187665134e-17, 1.0, -1.9397816686250694e-16, 1.2653630886983698e-17, 1.9397816686250694e-16, 1.0], "world_rotation": [-0.9211093596285536, 0.06008602943210125, 0.38463907325148433, -2.1059189642881336e-16]}], "source": "action wait"}
{"timestamp": 1706067336.465579, "objects": [{"color": "CVRed", "id_name": "object15821409030339", "shape": "CVBox", "id_string": "ob492", "world_size": [0.1, 0.1, 0.1], "id": 492, "camera_size": [41, 41], "camera_position": [256, 254], "world_position": [0.705, 0.6498037994254439, -0.15], "world_orientation": [1.0, 8.100187187665134e-17, -1.2653630886983698e-17, -8.100187187665134e-17, 1.0, -1.9397816686250694e-16, 1.2653630886983698e-17, 1.9397816686250694e-16, 1.0], "world_rotation": [-0.9211093596285536, 0.06008602943210125, 0.38463907325148433, -2.1059189642881336e-16]}], "source": "action wait"}
{"timestamp": 1706067336.496774, "objects": [{"color": "cv_", "id_name": "hand", "shape": "CVCylinder", "id_string": "ob383", "world_size": [0.12, 0.005, 0.12], "id": 383, "camera_size": [51, 11], "camera_position": [246, 506], "world_position": [0.035579942010184294, 0.7233474494690146, -0.1741228215007833], "world_orientation": [0.0001582281883915034, 0.19357022037805421, 0.9810864104382608, -0.0007080341018407054, -0.9810861551183452, 0.19357028419365774, 0.9999997368257411, -0.0007252709108374518, -1.8181167851450506e-05], "world_rotation": [0.0, 1.0, 0.0, 0.0]}, {"color": "CVRed", "id_name": "object15821409030339", "shape": "CVBox", "id_string": "ob492", "world_size": [0.1, 0.1, 0.1], "id": 492, "camera_size": [41, 41], "camera_position": [256, 254], "world_position": [0.705, 0.6498037994254439, -0.15], "world_orientation": [1.0, 8.100187187665134e-17, -1.2653630886983698e-17, -8.100187187665134e-17, 1.0, -1.9397816686250694e-16, 1.2653630886983698e-17, 1.9397816686250694e-16, 1.0], "world_rotation": [-0.9211093596285536, 0.06008602943210125, 0.38463907325148433, -2.1059189642881336e-16]}], "source": "action wait"}
{"timestamp": 1706067336.531232, "objects": [{"color": "cv_", "id_name": "hand", "shape": "CVCylinder", "id_string": "ob383", "world_size": [0.12, 0.005, 0.12], "id": 383, "camera_size": [53, 21], "camera_position": [245, 501], "world_position": [0.08385043298050693, 0.7766236341184827, -0.17412474787785504], "world_orientation": [0.0002576813781706819, 0.2977896797254388, 0.9546314682898985, -0.0007066107475924102, -0.9546312074386392, 0.29778978908870835, 0.9999997171507393, -0.0007512877387413399, -3.5569296960977975e-05], "world_rotation": [0.0, 1.0, 0.0, 0.0]}, {"color": "CVRed", "id_name": "object15821409030339", "shape": "CVBox", "id_string": "ob492", "world_size": [0.1, 0.1, 0.1], "id": 492, "camera_size": [41, 41], "camera_position": [256, 254], "world_position": [0.705, 0.6498037994254439, -0.15], "world_orientation": [1.0, 8.100187187665134e-17, -1.2653630886983698e-17, -8.100187187665134e-17, 1.0, -1.9397816686250694e-16, 1.2653630886983698e-17, 1.9397816686250694e-16, 1.0], "world_rotation": [-0.9211093596285536, 0.06008602943210125, 0.38463907325148433, -2.1059189642881336e-16]}], "source": "action wait"}
{"timestamp": 1706067336.563731, "objects": [{"color": "cv_", "id_name": "hand", "shape": "CVCylinder", "id_string": "ob383", "world_size": [0.12, 0.005, 0.12], "id": 383, "camera_size": [54, 38], "camera_position": [245, 492], "world_position": [0.14046648668055856, 0.8087859690003154, -0.17412056577472418], "world_orientation": [0.00028949916486597436, 0.3383403669737128, 0.9410237575461773, -0.0007123490441287991, -0.9410234884484535, 0.33834048937001787, 0.9999997043744928, -0.000768286663303693, -3.140907702071527e-05], "world_rotation": [0.0, 1.0, 0.0, 0.0]}, {"color": "CVRed", "id_name": "object15821409030339", "shape": "CVBox", "id_string": "ob492", "world_size": [0.1, 0.1, 0.1], "id": 492, "camera_size": [41, 41], "camera_position": [256, 254], "world_position": [0.705, 0.6498037994254439, -0.15], "world_orientation": [1.0, 8.100187187665134e-17, -1.2653630886983698e-17, -8.100187187665134e-17, 1.0, -1.9397816686250694e-16, 1.2653630886983698e-17, 1.9397816686250694e-16, 1.0], "world_rotation": [-0.9211093596285536, 0.06008602943210125, 0.38463907325148433, -2.1059189642881336e-16]}], "source": "action wait"}
{"timestamp": 1706067336.600233, "objects": [{"color": "cv_", "id_name": "hand", "shape": "CVCylinder", "id_string": "ob383", "world_size": [0.12, 0.005, 0.12], "id": 383, "camera_size": [55, 59], "camera_position": [245, 480], "world_position": [0.20164847508173483, 0.8230838969348167, -0.17411722530560866], "world_orientation": [0.0002877837161695591, 0.33891063148331735, 0.9408185271603188, -0.000721911808048766, -0.9408182505521817, 0.33891075266399284, 0.9999996980118916, -0.00077672099983977, -2.608858564251353e-05], "world_rotation": [0.0, 1.0, 0.0, 0.0]}, {"color": "CVRed", "id_name": "object15821409030339", "shape": "CVBox", "id_string": "ob492", "world_size": [0.1, 0.1, 0.1], "id": 492, "camera_size": [41, 41], "camera_position": [256, 254], "world_position": [0.705, 0.6498037994254439, -0.15], "world_orientation": [1.0, 8.100187187665134e-17, -1.2653630886983698e-17, -8.100187187665134e-17, 1.0, -1.9397816686250694e-16, 1.2653630886983698e-17, 1.9397816686250694e-16, 1.0], "world_rotation": [-0.9211093596285536, 0.06008602943210125, 0.38463907325148433, -2.1059189642881336e-16]}], "source": "action wait"}
{"timestamp": 1706067336.634651, "objects": [{"color": "cv_", "id_name": "hand", "shape": "CVCylinder", "id_string": "ob383", "world_size": [0.12, 0.005, 0.12], "id": 383, "camera_size": [55, 58], "camera_position": [245, 451], "world_position": [0.2654705527255295, 0.8222753543582063, -0.17411450801382267], "world_orientation": [0.00026265576137178575, 0.3113451187322868, 0.950296873641879, -0.0007350113137877282, -0.9502965896196941, 0.3113452288305504, 0.9999996953851135, -0.000780255571712104, -2.0758689514299034e-05], "world_rotation": [0.0, 1.0, 0.0, 0.0]}, {"color": "CVRed", "id_name": "object15821409030339", "shape": "CVBox", "id_string": "ob492", "world_size": [0.1, 0.1, 0.1], "id": 492, "camera_size": [41, 41], "camera_position": [256, 254], "world_position": [0.705, 0.6498037994254439, -0.15], "world_orientation": [1.0, 8.100187187665134e-17, -1.2653630886983698e-17, -8.100187187665134e-17, 1.0, -1.9397816686250694e-16, 1.2653630886983698e-17, 1.9397816686250694e-16, 1.0], "world_rotation": [-0.9211093596285536, 0.06008602943210125, 0.38463907325148433, -2.1059189642881336e-16]}], "source": "action wait"}
{"timestamp": 1706067336.667855, "objects": [{"color": "cv_", "id_name": "hand", "shape": "CVCylinder", "id_string": "ob383", "world_size": [0.12, 0.005, 0.12], "id": 383, "camera_size": [54, 56], "camera_position": [245, 420], "world_position": [0.32991605262068585, 0.8085488770893473, -0.1741121121141617], "world_orientation": [0.00022077941676146496, 0.26332019928179173, 0.9647084657587734, -0.0007494886746050121, -0.9647081747439166, 0.2633202913734296, 0.9999996947615414, -0.0007811737697328899, -1.5632201008093544e-05], "world_rotation": [0.0, 1.0, 0.0, 0.0]}, {"color": "CVRed", "id_name": "object15821409030339", "shape": "CVBox", "id_string": "ob492", "world_size": [0.1, 0.1, 0.1], "id": 492, "camera_size": [41, 41], "camera_position": [256, 254], "world_position": [0.705, 0.6498037994254439, -0.15], "world_orientation": [1.0, 8.100187187665134e-17, -1.2653630886983698e-17, -8.100187187665134e-17, 1.0, -1.9397816686250694e-16, 1.2653630886983698e-17, 1.9397816686250694e-16, 1.0], "world_rotation": [-0.9211093596285536, 0.06008602943210125, 0.38463907325148433, -2.1059189642881336e-16]}], "source": "action wait"}
{"timestamp": 1706067336.699559, "objects": [{"color": "cv_", "id_name": "hand", "shape": "CVCylinder", "id_string": "ob383", "world_size": [0.12, 0.005, 0.12], "id": 383, "camera_size": [53, 55], "camera_position": [245, 390], "world_position": [0.393195294072557, 0.7836806294376022, -0.17410984198476334], "world_orientation": [0.00016678054047790446, 0.20014177749462125, 0.9797669320228892, -0.0007628892041190995, -0.9797666350721104, 0.20014184669762766, 0.9999996950921104, -0.0007808333803579216, -1.0720007595261158e-05], "world_rotation": [0.0, 1.0, 0.0, 0.0]}, {"color": "CVRed", "id_name": "object15821409030339", "shape": "CVBox", "id_string": "ob492", "world_size": [0.1, 0.1, 0.1], "id": 492, "camera_size": [41, 41], "camera_position": [256, 254], "world_position": [0.705, 0.6498037994254439, -0.15], "world_orientation": [1.0, 8.100187187665134e-17, -1.2653630886983698e-17, -8.100187187665134e-17, 1.0, -1.9397816686250694e-16, 1.2653630886983698e-17, 1.9397816686250694e-16, 1.0], "world_rotation": [-0.9211093596285536, 0.06008602943210125, 0.38463907325148433, -2.1059189642881336e-16]}], "source": "action wait"}
{"timestamp": 1706067336.728179, "objects": [{"color": "cv_", "id_name": "hand", "shape": "CVCylinder", "id_string": "ob383", "world_size": [0.12, 0.005, 0.12], "id": 383, "camera_size": [52, 53], "camera_position": [245, 365], "world_position": [0.4449559096695956, 0.7556696935330725, -0.17410303148801723], "world_orientation": [0.00010490020844735961, 0.1411506945401259, 0.9899881163058405, -0.0007678400435626017, -0.9899878185457567, 0.14115073344719736, 0.9999996997087618, -0.0007749592597121564, 4.53122691919704e-06], "world_rotation": [0.0, 1.0, 0.0, 0.0]}, {"color": "CVRed", "id_name": "object15821409030339", "shape": "CVBox", "id_string": "ob492", "world_size": [0.1, 0.1, 0.1], "id": 492, "camera_size": [41, 41], "camera_position": [256, 254], "world_position": [0.705, 0.6498037994254439, -0.15], "world_orientation": [1.0, 8.100187187665134e-17, -1.2653630886983698e-17, -8.100187187665134e-17, 1.0, -1.9397816686250694e-16, 1.2653630886983698e-17, 1.9397816686250694e-16, 1.0], "world_rotation": [-0.9211093596285536, 0.06008602943210125, 0.38463907325148433, -2.1059189642881336e-16]}], "source": "action wait"}
{"timestamp": 1706067336.759282, "objects": [{"color": "cv_", "id_name": "hand", "shape": "CVCylinder", "id_string": "ob383", "world_size": [0.12, 0.005, 0.12], "id": 383, "camera_size": [51, 52], "camera_position": [246, 348], "world_position": [0.4801075971703018, 0.7326947573159961, -0.17409839301649824], "world_orientation": [6.157341031153635e-05, 0.09920171438868276, 0.995067342480428, -0.0007666320083026135, -0.9950670472711471, 0.0992017323963893, 0.9999997042419958, -0.000768958664134895, 1.4781537940141633e-05], "world_rotation": [0.0, 1.0, 0.0, 0.0]}, {"color": "CVRed", "id_name": "object15821409030339", "shape": "CVBox", "id_string": "ob492", "world_size": [0.1, 0.1, 0.1], "id": 492, "camera_size": [41, 41], "camera_position": [256, 254], "world_position": [0.705, 0.6498037994254439, -0.15], "world_orientation": [1.0, 8.100187187665134e-17, -1.2653630886983698e-17, -8.100187187665134e-17, 1.0, -1.9397816686250694e-16, 1.2653630886983698e-17, 1.9397816686250694e-16, 1.0], "world_rotation": [-0.9211093596285536, 0.06008602943210125, 0.38463907325148433, -2.1059189642881336e-16]}], "source": "action wait"}
{"timestamp": 1706067336.793202, "objects": [{"color": "cv_", "id_name": "hand", "shape": "CVCylinder", "id_string": "ob383", "world_size": [0.12, 0.005, 0.12], "id": 383, "camera_size": [51, 51], "camera_position": [246, 338], "world_position": [0.504054687886331, 0.7149772328810847, -0.17409674372378878], "world_orientation": [3.467387476081778e-05, 0.06951512619816999, 0.9975808969839863, -0.0007644354181705335, -0.9975806042671254, 0.0695151323707909, 0.9999997072180642, -0.0007649965291390337, 1.8549839628684885e-05], "world_rotation": [0.0, 1.0, 0.0, 0.0]}, {"color": "CVRed", "id_name": "object15821409030339", "shape": "CVBox", "id_string": "ob492", "world_size": [0.1, 0.1, 0.1], "id": 492, "camera_size": [41, 41], "camera_position": [256, 254], "world_position": [0.705, 0.6498037994254439, -0.15], "world_orientation": [1.0, 8.100187187665134e-17, -1.2653630886983698e-17, -8.100187187665134e-17, 1.0, -1.9397816686250694e-16, 1.2653630886983698e-17, 1.9397816686250694e-16, 1.0], "world_rotation": [-0.9211093596285536, 0.06008602943210125, 0.38463907325148433, -2.1059189642881336e-16]}], "source": "action wait"}
{"timestamp": 1706067336.830964, "objects": [{"color": "cv_", "id_name": "hand", "shape": "CVCylinder", "id_string": "ob383", "world_size": [0.12, 0.005, 0.12], "id": 383, "camera_size": [49, 50], "camera_position": [246, 330], "world_position": [0.520482580595748, 0.7017744713102934, -0.17409669903005434], "world_orientation": [1.814548724031368e-05, 0.04854661276085712, 0.9988209179128102, -0.0007626989273209886, -0.998820626893455, 0.04854661247205672, 0.9999997089805014, -0.0007626805446153914, 1.8902362537497503e-05], "world_rotation": [0.0, 1.0, 0.0, 0.0]}, {"color": "CVRed", "id_name": "object15821409030339", "shape": "CVBox", "id_string": "ob492", "world_size": [0.1, 0.1, 0.1], "id": 492, "camera_size": [41, 41], "camera_position": [256, 254], "world_position": [0.705, 0.6498037994254439, -0.15], "world_orientation": [1.0, 8.100187187665134e-17, -1.2653630886983698e-17, -8.100187187665134e-17, 1.0, -1.9397816686250694e-16, 1.2653630886983698e-17, 1.9397816686250694e-16, 1.0], "world_rotation": [-0.9211093596285536, 0.06008602943210125, 0.38463907325148433, -2.1059189642881336e-16]}], "source": "action wait"}
{"timestamp": 1706067336.868508, "objects": [{"color": "cv_", "id_name": "hand", "shape": "CVCylinder", "id_string": "ob383", "world_size": [0.12, 0.005, 0.12], "id": 383, "camera_size": [49, 49], "camera_position": [246, 325], "world_position": [0.5318248250441096, 0.6921364762970168, -0.17409743399871422], "world_orientation": [8.113017787160806e-06, 0.0337497542009677, 0.9994303147421301, -0.0007616730830804476, -0.9994300246587319, 0.0337497505881337, 0.9999997098941048, -0.0007615129814808743, 1.759788576875576e-05], "world_rotation": [0.0, 1.0, 0.0, 0.0]}, {"color": "CVRed", "id_name": "object15821409030339", "shape": "CVBox", "id_string": "ob492", "world_size": [0.1, 0.1, 0.1], "id": 492, "camera_size": [41, 41], "camera_position": [256, 254], "world_position": [0.705, 0.6498037994254439, -0.15], "world_orientation": [1.0, 8.100187187665134e-17, -1.2653630886983698e-17, -8.100187187665134e-17, 1.0, -1.9397816686250694e-16, 1.2653630886983698e-17, 1.9397816686250694e-16, 1.0], "world_rotation": [-0.9211093596285536, 0.06008602943210125, 0.38463907325148433, -2.1059189642881336e-16]}], "source": "action wait"}
{"timestamp": 1706067336.902925, "objects": [{"color": "cv_", "id_name": "hand", "shape": "CVCylinder", "id_string": "ob383", "world_size": [0.12, 0.005, 0.12], "id": 383, "camera_size": [49, 50], "camera_position": [246, 321], "world_position": [0.5396977919672487, 0.6851911227818073, -0.1740984771222551], "world_orientation": [2.1368696100151283e-06, 0.02331273628226785, 0.9997282212293835, -0.000761227709609178, -0.999727931538633, 0.0233127311540347, 0.9999997102638621, -0.000761070640345184, 1.561001261005809e-05], "world_rotation": [0.0, 1.0, 0.0, 0.0]}, {"color": "CVRed", "id_name": "object15821409030339", "shape": "CVBox", "id_string": "ob492", "world_size": [0.1, 0.1, 0.1], "id": 492, "camera_size": [41, 41], "camera_position": [256, 254], "world_position": [0.705, 0.6498037994254439, -0.15], "world_orientation": [1.0, 8.100187187665134e-17, -1.2653630886983698e-17, -8.100187187665134e-17, 1.0, -1.9397816686250694e-16, 1.2653630886983698e-17, 1.9397816686250694e-16, 1.0], "world_rotation": [-0.9211093596285536, 0.06008602943210125, 0.38463907325148433, -2.1059189642881336e-16]}], "source": "action wait"}
{"timestamp": 1706067336.934051, "objects": [{"color": "cv_", "id_name": "hand", "shape": "CVCylinder", "id_string": "ob383", "world_size": [0.12, 0.005, 0.12], "id": 383, "camera_size": [49, 49], "camera_position": [246, 319], "world_position": [0.5451856981070216, 0.6802277285527198, -0.17409957235250872], "world_orientation": [-1.3506743295306583e-06, 0.01595248611426335, 0.9998727509963204, -0.000761163920703255, -0.9998724613651963, 0.015952480465123816, 0.9999997103137888, -0.0007610455167471994, 1.3492958942437273e-05], "world_rotation": [0.0, 1.0, 0.0, 0.0]}, {"color": "CVRed", "id_name": "object15821409030339", "shape": "CVBox", "id_string": "ob492", "world_size": [0.1, 0.1, 0.1], "id": 492, "camera_size": [41, 41], "camera_position": [256, 254], "world_position": [0.705, 0.6498037994254439, -0.15], "world_orientation": [1.0, 8.100187187665134e-17, -1.2653630886983698e-17, -8.100187187665134e-17, 1.0, -1.9397816686250694e-16, 1.2653630886983698e-17, 1.9397816686250694e-16, 1.0], "world_rotation": [-0.9211093596285536, 0.06008602943210125, 0.38463907325148433, -2.1059189642881336e-16]}], "source": "action wait"}
{"timestamp": 1706067336.963495, "objects": [{"color": "cv_", "id_name": "hand", "shape": "CVCylinder", "id_string": "ob383", "world_size": [0.12, 0.005, 0.12], "id": 383, "camera_size": [49, 49], "camera_position": [246, 317], "world_position": [0.5490233571900506, 0.6767000515610487, -0.17410059169719866], "world_orientation": [-3.3010583066829718e-06, 0.01076246173986177, 0.9999420830260126, -0.0007613129461535788, -0.9999417932765496, 0.010762456107979991, 0.9999997101958086, -0.0007612333257167001, 1.1494467618302921e-05], "world_rotation": [0.0, 1.0, 0.0, 0.0]}, {"color": "CVRed", "id_name": "object15821409030339", "shape": "CVBox", "id_string": "ob492", "world_size": [0.1, 0.1, 0.1], "id": 492, "camera_size": [41, 41], "camera_position": [256, 254], "world_position": [0.705, 0.6498037994254439, -0.15], "world_orientation": [1.0, 8.100187187665134e-17, -1.2653630886983698e-17, -8.100187187665134e-17, 1.0, -1.9397816686250694e-16, 1.2653630886983698e-17, 1.9397816686250694e-16, 1.0], "world_rotation": [-0.9211093596285536, 0.06008602943210125, 0.38463907325148433, -2.1059189642881336e-16]}], "source": "action wait"}
{"timestamp": 1706067336.992282, "objects": [{"color": "cv_", "id_name": "hand", "shape": "CVCylinder", "id_string": "ob383", "world_size": [0.12, 0.005, 0.12], "id": 383, "camera_size": [49, 49], "camera_position": [246, 316], "world_position": [0.5517134151104193, 0.6742018156632893, -0.17410148076630008], "world_orientation": [-4.337500062282124e-06, 0.007102874731339174, 0.9999747742576994, -0.0007615584778723561, -0.9999744843121843, 0.007102869368497648, 0.9999997100048934, -0.0007615084582984735, 9.746643857268075e-06], "world_rotation": [0.0, 1.0, 0.0, 0.0]}, {"color": "CVRed", "id_name": "object15821409030339", "shape": "CVBox", "id_string": "ob492", "world_size": [0.1, 0.1, 0.1], "id": 492, "camera_size": [41, 41], "camera_position": [256, 254], "world_position": [0.705, 0.6498037994254439, -0.15], "world_orientation": [1.0, 8.100187187665134e-17, -1.2653630886983698e-17, -8.100187187665134e-17, 1.0, -1.9397816686250694e-16, 1.2653630886983698e-17, 1.9397816686250694e-16, 1.0], "world_rotation": [-0.9211093596285536, 0.06008602943210125, 0.38463907325148433, -2.1059189642881336e-16]}], "source": "action wait"}
