{"timestamp": 1706028818.957624, "objects": [{"color": "cv_", "id_name": "hand", "shape": "CVCylinder", "id_string": "ob382", "world_size": [0.12, 0.005, 0.12], "id": 382, "camera_size": [48, 50], "camera_position": [246, 426], "world_position": [0.2676445155401382, 0.6334703013847366, -0.17389260400847836], "world_orientation": [-0.0006415511652129275, 0.19791547486640873, 0.9802188802611926, -0.0007473675279487836, -0.9802189031249685, 0.19791499033236992, 0.9999995149268227, -0.0006056111687289841, 0.0007767761786577082], "world_rotation": [0.0, 1.0, 0.0, 0.0]}, {"color": "CVRed", "id_name": "object258144687179795", "shape": "CVSphere", "id_string": "ob743", "world_size": [0.09, 0.09, 0.09], "id": 743, "camera_size": [37, 37], "camera_position": [256, 254], "world_position": [0.705, 0.644856964849591, -0.15], "world_orientation": [1.0, -3.248937977869676e-17, -1.2807790779525605e-17, 3.248937977869676e-17, 1.0, -6.497875955739369e-17, 1.2807790779525605e-17, 6.497875955739369e-17, 1.0], "world_rotation": [-0.8808431718627018, 0.17362065899128884, -0.4404215859313497, -7.376881791566185e-17]}], "source": "manual check"}
{"timestamp": 1706028819.974375, "objects": [{"color": "cv_", "id_name": "hand", "shape": "CVCylinder", "id_string": "ob382", "world_size": [0.12, 0.005, 0.12], "id": 382, "camera_size": [48, 50], "camera_position": [246, 426], "world_position": [0.2676445155401382, 0.6334703013847366, -0.17389260400847836], "world_orientation": [-0.0006415511652129275, 0.19791547486640873, 0.9802188802611926, -0.0007473675279487836, -0.9802189031249685, 0.19791499033236992, 0.9999995149268227, -0.0006056111687289841, 0.0007767761786577082], "world_rotation": [0.0, 1.0, 0.0, 0.0]}, {"color": "CVRed", "id_name": "object258144687179795", "shape": "CVSphere", "id_string": "ob743", "world_size": [0.09, 0.09, 0.09], "id": 743, "camera_size": [37, 37], "camera_position": [256, 254], "world_position": [0.705, 0.6448569696296074, -0.15], "world_orientation": [1.0, -4.331917303826236e-17, -1.1712398707441946e-17, 4.331917303826236e-17, 1.0, -5.775889738434995e-17, 1.1712398707441946e-17, 5.775889738434995e-17, 1.0], "world_rotation": [-0.7896765794068324, 0.16013129347666225, -0.5922574345551229, -7.314247236221149e-17]}], "source": "manual check"}
{"timestamp": 1706028822.073269, "objects": [{"color": "cv_", "id_name": "hand", "shape": "CVCylinder", "id_string": "ob382", "world_size": [0.12, 0.005, 0.12], "id": 382, "camera_size": [48, 50], "camera_position": [246, 426], "world_position": [0.2676445155401382, 0.6334703013847366, -0.17389260400847836], "world_orientation": [-0.0006415511652129275, 0.19791547486640873, 0.9802188802611926, -0.0007473675279487836, -0.9802189031249685, 0.19791499033236992, 0.9999995149268227, -0.0006056111687289841, 0.0007767761786577082], "world_rotation": [0.0, 1.0, 0.0, 0.0]}, {"color": "CVRed", "id_name": "object258144687179795", "shape": "CVSphere", "id_string": "ob743", "world_size": [0.09, 0.09, 0.09], "id": 743, "camera_size": [37, 37], "camera_position": [256, 254], "world_position": [0.705, 0.6448569696296074, -0.15], "world_orientation": [1.0, -4.331917303826236e-17, -1.1712398707441946e-17, 4.331917303826236e-17, 1.0, -5.775889738434995e-17, 1.1712398707441946e-17, 5.775889738434995e-17, 1.0], "world_rotation": [-0.7896765794068324, 0.16013129347666225, -0.5922574345551229, -7.314247236221149e-17]}], "source": "action wait"}
{"timestamp": 1706028822.105466, "objects": [{"color": "cv_", "id_name": "hand", "shape": "CVCylinder", "id_string": "ob382", "world_size": [0.12, 0.005, 0.12], "id": 382, "camera_size": [48, 50], "camera_position": [246, 444], "world_position": [0.22509914266238362, 0.6416776005951961, -0.17397247098478025], "world_orientation": [-0.0005243734676865448, 0.08775991046587779, 0.9961415176306465, -0.000763095769141195, -0.9961413996665409, 0.08775949837614314, 0.9999995713585649, -0.000714132625084232, 0.0005893193364263891], "world_rotation": [0.0, 1.0, 0.0, 0.0]}, {"color": "CVRed", "id_name": "object258144687179795", "shape": "CVSphere", "id_string": "ob743", "world_size": [0.09, 0.09, 0.09], "id": 743, "camera_size": [37, 37], "camera_position": [256, 254], "world_position": [0.705, 0.6448569696296074, -0.15], "world_orientation": [1.0, -4.331917303826236e-17, -1.1712398707441946e-17, 4.331917303826236e-17, 1.0, -5.775889738434995e-17, 1.1712398707441946e-17, 5.775889738434995e-17, 1.0], "world_rotation": [-0.7896765794068324, 0.16013129347666225, -0.5922574345551229, -7.314247236221149e-17]}], "source": "action wait"}
{"timestamp": 1706028822.145662, "objects": [{"color": "cv_", "id_name": "hand", "shape": "CVCylinder", "id_string": "ob382", "world_size": [0.12, 0.005, 0.12], "id": 382, "camera_size": [48, 50], "camera_position": [246, 470], "world_position": [0.16386702471317152, 0.6571116647353923, -0.17403839996950657], "world_orientation": [-0.00037992517722490747, 0.06032424718521272, 0.998178761975227, -0.0007693266991603113, -0.9981785562544037, 0.0603239419327395, 0.9999996318965771, -0.0007450069877929623, 0.00042564221885377294], "world_rotation": [0.0, 1.0, 0.0, 0.0]}, {"color": "CVRed", "id_name": "object258144687179795", "shape": "CVSphere", "id_string": "ob743", "world_size": [0.09, 0.09, 0.09], "id": 743, "camera_size": [37, 37], "camera_position": [256, 254], "world_position": [0.705, 0.6448569696296074, -0.15], "world_orientation": [1.0, -4.331917303826236e-17, -1.1712398707441946e-17, 4.331917303826236e-17, 1.0, -5.775889738434995e-17, 1.1712398707441946e-17, 5.775889738434995e-17, 1.0], "world_rotation": [-0.7896765794068324, 0.16013129347666225, -0.5922574345551229, -7.314247236221149e-17]}], "source": "action wait"}
{"timestamp": 1706028822.171274, "objects": [{"color": "cv_", "id_name": "hand", "shape": "CVCylinder", "id_string": "ob382", "world_size": [0.12, 0.005, 0.12], "id": 382, "camera_size": [48, 46], "camera_position": [246, 488], "world_position": [0.11761512355766608, 0.6637246247780502, -0.17407773929093392], "world_orientation": [-0.00025835689914474586, 0.04222242999051165, 0.999108202177026, -0.0007699561043964787, -0.9991079477685098, 0.042222220138148726, 0.9999996702096007, -0.0007583610573492572, 0.00029063584901036995], "world_rotation": [0.0, 1.0, 0.0, 0.0]}, {"color": "CVRed", "id_name": "object258144687179795", "shape": "CVSphere", "id_string": "ob743", "world_size": [0.09, 0.09, 0.09], "id": 743, "camera_size": [37, 37], "camera_position": [256, 254], "world_position": [0.705, 0.6448569696296074, -0.15], "world_orientation": [1.0, -4.331917303826236e-17, -1.1712398707441946e-17, 4.331917303826236e-17, 1.0, -5.775889738434995e-17, 1.1712398707441946e-17, 5.775889738434995e-17, 1.0], "world_rotation": [-0.7896765794068324, 0.16013129347666225, -0.5922574345551229, -7.314247236221149e-17]}], "source": "action wait"}
{"timestamp": 1706028822.202672, "objects": [{"color": "cv_", "id_name": "hand", "shape": "CVCylinder", "id_string": "ob382", "world_size": [0.12, 0.005, 0.12], "id": 382, "camera_size": [48, 34], "camera_position": [246, 494], "world_position": [0.08418837826536203, 0.6660511419456612, -0.17409653528519764], "world_orientation": [-0.0001754962716191884, 0.02941173358063495, 0.999567365978322, -0.000768037213840011, -0.999567090522433, 0.02941159062948725, 0.9999996896599004, -0.0007625433103138778, 0.00019800960353377726], "world_rotation": [0.0, 1.0, 0.0, 0.0]}, {"color": "CVRed", "id_name": "object258144687179795", "shape": "CVSphere", "id_string": "ob743", "world_size": [0.09, 0.09, 0.09], "id": 743, "camera_size": [37, 37], "camera_position": [256, 254], "world_position": [0.705, 0.6448569696296074, -0.15], "world_orientation": [1.0, -4.331917303826236e-17, -1.1712398707441946e-17, 4.331917303826236e-17, 1.0, -5.775889738434995e-17, 1.1712398707441946e-17, 5.775889738434995e-17, 1.0], "world_rotation": [-0.7896765794068324, 0.16013129347666225, -0.5922574345551229, -7.314247236221149e-17]}], "source": "action wait"}
{"timestamp": 1706028822.232249, "objects": [{"color": "cv_", "id_name": "hand", "shape": "CVCylinder", "id_string": "ob382", "world_size": [0.12, 0.005, 0.12], "id": 382, "camera_size": [48, 26], "camera_position": [246, 498], "world_position": [0.060306839625953054, 0.6665238404213777, -0.17410508014166184], "world_orientation": [-0.00011940886053428347, 0.020349420998210507, 0.9997929219626241, -0.0007659057903067407, -0.9997926377063094, 0.020349323737681203, 0.9999996995648771, -0.000763317298479062, 0.00013496983901136673], "world_rotation": [0.0, 1.0, 0.0, 0.0]}, {"color": "CVRed", "id_name": "object258144687179795", "shape": "CVSphere", "id_string": "ob743", "world_size": [0.09, 0.09, 0.09], "id": 743, "camera_size": [37, 37], "camera_position": [256, 254], "world_position": [0.705, 0.6448569696296074, -0.15], "world_orientation": [1.0, -4.331917303826236e-17, -1.1712398707441946e-17, 4.331917303826236e-17, 1.0, -5.775889738434995e-17, 1.1712398707441946e-17, 5.775889738434995e-17, 1.0], "world_rotation": [-0.7896765794068324, 0.16013129347666225, -0.5922574345551229, -7.314247236221149e-17]}], "source": "action wait"}
{"timestamp": 1706028822.264708, "objects": [{"color": "cv_", "id_name": "hand", "shape": "CVCylinder", "id_string": "ob382", "world_size": [0.12, 0.005, 0.12], "id": 382, "camera_size": [48, 20], "camera_position": [246, 501], "world_position": [0.04334974685274571, 0.6662848036929117, -0.17410866343484946], "world_orientation": [-8.158132475482682e-05, 0.013940550403562743, 0.9999028224777313, -0.000764281406288695, -0.999902534639675, 0.01394048403340285, 0.9999997046091662, -0.0007630698521605007, 9.222787686885645e-05], "world_rotation": [0.0, 1.0, 0.0, 0.0]}, {"color": "CVRed", "id_name": "object258144687179795", "shape": "CVSphere", "id_string": "ob743", "world_size": [0.09, 0.09, 0.09], "id": 743, "camera_size": [37, 37], "camera_position": [256, 254], "world_position": [0.705, 0.6448569696296074, -0.15], "world_orientation": [1.0, -4.331917303826236e-17, -1.1712398707441946e-17, 4.331917303826236e-17, 1.0, -5.775889738434995e-17, 1.1712398707441946e-17, 5.775889738434995e-17, 1.0], "world_rotation": [-0.7896765794068324, 0.16013129347666225, -0.5922574345551229, -7.314247236221149e-17]}], "source": "action wait"}
{"timestamp": 1706028822.298234, "objects": [{"color": "cv_", "id_name": "hand", "shape": "CVCylinder", "id_string": "ob382", "world_size": [0.12, 0.005, 0.12], "id": 382, "camera_size": [48, 16], "camera_position": [246, 503], "world_position": [0.031350210648062996, 0.6658407135814058, -0.1741099231012116], "world_orientation": [-5.61141683672554e-05, 0.009409058107875708, 0.9999557322585448, -0.0007632478631696801, -0.9999554429750558, 0.009409012554955326, 0.999999707151907, -0.0007626860969963065, 6.329311158249896e-05], "world_rotation": [0.0, 1.0, 0.0, 0.0]}, {"color": "CVRed", "id_name": "object258144687179795", "shape": "CVSphere", "id_string": "ob743", "world_size": [0.09, 0.09, 0.09], "id": 743, "camera_size": [37, 37], "camera_position": [256, 254], "world_position": [0.705, 0.6448569696296074, -0.15], "world_orientation": [1.0, -4.331917303826236e-17, -1.1712398707441946e-17, 4.331917303826236e-17, 1.0, -5.775889738434995e-17, 1.1712398707441946e-17, 5.775889738434995e-17, 1.0], "world_rotation": [-0.7896765794068324, 0.16013129347666225, -0.5922574345551229, -7.314247236221149e-17]}], "source": "action wait"}
{"timestamp": 1706028822.336874, "objects": [{"color": "cv_", "id_name": "hand", "shape": "CVCylinder", "id_string": "ob382", "world_size": [0.12, 0.005, 0.12], "id": 382, "camera_size": [48, 13], "camera_position": [246, 505], "world_position": [0.022874988194725537, 0.6653975037539344, -0.17411014934688596], "world_orientation": [-3.8976711291338025e-05, 0.0062054393331233, 0.999980745316378, -0.0007626837115883407, -0.9999804554227593, 0.006205407806696362, 0.9999997083971436, -0.0007624271599666027, 4.370873701098295e-05], "world_rotation": [0.0, 1.0, 0.0, 0.0]}, {"color": "CVRed", "id_name": "object258144687179795", "shape": "CVSphere", "id_string": "ob743", "world_size": [0.09, 0.09, 0.09], "id": 743, "camera_size": [37, 37], "camera_position": [256, 254], "world_position": [0.705, 0.6448569696296074, -0.15], "world_orientation": [1.0, -4.331917303826236e-17, -1.1712398707441946e-17, 4.331917303826236e-17, 1.0, -5.775889738434995e-17, 1.1712398707441946e-17, 5.775889738434995e-17, 1.0], "world_rotation": [-0.7896765794068324, 0.16013129347666225, -0.5922574345551229, -7.314247236221149e-17]}], "source": "action wait"}
{"timestamp": 1706028822.375859, "objects": [{"color": "cv_", "id_name": "hand", "shape": "CVCylinder", "id_string": "ob382", "world_size": [0.12, 0.005, 0.12], "id": 382, "camera_size": [48, 11], "camera_position": [246, 506], "world_position": [0.016895399048586963, 0.6650251007195858, -0.17410995909519592], "world_orientation": [-2.7469301340745645e-05, 0.0039408298384589245, 0.9999922345226597, -0.0007624363047207767, -0.9999919443301283, 0.003940807751095831, 0.999999708968117, -0.0007623221328036465, 3.0473711797056075e-05], "world_rotation": [0.0, 1.0, 0.0, 0.0]}, {"color": "CVRed", "id_name": "object258144687179795", "shape": "CVSphere", "id_string": "ob743", "world_size": [0.09, 0.09, 0.09], "id": 743, "camera_size": [37, 37], "camera_position": [256, 254], "world_position": [0.705, 0.6448569696296074, -0.15], "world_orientation": [1.0, -4.331917303826236e-17, -1.1712398707441946e-17, 4.331917303826236e-17, 1.0, -5.775889738434995e-17, 1.1712398707441946e-17, 5.775889738434995e-17, 1.0], "world_rotation": [-0.7896765794068324, 0.16013129347666225, -0.5922574345551229, -7.314247236221149e-17]}], "source": "action wait"}
{"timestamp": 1706028822.407708, "objects": [{"color": "cv_", "id_name": "hand", "shape": "CVCylinder", "id_string": "ob382", "world_size": [0.12, 0.005, 0.12], "id": 382, "camera_size": [48, 10], "camera_position": [246, 506], "world_position": [0.01267911591287179, 0.6647359048278068, -0.17410963746614228], "world_orientation": [-1.973319093664979e-05, 0.0023401411214268517, 0.9999972616713173, -0.0007623793436409039, -0.9999969712908432, 0.0023401253976757593, 0.9999997091941266, -0.0007623310778547549, 2.1517206423099328e-05], "world_rotation": [0.0, 1.0, 0.0, 0.0]}, {"color": "CVRed", "id_name": "object258144687179795", "shape": "CVSphere", "id_string": "ob743", "world_size": [0.09, 0.09, 0.09], "id": 743, "camera_size": [37, 37], "camera_position": [256, 254], "world_position": [0.705, 0.6448569696296074, -0.15], "world_orientation": [1.0, -4.331917303826236e-17, -1.1712398707441946e-17, 4.331917303826236e-17, 1.0, -5.775889738434995e-17, 1.1712398707441946e-17, 5.775889738434995e-17, 1.0], "world_rotation": [-0.7896765794068324, 0.16013129347666225, -0.5922574345551229, -7.314247236221149e-17]}], "source": "action wait"}
{"timestamp": 1706028822.436845, "objects": [{"color": "cv_", "id_name": "hand", "shape": "CVCylinder", "id_string": "ob382", "world_size": [0.12, 0.005, 0.12], "id": 382, "camera_size": [48, 9], "camera_position": [246, 507], "world_position": [0.009707139229733916, 0.6645208150648971, -0.17410930855018383], "world_orientation": [-1.4546717268720891e-05, 0.001208816962700847, 0.999999269274705, -0.0007624243900456523, -0.9999989787486098, 0.0012088055207279348, 0.9999997092486791, -0.0007624062487710711, 1.5468333948694227e-05], "world_rotation": [0.0, 1.0, 0.0, 0.0]}, {"color": "CVRed", "id_name": "object258144687179795", "shape": "CVSphere", "id_string": "ob743", "world_size": [0.09, 0.09, 0.09], "id": 743, "camera_size": [37, 37], "camera_position": [256, 254], "world_position": [0.705, 0.6448569696296074, -0.15], "world_orientation": [1.0, -4.331917303826236e-17, -1.1712398707441946e-17, 4.331917303826236e-17, 1.0, -5.775889738434995e-17, 1.1712398707441946e-17, 5.775889738434995e-17, 1.0], "world_rotation": [-0.7896765794068324, 0.16013129347666225, -0.5922574345551229, -7.314247236221149e-17]}], "source": "action wait"}
{"timestamp": 1706028822.469012, "objects": [{"color": "cv_", "id_name": "hand", "shape": "CVCylinder", "id_string": "ob382", "world_size": [0.12, 0.005, 0.12], "id": 382, "camera_size": [48, 8], "camera_position": [246, 507], "world_position": [0.007612598196780498, 0.6643649184539239, -0.17410902001876755], "world_orientation": [-1.106294277417023e-05, 0.0004092810646212129, 0.9999999161833073, -0.0007625152514390546, -0.9999996255331819, 0.00040927251000066325, 0.9999997092240092, -0.0007625106597695696, 1.1375021685728763e-05], "world_rotation": [0.0, 1.0, 0.0, 0.0]}, {"color": "CVRed", "id_name": "object258144687179795", "shape": "CVSphere", "id_string": "ob743", "world_size": [0.09, 0.09, 0.09], "id": 743, "camera_size": [37, 37], "camera_position": [256, 254], "world_position": [0.705, 0.6448569696296074, -0.15], "world_orientation": [1.0, -4.331917303826236e-17, -1.1712398707441946e-17, 4.331917303826236e-17, 1.0, -5.775889738434995e-17, 1.1712398707441946e-17, 5.775889738434995e-17, 1.0], "world_rotation": [-0.7896765794068324, 0.16013129347666225, -0.5922574345551229, -7.314247236221149e-17]}], "source": "action wait"}
{"timestamp": 1706028822.502071, "objects": [{"color": "cv_", "id_name": "hand", "shape": "CVCylinder", "id_string": "ob382", "world_size": [0.12, 0.005, 0.12], "id": 382, "camera_size": [48, 7], "camera_position": [246, 508], "world_position": [0.0061365426575764005, 0.6642537335225974, -0.17410878463886142], "world_orientation": [-8.727863329105526e-06, -0.00015573769405744666, 0.9999999878347976, -0.000762619203468979, -0.9999996970777852, -0.00015574430481128754, 0.9999997091678452, -0.0007626205535068972, 8.609092129413389e-06], "world_rotation": [0.0, 1.0, 0.0, 0.0]}, {"color": "CVRed", "id_name": "object258144687179795", "shape": "CVSphere", "id_string": "ob743", "world_size": [0.09, 0.09, 0.09], "id": 743, "camera_size": [37, 37], "camera_position": [256, 254], "world_position": [0.705, 0.6448569696296074, -0.15], "world_orientation": [1.0, -4.331917303826236e-17, -1.1712398707441946e-17, 4.331917303826236e-17, 1.0, -5.775889738434995e-17, 1.1712398707441946e-17, 5.775889738434995e-17, 1.0], "world_rotation": [-0.7896765794068324, 0.16013129347666225, -0.5922574345551229, -7.314247236221149e-17]}], "source": "action wait"}
{"timestamp": 1706028822.534301, "objects": [{"color": "cv_", "id_name": "hand", "shape": "CVCylinder", "id_string": "ob382", "world_size": [0.12, 0.005, 0.12], "id": 382, "camera_size": [48, 7], "camera_position": [246, 508], "world_position": [0.0050963528786669605, 0.6641752475273001, -0.17410860034499673], "world_orientation": [-7.164267047560412e-06, -0.0005550056729827714, 0.9999998459586764, -0.0007627189128878111, -0.9999995551112395, -0.0005550109758832977, 0.9999997091042244, -0.0007627227716447546, 6.740950537078249e-06], "world_rotation": [0.0, 1.0, 0.0, 0.0]}, {"color": "CVRed", "id_name": "object258144687179795", "shape": "CVSphere", "id_string": "ob743", "world_size": [0.09, 0.09, 0.09], "id": 743, "camera_size": [37, 37], "camera_position": [256, 254], "world_position": [0.705, 0.6448569696296074, -0.15], "world_orientation": [1.0, -4.331917303826236e-17, -1.1712398707441946e-17, 4.331917303826236e-17, 1.0, -5.775889738434995e-17, 1.1712398707441946e-17, 5.775889738434995e-17, 1.0], "world_rotation": [-0.7896765794068324, 0.16013129347666225, -0.5922574345551229, -7.314247236221149e-17]}], "source": "action wait"}
{"timestamp": 1706028822.561716, "objects": [{"color": "cv_", "id_name": "hand", "shape": "CVCylinder", "id_string": "ob382", "world_size": [0.12, 0.005, 0.12], "id": 382, "camera_size": [48, 7], "camera_position": [246, 508], "world_position": [0.004363302294670191, 0.6641202048050681, -0.1741084597107987], "world_orientation": [-6.118414893009201e-06, -0.0008371330029122061, 0.9999996495853889, -0.000762806481083884, -0.9999993586633951, -0.0008371374265392686, 0.9999997090443765, -0.0007628113357397759, 5.479840489258813e-06], "world_rotation": [0.0, 1.0, 0.0, 0.0]}, {"color": "CVRed", "id_name": "object258144687179795", "shape": "CVSphere", "id_string": "ob743", "world_size": [0.09, 0.09, 0.09], "id": 743, "camera_size": [37, 37], "camera_position": [256, 254], "world_position": [0.705, 0.6448569696296074, -0.15], "world_orientation": [1.0, -4.331917303826236e-17, -1.1712398707441946e-17, 4.331917303826236e-17, 1.0, -5.775889738434995e-17, 1.1712398707441946e-17, 5.775889738434995e-17, 1.0], "world_rotation": [-0.7896765794068324, 0.16013129347666225, -0.5922574345551229, -7.314247236221149e-17]}], "source": "action wait"}
{"timestamp": 1706028822.597007, "objects": [{"color": "cv_", "id_name": "hand", "shape": "CVCylinder", "id_string": "ob382", "world_size": [0.12, 0.005, 0.12], "id": 382, "camera_size": [48, 7], "camera_position": [246, 508], "world_position": [0.0038466768609881027, 0.664081759620188, -0.17410835422376675], "world_orientation": [-5.419663584802405e-06, -0.001036478743410441, 0.9999994628410767, -0.0007628794025427316, -0.9999991718591001, -0.0010364825763652147, 0.9999997089927799, -0.0007628846101424622, 4.6289508123998274e-06], "world_rotation": [0.0, 1.0, 0.0, 0.0]}, {"color": "CVRed", "id_name": "object258144687179795", "shape": "CVSphere", "id_string": "ob743", "world_size": [0.09, 0.09, 0.09], "id": 743, "camera_size": [37, 37], "camera_position": [256, 254], "world_position": [0.705, 0.6448569696296074, -0.15], "world_orientation": [1.0, -4.331917303826236e-17, -1.1712398707441946e-17, 4.331917303826236e-17, 1.0, -5.775889738434995e-17, 1.1712398707441946e-17, 5.775889738434995e-17, 1.0], "world_rotation": [-0.7896765794068324, 0.16013129347666225, -0.5922574345551229, -7.314247236221149e-17]}], "source": "action wait"}
{"timestamp": 1706028822.632932, "objects": [{"color": "cv_", "id_name": "hand", "shape": "CVCylinder", "id_string": "ob382", "world_size": [0.12, 0.005, 0.12], "id": 382, "camera_size": [48, 7], "camera_position": [246, 508], "world_position": [0.0034825581268627943, 0.664054971553213, -0.1741082760518483], "world_orientation": [-4.953398130643903e-06, -0.001177327078682669, 0.9999993069379667, -0.0007629380063445967, -0.9999990159087442, -0.0011773305151838473, 0.9999997089504888, -0.0007629433093683431, 4.05516568218615e-06], "world_rotation": [0.0, 1.0, 0.0, 0.0]}, {"color": "CVRed", "id_name": "object258144687179795", "shape": "CVSphere", "id_string": "ob743", "world_size": [0.09, 0.09, 0.09], "id": 743, "camera_size": [37, 37], "camera_position": [256, 254], "world_position": [0.705, 0.6448569696296074, -0.15], "world_orientation": [1.0, -4.331917303826236e-17, -1.1712398707441946e-17, 4.331917303826236e-17, 1.0, -5.775889738434995e-17, 1.1712398707441946e-17, 5.775889738434995e-17, 1.0], "world_rotation": [-0.7896765794068324, 0.16013129347666225, -0.5922574345551229, -7.314247236221149e-17]}], "source": "action wait"}
{"timestamp": 1706028822.671533, "objects": [{"color": "cv_", "id_name": "hand", "shape": "CVCylinder", "id_string": "ob382", "world_size": [0.12, 0.005, 0.12], "id": 382, "camera_size": [48, 7], "camera_position": [246, 508], "world_position": [0.0032259100623019004, 0.6640363296432645, -0.17410821863258186], "world_orientation": [-4.642731514337189e-06, -0.0012768403654396564, 0.9999991848282308, -0.00076298392526431, -0.9999988937624451, -0.0012768435361267285, 0.9999997089169451, -0.0007629892313434604, 3.66851770477805e-06], "world_rotation": [0.0, 1.0, 0.0, 0.0]}, {"color": "CVRed", "id_name": "object258144687179795", "shape": "CVSphere", "id_string": "ob743", "world_size": [0.09, 0.09, 0.09], "id": 743, "camera_size": [37, 37], "camera_position": [256, 254], "world_position": [0.705, 0.6448569696296074, -0.15], "world_orientation": [1.0, -4.331917303826236e-17, -1.1712398707441946e-17, 4.331917303826236e-17, 1.0, -5.775889738434995e-17, 1.1712398707441946e-17, 5.775889738434995e-17, 1.0], "world_rotation": [-0.7896765794068324, 0.16013129347666225, -0.5922574345551229, -7.314247236221149e-17]}], "source": "action wait"}
{"timestamp": 1706028825.044811, "objects": [{"color": "CVRed", "id_name": "object258144687179795", "shape": "CVSphere", "id_string": "ob743", "world_size": [0.09, 0.09, 0.09], "id": 743, "camera_size": [37, 37], "camera_position": [256, 254], "world_position": [0.705, 0.6448569696296074, -0.15], "world_orientation": [1.0, -4.331917303826236e-17, -1.1712398707441946e-17, 4.331917303826236e-17, 1.0, -5.775889738434995e-17, 1.1712398707441946e-17, 5.775889738434995e-17, 1.0], "world_rotation": [-0.7896765794068324, 0.16013129347666225, -0.5922574345551229, -7.314247236221149e-17]}], "source": "action wait"}
{"timestamp": 1706028825.072376, "objects": [{"color": "cv_", "id_name": "hand", "shape": "CVCylinder", "id_string": "ob382", "world_size": [0.12, 0.005, 0.12], "id": 382, "camera_size": [51, 11], "camera_position": [246, 506], "world_position": [0.035442018927290445, 0.720164963961663, -0.17412270193946267], "world_orientation": [0.00015847458026561174, 0.19403400285682484, 0.9809947913323319, -0.0007077699669909366, -0.9809945361782508, 0.1940340667256462, 0.9999997369737061, -0.0007250681183614295, -1.8131257566184347e-05], "world_rotation": [0.0, 1.0, 0.0, 0.0]}, {"color": "CVRed", "id_name": "object258144687179795", "shape": "CVSphere", "id_string": "ob743", "world_size": [0.09, 0.09, 0.09], "id": 743, "camera_size": [37, 37], "camera_position": [256, 254], "world_position": [0.705, 0.6448569696296074, -0.15], "world_orientation": [1.0, -4.331917303826236e-17, -1.1712398707441946e-17, 4.331917303826236e-17, 1.0, -5.775889738434995e-17, 1.1712398707441946e-17, 5.775889738434995e-17, 1.0], "world_rotation": [-0.7896765794068324, 0.16013129347666225, -0.5922574345551229, -7.314247236221149e-17]}], "source": "action wait"}
{"timestamp": 1706028825.10141, "objects": [{"color": "cv_", "id_name": "hand", "shape": "CVCylinder", "id_string": "ob382", "world_size": [0.12, 0.005, 0.12], "id": 382, "camera_size": [52, 21], "camera_position": [245, 501], "world_position": [0.08355732619779341, 0.7737359712358337, -0.17412462234865408], "world_orientation": [0.00025848842338616225, 0.29908066707752295, 0.9542277965790971, -0.0007062073784786852, -0.9542275359114305, 0.2990807766800445, 0.9999997172273968, -0.0007511916291229887, -3.544379745847756e-05], "world_rotation": [0.0, 1.0, 0.0, 0.0]}, {"color": "CVRed", "id_name": "object258144687179795", "shape": "CVSphere", "id_string": "ob743", "world_size": [0.09, 0.09, 0.09], "id": 743, "camera_size": [37, 37], "camera_position": [256, 254], "world_position": [0.705, 0.6448569696296074, -0.15], "world_orientation": [1.0, -4.331917303826236e-17, -1.1712398707441946e-17, 4.331917303826236e-17, 1.0, -5.775889738434995e-17, 1.1712398707441946e-17, 5.775889738434995e-17, 1.0], "world_rotation": [-0.7896765794068324, 0.16013129347666225, -0.5922574345551229, -7.314247236221149e-17]}], "source": "action wait"}
{"timestamp": 1706028825.133575, "objects": [{"color": "cv_", "id_name": "hand", "shape": "CVCylinder", "id_string": "ob382", "world_size": [0.12, 0.005, 0.12], "id": 382, "camera_size": [54, 38], "camera_position": [245, 492], "world_position": [0.1399211512286076, 0.8061451263710904, -0.17412047287836444], "world_orientation": [0.0002908886462172362, 0.3402667065406733, 0.9403289231985575, -0.00071175212057782, -0.9403286543518765, 0.3402668294349431, 0.9999997043963135, -0.0007682608624944107, -3.1345379320871004e-05], "world_rotation": [0.0, 1.0, 0.0, 0.0]}, {"color": "CVRed", "id_name": "object258144687179795", "shape": "CVSphere", "id_string": "ob743", "world_size": [0.09, 0.09, 0.09], "id": 743, "camera_size": [37, 37], "camera_position": [256, 254], "world_position": [0.705, 0.6448569696296074, -0.15], "world_orientation": [1.0, -4.331917303826236e-17, -1.1712398707441946e-17, 4.331917303826236e-17, 1.0, -5.775889738434995e-17, 1.1712398707441946e-17, 5.775889738434995e-17, 1.0], "world_rotation": [-0.7896765794068324, 0.16013129347666225, -0.5922574345551229, -7.314247236221149e-17]}], "source": "action wait"}
{"timestamp": 1706028825.166475, "objects": [{"color": "cv_", "id_name": "hand", "shape": "CVCylinder", "id_string": "ob382", "world_size": [0.12, 0.005, 0.12], "id": 382, "camera_size": [55, 59], "camera_position": [245, 480], "world_position": [0.20085669319360208, 0.8206572156894018, -0.17411715719675344], "world_orientation": [0.00028960249779337425, 0.34129779886504286, 0.9399551737291889, -0.0007211928963994841, -0.9399548974183877, 0.3412979207378719, 0.9999996980055542, -0.0007767297245650284, -2.607173800676476e-05], "world_rotation": [0.0, 1.0, 0.0, 0.0]}, {"color": "CVRed", "id_name": "object258144687179795", "shape": "CVSphere", "id_string": "ob743", "world_size": [0.09, 0.09, 0.09], "id": 743, "camera_size": [37, 37], "camera_position": [256, 254], "world_position": [0.705, 0.6448569696296074, -0.15], "world_orientation": [1.0, -4.331917303826236e-17, -1.1712398707441946e-17, 4.331917303826236e-17, 1.0, -5.775889738434995e-17, 1.1712398707441946e-17, 5.775889738434995e-17, 1.0], "world_rotation": [-0.7896765794068324, 0.16013129347666225, -0.5922574345551229, -7.314247236221149e-17]}], "source": "action wait"}
{"timestamp": 1706028825.205769, "objects": [{"color": "cv_", "id_name": "hand", "shape": "CVCylinder", "id_string": "ob382", "world_size": [0.12, 0.005, 0.12], "id": 382, "camera_size": [55, 58], "camera_position": [245, 451], "world_position": [0.26444919512666604, 0.8200444994867183, -0.17411445863584904], "world_orientation": [0.000264799659913648, 0.31408516628443284, 0.9493947746860734, -0.000734264925612353, -0.9493944909719819, 0.3140852772211245, 0.9999996953680332, -0.0007802769582039194, -2.077761707502967e-05], "world_rotation": [0.0, 1.0, 0.0, 0.0]}, {"color": "CVRed", "id_name": "object258144687179795", "shape": "CVSphere", "id_string": "ob743", "world_size": [0.09, 0.09, 0.09], "id": 743, "camera_size": [37, 37], "camera_position": [256, 254], "world_position": [0.705, 0.6448569696296074, -0.15], "world_orientation": [1.0, -4.331917303826236e-17, -1.1712398707441946e-17, 4.331917303826236e-17, 1.0, -5.775889738434995e-17, 1.1712398707441946e-17, 5.775889738434995e-17, 1.0], "world_rotation": [-0.7896765794068324, 0.16013129347666225, -0.5922574345551229, -7.314247236221149e-17]}], "source": "action wait"}
{"timestamp": 1706028825.244751, "objects": [{"color": "cv_", "id_name": "hand", "shape": "CVCylinder", "id_string": "ob382", "world_size": [0.12, 0.005, 0.12], "id": 382, "camera_size": [54, 57], "camera_position": [245, 421], "world_position": [0.3286849463132843, 0.8065055832760025, -0.17411207780238827], "world_orientation": [0.00022317458194287695, 0.26633751853043575, 0.9638798039258608, -0.0007488013669583019, -0.9638795131957706, 0.2663376115722246, 0.9999996947447629, -0.0007811942998817053, -1.567950945244867e-05], "world_rotation": [0.0, 1.0, 0.0, 0.0]}, {"color": "CVRed", "id_name": "object258144687179795", "shape": "CVSphere", "id_string": "ob743", "world_size": [0.09, 0.09, 0.09], "id": 743, "camera_size": [37, 37], "camera_position": [256, 254], "world_position": [0.705, 0.6448569696296074, -0.15], "world_orientation": [1.0, -4.331917303826236e-17, -1.1712398707441946e-17, 4.331917303826236e-17, 1.0, -5.775889738434995e-17, 1.1712398707441946e-17, 5.775889738434995e-17, 1.0], "world_rotation": [-0.7896765794068324, 0.16013129347666225, -0.5922574345551229, -7.314247236221149e-17]}], "source": "action wait"}
{"timestamp": 1706028825.275162, "objects": [{"color": "cv_", "id_name": "hand", "shape": "CVCylinder", "id_string": "ob382", "world_size": [0.12, 0.005, 0.12], "id": 382, "camera_size": [53, 54], "camera_position": [245, 390], "world_position": [0.3917744367065249, 0.7818232358205968, -0.17410982032305616], "world_orientation": [0.00016936901699008864, 0.2033753393278249, 0.9791008337589281, -0.0007623315384376524, -0.9791005370412554, 0.203375409566031, 0.9999996950823344, -0.000780844938083478, -1.0789860182654382e-05], "world_rotation": [0.0, 1.0, 0.0, 0.0]}, {"color": "CVRed", "id_name": "object258144687179795", "shape": "CVSphere", "id_string": "ob743", "world_size": [0.09, 0.09, 0.09], "id": 743, "camera_size": [37, 37], "camera_position": [256, 254], "world_position": [0.705, 0.6448569696296074, -0.15], "world_orientation": [1.0, -4.331917303826236e-17, -1.1712398707441946e-17, 4.331917303826236e-17, 1.0, -5.775889738434995e-17, 1.1712398707441946e-17, 5.775889738434995e-17, 1.0], "world_rotation": [-0.7896765794068324, 0.16013129347666225, -0.5922574345551229, -7.314247236221149e-17]}], "source": "action wait"}
{"timestamp": 1706028825.311008, "objects": [{"color": "cv_", "id_name": "hand", "shape": "CVCylinder", "id_string": "ob382", "world_size": [0.12, 0.005, 0.12], "id": 382, "camera_size": [52, 52], "camera_position": [245, 365], "world_position": [0.44401877223836217, 0.7535241899715955, -0.17410319267249513], "world_orientation": [0.00010722836636120901, 0.14346095631070663, 0.9896559717985313, -0.0007677361469849179, -0.9896556740169138, 0.14346099632770115, 0.999999699541598, -0.0007751777509022911, 4.0210006562315025e-06], "world_rotation": [0.0, 1.0, 0.0, 0.0]}, {"color": "CVRed", "id_name": "object258144687179795", "shape": "CVSphere", "id_string": "ob743", "world_size": [0.09, 0.09, 0.09], "id": 743, "camera_size": [37, 37], "camera_position": [256, 254], "world_position": [0.705, 0.6448569696296074, -0.15], "world_orientation": [1.0, -4.331917303826236e-17, -1.1712398707441946e-17, 4.331917303826236e-17, 1.0, -5.775889738434995e-17, 1.1712398707441946e-17, 5.775889738434995e-17, 1.0], "world_rotation": [-0.7896765794068324, 0.16013129347666225, -0.5922574345551229, -7.314247236221149e-17]}], "source": "action wait"}
{"timestamp": 1706028825.343166, "objects": [{"color": "cv_", "id_name": "hand", "shape": "CVCylinder", "id_string": "ob382", "world_size": [0.12, 0.005, 0.12], "id": 382, "camera_size": [51, 51], "camera_position": [246, 349], "world_position": [0.4794887274398951, 0.7302701737060268, -0.17409841964676165], "world_orientation": [6.308852218744384e-05, 0.10083956587671083, 0.9949026977416611, -0.000766639899474333, -0.9949024024738969, 0.1008395845634684, 0.9999997041415079, -0.0007690939245518384, 1.4540712354340532e-05], "world_rotation": [0.0, 1.0, 0.0, 0.0]}, {"color": "CVRed", "id_name": "object258144687179795", "shape": "CVSphere", "id_string": "ob743", "world_size": [0.09, 0.09, 0.09], "id": 743, "camera_size": [37, 37], "camera_position": [256, 254], "world_position": [0.705, 0.6448569696296074, -0.15], "world_orientation": [1.0, -4.331917303826236e-17, -1.1712398707441946e-17, 4.331917303826236e-17, 1.0, -5.775889738434995e-17, 1.1712398707441946e-17, 5.775889738434995e-17, 1.0], "world_rotation": [-0.7896765794068324, 0.16013129347666225, -0.5922574345551229, -7.314247236221149e-17]}], "source": "action wait"}
{"timestamp": 1706028825.370455, "objects": [{"color": "cv_", "id_name": "hand", "shape": "CVCylinder", "id_string": "ob382", "world_size": [0.12, 0.005, 0.12], "id": 382, "camera_size": [50, 51], "camera_position": [245, 338], "world_position": [0.5036377126607107, 0.7123204456444467, -0.17409669322304905], "world_orientation": [3.565889954532822e-05, 0.07067318291399192, 0.9974995237819657, -0.0007644589720694173, -0.997499231021453, 0.07067318949990861, 0.9999997071654186, -0.000765067588755357, 1.8457023888157067e-05], "world_rotation": [0.0, 1.0, 0.0, 0.0]}, {"color": "CVRed", "id_name": "object258144687179795", "shape": "CVSphere", "id_string": "ob743", "world_size": [0.09, 0.09, 0.09], "id": 743, "camera_size": [37, 37], "camera_position": [256, 254], "world_position": [0.705, 0.6448569696296074, -0.15], "world_orientation": [1.0, -4.331917303826236e-17, -1.1712398707441946e-17, 4.331917303826236e-17, 1.0, -5.775889738434995e-17, 1.1712398707441946e-17, 5.775889738434995e-17, 1.0], "world_rotation": [-0.7896765794068324, 0.16013129347666225, -0.5922574345551229, -7.314247236221149e-17]}], "source": "action wait"}
{"timestamp": 1706028825.396913, "objects": [{"color": "cv_", "id_name": "hand", "shape": "CVCylinder", "id_string": "ob382", "world_size": [0.12, 0.005, 0.12], "id": 382, "camera_size": [49, 50], "camera_position": [246, 330], "world_position": [0.5201953983281791, 0.6989374292337347, -0.17409660712173788], "world_orientation": [1.8785895738045982e-05, 0.04936435760700405, 0.9987808367430455, -0.0007627110304528689, -0.9987805457024928, 0.04936435756813704, 0.9999997089594448, -0.0007627085148636728, 1.8887752861708218e-05], "world_rotation": [0.0, 1.0, 0.0, 0.0]}, {"color": "CVRed", "id_name": "object258144687179795", "shape": "CVSphere", "id_string": "ob743", "world_size": [0.09, 0.09, 0.09], "id": 743, "camera_size": [37, 37], "camera_position": [256, 254], "world_position": [0.705, 0.6448569696296074, -0.15], "world_orientation": [1.0, -4.331917303826236e-17, -1.1712398707441946e-17, 4.331917303826236e-17, 1.0, -5.775889738434995e-17, 1.1712398707441946e-17, 5.775889738434995e-17, 1.0], "world_rotation": [-0.7896765794068324, 0.16013129347666225, -0.5922574345551229, -7.314247236221149e-17]}], "source": "action wait"}
{"timestamp": 1706028825.430179, "objects": [{"color": "cv_", "id_name": "hand", "shape": "CVCylinder", "id_string": "ob382", "world_size": [0.12, 0.005, 0.12], "id": 382, "camera_size": [49, 49], "camera_position": [246, 325], "world_position": [0.5316224765202718, 0.6891646413672649, -0.1740973219374836], "world_orientation": [8.529106555558169e-06, 0.03432682550733043, 0.9994106608285924, -0.0007616711510715795, -0.9994103707413811, 0.034326822043890905, 0.999999709892114, -0.0007615150455497895, 1.762167515239496e-05], "world_rotation": [0.0, 1.0, 0.0, 0.0]}, {"color": "CVRed", "id_name": "object258144687179795", "shape": "CVSphere", "id_string": "ob743", "world_size": [0.09, 0.09, 0.09], "id": 743, "camera_size": [37, 37], "camera_position": [256, 254], "world_position": [0.705, 0.6448569696296074, -0.15], "world_orientation": [1.0, -4.331917303826236e-17, -1.1712398707441946e-17, 4.331917303826236e-17, 1.0, -5.775889738434995e-17, 1.1712398707441946e-17, 5.775889738434995e-17, 1.0], "world_rotation": [-0.7896765794068324, 0.16013129347666225, -0.5922574345551229, -7.314247236221149e-17]}], "source": "action wait"}
{"timestamp": 1706028825.464248, "objects": [{"color": "cv_", "id_name": "hand", "shape": "CVCylinder", "id_string": "ob382", "world_size": [0.12, 0.005, 0.12], "id": 382, "camera_size": [49, 50], "camera_position": [246, 321], "world_position": [0.5395518040761078, 0.6821206808593211, -0.17409835713011554], "world_orientation": [2.406832440394802e-06, 0.02371984372627235, 0.9997186449235648, -0.0007612160320883046, -0.9997183552395527, 0.023719838685714468, 0.999999710272138, -0.0007610589497709968, 1.5649770754791945e-05], "world_rotation": [0.0, 1.0, 0.0, 0.0]}, {"color": "CVRed", "id_name": "object258144687179795", "shape": "CVSphere", "id_string": "ob743", "world_size": [0.09, 0.09, 0.09], "id": 743, "camera_size": [37, 37], "camera_position": [256, 254], "world_position": [0.705, 0.6448569696296074, -0.15], "world_orientation": [1.0, -4.331917303826236e-17, -1.1712398707441946e-17, 4.331917303826236e-17, 1.0, -5.775889738434995e-17, 1.1712398707441946e-17, 5.775889738434995e-17, 1.0], "world_rotation": [-0.7896765794068324, 0.16013129347666225, -0.5922574345551229, -7.314247236221149e-17]}], "source": "action wait"}
