{"timestamp": 1706067175.453438, "objects": [{"color": "cv_", "id_name": "hand", "shape": "CVCylinder", "id_string": "ob383", "world_size": [0.12, 0.005, 0.12], "id": 383, "camera_size": [48, 50], "camera_position": [246, 426], "world_position": [0.2676445155401389, 0.6334703013847366, -0.17389260400847464], "world_orientation": [-0.0006415490533638537, 0.1979154748664093, 0.9802188802625746, -0.0007473671015470142, -0.9802189031249683, 0.19791499033398052, 0.9999995149284963, -0.0006056111687285009, 0.0007767740241918173], "world_rotation": [0.0, 1.0, 0.0, 0.0]}, {"color": "CVYellow", "id_name": "object166036242956522", "shape": "CVCone", "id_string": "ob429", "world_size": [0.1, 0.1, 0.1], "id": 429, "camera_size": [41, 41], "camera_position": [256, 254], "world_position": [0.705, 0.6498037932383656, -0.15], "world_orientation": [1.0, 2.1316282072802963e-17, -9.624447840080312e-18, -2.1316282072802963e-17, 1.0, -1.5774048733874193e-16, 9.624447840080312e-18, 1.5774048733874193e-16, 1.0], "world_rotation": [-0.9891858493133231, 0.06035462278252622, 0.13367376342071935, -1.5946496550495827e-16]}], "source": "manual check"}
{"timestamp": 1706067176.474862, "objects": [{"color": "cv_", "id_name": "hand", "shape": "CVCylinder", "id_string": "ob383", "world_size": [0.12, 0.005, 0.12], "id": 383, "camera_size": [48, 50], "camera_position": [246, 426], "world_position": [0.2676445155401389, 0.6334703013847366, -0.17389260400847464], "world_orientation": [-0.0006415490533638537, 0.1979154748664093, 0.9802188802625746, -0.0007473671015470142, -0.9802189031249683, 0.19791499033398052, 0.9999995149284963, -0.0006056111687285009, 0.0007767740241918173], "world_rotation": [0.0, 1.0, 0.0, 0.0]}, {"color": "CVYellow", "id_name": "object166036242956522", "shape": "CVCone", "id_string": "ob429", "world_size": [0.1, 0.1, 0.1], "id": 429, "camera_size": [41, 41], "camera_position": [256, 254], "world_position": [0.705, 0.6498037994254439, -0.15], "world_orientation": [1.0, 8.100187187665134e-17, -1.2653630886983698e-17, -8.100187187665134e-17, 1.0, -1.9397816686250694e-16, 1.2653630886983698e-17, 1.9397816686250694e-16, 1.0], "world_rotation": [-0.9211093596285536, 0.06008602943210125, 0.38463907325148433, -2.1059189642881336e-16]}], "source": "manual check"}
{"timestamp": 1706067177.46797, "objects": [{"color": "cv_", "id_name": "hand", "shape": "CVCylinder", "id_string": "ob383", "world_size": [0.12, 0.005, 0.12], "id": 383, "camera_size": [48, 50], "camera_position": [246, 426], "world_position": [0.2676445155401389, 0.6334703013847366, -0.17389260400847464], "world_orientation": [-0.0006415490533638537, 0.1979154748664093, 0.9802188802625746, -0.0007473671015470142, -0.9802189031249683, 0.19791499033398052, 0.9999995149284963, -0.0006056111687285009, 0.0007767740241918173], "world_rotation": [0.0, 1.0, 0.0, 0.0]}, {"color": "CVYellow", "id_name": "object166036242956522", "shape": "CVCone", "id_string": "ob429", "world_size": [0.1, 0.1, 0.1], "id": 429, "camera_size": [41, 41], "camera_position": [256, 254], "world_position": [0.705, 0.6498037994254439, -0.15], "world_orientation": [1.0, 8.100187187665134e-17, -1.2653630886983698e-17, -8.100187187665134e-17, 1.0, -1.9397816686250694e-16, 1.2653630886983698e-17, 1.9397816686250694e-16, 1.0], "world_rotation": [-0.9211093596285536, 0.06008602943210125, 0.38463907325148433, -2.1059189642881336e-16]}], "source": "action wait"}
{"timestamp": 1706067177.499443, "objects": [{"color": "cv_", "id_name": "hand", "shape": "CVCylinder", "id_string": "ob383", "world_size": [0.12, 0.005, 0.12], "id": 383, "camera_size": [48, 50], "camera_position": [246, 444], "world_position": [0.2251272435790754, 0.6422788433008594, -0.17397258142863162], "world_orientation": [-0.0005240272149342823, 0.08819722256001943, 0.9961028939462913, -0.0007623394291187404, -0.9961027764986781, 0.08819681111139974, 0.9999995721169449, -0.0007131509822220688, 0.0005892211840535669], "world_rotation": [0.0, 1.0, 0.0, 0.0]}, {"color": "CVYellow", "id_name": "object166036242956522", "shape": "CVCone", "id_string": "ob429", "world_size": [0.1, 0.1, 0.1], "id": 429, "camera_size": [41, 41], "camera_position": [256, 254], "world_position": [0.705, 0.6498037994254439, -0.15], "world_orientation": [1.0, 8.100187187665134e-17, -1.2653630886983698e-17, -8.100187187665134e-17, 1.0, -1.9397816686250694e-16, 1.2653630886983698e-17, 1.9397816686250694e-16, 1.0], "world_rotation": [-0.9211093596285536, 0.06008602943210125, 0.38463907325148433, -2.1059189642881336e-16]}], "source": "action wait"}
{"timestamp": 1706067177.533305, "objects": [{"color": "cv_", "id_name": "hand", "shape": "CVCylinder", "id_string": "ob383", "world_size": [0.12, 0.005, 0.12], "id": 383, "camera_size": [48, 49], "camera_position": [246, 471], "world_position": [0.16390873068335723, 0.6585635109762776, -0.17403857041279233], "world_orientation": [-0.00037900743987788715, 0.06114464654557926, 0.9981288436630698, -0.0007690022722503312, -0.9981286380439912, 0.06114434194553697, 0.9999996324943654, -0.0007443891882720355, 0.0004253185519037351], "world_rotation": [0.0, 1.0, 0.0, 0.0]}, {"color": "CVYellow", "id_name": "object166036242956522", "shape": "CVCone", "id_string": "ob429", "world_size": [0.1, 0.1, 0.1], "id": 429, "camera_size": [41, 41], "camera_position": [256, 254], "world_position": [0.705, 0.6498037994254439, -0.15], "world_orientation": [1.0, 8.100187187665134e-17, -1.2653630886983698e-17, -8.100187187665134e-17, 1.0, -1.9397816686250694e-16, 1.2653630886983698e-17, 1.9397816686250694e-16, 1.0], "world_rotation": [-0.9211093596285536, 0.06008602943210125, 0.38463907325148433, -2.1059189642881336e-16]}], "source": "action wait"}
{"timestamp": 1706067177.562984, "objects": [{"color": "cv_", "id_name": "hand", "shape": "CVCylinder", "id_string": "ob383", "world_size": [0.12, 0.005, 0.12], "id": 383, "camera_size": [48, 46], "camera_position": [246, 488], "world_position": [0.11779436039040381, 0.6656957112918063, -0.17407775804810008], "world_orientation": [-0.00025782854468388587, 0.04280110612500445, 0.9990835795061982, -0.0007698661742005388, -0.9990833251338022, 0.04280089655205266, 0.9999996704152034, -0.000758125360192171, 0.0002905433235615732], "world_rotation": [0.0, 1.0, 0.0, 0.0]}, {"color": "CVYellow", "id_name": "object166036242956522", "shape": "CVCone", "id_string": "ob429", "world_size": [0.1, 0.1, 0.1], "id": 429, "camera_size": [41, 41], "camera_position": [256, 254], "world_position": [0.705, 0.6498037994254439, -0.15], "world_orientation": [1.0, 8.100187187665134e-17, -1.2653630886983698e-17, -8.100187187665134e-17, 1.0, -1.9397816686250694e-16, 1.2653630886983698e-17, 1.9397816686250694e-16, 1.0], "world_rotation": [-0.9211093596285536, 0.06008602943210125, 0.38463907325148433, -2.1059189642881336e-16]}], "source": "action wait"}
{"timestamp": 1706067177.596761, "objects": [{"color": "cv_", "id_name": "hand", "shape": "CVCylinder", "id_string": "ob383", "world_size": [0.12, 0.005, 0.12], "id": 383, "camera_size": [49, 34], "camera_position": [246, 494], "world_position": [0.08440722951518156, 0.6684077427123654, -0.1740965171293009], "world_orientation": [-0.00017520175575096853, 0.029819743819615458, 0.9995552772022552, -0.0007680832488003162, -0.9995550017112739, 0.029819600971483857, 0.9999996896761858, -0.0007625172182233638, 0.0001980278369812158], "world_rotation": [0.0, 1.0, 0.0, 0.0]}, {"color": "CVYellow", "id_name": "object166036242956522", "shape": "CVCone", "id_string": "ob429", "world_size": [0.1, 0.1, 0.1], "id": 429, "camera_size": [41, 41], "camera_position": [256, 254], "world_position": [0.705, 0.6498037994254439, -0.15], "world_orientation": [1.0, 8.100187187665134e-17, -1.2653630886983698e-17, -8.100187187665134e-17, 1.0, -1.9397816686250694e-16, 1.2653630886983698e-17, 1.9397816686250694e-16, 1.0], "world_rotation": [-0.9211093596285536, 0.06008602943210125, 0.38463907325148433, -2.1059189642881336e-16]}], "source": "action wait"}
{"timestamp": 1706067177.630444, "objects": [{"color": "cv_", "id_name": "hand", "shape": "CVCylinder", "id_string": "ob383", "world_size": [0.12, 0.005, 0.12], "id": 383, "camera_size": [49, 26], "camera_position": [246, 498], "world_position": [0.06052474772550795, 0.6691591026713256, -0.1741050676214832], "world_orientation": [-0.00011925173179790717, 0.020637087459013874, 0.9997870255210524, -0.0007660141855849752, -0.9997867411887622, 0.020636990221996495, 0.999999699500601, -0.000763390047290225, 0.0001350346020584799], "world_rotation": [0.0, 1.0, 0.0, 0.0]}, {"color": "CVYellow", "id_name": "object166036242956522", "shape": "CVCone", "id_string": "ob429", "world_size": [0.1, 0.1, 0.1], "id": 429, "camera_size": [41, 41], "camera_position": [256, 254], "world_position": [0.705, 0.6498037994254439, -0.15], "world_orientation": [1.0, 8.100187187665134e-17, -1.2653630886983698e-17, -8.100187187665134e-17, 1.0, -1.9397816686250694e-16, 1.2653630886983698e-17, 1.9397816686250694e-16, 1.0], "world_rotation": [-0.9211093596285536, 0.06008602943210125, 0.38463907325148433, -2.1059189642881336e-16]}], "source": "action wait"}
{"timestamp": 1706067177.65833, "objects": [{"color": "cv_", "id_name": "hand", "shape": "CVCylinder", "id_string": "ob383", "world_size": [0.12, 0.005, 0.12], "id": 383, "camera_size": [49, 20], "camera_position": [246, 501], "world_position": [0.04355283977158817, 0.669118911271168, -0.17410866762960225], "world_orientation": [-8.148686752018318e-05, 0.014143367518941883, 0.9998999742549824, -0.000764408217573417, -0.9998996863249011, 0.014143301150771627, 0.9999997045199401, -0.0007631792637651501, 9.228999962903948e-05], "world_rotation": [0.0, 1.0, 0.0, 0.0]}, {"color": "CVYellow", "id_name": "object166036242956522", "shape": "CVCone", "id_string": "ob429", "world_size": [0.1, 0.1, 0.1], "id": 429, "camera_size": [41, 41], "camera_position": [256, 254], "world_position": [0.705, 0.6498037994254439, -0.15], "world_orientation": [1.0, 8.100187187665134e-17, -1.2653630886983698e-17, -8.100187187665134e-17, 1.0, -1.9397816686250694e-16, 1.2653630886983698e-17, 1.9397816686250694e-16, 1.0], "world_rotation": [-0.9211093596285536, 0.06008602943210125, 0.38463907325148433, -2.1059189642881336e-16]}], "source": "action wait"}
{"timestamp": 1706067177.694476, "objects": [{"color": "cv_", "id_name": "hand", "shape": "CVCylinder", "id_string": "ob383", "world_size": [0.12, 0.005, 0.12], "id": 383, "camera_size": [49, 16], "camera_position": [246, 503], "world_position": [0.03153602831667088, 0.6688157982558758, -0.17410994457743972], "world_orientation": [-5.6052242322739794e-05, 0.009552049679832668, 0.9999543765617811, -0.0007633702596447601, -0.999954087187528, 0.009552004125022655, 0.9999997070619535, -0.000762800020819374, 6.334141945125064e-05], "world_rotation": [0.0, 1.0, 0.0, 0.0]}, {"color": "CVYellow", "id_name": "object166036242956522", "shape": "CVCone", "id_string": "ob429", "world_size": [0.1, 0.1, 0.1], "id": 429, "camera_size": [41, 41], "camera_position": [256, 254], "world_position": [0.705, 0.6498037994254439, -0.15], "world_orientation": [1.0, 8.100187187665134e-17, -1.2653630886983698e-17, -8.100187187665134e-17, 1.0, -1.9397816686250694e-16, 1.2653630886983698e-17, 1.9397816686250694e-16, 1.0], "world_rotation": [-0.9211093596285536, 0.06008602943210125, 0.38463907325148433, -2.1059189642881336e-16]}], "source": "action wait"}
{"timestamp": 1706067177.728693, "objects": [{"color": "cv_", "id_name": "hand", "shape": "CVCylinder", "id_string": "ob383", "world_size": [0.12, 0.005, 0.12], "id": 383, "camera_size": [49, 13], "camera_position": [246, 505], "world_position": [0.023045381724425343, 0.6684722110439241, -0.17411018560691235], "world_orientation": [-3.895427669940886e-05, 0.006306245717171048, 0.9999801146760464, -0.0007627915436359229, -0.9999798247024058, 0.006306214173906096, 0.9999997083157702, -0.0007625307212674784, 4.37638416907988e-05], "world_rotation": [0.0, 1.0, 0.0, 0.0]}, {"color": "CVYellow", "id_name": "object166036242956522", "shape": "CVCone", "id_string": "ob429", "world_size": [0.1, 0.1, 0.1], "id": 429, "camera_size": [41, 41], "camera_position": [256, 254], "world_position": [0.705, 0.6498037994254439, -0.15], "world_orientation": [1.0, 8.100187187665134e-17, -1.2653630886983698e-17, -8.100187187665134e-17, 1.0, -1.9397816686250694e-16, 1.2653630886983698e-17, 1.9397816686250694e-16, 1.0], "world_rotation": [-0.9211093596285536, 0.06008602943210125, 0.38463907325148433, -2.1059189642881336e-16]}], "source": "action wait"}
{"timestamp": 1706067177.758721, "objects": [{"color": "cv_", "id_name": "hand", "shape": "CVCylinder", "id_string": "ob383", "world_size": [0.12, 0.005, 0.12], "id": 383, "camera_size": [48, 11], "camera_position": [246, 506], "world_position": [0.017053407160551086, 0.6681700902033156, -0.17411000712958488], "world_orientation": [-2.745321077708958e-05, 0.0040118872428598715, 0.9999919519711505, -0.000762526084378268, -0.9999916617112534, 0.004011865144403187, 0.9999997089001037, -0.0007624098089672918, 3.0512150534921844e-05], "world_rotation": [0.0, 1.0, 0.0, 0.0]}, {"color": "CVYellow", "id_name": "object166036242956522", "shape": "CVCone", "id_string": "ob429", "world_size": [0.1, 0.1, 0.1], "id": 429, "camera_size": [41, 41], "camera_position": [256, 254], "world_position": [0.705, 0.6498037994254439, -0.15], "world_orientation": [1.0, 8.100187187665134e-17, -1.2653630886983698e-17, -8.100187187665134e-17, 1.0, -1.9397816686250694e-16, 1.2653630886983698e-17, 1.9397816686250694e-16, 1.0], "world_rotation": [-0.9211093596285536, 0.06008602943210125, 0.38463907325148433, -2.1059189642881336e-16]}], "source": "action wait"}
{"timestamp": 1706067177.791278, "objects": [{"color": "cv_", "id_name": "hand", "shape": "CVCylinder", "id_string": "ob383", "world_size": [0.12, 0.005, 0.12], "id": 383, "camera_size": [48, 9], "camera_position": [246, 507], "world_position": [0.012827707563772363, 0.6679304363622327, -0.17410969456914988], "world_orientation": [-1.9734928729823347e-05, 0.002390217852882354, 0.9999971432304936, -0.0007624515144672261, -0.9999968527958242, 0.002390202111709388, 0.999999709139068, -0.0007624021658510288, 2.1557291842175135e-05], "world_rotation": [0.0, 1.0, 0.0, 0.0]}, {"color": "CVYellow", "id_name": "object166036242956522", "shape": "CVCone", "id_string": "ob429", "world_size": [0.1, 0.1, 0.1], "id": 429, "camera_size": [41, 41], "camera_position": [256, 254], "world_position": [0.705, 0.6498037994254439, -0.15], "world_orientation": [1.0, 8.100187187665134e-17, -1.2653630886983698e-17, -8.100187187665134e-17, 1.0, -1.9397816686250694e-16, 1.2653630886983698e-17, 1.9397816686250694e-16, 1.0], "world_rotation": [-0.9211093596285536, 0.06008602943210125, 0.38463907325148433, -2.1059189642881336e-16]}], "source": "action wait"}
{"timestamp": 1706067177.821601, "objects": [{"color": "cv_", "id_name": "hand", "shape": "CVCylinder", "id_string": "ob383", "world_size": [0.12, 0.005, 0.12], "id": 383, "camera_size": [48, 8], "camera_position": [246, 507], "world_position": [0.009848794843918336, 0.6677502553948983, -0.17410937250744038], "world_orientation": [-1.4546391317093386e-05, 0.0012440959182941815, 0.9999992260065748, -0.0007624809215596106, -0.999998935437777, 0.0012440844654444663, 0.9999997092055811, -0.0007624622344653026, 1.5494975234208772e-05], "world_rotation": [0.0, 1.0, 0.0, 0.0]}, {"color": "CVYellow", "id_name": "object166036242956522", "shape": "CVCone", "id_string": "ob429", "world_size": [0.1, 0.1, 0.1], "id": 429, "camera_size": [41, 41], "camera_position": [256, 254], "world_position": [0.705, 0.6498037994254439, -0.15], "world_orientation": [1.0, 8.100187187665134e-17, -1.2653630886983698e-17, -8.100187187665134e-17, 1.0, -1.9397816686250694e-16, 1.2653630886983698e-17, 1.9397816686250694e-16, 1.0], "world_rotation": [-0.9211093596285536, 0.06008602943210125, 0.38463907325148433, -2.1059189642881336e-16]}], "source": "action wait"}
{"timestamp": 1706067177.85124, "objects": [{"color": "cv_", "id_name": "hand", "shape": "CVCylinder", "id_string": "ob383", "world_size": [0.12, 0.005, 0.12], "id": 383, "camera_size": [48, 8], "camera_position": [246, 507], "world_position": [0.00774924358082337, 0.6676189527979955, -0.17410908909664177], "world_orientation": [-1.1069028100402532e-05, 0.0004341224929905283, 0.9999999057075645, -0.0007625587299841352, -0.9999996150245672, 0.0004341139260141198, 0.9999997091907877, -0.0007625538528617187, 1.1400067736375676e-05], "world_rotation": [0.0, 1.0, 0.0, 0.0]}, {"color": "CVYellow", "id_name": "object166036242956522", "shape": "CVCone", "id_string": "ob429", "world_size": [0.1, 0.1, 0.1], "id": 429, "camera_size": [41, 41], "camera_position": [256, 254], "world_position": [0.705, 0.6498037994254439, -0.15], "world_orientation": [1.0, 8.100187187665134e-17, -1.2653630886983698e-17, -8.100187187665134e-17, 1.0, -1.9397816686250694e-16, 1.2653630886983698e-17, 1.9397816686250694e-16, 1.0], "world_rotation": [-0.9211093596285536, 0.06008602943210125, 0.38463907325148433, -2.1059189642881336e-16]}], "source": "action wait"}
{"timestamp": 1706067177.885331, "objects": [{"color": "cv_", "id_name": "hand", "shape": "CVCylinder", "id_string": "ob383", "world_size": [0.12, 0.005, 0.12], "id": 383, "camera_size": [48, 7], "camera_position": [246, 508], "world_position": [0.006269613599147289, 0.6675250944058746, -0.17410885751023789], "world_orientation": [-8.736600079213361e-06, -0.00013825864433688478, 0.9999999904041095, -0.0007626521683454813, -0.9999996996221479, -0.00013826526712042985, 0.9999997091426288, -0.0007626533689958975, 8.631154200399918e-06], "world_rotation": [0.0, 1.0, 0.0, 0.0]}, {"color": "CVYellow", "id_name": "object166036242956522", "shape": "CVCone", "id_string": "ob429", "world_size": [0.1, 0.1, 0.1], "id": 429, "camera_size": [41, 41], "camera_position": [256, 254], "world_position": [0.705, 0.6498037994254439, -0.15], "world_orientation": [1.0, 8.100187187665134e-17, -1.2653630886983698e-17, -8.100187187665134e-17, 1.0, -1.9397816686250694e-16, 1.2653630886983698e-17, 1.9397816686250694e-16, 1.0], "world_rotation": [-0.9211093596285536, 0.06008602943210125, 0.38463907325148433, -2.1059189642881336e-16]}], "source": "action wait"}
{"timestamp": 1706067177.924158, "objects": [{"color": "cv_", "id_name": "hand", "shape": "CVCylinder", "id_string": "ob383", "world_size": [0.12, 0.005, 0.12], "id": 383, "camera_size": [48, 7], "camera_position": [246, 508], "world_position": [0.005226894053690502, 0.6674588154641736, -0.17410867600880622], "world_orientation": [-7.1730790086759756e-06, -0.0005427200516238206, 0.9999998527017354, -0.0007627436298408412, -0.9999995618355707, -0.0005427253649857326, 0.9999997090853089, -0.0007627474105023505, 6.7591196038886615e-06], "world_rotation": [0.0, 1.0, 0.0, 0.0]}, {"color": "CVYellow", "id_name": "object166036242956522", "shape": "CVCone", "id_string": "ob429", "world_size": [0.1, 0.1, 0.1], "id": 429, "camera_size": [41, 41], "camera_position": [256, 254], "world_position": [0.705, 0.6498037994254439, -0.15], "world_orientation": [1.0, 8.100187187665134e-17, -1.2653630886983698e-17, -8.100187187665134e-17, 1.0, -1.9397816686250694e-16, 1.2653630886983698e-17, 1.9397816686250694e-16, 1.0], "world_rotation": [-0.9211093596285536, 0.06008602943210125, 0.38463907325148433, -2.1059189642881336e-16]}], "source": "action wait"}
{"timestamp": 1706067177.958962, "objects": [{"color": "cv_", "id_name": "hand", "shape": "CVCylinder", "id_string": "ob383", "world_size": [0.12, 0.005, 0.12], "id": 383, "camera_size": [48, 7], "camera_position": [246, 508], "world_position": [0.004492062255405412, 0.667412373590826, -0.1741085374194686], "world_orientation": [-6.125850389655054e-06, -0.00082851093523953, 0.9999996567659932, -0.0007628248509812971, -0.9999993658300657, -0.0008285153671477476, 0.9999997090303181, -0.0007628296645154507, 5.49383777447814e-06], "world_rotation": [0.0, 1.0, 0.0, 0.0]}, {"color": "CVYellow", "id_name": "object166036242956522", "shape": "CVCone", "id_string": "ob429", "world_size": [0.1, 0.1, 0.1], "id": 429, "camera_size": [41, 41], "camera_position": [256, 254], "world_position": [0.705, 0.6498037994254439, -0.15], "world_orientation": [1.0, 8.100187187665134e-17, -1.2653630886983698e-17, -8.100187187665134e-17, 1.0, -1.9397816686250694e-16, 1.2653630886983698e-17, 1.9397816686250694e-16, 1.0], "world_rotation": [-0.9211093596285536, 0.06008602943210125, 0.38463907325148433, -2.1059189642881336e-16]}], "source": "action wait"}
{"timestamp": 1706067177.990871, "objects": [{"color": "CVYellow", "id_name": "object166036242956522", "shape": "CVCone", "id_string": "ob429", "world_size": [0.1, 0.1, 0.1], "id": 429, "camera_size": [41, 41], "camera_position": [256, 254], "world_position": [0.705, 0.6498037994254439, -0.15], "world_orientation": [1.0, 8.100187187665134e-17, -1.2653630886983698e-17, -8.100187187665134e-17, 1.0, -1.9397816686250694e-16, 1.2653630886983698e-17, 1.9397816686250694e-16, 1.0], "world_rotation": [-0.9211093596285536, 0.06008602943210125, 0.38463907325148433, -2.1059189642881336e-16]}], "source": "action wait"}
{"timestamp": 1706067179.073382, "objects": [{"color": "CVYellow", "id_name": "object166036242956522", "shape": "CVCone", "id_string": "ob429", "world_size": [0.1, 0.1, 0.1], "id": 429, "camera_size": [41, 41], "camera_position": [256, 254], "world_position": [0.705, 0.6498037994254439, -0.15], "world_orientation": [1.0, 8.100187187665134e-17, -1.2653630886983698e-17, -8.100187187665134e-17, 1.0, -1.9397816686250694e-16, 1.2653630886983698e-17, 1.9397816686250694e-16, 1.0], "world_rotation": [-0.9211093596285536, 0.06008602943210125, 0.38463907325148433, -2.1059189642881336e-16]}], "source": "action wait"}
{"timestamp": 1706067179.104834, "objects": [{"color": "cv_", "id_name": "hand", "shape": "CVCylinder", "id_string": "ob383", "world_size": [0.12, 0.005, 0.12], "id": 383, "camera_size": [51, 11], "camera_position": [246, 506], "world_position": [0.03558091805836357, 0.7233445770784004, -0.1741228197307634], "world_orientation": [0.0001581931375277266, 0.19356778383543705, 0.9810868911752764, -0.0007080378824764955, -0.9810866358521405, 0.193567847626322, 0.9999997368286095, -0.000725267790093976, -1.8147849329033252e-05], "world_rotation": [0.0, 1.0, 0.0, 0.0]}, {"color": "CVYellow", "id_name": "object166036242956522", "shape": "CVCone", "id_string": "ob429", "world_size": [0.1, 0.1, 0.1], "id": 429, "camera_size": [41, 41], "camera_position": [256, 254], "world_position": [0.705, 0.6498037994254439, -0.15], "world_orientation": [1.0, 8.100187187665134e-17, -1.2653630886983698e-17, -8.100187187665134e-17, 1.0, -1.9397816686250694e-16, 1.2653630886983698e-17, 1.9397816686250694e-16, 1.0], "world_rotation": [-0.9211093596285536, 0.06008602943210125, 0.38463907325148433, -2.1059189642881336e-16]}], "source": "action wait"}
{"timestamp": 1706067179.134259, "objects": [{"color": "cv_", "id_name": "hand", "shape": "CVCylinder", "id_string": "ob383", "world_size": [0.12, 0.005, 0.12], "id": 383, "camera_size": [53, 21], "camera_position": [245, 501], "world_position": [0.0838533347452396, 0.7766160694525238, -0.17412474536434996], "world_orientation": [0.00025765184781274407, 0.29778275142456206, 0.954633629498533, -0.0007066127225990096, -0.9546333686455336, 0.29778286076760935, 0.9999997171569529, -0.000751280572348511, -3.554597068763582e-05], "world_rotation": [0.0, 1.0, 0.0, 0.0]}, {"color": "CVYellow", "id_name": "object166036242956522", "shape": "CVCone", "id_string": "ob429", "world_size": [0.1, 0.1, 0.1], "id": 429, "camera_size": [41, 41], "camera_position": [256, 254], "world_position": [0.705, 0.6498037994254439, -0.15], "world_orientation": [1.0, 8.100187187665134e-17, -1.2653630886983698e-17, -8.100187187665134e-17, 1.0, -1.9397816686250694e-16, 1.2653630886983698e-17, 1.9397816686250694e-16, 1.0], "world_rotation": [-0.9211093596285536, 0.06008602943210125, 0.38463907325148433, -2.1059189642881336e-16]}], "source": "action wait"}
{"timestamp": 1706067179.166081, "objects": [{"color": "cv_", "id_name": "hand", "shape": "CVCylinder", "id_string": "ob383", "world_size": [0.12, 0.005, 0.12], "id": 383, "camera_size": [54, 38], "camera_position": [245, 492], "world_position": [0.14047073722532222, 0.8087747992134571, -0.17412056182212562], "world_orientation": [0.0002894673985790643, 0.3383297360449332, 0.9410275797852, -0.0007123511388181283, -0.941027310686252, 0.3383298584199383, 0.9999997043821964, -0.0007682775320979181, -3.138715484809166e-05], "world_rotation": [0.0, 1.0, 0.0, 0.0]}, {"color": "CVYellow", "id_name": "object166036242956522", "shape": "CVCone", "id_string": "ob429", "world_size": [0.1, 0.1, 0.1], "id": 429, "camera_size": [41, 41], "camera_position": [256, 254], "world_position": [0.705, 0.6498037994254439, -0.15], "world_orientation": [1.0, 8.100187187665134e-17, -1.2653630886983698e-17, -8.100187187665134e-17, 1.0, -1.9397816686250694e-16, 1.2653630886983698e-17, 1.9397816686250694e-16, 1.0], "world_rotation": [-0.9211093596285536, 0.06008602943210125, 0.38463907325148433, -2.1059189642881336e-16]}], "source": "action wait"}
{"timestamp": 1706067179.198939, "objects": [{"color": "cv_", "id_name": "hand", "shape": "CVCylinder", "id_string": "ob383", "world_size": [0.12, 0.005, 0.12], "id": 383, "camera_size": [55, 59], "camera_position": [245, 480], "world_position": [0.20165310188379595, 0.8230699084712645, -0.17411721978996753], "world_orientation": [0.00028775286327562016, 0.33889732111232274, 0.9408233218522918, -0.0007219131695190979, -0.9408230452440065, 0.33889744227298313, 0.9999996980197872, -0.0007767114556069268, -2.6070085878456526e-05], "world_rotation": [0.0, 1.0, 0.0, 0.0]}, {"color": "CVYellow", "id_name": "object166036242956522", "shape": "CVCone", "id_string": "ob429", "world_size": [0.1, 0.1, 0.1], "id": 429, "camera_size": [41, 41], "camera_position": [256, 254], "world_position": [0.705, 0.6498037994254439, -0.15], "world_orientation": [1.0, 8.100187187665134e-17, -1.2653630886983698e-17, -8.100187187665134e-17, 1.0, -1.9397816686250694e-16, 1.2653630886983698e-17, 1.9397816686250694e-16, 1.0], "world_rotation": [-0.9211093596285536, 0.06008602943210125, 0.38463907325148433, -2.1059189642881336e-16]}], "source": "action wait"}
{"timestamp": 1706067179.233796, "objects": [{"color": "cv_", "id_name": "hand", "shape": "CVCylinder", "id_string": "ob383", "world_size": [0.12, 0.005, 0.12], "id": 383, "camera_size": [55, 58], "camera_position": [245, 451], "world_position": [0.26547477208012416, 0.8222591660098426, -0.17411450088011612], "world_orientation": [0.0002626277705412692, 0.3113297635218635, 0.950301904329395, -0.000735011387623682, -0.9503016203083504, 0.311329873602878, 0.9999996953924108, -0.0007802465919700067, -2.0744674388119923e-05], "world_rotation": [0.0, 1.0, 0.0, 0.0]}, {"color": "CVYellow", "id_name": "object166036242956522", "shape": "CVCone", "id_string": "ob429", "world_size": [0.1, 0.1, 0.1], "id": 429, "camera_size": [41, 41], "camera_position": [256, 254], "world_position": [0.705, 0.6498037994254439, -0.15], "world_orientation": [1.0, 8.100187187665134e-17, -1.2653630886983698e-17, -8.100187187665134e-17, 1.0, -1.9397816686250694e-16, 1.2653630886983698e-17, 1.9397816686250694e-16, 1.0], "world_rotation": [-0.9211093596285536, 0.06008602943210125, 0.38463907325148433, -2.1059189642881336e-16]}], "source": "action wait"}
{"timestamp": 1706067179.269847, "objects": [{"color": "cv_", "id_name": "hand", "shape": "CVCylinder", "id_string": "ob383", "world_size": [0.12, 0.005, 0.12], "id": 383, "camera_size": [54, 56], "camera_position": [245, 420], "world_position": [0.32991927322153436, 0.8085310100546409, -0.17411210337384145], "world_orientation": [0.00022074751818852234, 0.26330324306130787, 0.9647130938594806, -0.0007494897372035743, -0.9647128028449138, 0.26330333513315884, 0.999999694767787, -0.0007811661209552793, -1.561487854539273e-05], "world_rotation": [0.0, 1.0, 0.0, 0.0]}, {"color": "CVYellow", "id_name": "object166036242956522", "shape": "CVCone", "id_string": "ob429", "world_size": [0.1, 0.1, 0.1], "id": 429, "camera_size": [41, 41], "camera_position": [256, 254], "world_position": [0.705, 0.6498037994254439, -0.15], "world_orientation": [1.0, 8.100187187665134e-17, -1.2653630886983698e-17, -8.100187187665134e-17, 1.0, -1.9397816686250694e-16, 1.2653630886983698e-17, 1.9397816686250694e-16, 1.0], "world_rotation": [-0.9211093596285536, 0.06008602943210125, 0.38463907325148433, -2.1059189642881336e-16]}], "source": "action wait"}
{"timestamp": 1706067179.303787, "objects": [{"color": "cv_", "id_name": "hand", "shape": "CVCylinder", "id_string": "ob383", "world_size": [0.12, 0.005, 0.12], "id": 383, "camera_size": [53, 55], "camera_position": [245, 390], "world_position": [0.3931970914593911, 0.7836615416746054, -0.17410983167181007], "world_orientation": [0.00016675086061672043, 0.20012357655471977, 0.9797706498467371, -0.0007628893686860995, -0.9797703528967971, 0.20012364574006966, 0.9999996950969344, -0.0007808274026759356, -1.0705400574824474e-05], "world_rotation": [0.0, 1.0, 0.0, 0.0]}, {"color": "CVYellow", "id_name": "object166036242956522", "shape": "CVCone", "id_string": "ob429", "world_size": [0.1, 0.1, 0.1], "id": 429, "camera_size": [41, 41], "camera_position": [256, 254], "world_position": [0.705, 0.6498037994254439, -0.15], "world_orientation": [1.0, 8.100187187665134e-17, -1.2653630886983698e-17, -8.100187187665134e-17, 1.0, -1.9397816686250694e-16, 1.2653630886983698e-17, 1.9397816686250694e-16, 1.0], "world_rotation": [-0.9211093596285536, 0.06008602943210125, 0.38463907325148433, -2.1059189642881336e-16]}], "source": "action wait"}
{"timestamp": 1706067179.336644, "objects": [{"color": "cv_", "id_name": "hand", "shape": "CVCylinder", "id_string": "ob383", "world_size": [0.12, 0.005, 0.12], "id": 383, "camera_size": [52, 53], "camera_position": [245, 365], "world_position": [0.44495274111192834, 0.7556523814318157, -0.17410301903514183], "world_orientation": [0.0001048731458619036, 0.14113769627258468, 0.9899899694908484, -0.0007678384374171021, -0.9899896717326429, 0.14113773516260034, 0.9999996997128338, -0.0007749539095190881, 4.547616921607538e-06], "world_rotation": [0.0, 1.0, 0.0, 0.0]}, {"color": "CVYellow", "id_name": "object166036242956522", "shape": "CVCone", "id_string": "ob429", "world_size": [0.1, 0.1, 0.1], "id": 429, "camera_size": [41, 41], "camera_position": [256, 254], "world_position": [0.705, 0.6498037994254439, -0.15], "world_orientation": [1.0, 8.100187187665134e-17, -1.2653630886983698e-17, -8.100187187665134e-17, 1.0, -1.9397816686250694e-16, 1.2653630886983698e-17, 1.9397816686250694e-16, 1.0], "world_rotation": [-0.9211093596285536, 0.06008602943210125, 0.38463907325148433, -2.1059189642881336e-16]}], "source": "action wait"}
{"timestamp": 1706067179.368178, "objects": [{"color": "cv_", "id_name": "hand", "shape": "CVCylinder", "id_string": "ob383", "world_size": [0.12, 0.005, 0.12], "id": 383, "camera_size": [51, 52], "camera_position": [246, 348], "world_position": [0.480101042227049, 0.7326792441567326, -0.17409838058220387], "world_orientation": [6.153388282579409e-05, 0.09919250410424116, 0.9950682606450231, -0.000766632426137015, -0.9950679654361723, 0.09919252208427903, 0.9999997042441086, -0.0007689552958616934, 1.4813794487588066e-05], "world_rotation": [0.0, 1.0, 0.0, 0.0]}, {"color": "CVYellow", "id_name": "object166036242956522", "shape": "CVCone", "id_string": "ob429", "world_size": [0.1, 0.1, 0.1], "id": 429, "camera_size": [41, 41], "camera_position": [256, 254], "world_position": [0.705, 0.6498037994254439, -0.15], "world_orientation": [1.0, 8.100187187665134e-17, -1.2653630886983698e-17, -8.100187187665134e-17, 1.0, -1.9397816686250694e-16, 1.2653630886983698e-17, 1.9397816686250694e-16, 1.0], "world_rotation": [-0.9211093596285536, 0.06008602943210125, 0.38463907325148433, -2.1059189642881336e-16]}], "source": "action wait"}
{"timestamp": 1706067179.397699, "objects": [{"color": "cv_", "id_name": "hand", "shape": "CVCylinder", "id_string": "ob383", "world_size": [0.12, 0.005, 0.12], "id": 383, "camera_size": [51, 51], "camera_position": [246, 338], "world_position": [0.5040458720755012, 0.7149632452029514, -0.1740967311478003], "world_orientation": [3.464414998945868e-05, 0.0695086174357337, 0.9975813505183202, -0.0007644351820832683, -0.9975810578022317, 0.06950862358752954, 0.9999997072192749, -0.0007649943485078104, 1.857448483308663e-05], "world_rotation": [0.0, 1.0, 0.0, 0.0]}, {"color": "CVYellow", "id_name": "object166036242956522", "shape": "CVCone", "id_string": "ob429", "world_size": [0.1, 0.1, 0.1], "id": 429, "camera_size": [41, 41], "camera_position": [256, 254], "world_position": [0.705, 0.6498037994254439, -0.15], "world_orientation": [1.0, 8.100187187665134e-17, -1.2653630886983698e-17, -8.100187187665134e-17, 1.0, -1.9397816686250694e-16, 1.2653630886983698e-17, 1.9397816686250694e-16, 1.0], "world_rotation": [-0.9211093596285536, 0.06008602943210125, 0.38463907325148433, -2.1059189642881336e-16]}], "source": "action wait"}
{"timestamp": 1706067179.430138, "objects": [{"color": "cv_", "id_name": "hand", "shape": "CVCylinder", "id_string": "ob383", "world_size": [0.12, 0.005, 0.12], "id": 383, "camera_size": [49, 50], "camera_position": [246, 330], "world_position": [0.5204722431086007, 0.7017616801303287, -0.174096686256583], "world_orientation": [1.8124487529314335e-05, 0.04854201935695491, 0.9988211411600438, -0.000762698489350385, -0.9988208501414183, 0.048542019053484986, 0.9999997089812163, -0.0007626791747133149, 1.891980879154108e-05], "world_rotation": [0.0, 1.0, 0.0, 0.0]}, {"color": "CVYellow", "id_name": "object166036242956522", "shape": "CVCone", "id_string": "ob429", "world_size": [0.1, 0.1, 0.1], "id": 429, "camera_size": [41, 41], "camera_position": [256, 254], "world_position": [0.705, 0.6498037994254439, -0.15], "world_orientation": [1.0, 8.100187187665134e-17, -1.2653630886983698e-17, -8.100187187665134e-17, 1.0, -1.9397816686250694e-16, 1.2653630886983698e-17, 1.9397816686250694e-16, 1.0], "world_rotation": [-0.9211093596285536, 0.06008602943210125, 0.38463907325148433, -2.1059189642881336e-16]}], "source": "action wait"}
{"timestamp": 1706067179.462369, "objects": [{"color": "cv_", "id_name": "hand", "shape": "CVCylinder", "id_string": "ob383", "world_size": [0.12, 0.005, 0.12], "id": 383, "camera_size": [49, 49], "camera_position": [246, 325], "world_position": [0.5318134538106674, 0.6921245853033298, -0.17409742101774398], "world_orientation": [8.099390078949759e-06, 0.03374651487202576, 0.9994304241258578, -0.0007616726582892685, -0.9994301340430113, 0.03374651124976187, 0.9999997098945388, -0.0007615121540778912, 1.7609023178678974e-05], "world_rotation": [0.0, 1.0, 0.0, 0.0]}, {"color": "CVYellow", "id_name": "object166036242956522", "shape": "CVCone", "id_string": "ob429", "world_size": [0.1, 0.1, 0.1], "id": 429, "camera_size": [41, 41], "camera_position": [256, 254], "world_position": [0.705, 0.6498037994254439, -0.15], "world_orientation": [1.0, 8.100187187665134e-17, -1.2653630886983698e-17, -8.100187187665134e-17, 1.0, -1.9397816686250694e-16, 1.2653630886983698e-17, 1.9397816686250694e-16, 1.0], "world_rotation": [-0.9211093596285536, 0.06008602943210125, 0.38463907325148433, -2.1059189642881336e-16]}], "source": "action wait"}
{"timestamp": 1706067179.497314, "objects": [{"color": "cv_", "id_name": "hand", "shape": "CVCylinder", "id_string": "ob383", "world_size": [0.12, 0.005, 0.12], "id": 383, "camera_size": [49, 50], "camera_position": [246, 321], "world_position": [0.539685712384634, 0.6851798927163236, -0.17409846395237236], "world_orientation": [2.1080951700099203e-06, 0.023310452879758203, 0.9997282744736675, -0.0007612279199469765, -0.9997279847831948, 0.02331044773028408, 0.999999710263763, -0.0007610702155323988, 1.5637045823007904e-05], "world_rotation": [0.0, 1.0, 0.0, 0.0]}, {"color": "CVYellow", "id_name": "object166036242956522", "shape": "CVCone", "id_string": "ob429", "world_size": [0.1, 0.1, 0.1], "id": 429, "camera_size": [41, 41], "camera_position": [256, 254], "world_position": [0.705, 0.6498037994254439, -0.15], "world_orientation": [1.0, 8.100187187665134e-17, -1.2653630886983698e-17, -8.100187187665134e-17, 1.0, -1.9397816686250694e-16, 1.2653630886983698e-17, 1.9397816686250694e-16, 1.0], "world_rotation": [-0.9211093596285536, 0.06008602943210125, 0.38463907325148433, -2.1059189642881336e-16]}], "source": "action wait"}
{"timestamp": 1706067179.533274, "objects": [{"color": "cv_", "id_name": "hand", "shape": "CVCylinder", "id_string": "ob383", "world_size": [0.12, 0.005, 0.12], "id": 383, "camera_size": [49, 49], "camera_position": [246, 319], "world_position": [0.5451731296280945, 0.680216976474023, -0.1740995590094995], "world_orientation": [-1.3706517862569956e-06, 0.015950877100340394, 0.9998727766660372, -0.0007611639915675707, -0.9998724870351197, 0.01595087143646223, 0.9999997103137078, -0.0007610452906568143, 1.3511710293452473e-05], "world_rotation": [0.0, 1.0, 0.0, 0.0]}, {"color": "CVYellow", "id_name": "object166036242956522", "shape": "CVCone", "id_string": "ob429", "world_size": [0.1, 0.1, 0.1], "id": 429, "camera_size": [41, 41], "camera_position": [256, 254], "world_position": [0.705, 0.6498037994254439, -0.15], "world_orientation": [1.0, 8.100187187665134e-17, -1.2653630886983698e-17, -8.100187187665134e-17, 1.0, -1.9397816686250694e-16, 1.2653630886983698e-17, 1.9397816686250694e-16, 1.0], "world_rotation": [-0.9211093596285536, 0.06008602943210125, 0.38463907325148433, -2.1059189642881336e-16]}], "source": "action wait"}
{"timestamp": 1706067179.5673, "objects": [{"color": "cv_", "id_name": "hand", "shape": "CVCylinder", "id_string": "ob383", "world_size": [0.12, 0.005, 0.12], "id": 383, "camera_size": [49, 49], "camera_position": [246, 317], "world_position": [0.5490104493449343, 0.6766896418399746, -0.17410057821076738], "world_orientation": [-3.327627508894049e-06, 0.010761328341071614, 0.9999420952241499, -0.0007613131313839954, -0.9999418054748451, 0.010761322689290809, 0.9999997101955796, -0.0007612332380447216, 1.1520174436752352e-05], "world_rotation": [0.0, 1.0, 0.0, 0.0]}, {"color": "CVYellow", "id_name": "object166036242956522", "shape": "CVCone", "id_string": "ob429", "world_size": [0.1, 0.1, 0.1], "id": 429, "camera_size": [41, 41], "camera_position": [256, 254], "world_position": [0.705, 0.6498037994254439, -0.15], "world_orientation": [1.0, 8.100187187665134e-17, -1.2653630886983698e-17, -8.100187187665134e-17, 1.0, -1.9397816686250694e-16, 1.2653630886983698e-17, 1.9397816686250694e-16, 1.0], "world_rotation": [-0.9211093596285536, 0.06008602943210125, 0.38463907325148433, -2.1059189642881336e-16]}], "source": "action wait"}
