{"timestamp": 1706067623.634878, "objects": [{"color": "cv_", "id_name": "hand", "shape": "CVCylinder", "id_string": "ob383", "world_size": [0.12, 0.005, 0.12], "id": 383, "camera_size": [48, 50], "camera_position": [246, 426], "world_position": [0.26764451554013885, 0.6334703013847383, -0.17389260400847475], "world_orientation": [-0.0006415490612531201, 0.19791547486640979, 0.9802188802625695, -0.0007473671031399217, -0.9802189031249683, 0.19791499033397508, 0.9999995149284899, -0.0006056111687284941, 0.0007767740322402868], "world_rotation": [0.0, 1.0, 0.0, 0.0]}, {"color": "CVBlue", "id_name": "object60630071302836", "shape": "CVCylinder", "id_string": "ob555", "world_size": [0.11, 0.11, 0.11], "id": 555, "camera_size": [45, 45], "camera_position": [256, 254], "world_position": [0.705, 0.654738849708696, -0.15], "world_orientation": [1.0, -5.1619362862653347e-17, 1.4541359828532488e-17, 5.1619362862653347e-17, 1.0, 2.3824321321224633e-17, -1.4541359828532488e-17, -2.3824321321224633e-17, 1.0], "world_rotation": [-0.4059884517598224, 0.2477982093873522, 0.8796416454796148, 5.868226354211375e-17]}], "source": "manual check"}
{"timestamp": 1706067624.651922, "objects": [{"color": "cv_", "id_name": "hand", "shape": "CVCylinder", "id_string": "ob383", "world_size": [0.12, 0.005, 0.12], "id": 383, "camera_size": [48, 50], "camera_position": [246, 426], "world_position": [0.26764451554013885, 0.6334703013847383, -0.17389260400847475], "world_orientation": [-0.0006415490612531201, 0.19791547486640979, 0.9802188802625695, -0.0007473671031399217, -0.9802189031249683, 0.19791499033397508, 0.9999995149284899, -0.0006056111687284941, 0.0007767740322402868], "world_rotation": [0.0, 1.0, 0.0, 0.0]}, {"color": "CVBlue", "id_name": "object60630071302836", "shape": "CVCylinder", "id_string": "ob555", "world_size": [0.11, 0.11, 0.11], "id": 555, "camera_size": [45, 45], "camera_position": [256, 254], "world_position": [0.705, 0.6547388572526824, -0.15], "world_orientation": [1.0, -3.838362879530641e-17, 1.4813540171849057e-17, 3.838362879530641e-17, 1.0, 5.294293626938881e-18, -1.4813540171849057e-17, -5.294293626938881e-18, 1.0], "world_rotation": [-0.1276280613210114, 0.35710588544125776, 0.925303444577321, 4.1482206750932463e-17]}], "source": "manual check"}
{"timestamp": 1706067625.279014, "objects": [{"color": "cv_", "id_name": "hand", "shape": "CVCylinder", "id_string": "ob383", "world_size": [0.12, 0.005, 0.12], "id": 383, "camera_size": [48, 50], "camera_position": [246, 426], "world_position": [0.26764451554013885, 0.6334703013847383, -0.17389260400847475], "world_orientation": [-0.0006415490612531201, 0.19791547486640979, 0.9802188802625695, -0.0007473671031399217, -0.9802189031249683, 0.19791499033397508, 0.9999995149284899, -0.0006056111687284941, 0.0007767740322402868], "world_rotation": [0.0, 1.0, 0.0, 0.0]}, {"color": "CVBlue", "id_name": "object60630071302836", "shape": "CVCylinder", "id_string": "ob555", "world_size": [0.11, 0.11, 0.11], "id": 555, "camera_size": [45, 45], "camera_position": [256, 254], "world_position": [0.705, 0.6547388572526824, -0.15], "world_orientation": [1.0, -3.838362879530641e-17, 1.4813540171849057e-17, 3.838362879530641e-17, 1.0, 5.294293626938881e-18, -1.4813540171849057e-17, -5.294293626938881e-18, 1.0], "world_rotation": [-0.1276280613210114, 0.35710588544125776, 0.925303444577321, 4.1482206750932463e-17]}], "source": "action wait"}
{"timestamp": 1706067625.312622, "objects": [{"color": "cv_", "id_name": "hand", "shape": "CVCylinder", "id_string": "ob383", "world_size": [0.12, 0.005, 0.12], "id": 383, "camera_size": [48, 50], "camera_position": [246, 444], "world_position": [0.225147397065217, 0.642871133154161, -0.17397269962523185], "world_orientation": [-0.0005237070450404761, 0.08856503519507924, 0.9960702587025804, -0.000761576183459075, -0.9960701417620966, 0.08856462438103622, 0.9999995728662329, -0.0007122014683504204, 0.0005890979720874577], "world_rotation": [0.0, 1.0, 0.0, 0.0]}, {"color": "CVBlue", "id_name": "object60630071302836", "shape": "CVCylinder", "id_string": "ob555", "world_size": [0.11, 0.11, 0.11], "id": 555, "camera_size": [45, 45], "camera_position": [256, 254], "world_position": [0.705, 0.6547388572526824, -0.15], "world_orientation": [1.0, -3.838362879530641e-17, 1.4813540171849057e-17, 3.838362879530641e-17, 1.0, 5.294293626938881e-18, -1.4813540171849057e-17, -5.294293626938881e-18, 1.0], "world_rotation": [-0.1276280613210114, 0.35710588544125776, 0.925303444577321, 4.1482206750932463e-17]}], "source": "action wait"}
{"timestamp": 1706067625.345213, "objects": [{"color": "cv_", "id_name": "hand", "shape": "CVCylinder", "id_string": "ob383", "world_size": [0.12, 0.005, 0.12], "id": 383, "camera_size": [48, 50], "camera_position": [246, 471], "world_position": [0.16390173019086476, 0.6600242824377627, -0.17403874837338934], "world_orientation": [-0.00037819101199804546, 0.06187083789418996, 0.9980840928448009, -0.0007686819884608029, -0.9980838873383248, 0.06187053388826598, 0.9999996330497122, -0.0007438103853153245, 0.000425025354112052], "world_rotation": [0.0, 1.0, 0.0, 0.0]}, {"color": "CVBlue", "id_name": "object60630071302836", "shape": "CVCylinder", "id_string": "ob555", "world_size": [0.11, 0.11, 0.11], "id": 555, "camera_size": [45, 45], "camera_position": [256, 254], "world_position": [0.705, 0.6547388572526824, -0.15], "world_orientation": [1.0, -3.838362879530641e-17, 1.4813540171849057e-17, 3.838362879530641e-17, 1.0, 5.294293626938881e-18, -1.4813540171849057e-17, -5.294293626938881e-18, 1.0], "world_rotation": [-0.1276280613210114, 0.35710588544125776, 0.925303444577321, 4.1482206750932463e-17]}], "source": "action wait"}
{"timestamp": 1706067625.377104, "objects": [{"color": "cv_", "id_name": "hand", "shape": "CVCylinder", "id_string": "ob383", "world_size": [0.12, 0.005, 0.12], "id": 383, "camera_size": [49, 46], "camera_position": [246, 488], "world_position": [0.11787039056985678, 0.6676875550546646, -0.17407780476601825], "world_orientation": [-0.00025737064469672795, 0.04331338271921672, 0.9990615019295709, -0.0007697871354805301, -0.9990612475914622, 0.04331317338590291, 0.9999996705940045, -0.0007579171523813864, 0.0002904711221959088], "world_rotation": [0.0, 1.0, 0.0, 0.0]}, {"color": "CVBlue", "id_name": "object60630071302836", "shape": "CVCylinder", "id_string": "ob555", "world_size": [0.11, 0.11, 0.11], "id": 555, "camera_size": [45, 45], "camera_position": [256, 254], "world_position": [0.705, 0.6547388572526824, -0.15], "world_orientation": [1.0, -3.838362879530641e-17, 1.4813540171849057e-17, 3.838362879530641e-17, 1.0, 5.294293626938881e-18, -1.4813540171849057e-17, -5.294293626938881e-18, 1.0], "world_rotation": [-0.1276280613210114, 0.35710588544125776, 0.925303444577321, 4.1482206750932463e-17]}], "source": "action wait"}
{"timestamp": 1706067625.406211, "objects": [{"color": "cv_", "id_name": "hand", "shape": "CVCylinder", "id_string": "ob383", "world_size": [0.12, 0.005, 0.12], "id": 383, "camera_size": [49, 34], "camera_position": [246, 494], "world_position": [0.0844831347629991, 0.6707868084002077, -0.17409653108004647], "world_orientation": [-0.0001749446648054532, 0.03018098031314418, 0.9995444351411806, -0.0007681377415361007, -0.9995441596093438, 0.03018083755068643, 0.9999996896793392, -0.000762507828465822, 0.0001980480680165641], "world_rotation": [0.0, 1.0, 0.0, 0.0]}, {"color": "CVBlue", "id_name": "object60630071302836", "shape": "CVCylinder", "id_string": "ob555", "world_size": [0.11, 0.11, 0.11], "id": 555, "camera_size": [45, 45], "camera_position": [256, 254], "world_position": [0.705, 0.6547388572526824, -0.15], "world_orientation": [1.0, -3.838362879530641e-17, 1.4813540171849057e-17, 3.838362879530641e-17, 1.0, 5.294293626938881e-18, -1.4813540171849057e-17, -5.294293626938881e-18, 1.0], "world_rotation": [-0.1276280613210114, 0.35710588544125776, 0.925303444577321, 4.1482206750932463e-17]}], "source": "action wait"}
{"timestamp": 1706067625.436884, "objects": [{"color": "cv_", "id_name": "hand", "shape": "CVCylinder", "id_string": "ob383", "world_size": [0.12, 0.005, 0.12], "id": 383, "camera_size": [49, 25], "camera_position": [246, 499], "world_position": [0.06057140354373538, 0.671814716256795, -0.17410508423843474], "world_orientation": [-0.00011909993264084509, 0.020891812366111803, 0.999781735175866, -0.0007661270136368281, -0.999781450761708, 0.020891715157291987, 0.9999996994322573, -0.000763471593191309, 0.00013507968525916774], "world_rotation": [0.0, 1.0, 0.0, 0.0]}, {"color": "CVBlue", "id_name": "object60630071302836", "shape": "CVCylinder", "id_string": "ob555", "world_size": [0.11, 0.11, 0.11], "id": 555, "camera_size": [45, 45], "camera_position": [256, 254], "world_position": [0.705, 0.6547388572526824, -0.15], "world_orientation": [1.0, -3.838362879530641e-17, 1.4813540171849057e-17, 3.838362879530641e-17, 1.0, 5.294293626938881e-18, -1.4813540171849057e-17, -5.294293626938881e-18, 1.0], "world_rotation": [-0.1276280613210114, 0.35710588544125776, 0.925303444577321, 4.1482206750932463e-17]}], "source": "action wait"}
{"timestamp": 1706067625.470091, "objects": [{"color": "cv_", "id_name": "hand", "shape": "CVCylinder", "id_string": "ob383", "world_size": [0.12, 0.005, 0.12], "id": 383, "camera_size": [49, 19], "camera_position": [246, 502], "world_position": [0.04356470715980871, 0.6719702512020556, -0.17410869589543684], "world_orientation": [-8.13926866561007e-05, 0.014322988731858081, 0.9998974174229164, -0.0007645365882950728, -0.9998971293980852, 0.014322922371987791, 0.9999997044294742, -0.0007632923790293104, 9.233476268104599e-05], "world_rotation": [0.0, 1.0, 0.0, 0.0]}, {"color": "CVBlue", "id_name": "object60630071302836", "shape": "CVCylinder", "id_string": "ob555", "world_size": [0.11, 0.11, 0.11], "id": 555, "camera_size": [45, 45], "camera_position": [256, 254], "world_position": [0.705, 0.6547388572526824, -0.15], "world_orientation": [1.0, -3.838362879530641e-17, 1.4813540171849057e-17, 3.838362879530641e-17, 1.0, 5.294293626938881e-18, -1.4813540171849057e-17, -5.294293626938881e-18, 1.0], "world_rotation": [-0.1276280613210114, 0.35710588544125776, 0.925303444577321, 4.1482206750932463e-17]}], "source": "action wait"}
{"timestamp": 1706067625.504048, "objects": [{"color": "cv_", "id_name": "hand", "shape": "CVCylinder", "id_string": "ob383", "world_size": [0.12, 0.005, 0.12], "id": 383, "camera_size": [49, 15], "camera_position": [246, 504], "world_position": [0.03151657795178571, 0.6718051289252105, -0.17410998506303427], "world_orientation": [-5.5991435481705905e-05, 0.00967871094462541, 0.9999531586126471, -0.0007634923502980891, -0.9999528691471736, 0.00967866539180654, 0.9999997069721522, -0.0007629146648887089, 6.337841832493634e-05], "world_rotation": [0.0, 1.0, 0.0, 0.0]}, {"color": "CVBlue", "id_name": "object60630071302836", "shape": "CVCylinder", "id_string": "ob555", "world_size": [0.11, 0.11, 0.11], "id": 555, "camera_size": [45, 45], "camera_position": [256, 254], "world_position": [0.705, 0.6547388572526824, -0.15], "world_orientation": [1.0, -3.838362879530641e-17, 1.4813540171849057e-17, 3.838362879530641e-17, 1.0, 5.294293626938881e-18, -1.4813540171849057e-17, -5.294293626938881e-18, 1.0], "world_rotation": [-0.1276280613210114, 0.35710588544125776, 0.925303444577321, 4.1482206750932463e-17]}], "source": "action wait"}
{"timestamp": 1706067625.540064, "objects": [{"color": "cv_", "id_name": "hand", "shape": "CVCylinder", "id_string": "ob383", "world_size": [0.12, 0.005, 0.12], "id": 383, "camera_size": [49, 12], "camera_position": [246, 505], "world_position": [0.023000644447235208, 0.6715586841144963, -0.17411023655859287], "world_orientation": [-3.8914089750428444e-05, 0.00639555835400412, 0.9999795474503637, -0.0007628979070467792, -0.9999792573966699, 0.0063955268108264905, 0.9999997082361961, -0.0007626334277355156, 4.379244065393269e-05], "world_rotation": [0.0, 1.0, 0.0, 0.0]}, {"color": "CVBlue", "id_name": "object60630071302836", "shape": "CVCylinder", "id_string": "ob555", "world_size": [0.11, 0.11, 0.11], "id": 555, "camera_size": [45, 45], "camera_position": [256, 254], "world_position": [0.705, 0.6547388572526824, -0.15], "world_orientation": [1.0, -3.838362879530641e-17, 1.4813540171849057e-17, 3.838362879530641e-17, 1.0, 5.294293626938881e-18, -1.4813540171849057e-17, -5.294293626938881e-18, 1.0], "world_rotation": [-0.1276280613210114, 0.35710588544125776, 0.925303444577321, 4.1482206750932463e-17]}], "source": "action wait"}
{"timestamp": 1706067625.575004, "objects": [{"color": "cv_", "id_name": "hand", "shape": "CVCylinder", "id_string": "ob383", "world_size": [0.12, 0.005, 0.12], "id": 383, "camera_size": [49, 10], "camera_position": [246, 506], "world_position": [0.016989356793666494, 0.6713249218186805, -0.1741100664362324], "world_orientation": [-2.742657890745186e-05, 0.004074858166986909, 0.9999916973548839, -0.0007626140513774762, -0.9999914070284949, 0.004074836067870434, 0.9999997088337533, -0.0007624959608510639, 3.053388732752101e-05], "world_rotation": [0.0, 1.0, 0.0, 0.0]}, {"color": "CVBlue", "id_name": "object60630071302836", "shape": "CVCylinder", "id_string": "ob555", "world_size": [0.11, 0.11, 0.11], "id": 555, "camera_size": [45, 45], "camera_position": [256, 254], "world_position": [0.705, 0.6547388572526824, -0.15], "world_orientation": [1.0, -3.838362879530641e-17, 1.4813540171849057e-17, 3.838362879530641e-17, 1.0, 5.294293626938881e-18, -1.4813540171849057e-17, -5.294293626938881e-18, 1.0], "world_rotation": [-0.1276280613210114, 0.35710588544125776, 0.925303444577321, 4.1482206750932463e-17]}], "source": "action wait"}
{"timestamp": 1706067625.639751, "objects": [{"color": "cv_", "id_name": "hand", "shape": "CVCylinder", "id_string": "ob383", "world_size": [0.12, 0.005, 0.12], "id": 383, "camera_size": [49, 9], "camera_position": [246, 507], "world_position": [0.01274937238396642, 0.6711333741381424, -0.17410976034086043], "world_orientation": [-1.971766885473332e-05, 0.00243460856999957, 0.9999970361417699, -0.0007625218204130883, -0.9999967456538233, 0.0024345928275762113, 0.9999997090858012, -0.0007624715559117092, 2.15740468457676e-05], "world_rotation": [0.0, 1.0, 0.0, 0.0]}, {"color": "CVBlue", "id_name": "object60630071302836", "shape": "CVCylinder", "id_string": "ob555", "world_size": [0.11, 0.11, 0.11], "id": 555, "camera_size": [45, 45], "camera_position": [256, 254], "world_position": [0.705, 0.6547388572526824, -0.15], "world_orientation": [1.0, -3.838362879530641e-17, 1.4813540171849057e-17, 3.838362879530641e-17, 1.0, 5.294293626938881e-18, -1.4813540171849057e-17, -5.294293626938881e-18, 1.0], "world_rotation": [-0.1276280613210114, 0.35710588544125776, 0.925303444577321, 4.1482206750932463e-17]}], "source": "action wait"}
{"timestamp": 1706067625.669919, "objects": [{"color": "cv_", "id_name": "hand", "shape": "CVCylinder", "id_string": "ob383", "world_size": [0.12, 0.005, 0.12], "id": 383, "camera_size": [49, 7], "camera_position": [246, 508], "world_position": [0.007653130822963617, 0.6708795935182892, -0.17410916349525346], "world_orientation": [-1.1063360608265813e-05, 0.0004561607900460035, 0.9999998958974624, -0.0007626007717355441, -0.9999996051825294, 0.0004561522205052964, 0.9999997091587902, -0.0007625956457707109, 1.141122481114698e-05], "world_rotation": [0.0, 1.0, 0.0, 0.0]}, {"color": "CVBlue", "id_name": "object60630071302836", "shape": "CVCylinder", "id_string": "ob555", "world_size": [0.11, 0.11, 0.11], "id": 555, "camera_size": [45, 45], "camera_position": [256, 254], "world_position": [0.705, 0.6547388572526824, -0.15], "world_orientation": [1.0, -3.838362879530641e-17, 1.4813540171849057e-17, 3.838362879530641e-17, 1.0, 5.294293626938881e-18, -1.4813540171849057e-17, -5.294293626938881e-18, 1.0], "world_rotation": [-0.1276280613210114, 0.35710588544125776, 0.925303444577321, 4.1482206750932463e-17]}], "source": "action wait"}
{"timestamp": 1706067625.706831, "objects": [{"color": "cv_", "id_name": "hand", "shape": "CVCylinder", "id_string": "ob383", "world_size": [0.12, 0.005, 0.12], "id": 383, "camera_size": [49, 7], "camera_position": [246, 508], "world_position": [0.006168231444957176, 0.6708025258334736, -0.17410893467900104], "world_orientation": [-8.734545589869034e-06, -0.00012274307318086819, 0.9999999924289229, -0.0007626839554283007, -0.9999997016228034, -0.00012274969918385178, 0.9999997091184037, -0.000762685021817204, 8.640928811488559e-06], "world_rotation": [0.0, 1.0, 0.0, 0.0]}, {"color": "CVBlue", "id_name": "object60630071302836", "shape": "CVCylinder", "id_string": "ob555", "world_size": [0.11, 0.11, 0.11], "id": 555, "camera_size": [45, 45], "camera_position": [256, 254], "world_position": [0.705, 0.6547388572526824, -0.15], "world_orientation": [1.0, -3.838362879530641e-17, 1.4813540171849057e-17, 3.838362879530641e-17, 1.0, 5.294293626938881e-18, -1.4813540171849057e-17, -5.294293626938881e-18, 1.0], "world_rotation": [-0.1276280613210114, 0.35710588544125776, 0.925303444577321, 4.1482206750932463e-17]}], "source": "action wait"}
{"timestamp": 1706067625.7379, "objects": [{"color": "CVBlue", "id_name": "object60630071302836", "shape": "CVCylinder", "id_string": "ob555", "world_size": [0.11, 0.11, 0.11], "id": 555, "camera_size": [45, 45], "camera_position": [256, 254], "world_position": [0.705, 0.6547388572526824, -0.15], "world_orientation": [1.0, -3.838362879530641e-17, 1.4813540171849057e-17, 3.838362879530641e-17, 1.0, 5.294293626938881e-18, -1.4813540171849057e-17, -5.294293626938881e-18, 1.0], "world_rotation": [-0.1276280613210114, 0.35710588544125776, 0.925303444577321, 4.1482206750932463e-17]}], "source": "action wait"}
{"timestamp": 1706067627.818314, "objects": [{"color": "CVBlue", "id_name": "object60630071302836", "shape": "CVCylinder", "id_string": "ob555", "world_size": [0.11, 0.11, 0.11], "id": 555, "camera_size": [45, 45], "camera_position": [256, 254], "world_position": [0.705, 0.6547388572526824, -0.15], "world_orientation": [1.0, -3.838362879530641e-17, 1.4813540171849057e-17, 3.838362879530641e-17, 1.0, 5.294293626938881e-18, -1.4813540171849057e-17, -5.294293626938881e-18, 1.0], "world_rotation": [-0.1276280613210114, 0.35710588544125776, 0.925303444577321, 4.1482206750932463e-17]}], "source": "action wait"}
{"timestamp": 1706067627.852246, "objects": [{"color": "cv_", "id_name": "hand", "shape": "CVCylinder", "id_string": "ob383", "world_size": [0.12, 0.005, 0.12], "id": 383, "camera_size": [51, 10], "camera_position": [246, 506], "world_position": [0.03548511134447841, 0.7265166786864378, -0.17412293316428226], "world_orientation": [0.0001579924301497959, 0.19316732330954683, 0.9811658168952977, -0.0007083229430263475, -0.9811655613877661, 0.19316738706427247, 0.9999997366584656, -0.0007255012439283887, -1.819188447937319e-05], "world_rotation": [0.0, 1.0, 0.0, 0.0]}, {"color": "CVBlue", "id_name": "object60630071302836", "shape": "CVCylinder", "id_string": "ob555", "world_size": [0.11, 0.11, 0.11], "id": 555, "camera_size": [45, 45], "camera_position": [256, 254], "world_position": [0.705, 0.6547388572526824, -0.15], "world_orientation": [1.0, -3.838362879530641e-17, 1.4813540171849057e-17, 3.838362879530641e-17, 1.0, 5.294293626938881e-18, -1.4813540171849057e-17, -5.294293626938881e-18, 1.0], "world_rotation": [-0.1276280613210114, 0.35710588544125776, 0.925303444577321, 4.1482206750932463e-17]}], "source": "action wait"}
{"timestamp": 1706067627.885198, "objects": [{"color": "cv_", "id_name": "hand", "shape": "CVCylinder", "id_string": "ob383", "world_size": [0.12, 0.005, 0.12], "id": 383, "camera_size": [53, 21], "camera_position": [245, 501], "world_position": [0.08392887460698067, 0.7794756343627572, -0.17412487089915227], "world_orientation": [0.00025695767112469676, 0.2966281642031561, 0.9549930189138666, -0.0007069816258511728, -0.9549927578910798, 0.2966282733533174, 0.9999997170748279, -0.0007513834274990934, -3.568205320659152e-05], "world_rotation": [0.0, 1.0, 0.0, 0.0]}, {"color": "CVBlue", "id_name": "object60630071302836", "shape": "CVCylinder", "id_string": "ob555", "world_size": [0.11, 0.11, 0.11], "id": 555, "camera_size": [45, 45], "camera_position": [256, 254], "world_position": [0.705, 0.6547388572526824, -0.15], "world_orientation": [1.0, -3.838362879530641e-17, 1.4813540171849057e-17, 3.838362879530641e-17, 1.0, 5.294293626938881e-18, -1.4813540171849057e-17, -5.294293626938881e-18, 1.0], "world_rotation": [-0.1276280613210114, 0.35710588544125776, 0.925303444577321, 4.1482206750932463e-17]}], "source": "action wait"}
{"timestamp": 1706067627.920693, "objects": [{"color": "cv_", "id_name": "hand", "shape": "CVCylinder", "id_string": "ob383", "world_size": [0.12, 0.005, 0.12], "id": 383, "camera_size": [55, 37], "camera_position": [245, 493], "world_position": [0.14081198268628148, 0.8113822331596159, -0.1741206548630249], "world_orientation": [0.00028821813439858723, 0.33657953200717533, 0.9416549981623512, -0.000712888720676595, -0.9416547288382453, 0.33657965393981104, 0.9999997043599459, -0.0007683035868939529, -3.145821721437832e-05], "world_rotation": [0.0, 1.0, 0.0, 0.0]}, {"color": "CVBlue", "id_name": "object60630071302836", "shape": "CVCylinder", "id_string": "ob555", "world_size": [0.11, 0.11, 0.11], "id": 555, "camera_size": [45, 45], "camera_position": [256, 254], "world_position": [0.705, 0.6547388572526824, -0.15], "world_orientation": [1.0, -3.838362879530641e-17, 1.4813540171849057e-17, 3.838362879530641e-17, 1.0, 5.294293626938881e-18, -1.4813540171849057e-17, -5.294293626938881e-18, 1.0], "world_rotation": [-0.1276280613210114, 0.35710588544125776, 0.925303444577321, 4.1482206750932463e-17]}], "source": "action wait"}
{"timestamp": 1706067627.954963, "objects": [{"color": "cv_", "id_name": "hand", "shape": "CVCylinder", "id_string": "ob383", "world_size": [0.12, 0.005, 0.12], "id": 383, "camera_size": [55, 59], "camera_position": [245, 480], "world_position": [0.20224739085221355, 0.8254647566262958, -0.17411728811816327], "world_orientation": [0.0002860961113525613, 0.33671553116599984, 0.9416063770071936, -0.0007225602808277896, -0.9416061001332122, 0.3367156516982307, 0.9999996980277823, -0.0007767004067821836, -2.6092574915113617e-05], "world_rotation": [0.0, 1.0, 0.0, 0.0]}, {"color": "CVBlue", "id_name": "object60630071302836", "shape": "CVCylinder", "id_string": "ob555", "world_size": [0.11, 0.11, 0.11], "id": 555, "camera_size": [45, 45], "camera_position": [256, 254], "world_position": [0.705, 0.6547388572526824, -0.15], "world_orientation": [1.0, -3.838362879530641e-17, 1.4813540171849057e-17, 3.838362879530641e-17, 1.0, 5.294293626938881e-18, -1.4813540171849057e-17, -5.294293626938881e-18, 1.0], "world_rotation": [-0.1276280613210114, 0.35710588544125776, 0.925303444577321, 4.1482206750932463e-17]}], "source": "action wait"}
{"timestamp": 1706067627.987968, "objects": [{"color": "cv_", "id_name": "hand", "shape": "CVCylinder", "id_string": "ob383", "world_size": [0.12, 0.005, 0.12], "id": 383, "camera_size": [55, 58], "camera_position": [245, 451], "world_position": [0.2663013576432804, 0.8244645672225516, -0.17411455087843508], "world_orientation": [0.00026066481506914935, 0.3088181856637256, 0.951121054470575, -0.0007356833555751793, -0.9511207701743281, 0.3088182949777973, 0.9999996954118809, -0.0007802219926616885, -2.0731320573730148e-05], "world_rotation": [0.0, 1.0, 0.0, 0.0]}, {"color": "CVBlue", "id_name": "object60630071302836", "shape": "CVCylinder", "id_string": "ob555", "world_size": [0.11, 0.11, 0.11], "id": 555, "camera_size": [45, 45], "camera_position": [256, 254], "world_position": [0.705, 0.6547388572526824, -0.15], "world_orientation": [1.0, -3.838362879530641e-17, 1.4813540171849057e-17, 3.838362879530641e-17, 1.0, 5.294293626938881e-18, -1.4813540171849057e-17, -5.294293626938881e-18, 1.0], "world_rotation": [-0.1276280613210114, 0.35710588544125776, 0.925303444577321, 4.1482206750932463e-17]}], "source": "action wait"}
{"timestamp": 1706067628.018966, "objects": [{"color": "cv_", "id_name": "hand", "shape": "CVCylinder", "id_string": "ob383", "world_size": [0.12, 0.005, 0.12], "id": 383, "camera_size": [54, 56], "camera_position": [245, 420], "world_position": [0.3309564851133405, 0.810558769497869, -0.17411213898067623], "world_orientation": [0.00021854967871702026, 0.26053322676884433, 0.9654648569396257, -0.0007501077976814142, -0.9654645656709997, 0.26053331796912227, 0.9999996947871184, -0.0007811421905152998, -1.5573965685208205e-05], "world_rotation": [0.0, 1.0, 0.0, 0.0]}, {"color": "CVBlue", "id_name": "object60630071302836", "shape": "CVCylinder", "id_string": "ob555", "world_size": [0.11, 0.11, 0.11], "id": 555, "camera_size": [45, 45], "camera_position": [256, 254], "world_position": [0.705, 0.6547388572526824, -0.15], "world_orientation": [1.0, -3.838362879530641e-17, 1.4813540171849057e-17, 3.838362879530641e-17, 1.0, 5.294293626938881e-18, -1.4813540171849057e-17, -5.294293626938881e-18, 1.0], "world_rotation": [-0.1276280613210114, 0.35710588544125776, 0.925303444577321, 4.1482206750932463e-17]}], "source": "action wait"}
{"timestamp": 1706067628.049786, "objects": [{"color": "cv_", "id_name": "hand", "shape": "CVCylinder", "id_string": "ob383", "world_size": [0.12, 0.005, 0.12], "id": 383, "camera_size": [53, 55], "camera_position": [245, 390], "world_position": [0.39442445264980774, 0.7855159518497168, -0.17410985550256255], "world_orientation": [0.0001643736737876106, 0.19715256768810693, 0.9803728056383866, -0.0007633888925346863, -0.9803725084813231, 0.19715263592312798, 0.9999996951093008, -0.0007808124134312852, -1.064335059122769e-05], "world_rotation": [0.0, 1.0, 0.0, 0.0]}, {"color": "CVBlue", "id_name": "object60630071302836", "shape": "CVCylinder", "id_string": "ob555", "world_size": [0.11, 0.11, 0.11], "id": 555, "camera_size": [45, 45], "camera_position": [256, 254], "world_position": [0.705, 0.6547388572526824, -0.15], "world_orientation": [1.0, -3.838362879530641e-17, 1.4813540171849057e-17, 3.838362879530641e-17, 1.0, 5.294293626938881e-18, -1.4813540171849057e-17, -5.294293626938881e-18, 1.0], "world_rotation": [-0.1276280613210114, 0.35710588544125776, 0.925303444577321, 4.1482206750932463e-17]}], "source": "action wait"}
{"timestamp": 1706067628.080683, "objects": [{"color": "cv_", "id_name": "hand", "shape": "CVCylinder", "id_string": "ob383", "world_size": [0.12, 0.005, 0.12], "id": 383, "camera_size": [52, 53], "camera_position": [245, 365], "world_position": [0.44574351900808135, 0.7577725931410257, -0.17410287428910742], "world_orientation": [0.00010273127772893686, 0.13901568003765635, 0.9902901747215068, -0.0007679251946701534, -0.9902898769885753, 0.1390157179057397, 0.999999699868545, -0.0007747500375281126, 5.019898770464524e-06], "world_rotation": [0.0, 1.0, 0.0, 0.0]}, {"color": "CVBlue", "id_name": "object60630071302836", "shape": "CVCylinder", "id_string": "ob555", "world_size": [0.11, 0.11, 0.11], "id": 555, "camera_size": [45, 45], "camera_position": [256, 254], "world_position": [0.705, 0.6547388572526824, -0.15], "world_orientation": [1.0, -3.838362879530641e-17, 1.4813540171849057e-17, 3.838362879530641e-17, 1.0, 5.294293626938881e-18, -1.4813540171849057e-17, -5.294293626938881e-18, 1.0], "world_rotation": [-0.1276280613210114, 0.35710588544125776, 0.925303444577321, 4.1482206750932463e-17]}], "source": "action wait"}
{"timestamp": 1706067628.116001, "objects": [{"color": "cv_", "id_name": "hand", "shape": "CVCylinder", "id_string": "ob383", "world_size": [0.12, 0.005, 0.12], "id": 383, "camera_size": [51, 52], "camera_position": [246, 348], "world_position": [0.48060413536141666, 0.7350556131753593, -0.17409836055337308], "world_orientation": [6.013988615336104e-05, 0.09768835389024798, 0.9952170526560565, -0.0007666211686611259, -0.9952167575033718, 0.09768837124478412, 0.9999997043375454, -0.0007688294275041549, 1.5037737530151758e-05], "world_rotation": [0.0, 1.0, 0.0, 0.0]}, {"color": "CVBlue", "id_name": "object60630071302836", "shape": "CVCylinder", "id_string": "ob555", "world_size": [0.11, 0.11, 0.11], "id": 555, "camera_size": [45, 45], "camera_position": [256, 254], "world_position": [0.705, 0.6547388572526824, -0.15], "world_orientation": [1.0, -3.838362879530641e-17, 1.4813540171849057e-17, 3.838362879530641e-17, 1.0, 5.294293626938881e-18, -1.4813540171849057e-17, -5.294293626938881e-18, 1.0], "world_rotation": [-0.1276280613210114, 0.35710588544125776, 0.925303444577321, 4.1482206750932463e-17]}], "source": "action wait"}
{"timestamp": 1706067628.150103, "objects": [{"color": "cv_", "id_name": "hand", "shape": "CVCylinder", "id_string": "ob383", "world_size": [0.12, 0.005, 0.12], "id": 383, "camera_size": [51, 51], "camera_position": [246, 338], "world_position": [0.5043663699551649, 0.7175522852878627, -0.17409678284934682], "world_orientation": [3.3738465463993014e-05, 0.06844518204039984, 0.997654878160365, -0.0007644115970679568, -0.9976545854855348, 0.06844518781182714, 0.9999997072682704, -0.0007649281943427059, 1.866095613809941e-05], "world_rotation": [0.0, 1.0, 0.0, 0.0]}, {"color": "CVBlue", "id_name": "object60630071302836", "shape": "CVCylinder", "id_string": "ob555", "world_size": [0.11, 0.11, 0.11], "id": 555, "camera_size": [45, 45], "camera_position": [256, 254], "world_position": [0.705, 0.6547388572526824, -0.15], "world_orientation": [1.0, -3.838362879530641e-17, 1.4813540171849057e-17, 3.838362879530641e-17, 1.0, 5.294293626938881e-18, -1.4813540171849057e-17, -5.294293626938881e-18, 1.0], "world_rotation": [-0.1276280613210114, 0.35710588544125776, 0.925303444577321, 4.1482206750932463e-17]}], "source": "action wait"}
{"timestamp": 1706067628.186462, "objects": [{"color": "cv_", "id_name": "hand", "shape": "CVCylinder", "id_string": "ob383", "world_size": [0.12, 0.005, 0.12], "id": 383, "camera_size": [49, 50], "camera_position": [246, 330], "world_position": [0.5206752934318811, 0.7045156483583646, -0.17409677660869965], "world_orientation": [1.7536964354284696e-05, 0.0477911219470944, 0.9988573513547834, -0.0007626863394326121, -0.9988570603562295, 0.04779112141454198, 0.999999709000959, -0.0007626529681131715, 1.8932715193095618e-05], "world_rotation": [0.0, 1.0, 0.0, 0.0]}, {"color": "CVBlue", "id_name": "object60630071302836", "shape": "CVCylinder", "id_string": "ob555", "world_size": [0.11, 0.11, 0.11], "id": 555, "camera_size": [45, 45], "camera_position": [256, 254], "world_position": [0.705, 0.6547388572526824, -0.15], "world_orientation": [1.0, -3.838362879530641e-17, 1.4813540171849057e-17, 3.838362879530641e-17, 1.0, 5.294293626938881e-18, -1.4813540171849057e-17, -5.294293626938881e-18, 1.0], "world_rotation": [-0.1276280613210114, 0.35710588544125776, 0.925303444577321, 4.1482206750932463e-17]}], "source": "action wait"}
{"timestamp": 1706067628.224272, "objects": [{"color": "cv_", "id_name": "hand", "shape": "CVCylinder", "id_string": "ob383", "world_size": [0.12, 0.005, 0.12], "id": 383, "camera_size": [49, 49], "camera_position": [246, 325], "world_position": [0.5319397056055674, 0.6950018238668533, -0.17409753028226577], "world_orientation": [7.71875884692509e-06, 0.03321663015388637, 0.9994481754556566, -0.0007616738522874877, -0.9994478853766423, 0.03321662639554229, 0.9999997098966397, -0.0007615099330902297, 1.7585741442403813e-05], "world_rotation": [0.0, 1.0, 0.0, 0.0]}, {"color": "CVBlue", "id_name": "object60630071302836", "shape": "CVCylinder", "id_string": "ob555", "world_size": [0.11, 0.11, 0.11], "id": 555, "camera_size": [45, 45], "camera_position": [256, 254], "world_position": [0.705, 0.6547388572526824, -0.15], "world_orientation": [1.0, -3.838362879530641e-17, 1.4813540171849057e-17, 3.838362879530641e-17, 1.0, 5.294293626938881e-18, -1.4813540171849057e-17, -5.294293626938881e-18, 1.0], "world_rotation": [-0.1276280613210114, 0.35710588544125776, 0.925303444577321, 4.1482206750932463e-17]}], "source": "action wait"}
{"timestamp": 1706067628.255475, "objects": [{"color": "cv_", "id_name": "hand", "shape": "CVCylinder", "id_string": "ob383", "world_size": [0.12, 0.005, 0.12], "id": 383, "camera_size": [49, 50], "camera_position": [246, 321], "world_position": [0.539760924748706, 0.688147285872137, -0.17409858074905285], "world_orientation": [1.8623734710831725e-06, 0.022936641249879257, 0.9997369206369774, -0.0007612382823220008, -0.9997366309405156, 0.022936636021550334, 0.9999997102563627, -0.0007610807328223787, 1.5598366408132936e-05], "world_rotation": [0.0, 1.0, 0.0, 0.0]}, {"color": "CVBlue", "id_name": "object60630071302836", "shape": "CVCylinder", "id_string": "ob555", "world_size": [0.11, 0.11, 0.11], "id": 555, "camera_size": [45, 45], "camera_position": [256, 254], "world_position": [0.705, 0.6547388572526824, -0.15], "world_orientation": [1.0, -3.838362879530641e-17, 1.4813540171849057e-17, 3.838362879530641e-17, 1.0, 5.294293626938881e-18, -1.4813540171849057e-17, -5.294293626938881e-18, 1.0], "world_rotation": [-0.1276280613210114, 0.35710588544125776, 0.925303444577321, 4.1482206750932463e-17]}], "source": "action wait"}
{"timestamp": 1706067628.280734, "objects": [{"color": "cv_", "id_name": "hand", "shape": "CVCylinder", "id_string": "ob383", "world_size": [0.12, 0.005, 0.12], "id": 383, "camera_size": [49, 49], "camera_position": [246, 319], "world_position": [0.5452139330214172, 0.6832494230462169, -0.17409967710435], "world_orientation": [-1.5284579271344373e-06, 0.015687205337496856, 0.9998769482223115, -0.0007611789613332688, -0.9998766585806306, 0.01568719962969624, 0.9999997103020845, -0.0007610613196846787, 1.3469040070351464e-05], "world_rotation": [0.0, 1.0, 0.0, 0.0]}, {"color": "CVBlue", "id_name": "object60630071302836", "shape": "CVCylinder", "id_string": "ob555", "world_size": [0.11, 0.11, 0.11], "id": 555, "camera_size": [45, 45], "camera_position": [256, 254], "world_position": [0.705, 0.6547388572526824, -0.15], "world_orientation": [1.0, -3.838362879530641e-17, 1.4813540171849057e-17, 3.838362879530641e-17, 1.0, 5.294293626938881e-18, -1.4813540171849057e-17, -5.294293626938881e-18, 1.0], "world_rotation": [-0.1276280613210114, 0.35710588544125776, 0.925303444577321, 4.1482206750932463e-17]}], "source": "action wait"}
{"timestamp": 1706067628.309803, "objects": [{"color": "cv_", "id_name": "hand", "shape": "CVCylinder", "id_string": "ob383", "world_size": [0.12, 0.005, 0.12], "id": 383, "camera_size": [49, 49], "camera_position": [246, 317], "world_position": [0.5490277805928425, 0.679768626795387, -0.17410069445802148], "world_orientation": [-3.4282252677182068e-06, 0.01057535635038823, 0.9999440793495953, -0.0007613293366445804, -0.999943789588058, 0.010575350675731305, 0.9999997101829023, -0.0007612505079288664, 1.1479361601153261e-05], "world_rotation": [0.0, 1.0, 0.0, 0.0]}, {"color": "CVBlue", "id_name": "object60630071302836", "shape": "CVCylinder", "id_string": "ob555", "world_size": [0.11, 0.11, 0.11], "id": 555, "camera_size": [45, 45], "camera_position": [256, 254], "world_position": [0.705, 0.6547388572526824, -0.15], "world_orientation": [1.0, -3.838362879530641e-17, 1.4813540171849057e-17, 3.838362879530641e-17, 1.0, 5.294293626938881e-18, -1.4813540171849057e-17, -5.294293626938881e-18, 1.0], "world_rotation": [-0.1276280613210114, 0.35710588544125776, 0.925303444577321, 4.1482206750932463e-17]}], "source": "action wait"}
{"timestamp": 1706067628.373886, "objects": [{"color": "cv_", "id_name": "hand", "shape": "CVCylinder", "id_string": "ob383", "world_size": [0.12, 0.005, 0.12], "id": 383, "camera_size": [49, 49], "camera_position": [246, 316], "world_position": [0.5535790038255636, 0.6755623636658686, -0.17410232131338751], "world_orientation": [-4.885474025381728e-06, 0.004429368865668241, 0.9999901902856768, -0.0007618426340651744, -0.9999899001148017, 0.004429363858383318, 0.9999997097859245, -0.0007618135210648313, 8.259906726888373e-06], "world_rotation": [0.0, 1.0, 0.0, 0.0]}, {"color": "CVBlue", "id_name": "object60630071302836", "shape": "CVCylinder", "id_string": "ob555", "world_size": [0.11, 0.11, 0.11], "id": 555, "camera_size": [45, 45], "camera_position": [256, 254], "world_position": [0.705, 0.6547388572526824, -0.15], "world_orientation": [1.0, -3.838362879530641e-17, 1.4813540171849057e-17, 3.838362879530641e-17, 1.0, 5.294293626938881e-18, -1.4813540171849057e-17, -5.294293626938881e-18, 1.0], "world_rotation": [-0.1276280613210114, 0.35710588544125776, 0.925303444577321, 4.1482206750932463e-17]}], "source": "action wait"}
{"timestamp": 1706067628.406087, "objects": [{"color": "cv_", "id_name": "hand", "shape": "CVCylinder", "id_string": "ob383", "world_size": [0.12, 0.005, 0.12], "id": 383, "camera_size": [49, 49], "camera_position": [246, 315], "world_position": [0.554899155309151, 0.6743340082281049, -0.17410292487966295], "world_orientation": [-5.0493589154806925e-06, 0.002637278364365108, 0.9999965223626195, -0.0007620969708513147, -0.9999962319905872, 0.0026372737504563944, 0.9999997095913135, -0.0007620810040130162, 7.059201742588803e-06], "world_rotation": [0.0, 1.0, 0.0, 0.0]}, {"color": "CVBlue", "id_name": "object60630071302836", "shape": "CVCylinder", "id_string": "ob555", "world_size": [0.11, 0.11, 0.11], "id": 555, "camera_size": [45, 45], "camera_position": [256, 254], "world_position": [0.705, 0.6547388572526824, -0.15], "world_orientation": [1.0, -3.838362879530641e-17, 1.4813540171849057e-17, 3.838362879530641e-17, 1.0, 5.294293626938881e-18, -1.4813540171849057e-17, -5.294293626938881e-18, 1.0], "world_rotation": [-0.1276280613210114, 0.35710588544125776, 0.925303444577321, 4.1482206750932463e-17]}], "source": "action wait"}
{"timestamp": 1706067628.440482, "objects": [{"color": "cv_", "id_name": "hand", "shape": "CVCylinder", "id_string": "ob383", "world_size": [0.12, 0.005, 0.12], "id": 383, "camera_size": [49, 48], "camera_position": [246, 314], "world_position": [0.5558282166337085, 0.6734683786972512, -0.17410340696930643], "world_orientation": [-5.050155856323127e-06, 0.001373622789614107, 0.999999056567019, -0.0007623193659537418, -0.9999987660198834, 0.0013736185406766287, 0.999999709421798, -0.000762311709769131, 6.097288878934526e-06], "world_rotation": [0.0, 1.0, 0.0, 0.0]}, {"color": "CVBlue", "id_name": "object60630071302836", "shape": "CVCylinder", "id_string": "ob555", "world_size": [0.11, 0.11, 0.11], "id": 555, "camera_size": [45, 45], "camera_position": [256, 254], "world_position": [0.705, 0.6547388572526824, -0.15], "world_orientation": [1.0, -3.838362879530641e-17, 1.4813540171849057e-17, 3.838362879530641e-17, 1.0, 5.294293626938881e-18, -1.4813540171849057e-17, -5.294293626938881e-18, 1.0], "world_rotation": [-0.1276280613210114, 0.35710588544125776, 0.925303444577321, 4.1482206750932463e-17]}], "source": "action wait"}
