{"timestamp": 1706067958.734474, "objects": [{"color": "cv_", "id_name": "hand", "shape": "CVCylinder", "id_string": "ob383", "world_size": [0.12, 0.005, 0.12], "id": 383, "camera_size": [48, 50], "camera_position": [246, 426], "world_position": [0.26764451554013874, 0.63347030138474, -0.17389260400847475], "world_orientation": [-0.0006415490621892732, 0.19791547486641187, 0.9802188802625684, -0.0007473671033285236, -0.9802189031249678, 0.19791499033397641, 0.9999995149284892, -0.0006056111687280853, 0.0007767740331952503], "world_rotation": [0.0, 1.0, 0.0, 0.0]}, {"color": "CVPurple", "id_name": "object97311319865514", "shape": "CVBox", "id_string": "ob667", "world_size": [0.09, 0.09, 0.09], "id": 667, "camera_size": [37, 37], "camera_position": [256, 254], "world_position": [0.705, 0.644856964849591, -0.15], "world_orientation": [1.0, -3.248937977869676e-17, -1.2807790779525605e-17, 3.248937977869676e-17, 1.0, -6.497875955739369e-17, 1.2807790779525605e-17, 6.497875955739369e-17, 1.0], "world_rotation": [-0.8808431718627018, 0.17362065899128884, -0.4404215859313497, -7.376881791566185e-17]}], "source": "manual check"}
{"timestamp": 1706067959.748961, "objects": [{"color": "cv_", "id_name": "hand", "shape": "CVCylinder", "id_string": "ob383", "world_size": [0.12, 0.005, 0.12], "id": 383, "camera_size": [48, 50], "camera_position": [246, 426], "world_position": [0.26764451554013874, 0.63347030138474, -0.17389260400847475], "world_orientation": [-0.0006415490621892732, 0.19791547486641187, 0.9802188802625684, -0.0007473671033285236, -0.9802189031249678, 0.19791499033397641, 0.9999995149284892, -0.0006056111687280853, 0.0007767740331952503], "world_rotation": [0.0, 1.0, 0.0, 0.0]}, {"color": "CVPurple", "id_name": "object97311319865514", "shape": "CVBox", "id_string": "ob667", "world_size": [0.09, 0.09, 0.09], "id": 667, "camera_size": [37, 37], "camera_position": [256, 254], "world_position": [0.705, 0.6448569696296074, -0.15], "world_orientation": [1.0, -4.331917303826236e-17, -1.1712398707441946e-17, 4.331917303826236e-17, 1.0, -5.775889738434995e-17, 1.1712398707441946e-17, 5.775889738434995e-17, 1.0], "world_rotation": [-0.7896765794068324, 0.16013129347666225, -0.5922574345551229, -7.314247236221149e-17]}], "source": "manual check"}
{"timestamp": 1706067961.33652, "objects": [{"color": "cv_", "id_name": "hand", "shape": "CVCylinder", "id_string": "ob383", "world_size": [0.12, 0.005, 0.12], "id": 383, "camera_size": [48, 50], "camera_position": [246, 426], "world_position": [0.26764451554013874, 0.63347030138474, -0.17389260400847475], "world_orientation": [-0.0006415490621892732, 0.19791547486641187, 0.9802188802625684, -0.0007473671033285236, -0.9802189031249678, 0.19791499033397641, 0.9999995149284892, -0.0006056111687280853, 0.0007767740331952503], "world_rotation": [0.0, 1.0, 0.0, 0.0]}, {"color": "CVPurple", "id_name": "object97311319865514", "shape": "CVBox", "id_string": "ob667", "world_size": [0.09, 0.09, 0.09], "id": 667, "camera_size": [37, 37], "camera_position": [256, 254], "world_position": [0.705, 0.6448569696296074, -0.15], "world_orientation": [1.0, -4.331917303826236e-17, -1.1712398707441946e-17, 4.331917303826236e-17, 1.0, -5.775889738434995e-17, 1.1712398707441946e-17, 5.775889738434995e-17, 1.0], "world_rotation": [-0.7896765794068324, 0.16013129347666225, -0.5922574345551229, -7.314247236221149e-17]}], "source": "action wait"}
{"timestamp": 1706067961.369637, "objects": [{"color": "cv_", "id_name": "hand", "shape": "CVCylinder", "id_string": "ob383", "world_size": [0.12, 0.005, 0.12], "id": 383, "camera_size": [48, 50], "camera_position": [246, 444], "world_position": [0.22509914323969532, 0.6416776082119104, -0.17397246912606124], "world_orientation": [-0.0005244055591064154, 0.08775991352619511, 0.9961415173441395, -0.0007630982954993424, -0.9961413993971435, 0.0877595014120536, 0.9999995713398088, -0.0007141323235568889, 0.00058935152792531], "world_rotation": [0.0, 1.0, 0.0, 0.0]}, {"color": "CVPurple", "id_name": "object97311319865514", "shape": "CVBox", "id_string": "ob667", "world_size": [0.09, 0.09, 0.09], "id": 667, "camera_size": [37, 37], "camera_position": [256, 254], "world_position": [0.705, 0.6448569696296074, -0.15], "world_orientation": [1.0, -4.331917303826236e-17, -1.1712398707441946e-17, 4.331917303826236e-17, 1.0, -5.775889738434995e-17, 1.1712398707441946e-17, 5.775889738434995e-17, 1.0], "world_rotation": [-0.7896765794068324, 0.16013129347666225, -0.5922574345551229, -7.314247236221149e-17]}], "source": "action wait"}
{"timestamp": 1706067961.405035, "objects": [{"color": "cv_", "id_name": "hand", "shape": "CVCylinder", "id_string": "ob383", "world_size": [0.12, 0.005, 0.12], "id": 383, "camera_size": [48, 50], "camera_position": [246, 470], "world_position": [0.1638670222375871, 0.6571116770287445, -0.17403839755684852], "world_orientation": [-0.0003799549858517918, 0.06032424774200905, 0.9981787619302315, -0.0007693278402690117, -0.9981785562212462, 0.060323942466842105, 0.9999996318843738, -0.0007450063284120161, 0.0004256720424382036], "world_rotation": [0.0, 1.0, 0.0, 0.0]}, {"color": "CVPurple", "id_name": "object97311319865514", "shape": "CVBox", "id_string": "ob667", "world_size": [0.09, 0.09, 0.09], "id": 667, "camera_size": [37, 37], "camera_position": [256, 254], "world_position": [0.705, 0.6448569696296074, -0.15], "world_orientation": [1.0, -4.331917303826236e-17, -1.1712398707441946e-17, 4.331917303826236e-17, 1.0, -5.775889738434995e-17, 1.1712398707441946e-17, 5.775889738434995e-17, 1.0], "world_rotation": [-0.7896765794068324, 0.16013129347666225, -0.5922574345551229, -7.314247236221149e-17]}], "source": "action wait"}
{"timestamp": 1706067961.440731, "objects": [{"color": "cv_", "id_name": "hand", "shape": "CVCylinder", "id_string": "ob383", "world_size": [0.12, 0.005, 0.12], "id": 383, "camera_size": [48, 46], "camera_position": [246, 488], "world_position": [0.11761511722995137, 0.663724639987525, -0.17407773702920998], "world_orientation": [-0.0002583702892418297, 0.042222430382198736, 0.9991082021570108, -0.0007699559378490832, -0.9991079477525125, 0.04222222051972949, 0.9999996702062693, -0.0007583603254767325, 0.00029064922042819986], "world_rotation": [0.0, 1.0, 0.0, 0.0]}, {"color": "CVPurple", "id_name": "object97311319865514", "shape": "CVBox", "id_string": "ob667", "world_size": [0.09, 0.09, 0.09], "id": 667, "camera_size": [37, 37], "camera_position": [256, 254], "world_position": [0.705, 0.6448569696296074, -0.15], "world_orientation": [1.0, -4.331917303826236e-17, -1.1712398707441946e-17, 4.331917303826236e-17, 1.0, -5.775889738434995e-17, 1.1712398707441946e-17, 5.775889738434995e-17, 1.0], "world_rotation": [-0.7896765794068324, 0.16013129347666225, -0.5922574345551229, -7.314247236221149e-17]}], "source": "action wait"}
{"timestamp": 1706067961.472856, "objects": [{"color": "cv_", "id_name": "hand", "shape": "CVCylinder", "id_string": "ob383", "world_size": [0.12, 0.005, 0.12], "id": 383, "camera_size": [48, 34], "camera_position": [246, 494], "world_position": [0.08418836882328638, 0.6660511587507191, -0.17409653341175135], "world_orientation": [-0.00017551026694893196, 0.02941173385456125, 0.9995673659678044, -0.0007680370188156471, -0.9995670905148355, 0.029411590892779917, 0.9999996896575938, -0.0007625427036946891, 0.00019802358727785726], "world_rotation": [0.0, 1.0, 0.0, 0.0]}, {"color": "CVPurple", "id_name": "object97311319865514", "shape": "CVBox", "id_string": "ob667", "world_size": [0.09, 0.09, 0.09], "id": 667, "camera_size": [37, 37], "camera_position": [256, 254], "world_position": [0.705, 0.6448569696296074, -0.15], "world_orientation": [1.0, -4.331917303826236e-17, -1.1712398707441946e-17, 4.331917303826236e-17, 1.0, -5.775889738434995e-17, 1.1712398707441946e-17, 5.775889738434995e-17, 1.0], "world_rotation": [-0.7896765794068324, 0.16013129347666225, -0.5922574345551229, -7.314247236221149e-17]}], "source": "action wait"}
{"timestamp": 1706067961.505025, "objects": [{"color": "cv_", "id_name": "hand", "shape": "CVCylinder", "id_string": "ob383", "world_size": [0.12, 0.005, 0.12], "id": 383, "camera_size": [48, 26], "camera_position": [246, 498], "world_position": [0.06030682781757643, 0.6665238581055725, -0.17410507867983857], "world_orientation": [-0.0001194352517032926, 0.0203494211876274, 0.9997929219556163, -0.0007659058848562487, -0.9997926377027919, 0.02034932390694053, 0.9999996995616529, -0.0007633168559409736, 0.00013499622677652548], "world_rotation": [0.0, 1.0, 0.0, 0.0]}, {"color": "CVPurple", "id_name": "object97311319865514", "shape": "CVBox", "id_string": "ob667", "world_size": [0.09, 0.09, 0.09], "id": 667, "camera_size": [37, 37], "camera_position": [256, 254], "world_position": [0.705, 0.6448569696296074, -0.15], "world_orientation": [1.0, -4.331917303826236e-17, -1.1712398707441946e-17, 4.331917303826236e-17, 1.0, -5.775889738434995e-17, 1.1712398707441946e-17, 5.775889738434995e-17, 1.0], "world_rotation": [-0.7896765794068324, 0.16013129347666225, -0.5922574345551229, -7.314247236221149e-17]}], "source": "action wait"}
{"timestamp": 1706067961.533596, "objects": [{"color": "cv_", "id_name": "hand", "shape": "CVCylinder", "id_string": "ob383", "world_size": [0.12, 0.005, 0.12], "id": 383, "camera_size": [48, 20], "camera_position": [246, 501], "world_position": [0.043349733302432095, 0.6662848218707984, -0.17410866232514], "world_orientation": [-8.160128525610003e-05, 0.013940550532287937, 0.9999028224743077, -0.0007642813488671934, -0.9999025346381366, 0.01394048414690186, 0.9999997046075814, -0.0007630695164736614, 9.224783472244172e-05], "world_rotation": [0.0, 1.0, 0.0, 0.0]}, {"color": "CVPurple", "id_name": "object97311319865514", "shape": "CVBox", "id_string": "ob667", "world_size": [0.09, 0.09, 0.09], "id": 667, "camera_size": [37, 37], "camera_position": [256, 254], "world_position": [0.705, 0.6448569696296074, -0.15], "world_orientation": [1.0, -4.331917303826236e-17, -1.1712398707441946e-17, 4.331917303826236e-17, 1.0, -5.775889738434995e-17, 1.1712398707441946e-17, 5.775889738434995e-17, 1.0], "world_rotation": [-0.7896765794068324, 0.16013129347666225, -0.5922574345551229, -7.314247236221149e-17]}], "source": "action wait"}
{"timestamp": 1706067961.560139, "objects": [{"color": "cv_", "id_name": "hand", "shape": "CVCylinder", "id_string": "ob383", "world_size": [0.12, 0.005, 0.12], "id": 383, "camera_size": [48, 16], "camera_position": [246, 503], "world_position": [0.03135019583784576, 0.6658407320443952, -0.17410992227125402], "world_orientation": [-5.612685704324919e-05, 0.009409058193013742, 0.9999557322570316, -0.0007632477366807869, -0.9999554429744423, 0.009409012630423826, 0.9999997071512914, -0.0007626858511196759, 6.330579856792867e-05], "world_rotation": [0.0, 1.0, 0.0, 0.0]}, {"color": "CVPurple", "id_name": "object97311319865514", "shape": "CVBox", "id_string": "ob667", "world_size": [0.09, 0.09, 0.09], "id": 667, "camera_size": [37, 37], "camera_position": [256, 254], "world_position": [0.705, 0.6448569696296074, -0.15], "world_orientation": [1.0, -4.331917303826236e-17, -1.1712398707441946e-17, 4.331917303826236e-17, 1.0, -5.775889738434995e-17, 1.1712398707441946e-17, 5.775889738434995e-17, 1.0], "world_rotation": [-0.7896765794068324, 0.16013129347666225, -0.5922574345551229, -7.314247236221149e-17]}], "source": "action wait"}
{"timestamp": 1706067961.59272, "objects": [{"color": "cv_", "id_name": "hand", "shape": "CVCylinder", "id_string": "ob383", "world_size": [0.12, 0.005, 0.12], "id": 383, "camera_size": [48, 13], "camera_position": [246, 505], "world_position": [0.022874972482614178, 0.665397522387189, -0.1741101487310128], "world_orientation": [-3.900486320522855e-05, 0.006205439386964296, 0.9999807453149463, -0.0007626837299096987, -0.9999804554225443, 0.0062054078390728525, 0.9999997083960319, -0.0007624270035911537, 4.373688852940352e-05], "world_rotation": [0.0, 1.0, 0.0, 0.0]}, {"color": "CVPurple", "id_name": "object97311319865514", "shape": "CVBox", "id_string": "ob667", "world_size": [0.09, 0.09, 0.09], "id": 667, "camera_size": [37, 37], "camera_position": [256, 254], "world_position": [0.705, 0.6448569696296074, -0.15], "world_orientation": [1.0, -4.331917303826236e-17, -1.1712398707441946e-17, 4.331917303826236e-17, 1.0, -5.775889738434995e-17, 1.1712398707441946e-17, 5.775889738434995e-17, 1.0], "world_rotation": [-0.7896765794068324, 0.16013129347666225, -0.5922574345551229, -7.314247236221149e-17]}], "source": "action wait"}
{"timestamp": 1706067961.629694, "objects": [{"color": "cv_", "id_name": "hand", "shape": "CVCylinder", "id_string": "ob383", "world_size": [0.12, 0.005, 0.12], "id": 383, "camera_size": [48, 11], "camera_position": [246, 506], "world_position": [0.016895382694920864, 0.6650251194581992, -0.17410995863526824], "world_orientation": [-2.748856537059917e-05, 0.003940829869840234, 0.9999922345220067, -0.0007624362745044656, -0.9999919443300853, 0.003940807767792489, 0.9999997089676107, -0.0007623220266707828, 3.0492975576572684e-05], "world_rotation": [0.0, 1.0, 0.0, 0.0]}, {"color": "CVPurple", "id_name": "object97311319865514", "shape": "CVBox", "id_string": "ob667", "world_size": [0.09, 0.09, 0.09], "id": 667, "camera_size": [37, 37], "camera_position": [256, 254], "world_position": [0.705, 0.6448569696296074, -0.15], "world_orientation": [1.0, -4.331917303826236e-17, -1.1712398707441946e-17, 4.331917303826236e-17, 1.0, -5.775889738434995e-17, 1.1712398707441946e-17, 5.775889738434995e-17, 1.0], "world_rotation": [-0.7896765794068324, 0.16013129347666225, -0.5922574345551229, -7.314247236221149e-17]}], "source": "action wait"}
{"timestamp": 1706067961.667057, "objects": [{"color": "cv_", "id_name": "hand", "shape": "CVCylinder", "id_string": "ob383", "world_size": [0.12, 0.005, 0.12], "id": 383, "camera_size": [48, 10], "camera_position": [246, 506], "world_position": [0.012679099104622284, 0.6647359236338682, -0.17410963711994712], "world_orientation": [-1.9760217294724122e-05, 0.002340141136700124, 0.9999972616707479, -0.0007623793452292251, -0.9999969712908545, 0.002340125392345888, 0.9999997091935916, -0.0007623310161976762, 2.1544232714679825e-05], "world_rotation": [0.0, 1.0, 0.0, 0.0]}, {"color": "CVPurple", "id_name": "object97311319865514", "shape": "CVBox", "id_string": "ob667", "world_size": [0.09, 0.09, 0.09], "id": 667, "camera_size": [37, 37], "camera_position": [256, 254], "world_position": [0.705, 0.6448569696296074, -0.15], "world_orientation": [1.0, -4.331917303826236e-17, -1.1712398707441946e-17, 4.331917303826236e-17, 1.0, -5.775889738434995e-17, 1.1712398707441946e-17, 5.775889738434995e-17, 1.0], "world_rotation": [-0.7896765794068324, 0.16013129347666225, -0.5922574345551229, -7.314247236221149e-17]}], "source": "action wait"}
{"timestamp": 1706067961.701473, "objects": [{"color": "cv_", "id_name": "hand", "shape": "CVCylinder", "id_string": "ob383", "world_size": [0.12, 0.005, 0.12], "id": 383, "camera_size": [48, 9], "camera_position": [246, 507], "world_position": [0.00970712210017494, 0.6645208339154406, -0.17410930828487892], "world_orientation": [-1.4564802902727993e-05, 0.0012088169664286783, 0.9999992692744373, -0.0007624243772979584, -0.9999989787486316, 0.0012088055106672794, 0.9999997092484255, -0.0007624062141613422, 1.548641955166425e-05], "world_rotation": [0.0, 1.0, 0.0, 0.0]}, {"color": "CVPurple", "id_name": "object97311319865514", "shape": "CVBox", "id_string": "ob667", "world_size": [0.09, 0.09, 0.09], "id": 667, "camera_size": [37, 37], "camera_position": [256, 254], "world_position": [0.705, 0.6448569696296074, -0.15], "world_orientation": [1.0, -4.331917303826236e-17, -1.1712398707441946e-17, 4.331917303826236e-17, 1.0, -5.775889738434995e-17, 1.1712398707441946e-17, 5.775889738434995e-17, 1.0], "world_rotation": [-0.7896765794068324, 0.16013129347666225, -0.5922574345551229, -7.314247236221149e-17]}], "source": "action wait"}
{"timestamp": 1706067961.729993, "objects": [{"color": "cv_", "id_name": "hand", "shape": "CVCylinder", "id_string": "ob383", "world_size": [0.12, 0.005, 0.12], "id": 383, "camera_size": [48, 8], "camera_position": [246, 507], "world_position": [0.007612580840467338, 0.6643649373345201, -0.17410901981125262], "world_orientation": [-1.1082627059896991e-05, 0.000409281060078704, 0.9999999161830913, -0.000762515247015894, -0.9999996255331933, 0.00040927249044866976, 0.9999997092237944, -0.0007625106472901958, 1.1394705958810483e-05], "world_rotation": [0.0, 1.0, 0.0, 0.0]}, {"color": "CVPurple", "id_name": "object97311319865514", "shape": "CVBox", "id_string": "ob667", "world_size": [0.09, 0.09, 0.09], "id": 667, "camera_size": [37, 37], "camera_position": [256, 254], "world_position": [0.705, 0.6448569696296074, -0.15], "world_orientation": [1.0, -4.331917303826236e-17, -1.1712398707441946e-17, 4.331917303826236e-17, 1.0, -5.775889738434995e-17, 1.1712398707441946e-17, 5.775889738434995e-17, 1.0], "world_rotation": [-0.7896765794068324, 0.16013129347666225, -0.5922574345551229, -7.314247236221149e-17]}], "source": "action wait"}
{"timestamp": 1706067961.762415, "objects": [{"color": "cv_", "id_name": "hand", "shape": "CVCylinder", "id_string": "ob383", "world_size": [0.12, 0.005, 0.12], "id": 383, "camera_size": [48, 7], "camera_position": [246, 508], "world_position": [0.006136525141394059, 0.6642537524238752, -0.17410878447218878], "world_orientation": [-8.746781009808605e-06, -0.00015573770452051623, 0.9999999878346306, -0.0007626192034355707, -0.9999996970777812, -0.00015574432970158331, 0.9999997091676799, -0.0007626205564199725, 8.628009796411728e-06], "world_rotation": [0.0, 1.0, 0.0, 0.0]}, {"color": "CVPurple", "id_name": "object97311319865514", "shape": "CVBox", "id_string": "ob667", "world_size": [0.09, 0.09, 0.09], "id": 667, "camera_size": [37, 37], "camera_position": [256, 254], "world_position": [0.705, 0.6448569696296074, -0.15], "world_orientation": [1.0, -4.331917303826236e-17, -1.1712398707441946e-17, 4.331917303826236e-17, 1.0, -5.775889738434995e-17, 1.1712398707441946e-17, 5.775889738434995e-17, 1.0], "world_rotation": [-0.7896765794068324, 0.16013129347666225, -0.5922574345551229, -7.314247236221149e-17]}], "source": "action wait"}
{"timestamp": 1706067961.791879, "objects": [{"color": "cv_", "id_name": "hand", "shape": "CVCylinder", "id_string": "ob383", "world_size": [0.12, 0.005, 0.12], "id": 383, "camera_size": [48, 7], "camera_position": [246, 508], "world_position": [0.005096335249837151, 0.6641752664429996, -0.1741086002071191], "world_orientation": [-7.180814422508859e-06, -0.0005550056876820979, 0.9999998459585494, -0.0007627189174605971, -0.9999995551112207, -0.0005550110032036279, 0.9999997091041022, -0.0007627227854016848, 6.757497890915447e-06], "world_rotation": [0.0, 1.0, 0.0, 0.0]}, {"color": "CVPurple", "id_name": "object97311319865514", "shape": "CVBox", "id_string": "ob667", "world_size": [0.09, 0.09, 0.09], "id": 667, "camera_size": [37, 37], "camera_position": [256, 254], "world_position": [0.705, 0.6448569696296074, -0.15], "world_orientation": [1.0, -4.331917303826236e-17, -1.1712398707441946e-17, 4.331917303826236e-17, 1.0, -5.775889738434995e-17, 1.1712398707441946e-17, 5.775889738434995e-17, 1.0], "world_rotation": [-0.7896765794068324, 0.16013129347666225, -0.5922574345551229, -7.314247236221149e-17]}], "source": "action wait"}
{"timestamp": 1706067961.827906, "objects": [{"color": "cv_", "id_name": "hand", "shape": "CVCylinder", "id_string": "ob383", "world_size": [0.12, 0.005, 0.12], "id": 383, "camera_size": [48, 7], "camera_position": [246, 508], "world_position": [0.004363284586493574, 0.6641202237309165, -0.17410845959319335], "world_orientation": [-6.131831859941818e-06, -0.0008371330206409523, 0.9999996495852917, -0.0007628064913298674, -0.999999358663364, -0.0008371374545026939, 0.9999997090442865, -0.0007628113572177665, 5.493257425485597e-06], "world_rotation": [0.0, 1.0, 0.0, 0.0]}, {"color": "CVPurple", "id_name": "object97311319865514", "shape": "CVBox", "id_string": "ob667", "world_size": [0.09, 0.09, 0.09], "id": 667, "camera_size": [37, 37], "camera_position": [256, 254], "world_position": [0.705, 0.6448569696296074, -0.15], "world_orientation": [1.0, -4.331917303826236e-17, -1.1712398707441946e-17, 4.331917303826236e-17, 1.0, -5.775889738434995e-17, 1.1712398707441946e-17, 5.775889738434995e-17, 1.0], "world_rotation": [-0.7896765794068324, 0.16013129347666225, -0.5922574345551229, -7.314247236221149e-17]}], "source": "action wait"}
{"timestamp": 1706067961.859299, "objects": [{"color": "cv_", "id_name": "hand", "shape": "CVCylinder", "id_string": "ob383", "world_size": [0.12, 0.005, 0.12], "id": 383, "camera_size": [48, 7], "camera_position": [246, 508], "world_position": [0.0038466590969305904, 0.6640817785532217, -0.17410835412042133], "world_orientation": [-5.429971508890997e-06, -0.0010364787633047913, 0.9999994628410002, -0.0007628794188707491, -0.9999991718590588, -0.0010364826041231968, 0.9999997089927116, -0.0007628846371546079, 4.639258695851138e-06], "world_rotation": [0.0, 1.0, 0.0, 0.0]}, {"color": "CVPurple", "id_name": "object97311319865514", "shape": "CVBox", "id_string": "ob667", "world_size": [0.09, 0.09, 0.09], "id": 667, "camera_size": [37, 37], "camera_position": [256, 254], "world_position": [0.705, 0.6448569696296074, -0.15], "world_orientation": [1.0, -4.331917303826236e-17, -1.1712398707441946e-17, 4.331917303826236e-17, 1.0, -5.775889738434995e-17, 1.1712398707441946e-17, 5.775889738434995e-17, 1.0], "world_rotation": [-0.7896765794068324, 0.16013129347666225, -0.5922574345551229, -7.314247236221149e-17]}], "source": "action wait"}
{"timestamp": 1706067961.894341, "objects": [{"color": "cv_", "id_name": "hand", "shape": "CVCylinder", "id_string": "ob383", "world_size": [0.12, 0.005, 0.12], "id": 383, "camera_size": [48, 7], "camera_position": [246, 508], "world_position": [0.0034825403234531576, 0.6640549904913513, -0.1741082759585278], "world_orientation": [-4.961059677028222e-06, -0.0011773271001233956, 0.9999993069379035, -0.000762938028306511, -0.9999990159086951, -0.0011773305424699362, 0.9999997089504342, -0.0007629433403505531, 4.062827178816264e-06], "world_rotation": [0.0, 1.0, 0.0, 0.0]}, {"color": "CVPurple", "id_name": "object97311319865514", "shape": "CVBox", "id_string": "ob667", "world_size": [0.09, 0.09, 0.09], "id": 667, "camera_size": [37, 37], "camera_position": [256, 254], "world_position": [0.705, 0.6448569696296074, -0.15], "world_orientation": [1.0, -4.331917303826236e-17, -1.1712398707441946e-17, 4.331917303826236e-17, 1.0, -5.775889738434995e-17, 1.1712398707441946e-17, 5.775889738434995e-17, 1.0], "world_rotation": [-0.7896765794068324, 0.16013129347666225, -0.5922574345551229, -7.314247236221149e-17]}], "source": "action wait"}
{"timestamp": 1706067961.924137, "objects": [{"color": "cv_", "id_name": "hand", "shape": "CVCylinder", "id_string": "ob383", "world_size": [0.12, 0.005, 0.12], "id": 383, "camera_size": [48, 7], "camera_position": [246, 508], "world_position": [0.0032258922311795713, 0.664036348585038, -0.1741082185463062], "world_orientation": [-4.648316122313882e-06, -0.0012768403879855166, 0.9999991848281762, -0.0007629839519555535, -0.9999988937623906, -0.0012768435629337696, 0.9999997089168989, -0.000762989265165399, 3.6741022552940068e-06], "world_rotation": [0.0, 1.0, 0.0, 0.0]}, {"color": "CVPurple", "id_name": "object97311319865514", "shape": "CVBox", "id_string": "ob667", "world_size": [0.09, 0.09, 0.09], "id": 667, "camera_size": [37, 37], "camera_position": [256, 254], "world_position": [0.705, 0.6448569696296074, -0.15], "world_orientation": [1.0, -4.331917303826236e-17, -1.1712398707441946e-17, 4.331917303826236e-17, 1.0, -5.775889738434995e-17, 1.1712398707441946e-17, 5.775889738434995e-17, 1.0], "world_rotation": [-0.7896765794068324, 0.16013129347666225, -0.5922574345551229, -7.314247236221149e-17]}], "source": "action wait"}
{"timestamp": 1706067963.735855, "objects": [{"color": "CVPurple", "id_name": "object97311319865514", "shape": "CVBox", "id_string": "ob667", "world_size": [0.09, 0.09, 0.09], "id": 667, "camera_size": [37, 37], "camera_position": [256, 254], "world_position": [0.705, 0.6448569696296074, -0.15], "world_orientation": [1.0, -4.331917303826236e-17, -1.1712398707441946e-17, 4.331917303826236e-17, 1.0, -5.775889738434995e-17, 1.1712398707441946e-17, 5.775889738434995e-17, 1.0], "world_rotation": [-0.7896765794068324, 0.16013129347666225, -0.5922574345551229, -7.314247236221149e-17]}], "source": "action wait"}
{"timestamp": 1706067963.772985, "objects": [{"color": "cv_", "id_name": "hand", "shape": "CVCylinder", "id_string": "ob383", "world_size": [0.12, 0.005, 0.12], "id": 383, "camera_size": [51, 11], "camera_position": [246, 506], "world_position": [0.03544133384860389, 0.7201667847495983, -0.17412270122651044], "world_orientation": [0.00015843990108884175, 0.19403518921547974, 0.9809945566836296, -0.0007077674659036916, -0.9809943015306566, 0.19403525305880265, 0.9999997369809714, -0.0007250589577519587, -1.8096845935623526e-05], "world_rotation": [0.0, 1.0, 0.0, 0.0]}, {"color": "CVPurple", "id_name": "object97311319865514", "shape": "CVBox", "id_string": "ob667", "world_size": [0.09, 0.09, 0.09], "id": 667, "camera_size": [37, 37], "camera_position": [256, 254], "world_position": [0.705, 0.6448569696296074, -0.15], "world_orientation": [1.0, -4.331917303826236e-17, -1.1712398707441946e-17, 4.331917303826236e-17, 1.0, -5.775889738434995e-17, 1.1712398707441946e-17, 5.775889738434995e-17, 1.0], "world_rotation": [-0.7896765794068324, 0.16013129347666225, -0.5922574345551229, -7.314247236221149e-17]}], "source": "action wait"}
{"timestamp": 1706067963.802929, "objects": [{"color": "cv_", "id_name": "hand", "shape": "CVCylinder", "id_string": "ob383", "world_size": [0.12, 0.005, 0.12], "id": 383, "camera_size": [52, 21], "camera_position": [245, 501], "world_position": [0.08355536012814455, 0.7737407127127934, -0.17412462026888167], "world_orientation": [0.0002584651420919036, 0.29908416732718895, 0.9542266995059259, -0.0007062048252641293, -0.9542264388389502, 0.299084276911175, 0.9999997172352176, -0.0007511823597164892, -3.541958997533921e-05], "world_rotation": [0.0, 1.0, 0.0, 0.0]}, {"color": "CVPurple", "id_name": "object97311319865514", "shape": "CVBox", "id_string": "ob667", "world_size": [0.09, 0.09, 0.09], "id": 667, "camera_size": [37, 37], "camera_position": [256, 254], "world_position": [0.705, 0.6448569696296074, -0.15], "world_orientation": [1.0, -4.331917303826236e-17, -1.1712398707441946e-17, 4.331917303826236e-17, 1.0, -5.775889738434995e-17, 1.1712398707441946e-17, 5.775889738434995e-17, 1.0], "world_rotation": [-0.7896765794068324, 0.16013129347666225, -0.5922574345551229, -7.314247236221149e-17]}], "source": "action wait"}
{"timestamp": 1706067963.834299, "objects": [{"color": "cv_", "id_name": "hand", "shape": "CVCylinder", "id_string": "ob383", "world_size": [0.12, 0.005, 0.12], "id": 383, "camera_size": [54, 38], "camera_position": [245, 492], "world_position": [0.1399183007531352, 0.8061521161226769, -0.17412046943954304], "world_orientation": [0.00029086946164117464, 0.340272185547898, 0.9403269405570666, -0.0007117490281474959, -0.9403266717114441, 0.34027230842576583, 0.999999704404095, -0.0007682516092458222, -3.1323915397738274e-05], "world_rotation": [0.0, 1.0, 0.0, 0.0]}, {"color": "CVPurple", "id_name": "object97311319865514", "shape": "CVBox", "id_string": "ob667", "world_size": [0.09, 0.09, 0.09], "id": 667, "camera_size": [37, 37], "camera_position": [256, 254], "world_position": [0.705, 0.6448569696296074, -0.15], "world_orientation": [1.0, -4.331917303826236e-17, -1.1712398707441946e-17, 4.331917303826236e-17, 1.0, -5.775889738434995e-17, 1.1712398707441946e-17, 5.775889738434995e-17, 1.0], "world_rotation": [-0.7896765794068324, 0.16013129347666225, -0.5922574345551229, -7.314247236221149e-17]}], "source": "action wait"}
{"timestamp": 1706067963.861605, "objects": [{"color": "cv_", "id_name": "hand", "shape": "CVCylinder", "id_string": "ob383", "world_size": [0.12, 0.005, 0.12], "id": 383, "camera_size": [55, 59], "camera_position": [245, 480], "world_position": [0.2008535853716814, 0.8206659707803132, -0.17411715231580288], "world_orientation": [0.0002895885905616319, 0.3413047073220229, 0.939952665243456, -0.0007211885214943218, -0.9399523889347946, 0.34130482918190486, 0.9999996980127369, -0.0007767210573564559, -2.6054450253577218e-05], "world_rotation": [0.0, 1.0, 0.0, 0.0]}, {"color": "CVPurple", "id_name": "object97311319865514", "shape": "CVBox", "id_string": "ob667", "world_size": [0.09, 0.09, 0.09], "id": 667, "camera_size": [37, 37], "camera_position": [256, 254], "world_position": [0.705, 0.6448569696296074, -0.15], "world_orientation": [1.0, -4.331917303826236e-17, -1.1712398707441946e-17, 4.331917303826236e-17, 1.0, -5.775889738434995e-17, 1.1712398707441946e-17, 5.775889738434995e-17, 1.0], "world_rotation": [-0.7896765794068324, 0.16013129347666225, -0.5922574345551229, -7.314247236221149e-17]}], "source": "action wait"}
{"timestamp": 1706067963.931752, "objects": [{"color": "cv_", "id_name": "hand", "shape": "CVCylinder", "id_string": "ob383", "world_size": [0.12, 0.005, 0.12], "id": 383, "camera_size": [54, 57], "camera_position": [245, 421], "world_position": [0.3286827004952847, 0.8065167881331072, -0.1741120699017856], "world_orientation": [0.00022316488179220152, 0.2663463686812503, 0.9638773584267591, -0.0007487974012330177, -0.9638770676987606, 0.2663464617127302, 0.9999996947498971, -0.0007811880377414787, -1.5664043178388797e-05], "world_rotation": [0.0, 1.0, 0.0, 0.0]}, {"color": "CVPurple", "id_name": "object97311319865514", "shape": "CVBox", "id_string": "ob667", "world_size": [0.09, 0.09, 0.09], "id": 667, "camera_size": [37, 37], "camera_position": [256, 254], "world_position": [0.705, 0.6448569696296074, -0.15], "world_orientation": [1.0, -4.331917303826236e-17, -1.1712398707441946e-17, 4.331917303826236e-17, 1.0, -5.775889738434995e-17, 1.1712398707441946e-17, 5.775889738434995e-17, 1.0], "world_rotation": [-0.7896765794068324, 0.16013129347666225, -0.5922574345551229, -7.314247236221149e-17]}], "source": "action wait"}
{"timestamp": 1706067963.968349, "objects": [{"color": "cv_", "id_name": "hand", "shape": "CVCylinder", "id_string": "ob383", "world_size": [0.12, 0.005, 0.12], "id": 383, "camera_size": [53, 54], "camera_position": [245, 390], "world_position": [0.3917730797042011, 0.781835221889528, -0.17410981091351396], "world_orientation": [0.0001693630050901959, 0.2033848524668338, 0.9790988576763925, -0.0007623278928695939, -0.9790985609608193, 0.20338492269742328, 0.9999996950861316, -0.0007808402507818185, -1.0777128540745261e-05], "world_rotation": [0.0, 1.0, 0.0, 0.0]}, {"color": "CVPurple", "id_name": "object97311319865514", "shape": "CVBox", "id_string": "ob667", "world_size": [0.09, 0.09, 0.09], "id": 667, "camera_size": [37, 37], "camera_position": [256, 254], "world_position": [0.705, 0.6448569696296074, -0.15], "world_orientation": [1.0, -4.331917303826236e-17, -1.1712398707441946e-17, 4.331917303826236e-17, 1.0, -5.775889738434995e-17, 1.1712398707441946e-17, 5.775889738434995e-17, 1.0], "world_rotation": [-0.7896765794068324, 0.16013129347666225, -0.5922574345551229, -7.314247236221149e-17]}], "source": "action wait"}
{"timestamp": 1706067964.005746, "objects": [{"color": "cv_", "id_name": "hand", "shape": "CVCylinder", "id_string": "ob383", "world_size": [0.12, 0.005, 0.12], "id": 383, "camera_size": [52, 52], "camera_position": [245, 365], "world_position": [0.44402017011839856, 0.7535353460808731, -0.17410318246726517], "world_orientation": [0.0001072222125930234, 0.1434677520874027, 0.9896549866566553, -0.0007677343675757536, -0.9896546888761675, 0.1434677920975892, 0.9999996995436239, -0.0007751750794038927, 4.032158472386954e-06], "world_rotation": [0.0, 1.0, 0.0, 0.0]}, {"color": "CVPurple", "id_name": "object97311319865514", "shape": "CVBox", "id_string": "ob667", "world_size": [0.09, 0.09, 0.09], "id": 667, "camera_size": [37, 37], "camera_position": [256, 254], "world_position": [0.705, 0.6448569696296074, -0.15], "world_orientation": [1.0, -4.331917303826236e-17, -1.1712398707441946e-17, 4.331917303826236e-17, 1.0, -5.775889738434995e-17, 1.1712398707441946e-17, 5.775889738434995e-17, 1.0], "world_rotation": [-0.7896765794068324, 0.16013129347666225, -0.5922574345551229, -7.314247236221149e-17]}], "source": "action wait"}
{"timestamp": 1706067964.039649, "objects": [{"color": "cv_", "id_name": "hand", "shape": "CVCylinder", "id_string": "ob383", "world_size": [0.12, 0.005, 0.12], "id": 383, "camera_size": [51, 51], "camera_position": [246, 349], "world_position": [0.47949201533163144, 0.730280447000077, -0.17409840816455618], "world_orientation": [6.306279341013945e-05, 0.10084438150939878, 0.9949022096372443, -0.0007666407655164922, -0.9949019143690979, 0.10084440017492684, 0.9999997041424666, -0.0007690921211854737, 1.4570119949591127e-05], "world_rotation": [0.0, 1.0, 0.0, 0.0]}, {"color": "CVPurple", "id_name": "object97311319865514", "shape": "CVBox", "id_string": "ob667", "world_size": [0.09, 0.09, 0.09], "id": 667, "camera_size": [37, 37], "camera_position": [256, 254], "world_position": [0.705, 0.6448569696296074, -0.15], "world_orientation": [1.0, -4.331917303826236e-17, -1.1712398707441946e-17, 4.331917303826236e-17, 1.0, -5.775889738434995e-17, 1.1712398707441946e-17, 5.775889738434995e-17, 1.0], "world_rotation": [-0.7896765794068324, 0.16013129347666225, -0.5922574345551229, -7.314247236221149e-17]}], "source": "action wait"}
{"timestamp": 1706067964.073283, "objects": [{"color": "cv_", "id_name": "hand", "shape": "CVCylinder", "id_string": "ob383", "world_size": [0.12, 0.005, 0.12], "id": 383, "camera_size": [50, 51], "camera_position": [245, 338], "world_position": [0.5036422697506837, 0.7123299559893064, -0.17409668092338074], "world_orientation": [3.563809454757428e-05, 0.07067658583129144, 0.9974992826790195, -0.0007644590875304217, -0.9974989899187803, 0.07067659240029017, 0.999999707166072, -0.0007650661705316536, 1.8480395000908277e-05], "world_rotation": [0.0, 1.0, 0.0, 0.0]}, {"color": "CVPurple", "id_name": "object97311319865514", "shape": "CVBox", "id_string": "ob667", "world_size": [0.09, 0.09, 0.09], "id": 667, "camera_size": [37, 37], "camera_position": [256, 254], "world_position": [0.705, 0.6448569696296074, -0.15], "world_orientation": [1.0, -4.331917303826236e-17, -1.1712398707441946e-17, 4.331917303826236e-17, 1.0, -5.775889738434995e-17, 1.1712398707441946e-17, 5.775889738434995e-17, 1.0], "world_rotation": [-0.7896765794068324, 0.16013129347666225, -0.5922574345551229, -7.314247236221149e-17]}], "source": "action wait"}
{"timestamp": 1706067964.103119, "objects": [{"color": "cv_", "id_name": "hand", "shape": "CVCylinder", "id_string": "ob383", "world_size": [0.12, 0.005, 0.12], "id": 383, "camera_size": [49, 50], "camera_position": [246, 330], "world_position": [0.5202008135714543, 0.6989463353938712, -0.17409659431870753], "world_orientation": [1.8770832977564845e-05, 0.049366758757734705, 0.9987807180644868, -0.0007627106960405796, -0.9987804270244737, 0.0493667587066858, 0.9999997089599827, -0.0007627073918495384, 1.8904614356823915e-05], "world_rotation": [0.0, 1.0, 0.0, 0.0]}, {"color": "CVPurple", "id_name": "object97311319865514", "shape": "CVBox", "id_string": "ob667", "world_size": [0.09, 0.09, 0.09], "id": 667, "camera_size": [37, 37], "camera_position": [256, 254], "world_position": [0.705, 0.6448569696296074, -0.15], "world_orientation": [1.0, -4.331917303826236e-17, -1.1712398707441946e-17, 4.331917303826236e-17, 1.0, -5.775889738434995e-17, 1.1712398707441946e-17, 5.775889738434995e-17, 1.0], "world_rotation": [-0.7896765794068324, 0.16013129347666225, -0.5922574345551229, -7.314247236221149e-17]}], "source": "action wait"}
{"timestamp": 1706067964.133211, "objects": [{"color": "cv_", "id_name": "hand", "shape": "CVCylinder", "id_string": "ob383", "world_size": [0.12, 0.005, 0.12], "id": 383, "camera_size": [49, 49], "camera_position": [246, 325], "world_position": [0.5316284767870469, 0.6891730904790889, -0.17409730882895022], "world_orientation": [8.51955523226962e-06, 0.0343285184074003, 0.9994106026810853, -0.0007616706312810758, -0.999410312594444, 0.034328514936205104, 0.9999997098925912, -0.0007615141683325049, 1.763249292883685e-05], "world_rotation": [0.0, 1.0, 0.0, 0.0]}, {"color": "CVPurple", "id_name": "object97311319865514", "shape": "CVBox", "id_string": "ob667", "world_size": [0.09, 0.09, 0.09], "id": 667, "camera_size": [37, 37], "camera_position": [256, 254], "world_position": [0.705, 0.6448569696296074, -0.15], "world_orientation": [1.0, -4.331917303826236e-17, -1.1712398707441946e-17, 4.331917303826236e-17, 1.0, -5.775889738434995e-17, 1.1712398707441946e-17, 5.775889738434995e-17, 1.0], "world_rotation": [-0.7896765794068324, 0.16013129347666225, -0.5922574345551229, -7.314247236221149e-17]}], "source": "action wait"}
{"timestamp": 1706067964.166266, "objects": [{"color": "cv_", "id_name": "hand", "shape": "CVCylinder", "id_string": "ob383", "world_size": [0.12, 0.005, 0.12], "id": 383, "camera_size": [49, 50], "camera_position": [246, 321], "world_position": [0.5395582062527184, 0.6821287932945198, -0.17409834384437695], "world_orientation": [2.380910069893674e-06, 0.023721036619732443, 0.9997186166197051, -0.0007612160436341465, -0.9997183269360961, 0.02372103155910024, 0.9999997102721913, -0.000761058327733919, 1.5676594215286917e-05], "world_rotation": [0.0, 1.0, 0.0, 0.0]}, {"color": "CVPurple", "id_name": "object97311319865514", "shape": "CVBox", "id_string": "ob667", "world_size": [0.09, 0.09, 0.09], "id": 667, "camera_size": [37, 37], "camera_position": [256, 254], "world_position": [0.705, 0.6448569696296074, -0.15], "world_orientation": [1.0, -4.331917303826236e-17, -1.1712398707441946e-17, 4.331917303826236e-17, 1.0, -5.775889738434995e-17, 1.1712398707441946e-17, 5.775889738434995e-17, 1.0], "world_rotation": [-0.7896765794068324, 0.16013129347666225, -0.5922574345551229, -7.314247236221149e-17]}], "source": "action wait"}
{"timestamp": 1706067964.197959, "objects": [{"color": "cv_", "id_name": "hand", "shape": "CVCylinder", "id_string": "ob383", "world_size": [0.12, 0.005, 0.12], "id": 383, "camera_size": [49, 49], "camera_position": [246, 319], "world_position": [0.5450843778271223, 0.6770939933623971, -0.1740994377085767], "world_orientation": [-1.1937630651327716e-06, 0.01624048902425254, 0.9998681145605296, -0.000761147186072844, -0.9998678249416408, 0.016240483411330886, 0.9999997103267262, -0.0007610274145528213, 1.3555007801056567e-05], "world_rotation": [0.0, 1.0, 0.0, 0.0]}, {"color": "CVPurple", "id_name": "object97311319865514", "shape": "CVBox", "id_string": "ob667", "world_size": [0.09, 0.09, 0.09], "id": 667, "camera_size": [37, 37], "camera_position": [256, 254], "world_position": [0.705, 0.6448569696296074, -0.15], "world_orientation": [1.0, -4.331917303826236e-17, -1.1712398707441946e-17, 4.331917303826236e-17, 1.0, -5.775889738434995e-17, 1.1712398707441946e-17, 5.775889738434995e-17, 1.0], "world_rotation": [-0.7896765794068324, 0.16013129347666225, -0.5922574345551229, -7.314247236221149e-17]}], "source": "action wait"}
