{"timestamp": 1706067195.523973, "objects": [{"color": "cv_", "id_name": "hand", "shape": "CVCylinder", "id_string": "ob383", "world_size": [0.12, 0.005, 0.12], "id": 383, "camera_size": [48, 50], "camera_position": [246, 426], "world_position": [0.2676445155401389, 0.6334703013847386, -0.17389260400847495], "world_orientation": [-0.0006415490613862689, 0.1979154748664106, 0.9802188802625691, -0.0007473671031663487, -0.9802189031249681, 0.19791499033397575, 0.9999995149284898, -0.0006056111687280465, 0.0007767740323760325], "world_rotation": [0.0, 1.0, 0.0, 0.0]}, {"color": "CVBlue", "id_name": "object54639229324707", "shape": "CVCylinder", "id_string": "ob443", "world_size": [0.09, 0.09, 0.09], "id": 443, "camera_size": [37, 37], "camera_position": [256, 254], "world_position": [0.705, 0.644856964849591, -0.15], "world_orientation": [1.0, -3.248937977869676e-17, -1.2807790779525605e-17, 3.248937977869676e-17, 1.0, -6.497875955739369e-17, 1.2807790779525605e-17, 6.497875955739369e-17, 1.0], "world_rotation": [-0.8808431718627018, 0.17362065899128884, -0.4404215859313497, -7.376881791566185e-17]}], "source": "manual check"}
{"timestamp": 1706067196.540384, "objects": [{"color": "cv_", "id_name": "hand", "shape": "CVCylinder", "id_string": "ob383", "world_size": [0.12, 0.005, 0.12], "id": 383, "camera_size": [48, 50], "camera_position": [246, 426], "world_position": [0.2676445155401389, 0.6334703013847386, -0.17389260400847495], "world_orientation": [-0.0006415490613862689, 0.1979154748664106, 0.9802188802625691, -0.0007473671031663487, -0.9802189031249681, 0.19791499033397575, 0.9999995149284898, -0.0006056111687280465, 0.0007767740323760325], "world_rotation": [0.0, 1.0, 0.0, 0.0]}, {"color": "CVBlue", "id_name": "object54639229324707", "shape": "CVCylinder", "id_string": "ob443", "world_size": [0.09, 0.09, 0.09], "id": 443, "camera_size": [37, 37], "camera_position": [256, 254], "world_position": [0.705, 0.6448569696296074, -0.15], "world_orientation": [1.0, -4.331917303826236e-17, -1.1712398707441946e-17, 4.331917303826236e-17, 1.0, -5.775889738434995e-17, 1.1712398707441946e-17, 5.775889738434995e-17, 1.0], "world_rotation": [-0.7896765794068324, 0.16013129347666225, -0.5922574345551229, -7.314247236221149e-17]}], "source": "manual check"}
{"timestamp": 1706067197.758443, "objects": [{"color": "cv_", "id_name": "hand", "shape": "CVCylinder", "id_string": "ob383", "world_size": [0.12, 0.005, 0.12], "id": 383, "camera_size": [48, 50], "camera_position": [246, 426], "world_position": [0.2676445155401389, 0.6334703013847386, -0.17389260400847495], "world_orientation": [-0.0006415490613862689, 0.1979154748664106, 0.9802188802625691, -0.0007473671031663487, -0.9802189031249681, 0.19791499033397575, 0.9999995149284898, -0.0006056111687280465, 0.0007767740323760325], "world_rotation": [0.0, 1.0, 0.0, 0.0]}, {"color": "CVBlue", "id_name": "object54639229324707", "shape": "CVCylinder", "id_string": "ob443", "world_size": [0.09, 0.09, 0.09], "id": 443, "camera_size": [37, 37], "camera_position": [256, 254], "world_position": [0.705, 0.6448569696296074, -0.15], "world_orientation": [1.0, -4.331917303826236e-17, -1.1712398707441946e-17, 4.331917303826236e-17, 1.0, -5.775889738434995e-17, 1.1712398707441946e-17, 5.775889738434995e-17, 1.0], "world_rotation": [-0.7896765794068324, 0.16013129347666225, -0.5922574345551229, -7.314247236221149e-17]}], "source": "action wait"}
{"timestamp": 1706067197.791738, "objects": [{"color": "cv_", "id_name": "hand", "shape": "CVCylinder", "id_string": "ob383", "world_size": [0.12, 0.005, 0.12], "id": 383, "camera_size": [48, 50], "camera_position": [246, 444], "world_position": [0.22509914325430813, 0.6416776071804823, -0.17397246912579203], "world_orientation": [-0.0005244055591725133, 0.08775991329546347, 0.9961415173644668, -0.0007630982958225918, -0.9961413994174705, 0.08775950118132173, 0.9999995713398083, -0.0007141323240095999, 0.0005893515278541101], "world_rotation": [0.0, 1.0, 0.0, 0.0]}, {"color": "CVBlue", "id_name": "object54639229324707", "shape": "CVCylinder", "id_string": "ob443", "world_size": [0.09, 0.09, 0.09], "id": 443, "camera_size": [37, 37], "camera_position": [256, 254], "world_position": [0.705, 0.6448569696296074, -0.15], "world_orientation": [1.0, -4.331917303826236e-17, -1.1712398707441946e-17, 4.331917303826236e-17, 1.0, -5.775889738434995e-17, 1.1712398707441946e-17, 5.775889738434995e-17, 1.0], "world_rotation": [-0.7896765794068324, 0.16013129347666225, -0.5922574345551229, -7.314247236221149e-17]}], "source": "action wait"}
{"timestamp": 1706067197.81958, "objects": [{"color": "cv_", "id_name": "hand", "shape": "CVCylinder", "id_string": "ob383", "world_size": [0.12, 0.005, 0.12], "id": 383, "camera_size": [48, 50], "camera_position": [246, 470], "world_position": [0.16386702283028667, 0.657111675312366, -0.1740383975564603], "world_orientation": [-0.0003799549856909042, 0.06032424782960418, 0.9981787619249376, -0.000769327840241419, -0.9981785562159525, 0.06032394255443742, 0.9999996318843739, -0.0007450063283568237, 0.0004256720423413225], "world_rotation": [0.0, 1.0, 0.0, 0.0]}, {"color": "CVBlue", "id_name": "object54639229324707", "shape": "CVCylinder", "id_string": "ob443", "world_size": [0.09, 0.09, 0.09], "id": 443, "camera_size": [37, 37], "camera_position": [256, 254], "world_position": [0.705, 0.6448569696296074, -0.15], "world_orientation": [1.0, -4.331917303826236e-17, -1.1712398707441946e-17, 4.331917303826236e-17, 1.0, -5.775889738434995e-17, 1.1712398707441946e-17, 5.775889738434995e-17, 1.0], "world_rotation": [-0.7896765794068324, 0.16013129347666225, -0.5922574345551229, -7.314247236221149e-17]}], "source": "action wait"}
{"timestamp": 1706067197.850037, "objects": [{"color": "cv_", "id_name": "hand", "shape": "CVCylinder", "id_string": "ob383", "world_size": [0.12, 0.005, 0.12], "id": 383, "camera_size": [48, 46], "camera_position": [246, 488], "world_position": [0.11761511848534158, 0.663724637841488, -0.17407773702863547], "world_orientation": [-0.0002583702896871287, 0.04222243044418316, 0.9991082021543911, -0.0007699559376645553, -0.9991079477498933, 0.04222222058171358, 0.9999996702062693, -0.000758360325255535, 0.00029064922091235896], "world_rotation": [0.0, 1.0, 0.0, 0.0]}, {"color": "CVBlue", "id_name": "object54639229324707", "shape": "CVCylinder", "id_string": "ob443", "world_size": [0.09, 0.09, 0.09], "id": 443, "camera_size": [37, 37], "camera_position": [256, 254], "world_position": [0.705, 0.6448569696296074, -0.15], "world_orientation": [1.0, -4.331917303826236e-17, -1.1712398707441946e-17, 4.331917303826236e-17, 1.0, -5.775889738434995e-17, 1.1712398707441946e-17, 5.775889738434995e-17, 1.0], "world_rotation": [-0.7896765794068324, 0.16013129347666225, -0.5922574345551229, -7.314247236221149e-17]}], "source": "action wait"}
{"timestamp": 1706067197.883543, "objects": [{"color": "cv_", "id_name": "hand", "shape": "CVCylinder", "id_string": "ob383", "world_size": [0.12, 0.005, 0.12], "id": 383, "camera_size": [48, 34], "camera_position": [246, 494], "world_position": [0.0841883706030379, 0.6660511563697837, -0.1740965334111636], "world_orientation": [-0.00017551026787740397, 0.02941173389864688, 0.999567365966507, -0.0007680370186156909, -0.9995670905135386, 0.029411590936864924, 0.9999996896575938, -0.0007625427034587778, 0.000198023588233678], "world_rotation": [0.0, 1.0, 0.0, 0.0]}, {"color": "CVBlue", "id_name": "object54639229324707", "shape": "CVCylinder", "id_string": "ob443", "world_size": [0.09, 0.09, 0.09], "id": 443, "camera_size": [37, 37], "camera_position": [256, 254], "world_position": [0.705, 0.6448569696296074, -0.15], "world_orientation": [1.0, -4.331917303826236e-17, -1.1712398707441946e-17, 4.331917303826236e-17, 1.0, -5.775889738434995e-17, 1.1712398707441946e-17, 5.775889738434995e-17, 1.0], "world_rotation": [-0.7896765794068324, 0.16013129347666225, -0.5922574345551229, -7.314247236221149e-17]}], "source": "action wait"}
{"timestamp": 1706067197.916653, "objects": [{"color": "cv_", "id_name": "hand", "shape": "CVCylinder", "id_string": "ob383", "world_size": [0.12, 0.005, 0.12], "id": 383, "camera_size": [48, 26], "camera_position": [246, 498], "world_position": [0.060306829991358925, 0.6665238555952762, -0.17410507867931438], "world_orientation": [-0.00011943525292423994, 0.02034942121929914, 0.9997929219549717, -0.0007659058846882215, -0.9997926377021474, 0.020349323938611098, 0.9999996995616529, -0.0007633168557438599, 0.00013499622801798104], "world_rotation": [0.0, 1.0, 0.0, 0.0]}, {"color": "CVBlue", "id_name": "object54639229324707", "shape": "CVCylinder", "id_string": "ob443", "world_size": [0.09, 0.09, 0.09], "id": 443, "camera_size": [37, 37], "camera_position": [256, 254], "world_position": [0.705, 0.6448569696296074, -0.15], "world_orientation": [1.0, -4.331917303826236e-17, -1.1712398707441946e-17, 4.331917303826236e-17, 1.0, -5.775889738434995e-17, 1.1712398707441946e-17, 5.775889738434995e-17, 1.0], "world_rotation": [-0.7896765794068324, 0.16013129347666225, -0.5922574345551229, -7.314247236221149e-17]}], "source": "action wait"}
{"timestamp": 1706067197.952996, "objects": [{"color": "cv_", "id_name": "hand", "shape": "CVCylinder", "id_string": "ob383", "world_size": [0.12, 0.005, 0.12], "id": 383, "camera_size": [48, 20], "camera_position": [246, 501], "world_position": [0.043349735764466824, 0.66628481928788, -0.17410866232469993], "world_orientation": [-8.160128667071151e-05, 0.013940550555367609, 0.9999028224739859, -0.0007642813487412652, -0.9999025346378149, 0.013940484169980536, 0.9999997046075815, -0.0007630695163258972, 9.224783615277292e-05], "world_rotation": [0.0, 1.0, 0.0, 0.0]}, {"color": "CVBlue", "id_name": "object54639229324707", "shape": "CVCylinder", "id_string": "ob443", "world_size": [0.09, 0.09, 0.09], "id": 443, "camera_size": [37, 37], "camera_position": [256, 254], "world_position": [0.705, 0.6448569696296074, -0.15], "world_orientation": [1.0, -4.331917303826236e-17, -1.1712398707441946e-17, 4.331917303826236e-17, 1.0, -5.775889738434995e-17, 1.1712398707441946e-17, 5.775889738434995e-17, 1.0], "world_rotation": [-0.7896765794068324, 0.16013129347666225, -0.5922574345551229, -7.314247236221149e-17]}], "source": "action wait"}
{"timestamp": 1706067197.987232, "objects": [{"color": "cv_", "id_name": "hand", "shape": "CVCylinder", "id_string": "ob383", "world_size": [0.12, 0.005, 0.12], "id": 383, "camera_size": [48, 16], "camera_position": [246, 503], "world_position": [0.0313501985075895, 0.6658407294195475, -0.1741099222708941], "world_orientation": [-5.612685856745469e-05, 0.00940905821015286, 0.9999557322568703, -0.0007632477365917645, -0.9999554429742811, 0.00940901264756192, 0.9999997071512914, -0.0007626858510152321, 6.330580010430099e-05], "world_rotation": [0.0, 1.0, 0.0, 0.0]}, {"color": "CVBlue", "id_name": "object54639229324707", "shape": "CVCylinder", "id_string": "ob443", "world_size": [0.09, 0.09, 0.09], "id": 443, "camera_size": [37, 37], "camera_position": [256, 254], "world_position": [0.705, 0.6448569696296074, -0.15], "world_orientation": [1.0, -4.331917303826236e-17, -1.1712398707441946e-17, 4.331917303826236e-17, 1.0, -5.775889738434995e-17, 1.1712398707441946e-17, 5.775889738434995e-17, 1.0], "world_rotation": [-0.7896765794068324, 0.16013129347666225, -0.5922574345551229, -7.314247236221149e-17]}], "source": "action wait"}
{"timestamp": 1706067198.021239, "objects": [{"color": "cv_", "id_name": "hand", "shape": "CVCylinder", "id_string": "ob383", "world_size": [0.12, 0.005, 0.12], "id": 383, "camera_size": [48, 13], "camera_position": [246, 505], "world_position": [0.022874975300701202, 0.6653975197373058, -0.1741101487307198], "world_orientation": [-3.900486480477386e-05, 0.006205439399998182, 0.9999807453148654, -0.0007626837298496187, -0.9999804554224635, 0.006205407852105435, 0.9999997083960318, -0.0007624270035205783, 4.373689013848234e-05], "world_rotation": [0.0, 1.0, 0.0, 0.0]}, {"color": "CVBlue", "id_name": "object54639229324707", "shape": "CVCylinder", "id_string": "ob443", "world_size": [0.09, 0.09, 0.09], "id": 443, "camera_size": [37, 37], "camera_position": [256, 254], "world_position": [0.705, 0.6448569696296074, -0.15], "world_orientation": [1.0, -4.331917303826236e-17, -1.1712398707441946e-17, 4.331917303826236e-17, 1.0, -5.775889738434995e-17, 1.1712398707441946e-17, 5.775889738434995e-17, 1.0], "world_rotation": [-0.7896765794068324, 0.16013129347666225, -0.5922574345551229, -7.314247236221149e-17]}], "source": "action wait"}
{"timestamp": 1706067198.052669, "objects": [{"color": "cv_", "id_name": "hand", "shape": "CVCylinder", "id_string": "ob383", "world_size": [0.12, 0.005, 0.12], "id": 383, "camera_size": [48, 11], "camera_position": [246, 506], "world_position": [0.016895385618380037, 0.6650251167928274, -0.17410995863502796], "world_orientation": [-2.7488567020263792e-05, 0.003940829880039749, 0.9999922345219663, -0.0007624362744651746, -0.9999919443300452, 0.0039408077779909375, 0.9999997089676108, -0.0007623220266246801, 3.0492977233844538e-05], "world_rotation": [0.0, 1.0, 0.0, 0.0]}, {"color": "CVBlue", "id_name": "object54639229324707", "shape": "CVCylinder", "id_string": "ob443", "world_size": [0.09, 0.09, 0.09], "id": 443, "camera_size": [37, 37], "camera_position": [256, 254], "world_position": [0.705, 0.6448569696296074, -0.15], "world_orientation": [1.0, -4.331917303826236e-17, -1.1712398707441946e-17, 4.331917303826236e-17, 1.0, -5.775889738434995e-17, 1.1712398707441946e-17, 5.775889738434995e-17, 1.0], "world_rotation": [-0.7896765794068324, 0.16013129347666225, -0.5922574345551229, -7.314247236221149e-17]}], "source": "action wait"}
{"timestamp": 1706067198.08277, "objects": [{"color": "cv_", "id_name": "hand", "shape": "CVCylinder", "id_string": "ob383", "world_size": [0.12, 0.005, 0.12], "id": 383, "camera_size": [48, 10], "camera_position": [246, 506], "world_position": [0.012679102102678514, 0.6647359209585832, -0.17410963711974675], "world_orientation": [-1.976021896623187e-05, 0.0023401411449409503, 0.9999972616707287, -0.0007623793452038595, -0.9999969712908353, 0.0023401254005856343, 0.9999997091935917, -0.0007623310161682217, 2.154423439240541e-05], "world_rotation": [0.0, 1.0, 0.0, 0.0]}, {"color": "CVBlue", "id_name": "object54639229324707", "shape": "CVCylinder", "id_string": "ob443", "world_size": [0.09, 0.09, 0.09], "id": 443, "camera_size": [37, 37], "camera_position": [256, 254], "world_position": [0.705, 0.6448569696296074, -0.15], "world_orientation": [1.0, -4.331917303826236e-17, -1.1712398707441946e-17, 4.331917303826236e-17, 1.0, -5.775889738434995e-17, 1.1712398707441946e-17, 5.775889738434995e-17, 1.0], "world_rotation": [-0.7896765794068324, 0.16013129347666225, -0.5922574345551229, -7.314247236221149e-17]}], "source": "action wait"}
{"timestamp": 1706067198.113788, "objects": [{"color": "cv_", "id_name": "hand", "shape": "CVCylinder", "id_string": "ob383", "world_size": [0.12, 0.005, 0.12], "id": 383, "camera_size": [48, 9], "camera_position": [246, 507], "world_position": [0.009707125150929608, 0.6645208312336195, -0.17410930828470797], "world_orientation": [-1.4564804600334473e-05, 0.0012088169733169597, 0.9999992692744288, -0.0007624243772818602, -0.9999989787486234, 0.0012088055175541814, 0.9999997092484255, -0.0007624062141430857, 1.5486421254501205e-05], "world_rotation": [0.0, 1.0, 0.0, 0.0]}, {"color": "CVBlue", "id_name": "object54639229324707", "shape": "CVCylinder", "id_string": "ob443", "world_size": [0.09, 0.09, 0.09], "id": 443, "camera_size": [37, 37], "camera_position": [256, 254], "world_position": [0.705, 0.6448569696296074, -0.15], "world_orientation": [1.0, -4.331917303826236e-17, -1.1712398707441946e-17, 4.331917303826236e-17, 1.0, -5.775889738434995e-17, 1.1712398707441946e-17, 5.775889738434995e-17, 1.0], "world_rotation": [-0.7896765794068324, 0.16013129347666225, -0.5922574345551229, -7.314247236221149e-17]}], "source": "action wait"}
{"timestamp": 1706067198.14749, "objects": [{"color": "cv_", "id_name": "hand", "shape": "CVCylinder", "id_string": "ob383", "world_size": [0.12, 0.005, 0.12], "id": 383, "camera_size": [48, 8], "camera_position": [246, 507], "world_position": [0.00761258392840142, 0.6643649346482847, -0.17410901981110322], "world_orientation": [-1.1082628799347225e-05, 0.00040928106603198934, 0.9999999161830887, -0.0007625152470062072, -0.9999996255331909, 0.0004092724964007106, 0.9999997092237946, -0.0007625106472797285, 1.139470770279554e-05], "world_rotation": [0.0, 1.0, 0.0, 0.0]}, {"color": "CVBlue", "id_name": "object54639229324707", "shape": "CVCylinder", "id_string": "ob443", "world_size": [0.09, 0.09, 0.09], "id": 443, "camera_size": [37, 37], "camera_position": [256, 254], "world_position": [0.705, 0.6448569696296074, -0.15], "world_orientation": [1.0, -4.331917303826236e-17, -1.1712398707441946e-17, 4.331917303826236e-17, 1.0, -5.775889738434995e-17, 1.1712398707441946e-17, 5.775889738434995e-17, 1.0], "world_rotation": [-0.7896765794068324, 0.16013129347666225, -0.5922574345551229, -7.314247236221149e-17]}], "source": "action wait"}
{"timestamp": 1706067198.18036, "objects": [{"color": "cv_", "id_name": "hand", "shape": "CVCylinder", "id_string": "ob383", "world_size": [0.12, 0.005, 0.12], "id": 383, "camera_size": [48, 7], "camera_position": [246, 508], "world_position": [0.006136528255536428, 0.6642537497346025, -0.17410878447205475], "world_orientation": [-8.746782794757021e-06, -0.00015573769921241895, 0.9999999878346315, -0.0007626192034294859, -0.9999996970777822, -0.00015574432439476496, 0.99999970916768, -0.0007626205564141188, 8.628011585408608e-06], "world_rotation": [0.0, 1.0, 0.0, 0.0]}, {"color": "CVBlue", "id_name": "object54639229324707", "shape": "CVCylinder", "id_string": "ob443", "world_size": [0.09, 0.09, 0.09], "id": 443, "camera_size": [37, 37], "camera_position": [256, 254], "world_position": [0.705, 0.6448569696296074, -0.15], "world_orientation": [1.0, -4.331917303826236e-17, -1.1712398707441946e-17, 4.331917303826236e-17, 1.0, -5.775889738434995e-17, 1.1712398707441946e-17, 5.775889738434995e-17, 1.0], "world_rotation": [-0.7896765794068324, 0.16013129347666225, -0.5922574345551229, -7.314247236221149e-17]}], "source": "action wait"}
{"timestamp": 1706067198.216738, "objects": [{"color": "cv_", "id_name": "hand", "shape": "CVCylinder", "id_string": "ob383", "world_size": [0.12, 0.005, 0.12], "id": 383, "camera_size": [48, 7], "camera_position": [246, 508], "world_position": [0.005096338382445546, 0.6641752637516097, -0.17410860020699626], "world_orientation": [-7.180816275993028e-06, -0.0005550056828195494, 0.9999998459585522, -0.0007627189174573437, -0.9999995551112234, -0.000555010998342577, 0.9999997091041022, -0.0007627227853994266, 6.757499748109375e-06], "world_rotation": [0.0, 1.0, 0.0, 0.0]}, {"color": "CVBlue", "id_name": "object54639229324707", "shape": "CVCylinder", "id_string": "ob443", "world_size": [0.09, 0.09, 0.09], "id": 443, "camera_size": [37, 37], "camera_position": [256, 254], "world_position": [0.705, 0.6448569696296074, -0.15], "world_orientation": [1.0, -4.331917303826236e-17, -1.1712398707441946e-17, 4.331917303826236e-17, 1.0, -5.775889738434995e-17, 1.1712398707441946e-17, 5.775889738434995e-17, 1.0], "world_rotation": [-0.7896765794068324, 0.16013129347666225, -0.5922574345551229, -7.314247236221149e-17]}], "source": "action wait"}
{"timestamp": 1706067198.251711, "objects": [{"color": "cv_", "id_name": "hand", "shape": "CVCylinder", "id_string": "ob383", "world_size": [0.12, 0.005, 0.12], "id": 383, "camera_size": [48, 7], "camera_position": [246, 508], "world_position": [0.004363287732109105, 0.6641202210380371, -0.17410845959307852], "world_orientation": [-6.131833810131349e-06, -0.000837133016086041, 0.9999996495852957, -0.0007628064913281883, -0.9999993586633678, -0.0008371374499492426, 0.9999997090442865, -0.0007628113572176949, 5.4932593791498195e-06], "world_rotation": [0.0, 1.0, 0.0, 0.0]}, {"color": "CVBlue", "id_name": "object54639229324707", "shape": "CVCylinder", "id_string": "ob443", "world_size": [0.09, 0.09, 0.09], "id": 443, "camera_size": [37, 37], "camera_position": [256, 254], "world_position": [0.705, 0.6448569696296074, -0.15], "world_orientation": [1.0, -4.331917303826236e-17, -1.1712398707441946e-17, 4.331917303826236e-17, 1.0, -5.775889738434995e-17, 1.1712398707441946e-17, 5.775889738434995e-17, 1.0], "world_rotation": [-0.7896765794068324, 0.16013129347666225, -0.5922574345551229, -7.314247236221149e-17]}], "source": "action wait"}
{"timestamp": 1706067198.28516, "objects": [{"color": "cv_", "id_name": "hand", "shape": "CVCylinder", "id_string": "ob383", "world_size": [0.12, 0.005, 0.12], "id": 383, "camera_size": [48, 7], "camera_position": [246, 508], "world_position": [0.0038466622517071896, 0.664081775859288, -0.17410835412031217], "world_orientation": [-5.429973561552933e-06, -0.0010364787589622617, 0.9999994628410045, -0.000762879418870265, -0.9999991718590635, -0.0010364825997825383, 0.9999997089927116, -0.0007628846371562319, 4.639260751824728e-06], "world_rotation": [0.0, 1.0, 0.0, 0.0]}, {"color": "CVBlue", "id_name": "object54639229324707", "shape": "CVCylinder", "id_string": "ob443", "world_size": [0.09, 0.09, 0.09], "id": 443, "camera_size": [37, 37], "camera_position": [256, 254], "world_position": [0.705, 0.6448569696296074, -0.15], "world_orientation": [1.0, -4.331917303826236e-17, -1.1712398707441946e-17, 4.331917303826236e-17, 1.0, -5.775889738434995e-17, 1.1712398707441946e-17, 5.775889738434995e-17, 1.0], "world_rotation": [-0.7896765794068324, 0.16013129347666225, -0.5922574345551229, -7.314247236221149e-17]}], "source": "action wait"}
{"timestamp": 1706067198.316662, "objects": [{"color": "cv_", "id_name": "hand", "shape": "CVCylinder", "id_string": "ob383", "world_size": [0.12, 0.005, 0.12], "id": 383, "camera_size": [48, 7], "camera_position": [246, 508], "world_position": [0.0034825434846814593, 0.6640549877966689, -0.17410827595842263], "world_orientation": [-4.961061816895746e-06, -0.0011773270959278372, 0.9999993069379084, -0.0007629380283065529, -0.9999990159087001, -0.0011773305382762045, 0.9999997089504341, -0.000762943340353098, 4.062829321882605e-06], "world_rotation": [0.0, 1.0, 0.0, 0.0]}, {"color": "CVBlue", "id_name": "object54639229324707", "shape": "CVCylinder", "id_string": "ob443", "world_size": [0.09, 0.09, 0.09], "id": 443, "camera_size": [37, 37], "camera_position": [256, 254], "world_position": [0.705, 0.6448569696296074, -0.15], "world_orientation": [1.0, -4.331917303826236e-17, -1.1712398707441946e-17, 4.331917303826236e-17, 1.0, -5.775889738434995e-17, 1.1712398707441946e-17, 5.775889738434995e-17, 1.0], "world_rotation": [-0.7896765794068324, 0.16013129347666225, -0.5922574345551229, -7.314247236221149e-17]}], "source": "action wait"}
{"timestamp": 1706067198.345956, "objects": [{"color": "cv_", "id_name": "hand", "shape": "CVCylinder", "id_string": "ob383", "world_size": [0.12, 0.005, 0.12], "id": 383, "camera_size": [48, 7], "camera_position": [246, 508], "world_position": [0.0032258953969518398, 0.6640363458898219, -0.17410821854620376], "world_orientation": [-4.6483183305822736e-06, -0.0012768403838914583, 0.9999991848281814, -0.0007629839519556518, -0.9999988937623958, -0.0012768435588412018, 0.9999997089168987, -0.0007629892651683026, 3.674104466683551e-06], "world_rotation": [0.0, 1.0, 0.0, 0.0]}, {"color": "CVBlue", "id_name": "object54639229324707", "shape": "CVCylinder", "id_string": "ob443", "world_size": [0.09, 0.09, 0.09], "id": 443, "camera_size": [37, 37], "camera_position": [256, 254], "world_position": [0.705, 0.6448569696296074, -0.15], "world_orientation": [1.0, -4.331917303826236e-17, -1.1712398707441946e-17, 4.331917303826236e-17, 1.0, -5.775889738434995e-17, 1.1712398707441946e-17, 5.775889738434995e-17, 1.0], "world_rotation": [-0.7896765794068324, 0.16013129347666225, -0.5922574345551229, -7.314247236221149e-17]}], "source": "action wait"}
{"timestamp": 1706067199.830883, "objects": [{"color": "CVBlue", "id_name": "object54639229324707", "shape": "CVCylinder", "id_string": "ob443", "world_size": [0.09, 0.09, 0.09], "id": 443, "camera_size": [37, 37], "camera_position": [256, 254], "world_position": [0.705, 0.6448569696296074, -0.15], "world_orientation": [1.0, -4.331917303826236e-17, -1.1712398707441946e-17, 4.331917303826236e-17, 1.0, -5.775889738434995e-17, 1.1712398707441946e-17, 5.775889738434995e-17, 1.0], "world_rotation": [-0.7896765794068324, 0.16013129347666225, -0.5922574345551229, -7.314247236221149e-17]}], "source": "action wait"}
{"timestamp": 1706067199.862508, "objects": [{"color": "cv_", "id_name": "hand", "shape": "CVCylinder", "id_string": "ob383", "world_size": [0.12, 0.005, 0.12], "id": 383, "camera_size": [51, 11], "camera_position": [246, 506], "world_position": [0.035441353803729994, 0.7201667410081762, -0.17412270121775106], "world_orientation": [0.00015843992927695928, 0.19403517023205602, 0.9809945604384389, -0.0007077675188114378, -0.9809943052854294, 0.19403523407540482, 0.9999997369809296, -0.0007250590147734619, -1.8096877352798225e-05], "world_rotation": [0.0, 1.0, 0.0, 0.0]}, {"color": "CVBlue", "id_name": "object54639229324707", "shape": "CVCylinder", "id_string": "ob443", "world_size": [0.09, 0.09, 0.09], "id": 443, "camera_size": [37, 37], "camera_position": [256, 254], "world_position": [0.705, 0.6448569696296074, -0.15], "world_orientation": [1.0, -4.331917303826236e-17, -1.1712398707441946e-17, 4.331917303826236e-17, 1.0, -5.775889738434995e-17, 1.1712398707441946e-17, 5.775889738434995e-17, 1.0], "world_rotation": [-0.7896765794068324, 0.16013129347666225, -0.5922574345551229, -7.314247236221149e-17]}], "source": "action wait"}
{"timestamp": 1706067199.892244, "objects": [{"color": "cv_", "id_name": "hand", "shape": "CVCylinder", "id_string": "ob383", "world_size": [0.12, 0.005, 0.12], "id": 383, "camera_size": [52, 21], "camera_position": [245, 501], "world_position": [0.08355541125178298, 0.7737406025740313, -0.17412462026774278], "world_orientation": [0.00025846514957270685, 0.2990841073197481, 0.95422671831411, -0.0007062048560931326, -0.9542264576471182, 0.2990842169037573, 0.999999717235194, -0.0007511823891443427, -3.54196351320547e-05], "world_rotation": [0.0, 1.0, 0.0, 0.0]}, {"color": "CVBlue", "id_name": "object54639229324707", "shape": "CVCylinder", "id_string": "ob443", "world_size": [0.09, 0.09, 0.09], "id": 443, "camera_size": [37, 37], "camera_position": [256, 254], "world_position": [0.705, 0.6448569696296074, -0.15], "world_orientation": [1.0, -4.331917303826236e-17, -1.1712398707441946e-17, 4.331917303826236e-17, 1.0, -5.775889738434995e-17, 1.1712398707441946e-17, 5.775889738434995e-17, 1.0], "world_rotation": [-0.7896765794068324, 0.16013129347666225, -0.5922574345551229, -7.314247236221149e-17]}], "source": "action wait"}
{"timestamp": 1706067199.928843, "objects": [{"color": "cv_", "id_name": "hand", "shape": "CVCylinder", "id_string": "ob383", "world_size": [0.12, 0.005, 0.12], "id": 383, "camera_size": [54, 38], "camera_position": [245, 492], "world_position": [0.13991837307231483, 0.80615195467713, -0.1741204694411403], "world_orientation": [0.00029086943433751536, 0.34027208831531325, 0.940326975742219, -0.0007117490600005837, -0.9403267068965838, 0.3402722111931884, 0.9999997044040801, -0.000768251626668474, -3.1323958324141896e-05], "world_rotation": [0.0, 1.0, 0.0, 0.0]}, {"color": "CVBlue", "id_name": "object54639229324707", "shape": "CVCylinder", "id_string": "ob443", "world_size": [0.09, 0.09, 0.09], "id": 443, "camera_size": [37, 37], "camera_position": [256, 254], "world_position": [0.705, 0.6448569696296074, -0.15], "world_orientation": [1.0, -4.331917303826236e-17, -1.1712398707441946e-17, 4.331917303826236e-17, 1.0, -5.775889738434995e-17, 1.1712398707441946e-17, 5.775889738434995e-17, 1.0], "world_rotation": [-0.7896765794068324, 0.16013129347666225, -0.5922574345551229, -7.314247236221149e-17]}], "source": "action wait"}
{"timestamp": 1706067199.960728, "objects": [{"color": "cv_", "id_name": "hand", "shape": "CVCylinder", "id_string": "ob383", "world_size": [0.12, 0.005, 0.12], "id": 383, "camera_size": [55, 59], "camera_position": [245, 480], "world_position": [0.2008536640341998, 0.8206657687962619, -0.1741171523207806], "world_orientation": [0.0002895885402593984, 0.3413045832569005, 0.9399527102925502, -0.0007211885555295591, -0.9399524339838772, 0.3413047051167806, 0.9999996980127269, -0.0007767210687406257, -2.6054493875530327e-05], "world_rotation": [0.0, 1.0, 0.0, 0.0]}, {"color": "CVBlue", "id_name": "object54639229324707", "shape": "CVCylinder", "id_string": "ob443", "world_size": [0.09, 0.09, 0.09], "id": 443, "camera_size": [37, 37], "camera_position": [256, 254], "world_position": [0.705, 0.6448569696296074, -0.15], "world_orientation": [1.0, -4.331917303826236e-17, -1.1712398707441946e-17, 4.331917303826236e-17, 1.0, -5.775889738434995e-17, 1.1712398707441946e-17, 5.775889738434995e-17, 1.0], "world_rotation": [-0.7896765794068324, 0.16013129347666225, -0.5922574345551229, -7.314247236221149e-17]}], "source": "action wait"}
{"timestamp": 1706067199.992105, "objects": [{"color": "cv_", "id_name": "hand", "shape": "CVCylinder", "id_string": "ob383", "world_size": [0.12, 0.005, 0.12], "id": 383, "camera_size": [55, 58], "camera_position": [245, 451], "world_position": [0.2644464035807377, 0.8200544059346583, -0.17411445225908775], "world_orientation": [0.0002647915732101484, 0.3140930196172324, 0.9493921765599038, -0.0007342593397553965, -0.9493918928490853, 0.31409313054515126, 0.999999695374276, -0.0007802692869015722, -2.0765239694081103e-05], "world_rotation": [0.0, 1.0, 0.0, 0.0]}, {"color": "CVBlue", "id_name": "object54639229324707", "shape": "CVCylinder", "id_string": "ob443", "world_size": [0.09, 0.09, 0.09], "id": 443, "camera_size": [37, 37], "camera_position": [256, 254], "world_position": [0.705, 0.6448569696296074, -0.15], "world_orientation": [1.0, -4.331917303826236e-17, -1.1712398707441946e-17, 4.331917303826236e-17, 1.0, -5.775889738434995e-17, 1.1712398707441946e-17, 5.775889738434995e-17, 1.0], "world_rotation": [-0.7896765794068324, 0.16013129347666225, -0.5922574345551229, -7.314247236221149e-17]}], "source": "action wait"}
{"timestamp": 1706067200.031758, "objects": [{"color": "cv_", "id_name": "hand", "shape": "CVCylinder", "id_string": "ob383", "world_size": [0.12, 0.005, 0.12], "id": 383, "camera_size": [54, 57], "camera_position": [245, 421], "world_position": [0.32868275960766336, 0.8065165292513332, -0.17411206991527386], "world_orientation": [0.0002231648065212681, 0.2663462083172843, 0.9638774027398272, -0.0007487974298911287, -0.9638771120118207, 0.26634630134875403, 0.9999996947498925, -0.0007811880427101527, -1.5664092962719436e-05], "world_rotation": [0.0, 1.0, 0.0, 0.0]}, {"color": "CVBlue", "id_name": "object54639229324707", "shape": "CVCylinder", "id_string": "ob443", "world_size": [0.09, 0.09, 0.09], "id": 443, "camera_size": [37, 37], "camera_position": [256, 254], "world_position": [0.705, 0.6448569696296074, -0.15], "world_orientation": [1.0, -4.331917303826236e-17, -1.1712398707441946e-17, 4.331917303826236e-17, 1.0, -5.775889738434995e-17, 1.1712398707441946e-17, 5.775889738434995e-17, 1.0], "world_rotation": [-0.7896765794068324, 0.16013129347666225, -0.5922574345551229, -7.314247236221149e-17]}], "source": "action wait"}
{"timestamp": 1706067200.066822, "objects": [{"color": "cv_", "id_name": "hand", "shape": "CVCylinder", "id_string": "ob383", "world_size": [0.12, 0.005, 0.12], "id": 383, "camera_size": [53, 54], "camera_position": [245, 390], "world_position": [0.39177311835025846, 0.7818349445587023, -0.17410981093169917], "world_orientation": [0.00016936292331257103, 0.20338467975199864, 0.979098893553852, -0.0007623279139027262, -0.9790985968382737, 0.20338474998257686, 0.9999996950861296, -0.0007808402528418957, -1.0777181936220365e-05], "world_rotation": [0.0, 1.0, 0.0, 0.0]}, {"color": "CVBlue", "id_name": "object54639229324707", "shape": "CVCylinder", "id_string": "ob443", "world_size": [0.09, 0.09, 0.09], "id": 443, "camera_size": [37, 37], "camera_position": [256, 254], "world_position": [0.705, 0.6448569696296074, -0.15], "world_orientation": [1.0, -4.331917303826236e-17, -1.1712398707441946e-17, 4.331917303826236e-17, 1.0, -5.775889738434995e-17, 1.1712398707441946e-17, 5.775889738434995e-17, 1.0], "world_rotation": [-0.7896765794068324, 0.16013129347666225, -0.5922574345551229, -7.314247236221149e-17]}], "source": "action wait"}
{"timestamp": 1706067200.099525, "objects": [{"color": "cv_", "id_name": "hand", "shape": "CVCylinder", "id_string": "ob383", "world_size": [0.12, 0.005, 0.12], "id": 383, "camera_size": [52, 52], "camera_position": [245, 365], "world_position": [0.44402015401945055, 0.7535350810897091, -0.17410318248146733], "world_orientation": [0.00010722215364557732, 0.14346762899736853, 0.9896550045007014, -0.0007677343653246961, -0.9896547067202206, 0.1434676690075464, 0.9999996995436319, -0.0007751750692205705, 4.032120073322126e-06], "world_rotation": [0.0, 1.0, 0.0, 0.0]}, {"color": "CVBlue", "id_name": "object54639229324707", "shape": "CVCylinder", "id_string": "ob443", "world_size": [0.09, 0.09, 0.09], "id": 443, "camera_size": [37, 37], "camera_position": [256, 254], "world_position": [0.705, 0.6448569696296074, -0.15], "world_orientation": [1.0, -4.331917303826236e-17, -1.1712398707441946e-17, 4.331917303826236e-17, 1.0, -5.775889738434995e-17, 1.1712398707441946e-17, 5.775889738434995e-17, 1.0], "world_rotation": [-0.7896765794068324, 0.16013129347666225, -0.5922574345551229, -7.314247236221149e-17]}], "source": "action wait"}
{"timestamp": 1706067200.134176, "objects": [{"color": "cv_", "id_name": "hand", "shape": "CVCylinder", "id_string": "ob383", "world_size": [0.12, 0.005, 0.12], "id": 383, "camera_size": [51, 51], "camera_position": [246, 349], "world_position": [0.4794919613323122, 0.7302801963810062, -0.17409840819014777], "world_orientation": [6.306278515120603e-05, 0.10084429458102616, 0.9949022184483963, -0.0007666407596066076, -0.9949019231802564, 0.10084431324657367, 0.9999997041424719, -0.0007690921157458943, 1.4570060371951358e-05], "world_rotation": [0.0, 1.0, 0.0, 0.0]}, {"color": "CVBlue", "id_name": "object54639229324707", "shape": "CVCylinder", "id_string": "ob443", "world_size": [0.09, 0.09, 0.09], "id": 443, "camera_size": [37, 37], "camera_position": [256, 254], "world_position": [0.705, 0.6448569696296074, -0.15], "world_orientation": [1.0, -4.331917303826236e-17, -1.1712398707441946e-17, 4.331917303826236e-17, 1.0, -5.775889738434995e-17, 1.1712398707441946e-17, 5.775889738434995e-17, 1.0], "world_rotation": [-0.7896765794068324, 0.16013129347666225, -0.5922574345551229, -7.314247236221149e-17]}], "source": "action wait"}
{"timestamp": 1706067200.163324, "objects": [{"color": "cv_", "id_name": "hand", "shape": "CVCylinder", "id_string": "ob383", "world_size": [0.12, 0.005, 0.12], "id": 383, "camera_size": [50, 51], "camera_position": [245, 338], "world_position": [0.5036421900754097, 0.7123297181964396, -0.1740966809554236], "world_orientation": [3.563811821122891e-05, 0.07067652469994978, 0.9974992870104029, -0.0007644590828558009, -0.9974989942501671, 0.07067653126898459, 0.9999997071660748, -0.0007650661686737501, 1.848032417927862e-05], "world_rotation": [0.0, 1.0, 0.0, 0.0]}, {"color": "CVBlue", "id_name": "object54639229324707", "shape": "CVCylinder", "id_string": "ob443", "world_size": [0.09, 0.09, 0.09], "id": 443, "camera_size": [37, 37], "camera_position": [256, 254], "world_position": [0.705, 0.6448569696296074, -0.15], "world_orientation": [1.0, -4.331917303826236e-17, -1.1712398707441946e-17, 4.331917303826236e-17, 1.0, -5.775889738434995e-17, 1.1712398707441946e-17, 5.775889738434995e-17, 1.0], "world_rotation": [-0.7896765794068324, 0.16013129347666225, -0.5922574345551229, -7.314247236221149e-17]}], "source": "action wait"}
{"timestamp": 1706067200.193172, "objects": [{"color": "cv_", "id_name": "hand", "shape": "CVCylinder", "id_string": "ob383", "world_size": [0.12, 0.005, 0.12], "id": 383, "camera_size": [49, 50], "camera_position": [246, 330], "world_position": [0.5202007164137398, 0.698946107919718, -0.1740965943541565], "world_orientation": [1.8770876509132502e-05, 0.04936671591788593, 0.9987807201819311, -0.0007627106934891441, -0.9987804291419193, 0.04936671586688276, 0.9999997089599839, -0.0007627073922610832, 1.8904538038233016e-05], "world_rotation": [0.0, 1.0, 0.0, 0.0]}, {"color": "CVBlue", "id_name": "object54639229324707", "shape": "CVCylinder", "id_string": "ob443", "world_size": [0.09, 0.09, 0.09], "id": 443, "camera_size": [37, 37], "camera_position": [256, 254], "world_position": [0.705, 0.6448569696296074, -0.15], "world_orientation": [1.0, -4.331917303826236e-17, -1.1712398707441946e-17, 4.331917303826236e-17, 1.0, -5.775889738434995e-17, 1.1712398707441946e-17, 5.775889738434995e-17, 1.0], "world_rotation": [-0.7896765794068324, 0.16013129347666225, -0.5922574345551229, -7.314247236221149e-17]}], "source": "action wait"}
{"timestamp": 1706067200.221687, "objects": [{"color": "cv_", "id_name": "hand", "shape": "CVCylinder", "id_string": "ob383", "world_size": [0.12, 0.005, 0.12], "id": 383, "camera_size": [49, 49], "camera_position": [246, 325], "world_position": [0.5316283676469513, 0.689172870880299, -0.1740973088660112], "world_orientation": [8.519611046965753e-06, 0.03432848849879451, 0.9994106037084078, -0.000761670630463884, -0.9994103136217662, 0.03432848502765055, 0.9999997098925915, -0.000761514169959502, 1.7632414329741896e-05], "world_rotation": [0.0, 1.0, 0.0, 0.0]}, {"color": "CVBlue", "id_name": "object54639229324707", "shape": "CVCylinder", "id_string": "ob443", "world_size": [0.09, 0.09, 0.09], "id": 443, "camera_size": [37, 37], "camera_position": [256, 254], "world_position": [0.705, 0.6448569696296074, -0.15], "world_orientation": [1.0, -4.331917303826236e-17, -1.1712398707441946e-17, 4.331917303826236e-17, 1.0, -5.775889738434995e-17, 1.1712398707441946e-17, 5.775889738434995e-17, 1.0], "world_rotation": [-0.7896765794068324, 0.16013129347666225, -0.5922574345551229, -7.314247236221149e-17]}], "source": "action wait"}
{"timestamp": 1706067200.255224, "objects": [{"color": "cv_", "id_name": "hand", "shape": "CVCylinder", "id_string": "ob383", "world_size": [0.12, 0.005, 0.12], "id": 383, "camera_size": [49, 50], "camera_position": [246, 321], "world_position": [0.5395580888478684, 0.6821285795279256, -0.17409834388203319], "world_orientation": [2.3809734153056395e-06, 0.023721015839682707, 0.9997186171127678, -0.0007612160439254282, -0.9997183274291574, 0.02372101077910469, 0.9999997102721909, -0.0007610583298535867, 1.5676515075345907e-05], "world_rotation": [0.0, 1.0, 0.0, 0.0]}, {"color": "CVBlue", "id_name": "object54639229324707", "shape": "CVCylinder", "id_string": "ob443", "world_size": [0.09, 0.09, 0.09], "id": 443, "camera_size": [37, 37], "camera_position": [256, 254], "world_position": [0.705, 0.6448569696296074, -0.15], "world_orientation": [1.0, -4.331917303826236e-17, -1.1712398707441946e-17, 4.331917303826236e-17, 1.0, -5.775889738434995e-17, 1.1712398707441946e-17, 5.775889738434995e-17, 1.0], "world_rotation": [-0.7896765794068324, 0.16013129347666225, -0.5922574345551229, -7.314247236221149e-17]}], "source": "action wait"}
