{"timestamp": 1706067874.747568, "objects": [{"color": "cv_", "id_name": "hand", "shape": "CVCylinder", "id_string": "ob383", "world_size": [0.12, 0.005, 0.12], "id": 383, "camera_size": [48, 50], "camera_position": [246, 426], "world_position": [0.267644515540139, 0.6334703013847367, -0.17389260400847473], "world_orientation": [-0.0006415490535635997, 0.19791547486640906, 0.9802188802625748, -0.0007473671015870516, -0.9802189031249684, 0.19791499033398022, 0.999999514928496, -0.0006056111687282141, 0.0007767740243955362], "world_rotation": [0.0, 1.0, 0.0, 0.0]}, {"color": "CVGreen", "id_name": "object250450557508946", "shape": "CVBox", "id_string": "ob618", "world_size": [0.09, 0.09, 0.09], "id": 618, "camera_size": [37, 37], "camera_position": [256, 254], "world_position": [0.705, 0.644856964849591, -0.15], "world_orientation": [1.0, -3.248937977869676e-17, -1.2807790779525605e-17, 3.248937977869676e-17, 1.0, -6.497875955739369e-17, 1.2807790779525605e-17, 6.497875955739369e-17, 1.0], "world_rotation": [-0.8808431718627018, 0.17362065899128884, -0.4404215859313497, -7.376881791566185e-17]}], "source": "manual check"}
{"timestamp": 1706067875.761414, "objects": [{"color": "cv_", "id_name": "hand", "shape": "CVCylinder", "id_string": "ob383", "world_size": [0.12, 0.005, 0.12], "id": 383, "camera_size": [48, 50], "camera_position": [246, 426], "world_position": [0.267644515540139, 0.6334703013847367, -0.17389260400847473], "world_orientation": [-0.0006415490535635997, 0.19791547486640906, 0.9802188802625748, -0.0007473671015870516, -0.9802189031249684, 0.19791499033398022, 0.999999514928496, -0.0006056111687282141, 0.0007767740243955362], "world_rotation": [0.0, 1.0, 0.0, 0.0]}, {"color": "CVGreen", "id_name": "object250450557508946", "shape": "CVBox", "id_string": "ob618", "world_size": [0.09, 0.09, 0.09], "id": 618, "camera_size": [37, 37], "camera_position": [256, 254], "world_position": [0.705, 0.6448569696296074, -0.15], "world_orientation": [1.0, -4.331917303826236e-17, -1.1712398707441946e-17, 4.331917303826236e-17, 1.0, -5.775889738434995e-17, 1.1712398707441946e-17, 5.775889738434995e-17, 1.0], "world_rotation": [-0.7896765794068324, 0.16013129347666225, -0.5922574345551229, -7.314247236221149e-17]}], "source": "manual check"}
{"timestamp": 1706067876.653686, "objects": [{"color": "cv_", "id_name": "hand", "shape": "CVCylinder", "id_string": "ob383", "world_size": [0.12, 0.005, 0.12], "id": 383, "camera_size": [48, 50], "camera_position": [246, 426], "world_position": [0.267644515540139, 0.6334703013847367, -0.17389260400847473], "world_orientation": [-0.0006415490535635997, 0.19791547486640906, 0.9802188802625748, -0.0007473671015870516, -0.9802189031249684, 0.19791499033398022, 0.999999514928496, -0.0006056111687282141, 0.0007767740243955362], "world_rotation": [0.0, 1.0, 0.0, 0.0]}, {"color": "CVGreen", "id_name": "object250450557508946", "shape": "CVBox", "id_string": "ob618", "world_size": [0.09, 0.09, 0.09], "id": 618, "camera_size": [37, 37], "camera_position": [256, 254], "world_position": [0.705, 0.6448569696296074, -0.15], "world_orientation": [1.0, -4.331917303826236e-17, -1.1712398707441946e-17, 4.331917303826236e-17, 1.0, -5.775889738434995e-17, 1.1712398707441946e-17, 5.775889738434995e-17, 1.0], "world_rotation": [-0.7896765794068324, 0.16013129347666225, -0.5922574345551229, -7.314247236221149e-17]}], "source": "action wait"}
{"timestamp": 1706067876.684214, "objects": [{"color": "cv_", "id_name": "hand", "shape": "CVCylinder", "id_string": "ob383", "world_size": [0.12, 0.005, 0.12], "id": 383, "camera_size": [48, 50], "camera_position": [246, 444], "world_position": [0.22509914322844204, 0.6416776078118933, -0.17397246912595712], "world_orientation": [-0.0005244055507403447, 0.08775991329545726, 0.9961415173644717, -0.0007630982948921239, -0.9961413994174712, 0.08775950118132225, 0.9999995713398135, -0.0007141323238227277, 0.0005893515193728155], "world_rotation": [0.0, 1.0, 0.0, 0.0]}, {"color": "CVGreen", "id_name": "object250450557508946", "shape": "CVBox", "id_string": "ob618", "world_size": [0.09, 0.09, 0.09], "id": 618, "camera_size": [37, 37], "camera_position": [256, 254], "world_position": [0.705, 0.6448569696296074, -0.15], "world_orientation": [1.0, -4.331917303826236e-17, -1.1712398707441946e-17, 4.331917303826236e-17, 1.0, -5.775889738434995e-17, 1.1712398707441946e-17, 5.775889738434995e-17, 1.0], "world_rotation": [-0.7896765794068324, 0.16013129347666225, -0.5922574345551229, -7.314247236221149e-17]}], "source": "action wait"}
{"timestamp": 1706067876.715323, "objects": [{"color": "cv_", "id_name": "hand", "shape": "CVCylinder", "id_string": "ob383", "world_size": [0.12, 0.005, 0.12], "id": 383, "camera_size": [48, 50], "camera_position": [246, 470], "world_position": [0.1638670223467252, 0.6571116763749258, -0.174038397556694], "world_orientation": [-0.0003799549776400561, 0.06032424754598139, 0.9981787619420813, -0.0007693278397720192, -0.9981785562330928, 0.06032394227082082, 0.9999996318843771, -0.000745006328494889, 0.0004256720340651362], "world_rotation": [0.0, 1.0, 0.0, 0.0]}, {"color": "CVGreen", "id_name": "object250450557508946", "shape": "CVBox", "id_string": "ob618", "world_size": [0.09, 0.09, 0.09], "id": 618, "camera_size": [37, 37], "camera_position": [256, 254], "world_position": [0.705, 0.6448569696296074, -0.15], "world_orientation": [1.0, -4.331917303826236e-17, -1.1712398707441946e-17, 4.331917303826236e-17, 1.0, -5.775889738434995e-17, 1.1712398707441946e-17, 5.775889738434995e-17, 1.0], "world_rotation": [-0.7896765794068324, 0.16013129347666225, -0.5922574345551229, -7.314247236221149e-17]}], "source": "action wait"}
{"timestamp": 1706067876.747281, "objects": [{"color": "cv_", "id_name": "hand", "shape": "CVCylinder", "id_string": "ob383", "world_size": [0.12, 0.005, 0.12], "id": 383, "camera_size": [48, 46], "camera_position": [246, 488], "world_position": [0.11761511745190016, 0.6637246391779688, -0.17407773702904306], "world_orientation": [-0.00025837028129942495, 0.04222243024386277, 0.9991082021628588, -0.0007699559374557268, -0.9991079477583588, 0.04222222038139978, 0.9999996702062717, -0.0007583603254593149, 0.0002906492123712694], "world_rotation": [0.0, 1.0, 0.0, 0.0]}, {"color": "CVGreen", "id_name": "object250450557508946", "shape": "CVBox", "id_string": "ob618", "world_size": [0.09, 0.09, 0.09], "id": 618, "camera_size": [37, 37], "camera_position": [256, 254], "world_position": [0.705, 0.6448569696296074, -0.15], "world_orientation": [1.0, -4.331917303826236e-17, -1.1712398707441946e-17, 4.331917303826236e-17, 1.0, -5.775889738434995e-17, 1.1712398707441946e-17, 5.775889738434995e-17, 1.0], "world_rotation": [-0.7896765794068324, 0.16013129347666225, -0.5922574345551229, -7.314247236221149e-17]}], "source": "action wait"}
{"timestamp": 1706067876.778821, "objects": [{"color": "cv_", "id_name": "hand", "shape": "CVCylinder", "id_string": "ob383", "world_size": [0.12, 0.005, 0.12], "id": 383, "camera_size": [48, 34], "camera_position": [246, 494], "world_position": [0.08418836914432838, 0.6660511578413526, -0.1740965334115952], "world_orientation": [-0.00017551025956306088, 0.029411733757021087, 0.999567365970676, -0.0007680370185259776, -0.9995670905177058, 0.02941159079524537, 0.9999996896575953, -0.0007625427036416992, 0.00019802357981225333], "world_rotation": [0.0, 1.0, 0.0, 0.0]}, {"color": "CVGreen", "id_name": "object250450557508946", "shape": "CVBox", "id_string": "ob618", "world_size": [0.09, 0.09, 0.09], "id": 618, "camera_size": [37, 37], "camera_position": [256, 254], "world_position": [0.705, 0.6448569696296074, -0.15], "world_orientation": [1.0, -4.331917303826236e-17, -1.1712398707441946e-17, 4.331917303826236e-17, 1.0, -5.775889738434995e-17, 1.1712398707441946e-17, 5.775889738434995e-17, 1.0], "world_rotation": [-0.7896765794068324, 0.16013129347666225, -0.5922574345551229, -7.314247236221149e-17]}], "source": "action wait"}
{"timestamp": 1706067876.814292, "objects": [{"color": "cv_", "id_name": "hand", "shape": "CVCylinder", "id_string": "ob383", "world_size": [0.12, 0.005, 0.12], "id": 383, "camera_size": [48, 26], "camera_position": [246, 498], "world_position": [0.06030682821748628, 0.6665238571316844, -0.17410507867970282], "world_orientation": [-0.00011943524436556276, 0.020349421118914572, 0.9997929219570159, -0.0007659058846384772, -0.9997926377041906, 0.02034932383823321, 0.9999996995616541, -0.0007633168558818424, 0.00013499621938342513], "world_rotation": [0.0, 1.0, 0.0, 0.0]}, {"color": "CVGreen", "id_name": "object250450557508946", "shape": "CVBox", "id_string": "ob618", "world_size": [0.09, 0.09, 0.09], "id": 618, "camera_size": [37, 37], "camera_position": [256, 254], "world_position": [0.705, 0.6448569696296074, -0.15], "world_orientation": [1.0, -4.331917303826236e-17, -1.1712398707441946e-17, 4.331917303826236e-17, 1.0, -5.775889738434995e-17, 1.1712398707441946e-17, 5.775889738434995e-17, 1.0], "world_rotation": [-0.7896765794068324, 0.16013129347666225, -0.5922574345551229, -7.314247236221149e-17]}], "source": "action wait"}
{"timestamp": 1706067876.848641, "objects": [{"color": "cv_", "id_name": "hand", "shape": "CVCylinder", "id_string": "ob383", "world_size": [0.12, 0.005, 0.12], "id": 383, "camera_size": [48, 20], "camera_position": [246, 501], "world_position": [0.04334973376207599, 0.6662848208545888, -0.174108662325026], "world_orientation": [-8.160127801705207e-05, 0.01394055048394328, 0.9999028224749823, -0.0007642813487087099, -0.9999025346388105, 0.013940484098562838, 0.9999997046075823, -0.0007630695164205691, 9.224782744499602e-05], "world_rotation": [0.0, 1.0, 0.0, 0.0]}, {"color": "CVGreen", "id_name": "object250450557508946", "shape": "CVBox", "id_string": "ob618", "world_size": [0.09, 0.09, 0.09], "id": 618, "camera_size": [37, 37], "camera_position": [256, 254], "world_position": [0.705, 0.6448569696296074, -0.15], "world_orientation": [1.0, -4.331917303826236e-17, -1.1712398707441946e-17, 4.331917303826236e-17, 1.0, -5.775889738434995e-17, 1.1712398707441946e-17, 5.775889738434995e-17, 1.0], "world_rotation": [-0.7896765794068324, 0.16013129347666225, -0.5922574345551229, -7.314247236221149e-17]}], "source": "action wait"}
{"timestamp": 1706067876.884523, "objects": [{"color": "cv_", "id_name": "hand", "shape": "CVCylinder", "id_string": "ob383", "world_size": [0.12, 0.005, 0.12], "id": 383, "camera_size": [48, 16], "camera_position": [246, 503], "world_position": [0.03135019634148962, 0.6658407309999883, -0.17410992227115943], "world_orientation": [-5.612684975702992e-05, 0.009409058159059487, 0.9999557322573517, -0.0007632477365669152, -0.9999554429747618, 0.009409012596475275, 0.9999997071512919, -0.0007626858510765155, 6.330579125506507e-05], "world_rotation": [0.0, 1.0, 0.0, 0.0]}, {"color": "CVGreen", "id_name": "object250450557508946", "shape": "CVBox", "id_string": "ob618", "world_size": [0.09, 0.09, 0.09], "id": 618, "camera_size": [37, 37], "camera_position": [256, 254], "world_position": [0.705, 0.6448569696296074, -0.15], "world_orientation": [1.0, -4.331917303826236e-17, -1.1712398707441946e-17, 4.331917303826236e-17, 1.0, -5.775889738434995e-17, 1.1712398707441946e-17, 5.775889738434995e-17, 1.0], "world_rotation": [-0.7896765794068324, 0.16013129347666225, -0.5922574345551229, -7.314247236221149e-17]}], "source": "action wait"}
{"timestamp": 1706067876.916472, "objects": [{"color": "cv_", "id_name": "hand", "shape": "CVCylinder", "id_string": "ob383", "world_size": [0.12, 0.005, 0.12], "id": 383, "camera_size": [48, 13], "camera_position": [246, 505], "world_position": [0.02287497301813076, 0.6653975213237262, -0.1741101487309339], "world_orientation": [-3.9004855997889685e-05, 0.006205439363175391, 0.9999807453150943, -0.0007626837298307348, -0.999980455422692, 0.006205407815289472, 0.9999997083960322, -0.0007624270035579552, 4.3736881303577875e-05], "world_rotation": [0.0, 1.0, 0.0, 0.0]}, {"color": "CVGreen", "id_name": "object250450557508946", "shape": "CVBox", "id_string": "ob618", "world_size": [0.09, 0.09, 0.09], "id": 618, "camera_size": [37, 37], "camera_position": [256, 254], "world_position": [0.705, 0.6448569696296074, -0.15], "world_orientation": [1.0, -4.331917303826236e-17, -1.1712398707441946e-17, 4.331917303826236e-17, 1.0, -5.775889738434995e-17, 1.1712398707441946e-17, 5.775889738434995e-17, 1.0], "world_rotation": [-0.7896765794068324, 0.16013129347666225, -0.5922574345551229, -7.314247236221149e-17]}], "source": "action wait"}
{"timestamp": 1706067876.948418, "objects": [{"color": "cv_", "id_name": "hand", "shape": "CVCylinder", "id_string": "ob383", "world_size": [0.12, 0.005, 0.12], "id": 383, "camera_size": [48, 11], "camera_position": [246, 506], "world_position": [0.0168953832532855, 0.6650251183817042, -0.17410995863520137], "world_orientation": [-2.748855827347644e-05, 0.0039408298532351334, 0.9999922345220723, -0.0007624362744515431, -0.9999919443301509, 0.003940807751193101, 0.9999997089676109, -0.0007623220266463361, 3.0492968466640012e-05], "world_rotation": [0.0, 1.0, 0.0, 0.0]}, {"color": "CVGreen", "id_name": "object250450557508946", "shape": "CVBox", "id_string": "ob618", "world_size": [0.09, 0.09, 0.09], "id": 618, "camera_size": [37, 37], "camera_position": [256, 254], "world_position": [0.705, 0.6448569696296074, -0.15], "world_orientation": [1.0, -4.331917303826236e-17, -1.1712398707441946e-17, 4.331917303826236e-17, 1.0, -5.775889738434995e-17, 1.1712398707441946e-17, 5.775889738434995e-17, 1.0], "world_rotation": [-0.7896765794068324, 0.16013129347666225, -0.5922574345551229, -7.314247236221149e-17]}], "source": "action wait"}
{"timestamp": 1706067876.97792, "objects": [{"color": "cv_", "id_name": "hand", "shape": "CVCylinder", "id_string": "ob383", "world_size": [0.12, 0.005, 0.12], "id": 383, "camera_size": [48, 10], "camera_position": [246, 506], "world_position": [0.012679099679256256, 0.6647359225483771, -0.17410963711988925], "world_orientation": [-1.9760210203728576e-05, 0.00234014112516936, 0.9999972616707752, -0.0007623793451943768, -0.9999969712908815, 0.002340125380820611, 0.9999997091935918, -0.0007623310161796701, 2.154422561483393e-05], "world_rotation": [0.0, 1.0, 0.0, 0.0]}, {"color": "CVGreen", "id_name": "object250450557508946", "shape": "CVBox", "id_string": "ob618", "world_size": [0.09, 0.09, 0.09], "id": 618, "camera_size": [37, 37], "camera_position": [256, 254], "world_position": [0.705, 0.6448569696296074, -0.15], "world_orientation": [1.0, -4.331917303826236e-17, -1.1712398707441946e-17, 4.331917303826236e-17, 1.0, -5.775889738434995e-17, 1.1712398707441946e-17, 5.775889738434995e-17, 1.0], "world_rotation": [-0.7896765794068324, 0.16013129347666225, -0.5922574345551229, -7.314247236221149e-17]}], "source": "action wait"}
{"timestamp": 1706067877.014102, "objects": [{"color": "cv_", "id_name": "hand", "shape": "CVCylinder", "id_string": "ob383", "world_size": [0.12, 0.005, 0.12], "id": 383, "camera_size": [48, 9], "camera_position": [246, 507], "world_position": [0.009707122686343661, 0.6645208328236955, -0.17410930828482774], "world_orientation": [-1.4564795968943392e-05, 0.0012088169584831548, 0.9999992692744469, -0.0007624243772769939, -0.9999989787486414, 0.0012088055027271749, 0.9999997092484256, -0.0007624062141488832, 1.5486412611803676e-05], "world_rotation": [0.0, 1.0, 0.0, 0.0]}, {"color": "CVGreen", "id_name": "object250450557508946", "shape": "CVBox", "id_string": "ob618", "world_size": [0.09, 0.09, 0.09], "id": 618, "camera_size": [37, 37], "camera_position": [256, 254], "world_position": [0.705, 0.6448569696296074, -0.15], "world_orientation": [1.0, -4.331917303826236e-17, -1.1712398707441946e-17, 4.331917303826236e-17, 1.0, -5.775889738434995e-17, 1.1712398707441946e-17, 5.775889738434995e-17, 1.0], "world_rotation": [-0.7896765794068324, 0.16013129347666225, -0.5922574345551229, -7.314247236221149e-17]}], "source": "action wait"}
{"timestamp": 1706067877.049193, "objects": [{"color": "cv_", "id_name": "hand", "shape": "CVCylinder", "id_string": "ob383", "world_size": [0.12, 0.005, 0.12], "id": 383, "camera_size": [48, 8], "camera_position": [246, 507], "world_position": [0.0076125814347905935, 0.6643649362384052, -0.17410901981120616], "world_orientation": [-1.1082620526192667e-05, 0.0004092810546668175, 0.9999999161830936, -0.0007625152470043156, -0.9999996255331955, 0.00040927248504173114, 0.9999997092237946, -0.0007625106472813529, 1.1394699420977243e-05], "world_rotation": [0.0, 1.0, 0.0, 0.0]}, {"color": "CVGreen", "id_name": "object250450557508946", "shape": "CVBox", "id_string": "ob618", "world_size": [0.09, 0.09, 0.09], "id": 618, "camera_size": [37, 37], "camera_position": [256, 254], "world_position": [0.705, 0.6448569696296074, -0.15], "world_orientation": [1.0, -4.331917303826236e-17, -1.1712398707441946e-17, 4.331917303826236e-17, 1.0, -5.775889738434995e-17, 1.1712398707441946e-17, 5.775889738434995e-17, 1.0], "world_rotation": [-0.7896765794068324, 0.16013129347666225, -0.5922574345551229, -7.314247236221149e-17]}], "source": "action wait"}
{"timestamp": 1706067877.083042, "objects": [{"color": "cv_", "id_name": "hand", "shape": "CVCylinder", "id_string": "ob383", "world_size": [0.12, 0.005, 0.12], "id": 383, "camera_size": [48, 7], "camera_position": [246, 508], "world_position": [0.006136525741471676, 0.6642537513246951, -0.17410878447214564], "world_orientation": [-8.746774943292044e-06, -0.0001557377081431566, 0.9999999878346302, -0.0007626192034306074, -0.9999996970777808, -0.0001557443333195766, 0.9999997091676801, -0.0007626205564140952, 8.628003727135082e-06], "world_rotation": [0.0, 1.0, 0.0, 0.0]}, {"color": "CVGreen", "id_name": "object250450557508946", "shape": "CVBox", "id_string": "ob618", "world_size": [0.09, 0.09, 0.09], "id": 618, "camera_size": [37, 37], "camera_position": [256, 254], "world_position": [0.705, 0.6448569696296074, -0.15], "world_orientation": [1.0, -4.331917303826236e-17, -1.1712398707441946e-17, 4.331917303826236e-17, 1.0, -5.775889738434995e-17, 1.1712398707441946e-17, 5.775889738434995e-17, 1.0], "world_rotation": [-0.7896765794068324, 0.16013129347666225, -0.5922574345551229, -7.314247236221149e-17]}], "source": "action wait"}
{"timestamp": 1706067877.116632, "objects": [{"color": "cv_", "id_name": "hand", "shape": "CVCylinder", "id_string": "ob383", "world_size": [0.12, 0.005, 0.12], "id": 383, "camera_size": [48, 7], "camera_position": [246, 508], "world_position": [0.005096335853971262, 0.6641752653416647, -0.17410860020707847], "world_orientation": [-7.18080909097492e-06, -0.000555005690040334, 0.9999998459585482, -0.0007627189174597641, -0.9999995551112193, -0.0005550110055576107, 0.9999997091041023, -0.0007627227853979086, 6.757492557585653e-06], "world_rotation": [0.0, 1.0, 0.0, 0.0]}, {"color": "CVGreen", "id_name": "object250450557508946", "shape": "CVBox", "id_string": "ob618", "world_size": [0.09, 0.09, 0.09], "id": 618, "camera_size": [37, 37], "camera_position": [256, 254], "world_position": [0.705, 0.6448569696296074, -0.15], "world_orientation": [1.0, -4.331917303826236e-17, -1.1712398707441946e-17, 4.331917303826236e-17, 1.0, -5.775889738434995e-17, 1.1712398707441946e-17, 5.775889738434995e-17, 1.0], "world_rotation": [-0.7896765794068324, 0.16013129347666225, -0.5922574345551229, -7.314247236221149e-17]}], "source": "action wait"}
{"timestamp": 1706067877.148511, "objects": [{"color": "cv_", "id_name": "hand", "shape": "CVCylinder", "id_string": "ob383", "world_size": [0.12, 0.005, 0.12], "id": 383, "camera_size": [48, 7], "camera_position": [246, 508], "world_position": [0.004363285193484389, 0.6641202226280637, -0.17410845959315435], "world_orientation": [-6.131827572695805e-06, -0.0008371330221048535, 0.9999996495852906, -0.0007628064913313815, -0.9999993586633626, -0.0008371374559633604, 0.9999997090442865, -0.0007628113572157002, 5.493253137124389e-06], "world_rotation": [0.0, 1.0, 0.0, 0.0]}, {"color": "CVGreen", "id_name": "object250450557508946", "shape": "CVBox", "id_string": "ob618", "world_size": [0.09, 0.09, 0.09], "id": 618, "camera_size": [37, 37], "camera_position": [256, 254], "world_position": [0.705, 0.6448569696296074, -0.15], "world_orientation": [1.0, -4.331917303826236e-17, -1.1712398707441946e-17, 4.331917303826236e-17, 1.0, -5.775889738434995e-17, 1.1712398707441946e-17, 5.775889738434995e-17, 1.0], "world_rotation": [-0.7896765794068324, 0.16013129347666225, -0.5922574345551229, -7.314247236221149e-17]}], "source": "action wait"}
{"timestamp": 1706067877.184921, "objects": [{"color": "cv_", "id_name": "hand", "shape": "CVCylinder", "id_string": "ob383", "world_size": [0.12, 0.005, 0.12], "id": 383, "camera_size": [48, 7], "camera_position": [246, 508], "world_position": [0.003846659705932825, 0.6640817774492982, -0.17410835412038356], "world_orientation": [-5.429968339890243e-06, -0.0010364787641374826, 0.9999994628409994, -0.0007628794188732075, -0.9999991718590582, -0.0010364826049536725, 0.9999997089927115, -0.0007628846371537871, 4.63925552621522e-06], "world_rotation": [0.0, 1.0, 0.0, 0.0]}, {"color": "CVGreen", "id_name": "object250450557508946", "shape": "CVBox", "id_string": "ob618", "world_size": [0.09, 0.09, 0.09], "id": 618, "camera_size": [37, 37], "camera_position": [256, 254], "world_position": [0.705, 0.6448569696296074, -0.15], "world_orientation": [1.0, -4.331917303826236e-17, -1.1712398707441946e-17, 4.331917303826236e-17, 1.0, -5.775889738434995e-17, 1.1712398707441946e-17, 5.775889738434995e-17, 1.0], "world_rotation": [-0.7896765794068324, 0.16013129347666225, -0.5922574345551229, -7.314247236221149e-17]}], "source": "action wait"}
{"timestamp": 1706067877.216196, "objects": [{"color": "cv_", "id_name": "hand", "shape": "CVCylinder", "id_string": "ob383", "world_size": [0.12, 0.005, 0.12], "id": 383, "camera_size": [48, 7], "camera_position": [246, 508], "world_position": [0.003482540933870898, 0.6640549893866725, -0.174108275958491], "world_orientation": [-4.961057463894238e-06, -0.0011773271005099274, 0.9999993069379032, -0.0007629380283098206, -0.9999990159086948, -0.001177330542854704, 0.9999997089504342, -0.0007629433403512601, 4.062824965385665e-06], "world_rotation": [0.0, 1.0, 0.0, 0.0]}, {"color": "CVGreen", "id_name": "object250450557508946", "shape": "CVBox", "id_string": "ob618", "world_size": [0.09, 0.09, 0.09], "id": 618, "camera_size": [37, 37], "camera_position": [256, 254], "world_position": [0.705, 0.6448569696296074, -0.15], "world_orientation": [1.0, -4.331917303826236e-17, -1.1712398707441946e-17, 4.331917303826236e-17, 1.0, -5.775889738434995e-17, 1.1712398707441946e-17, 5.775889738434995e-17, 1.0], "world_rotation": [-0.7896765794068324, 0.16013129347666225, -0.5922574345551229, -7.314247236221149e-17]}], "source": "action wait"}
{"timestamp": 1706067877.242644, "objects": [{"color": "cv_", "id_name": "hand", "shape": "CVCylinder", "id_string": "ob383", "world_size": [0.12, 0.005, 0.12], "id": 383, "camera_size": [48, 7], "camera_position": [246, 508], "world_position": [0.0032258928425939666, 0.6640363474798255, -0.1741082185462698], "world_orientation": [-4.6483146424849835e-06, -0.0012768403880570702, 0.9999991848281761, -0.0007629839519581815, -0.9999988937623906, -0.0012768435630041187, 0.9999997089168989, -0.0007629892651661381, 3.674100775408794e-06], "world_rotation": [0.0, 1.0, 0.0, 0.0]}, {"color": "CVGreen", "id_name": "object250450557508946", "shape": "CVBox", "id_string": "ob618", "world_size": [0.09, 0.09, 0.09], "id": 618, "camera_size": [37, 37], "camera_position": [256, 254], "world_position": [0.705, 0.6448569696296074, -0.15], "world_orientation": [1.0, -4.331917303826236e-17, -1.1712398707441946e-17, 4.331917303826236e-17, 1.0, -5.775889738434995e-17, 1.1712398707441946e-17, 5.775889738434995e-17, 1.0], "world_rotation": [-0.7896765794068324, 0.16013129347666225, -0.5922574345551229, -7.314247236221149e-17]}], "source": "action wait"}
{"timestamp": 1706067878.236513, "objects": [{"color": "CVGreen", "id_name": "object250450557508946", "shape": "CVBox", "id_string": "ob618", "world_size": [0.09, 0.09, 0.09], "id": 618, "camera_size": [37, 37], "camera_position": [256, 254], "world_position": [0.705, 0.6448569696296074, -0.15], "world_orientation": [1.0, -4.331917303826236e-17, -1.1712398707441946e-17, 4.331917303826236e-17, 1.0, -5.775889738434995e-17, 1.1712398707441946e-17, 5.775889738434995e-17, 1.0], "world_rotation": [-0.7896765794068324, 0.16013129347666225, -0.5922574345551229, -7.314247236221149e-17]}], "source": "action wait"}
{"timestamp": 1706067878.268029, "objects": [{"color": "cv_", "id_name": "hand", "shape": "CVCylinder", "id_string": "ob383", "world_size": [0.12, 0.005, 0.12], "id": 383, "camera_size": [51, 11], "camera_position": [246, 506], "world_position": [0.035441353842504394, 0.7201667676960691, -0.17412270122554188], "world_orientation": [0.00015843994487704796, 0.19403524099430586, 0.9809945464420614, -0.0007077674802381721, -0.9809942912890754, 0.19403530483764717, 0.9999997369809543, -0.0007250589812656497, -1.8096847840165788e-05], "world_rotation": [0.0, 1.0, 0.0, 0.0]}, {"color": "CVGreen", "id_name": "object250450557508946", "shape": "CVBox", "id_string": "ob618", "world_size": [0.09, 0.09, 0.09], "id": 618, "camera_size": [37, 37], "camera_position": [256, 254], "world_position": [0.705, 0.6448569696296074, -0.15], "world_orientation": [1.0, -4.331917303826236e-17, -1.1712398707441946e-17, 4.331917303826236e-17, 1.0, -5.775889738434995e-17, 1.1712398707441946e-17, 5.775889738434995e-17, 1.0], "world_rotation": [-0.7896765794068324, 0.16013129347666225, -0.5922574345551229, -7.314247236221149e-17]}], "source": "action wait"}
{"timestamp": 1706067878.297154, "objects": [{"color": "cv_", "id_name": "hand", "shape": "CVCylinder", "id_string": "ob383", "world_size": [0.12, 0.005, 0.12], "id": 383, "camera_size": [52, 21], "camera_position": [245, 501], "world_position": [0.08355540148285148, 0.7737406695299915, -0.17412462026988268], "world_orientation": [0.00025846521378497474, 0.29908427278849264, 0.9542266664510648, -0.0007062048034217113, -0.954226405784096, 0.29908438237250323, 0.9999997172352146, -0.0007511823642307239, -3.541958189867534e-05], "world_rotation": [0.0, 1.0, 0.0, 0.0]}, {"color": "CVGreen", "id_name": "object250450557508946", "shape": "CVBox", "id_string": "ob618", "world_size": [0.09, 0.09, 0.09], "id": 618, "camera_size": [37, 37], "camera_position": [256, 254], "world_position": [0.705, 0.6448569696296074, -0.15], "world_orientation": [1.0, -4.331917303826236e-17, -1.1712398707441946e-17, 4.331917303826236e-17, 1.0, -5.775889738434995e-17, 1.1712398707441946e-17, 5.775889738434995e-17, 1.0], "world_rotation": [-0.7896765794068324, 0.16013129347666225, -0.5922574345551229, -7.314247236221149e-17]}], "source": "action wait"}
{"timestamp": 1706067878.327006, "objects": [{"color": "cv_", "id_name": "hand", "shape": "CVCylinder", "id_string": "ob383", "world_size": [0.12, 0.005, 0.12], "id": 383, "camera_size": [54, 38], "camera_position": [245, 492], "world_position": [0.13991835729801003, 0.8061520520740709, -0.17412046943591636], "world_orientation": [0.0002908695361962302, 0.34027231967505595, 0.9403268920209977, -0.0007117489889932838, -0.9403266231753902, 0.3402724425529414, 0.9999997044041011, -0.0007682516022650939, -3.132388924440615e-05], "world_rotation": [0.0, 1.0, 0.0, 0.0]}, {"color": "CVGreen", "id_name": "object250450557508946", "shape": "CVBox", "id_string": "ob618", "world_size": [0.09, 0.09, 0.09], "id": 618, "camera_size": [37, 37], "camera_position": [256, 254], "world_position": [0.705, 0.6448569696296074, -0.15], "world_orientation": [1.0, -4.331917303826236e-17, -1.1712398707441946e-17, 4.331917303826236e-17, 1.0, -5.775889738434995e-17, 1.1712398707441946e-17, 5.775889738434995e-17, 1.0], "world_rotation": [-0.7896765794068324, 0.16013129347666225, -0.5922574345551229, -7.314247236221149e-17]}], "source": "action wait"}
{"timestamp": 1706067878.359629, "objects": [{"color": "cv_", "id_name": "hand", "shape": "CVCylinder", "id_string": "ob383", "world_size": [0.12, 0.005, 0.12], "id": 383, "camera_size": [55, 59], "camera_position": [245, 480], "world_position": [0.20085364810993683, 0.8206658891450158, -0.17411715230689206], "world_orientation": [0.00028958866961798196, 0.34130486270494603, 0.9399526088225728, -0.0007211884736988798, -0.9399523325139303, 0.34130498456484254, 0.9999996980127485, -0.0007767210437203649, -2.605441247637541e-05], "world_rotation": [0.0, 1.0, 0.0, 0.0]}, {"color": "CVGreen", "id_name": "object250450557508946", "shape": "CVBox", "id_string": "ob618", "world_size": [0.09, 0.09, 0.09], "id": 618, "camera_size": [37, 37], "camera_position": [256, 254], "world_position": [0.705, 0.6448569696296074, -0.15], "world_orientation": [1.0, -4.331917303826236e-17, -1.1712398707441946e-17, 4.331917303826236e-17, 1.0, -5.775889738434995e-17, 1.1712398707441946e-17, 5.775889738434995e-17, 1.0], "world_rotation": [-0.7896765794068324, 0.16013129347666225, -0.5922574345551229, -7.314247236221149e-17]}], "source": "action wait"}
{"timestamp": 1706067878.397173, "objects": [{"color": "cv_", "id_name": "hand", "shape": "CVCylinder", "id_string": "ob383", "world_size": [0.12, 0.005, 0.12], "id": 383, "camera_size": [55, 58], "camera_position": [245, 451], "world_position": [0.2644463928076844, 0.8200545433528321, -0.17411445223576733], "world_orientation": [0.00026479172383193797, 0.31409333620491736, 0.94939207182123, -0.0007342592570417784, -0.9493917881104422, 0.31409344713285736, 0.9999996953742969, -0.0007802692626076436, -2.0765148481592898e-05], "world_rotation": [0.0, 1.0, 0.0, 0.0]}, {"color": "CVGreen", "id_name": "object250450557508946", "shape": "CVBox", "id_string": "ob618", "world_size": [0.09, 0.09, 0.09], "id": 618, "camera_size": [37, 37], "camera_position": [256, 254], "world_position": [0.705, 0.6448569696296074, -0.15], "world_orientation": [1.0, -4.331917303826236e-17, -1.1712398707441946e-17, 4.331917303826236e-17, 1.0, -5.775889738434995e-17, 1.1712398707441946e-17, 5.775889738434995e-17, 1.0], "world_rotation": [-0.7896765794068324, 0.16013129347666225, -0.5922574345551229, -7.314247236221149e-17]}], "source": "action wait"}
{"timestamp": 1706067878.435922, "objects": [{"color": "cv_", "id_name": "hand", "shape": "CVCylinder", "id_string": "ob383", "world_size": [0.12, 0.005, 0.12], "id": 383, "camera_size": [54, 57], "camera_position": [245, 421], "world_position": [0.32868275817034126, 0.806516678898335, -0.1741120698821941], "world_orientation": [0.00022316497381075912, 0.26634655432599225, 0.9638773071278655, -0.0007487973555415659, -0.9638770163998863, 0.26634664735748736, 0.999999694749911, -0.000781188021226272, -1.566399358431472e-05], "world_rotation": [0.0, 1.0, 0.0, 0.0]}, {"color": "CVGreen", "id_name": "object250450557508946", "shape": "CVBox", "id_string": "ob618", "world_size": [0.09, 0.09, 0.09], "id": 618, "camera_size": [37, 37], "camera_position": [256, 254], "world_position": [0.705, 0.6448569696296074, -0.15], "world_orientation": [1.0, -4.331917303826236e-17, -1.1712398707441946e-17, 4.331917303826236e-17, 1.0, -5.775889738434995e-17, 1.1712398707441946e-17, 5.775889738434995e-17, 1.0], "world_rotation": [-0.7896765794068324, 0.16013129347666225, -0.5922574345551229, -7.314247236221149e-17]}], "source": "action wait"}
{"timestamp": 1706067878.470455, "objects": [{"color": "cv_", "id_name": "hand", "shape": "CVCylinder", "id_string": "ob383", "world_size": [0.12, 0.005, 0.12], "id": 383, "camera_size": [53, 54], "camera_position": [245, 390], "world_position": [0.3917731292739873, 0.7818351022959018, -0.1741098108888985], "world_orientation": [0.00016936310324507225, 0.2033850488471294, 0.9790988168829488, -0.0007623278554570785, -0.9790985201673917, 0.20338511907773554, 0.9999996950861436, -0.0007808402362760899, -1.0777075638111297e-05], "world_rotation": [0.0, 1.0, 0.0, 0.0]}, {"color": "CVGreen", "id_name": "object250450557508946", "shape": "CVBox", "id_string": "ob618", "world_size": [0.09, 0.09, 0.09], "id": 618, "camera_size": [37, 37], "camera_position": [256, 254], "world_position": [0.705, 0.6448569696296074, -0.15], "world_orientation": [1.0, -4.331917303826236e-17, -1.1712398707441946e-17, 4.331917303826236e-17, 1.0, -5.775889738434995e-17, 1.1712398707441946e-17, 5.775889738434995e-17, 1.0], "world_rotation": [-0.7896765794068324, 0.16013129347666225, -0.5922574345551229, -7.314247236221149e-17]}], "source": "action wait"}
{"timestamp": 1706067878.503612, "objects": [{"color": "cv_", "id_name": "hand", "shape": "CVCylinder", "id_string": "ob383", "world_size": [0.12, 0.005, 0.12], "id": 383, "camera_size": [52, 52], "camera_position": [245, 365], "world_position": [0.44402024811721996, 0.7535351920740072, -0.17410318244840753], "world_orientation": [0.00010722229210477523, 0.14346789241068256, 0.9896549663143297, -0.0007677343554777299, -0.9896546685338453, 0.14346793242088865, 0.9999996995436247, -0.0007751750782666816, 4.032187959685871e-06], "world_rotation": [0.0, 1.0, 0.0, 0.0]}, {"color": "CVGreen", "id_name": "object250450557508946", "shape": "CVBox", "id_string": "ob618", "world_size": [0.09, 0.09, 0.09], "id": 618, "camera_size": [37, 37], "camera_position": [256, 254], "world_position": [0.705, 0.6448569696296074, -0.15], "world_orientation": [1.0, -4.331917303826236e-17, -1.1712398707441946e-17, 4.331917303826236e-17, 1.0, -5.775889738434995e-17, 1.1712398707441946e-17, 5.775889738434995e-17, 1.0], "world_rotation": [-0.7896765794068324, 0.16013129347666225, -0.5922574345551229, -7.314247236221149e-17]}], "source": "action wait"}
{"timestamp": 1706067878.533315, "objects": [{"color": "cv_", "id_name": "hand", "shape": "CVCylinder", "id_string": "ob383", "world_size": [0.12, 0.005, 0.12], "id": 383, "camera_size": [51, 51], "camera_position": [246, 349], "world_position": [0.47949211067109326, 0.730280264145557, -0.17409840813431762], "world_orientation": [6.306282429315726e-05, 0.10084448100374545, 0.9949021995523808, -0.0007666407590602259, -0.9949019042842373, 0.10084449966926769, 0.9999997041424696, -0.0007690921164194275, 1.4570165485340672e-05], "world_rotation": [0.0, 1.0, 0.0, 0.0]}, {"color": "CVGreen", "id_name": "object250450557508946", "shape": "CVBox", "id_string": "ob618", "world_size": [0.09, 0.09, 0.09], "id": 618, "camera_size": [37, 37], "camera_position": [256, 254], "world_position": [0.705, 0.6448569696296074, -0.15], "world_orientation": [1.0, -4.331917303826236e-17, -1.1712398707441946e-17, 4.331917303826236e-17, 1.0, -5.775889738434995e-17, 1.1712398707441946e-17, 5.775889738434995e-17, 1.0], "world_rotation": [-0.7896765794068324, 0.16013129347666225, -0.5922574345551229, -7.314247236221149e-17]}], "source": "action wait"}
{"timestamp": 1706067878.559706, "objects": [{"color": "cv_", "id_name": "hand", "shape": "CVCylinder", "id_string": "ob383", "world_size": [0.12, 0.005, 0.12], "id": 383, "camera_size": [50, 51], "camera_position": [245, 338], "world_position": [0.5036423753192736, 0.7123297507286906, -0.17409668088637595], "world_orientation": [3.56380943548676e-05, 0.07067665618975698, 0.9974992776938545, -0.0007644590822345573, -0.9974989849336189, 0.07067666275873498, 0.9999997071660762, -0.0007650661639318987, 1.8480448782669006e-05], "world_rotation": [0.0, 1.0, 0.0, 0.0]}, {"color": "CVGreen", "id_name": "object250450557508946", "shape": "CVBox", "id_string": "ob618", "world_size": [0.09, 0.09, 0.09], "id": 618, "camera_size": [37, 37], "camera_position": [256, 254], "world_position": [0.705, 0.6448569696296074, -0.15], "world_orientation": [1.0, -4.331917303826236e-17, -1.1712398707441946e-17, 4.331917303826236e-17, 1.0, -5.775889738434995e-17, 1.1712398707441946e-17, 5.775889738434995e-17, 1.0], "world_rotation": [-0.7896765794068324, 0.16013129347666225, -0.5922574345551229, -7.314247236221149e-17]}], "source": "action wait"}
{"timestamp": 1706067878.590954, "objects": [{"color": "cv_", "id_name": "hand", "shape": "CVCylinder", "id_string": "ob383", "world_size": [0.12, 0.005, 0.12], "id": 383, "camera_size": [49, 50], "camera_position": [246, 330], "world_position": [0.5202009252888291, 0.6989461133962895, -0.17409659427783944], "world_orientation": [1.8770812960571682e-05, 0.04936680845041099, 0.9987807156083247, -0.0007627106908703192, -0.9987804245683161, 0.049366808399332385, 0.999999708959987, -0.000762707384756838, 1.890467204140544e-05], "world_rotation": [0.0, 1.0, 0.0, 0.0]}, {"color": "CVGreen", "id_name": "object250450557508946", "shape": "CVBox", "id_string": "ob618", "world_size": [0.09, 0.09, 0.09], "id": 618, "camera_size": [37, 37], "camera_position": [256, 254], "world_position": [0.705, 0.6448569696296074, -0.15], "world_orientation": [1.0, -4.331917303826236e-17, -1.1712398707441946e-17, 4.331917303826236e-17, 1.0, -5.775889738434995e-17, 1.1712398707441946e-17, 5.775889738434995e-17, 1.0], "world_rotation": [-0.7896765794068324, 0.16013129347666225, -0.5922574345551229, -7.314247236221149e-17]}], "source": "action wait"}
{"timestamp": 1706067878.624082, "objects": [{"color": "cv_", "id_name": "hand", "shape": "CVCylinder", "id_string": "ob383", "world_size": [0.12, 0.005, 0.12], "id": 383, "camera_size": [49, 49], "camera_position": [246, 325], "world_position": [0.5316285922924949, 0.6891728562540974, -0.1740973087859872], "world_orientation": [8.519522535033225e-06, 0.03432855348540253, 0.9994106014761989, -0.0007616706262700715, -0.9994103113895622, 0.03432855001417231, 0.9999997098925953, -0.0007615141615831277, 1.763255216292069e-05], "world_rotation": [0.0, 1.0, 0.0, 0.0]}, {"color": "CVGreen", "id_name": "object250450557508946", "shape": "CVBox", "id_string": "ob618", "world_size": [0.09, 0.09, 0.09], "id": 618, "camera_size": [37, 37], "camera_position": [256, 254], "world_position": [0.705, 0.6448569696296074, -0.15], "world_orientation": [1.0, -4.331917303826236e-17, -1.1712398707441946e-17, 4.331917303826236e-17, 1.0, -5.775889738434995e-17, 1.1712398707441946e-17, 5.775889738434995e-17, 1.0], "world_rotation": [-0.7896765794068324, 0.16013129347666225, -0.5922574345551229, -7.314247236221149e-17]}], "source": "action wait"}
{"timestamp": 1706067878.658304, "objects": [{"color": "cv_", "id_name": "hand", "shape": "CVCylinder", "id_string": "ob383", "world_size": [0.12, 0.005, 0.12], "id": 383, "camera_size": [49, 50], "camera_position": [246, 321], "world_position": [0.5395583241538667, 0.6821285502554479, -0.17409834380037198], "world_orientation": [2.380869152457436e-06, 0.023721061377343283, 0.9997186160322633, -0.0007612160390219391, -0.9997183263486586, 0.023721056316672928, 0.9999997102721948, -0.0007610583217641787, 1.567665385908054e-05], "world_rotation": [0.0, 1.0, 0.0, 0.0]}, {"color": "CVGreen", "id_name": "object250450557508946", "shape": "CVBox", "id_string": "ob618", "world_size": [0.09, 0.09, 0.09], "id": 618, "camera_size": [37, 37], "camera_position": [256, 254], "world_position": [0.705, 0.6448569696296074, -0.15], "world_orientation": [1.0, -4.331917303826236e-17, -1.1712398707441946e-17, 4.331917303826236e-17, 1.0, -5.775889738434995e-17, 1.1712398707441946e-17, 5.775889738434995e-17, 1.0], "world_rotation": [-0.7896765794068324, 0.16013129347666225, -0.5922574345551229, -7.314247236221149e-17]}], "source": "action wait"}
