{"timestamp": 1706028898.985211, "objects": [{"color": "cv_", "id_name": "hand", "shape": "CVCylinder", "id_string": "ob382", "world_size": [0.12, 0.005, 0.12], "id": 382, "camera_size": [48, 50], "camera_position": [246, 426], "world_position": [0.26764451554013774, 0.6334703013847397, -0.17389260400847836], "world_orientation": [-0.0006415511558328466, 0.19791547486641115, 0.9802188802611984, -0.0007473675260547018, -0.980218903124968, 0.19791499033237955, 0.9999995149268303, -0.0006056111687288242, 0.0007767761690883093], "world_rotation": [0.0, 1.0, 0.0, 0.0]}, {"color": "CVPurple", "id_name": "object189455408806008", "shape": "CVSphere", "id_string": "ob785", "world_size": [0.11, 0.11, 0.11], "id": 785, "camera_size": [45, 45], "camera_position": [256, 254], "world_position": [0.705, 0.654738849708696, -0.15], "world_orientation": [1.0, -5.1619362862653347e-17, 1.4541359828532488e-17, 5.1619362862653347e-17, 1.0, 2.3824321321224633e-17, -1.4541359828532488e-17, -2.3824321321224633e-17, 1.0], "world_rotation": [-0.4059884517598224, 0.2477982093873522, 0.8796416454796148, 5.868226354211375e-17]}], "source": "manual check"}
{"timestamp": 1706028900.01118, "objects": [{"color": "cv_", "id_name": "hand", "shape": "CVCylinder", "id_string": "ob382", "world_size": [0.12, 0.005, 0.12], "id": 382, "camera_size": [48, 50], "camera_position": [246, 426], "world_position": [0.26764451554013774, 0.6334703013847397, -0.17389260400847836], "world_orientation": [-0.0006415511558328466, 0.19791547486641115, 0.9802188802611984, -0.0007473675260547018, -0.980218903124968, 0.19791499033237955, 0.9999995149268303, -0.0006056111687288242, 0.0007767761690883093], "world_rotation": [0.0, 1.0, 0.0, 0.0]}, {"color": "CVPurple", "id_name": "object189455408806008", "shape": "CVSphere", "id_string": "ob785", "world_size": [0.11, 0.11, 0.11], "id": 785, "camera_size": [45, 45], "camera_position": [256, 254], "world_position": [0.705, 0.6547388572526824, -0.15], "world_orientation": [1.0, -3.838362879530641e-17, 1.4813540171849057e-17, 3.838362879530641e-17, 1.0, 5.294293626938881e-18, -1.4813540171849057e-17, -5.294293626938881e-18, 1.0], "world_rotation": [-0.1276280613210114, 0.35710588544125776, 0.925303444577321, 4.1482206750932463e-17]}], "source": "manual check"}
{"timestamp": 1706028901.123125, "objects": [{"color": "cv_", "id_name": "hand", "shape": "CVCylinder", "id_string": "ob382", "world_size": [0.12, 0.005, 0.12], "id": 382, "camera_size": [48, 50], "camera_position": [246, 426], "world_position": [0.26764451554013774, 0.6334703013847397, -0.17389260400847836], "world_orientation": [-0.0006415511558328466, 0.19791547486641115, 0.9802188802611984, -0.0007473675260547018, -0.980218903124968, 0.19791499033237955, 0.9999995149268303, -0.0006056111687288242, 0.0007767761690883093], "world_rotation": [0.0, 1.0, 0.0, 0.0]}, {"color": "CVPurple", "id_name": "object189455408806008", "shape": "CVSphere", "id_string": "ob785", "world_size": [0.11, 0.11, 0.11], "id": 785, "camera_size": [45, 45], "camera_position": [256, 254], "world_position": [0.705, 0.6547388572526824, -0.15], "world_orientation": [1.0, -3.838362879530641e-17, 1.4813540171849057e-17, 3.838362879530641e-17, 1.0, 5.294293626938881e-18, -1.4813540171849057e-17, -5.294293626938881e-18, 1.0], "world_rotation": [-0.1276280613210114, 0.35710588544125776, 0.925303444577321, 4.1482206750932463e-17]}], "source": "action wait"}
{"timestamp": 1706028901.156813, "objects": [{"color": "cv_", "id_name": "hand", "shape": "CVCylinder", "id_string": "ob382", "world_size": [0.12, 0.005, 0.12], "id": 382, "camera_size": [48, 50], "camera_position": [246, 444], "world_position": [0.2251473942646501, 0.6428711424311733, -0.17397270148303512], "world_orientation": [-0.0005236749923209806, 0.0885650192712885, 0.9960702601352872, -0.0007615736318828567, -0.9960701431777322, 0.08856460848157811, 0.9999995728849617, -0.0007122017749555652, 0.0005890658079643624], "world_rotation": [0.0, 1.0, 0.0, 0.0]}, {"color": "CVPurple", "id_name": "object189455408806008", "shape": "CVSphere", "id_string": "ob785", "world_size": [0.11, 0.11, 0.11], "id": 785, "camera_size": [45, 45], "camera_position": [256, 254], "world_position": [0.705, 0.6547388572526824, -0.15], "world_orientation": [1.0, -3.838362879530641e-17, 1.4813540171849057e-17, 3.838362879530641e-17, 1.0, 5.294293626938881e-18, -1.4813540171849057e-17, -5.294293626938881e-18, 1.0], "world_rotation": [-0.1276280613210114, 0.35710588544125776, 0.925303444577321, 4.1482206750932463e-17]}], "source": "action wait"}
{"timestamp": 1706028901.193473, "objects": [{"color": "cv_", "id_name": "hand", "shape": "CVCylinder", "id_string": "ob382", "world_size": [0.12, 0.005, 0.12], "id": 382, "camera_size": [48, 50], "camera_position": [246, 471], "world_position": [0.16390171140197374, 0.6600243098057701, -0.17403875078154063], "world_orientation": [-0.00037816075337806485, 0.06187081688498793, 0.9980840941586179, -0.0007686807672731805, -0.9980838886401835, 0.061870512902094284, 0.999999633062094, -0.0007438110475303932, 0.00042499506225803754], "world_rotation": [0.0, 1.0, 0.0, 0.0]}, {"color": "CVPurple", "id_name": "object189455408806008", "shape": "CVSphere", "id_string": "ob785", "world_size": [0.11, 0.11, 0.11], "id": 785, "camera_size": [45, 45], "camera_position": [256, 254], "world_position": [0.705, 0.6547388572526824, -0.15], "world_orientation": [1.0, -3.838362879530641e-17, 1.4813540171849057e-17, 3.838362879530641e-17, 1.0, 5.294293626938881e-18, -1.4813540171849057e-17, -5.294293626938881e-18, 1.0], "world_rotation": [-0.1276280613210114, 0.35710588544125776, 0.925303444577321, 4.1482206750932463e-17]}], "source": "action wait"}
{"timestamp": 1706028901.225981, "objects": [{"color": "cv_", "id_name": "hand", "shape": "CVCylinder", "id_string": "ob382", "world_size": [0.12, 0.005, 0.12], "id": 382, "camera_size": [49, 46], "camera_position": [246, 488], "world_position": [0.11787035223192655, 0.6676875940429999, -0.17407780703514605], "world_orientation": [-0.0002573566110430618, 0.043313367874519546, 0.9990615025767638, -0.0007697872680395275, -0.9990612482344754, 0.04331315855180732, 0.9999996705975142, -0.0007579178969739286, 0.0002904570961961732], "world_rotation": [0.0, 1.0, 0.0, 0.0]}, {"color": "CVPurple", "id_name": "object189455408806008", "shape": "CVSphere", "id_string": "ob785", "world_size": [0.11, 0.11, 0.11], "id": 785, "camera_size": [45, 45], "camera_position": [256, 254], "world_position": [0.705, 0.6547388572526824, -0.15], "world_orientation": [1.0, -3.838362879530641e-17, 1.4813540171849057e-17, 3.838362879530641e-17, 1.0, 5.294293626938881e-18, -1.4813540171849057e-17, -5.294293626938881e-18, 1.0], "world_rotation": [-0.1276280613210114, 0.35710588544125776, 0.925303444577321, 4.1482206750932463e-17]}], "source": "action wait"}
{"timestamp": 1706028901.258245, "objects": [{"color": "cv_", "id_name": "hand", "shape": "CVCylinder", "id_string": "ob382", "world_size": [0.12, 0.005, 0.12], "id": 382, "camera_size": [49, 34], "camera_position": [246, 494], "world_position": [0.08448308112454726, 0.6707868535035503, -0.17409653296595443], "world_orientation": [-0.0001749301658157993, 0.03018096982046001, 0.999544435460542, -0.0007681379224428194, -0.9995441599256943, 0.030180827069024713, 0.9999996896817366, -0.0007625084489606542, 0.00019803357309158815], "world_rotation": [0.0, 1.0, 0.0, 0.0]}, {"color": "CVPurple", "id_name": "object189455408806008", "shape": "CVSphere", "id_string": "ob785", "world_size": [0.11, 0.11, 0.11], "id": 785, "camera_size": [45, 45], "camera_position": [256, 254], "world_position": [0.705, 0.6547388572526824, -0.15], "world_orientation": [1.0, -3.838362879530641e-17, 1.4813540171849057e-17, 3.838362879530641e-17, 1.0, 5.294293626938881e-18, -1.4813540171849057e-17, -5.294293626938881e-18, 1.0], "world_rotation": [-0.1276280613210114, 0.35710588544125776, 0.925303444577321, 4.1482206750932463e-17]}], "source": "action wait"}
{"timestamp": 1706028901.290353, "objects": [{"color": "cv_", "id_name": "hand", "shape": "CVCylinder", "id_string": "ob382", "world_size": [0.12, 0.005, 0.12], "id": 382, "camera_size": [49, 25], "camera_position": [246, 499], "world_position": [0.06057133848508114, 0.6718147645723154, -0.1741050857134615], "world_orientation": [-0.00011907316306318911, 0.0208918049400359, 0.9997817353342325, -0.0007661269072948151, -0.9997814509165395, 0.020891707751670662, 0.9999996994355267, -0.0007634720471380286, 0.00013505291363942497], "world_rotation": [0.0, 1.0, 0.0, 0.0]}, {"color": "CVPurple", "id_name": "object189455408806008", "shape": "CVSphere", "id_string": "ob785", "world_size": [0.11, 0.11, 0.11], "id": 785, "camera_size": [45, 45], "camera_position": [256, 254], "world_position": [0.705, 0.6547388572526824, -0.15], "world_orientation": [1.0, -3.838362879530641e-17, 1.4813540171849057e-17, 3.838362879530641e-17, 1.0, 5.294293626938881e-18, -1.4813540171849057e-17, -5.294293626938881e-18, 1.0], "world_rotation": [-0.1276280613210114, 0.35710588544125776, 0.925303444577321, 4.1482206750932463e-17]}], "source": "action wait"}
{"timestamp": 1706028901.320055, "objects": [{"color": "cv_", "id_name": "hand", "shape": "CVCylinder", "id_string": "ob382", "world_size": [0.12, 0.005, 0.12], "id": 382, "camera_size": [49, 19], "camera_position": [246, 502], "world_position": [0.04356463378315938, 0.6719703012214019, -0.17410869701725062], "world_orientation": [-8.13723568731312e-05, 0.014322983465253545, 0.9998974175000123, -0.0007645366414365404, -0.9998971294732634, 0.014322917120897493, 0.9999997044310881, -0.000763292723833459, 9.231443173016334e-05], "world_rotation": [0.0, 1.0, 0.0, 0.0]}, {"color": "CVPurple", "id_name": "object189455408806008", "shape": "CVSphere", "id_string": "ob785", "world_size": [0.11, 0.11, 0.11], "id": 785, "camera_size": [45, 45], "camera_position": [256, 254], "world_position": [0.705, 0.6547388572526824, -0.15], "world_orientation": [1.0, -3.838362879530641e-17, 1.4813540171849057e-17, 3.838362879530641e-17, 1.0, 5.294293626938881e-18, -1.4813540171849057e-17, -5.294293626938881e-18, 1.0], "world_rotation": [-0.1276280613210114, 0.35710588544125776, 0.925303444577321, 4.1482206750932463e-17]}], "source": "action wait"}
{"timestamp": 1706028901.352088, "objects": [{"color": "cv_", "id_name": "hand", "shape": "CVCylinder", "id_string": "ob382", "world_size": [0.12, 0.005, 0.12], "id": 382, "camera_size": [49, 15], "camera_position": [246, 504], "world_position": [0.0315164985986555, 0.6718051798667902, -0.1741099859033678], "world_orientation": [-5.59783981180103e-05, 0.009678707198236129, 0.9999531586496389, -0.0007634924767153217, -0.9999528691832427, 0.009678661655356831, 0.9999997069727857, -0.0007629149177216732, 6.336537994093763e-05], "world_rotation": [0.0, 1.0, 0.0, 0.0]}, {"color": "CVPurple", "id_name": "object189455408806008", "shape": "CVSphere", "id_string": "ob785", "world_size": [0.11, 0.11, 0.11], "id": 785, "camera_size": [45, 45], "camera_position": [256, 254], "world_position": [0.705, 0.6547388572526824, -0.15], "world_orientation": [1.0, -3.838362879530641e-17, 1.4813540171849057e-17, 3.838362879530641e-17, 1.0, 5.294293626938881e-18, -1.4813540171849057e-17, -5.294293626938881e-18, 1.0], "world_rotation": [-0.1276280613210114, 0.35710588544125776, 0.925303444577321, 4.1482206750932463e-17]}], "source": "action wait"}
{"timestamp": 1706028901.384739, "objects": [{"color": "cv_", "id_name": "hand", "shape": "CVCylinder", "id_string": "ob382", "world_size": [0.12, 0.005, 0.12], "id": 382, "camera_size": [49, 12], "camera_position": [246, 505], "world_position": [0.023000560833932395, 0.6715587355703618, -0.1741102371830631], "world_orientation": [-3.8885639447606144e-05, 0.006395555677685092, 0.9999795474685873, -0.0007628978861037757, -0.9999792574136639, 0.00639552415620629, 0.9999997082373188, -0.0007626335888647371, 4.3763988766204276e-05], "world_rotation": [0.0, 1.0, 0.0, 0.0]}, {"color": "CVPurple", "id_name": "object189455408806008", "shape": "CVSphere", "id_string": "ob785", "world_size": [0.11, 0.11, 0.11], "id": 785, "camera_size": [45, 45], "camera_position": [256, 254], "world_position": [0.705, 0.6547388572526824, -0.15], "world_orientation": [1.0, -3.838362879530641e-17, 1.4813540171849057e-17, 3.838362879530641e-17, 1.0, 5.294293626938881e-18, -1.4813540171849057e-17, -5.294293626938881e-18, 1.0], "world_rotation": [-0.1276280613210114, 0.35710588544125776, 0.925303444577321, 4.1482206750932463e-17]}], "source": "action wait"}
{"timestamp": 1706028901.419778, "objects": [{"color": "cv_", "id_name": "hand", "shape": "CVCylinder", "id_string": "ob382", "world_size": [0.12, 0.005, 0.12], "id": 382, "camera_size": [49, 10], "camera_position": [246, 506], "world_position": [0.01698927015801892, 0.6713249735723104, -0.17411006690327466], "world_orientation": [-2.7407026405377844e-05, 0.004074856243860079, 0.9999916973632567, -0.0007626140812722755, -0.9999914070362478, 0.00407483415965182, 0.9999997088342667, -0.0007624960704775296, 3.0514333648887015e-05], "world_rotation": [0.0, 1.0, 0.0, 0.0]}, {"color": "CVPurple", "id_name": "object189455408806008", "shape": "CVSphere", "id_string": "ob785", "world_size": [0.11, 0.11, 0.11], "id": 785, "camera_size": [45, 45], "camera_position": [256, 254], "world_position": [0.705, 0.6547388572526824, -0.15], "world_orientation": [1.0, -3.838362879530641e-17, 1.4813540171849057e-17, 3.838362879530641e-17, 1.0, 5.294293626938881e-18, -1.4813540171849057e-17, -5.294293626938881e-18, 1.0], "world_rotation": [-0.1276280613210114, 0.35710588544125776, 0.925303444577321, 4.1482206750932463e-17]}], "source": "action wait"}
{"timestamp": 1706028901.456438, "objects": [{"color": "cv_", "id_name": "hand", "shape": "CVCylinder", "id_string": "ob382", "world_size": [0.12, 0.005, 0.12], "id": 382, "camera_size": [49, 9], "camera_position": [246, 507], "world_position": [0.012749283610383142, 0.6711334260715521, -0.1741097606929663], "world_orientation": [-1.969034970980056e-05, 0.0024346071770354654, 0.9999970361456996, -0.0007625218179250316, -0.9999967456571659, 0.00243459145544248, 0.9999997090863415, -0.0007624716199646683, 2.1546726721583637e-05], "world_rotation": [0.0, 1.0, 0.0, 0.0]}, {"color": "CVPurple", "id_name": "object189455408806008", "shape": "CVSphere", "id_string": "ob785", "world_size": [0.11, 0.11, 0.11], "id": 785, "camera_size": [45, 45], "camera_position": [256, 254], "world_position": [0.705, 0.6547388572526824, -0.15], "world_orientation": [1.0, -3.838362879530641e-17, 1.4813540171849057e-17, 3.838362879530641e-17, 1.0, 5.294293626938881e-18, -1.4813540171849057e-17, -5.294293626938881e-18, 1.0], "world_rotation": [-0.1276280613210114, 0.35710588544125776, 0.925303444577321, 4.1482206750932463e-17]}], "source": "action wait"}
{"timestamp": 1706028901.49316, "objects": [{"color": "cv_", "id_name": "hand", "shape": "CVCylinder", "id_string": "ob382", "world_size": [0.12, 0.005, 0.12], "id": 382, "camera_size": [49, 8], "camera_position": [246, 507], "world_position": [0.009760010226865486, 0.6709871067906364, -0.17410944347011842], "world_orientation": [-1.451746625848808e-05, 0.0012753790892212566, 0.9999991865983802, -0.0007625357872974657, -0.9999988959876579, 0.0012753676484861763, 0.9999997091641659, -0.0007625166519431683, 1.5489972429292777e-05], "world_rotation": [0.0, 1.0, 0.0, 0.0]}, {"color": "CVPurple", "id_name": "object189455408806008", "shape": "CVSphere", "id_string": "ob785", "world_size": [0.11, 0.11, 0.11], "id": 785, "camera_size": [45, 45], "camera_position": [256, 254], "world_position": [0.705, 0.6547388572526824, -0.15], "world_orientation": [1.0, -3.838362879530641e-17, 1.4813540171849057e-17, 3.838362879530641e-17, 1.0, 5.294293626938881e-18, -1.4813540171849057e-17, -5.294293626938881e-18, 1.0], "world_rotation": [-0.1276280613210114, 0.35710588544125776, 0.925303444577321, 4.1482206750932463e-17]}], "source": "action wait"}
{"timestamp": 1706028901.526317, "objects": [{"color": "cv_", "id_name": "hand", "shape": "CVCylinder", "id_string": "ob382", "world_size": [0.12, 0.005, 0.12], "id": 382, "camera_size": [49, 7], "camera_position": [246, 508], "world_position": [0.007653039475033557, 0.6708796456389191, -0.1741091637070922], "world_orientation": [-1.1043403989892796e-05, 0.0004561600329827913, 0.9999998958980285, -0.0007626007763471452, -0.9999996051828643, 0.00045615147866125095, 0.9999997091590074, -0.0007625956594942198, 1.1391267625423523e-05], "world_rotation": [0.0, 1.0, 0.0, 0.0]}, {"color": "CVPurple", "id_name": "object189455408806008", "shape": "CVSphere", "id_string": "ob785", "world_size": [0.11, 0.11, 0.11], "id": 785, "camera_size": [45, 45], "camera_position": [256, 254], "world_position": [0.705, 0.6547388572526824, -0.15], "world_orientation": [1.0, -3.838362879530641e-17, 1.4813540171849057e-17, 3.838362879530641e-17, 1.0, 5.294293626938881e-18, -1.4813540171849057e-17, -5.294293626938881e-18, 1.0], "world_rotation": [-0.1276280613210114, 0.35710588544125776, 0.925303444577321, 4.1482206750932463e-17]}], "source": "action wait"}
{"timestamp": 1706028901.554594, "objects": [{"color": "cv_", "id_name": "hand", "shape": "CVCylinder", "id_string": "ob382", "world_size": [0.12, 0.005, 0.12], "id": 382, "camera_size": [49, 7], "camera_position": [246, 508], "world_position": [0.006168139346551497, 0.6708025780040421, -0.17410893484950007], "world_orientation": [-8.715364968762413e-06, -0.00012274364529764055, 0.9999999924290199, -0.000762683955766167, -0.9999997016227347, -0.00012275025667156513, 0.9999997091185707, -0.0007626850198055187, 8.62174775971863e-06], "world_rotation": [0.0, 1.0, 0.0, 0.0]}, {"color": "CVPurple", "id_name": "object189455408806008", "shape": "CVSphere", "id_string": "ob785", "world_size": [0.11, 0.11, 0.11], "id": 785, "camera_size": [45, 45], "camera_position": [256, 254], "world_position": [0.705, 0.6547388572526824, -0.15], "world_orientation": [1.0, -3.838362879530641e-17, 1.4813540171849057e-17, 3.838362879530641e-17, 1.0, 5.294293626938881e-18, -1.4813540171849057e-17, -5.294293626938881e-18, 1.0], "world_rotation": [-0.1276280613210114, 0.35710588544125776, 0.925303444577321, 4.1482206750932463e-17]}], "source": "action wait"}
{"timestamp": 1706028901.583041, "objects": [{"color": "CVPurple", "id_name": "object189455408806008", "shape": "CVSphere", "id_string": "ob785", "world_size": [0.11, 0.11, 0.11], "id": 785, "camera_size": [45, 45], "camera_position": [256, 254], "world_position": [0.705, 0.6547388572526824, -0.15], "world_orientation": [1.0, -3.838362879530641e-17, 1.4813540171849057e-17, 3.838362879530641e-17, 1.0, 5.294293626938881e-18, -1.4813540171849057e-17, -5.294293626938881e-18, 1.0], "world_rotation": [-0.1276280613210114, 0.35710588544125776, 0.925303444577321, 4.1482206750932463e-17]}], "source": "action wait"}
{"timestamp": 1706028904.322565, "objects": [{"color": "CVPurple", "id_name": "object189455408806008", "shape": "CVSphere", "id_string": "ob785", "world_size": [0.11, 0.11, 0.11], "id": 785, "camera_size": [45, 45], "camera_position": [256, 254], "world_position": [0.705, 0.6547388572526824, -0.15], "world_orientation": [1.0, -3.838362879530641e-17, 1.4813540171849057e-17, 3.838362879530641e-17, 1.0, 5.294293626938881e-18, -1.4813540171849057e-17, -5.294293626938881e-18, 1.0], "world_rotation": [-0.1276280613210114, 0.35710588544125776, 0.925303444577321, 4.1482206750932463e-17]}], "source": "action wait"}
{"timestamp": 1706028904.348907, "objects": [{"color": "cv_", "id_name": "hand", "shape": "CVCylinder", "id_string": "ob382", "world_size": [0.12, 0.005, 0.12], "id": 382, "camera_size": [51, 10], "camera_position": [246, 506], "world_position": [0.035476109087648075, 0.7265353284614949, -0.17412293859870262], "world_orientation": [0.00015801779051003237, 0.19316847796936584, 0.9811655895664995, -0.0007082989647093112, -0.9811653340767507, 0.19316854174175271, 0.9999997366714426, -0.0007254826374607135, -1.822054525524348e-05], "world_rotation": [0.0, 1.0, 0.0, 0.0]}, {"color": "CVPurple", "id_name": "object189455408806008", "shape": "CVSphere", "id_string": "ob785", "world_size": [0.11, 0.11, 0.11], "id": 785, "camera_size": [45, 45], "camera_position": [256, 254], "world_position": [0.705, 0.6547388572526824, -0.15], "world_orientation": [1.0, -3.838362879530641e-17, 1.4813540171849057e-17, 3.838362879530641e-17, 1.0, 5.294293626938881e-18, -1.4813540171849057e-17, -5.294293626938881e-18, 1.0], "world_rotation": [-0.1276280613210114, 0.35710588544125776, 0.925303444577321, 4.1482206750932463e-17]}], "source": "action wait"}
{"timestamp": 1706028904.384677, "objects": [{"color": "cv_", "id_name": "hand", "shape": "CVCylinder", "id_string": "ob382", "world_size": [0.12, 0.005, 0.12], "id": 382, "camera_size": [53, 20], "camera_position": [245, 501], "world_position": [0.0839038425832742, 0.7795242280322313, -0.17412487473612576], "world_orientation": [0.0002569827377805814, 0.2966374616935201, 0.9549901309856021, -0.0007069723269659119, -0.9549898699696345, 0.2966375708596431, 0.9999997170749608, -0.000751382330220704, -3.570143477833277e-05], "world_rotation": [0.0, 1.0, 0.0, 0.0]}, {"color": "CVPurple", "id_name": "object189455408806008", "shape": "CVSphere", "id_string": "ob785", "world_size": [0.11, 0.11, 0.11], "id": 785, "camera_size": [45, 45], "camera_position": [256, 254], "world_position": [0.705, 0.6547388572526824, -0.15], "world_orientation": [1.0, -3.838362879530641e-17, 1.4813540171849057e-17, 3.838362879530641e-17, 1.0, 5.294293626938881e-18, -1.4813540171849057e-17, -5.294293626938881e-18, 1.0], "world_rotation": [-0.1276280613210114, 0.35710588544125776, 0.925303444577321, 4.1482206750932463e-17]}], "source": "action wait"}
{"timestamp": 1706028904.421675, "objects": [{"color": "cv_", "id_name": "hand", "shape": "CVCylinder", "id_string": "ob382", "world_size": [0.12, 0.005, 0.12], "id": 382, "camera_size": [55, 37], "camera_position": [245, 493], "world_position": [0.14077608576941464, 0.811454045098231, -0.1741206606008808], "world_orientation": [0.00028825761129265147, 0.33659888287360595, 0.9416480812680446, -0.0007128822318033737, -0.9416478119476605, 0.3365990048308333, 0.9999997043531929, -0.0007683114108439699, -3.148178610506056e-05], "world_rotation": [0.0, 1.0, 0.0, 0.0]}, {"color": "CVPurple", "id_name": "object189455408806008", "shape": "CVSphere", "id_string": "ob785", "world_size": [0.11, 0.11, 0.11], "id": 785, "camera_size": [45, 45], "camera_position": [256, 254], "world_position": [0.705, 0.6547388572526824, -0.15], "world_orientation": [1.0, -3.838362879530641e-17, 1.4813540171849057e-17, 3.838362879530641e-17, 1.0, 5.294293626938881e-18, -1.4813540171849057e-17, -5.294293626938881e-18, 1.0], "world_rotation": [-0.1276280613210114, 0.35710588544125776, 0.925303444577321, 4.1482206750932463e-17]}], "source": "action wait"}
{"timestamp": 1706028904.459434, "objects": [{"color": "cv_", "id_name": "hand", "shape": "CVCylinder", "id_string": "ob382", "world_size": [0.12, 0.005, 0.12], "id": 382, "camera_size": [55, 59], "camera_position": [245, 480], "world_position": [0.20220786785213554, 0.825555076485366, -0.17411729604249887], "world_orientation": [0.0002861424225578197, 0.33674206436647697, 0.9415968883809659, -0.0007225555955834571, -0.9415966115084357, 0.3367421849267535, 0.9999996980179171, -0.0007767123250562132, -2.6115872612469814e-05], "world_rotation": [0.0, 1.0, 0.0, 0.0]}, {"color": "CVPurple", "id_name": "object189455408806008", "shape": "CVSphere", "id_string": "ob785", "world_size": [0.11, 0.11, 0.11], "id": 785, "camera_size": [45, 45], "camera_position": [256, 254], "world_position": [0.705, 0.6547388572526824, -0.15], "world_orientation": [1.0, -3.838362879530641e-17, 1.4813540171849057e-17, 3.838362879530641e-17, 1.0, 5.294293626938881e-18, -1.4813540171849057e-17, -5.294293626938881e-18, 1.0], "world_rotation": [-0.1276280613210114, 0.35710588544125776, 0.925303444577321, 4.1482206750932463e-17]}], "source": "action wait"}
{"timestamp": 1706028904.491855, "objects": [{"color": "cv_", "id_name": "hand", "shape": "CVCylinder", "id_string": "ob382", "world_size": [0.12, 0.005, 0.12], "id": 382, "camera_size": [55, 58], "camera_position": [245, 451], "world_position": [0.26626380905173685, 0.8245696824444909, -0.17411456101935552], "world_orientation": [0.00026071290170944167, 0.3088501030745813, 0.9511106906452071, -0.0007356807512084957, -0.9511104063483207, 0.3088502124165772, 0.9999996954012613, -0.000780235062449253, -2.075167804392913e-05], "world_rotation": [0.0, 1.0, 0.0, 0.0]}, {"color": "CVPurple", "id_name": "object189455408806008", "shape": "CVSphere", "id_string": "ob785", "world_size": [0.11, 0.11, 0.11], "id": 785, "camera_size": [45, 45], "camera_position": [256, 254], "world_position": [0.705, 0.6547388572526824, -0.15], "world_orientation": [1.0, -3.838362879530641e-17, 1.4813540171849057e-17, 3.838362879530641e-17, 1.0, 5.294293626938881e-18, -1.4813540171849057e-17, -5.294293626938881e-18, 1.0], "world_rotation": [-0.1276280613210114, 0.35710588544125776, 0.925303444577321, 4.1482206750932463e-17]}], "source": "action wait"}
{"timestamp": 1706028904.523134, "objects": [{"color": "cv_", "id_name": "hand", "shape": "CVCylinder", "id_string": "ob382", "world_size": [0.12, 0.005, 0.12], "id": 382, "camera_size": [54, 56], "camera_position": [245, 420], "world_position": [0.3309250646795512, 0.8106755041861238, -0.1741121512542288], "world_orientation": [0.00021860443017254478, 0.26056928673727897, 0.9654551253275984, -0.0007501051316773167, -0.9654548340585016, 0.26056937796940566, 0.9999996947771508, -0.0007811544643040446, -1.559834471710905e-05], "world_rotation": [0.0, 1.0, 0.0, 0.0]}, {"color": "CVPurple", "id_name": "object189455408806008", "shape": "CVSphere", "id_string": "ob785", "world_size": [0.11, 0.11, 0.11], "id": 785, "camera_size": [45, 45], "camera_position": [256, 254], "world_position": [0.705, 0.6547388572526824, -0.15], "world_orientation": [1.0, -3.838362879530641e-17, 1.4813540171849057e-17, 3.838362879530641e-17, 1.0, 5.294293626938881e-18, -1.4813540171849057e-17, -5.294293626938881e-18, 1.0], "world_rotation": [-0.1276280613210114, 0.35710588544125776, 0.925303444577321, 4.1482206750932463e-17]}], "source": "action wait"}
{"timestamp": 1706028904.553251, "objects": [{"color": "cv_", "id_name": "hand", "shape": "CVCylinder", "id_string": "ob382", "world_size": [0.12, 0.005, 0.12], "id": 382, "camera_size": [53, 55], "camera_position": [245, 390], "world_position": [0.39440213571320853, 0.7856414656533343, -0.1741098697754095], "world_orientation": [0.0001644276023712501, 0.19719180528646965, 0.9803649141474957, -0.0007633882908176962, -0.9803646169887448, 0.19719187355169937, 0.999999695100894, -0.0007808228831641874, -1.0665088219745345e-05], "world_rotation": [0.0, 1.0, 0.0, 0.0]}, {"color": "CVPurple", "id_name": "object189455408806008", "shape": "CVSphere", "id_string": "ob785", "world_size": [0.11, 0.11, 0.11], "id": 785, "camera_size": [45, 45], "camera_position": [256, 254], "world_position": [0.705, 0.6547388572526824, -0.15], "world_orientation": [1.0, -3.838362879530641e-17, 1.4813540171849057e-17, 3.838362879530641e-17, 1.0, 5.294293626938881e-18, -1.4813540171849057e-17, -5.294293626938881e-18, 1.0], "world_rotation": [-0.1276280613210114, 0.35710588544125776, 0.925303444577321, 4.1482206750932463e-17]}], "source": "action wait"}
{"timestamp": 1706028904.585893, "objects": [{"color": "cv_", "id_name": "hand", "shape": "CVCylinder", "id_string": "ob382", "world_size": [0.12, 0.005, 0.12], "id": 382, "camera_size": [52, 53], "camera_position": [245, 365], "world_position": [0.4457381426781496, 0.7578983212710884, -0.17410289182838837], "world_orientation": [0.00010277915389855525, 0.139043689830018, 0.9902862423334474, -0.0007679293450992554, -0.990285944595989, 0.1390437277267515, 0.9999996998604382, -0.0007747606622269067, 4.994978168553673e-06], "world_rotation": [0.0, 1.0, 0.0, 0.0]}, {"color": "CVPurple", "id_name": "object189455408806008", "shape": "CVSphere", "id_string": "ob785", "world_size": [0.11, 0.11, 0.11], "id": 785, "camera_size": [45, 45], "camera_position": [256, 254], "world_position": [0.705, 0.6547388572526824, -0.15], "world_orientation": [1.0, -3.838362879530641e-17, 1.4813540171849057e-17, 3.838362879530641e-17, 1.0, 5.294293626938881e-18, -1.4813540171849057e-17, -5.294293626938881e-18, 1.0], "world_rotation": [-0.1276280613210114, 0.35710588544125776, 0.925303444577321, 4.1482206750932463e-17]}], "source": "action wait"}
{"timestamp": 1706028904.621146, "objects": [{"color": "cv_", "id_name": "hand", "shape": "CVCylinder", "id_string": "ob382", "world_size": [0.12, 0.005, 0.12], "id": 382, "camera_size": [51, 52], "camera_position": [246, 348], "world_position": [0.48061082714257314, 0.7351800001773845, -0.17409837710623613], "world_orientation": [6.01935568244633e-05, 0.09770819159635825, 0.9952151052268575, -0.0007666234742077692, -0.9952148100712479, 0.09770820898624012, 0.9999997043325486, -0.0007688366661832291, 1.4999874077985311e-05], "world_rotation": [0.0, 1.0, 0.0, 0.0]}, {"color": "CVPurple", "id_name": "object189455408806008", "shape": "CVSphere", "id_string": "ob785", "world_size": [0.11, 0.11, 0.11], "id": 785, "camera_size": [45, 45], "camera_position": [256, 254], "world_position": [0.705, 0.6547388572526824, -0.15], "world_orientation": [1.0, -3.838362879530641e-17, 1.4813540171849057e-17, 3.838362879530641e-17, 1.0, 5.294293626938881e-18, -1.4813540171849057e-17, -5.294293626938881e-18, 1.0], "world_rotation": [-0.1276280613210114, 0.35710588544125776, 0.925303444577321, 4.1482206750932463e-17]}], "source": "action wait"}
{"timestamp": 1706028904.655585, "objects": [{"color": "cv_", "id_name": "hand", "shape": "CVCylinder", "id_string": "ob382", "world_size": [0.12, 0.005, 0.12], "id": 382, "camera_size": [51, 51], "camera_position": [246, 338], "world_position": [0.5043814600907244, 0.7176750034758933, -0.17409679913720497], "world_orientation": [3.377788149940441e-05, 0.06845919506384812, 0.997653916681664, -0.0007644140228690018, -0.9976536240041621, 0.06845920086126973, 0.9999997072650854, -0.0007649330506562215, 1.8632542812454226e-05], "world_rotation": [0.0, 1.0, 0.0, 0.0]}, {"color": "CVPurple", "id_name": "object189455408806008", "shape": "CVSphere", "id_string": "ob785", "world_size": [0.11, 0.11, 0.11], "id": 785, "camera_size": [45, 45], "camera_position": [256, 254], "world_position": [0.705, 0.6547388572526824, -0.15], "world_orientation": [1.0, -3.838362879530641e-17, 1.4813540171849057e-17, 3.838362879530641e-17, 1.0, 5.294293626938881e-18, -1.4813540171849057e-17, -5.294293626938881e-18, 1.0], "world_rotation": [-0.1276280613210114, 0.35710588544125776, 0.925303444577321, 4.1482206750932463e-17]}], "source": "action wait"}
{"timestamp": 1706028904.691101, "objects": [{"color": "cv_", "id_name": "hand", "shape": "CVCylinder", "id_string": "ob382", "world_size": [0.12, 0.005, 0.12], "id": 382, "camera_size": [49, 50], "camera_position": [246, 330], "world_position": [0.520696222379325, 0.7046368416429363, -0.17409679300497788], "world_orientation": [1.7564012310721117e-05, 0.04780100717141614, 0.9988568783388858, -0.0007626883737475683, -0.9988565873382739, 0.04780100665657357, 0.9999997089989328, -0.0007626561056165926, 1.891334302679032e-05], "world_rotation": [0.0, 1.0, 0.0, 0.0]}, {"color": "CVPurple", "id_name": "object189455408806008", "shape": "CVSphere", "id_string": "ob785", "world_size": [0.11, 0.11, 0.11], "id": 785, "camera_size": [45, 45], "camera_position": [256, 254], "world_position": [0.705, 0.6547388572526824, -0.15], "world_orientation": [1.0, -3.838362879530641e-17, 1.4813540171849057e-17, 3.838362879530641e-17, 1.0, 5.294293626938881e-18, -1.4813540171849057e-17, -5.294293626938881e-18, 1.0], "world_rotation": [-0.1276280613210114, 0.35710588544125776, 0.925303444577321, 4.1482206750932463e-17]}], "source": "action wait"}
{"timestamp": 1706028904.724577, "objects": [{"color": "cv_", "id_name": "hand", "shape": "CVCylinder", "id_string": "ob382", "world_size": [0.12, 0.005, 0.12], "id": 382, "camera_size": [49, 49], "camera_position": [246, 325], "world_position": [0.5319646996153533, 0.6951217759427897, -0.17409754695956536], "world_orientation": [7.736971258996812e-06, 0.03322359830116488, 0.9994479438450321, -0.0007616753260002749, -0.9994476537646014, 0.033223594554641495, 0.9999997098953765, -0.0007615118884449989, 1.7572897295269493e-05], "world_rotation": [0.0, 1.0, 0.0, 0.0]}, {"color": "CVPurple", "id_name": "object189455408806008", "shape": "CVSphere", "id_string": "ob785", "world_size": [0.11, 0.11, 0.11], "id": 785, "camera_size": [45, 45], "camera_position": [256, 254], "world_position": [0.705, 0.6547388572526824, -0.15], "world_orientation": [1.0, -3.838362879530641e-17, 1.4813540171849057e-17, 3.838362879530641e-17, 1.0, 5.294293626938881e-18, -1.4813540171849057e-17, -5.294293626938881e-18, 1.0], "world_rotation": [-0.1276280613210114, 0.35710588544125776, 0.925303444577321, 4.1482206750932463e-17]}], "source": "action wait"}
{"timestamp": 1706028904.757627, "objects": [{"color": "cv_", "id_name": "hand", "shape": "CVCylinder", "id_string": "ob382", "world_size": [0.12, 0.005, 0.12], "id": 382, "camera_size": [49, 50], "camera_position": [246, 321], "world_position": [0.5397887548438126, 0.6882662845849945, -0.17409859775958664], "world_orientation": [1.8948977327820582e-06, 0.022941550746418442, 0.9997368079878619, -0.0007612387349369955, -0.9997365182905743, 0.02294154554141335, 0.999999710255957, -0.0007610818548656175, 1.5569598606180835e-05], "world_rotation": [0.0, 1.0, 0.0, 0.0]}, {"color": "CVPurple", "id_name": "object189455408806008", "shape": "CVSphere", "id_string": "ob785", "world_size": [0.11, 0.11, 0.11], "id": 785, "camera_size": [45, 45], "camera_position": [256, 254], "world_position": [0.705, 0.6547388572526824, -0.15], "world_orientation": [1.0, -3.838362879530641e-17, 1.4813540171849057e-17, 3.838362879530641e-17, 1.0, 5.294293626938881e-18, -1.4813540171849057e-17, -5.294293626938881e-18, 1.0], "world_rotation": [-0.1276280613210114, 0.35710588544125776, 0.925303444577321, 4.1482206750932463e-17]}], "source": "action wait"}
{"timestamp": 1706028904.790318, "objects": [{"color": "cv_", "id_name": "hand", "shape": "CVCylinder", "id_string": "ob382", "world_size": [0.12, 0.005, 0.12], "id": 382, "camera_size": [49, 49], "camera_position": [246, 319], "world_position": [0.545243745880248, 0.6833677133293358, -0.17409969445222878], "world_orientation": [-1.5051346273897048e-06, 0.015690662954338675, 0.9998768939693468, -0.0007611792840174214, -0.999876604327126, 0.01569065726328266, 0.9999997103018743, -0.0007610619617059232, 1.3448356494001413e-05], "world_rotation": [0.0, 1.0, 0.0, 0.0]}, {"color": "CVPurple", "id_name": "object189455408806008", "shape": "CVSphere", "id_string": "ob785", "world_size": [0.11, 0.11, 0.11], "id": 785, "camera_size": [45, 45], "camera_position": [256, 254], "world_position": [0.705, 0.6547388572526824, -0.15], "world_orientation": [1.0, -3.838362879530641e-17, 1.4813540171849057e-17, 3.838362879530641e-17, 1.0, 5.294293626938881e-18, -1.4813540171849057e-17, -5.294293626938881e-18, 1.0], "world_rotation": [-0.1276280613210114, 0.35710588544125776, 0.925303444577321, 4.1482206750932463e-17]}], "source": "action wait"}
{"timestamp": 1706028904.818514, "objects": [{"color": "cv_", "id_name": "hand", "shape": "CVCylinder", "id_string": "ob382", "world_size": [0.12, 0.005, 0.12], "id": 382, "camera_size": [49, 49], "camera_position": [246, 317], "world_position": [0.5490589821260612, 0.6798864012081635, -0.1741007121075565], "world_orientation": [-3.3985180397274836e-06, 0.010577790333997878, 0.9999440536050506, -0.000761329376601312, -0.9999437638431562, 0.010577784681249916, 0.9999997101829732, -0.0007612508341756189, 1.1451509441304445e-05], "world_rotation": [0.0, 1.0, 0.0, 0.0]}, {"color": "CVPurple", "id_name": "object189455408806008", "shape": "CVSphere", "id_string": "ob785", "world_size": [0.11, 0.11, 0.11], "id": 785, "camera_size": [45, 45], "camera_position": [256, 254], "world_position": [0.705, 0.6547388572526824, -0.15], "world_orientation": [1.0, -3.838362879530641e-17, 1.4813540171849057e-17, 3.838362879530641e-17, 1.0, 5.294293626938881e-18, -1.4813540171849057e-17, -5.294293626938881e-18, 1.0], "world_rotation": [-0.1276280613210114, 0.35710588544125776, 0.925303444577321, 4.1482206750932463e-17]}], "source": "action wait"}
{"timestamp": 1706028904.850665, "objects": [{"color": "cv_", "id_name": "hand", "shape": "CVCylinder", "id_string": "ob382", "world_size": [0.12, 0.005, 0.12], "id": 382, "camera_size": [49, 49], "camera_position": [246, 316], "world_position": [0.551733617083208, 0.6774211446084173, -0.17410159811524167], "world_orientation": [-4.397931714725031e-06, 0.006972623242223537, 0.9999756909574253, -0.0007615739946987948, -0.9999754009999827, 0.006972617870978838, 0.9999997099928124, -0.0007615248164672198, 9.707992066479224e-06], "world_rotation": [0.0, 1.0, 0.0, 0.0]}, {"color": "CVPurple", "id_name": "object189455408806008", "shape": "CVSphere", "id_string": "ob785", "world_size": [0.11, 0.11, 0.11], "id": 785, "camera_size": [45, 45], "camera_position": [256, 254], "world_position": [0.705, 0.6547388572526824, -0.15], "world_orientation": [1.0, -3.838362879530641e-17, 1.4813540171849057e-17, 3.838362879530641e-17, 1.0, 5.294293626938881e-18, -1.4813540171849057e-17, -5.294293626938881e-18, 1.0], "world_rotation": [-0.1276280613210114, 0.35710588544125776, 0.925303444577321, 4.1482206750932463e-17]}], "source": "action wait"}
{"timestamp": 1706028904.883813, "objects": [{"color": "cv_", "id_name": "hand", "shape": "CVCylinder", "id_string": "ob382", "world_size": [0.12, 0.005, 0.12], "id": 382, "camera_size": [49, 49], "camera_position": [246, 315], "world_position": [0.5536118633052212, 0.6756795028823447, -0.17410233943600442], "world_orientation": [-4.863053024471234e-06, 0.004430572577797574, 0.9999901849533241, -0.0007618425886483901, -0.9999898947823048, 0.00443056758724435, 0.9999997097860683, -0.0007618135650431078, 8.238402764492103e-06], "world_rotation": [0.0, 1.0, 0.0, 0.0]}, {"color": "CVPurple", "id_name": "object189455408806008", "shape": "CVSphere", "id_string": "ob785", "world_size": [0.11, 0.11, 0.11], "id": 785, "camera_size": [45, 45], "camera_position": [256, 254], "world_position": [0.705, 0.6547388572526824, -0.15], "world_orientation": [1.0, -3.838362879530641e-17, 1.4813540171849057e-17, 3.838362879530641e-17, 1.0, 5.294293626938881e-18, -1.4813540171849057e-17, -5.294293626938881e-18, 1.0], "world_rotation": [-0.1276280613210114, 0.35710588544125776, 0.925303444577321, 4.1482206750932463e-17]}], "source": "action wait"}
