{"timestamp": 1706067284.8282, "objects": [{"color": "cv_", "id_name": "hand", "shape": "CVCylinder", "id_string": "ob383", "world_size": [0.12, 0.005, 0.12], "id": 383, "camera_size": [48, 50], "camera_position": [246, 426], "world_position": [0.2676445155401388, 0.6334703013847401, -0.1738926040084748], "world_orientation": [-0.0006415490620138666, 0.19791547486641192, 0.9802188802625685, -0.0007473671032937158, -0.9802189031249678, 0.19791499033397655, 0.9999995149284894, -0.0006056111687286817, 0.0007767740330164246], "world_rotation": [0.0, 1.0, 0.0, 0.0]}, {"color": "CVRed", "id_name": "object205509580055360", "shape": "CVSphere", "id_string": "ob464", "world_size": [0.11, 0.11, 0.11], "id": 464, "camera_size": [45, 45], "camera_position": [256, 254], "world_position": [0.705, 0.6547388526351784, -0.15], "world_orientation": [1.0, -5.161936286265336e-17, 1.4791987631444557e-17, 5.161936286265336e-17, 1.0, 1.8530027694285844e-17, -1.4791987631444557e-17, -1.8530027694285844e-17, 1.0], "world_rotation": [-0.32620844195650495, 0.2604028077184905, 0.908723516878834, 5.680425553412425e-17]}], "source": "manual check"}
{"timestamp": 1706067285.846157, "objects": [{"color": "cv_", "id_name": "hand", "shape": "CVCylinder", "id_string": "ob383", "world_size": [0.12, 0.005, 0.12], "id": 383, "camera_size": [48, 50], "camera_position": [246, 426], "world_position": [0.2676445155401388, 0.6334703013847401, -0.1738926040084748], "world_orientation": [-0.0006415490620138666, 0.19791547486641192, 0.9802188802625685, -0.0007473671032937158, -0.9802189031249678, 0.19791499033397655, 0.9999995149284894, -0.0006056111687286817, 0.0007767740330164246], "world_rotation": [0.0, 1.0, 0.0, 0.0]}, {"color": "CVRed", "id_name": "object205509580055360", "shape": "CVSphere", "id_string": "ob464", "world_size": [0.11, 0.11, 0.11], "id": 464, "camera_size": [45, 45], "camera_position": [256, 254], "world_position": [0.705, 0.6547388572526824, -0.15], "world_orientation": [1.0, -3.838362879530641e-17, 1.4813540171849057e-17, 3.838362879530641e-17, 1.0, 5.294293626938881e-18, -1.4813540171849057e-17, -5.294293626938881e-18, 1.0], "world_rotation": [-0.1276280613210114, 0.35710588544125776, 0.925303444577321, 4.1482206750932463e-17]}], "source": "manual check"}
{"timestamp": 1706067287.230759, "objects": [{"color": "cv_", "id_name": "hand", "shape": "CVCylinder", "id_string": "ob383", "world_size": [0.12, 0.005, 0.12], "id": 383, "camera_size": [48, 50], "camera_position": [246, 444], "world_position": [0.22516316163942532, 0.6434344158190827, -0.17397281518427873], "world_orientation": [-0.0005234224303783204, 0.08888641918576601, 0.9960416309137343, -0.000760851578863756, -0.9960415144538012, 0.0888860089634661, 0.9999995735668263, -0.0007113149166567964, 0.0005889798426305424], "world_rotation": [0.0, 1.0, 0.0, 0.0]}, {"color": "CVRed", "id_name": "object205509580055360", "shape": "CVSphere", "id_string": "ob464", "world_size": [0.11, 0.11, 0.11], "id": 464, "camera_size": [45, 45], "camera_position": [256, 254], "world_position": [0.705, 0.6547388572526824, -0.15], "world_orientation": [1.0, -3.838362879530641e-17, 1.4813540171849057e-17, 3.838362879530641e-17, 1.0, 5.294293626938881e-18, -1.4813540171849057e-17, -5.294293626938881e-18, 1.0], "world_rotation": [-0.1276280613210114, 0.35710588544125776, 0.925303444577321, 4.1482206750932463e-17]}], "source": "action wait"}
{"timestamp": 1706067287.266171, "objects": [{"color": "cv_", "id_name": "hand", "shape": "CVCylinder", "id_string": "ob383", "world_size": [0.12, 0.005, 0.12], "id": 383, "camera_size": [48, 50], "camera_position": [246, 471], "world_position": [0.16398806518947925, 0.6613725648629754, -0.17403883882294846], "world_orientation": [-0.0003777338094013859, 0.06227170919675588, 0.9980591623500503, -0.0007683841849293815, -0.998058956992761, 0.06227140557484045, 0.9999996334513896, -0.000743370860729424, 0.0004248492083477445], "world_rotation": [0.0, 1.0, 0.0, 0.0]}, {"color": "CVRed", "id_name": "object205509580055360", "shape": "CVSphere", "id_string": "ob464", "world_size": [0.11, 0.11, 0.11], "id": 464, "camera_size": [45, 45], "camera_position": [256, 254], "world_position": [0.705, 0.6547388572526824, -0.15], "world_orientation": [1.0, -3.838362879530641e-17, 1.4813540171849057e-17, 3.838362879530641e-17, 1.0, 5.294293626938881e-18, -1.4813540171849057e-17, -5.294293626938881e-18, 1.0], "world_rotation": [-0.1276280613210114, 0.35710588544125776, 0.925303444577321, 4.1482206750932463e-17]}], "source": "action wait"}
{"timestamp": 1706067287.301414, "objects": [{"color": "cv_", "id_name": "hand", "shape": "CVCylinder", "id_string": "ob383", "world_size": [0.12, 0.005, 0.12], "id": 383, "camera_size": [49, 46], "camera_position": [246, 488], "world_position": [0.1179752557722232, 0.6695673419459907, -0.1740778177027901], "world_orientation": [-0.0002571518983915892, 0.043596041239666136, 0.9990492075274023, -0.0007697274854432828, -0.9990489532301707, 0.0435958320175028, 0.9999996706961956, -0.0007577848833792479, 0.0002904644061083376], "world_rotation": [0.0, 1.0, 0.0, 0.0]}, {"color": "CVRed", "id_name": "object205509580055360", "shape": "CVSphere", "id_string": "ob464", "world_size": [0.11, 0.11, 0.11], "id": 464, "camera_size": [45, 45], "camera_position": [256, 254], "world_position": [0.705, 0.6547388572526824, -0.15], "world_orientation": [1.0, -3.838362879530641e-17, 1.4813540171849057e-17, 3.838362879530641e-17, 1.0, 5.294293626938881e-18, -1.4813540171849057e-17, -5.294293626938881e-18, 1.0], "world_rotation": [-0.1276280613210114, 0.35710588544125776, 0.925303444577321, 4.1482206750932463e-17]}], "source": "action wait"}
{"timestamp": 1706067287.333994, "objects": [{"color": "cv_", "id_name": "hand", "shape": "CVCylinder", "id_string": "ob383", "world_size": [0.12, 0.005, 0.12], "id": 383, "camera_size": [49, 33], "camera_position": [246, 495], "world_position": [0.08454359024803333, 0.6730451933405784, -0.17409653817065565], "world_orientation": [-0.00017483540492283024, 0.030380266398009285, 0.9995383978848271, -0.0007682012784731548, -0.9995381223113629, 0.030380123651340716, 0.9999996896496404, -0.0007625351539182955, 0.00019809281183779333], "world_rotation": [0.0, 1.0, 0.0, 0.0]}, {"color": "CVRed", "id_name": "object205509580055360", "shape": "CVSphere", "id_string": "ob464", "world_size": [0.11, 0.11, 0.11], "id": 464, "camera_size": [45, 45], "camera_position": [256, 254], "world_position": [0.705, 0.6547388572526824, -0.15], "world_orientation": [1.0, -3.838362879530641e-17, 1.4813540171849057e-17, 3.838362879530641e-17, 1.0, 5.294293626938881e-18, -1.4813540171849057e-17, -5.294293626938881e-18, 1.0], "world_rotation": [-0.1276280613210114, 0.35710588544125776, 0.925303444577321, 4.1482206750932463e-17]}], "source": "action wait"}
{"timestamp": 1706067287.364773, "objects": [{"color": "cv_", "id_name": "hand", "shape": "CVCylinder", "id_string": "ob383", "world_size": [0.12, 0.005, 0.12], "id": 383, "camera_size": [49, 25], "camera_position": [246, 499], "world_position": [0.06057250257958288, 0.6743392310965801, -0.17410510417578856], "world_orientation": [-0.00011903763347208286, 0.02103233448512294, 0.9997787889008988, -0.000766241158922826, -0.9997785044048353, 0.0210322372684673, 0.9999996993522189, -0.0007635680301231843, 0.00013512710751171483], "world_rotation": [0.0, 1.0, 0.0, 0.0]}, {"color": "CVRed", "id_name": "object205509580055360", "shape": "CVSphere", "id_string": "ob464", "world_size": [0.11, 0.11, 0.11], "id": 464, "camera_size": [45, 45], "camera_position": [256, 254], "world_position": [0.705, 0.6547388572526824, -0.15], "world_orientation": [1.0, -3.838362879530641e-17, 1.4813540171849057e-17, 3.838362879530641e-17, 1.0, 5.294293626938881e-18, -1.4813540171849057e-17, -5.294293626938881e-18, 1.0], "world_rotation": [-0.1276280613210114, 0.35710588544125776, 0.925303444577321, 4.1482206750932463e-17]}], "source": "action wait"}
{"timestamp": 1706067287.394197, "objects": [{"color": "cv_", "id_name": "hand", "shape": "CVCylinder", "id_string": "ob383", "world_size": [0.12, 0.005, 0.12], "id": 383, "camera_size": [49, 19], "camera_position": [246, 502], "world_position": [0.04351047635613644, 0.6746810436200887, -0.17410873026450382], "world_orientation": [-8.135097802241497e-05, 0.014422084417339298, 0.9998959930228132, -0.0007646616460809098, -0.9998957049052443, 0.014422018049207931, 0.999999704337249, -0.0007634088706615325, 9.237050832530376e-05], "world_rotation": [0.0, 1.0, 0.0, 0.0]}, {"color": "CVRed", "id_name": "object205509580055360", "shape": "CVSphere", "id_string": "ob464", "world_size": [0.11, 0.11, 0.11], "id": 464, "camera_size": [45, 45], "camera_position": [256, 254], "world_position": [0.705, 0.6547388572526824, -0.15], "world_orientation": [1.0, -3.838362879530641e-17, 1.4813540171849057e-17, 3.838362879530641e-17, 1.0, 5.294293626938881e-18, -1.4813540171849057e-17, -5.294293626938881e-18, 1.0], "world_rotation": [-0.1276280613210114, 0.35710588544125776, 0.925303444577321, 4.1482206750932463e-17]}], "source": "action wait"}
{"timestamp": 1706067287.424911, "objects": [{"color": "cv_", "id_name": "hand", "shape": "CVCylinder", "id_string": "ob383", "world_size": [0.12, 0.005, 0.12], "id": 383, "camera_size": [49, 15], "camera_position": [246, 504], "world_position": [0.031416929470138175, 0.6746462377568574, -0.17411003138606604], "world_orientation": [-5.5959612510931356e-05, 0.009748595617459829, 0.9999524797469175, -0.0007636089199809322, -0.9999521901936712, 0.00974855006129877, 0.9999997068849266, -0.0007630271080082008, 6.340105166384213e-05], "world_rotation": [0.0, 1.0, 0.0, 0.0]}, {"color": "CVRed", "id_name": "object205509580055360", "shape": "CVSphere", "id_string": "ob464", "world_size": [0.11, 0.11, 0.11], "id": 464, "camera_size": [45, 45], "camera_position": [256, 254], "world_position": [0.705, 0.6547388572526824, -0.15], "world_orientation": [1.0, -3.838362879530641e-17, 1.4813540171849057e-17, 3.838362879530641e-17, 1.0, 5.294293626938881e-18, -1.4813540171849057e-17, -5.294293626938881e-18, 1.0], "world_rotation": [-0.1276280613210114, 0.35710588544125776, 0.925303444577321, 4.1482206750932463e-17]}], "source": "action wait"}
{"timestamp": 1706067287.45101, "objects": [{"color": "cv_", "id_name": "hand", "shape": "CVCylinder", "id_string": "ob383", "world_size": [0.12, 0.005, 0.12], "id": 383, "camera_size": [49, 12], "camera_position": [246, 505], "world_position": [0.022865970338016503, 0.6744910412592353, -0.1741102920038215], "world_orientation": [-3.888799294573131e-05, 0.006444840920722176, 0.9999792310409404, -0.0007629981227666858, -0.9999789409112255, 0.006444809378761886, 0.9999997081607519, -0.0007627316503886188, 4.3804575524443155e-05], "world_rotation": [0.0, 1.0, 0.0, 0.0]}, {"color": "CVRed", "id_name": "object205509580055360", "shape": "CVSphere", "id_string": "ob464", "world_size": [0.11, 0.11, 0.11], "id": 464, "camera_size": [45, 45], "camera_position": [256, 254], "world_position": [0.705, 0.6547388572526824, -0.15], "world_orientation": [1.0, -3.838362879530641e-17, 1.4813540171849057e-17, 3.838362879530641e-17, 1.0, 5.294293626938881e-18, -1.4813540171849057e-17, -5.294293626938881e-18, 1.0], "world_rotation": [-0.1276280613210114, 0.35710588544125776, 0.925303444577321, 4.1482206750932463e-17]}], "source": "action wait"}
{"timestamp": 1706067287.490537, "objects": [{"color": "cv_", "id_name": "hand", "shape": "CVCylinder", "id_string": "ob383", "world_size": [0.12, 0.005, 0.12], "id": 383, "camera_size": [49, 10], "camera_position": [246, 506], "world_position": [0.01682860648798926, 0.6743212536779281, -0.17411012867208847], "world_orientation": [-2.7404583794075765e-05, 0.004109607706690853, 0.9999915551510852, -0.0007626961434411394, -0.9999912647621941, 0.004109585611749953, 0.9999997087717485, -0.000762577081104551, 3.053872635783416e-05], "world_rotation": [0.0, 1.0, 0.0, 0.0]}, {"color": "CVRed", "id_name": "object205509580055360", "shape": "CVSphere", "id_string": "ob464", "world_size": [0.11, 0.11, 0.11], "id": 464, "camera_size": [45, 45], "camera_position": [256, 254], "world_position": [0.705, 0.6547388572526824, -0.15], "world_orientation": [1.0, -3.838362879530641e-17, 1.4813540171849057e-17, 3.838362879530641e-17, 1.0, 5.294293626938881e-18, -1.4813540171849057e-17, -5.294293626938881e-18, 1.0], "world_rotation": [-0.1276280613210114, 0.35710588544125776, 0.925303444577321, 4.1482206750932463e-17]}], "source": "action wait"}
{"timestamp": 1706067287.526593, "objects": [{"color": "cv_", "id_name": "hand", "shape": "CVCylinder", "id_string": "ob383", "world_size": [0.12, 0.005, 0.12], "id": 383, "camera_size": [49, 8], "camera_position": [246, 507], "world_position": [0.01256961998183974, 0.674174615244845, -0.17410982760069324], "world_orientation": [-1.9699053798274774e-05, 0.002459104836960218, 0.9999969762031026, -0.0007625869550734863, -0.9999966856654743, 0.0024590891002089, 0.9999997090364993, -0.0007625362074373007, 2.1574269779209802e-05], "world_rotation": [0.0, 1.0, 0.0, 0.0]}, {"color": "CVRed", "id_name": "object205509580055360", "shape": "CVSphere", "id_string": "ob464", "world_size": [0.11, 0.11, 0.11], "id": 464, "camera_size": [45, 45], "camera_position": [256, 254], "world_position": [0.705, 0.6547388572526824, -0.15], "world_orientation": [1.0, -3.838362879530641e-17, 1.4813540171849057e-17, 3.838362879530641e-17, 1.0, 5.294293626938881e-18, -1.4813540171849057e-17, -5.294293626938881e-18, 1.0], "world_rotation": [-0.1276280613210114, 0.35710588544125776, 0.925303444577321, 4.1482206750932463e-17]}], "source": "action wait"}
{"timestamp": 1706067287.560377, "objects": [{"color": "cv_", "id_name": "hand", "shape": "CVCylinder", "id_string": "ob383", "world_size": [0.12, 0.005, 0.12], "id": 383, "camera_size": [49, 7], "camera_position": [246, 508], "world_position": [0.009566687572043948, 0.674059855232182, -0.17410951417408974], "world_orientation": [-1.4520112974683346e-05, 0.0012926417569933675, 0.9999991644328782, -0.0007625863041834095, -0.999998873783873, 0.0012926303084396134, 0.9999997091256052, -0.0007625668978536296, 1.5505847522361256e-05], "world_rotation": [0.0, 1.0, 0.0, 0.0]}, {"color": "CVRed", "id_name": "object205509580055360", "shape": "CVSphere", "id_string": "ob464", "world_size": [0.11, 0.11, 0.11], "id": 464, "camera_size": [45, 45], "camera_position": [256, 254], "world_position": [0.705, 0.6547388572526824, -0.15], "world_orientation": [1.0, -3.838362879530641e-17, 1.4813540171849057e-17, 3.838362879530641e-17, 1.0, 5.294293626938881e-18, -1.4813540171849057e-17, -5.294293626938881e-18, 1.0], "world_rotation": [-0.1276280613210114, 0.35710588544125776, 0.925303444577321, 4.1482206750932463e-17]}], "source": "action wait"}
{"timestamp": 1706067287.594114, "objects": [{"color": "cv_", "id_name": "hand", "shape": "CVCylinder", "id_string": "ob383", "world_size": [0.12, 0.005, 0.12], "id": 383, "camera_size": [49, 7], "camera_position": [246, 508], "world_position": [0.007449983230391604, 0.6739745910695759, -0.17410923721597055], "world_orientation": [-1.105015169510042e-05, 0.00046831734875504226, 0.9999998902783716, -0.0007626393247844006, -0.9999995995339908, 0.00046830878531355704, 0.999999709129535, -0.000762634066223605, 1.1407304496894266e-05], "world_rotation": [0.0, 1.0, 0.0, 0.0]}, {"color": "CVRed", "id_name": "object205509580055360", "shape": "CVSphere", "id_string": "ob464", "world_size": [0.11, 0.11, 0.11], "id": 464, "camera_size": [45, 45], "camera_position": [256, 254], "world_position": [0.705, 0.6547388572526824, -0.15], "world_orientation": [1.0, -3.838362879530641e-17, 1.4813540171849057e-17, 3.838362879530641e-17, 1.0, 5.294293626938881e-18, -1.4813540171849057e-17, -5.294293626938881e-18, 1.0], "world_rotation": [-0.1276280613210114, 0.35710588544125776, 0.925303444577321, 4.1482206750932463e-17]}], "source": "action wait"}
{"timestamp": 1706067287.625816, "objects": [{"color": "CVRed", "id_name": "object205509580055360", "shape": "CVSphere", "id_string": "ob464", "world_size": [0.11, 0.11, 0.11], "id": 464, "camera_size": [45, 45], "camera_position": [256, 254], "world_position": [0.705, 0.6547388572526824, -0.15], "world_orientation": [1.0, -3.838362879530641e-17, 1.4813540171849057e-17, 3.838362879530641e-17, 1.0, 5.294293626938881e-18, -1.4813540171849057e-17, -5.294293626938881e-18, 1.0], "world_rotation": [-0.1276280613210114, 0.35710588544125776, 0.925303444577321, 4.1482206750932463e-17]}], "source": "action wait"}
{"timestamp": 1706067290.283231, "objects": [{"color": "CVRed", "id_name": "object205509580055360", "shape": "CVSphere", "id_string": "ob464", "world_size": [0.11, 0.11, 0.11], "id": 464, "camera_size": [45, 45], "camera_position": [256, 254], "world_position": [0.705, 0.6547388572526824, -0.15], "world_orientation": [1.0, -3.838362879530641e-17, 1.4813540171849057e-17, 3.838362879530641e-17, 1.0, 5.294293626938881e-18, -1.4813540171849057e-17, -5.294293626938881e-18, 1.0], "world_rotation": [-0.1276280613210114, 0.35710588544125776, 0.925303444577321, 4.1482206750932463e-17]}], "source": "action wait"}
{"timestamp": 1706067290.343632, "objects": [{"color": "cv_", "id_name": "hand", "shape": "CVCylinder", "id_string": "ob383", "world_size": [0.12, 0.005, 0.12], "id": 383, "camera_size": [53, 20], "camera_position": [245, 501], "world_position": [0.08381030588239655, 0.7823312569543835, -0.17412499507239615], "world_orientation": [0.0002563519887647815, 0.29562806297891425, 0.9553030841900351, -0.0007072821898339505, -0.9553028230339483, 0.2956281719580747, 0.999999717017741, -0.0007514537271576454, -3.5801314796812076e-05], "world_rotation": [0.0, 1.0, 0.0, 0.0]}, {"color": "CVRed", "id_name": "object205509580055360", "shape": "CVSphere", "id_string": "ob464", "world_size": [0.11, 0.11, 0.11], "id": 464, "camera_size": [45, 45], "camera_position": [256, 254], "world_position": [0.705, 0.6547388572526824, -0.15], "world_orientation": [1.0, -3.838362879530641e-17, 1.4813540171849057e-17, 3.838362879530641e-17, 1.0, 5.294293626938881e-18, -1.4813540171849057e-17, -5.294293626938881e-18, 1.0], "world_rotation": [-0.1276280613210114, 0.35710588544125776, 0.925303444577321, 4.1482206750932463e-17]}], "source": "action wait"}
{"timestamp": 1706067290.376074, "objects": [{"color": "cv_", "id_name": "hand", "shape": "CVCylinder", "id_string": "ob383", "world_size": [0.12, 0.005, 0.12], "id": 383, "camera_size": [55, 37], "camera_position": [245, 493], "world_position": [0.14091651655193801, 0.8140718980165941, -0.17412074947082912], "world_orientation": [0.00028714680018370657, 0.3350656829246309, 0.9421947281071815, -0.0007133449370545936, -0.9421944585944839, 0.3350658044815204, 0.9999997043428144, -0.0007683229126228561, -3.153071544073516e-05], "world_rotation": [0.0, 1.0, 0.0, 0.0]}, {"color": "CVRed", "id_name": "object205509580055360", "shape": "CVSphere", "id_string": "ob464", "world_size": [0.11, 0.11, 0.11], "id": 464, "camera_size": [45, 45], "camera_position": [256, 254], "world_position": [0.705, 0.6547388572526824, -0.15], "world_orientation": [1.0, -3.838362879530641e-17, 1.4813540171849057e-17, 3.838362879530641e-17, 1.0, 5.294293626938881e-18, -1.4813540171849057e-17, -5.294293626938881e-18, 1.0], "world_rotation": [-0.1276280613210114, 0.35710588544125776, 0.925303444577321, 4.1482206750932463e-17]}], "source": "action wait"}
{"timestamp": 1706067290.412796, "objects": [{"color": "cv_", "id_name": "hand", "shape": "CVCylinder", "id_string": "ob383", "world_size": [0.12, 0.005, 0.12], "id": 383, "camera_size": [55, 59], "camera_position": [245, 481], "world_position": [0.20258322674959656, 0.8280140224608286, -0.17411736072259235], "world_orientation": [0.00028467936884041283, 0.3348292682514987, 0.9422787698339716, -0.0007231162787904526, -0.9422784927319935, 0.33482938825254, 0.9999996980302066, -0.0007766961365427646, -2.6126752094220497e-05], "world_rotation": [0.0, 1.0, 0.0, 0.0]}, {"color": "CVRed", "id_name": "object205509580055360", "shape": "CVSphere", "id_string": "ob464", "world_size": [0.11, 0.11, 0.11], "id": 464, "camera_size": [45, 45], "camera_position": [256, 254], "world_position": [0.705, 0.6547388572526824, -0.15], "world_orientation": [1.0, -3.838362879530641e-17, 1.4813540171849057e-17, 3.838362879530641e-17, 1.0, 5.294293626938881e-18, -1.4813540171849057e-17, -5.294293626938881e-18, 1.0], "world_rotation": [-0.1276280613210114, 0.35710588544125776, 0.925303444577321, 4.1482206750932463e-17]}], "source": "action wait"}
{"timestamp": 1706067290.447499, "objects": [{"color": "cv_", "id_name": "hand", "shape": "CVCylinder", "id_string": "ob383", "world_size": [0.12, 0.005, 0.12], "id": 383, "camera_size": [55, 58], "camera_position": [245, 451], "world_position": [0.26686517764638096, 0.8268856636342017, -0.17411460737253853], "world_orientation": [0.00025898552085952775, 0.3066474118668563, 0.9518231441406846, -0.0007362639757166589, -0.9518228596052696, 0.3066475205316451, 0.9999996954208826, -0.0007802103601095406, -2.0734896456101624e-05], "world_rotation": [0.0, 1.0, 0.0, 0.0]}, {"color": "CVRed", "id_name": "object205509580055360", "shape": "CVSphere", "id_string": "ob464", "world_size": [0.11, 0.11, 0.11], "id": 464, "camera_size": [45, 45], "camera_position": [256, 254], "world_position": [0.705, 0.6547388572526824, -0.15], "world_orientation": [1.0, -3.838362879530641e-17, 1.4813540171849057e-17, 3.838362879530641e-17, 1.0, 5.294293626938881e-18, -1.4813540171849057e-17, -5.294293626938881e-18, 1.0], "world_rotation": [-0.1276280613210114, 0.35710588544125776, 0.925303444577321, 4.1482206750932463e-17]}], "source": "action wait"}
{"timestamp": 1706067290.480023, "objects": [{"color": "cv_", "id_name": "hand", "shape": "CVCylinder", "id_string": "ob383", "world_size": [0.12, 0.005, 0.12], "id": 383, "camera_size": [54, 56], "camera_position": [245, 420], "world_position": [0.33174038700429614, 0.8128543035449796, -0.17411218285399846], "world_orientation": [0.00021666678718040058, 0.2581396786699144, 0.9661075816655703, -0.0007506439052278841, -0.966107290173975, 0.2581397691298781, 0.999999694794569, -0.0007811330823928569, -1.5552386142057097e-05], "world_rotation": [0.0, 1.0, 0.0, 0.0]}, {"color": "CVRed", "id_name": "object205509580055360", "shape": "CVSphere", "id_string": "ob464", "world_size": [0.11, 0.11, 0.11], "id": 464, "camera_size": [45, 45], "camera_position": [256, 254], "world_position": [0.705, 0.6547388572526824, -0.15], "world_orientation": [1.0, -3.838362879530641e-17, 1.4813540171849057e-17, 3.838362879530641e-17, 1.0, 5.294293626938881e-18, -1.4813540171849057e-17, -5.294293626938881e-18, 1.0], "world_rotation": [-0.1276280613210114, 0.35710588544125776, 0.925303444577321, 4.1482206750932463e-17]}], "source": "action wait"}
{"timestamp": 1706067290.51257, "objects": [{"color": "cv_", "id_name": "hand", "shape": "CVCylinder", "id_string": "ob383", "world_size": [0.12, 0.005, 0.12], "id": 383, "camera_size": [53, 54], "camera_position": [245, 389], "world_position": [0.3954184995356004, 0.7876820489888563, -0.17410988893776444], "world_orientation": [0.0001623338576139933, 0.19458600161772052, 0.9808854477573553, -0.0007638239022620078, -0.9808851504164919, 0.19458606904262873, 0.999999695110336, -0.0007808116576039531, -1.060143126175428e-05], "world_rotation": [0.0, 1.0, 0.0, 0.0]}, {"color": "CVRed", "id_name": "object205509580055360", "shape": "CVSphere", "id_string": "ob464", "world_size": [0.11, 0.11, 0.11], "id": 464, "camera_size": [45, 45], "camera_position": [256, 254], "world_position": [0.705, 0.6547388572526824, -0.15], "world_orientation": [1.0, -3.838362879530641e-17, 1.4813540171849057e-17, 3.838362879530641e-17, 1.0, 5.294293626938881e-18, -1.4813540171849057e-17, -5.294293626938881e-18, 1.0], "world_rotation": [-0.1276280613210114, 0.35710588544125776, 0.925303444577321, 4.1482206750932463e-17]}], "source": "action wait"}
{"timestamp": 1706067290.543756, "objects": [{"color": "cv_", "id_name": "hand", "shape": "CVCylinder", "id_string": "ob383", "world_size": [0.12, 0.005, 0.12], "id": 383, "camera_size": [52, 53], "camera_position": [245, 365], "world_position": [0.44639916138516067, 0.7601819029406436, -0.17410276008954884], "world_orientation": [0.0001008826810251408, 0.1371829984598363, 0.990545715631668, -0.0007680063448679409, -0.9905454179147852, 0.1371830354463622, 0.9999996999944245, -0.000774584786894194, 5.4285357891618315e-06], "world_rotation": [0.0, 1.0, 0.0, 0.0]}, {"color": "CVRed", "id_name": "object205509580055360", "shape": "CVSphere", "id_string": "ob464", "world_size": [0.11, 0.11, 0.11], "id": 464, "camera_size": [45, 45], "camera_position": [256, 254], "world_position": [0.705, 0.6547388572526824, -0.15], "world_orientation": [1.0, -3.838362879530641e-17, 1.4813540171849057e-17, 3.838362879530641e-17, 1.0, 5.294293626938881e-18, -1.4813540171849057e-17, -5.294293626938881e-18, 1.0], "world_rotation": [-0.1276280613210114, 0.35710588544125776, 0.925303444577321, 4.1482206750932463e-17]}], "source": "action wait"}
{"timestamp": 1706067290.574734, "objects": [{"color": "cv_", "id_name": "hand", "shape": "CVCylinder", "id_string": "ob383", "world_size": [0.12, 0.005, 0.12], "id": 383, "camera_size": [51, 52], "camera_position": [246, 348], "world_position": [0.4810393286363158, 0.7376933247666086, -0.17409835361651196], "world_orientation": [5.893066336569798e-05, 0.09638943319048214, 0.9953436962659654, -0.0007666186504753132, -0.9953434011558154, 0.09638945000060105, 0.9999997044114672, -0.0007687293354208374, 1.523769028618321e-05], "world_rotation": [0.0, 1.0, 0.0, 0.0]}, {"color": "CVRed", "id_name": "object205509580055360", "shape": "CVSphere", "id_string": "ob464", "world_size": [0.11, 0.11, 0.11], "id": 464, "camera_size": [45, 45], "camera_position": [256, 254], "world_position": [0.705, 0.6547388572526824, -0.15], "world_orientation": [1.0, -3.838362879530641e-17, 1.4813540171849057e-17, 3.838362879530641e-17, 1.0, 5.294293626938881e-18, -1.4813540171849057e-17, -5.294293626938881e-18, 1.0], "world_rotation": [-0.1276280613210114, 0.35710588544125776, 0.925303444577321, 4.1482206750932463e-17]}], "source": "action wait"}
{"timestamp": 1706067290.605794, "objects": [{"color": "cv_", "id_name": "hand", "shape": "CVCylinder", "id_string": "ob383", "world_size": [0.12, 0.005, 0.12], "id": 383, "camera_size": [51, 51], "camera_position": [246, 338], "world_position": [0.5046638547690495, 0.7203774797294211, -0.17409683821353797], "world_orientation": [3.2948074339091933e-05, 0.06752687383881524, 0.997717455106395, -0.000764397300619225, -0.9977171624624408, 0.06752687927531238, 0.9999997073055528, -0.0007648774101025987, 1.8744500843832965e-05], "world_rotation": [0.0, 1.0, 0.0, 0.0]}, {"color": "CVRed", "id_name": "object205509580055360", "shape": "CVSphere", "id_string": "ob464", "world_size": [0.11, 0.11, 0.11], "id": 464, "camera_size": [45, 45], "camera_position": [256, 254], "world_position": [0.705, 0.6547388572526824, -0.15], "world_orientation": [1.0, -3.838362879530641e-17, 1.4813540171849057e-17, 3.838362879530641e-17, 1.0, 5.294293626938881e-18, -1.4813540171849057e-17, -5.294293626938881e-18, 1.0], "world_rotation": [-0.1276280613210114, 0.35710588544125776, 0.925303444577321, 4.1482206750932463e-17]}], "source": "action wait"}
{"timestamp": 1706067290.64102, "objects": [{"color": "cv_", "id_name": "hand", "shape": "CVCylinder", "id_string": "ob383", "world_size": [0.12, 0.005, 0.12], "id": 383, "camera_size": [49, 50], "camera_position": [246, 330], "world_position": [0.5208855036867831, 0.7074853653777649, -0.17409686603714133], "world_orientation": [1.7020166345335045e-05, 0.04714269515111301, 0.9988881649134718, -0.0007626803976004151, -0.998887873928827, 0.047142694413439976, 0.9999997090144201, -0.0007626347992757797, 1.8953571707580538e-05], "world_rotation": [0.0, 1.0, 0.0, 0.0]}, {"color": "CVRed", "id_name": "object205509580055360", "shape": "CVSphere", "id_string": "ob464", "world_size": [0.11, 0.11, 0.11], "id": 464, "camera_size": [45, 45], "camera_position": [256, 254], "world_position": [0.705, 0.6547388572526824, -0.15], "world_orientation": [1.0, -3.838362879530641e-17, 1.4813540171849057e-17, 3.838362879530641e-17, 1.0, 5.294293626938881e-18, -1.4813540171849057e-17, -5.294293626938881e-18, 1.0], "world_rotation": [-0.1276280613210114, 0.35710588544125776, 0.925303444577321, 4.1482206750932463e-17]}], "source": "action wait"}
{"timestamp": 1706067290.681544, "objects": [{"color": "cv_", "id_name": "hand", "shape": "CVCylinder", "id_string": "ob383", "world_size": [0.12, 0.005, 0.12], "id": 383, "camera_size": [49, 50], "camera_position": [246, 325], "world_position": [0.5320935817471052, 0.6980791838338689, -0.17409763680920415], "world_orientation": [7.381027094499888e-06, 0.03275904231915318, 0.999463278510948, -0.0007616780711561863, -0.9994629884329091, 0.0327590384363573, 0.9999997098959761, -0.0007615110575183095, 1.7574780769379178e-05], "world_rotation": [0.0, 1.0, 0.0, 0.0]}, {"color": "CVRed", "id_name": "object205509580055360", "shape": "CVSphere", "id_string": "ob464", "world_size": [0.11, 0.11, 0.11], "id": 464, "camera_size": [45, 45], "camera_position": [256, 254], "world_position": [0.705, 0.6547388572526824, -0.15], "world_orientation": [1.0, -3.838362879530641e-17, 1.4813540171849057e-17, 3.838362879530641e-17, 1.0, 5.294293626938881e-18, -1.4813540171849057e-17, -5.294293626938881e-18, 1.0], "world_rotation": [-0.1276280613210114, 0.35710588544125776, 0.925303444577321, 4.1482206750932463e-17]}], "source": "action wait"}
{"timestamp": 1706067290.717851, "objects": [{"color": "cv_", "id_name": "hand", "shape": "CVCylinder", "id_string": "ob383", "world_size": [0.12, 0.005, 0.12], "id": 383, "camera_size": [49, 50], "camera_position": [246, 321], "world_position": [0.5398777615440331, 0.6913032053512548, -0.17409869450344692], "world_orientation": [1.6420425312949897e-06, 0.02261381762506387, 0.9997442749272056, -0.0007612493815402734, -0.9997439852240301, 0.02261381232241731, 0.9999997102482996, -0.0007610918438287502, 1.557313253757268e-05], "world_rotation": [0.0, 1.0, 0.0, 0.0]}, {"color": "CVRed", "id_name": "object205509580055360", "shape": "CVSphere", "id_string": "ob464", "world_size": [0.11, 0.11, 0.11], "id": 464, "camera_size": [45, 45], "camera_position": [256, 254], "world_position": [0.705, 0.6547388572526824, -0.15], "world_orientation": [1.0, -3.838362879530641e-17, 1.4813540171849057e-17, 3.838362879530641e-17, 1.0, 5.294293626938881e-18, -1.4813540171849057e-17, -5.294293626938881e-18, 1.0], "world_rotation": [-0.1276280613210114, 0.35710588544125776, 0.925303444577321, 4.1482206750932463e-17]}], "source": "action wait"}
{"timestamp": 1706067290.753343, "objects": [{"color": "cv_", "id_name": "hand", "shape": "CVCylinder", "id_string": "ob383", "world_size": [0.12, 0.005, 0.12], "id": 383, "camera_size": [49, 49], "camera_position": [246, 319], "world_position": [0.5453060097541534, 0.686461955900081, -0.17409979260854255], "world_orientation": [-1.6718086883212794e-06, 0.015459485117543565, 0.9998804950178325, -0.0007611933040033751, -0.9998802053658595, 0.015459479366416706, 0.9999997102909376, -0.0007610764923196005, 1.3439264969794635e-05], "world_rotation": [0.0, 1.0, 0.0, 0.0]}, {"color": "CVRed", "id_name": "object205509580055360", "shape": "CVSphere", "id_string": "ob464", "world_size": [0.11, 0.11, 0.11], "id": 464, "camera_size": [45, 45], "camera_position": [256, 254], "world_position": [0.705, 0.6547388572526824, -0.15], "world_orientation": [1.0, -3.838362879530641e-17, 1.4813540171849057e-17, 3.838362879530641e-17, 1.0, 5.294293626938881e-18, -1.4813540171849057e-17, -5.294293626938881e-18, 1.0], "world_rotation": [-0.1276280613210114, 0.35710588544125776, 0.925303444577321, 4.1482206750932463e-17]}], "source": "action wait"}
{"timestamp": 1706067290.785943, "objects": [{"color": "cv_", "id_name": "hand", "shape": "CVCylinder", "id_string": "ob383", "world_size": [0.12, 0.005, 0.12], "id": 383, "camera_size": [49, 50], "camera_position": [246, 317], "world_position": [0.5491030749097987, 0.6830216283274432, -0.17410080888850218], "world_orientation": [-3.5211591070269702e-06, 0.010414729583748663, 0.9999457652269441, -0.000761344246555461, -0.9999454754542086, 0.010414723884721007, 0.9999997101712278, -0.0007612662833235452, 1.1450161565812384e-05], "world_rotation": [0.0, 1.0, 0.0, 0.0]}, {"color": "CVRed", "id_name": "object205509580055360", "shape": "CVSphere", "id_string": "ob464", "world_size": [0.11, 0.11, 0.11], "id": 464, "camera_size": [45, 45], "camera_position": [256, 254], "world_position": [0.705, 0.6547388572526824, -0.15], "world_orientation": [1.0, -3.838362879530641e-17, 1.4813540171849057e-17, 3.838362879530641e-17, 1.0, 5.294293626938881e-18, -1.4813540171849057e-17, -5.294293626938881e-18, 1.0], "world_rotation": [-0.1276280613210114, 0.35710588544125776, 0.925303444577321, 4.1482206750932463e-17]}], "source": "action wait"}
{"timestamp": 1706067290.816948, "objects": [{"color": "cv_", "id_name": "hand", "shape": "CVCylinder", "id_string": "ob383", "world_size": [0.12, 0.005, 0.12], "id": 383, "camera_size": [49, 49], "camera_position": [246, 316], "world_position": [0.5517652349032565, 0.6805855179622908, -0.17410169229208283], "world_orientation": [-4.4794676010600705e-06, 0.006857610147494129, 0.9999764863050528, -0.0007615878586499452, -0.999976196337224, 0.006857604747373033, 0.9999997099818919, -0.0007615392324874423, 9.702033601376669e-06], "world_rotation": [0.0, 1.0, 0.0, 0.0]}, {"color": "CVRed", "id_name": "object205509580055360", "shape": "CVSphere", "id_string": "ob464", "world_size": [0.11, 0.11, 0.11], "id": 464, "camera_size": [45, 45], "camera_position": [256, 254], "world_position": [0.705, 0.6547388572526824, -0.15], "world_orientation": [1.0, -3.838362879530641e-17, 1.4813540171849057e-17, 3.838362879530641e-17, 1.0, 5.294293626938881e-18, -1.4813540171849057e-17, -5.294293626938881e-18, 1.0], "world_rotation": [-0.1276280613210114, 0.35710588544125776, 0.925303444577321, 4.1482206750932463e-17]}], "source": "action wait"}
{"timestamp": 1706067290.877868, "objects": [{"color": "cv_", "id_name": "hand", "shape": "CVCylinder", "id_string": "ob383", "world_size": [0.12, 0.005, 0.12], "id": 383, "camera_size": [49, 49], "camera_position": [246, 315], "world_position": [0.5549494729546127, 0.6776505894061248, -0.17410303153196705], "world_orientation": [-5.0740387455811776e-06, 0.0025809018332169855, 0.9999966694544445, -0.0007621070232647313, -0.9999963790746653, 0.0025808972167997678, 0.9999997095835275, -0.0007620913894604375, 7.0409437866828644e-06], "world_rotation": [0.0, 1.0, 0.0, 0.0]}, {"color": "CVRed", "id_name": "object205509580055360", "shape": "CVSphere", "id_string": "ob464", "world_size": [0.11, 0.11, 0.11], "id": 464, "camera_size": [45, 45], "camera_position": [256, 254], "world_position": [0.705, 0.6547388572526824, -0.15], "world_orientation": [1.0, -3.838362879530641e-17, 1.4813540171849057e-17, 3.838362879530641e-17, 1.0, 5.294293626938881e-18, -1.4813540171849057e-17, -5.294293626938881e-18, 1.0], "world_rotation": [-0.1276280613210114, 0.35710588544125776, 0.925303444577321, 4.1482206750932463e-17]}], "source": "action wait"}
{"timestamp": 1706067290.903117, "objects": [{"color": "cv_", "id_name": "hand", "shape": "CVCylinder", "id_string": "ob383", "world_size": [0.12, 0.005, 0.12], "id": 383, "camera_size": [49, 48], "camera_position": [246, 314], "world_position": [0.5558746726238248, 0.6767951350115792, -0.17410351120591988], "world_orientation": [-5.065897502854625e-06, 0.0013338518870016263, 0.9999991104063445, -0.0007623274630321355, -0.9999988198529631, 0.0013338476375702724, 0.9999997094155457, -0.000762320027735386, 6.0827234497943145e-06], "world_rotation": [0.0, 1.0, 0.0, 0.0]}, {"color": "CVRed", "id_name": "object205509580055360", "shape": "CVSphere", "id_string": "ob464", "world_size": [0.11, 0.11, 0.11], "id": 464, "camera_size": [45, 45], "camera_position": [256, 254], "world_position": [0.705, 0.6547388572526824, -0.15], "world_orientation": [1.0, -3.838362879530641e-17, 1.4813540171849057e-17, 3.838362879530641e-17, 1.0, 5.294293626938881e-18, -1.4813540171849057e-17, -5.294293626938881e-18, 1.0], "world_rotation": [-0.1276280613210114, 0.35710588544125776, 0.925303444577321, 4.1482206750932463e-17]}], "source": "action wait"}
{"timestamp": 1706067290.940042, "objects": [{"color": "cv_", "id_name": "hand", "shape": "CVCylinder", "id_string": "ob383", "world_size": [0.12, 0.005, 0.12], "id": 383, "camera_size": [49, 49], "camera_position": [246, 314], "world_position": [0.5565262204817769, 0.6761926598800223, -0.17410388861849846], "world_orientation": [-4.9806970303910896e-06, 0.00045450928470708627, 0.9999998966982462, -0.0007625107566167967, -0.9999996060010368, 0.00045450535474743457, 0.9999997092762271, -0.0007625084140949686, 5.3272632869376365e-06], "world_rotation": [0.0, 1.0, 0.0, 0.0]}, {"color": "CVRed", "id_name": "object205509580055360", "shape": "CVSphere", "id_string": "ob464", "world_size": [0.11, 0.11, 0.11], "id": 464, "camera_size": [45, 45], "camera_position": [256, 254], "world_position": [0.705, 0.6547388572526824, -0.15], "world_orientation": [1.0, -3.838362879530641e-17, 1.4813540171849057e-17, 3.838362879530641e-17, 1.0, 5.294293626938881e-18, -1.4813540171849057e-17, -5.294293626938881e-18, 1.0], "world_rotation": [-0.1276280613210114, 0.35710588544125776, 0.925303444577321, 4.1482206750932463e-17]}], "source": "action wait"}
{"timestamp": 1706067290.981352, "objects": [{"color": "cv_", "id_name": "hand", "shape": "CVCylinder", "id_string": "ob383", "world_size": [0.12, 0.005, 0.12], "id": 383, "camera_size": [49, 49], "camera_position": [246, 314], "world_position": [0.5569852668095425, 0.675768494673918, -0.17410418224056426], "world_orientation": [-4.865211570477388e-06, -0.00016555879348975676, 0.9999999862833078, -0.0007626580805127568, -0.9999996954708165, -0.00016556245583580504, 0.9999997091644487, -0.0007626588755483298, 4.738945337587956e-06], "world_rotation": [0.0, 1.0, 0.0, 0.0]}, {"color": "CVRed", "id_name": "object205509580055360", "shape": "CVSphere", "id_string": "ob464", "world_size": [0.11, 0.11, 0.11], "id": 464, "camera_size": [45, 45], "camera_position": [256, 254], "world_position": [0.705, 0.6547388572526824, -0.15], "world_orientation": [1.0, -3.838362879530641e-17, 1.4813540171849057e-17, 3.838362879530641e-17, 1.0, 5.294293626938881e-18, -1.4813540171849057e-17, -5.294293626938881e-18, 1.0], "world_rotation": [-0.1276280613210114, 0.35710588544125776, 0.925303444577321, 4.1482206750932463e-17]}], "source": "action wait"}
{"timestamp": 1706067291.016675, "objects": [{"color": "cv_", "id_name": "hand", "shape": "CVCylinder", "id_string": "ob383", "world_size": [0.12, 0.005, 0.12], "id": 383, "camera_size": [49, 49], "camera_position": [246, 314], "world_position": [0.5573087936244169, 0.6754699157454805, -0.1741044086209433], "world_orientation": [-4.745121197023523e-06, -0.000602806270384847, 0.9999998183010257, -0.000762773616697255, -0.9999995273983172, -0.0006028097144803636, 0.9999997090769046, -0.000762776338507572, 4.285314235806191e-06], "world_rotation": [0.0, 1.0, 0.0, 0.0]}, {"color": "CVRed", "id_name": "object205509580055360", "shape": "CVSphere", "id_string": "ob464", "world_size": [0.11, 0.11, 0.11], "id": 464, "camera_size": [45, 45], "camera_position": [256, 254], "world_position": [0.705, 0.6547388572526824, -0.15], "world_orientation": [1.0, -3.838362879530641e-17, 1.4813540171849057e-17, 3.838362879530641e-17, 1.0, 5.294293626938881e-18, -1.4813540171849057e-17, -5.294293626938881e-18, 1.0], "world_rotation": [-0.1276280613210114, 0.35710588544125776, 0.925303444577321, 4.1482206750932463e-17]}], "source": "action wait"}
