{"timestamp": 1706067141.18634, "objects": [{"color": "cv_", "id_name": "hand", "shape": "CVCylinder", "id_string": "ob383", "world_size": [0.12, 0.005, 0.12], "id": 383, "camera_size": [48, 50], "camera_position": [246, 426], "world_position": [0.2676445155401387, 0.6334703013847401, -0.17389260400847478], "world_orientation": [-0.0006415490623399597, 0.1979154748664127, 0.9802188802625681, -0.000747367103359287, -0.9802189031249677, 0.19791499033397708, 0.999999514928489, -0.0006056111687284166, 0.0007767740333490449], "world_rotation": [0.0, 1.0, 0.0, 0.0]}, {"color": "CVGreen", "id_name": "object208808383378621", "shape": "CVBox", "id_string": "ob408", "world_size": [0.11, 0.11, 0.11], "id": 408, "camera_size": [45, 45], "camera_position": [256, 254], "world_position": [0.705, 0.654738849708696, -0.15], "world_orientation": [1.0, -5.1619362862653347e-17, 1.4541359828532488e-17, 5.1619362862653347e-17, 1.0, 2.3824321321224633e-17, -1.4541359828532488e-17, -2.3824321321224633e-17, 1.0], "world_rotation": [-0.4059884517598224, 0.2477982093873522, 0.8796416454796148, 5.868226354211375e-17]}], "source": "manual check"}
{"timestamp": 1706067142.201146, "objects": [{"color": "cv_", "id_name": "hand", "shape": "CVCylinder", "id_string": "ob383", "world_size": [0.12, 0.005, 0.12], "id": 383, "camera_size": [48, 50], "camera_position": [246, 426], "world_position": [0.2676445155401387, 0.6334703013847401, -0.17389260400847478], "world_orientation": [-0.0006415490623399597, 0.1979154748664127, 0.9802188802625681, -0.000747367103359287, -0.9802189031249677, 0.19791499033397708, 0.999999514928489, -0.0006056111687284166, 0.0007767740333490449], "world_rotation": [0.0, 1.0, 0.0, 0.0]}, {"color": "CVGreen", "id_name": "object208808383378621", "shape": "CVBox", "id_string": "ob408", "world_size": [0.11, 0.11, 0.11], "id": 408, "camera_size": [45, 45], "camera_position": [256, 254], "world_position": [0.705, 0.6547388572526824, -0.15], "world_orientation": [1.0, -3.838362879530641e-17, 1.4813540171849057e-17, 3.838362879530641e-17, 1.0, 5.294293626938881e-18, -1.4813540171849057e-17, -5.294293626938881e-18, 1.0], "world_rotation": [-0.1276280613210114, 0.35710588544125776, 0.925303444577321, 4.1482206750932463e-17]}], "source": "manual check"}
{"timestamp": 1706067143.022647, "objects": [{"color": "cv_", "id_name": "hand", "shape": "CVCylinder", "id_string": "ob383", "world_size": [0.12, 0.005, 0.12], "id": 383, "camera_size": [48, 50], "camera_position": [246, 426], "world_position": [0.2676445155401387, 0.6334703013847401, -0.17389260400847478], "world_orientation": [-0.0006415490623399597, 0.1979154748664127, 0.9802188802625681, -0.000747367103359287, -0.9802189031249677, 0.19791499033397708, 0.999999514928489, -0.0006056111687284166, 0.0007767740333490449], "world_rotation": [0.0, 1.0, 0.0, 0.0]}, {"color": "CVGreen", "id_name": "object208808383378621", "shape": "CVBox", "id_string": "ob408", "world_size": [0.11, 0.11, 0.11], "id": 408, "camera_size": [45, 45], "camera_position": [256, 254], "world_position": [0.705, 0.6547388572526824, -0.15], "world_orientation": [1.0, -3.838362879530641e-17, 1.4813540171849057e-17, 3.838362879530641e-17, 1.0, 5.294293626938881e-18, -1.4813540171849057e-17, -5.294293626938881e-18, 1.0], "world_rotation": [-0.1276280613210114, 0.35710588544125776, 0.925303444577321, 4.1482206750932463e-17]}], "source": "action wait"}
{"timestamp": 1706067143.052778, "objects": [{"color": "cv_", "id_name": "hand", "shape": "CVCylinder", "id_string": "ob383", "world_size": [0.12, 0.005, 0.12], "id": 383, "camera_size": [48, 50], "camera_position": [246, 444], "world_position": [0.22514739708931558, 0.6428711330924304, -0.17397269962510964], "world_orientation": [-0.0005237070463907935, 0.08856503537534993, 0.9960702586865511, -0.0007615761836200161, -0.9960701417460678, 0.08856462456130589, 0.999999572866232, -0.0007122014682845212, 0.0005890979735756179], "world_rotation": [0.0, 1.0, 0.0, 0.0]}, {"color": "CVGreen", "id_name": "object208808383378621", "shape": "CVBox", "id_string": "ob408", "world_size": [0.11, 0.11, 0.11], "id": 408, "camera_size": [45, 45], "camera_position": [256, 254], "world_position": [0.705, 0.6547388572526824, -0.15], "world_orientation": [1.0, -3.838362879530641e-17, 1.4813540171849057e-17, 3.838362879530641e-17, 1.0, 5.294293626938881e-18, -1.4813540171849057e-17, -5.294293626938881e-18, 1.0], "world_rotation": [-0.1276280613210114, 0.35710588544125776, 0.925303444577321, 4.1482206750932463e-17]}], "source": "action wait"}
{"timestamp": 1706067143.082398, "objects": [{"color": "cv_", "id_name": "hand", "shape": "CVCylinder", "id_string": "ob383", "world_size": [0.12, 0.005, 0.12], "id": 383, "camera_size": [48, 50], "camera_position": [246, 471], "world_position": [0.16390173037241934, 0.660024282242087, -0.17403874837323796], "world_orientation": [-0.0003781910133753503, 0.06187083815409488, 0.9980840928286892, -0.0007686819885219634, -0.9980838873222134, 0.06187053414816985, 0.9999996330497117, -0.0007438103851804759, 0.000425025355684193], "world_rotation": [0.0, 1.0, 0.0, 0.0]}, {"color": "CVGreen", "id_name": "object208808383378621", "shape": "CVBox", "id_string": "ob408", "world_size": [0.11, 0.11, 0.11], "id": 408, "camera_size": [45, 45], "camera_position": [256, 254], "world_position": [0.705, 0.6547388572526824, -0.15], "world_orientation": [1.0, -3.838362879530641e-17, 1.4813540171849057e-17, 3.838362879530641e-17, 1.0, 5.294293626938881e-18, -1.4813540171849057e-17, -5.294293626938881e-18, 1.0], "world_rotation": [-0.1276280613210114, 0.35710588544125776, 0.925303444577321, 4.1482206750932463e-17]}], "source": "action wait"}
{"timestamp": 1706067143.113879, "objects": [{"color": "cv_", "id_name": "hand", "shape": "CVCylinder", "id_string": "ob383", "world_size": [0.12, 0.005, 0.12], "id": 383, "camera_size": [49, 46], "camera_position": [246, 488], "world_position": [0.11787039095632457, 0.6676875547712958, -0.1740778047658044], "world_orientation": [-0.0002573706463869879, 0.0433133829022996, 0.999061501921633, -0.000769787135485825, -0.999061247583525, 0.04331317356898464, 0.999999670594004, -0.0007579171522602358, 0.00029047112402370346], "world_rotation": [0.0, 1.0, 0.0, 0.0]}, {"color": "CVGreen", "id_name": "object208808383378621", "shape": "CVBox", "id_string": "ob408", "world_size": [0.11, 0.11, 0.11], "id": 408, "camera_size": [45, 45], "camera_position": [256, 254], "world_position": [0.705, 0.6547388572526824, -0.15], "world_orientation": [1.0, -3.838362879530641e-17, 1.4813540171849057e-17, 3.838362879530641e-17, 1.0, 5.294293626938881e-18, -1.4813540171849057e-17, -5.294293626938881e-18, 1.0], "world_rotation": [-0.1276280613210114, 0.35710588544125776, 0.925303444577321, 4.1482206750932463e-17]}], "source": "action wait"}
{"timestamp": 1706067143.146989, "objects": [{"color": "cv_", "id_name": "hand", "shape": "CVCylinder", "id_string": "ob383", "world_size": [0.12, 0.005, 0.12], "id": 383, "camera_size": [49, 34], "camera_position": [246, 494], "world_position": [0.08448313530620367, 0.6707868080777764, -0.17409653107983467], "world_orientation": [-0.0001749446666856851, 0.03018098044198997, 0.99954443513729, -0.000768137741526613, -0.9995441596054534, 0.03018083767953071, 0.9999996896793387, -0.0007625078283740623, 0.0001980480699939434], "world_rotation": [0.0, 1.0, 0.0, 0.0]}, {"color": "CVGreen", "id_name": "object208808383378621", "shape": "CVBox", "id_string": "ob408", "world_size": [0.11, 0.11, 0.11], "id": 408, "camera_size": [45, 45], "camera_position": [256, 254], "world_position": [0.705, 0.6547388572526824, -0.15], "world_orientation": [1.0, -3.838362879530641e-17, 1.4813540171849057e-17, 3.838362879530641e-17, 1.0, 5.294293626938881e-18, -1.4813540171849057e-17, -5.294293626938881e-18, 1.0], "world_rotation": [-0.1276280613210114, 0.35710588544125776, 0.925303444577321, 4.1482206750932463e-17]}], "source": "action wait"}
{"timestamp": 1706067143.18425, "objects": [{"color": "cv_", "id_name": "hand", "shape": "CVCylinder", "id_string": "ob383", "world_size": [0.12, 0.005, 0.12], "id": 383, "camera_size": [49, 25], "camera_position": [246, 499], "world_position": [0.060571404202257845, 0.6718147159186578, -0.17410508423825127], "world_orientation": [-0.00011909993468534913, 0.020891812456735534, 0.999781735173972, -0.0007661270136284612, -0.9997814507598143, 0.020891715247914198, 0.9999996994322571, -0.0007634715931279858, 0.00013507968737225384], "world_rotation": [0.0, 1.0, 0.0, 0.0]}, {"color": "CVGreen", "id_name": "object208808383378621", "shape": "CVBox", "id_string": "ob408", "world_size": [0.11, 0.11, 0.11], "id": 408, "camera_size": [45, 45], "camera_position": [256, 254], "world_position": [0.705, 0.6547388572526824, -0.15], "world_orientation": [1.0, -3.838362879530641e-17, 1.4813540171849057e-17, 3.838362879530641e-17, 1.0, 5.294293626938881e-18, -1.4813540171849057e-17, -5.294293626938881e-18, 1.0], "world_rotation": [-0.1276280613210114, 0.35710588544125776, 0.925303444577321, 4.1482206750932463e-17]}], "source": "action wait"}
{"timestamp": 1706067143.225997, "objects": [{"color": "cv_", "id_name": "hand", "shape": "CVCylinder", "id_string": "ob383", "world_size": [0.12, 0.005, 0.12], "id": 383, "camera_size": [49, 19], "camera_position": [246, 502], "world_position": [0.043564707901540746, 0.6719702508588168, -0.1741086958952876], "world_orientation": [-8.139268879870599e-05, 0.014322988795561499, 0.9998974174220037, -0.000764536588290701, -0.9998971293971728, 0.014322922435689407, 0.999999704429474, -0.0007632923789883676, 9.233476487199761e-05], "world_rotation": [0.0, 1.0, 0.0, 0.0]}, {"color": "CVGreen", "id_name": "object208808383378621", "shape": "CVBox", "id_string": "ob408", "world_size": [0.11, 0.11, 0.11], "id": 408, "camera_size": [45, 45], "camera_position": [256, 254], "world_position": [0.705, 0.6547388572526824, -0.15], "world_orientation": [1.0, -3.838362879530641e-17, 1.4813540171849057e-17, 3.838362879530641e-17, 1.0, 5.294293626938881e-18, -1.4813540171849057e-17, -5.294293626938881e-18, 1.0], "world_rotation": [-0.1276280613210114, 0.35710588544125776, 0.925303444577321, 4.1482206750932463e-17]}], "source": "action wait"}
{"timestamp": 1706067143.258709, "objects": [{"color": "cv_", "id_name": "hand", "shape": "CVCylinder", "id_string": "ob383", "world_size": [0.12, 0.005, 0.12], "id": 383, "camera_size": [49, 15], "camera_position": [246, 504], "world_position": [0.03151657875293254, 0.6718051285813209, -0.1741099850629162], "world_orientation": [-5.599143770171e-05, 0.00967871098937036, 0.9999531586122139, -0.0007634923502978293, -0.9999528691467406, 0.009678665436549853, 0.9999997069721522, -0.0007629146648641268, 6.337842057897143e-05], "world_rotation": [0.0, 1.0, 0.0, 0.0]}, {"color": "CVGreen", "id_name": "object208808383378621", "shape": "CVBox", "id_string": "ob408", "world_size": [0.11, 0.11, 0.11], "id": 408, "camera_size": [45, 45], "camera_position": [256, 254], "world_position": [0.705, 0.6547388572526824, -0.15], "world_orientation": [1.0, -3.838362879530641e-17, 1.4813540171849057e-17, 3.838362879530641e-17, 1.0, 5.294293626938881e-18, -1.4813540171849057e-17, -5.294293626938881e-18, 1.0], "world_rotation": [-0.1276280613210114, 0.35710588544125776, 0.925303444577321, 4.1482206750932463e-17]}], "source": "action wait"}
{"timestamp": 1706067143.29001, "objects": [{"color": "cv_", "id_name": "hand", "shape": "CVCylinder", "id_string": "ob383", "world_size": [0.12, 0.005, 0.12], "id": 383, "camera_size": [49, 12], "camera_position": [246, 505], "world_position": [0.02300064529055949, 0.6715586837715736, -0.1741102365585005], "world_orientation": [-3.89140920094545e-05, 0.006395558385401321, 0.9999795474501627, -0.000762897907048364, -0.9999792573964692, 0.006395526842221972, 0.999999708236196, -0.0007626334277212773, 4.3792442936867065e-05], "world_rotation": [0.0, 1.0, 0.0, 0.0]}, {"color": "CVGreen", "id_name": "object208808383378621", "shape": "CVBox", "id_string": "ob408", "world_size": [0.11, 0.11, 0.11], "id": 408, "camera_size": [45, 45], "camera_position": [256, 254], "world_position": [0.705, 0.6547388572526824, -0.15], "world_orientation": [1.0, -3.838362879530641e-17, 1.4813540171849057e-17, 3.838362879530641e-17, 1.0, 5.294293626938881e-18, -1.4813540171849057e-17, -5.294293626938881e-18, 1.0], "world_rotation": [-0.1276280613210114, 0.35710588544125776, 0.925303444577321, 4.1482206750932463e-17]}], "source": "action wait"}
{"timestamp": 1706067143.315329, "objects": [{"color": "cv_", "id_name": "hand", "shape": "CVCylinder", "id_string": "ob383", "world_size": [0.12, 0.005, 0.12], "id": 383, "camera_size": [49, 10], "camera_position": [246, 506], "world_position": [0.016989357666831448, 0.6713249214771156, -0.17411006643616014], "world_orientation": [-2.7426581182196842e-05, 0.004074858188984883, 0.9999916973547942, -0.000762614051380246, -0.999991407028405, 0.004074836089866681, 0.9999997088337532, -0.0007624959608438922, 3.053388961903123e-05], "world_rotation": [0.0, 1.0, 0.0, 0.0]}, {"color": "CVGreen", "id_name": "object208808383378621", "shape": "CVBox", "id_string": "ob408", "world_size": [0.11, 0.11, 0.11], "id": 408, "camera_size": [45, 45], "camera_position": [256, 254], "world_position": [0.705, 0.6547388572526824, -0.15], "world_orientation": [1.0, -3.838362879530641e-17, 1.4813540171849057e-17, 3.838362879530641e-17, 1.0, 5.294293626938881e-18, -1.4813540171849057e-17, -5.294293626938881e-18, 1.0], "world_rotation": [-0.1276280613210114, 0.35710588544125776, 0.925303444577321, 4.1482206750932463e-17]}], "source": "action wait"}
{"timestamp": 1706067143.34494, "objects": [{"color": "cv_", "id_name": "hand", "shape": "CVCylinder", "id_string": "ob383", "world_size": [0.12, 0.005, 0.12], "id": 383, "camera_size": [49, 9], "camera_position": [246, 507], "world_position": [0.012749373278202651, 0.6711333737978475, -0.17410976034080314], "world_orientation": [-1.971767115026206e-05, 0.002434608585380948, 0.9999970361417326, -0.0007625218204160107, -0.9999967456537858, 0.002434592842955792, 0.9999997090858012, -0.0007624715559087107, 2.157404915302389e-05], "world_rotation": [0.0, 1.0, 0.0, 0.0]}, {"color": "CVGreen", "id_name": "object208808383378621", "shape": "CVBox", "id_string": "ob408", "world_size": [0.11, 0.11, 0.11], "id": 408, "camera_size": [45, 45], "camera_position": [256, 254], "world_position": [0.705, 0.6547388572526824, -0.15], "world_orientation": [1.0, -3.838362879530641e-17, 1.4813540171849057e-17, 3.838362879530641e-17, 1.0, 5.294293626938881e-18, -1.4813540171849057e-17, -5.294293626938881e-18, 1.0], "world_rotation": [-0.1276280613210114, 0.35710588544125776, 0.925303444577321, 4.1482206750932463e-17]}], "source": "action wait"}
{"timestamp": 1706067143.377469, "objects": [{"color": "cv_", "id_name": "hand", "shape": "CVCylinder", "id_string": "ob383", "world_size": [0.12, 0.005, 0.12], "id": 383, "camera_size": [49, 8], "camera_position": [246, 507], "world_position": [0.009760101419147786, 0.6709870544047701, -0.17410944319976202], "world_orientation": [-1.453583004786753e-05, 0.0012753801197156209, 0.9999991865967992, -0.0007625357743675694, -0.9999988959863713, 0.0012753686649774137, 0.999999709163909, -0.0007625166155767443, 1.5508336967677985e-05], "world_rotation": [0.0, 1.0, 0.0, 0.0]}, {"color": "CVGreen", "id_name": "object208808383378621", "shape": "CVBox", "id_string": "ob408", "world_size": [0.11, 0.11, 0.11], "id": 408, "camera_size": [45, 45], "camera_position": [256, 254], "world_position": [0.705, 0.6547388572526824, -0.15], "world_orientation": [1.0, -3.838362879530641e-17, 1.4813540171849057e-17, 3.838362879530641e-17, 1.0, 5.294293626938881e-18, -1.4813540171849057e-17, -5.294293626938881e-18, 1.0], "world_rotation": [-0.1276280613210114, 0.35710588544125776, 0.925303444577321, 4.1482206750932463e-17]}], "source": "action wait"}
{"timestamp": 1706067143.410025, "objects": [{"color": "cv_", "id_name": "hand", "shape": "CVCylinder", "id_string": "ob383", "world_size": [0.12, 0.005, 0.12], "id": 383, "camera_size": [49, 7], "camera_position": [246, 508], "world_position": [0.0076531317425381495, 0.6708795931798174, -0.1741091634952153], "world_orientation": [-1.1063362855507096e-05, 0.0004561607974853495, 0.9999998958974591, -0.0007626007717373359, -0.9999996051825261, 0.0004561522279427725, 0.9999997091587902, -0.0007625956457713928, 1.1411227064061409e-05], "world_rotation": [0.0, 1.0, 0.0, 0.0]}, {"color": "CVGreen", "id_name": "object208808383378621", "shape": "CVBox", "id_string": "ob408", "world_size": [0.11, 0.11, 0.11], "id": 408, "camera_size": [45, 45], "camera_position": [256, 254], "world_position": [0.705, 0.6547388572526824, -0.15], "world_orientation": [1.0, -3.838362879530641e-17, 1.4813540171849057e-17, 3.838362879530641e-17, 1.0, 5.294293626938881e-18, -1.4813540171849057e-17, -5.294293626938881e-18, 1.0], "world_rotation": [-0.1276280613210114, 0.35710588544125776, 0.925303444577321, 4.1482206750932463e-17]}], "source": "action wait"}
{"timestamp": 1706067143.444862, "objects": [{"color": "cv_", "id_name": "hand", "shape": "CVCylinder", "id_string": "ob383", "world_size": [0.12, 0.005, 0.12], "id": 383, "camera_size": [49, 7], "camera_position": [246, 508], "world_position": [0.006168232371913224, 0.6708025254955801, -0.17410893467896865], "world_orientation": [-8.734547785841125e-06, -0.00012274306805341642, 0.9999999924289235, -0.0007626839554296752, -0.9999997016228039, -0.00012274969405828593, 0.9999997091184037, -0.0007626850218188037, 8.640931011370455e-06], "world_rotation": [0.0, 1.0, 0.0, 0.0]}, {"color": "CVGreen", "id_name": "object208808383378621", "shape": "CVBox", "id_string": "ob408", "world_size": [0.11, 0.11, 0.11], "id": 408, "camera_size": [45, 45], "camera_position": [256, 254], "world_position": [0.705, 0.6547388572526824, -0.15], "world_orientation": [1.0, -3.838362879530641e-17, 1.4813540171849057e-17, 3.838362879530641e-17, 1.0, 5.294293626938881e-18, -1.4813540171849057e-17, -5.294293626938881e-18, 1.0], "world_rotation": [-0.1276280613210114, 0.35710588544125776, 0.925303444577321, 4.1482206750932463e-17]}], "source": "action wait"}
{"timestamp": 1706067143.481049, "objects": [{"color": "CVGreen", "id_name": "object208808383378621", "shape": "CVBox", "id_string": "ob408", "world_size": [0.11, 0.11, 0.11], "id": 408, "camera_size": [45, 45], "camera_position": [256, 254], "world_position": [0.705, 0.6547388572526824, -0.15], "world_orientation": [1.0, -3.838362879530641e-17, 1.4813540171849057e-17, 3.838362879530641e-17, 1.0, 5.294293626938881e-18, -1.4813540171849057e-17, -5.294293626938881e-18, 1.0], "world_rotation": [-0.1276280613210114, 0.35710588544125776, 0.925303444577321, 4.1482206750932463e-17]}], "source": "action wait"}
{"timestamp": 1706067145.396258, "objects": [{"color": "CVGreen", "id_name": "object208808383378621", "shape": "CVBox", "id_string": "ob408", "world_size": [0.11, 0.11, 0.11], "id": 408, "camera_size": [45, 45], "camera_position": [256, 254], "world_position": [0.705, 0.6547388572526824, -0.15], "world_orientation": [1.0, -3.838362879530641e-17, 1.4813540171849057e-17, 3.838362879530641e-17, 1.0, 5.294293626938881e-18, -1.4813540171849057e-17, -5.294293626938881e-18, 1.0], "world_rotation": [-0.1276280613210114, 0.35710588544125776, 0.925303444577321, 4.1482206750932463e-17]}], "source": "action wait"}
{"timestamp": 1706067145.432497, "objects": [{"color": "cv_", "id_name": "hand", "shape": "CVCylinder", "id_string": "ob383", "world_size": [0.12, 0.005, 0.12], "id": 383, "camera_size": [51, 10], "camera_position": [246, 506], "world_position": [0.03548469080573822, 0.7265175422156697, -0.17412293334567763], "world_orientation": [0.00015799129123092331, 0.19316733271756495, 0.9811658150432746, -0.0007083218576960523, -0.9811655595365092, 0.193167396471442, 0.9999997366594143, -0.0007254999592118433, -1.8190969705358858e-05], "world_rotation": [0.0, 1.0, 0.0, 0.0]}, {"color": "CVGreen", "id_name": "object208808383378621", "shape": "CVBox", "id_string": "ob408", "world_size": [0.11, 0.11, 0.11], "id": 408, "camera_size": [45, 45], "camera_position": [256, 254], "world_position": [0.705, 0.6547388572526824, -0.15], "world_orientation": [1.0, -3.838362879530641e-17, 1.4813540171849057e-17, 3.838362879530641e-17, 1.0, 5.294293626938881e-18, -1.4813540171849057e-17, -5.294293626938881e-18, 1.0], "world_rotation": [-0.1276280613210114, 0.35710588544125776, 0.925303444577321, 4.1482206750932463e-17]}], "source": "action wait"}
{"timestamp": 1706067145.465046, "objects": [{"color": "cv_", "id_name": "hand", "shape": "CVCylinder", "id_string": "ob383", "world_size": [0.12, 0.005, 0.12], "id": 383, "camera_size": [53, 21], "camera_position": [245, 501], "world_position": [0.08392769885965883, 0.779477887976965, -0.17412487088941478], "world_orientation": [0.00025695642286077723, 0.29662848888561766, 0.9549929180652763, -0.0007069812094876531, -0.9549926570427208, 0.2966285980347377, 0.9999997170754431, -0.0007513826717353855, -3.5680729170702006e-05], "world_rotation": [0.0, 1.0, 0.0, 0.0]}, {"color": "CVGreen", "id_name": "object208808383378621", "shape": "CVBox", "id_string": "ob408", "world_size": [0.11, 0.11, 0.11], "id": 408, "camera_size": [45, 45], "camera_position": [256, 254], "world_position": [0.705, 0.6547388572526824, -0.15], "world_orientation": [1.0, -3.838362879530641e-17, 1.4813540171849057e-17, 3.838362879530641e-17, 1.0, 5.294293626938881e-18, -1.4813540171849057e-17, -5.294293626938881e-18, 1.0], "world_rotation": [-0.1276280613210114, 0.35710588544125776, 0.925303444577321, 4.1482206750932463e-17]}], "source": "action wait"}
{"timestamp": 1706067145.487891, "objects": [{"color": "cv_", "id_name": "hand", "shape": "CVCylinder", "id_string": "ob383", "world_size": [0.12, 0.005, 0.12], "id": 383, "camera_size": [55, 37], "camera_position": [245, 493], "world_position": [0.14081029581996826, 0.8113855650964871, -0.17412065476875188], "world_orientation": [0.00028821727237193063, 0.3365802819213575, 0.9416547301174372, -0.0007128884274341569, -0.9416544607934323, 0.3365804038531072, 0.9999997043604033, -0.0007683030456719597, -3.1456892322016365e-05], "world_rotation": [0.0, 1.0, 0.0, 0.0]}, {"color": "CVGreen", "id_name": "object208808383378621", "shape": "CVBox", "id_string": "ob408", "world_size": [0.11, 0.11, 0.11], "id": 408, "camera_size": [45, 45], "camera_position": [256, 254], "world_position": [0.705, 0.6547388572526824, -0.15], "world_orientation": [1.0, -3.838362879530641e-17, 1.4813540171849057e-17, 3.838362879530641e-17, 1.0, 5.294293626938881e-18, -1.4813540171849057e-17, -5.294293626938881e-18, 1.0], "world_rotation": [-0.1276280613210114, 0.35710588544125776, 0.925303444577321, 4.1482206750932463e-17]}], "source": "action wait"}
{"timestamp": 1706067145.52064, "objects": [{"color": "cv_", "id_name": "hand", "shape": "CVCylinder", "id_string": "ob383", "world_size": [0.12, 0.005, 0.12], "id": 383, "camera_size": [55, 59], "camera_position": [245, 480], "world_position": [0.20224553191542316, 0.8254689490296672, -0.17411728791780087], "world_orientation": [0.0002860954762969052, 0.3367165841902605, 0.9416060004485004, -0.0007225600221493148, -0.9416057235745685, 0.3367167047216816, 0.9999996980281508, -0.0007766999785546914, -2.6091195438936283e-05], "world_rotation": [0.0, 1.0, 0.0, 0.0]}, {"color": "CVGreen", "id_name": "object208808383378621", "shape": "CVBox", "id_string": "ob408", "world_size": [0.11, 0.11, 0.11], "id": 408, "camera_size": [45, 45], "camera_position": [256, 254], "world_position": [0.705, 0.6547388572526824, -0.15], "world_orientation": [1.0, -3.838362879530641e-17, 1.4813540171849057e-17, 3.838362879530641e-17, 1.0, 5.294293626938881e-18, -1.4813540171849057e-17, -5.294293626938881e-18, 1.0], "world_rotation": [-0.1276280613210114, 0.35710588544125776, 0.925303444577321, 4.1482206750932463e-17]}], "source": "action wait"}
{"timestamp": 1706067145.594412, "objects": [{"color": "cv_", "id_name": "hand", "shape": "CVCylinder", "id_string": "ob383", "world_size": [0.12, 0.005, 0.12], "id": 383, "camera_size": [55, 58], "camera_position": [245, 451], "world_position": [0.33095499930234296, 0.8105641923846334, -0.17411213851836976], "world_orientation": [0.00021854921246068485, 0.26053468010667713, 0.9654644647515274, -0.0007501076297995402, -0.965464173482888, 0.26053477130615, 0.9999996947873463, -0.0007811419303983181, -1.5572383397844156e-05], "world_rotation": [0.0, 1.0, 0.0, 0.0]}, {"color": "CVGreen", "id_name": "object208808383378621", "shape": "CVBox", "id_string": "ob408", "world_size": [0.11, 0.11, 0.11], "id": 408, "camera_size": [45, 45], "camera_position": [256, 254], "world_position": [0.705, 0.6547388572526824, -0.15], "world_orientation": [1.0, -3.838362879530641e-17, 1.4813540171849057e-17, 3.838362879530641e-17, 1.0, 5.294293626938881e-18, -1.4813540171849057e-17, -5.294293626938881e-18, 1.0], "world_rotation": [-0.1276280613210114, 0.35710588544125776, 0.925303444577321, 4.1482206750932463e-17]}], "source": "action wait"}
{"timestamp": 1706067145.630003, "objects": [{"color": "cv_", "id_name": "hand", "shape": "CVCylinder", "id_string": "ob383", "world_size": [0.12, 0.005, 0.12], "id": 383, "camera_size": [53, 55], "camera_position": [245, 390], "world_position": [0.39442338918191405, 0.7855217848433088, -0.17410985489885325], "world_orientation": [0.00016437322076461323, 0.197154154040411, 0.9803724866223319, -0.0007633888029059895, -0.9803721894652229, 0.19715422227459653, 0.9999996951094435, -0.0007808122534674855, -1.0641660689172895e-05], "world_rotation": [0.0, 1.0, 0.0, 0.0]}, {"color": "CVGreen", "id_name": "object208808383378621", "shape": "CVBox", "id_string": "ob408", "world_size": [0.11, 0.11, 0.11], "id": 408, "camera_size": [45, 45], "camera_position": [256, 254], "world_position": [0.705, 0.6547388572526824, -0.15], "world_orientation": [1.0, -3.838362879530641e-17, 1.4813540171849057e-17, 3.838362879530641e-17, 1.0, 5.294293626938881e-18, -1.4813540171849057e-17, -5.294293626938881e-18, 1.0], "world_rotation": [-0.1276280613210114, 0.35710588544125776, 0.925303444577321, 4.1482206750932463e-17]}], "source": "action wait"}
{"timestamp": 1706067145.661123, "objects": [{"color": "cv_", "id_name": "hand", "shape": "CVCylinder", "id_string": "ob383", "world_size": [0.12, 0.005, 0.12], "id": 383, "camera_size": [52, 53], "camera_position": [245, 365], "world_position": [0.44574319660621675, 0.7577784711309112, -0.17410287363171253], "world_orientation": [0.00010273051856055455, 0.13901681249851702, 0.9902900157475044, -0.0007679253244261393, -0.9902897180144328, 0.13901685036567119, 0.9999996998685234, -0.0007747500547458866, 5.021554582214967e-06], "world_rotation": [0.0, 1.0, 0.0, 0.0]}, {"color": "CVGreen", "id_name": "object208808383378621", "shape": "CVBox", "id_string": "ob408", "world_size": [0.11, 0.11, 0.11], "id": 408, "camera_size": [45, 45], "camera_position": [256, 254], "world_position": [0.705, 0.6547388572526824, -0.15], "world_orientation": [1.0, -3.838362879530641e-17, 1.4813540171849057e-17, 3.838362879530641e-17, 1.0, 5.294293626938881e-18, -1.4813540171849057e-17, -5.294293626938881e-18, 1.0], "world_rotation": [-0.1276280613210114, 0.35710588544125776, 0.925303444577321, 4.1482206750932463e-17]}], "source": "action wait"}
{"timestamp": 1706067145.693093, "objects": [{"color": "cv_", "id_name": "hand", "shape": "CVCylinder", "id_string": "ob383", "world_size": [0.12, 0.005, 0.12], "id": 383, "camera_size": [51, 52], "camera_position": [246, 348], "world_position": [0.48060434377072847, 0.735061459642622, -0.17409835972539522], "world_orientation": [6.013858139486687e-05, 0.097689155961701, 0.9952169739262094, -0.0007666213183634157, -0.9952166787734154, 0.09768917331499388, 0.9999997043375091, -0.0007688294369100792, 1.503967029162255e-05], "world_rotation": [0.0, 1.0, 0.0, 0.0]}, {"color": "CVGreen", "id_name": "object208808383378621", "shape": "CVBox", "id_string": "ob408", "world_size": [0.11, 0.11, 0.11], "id": 408, "camera_size": [45, 45], "camera_position": [256, 254], "world_position": [0.705, 0.6547388572526824, -0.15], "world_orientation": [1.0, -3.838362879530641e-17, 1.4813540171849057e-17, 3.838362879530641e-17, 1.0, 5.294293626938881e-18, -1.4813540171849057e-17, -5.294293626938881e-18, 1.0], "world_rotation": [-0.1276280613210114, 0.35710588544125776, 0.925303444577321, 4.1482206750932463e-17]}], "source": "action wait"}
{"timestamp": 1706067145.723026, "objects": [{"color": "cv_", "id_name": "hand", "shape": "CVCylinder", "id_string": "ob383", "world_size": [0.12, 0.005, 0.12], "id": 383, "camera_size": [51, 51], "camera_position": [246, 338], "world_position": [0.5043669495899166, 0.7175580787208179, -0.17409678191914735], "world_orientation": [3.3736820014502024e-05, 0.06844574863912062, 0.9976548392881464, -0.0007644117164834467, -0.9976545466132524, 0.06844575440912079, 0.9999997072682346, -0.0007649281902558643, 1.8663040327872112e-05], "world_rotation": [0.0, 1.0, 0.0, 0.0]}, {"color": "CVGreen", "id_name": "object208808383378621", "shape": "CVBox", "id_string": "ob408", "world_size": [0.11, 0.11, 0.11], "id": 408, "camera_size": [45, 45], "camera_position": [256, 254], "world_position": [0.705, 0.6547388572526824, -0.15], "world_orientation": [1.0, -3.838362879530641e-17, 1.4813540171849057e-17, 3.838362879530641e-17, 1.0, 5.294293626938881e-18, -1.4813540171849057e-17, -5.294293626938881e-18, 1.0], "world_rotation": [-0.1276280613210114, 0.35710588544125776, 0.925303444577321, 4.1482206750932463e-17]}], "source": "action wait"}
{"timestamp": 1706067145.755775, "objects": [{"color": "cv_", "id_name": "hand", "shape": "CVCylinder", "id_string": "ob383", "world_size": [0.12, 0.005, 0.12], "id": 383, "camera_size": [49, 50], "camera_position": [246, 330], "world_position": [0.5206761321087294, 0.7045213895080352, -0.17409677561962408], "world_orientation": [1.7535110737821962e-05, 0.047791521682881706, 0.99885733222906, -0.0007626864212493889, -0.9988570412304791, 0.047791521148797644, 0.9999997090009292, -0.0007626529536725059, 1.8934875809531406e-05], "world_rotation": [0.0, 1.0, 0.0, 0.0]}, {"color": "CVGreen", "id_name": "object208808383378621", "shape": "CVBox", "id_string": "ob408", "world_size": [0.11, 0.11, 0.11], "id": 408, "camera_size": [45, 45], "camera_position": [256, 254], "world_position": [0.705, 0.6547388572526824, -0.15], "world_orientation": [1.0, -3.838362879530641e-17, 1.4813540171849057e-17, 3.838362879530641e-17, 1.0, 5.294293626938881e-18, -1.4813540171849057e-17, -5.294293626938881e-18, 1.0], "world_rotation": [-0.1276280613210114, 0.35710588544125776, 0.925303444577321, 4.1482206750932463e-17]}], "source": "action wait"}
{"timestamp": 1706067145.81735, "objects": [{"color": "cv_", "id_name": "hand", "shape": "CVCylinder", "id_string": "ob383", "world_size": [0.12, 0.005, 0.12], "id": 383, "camera_size": [49, 50], "camera_position": [246, 321], "world_position": [0.5397620706697773, 0.6881529486659089, -0.17409857971101364], "world_orientation": [1.860321422507403e-06, 0.022936839864448853, 0.9997369160802115, -0.0007612383111805648, -0.9997366263837607, 0.022936834634500185, 0.9999997102563444, -0.0007610807115069587, 1.5600569779677693e-05], "world_rotation": [0.0, 1.0, 0.0, 0.0]}, {"color": "CVGreen", "id_name": "object208808383378621", "shape": "CVBox", "id_string": "ob408", "world_size": [0.11, 0.11, 0.11], "id": 408, "camera_size": [45, 45], "camera_position": [256, 254], "world_position": [0.705, 0.6547388572526824, -0.15], "world_orientation": [1.0, -3.838362879530641e-17, 1.4813540171849057e-17, 3.838362879530641e-17, 1.0, 5.294293626938881e-18, -1.4813540171849057e-17, -5.294293626938881e-18, 1.0], "world_rotation": [-0.1276280613210114, 0.35710588544125776, 0.925303444577321, 4.1482206750932463e-17]}], "source": "action wait"}
{"timestamp": 1706067145.851724, "objects": [{"color": "cv_", "id_name": "hand", "shape": "CVCylinder", "id_string": "ob383", "world_size": [0.12, 0.005, 0.12], "id": 383, "camera_size": [49, 49], "camera_position": [246, 319], "world_position": [0.5452151674367782, 0.6832550600439233, -0.17409967605885304], "world_orientation": [-1.5305518521491748e-06, 0.015687345272560882, 0.9998769460268383, -0.0007611789760170234, -0.9998766563851752, 0.015687339563125974, 0.9999997103020701, -0.0007610612996334839, 1.3471240479714086e-05], "world_rotation": [0.0, 1.0, 0.0, 0.0]}, {"color": "CVGreen", "id_name": "object208808383378621", "shape": "CVBox", "id_string": "ob408", "world_size": [0.11, 0.11, 0.11], "id": 408, "camera_size": [45, 45], "camera_position": [256, 254], "world_position": [0.705, 0.6547388572526824, -0.15], "world_orientation": [1.0, -3.838362879530641e-17, 1.4813540171849057e-17, 3.838362879530641e-17, 1.0, 5.294293626938881e-18, -1.4813540171849057e-17, -5.294293626938881e-18, 1.0], "world_rotation": [-0.1276280613210114, 0.35710588544125776, 0.925303444577321, 4.1482206750932463e-17]}], "source": "action wait"}
{"timestamp": 1706067145.887822, "objects": [{"color": "cv_", "id_name": "hand", "shape": "CVCylinder", "id_string": "ob383", "world_size": [0.12, 0.005, 0.12], "id": 383, "camera_size": [49, 49], "camera_position": [246, 317], "world_position": [0.5490290770447758, 0.6797742448983972, -0.17410069341014459], "world_orientation": [-3.4303422034379756e-06, 0.010575454916755218, 0.9999440783071505, -0.0007613293428064505, -0.9999437885456335, 0.010575449240458099, 0.9999997101828904, -0.0007612504905712993, 1.1481553520934668e-05], "world_rotation": [0.0, 1.0, 0.0, 0.0]}, {"color": "CVGreen", "id_name": "object208808383378621", "shape": "CVBox", "id_string": "ob408", "world_size": [0.11, 0.11, 0.11], "id": 408, "camera_size": [45, 45], "camera_position": [256, 254], "world_position": [0.705, 0.6547388572526824, -0.15], "world_orientation": [1.0, -3.838362879530641e-17, 1.4813540171849057e-17, 3.838362879530641e-17, 1.0, 5.294293626938881e-18, -1.4813540171849057e-17, -5.294293626938881e-18, 1.0], "world_rotation": [-0.1276280613210114, 0.35710588544125776, 0.925303444577321, 4.1482206750932463e-17]}], "source": "action wait"}
{"timestamp": 1706067145.925315, "objects": [{"color": "cv_", "id_name": "hand", "shape": "CVCylinder", "id_string": "ob383", "world_size": [0.12, 0.005, 0.12], "id": 383, "camera_size": [49, 49], "camera_position": [246, 316], "world_position": [0.5517027815354614, 0.677309345508602, -0.17410157915852884], "world_orientation": [-4.421595767836789e-06, 0.006970980269125495, 0.9999757024120822, -0.0007615739784285283, -0.9999754124548729, 0.006970974880336716, 0.9999997099927204, -0.0007615246511851706, 9.730404229122655e-06], "world_rotation": [0.0, 1.0, 0.0, 0.0]}, {"color": "CVGreen", "id_name": "object208808383378621", "shape": "CVBox", "id_string": "ob408", "world_size": [0.11, 0.11, 0.11], "id": 408, "camera_size": [45, 45], "camera_position": [256, 254], "world_position": [0.705, 0.6547388572526824, -0.15], "world_orientation": [1.0, -3.838362879530641e-17, 1.4813540171849057e-17, 3.838362879530641e-17, 1.0, 5.294293626938881e-18, -1.4813540171849057e-17, -5.294293626938881e-18, 1.0], "world_rotation": [-0.1276280613210114, 0.35710588544125776, 0.925303444577321, 4.1482206750932463e-17]}], "source": "action wait"}
{"timestamp": 1706067145.96081, "objects": [{"color": "cv_", "id_name": "hand", "shape": "CVCylinder", "id_string": "ob383", "world_size": [0.12, 0.005, 0.12], "id": 383, "camera_size": [49, 49], "camera_position": [246, 315], "world_position": [0.5535803744014547, 0.6755679584039751, -0.17410232026734307], "world_orientation": [-4.887607848262342e-06, 0.0044294177168158685, 0.9999901900692834, -0.0007618426330388043, -0.9999898998984268, 0.004429412707891182, 0.9999997097859148, -0.0007618135101833777, 8.262077739500831e-06], "world_rotation": [0.0, 1.0, 0.0, 0.0]}, {"color": "CVGreen", "id_name": "object208808383378621", "shape": "CVBox", "id_string": "ob408", "world_size": [0.11, 0.11, 0.11], "id": 408, "camera_size": [45, 45], "camera_position": [256, 254], "world_position": [0.705, 0.6547388572526824, -0.15], "world_orientation": [1.0, -3.838362879530641e-17, 1.4813540171849057e-17, 3.838362879530641e-17, 1.0, 5.294293626938881e-18, -1.4813540171849057e-17, -5.294293626938881e-18, 1.0], "world_rotation": [-0.1276280613210114, 0.35710588544125776, 0.925303444577321, 4.1482206750932463e-17]}], "source": "action wait"}
{"timestamp": 1706067145.988648, "objects": [{"color": "cv_", "id_name": "hand", "shape": "CVCylinder", "id_string": "ob383", "world_size": [0.12, 0.005, 0.12], "id": 383, "camera_size": [49, 49], "camera_position": [246, 315], "world_position": [0.5549005473859203, 0.6743395960575874, -0.1741029238356403], "world_orientation": [-5.051494333368832e-06, 0.0026373127274780354, 0.9999965222719828, -0.0007620969687854902, -0.9999962318999673, 0.002637308111932034, 0.9999997095913042, -0.0007620809960728658, 7.061363334548919e-06], "world_rotation": [0.0, 1.0, 0.0, 0.0]}, {"color": "CVGreen", "id_name": "object208808383378621", "shape": "CVBox", "id_string": "ob408", "world_size": [0.11, 0.11, 0.11], "id": 408, "camera_size": [45, 45], "camera_position": [256, 254], "world_position": [0.705, 0.6547388572526824, -0.15], "world_orientation": [1.0, -3.838362879530641e-17, 1.4813540171849057e-17, 3.838362879530641e-17, 1.0, 5.294293626938881e-18, -1.4813540171849057e-17, -5.294293626938881e-18, 1.0], "world_rotation": [-0.1276280613210114, 0.35710588544125776, 0.925303444577321, 4.1482206750932463e-17]}], "source": "action wait"}
{"timestamp": 1706067146.017952, "objects": [{"color": "cv_", "id_name": "hand", "shape": "CVCylinder", "id_string": "ob383", "world_size": [0.12, 0.005, 0.12], "id": 383, "camera_size": [49, 48], "camera_position": [246, 314], "world_position": [0.5558296238339704, 0.6734739616447223, -0.17410340592735676], "world_orientation": [-5.052290919696542e-06, 0.0013736469405301807, 0.9999990565338335, -0.0007623193636124227, -0.9999987659867129, 0.001373642689958219, 0.9999997094217888, -0.0007623117043477455, 6.09944234700062e-06], "world_rotation": [0.0, 1.0, 0.0, 0.0]}, {"color": "CVGreen", "id_name": "object208808383378621", "shape": "CVBox", "id_string": "ob408", "world_size": [0.11, 0.11, 0.11], "id": 408, "camera_size": [45, 45], "camera_position": [256, 254], "world_position": [0.705, 0.6547388572526824, -0.15], "world_orientation": [1.0, -3.838362879530641e-17, 1.4813540171849057e-17, 3.838362879530641e-17, 1.0, 5.294293626938881e-18, -1.4813540171849057e-17, -5.294293626938881e-18, 1.0], "world_rotation": [-0.1276280613210114, 0.35710588544125776, 0.925303444577321, 4.1482206750932463e-17]}], "source": "action wait"}
{"timestamp": 1706067146.052073, "objects": [{"color": "cv_", "id_name": "hand", "shape": "CVCylinder", "id_string": "ob383", "world_size": [0.12, 0.005, 0.12], "id": 383, "camera_size": [49, 49], "camera_position": [246, 314], "world_position": [0.5564838890638488, 0.6728643074764109, -0.17410378540567095], "world_orientation": [-4.972806969455842e-06, 0.00048258494992702505, 0.9999998835435119, -0.0007625043877946794, -0.999999592851227, 0.0004825810178560306, 0.9999997092811227, -0.0007625018992141874, 5.340778086951262e-06], "world_rotation": [0.0, 1.0, 0.0, 0.0]}, {"color": "CVGreen", "id_name": "object208808383378621", "shape": "CVBox", "id_string": "ob408", "world_size": [0.11, 0.11, 0.11], "id": 408, "camera_size": [45, 45], "camera_position": [256, 254], "world_position": [0.705, 0.6547388572526824, -0.15], "world_orientation": [1.0, -3.838362879530641e-17, 1.4813540171849057e-17, 3.838362879530641e-17, 1.0, 5.294293626938881e-18, -1.4813540171849057e-17, -5.294293626938881e-18, 1.0], "world_rotation": [-0.1276280613210114, 0.35710588544125776, 0.925303444577321, 4.1482206750932463e-17]}], "source": "action wait"}
