{"timestamp": 1706067163.803615, "objects": [{"color": "cv_", "id_name": "hand", "shape": "CVCylinder", "id_string": "ob383", "world_size": [0.12, 0.005, 0.12], "id": 383, "camera_size": [48, 50], "camera_position": [246, 426], "world_position": [0.2676445155401391, 0.6334703013847368, -0.173892604008475], "world_orientation": [-0.0006415490537890952, 0.1979154748664094, 0.9802188802625743, -0.0007473671016324762, -0.9802189031249683, 0.19791499033398036, 0.9999995149284959, -0.0006056111687281111, 0.0007767740246255612], "world_rotation": [0.0, 1.0, 0.0, 0.0]}, {"color": "CVRed", "id_name": "object210444371564933", "shape": "CVBox", "id_string": "ob422", "world_size": [0.09, 0.09, 0.09], "id": 422, "camera_size": [37, 37], "camera_position": [256, 254], "world_position": [0.705, 0.644856964849591, -0.15], "world_orientation": [1.0, -3.248937977869676e-17, -1.2807790779525605e-17, 3.248937977869676e-17, 1.0, -6.497875955739369e-17, 1.2807790779525605e-17, 6.497875955739369e-17, 1.0], "world_rotation": [-0.8808431718627018, 0.17362065899128884, -0.4404215859313497, -7.376881791566185e-17]}], "source": "manual check"}
{"timestamp": 1706067164.8178, "objects": [{"color": "cv_", "id_name": "hand", "shape": "CVCylinder", "id_string": "ob383", "world_size": [0.12, 0.005, 0.12], "id": 383, "camera_size": [48, 50], "camera_position": [246, 426], "world_position": [0.2676445155401391, 0.6334703013847368, -0.173892604008475], "world_orientation": [-0.0006415490537890952, 0.1979154748664094, 0.9802188802625743, -0.0007473671016324762, -0.9802189031249683, 0.19791499033398036, 0.9999995149284959, -0.0006056111687281111, 0.0007767740246255612], "world_rotation": [0.0, 1.0, 0.0, 0.0]}, {"color": "CVRed", "id_name": "object210444371564933", "shape": "CVBox", "id_string": "ob422", "world_size": [0.09, 0.09, 0.09], "id": 422, "camera_size": [37, 37], "camera_position": [256, 254], "world_position": [0.705, 0.6448569696296074, -0.15], "world_orientation": [1.0, -4.331917303826236e-17, -1.1712398707441946e-17, 4.331917303826236e-17, 1.0, -5.775889738434995e-17, 1.1712398707441946e-17, 5.775889738434995e-17, 1.0], "world_rotation": [-0.7896765794068324, 0.16013129347666225, -0.5922574345551229, -7.314247236221149e-17]}], "source": "manual check"}
{"timestamp": 1706067166.811669, "objects": [{"color": "cv_", "id_name": "hand", "shape": "CVCylinder", "id_string": "ob383", "world_size": [0.12, 0.005, 0.12], "id": 383, "camera_size": [48, 50], "camera_position": [246, 426], "world_position": [0.2676445155401391, 0.6334703013847368, -0.173892604008475], "world_orientation": [-0.0006415490537890952, 0.1979154748664094, 0.9802188802625743, -0.0007473671016324762, -0.9802189031249683, 0.19791499033398036, 0.9999995149284959, -0.0006056111687281111, 0.0007767740246255612], "world_rotation": [0.0, 1.0, 0.0, 0.0]}, {"color": "CVRed", "id_name": "object210444371564933", "shape": "CVBox", "id_string": "ob422", "world_size": [0.09, 0.09, 0.09], "id": 422, "camera_size": [37, 37], "camera_position": [256, 254], "world_position": [0.705, 0.6448569696296074, -0.15], "world_orientation": [1.0, -4.331917303826236e-17, -1.1712398707441946e-17, 4.331917303826236e-17, 1.0, -5.775889738434995e-17, 1.1712398707441946e-17, 5.775889738434995e-17, 1.0], "world_rotation": [-0.7896765794068324, 0.16013129347666225, -0.5922574345551229, -7.314247236221149e-17]}], "source": "action wait"}
{"timestamp": 1706067166.846421, "objects": [{"color": "cv_", "id_name": "hand", "shape": "CVCylinder", "id_string": "ob383", "world_size": [0.12, 0.005, 0.12], "id": 383, "camera_size": [48, 50], "camera_position": [246, 444], "world_position": [0.22509914324009223, 0.6416776074437429, -0.17397246912583983], "world_orientation": [-0.0005244055513190757, 0.08775991326676699, 0.9961415173669991, -0.0007630982950429565, -0.9961413994199987, 0.08775950115263131, 0.9999995713398132, -0.0007141323239391631, 0.0005893515199419828], "world_rotation": [0.0, 1.0, 0.0, 0.0]}, {"color": "CVRed", "id_name": "object210444371564933", "shape": "CVBox", "id_string": "ob422", "world_size": [0.09, 0.09, 0.09], "id": 422, "camera_size": [37, 37], "camera_position": [256, 254], "world_position": [0.705, 0.6448569696296074, -0.15], "world_orientation": [1.0, -4.331917303826236e-17, -1.1712398707441946e-17, 4.331917303826236e-17, 1.0, -5.775889738434995e-17, 1.1712398707441946e-17, 5.775889738434995e-17, 1.0], "world_rotation": [-0.7896765794068324, 0.16013129347666225, -0.5922574345551229, -7.314247236221149e-17]}], "source": "action wait"}
{"timestamp": 1706067166.880954, "objects": [{"color": "cv_", "id_name": "hand", "shape": "CVCylinder", "id_string": "ob383", "world_size": [0.12, 0.005, 0.12], "id": 383, "camera_size": [48, 50], "camera_position": [246, 470], "world_position": [0.16386702260414324, 0.6571116757577975, -0.17403839755653003], "world_orientation": [-0.00037995497811067183, 0.06032424766464229, 0.9981787619349098, -0.0007693278397799051, -0.9981785562259218, 0.06032394238948156, 0.9999996318843771, -0.0007450063284237683, 0.000425672034623935], "world_rotation": [0.0, 1.0, 0.0, 0.0]}, {"color": "CVRed", "id_name": "object210444371564933", "shape": "CVBox", "id_string": "ob422", "world_size": [0.09, 0.09, 0.09], "id": 422, "camera_size": [37, 37], "camera_position": [256, 254], "world_position": [0.705, 0.6448569696296074, -0.15], "world_orientation": [1.0, -4.331917303826236e-17, -1.1712398707441946e-17, 4.331917303826236e-17, 1.0, -5.775889738434995e-17, 1.1712398707441946e-17, 5.775889738434995e-17, 1.0], "world_rotation": [-0.7896765794068324, 0.16013129347666225, -0.5922574345551229, -7.314247236221149e-17]}], "source": "action wait"}
{"timestamp": 1706067166.913304, "objects": [{"color": "cv_", "id_name": "hand", "shape": "CVCylinder", "id_string": "ob383", "world_size": [0.12, 0.005, 0.12], "id": 383, "camera_size": [48, 46], "camera_position": [246, 488], "world_position": [0.11761511800061501, 0.6637246384033442, -0.17407773702879167], "world_orientation": [-0.00025837028206189387, 0.04222243032773499, 0.9991082021593143, -0.0007699559373974555, -0.9991079477548142, 0.04222222046527149, 0.9999996702062716, -0.0007583603253445033, 0.0002906492131942599], "world_rotation": [0.0, 1.0, 0.0, 0.0]}, {"color": "CVRed", "id_name": "object210444371564933", "shape": "CVBox", "id_string": "ob422", "world_size": [0.09, 0.09, 0.09], "id": 422, "camera_size": [37, 37], "camera_position": [256, 254], "world_position": [0.705, 0.6448569696296074, -0.15], "world_orientation": [1.0, -4.331917303826236e-17, -1.1712398707441946e-17, 4.331917303826236e-17, 1.0, -5.775889738434995e-17, 1.1712398707441946e-17, 5.775889738434995e-17, 1.0], "world_rotation": [-0.7896765794068324, 0.16013129347666225, -0.5922574345551229, -7.314247236221149e-17]}], "source": "action wait"}
{"timestamp": 1706067166.944242, "objects": [{"color": "cv_", "id_name": "hand", "shape": "CVCylinder", "id_string": "ob383", "world_size": [0.12, 0.005, 0.12], "id": 383, "camera_size": [48, 34], "camera_position": [246, 494], "world_position": [0.08418836991980191, 0.666051156986192, -0.17409653341133738], "world_orientation": [-0.00017551026052850668, 0.029411733816400044, 0.9995673659689286, -0.0007680370184600634, -0.9995670905159587, 0.02941159085462349, 0.9999996896575953, -0.0007625427035356541, 0.0001980235808206411], "world_rotation": [0.0, 1.0, 0.0, 0.0]}, {"color": "CVRed", "id_name": "object210444371564933", "shape": "CVBox", "id_string": "ob422", "world_size": [0.09, 0.09, 0.09], "id": 422, "camera_size": [37, 37], "camera_position": [256, 254], "world_position": [0.705, 0.6448569696296074, -0.15], "world_orientation": [1.0, -4.331917303826236e-17, -1.1712398707441946e-17, 4.331917303826236e-17, 1.0, -5.775889738434995e-17, 1.1712398707441946e-17, 5.775889738434995e-17, 1.0], "world_rotation": [-0.7896765794068324, 0.16013129347666225, -0.5922574345551229, -7.314247236221149e-17]}], "source": "action wait"}
{"timestamp": 1706067166.974154, "objects": [{"color": "cv_", "id_name": "hand", "shape": "CVCylinder", "id_string": "ob383", "world_size": [0.12, 0.005, 0.12], "id": 383, "camera_size": [48, 26], "camera_position": [246, 498], "world_position": [0.06030682916168476, 0.6665238562358, -0.17410507867947367], "world_orientation": [-0.00011943524547539611, 0.020349421161104123, 0.999792921956157, -0.0007659058845841561, -0.9997926377033318, 0.020349323880421984, 0.9999996995616539, -0.000763316855799252, 0.00013499622052413372], "world_rotation": [0.0, 1.0, 0.0, 0.0]}, {"color": "CVRed", "id_name": "object210444371564933", "shape": "CVBox", "id_string": "ob422", "world_size": [0.09, 0.09, 0.09], "id": 422, "camera_size": [37, 37], "camera_position": [256, 254], "world_position": [0.705, 0.6448569696296074, -0.15], "world_orientation": [1.0, -4.331917303826236e-17, -1.1712398707441946e-17, 4.331917303826236e-17, 1.0, -5.775889738434995e-17, 1.1712398707441946e-17, 5.775889738434995e-17, 1.0], "world_rotation": [-0.7896765794068324, 0.16013129347666225, -0.5922574345551229, -7.314247236221149e-17]}], "source": "action wait"}
{"timestamp": 1706067167.005024, "objects": [{"color": "cv_", "id_name": "hand", "shape": "CVCylinder", "id_string": "ob383", "world_size": [0.12, 0.005, 0.12], "id": 383, "camera_size": [48, 20], "camera_position": [246, 501], "world_position": [0.043349734828931084, 0.6662848199381579, -0.17410866232483502], "world_orientation": [-8.160127921716616e-05, 0.013940550514077818, 0.9999028224745622, -0.000764281348669805, -0.9999025346383906, 0.013940484128696414, 0.9999997046075821, -0.0007630695163621586, 9.22478286674478e-05], "world_rotation": [0.0, 1.0, 0.0, 0.0]}, {"color": "CVRed", "id_name": "object210444371564933", "shape": "CVBox", "id_string": "ob422", "world_size": [0.09, 0.09, 0.09], "id": 422, "camera_size": [37, 37], "camera_position": [256, 254], "world_position": [0.705, 0.6448569696296074, -0.15], "world_orientation": [1.0, -4.331917303826236e-17, -1.1712398707441946e-17, 4.331917303826236e-17, 1.0, -5.775889738434995e-17, 1.1712398707441946e-17, 5.775889738434995e-17, 1.0], "world_rotation": [-0.7896765794068324, 0.16013129347666225, -0.5922574345551229, -7.314247236221149e-17]}], "source": "action wait"}
{"timestamp": 1706067167.037781, "objects": [{"color": "cv_", "id_name": "hand", "shape": "CVCylinder", "id_string": "ob383", "world_size": [0.12, 0.005, 0.12], "id": 383, "camera_size": [48, 16], "camera_position": [246, 503], "world_position": [0.03135019749636515, 0.6658407300731233, -0.17410992227100472], "world_orientation": [-5.612685101573112e-05, 0.009409058180741212, 0.9999557322571475, -0.0007632477365411194, -0.9999554429745579, 0.009409012618155885, 0.9999997071512918, -0.0007626858510375049, 6.330579253000455e-05], "world_rotation": [0.0, 1.0, 0.0, 0.0]}, {"color": "CVRed", "id_name": "object210444371564933", "shape": "CVBox", "id_string": "ob422", "world_size": [0.09, 0.09, 0.09], "id": 422, "camera_size": [37, 37], "camera_position": [256, 254], "world_position": [0.705, 0.6448569696296074, -0.15], "world_orientation": [1.0, -4.331917303826236e-17, -1.1712398707441946e-17, 4.331917303826236e-17, 1.0, -5.775889738434995e-17, 1.1712398707441946e-17, 5.775889738434995e-17, 1.0], "world_rotation": [-0.7896765794068324, 0.16013129347666225, -0.5922574345551229, -7.314247236221149e-17]}], "source": "action wait"}
{"timestamp": 1706067167.071331, "objects": [{"color": "cv_", "id_name": "hand", "shape": "CVCylinder", "id_string": "ob383", "world_size": [0.12, 0.005, 0.12], "id": 383, "camera_size": [48, 13], "camera_position": [246, 505], "world_position": [0.022874974235698876, 0.6653975203914739, -0.17411014873080916], "world_orientation": [-3.900485728970853e-05, 0.006205439378934423, 0.9999807453149963, -0.0007626837298149108, -0.9999804554225942, 0.006205407831047476, 0.9999997083960322, -0.0007624270035334265, 4.3736882607288595e-05], "world_rotation": [0.0, 1.0, 0.0, 0.0]}, {"color": "CVRed", "id_name": "object210444371564933", "shape": "CVBox", "id_string": "ob422", "world_size": [0.09, 0.09, 0.09], "id": 422, "camera_size": [37, 37], "camera_position": [256, 254], "world_position": [0.705, 0.6448569696296074, -0.15], "world_orientation": [1.0, -4.331917303826236e-17, -1.1712398707441946e-17, 4.331917303826236e-17, 1.0, -5.775889738434995e-17, 1.1712398707441946e-17, 5.775889738434995e-17, 1.0], "world_rotation": [-0.7896765794068324, 0.16013129347666225, -0.5922574345551229, -7.314247236221149e-17]}], "source": "action wait"}
{"timestamp": 1706067167.107846, "objects": [{"color": "cv_", "id_name": "hand", "shape": "CVCylinder", "id_string": "ob383", "world_size": [0.12, 0.005, 0.12], "id": 383, "camera_size": [48, 11], "camera_position": [246, 506], "world_position": [0.016895384515307154, 0.6650251174465909, -0.17410995863510034], "world_orientation": [-2.7488559583837995e-05, 0.003940829864840094, 0.9999922345220266, -0.000762436274441659, -0.9999919443301052, 0.003940807762797024, 0.999999708967611, -0.0007623220266309344, 3.0492969785798855e-05], "world_rotation": [0.0, 1.0, 0.0, 0.0]}, {"color": "CVRed", "id_name": "object210444371564933", "shape": "CVBox", "id_string": "ob422", "world_size": [0.09, 0.09, 0.09], "id": 422, "camera_size": [37, 37], "camera_position": [256, 254], "world_position": [0.705, 0.6448569696296074, -0.15], "world_orientation": [1.0, -4.331917303826236e-17, -1.1712398707441946e-17, 4.331917303826236e-17, 1.0, -5.775889738434995e-17, 1.1712398707441946e-17, 5.775889738434995e-17, 1.0], "world_rotation": [-0.7896765794068324, 0.16013129347666225, -0.5922574345551229, -7.314247236221149e-17]}], "source": "action wait"}
{"timestamp": 1706067167.142352, "objects": [{"color": "cv_", "id_name": "hand", "shape": "CVCylinder", "id_string": "ob383", "world_size": [0.12, 0.005, 0.12], "id": 383, "camera_size": [48, 10], "camera_position": [246, 506], "world_position": [0.01267910097271231, 0.6647359216116814, -0.1741096371198062], "world_orientation": [-1.976021152560623e-05, 0.0023401411338630153, 0.9999972616707546, -0.0007623793451889988, -0.9999969712908613, 0.0023401253895133276, 0.9999997091935918, -0.0007623310161710125, 2.1544226943322454e-05], "world_rotation": [0.0, 1.0, 0.0, 0.0]}, {"color": "CVRed", "id_name": "object210444371564933", "shape": "CVBox", "id_string": "ob422", "world_size": [0.09, 0.09, 0.09], "id": 422, "camera_size": [37, 37], "camera_position": [256, 254], "world_position": [0.705, 0.6448569696296074, -0.15], "world_orientation": [1.0, -4.331917303826236e-17, -1.1712398707441946e-17, 4.331917303826236e-17, 1.0, -5.775889738434995e-17, 1.1712398707441946e-17, 5.775889738434995e-17, 1.0], "world_rotation": [-0.7896765794068324, 0.16013129347666225, -0.5922574345551229, -7.314247236221149e-17]}], "source": "action wait"}
{"timestamp": 1706067167.176859, "objects": [{"color": "cv_", "id_name": "hand", "shape": "CVCylinder", "id_string": "ob383", "world_size": [0.12, 0.005, 0.12], "id": 383, "camera_size": [48, 9], "camera_position": [246, 507], "world_position": [0.0097071240019907, 0.6645208318860789, -0.17410930828475785], "world_orientation": [-1.4564797293444949e-05, 0.0012088169651363005, 0.9999992692744388, -0.0007624243772740658, -0.9999989787486332, 0.0012088055093792162, 0.9999997092484255, -0.0007624062141442507, 1.548641394137274e-05], "world_rotation": [0.0, 1.0, 0.0, 0.0]}, {"color": "CVRed", "id_name": "object210444371564933", "shape": "CVBox", "id_string": "ob422", "world_size": [0.09, 0.09, 0.09], "id": 422, "camera_size": [37, 37], "camera_position": [256, 254], "world_position": [0.705, 0.6448569696296074, -0.15], "world_orientation": [1.0, -4.331917303826236e-17, -1.1712398707441946e-17, 4.331917303826236e-17, 1.0, -5.775889738434995e-17, 1.1712398707441946e-17, 5.775889738434995e-17, 1.0], "world_rotation": [-0.7896765794068324, 0.16013129347666225, -0.5922574345551229, -7.314247236221149e-17]}], "source": "action wait"}
{"timestamp": 1706067167.210589, "objects": [{"color": "cv_", "id_name": "hand", "shape": "CVCylinder", "id_string": "ob383", "world_size": [0.12, 0.005, 0.12], "id": 383, "camera_size": [48, 8], "camera_position": [246, 507], "world_position": [0.007612582766087544, 0.6643649353002222, -0.174109019811146], "world_orientation": [-1.1082621843681425e-05, 0.00040928105988754176, 0.9999999161830913, -0.0007625152470028287, -0.9999996255331934, 0.00040927249026146643, 0.9999997092237946, -0.0007625106472792671, 1.1394700742445762e-05], "world_rotation": [0.0, 1.0, 0.0, 0.0]}, {"color": "CVRed", "id_name": "object210444371564933", "shape": "CVBox", "id_string": "ob422", "world_size": [0.09, 0.09, 0.09], "id": 422, "camera_size": [37, 37], "camera_position": [256, 254], "world_position": [0.705, 0.6448569696296074, -0.15], "world_orientation": [1.0, -4.331917303826236e-17, -1.1712398707441946e-17, 4.331917303826236e-17, 1.0, -5.775889738434995e-17, 1.1712398707441946e-17, 5.775889738434995e-17, 1.0], "world_rotation": [-0.7896765794068324, 0.16013129347666225, -0.5922574345551229, -7.314247236221149e-17]}], "source": "action wait"}
{"timestamp": 1706067167.239646, "objects": [{"color": "cv_", "id_name": "hand", "shape": "CVCylinder", "id_string": "ob383", "world_size": [0.12, 0.005, 0.12], "id": 383, "camera_size": [48, 7], "camera_position": [246, 508], "world_position": [0.006136527083798078, 0.6642537503861444, -0.17410878447209258], "world_orientation": [-8.746776250030895e-06, -0.00015573770392593946, 0.9999999878346308, -0.0007626192034299149, -0.9999996970777814, -0.00015574432910339515, 0.99999970916768, -0.0007626205564135703, 8.628005037089775e-06], "world_rotation": [0.0, 1.0, 0.0, 0.0]}, {"color": "CVRed", "id_name": "object210444371564933", "shape": "CVBox", "id_string": "ob422", "world_size": [0.09, 0.09, 0.09], "id": 422, "camera_size": [37, 37], "camera_position": [256, 254], "world_position": [0.705, 0.6448569696296074, -0.15], "world_orientation": [1.0, -4.331917303826236e-17, -1.1712398707441946e-17, 4.331917303826236e-17, 1.0, -5.775889738434995e-17, 1.1712398707441946e-17, 5.775889738434995e-17, 1.0], "world_rotation": [-0.7896765794068324, 0.16013129347666225, -0.5922574345551229, -7.314247236221149e-17]}], "source": "action wait"}
{"timestamp": 1706067167.269851, "objects": [{"color": "cv_", "id_name": "hand", "shape": "CVCylinder", "id_string": "ob383", "world_size": [0.12, 0.005, 0.12], "id": 383, "camera_size": [48, 7], "camera_position": [246, 508], "world_position": [0.005096337204067894, 0.6641752644028647, -0.17410860020703028], "world_orientation": [-7.180810379326159e-06, -0.0005550056865280982, 0.9999998459585502, -0.0007627189174596667, -0.9999995551112213, -0.0005550110020464519, 0.9999997091041023, -0.0007627227853985023, 6.757493848615242e-06], "world_rotation": [0.0, 1.0, 0.0, 0.0]}, {"color": "CVRed", "id_name": "object210444371564933", "shape": "CVBox", "id_string": "ob422", "world_size": [0.09, 0.09, 0.09], "id": 422, "camera_size": [37, 37], "camera_position": [256, 254], "world_position": [0.705, 0.6448569696296074, -0.15], "world_orientation": [1.0, -4.331917303826236e-17, -1.1712398707441946e-17, 4.331917303826236e-17, 1.0, -5.775889738434995e-17, 1.1712398707441946e-17, 5.775889738434995e-17, 1.0], "world_rotation": [-0.7896765794068324, 0.16013129347666225, -0.5922574345551229, -7.314247236221149e-17]}], "source": "action wait"}
{"timestamp": 1706067167.301804, "objects": [{"color": "cv_", "id_name": "hand", "shape": "CVCylinder", "id_string": "ob383", "world_size": [0.12, 0.005, 0.12], "id": 383, "camera_size": [48, 7], "camera_position": [246, 508], "world_position": [0.004363286549054706, 0.6641202216890891, -0.1741084595931098], "world_orientation": [-6.131828834220824e-06, -0.0008371330190872872, 0.9999996495852933, -0.0007628064913310311, -0.9999993586633651, -0.0008371374529466839, 0.9999997090442865, -0.0007628113572163895, 5.493254400950713e-06], "world_rotation": [0.0, 1.0, 0.0, 0.0]}, {"color": "CVRed", "id_name": "object210444371564933", "shape": "CVBox", "id_string": "ob422", "world_size": [0.09, 0.09, 0.09], "id": 422, "camera_size": [37, 37], "camera_position": [256, 254], "world_position": [0.705, 0.6448569696296074, -0.15], "world_orientation": [1.0, -4.331917303826236e-17, -1.1712398707441946e-17, 4.331917303826236e-17, 1.0, -5.775889738434995e-17, 1.1712398707441946e-17, 5.775889738434995e-17, 1.0], "world_rotation": [-0.7896765794068324, 0.16013129347666225, -0.5922574345551229, -7.314247236221149e-17]}], "source": "action wait"}
{"timestamp": 1706067167.334958, "objects": [{"color": "cv_", "id_name": "hand", "shape": "CVCylinder", "id_string": "ob383", "world_size": [0.12, 0.005, 0.12], "id": 383, "camera_size": [48, 7], "camera_position": [246, 508], "world_position": [0.0038466610653583155, 0.6640817765101987, -0.1741083541203416], "world_orientation": [-5.429969571907472e-06, -0.0010364787614659948, 0.999999462841002, -0.0007628794188731263, -0.9999991718590608, -0.001036482602282886, 0.9999997089927116, -0.0007628846371549693, 4.639256760269545e-06], "world_rotation": [0.0, 1.0, 0.0, 0.0]}, {"color": "CVRed", "id_name": "object210444371564933", "shape": "CVBox", "id_string": "ob422", "world_size": [0.09, 0.09, 0.09], "id": 422, "camera_size": [37, 37], "camera_position": [256, 254], "world_position": [0.705, 0.6448569696296074, -0.15], "world_orientation": [1.0, -4.331917303826236e-17, -1.1712398707441946e-17, 4.331917303826236e-17, 1.0, -5.775889738434995e-17, 1.1712398707441946e-17, 5.775889738434995e-17, 1.0], "world_rotation": [-0.7896765794068324, 0.16013129347666225, -0.5922574345551229, -7.314247236221149e-17]}], "source": "action wait"}
{"timestamp": 1706067167.372099, "objects": [{"color": "cv_", "id_name": "hand", "shape": "CVCylinder", "id_string": "ob383", "world_size": [0.12, 0.005, 0.12], "id": 383, "camera_size": [48, 7], "camera_position": [246, 508], "world_position": [0.003482542296011971, 0.6640549884474819, -0.17410827595845074], "world_orientation": [-4.961058670234623e-06, -0.001177327098081952, 0.9999993069379058, -0.0007629380283094253, -0.9999990159086976, -0.0011773305404276873, 0.9999997089504342, -0.0007629433403522736, 4.062826173577728e-06], "world_rotation": [0.0, 1.0, 0.0, 0.0]}, {"color": "CVRed", "id_name": "object210444371564933", "shape": "CVBox", "id_string": "ob422", "world_size": [0.09, 0.09, 0.09], "id": 422, "camera_size": [37, 37], "camera_position": [256, 254], "world_position": [0.705, 0.6448569696296074, -0.15], "world_orientation": [1.0, -4.331917303826236e-17, -1.1712398707441946e-17, 4.331917303826236e-17, 1.0, -5.775889738434995e-17, 1.1712398707441946e-17, 5.775889738434995e-17, 1.0], "world_rotation": [-0.7896765794068324, 0.16013129347666225, -0.5922574345551229, -7.314247236221149e-17]}], "source": "action wait"}
{"timestamp": 1706067167.406907, "objects": [{"color": "cv_", "id_name": "hand", "shape": "CVCylinder", "id_string": "ob383", "world_size": [0.12, 0.005, 0.12], "id": 383, "camera_size": [48, 7], "camera_position": [246, 508], "world_position": [0.003225894206647503, 0.664036346540569, -0.17410821854623112], "world_orientation": [-4.648315829965217e-06, -0.0012768403857993885, 0.999999184828179, -0.0007629839519587292, -0.9999988937623934, -0.0012768435607471039, 0.9999997089168988, -0.0007629892651681934, 3.674101964609597e-06], "world_rotation": [0.0, 1.0, 0.0, 0.0]}, {"color": "CVRed", "id_name": "object210444371564933", "shape": "CVBox", "id_string": "ob422", "world_size": [0.09, 0.09, 0.09], "id": 422, "camera_size": [37, 37], "camera_position": [256, 254], "world_position": [0.705, 0.6448569696296074, -0.15], "world_orientation": [1.0, -4.331917303826236e-17, -1.1712398707441946e-17, 4.331917303826236e-17, 1.0, -5.775889738434995e-17, 1.1712398707441946e-17, 5.775889738434995e-17, 1.0], "world_rotation": [-0.7896765794068324, 0.16013129347666225, -0.5922574345551229, -7.314247236221149e-17]}], "source": "action wait"}
{"timestamp": 1706067168.584243, "objects": [{"color": "CVRed", "id_name": "object210444371564933", "shape": "CVBox", "id_string": "ob422", "world_size": [0.09, 0.09, 0.09], "id": 422, "camera_size": [37, 37], "camera_position": [256, 254], "world_position": [0.705, 0.6448569696296074, -0.15], "world_orientation": [1.0, -4.331917303826236e-17, -1.1712398707441946e-17, 4.331917303826236e-17, 1.0, -5.775889738434995e-17, 1.1712398707441946e-17, 5.775889738434995e-17, 1.0], "world_rotation": [-0.7896765794068324, 0.16013129347666225, -0.5922574345551229, -7.314247236221149e-17]}], "source": "action wait"}
{"timestamp": 1706067168.617286, "objects": [{"color": "cv_", "id_name": "hand", "shape": "CVCylinder", "id_string": "ob383", "world_size": [0.12, 0.005, 0.12], "id": 383, "camera_size": [51, 11], "camera_position": [246, 506], "world_position": [0.0354413413668347, 0.7201667766732607, -0.17412270122471873], "world_orientation": [0.00015843990770483997, 0.19403520303035704, 0.9809945539511236, -0.0007077674728113889, -0.9809942987981448, 0.19403526687368117, 0.9999997369809654, -0.000725058966066958, -1.809684087488395e-05], "world_rotation": [0.0, 1.0, 0.0, 0.0]}, {"color": "CVRed", "id_name": "object210444371564933", "shape": "CVBox", "id_string": "ob422", "world_size": [0.09, 0.09, 0.09], "id": 422, "camera_size": [37, 37], "camera_position": [256, 254], "world_position": [0.705, 0.6448569696296074, -0.15], "world_orientation": [1.0, -4.331917303826236e-17, -1.1712398707441946e-17, 4.331917303826236e-17, 1.0, -5.775889738434995e-17, 1.1712398707441946e-17, 5.775889738434995e-17, 1.0], "world_rotation": [-0.7896765794068324, 0.16013129347666225, -0.5922574345551229, -7.314247236221149e-17]}], "source": "action wait"}
{"timestamp": 1706067168.654466, "objects": [{"color": "cv_", "id_name": "hand", "shape": "CVCylinder", "id_string": "ob383", "world_size": [0.12, 0.005, 0.12], "id": 383, "camera_size": [52, 21], "camera_position": [245, 501], "world_position": [0.0835553762704343, 0.7737406951846288, -0.174124620267358], "world_orientation": [0.00025846515654290834, 0.2990841989396858, 0.9542266895975868, -0.000706204820148925, -0.954226428930612, 0.29908430852367374, 0.9999997172352176, -0.0007511823603309059, -3.541958040888871e-05], "world_rotation": [0.0, 1.0, 0.0, 0.0]}, {"color": "CVRed", "id_name": "object210444371564933", "shape": "CVBox", "id_string": "ob422", "world_size": [0.09, 0.09, 0.09], "id": 422, "camera_size": [37, 37], "camera_position": [256, 254], "world_position": [0.705, 0.6448569696296074, -0.15], "world_orientation": [1.0, -4.331917303826236e-17, -1.1712398707441946e-17, 4.331917303826236e-17, 1.0, -5.775889738434995e-17, 1.1712398707441946e-17, 5.775889738434995e-17, 1.0], "world_rotation": [-0.7896765794068324, 0.16013129347666225, -0.5922574345551229, -7.314247236221149e-17]}], "source": "action wait"}
{"timestamp": 1706067168.695746, "objects": [{"color": "cv_", "id_name": "hand", "shape": "CVCylinder", "id_string": "ob383", "world_size": [0.12, 0.005, 0.12], "id": 383, "camera_size": [54, 38], "camera_position": [245, 492], "world_position": [0.139918322319749, 0.8061520910218644, -0.17412046943643572], "world_orientation": [0.0002908694778171091, 0.3402722275695711, 0.9403269253508529, -0.0007117490163915032, -0.9403266565052345, 0.34027235044743886, 0.9999997044040987, -0.0007682516050953822, -3.132390027673147e-05], "world_rotation": [0.0, 1.0, 0.0, 0.0]}, {"color": "CVRed", "id_name": "object210444371564933", "shape": "CVBox", "id_string": "ob422", "world_size": [0.09, 0.09, 0.09], "id": 422, "camera_size": [37, 37], "camera_position": [256, 254], "world_position": [0.705, 0.6448569696296074, -0.15], "world_orientation": [1.0, -4.331917303826236e-17, -1.1712398707441946e-17, 4.331917303826236e-17, 1.0, -5.775889738434995e-17, 1.1712398707441946e-17, 5.775889738434995e-17, 1.0], "world_rotation": [-0.7896765794068324, 0.16013129347666225, -0.5922574345551229, -7.314247236221149e-17]}], "source": "action wait"}
{"timestamp": 1706067168.729015, "objects": [{"color": "cv_", "id_name": "hand", "shape": "CVCylinder", "id_string": "ob383", "world_size": [0.12, 0.005, 0.12], "id": 383, "camera_size": [55, 59], "camera_position": [245, 480], "world_position": [0.20085360907490857, 0.8206659392768012, -0.17411715231071925], "world_orientation": [0.00028958860888820767, 0.3413047569960904, 0.9399526472063777, -0.0007211885061368039, -0.9399523708977223, 0.3413048788559715, 0.9999996980127426, -0.0007767210505529755, -2.6054431673581803e-05], "world_rotation": [0.0, 1.0, 0.0, 0.0]}, {"color": "CVRed", "id_name": "object210444371564933", "shape": "CVBox", "id_string": "ob422", "world_size": [0.09, 0.09, 0.09], "id": 422, "camera_size": [37, 37], "camera_position": [256, 254], "world_position": [0.705, 0.6448569696296074, -0.15], "world_orientation": [1.0, -4.331917303826236e-17, -1.1712398707441946e-17, 4.331917303826236e-17, 1.0, -5.775889738434995e-17, 1.1712398707441946e-17, 5.775889738434995e-17, 1.0], "world_rotation": [-0.7896765794068324, 0.16013129347666225, -0.5922574345551229, -7.314247236221149e-17]}], "source": "action wait"}
{"timestamp": 1706067168.75743, "objects": [{"color": "cv_", "id_name": "hand", "shape": "CVCylinder", "id_string": "ob383", "world_size": [0.12, 0.005, 0.12], "id": 383, "camera_size": [55, 58], "camera_position": [245, 451], "world_position": [0.26444635379214376, 0.820054602998809, -0.17411445224283054], "world_orientation": [0.0002647916595264196, 0.3140932197108243, 0.9493921103617118, -0.0007342592901484372, -0.9493918266509105, 0.31409333063874995, 0.9999996953742896, -0.000780269271292939, -2.0765172773945546e-05], "world_rotation": [0.0, 1.0, 0.0, 0.0]}, {"color": "CVRed", "id_name": "object210444371564933", "shape": "CVBox", "id_string": "ob422", "world_size": [0.09, 0.09, 0.09], "id": 422, "camera_size": [37, 37], "camera_position": [256, 254], "world_position": [0.705, 0.6448569696296074, -0.15], "world_orientation": [1.0, -4.331917303826236e-17, -1.1712398707441946e-17, 4.331917303826236e-17, 1.0, -5.775889738434995e-17, 1.1712398707441946e-17, 5.775889738434995e-17, 1.0], "world_rotation": [-0.7896765794068324, 0.16013129347666225, -0.5922574345551229, -7.314247236221149e-17]}], "source": "action wait"}
{"timestamp": 1706067168.787381, "objects": [{"color": "cv_", "id_name": "hand", "shape": "CVCylinder", "id_string": "ob383", "world_size": [0.12, 0.005, 0.12], "id": 383, "camera_size": [54, 57], "camera_position": [245, 421], "world_position": [0.32868272208548877, 0.8065167465462364, -0.1741120698923406], "world_orientation": [0.0002231649053667109, 0.2663464290869819, 0.9638773417349524, -0.0007487973858130301, -0.9638770510069608, 0.26634652211846166, 0.9999996947499036, -0.0007811880301391476, -1.566402105169751e-05], "world_rotation": [0.0, 1.0, 0.0, 0.0]}, {"color": "CVRed", "id_name": "object210444371564933", "shape": "CVBox", "id_string": "ob422", "world_size": [0.09, 0.09, 0.09], "id": 422, "camera_size": [37, 37], "camera_position": [256, 254], "world_position": [0.705, 0.6448569696296074, -0.15], "world_orientation": [1.0, -4.331917303826236e-17, -1.1712398707441946e-17, 4.331917303826236e-17, 1.0, -5.775889738434995e-17, 1.1712398707441946e-17, 5.775889738434995e-17, 1.0], "world_rotation": [-0.7896765794068324, 0.16013129347666225, -0.5922574345551229, -7.314247236221149e-17]}], "source": "action wait"}
{"timestamp": 1706067168.818926, "objects": [{"color": "cv_", "id_name": "hand", "shape": "CVCylinder", "id_string": "ob383", "world_size": [0.12, 0.005, 0.12], "id": 383, "camera_size": [53, 54], "camera_position": [245, 390], "world_position": [0.3917730981930101, 0.7818351765100852, -0.17410981090191294], "world_orientation": [0.00016936303073870201, 0.20338491663479782, 0.9790988443469945, -0.0007623278801677702, -0.9790985476314269, 0.20338498686538772, 0.9999996950861371, -0.0007808402442683064, -1.0777105061984913e-05], "world_rotation": [0.0, 1.0, 0.0, 0.0]}, {"color": "CVRed", "id_name": "object210444371564933", "shape": "CVBox", "id_string": "ob422", "world_size": [0.09, 0.09, 0.09], "id": 422, "camera_size": [37, 37], "camera_position": [256, 254], "world_position": [0.705, 0.6448569696296074, -0.15], "world_orientation": [1.0, -4.331917303826236e-17, -1.1712398707441946e-17, 4.331917303826236e-17, 1.0, -5.775889738434995e-17, 1.1712398707441946e-17, 5.775889738434995e-17, 1.0], "world_rotation": [-0.7896765794068324, 0.16013129347666225, -0.5922574345551229, -7.314247236221149e-17]}], "source": "action wait"}
{"timestamp": 1706067168.852204, "objects": [{"color": "cv_", "id_name": "hand", "shape": "CVCylinder", "id_string": "ob383", "world_size": [0.12, 0.005, 0.12], "id": 383, "camera_size": [52, 52], "camera_position": [245, 365], "world_position": [0.4440201975468794, 0.7535352890868229, -0.17410318245713655], "world_orientation": [0.0001072222321929374, 0.14346779794061276, 0.9896549800094296, -0.0007677343632412037, -0.9896546822289433, 0.14346783795080068, 0.9999996995436252, -0.0007751750777393203, 4.032174369187241e-06], "world_rotation": [0.0, 1.0, 0.0, 0.0]}, {"color": "CVRed", "id_name": "object210444371564933", "shape": "CVBox", "id_string": "ob422", "world_size": [0.09, 0.09, 0.09], "id": 422, "camera_size": [37, 37], "camera_position": [256, 254], "world_position": [0.705, 0.6448569696296074, -0.15], "world_orientation": [1.0, -4.331917303826236e-17, -1.1712398707441946e-17, 4.331917303826236e-17, 1.0, -5.775889738434995e-17, 1.1712398707441946e-17, 5.775889738434995e-17, 1.0], "world_rotation": [-0.7896765794068324, 0.16013129347666225, -0.5922574345551229, -7.314247236221149e-17]}], "source": "action wait"}
{"timestamp": 1706067168.885025, "objects": [{"color": "cv_", "id_name": "hand", "shape": "CVCylinder", "id_string": "ob383", "world_size": [0.12, 0.005, 0.12], "id": 383, "camera_size": [51, 51], "camera_position": [246, 349], "world_position": [0.47949204815023355, 0.730280380328411, -0.17409840815037203], "world_orientation": [6.306279745779407e-05, 0.1008444140223216, 0.9949022063416978, -0.0007666407630470805, -0.994901911073553, 0.1008444326878431, 0.9999997041424683, -0.0007690921186606899, 1.4570140807103749e-05], "world_rotation": [0.0, 1.0, 0.0, 0.0]}, {"color": "CVRed", "id_name": "object210444371564933", "shape": "CVBox", "id_string": "ob422", "world_size": [0.09, 0.09, 0.09], "id": 422, "camera_size": [37, 37], "camera_position": [256, 254], "world_position": [0.705, 0.6448569696296074, -0.15], "world_orientation": [1.0, -4.331917303826236e-17, -1.1712398707441946e-17, 4.331917303826236e-17, 1.0, -5.775889738434995e-17, 1.1712398707441946e-17, 5.775889738434995e-17, 1.0], "world_rotation": [-0.7896765794068324, 0.16013129347666225, -0.5922574345551229, -7.314247236221149e-17]}], "source": "action wait"}
{"timestamp": 1706067168.918865, "objects": [{"color": "cv_", "id_name": "hand", "shape": "CVCylinder", "id_string": "ob383", "world_size": [0.12, 0.005, 0.12], "id": 383, "camera_size": [50, 51], "camera_position": [245, 338], "world_position": [0.5036423057019939, 0.7123298818250801, -0.1740966809067459], "world_orientation": [3.5638088769049694e-05, 0.07067660882438968, 0.9974992810498717, -0.000764459085488674, -0.9974989882896341, 0.07067661539337712, 0.9999997071660738, -0.0007650661676606187, 1.8480418256019506e-05], "world_rotation": [0.0, 1.0, 0.0, 0.0]}, {"color": "CVRed", "id_name": "object210444371564933", "shape": "CVBox", "id_string": "ob422", "world_size": [0.09, 0.09, 0.09], "id": 422, "camera_size": [37, 37], "camera_position": [256, 254], "world_position": [0.705, 0.6448569696296074, -0.15], "world_orientation": [1.0, -4.331917303826236e-17, -1.1712398707441946e-17, 4.331917303826236e-17, 1.0, -5.775889738434995e-17, 1.1712398707441946e-17, 5.775889738434995e-17, 1.0], "world_rotation": [-0.7896765794068324, 0.16013129347666225, -0.5922574345551229, -7.314247236221149e-17]}], "source": "action wait"}
{"timestamp": 1706067168.956119, "objects": [{"color": "cv_", "id_name": "hand", "shape": "CVCylinder", "id_string": "ob383", "world_size": [0.12, 0.005, 0.12], "id": 383, "camera_size": [49, 50], "camera_position": [246, 330], "world_position": [0.5202008513768341, 0.698946255643448, -0.17409659430064037], "world_orientation": [1.8770821058471105e-05, 0.04936677499845906, 0.998780717261756, -0.0007627106940950841, -0.9987804262217449, 0.049366774947396275, 0.9999997089599844, -0.0007627073890106081, 1.8904638567380696e-05], "world_rotation": [0.0, 1.0, 0.0, 0.0]}, {"color": "CVRed", "id_name": "object210444371564933", "shape": "CVBox", "id_string": "ob422", "world_size": [0.09, 0.09, 0.09], "id": 422, "camera_size": [37, 37], "camera_position": [256, 254], "world_position": [0.705, 0.6448569696296074, -0.15], "world_orientation": [1.0, -4.331917303826236e-17, -1.1712398707441946e-17, 4.331917303826236e-17, 1.0, -5.775889738434995e-17, 1.1712398707441946e-17, 5.775889738434995e-17, 1.0], "world_rotation": [-0.7896765794068324, 0.16013129347666225, -0.5922574345551229, -7.314247236221149e-17]}], "source": "action wait"}
{"timestamp": 1706067168.988928, "objects": [{"color": "cv_", "id_name": "hand", "shape": "CVCylinder", "id_string": "ob383", "world_size": [0.12, 0.005, 0.12], "id": 383, "camera_size": [49, 49], "camera_position": [246, 325], "world_position": [0.53162851571746, 0.6891730066524232, -0.17409730881007823], "world_orientation": [8.51953950189107e-06, 0.03432852987286118, 0.999410602287261, -0.0007616706294398434, -0.9994103122006214, 0.03432852640165077, 0.9999997098925928, -0.000761514165750073, 1.7632517322992586e-05], "world_rotation": [0.0, 1.0, 0.0, 0.0]}, {"color": "CVRed", "id_name": "object210444371564933", "shape": "CVBox", "id_string": "ob422", "world_size": [0.09, 0.09, 0.09], "id": 422, "camera_size": [37, 37], "camera_position": [256, 254], "world_position": [0.705, 0.6448569696296074, -0.15], "world_orientation": [1.0, -4.331917303826236e-17, -1.1712398707441946e-17, 4.331917303826236e-17, 1.0, -5.775889738434995e-17, 1.1712398707441946e-17, 5.775889738434995e-17, 1.0], "world_rotation": [-0.7896765794068324, 0.16013129347666225, -0.5922574345551229, -7.314247236221149e-17]}], "source": "action wait"}
{"timestamp": 1706067169.020775, "objects": [{"color": "cv_", "id_name": "hand", "shape": "CVCylinder", "id_string": "ob383", "world_size": [0.12, 0.005, 0.12], "id": 383, "camera_size": [49, 50], "camera_position": [246, 321], "world_position": [0.5395582458848771, 0.6821287065317287, -0.17409834382507947], "world_orientation": [2.3808918981526633e-06, 0.02372104471303421, 0.9997186164276695, -0.0007612160419712271, -0.9997183267440622, 0.023721039652385797, 0.9999997102721925, -0.0007610583255135023, 1.5676618503671582e-05], "world_rotation": [0.0, 1.0, 0.0, 0.0]}, {"color": "CVRed", "id_name": "object210444371564933", "shape": "CVBox", "id_string": "ob422", "world_size": [0.09, 0.09, 0.09], "id": 422, "camera_size": [37, 37], "camera_position": [256, 254], "world_position": [0.705, 0.6448569696296074, -0.15], "world_orientation": [1.0, -4.331917303826236e-17, -1.1712398707441946e-17, 4.331917303826236e-17, 1.0, -5.775889738434995e-17, 1.1712398707441946e-17, 5.775889738434995e-17, 1.0], "world_rotation": [-0.7896765794068324, 0.16013129347666225, -0.5922574345551229, -7.314247236221149e-17]}], "source": "action wait"}
