{"timestamp": 1706028872.65011, "objects": [{"color": "cv_", "id_name": "hand", "shape": "CVCylinder", "id_string": "ob382", "world_size": [0.12, 0.005, 0.12], "id": 382, "camera_size": [48, 50], "camera_position": [246, 426], "world_position": [0.2676445155401379, 0.6334703013847399, -0.17389260400847834], "world_orientation": [-0.0006415511559339358, 0.19791547486641203, 0.980218880261198, -0.0007473675260746907, -0.9802189031249677, 0.19791499033238022, 0.9999995149268301, -0.0006056111687284119, 0.0007767761691913552], "world_rotation": [0.0, 1.0, 0.0, 0.0]}, {"color": "CVRed", "id_name": "object162069112624856", "shape": "CVBox", "id_string": "ob771", "world_size": [0.09, 0.09, 0.09], "id": 771, "camera_size": [37, 37], "camera_position": [256, 254], "world_position": [0.705, 0.6448569667806435, -0.15], "world_orientation": [1.0, -5.053903521130611e-17, -1.3537563024626779e-17, 5.053903521130611e-17, 1.0, -6.136882847087181e-17, 1.3537563024626779e-17, 6.136882847087181e-17, 1.0], "world_rotation": [-0.7609763537112164, 0.16786641696290353, -0.6266864089386478, -8.064485600844401e-17]}], "source": "manual check"}
{"timestamp": 1706028873.667519, "objects": [{"color": "cv_", "id_name": "hand", "shape": "CVCylinder", "id_string": "ob382", "world_size": [0.12, 0.005, 0.12], "id": 382, "camera_size": [48, 50], "camera_position": [246, 426], "world_position": [0.2676445155401379, 0.6334703013847399, -0.17389260400847834], "world_orientation": [-0.0006415511559339358, 0.19791547486641203, 0.980218880261198, -0.0007473675260746907, -0.9802189031249677, 0.19791499033238022, 0.9999995149268301, -0.0006056111687284119, 0.0007767761691913552], "world_rotation": [0.0, 1.0, 0.0, 0.0]}, {"color": "CVRed", "id_name": "object162069112624856", "shape": "CVBox", "id_string": "ob771", "world_size": [0.09, 0.09, 0.09], "id": 771, "camera_size": [37, 37], "camera_position": [256, 254], "world_position": [0.705, 0.6448569696296074, -0.15], "world_orientation": [1.0, -4.331917303826236e-17, -1.1712398707441946e-17, 4.331917303826236e-17, 1.0, -5.775889738434995e-17, 1.1712398707441946e-17, 5.775889738434995e-17, 1.0], "world_rotation": [-0.7896765794068324, 0.16013129347666225, -0.5922574345551229, -7.314247236221149e-17]}], "source": "manual check"}
{"timestamp": 1706028875.613508, "objects": [{"color": "cv_", "id_name": "hand", "shape": "CVCylinder", "id_string": "ob382", "world_size": [0.12, 0.005, 0.12], "id": 382, "camera_size": [48, 50], "camera_position": [246, 426], "world_position": [0.2676445155401379, 0.6334703013847399, -0.17389260400847834], "world_orientation": [-0.0006415511559339358, 0.19791547486641203, 0.980218880261198, -0.0007473675260746907, -0.9802189031249677, 0.19791499033238022, 0.9999995149268301, -0.0006056111687284119, 0.0007767761691913552], "world_rotation": [0.0, 1.0, 0.0, 0.0]}, {"color": "CVRed", "id_name": "object162069112624856", "shape": "CVBox", "id_string": "ob771", "world_size": [0.09, 0.09, 0.09], "id": 771, "camera_size": [37, 37], "camera_position": [256, 254], "world_position": [0.705, 0.6448569696296074, -0.15], "world_orientation": [1.0, -4.331917303826236e-17, -1.1712398707441946e-17, 4.331917303826236e-17, 1.0, -5.775889738434995e-17, 1.1712398707441946e-17, 5.775889738434995e-17, 1.0], "world_rotation": [-0.7896765794068324, 0.16013129347666225, -0.5922574345551229, -7.314247236221149e-17]}], "source": "action wait"}
{"timestamp": 1706028875.644982, "objects": [{"color": "cv_", "id_name": "hand", "shape": "CVCylinder", "id_string": "ob382", "world_size": [0.12, 0.005, 0.12], "id": 382, "camera_size": [48, 50], "camera_position": [246, 444], "world_position": [0.22509914266593395, 0.6416776013348255, -0.17397247098489368], "world_orientation": [-0.0005243734577161065, 0.08775991074827101, 0.9961415176057729, -0.0007630957679884002, -0.9961413996416623, 0.08775949865854414, 0.9999995713585711, -0.0007141326246438216, 0.0005893193265957007], "world_rotation": [0.0, 1.0, 0.0, 0.0]}, {"color": "CVRed", "id_name": "object162069112624856", "shape": "CVBox", "id_string": "ob771", "world_size": [0.09, 0.09, 0.09], "id": 771, "camera_size": [37, 37], "camera_position": [256, 254], "world_position": [0.705, 0.6448569696296074, -0.15], "world_orientation": [1.0, -4.331917303826236e-17, -1.1712398707441946e-17, 4.331917303826236e-17, 1.0, -5.775889738434995e-17, 1.1712398707441946e-17, 5.775889738434995e-17, 1.0], "world_rotation": [-0.7896765794068324, 0.16013129347666225, -0.5922574345551229, -7.314247236221149e-17]}], "source": "action wait"}
{"timestamp": 1706028875.682451, "objects": [{"color": "cv_", "id_name": "hand", "shape": "CVCylinder", "id_string": "ob382", "world_size": [0.12, 0.005, 0.12], "id": 382, "camera_size": [48, 50], "camera_position": [246, 470], "world_position": [0.16386702438815795, 0.6571116659563664, -0.1740383999696874], "world_orientation": [-0.00037992516746646716, 0.06032424731269373, 0.9981787619675266, -0.0007693266985366684, -0.9981785562466996, 0.060323942060228015, 0.9999996318965813, -0.0007450069877047624, 0.0004256422091706336], "world_rotation": [0.0, 1.0, 0.0, 0.0]}, {"color": "CVRed", "id_name": "object162069112624856", "shape": "CVBox", "id_string": "ob771", "world_size": [0.09, 0.09, 0.09], "id": 771, "camera_size": [37, 37], "camera_position": [256, 254], "world_position": [0.705, 0.6448569696296074, -0.15], "world_orientation": [1.0, -4.331917303826236e-17, -1.1712398707441946e-17, 4.331917303826236e-17, 1.0, -5.775889738434995e-17, 1.1712398707441946e-17, 5.775889738434995e-17, 1.0], "world_rotation": [-0.7896765794068324, 0.16013129347666225, -0.5922574345551229, -7.314247236221149e-17]}], "source": "action wait"}
{"timestamp": 1706028875.715223, "objects": [{"color": "cv_", "id_name": "hand", "shape": "CVCylinder", "id_string": "ob382", "world_size": [0.12, 0.005, 0.12], "id": 382, "camera_size": [48, 46], "camera_position": [246, 488], "world_position": [0.11761512287685771, 0.6637246262980911, -0.17407773929120623], "world_orientation": [-0.0002583568893740781, 0.042222430080276055, 0.9991082021732351, -0.0007699561040767787, -0.9991079477647162, 0.04222222022792059, 0.9999996702096033, -0.0007583610574162683, 0.0002906358393030542], "world_rotation": [0.0, 1.0, 0.0, 0.0]}, {"color": "CVRed", "id_name": "object162069112624856", "shape": "CVBox", "id_string": "ob771", "world_size": [0.09, 0.09, 0.09], "id": 771, "camera_size": [37, 37], "camera_position": [256, 254], "world_position": [0.705, 0.6448569696296074, -0.15], "world_orientation": [1.0, -4.331917303826236e-17, -1.1712398707441946e-17, 4.331917303826236e-17, 1.0, -5.775889738434995e-17, 1.1712398707441946e-17, 5.775889738434995e-17, 1.0], "world_rotation": [-0.7896765794068324, 0.16013129347666225, -0.5922574345551229, -7.314247236221149e-17]}], "source": "action wait"}
{"timestamp": 1706028875.744631, "objects": [{"color": "cv_", "id_name": "hand", "shape": "CVCylinder", "id_string": "ob382", "world_size": [0.12, 0.005, 0.12], "id": 382, "camera_size": [48, 34], "camera_position": [246, 494], "world_position": [0.08418837729488736, 0.666051143641347, -0.17409653528548263], "world_orientation": [-0.00017549626221454527, 0.029411733643644144, 0.9995673659764696, -0.0007680372136876315, -0.999567090520579, 0.029411590692503597, 0.9999996896599022, -0.0007625433104256882, 0.00019800959417679167], "world_rotation": [0.0, 1.0, 0.0, 0.0]}, {"color": "CVRed", "id_name": "object162069112624856", "shape": "CVBox", "id_string": "ob771", "world_size": [0.09, 0.09, 0.09], "id": 771, "camera_size": [37, 37], "camera_position": [256, 254], "world_position": [0.705, 0.6448569696296074, -0.15], "world_orientation": [1.0, -4.331917303826236e-17, -1.1712398707441946e-17, 4.331917303826236e-17, 1.0, -5.775889738434995e-17, 1.1712398707441946e-17, 5.775889738434995e-17, 1.0], "world_rotation": [-0.7896765794068324, 0.16013129347666225, -0.5922574345551229, -7.314247236221149e-17]}], "source": "action wait"}
{"timestamp": 1706028875.77664, "objects": [{"color": "cv_", "id_name": "hand", "shape": "CVCylinder", "id_string": "ob382", "world_size": [0.12, 0.005, 0.12], "id": 382, "camera_size": [48, 26], "camera_position": [246, 498], "world_position": [0.0603068384341601, 0.6665238422217032, -0.1741050801419215], "world_orientation": [-0.00011940885101093566, 0.020349421042221923, 0.9997929219617295, -0.0007659057902262445, -0.9997926377054134, 0.020349323781699975, 0.9999996995648784, -0.0007633172985864346, 0.00013496982952195723], "world_rotation": [0.0, 1.0, 0.0, 0.0]}, {"color": "CVRed", "id_name": "object162069112624856", "shape": "CVBox", "id_string": "ob771", "world_size": [0.09, 0.09, 0.09], "id": 771, "camera_size": [37, 37], "camera_position": [256, 254], "world_position": [0.705, 0.6448569696296074, -0.15], "world_orientation": [1.0, -4.331917303826236e-17, -1.1712398707441946e-17, 4.331917303826236e-17, 1.0, -5.775889738434995e-17, 1.1712398707441946e-17, 5.775889738434995e-17, 1.0], "world_rotation": [-0.7896765794068324, 0.16013129347666225, -0.5922574345551229, -7.314247236221149e-17]}], "source": "action wait"}
{"timestamp": 1706028875.810134, "objects": [{"color": "cv_", "id_name": "hand", "shape": "CVCylinder", "id_string": "ob382", "world_size": [0.12, 0.005, 0.12], "id": 382, "camera_size": [48, 20], "camera_position": [246, 501], "world_position": [0.04334974549735962, 0.6662848055570305, -0.17410866343507228], "world_orientation": [-8.158131522448805e-05, 0.013940550434082261, 0.9999028224773064, -0.000764281406246992, -0.9999025346392495, 0.013940484063929552, 0.9999997046091669, -0.0007630698522488456, 9.222786736215601e-05], "world_rotation": [0.0, 1.0, 0.0, 0.0]}, {"color": "CVRed", "id_name": "object162069112624856", "shape": "CVBox", "id_string": "ob771", "world_size": [0.09, 0.09, 0.09], "id": 771, "camera_size": [37, 37], "camera_position": [256, 254], "world_position": [0.705, 0.6448569696296074, -0.15], "world_orientation": [1.0, -4.331917303826236e-17, -1.1712398707441946e-17, 4.331917303826236e-17, 1.0, -5.775889738434995e-17, 1.1712398707441946e-17, 5.775889738434995e-17, 1.0], "world_rotation": [-0.7896765794068324, 0.16013129347666225, -0.5922574345551229, -7.314247236221149e-17]}], "source": "action wait"}
{"timestamp": 1706028875.846055, "objects": [{"color": "cv_", "id_name": "hand", "shape": "CVCylinder", "id_string": "ob382", "world_size": [0.12, 0.005, 0.12], "id": 382, "camera_size": [48, 16], "camera_position": [246, 503], "world_position": [0.03135020917400328, 0.6658407154854713, -0.17410992310139842], "world_orientation": [-5.611415871469619e-05, 0.009409058128810792, 0.9999557322583484, -0.0007632478631476591, -0.9999554429748588, 0.009409012575897735, 0.9999997071519076, -0.0007626860970637816, 6.329310194613023e-05], "world_rotation": [0.0, 1.0, 0.0, 0.0]}, {"color": "CVRed", "id_name": "object162069112624856", "shape": "CVBox", "id_string": "ob771", "world_size": [0.09, 0.09, 0.09], "id": 771, "camera_size": [37, 37], "camera_position": [256, 254], "world_position": [0.705, 0.6448569696296074, -0.15], "world_orientation": [1.0, -4.331917303826236e-17, -1.1712398707441946e-17, 4.331917303826236e-17, 1.0, -5.775889738434995e-17, 1.1712398707441946e-17, 5.775889738434995e-17, 1.0], "world_rotation": [-0.7896765794068324, 0.16013129347666225, -0.5922574345551229, -7.314247236221149e-17]}], "source": "action wait"}
{"timestamp": 1706028875.881973, "objects": [{"color": "cv_", "id_name": "hand", "shape": "CVCylinder", "id_string": "ob382", "world_size": [0.12, 0.005, 0.12], "id": 382, "camera_size": [48, 13], "camera_position": [246, 505], "world_position": [0.0228749866355389, 0.6653975056836889, -0.17411014934704205], "world_orientation": [-3.8976701682867207e-05, 0.006205439347250099, 0.9999807453162909, -0.000762683711578822, -0.9999804554226714, 0.006205407820830514, 0.999999708397144, -0.0007624271600160901, 4.370872741341173e-05], "world_rotation": [0.0, 1.0, 0.0, 0.0]}, {"color": "CVRed", "id_name": "object162069112624856", "shape": "CVBox", "id_string": "ob771", "world_size": [0.09, 0.09, 0.09], "id": 771, "camera_size": [37, 37], "camera_position": [256, 254], "world_position": [0.705, 0.6448569696296074, -0.15], "world_orientation": [1.0, -4.331917303826236e-17, -1.1712398707441946e-17, 4.331917303826236e-17, 1.0, -5.775889738434995e-17, 1.1712398707441946e-17, 5.775889738434995e-17, 1.0], "world_rotation": [-0.7896765794068324, 0.16013129347666225, -0.5922574345551229, -7.314247236221149e-17]}], "source": "action wait"}
{"timestamp": 1706028875.91108, "objects": [{"color": "cv_", "id_name": "hand", "shape": "CVCylinder", "id_string": "ob382", "world_size": [0.12, 0.005, 0.12], "id": 382, "camera_size": [48, 11], "camera_position": [246, 506], "world_position": [0.016895397428760176, 0.6650251026662626, -0.1741099590953274], "world_orientation": [-2.7469291826752017e-05, 0.003940829847749879, 0.9999922345226233, -0.0007624363047183062, -0.9999919443300915, 0.003940807760393949, 0.9999997089681174, -0.0007623221328383851, 3.047370229021212e-05], "world_rotation": [0.0, 1.0, 0.0, 0.0]}, {"color": "CVRed", "id_name": "object162069112624856", "shape": "CVBox", "id_string": "ob771", "world_size": [0.09, 0.09, 0.09], "id": 771, "camera_size": [37, 37], "camera_position": [256, 254], "world_position": [0.705, 0.6448569696296074, -0.15], "world_orientation": [1.0, -4.331917303826236e-17, -1.1712398707441946e-17, 4.331917303826236e-17, 1.0, -5.775889738434995e-17, 1.1712398707441946e-17, 5.775889738434995e-17, 1.0], "world_rotation": [-0.7896765794068324, 0.16013129347666225, -0.5922574345551229, -7.314247236221149e-17]}], "source": "action wait"}
{"timestamp": 1706028875.939525, "objects": [{"color": "cv_", "id_name": "hand", "shape": "CVCylinder", "id_string": "ob382", "world_size": [0.12, 0.005, 0.12], "id": 382, "camera_size": [48, 10], "camera_position": [246, 506], "world_position": [0.012679114250037428, 0.6647359067858561, -0.17410963746625518], "world_orientation": [-1.9733181417406043e-05, 0.0023401411272831194, 0.9999972616713039, -0.0007623793436432025, -0.9999969712908295, 0.002340125403539254, 0.9999997091941267, -0.0007623310778792044, 2.1517196908354226e-05], "world_rotation": [0.0, 1.0, 0.0, 0.0]}, {"color": "CVRed", "id_name": "object162069112624856", "shape": "CVBox", "id_string": "ob771", "world_size": [0.09, 0.09, 0.09], "id": 771, "camera_size": [37, 37], "camera_position": [256, 254], "world_position": [0.705, 0.6448569696296074, -0.15], "world_orientation": [1.0, -4.331917303826236e-17, -1.1712398707441946e-17, 4.331917303826236e-17, 1.0, -5.775889738434995e-17, 1.1712398707441946e-17, 5.775889738434995e-17, 1.0], "world_rotation": [-0.7896765794068324, 0.16013129347666225, -0.5922574345551229, -7.314247236221149e-17]}], "source": "action wait"}
{"timestamp": 1706028875.969529, "objects": [{"color": "cv_", "id_name": "hand", "shape": "CVCylinder", "id_string": "ob382", "world_size": [0.12, 0.005, 0.12], "id": 382, "camera_size": [48, 9], "camera_position": [246, 507], "world_position": [0.009707137536482745, 0.6645208170307122, -0.17410930855028273], "world_orientation": [-1.4546707912476024e-05, 0.0012088169661186514, 0.9999992692747011, -0.0007624243900514814, -0.9999989787486058, 0.001208805524153175, 0.9999997092486793, -0.0007624062487881577, 1.546832459507172e-05], "world_rotation": [0.0, 1.0, 0.0, 0.0]}, {"color": "CVRed", "id_name": "object162069112624856", "shape": "CVBox", "id_string": "ob771", "world_size": [0.09, 0.09, 0.09], "id": 771, "camera_size": [37, 37], "camera_position": [256, 254], "world_position": [0.705, 0.6448569696296074, -0.15], "world_orientation": [1.0, -4.331917303826236e-17, -1.1712398707441946e-17, 4.331917303826236e-17, 1.0, -5.775889738434995e-17, 1.1712398707441946e-17, 5.775889738434995e-17, 1.0], "world_rotation": [-0.7896765794068324, 0.16013129347666225, -0.5922574345551229, -7.314247236221149e-17]}], "source": "action wait"}
{"timestamp": 1706028876.000368, "objects": [{"color": "cv_", "id_name": "hand", "shape": "CVCylinder", "id_string": "ob382", "world_size": [0.12, 0.005, 0.12], "id": 382, "camera_size": [48, 8], "camera_position": [246, 507], "world_position": [0.0076125964820564045, 0.6643649204251048, -0.17410902001885656], "world_orientation": [-1.1062933846454635e-05, 0.0004092810663072976, 0.9999999161833067, -0.0007625152514472286, -0.9999996255331812, 0.00040927251169346974, 0.9999997092240092, -0.0007625106597813782, 1.1375012759305513e-05], "world_rotation": [0.0, 1.0, 0.0, 0.0]}, {"color": "CVRed", "id_name": "object162069112624856", "shape": "CVBox", "id_string": "ob771", "world_size": [0.09, 0.09, 0.09], "id": 771, "camera_size": [37, 37], "camera_position": [256, 254], "world_position": [0.705, 0.6448569696296074, -0.15], "world_orientation": [1.0, -4.331917303826236e-17, -1.1712398707441946e-17, 4.331917303826236e-17, 1.0, -5.775889738434995e-17, 1.1712398707441946e-17, 5.775889738434995e-17, 1.0], "world_rotation": [-0.7896765794068324, 0.16013129347666225, -0.5922574345551229, -7.314247236221149e-17]}], "source": "action wait"}
{"timestamp": 1706028876.032441, "objects": [{"color": "cv_", "id_name": "hand", "shape": "CVCylinder", "id_string": "ob382", "world_size": [0.12, 0.005, 0.12], "id": 382, "camera_size": [48, 7], "camera_position": [246, 508], "world_position": [0.006136540927710426, 0.6642537354975182, -0.17410878463894316], "world_orientation": [-8.727854902831428e-06, -0.0001557376936001879, 0.9999999878347977, -0.0007626192034783391, -0.9999996970777852, -0.00015574430434774382, 0.9999997091678452, -0.0007626205535149405, 8.60908370348911e-06], "world_rotation": [0.0, 1.0, 0.0, 0.0]}, {"color": "CVRed", "id_name": "object162069112624856", "shape": "CVBox", "id_string": "ob771", "world_size": [0.09, 0.09, 0.09], "id": 771, "camera_size": [37, 37], "camera_position": [256, 254], "world_position": [0.705, 0.6448569696296074, -0.15], "world_orientation": [1.0, -4.331917303826236e-17, -1.1712398707441946e-17, 4.331917303826236e-17, 1.0, -5.775889738434995e-17, 1.1712398707441946e-17, 5.775889738434995e-17, 1.0], "world_rotation": [-0.7896765794068324, 0.16013129347666225, -0.5922574345551229, -7.314247236221149e-17]}], "source": "action wait"}
{"timestamp": 1706028876.064768, "objects": [{"color": "cv_", "id_name": "hand", "shape": "CVCylinder", "id_string": "ob382", "world_size": [0.12, 0.005, 0.12], "id": 382, "camera_size": [48, 7], "camera_position": [246, 508], "world_position": [0.005096351138130922, 0.6641752495048431, -0.17410860034507328], "world_orientation": [-7.16425941211498e-06, -0.0005550056733980954, 0.9999998459586762, -0.0007627189128975196, -0.9999995551112393, -0.0005550109762927721, 0.9999997091042243, -0.0007627227716502295, 6.74094290131405e-06], "world_rotation": [0.0, 1.0, 0.0, 0.0]}, {"color": "CVRed", "id_name": "object162069112624856", "shape": "CVBox", "id_string": "ob771", "world_size": [0.09, 0.09, 0.09], "id": 771, "camera_size": [37, 37], "camera_position": [256, 254], "world_position": [0.705, 0.6448569696296074, -0.15], "world_orientation": [1.0, -4.331917303826236e-17, -1.1712398707441946e-17, 4.331917303826236e-17, 1.0, -5.775889738434995e-17, 1.1712398707441946e-17, 5.775889738434995e-17, 1.0], "world_rotation": [-0.7896765794068324, 0.16013129347666225, -0.5922574345551229, -7.314247236221149e-17]}], "source": "action wait"}
{"timestamp": 1706028876.099596, "objects": [{"color": "cv_", "id_name": "hand", "shape": "CVCylinder", "id_string": "ob382", "world_size": [0.12, 0.005, 0.12], "id": 382, "camera_size": [48, 7], "camera_position": [246, 508], "world_position": [0.004363300546618391, 0.6641202067844578, -0.1741084597108715], "world_orientation": [-6.118408380456941e-06, -0.0008371330039466848, 0.9999996495853881, -0.0007628064810927325, -0.9999993586633943, -0.0008371374275688091, 0.9999997090443765, -0.0007628113357431781, 5.479833975914212e-06], "world_rotation": [0.0, 1.0, 0.0, 0.0]}, {"color": "CVRed", "id_name": "object162069112624856", "shape": "CVBox", "id_string": "ob771", "world_size": [0.09, 0.09, 0.09], "id": 771, "camera_size": [37, 37], "camera_position": [256, 254], "world_position": [0.705, 0.6448569696296074, -0.15], "world_orientation": [1.0, -4.331917303826236e-17, -1.1712398707441946e-17, 4.331917303826236e-17, 1.0, -5.775889738434995e-17, 1.1712398707441946e-17, 5.775889738434995e-17, 1.0], "world_rotation": [-0.7896765794068324, 0.16013129347666225, -0.5922574345551229, -7.314247236221149e-17]}], "source": "action wait"}
{"timestamp": 1706028876.135369, "objects": [{"color": "cv_", "id_name": "hand", "shape": "CVCylinder", "id_string": "ob382", "world_size": [0.12, 0.005, 0.12], "id": 382, "camera_size": [48, 7], "camera_position": [246, 508], "world_position": [0.003846675107643452, 0.6640817616008817, -0.17410835422383697], "world_orientation": [-5.419658275110705e-06, -0.001036478744884036, 0.9999994628410752, -0.0007628794025504175, -0.9999991718590986, -0.0010364825778346224, 0.99999970899278, -0.0007628846101446521, 4.628945501580374e-06], "world_rotation": [0.0, 1.0, 0.0, 0.0]}, {"color": "CVRed", "id_name": "object162069112624856", "shape": "CVBox", "id_string": "ob771", "world_size": [0.09, 0.09, 0.09], "id": 771, "camera_size": [37, 37], "camera_position": [256, 254], "world_position": [0.705, 0.6448569696296074, -0.15], "world_orientation": [1.0, -4.331917303826236e-17, -1.1712398707441946e-17, 4.331917303826236e-17, 1.0, -5.775889738434995e-17, 1.1712398707441946e-17, 5.775889738434995e-17, 1.0], "world_rotation": [-0.7896765794068324, 0.16013129347666225, -0.5922574345551229, -7.314247236221149e-17]}], "source": "action wait"}
{"timestamp": 1706028876.16919, "objects": [{"color": "cv_", "id_name": "hand", "shape": "CVCylinder", "id_string": "ob382", "world_size": [0.12, 0.005, 0.12], "id": 382, "camera_size": [48, 7], "camera_position": [246, 508], "world_position": [0.003482556369791297, 0.6640549735348285, -0.17410827605191678], "world_orientation": [-4.9533938502910645e-06, -0.001177327080467542, 0.9999993069379646, -0.0007629380063510452, -0.9999990159087421, -0.0011773305169654848, 0.9999997089504888, -0.0007629433093697593, 4.05516140046817e-06], "world_rotation": [0.0, 1.0, 0.0, 0.0]}, {"color": "CVRed", "id_name": "object162069112624856", "shape": "CVBox", "id_string": "ob771", "world_size": [0.09, 0.09, 0.09], "id": 771, "camera_size": [37, 37], "camera_position": [256, 254], "world_position": [0.705, 0.6448569696296074, -0.15], "world_orientation": [1.0, -4.331917303826236e-17, -1.1712398707441946e-17, 4.331917303826236e-17, 1.0, -5.775889738434995e-17, 1.1712398707441946e-17, 5.775889738434995e-17, 1.0], "world_rotation": [-0.7896765794068324, 0.16013129347666225, -0.5922574345551229, -7.314247236221149e-17]}], "source": "action wait"}
{"timestamp": 1706028876.203739, "objects": [{"color": "cv_", "id_name": "hand", "shape": "CVCylinder", "id_string": "ob382", "world_size": [0.12, 0.005, 0.12], "id": 382, "camera_size": [48, 7], "camera_position": [246, 508], "world_position": [0.003225908302606123, 0.6640363316255329, -0.1741082186326489], "world_orientation": [-4.642728022623785e-06, -0.0012768403674459205, 0.9999991848282284, -0.0007629839252692256, -0.9999988937624427, -0.0012768435381304694, 0.9999997089169451, -0.000762989231343926, 3.6685142115314815e-06], "world_rotation": [0.0, 1.0, 0.0, 0.0]}, {"color": "CVRed", "id_name": "object162069112624856", "shape": "CVBox", "id_string": "ob771", "world_size": [0.09, 0.09, 0.09], "id": 771, "camera_size": [37, 37], "camera_position": [256, 254], "world_position": [0.705, 0.6448569696296074, -0.15], "world_orientation": [1.0, -4.331917303826236e-17, -1.1712398707441946e-17, 4.331917303826236e-17, 1.0, -5.775889738434995e-17, 1.1712398707441946e-17, 5.775889738434995e-17, 1.0], "world_rotation": [-0.7896765794068324, 0.16013129347666225, -0.5922574345551229, -7.314247236221149e-17]}], "source": "action wait"}
{"timestamp": 1706028877.946664, "objects": [{"color": "CVRed", "id_name": "object162069112624856", "shape": "CVBox", "id_string": "ob771", "world_size": [0.09, 0.09, 0.09], "id": 771, "camera_size": [37, 37], "camera_position": [256, 254], "world_position": [0.705, 0.6448569696296074, -0.15], "world_orientation": [1.0, -4.331917303826236e-17, -1.1712398707441946e-17, 4.331917303826236e-17, 1.0, -5.775889738434995e-17, 1.1712398707441946e-17, 5.775889738434995e-17, 1.0], "world_rotation": [-0.7896765794068324, 0.16013129347666225, -0.5922574345551229, -7.314247236221149e-17]}], "source": "action wait"}
{"timestamp": 1706028877.981163, "objects": [{"color": "cv_", "id_name": "hand", "shape": "CVCylinder", "id_string": "ob382", "world_size": [0.12, 0.005, 0.12], "id": 382, "camera_size": [51, 11], "camera_position": [246, 506], "world_position": [0.035439876920691823, 0.7201688607765886, -0.17412270261289484], "world_orientation": [0.0001584638091359875, 0.19403268463457646, 0.9809950520684191, -0.0007077653673723737, -0.9809947969175637, 0.1940327484958476, 0.9999997369786685, -0.0007250614918417501, -1.8122557939074506e-05], "world_rotation": [0.0, 1.0, 0.0, 0.0]}, {"color": "CVRed", "id_name": "object162069112624856", "shape": "CVBox", "id_string": "ob771", "world_size": [0.09, 0.09, 0.09], "id": 771, "camera_size": [37, 37], "camera_position": [256, 254], "world_position": [0.705, 0.6448569696296074, -0.15], "world_orientation": [1.0, -4.331917303826236e-17, -1.1712398707441946e-17, 4.331917303826236e-17, 1.0, -5.775889738434995e-17, 1.1712398707441946e-17, 5.775889738434995e-17, 1.0], "world_rotation": [-0.7896765794068324, 0.16013129347666225, -0.5922574345551229, -7.314247236221149e-17]}], "source": "action wait"}
{"timestamp": 1706028878.014743, "objects": [{"color": "cv_", "id_name": "hand", "shape": "CVCylinder", "id_string": "ob382", "world_size": [0.12, 0.005, 0.12], "id": 382, "camera_size": [52, 21], "camera_position": [245, 501], "world_position": [0.08355147137163105, 0.7737461097989895, -0.17412462173790702], "world_orientation": [0.000258472508997046, 0.2990788102880284, 0.9542283785492127, -0.00070620649433014, -0.9542281178818596, 0.2990789198790709, 0.9999997172321349, -0.000751185956815082, -3.5430337642058916e-05], "world_rotation": [0.0, 1.0, 0.0, 0.0]}, {"color": "CVRed", "id_name": "object162069112624856", "shape": "CVBox", "id_string": "ob771", "world_size": [0.09, 0.09, 0.09], "id": 771, "camera_size": [37, 37], "camera_position": [256, 254], "world_position": [0.705, 0.6448569696296074, -0.15], "world_orientation": [1.0, -4.331917303826236e-17, -1.1712398707441946e-17, 4.331917303826236e-17, 1.0, -5.775889738434995e-17, 1.1712398707441946e-17, 5.775889738434995e-17, 1.0], "world_rotation": [-0.7896765794068324, 0.16013129347666225, -0.5922574345551229, -7.314247236221149e-17]}], "source": "action wait"}
{"timestamp": 1706028878.051528, "objects": [{"color": "cv_", "id_name": "hand", "shape": "CVCylinder", "id_string": "ob382", "world_size": [0.12, 0.005, 0.12], "id": 382, "camera_size": [54, 38], "camera_position": [245, 492], "world_position": [0.139912822582498, 0.8061601194556228, -0.1741204711829123], "world_orientation": [0.0002908712245200785, 0.34026544880320675, 0.9403293783269153, -0.0007117522643031951, -0.940329109479742, 0.3402655716844562, 0.9999997044012789, -0.0007682550277130972, -3.132997587595553e-05], "world_rotation": [0.0, 1.0, 0.0, 0.0]}, {"color": "CVRed", "id_name": "object162069112624856", "shape": "CVBox", "id_string": "ob771", "world_size": [0.09, 0.09, 0.09], "id": 771, "camera_size": [37, 37], "camera_position": [256, 254], "world_position": [0.705, 0.6448569696296074, -0.15], "world_orientation": [1.0, -4.331917303826236e-17, -1.1712398707441946e-17, 4.331917303826236e-17, 1.0, -5.775889738434995e-17, 1.1712398707441946e-17, 5.775889738434995e-17, 1.0], "world_rotation": [-0.7896765794068324, 0.16013129347666225, -0.5922574345551229, -7.314247236221149e-17]}], "source": "action wait"}
{"timestamp": 1706028878.080208, "objects": [{"color": "cv_", "id_name": "hand", "shape": "CVCylinder", "id_string": "ob382", "world_size": [0.12, 0.005, 0.12], "id": 382, "camera_size": [55, 59], "camera_position": [245, 480], "world_position": [0.2008474968763529, 0.8206761094230396, -0.17411715411606773], "world_orientation": [0.00028958375713157374, 0.34129694454366427, 0.9399554839386846, -0.0007211934316478065, -0.9399552076270897, 0.34129706640220153, 0.9999996980105953, -0.0007767238078448702, -2.6054645913218387e-05], "world_rotation": [0.0, 1.0, 0.0, 0.0]}, {"color": "CVRed", "id_name": "object162069112624856", "shape": "CVBox", "id_string": "ob771", "world_size": [0.09, 0.09, 0.09], "id": 771, "camera_size": [37, 37], "camera_position": [256, 254], "world_position": [0.705, 0.6448569696296074, -0.15], "world_orientation": [1.0, -4.331917303826236e-17, -1.1712398707441946e-17, 4.331917303826236e-17, 1.0, -5.775889738434995e-17, 1.1712398707441946e-17, 5.775889738434995e-17, 1.0], "world_rotation": [-0.7896765794068324, 0.16013129347666225, -0.5922574345551229, -7.314247236221149e-17]}], "source": "action wait"}
{"timestamp": 1706028878.112304, "objects": [{"color": "cv_", "id_name": "hand", "shape": "CVCylinder", "id_string": "ob382", "world_size": [0.12, 0.005, 0.12], "id": 382, "camera_size": [55, 58], "camera_position": [245, 451], "world_position": [0.26444035336609295, 0.8200665429084425, -0.1741144539629035], "world_orientation": [0.0002647797319925673, 0.31408458977854686, 0.9493949654149929, -0.000734265630867745, -0.9493946817000046, 0.3140847006998758, 0.999999695372792, -0.0007802713560976358, -2.0758949915654823e-05], "world_rotation": [0.0, 1.0, 0.0, 0.0]}, {"color": "CVRed", "id_name": "object162069112624856", "shape": "CVBox", "id_string": "ob771", "world_size": [0.09, 0.09, 0.09], "id": 771, "camera_size": [37, 37], "camera_position": [256, 254], "world_position": [0.705, 0.6448569696296074, -0.15], "world_orientation": [1.0, -4.331917303826236e-17, -1.1712398707441946e-17, 4.331917303826236e-17, 1.0, -5.775889738434995e-17, 1.1712398707441946e-17, 5.775889738434995e-17, 1.0], "world_rotation": [-0.7896765794068324, 0.16013129347666225, -0.5922574345551229, -7.314247236221149e-17]}], "source": "action wait"}
{"timestamp": 1706028878.14125, "objects": [{"color": "cv_", "id_name": "hand", "shape": "CVCylinder", "id_string": "ob382", "world_size": [0.12, 0.005, 0.12], "id": 382, "camera_size": [54, 57], "camera_position": [245, 421], "world_position": [0.3286773588727826, 0.8065301297297843, -0.17411207143568397], "world_orientation": [0.00022315362106407104, 0.2663371377550832, 0.9638799091457873, -0.0007488021501454753, -0.9638796184147937, 0.266337230780625, 0.9999996947488542, -0.00078118946592349, -1.5659405704069468e-05], "world_rotation": [0.0, 1.0, 0.0, 0.0]}, {"color": "CVRed", "id_name": "object162069112624856", "shape": "CVBox", "id_string": "ob771", "world_size": [0.09, 0.09, 0.09], "id": 771, "camera_size": [37, 37], "camera_position": [256, 254], "world_position": [0.705, 0.6448569696296074, -0.15], "world_orientation": [1.0, -4.331917303826236e-17, -1.1712398707441946e-17, 4.331917303826236e-17, 1.0, -5.775889738434995e-17, 1.1712398707441946e-17, 5.775889738434995e-17, 1.0], "world_rotation": [-0.7896765794068324, 0.16013129347666225, -0.5922574345551229, -7.314247236221149e-17]}], "source": "action wait"}
{"timestamp": 1706028878.17223, "objects": [{"color": "cv_", "id_name": "hand", "shape": "CVCylinder", "id_string": "ob382", "world_size": [0.12, 0.005, 0.12], "id": 382, "camera_size": [53, 54], "camera_position": [245, 390], "world_position": [0.391768747257156, 0.7818497023286577, -0.1741098122447207], "world_orientation": [0.00016934718308520515, 0.2033750986227423, 0.9791008837610767, -0.0007623323532254754, -0.9791005870425498, 0.20337516884398132, 0.999999695085411, -0.0007808412927162216, -1.0768508851757626e-05], "world_rotation": [0.0, 1.0, 0.0, 0.0]}, {"color": "CVRed", "id_name": "object162069112624856", "shape": "CVBox", "id_string": "ob771", "world_size": [0.09, 0.09, 0.09], "id": 771, "camera_size": [37, 37], "camera_position": [256, 254], "world_position": [0.705, 0.6448569696296074, -0.15], "world_orientation": [1.0, -4.331917303826236e-17, -1.1712398707441946e-17, 4.331917303826236e-17, 1.0, -5.775889738434995e-17, 1.1712398707441946e-17, 5.775889738434995e-17, 1.0], "world_rotation": [-0.7896765794068324, 0.16013129347666225, -0.5922574345551229, -7.314247236221149e-17]}], "source": "action wait"}
{"timestamp": 1706028878.206904, "objects": [{"color": "cv_", "id_name": "hand", "shape": "CVCylinder", "id_string": "ob382", "world_size": [0.12, 0.005, 0.12], "id": 382, "camera_size": [52, 52], "camera_position": [245, 365], "world_position": [0.44401504677786585, 0.7535519709598152, -0.1741031830557511], "world_orientation": [0.00010720547231379143, 0.1434608000901897, 0.9896559944467923, -0.0007677369978426504, -0.9896556966646141, 0.14346084008948096, 0.9999996995433994, -0.0007751753091941911, 4.043657580795417e-06], "world_rotation": [0.0, 1.0, 0.0, 0.0]}, {"color": "CVRed", "id_name": "object162069112624856", "shape": "CVBox", "id_string": "ob771", "world_size": [0.09, 0.09, 0.09], "id": 771, "camera_size": [37, 37], "camera_position": [256, 254], "world_position": [0.705, 0.6448569696296074, -0.15], "world_orientation": [1.0, -4.331917303826236e-17, -1.1712398707441946e-17, 4.331917303826236e-17, 1.0, -5.775889738434995e-17, 1.1712398707441946e-17, 5.775889738434995e-17, 1.0], "world_rotation": [-0.7896765794068324, 0.16013129347666225, -0.5922574345551229, -7.314247236221149e-17]}], "source": "action wait"}
{"timestamp": 1706028878.243714, "objects": [{"color": "cv_", "id_name": "hand", "shape": "CVCylinder", "id_string": "ob382", "world_size": [0.12, 0.005, 0.12], "id": 382, "camera_size": [51, 51], "camera_position": [246, 349], "world_position": [0.47948650900673356, 0.730298780445975, -0.17409840892530537], "world_orientation": [6.306477450705746e-05, 0.10083946980458833, 0.994902707480668, -0.0007666406617352315, -0.9949024122126651, 0.10083948847309897, 0.9999997041424212, -0.0007690922896274397, 1.4564341577699388e-05], "world_rotation": [0.0, 1.0, 0.0, 0.0]}, {"color": "CVRed", "id_name": "object162069112624856", "shape": "CVBox", "id_string": "ob771", "world_size": [0.09, 0.09, 0.09], "id": 771, "camera_size": [37, 37], "camera_position": [256, 254], "world_position": [0.705, 0.6448569696296074, -0.15], "world_orientation": [1.0, -4.331917303826236e-17, -1.1712398707441946e-17, 4.331917303826236e-17, 1.0, -5.775889738434995e-17, 1.1712398707441946e-17, 5.775889738434995e-17, 1.0], "world_rotation": [-0.7896765794068324, 0.16013129347666225, -0.5922574345551229, -7.314247236221149e-17]}], "source": "action wait"}
{"timestamp": 1706028878.277086, "objects": [{"color": "cv_", "id_name": "hand", "shape": "CVCylinder", "id_string": "ob382", "world_size": [0.12, 0.005, 0.12], "id": 382, "camera_size": [50, 51], "camera_position": [245, 338], "world_position": [0.5036366105729282, 0.7123495796957081, -0.17409668175129625], "world_orientation": [3.563462114480328e-05, 0.0706731301702351, 0.9974995275197451, -0.0007644595886568203, -0.9974992347592097, 0.07067313673758131, 0.9999997071658128, -0.0007650664889462132, 1.848124469654122e-05], "world_rotation": [0.0, 1.0, 0.0, 0.0]}, {"color": "CVRed", "id_name": "object162069112624856", "shape": "CVBox", "id_string": "ob771", "world_size": [0.09, 0.09, 0.09], "id": 771, "camera_size": [37, 37], "camera_position": [256, 254], "world_position": [0.705, 0.6448569696296074, -0.15], "world_orientation": [1.0, -4.331917303826236e-17, -1.1712398707441946e-17, 4.331917303826236e-17, 1.0, -5.775889738434995e-17, 1.1712398707441946e-17, 5.775889738434995e-17, 1.0], "world_rotation": [-0.7896765794068324, 0.16013129347666225, -0.5922574345551229, -7.314247236221149e-17]}], "source": "action wait"}
{"timestamp": 1706028878.311329, "objects": [{"color": "cv_", "id_name": "hand", "shape": "CVCylinder", "id_string": "ob382", "world_size": [0.12, 0.005, 0.12], "id": 382, "camera_size": [49, 50], "camera_position": [246, 330], "world_position": [0.5201951075988172, 0.6989669065775381, -0.17409659514404813], "world_orientation": [1.8761305615936718e-05, 0.0493643359330083, 0.9987808378147363, -0.0007627115027033314, -0.9987805467742882, 0.04936433587538352, 0.9999997089595463, -0.0007627077730732106, 1.891231975851398e-05], "world_rotation": [0.0, 1.0, 0.0, 0.0]}, {"color": "CVRed", "id_name": "object162069112624856", "shape": "CVBox", "id_string": "ob771", "world_size": [0.09, 0.09, 0.09], "id": 771, "camera_size": [37, 37], "camera_position": [256, 254], "world_position": [0.705, 0.6448569696296074, -0.15], "world_orientation": [1.0, -4.331917303826236e-17, -1.1712398707441946e-17, 4.331917303826236e-17, 1.0, -5.775889738434995e-17, 1.1712398707441946e-17, 5.775889738434995e-17, 1.0], "world_rotation": [-0.7896765794068324, 0.16013129347666225, -0.5922574345551229, -7.314247236221149e-17]}], "source": "action wait"}
{"timestamp": 1706028878.350631, "objects": [{"color": "cv_", "id_name": "hand", "shape": "CVCylinder", "id_string": "ob382", "world_size": [0.12, 0.005, 0.12], "id": 382, "camera_size": [49, 49], "camera_position": [246, 325], "world_position": [0.531622768654642, 0.6891943463967485, -0.17409730961949568], "world_orientation": [8.504344692185055e-06, 0.03432682606315768, 0.9994106608097124, -0.0007616715014547648, -0.999410370722671, 0.03432682258085539, 0.9999997098920579, -0.0007615145457205901, 1.764643486650831e-05], "world_rotation": [0.0, 1.0, 0.0, 0.0]}, {"color": "CVRed", "id_name": "object162069112624856", "shape": "CVBox", "id_string": "ob771", "world_size": [0.09, 0.09, 0.09], "id": 771, "camera_size": [37, 37], "camera_position": [256, 254], "world_position": [0.705, 0.6448569696296074, -0.15], "world_orientation": [1.0, -4.331917303826236e-17, -1.1712398707441946e-17, 4.331917303826236e-17, 1.0, -5.775889738434995e-17, 1.1712398707441946e-17, 5.775889738434995e-17, 1.0], "world_rotation": [-0.7896765794068324, 0.16013129347666225, -0.5922574345551229, -7.314247236221149e-17]}], "source": "action wait"}
{"timestamp": 1706028878.379406, "objects": [{"color": "cv_", "id_name": "hand", "shape": "CVCylinder", "id_string": "ob382", "world_size": [0.12, 0.005, 0.12], "id": 382, "camera_size": [49, 50], "camera_position": [246, 321], "world_position": [0.5395525118618, 0.6821505393608179, -0.17409834458332127], "world_orientation": [2.3819844988376297e-06, 0.02371986016861205, 0.9997186445335047, -0.0007612162870724166, -0.9997183548496877, 0.02371985510913469, 0.9999997102720034, -0.0007610586150364019, 1.567463026334527e-05], "world_rotation": [0.0, 1.0, 0.0, 0.0]}, {"color": "CVRed", "id_name": "object162069112624856", "shape": "CVBox", "id_string": "ob771", "world_size": [0.09, 0.09, 0.09], "id": 771, "camera_size": [37, 37], "camera_position": [256, 254], "world_position": [0.705, 0.6448569696296074, -0.15], "world_orientation": [1.0, -4.331917303826236e-17, -1.1712398707441946e-17, 4.331917303826236e-17, 1.0, -5.775889738434995e-17, 1.1712398707441946e-17, 5.775889738434995e-17, 1.0], "world_rotation": [-0.7896765794068324, 0.16013129347666225, -0.5922574345551229, -7.314247236221149e-17]}], "source": "action wait"}
