{"timestamp": 1706067948.339061, "objects": [{"color": "cv_", "id_name": "hand", "shape": "CVCylinder", "id_string": "ob383", "world_size": [0.12, 0.005, 0.12], "id": 383, "camera_size": [48, 50], "camera_position": [246, 426], "world_position": [0.26764451554013885, 0.6334703013847401, -0.17389260400847503], "world_orientation": [-0.000641549065911906, 0.19791547486641142, 0.9802188802625661, -0.0007473671040801016, -0.980218903124968, 0.197914990333973, 0.9999995149284864, -0.0006056111687280319, 0.0007767740369929938], "world_rotation": [0.0, 1.0, 0.0, 0.0]}, {"color": "CVGreen", "id_name": "object71718877758837", "shape": "CVCone", "id_string": "ob660", "world_size": [0.11, 0.11, 0.11], "id": 660, "camera_size": [45, 45], "camera_position": [256, 254], "world_position": [0.705, 0.654738849708696, -0.15], "world_orientation": [1.0, -5.1619362862653347e-17, 1.4541359828532488e-17, 5.1619362862653347e-17, 1.0, 2.3824321321224633e-17, -1.4541359828532488e-17, -2.3824321321224633e-17, 1.0], "world_rotation": [-0.4059884517598224, 0.2477982093873522, 0.8796416454796148, 5.868226354211375e-17]}], "source": "manual check"}
{"timestamp": 1706067949.355089, "objects": [{"color": "cv_", "id_name": "hand", "shape": "CVCylinder", "id_string": "ob383", "world_size": [0.12, 0.005, 0.12], "id": 383, "camera_size": [48, 50], "camera_position": [246, 426], "world_position": [0.26764451554013885, 0.6334703013847401, -0.17389260400847503], "world_orientation": [-0.000641549065911906, 0.19791547486641142, 0.9802188802625661, -0.0007473671040801016, -0.980218903124968, 0.197914990333973, 0.9999995149284864, -0.0006056111687280319, 0.0007767740369929938], "world_rotation": [0.0, 1.0, 0.0, 0.0]}, {"color": "CVGreen", "id_name": "object71718877758837", "shape": "CVCone", "id_string": "ob660", "world_size": [0.11, 0.11, 0.11], "id": 660, "camera_size": [45, 45], "camera_position": [256, 254], "world_position": [0.705, 0.6547388572526824, -0.15], "world_orientation": [1.0, -3.838362879530641e-17, 1.4813540171849057e-17, 3.838362879530641e-17, 1.0, 5.294293626938881e-18, -1.4813540171849057e-17, -5.294293626938881e-18, 1.0], "world_rotation": [-0.1276280613210114, 0.35710588544125776, 0.925303444577321, 4.1482206750932463e-17]}], "source": "manual check"}
{"timestamp": 1706067950.005444, "objects": [{"color": "cv_", "id_name": "hand", "shape": "CVCylinder", "id_string": "ob383", "world_size": [0.12, 0.005, 0.12], "id": 383, "camera_size": [48, 50], "camera_position": [246, 426], "world_position": [0.26764451554013885, 0.6334703013847401, -0.17389260400847503], "world_orientation": [-0.000641549065911906, 0.19791547486641142, 0.9802188802625661, -0.0007473671040801016, -0.980218903124968, 0.197914990333973, 0.9999995149284864, -0.0006056111687280319, 0.0007767740369929938], "world_rotation": [0.0, 1.0, 0.0, 0.0]}, {"color": "CVGreen", "id_name": "object71718877758837", "shape": "CVCone", "id_string": "ob660", "world_size": [0.11, 0.11, 0.11], "id": 660, "camera_size": [45, 45], "camera_position": [256, 254], "world_position": [0.705, 0.6547388572526824, -0.15], "world_orientation": [1.0, -3.838362879530641e-17, 1.4813540171849057e-17, 3.838362879530641e-17, 1.0, 5.294293626938881e-18, -1.4813540171849057e-17, -5.294293626938881e-18, 1.0], "world_rotation": [-0.1276280613210114, 0.35710588544125776, 0.925303444577321, 4.1482206750932463e-17]}], "source": "action wait"}
{"timestamp": 1706067950.039306, "objects": [{"color": "cv_", "id_name": "hand", "shape": "CVCylinder", "id_string": "ob383", "world_size": [0.12, 0.005, 0.12], "id": 383, "camera_size": [48, 50], "camera_position": [246, 444], "world_position": [0.22514739688914573, 0.6428711338956923, -0.1739726996249129], "world_orientation": [-0.000523707053273091, 0.08856503397295629, 0.9960702588112403, -0.0007615761829466581, -0.9960701418707614, 0.0885646231589077, 0.9999995728662288, -0.0007122014678336875, 0.0005890979793685063], "world_rotation": [0.0, 1.0, 0.0, 0.0]}, {"color": "CVGreen", "id_name": "object71718877758837", "shape": "CVCone", "id_string": "ob660", "world_size": [0.11, 0.11, 0.11], "id": 660, "camera_size": [45, 45], "camera_position": [256, 254], "world_position": [0.705, 0.6547388572526824, -0.15], "world_orientation": [1.0, -3.838362879530641e-17, 1.4813540171849057e-17, 3.838362879530641e-17, 1.0, 5.294293626938881e-18, -1.4813540171849057e-17, -5.294293626938881e-18, 1.0], "world_rotation": [-0.1276280613210114, 0.35710588544125776, 0.925303444577321, 4.1482206750932463e-17]}], "source": "action wait"}
{"timestamp": 1706067950.074556, "objects": [{"color": "cv_", "id_name": "hand", "shape": "CVCylinder", "id_string": "ob383", "world_size": [0.12, 0.005, 0.12], "id": 383, "camera_size": [48, 50], "camera_position": [246, 471], "world_position": [0.1639017287914396, 0.6600242846002065, -0.17403874837296202], "world_orientation": [-0.0003781910236059291, 0.06187083621764402, 0.9980840929487251, -0.0007686819885691927, -0.9980838874422532, 0.06187053221171183, 0.9999996330497077, -0.0007438103854192638, 0.0004250253644549742], "world_rotation": [0.0, 1.0, 0.0, 0.0]}, {"color": "CVGreen", "id_name": "object71718877758837", "shape": "CVCone", "id_string": "ob660", "world_size": [0.11, 0.11, 0.11], "id": 660, "camera_size": [45, 45], "camera_position": [256, 254], "world_position": [0.705, 0.6547388572526824, -0.15], "world_orientation": [1.0, -3.838362879530641e-17, 1.4813540171849057e-17, 3.838362879530641e-17, 1.0, 5.294293626938881e-18, -1.4813540171849057e-17, -5.294293626938881e-18, 1.0], "world_rotation": [-0.1276280613210114, 0.35710588544125776, 0.925303444577321, 4.1482206750932463e-17]}], "source": "action wait"}
{"timestamp": 1706067950.109234, "objects": [{"color": "cv_", "id_name": "hand", "shape": "CVCylinder", "id_string": "ob383", "world_size": [0.12, 0.005, 0.12], "id": 383, "camera_size": [49, 46], "camera_position": [246, 488], "world_position": [0.11787038763193844, 0.6676875581302784, -0.1740778047661261], "world_orientation": [-0.00025737065652622806, 0.04331338153480743, 0.9990615019809168, -0.0007697871358933092, -0.9990612476428109, 0.04331317220148493, 0.9999996705940011, -0.0007579171526257648, 0.0002904711331336555], "world_rotation": [0.0, 1.0, 0.0, 0.0]}, {"color": "CVGreen", "id_name": "object71718877758837", "shape": "CVCone", "id_string": "ob660", "world_size": [0.11, 0.11, 0.11], "id": 660, "camera_size": [45, 45], "camera_position": [256, 254], "world_position": [0.705, 0.6547388572526824, -0.15], "world_orientation": [1.0, -3.838362879530641e-17, 1.4813540171849057e-17, 3.838362879530641e-17, 1.0, 5.294293626938881e-18, -1.4813540171849057e-17, -5.294293626938881e-18, 1.0], "world_rotation": [-0.1276280613210114, 0.35710588544125776, 0.925303444577321, 4.1482206750932463e-17]}], "source": "action wait"}
{"timestamp": 1706067950.141997, "objects": [{"color": "cv_", "id_name": "hand", "shape": "CVCylinder", "id_string": "ob383", "world_size": [0.12, 0.005, 0.12], "id": 383, "camera_size": [49, 34], "camera_position": [246, 494], "world_position": [0.08448313061975131, 0.6707868119502377, -0.17409653108039155], "world_orientation": [-0.00017494467660312299, 0.030180979476184335, 0.9995444351664504, -0.0007681377419536207, -0.9995441596346153, 0.03018083671371775, 0.9999996896793366, -0.0007625078286929215, 0.000198048079182978], "world_rotation": [0.0, 1.0, 0.0, 0.0]}, {"color": "CVGreen", "id_name": "object71718877758837", "shape": "CVCone", "id_string": "ob660", "world_size": [0.11, 0.11, 0.11], "id": 660, "camera_size": [45, 45], "camera_position": [256, 254], "world_position": [0.705, 0.6547388572526824, -0.15], "world_orientation": [1.0, -3.838362879530641e-17, 1.4813540171849057e-17, 3.838362879530641e-17, 1.0, 5.294293626938881e-18, -1.4813540171849057e-17, -5.294293626938881e-18, 1.0], "world_rotation": [-0.1276280613210114, 0.35710588544125776, 0.925303444577321, 4.1482206750932463e-17]}], "source": "action wait"}
{"timestamp": 1706067950.1721, "objects": [{"color": "cv_", "id_name": "hand", "shape": "CVCylinder", "id_string": "ob383", "world_size": [0.12, 0.005, 0.12], "id": 383, "camera_size": [49, 25], "camera_position": [246, 499], "world_position": [0.06057139850059501, 0.6718147200518455, -0.1741050842388441], "world_orientation": [-0.00011909994463312016, 0.020891811773975394, 0.9997817351882381, -0.0007661270139734266, -0.9997814507740814, 0.02089171456514668, 0.9999996994322556, -0.0007634715933572969, 0.0001350796968036761], "world_rotation": [0.0, 1.0, 0.0, 0.0]}, {"color": "CVGreen", "id_name": "object71718877758837", "shape": "CVCone", "id_string": "ob660", "world_size": [0.11, 0.11, 0.11], "id": 660, "camera_size": [45, 45], "camera_position": [256, 254], "world_position": [0.705, 0.6547388572526824, -0.15], "world_orientation": [1.0, -3.838362879530641e-17, 1.4813540171849057e-17, 3.838362879530641e-17, 1.0, 5.294293626938881e-18, -1.4813540171849057e-17, -5.294293626938881e-18, 1.0], "world_rotation": [-0.1276280613210114, 0.35710588544125776, 0.925303444577321, 4.1482206750932463e-17]}], "source": "action wait"}
{"timestamp": 1706067950.20331, "objects": [{"color": "cv_", "id_name": "hand", "shape": "CVCylinder", "id_string": "ob383", "world_size": [0.12, 0.005, 0.12], "id": 383, "camera_size": [49, 19], "camera_position": [246, 502], "world_position": [0.04356470146120441, 0.6719702551242552, -0.1741086958958327], "world_orientation": [-8.139269879093764e-05, 0.014322988312123022, 0.9998974174289279, -0.0007645365885354876, -0.9998971294040977, 0.014322921952243337, 0.9999997044294731, -0.0007632923791346546, 9.233477449766461e-05], "world_rotation": [0.0, 1.0, 0.0, 0.0]}, {"color": "CVGreen", "id_name": "object71718877758837", "shape": "CVCone", "id_string": "ob660", "world_size": [0.11, 0.11, 0.11], "id": 660, "camera_size": [45, 45], "camera_position": [256, 254], "world_position": [0.705, 0.6547388572526824, -0.15], "world_orientation": [1.0, -3.838362879530641e-17, 1.4813540171849057e-17, 3.838362879530641e-17, 1.0, 5.294293626938881e-18, -1.4813540171849057e-17, -5.294293626938881e-18, 1.0], "world_rotation": [-0.1276280613210114, 0.35710588544125776, 0.925303444577321, 4.1482206750932463e-17]}], "source": "action wait"}
{"timestamp": 1706067950.236143, "objects": [{"color": "cv_", "id_name": "hand", "shape": "CVCylinder", "id_string": "ob383", "world_size": [0.12, 0.005, 0.12], "id": 383, "camera_size": [49, 15], "camera_position": [246, 504], "world_position": [0.0315165717822526, 0.6718051329143897, -0.17410998506338835], "world_orientation": [-5.599144782137653e-05, 0.009678710646254685, 0.9999531586155342, -0.0007634923504586008, -0.9999528691500617, 0.009678665093426615, 0.9999997069721515, -0.0007629146649486945, 6.337843043793686e-05], "world_rotation": [0.0, 1.0, 0.0, 0.0]}, {"color": "CVGreen", "id_name": "object71718877758837", "shape": "CVCone", "id_string": "ob660", "world_size": [0.11, 0.11, 0.11], "id": 660, "camera_size": [45, 45], "camera_position": [256, 254], "world_position": [0.705, 0.6547388572526824, -0.15], "world_orientation": [1.0, -3.838362879530641e-17, 1.4813540171849057e-17, 3.838362879530641e-17, 1.0, 5.294293626938881e-18, -1.4813540171849057e-17, -5.294293626938881e-18, 1.0], "world_rotation": [-0.1276280613210114, 0.35710588544125776, 0.925303444577321, 4.1482206750932463e-17]}], "source": "action wait"}
{"timestamp": 1706067950.26711, "objects": [{"color": "cv_", "id_name": "hand", "shape": "CVCylinder", "id_string": "ob383", "world_size": [0.12, 0.005, 0.12], "id": 383, "camera_size": [49, 12], "camera_position": [246, 505], "world_position": [0.023000637942033563, 0.6715586881398659, -0.17411023655890032], "world_orientation": [-3.891410220983276e-05, 0.006395558141060432, 0.9999795474517252, -0.00076289790714765, -0.999979257398032, 0.00639552659787343, 0.9999997082361954, -0.0007626334277660253, 4.379245295132239e-05], "world_rotation": [0.0, 1.0, 0.0, 0.0]}, {"color": "CVGreen", "id_name": "object71718877758837", "shape": "CVCone", "id_string": "ob660", "world_size": [0.11, 0.11, 0.11], "id": 660, "camera_size": [45, 45], "camera_position": [256, 254], "world_position": [0.705, 0.6547388572526824, -0.15], "world_orientation": [1.0, -3.838362879530641e-17, 1.4813540171849057e-17, 3.838362879530641e-17, 1.0, 5.294293626938881e-18, -1.4813540171849057e-17, -5.294293626938881e-18, 1.0], "world_rotation": [-0.1276280613210114, 0.35710588544125776, 0.925303444577321, 4.1482206750932463e-17]}], "source": "action wait"}
{"timestamp": 1706067950.303311, "objects": [{"color": "cv_", "id_name": "hand", "shape": "CVCylinder", "id_string": "ob383", "world_size": [0.12, 0.005, 0.12], "id": 383, "camera_size": [49, 10], "camera_position": [246, 506], "world_position": [0.016989350050340482, 0.6713249258643071, -0.17411006643649782], "world_orientation": [-2.7426591436752198e-05, 0.004074858014172995, 0.9999916973555064, -0.0007626140514372156, -0.9999914070291174, 0.004074835915046965, 0.999999708833753, -0.0007624959608644148, 3.053389974043616e-05], "world_rotation": [0.0, 1.0, 0.0, 0.0]}, {"color": "CVGreen", "id_name": "object71718877758837", "shape": "CVCone", "id_string": "ob660", "world_size": [0.11, 0.11, 0.11], "id": 660, "camera_size": [45, 45], "camera_position": [256, 254], "world_position": [0.705, 0.6547388572526824, -0.15], "world_orientation": [1.0, -3.838362879530641e-17, 1.4813540171849057e-17, 3.838362879530641e-17, 1.0, 5.294293626938881e-18, -1.4813540171849057e-17, -5.294293626938881e-18, 1.0], "world_rotation": [-0.1276280613210114, 0.35710588544125776, 0.925303444577321, 4.1482206750932463e-17]}], "source": "action wait"}
{"timestamp": 1706067950.338815, "objects": [{"color": "cv_", "id_name": "hand", "shape": "CVCylinder", "id_string": "ob383", "world_size": [0.12, 0.005, 0.12], "id": 383, "camera_size": [49, 9], "camera_position": [246, 507], "world_position": [0.012749365472204061, 0.6711333781956075, -0.17410976034109138], "world_orientation": [-1.9717681495698904e-05, 0.0024346084595108512, 0.9999970361420388, -0.0007625218204462634, -0.9999967456540924, 0.0024345927170778352, 0.999999709085801, -0.000762471555916491, 2.157405940252806e-05], "world_rotation": [0.0, 1.0, 0.0, 0.0]}, {"color": "CVGreen", "id_name": "object71718877758837", "shape": "CVCone", "id_string": "ob660", "world_size": [0.11, 0.11, 0.11], "id": 660, "camera_size": [45, 45], "camera_position": [256, 254], "world_position": [0.705, 0.6547388572526824, -0.15], "world_orientation": [1.0, -3.838362879530641e-17, 1.4813540171849057e-17, 3.838362879530641e-17, 1.0, 5.294293626938881e-18, -1.4813540171849057e-17, -5.294293626938881e-18, 1.0], "world_rotation": [-0.1276280613210114, 0.35710588544125776, 0.925303444577321, 4.1482206750932463e-17]}], "source": "action wait"}
{"timestamp": 1706067950.37362, "objects": [{"color": "cv_", "id_name": "hand", "shape": "CVCylinder", "id_string": "ob383", "world_size": [0.12, 0.005, 0.12], "id": 383, "camera_size": [49, 8], "camera_position": [246, 507], "world_position": [0.009760093479357006, 0.6709870588087447, -0.17410944320001215], "world_orientation": [-1.4535840399616482e-05, 0.001275380028299664, 0.9999991865969157, -0.0007625357743812997, -0.9999988959864878, 0.0012753685735535233, 0.9999997091639088, -0.0007625166155786904, 1.550834724972678e-05], "world_rotation": [0.0, 1.0, 0.0, 0.0]}, {"color": "CVGreen", "id_name": "object71718877758837", "shape": "CVCone", "id_string": "ob660", "world_size": [0.11, 0.11, 0.11], "id": 660, "camera_size": [45, 45], "camera_position": [256, 254], "world_position": [0.705, 0.6547388572526824, -0.15], "world_orientation": [1.0, -3.838362879530641e-17, 1.4813540171849057e-17, 3.838362879530641e-17, 1.0, 5.294293626938881e-18, -1.4813540171849057e-17, -5.294293626938881e-18, 1.0], "world_rotation": [-0.1276280613210114, 0.35710588544125776, 0.925303444577321, 4.1482206750932463e-17]}], "source": "action wait"}
{"timestamp": 1706067950.403846, "objects": [{"color": "cv_", "id_name": "hand", "shape": "CVCylinder", "id_string": "ob383", "world_size": [0.12, 0.005, 0.12], "id": 383, "camera_size": [49, 7], "camera_position": [246, 508], "world_position": [0.007653123708389588, 0.6708795975876461, -0.17410916349543698], "world_orientation": [-1.1063373107211667e-05, 0.0004561607303229254, 0.9999998958974896, -0.0007626007717414611, -0.9999996051825566, 0.000456152160772758, 0.9999997091587902, -0.0007625956457716077, 1.1411237264546024e-05], "world_rotation": [0.0, 1.0, 0.0, 0.0]}, {"color": "CVGreen", "id_name": "object71718877758837", "shape": "CVCone", "id_string": "ob660", "world_size": [0.11, 0.11, 0.11], "id": 660, "camera_size": [45, 45], "camera_position": [256, 254], "world_position": [0.705, 0.6547388572526824, -0.15], "world_orientation": [1.0, -3.838362879530641e-17, 1.4813540171849057e-17, 3.838362879530641e-17, 1.0, 5.294293626938881e-18, -1.4813540171849057e-17, -5.294293626938881e-18, 1.0], "world_rotation": [-0.1276280613210114, 0.35710588544125776, 0.925303444577321, 4.1482206750932463e-17]}], "source": "action wait"}
{"timestamp": 1706067950.436055, "objects": [{"color": "cv_", "id_name": "hand", "shape": "CVCylinder", "id_string": "ob383", "world_size": [0.12, 0.005, 0.12], "id": 383, "camera_size": [49, 7], "camera_position": [246, 508], "world_position": [0.006168224271260699, 0.6708025299059228, -0.17410893467916932], "world_orientation": [-8.734557900282072e-06, -0.0001227431181384871, 0.9999999924289172, -0.0007626839554287884, -0.9999997016227977, -0.00012274974415090495, 0.9999997091184036, -0.0007626850218195913, 8.640941087609368e-06], "world_rotation": [0.0, 1.0, 0.0, 0.0]}, {"color": "CVGreen", "id_name": "object71718877758837", "shape": "CVCone", "id_string": "ob660", "world_size": [0.11, 0.11, 0.11], "id": 660, "camera_size": [45, 45], "camera_position": [256, 254], "world_position": [0.705, 0.6547388572526824, -0.15], "world_orientation": [1.0, -3.838362879530641e-17, 1.4813540171849057e-17, 3.838362879530641e-17, 1.0, 5.294293626938881e-18, -1.4813540171849057e-17, -5.294293626938881e-18, 1.0], "world_rotation": [-0.1276280613210114, 0.35710588544125776, 0.925303444577321, 4.1482206750932463e-17]}], "source": "action wait"}
{"timestamp": 1706067950.46571, "objects": [{"color": "CVGreen", "id_name": "object71718877758837", "shape": "CVCone", "id_string": "ob660", "world_size": [0.11, 0.11, 0.11], "id": 660, "camera_size": [45, 45], "camera_position": [256, 254], "world_position": [0.705, 0.6547388572526824, -0.15], "world_orientation": [1.0, -3.838362879530641e-17, 1.4813540171849057e-17, 3.838362879530641e-17, 1.0, 5.294293626938881e-18, -1.4813540171849057e-17, -5.294293626938881e-18, 1.0], "world_rotation": [-0.1276280613210114, 0.35710588544125776, 0.925303444577321, 4.1482206750932463e-17]}], "source": "action wait"}
{"timestamp": 1706067951.618602, "objects": [{"color": "CVGreen", "id_name": "object71718877758837", "shape": "CVCone", "id_string": "ob660", "world_size": [0.11, 0.11, 0.11], "id": 660, "camera_size": [45, 45], "camera_position": [256, 254], "world_position": [0.705, 0.6547388572526824, -0.15], "world_orientation": [1.0, -3.838362879530641e-17, 1.4813540171849057e-17, 3.838362879530641e-17, 1.0, 5.294293626938881e-18, -1.4813540171849057e-17, -5.294293626938881e-18, 1.0], "world_rotation": [-0.1276280613210114, 0.35710588544125776, 0.925303444577321, 4.1482206750932463e-17]}], "source": "action wait"}
{"timestamp": 1706067951.652315, "objects": [{"color": "cv_", "id_name": "hand", "shape": "CVCylinder", "id_string": "ob383", "world_size": [0.12, 0.005, 0.12], "id": 383, "camera_size": [51, 10], "camera_position": [246, 506], "world_position": [0.03548493973993258, 0.7265172152659578, -0.17412293338078116], "world_orientation": [0.00015799582017652348, 0.19316786657725743, 0.9811657099385972, -0.0007083220765664552, -0.9811654544317207, 0.19316793033428525, 0.9999997366585437, -0.0007255010587047656, -1.8194976321467593e-05], "world_rotation": [0.0, 1.0, 0.0, 0.0]}, {"color": "CVGreen", "id_name": "object71718877758837", "shape": "CVCone", "id_string": "ob660", "world_size": [0.11, 0.11, 0.11], "id": 660, "camera_size": [45, 45], "camera_position": [256, 254], "world_position": [0.705, 0.6547388572526824, -0.15], "world_orientation": [1.0, -3.838362879530641e-17, 1.4813540171849057e-17, 3.838362879530641e-17, 1.0, 5.294293626938881e-18, -1.4813540171849057e-17, -5.294293626938881e-18, 1.0], "world_rotation": [-0.1276280613210114, 0.35710588544125776, 0.925303444577321, 4.1482206750932463e-17]}], "source": "action wait"}
{"timestamp": 1706067951.686315, "objects": [{"color": "cv_", "id_name": "hand", "shape": "CVCylinder", "id_string": "ob383", "world_size": [0.12, 0.005, 0.12], "id": 383, "camera_size": [53, 21], "camera_position": [245, 501], "world_position": [0.08392836505569062, 0.7794770370733518, -0.1741248713528523], "world_orientation": [0.0002569641530938904, 0.29662966079337527, 0.9549925540584236, -0.0007069808979357812, -0.954992293036244, 0.296629769947972, 0.9999997170736771, -0.0007513847110075652, -3.5687281848708366e-05], "world_rotation": [0.0, 1.0, 0.0, 0.0]}, {"color": "CVGreen", "id_name": "object71718877758837", "shape": "CVCone", "id_string": "ob660", "world_size": [0.11, 0.11, 0.11], "id": 660, "camera_size": [45, 45], "camera_position": [256, 254], "world_position": [0.705, 0.6547388572526824, -0.15], "world_orientation": [1.0, -3.838362879530641e-17, 1.4813540171849057e-17, 3.838362879530641e-17, 1.0, 5.294293626938881e-18, -1.4813540171849057e-17, -5.294293626938881e-18, 1.0], "world_rotation": [-0.1276280613210114, 0.35710588544125776, 0.925303444577321, 4.1482206750932463e-17]}], "source": "action wait"}
{"timestamp": 1706067951.719061, "objects": [{"color": "cv_", "id_name": "hand", "shape": "CVCylinder", "id_string": "ob383", "world_size": [0.12, 0.005, 0.12], "id": 383, "camera_size": [55, 37], "camera_position": [245, 493], "world_position": [0.14081123560052325, 0.8113843007889987, -0.17412065584721428], "world_orientation": [0.0002882270530141988, 0.3365817931735381, 0.9416541899387756, -0.0007128879121342302, -0.9416539206152786, 0.3365819151123536, 0.9999997043579518, -0.0007683059029088313, -3.146504269986321e-05], "world_rotation": [0.0, 1.0, 0.0, 0.0]}, {"color": "CVGreen", "id_name": "object71718877758837", "shape": "CVCone", "id_string": "ob660", "world_size": [0.11, 0.11, 0.11], "id": 660, "camera_size": [45, 45], "camera_position": [256, 254], "world_position": [0.705, 0.6547388572526824, -0.15], "world_orientation": [1.0, -3.838362879530641e-17, 1.4813540171849057e-17, 3.838362879530641e-17, 1.0, 5.294293626938881e-18, -1.4813540171849057e-17, -5.294293626938881e-18, 1.0], "world_rotation": [-0.1276280613210114, 0.35710588544125776, 0.925303444577321, 4.1482206750932463e-17]}], "source": "action wait"}
{"timestamp": 1706067951.749865, "objects": [{"color": "cv_", "id_name": "hand", "shape": "CVCylinder", "id_string": "ob383", "world_size": [0.12, 0.005, 0.12], "id": 383, "camera_size": [55, 59], "camera_position": [245, 480], "world_position": [0.20224658083142769, 0.8254673426518376, -0.17411728978431215], "world_orientation": [0.0002861067440933144, 0.336718346444999, 0.9416053702641444, -0.0007225594267177124, -0.9416050933907433, 0.33671846698463803, 0.9999996980253575, -0.0007767032607976674, -2.6100552118606667e-05], "world_rotation": [0.0, 1.0, 0.0, 0.0]}, {"color": "CVGreen", "id_name": "object71718877758837", "shape": "CVCone", "id_string": "ob660", "world_size": [0.11, 0.11, 0.11], "id": 660, "camera_size": [45, 45], "camera_position": [256, 254], "world_position": [0.705, 0.6547388572526824, -0.15], "world_orientation": [1.0, -3.838362879530641e-17, 1.4813540171849057e-17, 3.838362879530641e-17, 1.0, 5.294293626938881e-18, -1.4813540171849057e-17, -5.294293626938881e-18, 1.0], "world_rotation": [-0.1276280613210114, 0.35710588544125776, 0.925303444577321, 4.1482206750932463e-17]}], "source": "action wait"}
{"timestamp": 1706067951.779473, "objects": [{"color": "cv_", "id_name": "hand", "shape": "CVCylinder", "id_string": "ob383", "world_size": [0.12, 0.005, 0.12], "id": 383, "camera_size": [55, 58], "camera_position": [245, 451], "world_position": [0.2663006265698684, 0.8244675562441103, -0.17411455331233225], "world_orientation": [0.00026067665719366634, 0.30882142430082915, 0.9511200029126122, -0.0007356825354273582, -0.9511197186168784, 0.30882153362315506, 0.9999996954093975, -0.0007802249402929471, -2.0740180415646898e-05], "world_rotation": [0.0, 1.0, 0.0, 0.0]}, {"color": "CVGreen", "id_name": "object71718877758837", "shape": "CVCone", "id_string": "ob660", "world_size": [0.11, 0.11, 0.11], "id": 660, "camera_size": [45, 45], "camera_position": [256, 254], "world_position": [0.705, 0.6547388572526824, -0.15], "world_orientation": [1.0, -3.838362879530641e-17, 1.4813540171849057e-17, 3.838362879530641e-17, 1.0, 5.294293626938881e-18, -1.4813540171849057e-17, -5.294293626938881e-18, 1.0], "world_rotation": [-0.1276280613210114, 0.35710588544125776, 0.925303444577321, 4.1482206750932463e-17]}], "source": "action wait"}
{"timestamp": 1706067951.810997, "objects": [{"color": "cv_", "id_name": "hand", "shape": "CVCylinder", "id_string": "ob383", "world_size": [0.12, 0.005, 0.12], "id": 383, "camera_size": [54, 56], "camera_position": [245, 420], "world_position": [0.3309559404117064, 0.8105620644751442, -0.1741121422159227], "world_orientation": [0.0002185623776545491, 0.2605367970022913, 0.9654638934927986, -0.0007501070903786134, -0.9654636022245858, 0.260536888211401, 0.9999996947848735, -0.0007811448737679764, -1.5583521704733104e-05], "world_rotation": [0.0, 1.0, 0.0, 0.0]}, {"color": "CVGreen", "id_name": "object71718877758837", "shape": "CVCone", "id_string": "ob660", "world_size": [0.11, 0.11, 0.11], "id": 660, "camera_size": [45, 45], "camera_position": [256, 254], "world_position": [0.705, 0.6547388572526824, -0.15], "world_orientation": [1.0, -3.838362879530641e-17, 1.4813540171849057e-17, 3.838362879530641e-17, 1.0, 5.294293626938881e-18, -1.4813540171849057e-17, -5.294293626938881e-18, 1.0], "world_rotation": [-0.1276280613210114, 0.35710588544125776, 0.925303444577321, 4.1482206750932463e-17]}], "source": "action wait"}
{"timestamp": 1706067951.843527, "objects": [{"color": "cv_", "id_name": "hand", "shape": "CVCylinder", "id_string": "ob383", "world_size": [0.12, 0.005, 0.12], "id": 383, "camera_size": [53, 55], "camera_position": [245, 390], "world_position": [0.39442417147492115, 0.7855194677170199, -0.17410985953286096], "world_orientation": [0.0001643869784495903, 0.19715639557302808, 0.9803720358422986, -0.0007633883639579474, -0.9803717386855226, 0.19715646381727167, 0.9999996951075171, -0.0007808145598807798, -1.0653449619115568e-05], "world_rotation": [0.0, 1.0, 0.0, 0.0]}, {"color": "CVGreen", "id_name": "object71718877758837", "shape": "CVCone", "id_string": "ob660", "world_size": [0.11, 0.11, 0.11], "id": 660, "camera_size": [45, 45], "camera_position": [256, 254], "world_position": [0.705, 0.6547388572526824, -0.15], "world_orientation": [1.0, -3.838362879530641e-17, 1.4813540171849057e-17, 3.838362879530641e-17, 1.0, 5.294293626938881e-18, -1.4813540171849057e-17, -5.294293626938881e-18, 1.0], "world_rotation": [-0.1276280613210114, 0.35710588544125776, 0.925303444577321, 4.1482206750932463e-17]}], "source": "action wait"}
{"timestamp": 1706067951.878352, "objects": [{"color": "cv_", "id_name": "hand", "shape": "CVCylinder", "id_string": "ob383", "world_size": [0.12, 0.005, 0.12], "id": 383, "camera_size": [52, 53], "camera_position": [245, 365], "world_position": [0.44574424340753904, 0.7577757108369348, -0.1741028791670148], "world_orientation": [0.00010274445017402333, 0.1390184121775921, 0.9902897911819546, -0.0007679251696791841, -0.9902894934488717, 0.1390184500550595, 0.9999996998672109, -0.0007747518301402163, 5.008988242903234e-06], "world_rotation": [0.0, 1.0, 0.0, 0.0]}, {"color": "CVGreen", "id_name": "object71718877758837", "shape": "CVCone", "id_string": "ob660", "world_size": [0.11, 0.11, 0.11], "id": 660, "camera_size": [45, 45], "camera_position": [256, 254], "world_position": [0.705, 0.6547388572526824, -0.15], "world_orientation": [1.0, -3.838362879530641e-17, 1.4813540171849057e-17, 3.838362879530641e-17, 1.0, 5.294293626938881e-18, -1.4813540171849057e-17, -5.294293626938881e-18, 1.0], "world_rotation": [-0.1276280613210114, 0.35710588544125776, 0.925303444577321, 4.1482206750932463e-17]}], "source": "action wait"}
{"timestamp": 1706067951.914273, "objects": [{"color": "cv_", "id_name": "hand", "shape": "CVCylinder", "id_string": "ob383", "world_size": [0.12, 0.005, 0.12], "id": 383, "camera_size": [51, 52], "camera_position": [246, 348], "world_position": [0.480605542847229, 0.7350583382645204, -0.1740983657267352], "world_orientation": [6.015222094120961e-05, 0.09769028883834598, 0.9952168627230906, -0.00076662122722524, -0.9952165675701418, 0.09769030620179064, 0.9999997043367586, -0.0007688306615388126, 1.5026962260807636e-05], "world_rotation": [0.0, 1.0, 0.0, 0.0]}, {"color": "CVGreen", "id_name": "object71718877758837", "shape": "CVCone", "id_string": "ob660", "world_size": [0.11, 0.11, 0.11], "id": 660, "camera_size": [45, 45], "camera_position": [256, 254], "world_position": [0.705, 0.6547388572526824, -0.15], "world_orientation": [1.0, -3.838362879530641e-17, 1.4813540171849057e-17, 3.838362879530641e-17, 1.0, 5.294293626938881e-18, -1.4813540171849057e-17, -5.294293626938881e-18, 1.0], "world_rotation": [-0.1276280613210114, 0.35710588544125776, 0.925303444577321, 4.1482206750932463e-17]}], "source": "action wait"}
{"timestamp": 1706067951.949962, "objects": [{"color": "cv_", "id_name": "hand", "shape": "CVCylinder", "id_string": "ob383", "world_size": [0.12, 0.005, 0.12], "id": 383, "camera_size": [51, 51], "camera_position": [246, 338], "world_position": [0.5043682318022499, 0.717554681128688, -0.17409678826356043], "world_orientation": [3.375028657444143e-05, 0.06844654863880585, 0.9976547844020766, -0.0007644116409683519, -0.9976544917269844, 0.06844655441887376, 0.9999997072678379, -0.0007649290216917274, 1.865021356593359e-05], "world_rotation": [0.0, 1.0, 0.0, 0.0]}, {"color": "CVGreen", "id_name": "object71718877758837", "shape": "CVCone", "id_string": "ob660", "world_size": [0.11, 0.11, 0.11], "id": 660, "camera_size": [45, 45], "camera_position": [256, 254], "world_position": [0.705, 0.6547388572526824, -0.15], "world_orientation": [1.0, -3.838362879530641e-17, 1.4813540171849057e-17, 3.838362879530641e-17, 1.0, 5.294293626938881e-18, -1.4813540171849057e-17, -5.294293626938881e-18, 1.0], "world_rotation": [-0.1276280613210114, 0.35710588544125776, 0.925303444577321, 4.1482206750932463e-17]}], "source": "action wait"}
{"timestamp": 1706067951.985685, "objects": [{"color": "cv_", "id_name": "hand", "shape": "CVCylinder", "id_string": "ob383", "world_size": [0.12, 0.005, 0.12], "id": 383, "camera_size": [49, 50], "camera_position": [246, 330], "world_position": [0.5206774601980572, 0.7045177874304496, -0.1740967822150767], "world_orientation": [1.7548475220654026e-05, 0.047792085653617866, 0.9988573052448124, -0.0007626863503183828, -0.998857014246033, 0.04779208512956319, 0.9999997090007487, -0.0007626535108479995, 1.892195381816979e-05], "world_rotation": [0.0, 1.0, 0.0, 0.0]}, {"color": "CVGreen", "id_name": "object71718877758837", "shape": "CVCone", "id_string": "ob660", "world_size": [0.11, 0.11, 0.11], "id": 660, "camera_size": [45, 45], "camera_position": [256, 254], "world_position": [0.705, 0.6547388572526824, -0.15], "world_orientation": [1.0, -3.838362879530641e-17, 1.4813540171849057e-17, 3.838362879530641e-17, 1.0, 5.294293626938881e-18, -1.4813540171849057e-17, -5.294293626938881e-18, 1.0], "world_rotation": [-0.1276280613210114, 0.35710588544125776, 0.925303444577321, 4.1482206750932463e-17]}], "source": "action wait"}
{"timestamp": 1706067952.021712, "objects": [{"color": "cv_", "id_name": "hand", "shape": "CVCylinder", "id_string": "ob383", "world_size": [0.12, 0.005, 0.12], "id": 383, "camera_size": [49, 49], "camera_position": [246, 325], "world_position": [0.5319420790593334, 0.6950037703920242, -0.17409753603924907], "world_orientation": [7.73008434886968e-06, 0.033217309053113646, 0.9994481528921427, -0.0007616738368766487, -0.9994478628129435, 0.033217305303197234, 0.999999709896564, -0.0007615102819448367, 1.7574938955736908e-05], "world_rotation": [0.0, 1.0, 0.0, 0.0]}, {"color": "CVGreen", "id_name": "object71718877758837", "shape": "CVCone", "id_string": "ob660", "world_size": [0.11, 0.11, 0.11], "id": 660, "camera_size": [45, 45], "camera_position": [256, 254], "world_position": [0.705, 0.6547388572526824, -0.15], "world_orientation": [1.0, -3.838362879530641e-17, 1.4813540171849057e-17, 3.838362879530641e-17, 1.0, 5.294293626938881e-18, -1.4813540171849057e-17, -5.294293626938881e-18, 1.0], "world_rotation": [-0.1276280613210114, 0.35710588544125776, 0.925303444577321, 4.1482206750932463e-17]}], "source": "action wait"}
{"timestamp": 1706067952.051126, "objects": [{"color": "cv_", "id_name": "hand", "shape": "CVCylinder", "id_string": "ob383", "world_size": [0.12, 0.005, 0.12], "id": 383, "camera_size": [49, 50], "camera_position": [246, 321], "world_position": [0.5397634395986209, 0.6881490913071526, -0.1740985866225353], "world_orientation": [1.873589728922138e-06, 0.022937119090837035, 0.9997369096738914, -0.0007612382518449572, -0.9997366199772804, 0.02293711387090652, 0.9999997102563648, -0.0007610809521663496, 1.5587516176624194e-05], "world_rotation": [0.0, 1.0, 0.0, 0.0]}, {"color": "CVGreen", "id_name": "object71718877758837", "shape": "CVCone", "id_string": "ob660", "world_size": [0.11, 0.11, 0.11], "id": 660, "camera_size": [45, 45], "camera_position": [256, 254], "world_position": [0.705, 0.6547388572526824, -0.15], "world_orientation": [1.0, -3.838362879530641e-17, 1.4813540171849057e-17, 3.838362879530641e-17, 1.0, 5.294293626938881e-18, -1.4813540171849057e-17, -5.294293626938881e-18, 1.0], "world_rotation": [-0.1276280613210114, 0.35710588544125776, 0.925303444577321, 4.1482206750932463e-17]}], "source": "action wait"}
{"timestamp": 1706067952.078831, "objects": [{"color": "cv_", "id_name": "hand", "shape": "CVCylinder", "id_string": "ob383", "world_size": [0.12, 0.005, 0.12], "id": 383, "camera_size": [49, 49], "camera_position": [246, 319], "world_position": [0.5452165453474377, 0.6832511265690762, -0.17409968306702955], "world_orientation": [-1.5173045084965052e-06, 0.015687541336018646, 0.9998769429507456, -0.0007611789249960744, -0.9998766533089442, 0.01568753563660968, 0.999999710302129, -0.0007610614537954317, 1.345814320435786e-05], "world_rotation": [0.0, 1.0, 0.0, 0.0]}, {"color": "CVGreen", "id_name": "object71718877758837", "shape": "CVCone", "id_string": "ob660", "world_size": [0.11, 0.11, 0.11], "id": 660, "camera_size": [45, 45], "camera_position": [256, 254], "world_position": [0.705, 0.6547388572526824, -0.15], "world_orientation": [1.0, -3.838362879530641e-17, 1.4813540171849057e-17, 3.838362879530641e-17, 1.0, 5.294293626938881e-18, -1.4813540171849057e-17, -5.294293626938881e-18, 1.0], "world_rotation": [-0.1276280613210114, 0.35710588544125776, 0.925303444577321, 4.1482206750932463e-17]}], "source": "action wait"}
{"timestamp": 1706067952.113666, "objects": [{"color": "cv_", "id_name": "hand", "shape": "CVCylinder", "id_string": "ob383", "world_size": [0.12, 0.005, 0.12], "id": 383, "camera_size": [49, 49], "camera_position": [246, 317], "world_position": [0.5490304605266342, 0.6797702573789666, -0.17410070048843623], "world_orientation": [-3.4171069866933774e-06, 0.010575592313264937, 0.9999440768540744, -0.0007613293004450467, -0.9999437870924386, 0.010575586647003875, 0.999999710182968, -0.0007612505866048253, 1.1468423199192659e-05], "world_rotation": [0.0, 1.0, 0.0, 0.0]}, {"color": "CVGreen", "id_name": "object71718877758837", "shape": "CVCone", "id_string": "ob660", "world_size": [0.11, 0.11, 0.11], "id": 660, "camera_size": [45, 45], "camera_position": [256, 254], "world_position": [0.705, 0.6547388572526824, -0.15], "world_orientation": [1.0, -3.838362879530641e-17, 1.4813540171849057e-17, 3.838362879530641e-17, 1.0, 5.294293626938881e-18, -1.4813540171849057e-17, -5.294293626938881e-18, 1.0], "world_rotation": [-0.1276280613210114, 0.35710588544125776, 0.925303444577321, 4.1482206750932463e-17]}], "source": "action wait"}
{"timestamp": 1706067952.149541, "objects": [{"color": "cv_", "id_name": "hand", "shape": "CVCylinder", "id_string": "ob383", "world_size": [0.12, 0.005, 0.12], "id": 383, "camera_size": [49, 49], "camera_position": [246, 316], "world_position": [0.5517041685876632, 0.6773053197281825, -0.17410158628763295], "world_orientation": [-4.408367273955195e-06, 0.006971076285309907, 0.9999757017427928, -0.0007615739442333962, -0.9999754117854814, 0.006971070906567318, 0.9999997099928049, -0.0007615247082733356, 9.71724894259703e-06], "world_rotation": [0.0, 1.0, 0.0, 0.0]}, {"color": "CVGreen", "id_name": "object71718877758837", "shape": "CVCone", "id_string": "ob660", "world_size": [0.11, 0.11, 0.11], "id": 660, "camera_size": [45, 45], "camera_position": [256, 254], "world_position": [0.705, 0.6547388572526824, -0.15], "world_orientation": [1.0, -3.838362879530641e-17, 1.4813540171849057e-17, 3.838362879530641e-17, 1.0, 5.294293626938881e-18, -1.4813540171849057e-17, -5.294293626938881e-18, 1.0], "world_rotation": [-0.1276280613210114, 0.35710588544125776, 0.925303444577321, 4.1482206750932463e-17]}], "source": "action wait"}
{"timestamp": 1706067952.185487, "objects": [{"color": "cv_", "id_name": "hand", "shape": "CVCylinder", "id_string": "ob383", "world_size": [0.12, 0.005, 0.12], "id": 383, "camera_size": [49, 49], "camera_position": [246, 315], "world_position": [0.5535817638078886, 0.6755639055880512, -0.17410232743323936], "world_orientation": [-4.8743828166279544e-06, 0.004429484547497063, 0.9999901897733217, -0.0007618426060503505, -0.9999898996023769, 0.004429479548628178, 0.9999997097860001, -0.0007618135412230287, 8.248903634914731e-06], "world_rotation": [0.0, 1.0, 0.0, 0.0]}, {"color": "CVGreen", "id_name": "object71718877758837", "shape": "CVCone", "id_string": "ob660", "world_size": [0.11, 0.11, 0.11], "id": 660, "camera_size": [45, 45], "camera_position": [256, 254], "world_position": [0.705, 0.6547388572526824, -0.15], "world_orientation": [1.0, -3.838362879530641e-17, 1.4813540171849057e-17, 3.838362879530641e-17, 1.0, 5.294293626938881e-18, -1.4813540171849057e-17, -5.294293626938881e-18, 1.0], "world_rotation": [-0.1276280613210114, 0.35710588544125776, 0.925303444577321, 4.1482206750932463e-17]}], "source": "action wait"}
{"timestamp": 1706067952.217217, "objects": [{"color": "cv_", "id_name": "hand", "shape": "CVCylinder", "id_string": "ob383", "world_size": [0.12, 0.005, 0.12], "id": 383, "camera_size": [49, 49], "camera_position": [246, 315], "world_position": [0.5549019383811086, 0.6743355241616268, -0.17410293102815727], "world_orientation": [-5.038270845547012e-06, 0.0026373589741086963, 0.9999965221500812, -0.0007620969478667446, -0.9999962317779885, 0.002637354368626796, 0.9999997095913867, -0.0007620810097026506, 7.048175085186768e-06], "world_rotation": [0.0, 1.0, 0.0, 0.0]}, {"color": "CVGreen", "id_name": "object71718877758837", "shape": "CVCone", "id_string": "ob660", "world_size": [0.11, 0.11, 0.11], "id": 660, "camera_size": [45, 45], "camera_position": [256, 254], "world_position": [0.705, 0.6547388572526824, -0.15], "world_orientation": [1.0, -3.838362879530641e-17, 1.4813540171849057e-17, 3.838362879530641e-17, 1.0, 5.294293626938881e-18, -1.4813540171849057e-17, -5.294293626938881e-18, 1.0], "world_rotation": [-0.1276280613210114, 0.35710588544125776, 0.925303444577321, 4.1482206750932463e-17]}], "source": "action wait"}
