{"timestamp": 1706028940.741977, "objects": [{"color": "cv_", "id_name": "hand", "shape": "CVCylinder", "id_string": "ob382", "world_size": [0.12, 0.005, 0.12], "id": 382, "camera_size": [48, 50], "camera_position": [246, 426], "world_position": [0.26764451554013924, 0.6334703013847367, -0.17389260400847467], "world_orientation": [-0.0006415490613408644, 0.19791547486640848, 0.9802188802625696, -0.000747367103157241, -0.9802189031249685, 0.19791499033397356, 0.9999995149284899, -0.000605611168728106, 0.0007767740323297224], "world_rotation": [0.0, 1.0, 0.0, 0.0]}, {"color": "CVPurple", "id_name": "object185157294172583", "shape": "CVBox", "id_string": "ob806", "world_size": [0.1, 0.1, 0.1], "id": 806, "camera_size": [41, 41], "camera_position": [256, 254], "world_position": [0.705, 0.6498037932383656, -0.15], "world_orientation": [1.0, 2.1316282072802963e-17, -9.624447840080312e-18, -2.1316282072802963e-17, 1.0, -1.5774048733874193e-16, 9.624447840080312e-18, 1.5774048733874193e-16, 1.0], "world_rotation": [-0.9891858493133231, 0.06035462278252622, 0.13367376342071935, -1.5946496550495827e-16]}], "source": "manual check"}
{"timestamp": 1706028941.756612, "objects": [{"color": "cv_", "id_name": "hand", "shape": "CVCylinder", "id_string": "ob382", "world_size": [0.12, 0.005, 0.12], "id": 382, "camera_size": [48, 50], "camera_position": [246, 426], "world_position": [0.26764451554013924, 0.6334703013847367, -0.17389260400847467], "world_orientation": [-0.0006415490613408644, 0.19791547486640848, 0.9802188802625696, -0.000747367103157241, -0.9802189031249685, 0.19791499033397356, 0.9999995149284899, -0.000605611168728106, 0.0007767740323297224], "world_rotation": [0.0, 1.0, 0.0, 0.0]}, {"color": "CVPurple", "id_name": "object185157294172583", "shape": "CVBox", "id_string": "ob806", "world_size": [0.1, 0.1, 0.1], "id": 806, "camera_size": [41, 41], "camera_position": [256, 254], "world_position": [0.705, 0.6498037994254439, -0.15], "world_orientation": [1.0, 8.100187187665134e-17, -1.2653630886983698e-17, -8.100187187665134e-17, 1.0, -1.9397816686250694e-16, 1.2653630886983698e-17, 1.9397816686250694e-16, 1.0], "world_rotation": [-0.9211093596285536, 0.06008602943210125, 0.38463907325148433, -2.1059189642881336e-16]}], "source": "manual check"}
{"timestamp": 1706028944.100572, "objects": [{"color": "cv_", "id_name": "hand", "shape": "CVCylinder", "id_string": "ob382", "world_size": [0.12, 0.005, 0.12], "id": 382, "camera_size": [48, 50], "camera_position": [246, 426], "world_position": [0.26764451554013924, 0.6334703013847367, -0.17389260400847467], "world_orientation": [-0.0006415490613408644, 0.19791547486640848, 0.9802188802625696, -0.000747367103157241, -0.9802189031249685, 0.19791499033397356, 0.9999995149284899, -0.000605611168728106, 0.0007767740323297224], "world_rotation": [0.0, 1.0, 0.0, 0.0]}, {"color": "CVPurple", "id_name": "object185157294172583", "shape": "CVBox", "id_string": "ob806", "world_size": [0.1, 0.1, 0.1], "id": 806, "camera_size": [41, 41], "camera_position": [256, 254], "world_position": [0.705, 0.6498037994254439, -0.15], "world_orientation": [1.0, 8.100187187665134e-17, -1.2653630886983698e-17, -8.100187187665134e-17, 1.0, -1.9397816686250694e-16, 1.2653630886983698e-17, 1.9397816686250694e-16, 1.0], "world_rotation": [-0.9211093596285536, 0.06008602943210125, 0.38463907325148433, -2.1059189642881336e-16]}], "source": "action wait"}
{"timestamp": 1706028944.132473, "objects": [{"color": "cv_", "id_name": "hand", "shape": "CVCylinder", "id_string": "ob382", "world_size": [0.12, 0.005, 0.12], "id": 382, "camera_size": [48, 50], "camera_position": [246, 444], "world_position": [0.2251272435919939, 0.6422788434588506, -0.17397258142870398], "world_orientation": [-0.0005240272228047106, 0.08819722272123118, 0.9961028939320131, -0.0007623394296419704, -0.996102776484404, 0.08819681127260541, 0.9999995721169403, -0.0007131509819537513, 0.0005892211920548879], "world_rotation": [0.0, 1.0, 0.0, 0.0]}, {"color": "CVPurple", "id_name": "object185157294172583", "shape": "CVBox", "id_string": "ob806", "world_size": [0.1, 0.1, 0.1], "id": 806, "camera_size": [41, 41], "camera_position": [256, 254], "world_position": [0.705, 0.6498037994254439, -0.15], "world_orientation": [1.0, 8.100187187665134e-17, -1.2653630886983698e-17, -8.100187187665134e-17, 1.0, -1.9397816686250694e-16, 1.2653630886983698e-17, 1.9397816686250694e-16, 1.0], "world_rotation": [-0.9211093596285536, 0.06008602943210125, 0.38463907325148433, -2.1059189642881336e-16]}], "source": "action wait"}
{"timestamp": 1706028944.163378, "objects": [{"color": "cv_", "id_name": "hand", "shape": "CVCylinder", "id_string": "ob382", "world_size": [0.12, 0.005, 0.12], "id": 382, "camera_size": [48, 49], "camera_position": [246, 471], "world_position": [0.16390873073370685, 0.6585635113534529, -0.1740385704128937], "world_orientation": [-0.0003790074473880499, 0.061144646836203374, 0.9981288436452634, -0.0007690022726588579, -0.9981286380261878, 0.06114434223615537, 0.9999996324943623, -0.0007443891880967529, 0.00042531855964156583], "world_rotation": [0.0, 1.0, 0.0, 0.0]}, {"color": "CVPurple", "id_name": "object185157294172583", "shape": "CVBox", "id_string": "ob806", "world_size": [0.1, 0.1, 0.1], "id": 806, "camera_size": [41, 41], "camera_position": [256, 254], "world_position": [0.705, 0.6498037994254439, -0.15], "world_orientation": [1.0, 8.100187187665134e-17, -1.2653630886983698e-17, -8.100187187665134e-17, 1.0, -1.9397816686250694e-16, 1.2653630886983698e-17, 1.9397816686250694e-16, 1.0], "world_rotation": [-0.9211093596285536, 0.06008602943210125, 0.38463907325148433, -2.1059189642881336e-16]}], "source": "action wait"}
{"timestamp": 1706028944.193505, "objects": [{"color": "cv_", "id_name": "hand", "shape": "CVCylinder", "id_string": "ob382", "world_size": [0.12, 0.005, 0.12], "id": 382, "camera_size": [48, 46], "camera_position": [246, 488], "world_position": [0.11779436052428603, 0.6656957118014455, -0.1740777580481383], "world_orientation": [-0.00025782855211442095, 0.042801106329962604, 0.9990835794974158, -0.0007698661745121238, -0.9990833251250216, 0.04280089675700492, 0.9999996704152013, -0.0007581253601258343, 0.00029054333115415964], "world_rotation": [0.0, 1.0, 0.0, 0.0]}, {"color": "CVPurple", "id_name": "object185157294172583", "shape": "CVBox", "id_string": "ob806", "world_size": [0.1, 0.1, 0.1], "id": 806, "camera_size": [41, 41], "camera_position": [256, 254], "world_position": [0.705, 0.6498037994254439, -0.15], "world_orientation": [1.0, 8.100187187665134e-17, -1.2653630886983698e-17, -8.100187187665134e-17, 1.0, -1.9397816686250694e-16, 1.2653630886983698e-17, 1.9397816686250694e-16, 1.0], "world_rotation": [-0.9211093596285536, 0.06008602943210125, 0.38463907325148433, -2.1059189642881336e-16]}], "source": "action wait"}
{"timestamp": 1706028944.225167, "objects": [{"color": "cv_", "id_name": "hand", "shape": "CVCylinder", "id_string": "ob382", "world_size": [0.12, 0.005, 0.12], "id": 382, "camera_size": [49, 34], "camera_position": [246, 494], "world_position": [0.08440722969393032, 0.6684077433258084, -0.1740965171293153], "world_orientation": [-0.00017520176281553618, 0.029819743964089925, 0.999555277197944, -0.00076808324903361, -0.9995550017069637, 0.02981960111595289, 0.9999996896761844, -0.0007625172182172689, 0.0001980278441598098], "world_rotation": [0.0, 1.0, 0.0, 0.0]}, {"color": "CVPurple", "id_name": "object185157294172583", "shape": "CVBox", "id_string": "ob806", "world_size": [0.1, 0.1, 0.1], "id": 806, "camera_size": [41, 41], "camera_position": [256, 254], "world_position": [0.705, 0.6498037994254439, -0.15], "world_orientation": [1.0, 8.100187187665134e-17, -1.2653630886983698e-17, -8.100187187665134e-17, 1.0, -1.9397816686250694e-16, 1.2653630886983698e-17, 1.9397816686250694e-16, 1.0], "world_rotation": [-0.9211093596285536, 0.06008602943210125, 0.38463907325148433, -2.1059189642881336e-16]}], "source": "action wait"}
{"timestamp": 1706028944.251902, "objects": [{"color": "cv_", "id_name": "hand", "shape": "CVCylinder", "id_string": "ob382", "world_size": [0.12, 0.005, 0.12], "id": 382, "camera_size": [49, 26], "camera_position": [246, 498], "world_position": [0.060524747928542615, 0.6691591033624302, -0.17410506762149094], "world_orientation": [-0.00011925173889664045, 0.020637087560844727, 0.9997870255189496, -0.0007660141857683564, -0.9997867411866602, 0.02063699032382173, 0.9999996995005999, -0.0007633900473133172, 0.00013503460923723693], "world_rotation": [0.0, 1.0, 0.0, 0.0]}, {"color": "CVPurple", "id_name": "object185157294172583", "shape": "CVBox", "id_string": "ob806", "world_size": [0.1, 0.1, 0.1], "id": 806, "camera_size": [41, 41], "camera_position": [256, 254], "world_position": [0.705, 0.6498037994254439, -0.15], "world_orientation": [1.0, 8.100187187665134e-17, -1.2653630886983698e-17, -8.100187187665134e-17, 1.0, -1.9397816686250694e-16, 1.2653630886983698e-17, 1.9397816686250694e-16, 1.0], "world_rotation": [-0.9211093596285536, 0.06008602943210125, 0.38463907325148433, -2.1059189642881336e-16]}], "source": "action wait"}
{"timestamp": 1706028944.28764, "objects": [{"color": "cv_", "id_name": "hand", "shape": "CVCylinder", "id_string": "ob382", "world_size": [0.12, 0.005, 0.12], "id": 382, "camera_size": [49, 20], "camera_position": [246, 501], "world_position": [0.04355283998805079, 0.6691189120189727, -0.17410866762960994], "world_orientation": [-8.148687456679156e-05, 0.014143367590712637, 0.9998999742539668, -0.0007644082177136116, -0.999899686323886, 0.014143301222536875, 0.9999997045199395, -0.0007631792637990432, 9.22900067317032e-05], "world_rotation": [0.0, 1.0, 0.0, 0.0]}, {"color": "CVPurple", "id_name": "object185157294172583", "shape": "CVBox", "id_string": "ob806", "world_size": [0.1, 0.1, 0.1], "id": 806, "camera_size": [41, 41], "camera_position": [256, 254], "world_position": [0.705, 0.6498037994254439, -0.15], "world_orientation": [1.0, 8.100187187665134e-17, -1.2653630886983698e-17, -8.100187187665134e-17, 1.0, -1.9397816686250694e-16, 1.2653630886983698e-17, 1.9397816686250694e-16, 1.0], "world_rotation": [-0.9211093596285536, 0.06008602943210125, 0.38463907325148433, -2.1059189642881336e-16]}], "source": "action wait"}
{"timestamp": 1706028944.329265, "objects": [{"color": "cv_", "id_name": "hand", "shape": "CVCylinder", "id_string": "ob382", "world_size": [0.12, 0.005, 0.12], "id": 382, "camera_size": [49, 16], "camera_position": [246, 503], "world_position": [0.031536028540782184, 0.6688157990445035, -0.17410994457744922], "world_orientation": [-5.6052249436892045e-05, 0.009552049730413317, 0.9999543765612975, -0.0007633702597517102, -0.9999540871870449, 0.009552004175597985, 0.9999997070619531, -0.0007628000208551615, 6.334142660468256e-05], "world_rotation": [0.0, 1.0, 0.0, 0.0]}, {"color": "CVPurple", "id_name": "object185157294172583", "shape": "CVBox", "id_string": "ob806", "world_size": [0.1, 0.1, 0.1], "id": 806, "camera_size": [41, 41], "camera_position": [256, 254], "world_position": [0.705, 0.6498037994254439, -0.15], "world_orientation": [1.0, 8.100187187665134e-17, -1.2653630886983698e-17, -8.100187187665134e-17, 1.0, -1.9397816686250694e-16, 1.2653630886983698e-17, 1.9397816686250694e-16, 1.0], "world_rotation": [-0.9211093596285536, 0.06008602943210125, 0.38463907325148433, -2.1059189642881336e-16]}], "source": "action wait"}
{"timestamp": 1706028944.36369, "objects": [{"color": "cv_", "id_name": "hand", "shape": "CVCylinder", "id_string": "ob382", "world_size": [0.12, 0.005, 0.12], "id": 382, "camera_size": [49, 13], "camera_position": [246, 505], "world_position": [0.023045381953050836, 0.6684722118616996, -0.17411018560692434], "world_orientation": [-3.8954283757792064e-05, 0.006306245752814759, 0.9999801146758214, -0.0007627915437144006, -0.9999798247021807, 0.006306214209544656, 0.9999997083157699, -0.0007625307212998831, 4.376384877671446e-05], "world_rotation": [0.0, 1.0, 0.0, 0.0]}, {"color": "CVPurple", "id_name": "object185157294172583", "shape": "CVBox", "id_string": "ob806", "world_size": [0.1, 0.1, 0.1], "id": 806, "camera_size": [41, 41], "camera_position": [256, 254], "world_position": [0.705, 0.6498037994254439, -0.15], "world_orientation": [1.0, 8.100187187665134e-17, -1.2653630886983698e-17, -8.100187187665134e-17, 1.0, -1.9397816686250694e-16, 1.2653630886983698e-17, 1.9397816686250694e-16, 1.0], "world_rotation": [-0.9211093596285536, 0.06008602943210125, 0.38463907325148433, -2.1059189642881336e-16]}], "source": "action wait"}
{"timestamp": 1706028944.394574, "objects": [{"color": "cv_", "id_name": "hand", "shape": "CVCylinder", "id_string": "ob382", "world_size": [0.12, 0.005, 0.12], "id": 382, "camera_size": [48, 11], "camera_position": [246, 506], "world_position": [0.017053407391944105, 0.668170091041797, -0.17411000712959904], "world_orientation": [-2.7453217738900294e-05, 0.004011887267972568, 0.9999919519710496, -0.0007625260844335174, -0.9999916617111527, 0.004011865169510533, 0.9999997089001035, -0.0007624098089938449, 3.051215751604249e-05], "world_rotation": [0.0, 1.0, 0.0, 0.0]}, {"color": "CVPurple", "id_name": "object185157294172583", "shape": "CVBox", "id_string": "ob806", "world_size": [0.1, 0.1, 0.1], "id": 806, "camera_size": [41, 41], "camera_position": [256, 254], "world_position": [0.705, 0.6498037994254439, -0.15], "world_orientation": [1.0, 8.100187187665134e-17, -1.2653630886983698e-17, -8.100187187665134e-17, 1.0, -1.9397816686250694e-16, 1.2653630886983698e-17, 1.9397816686250694e-16, 1.0], "world_rotation": [-0.9211093596285536, 0.06008602943210125, 0.38463907325148433, -2.1059189642881336e-16]}], "source": "action wait"}
{"timestamp": 1706028944.430031, "objects": [{"color": "cv_", "id_name": "hand", "shape": "CVCylinder", "id_string": "ob382", "world_size": [0.12, 0.005, 0.12], "id": 382, "camera_size": [48, 9], "camera_position": [246, 507], "world_position": [0.012827707796925897, 0.6679304372153754, -0.174109694569166], "world_orientation": [-1.973493569491095e-05, 0.0023902178705708303, 0.9999971432304512, -0.0007624515145051112, -0.9999968527957821, 0.0023902021293924587, 0.9999997091390679, -0.0007624021658718842, 2.1557298820817144e-05], "world_rotation": [0.0, 1.0, 0.0, 0.0]}, {"color": "CVPurple", "id_name": "object185157294172583", "shape": "CVBox", "id_string": "ob806", "world_size": [0.1, 0.1, 0.1], "id": 806, "camera_size": [41, 41], "camera_position": [256, 254], "world_position": [0.705, 0.6498037994254439, -0.15], "world_orientation": [1.0, 8.100187187665134e-17, -1.2653630886983698e-17, -8.100187187665134e-17, 1.0, -1.9397816686250694e-16, 1.2653630886983698e-17, 1.9397816686250694e-16, 1.0], "world_rotation": [-0.9211093596285536, 0.06008602943210125, 0.38463907325148433, -2.1059189642881336e-16]}], "source": "action wait"}
{"timestamp": 1706028944.457654, "objects": [{"color": "cv_", "id_name": "hand", "shape": "CVCylinder", "id_string": "ob382", "world_size": [0.12, 0.005, 0.12], "id": 382, "camera_size": [48, 8], "camera_position": [246, 507], "world_position": [0.009848795078228384, 0.6677502562584016, -0.17410937250745817], "world_orientation": [-1.4546398136592933e-05, 0.0012440959307471104, 0.9999992260065592, -0.0007624809215842508, -0.9999989354377615, 0.001244084477892269, 0.9999997092055811, -0.0007624622344812653, 1.5494982063226606e-05], "world_rotation": [0.0, 1.0, 0.0, 0.0]}, {"color": "CVPurple", "id_name": "object185157294172583", "shape": "CVBox", "id_string": "ob806", "world_size": [0.1, 0.1, 0.1], "id": 806, "camera_size": [41, 41], "camera_position": [256, 254], "world_position": [0.705, 0.6498037994254439, -0.15], "world_orientation": [1.0, 8.100187187665134e-17, -1.2653630886983698e-17, -8.100187187665134e-17, 1.0, -1.9397816686250694e-16, 1.2653630886983698e-17, 1.9397816686250694e-16, 1.0], "world_rotation": [-0.9211093596285536, 0.06008602943210125, 0.38463907325148433, -2.1059189642881336e-16]}], "source": "action wait"}
{"timestamp": 1706028944.488142, "objects": [{"color": "cv_", "id_name": "hand", "shape": "CVCylinder", "id_string": "ob382", "world_size": [0.12, 0.005, 0.12], "id": 382, "camera_size": [48, 8], "camera_position": [246, 507], "world_position": [0.007749243815913709, 0.6676189536688103, -0.17410908909666073], "world_orientation": [-1.1069034557220263e-05, 0.00043412250175160614, 0.9999999057075607, -0.0007625587299991668, -0.9999996150245635, 0.0004341139347703482, 0.9999997091907877, -0.0007625538528738472, 1.140007419987823e-05], "world_rotation": [0.0, 1.0, 0.0, 0.0]}, {"color": "CVPurple", "id_name": "object185157294172583", "shape": "CVBox", "id_string": "ob806", "world_size": [0.1, 0.1, 0.1], "id": 806, "camera_size": [41, 41], "camera_position": [256, 254], "world_position": [0.705, 0.6498037994254439, -0.15], "world_orientation": [1.0, 8.100187187665134e-17, -1.2653630886983698e-17, -8.100187187665134e-17, 1.0, -1.9397816686250694e-16, 1.2653630886983698e-17, 1.9397816686250694e-16, 1.0], "world_rotation": [-0.9211093596285536, 0.06008602943210125, 0.38463907325148433, -2.1059189642881336e-16]}], "source": "action wait"}
{"timestamp": 1706028944.519751, "objects": [{"color": "cv_", "id_name": "hand", "shape": "CVCylinder", "id_string": "ob382", "world_size": [0.12, 0.005, 0.12], "id": 382, "camera_size": [48, 7], "camera_position": [246, 508], "world_position": [0.00626961383477465, 0.6675250952818453, -0.17410885751025787], "world_orientation": [-8.736606111403488e-06, -0.00013825863817911772, 0.9999999904041104, -0.0007626521683529858, -0.9999996996221489, -0.0001382652609674658, 0.9999997091426286, -0.0007626533690041828, 8.631160237283443e-06], "world_rotation": [0.0, 1.0, 0.0, 0.0]}, {"color": "CVPurple", "id_name": "object185157294172583", "shape": "CVBox", "id_string": "ob806", "world_size": [0.1, 0.1, 0.1], "id": 806, "camera_size": [41, 41], "camera_position": [256, 254], "world_position": [0.705, 0.6498037994254439, -0.15], "world_orientation": [1.0, 8.100187187665134e-17, -1.2653630886983698e-17, -8.100187187665134e-17, 1.0, -1.9397816686250694e-16, 1.2653630886983698e-17, 1.9397816686250694e-16, 1.0], "world_rotation": [-0.9211093596285536, 0.06008602943210125, 0.38463907325148433, -2.1059189642881336e-16]}], "source": "action wait"}
{"timestamp": 1706028944.560415, "objects": [{"color": "cv_", "id_name": "hand", "shape": "CVCylinder", "id_string": "ob382", "world_size": [0.12, 0.005, 0.12], "id": 382, "camera_size": [48, 7], "camera_position": [246, 508], "world_position": [0.005226894289692793, 0.6674588163437785, -0.17410867600882693], "world_orientation": [-7.173084365043509e-06, -0.0005427200473007407, 0.9999998527017377, -0.0007627436298438651, -0.999999561835573, -0.000542725360666607, 0.9999997090853088, -0.000762747410508252, 6.759124963549628e-06], "world_rotation": [0.0, 1.0, 0.0, 0.0]}, {"color": "CVPurple", "id_name": "object185157294172583", "shape": "CVBox", "id_string": "ob806", "world_size": [0.1, 0.1, 0.1], "id": 806, "camera_size": [41, 41], "camera_position": [256, 254], "world_position": [0.705, 0.6498037994254439, -0.15], "world_orientation": [1.0, 8.100187187665134e-17, -1.2653630886983698e-17, -8.100187187665134e-17, 1.0, -1.9397816686250694e-16, 1.2653630886983698e-17, 1.9397816686250694e-16, 1.0], "world_rotation": [-0.9211093596285536, 0.06008602943210125, 0.38463907325148433, -2.1059189642881336e-16]}], "source": "action wait"}
{"timestamp": 1706028944.594349, "objects": [{"color": "cv_", "id_name": "hand", "shape": "CVCylinder", "id_string": "ob382", "world_size": [0.12, 0.005, 0.12], "id": 382, "camera_size": [48, 7], "camera_position": [246, 508], "world_position": [0.004492062491671963, 0.6674123744729914, -0.1741085374194897], "world_orientation": [-6.125854773979352e-06, -0.0008285109322107903, 0.9999996567659957, -0.0007628248509810695, -0.9999993658300681, -0.0008285153641224427, 0.999999709030318, -0.0007628296645188394, 5.4938421611102665e-06], "world_rotation": [0.0, 1.0, 0.0, 0.0]}, {"color": "CVPurple", "id_name": "object185157294172583", "shape": "CVBox", "id_string": "ob806", "world_size": [0.1, 0.1, 0.1], "id": 806, "camera_size": [41, 41], "camera_position": [256, 254], "world_position": [0.705, 0.6498037994254439, -0.15], "world_orientation": [1.0, 8.100187187665134e-17, -1.2653630886983698e-17, -8.100187187665134e-17, 1.0, -1.9397816686250694e-16, 1.2653630886983698e-17, 1.9397816686250694e-16, 1.0], "world_rotation": [-0.9211093596285536, 0.06008602943210125, 0.38463907325148433, -2.1059189642881336e-16]}], "source": "action wait"}
{"timestamp": 1706028944.62876, "objects": [{"color": "CVPurple", "id_name": "object185157294172583", "shape": "CVBox", "id_string": "ob806", "world_size": [0.1, 0.1, 0.1], "id": 806, "camera_size": [41, 41], "camera_position": [256, 254], "world_position": [0.705, 0.6498037994254439, -0.15], "world_orientation": [1.0, 8.100187187665134e-17, -1.2653630886983698e-17, -8.100187187665134e-17, 1.0, -1.9397816686250694e-16, 1.2653630886983698e-17, 1.9397816686250694e-16, 1.0], "world_rotation": [-0.9211093596285536, 0.06008602943210125, 0.38463907325148433, -2.1059189642881336e-16]}], "source": "action wait"}
{"timestamp": 1706028947.462008, "objects": [{"color": "CVPurple", "id_name": "object185157294172583", "shape": "CVBox", "id_string": "ob806", "world_size": [0.1, 0.1, 0.1], "id": 806, "camera_size": [41, 41], "camera_position": [256, 254], "world_position": [0.705, 0.6498037994254439, -0.15], "world_orientation": [1.0, 8.100187187665134e-17, -1.2653630886983698e-17, -8.100187187665134e-17, 1.0, -1.9397816686250694e-16, 1.2653630886983698e-17, 1.9397816686250694e-16, 1.0], "world_rotation": [-0.9211093596285536, 0.06008602943210125, 0.38463907325148433, -2.1059189642881336e-16]}], "source": "action wait"}
{"timestamp": 1706028947.496147, "objects": [{"color": "cv_", "id_name": "hand", "shape": "CVCylinder", "id_string": "ob382", "world_size": [0.12, 0.005, 0.12], "id": 382, "camera_size": [51, 11], "camera_position": [246, 506], "world_position": [0.035580510643529566, 0.7233453789828622, -0.1741228199641112], "world_orientation": [0.00015819434411299833, 0.19356769095285822, 0.9810869095007477, -0.0007080367810424913, -0.9810866541784383, 0.1935677547446222, 0.9999997368291985, -0.0007252669413293745, -1.8149314959256323e-05], "world_rotation": [0.0, 1.0, 0.0, 0.0]}, {"color": "CVPurple", "id_name": "object185157294172583", "shape": "CVBox", "id_string": "ob806", "world_size": [0.1, 0.1, 0.1], "id": 806, "camera_size": [41, 41], "camera_position": [256, 254], "world_position": [0.705, 0.6498037994254439, -0.15], "world_orientation": [1.0, 8.100187187665134e-17, -1.2653630886983698e-17, -8.100187187665134e-17, 1.0, -1.9397816686250694e-16, 1.2653630886983698e-17, 1.9397816686250694e-16, 1.0], "world_rotation": [-0.9211093596285536, 0.06008602943210125, 0.38463907325148433, -2.1059189642881336e-16]}], "source": "action wait"}
{"timestamp": 1706028947.527957, "objects": [{"color": "cv_", "id_name": "hand", "shape": "CVCylinder", "id_string": "ob382", "world_size": [0.12, 0.005, 0.12], "id": 382, "camera_size": [53, 21], "camera_position": [245, 501], "world_position": [0.08385220842818718, 0.7766181590384439, -0.1741247456430274], "world_orientation": [0.00025765451114362543, 0.2977828133514316, 0.9546336101807119, -0.0007066122913570135, -0.9546333493281237, 0.2977829226964474, 0.9999997171565714, -0.0007512809560707232, -3.5548592873090105e-05], "world_rotation": [0.0, 1.0, 0.0, 0.0]}, {"color": "CVPurple", "id_name": "object185157294172583", "shape": "CVBox", "id_string": "ob806", "world_size": [0.1, 0.1, 0.1], "id": 806, "camera_size": [41, 41], "camera_position": [256, 254], "world_position": [0.705, 0.6498037994254439, -0.15], "world_orientation": [1.0, 8.100187187665134e-17, -1.2653630886983698e-17, -8.100187187665134e-17, 1.0, -1.9397816686250694e-16, 1.2653630886983698e-17, 1.9397816686250694e-16, 1.0], "world_rotation": [-0.9211093596285536, 0.06008602943210125, 0.38463907325148433, -2.1059189642881336e-16]}], "source": "action wait"}
{"timestamp": 1706028947.55791, "objects": [{"color": "cv_", "id_name": "hand", "shape": "CVCylinder", "id_string": "ob382", "world_size": [0.12, 0.005, 0.12], "id": 382, "camera_size": [54, 38], "camera_position": [245, 492], "world_position": [0.14046912613335188, 0.8087778882626755, -0.17412056240243778], "world_orientation": [0.00028947153052239015, 0.338330101406519, 0.9410274484245863, -0.0007123508850903479, -0.9410271793259153, 0.3383302237845867, 0.9999997043811812, -0.0007682787034806939, -3.139083067253396e-05], "world_rotation": [0.0, 1.0, 0.0, 0.0]}, {"color": "CVPurple", "id_name": "object185157294172583", "shape": "CVBox", "id_string": "ob806", "world_size": [0.1, 0.1, 0.1], "id": 806, "camera_size": [41, 41], "camera_position": [256, 254], "world_position": [0.705, 0.6498037994254439, -0.15], "world_orientation": [1.0, 8.100187187665134e-17, -1.2653630886983698e-17, -8.100187187665134e-17, 1.0, -1.9397816686250694e-16, 1.2653630886983698e-17, 1.9397816686250694e-16, 1.0], "world_rotation": [-0.9211093596285536, 0.06008602943210125, 0.38463907325148433, -2.1059189642881336e-16]}], "source": "action wait"}
{"timestamp": 1706028947.587179, "objects": [{"color": "cv_", "id_name": "hand", "shape": "CVCylinder", "id_string": "ob382", "world_size": [0.12, 0.005, 0.12], "id": 382, "camera_size": [55, 59], "camera_position": [245, 480], "world_position": [0.20165132540975245, 0.8230737966401409, -0.17411722075721175], "world_orientation": [0.000287757989392403, 0.3388979009902619, 0.9408231129706234, -0.0007219129946900243, -0.940822836362533, 0.33889802215472864, 0.9999996980184384, -0.0007767130444227381, -2.6074489167630675e-05], "world_rotation": [0.0, 1.0, 0.0, 0.0]}, {"color": "CVPurple", "id_name": "object185157294172583", "shape": "CVBox", "id_string": "ob806", "world_size": [0.1, 0.1, 0.1], "id": 806, "camera_size": [41, 41], "camera_position": [256, 254], "world_position": [0.705, 0.6498037994254439, -0.15], "world_orientation": [1.0, 8.100187187665134e-17, -1.2653630886983698e-17, -8.100187187665134e-17, 1.0, -1.9397816686250694e-16, 1.2653630886983698e-17, 1.9397816686250694e-16, 1.0], "world_rotation": [-0.9211093596285536, 0.06008602943210125, 0.38463907325148433, -2.1059189642881336e-16]}], "source": "action wait"}
{"timestamp": 1706028947.617865, "objects": [{"color": "cv_", "id_name": "hand", "shape": "CVCylinder", "id_string": "ob382", "world_size": [0.12, 0.005, 0.12], "id": 382, "camera_size": [55, 58], "camera_position": [245, 451], "world_position": [0.2654730756061734, 0.8222636955097368, -0.17411450227859465], "world_orientation": [0.0002626335553498335, 0.3113305020285756, 0.9503016623842404, -0.0007350112690623036, -0.9503013783633228, 0.3113306121138805, 0.9999996953909787, -0.0007802482964099772, -2.074960225911919e-05], "world_rotation": [0.0, 1.0, 0.0, 0.0]}, {"color": "CVPurple", "id_name": "object185157294172583", "shape": "CVBox", "id_string": "ob806", "world_size": [0.1, 0.1, 0.1], "id": 806, "camera_size": [41, 41], "camera_position": [256, 254], "world_position": [0.705, 0.6498037994254439, -0.15], "world_orientation": [1.0, 8.100187187665134e-17, -1.2653630886983698e-17, -8.100187187665134e-17, 1.0, -1.9397816686250694e-16, 1.2653630886983698e-17, 1.9397816686250694e-16, 1.0], "world_rotation": [-0.9211093596285536, 0.06008602943210125, 0.38463907325148433, -2.1059189642881336e-16]}], "source": "action wait"}
{"timestamp": 1706028947.649452, "objects": [{"color": "cv_", "id_name": "hand", "shape": "CVCylinder", "id_string": "ob382", "world_size": [0.12, 0.005, 0.12], "id": 382, "camera_size": [54, 56], "camera_position": [245, 420], "world_position": [0.3299178381623557, 0.8085360455801184, -0.17411210521884002], "world_orientation": [0.00022075373536822732, 0.2633041020740336, 0.9647128594036545, -0.0007494896736294236, -0.9647125683891523, 0.26330419415048123, 0.9999996947664622, -0.000781167710537677, -1.5620197499379223e-05], "world_rotation": [0.0, 1.0, 0.0, 0.0]}, {"color": "CVPurple", "id_name": "object185157294172583", "shape": "CVBox", "id_string": "ob806", "world_size": [0.1, 0.1, 0.1], "id": 806, "camera_size": [41, 41], "camera_position": [256, 254], "world_position": [0.705, 0.6498037994254439, -0.15], "world_orientation": [1.0, 8.100187187665134e-17, -1.2653630886983698e-17, -8.100187187665134e-17, 1.0, -1.9397816686250694e-16, 1.2653630886983698e-17, 1.9397816686250694e-16, 1.0], "world_rotation": [-0.9211093596285536, 0.06008602943210125, 0.38463907325148433, -2.1059189642881336e-16]}], "source": "action wait"}
{"timestamp": 1706028947.680647, "objects": [{"color": "cv_", "id_name": "hand", "shape": "CVCylinder", "id_string": "ob382", "world_size": [0.12, 0.005, 0.12], "id": 382, "camera_size": [53, 55], "camera_position": [245, 390], "world_position": [0.39319604767904015, 0.7836669618474253, -0.17410983395659682], "world_orientation": [0.0001667573589196977, 0.2001245272003583, 0.9797704556705189, -0.0007628893642455175, -0.9797701587205849, 0.20012459639049393, 0.9999996950958542, -0.0007808287091822481, -1.071101069033168e-05], "world_rotation": [0.0, 1.0, 0.0, 0.0]}, {"color": "CVPurple", "id_name": "object185157294172583", "shape": "CVBox", "id_string": "ob806", "world_size": [0.1, 0.1, 0.1], "id": 806, "camera_size": [41, 41], "camera_position": [256, 254], "world_position": [0.705, 0.6498037994254439, -0.15], "world_orientation": [1.0, 8.100187187665134e-17, -1.2653630886983698e-17, -8.100187187665134e-17, 1.0, -1.9397816686250694e-16, 1.2653630886983698e-17, 1.9397816686250694e-16, 1.0], "world_rotation": [-0.9211093596285536, 0.06008602943210125, 0.38463907325148433, -2.1059189642881336e-16]}], "source": "action wait"}
{"timestamp": 1706028947.716398, "objects": [{"color": "cv_", "id_name": "hand", "shape": "CVCylinder", "id_string": "ob382", "world_size": [0.12, 0.005, 0.12], "id": 382, "camera_size": [52, 53], "camera_position": [245, 365], "world_position": [0.444952289777387, 0.7556579205191892, -0.17410302172549955], "world_orientation": [0.00010487961839647301, 0.14113837451857403, 0.9899898727959395, -0.0007678385753665712, -0.9899895750375708, 0.1411384134134012, 0.9999996997120489, -0.0007749549564951533, 4.5417595738806e-06], "world_rotation": [0.0, 1.0, 0.0, 0.0]}, {"color": "CVPurple", "id_name": "object185157294172583", "shape": "CVBox", "id_string": "ob806", "world_size": [0.1, 0.1, 0.1], "id": 806, "camera_size": [41, 41], "camera_position": [256, 254], "world_position": [0.705, 0.6498037994254439, -0.15], "world_orientation": [1.0, 8.100187187665134e-17, -1.2653630886983698e-17, -8.100187187665134e-17, 1.0, -1.9397816686250694e-16, 1.2653630886983698e-17, 1.9397816686250694e-16, 1.0], "world_rotation": [-0.9211093596285536, 0.06008602943210125, 0.38463907325148433, -2.1059189642881336e-16]}], "source": "action wait"}
{"timestamp": 1706028947.750634, "objects": [{"color": "cv_", "id_name": "hand", "shape": "CVCylinder", "id_string": "ob382", "world_size": [0.12, 0.005, 0.12], "id": 382, "camera_size": [51, 52], "camera_position": [246, 348], "world_position": [0.48010102210949845, 0.7326848208533953, -0.17409838348089404], "world_orientation": [6.154012630343785e-05, 0.09919298383713644, 0.9950682128227686, -0.0007666325723741699, -0.9950679176137041, 0.09919300182183084, 0.9999997042436123, -0.0007689560535449506, 1.4807967030485747e-05], "world_rotation": [0.0, 1.0, 0.0, 0.0]}, {"color": "CVPurple", "id_name": "object185157294172583", "shape": "CVBox", "id_string": "ob806", "world_size": [0.1, 0.1, 0.1], "id": 806, "camera_size": [41, 41], "camera_position": [256, 254], "world_position": [0.705, 0.6498037994254439, -0.15], "world_orientation": [1.0, 8.100187187665134e-17, -1.2653630886983698e-17, -8.100187187665134e-17, 1.0, -1.9397816686250694e-16, 1.2653630886983698e-17, 1.9397816686250694e-16, 1.0], "world_rotation": [-0.9211093596285536, 0.06008602943210125, 0.38463907325148433, -2.1059189642881336e-16]}], "source": "action wait"}
{"timestamp": 1706028947.783979, "objects": [{"color": "cv_", "id_name": "hand", "shape": "CVCylinder", "id_string": "ob382", "world_size": [0.12, 0.005, 0.12], "id": 382, "camera_size": [51, 51], "camera_position": [246, 338], "world_position": [0.5040461577842098, 0.714968825500266, -0.17409673420700536], "world_orientation": [3.465026391300914e-05, 0.06950895567290452, 0.9975813269506509, -0.0007644352999916052, -0.9975810342343566, 0.06950896182927617, 0.9999997072189729, -0.0007649948848055861, 1.8568653271475552e-05], "world_rotation": [0.0, 1.0, 0.0, 0.0]}, {"color": "CVPurple", "id_name": "object185157294172583", "shape": "CVBox", "id_string": "ob806", "world_size": [0.1, 0.1, 0.1], "id": 806, "camera_size": [41, 41], "camera_position": [256, 254], "world_position": [0.705, 0.6498037994254439, -0.15], "world_orientation": [1.0, 8.100187187665134e-17, -1.2653630886983698e-17, -8.100187187665134e-17, 1.0, -1.9397816686250694e-16, 1.2653630886983698e-17, 1.9397816686250694e-16, 1.0], "world_rotation": [-0.9211093596285536, 0.06008602943210125, 0.38463907325148433, -2.1059189642881336e-16]}], "source": "action wait"}
{"timestamp": 1706028947.81703, "objects": [{"color": "cv_", "id_name": "hand", "shape": "CVCylinder", "id_string": "ob382", "world_size": [0.12, 0.005, 0.12], "id": 382, "camera_size": [49, 50], "camera_position": [246, 330], "world_position": [0.5204727444209539, 0.7017672517583937, -0.1740966894382283], "world_orientation": [1.8130534100434108e-05, 0.048542257336939953, 0.9988211295942423, -0.0007626985739130369, -0.9988208385754379, 0.04854225703801065, 0.9999997089810422, -0.000762679548182616, 1.8913955171769302e-05], "world_rotation": [0.0, 1.0, 0.0, 0.0]}, {"color": "CVPurple", "id_name": "object185157294172583", "shape": "CVBox", "id_string": "ob806", "world_size": [0.1, 0.1, 0.1], "id": 806, "camera_size": [41, 41], "camera_position": [256, 254], "world_position": [0.705, 0.6498037994254439, -0.15], "world_orientation": [1.0, 8.100187187665134e-17, -1.2653630886983698e-17, -8.100187187665134e-17, 1.0, -1.9397816686250694e-16, 1.2653630886983698e-17, 1.9397816686250694e-16, 1.0], "world_rotation": [-0.9211093596285536, 0.06008602943210125, 0.38463907325148433, -2.1059189642881336e-16]}], "source": "action wait"}
{"timestamp": 1706028947.850815, "objects": [{"color": "cv_", "id_name": "hand", "shape": "CVCylinder", "id_string": "ob382", "world_size": [0.12, 0.005, 0.12], "id": 382, "camera_size": [49, 49], "camera_position": [246, 325], "world_position": [0.5318141067491419, 0.6921301454109966, -0.1740974242919393], "world_orientation": [8.105405825723559e-06, 0.033746682020323125, 0.9994304184819081, -0.0007616727149676542, -0.9994301283989128, 0.03374667840259084, 0.9999997098944468, -0.0007615124107904601, 1.760314013081763e-05], "world_rotation": [0.0, 1.0, 0.0, 0.0]}, {"color": "CVPurple", "id_name": "object185157294172583", "shape": "CVBox", "id_string": "ob806", "world_size": [0.1, 0.1, 0.1], "id": 806, "camera_size": [41, 41], "camera_position": [256, 254], "world_position": [0.705, 0.6498037994254439, -0.15], "world_orientation": [1.0, 8.100187187665134e-17, -1.2653630886983698e-17, -8.100187187665134e-17, 1.0, -1.9397816686250694e-16, 1.2653630886983698e-17, 1.9397816686250694e-16, 1.0], "world_rotation": [-0.9211093596285536, 0.06008602943210125, 0.38463907325148433, -2.1059189642881336e-16]}], "source": "action wait"}
{"timestamp": 1706028947.88355, "objects": [{"color": "cv_", "id_name": "hand", "shape": "CVCylinder", "id_string": "ob382", "world_size": [0.12, 0.005, 0.12], "id": 382, "camera_size": [49, 50], "camera_position": [246, 321], "world_position": [0.5396864718684544, 0.6851854421288572, -0.17409846729601874], "world_orientation": [2.1141004843625935e-06, 0.023310570056296467, 0.9997282717414673, -0.0007612279561875486, -0.9997279820508738, 0.02331056491135835, 0.9999997102637228, -0.0007610703899175945, 1.5631132190809365e-05], "world_rotation": [0.0, 1.0, 0.0, 0.0]}, {"color": "CVPurple", "id_name": "object185157294172583", "shape": "CVBox", "id_string": "ob806", "world_size": [0.1, 0.1, 0.1], "id": 806, "camera_size": [41, 41], "camera_position": [256, 254], "world_position": [0.705, 0.6498037994254439, -0.15], "world_orientation": [1.0, 8.100187187665134e-17, -1.2653630886983698e-17, -8.100187187665134e-17, 1.0, -1.9397816686250694e-16, 1.2653630886983698e-17, 1.9397816686250694e-16, 1.0], "world_rotation": [-0.9211093596285536, 0.06008602943210125, 0.38463907325148433, -2.1059189642881336e-16]}], "source": "action wait"}
{"timestamp": 1706028947.914983, "objects": [{"color": "cv_", "id_name": "hand", "shape": "CVCylinder", "id_string": "ob382", "world_size": [0.12, 0.005, 0.12], "id": 382, "camera_size": [49, 49], "camera_position": [246, 319], "world_position": [0.545173963972714, 0.6802225171439041, -0.17409956240495486], "world_orientation": [-1.3646460818445226e-06, 0.01595095904577874, 0.9998727753587743, -0.0007611640138628324, -0.999872485727759, 0.015950953386447152, 0.9999997103136989, -0.0007610454076385838, 1.3505768082608865e-05], "world_rotation": [0.0, 1.0, 0.0, 0.0]}, {"color": "CVPurple", "id_name": "object185157294172583", "shape": "CVBox", "id_string": "ob806", "world_size": [0.1, 0.1, 0.1], "id": 806, "camera_size": [41, 41], "camera_position": [256, 254], "world_position": [0.705, 0.6498037994254439, -0.15], "world_orientation": [1.0, 8.100187187665134e-17, -1.2653630886983698e-17, -8.100187187665134e-17, 1.0, -1.9397816686250694e-16, 1.2653630886983698e-17, 1.9397816686250694e-16, 1.0], "world_rotation": [-0.9211093596285536, 0.06008602943210125, 0.38463907325148433, -2.1059189642881336e-16]}], "source": "action wait"}
{"timestamp": 1706028947.953623, "objects": [{"color": "cv_", "id_name": "hand", "shape": "CVCylinder", "id_string": "ob382", "world_size": [0.12, 0.005, 0.12], "id": 382, "camera_size": [49, 49], "camera_position": [246, 317], "world_position": [0.5490113362992878, 0.6766951757982069, -0.17410058164468417], "world_orientation": [-3.321616571053056e-06, 0.010761385455688551, 0.9999420946095035, -0.0007613131446121182, -0.9999418048601199, 0.010761379808466741, 0.9999997101955895, -0.000761233315300054, 1.1514207471133964e-05], "world_rotation": [0.0, 1.0, 0.0, 0.0]}, {"color": "CVPurple", "id_name": "object185157294172583", "shape": "CVBox", "id_string": "ob806", "world_size": [0.1, 0.1, 0.1], "id": 806, "camera_size": [41, 41], "camera_position": [256, 254], "world_position": [0.705, 0.6498037994254439, -0.15], "world_orientation": [1.0, 8.100187187665134e-17, -1.2653630886983698e-17, -8.100187187665134e-17, 1.0, -1.9397816686250694e-16, 1.2653630886983698e-17, 1.9397816686250694e-16, 1.0], "world_rotation": [-0.9211093596285536, 0.06008602943210125, 0.38463907325148433, -2.1059189642881336e-16]}], "source": "action wait"}
