{"timestamp": 1706028858.991918, "objects": [{"color": "cv_", "id_name": "hand", "shape": "CVCylinder", "id_string": "ob382", "world_size": [0.12, 0.005, 0.12], "id": 382, "camera_size": [48, 50], "camera_position": [246, 426], "world_position": [0.26764451554013763, 0.6334703013847364, -0.17389260400847859], "world_orientation": [-0.0006415511688392554, 0.1979154748664093, 0.9802188802611901, -0.0007473675286804075, -0.9802189031249683, 0.19791499033236779, 0.9999995149268198, -0.0006056111687284307, 0.0007767761823571037], "world_rotation": [0.0, 1.0, 0.0, 0.0]}, {"color": "CVBlue", "id_name": "object157074530704279", "shape": "CVCylinder", "id_string": "ob764", "world_size": [0.11, 0.11, 0.11], "id": 764, "camera_size": [45, 45], "camera_position": [256, 254], "world_position": [0.705, 0.654738849708696, -0.15], "world_orientation": [1.0, -5.1619362862653347e-17, 1.4541359828532488e-17, 5.1619362862653347e-17, 1.0, 2.3824321321224633e-17, -1.4541359828532488e-17, -2.3824321321224633e-17, 1.0], "world_rotation": [-0.4059884517598224, 0.2477982093873522, 0.8796416454796148, 5.868226354211375e-17]}], "source": "manual check"}
{"timestamp": 1706028860.012909, "objects": [{"color": "cv_", "id_name": "hand", "shape": "CVCylinder", "id_string": "ob382", "world_size": [0.12, 0.005, 0.12], "id": 382, "camera_size": [48, 50], "camera_position": [246, 426], "world_position": [0.26764451554013763, 0.6334703013847364, -0.17389260400847859], "world_orientation": [-0.0006415511688392554, 0.1979154748664093, 0.9802188802611901, -0.0007473675286804075, -0.9802189031249683, 0.19791499033236779, 0.9999995149268198, -0.0006056111687284307, 0.0007767761823571037], "world_rotation": [0.0, 1.0, 0.0, 0.0]}, {"color": "CVBlue", "id_name": "object157074530704279", "shape": "CVCylinder", "id_string": "ob764", "world_size": [0.11, 0.11, 0.11], "id": 764, "camera_size": [45, 45], "camera_position": [256, 254], "world_position": [0.705, 0.6547388572526824, -0.15], "world_orientation": [1.0, -3.838362879530641e-17, 1.4813540171849057e-17, 3.838362879530641e-17, 1.0, 5.294293626938881e-18, -1.4813540171849057e-17, -5.294293626938881e-18, 1.0], "world_rotation": [-0.1276280613210114, 0.35710588544125776, 0.925303444577321, 4.1482206750932463e-17]}], "source": "manual check"}
{"timestamp": 1706028860.958977, "objects": [{"color": "cv_", "id_name": "hand", "shape": "CVCylinder", "id_string": "ob382", "world_size": [0.12, 0.005, 0.12], "id": 382, "camera_size": [48, 50], "camera_position": [246, 426], "world_position": [0.26764451554013763, 0.6334703013847364, -0.17389260400847859], "world_orientation": [-0.0006415511688392554, 0.1979154748664093, 0.9802188802611901, -0.0007473675286804075, -0.9802189031249683, 0.19791499033236779, 0.9999995149268198, -0.0006056111687284307, 0.0007767761823571037], "world_rotation": [0.0, 1.0, 0.0, 0.0]}, {"color": "CVBlue", "id_name": "object157074530704279", "shape": "CVCylinder", "id_string": "ob764", "world_size": [0.11, 0.11, 0.11], "id": 764, "camera_size": [45, 45], "camera_position": [256, 254], "world_position": [0.705, 0.6547388572526824, -0.15], "world_orientation": [1.0, -3.838362879530641e-17, 1.4813540171849057e-17, 3.838362879530641e-17, 1.0, 5.294293626938881e-18, -1.4813540171849057e-17, -5.294293626938881e-18, 1.0], "world_rotation": [-0.1276280613210114, 0.35710588544125776, 0.925303444577321, 4.1482206750932463e-17]}], "source": "action wait"}
{"timestamp": 1706028860.991088, "objects": [{"color": "cv_", "id_name": "hand", "shape": "CVCylinder", "id_string": "ob382", "world_size": [0.12, 0.005, 0.12], "id": 382, "camera_size": [48, 50], "camera_position": [246, 444], "world_position": [0.22514739470480347, 0.642871140630743, -0.17397270148360172], "world_orientation": [-0.0005236749980497662, 0.08856502234382262, 0.9960702598620916, -0.0007615736353312796, -0.996070142904539, 0.08856461155410582, 0.999999572884956, -0.0007122017760660055, 0.0005890658161729409], "world_rotation": [0.0, 1.0, 0.0, 0.0]}, {"color": "CVBlue", "id_name": "object157074530704279", "shape": "CVCylinder", "id_string": "ob764", "world_size": [0.11, 0.11, 0.11], "id": 764, "camera_size": [45, 45], "camera_position": [256, 254], "world_position": [0.705, 0.6547388572526824, -0.15], "world_orientation": [1.0, -3.838362879530641e-17, 1.4813540171849057e-17, 3.838362879530641e-17, 1.0, 5.294293626938881e-18, -1.4813540171849057e-17, -5.294293626938881e-18, 1.0], "world_rotation": [-0.1276280613210114, 0.35710588544125776, 0.925303444577321, 4.1482206750932463e-17]}], "source": "action wait"}
{"timestamp": 1706028861.028355, "objects": [{"color": "cv_", "id_name": "hand", "shape": "CVCylinder", "id_string": "ob382", "world_size": [0.12, 0.005, 0.12], "id": 382, "camera_size": [48, 50], "camera_position": [246, 471], "world_position": [0.163901714886777, 0.66002430453447, -0.17403875078231623], "world_orientation": [-0.0003781607513273547, 0.06187082111724004, 0.9980840938962632, -0.0007686807685288049, -0.9980838883778282, 0.0618705171343464, 0.9999996330620939, -0.0007438110471083519, 0.0004249950634429814], "world_rotation": [0.0, 1.0, 0.0, 0.0]}, {"color": "CVBlue", "id_name": "object157074530704279", "shape": "CVCylinder", "id_string": "ob764", "world_size": [0.11, 0.11, 0.11], "id": 764, "camera_size": [45, 45], "camera_position": [256, 254], "world_position": [0.705, 0.6547388572526824, -0.15], "world_orientation": [1.0, -3.838362879530641e-17, 1.4813540171849057e-17, 3.838362879530641e-17, 1.0, 5.294293626938881e-18, -1.4813540171849057e-17, -5.294293626938881e-18, 1.0], "world_rotation": [-0.1276280613210114, 0.35710588544125776, 0.925303444577321, 4.1482206750932463e-17]}], "source": "action wait"}
{"timestamp": 1706028861.057858, "objects": [{"color": "cv_", "id_name": "hand", "shape": "CVCylinder", "id_string": "ob382", "world_size": [0.12, 0.005, 0.12], "id": 382, "camera_size": [49, 46], "camera_position": [246, 488], "world_position": [0.1178703595548582, 0.6676875865389466, -0.17407780703459907], "world_orientation": [-0.00025735660854716327, 0.04331337086439336, 0.9990615024471415, -0.0007697872680689514, -0.9990612481048529, 0.04331316154168253, 0.9999996705975147, -0.0007579178962421842, 0.00029045709597209983], "world_rotation": [0.0, 1.0, 0.0, 0.0]}, {"color": "CVBlue", "id_name": "object157074530704279", "shape": "CVCylinder", "id_string": "ob764", "world_size": [0.11, 0.11, 0.11], "id": 764, "camera_size": [45, 45], "camera_position": [256, 254], "world_position": [0.705, 0.6547388572526824, -0.15], "world_orientation": [1.0, -3.838362879530641e-17, 1.4813540171849057e-17, 3.838362879530641e-17, 1.0, 5.294293626938881e-18, -1.4813540171849057e-17, -5.294293626938881e-18, 1.0], "world_rotation": [-0.1276280613210114, 0.35710588544125776, 0.925303444577321, 4.1482206750932463e-17]}], "source": "action wait"}
{"timestamp": 1706028861.090845, "objects": [{"color": "cv_", "id_name": "hand", "shape": "CVCylinder", "id_string": "ob382", "world_size": [0.12, 0.005, 0.12], "id": 382, "camera_size": [49, 34], "camera_position": [246, 494], "world_position": [0.08448309144937667, 0.6707868448481987, -0.1740965329648625], "world_orientation": [-0.0001749301626626177, 0.030180971933209275, 0.9995444353967488, -0.0007681379221115732, -0.9995441598619008, 0.0301808291817759, 0.9999996896817372, -0.0007625084483061383, 0.00019803357154157014], "world_rotation": [0.0, 1.0, 0.0, 0.0]}, {"color": "CVBlue", "id_name": "object157074530704279", "shape": "CVCylinder", "id_string": "ob764", "world_size": [0.11, 0.11, 0.11], "id": 764, "camera_size": [45, 45], "camera_position": [256, 254], "world_position": [0.705, 0.6547388572526824, -0.15], "world_orientation": [1.0, -3.838362879530641e-17, 1.4813540171849057e-17, 3.838362879530641e-17, 1.0, 5.294293626938881e-18, -1.4813540171849057e-17, -5.294293626938881e-18, 1.0], "world_rotation": [-0.1276280613210114, 0.35710588544125776, 0.925303444577321, 4.1482206750932463e-17]}], "source": "action wait"}
{"timestamp": 1706028861.125261, "objects": [{"color": "cv_", "id_name": "hand", "shape": "CVCylinder", "id_string": "ob382", "world_size": [0.12, 0.005, 0.12], "id": 382, "camera_size": [49, 25], "camera_position": [246, 499], "world_position": [0.06057135104884164, 0.6718147553283251, -0.17410508571226077], "world_orientation": [-0.00011907315980186211, 0.020891806434730376, 0.9997817353029993, -0.0007661269069556362, -0.9997814508853062, 0.02089170924636725, 0.9999996994355275, -0.0007634720466651508, 0.00013505291151313128], "world_rotation": [0.0, 1.0, 0.0, 0.0]}, {"color": "CVBlue", "id_name": "object157074530704279", "shape": "CVCylinder", "id_string": "ob764", "world_size": [0.11, 0.11, 0.11], "id": 764, "camera_size": [45, 45], "camera_position": [256, 254], "world_position": [0.705, 0.6547388572526824, -0.15], "world_orientation": [1.0, -3.838362879530641e-17, 1.4813540171849057e-17, 3.838362879530641e-17, 1.0, 5.294293626938881e-18, -1.4813540171849057e-17, -5.294293626938881e-18, 1.0], "world_rotation": [-0.1276280613210114, 0.35710588544125776, 0.925303444577321, 4.1482206750932463e-17]}], "source": "action wait"}
{"timestamp": 1706028861.159021, "objects": [{"color": "cv_", "id_name": "hand", "shape": "CVCylinder", "id_string": "ob382", "world_size": [0.12, 0.005, 0.12], "id": 382, "camera_size": [49, 19], "camera_position": [246, 502], "world_position": [0.04356464797666343, 0.6719702916760204, -0.17410869701612885], "world_orientation": [-8.137235328224297e-05, 0.014322984524719464, 0.9998974174848362, -0.0007645366411815677, -0.9998971294580872, 0.014322918180365785, 0.9999997044310887, -0.0007632927235321293, 9.231442894475813e-05], "world_rotation": [0.0, 1.0, 0.0, 0.0]}, {"color": "CVBlue", "id_name": "object157074530704279", "shape": "CVCylinder", "id_string": "ob764", "world_size": [0.11, 0.11, 0.11], "id": 764, "camera_size": [45, 45], "camera_position": [256, 254], "world_position": [0.705, 0.6547388572526824, -0.15], "world_orientation": [1.0, -3.838362879530641e-17, 1.4813540171849057e-17, 3.838362879530641e-17, 1.0, 5.294293626938881e-18, -1.4813540171849057e-17, -5.294293626938881e-18, 1.0], "world_rotation": [-0.1276280613210114, 0.35710588544125776, 0.925303444577321, 4.1482206750932463e-17]}], "source": "action wait"}
{"timestamp": 1706028861.192076, "objects": [{"color": "cv_", "id_name": "hand", "shape": "CVCylinder", "id_string": "ob382", "world_size": [0.12, 0.005, 0.12], "id": 382, "camera_size": [49, 15], "camera_position": [246, 504], "world_position": [0.03151651396258347, 0.6718051701653626, -0.1741099859023861], "world_orientation": [-5.597839436638562e-05, 0.009678707951306275, 0.99995315864235, -0.0007634924765530988, -0.9999528691759537, 0.009678662408429477, 0.9999997069727861, -0.0007629149175480476, 6.336537676247503e-05], "world_rotation": [0.0, 1.0, 0.0, 0.0]}, {"color": "CVBlue", "id_name": "object157074530704279", "shape": "CVCylinder", "id_string": "ob764", "world_size": [0.11, 0.11, 0.11], "id": 764, "camera_size": [45, 45], "camera_position": [256, 254], "world_position": [0.705, 0.6547388572526824, -0.15], "world_orientation": [1.0, -3.838362879530641e-17, 1.4813540171849057e-17, 3.838362879530641e-17, 1.0, 5.294293626938881e-18, -1.4813540171849057e-17, -5.294293626938881e-18, 1.0], "world_rotation": [-0.1276280613210114, 0.35710588544125776, 0.925303444577321, 4.1482206750932463e-17]}], "source": "action wait"}
{"timestamp": 1706028861.22472, "objects": [{"color": "cv_", "id_name": "hand", "shape": "CVCylinder", "id_string": "ob382", "world_size": [0.12, 0.005, 0.12], "id": 382, "camera_size": [49, 12], "camera_position": [246, 505], "world_position": [0.02300057703188478, 0.6715587257863811, -0.1741102371822247], "world_orientation": [-3.888563535300582e-05, 0.006395556215082092, 0.9999795474651505, -0.0007628978860105515, -0.999979257410227, 0.006395524693606299, 0.9999997082373189, -0.000762633588774183, 4.376398508093806e-05], "world_rotation": [0.0, 1.0, 0.0, 0.0]}, {"color": "CVBlue", "id_name": "object157074530704279", "shape": "CVCylinder", "id_string": "ob764", "world_size": [0.11, 0.11, 0.11], "id": 764, "camera_size": [45, 45], "camera_position": [256, 254], "world_position": [0.705, 0.6547388572526824, -0.15], "world_orientation": [1.0, -3.838362879530641e-17, 1.4813540171849057e-17, 3.838362879530641e-17, 1.0, 5.294293626938881e-18, -1.4813540171849057e-17, -5.294293626938881e-18, 1.0], "world_rotation": [-0.1276280613210114, 0.35710588544125776, 0.925303444577321, 4.1482206750932463e-17]}], "source": "action wait"}
{"timestamp": 1706028861.257048, "objects": [{"color": "cv_", "id_name": "hand", "shape": "CVCylinder", "id_string": "ob382", "world_size": [0.12, 0.005, 0.12], "id": 382, "camera_size": [49, 10], "camera_position": [246, 506], "world_position": [0.016989286947523455, 0.6713249637432116, -0.17411006690256114], "world_orientation": [-2.7407021916776232e-05, 0.0040748566294452416, 0.9999916973616854, -0.0007626140812240468, -0.9999914070346765, 0.004074834545240578, 0.9999997088342668, -0.0007624960704358271, 3.0514329454137073e-05], "world_rotation": [0.0, 1.0, 0.0, 0.0]}, {"color": "CVBlue", "id_name": "object157074530704279", "shape": "CVCylinder", "id_string": "ob764", "world_size": [0.11, 0.11, 0.11], "id": 764, "camera_size": [45, 45], "camera_position": [256, 254], "world_position": [0.705, 0.6547388572526824, -0.15], "world_orientation": [1.0, -3.838362879530641e-17, 1.4813540171849057e-17, 3.838362879530641e-17, 1.0, 5.294293626938881e-18, -1.4813540171849057e-17, -5.294293626938881e-18, 1.0], "world_rotation": [-0.1276280613210114, 0.35710588544125776, 0.925303444577321, 4.1482206750932463e-17]}], "source": "action wait"}
{"timestamp": 1706028861.286861, "objects": [{"color": "cv_", "id_name": "hand", "shape": "CVCylinder", "id_string": "ob382", "world_size": [0.12, 0.005, 0.12], "id": 382, "camera_size": [49, 9], "camera_position": [246, 507], "world_position": [0.01274930081827199, 0.6711334162167232, -0.17410976069235337], "world_orientation": [-1.9690345040163595e-05, 0.002434607455760291, 0.9999970361450211, -0.0007625218179028244, -0.9999967456564873, 0.0024345917341708025, 0.9999997090863415, -0.0007624716199478231, 2.1546722264428218e-05], "world_rotation": [0.0, 1.0, 0.0, 0.0]}, {"color": "CVBlue", "id_name": "object157074530704279", "shape": "CVCylinder", "id_string": "ob764", "world_size": [0.11, 0.11, 0.11], "id": 764, "camera_size": [45, 45], "camera_position": [256, 254], "world_position": [0.705, 0.6547388572526824, -0.15], "world_orientation": [1.0, -3.838362879530641e-17, 1.4813540171849057e-17, 3.838362879530641e-17, 1.0, 5.294293626938881e-18, -1.4813540171849057e-17, -5.294293626938881e-18, 1.0], "world_rotation": [-0.1276280613210114, 0.35710588544125776, 0.925303444577321, 4.1482206750932463e-17]}], "source": "action wait"}
{"timestamp": 1706028861.315919, "objects": [{"color": "cv_", "id_name": "hand", "shape": "CVCylinder", "id_string": "ob382", "world_size": [0.12, 0.005, 0.12], "id": 382, "camera_size": [49, 8], "camera_position": [246, 507], "world_position": [0.009760027730146644, 0.6709870969203957, -0.1741094434695834], "world_orientation": [-1.4517461182002445e-05, 0.001275379292722936, 0.9999991865981207, -0.000762535787288662, -0.9999988959873983, 0.0012753678519916364, 0.9999997091641659, -0.0007625166519376861, 1.548996750797506e-05], "world_rotation": [0.0, 1.0, 0.0, 0.0]}, {"color": "CVBlue", "id_name": "object157074530704279", "shape": "CVCylinder", "id_string": "ob764", "world_size": [0.11, 0.11, 0.11], "id": 764, "camera_size": [45, 45], "camera_position": [256, 254], "world_position": [0.705, 0.6547388572526824, -0.15], "world_orientation": [1.0, -3.838362879530641e-17, 1.4813540171849057e-17, 3.838362879530641e-17, 1.0, 5.294293626938881e-18, -1.4813540171849057e-17, -5.294293626938881e-18, 1.0], "world_rotation": [-0.1276280613210114, 0.35710588544125776, 0.925303444577321, 4.1482206750932463e-17]}], "source": "action wait"}
{"timestamp": 1706028861.347054, "objects": [{"color": "cv_", "id_name": "hand", "shape": "CVCylinder", "id_string": "ob382", "world_size": [0.12, 0.005, 0.12], "id": 382, "camera_size": [49, 7], "camera_position": [246, 508], "world_position": [0.007653057186647768, 0.6708796357589739, -0.17410916370661556], "world_orientation": [-1.1043398206892376e-05, 0.0004561601835278265, 0.9999998958979599, -0.0007626007763434931, -0.9999996051827956, 0.0004561516292104597, 0.9999997091590075, -0.0007625956594914902, 1.1391261957228717e-05], "world_rotation": [0.0, 1.0, 0.0, 0.0]}, {"color": "CVBlue", "id_name": "object157074530704279", "shape": "CVCylinder", "id_string": "ob764", "world_size": [0.11, 0.11, 0.11], "id": 764, "camera_size": [45, 45], "camera_position": [256, 254], "world_position": [0.705, 0.6547388572526824, -0.15], "world_orientation": [1.0, -3.838362879530641e-17, 1.4813540171849057e-17, 3.838362879530641e-17, 1.0, 5.294293626938881e-18, -1.4813540171849057e-17, -5.294293626938881e-18, 1.0], "world_rotation": [-0.1276280613210114, 0.35710588544125776, 0.925303444577321, 4.1482206750932463e-17]}], "source": "action wait"}
{"timestamp": 1706028861.381795, "objects": [{"color": "cv_", "id_name": "hand", "shape": "CVCylinder", "id_string": "ob382", "world_size": [0.12, 0.005, 0.12], "id": 382, "camera_size": [49, 7], "camera_position": [246, 508], "world_position": [0.006168157205002804, 0.6708025681177058, -0.1741089348490665], "world_orientation": [-8.71535841013129e-06, -0.0001227435320342564, 0.999999992429034, -0.0007626839557641037, -0.9999997016227485, -0.00012275014340329044, 0.9999997091185708, -0.0007626850198016741, 8.621741287474015e-06], "world_rotation": [0.0, 1.0, 0.0, 0.0]}, {"color": "CVBlue", "id_name": "object157074530704279", "shape": "CVCylinder", "id_string": "ob764", "world_size": [0.11, 0.11, 0.11], "id": 764, "camera_size": [45, 45], "camera_position": [256, 254], "world_position": [0.705, 0.6547388572526824, -0.15], "world_orientation": [1.0, -3.838362879530641e-17, 1.4813540171849057e-17, 3.838362879530641e-17, 1.0, 5.294293626938881e-18, -1.4813540171849057e-17, -5.294293626938881e-18, 1.0], "world_rotation": [-0.1276280613210114, 0.35710588544125776, 0.925303444577321, 4.1482206750932463e-17]}], "source": "action wait"}
{"timestamp": 1706028861.420298, "objects": [{"color": "CVBlue", "id_name": "object157074530704279", "shape": "CVCylinder", "id_string": "ob764", "world_size": [0.11, 0.11, 0.11], "id": 764, "camera_size": [45, 45], "camera_position": [256, 254], "world_position": [0.705, 0.6547388572526824, -0.15], "world_orientation": [1.0, -3.838362879530641e-17, 1.4813540171849057e-17, 3.838362879530641e-17, 1.0, 5.294293626938881e-18, -1.4813540171849057e-17, -5.294293626938881e-18, 1.0], "world_rotation": [-0.1276280613210114, 0.35710588544125776, 0.925303444577321, 4.1482206750932463e-17]}], "source": "action wait"}
{"timestamp": 1706028864.243627, "objects": [{"color": "CVBlue", "id_name": "object157074530704279", "shape": "CVCylinder", "id_string": "ob764", "world_size": [0.11, 0.11, 0.11], "id": 764, "camera_size": [45, 45], "camera_position": [256, 254], "world_position": [0.705, 0.6547388572526824, -0.15], "world_orientation": [1.0, -3.838362879530641e-17, 1.4813540171849057e-17, 3.838362879530641e-17, 1.0, 5.294293626938881e-18, -1.4813540171849057e-17, -5.294293626938881e-18, 1.0], "world_rotation": [-0.1276280613210114, 0.35710588544125776, 0.925303444577321, 4.1482206750932463e-17]}], "source": "action wait"}
{"timestamp": 1706028864.27702, "objects": [{"color": "cv_", "id_name": "hand", "shape": "CVCylinder", "id_string": "ob382", "world_size": [0.12, 0.005, 0.12], "id": 382, "camera_size": [51, 10], "camera_position": [246, 506], "world_position": [0.03547634416013783, 0.7265353123773141, -0.1741229386108351], "world_orientation": [0.00015801943503696304, 0.19316965637992592, 0.9811653575641159, -0.0007082988691346471, -0.9811651020743897, 0.1931697201531972, 0.9999997366712504, -0.0007254828832418946, -1.822130594232215e-05], "world_rotation": [0.0, 1.0, 0.0, 0.0]}, {"color": "CVBlue", "id_name": "object157074530704279", "shape": "CVCylinder", "id_string": "ob764", "world_size": [0.11, 0.11, 0.11], "id": 764, "camera_size": [45, 45], "camera_position": [256, 254], "world_position": [0.705, 0.6547388572526824, -0.15], "world_orientation": [1.0, -3.838362879530641e-17, 1.4813540171849057e-17, 3.838362879530641e-17, 1.0, 5.294293626938881e-18, -1.4813540171849057e-17, -5.294293626938881e-18, 1.0], "world_rotation": [-0.1276280613210114, 0.35710588544125776, 0.925303444577321, 4.1482206750932463e-17]}], "source": "action wait"}
{"timestamp": 1706028864.313342, "objects": [{"color": "cv_", "id_name": "hand", "shape": "CVCylinder", "id_string": "ob382", "world_size": [0.12, 0.005, 0.12], "id": 382, "camera_size": [53, 20], "camera_position": [245, 501], "world_position": [0.08390437212984451, 0.7795242229392666, -0.17412487482997588], "world_orientation": [0.0002569861090223494, 0.29664032238454485, 0.9549892423968623, -0.0007069716249302877, -0.9549889813812154, 0.29664043155239406, 0.9999997170745907, -0.0007513827667718544, -3.570261174787336e-05], "world_rotation": [0.0, 1.0, 0.0, 0.0]}, {"color": "CVBlue", "id_name": "object157074530704279", "shape": "CVCylinder", "id_string": "ob764", "world_size": [0.11, 0.11, 0.11], "id": 764, "camera_size": [45, 45], "camera_position": [256, 254], "world_position": [0.705, 0.6547388572526824, -0.15], "world_orientation": [1.0, -3.838362879530641e-17, 1.4813540171849057e-17, 3.838362879530641e-17, 1.0, 5.294293626938881e-18, -1.4813540171849057e-17, -5.294293626938881e-18, 1.0], "world_rotation": [-0.1276280613210114, 0.35710588544125776, 0.925303444577321, 4.1482206750932463e-17]}], "source": "action wait"}
{"timestamp": 1706028864.350186, "objects": [{"color": "cv_", "id_name": "hand", "shape": "CVCylinder", "id_string": "ob382", "world_size": [0.12, 0.005, 0.12], "id": 382, "camera_size": [55, 37], "camera_position": [245, 493], "world_position": [0.1407767913289694, 0.811454031748172, -0.17412066078662114], "world_orientation": [0.0002882621239272416, 0.33660286107938053, 0.9416466592189041, -0.0007128810918546233, -0.9416463898990226, 0.3366029830389015, 0.9999997043527047, -0.000768311989376491, -3.1483173212587594e-05], "world_rotation": [0.0, 1.0, 0.0, 0.0]}, {"color": "CVBlue", "id_name": "object157074530704279", "shape": "CVCylinder", "id_string": "ob764", "world_size": [0.11, 0.11, 0.11], "id": 764, "camera_size": [45, 45], "camera_position": [256, 254], "world_position": [0.705, 0.6547388572526824, -0.15], "world_orientation": [1.0, -3.838362879530641e-17, 1.4813540171849057e-17, 3.838362879530641e-17, 1.0, 5.294293626938881e-18, -1.4813540171849057e-17, -5.294293626938881e-18, 1.0], "world_rotation": [-0.1276280613210114, 0.35710588544125776, 0.925303444577321, 4.1482206750932463e-17]}], "source": "action wait"}
{"timestamp": 1706028864.387016, "objects": [{"color": "cv_", "id_name": "hand", "shape": "CVCylinder", "id_string": "ob382", "world_size": [0.12, 0.005, 0.12], "id": 382, "camera_size": [55, 59], "camera_position": [245, 480], "world_position": [0.20220866983991503, 0.8255550284262904, -0.17411729634940035], "world_orientation": [0.00028614778118054494, 0.3367468591931459, 0.941595173597974, -0.0007225542166672112, -0.9415948967260407, 0.3367469797561386, 0.9999996980173801, -0.0007767129641534001, -2.6117427409167978e-05], "world_rotation": [0.0, 1.0, 0.0, 0.0]}, {"color": "CVBlue", "id_name": "object157074530704279", "shape": "CVCylinder", "id_string": "ob764", "world_size": [0.11, 0.11, 0.11], "id": 764, "camera_size": [45, 45], "camera_position": [256, 254], "world_position": [0.705, 0.6547388572526824, -0.15], "world_orientation": [1.0, -3.838362879530641e-17, 1.4813540171849057e-17, 3.838362879530641e-17, 1.0, 5.294293626938881e-18, -1.4813540171849057e-17, -5.294293626938881e-18, 1.0], "world_rotation": [-0.1276280613210114, 0.35710588544125776, 0.925303444577321, 4.1482206750932463e-17]}], "source": "action wait"}
{"timestamp": 1706028864.420088, "objects": [{"color": "cv_", "id_name": "hand", "shape": "CVCylinder", "id_string": "ob382", "world_size": [0.12, 0.005, 0.12], "id": 382, "camera_size": [55, 58], "camera_position": [245, 451], "world_position": [0.2662646618372235, 0.8245695791537326, -0.17411456146569834], "world_orientation": [0.0002607189114254677, 0.30885552853159326, 0.9511089288410235, -0.0007356793307630814, -0.9511086445447464, 0.3088556378766269, 0.9999996954007394, -0.0007802356859476209, -2.0753381919999633e-05], "world_rotation": [0.0, 1.0, 0.0, 0.0]}, {"color": "CVBlue", "id_name": "object157074530704279", "shape": "CVCylinder", "id_string": "ob764", "world_size": [0.11, 0.11, 0.11], "id": 764, "camera_size": [45, 45], "camera_position": [256, 254], "world_position": [0.705, 0.6547388572526824, -0.15], "world_orientation": [1.0, -3.838362879530641e-17, 1.4813540171849057e-17, 3.838362879530641e-17, 1.0, 5.294293626938881e-18, -1.4813540171849057e-17, -5.294293626938881e-18, 1.0], "world_rotation": [-0.1276280613210114, 0.35710588544125776, 0.925303444577321, 4.1482206750932463e-17]}], "source": "action wait"}
{"timestamp": 1706028864.452373, "objects": [{"color": "cv_", "id_name": "hand", "shape": "CVCylinder", "id_string": "ob382", "world_size": [0.12, 0.005, 0.12], "id": 382, "camera_size": [54, 56], "camera_position": [245, 420], "world_position": [0.33092593950597265, 0.8106753321788382, -0.1741121518477427], "world_orientation": [0.0002186109486179034, 0.2605752109908633, 0.9654535263938498, -0.0007501038381929723, -0.9654532351253052, 0.2605753022262746, 0.9999996947766959, -0.0007811550097512795, -1.5600181674329267e-05], "world_rotation": [0.0, 1.0, 0.0, 0.0]}, {"color": "CVBlue", "id_name": "object157074530704279", "shape": "CVCylinder", "id_string": "ob764", "world_size": [0.11, 0.11, 0.11], "id": 764, "camera_size": [45, 45], "camera_position": [256, 254], "world_position": [0.705, 0.6547388572526824, -0.15], "world_orientation": [1.0, -3.838362879530641e-17, 1.4813540171849057e-17, 3.838362879530641e-17, 1.0, 5.294293626938881e-18, -1.4813540171849057e-17, -5.294293626938881e-18, 1.0], "world_rotation": [-0.1276280613210114, 0.35710588544125776, 0.925303444577321, 4.1482206750932463e-17]}], "source": "action wait"}
{"timestamp": 1706028864.482331, "objects": [{"color": "cv_", "id_name": "hand", "shape": "CVCylinder", "id_string": "ob382", "world_size": [0.12, 0.005, 0.12], "id": 382, "camera_size": [53, 55], "camera_position": [245, 390], "world_position": [0.39440301239069764, 0.7856412170285962, -0.1741098705158883], "world_orientation": [0.00016443451475866436, 0.19719811978977478, 0.9803636440182123, -0.0007633872576233056, -0.9803633468599022, 0.19719818805847686, 0.9999996951005462, -0.0007808233020456297, -1.066703935287108e-05], "world_rotation": [0.0, 1.0, 0.0, 0.0]}, {"color": "CVBlue", "id_name": "object157074530704279", "shape": "CVCylinder", "id_string": "ob764", "world_size": [0.11, 0.11, 0.11], "id": 764, "camera_size": [45, 45], "camera_position": [256, 254], "world_position": [0.705, 0.6547388572526824, -0.15], "world_orientation": [1.0, -3.838362879530641e-17, 1.4813540171849057e-17, 3.838362879530641e-17, 1.0, 5.294293626938881e-18, -1.4813540171849057e-17, -5.294293626938881e-18, 1.0], "world_rotation": [-0.1276280613210114, 0.35710588544125776, 0.925303444577321, 4.1482206750932463e-17]}], "source": "action wait"}
{"timestamp": 1706028864.513332, "objects": [{"color": "cv_", "id_name": "hand", "shape": "CVCylinder", "id_string": "ob382", "world_size": [0.12, 0.005, 0.12], "id": 382, "camera_size": [52, 53], "camera_position": [245, 365], "world_position": [0.44574023063875057, 0.7578971243869046, -0.17410289300779133], "world_orientation": [0.00010278553635659804, 0.13904819674024502, 0.9902856095179915, -0.0007679291137828386, -0.9902853117805078, 0.13904823464056948, 0.9999996998599598, -0.0007747612978863406, 4.992151578829001e-06], "world_rotation": [0.0, 1.0, 0.0, 0.0]}, {"color": "CVBlue", "id_name": "object157074530704279", "shape": "CVCylinder", "id_string": "ob764", "world_size": [0.11, 0.11, 0.11], "id": 764, "camera_size": [45, 45], "camera_position": [256, 254], "world_position": [0.705, 0.6547388572526824, -0.15], "world_orientation": [1.0, -3.838362879530641e-17, 1.4813540171849057e-17, 3.838362879530641e-17, 1.0, 5.294293626938881e-18, -1.4813540171849057e-17, -5.294293626938881e-18, 1.0], "world_rotation": [-0.1276280613210114, 0.35710588544125776, 0.925303444577321, 4.1482206750932463e-17]}], "source": "action wait"}
{"timestamp": 1706028864.545695, "objects": [{"color": "cv_", "id_name": "hand", "shape": "CVCylinder", "id_string": "ob382", "world_size": [0.12, 0.005, 0.12], "id": 382, "camera_size": [51, 52], "camera_position": [246, 348], "world_position": [0.48061370005614745, 0.7351779734040786, -0.17409837809146614], "world_orientation": [6.0198365438260065e-05, 0.09771138363143037, 0.9952147918338977, -0.0007666233957602548, -0.9952144966782206, 0.09771140102406388, 0.9999997043323193, -0.0007688370098532043, 1.4997546763868448e-05], "world_rotation": [0.0, 1.0, 0.0, 0.0]}, {"color": "CVBlue", "id_name": "object157074530704279", "shape": "CVCylinder", "id_string": "ob764", "world_size": [0.11, 0.11, 0.11], "id": 764, "camera_size": [45, 45], "camera_position": [256, 254], "world_position": [0.705, 0.6547388572526824, -0.15], "world_orientation": [1.0, -3.838362879530641e-17, 1.4813540171849057e-17, 3.838362879530641e-17, 1.0, 5.294293626938881e-18, -1.4813540171849057e-17, -5.294293626938881e-18, 1.0], "world_rotation": [-0.1276280613210114, 0.35710588544125776, 0.925303444577321, 4.1482206750932463e-17]}], "source": "action wait"}
{"timestamp": 1706028864.579243, "objects": [{"color": "cv_", "id_name": "hand", "shape": "CVCylinder", "id_string": "ob382", "world_size": [0.12, 0.005, 0.12], "id": 382, "camera_size": [51, 51], "camera_position": [246, 338], "world_position": [0.5043848300342538, 0.7176723175792639, -0.17409680003108924], "world_orientation": [3.37816909835661e-05, 0.06846144956385354, 0.9976537619747712, -0.0007644139522736845, -0.9976534692972392, 0.06846145536352902, 0.9999997072650108, -0.0007649331989215591, 1.8630466031397117e-05], "world_rotation": [0.0, 1.0, 0.0, 0.0]}, {"color": "CVBlue", "id_name": "object157074530704279", "shape": "CVCylinder", "id_string": "ob764", "world_size": [0.11, 0.11, 0.11], "id": 764, "camera_size": [45, 45], "camera_position": [256, 254], "world_position": [0.705, 0.6547388572526824, -0.15], "world_orientation": [1.0, -3.838362879530641e-17, 1.4813540171849057e-17, 3.838362879530641e-17, 1.0, 5.294293626938881e-18, -1.4813540171849057e-17, -5.294293626938881e-18, 1.0], "world_rotation": [-0.1276280613210114, 0.35710588544125776, 0.925303444577321, 4.1482206750932463e-17]}], "source": "action wait"}
{"timestamp": 1706028864.614732, "objects": [{"color": "cv_", "id_name": "hand", "shape": "CVCylinder", "id_string": "ob382", "world_size": [0.12, 0.005, 0.12], "id": 382, "camera_size": [49, 50], "camera_position": [246, 330], "world_position": [0.5206999121710957, 0.704633656847969, -0.1740967938669878], "world_orientation": [1.756718823857205e-05, 0.047802596988178674, 0.9988568022557487, -0.0007626882818150586, -0.9988565112551476, 0.047802596475296825, 0.9999997089989471, -0.0007626561355026481, 1.8911380207050524e-05], "world_rotation": [0.0, 1.0, 0.0, 0.0]}, {"color": "CVBlue", "id_name": "object157074530704279", "shape": "CVCylinder", "id_string": "ob764", "world_size": [0.11, 0.11, 0.11], "id": 764, "camera_size": [45, 45], "camera_position": [256, 254], "world_position": [0.705, 0.6547388572526824, -0.15], "world_orientation": [1.0, -3.838362879530641e-17, 1.4813540171849057e-17, 3.838362879530641e-17, 1.0, 5.294293626938881e-18, -1.4813540171849057e-17, -5.294293626938881e-18, 1.0], "world_rotation": [-0.1276280613210114, 0.35710588544125776, 0.925303444577321, 4.1482206750932463e-17]}], "source": "action wait"}
{"timestamp": 1706028864.649803, "objects": [{"color": "cv_", "id_name": "hand", "shape": "CVCylinder", "id_string": "ob382", "world_size": [0.12, 0.005, 0.12], "id": 382, "camera_size": [49, 49], "camera_position": [246, 325], "world_position": [0.531968598962584, 0.6951182236460028, -0.1740975478215069], "world_orientation": [7.739744258235546e-06, 0.033224718187339325, 0.9994479066171826, -0.0007616752190399811, -0.9994476165367889, 0.03322471444260435, 0.9999997098954364, -0.0007615118539848722, 1.7570975551761575e-05], "world_rotation": [0.0, 1.0, 0.0, 0.0]}, {"color": "CVBlue", "id_name": "object157074530704279", "shape": "CVCylinder", "id_string": "ob764", "world_size": [0.11, 0.11, 0.11], "id": 764, "camera_size": [45, 45], "camera_position": [256, 254], "world_position": [0.705, 0.6547388572526824, -0.15], "world_orientation": [1.0, -3.838362879530641e-17, 1.4813540171849057e-17, 3.838362879530641e-17, 1.0, 5.294293626938881e-18, -1.4813540171849057e-17, -5.294293626938881e-18, 1.0], "world_rotation": [-0.1276280613210114, 0.35710588544125776, 0.925303444577321, 4.1482206750932463e-17]}], "source": "action wait"}
{"timestamp": 1706028864.684231, "objects": [{"color": "cv_", "id_name": "hand", "shape": "CVCylinder", "id_string": "ob382", "world_size": [0.12, 0.005, 0.12], "id": 382, "camera_size": [49, 50], "camera_position": [246, 321], "world_position": [0.5397927938200041, 0.6882624659675058, -0.17409859863690386], "world_orientation": [1.8974144001779478e-06, 0.022942338843792626, 0.9997367899026107, -0.0007612386253827483, -0.9997365002053713, 0.022942333640476237, 0.9999997102560356, -0.0007610817908046027, 1.5567680053013382e-05], "world_rotation": [0.0, 1.0, 0.0, 0.0]}, {"color": "CVBlue", "id_name": "object157074530704279", "shape": "CVCylinder", "id_string": "ob764", "world_size": [0.11, 0.11, 0.11], "id": 764, "camera_size": [45, 45], "camera_position": [256, 254], "world_position": [0.705, 0.6547388572526824, -0.15], "world_orientation": [1.0, -3.838362879530641e-17, 1.4813540171849057e-17, 3.838362879530641e-17, 1.0, 5.294293626938881e-18, -1.4813540171849057e-17, -5.294293626938881e-18, 1.0], "world_rotation": [-0.1276280613210114, 0.35710588544125776, 0.925303444577321, 4.1482206750932463e-17]}], "source": "action wait"}
{"timestamp": 1706028864.716553, "objects": [{"color": "cv_", "id_name": "hand", "shape": "CVCylinder", "id_string": "ob382", "world_size": [0.12, 0.005, 0.12], "id": 382, "camera_size": [49, 49], "camera_position": [246, 319], "world_position": [0.5452478792470509, 0.6833637036833703, -0.17409969535099135], "world_orientation": [-1.5027811384991432e-06, 0.015691216950840914, 0.9998768852755541, -0.0007611791815501178, -0.9998765956333828, 0.01569121126141695, 0.9999997103019558, -0.0007610618887289502, 1.3446423365280651e-05], "world_rotation": [0.0, 1.0, 0.0, 0.0]}, {"color": "CVBlue", "id_name": "object157074530704279", "shape": "CVCylinder", "id_string": "ob764", "world_size": [0.11, 0.11, 0.11], "id": 764, "camera_size": [45, 45], "camera_position": [256, 254], "world_position": [0.705, 0.6547388572526824, -0.15], "world_orientation": [1.0, -3.838362879530641e-17, 1.4813540171849057e-17, 3.838362879530641e-17, 1.0, 5.294293626938881e-18, -1.4813540171849057e-17, -5.294293626938881e-18, 1.0], "world_rotation": [-0.1276280613210114, 0.35710588544125776, 0.925303444577321, 4.1482206750932463e-17]}], "source": "action wait"}
{"timestamp": 1706028864.740243, "objects": [{"color": "cv_", "id_name": "hand", "shape": "CVCylinder", "id_string": "ob382", "world_size": [0.12, 0.005, 0.12], "id": 382, "camera_size": [49, 49], "camera_position": [246, 317], "world_position": [0.5490631800501965, 0.6798822554402721, -0.1741007130287316], "world_orientation": [-3.3962681684144957e-06, 0.010578179207352382, 0.9999440494913316, -0.000761329286611707, -0.9999437597294821, 0.01057817355620536, 0.9999997101830495, -0.0007612507635370839, 1.1449554791326811e-05], "world_rotation": [0.0, 1.0, 0.0, 0.0]}, {"color": "CVBlue", "id_name": "object157074530704279", "shape": "CVCylinder", "id_string": "ob764", "world_size": [0.11, 0.11, 0.11], "id": 764, "camera_size": [45, 45], "camera_position": [256, 254], "world_position": [0.705, 0.6547388572526824, -0.15], "world_orientation": [1.0, -3.838362879530641e-17, 1.4813540171849057e-17, 3.838362879530641e-17, 1.0, 5.294293626938881e-18, -1.4813540171849057e-17, -5.294293626938881e-18, 1.0], "world_rotation": [-0.1276280613210114, 0.35710588544125776, 0.925303444577321, 4.1482206750932463e-17]}], "source": "action wait"}
{"timestamp": 1706028864.778768, "objects": [{"color": "cv_", "id_name": "hand", "shape": "CVCylinder", "id_string": "ob382", "world_size": [0.12, 0.005, 0.12], "id": 382, "camera_size": [49, 49], "camera_position": [246, 316], "world_position": [0.5517378595600837, 0.6774169022599723, -0.1741015990572444], "world_orientation": [-4.395747086828481e-06, 0.0069728956625769115, 0.9999756890578673, -0.0007615739191464931, -0.9999753991004622, 0.006972890292917713, 0.9999997099928795, -0.0007615247535051788, 9.706014425410944e-06], "world_rotation": [0.0, 1.0, 0.0, 0.0]}, {"color": "CVBlue", "id_name": "object157074530704279", "shape": "CVCylinder", "id_string": "ob764", "world_size": [0.11, 0.11, 0.11], "id": 764, "camera_size": [45, 45], "camera_position": [256, 254], "world_position": [0.705, 0.6547388572526824, -0.15], "world_orientation": [1.0, -3.838362879530641e-17, 1.4813540171849057e-17, 3.838362879530641e-17, 1.0, 5.294293626938881e-18, -1.4813540171849057e-17, -5.294293626938881e-18, 1.0], "world_rotation": [-0.1276280613210114, 0.35710588544125776, 0.925303444577321, 4.1482206750932463e-17]}], "source": "action wait"}
{"timestamp": 1706028864.812155, "objects": [{"color": "cv_", "id_name": "hand", "shape": "CVCylinder", "id_string": "ob382", "world_size": [0.12, 0.005, 0.12], "id": 382, "camera_size": [49, 49], "camera_position": [246, 315], "world_position": [0.5536161367371452, 0.675675192201736, -0.17410234039616743], "world_orientation": [-4.8609088363367555e-06, 0.004430762874622055, 0.9999901841101845, -0.0007618425272827985, -0.9999898939391951, 0.0044307578856475046, 0.9999997097861256, -0.0007618135116107254, 8.236403298255803e-06], "world_rotation": [0.0, 1.0, 0.0, 0.0]}, {"color": "CVBlue", "id_name": "object157074530704279", "shape": "CVCylinder", "id_string": "ob764", "world_size": [0.11, 0.11, 0.11], "id": 764, "camera_size": [45, 45], "camera_position": [256, 254], "world_position": [0.705, 0.6547388572526824, -0.15], "world_orientation": [1.0, -3.838362879530641e-17, 1.4813540171849057e-17, 3.838362879530641e-17, 1.0, 5.294293626938881e-18, -1.4813540171849057e-17, -5.294293626938881e-18, 1.0], "world_rotation": [-0.1276280613210114, 0.35710588544125776, 0.925303444577321, 4.1482206750932463e-17]}], "source": "action wait"}
