{"timestamp": 1706067603.505379, "objects": [{"color": "cv_", "id_name": "hand", "shape": "CVCylinder", "id_string": "ob383", "world_size": [0.12, 0.005, 0.12], "id": 383, "camera_size": [48, 50], "camera_position": [246, 426], "world_position": [0.26764451554013763, 0.6334703013847399, -0.17389260400847834], "world_orientation": [-0.0006415511557847717, 0.1979154748664123, 0.9802188802611981, -0.0007473675260448233, -0.9802189031249678, 0.1979149903323806, 0.9999995149268301, -0.0006056111687286563, 0.0007767761690392306], "world_rotation": [0.0, 1.0, 0.0, 0.0]}, {"color": "CVBlue", "id_name": "object63942102826010", "shape": "CVCone", "id_string": "ob541", "world_size": [0.11, 0.11, 0.11], "id": 541, "camera_size": [45, 45], "camera_position": [256, 254], "world_position": [0.705, 0.654738849708696, -0.15], "world_orientation": [1.0, -5.1619362862653347e-17, 1.4541359828532488e-17, 5.1619362862653347e-17, 1.0, 2.3824321321224633e-17, -1.4541359828532488e-17, -2.3824321321224633e-17, 1.0], "world_rotation": [-0.4059884517598224, 0.2477982093873522, 0.8796416454796148, 5.868226354211375e-17]}], "source": "manual check"}
{"timestamp": 1706067604.525884, "objects": [{"color": "cv_", "id_name": "hand", "shape": "CVCylinder", "id_string": "ob383", "world_size": [0.12, 0.005, 0.12], "id": 383, "camera_size": [48, 50], "camera_position": [246, 426], "world_position": [0.26764451554013763, 0.6334703013847399, -0.17389260400847834], "world_orientation": [-0.0006415511557847717, 0.1979154748664123, 0.9802188802611981, -0.0007473675260448233, -0.9802189031249678, 0.1979149903323806, 0.9999995149268301, -0.0006056111687286563, 0.0007767761690392306], "world_rotation": [0.0, 1.0, 0.0, 0.0]}, {"color": "CVBlue", "id_name": "object63942102826010", "shape": "CVCone", "id_string": "ob541", "world_size": [0.11, 0.11, 0.11], "id": 541, "camera_size": [45, 45], "camera_position": [256, 254], "world_position": [0.705, 0.6547388572526824, -0.15], "world_orientation": [1.0, -3.838362879530641e-17, 1.4813540171849057e-17, 3.838362879530641e-17, 1.0, 5.294293626938881e-18, -1.4813540171849057e-17, -5.294293626938881e-18, 1.0], "world_rotation": [-0.1276280613210114, 0.35710588544125776, 0.925303444577321, 4.1482206750932463e-17]}], "source": "manual check"}
{"timestamp": 1706067605.255444, "objects": [{"color": "cv_", "id_name": "hand", "shape": "CVCylinder", "id_string": "ob383", "world_size": [0.12, 0.005, 0.12], "id": 383, "camera_size": [48, 50], "camera_position": [246, 426], "world_position": [0.26764451554013763, 0.6334703013847399, -0.17389260400847834], "world_orientation": [-0.0006415511557847717, 0.1979154748664123, 0.9802188802611981, -0.0007473675260448233, -0.9802189031249678, 0.1979149903323806, 0.9999995149268301, -0.0006056111687286563, 0.0007767761690392306], "world_rotation": [0.0, 1.0, 0.0, 0.0]}, {"color": "CVBlue", "id_name": "object63942102826010", "shape": "CVCone", "id_string": "ob541", "world_size": [0.11, 0.11, 0.11], "id": 541, "camera_size": [45, 45], "camera_position": [256, 254], "world_position": [0.705, 0.6547388572526824, -0.15], "world_orientation": [1.0, -3.838362879530641e-17, 1.4813540171849057e-17, 3.838362879530641e-17, 1.0, 5.294293626938881e-18, -1.4813540171849057e-17, -5.294293626938881e-18, 1.0], "world_rotation": [-0.1276280613210114, 0.35710588544125776, 0.925303444577321, 4.1482206750932463e-17]}], "source": "action wait"}
{"timestamp": 1706067605.283692, "objects": [{"color": "cv_", "id_name": "hand", "shape": "CVCylinder", "id_string": "ob383", "world_size": [0.12, 0.005, 0.12], "id": 383, "camera_size": [48, 50], "camera_position": [246, 444], "world_position": [0.22514739449381763, 0.6428711415006733, -0.17397270148329724], "world_orientation": [-0.000523674988436465, 0.08856502087326323, 0.9960702599928507, -0.0007615736330430468, -0.9960701430352933, 0.08856461008355486, 0.9999995728849628, -0.0007122017755078362, 0.0005890658053432945], "world_rotation": [0.0, 1.0, 0.0, 0.0]}, {"color": "CVBlue", "id_name": "object63942102826010", "shape": "CVCone", "id_string": "ob541", "world_size": [0.11, 0.11, 0.11], "id": 541, "camera_size": [45, 45], "camera_position": [256, 254], "world_position": [0.705, 0.6547388572526824, -0.15], "world_orientation": [1.0, -3.838362879530641e-17, 1.4813540171849057e-17, 3.838362879530641e-17, 1.0, 5.294293626938881e-18, -1.4813540171849057e-17, -5.294293626938881e-18, 1.0], "world_rotation": [-0.1276280613210114, 0.35710588544125776, 0.925303444577321, 4.1482206750932463e-17]}], "source": "action wait"}
{"timestamp": 1706067605.314538, "objects": [{"color": "cv_", "id_name": "hand", "shape": "CVCylinder", "id_string": "ob383", "world_size": [0.12, 0.005, 0.12], "id": 383, "camera_size": [48, 50], "camera_position": [246, 471], "world_position": [0.16390171321456962, 0.660024307078671, -0.174038750781903], "world_orientation": [-0.00037816074554626914, 0.06187081909388395, 0.9980840940216924, -0.0007686807674864075, -0.9980838885032551, 0.06187051511099544, 0.9999996330620968, -0.0007438110472871979, 0.00042499505610059607], "world_rotation": [0.0, 1.0, 0.0, 0.0]}, {"color": "CVBlue", "id_name": "object63942102826010", "shape": "CVCone", "id_string": "ob541", "world_size": [0.11, 0.11, 0.11], "id": 541, "camera_size": [45, 45], "camera_position": [256, 254], "world_position": [0.705, 0.6547388572526824, -0.15], "world_orientation": [1.0, -3.838362879530641e-17, 1.4813540171849057e-17, 3.838362879530641e-17, 1.0, 5.294293626938881e-18, -1.4813540171849057e-17, -5.294293626938881e-18, 1.0], "world_rotation": [-0.1276280613210114, 0.35710588544125776, 0.925303444577321, 4.1482206750932463e-17]}], "source": "action wait"}
{"timestamp": 1706067605.352272, "objects": [{"color": "cv_", "id_name": "hand", "shape": "CVCylinder", "id_string": "ob383", "world_size": [0.12, 0.005, 0.12], "id": 383, "camera_size": [49, 46], "camera_position": [246, 488], "world_position": [0.11787035604179699, 0.6676875901598953, -0.17407780703482217], "world_orientation": [-0.0002573566031640013, 0.04331336943507014, 0.9990615025091099, -0.0007697872677537843, -0.9990612481668195, 0.0433131601123637, 0.9999996705975164, -0.0007579178965760216, 0.0002904570894960129], "world_rotation": [0.0, 1.0, 0.0, 0.0]}, {"color": "CVBlue", "id_name": "object63942102826010", "shape": "CVCone", "id_string": "ob541", "world_size": [0.11, 0.11, 0.11], "id": 541, "camera_size": [45, 45], "camera_position": [256, 254], "world_position": [0.705, 0.6547388572526824, -0.15], "world_orientation": [1.0, -3.838362879530641e-17, 1.4813540171849057e-17, 3.838362879530641e-17, 1.0, 5.294293626938881e-18, -1.4813540171849057e-17, -5.294293626938881e-18, 1.0], "world_rotation": [-0.1276280613210114, 0.35710588544125776, 0.925303444577321, 4.1482206750932463e-17]}], "source": "action wait"}
{"timestamp": 1706067605.381745, "objects": [{"color": "cv_", "id_name": "hand", "shape": "CVCylinder", "id_string": "ob383", "world_size": [0.12, 0.005, 0.12], "id": 383, "camera_size": [49, 34], "camera_position": [246, 494], "world_position": [0.08448308649588128, 0.6707868490255066, -0.1740965329653536], "world_orientation": [-0.00017493015795461706, 0.030180970923275784, 0.9995444354272442, -0.000768137922072148, -0.9995441598923952, 0.030180828171846176, 0.9999996896817382, -0.0007625084486089142, 0.00019803356606409172], "world_rotation": [0.0, 1.0, 0.0, 0.0]}, {"color": "CVBlue", "id_name": "object63942102826010", "shape": "CVCone", "id_string": "ob541", "world_size": [0.11, 0.11, 0.11], "id": 541, "camera_size": [45, 45], "camera_position": [256, 254], "world_position": [0.705, 0.6547388572526824, -0.15], "world_orientation": [1.0, -3.838362879530641e-17, 1.4813540171849057e-17, 3.838362879530641e-17, 1.0, 5.294293626938881e-18, -1.4813540171849057e-17, -5.294293626938881e-18, 1.0], "world_rotation": [-0.1276280613210114, 0.35710588544125776, 0.925303444577321, 4.1482206750932463e-17]}], "source": "action wait"}
{"timestamp": 1706067605.419751, "objects": [{"color": "cv_", "id_name": "hand", "shape": "CVCylinder", "id_string": "ob383", "world_size": [0.12, 0.005, 0.12], "id": 383, "camera_size": [49, 25], "camera_position": [246, 499], "world_position": [0.06057134502072101, 0.6718147597908829, -0.17410508571281136], "world_orientation": [-0.0001190731551471387, 0.020891805720313288, 0.9997817353179285, -0.0007661269069811462, -0.9997814509002347, 0.020891708531953882, 0.999999699435528, -0.0007634720468844057, 0.0001350529063144016], "world_rotation": [0.0, 1.0, 0.0, 0.0]}, {"color": "CVBlue", "id_name": "object63942102826010", "shape": "CVCone", "id_string": "ob541", "world_size": [0.11, 0.11, 0.11], "id": 541, "camera_size": [45, 45], "camera_position": [256, 254], "world_position": [0.705, 0.6547388572526824, -0.15], "world_orientation": [1.0, -3.838362879530641e-17, 1.4813540171849057e-17, 3.838362879530641e-17, 1.0, 5.294293626938881e-18, -1.4813540171849057e-17, -5.294293626938881e-18, 1.0], "world_rotation": [-0.1276280613210114, 0.35710588544125776, 0.925303444577321, 4.1482206750932463e-17]}], "source": "action wait"}
{"timestamp": 1706067605.450498, "objects": [{"color": "cv_", "id_name": "hand", "shape": "CVCylinder", "id_string": "ob383", "world_size": [0.12, 0.005, 0.12], "id": 383, "camera_size": [49, 19], "camera_position": [246, 502], "world_position": [0.04356464116617459, 0.6719702962851769, -0.17410869701664783], "world_orientation": [-8.137234885155767e-05, 0.01432298401840122, 0.9998974174920894, -0.0007645366412108568, -0.9998971294653398, 0.014322917674050997, 0.999999704431089, -0.0007632927236716219, 9.231442412843948e-05], "world_rotation": [0.0, 1.0, 0.0, 0.0]}, {"color": "CVBlue", "id_name": "object63942102826010", "shape": "CVCone", "id_string": "ob541", "world_size": [0.11, 0.11, 0.11], "id": 541, "camera_size": [45, 45], "camera_position": [256, 254], "world_position": [0.705, 0.6547388572526824, -0.15], "world_orientation": [1.0, -3.838362879530641e-17, 1.4813540171849057e-17, 3.838362879530641e-17, 1.0, 5.294293626938881e-18, -1.4813540171849057e-17, -5.294293626938881e-18, 1.0], "world_rotation": [-0.1276280613210114, 0.35710588544125776, 0.925303444577321, 4.1482206750932463e-17]}], "source": "action wait"}
{"timestamp": 1706067605.485092, "objects": [{"color": "cv_", "id_name": "hand", "shape": "CVCylinder", "id_string": "ob383", "world_size": [0.12, 0.005, 0.12], "id": 383, "camera_size": [49, 15], "camera_position": [246, 504], "world_position": [0.031516506590161926, 0.6718051748507912, -0.17410998590284288], "world_orientation": [-5.597838996706077e-05, 0.009678707591487654, 0.999953158645833, -0.0007634924765677272, -0.9999528691794364, 0.009678662048614443, 0.9999997069727862, -0.0007629149176280563, 6.336537208897527e-05], "world_rotation": [0.0, 1.0, 0.0, 0.0]}, {"color": "CVBlue", "id_name": "object63942102826010", "shape": "CVCone", "id_string": "ob541", "world_size": [0.11, 0.11, 0.11], "id": 541, "camera_size": [45, 45], "camera_position": [256, 254], "world_position": [0.705, 0.6547388572526824, -0.15], "world_orientation": [1.0, -3.838362879530641e-17, 1.4813540171849057e-17, 3.838362879530641e-17, 1.0, 5.294293626938881e-18, -1.4813540171849057e-17, -5.294293626938881e-18, 1.0], "world_rotation": [-0.1276280613210114, 0.35710588544125776, 0.925303444577321, 4.1482206750932463e-17]}], "source": "action wait"}
{"timestamp": 1706067605.518158, "objects": [{"color": "cv_", "id_name": "hand", "shape": "CVCylinder", "id_string": "ob383", "world_size": [0.12, 0.005, 0.12], "id": 383, "camera_size": [49, 12], "camera_position": [246, 505], "world_position": [0.023000569259009326, 0.6715587305124037, -0.1741102371826167], "world_orientation": [-3.888563116703595e-05, 0.006395555958384552, 0.9999795474667925, -0.0007628978860142149, -0.9999792574118689, 0.006395524436912032, 0.9999997082373191, -0.0007626335888158518, 4.376398069930829e-05], "world_rotation": [0.0, 1.0, 0.0, 0.0]}, {"color": "CVBlue", "id_name": "object63942102826010", "shape": "CVCone", "id_string": "ob541", "world_size": [0.11, 0.11, 0.11], "id": 541, "camera_size": [45, 45], "camera_position": [256, 254], "world_position": [0.705, 0.6547388572526824, -0.15], "world_orientation": [1.0, -3.838362879530641e-17, 1.4813540171849057e-17, 3.838362879530641e-17, 1.0, 5.294293626938881e-18, -1.4813540171849057e-17, -5.294293626938881e-18, 1.0], "world_rotation": [-0.1276280613210114, 0.35710588544125776, 0.925303444577321, 4.1482206750932463e-17]}], "source": "action wait"}
{"timestamp": 1706067605.549842, "objects": [{"color": "cv_", "id_name": "hand", "shape": "CVCylinder", "id_string": "ob383", "world_size": [0.12, 0.005, 0.12], "id": 383, "camera_size": [49, 10], "camera_position": [246, 506], "world_position": [0.016989278890602644, 0.6713249684915745, -0.17411006690289607], "world_orientation": [-2.7407018006306092e-05, 0.004074856445332688, 0.9999916973624358, -0.0007626140812217238, -0.9999914070354268, 0.004074834361131053, 0.9999997088342668, -0.0007624960704550561, 3.051432540330482e-05], "world_rotation": [0.0, 1.0, 0.0, 0.0]}, {"color": "CVBlue", "id_name": "object63942102826010", "shape": "CVCone", "id_string": "ob541", "world_size": [0.11, 0.11, 0.11], "id": 541, "camera_size": [45, 45], "camera_position": [256, 254], "world_position": [0.705, 0.6547388572526824, -0.15], "world_orientation": [1.0, -3.838362879530641e-17, 1.4813540171849057e-17, 3.838362879530641e-17, 1.0, 5.294293626938881e-18, -1.4813540171849057e-17, -5.294293626938881e-18, 1.0], "world_rotation": [-0.1276280613210114, 0.35710588544125776, 0.925303444577321, 4.1482206750932463e-17]}], "source": "action wait"}
{"timestamp": 1706067605.579047, "objects": [{"color": "cv_", "id_name": "hand", "shape": "CVCylinder", "id_string": "ob383", "world_size": [0.12, 0.005, 0.12], "id": 383, "camera_size": [49, 9], "camera_position": [246, 507], "world_position": [0.012749292560449517, 0.6711334209779186, -0.17410976069264203], "world_orientation": [-1.9690341207640968e-05, 0.0024346073227410657, 0.9999970361453452, -0.0007625218178984198, -0.9999967456568112, 0.0024345916011544147, 0.9999997090863415, -0.0007624716199556166, 2.1546718330483654e-05], "world_rotation": [0.0, 1.0, 0.0, 0.0]}, {"color": "CVBlue", "id_name": "object63942102826010", "shape": "CVCone", "id_string": "ob541", "world_size": [0.11, 0.11, 0.11], "id": 541, "camera_size": [45, 45], "camera_position": [256, 254], "world_position": [0.705, 0.6547388572526824, -0.15], "world_orientation": [1.0, -3.838362879530641e-17, 1.4813540171849057e-17, 3.838362879530641e-17, 1.0, 5.294293626938881e-18, -1.4813540171849057e-17, -5.294293626938881e-18, 1.0], "world_rotation": [-0.1276280613210114, 0.35710588544125776, 0.925303444577321, 4.1482206750932463e-17]}], "source": "action wait"}
{"timestamp": 1706067605.611358, "objects": [{"color": "cv_", "id_name": "hand", "shape": "CVCylinder", "id_string": "ob383", "world_size": [0.12, 0.005, 0.12], "id": 383, "camera_size": [49, 8], "camera_position": [246, 507], "world_position": [0.00976001933047873, 0.6709871016893284, -0.17410944346983614], "world_orientation": [-1.451745767066274e-05, 0.0012753791956696047, 0.9999991865982446, -0.0007625357872857306, -0.999998895987522, 0.0012753677549409395, 0.999999709164166, -0.0007625166519407368, 1.548996392263066e-05], "world_rotation": [0.0, 1.0, 0.0, 0.0]}, {"color": "CVBlue", "id_name": "object63942102826010", "shape": "CVCone", "id_string": "ob541", "world_size": [0.11, 0.11, 0.11], "id": 541, "camera_size": [45, 45], "camera_position": [256, 254], "world_position": [0.705, 0.6547388572526824, -0.15], "world_orientation": [1.0, -3.838362879530641e-17, 1.4813540171849057e-17, 3.838362879530641e-17, 1.0, 5.294293626938881e-18, -1.4813540171849057e-17, -5.294293626938881e-18, 1.0], "world_rotation": [-0.1276280613210114, 0.35710588544125776, 0.925303444577321, 4.1482206750932463e-17]}], "source": "action wait"}
{"timestamp": 1706067605.650703, "objects": [{"color": "cv_", "id_name": "hand", "shape": "CVCylinder", "id_string": "ob383", "world_size": [0.12, 0.005, 0.12], "id": 383, "camera_size": [49, 7], "camera_position": [246, 508], "world_position": [0.007653048686938566, 0.670879640532804, -0.17410916370684137], "world_orientation": [-1.1043395335625597e-05, 0.00045616011179294713, 0.9999998958979925, -0.0007626007763431561, -0.9999996051828284, 0.00045615155747788337, 0.9999997091590074, -0.0007625956594932804, 1.1391259031258211e-05], "world_rotation": [0.0, 1.0, 0.0, 0.0]}, {"color": "CVBlue", "id_name": "object63942102826010", "shape": "CVCone", "id_string": "ob541", "world_size": [0.11, 0.11, 0.11], "id": 541, "camera_size": [45, 45], "camera_position": [256, 254], "world_position": [0.705, 0.6547388572526824, -0.15], "world_orientation": [1.0, -3.838362879530641e-17, 1.4813540171849057e-17, 3.838362879530641e-17, 1.0, 5.294293626938881e-18, -1.4813540171849057e-17, -5.294293626938881e-18, 1.0], "world_rotation": [-0.1276280613210114, 0.35710588544125776, 0.925303444577321, 4.1482206750932463e-17]}], "source": "action wait"}
{"timestamp": 1706067605.681013, "objects": [{"color": "cv_", "id_name": "hand", "shape": "CVCylinder", "id_string": "ob383", "world_size": [0.12, 0.005, 0.12], "id": 383, "camera_size": [49, 7], "camera_position": [246, 508], "world_position": [0.006168148634782049, 0.6708025728947721, -0.17410893484927242], "world_orientation": [-8.715356261352574e-06, -0.00012274358594356117, 0.9999999924290274, -0.0007626839557659616, -0.9999997016227418, -0.00012275019731101621, 0.999999709118571, -0.0007626850198037325, 8.621739097579884e-06], "world_rotation": [0.0, 1.0, 0.0, 0.0]}, {"color": "CVBlue", "id_name": "object63942102826010", "shape": "CVCone", "id_string": "ob541", "world_size": [0.11, 0.11, 0.11], "id": 541, "camera_size": [45, 45], "camera_position": [256, 254], "world_position": [0.705, 0.6547388572526824, -0.15], "world_orientation": [1.0, -3.838362879530641e-17, 1.4813540171849057e-17, 3.838362879530641e-17, 1.0, 5.294293626938881e-18, -1.4813540171849057e-17, -5.294293626938881e-18, 1.0], "world_rotation": [-0.1276280613210114, 0.35710588544125776, 0.925303444577321, 4.1482206750932463e-17]}], "source": "action wait"}
{"timestamp": 1706067605.715683, "objects": [{"color": "CVBlue", "id_name": "object63942102826010", "shape": "CVCone", "id_string": "ob541", "world_size": [0.11, 0.11, 0.11], "id": 541, "camera_size": [45, 45], "camera_position": [256, 254], "world_position": [0.705, 0.6547388572526824, -0.15], "world_orientation": [1.0, -3.838362879530641e-17, 1.4813540171849057e-17, 3.838362879530641e-17, 1.0, 5.294293626938881e-18, -1.4813540171849057e-17, -5.294293626938881e-18, 1.0], "world_rotation": [-0.1276280613210114, 0.35710588544125776, 0.925303444577321, 4.1482206750932463e-17]}], "source": "action wait"}
{"timestamp": 1706067607.158856, "objects": [{"color": "CVBlue", "id_name": "object63942102826010", "shape": "CVCone", "id_string": "ob541", "world_size": [0.11, 0.11, 0.11], "id": 541, "camera_size": [45, 45], "camera_position": [256, 254], "world_position": [0.705, 0.6547388572526824, -0.15], "world_orientation": [1.0, -3.838362879530641e-17, 1.4813540171849057e-17, 3.838362879530641e-17, 1.0, 5.294293626938881e-18, -1.4813540171849057e-17, -5.294293626938881e-18, 1.0], "world_rotation": [-0.1276280613210114, 0.35710588544125776, 0.925303444577321, 4.1482206750932463e-17]}], "source": "action wait"}
{"timestamp": 1706067607.190675, "objects": [{"color": "cv_", "id_name": "hand", "shape": "CVCylinder", "id_string": "ob383", "world_size": [0.12, 0.005, 0.12], "id": 383, "camera_size": [51, 10], "camera_position": [246, 506], "world_position": [0.035475994951591976, 0.7265363127104174, -0.17412293884028873], "world_orientation": [0.00015801962458441787, 0.19317047422435665, 0.9811651965483362, -0.0007082975301205748, -0.9811649410595318, 0.19317053799752848, 0.9999997366721689, -0.0007254816212508781, -1.8221145855860525e-05], "world_rotation": [0.0, 1.0, 0.0, 0.0]}, {"color": "CVBlue", "id_name": "object63942102826010", "shape": "CVCone", "id_string": "ob541", "world_size": [0.11, 0.11, 0.11], "id": 541, "camera_size": [45, 45], "camera_position": [256, 254], "world_position": [0.705, 0.6547388572526824, -0.15], "world_orientation": [1.0, -3.838362879530641e-17, 1.4813540171849057e-17, 3.838362879530641e-17, 1.0, 5.294293626938881e-18, -1.4813540171849057e-17, -5.294293626938881e-18, 1.0], "world_rotation": [-0.1276280613210114, 0.35710588544125776, 0.925303444577321, 4.1482206750932463e-17]}], "source": "action wait"}
{"timestamp": 1706067607.221949, "objects": [{"color": "cv_", "id_name": "hand", "shape": "CVCylinder", "id_string": "ob383", "world_size": [0.12, 0.005, 0.12], "id": 383, "camera_size": [53, 20], "camera_position": [245, 501], "world_position": [0.08390334982799472, 0.779526839773487, -0.17412487493119116], "world_orientation": [0.00025698763840885727, 0.2966426557514561, 0.954988517599074, -0.0007069706430380559, -0.9549882565839526, 0.29664276491978137, 0.9999997170748919, -0.0007513823699890255, -3.5702527678122285e-05], "world_rotation": [0.0, 1.0, 0.0, 0.0]}, {"color": "CVBlue", "id_name": "object63942102826010", "shape": "CVCone", "id_string": "ob541", "world_size": [0.11, 0.11, 0.11], "id": 541, "camera_size": [45, 45], "camera_position": [256, 254], "world_position": [0.705, 0.6547388572526824, -0.15], "world_orientation": [1.0, -3.838362879530641e-17, 1.4813540171849057e-17, 3.838362879530641e-17, 1.0, 5.294293626938881e-18, -1.4813540171849057e-17, -5.294293626938881e-18, 1.0], "world_rotation": [-0.1276280613210114, 0.35710588544125776, 0.925303444577321, 4.1482206750932463e-17]}], "source": "action wait"}
{"timestamp": 1706067607.254646, "objects": [{"color": "cv_", "id_name": "hand", "shape": "CVCylinder", "id_string": "ob383", "world_size": [0.12, 0.005, 0.12], "id": 383, "camera_size": [55, 37], "camera_position": [245, 493], "world_position": [0.1407752981785952, 0.8114578917602868, -0.17412066091611605], "world_orientation": [0.00028826508213510027, 0.33660645034552256, 0.9416453761841713, -0.0007128799568999348, -0.9416451068647903, 0.33660657230625385, 0.9999997043526611, -0.0007683120364024939, -3.148341225747269e-05], "world_rotation": [0.0, 1.0, 0.0, 0.0]}, {"color": "CVBlue", "id_name": "object63942102826010", "shape": "CVCone", "id_string": "ob541", "world_size": [0.11, 0.11, 0.11], "id": 541, "camera_size": [45, 45], "camera_position": [256, 254], "world_position": [0.705, 0.6547388572526824, -0.15], "world_orientation": [1.0, -3.838362879530641e-17, 1.4813540171849057e-17, 3.838362879530641e-17, 1.0, 5.294293626938881e-18, -1.4813540171849057e-17, -5.294293626938881e-18, 1.0], "world_rotation": [-0.1276280613210114, 0.35710588544125776, 0.925303444577321, 4.1482206750932463e-17]}], "source": "action wait"}
{"timestamp": 1706067607.289975, "objects": [{"color": "cv_", "id_name": "hand", "shape": "CVCylinder", "id_string": "ob383", "world_size": [0.12, 0.005, 0.12], "id": 383, "camera_size": [55, 59], "camera_position": [245, 480], "world_position": [0.20220704407677964, 0.8255598617880553, -0.17411729652022898], "world_orientation": [0.00028615172370165547, 0.3367513573992196, 0.9415935648712634, -0.0007225529625646698, -0.9415932879998311, 0.3367514779639192, 0.9999996980171582, -0.0007767132357082351, -2.6117851450115275e-05], "world_rotation": [0.0, 1.0, 0.0, 0.0]}, {"color": "CVBlue", "id_name": "object63942102826010", "shape": "CVCone", "id_string": "ob541", "world_size": [0.11, 0.11, 0.11], "id": 541, "camera_size": [45, 45], "camera_position": [256, 254], "world_position": [0.705, 0.6547388572526824, -0.15], "world_orientation": [1.0, -3.838362879530641e-17, 1.4813540171849057e-17, 3.838362879530641e-17, 1.0, 5.294293626938881e-18, -1.4813540171849057e-17, -5.294293626938881e-18, 1.0], "world_rotation": [-0.1276280613210114, 0.35710588544125776, 0.925303444577321, 4.1482206750932463e-17]}], "source": "action wait"}
{"timestamp": 1706067607.324128, "objects": [{"color": "cv_", "id_name": "hand", "shape": "CVCylinder", "id_string": "ob383", "world_size": [0.12, 0.005, 0.12], "id": 383, "camera_size": [55, 58], "camera_position": [245, 451], "world_position": [0.26626317540816113, 0.8245751733614543, -0.1741145616787453], "world_orientation": [0.0002607235367076199, 0.3088607199573715, 0.9511072430018873, -0.0007356780920170226, -0.951106958706076, 0.30886082930443637, 0.9999996954004448, -0.0007802360496021537, -2.0753904903374952e-05], "world_rotation": [0.0, 1.0, 0.0, 0.0]}, {"color": "CVBlue", "id_name": "object63942102826010", "shape": "CVCone", "id_string": "ob541", "world_size": [0.11, 0.11, 0.11], "id": 541, "camera_size": [45, 45], "camera_position": [256, 254], "world_position": [0.705, 0.6547388572526824, -0.15], "world_orientation": [1.0, -3.838362879530641e-17, 1.4813540171849057e-17, 3.838362879530641e-17, 1.0, 5.294293626938881e-18, -1.4813540171849057e-17, -5.294293626938881e-18, 1.0], "world_rotation": [-0.1276280613210114, 0.35710588544125776, 0.925303444577321, 4.1482206750932463e-17]}], "source": "action wait"}
{"timestamp": 1706067607.357692, "objects": [{"color": "cv_", "id_name": "hand", "shape": "CVCylinder", "id_string": "ob383", "world_size": [0.12, 0.005, 0.12], "id": 383, "camera_size": [54, 56], "camera_position": [245, 420], "world_position": [0.33092479741537795, 0.8106815079958916, -0.17411215209958125], "world_orientation": [0.00021861605371516058, 0.26058094449529007, 0.9654519789057161, -0.0007501027536919652, -0.9654516876375566, 0.26058103573294267, 0.9999996947763935, -0.0007811553856397098, -1.5600753977946883e-05], "world_rotation": [0.0, 1.0, 0.0, 0.0]}, {"color": "CVBlue", "id_name": "object63942102826010", "shape": "CVCone", "id_string": "ob541", "world_size": [0.11, 0.11, 0.11], "id": 541, "camera_size": [45, 45], "camera_position": [256, 254], "world_position": [0.705, 0.6547388572526824, -0.15], "world_orientation": [1.0, -3.838362879530641e-17, 1.4813540171849057e-17, 3.838362879530641e-17, 1.0, 5.294293626938881e-18, -1.4813540171849057e-17, -5.294293626938881e-18, 1.0], "world_rotation": [-0.1276280613210114, 0.35710588544125776, 0.925303444577321, 4.1482206750932463e-17]}], "source": "action wait"}
{"timestamp": 1706067607.39032, "objects": [{"color": "cv_", "id_name": "hand", "shape": "CVCylinder", "id_string": "ob383", "world_size": [0.12, 0.005, 0.12], "id": 383, "camera_size": [53, 55], "camera_position": [245, 390], "world_position": [0.3944023617929448, 0.7856478167607591, -0.1741098708005146], "world_orientation": [0.00016443995460726723, 0.1972042740081319, 0.9803624060889049, -0.0007633864440338219, -0.9803621089308595, 0.19720434227920752, 0.9999996951002728, -0.0007808236441416916, -1.0667631207507277e-05], "world_rotation": [0.0, 1.0, 0.0, 0.0]}, {"color": "CVBlue", "id_name": "object63942102826010", "shape": "CVCone", "id_string": "ob541", "world_size": [0.11, 0.11, 0.11], "id": 541, "camera_size": [45, 45], "camera_position": [256, 254], "world_position": [0.705, 0.6547388572526824, -0.15], "world_orientation": [1.0, -3.838362879530641e-17, 1.4813540171849057e-17, 3.838362879530641e-17, 1.0, 5.294293626938881e-18, -1.4813540171849057e-17, -5.294293626938881e-18, 1.0], "world_rotation": [-0.1276280613210114, 0.35710588544125776, 0.925303444577321, 4.1482206750932463e-17]}], "source": "action wait"}
{"timestamp": 1706067607.421125, "objects": [{"color": "cv_", "id_name": "hand", "shape": "CVCylinder", "id_string": "ob383", "world_size": [0.12, 0.005, 0.12], "id": 383, "camera_size": [52, 53], "camera_position": [245, 365], "world_position": [0.44574126627182076, 0.7579031300510737, -0.1741028936104351], "world_orientation": [0.00010279029459326792, 0.1390525917448752, 0.9902849923952137, -0.0007679291038452496, -0.990284694657546, 0.13905262964756496, 0.9999996998594785, -0.0007747619275272209, 4.990876671359083e-06], "world_rotation": [0.0, 1.0, 0.0, 0.0]}, {"color": "CVBlue", "id_name": "object63942102826010", "shape": "CVCone", "id_string": "ob541", "world_size": [0.11, 0.11, 0.11], "id": 541, "camera_size": [45, 45], "camera_position": [256, 254], "world_position": [0.705, 0.6547388572526824, -0.15], "world_orientation": [1.0, -3.838362879530641e-17, 1.4813540171849057e-17, 3.838362879530641e-17, 1.0, 5.294293626938881e-18, -1.4813540171849057e-17, -5.294293626938881e-18, 1.0], "world_rotation": [-0.1276280613210114, 0.35710588544125776, 0.925303444577321, 4.1482206750932463e-17]}], "source": "action wait"}
{"timestamp": 1706067607.451338, "objects": [{"color": "cv_", "id_name": "hand", "shape": "CVCylinder", "id_string": "ob383", "world_size": [0.12, 0.005, 0.12], "id": 383, "camera_size": [51, 52], "camera_position": [246, 348], "world_position": [0.4806158871145427, 0.73518337677848, -0.17409837842168324], "world_orientation": [6.020144359800292e-05, 0.09771449867239125, 0.9952144859903264, -0.0007666235142733496, -0.9952141908344575, 0.0977145160664658, 0.9999997043320432, -0.0007688373816336654, 1.499690139063234e-05], "world_rotation": [0.0, 1.0, 0.0, 0.0]}, {"color": "CVBlue", "id_name": "object63942102826010", "shape": "CVCone", "id_string": "ob541", "world_size": [0.11, 0.11, 0.11], "id": 541, "camera_size": [45, 45], "camera_position": [256, 254], "world_position": [0.705, 0.6547388572526824, -0.15], "world_orientation": [1.0, -3.838362879530641e-17, 1.4813540171849057e-17, 3.838362879530641e-17, 1.0, 5.294293626938881e-18, -1.4813540171849057e-17, -5.294293626938881e-18, 1.0], "world_rotation": [-0.1276280613210114, 0.35710588544125776, 0.925303444577321, 4.1482206750932463e-17]}], "source": "action wait"}
{"timestamp": 1706067607.483623, "objects": [{"color": "cv_", "id_name": "hand", "shape": "CVCylinder", "id_string": "ob383", "world_size": [0.12, 0.005, 0.12], "id": 383, "camera_size": [51, 51], "camera_position": [246, 338], "world_position": [0.5043877869251433, 0.71767721006852, -0.17409680022135285], "world_orientation": [3.378371170049225e-05, 0.0684636520709014, 0.997653610830821, -0.0007644140415872388, -0.9976533181531704, 0.0684636578714749, 0.9999997072648741, -0.0007649333852391201, 1.863014490420239e-05], "world_rotation": [0.0, 1.0, 0.0, 0.0]}, {"color": "CVBlue", "id_name": "object63942102826010", "shape": "CVCone", "id_string": "ob541", "world_size": [0.11, 0.11, 0.11], "id": 541, "camera_size": [45, 45], "camera_position": [256, 254], "world_position": [0.705, 0.6547388572526824, -0.15], "world_orientation": [1.0, -3.838362879530641e-17, 1.4813540171849057e-17, 3.838362879530641e-17, 1.0, 5.294293626938881e-18, -1.4813540171849057e-17, -5.294293626938881e-18, 1.0], "world_rotation": [-0.1276280613210114, 0.35710588544125776, 0.925303444577321, 4.1482206750932463e-17]}], "source": "action wait"}
{"timestamp": 1706067607.516633, "objects": [{"color": "cv_", "id_name": "hand", "shape": "CVCylinder", "id_string": "ob383", "world_size": [0.12, 0.005, 0.12], "id": 383, "camera_size": [49, 50], "camera_position": [246, 330], "world_position": [0.5207033878494464, 0.7046381485378227, -0.17409679399601538], "world_orientation": [1.756854923870933e-05, 0.04780415262509083, 0.9988567278059167, -0.0007626883133120237, -0.9988564368052667, 0.04780415211279323, 0.9999997089988991, -0.0007626562025712237, 1.8911210042907386e-05], "world_rotation": [0.0, 1.0, 0.0, 0.0]}, {"color": "CVBlue", "id_name": "object63942102826010", "shape": "CVCone", "id_string": "ob541", "world_size": [0.11, 0.11, 0.11], "id": 541, "camera_size": [45, 45], "camera_position": [256, 254], "world_position": [0.705, 0.6547388572526824, -0.15], "world_orientation": [1.0, -3.838362879530641e-17, 1.4813540171849057e-17, 3.838362879530641e-17, 1.0, 5.294293626938881e-18, -1.4813540171849057e-17, -5.294293626938881e-18, 1.0], "world_rotation": [-0.1276280613210114, 0.35710588544125776, 0.925303444577321, 4.1482206750932463e-17]}], "source": "action wait"}
{"timestamp": 1706067607.552204, "objects": [{"color": "cv_", "id_name": "hand", "shape": "CVCylinder", "id_string": "ob383", "world_size": [0.12, 0.005, 0.12], "id": 383, "camera_size": [49, 49], "camera_position": [246, 325], "world_position": [0.5319724274392249, 0.6951224137424821, -0.17409754793315943], "world_orientation": [7.740695836879562e-06, 0.03322581655395498, 0.999447870103491, -0.0007616752045199811, -0.9994475800230959, 0.03322581280962607, 0.9999997098954402, -0.0007615118517793679, 1.7570860897588975e-05], "world_rotation": [0.0, 1.0, 0.0, 0.0]}, {"color": "CVBlue", "id_name": "object63942102826010", "shape": "CVCone", "id_string": "ob541", "world_size": [0.11, 0.11, 0.11], "id": 541, "camera_size": [45, 45], "camera_position": [256, 254], "world_position": [0.705, 0.6547388572526824, -0.15], "world_orientation": [1.0, -3.838362879530641e-17, 1.4813540171849057e-17, 3.838362879530641e-17, 1.0, 5.294293626938881e-18, -1.4813540171849057e-17, -5.294293626938881e-18, 1.0], "world_rotation": [-0.1276280613210114, 0.35710588544125776, 0.925303444577321, 4.1482206750932463e-17]}], "source": "action wait"}
{"timestamp": 1706067607.588545, "objects": [{"color": "cv_", "id_name": "hand", "shape": "CVCylinder", "id_string": "ob383", "world_size": [0.12, 0.005, 0.12], "id": 383, "camera_size": [49, 50], "camera_position": [246, 321], "world_position": [0.539796864234759, 0.6882664346023961, -0.1740985987540003], "world_orientation": [1.8981135931441698e-06, 0.022943114408538863, 0.9997367721043545, -0.0007612385837868229, -0.9997364824071401, 0.022943109205530575, 0.9999997102560659, -0.0007610817531841348, 1.5567570513568657e-05], "world_rotation": [0.0, 1.0, 0.0, 0.0]}, {"color": "CVBlue", "id_name": "object63942102826010", "shape": "CVCone", "id_string": "ob541", "world_size": [0.11, 0.11, 0.11], "id": 541, "camera_size": [45, 45], "camera_position": [256, 254], "world_position": [0.705, 0.6547388572526824, -0.15], "world_orientation": [1.0, -3.838362879530641e-17, 1.4813540171849057e-17, 3.838362879530641e-17, 1.0, 5.294293626938881e-18, -1.4813540171849057e-17, -5.294293626938881e-18, 1.0], "world_rotation": [-0.1276280613210114, 0.35710588544125776, 0.925303444577321, 4.1482206750932463e-17]}], "source": "action wait"}
{"timestamp": 1706067607.621279, "objects": [{"color": "cv_", "id_name": "hand", "shape": "CVCylinder", "id_string": "ob383", "world_size": [0.12, 0.005, 0.12], "id": 383, "camera_size": [49, 49], "camera_position": [246, 319], "world_position": [0.5452521167436352, 0.6833675121415478, -0.17409969548402976], "world_orientation": [-1.5022363392875742e-06, 0.015691764789947042, 0.999876876678084, -0.0007611791284568101, -0.999876587035949, 0.0156917591007797, 0.999999710301997, -0.00076106183682354, 1.3446294790979062e-05], "world_rotation": [0.0, 1.0, 0.0, 0.0]}, {"color": "CVBlue", "id_name": "object63942102826010", "shape": "CVCone", "id_string": "ob541", "world_size": [0.11, 0.11, 0.11], "id": 541, "camera_size": [45, 45], "camera_position": [256, 254], "world_position": [0.705, 0.6547388572526824, -0.15], "world_orientation": [1.0, -3.838362879530641e-17, 1.4813540171849057e-17, 3.838362879530641e-17, 1.0, 5.294293626938881e-18, -1.4813540171849057e-17, -5.294293626938881e-18, 1.0], "world_rotation": [-0.1276280613210114, 0.35710588544125776, 0.925303444577321, 4.1482206750932463e-17]}], "source": "action wait"}
{"timestamp": 1706067607.654122, "objects": [{"color": "cv_", "id_name": "hand", "shape": "CVCylinder", "id_string": "ob383", "world_size": [0.12, 0.005, 0.12], "id": 383, "camera_size": [49, 49], "camera_position": [246, 317], "world_position": [0.5490675335751394, 0.6798859491647037, -0.17410071318129308], "world_orientation": [-3.3958160786407633e-06, 0.010578566444102145, 0.9999440453947693, -0.0007613292322145737, -0.9999437556329581, 0.010578560793187754, 0.9999997101830923, -0.0007612507094914599, 1.144939695230246e-05], "world_rotation": [0.0, 1.0, 0.0, 0.0]}, {"color": "CVBlue", "id_name": "object63942102826010", "shape": "CVCone", "id_string": "ob541", "world_size": [0.11, 0.11, 0.11], "id": 541, "camera_size": [45, 45], "camera_position": [256, 254], "world_position": [0.705, 0.6547388572526824, -0.15], "world_orientation": [1.0, -3.838362879530641e-17, 1.4813540171849057e-17, 3.838362879530641e-17, 1.0, 5.294293626938881e-18, -1.4813540171849057e-17, -5.294293626938881e-18, 1.0], "world_rotation": [-0.1276280613210114, 0.35710588544125776, 0.925303444577321, 4.1482206750932463e-17]}], "source": "action wait"}
{"timestamp": 1706067607.714603, "objects": [{"color": "cv_", "id_name": "hand", "shape": "CVCylinder", "id_string": "ob383", "world_size": [0.12, 0.005, 0.12], "id": 383, "camera_size": [49, 49], "camera_position": [246, 316], "world_position": [0.5536206277874312, 0.6756787463749838, -0.17410234058581367], "world_orientation": [-4.860543476690567e-06, 0.004430957011447899, 0.9999901832499846, -0.0007618424841777928, -0.9999898930790261, 0.004430952022695821, 0.9999997097861603, -0.0007618134685260152, 8.236185648814686e-06], "world_rotation": [0.0, 1.0, 0.0, 0.0]}, {"color": "CVBlue", "id_name": "object63942102826010", "shape": "CVCone", "id_string": "ob541", "world_size": [0.11, 0.11, 0.11], "id": 541, "camera_size": [45, 45], "camera_position": [256, 254], "world_position": [0.705, 0.6547388572526824, -0.15], "world_orientation": [1.0, -3.838362879530641e-17, 1.4813540171849057e-17, 3.838362879530641e-17, 1.0, 5.294293626938881e-18, -1.4813540171849057e-17, -5.294293626938881e-18, 1.0], "world_rotation": [-0.1276280613210114, 0.35710588544125776, 0.925303444577321, 4.1482206750932463e-17]}], "source": "action wait"}
{"timestamp": 1706067607.746033, "objects": [{"color": "cv_", "id_name": "hand", "shape": "CVCylinder", "id_string": "ob383", "world_size": [0.12, 0.005, 0.12], "id": 383, "camera_size": [49, 49], "camera_position": [246, 315], "world_position": [0.5549413212636302, 0.6744501143473582, -0.17410294435477114], "world_orientation": [-5.025537113688196e-06, 0.0026383937325356772, 0.9999965194205709, -0.0007620968220093984, -0.9999962290484894, 0.0026383891364583087, 0.9999997095915468, -0.0007620809101487389, 7.036229641772e-06], "world_rotation": [0.0, 1.0, 0.0, 0.0]}, {"color": "CVBlue", "id_name": "object63942102826010", "shape": "CVCone", "id_string": "ob541", "world_size": [0.11, 0.11, 0.11], "id": 541, "camera_size": [45, 45], "camera_position": [256, 254], "world_position": [0.705, 0.6547388572526824, -0.15], "world_orientation": [1.0, -3.838362879530641e-17, 1.4813540171849057e-17, 3.838362879530641e-17, 1.0, 5.294293626938881e-18, -1.4813540171849057e-17, -5.294293626938881e-18, 1.0], "world_rotation": [-0.1276280613210114, 0.35710588544125776, 0.925303444577321, 4.1482206750932463e-17]}], "source": "action wait"}
{"timestamp": 1706067607.778923, "objects": [{"color": "cv_", "id_name": "hand", "shape": "CVCylinder", "id_string": "ob383", "world_size": [0.12, 0.005, 0.12], "id": 383, "camera_size": [49, 48], "camera_position": [246, 314], "world_position": [0.5558707636760151, 0.6735842895172804, -0.17410342660603995], "world_orientation": [-5.0286751621377675e-06, 0.0013744048639934515, 0.9999990554925451, -0.0007623192330187548, -0.9999987649453834, 0.001374400631204573, 0.9999997094220074, -0.000762311601588627, 6.076404213591077e-06], "world_rotation": [0.0, 1.0, 0.0, 0.0]}, {"color": "CVBlue", "id_name": "object63942102826010", "shape": "CVCone", "id_string": "ob541", "world_size": [0.11, 0.11, 0.11], "id": 541, "camera_size": [45, 45], "camera_position": [256, 254], "world_position": [0.705, 0.6547388572526824, -0.15], "world_orientation": [1.0, -3.838362879530641e-17, 1.4813540171849057e-17, 3.838362879530641e-17, 1.0, 5.294293626938881e-18, -1.4813540171849057e-17, -5.294293626938881e-18, 1.0], "world_rotation": [-0.1276280613210114, 0.35710588544125776, 0.925303444577321, 4.1482206750932463e-17]}], "source": "action wait"}
