{"timestamp": 1706067297.338742, "objects": [{"color": "cv_", "id_name": "hand", "shape": "CVCylinder", "id_string": "ob383", "world_size": [0.12, 0.005, 0.12], "id": 383, "camera_size": [48, 50], "camera_position": [246, 426], "world_position": [0.2676445155401374, 0.6334703013847416, -0.17389260400847836], "world_orientation": [-0.0006415511667317049, 0.19791547486641367, 0.9802188802611906, -0.000747367528255197, -0.9802189031249676, 0.19791499033237359, 0.9999995149268215, -0.0006056111687287435, 0.0007767761802070899], "world_rotation": [0.0, 1.0, 0.0, 0.0]}, {"color": "CVBlue", "id_name": "object244870574248695", "shape": "CVCone", "id_string": "ob471", "world_size": [0.09, 0.09, 0.09], "id": 471, "camera_size": [37, 37], "camera_position": [256, 254], "world_position": [0.705, 0.6448569667806435, -0.15], "world_orientation": [1.0, -5.053903521130611e-17, -1.3537563024626779e-17, 5.053903521130611e-17, 1.0, -6.136882847087181e-17, 1.3537563024626779e-17, 6.136882847087181e-17, 1.0], "world_rotation": [-0.7609763537112164, 0.16786641696290353, -0.6266864089386478, -8.064485600844401e-17]}], "source": "manual check"}
{"timestamp": 1706067298.351042, "objects": [{"color": "cv_", "id_name": "hand", "shape": "CVCylinder", "id_string": "ob383", "world_size": [0.12, 0.005, 0.12], "id": 383, "camera_size": [48, 50], "camera_position": [246, 426], "world_position": [0.2676445155401374, 0.6334703013847416, -0.17389260400847836], "world_orientation": [-0.0006415511667317049, 0.19791547486641367, 0.9802188802611906, -0.000747367528255197, -0.9802189031249676, 0.19791499033237359, 0.9999995149268215, -0.0006056111687287435, 0.0007767761802070899], "world_rotation": [0.0, 1.0, 0.0, 0.0]}, {"color": "CVBlue", "id_name": "object244870574248695", "shape": "CVCone", "id_string": "ob471", "world_size": [0.09, 0.09, 0.09], "id": 471, "camera_size": [37, 37], "camera_position": [256, 254], "world_position": [0.705, 0.6448569696296074, -0.15], "world_orientation": [1.0, -4.331917303826236e-17, -1.1712398707441946e-17, 4.331917303826236e-17, 1.0, -5.775889738434995e-17, 1.1712398707441946e-17, 5.775889738434995e-17, 1.0], "world_rotation": [-0.7896765794068324, 0.16013129347666225, -0.5922574345551229, -7.314247236221149e-17]}], "source": "manual check"}
{"timestamp": 1706067299.572656, "objects": [{"color": "cv_", "id_name": "hand", "shape": "CVCylinder", "id_string": "ob383", "world_size": [0.12, 0.005, 0.12], "id": 383, "camera_size": [48, 50], "camera_position": [246, 426], "world_position": [0.2676445155401374, 0.6334703013847416, -0.17389260400847836], "world_orientation": [-0.0006415511667317049, 0.19791547486641367, 0.9802188802611906, -0.000747367528255197, -0.9802189031249676, 0.19791499033237359, 0.9999995149268215, -0.0006056111687287435, 0.0007767761802070899], "world_rotation": [0.0, 1.0, 0.0, 0.0]}, {"color": "CVBlue", "id_name": "object244870574248695", "shape": "CVCone", "id_string": "ob471", "world_size": [0.09, 0.09, 0.09], "id": 471, "camera_size": [37, 37], "camera_position": [256, 254], "world_position": [0.705, 0.6448569696296074, -0.15], "world_orientation": [1.0, -4.331917303826236e-17, -1.1712398707441946e-17, 4.331917303826236e-17, 1.0, -5.775889738434995e-17, 1.1712398707441946e-17, 5.775889738434995e-17, 1.0], "world_rotation": [-0.7896765794068324, 0.16013129347666225, -0.5922574345551229, -7.314247236221149e-17]}], "source": "action wait"}
{"timestamp": 1706067299.60292, "objects": [{"color": "cv_", "id_name": "hand", "shape": "CVCylinder", "id_string": "ob383", "world_size": [0.12, 0.005, 0.12], "id": 383, "camera_size": [48, 50], "camera_position": [246, 444], "world_position": [0.22509914267281783, 0.6416776018429198, -0.17397247098507823], "world_orientation": [-0.0005243734680301062, 0.08775991097961194, 0.9961415175853864, -0.0007630957687587281, -0.9961413996212815, 0.08775949888987702, 0.999999571358565, -0.0007141326243691634, 0.0005893193371033547], "world_rotation": [0.0, 1.0, 0.0, 0.0]}, {"color": "CVBlue", "id_name": "object244870574248695", "shape": "CVCone", "id_string": "ob471", "world_size": [0.09, 0.09, 0.09], "id": 471, "camera_size": [37, 37], "camera_position": [256, 254], "world_position": [0.705, 0.6448569696296074, -0.15], "world_orientation": [1.0, -4.331917303826236e-17, -1.1712398707441946e-17, 4.331917303826236e-17, 1.0, -5.775889738434995e-17, 1.1712398707441946e-17, 5.775889738434995e-17, 1.0], "world_rotation": [-0.7896765794068324, 0.16013129347666225, -0.5922574345551229, -7.314247236221149e-17]}], "source": "action wait"}
{"timestamp": 1706067299.632404, "objects": [{"color": "cv_", "id_name": "hand", "shape": "CVCylinder", "id_string": "ob383", "world_size": [0.12, 0.005, 0.12], "id": 383, "camera_size": [48, 50], "camera_position": [246, 470], "world_position": [0.16386702419679808, 0.6571116667919963, -0.17403839996994838], "world_orientation": [-0.0003799251775360168, 0.06032424746106883, 0.9981787619585558, -0.0007693266991760005, -0.9981785562377326, 0.060323942208595285, 0.9999996318965771, -0.0007450069876722243, 0.0004256422193711513], "world_rotation": [0.0, 1.0, 0.0, 0.0]}, {"color": "CVBlue", "id_name": "object244870574248695", "shape": "CVCone", "id_string": "ob471", "world_size": [0.09, 0.09, 0.09], "id": 471, "camera_size": [37, 37], "camera_position": [256, 254], "world_position": [0.705, 0.6448569696296074, -0.15], "world_orientation": [1.0, -4.331917303826236e-17, -1.1712398707441946e-17, 4.331917303826236e-17, 1.0, -5.775889738434995e-17, 1.1712398707441946e-17, 5.775889738434995e-17, 1.0], "world_rotation": [-0.7896765794068324, 0.16013129347666225, -0.5922574345551229, -7.314247236221149e-17]}], "source": "action wait"}
{"timestamp": 1706067299.662815, "objects": [{"color": "cv_", "id_name": "hand", "shape": "CVCylinder", "id_string": "ob383", "world_size": [0.12, 0.005, 0.12], "id": 383, "camera_size": [48, 46], "camera_position": [246, 488], "world_position": [0.11761512247928192, 0.6637246273362842, -0.1740777392915045], "world_orientation": [-0.00025835689894971995, 0.04222243018473308, 0.9991082021688183, -0.0007699561045874834, -0.9991079477603019, 0.042222220332370136, 0.9999996702096005, -0.0007583610574918276, 0.0002906358489710042], "world_rotation": [0.0, 1.0, 0.0, 0.0]}, {"color": "CVBlue", "id_name": "object244870574248695", "shape": "CVCone", "id_string": "ob471", "world_size": [0.09, 0.09, 0.09], "id": 471, "camera_size": [37, 37], "camera_position": [256, 254], "world_position": [0.705, 0.6448569696296074, -0.15], "world_orientation": [1.0, -4.331917303826236e-17, -1.1712398707441946e-17, 4.331917303826236e-17, 1.0, -5.775889738434995e-17, 1.1712398707441946e-17, 5.775889738434995e-17, 1.0], "world_rotation": [-0.7896765794068324, 0.16013129347666225, -0.5922574345551229, -7.314247236221149e-17]}], "source": "action wait"}
{"timestamp": 1706067299.694812, "objects": [{"color": "cv_", "id_name": "hand", "shape": "CVCylinder", "id_string": "ob383", "world_size": [0.12, 0.005, 0.12], "id": 383, "camera_size": [48, 34], "camera_position": [246, 494], "world_position": [0.0841883767259437, 0.6660511448025161, -0.1740965352857633], "world_orientation": [-0.00017549627096908504, 0.029411733717010804, 0.9995673659743093, -0.0007680372140617985, -0.99956709051842, 0.029411590765863395, 0.9999996896599004, -0.0007625433105276747, 0.000198009602994516], "world_rotation": [0.0, 1.0, 0.0, 0.0]}, {"color": "CVBlue", "id_name": "object244870574248695", "shape": "CVCone", "id_string": "ob471", "world_size": [0.09, 0.09, 0.09], "id": 471, "camera_size": [37, 37], "camera_position": [256, 254], "world_position": [0.705, 0.6448569696296074, -0.15], "world_orientation": [1.0, -4.331917303826236e-17, -1.1712398707441946e-17, 4.331917303826236e-17, 1.0, -5.775889738434995e-17, 1.1712398707441946e-17, 5.775889738434995e-17, 1.0], "world_rotation": [-0.7896765794068324, 0.16013129347666225, -0.5922574345551229, -7.314247236221149e-17]}], "source": "action wait"}
{"timestamp": 1706067299.764888, "objects": [{"color": "cv_", "id_name": "hand", "shape": "CVCylinder", "id_string": "ob383", "world_size": [0.12, 0.005, 0.12], "id": 383, "camera_size": [48, 20], "camera_position": [246, 501], "world_position": [0.04334974469737727, 0.6662848068414735, -0.17410866343527207], "world_orientation": [-8.158132367187789e-05, 0.013940550469857364, 0.999902822476807, -0.0007642814064476579, -0.9999025346387507, 0.0139404840996983, 0.9999997046091662, -0.0007630698523284305, 9.222787583882141e-05], "world_rotation": [0.0, 1.0, 0.0, 0.0]}, {"color": "CVBlue", "id_name": "object244870574248695", "shape": "CVCone", "id_string": "ob471", "world_size": [0.09, 0.09, 0.09], "id": 471, "camera_size": [37, 37], "camera_position": [256, 254], "world_position": [0.705, 0.6448569696296074, -0.15], "world_orientation": [1.0, -4.331917303826236e-17, -1.1712398707441946e-17, 4.331917303826236e-17, 1.0, -5.775889738434995e-17, 1.1712398707441946e-17, 5.775889738434995e-17, 1.0], "world_rotation": [-0.7896765794068324, 0.16013129347666225, -0.5922574345551229, -7.314247236221149e-17]}], "source": "action wait"}
{"timestamp": 1706067299.798849, "objects": [{"color": "cv_", "id_name": "hand", "shape": "CVCylinder", "id_string": "ob383", "world_size": [0.12, 0.005, 0.12], "id": 383, "camera_size": [48, 16], "camera_position": [246, 503], "world_position": [0.03135020830218015, 0.6658407168005238, -0.1741099231015607], "world_orientation": [-5.6114167190305855e-05, 0.009409058153556363, 0.9999557322581151, -0.0007632478632898761, -0.9999554429746259, 0.009409012600636726, 0.999999707151907, -0.0007626860971246791, 6.329311044157428e-05], "world_rotation": [0.0, 1.0, 0.0, 0.0]}, {"color": "CVBlue", "id_name": "object244870574248695", "shape": "CVCone", "id_string": "ob471", "world_size": [0.09, 0.09, 0.09], "id": 471, "camera_size": [37, 37], "camera_position": [256, 254], "world_position": [0.705, 0.6448569696296074, -0.15], "world_orientation": [1.0, -4.331917303826236e-17, -1.1712398707441946e-17, 4.331917303826236e-17, 1.0, -5.775889738434995e-17, 1.1712398707441946e-17, 5.775889738434995e-17, 1.0], "world_rotation": [-0.7896765794068324, 0.16013129347666225, -0.5922574345551229, -7.314247236221149e-17]}], "source": "action wait"}
{"timestamp": 1706067299.831758, "objects": [{"color": "cv_", "id_name": "hand", "shape": "CVCylinder", "id_string": "ob383", "world_size": [0.12, 0.005, 0.12], "id": 383, "camera_size": [48, 13], "camera_position": [246, 505], "world_position": [0.022874985712033554, 0.6653975070188692, -0.17411014934717423], "world_orientation": [-3.897671003799996e-05, 0.006205439364187913, 0.9999807453161854, -0.00076268371167603, -0.9999804554225663, 0.006205407837761905, 0.9999997083971436, -0.0007624271600607098, 4.370873578189852e-05], "world_rotation": [0.0, 1.0, 0.0, 0.0]}, {"color": "CVBlue", "id_name": "object244870574248695", "shape": "CVCone", "id_string": "ob471", "world_size": [0.09, 0.09, 0.09], "id": 471, "camera_size": [37, 37], "camera_position": [256, 254], "world_position": [0.705, 0.6448569696296074, -0.15], "world_orientation": [1.0, -4.331917303826236e-17, -1.1712398707441946e-17, 4.331917303826236e-17, 1.0, -5.775889738434995e-17, 1.1712398707441946e-17, 5.775889738434995e-17, 1.0], "world_rotation": [-0.7896765794068324, 0.16013129347666225, -0.5922574345551229, -7.314247236221149e-17]}], "source": "action wait"}
{"timestamp": 1706067299.863652, "objects": [{"color": "cv_", "id_name": "hand", "shape": "CVCylinder", "id_string": "ob383", "world_size": [0.12, 0.005, 0.12], "id": 383, "camera_size": [48, 11], "camera_position": [246, 506], "world_position": [0.016895396468370617, 0.6650251040149318, -0.1741099590954364], "world_orientation": [-2.7469300030965947e-05, 0.003940829859159382, 0.999992234522578, -0.0007624363047826145, -0.9999919443300466, 0.003940807771797206, 0.9999997089681172, -0.0007623221328700144, 3.0473710503311158e-05], "world_rotation": [0.0, 1.0, 0.0, 0.0]}, {"color": "CVBlue", "id_name": "object244870574248695", "shape": "CVCone", "id_string": "ob471", "world_size": [0.09, 0.09, 0.09], "id": 471, "camera_size": [37, 37], "camera_position": [256, 254], "world_position": [0.705, 0.6448569696296074, -0.15], "world_orientation": [1.0, -4.331917303826236e-17, -1.1712398707441946e-17, 4.331917303826236e-17, 1.0, -5.775889738434995e-17, 1.1712398707441946e-17, 5.775889738434995e-17, 1.0], "world_rotation": [-0.7896765794068324, 0.16013129347666225, -0.5922574345551229, -7.314247236221149e-17]}], "source": "action wait"}
{"timestamp": 1706067299.893671, "objects": [{"color": "cv_", "id_name": "hand", "shape": "CVCylinder", "id_string": "ob383", "world_size": [0.12, 0.005, 0.12], "id": 383, "camera_size": [48, 10], "camera_position": [246, 506], "world_position": [0.012679113263457269, 0.6647359081437049, -0.17410963746634686], "world_orientation": [-1.9733189604935633e-05, 0.00234014113477914, 0.9999972616712862, -0.0007623793436841108, -0.9999969712908121, 0.0023401254110289307, 0.9999997091941265, -0.0007623310779007907, 2.151720510166921e-05], "world_rotation": [0.0, 1.0, 0.0, 0.0]}, {"color": "CVBlue", "id_name": "object244870574248695", "shape": "CVCone", "id_string": "ob471", "world_size": [0.09, 0.09, 0.09], "id": 471, "camera_size": [37, 37], "camera_position": [256, 254], "world_position": [0.705, 0.6448569696296074, -0.15], "world_orientation": [1.0, -4.331917303826236e-17, -1.1712398707441946e-17, 4.331917303826236e-17, 1.0, -5.775889738434995e-17, 1.1712398707441946e-17, 5.775889738434995e-17, 1.0], "world_rotation": [-0.7896765794068324, 0.16013129347666225, -0.5922574345551229, -7.314247236221149e-17]}], "source": "action wait"}
{"timestamp": 1706067299.924608, "objects": [{"color": "cv_", "id_name": "hand", "shape": "CVCylinder", "id_string": "ob383", "world_size": [0.12, 0.005, 0.12], "id": 383, "camera_size": [48, 9], "camera_position": [246, 507], "world_position": [0.009707136531365899, 0.6645208183948824, -0.17410930855036172], "world_orientation": [-1.4546715898391921e-05, 0.0012088169708440828, 0.9999992692746951, -0.0007624243900756652, -0.9999989787485999, 0.0012088055288724737, 0.9999997092486791, -0.0007624062488026138, 1.5468332584611386e-05], "world_rotation": [0.0, 1.0, 0.0, 0.0]}, {"color": "CVBlue", "id_name": "object244870574248695", "shape": "CVCone", "id_string": "ob471", "world_size": [0.09, 0.09, 0.09], "id": 471, "camera_size": [37, 37], "camera_position": [256, 254], "world_position": [0.705, 0.6448569696296074, -0.15], "world_orientation": [1.0, -4.331917303826236e-17, -1.1712398707441946e-17, 4.331917303826236e-17, 1.0, -5.775889738434995e-17, 1.1712398707441946e-17, 5.775889738434995e-17, 1.0], "world_rotation": [-0.7896765794068324, 0.16013129347666225, -0.5922574345551229, -7.314247236221149e-17]}], "source": "action wait"}
{"timestamp": 1706067299.957465, "objects": [{"color": "cv_", "id_name": "hand", "shape": "CVCylinder", "id_string": "ob383", "world_size": [0.12, 0.005, 0.12], "id": 383, "camera_size": [48, 8], "camera_position": [246, 507], "world_position": [0.00761259546384759, 0.6643649217936662, -0.17410902001892614], "world_orientation": [-1.1062941329293593e-05, 0.0004092810690729794, 0.9999999161833055, -0.0007625152514597712, -0.9999996255331801, 0.00040927251445345767, 0.999999709224009, -0.0007625106597908276, 1.1375020244255669e-05], "world_rotation": [0.0, 1.0, 0.0, 0.0]}, {"color": "CVBlue", "id_name": "object244870574248695", "shape": "CVCone", "id_string": "ob471", "world_size": [0.09, 0.09, 0.09], "id": 471, "camera_size": [37, 37], "camera_position": [256, 254], "world_position": [0.705, 0.6448569696296074, -0.15], "world_orientation": [1.0, -4.331917303826236e-17, -1.1712398707441946e-17, 4.331917303826236e-17, 1.0, -5.775889738434995e-17, 1.1712398707441946e-17, 5.775889738434995e-17, 1.0], "world_rotation": [-0.7896765794068324, 0.16013129347666225, -0.5922574345551229, -7.314247236221149e-17]}], "source": "action wait"}
{"timestamp": 1706067299.991325, "objects": [{"color": "cv_", "id_name": "hand", "shape": "CVCylinder", "id_string": "ob383", "world_size": [0.12, 0.005, 0.12], "id": 383, "camera_size": [48, 7], "camera_position": [246, 508], "world_position": [0.006136539900267845, 0.6642537368691496, -0.17410878463900606], "world_orientation": [-8.727861799973143e-06, -0.00015573769222285955, 0.9999999878347978, -0.0007626192034829255, -0.9999996970777855, -0.0001557443029757186, 0.9999997091678453, -0.0007626205535205897, 8.609090601678397e-06], "world_rotation": [0.0, 1.0, 0.0, 0.0]}, {"color": "CVBlue", "id_name": "object244870574248695", "shape": "CVCone", "id_string": "ob471", "world_size": [0.09, 0.09, 0.09], "id": 471, "camera_size": [37, 37], "camera_position": [256, 254], "world_position": [0.705, 0.6448569696296074, -0.15], "world_orientation": [1.0, -4.331917303826236e-17, -1.1712398707441946e-17, 4.331917303826236e-17, 1.0, -5.775889738434995e-17, 1.1712398707441946e-17, 5.775889738434995e-17, 1.0], "world_rotation": [-0.7896765794068324, 0.16013129347666225, -0.5922574345551229, -7.314247236221149e-17]}], "source": "action wait"}
{"timestamp": 1706067300.027254, "objects": [{"color": "cv_", "id_name": "hand", "shape": "CVCylinder", "id_string": "ob383", "world_size": [0.12, 0.005, 0.12], "id": 383, "camera_size": [48, 7], "camera_position": [246, 508], "world_position": [0.0050963501041811615, 0.66417525087863, -0.17410860034513156], "world_orientation": [-7.164265389341804e-06, -0.0005550056730028256, 0.9999998459586764, -0.0007627189128972657, -0.9999995551112393, -0.0005550109759019931, 0.9999997091042243, -0.0007627227716532892, 6.7409488788398355e-06], "world_rotation": [0.0, 1.0, 0.0, 0.0]}, {"color": "CVBlue", "id_name": "object244870574248695", "shape": "CVCone", "id_string": "ob471", "world_size": [0.09, 0.09, 0.09], "id": 471, "camera_size": [37, 37], "camera_position": [256, 254], "world_position": [0.705, 0.6448569696296074, -0.15], "world_orientation": [1.0, -4.331917303826236e-17, -1.1712398707441946e-17, 4.331917303826236e-17, 1.0, -5.775889738434995e-17, 1.1712398707441946e-17, 5.775889738434995e-17, 1.0], "world_rotation": [-0.7896765794068324, 0.16013129347666225, -0.5922574345551229, -7.314247236221149e-17]}], "source": "action wait"}
{"timestamp": 1706067300.062199, "objects": [{"color": "cv_", "id_name": "hand", "shape": "CVCylinder", "id_string": "ob383", "world_size": [0.12, 0.005, 0.12], "id": 383, "camera_size": [48, 7], "camera_position": [246, 508], "world_position": [0.004363299508085069, 0.6641202081597624, -0.17410845971092648], "world_orientation": [-6.118413051602642e-06, -0.0008371330042469652, 0.9999996495853879, -0.0007628064810900705, -0.999999358663394, -0.0008371374278726403, 0.9999997090443765, -0.0007628113357444282, 5.4798386468300875e-06], "world_rotation": [0.0, 1.0, 0.0, 0.0]}, {"color": "CVBlue", "id_name": "object244870574248695", "shape": "CVCone", "id_string": "ob471", "world_size": [0.09, 0.09, 0.09], "id": 471, "camera_size": [37, 37], "camera_position": [256, 254], "world_position": [0.705, 0.6448569696296074, -0.15], "world_orientation": [1.0, -4.331917303826236e-17, -1.1712398707441946e-17, 4.331917303826236e-17, 1.0, -5.775889738434995e-17, 1.1712398707441946e-17, 5.775889738434995e-17, 1.0], "world_rotation": [-0.7896765794068324, 0.16013129347666225, -0.5922574345551229, -7.314247236221149e-17]}], "source": "action wait"}
{"timestamp": 1706067300.095182, "objects": [{"color": "cv_", "id_name": "hand", "shape": "CVCylinder", "id_string": "ob383", "world_size": [0.12, 0.005, 0.12], "id": 383, "camera_size": [48, 7], "camera_position": [246, 508], "world_position": [0.003846674065882602, 0.6640817629772577, -0.17410835422388962], "world_orientation": [-5.4196615477376695e-06, -0.0010364787456756972, 0.9999994628410742, -0.0007628794025466911, -0.9999991718590979, -0.0010364825786287114, 0.99999970899278, -0.0007628846101443216, 4.628948773604536e-06], "world_rotation": [0.0, 1.0, 0.0, 0.0]}, {"color": "CVBlue", "id_name": "object244870574248695", "shape": "CVCone", "id_string": "ob471", "world_size": [0.09, 0.09, 0.09], "id": 471, "camera_size": [37, 37], "camera_position": [256, 254], "world_position": [0.705, 0.6448569696296074, -0.15], "world_orientation": [1.0, -4.331917303826236e-17, -1.1712398707441946e-17, 4.331917303826236e-17, 1.0, -5.775889738434995e-17, 1.1712398707441946e-17, 5.775889738434995e-17, 1.0], "world_rotation": [-0.7896765794068324, 0.16013129347666225, -0.5922574345551229, -7.314247236221149e-17]}], "source": "action wait"}
{"timestamp": 1706067300.130369, "objects": [{"color": "cv_", "id_name": "hand", "shape": "CVCylinder", "id_string": "ob383", "world_size": [0.12, 0.005, 0.12], "id": 383, "camera_size": [48, 7], "camera_position": [246, 508], "world_position": [0.0034825553257579675, 0.6640549749119614, -0.17410827605196771], "world_orientation": [-4.95339592532729e-06, -0.00117732708160735, 0.9999993069379634, -0.0007629380063473055, -0.9999990159087407, -0.001177330518106919, 0.9999997089504888, -0.0007629433093684679, 4.055163474637153e-06], "world_rotation": [0.0, 1.0, 0.0, 0.0]}, {"color": "CVBlue", "id_name": "object244870574248695", "shape": "CVCone", "id_string": "ob471", "world_size": [0.09, 0.09, 0.09], "id": 471, "camera_size": [37, 37], "camera_position": [256, 254], "world_position": [0.705, 0.6448569696296074, -0.15], "world_orientation": [1.0, -4.331917303826236e-17, -1.1712398707441946e-17, 4.331917303826236e-17, 1.0, -5.775889738434995e-17, 1.1712398707441946e-17, 5.775889738434995e-17, 1.0], "world_rotation": [-0.7896765794068324, 0.16013129347666225, -0.5922574345551229, -7.314247236221149e-17]}], "source": "action wait"}
{"timestamp": 1706067300.164811, "objects": [{"color": "cv_", "id_name": "hand", "shape": "CVCylinder", "id_string": "ob383", "world_size": [0.12, 0.005, 0.12], "id": 383, "camera_size": [48, 7], "camera_position": [246, 508], "world_position": [0.003225907256973197, 0.6640363330032009, -0.1741082186326988], "world_orientation": [-4.642729181537206e-06, -0.0012768403688324115, 0.9999991848282266, -0.0007629839252660752, -0.9999988937624409, -0.0012768435395177763, 0.9999997089169451, -0.0007629892313422596, 3.6685153693897604e-06], "world_rotation": [0.0, 1.0, 0.0, 0.0]}, {"color": "CVBlue", "id_name": "object244870574248695", "shape": "CVCone", "id_string": "ob471", "world_size": [0.09, 0.09, 0.09], "id": 471, "camera_size": [37, 37], "camera_position": [256, 254], "world_position": [0.705, 0.6448569696296074, -0.15], "world_orientation": [1.0, -4.331917303826236e-17, -1.1712398707441946e-17, 4.331917303826236e-17, 1.0, -5.775889738434995e-17, 1.1712398707441946e-17, 5.775889738434995e-17, 1.0], "world_rotation": [-0.7896765794068324, 0.16013129347666225, -0.5922574345551229, -7.314247236221149e-17]}], "source": "action wait"}
{"timestamp": 1706067301.551964, "objects": [{"color": "CVBlue", "id_name": "object244870574248695", "shape": "CVCone", "id_string": "ob471", "world_size": [0.09, 0.09, 0.09], "id": 471, "camera_size": [37, 37], "camera_position": [256, 254], "world_position": [0.705, 0.6448569696296074, -0.15], "world_orientation": [1.0, -4.331917303826236e-17, -1.1712398707441946e-17, 4.331917303826236e-17, 1.0, -5.775889738434995e-17, 1.1712398707441946e-17, 5.775889738434995e-17, 1.0], "world_rotation": [-0.7896765794068324, 0.16013129347666225, -0.5922574345551229, -7.314247236221149e-17]}], "source": "action wait"}
{"timestamp": 1706067301.583652, "objects": [{"color": "cv_", "id_name": "hand", "shape": "CVCylinder", "id_string": "ob383", "world_size": [0.12, 0.005, 0.12], "id": 383, "camera_size": [51, 11], "camera_position": [246, 506], "world_position": [0.03544189063884597, 0.7201651887913526, -0.17412270199112645], "world_orientation": [0.0001584744056864183, 0.19403390787697847, 0.9809948101187137, -0.000707769686827748, -0.9809945549648389, 0.1940339717456927, 0.9999997369739321, -0.0007250678078930298, -1.8131210867183855e-05], "world_rotation": [0.0, 1.0, 0.0, 0.0]}, {"color": "CVBlue", "id_name": "object244870574248695", "shape": "CVCone", "id_string": "ob471", "world_size": [0.09, 0.09, 0.09], "id": 471, "camera_size": [37, 37], "camera_position": [256, 254], "world_position": [0.705, 0.6448569696296074, -0.15], "world_orientation": [1.0, -4.331917303826236e-17, -1.1712398707441946e-17, 4.331917303826236e-17, 1.0, -5.775889738434995e-17, 1.1712398707441946e-17, 5.775889738434995e-17, 1.0], "world_rotation": [-0.7896765794068324, 0.16013129347666225, -0.5922574345551229, -7.314247236221149e-17]}], "source": "action wait"}
{"timestamp": 1706067301.618892, "objects": [{"color": "cv_", "id_name": "hand", "shape": "CVCylinder", "id_string": "ob383", "world_size": [0.12, 0.005, 0.12], "id": 383, "camera_size": [52, 21], "camera_position": [245, 501], "world_position": [0.08355698190110182, 0.7737365506256373, -0.17412462236979317], "world_orientation": [0.00025848825462198655, 0.29908051274660996, 0.9542278449505898, -0.0007062073197039234, -0.9542275842829793, 0.2990806223490449, 0.999999717227482, -0.0007511915168319077, -3.5443775490546574e-05], "world_rotation": [0.0, 1.0, 0.0, 0.0]}, {"color": "CVBlue", "id_name": "object244870574248695", "shape": "CVCone", "id_string": "ob471", "world_size": [0.09, 0.09, 0.09], "id": 471, "camera_size": [37, 37], "camera_position": [256, 254], "world_position": [0.705, 0.6448569696296074, -0.15], "world_orientation": [1.0, -4.331917303826236e-17, -1.1712398707441946e-17, 4.331917303826236e-17, 1.0, -5.775889738434995e-17, 1.1712398707441946e-17, 5.775889738434995e-17, 1.0], "world_rotation": [-0.7896765794068324, 0.16013129347666225, -0.5922574345551229, -7.314247236221149e-17]}], "source": "action wait"}
{"timestamp": 1706067301.652656, "objects": [{"color": "cv_", "id_name": "hand", "shape": "CVCylinder", "id_string": "ob383", "world_size": [0.12, 0.005, 0.12], "id": 383, "camera_size": [54, 38], "camera_position": [245, 492], "world_position": [0.1399206635285285, 0.8061459818722793, -0.1741204729106253], "world_orientation": [0.0002908886042623105, 0.34026656710667375, 0.9403289736540394, -0.0007117521333194443, -0.9403287048073654, 0.34026669000095167, 0.9999997043963167, -0.0007682608555518969, -3.1345449453275045e-05], "world_rotation": [0.0, 1.0, 0.0, 0.0]}, {"color": "CVBlue", "id_name": "object244870574248695", "shape": "CVCone", "id_string": "ob471", "world_size": [0.09, 0.09, 0.09], "id": 471, "camera_size": [37, 37], "camera_position": [256, 254], "world_position": [0.705, 0.6448569696296074, -0.15], "world_orientation": [1.0, -4.331917303826236e-17, -1.1712398707441946e-17, 4.331917303826236e-17, 1.0, -5.775889738434995e-17, 1.1712398707441946e-17, 5.775889738434995e-17, 1.0], "world_rotation": [-0.7896765794068324, 0.16013129347666225, -0.5922574345551229, -7.314247236221149e-17]}], "source": "action wait"}
{"timestamp": 1706067301.686289, "objects": [{"color": "cv_", "id_name": "hand", "shape": "CVCylinder", "id_string": "ob383", "world_size": [0.12, 0.005, 0.12], "id": 383, "camera_size": [55, 59], "camera_position": [245, 480], "world_position": [0.20085615477945032, 0.8206582935680471, -0.1741171572432993], "world_orientation": [0.0002896025307223714, 0.3412976683749155, 0.9399552211101442, -0.0007211929411543416, -0.9399549447993262, 0.3412977902478097, 0.9999996980055124, -0.0007767297742517446, -2.6071861514001043e-05], "world_rotation": [0.0, 1.0, 0.0, 0.0]}, {"color": "CVBlue", "id_name": "object244870574248695", "shape": "CVCone", "id_string": "ob471", "world_size": [0.09, 0.09, 0.09], "id": 471, "camera_size": [37, 37], "camera_position": [256, 254], "world_position": [0.705, 0.6448569696296074, -0.15], "world_orientation": [1.0, -4.331917303826236e-17, -1.1712398707441946e-17, 4.331917303826236e-17, 1.0, -5.775889738434995e-17, 1.1712398707441946e-17, 5.775889738434995e-17, 1.0], "world_rotation": [-0.7896765794068324, 0.16013129347666225, -0.5922574345551229, -7.314247236221149e-17]}], "source": "action wait"}
{"timestamp": 1706067301.71829, "objects": [{"color": "cv_", "id_name": "hand", "shape": "CVCylinder", "id_string": "ob383", "world_size": [0.12, 0.005, 0.12], "id": 383, "camera_size": [55, 58], "camera_position": [245, 451], "world_position": [0.26444867627416224, 0.8200457574198662, -0.17411445869688152], "world_orientation": [0.00026479973038722495, 0.3140850407754662, 0.9493948162077653, -0.0007342649850919936, -0.9493945324936435, 0.31408515171225165, 0.999999695367971, -0.0007802770340615014, -2.0777768452346848e-05], "world_rotation": [0.0, 1.0, 0.0, 0.0]}, {"color": "CVBlue", "id_name": "object244870574248695", "shape": "CVCone", "id_string": "ob471", "world_size": [0.09, 0.09, 0.09], "id": 471, "camera_size": [37, 37], "camera_position": [256, 254], "world_position": [0.705, 0.6448569696296074, -0.15], "world_orientation": [1.0, -4.331917303826236e-17, -1.1712398707441946e-17, 4.331917303826236e-17, 1.0, -5.775889738434995e-17, 1.1712398707441946e-17, 5.775889738434995e-17, 1.0], "world_rotation": [-0.7896765794068324, 0.16013129347666225, -0.5922574345551229, -7.314247236221149e-17]}], "source": "action wait"}
{"timestamp": 1706067301.747004, "objects": [{"color": "cv_", "id_name": "hand", "shape": "CVCylinder", "id_string": "ob383", "world_size": [0.12, 0.005, 0.12], "id": 383, "camera_size": [54, 57], "camera_position": [245, 421], "world_position": [0.3286844986750152, 0.8065069847345019, -0.17411207787713903], "world_orientation": [0.0002231746670339342, 0.26633739557770675, 0.9638798378999076, -0.0007488014316039766, -0.9638795471697801, 0.2663374886196007, 0.9999996947446955, -0.0007811943828552178, -1.5679673901724643e-05], "world_rotation": [0.0, 1.0, 0.0, 0.0]}, {"color": "CVBlue", "id_name": "object244870574248695", "shape": "CVCone", "id_string": "ob471", "world_size": [0.09, 0.09, 0.09], "id": 471, "camera_size": [37, 37], "camera_position": [256, 254], "world_position": [0.705, 0.6448569696296074, -0.15], "world_orientation": [1.0, -4.331917303826236e-17, -1.1712398707441946e-17, 4.331917303826236e-17, 1.0, -5.775889738434995e-17, 1.1712398707441946e-17, 5.775889738434995e-17, 1.0], "world_rotation": [-0.7896765794068324, 0.16013129347666225, -0.5922574345551229, -7.314247236221149e-17]}], "source": "action wait"}
{"timestamp": 1706067301.772009, "objects": [{"color": "cv_", "id_name": "hand", "shape": "CVCylinder", "id_string": "ob383", "world_size": [0.12, 0.005, 0.12], "id": 383, "camera_size": [53, 54], "camera_position": [245, 390], "world_position": [0.3917740972283475, 0.7818247477894096, -0.17410982041010448], "world_orientation": [0.00016936910364854049, 0.20337521760920396, 0.9791008590418638, -0.0007623316021746284, -0.9791005623241512, 0.20337528784751532, 0.9999996950822712, -0.0007808450167712272, -1.0790029139554713e-05], "world_rotation": [0.0, 1.0, 0.0, 0.0]}, {"color": "CVBlue", "id_name": "object244870574248695", "shape": "CVCone", "id_string": "ob471", "world_size": [0.09, 0.09, 0.09], "id": 471, "camera_size": [37, 37], "camera_position": [256, 254], "world_position": [0.705, 0.6448569696296074, -0.15], "world_orientation": [1.0, -4.331917303826236e-17, -1.1712398707441946e-17, 4.331917303826236e-17, 1.0, -5.775889738434995e-17, 1.1712398707441946e-17, 5.775889738434995e-17, 1.0], "world_rotation": [-0.7896765794068324, 0.16013129347666225, -0.5922574345551229, -7.314247236221149e-17]}], "source": "action wait"}
{"timestamp": 1706067301.80532, "objects": [{"color": "cv_", "id_name": "hand", "shape": "CVCylinder", "id_string": "ob383", "world_size": [0.12, 0.005, 0.12], "id": 383, "camera_size": [52, 52], "camera_position": [245, 365], "world_position": [0.44401852501555844, 0.7535257922032309, -0.17410319276039832], "world_orientation": [0.00010722844205983912, 0.1434608686393158, 0.9896559845074016, -0.0007677362000225662, -0.9896556867257466, 0.14346090865639524, 0.9999996995415491, -0.0007751778146073203, 4.020864678235635e-06], "world_rotation": [0.0, 1.0, 0.0, 0.0]}, {"color": "CVBlue", "id_name": "object244870574248695", "shape": "CVCone", "id_string": "ob471", "world_size": [0.09, 0.09, 0.09], "id": 471, "camera_size": [37, 37], "camera_position": [256, 254], "world_position": [0.705, 0.6448569696296074, -0.15], "world_orientation": [1.0, -4.331917303826236e-17, -1.1712398707441946e-17, 4.331917303826236e-17, 1.0, -5.775889738434995e-17, 1.1712398707441946e-17, 5.775889738434995e-17, 1.0], "world_rotation": [-0.7896765794068324, 0.16013129347666225, -0.5922574345551229, -7.314247236221149e-17]}], "source": "action wait"}
{"timestamp": 1706067301.839321, "objects": [{"color": "cv_", "id_name": "hand", "shape": "CVCylinder", "id_string": "ob383", "world_size": [0.12, 0.005, 0.12], "id": 383, "camera_size": [51, 51], "camera_position": [246, 349], "world_position": [0.4794885533890986, 0.7302718364979197, -0.17409841974327925], "world_orientation": [6.308860351005363e-05, 0.10083950294326613, 0.9949027041203493, -0.0007666399449040055, -0.9949024088525501, 0.10083952163010439, 0.9999997041414678, -0.0007690939788702589, 1.454058737767617e-05], "world_rotation": [0.0, 1.0, 0.0, 0.0]}, {"color": "CVBlue", "id_name": "object244870574248695", "shape": "CVCone", "id_string": "ob471", "world_size": [0.09, 0.09, 0.09], "id": 471, "camera_size": [37, 37], "camera_position": [256, 254], "world_position": [0.705, 0.6448569696296074, -0.15], "world_orientation": [1.0, -4.331917303826236e-17, -1.1712398707441946e-17, 4.331917303826236e-17, 1.0, -5.775889738434995e-17, 1.1712398707441946e-17, 5.775889738434995e-17, 1.0], "world_rotation": [-0.7896765794068324, 0.16013129347666225, -0.5922574345551229, -7.314247236221149e-17]}], "source": "action wait"}
{"timestamp": 1706067301.875351, "objects": [{"color": "cv_", "id_name": "hand", "shape": "CVCylinder", "id_string": "ob383", "world_size": [0.12, 0.005, 0.12], "id": 383, "camera_size": [50, 51], "camera_position": [245, 338], "world_position": [0.5036375942063887, 0.7123221492353606, -0.17409669332660008], "world_orientation": [3.5658987076444306e-05, 0.07067313766202539, 0.997499526988079, -0.0007644590089385252, -0.9974992342275367, 0.07067314424802174, 0.9999997071653873, -0.0007650676325556836, 1.8456904473994085e-05], "world_rotation": [0.0, 1.0, 0.0, 0.0]}, {"color": "CVBlue", "id_name": "object244870574248695", "shape": "CVCone", "id_string": "ob471", "world_size": [0.09, 0.09, 0.09], "id": 471, "camera_size": [37, 37], "camera_position": [256, 254], "world_position": [0.705, 0.6448569696296074, -0.15], "world_orientation": [1.0, -4.331917303826236e-17, -1.1712398707441946e-17, 4.331917303826236e-17, 1.0, -5.775889738434995e-17, 1.1712398707441946e-17, 5.775889738434995e-17, 1.0], "world_rotation": [-0.7896765794068324, 0.16013129347666225, -0.5922574345551229, -7.314247236221149e-17]}], "source": "action wait"}
{"timestamp": 1706067301.910243, "objects": [{"color": "cv_", "id_name": "hand", "shape": "CVCylinder", "id_string": "ob383", "world_size": [0.12, 0.005, 0.12], "id": 383, "camera_size": [49, 50], "camera_position": [246, 330], "world_position": [0.5201953209662874, 0.698939160533264, -0.17409660723093962], "world_orientation": [1.8785990022434662e-05, 0.0493643249177225, 0.9987808383586981, -0.0007627110593102076, -0.9987805473181218, 0.04936432487893633, 0.9999997089594209, -0.0007627085489582947, 1.8887635153991282e-05], "world_rotation": [0.0, 1.0, 0.0, 0.0]}, {"color": "CVBlue", "id_name": "object244870574248695", "shape": "CVCone", "id_string": "ob471", "world_size": [0.09, 0.09, 0.09], "id": 471, "camera_size": [37, 37], "camera_position": [256, 254], "world_position": [0.705, 0.6448569696296074, -0.15], "world_orientation": [1.0, -4.331917303826236e-17, -1.1712398707441946e-17, 4.331917303826236e-17, 1.0, -5.775889738434995e-17, 1.1712398707441946e-17, 5.775889738434995e-17, 1.0], "world_rotation": [-0.7896765794068324, 0.16013129347666225, -0.5922574345551229, -7.314247236221149e-17]}], "source": "action wait"}
{"timestamp": 1706067301.943996, "objects": [{"color": "cv_", "id_name": "hand", "shape": "CVCylinder", "id_string": "ob383", "world_size": [0.12, 0.005, 0.12], "id": 383, "camera_size": [49, 49], "camera_position": [246, 325], "world_position": [0.5316224290135496, 0.6891663916456694, -0.17409732205113754], "world_orientation": [8.529207592774679e-06, 0.03432680171778989, 0.9994106616456921, -0.0007616711731139973, -0.9994103715584622, 0.034326798254433896, 0.9999997098920963, -0.0007615150714669599, 1.7621556804622896e-05], "world_rotation": [0.0, 1.0, 0.0, 0.0]}, {"color": "CVBlue", "id_name": "object244870574248695", "shape": "CVCone", "id_string": "ob471", "world_size": [0.09, 0.09, 0.09], "id": 471, "camera_size": [37, 37], "camera_position": [256, 254], "world_position": [0.705, 0.6448569696296074, -0.15], "world_orientation": [1.0, -4.331917303826236e-17, -1.1712398707441946e-17, 4.331917303826236e-17, 1.0, -5.775889738434995e-17, 1.1712398707441946e-17, 5.775889738434995e-17, 1.0], "world_rotation": [-0.7896765794068324, 0.16013129347666225, -0.5922574345551229, -7.314247236221149e-17]}], "source": "action wait"}
{"timestamp": 1706067301.98036, "objects": [{"color": "cv_", "id_name": "hand", "shape": "CVCylinder", "id_string": "ob383", "world_size": [0.12, 0.005, 0.12], "id": 383, "camera_size": [49, 50], "camera_position": [246, 321], "world_position": [0.5395517780225476, 0.6821224442358742, -0.1740983572472136], "world_orientation": [2.4069397794710873e-06, 0.023719826232440663, 0.9997186453386321, -0.0007612160486447997, -0.9997183556546057, 0.023719821191969116, 0.9999997102721251, -0.0007610589691427492, 1.5649650521080178e-05], "world_rotation": [0.0, 1.0, 0.0, 0.0]}, {"color": "CVBlue", "id_name": "object244870574248695", "shape": "CVCone", "id_string": "ob471", "world_size": [0.09, 0.09, 0.09], "id": 471, "camera_size": [37, 37], "camera_position": [256, 254], "world_position": [0.705, 0.6448569696296074, -0.15], "world_orientation": [1.0, -4.331917303826236e-17, -1.1712398707441946e-17, 4.331917303826236e-17, 1.0, -5.775889738434995e-17, 1.1712398707441946e-17, 5.775889738434995e-17, 1.0], "world_rotation": [-0.7896765794068324, 0.16013129347666225, -0.5922574345551229, -7.314247236221149e-17]}], "source": "action wait"}
{"timestamp": 1706067302.012587, "objects": [{"color": "cv_", "id_name": "hand", "shape": "CVCylinder", "id_string": "ob383", "world_size": [0.12, 0.005, 0.12], "id": 383, "camera_size": [49, 49], "camera_position": [246, 319], "world_position": [0.5450776869923359, 0.6770878973806947, -0.17409945122383153], "world_orientation": [-1.1757951466622157e-06, 0.01623963583024767, 0.9998681284183022, -0.0007611473769463598, -0.9998678387990201, 0.01623963023124467, 0.9999997103266021, -0.0007610279087597938, 1.3536395967290568e-05], "world_rotation": [0.0, 1.0, 0.0, 0.0]}, {"color": "CVBlue", "id_name": "object244870574248695", "shape": "CVCone", "id_string": "ob471", "world_size": [0.09, 0.09, 0.09], "id": 471, "camera_size": [37, 37], "camera_position": [256, 254], "world_position": [0.705, 0.6448569696296074, -0.15], "world_orientation": [1.0, -4.331917303826236e-17, -1.1712398707441946e-17, 4.331917303826236e-17, 1.0, -5.775889738434995e-17, 1.1712398707441946e-17, 5.775889738434995e-17, 1.0], "world_rotation": [-0.7896765794068324, 0.16013129347666225, -0.5922574345551229, -7.314247236221149e-17]}], "source": "action wait"}
