{"timestamp": 1706067911.103054, "objects": [{"color": "cv_", "id_name": "hand", "shape": "CVCylinder", "id_string": "ob383", "world_size": [0.12, 0.005, 0.12], "id": 383, "camera_size": [48, 50], "camera_position": [246, 426], "world_position": [0.26764451554013885, 0.63347030138474, -0.1738926040084748], "world_orientation": [-0.0006415490621426554, 0.19791547486641256, 0.9802188802625683, -0.0007473671033194371, -0.9802189031249677, 0.19791499033397697, 0.9999995149284893, -0.0006056111687284048, 0.0007767740331477571], "world_rotation": [0.0, 1.0, 0.0, 0.0]}, {"color": "CVYellow", "id_name": "object194971033578652", "shape": "CVCone", "id_string": "ob639", "world_size": [0.09, 0.09, 0.09], "id": 639, "camera_size": [37, 37], "camera_position": [256, 254], "world_position": [0.705, 0.6448569667806435, -0.15], "world_orientation": [1.0, -5.053903521130611e-17, -1.3537563024626779e-17, 5.053903521130611e-17, 1.0, -6.136882847087181e-17, 1.3537563024626779e-17, 6.136882847087181e-17, 1.0], "world_rotation": [-0.7609763537112164, 0.16786641696290353, -0.6266864089386478, -8.064485600844401e-17]}], "source": "manual check"}
{"timestamp": 1706067912.129108, "objects": [{"color": "cv_", "id_name": "hand", "shape": "CVCylinder", "id_string": "ob383", "world_size": [0.12, 0.005, 0.12], "id": 383, "camera_size": [48, 50], "camera_position": [246, 426], "world_position": [0.26764451554013885, 0.63347030138474, -0.1738926040084748], "world_orientation": [-0.0006415490621426554, 0.19791547486641256, 0.9802188802625683, -0.0007473671033194371, -0.9802189031249677, 0.19791499033397697, 0.9999995149284893, -0.0006056111687284048, 0.0007767740331477571], "world_rotation": [0.0, 1.0, 0.0, 0.0]}, {"color": "CVYellow", "id_name": "object194971033578652", "shape": "CVCone", "id_string": "ob639", "world_size": [0.09, 0.09, 0.09], "id": 639, "camera_size": [37, 37], "camera_position": [256, 254], "world_position": [0.705, 0.6448569696296074, -0.15], "world_orientation": [1.0, -4.331917303826236e-17, -1.1712398707441946e-17, 4.331917303826236e-17, 1.0, -5.775889738434995e-17, 1.1712398707441946e-17, 5.775889738434995e-17, 1.0], "world_rotation": [-0.7896765794068324, 0.16013129347666225, -0.5922574345551229, -7.314247236221149e-17]}], "source": "manual check"}
{"timestamp": 1706067913.766468, "objects": [{"color": "cv_", "id_name": "hand", "shape": "CVCylinder", "id_string": "ob383", "world_size": [0.12, 0.005, 0.12], "id": 383, "camera_size": [48, 50], "camera_position": [246, 426], "world_position": [0.26764451554013885, 0.63347030138474, -0.1738926040084748], "world_orientation": [-0.0006415490621426554, 0.19791547486641256, 0.9802188802625683, -0.0007473671033194371, -0.9802189031249677, 0.19791499033397697, 0.9999995149284893, -0.0006056111687284048, 0.0007767740331477571], "world_rotation": [0.0, 1.0, 0.0, 0.0]}, {"color": "CVYellow", "id_name": "object194971033578652", "shape": "CVCone", "id_string": "ob639", "world_size": [0.09, 0.09, 0.09], "id": 639, "camera_size": [37, 37], "camera_position": [256, 254], "world_position": [0.705, 0.6448569696296074, -0.15], "world_orientation": [1.0, -4.331917303826236e-17, -1.1712398707441946e-17, 4.331917303826236e-17, 1.0, -5.775889738434995e-17, 1.1712398707441946e-17, 5.775889738434995e-17, 1.0], "world_rotation": [-0.7896765794068324, 0.16013129347666225, -0.5922574345551229, -7.314247236221149e-17]}], "source": "action wait"}
{"timestamp": 1706067913.802481, "objects": [{"color": "cv_", "id_name": "hand", "shape": "CVCylinder", "id_string": "ob383", "world_size": [0.12, 0.005, 0.12], "id": 383, "camera_size": [48, 50], "camera_position": [246, 444], "world_position": [0.22509914326236824, 0.6416776079267775, -0.17397246912594103], "world_orientation": [-0.0005244055593250922, 0.08775991361785578, 0.9961415173360639, -0.0007630982955769763, -0.9961413993890682, 0.08775950150371413, 0.9999995713398084, -0.0007141323235608024, 0.0005893515282156678], "world_rotation": [0.0, 1.0, 0.0, 0.0]}, {"color": "CVYellow", "id_name": "object194971033578652", "shape": "CVCone", "id_string": "ob639", "world_size": [0.09, 0.09, 0.09], "id": 639, "camera_size": [37, 37], "camera_position": [256, 254], "world_position": [0.705, 0.6448569696296074, -0.15], "world_orientation": [1.0, -4.331917303826236e-17, -1.1712398707441946e-17, 4.331917303826236e-17, 1.0, -5.775889738434995e-17, 1.1712398707441946e-17, 5.775889738434995e-17, 1.0], "world_rotation": [-0.7896765794068324, 0.16013129347666225, -0.5922574345551229, -7.314247236221149e-17]}], "source": "action wait"}
{"timestamp": 1706067913.833528, "objects": [{"color": "cv_", "id_name": "hand", "shape": "CVCylinder", "id_string": "ob383", "world_size": [0.12, 0.005, 0.12], "id": 383, "camera_size": [48, 50], "camera_position": [246, 470], "world_position": [0.16386702253431754, 0.6571116765412215, -0.17403839755668793], "world_orientation": [-0.00037995498588311863, 0.06032424801929287, 0.998178761913474, -0.0007693278402366569, -0.9981785562044889, 0.06032394274412587, 0.9999996318843737, -0.0007450063282595831, 0.0004256720426744768], "world_rotation": [0.0, 1.0, 0.0, 0.0]}, {"color": "CVYellow", "id_name": "object194971033578652", "shape": "CVCone", "id_string": "ob639", "world_size": [0.09, 0.09, 0.09], "id": 639, "camera_size": [37, 37], "camera_position": [256, 254], "world_position": [0.705, 0.6448569696296074, -0.15], "world_orientation": [1.0, -4.331917303826236e-17, -1.1712398707441946e-17, 4.331917303826236e-17, 1.0, -5.775889738434995e-17, 1.1712398707441946e-17, 5.775889738434995e-17, 1.0], "world_rotation": [-0.7896765794068324, 0.16013129347666225, -0.5922574345551229, -7.314247236221149e-17]}], "source": "action wait"}
{"timestamp": 1706067913.864307, "objects": [{"color": "cv_", "id_name": "hand", "shape": "CVCylinder", "id_string": "ob383", "world_size": [0.12, 0.005, 0.12], "id": 383, "camera_size": [48, 46], "camera_position": [246, 488], "world_position": [0.11761511786857258, 0.6637246393692283, -0.1740777370289361], "world_orientation": [-0.00025837028965003536, 0.04222243057795973, 0.9991082021487377, -0.0007699559377679382, -0.9991079477442396, 0.042222220715490304, 0.9999996702062693, -0.000758360325321475, 0.000290649220981205], "world_rotation": [0.0, 1.0, 0.0, 0.0]}, {"color": "CVYellow", "id_name": "object194971033578652", "shape": "CVCone", "id_string": "ob639", "world_size": [0.09, 0.09, 0.09], "id": 639, "camera_size": [37, 37], "camera_position": [256, 254], "world_position": [0.705, 0.6448569696296074, -0.15], "world_orientation": [1.0, -4.331917303826236e-17, -1.1712398707441946e-17, 4.331917303826236e-17, 1.0, -5.775889738434995e-17, 1.1712398707441946e-17, 5.775889738434995e-17, 1.0], "world_rotation": [-0.7896765794068324, 0.16013129347666225, -0.5922574345551229, -7.314247236221149e-17]}], "source": "action wait"}
{"timestamp": 1706067913.893982, "objects": [{"color": "cv_", "id_name": "hand", "shape": "CVCylinder", "id_string": "ob383", "world_size": [0.12, 0.005, 0.12], "id": 383, "camera_size": [48, 34], "camera_position": [246, 494], "world_position": [0.08418836972161442, 0.6660511580770663, -0.17409653341146572], "world_orientation": [-0.00017551026762761119, 0.029411733992825418, 0.999567365963736, -0.0007680370187406714, -0.9995670905107674, 0.029411591031043263, 0.9999996896575937, -0.0007625427035723935, 0.00019802358805951555], "world_rotation": [0.0, 1.0, 0.0, 0.0]}, {"color": "CVYellow", "id_name": "object194971033578652", "shape": "CVCone", "id_string": "ob639", "world_size": [0.09, 0.09, 0.09], "id": 639, "camera_size": [37, 37], "camera_position": [256, 254], "world_position": [0.705, 0.6448569696296074, -0.15], "world_orientation": [1.0, -4.331917303826236e-17, -1.1712398707441946e-17, 4.331917303826236e-17, 1.0, -5.775889738434995e-17, 1.1712398707441946e-17, 5.775889738434995e-17, 1.0], "world_rotation": [-0.7896765794068324, 0.16013129347666225, -0.5922574345551229, -7.314247236221149e-17]}], "source": "action wait"}
{"timestamp": 1706067913.925932, "objects": [{"color": "cv_", "id_name": "hand", "shape": "CVCylinder", "id_string": "ob383", "world_size": [0.12, 0.005, 0.12], "id": 383, "camera_size": [48, 26], "camera_position": [246, 498], "world_position": [0.060306828906212896, 0.6665238574119483, -0.17410507867958475], "world_orientation": [-0.00011943525255562386, 0.020349421285426703, 0.9997929219536258, -0.0007659058848024018, -0.9997926377008014, 0.02034932400473902, 0.9999996995616529, -0.0007633168558565881, 0.00013499622770225163], "world_rotation": [0.0, 1.0, 0.0, 0.0]}, {"color": "CVYellow", "id_name": "object194971033578652", "shape": "CVCone", "id_string": "ob639", "world_size": [0.09, 0.09, 0.09], "id": 639, "camera_size": [37, 37], "camera_position": [256, 254], "world_position": [0.705, 0.6448569696296074, -0.15], "world_orientation": [1.0, -4.331917303826236e-17, -1.1712398707441946e-17, 4.331917303826236e-17, 1.0, -5.775889738434995e-17, 1.1712398707441946e-17, 5.775889738434995e-17, 1.0], "world_rotation": [-0.7896765794068324, 0.16013129347666225, -0.5922574345551229, -7.314247236221149e-17]}], "source": "action wait"}
{"timestamp": 1706067913.961675, "objects": [{"color": "cv_", "id_name": "hand", "shape": "CVCylinder", "id_string": "ob383", "world_size": [0.12, 0.005, 0.12], "id": 383, "camera_size": [48, 20], "camera_position": [246, 501], "world_position": [0.04334973452804499, 0.6662848211726742, -0.17410866232492975], "world_orientation": [-8.160128622037807e-05, 0.013940550601623612, 0.9999028224733411, -0.0007642813488333548, -0.9999025346371698, 0.013940484216236693, 0.9999997046075815, -0.0007630695164199873, 9.224783573906706e-05], "world_rotation": [0.0, 1.0, 0.0, 0.0]}, {"color": "CVYellow", "id_name": "object194971033578652", "shape": "CVCone", "id_string": "ob639", "world_size": [0.09, 0.09, 0.09], "id": 639, "camera_size": [37, 37], "camera_position": [256, 254], "world_position": [0.705, 0.6448569696296074, -0.15], "world_orientation": [1.0, -4.331917303826236e-17, -1.1712398707441946e-17, 4.331917303826236e-17, 1.0, -5.775889738434995e-17, 1.1712398707441946e-17, 5.775889738434995e-17, 1.0], "world_rotation": [-0.7896765794068324, 0.16013129347666225, -0.5922574345551229, -7.314247236221149e-17]}], "source": "action wait"}
{"timestamp": 1706067913.995773, "objects": [{"color": "cv_", "id_name": "hand", "shape": "CVCylinder", "id_string": "ob383", "world_size": [0.12, 0.005, 0.12], "id": 383, "camera_size": [48, 16], "camera_position": [246, 503], "world_position": [0.031350197161108755, 0.6658407313478129, -0.17410992227108552], "world_orientation": [-5.612685807584222e-05, 0.009409058242330499, 0.9999557322565676, -0.0007632477366621866, -0.9999554429739783, 0.009409012679739799, 0.9999997071512914, -0.0007626858510882394, 6.330579963791555e-05], "world_rotation": [0.0, 1.0, 0.0, 0.0]}, {"color": "CVYellow", "id_name": "object194971033578652", "shape": "CVCone", "id_string": "ob639", "world_size": [0.09, 0.09, 0.09], "id": 639, "camera_size": [37, 37], "camera_position": [256, 254], "world_position": [0.705, 0.6448569696296074, -0.15], "world_orientation": [1.0, -4.331917303826236e-17, -1.1712398707441946e-17, 4.331917303826236e-17, 1.0, -5.775889738434995e-17, 1.1712398707441946e-17, 5.775889738434995e-17, 1.0], "world_rotation": [-0.7896765794068324, 0.16013129347666225, -0.5922574345551229, -7.314247236221149e-17]}], "source": "action wait"}
{"timestamp": 1706067914.030751, "objects": [{"color": "cv_", "id_name": "hand", "shape": "CVCylinder", "id_string": "ob383", "world_size": [0.12, 0.005, 0.12], "id": 383, "camera_size": [48, 13], "camera_position": [246, 505], "world_position": [0.022874973875123723, 0.6653975216939699, -0.17411014873087904], "world_orientation": [-3.9004864278846585e-05, 0.006205439422202128, 0.9999807453147276, -0.0007626837299012232, -0.9999804554223257, 0.006205407874309872, 0.9999997083960318, -0.0007624270035744744, 4.373688962981477e-05], "world_rotation": [0.0, 1.0, 0.0, 0.0]}, {"color": "CVYellow", "id_name": "object194971033578652", "shape": "CVCone", "id_string": "ob639", "world_size": [0.09, 0.09, 0.09], "id": 639, "camera_size": [37, 37], "camera_position": [256, 254], "world_position": [0.705, 0.6448569696296074, -0.15], "world_orientation": [1.0, -4.331917303826236e-17, -1.1712398707441946e-17, 4.331917303826236e-17, 1.0, -5.775889738434995e-17, 1.1712398707441946e-17, 5.775889738434995e-17, 1.0], "world_rotation": [-0.7896765794068324, 0.16013129347666225, -0.5922574345551229, -7.314247236221149e-17]}], "source": "action wait"}
{"timestamp": 1706067914.066412, "objects": [{"color": "cv_", "id_name": "hand", "shape": "CVCylinder", "id_string": "ob383", "world_size": [0.12, 0.005, 0.12], "id": 383, "camera_size": [48, 11], "camera_position": [246, 506], "world_position": [0.01689538413638915, 0.6650251187684285, -0.17410995863516182], "world_orientation": [-2.748856646991669e-05, 0.003940829895176609, 0.9999922345219068, -0.000762436274501721, -0.9999919443299855, 0.003940807793128145, 0.9999997089676107, -0.0007623220266629344, 3.0492976695185133e-05], "world_rotation": [0.0, 1.0, 0.0, 0.0]}, {"color": "CVYellow", "id_name": "object194971033578652", "shape": "CVCone", "id_string": "ob639", "world_size": [0.09, 0.09, 0.09], "id": 639, "camera_size": [37, 37], "camera_position": [256, 254], "world_position": [0.705, 0.6448569696296074, -0.15], "world_orientation": [1.0, -4.331917303826236e-17, -1.1712398707441946e-17, 4.331917303826236e-17, 1.0, -5.775889738434995e-17, 1.1712398707441946e-17, 5.775889738434995e-17, 1.0], "world_rotation": [-0.7896765794068324, 0.16013129347666225, -0.5922574345551229, -7.314247236221149e-17]}], "source": "action wait"}
{"timestamp": 1706067914.098142, "objects": [{"color": "cv_", "id_name": "hand", "shape": "CVCylinder", "id_string": "ob383", "world_size": [0.12, 0.005, 0.12], "id": 383, "camera_size": [48, 10], "camera_position": [246, 506], "world_position": [0.012679100580646616, 0.6647359229470257, -0.1741096371198616], "world_orientation": [-1.9760218407936556e-05, 0.002340141155072369, 0.9999972616707049, -0.000762379345230034, -0.9999969712908117, 0.002340125410717462, 0.9999997091935916, -0.0007623310161954846, 2.1544233841896546e-05], "world_rotation": [0.0, 1.0, 0.0, 0.0]}, {"color": "CVYellow", "id_name": "object194971033578652", "shape": "CVCone", "id_string": "ob639", "world_size": [0.09, 0.09, 0.09], "id": 639, "camera_size": [37, 37], "camera_position": [256, 254], "world_position": [0.705, 0.6448569696296074, -0.15], "world_orientation": [1.0, -4.331917303826236e-17, -1.1712398707441946e-17, 4.331917303826236e-17, 1.0, -5.775889738434995e-17, 1.1712398707441946e-17, 5.775889738434995e-17, 1.0], "world_rotation": [-0.7896765794068324, 0.16013129347666225, -0.5922574345551229, -7.314247236221149e-17]}], "source": "action wait"}
{"timestamp": 1706067914.124725, "objects": [{"color": "cv_", "id_name": "hand", "shape": "CVCylinder", "id_string": "ob383", "world_size": [0.12, 0.005, 0.12], "id": 383, "camera_size": [48, 9], "camera_position": [246, 507], "world_position": [0.009707123600565942, 0.6645208332308834, -0.1741093082848089], "world_orientation": [-1.4564804025166342e-05, 0.0012088169799025948, 0.9999992692744208, -0.0007624243773003039, -0.9999989787486155, 0.0012088055241402406, 0.9999997092484255, -0.0007624062141621225, 1.5486420684376895e-05], "world_rotation": [0.0, 1.0, 0.0, 0.0]}, {"color": "CVYellow", "id_name": "object194971033578652", "shape": "CVCone", "id_string": "ob639", "world_size": [0.09, 0.09, 0.09], "id": 639, "camera_size": [37, 37], "camera_position": [256, 254], "world_position": [0.705, 0.6448569696296074, -0.15], "world_orientation": [1.0, -4.331917303826236e-17, -1.1712398707441946e-17, 4.331917303826236e-17, 1.0, -5.775889738434995e-17, 1.1712398707441946e-17, 5.775889738434995e-17, 1.0], "world_rotation": [-0.7896765794068324, 0.16013129347666225, -0.5922574345551229, -7.314247236221149e-17]}], "source": "action wait"}
{"timestamp": 1706067914.155682, "objects": [{"color": "cv_", "id_name": "hand", "shape": "CVCylinder", "id_string": "ob383", "world_size": [0.12, 0.005, 0.12], "id": 383, "camera_size": [48, 8], "camera_position": [246, 507], "world_position": [0.007612582358030601, 0.6643649366516674, -0.1741090198111938], "world_orientation": [-1.1082628188987284e-05, 0.000409281070106973, 0.9999999161830871, -0.0007625152470182434, -0.9999996255331892, 0.000409272500476146, 0.9999997092237944, -0.0007625106472919689, 1.1394707095547975e-05], "world_rotation": [0.0, 1.0, 0.0, 0.0]}, {"color": "CVYellow", "id_name": "object194971033578652", "shape": "CVCone", "id_string": "ob639", "world_size": [0.09, 0.09, 0.09], "id": 639, "camera_size": [37, 37], "camera_position": [256, 254], "world_position": [0.705, 0.6448569696296074, -0.15], "world_orientation": [1.0, -4.331917303826236e-17, -1.1712398707441946e-17, 4.331917303826236e-17, 1.0, -5.775889738434995e-17, 1.1712398707441946e-17, 5.775889738434995e-17, 1.0], "world_rotation": [-0.7896765794068324, 0.16013129347666225, -0.5922574345551229, -7.314247236221149e-17]}], "source": "action wait"}
{"timestamp": 1706067914.185423, "objects": [{"color": "cv_", "id_name": "hand", "shape": "CVCylinder", "id_string": "ob383", "world_size": [0.12, 0.005, 0.12], "id": 383, "camera_size": [48, 7], "camera_position": [246, 508], "world_position": [0.0061365266710555425, 0.6642537517422592, -0.17410878447213798], "world_orientation": [-8.7467821435216e-06, -0.00015573769691662386, 0.9999999878346317, -0.0007626192034380451, -0.9999996970777826, -0.000155744322098431, 0.9999997091676799, -0.0007626205564225578, 8.628010935922879e-06], "world_rotation": [0.0, 1.0, 0.0, 0.0]}, {"color": "CVYellow", "id_name": "object194971033578652", "shape": "CVCone", "id_string": "ob639", "world_size": [0.09, 0.09, 0.09], "id": 639, "camera_size": [37, 37], "camera_position": [256, 254], "world_position": [0.705, 0.6448569696296074, -0.15], "world_orientation": [1.0, -4.331917303826236e-17, -1.1712398707441946e-17, 4.331917303826236e-17, 1.0, -5.775889738434995e-17, 1.1712398707441946e-17, 5.775889738434995e-17, 1.0], "world_rotation": [-0.7896765794068324, 0.16013129347666225, -0.5922574345551229, -7.314247236221149e-17]}], "source": "action wait"}
{"timestamp": 1706067914.217587, "objects": [{"color": "cv_", "id_name": "hand", "shape": "CVCylinder", "id_string": "ob383", "world_size": [0.12, 0.005, 0.12], "id": 383, "camera_size": [48, 7], "camera_position": [246, 508], "world_position": [0.005096336788021331, 0.6641752657622659, -0.1741086002070741], "world_orientation": [-7.180815561079635e-06, -0.0005550056817838966, 0.9999998459585526, -0.0007627189174631592, -0.9999995551112241, -0.0005550109973062807, 0.9999997091041021, -0.0007627227854048389, 6.757499033982984e-06], "world_rotation": [0.0, 1.0, 0.0, 0.0]}, {"color": "CVYellow", "id_name": "object194971033578652", "shape": "CVCone", "id_string": "ob639", "world_size": [0.09, 0.09, 0.09], "id": 639, "camera_size": [37, 37], "camera_position": [256, 254], "world_position": [0.705, 0.6448569696296074, -0.15], "world_orientation": [1.0, -4.331917303826236e-17, -1.1712398707441946e-17, 4.331917303826236e-17, 1.0, -5.775889738434995e-17, 1.1712398707441946e-17, 5.775889738434995e-17, 1.0], "world_rotation": [-0.7896765794068324, 0.16013129347666225, -0.5922574345551229, -7.314247236221149e-17]}], "source": "action wait"}
{"timestamp": 1706067914.251095, "objects": [{"color": "cv_", "id_name": "hand", "shape": "CVCylinder", "id_string": "ob383", "world_size": [0.12, 0.005, 0.12], "id": 383, "camera_size": [48, 7], "camera_position": [246, 508], "world_position": [0.004363286130680976, 0.664120223050806, -0.17410845959315258], "world_orientation": [-6.131833005234569e-06, -0.0008371330159424054, 0.9999996495852959, -0.0007628064913321047, -0.9999993586633679, -0.0008371374498048948, 0.9999997090442864, -0.0007628113572209374, 5.493258574359847e-06], "world_rotation": [0.0, 1.0, 0.0, 0.0]}, {"color": "CVYellow", "id_name": "object194971033578652", "shape": "CVCone", "id_string": "ob639", "world_size": [0.09, 0.09, 0.09], "id": 639, "camera_size": [37, 37], "camera_position": [256, 254], "world_position": [0.705, 0.6448569696296074, -0.15], "world_orientation": [1.0, -4.331917303826236e-17, -1.1712398707441946e-17, 4.331917303826236e-17, 1.0, -5.775889738434995e-17, 1.1712398707441946e-17, 5.775889738434995e-17, 1.0], "world_rotation": [-0.7896765794068324, 0.16013129347666225, -0.5922574345551229, -7.314247236221149e-17]}], "source": "action wait"}
{"timestamp": 1706067914.285439, "objects": [{"color": "cv_", "id_name": "hand", "shape": "CVCylinder", "id_string": "ob383", "world_size": [0.12, 0.005, 0.12], "id": 383, "camera_size": [48, 7], "camera_position": [246, 508], "world_position": [0.0038466606453470093, 0.6640817778735475, -0.17410835412038358], "world_orientation": [-5.429972660260696e-06, -0.001036478759450385, 0.9999994628410042, -0.0007628794188724675, -0.9999991718590631, -0.00103648260026982, 0.9999997089927116, -0.0007628846371575032, 4.639259850158574e-06], "world_rotation": [0.0, 1.0, 0.0, 0.0]}, {"color": "CVYellow", "id_name": "object194971033578652", "shape": "CVCone", "id_string": "ob639", "world_size": [0.09, 0.09, 0.09], "id": 639, "camera_size": [37, 37], "camera_position": [256, 254], "world_position": [0.705, 0.6448569696296074, -0.15], "world_orientation": [1.0, -4.331917303826236e-17, -1.1712398707441946e-17, 4.331917303826236e-17, 1.0, -5.775889738434995e-17, 1.1712398707441946e-17, 5.775889738434995e-17, 1.0], "world_rotation": [-0.7896765794068324, 0.16013129347666225, -0.5922574345551229, -7.314247236221149e-17]}], "source": "action wait"}
{"timestamp": 1706067914.32035, "objects": [{"color": "cv_", "id_name": "hand", "shape": "CVCylinder", "id_string": "ob383", "world_size": [0.12, 0.005, 0.12], "id": 383, "camera_size": [48, 7], "camera_position": [246, 508], "world_position": [0.0034825418748483656, 0.6640549898119821, -0.17410827595849215], "world_orientation": [-4.961060832975541e-06, -0.0011773270968630316, 0.9999993069379074, -0.0007629380283082238, -0.9999990159086991, -0.00117733053921055, 0.9999997089504342, -0.0007629433403536132, 4.0628283372479e-06], "world_rotation": [0.0, 1.0, 0.0, 0.0]}, {"color": "CVYellow", "id_name": "object194971033578652", "shape": "CVCone", "id_string": "ob639", "world_size": [0.09, 0.09, 0.09], "id": 639, "camera_size": [37, 37], "camera_position": [256, 254], "world_position": [0.705, 0.6448569696296074, -0.15], "world_orientation": [1.0, -4.331917303826236e-17, -1.1712398707441946e-17, 4.331917303826236e-17, 1.0, -5.775889738434995e-17, 1.1712398707441946e-17, 5.775889738434995e-17, 1.0], "world_rotation": [-0.7896765794068324, 0.16013129347666225, -0.5922574345551229, -7.314247236221149e-17]}], "source": "action wait"}
{"timestamp": 1706067914.354189, "objects": [{"color": "cv_", "id_name": "hand", "shape": "CVCylinder", "id_string": "ob383", "world_size": [0.12, 0.005, 0.12], "id": 383, "camera_size": [48, 7], "camera_position": [246, 508], "world_position": [0.0032258937846734825, 0.6640363479058808, -0.17410821854627195], "world_orientation": [-4.648317282940802e-06, -0.001276840385143161, 0.9999991848281798, -0.0007629839519570571, -0.9999988937623943, -0.001276843560092229, 0.9999997089168989, -0.0007629892651683741, 3.6741034180864067e-06], "world_rotation": [0.0, 1.0, 0.0, 0.0]}, {"color": "CVYellow", "id_name": "object194971033578652", "shape": "CVCone", "id_string": "ob639", "world_size": [0.09, 0.09, 0.09], "id": 639, "camera_size": [37, 37], "camera_position": [256, 254], "world_position": [0.705, 0.6448569696296074, -0.15], "world_orientation": [1.0, -4.331917303826236e-17, -1.1712398707441946e-17, 4.331917303826236e-17, 1.0, -5.775889738434995e-17, 1.1712398707441946e-17, 5.775889738434995e-17, 1.0], "world_rotation": [-0.7896765794068324, 0.16013129347666225, -0.5922574345551229, -7.314247236221149e-17]}], "source": "action wait"}
{"timestamp": 1706067916.00085, "objects": [{"color": "CVYellow", "id_name": "object194971033578652", "shape": "CVCone", "id_string": "ob639", "world_size": [0.09, 0.09, 0.09], "id": 639, "camera_size": [37, 37], "camera_position": [256, 254], "world_position": [0.705, 0.6448569696296074, -0.15], "world_orientation": [1.0, -4.331917303826236e-17, -1.1712398707441946e-17, 4.331917303826236e-17, 1.0, -5.775889738434995e-17, 1.1712398707441946e-17, 5.775889738434995e-17, 1.0], "world_rotation": [-0.7896765794068324, 0.16013129347666225, -0.5922574345551229, -7.314247236221149e-17]}], "source": "action wait"}
{"timestamp": 1706067916.031469, "objects": [{"color": "cv_", "id_name": "hand", "shape": "CVCylinder", "id_string": "ob383", "world_size": [0.12, 0.005, 0.12], "id": 383, "camera_size": [51, 11], "camera_position": [246, 506], "world_position": [0.03544134219938793, 0.7201667777063254, -0.17412270122468987], "world_orientation": [0.00015843991218433744, 0.19403520915490752, 0.9809945527397212, -0.000707767473123972, -0.9809942975867421, 0.19403527299823345, 0.9999997369809647, -0.0007250589673557623, -1.8096840681901166e-05], "world_rotation": [0.0, 1.0, 0.0, 0.0]}, {"color": "CVYellow", "id_name": "object194971033578652", "shape": "CVCone", "id_string": "ob639", "world_size": [0.09, 0.09, 0.09], "id": 639, "camera_size": [37, 37], "camera_position": [256, 254], "world_position": [0.705, 0.6448569696296074, -0.15], "world_orientation": [1.0, -4.331917303826236e-17, -1.1712398707441946e-17, 4.331917303826236e-17, 1.0, -5.775889738434995e-17, 1.1712398707441946e-17, 5.775889738434995e-17, 1.0], "world_rotation": [-0.7896765794068324, 0.16013129347666225, -0.5922574345551229, -7.314247236221149e-17]}], "source": "action wait"}
{"timestamp": 1706067916.068259, "objects": [{"color": "cv_", "id_name": "hand", "shape": "CVCylinder", "id_string": "ob383", "world_size": [0.12, 0.005, 0.12], "id": 383, "camera_size": [52, 21], "camera_position": [245, 501], "world_position": [0.08355537892475424, 0.7737406957718386, -0.17412462026745906], "world_orientation": [0.0002584651665031417, 0.2990842136210214, 0.9542266849959986, -0.0007062048173148169, -0.9542264243290245, 0.2990843232050126, 0.999999717235217, -0.0007511823611504245, -3.541957920346357e-05], "world_rotation": [0.0, 1.0, 0.0, 0.0]}, {"color": "CVYellow", "id_name": "object194971033578652", "shape": "CVCone", "id_string": "ob639", "world_size": [0.09, 0.09, 0.09], "id": 639, "camera_size": [37, 37], "camera_position": [256, 254], "world_position": [0.705, 0.6448569696296074, -0.15], "world_orientation": [1.0, -4.331917303826236e-17, -1.1712398707441946e-17, 4.331917303826236e-17, 1.0, -5.775889738434995e-17, 1.1712398707441946e-17, 5.775889738434995e-17, 1.0], "world_rotation": [-0.7896765794068324, 0.16013129347666225, -0.5922574345551229, -7.314247236221149e-17]}], "source": "action wait"}
{"timestamp": 1706067916.100442, "objects": [{"color": "cv_", "id_name": "hand", "shape": "CVCylinder", "id_string": "ob383", "world_size": [0.12, 0.005, 0.12], "id": 383, "camera_size": [54, 38], "camera_position": [245, 492], "world_position": [0.13991832614531946, 0.8061520911902279, -0.17412046943639903], "world_orientation": [0.0002908694908649838, 0.3402722478204491, 0.9403269180227469, -0.0007117490114387628, -0.9403266491771302, 0.340272370698321, 0.9999997044040984, -0.0007682516055526098, -3.132389768621137e-05], "world_rotation": [0.0, 1.0, 0.0, 0.0]}, {"color": "CVYellow", "id_name": "object194971033578652", "shape": "CVCone", "id_string": "ob639", "world_size": [0.09, 0.09, 0.09], "id": 639, "camera_size": [37, 37], "camera_position": [256, 254], "world_position": [0.705, 0.6448569696296074, -0.15], "world_orientation": [1.0, -4.331917303826236e-17, -1.1712398707441946e-17, 4.331917303826236e-17, 1.0, -5.775889738434995e-17, 1.1712398707441946e-17, 5.775889738434995e-17, 1.0], "world_rotation": [-0.7896765794068324, 0.16013129347666225, -0.5922574345551229, -7.314247236221149e-17]}], "source": "action wait"}
{"timestamp": 1706067916.134416, "objects": [{"color": "cv_", "id_name": "hand", "shape": "CVCylinder", "id_string": "ob383", "world_size": [0.12, 0.005, 0.12], "id": 383, "camera_size": [55, 59], "camera_position": [245, 480], "world_position": [0.20085361355679304, 0.8206659389721155, -0.17411715231052263], "world_orientation": [0.0002895886241686389, 0.34130478131893605, 0.9399526383745417, -0.0007211885000642385, -0.9399523620658883, 0.3413049031788215, 0.9999996980127425, -0.0007767210507345397, -2.6054428010099552e-05], "world_rotation": [0.0, 1.0, 0.0, 0.0]}, {"color": "CVYellow", "id_name": "object194971033578652", "shape": "CVCone", "id_string": "ob639", "world_size": [0.09, 0.09, 0.09], "id": 639, "camera_size": [37, 37], "camera_position": [256, 254], "world_position": [0.705, 0.6448569696296074, -0.15], "world_orientation": [1.0, -4.331917303826236e-17, -1.1712398707441946e-17, 4.331917303826236e-17, 1.0, -5.775889738434995e-17, 1.1712398707441946e-17, 5.775889738434995e-17, 1.0], "world_rotation": [-0.7896765794068324, 0.16013129347666225, -0.5922574345551229, -7.314247236221149e-17]}], "source": "action wait"}
{"timestamp": 1706067916.170341, "objects": [{"color": "cv_", "id_name": "hand", "shape": "CVCylinder", "id_string": "ob383", "world_size": [0.12, 0.005, 0.12], "id": 383, "camera_size": [55, 58], "camera_position": [245, 451], "world_position": [0.2644463586146267, 0.8200546021753341, -0.17411445224246827], "world_orientation": [0.0002647916764778669, 0.3140932471857678, 0.9493921012720024, -0.0007342592839000592, -0.949391817561203, 0.3140933581136981, 0.9999996953742897, -0.0007802692712860493, -2.0765168249472997e-05], "world_rotation": [0.0, 1.0, 0.0, 0.0]}, {"color": "CVYellow", "id_name": "object194971033578652", "shape": "CVCone", "id_string": "ob639", "world_size": [0.09, 0.09, 0.09], "id": 639, "camera_size": [37, 37], "camera_position": [256, 254], "world_position": [0.705, 0.6448569696296074, -0.15], "world_orientation": [1.0, -4.331917303826236e-17, -1.1712398707441946e-17, 4.331917303826236e-17, 1.0, -5.775889738434995e-17, 1.1712398707441946e-17, 5.775889738434995e-17, 1.0], "world_rotation": [-0.7896765794068324, 0.16013129347666225, -0.5922574345551229, -7.314247236221149e-17]}], "source": "action wait"}
{"timestamp": 1706067916.205197, "objects": [{"color": "cv_", "id_name": "hand", "shape": "CVCylinder", "id_string": "ob383", "world_size": [0.12, 0.005, 0.12], "id": 383, "camera_size": [54, 57], "camera_position": [245, 421], "world_position": [0.3286827270409819, 0.8065167451815483, -0.17411206989181172], "world_orientation": [0.00022316492384885092, 0.2663464590641644, 0.9638773334514086, -0.0007487973800728116, -0.9638770427234187, 0.2663465520956496, 0.9999996947499036, -0.0007811880300160953, -1.5664016099663155e-05], "world_rotation": [0.0, 1.0, 0.0, 0.0]}, {"color": "CVYellow", "id_name": "object194971033578652", "shape": "CVCone", "id_string": "ob639", "world_size": [0.09, 0.09, 0.09], "id": 639, "camera_size": [37, 37], "camera_position": [256, 254], "world_position": [0.705, 0.6448569696296074, -0.15], "world_orientation": [1.0, -4.331917303826236e-17, -1.1712398707441946e-17, 4.331917303826236e-17, 1.0, -5.775889738434995e-17, 1.1712398707441946e-17, 5.775889738434995e-17, 1.0], "world_rotation": [-0.7896765794068324, 0.16013129347666225, -0.5922574345551229, -7.314247236221149e-17]}], "source": "action wait"}
{"timestamp": 1706067916.237727, "objects": [{"color": "cv_", "id_name": "hand", "shape": "CVCylinder", "id_string": "ob383", "world_size": [0.12, 0.005, 0.12], "id": 383, "camera_size": [53, 54], "camera_position": [245, 390], "world_position": [0.39177310313490665, 0.781835174602018, -0.174109810901221], "world_orientation": [0.00016936305082838828, 0.20338494857841483, 0.9790988377114501, -0.0007623278754424379, -0.9790985409958842, 0.20338501880901072, 0.9999996950861372, -0.0007808402440792888, -1.0777100217503455e-05], "world_rotation": [0.0, 1.0, 0.0, 0.0]}, {"color": "CVYellow", "id_name": "object194971033578652", "shape": "CVCone", "id_string": "ob639", "world_size": [0.09, 0.09, 0.09], "id": 639, "camera_size": [37, 37], "camera_position": [256, 254], "world_position": [0.705, 0.6448569696296074, -0.15], "world_orientation": [1.0, -4.331917303826236e-17, -1.1712398707441946e-17, 4.331917303826236e-17, 1.0, -5.775889738434995e-17, 1.1712398707441946e-17, 5.775889738434995e-17, 1.0], "world_rotation": [-0.7896765794068324, 0.16013129347666225, -0.5922574345551229, -7.314247236221149e-17]}], "source": "action wait"}
{"timestamp": 1706067916.268567, "objects": [{"color": "cv_", "id_name": "hand", "shape": "CVCylinder", "id_string": "ob383", "world_size": [0.12, 0.005, 0.12], "id": 383, "camera_size": [52, 52], "camera_position": [245, 365], "world_position": [0.44402020851853574, 0.7535352822834234, -0.17410318245790016], "world_orientation": [0.00010722224937137443, 0.14346782076769615, 0.9896549767002426, -0.0007677343623986519, -0.9896546789197557, 0.14346786077789053, 0.999999699543624, -0.0007751750792770336, 4.032175127542461e-06], "world_rotation": [0.0, 1.0, 0.0, 0.0]}, {"color": "CVYellow", "id_name": "object194971033578652", "shape": "CVCone", "id_string": "ob639", "world_size": [0.09, 0.09, 0.09], "id": 639, "camera_size": [37, 37], "camera_position": [256, 254], "world_position": [0.705, 0.6448569696296074, -0.15], "world_orientation": [1.0, -4.331917303826236e-17, -1.1712398707441946e-17, 4.331917303826236e-17, 1.0, -5.775889738434995e-17, 1.1712398707441946e-17, 5.775889738434995e-17, 1.0], "world_rotation": [-0.7896765794068324, 0.16013129347666225, -0.5922574345551229, -7.314247236221149e-17]}], "source": "action wait"}
{"timestamp": 1706067916.294076, "objects": [{"color": "cv_", "id_name": "hand", "shape": "CVCylinder", "id_string": "ob383", "world_size": [0.12, 0.005, 0.12], "id": 383, "camera_size": [51, 51], "camera_position": [246, 349], "world_position": [0.4794920630006784, 0.7302803692474235, -0.17409840814961597], "world_orientation": [6.306280597735619e-05, 0.10084443020816743, 0.9949022047010815, -0.0007666407629468227, -0.9949019094329362, 0.10084444887369073, 0.9999997041424679, -0.0007690921191830557, 1.4570144833055797e-05], "world_rotation": [0.0, 1.0, 0.0, 0.0]}, {"color": "CVYellow", "id_name": "object194971033578652", "shape": "CVCone", "id_string": "ob639", "world_size": [0.09, 0.09, 0.09], "id": 639, "camera_size": [37, 37], "camera_position": [256, 254], "world_position": [0.705, 0.6448569696296074, -0.15], "world_orientation": [1.0, -4.331917303826236e-17, -1.1712398707441946e-17, 4.331917303826236e-17, 1.0, -5.775889738434995e-17, 1.1712398707441946e-17, 5.775889738434995e-17, 1.0], "world_rotation": [-0.7896765794068324, 0.16013129347666225, -0.5922574345551229, -7.314247236221149e-17]}], "source": "action wait"}
{"timestamp": 1706067916.325357, "objects": [{"color": "cv_", "id_name": "hand", "shape": "CVCylinder", "id_string": "ob383", "world_size": [0.12, 0.005, 0.12], "id": 383, "camera_size": [50, 51], "camera_position": [245, 338], "world_position": [0.5036423229895876, 0.712329867349853, -0.1740966809051459], "world_orientation": [3.563809158874722e-05, 0.07067662027133956, 0.9974992802388116, -0.000764459085377782, -0.997498987478574, 0.07067662684032587, 0.9999997071660739, -0.0007650661675372157, 1.8480424215166073e-05], "world_rotation": [0.0, 1.0, 0.0, 0.0]}, {"color": "CVYellow", "id_name": "object194971033578652", "shape": "CVCone", "id_string": "ob639", "world_size": [0.09, 0.09, 0.09], "id": 639, "camera_size": [37, 37], "camera_position": [256, 254], "world_position": [0.705, 0.6448569696296074, -0.15], "world_orientation": [1.0, -4.331917303826236e-17, -1.1712398707441946e-17, 4.331917303826236e-17, 1.0, -5.775889738434995e-17, 1.1712398707441946e-17, 5.775889738434995e-17, 1.0], "world_rotation": [-0.7896765794068324, 0.16013129347666225, -0.5922574345551229, -7.314247236221149e-17]}], "source": "action wait"}
{"timestamp": 1706067916.35811, "objects": [{"color": "cv_", "id_name": "hand", "shape": "CVCylinder", "id_string": "ob383", "world_size": [0.12, 0.005, 0.12], "id": 383, "camera_size": [49, 50], "camera_position": [246, 330], "world_position": [0.5202008702215563, 0.6989462386009302, -0.174096594298609], "world_orientation": [1.8770820043980673e-05, 0.04936678308442886, 0.9987807168620905, -0.0007627106938265955, -0.9987804258220796, 0.04936678303336306, 0.9999997089599847, -0.0007627073885393153, 1.8904645742137083e-05], "world_rotation": [0.0, 1.0, 0.0, 0.0]}, {"color": "CVYellow", "id_name": "object194971033578652", "shape": "CVCone", "id_string": "ob639", "world_size": [0.09, 0.09, 0.09], "id": 639, "camera_size": [37, 37], "camera_position": [256, 254], "world_position": [0.705, 0.6448569696296074, -0.15], "world_orientation": [1.0, -4.331917303826236e-17, -1.1712398707441946e-17, 4.331917303826236e-17, 1.0, -5.775889738434995e-17, 1.1712398707441946e-17, 5.775889738434995e-17, 1.0], "world_rotation": [-0.7896765794068324, 0.16013129347666225, -0.5922574345551229, -7.314247236221149e-17]}], "source": "action wait"}
{"timestamp": 1706067916.391678, "objects": [{"color": "cv_", "id_name": "hand", "shape": "CVCylinder", "id_string": "ob383", "world_size": [0.12, 0.005, 0.12], "id": 383, "camera_size": [49, 49], "camera_position": [246, 325], "world_position": [0.5316285355760489, 0.6891729877197984, -0.1740973088078558], "world_orientation": [8.519535851999961e-06, 0.03432853558217536, 0.9994106020911531, -0.0007616706290518609, -0.9994103120045139, 0.03432853211096051, 0.9999997098925932, -0.0007615141651362952, 1.7632525307700178e-05], "world_rotation": [0.0, 1.0, 0.0, 0.0]}, {"color": "CVYellow", "id_name": "object194971033578652", "shape": "CVCone", "id_string": "ob639", "world_size": [0.09, 0.09, 0.09], "id": 639, "camera_size": [37, 37], "camera_position": [256, 254], "world_position": [0.705, 0.6448569696296074, -0.15], "world_orientation": [1.0, -4.331917303826236e-17, -1.1712398707441946e-17, 4.331917303826236e-17, 1.0, -5.775889738434995e-17, 1.1712398707441946e-17, 5.775889738434995e-17, 1.0], "world_rotation": [-0.7896765794068324, 0.16013129347666225, -0.5922574345551229, -7.314247236221149e-17]}], "source": "action wait"}
{"timestamp": 1706067916.427021, "objects": [{"color": "cv_", "id_name": "hand", "shape": "CVCylinder", "id_string": "ob383", "world_size": [0.12, 0.005, 0.12], "id": 383, "camera_size": [49, 50], "camera_position": [246, 321], "world_position": [0.5395582664156112, 0.6821286862299333, -0.17409834382280018], "world_orientation": [2.380886502576812e-06, 0.02372104874417686, 0.9997186163320196, -0.0007612160415299094, -0.9997183266484128, 0.023721043683523308, 0.9999997102721928, -0.0007610583248811087, 1.567662695605734e-05], "world_rotation": [0.0, 1.0, 0.0, 0.0]}, {"color": "CVYellow", "id_name": "object194971033578652", "shape": "CVCone", "id_string": "ob639", "world_size": [0.09, 0.09, 0.09], "id": 639, "camera_size": [37, 37], "camera_position": [256, 254], "world_position": [0.705, 0.6448569696296074, -0.15], "world_orientation": [1.0, -4.331917303826236e-17, -1.1712398707441946e-17, 4.331917303826236e-17, 1.0, -5.775889738434995e-17, 1.1712398707441946e-17, 5.775889738434995e-17, 1.0], "world_rotation": [-0.7896765794068324, 0.16013129347666225, -0.5922574345551229, -7.314247236221149e-17]}], "source": "action wait"}
