{"timestamp": 1706067677.362998, "objects": [{"color": "cv_", "id_name": "hand", "shape": "CVCylinder", "id_string": "ob383", "world_size": [0.12, 0.005, 0.12], "id": 383, "camera_size": [48, 50], "camera_position": [246, 426], "world_position": [0.26764451554013885, 0.6334703013847401, -0.17389260400847484], "world_orientation": [-0.000641549061922114, 0.1979154748664125, 0.9802188802625684, -0.0007473671032753097, -0.9802189031249676, 0.19791499033397725, 0.9999995149284894, -0.0006056111687287982, 0.0007767740329228443], "world_rotation": [0.0, 1.0, 0.0, 0.0]}, {"color": "CVGreen", "id_name": "object238633095705668", "shape": "CVCone", "id_string": "ob590", "world_size": [0.1, 0.1, 0.1], "id": 590, "camera_size": [41, 41], "camera_position": [256, 254], "world_position": [0.705, 0.6498037932383656, -0.15], "world_orientation": [1.0, 2.1316282072802963e-17, -9.624447840080312e-18, -2.1316282072802963e-17, 1.0, -1.5774048733874193e-16, 9.624447840080312e-18, 1.5774048733874193e-16, 1.0], "world_rotation": [-0.9891858493133231, 0.06035462278252622, 0.13367376342071935, -1.5946496550495827e-16]}], "source": "manual check"}
{"timestamp": 1706067678.388814, "objects": [{"color": "cv_", "id_name": "hand", "shape": "CVCylinder", "id_string": "ob383", "world_size": [0.12, 0.005, 0.12], "id": 383, "camera_size": [48, 50], "camera_position": [246, 426], "world_position": [0.26764451554013885, 0.6334703013847401, -0.17389260400847484], "world_orientation": [-0.000641549061922114, 0.1979154748664125, 0.9802188802625684, -0.0007473671032753097, -0.9802189031249676, 0.19791499033397725, 0.9999995149284894, -0.0006056111687287982, 0.0007767740329228443], "world_rotation": [0.0, 1.0, 0.0, 0.0]}, {"color": "CVGreen", "id_name": "object238633095705668", "shape": "CVCone", "id_string": "ob590", "world_size": [0.1, 0.1, 0.1], "id": 590, "camera_size": [41, 41], "camera_position": [256, 254], "world_position": [0.705, 0.6498037994254439, -0.15], "world_orientation": [1.0, 8.100187187665134e-17, -1.2653630886983698e-17, -8.100187187665134e-17, 1.0, -1.9397816686250694e-16, 1.2653630886983698e-17, 1.9397816686250694e-16, 1.0], "world_rotation": [-0.9211093596285536, 0.06008602943210125, 0.38463907325148433, -2.1059189642881336e-16]}], "source": "manual check"}
{"timestamp": 1706067679.30489, "objects": [{"color": "cv_", "id_name": "hand", "shape": "CVCylinder", "id_string": "ob383", "world_size": [0.12, 0.005, 0.12], "id": 383, "camera_size": [48, 50], "camera_position": [246, 426], "world_position": [0.26764451554013885, 0.6334703013847401, -0.17389260400847484], "world_orientation": [-0.000641549061922114, 0.1979154748664125, 0.9802188802625684, -0.0007473671032753097, -0.9802189031249676, 0.19791499033397725, 0.9999995149284894, -0.0006056111687287982, 0.0007767740329228443], "world_rotation": [0.0, 1.0, 0.0, 0.0]}, {"color": "CVGreen", "id_name": "object238633095705668", "shape": "CVCone", "id_string": "ob590", "world_size": [0.1, 0.1, 0.1], "id": 590, "camera_size": [41, 41], "camera_position": [256, 254], "world_position": [0.705, 0.6498037994254439, -0.15], "world_orientation": [1.0, 8.100187187665134e-17, -1.2653630886983698e-17, -8.100187187665134e-17, 1.0, -1.9397816686250694e-16, 1.2653630886983698e-17, 1.9397816686250694e-16, 1.0], "world_rotation": [-0.9211093596285536, 0.06008602943210125, 0.38463907325148433, -2.1059189642881336e-16]}], "source": "action wait"}
{"timestamp": 1706067679.337565, "objects": [{"color": "cv_", "id_name": "hand", "shape": "CVCylinder", "id_string": "ob383", "world_size": [0.12, 0.005, 0.12], "id": 383, "camera_size": [48, 50], "camera_position": [246, 444], "world_position": [0.22512724357430075, 0.642278843290598, -0.1739725814286828], "world_orientation": [-0.0005240272235573404, 0.0881972225168046, 0.9961028939501131, -0.0007623394299194656, -0.9961027765025042, 0.0881968110681784, 0.9999995721169398, -0.0007131509822847093, 0.0005892211926827014], "world_rotation": [0.0, 1.0, 0.0, 0.0]}, {"color": "CVGreen", "id_name": "object238633095705668", "shape": "CVCone", "id_string": "ob590", "world_size": [0.1, 0.1, 0.1], "id": 590, "camera_size": [41, 41], "camera_position": [256, 254], "world_position": [0.705, 0.6498037994254439, -0.15], "world_orientation": [1.0, 8.100187187665134e-17, -1.2653630886983698e-17, -8.100187187665134e-17, 1.0, -1.9397816686250694e-16, 1.2653630886983698e-17, 1.9397816686250694e-16, 1.0], "world_rotation": [-0.9211093596285536, 0.06008602943210125, 0.38463907325148433, -2.1059189642881336e-16]}], "source": "action wait"}
{"timestamp": 1706067679.369361, "objects": [{"color": "cv_", "id_name": "hand", "shape": "CVCylinder", "id_string": "ob383", "world_size": [0.12, 0.005, 0.12], "id": 383, "camera_size": [48, 49], "camera_position": [246, 471], "world_position": [0.16390873065304226, 0.6585635109583021, -0.17403857041285528], "world_orientation": [-0.00037900744840372203, 0.06114464647644434, 0.9981288436673017, -0.0007690022728046358, -0.9981286380482263, 0.06114434187639577, 0.9999996324943617, -0.0007443891883334548, 0.000425318560395948], "world_rotation": [0.0, 1.0, 0.0, 0.0]}, {"color": "CVGreen", "id_name": "object238633095705668", "shape": "CVCone", "id_string": "ob590", "world_size": [0.1, 0.1, 0.1], "id": 590, "camera_size": [41, 41], "camera_position": [256, 254], "world_position": [0.705, 0.6498037994254439, -0.15], "world_orientation": [1.0, 8.100187187665134e-17, -1.2653630886983698e-17, -8.100187187665134e-17, 1.0, -1.9397816686250694e-16, 1.2653630886983698e-17, 1.9397816686250694e-16, 1.0], "world_rotation": [-0.9211093596285536, 0.06008602943210125, 0.38463907325148433, -2.1059189642881336e-16]}], "source": "action wait"}
{"timestamp": 1706067679.398472, "objects": [{"color": "cv_", "id_name": "hand", "shape": "CVCylinder", "id_string": "ob383", "world_size": [0.12, 0.005, 0.12], "id": 383, "camera_size": [48, 46], "camera_position": [246, 488], "world_position": [0.11779436032280083, 0.6656957112700834, -0.17407775804817502], "world_orientation": [-0.0002578285529272576, 0.0428011060762679, 0.9990835795082839, -0.0007698661745828662, -0.99908332513589, 0.042800896503309725, 0.999999670415201, -0.0007581253602354981, 0.0002905433317767701], "world_rotation": [0.0, 1.0, 0.0, 0.0]}, {"color": "CVGreen", "id_name": "object238633095705668", "shape": "CVCone", "id_string": "ob590", "world_size": [0.1, 0.1, 0.1], "id": 590, "camera_size": [41, 41], "camera_position": [256, 254], "world_position": [0.705, 0.6498037994254439, -0.15], "world_orientation": [1.0, 8.100187187665134e-17, -1.2653630886983698e-17, -8.100187187665134e-17, 1.0, -1.9397816686250694e-16, 1.2653630886983698e-17, 1.9397816686250694e-16, 1.0], "world_rotation": [-0.9211093596285536, 0.06008602943210125, 0.38463907325148433, -2.1059189642881336e-16]}], "source": "action wait"}
{"timestamp": 1706067679.428784, "objects": [{"color": "cv_", "id_name": "hand", "shape": "CVCylinder", "id_string": "ob383", "world_size": [0.12, 0.005, 0.12], "id": 383, "camera_size": [49, 34], "camera_position": [246, 494], "world_position": [0.08440722942131752, 0.6684077426837197, -0.17409651712936958], "world_orientation": [-0.00017520176348019274, 0.029819743785280378, 0.9995552772032782, -0.0007680832490511647, -0.9995550017122982, 0.029819600937142823, 0.9999996896761841, -0.0007625172182504212, 0.0001980278446882881], "world_rotation": [0.0, 1.0, 0.0, 0.0]}, {"color": "CVGreen", "id_name": "object238633095705668", "shape": "CVCone", "id_string": "ob590", "world_size": [0.1, 0.1, 0.1], "id": 590, "camera_size": [41, 41], "camera_position": [256, 254], "world_position": [0.705, 0.6498037994254439, -0.15], "world_orientation": [1.0, 8.100187187665134e-17, -1.2653630886983698e-17, -8.100187187665134e-17, 1.0, -1.9397816686250694e-16, 1.2653630886983698e-17, 1.9397816686250694e-16, 1.0], "world_rotation": [-0.9211093596285536, 0.06008602943210125, 0.38463907325148433, -2.1059189642881336e-16]}], "source": "action wait"}
{"timestamp": 1706067679.461944, "objects": [{"color": "cv_", "id_name": "hand", "shape": "CVCylinder", "id_string": "ob383", "world_size": [0.12, 0.005, 0.12], "id": 383, "camera_size": [49, 26], "camera_position": [246, 498], "world_position": [0.06052474761335811, 0.6691591026356866, -0.17410506762153954], "world_orientation": [-0.00011925173949551972, 0.020637087434831287, 0.9997870255215507, -0.0007660141857566574, -0.9997867411892614, 0.02063699019780804, 0.9999996995005997, -0.0007633900473062821, 0.00013503460973952923], "world_rotation": [0.0, 1.0, 0.0, 0.0]}, {"color": "CVGreen", "id_name": "object238633095705668", "shape": "CVCone", "id_string": "ob590", "world_size": [0.1, 0.1, 0.1], "id": 590, "camera_size": [41, 41], "camera_position": [256, 254], "world_position": [0.705, 0.6498037994254439, -0.15], "world_orientation": [1.0, 8.100187187665134e-17, -1.2653630886983698e-17, -8.100187187665134e-17, 1.0, -1.9397816686250694e-16, 1.2653630886983698e-17, 1.9397816686250694e-16, 1.0], "world_rotation": [-0.9211093596285536, 0.06008602943210125, 0.38463907325148433, -2.1059189642881336e-16]}], "source": "action wait"}
{"timestamp": 1706067679.495824, "objects": [{"color": "cv_", "id_name": "hand", "shape": "CVCylinder", "id_string": "ob383", "world_size": [0.12, 0.005, 0.12], "id": 383, "camera_size": [49, 20], "camera_position": [246, 501], "world_position": [0.043552839646731, 0.6691189112295701, -0.17410866762964622], "world_orientation": [-8.148687512281525e-05, 0.014143367501912387, 0.9998999742552227, -0.0007644082176881476, -0.999899686325142, 0.01414330113373634, 0.9999997045199394, -0.0007631792637739137, 9.229000721953369e-05], "world_rotation": [0.0, 1.0, 0.0, 0.0]}, {"color": "CVGreen", "id_name": "object238633095705668", "shape": "CVCone", "id_string": "ob590", "world_size": [0.1, 0.1, 0.1], "id": 590, "camera_size": [41, 41], "camera_position": [256, 254], "world_position": [0.705, 0.6498037994254439, -0.15], "world_orientation": [1.0, 8.100187187665134e-17, -1.2653630886983698e-17, -8.100187187665134e-17, 1.0, -1.9397816686250694e-16, 1.2653630886983698e-17, 1.9397816686250694e-16, 1.0], "world_rotation": [-0.9211093596285536, 0.06008602943210125, 0.38463907325148433, -2.1059189642881336e-16]}], "source": "action wait"}
{"timestamp": 1706067679.532147, "objects": [{"color": "cv_", "id_name": "hand", "shape": "CVCylinder", "id_string": "ob383", "world_size": [0.12, 0.005, 0.12], "id": 383, "camera_size": [49, 16], "camera_position": [246, 503], "world_position": [0.0315360281829703, 0.6688157982095828, -0.174109944577473], "world_orientation": [-5.605224997467573e-05, 0.009552049667841782, 0.9999543765618952, -0.0007633702597213414, -0.9999540871876427, 0.009552004113025838, 0.9999997070619532, -0.0007628000208236204, 6.334142709441967e-05], "world_rotation": [0.0, 1.0, 0.0, 0.0]}, {"color": "CVGreen", "id_name": "object238633095705668", "shape": "CVCone", "id_string": "ob590", "world_size": [0.1, 0.1, 0.1], "id": 590, "camera_size": [41, 41], "camera_position": [256, 254], "world_position": [0.705, 0.6498037994254439, -0.15], "world_orientation": [1.0, 8.100187187665134e-17, -1.2653630886983698e-17, -8.100187187665134e-17, 1.0, -1.9397816686250694e-16, 1.2653630886983698e-17, 1.9397816686250694e-16, 1.0], "world_rotation": [-0.9211093596285536, 0.06008602943210125, 0.38463907325148433, -2.1059189642881336e-16]}], "source": "action wait"}
{"timestamp": 1706067679.566263, "objects": [{"color": "cv_", "id_name": "hand", "shape": "CVCylinder", "id_string": "ob383", "world_size": [0.12, 0.005, 0.12], "id": 383, "camera_size": [49, 13], "camera_position": [246, 505], "world_position": [0.023045381584555682, 0.6684722109940872, -0.17411018560693708], "world_orientation": [-3.8954284277817324e-05, 0.00630624570873021, 0.9999801146760994, -0.0007627915436849804, -0.9999798247024588, 0.006306214165459724, 0.9999997083157699, -0.0007625307212691126, 4.376384926292718e-05], "world_rotation": [0.0, 1.0, 0.0, 0.0]}, {"color": "CVGreen", "id_name": "object238633095705668", "shape": "CVCone", "id_string": "ob590", "world_size": [0.1, 0.1, 0.1], "id": 590, "camera_size": [41, 41], "camera_position": [256, 254], "world_position": [0.705, 0.6498037994254439, -0.15], "world_orientation": [1.0, 8.100187187665134e-17, -1.2653630886983698e-17, -8.100187187665134e-17, 1.0, -1.9397816686250694e-16, 1.2653630886983698e-17, 1.9397816686250694e-16, 1.0], "world_rotation": [-0.9211093596285536, 0.06008602943210125, 0.38463907325148433, -2.1059189642881336e-16]}], "source": "action wait"}
{"timestamp": 1706067679.632311, "objects": [{"color": "cv_", "id_name": "hand", "shape": "CVCylinder", "id_string": "ob383", "world_size": [0.12, 0.005, 0.12], "id": 383, "camera_size": [48, 9], "camera_position": [246, 507], "world_position": [0.012827707416566036, 0.6679304363079009, -0.17410969456916353], "world_orientation": [-1.9734936195976314e-05, 0.0023902178487060846, 0.9999971432305035, -0.0007624515144838297, -0.9999968527958342, 0.0023902021075272836, 0.999999709139068, -0.0007624021658498757, 2.155729930516029e-05], "world_rotation": [0.0, 1.0, 0.0, 0.0]}, {"color": "CVGreen", "id_name": "object238633095705668", "shape": "CVCone", "id_string": "ob590", "world_size": [0.1, 0.1, 0.1], "id": 590, "camera_size": [41, 41], "camera_position": [256, 254], "world_position": [0.705, 0.6498037994254439, -0.15], "world_orientation": [1.0, 8.100187187665134e-17, -1.2653630886983698e-17, -8.100187187665134e-17, 1.0, -1.9397816686250694e-16, 1.2653630886983698e-17, 1.9397816686250694e-16, 1.0], "world_rotation": [-0.9211093596285536, 0.06008602943210125, 0.38463907325148433, -2.1059189642881336e-16]}], "source": "action wait"}
{"timestamp": 1706067679.661827, "objects": [{"color": "cv_", "id_name": "hand", "shape": "CVCylinder", "id_string": "ob383", "world_size": [0.12, 0.005, 0.12], "id": 383, "camera_size": [48, 8], "camera_position": [246, 507], "world_position": [0.009848794694589873, 0.667750255339215, -0.1741093725074506], "world_orientation": [-1.4546398624998225e-05, 0.0012440959153588338, 0.9999992260065784, -0.0007624809215671976, -0.9999989354377806, 0.00124408446250346, 0.999999709205581, -0.000762462234463843, 1.549498253987717e-05], "world_rotation": [0.0, 1.0, 0.0, 0.0]}, {"color": "CVGreen", "id_name": "object238633095705668", "shape": "CVCone", "id_string": "ob590", "world_size": [0.1, 0.1, 0.1], "id": 590, "camera_size": [41, 41], "camera_position": [256, 254], "world_position": [0.705, 0.6498037994254439, -0.15], "world_orientation": [1.0, 8.100187187665134e-17, -1.2653630886983698e-17, -8.100187187665134e-17, 1.0, -1.9397816686250694e-16, 1.2653630886983698e-17, 1.9397816686250694e-16, 1.0], "world_rotation": [-0.9211093596285536, 0.06008602943210125, 0.38463907325148433, -2.1059189642881336e-16]}], "source": "action wait"}
{"timestamp": 1706067679.692321, "objects": [{"color": "cv_", "id_name": "hand", "shape": "CVCylinder", "id_string": "ob383", "world_size": [0.12, 0.005, 0.12], "id": 383, "camera_size": [48, 8], "camera_position": [246, 507], "world_position": [0.007749243430003413, 0.6676189527413499, -0.1741090890966494], "world_orientation": [-1.1069035018471475e-05, 0.0004341224909309311, 0.9999999057075653, -0.0007625587299857684, -0.999999615024568, 0.0004341139239492712, 0.9999997091907876, -0.0007625538528603724, 1.140007465287211e-05], "world_rotation": [0.0, 1.0, 0.0, 0.0]}, {"color": "CVGreen", "id_name": "object238633095705668", "shape": "CVCone", "id_string": "ob590", "world_size": [0.1, 0.1, 0.1], "id": 590, "camera_size": [41, 41], "camera_position": [256, 254], "world_position": [0.705, 0.6498037994254439, -0.15], "world_orientation": [1.0, 8.100187187665134e-17, -1.2653630886983698e-17, -8.100187187665134e-17, 1.0, -1.9397816686250694e-16, 1.2653630886983698e-17, 1.9397816686250694e-16, 1.0], "world_rotation": [-0.9211093596285536, 0.06008602943210125, 0.38463907325148433, -2.1059189642881336e-16]}], "source": "action wait"}
{"timestamp": 1706067679.724558, "objects": [{"color": "cv_", "id_name": "hand", "shape": "CVCylinder", "id_string": "ob383", "world_size": [0.12, 0.005, 0.12], "id": 383, "camera_size": [48, 7], "camera_position": [246, 508], "world_position": [0.006269613447277955, 0.6675250943485479, -0.17410885751024374], "world_orientation": [-8.736606541312937e-06, -0.00013825864578049734, 0.9999999904041094, -0.0007626521683426966, -0.9999996996221479, -0.00013826526856905804, 0.9999997091426287, -0.0007626533689940191, 8.631160661396961e-06], "world_rotation": [0.0, 1.0, 0.0, 0.0]}, {"color": "CVGreen", "id_name": "object238633095705668", "shape": "CVCone", "id_string": "ob590", "world_size": [0.1, 0.1, 0.1], "id": 590, "camera_size": [41, 41], "camera_position": [256, 254], "world_position": [0.705, 0.6498037994254439, -0.15], "world_orientation": [1.0, 8.100187187665134e-17, -1.2653630886983698e-17, -8.100187187665134e-17, 1.0, -1.9397816686250694e-16, 1.2653630886983698e-17, 1.9397816686250694e-16, 1.0], "world_rotation": [-0.9211093596285536, 0.06008602943210125, 0.38463907325148433, -2.1059189642881336e-16]}], "source": "action wait"}
{"timestamp": 1706067679.759297, "objects": [{"color": "cv_", "id_name": "hand", "shape": "CVCylinder", "id_string": "ob383", "world_size": [0.12, 0.005, 0.12], "id": 383, "camera_size": [48, 7], "camera_position": [246, 508], "world_position": [0.005226893901082013, 0.6674588154063658, -0.17410867600881078], "world_orientation": [-7.173084744133339e-06, -0.0005427200526321073, 0.999999852701735, -0.0007627436298359081, -0.9999995618355701, -0.0005427253659983705, 0.9999997090853089, -0.0007627474105005374, 6.759125338577122e-06], "world_rotation": [0.0, 1.0, 0.0, 0.0]}, {"color": "CVGreen", "id_name": "object238633095705668", "shape": "CVCone", "id_string": "ob590", "world_size": [0.1, 0.1, 0.1], "id": 590, "camera_size": [41, 41], "camera_position": [256, 254], "world_position": [0.705, 0.6498037994254439, -0.15], "world_orientation": [1.0, 8.100187187665134e-17, -1.2653630886983698e-17, -8.100187187665134e-17, 1.0, -1.9397816686250694e-16, 1.2653630886983698e-17, 1.9397816686250694e-16, 1.0], "world_rotation": [-0.9211093596285536, 0.06008602943210125, 0.38463907325148433, -2.1059189642881336e-16]}], "source": "action wait"}
{"timestamp": 1706067679.79529, "objects": [{"color": "cv_", "id_name": "hand", "shape": "CVCylinder", "id_string": "ob383", "world_size": [0.12, 0.005, 0.12], "id": 383, "camera_size": [48, 7], "camera_position": [246, 508], "world_position": [0.004492062102276198, 0.6674123735326789, -0.17410853741947224], "world_orientation": [-6.1258550830087125e-06, -0.0008285109359414827, 0.9999996567659926, -0.0007628248509750932, -0.999999365830065, -0.0008285153678533681, 0.999999709030318, -0.0007628296645131388, 5.493842467298493e-06], "world_rotation": [0.0, 1.0, 0.0, 0.0]}, {"color": "CVGreen", "id_name": "object238633095705668", "shape": "CVCone", "id_string": "ob590", "world_size": [0.1, 0.1, 0.1], "id": 590, "camera_size": [41, 41], "camera_position": [256, 254], "world_position": [0.705, 0.6498037994254439, -0.15], "world_orientation": [1.0, 8.100187187665134e-17, -1.2653630886983698e-17, -8.100187187665134e-17, 1.0, -1.9397816686250694e-16, 1.2653630886983698e-17, 1.9397816686250694e-16, 1.0], "world_rotation": [-0.9211093596285536, 0.06008602943210125, 0.38463907325148433, -2.1059189642881336e-16]}], "source": "action wait"}
{"timestamp": 1706067679.829459, "objects": [{"color": "CVGreen", "id_name": "object238633095705668", "shape": "CVCone", "id_string": "ob590", "world_size": [0.1, 0.1, 0.1], "id": 590, "camera_size": [41, 41], "camera_position": [256, 254], "world_position": [0.705, 0.6498037994254439, -0.15], "world_orientation": [1.0, 8.100187187665134e-17, -1.2653630886983698e-17, -8.100187187665134e-17, 1.0, -1.9397816686250694e-16, 1.2653630886983698e-17, 1.9397816686250694e-16, 1.0], "world_rotation": [-0.9211093596285536, 0.06008602943210125, 0.38463907325148433, -2.1059189642881336e-16]}], "source": "action wait"}
{"timestamp": 1706067681.446282, "objects": [{"color": "CVGreen", "id_name": "object238633095705668", "shape": "CVCone", "id_string": "ob590", "world_size": [0.1, 0.1, 0.1], "id": 590, "camera_size": [41, 41], "camera_position": [256, 254], "world_position": [0.705, 0.6498037994254439, -0.15], "world_orientation": [1.0, 8.100187187665134e-17, -1.2653630886983698e-17, -8.100187187665134e-17, 1.0, -1.9397816686250694e-16, 1.2653630886983698e-17, 1.9397816686250694e-16, 1.0], "world_rotation": [-0.9211093596285536, 0.06008602943210125, 0.38463907325148433, -2.1059189642881336e-16]}], "source": "action wait"}
{"timestamp": 1706067681.477051, "objects": [{"color": "cv_", "id_name": "hand", "shape": "CVCylinder", "id_string": "ob383", "world_size": [0.12, 0.005, 0.12], "id": 383, "camera_size": [51, 11], "camera_position": [246, 506], "world_position": [0.035580411040588074, 0.7233456810812211, -0.1741228200241496], "world_orientation": [0.00015819411273894037, 0.1935679621808019, 0.9810868559876819, -0.0007080363859052985, -0.9810866006656372, 0.19356802597232062, 0.9999997368295148, -0.0007252665138963185, -1.814896394238692e-05], "world_rotation": [0.0, 1.0, 0.0, 0.0]}, {"color": "CVGreen", "id_name": "object238633095705668", "shape": "CVCone", "id_string": "ob590", "world_size": [0.1, 0.1, 0.1], "id": 590, "camera_size": [41, 41], "camera_position": [256, 254], "world_position": [0.705, 0.6498037994254439, -0.15], "world_orientation": [1.0, 8.100187187665134e-17, -1.2653630886983698e-17, -8.100187187665134e-17, 1.0, -1.9397816686250694e-16, 1.2653630886983698e-17, 1.9397816686250694e-16, 1.0], "world_rotation": [-0.9211093596285536, 0.06008602943210125, 0.38463907325148433, -2.1059189642881336e-16]}], "source": "action wait"}
{"timestamp": 1706067681.506566, "objects": [{"color": "cv_", "id_name": "hand", "shape": "CVCylinder", "id_string": "ob383", "world_size": [0.12, 0.005, 0.12], "id": 383, "camera_size": [53, 21], "camera_position": [245, 501], "world_position": [0.0838519102470826, 0.7766189536264967, -0.17412474563596936], "world_orientation": [0.00025765449220418405, 0.29778357708053843, 0.9546333719472003, -0.000706611993210989, -0.9546331110947481, 0.29778368642532055, 0.9999997171567869, -0.000751280694250184, -3.554806253358368e-05], "world_rotation": [0.0, 1.0, 0.0, 0.0]}, {"color": "CVGreen", "id_name": "object238633095705668", "shape": "CVCone", "id_string": "ob590", "world_size": [0.1, 0.1, 0.1], "id": 590, "camera_size": [41, 41], "camera_position": [256, 254], "world_position": [0.705, 0.6498037994254439, -0.15], "world_orientation": [1.0, 8.100187187665134e-17, -1.2653630886983698e-17, -8.100187187665134e-17, 1.0, -1.9397816686250694e-16, 1.2653630886983698e-17, 1.9397816686250694e-16, 1.0], "world_rotation": [-0.9211093596285536, 0.06008602943210125, 0.38463907325148433, -2.1059189642881336e-16]}], "source": "action wait"}
{"timestamp": 1706067681.536766, "objects": [{"color": "cv_", "id_name": "hand", "shape": "CVCylinder", "id_string": "ob383", "world_size": [0.12, 0.005, 0.12], "id": 383, "camera_size": [54, 38], "camera_position": [245, 492], "world_position": [0.1404686886602195, 0.8087790610547422, -0.17412056235408446], "world_orientation": [0.0002894718050388617, 0.3383312674637427, 0.9410270291880312, -0.0007123505278456036, -0.9410267600894915, 0.3383313898416765, 0.9999997043813561, -0.0007682784990780728, -3.139025786804223e-05], "world_rotation": [0.0, 1.0, 0.0, 0.0]}, {"color": "CVGreen", "id_name": "object238633095705668", "shape": "CVCone", "id_string": "ob590", "world_size": [0.1, 0.1, 0.1], "id": 590, "camera_size": [41, 41], "camera_position": [256, 254], "world_position": [0.705, 0.6498037994254439, -0.15], "world_orientation": [1.0, 8.100187187665134e-17, -1.2653630886983698e-17, -8.100187187665134e-17, 1.0, -1.9397816686250694e-16, 1.2653630886983698e-17, 1.9397816686250694e-16, 1.0], "world_rotation": [-0.9211093596285536, 0.06008602943210125, 0.38463907325148433, -2.1059189642881336e-16]}], "source": "action wait"}
{"timestamp": 1706067681.569446, "objects": [{"color": "cv_", "id_name": "hand", "shape": "CVCylinder", "id_string": "ob383", "world_size": [0.12, 0.005, 0.12], "id": 383, "camera_size": [55, 59], "camera_position": [245, 480], "world_position": [0.20165084971487268, 0.8230752648014142, -0.17411722065755145], "world_orientation": [0.0002877584639538535, 0.33889935830519424, 0.9408225880235835, -0.0007219125921369056, -0.9408223114156308, 0.33889947946959087, 0.9999996980185923, -0.0007767128669082051, -2.607386895837303e-05], "world_rotation": [0.0, 1.0, 0.0, 0.0]}, {"color": "CVGreen", "id_name": "object238633095705668", "shape": "CVCone", "id_string": "ob590", "world_size": [0.1, 0.1, 0.1], "id": 590, "camera_size": [41, 41], "camera_position": [256, 254], "world_position": [0.705, 0.6498037994254439, -0.15], "world_orientation": [1.0, 8.100187187665134e-17, -1.2653630886983698e-17, -8.100187187665134e-17, 1.0, -1.9397816686250694e-16, 1.2653630886983698e-17, 1.9397816686250694e-16, 1.0], "world_rotation": [-0.9211093596285536, 0.06008602943210125, 0.38463907325148433, -2.1059189642881336e-16]}], "source": "action wait"}
{"timestamp": 1706067681.605053, "objects": [{"color": "cv_", "id_name": "hand", "shape": "CVCylinder", "id_string": "ob383", "world_size": [0.12, 0.005, 0.12], "id": 383, "camera_size": [55, 58], "camera_position": [245, 451], "world_position": [0.2654726433677852, 0.8222653938636839, -0.17411450211969995], "world_orientation": [0.00026263416831384846, 0.3113321817283352, 0.9503011120921454, -0.0007350108666885205, -0.9503008280713601, 0.31133229181360794, 0.9999996953911133, -0.0007802481415438356, -2.0748930907851352e-05], "world_rotation": [0.0, 1.0, 0.0, 0.0]}, {"color": "CVGreen", "id_name": "object238633095705668", "shape": "CVCone", "id_string": "ob590", "world_size": [0.1, 0.1, 0.1], "id": 590, "camera_size": [41, 41], "camera_position": [256, 254], "world_position": [0.705, 0.6498037994254439, -0.15], "world_orientation": [1.0, 8.100187187665134e-17, -1.2653630886983698e-17, -8.100187187665134e-17, 1.0, -1.9397816686250694e-16, 1.2653630886983698e-17, 1.9397816686250694e-16, 1.0], "world_rotation": [-0.9211093596285536, 0.06008602943210125, 0.38463907325148433, -2.1059189642881336e-16]}], "source": "action wait"}
{"timestamp": 1706067681.639876, "objects": [{"color": "cv_", "id_name": "hand", "shape": "CVCylinder", "id_string": "ob383", "world_size": [0.12, 0.005, 0.12], "id": 383, "camera_size": [54, 56], "camera_position": [245, 420], "world_position": [0.3299175110791469, 0.8085379192727293, -0.17411210499626847], "world_orientation": [0.00022075444638786619, 0.263305955969234, 0.9647123534083111, -0.0007494893178442401, -0.964712062393921, 0.2633060480456722, 0.9999996947665719, -0.0007811675845390896, -1.5619475933313204e-05], "world_rotation": [0.0, 1.0, 0.0, 0.0]}, {"color": "CVGreen", "id_name": "object238633095705668", "shape": "CVCone", "id_string": "ob590", "world_size": [0.1, 0.1, 0.1], "id": 590, "camera_size": [41, 41], "camera_position": [256, 254], "world_position": [0.705, 0.6498037994254439, -0.15], "world_orientation": [1.0, 8.100187187665134e-17, -1.2653630886983698e-17, -8.100187187665134e-17, 1.0, -1.9397816686250694e-16, 1.2653630886983698e-17, 1.9397816686250694e-16, 1.0], "world_rotation": [-0.9211093596285536, 0.06008602943210125, 0.38463907325148433, -2.1059189642881336e-16]}], "source": "action wait"}
{"timestamp": 1706067681.674053, "objects": [{"color": "cv_", "id_name": "hand", "shape": "CVCylinder", "id_string": "ob383", "world_size": [0.12, 0.005, 0.12], "id": 383, "camera_size": [53, 55], "camera_position": [245, 390], "world_position": [0.39319587004802886, 0.7836689627256652, -0.17410983366882823], "world_orientation": [0.00016675813899535936, 0.20012651656895308, 0.9797700493267283, -0.000762889093801864, -0.9797697523768735, 0.20012658575909195, 0.9999996950959303, -0.0007808286220700341, -1.0710243678869213e-05], "world_rotation": [0.0, 1.0, 0.0, 0.0]}, {"color": "CVGreen", "id_name": "object238633095705668", "shape": "CVCone", "id_string": "ob590", "world_size": [0.1, 0.1, 0.1], "id": 590, "camera_size": [41, 41], "camera_position": [256, 254], "world_position": [0.705, 0.6498037994254439, -0.15], "world_orientation": [1.0, 8.100187187665134e-17, -1.2653630886983698e-17, -8.100187187665134e-17, 1.0, -1.9397816686250694e-16, 1.2653630886983698e-17, 1.9397816686250694e-16, 1.0], "world_rotation": [-0.9211093596285536, 0.06008602943210125, 0.38463907325148433, -2.1059189642881336e-16]}], "source": "action wait"}
{"timestamp": 1706067681.706959, "objects": [{"color": "cv_", "id_name": "hand", "shape": "CVCylinder", "id_string": "ob383", "world_size": [0.12, 0.005, 0.12], "id": 383, "camera_size": [52, 53], "camera_position": [245, 365], "world_position": [0.44495264829969056, 0.7556597233383009, -0.17410302147696838], "world_orientation": [0.00010488015369964876, 0.1411397955285669, 0.9899896702078804, -0.0007678385657433633, -0.989989372449461, 0.1411398344233817, 0.9999996997120001, -0.0007749550160009365, 4.542340624860184e-06], "world_rotation": [0.0, 1.0, 0.0, 0.0]}, {"color": "CVGreen", "id_name": "object238633095705668", "shape": "CVCone", "id_string": "ob590", "world_size": [0.1, 0.1, 0.1], "id": 590, "camera_size": [41, 41], "camera_position": [256, 254], "world_position": [0.705, 0.6498037994254439, -0.15], "world_orientation": [1.0, 8.100187187665134e-17, -1.2653630886983698e-17, -8.100187187665134e-17, 1.0, -1.9397816686250694e-16, 1.2653630886983698e-17, 1.9397816686250694e-16, 1.0], "world_rotation": [-0.9211093596285536, 0.06008602943210125, 0.38463907325148433, -2.1059189642881336e-16]}], "source": "action wait"}
{"timestamp": 1706067681.739438, "objects": [{"color": "cv_", "id_name": "hand", "shape": "CVCylinder", "id_string": "ob383", "world_size": [0.12, 0.005, 0.12], "id": 383, "camera_size": [51, 52], "camera_position": [246, 348], "world_position": [0.48010174572382813, 0.7326864246107289, -0.17409838309874995], "world_orientation": [6.154010105849526e-05, 0.0991939910362889, 0.9950681124200034, -0.000766632606211999, -0.9950678172108951, 0.09919400902066469, 0.999999704243588, -0.0007689560697228614, 1.4808773837903649e-05], "world_rotation": [0.0, 1.0, 0.0, 0.0]}, {"color": "CVGreen", "id_name": "object238633095705668", "shape": "CVCone", "id_string": "ob590", "world_size": [0.1, 0.1, 0.1], "id": 590, "camera_size": [41, 41], "camera_position": [256, 254], "world_position": [0.705, 0.6498037994254439, -0.15], "world_orientation": [1.0, 8.100187187665134e-17, -1.2653630886983698e-17, -8.100187187665134e-17, 1.0, -1.9397816686250694e-16, 1.2653630886983698e-17, 1.9397816686250694e-16, 1.0], "world_rotation": [-0.9211093596285536, 0.06008602943210125, 0.38463907325148433, -2.1059189642881336e-16]}], "source": "action wait"}
{"timestamp": 1706067681.76896, "objects": [{"color": "cv_", "id_name": "hand", "shape": "CVCylinder", "id_string": "ob383", "world_size": [0.12, 0.005, 0.12], "id": 383, "camera_size": [51, 51], "camera_position": [246, 338], "world_position": [0.5040471248029249, 0.714970260999836, -0.17409673374731058], "world_orientation": [3.4649883862508987e-05, 0.06950966774719905, 0.9975812773348643, -0.0007644353256061656, -0.997580984618553, 0.06950967390307046, 0.9999997072189664, -0.0007649948706864916, 1.856958023701492e-05], "world_rotation": [0.0, 1.0, 0.0, 0.0]}, {"color": "CVGreen", "id_name": "object238633095705668", "shape": "CVCone", "id_string": "ob590", "world_size": [0.1, 0.1, 0.1], "id": 590, "camera_size": [41, 41], "camera_position": [256, 254], "world_position": [0.705, 0.6498037994254439, -0.15], "world_orientation": [1.0, 8.100187187665134e-17, -1.2653630886983698e-17, -8.100187187665134e-17, 1.0, -1.9397816686250694e-16, 1.2653630886983698e-17, 1.9397816686250694e-16, 1.0], "world_rotation": [-0.9211093596285536, 0.06008602943210125, 0.38463907325148433, -2.1059189642881336e-16]}], "source": "action wait"}
{"timestamp": 1706067681.801414, "objects": [{"color": "cv_", "id_name": "hand", "shape": "CVCylinder", "id_string": "ob383", "world_size": [0.12, 0.005, 0.12], "id": 383, "camera_size": [49, 50], "camera_position": [246, 330], "world_position": [0.5204738750758577, 0.7017685555074957, -0.17409668893591868], "world_orientation": [1.8129931314786356e-05, 0.04854276016833215, 0.998821105156747, -0.0007626985816758272, -0.9988208141379484, 0.04854275986879658, 0.9999997089810472, -0.0007626795171535232, 1.8914941575298475e-05], "world_rotation": [0.0, 1.0, 0.0, 0.0]}, {"color": "CVGreen", "id_name": "object238633095705668", "shape": "CVCone", "id_string": "ob590", "world_size": [0.1, 0.1, 0.1], "id": 590, "camera_size": [41, 41], "camera_position": [256, 254], "world_position": [0.705, 0.6498037994254439, -0.15], "world_orientation": [1.0, 8.100187187665134e-17, -1.2653630886983698e-17, -8.100187187665134e-17, 1.0, -1.9397816686250694e-16, 1.2653630886983698e-17, 1.9397816686250694e-16, 1.0], "world_rotation": [-0.9211093596285536, 0.06008602943210125, 0.38463907325148433, -2.1059189642881336e-16]}], "source": "action wait"}
{"timestamp": 1706067681.832238, "objects": [{"color": "cv_", "id_name": "hand", "shape": "CVCylinder", "id_string": "ob383", "world_size": [0.12, 0.005, 0.12], "id": 383, "camera_size": [49, 49], "camera_position": [246, 325], "world_position": [0.5318153484710881, 0.6921313501336721, -0.17409742376792695], "world_orientation": [8.104663682434e-06, 0.033747036925005906, 0.9994304064981698, -0.0007616727084687776, -0.9994301164151939, 0.033747033306605466, 0.9999997098944579, -0.0007615123729991053, 1.760415205020026e-05], "world_rotation": [0.0, 1.0, 0.0, 0.0]}, {"color": "CVGreen", "id_name": "object238633095705668", "shape": "CVCone", "id_string": "ob590", "world_size": [0.1, 0.1, 0.1], "id": 590, "camera_size": [41, 41], "camera_position": [256, 254], "world_position": [0.705, 0.6498037994254439, -0.15], "world_orientation": [1.0, 8.100187187665134e-17, -1.2653630886983698e-17, -8.100187187665134e-17, 1.0, -1.9397816686250694e-16, 1.2653630886983698e-17, 1.9397816686250694e-16, 1.0], "world_rotation": [-0.9211093596285536, 0.06008602943210125, 0.38463907325148433, -2.1059189642881336e-16]}], "source": "action wait"}
{"timestamp": 1706067681.865513, "objects": [{"color": "cv_", "id_name": "hand", "shape": "CVCylinder", "id_string": "ob383", "world_size": [0.12, 0.005, 0.12], "id": 383, "camera_size": [49, 50], "camera_position": [246, 321], "world_position": [0.5396877896456915, 0.6851865741880927, -0.17409846676243626], "world_orientation": [2.1132714608102717e-06, 0.023310820529496675, 0.9997282659011777, -0.0007612279414037193, -0.9997279762106095, 0.023310815383855217, 0.9999997102637357, -0.0007610703518962994, 1.563215132377357e-05], "world_rotation": [0.0, 1.0, 0.0, 0.0]}, {"color": "CVGreen", "id_name": "object238633095705668", "shape": "CVCone", "id_string": "ob590", "world_size": [0.1, 0.1, 0.1], "id": 590, "camera_size": [41, 41], "camera_position": [256, 254], "world_position": [0.705, 0.6498037994254439, -0.15], "world_orientation": [1.0, 8.100187187665134e-17, -1.2653630886983698e-17, -8.100187187665134e-17, 1.0, -1.9397816686250694e-16, 1.2653630886983698e-17, 1.9397816686250694e-16, 1.0], "world_rotation": [-0.9211093596285536, 0.06008602943210125, 0.38463907325148433, -2.1059189642881336e-16]}], "source": "action wait"}
{"timestamp": 1706067681.903655, "objects": [{"color": "cv_", "id_name": "hand", "shape": "CVCylinder", "id_string": "ob383", "world_size": [0.12, 0.005, 0.12], "id": 383, "camera_size": [49, 49], "camera_position": [246, 319], "world_position": [0.5451753342173059, 0.6802235966719375, -0.17409956186854725], "world_orientation": [-1.3655288149685184e-06, 0.015951135843982143, 0.9998727725382975, -0.0007611639957032942, -0.9998724829073091, 0.01595113018392777, 0.9999997103137116, -0.0007610453730126538, 1.3506784982085294e-05], "world_rotation": [0.0, 1.0, 0.0, 0.0]}, {"color": "CVGreen", "id_name": "object238633095705668", "shape": "CVCone", "id_string": "ob590", "world_size": [0.1, 0.1, 0.1], "id": 590, "camera_size": [41, 41], "camera_position": [256, 254], "world_position": [0.705, 0.6498037994254439, -0.15], "world_orientation": [1.0, 8.100187187665134e-17, -1.2653630886983698e-17, -8.100187187665134e-17, 1.0, -1.9397816686250694e-16, 1.2653630886983698e-17, 1.9397816686250694e-16, 1.0], "world_rotation": [-0.9211093596285536, 0.06008602943210125, 0.38463907325148433, -2.1059189642881336e-16]}], "source": "action wait"}
{"timestamp": 1706067681.939258, "objects": [{"color": "cv_", "id_name": "hand", "shape": "CVCylinder", "id_string": "ob383", "world_size": [0.12, 0.005, 0.12], "id": 383, "camera_size": [49, 49], "camera_position": [246, 317], "world_position": [0.549012742951627, 0.6766962177094629, -0.1741005811089686], "world_orientation": [-3.3225322627997858e-06, 0.0107615102939802, 0.9999420932659818, -0.0007613131262920706, -0.9999418035166233, 0.010761504646025355, 0.9999997101956004, -0.0007612332856893436, 1.1515217949009035e-05], "world_rotation": [0.0, 1.0, 0.0, 0.0]}, {"color": "CVGreen", "id_name": "object238633095705668", "shape": "CVCone", "id_string": "ob590", "world_size": [0.1, 0.1, 0.1], "id": 590, "camera_size": [41, 41], "camera_position": [256, 254], "world_position": [0.705, 0.6498037994254439, -0.15], "world_orientation": [1.0, 8.100187187665134e-17, -1.2653630886983698e-17, -8.100187187665134e-17, 1.0, -1.9397816686250694e-16, 1.2653630886983698e-17, 1.9397816686250694e-16, 1.0], "world_rotation": [-0.9211093596285536, 0.06008602943210125, 0.38463907325148433, -2.1059189642881336e-16]}], "source": "action wait"}
{"timestamp": 1706067681.969796, "objects": [{"color": "cv_", "id_name": "hand", "shape": "CVCylinder", "id_string": "ob383", "world_size": [0.12, 0.005, 0.12], "id": 383, "camera_size": [49, 49], "camera_position": [246, 316], "world_position": [0.5517026266327114, 0.6741981937420867, -0.17410147008968885], "world_orientation": [-4.350860614356437e-06, 0.0071022045277425155, 0.9999747790179091, -0.0007615585701636571, -0.9999744890724503, 0.00710219915492025, 0.9999997100047651, -0.0007615084622303869, 9.759494345390668e-06], "world_rotation": [0.0, 1.0, 0.0, 0.0]}, {"color": "CVGreen", "id_name": "object238633095705668", "shape": "CVCone", "id_string": "ob590", "world_size": [0.1, 0.1, 0.1], "id": 590, "camera_size": [41, 41], "camera_position": [256, 254], "world_position": [0.705, 0.6498037994254439, -0.15], "world_orientation": [1.0, 8.100187187665134e-17, -1.2653630886983698e-17, -8.100187187665134e-17, 1.0, -1.9397816686250694e-16, 1.2653630886983698e-17, 1.9397816686250694e-16, 1.0], "world_rotation": [-0.9211093596285536, 0.06008602943210125, 0.38463907325148433, -2.1059189642881336e-16]}], "source": "action wait"}
