{"timestamp": 1706067308.508609, "objects": [{"color": "cv_", "id_name": "hand", "shape": "CVCylinder", "id_string": "ob383", "world_size": [0.12, 0.005, 0.12], "id": 383, "camera_size": [48, 50], "camera_position": [246, 426], "world_position": [0.2676445155401381, 0.6334703013847365, -0.1738926040084783], "world_orientation": [-0.0006415511650864523, 0.19791547486640892, 0.9802188802611926, -0.0007473675279229535, -0.9802189031249685, 0.19791499033237003, 0.9999995149268228, -0.0006056111687286962, 0.0007767761785286228], "world_rotation": [0.0, 1.0, 0.0, 0.0]}, {"color": "CVGreen", "id_name": "object206827055875417", "shape": "CVBox", "id_string": "ob478", "world_size": [0.11, 0.11, 0.11], "id": 478, "camera_size": [45, 45], "camera_position": [256, 254], "world_position": [0.705, 0.654738849708696, -0.15], "world_orientation": [1.0, -5.1619362862653347e-17, 1.4541359828532488e-17, 5.1619362862653347e-17, 1.0, 2.3824321321224633e-17, -1.4541359828532488e-17, -2.3824321321224633e-17, 1.0], "world_rotation": [-0.4059884517598224, 0.2477982093873522, 0.8796416454796148, 5.868226354211375e-17]}], "source": "manual check"}
{"timestamp": 1706067309.537444, "objects": [{"color": "cv_", "id_name": "hand", "shape": "CVCylinder", "id_string": "ob383", "world_size": [0.12, 0.005, 0.12], "id": 383, "camera_size": [48, 50], "camera_position": [246, 426], "world_position": [0.2676445155401381, 0.6334703013847365, -0.1738926040084783], "world_orientation": [-0.0006415511650864523, 0.19791547486640892, 0.9802188802611926, -0.0007473675279229535, -0.9802189031249685, 0.19791499033237003, 0.9999995149268228, -0.0006056111687286962, 0.0007767761785286228], "world_rotation": [0.0, 1.0, 0.0, 0.0]}, {"color": "CVGreen", "id_name": "object206827055875417", "shape": "CVBox", "id_string": "ob478", "world_size": [0.11, 0.11, 0.11], "id": 478, "camera_size": [45, 45], "camera_position": [256, 254], "world_position": [0.705, 0.6547388572526824, -0.15], "world_orientation": [1.0, -3.838362879530641e-17, 1.4813540171849057e-17, 3.838362879530641e-17, 1.0, 5.294293626938881e-18, -1.4813540171849057e-17, -5.294293626938881e-18, 1.0], "world_rotation": [-0.1276280613210114, 0.35710588544125776, 0.925303444577321, 4.1482206750932463e-17]}], "source": "manual check"}
{"timestamp": 1706067310.976097, "objects": [{"color": "cv_", "id_name": "hand", "shape": "CVCylinder", "id_string": "ob383", "world_size": [0.12, 0.005, 0.12], "id": 383, "camera_size": [48, 50], "camera_position": [246, 426], "world_position": [0.2676445155401381, 0.6334703013847365, -0.1738926040084783], "world_orientation": [-0.0006415511650864523, 0.19791547486640892, 0.9802188802611926, -0.0007473675279229535, -0.9802189031249685, 0.19791499033237003, 0.9999995149268228, -0.0006056111687286962, 0.0007767761785286228], "world_rotation": [0.0, 1.0, 0.0, 0.0]}, {"color": "CVGreen", "id_name": "object206827055875417", "shape": "CVBox", "id_string": "ob478", "world_size": [0.11, 0.11, 0.11], "id": 478, "camera_size": [45, 45], "camera_position": [256, 254], "world_position": [0.705, 0.6547388572526824, -0.15], "world_orientation": [1.0, -3.838362879530641e-17, 1.4813540171849057e-17, 3.838362879530641e-17, 1.0, 5.294293626938881e-18, -1.4813540171849057e-17, -5.294293626938881e-18, 1.0], "world_rotation": [-0.1276280613210114, 0.35710588544125776, 0.925303444577321, 4.1482206750932463e-17]}], "source": "action wait"}
{"timestamp": 1706067311.013854, "objects": [{"color": "cv_", "id_name": "hand", "shape": "CVCylinder", "id_string": "ob383", "world_size": [0.12, 0.005, 0.12], "id": 383, "camera_size": [48, 50], "camera_position": [246, 444], "world_position": [0.22514739454701377, 0.6428711412937714, -0.17397270148332383], "world_orientation": [-0.0005236749972473281, 0.08856502124809991, 0.9960702599595176, -0.0007615736341477968, -0.9960701430019648, 0.0885646104583844, 0.9999995728849574, -0.0007122017756062394, 0.0005890658144853868], "world_rotation": [0.0, 1.0, 0.0, 0.0]}, {"color": "CVGreen", "id_name": "object206827055875417", "shape": "CVBox", "id_string": "ob478", "world_size": [0.11, 0.11, 0.11], "id": 478, "camera_size": [45, 45], "camera_position": [256, 254], "world_position": [0.705, 0.6547388572526824, -0.15], "world_orientation": [1.0, -3.838362879530641e-17, 1.4813540171849057e-17, 3.838362879530641e-17, 1.0, 5.294293626938881e-18, -1.4813540171849057e-17, -5.294293626938881e-18, 1.0], "world_rotation": [-0.1276280613210114, 0.35710588544125776, 0.925303444577321, 4.1482206750932463e-17]}], "source": "action wait"}
{"timestamp": 1706067311.047924, "objects": [{"color": "cv_", "id_name": "hand", "shape": "CVCylinder", "id_string": "ob383", "world_size": [0.12, 0.005, 0.12], "id": 383, "camera_size": [48, 50], "camera_position": [246, 471], "world_position": [0.16390171363308, 0.660024306468562, -0.17403875078194372], "world_orientation": [-0.0003781607535323667, 0.06187081961351468, 0.9980840939894777, -0.0007686807681204463, -0.9980838884710433, 0.06187051563061989, 0.9999996330620933, -0.0007438110472046529, 0.00042499506449786864], "world_rotation": [0.0, 1.0, 0.0, 0.0]}, {"color": "CVGreen", "id_name": "object206827055875417", "shape": "CVBox", "id_string": "ob478", "world_size": [0.11, 0.11, 0.11], "id": 478, "camera_size": [45, 45], "camera_position": [256, 254], "world_position": [0.705, 0.6547388572526824, -0.15], "world_orientation": [1.0, -3.838362879530641e-17, 1.4813540171849057e-17, 3.838362879530641e-17, 1.0, 5.294293626938881e-18, -1.4813540171849057e-17, -5.294293626938881e-18, 1.0], "world_rotation": [-0.1276280613210114, 0.35710588544125776, 0.925303444577321, 4.1482206750932463e-17]}], "source": "action wait"}
{"timestamp": 1706067311.080691, "objects": [{"color": "cv_", "id_name": "hand", "shape": "CVCylinder", "id_string": "ob383", "world_size": [0.12, 0.005, 0.12], "id": 383, "camera_size": [49, 46], "camera_position": [246, 488], "world_position": [0.11787035692270481, 0.6676875892899636, -0.17407780703470557], "world_orientation": [-0.00025735661106458644, 0.04331336980190509, 0.9990615024932041, -0.000769787268090722, -0.9990612481509158, 0.04331316047919253, 0.999999670597514, -0.0007579178964637944, 0.0002904570976820674], "world_rotation": [0.0, 1.0, 0.0, 0.0]}, {"color": "CVGreen", "id_name": "object206827055875417", "shape": "CVBox", "id_string": "ob478", "world_size": [0.11, 0.11, 0.11], "id": 478, "camera_size": [45, 45], "camera_position": [256, 254], "world_position": [0.705, 0.6547388572526824, -0.15], "world_orientation": [1.0, -3.838362879530641e-17, 1.4813540171849057e-17, 3.838362879530641e-17, 1.0, 5.294293626938881e-18, -1.4813540171849057e-17, -5.294293626938881e-18, 1.0], "world_rotation": [-0.1276280613210114, 0.35710588544125776, 0.925303444577321, 4.1482206750932463e-17]}], "source": "action wait"}
{"timestamp": 1706067311.135075, "objects": [{"color": "cv_", "id_name": "hand", "shape": "CVCylinder", "id_string": "ob383", "world_size": [0.12, 0.005, 0.12], "id": 383, "camera_size": [49, 34], "camera_position": [246, 494], "world_position": [0.08448308773741221, 0.6707868480233922, -0.17409653296517968], "world_orientation": [-0.0001749301654917051, 0.030180971182237063, 0.9995444354194237, -0.0007681379222546245, -0.9995441598845762, 0.030180828430801724, 0.9999996896817368, -0.0007625084485125255, 0.00019803357380080146], "world_rotation": [0.0, 1.0, 0.0, 0.0]}, {"color": "CVGreen", "id_name": "object206827055875417", "shape": "CVBox", "id_string": "ob478", "world_size": [0.11, 0.11, 0.11], "id": 478, "camera_size": [45, 45], "camera_position": [256, 254], "world_position": [0.705, 0.6547388572526824, -0.15], "world_orientation": [1.0, -3.838362879530641e-17, 1.4813540171849057e-17, 3.838362879530641e-17, 1.0, 5.294293626938881e-18, -1.4813540171849057e-17, -5.294293626938881e-18, 1.0], "world_rotation": [-0.1276280613210114, 0.35710588544125776, 0.925303444577321, 4.1482206750932463e-17]}], "source": "action wait"}
{"timestamp": 1706067311.168255, "objects": [{"color": "cv_", "id_name": "hand", "shape": "CVCylinder", "id_string": "ob383", "world_size": [0.12, 0.005, 0.12], "id": 383, "camera_size": [49, 19], "camera_position": [246, 502], "world_position": [0.043564642871447325, 0.6719702951836103, -0.17410869701648807], "world_orientation": [-8.137235640665482e-05, 0.014322984147821245, 0.9998974174902348, -0.0007645366412869828, -0.9998971294634861, 0.01432291780346535, 0.9999997044310882, -0.0007632927236275808, 9.231443178264523e-05], "world_rotation": [0.0, 1.0, 0.0, 0.0]}, {"color": "CVGreen", "id_name": "object206827055875417", "shape": "CVBox", "id_string": "ob478", "world_size": [0.11, 0.11, 0.11], "id": 478, "camera_size": [45, 45], "camera_position": [256, 254], "world_position": [0.705, 0.6547388572526824, -0.15], "world_orientation": [1.0, -3.838362879530641e-17, 1.4813540171849057e-17, 3.838362879530641e-17, 1.0, 5.294293626938881e-18, -1.4813540171849057e-17, -5.294293626938881e-18, 1.0], "world_rotation": [-0.1276280613210114, 0.35710588544125776, 0.925303444577321, 4.1482206750932463e-17]}], "source": "action wait"}
{"timestamp": 1706067311.205427, "objects": [{"color": "cv_", "id_name": "hand", "shape": "CVCylinder", "id_string": "ob383", "world_size": [0.12, 0.005, 0.12], "id": 383, "camera_size": [49, 15], "camera_position": [246, 504], "world_position": [0.03151650843554637, 0.67180517373266, -0.17410998590270657], "world_orientation": [-5.597839759750234e-05, 0.009678707683220326, 0.9999531586449446, -0.0007634924766212718, -0.9999528691785485, 0.0096786621403412, 0.9999997069727857, -0.0007629149176019328, 6.336537978956296e-05], "world_rotation": [0.0, 1.0, 0.0, 0.0]}, {"color": "CVGreen", "id_name": "object206827055875417", "shape": "CVBox", "id_string": "ob478", "world_size": [0.11, 0.11, 0.11], "id": 478, "camera_size": [45, 45], "camera_position": [256, 254], "world_position": [0.705, 0.6547388572526824, -0.15], "world_orientation": [1.0, -3.838362879530641e-17, 1.4813540171849057e-17, 3.838362879530641e-17, 1.0, 5.294293626938881e-18, -1.4813540171849057e-17, -5.294293626938881e-18, 1.0], "world_rotation": [-0.1276280613210114, 0.35710588544125776, 0.925303444577321, 4.1482206750932463e-17]}], "source": "action wait"}
{"timestamp": 1706067311.241388, "objects": [{"color": "cv_", "id_name": "hand", "shape": "CVCylinder", "id_string": "ob383", "world_size": [0.12, 0.005, 0.12], "id": 383, "camera_size": [49, 12], "camera_position": [246, 505], "world_position": [0.023000571204188313, 0.6715587293858916, -0.17411023718250257], "world_orientation": [-3.888563873032423e-05, 0.006395556023588835, 0.9999795474663751, -0.0007628978860513007, -0.9999792574114518, 0.006395524502110733, 0.9999997082373187, -0.0007626335888017123, 4.376398831240483e-05], "world_rotation": [0.0, 1.0, 0.0, 0.0]}, {"color": "CVGreen", "id_name": "object206827055875417", "shape": "CVBox", "id_string": "ob478", "world_size": [0.11, 0.11, 0.11], "id": 478, "camera_size": [45, 45], "camera_position": [256, 254], "world_position": [0.705, 0.6547388572526824, -0.15], "world_orientation": [1.0, -3.838362879530641e-17, 1.4813540171849057e-17, 3.838362879530641e-17, 1.0, 5.294293626938881e-18, -1.4813540171849057e-17, -5.294293626938881e-18, 1.0], "world_rotation": [-0.1276280613210114, 0.35710588544125776, 0.925303444577321, 4.1482206750932463e-17]}], "source": "action wait"}
{"timestamp": 1706067311.277995, "objects": [{"color": "cv_", "id_name": "hand", "shape": "CVCylinder", "id_string": "ob383", "world_size": [0.12, 0.005, 0.12], "id": 383, "camera_size": [49, 10], "camera_position": [246, 506], "world_position": [0.01698928090654145, 0.6713249673607231, -0.17411006690280076], "world_orientation": [-2.7407025444579353e-05, 0.004074856491863757, 0.9999916973622459, -0.0007626140812459694, -0.9999914070352373, 0.004074834407656371, 0.9999997088342667, -0.000762496070447572, 3.0514332877093002e-05], "world_rotation": [0.0, 1.0, 0.0, 0.0]}, {"color": "CVGreen", "id_name": "object206827055875417", "shape": "CVBox", "id_string": "ob478", "world_size": [0.11, 0.11, 0.11], "id": 478, "camera_size": [45, 45], "camera_position": [256, 254], "world_position": [0.705, 0.6547388572526824, -0.15], "world_orientation": [1.0, -3.838362879530641e-17, 1.4813540171849057e-17, 3.838362879530641e-17, 1.0, 5.294293626938881e-18, -1.4813540171849057e-17, -5.294293626938881e-18, 1.0], "world_rotation": [-0.1276280613210114, 0.35710588544125776, 0.925303444577321, 4.1482206750932463e-17]}], "source": "action wait"}
{"timestamp": 1706067311.311803, "objects": [{"color": "cv_", "id_name": "hand", "shape": "CVCylinder", "id_string": "ob383", "world_size": [0.12, 0.005, 0.12], "id": 383, "camera_size": [49, 9], "camera_position": [246, 507], "world_position": [0.012749294626424277, 0.6711334198447366, -0.1741097606925615], "world_orientation": [-1.969034864871677e-05, 0.0024346073561256434, 0.9999970361452637, -0.0007625218179136021, -0.9999967456567298, 0.0024345916345334694, 0.9999997090863415, -0.0007624716199519614, 2.1546725797027076e-05], "world_rotation": [0.0, 1.0, 0.0, 0.0]}, {"color": "CVGreen", "id_name": "object206827055875417", "shape": "CVBox", "id_string": "ob478", "world_size": [0.11, 0.11, 0.11], "id": 478, "camera_size": [45, 45], "camera_position": [256, 254], "world_position": [0.705, 0.6547388572526824, -0.15], "world_orientation": [1.0, -3.838362879530641e-17, 1.4813540171849057e-17, 3.838362879530641e-17, 1.0, 5.294293626938881e-18, -1.4813540171849057e-17, -5.294293626938881e-18, 1.0], "world_rotation": [-0.1276280613210114, 0.35710588544125776, 0.925303444577321, 4.1482206750932463e-17]}], "source": "action wait"}
{"timestamp": 1706067311.343235, "objects": [{"color": "cv_", "id_name": "hand", "shape": "CVCylinder", "id_string": "ob383", "world_size": [0.12, 0.005, 0.12], "id": 383, "camera_size": [49, 8], "camera_position": [246, 507], "world_position": [0.009760021431776204, 0.6709871005548307, -0.1741094434697668], "world_orientation": [-1.4517464930022475e-05, 0.0012753792197996465, 0.9999991865982139, -0.0007625357872934949, -0.9999988959874914, 0.001275367779065377, 0.999999709164166, -0.0007625166519388682, 1.548997120039185e-05], "world_rotation": [0.0, 1.0, 0.0, 0.0]}, {"color": "CVGreen", "id_name": "object206827055875417", "shape": "CVBox", "id_string": "ob478", "world_size": [0.11, 0.11, 0.11], "id": 478, "camera_size": [45, 45], "camera_position": [256, 254], "world_position": [0.705, 0.6547388572526824, -0.15], "world_orientation": [1.0, -3.838362879530641e-17, 1.4813540171849057e-17, 3.838362879530641e-17, 1.0, 5.294293626938881e-18, -1.4813540171849057e-17, -5.294293626938881e-18, 1.0], "world_rotation": [-0.1276280613210114, 0.35710588544125776, 0.925303444577321, 4.1482206750932463e-17]}], "source": "action wait"}
{"timestamp": 1706067311.373982, "objects": [{"color": "cv_", "id_name": "hand", "shape": "CVCylinder", "id_string": "ob383", "world_size": [0.12, 0.005, 0.12], "id": 383, "camera_size": [49, 7], "camera_position": [246, 508], "world_position": [0.007653050813146609, 0.6708796393975176, -0.17410916370678053], "world_orientation": [-1.104340217614051e-05, 0.0004561601294092924, 0.9999998958979844, -0.0007626007763451953, -0.9999996051828204, 0.0004561515750888348, 0.9999997091590074, -0.0007625956594919988, 1.1391265885205505e-05], "world_rotation": [0.0, 1.0, 0.0, 0.0]}, {"color": "CVGreen", "id_name": "object206827055875417", "shape": "CVBox", "id_string": "ob478", "world_size": [0.11, 0.11, 0.11], "id": 478, "camera_size": [45, 45], "camera_position": [256, 254], "world_position": [0.705, 0.6547388572526824, -0.15], "world_orientation": [1.0, -3.838362879530641e-17, 1.4813540171849057e-17, 3.838362879530641e-17, 1.0, 5.294293626938881e-18, -1.4813540171849057e-17, -5.294293626938881e-18, 1.0], "world_rotation": [-0.1276280613210114, 0.35710588544125776, 0.925303444577321, 4.1482206750932463e-17]}], "source": "action wait"}
{"timestamp": 1706067311.398567, "objects": [{"color": "cv_", "id_name": "hand", "shape": "CVCylinder", "id_string": "ob383", "world_size": [0.12, 0.005, 0.12], "id": 383, "camera_size": [49, 7], "camera_position": [246, 508], "world_position": [0.006168150778546674, 0.6708025717589835, -0.17410893484921777], "world_orientation": [-8.715362615621719e-06, -0.0001227435729146225, 0.9999999924290288, -0.0007626839557646607, -0.9999997016227435, -0.0001227501842867663, 0.9999997091185708, -0.0007626850198030992, 8.621745461784267e-06], "world_rotation": [0.0, 1.0, 0.0, 0.0]}, {"color": "CVGreen", "id_name": "object206827055875417", "shape": "CVBox", "id_string": "ob478", "world_size": [0.11, 0.11, 0.11], "id": 478, "camera_size": [45, 45], "camera_position": [256, 254], "world_position": [0.705, 0.6547388572526824, -0.15], "world_orientation": [1.0, -3.838362879530641e-17, 1.4813540171849057e-17, 3.838362879530641e-17, 1.0, 5.294293626938881e-18, -1.4813540171849057e-17, -5.294293626938881e-18, 1.0], "world_rotation": [-0.1276280613210114, 0.35710588544125776, 0.925303444577321, 4.1482206750932463e-17]}], "source": "action wait"}
{"timestamp": 1706067311.42918, "objects": [{"color": "CVGreen", "id_name": "object206827055875417", "shape": "CVBox", "id_string": "ob478", "world_size": [0.11, 0.11, 0.11], "id": 478, "camera_size": [45, 45], "camera_position": [256, 254], "world_position": [0.705, 0.6547388572526824, -0.15], "world_orientation": [1.0, -3.838362879530641e-17, 1.4813540171849057e-17, 3.838362879530641e-17, 1.0, 5.294293626938881e-18, -1.4813540171849057e-17, -5.294293626938881e-18, 1.0], "world_rotation": [-0.1276280613210114, 0.35710588544125776, 0.925303444577321, 4.1482206750932463e-17]}], "source": "action wait"}
{"timestamp": 1706067313.480407, "objects": [{"color": "CVGreen", "id_name": "object206827055875417", "shape": "CVBox", "id_string": "ob478", "world_size": [0.11, 0.11, 0.11], "id": 478, "camera_size": [45, 45], "camera_position": [256, 254], "world_position": [0.705, 0.6547388572526824, -0.15], "world_orientation": [1.0, -3.838362879530641e-17, 1.4813540171849057e-17, 3.838362879530641e-17, 1.0, 5.294293626938881e-18, -1.4813540171849057e-17, -5.294293626938881e-18, 1.0], "world_rotation": [-0.1276280613210114, 0.35710588544125776, 0.925303444577321, 4.1482206750932463e-17]}], "source": "action wait"}
{"timestamp": 1706067313.511625, "objects": [{"color": "cv_", "id_name": "hand", "shape": "CVCylinder", "id_string": "ob383", "world_size": [0.12, 0.005, 0.12], "id": 383, "camera_size": [51, 10], "camera_position": [246, 506], "world_position": [0.03547745350524879, 0.726532353741814, -0.17412293797800743], "world_orientation": [0.0001580211630999552, 0.19316780184298893, 0.9811657226791302, -0.0007083027353167951, -0.9811654671867512, 0.19316786561806745, 0.9999997366682389, -0.000725486975971495, -1.82236258974124e-05], "world_rotation": [0.0, 1.0, 0.0, 0.0]}, {"color": "CVGreen", "id_name": "object206827055875417", "shape": "CVBox", "id_string": "ob478", "world_size": [0.11, 0.11, 0.11], "id": 478, "camera_size": [45, 45], "camera_position": [256, 254], "world_position": [0.705, 0.6547388572526824, -0.15], "world_orientation": [1.0, -3.838362879530641e-17, 1.4813540171849057e-17, 3.838362879530641e-17, 1.0, 5.294293626938881e-18, -1.4813540171849057e-17, -5.294293626938881e-18, 1.0], "world_rotation": [-0.1276280613210114, 0.35710588544125776, 0.925303444577321, 4.1482206750932463e-17]}], "source": "action wait"}
{"timestamp": 1706067313.547605, "objects": [{"color": "cv_", "id_name": "hand", "shape": "CVCylinder", "id_string": "ob383", "world_size": [0.12, 0.005, 0.12], "id": 383, "camera_size": [53, 20], "camera_position": [245, 501], "world_position": [0.08390762512751015, 0.7795164651658103, -0.1741248747611128], "world_orientation": [0.0002569857816235457, 0.2966347836341633, 0.9549909628350528, -0.0007069741291347881, -0.9549907018181456, 0.2966348928033698, 0.9999997170729044, -0.0007513848540660355, -3.5705914118649744e-05], "world_rotation": [0.0, 1.0, 0.0, 0.0]}, {"color": "CVGreen", "id_name": "object206827055875417", "shape": "CVBox", "id_string": "ob478", "world_size": [0.11, 0.11, 0.11], "id": 478, "camera_size": [45, 45], "camera_position": [256, 254], "world_position": [0.705, 0.6547388572526824, -0.15], "world_orientation": [1.0, -3.838362879530641e-17, 1.4813540171849057e-17, 3.838362879530641e-17, 1.0, 5.294293626938881e-18, -1.4813540171849057e-17, -5.294293626938881e-18, 1.0], "world_rotation": [-0.1276280613210114, 0.35710588544125776, 0.925303444577321, 4.1482206750932463e-17]}], "source": "action wait"}
{"timestamp": 1706067313.579302, "objects": [{"color": "cv_", "id_name": "hand", "shape": "CVCylinder", "id_string": "ob383", "world_size": [0.12, 0.005, 0.12], "id": 383, "camera_size": [55, 37], "camera_position": [245, 493], "world_position": [0.14078153068484017, 0.8114425764403947, -0.1741206609222639], "world_orientation": [0.00028825887361643777, 0.336594133234329, 0.9416497790468877, -0.0007128838536825064, -0.9416495097259124, 0.3365942551939357, 0.9999997043516728, -0.0007683132041744154, -3.148630418758572e-05], "world_rotation": [0.0, 1.0, 0.0, 0.0]}, {"color": "CVGreen", "id_name": "object206827055875417", "shape": "CVBox", "id_string": "ob478", "world_size": [0.11, 0.11, 0.11], "id": 478, "camera_size": [45, 45], "camera_position": [256, 254], "world_position": [0.705, 0.6547388572526824, -0.15], "world_orientation": [1.0, -3.838362879530641e-17, 1.4813540171849057e-17, 3.838362879530641e-17, 1.0, 5.294293626938881e-18, -1.4813540171849057e-17, -5.294293626938881e-18, 1.0], "world_rotation": [-0.1276280613210114, 0.35710588544125776, 0.925303444577321, 4.1482206750932463e-17]}], "source": "action wait"}
{"timestamp": 1706067313.607095, "objects": [{"color": "cv_", "id_name": "hand", "shape": "CVCylinder", "id_string": "ob383", "world_size": [0.12, 0.005, 0.12], "id": 383, "camera_size": [55, 59], "camera_position": [245, 480], "world_position": [0.20221385190751096, 0.825540665415534, -0.17411729673368587], "world_orientation": [0.0002861425622868455, 0.3367358271399752, 0.9415991189687842, -0.0007225572331833433, -0.941598842095784, 0.3367359477022373, 0.999999698016694, -0.0007767137410597857, -2.612059775118371e-05], "world_rotation": [0.0, 1.0, 0.0, 0.0]}, {"color": "CVGreen", "id_name": "object206827055875417", "shape": "CVBox", "id_string": "ob478", "world_size": [0.11, 0.11, 0.11], "id": 478, "camera_size": [45, 45], "camera_position": [256, 254], "world_position": [0.705, 0.6547388572526824, -0.15], "world_orientation": [1.0, -3.838362879530641e-17, 1.4813540171849057e-17, 3.838362879530641e-17, 1.0, 5.294293626938881e-18, -1.4813540171849057e-17, -5.294293626938881e-18, 1.0], "world_rotation": [-0.1276280613210114, 0.35710588544125776, 0.925303444577321, 4.1482206750932463e-17]}], "source": "action wait"}
{"timestamp": 1706067313.643563, "objects": [{"color": "cv_", "id_name": "hand", "shape": "CVCylinder", "id_string": "ob383", "world_size": [0.12, 0.005, 0.12], "id": 383, "camera_size": [55, 58], "camera_position": [245, 451], "world_position": [0.26626945652847694, 0.8245529304724213, -0.1741145621454273], "world_orientation": [0.00026071236698505955, 0.308842742985454, 0.9511130806241088, -0.0007356822948138452, -0.9511127963268529, 0.3088428523292644, 0.9999996954002651, -0.0007802362048384418, -2.0756730503552975e-05], "world_rotation": [0.0, 1.0, 0.0, 0.0]}, {"color": "CVGreen", "id_name": "object206827055875417", "shape": "CVBox", "id_string": "ob478", "world_size": [0.11, 0.11, 0.11], "id": 478, "camera_size": [45, 45], "camera_position": [256, 254], "world_position": [0.705, 0.6547388572526824, -0.15], "world_orientation": [1.0, -3.838362879530641e-17, 1.4813540171849057e-17, 3.838362879530641e-17, 1.0, 5.294293626938881e-18, -1.4813540171849057e-17, -5.294293626938881e-18, 1.0], "world_rotation": [-0.1276280613210114, 0.35710588544125776, 0.925303444577321, 4.1482206750932463e-17]}], "source": "action wait"}
{"timestamp": 1706067313.683919, "objects": [{"color": "cv_", "id_name": "hand", "shape": "CVCylinder", "id_string": "ob383", "world_size": [0.12, 0.005, 0.12], "id": 383, "camera_size": [54, 56], "camera_position": [245, 420], "world_position": [0.3309297239168309, 0.8106569241836079, -0.1741121528537204], "world_orientation": [0.00021860349853946564, 0.2605610570551962, 0.9654573464212644, -0.0007501064157033518, -0.9654570551519275, 0.2605611482890981, 0.9999996947763913, -0.0007811553282382095, -1.5603769365824043e-05], "world_rotation": [0.0, 1.0, 0.0, 0.0]}, {"color": "CVGreen", "id_name": "object206827055875417", "shape": "CVBox", "id_string": "ob478", "world_size": [0.11, 0.11, 0.11], "id": 478, "camera_size": [45, 45], "camera_position": [256, 254], "world_position": [0.705, 0.6547388572526824, -0.15], "world_orientation": [1.0, -3.838362879530641e-17, 1.4813540171849057e-17, 3.838362879530641e-17, 1.0, 5.294293626938881e-18, -1.4813540171849057e-17, -5.294293626938881e-18, 1.0], "world_rotation": [-0.1276280613210114, 0.35710588544125776, 0.925303444577321, 4.1482206750932463e-17]}], "source": "action wait"}
{"timestamp": 1706067313.715494, "objects": [{"color": "cv_", "id_name": "hand", "shape": "CVCylinder", "id_string": "ob383", "world_size": [0.12, 0.005, 0.12], "id": 383, "camera_size": [53, 55], "camera_position": [245, 390], "world_position": [0.39440533972045366, 0.7856215145956125, -0.17410987186443513], "world_orientation": [0.00016442645207979955, 0.1971829053769699, 0.9803667042444062, -0.0007633891643155273, -0.9803664070855806, 0.19718297364400847, 0.9999996951004164, -0.0007808234158430253, -1.0670876701840905e-05], "world_rotation": [0.0, 1.0, 0.0, 0.0]}, {"color": "CVGreen", "id_name": "object206827055875417", "shape": "CVBox", "id_string": "ob478", "world_size": [0.11, 0.11, 0.11], "id": 478, "camera_size": [45, 45], "camera_position": [256, 254], "world_position": [0.705, 0.6547388572526824, -0.15], "world_orientation": [1.0, -3.838362879530641e-17, 1.4813540171849057e-17, 3.838362879530641e-17, 1.0, 5.294293626938881e-18, -1.4813540171849057e-17, -5.294293626938881e-18, 1.0], "world_rotation": [-0.1276280613210114, 0.35710588544125776, 0.925303444577321, 4.1482206750932463e-17]}], "source": "action wait"}
{"timestamp": 1706067313.746519, "objects": [{"color": "cv_", "id_name": "hand", "shape": "CVCylinder", "id_string": "ob383", "world_size": [0.12, 0.005, 0.12], "id": 383, "camera_size": [52, 53], "camera_position": [245, 365], "world_position": [0.4457381353210979, 0.7578787305985331, -0.1741028939323849], "world_orientation": [0.00010277937750758465, 0.13903733669481513, 0.9902871343409508, -0.000767929025859411, -0.9902868366039816, 0.13903737459363372, 0.9999996998606604, -0.0007747604092068995, 4.989741906435196e-06], "world_rotation": [0.0, 1.0, 0.0, 0.0]}, {"color": "CVGreen", "id_name": "object206827055875417", "shape": "CVBox", "id_string": "ob478", "world_size": [0.11, 0.11, 0.11], "id": 478, "camera_size": [45, 45], "camera_position": [256, 254], "world_position": [0.705, 0.6547388572526824, -0.15], "world_orientation": [1.0, -3.838362879530641e-17, 1.4813540171849057e-17, 3.838362879530641e-17, 1.0, 5.294293626938881e-18, -1.4813540171849057e-17, -5.294293626938881e-18, 1.0], "world_rotation": [-0.1276280613210114, 0.35710588544125776, 0.925303444577321, 4.1482206750932463e-17]}], "source": "action wait"}
{"timestamp": 1706067313.777709, "objects": [{"color": "cv_", "id_name": "hand", "shape": "CVCylinder", "id_string": "ob383", "world_size": [0.12, 0.005, 0.12], "id": 383, "camera_size": [51, 52], "camera_position": [246, 348], "world_position": [0.48060856452645984, 0.7351609692270937, -0.17409837995264416], "world_orientation": [6.019653641780595e-05, 0.09770369180007431, 0.9952155469972387, -0.0007666230026034857, -0.9952152518420259, 0.09770370919358856, 0.9999997043327308, -0.000768836555765655, 1.4993386422551987e-05], "world_rotation": [0.0, 1.0, 0.0, 0.0]}, {"color": "CVGreen", "id_name": "object206827055875417", "shape": "CVBox", "id_string": "ob478", "world_size": [0.11, 0.11, 0.11], "id": 478, "camera_size": [45, 45], "camera_position": [256, 254], "world_position": [0.705, 0.6547388572526824, -0.15], "world_orientation": [1.0, -3.838362879530641e-17, 1.4813540171849057e-17, 3.838362879530641e-17, 1.0, 5.294293626938881e-18, -1.4813540171849057e-17, -5.294293626938881e-18, 1.0], "world_rotation": [-0.1276280613210114, 0.35710588544125776, 0.925303444577321, 4.1482206750932463e-17]}], "source": "action wait"}
{"timestamp": 1706067313.810345, "objects": [{"color": "cv_", "id_name": "hand", "shape": "CVCylinder", "id_string": "ob383", "world_size": [0.12, 0.005, 0.12], "id": 383, "camera_size": [51, 51], "camera_position": [246, 338], "world_position": [0.5043776485076154, 0.7176565135517085, -0.17409680242018916], "world_orientation": [3.378259134432583e-05, 0.06845601639040118, 0.9976541347975729, -0.0007644136509594585, -0.9976538421202862, 0.06845602219236499, 0.9999997072652105, -0.0007649330613985345, 1.8625381368069217e-05], "world_rotation": [0.0, 1.0, 0.0, 0.0]}, {"color": "CVGreen", "id_name": "object206827055875417", "shape": "CVBox", "id_string": "ob478", "world_size": [0.11, 0.11, 0.11], "id": 478, "camera_size": [45, 45], "camera_position": [256, 254], "world_position": [0.705, 0.6547388572526824, -0.15], "world_orientation": [1.0, -3.838362879530641e-17, 1.4813540171849057e-17, 3.838362879530641e-17, 1.0, 5.294293626938881e-18, -1.4813540171849057e-17, -5.294293626938881e-18, 1.0], "world_rotation": [-0.1276280613210114, 0.35710588544125776, 0.925303444577321, 4.1482206750932463e-17]}], "source": "action wait"}
{"timestamp": 1706067313.84285, "objects": [{"color": "cv_", "id_name": "hand", "shape": "CVCylinder", "id_string": "ob383", "world_size": [0.12, 0.005, 0.12], "id": 383, "camera_size": [49, 50], "camera_position": [246, 330], "world_position": [0.5206913446055625, 0.7046188030628014, -0.17409679653258794], "world_orientation": [1.7569792956380273e-05, 0.04779876485899729, 0.998856985643719, -0.0007626881426631043, -0.998856694643173, 0.0477987643492211, 0.9999997089990075, -0.000762656193560215, 1.8905845874305586e-05], "world_rotation": [0.0, 1.0, 0.0, 0.0]}, {"color": "CVGreen", "id_name": "object206827055875417", "shape": "CVBox", "id_string": "ob478", "world_size": [0.11, 0.11, 0.11], "id": 478, "camera_size": [45, 45], "camera_position": [256, 254], "world_position": [0.705, 0.6547388572526824, -0.15], "world_orientation": [1.0, -3.838362879530641e-17, 1.4813540171849057e-17, 3.838362879530641e-17, 1.0, 5.294293626938881e-18, -1.4813540171849057e-17, -5.294293626938881e-18, 1.0], "world_rotation": [-0.1276280613210114, 0.35710588544125776, 0.925303444577321, 4.1482206750932463e-17]}], "source": "action wait"}
{"timestamp": 1706067313.877892, "objects": [{"color": "cv_", "id_name": "hand", "shape": "CVCylinder", "id_string": "ob383", "world_size": [0.12, 0.005, 0.12], "id": 383, "camera_size": [49, 49], "camera_position": [246, 325], "world_position": [0.531959085010669, 0.6951040886815695, -0.17409755061594606], "world_orientation": [7.743407441134182e-06, 0.03322201779208469, 0.9994479963829344, -0.0007616752097275037, -0.9994477063024734, 0.03322201405092321, 0.9999997098954152, -0.0007615120138478562, 1.7565256563725975e-05], "world_rotation": [0.0, 1.0, 0.0, 0.0]}, {"color": "CVGreen", "id_name": "object206827055875417", "shape": "CVBox", "id_string": "ob478", "world_size": [0.11, 0.11, 0.11], "id": 478, "camera_size": [45, 45], "camera_position": [256, 254], "world_position": [0.705, 0.6547388572526824, -0.15], "world_orientation": [1.0, -3.838362879530641e-17, 1.4813540171849057e-17, 3.838362879530641e-17, 1.0, 5.294293626938881e-18, -1.4813540171849057e-17, -5.294293626938881e-18, 1.0], "world_rotation": [-0.1276280613210114, 0.35710588544125776, 0.925303444577321, 4.1482206750932463e-17]}], "source": "action wait"}
{"timestamp": 1706067313.905753, "objects": [{"color": "cv_", "id_name": "hand", "shape": "CVCylinder", "id_string": "ob383", "world_size": [0.12, 0.005, 0.12], "id": 383, "camera_size": [49, 50], "camera_position": [246, 321], "world_position": [0.5397826289084261, 0.6882488605291653, -0.17409860147683762], "world_orientation": [1.9017298096869558e-06, 0.02294043734930889, 0.9997368335370094, -0.0007612386955156051, -0.9997365438396397, 0.02294043214982686, 0.999999710255974, -0.0007610819895246349, 1.5561919815464706e-05], "world_rotation": [0.0, 1.0, 0.0, 0.0]}, {"color": "CVGreen", "id_name": "object206827055875417", "shape": "CVBox", "id_string": "ob478", "world_size": [0.11, 0.11, 0.11], "id": 478, "camera_size": [45, 45], "camera_position": [256, 254], "world_position": [0.705, 0.6547388572526824, -0.15], "world_orientation": [1.0, -3.838362879530641e-17, 1.4813540171849057e-17, 3.838362879530641e-17, 1.0, 5.294293626938881e-18, -1.4813540171849057e-17, -5.294293626938881e-18, 1.0], "world_rotation": [-0.1276280613210114, 0.35710588544125776, 0.925303444577321, 4.1482206750932463e-17]}], "source": "action wait"}
{"timestamp": 1706067313.93998, "objects": [{"color": "cv_", "id_name": "hand", "shape": "CVCylinder", "id_string": "ob383", "world_size": [0.12, 0.005, 0.12], "id": 383, "camera_size": [49, 49], "camera_position": [246, 319], "world_position": [0.5452372638069208, 0.683350481998124, -0.1740996981920061], "world_orientation": [-1.498066798064173e-06, 0.015689879035081594, 0.9998769062707771, -0.0007611792894392821, -0.9998766166284527, 0.01568987334963156, 0.9999997103018807, -0.0007610620885639535, 1.344069293721318e-05], "world_rotation": [0.0, 1.0, 0.0, 0.0]}, {"color": "CVGreen", "id_name": "object206827055875417", "shape": "CVBox", "id_string": "ob478", "world_size": [0.11, 0.11, 0.11], "id": 478, "camera_size": [45, 45], "camera_position": [256, 254], "world_position": [0.705, 0.6547388572526824, -0.15], "world_orientation": [1.0, -3.838362879530641e-17, 1.4813540171849057e-17, 3.838362879530641e-17, 1.0, 5.294293626938881e-18, -1.4813540171849057e-17, -5.294293626938881e-18, 1.0], "world_rotation": [-0.1276280613210114, 0.35710588544125776, 0.925303444577321, 4.1482206750932463e-17]}], "source": "action wait"}
{"timestamp": 1706067313.979892, "objects": [{"color": "cv_", "id_name": "hand", "shape": "CVCylinder", "id_string": "ob383", "world_size": [0.12, 0.005, 0.12], "id": 383, "camera_size": [49, 49], "camera_position": [246, 317], "world_position": [0.5490522512692068, 0.6798693089754043, -0.17410071584931994], "world_orientation": [-3.3913138016786576e-06, 0.010577238740085948, 0.999944059439894, -0.0007613294045169961, -0.9999437696778929, 0.010577233092981603, 0.9999997101829765, -0.0007612509446074668, 1.1443885978803428e-05], "world_rotation": [0.0, 1.0, 0.0, 0.0]}, {"color": "CVGreen", "id_name": "object206827055875417", "shape": "CVBox", "id_string": "ob478", "world_size": [0.11, 0.11, 0.11], "id": 478, "camera_size": [45, 45], "camera_position": [256, 254], "world_position": [0.705, 0.6547388572526824, -0.15], "world_orientation": [1.0, -3.838362879530641e-17, 1.4813540171849057e-17, 3.838362879530641e-17, 1.0, 5.294293626938881e-18, -1.4813540171849057e-17, -5.294293626938881e-18, 1.0], "world_rotation": [-0.1276280613210114, 0.35710588544125776, 0.925303444577321, 4.1482206750932463e-17]}], "source": "action wait"}
{"timestamp": 1706067314.012774, "objects": [{"color": "cv_", "id_name": "hand", "shape": "CVCylinder", "id_string": "ob383", "world_size": [0.12, 0.005, 0.12], "id": 383, "camera_size": [49, 49], "camera_position": [246, 316], "world_position": [0.5517267120343226, 0.6774041518387517, -0.1741016018489015], "world_orientation": [-4.390650659420981e-06, 0.006972235445809523, 0.9999756936614063, -0.0007615740311103334, -0.9999754037038631, 0.006972230080221696, 0.9999997099928167, -0.0007615249074078255, 9.700416120359324e-06], "world_rotation": [0.0, 1.0, 0.0, 0.0]}, {"color": "CVGreen", "id_name": "object206827055875417", "shape": "CVBox", "id_string": "ob478", "world_size": [0.11, 0.11, 0.11], "id": 478, "camera_size": [45, 45], "camera_position": [256, 254], "world_position": [0.705, 0.6547388572526824, -0.15], "world_orientation": [1.0, -3.838362879530641e-17, 1.4813540171849057e-17, 3.838362879530641e-17, 1.0, 5.294293626938881e-18, -1.4813540171849057e-17, -5.294293626938881e-18, 1.0], "world_rotation": [-0.1276280613210114, 0.35710588544125776, 0.925303444577321, 4.1482206750932463e-17]}], "source": "action wait"}
{"timestamp": 1706067314.041598, "objects": [{"color": "cv_", "id_name": "hand", "shape": "CVCylinder", "id_string": "ob383", "world_size": [0.12, 0.005, 0.12], "id": 383, "camera_size": [49, 49], "camera_position": [246, 315], "world_position": [0.55360483607692, 0.6756625808010664, -0.1741023431574162], "world_orientation": [-4.855731259690595e-06, 0.004430300258312696, 0.9999901861598659, -0.0007618426256356534, -0.9999898959887565, 0.004430295273415972, 0.9999997097860758, -0.0007618136367110592, 8.230873778841044e-06], "world_rotation": [0.0, 1.0, 0.0, 0.0]}, {"color": "CVGreen", "id_name": "object206827055875417", "shape": "CVBox", "id_string": "ob478", "world_size": [0.11, 0.11, 0.11], "id": 478, "camera_size": [45, 45], "camera_position": [256, 254], "world_position": [0.705, 0.6547388572526824, -0.15], "world_orientation": [1.0, -3.838362879530641e-17, 1.4813540171849057e-17, 3.838362879530641e-17, 1.0, 5.294293626938881e-18, -1.4813540171849057e-17, -5.294293626938881e-18, 1.0], "world_rotation": [-0.1276280613210114, 0.35710588544125776, 0.925303444577321, 4.1482206750932463e-17]}], "source": "action wait"}
{"timestamp": 1706067314.068812, "objects": [{"color": "cv_", "id_name": "hand", "shape": "CVCylinder", "id_string": "ob383", "world_size": [0.12, 0.005, 0.12], "id": 383, "camera_size": [49, 49], "camera_position": [246, 315], "world_position": [0.5549253824342887, 0.6744340879852037, -0.17410294688284672], "world_orientation": [-5.02066285477147e-06, 0.0026379326057485992, 0.9999965206371273, -0.0007620969397837132, -0.9999962302649195, 0.0026379280135188864, 0.9999997095914815, -0.0007620810440251117, 7.031004294764895e-06], "world_rotation": [0.0, 1.0, 0.0, 0.0]}, {"color": "CVGreen", "id_name": "object206827055875417", "shape": "CVBox", "id_string": "ob478", "world_size": [0.11, 0.11, 0.11], "id": 478, "camera_size": [45, 45], "camera_position": [256, 254], "world_position": [0.705, 0.6547388572526824, -0.15], "world_orientation": [1.0, -3.838362879530641e-17, 1.4813540171849057e-17, 3.838362879530641e-17, 1.0, 5.294293626938881e-18, -1.4813540171849057e-17, -5.294293626938881e-18, 1.0], "world_rotation": [-0.1276280613210114, 0.35710588544125776, 0.925303444577321, 4.1482206750932463e-17]}], "source": "action wait"}
{"timestamp": 1706067314.105047, "objects": [{"color": "cv_", "id_name": "hand", "shape": "CVCylinder", "id_string": "ob383", "world_size": [0.12, 0.005, 0.12], "id": 383, "camera_size": [49, 48], "camera_position": [246, 314], "world_position": [0.5558547214941778, 0.6735683613912431, -0.17410342909670024], "world_orientation": [-5.0237688486947954e-06, 0.0013740816702953271, 0.999999055936717, -0.0007623193278607796, -0.9999987653894516, 0.0013740774413399572, 0.9999997094219598, -0.0007623117051360342, 6.071251661987188e-06], "world_rotation": [0.0, 1.0, 0.0, 0.0]}, {"color": "CVGreen", "id_name": "object206827055875417", "shape": "CVBox", "id_string": "ob478", "world_size": [0.11, 0.11, 0.11], "id": 478, "camera_size": [45, 45], "camera_position": [256, 254], "world_position": [0.705, 0.6547388572526824, -0.15], "world_orientation": [1.0, -3.838362879530641e-17, 1.4813540171849057e-17, 3.838362879530641e-17, 1.0, 5.294293626938881e-18, -1.4813540171849057e-17, -5.294293626938881e-18, 1.0], "world_rotation": [-0.1276280613210114, 0.35710588544125776, 0.925303444577321, 4.1482206750932463e-17]}], "source": "action wait"}
