{"timestamp": 1706067937.263286, "objects": [{"color": "cv_", "id_name": "hand", "shape": "CVCylinder", "id_string": "ob383", "world_size": [0.12, 0.005, 0.12], "id": 383, "camera_size": [48, 50], "camera_position": [246, 426], "world_position": [0.26764451554013885, 0.6334703013847377, -0.17389260400847503], "world_orientation": [-0.000641549058017607, 0.19791547486640962, 0.9802188802625715, -0.0007473671024863341, -0.9802189031249682, 0.19791499033397758, 0.9999995149284926, -0.0006056111687281919, 0.0007767740289394205], "world_rotation": [0.0, 1.0, 0.0, 0.0]}, {"color": "CVBlue", "id_name": "object248194241421794", "shape": "CVCylinder", "id_string": "ob653", "world_size": [0.11, 0.11, 0.11], "id": 653, "camera_size": [45, 45], "camera_position": [256, 254], "world_position": [0.705, 0.654738849708696, -0.15], "world_orientation": [1.0, -5.1619362862653347e-17, 1.4541359828532488e-17, 5.1619362862653347e-17, 1.0, 2.3824321321224633e-17, -1.4541359828532488e-17, -2.3824321321224633e-17, 1.0], "world_rotation": [-0.4059884517598224, 0.2477982093873522, 0.8796416454796148, 5.868226354211375e-17]}], "source": "manual check"}
{"timestamp": 1706067938.289935, "objects": [{"color": "cv_", "id_name": "hand", "shape": "CVCylinder", "id_string": "ob383", "world_size": [0.12, 0.005, 0.12], "id": 383, "camera_size": [48, 50], "camera_position": [246, 426], "world_position": [0.26764451554013885, 0.6334703013847377, -0.17389260400847503], "world_orientation": [-0.000641549058017607, 0.19791547486640962, 0.9802188802625715, -0.0007473671024863341, -0.9802189031249682, 0.19791499033397758, 0.9999995149284926, -0.0006056111687281919, 0.0007767740289394205], "world_rotation": [0.0, 1.0, 0.0, 0.0]}, {"color": "CVBlue", "id_name": "object248194241421794", "shape": "CVCylinder", "id_string": "ob653", "world_size": [0.11, 0.11, 0.11], "id": 653, "camera_size": [45, 45], "camera_position": [256, 254], "world_position": [0.705, 0.6547388572526824, -0.15], "world_orientation": [1.0, -3.838362879530641e-17, 1.4813540171849057e-17, 3.838362879530641e-17, 1.0, 5.294293626938881e-18, -1.4813540171849057e-17, -5.294293626938881e-18, 1.0], "world_rotation": [-0.1276280613210114, 0.35710588544125776, 0.925303444577321, 4.1482206750932463e-17]}], "source": "manual check"}
{"timestamp": 1706067939.302842, "objects": [{"color": "cv_", "id_name": "hand", "shape": "CVCylinder", "id_string": "ob383", "world_size": [0.12, 0.005, 0.12], "id": 383, "camera_size": [48, 50], "camera_position": [246, 426], "world_position": [0.26764451554013885, 0.6334703013847377, -0.17389260400847503], "world_orientation": [-0.000641549058017607, 0.19791547486640962, 0.9802188802625715, -0.0007473671024863341, -0.9802189031249682, 0.19791499033397758, 0.9999995149284926, -0.0006056111687281919, 0.0007767740289394205], "world_rotation": [0.0, 1.0, 0.0, 0.0]}, {"color": "CVBlue", "id_name": "object248194241421794", "shape": "CVCylinder", "id_string": "ob653", "world_size": [0.11, 0.11, 0.11], "id": 653, "camera_size": [45, 45], "camera_position": [256, 254], "world_position": [0.705, 0.6547388572526824, -0.15], "world_orientation": [1.0, -3.838362879530641e-17, 1.4813540171849057e-17, 3.838362879530641e-17, 1.0, 5.294293626938881e-18, -1.4813540171849057e-17, -5.294293626938881e-18, 1.0], "world_rotation": [-0.1276280613210114, 0.35710588544125776, 0.925303444577321, 4.1482206750932463e-17]}], "source": "action wait"}
{"timestamp": 1706067939.342888, "objects": [{"color": "cv_", "id_name": "hand", "shape": "CVCylinder", "id_string": "ob383", "world_size": [0.12, 0.005, 0.12], "id": 383, "camera_size": [48, 50], "camera_position": [246, 444], "world_position": [0.22514739674636136, 0.6428711345296582, -0.1739726996246542], "world_orientation": [-0.0005237070479774508, 0.08856503299285017, 0.996070258898389, -0.0007615761814193983, -0.9960701419579071, 0.08856462217880641, 0.9999995728662328, -0.0007122014673610927, 0.0005890979732576288], "world_rotation": [0.0, 1.0, 0.0, 0.0]}, {"color": "CVBlue", "id_name": "object248194241421794", "shape": "CVCylinder", "id_string": "ob653", "world_size": [0.11, 0.11, 0.11], "id": 653, "camera_size": [45, 45], "camera_position": [256, 254], "world_position": [0.705, 0.6547388572526824, -0.15], "world_orientation": [1.0, -3.838362879530641e-17, 1.4813540171849057e-17, 3.838362879530641e-17, 1.0, 5.294293626938881e-18, -1.4813540171849057e-17, -5.294293626938881e-18, 1.0], "world_rotation": [-0.1276280613210114, 0.35710588544125776, 0.925303444577321, 4.1482206750932463e-17]}], "source": "action wait"}
{"timestamp": 1706067939.373787, "objects": [{"color": "cv_", "id_name": "hand", "shape": "CVCylinder", "id_string": "ob383", "world_size": [0.12, 0.005, 0.12], "id": 383, "camera_size": [48, 50], "camera_position": [246, 471], "world_position": [0.16390172764845234, 0.6600242864361411, -0.17403874837261693], "world_orientation": [-0.00037819102106611364, 0.06187083488386044, 0.9980840930314067, -0.0007686819878954906, -0.9980838875249337, 0.061870530877930416, 0.9999996330497093, -0.0007438103854719724, 0.00042502536088435646], "world_rotation": [0.0, 1.0, 0.0, 0.0]}, {"color": "CVBlue", "id_name": "object248194241421794", "shape": "CVCylinder", "id_string": "ob653", "world_size": [0.11, 0.11, 0.11], "id": 653, "camera_size": [45, 45], "camera_position": [256, 254], "world_position": [0.705, 0.6547388572526824, -0.15], "world_orientation": [1.0, -3.838362879530641e-17, 1.4813540171849057e-17, 3.838362879530641e-17, 1.0, 5.294293626938881e-18, -1.4813540171849057e-17, -5.294293626938881e-18, 1.0], "world_rotation": [-0.1276280613210114, 0.35710588544125776, 0.925303444577321, 4.1482206750932463e-17]}], "source": "action wait"}
{"timestamp": 1706067939.396904, "objects": [{"color": "cv_", "id_name": "hand", "shape": "CVCylinder", "id_string": "ob383", "world_size": [0.12, 0.005, 0.12], "id": 383, "camera_size": [49, 46], "camera_position": [246, 488], "world_position": [0.11787038523676226, 0.6676875607373562, -0.17407780476621215], "world_orientation": [-0.00025737065438552714, 0.04331338059266762, 0.9990615020217629, -0.0007697871357138544, -0.9990612476836565, 0.04331317125934703, 0.9999996705940019, -0.0007579171528131202, 0.0002904711302724569], "world_rotation": [0.0, 1.0, 0.0, 0.0]}, {"color": "CVBlue", "id_name": "object248194241421794", "shape": "CVCylinder", "id_string": "ob653", "world_size": [0.11, 0.11, 0.11], "id": 653, "camera_size": [45, 45], "camera_position": [256, 254], "world_position": [0.705, 0.6547388572526824, -0.15], "world_orientation": [1.0, -3.838362879530641e-17, 1.4813540171849057e-17, 3.838362879530641e-17, 1.0, 5.294293626938881e-18, -1.4813540171849057e-17, -5.294293626938881e-18, 1.0], "world_rotation": [-0.1276280613210114, 0.35710588544125776, 0.925303444577321, 4.1482206750932463e-17]}], "source": "action wait"}
{"timestamp": 1706067939.430188, "objects": [{"color": "cv_", "id_name": "hand", "shape": "CVCylinder", "id_string": "ob383", "world_size": [0.12, 0.005, 0.12], "id": 383, "camera_size": [49, 34], "camera_position": [246, 494], "world_position": [0.08448312724042875, 0.6707868149632872, -0.17409653108067052], "world_orientation": [-0.00017494467496362775, 0.030180978810542814, 0.9995444351865496, -0.000768137741957085, -0.9995441596547141, 0.030180836048077586, 0.9999996896793371, -0.0007625078288777562, 0.0001980480770365464], "world_rotation": [0.0, 1.0, 0.0, 0.0]}, {"color": "CVBlue", "id_name": "object248194241421794", "shape": "CVCylinder", "id_string": "ob653", "world_size": [0.11, 0.11, 0.11], "id": 653, "camera_size": [45, 45], "camera_position": [256, 254], "world_position": [0.705, 0.6547388572526824, -0.15], "world_orientation": [1.0, -3.838362879530641e-17, 1.4813540171849057e-17, 3.838362879530641e-17, 1.0, 5.294293626938881e-18, -1.4813540171849057e-17, -5.294293626938881e-18, 1.0], "world_rotation": [-0.1276280613210114, 0.35710588544125776, 0.925303444577321, 4.1482206750932463e-17]}], "source": "action wait"}
{"timestamp": 1706067939.462281, "objects": [{"color": "cv_", "id_name": "hand", "shape": "CVCylinder", "id_string": "ob383", "world_size": [0.12, 0.005, 0.12], "id": 383, "camera_size": [49, 25], "camera_position": [246, 499], "world_position": [0.06057139438511899, 0.6718147232782418, -0.1741050842391763], "world_orientation": [-0.00011909994310019158, 0.020891811303159567, 0.9997817351980764, -0.0007661270140168644, -0.9997814507839197, 0.020891714094331985, 0.9999996994322559, -0.0007634715934963629, 0.00013507969491245684], "world_rotation": [0.0, 1.0, 0.0, 0.0]}, {"color": "CVBlue", "id_name": "object248194241421794", "shape": "CVCylinder", "id_string": "ob653", "world_size": [0.11, 0.11, 0.11], "id": 653, "camera_size": [45, 45], "camera_position": [256, 254], "world_position": [0.705, 0.6547388572526824, -0.15], "world_orientation": [1.0, -3.838362879530641e-17, 1.4813540171849057e-17, 3.838362879530641e-17, 1.0, 5.294293626938881e-18, -1.4813540171849057e-17, -5.294293626938881e-18, 1.0], "world_rotation": [-0.1276280613210114, 0.35710588544125776, 0.925303444577321, 4.1482206750932463e-17]}], "source": "action wait"}
{"timestamp": 1706067939.494504, "objects": [{"color": "cv_", "id_name": "hand", "shape": "CVCylinder", "id_string": "ob383", "world_size": [0.12, 0.005, 0.12], "id": 383, "camera_size": [49, 19], "camera_position": [246, 502], "world_position": [0.043564696808882857, 0.6719702584638715, -0.17410869589615516], "world_orientation": [-8.139269745269713e-05, 0.014322987978494649, 0.999897417433707, -0.0007645365885769529, -0.9998971294088767, 0.014322921618616284, 0.9999997044294731, -0.0007632923792260921, 9.233477290547354e-05], "world_rotation": [0.0, 1.0, 0.0, 0.0]}, {"color": "CVBlue", "id_name": "object248194241421794", "shape": "CVCylinder", "id_string": "ob653", "world_size": [0.11, 0.11, 0.11], "id": 653, "camera_size": [45, 45], "camera_position": [256, 254], "world_position": [0.705, 0.6547388572526824, -0.15], "world_orientation": [1.0, -3.838362879530641e-17, 1.4813540171849057e-17, 3.838362879530641e-17, 1.0, 5.294293626938881e-18, -1.4813540171849057e-17, -5.294293626938881e-18, 1.0], "world_rotation": [-0.1276280613210114, 0.35710588544125776, 0.925303444577321, 4.1482206750932463e-17]}], "source": "action wait"}
{"timestamp": 1706067939.530328, "objects": [{"color": "cv_", "id_name": "hand", "shape": "CVCylinder", "id_string": "ob383", "world_size": [0.12, 0.005, 0.12], "id": 383, "camera_size": [49, 15], "camera_position": [246, 504], "world_position": [0.031516566743924196, 0.6718051363153228, -0.17410998506367775], "world_orientation": [-5.599144654792739e-05, 0.009678710409197553, 0.9999531586178289, -0.0007634923504856053, -0.9999528691523561, 0.009678664856370206, 0.9999997069721516, -0.000762914665003048, 6.337842898394627e-05], "world_rotation": [0.0, 1.0, 0.0, 0.0]}, {"color": "CVBlue", "id_name": "object248194241421794", "shape": "CVCylinder", "id_string": "ob653", "world_size": [0.11, 0.11, 0.11], "id": 653, "camera_size": [45, 45], "camera_position": [256, 254], "world_position": [0.705, 0.6547388572526824, -0.15], "world_orientation": [1.0, -3.838362879530641e-17, 1.4813540171849057e-17, 3.838362879530641e-17, 1.0, 5.294293626938881e-18, -1.4813540171849057e-17, -5.294293626938881e-18, 1.0], "world_rotation": [-0.1276280613210114, 0.35710588544125776, 0.925303444577321, 4.1482206750932463e-17]}], "source": "action wait"}
{"timestamp": 1706067939.565251, "objects": [{"color": "cv_", "id_name": "hand", "shape": "CVCylinder", "id_string": "ob383", "world_size": [0.12, 0.005, 0.12], "id": 383, "camera_size": [49, 12], "camera_position": [246, 505], "world_position": [0.023000632628424687, 0.671558691575014, -0.1741102365591526], "world_orientation": [-3.8914101101123154e-05, 0.006395557971976318, 0.9999795474528065, -0.0007628979071633286, -0.9999792573991133, 0.006395526428790383, 0.9999997082361954, -0.000762633427796199, 4.379245171378421e-05], "world_rotation": [0.0, 1.0, 0.0, 0.0]}, {"color": "CVBlue", "id_name": "object248194241421794", "shape": "CVCylinder", "id_string": "ob653", "world_size": [0.11, 0.11, 0.11], "id": 653, "camera_size": [45, 45], "camera_position": [256, 254], "world_position": [0.705, 0.6547388572526824, -0.15], "world_orientation": [1.0, -3.838362879530641e-17, 1.4813540171849057e-17, 3.838362879530641e-17, 1.0, 5.294293626938881e-18, -1.4813540171849057e-17, -5.294293626938881e-18, 1.0], "world_rotation": [-0.1276280613210114, 0.35710588544125776, 0.925303444577321, 4.1482206750932463e-17]}], "source": "action wait"}
{"timestamp": 1706067939.599004, "objects": [{"color": "cv_", "id_name": "hand", "shape": "CVCylinder", "id_string": "ob383", "world_size": [0.12, 0.005, 0.12], "id": 383, "camera_size": [49, 10], "camera_position": [246, 506], "world_position": [0.0169893445413821, 0.6713249293192787, -0.17411006643671656], "world_orientation": [-2.742659052204472e-05, 0.004074857892929839, 0.9999916973560004, -0.0007626140514456246, -0.9999914070296115, 0.004074835793804599, 0.9999997088337529, -0.0007624959608802517, 3.0533898733322606e-05], "world_rotation": [0.0, 1.0, 0.0, 0.0]}, {"color": "CVBlue", "id_name": "object248194241421794", "shape": "CVCylinder", "id_string": "ob653", "world_size": [0.11, 0.11, 0.11], "id": 653, "camera_size": [45, 45], "camera_position": [256, 254], "world_position": [0.705, 0.6547388572526824, -0.15], "world_orientation": [1.0, -3.838362879530641e-17, 1.4813540171849057e-17, 3.838362879530641e-17, 1.0, 5.294293626938881e-18, -1.4813540171849057e-17, -5.294293626938881e-18, 1.0], "world_rotation": [-0.1276280613210114, 0.35710588544125776, 0.925303444577321, 4.1482206750932463e-17]}], "source": "action wait"}
{"timestamp": 1706067939.630552, "objects": [{"color": "cv_", "id_name": "hand", "shape": "CVCylinder", "id_string": "ob383", "world_size": [0.12, 0.005, 0.12], "id": 383, "camera_size": [49, 9], "camera_position": [246, 507], "world_position": [0.012749359825035406, 0.6711333816625554, -0.17410976034128248], "world_orientation": [-1.9717680649007308e-05, 0.0024346083719404637, 0.9999970361422521, -0.0007625218204501908, -0.9999967456543056, 0.002434592629508227, 0.9999997090858009, -0.0007624715559243691, 2.1574058489078663e-05], "world_rotation": [0.0, 1.0, 0.0, 0.0]}, {"color": "CVBlue", "id_name": "object248194241421794", "shape": "CVCylinder", "id_string": "ob653", "world_size": [0.11, 0.11, 0.11], "id": 653, "camera_size": [45, 45], "camera_position": [256, 254], "world_position": [0.705, 0.6547388572526824, -0.15], "world_orientation": [1.0, -3.838362879530641e-17, 1.4813540171849057e-17, 3.838362879530641e-17, 1.0, 5.294293626938881e-18, -1.4813540171849057e-17, -5.294293626938881e-18, 1.0], "world_rotation": [-0.1276280613210114, 0.35710588544125776, 0.925303444577321, 4.1482206750932463e-17]}], "source": "action wait"}
{"timestamp": 1706067939.660182, "objects": [{"color": "cv_", "id_name": "hand", "shape": "CVCylinder", "id_string": "ob383", "world_size": [0.12, 0.005, 0.12], "id": 383, "camera_size": [49, 8], "camera_position": [246, 507], "world_position": [0.00976008773458765, 0.6709870622832376, -0.17410944320018168], "world_orientation": [-1.4535839763649536e-05, 0.0012753799644310544, 0.999999186596997, -0.0007625357743840619, -0.9999988959865692, 0.0012753685096854664, 0.9999997091639088, -0.0007625166155832538, 1.5508346565063148e-05], "world_rotation": [0.0, 1.0, 0.0, 0.0]}, {"color": "CVBlue", "id_name": "object248194241421794", "shape": "CVCylinder", "id_string": "ob653", "world_size": [0.11, 0.11, 0.11], "id": 653, "camera_size": [45, 45], "camera_position": [256, 254], "world_position": [0.705, 0.6547388572526824, -0.15], "world_orientation": [1.0, -3.838362879530641e-17, 1.4813540171849057e-17, 3.838362879530641e-17, 1.0, 5.294293626938881e-18, -1.4813540171849057e-17, -5.294293626938881e-18, 1.0], "world_rotation": [-0.1276280613210114, 0.35710588544125776, 0.925303444577321, 4.1482206750932463e-17]}], "source": "action wait"}
{"timestamp": 1706067939.692013, "objects": [{"color": "cv_", "id_name": "hand", "shape": "CVCylinder", "id_string": "ob383", "world_size": [0.12, 0.005, 0.12], "id": 383, "camera_size": [49, 7], "camera_position": [246, 508], "world_position": [0.007653117894776955, 0.6708796010670757, -0.17410916349559002], "world_orientation": [-1.1063372871295425e-05, 0.0004561606831398351, 0.999999895897511, -0.0007626007717444495, -0.9999996051825782, 0.0004561521135897427, 0.9999997091587902, -0.0007625956457752429, 1.1411236992649617e-05], "world_rotation": [0.0, 1.0, 0.0, 0.0]}, {"color": "CVBlue", "id_name": "object248194241421794", "shape": "CVCylinder", "id_string": "ob653", "world_size": [0.11, 0.11, 0.11], "id": 653, "camera_size": [45, 45], "camera_position": [256, 254], "world_position": [0.705, 0.6547388572526824, -0.15], "world_orientation": [1.0, -3.838362879530641e-17, 1.4813540171849057e-17, 3.838362879530641e-17, 1.0, 5.294293626938881e-18, -1.4813540171849057e-17, -5.294293626938881e-18, 1.0], "world_rotation": [-0.1276280613210114, 0.35710588544125776, 0.925303444577321, 4.1482206750932463e-17]}], "source": "action wait"}
{"timestamp": 1706067939.72385, "objects": [{"color": "cv_", "id_name": "hand", "shape": "CVCylinder", "id_string": "ob383", "world_size": [0.12, 0.005, 0.12], "id": 383, "camera_size": [49, 7], "camera_position": [246, 508], "world_position": [0.0061682184091226624, 0.6708025333886836, -0.17410893467931024], "world_orientation": [-8.734558110029705e-06, -0.00012274315357759254, 0.9999999924289129, -0.0007626839554317268, -0.9999997016227935, -0.00012274977959011315, 0.9999997091184036, -0.0007626850218228621, 8.640941270327696e-06], "world_rotation": [0.0, 1.0, 0.0, 0.0]}, {"color": "CVBlue", "id_name": "object248194241421794", "shape": "CVCylinder", "id_string": "ob653", "world_size": [0.11, 0.11, 0.11], "id": 653, "camera_size": [45, 45], "camera_position": [256, 254], "world_position": [0.705, 0.6547388572526824, -0.15], "world_orientation": [1.0, -3.838362879530641e-17, 1.4813540171849057e-17, 3.838362879530641e-17, 1.0, 5.294293626938881e-18, -1.4813540171849057e-17, -5.294293626938881e-18, 1.0], "world_rotation": [-0.1276280613210114, 0.35710588544125776, 0.925303444577321, 4.1482206750932463e-17]}], "source": "action wait"}
{"timestamp": 1706067939.758878, "objects": [{"color": "CVBlue", "id_name": "object248194241421794", "shape": "CVCylinder", "id_string": "ob653", "world_size": [0.11, 0.11, 0.11], "id": 653, "camera_size": [45, 45], "camera_position": [256, 254], "world_position": [0.705, 0.6547388572526824, -0.15], "world_orientation": [1.0, -3.838362879530641e-17, 1.4813540171849057e-17, 3.838362879530641e-17, 1.0, 5.294293626938881e-18, -1.4813540171849057e-17, -5.294293626938881e-18, 1.0], "world_rotation": [-0.1276280613210114, 0.35710588544125776, 0.925303444577321, 4.1482206750932463e-17]}], "source": "action wait"}
{"timestamp": 1706067941.498062, "objects": [{"color": "CVBlue", "id_name": "object248194241421794", "shape": "CVCylinder", "id_string": "ob653", "world_size": [0.11, 0.11, 0.11], "id": 653, "camera_size": [45, 45], "camera_position": [256, 254], "world_position": [0.705, 0.6547388572526824, -0.15], "world_orientation": [1.0, -3.838362879530641e-17, 1.4813540171849057e-17, 3.838362879530641e-17, 1.0, 5.294293626938881e-18, -1.4813540171849057e-17, -5.294293626938881e-18, 1.0], "world_rotation": [-0.1276280613210114, 0.35710588544125776, 0.925303444577321, 4.1482206750932463e-17]}], "source": "action wait"}
{"timestamp": 1706067941.528046, "objects": [{"color": "cv_", "id_name": "hand", "shape": "CVCylinder", "id_string": "ob383", "world_size": [0.12, 0.005, 0.12], "id": 383, "camera_size": [51, 10], "camera_position": [246, 506], "world_position": [0.03547608774942479, 0.726538837116336, -0.17412293827212572], "world_orientation": [0.00015798900668960304, 0.193177527779988, 0.9811638078324566, -0.0007082936903614164, -0.981163552345422, 0.1931775915290404, 0.9999997366797264, -0.0007254720700993634, -1.8186630988484178e-05], "world_rotation": [0.0, 1.0, 0.0, 0.0]}, {"color": "CVBlue", "id_name": "object248194241421794", "shape": "CVCylinder", "id_string": "ob653", "world_size": [0.11, 0.11, 0.11], "id": 653, "camera_size": [45, 45], "camera_position": [256, 254], "world_position": [0.705, 0.6547388572526824, -0.15], "world_orientation": [1.0, -3.838362879530641e-17, 1.4813540171849057e-17, 3.838362879530641e-17, 1.0, 5.294293626938881e-18, -1.4813540171849057e-17, -5.294293626938881e-18, 1.0], "world_rotation": [-0.1276280613210114, 0.35710588544125776, 0.925303444577321, 4.1482206750932463e-17]}], "source": "action wait"}
{"timestamp": 1706067941.560328, "objects": [{"color": "cv_", "id_name": "hand", "shape": "CVCylinder", "id_string": "ob383", "world_size": [0.12, 0.005, 0.12], "id": 383, "camera_size": [53, 20], "camera_position": [245, 501], "world_position": [0.08390292289419275, 0.7795336151844674, -0.17412487290812775], "world_orientation": [0.00025697462121187565, 0.296660684428013, 0.9549829172706426, -0.0007069643585724348, -0.9549826562577179, 0.296660793581406, 0.9999997170826799, -0.0007513731806151084, -3.56777758749723e-05], "world_rotation": [0.0, 1.0, 0.0, 0.0]}, {"color": "CVBlue", "id_name": "object248194241421794", "shape": "CVCylinder", "id_string": "ob653", "world_size": [0.11, 0.11, 0.11], "id": 653, "camera_size": [45, 45], "camera_position": [256, 254], "world_position": [0.705, 0.6547388572526824, -0.15], "world_orientation": [1.0, -3.838362879530641e-17, 1.4813540171849057e-17, 3.838362879530641e-17, 1.0, 5.294293626938881e-18, -1.4813540171849057e-17, -5.294293626938881e-18, 1.0], "world_rotation": [-0.1276280613210114, 0.35710588544125776, 0.925303444577321, 4.1482206750932463e-17]}], "source": "action wait"}
{"timestamp": 1706067941.59418, "objects": [{"color": "cv_", "id_name": "hand", "shape": "CVCylinder", "id_string": "ob383", "world_size": [0.12, 0.005, 0.12], "id": 383, "camera_size": [55, 37], "camera_position": [245, 493], "world_position": [0.14077438175248777, 0.8114678661495057, -0.17412065738866547], "world_orientation": [0.0002882607756043526, 0.33663241806425476, 0.9416360931983959, -0.0007128709823603673, -0.9416358238824113, 0.33663254001396786, 0.9999997043603003, -0.0007683030038626262, -3.1461190368910254e-05], "world_rotation": [0.0, 1.0, 0.0, 0.0]}, {"color": "CVBlue", "id_name": "object248194241421794", "shape": "CVCylinder", "id_string": "ob653", "world_size": [0.11, 0.11, 0.11], "id": 653, "camera_size": [45, 45], "camera_position": [256, 254], "world_position": [0.705, 0.6547388572526824, -0.15], "world_orientation": [1.0, -3.838362879530641e-17, 1.4813540171849057e-17, 3.838362879530641e-17, 1.0, 5.294293626938881e-18, -1.4813540171849057e-17, -5.294293626938881e-18, 1.0], "world_rotation": [-0.1276280613210114, 0.35710588544125776, 0.925303444577321, 4.1482206750932463e-17]}], "source": "action wait"}
{"timestamp": 1706067941.629841, "objects": [{"color": "cv_", "id_name": "hand", "shape": "CVCylinder", "id_string": "ob383", "world_size": [0.12, 0.005, 0.12], "id": 383, "camera_size": [55, 59], "camera_position": [245, 480], "world_position": [0.20220618509211097, 0.8255722224568433, -0.17411729139009527], "world_orientation": [0.0002861561179302392, 0.3367831036238613, 0.9415822105520872, -0.0007225414924961662, -0.9415819336856138, 0.33678322418233986, 0.9999996980241883, -0.0007767047957364138, -2.6099664516381854e-05], "world_rotation": [0.0, 1.0, 0.0, 0.0]}, {"color": "CVBlue", "id_name": "object248194241421794", "shape": "CVCylinder", "id_string": "ob653", "world_size": [0.11, 0.11, 0.11], "id": 653, "camera_size": [45, 45], "camera_position": [256, 254], "world_position": [0.705, 0.6547388572526824, -0.15], "world_orientation": [1.0, -3.838362879530641e-17, 1.4813540171849057e-17, 3.838362879530641e-17, 1.0, 5.294293626938881e-18, -1.4813540171849057e-17, -5.294293626938881e-18, 1.0], "world_rotation": [-0.1276280613210114, 0.35710588544125776, 0.925303444577321, 4.1482206750932463e-17]}], "source": "action wait"}
{"timestamp": 1706067941.664744, "objects": [{"color": "cv_", "id_name": "hand", "shape": "CVCylinder", "id_string": "ob383", "world_size": [0.12, 0.005, 0.12], "id": 383, "camera_size": [55, 58], "camera_position": [245, 451], "world_position": [0.26626289035133727, 0.8245892816249328, -0.17411455488132152], "world_orientation": [0.00026072881394037615, 0.30889690596698155, 0.9510954912649471, -0.0007356677532665434, -0.9510952069731516, 0.3088970153071328, 0.9999996954066749, -0.0007802286356318181, -2.0732432454310986e-05], "world_rotation": [0.0, 1.0, 0.0, 0.0]}, {"color": "CVBlue", "id_name": "object248194241421794", "shape": "CVCylinder", "id_string": "ob653", "world_size": [0.11, 0.11, 0.11], "id": 653, "camera_size": [45, 45], "camera_position": [256, 254], "world_position": [0.705, 0.6547388572526824, -0.15], "world_orientation": [1.0, -3.838362879530641e-17, 1.4813540171849057e-17, 3.838362879530641e-17, 1.0, 5.294293626938881e-18, -1.4813540171849057e-17, -5.294293626938881e-18, 1.0], "world_rotation": [-0.1276280613210114, 0.35710588544125776, 0.925303444577321, 4.1482206750932463e-17]}], "source": "action wait"}
{"timestamp": 1706067941.699163, "objects": [{"color": "cv_", "id_name": "hand", "shape": "CVCylinder", "id_string": "ob383", "world_size": [0.12, 0.005, 0.12], "id": 383, "camera_size": [54, 56], "camera_position": [245, 420], "world_position": [0.3309254992015464, 0.8106968412043656, -0.17411214360275548], "world_orientation": [0.0002186273684594385, 0.26062062599142205, 0.9654412677682226, -0.0007500927069494721, -0.9654409765043375, 0.2606207172257849, 0.9999996947814559, -0.0007811492755143578, -1.558218925883626e-05], "world_rotation": [0.0, 1.0, 0.0, 0.0]}, {"color": "CVBlue", "id_name": "object248194241421794", "shape": "CVCylinder", "id_string": "ob653", "world_size": [0.11, 0.11, 0.11], "id": 653, "camera_size": [45, 45], "camera_position": [256, 254], "world_position": [0.705, 0.6547388572526824, -0.15], "world_orientation": [1.0, -3.838362879530641e-17, 1.4813540171849057e-17, 3.838362879530641e-17, 1.0, 5.294293626938881e-18, -1.4813540171849057e-17, -5.294293626938881e-18, 1.0], "world_rotation": [-0.1276280613210114, 0.35710588544125776, 0.925303444577321, 4.1482206750932463e-17]}], "source": "action wait"}
{"timestamp": 1706067941.729082, "objects": [{"color": "cv_", "id_name": "hand", "shape": "CVCylinder", "id_string": "ob383", "world_size": [0.12, 0.005, 0.12], "id": 383, "camera_size": [53, 55], "camera_position": [245, 390], "world_position": [0.3944043486849825, 0.7856639317003973, -0.17410986061722258], "world_orientation": [0.0001644568380334669, 0.19724668150929775, 0.9803538746735886, -0.0007633779317418681, -0.9803535775194163, 0.1972467497806114, 0.9999996951039944, -0.0007808190900050276, -1.0652085739696764e-05], "world_rotation": [0.0, 1.0, 0.0, 0.0]}, {"color": "CVBlue", "id_name": "object248194241421794", "shape": "CVCylinder", "id_string": "ob653", "world_size": [0.11, 0.11, 0.11], "id": 653, "camera_size": [45, 45], "camera_position": [256, 254], "world_position": [0.705, 0.6547388572526824, -0.15], "world_orientation": [1.0, -3.838362879530641e-17, 1.4813540171849057e-17, 3.838362879530641e-17, 1.0, 5.294293626938881e-18, -1.4813540171849057e-17, -5.294293626938881e-18, 1.0], "world_rotation": [-0.1276280613210114, 0.35710588544125776, 0.925303444577321, 4.1482206750932463e-17]}], "source": "action wait"}
{"timestamp": 1706067941.75879, "objects": [{"color": "cv_", "id_name": "hand", "shape": "CVCylinder", "id_string": "ob383", "world_size": [0.12, 0.005, 0.12], "id": 383, "camera_size": [52, 53], "camera_position": [245, 365], "world_position": [0.44575270167822056, 0.7579137354938257, -0.1741028841448353], "world_orientation": [0.00010280344242827713, 0.13908286813812681, 0.9902807406094115, -0.0007679265952336264, -0.9902804428724629, 0.13908290604191256, 0.9999996998600534, -0.0007747611189859553, 5.001194888362716e-06], "world_rotation": [0.0, 1.0, 0.0, 0.0]}, {"color": "CVBlue", "id_name": "object248194241421794", "shape": "CVCylinder", "id_string": "ob653", "world_size": [0.11, 0.11, 0.11], "id": 653, "camera_size": [45, 45], "camera_position": [256, 254], "world_position": [0.705, 0.6547388572526824, -0.15], "world_orientation": [1.0, -3.838362879530641e-17, 1.4813540171849057e-17, 3.838362879530641e-17, 1.0, 5.294293626938881e-18, -1.4813540171849057e-17, -5.294293626938881e-18, 1.0], "world_rotation": [-0.1276280613210114, 0.35710588544125776, 0.925303444577321, 4.1482206750932463e-17]}], "source": "action wait"}
{"timestamp": 1706067941.790041, "objects": [{"color": "cv_", "id_name": "hand", "shape": "CVCylinder", "id_string": "ob383", "world_size": [0.12, 0.005, 0.12], "id": 383, "camera_size": [51, 52], "camera_position": [246, 348], "world_position": [0.4806335980011555, 0.7351889462024075, -0.17409836611280957], "world_orientation": [6.0185677003506594e-05, 0.09773594987622322, 0.99521237958512, -0.0007666243557336403, -0.9952120844284661, 0.09773596725180118, 0.9999997043323472, -0.0007688363546745465, 1.5029246542874882e-05], "world_rotation": [0.0, 1.0, 0.0, 0.0]}, {"color": "CVBlue", "id_name": "object248194241421794", "shape": "CVCylinder", "id_string": "ob653", "world_size": [0.11, 0.11, 0.11], "id": 653, "camera_size": [45, 45], "camera_position": [256, 254], "world_position": [0.705, 0.6547388572526824, -0.15], "world_orientation": [1.0, -3.838362879530641e-17, 1.4813540171849057e-17, 3.838362879530641e-17, 1.0, 5.294293626938881e-18, -1.4813540171849057e-17, -5.294293626938881e-18, 1.0], "world_rotation": [-0.1276280613210114, 0.35710588544125776, 0.925303444577321, 4.1482206750932463e-17]}], "source": "action wait"}
{"timestamp": 1706067941.823395, "objects": [{"color": "cv_", "id_name": "hand", "shape": "CVCylinder", "id_string": "ob383", "world_size": [0.12, 0.005, 0.12], "id": 383, "camera_size": [51, 51], "camera_position": [246, 338], "world_position": [0.5044095773273951, 0.717678695129912, -0.17409678623136043], "world_orientation": [3.3767771143715585e-05, 0.06847881097396886, 0.9976525704408972, -0.0007644140620316116, -0.9976522777634399, 0.06847881675790135, 0.999999707265397, -0.0007649320308798165, 1.8657672263572356e-05], "world_rotation": [0.0, 1.0, 0.0, 0.0]}, {"color": "CVBlue", "id_name": "object248194241421794", "shape": "CVCylinder", "id_string": "ob653", "world_size": [0.11, 0.11, 0.11], "id": 653, "camera_size": [45, 45], "camera_position": [256, 254], "world_position": [0.705, 0.6547388572526824, -0.15], "world_orientation": [1.0, -3.838362879530641e-17, 1.4813540171849057e-17, 3.838362879530641e-17, 1.0, 5.294293626938881e-18, -1.4813540171849057e-17, -5.294293626938881e-18, 1.0], "world_rotation": [-0.1276280613210114, 0.35710588544125776, 0.925303444577321, 4.1482206750932463e-17]}], "source": "action wait"}
{"timestamp": 1706067941.85795, "objects": [{"color": "cv_", "id_name": "hand", "shape": "CVCylinder", "id_string": "ob383", "world_size": [0.12, 0.005, 0.12], "id": 383, "camera_size": [49, 50], "camera_position": [246, 330], "world_position": [0.5207278642630141, 0.7046365054145747, -0.1740967790677186], "world_orientation": [1.755611811550131e-05, 0.04781485070077216, 0.9988562157509187, -0.0007626876530783564, -0.998855924751013, 0.047814850175889594, 0.999999708999621, -0.0007626547461114979, 1.893176366834829e-05], "world_rotation": [0.0, 1.0, 0.0, 0.0]}, {"color": "CVBlue", "id_name": "object248194241421794", "shape": "CVCylinder", "id_string": "ob653", "world_size": [0.11, 0.11, 0.11], "id": 653, "camera_size": [45, 45], "camera_position": [256, 254], "world_position": [0.705, 0.6547388572526824, -0.15], "world_orientation": [1.0, -3.838362879530641e-17, 1.4813540171849057e-17, 3.838362879530641e-17, 1.0, 5.294293626938881e-18, -1.4813540171849057e-17, -5.294293626938881e-18, 1.0], "world_rotation": [-0.1276280613210114, 0.35710588544125776, 0.925303444577321, 4.1482206750932463e-17]}], "source": "action wait"}
{"timestamp": 1706067941.893315, "objects": [{"color": "cv_", "id_name": "hand", "shape": "CVCylinder", "id_string": "ob383", "world_size": [0.12, 0.005, 0.12], "id": 383, "camera_size": [49, 49], "camera_position": [246, 325], "world_position": [0.5319986971783478, 0.6951184497911286, -0.1740975325122801], "world_orientation": [7.731739635591076e-06, 0.033233360996387726, 0.9994476192663145, -0.0007616742401919905, -0.9994473291868395, 0.03323335724306596, 0.999999709896244, -0.0007615104576821477, 1.7585528457566225e-05], "world_rotation": [0.0, 1.0, 0.0, 0.0]}, {"color": "CVBlue", "id_name": "object248194241421794", "shape": "CVCylinder", "id_string": "ob653", "world_size": [0.11, 0.11, 0.11], "id": 653, "camera_size": [45, 45], "camera_position": [256, 254], "world_position": [0.705, 0.6547388572526824, -0.15], "world_orientation": [1.0, -3.838362879530641e-17, 1.4813540171849057e-17, 3.838362879530641e-17, 1.0, 5.294293626938881e-18, -1.4813540171849057e-17, -5.294293626938881e-18, 1.0], "world_rotation": [-0.1276280613210114, 0.35710588544125776, 0.925303444577321, 4.1482206750932463e-17]}], "source": "action wait"}
{"timestamp": 1706067941.929533, "objects": [{"color": "cv_", "id_name": "hand", "shape": "CVCylinder", "id_string": "ob383", "world_size": [0.12, 0.005, 0.12], "id": 383, "camera_size": [49, 50], "camera_position": [246, 321], "world_position": [0.539824346722094, 0.6882607812465179, -0.174098583106443], "world_orientation": [1.8716492858384129e-06, 0.022948432390296668, 0.9997366500470637, -0.0007612380854690161, -0.9997363603506686, 0.022948427165613582, 0.9999997102564951, -0.0007610805648627074, 1.5598064892800188e-05], "world_rotation": [0.0, 1.0, 0.0, 0.0]}, {"color": "CVBlue", "id_name": "object248194241421794", "shape": "CVCylinder", "id_string": "ob653", "world_size": [0.11, 0.11, 0.11], "id": 653, "camera_size": [45, 45], "camera_position": [256, 254], "world_position": [0.705, 0.6547388572526824, -0.15], "world_orientation": [1.0, -3.838362879530641e-17, 1.4813540171849057e-17, 3.838362879530641e-17, 1.0, 5.294293626938881e-18, -1.4813540171849057e-17, -5.294293626938881e-18, 1.0], "world_rotation": [-0.1276280613210114, 0.35710588544125776, 0.925303444577321, 4.1482206750932463e-17]}], "source": "action wait"}
{"timestamp": 1706067941.962756, "objects": [{"color": "cv_", "id_name": "hand", "shape": "CVCylinder", "id_string": "ob383", "world_size": [0.12, 0.005, 0.12], "id": 383, "camera_size": [49, 49], "camera_position": [246, 319], "world_position": [0.5452804282307157, 0.6833606435513297, -0.1740996797487792], "world_orientation": [-1.5213481230192017e-06, 0.015695511932011005, 0.9998768178645197, -0.0007611784617214032, -0.9998765282231706, 0.015695506227221948, 0.9999997103024756, -0.0007610608198044401, 1.3468245908170983e-05], "world_rotation": [0.0, 1.0, 0.0, 0.0]}, {"color": "CVBlue", "id_name": "object248194241421794", "shape": "CVCylinder", "id_string": "ob653", "world_size": [0.11, 0.11, 0.11], "id": 653, "camera_size": [45, 45], "camera_position": [256, 254], "world_position": [0.705, 0.6547388572526824, -0.15], "world_orientation": [1.0, -3.838362879530641e-17, 1.4813540171849057e-17, 3.838362879530641e-17, 1.0, 5.294293626938881e-18, -1.4813540171849057e-17, -5.294293626938881e-18, 1.0], "world_rotation": [-0.1276280613210114, 0.35710588544125776, 0.925303444577321, 4.1482206750932463e-17]}], "source": "action wait"}
{"timestamp": 1706067941.99575, "objects": [{"color": "cv_", "id_name": "hand", "shape": "CVCylinder", "id_string": "ob383", "world_size": [0.12, 0.005, 0.12], "id": 383, "camera_size": [49, 49], "camera_position": [246, 317], "world_position": [0.5490964166057544, 0.6798782130803663, -0.1741006974395875], "world_orientation": [-3.4223287263354044e-06, 0.010581205655895293, 0.9999440174705558, -0.0007613287254230805, -0.9999437277094495, 0.010581199984039103, 0.9999997101833878, -0.0007612498919709896, 1.1477911959869687e-05], "world_rotation": [0.0, 1.0, 0.0, 0.0]}, {"color": "CVBlue", "id_name": "object248194241421794", "shape": "CVCylinder", "id_string": "ob653", "world_size": [0.11, 0.11, 0.11], "id": 653, "camera_size": [45, 45], "camera_position": [256, 254], "world_position": [0.705, 0.6547388572526824, -0.15], "world_orientation": [1.0, -3.838362879530641e-17, 1.4813540171849057e-17, 3.838362879530641e-17, 1.0, 5.294293626938881e-18, -1.4813540171849057e-17, -5.294293626938881e-18, 1.0], "world_rotation": [-0.1276280613210114, 0.35710588544125776, 0.925303444577321, 4.1482206750932463e-17]}], "source": "action wait"}
{"timestamp": 1706067942.023994, "objects": [{"color": "cv_", "id_name": "hand", "shape": "CVCylinder", "id_string": "ob383", "world_size": [0.12, 0.005, 0.12], "id": 383, "camera_size": [49, 49], "camera_position": [246, 316], "world_position": [0.5517715736585019, 0.6774121620593089, -0.1741015835177945], "world_orientation": [-4.414849851104158e-06, 0.006975027539129667, 0.9999756741897962, -0.0007615733721324649, -0.999975384233005, 0.006975022154310316, 0.999999709993212, -0.0007615240525680066, 9.726736420247362e-06], "world_rotation": [0.0, 1.0, 0.0, 0.0]}, {"color": "CVBlue", "id_name": "object248194241421794", "shape": "CVCylinder", "id_string": "ob653", "world_size": [0.11, 0.11, 0.11], "id": 653, "camera_size": [45, 45], "camera_position": [256, 254], "world_position": [0.705, 0.6547388572526824, -0.15], "world_orientation": [1.0, -3.838362879530641e-17, 1.4813540171849057e-17, 3.838362879530641e-17, 1.0, 5.294293626938881e-18, -1.4813540171849057e-17, -5.294293626938881e-18, 1.0], "world_rotation": [-0.1276280613210114, 0.35710588544125776, 0.925303444577321, 4.1482206750932463e-17]}], "source": "action wait"}
{"timestamp": 1706067942.055123, "objects": [{"color": "cv_", "id_name": "hand", "shape": "CVCylinder", "id_string": "ob383", "world_size": [0.12, 0.005, 0.12], "id": 383, "camera_size": [49, 49], "camera_position": [246, 315], "world_position": [0.5536501840265421, 0.675669957884003, -0.17410232492143057], "world_orientation": [-4.881140769386395e-06, 0.004432263933642765, 0.9999901774580574, -0.0007618420869778472, -0.9999898872875778, 0.004432258928823366, 0.9999997097863624, -0.00076181296927263, 8.25777661342182e-06], "world_rotation": [0.0, 1.0, 0.0, 0.0]}, {"color": "CVBlue", "id_name": "object248194241421794", "shape": "CVCylinder", "id_string": "ob653", "world_size": [0.11, 0.11, 0.11], "id": 653, "camera_size": [45, 45], "camera_position": [256, 254], "world_position": [0.705, 0.6547388572526824, -0.15], "world_orientation": [1.0, -3.838362879530641e-17, 1.4813540171849057e-17, 3.838362879530641e-17, 1.0, 5.294293626938881e-18, -1.4813540171849057e-17, -5.294293626938881e-18, 1.0], "world_rotation": [-0.1276280613210114, 0.35710588544125776, 0.925303444577321, 4.1482206750932463e-17]}], "source": "action wait"}
