{"timestamp": 1706067343.351656, "objects": [{"color": "cv_", "id_name": "hand", "shape": "CVCylinder", "id_string": "ob383", "world_size": [0.12, 0.005, 0.12], "id": 383, "camera_size": [48, 50], "camera_position": [246, 426], "world_position": [0.26764451554013813, 0.6334703013847383, -0.17389260400847859], "world_orientation": [-0.0006415511571076681, 0.19791547486641112, 0.9802188802611975, -0.0007473675263113051, -0.980218903124968, 0.19791499033237842, 0.9999995149268291, -0.0006056111687280472, 0.0007767761703886988], "world_rotation": [0.0, 1.0, 0.0, 0.0]}, {"color": "CVYellow", "id_name": "object33153111565835", "shape": "CVCone", "id_string": "ob499", "world_size": [0.11, 0.11, 0.11], "id": 499, "camera_size": [45, 45], "camera_position": [256, 254], "world_position": [0.705, 0.654738849708696, -0.15], "world_orientation": [1.0, -5.1619362862653347e-17, 1.4541359828532488e-17, 5.1619362862653347e-17, 1.0, 2.3824321321224633e-17, -1.4541359828532488e-17, -2.3824321321224633e-17, 1.0], "world_rotation": [-0.4059884517598224, 0.2477982093873522, 0.8796416454796148, 5.868226354211375e-17]}], "source": "manual check"}
{"timestamp": 1706067344.367356, "objects": [{"color": "cv_", "id_name": "hand", "shape": "CVCylinder", "id_string": "ob383", "world_size": [0.12, 0.005, 0.12], "id": 383, "camera_size": [48, 50], "camera_position": [246, 426], "world_position": [0.26764451554013813, 0.6334703013847383, -0.17389260400847859], "world_orientation": [-0.0006415511571076681, 0.19791547486641112, 0.9802188802611975, -0.0007473675263113051, -0.980218903124968, 0.19791499033237842, 0.9999995149268291, -0.0006056111687280472, 0.0007767761703886988], "world_rotation": [0.0, 1.0, 0.0, 0.0]}, {"color": "CVYellow", "id_name": "object33153111565835", "shape": "CVCone", "id_string": "ob499", "world_size": [0.11, 0.11, 0.11], "id": 499, "camera_size": [45, 45], "camera_position": [256, 254], "world_position": [0.705, 0.6547388572526824, -0.15], "world_orientation": [1.0, -3.838362879530641e-17, 1.4813540171849057e-17, 3.838362879530641e-17, 1.0, 5.294293626938881e-18, -1.4813540171849057e-17, -5.294293626938881e-18, 1.0], "world_rotation": [-0.1276280613210114, 0.35710588544125776, 0.925303444577321, 4.1482206750932463e-17]}], "source": "manual check"}
{"timestamp": 1706067345.816949, "objects": [{"color": "cv_", "id_name": "hand", "shape": "CVCylinder", "id_string": "ob383", "world_size": [0.12, 0.005, 0.12], "id": 383, "camera_size": [48, 50], "camera_position": [246, 426], "world_position": [0.26764451554013813, 0.6334703013847383, -0.17389260400847859], "world_orientation": [-0.0006415511571076681, 0.19791547486641112, 0.9802188802611975, -0.0007473675263113051, -0.980218903124968, 0.19791499033237842, 0.9999995149268291, -0.0006056111687280472, 0.0007767761703886988], "world_rotation": [0.0, 1.0, 0.0, 0.0]}, {"color": "CVYellow", "id_name": "object33153111565835", "shape": "CVCone", "id_string": "ob499", "world_size": [0.11, 0.11, 0.11], "id": 499, "camera_size": [45, 45], "camera_position": [256, 254], "world_position": [0.705, 0.6547388572526824, -0.15], "world_orientation": [1.0, -3.838362879530641e-17, 1.4813540171849057e-17, 3.838362879530641e-17, 1.0, 5.294293626938881e-18, -1.4813540171849057e-17, -5.294293626938881e-18, 1.0], "world_rotation": [-0.1276280613210114, 0.35710588544125776, 0.925303444577321, 4.1482206750932463e-17]}], "source": "action wait"}
{"timestamp": 1706067345.848097, "objects": [{"color": "cv_", "id_name": "hand", "shape": "CVCylinder", "id_string": "ob383", "world_size": [0.12, 0.005, 0.12], "id": 383, "camera_size": [48, 50], "camera_position": [246, 444], "world_position": [0.22514739431245268, 0.6428711422431777, -0.17397270148292227], "world_orientation": [-0.0005236749935223473, 0.08856501960711795, 0.9960702601054267, -0.0007615736322175038, -0.9960701431478722, 0.08856460881740652, 0.9999995728849609, -0.0007122017749838927, 0.0005890658094307676], "world_rotation": [0.0, 1.0, 0.0, 0.0]}, {"color": "CVYellow", "id_name": "object33153111565835", "shape": "CVCone", "id_string": "ob499", "world_size": [0.11, 0.11, 0.11], "id": 499, "camera_size": [45, 45], "camera_position": [256, 254], "world_position": [0.705, 0.6547388572526824, -0.15], "world_orientation": [1.0, -3.838362879530641e-17, 1.4813540171849057e-17, 3.838362879530641e-17, 1.0, 5.294293626938881e-18, -1.4813540171849057e-17, -5.294293626938881e-18, 1.0], "world_rotation": [-0.1276280613210114, 0.35710588544125776, 0.925303444577321, 4.1482206750932463e-17]}], "source": "action wait"}
{"timestamp": 1706067345.878811, "objects": [{"color": "cv_", "id_name": "hand", "shape": "CVCylinder", "id_string": "ob383", "world_size": [0.12, 0.005, 0.12], "id": 383, "camera_size": [48, 50], "camera_position": [246, 471], "world_position": [0.16390171177841598, 0.6600243092523186, -0.17403875078140316], "world_orientation": [-0.0003781607542423932, 0.06187081734965117, 0.9980840941298134, -0.000768680767383062, -0.9980838886113791, 0.061870513366756696, 0.9999996330620937, -0.0007438110473887292, 0.0004249950634737935], "world_rotation": [0.0, 1.0, 0.0, 0.0]}, {"color": "CVYellow", "id_name": "object33153111565835", "shape": "CVCone", "id_string": "ob499", "world_size": [0.11, 0.11, 0.11], "id": 499, "camera_size": [45, 45], "camera_position": [256, 254], "world_position": [0.705, 0.6547388572526824, -0.15], "world_orientation": [1.0, -3.838362879530641e-17, 1.4813540171849057e-17, 3.838362879530641e-17, 1.0, 5.294293626938881e-18, -1.4813540171849057e-17, -5.294293626938881e-18, 1.0], "world_rotation": [-0.1276280613210114, 0.35710588544125776, 0.925303444577321, 4.1482206750932463e-17]}], "source": "action wait"}
{"timestamp": 1706067345.912199, "objects": [{"color": "cv_", "id_name": "hand", "shape": "CVCylinder", "id_string": "ob383", "world_size": [0.12, 0.005, 0.12], "id": 383, "camera_size": [49, 46], "camera_position": [246, 488], "world_position": [0.1178703530239319, 0.6676875932541462, -0.1740778070348794], "world_orientation": [-0.0002573566122258294, 0.04331336820234728, 0.9990615025625511, -0.0007697872680256637, -0.9990612482202628, 0.043313158879634155, 0.9999996705975138, -0.0007579178968135393, 0.00029045709762592995], "world_rotation": [0.0, 1.0, 0.0, 0.0]}, {"color": "CVYellow", "id_name": "object33153111565835", "shape": "CVCone", "id_string": "ob499", "world_size": [0.11, 0.11, 0.11], "id": 499, "camera_size": [45, 45], "camera_position": [256, 254], "world_position": [0.705, 0.6547388572526824, -0.15], "world_orientation": [1.0, -3.838362879530641e-17, 1.4813540171849057e-17, 3.838362879530641e-17, 1.0, 5.294293626938881e-18, -1.4813540171849057e-17, -5.294293626938881e-18, 1.0], "world_rotation": [-0.1276280613210114, 0.35710588544125776, 0.925303444577321, 4.1482206750932463e-17]}], "source": "action wait"}
{"timestamp": 1706067345.941989, "objects": [{"color": "cv_", "id_name": "hand", "shape": "CVCylinder", "id_string": "ob383", "world_size": [0.12, 0.005, 0.12], "id": 383, "camera_size": [49, 34], "camera_position": [246, 494], "world_position": [0.08448308224085901, 0.6707868525945507, -0.17409653296566432], "world_orientation": [-0.00017493016718985835, 0.030180970051681487, 0.9995444354535602, -0.0007681379223967013, -0.9995441599187127, 0.030180827300245114, 0.9999996896817364, -0.000762508448827276, 0.00019803357464001775], "world_rotation": [0.0, 1.0, 0.0, 0.0]}, {"color": "CVYellow", "id_name": "object33153111565835", "shape": "CVCone", "id_string": "ob499", "world_size": [0.11, 0.11, 0.11], "id": 499, "camera_size": [45, 45], "camera_position": [256, 254], "world_position": [0.705, 0.6547388572526824, -0.15], "world_orientation": [1.0, -3.838362879530641e-17, 1.4813540171849057e-17, 3.838362879530641e-17, 1.0, 5.294293626938881e-18, -1.4813540171849057e-17, -5.294293626938881e-18, 1.0], "world_rotation": [-0.1276280613210114, 0.35710588544125776, 0.925303444577321, 4.1482206750932463e-17]}], "source": "action wait"}
{"timestamp": 1706067345.977186, "objects": [{"color": "cv_", "id_name": "hand", "shape": "CVCylinder", "id_string": "ob383", "world_size": [0.12, 0.005, 0.12], "id": 383, "camera_size": [49, 25], "camera_position": [246, 499], "world_position": [0.06057133984295334, 0.6718147636027444, -0.17410508571319733], "world_orientation": [-0.00011907316460623704, 0.02089180510318363, 0.9997817353308233, -0.0007661269072515065, -0.9997814509131303, 0.020891707914817047, 0.9999996994355267, -0.0007634720470404529, 0.00013505291530581685], "world_rotation": [0.0, 1.0, 0.0, 0.0]}, {"color": "CVYellow", "id_name": "object33153111565835", "shape": "CVCone", "id_string": "ob499", "world_size": [0.11, 0.11, 0.11], "id": 499, "camera_size": [45, 45], "camera_position": [256, 254], "world_position": [0.705, 0.6547388572526824, -0.15], "world_orientation": [1.0, -3.838362879530641e-17, 1.4813540171849057e-17, 3.838362879530641e-17, 1.0, 5.294293626938881e-18, -1.4813540171849057e-17, -5.294293626938881e-18, 1.0], "world_rotation": [-0.1276280613210114, 0.35710588544125776, 0.925303444577321, 4.1482206750932463e-17]}], "source": "action wait"}
{"timestamp": 1706067346.01039, "objects": [{"color": "cv_", "id_name": "hand", "shape": "CVCylinder", "id_string": "ob383", "world_size": [0.12, 0.005, 0.12], "id": 383, "camera_size": [49, 19], "camera_position": [246, 502], "world_position": [0.04356463531671761, 0.6719703002214084, -0.17410869701702744], "world_orientation": [-8.137235850938771e-05, 0.014322983580463813, 0.9998974174983618, -0.0007645366414050613, -0.9998971294716131, 0.014322917236106349, 0.9999997044310879, -0.0007632927237679105, 9.231443345374882e-05], "world_rotation": [0.0, 1.0, 0.0, 0.0]}, {"color": "CVYellow", "id_name": "object33153111565835", "shape": "CVCone", "id_string": "ob499", "world_size": [0.11, 0.11, 0.11], "id": 499, "camera_size": [45, 45], "camera_position": [256, 254], "world_position": [0.705, 0.6547388572526824, -0.15], "world_orientation": [1.0, -3.838362879530641e-17, 1.4813540171849057e-17, 3.838362879530641e-17, 1.0, 5.294293626938881e-18, -1.4813540171849057e-17, -5.294293626938881e-18, 1.0], "world_rotation": [-0.1276280613210114, 0.35710588544125776, 0.925303444577321, 4.1482206750932463e-17]}], "source": "action wait"}
{"timestamp": 1706067346.042949, "objects": [{"color": "cv_", "id_name": "hand", "shape": "CVCylinder", "id_string": "ob383", "world_size": [0.12, 0.005, 0.12], "id": 383, "camera_size": [49, 15], "camera_position": [246, 504], "world_position": [0.03151650025831616, 0.671805178851445, -0.1741099859031858], "world_orientation": [-5.597839982543529e-05, 0.009678707279697754, 0.9999531586488503, -0.0007634924766958005, -0.9999528691824542, 0.009678661736817171, 0.9999997069727856, -0.000762914917680465, 6.336538171024444e-05], "world_rotation": [0.0, 1.0, 0.0, 0.0]}, {"color": "CVYellow", "id_name": "object33153111565835", "shape": "CVCone", "id_string": "ob499", "world_size": [0.11, 0.11, 0.11], "id": 499, "camera_size": [45, 45], "camera_position": [256, 254], "world_position": [0.705, 0.6547388572526824, -0.15], "world_orientation": [1.0, -3.838362879530641e-17, 1.4813540171849057e-17, 3.838362879530641e-17, 1.0, 5.294293626938881e-18, -1.4813540171849057e-17, -5.294293626938881e-18, 1.0], "world_rotation": [-0.1276280613210114, 0.35710588544125776, 0.925303444577321, 4.1482206750932463e-17]}], "source": "action wait"}
{"timestamp": 1706067346.075744, "objects": [{"color": "cv_", "id_name": "hand", "shape": "CVCylinder", "id_string": "ob383", "world_size": [0.12, 0.005, 0.12], "id": 383, "camera_size": [49, 12], "camera_position": [246, 505], "world_position": [0.02300056258341901, 0.6715587345471586, -0.17411023718291632], "world_orientation": [-3.8885641182129415e-05, 0.006395555735389323, 0.9999795474682183, -0.0007628978860925793, -0.999979257413295, 0.006395524213909272, 0.9999997082373185, -0.0007626335888399224, 4.376399054462805e-05], "world_rotation": [0.0, 1.0, 0.0, 0.0]}, {"color": "CVYellow", "id_name": "object33153111565835", "shape": "CVCone", "id_string": "ob499", "world_size": [0.11, 0.11, 0.11], "id": 499, "camera_size": [45, 45], "camera_position": [256, 254], "world_position": [0.705, 0.6547388572526824, -0.15], "world_orientation": [1.0, -3.838362879530641e-17, 1.4813540171849057e-17, 3.838362879530641e-17, 1.0, 5.294293626938881e-18, -1.4813540171849057e-17, -5.294293626938881e-18, 1.0], "world_rotation": [-0.1276280613210114, 0.35710588544125776, 0.925303444577321, 4.1482206750932463e-17]}], "source": "action wait"}
{"timestamp": 1706067346.104622, "objects": [{"color": "cv_", "id_name": "hand", "shape": "CVCylinder", "id_string": "ob383", "world_size": [0.12, 0.005, 0.12], "id": 383, "camera_size": [49, 10], "camera_position": [246, 506], "world_position": [0.016989271971201713, 0.6713249725449787, -0.1741100669031559], "world_orientation": [-2.7407028144181467e-05, 0.004074856284840902, 0.9999916973630895, -0.0007626140812663584, -0.9999914070360807, 0.0040748342006313425, 0.9999997088342666, -0.000762496070463278, 3.0514335418899578e-05], "world_rotation": [0.0, 1.0, 0.0, 0.0]}, {"color": "CVYellow", "id_name": "object33153111565835", "shape": "CVCone", "id_string": "ob499", "world_size": [0.11, 0.11, 0.11], "id": 499, "camera_size": [45, 45], "camera_position": [256, 254], "world_position": [0.705, 0.6547388572526824, -0.15], "world_orientation": [1.0, -3.838362879530641e-17, 1.4813540171849057e-17, 3.838362879530641e-17, 1.0, 5.294293626938881e-18, -1.4813540171849057e-17, -5.294293626938881e-18, 1.0], "world_rotation": [-0.1276280613210114, 0.35710588544125776, 0.925303444577321, 4.1482206750932463e-17]}], "source": "action wait"}
{"timestamp": 1706067346.141011, "objects": [{"color": "cv_", "id_name": "hand", "shape": "CVCylinder", "id_string": "ob383", "world_size": [0.12, 0.005, 0.12], "id": 383, "camera_size": [49, 9], "camera_position": [246, 507], "world_position": [0.012749285468609185, 0.6711334250419659, -0.17410976069286893], "world_orientation": [-1.96903514597844e-05, 0.002434607206244369, 0.9999970361456285, -0.000762521817922066, -0.9999967456570947, 0.002434591484650078, 0.9999997090863414, -0.000762471619956813, 2.154672849382561e-05], "world_rotation": [0.0, 1.0, 0.0, 0.0]}, {"color": "CVYellow", "id_name": "object33153111565835", "shape": "CVCone", "id_string": "ob499", "world_size": [0.11, 0.11, 0.11], "id": 499, "camera_size": [45, 45], "camera_position": [256, 254], "world_position": [0.705, 0.6547388572526824, -0.15], "world_orientation": [1.0, -3.838362879530641e-17, 1.4813540171849057e-17, 3.838362879530641e-17, 1.0, 5.294293626938881e-18, -1.4813540171849057e-17, -5.294293626938881e-18, 1.0], "world_rotation": [-0.1276280613210114, 0.35710588544125776, 0.925303444577321, 4.1482206750932463e-17]}], "source": "action wait"}
{"timestamp": 1706067346.173823, "objects": [{"color": "cv_", "id_name": "hand", "shape": "CVCylinder", "id_string": "ob383", "world_size": [0.12, 0.005, 0.12], "id": 383, "camera_size": [49, 8], "camera_position": [246, 507], "world_position": [0.009760012116890362, 0.6709871057597546, -0.17410944347003707], "world_orientation": [-1.4517467988025186e-05, 0.0012753791101439002, 0.9999991865983536, -0.0007625357872963411, -0.9999988959876311, 0.0012753676694073654, 0.9999997091641659, -0.0007625166519395124, 1.5489974174780412e-05], "world_rotation": [0.0, 1.0, 0.0, 0.0]}, {"color": "CVYellow", "id_name": "object33153111565835", "shape": "CVCone", "id_string": "ob499", "world_size": [0.11, 0.11, 0.11], "id": 499, "camera_size": [45, 45], "camera_position": [256, 254], "world_position": [0.705, 0.6547388572526824, -0.15], "world_orientation": [1.0, -3.838362879530641e-17, 1.4813540171849057e-17, 3.838362879530641e-17, 1.0, 5.294293626938881e-18, -1.4813540171849057e-17, -5.294293626938881e-18, 1.0], "world_rotation": [-0.1276280613210114, 0.35710588544125776, 0.925303444577321, 4.1482206750932463e-17]}], "source": "action wait"}
{"timestamp": 1706067346.204798, "objects": [{"color": "cv_", "id_name": "hand", "shape": "CVCylinder", "id_string": "ob383", "world_size": [0.12, 0.005, 0.12], "id": 383, "camera_size": [49, 7], "camera_position": [246, 508], "world_position": [0.007653041387484253, 0.6708796446072491, -0.17410916370702254], "world_orientation": [-1.1043405665368021e-05, 0.0004561600480709353, 0.9999998958980214, -0.0007626007763468402, -0.9999996051828575, 0.0004561514937478167, 0.9999997091590073, -0.0007625956594929782, 1.1391269312404105e-05], "world_rotation": [0.0, 1.0, 0.0, 0.0]}, {"color": "CVYellow", "id_name": "object33153111565835", "shape": "CVCone", "id_string": "ob499", "world_size": [0.11, 0.11, 0.11], "id": 499, "camera_size": [45, 45], "camera_position": [256, 254], "world_position": [0.705, 0.6547388572526824, -0.15], "world_orientation": [1.0, -3.838362879530641e-17, 1.4813540171849057e-17, 3.838362879530641e-17, 1.0, 5.294293626938881e-18, -1.4813540171849057e-17, -5.294293626938881e-18, 1.0], "world_rotation": [-0.1276280613210114, 0.35710588544125776, 0.925303444577321, 4.1482206750932463e-17]}], "source": "action wait"}
{"timestamp": 1706067346.237766, "objects": [{"color": "cv_", "id_name": "hand", "shape": "CVCylinder", "id_string": "ob383", "world_size": [0.12, 0.005, 0.12], "id": 383, "camera_size": [49, 7], "camera_position": [246, 508], "world_position": [0.006168141274808166, 0.6708025769718649, -0.17410893484943885], "world_orientation": [-8.715366578253664e-06, -0.00012274363431762067, 0.9999999924290213, -0.0007626839557661204, -0.9999997016227359, -0.00012275024569273883, 0.9999997091185708, -0.0007626850198055745, 8.6217493775837e-06], "world_rotation": [0.0, 1.0, 0.0, 0.0]}, {"color": "CVYellow", "id_name": "object33153111565835", "shape": "CVCone", "id_string": "ob499", "world_size": [0.11, 0.11, 0.11], "id": 499, "camera_size": [45, 45], "camera_position": [256, 254], "world_position": [0.705, 0.6547388572526824, -0.15], "world_orientation": [1.0, -3.838362879530641e-17, 1.4813540171849057e-17, 3.838362879530641e-17, 1.0, 5.294293626938881e-18, -1.4813540171849057e-17, -5.294293626938881e-18, 1.0], "world_rotation": [-0.1276280613210114, 0.35710588544125776, 0.925303444577321, 4.1482206750932463e-17]}], "source": "action wait"}
{"timestamp": 1706067346.271916, "objects": [{"color": "CVYellow", "id_name": "object33153111565835", "shape": "CVCone", "id_string": "ob499", "world_size": [0.11, 0.11, 0.11], "id": 499, "camera_size": [45, 45], "camera_position": [256, 254], "world_position": [0.705, 0.6547388572526824, -0.15], "world_orientation": [1.0, -3.838362879530641e-17, 1.4813540171849057e-17, 3.838362879530641e-17, 1.0, 5.294293626938881e-18, -1.4813540171849057e-17, -5.294293626938881e-18, 1.0], "world_rotation": [-0.1276280613210114, 0.35710588544125776, 0.925303444577321, 4.1482206750932463e-17]}], "source": "action wait"}
{"timestamp": 1706067349.295515, "objects": [{"color": "CVYellow", "id_name": "object33153111565835", "shape": "CVCone", "id_string": "ob499", "world_size": [0.11, 0.11, 0.11], "id": 499, "camera_size": [45, 45], "camera_position": [256, 254], "world_position": [0.705, 0.6547388572526824, -0.15], "world_orientation": [1.0, -3.838362879530641e-17, 1.4813540171849057e-17, 3.838362879530641e-17, 1.0, 5.294293626938881e-18, -1.4813540171849057e-17, -5.294293626938881e-18, 1.0], "world_rotation": [-0.1276280613210114, 0.35710588544125776, 0.925303444577321, 4.1482206750932463e-17]}], "source": "action wait"}
{"timestamp": 1706067349.325452, "objects": [{"color": "cv_", "id_name": "hand", "shape": "CVCylinder", "id_string": "ob383", "world_size": [0.12, 0.005, 0.12], "id": 383, "camera_size": [51, 10], "camera_position": [246, 506], "world_position": [0.03547639155981203, 0.7265352125740839, -0.17412293854499028], "world_orientation": [0.00015801814616210141, 0.1931697179659947, 0.9811653454393932, -0.0007082990668038452, -0.9811650899494959, 0.19316978173831867, 0.999999736671314, -0.0007254828293601053, -1.8219957622287606e-05], "world_rotation": [0.0, 1.0, 0.0, 0.0]}, {"color": "CVYellow", "id_name": "object33153111565835", "shape": "CVCone", "id_string": "ob499", "world_size": [0.11, 0.11, 0.11], "id": 499, "camera_size": [45, 45], "camera_position": [256, 254], "world_position": [0.705, 0.6547388572526824, -0.15], "world_orientation": [1.0, -3.838362879530641e-17, 1.4813540171849057e-17, 3.838362879530641e-17, 1.0, 5.294293626938881e-18, -1.4813540171849057e-17, -5.294293626938881e-18, 1.0], "world_rotation": [-0.1276280613210114, 0.35710588544125776, 0.925303444577321, 4.1482206750932463e-17]}], "source": "action wait"}
{"timestamp": 1706067349.363614, "objects": [{"color": "cv_", "id_name": "hand", "shape": "CVCylinder", "id_string": "ob383", "world_size": [0.12, 0.005, 0.12], "id": 383, "camera_size": [53, 20], "camera_position": [245, 501], "world_position": [0.0839045296030084, 0.779523949558103, -0.17412487464941154], "world_orientation": [0.00025698386441187516, 0.29664043265250534, 0.9549892081458448, -0.000706971705446919, -0.9549889471300447, 0.2966405418186408, 0.9999997170751106, -0.0007513821819442983, -3.5700357526797136e-05], "world_rotation": [0.0, 1.0, 0.0, 0.0]}, {"color": "CVYellow", "id_name": "object33153111565835", "shape": "CVCone", "id_string": "ob499", "world_size": [0.11, 0.11, 0.11], "id": 499, "camera_size": [45, 45], "camera_position": [256, 254], "world_position": [0.705, 0.6547388572526824, -0.15], "world_orientation": [1.0, -3.838362879530641e-17, 1.4813540171849057e-17, 3.838362879530641e-17, 1.0, 5.294293626938881e-18, -1.4813540171849057e-17, -5.294293626938881e-18, 1.0], "world_rotation": [-0.1276280613210114, 0.35710588544125776, 0.925303444577321, 4.1482206750932463e-17]}], "source": "action wait"}
{"timestamp": 1706067349.394612, "objects": [{"color": "cv_", "id_name": "hand", "shape": "CVCylinder", "id_string": "ob383", "world_size": [0.12, 0.005, 0.12], "id": 383, "camera_size": [55, 37], "camera_position": [245, 493], "world_position": [0.1407770227531285, 0.8114536234465446, -0.1741206603780575], "world_orientation": [0.0002882591386815886, 0.336602976082492, 0.9416466181105725, -0.0007128811160485358, -0.9416463487905636, 0.33660309803968697, 0.9999997043535481, -0.00076831101116069, -3.1480260189619914e-05], "world_rotation": [0.0, 1.0, 0.0, 0.0]}, {"color": "CVYellow", "id_name": "object33153111565835", "shape": "CVCone", "id_string": "ob499", "world_size": [0.11, 0.11, 0.11], "id": 499, "camera_size": [45, 45], "camera_position": [256, 254], "world_position": [0.705, 0.6547388572526824, -0.15], "world_orientation": [1.0, -3.838362879530641e-17, 1.4813540171849057e-17, 3.838362879530641e-17, 1.0, 5.294293626938881e-18, -1.4813540171849057e-17, -5.294293626938881e-18, 1.0], "world_rotation": [-0.1276280613210114, 0.35710588544125776, 0.925303444577321, 4.1482206750932463e-17]}], "source": "action wait"}
{"timestamp": 1706067349.429577, "objects": [{"color": "cv_", "id_name": "hand", "shape": "CVCylinder", "id_string": "ob383", "world_size": [0.12, 0.005, 0.12], "id": 383, "camera_size": [55, 59], "camera_position": [245, 480], "world_position": [0.20220892870231863, 0.8255545114254865, -0.17411729564934636], "world_orientation": [0.00028614427931062053, 0.3367469786363951, 0.9415951308820106, -0.0007225542061879226, -0.9415948540099786, 0.33674709919663265, 0.9999996980183897, -0.0007767117783546466, -2.6114035068006893e-05], "world_rotation": [0.0, 1.0, 0.0, 0.0]}, {"color": "CVYellow", "id_name": "object33153111565835", "shape": "CVCone", "id_string": "ob499", "world_size": [0.11, 0.11, 0.11], "id": 499, "camera_size": [45, 45], "camera_position": [256, 254], "world_position": [0.705, 0.6547388572526824, -0.15], "world_orientation": [1.0, -3.838362879530641e-17, 1.4813540171849057e-17, 3.838362879530641e-17, 1.0, 5.294293626938881e-18, -1.4813540171849057e-17, -5.294293626938881e-18, 1.0], "world_rotation": [-0.1276280613210114, 0.35710588544125776, 0.925303444577321, 4.1482206750932463e-17]}], "source": "action wait"}
{"timestamp": 1706067349.45942, "objects": [{"color": "cv_", "id_name": "hand", "shape": "CVCylinder", "id_string": "ob383", "world_size": [0.12, 0.005, 0.12], "id": 383, "camera_size": [55, 58], "camera_position": [245, 451], "world_position": [0.26626491309508593, 0.8245689740672172, -0.17411456043761592], "world_orientation": [0.0002607150526633666, 0.3088556523724564, 0.9511088886269782, -0.0007356793002446698, -0.9511086043306304, 0.3088557617144414, 0.9999996954017678, -0.0007802344678225982, -2.0749619652203342e-05], "world_rotation": [0.0, 1.0, 0.0, 0.0]}, {"color": "CVYellow", "id_name": "object33153111565835", "shape": "CVCone", "id_string": "ob499", "world_size": [0.11, 0.11, 0.11], "id": 499, "camera_size": [45, 45], "camera_position": [256, 254], "world_position": [0.705, 0.6547388572526824, -0.15], "world_orientation": [1.0, -3.838362879530641e-17, 1.4813540171849057e-17, 3.838362879530641e-17, 1.0, 5.294293626938881e-18, -1.4813540171849057e-17, -5.294293626938881e-18, 1.0], "world_rotation": [-0.1276280613210114, 0.35710588544125776, 0.925303444577321, 4.1482206750932463e-17]}], "source": "action wait"}
{"timestamp": 1706067349.494025, "objects": [{"color": "cv_", "id_name": "hand", "shape": "CVCylinder", "id_string": "ob383", "world_size": [0.12, 0.005, 0.12], "id": 383, "camera_size": [54, 56], "camera_position": [245, 420], "world_position": [0.33092615750211696, 0.8106746567980755, -0.17411215047691994], "world_orientation": [0.00021860684419143598, 0.2605753390027274, 0.9654534918444602, -0.00075010379850609, -0.9654532005758706, 0.2605754302348932, 0.999999694777623, -0.0007811539039912034, -1.559612580900713e-05], "world_rotation": [0.0, 1.0, 0.0, 0.0]}, {"color": "CVYellow", "id_name": "object33153111565835", "shape": "CVCone", "id_string": "ob499", "world_size": [0.11, 0.11, 0.11], "id": 499, "camera_size": [45, 45], "camera_position": [256, 254], "world_position": [0.705, 0.6547388572526824, -0.15], "world_orientation": [1.0, -3.838362879530641e-17, 1.4813540171849057e-17, 3.838362879530641e-17, 1.0, 5.294293626938881e-18, -1.4813540171849057e-17, -5.294293626938881e-18, 1.0], "world_rotation": [-0.1276280613210114, 0.35710588544125776, 0.925303444577321, 4.1482206750932463e-17]}], "source": "action wait"}
{"timestamp": 1706067349.525349, "objects": [{"color": "cv_", "id_name": "hand", "shape": "CVCylinder", "id_string": "ob383", "world_size": [0.12, 0.005, 0.12], "id": 383, "camera_size": [53, 55], "camera_position": [245, 390], "world_position": [0.3944031788144385, 0.7856404874366845, -0.17410986880442952], "world_orientation": [0.00016443024132896118, 0.19719825144335548, 0.9803636175370742, -0.0007633872166933125, -0.9803633203787414, 0.19719831970868046, 0.9999996951012801, -0.0007808224206386704, -1.0662753053378231e-05], "world_rotation": [0.0, 1.0, 0.0, 0.0]}, {"color": "CVYellow", "id_name": "object33153111565835", "shape": "CVCone", "id_string": "ob499", "world_size": [0.11, 0.11, 0.11], "id": 499, "camera_size": [45, 45], "camera_position": [256, 254], "world_position": [0.705, 0.6547388572526824, -0.15], "world_orientation": [1.0, -3.838362879530641e-17, 1.4813540171849057e-17, 3.838362879530641e-17, 1.0, 5.294293626938881e-18, -1.4813540171849057e-17, -5.294293626938881e-18, 1.0], "world_rotation": [-0.1276280613210114, 0.35710588544125776, 0.925303444577321, 4.1482206750932463e-17]}], "source": "action wait"}
{"timestamp": 1706067349.557009, "objects": [{"color": "cv_", "id_name": "hand", "shape": "CVCylinder", "id_string": "ob383", "world_size": [0.12, 0.005, 0.12], "id": 383, "camera_size": [52, 53], "camera_position": [245, 365], "world_position": [0.4457403678935186, 0.7578963410563009, -0.17410289101952095], "world_orientation": [0.00010278114144690592, 0.1390482920030755, 0.9902855961423778, -0.0007679290849111426, -0.9902852984049348, 0.13904832989996643, 0.9999996998604338, -0.0007747606577100285, 4.9965743086413294e-06], "world_rotation": [0.0, 1.0, 0.0, 0.0]}, {"color": "CVYellow", "id_name": "object33153111565835", "shape": "CVCone", "id_string": "ob499", "world_size": [0.11, 0.11, 0.11], "id": 499, "camera_size": [45, 45], "camera_position": [256, 254], "world_position": [0.705, 0.6547388572526824, -0.15], "world_orientation": [1.0, -3.838362879530641e-17, 1.4813540171849057e-17, 3.838362879530641e-17, 1.0, 5.294293626938881e-18, -1.4813540171849057e-17, -5.294293626938881e-18, 1.0], "world_rotation": [-0.1276280613210114, 0.35710588544125776, 0.925303444577321, 4.1482206750932463e-17]}], "source": "action wait"}
{"timestamp": 1706067349.58645, "objects": [{"color": "cv_", "id_name": "hand", "shape": "CVCylinder", "id_string": "ob383", "world_size": [0.12, 0.005, 0.12], "id": 383, "camera_size": [51, 52], "camera_position": [246, 348], "world_position": [0.4806138121791421, 0.735177151718676, -0.17409837589562588], "world_orientation": [6.0193865012162096e-05, 0.09771145244045226, 0.9952147850784151, -0.0007666233717784035, -0.9952144899228226, 0.09771146982960566, 0.9999997043326087, -0.0007688365452059323, 1.5002076467100423e-05], "world_rotation": [0.0, 1.0, 0.0, 0.0]}, {"color": "CVYellow", "id_name": "object33153111565835", "shape": "CVCone", "id_string": "ob499", "world_size": [0.11, 0.11, 0.11], "id": 499, "camera_size": [45, 45], "camera_position": [256, 254], "world_position": [0.705, 0.6547388572526824, -0.15], "world_orientation": [1.0, -3.838362879530641e-17, 1.4813540171849057e-17, 3.838362879530641e-17, 1.0, 5.294293626938881e-18, -1.4813540171849057e-17, -5.294293626938881e-18, 1.0], "world_rotation": [-0.1276280613210114, 0.35710588544125776, 0.925303444577321, 4.1482206750932463e-17]}], "source": "action wait"}
{"timestamp": 1706067349.619055, "objects": [{"color": "cv_", "id_name": "hand", "shape": "CVCylinder", "id_string": "ob383", "world_size": [0.12, 0.005, 0.12], "id": 383, "camera_size": [51, 51], "camera_position": [246, 338], "world_position": [0.5043849219226675, 0.7176714688586736, -0.17409679768865335], "world_orientation": [3.3777116470829765e-05, 0.06846149949342276, 0.9976537585486352, -0.0007644139325414181, -0.9976534658712032, 0.06846150528958486, 0.9999997072651803, -0.0007649328651251624, 1.8635066741579288e-05], "world_rotation": [0.0, 1.0, 0.0, 0.0]}, {"color": "CVYellow", "id_name": "object33153111565835", "shape": "CVCone", "id_string": "ob499", "world_size": [0.11, 0.11, 0.11], "id": 499, "camera_size": [45, 45], "camera_position": [256, 254], "world_position": [0.705, 0.6547388572526824, -0.15], "world_orientation": [1.0, -3.838362879530641e-17, 1.4813540171849057e-17, 3.838362879530641e-17, 1.0, 5.294293626938881e-18, -1.4813540171849057e-17, -5.294293626938881e-18, 1.0], "world_rotation": [-0.1276280613210114, 0.35710588544125776, 0.925303444577321, 4.1482206750932463e-17]}], "source": "action wait"}
{"timestamp": 1706067349.654117, "objects": [{"color": "cv_", "id_name": "hand", "shape": "CVCylinder", "id_string": "ob383", "world_size": [0.12, 0.005, 0.12], "id": 383, "camera_size": [49, 50], "camera_position": [246, 330], "world_position": [0.5206999885589849, 0.7046327891510826, -0.17409679142144907], "world_orientation": [1.7562561297573798e-05, 0.047802633520622924, 0.9988568005074849, -0.0007626882659067184, -0.9988565095069836, 0.04780263300420194, 0.9999997089990404, -0.0007626558977408624, 1.8916028990302668e-05], "world_rotation": [0.0, 1.0, 0.0, 0.0]}, {"color": "CVYellow", "id_name": "object33153111565835", "shape": "CVCone", "id_string": "ob499", "world_size": [0.11, 0.11, 0.11], "id": 499, "camera_size": [45, 45], "camera_position": [256, 254], "world_position": [0.705, 0.6547388572526824, -0.15], "world_orientation": [1.0, -3.838362879530641e-17, 1.4813540171849057e-17, 3.838362879530641e-17, 1.0, 5.294293626938881e-18, -1.4813540171849057e-17, -5.294293626938881e-18, 1.0], "world_rotation": [-0.1276280613210114, 0.35710588544125776, 0.925303444577321, 4.1482206750932463e-17]}], "source": "action wait"}
{"timestamp": 1706067349.690349, "objects": [{"color": "cv_", "id_name": "hand", "shape": "CVCylinder", "id_string": "ob383", "world_size": [0.12, 0.005, 0.12], "id": 383, "camera_size": [49, 49], "camera_position": [246, 325], "world_position": [0.5319686638272568, 0.6951173426408103, -0.17409754530357527], "world_orientation": [7.735080162929708e-06, 0.033224745239571606, 0.999447905717919, -0.0007616752064690223, -0.9994476156376169, 0.03322474149127727, 0.9999997098954823, -0.0007615116859818946, 1.7575657265001495e-05], "world_rotation": [0.0, 1.0, 0.0, 0.0]}, {"color": "CVYellow", "id_name": "object33153111565835", "shape": "CVCone", "id_string": "ob499", "world_size": [0.11, 0.11, 0.11], "id": 499, "camera_size": [45, 45], "camera_position": [256, 254], "world_position": [0.705, 0.6547388572526824, -0.15], "world_orientation": [1.0, -3.838362879530641e-17, 1.4813540171849057e-17, 3.838362879530641e-17, 1.0, 5.294293626938881e-18, -1.4813540171849057e-17, -5.294293626938881e-18, 1.0], "world_rotation": [-0.1276280613210114, 0.35710588544125776, 0.925303444577321, 4.1482206750932463e-17]}], "source": "action wait"}
{"timestamp": 1706067349.72386, "objects": [{"color": "cv_", "id_name": "hand", "shape": "CVCylinder", "id_string": "ob383", "world_size": [0.12, 0.005, 0.12], "id": 383, "camera_size": [49, 50], "camera_position": [246, 321], "world_position": [0.5397928502791101, 0.6882615756243688, -0.17409859606817044], "world_orientation": [1.8927237626063207e-06, 0.022942359196813724, 0.9997367894355504, -0.0007612386156236179, -0.9997364997383918, 0.022942353989921758, 0.9999997102560519, -0.0007610816731168393, 1.5572384725095158e-05], "world_rotation": [0.0, 1.0, 0.0, 0.0]}, {"color": "CVYellow", "id_name": "object33153111565835", "shape": "CVCone", "id_string": "ob499", "world_size": [0.11, 0.11, 0.11], "id": 499, "camera_size": [45, 45], "camera_position": [256, 254], "world_position": [0.705, 0.6547388572526824, -0.15], "world_orientation": [1.0, -3.838362879530641e-17, 1.4813540171849057e-17, 3.838362879530641e-17, 1.0, 5.294293626938881e-18, -1.4813540171849057e-17, -5.294293626938881e-18, 1.0], "world_rotation": [-0.1276280613210114, 0.35710588544125776, 0.925303444577321, 4.1482206750932463e-17]}], "source": "action wait"}
{"timestamp": 1706067349.754276, "objects": [{"color": "cv_", "id_name": "hand", "shape": "CVCylinder", "id_string": "ob383", "world_size": [0.12, 0.005, 0.12], "id": 383, "camera_size": [49, 49], "camera_position": [246, 319], "world_position": [0.5452479296499707, 0.6833628067820652, -0.1740996927466089], "world_orientation": [-1.5074906613873218e-06, 0.015691232573094887, 0.9998768850303844, -0.0007611791740833611, -0.9998765953882824, 0.01569122688008234, 0.9999997103019542, -0.0007610618071548313, 1.3451144080795528e-05], "world_rotation": [0.0, 1.0, 0.0, 0.0]}, {"color": "CVYellow", "id_name": "object33153111565835", "shape": "CVCone", "id_string": "ob499", "world_size": [0.11, 0.11, 0.11], "id": 499, "camera_size": [45, 45], "camera_position": [256, 254], "world_position": [0.705, 0.6547388572526824, -0.15], "world_orientation": [1.0, -3.838362879530641e-17, 1.4813540171849057e-17, 3.838362879530641e-17, 1.0, 5.294293626938881e-18, -1.4813540171849057e-17, -5.294293626938881e-18, 1.0], "world_rotation": [-0.1276280613210114, 0.35710588544125776, 0.925303444577321, 4.1482206750932463e-17]}], "source": "action wait"}
{"timestamp": 1706067349.783948, "objects": [{"color": "cv_", "id_name": "hand", "shape": "CVCylinder", "id_string": "ob383", "world_size": [0.12, 0.005, 0.12], "id": 383, "camera_size": [49, 49], "camera_position": [246, 317], "world_position": [0.5490632261251832, 0.6798813539286772, -0.17410071039932842], "world_orientation": [-3.4009909504512934e-06, 0.01057819149003261, 0.9999440493613797, -0.0007613292809646647, -0.9999437595995888, 0.010578185835286849, 0.9999997101830376, -0.0007612507077912522, 1.1454286598739994e-05], "world_rotation": [0.0, 1.0, 0.0, 0.0]}, {"color": "CVYellow", "id_name": "object33153111565835", "shape": "CVCone", "id_string": "ob499", "world_size": [0.11, 0.11, 0.11], "id": 499, "camera_size": [45, 45], "camera_position": [256, 254], "world_position": [0.705, 0.6547388572526824, -0.15], "world_orientation": [1.0, -3.838362879530641e-17, 1.4813540171849057e-17, 3.838362879530641e-17, 1.0, 5.294293626938881e-18, -1.4813540171849057e-17, -5.294293626938881e-18, 1.0], "world_rotation": [-0.1276280613210114, 0.35710588544125776, 0.925303444577321, 4.1482206750932463e-17]}], "source": "action wait"}
{"timestamp": 1706067349.814456, "objects": [{"color": "cv_", "id_name": "hand", "shape": "CVCylinder", "id_string": "ob383", "world_size": [0.12, 0.005, 0.12], "id": 383, "camera_size": [49, 49], "camera_position": [246, 316], "world_position": [0.5517379025590414, 0.67741599750472, -0.17410159641027442], "world_orientation": [-4.400479413255553e-06, 0.006972905588166865, 0.9999756889886345, -0.0007615739149194846, -0.9999753990312789, 0.006972900214901045, 0.999999709992862, -0.000761524716183892, 9.710754164710016e-06], "world_rotation": [0.0, 1.0, 0.0, 0.0]}, {"color": "CVYellow", "id_name": "object33153111565835", "shape": "CVCone", "id_string": "ob499", "world_size": [0.11, 0.11, 0.11], "id": 499, "camera_size": [45, 45], "camera_position": [256, 254], "world_position": [0.705, 0.6547388572526824, -0.15], "world_orientation": [1.0, -3.838362879530641e-17, 1.4813540171849057e-17, 3.838362879530641e-17, 1.0, 5.294293626938881e-18, -1.4813540171849057e-17, -5.294293626938881e-18, 1.0], "world_rotation": [-0.1276280613210114, 0.35710588544125776, 0.925303444577321, 4.1482206750932463e-17]}], "source": "action wait"}
{"timestamp": 1706067349.848046, "objects": [{"color": "cv_", "id_name": "hand", "shape": "CVCylinder", "id_string": "ob383", "world_size": [0.12, 0.005, 0.12], "id": 383, "camera_size": [49, 49], "camera_position": [246, 315], "world_position": [0.5536161775578189, 0.6756742851628134, -0.17410233773686037], "world_orientation": [-4.865648165697569e-06, 0.004430771136707501, 0.9999901840735538, -0.0007618425241470646, -0.9999898939026057, 0.004430766144120132, 0.9999997097861049, -0.0007618134874081121, 8.241148860056983e-06], "world_rotation": [0.0, 1.0, 0.0, 0.0]}, {"color": "CVYellow", "id_name": "object33153111565835", "shape": "CVCone", "id_string": "ob499", "world_size": [0.11, 0.11, 0.11], "id": 499, "camera_size": [45, 45], "camera_position": [256, 254], "world_position": [0.705, 0.6547388572526824, -0.15], "world_orientation": [1.0, -3.838362879530641e-17, 1.4813540171849057e-17, 3.838362879530641e-17, 1.0, 5.294293626938881e-18, -1.4813540171849057e-17, -5.294293626938881e-18, 1.0], "world_rotation": [-0.1276280613210114, 0.35710588544125776, 0.925303444577321, 4.1482206750932463e-17]}], "source": "action wait"}
{"timestamp": 1706067349.881454, "objects": [{"color": "cv_", "id_name": "hand", "shape": "CVCylinder", "id_string": "ob383", "world_size": [0.12, 0.005, 0.12], "id": 383, "camera_size": [49, 49], "camera_position": [246, 315], "world_position": [0.5549368298005037, 0.6744456924451716, -0.17410294148199862], "world_orientation": [-5.030629320951939e-06, 0.002638262987020374, 0.9999965197654962, -0.0007620968552750321, -0.9999962293934245, 0.002638258387099989, 0.999999709591496, -0.0007620809308996501, 7.041222278590319e-06], "world_rotation": [0.0, 1.0, 0.0, 0.0]}, {"color": "CVYellow", "id_name": "object33153111565835", "shape": "CVCone", "id_string": "ob499", "world_size": [0.11, 0.11, 0.11], "id": 499, "camera_size": [45, 45], "camera_position": [256, 254], "world_position": [0.705, 0.6547388572526824, -0.15], "world_orientation": [1.0, -3.838362879530641e-17, 1.4813540171849057e-17, 3.838362879530641e-17, 1.0, 5.294293626938881e-18, -1.4813540171849057e-17, -5.294293626938881e-18, 1.0], "world_rotation": [-0.1276280613210114, 0.35710588544125776, 0.925303444577321, 4.1482206750932463e-17]}], "source": "action wait"}
