{"timestamp": 1706067220.437162, "objects": [{"color": "cv_", "id_name": "hand", "shape": "CVCylinder", "id_string": "ob383", "world_size": [0.12, 0.005, 0.12], "id": 383, "camera_size": [48, 50], "camera_position": [246, 426], "world_position": [0.26764451554013896, 0.6334703013847384, -0.17389260400847487], "world_orientation": [-0.0006415490604676123, 0.1979154748664105, 0.98021888026257, -0.0007473671029805864, -0.9802189031249681, 0.19791499033397625, 0.9999995149284907, -0.0006056111687277738, 0.000776774031438783], "world_rotation": [0.0, 1.0, 0.0, 0.0]}, {"color": "CVPurple", "id_name": "object175865787061537", "shape": "CVBox", "id_string": "ob457", "world_size": [0.11, 0.11, 0.11], "id": 457, "camera_size": [45, 45], "camera_position": [256, 254], "world_position": [0.705, 0.654738849708696, -0.15], "world_orientation": [1.0, -5.1619362862653347e-17, 1.4541359828532488e-17, 5.1619362862653347e-17, 1.0, 2.3824321321224633e-17, -1.4541359828532488e-17, -2.3824321321224633e-17, 1.0], "world_rotation": [-0.4059884517598224, 0.2477982093873522, 0.8796416454796148, 5.868226354211375e-17]}], "source": "manual check"}
{"timestamp": 1706067221.447012, "objects": [{"color": "cv_", "id_name": "hand", "shape": "CVCylinder", "id_string": "ob383", "world_size": [0.12, 0.005, 0.12], "id": 383, "camera_size": [48, 50], "camera_position": [246, 426], "world_position": [0.26764451554013896, 0.6334703013847384, -0.17389260400847487], "world_orientation": [-0.0006415490604676123, 0.1979154748664105, 0.98021888026257, -0.0007473671029805864, -0.9802189031249681, 0.19791499033397625, 0.9999995149284907, -0.0006056111687277738, 0.000776774031438783], "world_rotation": [0.0, 1.0, 0.0, 0.0]}, {"color": "CVPurple", "id_name": "object175865787061537", "shape": "CVBox", "id_string": "ob457", "world_size": [0.11, 0.11, 0.11], "id": 457, "camera_size": [45, 45], "camera_position": [256, 254], "world_position": [0.705, 0.6547388572526824, -0.15], "world_orientation": [1.0, -3.838362879530641e-17, 1.4813540171849057e-17, 3.838362879530641e-17, 1.0, 5.294293626938881e-18, -1.4813540171849057e-17, -5.294293626938881e-18, 1.0], "world_rotation": [-0.1276280613210114, 0.35710588544125776, 0.925303444577321, 4.1482206750932463e-17]}], "source": "manual check"}
{"timestamp": 1706067222.495112, "objects": [{"color": "cv_", "id_name": "hand", "shape": "CVCylinder", "id_string": "ob383", "world_size": [0.12, 0.005, 0.12], "id": 383, "camera_size": [48, 50], "camera_position": [246, 426], "world_position": [0.26764451554013896, 0.6334703013847384, -0.17389260400847487], "world_orientation": [-0.0006415490604676123, 0.1979154748664105, 0.98021888026257, -0.0007473671029805864, -0.9802189031249681, 0.19791499033397625, 0.9999995149284907, -0.0006056111687277738, 0.000776774031438783], "world_rotation": [0.0, 1.0, 0.0, 0.0]}, {"color": "CVPurple", "id_name": "object175865787061537", "shape": "CVBox", "id_string": "ob457", "world_size": [0.11, 0.11, 0.11], "id": 457, "camera_size": [45, 45], "camera_position": [256, 254], "world_position": [0.705, 0.6547388572526824, -0.15], "world_orientation": [1.0, -3.838362879530641e-17, 1.4813540171849057e-17, 3.838362879530641e-17, 1.0, 5.294293626938881e-18, -1.4813540171849057e-17, -5.294293626938881e-18, 1.0], "world_rotation": [-0.1276280613210114, 0.35710588544125776, 0.925303444577321, 4.1482206750932463e-17]}], "source": "action wait"}
{"timestamp": 1706067222.528614, "objects": [{"color": "cv_", "id_name": "hand", "shape": "CVCylinder", "id_string": "ob383", "world_size": [0.12, 0.005, 0.12], "id": 383, "camera_size": [48, 50], "camera_position": [246, 444], "world_position": [0.22514739705495684, 0.6428711331943844, -0.17397269962511183], "world_orientation": [-0.000523707044849739, 0.08856503512262821, 0.9960702587090225, -0.0007615761833261121, -0.9960701417685386, 0.08856462430858535, 0.999999572866233, -0.0007122014682777212, 0.0005890979718338908], "world_rotation": [0.0, 1.0, 0.0, 0.0]}, {"color": "CVPurple", "id_name": "object175865787061537", "shape": "CVBox", "id_string": "ob457", "world_size": [0.11, 0.11, 0.11], "id": 457, "camera_size": [45, 45], "camera_position": [256, 254], "world_position": [0.705, 0.6547388572526824, -0.15], "world_orientation": [1.0, -3.838362879530641e-17, 1.4813540171849057e-17, 3.838362879530641e-17, 1.0, 5.294293626938881e-18, -1.4813540171849057e-17, -5.294293626938881e-18, 1.0], "world_rotation": [-0.1276280613210114, 0.35710588544125776, 0.925303444577321, 4.1482206750932463e-17]}], "source": "action wait"}
{"timestamp": 1706067222.560941, "objects": [{"color": "cv_", "id_name": "hand", "shape": "CVCylinder", "id_string": "ob383", "world_size": [0.12, 0.005, 0.12], "id": 383, "camera_size": [48, 50], "camera_position": [246, 471], "world_position": [0.1639017301099664, 0.66002428255625, -0.17403874837323494], "world_orientation": [-0.00037819101230141303, 0.06187083779360721, 0.9980840928510359, -0.0007686819883925415, -0.9980838873445598, 0.061870533787682924, 0.9999996330497123, -0.0007438103852712573, 0.0004250253543356569], "world_rotation": [0.0, 1.0, 0.0, 0.0]}, {"color": "CVPurple", "id_name": "object175865787061537", "shape": "CVBox", "id_string": "ob457", "world_size": [0.11, 0.11, 0.11], "id": 457, "camera_size": [45, 45], "camera_position": [256, 254], "world_position": [0.705, 0.6547388572526824, -0.15], "world_orientation": [1.0, -3.838362879530641e-17, 1.4813540171849057e-17, 3.838362879530641e-17, 1.0, 5.294293626938881e-18, -1.4813540171849057e-17, -5.294293626938881e-18, 1.0], "world_rotation": [-0.1276280613210114, 0.35710588544125776, 0.925303444577321, 4.1482206750932463e-17]}], "source": "action wait"}
{"timestamp": 1706067222.591877, "objects": [{"color": "cv_", "id_name": "hand", "shape": "CVCylinder", "id_string": "ob383", "world_size": [0.12, 0.005, 0.12], "id": 383, "camera_size": [49, 46], "camera_position": [246, 488], "world_position": [0.11787039039957543, 0.667687555223572, -0.17407780476590423], "world_orientation": [-0.0002573706452365212, 0.043313382647925065, 0.9990615019326615, -0.0007697871354516165, -0.999061247594553, 0.043313173314610966, 0.9999996705940044, -0.000757917152349848, 0.0002904711226798591], "world_rotation": [0.0, 1.0, 0.0, 0.0]}, {"color": "CVPurple", "id_name": "object175865787061537", "shape": "CVBox", "id_string": "ob457", "world_size": [0.11, 0.11, 0.11], "id": 457, "camera_size": [45, 45], "camera_position": [256, 254], "world_position": [0.705, 0.6547388572526824, -0.15], "world_orientation": [1.0, -3.838362879530641e-17, 1.4813540171849057e-17, 3.838362879530641e-17, 1.0, 5.294293626938881e-18, -1.4813540171849057e-17, -5.294293626938881e-18, 1.0], "world_rotation": [-0.1276280613210114, 0.35710588544125776, 0.925303444577321, 4.1482206750932463e-17]}], "source": "action wait"}
{"timestamp": 1706067222.62176, "objects": [{"color": "cv_", "id_name": "hand", "shape": "CVCylinder", "id_string": "ob383", "world_size": [0.12, 0.005, 0.12], "id": 383, "camera_size": [49, 34], "camera_position": [246, 494], "world_position": [0.08448313452298255, 0.6707868085948042, -0.17409653107996695], "world_orientation": [-0.00017494466553570238, 0.030180980262532284, 0.9995444351427087, -0.0007681377415238608, -0.999544159610872, 0.030180837500073884, 0.999999689679339, -0.0007625078284415762, 0.00019804806870750148], "world_rotation": [0.0, 1.0, 0.0, 0.0]}, {"color": "CVPurple", "id_name": "object175865787061537", "shape": "CVBox", "id_string": "ob457", "world_size": [0.11, 0.11, 0.11], "id": 457, "camera_size": [45, 45], "camera_position": [256, 254], "world_position": [0.705, 0.6547388572526824, -0.15], "world_orientation": [1.0, -3.838362879530641e-17, 1.4813540171849057e-17, 3.838362879530641e-17, 1.0, 5.294293626938881e-18, -1.4813540171849057e-17, -5.294293626938881e-18, 1.0], "world_rotation": [-0.1276280613210114, 0.35710588544125776, 0.925303444577321, 4.1482206750932463e-17]}], "source": "action wait"}
{"timestamp": 1706067222.652926, "objects": [{"color": "cv_", "id_name": "hand", "shape": "CVCylinder", "id_string": "ob383", "world_size": [0.12, 0.005, 0.12], "id": 383, "camera_size": [49, 25], "camera_position": [246, 499], "world_position": [0.06057140325178512, 0.6718147164643107, -0.17410508423838073], "world_orientation": [-0.00011909993348055736, 0.020891812330072312, 0.9997817351766191, -0.0007661270136304154, -0.9997814507624612, 0.020891715121251927, 0.9999996994322572, -0.0007634715931722236, 0.00013507968607104134], "world_rotation": [0.0, 1.0, 0.0, 0.0]}, {"color": "CVPurple", "id_name": "object175865787061537", "shape": "CVBox", "id_string": "ob457", "world_size": [0.11, 0.11, 0.11], "id": 457, "camera_size": [45, 45], "camera_position": [256, 254], "world_position": [0.705, 0.6547388572526824, -0.15], "world_orientation": [1.0, -3.838362879530641e-17, 1.4813540171849057e-17, 3.838362879530641e-17, 1.0, 5.294293626938881e-18, -1.4813540171849057e-17, -5.294293626938881e-18, 1.0], "world_rotation": [-0.1276280613210114, 0.35710588544125776, 0.925303444577321, 4.1482206750932463e-17]}], "source": "action wait"}
{"timestamp": 1706067222.686483, "objects": [{"color": "cv_", "id_name": "hand", "shape": "CVCylinder", "id_string": "ob383", "world_size": [0.12, 0.005, 0.12], "id": 383, "camera_size": [49, 19], "camera_position": [246, 502], "world_position": [0.04356470683009114, 0.6719702514160382, -0.17410869589540076], "world_orientation": [-8.13926875837329e-05, 0.014322988706080828, 0.9998974174232854, -0.0007645365882907875, -0.9998971293984544, 0.014322922346209722, 0.9999997044294742, -0.000763292379014119, 9.233476358884374e-05], "world_rotation": [0.0, 1.0, 0.0, 0.0]}, {"color": "CVPurple", "id_name": "object175865787061537", "shape": "CVBox", "id_string": "ob457", "world_size": [0.11, 0.11, 0.11], "id": 457, "camera_size": [45, 45], "camera_position": [256, 254], "world_position": [0.705, 0.6547388572526824, -0.15], "world_orientation": [1.0, -3.838362879530641e-17, 1.4813540171849057e-17, 3.838362879530641e-17, 1.0, 5.294293626938881e-18, -1.4813540171849057e-17, -5.294293626938881e-18, 1.0], "world_rotation": [-0.1276280613210114, 0.35710588544125776, 0.925303444577321, 4.1482206750932463e-17]}], "source": "action wait"}
{"timestamp": 1706067222.720928, "objects": [{"color": "cv_", "id_name": "hand", "shape": "CVCylinder", "id_string": "ob383", "world_size": [0.12, 0.005, 0.12], "id": 383, "camera_size": [49, 15], "camera_position": [246, 504], "world_position": [0.03151657759496196, 0.6718051291424412, -0.17410998506301043], "world_orientation": [-5.599143646339656e-05, 0.00967871092607193, 0.9999531586128265, -0.0007634923502944298, -0.9999528691473533, 0.009678665373252255, 0.9999997069721522, -0.0007629146648767254, 6.337841929238993e-05], "world_rotation": [0.0, 1.0, 0.0, 0.0]}, {"color": "CVPurple", "id_name": "object175865787061537", "shape": "CVBox", "id_string": "ob457", "world_size": [0.11, 0.11, 0.11], "id": 457, "camera_size": [45, 45], "camera_position": [256, 254], "world_position": [0.705, 0.6547388572526824, -0.15], "world_orientation": [1.0, -3.838362879530641e-17, 1.4813540171849057e-17, 3.838362879530641e-17, 1.0, 5.294293626938881e-18, -1.4813540171849057e-17, -5.294293626938881e-18, 1.0], "world_rotation": [-0.1276280613210114, 0.35710588544125776, 0.925303444577321, 4.1482206750932463e-17]}], "source": "action wait"}
{"timestamp": 1706067222.756628, "objects": [{"color": "cv_", "id_name": "hand", "shape": "CVCylinder", "id_string": "ob383", "world_size": [0.12, 0.005, 0.12], "id": 383, "camera_size": [49, 12], "camera_position": [246, 505], "world_position": [0.023000644071104463, 0.6715586843333788, -0.17411023655857755], "world_orientation": [-3.891409078219401e-05, 0.006395558340536498, 0.9999795474504498, -0.0007628979070433875, -0.9999792573967562, 0.0063955267973580775, 0.999999708236196, -0.0007626334277261156, 4.37924416753841e-05], "world_rotation": [0.0, 1.0, 0.0, 0.0]}, {"color": "CVPurple", "id_name": "object175865787061537", "shape": "CVBox", "id_string": "ob457", "world_size": [0.11, 0.11, 0.11], "id": 457, "camera_size": [45, 45], "camera_position": [256, 254], "world_position": [0.705, 0.6547388572526824, -0.15], "world_orientation": [1.0, -3.838362879530641e-17, 1.4813540171849057e-17, 3.838362879530641e-17, 1.0, 5.294293626938881e-18, -1.4813540171849057e-17, -5.294293626938881e-18, 1.0], "world_rotation": [-0.1276280613210114, 0.35710588544125776, 0.925303444577321, 4.1482206750932463e-17]}], "source": "action wait"}
{"timestamp": 1706067222.789591, "objects": [{"color": "cv_", "id_name": "hand", "shape": "CVCylinder", "id_string": "ob383", "world_size": [0.12, 0.005, 0.12], "id": 383, "camera_size": [49, 10], "camera_position": [246, 506], "world_position": [0.016989356403845062, 0.6713249220384243, -0.17411006643622293], "world_orientation": [-2.7426579980909512e-05, 0.0040748581570972916, 0.9999916973549241, -0.0007626140513746414, -0.9999914070285351, 0.004074836057979884, 0.9999997088337533, -0.0007624959608441564, 3.0533888393417025e-05], "world_rotation": [0.0, 1.0, 0.0, 0.0]}, {"color": "CVPurple", "id_name": "object175865787061537", "shape": "CVBox", "id_string": "ob457", "world_size": [0.11, 0.11, 0.11], "id": 457, "camera_size": [45, 45], "camera_position": [256, 254], "world_position": [0.705, 0.6547388572526824, -0.15], "world_orientation": [1.0, -3.838362879530641e-17, 1.4813540171849057e-17, 3.838362879530641e-17, 1.0, 5.294293626938881e-18, -1.4813540171849057e-17, -5.294293626938881e-18, 1.0], "world_rotation": [-0.1276280613210114, 0.35710588544125776, 0.925303444577321, 4.1482206750932463e-17]}], "source": "action wait"}
{"timestamp": 1706067222.822309, "objects": [{"color": "cv_", "id_name": "hand", "shape": "CVCylinder", "id_string": "ob383", "world_size": [0.12, 0.005, 0.12], "id": 383, "camera_size": [49, 9], "camera_position": [246, 507], "world_position": [0.012749371984463723, 0.6711333743583526, -0.17410976034085482], "world_orientation": [-1.9717669951121077e-05, 0.0024346085626303355, 0.9999970361417879, -0.0007625218204106302, -0.9999967456538413, 0.0024345928202060252, 0.9999997090858013, -0.0007624715559067403, 2.1574047936526964e-05], "world_rotation": [0.0, 1.0, 0.0, 0.0]}, {"color": "CVPurple", "id_name": "object175865787061537", "shape": "CVBox", "id_string": "ob457", "world_size": [0.11, 0.11, 0.11], "id": 457, "camera_size": [45, 45], "camera_position": [256, 254], "world_position": [0.705, 0.6547388572526824, -0.15], "world_orientation": [1.0, -3.838362879530641e-17, 1.4813540171849057e-17, 3.838362879530641e-17, 1.0, 5.294293626938881e-18, -1.4813540171849057e-17, -5.294293626938881e-18, 1.0], "world_rotation": [-0.1276280613210114, 0.35710588544125776, 0.925303444577321, 4.1482206750932463e-17]}], "source": "action wait"}
{"timestamp": 1706067222.853362, "objects": [{"color": "cv_", "id_name": "hand", "shape": "CVCylinder", "id_string": "ob383", "world_size": [0.12, 0.005, 0.12], "id": 383, "camera_size": [49, 8], "camera_position": [246, 507], "world_position": [0.009760100103712201, 0.6709870549645063, -0.1741094431998053], "world_orientation": [-1.4535828889864307e-05, 0.0012753801033994726, 0.99999918659682, -0.0007625357743631209, -0.9999988959863921, 0.0012753686486620772, 0.9999997091639091, -0.0007625166155740263, 1.5508335797229024e-05], "world_rotation": [0.0, 1.0, 0.0, 0.0]}, {"color": "CVPurple", "id_name": "object175865787061537", "shape": "CVBox", "id_string": "ob457", "world_size": [0.11, 0.11, 0.11], "id": 457, "camera_size": [45, 45], "camera_position": [256, 254], "world_position": [0.705, 0.6547388572526824, -0.15], "world_orientation": [1.0, -3.838362879530641e-17, 1.4813540171849057e-17, 3.838362879530641e-17, 1.0, 5.294293626938881e-18, -1.4813540171849057e-17, -5.294293626938881e-18, 1.0], "world_rotation": [-0.1276280613210114, 0.35710588544125776, 0.925303444577321, 4.1482206750932463e-17]}], "source": "action wait"}
{"timestamp": 1706067222.883167, "objects": [{"color": "cv_", "id_name": "hand", "shape": "CVCylinder", "id_string": "ob383", "world_size": [0.12, 0.005, 0.12], "id": 383, "camera_size": [49, 7], "camera_position": [246, 508], "world_position": [0.0076531304118068015, 0.670879593738925, -0.17410916349525243], "world_orientation": [-1.1063361784352372e-05, 0.00045616078569868097, 0.9999998958974644, -0.0007626007717337268, -0.9999996051825314, 0.000456152216157015, 0.9999997091587902, -0.0007625956457684068, 1.141122598391699e-05], "world_rotation": [0.0, 1.0, 0.0, 0.0]}, {"color": "CVPurple", "id_name": "object175865787061537", "shape": "CVBox", "id_string": "ob457", "world_size": [0.11, 0.11, 0.11], "id": 457, "camera_size": [45, 45], "camera_position": [256, 254], "world_position": [0.705, 0.6547388572526824, -0.15], "world_orientation": [1.0, -3.838362879530641e-17, 1.4813540171849057e-17, 3.838362879530641e-17, 1.0, 5.294293626938881e-18, -1.4813540171849057e-17, -5.294293626938881e-18, 1.0], "world_rotation": [-0.1276280613210114, 0.35710588544125776, 0.925303444577321, 4.1482206750932463e-17]}], "source": "action wait"}
{"timestamp": 1706067222.914714, "objects": [{"color": "cv_", "id_name": "hand", "shape": "CVCylinder", "id_string": "ob383", "world_size": [0.12, 0.005, 0.12], "id": 383, "camera_size": [49, 7], "camera_position": [246, 508], "world_position": [0.0061682310304035605, 0.6708025260542118, -0.17410893467900124], "world_orientation": [-8.734546815788258e-06, -0.00012274307664906183, 0.9999999924289223, -0.0007626839554268326, -0.9999997016228029, -0.00012274970265309832, 0.9999997091184037, -0.0007626850218159164, 8.640930034762464e-06], "world_rotation": [0.0, 1.0, 0.0, 0.0]}, {"color": "CVPurple", "id_name": "object175865787061537", "shape": "CVBox", "id_string": "ob457", "world_size": [0.11, 0.11, 0.11], "id": 457, "camera_size": [45, 45], "camera_position": [256, 254], "world_position": [0.705, 0.6547388572526824, -0.15], "world_orientation": [1.0, -3.838362879530641e-17, 1.4813540171849057e-17, 3.838362879530641e-17, 1.0, 5.294293626938881e-18, -1.4813540171849057e-17, -5.294293626938881e-18, 1.0], "world_rotation": [-0.1276280613210114, 0.35710588544125776, 0.925303444577321, 4.1482206750932463e-17]}], "source": "action wait"}
{"timestamp": 1706067222.947442, "objects": [{"color": "CVPurple", "id_name": "object175865787061537", "shape": "CVBox", "id_string": "ob457", "world_size": [0.11, 0.11, 0.11], "id": 457, "camera_size": [45, 45], "camera_position": [256, 254], "world_position": [0.705, 0.6547388572526824, -0.15], "world_orientation": [1.0, -3.838362879530641e-17, 1.4813540171849057e-17, 3.838362879530641e-17, 1.0, 5.294293626938881e-18, -1.4813540171849057e-17, -5.294293626938881e-18, 1.0], "world_rotation": [-0.1276280613210114, 0.35710588544125776, 0.925303444577321, 4.1482206750932463e-17]}], "source": "action wait"}
{"timestamp": 1706067224.459704, "objects": [{"color": "CVPurple", "id_name": "object175865787061537", "shape": "CVBox", "id_string": "ob457", "world_size": [0.11, 0.11, 0.11], "id": 457, "camera_size": [45, 45], "camera_position": [256, 254], "world_position": [0.705, 0.6547388572526824, -0.15], "world_orientation": [1.0, -3.838362879530641e-17, 1.4813540171849057e-17, 3.838362879530641e-17, 1.0, 5.294293626938881e-18, -1.4813540171849057e-17, -5.294293626938881e-18, 1.0], "world_rotation": [-0.1276280613210114, 0.35710588544125776, 0.925303444577321, 4.1482206750932463e-17]}], "source": "action wait"}
{"timestamp": 1706067224.492182, "objects": [{"color": "cv_", "id_name": "hand", "shape": "CVCylinder", "id_string": "ob383", "world_size": [0.12, 0.005, 0.12], "id": 383, "camera_size": [51, 10], "camera_position": [246, 506], "world_position": [0.03548468071302197, 0.7265175471119525, -0.17412293335392826], "world_orientation": [0.00015799150359978393, 0.19316729669266547, 0.9811658221356533, -0.0007083218435394017, -0.9811655666289042, 0.1931673604467057, 0.9999997366593907, -0.000725499985676646, -1.8191207446734652e-05], "world_rotation": [0.0, 1.0, 0.0, 0.0]}, {"color": "CVPurple", "id_name": "object175865787061537", "shape": "CVBox", "id_string": "ob457", "world_size": [0.11, 0.11, 0.11], "id": 457, "camera_size": [45, 45], "camera_position": [256, 254], "world_position": [0.705, 0.6547388572526824, -0.15], "world_orientation": [1.0, -3.838362879530641e-17, 1.4813540171849057e-17, 3.838362879530641e-17, 1.0, 5.294293626938881e-18, -1.4813540171849057e-17, -5.294293626938881e-18, 1.0], "world_rotation": [-0.1276280613210114, 0.35710588544125776, 0.925303444577321, 4.1482206750932463e-17]}], "source": "action wait"}
{"timestamp": 1706067224.523332, "objects": [{"color": "cv_", "id_name": "hand", "shape": "CVCylinder", "id_string": "ob383", "world_size": [0.12, 0.005, 0.12], "id": 383, "camera_size": [53, 21], "camera_position": [245, 501], "world_position": [0.08392767608038612, 0.7794778992366702, -0.17412487091966644], "world_orientation": [0.0002569567716812905, 0.2966284028902154, 0.9549929447760425, -0.0007069812169807928, -0.9549926837535037, 0.29662851203962115, 0.9999997170753482, -0.000751382779148403, -3.568112772970274e-05], "world_rotation": [0.0, 1.0, 0.0, 0.0]}, {"color": "CVPurple", "id_name": "object175865787061537", "shape": "CVBox", "id_string": "ob457", "world_size": [0.11, 0.11, 0.11], "id": 457, "camera_size": [45, 45], "camera_position": [256, 254], "world_position": [0.705, 0.6547388572526824, -0.15], "world_orientation": [1.0, -3.838362879530641e-17, 1.4813540171849057e-17, 3.838362879530641e-17, 1.0, 5.294293626938881e-18, -1.4813540171849057e-17, -5.294293626938881e-18, 1.0], "world_rotation": [-0.1276280613210114, 0.35710588544125776, 0.925303444577321, 4.1482206750932463e-17]}], "source": "action wait"}
{"timestamp": 1706067224.558023, "objects": [{"color": "cv_", "id_name": "hand", "shape": "CVCylinder", "id_string": "ob383", "world_size": [0.12, 0.005, 0.12], "id": 383, "camera_size": [55, 37], "camera_position": [245, 493], "world_position": [0.140810265182581, 0.8113855818348901, -0.17412065483907369], "world_orientation": [0.00028821772265576385, 0.33658016375866157, 0.9416547723527646, -0.0007128884520054256, -0.9416545030287702, 0.3365802856907919, 0.999999704360256, -0.0007683032164189288, -3.1457404473386344e-05], "world_rotation": [0.0, 1.0, 0.0, 0.0]}, {"color": "CVPurple", "id_name": "object175865787061537", "shape": "CVBox", "id_string": "ob457", "world_size": [0.11, 0.11, 0.11], "id": 457, "camera_size": [45, 45], "camera_position": [256, 254], "world_position": [0.705, 0.6547388572526824, -0.15], "world_orientation": [1.0, -3.838362879530641e-17, 1.4813540171849057e-17, 3.838362879530641e-17, 1.0, 5.294293626938881e-18, -1.4813540171849057e-17, -5.294293626938881e-18, 1.0], "world_rotation": [-0.1276280613210114, 0.35710588544125776, 0.925303444577321, 4.1482206750932463e-17]}], "source": "action wait"}
{"timestamp": 1706067224.593856, "objects": [{"color": "cv_", "id_name": "hand", "shape": "CVCylinder", "id_string": "ob383", "world_size": [0.12, 0.005, 0.12], "id": 383, "camera_size": [55, 59], "camera_position": [245, 480], "world_position": [0.20224549750209267, 0.8254689710215504, -0.1741172880392796], "world_orientation": [0.00028609599711432865, 0.33671644248481625, 0.9416060511219378, -0.0007225600573257222, -0.9416057742480104, 0.3367165630166845, 0.9999996980279764, -0.0007767001831183039, -2.609179088728628e-05], "world_rotation": [0.0, 1.0, 0.0, 0.0]}, {"color": "CVPurple", "id_name": "object175865787061537", "shape": "CVBox", "id_string": "ob457", "world_size": [0.11, 0.11, 0.11], "id": 457, "camera_size": [45, 45], "camera_position": [256, 254], "world_position": [0.705, 0.6547388572526824, -0.15], "world_orientation": [1.0, -3.838362879530641e-17, 1.4813540171849057e-17, 3.838362879530641e-17, 1.0, 5.294293626938881e-18, -1.4813540171849057e-17, -5.294293626938881e-18, 1.0], "world_rotation": [-0.1276280613210114, 0.35710588544125776, 0.925303444577321, 4.1482206750932463e-17]}], "source": "action wait"}
{"timestamp": 1706067224.627481, "objects": [{"color": "cv_", "id_name": "hand", "shape": "CVCylinder", "id_string": "ob383", "world_size": [0.12, 0.005, 0.12], "id": 383, "camera_size": [55, 58], "camera_position": [245, 451], "world_position": [0.26629955280898693, 0.8244694754345198, -0.17411455073188079], "world_orientation": [0.00026066486616726234, 0.3088193052984983, 0.9511206909371598, -0.0007356831707392851, -0.9511204066409292, 0.3088194146122714, 0.9999996954120036, -0.0007802218570443642, -2.073050779804788e-05], "world_rotation": [0.0, 1.0, 0.0, 0.0]}, {"color": "CVPurple", "id_name": "object175865787061537", "shape": "CVBox", "id_string": "ob457", "world_size": [0.11, 0.11, 0.11], "id": 457, "camera_size": [45, 45], "camera_position": [256, 254], "world_position": [0.705, 0.6547388572526824, -0.15], "world_orientation": [1.0, -3.838362879530641e-17, 1.4813540171849057e-17, 3.838362879530641e-17, 1.0, 5.294293626938881e-18, -1.4813540171849057e-17, -5.294293626938881e-18, 1.0], "world_rotation": [-0.1276280613210114, 0.35710588544125776, 0.925303444577321, 4.1482206750932463e-17]}], "source": "action wait"}
{"timestamp": 1706067224.659959, "objects": [{"color": "cv_", "id_name": "hand", "shape": "CVCylinder", "id_string": "ob383", "world_size": [0.12, 0.005, 0.12], "id": 383, "camera_size": [54, 56], "camera_position": [245, 420], "world_position": [0.33095496449885087, 0.8105642242117134, -0.1741121387577668], "world_orientation": [0.00021854981366501764, 0.26053450575057535, 0.9654645118021078, -0.0007501076668411473, -0.9654642205334654, 0.2605345969505709, 0.9999996947871871, -0.0007811421199829293, -1.5573095257208834e-05], "world_rotation": [0.0, 1.0, 0.0, 0.0]}, {"color": "CVPurple", "id_name": "object175865787061537", "shape": "CVBox", "id_string": "ob457", "world_size": [0.11, 0.11, 0.11], "id": 457, "camera_size": [45, 45], "camera_position": [256, 254], "world_position": [0.705, 0.6547388572526824, -0.15], "world_orientation": [1.0, -3.838362879530641e-17, 1.4813540171849057e-17, 3.838362879530641e-17, 1.0, 5.294293626938881e-18, -1.4813540171849057e-17, -5.294293626938881e-18, 1.0], "world_rotation": [-0.1276280613210114, 0.35710588544125776, 0.925303444577321, 4.1482206750932463e-17]}], "source": "action wait"}
{"timestamp": 1706067224.690486, "objects": [{"color": "cv_", "id_name": "hand", "shape": "CVCylinder", "id_string": "ob383", "world_size": [0.12, 0.005, 0.12], "id": 383, "camera_size": [53, 55], "camera_position": [245, 390], "world_position": [0.3944233563919142, 0.7855218210516417, -0.17410985519825686], "world_orientation": [0.00016437384350398543, 0.19715396837761096, 0.9803725239592344, -0.0007633888334072931, -0.9803722268021211, 0.19715403661233927, 0.9999996951093179, -0.0007808124041303777, -1.0642413062193798e-05], "world_rotation": [0.0, 1.0, 0.0, 0.0]}, {"color": "CVPurple", "id_name": "object175865787061537", "shape": "CVBox", "id_string": "ob457", "world_size": [0.11, 0.11, 0.11], "id": 457, "camera_size": [45, 45], "camera_position": [256, 254], "world_position": [0.705, 0.6547388572526824, -0.15], "world_orientation": [1.0, -3.838362879530641e-17, 1.4813540171849057e-17, 3.838362879530641e-17, 1.0, 5.294293626938881e-18, -1.4813540171849057e-17, -5.294293626938881e-18, 1.0], "world_rotation": [-0.1276280613210114, 0.35710588544125776, 0.925303444577321, 4.1482206750932463e-17]}], "source": "action wait"}
{"timestamp": 1706067224.720206, "objects": [{"color": "cv_", "id_name": "hand", "shape": "CVCylinder", "id_string": "ob383", "world_size": [0.12, 0.005, 0.12], "id": 383, "camera_size": [52, 53], "camera_position": [245, 365], "world_position": [0.4457431303781397, 0.7577785366123359, -0.17410287397197463], "world_orientation": [0.00010273117963813925, 0.1390166799343695, 0.9902900343567685, -0.000767925331990271, -0.9902897366236929, 0.13901671780207553, 0.9999996998684497, -0.0007747501548096051, 5.020797264303269e-06], "world_rotation": [0.0, 1.0, 0.0, 0.0]}, {"color": "CVPurple", "id_name": "object175865787061537", "shape": "CVBox", "id_string": "ob457", "world_size": [0.11, 0.11, 0.11], "id": 457, "camera_size": [45, 45], "camera_position": [256, 254], "world_position": [0.705, 0.6547388572526824, -0.15], "world_orientation": [1.0, -3.838362879530641e-17, 1.4813540171849057e-17, 3.838362879530641e-17, 1.0, 5.294293626938881e-18, -1.4813540171849057e-17, -5.294293626938881e-18, 1.0], "world_rotation": [-0.1276280613210114, 0.35710588544125776, 0.925303444577321, 4.1482206750932463e-17]}], "source": "action wait"}
{"timestamp": 1706067224.752277, "objects": [{"color": "cv_", "id_name": "hand", "shape": "CVCylinder", "id_string": "ob383", "world_size": [0.12, 0.005, 0.12], "id": 383, "camera_size": [51, 52], "camera_position": [246, 348], "world_position": [0.48060425612230684, 0.7350615503890985, -0.1740983601097773], "world_orientation": [6.0139304729856476e-05, 0.09768906202139005, 0.9952169831472155, -0.0007666213215321617, -0.9952166879944098, 0.09768907937526684, 0.9999997043374631, -0.0007688295121452165, 1.5038878154939149e-05], "world_rotation": [0.0, 1.0, 0.0, 0.0]}, {"color": "CVPurple", "id_name": "object175865787061537", "shape": "CVBox", "id_string": "ob457", "world_size": [0.11, 0.11, 0.11], "id": 457, "camera_size": [45, 45], "camera_position": [256, 254], "world_position": [0.705, 0.6547388572526824, -0.15], "world_orientation": [1.0, -3.838362879530641e-17, 1.4813540171849057e-17, 3.838362879530641e-17, 1.0, 5.294293626938881e-18, -1.4813540171849057e-17, -5.294293626938881e-18, 1.0], "world_rotation": [-0.1276280613210114, 0.35710588544125776, 0.925303444577321, 4.1482206750932463e-17]}], "source": "action wait"}
{"timestamp": 1706067224.785465, "objects": [{"color": "cv_", "id_name": "hand", "shape": "CVCylinder", "id_string": "ob383", "world_size": [0.12, 0.005, 0.12], "id": 383, "camera_size": [51, 51], "camera_position": [246, 338], "world_position": [0.5043668485507288, 0.7175581893938905, -0.1740967823333953], "world_orientation": [3.373758413176504e-05, 0.06844568223900678, 0.9976548438436074, -0.0007644117193132383, -0.9976545511686973, 0.06844568800961097, 0.9999997072682066, -0.0007649282466216916, 1.866222728578287e-05], "world_rotation": [0.0, 1.0, 0.0, 0.0]}, {"color": "CVPurple", "id_name": "object175865787061537", "shape": "CVBox", "id_string": "ob457", "world_size": [0.11, 0.11, 0.11], "id": 457, "camera_size": [45, 45], "camera_position": [256, 254], "world_position": [0.705, 0.6547388572526824, -0.15], "world_orientation": [1.0, -3.838362879530641e-17, 1.4813540171849057e-17, 3.838362879530641e-17, 1.0, 5.294293626938881e-18, -1.4813540171849057e-17, -5.294293626938881e-18, 1.0], "world_rotation": [-0.1276280613210114, 0.35710588544125776, 0.925303444577321, 4.1482206750932463e-17]}], "source": "action wait"}
{"timestamp": 1706067224.82074, "objects": [{"color": "cv_", "id_name": "hand", "shape": "CVCylinder", "id_string": "ob383", "world_size": [0.12, 0.005, 0.12], "id": 383, "camera_size": [49, 50], "camera_position": [246, 330], "world_position": [0.5206760225513002, 0.7045215152032629, -0.17409677605395907], "world_orientation": [1.7535901624030204e-05, 0.04779147480834643, 0.9988573344718131, -0.000762686424547105, -0.9988570434732148, 0.04779147427487921, 0.9999997090009126, -0.0007626529956526499, 1.8934050194976263e-05], "world_rotation": [0.0, 1.0, 0.0, 0.0]}, {"color": "CVPurple", "id_name": "object175865787061537", "shape": "CVBox", "id_string": "ob457", "world_size": [0.11, 0.11, 0.11], "id": 457, "camera_size": [45, 45], "camera_position": [256, 254], "world_position": [0.705, 0.6547388572526824, -0.15], "world_orientation": [1.0, -3.838362879530641e-17, 1.4813540171849057e-17, 3.838362879530641e-17, 1.0, 5.294293626938881e-18, -1.4813540171849057e-17, -5.294293626938881e-18, 1.0], "world_rotation": [-0.1276280613210114, 0.35710588544125776, 0.925303444577321, 4.1482206750932463e-17]}], "source": "action wait"}
{"timestamp": 1706067224.85707, "objects": [{"color": "cv_", "id_name": "hand", "shape": "CVCylinder", "id_string": "ob383", "world_size": [0.12, 0.005, 0.12], "id": 383, "camera_size": [49, 49], "camera_position": [246, 325], "world_position": [0.5319406100346057, 0.6950076577672569, -0.17409752970861975], "world_orientation": [7.717588874265852e-06, 0.03321687890720215, 0.9994481671883257, -0.000761673906672682, -0.9994478771092914, 0.03321687514789391, 0.9999997098966074, -0.0007615099442056267, 1.7587102108310762e-05], "world_rotation": [0.0, 1.0, 0.0, 0.0]}, {"color": "CVPurple", "id_name": "object175865787061537", "shape": "CVBox", "id_string": "ob457", "world_size": [0.11, 0.11, 0.11], "id": 457, "camera_size": [45, 45], "camera_position": [256, 254], "world_position": [0.705, 0.6547388572526824, -0.15], "world_orientation": [1.0, -3.838362879530641e-17, 1.4813540171849057e-17, 3.838362879530641e-17, 1.0, 5.294293626938881e-18, -1.4813540171849057e-17, -5.294293626938881e-18, 1.0], "world_rotation": [-0.1276280613210114, 0.35710588544125776, 0.925303444577321, 4.1482206750932463e-17]}], "source": "action wait"}
{"timestamp": 1706067224.890558, "objects": [{"color": "cv_", "id_name": "hand", "shape": "CVCylinder", "id_string": "ob383", "world_size": [0.12, 0.005, 0.12], "id": 383, "camera_size": [49, 50], "camera_position": [246, 321], "world_position": [0.5397619519328481, 0.6881530933864963, -0.17409858016783517], "world_orientation": [1.8611416932252115e-06, 0.022936816541793064, 0.9997369166152986, -0.0007612383147228822, -0.9997366269188321, 0.022936811312475432, 0.9999997102563402, -0.0007610807342266813, 1.5599732051152103e-05], "world_rotation": [0.0, 1.0, 0.0, 0.0]}, {"color": "CVPurple", "id_name": "object175865787061537", "shape": "CVBox", "id_string": "ob457", "world_size": [0.11, 0.11, 0.11], "id": 457, "camera_size": [45, 45], "camera_position": [256, 254], "world_position": [0.705, 0.6547388572526824, -0.15], "world_orientation": [1.0, -3.838362879530641e-17, 1.4813540171849057e-17, 3.838362879530641e-17, 1.0, 5.294293626938881e-18, -1.4813540171849057e-17, -5.294293626938881e-18, 1.0], "world_rotation": [-0.1276280613210114, 0.35710588544125776, 0.925303444577321, 4.1482206750932463e-17]}], "source": "action wait"}
{"timestamp": 1706067224.923837, "objects": [{"color": "cv_", "id_name": "hand", "shape": "CVCylinder", "id_string": "ob383", "world_size": [0.12, 0.005, 0.12], "id": 383, "camera_size": [49, 49], "camera_position": [246, 319], "world_position": [0.5452150462451851, 0.6832552104877271, -0.1740996765216999], "world_orientation": [-1.5297238052405004e-06, 0.01568732882726515, 0.9998769462848541, -0.0007611789792582266, -0.9998766566431775, 0.01568732311846521, 0.9999997103020689, -0.0007610613160856932, 1.3470400068366832e-05], "world_rotation": [0.0, 1.0, 0.0, 0.0]}, {"color": "CVPurple", "id_name": "object175865787061537", "shape": "CVBox", "id_string": "ob457", "world_size": [0.11, 0.11, 0.11], "id": 457, "camera_size": [45, 45], "camera_position": [256, 254], "world_position": [0.705, 0.6547388572526824, -0.15], "world_orientation": [1.0, -3.838362879530641e-17, 1.4813540171849057e-17, 3.838362879530641e-17, 1.0, 5.294293626938881e-18, -1.4813540171849057e-17, -5.294293626938881e-18, 1.0], "world_rotation": [-0.1276280613210114, 0.35710588544125776, 0.925303444577321, 4.1482206750932463e-17]}], "source": "action wait"}
{"timestamp": 1706067224.955458, "objects": [{"color": "cv_", "id_name": "hand", "shape": "CVCylinder", "id_string": "ob383", "world_size": [0.12, 0.005, 0.12], "id": 383, "camera_size": [49, 49], "camera_position": [246, 317], "world_position": [0.5490289541817688, 0.6797743994178613, -0.17410069387701288], "world_orientation": [-3.4295089503773418e-06, 0.010575443322514802, 0.9999440784297744, -0.0007613293456127352, -0.9999437886682456, 0.010575437646855366, 0.999999710182891, -0.0007612505023225699, 1.1480711517775166e-05], "world_rotation": [0.0, 1.0, 0.0, 0.0]}, {"color": "CVPurple", "id_name": "object175865787061537", "shape": "CVBox", "id_string": "ob457", "world_size": [0.11, 0.11, 0.11], "id": 457, "camera_size": [45, 45], "camera_position": [256, 254], "world_position": [0.705, 0.6547388572526824, -0.15], "world_orientation": [1.0, -3.838362879530641e-17, 1.4813540171849057e-17, 3.838362879530641e-17, 1.0, 5.294293626938881e-18, -1.4813540171849057e-17, -5.294293626938881e-18, 1.0], "world_rotation": [-0.1276280613210114, 0.35710588544125776, 0.925303444577321, 4.1482206750932463e-17]}], "source": "action wait"}
{"timestamp": 1706067224.984004, "objects": [{"color": "cv_", "id_name": "hand", "shape": "CVCylinder", "id_string": "ob383", "world_size": [0.12, 0.005, 0.12], "id": 383, "camera_size": [49, 49], "camera_position": [246, 316], "world_position": [0.5517026575225304, 0.6773095029186946, -0.17410157962807737], "world_orientation": [-4.4207590696777235e-06, 0.006970972096161367, 0.9999757024690609, -0.0007615739807631456, -0.9999754125118415, 0.006970966708012055, 0.9999997099927224, -0.0007615246594318551, 9.729561343745566e-06], "world_rotation": [0.0, 1.0, 0.0, 0.0]}, {"color": "CVPurple", "id_name": "object175865787061537", "shape": "CVBox", "id_string": "ob457", "world_size": [0.11, 0.11, 0.11], "id": 457, "camera_size": [45, 45], "camera_position": [256, 254], "world_position": [0.705, 0.6547388572526824, -0.15], "world_orientation": [1.0, -3.838362879530641e-17, 1.4813540171849057e-17, 3.838362879530641e-17, 1.0, 5.294293626938881e-18, -1.4813540171849057e-17, -5.294293626938881e-18, 1.0], "world_rotation": [-0.1276280613210114, 0.35710588544125776, 0.925303444577321, 4.1482206750932463e-17]}], "source": "action wait"}
{"timestamp": 1706067225.014636, "objects": [{"color": "cv_", "id_name": "hand", "shape": "CVCylinder", "id_string": "ob383", "world_size": [0.12, 0.005, 0.12], "id": 383, "camera_size": [49, 49], "camera_position": [246, 315], "world_position": [0.5535802495912047, 0.6755681178587712, -0.1741023207386744], "world_orientation": [-4.8867688932397485e-06, 0.0044294119566114405, 0.9999901900948021, -0.0007618426349221419, -0.999989899923937, 0.004429406948327438, 0.9999997097859175, -0.0007618135158303618, 8.261234413049189e-06], "world_rotation": [0.0, 1.0, 0.0, 0.0]}, {"color": "CVPurple", "id_name": "object175865787061537", "shape": "CVBox", "id_string": "ob457", "world_size": [0.11, 0.11, 0.11], "id": 457, "camera_size": [45, 45], "camera_position": [256, 254], "world_position": [0.705, 0.6547388572526824, -0.15], "world_orientation": [1.0, -3.838362879530641e-17, 1.4813540171849057e-17, 3.838362879530641e-17, 1.0, 5.294293626938881e-18, -1.4813540171849057e-17, -5.294293626938881e-18, 1.0], "world_rotation": [-0.1276280613210114, 0.35710588544125776, 0.925303444577321, 4.1482206750932463e-17]}], "source": "action wait"}
{"timestamp": 1706067225.047607, "objects": [{"color": "cv_", "id_name": "hand", "shape": "CVCylinder", "id_string": "ob383", "world_size": [0.12, 0.005, 0.12], "id": 383, "camera_size": [49, 49], "camera_position": [246, 315], "world_position": [0.5549004220196743, 0.6743397569562032, -0.17410292430815516], "world_orientation": [-5.050653910723458e-06, 0.002637308668770818, 0.999996522282691, -0.000762096970270469, -0.9999962319106686, 0.0026373040538664747, 0.9999997095913072, -0.0007620809998029499, 7.06051982591227e-06], "world_rotation": [0.0, 1.0, 0.0, 0.0]}, {"color": "CVPurple", "id_name": "object175865787061537", "shape": "CVBox", "id_string": "ob457", "world_size": [0.11, 0.11, 0.11], "id": 457, "camera_size": [45, 45], "camera_position": [256, 254], "world_position": [0.705, 0.6547388572526824, -0.15], "world_orientation": [1.0, -3.838362879530641e-17, 1.4813540171849057e-17, 3.838362879530641e-17, 1.0, 5.294293626938881e-18, -1.4813540171849057e-17, -5.294293626938881e-18, 1.0], "world_rotation": [-0.1276280613210114, 0.35710588544125776, 0.925303444577321, 4.1482206750932463e-17]}], "source": "action wait"}
