{"timestamp": 1706067613.739833, "objects": [{"color": "cv_", "id_name": "hand", "shape": "CVCylinder", "id_string": "ob383", "world_size": [0.12, 0.005, 0.12], "id": 383, "camera_size": [48, 50], "camera_position": [246, 426], "world_position": [0.26764451554013885, 0.6334703013847399, -0.173892604008475], "world_orientation": [-0.0006415490771944457, 0.1979154748664116, 0.9802188802625588, -0.0007473671063581248, -0.980218903124968, 0.19791499033396479, 0.9999995149284774, -0.0006056111687280093, 0.0007767740485032085], "world_rotation": [0.0, 1.0, 0.0, 0.0]}, {"color": "CVGreen", "id_name": "object227298923103569", "shape": "CVBox", "id_string": "ob548", "world_size": [0.1, 0.1, 0.1], "id": 548, "camera_size": [41, 41], "camera_position": [256, 254], "world_position": [0.705, 0.6498037932383656, -0.15], "world_orientation": [1.0, 2.1316282072802963e-17, -9.624447840080312e-18, -2.1316282072802963e-17, 1.0, -1.5774048733874193e-16, 9.624447840080312e-18, 1.5774048733874193e-16, 1.0], "world_rotation": [-0.9891858493133231, 0.06035462278252622, 0.13367376342071935, -1.5946496550495827e-16]}], "source": "manual check"}
{"timestamp": 1706067614.759352, "objects": [{"color": "cv_", "id_name": "hand", "shape": "CVCylinder", "id_string": "ob383", "world_size": [0.12, 0.005, 0.12], "id": 383, "camera_size": [48, 50], "camera_position": [246, 426], "world_position": [0.26764451554013885, 0.6334703013847399, -0.173892604008475], "world_orientation": [-0.0006415490771944457, 0.1979154748664116, 0.9802188802625588, -0.0007473671063581248, -0.980218903124968, 0.19791499033396479, 0.9999995149284774, -0.0006056111687280093, 0.0007767740485032085], "world_rotation": [0.0, 1.0, 0.0, 0.0]}, {"color": "CVGreen", "id_name": "object227298923103569", "shape": "CVBox", "id_string": "ob548", "world_size": [0.1, 0.1, 0.1], "id": 548, "camera_size": [41, 41], "camera_position": [256, 254], "world_position": [0.705, 0.6498037994254439, -0.15], "world_orientation": [1.0, 8.100187187665134e-17, -1.2653630886983698e-17, -8.100187187665134e-17, 1.0, -1.9397816686250694e-16, 1.2653630886983698e-17, 1.9397816686250694e-16, 1.0], "world_rotation": [-0.9211093596285536, 0.06008602943210125, 0.38463907325148433, -2.1059189642881336e-16]}], "source": "manual check"}
{"timestamp": 1706067615.707143, "objects": [{"color": "cv_", "id_name": "hand", "shape": "CVCylinder", "id_string": "ob383", "world_size": [0.12, 0.005, 0.12], "id": 383, "camera_size": [48, 50], "camera_position": [246, 426], "world_position": [0.26764451554013885, 0.6334703013847399, -0.173892604008475], "world_orientation": [-0.0006415490771944457, 0.1979154748664116, 0.9802188802625588, -0.0007473671063581248, -0.980218903124968, 0.19791499033396479, 0.9999995149284774, -0.0006056111687280093, 0.0007767740485032085], "world_rotation": [0.0, 1.0, 0.0, 0.0]}, {"color": "CVGreen", "id_name": "object227298923103569", "shape": "CVBox", "id_string": "ob548", "world_size": [0.1, 0.1, 0.1], "id": 548, "camera_size": [41, 41], "camera_position": [256, 254], "world_position": [0.705, 0.6498037994254439, -0.15], "world_orientation": [1.0, 8.100187187665134e-17, -1.2653630886983698e-17, -8.100187187665134e-17, 1.0, -1.9397816686250694e-16, 1.2653630886983698e-17, 1.9397816686250694e-16, 1.0], "world_rotation": [-0.9211093596285536, 0.06008602943210125, 0.38463907325148433, -2.1059189642881336e-16]}], "source": "action wait"}
{"timestamp": 1706067615.743652, "objects": [{"color": "cv_", "id_name": "hand", "shape": "CVCylinder", "id_string": "ob383", "world_size": [0.12, 0.005, 0.12], "id": 383, "camera_size": [48, 50], "camera_position": [246, 444], "world_position": [0.2251272435547961, 0.6422788429884618, -0.17397258142871713], "world_orientation": [-0.0005240272391106012, 0.08819722225233542, 0.9961028939735217, -0.0007623394317119275, -0.9961027765259206, 0.08819681080369694, 0.9999995721169304, -0.0007131509828548789, 0.0005892212081440929], "world_rotation": [0.0, 1.0, 0.0, 0.0]}, {"color": "CVGreen", "id_name": "object227298923103569", "shape": "CVBox", "id_string": "ob548", "world_size": [0.1, 0.1, 0.1], "id": 548, "camera_size": [41, 41], "camera_position": [256, 254], "world_position": [0.705, 0.6498037994254439, -0.15], "world_orientation": [1.0, 8.100187187665134e-17, -1.2653630886983698e-17, -8.100187187665134e-17, 1.0, -1.9397816686250694e-16, 1.2653630886983698e-17, 1.9397816686250694e-16, 1.0], "world_rotation": [-0.9211093596285536, 0.06008602943210125, 0.38463907325148433, -2.1059189642881336e-16]}], "source": "action wait"}
{"timestamp": 1706067615.778454, "objects": [{"color": "cv_", "id_name": "hand", "shape": "CVCylinder", "id_string": "ob383", "world_size": [0.12, 0.005, 0.12], "id": 383, "camera_size": [48, 49], "camera_position": [246, 471], "world_position": [0.16390873059285588, 0.6585635102282967, -0.17403857041288237], "world_orientation": [-0.00037900746403494377, 0.06114464598804816, 0.9981288436972146, -0.0007690022739468714, -0.9981286380781449, 0.061144341387987404, 0.999999632494355, -0.0007443891887259061, 0.00042531857570352115], "world_rotation": [0.0, 1.0, 0.0, 0.0]}, {"color": "CVGreen", "id_name": "object227298923103569", "shape": "CVBox", "id_string": "ob548", "world_size": [0.1, 0.1, 0.1], "id": 548, "camera_size": [41, 41], "camera_position": [256, 254], "world_position": [0.705, 0.6498037994254439, -0.15], "world_orientation": [1.0, 8.100187187665134e-17, -1.2653630886983698e-17, -8.100187187665134e-17, 1.0, -1.9397816686250694e-16, 1.2653630886983698e-17, 1.9397816686250694e-16, 1.0], "world_rotation": [-0.9211093596285536, 0.06008602943210125, 0.38463907325148433, -2.1059189642881336e-16]}], "source": "action wait"}
{"timestamp": 1706067615.811628, "objects": [{"color": "cv_", "id_name": "hand", "shape": "CVCylinder", "id_string": "ob383", "world_size": [0.12, 0.005, 0.12], "id": 383, "camera_size": [48, 46], "camera_position": [246, 488], "world_position": [0.11779436014555321, 0.6656957102802701, -0.17407775804829054], "world_orientation": [-0.00025782856787079627, 0.042801105731810694, 0.9990835795230368, -0.0007698661753028533, -0.9990833251506466, 0.04280089615884135, 0.9999996704151967, -0.0007581253604153999, 0.00029054334647604543], "world_rotation": [0.0, 1.0, 0.0, 0.0]}, {"color": "CVGreen", "id_name": "object227298923103569", "shape": "CVBox", "id_string": "ob548", "world_size": [0.1, 0.1, 0.1], "id": 548, "camera_size": [41, 41], "camera_position": [256, 254], "world_position": [0.705, 0.6498037994254439, -0.15], "world_orientation": [1.0, 8.100187187665134e-17, -1.2653630886983698e-17, -8.100187187665134e-17, 1.0, -1.9397816686250694e-16, 1.2653630886983698e-17, 1.9397816686250694e-16, 1.0], "world_rotation": [-0.9211093596285536, 0.06008602943210125, 0.38463907325148433, -2.1059189642881336e-16]}], "source": "action wait"}
{"timestamp": 1706067615.843892, "objects": [{"color": "cv_", "id_name": "hand", "shape": "CVCylinder", "id_string": "ob383", "world_size": [0.12, 0.005, 0.12], "id": 383, "camera_size": [49, 34], "camera_position": [246, 494], "world_position": [0.08440722918954666, 0.6684077414956584, -0.17409651712949045], "world_orientation": [-0.00017520177740807302, 0.029819743542448277, 0.9995552772105203, -0.0007680832494721153, -0.9995550017195424, 0.029819600694300227, 0.9999996896761814, -0.0007625172183039694, 0.0001980278584372772], "world_rotation": [0.0, 1.0, 0.0, 0.0]}, {"color": "CVGreen", "id_name": "object227298923103569", "shape": "CVBox", "id_string": "ob548", "world_size": [0.1, 0.1, 0.1], "id": 548, "camera_size": [41, 41], "camera_position": [256, 254], "world_position": [0.705, 0.6498037994254439, -0.15], "world_orientation": [1.0, 8.100187187665134e-17, -1.2653630886983698e-17, -8.100187187665134e-17, 1.0, -1.9397816686250694e-16, 1.2653630886983698e-17, 1.9397816686250694e-16, 1.0], "world_rotation": [-0.9211093596285536, 0.06008602943210125, 0.38463907325148433, -2.1059189642881336e-16]}], "source": "action wait"}
{"timestamp": 1706067615.874574, "objects": [{"color": "cv_", "id_name": "hand", "shape": "CVCylinder", "id_string": "ob383", "world_size": [0.12, 0.005, 0.12], "id": 383, "camera_size": [49, 26], "camera_position": [246, 498], "world_position": [0.06052474735752578, 0.6691591013017388, -0.17410506762163705], "world_orientation": [-0.00011925175331027023, 0.020637087263652754, 0.9997870255250824, -0.0007660141860086733, -0.9997867411927946, 0.02063699002661906, 0.9999996995005981, -0.0007633900472962684, 0.00013503462342583068], "world_rotation": [0.0, 1.0, 0.0, 0.0]}, {"color": "CVGreen", "id_name": "object227298923103569", "shape": "CVBox", "id_string": "ob548", "world_size": [0.1, 0.1, 0.1], "id": 548, "camera_size": [41, 41], "camera_position": [256, 254], "world_position": [0.705, 0.6498037994254439, -0.15], "world_orientation": [1.0, 8.100187187665134e-17, -1.2653630886983698e-17, -8.100187187665134e-17, 1.0, -1.9397816686250694e-16, 1.2653630886983698e-17, 1.9397816686250694e-16, 1.0], "world_rotation": [-0.9211093596285536, 0.06008602943210125, 0.38463907325148433, -2.1059189642881336e-16]}], "source": "action wait"}
{"timestamp": 1706067615.901833, "objects": [{"color": "cv_", "id_name": "hand", "shape": "CVCylinder", "id_string": "ob383", "world_size": [0.12, 0.005, 0.12], "id": 383, "camera_size": [49, 20], "camera_position": [246, 501], "world_position": [0.04355283938107354, 0.6691189097902573, -0.17410866762971502], "world_orientation": [-8.148688873513075e-05, 0.014143367381247876, 0.9998999742569283, -0.0007644082178307501, -0.9998996863268488, 0.01414330101306144, 0.9999997045199381, -0.000763179263735116, 9.229002074040273e-05], "world_rotation": [0.0, 1.0, 0.0, 0.0]}, {"color": "CVGreen", "id_name": "object227298923103569", "shape": "CVBox", "id_string": "ob548", "world_size": [0.1, 0.1, 0.1], "id": 548, "camera_size": [41, 41], "camera_position": [256, 254], "world_position": [0.705, 0.6498037994254439, -0.15], "world_orientation": [1.0, 8.100187187665134e-17, -1.2653630886983698e-17, -8.100187187665134e-17, 1.0, -1.9397816686250694e-16, 1.2653630886983698e-17, 1.9397816686250694e-16, 1.0], "world_rotation": [-0.9211093596285536, 0.06008602943210125, 0.38463907325148433, -2.1059189642881336e-16]}], "source": "action wait"}
{"timestamp": 1706067615.934511, "objects": [{"color": "cv_", "id_name": "hand", "shape": "CVCylinder", "id_string": "ob383", "world_size": [0.12, 0.005, 0.12], "id": 383, "camera_size": [49, 16], "camera_position": [246, 503], "world_position": [0.03153602791386636, 0.6688157966949523, -0.17410994457751602], "world_orientation": [-5.6052263654644386e-05, 0.009552049582789705, 0.9999543765627068, -0.0007633702597986296, -0.9999540871884551, 0.009552004027963548, 0.9999997070619523, -0.0007628000207756217, 6.334144070961782e-05], "world_rotation": [0.0, 1.0, 0.0, 0.0]}, {"color": "CVGreen", "id_name": "object227298923103569", "shape": "CVBox", "id_string": "ob548", "world_size": [0.1, 0.1, 0.1], "id": 548, "camera_size": [41, 41], "camera_position": [256, 254], "world_position": [0.705, 0.6498037994254439, -0.15], "world_orientation": [1.0, 8.100187187665134e-17, -1.2653630886983698e-17, -8.100187187665134e-17, 1.0, -1.9397816686250694e-16, 1.2653630886983698e-17, 1.9397816686250694e-16, 1.0], "world_rotation": [-0.9211093596285536, 0.06008602943210125, 0.38463907325148433, -2.1059189642881336e-16]}], "source": "action wait"}
{"timestamp": 1706067615.970174, "objects": [{"color": "cv_", "id_name": "hand", "shape": "CVCylinder", "id_string": "ob383", "world_size": [0.12, 0.005, 0.12], "id": 383, "camera_size": [49, 13], "camera_position": [246, 505], "world_position": [0.023045381314689903, 0.6684722094259359, -0.1741101856069593], "world_orientation": [-3.8954297816025754e-05, 0.006306245648785236, 0.999980114676477, -0.0007627915437201279, -0.999979824702837, 0.006306214105504481, 0.9999997083157693, -0.0007625307212215082, 4.376386275537334e-05], "world_rotation": [0.0, 1.0, 0.0, 0.0]}, {"color": "CVGreen", "id_name": "object227298923103569", "shape": "CVBox", "id_string": "ob548", "world_size": [0.1, 0.1, 0.1], "id": 548, "camera_size": [41, 41], "camera_position": [256, 254], "world_position": [0.705, 0.6498037994254439, -0.15], "world_orientation": [1.0, 8.100187187665134e-17, -1.2653630886983698e-17, -8.100187187665134e-17, 1.0, -1.9397816686250694e-16, 1.2653630886983698e-17, 1.9397816686250694e-16, 1.0], "world_rotation": [-0.9211093596285536, 0.06008602943210125, 0.38463907325148433, -2.1059189642881336e-16]}], "source": "action wait"}
{"timestamp": 1706067616.00526, "objects": [{"color": "cv_", "id_name": "hand", "shape": "CVCylinder", "id_string": "ob383", "world_size": [0.12, 0.005, 0.12], "id": 383, "camera_size": [48, 11], "camera_position": [246, 506], "world_position": [0.017053406746746973, 0.6681700885448212, -0.17411000712960922], "world_orientation": [-2.7453231575573916e-05, 0.004011887194677142, 0.9999919519713433, -0.0007625260844170617, -0.9999916617114468, 0.004011865096204508, 0.9999997089001029, -0.000762409808924115, 3.0512171296653127e-05], "world_rotation": [0.0, 1.0, 0.0, 0.0]}, {"color": "CVGreen", "id_name": "object227298923103569", "shape": "CVBox", "id_string": "ob548", "world_size": [0.1, 0.1, 0.1], "id": 548, "camera_size": [41, 41], "camera_position": [256, 254], "world_position": [0.705, 0.6498037994254439, -0.15], "world_orientation": [1.0, 8.100187187665134e-17, -1.2653630886983698e-17, -8.100187187665134e-17, 1.0, -1.9397816686250694e-16, 1.2653630886983698e-17, 1.9397816686250694e-16, 1.0], "world_rotation": [-0.9211093596285536, 0.06008602943210125, 0.38463907325148433, -2.1059189642881336e-16]}], "source": "action wait"}
{"timestamp": 1706067616.039951, "objects": [{"color": "cv_", "id_name": "hand", "shape": "CVCylinder", "id_string": "ob383", "world_size": [0.12, 0.005, 0.12], "id": 383, "camera_size": [48, 9], "camera_position": [246, 507], "world_position": [0.012827707147475081, 0.6679304346750705, -0.17410969456915748], "world_orientation": [-1.9734949521664276e-05, 0.0023902178189446266, 0.9999971432305744, -0.0007624515144786135, -0.9999968527959053, 0.0023902020777557156, 0.9999997091390678, -0.0007624021658134509, 2.155731260810357e-05], "world_rotation": [0.0, 1.0, 0.0, 0.0]}, {"color": "CVGreen", "id_name": "object227298923103569", "shape": "CVBox", "id_string": "ob548", "world_size": [0.1, 0.1, 0.1], "id": 548, "camera_size": [41, 41], "camera_position": [256, 254], "world_position": [0.705, 0.6498037994254439, -0.15], "world_orientation": [1.0, 8.100187187665134e-17, -1.2653630886983698e-17, -8.100187187665134e-17, 1.0, -1.9397816686250694e-16, 1.2653630886983698e-17, 1.9397816686250694e-16, 1.0], "world_rotation": [-0.9211093596285536, 0.06008602943210125, 0.38463907325148433, -2.1059189642881336e-16]}], "source": "action wait"}
{"timestamp": 1706067616.073412, "objects": [{"color": "cv_", "id_name": "hand", "shape": "CVCylinder", "id_string": "ob383", "world_size": [0.12, 0.005, 0.12], "id": 383, "camera_size": [48, 8], "camera_position": [246, 507], "world_position": [0.00984879442602924, 0.6677502536874852, -0.17410937250743572], "world_orientation": [-1.4546411660558173e-05, 0.0012440958944005917, 0.9999992260066042, -0.0007624809215531442, -0.9999989354378067, 0.0012440844415354925, 0.9999997092055809, -0.0007624622344338972, 1.5494995559425884e-05], "world_rotation": [0.0, 1.0, 0.0, 0.0]}, {"color": "CVGreen", "id_name": "object227298923103569", "shape": "CVBox", "id_string": "ob548", "world_size": [0.1, 0.1, 0.1], "id": 548, "camera_size": [41, 41], "camera_position": [256, 254], "world_position": [0.705, 0.6498037994254439, -0.15], "world_orientation": [1.0, 8.100187187665134e-17, -1.2653630886983698e-17, -8.100187187665134e-17, 1.0, -1.9397816686250694e-16, 1.2653630886983698e-17, 1.9397816686250694e-16, 1.0], "world_rotation": [-0.9211093596285536, 0.06008602943210125, 0.38463907325148433, -2.1059189642881336e-16]}], "source": "action wait"}
{"timestamp": 1706067616.104291, "objects": [{"color": "cv_", "id_name": "hand", "shape": "CVCylinder", "id_string": "ob383", "world_size": [0.12, 0.005, 0.12], "id": 383, "camera_size": [48, 8], "camera_position": [246, 507], "world_position": [0.007749243161881342, 0.6676189510762924, -0.174109089096628], "world_orientation": [-1.1069047356017008e-05, 0.0004341224761786809, 0.9999999057075716, -0.0007625587299667937, -0.9999996150245745, 0.0004341139091875475, 0.9999997091907876, -0.0007625538528362102, 1.1400086979155277e-05], "world_rotation": [0.0, 1.0, 0.0, 0.0]}, {"color": "CVGreen", "id_name": "object227298923103569", "shape": "CVBox", "id_string": "ob548", "world_size": [0.1, 0.1, 0.1], "id": 548, "camera_size": [41, 41], "camera_position": [256, 254], "world_position": [0.705, 0.6498037994254439, -0.15], "world_orientation": [1.0, 8.100187187665134e-17, -1.2653630886983698e-17, -8.100187187665134e-17, 1.0, -1.9397816686250694e-16, 1.2653630886983698e-17, 1.9397816686250694e-16, 1.0], "world_rotation": [-0.9211093596285536, 0.06008602943210125, 0.38463907325148433, -2.1059189642881336e-16]}], "source": "action wait"}
{"timestamp": 1706067616.133734, "objects": [{"color": "cv_", "id_name": "hand", "shape": "CVCylinder", "id_string": "ob383", "world_size": [0.12, 0.005, 0.12], "id": 383, "camera_size": [48, 7], "camera_position": [246, 508], "world_position": [0.006269613179488098, 0.6675250926740962, -0.1741088575102177], "world_orientation": [-8.736618064828027e-06, -0.00013825865615470313, 0.9999999904041078, -0.000762652168322019, -0.9999996996221463, -0.00013826527895206345, 0.9999997091426286, -0.0007626533689750244, 8.63117217699954e-06], "world_rotation": [0.0, 1.0, 0.0, 0.0]}, {"color": "CVGreen", "id_name": "object227298923103569", "shape": "CVBox", "id_string": "ob548", "world_size": [0.1, 0.1, 0.1], "id": 548, "camera_size": [41, 41], "camera_position": [256, 254], "world_position": [0.705, 0.6498037994254439, -0.15], "world_orientation": [1.0, 8.100187187665134e-17, -1.2653630886983698e-17, -8.100187187665134e-17, 1.0, -1.9397816686250694e-16, 1.2653630886983698e-17, 1.9397816686250694e-16, 1.0], "world_rotation": [-0.9211093596285536, 0.06008602943210125, 0.38463907325148433, -2.1059189642881336e-16]}], "source": "action wait"}
{"timestamp": 1706067616.164842, "objects": [{"color": "cv_", "id_name": "hand", "shape": "CVCylinder", "id_string": "ob383", "world_size": [0.12, 0.005, 0.12], "id": 383, "camera_size": [48, 7], "camera_position": [246, 508], "world_position": [0.005226893633532441, 0.6674588137252941, -0.1741086760087814], "world_orientation": [-7.173094974635005e-06, -0.000542720059919153, 0.9999998527017309, -0.000762743629815246, -0.9999995618355664, -0.0005427253732931204, 0.9999997090853087, -0.0007627474104854766, 6.759135563527345e-06], "world_rotation": [0.0, 1.0, 0.0, 0.0]}, {"color": "CVGreen", "id_name": "object227298923103569", "shape": "CVBox", "id_string": "ob548", "world_size": [0.1, 0.1, 0.1], "id": 548, "camera_size": [41, 41], "camera_position": [256, 254], "world_position": [0.705, 0.6498037994254439, -0.15], "world_orientation": [1.0, 8.100187187665134e-17, -1.2653630886983698e-17, -8.100187187665134e-17, 1.0, -1.9397816686250694e-16, 1.2653630886983698e-17, 1.9397816686250694e-16, 1.0], "world_rotation": [-0.9211093596285536, 0.06008602943210125, 0.38463907325148433, -2.1059189642881336e-16]}], "source": "action wait"}
{"timestamp": 1706067616.197825, "objects": [{"color": "cv_", "id_name": "hand", "shape": "CVCylinder", "id_string": "ob383", "world_size": [0.12, 0.005, 0.12], "id": 383, "camera_size": [48, 7], "camera_position": [246, 508], "world_position": [0.004492061834895229, 0.6674123718469428, -0.17410853741944043], "world_orientation": [-6.125863453693934e-06, -0.0008285109410507468, 0.9999996567659885, -0.000762824850956424, -0.9999993658300609, -0.0008285153729691967, 0.999999709030318, -0.0007628296645014333, 5.4938508340963765e-06], "world_rotation": [0.0, 1.0, 0.0, 0.0]}, {"color": "CVGreen", "id_name": "object227298923103569", "shape": "CVBox", "id_string": "ob548", "world_size": [0.1, 0.1, 0.1], "id": 548, "camera_size": [41, 41], "camera_position": [256, 254], "world_position": [0.705, 0.6498037994254439, -0.15], "world_orientation": [1.0, 8.100187187665134e-17, -1.2653630886983698e-17, -8.100187187665134e-17, 1.0, -1.9397816686250694e-16, 1.2653630886983698e-17, 1.9397816686250694e-16, 1.0], "world_rotation": [-0.9211093596285536, 0.06008602943210125, 0.38463907325148433, -2.1059189642881336e-16]}], "source": "action wait"}
{"timestamp": 1706067616.232401, "objects": [{"color": "CVGreen", "id_name": "object227298923103569", "shape": "CVBox", "id_string": "ob548", "world_size": [0.1, 0.1, 0.1], "id": 548, "camera_size": [41, 41], "camera_position": [256, 254], "world_position": [0.705, 0.6498037994254439, -0.15], "world_orientation": [1.0, 8.100187187665134e-17, -1.2653630886983698e-17, -8.100187187665134e-17, 1.0, -1.9397816686250694e-16, 1.2653630886983698e-17, 1.9397816686250694e-16, 1.0], "world_rotation": [-0.9211093596285536, 0.06008602943210125, 0.38463907325148433, -2.1059189642881336e-16]}], "source": "action wait"}
{"timestamp": 1706067617.28847, "objects": [{"color": "CVGreen", "id_name": "object227298923103569", "shape": "CVBox", "id_string": "ob548", "world_size": [0.1, 0.1, 0.1], "id": 548, "camera_size": [41, 41], "camera_position": [256, 254], "world_position": [0.705, 0.6498037994254439, -0.15], "world_orientation": [1.0, 8.100187187665134e-17, -1.2653630886983698e-17, -8.100187187665134e-17, 1.0, -1.9397816686250694e-16, 1.2653630886983698e-17, 1.9397816686250694e-16, 1.0], "world_rotation": [-0.9211093596285536, 0.06008602943210125, 0.38463907325148433, -2.1059189642881336e-16]}], "source": "action wait"}
{"timestamp": 1706067617.3254, "objects": [{"color": "cv_", "id_name": "hand", "shape": "CVCylinder", "id_string": "ob383", "world_size": [0.12, 0.005, 0.12], "id": 383, "camera_size": [51, 11], "camera_position": [246, 506], "world_position": [0.035580738642425565, 0.7233448638904962, -0.17412281983851607], "world_orientation": [0.00015819412036912055, 0.1935675574993619, 0.9810869358310462, -0.0007080374651429989, -0.9810866805082453, 0.19356762129101068, 0.9999997368287495, -0.0007252675667130887, -1.8149061682664122e-05], "world_rotation": [0.0, 1.0, 0.0, 0.0]}, {"color": "CVGreen", "id_name": "object227298923103569", "shape": "CVBox", "id_string": "ob548", "world_size": [0.1, 0.1, 0.1], "id": 548, "camera_size": [41, 41], "camera_position": [256, 254], "world_position": [0.705, 0.6498037994254439, -0.15], "world_orientation": [1.0, 8.100187187665134e-17, -1.2653630886983698e-17, -8.100187187665134e-17, 1.0, -1.9397816686250694e-16, 1.2653630886983698e-17, 1.9397816686250694e-16, 1.0], "world_rotation": [-0.9211093596285536, 0.06008602943210125, 0.38463907325148433, -2.1059189642881336e-16]}], "source": "action wait"}
{"timestamp": 1706067617.362501, "objects": [{"color": "cv_", "id_name": "hand", "shape": "CVCylinder", "id_string": "ob383", "world_size": [0.12, 0.005, 0.12], "id": 383, "camera_size": [53, 21], "camera_position": [245, 501], "world_position": [0.08385284624379115, 0.7766168158020913, -0.1741247455521334], "world_orientation": [0.0002576536364398359, 0.29778229652852267, 0.9546337713955034, -0.0007066126484223821, -0.9546335105426753, 0.29778240587303545, 0.9999997171565443, -0.0007512810172204536, -3.554805825487169e-05], "world_rotation": [0.0, 1.0, 0.0, 0.0]}, {"color": "CVGreen", "id_name": "object227298923103569", "shape": "CVBox", "id_string": "ob548", "world_size": [0.1, 0.1, 0.1], "id": 548, "camera_size": [41, 41], "camera_position": [256, 254], "world_position": [0.705, 0.6498037994254439, -0.15], "world_orientation": [1.0, 8.100187187665134e-17, -1.2653630886983698e-17, -8.100187187665134e-17, 1.0, -1.9397816686250694e-16, 1.2653630886983698e-17, 1.9397816686250694e-16, 1.0], "world_rotation": [-0.9211093596285536, 0.06008602943210125, 0.38463907325148433, -2.1059189642881336e-16]}], "source": "action wait"}
{"timestamp": 1706067617.392078, "objects": [{"color": "cv_", "id_name": "hand", "shape": "CVCylinder", "id_string": "ob383", "world_size": [0.12, 0.005, 0.12], "id": 383, "camera_size": [54, 38], "camera_position": [245, 492], "world_position": [0.14047004491200143, 0.8087759048751894, -0.17412056223337188], "world_orientation": [0.0002894699254896392, 0.3383291998814622, 0.9410277725522939, -0.0007123512140570973, -0.9410275034534371, 0.33832932225856466, 0.9999997043814114, -0.0007682784399444404, -3.138994502137613e-05], "world_rotation": [0.0, 1.0, 0.0, 0.0]}, {"color": "CVGreen", "id_name": "object227298923103569", "shape": "CVBox", "id_string": "ob548", "world_size": [0.1, 0.1, 0.1], "id": 548, "camera_size": [41, 41], "camera_position": [256, 254], "world_position": [0.705, 0.6498037994254439, -0.15], "world_orientation": [1.0, 8.100187187665134e-17, -1.2653630886983698e-17, -8.100187187665134e-17, 1.0, -1.9397816686250694e-16, 1.2653630886983698e-17, 1.9397816686250694e-16, 1.0], "world_rotation": [-0.9211093596285536, 0.06008602943210125, 0.38463907325148433, -2.1059189642881336e-16]}], "source": "action wait"}
{"timestamp": 1706067617.423683, "objects": [{"color": "cv_", "id_name": "hand", "shape": "CVCylinder", "id_string": "ob383", "world_size": [0.12, 0.005, 0.12], "id": 383, "camera_size": [55, 59], "camera_position": [245, 480], "world_position": [0.20165233370115596, 0.8230713060546547, -0.17411722048711512], "world_orientation": [0.0002877558899878821, 0.33889672310327706, 0.9408235372621203, -0.0007219133249634391, -0.9408232606538706, 0.3388968442664682, 0.9999996980188041, -0.000776712611024961, -2.6073374495588815e-05], "world_rotation": [0.0, 1.0, 0.0, 0.0]}, {"color": "CVGreen", "id_name": "object227298923103569", "shape": "CVBox", "id_string": "ob548", "world_size": [0.1, 0.1, 0.1], "id": 548, "camera_size": [41, 41], "camera_position": [256, 254], "world_position": [0.705, 0.6498037994254439, -0.15], "world_orientation": [1.0, 8.100187187665134e-17, -1.2653630886983698e-17, -8.100187187665134e-17, 1.0, -1.9397816686250694e-16, 1.2653630886983698e-17, 1.9397816686250694e-16, 1.0], "world_rotation": [-0.9211093596285536, 0.06008602943210125, 0.38463907325148433, -2.1059189642881336e-16]}], "source": "action wait"}
{"timestamp": 1706067617.453054, "objects": [{"color": "cv_", "id_name": "hand", "shape": "CVCylinder", "id_string": "ob383", "world_size": [0.12, 0.005, 0.12], "id": 383, "camera_size": [55, 58], "camera_position": [245, 451], "world_position": [0.26547402365534883, 0.8222608024120859, -0.17411450189776434], "world_orientation": [0.0002626311254130047, 0.3113291152709895, 0.9503021167026172, -0.000735011578986939, -0.9503018326815683, 0.3113292253548195, 0.999999695391389, -0.000780247804141328, -2.0748335198804113e-05], "world_rotation": [0.0, 1.0, 0.0, 0.0]}, {"color": "CVGreen", "id_name": "object227298923103569", "shape": "CVBox", "id_string": "ob548", "world_size": [0.1, 0.1, 0.1], "id": 548, "camera_size": [41, 41], "camera_position": [256, 254], "world_position": [0.705, 0.6498037994254439, -0.15], "world_orientation": [1.0, 8.100187187665134e-17, -1.2653630886983698e-17, -8.100187187665134e-17, 1.0, -1.9397816686250694e-16, 1.2653630886983698e-17, 1.9397816686250694e-16, 1.0], "world_rotation": [-0.9211093596285536, 0.06008602943210125, 0.38463907325148433, -2.1059189642881336e-16]}], "source": "action wait"}
{"timestamp": 1706067617.485956, "objects": [{"color": "cv_", "id_name": "hand", "shape": "CVCylinder", "id_string": "ob383", "world_size": [0.12, 0.005, 0.12], "id": 383, "camera_size": [54, 56], "camera_position": [245, 420], "world_position": [0.3299186143852273, 0.8085328390647654, -0.17411210472528327], "world_orientation": [0.00022075108490118362, 0.2633025532615679, 0.9647132821283728, -0.000749489932362834, -0.9647129911137753, 0.2633026453364165, 0.9999996947668535, -0.0007811672371875713, -1.5618826571211113e-05], "world_rotation": [0.0, 1.0, 0.0, 0.0]}, {"color": "CVGreen", "id_name": "object227298923103569", "shape": "CVBox", "id_string": "ob548", "world_size": [0.1, 0.1, 0.1], "id": 548, "camera_size": [41, 41], "camera_position": [256, 254], "world_position": [0.705, 0.6498037994254439, -0.15], "world_orientation": [1.0, 8.100187187665134e-17, -1.2653630886983698e-17, -8.100187187665134e-17, 1.0, -1.9397816686250694e-16, 1.2653630886983698e-17, 1.9397816686250694e-16, 1.0], "world_rotation": [-0.9211093596285536, 0.06008602943210125, 0.38463907325148433, -2.1059189642881336e-16]}], "source": "action wait"}
{"timestamp": 1706067617.522384, "objects": [{"color": "cv_", "id_name": "hand", "shape": "CVCylinder", "id_string": "ob383", "world_size": [0.12, 0.005, 0.12], "id": 383, "camera_size": [53, 55], "camera_position": [245, 390], "world_position": [0.3931965721146152, 0.7836635211463465, -0.17410983335396804], "world_orientation": [0.0001667545631320379, 0.20012285322093237, 0.9797707975907575, -0.0007628895439602306, -0.9797705006407713, 0.2001229224093942, 0.9999996950961832, -0.0007808283074589269, -1.0709569573842679e-05], "world_rotation": [0.0, 1.0, 0.0, 0.0]}, {"color": "CVGreen", "id_name": "object227298923103569", "shape": "CVBox", "id_string": "ob548", "world_size": [0.1, 0.1, 0.1], "id": 548, "camera_size": [41, 41], "camera_position": [256, 254], "world_position": [0.705, 0.6498037994254439, -0.15], "world_orientation": [1.0, 8.100187187665134e-17, -1.2653630886983698e-17, -8.100187187665134e-17, 1.0, -1.9397816686250694e-16, 1.2653630886983698e-17, 1.9397816686250694e-16, 1.0], "world_rotation": [-0.9211093596285536, 0.06008602943210125, 0.38463907325148433, -2.1059189642881336e-16]}], "source": "action wait"}
{"timestamp": 1706067617.557159, "objects": [{"color": "cv_", "id_name": "hand", "shape": "CVCylinder", "id_string": "ob383", "world_size": [0.12, 0.005, 0.12], "id": 383, "camera_size": [52, 53], "camera_position": [245, 365], "world_position": [0.4449522303908833, 0.7556545628797331, -0.17410302095566288], "world_orientation": [0.00010487700030945112, 0.14113717914022555, 0.9899900432151603, -0.0007678385283217605, -0.989989745456887, 0.14113721803338353, 0.9999996997123596, -0.0007749545458951917, 4.543409082292182e-06], "world_rotation": [0.0, 1.0, 0.0, 0.0]}, {"color": "CVGreen", "id_name": "object227298923103569", "shape": "CVBox", "id_string": "ob548", "world_size": [0.1, 0.1, 0.1], "id": 548, "camera_size": [41, 41], "camera_position": [256, 254], "world_position": [0.705, 0.6498037994254439, -0.15], "world_orientation": [1.0, 8.100187187665134e-17, -1.2653630886983698e-17, -8.100187187665134e-17, 1.0, -1.9397816686250694e-16, 1.2653630886983698e-17, 1.9397816686250694e-16, 1.0], "world_rotation": [-0.9211093596285536, 0.06008602943210125, 0.38463907325148433, -2.1059189642881336e-16]}], "source": "action wait"}
{"timestamp": 1706067617.588799, "objects": [{"color": "cv_", "id_name": "hand", "shape": "CVCylinder", "id_string": "ob383", "world_size": [0.12, 0.005, 0.12], "id": 383, "camera_size": [51, 52], "camera_position": [246, 348], "world_position": [0.4801005542582019, 0.7326815788374517, -0.17409838272938072], "world_orientation": [6.15379688800231e-05, 0.09919213699304642, 0.9950682972398583, -0.0007666324936251652, -0.9950680020309018, 0.09919215497633424, 0.9999997042438055, -0.0007689557737867474, 1.4809451588902393e-05], "world_rotation": [0.0, 1.0, 0.0, 0.0]}, {"color": "CVGreen", "id_name": "object227298923103569", "shape": "CVBox", "id_string": "ob548", "world_size": [0.1, 0.1, 0.1], "id": 548, "camera_size": [41, 41], "camera_position": [256, 254], "world_position": [0.705, 0.6498037994254439, -0.15], "world_orientation": [1.0, 8.100187187665134e-17, -1.2653630886983698e-17, -8.100187187665134e-17, 1.0, -1.9397816686250694e-16, 1.2653630886983698e-17, 1.9397816686250694e-16, 1.0], "world_rotation": [-0.9211093596285536, 0.06008602943210125, 0.38463907325148433, -2.1059189642881336e-16]}], "source": "action wait"}
{"timestamp": 1706067617.626589, "objects": [{"color": "cv_", "id_name": "hand", "shape": "CVCylinder", "id_string": "ob383", "world_size": [0.12, 0.005, 0.12], "id": 383, "camera_size": [51, 51], "camera_position": [246, 338], "world_position": [0.5040454104091905, 0.7149656922771611, -0.1740967334521699], "world_orientation": [3.464839195873582e-05, 0.06950835736684809, 0.9975813686389956, -0.0007644352376519935, -0.9975810759227874, 0.06950836352196428, 0.9999997072190855, -0.0007649947036368089, 1.8570057553724746e-05], "world_rotation": [0.0, 1.0, 0.0, 0.0]}, {"color": "CVGreen", "id_name": "object227298923103569", "shape": "CVBox", "id_string": "ob548", "world_size": [0.1, 0.1, 0.1], "id": 548, "camera_size": [41, 41], "camera_position": [256, 254], "world_position": [0.705, 0.6498037994254439, -0.15], "world_orientation": [1.0, 8.100187187665134e-17, -1.2653630886983698e-17, -8.100187187665134e-17, 1.0, -1.9397816686250694e-16, 1.2653630886983698e-17, 1.9397816686250694e-16, 1.0], "world_rotation": [-0.9211093596285536, 0.06008602943210125, 0.38463907325148433, -2.1059189642881336e-16]}], "source": "action wait"}
{"timestamp": 1706067617.656383, "objects": [{"color": "cv_", "id_name": "hand", "shape": "CVCylinder", "id_string": "ob383", "world_size": [0.12, 0.005, 0.12], "id": 383, "camera_size": [49, 50], "camera_position": [246, 330], "world_position": [0.5204718051979574, 0.7017642082313902, -0.1740966886694971], "world_orientation": [1.8128835640459254e-05, 0.04854183521884782, 0.9988211501089329, -0.0007626985362323407, -0.9988208590901894, 0.04854183491874697, 0.9999997089811017, -0.000762679436093254, 1.8915327479120052e-05], "world_rotation": [0.0, 1.0, 0.0, 0.0]}, {"color": "CVGreen", "id_name": "object227298923103569", "shape": "CVBox", "id_string": "ob548", "world_size": [0.1, 0.1, 0.1], "id": 548, "camera_size": [41, 41], "camera_position": [256, 254], "world_position": [0.705, 0.6498037994254439, -0.15], "world_orientation": [1.0, 8.100187187665134e-17, -1.2653630886983698e-17, -8.100187187665134e-17, 1.0, -1.9397816686250694e-16, 1.2653630886983698e-17, 1.9397816686250694e-16, 1.0], "world_rotation": [-0.9211093596285536, 0.06008602943210125, 0.38463907325148433, -2.1059189642881336e-16]}], "source": "action wait"}
{"timestamp": 1706067617.690381, "objects": [{"color": "cv_", "id_name": "hand", "shape": "CVCylinder", "id_string": "ob383", "world_size": [0.12, 0.005, 0.12], "id": 383, "camera_size": [49, 49], "camera_position": [246, 325], "world_position": [0.531813035233601, 0.6921271712652592, -0.17409742350548615], "world_orientation": [8.10381121779734e-06, 0.03374638444203275, 0.9994304285298796, -0.000761672697450167, -0.999430138446925, 0.033746380823172696, 0.9999997098944732, -0.0007615123447119669, 1.7604506500178658e-05], "world_rotation": [0.0, 1.0, 0.0, 0.0]}, {"color": "CVGreen", "id_name": "object227298923103569", "shape": "CVBox", "id_string": "ob548", "world_size": [0.1, 0.1, 0.1], "id": 548, "camera_size": [41, 41], "camera_position": [256, 254], "world_position": [0.705, 0.6498037994254439, -0.15], "world_orientation": [1.0, 8.100187187665134e-17, -1.2653630886983698e-17, -8.100187187665134e-17, 1.0, -1.9397816686250694e-16, 1.2653630886983698e-17, 1.9397816686250694e-16, 1.0], "world_rotation": [-0.9211093596285536, 0.06008602943210125, 0.38463907325148433, -2.1059189642881336e-16]}], "source": "action wait"}
{"timestamp": 1706067617.719627, "objects": [{"color": "cv_", "id_name": "hand", "shape": "CVCylinder", "id_string": "ob383", "world_size": [0.12, 0.005, 0.12], "id": 383, "camera_size": [49, 50], "camera_position": [246, 321], "world_position": [0.5396853086957698, 0.6851825197732422, -0.17409846649165558], "world_orientation": [2.1125670973256065e-06, 0.023310360385977905, 0.9997282766303117, -0.0007612279520039617, -0.9997279869397442, 0.023310355239933522, 0.9999997102637292, -0.0007610703532696066, 1.563250544598051e-05], "world_rotation": [0.0, 1.0, 0.0, 0.0]}, {"color": "CVGreen", "id_name": "object227298923103569", "shape": "CVBox", "id_string": "ob548", "world_size": [0.1, 0.1, 0.1], "id": 548, "camera_size": [41, 41], "camera_position": [256, 254], "world_position": [0.705, 0.6498037994254439, -0.15], "world_orientation": [1.0, 8.100187187665134e-17, -1.2653630886983698e-17, -8.100187187665134e-17, 1.0, -1.9397816686250694e-16, 1.2653630886983698e-17, 1.9397816686250694e-16, 1.0], "world_rotation": [-0.9211093596285536, 0.06008602943210125, 0.38463907325148433, -2.1059189642881336e-16]}], "source": "action wait"}
{"timestamp": 1706067617.748741, "objects": [{"color": "cv_", "id_name": "hand", "shape": "CVCylinder", "id_string": "ob383", "world_size": [0.12, 0.005, 0.12], "id": 383, "camera_size": [49, 49], "camera_position": [246, 319], "world_position": [0.5451727370353825, 0.6802196326259617, -0.17409956158427078], "world_orientation": [-1.3661445023182944e-06, 0.01595081138412976, 0.9998727777144059, -0.0007611640172704647, -0.9998724880834073, 0.01595080572370057, 0.9999997103136943, -0.0007610453891392977, 1.3507153974851867e-05], "world_rotation": [0.0, 1.0, 0.0, 0.0]}, {"color": "CVGreen", "id_name": "object227298923103569", "shape": "CVBox", "id_string": "ob548", "world_size": [0.1, 0.1, 0.1], "id": 548, "camera_size": [41, 41], "camera_position": [256, 254], "world_position": [0.705, 0.6498037994254439, -0.15], "world_orientation": [1.0, 8.100187187665134e-17, -1.2653630886983698e-17, -8.100187187665134e-17, 1.0, -1.9397816686250694e-16, 1.2653630886983698e-17, 1.9397816686250694e-16, 1.0], "world_rotation": [-0.9211093596285536, 0.06008602943210125, 0.38463907325148433, -2.1059189642881336e-16]}], "source": "action wait"}
{"timestamp": 1706067617.781742, "objects": [{"color": "cv_", "id_name": "hand", "shape": "CVCylinder", "id_string": "ob383", "world_size": [0.12, 0.005, 0.12], "id": 383, "camera_size": [49, 49], "camera_position": [246, 317], "world_position": [0.5490100648543939, 0.6766923185522558, -0.1741005808099704], "world_orientation": [-3.323095965672872e-06, 0.010761281519764743, 0.9999420957280524, -0.000761313151612948, -0.99994180597868, 0.010761275871446771, 0.9999997101955791, -0.0007612333075771104, 1.1515607730930181e-05], "world_rotation": [0.0, 1.0, 0.0, 0.0]}, {"color": "CVGreen", "id_name": "object227298923103569", "shape": "CVBox", "id_string": "ob548", "world_size": [0.1, 0.1, 0.1], "id": 548, "camera_size": [41, 41], "camera_position": [256, 254], "world_position": [0.705, 0.6498037994254439, -0.15], "world_orientation": [1.0, 8.100187187665134e-17, -1.2653630886983698e-17, -8.100187187665134e-17, 1.0, -1.9397816686250694e-16, 1.2653630886983698e-17, 1.9397816686250694e-16, 1.0], "world_rotation": [-0.9211093596285536, 0.06008602943210125, 0.38463907325148433, -2.1059189642881336e-16]}], "source": "action wait"}
{"timestamp": 1706067617.817328, "objects": [{"color": "cv_", "id_name": "hand", "shape": "CVCylinder", "id_string": "ob383", "world_size": [0.12, 0.005, 0.12], "id": 383, "camera_size": [49, 49], "camera_position": [246, 316], "world_position": [0.5516998920122684, 0.6741943408396793, -0.17410146977674046], "world_orientation": [-4.351394613718261e-06, 0.0071020432223416405, 0.9999747801635466, -0.000761558595000242, -0.9999744902180734, 0.007102037849159273, 0.999999710004744, -0.0007615084848481514, 9.759905668994836e-06], "world_rotation": [0.0, 1.0, 0.0, 0.0]}, {"color": "CVGreen", "id_name": "object227298923103569", "shape": "CVBox", "id_string": "ob548", "world_size": [0.1, 0.1, 0.1], "id": 548, "camera_size": [41, 41], "camera_position": [256, 254], "world_position": [0.705, 0.6498037994254439, -0.15], "world_orientation": [1.0, 8.100187187665134e-17, -1.2653630886983698e-17, -8.100187187665134e-17, 1.0, -1.9397816686250694e-16, 1.2653630886983698e-17, 1.9397816686250694e-16, 1.0], "world_rotation": [-0.9211093596285536, 0.06008602943210125, 0.38463907325148433, -2.1059189642881336e-16]}], "source": "action wait"}
