{"timestamp": 1706067645.69341, "objects": [{"color": "cv_", "id_name": "hand", "shape": "CVCylinder", "id_string": "ob383", "world_size": [0.12, 0.005, 0.12], "id": 383, "camera_size": [48, 50], "camera_position": [246, 426], "world_position": [0.2676445155401389, 0.6334703013847385, -0.17389260400847473], "world_orientation": [-0.0006415490607328035, 0.19791547486641023, 0.9802188802625698, -0.0007473671030348476, -0.9802189031249682, 0.19791499033397583, 0.9999995149284905, -0.0006056111687284767, 0.0007767740317094671], "world_rotation": [0.0, 1.0, 0.0, 0.0]}, {"color": "CVYellow", "id_name": "object266288373214320", "shape": "CVCone", "id_string": "ob569", "world_size": [0.11, 0.11, 0.11], "id": 569, "camera_size": [45, 45], "camera_position": [256, 254], "world_position": [0.705, 0.654738849708696, -0.15], "world_orientation": [1.0, -5.1619362862653347e-17, 1.4541359828532488e-17, 5.1619362862653347e-17, 1.0, 2.3824321321224633e-17, -1.4541359828532488e-17, -2.3824321321224633e-17, 1.0], "world_rotation": [-0.4059884517598224, 0.2477982093873522, 0.8796416454796148, 5.868226354211375e-17]}], "source": "manual check"}
{"timestamp": 1706067646.714629, "objects": [{"color": "cv_", "id_name": "hand", "shape": "CVCylinder", "id_string": "ob383", "world_size": [0.12, 0.005, 0.12], "id": 383, "camera_size": [48, 50], "camera_position": [246, 426], "world_position": [0.2676445155401389, 0.6334703013847385, -0.17389260400847473], "world_orientation": [-0.0006415490607328035, 0.19791547486641023, 0.9802188802625698, -0.0007473671030348476, -0.9802189031249682, 0.19791499033397583, 0.9999995149284905, -0.0006056111687284767, 0.0007767740317094671], "world_rotation": [0.0, 1.0, 0.0, 0.0]}, {"color": "CVYellow", "id_name": "object266288373214320", "shape": "CVCone", "id_string": "ob569", "world_size": [0.11, 0.11, 0.11], "id": 569, "camera_size": [45, 45], "camera_position": [256, 254], "world_position": [0.705, 0.6547388572526824, -0.15], "world_orientation": [1.0, -3.838362879530641e-17, 1.4813540171849057e-17, 3.838362879530641e-17, 1.0, 5.294293626938881e-18, -1.4813540171849057e-17, -5.294293626938881e-18, 1.0], "world_rotation": [-0.1276280613210114, 0.35710588544125776, 0.925303444577321, 4.1482206750932463e-17]}], "source": "manual check"}
{"timestamp": 1706067647.470966, "objects": [{"color": "cv_", "id_name": "hand", "shape": "CVCylinder", "id_string": "ob383", "world_size": [0.12, 0.005, 0.12], "id": 383, "camera_size": [48, 50], "camera_position": [246, 426], "world_position": [0.2676445155401389, 0.6334703013847385, -0.17389260400847473], "world_orientation": [-0.0006415490607328035, 0.19791547486641023, 0.9802188802625698, -0.0007473671030348476, -0.9802189031249682, 0.19791499033397583, 0.9999995149284905, -0.0006056111687284767, 0.0007767740317094671], "world_rotation": [0.0, 1.0, 0.0, 0.0]}, {"color": "CVYellow", "id_name": "object266288373214320", "shape": "CVCone", "id_string": "ob569", "world_size": [0.11, 0.11, 0.11], "id": 569, "camera_size": [45, 45], "camera_position": [256, 254], "world_position": [0.705, 0.6547388572526824, -0.15], "world_orientation": [1.0, -3.838362879530641e-17, 1.4813540171849057e-17, 3.838362879530641e-17, 1.0, 5.294293626938881e-18, -1.4813540171849057e-17, -5.294293626938881e-18, 1.0], "world_rotation": [-0.1276280613210114, 0.35710588544125776, 0.925303444577321, 4.1482206750932463e-17]}], "source": "action wait"}
{"timestamp": 1706067647.500605, "objects": [{"color": "cv_", "id_name": "hand", "shape": "CVCylinder", "id_string": "ob383", "world_size": [0.12, 0.005, 0.12], "id": 383, "camera_size": [48, 50], "camera_position": [246, 444], "world_position": [0.22514739682093707, 0.6428711341801545, -0.17397269962469822], "world_orientation": [-0.0005237070496588656, 0.08856503349836739, 0.9960702588534401, -0.0007615761821020245, -0.9960701419129593, 0.0885646226843219, 0.9999995728662314, -0.0007122014675931482, 0.0005890979753543427], "world_rotation": [0.0, 1.0, 0.0, 0.0]}, {"color": "CVYellow", "id_name": "object266288373214320", "shape": "CVCone", "id_string": "ob569", "world_size": [0.11, 0.11, 0.11], "id": 569, "camera_size": [45, 45], "camera_position": [256, 254], "world_position": [0.705, 0.6547388572526824, -0.15], "world_orientation": [1.0, -3.838362879530641e-17, 1.4813540171849057e-17, 3.838362879530641e-17, 1.0, 5.294293626938881e-18, -1.4813540171849057e-17, -5.294293626938881e-18, 1.0], "world_rotation": [-0.1276280613210114, 0.35710588544125776, 0.925303444577321, 4.1482206750932463e-17]}], "source": "action wait"}
{"timestamp": 1706067647.530515, "objects": [{"color": "cv_", "id_name": "hand", "shape": "CVCylinder", "id_string": "ob383", "world_size": [0.12, 0.005, 0.12], "id": 383, "camera_size": [48, 50], "camera_position": [246, 471], "world_position": [0.16390172824990967, 0.6600242854308753, -0.17403874837268052], "world_orientation": [-0.00037819102157084943, 0.061870835565514946, 0.9980840929891509, -0.0007686819881587986, -0.9980838874826783, 0.061870531559584406, 0.9999996330497088, -0.0007438103854132703, 0.0004250253619124109], "world_rotation": [0.0, 1.0, 0.0, 0.0]}, {"color": "CVYellow", "id_name": "object266288373214320", "shape": "CVCone", "id_string": "ob569", "world_size": [0.11, 0.11, 0.11], "id": 569, "camera_size": [45, 45], "camera_position": [256, 254], "world_position": [0.705, 0.6547388572526824, -0.15], "world_orientation": [1.0, -3.838362879530641e-17, 1.4813540171849057e-17, 3.838362879530641e-17, 1.0, 5.294293626938881e-18, -1.4813540171849057e-17, -5.294293626938881e-18, 1.0], "world_rotation": [-0.1276280613210114, 0.35710588544125776, 0.925303444577321, 4.1482206750932463e-17]}], "source": "action wait"}
{"timestamp": 1706067647.562012, "objects": [{"color": "cv_", "id_name": "hand", "shape": "CVCylinder", "id_string": "ob383", "world_size": [0.12, 0.005, 0.12], "id": 383, "camera_size": [49, 46], "camera_position": [246, 488], "world_position": [0.1178703864946382, 0.6676875593120916, -0.17407780476606025], "world_orientation": [-0.00025737065487597705, 0.043313381073964145, 0.9990615020008966, -0.0007697871357412176, -0.9990612476627904, 0.04331317174064308, 0.9999996705940017, -0.0007579171526792803, 0.000290471131128757], "world_rotation": [0.0, 1.0, 0.0, 0.0]}, {"color": "CVYellow", "id_name": "object266288373214320", "shape": "CVCone", "id_string": "ob569", "world_size": [0.11, 0.11, 0.11], "id": 569, "camera_size": [45, 45], "camera_position": [256, 254], "world_position": [0.705, 0.6547388572526824, -0.15], "world_orientation": [1.0, -3.838362879530641e-17, 1.4813540171849057e-17, 3.838362879530641e-17, 1.0, 5.294293626938881e-18, -1.4813540171849057e-17, -5.294293626938881e-18, 1.0], "world_rotation": [-0.1276280613210114, 0.35710588544125776, 0.925303444577321, 4.1482206750932463e-17]}], "source": "action wait"}
{"timestamp": 1706067647.594401, "objects": [{"color": "cv_", "id_name": "hand", "shape": "CVCylinder", "id_string": "ob383", "world_size": [0.12, 0.005, 0.12], "id": 383, "camera_size": [49, 34], "camera_position": [246, 494], "world_position": [0.08448312901597059, 0.6707868133140038, -0.17409653108043627], "world_orientation": [-0.00017494467537614125, 0.030180979150388663, 0.9995444351762879, -0.0007681377419070206, -0.9995441596444526, 0.030180836387923137, 0.9999996896793368, -0.0007625078287479275, 0.00019804807770661419], "world_rotation": [0.0, 1.0, 0.0, 0.0]}, {"color": "CVYellow", "id_name": "object266288373214320", "shape": "CVCone", "id_string": "ob569", "world_size": [0.11, 0.11, 0.11], "id": 569, "camera_size": [45, 45], "camera_position": [256, 254], "world_position": [0.705, 0.6547388572526824, -0.15], "world_orientation": [1.0, -3.838362879530641e-17, 1.4813540171849057e-17, 3.838362879530641e-17, 1.0, 5.294293626938881e-18, -1.4813540171849057e-17, -5.294293626938881e-18, 1.0], "world_rotation": [-0.1276280613210114, 0.35710588544125776, 0.925303444577321, 4.1482206750932463e-17]}], "source": "action wait"}
{"timestamp": 1706067647.630536, "objects": [{"color": "cv_", "id_name": "hand", "shape": "CVCylinder", "id_string": "ob383", "world_size": [0.12, 0.005, 0.12], "id": 383, "camera_size": [49, 25], "camera_position": [246, 499], "world_position": [0.06057139654866589, 0.6718147215092568, -0.17410508423893303], "world_orientation": [-0.0001190999435371027, 0.020891811543338648, 0.9997817351930576, -0.0007661270139578995, -0.9997814507789008, 0.02089171433451078, 0.9999996994322559, -0.0007634715933958326, 0.00013507969553145055], "world_rotation": [0.0, 1.0, 0.0, 0.0]}, {"color": "CVYellow", "id_name": "object266288373214320", "shape": "CVCone", "id_string": "ob569", "world_size": [0.11, 0.11, 0.11], "id": 569, "camera_size": [45, 45], "camera_position": [256, 254], "world_position": [0.705, 0.6547388572526824, -0.15], "world_orientation": [1.0, -3.838362879530641e-17, 1.4813540171849057e-17, 3.838362879530641e-17, 1.0, 5.294293626938881e-18, -1.4813540171849057e-17, -5.294293626938881e-18, 1.0], "world_rotation": [-0.1276280613210114, 0.35710588544125776, 0.925303444577321, 4.1482206750932463e-17]}], "source": "action wait"}
{"timestamp": 1706067647.665552, "objects": [{"color": "cv_", "id_name": "hand", "shape": "CVCylinder", "id_string": "ob383", "world_size": [0.12, 0.005, 0.12], "id": 383, "camera_size": [49, 19], "camera_position": [246, 502], "world_position": [0.04356469925574767, 0.6719702566300388, -0.1741086958959331], "world_orientation": [-8.139269785936828e-05, 0.014322988148494427, 0.9998974174312717, -0.0007645365885285218, -0.9998971294064415, 0.014322921788615488, 0.9999997044294731, -0.0007632923791561422, 9.233477344118203e-05], "world_rotation": [0.0, 1.0, 0.0, 0.0]}, {"color": "CVYellow", "id_name": "object266288373214320", "shape": "CVCone", "id_string": "ob569", "world_size": [0.11, 0.11, 0.11], "id": 569, "camera_size": [45, 45], "camera_position": [256, 254], "world_position": [0.705, 0.6547388572526824, -0.15], "world_orientation": [1.0, -3.838362879530641e-17, 1.4813540171849057e-17, 3.838362879530641e-17, 1.0, 5.294293626938881e-18, -1.4813540171849057e-17, -5.294293626938881e-18, 1.0], "world_rotation": [-0.1276280613210114, 0.35710588544125776, 0.925303444577321, 4.1482206750932463e-17]}], "source": "action wait"}
{"timestamp": 1706067647.699437, "objects": [{"color": "cv_", "id_name": "hand", "shape": "CVCylinder", "id_string": "ob383", "world_size": [0.12, 0.005, 0.12], "id": 383, "camera_size": [49, 15], "camera_position": [246, 504], "world_position": [0.031516569394671796, 0.6718051344455056, -0.1741099850634857], "world_orientation": [-5.5991446952629976e-05, 0.009678710529798348, 0.9999531586166615, -0.00076349235045205, -0.9999528691511888, 0.009678664976970789, 0.9999997069721516, -0.0007629146649579327, 6.337842948031744e-05], "world_rotation": [0.0, 1.0, 0.0, 0.0]}, {"color": "CVYellow", "id_name": "object266288373214320", "shape": "CVCone", "id_string": "ob569", "world_size": [0.11, 0.11, 0.11], "id": 569, "camera_size": [45, 45], "camera_position": [256, 254], "world_position": [0.705, 0.6547388572526824, -0.15], "world_orientation": [1.0, -3.838362879530641e-17, 1.4813540171849057e-17, 3.838362879530641e-17, 1.0, 5.294293626938881e-18, -1.4813540171849057e-17, -5.294293626938881e-18, 1.0], "world_rotation": [-0.1276280613210114, 0.35710588544125776, 0.925303444577321, 4.1482206750932463e-17]}], "source": "action wait"}
{"timestamp": 1706067647.73227, "objects": [{"color": "cv_", "id_name": "hand", "shape": "CVCylinder", "id_string": "ob383", "world_size": [0.12, 0.005, 0.12], "id": 383, "camera_size": [49, 12], "camera_position": [246, 505], "world_position": [0.023000635424650067, 0.6715586896845724, -0.17411023655898972], "world_orientation": [-3.8914101458450637e-05, 0.006395558057809678, 0.9999795474522577, -0.0007628979071416385, -0.9999792573985644, 0.006395526514623186, 0.9999997082361956, -0.0007626334277684653, 4.37924521364263e-05], "world_rotation": [0.0, 1.0, 0.0, 0.0]}, {"color": "CVYellow", "id_name": "object266288373214320", "shape": "CVCone", "id_string": "ob569", "world_size": [0.11, 0.11, 0.11], "id": 569, "camera_size": [45, 45], "camera_position": [256, 254], "world_position": [0.705, 0.6547388572526824, -0.15], "world_orientation": [1.0, -3.838362879530641e-17, 1.4813540171849057e-17, 3.838362879530641e-17, 1.0, 5.294293626938881e-18, -1.4813540171849057e-17, -5.294293626938881e-18, 1.0], "world_rotation": [-0.1276280613210114, 0.35710588544125776, 0.925303444577321, 4.1482206750932463e-17]}], "source": "action wait"}
{"timestamp": 1706067647.764964, "objects": [{"color": "cv_", "id_name": "hand", "shape": "CVCylinder", "id_string": "ob383", "world_size": [0.12, 0.005, 0.12], "id": 383, "camera_size": [49, 10], "camera_position": [246, 506], "world_position": [0.016989347440880813, 0.6713249274165612, -0.17411006643657836], "world_orientation": [-2.742659081609512e-05, 0.004074857954294575, 0.9999916973557504, -0.0007626140514318518, -0.9999914070293614, 0.004074835855169113, 0.999999708833753, -0.0007624959608634071, 3.053389907410513e-05], "world_rotation": [0.0, 1.0, 0.0, 0.0]}, {"color": "CVYellow", "id_name": "object266288373214320", "shape": "CVCone", "id_string": "ob569", "world_size": [0.11, 0.11, 0.11], "id": 569, "camera_size": [45, 45], "camera_position": [256, 254], "world_position": [0.705, 0.6547388572526824, -0.15], "world_orientation": [1.0, -3.838362879530641e-17, 1.4813540171849057e-17, 3.838362879530641e-17, 1.0, 5.294293626938881e-18, -1.4813540171849057e-17, -5.294293626938881e-18, 1.0], "world_rotation": [-0.1276280613210114, 0.35710588544125776, 0.925303444577321, 4.1482206750932463e-17]}], "source": "action wait"}
{"timestamp": 1706067647.800489, "objects": [{"color": "cv_", "id_name": "hand", "shape": "CVCylinder", "id_string": "ob383", "world_size": [0.12, 0.005, 0.12], "id": 383, "camera_size": [49, 9], "camera_position": [246, 507], "world_position": [0.01274936279761748, 0.671133379752237, -0.17410976034116385], "world_orientation": [-1.9717680921309925e-05, 0.002434608416083191, 0.9999970361421445, -0.0007625218204413199, -0.999996745654198, 0.0024345926736505344, 0.999999709085801, -0.0007624715559138832, 2.1574058795016467e-05], "world_rotation": [0.0, 1.0, 0.0, 0.0]}, {"color": "CVYellow", "id_name": "object266288373214320", "shape": "CVCone", "id_string": "ob569", "world_size": [0.11, 0.11, 0.11], "id": 569, "camera_size": [45, 45], "camera_position": [256, 254], "world_position": [0.705, 0.6547388572526824, -0.15], "world_orientation": [1.0, -3.838362879530641e-17, 1.4813540171849057e-17, 3.838362879530641e-17, 1.0, 5.294293626938881e-18, -1.4813540171849057e-17, -5.294293626938881e-18, 1.0], "world_rotation": [-0.1276280613210114, 0.35710588544125776, 0.925303444577321, 4.1482206750932463e-17]}], "source": "action wait"}
{"timestamp": 1706067647.83192, "objects": [{"color": "cv_", "id_name": "hand", "shape": "CVCylinder", "id_string": "ob383", "world_size": [0.12, 0.005, 0.12], "id": 383, "camera_size": [49, 8], "camera_position": [246, 507], "world_position": [0.009760090758786324, 0.6709870603680347, -0.17410944320007804], "world_orientation": [-1.4535839961938248e-05, 0.001275379996452362, 0.9999991865969563, -0.0007625357743784222, -0.9999988959865286, 0.001275368541706637, 0.9999997091639088, -0.0007625166155768661, 1.5508346787761242e-05], "world_rotation": [0.0, 1.0, 0.0, 0.0]}, {"color": "CVYellow", "id_name": "object266288373214320", "shape": "CVCone", "id_string": "ob569", "world_size": [0.11, 0.11, 0.11], "id": 569, "camera_size": [45, 45], "camera_position": [256, 254], "world_position": [0.705, 0.6547388572526824, -0.15], "world_orientation": [1.0, -3.838362879530641e-17, 1.4813540171849057e-17, 3.838362879530641e-17, 1.0, 5.294293626938881e-18, -1.4813540171849057e-17, -5.294293626938881e-18, 1.0], "world_rotation": [-0.1276280613210114, 0.35710588544125776, 0.925303444577321, 4.1482206750932463e-17]}], "source": "action wait"}
{"timestamp": 1706067647.865765, "objects": [{"color": "cv_", "id_name": "hand", "shape": "CVCylinder", "id_string": "ob383", "world_size": [0.12, 0.005, 0.12], "id": 383, "camera_size": [49, 7], "camera_position": [246, 508], "world_position": [0.007653120955386702, 0.6708795991486318, -0.1741091634954976], "world_orientation": [-1.1063372929410347e-05, 0.00045616070662922773, 0.9999998958975004, -0.0007626007717403014, -0.9999996051825676, 0.0004561521370791082, 0.9999997091587902, -0.0007625956457708001, 1.1411237068675535e-05], "world_rotation": [0.0, 1.0, 0.0, 0.0]}, {"color": "CVYellow", "id_name": "object266288373214320", "shape": "CVCone", "id_string": "ob569", "world_size": [0.11, 0.11, 0.11], "id": 569, "camera_size": [45, 45], "camera_position": [256, 254], "world_position": [0.705, 0.6547388572526824, -0.15], "world_orientation": [1.0, -3.838362879530641e-17, 1.4813540171849057e-17, 3.838362879530641e-17, 1.0, 5.294293626938881e-18, -1.4813540171849057e-17, -5.294293626938881e-18, 1.0], "world_rotation": [-0.1276280613210114, 0.35710588544125776, 0.925303444577321, 4.1482206750932463e-17]}], "source": "action wait"}
{"timestamp": 1706067647.901187, "objects": [{"color": "cv_", "id_name": "hand", "shape": "CVCylinder", "id_string": "ob383", "world_size": [0.12, 0.005, 0.12], "id": 383, "camera_size": [49, 7], "camera_position": [246, 508], "world_position": [0.006168221495398482, 0.6708025314680333, -0.17410893467922606], "world_orientation": [-8.734558013010907e-06, -0.00012274313609468533, 0.9999999924289149, -0.0007626839554288684, -0.9999997016227956, -0.00012274976210722337, 0.9999997091184036, -0.0007626850218198402, 8.640941186643233e-06], "world_rotation": [0.0, 1.0, 0.0, 0.0]}, {"color": "CVYellow", "id_name": "object266288373214320", "shape": "CVCone", "id_string": "ob569", "world_size": [0.11, 0.11, 0.11], "id": 569, "camera_size": [45, 45], "camera_position": [256, 254], "world_position": [0.705, 0.6547388572526824, -0.15], "world_orientation": [1.0, -3.838362879530641e-17, 1.4813540171849057e-17, 3.838362879530641e-17, 1.0, 5.294293626938881e-18, -1.4813540171849057e-17, -5.294293626938881e-18, 1.0], "world_rotation": [-0.1276280613210114, 0.35710588544125776, 0.925303444577321, 4.1482206750932463e-17]}], "source": "action wait"}
{"timestamp": 1706067647.936393, "objects": [{"color": "CVYellow", "id_name": "object266288373214320", "shape": "CVCone", "id_string": "ob569", "world_size": [0.11, 0.11, 0.11], "id": 569, "camera_size": [45, 45], "camera_position": [256, 254], "world_position": [0.705, 0.6547388572526824, -0.15], "world_orientation": [1.0, -3.838362879530641e-17, 1.4813540171849057e-17, 3.838362879530641e-17, 1.0, 5.294293626938881e-18, -1.4813540171849057e-17, -5.294293626938881e-18, 1.0], "world_rotation": [-0.1276280613210114, 0.35710588544125776, 0.925303444577321, 4.1482206750932463e-17]}], "source": "action wait"}
{"timestamp": 1706067649.08297, "objects": [{"color": "CVYellow", "id_name": "object266288373214320", "shape": "CVCone", "id_string": "ob569", "world_size": [0.11, 0.11, 0.11], "id": 569, "camera_size": [45, 45], "camera_position": [256, 254], "world_position": [0.705, 0.6547388572526824, -0.15], "world_orientation": [1.0, -3.838362879530641e-17, 1.4813540171849057e-17, 3.838362879530641e-17, 1.0, 5.294293626938881e-18, -1.4813540171849057e-17, -5.294293626938881e-18, 1.0], "world_rotation": [-0.1276280613210114, 0.35710588544125776, 0.925303444577321, 4.1482206750932463e-17]}], "source": "action wait"}
{"timestamp": 1706067649.110266, "objects": [{"color": "cv_", "id_name": "hand", "shape": "CVCylinder", "id_string": "ob383", "world_size": [0.12, 0.005, 0.12], "id": 383, "camera_size": [51, 10], "camera_position": [246, 506], "world_position": [0.03548487070391387, 0.7265171447207841, -0.17412293304904766], "world_orientation": [0.00015798440041908432, 0.19316730105412475, 0.9811658212781336, -0.000708322691243794, -0.98116556577064, 0.19316736480302601, 0.9999997366599125, -0.0007254994453933857, -1.818407107673983e-05], "world_rotation": [0.0, 1.0, 0.0, 0.0]}, {"color": "CVYellow", "id_name": "object266288373214320", "shape": "CVCone", "id_string": "ob569", "world_size": [0.11, 0.11, 0.11], "id": 569, "camera_size": [45, 45], "camera_position": [256, 254], "world_position": [0.705, 0.6547388572526824, -0.15], "world_orientation": [1.0, -3.838362879530641e-17, 1.4813540171849057e-17, 3.838362879530641e-17, 1.0, 5.294293626938881e-18, -1.4813540171849057e-17, -5.294293626938881e-18, 1.0], "world_rotation": [-0.1276280613210114, 0.35710588544125776, 0.925303444577321, 4.1482206750932463e-17]}], "source": "action wait"}
{"timestamp": 1706067649.142225, "objects": [{"color": "cv_", "id_name": "hand", "shape": "CVCylinder", "id_string": "ob383", "world_size": [0.12, 0.005, 0.12], "id": 383, "camera_size": [53, 21], "camera_position": [245, 501], "world_position": [0.08392822136711792, 0.7794768400778217, -0.17412486998095447], "world_orientation": [0.00025694431760102724, 0.2966282599213296, 0.9549929891866547, -0.0007069817470391335, -0.9549927281632894, 0.29662836906143575, 0.9999997170781736, -0.0007513795857751415, -3.5669189431044134e-05], "world_rotation": [0.0, 1.0, 0.0, 0.0]}, {"color": "CVYellow", "id_name": "object266288373214320", "shape": "CVCone", "id_string": "ob569", "world_size": [0.11, 0.11, 0.11], "id": 569, "camera_size": [45, 45], "camera_position": [256, 254], "world_position": [0.705, 0.6547388572526824, -0.15], "world_orientation": [1.0, -3.838362879530641e-17, 1.4813540171849057e-17, 3.838362879530641e-17, 1.0, 5.294293626938881e-18, -1.4813540171849057e-17, -5.294293626938881e-18, 1.0], "world_rotation": [-0.1276280613210114, 0.35710588544125776, 0.925303444577321, 4.1482206750932463e-17]}], "source": "action wait"}
{"timestamp": 1706067649.174969, "objects": [{"color": "cv_", "id_name": "hand", "shape": "CVCylinder", "id_string": "ob383", "world_size": [0.12, 0.005, 0.12], "id": 383, "camera_size": [55, 37], "camera_position": [245, 493], "world_position": [0.1408110526388703, 0.8113840136079151, -0.17412065270524732], "world_orientation": [0.00028820125221471247, 0.3365798183592413, 0.9416548958154992, -0.0007128888353604778, -0.941654626490737, 0.33657994027882787, 0.9999997043647297, -0.0007682980222483335, -3.1442047791981115e-05], "world_rotation": [0.0, 1.0, 0.0, 0.0]}, {"color": "CVYellow", "id_name": "object266288373214320", "shape": "CVCone", "id_string": "ob569", "world_size": [0.11, 0.11, 0.11], "id": 569, "camera_size": [45, 45], "camera_position": [256, 254], "world_position": [0.705, 0.6547388572526824, -0.15], "world_orientation": [1.0, -3.838362879530641e-17, 1.4813540171849057e-17, 3.838362879530641e-17, 1.0, 5.294293626938881e-18, -1.4813540171849057e-17, -5.294293626938881e-18, 1.0], "world_rotation": [-0.1276280613210114, 0.35710588544125776, 0.925303444577321, 4.1482206750932463e-17]}], "source": "action wait"}
{"timestamp": 1706067649.209689, "objects": [{"color": "cv_", "id_name": "hand", "shape": "CVCylinder", "id_string": "ob383", "world_size": [0.12, 0.005, 0.12], "id": 383, "camera_size": [55, 59], "camera_position": [245, 480], "world_position": [0.2022463669650946, 0.8254669969000047, -0.17411728437618312], "world_orientation": [0.00028607670360590375, 0.33671595290379747, 0.9416062262008505, -0.0007225603353086296, -0.9416059493262664, 0.33671607342083176, 0.9999996980332952, -0.0007766939348679554, -2.6073934244567717e-05], "world_rotation": [0.0, 1.0, 0.0, 0.0]}, {"color": "CVYellow", "id_name": "object266288373214320", "shape": "CVCone", "id_string": "ob569", "world_size": [0.11, 0.11, 0.11], "id": 569, "camera_size": [45, 45], "camera_position": [256, 254], "world_position": [0.705, 0.6547388572526824, -0.15], "world_orientation": [1.0, -3.838362879530641e-17, 1.4813540171849057e-17, 3.838362879530641e-17, 1.0, 5.294293626938881e-18, -1.4813540171849057e-17, -5.294293626938881e-18, 1.0], "world_rotation": [-0.1276280613210114, 0.35710588544125776, 0.925303444577321, 4.1482206750932463e-17]}], "source": "action wait"}
{"timestamp": 1706067649.24605, "objects": [{"color": "cv_", "id_name": "hand", "shape": "CVCylinder", "id_string": "ob383", "world_size": [0.12, 0.005, 0.12], "id": 383, "camera_size": [55, 58], "camera_position": [245, 451], "world_position": [0.2663003806734547, 0.8244671767008906, -0.17411454534578524], "world_orientation": [0.00026064359660798195, 0.30881870807641515, 0.9511208848547745, -0.0007356833643326077, -0.951120600558021, 0.30881881737377564, 0.9999996954174051, -0.0007802154597177076, -2.0710708010420416e-05], "world_rotation": [0.0, 1.0, 0.0, 0.0]}, {"color": "CVYellow", "id_name": "object266288373214320", "shape": "CVCone", "id_string": "ob569", "world_size": [0.11, 0.11, 0.11], "id": 569, "camera_size": [45, 45], "camera_position": [256, 254], "world_position": [0.705, 0.6547388572526824, -0.15], "world_orientation": [1.0, -3.838362879530641e-17, 1.4813540171849057e-17, 3.838362879530641e-17, 1.0, 5.294293626938881e-18, -1.4813540171849057e-17, -5.294293626938881e-18, 1.0], "world_rotation": [-0.1276280613210114, 0.35710588544125776, 0.925303444577321, 4.1482206750932463e-17]}], "source": "action wait"}
{"timestamp": 1706067649.278639, "objects": [{"color": "cv_", "id_name": "hand", "shape": "CVCylinder", "id_string": "ob383", "world_size": [0.12, 0.005, 0.12], "id": 383, "camera_size": [54, 56], "camera_position": [245, 420], "world_position": [0.33095565921926867, 0.810561670413431, -0.17411213157001054], "world_orientation": [0.000218527163642204, 0.26053382603780084, 0.965464695230221, -0.0007501077884281922, -0.9654644039611953, 0.2605339172203105, 0.9999996947920458, -0.0007811363253076721, -1.5551745734754897e-05], "world_rotation": [0.0, 1.0, 0.0, 0.0]}, {"color": "CVYellow", "id_name": "object266288373214320", "shape": "CVCone", "id_string": "ob569", "world_size": [0.11, 0.11, 0.11], "id": 569, "camera_size": [45, 45], "camera_position": [256, 254], "world_position": [0.705, 0.6547388572526824, -0.15], "world_orientation": [1.0, -3.838362879530641e-17, 1.4813540171849057e-17, 3.838362879530641e-17, 1.0, 5.294293626938881e-18, -1.4813540171849057e-17, -5.294293626938881e-18, 1.0], "world_rotation": [-0.1276280613210114, 0.35710588544125776, 0.925303444577321, 4.1482206750932463e-17]}], "source": "action wait"}
{"timestamp": 1706067649.311554, "objects": [{"color": "cv_", "id_name": "hand", "shape": "CVCylinder", "id_string": "ob383", "world_size": [0.12, 0.005, 0.12], "id": 383, "camera_size": [53, 55], "camera_position": [245, 390], "world_position": [0.39442385244313294, 0.7855190744049592, -0.1741098462188317], "world_orientation": [0.00016435023081237416, 0.19715322557232526, 0.9803726733418417, -0.0007633888901907216, -0.9803723761844847, 0.19715329378884242, 0.9999996951131557, -0.0007808077964156338, -1.0619844240388323e-05], "world_rotation": [0.0, 1.0, 0.0, 0.0]}, {"color": "CVYellow", "id_name": "object266288373214320", "shape": "CVCone", "id_string": "ob569", "world_size": [0.11, 0.11, 0.11], "id": 569, "camera_size": [45, 45], "camera_position": [256, 254], "world_position": [0.705, 0.6547388572526824, -0.15], "world_orientation": [1.0, -3.838362879530641e-17, 1.4813540171849057e-17, 3.838362879530641e-17, 1.0, 5.294293626938881e-18, -1.4813540171849057e-17, -5.294293626938881e-18, 1.0], "world_rotation": [-0.1276280613210114, 0.35710588544125776, 0.925303444577321, 4.1482206750932463e-17]}], "source": "action wait"}
{"timestamp": 1706067649.342008, "objects": [{"color": "cv_", "id_name": "hand", "shape": "CVCylinder", "id_string": "ob383", "world_size": [0.12, 0.005, 0.12], "id": 383, "camera_size": [52, 53], "camera_position": [245, 365], "world_position": [0.4457432764415264, 0.7577757699148079, -0.17410286346278267], "world_orientation": [0.0001027070377463604, 0.13901615251154825, 0.99029010839862, -0.0007679252718303581, -0.9902898106657324, 0.13901619036070925, 0.9999996998709758, -0.000774746741793954, 5.044283742771237e-06], "world_rotation": [0.0, 1.0, 0.0, 0.0]}, {"color": "CVYellow", "id_name": "object266288373214320", "shape": "CVCone", "id_string": "ob569", "world_size": [0.11, 0.11, 0.11], "id": 569, "camera_size": [45, 45], "camera_position": [256, 254], "world_position": [0.705, 0.6547388572526824, -0.15], "world_orientation": [1.0, -3.838362879530641e-17, 1.4813540171849057e-17, 3.838362879530641e-17, 1.0, 5.294293626938881e-18, -1.4813540171849057e-17, -5.294293626938881e-18, 1.0], "world_rotation": [-0.1276280613210114, 0.35710588544125776, 0.925303444577321, 4.1482206750932463e-17]}], "source": "action wait"}
{"timestamp": 1706067649.37206, "objects": [{"color": "cv_", "id_name": "hand", "shape": "CVCylinder", "id_string": "ob383", "world_size": [0.12, 0.005, 0.12], "id": 383, "camera_size": [51, 52], "camera_position": [246, 348], "world_position": [0.4806041515674738, 0.7350587994874848, -0.17409834856943765], "world_orientation": [6.011494577941879e-05, 0.0976886913543441, 0.9952170195327597, -0.00076662124769111, -0.9952167243803837, 0.09768870868960396, 0.9999997043389843, -0.0007688270646640882, 1.5062827026879608e-05], "world_rotation": [0.0, 1.0, 0.0, 0.0]}, {"color": "CVYellow", "id_name": "object266288373214320", "shape": "CVCone", "id_string": "ob569", "world_size": [0.11, 0.11, 0.11], "id": 569, "camera_size": [45, 45], "camera_position": [256, 254], "world_position": [0.705, 0.6547388572526824, -0.15], "world_orientation": [1.0, -3.838362879530641e-17, 1.4813540171849057e-17, 3.838362879530641e-17, 1.0, 5.294293626938881e-18, -1.4813540171849057e-17, -5.294293626938881e-18, 1.0], "world_rotation": [-0.1276280613210114, 0.35710588544125776, 0.925303444577321, 4.1482206750932463e-17]}], "source": "action wait"}
{"timestamp": 1706067649.407016, "objects": [{"color": "cv_", "id_name": "hand", "shape": "CVCylinder", "id_string": "ob383", "world_size": [0.12, 0.005, 0.12], "id": 383, "camera_size": [51, 51], "camera_position": [246, 338], "world_position": [0.5043665687720902, 0.7175554642057798, -0.1740967700556444], "world_orientation": [3.371305095242323e-05, 0.06844542328361472, 0.9976548616104454, -0.0007644116590522686, -0.997654568936041, 0.06844542903552986, 0.9999997072690799, -0.0007649265121620759, 1.8686500251692457e-05], "world_rotation": [0.0, 1.0, 0.0, 0.0]}, {"color": "CVYellow", "id_name": "object266288373214320", "shape": "CVCone", "id_string": "ob569", "world_size": [0.11, 0.11, 0.11], "id": 569, "camera_size": [45, 45], "camera_position": [256, 254], "world_position": [0.705, 0.6547388572526824, -0.15], "world_orientation": [1.0, -3.838362879530641e-17, 1.4813540171849057e-17, 3.838362879530641e-17, 1.0, 5.294293626938881e-18, -1.4813540171849057e-17, -5.294293626938881e-18, 1.0], "world_rotation": [-0.1276280613210114, 0.35710588544125776, 0.925303444577321, 4.1482206750932463e-17]}], "source": "action wait"}
{"timestamp": 1706067649.437551, "objects": [{"color": "cv_", "id_name": "hand", "shape": "CVCylinder", "id_string": "ob383", "world_size": [0.12, 0.005, 0.12], "id": 383, "camera_size": [49, 50], "camera_position": [246, 330], "world_position": [0.5206756205259496, 0.7045188151885983, -0.17409676325114914], "world_orientation": [1.7511230212679874e-05, 0.047791295010235796, 0.9988573430748764, -0.0007626863825455848, -0.9988570520767774, 0.047791294458006006, 0.9999997090013771, -0.0007626517780286268, 1.89585541204318e-05], "world_rotation": [0.0, 1.0, 0.0, 0.0]}, {"color": "CVYellow", "id_name": "object266288373214320", "shape": "CVCone", "id_string": "ob569", "world_size": [0.11, 0.11, 0.11], "id": 569, "camera_size": [45, 45], "camera_position": [256, 254], "world_position": [0.705, 0.6547388572526824, -0.15], "world_orientation": [1.0, -3.838362879530641e-17, 1.4813540171849057e-17, 3.838362879530641e-17, 1.0, 5.294293626938881e-18, -1.4813540171849057e-17, -5.294293626938881e-18, 1.0], "world_rotation": [-0.1276280613210114, 0.35710588544125776, 0.925303444577321, 4.1482206750932463e-17]}], "source": "action wait"}
{"timestamp": 1706067649.473064, "objects": [{"color": "cv_", "id_name": "hand", "shape": "CVCylinder", "id_string": "ob383", "world_size": [0.12, 0.005, 0.12], "id": 383, "camera_size": [49, 49], "camera_position": [246, 325], "world_position": [0.5319401226823232, 0.6950049788688796, -0.17409751653272595], "world_orientation": [7.692809537186676e-06, 0.033216755042813975, 0.999448171305169, -0.0007616738801077298, -0.9994478812265908, 0.03321675126467245, 0.9999997098968186, -0.0007615090967458699, 1.761177250580316e-05], "world_rotation": [0.0, 1.0, 0.0, 0.0]}, {"color": "CVYellow", "id_name": "object266288373214320", "shape": "CVCone", "id_string": "ob569", "world_size": [0.11, 0.11, 0.11], "id": 569, "camera_size": [45, 45], "camera_position": [256, 254], "world_position": [0.705, 0.6547388572526824, -0.15], "world_orientation": [1.0, -3.838362879530641e-17, 1.4813540171849057e-17, 3.838362879530641e-17, 1.0, 5.294293626938881e-18, -1.4813540171849057e-17, -5.294293626938881e-18, 1.0], "world_rotation": [-0.1276280613210114, 0.35710588544125776, 0.925303444577321, 4.1482206750932463e-17]}], "source": "action wait"}
{"timestamp": 1706067649.509623, "objects": [{"color": "cv_", "id_name": "hand", "shape": "CVCylinder", "id_string": "ob383", "world_size": [0.12, 0.005, 0.12], "id": 383, "camera_size": [49, 50], "camera_position": [246, 321], "world_position": [0.5397614049416762, 0.6881504309663593, -0.17409856672707438], "world_orientation": [1.8362793187697398e-06, 0.022936732147428137, 0.9997369185515883, -0.0007612382992437768, -0.9997366288555216, 0.02293672689921284, 0.9999997102563981, -0.0007610801498070277, 1.5624523274706855e-05], "world_rotation": [0.0, 1.0, 0.0, 0.0]}, {"color": "CVYellow", "id_name": "object266288373214320", "shape": "CVCone", "id_string": "ob569", "world_size": [0.11, 0.11, 0.11], "id": 569, "camera_size": [45, 45], "camera_position": [256, 254], "world_position": [0.705, 0.6547388572526824, -0.15], "world_orientation": [1.0, -3.838362879530641e-17, 1.4813540171849057e-17, 3.838362879530641e-17, 1.0, 5.294293626938881e-18, -1.4813540171849057e-17, -5.294293626938881e-18, 1.0], "world_rotation": [-0.1276280613210114, 0.35710588544125776, 0.925303444577321, 4.1482206750932463e-17]}], "source": "action wait"}
{"timestamp": 1706067649.542366, "objects": [{"color": "cv_", "id_name": "hand", "shape": "CVCylinder", "id_string": "ob383", "world_size": [0.12, 0.005, 0.12], "id": 383, "camera_size": [49, 49], "camera_position": [246, 319], "world_position": [0.5452144575060361, 0.6832525604238459, -0.17409966289296064], "world_orientation": [-1.5546494606310027e-06, 0.015687272267071797, 0.9998769471722018, -0.0007611789710426728, -0.999876657530867, 0.01568726653931837, 0.9999997103020366, -0.0007610609176177306, 1.3495279469413501e-05], "world_rotation": [0.0, 1.0, 0.0, 0.0]}, {"color": "CVYellow", "id_name": "object266288373214320", "shape": "CVCone", "id_string": "ob569", "world_size": [0.11, 0.11, 0.11], "id": 569, "camera_size": [45, 45], "camera_position": [256, 254], "world_position": [0.705, 0.6547388572526824, -0.15], "world_orientation": [1.0, -3.838362879530641e-17, 1.4813540171849057e-17, 3.838362879530641e-17, 1.0, 5.294293626938881e-18, -1.4813540171849057e-17, -5.294293626938881e-18, 1.0], "world_rotation": [-0.1276280613210114, 0.35710588544125776, 0.925303444577321, 4.1482206750932463e-17]}], "source": "action wait"}
{"timestamp": 1706067649.576902, "objects": [{"color": "cv_", "id_name": "hand", "shape": "CVCylinder", "id_string": "ob383", "world_size": [0.12, 0.005, 0.12], "id": 383, "camera_size": [49, 49], "camera_position": [246, 317], "world_position": [0.5490283361779044, 0.6797717584000713, -0.17410068011487384], "world_orientation": [-3.454482330730508e-06, 0.010575406384994221, 0.9999440788203403, -0.0007613293418338731, -0.9999437890591013, 0.010575400690334545, 0.9999997101828079, -0.0007612502348645085, 1.1505655334110216e-05], "world_rotation": [0.0, 1.0, 0.0, 0.0]}, {"color": "CVYellow", "id_name": "object266288373214320", "shape": "CVCone", "id_string": "ob569", "world_size": [0.11, 0.11, 0.11], "id": 569, "camera_size": [45, 45], "camera_position": [256, 254], "world_position": [0.705, 0.6547388572526824, -0.15], "world_orientation": [1.0, -3.838362879530641e-17, 1.4813540171849057e-17, 3.838362879530641e-17, 1.0, 5.294293626938881e-18, -1.4813540171849057e-17, -5.294293626938881e-18, 1.0], "world_rotation": [-0.1276280613210114, 0.35710588544125776, 0.925303444577321, 4.1482206750932463e-17]}], "source": "action wait"}
{"timestamp": 1706067649.60631, "objects": [{"color": "cv_", "id_name": "hand", "shape": "CVCylinder", "id_string": "ob383", "world_size": [0.12, 0.005, 0.12], "id": 383, "camera_size": [49, 49], "camera_position": [246, 316], "world_position": [0.5517020189806688, 0.6773068684244364, -0.17410156577126668], "world_orientation": [-4.445768254553965e-06, 0.0069709489905426065, 0.9999757026300221, -0.0007615739795190849, -0.9999754126730475, 0.006970943583354882, 0.9999997099926125, -0.0007615244840750194, 9.754552309115098e-06], "world_rotation": [0.0, 1.0, 0.0, 0.0]}, {"color": "CVYellow", "id_name": "object266288373214320", "shape": "CVCone", "id_string": "ob569", "world_size": [0.11, 0.11, 0.11], "id": 569, "camera_size": [45, 45], "camera_position": [256, 254], "world_position": [0.705, 0.6547388572526824, -0.15], "world_orientation": [1.0, -3.838362879530641e-17, 1.4813540171849057e-17, 3.838362879530641e-17, 1.0, 5.294293626938881e-18, -1.4813540171849057e-17, -5.294293626938881e-18, 1.0], "world_rotation": [-0.1276280613210114, 0.35710588544125776, 0.925303444577321, 4.1482206750932463e-17]}], "source": "action wait"}
{"timestamp": 1706067649.636821, "objects": [{"color": "cv_", "id_name": "hand", "shape": "CVCylinder", "id_string": "ob383", "world_size": [0.12, 0.005, 0.12], "id": 383, "camera_size": [49, 49], "camera_position": [246, 315], "world_position": [0.5535795966222787, 0.67556548802324, -0.17410230681467012], "world_orientation": [-4.911804731673353e-06, 0.004429398600579291, 0.9999901901538392, -0.0007618426350121429, -0.9999898999831813, 0.0044293935732265775, 0.9999997097857948, -0.0007618134051371184, 8.286259824113862e-06], "world_rotation": [0.0, 1.0, 0.0, 0.0]}, {"color": "CVYellow", "id_name": "object266288373214320", "shape": "CVCone", "id_string": "ob569", "world_size": [0.11, 0.11, 0.11], "id": 569, "camera_size": [45, 45], "camera_position": [256, 254], "world_position": [0.705, 0.6547388572526824, -0.15], "world_orientation": [1.0, -3.838362879530641e-17, 1.4813540171849057e-17, 3.838362879530641e-17, 1.0, 5.294293626938881e-18, -1.4813540171849057e-17, -5.294293626938881e-18, 1.0], "world_rotation": [-0.1276280613210114, 0.35710588544125776, 0.925303444577321, 4.1482206750932463e-17]}], "source": "action wait"}
