{"timestamp": 1706067130.173136, "objects": [{"color": "cv_", "id_name": "hand", "shape": "CVCylinder", "id_string": "ob383", "world_size": [0.12, 0.005, 0.12], "id": 383, "camera_size": [48, 50], "camera_position": [246, 426], "world_position": [0.267644515540139, 0.6334703013847397, -0.17389260400847498], "world_orientation": [-0.000641549070626668, 0.19791547486641112, 0.980218880262563, -0.0007473671050319211, -0.9802189031249678, 0.19791499033396925, 0.9999995149284826, -0.0006056111687279014, 0.0007767740418028724], "world_rotation": [0.0, 1.0, 0.0, 0.0]}, {"color": "CVBlue", "id_name": "object209896302708805", "shape": "CVCone", "id_string": "ob401", "world_size": [0.11, 0.11, 0.11], "id": 401, "camera_size": [45, 45], "camera_position": [256, 254], "world_position": [0.705, 0.654738849708696, -0.15], "world_orientation": [1.0, -5.1619362862653347e-17, 1.4541359828532488e-17, 5.1619362862653347e-17, 1.0, 2.3824321321224633e-17, -1.4541359828532488e-17, -2.3824321321224633e-17, 1.0], "world_rotation": [-0.4059884517598224, 0.2477982093873522, 0.8796416454796148, 5.868226354211375e-17]}], "source": "manual check"}
{"timestamp": 1706067131.195779, "objects": [{"color": "cv_", "id_name": "hand", "shape": "CVCylinder", "id_string": "ob383", "world_size": [0.12, 0.005, 0.12], "id": 383, "camera_size": [48, 50], "camera_position": [246, 426], "world_position": [0.267644515540139, 0.6334703013847397, -0.17389260400847498], "world_orientation": [-0.000641549070626668, 0.19791547486641112, 0.980218880262563, -0.0007473671050319211, -0.9802189031249678, 0.19791499033396925, 0.9999995149284826, -0.0006056111687279014, 0.0007767740418028724], "world_rotation": [0.0, 1.0, 0.0, 0.0]}, {"color": "CVBlue", "id_name": "object209896302708805", "shape": "CVCone", "id_string": "ob401", "world_size": [0.11, 0.11, 0.11], "id": 401, "camera_size": [45, 45], "camera_position": [256, 254], "world_position": [0.705, 0.6547388572526824, -0.15], "world_orientation": [1.0, -3.838362879530641e-17, 1.4813540171849057e-17, 3.838362879530641e-17, 1.0, 5.294293626938881e-18, -1.4813540171849057e-17, -5.294293626938881e-18, 1.0], "world_rotation": [-0.1276280613210114, 0.35710588544125776, 0.925303444577321, 4.1482206750932463e-17]}], "source": "manual check"}
{"timestamp": 1706067132.013524, "objects": [{"color": "cv_", "id_name": "hand", "shape": "CVCylinder", "id_string": "ob383", "world_size": [0.12, 0.005, 0.12], "id": 383, "camera_size": [48, 50], "camera_position": [246, 426], "world_position": [0.267644515540139, 0.6334703013847397, -0.17389260400847498], "world_orientation": [-0.000641549070626668, 0.19791547486641112, 0.980218880262563, -0.0007473671050319211, -0.9802189031249678, 0.19791499033396925, 0.9999995149284826, -0.0006056111687279014, 0.0007767740418028724], "world_rotation": [0.0, 1.0, 0.0, 0.0]}, {"color": "CVBlue", "id_name": "object209896302708805", "shape": "CVCone", "id_string": "ob401", "world_size": [0.11, 0.11, 0.11], "id": 401, "camera_size": [45, 45], "camera_position": [256, 254], "world_position": [0.705, 0.6547388572526824, -0.15], "world_orientation": [1.0, -3.838362879530641e-17, 1.4813540171849057e-17, 3.838362879530641e-17, 1.0, 5.294293626938881e-18, -1.4813540171849057e-17, -5.294293626938881e-18, 1.0], "world_rotation": [-0.1276280613210114, 0.35710588544125776, 0.925303444577321, 4.1482206750932463e-17]}], "source": "action wait"}
{"timestamp": 1706067132.047989, "objects": [{"color": "cv_", "id_name": "hand", "shape": "CVCylinder", "id_string": "ob383", "world_size": [0.12, 0.005, 0.12], "id": 383, "camera_size": [48, 50], "camera_position": [246, 444], "world_position": [0.2251473967225218, 0.6428711346380043, -0.17397269962461767], "world_orientation": [-0.0005237070613741906, 0.08856503283006598, 0.9960702589128557, -0.0007615761824360626, -0.9960701419723812, 0.08856462201601221, 0.9999995728662251, -0.0007122014672835579, 0.0005890979865753696], "world_rotation": [0.0, 1.0, 0.0, 0.0]}, {"color": "CVBlue", "id_name": "object209896302708805", "shape": "CVCone", "id_string": "ob401", "world_size": [0.11, 0.11, 0.11], "id": 401, "camera_size": [45, 45], "camera_position": [256, 254], "world_position": [0.705, 0.6547388572526824, -0.15], "world_orientation": [1.0, -3.838362879530641e-17, 1.4813540171849057e-17, 3.838362879530641e-17, 1.0, 5.294293626938881e-18, -1.4813540171849057e-17, -5.294293626938881e-18, 1.0], "world_rotation": [-0.1276280613210114, 0.35710588544125776, 0.925303444577321, 4.1482206750932463e-17]}], "source": "action wait"}
{"timestamp": 1706067132.082411, "objects": [{"color": "cv_", "id_name": "hand", "shape": "CVCylinder", "id_string": "ob383", "world_size": [0.12, 0.005, 0.12], "id": 383, "camera_size": [48, 50], "camera_position": [246, 471], "world_position": [0.1639017274570516, 0.6600242867489483, -0.17403874837256755], "world_orientation": [-0.0003781910348876295, 0.06187083466306992, 0.9980840930450883, -0.0007686819886684966, -0.9980838875386205, 0.06187053065712953, 0.9999996330497035, -0.0007438103854823743, 0.00042502537456267373], "world_rotation": [0.0, 1.0, 0.0, 0.0]}, {"color": "CVBlue", "id_name": "object209896302708805", "shape": "CVCone", "id_string": "ob401", "world_size": [0.11, 0.11, 0.11], "id": 401, "camera_size": [45, 45], "camera_position": [256, 254], "world_position": [0.705, 0.6547388572526824, -0.15], "world_orientation": [1.0, -3.838362879530641e-17, 1.4813540171849057e-17, 3.838362879530641e-17, 1.0, 5.294293626938881e-18, -1.4813540171849057e-17, -5.294293626938881e-18, 1.0], "world_rotation": [-0.1276280613210114, 0.35710588544125776, 0.925303444577321, 4.1482206750932463e-17]}], "source": "action wait"}
{"timestamp": 1706067132.112965, "objects": [{"color": "cv_", "id_name": "hand", "shape": "CVCylinder", "id_string": "ob383", "world_size": [0.12, 0.005, 0.12], "id": 383, "camera_size": [49, 46], "camera_position": [246, 488], "world_position": [0.11787038483604097, 0.6676875611812382, -0.17407780476623358], "world_orientation": [-0.0002573706680323416, 0.04331338043652743, 0.9990615020285287, -0.0007697871362927915, -0.9990612476904258, 0.04331317110319635, 0.9999996705939977, -0.0007579171528458247, 0.0002904711438130834], "world_rotation": [0.0, 1.0, 0.0, 0.0]}, {"color": "CVBlue", "id_name": "object209896302708805", "shape": "CVCone", "id_string": "ob401", "world_size": [0.11, 0.11, 0.11], "id": 401, "camera_size": [45, 45], "camera_position": [256, 254], "world_position": [0.705, 0.6547388572526824, -0.15], "world_orientation": [1.0, -3.838362879530641e-17, 1.4813540171849057e-17, 3.838362879530641e-17, 1.0, 5.294293626938881e-18, -1.4813540171849057e-17, -5.294293626938881e-18, 1.0], "world_rotation": [-0.1276280613210114, 0.35710588544125776, 0.925303444577321, 4.1482206750932463e-17]}], "source": "action wait"}
{"timestamp": 1706067132.142904, "objects": [{"color": "cv_", "id_name": "hand", "shape": "CVCylinder", "id_string": "ob383", "world_size": [0.12, 0.005, 0.12], "id": 383, "camera_size": [49, 34], "camera_position": [246, 494], "world_position": [0.08448312667494963, 0.6707868154765764, -0.17409653108072273], "world_orientation": [-0.00017494468807703492, 0.030180978700045432, 0.9995444351898838, -0.0007681377423613262, -0.9995441596580505, 0.030180835937570132, 0.9999996896793344, -0.0007625078289079331, 0.00019804809007188285], "world_rotation": [0.0, 1.0, 0.0, 0.0]}, {"color": "CVBlue", "id_name": "object209896302708805", "shape": "CVCone", "id_string": "ob401", "world_size": [0.11, 0.11, 0.11], "id": 401, "camera_size": [45, 45], "camera_position": [256, 254], "world_position": [0.705, 0.6547388572526824, -0.15], "world_orientation": [1.0, -3.838362879530641e-17, 1.4813540171849057e-17, 3.838362879530641e-17, 1.0, 5.294293626938881e-18, -1.4813540171849057e-17, -5.294293626938881e-18, 1.0], "world_rotation": [-0.1276280613210114, 0.35710588544125776, 0.925303444577321, 4.1482206750932463e-17]}], "source": "action wait"}
{"timestamp": 1706067132.173357, "objects": [{"color": "cv_", "id_name": "hand", "shape": "CVCylinder", "id_string": "ob383", "world_size": [0.12, 0.005, 0.12], "id": 383, "camera_size": [49, 25], "camera_position": [246, 499], "world_position": [0.06057139369629018, 0.6718147238282789, -0.17410508423923635], "world_orientation": [-0.00011909995629818304, 0.020891811224822674, 0.9997817351997119, -0.0007661270143048825, -0.9997814507855567, 0.020891714015984976, 0.999999699432254, -0.0007634715935191735, 0.00013507970805376007], "world_rotation": [0.0, 1.0, 0.0, 0.0]}, {"color": "CVBlue", "id_name": "object209896302708805", "shape": "CVCone", "id_string": "ob401", "world_size": [0.11, 0.11, 0.11], "id": 401, "camera_size": [45, 45], "camera_position": [256, 254], "world_position": [0.705, 0.6547388572526824, -0.15], "world_orientation": [1.0, -3.838362879530641e-17, 1.4813540171849057e-17, 3.838362879530641e-17, 1.0, 5.294293626938881e-18, -1.4813540171849057e-17, -5.294293626938881e-18, 1.0], "world_rotation": [-0.1276280613210114, 0.35710588544125776, 0.925303444577321, 4.1482206750932463e-17]}], "source": "action wait"}
{"timestamp": 1706067132.205458, "objects": [{"color": "cv_", "id_name": "hand", "shape": "CVCylinder", "id_string": "ob383", "world_size": [0.12, 0.005, 0.12], "id": 383, "camera_size": [49, 19], "camera_position": [246, 502], "world_position": [0.043564696030050434, 0.671970259033593, -0.17410869589621242], "world_orientation": [-8.13927105917453e-05, 0.014322987922803596, 0.9998974174345036, -0.0007645365887743665, -0.9998971294096745, 0.014322921562914892, 0.9999997044294718, -0.0007632923792404384, 9.233478600348471e-05], "world_rotation": [0.0, 1.0, 0.0, 0.0]}, {"color": "CVBlue", "id_name": "object209896302708805", "shape": "CVCone", "id_string": "ob401", "world_size": [0.11, 0.11, 0.11], "id": 401, "camera_size": [45, 45], "camera_position": [256, 254], "world_position": [0.705, 0.6547388572526824, -0.15], "world_orientation": [1.0, -3.838362879530641e-17, 1.4813540171849057e-17, 3.838362879530641e-17, 1.0, 5.294293626938881e-18, -1.4813540171849057e-17, -5.294293626938881e-18, 1.0], "world_rotation": [-0.1276280613210114, 0.35710588544125776, 0.925303444577321, 4.1482206750932463e-17]}], "source": "action wait"}
{"timestamp": 1706067132.241984, "objects": [{"color": "cv_", "id_name": "hand", "shape": "CVCylinder", "id_string": "ob383", "world_size": [0.12, 0.005, 0.12], "id": 383, "camera_size": [49, 15], "camera_position": [246, 504], "world_position": [0.031516565900352504, 0.6718051368958249, -0.1741099850637287], "world_orientation": [-5.599145982136338e-05, 0.009678710369447924, 0.9999531586182129, -0.0007634923506204, -0.9999528691527408, 0.00967866481661065, 0.9999997069721506, -0.0007629146650118863, 6.337844222773433e-05], "world_rotation": [0.0, 1.0, 0.0, 0.0]}, {"color": "CVBlue", "id_name": "object209896302708805", "shape": "CVCone", "id_string": "ob401", "world_size": [0.11, 0.11, 0.11], "id": 401, "camera_size": [45, 45], "camera_position": [256, 254], "world_position": [0.705, 0.6547388572526824, -0.15], "world_orientation": [1.0, -3.838362879530641e-17, 1.4813540171849057e-17, 3.838362879530641e-17, 1.0, 5.294293626938881e-18, -1.4813540171849057e-17, -5.294293626938881e-18, 1.0], "world_rotation": [-0.1276280613210114, 0.35710588544125776, 0.925303444577321, 4.1482206750932463e-17]}], "source": "action wait"}
{"timestamp": 1706067132.278661, "objects": [{"color": "cv_", "id_name": "hand", "shape": "CVCylinder", "id_string": "ob383", "world_size": [0.12, 0.005, 0.12], "id": 383, "camera_size": [49, 12], "camera_position": [246, 505], "world_position": [0.023000631738673834, 0.6715586921616069, -0.17411023655919675], "world_orientation": [-3.891411432245976e-05, 0.006395557943445925, 0.9999795474529884, -0.0007628979072507773, -0.9999792573992957, 0.006395526400249658, 0.999999708236195, -0.000762633427800338, 4.379246491364717e-05], "world_rotation": [0.0, 1.0, 0.0, 0.0]}, {"color": "CVBlue", "id_name": "object209896302708805", "shape": "CVCone", "id_string": "ob401", "world_size": [0.11, 0.11, 0.11], "id": 401, "camera_size": [45, 45], "camera_position": [256, 254], "world_position": [0.705, 0.6547388572526824, -0.15], "world_orientation": [1.0, -3.838362879530641e-17, 1.4813540171849057e-17, 3.838362879530641e-17, 1.0, 5.294293626938881e-18, -1.4813540171849057e-17, -5.294293626938881e-18, 1.0], "world_rotation": [-0.1276280613210114, 0.35710588544125776, 0.925303444577321, 4.1482206750932463e-17]}], "source": "action wait"}
{"timestamp": 1706067132.311638, "objects": [{"color": "cv_", "id_name": "hand", "shape": "CVCylinder", "id_string": "ob383", "world_size": [0.12, 0.005, 0.12], "id": 383, "camera_size": [49, 10], "camera_position": [246, 506], "world_position": [0.016989343618855, 0.6713249299094451, -0.1741100664367547], "world_orientation": [-2.7426603611880935e-05, 0.004074857872295406, 0.9999916973560841, -0.0007626140514999264, -0.9999914070296956, 0.0040748357731601546, 0.9999997088337526, -0.0007624959608818455, 3.053391180753382e-05], "world_rotation": [0.0, 1.0, 0.0, 0.0]}, {"color": "CVBlue", "id_name": "object209896302708805", "shape": "CVCone", "id_string": "ob401", "world_size": [0.11, 0.11, 0.11], "id": 401, "camera_size": [45, 45], "camera_position": [256, 254], "world_position": [0.705, 0.6547388572526824, -0.15], "world_orientation": [1.0, -3.838362879530641e-17, 1.4813540171849057e-17, 3.838362879530641e-17, 1.0, 5.294293626938881e-18, -1.4813540171849057e-17, -5.294293626938881e-18, 1.0], "world_rotation": [-0.1276280613210114, 0.35710588544125776, 0.925303444577321, 4.1482206750932463e-17]}], "source": "action wait"}
{"timestamp": 1706067132.349813, "objects": [{"color": "cv_", "id_name": "hand", "shape": "CVCylinder", "id_string": "ob383", "world_size": [0.12, 0.005, 0.12], "id": 383, "camera_size": [49, 9], "camera_position": [246, 507], "world_position": [0.012749358879317427, 0.6711333822549066, -0.1741097603413156], "world_orientation": [-1.971769377893173e-05, 0.002434608356864303, 0.9999970361422884, -0.0007625218204818968, -0.9999967456543422, 0.0024345926144218573, 0.9999997090858006, -0.0007624715559244344, 2.157407160754237e-05], "world_rotation": [0.0, 1.0, 0.0, 0.0]}, {"color": "CVBlue", "id_name": "object209896302708805", "shape": "CVCone", "id_string": "ob401", "world_size": [0.11, 0.11, 0.11], "id": 401, "camera_size": [45, 45], "camera_position": [256, 254], "world_position": [0.705, 0.6547388572526824, -0.15], "world_orientation": [1.0, -3.838362879530641e-17, 1.4813540171849057e-17, 3.838362879530641e-17, 1.0, 5.294293626938881e-18, -1.4813540171849057e-17, -5.294293626938881e-18, 1.0], "world_rotation": [-0.1276280613210114, 0.35710588544125776, 0.925303444577321, 4.1482206750932463e-17]}], "source": "action wait"}
{"timestamp": 1706067132.380398, "objects": [{"color": "cv_", "id_name": "hand", "shape": "CVCylinder", "id_string": "ob383", "world_size": [0.12, 0.005, 0.12], "id": 383, "camera_size": [49, 8], "camera_position": [246, 507], "world_position": [0.00976008677249161, 0.6709870628769783, -0.1741094432002109], "world_orientation": [-1.453585267479687e-05, 0.0012753799532658188, 0.9999991865970111, -0.0007625357743999094, -0.9999988959865836, 0.0012753684985102986, 0.9999997091639086, -0.0007625166155828087, 1.550835946770275e-05], "world_rotation": [0.0, 1.0, 0.0, 0.0]}, {"color": "CVBlue", "id_name": "object209896302708805", "shape": "CVCone", "id_string": "ob401", "world_size": [0.11, 0.11, 0.11], "id": 401, "camera_size": [45, 45], "camera_position": [256, 254], "world_position": [0.705, 0.6547388572526824, -0.15], "world_orientation": [1.0, -3.838362879530641e-17, 1.4813540171849057e-17, 3.838362879530641e-17, 1.0, 5.294293626938881e-18, -1.4813540171849057e-17, -5.294293626938881e-18, 1.0], "world_rotation": [-0.1276280613210114, 0.35710588544125776, 0.925303444577321, 4.1482206750932463e-17]}], "source": "action wait"}
{"timestamp": 1706067132.404926, "objects": [{"color": "cv_", "id_name": "hand", "shape": "CVCylinder", "id_string": "ob383", "world_size": [0.12, 0.005, 0.12], "id": 383, "camera_size": [49, 7], "camera_position": [246, 508], "world_position": [0.007653116921128141, 0.6708796016617318, -0.17410916349561648], "world_orientation": [-1.1063385238870849e-05, 0.00045616067472770475, 0.9999998958975148, -0.0007626007717495436, -0.999999605182582, 0.0004561521051683142, 0.9999997091587899, -0.0007625956457747914, 1.1411249353807426e-05], "world_rotation": [0.0, 1.0, 0.0, 0.0]}, {"color": "CVBlue", "id_name": "object209896302708805", "shape": "CVCone", "id_string": "ob401", "world_size": [0.11, 0.11, 0.11], "id": 401, "camera_size": [45, 45], "camera_position": [256, 254], "world_position": [0.705, 0.6547388572526824, -0.15], "world_orientation": [1.0, -3.838362879530641e-17, 1.4813540171849057e-17, 3.838362879530641e-17, 1.0, 5.294293626938881e-18, -1.4813540171849057e-17, -5.294293626938881e-18, 1.0], "world_rotation": [-0.1276280613210114, 0.35710588544125776, 0.925303444577321, 4.1482206750932463e-17]}], "source": "action wait"}
{"timestamp": 1706067132.438071, "objects": [{"color": "cv_", "id_name": "hand", "shape": "CVCylinder", "id_string": "ob383", "world_size": [0.12, 0.005, 0.12], "id": 383, "camera_size": [49, 7], "camera_position": [246, 508], "world_position": [0.00616821742733053, 0.6708025339839603, -0.1741089346793345], "world_orientation": [-8.734569836423773e-06, -0.0001227431600506454, 0.999999992428912, -0.0007626839554301317, -0.9999997016227927, -0.00012274978607214348, 0.9999997091184035, -0.0007626850218227615, 8.640952991781569e-06], "world_rotation": [0.0, 1.0, 0.0, 0.0]}, {"color": "CVBlue", "id_name": "object209896302708805", "shape": "CVCone", "id_string": "ob401", "world_size": [0.11, 0.11, 0.11], "id": 401, "camera_size": [45, 45], "camera_position": [256, 254], "world_position": [0.705, 0.6547388572526824, -0.15], "world_orientation": [1.0, -3.838362879530641e-17, 1.4813540171849057e-17, 3.838362879530641e-17, 1.0, 5.294293626938881e-18, -1.4813540171849057e-17, -5.294293626938881e-18, 1.0], "world_rotation": [-0.1276280613210114, 0.35710588544125776, 0.925303444577321, 4.1482206750932463e-17]}], "source": "action wait"}
{"timestamp": 1706067132.471891, "objects": [{"color": "CVBlue", "id_name": "object209896302708805", "shape": "CVCone", "id_string": "ob401", "world_size": [0.11, 0.11, 0.11], "id": 401, "camera_size": [45, 45], "camera_position": [256, 254], "world_position": [0.705, 0.6547388572526824, -0.15], "world_orientation": [1.0, -3.838362879530641e-17, 1.4813540171849057e-17, 3.838362879530641e-17, 1.0, 5.294293626938881e-18, -1.4813540171849057e-17, -5.294293626938881e-18, 1.0], "world_rotation": [-0.1276280613210114, 0.35710588544125776, 0.925303444577321, 4.1482206750932463e-17]}], "source": "action wait"}
{"timestamp": 1706067133.89581, "objects": [{"color": "CVBlue", "id_name": "object209896302708805", "shape": "CVCone", "id_string": "ob401", "world_size": [0.11, 0.11, 0.11], "id": 401, "camera_size": [45, 45], "camera_position": [256, 254], "world_position": [0.705, 0.6547388572526824, -0.15], "world_orientation": [1.0, -3.838362879530641e-17, 1.4813540171849057e-17, 3.838362879530641e-17, 1.0, 5.294293626938881e-18, -1.4813540171849057e-17, -5.294293626938881e-18, 1.0], "world_rotation": [-0.1276280613210114, 0.35710588544125776, 0.925303444577321, 4.1482206750932463e-17]}], "source": "action wait"}
{"timestamp": 1706067133.928325, "objects": [{"color": "cv_", "id_name": "hand", "shape": "CVCylinder", "id_string": "ob383", "world_size": [0.12, 0.005, 0.12], "id": 383, "camera_size": [51, 10], "camera_position": [246, 506], "world_position": [0.035485383096590384, 0.7265158760270065, -0.1741229330090013], "world_orientation": [0.00015799341477391974, 0.19316671215326117, 0.9811659372165241, -0.000708323981363862, -0.9811656817082967, 0.19316677590887918, 0.9999997366575746, -0.0007255024415748151, -1.819310189228106e-05], "world_rotation": [0.0, 1.0, 0.0, 0.0]}, {"color": "CVBlue", "id_name": "object209896302708805", "shape": "CVCone", "id_string": "ob401", "world_size": [0.11, 0.11, 0.11], "id": 401, "camera_size": [45, 45], "camera_position": [256, 254], "world_position": [0.705, 0.6547388572526824, -0.15], "world_orientation": [1.0, -3.838362879530641e-17, 1.4813540171849057e-17, 3.838362879530641e-17, 1.0, 5.294293626938881e-18, -1.4813540171849057e-17, -5.294293626938881e-18, 1.0], "world_rotation": [-0.1276280613210114, 0.35710588544125776, 0.925303444577321, 4.1482206750932463e-17]}], "source": "action wait"}
{"timestamp": 1706067133.953285, "objects": [{"color": "cv_", "id_name": "hand", "shape": "CVCylinder", "id_string": "ob383", "world_size": [0.12, 0.005, 0.12], "id": 383, "camera_size": [53, 21], "camera_position": [245, 501], "world_position": [0.0839297073344951, 0.7794735163310603, -0.17412487095417437], "world_orientation": [0.0002569584152364868, 0.29662639602508517, 0.9549935681215566, -0.000706982344127079, -0.9549933070984589, 0.2966265051763146, 0.999999717074129, -0.0007513842681043455, -3.568394196123363e-05], "world_rotation": [0.0, 1.0, 0.0, 0.0]}, {"color": "CVBlue", "id_name": "object209896302708805", "shape": "CVCone", "id_string": "ob401", "world_size": [0.11, 0.11, 0.11], "id": 401, "camera_size": [45, 45], "camera_position": [256, 254], "world_position": [0.705, 0.6547388572526824, -0.15], "world_orientation": [1.0, -3.838362879530641e-17, 1.4813540171849057e-17, 3.838362879530641e-17, 1.0, 5.294293626938881e-18, -1.4813540171849057e-17, -5.294293626938881e-18, 1.0], "world_rotation": [-0.1276280613210114, 0.35710588544125776, 0.925303444577321, 4.1482206750932463e-17]}], "source": "action wait"}
{"timestamp": 1706067133.983222, "objects": [{"color": "cv_", "id_name": "hand", "shape": "CVCylinder", "id_string": "ob383", "world_size": [0.12, 0.005, 0.12], "id": 383, "camera_size": [55, 37], "camera_position": [245, 493], "world_position": [0.14081320713785506, 0.8113791034822926, -0.1741206550734767], "world_orientation": [0.00028821831283132874, 0.336576791794499, 0.9416559776030344, -0.0007128895562354291, -0.9416557082786471, 0.33657691372808174, 0.9999997043592987, -0.000768304342212769, -3.1460339766070713e-05], "world_rotation": [0.0, 1.0, 0.0, 0.0]}, {"color": "CVBlue", "id_name": "object209896302708805", "shape": "CVCone", "id_string": "ob401", "world_size": [0.11, 0.11, 0.11], "id": 401, "camera_size": [45, 45], "camera_position": [256, 254], "world_position": [0.705, 0.6547388572526824, -0.15], "world_orientation": [1.0, -3.838362879530641e-17, 1.4813540171849057e-17, 3.838362879530641e-17, 1.0, 5.294293626938881e-18, -1.4813540171849057e-17, -5.294293626938881e-18, 1.0], "world_rotation": [-0.1276280613210114, 0.35710588544125776, 0.925303444577321, 4.1482206750932463e-17]}], "source": "action wait"}
{"timestamp": 1706067134.015112, "objects": [{"color": "cv_", "id_name": "hand", "shape": "CVCylinder", "id_string": "ob383", "world_size": [0.12, 0.005, 0.12], "id": 383, "camera_size": [55, 59], "camera_position": [245, 480], "world_position": [0.20224872831643276, 0.8254608341594281, -0.17411728852376981], "world_orientation": [0.0002860959135045553, 0.3367120878290626, 0.941607608326803, -0.0007225612153817854, -0.9416073314525311, 0.3367122083621763, 0.9999996980271636, -0.0007767011247250845, -2.6094914238526966e-05], "world_rotation": [0.0, 1.0, 0.0, 0.0]}, {"color": "CVBlue", "id_name": "object209896302708805", "shape": "CVCone", "id_string": "ob401", "world_size": [0.11, 0.11, 0.11], "id": 401, "camera_size": [45, 45], "camera_position": [256, 254], "world_position": [0.705, 0.6547388572526824, -0.15], "world_orientation": [1.0, -3.838362879530641e-17, 1.4813540171849057e-17, 3.838362879530641e-17, 1.0, 5.294293626938881e-18, -1.4813540171849057e-17, -5.294293626938881e-18, 1.0], "world_rotation": [-0.1276280613210114, 0.35710588544125776, 0.925303444577321, 4.1482206750932463e-17]}], "source": "action wait"}
{"timestamp": 1706067134.053336, "objects": [{"color": "cv_", "id_name": "hand", "shape": "CVCylinder", "id_string": "ob383", "world_size": [0.12, 0.005, 0.12], "id": 383, "camera_size": [55, 58], "camera_position": [245, 451], "world_position": [0.2663025849273256, 0.8244600242812357, -0.17411455150821595], "world_orientation": [0.00026066436448743, 0.308814206455876, 0.9511223464650154, -0.0007356842856535884, -0.9511220621684904, 0.3088143157708047, 0.9999996954113141, -0.0007802226513935116, -2.073386900849307e-05], "world_rotation": [0.0, 1.0, 0.0, 0.0]}, {"color": "CVBlue", "id_name": "object209896302708805", "shape": "CVCone", "id_string": "ob401", "world_size": [0.11, 0.11, 0.11], "id": 401, "camera_size": [45, 45], "camera_position": [256, 254], "world_position": [0.705, 0.6547388572526824, -0.15], "world_orientation": [1.0, -3.838362879530641e-17, 1.4813540171849057e-17, 3.838362879530641e-17, 1.0, 5.294293626938881e-18, -1.4813540171849057e-17, -5.294293626938881e-18, 1.0], "world_rotation": [-0.1276280613210114, 0.35710588544125776, 0.925303444577321, 4.1482206750932463e-17]}], "source": "action wait"}
{"timestamp": 1706067134.087691, "objects": [{"color": "cv_", "id_name": "hand", "shape": "CVCylinder", "id_string": "ob383", "world_size": [0.12, 0.005, 0.12], "id": 383, "camera_size": [54, 56], "camera_position": [245, 420], "world_position": [0.3309574342883586, 0.8105537515142996, -0.17411213984978113], "world_orientation": [0.000218549054036061, 0.26052882880474587, 0.9654660437311808, -0.0007501086146188232, -0.9654657524623226, 0.2605289200058757, 0.9999996947866422, -0.0007811427455413173, -1.5576708061415982e-05], "world_rotation": [0.0, 1.0, 0.0, 0.0]}, {"color": "CVBlue", "id_name": "object209896302708805", "shape": "CVCone", "id_string": "ob401", "world_size": [0.11, 0.11, 0.11], "id": 401, "camera_size": [45, 45], "camera_position": [256, 254], "world_position": [0.705, 0.6547388572526824, -0.15], "world_orientation": [1.0, -3.838362879530641e-17, 1.4813540171849057e-17, 3.838362879530641e-17, 1.0, 5.294293626938881e-18, -1.4813540171849057e-17, -5.294293626938881e-18, 1.0], "world_rotation": [-0.1276280613210114, 0.35710588544125776, 0.925303444577321, 4.1482206750932463e-17]}], "source": "action wait"}
{"timestamp": 1706067134.120886, "objects": [{"color": "cv_", "id_name": "hand", "shape": "CVCylinder", "id_string": "ob383", "world_size": [0.12, 0.005, 0.12], "id": 383, "camera_size": [53, 55], "camera_position": [245, 390], "world_position": [0.3944250032613054, 0.7855105868743983, -0.17410985661483008], "world_orientation": [0.00016437293084134593, 0.19714784488174636, 0.9803737553810906, -0.0007633895049930425, -0.9803734582238695, 0.19714791311762536, 0.9999996951089553, -0.000780812816117218, -1.0646262932172646e-05], "world_rotation": [0.0, 1.0, 0.0, 0.0]}, {"color": "CVBlue", "id_name": "object209896302708805", "shape": "CVCone", "id_string": "ob401", "world_size": [0.11, 0.11, 0.11], "id": 401, "camera_size": [45, 45], "camera_position": [256, 254], "world_position": [0.705, 0.6547388572526824, -0.15], "world_orientation": [1.0, -3.838362879530641e-17, 1.4813540171849057e-17, 3.838362879530641e-17, 1.0, 5.294293626938881e-18, -1.4813540171849057e-17, -5.294293626938881e-18, 1.0], "world_rotation": [-0.1276280613210114, 0.35710588544125776, 0.925303444577321, 4.1482206750932463e-17]}], "source": "action wait"}
{"timestamp": 1706067134.155651, "objects": [{"color": "cv_", "id_name": "hand", "shape": "CVCylinder", "id_string": "ob383", "world_size": [0.12, 0.005, 0.12], "id": 383, "camera_size": [52, 53], "camera_position": [245, 365], "world_position": [0.44574275356711074, 0.7577676700193625, -0.17410287538272584], "world_orientation": [0.00010273116068665535, 0.13901230729303063, 0.9902906481772796, -0.0007679251919674331, -0.9902903504444798, 0.13901234516203728, 0.9999996998685592, -0.0007747500356736582, 5.017375646291791e-06], "world_rotation": [0.0, 1.0, 0.0, 0.0]}, {"color": "CVBlue", "id_name": "object209896302708805", "shape": "CVCone", "id_string": "ob401", "world_size": [0.11, 0.11, 0.11], "id": 401, "camera_size": [45, 45], "camera_position": [256, 254], "world_position": [0.705, 0.6547388572526824, -0.15], "world_orientation": [1.0, -3.838362879530641e-17, 1.4813540171849057e-17, 3.838362879530641e-17, 1.0, 5.294293626938881e-18, -1.4813540171849057e-17, -5.294293626938881e-18, 1.0], "world_rotation": [-0.1276280613210114, 0.35710588544125776, 0.925303444577321, 4.1482206750932463e-17]}], "source": "action wait"}
{"timestamp": 1706067134.189601, "objects": [{"color": "cv_", "id_name": "hand", "shape": "CVCylinder", "id_string": "ob383", "world_size": [0.12, 0.005, 0.12], "id": 383, "camera_size": [51, 52], "camera_position": [246, 348], "world_position": [0.4806024694571683, 0.735051143466932, -0.17409836201751497], "world_orientation": [6.01411322407231e-05, 0.09768596341858403, 0.995217287296612, -0.0007666210693020525, -0.9952169921440268, 0.09768598077478853, 0.9999997043375465, -0.0007688294864633767, 1.5034640999405573e-05], "world_rotation": [0.0, 1.0, 0.0, 0.0]}, {"color": "CVBlue", "id_name": "object209896302708805", "shape": "CVCone", "id_string": "ob401", "world_size": [0.11, 0.11, 0.11], "id": 401, "camera_size": [45, 45], "camera_position": [256, 254], "world_position": [0.705, 0.6547388572526824, -0.15], "world_orientation": [1.0, -3.838362879530641e-17, 1.4813540171849057e-17, 3.838362879530641e-17, 1.0, 5.294293626938881e-18, -1.4813540171849057e-17, -5.294293626938881e-18, 1.0], "world_rotation": [-0.1276280613210114, 0.35710588544125776, 0.925303444577321, 4.1482206750932463e-17]}], "source": "action wait"}
{"timestamp": 1706067134.223192, "objects": [{"color": "cv_", "id_name": "hand", "shape": "CVCylinder", "id_string": "ob383", "world_size": [0.12, 0.005, 0.12], "id": 383, "camera_size": [51, 51], "camera_position": [246, 338], "world_position": [0.5043641008165608, 0.7175482020394579, -0.17409678453466615], "world_orientation": [3.3740574926907486e-05, 0.06844349185851376, 0.9976549941155947, -0.000764411522031695, -0.9976547014407923, 0.06844349763205197, 0.9999997072682565, -0.0007649282954748754, 1.8657550579974147e-05], "world_rotation": [0.0, 1.0, 0.0, 0.0]}, {"color": "CVBlue", "id_name": "object209896302708805", "shape": "CVCone", "id_string": "ob401", "world_size": [0.11, 0.11, 0.11], "id": 401, "camera_size": [45, 45], "camera_position": [256, 254], "world_position": [0.705, 0.6547388572526824, -0.15], "world_orientation": [1.0, -3.838362879530641e-17, 1.4813540171849057e-17, 3.838362879530641e-17, 1.0, 5.294293626938881e-18, -1.4813540171849057e-17, -5.294293626938881e-18, 1.0], "world_rotation": [-0.1276280613210114, 0.35710588544125776, 0.925303444577321, 4.1482206750932463e-17]}], "source": "action wait"}
{"timestamp": 1706067134.254523, "objects": [{"color": "cv_", "id_name": "hand", "shape": "CVCylinder", "id_string": "ob383", "world_size": [0.12, 0.005, 0.12], "id": 383, "camera_size": [49, 50], "camera_position": [246, 330], "world_position": [0.5206726171271089, 0.7045118690508338, -0.17409677842082102], "world_orientation": [1.7539615956825664e-05, 0.047789928175821554, 0.9988574084709547, -0.0007626863104199609, -0.9988571174723724, 0.04778992764563966, 0.9999997090009346, -0.0007626530884802046, 1.8929153759826395e-05], "world_rotation": [0.0, 1.0, 0.0, 0.0]}, {"color": "CVBlue", "id_name": "object209896302708805", "shape": "CVCone", "id_string": "ob401", "world_size": [0.11, 0.11, 0.11], "id": 401, "camera_size": [45, 45], "camera_position": [256, 254], "world_position": [0.705, 0.6547388572526824, -0.15], "world_orientation": [1.0, -3.838362879530641e-17, 1.4813540171849057e-17, 3.838362879530641e-17, 1.0, 5.294293626938881e-18, -1.4813540171849057e-17, -5.294293626938881e-18, 1.0], "world_rotation": [-0.1276280613210114, 0.35710588544125776, 0.925303444577321, 4.1482206750932463e-17]}], "source": "action wait"}
{"timestamp": 1706067134.27847, "objects": [{"color": "cv_", "id_name": "hand", "shape": "CVCylinder", "id_string": "ob383", "world_size": [0.12, 0.005, 0.12], "id": 383, "camera_size": [49, 49], "camera_position": [246, 325], "world_position": [0.5319367520681009, 0.694998273597397, -0.17409753216360674], "world_orientation": [7.721749370382925e-06, 0.03321578729006401, 0.9994482034678316, -0.0007616738598990665, -0.9994479133887557, 0.03321578353424171, 0.9999997098966109, -0.000761510054860487, 1.7582110619245255e-05], "world_rotation": [0.0, 1.0, 0.0, 0.0]}, {"color": "CVBlue", "id_name": "object209896302708805", "shape": "CVCone", "id_string": "ob401", "world_size": [0.11, 0.11, 0.11], "id": 401, "camera_size": [45, 45], "camera_position": [256, 254], "world_position": [0.705, 0.6547388572526824, -0.15], "world_orientation": [1.0, -3.838362879530641e-17, 1.4813540171849057e-17, 3.838362879530641e-17, 1.0, 5.294293626938881e-18, -1.4813540171849057e-17, -5.294293626938881e-18, 1.0], "world_rotation": [-0.1276280613210114, 0.35710588544125776, 0.925303444577321, 4.1482206750932463e-17]}], "source": "action wait"}
{"timestamp": 1706067134.315287, "objects": [{"color": "cv_", "id_name": "hand", "shape": "CVCylinder", "id_string": "ob383", "world_size": [0.12, 0.005, 0.12], "id": 383, "camera_size": [49, 50], "camera_position": [246, 321], "world_position": [0.5397577809185179, 0.6881439039337436, -0.17409858266533484], "world_orientation": [1.86557510624271e-06, 0.022936046100604044, 0.9997369342911117, -0.000761238311678567, -0.9997366445945745, 0.022936040874883903, 0.9999997102563343, -0.0007610808448897219, 1.559471321362394e-05], "world_rotation": [0.0, 1.0, 0.0, 0.0]}, {"color": "CVBlue", "id_name": "object209896302708805", "shape": "CVCone", "id_string": "ob401", "world_size": [0.11, 0.11, 0.11], "id": 401, "camera_size": [45, 45], "camera_position": [256, 254], "world_position": [0.705, 0.6547388572526824, -0.15], "world_orientation": [1.0, -3.838362879530641e-17, 1.4813540171849057e-17, 3.838362879530641e-17, 1.0, 5.294293626938881e-18, -1.4813540171849057e-17, -5.294293626938881e-18, 1.0], "world_rotation": [-0.1276280613210114, 0.35710588544125776, 0.925303444577321, 4.1482206750932463e-17]}], "source": "action wait"}
{"timestamp": 1706067134.349331, "objects": [{"color": "cv_", "id_name": "hand", "shape": "CVCylinder", "id_string": "ob383", "world_size": [0.12, 0.005, 0.12], "id": 383, "camera_size": [49, 49], "camera_position": [246, 319], "world_position": [0.5452106576881378, 0.683246162923129, -0.17409967903578574], "world_orientation": [-1.525126049165734e-06, 0.015686784940736356, 0.9998769548178903, -0.000761179000250199, -0.9998766651761323, 0.015686779235592804, 0.9999997103020598, -0.000761061416526225, 1.3465389226712319e-05], "world_rotation": [0.0, 1.0, 0.0, 0.0]}, {"color": "CVBlue", "id_name": "object209896302708805", "shape": "CVCone", "id_string": "ob401", "world_size": [0.11, 0.11, 0.11], "id": 401, "camera_size": [45, 45], "camera_position": [256, 254], "world_position": [0.705, 0.6547388572526824, -0.15], "world_orientation": [1.0, -3.838362879530641e-17, 1.4813540171849057e-17, 3.838362879530641e-17, 1.0, 5.294293626938881e-18, -1.4813540171849057e-17, -5.294293626938881e-18, 1.0], "world_rotation": [-0.1276280613210114, 0.35710588544125776, 0.925303444577321, 4.1482206750932463e-17]}], "source": "action wait"}
{"timestamp": 1706067134.382692, "objects": [{"color": "cv_", "id_name": "hand", "shape": "CVCylinder", "id_string": "ob383", "world_size": [0.12, 0.005, 0.12], "id": 383, "camera_size": [49, 49], "camera_position": [246, 317], "world_position": [0.5490244138959995, 0.6797654539575788, -0.17410069639365783], "world_orientation": [-3.424813862660279e-06, 0.010575059195860029, 0.9999440824922536, -0.0007613293770863679, -0.9999437927306447, 0.010575053523885679, 0.9999997101828833, -0.0007612505878554851, 1.1475724593829026e-05], "world_rotation": [0.0, 1.0, 0.0, 0.0]}, {"color": "CVBlue", "id_name": "object209896302708805", "shape": "CVCone", "id_string": "ob401", "world_size": [0.11, 0.11, 0.11], "id": 401, "camera_size": [45, 45], "camera_position": [256, 254], "world_position": [0.705, 0.6547388572526824, -0.15], "world_orientation": [1.0, -3.838362879530641e-17, 1.4813540171849057e-17, 3.838362879530641e-17, 1.0, 5.294293626938881e-18, -1.4813540171849057e-17, -5.294293626938881e-18, 1.0], "world_rotation": [-0.1276280613210114, 0.35710588544125776, 0.925303444577321, 4.1482206750932463e-17]}], "source": "action wait"}
{"timestamp": 1706067134.425276, "objects": [{"color": "cv_", "id_name": "hand", "shape": "CVCylinder", "id_string": "ob383", "world_size": [0.12, 0.005, 0.12], "id": 383, "camera_size": [49, 49], "camera_position": [246, 316], "world_position": [0.5516980111118853, 0.6773006303382221, -0.1741015821402736], "world_orientation": [-4.4160079552375494e-06, 0.006970700611982836, 0.9999757043615994, -0.0007615740144991203, -0.9999754144043069, 0.006970695227530032, 0.9999997099927176, -0.0007615247289270388, 9.724603834357302e-06], "world_rotation": [0.0, 1.0, 0.0, 0.0]}, {"color": "CVBlue", "id_name": "object209896302708805", "shape": "CVCone", "id_string": "ob401", "world_size": [0.11, 0.11, 0.11], "id": 401, "camera_size": [45, 45], "camera_position": [256, 254], "world_position": [0.705, 0.6547388572526824, -0.15], "world_orientation": [1.0, -3.838362879530641e-17, 1.4813540171849057e-17, 3.838362879530641e-17, 1.0, 5.294293626938881e-18, -1.4813540171849057e-17, -5.294293626938881e-18, 1.0], "world_rotation": [-0.1276280613210114, 0.35710588544125776, 0.925303444577321, 4.1482206750932463e-17]}], "source": "action wait"}
{"timestamp": 1706067134.452227, "objects": [{"color": "cv_", "id_name": "hand", "shape": "CVCylinder", "id_string": "ob383", "world_size": [0.12, 0.005, 0.12], "id": 383, "camera_size": [49, 49], "camera_position": [246, 315], "world_position": [0.5535755287946624, 0.6755592970207555, -0.1741023232434319], "world_orientation": [-4.881986458385842e-06, 0.004429219889403175, 0.99999019094556, -0.0007618426664957559, -0.9999899007746308, 0.004429214884817933, 0.9999997097859169, -0.0007618135701728113, 8.256305845509775e-06], "world_rotation": [0.0, 1.0, 0.0, 0.0]}, {"color": "CVBlue", "id_name": "object209896302708805", "shape": "CVCone", "id_string": "ob401", "world_size": [0.11, 0.11, 0.11], "id": 401, "camera_size": [45, 45], "camera_position": [256, 254], "world_position": [0.705, 0.6547388572526824, -0.15], "world_orientation": [1.0, -3.838362879530641e-17, 1.4813540171849057e-17, 3.838362879530641e-17, 1.0, 5.294293626938881e-18, -1.4813540171849057e-17, -5.294293626938881e-18, 1.0], "world_rotation": [-0.1276280613210114, 0.35710588544125776, 0.925303444577321, 4.1482206750932463e-17]}], "source": "action wait"}
{"timestamp": 1706067134.483717, "objects": [{"color": "cv_", "id_name": "hand", "shape": "CVCylinder", "id_string": "ob383", "world_size": [0.12, 0.005, 0.12], "id": 383, "camera_size": [49, 49], "camera_position": [246, 315], "world_position": [0.5548956490014886, 0.6743309727244664, -0.17410292680468972], "world_orientation": [-5.0458550514376e-06, 0.002637172592667494, 0.999996522641582, -0.0007620969976957311, -0.9999962322695041, 0.002637167981459594, 0.9999997095913107, -0.0007620810408442789, 7.055617355658667e-06], "world_rotation": [0.0, 1.0, 0.0, 0.0]}, {"color": "CVBlue", "id_name": "object209896302708805", "shape": "CVCone", "id_string": "ob401", "world_size": [0.11, 0.11, 0.11], "id": 401, "camera_size": [45, 45], "camera_position": [256, 254], "world_position": [0.705, 0.6547388572526824, -0.15], "world_orientation": [1.0, -3.838362879530641e-17, 1.4813540171849057e-17, 3.838362879530641e-17, 1.0, 5.294293626938881e-18, -1.4813540171849057e-17, -5.294293626938881e-18, 1.0], "world_rotation": [-0.1276280613210114, 0.35710588544125776, 0.925303444577321, 4.1482206750932463e-17]}], "source": "action wait"}
