{"timestamp": 1706067366.905471, "objects": [{"color": "cv_", "id_name": "hand", "shape": "CVCylinder", "id_string": "ob383", "world_size": [0.12, 0.005, 0.12], "id": 383, "camera_size": [48, 50], "camera_position": [246, 426], "world_position": [0.26764451554013785, 0.6334703013847398, -0.17389260400847859], "world_orientation": [-0.0006415511554470823, 0.19791547486641228, 0.9802188802611983, -0.0007473675259764327, -0.9802189031249677, 0.19791499033238086, 0.9999995149268305, -0.000605611168728453, 0.0007767761686946857], "world_rotation": [0.0, 1.0, 0.0, 0.0]}, {"color": "CVBlue", "id_name": "object78657045341184", "shape": "CVCylinder", "id_string": "ob513", "world_size": [0.11, 0.11, 0.11], "id": 513, "camera_size": [45, 45], "camera_position": [256, 254], "world_position": [0.705, 0.6547388526351784, -0.15], "world_orientation": [1.0, -5.161936286265336e-17, 1.4791987631444557e-17, 5.161936286265336e-17, 1.0, 1.8530027694285844e-17, -1.4791987631444557e-17, -1.8530027694285844e-17, 1.0], "world_rotation": [-0.32620844195650495, 0.2604028077184905, 0.908723516878834, 5.680425553412425e-17]}], "source": "manual check"}
{"timestamp": 1706067367.925329, "objects": [{"color": "cv_", "id_name": "hand", "shape": "CVCylinder", "id_string": "ob383", "world_size": [0.12, 0.005, 0.12], "id": 383, "camera_size": [48, 50], "camera_position": [246, 426], "world_position": [0.26764451554013785, 0.6334703013847398, -0.17389260400847859], "world_orientation": [-0.0006415511554470823, 0.19791547486641228, 0.9802188802611983, -0.0007473675259764327, -0.9802189031249677, 0.19791499033238086, 0.9999995149268305, -0.000605611168728453, 0.0007767761686946857], "world_rotation": [0.0, 1.0, 0.0, 0.0]}, {"color": "CVBlue", "id_name": "object78657045341184", "shape": "CVCylinder", "id_string": "ob513", "world_size": [0.11, 0.11, 0.11], "id": 513, "camera_size": [45, 45], "camera_position": [256, 254], "world_position": [0.705, 0.6547388572526824, -0.15], "world_orientation": [1.0, -3.838362879530641e-17, 1.4813540171849057e-17, 3.838362879530641e-17, 1.0, 5.294293626938881e-18, -1.4813540171849057e-17, -5.294293626938881e-18, 1.0], "world_rotation": [-0.1276280613210114, 0.35710588544125776, 0.925303444577321, 4.1482206750932463e-17]}], "source": "manual check"}
{"timestamp": 1706067369.040267, "objects": [{"color": "cv_", "id_name": "hand", "shape": "CVCylinder", "id_string": "ob383", "world_size": [0.12, 0.005, 0.12], "id": 383, "camera_size": [48, 50], "camera_position": [246, 426], "world_position": [0.26764451554013785, 0.6334703013847398, -0.17389260400847859], "world_orientation": [-0.0006415511554470823, 0.19791547486641228, 0.9802188802611983, -0.0007473675259764327, -0.9802189031249677, 0.19791499033238086, 0.9999995149268305, -0.000605611168728453, 0.0007767761686946857], "world_rotation": [0.0, 1.0, 0.0, 0.0]}, {"color": "CVBlue", "id_name": "object78657045341184", "shape": "CVCylinder", "id_string": "ob513", "world_size": [0.11, 0.11, 0.11], "id": 513, "camera_size": [45, 45], "camera_position": [256, 254], "world_position": [0.705, 0.6547388572526824, -0.15], "world_orientation": [1.0, -3.838362879530641e-17, 1.4813540171849057e-17, 3.838362879530641e-17, 1.0, 5.294293626938881e-18, -1.4813540171849057e-17, -5.294293626938881e-18, 1.0], "world_rotation": [-0.1276280613210114, 0.35710588544125776, 0.925303444577321, 4.1482206750932463e-17]}], "source": "action wait"}
{"timestamp": 1706067369.071266, "objects": [{"color": "cv_", "id_name": "hand", "shape": "CVCylinder", "id_string": "ob383", "world_size": [0.12, 0.005, 0.12], "id": 383, "camera_size": [48, 50], "camera_position": [246, 444], "world_position": [0.2251631603245557, 0.6434344123740163, -0.17397281704655032], "world_orientation": [-0.0005233903389549728, 0.08888641139967877, 0.9960416316254257, -0.0007608490394691539, -0.9960415151483949, 0.08888600120170256, 0.9999995735855552, -0.0007113152443965059, 0.0005889476469624439], "world_rotation": [0.0, 1.0, 0.0, 0.0]}, {"color": "CVBlue", "id_name": "object78657045341184", "shape": "CVCylinder", "id_string": "ob513", "world_size": [0.11, 0.11, 0.11], "id": 513, "camera_size": [45, 45], "camera_position": [256, 254], "world_position": [0.705, 0.6547388572526824, -0.15], "world_orientation": [1.0, -3.838362879530641e-17, 1.4813540171849057e-17, 3.838362879530641e-17, 1.0, 5.294293626938881e-18, -1.4813540171849057e-17, -5.294293626938881e-18, 1.0], "world_rotation": [-0.1276280613210114, 0.35710588544125776, 0.925303444577321, 4.1482206750932463e-17]}], "source": "action wait"}
{"timestamp": 1706067369.103127, "objects": [{"color": "cv_", "id_name": "hand", "shape": "CVCylinder", "id_string": "ob383", "world_size": [0.12, 0.005, 0.12], "id": 383, "camera_size": [48, 50], "camera_position": [246, 471], "world_position": [0.16398805674409897, 0.6613725588803416, -0.174038841238851], "world_orientation": [-0.0003777034006116994, 0.062271703655645445, 0.998059162707284, -0.000768382955646823, -0.9980589573379882, 0.06227140005685893, 0.9999996334638203, -0.0007433715297894282, 0.0004248187779059995], "world_rotation": [0.0, 1.0, 0.0, 0.0]}, {"color": "CVBlue", "id_name": "object78657045341184", "shape": "CVCylinder", "id_string": "ob513", "world_size": [0.11, 0.11, 0.11], "id": 513, "camera_size": [45, 45], "camera_position": [256, 254], "world_position": [0.705, 0.6547388572526824, -0.15], "world_orientation": [1.0, -3.838362879530641e-17, 1.4813540171849057e-17, 3.838362879530641e-17, 1.0, 5.294293626938881e-18, -1.4813540171849057e-17, -5.294293626938881e-18, 1.0], "world_rotation": [-0.1276280613210114, 0.35710588544125776, 0.925303444577321, 4.1482206750932463e-17]}], "source": "action wait"}
{"timestamp": 1706067369.138741, "objects": [{"color": "cv_", "id_name": "hand", "shape": "CVCylinder", "id_string": "ob383", "world_size": [0.12, 0.005, 0.12], "id": 383, "camera_size": [49, 46], "camera_position": [246, 488], "world_position": [0.1179752424817471, 0.6695673332147547, -0.17407781997535754], "world_orientation": [-0.0002571376199344382, 0.04359603733986943, 0.9990492077012548, -0.000769727609826954, -0.9990489533997811, 0.043595828128491, 0.9999996706997715, -0.0007577856312597276, 0.0002904501436951356], "world_rotation": [0.0, 1.0, 0.0, 0.0]}, {"color": "CVBlue", "id_name": "object78657045341184", "shape": "CVCylinder", "id_string": "ob513", "world_size": [0.11, 0.11, 0.11], "id": 513, "camera_size": [45, 45], "camera_position": [256, 254], "world_position": [0.705, 0.6547388572526824, -0.15], "world_orientation": [1.0, -3.838362879530641e-17, 1.4813540171849057e-17, 3.838362879530641e-17, 1.0, 5.294293626938881e-18, -1.4813540171849057e-17, -5.294293626938881e-18, 1.0], "world_rotation": [-0.1276280613210114, 0.35710588544125776, 0.925303444577321, 4.1482206750932463e-17]}], "source": "action wait"}
{"timestamp": 1706067369.174227, "objects": [{"color": "cv_", "id_name": "hand", "shape": "CVCylinder", "id_string": "ob383", "world_size": [0.12, 0.005, 0.12], "id": 383, "camera_size": [49, 33], "camera_position": [246, 495], "world_position": [0.08454357375894817, 0.6730451822147482, -0.17409654005658676], "world_orientation": [-0.00017482069106361525, 0.030380263654313903, 0.9995383979707935, -0.000768201453093832, -0.999538122394281, 0.030380120918831164, 0.9999996896520785, -0.0007625357760109744, 0.00019807810798638944], "world_rotation": [0.0, 1.0, 0.0, 0.0]}, {"color": "CVBlue", "id_name": "object78657045341184", "shape": "CVCylinder", "id_string": "ob513", "world_size": [0.11, 0.11, 0.11], "id": 513, "camera_size": [45, 45], "camera_position": [256, 254], "world_position": [0.705, 0.6547388572526824, -0.15], "world_orientation": [1.0, -3.838362879530641e-17, 1.4813540171849057e-17, 3.838362879530641e-17, 1.0, 5.294293626938881e-18, -1.4813540171849057e-17, -5.294293626938881e-18, 1.0], "world_rotation": [-0.1276280613210114, 0.35710588544125776, 0.925303444577321, 4.1482206750932463e-17]}], "source": "action wait"}
{"timestamp": 1706067369.210253, "objects": [{"color": "cv_", "id_name": "hand", "shape": "CVCylinder", "id_string": "ob383", "world_size": [0.12, 0.005, 0.12], "id": 383, "camera_size": [49, 25], "camera_position": [246, 499], "world_position": [0.06057248396213945, 0.6743392180664457, -0.17410510564838952], "world_orientation": [-0.00011901073632420055, 0.02103233255529682, 0.9997787889446985, -0.0007662410476525798, -0.9997785044450858, 0.021032235359194608, 0.9999996993555057, -0.0007635684848455222, 0.00013510021250723756], "world_rotation": [0.0, 1.0, 0.0, 0.0]}, {"color": "CVBlue", "id_name": "object78657045341184", "shape": "CVCylinder", "id_string": "ob513", "world_size": [0.11, 0.11, 0.11], "id": 513, "camera_size": [45, 45], "camera_position": [256, 254], "world_position": [0.705, 0.6547388572526824, -0.15], "world_orientation": [1.0, -3.838362879530641e-17, 1.4813540171849057e-17, 3.838362879530641e-17, 1.0, 5.294293626938881e-18, -1.4813540171849057e-17, -5.294293626938881e-18, 1.0], "world_rotation": [-0.1276280613210114, 0.35710588544125776, 0.925303444577321, 4.1482206750932463e-17]}], "source": "action wait"}
{"timestamp": 1706067369.24076, "objects": [{"color": "cv_", "id_name": "hand", "shape": "CVCylinder", "id_string": "ob383", "world_size": [0.12, 0.005, 0.12], "id": 383, "camera_size": [49, 19], "camera_position": [246, 502], "world_position": [0.04351045630698208, 0.6746810291459244, -0.17410873138216726], "world_orientation": [-8.133051008358503e-05, 0.014422083060377861, 0.9998959930440505, -0.0007646616960100425, -0.9998957049245529, 0.014422016707867821, 0.9999997043388758, -0.0007634092158997792, 9.235004220521545e-05], "world_rotation": [0.0, 1.0, 0.0, 0.0]}, {"color": "CVBlue", "id_name": "object78657045341184", "shape": "CVCylinder", "id_string": "ob513", "world_size": [0.11, 0.11, 0.11], "id": 513, "camera_size": [45, 45], "camera_position": [256, 254], "world_position": [0.705, 0.6547388572526824, -0.15], "world_orientation": [1.0, -3.838362879530641e-17, 1.4813540171849057e-17, 3.838362879530641e-17, 1.0, 5.294293626938881e-18, -1.4813540171849057e-17, -5.294293626938881e-18, 1.0], "world_rotation": [-0.1276280613210114, 0.35710588544125776, 0.925303444577321, 4.1482206750932463e-17]}], "source": "action wait"}
{"timestamp": 1706067369.272489, "objects": [{"color": "cv_", "id_name": "hand", "shape": "CVCylinder", "id_string": "ob383", "world_size": [0.12, 0.005, 0.12], "id": 383, "camera_size": [49, 15], "camera_position": [246, 504], "world_position": [0.03141690844740752, 0.6746462222174059, -0.17411003222104532], "world_orientation": [-5.594644314451791e-05, 0.0097485946637368, 0.9999524797569521, -0.0007636090446756673, -0.9999521902027758, 0.00974854911761625, 0.9999997068855683, -0.000763027361139666, 6.338788341488983e-05], "world_rotation": [0.0, 1.0, 0.0, 0.0]}, {"color": "CVBlue", "id_name": "object78657045341184", "shape": "CVCylinder", "id_string": "ob513", "world_size": [0.11, 0.11, 0.11], "id": 513, "camera_size": [45, 45], "camera_position": [256, 254], "world_position": [0.705, 0.6547388572526824, -0.15], "world_orientation": [1.0, -3.838362879530641e-17, 1.4813540171849057e-17, 3.838362879530641e-17, 1.0, 5.294293626938881e-18, -1.4813540171849057e-17, -5.294293626938881e-18, 1.0], "world_rotation": [-0.1276280613210114, 0.35710588544125776, 0.925303444577321, 4.1482206750932463e-17]}], "source": "action wait"}
{"timestamp": 1706067369.301584, "objects": [{"color": "cv_", "id_name": "hand", "shape": "CVCylinder", "id_string": "ob383", "world_size": [0.12, 0.005, 0.12], "id": 383, "camera_size": [49, 12], "camera_position": [246, 505], "world_position": [0.022865948646984872, 0.6744910249470566, -0.1741102926220871], "world_orientation": [-3.8859407729568826e-05, 0.006444840250869888, 0.999979231046369, -0.0007629980997410938, -0.9999789409154197, 0.00644480873071361, 0.9999997081618806, -0.0007627318116190919, 4.377599025093002e-05], "world_rotation": [0.0, 1.0, 0.0, 0.0]}, {"color": "CVBlue", "id_name": "object78657045341184", "shape": "CVCylinder", "id_string": "ob513", "world_size": [0.11, 0.11, 0.11], "id": 513, "camera_size": [45, 45], "camera_position": [256, 254], "world_position": [0.705, 0.6547388572526824, -0.15], "world_orientation": [1.0, -3.838362879530641e-17, 1.4813540171849057e-17, 3.838362879530641e-17, 1.0, 5.294293626938881e-18, -1.4813540171849057e-17, -5.294293626938881e-18, 1.0], "world_rotation": [-0.1276280613210114, 0.35710588544125776, 0.925303444577321, 4.1482206750932463e-17]}], "source": "action wait"}
{"timestamp": 1706067369.332648, "objects": [{"color": "cv_", "id_name": "hand", "shape": "CVCylinder", "id_string": "ob383", "world_size": [0.12, 0.005, 0.12], "id": 383, "camera_size": [49, 10], "camera_position": [246, 506], "world_position": [0.016828584334688642, 0.6743212368112239, -0.17411012913234974], "world_orientation": [-2.738489327332436e-05, 0.00410960723669556, 0.9999915551535563, -0.0007626961722056425, -0.9999912647640421, 0.00410958515676948, 0.9999997087722658, -0.0007625771908030271, 3.051903576888193e-05], "world_rotation": [0.0, 1.0, 0.0, 0.0]}, {"color": "CVBlue", "id_name": "object78657045341184", "shape": "CVCylinder", "id_string": "ob513", "world_size": [0.11, 0.11, 0.11], "id": 513, "camera_size": [45, 45], "camera_position": [256, 254], "world_position": [0.705, 0.6547388572526824, -0.15], "world_orientation": [1.0, -3.838362879530641e-17, 1.4813540171849057e-17, 3.838362879530641e-17, 1.0, 5.294293626938881e-18, -1.4813540171849057e-17, -5.294293626938881e-18, 1.0], "world_rotation": [-0.1276280613210114, 0.35710588544125776, 0.925303444577321, 4.1482206750932463e-17]}], "source": "action wait"}
{"timestamp": 1706067369.365503, "objects": [{"color": "cv_", "id_name": "hand", "shape": "CVCylinder", "id_string": "ob383", "world_size": [0.12, 0.005, 0.12], "id": 383, "camera_size": [49, 8], "camera_position": [246, 507], "world_position": [0.012569597506902574, 0.6741745979829639, -0.17410982794561555], "world_orientation": [-1.967157178869177e-05, 0.0024591045076957805, 0.999996976204453, -0.0007625869515321013, -0.9999966856662352, 0.002459088791900917, 0.999999709037043, -0.0007625362714837315, 2.1546787600924912e-05], "world_rotation": [0.0, 1.0, 0.0, 0.0]}, {"color": "CVBlue", "id_name": "object78657045341184", "shape": "CVCylinder", "id_string": "ob513", "world_size": [0.11, 0.11, 0.11], "id": 513, "camera_size": [45, 45], "camera_position": [256, 254], "world_position": [0.705, 0.6547388572526824, -0.15], "world_orientation": [1.0, -3.838362879530641e-17, 1.4813540171849057e-17, 3.838362879530641e-17, 1.0, 5.294293626938881e-18, -1.4813540171849057e-17, -5.294293626938881e-18, 1.0], "world_rotation": [-0.1276280613210114, 0.35710588544125776, 0.925303444577321, 4.1482206750932463e-17]}], "source": "action wait"}
{"timestamp": 1706067369.401252, "objects": [{"color": "cv_", "id_name": "hand", "shape": "CVCylinder", "id_string": "ob383", "world_size": [0.12, 0.005, 0.12], "id": 383, "camera_size": [49, 7], "camera_position": [246, 508], "world_position": [0.00956666487233978, 0.6740598376899678, -0.17410951443694458], "world_orientation": [-1.450159024129287e-05, 0.0012926415268328267, 0.9999991644334444, -0.0007625863165796487, -0.999998873784143, 0.0012926300924039364, 0.9999997091258646, -0.0007625669341964432, 1.54873246503419e-05], "world_rotation": [0.0, 1.0, 0.0, 0.0]}, {"color": "CVBlue", "id_name": "object78657045341184", "shape": "CVCylinder", "id_string": "ob513", "world_size": [0.11, 0.11, 0.11], "id": 513, "camera_size": [45, 45], "camera_position": [256, 254], "world_position": [0.705, 0.6547388572526824, -0.15], "world_orientation": [1.0, -3.838362879530641e-17, 1.4813540171849057e-17, 3.838362879530641e-17, 1.0, 5.294293626938881e-18, -1.4813540171849057e-17, -5.294293626938881e-18, 1.0], "world_rotation": [-0.1276280613210114, 0.35710588544125776, 0.925303444577321, 4.1482206750932463e-17]}], "source": "action wait"}
{"timestamp": 1706067369.438562, "objects": [{"color": "cv_", "id_name": "hand", "shape": "CVCylinder", "id_string": "ob383", "world_size": [0.12, 0.005, 0.12], "id": 383, "camera_size": [49, 7], "camera_position": [246, 508], "world_position": [0.007449960373114905, 0.6739745733290923, -0.174109237420165], "world_orientation": [-1.1030014028970712e-05, 0.0004683171883925563, 0.999999890278669, -0.0007626393290144344, -0.9999995995340555, 0.00046830864030889614, 0.9999997091297541, -0.0007626340798861373, 1.1387166718511993e-05], "world_rotation": [0.0, 1.0, 0.0, 0.0]}, {"color": "CVBlue", "id_name": "object78657045341184", "shape": "CVCylinder", "id_string": "ob513", "world_size": [0.11, 0.11, 0.11], "id": 513, "camera_size": [45, 45], "camera_position": [256, 254], "world_position": [0.705, 0.6547388572526824, -0.15], "world_orientation": [1.0, -3.838362879530641e-17, 1.4813540171849057e-17, 3.838362879530641e-17, 1.0, 5.294293626938881e-18, -1.4813540171849057e-17, -5.294293626938881e-18, 1.0], "world_rotation": [-0.1276280613210114, 0.35710588544125776, 0.925303444577321, 4.1482206750932463e-17]}], "source": "action wait"}
{"timestamp": 1706067369.471989, "objects": [{"color": "CVBlue", "id_name": "object78657045341184", "shape": "CVCylinder", "id_string": "ob513", "world_size": [0.11, 0.11, 0.11], "id": 513, "camera_size": [45, 45], "camera_position": [256, 254], "world_position": [0.705, 0.6547388572526824, -0.15], "world_orientation": [1.0, -3.838362879530641e-17, 1.4813540171849057e-17, 3.838362879530641e-17, 1.0, 5.294293626938881e-18, -1.4813540171849057e-17, -5.294293626938881e-18, 1.0], "world_rotation": [-0.1276280613210114, 0.35710588544125776, 0.925303444577321, 4.1482206750932463e-17]}], "source": "action wait"}
{"timestamp": 1706067370.788631, "objects": [{"color": "CVBlue", "id_name": "object78657045341184", "shape": "CVCylinder", "id_string": "ob513", "world_size": [0.11, 0.11, 0.11], "id": 513, "camera_size": [45, 45], "camera_position": [256, 254], "world_position": [0.705, 0.6547388572526824, -0.15], "world_orientation": [1.0, -3.838362879530641e-17, 1.4813540171849057e-17, 3.838362879530641e-17, 1.0, 5.294293626938881e-18, -1.4813540171849057e-17, -5.294293626938881e-18, 1.0], "world_rotation": [-0.1276280613210114, 0.35710588544125776, 0.925303444577321, 4.1482206750932463e-17]}], "source": "action wait"}
{"timestamp": 1706067370.854236, "objects": [{"color": "cv_", "id_name": "hand", "shape": "CVCylinder", "id_string": "ob383", "world_size": [0.12, 0.005, 0.12], "id": 383, "camera_size": [53, 20], "camera_position": [245, 501], "world_position": [0.08383080091785311, 0.782237844348281, -0.1741249936696707], "world_orientation": [0.00025625814025441934, 0.2954563290888387, 0.9553562120660091, -0.0007073386787386589, -0.9553559508837005, 0.2954564380464477, 0.9999997170018395, -0.0007514735181077578, -3.583004981132003e-05], "world_rotation": [0.0, 1.0, 0.0, 0.0]}, {"color": "CVBlue", "id_name": "object78657045341184", "shape": "CVCylinder", "id_string": "ob513", "world_size": [0.11, 0.11, 0.11], "id": 513, "camera_size": [45, 45], "camera_position": [256, 254], "world_position": [0.705, 0.6547388572526824, -0.15], "world_orientation": [1.0, -3.838362879530641e-17, 1.4813540171849057e-17, 3.838362879530641e-17, 1.0, 5.294293626938881e-18, -1.4813540171849057e-17, -5.294293626938881e-18, 1.0], "world_rotation": [-0.1276280613210114, 0.35710588544125776, 0.925303444577321, 4.1482206750932463e-17]}], "source": "action wait"}
{"timestamp": 1706067370.88034, "objects": [{"color": "cv_", "id_name": "hand", "shape": "CVCylinder", "id_string": "ob383", "world_size": [0.12, 0.005, 0.12], "id": 383, "camera_size": [55, 37], "camera_position": [245, 493], "world_position": [0.14094844744618196, 0.8139343413709201, -0.17412074936684432], "world_orientation": [0.00028697610697771264, 0.334814450705395, 0.9422840342718105, -0.0007134209317785797, -0.9422837647277441, 0.3348145722053985, 0.9999997043376005, -0.0007683289362214095, -3.15492890742295e-05], "world_rotation": [0.0, 1.0, 0.0, 0.0]}, {"color": "CVBlue", "id_name": "object78657045341184", "shape": "CVCylinder", "id_string": "ob513", "world_size": [0.11, 0.11, 0.11], "id": 513, "camera_size": [45, 45], "camera_position": [256, 254], "world_position": [0.705, 0.6547388572526824, -0.15], "world_orientation": [1.0, -3.838362879530641e-17, 1.4813540171849057e-17, 3.838362879530641e-17, 1.0, 5.294293626938881e-18, -1.4813540171849057e-17, -5.294293626938881e-18, 1.0], "world_rotation": [-0.1276280613210114, 0.35710588544125776, 0.925303444577321, 4.1482206750932463e-17]}], "source": "action wait"}
{"timestamp": 1706067370.911778, "objects": [{"color": "cv_", "id_name": "hand", "shape": "CVCylinder", "id_string": "ob383", "world_size": [0.12, 0.005, 0.12], "id": 383, "camera_size": [55, 60], "camera_position": [245, 480], "world_position": [0.2026169336320215, 0.8278427528029016, -0.174117361677272], "world_orientation": [0.00028445164773624037, 0.3345202451956338, 0.9423885210684143, -0.0007232051289997658, -0.9423882439308146, 0.3345203651130038, 0.9999996980307552, -0.0007766950810051209, -2.613713171317527e-05], "world_rotation": [0.0, 1.0, 0.0, 0.0]}, {"color": "CVBlue", "id_name": "object78657045341184", "shape": "CVCylinder", "id_string": "ob513", "world_size": [0.11, 0.11, 0.11], "id": 513, "camera_size": [45, 45], "camera_position": [256, 254], "world_position": [0.705, 0.6547388572526824, -0.15], "world_orientation": [1.0, -3.838362879530641e-17, 1.4813540171849057e-17, 3.838362879530641e-17, 1.0, 5.294293626938881e-18, -1.4813540171849057e-17, -5.294293626938881e-18, 1.0], "world_rotation": [-0.1276280613210114, 0.35710588544125776, 0.925303444577321, 4.1482206750932463e-17]}], "source": "action wait"}
{"timestamp": 1706067370.94425, "objects": [{"color": "cv_", "id_name": "hand", "shape": "CVCylinder", "id_string": "ob383", "world_size": [0.12, 0.005, 0.12], "id": 383, "camera_size": [55, 58], "camera_position": [245, 451], "world_position": [0.2668923372112147, 0.8266888924650811, -0.17411460946049456], "world_orientation": [0.0002587141204742119, 0.30629409298586596, 0.9519369000458852, -0.0007363548558305878, -0.9519366154742516, 0.3062942015464109, 0.9999996954242186, -0.0007802059937527859, -2.0738301536793266e-05], "world_rotation": [0.0, 1.0, 0.0, 0.0]}, {"color": "CVBlue", "id_name": "object78657045341184", "shape": "CVCylinder", "id_string": "ob513", "world_size": [0.11, 0.11, 0.11], "id": 513, "camera_size": [45, 45], "camera_position": [256, 254], "world_position": [0.705, 0.6547388572526824, -0.15], "world_orientation": [1.0, -3.838362879530641e-17, 1.4813540171849057e-17, 3.838362879530641e-17, 1.0, 5.294293626938881e-18, -1.4813540171849057e-17, -5.294293626938881e-18, 1.0], "world_rotation": [-0.1276280613210114, 0.35710588544125776, 0.925303444577321, 4.1482206750932463e-17]}], "source": "action wait"}
{"timestamp": 1706067370.977618, "objects": [{"color": "cv_", "id_name": "hand", "shape": "CVCylinder", "id_string": "ob383", "world_size": [0.12, 0.005, 0.12], "id": 383, "camera_size": [54, 56], "camera_position": [245, 420], "world_position": [0.33175455408493604, 0.812638843975277, -0.17411218621362076], "world_orientation": [0.00021636931599271992, 0.2577515844920601, 0.9662111952757284, -0.0007507238583487916, -0.9662109037533655, 0.2577516748379984, 0.9999996947989573, -0.0007811273500780919, -1.555812834398287e-05], "world_rotation": [0.0, 1.0, 0.0, 0.0]}, {"color": "CVBlue", "id_name": "object78657045341184", "shape": "CVCylinder", "id_string": "ob513", "world_size": [0.11, 0.11, 0.11], "id": 513, "camera_size": [45, 45], "camera_position": [256, 254], "world_position": [0.705, 0.6547388572526824, -0.15], "world_orientation": [1.0, -3.838362879530641e-17, 1.4813540171849057e-17, 3.838362879530641e-17, 1.0, 5.294293626938881e-18, -1.4813540171849057e-17, -5.294293626938881e-18, 1.0], "world_rotation": [-0.1276280613210114, 0.35710588544125776, 0.925303444577321, 4.1482206750932463e-17]}], "source": "action wait"}
{"timestamp": 1706067371.013218, "objects": [{"color": "cv_", "id_name": "hand", "shape": "CVCylinder", "id_string": "ob383", "world_size": [0.12, 0.005, 0.12], "id": 383, "camera_size": [53, 54], "camera_position": [245, 389], "world_position": [0.3954150346061755, 0.7874537763051424, -0.17410989375028676], "world_orientation": [0.00016201202772228712, 0.1941708648117803, 0.9809677104830454, -0.0007638861692194768, -0.9809674131186599, 0.19417093211190342, 0.9999996951149652, -0.0007808056929253656, -1.0604081633308873e-05], "world_rotation": [0.0, 1.0, 0.0, 0.0]}, {"color": "CVBlue", "id_name": "object78657045341184", "shape": "CVCylinder", "id_string": "ob513", "world_size": [0.11, 0.11, 0.11], "id": 513, "camera_size": [45, 45], "camera_position": [256, 254], "world_position": [0.705, 0.6547388572526824, -0.15], "world_orientation": [1.0, -3.838362879530641e-17, 1.4813540171849057e-17, 3.838362879530641e-17, 1.0, 5.294293626938881e-18, -1.4813540171849057e-17, -5.294293626938881e-18, 1.0], "world_rotation": [-0.1276280613210114, 0.35710588544125776, 0.925303444577321, 4.1482206750932463e-17]}], "source": "action wait"}
{"timestamp": 1706067371.047711, "objects": [{"color": "cv_", "id_name": "hand", "shape": "CVCylinder", "id_string": "ob383", "world_size": [0.12, 0.005, 0.12], "id": 383, "camera_size": [52, 53], "camera_position": [245, 365], "world_position": [0.44629795392990446, 0.7600042134970698, -0.17410274590366887], "world_orientation": [0.0001006036623258628, 0.13688669665557146, 0.9905867060271043, -0.000768014891192886, -0.9905864083161674, 0.13688673351498434, 0.9999997000159702, -0.0007745566479622585, 5.474400911264123e-06], "world_rotation": [0.0, 1.0, 0.0, 0.0]}, {"color": "CVBlue", "id_name": "object78657045341184", "shape": "CVCylinder", "id_string": "ob513", "world_size": [0.11, 0.11, 0.11], "id": 513, "camera_size": [45, 45], "camera_position": [256, 254], "world_position": [0.705, 0.6547388572526824, -0.15], "world_orientation": [1.0, -3.838362879530641e-17, 1.4813540171849057e-17, 3.838362879530641e-17, 1.0, 5.294293626938881e-18, -1.4813540171849057e-17, -5.294293626938881e-18, 1.0], "world_rotation": [-0.1276280613210114, 0.35710588544125776, 0.925303444577321, 4.1482206750932463e-17]}], "source": "action wait"}
{"timestamp": 1706067371.08063, "objects": [{"color": "cv_", "id_name": "hand", "shape": "CVCylinder", "id_string": "ob383", "world_size": [0.12, 0.005, 0.12], "id": 383, "camera_size": [51, 52], "camera_position": [246, 348], "world_position": [0.4808726168786986, 0.7375627369124387, -0.17409835933318527], "world_orientation": [5.878002339519486e-05, 0.0961795270444987, 0.995364001319319, -0.0007666158214402571, -0.9953637062171776, 0.0961795438010941, 0.9999997044225021, -0.00076871522733857, 1.5225245193177672e-05], "world_rotation": [0.0, 1.0, 0.0, 0.0]}, {"color": "CVBlue", "id_name": "object78657045341184", "shape": "CVCylinder", "id_string": "ob513", "world_size": [0.11, 0.11, 0.11], "id": 513, "camera_size": [45, 45], "camera_position": [256, 254], "world_position": [0.705, 0.6547388572526824, -0.15], "world_orientation": [1.0, -3.838362879530641e-17, 1.4813540171849057e-17, 3.838362879530641e-17, 1.0, 5.294293626938881e-18, -1.4813540171849057e-17, -5.294293626938881e-18, 1.0], "world_rotation": [-0.1276280613210114, 0.35710588544125776, 0.925303444577321, 4.1482206750932463e-17]}], "source": "action wait"}
{"timestamp": 1706067371.112604, "objects": [{"color": "cv_", "id_name": "hand", "shape": "CVCylinder", "id_string": "ob383", "world_size": [0.12, 0.005, 0.12], "id": 383, "camera_size": [51, 51], "camera_position": [246, 338], "world_position": [0.5044541609149983, 0.7202854214224442, -0.17409685469950054], "world_orientation": [3.286020263236528e-05, 0.06737854563135705, 0.9977274830878472, -0.0007643961628512227, -0.9977271904472156, 0.06737855104417084, 0.9999997073093138, -0.000764873132484284, 1.8718384089577247e-05], "world_rotation": [0.0, 1.0, 0.0, 0.0]}, {"color": "CVBlue", "id_name": "object78657045341184", "shape": "CVCylinder", "id_string": "ob513", "world_size": [0.11, 0.11, 0.11], "id": 513, "camera_size": [45, 45], "camera_position": [256, 254], "world_position": [0.705, 0.6547388572526824, -0.15], "world_orientation": [1.0, -3.838362879530641e-17, 1.4813540171849057e-17, 3.838362879530641e-17, 1.0, 5.294293626938881e-18, -1.4813540171849057e-17, -5.294293626938881e-18, 1.0], "world_rotation": [-0.1276280613210114, 0.35710588544125776, 0.925303444577321, 4.1482206750932463e-17]}], "source": "action wait"}
{"timestamp": 1706067371.142677, "objects": [{"color": "cv_", "id_name": "hand", "shape": "CVCylinder", "id_string": "ob383", "world_size": [0.12, 0.005, 0.12], "id": 383, "camera_size": [49, 50], "camera_position": [246, 330], "world_position": [0.5206472833300567, 0.7074229584844484, -0.17409688775657617], "world_orientation": [1.696874337979353e-05, 0.04703801359270199, 0.9988930998807203, -0.0007626824286968691, -0.9988928088954226, 0.04703801284626821, 0.9999997090137451, -0.0007626363913950098, 1.8925110710271855e-05], "world_rotation": [0.0, 1.0, 0.0, 0.0]}, {"color": "CVBlue", "id_name": "object78657045341184", "shape": "CVCylinder", "id_string": "ob513", "world_size": [0.11, 0.11, 0.11], "id": 513, "camera_size": [45, 45], "camera_position": [256, 254], "world_position": [0.705, 0.6547388572526824, -0.15], "world_orientation": [1.0, -3.838362879530641e-17, 1.4813540171849057e-17, 3.838362879530641e-17, 1.0, 5.294293626938881e-18, -1.4813540171849057e-17, -5.294293626938881e-18, 1.0], "world_rotation": [-0.1276280613210114, 0.35710588544125776, 0.925303444577321, 4.1482206750932463e-17]}], "source": "action wait"}
{"timestamp": 1706067371.174737, "objects": [{"color": "cv_", "id_name": "hand", "shape": "CVCylinder", "id_string": "ob383", "world_size": [0.12, 0.005, 0.12], "id": 383, "camera_size": [49, 50], "camera_position": [246, 325], "world_position": [0.5318361923576811, 0.6980388396912054, -0.17409766059264298], "world_orientation": [7.3509172192643235e-06, 0.03268521406121482, 0.9994656956232848, -0.0007616823419307582, -0.9994654055422358, 0.03268521017684233, 0.999999709892945, -0.0007615156379964421, 1.7548762933370707e-05], "world_rotation": [0.0, 1.0, 0.0, 0.0]}, {"color": "CVBlue", "id_name": "object78657045341184", "shape": "CVCylinder", "id_string": "ob513", "world_size": [0.11, 0.11, 0.11], "id": 513, "camera_size": [45, 45], "camera_position": [256, 254], "world_position": [0.705, 0.6547388572526824, -0.15], "world_orientation": [1.0, -3.838362879530641e-17, 1.4813540171849057e-17, 3.838362879530641e-17, 1.0, 5.294293626938881e-18, -1.4813540171849057e-17, -5.294293626938881e-18, 1.0], "world_rotation": [-0.1276280613210114, 0.35710588544125776, 0.925303444577321, 4.1482206750932463e-17]}], "source": "action wait"}
{"timestamp": 1706067371.208368, "objects": [{"color": "cv_", "id_name": "hand", "shape": "CVCylinder", "id_string": "ob383", "world_size": [0.12, 0.005, 0.12], "id": 383, "camera_size": [49, 49], "camera_position": [246, 322], "world_position": [0.539607344256685, 0.6912789508354653, -0.17409871862102014], "world_orientation": [1.6449423999975372e-06, 0.022561770365378275, 0.9997454508600049, -0.0007612541635431272, -0.999745161152869, 0.022561765079946564, 0.9999997102446545, -0.000761097499754834, 1.5530718423147926e-05], "world_rotation": [0.0, 1.0, 0.0, 0.0]}, {"color": "CVBlue", "id_name": "object78657045341184", "shape": "CVCylinder", "id_string": "ob513", "world_size": [0.11, 0.11, 0.11], "id": 513, "camera_size": [45, 45], "camera_position": [256, 254], "world_position": [0.705, 0.6547388572526824, -0.15], "world_orientation": [1.0, -3.838362879530641e-17, 1.4813540171849057e-17, 3.838362879530641e-17, 1.0, 5.294293626938881e-18, -1.4813540171849057e-17, -5.294293626938881e-18, 1.0], "world_rotation": [-0.1276280613210114, 0.35710588544125776, 0.925303444577321, 4.1482206750932463e-17]}], "source": "action wait"}
{"timestamp": 1706067371.241586, "objects": [{"color": "cv_", "id_name": "hand", "shape": "CVCylinder", "id_string": "ob383", "world_size": [0.12, 0.005, 0.12], "id": 383, "camera_size": [49, 49], "camera_position": [246, 319], "world_position": [0.5450266540342764, 0.6864492886196775, -0.1740998162038142], "world_orientation": [-1.666572195294927e-06, 0.015422804380828131, 0.9998810614779406, -0.0007611984444117669, -0.9998807718217745, 0.01542279864424361, 0.9999997102870336, -0.0007610822053867437, 1.3406188196451134e-05], "world_rotation": [0.0, 1.0, 0.0, 0.0]}, {"color": "CVBlue", "id_name": "object78657045341184", "shape": "CVCylinder", "id_string": "ob513", "world_size": [0.11, 0.11, 0.11], "id": 513, "camera_size": [45, 45], "camera_position": [256, 254], "world_position": [0.705, 0.6547388572526824, -0.15], "world_orientation": [1.0, -3.838362879530641e-17, 1.4813540171849057e-17, 3.838362879530641e-17, 1.0, 5.294293626938881e-18, -1.4813540171849057e-17, -5.294293626938881e-18, 1.0], "world_rotation": [-0.1276280613210114, 0.35710588544125776, 0.925303444577321, 4.1482206750932463e-17]}], "source": "action wait"}
{"timestamp": 1706067371.276697, "objects": [{"color": "cv_", "id_name": "hand", "shape": "CVCylinder", "id_string": "ob383", "world_size": [0.12, 0.005, 0.12], "id": 383, "camera_size": [49, 49], "camera_position": [246, 318], "world_position": [0.5488175404309206, 0.6830172387222476, -0.17410083159019524], "world_orientation": [-3.502548799816618e-06, 0.010388886658477592, 0.9999460340547031, -0.000761348940098125, -0.999945744278035, 0.010388880981052803, 0.9999997101677198, -0.0007612714656206217, 1.1411926613102625e-05], "world_rotation": [0.0, 1.0, 0.0, 0.0]}, {"color": "CVBlue", "id_name": "object78657045341184", "shape": "CVCylinder", "id_string": "ob513", "world_size": [0.11, 0.11, 0.11], "id": 513, "camera_size": [45, 45], "camera_position": [256, 254], "world_position": [0.705, 0.6547388572526824, -0.15], "world_orientation": [1.0, -3.838362879530641e-17, 1.4813540171849057e-17, 3.838362879530641e-17, 1.0, 5.294293626938881e-18, -1.4813540171849057e-17, -5.294293626938881e-18, 1.0], "world_rotation": [-0.1276280613210114, 0.35710588544125776, 0.925303444577321, 4.1482206750932463e-17]}], "source": "action wait"}
{"timestamp": 1706067371.312312, "objects": [{"color": "cv_", "id_name": "hand", "shape": "CVCylinder", "id_string": "ob383", "world_size": [0.12, 0.005, 0.12], "id": 383, "camera_size": [49, 49], "camera_position": [246, 316], "world_position": [0.551475404849966, 0.6805870106414741, -0.17410171400591556], "world_orientation": [-4.464207790209512e-06, 0.006839409943979059, 0.9999766109523209, -0.0007615920127640469, -0.9999763209810826, 0.006839404560716347, 0.9999997099787964, -0.0007615436673293826, 9.672942067868876e-06], "world_rotation": [0.0, 1.0, 0.0, 0.0]}, {"color": "CVBlue", "id_name": "object78657045341184", "shape": "CVCylinder", "id_string": "ob513", "world_size": [0.11, 0.11, 0.11], "id": 513, "camera_size": [45, 45], "camera_position": [256, 254], "world_position": [0.705, 0.6547388572526824, -0.15], "world_orientation": [1.0, -3.838362879530641e-17, 1.4813540171849057e-17, 3.838362879530641e-17, 1.0, 5.294293626938881e-18, -1.4813540171849057e-17, -5.294293626938881e-18, 1.0], "world_rotation": [-0.1276280613210114, 0.35710588544125776, 0.925303444577321, 4.1482206750932463e-17]}], "source": "action wait"}
{"timestamp": 1706067371.344563, "objects": [{"color": "cv_", "id_name": "hand", "shape": "CVCylinder", "id_string": "ob383", "world_size": [0.12, 0.005, 0.12], "id": 383, "camera_size": [49, 49], "camera_position": [246, 316], "world_position": [0.5533420198573025, 0.6788701885317423, -0.17410245142270678], "world_orientation": [-4.905500497906623e-06, 0.004336637704064677, 0.9999905967304693, -0.0007618581661835758, -0.9999903065474623, 0.004336632708303884, 0.9999997097739933, -0.0007618297288723149, 8.209355795656928e-06], "world_rotation": [0.0, 1.0, 0.0, 0.0]}, {"color": "CVBlue", "id_name": "object78657045341184", "shape": "CVCylinder", "id_string": "ob513", "world_size": [0.11, 0.11, 0.11], "id": 513, "camera_size": [45, 45], "camera_position": [256, 254], "world_position": [0.705, 0.6547388572526824, -0.15], "world_orientation": [1.0, -3.838362879530641e-17, 1.4813540171849057e-17, 3.838362879530641e-17, 1.0, 5.294293626938881e-18, -1.4813540171849057e-17, -5.294293626938881e-18, 1.0], "world_rotation": [-0.1276280613210114, 0.35710588544125776, 0.925303444577321, 4.1482206750932463e-17]}], "source": "action wait"}
{"timestamp": 1706067371.376972, "objects": [{"color": "cv_", "id_name": "hand", "shape": "CVCylinder", "id_string": "ob383", "world_size": [0.12, 0.005, 0.12], "id": 383, "camera_size": [49, 49], "camera_position": [246, 315], "world_position": [0.5546545434883566, 0.6776591908315341, -0.1741030514623414], "world_orientation": [-5.055251152716556e-06, 0.002571891104120297, 0.9999966926698274, -0.0007621098042067863, -0.9999964022877552, 0.002571886504617956, 0.9999997095815033, -0.0007620942821262117, 7.015296391545491e-06], "world_rotation": [0.0, 1.0, 0.0, 0.0]}, {"color": "CVBlue", "id_name": "object78657045341184", "shape": "CVCylinder", "id_string": "ob513", "world_size": [0.11, 0.11, 0.11], "id": 513, "camera_size": [45, 45], "camera_position": [256, 254], "world_position": [0.705, 0.6547388572526824, -0.15], "world_orientation": [1.0, -3.838362879530641e-17, 1.4813540171849057e-17, 3.838362879530641e-17, 1.0, 5.294293626938881e-18, -1.4813540171849057e-17, -5.294293626938881e-18, 1.0], "world_rotation": [-0.1276280613210114, 0.35710588544125776, 0.925303444577321, 4.1482206750932463e-17]}], "source": "action wait"}
{"timestamp": 1706067371.407147, "objects": [{"color": "cv_", "id_name": "hand", "shape": "CVCylinder", "id_string": "ob383", "world_size": [0.12, 0.005, 0.12], "id": 383, "camera_size": [49, 49], "camera_position": [246, 315], "world_position": [0.5555782689100598, 0.6768058128206862, -0.1741035304254342], "world_orientation": [-5.048733250680492e-06, 0.0013275208395500024, 0.9999991188310772, -0.0007623296518086478, -0.9999988282758963, 0.0013275166050294308, 0.9999997094139639, -0.0007623222777906175, 6.060735834705972e-06], "world_rotation": [0.0, 1.0, 0.0, 0.0]}, {"color": "CVBlue", "id_name": "object78657045341184", "shape": "CVCylinder", "id_string": "ob513", "world_size": [0.11, 0.11, 0.11], "id": 513, "camera_size": [45, 45], "camera_position": [256, 254], "world_position": [0.705, 0.6547388572526824, -0.15], "world_orientation": [1.0, -3.838362879530641e-17, 1.4813540171849057e-17, 3.838362879530641e-17, 1.0, 5.294293626938881e-18, -1.4813540171849057e-17, -5.294293626938881e-18, 1.0], "world_rotation": [-0.1276280613210114, 0.35710588544125776, 0.925303444577321, 4.1482206750932463e-17]}], "source": "action wait"}
