{"timestamp": 1706067884.763861, "objects": [{"color": "cv_", "id_name": "hand", "shape": "CVCylinder", "id_string": "ob383", "world_size": [0.12, 0.005, 0.12], "id": 383, "camera_size": [48, 50], "camera_position": [246, 426], "world_position": [0.26764451554013885, 0.6334703013847369, -0.17389260400847475], "world_orientation": [-0.0006415490535133538, 0.19791547486640898, 0.9802188802625748, -0.000747367101577252, -0.9802189031249684, 0.19791499033398013, 0.9999995149284961, -0.0006056111687285521, 0.0007767740243443445], "world_rotation": [0.0, 1.0, 0.0, 0.0]}, {"color": "CVBlue", "id_name": "object170392564734185", "shape": "CVCylinder", "id_string": "ob625", "world_size": [0.11, 0.11, 0.11], "id": 625, "camera_size": [45, 45], "camera_position": [256, 254], "world_position": [0.705, 0.654738849708696, -0.15], "world_orientation": [1.0, -5.1619362862653347e-17, 1.4541359828532488e-17, 5.1619362862653347e-17, 1.0, 2.3824321321224633e-17, -1.4541359828532488e-17, -2.3824321321224633e-17, 1.0], "world_rotation": [-0.4059884517598224, 0.2477982093873522, 0.8796416454796148, 5.868226354211375e-17]}], "source": "manual check"}
{"timestamp": 1706067885.780759, "objects": [{"color": "cv_", "id_name": "hand", "shape": "CVCylinder", "id_string": "ob383", "world_size": [0.12, 0.005, 0.12], "id": 383, "camera_size": [48, 50], "camera_position": [246, 426], "world_position": [0.26764451554013885, 0.6334703013847369, -0.17389260400847475], "world_orientation": [-0.0006415490535133538, 0.19791547486640898, 0.9802188802625748, -0.000747367101577252, -0.9802189031249684, 0.19791499033398013, 0.9999995149284961, -0.0006056111687285521, 0.0007767740243443445], "world_rotation": [0.0, 1.0, 0.0, 0.0]}, {"color": "CVBlue", "id_name": "object170392564734185", "shape": "CVCylinder", "id_string": "ob625", "world_size": [0.11, 0.11, 0.11], "id": 625, "camera_size": [45, 45], "camera_position": [256, 254], "world_position": [0.705, 0.6547388572526824, -0.15], "world_orientation": [1.0, -3.838362879530641e-17, 1.4813540171849057e-17, 3.838362879530641e-17, 1.0, 5.294293626938881e-18, -1.4813540171849057e-17, -5.294293626938881e-18, 1.0], "world_rotation": [-0.1276280613210114, 0.35710588544125776, 0.925303444577321, 4.1482206750932463e-17]}], "source": "manual check"}
{"timestamp": 1706067887.301095, "objects": [{"color": "cv_", "id_name": "hand", "shape": "CVCylinder", "id_string": "ob383", "world_size": [0.12, 0.005, 0.12], "id": 383, "camera_size": [48, 50], "camera_position": [246, 426], "world_position": [0.26764451554013885, 0.6334703013847369, -0.17389260400847475], "world_orientation": [-0.0006415490535133538, 0.19791547486640898, 0.9802188802625748, -0.000747367101577252, -0.9802189031249684, 0.19791499033398013, 0.9999995149284961, -0.0006056111687285521, 0.0007767740243443445], "world_rotation": [0.0, 1.0, 0.0, 0.0]}, {"color": "CVBlue", "id_name": "object170392564734185", "shape": "CVCylinder", "id_string": "ob625", "world_size": [0.11, 0.11, 0.11], "id": 625, "camera_size": [45, 45], "camera_position": [256, 254], "world_position": [0.705, 0.6547388572526824, -0.15], "world_orientation": [1.0, -3.838362879530641e-17, 1.4813540171849057e-17, 3.838362879530641e-17, 1.0, 5.294293626938881e-18, -1.4813540171849057e-17, -5.294293626938881e-18, 1.0], "world_rotation": [-0.1276280613210114, 0.35710588544125776, 0.925303444577321, 4.1482206750932463e-17]}], "source": "action wait"}
{"timestamp": 1706067887.329409, "objects": [{"color": "cv_", "id_name": "hand", "shape": "CVCylinder", "id_string": "ob383", "world_size": [0.12, 0.005, 0.12], "id": 383, "camera_size": [48, 50], "camera_position": [246, 444], "world_position": [0.22514739707983653, 0.6428711330553473, -0.17397269962524786], "world_orientation": [-0.0005237070368225785, 0.08856503528400597, 0.9960702586946779, -0.0007615761828751995, -0.9960701417541895, 0.08856462446996922, 0.9999995728662375, -0.0007122014684440599, 0.0005890979639137279], "world_rotation": [0.0, 1.0, 0.0, 0.0]}, {"color": "CVBlue", "id_name": "object170392564734185", "shape": "CVCylinder", "id_string": "ob625", "world_size": [0.11, 0.11, 0.11], "id": 625, "camera_size": [45, 45], "camera_position": [256, 254], "world_position": [0.705, 0.6547388572526824, -0.15], "world_orientation": [1.0, -3.838362879530641e-17, 1.4813540171849057e-17, 3.838362879530641e-17, 1.0, 5.294293626938881e-18, -1.4813540171849057e-17, -5.294293626938881e-18, 1.0], "world_rotation": [-0.1276280613210114, 0.35710588544125776, 0.925303444577321, 4.1482206750932463e-17]}], "source": "action wait"}
{"timestamp": 1706067887.36646, "objects": [{"color": "cv_", "id_name": "hand", "shape": "CVCylinder", "id_string": "ob383", "world_size": [0.12, 0.005, 0.12], "id": 383, "camera_size": [48, 50], "camera_position": [246, 471], "world_position": [0.16390173031625538, 0.6600242821642893, -0.1740387483734101], "world_orientation": [-0.0003781910035328188, 0.06187083800404904, 0.998084092837994, -0.0007686819880012453, -0.9980838873315147, 0.06187053399813164, 0.9999996330497157, -0.0007438103853336141, 0.00042502534571648375], "world_rotation": [0.0, 1.0, 0.0, 0.0]}, {"color": "CVBlue", "id_name": "object170392564734185", "shape": "CVCylinder", "id_string": "ob625", "world_size": [0.11, 0.11, 0.11], "id": 625, "camera_size": [45, 45], "camera_position": [256, 254], "world_position": [0.705, 0.6547388572526824, -0.15], "world_orientation": [1.0, -3.838362879530641e-17, 1.4813540171849057e-17, 3.838362879530641e-17, 1.0, 5.294293626938881e-18, -1.4813540171849057e-17, -5.294293626938881e-18, 1.0], "world_rotation": [-0.1276280613210114, 0.35710588544125776, 0.925303444577321, 4.1482206750932463e-17]}], "source": "action wait"}
{"timestamp": 1706067887.402181, "objects": [{"color": "cv_", "id_name": "hand", "shape": "CVCylinder", "id_string": "ob383", "world_size": [0.12, 0.005, 0.12], "id": 383, "camera_size": [49, 46], "camera_position": [246, 488], "world_position": [0.11787039082804614, 0.667687554670456, -0.17407780476599902], "world_orientation": [-0.0002573706363233613, 0.04331338279697365, 0.999061501926202, -0.0007697871351263845, -0.9990612475880912, 0.04331317346366639, 0.999999670594007, -0.0007579171523676431, 0.00029047111387405227], "world_rotation": [0.0, 1.0, 0.0, 0.0]}, {"color": "CVBlue", "id_name": "object170392564734185", "shape": "CVCylinder", "id_string": "ob625", "world_size": [0.11, 0.11, 0.11], "id": 625, "camera_size": [45, 45], "camera_position": [256, 254], "world_position": [0.705, 0.6547388572526824, -0.15], "world_orientation": [1.0, -3.838362879530641e-17, 1.4813540171849057e-17, 3.838362879530641e-17, 1.0, 5.294293626938881e-18, -1.4813540171849057e-17, -5.294293626938881e-18, 1.0], "world_rotation": [-0.1276280613210114, 0.35710588544125776, 0.925303444577321, 4.1482206750932463e-17]}], "source": "action wait"}
{"timestamp": 1706067887.435245, "objects": [{"color": "cv_", "id_name": "hand", "shape": "CVCylinder", "id_string": "ob383", "world_size": [0.12, 0.005, 0.12], "id": 383, "camera_size": [49, 34], "camera_position": [246, 494], "world_position": [0.08448313512880172, 0.6707868079523567, -0.17409653108000922], "world_orientation": [-0.0001749446567536143, 0.030180980368237423, 0.9995444351395185, -0.0007681377412826771, -0.9995441596076803, 0.030180837605785864, 0.9999996896793407, -0.0007625078284446096, 0.00019804806000277533], "world_rotation": [0.0, 1.0, 0.0, 0.0]}, {"color": "CVBlue", "id_name": "object170392564734185", "shape": "CVCylinder", "id_string": "ob625", "world_size": [0.11, 0.11, 0.11], "id": 625, "camera_size": [45, 45], "camera_position": [256, 254], "world_position": [0.705, 0.6547388572526824, -0.15], "world_orientation": [1.0, -3.838362879530641e-17, 1.4813540171849057e-17, 3.838362879530641e-17, 1.0, 5.294293626938881e-18, -1.4813540171849057e-17, -5.294293626938881e-18, 1.0], "world_rotation": [-0.1276280613210114, 0.35710588544125776, 0.925303444577321, 4.1482206750932463e-17]}], "source": "action wait"}
{"timestamp": 1706067887.469073, "objects": [{"color": "cv_", "id_name": "hand", "shape": "CVCylinder", "id_string": "ob383", "world_size": [0.12, 0.005, 0.12], "id": 383, "camera_size": [49, 25], "camera_position": [246, 499], "world_position": [0.06057140399147799, 0.6718147157718695, -0.1741050842383928], "world_orientation": [-0.00011909992453254933, 0.020891812405240774, 0.9997817351750492, -0.0007661270134521112, -0.9997814507608904, 0.020891715196427116, 0.9999996994322585, -0.0007634715931707416, 0.00013507967717866527], "world_rotation": [0.0, 1.0, 0.0, 0.0]}, {"color": "CVBlue", "id_name": "object170392564734185", "shape": "CVCylinder", "id_string": "ob625", "world_size": [0.11, 0.11, 0.11], "id": 625, "camera_size": [45, 45], "camera_position": [256, 254], "world_position": [0.705, 0.6547388572526824, -0.15], "world_orientation": [1.0, -3.838362879530641e-17, 1.4813540171849057e-17, 3.838362879530641e-17, 1.0, 5.294293626938881e-18, -1.4813540171849057e-17, -5.294293626938881e-18, 1.0], "world_rotation": [-0.1276280613210114, 0.35710588544125776, 0.925303444577321, 4.1482206750932463e-17]}], "source": "action wait"}
{"timestamp": 1706067887.501235, "objects": [{"color": "cv_", "id_name": "hand", "shape": "CVCylinder", "id_string": "ob383", "world_size": [0.12, 0.005, 0.12], "id": 383, "camera_size": [49, 19], "camera_position": [246, 502], "world_position": [0.04356470766797319, 0.6719702506950226, -0.1741086958953967], "world_orientation": [-8.139267858082358e-05, 0.014322988759751869, 0.9998974174225175, -0.0007645365881653486, -0.9998971293976858, 0.014322922399887649, 0.9999997044294751, -0.0007632923790126858, 9.233475462603481e-05], "world_rotation": [0.0, 1.0, 0.0, 0.0]}, {"color": "CVBlue", "id_name": "object170392564734185", "shape": "CVCylinder", "id_string": "ob625", "world_size": [0.11, 0.11, 0.11], "id": 625, "camera_size": [45, 45], "camera_position": [256, 254], "world_position": [0.705, 0.6547388572526824, -0.15], "world_orientation": [1.0, -3.838362879530641e-17, 1.4813540171849057e-17, 3.838362879530641e-17, 1.0, 5.294293626938881e-18, -1.4813540171849057e-17, -5.294293626938881e-18, 1.0], "world_rotation": [-0.1276280613210114, 0.35710588544125776, 0.925303444577321, 4.1482206750932463e-17]}], "source": "action wait"}
{"timestamp": 1706067887.530133, "objects": [{"color": "cv_", "id_name": "hand", "shape": "CVCylinder", "id_string": "ob383", "world_size": [0.12, 0.005, 0.12], "id": 383, "camera_size": [49, 15], "camera_position": [246, 504], "world_position": [0.031516578503707225, 0.671805128404615, -0.1741099850629979], "world_orientation": [-5.599142732136612e-05, 0.009678710964612603, 0.9999531586124542, -0.0007634923502082116, -0.9999528691469801, 0.009678665411800088, 0.9999997069721527, -0.0007629146648765511, 6.337841017936049e-05], "world_rotation": [0.0, 1.0, 0.0, 0.0]}, {"color": "CVBlue", "id_name": "object170392564734185", "shape": "CVCylinder", "id_string": "ob625", "world_size": [0.11, 0.11, 0.11], "id": 625, "camera_size": [45, 45], "camera_position": [256, 254], "world_position": [0.705, 0.6547388572526824, -0.15], "world_orientation": [1.0, -3.838362879530641e-17, 1.4813540171849057e-17, 3.838362879530641e-17, 1.0, 5.294293626938881e-18, -1.4813540171849057e-17, -5.294293626938881e-18, 1.0], "world_rotation": [-0.1276280613210114, 0.35710588544125776, 0.925303444577321, 4.1482206750932463e-17]}], "source": "action wait"}
{"timestamp": 1706067887.555924, "objects": [{"color": "cv_", "id_name": "hand", "shape": "CVCylinder", "id_string": "ob383", "world_size": [0.12, 0.005, 0.12], "id": 383, "camera_size": [49, 12], "camera_position": [246, 505], "world_position": [0.02300064503050835, 0.671558683585332, -0.17411023655856073], "world_orientation": [-3.8914081620879814e-05, 0.0063955583684316255, 0.9999795474502718, -0.000762897906986722, -0.9999792573965777, 0.006395526825260268, 0.9999997082361964, -0.0007626334277268211, 4.37924325351717e-05], "world_rotation": [0.0, 1.0, 0.0, 0.0]}, {"color": "CVBlue", "id_name": "object170392564734185", "shape": "CVCylinder", "id_string": "ob625", "world_size": [0.11, 0.11, 0.11], "id": 625, "camera_size": [45, 45], "camera_position": [256, 254], "world_position": [0.705, 0.6547388572526824, -0.15], "world_orientation": [1.0, -3.838362879530641e-17, 1.4813540171849057e-17, 3.838362879530641e-17, 1.0, 5.294293626938881e-18, -1.4813540171849057e-17, -5.294293626938881e-18, 1.0], "world_rotation": [-0.1276280613210114, 0.35710588544125776, 0.925303444577321, 4.1482206750932463e-17]}], "source": "action wait"}
{"timestamp": 1706067887.588859, "objects": [{"color": "cv_", "id_name": "hand", "shape": "CVCylinder", "id_string": "ob383", "world_size": [0.12, 0.005, 0.12], "id": 383, "camera_size": [49, 10], "camera_position": [246, 506], "world_position": [0.016989357399255344, 0.6713249212839518, -0.17411006643620403], "world_orientation": [-2.7426570855961925e-05, 0.0040748581775030875, 0.9999916973548413, -0.000762614051338825, -0.999991407028452, 0.004074836078392826, 0.9999997088337537, -0.0007624959608449007, 3.053387928396139e-05], "world_rotation": [0.0, 1.0, 0.0, 0.0]}, {"color": "CVBlue", "id_name": "object170392564734185", "shape": "CVCylinder", "id_string": "ob625", "world_size": [0.11, 0.11, 0.11], "id": 625, "camera_size": [45, 45], "camera_position": [256, 254], "world_position": [0.705, 0.6547388572526824, -0.15], "world_orientation": [1.0, -3.838362879530641e-17, 1.4813540171849057e-17, 3.838362879530641e-17, 1.0, 5.294293626938881e-18, -1.4813540171849057e-17, -5.294293626938881e-18, 1.0], "world_rotation": [-0.1276280613210114, 0.35710588544125776, 0.925303444577321, 4.1482206750932463e-17]}], "source": "action wait"}
{"timestamp": 1706067887.664566, "objects": [{"color": "cv_", "id_name": "hand", "shape": "CVCylinder", "id_string": "ob383", "world_size": [0.12, 0.005, 0.12], "id": 383, "camera_size": [49, 9], "camera_position": [246, 507], "world_position": [0.009760101142641756, 0.6709870542030938, -0.1741094431997852], "world_orientation": [-1.4535819816803408e-05, 0.0012753801148264567, 0.9999991865968056, -0.0007625357743514863, -0.9999988959863775, 0.0012753686600961733, 0.9999997091639092, -0.0007625166155737852, 1.5508326732876575e-05], "world_rotation": [0.0, 1.0, 0.0, 0.0]}, {"color": "CVBlue", "id_name": "object170392564734185", "shape": "CVCylinder", "id_string": "ob625", "world_size": [0.11, 0.11, 0.11], "id": 625, "camera_size": [45, 45], "camera_position": [256, 254], "world_position": [0.705, 0.6547388572526824, -0.15], "world_orientation": [1.0, -3.838362879530641e-17, 1.4813540171849057e-17, 3.838362879530641e-17, 1.0, 5.294293626938881e-18, -1.4813540171849057e-17, -5.294293626938881e-18, 1.0], "world_rotation": [-0.1276280613210114, 0.35710588544125776, 0.925303444577321, 4.1482206750932463e-17]}], "source": "action wait"}
{"timestamp": 1706067887.698192, "objects": [{"color": "cv_", "id_name": "hand", "shape": "CVCylinder", "id_string": "ob383", "world_size": [0.12, 0.005, 0.12], "id": 383, "camera_size": [49, 7], "camera_position": [246, 508], "world_position": [0.0076531314634510055, 0.6708795929756279, -0.1741091634952323], "world_orientation": [-1.1063352998270853e-05, 0.0004561607945165255, 0.9999998958974605, -0.0007626007717294627, -0.9999996051825274, 0.00045615222498153165, 0.9999997091587903, -0.0007625956457680495, 1.1411217204561445e-05], "world_rotation": [0.0, 1.0, 0.0, 0.0]}, {"color": "CVBlue", "id_name": "object170392564734185", "shape": "CVCylinder", "id_string": "ob625", "world_size": [0.11, 0.11, 0.11], "id": 625, "camera_size": [45, 45], "camera_position": [256, 254], "world_position": [0.705, 0.6547388572526824, -0.15], "world_orientation": [1.0, -3.838362879530641e-17, 1.4813540171849057e-17, 3.838362879530641e-17, 1.0, 5.294293626938881e-18, -1.4813540171849057e-17, -5.294293626938881e-18, 1.0], "world_rotation": [-0.1276280613210114, 0.35710588544125776, 0.925303444577321, 4.1482206750932463e-17]}], "source": "action wait"}
{"timestamp": 1706067887.731477, "objects": [{"color": "cv_", "id_name": "hand", "shape": "CVCylinder", "id_string": "ob383", "world_size": [0.12, 0.005, 0.12], "id": 383, "camera_size": [49, 7], "camera_position": [246, 508], "world_position": [0.00616823209101141, 0.6708025252896134, -0.17410893467898111], "world_orientation": [-8.734538373531567e-06, -0.00012274306966889487, 0.9999999924289232, -0.0007626839554271311, -0.9999997016228038, -0.00012274969566640882, 0.9999997091184037, -0.0007626850218151185, 8.640921597831922e-06], "world_rotation": [0.0, 1.0, 0.0, 0.0]}, {"color": "CVBlue", "id_name": "object170392564734185", "shape": "CVCylinder", "id_string": "ob625", "world_size": [0.11, 0.11, 0.11], "id": 625, "camera_size": [45, 45], "camera_position": [256, 254], "world_position": [0.705, 0.6547388572526824, -0.15], "world_orientation": [1.0, -3.838362879530641e-17, 1.4813540171849057e-17, 3.838362879530641e-17, 1.0, 5.294293626938881e-18, -1.4813540171849057e-17, -5.294293626938881e-18, 1.0], "world_rotation": [-0.1276280613210114, 0.35710588544125776, 0.925303444577321, 4.1482206750932463e-17]}], "source": "action wait"}
{"timestamp": 1706067887.764063, "objects": [{"color": "CVBlue", "id_name": "object170392564734185", "shape": "CVCylinder", "id_string": "ob625", "world_size": [0.11, 0.11, 0.11], "id": 625, "camera_size": [45, 45], "camera_position": [256, 254], "world_position": [0.705, 0.6547388572526824, -0.15], "world_orientation": [1.0, -3.838362879530641e-17, 1.4813540171849057e-17, 3.838362879530641e-17, 1.0, 5.294293626938881e-18, -1.4813540171849057e-17, -5.294293626938881e-18, 1.0], "world_rotation": [-0.1276280613210114, 0.35710588544125776, 0.925303444577321, 4.1482206750932463e-17]}], "source": "action wait"}
{"timestamp": 1706067889.995822, "objects": [{"color": "CVBlue", "id_name": "object170392564734185", "shape": "CVCylinder", "id_string": "ob625", "world_size": [0.11, 0.11, 0.11], "id": 625, "camera_size": [45, 45], "camera_position": [256, 254], "world_position": [0.705, 0.6547388572526824, -0.15], "world_orientation": [1.0, -3.838362879530641e-17, 1.4813540171849057e-17, 3.838362879530641e-17, 1.0, 5.294293626938881e-18, -1.4813540171849057e-17, -5.294293626938881e-18, 1.0], "world_rotation": [-0.1276280613210114, 0.35710588544125776, 0.925303444577321, 4.1482206750932463e-17]}], "source": "action wait"}
{"timestamp": 1706067890.031062, "objects": [{"color": "cv_", "id_name": "hand", "shape": "CVCylinder", "id_string": "ob383", "world_size": [0.12, 0.005, 0.12], "id": 383, "camera_size": [51, 10], "camera_position": [246, 506], "world_position": [0.035484689814920804, 0.7265176696735434, -0.17412293330454917], "world_orientation": [0.00015798910913419477, 0.19316767412018587, 0.9811657478298145, -0.0007083217772153576, -0.9811654923230454, 0.19316773787238975, 0.9999997366598161, -0.000725499465065867, -1.818859181153591e-05], "world_rotation": [0.0, 1.0, 0.0, 0.0]}, {"color": "CVBlue", "id_name": "object170392564734185", "shape": "CVCylinder", "id_string": "ob625", "world_size": [0.11, 0.11, 0.11], "id": 625, "camera_size": [45, 45], "camera_position": [256, 254], "world_position": [0.705, 0.6547388572526824, -0.15], "world_orientation": [1.0, -3.838362879530641e-17, 1.4813540171849057e-17, 3.838362879530641e-17, 1.0, 5.294293626938881e-18, -1.4813540171849057e-17, -5.294293626938881e-18, 1.0], "world_rotation": [-0.1276280613210114, 0.35710588544125776, 0.925303444577321, 4.1482206750932463e-17]}], "source": "action wait"}
{"timestamp": 1706067890.06268, "objects": [{"color": "cv_", "id_name": "hand", "shape": "CVCylinder", "id_string": "ob383", "world_size": [0.12, 0.005, 0.12], "id": 383, "camera_size": [53, 21], "camera_position": [245, 501], "world_position": [0.08392766964816334, 0.7794782269112845, -0.17412487060757845], "world_orientation": [0.00025695296503716, 0.2966293620544884, 0.954992646852488, -0.0007069810539543188, -0.9549923858298262, 0.29662947120076655, 0.9999997170764416, -0.0007513815301330776, -3.567678610735007e-05], "world_rotation": [0.0, 1.0, 0.0, 0.0]}, {"color": "CVBlue", "id_name": "object170392564734185", "shape": "CVCylinder", "id_string": "ob625", "world_size": [0.11, 0.11, 0.11], "id": 625, "camera_size": [45, 45], "camera_position": [256, 254], "world_position": [0.705, 0.6547388572526824, -0.15], "world_orientation": [1.0, -3.838362879530641e-17, 1.4813540171849057e-17, 3.838362879530641e-17, 1.0, 5.294293626938881e-18, -1.4813540171849057e-17, -5.294293626938881e-18, 1.0], "world_rotation": [-0.1276280613210114, 0.35710588544125776, 0.925303444577321, 4.1482206750932463e-17]}], "source": "action wait"}
{"timestamp": 1706067890.094171, "objects": [{"color": "cv_", "id_name": "hand", "shape": "CVCylinder", "id_string": "ob383", "world_size": [0.12, 0.005, 0.12], "id": 383, "camera_size": [55, 37], "camera_position": [245, 493], "world_position": [0.14081024104763112, 0.8113860634501148, -0.17412065409934457], "world_orientation": [0.000288212955890303, 0.3365815404255749, 0.941654280284457, -0.0007128881347978625, -0.9416540109603785, 0.33658166235363923, 0.999999704361856, -0.0007683013593020435, -3.145189936300497e-05], "world_rotation": [0.0, 1.0, 0.0, 0.0]}, {"color": "CVBlue", "id_name": "object170392564734185", "shape": "CVCylinder", "id_string": "ob625", "world_size": [0.11, 0.11, 0.11], "id": 625, "camera_size": [45, 45], "camera_position": [256, 254], "world_position": [0.705, 0.6547388572526824, -0.15], "world_orientation": [1.0, -3.838362879530641e-17, 1.4813540171849057e-17, 3.838362879530641e-17, 1.0, 5.294293626938881e-18, -1.4813540171849057e-17, -5.294293626938881e-18, 1.0], "world_rotation": [-0.1276280613210114, 0.35710588544125776, 0.925303444577321, 4.1482206750932463e-17]}], "source": "action wait"}
{"timestamp": 1706067890.12541, "objects": [{"color": "cv_", "id_name": "hand", "shape": "CVCylinder", "id_string": "ob383", "world_size": [0.12, 0.005, 0.12], "id": 383, "camera_size": [55, 59], "camera_position": [245, 480], "world_position": [0.2022454794672021, 0.8254695666520575, -0.17411728675402152], "world_orientation": [0.00028609055561333, 0.3367181231476707, 0.9416054501202209, -0.000722559636375943, -0.9416051732462632, 0.3367182436748073, 0.9999996980298373, -0.0007766980010667648, -2.60854225591728e-05], "world_rotation": [0.0, 1.0, 0.0, 0.0]}, {"color": "CVBlue", "id_name": "object170392564734185", "shape": "CVCylinder", "id_string": "ob625", "world_size": [0.11, 0.11, 0.11], "id": 625, "camera_size": [45, 45], "camera_position": [256, 254], "world_position": [0.705, 0.6547388572526824, -0.15], "world_orientation": [1.0, -3.838362879530641e-17, 1.4813540171849057e-17, 3.838362879530641e-17, 1.0, 5.294293626938881e-18, -1.4813540171849057e-17, -5.294293626938881e-18, 1.0], "world_rotation": [-0.1276280613210114, 0.35710588544125776, 0.925303444577321, 4.1482206750932463e-17]}], "source": "action wait"}
{"timestamp": 1706067890.160606, "objects": [{"color": "cv_", "id_name": "hand", "shape": "CVCylinder", "id_string": "ob383", "world_size": [0.12, 0.005, 0.12], "id": 383, "camera_size": [55, 58], "camera_position": [245, 451], "world_position": [0.2662995642938207, 0.8244701536982176, -0.17411454883101476], "world_orientation": [0.0002606589582807622, 0.3088212196368778, 0.9511200693702654, -0.0007356827167540968, -0.9511197850740467, 0.3088213289454595, 0.9999996954138775, -0.000780219642491681, -2.072345852339204e-05], "world_rotation": [0.0, 1.0, 0.0, 0.0]}, {"color": "CVBlue", "id_name": "object170392564734185", "shape": "CVCylinder", "id_string": "ob625", "world_size": [0.11, 0.11, 0.11], "id": 625, "camera_size": [45, 45], "camera_position": [256, 254], "world_position": [0.705, 0.6547388572526824, -0.15], "world_orientation": [1.0, -3.838362879530641e-17, 1.4813540171849057e-17, 3.838362879530641e-17, 1.0, 5.294293626938881e-18, -1.4813540171849057e-17, -5.294293626938881e-18, 1.0], "world_rotation": [-0.1276280613210114, 0.35710588544125776, 0.925303444577321, 4.1482206750932463e-17]}], "source": "action wait"}
{"timestamp": 1706067890.193467, "objects": [{"color": "cv_", "id_name": "hand", "shape": "CVCylinder", "id_string": "ob383", "world_size": [0.12, 0.005, 0.12], "id": 383, "camera_size": [54, 56], "camera_position": [245, 420], "world_position": [0.3309550244780646, 0.8105649595203409, -0.17411213621179736], "world_orientation": [0.00021854358755171602, 0.26053660413781116, 0.965463945542783, -0.0007501072449065493, -0.965463654274175, 0.26053669533230334, 0.9999996947888642, -0.0007811401243347792, -1.5565496328300024e-05], "world_rotation": [0.0, 1.0, 0.0, 0.0]}, {"color": "CVBlue", "id_name": "object170392564734185", "shape": "CVCylinder", "id_string": "ob625", "world_size": [0.11, 0.11, 0.11], "id": 625, "camera_size": [45, 45], "camera_position": [256, 254], "world_position": [0.705, 0.6547388572526824, -0.15], "world_orientation": [1.0, -3.838362879530641e-17, 1.4813540171849057e-17, 3.838362879530641e-17, 1.0, 5.294293626938881e-18, -1.4813540171849057e-17, -5.294293626938881e-18, 1.0], "world_rotation": [-0.1276280613210114, 0.35710588544125776, 0.925303444577321, 4.1482206750932463e-17]}], "source": "action wait"}
{"timestamp": 1706067890.228275, "objects": [{"color": "cv_", "id_name": "hand", "shape": "CVCylinder", "id_string": "ob383", "world_size": [0.12, 0.005, 0.12], "id": 383, "camera_size": [53, 55], "camera_position": [245, 390], "world_position": [0.3944234785965953, 0.7855225918072207, -0.17410985200918694], "world_orientation": [0.00016436740031814667, 0.1971562103353352, 0.9803720730975392, -0.000763388495909695, -0.9803717759404649, 0.19715627856434945, 0.9999996951106347, -0.0007808108272781005, -1.0634377289042746e-05], "world_rotation": [0.0, 1.0, 0.0, 0.0]}, {"color": "CVBlue", "id_name": "object170392564734185", "shape": "CVCylinder", "id_string": "ob625", "world_size": [0.11, 0.11, 0.11], "id": 625, "camera_size": [45, 45], "camera_position": [256, 254], "world_position": [0.705, 0.6547388572526824, -0.15], "world_orientation": [1.0, -3.838362879530641e-17, 1.4813540171849057e-17, 3.838362879530641e-17, 1.0, 5.294293626938881e-18, -1.4813540171849057e-17, -5.294293626938881e-18, 1.0], "world_rotation": [-0.1276280613210114, 0.35710588544125776, 0.925303444577321, 4.1482206750932463e-17]}], "source": "action wait"}
{"timestamp": 1706067890.263555, "objects": [{"color": "cv_", "id_name": "hand", "shape": "CVCylinder", "id_string": "ob383", "world_size": [0.12, 0.005, 0.12], "id": 383, "camera_size": [52, 53], "camera_position": [245, 365], "world_position": [0.445743746485031, 0.7577790119031816, -0.17410287035489252], "world_orientation": [0.00010272428024570509, 0.13901827970600186, 0.9902898097806045, -0.0007679252773290072, -0.9902895120475447, 0.13901831756788188, 0.9999996998692003, -0.0007747491334252878, 5.0288736374899664e-06], "world_rotation": [0.0, 1.0, 0.0, 0.0]}, {"color": "CVBlue", "id_name": "object170392564734185", "shape": "CVCylinder", "id_string": "ob625", "world_size": [0.11, 0.11, 0.11], "id": 625, "camera_size": [45, 45], "camera_position": [256, 254], "world_position": [0.705, 0.6547388572526824, -0.15], "world_orientation": [1.0, -3.838362879530641e-17, 1.4813540171849057e-17, 3.838362879530641e-17, 1.0, 5.294293626938881e-18, -1.4813540171849057e-17, -5.294293626938881e-18, 1.0], "world_rotation": [-0.1276280613210114, 0.35710588544125776, 0.925303444577321, 4.1482206750932463e-17]}], "source": "action wait"}
{"timestamp": 1706067890.300423, "objects": [{"color": "cv_", "id_name": "hand", "shape": "CVCylinder", "id_string": "ob383", "world_size": [0.12, 0.005, 0.12], "id": 383, "camera_size": [51, 52], "camera_position": [246, 348], "world_position": [0.48060519966213755, 0.7350617567614632, -0.17409835600551873], "world_orientation": [6.013165409430319e-05, 0.09769019463168416, 0.9952168719716361, -0.0007666213169291487, -0.9952165768189292, 0.09769021197934301, 0.9999997043379266, -0.0007688287430564635, 1.5047366713812322e-05], "world_rotation": [0.0, 1.0, 0.0, 0.0]}, {"color": "CVBlue", "id_name": "object170392564734185", "shape": "CVCylinder", "id_string": "ob625", "world_size": [0.11, 0.11, 0.11], "id": 625, "camera_size": [45, 45], "camera_position": [256, 254], "world_position": [0.705, 0.6547388572526824, -0.15], "world_orientation": [1.0, -3.838362879530641e-17, 1.4813540171849057e-17, 3.838362879530641e-17, 1.0, 5.294293626938881e-18, -1.4813540171849057e-17, -5.294293626938881e-18, 1.0], "world_rotation": [-0.1276280613210114, 0.35710588544125776, 0.925303444577321, 4.1482206750932463e-17]}], "source": "action wait"}
{"timestamp": 1706067890.333022, "objects": [{"color": "cv_", "id_name": "hand", "shape": "CVCylinder", "id_string": "ob383", "world_size": [0.12, 0.005, 0.12], "id": 383, "camera_size": [51, 51], "camera_position": [246, 338], "world_position": [0.5043680045375927, 0.7175581781018426, -0.17409677790212472], "world_orientation": [3.372944527777379e-05, 0.06844648177075996, 0.997654788990425, -0.0007644117125545897, -0.9976544963156674, 0.06844648753490394, 0.9999997072684864, -0.0007649276678465608, 1.8670959609507137e-05], "world_rotation": [0.0, 1.0, 0.0, 0.0]}, {"color": "CVBlue", "id_name": "object170392564734185", "shape": "CVCylinder", "id_string": "ob625", "world_size": [0.11, 0.11, 0.11], "id": 625, "camera_size": [45, 45], "camera_position": [256, 254], "world_position": [0.705, 0.6547388572526824, -0.15], "world_orientation": [1.0, -3.838362879530641e-17, 1.4813540171849057e-17, 3.838362879530641e-17, 1.0, 5.294293626938881e-18, -1.4813540171849057e-17, -5.294293626938881e-18, 1.0], "world_rotation": [-0.1276280613210114, 0.35710588544125776, 0.925303444577321, 4.1482206750932463e-17]}], "source": "action wait"}
{"timestamp": 1706067890.357357, "objects": [{"color": "cv_", "id_name": "hand", "shape": "CVCylinder", "id_string": "ob383", "world_size": [0.12, 0.005, 0.12], "id": 383, "camera_size": [49, 50], "camera_position": [246, 330], "world_position": [0.5206773181888199, 0.7045213373888621, -0.17409677140480845], "world_orientation": [1.7527445889808742e-05, 0.0477920382106256, 0.998857307515174, -0.0007626864057244702, -0.9988570165167505, 0.047792037670545864, 0.9999997090010753, -0.0007626525620549433, 1.8942925536836857e-05], "world_rotation": [0.0, 1.0, 0.0, 0.0]}, {"color": "CVBlue", "id_name": "object170392564734185", "shape": "CVCylinder", "id_string": "ob625", "world_size": [0.11, 0.11, 0.11], "id": 625, "camera_size": [45, 45], "camera_position": [256, 254], "world_position": [0.705, 0.6547388572526824, -0.15], "world_orientation": [1.0, -3.838362879530641e-17, 1.4813540171849057e-17, 3.838362879530641e-17, 1.0, 5.294293626938881e-18, -1.4813540171849057e-17, -5.294293626938881e-18, 1.0], "world_rotation": [-0.1276280613210114, 0.35710588544125776, 0.925303444577321, 4.1482206750932463e-17]}], "source": "action wait"}
{"timestamp": 1706067890.387353, "objects": [{"color": "cv_", "id_name": "hand", "shape": "CVCylinder", "id_string": "ob383", "world_size": [0.12, 0.005, 0.12], "id": 383, "camera_size": [49, 49], "camera_position": [246, 325], "world_position": [0.5319419987879186, 0.6950073564908894, -0.17409752491483652], "world_orientation": [7.708927083012551e-06, 0.03321727537524869, 0.9994481540116114, -0.0007616738788597729, -0.9994478639327522, 0.03321727160923, 0.9999997098966954, -0.0007615096217103596, 1.7596060274264636e-05], "world_rotation": [0.0, 1.0, 0.0, 0.0]}, {"color": "CVBlue", "id_name": "object170392564734185", "shape": "CVCylinder", "id_string": "ob625", "world_size": [0.11, 0.11, 0.11], "id": 625, "camera_size": [45, 45], "camera_position": [256, 254], "world_position": [0.705, 0.6547388572526824, -0.15], "world_orientation": [1.0, -3.838362879530641e-17, 1.4813540171849057e-17, 3.838362879530641e-17, 1.0, 5.294293626938881e-18, -1.4813540171849057e-17, -5.294293626938881e-18, 1.0], "world_rotation": [-0.1276280613210114, 0.35710588544125776, 0.925303444577321, 4.1482206750932463e-17]}], "source": "action wait"}
{"timestamp": 1706067890.418441, "objects": [{"color": "cv_", "id_name": "hand", "shape": "CVCylinder", "id_string": "ob383", "world_size": [0.12, 0.005, 0.12], "id": 383, "camera_size": [49, 50], "camera_position": [246, 321], "world_position": [0.5397634035924549, 0.688152702275627, -0.1740985752783074], "world_orientation": [1.8523455481847011e-06, 0.0229370951543697, 0.9997369102231088, -0.0007612382831972363, -0.9997366205268051, 0.02293708991827711, 0.9999997102563807, -0.0007610804966039048, 1.5608737258826573e-05], "world_rotation": [0.0, 1.0, 0.0, 0.0]}, {"color": "CVBlue", "id_name": "object170392564734185", "shape": "CVCylinder", "id_string": "ob625", "world_size": [0.11, 0.11, 0.11], "id": 625, "camera_size": [45, 45], "camera_position": [256, 254], "world_position": [0.705, 0.6547388572526824, -0.15], "world_orientation": [1.0, -3.838362879530641e-17, 1.4813540171849057e-17, 3.838362879530641e-17, 1.0, 5.294293626938881e-18, -1.4813540171849057e-17, -5.294293626938881e-18, 1.0], "world_rotation": [-0.1276280613210114, 0.35710588544125776, 0.925303444577321, 4.1482206750932463e-17]}], "source": "action wait"}
{"timestamp": 1706067890.451724, "objects": [{"color": "cv_", "id_name": "hand", "shape": "CVCylinder", "id_string": "ob383", "world_size": [0.12, 0.005, 0.12], "id": 383, "camera_size": [49, 49], "camera_position": [246, 319], "world_position": [0.5452165408734001, 0.6832547547734503, -0.17409967156894077], "world_orientation": [-1.538607463666491e-06, 0.015687524288798688, 0.9998769432181749, -0.0007611789481641388, -0.9998766535766425, 0.015687518573181458, 0.9999997103020789, -0.0007610611429995914, 1.3479430919755693e-05], "world_rotation": [0.0, 1.0, 0.0, 0.0]}, {"color": "CVBlue", "id_name": "object170392564734185", "shape": "CVCylinder", "id_string": "ob625", "world_size": [0.11, 0.11, 0.11], "id": 625, "camera_size": [45, 45], "camera_position": [256, 254], "world_position": [0.705, 0.6547388572526824, -0.15], "world_orientation": [1.0, -3.838362879530641e-17, 1.4813540171849057e-17, 3.838362879530641e-17, 1.0, 5.294293626938881e-18, -1.4813540171849057e-17, -5.294293626938881e-18, 1.0], "world_rotation": [-0.1276280613210114, 0.35710588544125776, 0.925303444577321, 4.1482206750932463e-17]}], "source": "action wait"}
{"timestamp": 1706067890.485875, "objects": [{"color": "cv_", "id_name": "hand", "shape": "CVCylinder", "id_string": "ob383", "world_size": [0.12, 0.005, 0.12], "id": 383, "camera_size": [49, 49], "camera_position": [246, 317], "world_position": [0.5490304784182766, 0.6797738975940992, -0.1741006888825937], "world_orientation": [-3.4384494996513104e-06, 0.01057558013651531, 0.9999440769827846, -0.000761329317430987, -0.9999437872213809, 0.010575574454010517, 0.9999997101828818, -0.0007612503780201361, 1.1489755421989158e-05], "world_rotation": [0.0, 1.0, 0.0, 0.0]}, {"color": "CVBlue", "id_name": "object170392564734185", "shape": "CVCylinder", "id_string": "ob625", "world_size": [0.11, 0.11, 0.11], "id": 625, "camera_size": [45, 45], "camera_position": [256, 254], "world_position": [0.705, 0.6547388572526824, -0.15], "world_orientation": [1.0, -3.838362879530641e-17, 1.4813540171849057e-17, 3.838362879530641e-17, 1.0, 5.294293626938881e-18, -1.4813540171849057e-17, -5.294293626938881e-18, 1.0], "world_rotation": [-0.1276280613210114, 0.35710588544125776, 0.925303444577321, 4.1482206750932463e-17]}], "source": "action wait"}
{"timestamp": 1706067890.523095, "objects": [{"color": "cv_", "id_name": "hand", "shape": "CVCylinder", "id_string": "ob383", "world_size": [0.12, 0.005, 0.12], "id": 383, "camera_size": [49, 49], "camera_position": [246, 316], "world_position": [0.5517042022983424, 0.6773089683469621, -0.1741015746062847], "world_orientation": [-4.429736592728868e-06, 0.006971067551152084, 0.9999757018035863, -0.0007615739566147021, -0.9999754118464734, 0.006971062156138727, 0.999999709992701, -0.0007615245717723647, 9.73861117081137e-06], "world_rotation": [0.0, 1.0, 0.0, 0.0]}, {"color": "CVBlue", "id_name": "object170392564734185", "shape": "CVCylinder", "id_string": "ob625", "world_size": [0.11, 0.11, 0.11], "id": 625, "camera_size": [45, 45], "camera_position": [256, 254], "world_position": [0.705, 0.6547388572526824, -0.15], "world_orientation": [1.0, -3.838362879530641e-17, 1.4813540171849057e-17, 3.838362879530641e-17, 1.0, 5.294293626938881e-18, -1.4813540171849057e-17, -5.294293626938881e-18, 1.0], "world_rotation": [-0.1276280613210114, 0.35710588544125776, 0.925303444577321, 4.1482206750932463e-17]}], "source": "action wait"}
{"timestamp": 1706067890.564126, "objects": [{"color": "cv_", "id_name": "hand", "shape": "CVCylinder", "id_string": "ob383", "world_size": [0.12, 0.005, 0.12], "id": 383, "camera_size": [49, 49], "camera_position": [246, 315], "world_position": [0.5535818086863902, 0.6755675601039662, -0.17410231569895457], "world_orientation": [-4.895770480507554e-06, 0.004429478246374679, 0.9999901898011283, -0.0007618426150319471, -0.9999898996303532, 0.004429473231214058, 0.9999997097858886, -0.0007618134555204308, 8.270286322227696e-06], "world_rotation": [0.0, 1.0, 0.0, 0.0]}, {"color": "CVBlue", "id_name": "object170392564734185", "shape": "CVCylinder", "id_string": "ob625", "world_size": [0.11, 0.11, 0.11], "id": 625, "camera_size": [45, 45], "camera_position": [256, 254], "world_position": [0.705, 0.6547388572526824, -0.15], "world_orientation": [1.0, -3.838362879530641e-17, 1.4813540171849057e-17, 3.838362879530641e-17, 1.0, 5.294293626938881e-18, -1.4813540171849057e-17, -5.294293626938881e-18, 1.0], "world_rotation": [-0.1276280613210114, 0.35710588544125776, 0.925303444577321, 4.1482206750932463e-17]}], "source": "action wait"}
{"timestamp": 1706067890.597103, "objects": [{"color": "cv_", "id_name": "hand", "shape": "CVCylinder", "id_string": "ob383", "world_size": [0.12, 0.005, 0.12], "id": 383, "camera_size": [49, 49], "camera_position": [246, 315], "world_position": [0.5549019911342765, 0.6743391828244228, -0.17410291925674287], "world_orientation": [-5.0596710909918425e-06, 0.002637354392382508, 0.9999965221620567, -0.0007620969543554925, -0.9999962317901103, 0.0026373497705931676, 0.9999997095912739, -0.0007620809597837363, 7.069571775445642e-06], "world_rotation": [0.0, 1.0, 0.0, 0.0]}, {"color": "CVBlue", "id_name": "object170392564734185", "shape": "CVCylinder", "id_string": "ob625", "world_size": [0.11, 0.11, 0.11], "id": 625, "camera_size": [45, 45], "camera_position": [256, 254], "world_position": [0.705, 0.6547388572526824, -0.15], "world_orientation": [1.0, -3.838362879530641e-17, 1.4813540171849057e-17, 3.838362879530641e-17, 1.0, 5.294293626938881e-18, -1.4813540171849057e-17, -5.294293626938881e-18, 1.0], "world_rotation": [-0.1276280613210114, 0.35710588544125776, 0.925303444577321, 4.1482206750932463e-17]}], "source": "action wait"}
