{"timestamp": 1709222470.780316, "objects": [{"color": "cv_", "id_name": "hand", "shape": "CVCylinder", "id_string": "ob382", "world_size": [0.12, 0.005, 0.12], "id": 382, "camera_size": [48, 50], "camera_position": [246, 426], "world_position": [0.26764451788350746, 0.6334703010498701, -0.17389260020074782], "world_orientation": [-0.0006415638466518701, 0.19791547296320902, 0.9802188806371667, -0.0007473690005271817, -0.9802189035099005, 0.19791498842034616, 0.9999995149175863, -0.0006056101038389374, 0.0007767888995144973], "world_rotation": [0.0, 1.0, 0.0, 0.0]}, {"color": "CVRed", "id_name": "object137817418772238", "shape": "CVSphere", "id_string": "ob393", "world_size": [0.11, 0.11, 0.11], "id": 393, "camera_size": [45, 45], "camera_position": [256, 254], "world_position": [0.705, 0.654738849708696, -0.15], "world_orientation": [1.0, -5.1619362862653347e-17, 1.4541359828532488e-17, 5.1619362862653347e-17, 1.0, 2.3824321321224633e-17, -1.4541359828532488e-17, -2.3824321321224633e-17, 1.0], "world_rotation": [-0.4059884517598224, 0.2477982093873522, 0.8796416454796148, 5.868226354211375e-17]}], "source": "manual check"}
{"timestamp": 1709222471.788593, "objects": [{"color": "cv_", "id_name": "hand", "shape": "CVCylinder", "id_string": "ob382", "world_size": [0.12, 0.005, 0.12], "id": 382, "camera_size": [48, 50], "camera_position": [246, 426], "world_position": [0.26764451788350746, 0.6334703010498701, -0.17389260020074782], "world_orientation": [-0.0006415638466518701, 0.19791547296320902, 0.9802188806371667, -0.0007473690005271817, -0.9802189035099005, 0.19791498842034616, 0.9999995149175863, -0.0006056101038389374, 0.0007767888995144973], "world_rotation": [0.0, 1.0, 0.0, 0.0]}, {"color": "CVRed", "id_name": "object137817418772238", "shape": "CVSphere", "id_string": "ob393", "world_size": [0.11, 0.11, 0.11], "id": 393, "camera_size": [45, 45], "camera_position": [256, 254], "world_position": [0.705, 0.6547388572526824, -0.15], "world_orientation": [1.0, -3.838362879530641e-17, 1.4813540171849057e-17, 3.838362879530641e-17, 1.0, 5.294293626938881e-18, -1.4813540171849057e-17, -5.294293626938881e-18, 1.0], "world_rotation": [-0.1276280613210114, 0.35710588544125776, 0.925303444577321, 4.1482206750932463e-17]}], "source": "manual check"}
{"timestamp": 1709222473.01449, "objects": [{"color": "cv_", "id_name": "hand", "shape": "CVCylinder", "id_string": "ob382", "world_size": [0.12, 0.005, 0.12], "id": 382, "camera_size": [48, 50], "camera_position": [246, 426], "world_position": [0.26764451788350746, 0.6334703010498701, -0.17389260020074782], "world_orientation": [-0.0006415638466518701, 0.19791547296320902, 0.9802188806371667, -0.0007473690005271817, -0.9802189035099005, 0.19791498842034616, 0.9999995149175863, -0.0006056101038389374, 0.0007767888995144973], "world_rotation": [0.0, 1.0, 0.0, 0.0]}, {"color": "CVRed", "id_name": "object137817418772238", "shape": "CVSphere", "id_string": "ob393", "world_size": [0.11, 0.11, 0.11], "id": 393, "camera_size": [45, 45], "camera_position": [256, 254], "world_position": [0.705, 0.6547388572526824, -0.15], "world_orientation": [1.0, -3.838362879530641e-17, 1.4813540171849057e-17, 3.838362879530641e-17, 1.0, 5.294293626938881e-18, -1.4813540171849057e-17, -5.294293626938881e-18, 1.0], "world_rotation": [-0.1276280613210114, 0.35710588544125776, 0.925303444577321, 4.1482206750932463e-17]}], "source": "action wait"}
{"timestamp": 1709222473.075552, "objects": [{"color": "cv_", "id_name": "hand", "shape": "CVCylinder", "id_string": "ob382", "world_size": [0.12, 0.005, 0.12], "id": 382, "camera_size": [48, 50], "camera_position": [246, 471], "world_position": [0.16390172374778134, 0.660024294505926, -0.1740387474918333], "world_orientation": [-0.00037819863349665645, 0.06187082669590949, 0.99808409353609, -0.0007686839593080128, -0.9980838880313836, 0.06187052268348142, 0.9999996330453148, -0.0007438118856094034, 0.00042503307459915683], "world_rotation": [0.0, 1.0, 0.0, 0.0]}, {"color": "CVRed", "id_name": "object137817418772238", "shape": "CVSphere", "id_string": "ob393", "world_size": [0.11, 0.11, 0.11], "id": 393, "camera_size": [45, 45], "camera_position": [256, 254], "world_position": [0.705, 0.6547388572526824, -0.15], "world_orientation": [1.0, -3.838362879530641e-17, 1.4813540171849057e-17, 3.838362879530641e-17, 1.0, 5.294293626938881e-18, -1.4813540171849057e-17, -5.294293626938881e-18, 1.0], "world_rotation": [-0.1276280613210114, 0.35710588544125776, 0.925303444577321, 4.1482206750932463e-17]}], "source": "action wait"}
{"timestamp": 1709222473.10559, "objects": [{"color": "cv_", "id_name": "hand", "shape": "CVCylinder", "id_string": "ob382", "world_size": [0.12, 0.005, 0.12], "id": 382, "camera_size": [49, 46], "camera_position": [246, 488], "world_position": [0.11787037499990714, 0.6676875724159615, -0.17407780448762902], "world_orientation": [-0.00025737611466624966, 0.043313374808511045, 0.9990615022711229, -0.0007697890823271273, -0.999061247933126, 0.04331316547048806, 0.999999670591098, -0.000757918862779297, 0.0002904766653533566], "world_rotation": [0.0, 1.0, 0.0, 0.0]}, {"color": "CVRed", "id_name": "object137817418772238", "shape": "CVSphere", "id_string": "ob393", "world_size": [0.11, 0.11, 0.11], "id": 393, "camera_size": [45, 45], "camera_position": [256, 254], "world_position": [0.705, 0.6547388572526824, -0.15], "world_orientation": [1.0, -3.838362879530641e-17, 1.4813540171849057e-17, 3.838362879530641e-17, 1.0, 5.294293626938881e-18, -1.4813540171849057e-17, -5.294293626938881e-18, 1.0], "world_rotation": [-0.1276280613210114, 0.35710588544125776, 0.925303444577321, 4.1482206750932463e-17]}], "source": "action wait"}
{"timestamp": 1709222473.135823, "objects": [{"color": "cv_", "id_name": "hand", "shape": "CVCylinder", "id_string": "ob382", "world_size": [0.12, 0.005, 0.12], "id": 382, "camera_size": [49, 34], "camera_position": [246, 494], "world_position": [0.08448311207064134, 0.6707868285225839, -0.17409653108757625], "world_orientation": [-0.00017494860442706633, 0.030180974723801216, 0.9995444353092598, -0.0007681396670295937, -0.999544159776734, 0.03018083195795943, 0.9999996896771708, -0.0007625096352885961, 0.0001980520596915085], "world_rotation": [0.0, 1.0, 0.0, 0.0]}, {"color": "CVRed", "id_name": "object137817418772238", "shape": "CVSphere", "id_string": "ob393", "world_size": [0.11, 0.11, 0.11], "id": 393, "camera_size": [45, 45], "camera_position": [256, 254], "world_position": [0.705, 0.6547388572526824, -0.15], "world_orientation": [1.0, -3.838362879530641e-17, 1.4813540171849057e-17, 3.838362879530641e-17, 1.0, 5.294293626938881e-18, -1.4813540171849057e-17, -5.294293626938881e-18, 1.0], "world_rotation": [-0.1276280613210114, 0.35710588544125776, 0.925303444577321, 4.1482206750932463e-17]}], "source": "action wait"}
{"timestamp": 1709222473.175075, "objects": [{"color": "cv_", "id_name": "hand", "shape": "CVCylinder", "id_string": "ob382", "world_size": [0.12, 0.005, 0.12], "id": 382, "camera_size": [49, 25], "camera_position": [246, 499], "world_position": [0.06057137554447964, 0.6718147378132694, -0.17410508437681757], "world_orientation": [-0.00011910279840253455, 0.020891808412942033, 0.9997817352581315, -0.000766128922680799, -0.9997814508429029, 0.020891711201677765, 0.9999996994304534, -0.0007634734424820762, 0.00013508258725896847], "world_rotation": [0.0, 1.0, 0.0, 0.0]}, {"color": "CVRed", "id_name": "object137817418772238", "shape": "CVSphere", "id_string": "ob393", "world_size": [0.11, 0.11, 0.11], "id": 393, "camera_size": [45, 45], "camera_position": [256, 254], "world_position": [0.705, 0.6547388572526824, -0.15], "world_orientation": [1.0, -3.838362879530641e-17, 1.4813540171849057e-17, 3.838362879530641e-17, 1.0, 5.294293626938881e-18, -1.4813540171849057e-17, -5.294293626938881e-18, 1.0], "world_rotation": [-0.1276280613210114, 0.35710588544125776, 0.925303444577321, 4.1482206750932463e-17]}], "source": "action wait"}
{"timestamp": 1709222473.21087, "objects": [{"color": "cv_", "id_name": "hand", "shape": "CVCylinder", "id_string": "ob382", "world_size": [0.12, 0.005, 0.12], "id": 382, "camera_size": [49, 19], "camera_position": [246, 502], "world_position": [0.04356467529941913, 0.6719702735083766, -0.17410869609106305], "world_orientation": [-8.139479046557249e-05, 0.014322985931207026, 0.9998974174628629, -0.0007645384850720814, -0.9998971294367782, 0.014322919569556114, 0.9999997044278529, -0.0007632942457376859, 9.233689130355717e-05], "world_rotation": [0.0, 1.0, 0.0, 0.0]}, {"color": "CVRed", "id_name": "object137817418772238", "shape": "CVSphere", "id_string": "ob393", "world_size": [0.11, 0.11, 0.11], "id": 393, "camera_size": [45, 45], "camera_position": [256, 254], "world_position": [0.705, 0.6547388572526824, -0.15], "world_orientation": [1.0, -3.838362879530641e-17, 1.4813540171849057e-17, 3.838362879530641e-17, 1.0, 5.294293626938881e-18, -1.4813540171849057e-17, -5.294293626938881e-18, 1.0], "world_rotation": [-0.1276280613210114, 0.35710588544125776, 0.925303444577321, 4.1482206750932463e-17]}], "source": "action wait"}
{"timestamp": 1709222473.245468, "objects": [{"color": "cv_", "id_name": "hand", "shape": "CVCylinder", "id_string": "ob382", "world_size": [0.12, 0.005, 0.12], "id": 382, "camera_size": [49, 15], "camera_position": [246, 504], "world_position": [0.03151654331909601, 0.6718051516303467, -0.17410998528201924], "world_orientation": [-5.599300455174302e-05, 0.009678708955574251, 0.9999531586318114, -0.0007634942383873805, -0.999952869164997, 0.009678663401439374, 0.9999997069706229, -0.0007629165378291333, 6.338000407766116e-05], "world_rotation": [0.0, 1.0, 0.0, 0.0]}, {"color": "CVRed", "id_name": "object137817418772238", "shape": "CVSphere", "id_string": "ob393", "world_size": [0.11, 0.11, 0.11], "id": 393, "camera_size": [45, 45], "camera_position": [256, 254], "world_position": [0.705, 0.6547388572526824, -0.15], "world_orientation": [1.0, -3.838362879530641e-17, 1.4813540171849057e-17, 3.838362879530641e-17, 1.0, 5.294293626938881e-18, -1.4813540171849057e-17, -5.294293626938881e-18, 1.0], "world_rotation": [-0.1276280613210114, 0.35710588544125776, 0.925303444577321, 4.1482206750932463e-17]}], "source": "action wait"}
{"timestamp": 1709222473.27792, "objects": [{"color": "cv_", "id_name": "hand", "shape": "CVCylinder", "id_string": "ob382", "world_size": [0.12, 0.005, 0.12], "id": 382, "camera_size": [49, 12], "camera_position": [246, 505], "world_position": [0.023000607839257746, 0.671558707037598, -0.17411023678594598], "world_orientation": [-3.8915278507948673e-05, 0.006395556936416952, 0.9999795474593839, -0.0007628997890754308, -0.9999792574043069, 0.006395525392250803, 0.999999708234714, -0.0007626353021850303, 4.379364034223929e-05], "world_rotation": [0.0, 1.0, 0.0, 0.0]}, {"color": "CVRed", "id_name": "object137817418772238", "shape": "CVSphere", "id_string": "ob393", "world_size": [0.11, 0.11, 0.11], "id": 393, "camera_size": [45, 45], "camera_position": [256, 254], "world_position": [0.705, 0.6547388572526824, -0.15], "world_orientation": [1.0, -3.838362879530641e-17, 1.4813540171849057e-17, 3.838362879530641e-17, 1.0, 5.294293626938881e-18, -1.4813540171849057e-17, -5.294293626938881e-18, 1.0], "world_rotation": [-0.1276280613210114, 0.35710588544125776, 0.925303444577321, 4.1482206750932463e-17]}], "source": "action wait"}
{"timestamp": 1709222473.312176, "objects": [{"color": "cv_", "id_name": "hand", "shape": "CVCylinder", "id_string": "ob382", "world_size": [0.12, 0.005, 0.12], "id": 382, "camera_size": [49, 10], "camera_position": [246, 506], "world_position": [0.016989318784729254, 0.6713249448653229, -0.17411006666571127], "world_orientation": [-2.7427497072866565e-05, 0.004074857151765952, 0.9999916973589957, -0.000762615929270709, -0.9999914070312026, 0.004074835051892372, 0.999999708832296, -0.0007624978350183323, 3.0534812363045115e-05], "world_rotation": [0.0, 1.0, 0.0, 0.0]}, {"color": "CVRed", "id_name": "object137817418772238", "shape": "CVSphere", "id_string": "ob393", "world_size": [0.11, 0.11, 0.11], "id": 393, "camera_size": [45, 45], "camera_position": [256, 254], "world_position": [0.705, 0.6547388572526824, -0.15], "world_orientation": [1.0, -3.838362879530641e-17, 1.4813540171849057e-17, 3.838362879530641e-17, 1.0, 5.294293626938881e-18, -1.4813540171849057e-17, -5.294293626938881e-18, 1.0], "world_rotation": [-0.1276280613210114, 0.35710588544125776, 0.925303444577321, 4.1482206750932463e-17]}], "source": "action wait"}
{"timestamp": 1709222473.338198, "objects": [{"color": "cv_", "id_name": "hand", "shape": "CVCylinder", "id_string": "ob382", "world_size": [0.12, 0.005, 0.12], "id": 382, "camera_size": [49, 9], "camera_position": [246, 507], "world_position": [0.012749333384190492, 0.671133397257877, -0.1741097605701326], "world_orientation": [-1.9718399066216616e-05, 0.002434607838089741, 0.9999970361435375, -0.0007625236955406121, -0.9999967456541767, 0.0024345920950693675, 0.999999709084357, -0.0007624734292716982, 2.1574781061984455e-05], "world_rotation": [0.0, 1.0, 0.0, 0.0]}, {"color": "CVRed", "id_name": "object137817418772238", "shape": "CVSphere", "id_string": "ob393", "world_size": [0.11, 0.11, 0.11], "id": 393, "camera_size": [45, 45], "camera_position": [256, 254], "world_position": [0.705, 0.6547388572526824, -0.15], "world_orientation": [1.0, -3.838362879530641e-17, 1.4813540171849057e-17, 3.838362879530641e-17, 1.0, 5.294293626938881e-18, -1.4813540171849057e-17, -5.294293626938881e-18, 1.0], "world_rotation": [-0.1276280613210114, 0.35710588544125776, 0.925303444577321, 4.1482206750932463e-17]}], "source": "action wait"}
{"timestamp": 1709222473.364863, "objects": [{"color": "cv_", "id_name": "hand", "shape": "CVCylinder", "id_string": "ob382", "world_size": [0.12, 0.005, 0.12], "id": 382, "camera_size": [49, 8], "camera_position": [246, 507], "world_position": [0.009760060810705795, 0.670987077909004, -0.1741094434281985], "world_orientation": [-1.453642000415898e-05, 0.001275379576574342, 0.9999991865974834, -0.0007625376476374852, -0.9999988959856362, 0.001275368121357674, 0.9999997091624719, -0.0007625184881011479, 1.5508928898272972e-05], "world_rotation": [0.0, 1.0, 0.0, 0.0]}, {"color": "CVRed", "id_name": "object137817418772238", "shape": "CVSphere", "id_string": "ob393", "world_size": [0.11, 0.11, 0.11], "id": 393, "camera_size": [45, 45], "camera_position": [256, 254], "world_position": [0.705, 0.6547388572526824, -0.15], "world_orientation": [1.0, -3.838362879530641e-17, 1.4813540171849057e-17, 3.838362879530641e-17, 1.0, 5.294293626938881e-18, -1.4813540171849057e-17, -5.294293626938881e-18, 1.0], "world_rotation": [-0.1276280613210114, 0.35710588544125776, 0.925303444577321, 4.1482206750932463e-17]}], "source": "action wait"}
{"timestamp": 1709222473.400651, "objects": [{"color": "cv_", "id_name": "hand", "shape": "CVCylinder", "id_string": "ob382", "world_size": [0.12, 0.005, 0.12], "id": 382, "camera_size": [49, 7], "camera_position": [246, 508], "world_position": [0.007653090630226042, 0.6708796167124749, -0.1741091637227286], "world_orientation": [-1.1063848026805776e-05, 0.0004561603981005641, 0.9999998958976358, -0.0007626026437790945, -0.9999996051812807, 0.000456151828166633, 0.9999997091573573, -0.0007625975175962032, 1.1411712784534923e-05], "world_rotation": [0.0, 1.0, 0.0, 0.0]}, {"color": "CVRed", "id_name": "object137817418772238", "shape": "CVSphere", "id_string": "ob393", "world_size": [0.11, 0.11, 0.11], "id": 393, "camera_size": [45, 45], "camera_position": [256, 254], "world_position": [0.705, 0.6547388572526824, -0.15], "world_orientation": [1.0, -3.838362879530641e-17, 1.4813540171849057e-17, 3.838362879530641e-17, 1.0, 5.294293626938881e-18, -1.4813540171849057e-17, -5.294293626938881e-18, 1.0], "world_rotation": [-0.1276280613210114, 0.35710588544125776, 0.925303444577321, 4.1482206750932463e-17]}], "source": "action wait"}
{"timestamp": 1709222473.434982, "objects": [{"color": "cv_", "id_name": "hand", "shape": "CVCylinder", "id_string": "ob382", "world_size": [0.12, 0.005, 0.12], "id": 382, "camera_size": [49, 7], "camera_position": [246, 508], "world_position": [0.006168190904459686, 0.6708025490472121, -0.17410893490573218], "world_orientation": [-8.73495393408292e-06, -0.00012274336620298902, 0.9999999924288833, -0.0007626858266709175, -0.9999997016213401, -0.00012274999253355774, 0.999999709116973, -0.0007626868931124614, 8.641336702401924e-06], "world_rotation": [0.0, 1.0, 0.0, 0.0]}, {"color": "CVRed", "id_name": "object137817418772238", "shape": "CVSphere", "id_string": "ob393", "world_size": [0.11, 0.11, 0.11], "id": 393, "camera_size": [45, 45], "camera_position": [256, 254], "world_position": [0.705, 0.6547388572526824, -0.15], "world_orientation": [1.0, -3.838362879530641e-17, 1.4813540171849057e-17, 3.838362879530641e-17, 1.0, 5.294293626938881e-18, -1.4813540171849057e-17, -5.294293626938881e-18, 1.0], "world_rotation": [-0.1276280613210114, 0.35710588544125776, 0.925303444577321, 4.1482206750932463e-17]}], "source": "action wait"}
{"timestamp": 1709222473.469018, "objects": [{"color": "CVRed", "id_name": "object137817418772238", "shape": "CVSphere", "id_string": "ob393", "world_size": [0.11, 0.11, 0.11], "id": 393, "camera_size": [45, 45], "camera_position": [256, 254], "world_position": [0.705, 0.6547388572526824, -0.15], "world_orientation": [1.0, -3.838362879530641e-17, 1.4813540171849057e-17, 3.838362879530641e-17, 1.0, 5.294293626938881e-18, -1.4813540171849057e-17, -5.294293626938881e-18, 1.0], "world_rotation": [-0.1276280613210114, 0.35710588544125776, 0.925303444577321, 4.1482206750932463e-17]}], "source": "action wait"}
{"timestamp": 1709222476.171868, "objects": [{"color": "CVRed", "id_name": "object137817418772238", "shape": "CVSphere", "id_string": "ob393", "world_size": [0.11, 0.11, 0.11], "id": 393, "camera_size": [45, 45], "camera_position": [256, 254], "world_position": [0.705, 0.6547388572526824, -0.15], "world_orientation": [1.0, -3.838362879530641e-17, 1.4813540171849057e-17, 3.838362879530641e-17, 1.0, 5.294293626938881e-18, -1.4813540171849057e-17, -5.294293626938881e-18, 1.0], "world_rotation": [-0.1276280613210114, 0.35710588544125776, 0.925303444577321, 4.1482206750932463e-17]}], "source": "action wait"}
{"timestamp": 1709222476.206062, "objects": [{"color": "cv_", "id_name": "hand", "shape": "CVCylinder", "id_string": "ob382", "world_size": [0.12, 0.005, 0.12], "id": 382, "camera_size": [51, 10], "camera_position": [246, 506], "world_position": [0.035485747675474424, 0.7265145012655256, -0.17412293293164863], "world_orientation": [0.0001579936605432692, 0.193165118778378, 0.9811662509102819, -0.0007083276949106706, -0.9811659953994685, 0.19316518253465684, 0.9999997366549054, -0.0007255061031098746, -1.8193803891879564e-05], "world_rotation": [0.0, 1.0, 0.0, 0.0]}, {"color": "CVRed", "id_name": "object137817418772238", "shape": "CVSphere", "id_string": "ob393", "world_size": [0.11, 0.11, 0.11], "id": 393, "camera_size": [45, 45], "camera_position": [256, 254], "world_position": [0.705, 0.6547388572526824, -0.15], "world_orientation": [1.0, -3.838362879530641e-17, 1.4813540171849057e-17, 3.838362879530641e-17, 1.0, 5.294293626938881e-18, -1.4813540171849057e-17, -5.294293626938881e-18, 1.0], "world_rotation": [-0.1276280613210114, 0.35710588544125776, 0.925303444577321, 4.1482206750932463e-17]}], "source": "action wait"}
{"timestamp": 1709222476.237889, "objects": [{"color": "cv_", "id_name": "hand", "shape": "CVCylinder", "id_string": "ob382", "world_size": [0.12, 0.005, 0.12], "id": 382, "camera_size": [53, 21], "camera_position": [245, 501], "world_position": [0.08393089981933091, 0.7794698770748464, -0.1741248711028234], "world_orientation": [0.0002569568946356794, 0.29662203939839565, 0.9549949213039255, -0.0007069857471166866, -0.9549946602787144, 0.29662214854979463, 0.999999717072114, -0.000751386904102455, -3.568490816306829e-05], "world_rotation": [0.0, 1.0, 0.0, 0.0]}, {"color": "CVRed", "id_name": "object137817418772238", "shape": "CVSphere", "id_string": "ob393", "world_size": [0.11, 0.11, 0.11], "id": 393, "camera_size": [45, 45], "camera_position": [256, 254], "world_position": [0.705, 0.6547388572526824, -0.15], "world_orientation": [1.0, -3.838362879530641e-17, 1.4813540171849057e-17, 3.838362879530641e-17, 1.0, 5.294293626938881e-18, -1.4813540171849057e-17, -5.294293626938881e-18, 1.0], "world_rotation": [-0.1276280613210114, 0.35710588544125776, 0.925303444577321, 4.1482206750932463e-17]}], "source": "action wait"}
{"timestamp": 1709222476.268817, "objects": [{"color": "cv_", "id_name": "hand", "shape": "CVCylinder", "id_string": "ob382", "world_size": [0.12, 0.005, 0.12], "id": 382, "camera_size": [55, 37], "camera_position": [245, 493], "world_position": [0.14081499119741214, 0.8113737301274057, -0.1741206552801917], "world_orientation": [0.00028821483374869824, 0.3365702502545731, 0.9416583157259237, -0.0007128933328800491, -0.9416580463993722, 0.3365703721874728, 0.9999997043576092, -0.0007683065089970362, -3.146112983839816e-05], "world_rotation": [0.0, 1.0, 0.0, 0.0]}, {"color": "CVRed", "id_name": "object137817418772238", "shape": "CVSphere", "id_string": "ob393", "world_size": [0.11, 0.11, 0.11], "id": 393, "camera_size": [45, 45], "camera_position": [256, 254], "world_position": [0.705, 0.6547388572526824, -0.15], "world_orientation": [1.0, -3.838362879530641e-17, 1.4813540171849057e-17, 3.838362879530641e-17, 1.0, 5.294293626938881e-18, -1.4813540171849057e-17, -5.294293626938881e-18, 1.0], "world_rotation": [-0.1276280613210114, 0.35710588544125776, 0.925303444577321, 4.1482206750932463e-17]}], "source": "action wait"}
{"timestamp": 1709222476.30402, "objects": [{"color": "cv_", "id_name": "hand", "shape": "CVCylinder", "id_string": "ob382", "world_size": [0.12, 0.005, 0.12], "id": 382, "camera_size": [55, 59], "camera_position": [245, 480], "world_position": [0.20225066182344686, 0.8254541147332287, -0.17411728879655206], "world_orientation": [0.0002860910145544584, 0.33670396200760294, 0.941610514023879, -0.0007225652653700617, -0.941610237147374, 0.33670408253940703, 0.9999996980256387, -0.0007767030635194522, -2.6095640400716004e-05], "world_rotation": [0.0, 1.0, 0.0, 0.0]}, {"color": "CVRed", "id_name": "object137817418772238", "shape": "CVSphere", "id_string": "ob393", "world_size": [0.11, 0.11, 0.11], "id": 393, "camera_size": [45, 45], "camera_position": [256, 254], "world_position": [0.705, 0.6547388572526824, -0.15], "world_orientation": [1.0, -3.838362879530641e-17, 1.4813540171849057e-17, 3.838362879530641e-17, 1.0, 5.294293626938881e-18, -1.4813540171849057e-17, -5.294293626938881e-18, 1.0], "world_rotation": [-0.1276280613210114, 0.35710588544125776, 0.925303444577321, 4.1482206750932463e-17]}], "source": "action wait"}
{"timestamp": 1709222476.339578, "objects": [{"color": "cv_", "id_name": "hand", "shape": "CVCylinder", "id_string": "ob382", "world_size": [0.12, 0.005, 0.12], "id": 382, "camera_size": [55, 58], "camera_position": [245, 451], "world_position": [0.2663043054715226, 0.8244522641773278, -0.17411455186093602], "world_orientation": [0.0002606584021692641, 0.3088048693987381, 0.9511253780090327, -0.0007356883584473919, -0.9511250937102799, 0.30880497871189033, 0.999999695409872, -0.0007802244803582904, -2.073459974063471e-05], "world_rotation": [0.0, 1.0, 0.0, 0.0]}, {"color": "CVRed", "id_name": "object137817418772238", "shape": "CVSphere", "id_string": "ob393", "world_size": [0.11, 0.11, 0.11], "id": 393, "camera_size": [45, 45], "camera_position": [256, 254], "world_position": [0.705, 0.6547388572526824, -0.15], "world_orientation": [1.0, -3.838362879530641e-17, 1.4813540171849057e-17, 3.838362879530641e-17, 1.0, 5.294293626938881e-18, -1.4813540171849057e-17, -5.294293626938881e-18, 1.0], "world_rotation": [-0.1276280613210114, 0.35710588544125776, 0.925303444577321, 4.1482206750932463e-17]}], "source": "action wait"}
{"timestamp": 1709222476.37365, "objects": [{"color": "cv_", "id_name": "hand", "shape": "CVCylinder", "id_string": "ob382", "world_size": [0.12, 0.005, 0.12], "id": 382, "camera_size": [54, 56], "camera_position": [245, 420], "world_position": [0.33095866661154727, 0.8105452067363288, -0.1741121402934537], "world_orientation": [0.00021854227366568875, 0.26051854246905415, 0.965468819418356, -0.0007501124528329876, -0.9654685281473656, 0.26051863366805045, 0.999999694785245, -0.0007811445188020498, -1.5577484393608168e-05], "world_rotation": [0.0, 1.0, 0.0, 0.0]}, {"color": "CVRed", "id_name": "object137817418772238", "shape": "CVSphere", "id_string": "ob393", "world_size": [0.11, 0.11, 0.11], "id": 393, "camera_size": [45, 45], "camera_position": [256, 254], "world_position": [0.705, 0.6547388572526824, -0.15], "world_orientation": [1.0, -3.838362879530641e-17, 1.4813540171849057e-17, 3.838362879530641e-17, 1.0, 5.294293626938881e-18, -1.4813540171849057e-17, -5.294293626938881e-18, 1.0], "world_rotation": [-0.1276280613210114, 0.35710588544125776, 0.925303444577321, 4.1482206750932463e-17]}], "source": "action wait"}
{"timestamp": 1709222476.406458, "objects": [{"color": "cv_", "id_name": "hand", "shape": "CVCylinder", "id_string": "ob382", "world_size": [0.12, 0.005, 0.12], "id": 382, "camera_size": [53, 55], "camera_position": [245, 390], "world_position": [0.3944255497070564, 0.7855014810185067, -0.17410985715713298], "world_orientation": [0.00016436551887109366, 0.19713682063768456, 0.9803759722335311, -0.0007633928886020666, -0.9803756750743565, 0.19713688887115358, 0.9999996951075906, -0.0007808145523876342, -1.064710956533682e-05], "world_rotation": [0.0, 1.0, 0.0, 0.0]}, {"color": "CVRed", "id_name": "object137817418772238", "shape": "CVSphere", "id_string": "ob393", "world_size": [0.11, 0.11, 0.11], "id": 393, "camera_size": [45, 45], "camera_position": [256, 254], "world_position": [0.705, 0.6547388572526824, -0.15], "world_orientation": [1.0, -3.838362879530641e-17, 1.4813540171849057e-17, 3.838362879530641e-17, 1.0, 5.294293626938881e-18, -1.4813540171849057e-17, -5.294293626938881e-18, 1.0], "world_rotation": [-0.1276280613210114, 0.35710588544125776, 0.925303444577321, 4.1482206750932463e-17]}], "source": "action wait"}
{"timestamp": 1709222476.441424, "objects": [{"color": "cv_", "id_name": "hand", "shape": "CVCylinder", "id_string": "ob382", "world_size": [0.12, 0.005, 0.12], "id": 382, "camera_size": [52, 53], "camera_position": [245, 365], "world_position": [0.4457404798721189, 0.7577597606844971, -0.17410287548014045], "world_orientation": [0.00010272487057162083, 0.13900443697542697, 0.9902917529439219, -0.0007679271592100737, -0.9902914552099303, 0.13900447484191678, 0.9999996998676947, -0.0007747511493146998, 5.017720839924711e-06], "world_rotation": [0.0, 1.0, 0.0, 0.0]}, {"color": "CVRed", "id_name": "object137817418772238", "shape": "CVSphere", "id_string": "ob393", "world_size": [0.11, 0.11, 0.11], "id": 393, "camera_size": [45, 45], "camera_position": [256, 254], "world_position": [0.705, 0.6547388572526824, -0.15], "world_orientation": [1.0, -3.838362879530641e-17, 1.4813540171849057e-17, 3.838362879530641e-17, 1.0, 5.294293626938881e-18, -1.4813540171849057e-17, -5.294293626938881e-18, 1.0], "world_rotation": [-0.1276280613210114, 0.35710588544125776, 0.925303444577321, 4.1482206750932463e-17]}], "source": "action wait"}
{"timestamp": 1709222476.466754, "objects": [{"color": "cv_", "id_name": "hand", "shape": "CVCylinder", "id_string": "ob382", "world_size": [0.12, 0.005, 0.12], "id": 382, "camera_size": [51, 52], "camera_position": [246, 348], "world_position": [0.4805982863886906, 0.7350443959294664, -0.17409836269069634], "world_orientation": [6.013775324398669e-05, 0.09768038766759082, 0.9952178345711857, -0.0007666228062083665, -0.9952175394174131, 0.09768040502282488, 0.9999997043364183, -0.00076883096922193, 1.5033866096075697e-05], "world_rotation": [0.0, 1.0, 0.0, 0.0]}, {"color": "CVRed", "id_name": "object137817418772238", "shape": "CVSphere", "id_string": "ob393", "world_size": [0.11, 0.11, 0.11], "id": 393, "camera_size": [45, 45], "camera_position": [256, 254], "world_position": [0.705, 0.6547388572526824, -0.15], "world_orientation": [1.0, -3.838362879530641e-17, 1.4813540171849057e-17, 3.838362879530641e-17, 1.0, 5.294293626938881e-18, -1.4813540171849057e-17, -5.294293626938881e-18, 1.0], "world_rotation": [-0.1276280613210114, 0.35710588544125776, 0.925303444577321, 4.1482206750932463e-17]}], "source": "action wait"}
{"timestamp": 1709222476.497087, "objects": [{"color": "cv_", "id_name": "hand", "shape": "CVCylinder", "id_string": "ob382", "world_size": [0.12, 0.005, 0.12], "id": 382, "camera_size": [51, 51], "camera_position": [246, 338], "world_position": [0.5043586519177332, 0.7175424225056065, -0.17409678552366645], "world_orientation": [3.3739026087691215e-05, 0.06843955201649769, 0.9976552643982084, -0.0007644132993455753, -0.9976549717220983, 0.06843955778997377, 0.9999997072669501, -0.0007649300362941605, 1.8656196645605726e-05], "world_rotation": [0.0, 1.0, 0.0, 0.0]}, {"color": "CVRed", "id_name": "object137817418772238", "shape": "CVSphere", "id_string": "ob393", "world_size": [0.11, 0.11, 0.11], "id": 393, "camera_size": [45, 45], "camera_position": [256, 254], "world_position": [0.705, 0.6547388572526824, -0.15], "world_orientation": [1.0, -3.838362879530641e-17, 1.4813540171849057e-17, 3.838362879530641e-17, 1.0, 5.294293626938881e-18, -1.4813540171849057e-17, -5.294293626938881e-18, 1.0], "world_rotation": [-0.1276280613210114, 0.35710588544125776, 0.925303444577321, 4.1482206750932463e-17]}], "source": "action wait"}
{"timestamp": 1709222476.530519, "objects": [{"color": "cv_", "id_name": "hand", "shape": "CVCylinder", "id_string": "ob382", "world_size": [0.12, 0.005, 0.12], "id": 382, "camera_size": [49, 50], "camera_position": [246, 330], "world_position": [0.5206663210354219, 0.7045068418412173, -0.1740967795675542], "world_orientation": [1.753920693588808e-05, 0.0477871480131747, 0.9988575414828399, -0.0007626881770502088, -0.9988572504828401, 0.04778714748345556, 0.9999997089995182, -0.0007626549861153279, 1.8927528789347403e-05], "world_rotation": [0.0, 1.0, 0.0, 0.0]}, {"color": "CVRed", "id_name": "object137817418772238", "shape": "CVSphere", "id_string": "ob393", "world_size": [0.11, 0.11, 0.11], "id": 393, "camera_size": [45, 45], "camera_position": [256, 254], "world_position": [0.705, 0.6547388572526824, -0.15], "world_orientation": [1.0, -3.838362879530641e-17, 1.4813540171849057e-17, 3.838362879530641e-17, 1.0, 5.294293626938881e-18, -1.4813540171849057e-17, -5.294293626938881e-18, 1.0], "world_rotation": [-0.1276280613210114, 0.35710588544125776, 0.925303444577321, 4.1482206750932463e-17]}], "source": "action wait"}
{"timestamp": 1709222476.565393, "objects": [{"color": "cv_", "id_name": "hand", "shape": "CVCylinder", "id_string": "ob382", "world_size": [0.12, 0.005, 0.12], "id": 382, "camera_size": [49, 49], "camera_position": [246, 325], "world_position": [0.531929882927863, 0.6949938094140664, -0.1740975333767274], "world_orientation": [7.72204398156979e-06, 0.03321382692464526, 0.9994482686169354, -0.0007616757960901484, -0.9994479785363727, 0.03321382316958221, 0.9999997098951339, -0.0007615120342534, 1.7580386816856687e-05], "world_rotation": [0.0, 1.0, 0.0, 0.0]}, {"color": "CVRed", "id_name": "object137817418772238", "shape": "CVSphere", "id_string": "ob393", "world_size": [0.11, 0.11, 0.11], "id": 393, "camera_size": [45, 45], "camera_position": [256, 254], "world_position": [0.705, 0.6547388572526824, -0.15], "world_orientation": [1.0, -3.838362879530641e-17, 1.4813540171849057e-17, 3.838362879530641e-17, 1.0, 5.294293626938881e-18, -1.4813540171849057e-17, -5.294293626938881e-18, 1.0], "world_rotation": [-0.1276280613210114, 0.35710588544125776, 0.925303444577321, 4.1482206750932463e-17]}], "source": "action wait"}
{"timestamp": 1709222476.599669, "objects": [{"color": "cv_", "id_name": "hand", "shape": "CVCylinder", "id_string": "ob382", "world_size": [0.12, 0.005, 0.12], "id": 382, "camera_size": [49, 50], "camera_position": [246, 321], "world_position": [0.539750520377979, 0.6881398518050423, -0.17409858389447874], "world_orientation": [1.866303716122811e-06, 0.02293466447465445, 0.9997369659875301, -0.0007612402857560932, -0.9997366762894718, 0.02293465924985843, 0.9999997102548301, -0.0007610828567094207, 1.5592978264675364e-05], "world_rotation": [0.0, 1.0, 0.0, 0.0]}, {"color": "CVRed", "id_name": "object137817418772238", "shape": "CVSphere", "id_string": "ob393", "world_size": [0.11, 0.11, 0.11], "id": 393, "camera_size": [45, 45], "camera_position": [256, 254], "world_position": [0.705, 0.6547388572526824, -0.15], "world_orientation": [1.0, -3.838362879530641e-17, 1.4813540171849057e-17, 3.838362879530641e-17, 1.0, 5.294293626938881e-18, -1.4813540171849057e-17, -5.294293626938881e-18, 1.0], "world_rotation": [-0.1276280613210114, 0.35710588544125776, 0.925303444577321, 4.1482206750932463e-17]}], "source": "action wait"}
{"timestamp": 1709222476.639365, "objects": [{"color": "cv_", "id_name": "hand", "shape": "CVCylinder", "id_string": "ob382", "world_size": [0.12, 0.005, 0.12], "id": 382, "camera_size": [49, 49], "camera_position": [246, 319], "world_position": [0.5452031276361287, 0.6832424082006988, -0.17409968025514802], "world_orientation": [-1.5241340998809482e-06, 0.01568581160881624, 0.9998769700877453, -0.0007611809867996178, -0.9998766804444568, 0.015685805904682878, 0.9999997103005492, -0.0007610634314983086, 1.3463687703862455e-05], "world_rotation": [0.0, 1.0, 0.0, 0.0]}, {"color": "CVRed", "id_name": "object137817418772238", "shape": "CVSphere", "id_string": "ob393", "world_size": [0.11, 0.11, 0.11], "id": 393, "camera_size": [45, 45], "camera_position": [256, 254], "world_position": [0.705, 0.6547388572526824, -0.15], "world_orientation": [1.0, -3.838362879530641e-17, 1.4813540171849057e-17, 3.838362879530641e-17, 1.0, 5.294293626938881e-18, -1.4813540171849057e-17, -5.294293626938881e-18, 1.0], "world_rotation": [-0.1276280613210114, 0.35710588544125776, 0.925303444577321, 4.1482206750932463e-17]}], "source": "action wait"}
{"timestamp": 1709222476.673871, "objects": [{"color": "cv_", "id_name": "hand", "shape": "CVCylinder", "id_string": "ob382", "world_size": [0.12, 0.005, 0.12], "id": 382, "camera_size": [49, 49], "camera_position": [246, 317], "world_position": [0.5490166970682047, 0.6797619119888226, -0.174100697591688], "world_orientation": [-3.4236684579380748e-06, 0.010574373820605125, 0.9999440897403118, -0.000761331359924809, -0.9999437999771764, 0.010574368149678586, 0.9999997101813776, -0.0007612525905604364, 1.1474078449255635e-05], "world_rotation": [0.0, 1.0, 0.0, 0.0]}, {"color": "CVRed", "id_name": "object137817418772238", "shape": "CVSphere", "id_string": "ob393", "world_size": [0.11, 0.11, 0.11], "id": 393, "camera_size": [45, 45], "camera_position": [256, 254], "world_position": [0.705, 0.6547388572526824, -0.15], "world_orientation": [1.0, -3.838362879530641e-17, 1.4813540171849057e-17, 3.838362879530641e-17, 1.0, 5.294293626938881e-18, -1.4813540171849057e-17, -5.294293626938881e-18, 1.0], "world_rotation": [-0.1276280613210114, 0.35710588544125776, 0.925303444577321, 4.1482206750932463e-17]}], "source": "action wait"}
{"timestamp": 1709222476.706617, "objects": [{"color": "cv_", "id_name": "hand", "shape": "CVCylinder", "id_string": "ob382", "world_size": [0.12, 0.005, 0.12], "id": 382, "camera_size": [49, 49], "camera_position": [246, 316], "world_position": [0.5516901642105706, 0.6772972396830802, -0.17410158331334896], "world_orientation": [-4.414771093913603e-06, 0.006970218294659895, 0.9999757077236601, -0.0007615759850334832, -0.9999754177648522, 0.006970212911269642, 0.9999997099912223, -0.0007615267127250895, 9.723013432993138e-06], "world_rotation": [0.0, 1.0, 0.0, 0.0]}, {"color": "CVRed", "id_name": "object137817418772238", "shape": "CVSphere", "id_string": "ob393", "world_size": [0.11, 0.11, 0.11], "id": 393, "camera_size": [45, 45], "camera_position": [256, 254], "world_position": [0.705, 0.6547388572526824, -0.15], "world_orientation": [1.0, -3.838362879530641e-17, 1.4813540171849057e-17, 3.838362879530641e-17, 1.0, 5.294293626938881e-18, -1.4813540171849057e-17, -5.294293626938881e-18, 1.0], "world_rotation": [-0.1276280613210114, 0.35710588544125776, 0.925303444577321, 4.1482206750932463e-17]}], "source": "action wait"}
{"timestamp": 1709222476.738887, "objects": [{"color": "cv_", "id_name": "hand", "shape": "CVCylinder", "id_string": "ob382", "world_size": [0.12, 0.005, 0.12], "id": 382, "camera_size": [49, 49], "camera_position": [246, 315], "world_position": [0.5535675909777904, 0.6755560135709003, -0.17410232439207415], "world_orientation": [-4.880694128872473e-06, 0.004428880753982777, 0.9999901924476289, -0.000761844621393162, -0.9999899022751979, 0.004428875750464364, 0.9999997097844339, -0.0007618155335746037, 8.254763826546235e-06], "world_rotation": [0.0, 1.0, 0.0, 0.0]}, {"color": "CVRed", "id_name": "object137817418772238", "shape": "CVSphere", "id_string": "ob393", "world_size": [0.11, 0.11, 0.11], "id": 393, "camera_size": [45, 45], "camera_position": [256, 254], "world_position": [0.705, 0.6547388572526824, -0.15], "world_orientation": [1.0, -3.838362879530641e-17, 1.4813540171849057e-17, 3.838362879530641e-17, 1.0, 5.294293626938881e-18, -1.4813540171849057e-17, -5.294293626938881e-18, 1.0], "world_rotation": [-0.1276280613210114, 0.35710588544125776, 0.925303444577321, 4.1482206750932463e-17]}], "source": "action wait"}
{"timestamp": 1709222476.763954, "objects": [{"color": "cv_", "id_name": "hand", "shape": "CVCylinder", "id_string": "ob382", "world_size": [0.12, 0.005, 0.12], "id": 382, "camera_size": [49, 49], "camera_position": [246, 315], "world_position": [0.5548876474692858, 0.6743277650381708, -0.1741029279313643], "world_orientation": [-5.044529131611052e-06, 0.002636934417264026, 0.9999965232696721, -0.0007620989367733224, -0.999996232896106, 0.002636929807122107, 0.9999997095898394, -0.0007620829850919469, 7.054115044449273e-06], "world_rotation": [0.0, 1.0, 0.0, 0.0]}, {"color": "CVRed", "id_name": "object137817418772238", "shape": "CVSphere", "id_string": "ob393", "world_size": [0.11, 0.11, 0.11], "id": 393, "camera_size": [45, 45], "camera_position": [256, 254], "world_position": [0.705, 0.6547388572526824, -0.15], "world_orientation": [1.0, -3.838362879530641e-17, 1.4813540171849057e-17, 3.838362879530641e-17, 1.0, 5.294293626938881e-18, -1.4813540171849057e-17, -5.294293626938881e-18, 1.0], "world_rotation": [-0.1276280613210114, 0.35710588544125776, 0.925303444577321, 4.1482206750932463e-17]}], "source": "action wait"}
{"timestamp": 1709222476.799502, "objects": [{"color": "cv_", "id_name": "hand", "shape": "CVCylinder", "id_string": "ob382", "world_size": [0.12, 0.005, 0.12], "id": 382, "camera_size": [49, 48], "camera_position": [246, 314], "world_position": [0.555816642084858, 0.6734622109371441, -0.17410340999720025], "world_orientation": [-5.045288070161346e-06, 0.00137338049463289, 0.9999990568998365, -0.0007623213121653443, -0.9999987663511862, 0.0013733762494647914, 0.9999997094203389, -0.0007623136641415235, 6.092239067183616e-06], "world_rotation": [0.0, 1.0, 0.0, 0.0]}, {"color": "CVRed", "id_name": "object137817418772238", "shape": "CVSphere", "id_string": "ob393", "world_size": [0.11, 0.11, 0.11], "id": 393, "camera_size": [45, 45], "camera_position": [256, 254], "world_position": [0.705, 0.6547388572526824, -0.15], "world_orientation": [1.0, -3.838362879530641e-17, 1.4813540171849057e-17, 3.838362879530641e-17, 1.0, 5.294293626938881e-18, -1.4813540171849057e-17, -5.294293626938881e-18, 1.0], "world_rotation": [-0.1276280613210114, 0.35710588544125776, 0.925303444577321, 4.1482206750932463e-17]}], "source": "action wait"}
