{"timestamp": 1706067207.212155, "objects": [{"color": "cv_", "id_name": "hand", "shape": "CVCylinder", "id_string": "ob383", "world_size": [0.12, 0.005, 0.12], "id": 383, "camera_size": [48, 50], "camera_position": [246, 426], "world_position": [0.267644515540139, 0.6334703013847368, -0.17389260400847467], "world_orientation": [-0.0006415490534481852, 0.19791547486640837, 0.9802188802625749, -0.0007473671015637268, -0.9802189031249686, 0.19791499033397972, 0.9999995149284961, -0.0006056111687281936, 0.0007767740242777878], "world_rotation": [0.0, 1.0, 0.0, 0.0]}, {"color": "CVGreen", "id_name": "object248774570847099", "shape": "CVCone", "id_string": "ob450", "world_size": [0.1, 0.1, 0.1], "id": 450, "camera_size": [41, 41], "camera_position": [256, 254], "world_position": [0.705, 0.6498037932383656, -0.15], "world_orientation": [1.0, 2.1316282072802963e-17, -9.624447840080312e-18, -2.1316282072802963e-17, 1.0, -1.5774048733874193e-16, 9.624447840080312e-18, 1.5774048733874193e-16, 1.0], "world_rotation": [-0.9891858493133231, 0.06035462278252622, 0.13367376342071935, -1.5946496550495827e-16]}], "source": "manual check"}
{"timestamp": 1706067208.225434, "objects": [{"color": "cv_", "id_name": "hand", "shape": "CVCylinder", "id_string": "ob383", "world_size": [0.12, 0.005, 0.12], "id": 383, "camera_size": [48, 50], "camera_position": [246, 426], "world_position": [0.267644515540139, 0.6334703013847368, -0.17389260400847467], "world_orientation": [-0.0006415490534481852, 0.19791547486640837, 0.9802188802625749, -0.0007473671015637268, -0.9802189031249686, 0.19791499033397972, 0.9999995149284961, -0.0006056111687281936, 0.0007767740242777878], "world_rotation": [0.0, 1.0, 0.0, 0.0]}, {"color": "CVGreen", "id_name": "object248774570847099", "shape": "CVCone", "id_string": "ob450", "world_size": [0.1, 0.1, 0.1], "id": 450, "camera_size": [41, 41], "camera_position": [256, 254], "world_position": [0.705, 0.6498037994254439, -0.15], "world_orientation": [1.0, 8.100187187665134e-17, -1.2653630886983698e-17, -8.100187187665134e-17, 1.0, -1.9397816686250694e-16, 1.2653630886983698e-17, 1.9397816686250694e-16, 1.0], "world_rotation": [-0.9211093596285536, 0.06008602943210125, 0.38463907325148433, -2.1059189642881336e-16]}], "source": "manual check"}
{"timestamp": 1706067210.034377, "objects": [{"color": "cv_", "id_name": "hand", "shape": "CVCylinder", "id_string": "ob383", "world_size": [0.12, 0.005, 0.12], "id": 383, "camera_size": [48, 50], "camera_position": [246, 426], "world_position": [0.267644515540139, 0.6334703013847368, -0.17389260400847467], "world_orientation": [-0.0006415490534481852, 0.19791547486640837, 0.9802188802625749, -0.0007473671015637268, -0.9802189031249686, 0.19791499033397972, 0.9999995149284961, -0.0006056111687281936, 0.0007767740242777878], "world_rotation": [0.0, 1.0, 0.0, 0.0]}, {"color": "CVGreen", "id_name": "object248774570847099", "shape": "CVCone", "id_string": "ob450", "world_size": [0.1, 0.1, 0.1], "id": 450, "camera_size": [41, 41], "camera_position": [256, 254], "world_position": [0.705, 0.6498037994254439, -0.15], "world_orientation": [1.0, 8.100187187665134e-17, -1.2653630886983698e-17, -8.100187187665134e-17, 1.0, -1.9397816686250694e-16, 1.2653630886983698e-17, 1.9397816686250694e-16, 1.0], "world_rotation": [-0.9211093596285536, 0.06008602943210125, 0.38463907325148433, -2.1059189642881336e-16]}], "source": "action wait"}
{"timestamp": 1706067210.062782, "objects": [{"color": "cv_", "id_name": "hand", "shape": "CVCylinder", "id_string": "ob383", "world_size": [0.12, 0.005, 0.12], "id": 383, "camera_size": [48, 50], "camera_position": [246, 444], "world_position": [0.22512724358976186, 0.6422788434014897, -0.17397258142864683], "world_orientation": [-0.0005240272149164904, 0.08819722268316618, 0.9961028939353876, -0.0007623394289932076, -0.9961027764877745, 0.08819681123454655, 0.999999572116945, -0.0007131509820257491, 0.0005892211841129383], "world_rotation": [0.0, 1.0, 0.0, 0.0]}, {"color": "CVGreen", "id_name": "object248774570847099", "shape": "CVCone", "id_string": "ob450", "world_size": [0.1, 0.1, 0.1], "id": 450, "camera_size": [41, 41], "camera_position": [256, 254], "world_position": [0.705, 0.6498037994254439, -0.15], "world_orientation": [1.0, 8.100187187665134e-17, -1.2653630886983698e-17, -8.100187187665134e-17, 1.0, -1.9397816686250694e-16, 1.2653630886983698e-17, 1.9397816686250694e-16, 1.0], "world_rotation": [-0.9211093596285536, 0.06008602943210125, 0.38463907325148433, -2.1059189642881336e-16]}], "source": "action wait"}
{"timestamp": 1706067210.100596, "objects": [{"color": "cv_", "id_name": "hand", "shape": "CVCylinder", "id_string": "ob383", "world_size": [0.12, 0.005, 0.12], "id": 383, "camera_size": [48, 49], "camera_position": [246, 471], "world_position": [0.16390873073232773, 0.6585635112124352, -0.17403857041281828], "world_orientation": [-0.0003790074396937901, 0.06114464676209843, 0.998128843649806, -0.0007690022721900074, -0.9981286380307275, 0.06114434216205628, 0.9999996324943655, -0.0007443891881308184, 0.0004253185518777706], "world_rotation": [0.0, 1.0, 0.0, 0.0]}, {"color": "CVGreen", "id_name": "object248774570847099", "shape": "CVCone", "id_string": "ob450", "world_size": [0.1, 0.1, 0.1], "id": 450, "camera_size": [41, 41], "camera_position": [256, 254], "world_position": [0.705, 0.6498037994254439, -0.15], "world_orientation": [1.0, 8.100187187665134e-17, -1.2653630886983698e-17, -8.100187187665134e-17, 1.0, -1.9397816686250694e-16, 1.2653630886983698e-17, 1.9397816686250694e-16, 1.0], "world_rotation": [-0.9211093596285536, 0.06008602943210125, 0.38463907325148433, -2.1059189642881336e-16]}], "source": "action wait"}
{"timestamp": 1706067210.140078, "objects": [{"color": "cv_", "id_name": "hand", "shape": "CVCylinder", "id_string": "ob383", "world_size": [0.12, 0.005, 0.12], "id": 383, "camera_size": [48, 46], "camera_position": [246, 488], "world_position": [0.1177943605124922, 0.6656957116092979, -0.17407775804808062], "world_orientation": [-0.0002578285446096413, 0.04280110627768855, 0.9990835794996571, -0.0007698661741766998, -0.9990833251272612, 0.04280089670473688, 0.9999996704152034, -0.0007581253601271298, 0.0002905433236022362], "world_rotation": [0.0, 1.0, 0.0, 0.0]}, {"color": "CVGreen", "id_name": "object248774570847099", "shape": "CVCone", "id_string": "ob450", "world_size": [0.1, 0.1, 0.1], "id": 450, "camera_size": [41, 41], "camera_position": [256, 254], "world_position": [0.705, 0.6498037994254439, -0.15], "world_orientation": [1.0, 8.100187187665134e-17, -1.2653630886983698e-17, -8.100187187665134e-17, 1.0, -1.9397816686250694e-16, 1.2653630886983698e-17, 1.9397816686250694e-16, 1.0], "world_rotation": [-0.9211093596285536, 0.06008602943210125, 0.38463907325148433, -2.1059189642881336e-16]}], "source": "action wait"}
{"timestamp": 1706067210.173815, "objects": [{"color": "cv_", "id_name": "hand", "shape": "CVCylinder", "id_string": "ob383", "world_size": [0.12, 0.005, 0.12], "id": 383, "camera_size": [49, 34], "camera_position": [246, 494], "world_position": [0.08440722968043858, 0.6684077430960853, -0.17409651712927043], "world_orientation": [-0.00017520175574027683, 0.029819743927231433, 0.9995552771990447, -0.0007680832488017594, -0.9995550017080632, 0.029819601079099815, 0.9999996896761858, -0.000762517218203804, 0.00019802783705266745], "world_rotation": [0.0, 1.0, 0.0, 0.0]}, {"color": "CVGreen", "id_name": "object248774570847099", "shape": "CVCone", "id_string": "ob450", "world_size": [0.1, 0.1, 0.1], "id": 450, "camera_size": [41, 41], "camera_position": [256, 254], "world_position": [0.705, 0.6498037994254439, -0.15], "world_orientation": [1.0, 8.100187187665134e-17, -1.2653630886983698e-17, -8.100187187665134e-17, 1.0, -1.9397816686250694e-16, 1.2653630886983698e-17, 1.9397816686250694e-16, 1.0], "world_rotation": [-0.9211093596285536, 0.06008602943210125, 0.38463907325148433, -2.1059189642881336e-16]}], "source": "action wait"}
{"timestamp": 1706067210.20694, "objects": [{"color": "cv_", "id_name": "hand", "shape": "CVCylinder", "id_string": "ob383", "world_size": [0.12, 0.005, 0.12], "id": 383, "camera_size": [49, 26], "camera_position": [246, 498], "world_position": [0.06052474791667589, 0.6691591031057288, -0.17410506762145544], "world_orientation": [-0.00011925173182647827, 0.0206370875348549, 0.999787025519487, -0.0007660141856001425, -0.9997867411871968, 0.02063699029783748, 0.999999699500601, -0.0007633900472945556, 0.0001350346021452665], "world_rotation": [0.0, 1.0, 0.0, 0.0]}, {"color": "CVGreen", "id_name": "object248774570847099", "shape": "CVCone", "id_string": "ob450", "world_size": [0.1, 0.1, 0.1], "id": 450, "camera_size": [41, 41], "camera_position": [256, 254], "world_position": [0.705, 0.6498037994254439, -0.15], "world_orientation": [1.0, 8.100187187665134e-17, -1.2653630886983698e-17, -8.100187187665134e-17, 1.0, -1.9397816686250694e-16, 1.2653630886983698e-17, 1.9397816686250694e-16, 1.0], "world_rotation": [-0.9211093596285536, 0.06008602943210125, 0.38463907325148433, -2.1059189642881336e-16]}], "source": "action wait"}
{"timestamp": 1706067210.24086, "objects": [{"color": "cv_", "id_name": "hand", "shape": "CVCylinder", "id_string": "ob383", "world_size": [0.12, 0.005, 0.12], "id": 383, "camera_size": [49, 20], "camera_position": [246, 501], "world_position": [0.04355283997870629, 0.6691189117431077, -0.17410866762958144], "world_orientation": [-8.148686756988323e-05, 0.014143367572386238, 0.9998999742542265, -0.0007644082175943702, -0.9998996863241452, 0.014143301204215928, 0.99999970451994, -0.0007631792637804638, 9.228999971982257e-05], "world_rotation": [0.0, 1.0, 0.0, 0.0]}, {"color": "CVGreen", "id_name": "object248774570847099", "shape": "CVCone", "id_string": "ob450", "world_size": [0.1, 0.1, 0.1], "id": 450, "camera_size": [41, 41], "camera_position": [256, 254], "world_position": [0.705, 0.6498037994254439, -0.15], "world_orientation": [1.0, 8.100187187665134e-17, -1.2653630886983698e-17, -8.100187187665134e-17, 1.0, -1.9397816686250694e-16, 1.2653630886983698e-17, 1.9397816686250694e-16, 1.0], "world_rotation": [-0.9211093596285536, 0.06008602943210125, 0.38463907325148433, -2.1059189642881336e-16]}], "source": "action wait"}
{"timestamp": 1706067210.266754, "objects": [{"color": "cv_", "id_name": "hand", "shape": "CVCylinder", "id_string": "ob383", "world_size": [0.12, 0.005, 0.12], "id": 383, "camera_size": [49, 16], "camera_position": [246, 503], "world_position": [0.031536028533877096, 0.6688157987550938, -0.1741099445774262], "world_orientation": [-5.605224238652269e-05, 0.009552049717490059, 0.9999543765614213, -0.0007633702596665183, -0.9999540871871683, 0.00955200416268015, 0.9999997070619536, -0.0007628000208381364, 6.334141954396478e-05], "world_rotation": [0.0, 1.0, 0.0, 0.0]}, {"color": "CVGreen", "id_name": "object248774570847099", "shape": "CVCone", "id_string": "ob450", "world_size": [0.1, 0.1, 0.1], "id": 450, "camera_size": [41, 41], "camera_position": [256, 254], "world_position": [0.705, 0.6498037994254439, -0.15], "world_orientation": [1.0, 8.100187187665134e-17, -1.2653630886983698e-17, -8.100187187665134e-17, 1.0, -1.9397816686250694e-16, 1.2653630886983698e-17, 1.9397816686250694e-16, 1.0], "world_rotation": [-0.9211093596285536, 0.06008602943210125, 0.38463907325148433, -2.1059189642881336e-16]}], "source": "action wait"}
{"timestamp": 1706067210.298158, "objects": [{"color": "cv_", "id_name": "hand", "shape": "CVCylinder", "id_string": "ob383", "world_size": [0.12, 0.005, 0.12], "id": 383, "camera_size": [49, 13], "camera_position": [246, 505], "world_position": [0.023045381948179306, 0.6684722115627391, -0.17411018560690528], "world_orientation": [-3.8954276769221785e-05, 0.006306245743701708, 0.9999801146758791, -0.0007627915436562146, -0.9999798247022383, 0.006306214200436917, 0.9999997083157701, -0.000762530721286168, 4.376384178096911e-05], "world_rotation": [0.0, 1.0, 0.0, 0.0]}, {"color": "CVGreen", "id_name": "object248774570847099", "shape": "CVCone", "id_string": "ob450", "world_size": [0.1, 0.1, 0.1], "id": 450, "camera_size": [41, 41], "camera_position": [256, 254], "world_position": [0.705, 0.6498037994254439, -0.15], "world_orientation": [1.0, 8.100187187665134e-17, -1.2653630886983698e-17, -8.100187187665134e-17, 1.0, -1.9397816686250694e-16, 1.2653630886983698e-17, 1.9397816686250694e-16, 1.0], "world_rotation": [-0.9211093596285536, 0.06008602943210125, 0.38463907325148433, -2.1059189642881336e-16]}], "source": "action wait"}
{"timestamp": 1706067210.332034, "objects": [{"color": "cv_", "id_name": "hand", "shape": "CVCylinder", "id_string": "ob383", "world_size": [0.12, 0.005, 0.12], "id": 383, "camera_size": [48, 11], "camera_position": [246, 506], "world_position": [0.017053407388651572, 0.6681700907361077, -0.17411000712958277], "world_orientation": [-2.7453210850105865e-05, 0.004011887261547267, 0.9999919519710757, -0.000762526084394971, -0.9999916617111785, 0.0040118651630905765, 0.9999997089001037, -0.0007624098089831321, 3.0512150622252093e-05], "world_rotation": [0.0, 1.0, 0.0, 0.0]}, {"color": "CVGreen", "id_name": "object248774570847099", "shape": "CVCone", "id_string": "ob450", "world_size": [0.1, 0.1, 0.1], "id": 450, "camera_size": [41, 41], "camera_position": [256, 254], "world_position": [0.705, 0.6498037994254439, -0.15], "world_orientation": [1.0, 8.100187187665134e-17, -1.2653630886983698e-17, -8.100187187665134e-17, 1.0, -1.9397816686250694e-16, 1.2653630886983698e-17, 1.9397816686250694e-16, 1.0], "world_rotation": [-0.9211093596285536, 0.06008602943210125, 0.38463907325148433, -2.1059189642881336e-16]}], "source": "action wait"}
{"timestamp": 1706067210.361331, "objects": [{"color": "cv_", "id_name": "hand", "shape": "CVCylinder", "id_string": "ob383", "world_size": [0.12, 0.005, 0.12], "id": 383, "camera_size": [48, 9], "camera_position": [246, 507], "world_position": [0.012827707794812074, 0.6679304369049474, -0.17410969456915174], "world_orientation": [-1.9734928804459296e-05, 0.002390217866041122, 0.9999971432304622, -0.0007624515144807408, -0.9999968527957928, 0.0023902021248680405, 0.9999997091390681, -0.0007624021658640807, 2.1557291926875462e-05], "world_rotation": [0.0, 1.0, 0.0, 0.0]}, {"color": "CVGreen", "id_name": "object248774570847099", "shape": "CVCone", "id_string": "ob450", "world_size": [0.1, 0.1, 0.1], "id": 450, "camera_size": [41, 41], "camera_position": [256, 254], "world_position": [0.705, 0.6498037994254439, -0.15], "world_orientation": [1.0, 8.100187187665134e-17, -1.2653630886983698e-17, -8.100187187665134e-17, 1.0, -1.9397816686250694e-16, 1.2653630886983698e-17, 1.9397816686250694e-16, 1.0], "world_rotation": [-0.9211093596285536, 0.06008602943210125, 0.38463907325148433, -2.1059189642881336e-16]}], "source": "action wait"}
{"timestamp": 1706067210.398194, "objects": [{"color": "cv_", "id_name": "hand", "shape": "CVCylinder", "id_string": "ob383", "world_size": [0.12, 0.005, 0.12], "id": 383, "camera_size": [48, 8], "camera_position": [246, 507], "world_position": [0.009848795076974136, 0.6677502559446364, -0.1741093725074452], "world_orientation": [-1.4546391392085008e-05, 0.0012440959275549783, 0.9999992260065632, -0.0007624809215701981, -0.9999989354377654, 0.001244084474705037, 0.9999997092055812, -0.000762462234475653, 1.5494975316274494e-05], "world_rotation": [0.0, 1.0, 0.0, 0.0]}, {"color": "CVGreen", "id_name": "object248774570847099", "shape": "CVCone", "id_string": "ob450", "world_size": [0.1, 0.1, 0.1], "id": 450, "camera_size": [41, 41], "camera_position": [256, 254], "world_position": [0.705, 0.6498037994254439, -0.15], "world_orientation": [1.0, 8.100187187665134e-17, -1.2653630886983698e-17, -8.100187187665134e-17, 1.0, -1.9397816686250694e-16, 1.2653630886983698e-17, 1.9397816686250694e-16, 1.0], "world_rotation": [-0.9211093596285536, 0.06008602943210125, 0.38463907325148433, -2.1059189642881336e-16]}], "source": "action wait"}
{"timestamp": 1706067210.43755, "objects": [{"color": "cv_", "id_name": "hand", "shape": "CVCylinder", "id_string": "ob383", "world_size": [0.12, 0.005, 0.12], "id": 383, "camera_size": [48, 8], "camera_position": [246, 507], "world_position": [0.007749243815276483, 0.667618953352695, -0.17410908909664866], "world_orientation": [-1.1069028172510894e-05, 0.0004341224995029433, 0.9999999057075617, -0.0007625587299925503, -0.9999996150245644, 0.0004341139325264226, 0.9999997091907877, -0.0007625538528700283, 1.1400067813453728e-05], "world_rotation": [0.0, 1.0, 0.0, 0.0]}, {"color": "CVGreen", "id_name": "object248774570847099", "shape": "CVCone", "id_string": "ob450", "world_size": [0.1, 0.1, 0.1], "id": 450, "camera_size": [41, 41], "camera_position": [256, 254], "world_position": [0.705, 0.6498037994254439, -0.15], "world_orientation": [1.0, 8.100187187665134e-17, -1.2653630886983698e-17, -8.100187187665134e-17, 1.0, -1.9397816686250694e-16, 1.2653630886983698e-17, 1.9397816686250694e-16, 1.0], "world_rotation": [-0.9211093596285536, 0.06008602943210125, 0.38463907325148433, -2.1059189642881336e-16]}], "source": "action wait"}
{"timestamp": 1706067210.470427, "objects": [{"color": "cv_", "id_name": "hand", "shape": "CVCylinder", "id_string": "ob383", "world_size": [0.12, 0.005, 0.12], "id": 383, "camera_size": [48, 7], "camera_position": [246, 508], "world_position": [0.006269613834576777, 0.6675250949640746, -0.1741088575102465], "world_orientation": [-8.73660014742107e-06, -0.00013825863976202302, 0.9999999904041103, -0.0007626521683512497, -0.9999996996221486, -0.00013826526254573251, 0.9999997091426288, -0.0007626533690016363, 8.631154272095847e-06], "world_rotation": [0.0, 1.0, 0.0, 0.0]}, {"color": "CVGreen", "id_name": "object248774570847099", "shape": "CVCone", "id_string": "ob450", "world_size": [0.1, 0.1, 0.1], "id": 450, "camera_size": [41, 41], "camera_position": [256, 254], "world_position": [0.705, 0.6498037994254439, -0.15], "world_orientation": [1.0, 8.100187187665134e-17, -1.2653630886983698e-17, -8.100187187665134e-17, 1.0, -1.9397816686250694e-16, 1.2653630886983698e-17, 1.9397816686250694e-16, 1.0], "world_rotation": [-0.9211093596285536, 0.06008602943210125, 0.38463907325148433, -2.1059189642881336e-16]}], "source": "action wait"}
{"timestamp": 1706067210.502358, "objects": [{"color": "cv_", "id_name": "hand", "shape": "CVCylinder", "id_string": "ob383", "world_size": [0.12, 0.005, 0.12], "id": 383, "camera_size": [48, 7], "camera_position": [246, 508], "world_position": [0.005226894289805194, 0.6674588160248417, -0.17410867600881602], "world_orientation": [-7.173079068914183e-06, -0.0005427200484147421, 0.9999998527017373, -0.0007627436298448877, -0.9999995618355726, -0.0005427253617765899, 0.9999997090853089, -0.000762747410506408, 6.759119666572363e-06], "world_rotation": [0.0, 1.0, 0.0, 0.0]}, {"color": "CVGreen", "id_name": "object248774570847099", "shape": "CVCone", "id_string": "ob450", "world_size": [0.1, 0.1, 0.1], "id": 450, "camera_size": [41, 41], "camera_position": [256, 254], "world_position": [0.705, 0.6498037994254439, -0.15], "world_orientation": [1.0, 8.100187187665134e-17, -1.2653630886983698e-17, -8.100187187665134e-17, 1.0, -1.9397816686250694e-16, 1.2653630886983698e-17, 1.9397816686250694e-16, 1.0], "world_rotation": [-0.9211093596285536, 0.06008602943210125, 0.38463907325148433, -2.1059189642881336e-16]}], "source": "action wait"}
{"timestamp": 1706067210.53241, "objects": [{"color": "cv_", "id_name": "hand", "shape": "CVCylinder", "id_string": "ob383", "world_size": [0.12, 0.005, 0.12], "id": 383, "camera_size": [48, 7], "camera_position": [246, 508], "world_position": [0.004492062492002973, 0.667412374153233, -0.17410853741947913], "world_orientation": [-6.1258504400012094e-06, -0.0008285109329937589, 0.999999656765995, -0.0007628248509834934, -0.9999993658300674, -0.0008285153649021819, 0.999999709030318, -0.0007628296645176766, 5.493837826535594e-06], "world_rotation": [0.0, 1.0, 0.0, 0.0]}, {"color": "CVGreen", "id_name": "object248774570847099", "shape": "CVCone", "id_string": "ob450", "world_size": [0.1, 0.1, 0.1], "id": 450, "camera_size": [41, 41], "camera_position": [256, 254], "world_position": [0.705, 0.6498037994254439, -0.15], "world_orientation": [1.0, 8.100187187665134e-17, -1.2653630886983698e-17, -8.100187187665134e-17, 1.0, -1.9397816686250694e-16, 1.2653630886983698e-17, 1.9397816686250694e-16, 1.0], "world_rotation": [-0.9211093596285536, 0.06008602943210125, 0.38463907325148433, -2.1059189642881336e-16]}], "source": "action wait"}
{"timestamp": 1706067210.561457, "objects": [{"color": "CVGreen", "id_name": "object248774570847099", "shape": "CVCone", "id_string": "ob450", "world_size": [0.1, 0.1, 0.1], "id": 450, "camera_size": [41, 41], "camera_position": [256, 254], "world_position": [0.705, 0.6498037994254439, -0.15], "world_orientation": [1.0, 8.100187187665134e-17, -1.2653630886983698e-17, -8.100187187665134e-17, 1.0, -1.9397816686250694e-16, 1.2653630886983698e-17, 1.9397816686250694e-16, 1.0], "world_rotation": [-0.9211093596285536, 0.06008602943210125, 0.38463907325148433, -2.1059189642881336e-16]}], "source": "action wait"}
{"timestamp": 1706067212.603382, "objects": [{"color": "CVGreen", "id_name": "object248774570847099", "shape": "CVCone", "id_string": "ob450", "world_size": [0.1, 0.1, 0.1], "id": 450, "camera_size": [41, 41], "camera_position": [256, 254], "world_position": [0.705, 0.6498037994254439, -0.15], "world_orientation": [1.0, 8.100187187665134e-17, -1.2653630886983698e-17, -8.100187187665134e-17, 1.0, -1.9397816686250694e-16, 1.2653630886983698e-17, 1.9397816686250694e-16, 1.0], "world_rotation": [-0.9211093596285536, 0.06008602943210125, 0.38463907325148433, -2.1059189642881336e-16]}], "source": "action wait"}
{"timestamp": 1706067212.636186, "objects": [{"color": "cv_", "id_name": "hand", "shape": "CVCylinder", "id_string": "ob383", "world_size": [0.12, 0.005, 0.12], "id": 383, "camera_size": [51, 11], "camera_position": [246, 506], "world_position": [0.03558057412832471, 0.723345589515817, -0.17412281992727746], "world_orientation": [0.00015819219316038575, 0.19356861225568744, 0.9810867277283072, -0.0007080365743865842, -0.9810864724060486, 0.19356867604564776, 0.999999736829685, -0.0007252663392679959, -1.814656361918898e-05], "world_rotation": [0.0, 1.0, 0.0, 0.0]}, {"color": "CVGreen", "id_name": "object248774570847099", "shape": "CVCone", "id_string": "ob450", "world_size": [0.1, 0.1, 0.1], "id": 450, "camera_size": [41, 41], "camera_position": [256, 254], "world_position": [0.705, 0.6498037994254439, -0.15], "world_orientation": [1.0, 8.100187187665134e-17, -1.2653630886983698e-17, -8.100187187665134e-17, 1.0, -1.9397816686250694e-16, 1.2653630886983698e-17, 1.9397816686250694e-16, 1.0], "world_rotation": [-0.9211093596285536, 0.06008602943210125, 0.38463907325148433, -2.1059189642881336e-16]}], "source": "action wait"}
{"timestamp": 1706067212.674976, "objects": [{"color": "cv_", "id_name": "hand", "shape": "CVCylinder", "id_string": "ob383", "world_size": [0.12, 0.005, 0.12], "id": 383, "camera_size": [53, 21], "camera_position": [245, 501], "world_position": [0.08385231278036201, 0.7766187254112737, -0.17412474532499073], "world_orientation": [0.0002576514602407768, 0.29778512287211284, 0.9546328897601242, -0.0007066117763680911, -0.9546326289075503, 0.29778523221418746, 0.9999997171577214, -0.0007512796419311697, -3.554401618241147e-05], "world_rotation": [0.0, 1.0, 0.0, 0.0]}, {"color": "CVGreen", "id_name": "object248774570847099", "shape": "CVCone", "id_string": "ob450", "world_size": [0.1, 0.1, 0.1], "id": 450, "camera_size": [41, 41], "camera_position": [256, 254], "world_position": [0.705, 0.6498037994254439, -0.15], "world_orientation": [1.0, 8.100187187665134e-17, -1.2653630886983698e-17, -8.100187187665134e-17, 1.0, -1.9397816686250694e-16, 1.2653630886983698e-17, 1.9397816686250694e-16, 1.0], "world_rotation": [-0.9211093596285536, 0.06008602943210125, 0.38463907325148433, -2.1059189642881336e-16]}], "source": "action wait"}
{"timestamp": 1706067212.707748, "objects": [{"color": "cv_", "id_name": "hand", "shape": "CVCylinder", "id_string": "ob383", "world_size": [0.12, 0.005, 0.12], "id": 383, "camera_size": [54, 38], "camera_position": [245, 492], "world_position": [0.1404692403751005, 0.8087787181124879, -0.17412056162923012], "world_orientation": [0.00028946789160475114, 0.33833338555837633, 0.941026267659382, -0.0007123500200118932, -0.9410259985608344, 0.3383335079326818, 0.9999997043828507, -0.0007682767677996122, -3.138501777499372e-05], "world_rotation": [0.0, 1.0, 0.0, 0.0]}, {"color": "CVGreen", "id_name": "object248774570847099", "shape": "CVCone", "id_string": "ob450", "world_size": [0.1, 0.1, 0.1], "id": 450, "camera_size": [41, 41], "camera_position": [256, 254], "world_position": [0.705, 0.6498037994254439, -0.15], "world_orientation": [1.0, 8.100187187665134e-17, -1.2653630886983698e-17, -8.100187187665134e-17, 1.0, -1.9397816686250694e-16, 1.2653630886983698e-17, 1.9397816686250694e-16, 1.0], "world_rotation": [-0.9211093596285536, 0.06008602943210125, 0.38463907325148433, -2.1059189642881336e-16]}], "source": "action wait"}
{"timestamp": 1706067212.741432, "objects": [{"color": "cv_", "id_name": "hand", "shape": "CVCylinder", "id_string": "ob383", "world_size": [0.12, 0.005, 0.12], "id": 383, "camera_size": [55, 59], "camera_position": [245, 480], "world_position": [0.20165147217822646, 0.823074815194105, -0.17411721940529323], "world_orientation": [0.0002877539516903085, 0.33890189531113407, 0.9408216741509436, -0.0007219119122650313, -0.9408213975430743, 0.338902016471262, 0.9999996980203816, -0.0007767107683623334, -2.606775966304785e-05], "world_rotation": [0.0, 1.0, 0.0, 0.0]}, {"color": "CVGreen", "id_name": "object248774570847099", "shape": "CVCone", "id_string": "ob450", "world_size": [0.1, 0.1, 0.1], "id": 450, "camera_size": [41, 41], "camera_position": [256, 254], "world_position": [0.705, 0.6498037994254439, -0.15], "world_orientation": [1.0, 8.100187187665134e-17, -1.2653630886983698e-17, -8.100187187665134e-17, 1.0, -1.9397816686250694e-16, 1.2653630886983698e-17, 1.9397816686250694e-16, 1.0], "world_rotation": [-0.9211093596285536, 0.06008602943210125, 0.38463907325148433, -2.1059189642881336e-16]}], "source": "action wait"}
{"timestamp": 1706067212.776445, "objects": [{"color": "cv_", "id_name": "hand", "shape": "CVCylinder", "id_string": "ob383", "world_size": [0.12, 0.005, 0.12], "id": 383, "camera_size": [55, 58], "camera_position": [245, 451], "world_position": [0.26547328481625565, 0.8222648440688992, -0.1741145002742068], "world_orientation": [0.000262629266536216, 0.311335043201343, 0.9503001746294094, -0.0007350101323199646, -0.9502998906087639, 0.31133515328192096, 0.9999996953929404, -0.0007802459800516306, -2.0742151960304802e-05], "world_rotation": [0.0, 1.0, 0.0, 0.0]}, {"color": "CVGreen", "id_name": "object248774570847099", "shape": "CVCone", "id_string": "ob450", "world_size": [0.1, 0.1, 0.1], "id": 450, "camera_size": [41, 41], "camera_position": [256, 254], "world_position": [0.705, 0.6498037994254439, -0.15], "world_orientation": [1.0, 8.100187187665134e-17, -1.2653630886983698e-17, -8.100187187665134e-17, 1.0, -1.9397816686250694e-16, 1.2653630886983698e-17, 1.9397816686250694e-16, 1.0], "world_rotation": [-0.9211093596285536, 0.06008602943210125, 0.38463907325148433, -2.1059189642881336e-16]}], "source": "action wait"}
{"timestamp": 1706067212.808236, "objects": [{"color": "cv_", "id_name": "hand", "shape": "CVCylinder", "id_string": "ob383", "world_size": [0.12, 0.005, 0.12], "id": 383, "camera_size": [54, 56], "camera_position": [245, 420], "world_position": [0.3299181360007622, 0.8085372770321897, -0.17411210253056913], "world_orientation": [0.0002207493000493121, 0.2633090749512211, 0.9647115021176429, -0.0007494886290620229, -0.9647112111034127, 0.2633091670226877, 0.9999996947682241, -0.0007811656154796269, -1.5612166995575594e-05], "world_rotation": [0.0, 1.0, 0.0, 0.0]}, {"color": "CVGreen", "id_name": "object248774570847099", "shape": "CVCone", "id_string": "ob450", "world_size": [0.1, 0.1, 0.1], "id": 450, "camera_size": [41, 41], "camera_position": [256, 254], "world_position": [0.705, 0.6498037994254439, -0.15], "world_orientation": [1.0, 8.100187187665134e-17, -1.2653630886983698e-17, -8.100187187665134e-17, 1.0, -1.9397816686250694e-16, 1.2653630886983698e-17, 1.9397816686250694e-16, 1.0], "world_rotation": [-0.9211093596285536, 0.06008602943210125, 0.38463907325148433, -2.1059189642881336e-16]}], "source": "action wait"}
{"timestamp": 1706067212.835934, "objects": [{"color": "cv_", "id_name": "hand", "shape": "CVCylinder", "id_string": "ob383", "world_size": [0.12, 0.005, 0.12], "id": 383, "camera_size": [53, 55], "camera_position": [245, 390], "world_position": [0.3931964532816647, 0.7836682372156789, -0.17410983058610166], "world_orientation": [0.0001667528415501898, 0.20012983768333328, 0.979769370955396, -0.0007628885293798954, -0.9797690740056905, 0.2001299068683233, 0.9999996950972443, -0.0007808270451893716, -1.0702519597741927e-05], "world_rotation": [0.0, 1.0, 0.0, 0.0]}, {"color": "CVGreen", "id_name": "object248774570847099", "shape": "CVCone", "id_string": "ob450", "world_size": [0.1, 0.1, 0.1], "id": 450, "camera_size": [41, 41], "camera_position": [256, 254], "world_position": [0.705, 0.6498037994254439, -0.15], "world_orientation": [1.0, 8.100187187665134e-17, -1.2653630886983698e-17, -8.100187187665134e-17, 1.0, -1.9397816686250694e-16, 1.2653630886983698e-17, 1.9397816686250694e-16, 1.0], "world_rotation": [-0.9211093596285536, 0.06008602943210125, 0.38463907325148433, -2.1059189642881336e-16]}], "source": "action wait"}
{"timestamp": 1706067212.863658, "objects": [{"color": "cv_", "id_name": "hand", "shape": "CVCylinder", "id_string": "ob383", "world_size": [0.12, 0.005, 0.12], "id": 383, "camera_size": [52, 53], "camera_position": [245, 365], "world_position": [0.4449538200995683, 0.7556584723559194, -0.17410301804038208], "world_orientation": [0.00010487433627764053, 0.14114216939860297, 0.9899893317702114, -0.0007678384196771294, -0.9899890340118385, 0.14114220828819599, 0.9999996997127224, -0.0007749540394189465, 4.5499374371030174e-06], "world_rotation": [0.0, 1.0, 0.0, 0.0]}, {"color": "CVGreen", "id_name": "object248774570847099", "shape": "CVCone", "id_string": "ob450", "world_size": [0.1, 0.1, 0.1], "id": 450, "camera_size": [41, 41], "camera_position": [256, 254], "world_position": [0.705, 0.6498037994254439, -0.15], "world_orientation": [1.0, 8.100187187665134e-17, -1.2653630886983698e-17, -8.100187187665134e-17, 1.0, -1.9397816686250694e-16, 1.2653630886983698e-17, 1.9397816686250694e-16, 1.0], "world_rotation": [-0.9211093596285536, 0.06008602943210125, 0.38463907325148433, -2.1059189642881336e-16]}], "source": "action wait"}
{"timestamp": 1706067212.896985, "objects": [{"color": "cv_", "id_name": "hand", "shape": "CVCylinder", "id_string": "ob383", "world_size": [0.12, 0.005, 0.12], "id": 383, "camera_size": [51, 52], "camera_position": [246, 348], "world_position": [0.4801032929685833, 0.7326847202281324, -0.17409837914339416], "world_orientation": [6.15332930361683e-05, 0.0991956753943345, 0.995067944512693, -0.0007666325437677356, -0.9950676493037032, 0.0991956933729764, 0.9999997042440546, -0.000768955307192074, 1.4816843703299906e-05], "world_rotation": [0.0, 1.0, 0.0, 0.0]}, {"color": "CVGreen", "id_name": "object248774570847099", "shape": "CVCone", "id_string": "ob450", "world_size": [0.1, 0.1, 0.1], "id": 450, "camera_size": [41, 41], "camera_position": [256, 254], "world_position": [0.705, 0.6498037994254439, -0.15], "world_orientation": [1.0, 8.100187187665134e-17, -1.2653630886983698e-17, -8.100187187665134e-17, 1.0, -1.9397816686250694e-16, 1.2653630886983698e-17, 1.9397816686250694e-16, 1.0], "world_rotation": [-0.9211093596285536, 0.06008602943210125, 0.38463907325148433, -2.1059189642881336e-16]}], "source": "action wait"}
{"timestamp": 1706067212.931303, "objects": [{"color": "cv_", "id_name": "hand", "shape": "CVCylinder", "id_string": "ob383", "world_size": [0.12, 0.005, 0.12], "id": 383, "camera_size": [51, 51], "camera_position": [246, 338], "world_position": [0.5040489056421975, 0.7149681990979866, -0.17409672944876076], "world_orientation": [3.4642433383655946e-05, 0.06951086027638836, 0.9975811942411195, -0.0007644352716281406, -0.9975809015249807, 0.06951086642621125, 0.9999997072192658, -0.0007649942767507833, 1.8577923430988737e-05], "world_rotation": [0.0, 1.0, 0.0, 0.0]}, {"color": "CVGreen", "id_name": "object248774570847099", "shape": "CVCone", "id_string": "ob450", "world_size": [0.1, 0.1, 0.1], "id": 450, "camera_size": [41, 41], "camera_position": [256, 254], "world_position": [0.705, 0.6498037994254439, -0.15], "world_orientation": [1.0, 8.100187187665134e-17, -1.2653630886983698e-17, -8.100187187665134e-17, 1.0, -1.9397816686250694e-16, 1.2653630886983698e-17, 1.9397816686250694e-16, 1.0], "world_rotation": [-0.9211093596285536, 0.06008602943210125, 0.38463907325148433, -2.1059189642881336e-16]}], "source": "action wait"}
{"timestamp": 1706067212.97144, "objects": [{"color": "cv_", "id_name": "hand", "shape": "CVCylinder", "id_string": "ob383", "world_size": [0.12, 0.005, 0.12], "id": 383, "camera_size": [49, 50], "camera_position": [246, 330], "world_position": [0.52047580384069, 0.7017662241401095, -0.1740966844123966], "world_orientation": [1.8122063763831065e-05, 0.04854360393308048, 0.9988210641495199, -0.0007626985205606198, -0.998820773130917, 0.048543603627299856, 0.9999997089812365, -0.0007626790582122221, 1.8923441163505343e-05], "world_rotation": [0.0, 1.0, 0.0, 0.0]}, {"color": "CVGreen", "id_name": "object248774570847099", "shape": "CVCone", "id_string": "ob450", "world_size": [0.1, 0.1, 0.1], "id": 450, "camera_size": [41, 41], "camera_position": [256, 254], "world_position": [0.705, 0.6498037994254439, -0.15], "world_orientation": [1.0, 8.100187187665134e-17, -1.2653630886983698e-17, -8.100187187665134e-17, 1.0, -1.9397816686250694e-16, 1.2653630886983698e-17, 1.9397816686250694e-16, 1.0], "world_rotation": [-0.9211093596285536, 0.06008602943210125, 0.38463907325148433, -2.1059189642881336e-16]}], "source": "action wait"}
{"timestamp": 1706067213.004421, "objects": [{"color": "cv_", "id_name": "hand", "shape": "CVCylinder", "id_string": "ob383", "world_size": [0.12, 0.005, 0.12], "id": 383, "camera_size": [49, 49], "camera_position": [246, 325], "world_position": [0.5318173728218377, 0.6921288207961322, -0.17409741909774454], "world_orientation": [8.09652414059336e-06, 0.033747634083829046, 0.9994303863342311, -0.0007616726428236888, -0.9994300962514507, 0.03374763045905815, 0.9999997098945738, -0.000761512022182557, 1.761273974091765e-05], "world_rotation": [0.0, 1.0, 0.0, 0.0]}, {"color": "CVGreen", "id_name": "object248774570847099", "shape": "CVCone", "id_string": "ob450", "world_size": [0.1, 0.1, 0.1], "id": 450, "camera_size": [41, 41], "camera_position": [256, 254], "world_position": [0.705, 0.6498037994254439, -0.15], "world_orientation": [1.0, 8.100187187665134e-17, -1.2653630886983698e-17, -8.100187187665134e-17, 1.0, -1.9397816686250694e-16, 1.2653630886983698e-17, 1.9397816686250694e-16, 1.0], "world_rotation": [-0.9211093596285536, 0.06008602943210125, 0.38463907325148433, -2.1059189642881336e-16]}], "source": "action wait"}
{"timestamp": 1706067213.03762, "objects": [{"color": "cv_", "id_name": "hand", "shape": "CVCylinder", "id_string": "ob383", "world_size": [0.12, 0.005, 0.12], "id": 383, "camera_size": [49, 50], "camera_position": [246, 321], "world_position": [0.5396898769752867, 0.6851839016296124, -0.17409846199713883], "world_orientation": [2.1049538023610458e-06, 0.023311243562019773, 0.9997282560371902, -0.0007612278770199258, -0.9997279663468032, 0.02331123840992642, 0.9999997102638022, -0.0007610700870203099, 1.5640787263695098e-05], "world_rotation": [0.0, 1.0, 0.0, 0.0]}, {"color": "CVGreen", "id_name": "object248774570847099", "shape": "CVCone", "id_string": "ob450", "world_size": [0.1, 0.1, 0.1], "id": 450, "camera_size": [41, 41], "camera_position": [256, 254], "world_position": [0.705, 0.6498037994254439, -0.15], "world_orientation": [1.0, 8.100187187665134e-17, -1.2653630886983698e-17, -8.100187187665134e-17, 1.0, -1.9397816686250694e-16, 1.2653630886983698e-17, 1.9397816686250694e-16, 1.0], "world_rotation": [-0.9211093596285536, 0.06008602943210125, 0.38463907325148433, -2.1059189642881336e-16]}], "source": "action wait"}
{"timestamp": 1706067213.067986, "objects": [{"color": "cv_", "id_name": "hand", "shape": "CVCylinder", "id_string": "ob383", "world_size": [0.12, 0.005, 0.12], "id": 383, "camera_size": [49, 49], "camera_position": [246, 319], "world_position": [0.545177463754394, 0.6802208214956891, -0.17409955704188915], "world_orientation": [-1.3739632046730833e-06, 0.015951436011407347, 0.9998727677496203, -0.0007611639369848982, -0.9998724781187923, 0.015951430344847906, 0.9999997103137448, -0.0007610451757063022, 1.351544582967576e-05], "world_rotation": [0.0, 1.0, 0.0, 0.0]}, {"color": "CVGreen", "id_name": "object248774570847099", "shape": "CVCone", "id_string": "ob450", "world_size": [0.1, 0.1, 0.1], "id": 450, "camera_size": [41, 41], "camera_position": [256, 254], "world_position": [0.705, 0.6498037994254439, -0.15], "world_orientation": [1.0, 8.100187187665134e-17, -1.2653630886983698e-17, -8.100187187665134e-17, 1.0, -1.9397816686250694e-16, 1.2653630886983698e-17, 1.9397816686250694e-16, 1.0], "world_rotation": [-0.9211093596285536, 0.06008602943210125, 0.38463907325148433, -2.1059189642881336e-16]}], "source": "action wait"}
{"timestamp": 1706067213.102923, "objects": [{"color": "cv_", "id_name": "hand", "shape": "CVCylinder", "id_string": "ob383", "world_size": [0.12, 0.005, 0.12], "id": 383, "camera_size": [49, 49], "camera_position": [246, 317], "world_position": [0.5490149011729689, 0.6766933694618815, -0.1741005762429578], "world_orientation": [-3.331043083501243e-06, 0.01076172379495206, 0.9999420909682047, -0.0007613130755470406, -0.9999418012189842, 0.010761718140457224, 0.9999997101956106, -0.0007612331408975285, 1.1523890261745504e-05], "world_rotation": [0.0, 1.0, 0.0, 0.0]}, {"color": "CVGreen", "id_name": "object248774570847099", "shape": "CVCone", "id_string": "ob450", "world_size": [0.1, 0.1, 0.1], "id": 450, "camera_size": [41, 41], "camera_position": [256, 254], "world_position": [0.705, 0.6498037994254439, -0.15], "world_orientation": [1.0, 8.100187187665134e-17, -1.2653630886983698e-17, -8.100187187665134e-17, 1.0, -1.9397816686250694e-16, 1.2653630886983698e-17, 1.9397816686250694e-16, 1.0], "world_rotation": [-0.9211093596285536, 0.06008602943210125, 0.38463907325148433, -2.1059189642881336e-16]}], "source": "action wait"}
