{"timestamp": 1706067389.741302, "objects": [{"color": "cv_", "id_name": "hand", "shape": "CVCylinder", "id_string": "ob383", "world_size": [0.12, 0.005, 0.12], "id": 383, "camera_size": [48, 50], "camera_position": [246, 426], "world_position": [0.26764451554013846, 0.6334703013847368, -0.17389260400847834], "world_orientation": [-0.0006415511570916968, 0.19791547486640845, 0.9802188802611982, -0.0007473675263084587, -0.9802189031249685, 0.19791499033237564, 0.9999995149268293, -0.0006056111687284197, 0.0007767761703724788], "world_rotation": [0.0, 1.0, 0.0, 0.0]}, {"color": "CVPurple", "id_name": "object218216297094648", "shape": "CVBox", "id_string": "ob527", "world_size": [0.09, 0.09, 0.09], "id": 527, "camera_size": [37, 37], "camera_position": [256, 254], "world_position": [0.705, 0.6448569667806435, -0.15], "world_orientation": [1.0, -5.053903521130611e-17, -1.3537563024626779e-17, 5.053903521130611e-17, 1.0, -6.136882847087181e-17, 1.3537563024626779e-17, 6.136882847087181e-17, 1.0], "world_rotation": [-0.7609763537112164, 0.16786641696290353, -0.6266864089386478, -8.064485600844401e-17]}], "source": "manual check"}
{"timestamp": 1706067390.754171, "objects": [{"color": "cv_", "id_name": "hand", "shape": "CVCylinder", "id_string": "ob383", "world_size": [0.12, 0.005, 0.12], "id": 383, "camera_size": [48, 50], "camera_position": [246, 426], "world_position": [0.26764451554013846, 0.6334703013847368, -0.17389260400847834], "world_orientation": [-0.0006415511570916968, 0.19791547486640845, 0.9802188802611982, -0.0007473675263084587, -0.9802189031249685, 0.19791499033237564, 0.9999995149268293, -0.0006056111687284197, 0.0007767761703724788], "world_rotation": [0.0, 1.0, 0.0, 0.0]}, {"color": "CVPurple", "id_name": "object218216297094648", "shape": "CVBox", "id_string": "ob527", "world_size": [0.09, 0.09, 0.09], "id": 527, "camera_size": [37, 37], "camera_position": [256, 254], "world_position": [0.705, 0.6448569696296074, -0.15], "world_orientation": [1.0, -4.331917303826236e-17, -1.1712398707441946e-17, 4.331917303826236e-17, 1.0, -5.775889738434995e-17, 1.1712398707441946e-17, 5.775889738434995e-17, 1.0], "world_rotation": [-0.7896765794068324, 0.16013129347666225, -0.5922574345551229, -7.314247236221149e-17]}], "source": "manual check"}
{"timestamp": 1706067391.769063, "objects": [{"color": "cv_", "id_name": "hand", "shape": "CVCylinder", "id_string": "ob383", "world_size": [0.12, 0.005, 0.12], "id": 383, "camera_size": [48, 50], "camera_position": [246, 426], "world_position": [0.26764451554013846, 0.6334703013847368, -0.17389260400847834], "world_orientation": [-0.0006415511570916968, 0.19791547486640845, 0.9802188802611982, -0.0007473675263084587, -0.9802189031249685, 0.19791499033237564, 0.9999995149268293, -0.0006056111687284197, 0.0007767761703724788], "world_rotation": [0.0, 1.0, 0.0, 0.0]}, {"color": "CVPurple", "id_name": "object218216297094648", "shape": "CVBox", "id_string": "ob527", "world_size": [0.09, 0.09, 0.09], "id": 527, "camera_size": [37, 37], "camera_position": [256, 254], "world_position": [0.705, 0.6448569696296074, -0.15], "world_orientation": [1.0, -4.331917303826236e-17, -1.1712398707441946e-17, 4.331917303826236e-17, 1.0, -5.775889738434995e-17, 1.1712398707441946e-17, 5.775889738434995e-17, 1.0], "world_rotation": [-0.7896765794068324, 0.16013129347666225, -0.5922574345551229, -7.314247236221149e-17]}], "source": "action wait"}
{"timestamp": 1706067391.803577, "objects": [{"color": "cv_", "id_name": "hand", "shape": "CVCylinder", "id_string": "ob383", "world_size": [0.12, 0.005, 0.12], "id": 383, "camera_size": [48, 50], "camera_position": [246, 444], "world_position": [0.22509914267573444, 0.6416776014340387, -0.17397247098490812], "world_orientation": [-0.0005243734587648595, 0.08775991086397951, 0.9961415175955785, -0.0007630957680394859, -0.9961413996314685, 0.08775949877425179, 0.9999995713585705, -0.000714132624534218, 0.0005893193277278415], "world_rotation": [0.0, 1.0, 0.0, 0.0]}, {"color": "CVPurple", "id_name": "object218216297094648", "shape": "CVBox", "id_string": "ob527", "world_size": [0.09, 0.09, 0.09], "id": 527, "camera_size": [37, 37], "camera_position": [256, 254], "world_position": [0.705, 0.6448569696296074, -0.15], "world_orientation": [1.0, -4.331917303826236e-17, -1.1712398707441946e-17, 4.331917303826236e-17, 1.0, -5.775889738434995e-17, 1.1712398707441946e-17, 5.775889738434995e-17, 1.0], "world_rotation": [-0.7896765794068324, 0.16013129347666225, -0.5922574345551229, -7.314247236221149e-17]}], "source": "action wait"}
{"timestamp": 1706067391.838994, "objects": [{"color": "cv_", "id_name": "hand", "shape": "CVCylinder", "id_string": "ob383", "world_size": [0.12, 0.005, 0.12], "id": 383, "camera_size": [48, 50], "camera_position": [246, 470], "world_position": [0.16386702441110043, 0.6571116661136178, -0.1740383999697131], "world_orientation": [-0.00037992516841544465, 0.060324247456480476, 0.9981787619588365, -0.0007693266985860332, -0.99817855623801, 0.06032394220401392, 0.9999996318965809, -0.0007450069876354777, 0.00042564221022817813], "world_rotation": [0.0, 1.0, 0.0, 0.0]}, {"color": "CVPurple", "id_name": "object218216297094648", "shape": "CVBox", "id_string": "ob527", "world_size": [0.09, 0.09, 0.09], "id": 527, "camera_size": [37, 37], "camera_position": [256, 254], "world_position": [0.705, 0.6448569696296074, -0.15], "world_orientation": [1.0, -4.331917303826236e-17, -1.1712398707441946e-17, 4.331917303826236e-17, 1.0, -5.775889738434995e-17, 1.1712398707441946e-17, 5.775889738434995e-17, 1.0], "world_rotation": [-0.7896765794068324, 0.16013129347666225, -0.5922574345551229, -7.314247236221149e-17]}], "source": "action wait"}
{"timestamp": 1706067391.873222, "objects": [{"color": "cv_", "id_name": "hand", "shape": "CVCylinder", "id_string": "ob383", "world_size": [0.12, 0.005, 0.12], "id": 383, "camera_size": [48, 46], "camera_position": [246, 488], "world_position": [0.11761512293155987, 0.6637246264894506, -0.17407773929121118], "world_orientation": [-0.00025835689034038356, 0.04222243018167319, 0.9991082021689499, -0.0007699561041188774, -0.9991079477604312, 0.04222222032931691, 0.9999996702096032, -0.0007583610573880348, 0.0002906358403472395], "world_rotation": [0.0, 1.0, 0.0, 0.0]}, {"color": "CVPurple", "id_name": "object218216297094648", "shape": "CVBox", "id_string": "ob527", "world_size": [0.09, 0.09, 0.09], "id": 527, "camera_size": [37, 37], "camera_position": [256, 254], "world_position": [0.705, 0.6448569696296074, -0.15], "world_orientation": [1.0, -4.331917303826236e-17, -1.1712398707441946e-17, 4.331917303826236e-17, 1.0, -5.775889738434995e-17, 1.1712398707441946e-17, 5.775889738434995e-17, 1.0], "world_rotation": [-0.7896765794068324, 0.16013129347666225, -0.5922574345551229, -7.314247236221149e-17]}], "source": "action wait"}
{"timestamp": 1706067391.905532, "objects": [{"color": "cv_", "id_name": "hand", "shape": "CVCylinder", "id_string": "ob383", "world_size": [0.12, 0.005, 0.12], "id": 383, "camera_size": [48, 34], "camera_position": [246, 494], "world_position": [0.08418837736820842, 0.6660511438610677, -0.1740965352854806], "world_orientation": [-0.00017549626314081768, 0.029411733715102115, 0.9995673659743667, -0.0007680372137230745, -0.9995670905184764, 0.02941159076396067, 0.9999996896599018, -0.0007625433104197179, 0.0001980095951582189], "world_rotation": [0.0, 1.0, 0.0, 0.0]}, {"color": "CVPurple", "id_name": "object218216297094648", "shape": "CVBox", "id_string": "ob527", "world_size": [0.09, 0.09, 0.09], "id": 527, "camera_size": [37, 37], "camera_position": [256, 254], "world_position": [0.705, 0.6448569696296074, -0.15], "world_orientation": [1.0, -4.331917303826236e-17, -1.1712398707441946e-17, 4.331917303826236e-17, 1.0, -5.775889738434995e-17, 1.1712398707441946e-17, 5.775889738434995e-17, 1.0], "world_rotation": [-0.7896765794068324, 0.16013129347666225, -0.5922574345551229, -7.314247236221149e-17]}], "source": "action wait"}
{"timestamp": 1706067391.936386, "objects": [{"color": "cv_", "id_name": "hand", "shape": "CVCylinder", "id_string": "ob383", "world_size": [0.12, 0.005, 0.12], "id": 383, "camera_size": [48, 26], "camera_position": [246, 498], "world_position": [0.06030683851855491, 0.6665238424633709, -0.17410508014191878], "world_orientation": [-0.00011940885195185545, 0.020349421092561465, 0.9997929219607047, -0.000765905790257554, -0.9997926377043889, 0.02034932383203867, 0.9999996995648781, -0.000763317298591795, 0.00013496983050175211], "world_rotation": [0.0, 1.0, 0.0, 0.0]}, {"color": "CVPurple", "id_name": "object218216297094648", "shape": "CVBox", "id_string": "ob527", "world_size": [0.09, 0.09, 0.09], "id": 527, "camera_size": [37, 37], "camera_position": [256, 254], "world_position": [0.705, 0.6448569696296074, -0.15], "world_orientation": [1.0, -4.331917303826236e-17, -1.1712398707441946e-17, 4.331917303826236e-17, 1.0, -5.775889738434995e-17, 1.1712398707441946e-17, 5.775889738434995e-17, 1.0], "world_rotation": [-0.7896765794068324, 0.16013129347666225, -0.5922574345551229, -7.314247236221149e-17]}], "source": "action wait"}
{"timestamp": 1706067391.966407, "objects": [{"color": "cv_", "id_name": "hand", "shape": "CVCylinder", "id_string": "ob383", "world_size": [0.12, 0.005, 0.12], "id": 383, "camera_size": [48, 20], "camera_position": [246, 501], "world_position": [0.0433497455885052, 0.6662848058150588, -0.1741086634350707], "world_orientation": [-8.158131616487106e-05, 0.013940550469528176, 0.9999028224768123, -0.000764281406273108, -0.9999025346387552, 0.013940484099374803, 0.9999997046091669, -0.00076306985225858, 9.222786832986175e-05], "world_rotation": [0.0, 1.0, 0.0, 0.0]}, {"color": "CVPurple", "id_name": "object218216297094648", "shape": "CVBox", "id_string": "ob527", "world_size": [0.09, 0.09, 0.09], "id": 527, "camera_size": [37, 37], "camera_position": [256, 254], "world_position": [0.705, 0.6448569696296074, -0.15], "world_orientation": [1.0, -4.331917303826236e-17, -1.1712398707441946e-17, 4.331917303826236e-17, 1.0, -5.775889738434995e-17, 1.1712398707441946e-17, 5.775889738434995e-17, 1.0], "world_rotation": [-0.7896765794068324, 0.16013129347666225, -0.5922574345551229, -7.314247236221149e-17]}], "source": "action wait"}
{"timestamp": 1706067391.998826, "objects": [{"color": "cv_", "id_name": "hand", "shape": "CVCylinder", "id_string": "ob383", "world_size": [0.12, 0.005, 0.12], "id": 383, "camera_size": [48, 16], "camera_position": [246, 503], "world_position": [0.03135020926937961, 0.6658407157554374, -0.17410992310139844], "world_orientation": [-5.61141596687102e-05, 0.009409058153756462, 0.9999557322581137, -0.0007632478631687104, -0.9999554429746241, 0.00940901260084262, 0.9999997071519074, -0.0007626860970742776, 6.329310291932637e-05], "world_rotation": [0.0, 1.0, 0.0, 0.0]}, {"color": "CVPurple", "id_name": "object218216297094648", "shape": "CVBox", "id_string": "ob527", "world_size": [0.09, 0.09, 0.09], "id": 527, "camera_size": [37, 37], "camera_position": [256, 254], "world_position": [0.705, 0.6448569696296074, -0.15], "world_orientation": [1.0, -4.331917303826236e-17, -1.1712398707441946e-17, 4.331917303826236e-17, 1.0, -5.775889738434995e-17, 1.1712398707441946e-17, 5.775889738434995e-17, 1.0], "world_rotation": [-0.7896765794068324, 0.16013129347666225, -0.5922574345551229, -7.314247236221149e-17]}], "source": "action wait"}
{"timestamp": 1706067392.032932, "objects": [{"color": "cv_", "id_name": "hand", "shape": "CVCylinder", "id_string": "ob383", "world_size": [0.12, 0.005, 0.12], "id": 383, "camera_size": [48, 13], "camera_position": [246, 505], "world_position": [0.022874986733639892, 0.6653975059622533, -0.17411014934704358], "world_orientation": [-3.897670263054319e-05, 0.006205439364790873, 0.999980745316182, -0.0007626837115949117, -0.9999804554225626, 0.006205407838370728, 0.9999997083971439, -0.0007624271600255327, 4.370872837454284e-05], "world_rotation": [0.0, 1.0, 0.0, 0.0]}, {"color": "CVPurple", "id_name": "object218216297094648", "shape": "CVBox", "id_string": "ob527", "world_size": [0.09, 0.09, 0.09], "id": 527, "camera_size": [37, 37], "camera_position": [256, 254], "world_position": [0.705, 0.6448569696296074, -0.15], "world_orientation": [1.0, -4.331917303826236e-17, -1.1712398707441946e-17, 4.331917303826236e-17, 1.0, -5.775889738434995e-17, 1.1712398707441946e-17, 5.775889738434995e-17, 1.0], "world_rotation": [-0.7896765794068324, 0.16013129347666225, -0.5922574345551229, -7.314247236221149e-17]}], "source": "action wait"}
{"timestamp": 1706067392.067368, "objects": [{"color": "cv_", "id_name": "hand", "shape": "CVCylinder", "id_string": "ob383", "world_size": [0.12, 0.005, 0.12], "id": 383, "camera_size": [48, 11], "camera_position": [246, 506], "world_position": [0.01689539752865852, 0.6650251029509694, -0.17410995909533034], "world_orientation": [-2.746929276050233e-05, 0.003940829860070262, 0.9999922345225748, -0.0007624363047303583, -0.9999919443300431, 0.00394080777271379, 0.9999997089681174, -0.000762322132846382, 3.047370323339458e-05], "world_rotation": [0.0, 1.0, 0.0, 0.0]}, {"color": "CVPurple", "id_name": "object218216297094648", "shape": "CVBox", "id_string": "ob527", "world_size": [0.09, 0.09, 0.09], "id": 527, "camera_size": [37, 37], "camera_position": [256, 254], "world_position": [0.705, 0.6448569696296074, -0.15], "world_orientation": [1.0, -4.331917303826236e-17, -1.1712398707441946e-17, 4.331917303826236e-17, 1.0, -5.775889738434995e-17, 1.1712398707441946e-17, 5.775889738434995e-17, 1.0], "world_rotation": [-0.7896765794068324, 0.16013129347666225, -0.5922574345551229, -7.314247236221149e-17]}], "source": "action wait"}
{"timestamp": 1706067392.103437, "objects": [{"color": "cv_", "id_name": "hand", "shape": "CVCylinder", "id_string": "ob383", "world_size": [0.12, 0.005, 0.12], "id": 383, "camera_size": [48, 10], "camera_position": [246, 506], "world_position": [0.012679114351146072, 0.6647359070749282, -0.17410963746625932], "world_orientation": [-1.973318235234655e-05, 0.0023401411359221173, 0.9999972616712837, -0.0007623793436519953, -0.9999969712908093, 0.002340125412177486, 0.9999997091941267, -0.000762331077885623, 2.1517197849898276e-05], "world_rotation": [0.0, 1.0, 0.0, 0.0]}, {"color": "CVPurple", "id_name": "object218216297094648", "shape": "CVBox", "id_string": "ob527", "world_size": [0.09, 0.09, 0.09], "id": 527, "camera_size": [37, 37], "camera_position": [256, 254], "world_position": [0.705, 0.6448569696296074, -0.15], "world_orientation": [1.0, -4.331917303826236e-17, -1.1712398707441946e-17, 4.331917303826236e-17, 1.0, -5.775889738434995e-17, 1.1712398707441946e-17, 5.775889738434995e-17, 1.0], "world_rotation": [-0.7896765794068324, 0.16013129347666225, -0.5922574345551229, -7.314247236221149e-17]}], "source": "action wait"}
{"timestamp": 1706067392.138378, "objects": [{"color": "cv_", "id_name": "hand", "shape": "CVCylinder", "id_string": "ob383", "world_size": [0.12, 0.005, 0.12], "id": 383, "camera_size": [48, 9], "camera_position": [246, 507], "world_position": [0.009707137638418966, 0.6645208173228758, -0.1741093085502877], "world_orientation": [-1.4546708827251095e-05, 0.0012088169721617178, 0.9999992692746936, -0.0007624243900571871, -0.9999989787485983, 0.001208805530195214, 0.9999997092486791, -0.0007624062487926646, 1.5468325514460027e-05], "world_rotation": [0.0, 1.0, 0.0, 0.0]}, {"color": "CVPurple", "id_name": "object218216297094648", "shape": "CVBox", "id_string": "ob527", "world_size": [0.09, 0.09, 0.09], "id": 527, "camera_size": [37, 37], "camera_position": [256, 254], "world_position": [0.705, 0.6448569696296074, -0.15], "world_orientation": [1.0, -4.331917303826236e-17, -1.1712398707441946e-17, 4.331917303826236e-17, 1.0, -5.775889738434995e-17, 1.1712398707441946e-17, 5.775889738434995e-17, 1.0], "world_rotation": [-0.7896765794068324, 0.16013129347666225, -0.5922574345551229, -7.314247236221149e-17]}], "source": "action wait"}
{"timestamp": 1706067392.170716, "objects": [{"color": "cv_", "id_name": "hand", "shape": "CVCylinder", "id_string": "ob383", "world_size": [0.12, 0.005, 0.12], "id": 383, "camera_size": [48, 8], "camera_position": [246, 507], "world_position": [0.007612596584565025, 0.6643649207194535, -0.17410902001886203], "world_orientation": [-1.1062934707451616e-05, 0.0004092810705201908, 0.9999999161833051, -0.0007625152514512449, -0.9999996255331796, 0.0004092725159057104, 0.9999997092240092, -0.0007625106597849951, 1.1375013623516192e-05], "world_rotation": [0.0, 1.0, 0.0, 0.0]}, {"color": "CVPurple", "id_name": "object218216297094648", "shape": "CVBox", "id_string": "ob527", "world_size": [0.09, 0.09, 0.09], "id": 527, "camera_size": [37, 37], "camera_position": [256, 254], "world_position": [0.705, 0.6448569696296074, -0.15], "world_orientation": [1.0, -4.331917303826236e-17, -1.1712398707441946e-17, 4.331917303826236e-17, 1.0, -5.775889738434995e-17, 1.1712398707441946e-17, 5.775889738434995e-17, 1.0], "world_rotation": [-0.7896765794068324, 0.16013129347666225, -0.5922574345551229, -7.314247236221149e-17]}], "source": "action wait"}
{"timestamp": 1706067392.202427, "objects": [{"color": "cv_", "id_name": "hand", "shape": "CVCylinder", "id_string": "ob383", "world_size": [0.12, 0.005, 0.12], "id": 383, "camera_size": [48, 7], "camera_position": [246, 508], "world_position": [0.006136541030618736, 0.6642537357934086, -0.17410878463894913], "world_orientation": [-8.727855701043546e-06, -0.00015573769067830584, 0.9999999878347982, -0.0007626192034806664, -0.9999996970777857, -0.0001557443014266881, 0.9999997091678452, -0.0007626205535173672, 8.609084503928908e-06], "world_rotation": [0.0, 1.0, 0.0, 0.0]}, {"color": "CVPurple", "id_name": "object218216297094648", "shape": "CVBox", "id_string": "ob527", "world_size": [0.09, 0.09, 0.09], "id": 527, "camera_size": [37, 37], "camera_position": [256, 254], "world_position": [0.705, 0.6448569696296074, -0.15], "world_orientation": [1.0, -4.331917303826236e-17, -1.1712398707441946e-17, 4.331917303826236e-17, 1.0, -5.775889738434995e-17, 1.1712398707441946e-17, 5.775889738434995e-17, 1.0], "world_rotation": [-0.7896765794068324, 0.16013129347666225, -0.5922574345551229, -7.314247236221149e-17]}], "source": "action wait"}
{"timestamp": 1706067392.232816, "objects": [{"color": "cv_", "id_name": "hand", "shape": "CVCylinder", "id_string": "ob383", "world_size": [0.12, 0.005, 0.12], "id": 383, "camera_size": [48, 7], "camera_position": [246, 508], "world_position": [0.0050963512413198615, 0.664175249801821, -0.17410860034507966], "world_orientation": [-7.16426011176929e-06, -0.0005550056713871257, 0.9999998459586773, -0.0007627189128990371, -0.9999995551112402, -0.000555010974282165, 0.9999997091042244, -0.0007627227716521201, 6.740943602501015e-06], "world_rotation": [0.0, 1.0, 0.0, 0.0]}, {"color": "CVPurple", "id_name": "object218216297094648", "shape": "CVBox", "id_string": "ob527", "world_size": [0.09, 0.09, 0.09], "id": 527, "camera_size": [37, 37], "camera_position": [256, 254], "world_position": [0.705, 0.6448569696296074, -0.15], "world_orientation": [1.0, -4.331917303826236e-17, -1.1712398707441946e-17, 4.331917303826236e-17, 1.0, -5.775889738434995e-17, 1.1712398707441946e-17, 5.775889738434995e-17, 1.0], "world_rotation": [-0.7896765794068324, 0.16013129347666225, -0.5922574345551229, -7.314247236221149e-17]}], "source": "action wait"}
{"timestamp": 1706067392.267318, "objects": [{"color": "cv_", "id_name": "hand", "shape": "CVCylinder", "id_string": "ob383", "world_size": [0.12, 0.005, 0.12], "id": 383, "camera_size": [48, 7], "camera_position": [246, 508], "world_position": [0.004363300650004981, 0.6641202070822018, -0.17410845971087807], "world_orientation": [-6.1184089404337744e-06, -0.0008371330025779915, 0.9999996495853891, -0.0007628064810936526, -0.9999993586633955, -0.0008371374262004268, 0.9999997090443765, -0.00076281133574456, 5.479834536933969e-06], "world_rotation": [0.0, 1.0, 0.0, 0.0]}, {"color": "CVPurple", "id_name": "object218216297094648", "shape": "CVBox", "id_string": "ob527", "world_size": [0.09, 0.09, 0.09], "id": 527, "camera_size": [37, 37], "camera_position": [256, 254], "world_position": [0.705, 0.6448569696296074, -0.15], "world_orientation": [1.0, -4.331917303826236e-17, -1.1712398707441946e-17, 4.331917303826236e-17, 1.0, -5.775889738434995e-17, 1.1712398707441946e-17, 5.775889738434995e-17, 1.0], "world_rotation": [-0.7896765794068324, 0.16013129347666225, -0.5922574345551229, -7.314247236221149e-17]}], "source": "action wait"}
{"timestamp": 1706067392.296559, "objects": [{"color": "cv_", "id_name": "hand", "shape": "CVCylinder", "id_string": "ob383", "world_size": [0.12, 0.005, 0.12], "id": 383, "camera_size": [48, 7], "camera_position": [246, 508], "world_position": [0.003846675211169769, 0.6640817618991651, -0.17410835422384371], "world_orientation": [-5.419658684956609e-06, -0.0010364787439673681, 0.999999462841076, -0.0007628794025509963, -0.9999991718590997, -0.001036482576918317, 0.99999970899278, -0.0007628846101456515, 4.628945912124647e-06], "world_rotation": [0.0, 1.0, 0.0, 0.0]}, {"color": "CVPurple", "id_name": "object218216297094648", "shape": "CVBox", "id_string": "ob527", "world_size": [0.09, 0.09, 0.09], "id": 527, "camera_size": [37, 37], "camera_position": [256, 254], "world_position": [0.705, 0.6448569696296074, -0.15], "world_orientation": [1.0, -4.331917303826236e-17, -1.1712398707441946e-17, 4.331917303826236e-17, 1.0, -5.775889738434995e-17, 1.1712398707441946e-17, 5.775889738434995e-17, 1.0], "world_rotation": [-0.7896765794068324, 0.16013129347666225, -0.5922574345551229, -7.314247236221149e-17]}], "source": "action wait"}
{"timestamp": 1706067392.330816, "objects": [{"color": "cv_", "id_name": "hand", "shape": "CVCylinder", "id_string": "ob383", "world_size": [0.12, 0.005, 0.12], "id": 383, "camera_size": [48, 7], "camera_position": [246, 508], "world_position": [0.0034825564734164245, 0.6640549738334919, -0.17410827605192364], "world_orientation": [-4.953394131006804e-06, -0.0011773270798705246, 0.9999993069379655, -0.0007629380063515396, -0.9999990159087427, -0.001177330516368732, 0.999999708950489, -0.0007629433093705807, 4.055161681638549e-06], "world_rotation": [0.0, 1.0, 0.0, 0.0]}, {"color": "CVPurple", "id_name": "object218216297094648", "shape": "CVBox", "id_string": "ob527", "world_size": [0.09, 0.09, 0.09], "id": 527, "camera_size": [37, 37], "camera_position": [256, 254], "world_position": [0.705, 0.6448569696296074, -0.15], "world_orientation": [1.0, -4.331917303826236e-17, -1.1712398707441946e-17, 4.331917303826236e-17, 1.0, -5.775889738434995e-17, 1.1712398707441946e-17, 5.775889738434995e-17, 1.0], "world_rotation": [-0.7896765794068324, 0.16013129347666225, -0.5922574345551229, -7.314247236221149e-17]}], "source": "action wait"}
{"timestamp": 1706067392.366838, "objects": [{"color": "cv_", "id_name": "hand", "shape": "CVCylinder", "id_string": "ob383", "world_size": [0.12, 0.005, 0.12], "id": 383, "camera_size": [48, 7], "camera_position": [246, 508], "world_position": [0.003225908406301462, 0.6640363319244638, -0.17410821863265596], "world_orientation": [-4.6427282055773505e-06, -0.0012768403670743794, 0.9999991848282288, -0.0007629839252695076, -0.9999988937624431, -0.001276843537759007, 0.9999997089169452, -0.0007629892313444396, 3.6685143947679637e-06], "world_rotation": [0.0, 1.0, 0.0, 0.0]}, {"color": "CVPurple", "id_name": "object218216297094648", "shape": "CVBox", "id_string": "ob527", "world_size": [0.09, 0.09, 0.09], "id": 527, "camera_size": [37, 37], "camera_position": [256, 254], "world_position": [0.705, 0.6448569696296074, -0.15], "world_orientation": [1.0, -4.331917303826236e-17, -1.1712398707441946e-17, 4.331917303826236e-17, 1.0, -5.775889738434995e-17, 1.1712398707441946e-17, 5.775889738434995e-17, 1.0], "world_rotation": [-0.7896765794068324, 0.16013129347666225, -0.5922574345551229, -7.314247236221149e-17]}], "source": "action wait"}
{"timestamp": 1706067393.652658, "objects": [{"color": "CVPurple", "id_name": "object218216297094648", "shape": "CVBox", "id_string": "ob527", "world_size": [0.09, 0.09, 0.09], "id": 527, "camera_size": [37, 37], "camera_position": [256, 254], "world_position": [0.705, 0.6448569696296074, -0.15], "world_orientation": [1.0, -4.331917303826236e-17, -1.1712398707441946e-17, 4.331917303826236e-17, 1.0, -5.775889738434995e-17, 1.1712398707441946e-17, 5.775889738434995e-17, 1.0], "world_rotation": [-0.7896765794068324, 0.16013129347666225, -0.5922574345551229, -7.314247236221149e-17]}], "source": "action wait"}
{"timestamp": 1706067393.685944, "objects": [{"color": "cv_", "id_name": "hand", "shape": "CVCylinder", "id_string": "ob383", "world_size": [0.12, 0.005, 0.12], "id": 383, "camera_size": [51, 11], "camera_position": [246, 506], "world_position": [0.03544175035852319, 0.7201654353747613, -0.1741227020465815], "world_orientation": [0.00015847413228728288, 0.1940337943153646, 0.9809948325804434, -0.0007077693765709925, -0.9809945774267961, 0.1940338581839048, 0.999999736974195, -0.0007250674483851615, -1.8131086799523257e-05], "world_rotation": [0.0, 1.0, 0.0, 0.0]}, {"color": "CVPurple", "id_name": "object218216297094648", "shape": "CVBox", "id_string": "ob527", "world_size": [0.09, 0.09, 0.09], "id": 527, "camera_size": [37, 37], "camera_position": [256, 254], "world_position": [0.705, 0.6448569696296074, -0.15], "world_orientation": [1.0, -4.331917303826236e-17, -1.1712398707441946e-17, 4.331917303826236e-17, 1.0, -5.775889738434995e-17, 1.1712398707441946e-17, 5.775889738434995e-17, 1.0], "world_rotation": [-0.7896765794068324, 0.16013129347666225, -0.5922574345551229, -7.314247236221149e-17]}], "source": "action wait"}
{"timestamp": 1706067393.71717, "objects": [{"color": "cv_", "id_name": "hand", "shape": "CVCylinder", "id_string": "ob383", "world_size": [0.12, 0.005, 0.12], "id": 383, "camera_size": [52, 21], "camera_position": [245, 501], "world_position": [0.08355659827824827, 0.7737371935746381, -0.17412462238423865], "world_orientation": [0.00025848793182485, 0.2990803226778024, 0.9542279045233013, -0.0007062072606301197, -0.9542276438557453, 0.29908043228004455, 0.9999997172276072, -0.0007511913568598091, -3.5443634763251245e-05], "world_rotation": [0.0, 1.0, 0.0, 0.0]}, {"color": "CVPurple", "id_name": "object218216297094648", "shape": "CVBox", "id_string": "ob527", "world_size": [0.09, 0.09, 0.09], "id": 527, "camera_size": [37, 37], "camera_position": [256, 254], "world_position": [0.705, 0.6448569696296074, -0.15], "world_orientation": [1.0, -4.331917303826236e-17, -1.1712398707441946e-17, 4.331917303826236e-17, 1.0, -5.775889738434995e-17, 1.1712398707441946e-17, 5.775889738434995e-17, 1.0], "world_rotation": [-0.7896765794068324, 0.16013129347666225, -0.5922574345551229, -7.314247236221149e-17]}], "source": "action wait"}
{"timestamp": 1706067393.749886, "objects": [{"color": "cv_", "id_name": "hand", "shape": "CVCylinder", "id_string": "ob383", "world_size": [0.12, 0.005, 0.12], "id": 383, "camera_size": [54, 38], "camera_position": [245, 492], "world_position": [0.1399201182192108, 0.806146933449737, -0.1741204729263271], "world_orientation": [0.00029088838466607677, 0.34026638712483126, 0.94032903878215, -0.000711752155766368, -0.9403287699354753, 0.34026651001899255, 0.9999997043963647, -0.0007682607959385186, -3.134538237017043e-05], "world_rotation": [0.0, 1.0, 0.0, 0.0]}, {"color": "CVPurple", "id_name": "object218216297094648", "shape": "CVBox", "id_string": "ob527", "world_size": [0.09, 0.09, 0.09], "id": 527, "camera_size": [37, 37], "camera_position": [256, 254], "world_position": [0.705, 0.6448569696296074, -0.15], "world_orientation": [1.0, -4.331917303826236e-17, -1.1712398707441946e-17, 4.331917303826236e-17, 1.0, -5.775889738434995e-17, 1.1712398707441946e-17, 5.775889738434995e-17, 1.0], "world_rotation": [-0.7896765794068324, 0.16013129347666225, -0.5922574345551229, -7.314247236221149e-17]}], "source": "action wait"}
{"timestamp": 1706067393.781929, "objects": [{"color": "cv_", "id_name": "hand", "shape": "CVCylinder", "id_string": "ob383", "world_size": [0.12, 0.005, 0.12], "id": 383, "camera_size": [55, 59], "camera_position": [245, 480], "world_position": [0.20085555182878745, 0.8206594937881748, -0.17411715726067933], "world_orientation": [0.0002896023675242919, 0.34129749358844413, 0.9399552845751304, -0.0007211929997918713, -0.939955008264285, 0.3412976154612643, 0.9999996980055175, -0.0007767297688211594, -2.6071832536688824e-05], "world_rotation": [0.0, 1.0, 0.0, 0.0]}, {"color": "CVPurple", "id_name": "object218216297094648", "shape": "CVBox", "id_string": "ob527", "world_size": [0.09, 0.09, 0.09], "id": 527, "camera_size": [37, 37], "camera_position": [256, 254], "world_position": [0.705, 0.6448569696296074, -0.15], "world_orientation": [1.0, -4.331917303826236e-17, -1.1712398707441946e-17, 4.331917303826236e-17, 1.0, -5.775889738434995e-17, 1.1712398707441946e-17, 5.775889738434995e-17, 1.0], "world_rotation": [-0.7896765794068324, 0.16013129347666225, -0.5922574345551229, -7.314247236221149e-17]}], "source": "action wait"}
{"timestamp": 1706067393.810615, "objects": [{"color": "cv_", "id_name": "hand", "shape": "CVCylinder", "id_string": "ob383", "world_size": [0.12, 0.005, 0.12], "id": 383, "camera_size": [55, 58], "camera_position": [245, 451], "world_position": [0.26444809447242823, 0.8200471590567088, -0.1741144587143117], "world_orientation": [0.00026479958978501447, 0.31408486783718975, 0.9493948734203657, -0.0007342650596919273, -0.949394589706203, 0.31408497877391844, 0.9999996953679534, -0.0007802770569404386, -2.077775366705002e-05], "world_rotation": [0.0, 1.0, 0.0, 0.0]}, {"color": "CVPurple", "id_name": "object218216297094648", "shape": "CVBox", "id_string": "ob527", "world_size": [0.09, 0.09, 0.09], "id": 527, "camera_size": [37, 37], "camera_position": [256, 254], "world_position": [0.705, 0.6448569696296074, -0.15], "world_orientation": [1.0, -4.331917303826236e-17, -1.1712398707441946e-17, 4.331917303826236e-17, 1.0, -5.775889738434995e-17, 1.1712398707441946e-17, 5.775889738434995e-17, 1.0], "world_rotation": [-0.7896765794068324, 0.16013129347666225, -0.5922574345551229, -7.314247236221149e-17]}], "source": "action wait"}
{"timestamp": 1706067393.842217, "objects": [{"color": "cv_", "id_name": "hand", "shape": "CVCylinder", "id_string": "ob383", "world_size": [0.12, 0.005, 0.12], "id": 383, "camera_size": [54, 57], "camera_position": [245, 421], "world_position": [0.3286839958959662, 0.8065085470247175, -0.17411207789298552], "world_orientation": [0.00022317452867960688, 0.2663372225421781, 0.9638798857127626, -0.0007488015109196239, -0.9638795949825877, 0.26633731558401696, 0.999999694744667, -0.0007811944196422316, -1.567965965996141e-05], "world_rotation": [0.0, 1.0, 0.0, 0.0]}, {"color": "CVPurple", "id_name": "object218216297094648", "shape": "CVBox", "id_string": "ob527", "world_size": [0.09, 0.09, 0.09], "id": 527, "camera_size": [37, 37], "camera_position": [256, 254], "world_position": [0.705, 0.6448569696296074, -0.15], "world_orientation": [1.0, -4.331917303826236e-17, -1.1712398707441946e-17, 4.331917303826236e-17, 1.0, -5.775889738434995e-17, 1.1712398707441946e-17, 5.775889738434995e-17, 1.0], "world_rotation": [-0.7896765794068324, 0.16013129347666225, -0.5922574345551229, -7.314247236221149e-17]}], "source": "action wait"}
{"timestamp": 1706067393.878504, "objects": [{"color": "cv_", "id_name": "hand", "shape": "CVCylinder", "id_string": "ob383", "world_size": [0.12, 0.005, 0.12], "id": 383, "camera_size": [53, 54], "camera_position": [245, 390], "world_position": [0.39177371485775275, 0.7818264338849721, -0.17410982042283915], "world_orientation": [0.00016936895643689229, 0.20337504363026135, 0.9791008951801372, -0.0007623316790182767, -0.9791005984623753, 0.20337511386851137, 0.9999996950822374, -0.0007808450601524058, -1.0790008126806192e-05], "world_rotation": [0.0, 1.0, 0.0, 0.0]}, {"color": "CVPurple", "id_name": "object218216297094648", "shape": "CVBox", "id_string": "ob527", "world_size": [0.09, 0.09, 0.09], "id": 527, "camera_size": [37, 37], "camera_position": [256, 254], "world_position": [0.705, 0.6448569696296074, -0.15], "world_orientation": [1.0, -4.331917303826236e-17, -1.1712398707441946e-17, 4.331917303826236e-17, 1.0, -5.775889738434995e-17, 1.1712398707441946e-17, 5.775889738434995e-17, 1.0], "world_rotation": [-0.7896765794068324, 0.16013129347666225, -0.5922574345551229, -7.314247236221149e-17]}], "source": "action wait"}
{"timestamp": 1706067393.9162, "objects": [{"color": "cv_", "id_name": "hand", "shape": "CVCylinder", "id_string": "ob383", "world_size": [0.12, 0.005, 0.12], "id": 383, "camera_size": [52, 52], "camera_position": [245, 365], "world_position": [0.4440182376809386, 0.7535275850593393, -0.17410319275771663], "world_orientation": [0.00010722828030674813, 0.14346074431392936, 0.9896560025296615, -0.0007677362599547769, -0.9896557047479655, 0.14346078433092038, 0.9999996995415203, -0.0007751778512194821, 4.0209359744302395e-06], "world_rotation": [0.0, 1.0, 0.0, 0.0]}, {"color": "CVPurple", "id_name": "object218216297094648", "shape": "CVBox", "id_string": "ob527", "world_size": [0.09, 0.09, 0.09], "id": 527, "camera_size": [37, 37], "camera_position": [256, 254], "world_position": [0.705, 0.6448569696296074, -0.15], "world_orientation": [1.0, -4.331917303826236e-17, -1.1712398707441946e-17, 4.331917303826236e-17, 1.0, -5.775889738434995e-17, 1.1712398707441946e-17, 5.775889738434995e-17, 1.0], "world_rotation": [-0.7896765794068324, 0.16013129347666225, -0.5922574345551229, -7.314247236221149e-17]}], "source": "action wait"}
{"timestamp": 1706067393.954052, "objects": [{"color": "cv_", "id_name": "hand", "shape": "CVCylinder", "id_string": "ob383", "world_size": [0.12, 0.005, 0.12], "id": 383, "camera_size": [51, 51], "camera_position": [246, 349], "world_position": [0.4794883425931921, 0.7302737022506718, -0.17409841974175105], "world_orientation": [6.308845482359867e-05, 0.10083941471022546, 0.9949027130633157, -0.0007666399954214602, -0.9949024177954815, 0.10083943339697476, 0.9999997041414385, -0.0007690940154262849, 1.45406721931698e-05], "world_rotation": [0.0, 1.0, 0.0, 0.0]}, {"color": "CVPurple", "id_name": "object218216297094648", "shape": "CVBox", "id_string": "ob527", "world_size": [0.09, 0.09, 0.09], "id": 527, "camera_size": [37, 37], "camera_position": [256, 254], "world_position": [0.705, 0.6448569696296074, -0.15], "world_orientation": [1.0, -4.331917303826236e-17, -1.1712398707441946e-17, 4.331917303826236e-17, 1.0, -5.775889738434995e-17, 1.1712398707441946e-17, 5.775889738434995e-17, 1.0], "world_rotation": [-0.7896765794068324, 0.16013129347666225, -0.5922574345551229, -7.314247236221149e-17]}], "source": "action wait"}
{"timestamp": 1706067393.987545, "objects": [{"color": "cv_", "id_name": "hand", "shape": "CVCylinder", "id_string": "ob383", "world_size": [0.12, 0.005, 0.12], "id": 383, "camera_size": [50, 51], "camera_position": [245, 338], "world_position": [0.5036374422189528, 0.7123240647517693, -0.17409669332665684], "world_orientation": [3.565884958386027e-05, 0.07067307521278485, 0.9974995314126291, -0.0007644590499680436, -0.9974992386520584, 0.07067308179869344, 0.9999997071653608, -0.0007650676649210915, 1.8456996624765714e-05], "world_rotation": [0.0, 1.0, 0.0, 0.0]}, {"color": "CVPurple", "id_name": "object218216297094648", "shape": "CVBox", "id_string": "ob527", "world_size": [0.09, 0.09, 0.09], "id": 527, "camera_size": [37, 37], "camera_position": [256, 254], "world_position": [0.705, 0.6448569696296074, -0.15], "world_orientation": [1.0, -4.331917303826236e-17, -1.1712398707441946e-17, 4.331917303826236e-17, 1.0, -5.775889738434995e-17, 1.1712398707441946e-17, 5.775889738434995e-17, 1.0], "world_rotation": [-0.7896765794068324, 0.16013129347666225, -0.5922574345551229, -7.314247236221149e-17]}], "source": "action wait"}
{"timestamp": 1706067394.018632, "objects": [{"color": "cv_", "id_name": "hand", "shape": "CVCylinder", "id_string": "ob383", "world_size": [0.12, 0.005, 0.12], "id": 383, "camera_size": [49, 50], "camera_position": [246, 330], "world_position": [0.5201952127583453, 0.6989411101807681, -0.17409660723269282], "world_orientation": [1.878586284726665e-05, 0.04936428077867055, 0.9987808405402538, -0.0007627110916545878, -0.9987805494996552, 0.04936428073979972, 0.9999997089593988, -0.00076270857582003, 1.8887730064407194e-05], "world_rotation": [0.0, 1.0, 0.0, 0.0]}, {"color": "CVPurple", "id_name": "object218216297094648", "shape": "CVBox", "id_string": "ob527", "world_size": [0.09, 0.09, 0.09], "id": 527, "camera_size": [37, 37], "camera_position": [256, 254], "world_position": [0.705, 0.6448569696296074, -0.15], "world_orientation": [1.0, -4.331917303826236e-17, -1.1712398707441946e-17, 4.331917303826236e-17, 1.0, -5.775889738434995e-17, 1.1712398707441946e-17, 5.775889738434995e-17, 1.0], "world_rotation": [-0.7896765794068324, 0.16013129347666225, -0.5922574345551229, -7.314247236221149e-17]}], "source": "action wait"}
{"timestamp": 1706067394.044359, "objects": [{"color": "cv_", "id_name": "hand", "shape": "CVCylinder", "id_string": "ob383", "world_size": [0.12, 0.005, 0.12], "id": 383, "camera_size": [49, 49], "camera_position": [246, 325], "world_position": [0.531622352763491, 0.6891683648388778, -0.17409732205448156], "world_orientation": [8.529089833182592e-06, 0.03432677054385259, 0.9994106627164253, -0.0007616711980550678, -0.9994103726291783, 0.034326767080415425, 0.9999997098920784, -0.0007615150929006821, 1.762165159750536e-05], "world_rotation": [0.0, 1.0, 0.0, 0.0]}, {"color": "CVPurple", "id_name": "object218216297094648", "shape": "CVBox", "id_string": "ob527", "world_size": [0.09, 0.09, 0.09], "id": 527, "camera_size": [37, 37], "camera_position": [256, 254], "world_position": [0.705, 0.6448569696296074, -0.15], "world_orientation": [1.0, -4.331917303826236e-17, -1.1712398707441946e-17, 4.331917303826236e-17, 1.0, -5.775889738434995e-17, 1.1712398707441946e-17, 5.775889738434995e-17, 1.0], "world_rotation": [-0.7896765794068324, 0.16013129347666225, -0.5922574345551229, -7.314247236221149e-17]}], "source": "action wait"}
{"timestamp": 1706067394.07379, "objects": [{"color": "cv_", "id_name": "hand", "shape": "CVCylinder", "id_string": "ob383", "world_size": [0.12, 0.005, 0.12], "id": 383, "camera_size": [49, 50], "camera_position": [246, 321], "world_position": [0.5395517248088232, 0.6821244337614625, -0.17409835725193296], "world_orientation": [2.4068302306943368e-06, 0.023719804225758877, 0.9997186458607737, -0.0007612160675713104, -0.9997183561767343, 0.0237197991852101, 0.999999710272111, -0.0007610589858099527, 1.5649743734840206e-05], "world_rotation": [0.0, 1.0, 0.0, 0.0]}, {"color": "CVPurple", "id_name": "object218216297094648", "shape": "CVBox", "id_string": "ob527", "world_size": [0.09, 0.09, 0.09], "id": 527, "camera_size": [37, 37], "camera_position": [256, 254], "world_position": [0.705, 0.6448569696296074, -0.15], "world_orientation": [1.0, -4.331917303826236e-17, -1.1712398707441946e-17, 4.331917303826236e-17, 1.0, -5.775889738434995e-17, 1.1712398707441946e-17, 5.775889738434995e-17, 1.0], "world_rotation": [-0.7896765794068324, 0.16013129347666225, -0.5922574345551229, -7.314247236221149e-17]}], "source": "action wait"}
