{"timestamp": 1706067853.60343, "objects": [{"color": "cv_", "id_name": "hand", "shape": "CVCylinder", "id_string": "ob383", "world_size": [0.12, 0.005, 0.12], "id": 383, "camera_size": [48, 50], "camera_position": [246, 426], "world_position": [0.2676445155401392, 0.6334703013847367, -0.17389260400847495], "world_orientation": [-0.0006415490536666444, 0.19791547486640854, 0.9802188802625746, -0.0007473671016077982, -0.9802189031249686, 0.19791499033397955, 0.999999514928496, -0.0006056111687281569, 0.000776774024500648], "world_rotation": [0.0, 1.0, 0.0, 0.0]}, {"color": "CVRed", "id_name": "object100582923022255", "shape": "CVSphere", "id_string": "ob604", "world_size": [0.11, 0.11, 0.11], "id": 604, "camera_size": [45, 45], "camera_position": [256, 254], "world_position": [0.705, 0.654738849708696, -0.15], "world_orientation": [1.0, -5.1619362862653347e-17, 1.4541359828532488e-17, 5.1619362862653347e-17, 1.0, 2.3824321321224633e-17, -1.4541359828532488e-17, -2.3824321321224633e-17, 1.0], "world_rotation": [-0.4059884517598224, 0.2477982093873522, 0.8796416454796148, 5.868226354211375e-17]}], "source": "manual check"}
{"timestamp": 1706067854.622018, "objects": [{"color": "cv_", "id_name": "hand", "shape": "CVCylinder", "id_string": "ob383", "world_size": [0.12, 0.005, 0.12], "id": 383, "camera_size": [48, 50], "camera_position": [246, 426], "world_position": [0.2676445155401392, 0.6334703013847367, -0.17389260400847495], "world_orientation": [-0.0006415490536666444, 0.19791547486640854, 0.9802188802625746, -0.0007473671016077982, -0.9802189031249686, 0.19791499033397955, 0.999999514928496, -0.0006056111687281569, 0.000776774024500648], "world_rotation": [0.0, 1.0, 0.0, 0.0]}, {"color": "CVRed", "id_name": "object100582923022255", "shape": "CVSphere", "id_string": "ob604", "world_size": [0.11, 0.11, 0.11], "id": 604, "camera_size": [45, 45], "camera_position": [256, 254], "world_position": [0.705, 0.6547388572526824, -0.15], "world_orientation": [1.0, -3.838362879530641e-17, 1.4813540171849057e-17, 3.838362879530641e-17, 1.0, 5.294293626938881e-18, -1.4813540171849057e-17, -5.294293626938881e-18, 1.0], "world_rotation": [-0.1276280613210114, 0.35710588544125776, 0.925303444577321, 4.1482206750932463e-17]}], "source": "manual check"}
{"timestamp": 1706067855.606864, "objects": [{"color": "cv_", "id_name": "hand", "shape": "CVCylinder", "id_string": "ob383", "world_size": [0.12, 0.005, 0.12], "id": 383, "camera_size": [48, 50], "camera_position": [246, 426], "world_position": [0.2676445155401392, 0.6334703013847367, -0.17389260400847495], "world_orientation": [-0.0006415490536666444, 0.19791547486640854, 0.9802188802625746, -0.0007473671016077982, -0.9802189031249686, 0.19791499033397955, 0.999999514928496, -0.0006056111687281569, 0.000776774024500648], "world_rotation": [0.0, 1.0, 0.0, 0.0]}, {"color": "CVRed", "id_name": "object100582923022255", "shape": "CVSphere", "id_string": "ob604", "world_size": [0.11, 0.11, 0.11], "id": 604, "camera_size": [45, 45], "camera_position": [256, 254], "world_position": [0.705, 0.6547388572526824, -0.15], "world_orientation": [1.0, -3.838362879530641e-17, 1.4813540171849057e-17, 3.838362879530641e-17, 1.0, 5.294293626938881e-18, -1.4813540171849057e-17, -5.294293626938881e-18, 1.0], "world_rotation": [-0.1276280613210114, 0.35710588544125776, 0.925303444577321, 4.1482206750932463e-17]}], "source": "action wait"}
{"timestamp": 1706067855.638294, "objects": [{"color": "cv_", "id_name": "hand", "shape": "CVCylinder", "id_string": "ob383", "world_size": [0.12, 0.005, 0.12], "id": 383, "camera_size": [48, 50], "camera_position": [246, 444], "world_position": [0.2251473968989442, 0.642871133829884, -0.1739726996247666], "world_orientation": [-0.0005237070411589066, 0.08856503403233863, 0.9960702588059669, -0.0007615761818929331, -0.9960701418654813, 0.0885646232182994, 0.999999572866236, -0.0007122014678218716, 0.0005890979672510644], "world_rotation": [0.0, 1.0, 0.0, 0.0]}, {"color": "CVRed", "id_name": "object100582923022255", "shape": "CVSphere", "id_string": "ob604", "world_size": [0.11, 0.11, 0.11], "id": 604, "camera_size": [45, 45], "camera_position": [256, 254], "world_position": [0.705, 0.6547388572526824, -0.15], "world_orientation": [1.0, -3.838362879530641e-17, 1.4813540171849057e-17, 3.838362879530641e-17, 1.0, 5.294293626938881e-18, -1.4813540171849057e-17, -5.294293626938881e-18, 1.0], "world_rotation": [-0.1276280613210114, 0.35710588544125776, 0.925303444577321, 4.1482206750932463e-17]}], "source": "action wait"}
{"timestamp": 1706067855.669712, "objects": [{"color": "cv_", "id_name": "hand", "shape": "CVCylinder", "id_string": "ob383", "world_size": [0.12, 0.005, 0.12], "id": 383, "camera_size": [48, 50], "camera_position": [246, 471], "world_position": [0.16390172887521853, 0.660024284418002, -0.17403874837277614], "world_orientation": [-0.0003781910117896433, 0.06187083629080838, 0.9980840929441941, -0.0007686819877979061, -0.9980838874377178, 0.06187053228488507, 0.9999996330497128, -0.0007438103853493787, 0.00042502535266813427], "world_rotation": [0.0, 1.0, 0.0, 0.0]}, {"color": "CVRed", "id_name": "object100582923022255", "shape": "CVSphere", "id_string": "ob604", "world_size": [0.11, 0.11, 0.11], "id": 604, "camera_size": [45, 45], "camera_position": [256, 254], "world_position": [0.705, 0.6547388572526824, -0.15], "world_orientation": [1.0, -3.838362879530641e-17, 1.4813540171849057e-17, 3.838362879530641e-17, 1.0, 5.294293626938881e-18, -1.4813540171849057e-17, -5.294293626938881e-18, 1.0], "world_rotation": [-0.1276280613210114, 0.35710588544125776, 0.925303444577321, 4.1482206750932463e-17]}], "source": "action wait"}
{"timestamp": 1706067855.69974, "objects": [{"color": "cv_", "id_name": "hand", "shape": "CVCylinder", "id_string": "ob383", "world_size": [0.12, 0.005, 0.12], "id": 383, "camera_size": [49, 46], "camera_position": [246, 488], "world_position": [0.11787038780441804, 0.6676875578742709, -0.17407780476592724], "world_orientation": [-0.00025737064520956734, 0.04331338158628321, 0.999061501978688, -0.000769787135337518, -0.9990612476405795, 0.04331317225296938, 0.9999996705940044, -0.0007579171525456894, 0.00029047112184259617], "world_rotation": [0.0, 1.0, 0.0, 0.0]}, {"color": "CVRed", "id_name": "object100582923022255", "shape": "CVSphere", "id_string": "ob604", "world_size": [0.11, 0.11, 0.11], "id": 604, "camera_size": [45, 45], "camera_position": [256, 254], "world_position": [0.705, 0.6547388572526824, -0.15], "world_orientation": [1.0, -3.838362879530641e-17, 1.4813540171849057e-17, 3.838362879530641e-17, 1.0, 5.294293626938881e-18, -1.4813540171849057e-17, -5.294293626938881e-18, 1.0], "world_rotation": [-0.1276280613210114, 0.35710588544125776, 0.925303444577321, 4.1482206750932463e-17]}], "source": "action wait"}
{"timestamp": 1706067855.729985, "objects": [{"color": "cv_", "id_name": "hand", "shape": "CVCylinder", "id_string": "ob383", "world_size": [0.12, 0.005, 0.12], "id": 383, "camera_size": [49, 34], "camera_position": [246, 494], "world_position": [0.08448313086408725, 0.6707868116518327, -0.17409653108021256], "world_orientation": [-0.00017494466603837632, 0.03018097951234586, 0.9995444351653605, -0.0007681377415719105, -0.9995441596335235, 0.030180836749887353, 0.9999996896793389, -0.000762507828623074, 0.0001980480686391128], "world_rotation": [0.0, 1.0, 0.0, 0.0]}, {"color": "CVRed", "id_name": "object100582923022255", "shape": "CVSphere", "id_string": "ob604", "world_size": [0.11, 0.11, 0.11], "id": 604, "camera_size": [45, 45], "camera_position": [256, 254], "world_position": [0.705, 0.6547388572526824, -0.15], "world_orientation": [1.0, -3.838362879530641e-17, 1.4813540171849057e-17, 3.838362879530641e-17, 1.0, 5.294293626938881e-18, -1.4813540171849057e-17, -5.294293626938881e-18, 1.0], "world_rotation": [-0.1276280613210114, 0.35710588544125776, 0.925303444577321, 4.1482206750932463e-17]}], "source": "action wait"}
{"timestamp": 1706067855.771563, "objects": [{"color": "cv_", "id_name": "hand", "shape": "CVCylinder", "id_string": "ob383", "world_size": [0.12, 0.005, 0.12], "id": 383, "camera_size": [49, 25], "camera_position": [246, 499], "world_position": [0.06057139879963488, 0.6718147197287536, -0.1741050842386957], "world_orientation": [-0.00011909993415531339, 0.02089181179935105, 0.9997817351877091, -0.0007661270137019573, -0.9997814507735513, 0.020891714590530255, 0.9999996994322572, -0.0007634715933013584, 0.00013507968634186545], "world_rotation": [0.0, 1.0, 0.0, 0.0]}, {"color": "CVRed", "id_name": "object100582923022255", "shape": "CVSphere", "id_string": "ob604", "world_size": [0.11, 0.11, 0.11], "id": 604, "camera_size": [45, 45], "camera_position": [256, 254], "world_position": [0.705, 0.6547388572526824, -0.15], "world_orientation": [1.0, -3.838362879530641e-17, 1.4813540171849057e-17, 3.838362879530641e-17, 1.0, 5.294293626938881e-18, -1.4813540171849057e-17, -5.294293626938881e-18, 1.0], "world_rotation": [-0.1276280613210114, 0.35710588544125776, 0.925303444577321, 4.1482206750932463e-17]}], "source": "action wait"}
{"timestamp": 1706067855.798411, "objects": [{"color": "cv_", "id_name": "hand", "shape": "CVCylinder", "id_string": "ob383", "world_size": [0.12, 0.005, 0.12], "id": 383, "camera_size": [49, 19], "camera_position": [246, 502], "world_position": [0.04356470180057836, 0.6719702547864497, -0.17410869589571445], "world_orientation": [-8.139268849271292e-05, 0.01432298832990586, 0.999897417428674, -0.0007645365883482574, -0.9998971294038429, 0.014322921970034054, 0.9999997044294741, -0.0007632923790933015, 9.233476421139249e-05], "world_rotation": [0.0, 1.0, 0.0, 0.0]}, {"color": "CVRed", "id_name": "object100582923022255", "shape": "CVSphere", "id_string": "ob604", "world_size": [0.11, 0.11, 0.11], "id": 604, "camera_size": [45, 45], "camera_position": [256, 254], "world_position": [0.705, 0.6547388572526824, -0.15], "world_orientation": [1.0, -3.838362879530641e-17, 1.4813540171849057e-17, 3.838362879530641e-17, 1.0, 5.294293626938881e-18, -1.4813540171849057e-17, -5.294293626938881e-18, 1.0], "world_rotation": [-0.1276280613210114, 0.35710588544125776, 0.925303444577321, 4.1482206750932463e-17]}], "source": "action wait"}
{"timestamp": 1706067855.835041, "objects": [{"color": "cv_", "id_name": "hand", "shape": "CVCylinder", "id_string": "ob383", "world_size": [0.12, 0.005, 0.12], "id": 383, "camera_size": [49, 15], "camera_position": [246, 504], "world_position": [0.03151657215083481, 0.6718051325675616, -0.17410998506329567], "world_orientation": [-5.599143748319641e-05, 0.009678710658695754, 0.9999531586154146, -0.0007634923503298092, -0.9999528691499412, 0.009678665105875527, 0.999999706972152, -0.0007629146649191795, 6.337842010848938e-05], "world_rotation": [0.0, 1.0, 0.0, 0.0]}, {"color": "CVRed", "id_name": "object100582923022255", "shape": "CVSphere", "id_string": "ob604", "world_size": [0.11, 0.11, 0.11], "id": 604, "camera_size": [45, 45], "camera_position": [256, 254], "world_position": [0.705, 0.6547388572526824, -0.15], "world_orientation": [1.0, -3.838362879530641e-17, 1.4813540171849057e-17, 3.838362879530641e-17, 1.0, 5.294293626938881e-18, -1.4813540171849057e-17, -5.294293626938881e-18, 1.0], "world_rotation": [-0.1276280613210114, 0.35710588544125776, 0.925303444577321, 4.1482206750932463e-17]}], "source": "action wait"}
{"timestamp": 1706067855.868265, "objects": [{"color": "cv_", "id_name": "hand", "shape": "CVCylinder", "id_string": "ob383", "world_size": [0.12, 0.005, 0.12], "id": 383, "camera_size": [49, 12], "camera_position": [246, 505], "world_position": [0.023000638331541562, 0.6715586877873394, -0.174110236558828], "world_orientation": [-3.8914091986919947e-05, 0.006395558149744847, 0.9999795474516701, -0.0007628979070622196, -0.9999792573979764, 0.006395526606565585, 0.9999997082361959, -0.0007626334277455974, 4.3792442734698414e-05], "world_rotation": [0.0, 1.0, 0.0, 0.0]}, {"color": "CVRed", "id_name": "object100582923022255", "shape": "CVSphere", "id_string": "ob604", "world_size": [0.11, 0.11, 0.11], "id": 604, "camera_size": [45, 45], "camera_position": [256, 254], "world_position": [0.705, 0.6547388572526824, -0.15], "world_orientation": [1.0, -3.838362879530641e-17, 1.4813540171849057e-17, 3.838362879530641e-17, 1.0, 5.294293626938881e-18, -1.4813540171849057e-17, -5.294293626938881e-18, 1.0], "world_rotation": [-0.1276280613210114, 0.35710588544125776, 0.925303444577321, 4.1482206750932463e-17]}], "source": "action wait"}
{"timestamp": 1706067855.901701, "objects": [{"color": "cv_", "id_name": "hand", "shape": "CVCylinder", "id_string": "ob383", "world_size": [0.12, 0.005, 0.12], "id": 383, "camera_size": [49, 10], "camera_position": [246, 506], "world_position": [0.01698935045474328, 0.6713249255080815, -0.17411006643644097], "world_orientation": [-2.7426581388077178e-05, 0.004074858020215015, 0.9999916973554821, -0.0007626140513831214, -0.999991407029093, 0.0040748359210966995, 0.9999997088337532, -0.0007624959608510833, 3.053388969623412e-05], "world_rotation": [0.0, 1.0, 0.0, 0.0]}, {"color": "CVRed", "id_name": "object100582923022255", "shape": "CVSphere", "id_string": "ob604", "world_size": [0.11, 0.11, 0.11], "id": 604, "camera_size": [45, 45], "camera_position": [256, 254], "world_position": [0.705, 0.6547388572526824, -0.15], "world_orientation": [1.0, -3.838362879530641e-17, 1.4813540171849057e-17, 3.838362879530641e-17, 1.0, 5.294293626938881e-18, -1.4813540171849057e-17, -5.294293626938881e-18, 1.0], "world_rotation": [-0.1276280613210114, 0.35710588544125776, 0.925303444577321, 4.1482206750932463e-17]}], "source": "action wait"}
{"timestamp": 1706067855.933932, "objects": [{"color": "cv_", "id_name": "hand", "shape": "CVCylinder", "id_string": "ob383", "world_size": [0.12, 0.005, 0.12], "id": 383, "camera_size": [49, 9], "camera_position": [246, 507], "world_position": [0.012749365887165146, 0.6711333778369226, -0.17410976034104583], "world_orientation": [-1.9717671443072482e-05, 0.0024346084636932114, 0.9999970361420288, -0.0007625218204128725, -0.9999967456540823, 0.0024345927212678017, 0.9999997090858013, -0.0007624715559074842, 2.1574049353042016e-05], "world_rotation": [0.0, 1.0, 0.0, 0.0]}, {"color": "CVRed", "id_name": "object100582923022255", "shape": "CVSphere", "id_string": "ob604", "world_size": [0.11, 0.11, 0.11], "id": 604, "camera_size": [45, 45], "camera_position": [256, 254], "world_position": [0.705, 0.6547388572526824, -0.15], "world_orientation": [1.0, -3.838362879530641e-17, 1.4813540171849057e-17, 3.838362879530641e-17, 1.0, 5.294293626938881e-18, -1.4813540171849057e-17, -5.294293626938881e-18, 1.0], "world_rotation": [-0.1276280613210114, 0.35710588544125776, 0.925303444577321, 4.1482206750932463e-17]}], "source": "action wait"}
{"timestamp": 1706067855.96254, "objects": [{"color": "cv_", "id_name": "hand", "shape": "CVCylinder", "id_string": "ob383", "world_size": [0.12, 0.005, 0.12], "id": 383, "camera_size": [49, 8], "camera_position": [246, 507], "world_position": [0.009760093901783002, 0.6709870584483932, -0.17410944319997498], "world_orientation": [-1.4535830583745501e-05, 0.0012753800311741995, 0.999999186596912, -0.0007625357743636089, -0.9999988959864843, 0.0012753685764356508, 0.999999709163909, -0.0007625166155734737, 1.550833743603595e-05], "world_rotation": [0.0, 1.0, 0.0, 0.0]}, {"color": "CVRed", "id_name": "object100582923022255", "shape": "CVSphere", "id_string": "ob604", "world_size": [0.11, 0.11, 0.11], "id": 604, "camera_size": [45, 45], "camera_position": [256, 254], "world_position": [0.705, 0.6547388572526824, -0.15], "world_orientation": [1.0, -3.838362879530641e-17, 1.4813540171849057e-17, 3.838362879530641e-17, 1.0, 5.294293626938881e-18, -1.4813540171849057e-17, -5.294293626938881e-18, 1.0], "world_rotation": [-0.1276280613210114, 0.35710588544125776, 0.925303444577321, 4.1482206750932463e-17]}], "source": "action wait"}
{"timestamp": 1706067855.993931, "objects": [{"color": "cv_", "id_name": "hand", "shape": "CVCylinder", "id_string": "ob383", "world_size": [0.12, 0.005, 0.12], "id": 383, "camera_size": [49, 7], "camera_position": [246, 508], "world_position": [0.007653124136084854, 0.6708795972261494, -0.17410916349540576], "world_orientation": [-1.106336383809199e-05, 0.00045616073227898685, 0.9999998958974887, -0.0007626007717345302, -0.9999996051825558, 0.0004561521627358294, 0.9999997091587902, -0.0007625956457688826, 1.1411227996918526e-05], "world_rotation": [0.0, 1.0, 0.0, 0.0]}, {"color": "CVRed", "id_name": "object100582923022255", "shape": "CVSphere", "id_string": "ob604", "world_size": [0.11, 0.11, 0.11], "id": 604, "camera_size": [45, 45], "camera_position": [256, 254], "world_position": [0.705, 0.6547388572526824, -0.15], "world_orientation": [1.0, -3.838362879530641e-17, 1.4813540171849057e-17, 3.838362879530641e-17, 1.0, 5.294293626938881e-18, -1.4813540171849057e-17, -5.294293626938881e-18, 1.0], "world_rotation": [-0.1276280613210114, 0.35710588544125776, 0.925303444577321, 4.1482206750932463e-17]}], "source": "action wait"}
{"timestamp": 1706067856.027532, "objects": [{"color": "cv_", "id_name": "hand", "shape": "CVCylinder", "id_string": "ob383", "world_size": [0.12, 0.005, 0.12], "id": 383, "camera_size": [49, 7], "camera_position": [246, 508], "world_position": [0.0061682247026712215, 0.6708025295436297, -0.1741089346791423], "world_orientation": [-8.734549267513467e-06, -0.0001227431168304692, 0.9999999924289175, -0.0007626839554284463, -0.9999997016227979, -0.00012274974283625045, 0.9999997091184036, -0.0007626850218181788, 8.640932455840977e-06], "world_rotation": [0.0, 1.0, 0.0, 0.0]}, {"color": "CVRed", "id_name": "object100582923022255", "shape": "CVSphere", "id_string": "ob604", "world_size": [0.11, 0.11, 0.11], "id": 604, "camera_size": [45, 45], "camera_position": [256, 254], "world_position": [0.705, 0.6547388572526824, -0.15], "world_orientation": [1.0, -3.838362879530641e-17, 1.4813540171849057e-17, 3.838362879530641e-17, 1.0, 5.294293626938881e-18, -1.4813540171849057e-17, -5.294293626938881e-18, 1.0], "world_rotation": [-0.1276280613210114, 0.35710588544125776, 0.925303444577321, 4.1482206750932463e-17]}], "source": "action wait"}
{"timestamp": 1706067856.060808, "objects": [{"color": "CVRed", "id_name": "object100582923022255", "shape": "CVSphere", "id_string": "ob604", "world_size": [0.11, 0.11, 0.11], "id": 604, "camera_size": [45, 45], "camera_position": [256, 254], "world_position": [0.705, 0.6547388572526824, -0.15], "world_orientation": [1.0, -3.838362879530641e-17, 1.4813540171849057e-17, 3.838362879530641e-17, 1.0, 5.294293626938881e-18, -1.4813540171849057e-17, -5.294293626938881e-18, 1.0], "world_rotation": [-0.1276280613210114, 0.35710588544125776, 0.925303444577321, 4.1482206750932463e-17]}], "source": "action wait"}
{"timestamp": 1706067857.777591, "objects": [{"color": "CVRed", "id_name": "object100582923022255", "shape": "CVSphere", "id_string": "ob604", "world_size": [0.11, 0.11, 0.11], "id": 604, "camera_size": [45, 45], "camera_position": [256, 254], "world_position": [0.705, 0.6547388572526824, -0.15], "world_orientation": [1.0, -3.838362879530641e-17, 1.4813540171849057e-17, 3.838362879530641e-17, 1.0, 5.294293626938881e-18, -1.4813540171849057e-17, -5.294293626938881e-18, 1.0], "world_rotation": [-0.1276280613210114, 0.35710588544125776, 0.925303444577321, 4.1482206750932463e-17]}], "source": "action wait"}
{"timestamp": 1706067857.803878, "objects": [{"color": "cv_", "id_name": "hand", "shape": "CVCylinder", "id_string": "ob383", "world_size": [0.12, 0.005, 0.12], "id": 383, "camera_size": [51, 10], "camera_position": [246, 506], "world_position": [0.035484772028879216, 0.7265167398587672, -0.17412293324872025], "world_orientation": [0.00015799319454282978, 0.19316564225817068, 0.9811661478511876, -0.00070832287818347, -0.9811658923438263, 0.19316570601388763, 0.9999997366583907, -0.0007255012967916879, -1.8193890016972773e-05], "world_rotation": [0.0, 1.0, 0.0, 0.0]}, {"color": "CVRed", "id_name": "object100582923022255", "shape": "CVSphere", "id_string": "ob604", "world_size": [0.11, 0.11, 0.11], "id": 604, "camera_size": [45, 45], "camera_position": [256, 254], "world_position": [0.705, 0.6547388572526824, -0.15], "world_orientation": [1.0, -3.838362879530641e-17, 1.4813540171849057e-17, 3.838362879530641e-17, 1.0, 5.294293626938881e-18, -1.4813540171849057e-17, -5.294293626938881e-18, 1.0], "world_rotation": [-0.1276280613210114, 0.35710588544125776, 0.925303444577321, 4.1482206750932463e-17]}], "source": "action wait"}
{"timestamp": 1706067857.834742, "objects": [{"color": "cv_", "id_name": "hand", "shape": "CVCylinder", "id_string": "ob383", "world_size": [0.12, 0.005, 0.12], "id": 383, "camera_size": [53, 21], "camera_position": [245, 501], "world_position": [0.083928072872624, 0.7794757580026546, -0.17412487115645497], "world_orientation": [0.00025695820138407565, 0.29662410213756224, 0.9549942806130138, -0.0007069824648388287, -0.9549940195900797, 0.2966242112892625, 0.9999997170740987, -0.0007513842342348712, -3.568550674614156e-05], "world_rotation": [0.0, 1.0, 0.0, 0.0]}, {"color": "CVRed", "id_name": "object100582923022255", "shape": "CVSphere", "id_string": "ob604", "world_size": [0.11, 0.11, 0.11], "id": 604, "camera_size": [45, 45], "camera_position": [256, 254], "world_position": [0.705, 0.6547388572526824, -0.15], "world_orientation": [1.0, -3.838362879530641e-17, 1.4813540171849057e-17, 3.838362879530641e-17, 1.0, 5.294293626938881e-18, -1.4813540171849057e-17, -5.294293626938881e-18, 1.0], "world_rotation": [-0.1276280613210114, 0.35710588544125776, 0.925303444577321, 4.1482206750932463e-17]}], "source": "action wait"}
{"timestamp": 1706067857.868434, "objects": [{"color": "cv_", "id_name": "hand", "shape": "CVCylinder", "id_string": "ob383", "world_size": [0.12, 0.005, 0.12], "id": 383, "camera_size": [55, 37], "camera_position": [245, 493], "world_position": [0.14081090045332717, 0.811382428535541, -0.17412065549580674], "world_orientation": [0.0002882186436715473, 0.3365739010484674, 0.941657010839419, -0.0007128902281746719, -0.9416567415149002, 0.33657402298315225, 0.9999997043587243, -0.0007683049897190917, -3.1462783727045994e-05], "world_rotation": [0.0, 1.0, 0.0, 0.0]}, {"color": "CVRed", "id_name": "object100582923022255", "shape": "CVSphere", "id_string": "ob604", "world_size": [0.11, 0.11, 0.11], "id": 604, "camera_size": [45, 45], "camera_position": [256, 254], "world_position": [0.705, 0.6547388572526824, -0.15], "world_orientation": [1.0, -3.838362879530641e-17, 1.4813540171849057e-17, 3.838362879530641e-17, 1.0, 5.294293626938881e-18, -1.4813540171849057e-17, -5.294293626938881e-18, 1.0], "world_rotation": [-0.1276280613210114, 0.35710588544125776, 0.925303444577321, 4.1482206750932463e-17]}], "source": "action wait"}
{"timestamp": 1706067857.90348, "objects": [{"color": "cv_", "id_name": "hand", "shape": "CVCylinder", "id_string": "ob383", "world_size": [0.12, 0.005, 0.12], "id": 383, "camera_size": [55, 59], "camera_position": [245, 480], "world_position": [0.2022461605360619, 0.8254650488475636, -0.1741172892259845], "world_orientation": [0.0002860965494888006, 0.336708753277973, 0.9416088007313639, -0.0007225621682486958, -0.9416085238567954, 0.33670887381258613, 0.9999996980262931, -0.0007767021436787702, -2.6097942807359155e-05], "world_rotation": [0.0, 1.0, 0.0, 0.0]}, {"color": "CVRed", "id_name": "object100582923022255", "shape": "CVSphere", "id_string": "ob604", "world_size": [0.11, 0.11, 0.11], "id": 604, "camera_size": [45, 45], "camera_position": [256, 254], "world_position": [0.705, 0.6547388572526824, -0.15], "world_orientation": [1.0, -3.838362879530641e-17, 1.4813540171849057e-17, 3.838362879530641e-17, 1.0, 5.294293626938881e-18, -1.4813540171849057e-17, -5.294293626938881e-18, 1.0], "world_rotation": [-0.1276280613210114, 0.35710588544125776, 0.925303444577321, 4.1482206750932463e-17]}], "source": "action wait"}
{"timestamp": 1706067857.936809, "objects": [{"color": "cv_", "id_name": "hand", "shape": "CVCylinder", "id_string": "ob383", "world_size": [0.12, 0.005, 0.12], "id": 383, "camera_size": [55, 58], "camera_position": [245, 451], "world_position": [0.26630005887903263, 0.8244649756811133, -0.17411455251811397], "world_orientation": [0.0002606651249186136, 0.30881052162014827, 0.9511235428641143, -0.0007356853325409472, -0.951123258567212, 0.3088106309367932, 0.9999996954103456, -0.0007802238016090604, -2.073729171669944e-05], "world_rotation": [0.0, 1.0, 0.0, 0.0]}, {"color": "CVRed", "id_name": "object100582923022255", "shape": "CVSphere", "id_string": "ob604", "world_size": [0.11, 0.11, 0.11], "id": 604, "camera_size": [45, 45], "camera_position": [256, 254], "world_position": [0.705, 0.6547388572526824, -0.15], "world_orientation": [1.0, -3.838362879530641e-17, 1.4813540171849057e-17, 3.838362879530641e-17, 1.0, 5.294293626938881e-18, -1.4813540171849057e-17, -5.294293626938881e-18, 1.0], "world_rotation": [-0.1276280613210114, 0.35710588544125776, 0.925303444577321, 4.1482206750932463e-17]}], "source": "action wait"}
{"timestamp": 1706067857.971463, "objects": [{"color": "cv_", "id_name": "hand", "shape": "CVCylinder", "id_string": "ob383", "world_size": [0.12, 0.005, 0.12], "id": 383, "camera_size": [54, 56], "camera_position": [245, 420], "world_position": [0.33095516964804517, 0.8105593050481359, -0.1741121411753562], "world_orientation": [0.00021854982604850112, 0.2605248615103426, 0.9654671142876853, -0.0007501096156748455, -0.9654668230184318, 0.26052495271328774, 0.9999996947857225, -0.0007811438491421057, -1.558040248456577e-05], "world_rotation": [0.0, 1.0, 0.0, 0.0]}, {"color": "CVRed", "id_name": "object100582923022255", "shape": "CVSphere", "id_string": "ob604", "world_size": [0.11, 0.11, 0.11], "id": 604, "camera_size": [45, 45], "camera_position": [256, 254], "world_position": [0.705, 0.6547388572526824, -0.15], "world_orientation": [1.0, -3.838362879530641e-17, 1.4813540171849057e-17, 3.838362879530641e-17, 1.0, 5.294293626938881e-18, -1.4813540171849057e-17, -5.294293626938881e-18, 1.0], "world_rotation": [-0.1276280613210114, 0.35710588544125776, 0.925303444577321, 4.1482206750932463e-17]}], "source": "action wait"}
{"timestamp": 1706067858.004347, "objects": [{"color": "cv_", "id_name": "hand", "shape": "CVCylinder", "id_string": "ob383", "world_size": [0.12, 0.005, 0.12], "id": 383, "camera_size": [53, 55], "camera_position": [245, 390], "world_position": [0.3944231569132851, 0.7855166183339917, -0.17410985824908523], "world_orientation": [0.00016437365563920758, 0.19714365364984882, 0.98037459820565, -0.0007633903550791724, -0.9803743010480648, 0.1971437218875732, 0.9999996951081872, -0.0007808137468880705, -1.0650143996210856e-05], "world_rotation": [0.0, 1.0, 0.0, 0.0]}, {"color": "CVRed", "id_name": "object100582923022255", "shape": "CVSphere", "id_string": "ob604", "world_size": [0.11, 0.11, 0.11], "id": 604, "camera_size": [45, 45], "camera_position": [256, 254], "world_position": [0.705, 0.6547388572526824, -0.15], "world_orientation": [1.0, -3.838362879530641e-17, 1.4813540171849057e-17, 3.838362879530641e-17, 1.0, 5.294293626938881e-18, -1.4813540171849057e-17, -5.294293626938881e-18, 1.0], "world_rotation": [-0.1276280613210114, 0.35710588544125776, 0.925303444577321, 4.1482206750932463e-17]}], "source": "action wait"}
{"timestamp": 1706067858.036118, "objects": [{"color": "cv_", "id_name": "hand", "shape": "CVCylinder", "id_string": "ob383", "world_size": [0.12, 0.005, 0.12], "id": 383, "camera_size": [52, 53], "camera_position": [245, 365], "world_position": [0.4457405387943085, 0.757774611808685, -0.17410287705104766], "world_orientation": [0.00010273227514922096, 0.13900931481530376, 0.9902910682423928, -0.0007679255323009003, -0.9902907705094379, 0.1390093526860718, 0.9999996998681833, -0.0007747505427816258, 5.013978161027505e-06], "world_rotation": [0.0, 1.0, 0.0, 0.0]}, {"color": "CVRed", "id_name": "object100582923022255", "shape": "CVSphere", "id_string": "ob604", "world_size": [0.11, 0.11, 0.11], "id": 604, "camera_size": [45, 45], "camera_position": [256, 254], "world_position": [0.705, 0.6547388572526824, -0.15], "world_orientation": [1.0, -3.838362879530641e-17, 1.4813540171849057e-17, 3.838362879530641e-17, 1.0, 5.294293626938881e-18, -1.4813540171849057e-17, -5.294293626938881e-18, 1.0], "world_rotation": [-0.1276280613210114, 0.35710588544125776, 0.925303444577321, 4.1482206750932463e-17]}], "source": "action wait"}
{"timestamp": 1706067858.066324, "objects": [{"color": "cv_", "id_name": "hand", "shape": "CVCylinder", "id_string": "ob383", "world_size": [0.12, 0.005, 0.12], "id": 383, "camera_size": [51, 52], "camera_position": [246, 348], "world_position": [0.48060006628484414, 0.7350588113980244, -0.17409836404240409], "world_orientation": [6.014328926115281e-05, 0.09768384271079102, 0.9952174954531487, -0.0007666212910707687, -0.9952172003003975, 0.09768386006927955, 0.9999997043372468, -0.0007688299499131204, 1.503087766075716e-05], "world_rotation": [0.0, 1.0, 0.0, 0.0]}, {"color": "CVRed", "id_name": "object100582923022255", "shape": "CVSphere", "id_string": "ob604", "world_size": [0.11, 0.11, 0.11], "id": 604, "camera_size": [45, 45], "camera_position": [256, 254], "world_position": [0.705, 0.6547388572526824, -0.15], "world_orientation": [1.0, -3.838362879530641e-17, 1.4813540171849057e-17, 3.838362879530641e-17, 1.0, 5.294293626938881e-18, -1.4813540171849057e-17, -5.294293626938881e-18, 1.0], "world_rotation": [-0.1276280613210114, 0.35710588544125776, 0.925303444577321, 4.1482206750932463e-17]}], "source": "action wait"}
{"timestamp": 1706067858.098429, "objects": [{"color": "cv_", "id_name": "hand", "shape": "CVCylinder", "id_string": "ob383", "world_size": [0.12, 0.005, 0.12], "id": 383, "camera_size": [51, 51], "camera_position": [246, 338], "world_position": [0.5043616133052597, 0.7175564188327304, -0.17409678678789312], "world_orientation": [3.374341072032804e-05, 0.06844199284369923, 0.9976550969533335, -0.0007644117066062659, -0.9976548042783457, 0.06844199861984282, 0.9999997072680198, -0.0007649287017368254, 1.8653584735701546e-05], "world_rotation": [0.0, 1.0, 0.0, 0.0]}, {"color": "CVRed", "id_name": "object100582923022255", "shape": "CVSphere", "id_string": "ob604", "world_size": [0.11, 0.11, 0.11], "id": 604, "camera_size": [45, 45], "camera_position": [256, 254], "world_position": [0.705, 0.6547388572526824, -0.15], "world_orientation": [1.0, -3.838362879530641e-17, 1.4813540171849057e-17, 3.838362879530641e-17, 1.0, 5.294293626938881e-18, -1.4813540171849057e-17, -5.294293626938881e-18, 1.0], "world_rotation": [-0.1276280613210114, 0.35710588544125776, 0.925303444577321, 4.1482206750932463e-17]}], "source": "action wait"}
{"timestamp": 1706067858.130464, "objects": [{"color": "cv_", "id_name": "hand", "shape": "CVCylinder", "id_string": "ob383", "world_size": [0.12, 0.005, 0.12], "id": 383, "camera_size": [49, 50], "camera_position": [246, 330], "world_position": [0.5206700953989521, 0.7045204892018748, -0.1740967808181273], "world_orientation": [1.75428976466066e-05, 0.04778887000227079, 0.9988574590982204, -0.0007626864768452577, -0.9988571680994482, 0.0477888694748971, 0.9999997090007501, -0.0007626534315964127, 1.8925075831281432e-05], "world_rotation": [0.0, 1.0, 0.0, 0.0]}, {"color": "CVRed", "id_name": "object100582923022255", "shape": "CVSphere", "id_string": "ob604", "world_size": [0.11, 0.11, 0.11], "id": 604, "camera_size": [45, 45], "camera_position": [256, 254], "world_position": [0.705, 0.6547388572526824, -0.15], "world_orientation": [1.0, -3.838362879530641e-17, 1.4813540171849057e-17, 3.838362879530641e-17, 1.0, 5.294293626938881e-18, -1.4813540171849057e-17, -5.294293626938881e-18, 1.0], "world_rotation": [-0.1276280613210114, 0.35710588544125776, 0.925303444577321, 4.1482206750932463e-17]}], "source": "action wait"}
{"timestamp": 1706067858.16488, "objects": [{"color": "cv_", "id_name": "hand", "shape": "CVCylinder", "id_string": "ob383", "world_size": [0.12, 0.005, 0.12], "id": 383, "camera_size": [49, 49], "camera_position": [246, 325], "world_position": [0.5319342189882051, 0.6950071854289315, -0.17409753465068684], "world_orientation": [7.725327379147784e-06, 0.033215040850467815, 0.9994482282747922, -0.0007616740088994045, -0.9994479381955372, 0.03321503709758424, 0.9999997098964698, -0.0007615103357533219, 1.7577970799734524e-05], "world_rotation": [0.0, 1.0, 0.0, 0.0]}, {"color": "CVRed", "id_name": "object100582923022255", "shape": "CVSphere", "id_string": "ob604", "world_size": [0.11, 0.11, 0.11], "id": 604, "camera_size": [45, 45], "camera_position": [256, 254], "world_position": [0.705, 0.6547388572526824, -0.15], "world_orientation": [1.0, -3.838362879530641e-17, 1.4813540171849057e-17, 3.838362879530641e-17, 1.0, 5.294293626938881e-18, -1.4813540171849057e-17, -5.294293626938881e-18, 1.0], "world_rotation": [-0.1276280613210114, 0.35710588544125776, 0.925303444577321, 4.1482206750932463e-17]}], "source": "action wait"}
{"timestamp": 1706067858.20193, "objects": [{"color": "cv_", "id_name": "hand", "shape": "CVCylinder", "id_string": "ob383", "world_size": [0.12, 0.005, 0.12], "id": 383, "camera_size": [49, 50], "camera_position": [246, 321], "world_position": [0.5397552461619788, 0.6881530246523389, -0.17409858520748808], "world_orientation": [1.8693515018082168e-06, 0.022935519799722134, 0.9997369463654038, -0.0007612384409547149, -0.9997366566687066, 0.022935514577026573, 0.9999997102562289, -0.0007610810689550032, 1.559054011464267e-05], "world_rotation": [0.0, 1.0, 0.0, 0.0]}, {"color": "CVRed", "id_name": "object100582923022255", "shape": "CVSphere", "id_string": "ob604", "world_size": [0.11, 0.11, 0.11], "id": 604, "camera_size": [45, 45], "camera_position": [256, 254], "world_position": [0.705, 0.6547388572526824, -0.15], "world_orientation": [1.0, -3.838362879530641e-17, 1.4813540171849057e-17, 3.838362879530641e-17, 1.0, 5.294293626938881e-18, -1.4813540171849057e-17, -5.294293626938881e-18, 1.0], "world_rotation": [-0.1276280613210114, 0.35710588544125776, 0.925303444577321, 4.1482206750932463e-17]}], "source": "action wait"}
{"timestamp": 1706067858.238835, "objects": [{"color": "cv_", "id_name": "hand", "shape": "CVCylinder", "id_string": "ob383", "world_size": [0.12, 0.005, 0.12], "id": 383, "camera_size": [49, 49], "camera_position": [246, 319], "world_position": [0.5452081248244727, 0.6832554323383966, -0.17409968161106606], "world_orientation": [-1.5212159676699378e-06, 0.015686413993661507, 0.9998769606375104, -0.0007611791087773557, -0.9998766709956153, 0.015686408291599854, 0.9999997103019832, -0.0007610615913706725, 1.3461198981596733e-05], "world_rotation": [0.0, 1.0, 0.0, 0.0]}, {"color": "CVRed", "id_name": "object100582923022255", "shape": "CVSphere", "id_string": "ob604", "world_size": [0.11, 0.11, 0.11], "id": 604, "camera_size": [45, 45], "camera_position": [256, 254], "world_position": [0.705, 0.6547388572526824, -0.15], "world_orientation": [1.0, -3.838362879530641e-17, 1.4813540171849057e-17, 3.838362879530641e-17, 1.0, 5.294293626938881e-18, -1.4813540171849057e-17, -5.294293626938881e-18, 1.0], "world_rotation": [-0.1276280613210114, 0.35710588544125776, 0.925303444577321, 4.1482206750932463e-17]}], "source": "action wait"}
{"timestamp": 1706067858.270841, "objects": [{"color": "cv_", "id_name": "hand", "shape": "CVCylinder", "id_string": "ob383", "world_size": [0.12, 0.005, 0.12], "id": 383, "camera_size": [49, 49], "camera_position": [246, 317], "world_position": [0.5490218838315332, 0.6797748288195757, -0.17410069898834854], "world_orientation": [-3.420813172060768e-06, 0.01057479784861798, 0.9999440852561502, -0.0007613294656105527, -0.9999437954944267, 0.010574792179763865, 0.9999997101828295, -0.0007612507216804817, 1.1471526102344167e-05], "world_rotation": [0.0, 1.0, 0.0, 0.0]}, {"color": "CVRed", "id_name": "object100582923022255", "shape": "CVSphere", "id_string": "ob604", "world_size": [0.11, 0.11, 0.11], "id": 604, "camera_size": [45, 45], "camera_position": [256, 254], "world_position": [0.705, 0.6547388572526824, -0.15], "world_orientation": [1.0, -3.838362879530641e-17, 1.4813540171849057e-17, 3.838362879530641e-17, 1.0, 5.294293626938881e-18, -1.4813540171849057e-17, -5.294293626938881e-18, 1.0], "world_rotation": [-0.1276280613210114, 0.35710588544125776, 0.925303444577321, 4.1482206750932463e-17]}], "source": "action wait"}
{"timestamp": 1706067858.300539, "objects": [{"color": "cv_", "id_name": "hand", "shape": "CVCylinder", "id_string": "ob383", "world_size": [0.12, 0.005, 0.12], "id": 383, "camera_size": [49, 49], "camera_position": [246, 316], "world_position": [0.5516954837014858, 0.6773100797936669, -0.1741015847459199], "world_orientation": [-4.411946085987502e-06, 0.006970516574434516, 0.9999757056445023, -0.0007615740850204085, -0.9999754156871157, 0.00697051119312751, 0.9999997099926818, -0.0007615248295496404, 9.720402403985716e-06], "world_rotation": [0.0, 1.0, 0.0, 0.0]}, {"color": "CVRed", "id_name": "object100582923022255", "shape": "CVSphere", "id_string": "ob604", "world_size": [0.11, 0.11, 0.11], "id": 604, "camera_size": [45, 45], "camera_position": [256, 254], "world_position": [0.705, 0.6547388572526824, -0.15], "world_orientation": [1.0, -3.838362879530641e-17, 1.4813540171849057e-17, 3.838362879530641e-17, 1.0, 5.294293626938881e-18, -1.4813540171849057e-17, -5.294293626938881e-18, 1.0], "world_rotation": [-0.1276280613210114, 0.35710588544125776, 0.925303444577321, 4.1482206750932463e-17]}], "source": "action wait"}
{"timestamp": 1706067858.330905, "objects": [{"color": "cv_", "id_name": "hand", "shape": "CVCylinder", "id_string": "ob383", "world_size": [0.12, 0.005, 0.12], "id": 383, "camera_size": [49, 49], "camera_position": [246, 315], "world_position": [0.5535730035609701, 0.6755687991606709, -0.17410232585491128], "world_orientation": [-4.877883504499423e-06, 0.004429090381189428, 0.9999901915191978, -0.0007618427216019494, -0.9999899013481919, 0.004429085379767064, 0.9999997097858949, -0.0007618136445200607, 8.252104515045191e-06], "world_rotation": [0.0, 1.0, 0.0, 0.0]}, {"color": "CVRed", "id_name": "object100582923022255", "shape": "CVSphere", "id_string": "ob604", "world_size": [0.11, 0.11, 0.11], "id": 604, "camera_size": [45, 45], "camera_position": [256, 254], "world_position": [0.705, 0.6547388572526824, -0.15], "world_orientation": [1.0, -3.838362879530641e-17, 1.4813540171849057e-17, 3.838362879530641e-17, 1.0, 5.294293626938881e-18, -1.4813540171849057e-17, -5.294293626938881e-18, 1.0], "world_rotation": [-0.1276280613210114, 0.35710588544125776, 0.925303444577321, 4.1482206750932463e-17]}], "source": "action wait"}
{"timestamp": 1706067858.361491, "objects": [{"color": "cv_", "id_name": "hand", "shape": "CVCylinder", "id_string": "ob383", "world_size": [0.12, 0.005, 0.12], "id": 383, "camera_size": [49, 49], "camera_position": [246, 315], "world_position": [0.5548931254324526, 0.6743405120372039, -0.17410292941896865], "world_orientation": [-5.041724596859273e-06, 0.002637081545058497, 0.9999965228817077, -0.0007620970400863779, -0.9999962325095679, 0.0026370769370244016, 0.9999997095912991, -0.0007620810947695006, 7.051417642531237e-06], "world_rotation": [0.0, 1.0, 0.0, 0.0]}, {"color": "CVRed", "id_name": "object100582923022255", "shape": "CVSphere", "id_string": "ob604", "world_size": [0.11, 0.11, 0.11], "id": 604, "camera_size": [45, 45], "camera_position": [256, 254], "world_position": [0.705, 0.6547388572526824, -0.15], "world_orientation": [1.0, -3.838362879530641e-17, 1.4813540171849057e-17, 3.838362879530641e-17, 1.0, 5.294293626938881e-18, -1.4813540171849057e-17, -5.294293626938881e-18, 1.0], "world_rotation": [-0.1276280613210114, 0.35710588544125776, 0.925303444577321, 4.1482206750932463e-17]}], "source": "action wait"}
