{"timestamp": 1706067592.958943, "objects": [{"color": "cv_", "id_name": "hand", "shape": "CVCylinder", "id_string": "ob383", "world_size": [0.12, 0.005, 0.12], "id": 383, "camera_size": [48, 50], "camera_position": [246, 426], "world_position": [0.2676445155401379, 0.6334703013847366, -0.1738926040084786], "world_orientation": [-0.0006415511647867683, 0.19791547486640892, 0.980218880261193, -0.0007473675278619322, -0.9802189031249685, 0.1979149903323704, 0.9999995149268232, -0.0006056111687281941, 0.0007767761782227902], "world_rotation": [0.0, 1.0, 0.0, 0.0]}, {"color": "CVRed", "id_name": "object161150293753266", "shape": "CVSphere", "id_string": "ob534", "world_size": [0.11, 0.11, 0.11], "id": 534, "camera_size": [45, 45], "camera_position": [256, 254], "world_position": [0.705, 0.654738849708696, -0.15], "world_orientation": [1.0, -5.1619362862653347e-17, 1.4541359828532488e-17, 5.1619362862653347e-17, 1.0, 2.3824321321224633e-17, -1.4541359828532488e-17, -2.3824321321224633e-17, 1.0], "world_rotation": [-0.4059884517598224, 0.2477982093873522, 0.8796416454796148, 5.868226354211375e-17]}], "source": "manual check"}
{"timestamp": 1706067593.974587, "objects": [{"color": "cv_", "id_name": "hand", "shape": "CVCylinder", "id_string": "ob383", "world_size": [0.12, 0.005, 0.12], "id": 383, "camera_size": [48, 50], "camera_position": [246, 426], "world_position": [0.2676445155401379, 0.6334703013847366, -0.1738926040084786], "world_orientation": [-0.0006415511647867683, 0.19791547486640892, 0.980218880261193, -0.0007473675278619322, -0.9802189031249685, 0.1979149903323704, 0.9999995149268232, -0.0006056111687281941, 0.0007767761782227902], "world_rotation": [0.0, 1.0, 0.0, 0.0]}, {"color": "CVRed", "id_name": "object161150293753266", "shape": "CVSphere", "id_string": "ob534", "world_size": [0.11, 0.11, 0.11], "id": 534, "camera_size": [45, 45], "camera_position": [256, 254], "world_position": [0.705, 0.6547388572526824, -0.15], "world_orientation": [1.0, -3.838362879530641e-17, 1.4813540171849057e-17, 3.838362879530641e-17, 1.0, 5.294293626938881e-18, -1.4813540171849057e-17, -5.294293626938881e-18, 1.0], "world_rotation": [-0.1276280613210114, 0.35710588544125776, 0.925303444577321, 4.1482206750932463e-17]}], "source": "manual check"}
{"timestamp": 1706067594.668996, "objects": [{"color": "cv_", "id_name": "hand", "shape": "CVCylinder", "id_string": "ob383", "world_size": [0.12, 0.005, 0.12], "id": 383, "camera_size": [48, 50], "camera_position": [246, 426], "world_position": [0.2676445155401379, 0.6334703013847366, -0.1738926040084786], "world_orientation": [-0.0006415511647867683, 0.19791547486640892, 0.980218880261193, -0.0007473675278619322, -0.9802189031249685, 0.1979149903323704, 0.9999995149268232, -0.0006056111687281941, 0.0007767761782227902], "world_rotation": [0.0, 1.0, 0.0, 0.0]}, {"color": "CVRed", "id_name": "object161150293753266", "shape": "CVSphere", "id_string": "ob534", "world_size": [0.11, 0.11, 0.11], "id": 534, "camera_size": [45, 45], "camera_position": [256, 254], "world_position": [0.705, 0.6547388572526824, -0.15], "world_orientation": [1.0, -3.838362879530641e-17, 1.4813540171849057e-17, 3.838362879530641e-17, 1.0, 5.294293626938881e-18, -1.4813540171849057e-17, -5.294293626938881e-18, 1.0], "world_rotation": [-0.1276280613210114, 0.35710588544125776, 0.925303444577321, 4.1482206750932463e-17]}], "source": "action wait"}
{"timestamp": 1706067594.700647, "objects": [{"color": "cv_", "id_name": "hand", "shape": "CVCylinder", "id_string": "ob383", "world_size": [0.12, 0.005, 0.12], "id": 383, "camera_size": [48, 50], "camera_position": [246, 444], "world_position": [0.22514739453568922, 0.64287114134073, -0.17397270148330973], "world_orientation": [-0.0005236749971344868, 0.0885650211692638, 0.9960702599665273, -0.0007615736340620043, -0.9960701430089746, 0.08856461037954853, 0.9999995728849576, -0.0007122017755774009, 0.0005890658143090221], "world_rotation": [0.0, 1.0, 0.0, 0.0]}, {"color": "CVRed", "id_name": "object161150293753266", "shape": "CVSphere", "id_string": "ob534", "world_size": [0.11, 0.11, 0.11], "id": 534, "camera_size": [45, 45], "camera_position": [256, 254], "world_position": [0.705, 0.6547388572526824, -0.15], "world_orientation": [1.0, -3.838362879530641e-17, 1.4813540171849057e-17, 3.838362879530641e-17, 1.0, 5.294293626938881e-18, -1.4813540171849057e-17, -5.294293626938881e-18, 1.0], "world_rotation": [-0.1276280613210114, 0.35710588544125776, 0.925303444577321, 4.1482206750932463e-17]}], "source": "action wait"}
{"timestamp": 1706067594.731053, "objects": [{"color": "cv_", "id_name": "hand", "shape": "CVCylinder", "id_string": "ob383", "world_size": [0.12, 0.005, 0.12], "id": 383, "camera_size": [48, 50], "camera_position": [246, 471], "world_position": [0.1639017135432676, 0.6600243066057873, -0.17403875078192416], "world_orientation": [-0.00037816075361930005, 0.06187081950512381, 0.9980840939961968, -0.000768680768091056, -0.9980838884777624, 0.06187051552222928, 0.9999996330620934, -0.0007438110472160934, 0.00042499506450203984], "world_rotation": [0.0, 1.0, 0.0, 0.0]}, {"color": "CVRed", "id_name": "object161150293753266", "shape": "CVSphere", "id_string": "ob534", "world_size": [0.11, 0.11, 0.11], "id": 534, "camera_size": [45, 45], "camera_position": [256, 254], "world_position": [0.705, 0.6547388572526824, -0.15], "world_orientation": [1.0, -3.838362879530641e-17, 1.4813540171849057e-17, 3.838362879530641e-17, 1.0, 5.294293626938881e-18, -1.4813540171849057e-17, -5.294293626938881e-18, 1.0], "world_rotation": [-0.1276280613210114, 0.35710588544125776, 0.925303444577321, 4.1482206750932463e-17]}], "source": "action wait"}
{"timestamp": 1706067594.762349, "objects": [{"color": "cv_", "id_name": "hand", "shape": "CVCylinder", "id_string": "ob383", "world_size": [0.12, 0.005, 0.12], "id": 383, "camera_size": [49, 46], "camera_position": [246, 488], "world_position": [0.11787035673406143, 0.6676875894852299, -0.17407780703471992], "world_orientation": [-0.00025735661116237194, 0.04331336972532287, 0.9990615024965241, -0.0007697872680921687, -0.999061248154236, 0.043313160402610185, 0.9999996705975142, -0.000757917896483269, 0.0002904570977217261], "world_rotation": [0.0, 1.0, 0.0, 0.0]}, {"color": "CVRed", "id_name": "object161150293753266", "shape": "CVSphere", "id_string": "ob534", "world_size": [0.11, 0.11, 0.11], "id": 534, "camera_size": [45, 45], "camera_position": [256, 254], "world_position": [0.705, 0.6547388572526824, -0.15], "world_orientation": [1.0, -3.838362879530641e-17, 1.4813540171849057e-17, 3.838362879530641e-17, 1.0, 5.294293626938881e-18, -1.4813540171849057e-17, -5.294293626938881e-18, 1.0], "world_rotation": [-0.1276280613210114, 0.35710588544125776, 0.925303444577321, 4.1482206750932463e-17]}], "source": "action wait"}
{"timestamp": 1706067594.792561, "objects": [{"color": "cv_", "id_name": "hand", "shape": "CVCylinder", "id_string": "ob383", "world_size": [0.12, 0.005, 0.12], "id": 383, "camera_size": [49, 34], "camera_position": [246, 494], "world_position": [0.08448308747140937, 0.6707868482486936, -0.17409653296520816], "world_orientation": [-0.0001749301656044992, 0.030180971128111224, 0.9995444354210579, -0.0007681379222649314, -0.9995441598862104, 0.03018082837667581, 0.9999996896817368, -0.0007625084485301469, 0.0001980335738725651], "world_rotation": [0.0, 1.0, 0.0, 0.0]}, {"color": "CVRed", "id_name": "object161150293753266", "shape": "CVSphere", "id_string": "ob534", "world_size": [0.11, 0.11, 0.11], "id": 534, "camera_size": [45, 45], "camera_position": [256, 254], "world_position": [0.705, 0.6547388572526824, -0.15], "world_orientation": [1.0, -3.838362879530641e-17, 1.4813540171849057e-17, 3.838362879530641e-17, 1.0, 5.294293626938881e-18, -1.4813540171849057e-17, -5.294293626938881e-18, 1.0], "world_rotation": [-0.1276280613210114, 0.35710588544125776, 0.925303444577321, 4.1482206750932463e-17]}], "source": "action wait"}
{"timestamp": 1706067594.82641, "objects": [{"color": "cv_", "id_name": "hand", "shape": "CVCylinder", "id_string": "ob383", "world_size": [0.12, 0.005, 0.12], "id": 383, "camera_size": [49, 25], "camera_position": [246, 499], "world_position": [0.06057134620702968, 0.6718147589631607, -0.17410508571266498], "world_orientation": [-0.0001190731628718015, 0.020891805864961338, 0.999781735314905, -0.0007661269071062389, -0.9997814508972122, 0.020891708676595996, 0.9999996994355269, -0.0007634720468285501, 0.0001350529141504485], "world_rotation": [0.0, 1.0, 0.0, 0.0]}, {"color": "CVRed", "id_name": "object161150293753266", "shape": "CVSphere", "id_string": "ob534", "world_size": [0.11, 0.11, 0.11], "id": 534, "camera_size": [45, 45], "camera_position": [256, 254], "world_position": [0.705, 0.6547388572526824, -0.15], "world_orientation": [1.0, -3.838362879530641e-17, 1.4813540171849057e-17, 3.838362879530641e-17, 1.0, 5.294293626938881e-18, -1.4813540171849057e-17, -5.294293626938881e-18, 1.0], "world_rotation": [-0.1276280613210114, 0.35710588544125776, 0.925303444577321, 4.1482206750932463e-17]}], "source": "action wait"}
{"timestamp": 1706067594.861131, "objects": [{"color": "cv_", "id_name": "hand", "shape": "CVCylinder", "id_string": "ob383", "world_size": [0.12, 0.005, 0.12], "id": 383, "camera_size": [49, 19], "camera_position": [246, 502], "world_position": [0.04356464250568731, 0.6719702954322949, -0.1741086970165172], "world_orientation": [-8.13723565310801e-05, 0.0143229841206622, 0.9998974174906239, -0.0007645366412947886, -0.999897129463875, 0.0143229177763061, 0.9999997044310882, -0.0007632927236361114, 9.231443188643709e-05], "world_rotation": [0.0, 1.0, 0.0, 0.0]}, {"color": "CVRed", "id_name": "object161150293753266", "shape": "CVSphere", "id_string": "ob534", "world_size": [0.11, 0.11, 0.11], "id": 534, "camera_size": [45, 45], "camera_position": [256, 254], "world_position": [0.705, 0.6547388572526824, -0.15], "world_orientation": [1.0, -3.838362879530641e-17, 1.4813540171849057e-17, 3.838362879530641e-17, 1.0, 5.294293626938881e-18, -1.4813540171849057e-17, -5.294293626938881e-18, 1.0], "world_rotation": [-0.1276280613210114, 0.35710588544125776, 0.925303444577321, 4.1482206750932463e-17]}], "source": "action wait"}
{"timestamp": 1706067594.896635, "objects": [{"color": "cv_", "id_name": "hand", "shape": "CVCylinder", "id_string": "ob383", "world_size": [0.12, 0.005, 0.12], "id": 383, "camera_size": [49, 15], "camera_position": [246, 504], "world_position": [0.03151650803959434, 0.6718051739854964, -0.17410998590273208], "world_orientation": [-5.59783977254622e-05, 0.009678707663907198, 0.9999531586451316, -0.0007634924766267443, -0.9999528691787355, 0.00967866212102791, 0.9999997069727856, -0.0007629149176073912, 6.33653799028348e-05], "world_rotation": [0.0, 1.0, 0.0, 0.0]}, {"color": "CVRed", "id_name": "object161150293753266", "shape": "CVSphere", "id_string": "ob534", "world_size": [0.11, 0.11, 0.11], "id": 534, "camera_size": [45, 45], "camera_position": [256, 254], "world_position": [0.705, 0.6547388572526824, -0.15], "world_orientation": [1.0, -3.838362879530641e-17, 1.4813540171849057e-17, 3.838362879530641e-17, 1.0, 5.294293626938881e-18, -1.4813540171849057e-17, -5.294293626938881e-18, 1.0], "world_rotation": [-0.1276280613210114, 0.35710588544125776, 0.925303444577321, 4.1482206750932463e-17]}], "source": "action wait"}
{"timestamp": 1706067594.930087, "objects": [{"color": "cv_", "id_name": "hand", "shape": "CVCylinder", "id_string": "ob383", "world_size": [0.12, 0.005, 0.12], "id": 383, "camera_size": [49, 12], "camera_position": [246, 505], "world_position": [0.02300057078671978, 0.6715587296409471, -0.17411023718252433], "world_orientation": [-3.8885638866926874e-05, 0.006395556009796403, 0.9999795474664633, -0.0007628978860547787, -0.9999792574115399, 0.006395524488318079, 0.9999997082373188, -0.0007626335888049203, 4.3763988438508134e-05], "world_rotation": [0.0, 1.0, 0.0, 0.0]}, {"color": "CVRed", "id_name": "object161150293753266", "shape": "CVSphere", "id_string": "ob534", "world_size": [0.11, 0.11, 0.11], "id": 534, "camera_size": [45, 45], "camera_position": [256, 254], "world_position": [0.705, 0.6547388572526824, -0.15], "world_orientation": [1.0, -3.838362879530641e-17, 1.4813540171849057e-17, 3.838362879530641e-17, 1.0, 5.294293626938881e-18, -1.4813540171849057e-17, -5.294293626938881e-18, 1.0], "world_rotation": [-0.1276280613210114, 0.35710588544125776, 0.925303444577321, 4.1482206750932463e-17]}], "source": "action wait"}
{"timestamp": 1706067594.962573, "objects": [{"color": "cv_", "id_name": "hand", "shape": "CVCylinder", "id_string": "ob383", "world_size": [0.12, 0.005, 0.12], "id": 383, "camera_size": [49, 10], "camera_position": [246, 506], "world_position": [0.016989280473809945, 0.6713249676170058, -0.1741100669028193], "world_orientation": [-2.740702559079508e-05, 0.004074856481957439, 0.9999916973622863, -0.0007626140812480161, -0.9999914070352776, 0.004074834397749874, 0.9999997088342667, -0.0007624960704493247, 3.051433301576221e-05], "world_rotation": [0.0, 1.0, 0.0, 0.0]}, {"color": "CVRed", "id_name": "object161150293753266", "shape": "CVSphere", "id_string": "ob534", "world_size": [0.11, 0.11, 0.11], "id": 534, "camera_size": [45, 45], "camera_position": [256, 254], "world_position": [0.705, 0.6547388572526824, -0.15], "world_orientation": [1.0, -3.838362879530641e-17, 1.4813540171849057e-17, 3.838362879530641e-17, 1.0, 5.294293626938881e-18, -1.4813540171849057e-17, -5.294293626938881e-18, 1.0], "world_rotation": [-0.1276280613210114, 0.35710588544125776, 0.925303444577321, 4.1482206750932463e-17]}], "source": "action wait"}
{"timestamp": 1706067594.993477, "objects": [{"color": "cv_", "id_name": "hand", "shape": "CVCylinder", "id_string": "ob383", "world_size": [0.12, 0.005, 0.12], "id": 383, "camera_size": [49, 9], "camera_position": [246, 507], "world_position": [0.012749294182897516, 0.6711334201017282, -0.17410976069257747], "world_orientation": [-1.9690348800000994e-05, 0.002434607348955431, 0.9999970361452812, -0.0007625218179147498, -0.9999967456567473, 0.002434591627363184, 0.9999997090863415, -0.0007624716199528962, 2.15467259428465e-05], "world_rotation": [0.0, 1.0, 0.0, 0.0]}, {"color": "CVRed", "id_name": "object161150293753266", "shape": "CVSphere", "id_string": "ob534", "world_size": [0.11, 0.11, 0.11], "id": 534, "camera_size": [45, 45], "camera_position": [256, 254], "world_position": [0.705, 0.6547388572526824, -0.15], "world_orientation": [1.0, -3.838362879530641e-17, 1.4813540171849057e-17, 3.838362879530641e-17, 1.0, 5.294293626938881e-18, -1.4813540171849057e-17, -5.294293626938881e-18, 1.0], "world_rotation": [-0.1276280613210114, 0.35710588544125776, 0.925303444577321, 4.1482206750932463e-17]}], "source": "action wait"}
{"timestamp": 1706067595.022885, "objects": [{"color": "cv_", "id_name": "hand", "shape": "CVCylinder", "id_string": "ob383", "world_size": [0.12, 0.005, 0.12], "id": 383, "camera_size": [49, 8], "camera_position": [246, 507], "world_position": [0.009760020980627237, 0.6709871008122512, -0.17410944346978083], "world_orientation": [-1.4517465091167315e-05, 0.0012753792145561388, 0.9999991865982204, -0.0007625357872943857, -0.999998895987498, 0.0012753677738216224, 0.9999997091641659, -0.0007625166519396352, 1.5489971357539393e-05], "world_rotation": [0.0, 1.0, 0.0, 0.0]}, {"color": "CVRed", "id_name": "object161150293753266", "shape": "CVSphere", "id_string": "ob534", "world_size": [0.11, 0.11, 0.11], "id": 534, "camera_size": [45, 45], "camera_position": [256, 254], "world_position": [0.705, 0.6547388572526824, -0.15], "world_orientation": [1.0, -3.838362879530641e-17, 1.4813540171849057e-17, 3.838362879530641e-17, 1.0, 5.294293626938881e-18, -1.4813540171849057e-17, -5.294293626938881e-18, 1.0], "world_rotation": [-0.1276280613210114, 0.35710588544125776, 0.925303444577321, 4.1482206750932463e-17]}], "source": "action wait"}
{"timestamp": 1706067595.05615, "objects": [{"color": "cv_", "id_name": "hand", "shape": "CVCylinder", "id_string": "ob383", "world_size": [0.12, 0.005, 0.12], "id": 383, "camera_size": [49, 7], "camera_position": [246, 508], "world_position": [0.007653050356621828, 0.6708796396552106, -0.174109163706793], "world_orientation": [-1.1043402353427073e-05, 0.00045616012552105123, 0.9999998958979862, -0.0007626007763462636, -0.9999996051828222, 0.00045615157120044476, 0.9999997091590074, -0.0007625956594930305, 1.1391266059527332e-05], "world_rotation": [0.0, 1.0, 0.0, 0.0]}, {"color": "CVRed", "id_name": "object161150293753266", "shape": "CVSphere", "id_string": "ob534", "world_size": [0.11, 0.11, 0.11], "id": 534, "camera_size": [45, 45], "camera_position": [256, 254], "world_position": [0.705, 0.6547388572526824, -0.15], "world_orientation": [1.0, -3.838362879530641e-17, 1.4813540171849057e-17, 3.838362879530641e-17, 1.0, 5.294293626938881e-18, -1.4813540171849057e-17, -5.294293626938881e-18, 1.0], "world_rotation": [-0.1276280613210114, 0.35710588544125776, 0.925303444577321, 4.1482206750932463e-17]}], "source": "action wait"}
{"timestamp": 1706067595.088182, "objects": [{"color": "cv_", "id_name": "hand", "shape": "CVCylinder", "id_string": "ob383", "world_size": [0.12, 0.005, 0.12], "id": 383, "camera_size": [49, 7], "camera_position": [246, 508], "world_position": [0.006168150318233148, 0.6708025720168571, -0.17410893484922907], "world_orientation": [-8.715362811706495e-06, -0.00012274357584829843, 0.9999999924290286, -0.0007626839557655212, -0.999999701622743, -0.0001227501872206615, 0.9999997091185707, -0.0007626850198040092, 8.621745655631411e-06], "world_rotation": [0.0, 1.0, 0.0, 0.0]}, {"color": "CVRed", "id_name": "object161150293753266", "shape": "CVSphere", "id_string": "ob534", "world_size": [0.11, 0.11, 0.11], "id": 534, "camera_size": [45, 45], "camera_position": [256, 254], "world_position": [0.705, 0.6547388572526824, -0.15], "world_orientation": [1.0, -3.838362879530641e-17, 1.4813540171849057e-17, 3.838362879530641e-17, 1.0, 5.294293626938881e-18, -1.4813540171849057e-17, -5.294293626938881e-18, 1.0], "world_rotation": [-0.1276280613210114, 0.35710588544125776, 0.925303444577321, 4.1482206750932463e-17]}], "source": "action wait"}
{"timestamp": 1706067595.124733, "objects": [{"color": "CVRed", "id_name": "object161150293753266", "shape": "CVSphere", "id_string": "ob534", "world_size": [0.11, 0.11, 0.11], "id": 534, "camera_size": [45, 45], "camera_position": [256, 254], "world_position": [0.705, 0.6547388572526824, -0.15], "world_orientation": [1.0, -3.838362879530641e-17, 1.4813540171849057e-17, 3.838362879530641e-17, 1.0, 5.294293626938881e-18, -1.4813540171849057e-17, -5.294293626938881e-18, 1.0], "world_rotation": [-0.1276280613210114, 0.35710588544125776, 0.925303444577321, 4.1482206750932463e-17]}], "source": "action wait"}
{"timestamp": 1706067597.032257, "objects": [{"color": "CVRed", "id_name": "object161150293753266", "shape": "CVSphere", "id_string": "ob534", "world_size": [0.11, 0.11, 0.11], "id": 534, "camera_size": [45, 45], "camera_position": [256, 254], "world_position": [0.705, 0.6547388572526824, -0.15], "world_orientation": [1.0, -3.838362879530641e-17, 1.4813540171849057e-17, 3.838362879530641e-17, 1.0, 5.294293626938881e-18, -1.4813540171849057e-17, -5.294293626938881e-18, 1.0], "world_rotation": [-0.1276280613210114, 0.35710588544125776, 0.925303444577321, 4.1482206750932463e-17]}], "source": "action wait"}
{"timestamp": 1706067597.070824, "objects": [{"color": "cv_", "id_name": "hand", "shape": "CVCylinder", "id_string": "ob383", "world_size": [0.12, 0.005, 0.12], "id": 383, "camera_size": [51, 10], "camera_position": [246, 506], "world_position": [0.03547617055488328, 0.7265357587152059, -0.1741229386676247], "world_orientation": [0.00015801787058501856, 0.19316993556507578, 0.9811653025989744, -0.0007082983491809959, -0.9811650471095789, 0.19316999933712986, 0.9999997366718658, -0.0007254820760609736, -1.821966496413531e-05], "world_rotation": [0.0, 1.0, 0.0, 0.0]}, {"color": "CVRed", "id_name": "object161150293753266", "shape": "CVSphere", "id_string": "ob534", "world_size": [0.11, 0.11, 0.11], "id": 534, "camera_size": [45, 45], "camera_position": [256, 254], "world_position": [0.705, 0.6547388572526824, -0.15], "world_orientation": [1.0, -3.838362879530641e-17, 1.4813540171849057e-17, 3.838362879530641e-17, 1.0, 5.294293626938881e-18, -1.4813540171849057e-17, -5.294293626938881e-18, 1.0], "world_rotation": [-0.1276280613210114, 0.35710588544125776, 0.925303444577321, 4.1482206750932463e-17]}], "source": "action wait"}
{"timestamp": 1706067597.09923, "objects": [{"color": "cv_", "id_name": "hand", "shape": "CVCylinder", "id_string": "ob383", "world_size": [0.12, 0.005, 0.12], "id": 383, "camera_size": [53, 20], "camera_position": [245, 501], "world_position": [0.08390387877652619, 0.7795253861455271, -0.17412487467903845], "world_orientation": [0.0002569839345575431, 0.2966411541963457, 0.9549889840183066, -0.0007069713069603245, -0.9549887230027259, 0.29664126336232216, 0.9999997170753744, -0.0007513818491753447, -3.5699975014458424e-05], "world_rotation": [0.0, 1.0, 0.0, 0.0]}, {"color": "CVRed", "id_name": "object161150293753266", "shape": "CVSphere", "id_string": "ob534", "world_size": [0.11, 0.11, 0.11], "id": 534, "camera_size": [45, 45], "camera_position": [256, 254], "world_position": [0.705, 0.6547388572526824, -0.15], "world_orientation": [1.0, -3.838362879530641e-17, 1.4813540171849057e-17, 3.838362879530641e-17, 1.0, 5.294293626938881e-18, -1.4813540171849057e-17, -5.294293626938881e-18, 1.0], "world_rotation": [-0.1276280613210114, 0.35710588544125776, 0.925303444577321, 4.1482206750932463e-17]}], "source": "action wait"}
{"timestamp": 1706067597.127426, "objects": [{"color": "cv_", "id_name": "hand", "shape": "CVCylinder", "id_string": "ob383", "world_size": [0.12, 0.005, 0.12], "id": 383, "camera_size": [55, 37], "camera_position": [245, 493], "world_position": [0.1407760765514277, 0.8114557475299343, -0.17412066039476204], "world_orientation": [0.00028825973555768265, 0.33660417049757035, 0.9416461911514152, -0.0007128807194488815, -0.9416459218315749, 0.3366042924548698, 0.9999997043536588, -0.0007683108785451632, -3.147998118187295e-05], "world_rotation": [0.0, 1.0, 0.0, 0.0]}, {"color": "CVRed", "id_name": "object161150293753266", "shape": "CVSphere", "id_string": "ob534", "world_size": [0.11, 0.11, 0.11], "id": 534, "camera_size": [45, 45], "camera_position": [256, 254], "world_position": [0.705, 0.6547388572526824, -0.15], "world_orientation": [1.0, -3.838362879530641e-17, 1.4813540171849057e-17, 3.838362879530641e-17, 1.0, 5.294293626938881e-18, -1.4813540171849057e-17, -5.294293626938881e-18, 1.0], "world_rotation": [-0.1276280613210114, 0.35710588544125776, 0.925303444577321, 4.1482206750932463e-17]}], "source": "action wait"}
{"timestamp": 1706067597.164351, "objects": [{"color": "cv_", "id_name": "hand", "shape": "CVCylinder", "id_string": "ob383", "world_size": [0.12, 0.005, 0.12], "id": 383, "camera_size": [55, 59], "camera_position": [245, 480], "world_position": [0.20220788947113283, 0.8255571789196983, -0.17411729565139744], "world_orientation": [0.00028614522619427513, 0.3367485137176631, 0.9415945818821677, -0.0007225537905310483, -0.9415943050102866, 0.33674863427817386, 0.9999996980184191, -0.0007767117484088192, -2.6113800347549928e-05], "world_rotation": [0.0, 1.0, 0.0, 0.0]}, {"color": "CVRed", "id_name": "object161150293753266", "shape": "CVSphere", "id_string": "ob534", "world_size": [0.11, 0.11, 0.11], "id": 534, "camera_size": [45, 45], "camera_position": [256, 254], "world_position": [0.705, 0.6547388572526824, -0.15], "world_orientation": [1.0, -3.838362879530641e-17, 1.4813540171849057e-17, 3.838362879530641e-17, 1.0, 5.294293626938881e-18, -1.4813540171849057e-17, -5.294293626938881e-18, 1.0], "world_rotation": [-0.1276280613210114, 0.35710588544125776, 0.925303444577321, 4.1482206750932463e-17]}], "source": "action wait"}
{"timestamp": 1706067597.193043, "objects": [{"color": "cv_", "id_name": "hand", "shape": "CVCylinder", "id_string": "ob383", "world_size": [0.12, 0.005, 0.12], "id": 383, "camera_size": [55, 58], "camera_position": [245, 451], "world_position": [0.26626393986340163, 0.8245720715048488, -0.17411456042000995], "world_orientation": [0.00026071622882173345, 0.30885744570385965, 0.9511083062723903, -0.000735678900716863, -0.9511080219761727, 0.3088575550462185, 0.9999996954017552, -0.0007802344902161529, -2.0749390557634093e-05], "world_rotation": [0.0, 1.0, 0.0, 0.0]}, {"color": "CVRed", "id_name": "object161150293753266", "shape": "CVSphere", "id_string": "ob534", "world_size": [0.11, 0.11, 0.11], "id": 534, "camera_size": [45, 45], "camera_position": [256, 254], "world_position": [0.705, 0.6547388572526824, -0.15], "world_orientation": [1.0, -3.838362879530641e-17, 1.4813540171849057e-17, 3.838362879530641e-17, 1.0, 5.294293626938881e-18, -1.4813540171849057e-17, -5.294293626938881e-18, 1.0], "world_rotation": [-0.1276280613210114, 0.35710588544125776, 0.925303444577321, 4.1482206750932463e-17]}], "source": "action wait"}
{"timestamp": 1706067597.224445, "objects": [{"color": "cv_", "id_name": "hand", "shape": "CVCylinder", "id_string": "ob383", "world_size": [0.12, 0.005, 0.12], "id": 383, "camera_size": [54, 56], "camera_position": [245, 420], "world_position": [0.3309253689952945, 0.8106780877883076, -0.17411215043543904], "world_orientation": [0.00021860817140856637, 0.2605773331452356, 0.9654529536240409, -0.0007501034582918556, -0.965452662355549, 0.2605774243778309, 0.9999996947775882, -0.0007811539535853004, -1.559588235392097e-05], "world_rotation": [0.0, 1.0, 0.0, 0.0]}, {"color": "CVRed", "id_name": "object161150293753266", "shape": "CVSphere", "id_string": "ob534", "world_size": [0.11, 0.11, 0.11], "id": 534, "camera_size": [45, 45], "camera_position": [256, 254], "world_position": [0.705, 0.6547388572526824, -0.15], "world_orientation": [1.0, -3.838362879530641e-17, 1.4813540171849057e-17, 3.838362879530641e-17, 1.0, 5.294293626938881e-18, -1.4813540171849057e-17, -5.294293626938881e-18, 1.0], "world_rotation": [-0.1276280613210114, 0.35710588544125776, 0.925303444577321, 4.1482206750932463e-17]}], "source": "action wait"}
{"timestamp": 1706067597.261935, "objects": [{"color": "cv_", "id_name": "hand", "shape": "CVCylinder", "id_string": "ob383", "world_size": [0.12, 0.005, 0.12], "id": 383, "camera_size": [53, 55], "camera_position": [245, 390], "world_position": [0.3944026601213572, 0.7856441664532968, -0.17410986873583173], "world_orientation": [0.0001644316667820592, 0.19720040081149687, 0.9803631851931264, -0.0007633869736363819, -0.9803628880348486, 0.19720046907728073, 0.9999996951012314, -0.000780822486829977, -1.0662486555044548e-05], "world_rotation": [0.0, 1.0, 0.0, 0.0]}, {"color": "CVRed", "id_name": "object161150293753266", "shape": "CVSphere", "id_string": "ob534", "world_size": [0.11, 0.11, 0.11], "id": 534, "camera_size": [45, 45], "camera_position": [256, 254], "world_position": [0.705, 0.6547388572526824, -0.15], "world_orientation": [1.0, -3.838362879530641e-17, 1.4813540171849057e-17, 3.838362879530641e-17, 1.0, 5.294293626938881e-18, -1.4813540171849057e-17, -5.294293626938881e-18, 1.0], "world_rotation": [-0.1276280613210114, 0.35710588544125776, 0.925303444577321, 4.1482206750932463e-17]}], "source": "action wait"}
{"timestamp": 1706067597.294672, "objects": [{"color": "cv_", "id_name": "hand", "shape": "CVCylinder", "id_string": "ob383", "world_size": [0.12, 0.005, 0.12], "id": 383, "camera_size": [52, 53], "camera_position": [245, 365], "world_position": [0.4457405400753326, 0.7578998783042361, -0.17410289102627766], "world_orientation": [0.00010278228916781025, 0.1390498267498123, 0.9902853806437053, -0.0007679291262911857, -0.9902850829061658, 0.13904986464713084, 0.9999996998602841, -0.0007747608505338835, 4.9966442175048455e-06], "world_rotation": [0.0, 1.0, 0.0, 0.0]}, {"color": "CVRed", "id_name": "object161150293753266", "shape": "CVSphere", "id_string": "ob534", "world_size": [0.11, 0.11, 0.11], "id": 534, "camera_size": [45, 45], "camera_position": [256, 254], "world_position": [0.705, 0.6547388572526824, -0.15], "world_orientation": [1.0, -3.838362879530641e-17, 1.4813540171849057e-17, 3.838362879530641e-17, 1.0, 5.294293626938881e-18, -1.4813540171849057e-17, -5.294293626938881e-18, 1.0], "world_rotation": [-0.1276280613210114, 0.35710588544125776, 0.925303444577321, 4.1482206750932463e-17]}], "source": "action wait"}
{"timestamp": 1706067597.328225, "objects": [{"color": "cv_", "id_name": "hand", "shape": "CVCylinder", "id_string": "ob383", "world_size": [0.12, 0.005, 0.12], "id": 383, "camera_size": [51, 52], "camera_position": [246, 348], "world_position": [0.48061446436914956, 0.735180519626423, -0.1740983757805054], "world_orientation": [6.019439025673909e-05, 0.0977125399520808, 0.9952146783045096, -0.0007666234534440478, -0.9952143831488276, 0.09771255734131414, 0.9999997043325144, -0.0007688366614099329, 1.5002401854871212e-05], "world_rotation": [0.0, 1.0, 0.0, 0.0]}, {"color": "CVRed", "id_name": "object161150293753266", "shape": "CVSphere", "id_string": "ob534", "world_size": [0.11, 0.11, 0.11], "id": 534, "camera_size": [45, 45], "camera_position": [256, 254], "world_position": [0.705, 0.6547388572526824, -0.15], "world_orientation": [1.0, -3.838362879530641e-17, 1.4813540171849057e-17, 3.838362879530641e-17, 1.0, 5.294293626938881e-18, -1.4813540171849057e-17, -5.294293626938881e-18, 1.0], "world_rotation": [-0.1276280613210114, 0.35710588544125776, 0.925303444577321, 4.1482206750932463e-17]}], "source": "action wait"}
{"timestamp": 1706067597.35961, "objects": [{"color": "cv_", "id_name": "hand", "shape": "CVCylinder", "id_string": "ob383", "world_size": [0.12, 0.005, 0.12], "id": 383, "camera_size": [51, 51], "camera_position": [246, 338], "world_position": [0.5043859004759601, 0.7176746843949956, -0.17409679750734686], "world_orientation": [3.377725090181845e-05, 0.06846226817904867, 0.9976537057992003, -0.0007644139962671533, -0.9976534131217126, 0.06846227397508688, 0.9999997072651271, -0.0007649329235464066, 1.8635526364580855e-05], "world_rotation": [0.0, 1.0, 0.0, 0.0]}, {"color": "CVRed", "id_name": "object161150293753266", "shape": "CVSphere", "id_string": "ob534", "world_size": [0.11, 0.11, 0.11], "id": 534, "camera_size": [45, 45], "camera_position": [256, 254], "world_position": [0.705, 0.6547388572526824, -0.15], "world_orientation": [1.0, -3.838362879530641e-17, 1.4813540171849057e-17, 3.838362879530641e-17, 1.0, 5.294293626938881e-18, -1.4813540171849057e-17, -5.294293626938881e-18, 1.0], "world_rotation": [-0.1276280613210114, 0.35710588544125776, 0.925303444577321, 4.1482206750932463e-17]}], "source": "action wait"}
{"timestamp": 1706067597.394096, "objects": [{"color": "cv_", "id_name": "hand", "shape": "CVCylinder", "id_string": "ob383", "world_size": [0.12, 0.005, 0.12], "id": 383, "camera_size": [49, 50], "camera_position": [246, 330], "world_position": [0.5207011900002558, 0.70463588160366, -0.17409679120772778], "world_orientation": [1.7562453310678696e-05, 0.04780317621834669, 0.9988567745352673, -0.0007626883017575132, -0.9988564835347411, 0.0478031757016846, 0.999999708999015, -0.0007626559181110063, 1.891655293281977e-05], "world_rotation": [0.0, 1.0, 0.0, 0.0]}, {"color": "CVRed", "id_name": "object161150293753266", "shape": "CVSphere", "id_string": "ob534", "world_size": [0.11, 0.11, 0.11], "id": 534, "camera_size": [45, 45], "camera_position": [256, 254], "world_position": [0.705, 0.6547388572526824, -0.15], "world_orientation": [1.0, -3.838362879530641e-17, 1.4813540171849057e-17, 3.838362879530641e-17, 1.0, 5.294293626938881e-18, -1.4813540171849057e-17, -5.294293626938881e-18, 1.0], "world_rotation": [-0.1276280613210114, 0.35710588544125776, 0.925303444577321, 4.1482206750932463e-17]}], "source": "action wait"}
{"timestamp": 1706067597.423404, "objects": [{"color": "cv_", "id_name": "hand", "shape": "CVCylinder", "id_string": "ob383", "world_size": [0.12, 0.005, 0.12], "id": 383, "camera_size": [49, 49], "camera_position": [246, 325], "world_position": [0.5319700183978525, 0.6951203409341674, -0.17409754507683164], "world_orientation": [7.734822954455327e-06, 0.03322512820124519, 0.9994478929870149, -0.0007616752197796708, -0.9994476029067088, 0.03322512445264351, 0.999999709895474, -0.0007615116840048352, 1.7576206564529075e-05], "world_rotation": [0.0, 1.0, 0.0, 0.0]}, {"color": "CVRed", "id_name": "object161150293753266", "shape": "CVSphere", "id_string": "ob534", "world_size": [0.11, 0.11, 0.11], "id": 534, "camera_size": [45, 45], "camera_position": [256, 254], "world_position": [0.705, 0.6547388572526824, -0.15], "world_orientation": [1.0, -3.838362879530641e-17, 1.4813540171849057e-17, 3.838362879530641e-17, 1.0, 5.294293626938881e-18, -1.4813540171849057e-17, -5.294293626938881e-18, 1.0], "world_rotation": [-0.1276280613210114, 0.35710588544125776, 0.925303444577321, 4.1482206750932463e-17]}], "source": "action wait"}
{"timestamp": 1706067597.454981, "objects": [{"color": "cv_", "id_name": "hand", "shape": "CVCylinder", "id_string": "ob383", "world_size": [0.12, 0.005, 0.12], "id": 383, "camera_size": [49, 50], "camera_position": [246, 321], "world_position": [0.5397943106583377, 0.6882645040866306, -0.17409859583897996], "world_orientation": [1.8923757771819852e-06, 0.022942629405695365, 0.9997367832346532, -0.0007612386144250111, -0.9997364935375023, 0.02294262419846021, 0.9999997102560535, -0.0007610816597259174, 1.557293829649543e-05], "world_rotation": [0.0, 1.0, 0.0, 0.0]}, {"color": "CVRed", "id_name": "object161150293753266", "shape": "CVSphere", "id_string": "ob534", "world_size": [0.11, 0.11, 0.11], "id": 534, "camera_size": [45, 45], "camera_position": [256, 254], "world_position": [0.705, 0.6547388572526824, -0.15], "world_orientation": [1.0, -3.838362879530641e-17, 1.4813540171849057e-17, 3.838362879530641e-17, 1.0, 5.294293626938881e-18, -1.4813540171849057e-17, -5.294293626938881e-18, 1.0], "world_rotation": [-0.1276280613210114, 0.35710588544125776, 0.925303444577321, 4.1482206750932463e-17]}], "source": "action wait"}
{"timestamp": 1706067597.488455, "objects": [{"color": "cv_", "id_name": "hand", "shape": "CVCylinder", "id_string": "ob383", "world_size": [0.12, 0.005, 0.12], "id": 383, "camera_size": [49, 49], "camera_position": [246, 319], "world_position": [0.5452494634985501, 0.6833656844269426, -0.17409969252029078], "world_orientation": [-1.50789331648111e-06, 0.015691423245819017, 0.9998768820381072, -0.0007611791650878563, -0.9998765923960183, 0.015691417552444804, 0.9999997103019606, -0.0007610617892771079, 1.34516916766422e-05], "world_rotation": [0.0, 1.0, 0.0, 0.0]}, {"color": "CVRed", "id_name": "object161150293753266", "shape": "CVSphere", "id_string": "ob534", "world_size": [0.11, 0.11, 0.11], "id": 534, "camera_size": [45, 45], "camera_position": [256, 254], "world_position": [0.705, 0.6547388572526824, -0.15], "world_orientation": [1.0, -3.838362879530641e-17, 1.4813540171849057e-17, 3.838362879530641e-17, 1.0, 5.294293626938881e-18, -1.4813540171849057e-17, -5.294293626938881e-18, 1.0], "world_rotation": [-0.1276280613210114, 0.35710588544125776, 0.925303444577321, 4.1482206750932463e-17]}], "source": "action wait"}
{"timestamp": 1706067597.523597, "objects": [{"color": "cv_", "id_name": "hand", "shape": "CVCylinder", "id_string": "ob383", "world_size": [0.12, 0.005, 0.12], "id": 383, "camera_size": [49, 49], "camera_position": [246, 317], "world_position": [0.5490648111876033, 0.6798841950347874, -0.17410071017817502], "world_orientation": [-3.4014259270154036e-06, 0.010578326075201299, 0.9999440479376219, -0.0007613292687542599, -0.9999437581758459, 0.010578320420085564, 0.9999997101830455, -0.0007612506894385393, 1.1454823880462146e-05], "world_rotation": [0.0, 1.0, 0.0, 0.0]}, {"color": "CVRed", "id_name": "object161150293753266", "shape": "CVSphere", "id_string": "ob534", "world_size": [0.11, 0.11, 0.11], "id": 534, "camera_size": [45, 45], "camera_position": [256, 254], "world_position": [0.705, 0.6547388572526824, -0.15], "world_orientation": [1.0, -3.838362879530641e-17, 1.4813540171849057e-17, 3.838362879530641e-17, 1.0, 5.294293626938881e-18, -1.4813540171849057e-17, -5.294293626938881e-18, 1.0], "world_rotation": [-0.1276280613210114, 0.35710588544125776, 0.925303444577321, 4.1482206750932463e-17]}], "source": "action wait"}
{"timestamp": 1706067597.559915, "objects": [{"color": "cv_", "id_name": "hand", "shape": "CVCylinder", "id_string": "ob383", "world_size": [0.12, 0.005, 0.12], "id": 383, "camera_size": [49, 49], "camera_position": [246, 316], "world_position": [0.5517395234289322, 0.6774188125432115, -0.1741015961949138], "world_orientation": [-4.400932937284798e-06, 0.006973000626838999, 0.9999756883259162, -0.00076157390225051, -0.9999753983685752, 0.006972995253200328, 0.9999997099928695, -0.0007615246994298829, 9.71127996529847e-06], "world_rotation": [0.0, 1.0, 0.0, 0.0]}, {"color": "CVRed", "id_name": "object161150293753266", "shape": "CVSphere", "id_string": "ob534", "world_size": [0.11, 0.11, 0.11], "id": 534, "camera_size": [45, 45], "camera_position": [256, 254], "world_position": [0.705, 0.6547388572526824, -0.15], "world_orientation": [1.0, -3.838362879530641e-17, 1.4813540171849057e-17, 3.838362879530641e-17, 1.0, 5.294293626938881e-18, -1.4813540171849057e-17, -5.294293626938881e-18, 1.0], "world_rotation": [-0.1276280613210114, 0.35710588544125776, 0.925303444577321, 4.1482206750932463e-17]}], "source": "action wait"}
{"timestamp": 1706067597.594038, "objects": [{"color": "cv_", "id_name": "hand", "shape": "CVCylinder", "id_string": "ob383", "world_size": [0.12, 0.005, 0.12], "id": 383, "camera_size": [49, 49], "camera_position": [246, 315], "world_position": [0.5536178235200513, 0.6756770816993767, -0.1741023375270651], "world_orientation": [-4.866111716132715e-06, 0.0044308382932462635, 0.999990183775991, -0.0007618425124735512, -0.9999898936050562, 0.00443083330028628, 0.9999997097861114, -0.0007618134731273442, 8.241663515343076e-06], "world_rotation": [0.0, 1.0, 0.0, 0.0]}, {"color": "CVRed", "id_name": "object161150293753266", "shape": "CVSphere", "id_string": "ob534", "world_size": [0.11, 0.11, 0.11], "id": 534, "camera_size": [45, 45], "camera_position": [256, 254], "world_position": [0.705, 0.6547388572526824, -0.15], "world_orientation": [1.0, -3.838362879530641e-17, 1.4813540171849057e-17, 3.838362879530641e-17, 1.0, 5.294293626938881e-18, -1.4813540171849057e-17, -5.294293626938881e-18, 1.0], "world_rotation": [-0.1276280613210114, 0.35710588544125776, 0.925303444577321, 4.1482206750932463e-17]}], "source": "action wait"}
{"timestamp": 1706067597.62418, "objects": [{"color": "cv_", "id_name": "hand", "shape": "CVCylinder", "id_string": "ob383", "world_size": [0.12, 0.005, 0.12], "id": 383, "camera_size": [49, 49], "camera_position": [246, 315], "world_position": [0.5549384933758434, 0.6744484758940863, -0.17410294127715348], "world_orientation": [-5.031097869248423e-06, 0.002638310485600482, 0.9999965196401785, -0.0007620968452254443, -0.9999962292681178, 0.0026383058853093736, 0.9999997095915012, -0.0007620809192794731, 7.041726996494277e-06], "world_rotation": [0.0, 1.0, 0.0, 0.0]}, {"color": "CVRed", "id_name": "object161150293753266", "shape": "CVSphere", "id_string": "ob534", "world_size": [0.11, 0.11, 0.11], "id": 534, "camera_size": [45, 45], "camera_position": [256, 254], "world_position": [0.705, 0.6547388572526824, -0.15], "world_orientation": [1.0, -3.838362879530641e-17, 1.4813540171849057e-17, 3.838362879530641e-17, 1.0, 5.294293626938881e-18, -1.4813540171849057e-17, -5.294293626938881e-18, 1.0], "world_rotation": [-0.1276280613210114, 0.35710588544125776, 0.925303444577321, 4.1482206750932463e-17]}], "source": "action wait"}
