{"timestamp": 1706028926.41311, "objects": [{"color": "cv_", "id_name": "hand", "shape": "CVCylinder", "id_string": "ob382", "world_size": [0.12, 0.005, 0.12], "id": 382, "camera_size": [48, 50], "camera_position": [246, 426], "world_position": [0.2676445155401378, 0.6334703013847399, -0.17389260400847836], "world_orientation": [-0.0006415511554973105, 0.19791547486641162, 0.9802188802611984, -0.0007473675259866998, -0.9802189031249678, 0.19791499033238008, 0.9999995149268304, -0.0006056111687285762, 0.0007767761687459521], "world_rotation": [0.0, 1.0, 0.0, 0.0]}, {"color": "CVGreen", "id_name": "object219711787326248", "shape": "CVCone", "id_string": "ob799", "world_size": [0.09, 0.09, 0.09], "id": 799, "camera_size": [37, 37], "camera_position": [256, 254], "world_position": [0.705, 0.644856964849591, -0.15], "world_orientation": [1.0, -3.248937977869676e-17, -1.2807790779525605e-17, 3.248937977869676e-17, 1.0, -6.497875955739369e-17, 1.2807790779525605e-17, 6.497875955739369e-17, 1.0], "world_rotation": [-0.8808431718627018, 0.17362065899128884, -0.4404215859313497, -7.376881791566185e-17]}], "source": "manual check"}
{"timestamp": 1706028927.423236, "objects": [{"color": "cv_", "id_name": "hand", "shape": "CVCylinder", "id_string": "ob382", "world_size": [0.12, 0.005, 0.12], "id": 382, "camera_size": [48, 50], "camera_position": [246, 426], "world_position": [0.2676445155401378, 0.6334703013847399, -0.17389260400847836], "world_orientation": [-0.0006415511554973105, 0.19791547486641162, 0.9802188802611984, -0.0007473675259866998, -0.9802189031249678, 0.19791499033238008, 0.9999995149268304, -0.0006056111687285762, 0.0007767761687459521], "world_rotation": [0.0, 1.0, 0.0, 0.0]}, {"color": "CVGreen", "id_name": "object219711787326248", "shape": "CVCone", "id_string": "ob799", "world_size": [0.09, 0.09, 0.09], "id": 799, "camera_size": [37, 37], "camera_position": [256, 254], "world_position": [0.705, 0.6448569696296074, -0.15], "world_orientation": [1.0, -4.331917303826236e-17, -1.1712398707441946e-17, 4.331917303826236e-17, 1.0, -5.775889738434995e-17, 1.1712398707441946e-17, 5.775889738434995e-17, 1.0], "world_rotation": [-0.7896765794068324, 0.16013129347666225, -0.5922574345551229, -7.314247236221149e-17]}], "source": "manual check"}
{"timestamp": 1706028929.465887, "objects": [{"color": "cv_", "id_name": "hand", "shape": "CVCylinder", "id_string": "ob382", "world_size": [0.12, 0.005, 0.12], "id": 382, "camera_size": [48, 50], "camera_position": [246, 426], "world_position": [0.2676445155401378, 0.6334703013847399, -0.17389260400847836], "world_orientation": [-0.0006415511554973105, 0.19791547486641162, 0.9802188802611984, -0.0007473675259866998, -0.9802189031249678, 0.19791499033238008, 0.9999995149268304, -0.0006056111687285762, 0.0007767761687459521], "world_rotation": [0.0, 1.0, 0.0, 0.0]}, {"color": "CVGreen", "id_name": "object219711787326248", "shape": "CVCone", "id_string": "ob799", "world_size": [0.09, 0.09, 0.09], "id": 799, "camera_size": [37, 37], "camera_position": [256, 254], "world_position": [0.705, 0.6448569696296074, -0.15], "world_orientation": [1.0, -4.331917303826236e-17, -1.1712398707441946e-17, 4.331917303826236e-17, 1.0, -5.775889738434995e-17, 1.1712398707441946e-17, 5.775889738434995e-17, 1.0], "world_rotation": [-0.7896765794068324, 0.16013129347666225, -0.5922574345551229, -7.314247236221149e-17]}], "source": "action wait"}
{"timestamp": 1706028929.498234, "objects": [{"color": "cv_", "id_name": "hand", "shape": "CVCylinder", "id_string": "ob382", "world_size": [0.12, 0.005, 0.12], "id": 382, "camera_size": [48, 50], "camera_position": [246, 444], "world_position": [0.22509914268228082, 0.6416776014922503, -0.17397247098491303], "world_orientation": [-0.0005243734570526466, 0.0877599109385196, 0.9961415175890125, -0.0007630957678623502, -0.9961413996249017, 0.0877594988487931, 0.9999995713585715, -0.0007141326244639305, 0.0005893193260601279], "world_rotation": [0.0, 1.0, 0.0, 0.0]}, {"color": "CVGreen", "id_name": "object219711787326248", "shape": "CVCone", "id_string": "ob799", "world_size": [0.09, 0.09, 0.09], "id": 799, "camera_size": [37, 37], "camera_position": [256, 254], "world_position": [0.705, 0.6448569696296074, -0.15], "world_orientation": [1.0, -4.331917303826236e-17, -1.1712398707441946e-17, 4.331917303826236e-17, 1.0, -5.775889738434995e-17, 1.1712398707441946e-17, 5.775889738434995e-17, 1.0], "world_rotation": [-0.7896765794068324, 0.16013129347666225, -0.5922574345551229, -7.314247236221149e-17]}], "source": "action wait"}
{"timestamp": 1706028929.532903, "objects": [{"color": "cv_", "id_name": "hand", "shape": "CVCylinder", "id_string": "ob382", "world_size": [0.12, 0.005, 0.12], "id": 382, "camera_size": [48, 50], "camera_position": [246, 470], "world_position": [0.16386702443027173, 0.6571116662053089, -0.17403839996972384], "world_orientation": [-0.00037992516664709286, 0.06032424755161077, 0.9981787619530881, -0.0007693266984725007, -0.9981785562322608, 0.06032394229914555, 0.9999996318965817, -0.0007450069875882612, 0.0004256422085272004], "world_rotation": [0.0, 1.0, 0.0, 0.0]}, {"color": "CVGreen", "id_name": "object219711787326248", "shape": "CVCone", "id_string": "ob799", "world_size": [0.09, 0.09, 0.09], "id": 799, "camera_size": [37, 37], "camera_position": [256, 254], "world_position": [0.705, 0.6448569696296074, -0.15], "world_orientation": [1.0, -4.331917303826236e-17, -1.1712398707441946e-17, 4.331917303826236e-17, 1.0, -5.775889738434995e-17, 1.1712398707441946e-17, 5.775889738434995e-17, 1.0], "world_rotation": [-0.7896765794068324, 0.16013129347666225, -0.5922574345551229, -7.314247236221149e-17]}], "source": "action wait"}
{"timestamp": 1706028929.569443, "objects": [{"color": "cv_", "id_name": "hand", "shape": "CVCylinder", "id_string": "ob382", "world_size": [0.12, 0.005, 0.12], "id": 382, "camera_size": [48, 46], "camera_position": [246, 488], "world_position": [0.11761512297619622, 0.6637246266006298, -0.17407773929120735], "world_orientation": [-0.0002583568886349359, 0.04222243024866381, 0.9991082021661193, -0.0007699561040449817, -0.9991079477576003, 0.042222220396308824, 0.9999996702096037, -0.0007583610573667257, 0.0002906358386910415], "world_rotation": [0.0, 1.0, 0.0, 0.0]}, {"color": "CVGreen", "id_name": "object219711787326248", "shape": "CVCone", "id_string": "ob799", "world_size": [0.09, 0.09, 0.09], "id": 799, "camera_size": [37, 37], "camera_position": [256, 254], "world_position": [0.705, 0.6448569696296074, -0.15], "world_orientation": [1.0, -4.331917303826236e-17, -1.1712398707441946e-17, 4.331917303826236e-17, 1.0, -5.775889738434995e-17, 1.1712398707441946e-17, 5.775889738434995e-17, 1.0], "world_rotation": [-0.7896765794068324, 0.16013129347666225, -0.5922574345551229, -7.314247236221149e-17]}], "source": "action wait"}
{"timestamp": 1706028929.602187, "objects": [{"color": "cv_", "id_name": "hand", "shape": "CVCylinder", "id_string": "ob382", "world_size": [0.12, 0.005, 0.12], "id": 382, "camera_size": [48, 34], "camera_position": [246, 494], "world_position": [0.08418837742870851, 0.6660511439892955, -0.1740965352854727], "world_orientation": [-0.0001754962615438392, 0.029411733762217226, 0.9995673659729808, -0.0007680372136795975, -0.99956709051709, 0.029411590811077113, 0.9999996896599022, -0.0007625433104138955, 0.00019800959359659594], "world_rotation": [0.0, 1.0, 0.0, 0.0]}, {"color": "CVGreen", "id_name": "object219711787326248", "shape": "CVCone", "id_string": "ob799", "world_size": [0.09, 0.09, 0.09], "id": 799, "camera_size": [37, 37], "camera_position": [256, 254], "world_position": [0.705, 0.6448569696296074, -0.15], "world_orientation": [1.0, -4.331917303826236e-17, -1.1712398707441946e-17, 4.331917303826236e-17, 1.0, -5.775889738434995e-17, 1.1712398707441946e-17, 5.775889738434995e-17, 1.0], "world_rotation": [-0.7896765794068324, 0.16013129347666225, -0.5922574345551229, -7.314247236221149e-17]}], "source": "action wait"}
{"timestamp": 1706028929.628183, "objects": [{"color": "cv_", "id_name": "hand", "shape": "CVCylinder", "id_string": "ob382", "world_size": [0.12, 0.005, 0.12], "id": 382, "camera_size": [48, 26], "camera_position": [246, 498], "world_position": [0.06030683858905533, 0.6665238426051525, -0.17410508014191126], "world_orientation": [-0.00011940885036406331, 0.020349421125658046, 0.9997929219600312, -0.000765905790231281, -0.9997926377037153, 0.020349323865136507, 0.9999996995648784, -0.0007633172985933706, 0.00013496982893902287], "world_rotation": [0.0, 1.0, 0.0, 0.0]}, {"color": "CVGreen", "id_name": "object219711787326248", "shape": "CVCone", "id_string": "ob799", "world_size": [0.09, 0.09, 0.09], "id": 799, "camera_size": [37, 37], "camera_position": [256, 254], "world_position": [0.705, 0.6448569696296074, -0.15], "world_orientation": [1.0, -4.331917303826236e-17, -1.1712398707441946e-17, 4.331917303826236e-17, 1.0, -5.775889738434995e-17, 1.1712398707441946e-17, 5.775889738434995e-17, 1.0], "world_rotation": [-0.7896765794068324, 0.16013129347666225, -0.5922574345551229, -7.314247236221149e-17]}], "source": "action wait"}
{"timestamp": 1706028929.661401, "objects": [{"color": "cv_", "id_name": "hand", "shape": "CVCylinder", "id_string": "ob382", "world_size": [0.12, 0.005, 0.12], "id": 382, "camera_size": [48, 20], "camera_position": [246, 501], "world_position": [0.04334974566543261, 0.6662848059671085, -0.17410866343506495], "world_orientation": [-8.15813145920842e-05, 0.013940550492739385, 0.9999028224764887, -0.0007642814062583297, -0.9999025346384317, 0.013940484122587093, 0.9999997046091671, -0.0007630698522635869, 9.222786677473564e-05], "world_rotation": [0.0, 1.0, 0.0, 0.0]}, {"color": "CVGreen", "id_name": "object219711787326248", "shape": "CVCone", "id_string": "ob799", "world_size": [0.09, 0.09, 0.09], "id": 799, "camera_size": [37, 37], "camera_position": [256, 254], "world_position": [0.705, 0.6448569696296074, -0.15], "world_orientation": [1.0, -4.331917303826236e-17, -1.1712398707441946e-17, 4.331917303826236e-17, 1.0, -5.775889738434995e-17, 1.1712398707441946e-17, 5.775889738434995e-17, 1.0], "world_rotation": [-0.7896765794068324, 0.16013129347666225, -0.5922574345551229, -7.314247236221149e-17]}], "source": "action wait"}
{"timestamp": 1706028929.697077, "objects": [{"color": "cv_", "id_name": "hand", "shape": "CVCylinder", "id_string": "ob382", "world_size": [0.12, 0.005, 0.12], "id": 382, "camera_size": [48, 16], "camera_position": [246, 503], "world_position": [0.03135020935052133, 0.6658407159150557, -0.17410992310139478], "world_orientation": [-5.611415808495755e-05, 0.009409058169999108, 0.999955732257961, -0.0007632478631613666, -0.9999554429744711, 0.009409012617086696, 0.9999997071519076, -0.0007626860970808071, 6.329310134796377e-05], "world_rotation": [0.0, 1.0, 0.0, 0.0]}, {"color": "CVGreen", "id_name": "object219711787326248", "shape": "CVCone", "id_string": "ob799", "world_size": [0.09, 0.09, 0.09], "id": 799, "camera_size": [37, 37], "camera_position": [256, 254], "world_position": [0.705, 0.6448569696296074, -0.15], "world_orientation": [1.0, -4.331917303826236e-17, -1.1712398707441946e-17, 4.331917303826236e-17, 1.0, -5.775889738434995e-17, 1.1712398707441946e-17, 5.775889738434995e-17, 1.0], "world_rotation": [-0.7896765794068324, 0.16013129347666225, -0.5922574345551229, -7.314247236221149e-17]}], "source": "action wait"}
{"timestamp": 1706028929.728312, "objects": [{"color": "cv_", "id_name": "hand", "shape": "CVCylinder", "id_string": "ob382", "world_size": [0.12, 0.005, 0.12], "id": 382, "camera_size": [48, 13], "camera_position": [246, 505], "world_position": [0.022874986817595533, 0.6653975061273584, -0.17411014934704186], "world_orientation": [-3.8976701060158664e-05, 0.006205439376121011, 0.9999807453161117, -0.0007626837115918833, -0.9999804554224921, 0.006205407849702118, 0.9999997083971439, -0.0007624271600317538, 4.3708726812808766e-05], "world_rotation": [0.0, 1.0, 0.0, 0.0]}, {"color": "CVGreen", "id_name": "object219711787326248", "shape": "CVCone", "id_string": "ob799", "world_size": [0.09, 0.09, 0.09], "id": 799, "camera_size": [37, 37], "camera_position": [256, 254], "world_position": [0.705, 0.6448569696296074, -0.15], "world_orientation": [1.0, -4.331917303826236e-17, -1.1712398707441946e-17, 4.331917303826236e-17, 1.0, -5.775889738434995e-17, 1.1712398707441946e-17, 5.775889738434995e-17, 1.0], "world_rotation": [-0.7896765794068324, 0.16013129347666225, -0.5922574345551229, -7.314247236221149e-17]}], "source": "action wait"}
{"timestamp": 1706028929.761506, "objects": [{"color": "cv_", "id_name": "hand", "shape": "CVCylinder", "id_string": "ob382", "world_size": [0.12, 0.005, 0.12], "id": 382, "camera_size": [48, 11], "camera_position": [246, 506], "world_position": [0.016895397614522686, 0.6650251031200105, -0.1741099590953301], "world_orientation": [-2.746929120920104e-05, 0.0039408298679357474, 0.9999922345225437, -0.0007624363047300299, -0.9999919443300119, 0.003940807780580234, 0.9999997089681173, -0.0007623221328519275, 3.0473701688100546e-05], "world_rotation": [0.0, 1.0, 0.0, 0.0]}, {"color": "CVGreen", "id_name": "object219711787326248", "shape": "CVCone", "id_string": "ob799", "world_size": [0.09, 0.09, 0.09], "id": 799, "camera_size": [37, 37], "camera_position": [256, 254], "world_position": [0.705, 0.6448569696296074, -0.15], "world_orientation": [1.0, -4.331917303826236e-17, -1.1712398707441946e-17, 4.331917303826236e-17, 1.0, -5.775889738434995e-17, 1.1712398707441946e-17, 5.775889738434995e-17, 1.0], "world_rotation": [-0.7896765794068324, 0.16013129347666225, -0.5922574345551229, -7.314247236221149e-17]}], "source": "action wait"}
{"timestamp": 1706028929.795059, "objects": [{"color": "cv_", "id_name": "hand", "shape": "CVCylinder", "id_string": "ob382", "world_size": [0.12, 0.005, 0.12], "id": 382, "camera_size": [48, 10], "camera_position": [246, 506], "world_position": [0.012679114438320057, 0.6647359072467743, -0.17410963746626015], "world_orientation": [-1.973318080017341e-05, 0.00234014114134528, 0.9999972616712709, -0.0007623793436528265, -0.9999969712907967, 0.0023401254176018873, 0.9999997091941268, -0.0007623310778899692, 2.1517196301866026e-05], "world_rotation": [0.0, 1.0, 0.0, 0.0]}, {"color": "CVGreen", "id_name": "object219711787326248", "shape": "CVCone", "id_string": "ob799", "world_size": [0.09, 0.09, 0.09], "id": 799, "camera_size": [37, 37], "camera_position": [256, 254], "world_position": [0.705, 0.6448569696296074, -0.15], "world_orientation": [1.0, -4.331917303826236e-17, -1.1712398707441946e-17, 4.331917303826236e-17, 1.0, -5.775889738434995e-17, 1.1712398707441946e-17, 5.775889738434995e-17, 1.0], "world_rotation": [-0.7896765794068324, 0.16013129347666225, -0.5922574345551229, -7.314247236221149e-17]}], "source": "action wait"}
{"timestamp": 1706028929.831588, "objects": [{"color": "cv_", "id_name": "hand", "shape": "CVCylinder", "id_string": "ob382", "world_size": [0.12, 0.005, 0.12], "id": 382, "camera_size": [48, 9], "camera_position": [246, 507], "world_position": [0.009707137726500578, 0.6645208174967119, -0.17410930855028947], "world_orientation": [-1.4546707302933658e-05, 0.0012088169758625819, 0.9999992692746893, -0.0007624243900590144, -0.9999989787485939, 0.001208805533897241, 0.9999997092486792, -0.0007624062487962766, 1.5468323992967924e-05], "world_rotation": [0.0, 1.0, 0.0, 0.0]}, {"color": "CVGreen", "id_name": "object219711787326248", "shape": "CVCone", "id_string": "ob799", "world_size": [0.09, 0.09, 0.09], "id": 799, "camera_size": [37, 37], "camera_position": [256, 254], "world_position": [0.705, 0.6448569696296074, -0.15], "world_orientation": [1.0, -4.331917303826236e-17, -1.1712398707441946e-17, 4.331917303826236e-17, 1.0, -5.775889738434995e-17, 1.1712398707441946e-17, 5.775889738434995e-17, 1.0], "world_rotation": [-0.7896765794068324, 0.16013129347666225, -0.5922574345551229, -7.314247236221149e-17]}], "source": "action wait"}
{"timestamp": 1706028929.866399, "objects": [{"color": "cv_", "id_name": "hand", "shape": "CVCylinder", "id_string": "ob382", "world_size": [0.12, 0.005, 0.12], "id": 382, "camera_size": [48, 8], "camera_position": [246, 507], "world_position": [0.007612596673279234, 0.6643649208946973, -0.17410902001886447], "world_orientation": [-1.1062933256420506e-05, 0.00040928107300668403, 0.999999916183304, -0.0007625152514533568, -0.9999996255331786, 0.0004092725183932554, 0.9999997092240092, -0.0007625106597876724, 1.137501217438248e-05], "world_rotation": [0.0, 1.0, 0.0, 0.0]}, {"color": "CVGreen", "id_name": "object219711787326248", "shape": "CVCone", "id_string": "ob799", "world_size": [0.09, 0.09, 0.09], "id": 799, "camera_size": [37, 37], "camera_position": [256, 254], "world_position": [0.705, 0.6448569696296074, -0.15], "world_orientation": [1.0, -4.331917303826236e-17, -1.1712398707441946e-17, 4.331917303826236e-17, 1.0, -5.775889738434995e-17, 1.1712398707441946e-17, 5.775889738434995e-17, 1.0], "world_rotation": [-0.7896765794068324, 0.16013129347666225, -0.5922574345551229, -7.314247236221149e-17]}], "source": "action wait"}
{"timestamp": 1706028929.899187, "objects": [{"color": "cv_", "id_name": "hand", "shape": "CVCylinder", "id_string": "ob382", "world_size": [0.12, 0.005, 0.12], "id": 382, "camera_size": [48, 7], "camera_position": [246, 508], "world_position": [0.0061365411197762, 0.6642537359696463, -0.1741087846389521], "world_orientation": [-8.727854335918595e-06, -0.00015573768904820478, 0.9999999878347985, -0.0007626192034830193, -0.9999996970777859, -0.00015574429979543387, 0.9999997091678453, -0.0007626205535194926, 8.60908314004715e-06], "world_rotation": [0.0, 1.0, 0.0, 0.0]}, {"color": "CVGreen", "id_name": "object219711787326248", "shape": "CVCone", "id_string": "ob799", "world_size": [0.09, 0.09, 0.09], "id": 799, "camera_size": [37, 37], "camera_position": [256, 254], "world_position": [0.705, 0.6448569696296074, -0.15], "world_orientation": [1.0, -4.331917303826236e-17, -1.1712398707441946e-17, 4.331917303826236e-17, 1.0, -5.775889738434995e-17, 1.1712398707441946e-17, 5.775889738434995e-17, 1.0], "world_rotation": [-0.7896765794068324, 0.16013129347666225, -0.5922574345551229, -7.314247236221149e-17]}], "source": "action wait"}
{"timestamp": 1706028929.923037, "objects": [{"color": "cv_", "id_name": "hand", "shape": "CVCylinder", "id_string": "ob382", "world_size": [0.12, 0.005, 0.12], "id": 382, "camera_size": [48, 7], "camera_position": [246, 508], "world_position": [0.0050963513307889655, 0.6641752499787595, -0.17410860034508288], "world_orientation": [-7.164258882478282e-06, -0.0005550056703612782, 0.9999998459586777, -0.0007627189129011499, -0.9999995551112408, -0.000555010973255545, 0.9999997091042245, -0.0007627227716535439, 6.740942373991815e-06], "world_rotation": [0.0, 1.0, 0.0, 0.0]}, {"color": "CVGreen", "id_name": "object219711787326248", "shape": "CVCone", "id_string": "ob799", "world_size": [0.09, 0.09, 0.09], "id": 799, "camera_size": [37, 37], "camera_position": [256, 254], "world_position": [0.705, 0.6448569696296074, -0.15], "world_orientation": [1.0, -4.331917303826236e-17, -1.1712398707441946e-17, 4.331917303826236e-17, 1.0, -5.775889738434995e-17, 1.1712398707441946e-17, 5.775889738434995e-17, 1.0], "world_rotation": [-0.7896765794068324, 0.16013129347666225, -0.5922574345551229, -7.314247236221149e-17]}], "source": "action wait"}
{"timestamp": 1706028929.953315, "objects": [{"color": "cv_", "id_name": "hand", "shape": "CVCylinder", "id_string": "ob382", "world_size": [0.12, 0.005, 0.12], "id": 382, "camera_size": [48, 7], "camera_position": [246, 508], "world_position": [0.004363300739693586, 0.6641202072596342, -0.17410845971088165], "world_orientation": [-6.118407902925662e-06, -0.0008371330019771849, 0.9999996495853898, -0.0007628064810955698, -0.999999358663396, -0.0008371374255988832, 0.9999997090443765, -0.0007628113357456049, 5.4798334998832175e-06], "world_rotation": [0.0, 1.0, 0.0, 0.0]}, {"color": "CVGreen", "id_name": "object219711787326248", "shape": "CVCone", "id_string": "ob799", "world_size": [0.09, 0.09, 0.09], "id": 799, "camera_size": [37, 37], "camera_position": [256, 254], "world_position": [0.705, 0.6448569696296074, -0.15], "world_orientation": [1.0, -4.331917303826236e-17, -1.1712398707441946e-17, 4.331917303826236e-17, 1.0, -5.775889738434995e-17, 1.1712398707441946e-17, 5.775889738434995e-17, 1.0], "world_rotation": [-0.7896765794068324, 0.16013129347666225, -0.5922574345551229, -7.314247236221149e-17]}], "source": "action wait"}
{"timestamp": 1706028929.984755, "objects": [{"color": "cv_", "id_name": "hand", "shape": "CVCylinder", "id_string": "ob382", "world_size": [0.12, 0.005, 0.12], "id": 382, "camera_size": [48, 7], "camera_position": [246, 508], "world_position": [0.0038466753010135656, 0.6640817620769455, -0.1741083542238474], "world_orientation": [-5.4196578541904475e-06, -0.0010364787436677463, 0.9999994628410764, -0.0007628794025522366, -0.9999991718590999, -0.001036482576618116, 0.99999970899278, -0.0007628846101460288, 4.628945081586466e-06], "world_rotation": [0.0, 1.0, 0.0, 0.0]}, {"color": "CVGreen", "id_name": "object219711787326248", "shape": "CVCone", "id_string": "ob799", "world_size": [0.09, 0.09, 0.09], "id": 799, "camera_size": [37, 37], "camera_position": [256, 254], "world_position": [0.705, 0.6448569696296074, -0.15], "world_orientation": [1.0, -4.331917303826236e-17, -1.1712398707441946e-17, 4.331917303826236e-17, 1.0, -5.775889738434995e-17, 1.1712398707441946e-17, 5.775889738434995e-17, 1.0], "world_rotation": [-0.7896765794068324, 0.16013129347666225, -0.5922574345551229, -7.314247236221149e-17]}], "source": "action wait"}
{"timestamp": 1706028930.017426, "objects": [{"color": "cv_", "id_name": "hand", "shape": "CVCylinder", "id_string": "ob382", "world_size": [0.12, 0.005, 0.12], "id": 382, "camera_size": [48, 7], "camera_position": [246, 508], "world_position": [0.003482556563369837, 0.6640549740115176, -0.17410827605192736], "world_orientation": [-4.953393476923063e-06, -0.0011773270797826908, 0.9999993069379655, -0.0007629380063523645, -0.9999990159087428, -0.0011773305162803421, 0.9999997089504888, -0.0007629433093706368, 4.055161027621491e-06], "world_rotation": [0.0, 1.0, 0.0, 0.0]}, {"color": "CVGreen", "id_name": "object219711787326248", "shape": "CVCone", "id_string": "ob799", "world_size": [0.09, 0.09, 0.09], "id": 799, "camera_size": [37, 37], "camera_position": [256, 254], "world_position": [0.705, 0.6448569696296074, -0.15], "world_orientation": [1.0, -4.331917303826236e-17, -1.1712398707441946e-17, 4.331917303826236e-17, 1.0, -5.775889738434995e-17, 1.1712398707441946e-17, 5.775889738434995e-17, 1.0], "world_rotation": [-0.7896765794068324, 0.16013129347666225, -0.5922574345551229, -7.314247236221149e-17]}], "source": "action wait"}
{"timestamp": 1706028930.05318, "objects": [{"color": "cv_", "id_name": "hand", "shape": "CVCylinder", "id_string": "ob382", "world_size": [0.12, 0.005, 0.12], "id": 382, "camera_size": [48, 7], "camera_position": [246, 508], "world_position": [0.0032259084963321026, 0.6640363321026622, -0.1741082186326598], "world_orientation": [-4.6427276870391446e-06, -0.0012768403671356366, 0.9999991848282289, -0.0007629839252704966, -0.999998893762443, -0.001276843537819867, 0.9999997089169452, -0.0007629892313447673, 3.6685138761823324e-06], "world_rotation": [0.0, 1.0, 0.0, 0.0]}, {"color": "CVGreen", "id_name": "object219711787326248", "shape": "CVCone", "id_string": "ob799", "world_size": [0.09, 0.09, 0.09], "id": 799, "camera_size": [37, 37], "camera_position": [256, 254], "world_position": [0.705, 0.6448569696296074, -0.15], "world_orientation": [1.0, -4.331917303826236e-17, -1.1712398707441946e-17, 4.331917303826236e-17, 1.0, -5.775889738434995e-17, 1.1712398707441946e-17, 5.775889738434995e-17, 1.0], "world_rotation": [-0.7896765794068324, 0.16013129347666225, -0.5922574345551229, -7.314247236221149e-17]}], "source": "action wait"}
{"timestamp": 1706028932.751072, "objects": [{"color": "CVGreen", "id_name": "object219711787326248", "shape": "CVCone", "id_string": "ob799", "world_size": [0.09, 0.09, 0.09], "id": 799, "camera_size": [37, 37], "camera_position": [256, 254], "world_position": [0.705, 0.6448569696296074, -0.15], "world_orientation": [1.0, -4.331917303826236e-17, -1.1712398707441946e-17, 4.331917303826236e-17, 1.0, -5.775889738434995e-17, 1.1712398707441946e-17, 5.775889738434995e-17, 1.0], "world_rotation": [-0.7896765794068324, 0.16013129347666225, -0.5922574345551229, -7.314247236221149e-17]}], "source": "action wait"}
{"timestamp": 1706028932.786611, "objects": [{"color": "cv_", "id_name": "hand", "shape": "CVCylinder", "id_string": "ob382", "world_size": [0.12, 0.005, 0.12], "id": 382, "camera_size": [51, 11], "camera_position": [246, 506], "world_position": [0.03543532504791367, 0.7201863052579582, -0.17412270669460111], "world_orientation": [0.00015847950218476203, 0.19405467230904014, 0.9809907028301942, -0.0007077411868784935, -0.980990447695724, 0.19405473617553257, 0.9999997369932954, -0.0007250412223237903, -1.8126393699079735e-05], "world_rotation": [0.0, 1.0, 0.0, 0.0]}, {"color": "CVGreen", "id_name": "object219711787326248", "shape": "CVCone", "id_string": "ob799", "world_size": [0.09, 0.09, 0.09], "id": 799, "camera_size": [37, 37], "camera_position": [256, 254], "world_position": [0.705, 0.6448569696296074, -0.15], "world_orientation": [1.0, -4.331917303826236e-17, -1.1712398707441946e-17, 4.331917303826236e-17, 1.0, -5.775889738434995e-17, 1.1712398707441946e-17, 5.775889738434995e-17, 1.0], "world_rotation": [-0.7896765794068324, 0.16013129347666225, -0.5922574345551229, -7.314247236221149e-17]}], "source": "action wait"}
{"timestamp": 1706028932.828283, "objects": [{"color": "cv_", "id_name": "hand", "shape": "CVCylinder", "id_string": "ob382", "world_size": [0.12, 0.005, 0.12], "id": 382, "camera_size": [52, 21], "camera_position": [245, 501], "world_position": [0.08353707584949181, 0.773792020250519, -0.17412462435756582], "world_orientation": [0.0002585240744718092, 0.29913820575621825, 0.9542097604941241, -0.000706184626789421, -0.9542094998382025, 0.29913831536899604, 0.999999717234248, -0.0007511827197134303, -3.5439325607010515e-05], "world_rotation": [0.0, 1.0, 0.0, 0.0]}, {"color": "CVGreen", "id_name": "object219711787326248", "shape": "CVCone", "id_string": "ob799", "world_size": [0.09, 0.09, 0.09], "id": 799, "camera_size": [37, 37], "camera_position": [256, 254], "world_position": [0.705, 0.6448569696296074, -0.15], "world_orientation": [1.0, -4.331917303826236e-17, -1.1712398707441946e-17, 4.331917303826236e-17, 1.0, -5.775889738434995e-17, 1.1712398707441946e-17, 5.775889738434995e-17, 1.0], "world_rotation": [-0.7896765794068324, 0.16013129347666225, -0.5922574345551229, -7.314247236221149e-17]}], "source": "action wait"}
{"timestamp": 1706028932.860634, "objects": [{"color": "cv_", "id_name": "hand", "shape": "CVCylinder", "id_string": "ob382", "world_size": [0.12, 0.005, 0.12], "id": 382, "camera_size": [54, 38], "camera_position": [245, 492], "world_position": [0.13989137066866125, 0.8062277955301864, -0.17412047519461973], "world_orientation": [0.00029095587876254425, 0.3403539740019553, 0.9402973400609793, -0.0007117248548668981, -0.9402970712259461, 0.3403540969220718, 0.9999997043961601, -0.0007682610132472419, -3.1346577906011465e-05], "world_rotation": [0.0, 1.0, 0.0, 0.0]}, {"color": "CVGreen", "id_name": "object219711787326248", "shape": "CVCone", "id_string": "ob799", "world_size": [0.09, 0.09, 0.09], "id": 799, "camera_size": [37, 37], "camera_position": [256, 254], "world_position": [0.705, 0.6448569696296074, -0.15], "world_orientation": [1.0, -4.331917303826236e-17, -1.1712398707441946e-17, 4.331917303826236e-17, 1.0, -5.775889738434995e-17, 1.1712398707441946e-17, 5.775889738434995e-17, 1.0], "world_rotation": [-0.7896765794068324, 0.16013129347666225, -0.5922574345551229, -7.314247236221149e-17]}], "source": "action wait"}
{"timestamp": 1706028932.892342, "objects": [{"color": "cv_", "id_name": "hand", "shape": "CVCylinder", "id_string": "ob382", "world_size": [0.12, 0.005, 0.12], "id": 382, "camera_size": [55, 59], "camera_position": [245, 480], "world_position": [0.2008243743114937, 0.8207606269466219, -0.1741171600127405], "world_orientation": [0.0002896915578110883, 0.34140659199284135, 0.9399156637819345, -0.0007211623304535636, -0.9399153874830887, 0.34140671390206845, 0.9999996980018017, -0.0007767344133204639, -2.607597929635575e-05], "world_rotation": [0.0, 1.0, 0.0, 0.0]}, {"color": "CVGreen", "id_name": "object219711787326248", "shape": "CVCone", "id_string": "ob799", "world_size": [0.09, 0.09, 0.09], "id": 799, "camera_size": [37, 37], "camera_position": [256, 254], "world_position": [0.705, 0.6448569696296074, -0.15], "world_orientation": [1.0, -4.331917303826236e-17, -1.1712398707441946e-17, 4.331917303826236e-17, 1.0, -5.775889738434995e-17, 1.1712398707441946e-17, 5.775889738434995e-17, 1.0], "world_rotation": [-0.7896765794068324, 0.16013129347666225, -0.5922574345551229, -7.314247236221149e-17]}], "source": "action wait"}
{"timestamp": 1706028932.92136, "objects": [{"color": "cv_", "id_name": "hand", "shape": "CVCylinder", "id_string": "ob382", "world_size": [0.12, 0.005, 0.12], "id": 382, "camera_size": [55, 58], "camera_position": [245, 451], "world_position": [0.2644200184052296, 0.8201640311190854, -0.17411446192031435], "world_orientation": [0.0002649114532163962, 0.31421041374814734, 0.9493533302802177, -0.0007342319018894689, -0.9493530465795786, 0.31421052473395417, 0.9999996953626719, -0.0007802834679801444, -2.0791185504569233e-05], "world_rotation": [0.0, 1.0, 0.0, 0.0]}, {"color": "CVGreen", "id_name": "object219711787326248", "shape": "CVCone", "id_string": "ob799", "world_size": [0.09, 0.09, 0.09], "id": 799, "camera_size": [37, 37], "camera_position": [256, 254], "world_position": [0.705, 0.6448569696296074, -0.15], "world_orientation": [1.0, -4.331917303826236e-17, -1.1712398707441946e-17, 4.331917303826236e-17, 1.0, -5.775889738434995e-17, 1.1712398707441946e-17, 5.775889738434995e-17, 1.0], "world_rotation": [-0.7896765794068324, 0.16013129347666225, -0.5922574345551229, -7.314247236221149e-17]}], "source": "action wait"}
{"timestamp": 1706028932.951262, "objects": [{"color": "cv_", "id_name": "hand", "shape": "CVCylinder", "id_string": "ob382", "world_size": [0.12, 0.005, 0.12], "id": 382, "camera_size": [54, 57], "camera_position": [245, 421], "world_position": [0.3286632122032232, 0.8066373527720966, -0.17411208148199278], "world_orientation": [0.00022329156484940474, 0.2664756780435136, 0.9638416172546851, -0.0007487738959170468, -0.9638413265345498, 0.26647577113458637, 0.9999996947392185, -0.0007812012347301033, -1.568760645219839e-05], "world_rotation": [0.0, 1.0, 0.0, 0.0]}, {"color": "CVGreen", "id_name": "object219711787326248", "shape": "CVCone", "id_string": "ob799", "world_size": [0.09, 0.09, 0.09], "id": 799, "camera_size": [37, 37], "camera_position": [256, 254], "world_position": [0.705, 0.6448569696296074, -0.15], "world_orientation": [1.0, -4.331917303826236e-17, -1.1712398707441946e-17, 4.331917303826236e-17, 1.0, -5.775889738434995e-17, 1.1712398707441946e-17, 5.775889738434995e-17, 1.0], "world_rotation": [-0.7896765794068324, 0.16013129347666225, -0.5922574345551229, -7.314247236221149e-17]}], "source": "action wait"}
{"timestamp": 1706028932.986635, "objects": [{"color": "cv_", "id_name": "hand", "shape": "CVCylinder", "id_string": "ob382", "world_size": [0.12, 0.005, 0.12], "id": 382, "camera_size": [53, 54], "camera_position": [245, 390], "world_position": [0.3917632339038156, 0.7819638414526164, -0.1741098242646342], "world_orientation": [0.00016949347940023823, 0.20352356317374945, 0.9790700335037436, -0.0007623105698049165, -0.9790697367931502, 0.20352363346399596, 0.9999996950772314, -0.0007808513638954386, -1.0797772852407987e-05], "world_rotation": [0.0, 1.0, 0.0, 0.0]}, {"color": "CVGreen", "id_name": "object219711787326248", "shape": "CVCone", "id_string": "ob799", "world_size": [0.09, 0.09, 0.09], "id": 799, "camera_size": [37, 37], "camera_position": [256, 254], "world_position": [0.705, 0.6448569696296074, -0.15], "world_orientation": [1.0, -4.331917303826236e-17, -1.1712398707441946e-17, 4.331917303826236e-17, 1.0, -5.775889738434995e-17, 1.1712398707441946e-17, 5.775889738434995e-17, 1.0], "world_rotation": [-0.7896765794068324, 0.16013129347666225, -0.5922574345551229, -7.314247236221149e-17]}], "source": "action wait"}
{"timestamp": 1706028933.019768, "objects": [{"color": "cv_", "id_name": "hand", "shape": "CVCylinder", "id_string": "ob382", "world_size": [0.12, 0.005, 0.12], "id": 382, "camera_size": [52, 52], "camera_position": [245, 365], "world_position": [0.4440469725525491, 0.7536496517280189, -0.17410320389240078], "world_orientation": [0.00010733633388979568, 0.14356684961788926, 0.9896406156629313, -0.0007677349016914054, -0.989640317877562, 0.14356688968672043, 0.999999699530971, -0.0007751915843830379, 3.996917587438337e-06], "world_rotation": [0.0, 1.0, 0.0, 0.0]}, {"color": "CVGreen", "id_name": "object219711787326248", "shape": "CVCone", "id_string": "ob799", "world_size": [0.09, 0.09, 0.09], "id": 799, "camera_size": [37, 37], "camera_position": [256, 254], "world_position": [0.705, 0.6448569696296074, -0.15], "world_orientation": [1.0, -4.331917303826236e-17, -1.1712398707441946e-17, 4.331917303826236e-17, 1.0, -5.775889738434995e-17, 1.1712398707441946e-17, 5.775889738434995e-17, 1.0], "world_rotation": [-0.7896765794068324, 0.16013129347666225, -0.5922574345551229, -7.314247236221149e-17]}], "source": "action wait"}
{"timestamp": 1706028933.0504, "objects": [{"color": "cv_", "id_name": "hand", "shape": "CVCylinder", "id_string": "ob382", "world_size": [0.12, 0.005, 0.12], "id": 382, "camera_size": [51, 51], "camera_position": [246, 349], "world_position": [0.4795436867815404, 0.7303805088421176, -0.17409842401101605], "world_orientation": [6.315595813117577e-05, 0.10091461442261485, 0.9948950882415996, -0.0007666421133956209, -0.9948947929697416, 0.10091463313893194, 0.9999997041355537, -0.0007691018334021316, 1.4531859384135108e-05], "world_rotation": [0.0, 1.0, 0.0, 0.0]}, {"color": "CVGreen", "id_name": "object219711787326248", "shape": "CVCone", "id_string": "ob799", "world_size": [0.09, 0.09, 0.09], "id": 799, "camera_size": [37, 37], "camera_position": [256, 254], "world_position": [0.705, 0.6448569696296074, -0.15], "world_orientation": [1.0, -4.331917303826236e-17, -1.1712398707441946e-17, 4.331917303826236e-17, 1.0, -5.775889738434995e-17, 1.1712398707441946e-17, 5.775889738434995e-17, 1.0], "world_rotation": [-0.7896765794068324, 0.16013129347666225, -0.5922574345551229, -7.314247236221149e-17]}], "source": "action wait"}
{"timestamp": 1706028933.08455, "objects": [{"color": "cv_", "id_name": "hand", "shape": "CVCylinder", "id_string": "ob382", "world_size": [0.12, 0.005, 0.12], "id": 382, "camera_size": [50, 50], "camera_position": [245, 337], "world_position": [0.5037104622658654, 0.7124180275314098, -0.17409669399148486], "world_orientation": [3.570072481431323e-05, 0.07072622451498772, 0.9974957643475555, -0.0007644606851318185, -0.9974954715846097, 0.07072623111730453, 0.9999997071626167, -0.0007650712731438287, 1.8456106715337648e-05], "world_rotation": [0.0, 1.0, 0.0, 0.0]}, {"color": "CVGreen", "id_name": "object219711787326248", "shape": "CVCone", "id_string": "ob799", "world_size": [0.09, 0.09, 0.09], "id": 799, "camera_size": [37, 37], "camera_position": [256, 254], "world_position": [0.705, 0.6448569696296074, -0.15], "world_orientation": [1.0, -4.331917303826236e-17, -1.1712398707441946e-17, 4.331917303826236e-17, 1.0, -5.775889738434995e-17, 1.1712398707441946e-17, 5.775889738434995e-17, 1.0], "world_rotation": [-0.7896765794068324, 0.16013129347666225, -0.5922574345551229, -7.314247236221149e-17]}], "source": "action wait"}
{"timestamp": 1706028933.119141, "objects": [{"color": "cv_", "id_name": "hand", "shape": "CVCylinder", "id_string": "ob382", "world_size": [0.12, 0.005, 0.12], "id": 382, "camera_size": [49, 50], "camera_position": [246, 330], "world_position": [0.5202800794217232, 0.69902503913542, -0.17409660624477516], "world_orientation": [1.8811642688419925e-05, 0.04940179320380854, 0.9987789857993461, -0.0007627114762929541, -0.9987786947579683, 0.04940179317366197, 0.9999997089586208, -0.0007627095236311044, 1.8890646695784624e-05], "world_rotation": [0.0, 1.0, 0.0, 0.0]}, {"color": "CVGreen", "id_name": "object219711787326248", "shape": "CVCone", "id_string": "ob799", "world_size": [0.09, 0.09, 0.09], "id": 799, "camera_size": [37, 37], "camera_position": [256, 254], "world_position": [0.705, 0.6448569696296074, -0.15], "world_orientation": [1.0, -4.331917303826236e-17, -1.1712398707441946e-17, 4.331917303826236e-17, 1.0, -5.775889738434995e-17, 1.1712398707441946e-17, 5.775889738434995e-17, 1.0], "world_rotation": [-0.7896765794068324, 0.16013129347666225, -0.5922574345551229, -7.314247236221149e-17]}], "source": "action wait"}
{"timestamp": 1706028933.155479, "objects": [{"color": "cv_", "id_name": "hand", "shape": "CVCylinder", "id_string": "ob382", "world_size": [0.12, 0.005, 0.12], "id": 382, "camera_size": [49, 49], "camera_position": [246, 325], "world_position": [0.5317152404674946, 0.689244762638438, -0.17409732051436505], "world_orientation": [8.544776147677913e-06, 0.03435322712642779, 0.9994097536611231, -0.0007616705730671857, -0.9994094635741674, 0.034353223667267944, 0.9999997098924204, -0.0007615145404065323, 1.7626112046357795e-05], "world_rotation": [0.0, 1.0, 0.0, 0.0]}, {"color": "CVGreen", "id_name": "object219711787326248", "shape": "CVCone", "id_string": "ob799", "world_size": [0.09, 0.09, 0.09], "id": 799, "camera_size": [37, 37], "camera_position": [256, 254], "world_position": [0.705, 0.6448569696296074, -0.15], "world_orientation": [1.0, -4.331917303826236e-17, -1.1712398707441946e-17, 4.331917303826236e-17, 1.0, -5.775889738434995e-17, 1.1712398707441946e-17, 5.775889738434995e-17, 1.0], "world_rotation": [-0.7896765794068324, 0.16013129347666225, -0.5922574345551229, -7.314247236221149e-17]}], "source": "action wait"}
{"timestamp": 1706028933.185211, "objects": [{"color": "cv_", "id_name": "hand", "shape": "CVCylinder", "id_string": "ob382", "world_size": [0.12, 0.005, 0.12], "id": 382, "camera_size": [49, 49], "camera_position": [246, 321], "world_position": [0.539650094746953, 0.6821953101991735, -0.17409835574352686], "world_orientation": [2.4162098991925495e-06, 0.023738455288991708, 0.9997182031625985, -0.000761214861497622, -0.9997179134794243, 0.02373845025019589, 0.9999997102730063, -0.0007610577106359101, 1.565453663640111e-05], "world_rotation": [0.0, 1.0, 0.0, 0.0]}, {"color": "CVGreen", "id_name": "object219711787326248", "shape": "CVCone", "id_string": "ob799", "world_size": [0.09, 0.09, 0.09], "id": 799, "camera_size": [37, 37], "camera_position": [256, 254], "world_position": [0.705, 0.6448569696296074, -0.15], "world_orientation": [1.0, -4.331917303826236e-17, -1.1712398707441946e-17, 4.331917303826236e-17, 1.0, -5.775889738434995e-17, 1.1712398707441946e-17, 5.775889738434995e-17, 1.0], "world_rotation": [-0.7896765794068324, 0.16013129347666225, -0.5922574345551229, -7.314247236221149e-17]}], "source": "action wait"}
