{"timestamp": 1706028884.7365, "objects": [{"color": "cv_", "id_name": "hand", "shape": "CVCylinder", "id_string": "ob382", "world_size": [0.12, 0.005, 0.12], "id": 382, "camera_size": [48, 50], "camera_position": [246, 426], "world_position": [0.26764451554013763, 0.6334703013847364, -0.17389260400847864], "world_orientation": [-0.0006415511685706403, 0.19791547486640934, 0.9802188802611903, -0.0007473675286259626, -0.9802189031249683, 0.19791499033236798, 0.9999995149268202, -0.0006056111687282253, 0.0007767761820830265], "world_rotation": [0.0, 1.0, 0.0, 0.0]}, {"color": "CVYellow", "id_name": "object215007279696808", "shape": "CVCone", "id_string": "ob778", "world_size": [0.11, 0.11, 0.11], "id": 778, "camera_size": [45, 45], "camera_position": [256, 254], "world_position": [0.705, 0.654738849708696, -0.15], "world_orientation": [1.0, -5.1619362862653347e-17, 1.4541359828532488e-17, 5.1619362862653347e-17, 1.0, 2.3824321321224633e-17, -1.4541359828532488e-17, -2.3824321321224633e-17, 1.0], "world_rotation": [-0.4059884517598224, 0.2477982093873522, 0.8796416454796148, 5.868226354211375e-17]}], "source": "manual check"}
{"timestamp": 1706028885.756692, "objects": [{"color": "cv_", "id_name": "hand", "shape": "CVCylinder", "id_string": "ob382", "world_size": [0.12, 0.005, 0.12], "id": 382, "camera_size": [48, 50], "camera_position": [246, 426], "world_position": [0.26764451554013763, 0.6334703013847364, -0.17389260400847864], "world_orientation": [-0.0006415511685706403, 0.19791547486640934, 0.9802188802611903, -0.0007473675286259626, -0.9802189031249683, 0.19791499033236798, 0.9999995149268202, -0.0006056111687282253, 0.0007767761820830265], "world_rotation": [0.0, 1.0, 0.0, 0.0]}, {"color": "CVYellow", "id_name": "object215007279696808", "shape": "CVCone", "id_string": "ob778", "world_size": [0.11, 0.11, 0.11], "id": 778, "camera_size": [45, 45], "camera_position": [256, 254], "world_position": [0.705, 0.6547388572526824, -0.15], "world_orientation": [1.0, -3.838362879530641e-17, 1.4813540171849057e-17, 3.838362879530641e-17, 1.0, 5.294293626938881e-18, -1.4813540171849057e-17, -5.294293626938881e-18, 1.0], "world_rotation": [-0.1276280613210114, 0.35710588544125776, 0.925303444577321, 4.1482206750932463e-17]}], "source": "manual check"}
{"timestamp": 1706028887.436929, "objects": [{"color": "cv_", "id_name": "hand", "shape": "CVCylinder", "id_string": "ob382", "world_size": [0.12, 0.005, 0.12], "id": 382, "camera_size": [48, 50], "camera_position": [246, 426], "world_position": [0.26764451554013763, 0.6334703013847364, -0.17389260400847864], "world_orientation": [-0.0006415511685706403, 0.19791547486640934, 0.9802188802611903, -0.0007473675286259626, -0.9802189031249683, 0.19791499033236798, 0.9999995149268202, -0.0006056111687282253, 0.0007767761820830265], "world_rotation": [0.0, 1.0, 0.0, 0.0]}, {"color": "CVYellow", "id_name": "object215007279696808", "shape": "CVCone", "id_string": "ob778", "world_size": [0.11, 0.11, 0.11], "id": 778, "camera_size": [45, 45], "camera_position": [256, 254], "world_position": [0.705, 0.6547388572526824, -0.15], "world_orientation": [1.0, -3.838362879530641e-17, 1.4813540171849057e-17, 3.838362879530641e-17, 1.0, 5.294293626938881e-18, -1.4813540171849057e-17, -5.294293626938881e-18, 1.0], "world_rotation": [-0.1276280613210114, 0.35710588544125776, 0.925303444577321, 4.1482206750932463e-17]}], "source": "action wait"}
{"timestamp": 1706028887.471651, "objects": [{"color": "cv_", "id_name": "hand", "shape": "CVCylinder", "id_string": "ob382", "world_size": [0.12, 0.005, 0.12], "id": 382, "camera_size": [48, 50], "camera_position": [246, 444], "world_position": [0.2251473945626041, 0.6428711412259456, -0.17397270148338045], "world_orientation": [-0.0005236750004059287, 0.08856502135565301, 0.9960702599499529, -0.0007615736345557084, -0.9960701429924018, 0.08856461056593513, 0.9999995728849554, -0.0007122017756692017, 0.000589065817744603], "world_rotation": [0.0, 1.0, 0.0, 0.0]}, {"color": "CVYellow", "id_name": "object215007279696808", "shape": "CVCone", "id_string": "ob778", "world_size": [0.11, 0.11, 0.11], "id": 778, "camera_size": [45, 45], "camera_position": [256, 254], "world_position": [0.705, 0.6547388572526824, -0.15], "world_orientation": [1.0, -3.838362879530641e-17, 1.4813540171849057e-17, 3.838362879530641e-17, 1.0, 5.294293626938881e-18, -1.4813540171849057e-17, -5.294293626938881e-18, 1.0], "world_rotation": [-0.1276280613210114, 0.35710588544125776, 0.925303444577321, 4.1482206750932463e-17]}], "source": "action wait"}
{"timestamp": 1706028887.503324, "objects": [{"color": "cv_", "id_name": "hand", "shape": "CVCylinder", "id_string": "ob382", "world_size": [0.12, 0.005, 0.12], "id": 382, "camera_size": [48, 50], "camera_position": [246, 471], "world_position": [0.1639017137575638, 0.6600243062716158, -0.17403875078201733], "world_orientation": [-0.0003781607563057627, 0.06187081976040016, 0.9980840939803713, -0.0007686807683634547, -0.9980838884619381, 0.061870515777503444, 0.999999633062092, -0.0007438110472130588, 0.00042499506739045043], "world_rotation": [0.0, 1.0, 0.0, 0.0]}, {"color": "CVYellow", "id_name": "object215007279696808", "shape": "CVCone", "id_string": "ob778", "world_size": [0.11, 0.11, 0.11], "id": 778, "camera_size": [45, 45], "camera_position": [256, 254], "world_position": [0.705, 0.6547388572526824, -0.15], "world_orientation": [1.0, -3.838362879530641e-17, 1.4813540171849057e-17, 3.838362879530641e-17, 1.0, 5.294293626938881e-18, -1.4813540171849057e-17, -5.294293626938881e-18, 1.0], "world_rotation": [-0.1276280613210114, 0.35710588544125776, 0.925303444577321, 4.1482206750932463e-17]}], "source": "action wait"}
{"timestamp": 1706028887.533074, "objects": [{"color": "cv_", "id_name": "hand", "shape": "CVCylinder", "id_string": "ob382", "world_size": [0.12, 0.005, 0.12], "id": 382, "camera_size": [49, 46], "camera_position": [246, 488], "world_position": [0.11787035718376504, 0.667687589010124, -0.1740778070347295], "world_orientation": [-0.00025735661369397295, 0.04331336990572259, 0.9990615024887023, -0.0007697872682274901, -0.9990612481464148, 0.04331316058300782, 0.9999996705975134, -0.0007579178964563632, 0.00029045710039366825], "world_rotation": [0.0, 1.0, 0.0, 0.0]}, {"color": "CVYellow", "id_name": "object215007279696808", "shape": "CVCone", "id_string": "ob778", "world_size": [0.11, 0.11, 0.11], "id": 778, "camera_size": [45, 45], "camera_position": [256, 254], "world_position": [0.705, 0.6547388572526824, -0.15], "world_orientation": [1.0, -3.838362879530641e-17, 1.4813540171849057e-17, 3.838362879530641e-17, 1.0, 5.294293626938881e-18, -1.4813540171849057e-17, -5.294293626938881e-18, 1.0], "world_rotation": [-0.1276280613210114, 0.35710588544125776, 0.925303444577321, 4.1482206750932463e-17]}], "source": "action wait"}
{"timestamp": 1706028887.561889, "objects": [{"color": "cv_", "id_name": "hand", "shape": "CVCylinder", "id_string": "ob382", "world_size": [0.12, 0.005, 0.12], "id": 382, "camera_size": [49, 34], "camera_position": [246, 494], "world_position": [0.08448308810567885, 0.6707868477001375, -0.1740965329651769], "world_orientation": [-0.00017493016790552331, 0.03018097125564868, 0.9995444354172065, -0.0007681379223323732, -0.9995441598823596, 0.030180828504211544, 0.9999996896817361, -0.0007625084485028437, 0.00019803357627186843], "world_rotation": [0.0, 1.0, 0.0, 0.0]}, {"color": "CVYellow", "id_name": "object215007279696808", "shape": "CVCone", "id_string": "ob778", "world_size": [0.11, 0.11, 0.11], "id": 778, "camera_size": [45, 45], "camera_position": [256, 254], "world_position": [0.705, 0.6547388572526824, -0.15], "world_orientation": [1.0, -3.838362879530641e-17, 1.4813540171849057e-17, 3.838362879530641e-17, 1.0, 5.294293626938881e-18, -1.4813540171849057e-17, -5.294293626938881e-18, 1.0], "world_rotation": [-0.1276280613210114, 0.35710588544125776, 0.925303444577321, 4.1482206750932463e-17]}], "source": "action wait"}
{"timestamp": 1706028887.596031, "objects": [{"color": "cv_", "id_name": "hand", "shape": "CVCylinder", "id_string": "ob382", "world_size": [0.12, 0.005, 0.12], "id": 382, "camera_size": [49, 25], "camera_position": [246, 499], "world_position": [0.06057134697915593, 0.6718147583765105, -0.17410508571261923], "world_orientation": [-0.00011907316514246087, 0.020891805955247977, 0.9997817353130181, -0.0007661269071461549, -0.9997814508953256, 0.020891708766880852, 0.9999996994355266, -0.0007634720468088242, 0.00013505291649039186], "world_rotation": [0.0, 1.0, 0.0, 0.0]}, {"color": "CVYellow", "id_name": "object215007279696808", "shape": "CVCone", "id_string": "ob778", "world_size": [0.11, 0.11, 0.11], "id": 778, "camera_size": [45, 45], "camera_position": [256, 254], "world_position": [0.705, 0.6547388572526824, -0.15], "world_orientation": [1.0, -3.838362879530641e-17, 1.4813540171849057e-17, 3.838362879530641e-17, 1.0, 5.294293626938881e-18, -1.4813540171849057e-17, -5.294293626938881e-18, 1.0], "world_rotation": [-0.1276280613210114, 0.35710588544125776, 0.925303444577321, 4.1482206750932463e-17]}], "source": "action wait"}
{"timestamp": 1706028887.629327, "objects": [{"color": "cv_", "id_name": "hand", "shape": "CVCylinder", "id_string": "ob382", "world_size": [0.12, 0.005, 0.12], "id": 382, "camera_size": [49, 19], "camera_position": [246, 502], "world_position": [0.043564643378253734, 0.6719702948257682, -0.17410869701646942], "world_orientation": [-8.137235873685554e-05, 0.014322984184720364, 0.9998974174897061, -0.0007645366413199711, -0.9998971294629575, 0.014322917840362543, 0.9999997044310881, -0.0007632927236237838, 9.231443414124644e-05], "world_rotation": [0.0, 1.0, 0.0, 0.0]}, {"color": "CVYellow", "id_name": "object215007279696808", "shape": "CVCone", "id_string": "ob778", "world_size": [0.11, 0.11, 0.11], "id": 778, "camera_size": [45, 45], "camera_position": [256, 254], "world_position": [0.705, 0.6547388572526824, -0.15], "world_orientation": [1.0, -3.838362879530641e-17, 1.4813540171849057e-17, 3.838362879530641e-17, 1.0, 5.294293626938881e-18, -1.4813540171849057e-17, -5.294293626938881e-18, 1.0], "world_rotation": [-0.1276280613210114, 0.35710588544125776, 0.925303444577321, 4.1482206750932463e-17]}], "source": "action wait"}
{"timestamp": 1706028887.665963, "objects": [{"color": "cv_", "id_name": "hand", "shape": "CVCylinder", "id_string": "ob382", "world_size": [0.12, 0.005, 0.12], "id": 382, "camera_size": [49, 15], "camera_position": [246, 504], "world_position": [0.031516508984336805, 0.671805173368427, -0.17410998590268742], "world_orientation": [-5.597839993029117e-05, 0.009678707709499915, 0.9999531586446901, -0.0007634924766443909, -0.9999528691782942, 0.009678662166619199, 0.9999997069727855, -0.0007629149176008076, 6.336538214251566e-05], "world_rotation": [0.0, 1.0, 0.0, 0.0]}, {"color": "CVYellow", "id_name": "object215007279696808", "shape": "CVCone", "id_string": "ob778", "world_size": [0.11, 0.11, 0.11], "id": 778, "camera_size": [45, 45], "camera_position": [256, 254], "world_position": [0.705, 0.6547388572526824, -0.15], "world_orientation": [1.0, -3.838362879530641e-17, 1.4813540171849057e-17, 3.838362879530641e-17, 1.0, 5.294293626938881e-18, -1.4813540171849057e-17, -5.294293626938881e-18, 1.0], "world_rotation": [-0.1276280613210114, 0.35710588544125776, 0.925303444577321, 4.1482206750932463e-17]}], "source": "action wait"}
{"timestamp": 1706028887.700568, "objects": [{"color": "cv_", "id_name": "hand", "shape": "CVCylinder", "id_string": "ob382", "world_size": [0.12, 0.005, 0.12], "id": 382, "camera_size": [49, 12], "camera_position": [246, 505], "world_position": [0.023000571782914214, 0.6715587290181341, -0.17411023718248433], "world_orientation": [-3.888564102166462e-05, 0.006395556042392208, 0.9999795474662547, -0.000762897886066832, -0.9999792574113315, 0.006395524520912112, 0.9999997082373187, -0.0007626335888017656, 4.3763990618137414e-05], "world_rotation": [0.0, 1.0, 0.0, 0.0]}, {"color": "CVYellow", "id_name": "object215007279696808", "shape": "CVCone", "id_string": "ob778", "world_size": [0.11, 0.11, 0.11], "id": 778, "camera_size": [45, 45], "camera_position": [256, 254], "world_position": [0.705, 0.6547388572526824, -0.15], "world_orientation": [1.0, -3.838362879530641e-17, 1.4813540171849057e-17, 3.838362879530641e-17, 1.0, 5.294293626938881e-18, -1.4813540171849057e-17, -5.294293626938881e-18, 1.0], "world_rotation": [-0.1276280613210114, 0.35710588544125776, 0.925303444577321, 4.1482206750932463e-17]}], "source": "action wait"}
{"timestamp": 1706028887.732147, "objects": [{"color": "cv_", "id_name": "hand", "shape": "CVCylinder", "id_string": "ob382", "world_size": [0.12, 0.005, 0.12], "id": 382, "camera_size": [49, 10], "camera_position": [246, 506], "world_position": [0.016989281506507317, 0.671324966990949, -0.1741100669027838], "world_orientation": [-2.7407027678129537e-05, 0.004074856505405129, 0.9999916973621908, -0.0007626140812563609, -0.999991407035182, 0.004074834421195962, 0.9999997088342666, -0.0007624960704484487, 3.0514335120991663e-05], "world_rotation": [0.0, 1.0, 0.0, 0.0]}, {"color": "CVYellow", "id_name": "object215007279696808", "shape": "CVCone", "id_string": "ob778", "world_size": [0.11, 0.11, 0.11], "id": 778, "camera_size": [45, 45], "camera_position": [256, 254], "world_position": [0.705, 0.6547388572526824, -0.15], "world_orientation": [1.0, -3.838362879530641e-17, 1.4813540171849057e-17, 3.838362879530641e-17, 1.0, 5.294293626938881e-18, -1.4813540171849057e-17, -5.294293626938881e-18, 1.0], "world_rotation": [-0.1276280613210114, 0.35710588544125776, 0.925303444577321, 4.1482206750932463e-17]}], "source": "action wait"}
{"timestamp": 1706028887.763786, "objects": [{"color": "cv_", "id_name": "hand", "shape": "CVCylinder", "id_string": "ob382", "world_size": [0.12, 0.005, 0.12], "id": 382, "camera_size": [49, 9], "camera_position": [246, 507], "world_position": [0.012749295241416457, 0.6711334194737588, -0.174109760692546], "world_orientation": [-1.9690350876375846e-05, 0.0024346073659641814, 0.9999970361452396, -0.0007625218179204865, -0.9999967456567058, 0.002434591644370064, 0.9999997090863415, -0.0007624716199532116, 2.154672803219728e-05], "world_rotation": [0.0, 1.0, 0.0, 0.0]}, {"color": "CVYellow", "id_name": "object215007279696808", "shape": "CVCone", "id_string": "ob778", "world_size": [0.11, 0.11, 0.11], "id": 778, "camera_size": [45, 45], "camera_position": [256, 254], "world_position": [0.705, 0.6547388572526824, -0.15], "world_orientation": [1.0, -3.838362879530641e-17, 1.4813540171849057e-17, 3.838362879530641e-17, 1.0, 5.294293626938881e-18, -1.4813540171849057e-17, -5.294293626938881e-18, 1.0], "world_rotation": [-0.1276280613210114, 0.35710588544125776, 0.925303444577321, 4.1482206750932463e-17]}], "source": "action wait"}
{"timestamp": 1706028887.787631, "objects": [{"color": "cv_", "id_name": "hand", "shape": "CVCylinder", "id_string": "ob382", "world_size": [0.12, 0.005, 0.12], "id": 382, "camera_size": [49, 8], "camera_position": [246, 507], "world_position": [0.009760022057378786, 0.6709871001831014, -0.17410944346975257], "world_orientation": [-1.4517467084402011e-05, 0.0012753792270314643, 0.9999991865982045, -0.0007625357872974806, -0.999998895987482, 0.001275367786295533, 0.9999997091641658, -0.0007625166519399955, 1.548997336028849e-05], "world_rotation": [0.0, 1.0, 0.0, 0.0]}, {"color": "CVYellow", "id_name": "object215007279696808", "shape": "CVCone", "id_string": "ob778", "world_size": [0.11, 0.11, 0.11], "id": 778, "camera_size": [45, 45], "camera_position": [256, 254], "world_position": [0.705, 0.6547388572526824, -0.15], "world_orientation": [1.0, -3.838362879530641e-17, 1.4813540171849057e-17, 3.838362879530641e-17, 1.0, 5.294293626938881e-18, -1.4813540171849057e-17, -5.294293626938881e-18, 1.0], "world_rotation": [-0.1276280613210114, 0.35710588544125776, 0.925303444577321, 4.1482206750932463e-17]}], "source": "action wait"}
{"timestamp": 1706028887.817864, "objects": [{"color": "cv_", "id_name": "hand", "shape": "CVCylinder", "id_string": "ob382", "world_size": [0.12, 0.005, 0.12], "id": 382, "camera_size": [49, 7], "camera_position": [246, 508], "world_position": [0.0076530514462328616, 0.6708796390253003, -0.17410916370676713], "world_orientation": [-1.1043404169330449e-05, 0.0004561601348066208, 0.999999895897982, -0.0007626007763471325, -0.9999996051828179, 0.00045615158048473517, 0.9999997091590074, -0.0007625956594929657, 1.1391267882511526e-05], "world_rotation": [0.0, 1.0, 0.0, 0.0]}, {"color": "CVYellow", "id_name": "object215007279696808", "shape": "CVCone", "id_string": "ob778", "world_size": [0.11, 0.11, 0.11], "id": 778, "camera_size": [45, 45], "camera_position": [256, 254], "world_position": [0.705, 0.6547388572526824, -0.15], "world_orientation": [1.0, -3.838362879530641e-17, 1.4813540171849057e-17, 3.838362879530641e-17, 1.0, 5.294293626938881e-18, -1.4813540171849057e-17, -5.294293626938881e-18, 1.0], "world_rotation": [-0.1276280613210114, 0.35710588544125776, 0.925303444577321, 4.1482206750932463e-17]}], "source": "action wait"}
{"timestamp": 1706028887.851452, "objects": [{"color": "cv_", "id_name": "hand", "shape": "CVCylinder", "id_string": "ob382", "world_size": [0.12, 0.005, 0.12], "id": 382, "camera_size": [49, 7], "camera_position": [246, 508], "world_position": [0.0061681514169082295, 0.6708025713864383, -0.17410893484920514], "world_orientation": [-8.71536442405008e-06, -0.00012274356880890327, 0.9999999924290295, -0.0007626839557649662, -0.999999701622744, -0.00012275018018250035, 0.9999997091185708, -0.0007626850198035921, 8.621747273343422e-06], "world_rotation": [0.0, 1.0, 0.0, 0.0]}, {"color": "CVYellow", "id_name": "object215007279696808", "shape": "CVCone", "id_string": "ob778", "world_size": [0.11, 0.11, 0.11], "id": 778, "camera_size": [45, 45], "camera_position": [256, 254], "world_position": [0.705, 0.6547388572526824, -0.15], "world_orientation": [1.0, -3.838362879530641e-17, 1.4813540171849057e-17, 3.838362879530641e-17, 1.0, 5.294293626938881e-18, -1.4813540171849057e-17, -5.294293626938881e-18, 1.0], "world_rotation": [-0.1276280613210114, 0.35710588544125776, 0.925303444577321, 4.1482206750932463e-17]}], "source": "action wait"}
{"timestamp": 1706028887.885045, "objects": [{"color": "CVYellow", "id_name": "object215007279696808", "shape": "CVCone", "id_string": "ob778", "world_size": [0.11, 0.11, 0.11], "id": 778, "camera_size": [45, 45], "camera_position": [256, 254], "world_position": [0.705, 0.6547388572526824, -0.15], "world_orientation": [1.0, -3.838362879530641e-17, 1.4813540171849057e-17, 3.838362879530641e-17, 1.0, 5.294293626938881e-18, -1.4813540171849057e-17, -5.294293626938881e-18, 1.0], "world_rotation": [-0.1276280613210114, 0.35710588544125776, 0.925303444577321, 4.1482206750932463e-17]}], "source": "action wait"}
{"timestamp": 1706028890.596948, "objects": [{"color": "CVYellow", "id_name": "object215007279696808", "shape": "CVCone", "id_string": "ob778", "world_size": [0.11, 0.11, 0.11], "id": 778, "camera_size": [45, 45], "camera_position": [256, 254], "world_position": [0.705, 0.6547388572526824, -0.15], "world_orientation": [1.0, -3.838362879530641e-17, 1.4813540171849057e-17, 3.838362879530641e-17, 1.0, 5.294293626938881e-18, -1.4813540171849057e-17, -5.294293626938881e-18, 1.0], "world_rotation": [-0.1276280613210114, 0.35710588544125776, 0.925303444577321, 4.1482206750932463e-17]}], "source": "action wait"}
{"timestamp": 1706028890.62088, "objects": [{"color": "cv_", "id_name": "hand", "shape": "CVCylinder", "id_string": "ob382", "world_size": [0.12, 0.005, 0.12], "id": 382, "camera_size": [51, 10], "camera_position": [246, 506], "world_position": [0.035476289497493776, 0.7265355795486759, -0.17412293861127986], "world_orientation": [0.00015801762071639963, 0.19317010296291298, 0.9811652696420361, -0.0007082985905241873, -0.9811650141524498, 0.1931701667347469, 0.9999997366717346, -0.0007254822676998363, -1.8219249406072126e-05], "world_rotation": [0.0, 1.0, 0.0, 0.0]}, {"color": "CVYellow", "id_name": "object215007279696808", "shape": "CVCone", "id_string": "ob778", "world_size": [0.11, 0.11, 0.11], "id": 778, "camera_size": [45, 45], "camera_position": [256, 254], "world_position": [0.705, 0.6547388572526824, -0.15], "world_orientation": [1.0, -3.838362879530641e-17, 1.4813540171849057e-17, 3.838362879530641e-17, 1.0, 5.294293626938881e-18, -1.4813540171849057e-17, -5.294293626938881e-18, 1.0], "world_rotation": [-0.1276280613210114, 0.35710588544125776, 0.925303444577321, 4.1482206750932463e-17]}], "source": "action wait"}
{"timestamp": 1706028890.652331, "objects": [{"color": "cv_", "id_name": "hand", "shape": "CVCylinder", "id_string": "ob382", "world_size": [0.12, 0.005, 0.12], "id": 382, "camera_size": [53, 20], "camera_position": [245, 501], "world_position": [0.08390419536844446, 0.7795249227130197, -0.1741248746055696], "world_orientation": [0.0002569834463962645, 0.29664149827383046, 0.9549888771401296, -0.000706971323709558, -0.9549886161244794, 0.2966416074393468, 0.9999997170754878, -0.0007513817332241928, -3.5699233138575345e-05], "world_rotation": [0.0, 1.0, 0.0, 0.0]}, {"color": "CVYellow", "id_name": "object215007279696808", "shape": "CVCone", "id_string": "ob778", "world_size": [0.11, 0.11, 0.11], "id": 778, "camera_size": [45, 45], "camera_position": [256, 254], "world_position": [0.705, 0.6547388572526824, -0.15], "world_orientation": [1.0, -3.838362879530641e-17, 1.4813540171849057e-17, 3.838362879530641e-17, 1.0, 5.294293626938881e-18, -1.4813540171849057e-17, -5.294293626938881e-18, 1.0], "world_rotation": [-0.1276280613210114, 0.35710588544125776, 0.925303444577321, 4.1482206750932463e-17]}], "source": "action wait"}
{"timestamp": 1706028890.681529, "objects": [{"color": "cv_", "id_name": "hand", "shape": "CVCylinder", "id_string": "ob382", "world_size": [0.12, 0.005, 0.12], "id": 382, "camera_size": [55, 37], "camera_position": [245, 493], "world_position": [0.14077652366301693, 0.811455061237726, -0.17412066023574954], "world_orientation": [0.0002882589712272257, 0.3366045874958352, 0.9416460420898736, -0.0007128806396741275, -0.9416457727700167, 0.336604709452426, 0.9999997043539359, -0.000768310560088857, -3.147894806740882e-05], "world_rotation": [0.0, 1.0, 0.0, 0.0]}, {"color": "CVYellow", "id_name": "object215007279696808", "shape": "CVCone", "id_string": "ob778", "world_size": [0.11, 0.11, 0.11], "id": 778, "camera_size": [45, 45], "camera_position": [256, 254], "world_position": [0.705, 0.6547388572526824, -0.15], "world_orientation": [1.0, -3.838362879530641e-17, 1.4813540171849057e-17, 3.838362879530641e-17, 1.0, 5.294293626938881e-18, -1.4813540171849057e-17, -5.294293626938881e-18, 1.0], "world_rotation": [-0.1276280613210114, 0.35710588544125776, 0.925303444577321, 4.1482206750932463e-17]}], "source": "action wait"}
{"timestamp": 1706028890.713546, "objects": [{"color": "cv_", "id_name": "hand", "shape": "CVCylinder", "id_string": "ob382", "world_size": [0.12, 0.005, 0.12], "id": 382, "camera_size": [55, 59], "camera_position": [245, 480], "world_position": [0.202208385955203, 0.8255563107906942, -0.1741172953830554], "world_orientation": [0.0002861442811365274, 0.33674898557459865, 0.9415944131290972, -0.0007225536609482021, -0.9415941362572318, 0.33674910613423303, 0.9999996980187833, -0.0007767113212331713, -2.61125648937098e-05], "world_rotation": [0.0, 1.0, 0.0, 0.0]}, {"color": "CVYellow", "id_name": "object215007279696808", "shape": "CVCone", "id_string": "ob778", "world_size": [0.11, 0.11, 0.11], "id": 778, "camera_size": [45, 45], "camera_position": [256, 254], "world_position": [0.705, 0.6547388572526824, -0.15], "world_orientation": [1.0, -3.838362879530641e-17, 1.4813540171849057e-17, 3.838362879530641e-17, 1.0, 5.294293626938881e-18, -1.4813540171849057e-17, -5.294293626938881e-18, 1.0], "world_rotation": [-0.1276280613210114, 0.35710588544125776, 0.925303444577321, 4.1482206750932463e-17]}], "source": "action wait"}
{"timestamp": 1706028890.751108, "objects": [{"color": "cv_", "id_name": "hand", "shape": "CVCylinder", "id_string": "ob382", "world_size": [0.12, 0.005, 0.12], "id": 382, "camera_size": [55, 58], "camera_position": [245, 451], "world_position": [0.2662644253517037, 0.8245710539081874, -0.17411456002980483], "world_orientation": [0.0002607151723631673, 0.30885796147919353, 0.9511081387826075, -0.0007356787515904054, -0.9511078544864248, 0.3088580708205705, 0.9999996954021404, -0.0007802340333370551, -2.074800869816156e-05], "world_rotation": [0.0, 1.0, 0.0, 0.0]}, {"color": "CVYellow", "id_name": "object215007279696808", "shape": "CVCone", "id_string": "ob778", "world_size": [0.11, 0.11, 0.11], "id": 778, "camera_size": [45, 45], "camera_position": [256, 254], "world_position": [0.705, 0.6547388572526824, -0.15], "world_orientation": [1.0, -3.838362879530641e-17, 1.4813540171849057e-17, 3.838362879530641e-17, 1.0, 5.294293626938881e-18, -1.4813540171849057e-17, -5.294293626938881e-18, 1.0], "world_rotation": [-0.1276280613210114, 0.35710588544125776, 0.925303444577321, 4.1482206750932463e-17]}], "source": "action wait"}
{"timestamp": 1706028890.784766, "objects": [{"color": "cv_", "id_name": "hand", "shape": "CVCylinder", "id_string": "ob382", "world_size": [0.12, 0.005, 0.12], "id": 382, "camera_size": [54, 56], "camera_position": [245, 420], "world_position": [0.33092579948793455, 0.8106769490184174, -0.17411214991888738], "world_orientation": [0.00021860704966769772, 0.26057788476917165, 0.965452804739922, -0.0007501033115527592, -0.9654525134714754, 0.2605779760007222, 0.9999996947779435, -0.0007811535285254426, -1.5594391281046114e-05], "world_rotation": [0.0, 1.0, 0.0, 0.0]}, {"color": "CVYellow", "id_name": "object215007279696808", "shape": "CVCone", "id_string": "ob778", "world_size": [0.11, 0.11, 0.11], "id": 778, "camera_size": [45, 45], "camera_position": [256, 254], "world_position": [0.705, 0.6547388572526824, -0.15], "world_orientation": [1.0, -3.838362879530641e-17, 1.4813540171849057e-17, 3.838362879530641e-17, 1.0, 5.294293626938881e-18, -1.4813540171849057e-17, -5.294293626938881e-18, 1.0], "world_rotation": [-0.1276280613210114, 0.35710588544125776, 0.925303444577321, 4.1482206750932463e-17]}], "source": "action wait"}
{"timestamp": 1706028890.818774, "objects": [{"color": "cv_", "id_name": "hand", "shape": "CVCylinder", "id_string": "ob382", "world_size": [0.12, 0.005, 0.12], "id": 382, "camera_size": [53, 55], "camera_position": [245, 390], "world_position": [0.39440300416800705, 0.7856429324351484, -0.1741098680945952], "world_orientation": [0.000164430508884372, 0.19720098108996234, 0.9803630684699236, -0.0007633868454455935, -0.9803627713116935, 0.19720104935466487, 0.9999996951015195, -0.0007808221391288296, -1.0660914504603656e-05], "world_rotation": [0.0, 1.0, 0.0, 0.0]}, {"color": "CVYellow", "id_name": "object215007279696808", "shape": "CVCone", "id_string": "ob778", "world_size": [0.11, 0.11, 0.11], "id": 778, "camera_size": [45, 45], "camera_position": [256, 254], "world_position": [0.705, 0.6547388572526824, -0.15], "world_orientation": [1.0, -3.838362879530641e-17, 1.4813540171849057e-17, 3.838362879530641e-17, 1.0, 5.294293626938881e-18, -1.4813540171849057e-17, -5.294293626938881e-18, 1.0], "world_rotation": [-0.1276280613210114, 0.35710588544125776, 0.925303444577321, 4.1482206750932463e-17]}], "source": "action wait"}
{"timestamp": 1706028890.852096, "objects": [{"color": "cv_", "id_name": "hand", "shape": "CVCylinder", "id_string": "ob382", "world_size": [0.12, 0.005, 0.12], "id": 382, "camera_size": [52, 53], "camera_position": [245, 365], "world_position": [0.4457409058137479, 0.7578984988814761, -0.17410289031278592], "world_orientation": [0.00010278105476364976, 0.13905024067312272, 0.9902853225231613, -0.0007679290667978676, -0.9902850247856583, 0.1390502785693608, 0.9999996998604567, -0.0007747606178856978, 4.9981821944242714e-06], "world_rotation": [0.0, 1.0, 0.0, 0.0]}, {"color": "CVYellow", "id_name": "object215007279696808", "shape": "CVCone", "id_string": "ob778", "world_size": [0.11, 0.11, 0.11], "id": 778, "camera_size": [45, 45], "camera_position": [256, 254], "world_position": [0.705, 0.6547388572526824, -0.15], "world_orientation": [1.0, -3.838362879530641e-17, 1.4813540171849057e-17, 3.838362879530641e-17, 1.0, 5.294293626938881e-18, -1.4813540171849057e-17, -5.294293626938881e-18, 1.0], "world_rotation": [-0.1276280613210114, 0.35710588544125776, 0.925303444577321, 4.1482206750932463e-17]}], "source": "action wait"}
{"timestamp": 1706028890.886422, "objects": [{"color": "cv_", "id_name": "hand", "shape": "CVCylinder", "id_string": "ob382", "world_size": [0.12, 0.005, 0.12], "id": 382, "camera_size": [51, 52], "camera_position": [246, 348], "world_position": [0.480614833771478, 0.7351790275171489, -0.17409837496955805], "world_orientation": [6.019299713991256e-05, 0.09771283291351304, 0.9952146495409014, -0.0007666234113253403, -0.9952143543852675, 0.09771285030158904, 0.9999997043326305, -0.0007688364789510703, 1.500401051170597e-05], "world_rotation": [0.0, 1.0, 0.0, 0.0]}, {"color": "CVYellow", "id_name": "object215007279696808", "shape": "CVCone", "id_string": "ob778", "world_size": [0.11, 0.11, 0.11], "id": 778, "camera_size": [45, 45], "camera_position": [256, 254], "world_position": [0.705, 0.6547388572526824, -0.15], "world_orientation": [1.0, -3.838362879530641e-17, 1.4813540171849057e-17, 3.838362879530641e-17, 1.0, 5.294293626938881e-18, -1.4813540171849057e-17, -5.294293626938881e-18, 1.0], "world_rotation": [-0.1276280613210114, 0.35710588544125776, 0.925303444577321, 4.1482206750932463e-17]}], "source": "action wait"}
{"timestamp": 1706028890.916424, "objects": [{"color": "cv_", "id_name": "hand", "shape": "CVCylinder", "id_string": "ob382", "world_size": [0.12, 0.005, 0.12], "id": 382, "camera_size": [51, 51], "camera_position": [246, 338], "world_position": [0.5043862649825928, 0.7176731085392442, -0.17409679663034683], "world_orientation": [3.37757525935041e-05, 0.06846247487188087, 0.9976536916152896, -0.0007644139613739429, -0.9976533989378554, 0.06846248066671298, 0.9999997072652043, -0.0007649327822962572, 1.863717724607335e-05], "world_rotation": [0.0, 1.0, 0.0, 0.0]}, {"color": "CVYellow", "id_name": "object215007279696808", "shape": "CVCone", "id_string": "ob778", "world_size": [0.11, 0.11, 0.11], "id": 778, "camera_size": [45, 45], "camera_position": [256, 254], "world_position": [0.705, 0.6547388572526824, -0.15], "world_orientation": [1.0, -3.838362879530641e-17, 1.4813540171849057e-17, 3.838362879530641e-17, 1.0, 5.294293626938881e-18, -1.4813540171849057e-17, -5.294293626938881e-18, 1.0], "world_rotation": [-0.1276280613210114, 0.35710588544125776, 0.925303444577321, 4.1482206750932463e-17]}], "source": "action wait"}
{"timestamp": 1706028890.945954, "objects": [{"color": "cv_", "id_name": "hand", "shape": "CVCylinder", "id_string": "ob382", "world_size": [0.12, 0.005, 0.12], "id": 382, "camera_size": [49, 50], "camera_position": [246, 330], "world_position": [0.5207015472159259, 0.7046342448537966, -0.17409679028622005], "world_orientation": [1.7560884383190407e-05, 0.0478033217334089, 0.9988567675712406, -0.0007626882715305954, -0.9988564765707673, 0.047803321215508426, 0.9999997089990655, -0.0007626558101628994, 1.891822972619581e-05], "world_rotation": [0.0, 1.0, 0.0, 0.0]}, {"color": "CVYellow", "id_name": "object215007279696808", "shape": "CVCone", "id_string": "ob778", "world_size": [0.11, 0.11, 0.11], "id": 778, "camera_size": [45, 45], "camera_position": [256, 254], "world_position": [0.705, 0.6547388572526824, -0.15], "world_orientation": [1.0, -3.838362879530641e-17, 1.4813540171849057e-17, 3.838362879530641e-17, 1.0, 5.294293626938881e-18, -1.4813540171849057e-17, -5.294293626938881e-18, 1.0], "world_rotation": [-0.1276280613210114, 0.35710588544125776, 0.925303444577321, 4.1482206750932463e-17]}], "source": "action wait"}
{"timestamp": 1706028890.980185, "objects": [{"color": "cv_", "id_name": "hand", "shape": "CVCylinder", "id_string": "ob382", "world_size": [0.12, 0.005, 0.12], "id": 382, "camera_size": [49, 49], "camera_position": [246, 325], "world_position": [0.5319703685521389, 0.695118660451955, -0.17409754412541886], "world_orientation": [7.733205976890326e-06, 0.03322523045170151, 0.9994478895878609, -0.0007616751938116393, -0.9994475995076034, 0.03322522670183925, 0.9999997098955064, -0.0007615116025285223, 1.7577899694011306e-05], "world_rotation": [0.0, 1.0, 0.0, 0.0]}, {"color": "CVYellow", "id_name": "object215007279696808", "shape": "CVCone", "id_string": "ob778", "world_size": [0.11, 0.11, 0.11], "id": 778, "camera_size": [45, 45], "camera_position": [256, 254], "world_position": [0.705, 0.6547388572526824, -0.15], "world_orientation": [1.0, -3.838362879530641e-17, 1.4813540171849057e-17, 3.838362879530641e-17, 1.0, 5.294293626938881e-18, -1.4813540171849057e-17, -5.294293626938881e-18, 1.0], "world_rotation": [-0.1276280613210114, 0.35710588544125776, 0.925303444577321, 4.1482206750932463e-17]}], "source": "action wait"}
{"timestamp": 1706028891.020375, "objects": [{"color": "cv_", "id_name": "hand", "shape": "CVCylinder", "id_string": "ob382", "world_size": [0.12, 0.005, 0.12], "id": 382, "camera_size": [49, 50], "camera_position": [246, 321], "world_position": [0.5397946548921467, 0.688262792426093, -0.1740985948675218], "world_orientation": [1.8907258417286954e-06, 0.02294270110105076, 0.9997367815893407, -0.0007612385926408654, -0.9997364918922323, 0.022942695892539368, 0.9999997102560733, -0.0007610815989767354, 1.55746418777767e-05], "world_rotation": [0.0, 1.0, 0.0, 0.0]}, {"color": "CVYellow", "id_name": "object215007279696808", "shape": "CVCone", "id_string": "ob778", "world_size": [0.11, 0.11, 0.11], "id": 778, "camera_size": [45, 45], "camera_position": [256, 254], "world_position": [0.705, 0.6547388572526824, -0.15], "world_orientation": [1.0, -3.838362879530641e-17, 1.4813540171849057e-17, 3.838362879530641e-17, 1.0, 5.294293626938881e-18, -1.4813540171849057e-17, -5.294293626938881e-18, 1.0], "world_rotation": [-0.1276280613210114, 0.35710588544125776, 0.925303444577321, 4.1482206750932463e-17]}], "source": "action wait"}
{"timestamp": 1706028891.054219, "objects": [{"color": "cv_", "id_name": "hand", "shape": "CVCylinder", "id_string": "ob382", "world_size": [0.12, 0.005, 0.12], "id": 382, "camera_size": [49, 49], "camera_position": [246, 319], "world_position": [0.5452498031052531, 0.6833639506369941, -0.17409969153542443], "world_orientation": [-1.509566000277779e-06, 0.015691473376228605, 0.9998768812513891, -0.0007611791472706692, -0.9998765916093367, 0.01569146768156711, 0.9999997103019715, -0.0007610617445408294, 1.3453402031474836e-05], "world_rotation": [0.0, 1.0, 0.0, 0.0]}, {"color": "CVYellow", "id_name": "object215007279696808", "shape": "CVCone", "id_string": "ob778", "world_size": [0.11, 0.11, 0.11], "id": 778, "camera_size": [45, 45], "camera_position": [256, 254], "world_position": [0.705, 0.6547388572526824, -0.15], "world_orientation": [1.0, -3.838362879530641e-17, 1.4813540171849057e-17, 3.838362879530641e-17, 1.0, 5.294293626938881e-18, -1.4813540171849057e-17, -5.294293626938881e-18, 1.0], "world_rotation": [-0.1276280613210114, 0.35710588544125776, 0.925303444577321, 4.1482206750932463e-17]}], "source": "action wait"}
{"timestamp": 1706028891.087877, "objects": [{"color": "cv_", "id_name": "hand", "shape": "CVCylinder", "id_string": "ob382", "world_size": [0.12, 0.005, 0.12], "id": 382, "camera_size": [49, 49], "camera_position": [246, 317], "world_position": [0.5490651473190086, 0.6798824455814254, -0.17410070918435777], "world_orientation": [-3.4031144389520724e-06, 0.010578360990489071, 0.9999440475682495, -0.0007613292545080413, -0.999943757806504, 0.010578355334078028, 0.9999997101830506, -0.000761250656931467, 1.145653872750577e-05], "world_rotation": [0.0, 1.0, 0.0, 0.0]}, {"color": "CVYellow", "id_name": "object215007279696808", "shape": "CVCone", "id_string": "ob778", "world_size": [0.11, 0.11, 0.11], "id": 778, "camera_size": [45, 45], "camera_position": [256, 254], "world_position": [0.705, 0.6547388572526824, -0.15], "world_orientation": [1.0, -3.838362879530641e-17, 1.4813540171849057e-17, 3.838362879530641e-17, 1.0, 5.294293626938881e-18, -1.4813540171849057e-17, -5.294293626938881e-18, 1.0], "world_rotation": [-0.1276280613210114, 0.35710588544125776, 0.925303444577321, 4.1482206750932463e-17]}], "source": "action wait"}
{"timestamp": 1706028891.121778, "objects": [{"color": "cv_", "id_name": "hand", "shape": "CVCylinder", "id_string": "ob382", "world_size": [0.12, 0.005, 0.12], "id": 382, "camera_size": [49, 49], "camera_position": [246, 316], "world_position": [0.551739857012813, 0.6774170520223806, -0.17410159519513324], "world_orientation": [-4.4026323857562006e-06, 0.006973024808706998, 0.9999756881572842, -0.000761573891074352, -0.9999753981999683, 0.006973019433767263, 0.9999997099928706, -0.0007615246761688664, 9.712997709566293e-06], "world_rotation": [0.0, 1.0, 0.0, 0.0]}, {"color": "CVYellow", "id_name": "object215007279696808", "shape": "CVCone", "id_string": "ob778", "world_size": [0.11, 0.11, 0.11], "id": 778, "camera_size": [45, 45], "camera_position": [256, 254], "world_position": [0.705, 0.6547388572526824, -0.15], "world_orientation": [1.0, -3.838362879530641e-17, 1.4813540171849057e-17, 3.838362879530641e-17, 1.0, 5.294293626938881e-18, -1.4813540171849057e-17, -5.294293626938881e-18, 1.0], "world_rotation": [-0.1276280613210114, 0.35710588544125776, 0.925303444577321, 4.1482206750932463e-17]}], "source": "action wait"}
{"timestamp": 1706028891.154744, "objects": [{"color": "cv_", "id_name": "hand", "shape": "CVCylinder", "id_string": "ob382", "world_size": [0.12, 0.005, 0.12], "id": 382, "camera_size": [49, 49], "camera_position": [246, 315], "world_position": [0.5536181552652308, 0.6756753133670401, -0.17410233652332066], "world_orientation": [-4.867818686207475e-06, 0.004430854903783836, 0.9999901837023832, -0.0007618425038437924, -0.9999898935314689, 0.004430849909518793, 0.9999997097861099, -0.0007618134567974419, 8.243383084184777e-06], "world_rotation": [0.0, 1.0, 0.0, 0.0]}, {"color": "CVYellow", "id_name": "object215007279696808", "shape": "CVCone", "id_string": "ob778", "world_size": [0.11, 0.11, 0.11], "id": 778, "camera_size": [45, 45], "camera_position": [256, 254], "world_position": [0.705, 0.6547388572526824, -0.15], "world_orientation": [1.0, -3.838362879530641e-17, 1.4813540171849057e-17, 3.838362879530641e-17, 1.0, 5.294293626938881e-18, -1.4813540171849057e-17, -5.294293626938881e-18, 1.0], "world_rotation": [-0.1276280613210114, 0.35710588544125776, 0.925303444577321, 4.1482206750932463e-17]}], "source": "action wait"}
{"timestamp": 1706028891.185947, "objects": [{"color": "cv_", "id_name": "hand", "shape": "CVCylinder", "id_string": "ob382", "world_size": [0.12, 0.005, 0.12], "id": 382, "camera_size": [49, 49], "camera_position": [246, 315], "world_position": [0.5549388238072841, 0.6744467020520952, -0.1741029402707808], "world_orientation": [-5.032809992720147e-06, 0.002638321755474903, 0.9999965196104361, -0.0007620968386488472, -0.9999962292383928, 0.0026383171538758203, 0.9999997095914976, -0.0007620809081064151, 7.0434476847449925e-06], "world_rotation": [0.0, 1.0, 0.0, 0.0]}, {"color": "CVYellow", "id_name": "object215007279696808", "shape": "CVCone", "id_string": "ob778", "world_size": [0.11, 0.11, 0.11], "id": 778, "camera_size": [45, 45], "camera_position": [256, 254], "world_position": [0.705, 0.6547388572526824, -0.15], "world_orientation": [1.0, -3.838362879530641e-17, 1.4813540171849057e-17, 3.838362879530641e-17, 1.0, 5.294293626938881e-18, -1.4813540171849057e-17, -5.294293626938881e-18, 1.0], "world_rotation": [-0.1276280613210114, 0.35710588544125776, 0.925303444577321, 4.1482206750932463e-17]}], "source": "action wait"}
