{"timestamp": 1706067666.950485, "objects": [{"color": "cv_", "id_name": "hand", "shape": "CVCylinder", "id_string": "ob383", "world_size": [0.12, 0.005, 0.12], "id": 383, "camera_size": [48, 50], "camera_position": [246, 426], "world_position": [0.26764451554013896, 0.6334703013847384, -0.17389260400847475], "world_orientation": [-0.0006415490607298011, 0.1979154748664103, 0.9802188802625695, -0.0007473671030341576, -0.9802189031249683, 0.1979149903339761, 0.9999995149284905, -0.0006056111687283951, 0.0007767740317063873], "world_rotation": [0.0, 1.0, 0.0, 0.0]}, {"color": "CVBlue", "id_name": "object139072912596346", "shape": "CVCylinder", "id_string": "ob583", "world_size": [0.11, 0.11, 0.11], "id": 583, "camera_size": [45, 45], "camera_position": [256, 254], "world_position": [0.705, 0.654738849708696, -0.15], "world_orientation": [1.0, -5.1619362862653347e-17, 1.4541359828532488e-17, 5.1619362862653347e-17, 1.0, 2.3824321321224633e-17, -1.4541359828532488e-17, -2.3824321321224633e-17, 1.0], "world_rotation": [-0.4059884517598224, 0.2477982093873522, 0.8796416454796148, 5.868226354211375e-17]}], "source": "manual check"}
{"timestamp": 1706067667.967863, "objects": [{"color": "cv_", "id_name": "hand", "shape": "CVCylinder", "id_string": "ob383", "world_size": [0.12, 0.005, 0.12], "id": 383, "camera_size": [48, 50], "camera_position": [246, 426], "world_position": [0.26764451554013896, 0.6334703013847384, -0.17389260400847475], "world_orientation": [-0.0006415490607298011, 0.1979154748664103, 0.9802188802625695, -0.0007473671030341576, -0.9802189031249683, 0.1979149903339761, 0.9999995149284905, -0.0006056111687283951, 0.0007767740317063873], "world_rotation": [0.0, 1.0, 0.0, 0.0]}, {"color": "CVBlue", "id_name": "object139072912596346", "shape": "CVCylinder", "id_string": "ob583", "world_size": [0.11, 0.11, 0.11], "id": 583, "camera_size": [45, 45], "camera_position": [256, 254], "world_position": [0.705, 0.6547388572526824, -0.15], "world_orientation": [1.0, -3.838362879530641e-17, 1.4813540171849057e-17, 3.838362879530641e-17, 1.0, 5.294293626938881e-18, -1.4813540171849057e-17, -5.294293626938881e-18, 1.0], "world_rotation": [-0.1276280613210114, 0.35710588544125776, 0.925303444577321, 4.1482206750932463e-17]}], "source": "manual check"}
{"timestamp": 1706067668.649892, "objects": [{"color": "cv_", "id_name": "hand", "shape": "CVCylinder", "id_string": "ob383", "world_size": [0.12, 0.005, 0.12], "id": 383, "camera_size": [48, 50], "camera_position": [246, 426], "world_position": [0.26764451554013896, 0.6334703013847384, -0.17389260400847475], "world_orientation": [-0.0006415490607298011, 0.1979154748664103, 0.9802188802625695, -0.0007473671030341576, -0.9802189031249683, 0.1979149903339761, 0.9999995149284905, -0.0006056111687283951, 0.0007767740317063873], "world_rotation": [0.0, 1.0, 0.0, 0.0]}, {"color": "CVBlue", "id_name": "object139072912596346", "shape": "CVCylinder", "id_string": "ob583", "world_size": [0.11, 0.11, 0.11], "id": 583, "camera_size": [45, 45], "camera_position": [256, 254], "world_position": [0.705, 0.6547388572526824, -0.15], "world_orientation": [1.0, -3.838362879530641e-17, 1.4813540171849057e-17, 3.838362879530641e-17, 1.0, 5.294293626938881e-18, -1.4813540171849057e-17, -5.294293626938881e-18, 1.0], "world_rotation": [-0.1276280613210114, 0.35710588544125776, 0.925303444577321, 4.1482206750932463e-17]}], "source": "action wait"}
{"timestamp": 1706067668.683967, "objects": [{"color": "cv_", "id_name": "hand", "shape": "CVCylinder", "id_string": "ob383", "world_size": [0.12, 0.005, 0.12], "id": 383, "camera_size": [48, 50], "camera_position": [246, 444], "world_position": [0.22514739648456597, 0.6428711356166231, -0.17397269962413184], "world_orientation": [-0.0005237070560737777, 0.088565031170358, 0.9960702590604303, -0.0007615761802846464, -0.9960701421199537, 0.08856462035630941, 0.9999995728662293, -0.0007122014665916135, 0.0005890979799185371], "world_rotation": [0.0, 1.0, 0.0, 0.0]}, {"color": "CVBlue", "id_name": "object139072912596346", "shape": "CVCylinder", "id_string": "ob583", "world_size": [0.11, 0.11, 0.11], "id": 583, "camera_size": [45, 45], "camera_position": [256, 254], "world_position": [0.705, 0.6547388572526824, -0.15], "world_orientation": [1.0, -3.838362879530641e-17, 1.4813540171849057e-17, 3.838362879530641e-17, 1.0, 5.294293626938881e-18, -1.4813540171849057e-17, -5.294293626938881e-18, 1.0], "world_rotation": [-0.1276280613210114, 0.35710588544125776, 0.925303444577321, 4.1482206750932463e-17]}], "source": "action wait"}
{"timestamp": 1706067668.720733, "objects": [{"color": "cv_", "id_name": "hand", "shape": "CVCylinder", "id_string": "ob383", "world_size": [0.12, 0.005, 0.12], "id": 383, "camera_size": [48, 50], "camera_position": [246, 471], "world_position": [0.1639017255715212, 0.6600242896120813, -0.17403874837192007], "world_orientation": [-0.000378191034320773, 0.061870832378484925, 0.9980840931867089, -0.0007686819877907633, -0.998083887680241, 0.061870528372545655, 0.9999996330497044, -0.0007438103856142646, 0.00042502537224003756], "world_rotation": [0.0, 1.0, 0.0, 0.0]}, {"color": "CVBlue", "id_name": "object139072912596346", "shape": "CVCylinder", "id_string": "ob583", "world_size": [0.11, 0.11, 0.11], "id": 583, "camera_size": [45, 45], "camera_position": [256, 254], "world_position": [0.705, 0.6547388572526824, -0.15], "world_orientation": [1.0, -3.838362879530641e-17, 1.4813540171849057e-17, 3.838362879530641e-17, 1.0, 5.294293626938881e-18, -1.4813540171849057e-17, -5.294293626938881e-18, 1.0], "world_rotation": [-0.1276280613210114, 0.35710588544125776, 0.925303444577321, 4.1482206750932463e-17]}], "source": "action wait"}
{"timestamp": 1706067668.754699, "objects": [{"color": "cv_", "id_name": "hand", "shape": "CVCylinder", "id_string": "ob383", "world_size": [0.12, 0.005, 0.12], "id": 383, "camera_size": [49, 46], "camera_position": [246, 488], "world_position": [0.11787038087438356, 0.6676875652564392, -0.1740778047663165], "world_orientation": [-0.00025737066812634677, 0.04331337882259565, 0.9990615020984993, -0.0007697871361414439, -0.9990612477603961, 0.043313169489264926, 0.9999996705939979, -0.0007579171531597888, 0.0002904711426760695], "world_rotation": [0.0, 1.0, 0.0, 0.0]}, {"color": "CVBlue", "id_name": "object139072912596346", "shape": "CVCylinder", "id_string": "ob583", "world_size": [0.11, 0.11, 0.11], "id": 583, "camera_size": [45, 45], "camera_position": [256, 254], "world_position": [0.705, 0.6547388572526824, -0.15], "world_orientation": [1.0, -3.838362879530641e-17, 1.4813540171849057e-17, 3.838362879530641e-17, 1.0, 5.294293626938881e-18, -1.4813540171849057e-17, -5.294293626938881e-18, 1.0], "world_rotation": [-0.1276280613210114, 0.35710588544125776, 0.925303444577321, 4.1482206750932463e-17]}], "source": "action wait"}
{"timestamp": 1706067668.787247, "objects": [{"color": "cv_", "id_name": "hand", "shape": "CVCylinder", "id_string": "ob383", "world_size": [0.12, 0.005, 0.12], "id": 383, "camera_size": [49, 34], "camera_position": [246, 494], "world_position": [0.0844831210890155, 0.6707868201776073, -0.174096531081137], "world_orientation": [-0.00017494468890180662, 0.030180977559596298, 0.9995444352243191, -0.0007681377424509057, -0.9995441596924859, 0.030180834797120606, 0.9999996896793343, -0.000762507829198545, 0.00019804809002898436], "world_rotation": [0.0, 1.0, 0.0, 0.0]}, {"color": "CVBlue", "id_name": "object139072912596346", "shape": "CVCylinder", "id_string": "ob583", "world_size": [0.11, 0.11, 0.11], "id": 583, "camera_size": [45, 45], "camera_position": [256, 254], "world_position": [0.705, 0.6547388572526824, -0.15], "world_orientation": [1.0, -3.838362879530641e-17, 1.4813540171849057e-17, 3.838362879530641e-17, 1.0, 5.294293626938881e-18, -1.4813540171849057e-17, -5.294293626938881e-18, 1.0], "world_rotation": [-0.1276280613210114, 0.35710588544125776, 0.925303444577321, 4.1482206750932463e-17]}], "source": "action wait"}
{"timestamp": 1706067668.819649, "objects": [{"color": "cv_", "id_name": "hand", "shape": "CVCylinder", "id_string": "ob383", "world_size": [0.12, 0.005, 0.12], "id": 383, "camera_size": [49, 25], "camera_position": [246, 499], "world_position": [0.060571386898690495, 0.6718147288498654, -0.1741050842397481], "world_orientation": [-0.0001190999573518758, 0.020891810418008788, 0.9997817352165713, -0.0007661270144268303, -0.999781450802416, 0.020891713209170618, 0.9999996994322539, -0.0007634715937280892, 0.0001350797084936563], "world_rotation": [0.0, 1.0, 0.0, 0.0]}, {"color": "CVBlue", "id_name": "object139072912596346", "shape": "CVCylinder", "id_string": "ob583", "world_size": [0.11, 0.11, 0.11], "id": 583, "camera_size": [45, 45], "camera_position": [256, 254], "world_position": [0.705, 0.6547388572526824, -0.15], "world_orientation": [1.0, -3.838362879530641e-17, 1.4813540171849057e-17, 3.838362879530641e-17, 1.0, 5.294293626938881e-18, -1.4813540171849057e-17, -5.294293626938881e-18, 1.0], "world_rotation": [-0.1276280613210114, 0.35710588544125776, 0.925303444577321, 4.1482206750932463e-17]}], "source": "action wait"}
{"timestamp": 1706067668.849701, "objects": [{"color": "cv_", "id_name": "hand", "shape": "CVCylinder", "id_string": "ob383", "world_size": [0.12, 0.005, 0.12], "id": 383, "camera_size": [49, 19], "camera_position": [246, 502], "world_position": [0.043564688350365394, 0.6719702642197088, -0.17410869589671493], "world_orientation": [-8.139271197523517e-05, 0.014322987350929418, 0.9998974174426953, -0.0007645365888712129, -0.999897129417866, 0.014322920991040107, 0.9999997044294718, -0.000763292379370268, 9.233478695166738e-05], "world_rotation": [0.0, 1.0, 0.0, 0.0]}, {"color": "CVBlue", "id_name": "object139072912596346", "shape": "CVCylinder", "id_string": "ob583", "world_size": [0.11, 0.11, 0.11], "id": 583, "camera_size": [45, 45], "camera_position": [256, 254], "world_position": [0.705, 0.6547388572526824, -0.15], "world_orientation": [1.0, -3.838362879530641e-17, 1.4813540171849057e-17, 3.838362879530641e-17, 1.0, 5.294293626938881e-18, -1.4813540171849057e-17, -5.294293626938881e-18, 1.0], "world_rotation": [-0.1276280613210114, 0.35710588544125776, 0.925303444577321, 4.1482206750932463e-17]}], "source": "action wait"}
{"timestamp": 1706067668.878923, "objects": [{"color": "cv_", "id_name": "hand", "shape": "CVCylinder", "id_string": "ob383", "world_size": [0.12, 0.005, 0.12], "id": 383, "camera_size": [49, 15], "camera_position": [246, 504], "world_position": [0.03151655758713861, 0.6718051421673967, -0.1741099850641822], "world_orientation": [-5.599146135912983e-05, 0.009678709962968336, 0.9999531586221472, -0.0007634923506804645, -0.9999528691566753, 0.009678664410129982, 0.9999997069721505, -0.0007629146650828274, 6.337844345588582e-05], "world_rotation": [0.0, 1.0, 0.0, 0.0]}, {"color": "CVBlue", "id_name": "object139072912596346", "shape": "CVCylinder", "id_string": "ob583", "world_size": [0.11, 0.11, 0.11], "id": 583, "camera_size": [45, 45], "camera_position": [256, 254], "world_position": [0.705, 0.6547388572526824, -0.15], "world_orientation": [1.0, -3.838362879530641e-17, 1.4813540171849057e-17, 3.838362879530641e-17, 1.0, 5.294293626938881e-18, -1.4813540171849057e-17, -5.294293626938881e-18, 1.0], "world_rotation": [-0.1276280613210114, 0.35710588544125776, 0.925303444577321, 4.1482206750932463e-17]}], "source": "action wait"}
{"timestamp": 1706067668.912296, "objects": [{"color": "cv_", "id_name": "hand", "shape": "CVCylinder", "id_string": "ob383", "world_size": [0.12, 0.005, 0.12], "id": 383, "camera_size": [49, 12], "camera_position": [246, 505], "world_position": [0.023000622973995213, 0.6715586974785666, -0.1741102365595928], "world_orientation": [-3.891411612963182e-05, 0.006395557653388488, 0.9999795474548436, -0.0007628979072838324, -0.9999792574011509, 0.006395526110191054, 0.9999997082361948, -0.0007626334278345365, 4.379246649978115e-05], "world_rotation": [0.0, 1.0, 0.0, 0.0]}, {"color": "CVBlue", "id_name": "object139072912596346", "shape": "CVCylinder", "id_string": "ob583", "world_size": [0.11, 0.11, 0.11], "id": 583, "camera_size": [45, 45], "camera_position": [256, 254], "world_position": [0.705, 0.6547388572526824, -0.15], "world_orientation": [1.0, -3.838362879530641e-17, 1.4813540171849057e-17, 3.838362879530641e-17, 1.0, 5.294293626938881e-18, -1.4813540171849057e-17, -5.294293626938881e-18, 1.0], "world_rotation": [-0.1276280613210114, 0.35710588544125776, 0.925303444577321, 4.1482206750932463e-17]}], "source": "action wait"}
{"timestamp": 1706067668.945907, "objects": [{"color": "cv_", "id_name": "hand", "shape": "CVCylinder", "id_string": "ob383", "world_size": [0.12, 0.005, 0.12], "id": 383, "camera_size": [49, 10], "camera_position": [246, 506], "world_position": [0.016989334533954008, 0.6713249352513233, -0.17411006643709806], "world_orientation": [-2.7426605714466663e-05, 0.0040748576641868005, 0.9999916973569322, -0.0007626140515157015, -0.9999914070305437, 0.00407483556505001, 0.9999997088337526, -0.0007624959608954073, 3.0533913751482486e-05], "world_rotation": [0.0, 1.0, 0.0, 0.0]}, {"color": "CVBlue", "id_name": "object139072912596346", "shape": "CVCylinder", "id_string": "ob583", "world_size": [0.11, 0.11, 0.11], "id": 583, "camera_size": [45, 45], "camera_position": [256, 254], "world_position": [0.705, 0.6547388572526824, -0.15], "world_orientation": [1.0, -3.838362879530641e-17, 1.4813540171849057e-17, 3.838362879530641e-17, 1.0, 5.294293626938881e-18, -1.4813540171849057e-17, -5.294293626938881e-18, 1.0], "world_rotation": [-0.1276280613210114, 0.35710588544125776, 0.925303444577321, 4.1482206750932463e-17]}], "source": "action wait"}
{"timestamp": 1706067668.981557, "objects": [{"color": "cv_", "id_name": "hand", "shape": "CVCylinder", "id_string": "ob383", "world_size": [0.12, 0.005, 0.12], "id": 383, "camera_size": [49, 9], "camera_position": [246, 507], "world_position": [0.01274934956792973, 0.6711333876110628, -0.17410976034161532], "world_orientation": [-1.9717696007377083e-05, 0.0024346082064394176, 0.9999970361426547, -0.0007625218204881219, -0.9999967456547084, 0.0024345924639955917, 0.9999997090858006, -0.0007624715559284794, 2.157407372130058e-05], "world_rotation": [0.0, 1.0, 0.0, 0.0]}, {"color": "CVBlue", "id_name": "object139072912596346", "shape": "CVCylinder", "id_string": "ob583", "world_size": [0.11, 0.11, 0.11], "id": 583, "camera_size": [45, 45], "camera_position": [256, 254], "world_position": [0.705, 0.6547388572526824, -0.15], "world_orientation": [1.0, -3.838362879530641e-17, 1.4813540171849057e-17, 3.838362879530641e-17, 1.0, 5.294293626938881e-18, -1.4813540171849057e-17, -5.294293626938881e-18, 1.0], "world_rotation": [-0.1276280613210114, 0.35710588544125776, 0.925303444577321, 4.1482206750932463e-17]}], "source": "action wait"}
{"timestamp": 1706067669.015683, "objects": [{"color": "cv_", "id_name": "hand", "shape": "CVCylinder", "id_string": "ob383", "world_size": [0.12, 0.005, 0.12], "id": 383, "camera_size": [49, 8], "camera_position": [246, 507], "world_position": [0.009760077301194797, 0.6709870682417242, -0.17410944320047625], "world_orientation": [-1.453585519967543e-05, 0.001275379843446857, 0.9999991865971511, -0.0007625357744024998, -0.9999988959867236, 0.0012753683886896014, 0.9999997091639086, -0.0007625166155838826, 1.550836190884297e-05], "world_rotation": [0.0, 1.0, 0.0, 0.0]}, {"color": "CVBlue", "id_name": "object139072912596346", "shape": "CVCylinder", "id_string": "ob583", "world_size": [0.11, 0.11, 0.11], "id": 583, "camera_size": [45, 45], "camera_position": [256, 254], "world_position": [0.705, 0.6547388572526824, -0.15], "world_orientation": [1.0, -3.838362879530641e-17, 1.4813540171849057e-17, 3.838362879530641e-17, 1.0, 5.294293626938881e-18, -1.4813540171849057e-17, -5.294293626938881e-18, 1.0], "world_rotation": [-0.1276280613210114, 0.35710588544125776, 0.925303444577321, 4.1482206750932463e-17]}], "source": "action wait"}
{"timestamp": 1706067669.049098, "objects": [{"color": "cv_", "id_name": "hand", "shape": "CVCylinder", "id_string": "ob383", "world_size": [0.12, 0.005, 0.12], "id": 383, "camera_size": [49, 7], "camera_position": [246, 508], "world_position": [0.007653107337050686, 0.6708796070319052, -0.1741091634958557], "world_orientation": [-1.1063388287466115e-05, 0.0004561605934939039, 0.9999998958975518, -0.0007626007717513805, -0.9999996051826192, 0.00045615202393225633, 0.99999970915879, -0.0007625956457761643, 1.1411252340453779e-05], "world_rotation": [0.0, 1.0, 0.0, 0.0]}, {"color": "CVBlue", "id_name": "object139072912596346", "shape": "CVCylinder", "id_string": "ob583", "world_size": [0.11, 0.11, 0.11], "id": 583, "camera_size": [45, 45], "camera_position": [256, 254], "world_position": [0.705, 0.6547388572526824, -0.15], "world_orientation": [1.0, -3.838362879530641e-17, 1.4813540171849057e-17, 3.838362879530641e-17, 1.0, 5.294293626938881e-18, -1.4813540171849057e-17, -5.294293626938881e-18, 1.0], "world_rotation": [-0.1276280613210114, 0.35710588544125776, 0.925303444577321, 4.1482206750932463e-17]}], "source": "action wait"}
{"timestamp": 1706067669.08098, "objects": [{"color": "cv_", "id_name": "hand", "shape": "CVCylinder", "id_string": "ob383", "world_size": [0.12, 0.005, 0.12], "id": 383, "camera_size": [49, 7], "camera_position": [246, 508], "world_position": [0.006168207763763131, 0.6708025393577158, -0.17410893467955438], "world_orientation": [-8.734573464974681e-06, -0.0001227432211600511, 0.9999999924289044, -0.0007626839554321759, -0.9999997016227851, -0.00012274984718436754, 0.9999997091184035, -0.0007626850218257796, 8.640956573723908e-06], "world_rotation": [0.0, 1.0, 0.0, 0.0]}, {"color": "CVBlue", "id_name": "object139072912596346", "shape": "CVCylinder", "id_string": "ob583", "world_size": [0.11, 0.11, 0.11], "id": 583, "camera_size": [45, 45], "camera_position": [256, 254], "world_position": [0.705, 0.6547388572526824, -0.15], "world_orientation": [1.0, -3.838362879530641e-17, 1.4813540171849057e-17, 3.838362879530641e-17, 1.0, 5.294293626938881e-18, -1.4813540171849057e-17, -5.294293626938881e-18, 1.0], "world_rotation": [-0.1276280613210114, 0.35710588544125776, 0.925303444577321, 4.1482206750932463e-17]}], "source": "action wait"}
{"timestamp": 1706067669.112051, "objects": [{"color": "CVBlue", "id_name": "object139072912596346", "shape": "CVCylinder", "id_string": "ob583", "world_size": [0.11, 0.11, 0.11], "id": 583, "camera_size": [45, 45], "camera_position": [256, 254], "world_position": [0.705, 0.6547388572526824, -0.15], "world_orientation": [1.0, -3.838362879530641e-17, 1.4813540171849057e-17, 3.838362879530641e-17, 1.0, 5.294293626938881e-18, -1.4813540171849057e-17, -5.294293626938881e-18, 1.0], "world_rotation": [-0.1276280613210114, 0.35710588544125776, 0.925303444577321, 4.1482206750932463e-17]}], "source": "action wait"}
{"timestamp": 1706067670.628407, "objects": [{"color": "CVBlue", "id_name": "object139072912596346", "shape": "CVCylinder", "id_string": "ob583", "world_size": [0.11, 0.11, 0.11], "id": 583, "camera_size": [45, 45], "camera_position": [256, 254], "world_position": [0.705, 0.6547388572526824, -0.15], "world_orientation": [1.0, -3.838362879530641e-17, 1.4813540171849057e-17, 3.838362879530641e-17, 1.0, 5.294293626938881e-18, -1.4813540171849057e-17, -5.294293626938881e-18, 1.0], "world_rotation": [-0.1276280613210114, 0.35710588544125776, 0.925303444577321, 4.1482206750932463e-17]}], "source": "action wait"}
{"timestamp": 1706067670.660185, "objects": [{"color": "cv_", "id_name": "hand", "shape": "CVCylinder", "id_string": "ob383", "world_size": [0.12, 0.005, 0.12], "id": 383, "camera_size": [51, 10], "camera_position": [246, 506], "world_position": [0.035485355334884124, 0.7265155732156562, -0.17412293296658996], "world_orientation": [0.00015799367255570524, 0.19316578052750621, 0.9811661206295286, -0.0007083243994734515, -0.9811658651210632, 0.19316584428356134, 0.9999997366572377, -0.000725502884329581, -1.8193962925377594e-05], "world_rotation": [0.0, 1.0, 0.0, 0.0]}, {"color": "CVBlue", "id_name": "object139072912596346", "shape": "CVCylinder", "id_string": "ob583", "world_size": [0.11, 0.11, 0.11], "id": 583, "camera_size": [45, 45], "camera_position": [256, 254], "world_position": [0.705, 0.6547388572526824, -0.15], "world_orientation": [1.0, -3.838362879530641e-17, 1.4813540171849057e-17, 3.838362879530641e-17, 1.0, 5.294293626938881e-18, -1.4813540171849057e-17, -5.294293626938881e-18, 1.0], "world_rotation": [-0.1276280613210114, 0.35710588544125776, 0.925303444577321, 4.1482206750932463e-17]}], "source": "action wait"}
{"timestamp": 1706067670.691154, "objects": [{"color": "cv_", "id_name": "hand", "shape": "CVCylinder", "id_string": "ob383", "world_size": [0.12, 0.005, 0.12], "id": 383, "camera_size": [53, 21], "camera_position": [245, 501], "world_position": [0.08392972137405157, 0.7794727010860337, -0.17412487102466617], "world_orientation": [0.00025695815841191174, 0.29662402556334194, 0.9549943043972057, -0.0007069829975809753, -0.9549940433738787, 0.2966241347150499, 0.9999997170737329, -0.0007513847273926416, -3.5685367931934046e-05], "world_rotation": [0.0, 1.0, 0.0, 0.0]}, {"color": "CVBlue", "id_name": "object139072912596346", "shape": "CVCylinder", "id_string": "ob583", "world_size": [0.11, 0.11, 0.11], "id": 583, "camera_size": [45, 45], "camera_position": [256, 254], "world_position": [0.705, 0.6547388572526824, -0.15], "world_orientation": [1.0, -3.838362879530641e-17, 1.4813540171849057e-17, 3.838362879530641e-17, 1.0, 5.294293626938881e-18, -1.4813540171849057e-17, -5.294293626938881e-18, 1.0], "world_rotation": [-0.1276280613210114, 0.35710588544125776, 0.925303444577321, 4.1482206750932463e-17]}], "source": "action wait"}
{"timestamp": 1706067670.721333, "objects": [{"color": "cv_", "id_name": "hand", "shape": "CVCylinder", "id_string": "ob383", "world_size": [0.12, 0.005, 0.12], "id": 383, "camera_size": [55, 37], "camera_position": [245, 493], "world_position": [0.14081326761634091, 0.8113779037829203, -0.1741206552862439], "world_orientation": [0.0002882175885938802, 0.3365733874920669, 0.9416571943986498, -0.0007128905231371444, -0.9416569250739376, 0.3365735094260971, 0.9999997043588182, -0.0007683048952022974, -3.146210994381192e-05], "world_rotation": [0.0, 1.0, 0.0, 0.0]}, {"color": "CVBlue", "id_name": "object139072912596346", "shape": "CVCylinder", "id_string": "ob583", "world_size": [0.11, 0.11, 0.11], "id": 583, "camera_size": [45, 45], "camera_position": [256, 254], "world_position": [0.705, 0.6547388572526824, -0.15], "world_orientation": [1.0, -3.838362879530641e-17, 1.4813540171849057e-17, 3.838362879530641e-17, 1.0, 5.294293626938881e-18, -1.4813540171849057e-17, -5.294293626938881e-18, 1.0], "world_rotation": [-0.1276280613210114, 0.35710588544125776, 0.925303444577321, 4.1482206750932463e-17]}], "source": "action wait"}
{"timestamp": 1706067670.751247, "objects": [{"color": "cv_", "id_name": "hand", "shape": "CVCylinder", "id_string": "ob383", "world_size": [0.12, 0.005, 0.12], "id": 383, "camera_size": [55, 59], "camera_position": [245, 480], "world_position": [0.20224877499846883, 0.8254593496916279, -0.17411728891491382], "world_orientation": [0.00028609484553462027, 0.3367079308023987, 0.9416090948395234, -0.0007225623712562406, -0.941608817964858, 0.33670805133593557, 0.9999996980266339, -0.0007767017383011263, -2.609694842786338e-05], "world_rotation": [0.0, 1.0, 0.0, 0.0]}, {"color": "CVBlue", "id_name": "object139072912596346", "shape": "CVCylinder", "id_string": "ob583", "world_size": [0.11, 0.11, 0.11], "id": 583, "camera_size": [45, 45], "camera_position": [256, 254], "world_position": [0.705, 0.6547388572526824, -0.15], "world_orientation": [1.0, -3.838362879530641e-17, 1.4813540171849057e-17, 3.838362879530641e-17, 1.0, 5.294293626938881e-18, -1.4813540171849057e-17, -5.294293626938881e-18, 1.0], "world_rotation": [-0.1276280613210114, 0.35710588544125776, 0.925303444577321, 4.1482206750932463e-17]}], "source": "action wait"}
{"timestamp": 1706067670.783954, "objects": [{"color": "cv_", "id_name": "hand", "shape": "CVCylinder", "id_string": "ob383", "world_size": [0.12, 0.005, 0.12], "id": 383, "camera_size": [55, 58], "camera_position": [245, 451], "world_position": [0.2663025588695184, 0.8244583333744169, -0.17411455210055574], "world_orientation": [0.0002606630275162448, 0.308809470872072, 0.9511238840206342, -0.0007356854717976667, -0.9511235997237005, 0.30880958018739757, 0.9999996954107899, -0.0007802232634516329, -2.0736115771561147e-05], "world_rotation": [0.0, 1.0, 0.0, 0.0]}, {"color": "CVBlue", "id_name": "object139072912596346", "shape": "CVCylinder", "id_string": "ob583", "world_size": [0.11, 0.11, 0.11], "id": 583, "camera_size": [45, 45], "camera_position": [256, 254], "world_position": [0.705, 0.6547388572526824, -0.15], "world_orientation": [1.0, -3.838362879530641e-17, 1.4813540171849057e-17, 3.838362879530641e-17, 1.0, 5.294293626938881e-18, -1.4813540171849057e-17, -5.294293626938881e-18, 1.0], "world_rotation": [-0.1276280613210114, 0.35710588544125776, 0.925303444577321, 4.1482206750932463e-17]}], "source": "action wait"}
{"timestamp": 1706067670.818752, "objects": [{"color": "cv_", "id_name": "hand", "shape": "CVCylinder", "id_string": "ob383", "world_size": [0.12, 0.005, 0.12], "id": 383, "camera_size": [54, 56], "camera_position": [245, 420], "world_position": [0.3309572878316768, 0.8105519180369748, -0.17411214065388575], "world_orientation": [0.0002185474996479524, 0.2605236375690602, 0.9654674445597714, -0.0007501096873814118, -0.9654671532905414, 0.26052372877055846, 0.9999996947861772, -0.0007811432925377119, -1.557912801103224e-05], "world_rotation": [0.0, 1.0, 0.0, 0.0]}, {"color": "CVBlue", "id_name": "object139072912596346", "shape": "CVCylinder", "id_string": "ob583", "world_size": [0.11, 0.11, 0.11], "id": 583, "camera_size": [45, 45], "camera_position": [256, 254], "world_position": [0.705, 0.6547388572526824, -0.15], "world_orientation": [1.0, -3.838362879530641e-17, 1.4813540171849057e-17, 3.838362879530641e-17, 1.0, 5.294293626938881e-18, -1.4813540171849057e-17, -5.294293626938881e-18, 1.0], "world_rotation": [-0.1276280613210114, 0.35710588544125776, 0.925303444577321, 4.1482206750932463e-17]}], "source": "action wait"}
{"timestamp": 1706067670.854452, "objects": [{"color": "cv_", "id_name": "hand", "shape": "CVCylinder", "id_string": "ob383", "world_size": [0.12, 0.005, 0.12], "id": 383, "camera_size": [53, 55], "camera_position": [245, 390], "world_position": [0.3944247019445956, 0.7855086647391507, -0.17410985763144593], "world_orientation": [0.0001643712039227992, 0.19714229822694598, 0.9803748707672516, -0.0007633903486336421, -0.9803745736097395, 0.19714236646316666, 0.9999996951085951, -0.0007808132425066922, -1.0648821185198997e-05], "world_rotation": [0.0, 1.0, 0.0, 0.0]}, {"color": "CVBlue", "id_name": "object139072912596346", "shape": "CVCylinder", "id_string": "ob583", "world_size": [0.11, 0.11, 0.11], "id": 583, "camera_size": [45, 45], "camera_position": [256, 254], "world_position": [0.705, 0.6547388572526824, -0.15], "world_orientation": [1.0, -3.838362879530641e-17, 1.4813540171849057e-17, 3.838362879530641e-17, 1.0, 5.294293626938881e-18, -1.4813540171849057e-17, -5.294293626938881e-18, 1.0], "world_rotation": [-0.1276280613210114, 0.35710588544125776, 0.925303444577321, 4.1482206750932463e-17]}], "source": "action wait"}
{"timestamp": 1706067670.889092, "objects": [{"color": "cv_", "id_name": "hand", "shape": "CVCylinder", "id_string": "ob383", "world_size": [0.12, 0.005, 0.12], "id": 383, "camera_size": [52, 53], "camera_position": [245, 365], "world_position": [0.44574123045510344, 0.757766477497933, -0.17410287630516175], "world_orientation": [0.00010273006171293404, 0.13900834742387655, 0.9902912040369828, -0.0007679253270809552, -0.9902909063042352, 0.13900838529322168, 0.9999996998685683, -0.0007747500367655786, 5.015384744483519e-06], "world_rotation": [0.0, 1.0, 0.0, 0.0]}, {"color": "CVBlue", "id_name": "object139072912596346", "shape": "CVCylinder", "id_string": "ob583", "world_size": [0.11, 0.11, 0.11], "id": 583, "camera_size": [45, 45], "camera_position": [256, 254], "world_position": [0.705, 0.6547388572526824, -0.15], "world_orientation": [1.0, -3.838362879530641e-17, 1.4813540171849057e-17, 3.838362879530641e-17, 1.0, 5.294293626938881e-18, -1.4813540171849057e-17, -5.294293626938881e-18, 1.0], "world_rotation": [-0.1276280613210114, 0.35710588544125776, 0.925303444577321, 4.1482206750932463e-17]}], "source": "action wait"}
{"timestamp": 1706067670.922884, "objects": [{"color": "cv_", "id_name": "hand", "shape": "CVCylinder", "id_string": "ob383", "world_size": [0.12, 0.005, 0.12], "id": 383, "camera_size": [51, 52], "camera_position": [246, 348], "world_position": [0.48060013622884057, 0.7350506151870678, -0.17409836332023196], "world_orientation": [6.0141539548158585e-05, 0.09768315787943438, 0.9952175626714476, -0.0007666210774772192, -0.9952172675188988, 0.09768317523678391, 0.9999997043375157, -0.000768829576766448, 1.5032069091809228e-05], "world_rotation": [0.0, 1.0, 0.0, 0.0]}, {"color": "CVBlue", "id_name": "object139072912596346", "shape": "CVCylinder", "id_string": "ob583", "world_size": [0.11, 0.11, 0.11], "id": 583, "camera_size": [45, 45], "camera_position": [256, 254], "world_position": [0.705, 0.6547388572526824, -0.15], "world_orientation": [1.0, -3.838362879530641e-17, 1.4813540171849057e-17, 3.838362879530641e-17, 1.0, 5.294293626938881e-18, -1.4813540171849057e-17, -5.294293626938881e-18, 1.0], "world_rotation": [-0.1276280613210114, 0.35710588544125776, 0.925303444577321, 4.1482206750932463e-17]}], "source": "action wait"}
{"timestamp": 1706067670.95309, "objects": [{"color": "cv_", "id_name": "hand", "shape": "CVCylinder", "id_string": "ob383", "world_size": [0.12, 0.005, 0.12], "id": 383, "camera_size": [51, 51], "camera_position": [246, 338], "world_position": [0.5043612418791596, 0.7175482114706252, -0.17409678606338924], "world_orientation": [3.374194192806871e-05, 0.06844150934421693, 0.9976551301227128, -0.000764411535046682, -0.9976548374478863, 0.06844151511938207, 0.9999997072682004, -0.0007649284390932654, 1.8654667629689584e-05], "world_rotation": [0.0, 1.0, 0.0, 0.0]}, {"color": "CVBlue", "id_name": "object139072912596346", "shape": "CVCylinder", "id_string": "ob583", "world_size": [0.11, 0.11, 0.11], "id": 583, "camera_size": [45, 45], "camera_position": [256, 254], "world_position": [0.705, 0.6547388572526824, -0.15], "world_orientation": [1.0, -3.838362879530641e-17, 1.4813540171849057e-17, 3.838362879530641e-17, 1.0, 5.294293626938881e-18, -1.4813540171849057e-17, -5.294293626938881e-18, 1.0], "world_rotation": [-0.1276280613210114, 0.35710588544125776, 0.925303444577321, 4.1482206750932463e-17]}], "source": "action wait"}
{"timestamp": 1706067670.982656, "objects": [{"color": "cv_", "id_name": "hand", "shape": "CVCylinder", "id_string": "ob383", "world_size": [0.12, 0.005, 0.12], "id": 383, "camera_size": [49, 50], "camera_position": [246, 330], "world_position": [0.5206694125710467, 0.7045122898834323, -0.17409678007834975], "world_orientation": [1.7541592217423637e-05, 0.04778852913179004, 0.998857475406633, -0.0007626863537288115, -0.9988571844079795, 0.04778852860352224, 0.999999709000867, -0.0007626532526944238, 1.8926113621640743e-05], "world_rotation": [0.0, 1.0, 0.0, 0.0]}, {"color": "CVBlue", "id_name": "object139072912596346", "shape": "CVCylinder", "id_string": "ob583", "world_size": [0.11, 0.11, 0.11], "id": 583, "camera_size": [45, 45], "camera_position": [256, 254], "world_position": [0.705, 0.6547388572526824, -0.15], "world_orientation": [1.0, -3.838362879530641e-17, 1.4813540171849057e-17, 3.838362879530641e-17, 1.0, 5.294293626938881e-18, -1.4813540171849057e-17, -5.294293626938881e-18, 1.0], "world_rotation": [-0.1276280613210114, 0.35710588544125776, 0.925303444577321, 4.1482206750932463e-17]}], "source": "action wait"}
{"timestamp": 1706067671.013918, "objects": [{"color": "cv_", "id_name": "hand", "shape": "CVCylinder", "id_string": "ob383", "world_size": [0.12, 0.005, 0.12], "id": 383, "camera_size": [49, 49], "camera_position": [246, 325], "world_position": [0.5319333170361056, 0.6949989994622623, -0.17409753389079774], "world_orientation": [7.724112804788396e-06, 0.033214800737968356, 0.9994482362545223, -0.0007616739261221957, -0.9994479461753508, 0.033214796984230986, 0.9999997098965421, -0.0007615102169029449, 1.7578999005058284e-05], "world_rotation": [0.0, 1.0, 0.0, 0.0]}, {"color": "CVBlue", "id_name": "object139072912596346", "shape": "CVCylinder", "id_string": "ob583", "world_size": [0.11, 0.11, 0.11], "id": 583, "camera_size": [45, 45], "camera_position": [256, 254], "world_position": [0.705, 0.6547388572526824, -0.15], "world_orientation": [1.0, -3.838362879530641e-17, 1.4813540171849057e-17, 3.838362879530641e-17, 1.0, 5.294293626938881e-18, -1.4813540171849057e-17, -5.294293626938881e-18, 1.0], "world_rotation": [-0.1276280613210114, 0.35710588544125776, 0.925303444577321, 4.1482206750932463e-17]}], "source": "action wait"}
{"timestamp": 1706067671.047892, "objects": [{"color": "cv_", "id_name": "hand", "shape": "CVCylinder", "id_string": "ob383", "world_size": [0.12, 0.005, 0.12], "id": 383, "camera_size": [49, 50], "camera_position": [246, 321], "world_position": [0.5397541901704651, 0.6881448517551417, -0.17409858442707635], "world_orientation": [1.8681846198968696e-06, 0.02293535076826268, 0.9997369502432362, -0.0007612383877382239, -0.9997366605465967, 0.022935345544728734, 0.9999997102562715, -0.0007610809916256462, 1.5591576788235304e-05], "world_rotation": [0.0, 1.0, 0.0, 0.0]}, {"color": "CVBlue", "id_name": "object139072912596346", "shape": "CVCylinder", "id_string": "ob583", "world_size": [0.11, 0.11, 0.11], "id": 583, "camera_size": [45, 45], "camera_position": [256, 254], "world_position": [0.705, 0.6547388572526824, -0.15], "world_orientation": [1.0, -3.838362879530641e-17, 1.4813540171849057e-17, 3.838362879530641e-17, 1.0, 5.294293626938881e-18, -1.4813540171849057e-17, -5.294293626938881e-18, 1.0], "world_rotation": [-0.1276280613210114, 0.35710588544125776, 0.925303444577321, 4.1482206750932463e-17]}], "source": "action wait"}
{"timestamp": 1706067671.082256, "objects": [{"color": "cv_", "id_name": "hand", "shape": "CVCylinder", "id_string": "ob383", "world_size": [0.12, 0.005, 0.12], "id": 383, "camera_size": [49, 49], "camera_position": [246, 319], "world_position": [0.5452069605703708, 0.6832472703647609, -0.1740996808118932], "world_orientation": [-1.5223605878475614e-06, 0.015686295074150775, 0.9998769625031518, -0.0007611790757744549, -0.9998766728612964, 0.0156862893712528, 0.9999997103020065, -0.0007610615420179804, 1.3462252426709285e-05], "world_rotation": [0.0, 1.0, 0.0, 0.0]}, {"color": "CVBlue", "id_name": "object139072912596346", "shape": "CVCylinder", "id_string": "ob583", "world_size": [0.11, 0.11, 0.11], "id": 583, "camera_size": [45, 45], "camera_position": [256, 254], "world_position": [0.705, 0.6547388572526824, -0.15], "world_orientation": [1.0, -3.838362879530641e-17, 1.4813540171849057e-17, 3.838362879530641e-17, 1.0, 5.294293626938881e-18, -1.4813540171849057e-17, -5.294293626938881e-18, 1.0], "world_rotation": [-0.1276280613210114, 0.35710588544125776, 0.925303444577321, 4.1482206750932463e-17]}], "source": "action wait"}
{"timestamp": 1706067671.118358, "objects": [{"color": "cv_", "id_name": "hand", "shape": "CVCylinder", "id_string": "ob383", "world_size": [0.12, 0.005, 0.12], "id": 383, "camera_size": [49, 49], "camera_position": [246, 317], "world_position": [0.5490206434789802, 0.679766675326477, -0.17410069817303936], "world_orientation": [-3.421949691312112e-06, 0.010574714247132955, 0.9999440861402612, -0.0007613294458043359, -0.9999437963785652, 0.010574708577438108, 0.9999997101828406, -0.0007612506908161006, 1.1472598703024489e-05], "world_rotation": [0.0, 1.0, 0.0, 0.0]}, {"color": "CVBlue", "id_name": "object139072912596346", "shape": "CVCylinder", "id_string": "ob583", "world_size": [0.11, 0.11, 0.11], "id": 583, "camera_size": [45, 45], "camera_position": [256, 254], "world_position": [0.705, 0.6547388572526824, -0.15], "world_orientation": [1.0, -3.838362879530641e-17, 1.4813540171849057e-17, 3.838362879530641e-17, 1.0, 5.294293626938881e-18, -1.4813540171849057e-17, -5.294293626938881e-18, 1.0], "world_rotation": [-0.1276280613210114, 0.35710588544125776, 0.925303444577321, 4.1482206750932463e-17]}], "source": "action wait"}
{"timestamp": 1706067671.155161, "objects": [{"color": "cv_", "id_name": "hand", "shape": "CVCylinder", "id_string": "ob383", "world_size": [0.12, 0.005, 0.12], "id": 383, "camera_size": [49, 49], "camera_position": [246, 316], "world_position": [0.5516941898455439, 0.6773019326213303, -0.17410158391725195], "world_orientation": [-4.413082063891758e-06, 0.0069704578612855735, 0.9999757060537665, -0.0007615740735378464, -0.9999754160963992, 0.006970452479130688, 0.9999997099926857, -0.0007615248107198056, 9.721493561317525e-06], "world_rotation": [0.0, 1.0, 0.0, 0.0]}, {"color": "CVBlue", "id_name": "object139072912596346", "shape": "CVCylinder", "id_string": "ob583", "world_size": [0.11, 0.11, 0.11], "id": 583, "camera_size": [45, 45], "camera_position": [256, 254], "world_position": [0.705, 0.6547388572526824, -0.15], "world_orientation": [1.0, -3.838362879530641e-17, 1.4813540171849057e-17, 3.838362879530641e-17, 1.0, 5.294293626938881e-18, -1.4813540171849057e-17, -5.294293626938881e-18, 1.0], "world_rotation": [-0.1276280613210114, 0.35710588544125776, 0.925303444577321, 4.1482206750932463e-17]}], "source": "action wait"}
{"timestamp": 1706067671.187954, "objects": [{"color": "cv_", "id_name": "hand", "shape": "CVCylinder", "id_string": "ob383", "world_size": [0.12, 0.005, 0.12], "id": 383, "camera_size": [49, 49], "camera_position": [246, 315], "world_position": [0.5535716720770268, 0.6755606565851991, -0.17410232501546466], "world_orientation": [-4.8790223933325075e-06, 0.004429049205936022, 0.999990191701562, -0.0007618427152151965, -0.9999899015305701, 0.004429044203658057, 0.9999997097858941, -0.0007618136334289676, 8.253211995912487e-06], "world_rotation": [0.0, 1.0, 0.0, 0.0]}, {"color": "CVBlue", "id_name": "object139072912596346", "shape": "CVCylinder", "id_string": "ob583", "world_size": [0.11, 0.11, 0.11], "id": 583, "camera_size": [45, 45], "camera_position": [256, 254], "world_position": [0.705, 0.6547388572526824, -0.15], "world_orientation": [1.0, -3.838362879530641e-17, 1.4813540171849057e-17, 3.838362879530641e-17, 1.0, 5.294293626938881e-18, -1.4813540171849057e-17, -5.294293626938881e-18, 1.0], "world_rotation": [-0.1276280613210114, 0.35710588544125776, 0.925303444577321, 4.1482206750932463e-17]}], "source": "action wait"}
