{"timestamp": 1709222483.611619, "objects": [{"color": "cv_", "id_name": "hand", "shape": "CVCylinder", "id_string": "ob382", "world_size": [0.12, 0.005, 0.12], "id": 382, "camera_size": [48, 50], "camera_position": [246, 426], "world_position": [0.26764451554013863, 0.6334703013847401, -0.17389260400847484], "world_orientation": [-0.0006415490706301388, 0.19791547486641214, 0.9802188802625628, -0.0007473671050339577, -0.9802189031249677, 0.19791499033397023, 0.9999995149284825, -0.0006056111687292099, 0.0007767740418066782], "world_rotation": [0.0, 1.0, 0.0, 0.0]}, {"color": "CVBlue", "id_name": "object93781873027391", "shape": "CVCone", "id_string": "ob400", "world_size": [0.11, 0.11, 0.11], "id": 400, "camera_size": [45, 45], "camera_position": [256, 254], "world_position": [0.705, 0.654738849708696, -0.15], "world_orientation": [1.0, -5.1619362862653347e-17, 1.4541359828532488e-17, 5.1619362862653347e-17, 1.0, 2.3824321321224633e-17, -1.4541359828532488e-17, -2.3824321321224633e-17, 1.0], "world_rotation": [-0.4059884517598224, 0.2477982093873522, 0.8796416454796148, 5.868226354211375e-17]}], "source": "manual check"}
{"timestamp": 1709222484.627689, "objects": [{"color": "cv_", "id_name": "hand", "shape": "CVCylinder", "id_string": "ob382", "world_size": [0.12, 0.005, 0.12], "id": 382, "camera_size": [48, 50], "camera_position": [246, 426], "world_position": [0.26764451554013863, 0.6334703013847401, -0.17389260400847484], "world_orientation": [-0.0006415490706301388, 0.19791547486641214, 0.9802188802625628, -0.0007473671050339577, -0.9802189031249677, 0.19791499033397023, 0.9999995149284825, -0.0006056111687292099, 0.0007767740418066782], "world_rotation": [0.0, 1.0, 0.0, 0.0]}, {"color": "CVBlue", "id_name": "object93781873027391", "shape": "CVCone", "id_string": "ob400", "world_size": [0.11, 0.11, 0.11], "id": 400, "camera_size": [45, 45], "camera_position": [256, 254], "world_position": [0.705, 0.6547388572526824, -0.15], "world_orientation": [1.0, -3.838362879530641e-17, 1.4813540171849057e-17, 3.838362879530641e-17, 1.0, 5.294293626938881e-18, -1.4813540171849057e-17, -5.294293626938881e-18, 1.0], "world_rotation": [-0.1276280613210114, 0.35710588544125776, 0.925303444577321, 4.1482206750932463e-17]}], "source": "manual check"}
{"timestamp": 1709222486.118632, "objects": [{"color": "cv_", "id_name": "hand", "shape": "CVCylinder", "id_string": "ob382", "world_size": [0.12, 0.005, 0.12], "id": 382, "camera_size": [48, 50], "camera_position": [246, 426], "world_position": [0.26764451554013863, 0.6334703013847401, -0.17389260400847484], "world_orientation": [-0.0006415490706301388, 0.19791547486641214, 0.9802188802625628, -0.0007473671050339577, -0.9802189031249677, 0.19791499033397023, 0.9999995149284825, -0.0006056111687292099, 0.0007767740418066782], "world_rotation": [0.0, 1.0, 0.0, 0.0]}, {"color": "CVBlue", "id_name": "object93781873027391", "shape": "CVCone", "id_string": "ob400", "world_size": [0.11, 0.11, 0.11], "id": 400, "camera_size": [45, 45], "camera_position": [256, 254], "world_position": [0.705, 0.6547388572526824, -0.15], "world_orientation": [1.0, -3.838362879530641e-17, 1.4813540171849057e-17, 3.838362879530641e-17, 1.0, 5.294293626938881e-18, -1.4813540171849057e-17, -5.294293626938881e-18, 1.0], "world_rotation": [-0.1276280613210114, 0.35710588544125776, 0.925303444577321, 4.1482206750932463e-17]}], "source": "action wait"}
{"timestamp": 1709222486.150846, "objects": [{"color": "cv_", "id_name": "hand", "shape": "CVCylinder", "id_string": "ob382", "world_size": [0.12, 0.005, 0.12], "id": 382, "camera_size": [48, 50], "camera_position": [246, 444], "world_position": [0.22514739683885016, 0.6428711341148968, -0.17397269962481587], "world_orientation": [-0.0005237070591339565, 0.08856503362632454, 0.9960702588420579, -0.0007615761831013621, -0.996070141901582, 0.0885646228122717, 0.9999995728662255, -0.000712201467673726, 0.0005890979849721952], "world_rotation": [0.0, 1.0, 0.0, 0.0]}, {"color": "CVBlue", "id_name": "object93781873027391", "shape": "CVCone", "id_string": "ob400", "world_size": [0.11, 0.11, 0.11], "id": 400, "camera_size": [45, 45], "camera_position": [256, 254], "world_position": [0.705, 0.6547388572526824, -0.15], "world_orientation": [1.0, -3.838362879530641e-17, 1.4813540171849057e-17, 3.838362879530641e-17, 1.0, 5.294293626938881e-18, -1.4813540171849057e-17, -5.294293626938881e-18, 1.0], "world_rotation": [-0.1276280613210114, 0.35710588544125776, 0.925303444577321, 4.1482206750932463e-17]}], "source": "action wait"}
{"timestamp": 1709222486.182424, "objects": [{"color": "cv_", "id_name": "hand", "shape": "CVCylinder", "id_string": "ob382", "world_size": [0.12, 0.005, 0.12], "id": 382, "camera_size": [48, 50], "camera_position": [246, 471], "world_position": [0.1639017283898692, 0.6600242852365338, -0.17403874837283265], "world_orientation": [-0.00037819103044448444, 0.0618708357444922, 0.998084092978053, -0.0007686819888122914, -0.9980838874715836, 0.06187053173855474, 0.9999996330497051, -0.0007438103854402789, 0.0004250253709428559], "world_rotation": [0.0, 1.0, 0.0, 0.0]}, {"color": "CVBlue", "id_name": "object93781873027391", "shape": "CVCone", "id_string": "ob400", "world_size": [0.11, 0.11, 0.11], "id": 400, "camera_size": [45, 45], "camera_position": [256, 254], "world_position": [0.705, 0.6547388572526824, -0.15], "world_orientation": [1.0, -3.838362879530641e-17, 1.4813540171849057e-17, 3.838362879530641e-17, 1.0, 5.294293626938881e-18, -1.4813540171849057e-17, -5.294293626938881e-18, 1.0], "world_rotation": [-0.1276280613210114, 0.35710588544125776, 0.925303444577321, 4.1482206750932463e-17]}], "source": "action wait"}
{"timestamp": 1709222486.212913, "objects": [{"color": "cv_", "id_name": "hand", "shape": "CVCylinder", "id_string": "ob382", "world_size": [0.12, 0.005, 0.12], "id": 382, "camera_size": [49, 46], "camera_position": [246, 488], "world_position": [0.11787038678989563, 0.6676875590343759, -0.1740778047661494], "world_orientation": [-0.00025737066339051926, 0.04331338120046257, 0.9990615019954103, -0.0007697871361588154, -0.9990612476573061, 0.043313171867134945, 0.9999996705939991, -0.0007579171526909166, 0.00029047113974935916], "world_rotation": [0.0, 1.0, 0.0, 0.0]}, {"color": "CVBlue", "id_name": "object93781873027391", "shape": "CVCone", "id_string": "ob400", "world_size": [0.11, 0.11, 0.11], "id": 400, "camera_size": [45, 45], "camera_position": [256, 254], "world_position": [0.705, 0.6547388572526824, -0.15], "world_orientation": [1.0, -3.838362879530641e-17, 1.4813540171849057e-17, 3.838362879530641e-17, 1.0, 5.294293626938881e-18, -1.4813540171849057e-17, -5.294293626938881e-18, 1.0], "world_rotation": [-0.1276280613210114, 0.35710588544125776, 0.925303444577321, 4.1482206750932463e-17]}], "source": "action wait"}
{"timestamp": 1709222486.245059, "objects": [{"color": "cv_", "id_name": "hand", "shape": "CVCylinder", "id_string": "ob382", "world_size": [0.12, 0.005, 0.12], "id": 382, "camera_size": [49, 34], "camera_position": [246, 494], "world_position": [0.08448312943191245, 0.6707868129946615, -0.17409653108048392], "world_orientation": [-0.0001749446833230129, 0.030180979239836363, 0.9995444351735857, -0.0007681377421717308, -0.9995441596417519, 0.030180836477364335, 0.9999996896793353, -0.0007625078287549513, 0.0001980480857260882], "world_rotation": [0.0, 1.0, 0.0, 0.0]}, {"color": "CVBlue", "id_name": "object93781873027391", "shape": "CVCone", "id_string": "ob400", "world_size": [0.11, 0.11, 0.11], "id": 400, "camera_size": [45, 45], "camera_position": [256, 254], "world_position": [0.705, 0.6547388572526824, -0.15], "world_orientation": [1.0, -3.838362879530641e-17, 1.4813540171849057e-17, 3.838362879530641e-17, 1.0, 5.294293626938881e-18, -1.4813540171849057e-17, -5.294293626938881e-18, 1.0], "world_rotation": [-0.1276280613210114, 0.35710588544125776, 0.925303444577321, 4.1482206750932463e-17]}], "source": "action wait"}
{"timestamp": 1709222486.283665, "objects": [{"color": "cv_", "id_name": "hand", "shape": "CVCylinder", "id_string": "ob382", "world_size": [0.12, 0.005, 0.12], "id": 382, "camera_size": [49, 25], "camera_position": [246, 499], "world_position": [0.060571397054269976, 0.6718147211695771, -0.1741050842389565], "world_orientation": [-0.00011909995143387097, 0.02089181160667794, 0.999781735191733, -0.0007661270141392941, -0.9997814507775773, 0.020891714397843996, 0.9999996994322549, -0.0007634715934036528, 0.00013507970347865095], "world_rotation": [0.0, 1.0, 0.0, 0.0]}, {"color": "CVBlue", "id_name": "object93781873027391", "shape": "CVCone", "id_string": "ob400", "world_size": [0.11, 0.11, 0.11], "id": 400, "camera_size": [45, 45], "camera_position": [256, 254], "world_position": [0.705, 0.6547388572526824, -0.15], "world_orientation": [1.0, -3.838362879530641e-17, 1.4813540171849057e-17, 3.838362879530641e-17, 1.0, 5.294293626938881e-18, -1.4813540171849057e-17, -5.294293626938881e-18, 1.0], "world_rotation": [-0.1276280613210114, 0.35710588544125776, 0.925303444577321, 4.1482206750932463e-17]}], "source": "action wait"}
{"timestamp": 1709222486.316621, "objects": [{"color": "cv_", "id_name": "hand", "shape": "CVCylinder", "id_string": "ob382", "world_size": [0.12, 0.005, 0.12], "id": 382, "camera_size": [49, 19], "camera_position": [246, 502], "world_position": [0.04356469982645667, 0.6719702562805974, -0.17410869589594258], "world_orientation": [-8.139270561719047e-05, 0.01432298819344793, 0.9998974174306272, -0.0007645365886521767, -0.9998971294057977, 0.014322921833562985, 0.9999997044294724, -0.0007632923791645188, 9.23347812342935e-05], "world_rotation": [0.0, 1.0, 0.0, 0.0]}, {"color": "CVBlue", "id_name": "object93781873027391", "shape": "CVCone", "id_string": "ob400", "world_size": [0.11, 0.11, 0.11], "id": 400, "camera_size": [45, 45], "camera_position": [256, 254], "world_position": [0.705, 0.6547388572526824, -0.15], "world_orientation": [1.0, -3.838362879530641e-17, 1.4813540171849057e-17, 3.838362879530641e-17, 1.0, 5.294293626938881e-18, -1.4813540171849057e-17, -5.294293626938881e-18, 1.0], "world_rotation": [-0.1276280613210114, 0.35710588544125776, 0.925303444577321, 4.1482206750932463e-17]}], "source": "action wait"}
{"timestamp": 1709222486.349766, "objects": [{"color": "cv_", "id_name": "hand", "shape": "CVCylinder", "id_string": "ob382", "world_size": [0.12, 0.005, 0.12], "id": 382, "camera_size": [49, 15], "camera_position": [246, 504], "world_position": [0.031516570012060915, 0.671805134091451, -0.1741099850634874], "world_orientation": [-5.599145474016925e-05, 0.009678710561806365, 0.9999531586163514, -0.000763492350537722, -0.999952869150879, 0.009678665008972966, 0.9999997069721509, -0.0007629146649661998, 6.337843729273943e-05], "world_rotation": [0.0, 1.0, 0.0, 0.0]}, {"color": "CVBlue", "id_name": "object93781873027391", "shape": "CVCone", "id_string": "ob400", "world_size": [0.11, 0.11, 0.11], "id": 400, "camera_size": [45, 45], "camera_position": [256, 254], "world_position": [0.705, 0.6547388572526824, -0.15], "world_orientation": [1.0, -3.838362879530641e-17, 1.4813540171849057e-17, 3.838362879530641e-17, 1.0, 5.294293626938881e-18, -1.4813540171849057e-17, -5.294293626938881e-18, 1.0], "world_rotation": [-0.1276280613210114, 0.35710588544125776, 0.925303444577321, 4.1482206750932463e-17]}], "source": "action wait"}
{"timestamp": 1709222486.381067, "objects": [{"color": "cv_", "id_name": "hand", "shape": "CVCylinder", "id_string": "ob382", "world_size": [0.12, 0.005, 0.12], "id": 382, "camera_size": [49, 12], "camera_position": [246, 505], "world_position": [0.023000636075267682, 0.6715586893283684, -0.1741102365589868], "world_orientation": [-3.891410914696998e-05, 0.00639555808070571, 0.9999795474521108, -0.0007628979071989596, -0.999979257398418, 0.006395526537513522, 0.9999997082361952, -0.0007626334277756103, 4.37924598426144e-05], "world_rotation": [0.0, 1.0, 0.0, 0.0]}, {"color": "CVBlue", "id_name": "object93781873027391", "shape": "CVCone", "id_string": "ob400", "world_size": [0.11, 0.11, 0.11], "id": 400, "camera_size": [45, 45], "camera_position": [256, 254], "world_position": [0.705, 0.6547388572526824, -0.15], "world_orientation": [1.0, -3.838362879530641e-17, 1.4813540171849057e-17, 3.838362879530641e-17, 1.0, 5.294293626938881e-18, -1.4813540171849057e-17, -5.294293626938881e-18, 1.0], "world_rotation": [-0.1276280613210114, 0.35710588544125776, 0.925303444577321, 4.1482206750932463e-17]}], "source": "action wait"}
{"timestamp": 1709222486.409968, "objects": [{"color": "cv_", "id_name": "hand", "shape": "CVCylinder", "id_string": "ob382", "world_size": [0.12, 0.005, 0.12], "id": 382, "camera_size": [49, 10], "camera_position": [246, 506], "world_position": [0.016989348115049947, 0.6713249270593661, -0.17411006643657306], "world_orientation": [-2.74265983564515e-05, 0.004074857970774521, 0.999991697355683, -0.0007626140514691771, -0.9999914070292942, 0.004074835871643368, 0.9999997088337528, -0.0007624959608695045, 3.0533906627114794e-05], "world_rotation": [0.0, 1.0, 0.0, 0.0]}, {"color": "CVBlue", "id_name": "object93781873027391", "shape": "CVCone", "id_string": "ob400", "world_size": [0.11, 0.11, 0.11], "id": 400, "camera_size": [45, 45], "camera_position": [256, 254], "world_position": [0.705, 0.6547388572526824, -0.15], "world_orientation": [1.0, -3.838362879530641e-17, 1.4813540171849057e-17, 3.838362879530641e-17, 1.0, 5.294293626938881e-18, -1.4813540171849057e-17, -5.294293626938881e-18, 1.0], "world_rotation": [-0.1276280613210114, 0.35710588544125776, 0.925303444577321, 4.1482206750932463e-17]}], "source": "action wait"}
{"timestamp": 1709222486.460042, "objects": [{"color": "cv_", "id_name": "hand", "shape": "CVCylinder", "id_string": "ob382", "world_size": [0.12, 0.005, 0.12], "id": 382, "camera_size": [49, 9], "camera_position": [246, 507], "world_position": [0.012749363488436239, 0.671133379394587, -0.1741097603411572], "world_orientation": [-1.971768845651229e-05, 0.002434608428047322, 0.9999970361421152, -0.0007625218204645587, -0.9999967456541689, 0.0024345926856089812, 0.9999997090858007, -0.0007624715559185189, 2.157406633937322e-05], "world_rotation": [0.0, 1.0, 0.0, 0.0]}, {"color": "CVBlue", "id_name": "object93781873027391", "shape": "CVCone", "id_string": "ob400", "world_size": [0.11, 0.11, 0.11], "id": 400, "camera_size": [45, 45], "camera_position": [256, 254], "world_position": [0.705, 0.6547388572526824, -0.15], "world_orientation": [1.0, -3.838362879530641e-17, 1.4813540171849057e-17, 3.838362879530641e-17, 1.0, 5.294293626938881e-18, -1.4813540171849057e-17, -5.294293626938881e-18, 1.0], "world_rotation": [-0.1276280613210114, 0.35710588544125776, 0.925303444577321, 4.1482206750932463e-17]}], "source": "action wait"}
{"timestamp": 1709222486.498635, "objects": [{"color": "cv_", "id_name": "hand", "shape": "CVCylinder", "id_string": "ob382", "world_size": [0.12, 0.005, 0.12], "id": 382, "camera_size": [49, 8], "camera_position": [246, 507], "world_position": [0.009760091461356715, 0.6709870600101725, -0.17410944320007052], "world_orientation": [-1.4535847298224913e-05, 0.0012753800052375803, 0.9999991865969451, -0.0007625357743909102, -0.9999988959865173, 0.0012753685504862144, 0.9999997091639087, -0.0007625166155798608, 1.5508354130754616e-05], "world_rotation": [0.0, 1.0, 0.0, 0.0]}, {"color": "CVBlue", "id_name": "object93781873027391", "shape": "CVCone", "id_string": "ob400", "world_size": [0.11, 0.11, 0.11], "id": 400, "camera_size": [45, 45], "camera_position": [256, 254], "world_position": [0.705, 0.6547388572526824, -0.15], "world_orientation": [1.0, -3.838362879530641e-17, 1.4813540171849057e-17, 3.838362879530641e-17, 1.0, 5.294293626938881e-18, -1.4813540171849057e-17, -5.294293626938881e-18, 1.0], "world_rotation": [-0.1276280613210114, 0.35710588544125776, 0.925303444577321, 4.1482206750932463e-17]}], "source": "action wait"}
{"timestamp": 1709222486.537318, "objects": [{"color": "cv_", "id_name": "hand", "shape": "CVCylinder", "id_string": "ob382", "world_size": [0.12, 0.005, 0.12], "id": 382, "camera_size": [49, 7], "camera_position": [246, 508], "world_position": [0.007653121666244252, 0.6708795987906665, -0.17410916349548972], "world_orientation": [-1.1063379818682169e-05, 0.00045616071317569607, 0.9999998958974974, -0.0007626007717454194, -0.9999996051825645, 0.0004561521436204432, 0.9999997091587901, -0.0007625956457726999, 1.141124396293928e-05], "world_rotation": [0.0, 1.0, 0.0, 0.0]}, {"color": "CVBlue", "id_name": "object93781873027391", "shape": "CVCone", "id_string": "ob400", "world_size": [0.11, 0.11, 0.11], "id": 400, "camera_size": [45, 45], "camera_position": [256, 254], "world_position": [0.705, 0.6547388572526824, -0.15], "world_orientation": [1.0, -3.838362879530641e-17, 1.4813540171849057e-17, 3.838362879530641e-17, 1.0, 5.294293626938881e-18, -1.4813540171849057e-17, -5.294293626938881e-18, 1.0], "world_rotation": [-0.1276280613210114, 0.35710588544125776, 0.925303444577321, 4.1482206750932463e-17]}], "source": "action wait"}
{"timestamp": 1709222486.569296, "objects": [{"color": "cv_", "id_name": "hand", "shape": "CVCylinder", "id_string": "ob382", "world_size": [0.12, 0.005, 0.12], "id": 382, "camera_size": [49, 7], "camera_position": [246, 508], "world_position": [0.0061682222120967405, 0.6708025311100132, -0.17410893467921779], "world_orientation": [-8.73456438484687e-06, -0.0001227431311233047, 0.9999999924289156, -0.0007626839554291378, -0.9999997016227962, -0.0001227497571405261, 0.9999997091184035, -0.0007626850218208489, 8.640947562268855e-06], "world_rotation": [0.0, 1.0, 0.0, 0.0]}, {"color": "CVBlue", "id_name": "object93781873027391", "shape": "CVCone", "id_string": "ob400", "world_size": [0.11, 0.11, 0.11], "id": 400, "camera_size": [45, 45], "camera_position": [256, 254], "world_position": [0.705, 0.6547388572526824, -0.15], "world_orientation": [1.0, -3.838362879530641e-17, 1.4813540171849057e-17, 3.838362879530641e-17, 1.0, 5.294293626938881e-18, -1.4813540171849057e-17, -5.294293626938881e-18, 1.0], "world_rotation": [-0.1276280613210114, 0.35710588544125776, 0.925303444577321, 4.1482206750932463e-17]}], "source": "action wait"}
{"timestamp": 1709222486.600304, "objects": [{"color": "CVBlue", "id_name": "object93781873027391", "shape": "CVCone", "id_string": "ob400", "world_size": [0.11, 0.11, 0.11], "id": 400, "camera_size": [45, 45], "camera_position": [256, 254], "world_position": [0.705, 0.6547388572526824, -0.15], "world_orientation": [1.0, -3.838362879530641e-17, 1.4813540171849057e-17, 3.838362879530641e-17, 1.0, 5.294293626938881e-18, -1.4813540171849057e-17, -5.294293626938881e-18, 1.0], "world_rotation": [-0.1276280613210114, 0.35710588544125776, 0.925303444577321, 4.1482206750932463e-17]}], "source": "action wait"}
{"timestamp": 1709222488.59527, "objects": [{"color": "CVBlue", "id_name": "object93781873027391", "shape": "CVCone", "id_string": "ob400", "world_size": [0.11, 0.11, 0.11], "id": 400, "camera_size": [45, 45], "camera_position": [256, 254], "world_position": [0.705, 0.6547388572526824, -0.15], "world_orientation": [1.0, -3.838362879530641e-17, 1.4813540171849057e-17, 3.838362879530641e-17, 1.0, 5.294293626938881e-18, -1.4813540171849057e-17, -5.294293626938881e-18, 1.0], "world_rotation": [-0.1276280613210114, 0.35710588544125776, 0.925303444577321, 4.1482206750932463e-17]}], "source": "action wait"}
{"timestamp": 1709222488.62342, "objects": [{"color": "cv_", "id_name": "hand", "shape": "CVCylinder", "id_string": "ob382", "world_size": [0.12, 0.005, 0.12], "id": 382, "camera_size": [51, 10], "camera_position": [246, 506], "world_position": [0.035485270263288175, 0.7265157599073626, -0.1741229330006392], "world_orientation": [0.0001579931519943971, 0.1931657525060029, 0.9811661261463084, -0.0007083241675086069, -0.9811658706380036, 0.19316581626168366, 0.9999997366574843, -0.0007255025556592725, -1.8193517696008427e-05], "world_rotation": [0.0, 1.0, 0.0, 0.0]}, {"color": "CVBlue", "id_name": "object93781873027391", "shape": "CVCone", "id_string": "ob400", "world_size": [0.11, 0.11, 0.11], "id": 400, "camera_size": [45, 45], "camera_position": [256, 254], "world_position": [0.705, 0.6547388572526824, -0.15], "world_orientation": [1.0, -3.838362879530641e-17, 1.4813540171849057e-17, 3.838362879530641e-17, 1.0, 5.294293626938881e-18, -1.4813540171849057e-17, -5.294293626938881e-18, 1.0], "world_rotation": [-0.1276280613210114, 0.35710588544125776, 0.925303444577321, 4.1482206750932463e-17]}], "source": "action wait"}
{"timestamp": 1709222488.65723, "objects": [{"color": "cv_", "id_name": "hand", "shape": "CVCylinder", "id_string": "ob382", "world_size": [0.12, 0.005, 0.12], "id": 382, "camera_size": [53, 21], "camera_position": [245, 501], "world_position": [0.08392945885875033, 0.7794732007709021, -0.17412487099159635], "world_orientation": [0.00025695739893541523, 0.29662402651470887, 0.9549943041019127, -0.0007069829330149696, -0.9549940430786068, 0.2966241356658431, 0.9999997170739738, -0.0007513844404889611, -3.568466103975995e-05], "world_rotation": [0.0, 1.0, 0.0, 0.0]}, {"color": "CVBlue", "id_name": "object93781873027391", "shape": "CVCone", "id_string": "ob400", "world_size": [0.11, 0.11, 0.11], "id": 400, "camera_size": [45, 45], "camera_position": [256, 254], "world_position": [0.705, 0.6547388572526824, -0.15], "world_orientation": [1.0, -3.838362879530641e-17, 1.4813540171849057e-17, 3.838362879530641e-17, 1.0, 5.294293626938881e-18, -1.4813540171849057e-17, -5.294293626938881e-18, 1.0], "world_rotation": [-0.1276280613210114, 0.35710588544125776, 0.925303444577321, 4.1482206750932463e-17]}], "source": "action wait"}
{"timestamp": 1709222488.691485, "objects": [{"color": "cv_", "id_name": "hand", "shape": "CVCylinder", "id_string": "ob382", "world_size": [0.12, 0.005, 0.12], "id": 382, "camera_size": [55, 37], "camera_position": [245, 493], "world_position": [0.14081288504691172, 0.8113786461677633, -0.1741206551942088], "world_orientation": [0.00028821676710205234, 0.33657345676331707, 0.9416571696395066, -0.0007128904947948124, -0.9416569003147812, 0.33657357869669563, 0.9999997043590751, -0.0007683045943355382, -3.1461289400798284e-05], "world_rotation": [0.0, 1.0, 0.0, 0.0]}, {"color": "CVBlue", "id_name": "object93781873027391", "shape": "CVCone", "id_string": "ob400", "world_size": [0.11, 0.11, 0.11], "id": 400, "camera_size": [45, 45], "camera_position": [256, 254], "world_position": [0.705, 0.6547388572526824, -0.15], "world_orientation": [1.0, -3.838362879530641e-17, 1.4813540171849057e-17, 3.838362879530641e-17, 1.0, 5.294293626938881e-18, -1.4813540171849057e-17, -5.294293626938881e-18, 1.0], "world_rotation": [-0.1276280613210114, 0.35710588544125776, 0.925303444577321, 4.1482206750932463e-17]}], "source": "action wait"}
{"timestamp": 1709222488.72514, "objects": [{"color": "cv_", "id_name": "hand", "shape": "CVCylinder", "id_string": "ob382", "world_size": [0.12, 0.005, 0.12], "id": 382, "camera_size": [55, 59], "camera_position": [245, 480], "world_position": [0.20224835061770463, 0.8254602860712141, -0.1741172887475796], "world_orientation": [0.00028609396847834614, 0.3367080482616168, 0.9416090528377973, -0.0007225623539764888, -0.9416087759631073, 0.33670816879443777, 0.9999996980268975, -0.0007767014299737495, -2.6096031514114735e-05], "world_rotation": [0.0, 1.0, 0.0, 0.0]}, {"color": "CVBlue", "id_name": "object93781873027391", "shape": "CVCone", "id_string": "ob400", "world_size": [0.11, 0.11, 0.11], "id": 400, "camera_size": [45, 45], "camera_position": [256, 254], "world_position": [0.705, 0.6547388572526824, -0.15], "world_orientation": [1.0, -3.838362879530641e-17, 1.4813540171849057e-17, 3.838362879530641e-17, 1.0, 5.294293626938881e-18, -1.4813540171849057e-17, -5.294293626938881e-18, 1.0], "world_rotation": [-0.1276280613210114, 0.35710588544125776, 0.925303444577321, 4.1482206750932463e-17]}], "source": "action wait"}
{"timestamp": 1709222488.762745, "objects": [{"color": "cv_", "id_name": "hand", "shape": "CVCylinder", "id_string": "ob382", "world_size": [0.12, 0.005, 0.12], "id": 382, "camera_size": [55, 58], "camera_position": [245, 451], "world_position": [0.2663021526461642, 0.8244594254098693, -0.17411455184678956], "world_orientation": [0.00026066209984003977, 0.3088096238269284, 0.9511238343597224, -0.0007356854612451249, -0.9511235500627601, 0.3088097331414842, 0.9999996954110396, -0.0007802229702740802, -2.0735111224165495e-05], "world_rotation": [0.0, 1.0, 0.0, 0.0]}, {"color": "CVBlue", "id_name": "object93781873027391", "shape": "CVCone", "id_string": "ob400", "world_size": [0.11, 0.11, 0.11], "id": 400, "camera_size": [45, 45], "camera_position": [256, 254], "world_position": [0.705, 0.6547388572526824, -0.15], "world_orientation": [1.0, -3.838362879530641e-17, 1.4813540171849057e-17, 3.838362879530641e-17, 1.0, 5.294293626938881e-18, -1.4813540171849057e-17, -5.294293626938881e-18, 1.0], "world_rotation": [-0.1276280613210114, 0.35710588544125776, 0.925303444577321, 4.1482206750932463e-17]}], "source": "action wait"}
{"timestamp": 1709222488.795156, "objects": [{"color": "cv_", "id_name": "hand", "shape": "CVCylinder", "id_string": "ob382", "world_size": [0.12, 0.005, 0.12], "id": 382, "camera_size": [54, 56], "camera_position": [245, 420], "world_position": [0.33095694403220377, 0.8105531328617482, -0.1741121403082902], "world_orientation": [0.0002185465280334386, 0.2605238173709601, 0.9654673960418745, -0.0007501096846044254, -0.9654671047726143, 0.2605239085716449, 0.9999996947863916, -0.000781143039629145, -1.5578045198033164e-05], "world_rotation": [0.0, 1.0, 0.0, 0.0]}, {"color": "CVBlue", "id_name": "object93781873027391", "shape": "CVCone", "id_string": "ob400", "world_size": [0.11, 0.11, 0.11], "id": 400, "camera_size": [45, 45], "camera_position": [256, 254], "world_position": [0.705, 0.6547388572526824, -0.15], "world_orientation": [1.0, -3.838362879530641e-17, 1.4813540171849057e-17, 3.838362879530641e-17, 1.0, 5.294293626938881e-18, -1.4813540171849057e-17, -5.294293626938881e-18, 1.0], "world_rotation": [-0.1276280613210114, 0.35710588544125776, 0.925303444577321, 4.1482206750932463e-17]}], "source": "action wait"}
{"timestamp": 1709222488.831303, "objects": [{"color": "cv_", "id_name": "hand", "shape": "CVCylinder", "id_string": "ob382", "world_size": [0.12, 0.005, 0.12], "id": 382, "camera_size": [53, 55], "camera_position": [245, 390], "world_position": [0.39442445222177147, 0.7855099728806921, -0.1741098571931609], "world_orientation": [0.0001643701956155633, 0.19714249836230488, 0.9803748305224422, -0.0007633903556830988, -0.9803745333648999, 0.19714256659767776, 0.9999996951087554, -0.0007808130528113783, -1.064767188022141e-05], "world_rotation": [0.0, 1.0, 0.0, 0.0]}, {"color": "CVBlue", "id_name": "object93781873027391", "shape": "CVCone", "id_string": "ob400", "world_size": [0.11, 0.11, 0.11], "id": 400, "camera_size": [45, 45], "camera_position": [256, 254], "world_position": [0.705, 0.6547388572526824, -0.15], "world_orientation": [1.0, -3.838362879530641e-17, 1.4813540171849057e-17, 3.838362879530641e-17, 1.0, 5.294293626938881e-18, -1.4813540171849057e-17, -5.294293626938881e-18, 1.0], "world_rotation": [-0.1276280613210114, 0.35710588544125776, 0.925303444577321, 4.1482206750932463e-17]}], "source": "action wait"}
{"timestamp": 1709222488.862943, "objects": [{"color": "cv_", "id_name": "hand", "shape": "CVCylinder", "id_string": "ob382", "world_size": [0.12, 0.005, 0.12], "id": 382, "camera_size": [52, 53], "camera_position": [245, 365], "world_position": [0.44574111709625086, 0.7577678182427326, -0.1741028757961189], "world_orientation": [0.00010272897641894972, 0.139008489492831, 0.990291184094698, -0.000767925362850677, -0.9902908863619225, 0.13900852736129238, 0.9999996998686522, -0.0007747499206033758, 5.016575620543537e-06], "world_rotation": [0.0, 1.0, 0.0, 0.0]}, {"color": "CVBlue", "id_name": "object93781873027391", "shape": "CVCone", "id_string": "ob400", "world_size": [0.11, 0.11, 0.11], "id": 400, "camera_size": [45, 45], "camera_position": [256, 254], "world_position": [0.705, 0.6547388572526824, -0.15], "world_orientation": [1.0, -3.838362879530641e-17, 1.4813540171849057e-17, 3.838362879530641e-17, 1.0, 5.294293626938881e-18, -1.4813540171849057e-17, -5.294293626938881e-18, 1.0], "world_rotation": [-0.1276280613210114, 0.35710588544125776, 0.925303444577321, 4.1482206750932463e-17]}], "source": "action wait"}
{"timestamp": 1709222488.903992, "objects": [{"color": "cv_", "id_name": "hand", "shape": "CVCylinder", "id_string": "ob382", "world_size": [0.12, 0.005, 0.12], "id": 382, "camera_size": [51, 52], "camera_position": [246, 348], "world_position": [0.48060012254187856, 0.7350519686698901, -0.17409836274319757], "world_orientation": [6.0140354353721316e-05, 0.09768325766649465, 0.9952175528771581, -0.0007666211135279077, -0.9952172577245978, 0.0976832750229029, 0.9999997043375595, -0.0007688294953638343, 1.503332922722362e-05], "world_rotation": [0.0, 1.0, 0.0, 0.0]}, {"color": "CVBlue", "id_name": "object93781873027391", "shape": "CVCone", "id_string": "ob400", "world_size": [0.11, 0.11, 0.11], "id": 400, "camera_size": [45, 45], "camera_position": [256, 254], "world_position": [0.705, 0.6547388572526824, -0.15], "world_orientation": [1.0, -3.838362879530641e-17, 1.4813540171849057e-17, 3.838362879530641e-17, 1.0, 5.294293626938881e-18, -1.4813540171849057e-17, -5.294293626938881e-18, 1.0], "world_rotation": [-0.1276280613210114, 0.35710588544125776, 0.925303444577321, 4.1482206750932463e-17]}], "source": "action wait"}
{"timestamp": 1709222488.924761, "objects": [{"color": "cv_", "id_name": "hand", "shape": "CVCylinder", "id_string": "ob382", "world_size": [0.12, 0.005, 0.12], "id": 382, "camera_size": [51, 51], "camera_position": [246, 338], "world_position": [0.5043612991495398, 0.7175495688317852, -0.17409678544128532], "world_orientation": [3.374069333033545e-05, 0.06844157900913754, 0.9976551253435736, -0.0007644115638638342, -0.9976548326687481, 0.0684415847833266, 0.9999997072682205, -0.0007649283810842051, 1.8655968685469962e-05], "world_rotation": [0.0, 1.0, 0.0, 0.0]}, {"color": "CVBlue", "id_name": "object93781873027391", "shape": "CVCone", "id_string": "ob400", "world_size": [0.11, 0.11, 0.11], "id": 400, "camera_size": [45, 45], "camera_position": [256, 254], "world_position": [0.705, 0.6547388572526824, -0.15], "world_orientation": [1.0, -3.838362879530641e-17, 1.4813540171849057e-17, 3.838362879530641e-17, 1.0, 5.294293626938881e-18, -1.4813540171849057e-17, -5.294293626938881e-18, 1.0], "world_rotation": [-0.1276280613210114, 0.35710588544125776, 0.925303444577321, 4.1482206750932463e-17]}], "source": "action wait"}
{"timestamp": 1709222488.956021, "objects": [{"color": "cv_", "id_name": "hand", "shape": "CVCylinder", "id_string": "ob382", "world_size": [0.12, 0.005, 0.12], "id": 382, "camera_size": [49, 50], "camera_position": [246, 330], "world_position": [0.5206695200054036, 0.7045136474742406, -0.17409677942666882], "world_orientation": [1.754030422808482e-05, 0.047788577460371316, 0.9988574730944609, -0.0007626863744959951, -0.998857182095816, 0.04778857693110677, 0.9999997090008736, -0.0007626532109709829, 1.8927438031584895e-05], "world_rotation": [0.0, 1.0, 0.0, 0.0]}, {"color": "CVBlue", "id_name": "object93781873027391", "shape": "CVCone", "id_string": "ob400", "world_size": [0.11, 0.11, 0.11], "id": 400, "camera_size": [45, 45], "camera_position": [256, 254], "world_position": [0.705, 0.6547388572526824, -0.15], "world_orientation": [1.0, -3.838362879530641e-17, 1.4813540171849057e-17, 3.838362879530641e-17, 1.0, 5.294293626938881e-18, -1.4813540171849057e-17, -5.294293626938881e-18, 1.0], "world_rotation": [-0.1276280613210114, 0.35710588544125776, 0.925303444577321, 4.1482206750932463e-17]}], "source": "action wait"}
{"timestamp": 1709222488.988998, "objects": [{"color": "cv_", "id_name": "hand", "shape": "CVCylinder", "id_string": "ob382", "world_size": [0.12, 0.005, 0.12], "id": 382, "camera_size": [49, 49], "camera_position": [246, 325], "world_position": [0.5319334598201194, 0.6950003560029715, -0.17409753321981336], "world_orientation": [7.72280064032639e-06, 0.03321483399572561, 0.9994482351492723, -0.0007616739402247542, -0.9994479450701131, 0.0332148302409791, 0.9999997098965416, -0.0007615101868294409, 1.758033625365108e-05], "world_rotation": [0.0, 1.0, 0.0, 0.0]}, {"color": "CVBlue", "id_name": "object93781873027391", "shape": "CVCone", "id_string": "ob400", "world_size": [0.11, 0.11, 0.11], "id": 400, "camera_size": [45, 45], "camera_position": [256, 254], "world_position": [0.705, 0.6547388572526824, -0.15], "world_orientation": [1.0, -3.838362879530641e-17, 1.4813540171849057e-17, 3.838362879530641e-17, 1.0, 5.294293626938881e-18, -1.4813540171849057e-17, -5.294293626938881e-18, 1.0], "world_rotation": [-0.1276280613210114, 0.35710588544125776, 0.925303444577321, 4.1482206750932463e-17]}], "source": "action wait"}
{"timestamp": 1709222489.020076, "objects": [{"color": "cv_", "id_name": "hand", "shape": "CVCylinder", "id_string": "ob382", "world_size": [0.12, 0.005, 0.12], "id": 382, "camera_size": [49, 50], "camera_position": [246, 321], "world_position": [0.5397543578295678, 0.6881462069776462, -0.17409858374354403], "world_orientation": [1.8668579436878376e-06, 0.022935373395320136, 0.9997369497241424, -0.0007612383969372674, -0.9997366600275167, 0.02293536817076981, 0.9999997102562671, -0.000761080970041578, 1.559292055161544e-05], "world_rotation": [0.0, 1.0, 0.0, 0.0]}, {"color": "CVBlue", "id_name": "object93781873027391", "shape": "CVCone", "id_string": "ob400", "world_size": [0.11, 0.11, 0.11], "id": 400, "camera_size": [45, 45], "camera_position": [256, 254], "world_position": [0.705, 0.6547388572526824, -0.15], "world_orientation": [1.0, -3.838362879530641e-17, 1.4813540171849057e-17, 3.838362879530641e-17, 1.0, 5.294293626938881e-18, -1.4813540171849057e-17, -5.294293626938881e-18, 1.0], "world_rotation": [-0.1276280613210114, 0.35710588544125776, 0.925303444577321, 4.1482206750932463e-17]}], "source": "action wait"}
{"timestamp": 1709222489.050688, "objects": [{"color": "cv_", "id_name": "hand", "shape": "CVCylinder", "id_string": "ob382", "world_size": [0.12, 0.005, 0.12], "id": 382, "camera_size": [49, 49], "camera_position": [246, 319], "world_position": [0.5452071457244522, 0.6832486243873878, -0.17409968012023316], "world_orientation": [-1.5236958076146652e-06, 0.015686310207378363, 0.9998769622657361, -0.0007611790815944098, -0.9998766726238946, 0.01568630450345977, 0.9999997103020001, -0.0007610615266888023, 1.346359909183563e-05], "world_rotation": [0.0, 1.0, 0.0, 0.0]}, {"color": "CVBlue", "id_name": "object93781873027391", "shape": "CVCone", "id_string": "ob400", "world_size": [0.11, 0.11, 0.11], "id": 400, "camera_size": [45, 45], "camera_position": [256, 254], "world_position": [0.705, 0.6547388572526824, -0.15], "world_orientation": [1.0, -3.838362879530641e-17, 1.4813540171849057e-17, 3.838362879530641e-17, 1.0, 5.294293626938881e-18, -1.4813540171849057e-17, -5.294293626938881e-18, 1.0], "world_rotation": [-0.1276280613210114, 0.35710588544125776, 0.925303444577321, 4.1482206750932463e-17]}], "source": "action wait"}
{"timestamp": 1709222489.089383, "objects": [{"color": "cv_", "id_name": "hand", "shape": "CVCylinder", "id_string": "ob382", "world_size": [0.12, 0.005, 0.12], "id": 382, "camera_size": [49, 49], "camera_position": [246, 317], "world_position": [0.5490208409361849, 0.6797680283797022, -0.17410069747613507], "world_orientation": [-3.42328999455328e-06, 0.010574724099354612, 0.9999440860360662, -0.0007613294493933226, -0.9999437962743829, 0.010574718428636604, 0.9999997101828333, -0.0007612506801185204, 1.1473946469318125e-05], "world_rotation": [0.0, 1.0, 0.0, 0.0]}, {"color": "CVBlue", "id_name": "object93781873027391", "shape": "CVCone", "id_string": "ob400", "world_size": [0.11, 0.11, 0.11], "id": 400, "camera_size": [45, 45], "camera_position": [256, 254], "world_position": [0.705, 0.6547388572526824, -0.15], "world_orientation": [1.0, -3.838362879530641e-17, 1.4813540171849057e-17, 3.838362879530641e-17, 1.0, 5.294293626938881e-18, -1.4813540171849057e-17, -5.294293626938881e-18, 1.0], "world_rotation": [-0.1276280613210114, 0.35710588544125776, 0.925303444577321, 4.1482206750932463e-17]}], "source": "action wait"}
{"timestamp": 1709222489.126512, "objects": [{"color": "cv_", "id_name": "hand", "shape": "CVCylinder", "id_string": "ob382", "world_size": [0.12, 0.005, 0.12], "id": 382, "camera_size": [49, 49], "camera_position": [246, 316], "world_position": [0.5516943959555313, 0.6773032849368832, -0.17410158321697955], "world_orientation": [-4.414425079448376e-06, 0.006970463992364731, 0.999975706011023, -0.0007615740756934014, -0.9999754160536672, 0.00697045860918528, 0.999999709992678, -0.0007615248034542698, 9.722841227965106e-06], "world_rotation": [0.0, 1.0, 0.0, 0.0]}, {"color": "CVBlue", "id_name": "object93781873027391", "shape": "CVCone", "id_string": "ob400", "world_size": [0.11, 0.11, 0.11], "id": 400, "camera_size": [45, 45], "camera_position": [256, 254], "world_position": [0.705, 0.6547388572526824, -0.15], "world_orientation": [1.0, -3.838362879530641e-17, 1.4813540171849057e-17, 3.838362879530641e-17, 1.0, 5.294293626938881e-18, -1.4813540171849057e-17, -5.294293626938881e-18, 1.0], "world_rotation": [-0.1276280613210114, 0.35710588544125776, 0.925303444577321, 4.1482206750932463e-17]}], "source": "action wait"}
{"timestamp": 1709222489.159593, "objects": [{"color": "cv_", "id_name": "hand", "shape": "CVCylinder", "id_string": "ob382", "world_size": [0.12, 0.005, 0.12], "id": 382, "camera_size": [49, 49], "camera_position": [246, 315], "world_position": [0.5535718842735686, 0.6755620083583413, -0.17410232431304243], "world_orientation": [-4.880366642342316e-06, 0.004429052715088611, 0.9999901916860131, -0.0007618427164725185, -0.9999899015150313, 0.004429047711785564, 0.9999997097858867, -0.0007618136287035719, 8.254558910262682e-06], "world_rotation": [0.0, 1.0, 0.0, 0.0]}, {"color": "CVBlue", "id_name": "object93781873027391", "shape": "CVCone", "id_string": "ob400", "world_size": [0.11, 0.11, 0.11], "id": 400, "camera_size": [45, 45], "camera_position": [256, 254], "world_position": [0.705, 0.6547388572526824, -0.15], "world_orientation": [1.0, -3.838362879530641e-17, 1.4813540171849057e-17, 3.838362879530641e-17, 1.0, 5.294293626938881e-18, -1.4813540171849057e-17, -5.294293626938881e-18, 1.0], "world_rotation": [-0.1276280613210114, 0.35710588544125776, 0.925303444577321, 4.1482206750932463e-17]}], "source": "action wait"}
{"timestamp": 1709222489.189934, "objects": [{"color": "cv_", "id_name": "hand", "shape": "CVCylinder", "id_string": "ob382", "world_size": [0.12, 0.005, 0.12], "id": 382, "camera_size": [49, 49], "camera_position": [246, 315], "world_position": [0.5548919839567387, 0.6743337241362539, -0.17410292786719841], "world_orientation": [-5.044212428487713e-06, 0.0026370543898584036, 0.9999965229533057, -0.0007620970374381336, -0.9999962325811852, 0.002637049779936265, 0.9999997095912887, -0.0007620810857522133, 7.053884763266882e-06], "world_rotation": [0.0, 1.0, 0.0, 0.0]}, {"color": "CVBlue", "id_name": "object93781873027391", "shape": "CVCone", "id_string": "ob400", "world_size": [0.11, 0.11, 0.11], "id": 400, "camera_size": [45, 45], "camera_position": [256, 254], "world_position": [0.705, 0.6547388572526824, -0.15], "world_orientation": [1.0, -3.838362879530641e-17, 1.4813540171849057e-17, 3.838362879530641e-17, 1.0, 5.294293626938881e-18, -1.4813540171849057e-17, -5.294293626938881e-18, 1.0], "world_rotation": [-0.1276280613210114, 0.35710588544125776, 0.925303444577321, 4.1482206750932463e-17]}], "source": "action wait"}
