{"timestamp": 1706067898.060108, "objects": [{"color": "cv_", "id_name": "hand", "shape": "CVCylinder", "id_string": "ob383", "world_size": [0.12, 0.005, 0.12], "id": 383, "camera_size": [48, 50], "camera_position": [246, 426], "world_position": [0.2676445155401387, 0.63347030138474, -0.17389260400847473], "world_orientation": [-0.0006415490617693486, 0.19791547486641153, 0.9802188802625686, -0.000747367103243996, -0.980218903124968, 0.19791499033397633, 0.9999995149284895, -0.0006056111687283393, 0.0007767740327669026], "world_rotation": [0.0, 1.0, 0.0, 0.0]}, {"color": "CVRed", "id_name": "object949098590243", "shape": "CVBox", "id_string": "ob632", "world_size": [0.11, 0.11, 0.11], "id": 632, "camera_size": [45, 45], "camera_position": [256, 254], "world_position": [0.705, 0.654738849708696, -0.15], "world_orientation": [1.0, -5.1619362862653347e-17, 1.4541359828532488e-17, 5.1619362862653347e-17, 1.0, 2.3824321321224633e-17, -1.4541359828532488e-17, -2.3824321321224633e-17, 1.0], "world_rotation": [-0.4059884517598224, 0.2477982093873522, 0.8796416454796148, 5.868226354211375e-17]}], "source": "manual check"}
{"timestamp": 1706067899.081549, "objects": [{"color": "cv_", "id_name": "hand", "shape": "CVCylinder", "id_string": "ob383", "world_size": [0.12, 0.005, 0.12], "id": 383, "camera_size": [48, 50], "camera_position": [246, 426], "world_position": [0.2676445155401387, 0.63347030138474, -0.17389260400847473], "world_orientation": [-0.0006415490617693486, 0.19791547486641153, 0.9802188802625686, -0.000747367103243996, -0.980218903124968, 0.19791499033397633, 0.9999995149284895, -0.0006056111687283393, 0.0007767740327669026], "world_rotation": [0.0, 1.0, 0.0, 0.0]}, {"color": "CVRed", "id_name": "object949098590243", "shape": "CVBox", "id_string": "ob632", "world_size": [0.11, 0.11, 0.11], "id": 632, "camera_size": [45, 45], "camera_position": [256, 254], "world_position": [0.705, 0.6547388572526824, -0.15], "world_orientation": [1.0, -3.838362879530641e-17, 1.4813540171849057e-17, 3.838362879530641e-17, 1.0, 5.294293626938881e-18, -1.4813540171849057e-17, -5.294293626938881e-18, 1.0], "world_rotation": [-0.1276280613210114, 0.35710588544125776, 0.925303444577321, 4.1482206750932463e-17]}], "source": "manual check"}
{"timestamp": 1706067900.387024, "objects": [{"color": "cv_", "id_name": "hand", "shape": "CVCylinder", "id_string": "ob383", "world_size": [0.12, 0.005, 0.12], "id": 383, "camera_size": [48, 50], "camera_position": [246, 426], "world_position": [0.2676445155401387, 0.63347030138474, -0.17389260400847473], "world_orientation": [-0.0006415490617693486, 0.19791547486641153, 0.9802188802625686, -0.000747367103243996, -0.980218903124968, 0.19791499033397633, 0.9999995149284895, -0.0006056111687283393, 0.0007767740327669026], "world_rotation": [0.0, 1.0, 0.0, 0.0]}, {"color": "CVRed", "id_name": "object949098590243", "shape": "CVBox", "id_string": "ob632", "world_size": [0.11, 0.11, 0.11], "id": 632, "camera_size": [45, 45], "camera_position": [256, 254], "world_position": [0.705, 0.6547388572526824, -0.15], "world_orientation": [1.0, -3.838362879530641e-17, 1.4813540171849057e-17, 3.838362879530641e-17, 1.0, 5.294293626938881e-18, -1.4813540171849057e-17, -5.294293626938881e-18, 1.0], "world_rotation": [-0.1276280613210114, 0.35710588544125776, 0.925303444577321, 4.1482206750932463e-17]}], "source": "action wait"}
{"timestamp": 1706067900.420414, "objects": [{"color": "cv_", "id_name": "hand", "shape": "CVCylinder", "id_string": "ob383", "world_size": [0.12, 0.005, 0.12], "id": 383, "camera_size": [48, 50], "camera_position": [246, 444], "world_position": [0.22514739660561384, 0.6428711351228926, -0.173972699624315], "world_orientation": [-0.0005237070549322195, 0.08856503201588345, 0.9960702589852515, -0.0007615761810023129, -0.9960701420447741, 0.0885646212018351, 0.9999995728662294, -0.0007122014669075007, 0.0005890979794495851], "world_rotation": [0.0, 1.0, 0.0, 0.0]}, {"color": "CVRed", "id_name": "object949098590243", "shape": "CVBox", "id_string": "ob632", "world_size": [0.11, 0.11, 0.11], "id": 632, "camera_size": [45, 45], "camera_position": [256, 254], "world_position": [0.705, 0.6547388572526824, -0.15], "world_orientation": [1.0, -3.838362879530641e-17, 1.4813540171849057e-17, 3.838362879530641e-17, 1.0, 5.294293626938881e-18, -1.4813540171849057e-17, -5.294293626938881e-18, 1.0], "world_rotation": [-0.1276280613210114, 0.35710588544125776, 0.925303444577321, 4.1482206750932463e-17]}], "source": "action wait"}
{"timestamp": 1706067900.455458, "objects": [{"color": "cv_", "id_name": "hand", "shape": "CVCylinder", "id_string": "ob383", "world_size": [0.12, 0.005, 0.12], "id": 383, "camera_size": [48, 50], "camera_position": [246, 471], "world_position": [0.16390172652960827, 0.6600242881659389, -0.17403874837216834], "world_orientation": [-0.00037819103096208587, 0.06187083354356799, 0.9980840931144871, -0.0007686819879758021, -0.998083887608018, 0.06187052953763092, 0.9999996330497055, -0.0007438103855106127, 0.0004250253697674987], "world_rotation": [0.0, 1.0, 0.0, 0.0]}, {"color": "CVRed", "id_name": "object949098590243", "shape": "CVBox", "id_string": "ob632", "world_size": [0.11, 0.11, 0.11], "id": 632, "camera_size": [45, 45], "camera_position": [256, 254], "world_position": [0.705, 0.6547388572526824, -0.15], "world_orientation": [1.0, -3.838362879530641e-17, 1.4813540171849057e-17, 3.838362879530641e-17, 1.0, 5.294293626938881e-18, -1.4813540171849057e-17, -5.294293626938881e-18, 1.0], "world_rotation": [-0.1276280613210114, 0.35710588544125776, 0.925303444577321, 4.1482206750932463e-17]}], "source": "action wait"}
{"timestamp": 1706067900.48692, "objects": [{"color": "cv_", "id_name": "hand", "shape": "CVCylinder", "id_string": "ob383", "world_size": [0.12, 0.005, 0.12], "id": 383, "camera_size": [49, 46], "camera_position": [246, 488], "world_position": [0.11787038288792609, 0.6676875631975643, -0.17407780476619852], "world_orientation": [-0.00025737066463141846, 0.04331337964554948, 0.9990615020628218, -0.0007697871360392312, -0.9990612477247177, 0.043313170312221136, 0.999999670593999, -0.0007579171529697782, 0.0002904711398043116], "world_rotation": [0.0, 1.0, 0.0, 0.0]}, {"color": "CVRed", "id_name": "object949098590243", "shape": "CVBox", "id_string": "ob632", "world_size": [0.11, 0.11, 0.11], "id": 632, "camera_size": [45, 45], "camera_position": [256, 254], "world_position": [0.705, 0.6547388572526824, -0.15], "world_orientation": [1.0, -3.838362879530641e-17, 1.4813540171849057e-17, 3.838362879530641e-17, 1.0, 5.294293626938881e-18, -1.4813540171849057e-17, -5.294293626938881e-18, 1.0], "world_rotation": [-0.1276280613210114, 0.35710588544125776, 0.925303444577321, 4.1482206750932463e-17]}], "source": "action wait"}
{"timestamp": 1706067900.52105, "objects": [{"color": "cv_", "id_name": "hand", "shape": "CVCylinder", "id_string": "ob383", "world_size": [0.12, 0.005, 0.12], "id": 383, "camera_size": [49, 34], "camera_position": [246, 494], "world_position": [0.08448312392791553, 0.6707868178030298, -0.17409653108086368], "world_orientation": [-0.00017494468530375584, 0.03018097814100673, 0.9995444352067642, -0.0007681377422869355, -0.9995441596749305, 0.030180835378533458, 0.9999996896793348, -0.0007625078290280434, 0.0001980480868711571], "world_rotation": [0.0, 1.0, 0.0, 0.0]}, {"color": "CVRed", "id_name": "object949098590243", "shape": "CVBox", "id_string": "ob632", "world_size": [0.11, 0.11, 0.11], "id": 632, "camera_size": [45, 45], "camera_position": [256, 254], "world_position": [0.705, 0.6547388572526824, -0.15], "world_orientation": [1.0, -3.838362879530641e-17, 1.4813540171849057e-17, 3.838362879530641e-17, 1.0, 5.294293626938881e-18, -1.4813540171849057e-17, -5.294293626938881e-18, 1.0], "world_rotation": [-0.1276280613210114, 0.35710588544125776, 0.925303444577321, 4.1482206750932463e-17]}], "source": "action wait"}
{"timestamp": 1706067900.556156, "objects": [{"color": "cv_", "id_name": "hand", "shape": "CVCylinder", "id_string": "ob383", "world_size": [0.12, 0.005, 0.12], "id": 383, "camera_size": [49, 25], "camera_position": [246, 499], "world_position": [0.0605713903531101, 0.6718147263140475, -0.1741050842394389], "world_orientation": [-0.00011909995368281244, 0.020891810829217258, 0.999781735207979, -0.000766127014282875, -0.9997814507938232, 0.020891713620381735, 0.9999996994322543, -0.0007634715936052604, 0.0001350797051364019], "world_rotation": [0.0, 1.0, 0.0, 0.0]}, {"color": "CVRed", "id_name": "object949098590243", "shape": "CVBox", "id_string": "ob632", "world_size": [0.11, 0.11, 0.11], "id": 632, "camera_size": [45, 45], "camera_position": [256, 254], "world_position": [0.705, 0.6547388572526824, -0.15], "world_orientation": [1.0, -3.838362879530641e-17, 1.4813540171849057e-17, 3.838362879530641e-17, 1.0, 5.294293626938881e-18, -1.4813540171849057e-17, -5.294293626938881e-18, 1.0], "world_rotation": [-0.1276280613210114, 0.35710588544125776, 0.925303444577321, 4.1482206750932463e-17]}], "source": "action wait"}
{"timestamp": 1706067900.592093, "objects": [{"color": "cv_", "id_name": "hand", "shape": "CVCylinder", "id_string": "ob383", "world_size": [0.12, 0.005, 0.12], "id": 383, "camera_size": [49, 19], "camera_position": [246, 502], "world_position": [0.04356469225279947, 0.6719702616014513, -0.17410869589642247], "world_orientation": [-8.139270821063328e-05, 0.014322987642284962, 0.9998974174385222, -0.0007645365887667828, -0.9998971294136926, 0.014322921282398423, 0.9999997044294721, -0.0007632923792928637, 9.233478340836933e-05], "world_rotation": [0.0, 1.0, 0.0, 0.0]}, {"color": "CVRed", "id_name": "object949098590243", "shape": "CVBox", "id_string": "ob632", "world_size": [0.11, 0.11, 0.11], "id": 632, "camera_size": [45, 45], "camera_position": [256, 254], "world_position": [0.705, 0.6547388572526824, -0.15], "world_orientation": [1.0, -3.838362879530641e-17, 1.4813540171849057e-17, 3.838362879530641e-17, 1.0, 5.294293626938881e-18, -1.4813540171849057e-17, -5.294293626938881e-18, 1.0], "world_rotation": [-0.1276280613210114, 0.35710588544125776, 0.925303444577321, 4.1482206750932463e-17]}], "source": "action wait"}
{"timestamp": 1706067900.626038, "objects": [{"color": "cv_", "id_name": "hand", "shape": "CVCylinder", "id_string": "ob383", "world_size": [0.12, 0.005, 0.12], "id": 383, "camera_size": [49, 15], "camera_position": [246, 504], "world_position": [0.03151656181130695, 0.6718051395065362, -0.1741099850639242], "world_orientation": [-5.599145751360893e-05, 0.009678710169946798, 0.9999531586201441, -0.0007634923506122968, -0.9999528691546717, 0.009678664617111143, 0.9999997069721507, -0.0007629146650387647, 6.337843976780076e-05], "world_rotation": [0.0, 1.0, 0.0, 0.0]}, {"color": "CVRed", "id_name": "object949098590243", "shape": "CVBox", "id_string": "ob632", "world_size": [0.11, 0.11, 0.11], "id": 632, "camera_size": [45, 45], "camera_position": [256, 254], "world_position": [0.705, 0.6547388572526824, -0.15], "world_orientation": [1.0, -3.838362879530641e-17, 1.4813540171849057e-17, 3.838362879530641e-17, 1.0, 5.294293626938881e-18, -1.4813540171849057e-17, -5.294293626938881e-18, 1.0], "world_rotation": [-0.1276280613210114, 0.35710588544125776, 0.925303444577321, 4.1482206750932463e-17]}], "source": "action wait"}
{"timestamp": 1706067900.657599, "objects": [{"color": "cv_", "id_name": "hand", "shape": "CVCylinder", "id_string": "ob383", "world_size": [0.12, 0.005, 0.12], "id": 383, "camera_size": [49, 12], "camera_position": [246, 505], "world_position": [0.023000627427419727, 0.6715586947952205, -0.17411023655937113], "world_orientation": [-3.891411219212728e-05, 0.006395557800974462, 0.9999795474538998, -0.0007628979072426237, -0.999979257400207, 0.006395526257780037, 0.999999708236195, -0.0007626334278120486, 4.379246267465104e-05], "world_rotation": [0.0, 1.0, 0.0, 0.0]}, {"color": "CVRed", "id_name": "object949098590243", "shape": "CVBox", "id_string": "ob632", "world_size": [0.11, 0.11, 0.11], "id": 632, "camera_size": [45, 45], "camera_position": [256, 254], "world_position": [0.705, 0.6547388572526824, -0.15], "world_orientation": [1.0, -3.838362879530641e-17, 1.4813540171849057e-17, 3.838362879530641e-17, 1.0, 5.294293626938881e-18, -1.4813540171849057e-17, -5.294293626938881e-18, 1.0], "world_rotation": [-0.1276280613210114, 0.35710588544125776, 0.925303444577321, 4.1482206750932463e-17]}], "source": "action wait"}
{"timestamp": 1706067900.68932, "objects": [{"color": "cv_", "id_name": "hand", "shape": "CVCylinder", "id_string": "ob383", "world_size": [0.12, 0.005, 0.12], "id": 383, "camera_size": [49, 10], "camera_position": [246, 506], "world_position": [0.016989339149980763, 0.6713249325557217, -0.17411006643690852], "world_orientation": [-2.742660168953191e-05, 0.004074857769966315, 0.9999916973565012, -0.0007626140514922208, -0.9999914070301126, 0.004074835670832565, 0.9999997088337527, -0.0007624959608850967, 3.0533909807143734e-05], "world_rotation": [0.0, 1.0, 0.0, 0.0]}, {"color": "CVRed", "id_name": "object949098590243", "shape": "CVBox", "id_string": "ob632", "world_size": [0.11, 0.11, 0.11], "id": 632, "camera_size": [45, 45], "camera_position": [256, 254], "world_position": [0.705, 0.6547388572526824, -0.15], "world_orientation": [1.0, -3.838362879530641e-17, 1.4813540171849057e-17, 3.838362879530641e-17, 1.0, 5.294293626938881e-18, -1.4813540171849057e-17, -5.294293626938881e-18, 1.0], "world_rotation": [-0.1276280613210114, 0.35710588544125776, 0.925303444577321, 4.1482206750932463e-17]}], "source": "action wait"}
{"timestamp": 1706067900.711767, "objects": [{"color": "cv_", "id_name": "hand", "shape": "CVCylinder", "id_string": "ob383", "world_size": [0.12, 0.005, 0.12], "id": 383, "camera_size": [49, 9], "camera_position": [246, 507], "world_position": [0.012749354298957963, 0.671133384908492, -0.17410976034145176], "world_orientation": [-1.9717691921234925e-05, 0.0024346082827907158, 0.9999970361424688, -0.0007625218204753499, -0.9999967456545227, 0.0024345925403498193, 0.9999997090858008, -0.0007624715559240078, 2.1574069693356497e-05], "world_rotation": [0.0, 1.0, 0.0, 0.0]}, {"color": "CVRed", "id_name": "object949098590243", "shape": "CVBox", "id_string": "ob632", "world_size": [0.11, 0.11, 0.11], "id": 632, "camera_size": [45, 45], "camera_position": [256, 254], "world_position": [0.705, 0.6547388572526824, -0.15], "world_orientation": [1.0, -3.838362879530641e-17, 1.4813540171849057e-17, 3.838362879530641e-17, 1.0, 5.294293626938881e-18, -1.4813540171849057e-17, -5.294293626938881e-18, 1.0], "world_rotation": [-0.1276280613210114, 0.35710588544125776, 0.925303444577321, 4.1482206750932463e-17]}], "source": "action wait"}
{"timestamp": 1706067900.743712, "objects": [{"color": "cv_", "id_name": "hand", "shape": "CVCylinder", "id_string": "ob383", "world_size": [0.12, 0.005, 0.12], "id": 383, "camera_size": [49, 8], "camera_position": [246, 507], "world_position": [0.009760082113417577, 0.6709870655349899, -0.1741094432003329], "world_orientation": [-1.453585104403071e-05, 0.0012753798990828534, 0.9999991865970802, -0.0007625357743960167, -0.9999988959866527, 0.0012753684443286442, 0.9999997091639086, -0.0007625166155818361, 1.550835779561798e-05], "world_rotation": [0.0, 1.0, 0.0, 0.0]}, {"color": "CVRed", "id_name": "object949098590243", "shape": "CVBox", "id_string": "ob632", "world_size": [0.11, 0.11, 0.11], "id": 632, "camera_size": [45, 45], "camera_position": [256, 254], "world_position": [0.705, 0.6547388572526824, -0.15], "world_orientation": [1.0, -3.838362879530641e-17, 1.4813540171849057e-17, 3.838362879530641e-17, 1.0, 5.294293626938881e-18, -1.4813540171849057e-17, -5.294293626938881e-18, 1.0], "world_rotation": [-0.1276280613210114, 0.35710588544125776, 0.925303444577321, 4.1482206750932463e-17]}], "source": "action wait"}
{"timestamp": 1706067900.776942, "objects": [{"color": "cv_", "id_name": "hand", "shape": "CVCylinder", "id_string": "ob383", "world_size": [0.12, 0.005, 0.12], "id": 383, "camera_size": [49, 7], "camera_position": [246, 508], "world_position": [0.0076531122065372, 0.6708796043225546, -0.17410916349572758], "world_orientation": [-1.1063384045511129e-05, 0.00045616063454628986, 0.9999998958975332, -0.0007626007717485482, -0.9999996051826003, 0.0004561520649876503, 0.9999997091587901, -0.0007625956457747974, 1.1411248129805553e-05], "world_rotation": [0.0, 1.0, 0.0, 0.0]}, {"color": "CVRed", "id_name": "object949098590243", "shape": "CVBox", "id_string": "ob632", "world_size": [0.11, 0.11, 0.11], "id": 632, "camera_size": [45, 45], "camera_position": [256, 254], "world_position": [0.705, 0.6547388572526824, -0.15], "world_orientation": [1.0, -3.838362879530641e-17, 1.4813540171849057e-17, 3.838362879530641e-17, 1.0, 5.294293626938881e-18, -1.4813540171849057e-17, -5.294293626938881e-18, 1.0], "world_rotation": [-0.1276280613210114, 0.35710588544125776, 0.925303444577321, 4.1482206750932463e-17]}], "source": "action wait"}
{"timestamp": 1706067900.812673, "objects": [{"color": "cv_", "id_name": "hand", "shape": "CVCylinder", "id_string": "ob383", "world_size": [0.12, 0.005, 0.12], "id": 383, "camera_size": [49, 7], "camera_position": [246, 508], "world_position": [0.006168212673610196, 0.6708025366466448, -0.17410893467943747], "world_orientation": [-8.73456913797073e-06, -0.00012274319037442315, 0.9999999924289082, -0.0007626839554315966, -0.9999997016227888, -0.0001227498163952741, 0.9999997091184035, -0.0007626850218244032, 8.640952270201046e-06], "world_rotation": [0.0, 1.0, 0.0, 0.0]}, {"color": "CVRed", "id_name": "object949098590243", "shape": "CVBox", "id_string": "ob632", "world_size": [0.11, 0.11, 0.11], "id": 632, "camera_size": [45, 45], "camera_position": [256, 254], "world_position": [0.705, 0.6547388572526824, -0.15], "world_orientation": [1.0, -3.838362879530641e-17, 1.4813540171849057e-17, 3.838362879530641e-17, 1.0, 5.294293626938881e-18, -1.4813540171849057e-17, -5.294293626938881e-18, 1.0], "world_rotation": [-0.1276280613210114, 0.35710588544125776, 0.925303444577321, 4.1482206750932463e-17]}], "source": "action wait"}
{"timestamp": 1706067900.849507, "objects": [{"color": "CVRed", "id_name": "object949098590243", "shape": "CVBox", "id_string": "ob632", "world_size": [0.11, 0.11, 0.11], "id": 632, "camera_size": [45, 45], "camera_position": [256, 254], "world_position": [0.705, 0.6547388572526824, -0.15], "world_orientation": [1.0, -3.838362879530641e-17, 1.4813540171849057e-17, 3.838362879530641e-17, 1.0, 5.294293626938881e-18, -1.4813540171849057e-17, -5.294293626938881e-18, 1.0], "world_rotation": [-0.1276280613210114, 0.35710588544125776, 0.925303444577321, 4.1482206750932463e-17]}], "source": "action wait"}
{"timestamp": 1706067903.188873, "objects": [{"color": "CVRed", "id_name": "object949098590243", "shape": "CVBox", "id_string": "ob632", "world_size": [0.11, 0.11, 0.11], "id": 632, "camera_size": [45, 45], "camera_position": [256, 254], "world_position": [0.705, 0.6547388572526824, -0.15], "world_orientation": [1.0, -3.838362879530641e-17, 1.4813540171849057e-17, 3.838362879530641e-17, 1.0, 5.294293626938881e-18, -1.4813540171849057e-17, -5.294293626938881e-18, 1.0], "world_rotation": [-0.1276280613210114, 0.35710588544125776, 0.925303444577321, 4.1482206750932463e-17]}], "source": "action wait"}
{"timestamp": 1706067903.229172, "objects": [{"color": "cv_", "id_name": "hand", "shape": "CVCylinder", "id_string": "ob383", "world_size": [0.12, 0.005, 0.12], "id": 383, "camera_size": [51, 10], "camera_position": [246, 506], "world_position": [0.03548540711215986, 0.726515872660165, -0.1741229329836894], "world_orientation": [0.00015799273302001852, 0.19316685656880025, 0.9811659087848623, -0.0007083240152744905, -0.9811656532765886, 0.1931669203238863, 0.9999997366576582, -0.0007255023458322597, -1.8192319643347375e-05], "world_rotation": [0.0, 1.0, 0.0, 0.0]}, {"color": "CVRed", "id_name": "object949098590243", "shape": "CVBox", "id_string": "ob632", "world_size": [0.11, 0.11, 0.11], "id": 632, "camera_size": [45, 45], "camera_position": [256, 254], "world_position": [0.705, 0.6547388572526824, -0.15], "world_orientation": [1.0, -3.838362879530641e-17, 1.4813540171849057e-17, 3.838362879530641e-17, 1.0, 5.294293626938881e-18, -1.4813540171849057e-17, -5.294293626938881e-18, 1.0], "world_rotation": [-0.1276280613210114, 0.35710588544125776, 0.925303444577321, 4.1482206750932463e-17]}], "source": "action wait"}
{"timestamp": 1706067903.262046, "objects": [{"color": "cv_", "id_name": "hand", "shape": "CVCylinder", "id_string": "ob383", "world_size": [0.12, 0.005, 0.12], "id": 383, "camera_size": [53, 21], "camera_position": [245, 501], "world_position": [0.08392977193982164, 0.779473505878814, -0.17412487085600759], "world_orientation": [0.00025695732201325746, 0.296626744137025, 0.9549934599962465, -0.0007069822990586534, -0.9549931989731038, 0.29662685328733657, 0.9999997170744419, -0.0007513839137922976, -3.568263741626986e-05], "world_rotation": [0.0, 1.0, 0.0, 0.0]}, {"color": "CVRed", "id_name": "object949098590243", "shape": "CVBox", "id_string": "ob632", "world_size": [0.11, 0.11, 0.11], "id": 632, "camera_size": [45, 45], "camera_position": [256, 254], "world_position": [0.705, 0.6547388572526824, -0.15], "world_orientation": [1.0, -3.838362879530641e-17, 1.4813540171849057e-17, 3.838362879530641e-17, 1.0, 5.294293626938881e-18, -1.4813540171849057e-17, -5.294293626938881e-18, 1.0], "world_rotation": [-0.1276280613210114, 0.35710588544125776, 0.925303444577321, 4.1482206750932463e-17]}], "source": "action wait"}
{"timestamp": 1706067903.292413, "objects": [{"color": "cv_", "id_name": "hand", "shape": "CVCylinder", "id_string": "ob383", "world_size": [0.12, 0.005, 0.12], "id": 383, "camera_size": [55, 37], "camera_position": [245, 493], "world_position": [0.1408132966443404, 0.8113790857296708, -0.1741206548440419], "world_orientation": [0.0002882169147902347, 0.33657727367014423, 0.9416558053661555, -0.0007128894462585696, -0.941655536041746, 0.33657739560251176, 0.9999997043597801, -0.0007683037842025528, -3.145866714270261e-05], "world_rotation": [0.0, 1.0, 0.0, 0.0]}, {"color": "CVRed", "id_name": "object949098590243", "shape": "CVBox", "id_string": "ob632", "world_size": [0.11, 0.11, 0.11], "id": 632, "camera_size": [45, 45], "camera_position": [256, 254], "world_position": [0.705, 0.6547388572526824, -0.15], "world_orientation": [1.0, -3.838362879530641e-17, 1.4813540171849057e-17, 3.838362879530641e-17, 1.0, 5.294293626938881e-18, -1.4813540171849057e-17, -5.294293626938881e-18, 1.0], "world_rotation": [-0.1276280613210114, 0.35710588544125776, 0.925303444577321, 4.1482206750932463e-17]}], "source": "action wait"}
{"timestamp": 1706067903.321935, "objects": [{"color": "cv_", "id_name": "hand", "shape": "CVCylinder", "id_string": "ob383", "world_size": [0.12, 0.005, 0.12], "id": 383, "camera_size": [55, 59], "camera_position": [245, 480], "world_position": [0.20224883099224317, 0.8254608073263896, -0.17411728812697244], "world_orientation": [0.00028609430460076174, 0.33671266750951634, 0.941607401037542, -0.0007225610654171263, -0.9416071241632705, 0.3367127880412064, 0.9999996980277323, -0.0007767004578433914, -2.6092971619029648e-05], "world_rotation": [0.0, 1.0, 0.0, 0.0]}, {"color": "CVRed", "id_name": "object949098590243", "shape": "CVBox", "id_string": "ob632", "world_size": [0.11, 0.11, 0.11], "id": 632, "camera_size": [45, 45], "camera_position": [256, 254], "world_position": [0.705, 0.6547388572526824, -0.15], "world_orientation": [1.0, -3.838362879530641e-17, 1.4813540171849057e-17, 3.838362879530641e-17, 1.0, 5.294293626938881e-18, -1.4813540171849057e-17, -5.294293626938881e-18, 1.0], "world_rotation": [-0.1276280613210114, 0.35710588544125776, 0.925303444577321, 4.1482206750932463e-17]}], "source": "action wait"}
{"timestamp": 1706067903.350786, "objects": [{"color": "cv_", "id_name": "hand", "shape": "CVCylinder", "id_string": "ob383", "world_size": [0.12, 0.005, 0.12], "id": 383, "camera_size": [55, 58], "camera_position": [245, 451], "world_position": [0.26630269366272585, 0.8244599869775564, -0.1741145509229603], "world_orientation": [0.00026066261342176623, 0.3088148617210431, 0.9511221337111312, -0.0007356841223978859, -0.9511218494146222, 0.30881497103440636, 0.9999996954118906, -0.0007802219696462895, -2.0731716421829398e-05], "world_rotation": [0.0, 1.0, 0.0, 0.0]}, {"color": "CVRed", "id_name": "object949098590243", "shape": "CVBox", "id_string": "ob632", "world_size": [0.11, 0.11, 0.11], "id": 632, "camera_size": [45, 45], "camera_position": [256, 254], "world_position": [0.705, 0.6547388572526824, -0.15], "world_orientation": [1.0, -3.838362879530641e-17, 1.4813540171849057e-17, 3.838362879530641e-17, 1.0, 5.294293626938881e-18, -1.4813540171849057e-17, -5.294293626938881e-18, 1.0], "world_rotation": [-0.1276280613210114, 0.35710588544125776, 0.925303444577321, 4.1482206750932463e-17]}], "source": "action wait"}
{"timestamp": 1706067903.386792, "objects": [{"color": "cv_", "id_name": "hand", "shape": "CVCylinder", "id_string": "ob383", "world_size": [0.12, 0.005, 0.12], "id": 383, "camera_size": [54, 56], "camera_position": [245, 420], "world_position": [0.3309575444511806, 0.8105537030196582, -0.17411213906736792], "world_orientation": [0.00021854720872431816, 0.26052954389258187, 0.9654658507664788, -0.0007501084613558171, -0.9654655594976441, 0.2605296350920519, 0.9999996947871604, -0.0007811421283496459, -1.5574387840228886e-05], "world_rotation": [0.0, 1.0, 0.0, 0.0]}, {"color": "CVRed", "id_name": "object949098590243", "shape": "CVBox", "id_string": "ob632", "world_size": [0.11, 0.11, 0.11], "id": 632, "camera_size": [45, 45], "camera_position": [256, 254], "world_position": [0.705, 0.6547388572526824, -0.15], "world_orientation": [1.0, -3.838362879530641e-17, 1.4813540171849057e-17, 3.838362879530641e-17, 1.0, 5.294293626938881e-18, -1.4813540171849057e-17, -5.294293626938881e-18, 1.0], "world_rotation": [-0.1276280613210114, 0.35710588544125776, 0.925303444577321, 4.1482206750932463e-17]}], "source": "action wait"}
{"timestamp": 1706067903.420306, "objects": [{"color": "cv_", "id_name": "hand", "shape": "CVCylinder", "id_string": "ob383", "world_size": [0.12, 0.005, 0.12], "id": 383, "camera_size": [53, 55], "camera_position": [245, 390], "world_position": [0.39442511160198596, 0.7855105270271423, -0.17410985563616216], "world_orientation": [0.0001643710230784227, 0.19714860679436655, 0.9803736021646069, -0.0007633893801640805, -0.9803733050074099, 0.19714867502852365, 0.9999996951093642, -0.0007808123258989387, -1.0643810401449926e-05], "world_rotation": [0.0, 1.0, 0.0, 0.0]}, {"color": "CVRed", "id_name": "object949098590243", "shape": "CVBox", "id_string": "ob632", "world_size": [0.11, 0.11, 0.11], "id": 632, "camera_size": [45, 45], "camera_position": [256, 254], "world_position": [0.705, 0.6547388572526824, -0.15], "world_orientation": [1.0, -3.838362879530641e-17, 1.4813540171849057e-17, 3.838362879530641e-17, 1.0, 5.294293626938881e-18, -1.4813540171849057e-17, -5.294293626938881e-18, 1.0], "world_rotation": [-0.1276280613210114, 0.35710588544125776, 0.925303444577321, 4.1482206750932463e-17]}], "source": "action wait"}
{"timestamp": 1706067903.457931, "objects": [{"color": "cv_", "id_name": "hand", "shape": "CVCylinder", "id_string": "ob383", "world_size": [0.12, 0.005, 0.12], "id": 383, "camera_size": [52, 53], "camera_position": [245, 365], "world_position": [0.44574300529457633, 0.7577674948285309, -0.17410287427792717], "world_orientation": [0.00010272911243738087, 0.13901285200999663, 0.9902905717125535, -0.0007679251623576479, -0.9902902739797661, 0.13901288987725294, 0.9999996998687923, -0.0007747497188583536, 5.019826048675801e-06], "world_rotation": [0.0, 1.0, 0.0, 0.0]}, {"color": "CVRed", "id_name": "object949098590243", "shape": "CVBox", "id_string": "ob632", "world_size": [0.11, 0.11, 0.11], "id": 632, "camera_size": [45, 45], "camera_position": [256, 254], "world_position": [0.705, 0.6547388572526824, -0.15], "world_orientation": [1.0, -3.838362879530641e-17, 1.4813540171849057e-17, 3.838362879530641e-17, 1.0, 5.294293626938881e-18, -1.4813540171849057e-17, -5.294293626938881e-18, 1.0], "world_rotation": [-0.1276280613210114, 0.35710588544125776, 0.925303444577321, 4.1482206750932463e-17]}], "source": "action wait"}
{"timestamp": 1706067903.495207, "objects": [{"color": "cv_", "id_name": "hand", "shape": "CVCylinder", "id_string": "ob383", "world_size": [0.12, 0.005, 0.12], "id": 383, "camera_size": [51, 52], "camera_position": [246, 348], "world_position": [0.48060281384074793, 0.735050867682001, -0.17409836076151008], "world_orientation": [6.013884160739533e-05, 0.09768635013940011, 0.9952172493379333, -0.0007666210579030509, -0.9952169541853847, 0.09768636749372901, 0.9999997043376929, -0.0007688292455130374, 1.5037218314203565e-05], "world_rotation": [0.0, 1.0, 0.0, 0.0]}, {"color": "CVRed", "id_name": "object949098590243", "shape": "CVBox", "id_string": "ob632", "world_size": [0.11, 0.11, 0.11], "id": 632, "camera_size": [45, 45], "camera_position": [256, 254], "world_position": [0.705, 0.6547388572526824, -0.15], "world_orientation": [1.0, -3.838362879530641e-17, 1.4813540171849057e-17, 3.838362879530641e-17, 1.0, 5.294293626938881e-18, -1.4813540171849057e-17, -5.294293626938881e-18, 1.0], "world_rotation": [-0.1276280613210114, 0.35710588544125776, 0.925303444577321, 4.1482206750932463e-17]}], "source": "action wait"}
{"timestamp": 1706067903.527492, "objects": [{"color": "cv_", "id_name": "hand", "shape": "CVCylinder", "id_string": "ob383", "world_size": [0.12, 0.005, 0.12], "id": 383, "camera_size": [51, 51], "camera_position": [246, 338], "world_position": [0.5043645036888488, 0.7175478464988984, -0.17409678317728555], "world_orientation": [3.373812663151504e-05, 0.0684437659213173, 0.9976549753137338, -0.0007644115118415826, -0.9976546826389833, 0.0684437716929026, 0.9999997072683469, -0.0007649281126126997, 1.8660202567035893e-05], "world_rotation": [0.0, 1.0, 0.0, 0.0]}, {"color": "CVRed", "id_name": "object949098590243", "shape": "CVBox", "id_string": "ob632", "world_size": [0.11, 0.11, 0.11], "id": 632, "camera_size": [45, 45], "camera_position": [256, 254], "world_position": [0.705, 0.6547388572526824, -0.15], "world_orientation": [1.0, -3.838362879530641e-17, 1.4813540171849057e-17, 3.838362879530641e-17, 1.0, 5.294293626938881e-18, -1.4813540171849057e-17, -5.294293626938881e-18, 1.0], "world_rotation": [-0.1276280613210114, 0.35710588544125776, 0.925303444577321, 4.1482206750932463e-17]}], "source": "action wait"}
{"timestamp": 1706067903.557476, "objects": [{"color": "cv_", "id_name": "hand", "shape": "CVCylinder", "id_string": "ob383", "world_size": [0.12, 0.005, 0.12], "id": 383, "camera_size": [49, 50], "camera_position": [246, 330], "world_position": [0.5206730575345099, 0.7045114532029444, -0.17409677699597753], "world_orientation": [1.7537065072405653e-05, 0.04779012236575296, 0.998857399180042, -0.000762686298031239, -0.9988571081815174, 0.04779012183356931, 0.9999997090009887, -0.0007626529505184906, 1.8931849405763298e-05], "world_rotation": [0.0, 1.0, 0.0, 0.0]}, {"color": "CVRed", "id_name": "object949098590243", "shape": "CVBox", "id_string": "ob632", "world_size": [0.11, 0.11, 0.11], "id": 632, "camera_size": [45, 45], "camera_position": [256, 254], "world_position": [0.705, 0.6547388572526824, -0.15], "world_orientation": [1.0, -3.838362879530641e-17, 1.4813540171849057e-17, 3.838362879530641e-17, 1.0, 5.294293626938881e-18, -1.4813540171849057e-17, -5.294293626938881e-18, 1.0], "world_rotation": [-0.1276280613210114, 0.35710588544125776, 0.925303444577321, 4.1482206750932463e-17]}], "source": "action wait"}
{"timestamp": 1706067903.58852, "objects": [{"color": "cv_", "id_name": "hand", "shape": "CVCylinder", "id_string": "ob383", "world_size": [0.12, 0.005, 0.12], "id": 383, "camera_size": [49, 49], "camera_position": [246, 325], "world_position": [0.5319372170104703, 0.6949978133529306, -0.17409753069403822], "world_orientation": [7.719131590793367e-06, 0.03321592500888524, 0.9994481988908775, -0.0007616738460391354, -0.9994479088118589, 0.033215921251029755, 0.9999997098966416, -0.000761509951633511, 1.758483142537915e-05], "world_rotation": [0.0, 1.0, 0.0, 0.0]}, {"color": "CVRed", "id_name": "object949098590243", "shape": "CVBox", "id_string": "ob632", "world_size": [0.11, 0.11, 0.11], "id": 632, "camera_size": [45, 45], "camera_position": [256, 254], "world_position": [0.705, 0.6547388572526824, -0.15], "world_orientation": [1.0, -3.838362879530641e-17, 1.4813540171849057e-17, 3.838362879530641e-17, 1.0, 5.294293626938881e-18, -1.4813540171849057e-17, -5.294293626938881e-18, 1.0], "world_rotation": [-0.1276280613210114, 0.35710588544125776, 0.925303444577321, 4.1482206750932463e-17]}], "source": "action wait"}
{"timestamp": 1706067903.62141, "objects": [{"color": "cv_", "id_name": "hand", "shape": "CVCylinder", "id_string": "ob383", "world_size": [0.12, 0.005, 0.12], "id": 383, "camera_size": [49, 50], "camera_position": [246, 321], "world_position": [0.5397582621785435, 0.6881434115285769, -0.1740985811662038], "world_orientation": [1.8629134840711802e-06, 0.022936143948083416, 0.9997369320462871, -0.0007612382977865656, -0.9997366423498025, 0.022936138720309338, 0.9999997102563498, -0.0007610807684277307, 1.559744830564578e-05], "world_rotation": [0.0, 1.0, 0.0, 0.0]}, {"color": "CVRed", "id_name": "object949098590243", "shape": "CVBox", "id_string": "ob632", "world_size": [0.11, 0.11, 0.11], "id": 632, "camera_size": [45, 45], "camera_position": [256, 254], "world_position": [0.705, 0.6547388572526824, -0.15], "world_orientation": [1.0, -3.838362879530641e-17, 1.4813540171849057e-17, 3.838362879530641e-17, 1.0, 5.294293626938881e-18, -1.4813540171849057e-17, -5.294293626938881e-18, 1.0], "world_rotation": [-0.1276280613210114, 0.35710588544125776, 0.925303444577321, 4.1482206750932463e-17]}], "source": "action wait"}
{"timestamp": 1706067903.654149, "objects": [{"color": "cv_", "id_name": "hand", "shape": "CVCylinder", "id_string": "ob383", "world_size": [0.12, 0.005, 0.12], "id": 383, "camera_size": [49, 49], "camera_position": [246, 319], "world_position": [0.5452111499635516, 0.6832456474552306, -0.1740996775171661], "world_orientation": [-1.5278163706905844e-06, 0.01568685465576637, 0.9998769537241443, -0.0007611789874210031, -0.999876664082433, 0.015686848948555307, 0.9999997103020656, -0.0007610613605570835, 1.3468132079122948e-05], "world_rotation": [0.0, 1.0, 0.0, 0.0]}, {"color": "CVRed", "id_name": "object949098590243", "shape": "CVBox", "id_string": "ob632", "world_size": [0.11, 0.11, 0.11], "id": 632, "camera_size": [45, 45], "camera_position": [256, 254], "world_position": [0.705, 0.6547388572526824, -0.15], "world_orientation": [1.0, -3.838362879530641e-17, 1.4813540171849057e-17, 3.838362879530641e-17, 1.0, 5.294293626938881e-18, -1.4813540171849057e-17, -5.294293626938881e-18, 1.0], "world_rotation": [-0.1276280613210114, 0.35710588544125776, 0.925303444577321, 4.1482206750932463e-17]}], "source": "action wait"}
{"timestamp": 1706067903.689045, "objects": [{"color": "cv_", "id_name": "hand", "shape": "CVCylinder", "id_string": "ob383", "world_size": [0.12, 0.005, 0.12], "id": 383, "camera_size": [49, 49], "camera_position": [246, 317], "world_position": [0.5490249136975627, 0.6797649220583551, -0.1741006948622253], "world_orientation": [-3.427522827517792e-06, 0.0105751090674492, 0.9999440819648185, -0.0007613293659109539, -0.9999437922032496, 0.010575103393398268, 0.9999997101828824, -0.0007612505474607667, 1.1478471255140072e-05], "world_rotation": [0.0, 1.0, 0.0, 0.0]}, {"color": "CVRed", "id_name": "object949098590243", "shape": "CVBox", "id_string": "ob632", "world_size": [0.11, 0.11, 0.11], "id": 632, "camera_size": [45, 45], "camera_position": [256, 254], "world_position": [0.705, 0.6547388572526824, -0.15], "world_orientation": [1.0, -3.838362879530641e-17, 1.4813540171849057e-17, 3.838362879530641e-17, 1.0, 5.294293626938881e-18, -1.4813540171849057e-17, -5.294293626938881e-18, 1.0], "world_rotation": [-0.1276280613210114, 0.35710588544125776, 0.925303444577321, 4.1482206750932463e-17]}], "source": "action wait"}
{"timestamp": 1706067903.72456, "objects": [{"color": "cv_", "id_name": "hand", "shape": "CVCylinder", "id_string": "ob383", "world_size": [0.12, 0.005, 0.12], "id": 383, "camera_size": [49, 49], "camera_position": [246, 316], "world_position": [0.5516985161037642, 0.6773000867818482, -0.174101580600443], "world_orientation": [-4.418729171660789e-06, 0.006970736488871492, 0.9999757041114937, -0.0007615740051696965, -0.999975414154235, 0.006970731102336045, 0.9999997099927127, -0.0007615247002800762, 9.727352240645999e-06], "world_rotation": [0.0, 1.0, 0.0, 0.0]}, {"color": "CVRed", "id_name": "object949098590243", "shape": "CVBox", "id_string": "ob632", "world_size": [0.11, 0.11, 0.11], "id": 632, "camera_size": [45, 45], "camera_position": [256, 254], "world_position": [0.705, 0.6547388572526824, -0.15], "world_orientation": [1.0, -3.838362879530641e-17, 1.4813540171849057e-17, 3.838362879530641e-17, 1.0, 5.294293626938881e-18, -1.4813540171849057e-17, -5.294293626938881e-18, 1.0], "world_rotation": [-0.1276280613210114, 0.35710588544125776, 0.925303444577321, 4.1482206750932463e-17]}], "source": "action wait"}
{"timestamp": 1706067903.759043, "objects": [{"color": "cv_", "id_name": "hand", "shape": "CVCylinder", "id_string": "ob383", "world_size": [0.12, 0.005, 0.12], "id": 383, "camera_size": [49, 49], "camera_position": [246, 315], "world_position": [0.5535760373910625, 0.6755587452172359, -0.17410232169811699], "world_orientation": [-4.88471581581956e-06, 0.004429245897048492, 0.9999901908303517, -0.0007618426589517227, -0.9999899006594507, 0.004429240890376596, 0.9999997097859092, -0.0007618135503251413, 8.25905495513595e-06], "world_rotation": [0.0, 1.0, 0.0, 0.0]}, {"color": "CVRed", "id_name": "object949098590243", "shape": "CVBox", "id_string": "ob632", "world_size": [0.11, 0.11, 0.11], "id": 632, "camera_size": [45, 45], "camera_position": [256, 254], "world_position": [0.705, 0.6547388572526824, -0.15], "world_orientation": [1.0, -3.838362879530641e-17, 1.4813540171849057e-17, 3.838362879530641e-17, 1.0, 5.294293626938881e-18, -1.4813540171849057e-17, -5.294293626938881e-18, 1.0], "world_rotation": [-0.1276280613210114, 0.35710588544125776, 0.925303444577321, 4.1482206750932463e-17]}], "source": "action wait"}
{"timestamp": 1706067903.791001, "objects": [{"color": "cv_", "id_name": "hand", "shape": "CVCylinder", "id_string": "ob383", "world_size": [0.12, 0.005, 0.12], "id": 383, "camera_size": [49, 49], "camera_position": [246, 315], "world_position": [0.554896160113937, 0.6743304150969093, -0.17410292525581011], "world_orientation": [-5.04858982798778e-06, 0.0026371916405286064, 0.9999965225913354, -0.0007620969917415204, -0.9999962322192814, 0.0026371870272310586, 0.9999997095913012, -0.0007620810275435774, 7.058366622266768e-06], "world_rotation": [0.0, 1.0, 0.0, 0.0]}, {"color": "CVRed", "id_name": "object949098590243", "shape": "CVBox", "id_string": "ob632", "world_size": [0.11, 0.11, 0.11], "id": 632, "camera_size": [45, 45], "camera_position": [256, 254], "world_position": [0.705, 0.6547388572526824, -0.15], "world_orientation": [1.0, -3.838362879530641e-17, 1.4813540171849057e-17, 3.838362879530641e-17, 1.0, 5.294293626938881e-18, -1.4813540171849057e-17, -5.294293626938881e-18, 1.0], "world_rotation": [-0.1276280613210114, 0.35710588544125776, 0.925303444577321, 4.1482206750932463e-17]}], "source": "action wait"}
