{"timestamp": 1706067923.563435, "objects": [{"color": "cv_", "id_name": "hand", "shape": "CVCylinder", "id_string": "ob383", "world_size": [0.12, 0.005, 0.12], "id": 383, "camera_size": [48, 50], "camera_position": [246, 426], "world_position": [0.26764451554013896, 0.6334703013847368, -0.17389260400847478], "world_orientation": [-0.0006415490534602909, 0.19791547486640845, 0.9802188802625748, -0.0007473671015660772, -0.9802189031249686, 0.1979149903339797, 0.9999995149284961, -0.0006056111687281015, 0.0007767740242901192], "world_rotation": [0.0, 1.0, 0.0, 0.0]}, {"color": "CVPurple", "id_name": "object123463140540571", "shape": "CVSphere", "id_string": "ob646", "world_size": [0.09, 0.09, 0.09], "id": 646, "camera_size": [37, 37], "camera_position": [256, 254], "world_position": [0.705, 0.6448569667806435, -0.15], "world_orientation": [1.0, -5.053903521130611e-17, -1.3537563024626779e-17, 5.053903521130611e-17, 1.0, -6.136882847087181e-17, 1.3537563024626779e-17, 6.136882847087181e-17, 1.0], "world_rotation": [-0.7609763537112164, 0.16786641696290353, -0.6266864089386478, -8.064485600844401e-17]}], "source": "manual check"}
{"timestamp": 1706067924.590094, "objects": [{"color": "cv_", "id_name": "hand", "shape": "CVCylinder", "id_string": "ob383", "world_size": [0.12, 0.005, 0.12], "id": 383, "camera_size": [48, 50], "camera_position": [246, 426], "world_position": [0.26764451554013896, 0.6334703013847368, -0.17389260400847478], "world_orientation": [-0.0006415490534602909, 0.19791547486640845, 0.9802188802625748, -0.0007473671015660772, -0.9802189031249686, 0.1979149903339797, 0.9999995149284961, -0.0006056111687281015, 0.0007767740242901192], "world_rotation": [0.0, 1.0, 0.0, 0.0]}, {"color": "CVPurple", "id_name": "object123463140540571", "shape": "CVSphere", "id_string": "ob646", "world_size": [0.09, 0.09, 0.09], "id": 646, "camera_size": [37, 37], "camera_position": [256, 254], "world_position": [0.705, 0.6448569696296074, -0.15], "world_orientation": [1.0, -4.331917303826236e-17, -1.1712398707441946e-17, 4.331917303826236e-17, 1.0, -5.775889738434995e-17, 1.1712398707441946e-17, 5.775889738434995e-17, 1.0], "world_rotation": [-0.7896765794068324, 0.16013129347666225, -0.5922574345551229, -7.314247236221149e-17]}], "source": "manual check"}
{"timestamp": 1706067926.889386, "objects": [{"color": "cv_", "id_name": "hand", "shape": "CVCylinder", "id_string": "ob383", "world_size": [0.12, 0.005, 0.12], "id": 383, "camera_size": [48, 50], "camera_position": [246, 426], "world_position": [0.26764451554013896, 0.6334703013847368, -0.17389260400847478], "world_orientation": [-0.0006415490534602909, 0.19791547486640845, 0.9802188802625748, -0.0007473671015660772, -0.9802189031249686, 0.1979149903339797, 0.9999995149284961, -0.0006056111687281015, 0.0007767740242901192], "world_rotation": [0.0, 1.0, 0.0, 0.0]}, {"color": "CVPurple", "id_name": "object123463140540571", "shape": "CVSphere", "id_string": "ob646", "world_size": [0.09, 0.09, 0.09], "id": 646, "camera_size": [37, 37], "camera_position": [256, 254], "world_position": [0.705, 0.6448569696296074, -0.15], "world_orientation": [1.0, -4.331917303826236e-17, -1.1712398707441946e-17, 4.331917303826236e-17, 1.0, -5.775889738434995e-17, 1.1712398707441946e-17, 5.775889738434995e-17, 1.0], "world_rotation": [-0.7896765794068324, 0.16013129347666225, -0.5922574345551229, -7.314247236221149e-17]}], "source": "action wait"}
{"timestamp": 1706067926.913193, "objects": [{"color": "cv_", "id_name": "hand", "shape": "CVCylinder", "id_string": "ob383", "world_size": [0.12, 0.005, 0.12], "id": 383, "camera_size": [48, 50], "camera_position": [246, 444], "world_position": [0.22511396101708514, 0.6420541768443434, -0.17397253991016698], "world_orientation": [-0.0005241891343351641, 0.08801061340540146, 0.9961193990449922, -0.0007626309528379705, -0.9961192814077279, 0.08801020169151781, 0.999999571809799, -0.0007135374949970552, 0.0005892745217772931], "world_rotation": [0.0, 1.0, 0.0, 0.0]}, {"color": "CVPurple", "id_name": "object123463140540571", "shape": "CVSphere", "id_string": "ob646", "world_size": [0.09, 0.09, 0.09], "id": 646, "camera_size": [37, 37], "camera_position": [256, 254], "world_position": [0.705, 0.6448569696296074, -0.15], "world_orientation": [1.0, -4.331917303826236e-17, -1.1712398707441946e-17, 4.331917303826236e-17, 1.0, -5.775889738434995e-17, 1.1712398707441946e-17, 5.775889738434995e-17, 1.0], "world_rotation": [-0.7896765794068324, 0.16013129347666225, -0.5922574345551229, -7.314247236221149e-17]}], "source": "action wait"}
{"timestamp": 1706067926.948892, "objects": [{"color": "cv_", "id_name": "hand", "shape": "CVCylinder", "id_string": "ob383", "world_size": [0.12, 0.005, 0.12], "id": 383, "camera_size": [48, 49], "camera_position": [246, 471], "world_position": [0.1638722319340208, 0.6580186396196377, -0.1740385056634017], "world_orientation": [-0.0003794220440707544, 0.06079687364902829, 0.9981500870076687, -0.0007691309986532064, -0.9981498813629439, 0.060796568757193296, 0.9999996322381421, -0.000744640614835992, 0.0004254808284207648], "world_rotation": [0.0, 1.0, 0.0, 0.0]}, {"color": "CVPurple", "id_name": "object123463140540571", "shape": "CVSphere", "id_string": "ob646", "world_size": [0.09, 0.09, 0.09], "id": 646, "camera_size": [37, 37], "camera_position": [256, 254], "world_position": [0.705, 0.6448569696296074, -0.15], "world_orientation": [1.0, -4.331917303826236e-17, -1.1712398707441946e-17, 4.331917303826236e-17, 1.0, -5.775889738434995e-17, 1.1712398707441946e-17, 5.775889738434995e-17, 1.0], "world_rotation": [-0.7896765794068324, 0.16013129347666225, -0.5922574345551229, -7.314247236221149e-17]}], "source": "action wait"}
{"timestamp": 1706067926.985086, "objects": [{"color": "cv_", "id_name": "hand", "shape": "CVCylinder", "id_string": "ob383", "world_size": [0.12, 0.005, 0.12], "id": 383, "camera_size": [48, 46], "camera_position": [246, 488], "world_position": [0.11768066629840822, 0.6649560683515028, -0.17407776112678086], "world_orientation": [-0.00025806906088682085, 0.04255582329645154, 0.9990940572858599, -0.0007699058794162105, -0.9990938029017796, 0.04255561359206036, 0.9999996703225941, -0.0007582261015593491, 0.0002905991780124193], "world_rotation": [0.0, 1.0, 0.0, 0.0]}, {"color": "CVPurple", "id_name": "object123463140540571", "shape": "CVSphere", "id_string": "ob646", "world_size": [0.09, 0.09, 0.09], "id": 646, "camera_size": [37, 37], "camera_position": [256, 254], "world_position": [0.705, 0.6448569696296074, -0.15], "world_orientation": [1.0, -4.331917303826236e-17, -1.1712398707441946e-17, 4.331917303826236e-17, 1.0, -5.775889738434995e-17, 1.1712398707441946e-17, 5.775889738434995e-17, 1.0], "world_rotation": [-0.7896765794068324, 0.16013129347666225, -0.5922574345551229, -7.314247236221149e-17]}], "source": "action wait"}
{"timestamp": 1706067927.018971, "objects": [{"color": "cv_", "id_name": "hand", "shape": "CVCylinder", "id_string": "ob383", "world_size": [0.12, 0.005, 0.12], "id": 383, "camera_size": [49, 34], "camera_position": [246, 494], "world_position": [0.08426027502750373, 0.6675206453464426, -0.17409653692829333], "world_orientation": [-0.00017534005776534853, 0.029646822229260104, 0.9995604209789276, -0.0007680693580845414, -0.999560145501209, 0.029646679326078826, 0.9999996896626145, -0.0007625334804427658, 0.00019803374937137143], "world_rotation": [0.0, 1.0, 0.0, 0.0]}, {"color": "CVPurple", "id_name": "object123463140540571", "shape": "CVSphere", "id_string": "ob646", "world_size": [0.09, 0.09, 0.09], "id": 646, "camera_size": [37, 37], "camera_position": [256, 254], "world_position": [0.705, 0.6448569696296074, -0.15], "world_orientation": [1.0, -4.331917303826236e-17, -1.1712398707441946e-17, 4.331917303826236e-17, 1.0, -5.775889738434995e-17, 1.1712398707441946e-17, 5.775889738434995e-17, 1.0], "world_rotation": [-0.7896765794068324, 0.16013129347666225, -0.5922574345551229, -7.314247236221149e-17]}], "source": "action wait"}
{"timestamp": 1706067927.051383, "objects": [{"color": "cv_", "id_name": "hand", "shape": "CVCylinder", "id_string": "ob383", "world_size": [0.12, 0.005, 0.12], "id": 383, "camera_size": [49, 26], "camera_position": [246, 498], "world_position": [0.06036514706363708, 0.6681640478396669, -0.17410508451507206], "world_orientation": [-0.00011933440970281415, 0.020515187565738047, 0.9997895342713091, -0.0007659747294808685, -0.9997892499684456, 0.020515090305599865, 0.9999996995209612, -0.0007633653618600107, 0.00013502337521849078], "world_rotation": [0.0, 1.0, 0.0, 0.0]}, {"color": "CVPurple", "id_name": "object123463140540571", "shape": "CVSphere", "id_string": "ob646", "world_size": [0.09, 0.09, 0.09], "id": 646, "camera_size": [37, 37], "camera_position": [256, 254], "world_position": [0.705, 0.6448569696296074, -0.15], "world_orientation": [1.0, -4.331917303826236e-17, -1.1712398707441946e-17, 4.331917303826236e-17, 1.0, -5.775889738434995e-17, 1.1712398707441946e-17, 5.775889738434995e-17, 1.0], "world_rotation": [-0.7896765794068324, 0.16013129347666225, -0.5922574345551229, -7.314247236221149e-17]}], "source": "action wait"}
{"timestamp": 1706067927.083463, "objects": [{"color": "cv_", "id_name": "hand", "shape": "CVCylinder", "id_string": "ob383", "world_size": [0.12, 0.005, 0.12], "id": 383, "camera_size": [49, 20], "camera_position": [246, 501], "world_position": [0.04338966698653122, 0.6680461503350994, -0.17410867625280646], "world_orientation": [-8.153865156804105e-05, 0.01405743734408737, 0.9999011860212815, -0.0007643602747515854, -0.9999008981268628, 0.014057370965564583, 0.9999997045523658, -0.0007631385261989037, 9.227551760593684e-05], "world_rotation": [0.0, 1.0, 0.0, 0.0]}, {"color": "CVPurple", "id_name": "object123463140540571", "shape": "CVSphere", "id_string": "ob646", "world_size": [0.09, 0.09, 0.09], "id": 646, "camera_size": [37, 37], "camera_position": [256, 254], "world_position": [0.705, 0.6448569696296074, -0.15], "world_orientation": [1.0, -4.331917303826236e-17, -1.1712398707441946e-17, 4.331917303826236e-17, 1.0, -5.775889738434995e-17, 1.1712398707441946e-17, 5.775889738434995e-17, 1.0], "world_rotation": [-0.7896765794068324, 0.16013129347666225, -0.5922574345551229, -7.314247236221149e-17]}], "source": "action wait"}
{"timestamp": 1706067927.114566, "objects": [{"color": "cv_", "id_name": "hand", "shape": "CVCylinder", "id_string": "ob383", "world_size": [0.12, 0.005, 0.12], "id": 383, "camera_size": [48, 16], "camera_position": [246, 503], "world_position": [0.03137293499484132, 0.6676876189548036, -0.17410994457212658], "world_orientation": [-5.6086394236888555e-05, 0.009491478014363949, 0.9999549533351086, -0.0007633231222320659, -0.9999546639962144, 0.009491432454016593, 0.9999997070960209, -0.0007627563968490295, 6.332891613679612e-05], "world_rotation": [0.0, 1.0, 0.0, 0.0]}, {"color": "CVPurple", "id_name": "object123463140540571", "shape": "CVSphere", "id_string": "ob646", "world_size": [0.09, 0.09, 0.09], "id": 646, "camera_size": [37, 37], "camera_position": [256, 254], "world_position": [0.705, 0.6448569696296074, -0.15], "world_orientation": [1.0, -4.331917303826236e-17, -1.1712398707441946e-17, 4.331917303826236e-17, 1.0, -5.775889738434995e-17, 1.1712398707441946e-17, 5.775889738434995e-17, 1.0], "world_rotation": [-0.7896765794068324, 0.16013129347666225, -0.5922574345551229, -7.314247236221149e-17]}], "source": "action wait"}
{"timestamp": 1706067927.145276, "objects": [{"color": "cv_", "id_name": "hand", "shape": "CVCylinder", "id_string": "ob383", "world_size": [0.12, 0.005, 0.12], "id": 383, "camera_size": [48, 13], "camera_position": [246, 505], "world_position": [0.022883585939144954, 0.6673047126777992, -0.17411017816492094], "world_orientation": [-3.897804739726203e-05, 0.00626355294259689, 0.9999803830002103, -0.0007627495946706976, -0.9999800930582493, 0.006263521395421828, 0.9999997083468414, -0.0007624904919786008, 4.3754793932073724e-05], "world_rotation": [0.0, 1.0, 0.0, 0.0]}, {"color": "CVPurple", "id_name": "object123463140540571", "shape": "CVSphere", "id_string": "ob646", "world_size": [0.09, 0.09, 0.09], "id": 646, "camera_size": [37, 37], "camera_position": [256, 254], "world_position": [0.705, 0.6448569696296074, -0.15], "world_orientation": [1.0, -4.331917303826236e-17, -1.1712398707441946e-17, 4.331917303826236e-17, 1.0, -5.775889738434995e-17, 1.1712398707441946e-17, 5.775889738434995e-17, 1.0], "world_rotation": [-0.7896765794068324, 0.16013129347666225, -0.5922574345551229, -7.314247236221149e-17]}], "source": "action wait"}
{"timestamp": 1706067927.184603, "objects": [{"color": "cv_", "id_name": "hand", "shape": "CVCylinder", "id_string": "ob383", "world_size": [0.12, 0.005, 0.12], "id": 383, "camera_size": [48, 11], "camera_position": [246, 506], "world_position": [0.016893107538839987, 0.6669747783138156, -0.1741099937391741], "world_orientation": [-2.747064855904567e-05, 0.0039818009397184755, 0.9999920722218952, -0.000762490862775567, -0.9999917819887179, 0.003981778837774104, 0.9999997089264816, -0.0007623754358704748, 3.0506509639238067e-05], "world_rotation": [0.0, 1.0, 0.0, 0.0]}, {"color": "CVPurple", "id_name": "object123463140540571", "shape": "CVSphere", "id_string": "ob646", "world_size": [0.09, 0.09, 0.09], "id": 646, "camera_size": [37, 37], "camera_position": [256, 254], "world_position": [0.705, 0.6448569696296074, -0.15], "world_orientation": [1.0, -4.331917303826236e-17, -1.1712398707441946e-17, 4.331917303826236e-17, 1.0, -5.775889738434995e-17, 1.1712398707441946e-17, 5.775889738434995e-17, 1.0], "world_rotation": [-0.7896765794068324, 0.16013129347666225, -0.5922574345551229, -7.314247236221149e-17]}], "source": "action wait"}
{"timestamp": 1706067927.218165, "objects": [{"color": "cv_", "id_name": "hand", "shape": "CVCylinder", "id_string": "ob383", "world_size": [0.12, 0.005, 0.12], "id": 383, "camera_size": [48, 9], "camera_position": [246, 507], "world_position": [0.012668727663846269, 0.6667154841200589, -0.17410967659254975], "world_orientation": [-1.9748385813103783e-05, 0.0023690211175104595, 0.9999971936705354, -0.0007624230442364546, -0.9999969032575278, 0.0023690053728475952, 0.9999997091605093, -0.0007623741205944682, 2.1554520950076575e-05], "world_rotation": [0.0, 1.0, 0.0, 0.0]}, {"color": "CVPurple", "id_name": "object123463140540571", "shape": "CVSphere", "id_string": "ob646", "world_size": [0.09, 0.09, 0.09], "id": 646, "camera_size": [37, 37], "camera_position": [256, 254], "world_position": [0.705, 0.6448569696296074, -0.15], "world_orientation": [1.0, -4.331917303826236e-17, -1.1712398707441946e-17, 4.331917303826236e-17, 1.0, -5.775889738434995e-17, 1.1712398707441946e-17, 5.775889738434995e-17, 1.0], "world_rotation": [-0.7896765794068324, 0.16013129347666225, -0.5922574345551229, -7.314247236221149e-17]}], "source": "action wait"}
{"timestamp": 1706067927.246092, "objects": [{"color": "cv_", "id_name": "hand", "shape": "CVCylinder", "id_string": "ob383", "world_size": [0.12, 0.005, 0.12], "id": 383, "camera_size": [48, 8], "camera_position": [246, 507], "world_position": [0.009690861253282246, 0.6665214484889836, -0.1741093510680661], "world_orientation": [-1.4557271793230203e-05, 0.0012291681685166116, 0.9999992444665642, -0.0007624585142266463, -0.9999989539148485, 0.0012291567120556498, 0.9999997092225078, -0.0007624400449957885, 1.5494446300950763e-05], "world_rotation": [0.0, 1.0, 0.0, 0.0]}, {"color": "CVPurple", "id_name": "object123463140540571", "shape": "CVSphere", "id_string": "ob646", "world_size": [0.09, 0.09, 0.09], "id": 646, "camera_size": [37, 37], "camera_position": [256, 254], "world_position": [0.705, 0.6448569696296074, -0.15], "world_orientation": [1.0, -4.331917303826236e-17, -1.1712398707441946e-17, 4.331917303826236e-17, 1.0, -5.775889738434995e-17, 1.1712398707441946e-17, 5.775889738434995e-17, 1.0], "world_rotation": [-0.7896765794068324, 0.16013129347666225, -0.5922574345551229, -7.314247236221149e-17]}], "source": "action wait"}
{"timestamp": 1706067927.288334, "objects": [{"color": "cv_", "id_name": "hand", "shape": "CVCylinder", "id_string": "ob383", "world_size": [0.12, 0.005, 0.12], "id": 383, "camera_size": [48, 8], "camera_position": [246, 507], "world_position": [0.007592095039742253, 0.6663803783862284, -0.17410906507721374], "world_orientation": [-1.107820667637195e-05, 0.0004236159259875758, 0.9999999102134063, -0.0007625414372516631, -0.9999996195436102, 0.0004236073552631814, 0.9999997092038727, -0.0007625366759761831, 1.1401227159007302e-05], "world_rotation": [0.0, 1.0, 0.0, 0.0]}, {"color": "CVPurple", "id_name": "object123463140540571", "shape": "CVSphere", "id_string": "ob646", "world_size": [0.09, 0.09, 0.09], "id": 646, "camera_size": [37, 37], "camera_position": [256, 254], "world_position": [0.705, 0.6448569696296074, -0.15], "world_orientation": [1.0, -4.331917303826236e-17, -1.1712398707441946e-17, 4.331917303826236e-17, 1.0, -5.775889738434995e-17, 1.1712398707441946e-17, 5.775889738434995e-17, 1.0], "world_rotation": [-0.7896765794068324, 0.16013129347666225, -0.5922574345551229, -7.314247236221149e-17]}], "source": "action wait"}
{"timestamp": 1706067927.321958, "objects": [{"color": "cv_", "id_name": "hand", "shape": "CVCylinder", "id_string": "ob383", "world_size": [0.12, 0.005, 0.12], "id": 383, "camera_size": [48, 7], "camera_position": [246, 508], "world_position": [0.006113035516972885, 0.6662796362097927, -0.17410883158615303], "world_orientation": [-8.744635167604635e-06, -0.00014564704128189356, 0.9999999893552354, -0.000762639021288803, -0.9999996985833208, -0.00014565366793150346, 0.9999997091525851, -0.0007626402868592774, 8.633556415172665e-06], "world_rotation": [0.0, 1.0, 0.0, 0.0]}, {"color": "CVPurple", "id_name": "object123463140540571", "shape": "CVSphere", "id_string": "ob646", "world_size": [0.09, 0.09, 0.09], "id": 646, "camera_size": [37, 37], "camera_position": [256, 254], "world_position": [0.705, 0.6448569696296074, -0.15], "world_orientation": [1.0, -4.331917303826236e-17, -1.1712398707441946e-17, 4.331917303826236e-17, 1.0, -5.775889738434995e-17, 1.1712398707441946e-17, 5.775889738434995e-17, 1.0], "world_rotation": [-0.7896765794068324, 0.16013129347666225, -0.5922574345551229, -7.314247236221149e-17]}], "source": "action wait"}
{"timestamp": 1706067927.354399, "objects": [{"color": "cv_", "id_name": "hand", "shape": "CVCylinder", "id_string": "ob383", "world_size": [0.12, 0.005, 0.12], "id": 383, "camera_size": [48, 7], "camera_position": [246, 508], "world_position": [0.005070722392303085, 0.6662085066377024, -0.1741086486883588], "world_orientation": [-7.180338159251262e-06, -0.0005479091835569114, 0.9999998498719735, -0.00076273375142525, -0.999999559013365, -0.0005479145008795366, 0.9999997090927915, -0.0007627375711293354, 6.762426166167103e-06], "world_rotation": [0.0, 1.0, 0.0, 0.0]}, {"color": "CVPurple", "id_name": "object123463140540571", "shape": "CVSphere", "id_string": "ob646", "world_size": [0.09, 0.09, 0.09], "id": 646, "camera_size": [37, 37], "camera_position": [256, 254], "world_position": [0.705, 0.6448569696296074, -0.15], "world_orientation": [1.0, -4.331917303826236e-17, -1.1712398707441946e-17, 4.331917303826236e-17, 1.0, -5.775889738434995e-17, 1.1712398707441946e-17, 5.775889738434995e-17, 1.0], "world_rotation": [-0.7896765794068324, 0.16013129347666225, -0.5922574345551229, -7.314247236221149e-17]}], "source": "action wait"}
{"timestamp": 1706067927.383006, "objects": [{"color": "cv_", "id_name": "hand", "shape": "CVCylinder", "id_string": "ob383", "world_size": [0.12, 0.005, 0.12], "id": 383, "camera_size": [48, 7], "camera_position": [246, 508], "world_position": [0.004336176546587297, 0.6661586470070093, -0.17410850908088715], "world_orientation": [-6.13258026773457e-06, -0.0008321488635256192, 0.9999996537452703, -0.0007628174982261046, -0.9999993628149724, -0.0008321532994691274, 0.9999997090358858, -0.0007628223373442405, 5.497798646283634e-06], "world_rotation": [0.0, 1.0, 0.0, 0.0]}, {"color": "CVPurple", "id_name": "object123463140540571", "shape": "CVSphere", "id_string": "ob646", "world_size": [0.09, 0.09, 0.09], "id": 646, "camera_size": [37, 37], "camera_position": [256, 254], "world_position": [0.705, 0.6448569696296074, -0.15], "world_orientation": [1.0, -4.331917303826236e-17, -1.1712398707441946e-17, 4.331917303826236e-17, 1.0, -5.775889738434995e-17, 1.1712398707441946e-17, 5.775889738434995e-17, 1.0], "world_rotation": [-0.7896765794068324, 0.16013129347666225, -0.5922574345551229, -7.314247236221149e-17]}], "source": "action wait"}
{"timestamp": 1706067927.41452, "objects": [{"color": "cv_", "id_name": "hand", "shape": "CVCylinder", "id_string": "ob383", "world_size": [0.12, 0.005, 0.12], "id": 383, "camera_size": [48, 7], "camera_position": [246, 508], "world_position": [0.0038185006210724715, 0.6661238541931704, -0.17410840434567595], "world_orientation": [-5.431616725917915e-06, -0.001032984876011665, 0.9999994664562295, -0.0007628875278002929, -0.9999991754681232, -0.0010329887191397116, 0.9999997089865164, -0.000762892731565605, 4.643560969424844e-06], "world_rotation": [0.0, 1.0, 0.0, 0.0]}, {"color": "CVPurple", "id_name": "object123463140540571", "shape": "CVSphere", "id_string": "ob646", "world_size": [0.09, 0.09, 0.09], "id": 646, "camera_size": [37, 37], "camera_position": [256, 254], "world_position": [0.705, 0.6448569696296074, -0.15], "world_orientation": [1.0, -4.331917303826236e-17, -1.1712398707441946e-17, 4.331917303826236e-17, 1.0, -5.775889738434995e-17, 1.1712398707441946e-17, 5.775889738434995e-17, 1.0], "world_rotation": [-0.7896765794068324, 0.16013129347666225, -0.5922574345551229, -7.314247236221149e-17]}], "source": "action wait"}
{"timestamp": 1706067927.446524, "objects": [{"color": "CVPurple", "id_name": "object123463140540571", "shape": "CVSphere", "id_string": "ob646", "world_size": [0.09, 0.09, 0.09], "id": 646, "camera_size": [37, 37], "camera_position": [256, 254], "world_position": [0.705, 0.6448569696296074, -0.15], "world_orientation": [1.0, -4.331917303826236e-17, -1.1712398707441946e-17, 4.331917303826236e-17, 1.0, -5.775889738434995e-17, 1.1712398707441946e-17, 5.775889738434995e-17, 1.0], "world_rotation": [-0.7896765794068324, 0.16013129347666225, -0.5922574345551229, -7.314247236221149e-17]}], "source": "action wait"}
{"timestamp": 1706067929.515808, "objects": [{"color": "CVPurple", "id_name": "object123463140540571", "shape": "CVSphere", "id_string": "ob646", "world_size": [0.09, 0.09, 0.09], "id": 646, "camera_size": [37, 37], "camera_position": [256, 254], "world_position": [0.705, 0.6448569696296074, -0.15], "world_orientation": [1.0, -4.331917303826236e-17, -1.1712398707441946e-17, 4.331917303826236e-17, 1.0, -5.775889738434995e-17, 1.1712398707441946e-17, 5.775889738434995e-17, 1.0], "world_rotation": [-0.7896765794068324, 0.16013129347666225, -0.5922574345551229, -7.314247236221149e-17]}], "source": "action wait"}
{"timestamp": 1706067929.5559, "objects": [{"color": "cv_", "id_name": "hand", "shape": "CVCylinder", "id_string": "ob383", "world_size": [0.12, 0.005, 0.12], "id": 383, "camera_size": [51, 11], "camera_position": [246, 506], "world_position": [0.03541819148799785, 0.7221364638200712, -0.1741227743652184], "world_orientation": [0.00015830207703208257, 0.19377543910126846, 0.9810458980810037, -0.0007079321734636783, -0.9810456428230018, 0.19377550291520662, 0.9999997368862105, -0.000725189019485812, -1.8121695154888156e-05], "world_rotation": [0.0, 1.0, 0.0, 0.0]}, {"color": "CVPurple", "id_name": "object123463140540571", "shape": "CVSphere", "id_string": "ob646", "world_size": [0.09, 0.09, 0.09], "id": 646, "camera_size": [37, 37], "camera_position": [256, 254], "world_position": [0.705, 0.6448569696296074, -0.15], "world_orientation": [1.0, -4.331917303826236e-17, -1.1712398707441946e-17, 4.331917303826236e-17, 1.0, -5.775889738434995e-17, 1.1712398707441946e-17, 5.775889738434995e-17, 1.0], "world_rotation": [-0.7896765794068324, 0.16013129347666225, -0.5922574345551229, -7.314247236221149e-17]}], "source": "action wait"}
{"timestamp": 1706067929.588451, "objects": [{"color": "cv_", "id_name": "hand", "shape": "CVCylinder", "id_string": "ob383", "world_size": [0.12, 0.005, 0.12], "id": 383, "camera_size": [53, 21], "camera_position": [245, 501], "world_position": [0.08363006408641091, 0.7755301613195178, -0.17412469849178627], "world_orientation": [0.0002580111307080659, 0.29834653238708864, 0.95445758420312, -0.0007064368396226533, -0.9544573234304036, 0.2983466418397603, 0.999999717188584, -0.0007512407537425938, -3.549763177850329e-05], "world_rotation": [0.0, 1.0, 0.0, 0.0]}, {"color": "CVPurple", "id_name": "object123463140540571", "shape": "CVSphere", "id_string": "ob646", "world_size": [0.09, 0.09, 0.09], "id": 646, "camera_size": [37, 37], "camera_position": [256, 254], "world_position": [0.705, 0.6448569696296074, -0.15], "world_orientation": [1.0, -4.331917303826236e-17, -1.1712398707441946e-17, 4.331917303826236e-17, 1.0, -5.775889738434995e-17, 1.1712398707441946e-17, 5.775889738434995e-17, 1.0], "world_rotation": [-0.7896765794068324, 0.16013129347666225, -0.5922574345551229, -7.314247236221149e-17]}], "source": "action wait"}
{"timestamp": 1706067929.623211, "objects": [{"color": "cv_", "id_name": "hand", "shape": "CVCylinder", "id_string": "ob383", "world_size": [0.12, 0.005, 0.12], "id": 383, "camera_size": [54, 38], "camera_position": [245, 492], "world_position": [0.14015127895243956, 0.8077943176190789, -0.17412052738736525], "world_orientation": [0.000290071849409583, 0.3391618821454186, 0.9407279806394082, -0.0007120919213980539, -0.9407277116502455, 0.3391620047387215, 0.9999997043916653, -0.0007682661452106702, -3.136419078685437e-05], "world_rotation": [0.0, 1.0, 0.0, 0.0]}, {"color": "CVPurple", "id_name": "object123463140540571", "shape": "CVSphere", "id_string": "ob646", "world_size": [0.09, 0.09, 0.09], "id": 646, "camera_size": [37, 37], "camera_position": [256, 254], "world_position": [0.705, 0.6448569696296074, -0.15], "world_orientation": [1.0, -4.331917303826236e-17, -1.1712398707441946e-17, 4.331917303826236e-17, 1.0, -5.775889738434995e-17, 1.1712398707441946e-17, 5.775889738434995e-17, 1.0], "world_rotation": [-0.7896765794068324, 0.16013129347666225, -0.5922574345551229, -7.314247236221149e-17]}], "source": "action wait"}
{"timestamp": 1706067929.65761, "objects": [{"color": "cv_", "id_name": "hand", "shape": "CVCylinder", "id_string": "ob383", "world_size": [0.12, 0.005, 0.12], "id": 383, "camera_size": [55, 59], "camera_position": [245, 480], "world_position": [0.20124074364012975, 0.8221826604419856, -0.17411719490008135], "world_orientation": [0.00028853801390241846, 0.3399243151385237, 0.9404527509255423, -0.0007216027516130435, -0.9404524744463826, 0.3399244365989967, 0.9999996980175961, -0.0007767144146433179, -2.6065968001769635e-05], "world_rotation": [0.0, 1.0, 0.0, 0.0]}, {"color": "CVPurple", "id_name": "object123463140540571", "shape": "CVSphere", "id_string": "ob646", "world_size": [0.09, 0.09, 0.09], "id": 646, "camera_size": [37, 37], "camera_position": [256, 254], "world_position": [0.705, 0.6448569696296074, -0.15], "world_orientation": [1.0, -4.331917303826236e-17, -1.1712398707441946e-17, 4.331917303826236e-17, 1.0, -5.775889738434995e-17, 1.1712398707441946e-17, 5.775889738434995e-17, 1.0], "world_rotation": [-0.7896765794068324, 0.16013129347666225, -0.5922574345551229, -7.314247236221149e-17]}], "source": "action wait"}
{"timestamp": 1706067929.69061, "objects": [{"color": "cv_", "id_name": "hand", "shape": "CVCylinder", "id_string": "ob383", "world_size": [0.12, 0.005, 0.12], "id": 383, "camera_size": [55, 58], "camera_position": [245, 451], "world_position": [0.2649774215736641, 0.8214580798509942, -0.17411448335485274], "world_orientation": [0.00026354998834793796, 0.31250612499704944, 0.9499157080397881, -0.0007346905088215019, -0.9499154241517267, 0.3125062354393934, 0.9999996953855835, -0.0007802550695862087, -2.075491498233549e-05], "world_rotation": [0.0, 1.0, 0.0, 0.0]}, {"color": "CVPurple", "id_name": "object123463140540571", "shape": "CVSphere", "id_string": "ob646", "world_size": [0.09, 0.09, 0.09], "id": 646, "camera_size": [37, 37], "camera_position": [256, 254], "world_position": [0.705, 0.6448569696296074, -0.15], "world_orientation": [1.0, -4.331917303826236e-17, -1.1712398707441946e-17, 4.331917303826236e-17, 1.0, -5.775889738434995e-17, 1.1712398707441946e-17, 5.775889738434995e-17, 1.0], "world_rotation": [-0.7896765794068324, 0.16013129347666225, -0.5922574345551229, -7.314247236221149e-17]}], "source": "action wait"}
{"timestamp": 1706067929.722758, "objects": [{"color": "cv_", "id_name": "hand", "shape": "CVCylinder", "id_string": "ob383", "world_size": [0.12, 0.005, 0.12], "id": 383, "camera_size": [54, 57], "camera_position": [245, 421], "world_position": [0.32934603636992016, 0.8078126136530899, -0.1741120918913672], "world_orientation": [0.00022177582696931343, 0.26459706037833863, 0.964359033998554, -0.0007491953690324369, -0.9643587431062289, 0.26459715285859303, 0.9999996947608444, -0.0007811745747455352, -1.563656545197712e-05], "world_rotation": [0.0, 1.0, 0.0, 0.0]}, {"color": "CVPurple", "id_name": "object123463140540571", "shape": "CVSphere", "id_string": "ob646", "world_size": [0.09, 0.09, 0.09], "id": 646, "camera_size": [37, 37], "camera_position": [256, 254], "world_position": [0.705, 0.6448569696296074, -0.15], "world_orientation": [1.0, -4.331917303826236e-17, -1.1712398707441946e-17, 4.331917303826236e-17, 1.0, -5.775889738434995e-17, 1.1712398707441946e-17, 5.775889738434995e-17, 1.0], "world_rotation": [-0.7896765794068324, 0.16013129347666225, -0.5922574345551229, -7.314247236221149e-17]}], "source": "action wait"}
{"timestamp": 1706067929.745641, "objects": [{"color": "cv_", "id_name": "hand", "shape": "CVCylinder", "id_string": "ob383", "world_size": [0.12, 0.005, 0.12], "id": 383, "camera_size": [53, 54], "camera_position": [245, 390], "world_position": [0.3925570678155742, 0.7830246840343119, -0.17410982534110447], "world_orientation": [0.0001678607617993475, 0.20150902233021947, 0.9794866439836144, -0.0007626515204799859, -0.9794863471331324, 0.20150909195977065, 0.9999996950926651, -0.0007808324480100788, -1.0736162130820107e-05], "world_rotation": [0.0, 1.0, 0.0, 0.0]}, {"color": "CVPurple", "id_name": "object123463140540571", "shape": "CVSphere", "id_string": "ob646", "world_size": [0.09, 0.09, 0.09], "id": 646, "camera_size": [37, 37], "camera_position": [256, 254], "world_position": [0.705, 0.6448569696296074, -0.15], "world_orientation": [1.0, -4.331917303826236e-17, -1.1712398707441946e-17, 4.331917303826236e-17, 1.0, -5.775889738434995e-17, 1.1712398707441946e-17, 5.775889738434995e-17, 1.0], "world_rotation": [-0.7896765794068324, 0.16013129347666225, -0.5922574345551229, -7.314247236221149e-17]}], "source": "action wait"}
{"timestamp": 1706067929.777969, "objects": [{"color": "cv_", "id_name": "hand", "shape": "CVCylinder", "id_string": "ob383", "world_size": [0.12, 0.005, 0.12], "id": 383, "camera_size": [52, 52], "camera_position": [245, 365], "world_position": [0.44453258660247524, 0.7548927764073411, -0.1741030904366461], "world_orientation": [0.00010586920794060136, 0.14212743211459938, 0.9898483630497252, -0.0007677952669974082, -0.9898480652814353, 0.14212747147904767, 0.9999996996410244, -0.000775047811027107, 4.330339035614947e-06], "world_rotation": [0.0, 1.0, 0.0, 0.0]}, {"color": "CVPurple", "id_name": "object123463140540571", "shape": "CVSphere", "id_string": "ob646", "world_size": [0.09, 0.09, 0.09], "id": 646, "camera_size": [37, 37], "camera_position": [256, 254], "world_position": [0.705, 0.6448569696296074, -0.15], "world_orientation": [1.0, -4.331917303826236e-17, -1.1712398707441946e-17, 4.331917303826236e-17, 1.0, -5.775889738434995e-17, 1.1712398707441946e-17, 5.775889738434995e-17, 1.0], "world_rotation": [-0.7896765794068324, 0.16013129347666225, -0.5922574345551229, -7.314247236221149e-17]}], "source": "action wait"}
{"timestamp": 1706067929.81863, "objects": [{"color": "cv_", "id_name": "hand", "shape": "CVCylinder", "id_string": "ob383", "world_size": [0.12, 0.005, 0.12], "id": 383, "camera_size": [51, 51], "camera_position": [246, 349], "world_position": [0.4798261946566974, 0.7317999599392004, -0.17409839416543454], "world_orientation": [6.218016539918555e-05, 0.09989412282011197, 0.9949980705306053, -0.0007666367055970023, -0.9949977752961424, 0.099894141088901, 0.9999997042008507, -0.0007690134770826041, 1.4713374987976029e-05], "world_rotation": [0.0, 1.0, 0.0, 0.0]}, {"color": "CVPurple", "id_name": "object123463140540571", "shape": "CVSphere", "id_string": "ob646", "world_size": [0.09, 0.09, 0.09], "id": 646, "camera_size": [37, 37], "camera_position": [256, 254], "world_position": [0.705, 0.6448569696296074, -0.15], "world_orientation": [1.0, -4.331917303826236e-17, -1.1712398707441946e-17, 4.331917303826236e-17, 1.0, -5.775889738434995e-17, 1.1712398707441946e-17, 5.775889738434995e-17, 1.0], "world_rotation": [-0.7896765794068324, 0.16013129347666225, -0.5922574345551229, -7.314247236221149e-17]}], "source": "action wait"}
{"timestamp": 1706067929.852467, "objects": [{"color": "cv_", "id_name": "hand", "shape": "CVCylinder", "id_string": "ob383", "world_size": [0.12, 0.005, 0.12], "id": 383, "camera_size": [51, 51], "camera_position": [246, 338], "world_position": [0.5038638336829003, 0.713984113329188, -0.1740967118266498], "world_orientation": [3.506277088861682e-05, 0.07000467953272076, 0.9975466623743089, -0.0007644457642458391, -0.9975463696392542, 0.07000468585900461, 0.9999997071965951, -0.0007650248789513557, 1.853804093713195e-05], "world_rotation": [0.0, 1.0, 0.0, 0.0]}, {"color": "CVPurple", "id_name": "object123463140540571", "shape": "CVSphere", "id_string": "ob646", "world_size": [0.09, 0.09, 0.09], "id": 646, "camera_size": [37, 37], "camera_position": [256, 254], "world_position": [0.705, 0.6448569696296074, -0.15], "world_orientation": [1.0, -4.331917303826236e-17, -1.1712398707441946e-17, 4.331917303826236e-17, 1.0, -5.775889738434995e-17, 1.1712398707441946e-17, 5.775889738434995e-17, 1.0], "world_rotation": [-0.7896765794068324, 0.16013129347666225, -0.5922574345551229, -7.314247236221149e-17]}], "source": "action wait"}
{"timestamp": 1706067929.885164, "objects": [{"color": "cv_", "id_name": "hand", "shape": "CVCylinder", "id_string": "ob383", "world_size": [0.12, 0.005, 0.12], "id": 383, "camera_size": [49, 50], "camera_position": [246, 330], "world_position": [0.5203502576105671, 0.7007049271000563, -0.17409664945101036], "world_orientation": [1.839553218797811e-05, 0.04889229419818619, 0.998804056474363, -0.0007627038760444138, -0.9988037654465894, 0.04889229399927677, 0.9999997089721587, -0.0007626911250502262, 1.891681547729578e-05], "world_rotation": [0.0, 1.0, 0.0, 0.0]}, {"color": "CVPurple", "id_name": "object123463140540571", "shape": "CVSphere", "id_string": "ob646", "world_size": [0.09, 0.09, 0.09], "id": 646, "camera_size": [37, 37], "camera_position": [256, 254], "world_position": [0.705, 0.6448569696296074, -0.15], "world_orientation": [1.0, -4.331917303826236e-17, -1.1712398707441946e-17, 4.331917303826236e-17, 1.0, -5.775889738434995e-17, 1.1712398707441946e-17, 5.775889738434995e-17, 1.0], "world_rotation": [-0.7896765794068324, 0.16013129347666225, -0.5922574345551229, -7.314247236221149e-17]}], "source": "action wait"}
{"timestamp": 1706067929.918572, "objects": [{"color": "cv_", "id_name": "hand", "shape": "CVCylinder", "id_string": "ob383", "world_size": [0.12, 0.005, 0.12], "id": 383, "camera_size": [49, 49], "camera_position": [246, 325], "world_position": [0.5317309441780305, 0.6910097393704849, -0.17409737585033355], "world_orientation": [8.274655777716371e-06, 0.03399369181084292, 0.9994220474097014, -0.0007616718582265479, -0.9994217573252651, 0.033993688250317, 0.9999997098937132, -0.0007615129340723764, 1.7622167391294637e-05], "world_rotation": [0.0, 1.0, 0.0, 0.0]}, {"color": "CVPurple", "id_name": "object123463140540571", "shape": "CVSphere", "id_string": "ob646", "world_size": [0.09, 0.09, 0.09], "id": 646, "camera_size": [37, 37], "camera_position": [256, 254], "world_position": [0.705, 0.6448569696296074, -0.15], "world_orientation": [1.0, -4.331917303826236e-17, -1.1712398707441946e-17, 4.331917303826236e-17, 1.0, -5.775889738434995e-17, 1.1712398707441946e-17, 5.775889738434995e-17, 1.0], "world_rotation": [-0.7896765794068324, 0.16013129347666225, -0.5922574345551229, -7.314247236221149e-17]}], "source": "action wait"}
{"timestamp": 1706067929.95123, "objects": [{"color": "cv_", "id_name": "hand", "shape": "CVCylinder", "id_string": "ob383", "world_size": [0.12, 0.005, 0.12], "id": 383, "camera_size": [49, 50], "camera_position": [246, 321], "world_position": [0.5396295538090157, 0.6840225277998373, -0.1740984156331045], "world_orientation": [2.2211371797991033e-06, 0.023484824449359957, 0.9997241934732046, -0.0007612228593408089, -0.9997239037857097, 0.02348481933547035, 0.9999997102673706, -0.0007610650721136006, 1.5656661286599197e-05], "world_rotation": [0.0, 1.0, 0.0, 0.0]}, {"color": "CVPurple", "id_name": "object123463140540571", "shape": "CVSphere", "id_string": "ob646", "world_size": [0.09, 0.09, 0.09], "id": 646, "camera_size": [37, 37], "camera_position": [256, 254], "world_position": [0.705, 0.6448569696296074, -0.15], "world_orientation": [1.0, -4.331917303826236e-17, -1.1712398707441946e-17, 4.331917303826236e-17, 1.0, -5.775889738434995e-17, 1.1712398707441946e-17, 5.775889738434995e-17, 1.0], "world_rotation": [-0.7896765794068324, 0.16013129347666225, -0.5922574345551229, -7.314247236221149e-17]}], "source": "action wait"}
{"timestamp": 1706067929.983166, "objects": [{"color": "cv_", "id_name": "hand", "shape": "CVCylinder", "id_string": "ob383", "world_size": [0.12, 0.005, 0.12], "id": 383, "camera_size": [49, 49], "camera_position": [246, 319], "world_position": [0.5451347985925898, 0.6790289175386042, -0.17409951035750076], "world_orientation": [-1.297990539179339e-06, 0.01607387076100406, 0.9998708069931204, -0.0007611568015178463, -0.9998705173673877, 0.01607386511689431, 0.9999997103192775, -0.0007610376016574716, 1.3532558528774082e-05], "world_rotation": [0.0, 1.0, 0.0, 0.0]}, {"color": "CVPurple", "id_name": "object123463140540571", "shape": "CVSphere", "id_string": "ob646", "world_size": [0.09, 0.09, 0.09], "id": 646, "camera_size": [37, 37], "camera_position": [256, 254], "world_position": [0.705, 0.6448569696296074, -0.15], "world_orientation": [1.0, -4.331917303826236e-17, -1.1712398707441946e-17, 4.331917303826236e-17, 1.0, -5.775889738434995e-17, 1.1712398707441946e-17, 5.775889738434995e-17, 1.0], "world_rotation": [-0.7896765794068324, 0.16013129347666225, -0.5922574345551229, -7.314247236221149e-17]}], "source": "action wait"}
