{"timestamp": 1706067688.180505, "objects": [{"color": "cv_", "id_name": "hand", "shape": "CVCylinder", "id_string": "ob383", "world_size": [0.12, 0.005, 0.12], "id": 383, "camera_size": [48, 50], "camera_position": [246, 426], "world_position": [0.2676445155401387, 0.6334703013847386, -0.17389260400847484], "world_orientation": [-0.0006415490681791886, 0.19791547486641048, 0.9802188802625649, -0.0007473671045387707, -0.9802189031249682, 0.19791499033397061, 0.9999995149284845, -0.0006056111687288993, 0.0007767740393062042], "world_rotation": [0.0, 1.0, 0.0, 0.0]}, {"color": "CVPurple", "id_name": "object47638509990132", "shape": "CVBox", "id_string": "ob597", "world_size": [0.09, 0.09, 0.09], "id": 597, "camera_size": [37, 37], "camera_position": [256, 254], "world_position": [0.705, 0.644856964849591, -0.15], "world_orientation": [1.0, -3.248937977869676e-17, -1.2807790779525605e-17, 3.248937977869676e-17, 1.0, -6.497875955739369e-17, 1.2807790779525605e-17, 6.497875955739369e-17, 1.0], "world_rotation": [-0.8808431718627018, 0.17362065899128884, -0.4404215859313497, -7.376881791566185e-17]}], "source": "manual check"}
{"timestamp": 1706067689.197351, "objects": [{"color": "cv_", "id_name": "hand", "shape": "CVCylinder", "id_string": "ob383", "world_size": [0.12, 0.005, 0.12], "id": 383, "camera_size": [48, 50], "camera_position": [246, 426], "world_position": [0.2676445155401387, 0.6334703013847386, -0.17389260400847484], "world_orientation": [-0.0006415490681791886, 0.19791547486641048, 0.9802188802625649, -0.0007473671045387707, -0.9802189031249682, 0.19791499033397061, 0.9999995149284845, -0.0006056111687288993, 0.0007767740393062042], "world_rotation": [0.0, 1.0, 0.0, 0.0]}, {"color": "CVPurple", "id_name": "object47638509990132", "shape": "CVBox", "id_string": "ob597", "world_size": [0.09, 0.09, 0.09], "id": 597, "camera_size": [37, 37], "camera_position": [256, 254], "world_position": [0.705, 0.6448569696296074, -0.15], "world_orientation": [1.0, -4.331917303826236e-17, -1.1712398707441946e-17, 4.331917303826236e-17, 1.0, -5.775889738434995e-17, 1.1712398707441946e-17, 5.775889738434995e-17, 1.0], "world_rotation": [-0.7896765794068324, 0.16013129347666225, -0.5922574345551229, -7.314247236221149e-17]}], "source": "manual check"}
{"timestamp": 1706067690.278985, "objects": [{"color": "cv_", "id_name": "hand", "shape": "CVCylinder", "id_string": "ob383", "world_size": [0.12, 0.005, 0.12], "id": 383, "camera_size": [48, 50], "camera_position": [246, 426], "world_position": [0.2676445155401387, 0.6334703013847386, -0.17389260400847484], "world_orientation": [-0.0006415490681791886, 0.19791547486641048, 0.9802188802625649, -0.0007473671045387707, -0.9802189031249682, 0.19791499033397061, 0.9999995149284845, -0.0006056111687288993, 0.0007767740393062042], "world_rotation": [0.0, 1.0, 0.0, 0.0]}, {"color": "CVPurple", "id_name": "object47638509990132", "shape": "CVBox", "id_string": "ob597", "world_size": [0.09, 0.09, 0.09], "id": 597, "camera_size": [37, 37], "camera_position": [256, 254], "world_position": [0.705, 0.6448569696296074, -0.15], "world_orientation": [1.0, -4.331917303826236e-17, -1.1712398707441946e-17, 4.331917303826236e-17, 1.0, -5.775889738434995e-17, 1.1712398707441946e-17, 5.775889738434995e-17, 1.0], "world_rotation": [-0.7896765794068324, 0.16013129347666225, -0.5922574345551229, -7.314247236221149e-17]}], "source": "action wait"}
{"timestamp": 1706067690.313157, "objects": [{"color": "cv_", "id_name": "hand", "shape": "CVCylinder", "id_string": "ob383", "world_size": [0.12, 0.005, 0.12], "id": 383, "camera_size": [48, 50], "camera_position": [246, 444], "world_position": [0.22509914323725536, 0.641677607485764, -0.17397246912593936], "world_orientation": [-0.0005244055657246527, 0.08775991325766043, 0.9961415173677938, -0.0007630982963463878, -0.9961413994208012, 0.08775950114351387, 0.9999995713398045, -0.000714132323978727, 0.0005893515343998347], "world_rotation": [0.0, 1.0, 0.0, 0.0]}, {"color": "CVPurple", "id_name": "object47638509990132", "shape": "CVBox", "id_string": "ob597", "world_size": [0.09, 0.09, 0.09], "id": 597, "camera_size": [37, 37], "camera_position": [256, 254], "world_position": [0.705, 0.6448569696296074, -0.15], "world_orientation": [1.0, -4.331917303826236e-17, -1.1712398707441946e-17, 4.331917303826236e-17, 1.0, -5.775889738434995e-17, 1.1712398707441946e-17, 5.775889738434995e-17, 1.0], "world_rotation": [-0.7896765794068324, 0.16013129347666225, -0.5922574345551229, -7.314247236221149e-17]}], "source": "action wait"}
{"timestamp": 1706067690.349503, "objects": [{"color": "cv_", "id_name": "hand", "shape": "CVCylinder", "id_string": "ob383", "world_size": [0.12, 0.005, 0.12], "id": 383, "camera_size": [48, 50], "camera_position": [246, 470], "world_position": [0.16386702256414548, 0.6571116758292856, -0.17403839755665768], "world_orientation": [-0.00037995499228176186, 0.06032424763098369, 0.9981787619369387, -0.0007693278406854022, -0.9981785562279558, 0.06032394235581191, 0.999999631884371, -0.0007450063284871128, 0.00042567204879871484], "world_rotation": [0.0, 1.0, 0.0, 0.0]}, {"color": "CVPurple", "id_name": "object47638509990132", "shape": "CVBox", "id_string": "ob597", "world_size": [0.09, 0.09, 0.09], "id": 597, "camera_size": [37, 37], "camera_position": [256, 254], "world_position": [0.705, 0.6448569696296074, -0.15], "world_orientation": [1.0, -4.331917303826236e-17, -1.1712398707441946e-17, 4.331917303826236e-17, 1.0, -5.775889738434995e-17, 1.1712398707441946e-17, 5.775889738434995e-17, 1.0], "world_rotation": [-0.7896765794068324, 0.16013129347666225, -0.5922574345551229, -7.314247236221149e-17]}], "source": "action wait"}
{"timestamp": 1706067690.38832, "objects": [{"color": "cv_", "id_name": "hand", "shape": "CVCylinder", "id_string": "ob383", "world_size": [0.12, 0.005, 0.12], "id": 383, "camera_size": [48, 46], "camera_position": [246, 488], "world_position": [0.11761511791474284, 0.6637246384937708, -0.17407773702892676], "world_orientation": [-0.000258370295766883, 0.04222243030396379, 0.9991082021603153, -0.0007699559380275252, -0.9991079477558188, 0.04222222044148962, 0.9999996702062676, -0.0007583603254022719, 0.0002906492268955834], "world_rotation": [0.0, 1.0, 0.0, 0.0]}, {"color": "CVPurple", "id_name": "object47638509990132", "shape": "CVBox", "id_string": "ob597", "world_size": [0.09, 0.09, 0.09], "id": 597, "camera_size": [37, 37], "camera_position": [256, 254], "world_position": [0.705, 0.6448569696296074, -0.15], "world_orientation": [1.0, -4.331917303826236e-17, -1.1712398707441946e-17, 4.331917303826236e-17, 1.0, -5.775889738434995e-17, 1.1712398707441946e-17, 5.775889738434995e-17, 1.0], "world_rotation": [-0.7896765794068324, 0.16013129347666225, -0.5922574345551229, -7.314247236221149e-17]}], "source": "action wait"}
{"timestamp": 1706067690.416768, "objects": [{"color": "cv_", "id_name": "hand", "shape": "CVCylinder", "id_string": "ob383", "world_size": [0.12, 0.005, 0.12], "id": 383, "camera_size": [48, 34], "camera_position": [246, 494], "world_position": [0.08418836979891803, 0.6660511570850569, -0.1740965334114569], "world_orientation": [-0.00017551027331408892, 0.029411733799600537, 0.9995673659694206, -0.0007680370188767294, -0.9995670905164529, 0.02941159083781442, 0.9999996896575928, -0.0007625427035794235, 0.00019802359360012722], "world_rotation": [0.0, 1.0, 0.0, 0.0]}, {"color": "CVPurple", "id_name": "object47638509990132", "shape": "CVBox", "id_string": "ob597", "world_size": [0.09, 0.09, 0.09], "id": 597, "camera_size": [37, 37], "camera_position": [256, 254], "world_position": [0.705, 0.6448569696296074, -0.15], "world_orientation": [1.0, -4.331917303826236e-17, -1.1712398707441946e-17, 4.331917303826236e-17, 1.0, -5.775889738434995e-17, 1.1712398707441946e-17, 5.775889738434995e-17, 1.0], "world_rotation": [-0.7896765794068324, 0.16013129347666225, -0.5922574345551229, -7.314247236221149e-17]}], "source": "action wait"}
{"timestamp": 1706067690.447396, "objects": [{"color": "cv_", "id_name": "hand", "shape": "CVCylinder", "id_string": "ob383", "world_size": [0.12, 0.005, 0.12], "id": 383, "camera_size": [48, 26], "camera_position": [246, 498], "world_position": [0.060306829015068446, 0.6665238563380644, -0.17410507867957128], "world_orientation": [-0.00011943525819168492, 0.020349421149208638, 0.9997929219563976, -0.0007659058848737346, -0.999792637703574, 0.020349323868516723, 0.9999996995616521, -0.0007633168558316098, 0.0001349962332345964], "world_rotation": [0.0, 1.0, 0.0, 0.0]}, {"color": "CVPurple", "id_name": "object47638509990132", "shape": "CVBox", "id_string": "ob597", "world_size": [0.09, 0.09, 0.09], "id": 597, "camera_size": [37, 37], "camera_position": [256, 254], "world_position": [0.705, 0.6448569696296074, -0.15], "world_orientation": [1.0, -4.331917303826236e-17, -1.1712398707441946e-17, 4.331917303826236e-17, 1.0, -5.775889738434995e-17, 1.1712398707441946e-17, 5.775889738434995e-17, 1.0], "world_rotation": [-0.7896765794068324, 0.16013129347666225, -0.5922574345551229, -7.314247236221149e-17]}], "source": "action wait"}
{"timestamp": 1706067690.478254, "objects": [{"color": "cv_", "id_name": "hand", "shape": "CVCylinder", "id_string": "ob383", "world_size": [0.12, 0.005, 0.12], "id": 383, "camera_size": [48, 20], "camera_position": [246, 501], "world_position": [0.04334973466375607, 0.6662848200415342, -0.1741086623249114], "world_orientation": [-8.160129177643272e-05, 0.013940550505631581, 0.999902822474679, -0.0007642813488662644, -0.9999025346385083, 0.01394048412024067, 0.9999997046075809, -0.0007630695163842962, 9.224784122178331e-05], "world_rotation": [0.0, 1.0, 0.0, 0.0]}, {"color": "CVPurple", "id_name": "object47638509990132", "shape": "CVBox", "id_string": "ob597", "world_size": [0.09, 0.09, 0.09], "id": 597, "camera_size": [37, 37], "camera_position": [256, 254], "world_position": [0.705, 0.6448569696296074, -0.15], "world_orientation": [1.0, -4.331917303826236e-17, -1.1712398707441946e-17, 4.331917303826236e-17, 1.0, -5.775889738434995e-17, 1.1712398707441946e-17, 5.775889738434995e-17, 1.0], "world_rotation": [-0.7896765794068324, 0.16013129347666225, -0.5922574345551229, -7.314247236221149e-17]}], "source": "action wait"}
{"timestamp": 1706067690.513079, "objects": [{"color": "cv_", "id_name": "hand", "shape": "CVCylinder", "id_string": "ob383", "world_size": [0.12, 0.005, 0.12], "id": 383, "camera_size": [48, 16], "camera_position": [246, 503], "world_position": [0.031350197317942544, 0.6658407301766505, -0.17410992227106342], "world_orientation": [-5.612686365781188e-05, 0.009409058174721093, 0.9999557322572035, -0.0007632477366747714, -0.9999554429746145, 0.009409012612126214, 0.999999707151291, -0.0007626858510525834, 6.330580516818792e-05], "world_rotation": [0.0, 1.0, 0.0, 0.0]}, {"color": "CVPurple", "id_name": "object47638509990132", "shape": "CVBox", "id_string": "ob597", "world_size": [0.09, 0.09, 0.09], "id": 597, "camera_size": [37, 37], "camera_position": [256, 254], "world_position": [0.705, 0.6448569696296074, -0.15], "world_orientation": [1.0, -4.331917303826236e-17, -1.1712398707441946e-17, 4.331917303826236e-17, 1.0, -5.775889738434995e-17, 1.1712398707441946e-17, 5.775889738434995e-17, 1.0], "world_rotation": [-0.7896765794068324, 0.16013129347666225, -0.5922574345551229, -7.314247236221149e-17]}], "source": "action wait"}
{"timestamp": 1706067690.541776, "objects": [{"color": "cv_", "id_name": "hand", "shape": "CVCylinder", "id_string": "ob383", "world_size": [0.12, 0.005, 0.12], "id": 383, "camera_size": [48, 13], "camera_position": [246, 505], "world_position": [0.022874974047873663, 0.6653975204948009, -0.1741101487308542], "world_orientation": [-3.900486980007364e-05, 0.006205439374618335, 0.9999807453150227, -0.0007626837299016571, -0.9999804554226209, 0.0062054078267219474, 0.9999997083960317, -0.0007624270035427278, 4.373689511465673e-05], "world_rotation": [0.0, 1.0, 0.0, 0.0]}, {"color": "CVPurple", "id_name": "object47638509990132", "shape": "CVBox", "id_string": "ob597", "world_size": [0.09, 0.09, 0.09], "id": 597, "camera_size": [37, 37], "camera_position": [256, 254], "world_position": [0.705, 0.6448569696296074, -0.15], "world_orientation": [1.0, -4.331917303826236e-17, -1.1712398707441946e-17, 4.331917303826236e-17, 1.0, -5.775889738434995e-17, 1.1712398707441946e-17, 5.775889738434995e-17, 1.0], "world_rotation": [-0.7896765794068324, 0.16013129347666225, -0.5922574345551229, -7.314247236221149e-17]}], "source": "action wait"}
{"timestamp": 1706067690.577613, "objects": [{"color": "cv_", "id_name": "hand", "shape": "CVCylinder", "id_string": "ob383", "world_size": [0.12, 0.005, 0.12], "id": 383, "camera_size": [48, 11], "camera_position": [246, 506], "world_position": [0.016895384320829907, 0.6650251175496318, -0.17410995863513481], "world_orientation": [-2.7488571908655984e-05, 0.003940829861723425, 0.9999922345220384, -0.0007624362744956577, -0.9999919443301175, 0.003940807759670944, 0.9999997089676106, -0.000762322026636458, 3.049298210835444e-05], "world_rotation": [0.0, 1.0, 0.0, 0.0]}, {"color": "CVPurple", "id_name": "object47638509990132", "shape": "CVBox", "id_string": "ob597", "world_size": [0.09, 0.09, 0.09], "id": 597, "camera_size": [37, 37], "camera_position": [256, 254], "world_position": [0.705, 0.6448569696296074, -0.15], "world_orientation": [1.0, -4.331917303826236e-17, -1.1712398707441946e-17, 4.331917303826236e-17, 1.0, -5.775889738434995e-17, 1.1712398707441946e-17, 5.775889738434995e-17, 1.0], "world_rotation": [-0.7896765794068324, 0.16013129347666225, -0.5922574345551229, -7.314247236221149e-17]}], "source": "action wait"}
{"timestamp": 1706067690.61412, "objects": [{"color": "cv_", "id_name": "hand", "shape": "CVCylinder", "id_string": "ob383", "world_size": [0.12, 0.005, 0.12], "id": 383, "camera_size": [48, 10], "camera_position": [246, 506], "world_position": [0.012679100773538218, 0.6647359217144538, -0.1741096371198331], "world_orientation": [-1.9760223837674718e-05, 0.002340141131588922, 0.9999972616707596, -0.0007623793452210564, -0.9999969712908665, 0.0023401253872297814, 0.9999997091935915, -0.0007623310161743066, 2.1544239253695058e-05], "world_rotation": [0.0, 1.0, 0.0, 0.0]}, {"color": "CVPurple", "id_name": "object47638509990132", "shape": "CVBox", "id_string": "ob597", "world_size": [0.09, 0.09, 0.09], "id": 597, "camera_size": [37, 37], "camera_position": [256, 254], "world_position": [0.705, 0.6448569696296074, -0.15], "world_orientation": [1.0, -4.331917303826236e-17, -1.1712398707441946e-17, 4.331917303826236e-17, 1.0, -5.775889738434995e-17, 1.1712398707441946e-17, 5.775889738434995e-17, 1.0], "world_rotation": [-0.7896765794068324, 0.16013129347666225, -0.5922574345551229, -7.314247236221149e-17]}], "source": "action wait"}
{"timestamp": 1706067690.647977, "objects": [{"color": "cv_", "id_name": "hand", "shape": "CVCylinder", "id_string": "ob383", "world_size": [0.12, 0.005, 0.12], "id": 383, "camera_size": [48, 9], "camera_position": [246, 507], "world_position": [0.009707123799504185, 0.6645208319886323, -0.1741093082847792], "world_orientation": [-1.4564809340964606e-05, 0.0012088169634544177, 0.9999992692744407, -0.0007624243772901244, -0.9999989787486354, 0.0012088055076881362, 0.9999997092484255, -0.0007624062141457724, 1.548642598761722e-05], "world_rotation": [0.0, 1.0, 0.0, 0.0]}, {"color": "CVPurple", "id_name": "object47638509990132", "shape": "CVBox", "id_string": "ob597", "world_size": [0.09, 0.09, 0.09], "id": 597, "camera_size": [37, 37], "camera_position": [256, 254], "world_position": [0.705, 0.6448569696296074, -0.15], "world_orientation": [1.0, -4.331917303826236e-17, -1.1712398707441946e-17, 4.331917303826236e-17, 1.0, -5.775889738434995e-17, 1.1712398707441946e-17, 5.775889738434995e-17, 1.0], "world_rotation": [-0.7896765794068324, 0.16013129347666225, -0.5922574345551229, -7.314247236221149e-17]}], "source": "action wait"}
{"timestamp": 1706067690.680086, "objects": [{"color": "cv_", "id_name": "hand", "shape": "CVCylinder", "id_string": "ob383", "world_size": [0.12, 0.005, 0.12], "id": 383, "camera_size": [48, 8], "camera_position": [246, 507], "world_position": [0.007612582561265947, 0.6643649354026083, -0.17410901981116328], "world_orientation": [-1.1082633220439694e-05, 0.0004092810586219464, 0.9999999161830918, -0.0007625152470076269, -0.9999996255331938, 0.0004092724889872407, 0.9999997092237943, -0.000762510647279423, 1.1394712118236693e-05], "world_rotation": [0.0, 1.0, 0.0, 0.0]}, {"color": "CVPurple", "id_name": "object47638509990132", "shape": "CVBox", "id_string": "ob597", "world_size": [0.09, 0.09, 0.09], "id": 597, "camera_size": [37, 37], "camera_position": [256, 254], "world_position": [0.705, 0.6448569696296074, -0.15], "world_orientation": [1.0, -4.331917303826236e-17, -1.1712398707441946e-17, 4.331917303826236e-17, 1.0, -5.775889738434995e-17, 1.1712398707441946e-17, 5.775889738434995e-17, 1.0], "world_rotation": [-0.7896765794068324, 0.16013129347666225, -0.5922574345551229, -7.314247236221149e-17]}], "source": "action wait"}
{"timestamp": 1706067690.711001, "objects": [{"color": "cv_", "id_name": "hand", "shape": "CVCylinder", "id_string": "ob383", "world_size": [0.12, 0.005, 0.12], "id": 383, "camera_size": [48, 7], "camera_position": [246, 508], "world_position": [0.006136526877331423, 0.664253750488408, -0.17410878447210693], "world_orientation": [-8.74678684577685e-06, -0.00015573770489801287, 0.9999999878346306, -0.0007626192034274103, -0.9999996970777812, -0.00015574433008339378, 0.99999970916768, -0.0007626205564127235, 8.628015632091585e-06], "world_rotation": [0.0, 1.0, 0.0, 0.0]}, {"color": "CVPurple", "id_name": "object47638509990132", "shape": "CVBox", "id_string": "ob597", "world_size": [0.09, 0.09, 0.09], "id": 597, "camera_size": [37, 37], "camera_position": [256, 254], "world_position": [0.705, 0.6448569696296074, -0.15], "world_orientation": [1.0, -4.331917303826236e-17, -1.1712398707441946e-17, 4.331917303826236e-17, 1.0, -5.775889738434995e-17, 1.1712398707441946e-17, 5.775889738434995e-17, 1.0], "world_rotation": [-0.7896765794068324, 0.16013129347666225, -0.5922574345551229, -7.314247236221149e-17]}], "source": "action wait"}
{"timestamp": 1706067690.742664, "objects": [{"color": "cv_", "id_name": "hand", "shape": "CVCylinder", "id_string": "ob383", "world_size": [0.12, 0.005, 0.12], "id": 383, "camera_size": [48, 7], "camera_position": [246, 508], "world_position": [0.005096336996442373, 0.6641752645050406, -0.17410860020704266], "world_orientation": [-7.180819747160452e-06, -0.0005550056872931718, 0.9999998459585495, -0.0007627189174529377, -0.999999555111221, -0.0005550110028187373, 0.9999997091041021, -0.000762722785396978, 6.7575032158655605e-06], "world_rotation": [0.0, 1.0, 0.0, 0.0]}, {"color": "CVPurple", "id_name": "object47638509990132", "shape": "CVBox", "id_string": "ob597", "world_size": [0.09, 0.09, 0.09], "id": 597, "camera_size": [37, 37], "camera_position": [256, 254], "world_position": [0.705, 0.6448569696296074, -0.15], "world_orientation": [1.0, -4.331917303826236e-17, -1.1712398707441946e-17, 4.331917303826236e-17, 1.0, -5.775889738434995e-17, 1.1712398707441946e-17, 5.775889738434995e-17, 1.0], "world_rotation": [-0.7896765794068324, 0.16013129347666225, -0.5922574345551229, -7.314247236221149e-17]}], "source": "action wait"}
{"timestamp": 1706067690.772881, "objects": [{"color": "cv_", "id_name": "hand", "shape": "CVCylinder", "id_string": "ob383", "world_size": [0.12, 0.005, 0.12], "id": 383, "camera_size": [48, 7], "camera_position": [246, 508], "world_position": [0.0043632863406129355, 0.6641202217912027, -0.1741084595931207], "world_orientation": [-6.131836458895544e-06, -0.0008371330197075717, 0.9999996495852926, -0.0007628064913230567, -0.9999993586633648, -0.000837137453572907, 0.9999997090442864, -0.0007628113572148012, 5.493262025154069e-06], "world_rotation": [0.0, 1.0, 0.0, 0.0]}, {"color": "CVPurple", "id_name": "object47638509990132", "shape": "CVBox", "id_string": "ob597", "world_size": [0.09, 0.09, 0.09], "id": 597, "camera_size": [37, 37], "camera_position": [256, 254], "world_position": [0.705, 0.6448569696296074, -0.15], "world_orientation": [1.0, -4.331917303826236e-17, -1.1712398707441946e-17, 4.331917303826236e-17, 1.0, -5.775889738434995e-17, 1.1712398707441946e-17, 5.775889738434995e-17, 1.0], "world_rotation": [-0.7896765794068324, 0.16013129347666225, -0.5922574345551229, -7.314247236221149e-17]}], "source": "action wait"}
{"timestamp": 1706067690.811907, "objects": [{"color": "cv_", "id_name": "hand", "shape": "CVCylinder", "id_string": "ob383", "world_size": [0.12, 0.005, 0.12], "id": 383, "camera_size": [48, 7], "camera_position": [246, 508], "world_position": [0.003846660856341614, 0.6640817766122686, -0.1741083541203515], "world_orientation": [-5.429975330154332e-06, -0.00103647876198417, 0.9999994628410014, -0.0007628794188651331, -0.9999991718590604, -0.0010364826028057981, 0.9999997089927116, -0.0007628846371529465, 4.63926251812462e-06], "world_rotation": [0.0, 1.0, 0.0, 0.0]}, {"color": "CVPurple", "id_name": "object47638509990132", "shape": "CVBox", "id_string": "ob597", "world_size": [0.09, 0.09, 0.09], "id": 597, "camera_size": [37, 37], "camera_position": [256, 254], "world_position": [0.705, 0.6448569696296074, -0.15], "world_orientation": [1.0, -4.331917303826236e-17, -1.1712398707441946e-17, 4.331917303826236e-17, 1.0, -5.775889738434995e-17, 1.1712398707441946e-17, 5.775889738434995e-17, 1.0], "world_rotation": [-0.7896765794068324, 0.16013129347666225, -0.5922574345551229, -7.314247236221149e-17]}], "source": "action wait"}
{"timestamp": 1706067690.847375, "objects": [{"color": "cv_", "id_name": "hand", "shape": "CVCylinder", "id_string": "ob383", "world_size": [0.12, 0.005, 0.12], "id": 383, "camera_size": [48, 7], "camera_position": [246, 508], "world_position": [0.0034825420865901555, 0.6640549885495219, -0.17410827595845987], "world_orientation": [-4.961062831858013e-06, -0.001177327098528838, 0.9999993069379054, -0.0007629380283023963, -0.999999015908697, -0.0011773305408778155, 0.9999997089504342, -0.0007629433403501465, 4.062830334864356e-06], "world_rotation": [0.0, 1.0, 0.0, 0.0]}, {"color": "CVPurple", "id_name": "object47638509990132", "shape": "CVBox", "id_string": "ob597", "world_size": [0.09, 0.09, 0.09], "id": 597, "camera_size": [37, 37], "camera_position": [256, 254], "world_position": [0.705, 0.6448569696296074, -0.15], "world_orientation": [1.0, -4.331917303826236e-17, -1.1712398707441946e-17, 4.331917303826236e-17, 1.0, -5.775889738434995e-17, 1.1712398707441946e-17, 5.775889738434995e-17, 1.0], "world_rotation": [-0.7896765794068324, 0.16013129347666225, -0.5922574345551229, -7.314247236221149e-17]}], "source": "action wait"}
{"timestamp": 1706067690.882102, "objects": [{"color": "cv_", "id_name": "hand", "shape": "CVCylinder", "id_string": "ob383", "world_size": [0.12, 0.005, 0.12], "id": 383, "camera_size": [48, 7], "camera_position": [246, 508], "world_position": [0.003225893996940174, 0.6640363466425878, -0.17410821854623956], "world_orientation": [-4.6483187691250075e-06, -0.001276840386195664, 0.9999991848281785, -0.0007629839519523499, -0.9999988937623929, -0.0012768435611458554, 0.9999997089168988, -0.0007629892651655679, 3.6741049034719322e-06], "world_rotation": [0.0, 1.0, 0.0, 0.0]}, {"color": "CVPurple", "id_name": "object47638509990132", "shape": "CVBox", "id_string": "ob597", "world_size": [0.09, 0.09, 0.09], "id": 597, "camera_size": [37, 37], "camera_position": [256, 254], "world_position": [0.705, 0.6448569696296074, -0.15], "world_orientation": [1.0, -4.331917303826236e-17, -1.1712398707441946e-17, 4.331917303826236e-17, 1.0, -5.775889738434995e-17, 1.1712398707441946e-17, 5.775889738434995e-17, 1.0], "world_rotation": [-0.7896765794068324, 0.16013129347666225, -0.5922574345551229, -7.314247236221149e-17]}], "source": "action wait"}
{"timestamp": 1706067691.766117, "objects": [{"color": "CVPurple", "id_name": "object47638509990132", "shape": "CVBox", "id_string": "ob597", "world_size": [0.09, 0.09, 0.09], "id": 597, "camera_size": [37, 37], "camera_position": [256, 254], "world_position": [0.705, 0.6448569696296074, -0.15], "world_orientation": [1.0, -4.331917303826236e-17, -1.1712398707441946e-17, 4.331917303826236e-17, 1.0, -5.775889738434995e-17, 1.1712398707441946e-17, 5.775889738434995e-17, 1.0], "world_rotation": [-0.7896765794068324, 0.16013129347666225, -0.5922574345551229, -7.314247236221149e-17]}], "source": "action wait"}
{"timestamp": 1706067691.796246, "objects": [{"color": "cv_", "id_name": "hand", "shape": "CVCylinder", "id_string": "ob383", "world_size": [0.12, 0.005, 0.12], "id": 383, "camera_size": [51, 11], "camera_position": [246, 506], "world_position": [0.03544135909769259, 0.7201667881876913, -0.1741227012374147], "world_orientation": [0.00015843992928440747, 0.19403520793810833, 0.9809945529803944, -0.00070776744670419, -0.9809942978274347, 0.19403527178144622, 0.9999997369809807, -0.0007250589447336702, -1.809686348268649e-05], "world_rotation": [0.0, 1.0, 0.0, 0.0]}, {"color": "CVPurple", "id_name": "object47638509990132", "shape": "CVBox", "id_string": "ob597", "world_size": [0.09, 0.09, 0.09], "id": 597, "camera_size": [37, 37], "camera_position": [256, 254], "world_position": [0.705, 0.6448569696296074, -0.15], "world_orientation": [1.0, -4.331917303826236e-17, -1.1712398707441946e-17, 4.331917303826236e-17, 1.0, -5.775889738434995e-17, 1.1712398707441946e-17, 5.775889738434995e-17, 1.0], "world_rotation": [-0.7896765794068324, 0.16013129347666225, -0.5922574345551229, -7.314247236221149e-17]}], "source": "action wait"}
{"timestamp": 1706067691.854958, "objects": [{"color": "cv_", "id_name": "hand", "shape": "CVCylinder", "id_string": "ob383", "world_size": [0.12, 0.005, 0.12], "id": 383, "camera_size": [54, 38], "camera_position": [245, 492], "world_position": [0.1399183065214799, 0.8061521237271544, -0.17412046944903528], "world_orientation": [0.0002908694630419091, 0.3402721600177883, 0.9403269497955403, -0.0007117490277154736, -0.9403266809499212, 0.34027228289566397, 0.9999997044040949, -0.0007682516084657586, -3.132393772011299e-05], "world_rotation": [0.0, 1.0, 0.0, 0.0]}, {"color": "CVPurple", "id_name": "object47638509990132", "shape": "CVBox", "id_string": "ob597", "world_size": [0.09, 0.09, 0.09], "id": 597, "camera_size": [37, 37], "camera_position": [256, 254], "world_position": [0.705, 0.6448569696296074, -0.15], "world_orientation": [1.0, -4.331917303826236e-17, -1.1712398707441946e-17, 4.331917303826236e-17, 1.0, -5.775889738434995e-17, 1.1712398707441946e-17, 5.775889738434995e-17, 1.0], "world_rotation": [-0.7896765794068324, 0.16013129347666225, -0.5922574345551229, -7.314247236221149e-17]}], "source": "action wait"}
{"timestamp": 1706067691.887841, "objects": [{"color": "cv_", "id_name": "hand", "shape": "CVCylinder", "id_string": "ob383", "world_size": [0.12, 0.005, 0.12], "id": 383, "camera_size": [55, 59], "camera_position": [245, 480], "world_position": [0.20085358852957852, 0.8206659794787363, -0.17411715232402636], "world_orientation": [0.0002895885782965105, 0.3413046661643391, 0.9399526801881595, -0.0007211885293541132, -0.9399524038794969, 0.34130478802422376, 0.9999996980127348, -0.0007767210594172968, -2.6054470052627747e-05], "world_rotation": [0.0, 1.0, 0.0, 0.0]}, {"color": "CVPurple", "id_name": "object47638509990132", "shape": "CVBox", "id_string": "ob597", "world_size": [0.09, 0.09, 0.09], "id": 597, "camera_size": [37, 37], "camera_position": [256, 254], "world_position": [0.705, 0.6448569696296074, -0.15], "world_orientation": [1.0, -4.331917303826236e-17, -1.1712398707441946e-17, 4.331917303826236e-17, 1.0, -5.775889738434995e-17, 1.1712398707441946e-17, 5.775889738434995e-17, 1.0], "world_rotation": [-0.7896765794068324, 0.16013129347666225, -0.5922574345551229, -7.314247236221149e-17]}], "source": "action wait"}
{"timestamp": 1706067691.924367, "objects": [{"color": "cv_", "id_name": "hand", "shape": "CVCylinder", "id_string": "ob383", "world_size": [0.12, 0.005, 0.12], "id": 383, "camera_size": [55, 58], "camera_position": [245, 451], "world_position": [0.26444633227139763, 0.8200546495384258, -0.17411445225796662], "world_orientation": [0.00026479161605093846, 0.3140931113561274, 0.9493921462093667, -0.0007342593188200118, -0.9493918624985545, 0.3140932222840517, 0.9999996953742801, -0.0007802692824882056, -2.0765211545733583e-05], "world_rotation": [0.0, 1.0, 0.0, 0.0]}, {"color": "CVPurple", "id_name": "object47638509990132", "shape": "CVBox", "id_string": "ob597", "world_size": [0.09, 0.09, 0.09], "id": 597, "camera_size": [37, 37], "camera_position": [256, 254], "world_position": [0.705, 0.6448569696296074, -0.15], "world_orientation": [1.0, -4.331917303826236e-17, -1.1712398707441946e-17, 4.331917303826236e-17, 1.0, -5.775889738434995e-17, 1.1712398707441946e-17, 5.775889738434995e-17, 1.0], "world_rotation": [-0.7896765794068324, 0.16013129347666225, -0.5922574345551229, -7.314247236221149e-17]}], "source": "action wait"}
{"timestamp": 1706067691.965475, "objects": [{"color": "cv_", "id_name": "hand", "shape": "CVCylinder", "id_string": "ob383", "world_size": [0.12, 0.005, 0.12], "id": 383, "camera_size": [54, 57], "camera_position": [245, 421], "world_position": [0.3286827021540617, 0.8065167983715662, -0.17411206990997896], "world_orientation": [0.00022316485159570463, 0.2663463071796012, 0.963877375421396, -0.0007487974144336036, -0.9638770846933927, 0.2663464002110762, 0.9999996947498941, -0.000781188041423028, -1.5664060401630147e-05], "world_rotation": [0.0, 1.0, 0.0, 0.0]}, {"color": "CVPurple", "id_name": "object47638509990132", "shape": "CVBox", "id_string": "ob597", "world_size": [0.09, 0.09, 0.09], "id": 597, "camera_size": [37, 37], "camera_position": [256, 254], "world_position": [0.705, 0.6448569696296074, -0.15], "world_orientation": [1.0, -4.331917303826236e-17, -1.1712398707441946e-17, 4.331917303826236e-17, 1.0, -5.775889738434995e-17, 1.1712398707441946e-17, 5.775889738434995e-17, 1.0], "world_rotation": [-0.7896765794068324, 0.16013129347666225, -0.5922574345551229, -7.314247236221149e-17]}], "source": "action wait"}
{"timestamp": 1706067692.000097, "objects": [{"color": "cv_", "id_name": "hand", "shape": "CVCylinder", "id_string": "ob383", "world_size": [0.12, 0.005, 0.12], "id": 383, "camera_size": [53, 54], "camera_position": [245, 390], "world_position": [0.3917730816081113, 0.7818352326026813, -0.1741098109223804], "world_orientation": [0.0001693629692937061, 0.20338478427281653, 0.9790988718421059, -0.0007623279044285152, -0.9790985751265282, 0.20338485450339885, 0.999999695086129, -0.0007808402540680547, -1.077714552689289e-05], "world_rotation": [0.0, 1.0, 0.0, 0.0]}, {"color": "CVPurple", "id_name": "object47638509990132", "shape": "CVBox", "id_string": "ob597", "world_size": [0.09, 0.09, 0.09], "id": 597, "camera_size": [37, 37], "camera_position": [256, 254], "world_position": [0.705, 0.6448569696296074, -0.15], "world_orientation": [1.0, -4.331917303826236e-17, -1.1712398707441946e-17, 4.331917303826236e-17, 1.0, -5.775889738434995e-17, 1.1712398707441946e-17, 5.775889738434995e-17, 1.0], "world_rotation": [-0.7896765794068324, 0.16013129347666225, -0.5922574345551229, -7.314247236221149e-17]}], "source": "action wait"}
{"timestamp": 1706067692.032587, "objects": [{"color": "cv_", "id_name": "hand", "shape": "CVCylinder", "id_string": "ob383", "world_size": [0.12, 0.005, 0.12], "id": 383, "camera_size": [52, 52], "camera_position": [245, 365], "world_position": [0.444020158342756, 0.753535367325835, -0.17410318247312145], "world_orientation": [0.0001072221821933853, 0.14346770334901815, 0.9896549937221365, -0.0007677343701021802, -0.9896546959416487, 0.1434677433591958, 0.9999996995436253, -0.0007751750777413903, 4.032150744282775e-06], "world_rotation": [0.0, 1.0, 0.0, 0.0]}, {"color": "CVPurple", "id_name": "object47638509990132", "shape": "CVBox", "id_string": "ob597", "world_size": [0.09, 0.09, 0.09], "id": 597, "camera_size": [37, 37], "camera_position": [256, 254], "world_position": [0.705, 0.6448569696296074, -0.15], "world_orientation": [1.0, -4.331917303826236e-17, -1.1712398707441946e-17, 4.331917303826236e-17, 1.0, -5.775889738434995e-17, 1.1712398707441946e-17, 5.775889738434995e-17, 1.0], "world_rotation": [-0.7896765794068324, 0.16013129347666225, -0.5922574345551229, -7.314247236221149e-17]}], "source": "action wait"}
{"timestamp": 1706067692.066535, "objects": [{"color": "cv_", "id_name": "hand", "shape": "CVCylinder", "id_string": "ob383", "world_size": [0.12, 0.005, 0.12], "id": 383, "camera_size": [51, 51], "camera_position": [246, 349], "world_position": [0.4794919947462449, 0.7302804775688396, -0.17409840817419847], "world_orientation": [6.306278030576126e-05, 0.10084434695266054, 0.9949022131399534, -0.0007666407663182702, -0.9949019178718074, 0.10084436561818869, 0.999999704142467, -0.0007690921211677375, 1.4570106354521987e-05], "world_rotation": [0.0, 1.0, 0.0, 0.0]}, {"color": "CVPurple", "id_name": "object47638509990132", "shape": "CVBox", "id_string": "ob597", "world_size": [0.09, 0.09, 0.09], "id": 597, "camera_size": [37, 37], "camera_position": [256, 254], "world_position": [0.705, 0.6448569696296074, -0.15], "world_orientation": [1.0, -4.331917303826236e-17, -1.1712398707441946e-17, 4.331917303826236e-17, 1.0, -5.775889738434995e-17, 1.1712398707441946e-17, 5.775889738434995e-17, 1.0], "world_rotation": [-0.7896765794068324, 0.16013129347666225, -0.5922574345551229, -7.314247236221149e-17]}], "source": "action wait"}
{"timestamp": 1706067692.087878, "objects": [{"color": "cv_", "id_name": "hand", "shape": "CVCylinder", "id_string": "ob383", "world_size": [0.12, 0.005, 0.12], "id": 383, "camera_size": [50, 51], "camera_position": [245, 338], "world_position": [0.5036422436273983, 0.7123299940025667, -0.17409668093520977], "world_orientation": [3.563809231367746e-05, 0.07067656139381003, 0.997499284410507, -0.000764459088271524, -0.9974989916502675, 0.07067656796281413, 0.9999997071660716, -0.0007650661715657651, 1.8480378538435056e-05], "world_rotation": [0.0, 1.0, 0.0, 0.0]}, {"color": "CVPurple", "id_name": "object47638509990132", "shape": "CVBox", "id_string": "ob597", "world_size": [0.09, 0.09, 0.09], "id": 597, "camera_size": [37, 37], "camera_position": [256, 254], "world_position": [0.705, 0.6448569696296074, -0.15], "world_orientation": [1.0, -4.331917303826236e-17, -1.1712398707441946e-17, 4.331917303826236e-17, 1.0, -5.775889738434995e-17, 1.1712398707441946e-17, 5.775889738434995e-17, 1.0], "world_rotation": [-0.7896765794068324, 0.16013129347666225, -0.5922574345551229, -7.314247236221149e-17]}], "source": "action wait"}
{"timestamp": 1706067692.119145, "objects": [{"color": "cv_", "id_name": "hand", "shape": "CVCylinder", "id_string": "ob383", "world_size": [0.12, 0.005, 0.12], "id": 383, "camera_size": [49, 50], "camera_position": [246, 330], "world_position": [0.5202007839089592, 0.6989463790569325, -0.17409659433172983], "world_orientation": [1.877083749816422e-05, 0.049366741497050254, 0.9987807189176308, -0.0007627106970496081, -0.998780427877617, 0.049366741446009804, 0.9999997089599818, -0.0007627073934072086, 1.8904596710627315e-05], "world_rotation": [0.0, 1.0, 0.0, 0.0]}, {"color": "CVPurple", "id_name": "object47638509990132", "shape": "CVBox", "id_string": "ob597", "world_size": [0.09, 0.09, 0.09], "id": 597, "camera_size": [37, 37], "camera_position": [256, 254], "world_position": [0.705, 0.6448569696296074, -0.15], "world_orientation": [1.0, -4.331917303826236e-17, -1.1712398707441946e-17, 4.331917303826236e-17, 1.0, -5.775889738434995e-17, 1.1712398707441946e-17, 5.775889738434995e-17, 1.0], "world_rotation": [-0.7896765794068324, 0.16013129347666225, -0.5922574345551229, -7.314247236221149e-17]}], "source": "action wait"}
{"timestamp": 1706067692.152325, "objects": [{"color": "cv_", "id_name": "hand", "shape": "CVCylinder", "id_string": "ob383", "world_size": [0.12, 0.005, 0.12], "id": 383, "camera_size": [49, 49], "camera_position": [246, 325], "world_position": [0.5316284448197065, 0.6891731383099431, -0.1740973088425728], "world_orientation": [8.519563922992281e-06, 0.03432850622157855, 0.9994106030996531, -0.0007616706324777751, -0.9994103130130106, 0.034328502750393536, 0.9999997098925902, -0.0007615141700418314, 1.7632474999171347e-05], "world_rotation": [0.0, 1.0, 0.0, 0.0]}, {"color": "CVPurple", "id_name": "object47638509990132", "shape": "CVBox", "id_string": "ob597", "world_size": [0.09, 0.09, 0.09], "id": 597, "camera_size": [37, 37], "camera_position": [256, 254], "world_position": [0.705, 0.6448569696296074, -0.15], "world_orientation": [1.0, -4.331917303826236e-17, -1.1712398707441946e-17, 4.331917303826236e-17, 1.0, -5.775889738434995e-17, 1.1712398707441946e-17, 5.775889738434995e-17, 1.0], "world_rotation": [-0.7896765794068324, 0.16013129347666225, -0.5922574345551229, -7.314247236221149e-17]}], "source": "action wait"}
{"timestamp": 1706067692.189186, "objects": [{"color": "cv_", "id_name": "hand", "shape": "CVCylinder", "id_string": "ob383", "world_size": [0.12, 0.005, 0.12], "id": 383, "camera_size": [49, 50], "camera_position": [246, 321], "world_position": [0.5395581727571765, 0.6821288441481618, -0.17409834385825645], "world_orientation": [2.380921384508142e-06, 0.023721028017246897, 0.9997186168238223, -0.0007612160448680022, -0.9997183271402122, 0.023721022956625815, 0.9999997102721901, -0.0007610583293707163, 1.567657638429179e-05], "world_rotation": [0.0, 1.0, 0.0, 0.0]}, {"color": "CVPurple", "id_name": "object47638509990132", "shape": "CVBox", "id_string": "ob597", "world_size": [0.09, 0.09, 0.09], "id": 597, "camera_size": [37, 37], "camera_position": [256, 254], "world_position": [0.705, 0.6448569696296074, -0.15], "world_orientation": [1.0, -4.331917303826236e-17, -1.1712398707441946e-17, 4.331917303826236e-17, 1.0, -5.775889738434995e-17, 1.1712398707441946e-17, 5.775889738434995e-17, 1.0], "world_rotation": [-0.7896765794068324, 0.16013129347666225, -0.5922574345551229, -7.314247236221149e-17]}], "source": "action wait"}
{"timestamp": 1706067692.223641, "objects": [{"color": "cv_", "id_name": "hand", "shape": "CVCylinder", "id_string": "ob383", "world_size": [0.12, 0.005, 0.12], "id": 383, "camera_size": [49, 49], "camera_position": [246, 319], "world_position": [0.5450843433024111, 0.6770940463852855, -0.17409943772252257], "world_orientation": [-1.1937501741132805e-06, 0.016240482950160093, 0.9998681146591888, -0.0007611471872303582, -0.9998678250402989, 0.01624047733725, 0.9999997103267253, -0.0007610274160018836, 1.3554990307378891e-05], "world_rotation": [0.0, 1.0, 0.0, 0.0]}, {"color": "CVPurple", "id_name": "object47638509990132", "shape": "CVBox", "id_string": "ob597", "world_size": [0.09, 0.09, 0.09], "id": 597, "camera_size": [37, 37], "camera_position": [256, 254], "world_position": [0.705, 0.6448569696296074, -0.15], "world_orientation": [1.0, -4.331917303826236e-17, -1.1712398707441946e-17, 4.331917303826236e-17, 1.0, -5.775889738434995e-17, 1.1712398707441946e-17, 5.775889738434995e-17, 1.0], "world_rotation": [-0.7896765794068324, 0.16013129347666225, -0.5922574345551229, -7.314247236221149e-17]}], "source": "action wait"}
