{"timestamp": 1706067635.394882, "objects": [{"color": "cv_", "id_name": "hand", "shape": "CVCylinder", "id_string": "ob383", "world_size": [0.12, 0.005, 0.12], "id": 383, "camera_size": [48, 50], "camera_position": [246, 426], "world_position": [0.26764451554013885, 0.6334703013847399, -0.17389260400847498], "world_orientation": [-0.0006415490619555984, 0.19791547486641195, 0.9802188802625685, -0.000747367103281532, -0.980218903124968, 0.19791499033397666, 0.9999995149284894, -0.0006056111687282712, 0.0007767740329568975], "world_rotation": [0.0, 1.0, 0.0, 0.0]}, {"color": "CVRed", "id_name": "object10165499246941", "shape": "CVBox", "id_string": "ob562", "world_size": [0.1, 0.1, 0.1], "id": 562, "camera_size": [41, 41], "camera_position": [256, 254], "world_position": [0.705, 0.6498037932383656, -0.15], "world_orientation": [1.0, 2.1316282072802963e-17, -9.624447840080312e-18, -2.1316282072802963e-17, 1.0, -1.5774048733874193e-16, 9.624447840080312e-18, 1.5774048733874193e-16, 1.0], "world_rotation": [-0.9891858493133231, 0.06035462278252622, 0.13367376342071935, -1.5946496550495827e-16]}], "source": "manual check"}
{"timestamp": 1706067636.411977, "objects": [{"color": "cv_", "id_name": "hand", "shape": "CVCylinder", "id_string": "ob383", "world_size": [0.12, 0.005, 0.12], "id": 383, "camera_size": [48, 50], "camera_position": [246, 426], "world_position": [0.26764451554013885, 0.6334703013847399, -0.17389260400847498], "world_orientation": [-0.0006415490619555984, 0.19791547486641195, 0.9802188802625685, -0.000747367103281532, -0.980218903124968, 0.19791499033397666, 0.9999995149284894, -0.0006056111687282712, 0.0007767740329568975], "world_rotation": [0.0, 1.0, 0.0, 0.0]}, {"color": "CVRed", "id_name": "object10165499246941", "shape": "CVBox", "id_string": "ob562", "world_size": [0.1, 0.1, 0.1], "id": 562, "camera_size": [41, 41], "camera_position": [256, 254], "world_position": [0.705, 0.6498037994254439, -0.15], "world_orientation": [1.0, 8.100187187665134e-17, -1.2653630886983698e-17, -8.100187187665134e-17, 1.0, -1.9397816686250694e-16, 1.2653630886983698e-17, 1.9397816686250694e-16, 1.0], "world_rotation": [-0.9211093596285536, 0.06008602943210125, 0.38463907325148433, -2.1059189642881336e-16]}], "source": "manual check"}
{"timestamp": 1706067637.698001, "objects": [{"color": "cv_", "id_name": "hand", "shape": "CVCylinder", "id_string": "ob383", "world_size": [0.12, 0.005, 0.12], "id": 383, "camera_size": [48, 50], "camera_position": [246, 426], "world_position": [0.26764451554013885, 0.6334703013847399, -0.17389260400847498], "world_orientation": [-0.0006415490619555984, 0.19791547486641195, 0.9802188802625685, -0.000747367103281532, -0.980218903124968, 0.19791499033397666, 0.9999995149284894, -0.0006056111687282712, 0.0007767740329568975], "world_rotation": [0.0, 1.0, 0.0, 0.0]}, {"color": "CVRed", "id_name": "object10165499246941", "shape": "CVBox", "id_string": "ob562", "world_size": [0.1, 0.1, 0.1], "id": 562, "camera_size": [41, 41], "camera_position": [256, 254], "world_position": [0.705, 0.6498037994254439, -0.15], "world_orientation": [1.0, 8.100187187665134e-17, -1.2653630886983698e-17, -8.100187187665134e-17, 1.0, -1.9397816686250694e-16, 1.2653630886983698e-17, 1.9397816686250694e-16, 1.0], "world_rotation": [-0.9211093596285536, 0.06008602943210125, 0.38463907325148433, -2.1059189642881336e-16]}], "source": "action wait"}
{"timestamp": 1706067637.730497, "objects": [{"color": "cv_", "id_name": "hand", "shape": "CVCylinder", "id_string": "ob383", "world_size": [0.12, 0.005, 0.12], "id": 383, "camera_size": [48, 50], "camera_position": [246, 444], "world_position": [0.2251272435397707, 0.6422788429412788, -0.1739725814286299], "world_orientation": [-0.000524027223928515, 0.08819722211075565, 0.9961028939860654, -0.0007623394303795882, -0.9961027765384562, 0.08819681066212882, 0.9999995721169392, -0.0007131509829504913, 0.0005892211928023039], "world_rotation": [0.0, 1.0, 0.0, 0.0]}, {"color": "CVRed", "id_name": "object10165499246941", "shape": "CVBox", "id_string": "ob562", "world_size": [0.1, 0.1, 0.1], "id": 562, "camera_size": [41, 41], "camera_position": [256, 254], "world_position": [0.705, 0.6498037994254439, -0.15], "world_orientation": [1.0, 8.100187187665134e-17, -1.2653630886983698e-17, -8.100187187665134e-17, 1.0, -1.9397816686250694e-16, 1.2653630886983698e-17, 1.9397816686250694e-16, 1.0], "world_rotation": [-0.9211093596285536, 0.06008602943210125, 0.38463907325148433, -2.1059189642881336e-16]}], "source": "action wait"}
{"timestamp": 1706067637.765435, "objects": [{"color": "cv_", "id_name": "hand", "shape": "CVCylinder", "id_string": "ob383", "world_size": [0.12, 0.005, 0.12], "id": 383, "camera_size": [48, 49], "camera_position": [246, 471], "world_position": [0.1639087305007366, 0.658563510134258, -0.1740385704127657], "world_orientation": [-0.0003790074493159986, 0.06114464575774447, 0.9981288437113284, -0.0007690022730236746, -0.9981286380922528, 0.06114434115769516, 0.9999996324943612, -0.0007443891888025532, 0.00042531856078391474], "world_rotation": [0.0, 1.0, 0.0, 0.0]}, {"color": "CVRed", "id_name": "object10165499246941", "shape": "CVBox", "id_string": "ob562", "world_size": [0.1, 0.1, 0.1], "id": 562, "camera_size": [41, 41], "camera_position": [256, 254], "world_position": [0.705, 0.6498037994254439, -0.15], "world_orientation": [1.0, 8.100187187665134e-17, -1.2653630886983698e-17, -8.100187187665134e-17, 1.0, -1.9397816686250694e-16, 1.2653630886983698e-17, 1.9397816686250694e-16, 1.0], "world_rotation": [-0.9211093596285536, 0.06008602943210125, 0.38463907325148433, -2.1059189642881336e-16]}], "source": "action wait"}
{"timestamp": 1706067637.790483, "objects": [{"color": "cv_", "id_name": "hand", "shape": "CVCylinder", "id_string": "ob383", "world_size": [0.12, 0.005, 0.12], "id": 383, "camera_size": [48, 46], "camera_position": [246, 488], "world_position": [0.11779435993753573, 0.6656957101605253, -0.17407775804823522], "world_orientation": [-0.00025782855346774504, 0.042801105569449105, 0.9990835795299962, -0.0007698661746688105, -0.999083325157602, 0.04280089599649079, 0.9999996704152009, -0.0007581253604456176, 0.000290543331935856], "world_rotation": [0.0, 1.0, 0.0, 0.0]}, {"color": "CVRed", "id_name": "object10165499246941", "shape": "CVBox", "id_string": "ob562", "world_size": [0.1, 0.1, 0.1], "id": 562, "camera_size": [41, 41], "camera_position": [256, 254], "world_position": [0.705, 0.6498037994254439, -0.15], "world_orientation": [1.0, 8.100187187665134e-17, -1.2653630886983698e-17, -8.100187187665134e-17, 1.0, -1.9397816686250694e-16, 1.2653630886983698e-17, 1.9397816686250694e-16, 1.0], "world_rotation": [-0.9211093596285536, 0.06008602943210125, 0.38463907325148433, -2.1059189642881336e-16]}], "source": "action wait"}
{"timestamp": 1706067637.819359, "objects": [{"color": "cv_", "id_name": "hand", "shape": "CVCylinder", "id_string": "ob383", "world_size": [0.12, 0.005, 0.12], "id": 383, "camera_size": [49, 34], "camera_position": [246, 494], "world_position": [0.08440722890148347, 0.6684077413443824, -0.17409651712946592], "world_orientation": [-0.00017520176379101141, 0.029819743428055965, 0.9995552772139352, -0.0007680832490467373, -0.9995550017229552, 0.029819600579918327, 0.9999996896761841, -0.0007625172183074979, 0.0001980278447263254], "world_rotation": [0.0, 1.0, 0.0, 0.0]}, {"color": "CVRed", "id_name": "object10165499246941", "shape": "CVBox", "id_string": "ob562", "world_size": [0.1, 0.1, 0.1], "id": 562, "camera_size": [41, 41], "camera_position": [256, 254], "world_position": [0.705, 0.6498037994254439, -0.15], "world_orientation": [1.0, 8.100187187665134e-17, -1.2653630886983698e-17, -8.100187187665134e-17, 1.0, -1.9397816686250694e-16, 1.2653630886983698e-17, 1.9397816686250694e-16, 1.0], "world_rotation": [-0.9211093596285536, 0.06008602943210125, 0.38463907325148433, -2.1059189642881336e-16]}], "source": "action wait"}
{"timestamp": 1706067637.850351, "objects": [{"color": "cv_", "id_name": "hand", "shape": "CVCylinder", "id_string": "ob383", "world_size": [0.12, 0.005, 0.12], "id": 383, "camera_size": [49, 26], "camera_position": [246, 498], "world_position": [0.060524747014515844, 0.6691591011216904, -0.17410506762162628], "world_orientation": [-0.00011925173967725804, 0.020637087183074557, 0.9997870255267473, -0.0007660141857042696, -0.9997867411944579, 0.020636989946051135, 0.9999996995006, -0.0007633900472841569, 0.00013503460972791816], "world_rotation": [0.0, 1.0, 0.0, 0.0]}, {"color": "CVRed", "id_name": "object10165499246941", "shape": "CVBox", "id_string": "ob562", "world_size": [0.1, 0.1, 0.1], "id": 562, "camera_size": [41, 41], "camera_position": [256, 254], "world_position": [0.705, 0.6498037994254439, -0.15], "world_orientation": [1.0, 8.100187187665134e-17, -1.2653630886983698e-17, -8.100187187665134e-17, 1.0, -1.9397816686250694e-16, 1.2653630886983698e-17, 1.9397816686250694e-16, 1.0], "world_rotation": [-0.9211093596285536, 0.06008602943210125, 0.38463907325148433, -2.1059189642881336e-16]}], "source": "action wait"}
{"timestamp": 1706067637.884055, "objects": [{"color": "cv_", "id_name": "hand", "shape": "CVCylinder", "id_string": "ob383", "world_size": [0.12, 0.005, 0.12], "id": 383, "camera_size": [49, 20], "camera_position": [246, 501], "world_position": [0.04355283900026889, 0.6691189095867653, -0.17410866762971], "world_orientation": [-8.148687523159286e-05, 0.01414336732449653, 0.9998999742577322, -0.0007644082176161423, -0.9998996863276515, 0.014143300956320513, 0.9999997045199394, -0.0007631792637167532, 9.229000719186838e-05], "world_rotation": [0.0, 1.0, 0.0, 0.0]}, {"color": "CVRed", "id_name": "object10165499246941", "shape": "CVBox", "id_string": "ob562", "world_size": [0.1, 0.1, 0.1], "id": 562, "camera_size": [41, 41], "camera_position": [256, 254], "world_position": [0.705, 0.6498037994254439, -0.15], "world_orientation": [1.0, 8.100187187665134e-17, -1.2653630886983698e-17, -8.100187187665134e-17, 1.0, -1.9397816686250694e-16, 1.2653630886983698e-17, 1.9397816686250694e-16, 1.0], "world_rotation": [-0.9211093596285536, 0.06008602943210125, 0.38463907325148433, -2.1059189642881336e-16]}], "source": "action wait"}
{"timestamp": 1706067637.918311, "objects": [{"color": "cv_", "id_name": "hand", "shape": "CVCylinder", "id_string": "ob383", "world_size": [0.12, 0.005, 0.12], "id": 383, "camera_size": [49, 16], "camera_position": [246, 503], "world_position": [0.031536027506952745, 0.668815796473425, -0.1741099445775131], "world_orientation": [-5.6052250042320865e-05, 0.009552049542826112, 0.9999543765630895, -0.0007633702596469779, -0.9999540871888367, 0.009552003988010269, 0.9999997070619532, -0.0007628000207565327, 6.334142706598508e-05], "world_rotation": [0.0, 1.0, 0.0, 0.0]}, {"color": "CVRed", "id_name": "object10165499246941", "shape": "CVBox", "id_string": "ob562", "world_size": [0.1, 0.1, 0.1], "id": 562, "camera_size": [41, 41], "camera_position": [256, 254], "world_position": [0.705, 0.6498037994254439, -0.15], "world_orientation": [1.0, 8.100187187665134e-17, -1.2653630886983698e-17, -8.100187187665134e-17, 1.0, -1.9397816686250694e-16, 1.2653630886983698e-17, 1.9397816686250694e-16, 1.0], "world_rotation": [-0.9211093596285536, 0.06008602943210125, 0.38463907325148433, -2.1059189642881336e-16]}], "source": "action wait"}
{"timestamp": 1706067637.954125, "objects": [{"color": "cv_", "id_name": "hand", "shape": "CVCylinder", "id_string": "ob383", "world_size": [0.12, 0.005, 0.12], "id": 383, "camera_size": [49, 13], "camera_position": [246, 505], "world_position": [0.023045380889655645, 0.668472209190984, -0.17411018560695654], "world_orientation": [-3.8954284321787976e-05, 0.0063062456206498686, 0.9999801146766548, -0.0007627915436167984, -0.9999798247030143, 0.006306214077379433, 0.9999997083157698, -0.0007625307212045096, 4.37638492393017e-05], "world_rotation": [0.0, 1.0, 0.0, 0.0]}, {"color": "CVRed", "id_name": "object10165499246941", "shape": "CVBox", "id_string": "ob562", "world_size": [0.1, 0.1, 0.1], "id": 562, "camera_size": [41, 41], "camera_position": [256, 254], "world_position": [0.705, 0.6498037994254439, -0.15], "world_orientation": [1.0, 8.100187187665134e-17, -1.2653630886983698e-17, -8.100187187665134e-17, 1.0, -1.9397816686250694e-16, 1.2653630886983698e-17, 1.9397816686250694e-16, 1.0], "world_rotation": [-0.9211093596285536, 0.06008602943210125, 0.38463907325148433, -2.1059189642881336e-16]}], "source": "action wait"}
{"timestamp": 1706067637.988279, "objects": [{"color": "cv_", "id_name": "hand", "shape": "CVCylinder", "id_string": "ob383", "world_size": [0.12, 0.005, 0.12], "id": 383, "camera_size": [48, 11], "camera_position": [246, 506], "world_position": [0.01705340630908524, 0.6681700883000771, -0.1741100071296062], "world_orientation": [-2.74532182744517e-05, 0.004011887174876369, 0.9999919519714231, -0.00076252608434916, -0.9999916617115262, 0.004011865076414013, 0.9999997089001034, -0.0007624098089101801, 3.051215798027297e-05], "world_rotation": [0.0, 1.0, 0.0, 0.0]}, {"color": "CVRed", "id_name": "object10165499246941", "shape": "CVBox", "id_string": "ob562", "world_size": [0.1, 0.1, 0.1], "id": 562, "camera_size": [41, 41], "camera_position": [256, 254], "world_position": [0.705, 0.6498037994254439, -0.15], "world_orientation": [1.0, 8.100187187665134e-17, -1.2653630886983698e-17, -8.100187187665134e-17, 1.0, -1.9397816686250694e-16, 1.2653630886983698e-17, 1.9397816686250694e-16, 1.0], "world_rotation": [-0.9211093596285536, 0.06008602943210125, 0.38463907325148433, -2.1059189642881336e-16]}], "source": "action wait"}
{"timestamp": 1706067638.021562, "objects": [{"color": "cv_", "id_name": "hand", "shape": "CVCylinder", "id_string": "ob383", "world_size": [0.12, 0.005, 0.12], "id": 383, "camera_size": [48, 9], "camera_position": [246, 507], "world_position": [0.01282770670098474, 0.6679304344232742, -0.1741096945691538], "world_orientation": [-1.9734936219026767e-05, 0.0023902178050164502, 0.999997143230608, -0.0007624515144357554, -0.9999968527959388, 0.002390202063837812, 0.999999709139068, -0.0007624021658026887, 2.1557299294786583e-05], "world_rotation": [0.0, 1.0, 0.0, 0.0]}, {"color": "CVRed", "id_name": "object10165499246941", "shape": "CVBox", "id_string": "ob562", "world_size": [0.1, 0.1, 0.1], "id": 562, "camera_size": [41, 41], "camera_position": [256, 254], "world_position": [0.705, 0.6498037994254439, -0.15], "world_orientation": [1.0, 8.100187187665134e-17, -1.2653630886983698e-17, -8.100187187665134e-17, 1.0, -1.9397816686250694e-16, 1.2653630886983698e-17, 1.9397816686250694e-16, 1.0], "world_rotation": [-0.9211093596285536, 0.06008602943210125, 0.38463907325148433, -2.1059189642881336e-16]}], "source": "action wait"}
{"timestamp": 1706067638.052707, "objects": [{"color": "cv_", "id_name": "hand", "shape": "CVCylinder", "id_string": "ob383", "world_size": [0.12, 0.005, 0.12], "id": 383, "camera_size": [48, 8], "camera_position": [246, 507], "world_position": [0.009848793973350131, 0.667750253430653, -0.1741093725074313], "world_orientation": [-1.4546398642646953e-05, 0.0012440958846106813, 0.9999992260066167, -0.0007624809215285769, -0.9999989354378188, 0.0012440844317554158, 0.999999709205581, -0.0007624622344256768, 1.549498253403352e-05], "world_rotation": [0.0, 1.0, 0.0, 0.0]}, {"color": "CVRed", "id_name": "object10165499246941", "shape": "CVBox", "id_string": "ob562", "world_size": [0.1, 0.1, 0.1], "id": 562, "camera_size": [41, 41], "camera_position": [256, 254], "world_position": [0.705, 0.6498037994254439, -0.15], "world_orientation": [1.0, 8.100187187665134e-17, -1.2653630886983698e-17, -8.100187187665134e-17, 1.0, -1.9397816686250694e-16, 1.2653630886983698e-17, 1.9397816686250694e-16, 1.0], "world_rotation": [-0.9211093596285536, 0.06008602943210125, 0.38463907325148433, -2.1059189642881336e-16]}], "source": "action wait"}
{"timestamp": 1706067638.083008, "objects": [{"color": "cv_", "id_name": "hand", "shape": "CVCylinder", "id_string": "ob383", "world_size": [0.12, 0.005, 0.12], "id": 383, "camera_size": [48, 8], "camera_position": [246, 507], "world_position": [0.007749242704855572, 0.6676189508158845, -0.174109089096623], "world_orientation": [-1.106903503177208e-05, 0.0004341224693065868, 0.9999999057075748, -0.000762558729955599, -0.9999996150245776, 0.0004341139023248686, 0.9999997091907877, -0.0007625538528304438, 1.1400074649669881e-05], "world_rotation": [0.0, 1.0, 0.0, 0.0]}, {"color": "CVRed", "id_name": "object10165499246941", "shape": "CVBox", "id_string": "ob562", "world_size": [0.1, 0.1, 0.1], "id": 562, "camera_size": [41, 41], "camera_position": [256, 254], "world_position": [0.705, 0.6498037994254439, -0.15], "world_orientation": [1.0, 8.100187187665134e-17, -1.2653630886983698e-17, -8.100187187665134e-17, 1.0, -1.9397816686250694e-16, 1.2653630886983698e-17, 1.9397816686250694e-16, 1.0], "world_rotation": [-0.9211093596285536, 0.06008602943210125, 0.38463907325148433, -2.1059189642881336e-16]}], "source": "action wait"}
{"timestamp": 1706067638.114344, "objects": [{"color": "cv_", "id_name": "hand", "shape": "CVCylinder", "id_string": "ob383", "world_size": [0.12, 0.005, 0.12], "id": 383, "camera_size": [48, 7], "camera_position": [246, 508], "world_position": [0.0062696127194055715, 0.6675250924111579, -0.1741088575102123], "world_orientation": [-8.736606550998663e-06, -0.00013825866097144513, 0.9999999904041073, -0.0007626521683197547, -0.9999996996221457, -0.00013826528376000778, 0.9999997091426287, -0.0007626533689712089, 8.631160659500436e-06], "world_rotation": [0.0, 1.0, 0.0, 0.0]}, {"color": "CVRed", "id_name": "object10165499246941", "shape": "CVBox", "id_string": "ob562", "world_size": [0.1, 0.1, 0.1], "id": 562, "camera_size": [41, 41], "camera_position": [256, 254], "world_position": [0.705, 0.6498037994254439, -0.15], "world_orientation": [1.0, 8.100187187665134e-17, -1.2653630886983698e-17, -8.100187187665134e-17, 1.0, -1.9397816686250694e-16, 1.2653630886983698e-17, 1.9397816686250694e-16, 1.0], "world_rotation": [-0.9211093596285536, 0.06008602943210125, 0.38463907325148433, -2.1059189642881336e-16]}], "source": "action wait"}
{"timestamp": 1706067638.148042, "objects": [{"color": "cv_", "id_name": "hand", "shape": "CVCylinder", "id_string": "ob383", "world_size": [0.12, 0.005, 0.12], "id": 383, "camera_size": [48, 7], "camera_position": [246, 508], "world_position": [0.005226893171298022, 0.6674588134605699, -0.1741086760087756], "world_orientation": [-7.1730847515233734e-06, -0.0005427200632867269, 0.9999998527017292, -0.0007627436298186321, -0.9999995618355645, -0.0005427253766529915, 0.9999997090853088, -0.000762747410483338, 6.7591253378497436e-06], "world_rotation": [0.0, 1.0, 0.0, 0.0]}, {"color": "CVRed", "id_name": "object10165499246941", "shape": "CVBox", "id_string": "ob562", "world_size": [0.1, 0.1, 0.1], "id": 562, "camera_size": [41, 41], "camera_position": [256, 254], "world_position": [0.705, 0.6498037994254439, -0.15], "world_orientation": [1.0, 8.100187187665134e-17, -1.2653630886983698e-17, -8.100187187665134e-17, 1.0, -1.9397816686250694e-16, 1.2653630886983698e-17, 1.9397816686250694e-16, 1.0], "world_rotation": [-0.9211093596285536, 0.06008602943210125, 0.38463907325148433, -2.1059189642881336e-16]}], "source": "action wait"}
{"timestamp": 1706067638.181996, "objects": [{"color": "cv_", "id_name": "hand", "shape": "CVCylinder", "id_string": "ob383", "world_size": [0.12, 0.005, 0.12], "id": 383, "camera_size": [48, 7], "camera_position": [246, 508], "world_position": [0.004492061371145117, 0.6674123715809599, -0.17410853741943424], "world_orientation": [-6.125855084823706e-06, -0.0008285109433979743, 0.9999996567659863, -0.0007628248509626509, -0.9999993658300589, -0.0008285153753096915, 0.999999709030318, -0.0007628296645007393, 5.493842463435761e-06], "world_rotation": [0.0, 1.0, 0.0, 0.0]}, {"color": "CVRed", "id_name": "object10165499246941", "shape": "CVBox", "id_string": "ob562", "world_size": [0.1, 0.1, 0.1], "id": 562, "camera_size": [41, 41], "camera_position": [256, 254], "world_position": [0.705, 0.6498037994254439, -0.15], "world_orientation": [1.0, 8.100187187665134e-17, -1.2653630886983698e-17, -8.100187187665134e-17, 1.0, -1.9397816686250694e-16, 1.2653630886983698e-17, 1.9397816686250694e-16, 1.0], "world_rotation": [-0.9211093596285536, 0.06008602943210125, 0.38463907325148433, -2.1059189642881336e-16]}], "source": "action wait"}
{"timestamp": 1706067638.21758, "objects": [{"color": "CVRed", "id_name": "object10165499246941", "shape": "CVBox", "id_string": "ob562", "world_size": [0.1, 0.1, 0.1], "id": 562, "camera_size": [41, 41], "camera_position": [256, 254], "world_position": [0.705, 0.6498037994254439, -0.15], "world_orientation": [1.0, 8.100187187665134e-17, -1.2653630886983698e-17, -8.100187187665134e-17, 1.0, -1.9397816686250694e-16, 1.2653630886983698e-17, 1.9397816686250694e-16, 1.0], "world_rotation": [-0.9211093596285536, 0.06008602943210125, 0.38463907325148433, -2.1059189642881336e-16]}], "source": "action wait"}
{"timestamp": 1706067639.374305, "objects": [{"color": "CVRed", "id_name": "object10165499246941", "shape": "CVBox", "id_string": "ob562", "world_size": [0.1, 0.1, 0.1], "id": 562, "camera_size": [41, 41], "camera_position": [256, 254], "world_position": [0.705, 0.6498037994254439, -0.15], "world_orientation": [1.0, 8.100187187665134e-17, -1.2653630886983698e-17, -8.100187187665134e-17, 1.0, -1.9397816686250694e-16, 1.2653630886983698e-17, 1.9397816686250694e-16, 1.0], "world_rotation": [-0.9211093596285536, 0.06008602943210125, 0.38463907325148433, -2.1059189642881336e-16]}], "source": "action wait"}
{"timestamp": 1706067639.404814, "objects": [{"color": "cv_", "id_name": "hand", "shape": "CVCylinder", "id_string": "ob383", "world_size": [0.12, 0.005, 0.12], "id": 383, "camera_size": [51, 11], "camera_position": [246, 506], "world_position": [0.035581118666063255, 0.7233440627807143, -0.1741228196076798], "world_orientation": [0.00015819301344467923, 0.19356750770332992, 0.981086945655935, -0.0007080385700851684, -0.9810866903323161, 0.19356757149420922, 0.9999997368281424, -0.0007252684355715792, -1.8147798624492185e-05], "world_rotation": [0.0, 1.0, 0.0, 0.0]}, {"color": "CVRed", "id_name": "object10165499246941", "shape": "CVBox", "id_string": "ob562", "world_size": [0.1, 0.1, 0.1], "id": 562, "camera_size": [41, 41], "camera_position": [256, 254], "world_position": [0.705, 0.6498037994254439, -0.15], "world_orientation": [1.0, 8.100187187665134e-17, -1.2653630886983698e-17, -8.100187187665134e-17, 1.0, -1.9397816686250694e-16, 1.2653630886983698e-17, 1.9397816686250694e-16, 1.0], "world_rotation": [-0.9211093596285536, 0.06008602943210125, 0.38463907325148433, -2.1059189642881336e-16]}], "source": "action wait"}
{"timestamp": 1706067639.437905, "objects": [{"color": "cv_", "id_name": "hand", "shape": "CVCylinder", "id_string": "ob383", "world_size": [0.12, 0.005, 0.12], "id": 383, "camera_size": [53, 21], "camera_position": [245, 501], "world_position": [0.08385391896249955, 0.7766147266547131, -0.17412474529418065], "world_orientation": [0.000257651096694519, 0.29778191199033555, 0.9546338913464638, -0.00070661315139364, -0.9546336304932116, 0.29778202133306314, 0.9999997171568434, -0.0007512807267641116, -3.554578657807506e-05], "world_rotation": [0.0, 1.0, 0.0, 0.0]}, {"color": "CVRed", "id_name": "object10165499246941", "shape": "CVBox", "id_string": "ob562", "world_size": [0.1, 0.1, 0.1], "id": 562, "camera_size": [41, 41], "camera_position": [256, 254], "world_position": [0.705, 0.6498037994254439, -0.15], "world_orientation": [1.0, 8.100187187665134e-17, -1.2653630886983698e-17, -8.100187187665134e-17, 1.0, -1.9397816686250694e-16, 1.2653630886983698e-17, 1.9397816686250694e-16, 1.0], "world_rotation": [-0.9211093596285536, 0.06008602943210125, 0.38463907325148433, -2.1059189642881336e-16]}], "source": "action wait"}
{"timestamp": 1706067639.470988, "objects": [{"color": "cv_", "id_name": "hand", "shape": "CVCylinder", "id_string": "ob383", "world_size": [0.12, 0.005, 0.12], "id": 383, "camera_size": [54, 38], "camera_position": [245, 492], "world_position": [0.14047158431349524, 0.8087728176793093, -0.17412056171353613], "world_orientation": [0.0002894659528181161, 0.3383283975658656, 0.9410280610109221, -0.000712351587431993, -0.941027791911758, 0.33832851994015695, 0.9999997043822954, -0.0007682774204694226, -3.138673533423263e-05], "world_rotation": [0.0, 1.0, 0.0, 0.0]}, {"color": "CVRed", "id_name": "object10165499246941", "shape": "CVBox", "id_string": "ob562", "world_size": [0.1, 0.1, 0.1], "id": 562, "camera_size": [41, 41], "camera_position": [256, 254], "world_position": [0.705, 0.6498037994254439, -0.15], "world_orientation": [1.0, 8.100187187665134e-17, -1.2653630886983698e-17, -8.100187187665134e-17, 1.0, -1.9397816686250694e-16, 1.2653630886983698e-17, 1.9397816686250694e-16, 1.0], "world_rotation": [-0.9211093596285536, 0.06008602943210125, 0.38463907325148433, -2.1059189642881336e-16]}], "source": "action wait"}
{"timestamp": 1706067639.502723, "objects": [{"color": "cv_", "id_name": "hand", "shape": "CVCylinder", "id_string": "ob383", "world_size": [0.12, 0.005, 0.12], "id": 383, "camera_size": [55, 59], "camera_position": [245, 480], "world_position": [0.20165402866318916, 0.8230674237012057, -0.174117219630042], "world_orientation": [0.00028775094440844384, 0.33889562244258736, 0.940823933735024, -0.0007219136463009685, -0.9408236571265375, 0.33889574360226965, 0.9999996980199952, -0.0007767112068076443, -2.606952134653628e-05], "world_rotation": [0.0, 1.0, 0.0, 0.0]}, {"color": "CVRed", "id_name": "object10165499246941", "shape": "CVBox", "id_string": "ob562", "world_size": [0.1, 0.1, 0.1], "id": 562, "camera_size": [41, 41], "camera_position": [256, 254], "world_position": [0.705, 0.6498037994254439, -0.15], "world_orientation": [1.0, 8.100187187665134e-17, -1.2653630886983698e-17, -8.100187187665134e-17, 1.0, -1.9397816686250694e-16, 1.2653630886983698e-17, 1.9397816686250694e-16, 1.0], "world_rotation": [-0.9211093596285536, 0.06008602943210125, 0.38463907325148433, -2.1059189642881336e-16]}], "source": "action wait"}
{"timestamp": 1706067639.538544, "objects": [{"color": "cv_", "id_name": "hand", "shape": "CVCylinder", "id_string": "ob383", "world_size": [0.12, 0.005, 0.12], "id": 383, "camera_size": [55, 58], "camera_position": [245, 451], "world_position": [0.26547563354772574, 0.8222562846584878, -0.1741145006647031], "world_orientation": [0.00026262553044146343, 0.31132779092072227, 0.9503025505744228, -0.0007350118496174001, -0.9503022665532, 0.31132790100058827, 0.9999996953926594, -0.0007802462905355579, -2.0744021390859515e-05], "world_rotation": [0.0, 1.0, 0.0, 0.0]}, {"color": "CVRed", "id_name": "object10165499246941", "shape": "CVBox", "id_string": "ob562", "world_size": [0.1, 0.1, 0.1], "id": 562, "camera_size": [41, 41], "camera_position": [256, 254], "world_position": [0.705, 0.6498037994254439, -0.15], "world_orientation": [1.0, 8.100187187665134e-17, -1.2653630886983698e-17, -8.100187187665134e-17, 1.0, -1.9397816686250694e-16, 1.2653630886983698e-17, 1.9397816686250694e-16, 1.0], "world_rotation": [-0.9211093596285536, 0.06008602943210125, 0.38463907325148433, -2.1059189642881336e-16]}], "source": "action wait"}
{"timestamp": 1706067639.572511, "objects": [{"color": "cv_", "id_name": "hand", "shape": "CVCylinder", "id_string": "ob383", "world_size": [0.12, 0.005, 0.12], "id": 383, "camera_size": [54, 56], "camera_position": [245, 420], "world_position": [0.32991996078261493, 0.8085278224848208, -0.17411210310311986], "world_orientation": [0.0002207450586527121, 0.26330105667709547, 0.9647136905965128, -0.0007494901353034648, -0.9647133995818052, 0.26330114874769084, 0.9999996947680315, -0.0007811658220182055, -1.5614171378834613e-05], "world_rotation": [0.0, 1.0, 0.0, 0.0]}, {"color": "CVRed", "id_name": "object10165499246941", "shape": "CVBox", "id_string": "ob562", "world_size": [0.1, 0.1, 0.1], "id": 562, "camera_size": [41, 41], "camera_position": [256, 254], "world_position": [0.705, 0.6498037994254439, -0.15], "world_orientation": [1.0, 8.100187187665134e-17, -1.2653630886983698e-17, -8.100187187665134e-17, 1.0, -1.9397816686250694e-16, 1.2653630886983698e-17, 1.9397816686250694e-16, 1.0], "world_rotation": [-0.9211093596285536, 0.06008602943210125, 0.38463907325148433, -2.1059189642881336e-16]}], "source": "action wait"}
{"timestamp": 1706067639.605114, "objects": [{"color": "cv_", "id_name": "hand", "shape": "CVCylinder", "id_string": "ob383", "world_size": [0.12, 0.005, 0.12], "id": 383, "camera_size": [53, 55], "camera_position": [245, 390], "world_position": [0.3931975272402207, 0.7836581278338786, -0.17410983134896793], "world_orientation": [0.0001667482524322282, 0.2001212243491468, 0.9797711302952434, -0.0007628896606023641, -0.9797708333452136, 0.2001212935331762, 0.9999996950971466, -0.000780827141030343, -1.0704661320902187e-05], "world_rotation": [0.0, 1.0, 0.0, 0.0]}, {"color": "CVRed", "id_name": "object10165499246941", "shape": "CVBox", "id_string": "ob562", "world_size": [0.1, 0.1, 0.1], "id": 562, "camera_size": [41, 41], "camera_position": [256, 254], "world_position": [0.705, 0.6498037994254439, -0.15], "world_orientation": [1.0, 8.100187187665134e-17, -1.2653630886983698e-17, -8.100187187665134e-17, 1.0, -1.9397816686250694e-16, 1.2653630886983698e-17, 1.9397816686250694e-16, 1.0], "world_rotation": [-0.9211093596285536, 0.06008602943210125, 0.38463907325148433, -2.1059189642881336e-16]}], "source": "action wait"}
{"timestamp": 1706067639.635698, "objects": [{"color": "cv_", "id_name": "hand", "shape": "CVCylinder", "id_string": "ob383", "world_size": [0.12, 0.005, 0.12], "id": 383, "camera_size": [52, 53], "camera_position": [245, 365], "world_position": [0.44495246380939935, 0.7556491519121209, -0.17410301855925034], "world_orientation": [0.00010487079971495881, 0.14113601719216157, 0.9899902088673651, -0.0007678384160479626, -0.9899899111092528, 0.14113605608086432, 0.9999996997130962, -0.0007749535649498294, 4.548622200791163e-06], "world_rotation": [0.0, 1.0, 0.0, 0.0]}, {"color": "CVRed", "id_name": "object10165499246941", "shape": "CVBox", "id_string": "ob562", "world_size": [0.1, 0.1, 0.1], "id": 562, "camera_size": [41, 41], "camera_position": [256, 254], "world_position": [0.705, 0.6498037994254439, -0.15], "world_orientation": [1.0, 8.100187187665134e-17, -1.2653630886983698e-17, -8.100187187665134e-17, 1.0, -1.9397816686250694e-16, 1.2653630886983698e-17, 1.9397816686250694e-16, 1.0], "world_rotation": [-0.9211093596285536, 0.06008602943210125, 0.38463907325148433, -2.1059189642881336e-16]}], "source": "action wait"}
{"timestamp": 1706067639.667453, "objects": [{"color": "cv_", "id_name": "hand", "shape": "CVCylinder", "id_string": "ob383", "world_size": [0.12, 0.005, 0.12], "id": 383, "camera_size": [51, 52], "camera_position": [246, 348], "world_position": [0.4801002728475671, 0.7326762190681833, -0.1740983801891662], "world_orientation": [6.153218558184254e-05, 0.09919131514545852, 0.9950683791647208, -0.0007666323560731287, -0.9950680839559705, 0.09919133312454521, 0.9999997042442667, -0.0007689550754911801, 1.481455762380645e-05], "world_rotation": [0.0, 1.0, 0.0, 0.0]}, {"color": "CVRed", "id_name": "object10165499246941", "shape": "CVBox", "id_string": "ob562", "world_size": [0.1, 0.1, 0.1], "id": 562, "camera_size": [41, 41], "camera_position": [256, 254], "world_position": [0.705, 0.6498037994254439, -0.15], "world_orientation": [1.0, 8.100187187665134e-17, -1.2653630886983698e-17, -8.100187187665134e-17, 1.0, -1.9397816686250694e-16, 1.2653630886983698e-17, 1.9397816686250694e-16, 1.0], "world_rotation": [-0.9211093596285536, 0.06008602943210125, 0.38463907325148433, -2.1059189642881336e-16]}], "source": "action wait"}
{"timestamp": 1706067639.697515, "objects": [{"color": "cv_", "id_name": "hand", "shape": "CVCylinder", "id_string": "ob383", "world_size": [0.12, 0.005, 0.12], "id": 383, "camera_size": [51, 51], "camera_position": [246, 338], "world_position": [0.504044770338693, 0.714960399510406, -0.17409673079212895], "world_orientation": [3.464285929121988e-05, 0.06950777800319911, 0.9975814090072701, -0.0007644351273420871, -0.9975811162912526, 0.06950778415425507, 0.9999997072193615, -0.0007649942198150096, 1.8575124886273775e-05], "world_rotation": [0.0, 1.0, 0.0, 0.0]}, {"color": "CVRed", "id_name": "object10165499246941", "shape": "CVBox", "id_string": "ob562", "world_size": [0.1, 0.1, 0.1], "id": 562, "camera_size": [41, 41], "camera_position": [256, 254], "world_position": [0.705, 0.6498037994254439, -0.15], "world_orientation": [1.0, 8.100187187665134e-17, -1.2653630886983698e-17, -8.100187187665134e-17, 1.0, -1.9397816686250694e-16, 1.2653630886983698e-17, 1.9397816686250694e-16, 1.0], "world_rotation": [-0.9211093596285536, 0.06008602943210125, 0.38463907325148433, -2.1059189642881336e-16]}], "source": "action wait"}
{"timestamp": 1706067639.730949, "objects": [{"color": "cv_", "id_name": "hand", "shape": "CVCylinder", "id_string": "ob383", "world_size": [0.12, 0.005, 0.12], "id": 383, "camera_size": [49, 50], "camera_position": [246, 330], "world_position": [0.5204709155923403, 0.7017589775995636, -0.17409668591217703], "world_orientation": [1.812344823476335e-05, 0.04854142772140433, 0.9988211699129672, -0.0007626984614650773, -0.9988208788943824, 0.04854142741731463, 0.9999997089812565, -0.0007626791076187463, 1.892039374637183e-05], "world_rotation": [0.0, 1.0, 0.0, 0.0]}, {"color": "CVRed", "id_name": "object10165499246941", "shape": "CVBox", "id_string": "ob562", "world_size": [0.1, 0.1, 0.1], "id": 562, "camera_size": [41, 41], "camera_position": [256, 254], "world_position": [0.705, 0.6498037994254439, -0.15], "world_orientation": [1.0, 8.100187187665134e-17, -1.2653630886983698e-17, -8.100187187665134e-17, 1.0, -1.9397816686250694e-16, 1.2653630886983698e-17, 1.9397816686250694e-16, 1.0], "world_rotation": [-0.9211093596285536, 0.06008602943210125, 0.38463907325148433, -2.1059189642881336e-16]}], "source": "action wait"}
{"timestamp": 1706067639.766251, "objects": [{"color": "cv_", "id_name": "hand", "shape": "CVCylinder", "id_string": "ob383", "world_size": [0.12, 0.005, 0.12], "id": 383, "camera_size": [49, 49], "camera_position": [246, 325], "world_position": [0.5318119718102222, 0.6921219915476066, -0.1740974206709016], "world_orientation": [8.098504987150274e-06, 0.03374609840782512, 0.999430438188003, -0.0007616726521550441, -0.999430148105175, 0.03374609478500823, 0.9999997098945506, -0.0007615121254164103, 1.7609590235811365e-05], "world_rotation": [0.0, 1.0, 0.0, 0.0]}, {"color": "CVRed", "id_name": "object10165499246941", "shape": "CVBox", "id_string": "ob562", "world_size": [0.1, 0.1, 0.1], "id": 562, "camera_size": [41, 41], "camera_position": [256, 254], "world_position": [0.705, 0.6498037994254439, -0.15], "world_orientation": [1.0, 8.100187187665134e-17, -1.2653630886983698e-17, -8.100187187665134e-17, 1.0, -1.9397816686250694e-16, 1.2653630886983698e-17, 1.9397816686250694e-16, 1.0], "world_rotation": [-0.9211093596285536, 0.06008602943210125, 0.38463907325148433, -2.1059189642881336e-16]}], "source": "action wait"}
{"timestamp": 1706067639.801776, "objects": [{"color": "cv_", "id_name": "hand", "shape": "CVCylinder", "id_string": "ob383", "world_size": [0.12, 0.005, 0.12], "id": 383, "camera_size": [49, 50], "camera_position": [246, 321], "world_position": [0.5396841239621184, 0.6851773793021866, -0.17409846359670164], "world_orientation": [2.107303901236237e-06, 0.02331016007275646, 0.9997282813009453, -0.0007612279274281378, -0.9997279916104778, 0.023310154922764864, 0.9999997102637589, -0.0007610702091467779, 1.5637614143679447e-05], "world_rotation": [0.0, 1.0, 0.0, 0.0]}, {"color": "CVRed", "id_name": "object10165499246941", "shape": "CVBox", "id_string": "ob562", "world_size": [0.1, 0.1, 0.1], "id": 562, "camera_size": [41, 41], "camera_position": [256, 254], "world_position": [0.705, 0.6498037994254439, -0.15], "world_orientation": [1.0, 8.100187187665134e-17, -1.2653630886983698e-17, -8.100187187665134e-17, 1.0, -1.9397816686250694e-16, 1.2653630886983698e-17, 1.9397816686250694e-16, 1.0], "world_rotation": [-0.9211093596285536, 0.06008602943210125, 0.38463907325148433, -2.1059189642881336e-16]}], "source": "action wait"}
{"timestamp": 1706067639.835253, "objects": [{"color": "cv_", "id_name": "hand", "shape": "CVCylinder", "id_string": "ob383", "world_size": [0.12, 0.005, 0.12], "id": 383, "camera_size": [49, 49], "camera_position": [246, 319], "world_position": [0.5451714674710836, 0.6802145213785424, -0.17409955864274548], "world_orientation": [-1.3713869276803227e-06, 0.015950671526194584, 0.9998727799455204, -0.0007611640058951205, -0.9998724903146005, 0.015950665861816322, 0.9999997103136958, -0.0007610452960345423, 1.3512289098529841e-05], "world_rotation": [0.0, 1.0, 0.0, 0.0]}, {"color": "CVRed", "id_name": "object10165499246941", "shape": "CVBox", "id_string": "ob562", "world_size": [0.1, 0.1, 0.1], "id": 562, "camera_size": [41, 41], "camera_position": [256, 254], "world_position": [0.705, 0.6498037994254439, -0.15], "world_orientation": [1.0, 8.100187187665134e-17, -1.2653630886983698e-17, -8.100187187665134e-17, 1.0, -1.9397816686250694e-16, 1.2653630886983698e-17, 1.9397816686250694e-16, 1.0], "world_rotation": [-0.9211093596285536, 0.06008602943210125, 0.38463907325148433, -2.1059189642881336e-16]}], "source": "action wait"}
{"timestamp": 1706067639.868524, "objects": [{"color": "cv_", "id_name": "hand", "shape": "CVCylinder", "id_string": "ob383", "world_size": [0.12, 0.005, 0.12], "id": 383, "camera_size": [49, 49], "camera_position": [246, 317], "world_position": [0.549008735867414, 0.6766872286112033, -0.17410057783287658], "world_orientation": [-3.3283297646025e-06, 0.010761184284760443, 0.9999420967744641, -0.0007613131479816676, -0.9999418070251541, 0.0107611786324866, 0.9999997101955646, -0.0007612332487439763, 1.152076716340254e-05], "world_rotation": [0.0, 1.0, 0.0, 0.0]}, {"color": "CVRed", "id_name": "object10165499246941", "shape": "CVBox", "id_string": "ob562", "world_size": [0.1, 0.1, 0.1], "id": 562, "camera_size": [41, 41], "camera_position": [256, 254], "world_position": [0.705, 0.6498037994254439, -0.15], "world_orientation": [1.0, 8.100187187665134e-17, -1.2653630886983698e-17, -8.100187187665134e-17, 1.0, -1.9397816686250694e-16, 1.2653630886983698e-17, 1.9397816686250694e-16, 1.0], "world_rotation": [-0.9211093596285536, 0.06008602943210125, 0.38463907325148433, -2.1059189642881336e-16]}], "source": "action wait"}
{"timestamp": 1706067639.898592, "objects": [{"color": "cv_", "id_name": "hand", "shape": "CVCylinder", "id_string": "ob383", "world_size": [0.12, 0.005, 0.12], "id": 383, "camera_size": [49, 49], "camera_position": [246, 316], "world_position": [0.5516985213422184, 0.6741892662260803, -0.1741014667726954], "world_orientation": [-4.356626833848545e-06, 0.007101976033704327, 0.9999747806407103, -0.0007615585955254879, -0.9999744906952872, 0.007101970656557032, 0.9999997100047207, -0.0007615084488700787, 9.765086593377353e-06], "world_rotation": [0.0, 1.0, 0.0, 0.0]}, {"color": "CVRed", "id_name": "object10165499246941", "shape": "CVBox", "id_string": "ob562", "world_size": [0.1, 0.1, 0.1], "id": 562, "camera_size": [41, 41], "camera_position": [256, 254], "world_position": [0.705, 0.6498037994254439, -0.15], "world_orientation": [1.0, 8.100187187665134e-17, -1.2653630886983698e-17, -8.100187187665134e-17, 1.0, -1.9397816686250694e-16, 1.2653630886983698e-17, 1.9397816686250694e-16, 1.0], "world_rotation": [-0.9211093596285536, 0.06008602943210125, 0.38463907325148433, -2.1059189642881336e-16]}], "source": "action wait"}
