{"timestamp": 1706067378.16402, "objects": [{"color": "cv_", "id_name": "hand", "shape": "CVCylinder", "id_string": "ob383", "world_size": [0.12, 0.005, 0.12], "id": 383, "camera_size": [48, 50], "camera_position": [246, 426], "world_position": [0.2676445155401378, 0.6334703013847419, -0.1738926040084783], "world_orientation": [-0.000641551155032566, 0.197915474866414, 0.9802188802611982, -0.0007473675258930071, -0.9802189031249673, 0.19791499033238302, 0.9999995149268308, -0.0006056111687287149, 0.0007767761682718585], "world_rotation": [0.0, 1.0, 0.0, 0.0]}, {"color": "CVGreen", "id_name": "object77704940079094", "shape": "CVCone", "id_string": "ob520", "world_size": [0.09, 0.09, 0.09], "id": 520, "camera_size": [37, 37], "camera_position": [256, 254], "world_position": [0.705, 0.644856964849591, -0.15], "world_orientation": [1.0, -3.248937977869676e-17, -1.2807790779525605e-17, 3.248937977869676e-17, 1.0, -6.497875955739369e-17, 1.2807790779525605e-17, 6.497875955739369e-17, 1.0], "world_rotation": [-0.8808431718627018, 0.17362065899128884, -0.4404215859313497, -7.376881791566185e-17]}], "source": "manual check"}
{"timestamp": 1706067379.181194, "objects": [{"color": "cv_", "id_name": "hand", "shape": "CVCylinder", "id_string": "ob383", "world_size": [0.12, 0.005, 0.12], "id": 383, "camera_size": [48, 50], "camera_position": [246, 426], "world_position": [0.2676445155401378, 0.6334703013847419, -0.1738926040084783], "world_orientation": [-0.000641551155032566, 0.197915474866414, 0.9802188802611982, -0.0007473675258930071, -0.9802189031249673, 0.19791499033238302, 0.9999995149268308, -0.0006056111687287149, 0.0007767761682718585], "world_rotation": [0.0, 1.0, 0.0, 0.0]}, {"color": "CVGreen", "id_name": "object77704940079094", "shape": "CVCone", "id_string": "ob520", "world_size": [0.09, 0.09, 0.09], "id": 520, "camera_size": [37, 37], "camera_position": [256, 254], "world_position": [0.705, 0.6448569696296074, -0.15], "world_orientation": [1.0, -4.331917303826236e-17, -1.1712398707441946e-17, 4.331917303826236e-17, 1.0, -5.775889738434995e-17, 1.1712398707441946e-17, 5.775889738434995e-17, 1.0], "world_rotation": [-0.7896765794068324, 0.16013129347666225, -0.5922574345551229, -7.314247236221149e-17]}], "source": "manual check"}
{"timestamp": 1706067380.362316, "objects": [{"color": "cv_", "id_name": "hand", "shape": "CVCylinder", "id_string": "ob383", "world_size": [0.12, 0.005, 0.12], "id": 383, "camera_size": [48, 50], "camera_position": [246, 426], "world_position": [0.2676445155401378, 0.6334703013847419, -0.1738926040084783], "world_orientation": [-0.000641551155032566, 0.197915474866414, 0.9802188802611982, -0.0007473675258930071, -0.9802189031249673, 0.19791499033238302, 0.9999995149268308, -0.0006056111687287149, 0.0007767761682718585], "world_rotation": [0.0, 1.0, 0.0, 0.0]}, {"color": "CVGreen", "id_name": "object77704940079094", "shape": "CVCone", "id_string": "ob520", "world_size": [0.09, 0.09, 0.09], "id": 520, "camera_size": [37, 37], "camera_position": [256, 254], "world_position": [0.705, 0.6448569696296074, -0.15], "world_orientation": [1.0, -4.331917303826236e-17, -1.1712398707441946e-17, 4.331917303826236e-17, 1.0, -5.775889738434995e-17, 1.1712398707441946e-17, 5.775889738434995e-17, 1.0], "world_rotation": [-0.7896765794068324, 0.16013129347666225, -0.5922574345551229, -7.314247236221149e-17]}], "source": "action wait"}
{"timestamp": 1706067380.392558, "objects": [{"color": "cv_", "id_name": "hand", "shape": "CVCylinder", "id_string": "ob383", "world_size": [0.12, 0.005, 0.12], "id": 383, "camera_size": [48, 50], "camera_position": [246, 444], "world_position": [0.22509914268330816, 0.6416776009088834, -0.17397247098476148], "world_orientation": [-0.0005243734571408168, 0.08775991074760735, 0.9961415176058317, -0.0007630957680527181, -0.9961413996417208, 0.08775949865788073, 0.9999995713585713, -0.0007141326247587711, 0.0005893193260277995], "world_rotation": [0.0, 1.0, 0.0, 0.0]}, {"color": "CVGreen", "id_name": "object77704940079094", "shape": "CVCone", "id_string": "ob520", "world_size": [0.09, 0.09, 0.09], "id": 520, "camera_size": [37, 37], "camera_position": [256, 254], "world_position": [0.705, 0.6448569696296074, -0.15], "world_orientation": [1.0, -4.331917303826236e-17, -1.1712398707441946e-17, 4.331917303826236e-17, 1.0, -5.775889738434995e-17, 1.1712398707441946e-17, 5.775889738434995e-17, 1.0], "world_rotation": [-0.7896765794068324, 0.16013129347666225, -0.5922574345551229, -7.314247236221149e-17]}], "source": "action wait"}
{"timestamp": 1706067380.428302, "objects": [{"color": "cv_", "id_name": "hand", "shape": "CVCylinder", "id_string": "ob383", "world_size": [0.12, 0.005, 0.12], "id": 383, "camera_size": [48, 50], "camera_position": [246, 470], "world_position": [0.163867024713824, 0.657111665239619, -0.17403839996950354], "world_orientation": [-0.00037992516670210165, 0.060324247502869216, 0.9981787619560338, -0.0007693266984678677, -0.9981785562352066, 0.06032394225040423, 0.9999996318965817, -0.0007450069876011024, 0.00042564220854545055], "world_rotation": [0.0, 1.0, 0.0, 0.0]}, {"color": "CVGreen", "id_name": "object77704940079094", "shape": "CVCone", "id_string": "ob520", "world_size": [0.09, 0.09, 0.09], "id": 520, "camera_size": [37, 37], "camera_position": [256, 254], "world_position": [0.705, 0.6448569696296074, -0.15], "world_orientation": [1.0, -4.331917303826236e-17, -1.1712398707441946e-17, 4.331917303826236e-17, 1.0, -5.775889738434995e-17, 1.1712398707441946e-17, 5.775889738434995e-17, 1.0], "world_rotation": [-0.7896765794068324, 0.16013129347666225, -0.5922574345551229, -7.314247236221149e-17]}], "source": "action wait"}
{"timestamp": 1706067380.464458, "objects": [{"color": "cv_", "id_name": "hand", "shape": "CVCylinder", "id_string": "ob383", "world_size": [0.12, 0.005, 0.12], "id": 383, "camera_size": [48, 46], "camera_position": [246, 488], "world_position": [0.11761512357282215, 0.6637246253966013, -0.17407773929090722], "world_orientation": [-0.00025835688898507057, 0.042222430214493935, 0.999108202167563, -0.000769956103953319, -0.9991079477590443, 0.04222222036213893, 0.9999996702096037, -0.0007583610572703005, 0.00029063583901105727], "world_rotation": [0.0, 1.0, 0.0, 0.0]}, {"color": "CVGreen", "id_name": "object77704940079094", "shape": "CVCone", "id_string": "ob520", "world_size": [0.09, 0.09, 0.09], "id": 520, "camera_size": [37, 37], "camera_position": [256, 254], "world_position": [0.705, 0.6448569696296074, -0.15], "world_orientation": [1.0, -4.331917303826236e-17, -1.1712398707441946e-17, 4.331917303826236e-17, 1.0, -5.775889738434995e-17, 1.1712398707441946e-17, 5.775889738434995e-17, 1.0], "world_rotation": [-0.7896765794068324, 0.16013129347666225, -0.5922574345551229, -7.314247236221149e-17]}], "source": "action wait"}
{"timestamp": 1706067380.498289, "objects": [{"color": "cv_", "id_name": "hand", "shape": "CVCylinder", "id_string": "ob383", "world_size": [0.12, 0.005, 0.12], "id": 383, "camera_size": [48, 34], "camera_position": [246, 494], "world_position": [0.08418837827726643, 0.6660511426486841, -0.1740965352851718], "world_orientation": [-0.0001754962621350243, 0.029411733738436297, 0.9995673659736803, -0.0007680372135745386, -0.9995670905177899, 0.02941159078729582, 0.9999996896599022, -0.0007625433102962055, 0.00019800959416629334], "world_rotation": [0.0, 1.0, 0.0, 0.0]}, {"color": "CVGreen", "id_name": "object77704940079094", "shape": "CVCone", "id_string": "ob520", "world_size": [0.09, 0.09, 0.09], "id": 520, "camera_size": [37, 37], "camera_position": [256, 254], "world_position": [0.705, 0.6448569696296074, -0.15], "world_orientation": [1.0, -4.331917303826236e-17, -1.1712398707441946e-17, 4.331917303826236e-17, 1.0, -5.775889738434995e-17, 1.1712398707441946e-17, 5.775889738434995e-17, 1.0], "world_rotation": [-0.7896765794068324, 0.16013129347666225, -0.5922574345551229, -7.314247236221149e-17]}], "source": "action wait"}
{"timestamp": 1706067380.530961, "objects": [{"color": "cv_", "id_name": "hand", "shape": "CVCylinder", "id_string": "ob383", "world_size": [0.12, 0.005, 0.12], "id": 383, "camera_size": [48, 26], "camera_position": [246, 498], "world_position": [0.060306839628814, 0.6665238411852328, -0.17410508014164433], "world_orientation": [-0.00011940885110150765, 0.020349421109310928, 0.9997929219603638, -0.0007659057901396046, -0.9997926377040479, 0.020349323848788802, 0.9999996995648784, -0.0007633172984889126, 0.00013496982966196825], "world_rotation": [0.0, 1.0, 0.0, 0.0]}, {"color": "CVGreen", "id_name": "object77704940079094", "shape": "CVCone", "id_string": "ob520", "world_size": [0.09, 0.09, 0.09], "id": 520, "camera_size": [37, 37], "camera_position": [256, 254], "world_position": [0.705, 0.6448569696296074, -0.15], "world_orientation": [1.0, -4.331917303826236e-17, -1.1712398707441946e-17, 4.331917303826236e-17, 1.0, -5.775889738434995e-17, 1.1712398707441946e-17, 5.775889738434995e-17, 1.0], "world_rotation": [-0.7896765794068324, 0.16013129347666225, -0.5922574345551229, -7.314247236221149e-17]}], "source": "action wait"}
{"timestamp": 1706067380.563592, "objects": [{"color": "cv_", "id_name": "hand", "shape": "CVCylinder", "id_string": "ob383", "world_size": [0.12, 0.005, 0.12], "id": 383, "camera_size": [48, 20], "camera_position": [246, 501], "world_position": [0.04334974684593729, 0.6662848045000541, -0.17410866343484094], "world_orientation": [-8.158131542859565e-05, 0.01394055048171532, 0.9999028224766425, -0.0007642814061869191, -0.9999025346385854, 0.013940484111562526, 0.9999997046091671, -0.0007630698521815382, 9.222786760175712e-05], "world_rotation": [0.0, 1.0, 0.0, 0.0]}, {"color": "CVGreen", "id_name": "object77704940079094", "shape": "CVCone", "id_string": "ob520", "world_size": [0.09, 0.09, 0.09], "id": 520, "camera_size": [37, 37], "camera_position": [256, 254], "world_position": [0.705, 0.6448569696296074, -0.15], "world_orientation": [1.0, -4.331917303826236e-17, -1.1712398707441946e-17, 4.331917303826236e-17, 1.0, -5.775889738434995e-17, 1.1712398707441946e-17, 5.775889738434995e-17, 1.0], "world_rotation": [-0.7896765794068324, 0.16013129347666225, -0.5922574345551229, -7.314247236221149e-17]}], "source": "action wait"}
{"timestamp": 1706067380.593898, "objects": [{"color": "cv_", "id_name": "hand", "shape": "CVCylinder", "id_string": "ob383", "world_size": [0.12, 0.005, 0.12], "id": 383, "camera_size": [48, 16], "camera_position": [246, 503], "world_position": [0.03135021063285331, 0.6658407144191766, -0.17410992310121085], "world_orientation": [-5.6114158977765446e-05, 0.009409058162788676, 0.9999557322580288, -0.0007632478631089087, -0.9999554429745392, 0.009409012609875542, 0.9999997071519074, -0.0007626860970204083, 6.329310223473877e-05], "world_rotation": [0.0, 1.0, 0.0, 0.0]}, {"color": "CVGreen", "id_name": "object77704940079094", "shape": "CVCone", "id_string": "ob520", "world_size": [0.09, 0.09, 0.09], "id": 520, "camera_size": [37, 37], "camera_position": [256, 254], "world_position": [0.705, 0.6448569696296074, -0.15], "world_orientation": [1.0, -4.331917303826236e-17, -1.1712398707441946e-17, 4.331917303826236e-17, 1.0, -5.775889738434995e-17, 1.1712398707441946e-17, 5.775889738434995e-17, 1.0], "world_rotation": [-0.7896765794068324, 0.16013129347666225, -0.5922574345551229, -7.314247236221149e-17]}], "source": "action wait"}
{"timestamp": 1706067380.625178, "objects": [{"color": "cv_", "id_name": "hand", "shape": "CVCylinder", "id_string": "ob383", "world_size": [0.12, 0.005, 0.12], "id": 383, "camera_size": [48, 13], "camera_position": [246, 505], "world_position": [0.022874988172843707, 0.6653975046133178, -0.17411014934689134], "world_orientation": [-3.897670199350828e-05, 0.006205439371642256, 0.9999807453161393, -0.0007626837115549158, -0.99998045542252, 0.006205407845222439, 0.9999997083971439, -0.0007624271599891915, 4.370872774249596e-05], "world_rotation": [0.0, 1.0, 0.0, 0.0]}, {"color": "CVGreen", "id_name": "object77704940079094", "shape": "CVCone", "id_string": "ob520", "world_size": [0.09, 0.09, 0.09], "id": 520, "camera_size": [37, 37], "camera_position": [256, 254], "world_position": [0.705, 0.6448569696296074, -0.15], "world_orientation": [1.0, -4.331917303826236e-17, -1.1712398707441946e-17, 4.331917303826236e-17, 1.0, -5.775889738434995e-17, 1.1712398707441946e-17, 5.775889738434995e-17, 1.0], "world_rotation": [-0.7896765794068324, 0.16013129347666225, -0.5922574345551229, -7.314247236221149e-17]}], "source": "action wait"}
{"timestamp": 1706067380.656496, "objects": [{"color": "cv_", "id_name": "hand", "shape": "CVCylinder", "id_string": "ob383", "world_size": [0.12, 0.005, 0.12], "id": 383, "camera_size": [48, 11], "camera_position": [246, 506], "world_position": [0.016895399021654017, 0.6650251015942024, -0.17410995909520577], "world_orientation": [-2.7469292169045804e-05, 0.0039408298654131455, 0.9999922345225537, -0.0007624363047048626, -0.9999919443300219, 0.003940807778056966, 0.9999997089681174, -0.0007623221328230536, 3.0473702645915346e-05], "world_rotation": [0.0, 1.0, 0.0, 0.0]}, {"color": "CVGreen", "id_name": "object77704940079094", "shape": "CVCone", "id_string": "ob520", "world_size": [0.09, 0.09, 0.09], "id": 520, "camera_size": [37, 37], "camera_position": [256, 254], "world_position": [0.705, 0.6448569696296074, -0.15], "world_orientation": [1.0, -4.331917303826236e-17, -1.1712398707441946e-17, 4.331917303826236e-17, 1.0, -5.775889738434995e-17, 1.1712398707441946e-17, 5.775889738434995e-17, 1.0], "world_rotation": [-0.7896765794068324, 0.16013129347666225, -0.5922574345551229, -7.314247236221149e-17]}], "source": "action wait"}
{"timestamp": 1706067380.688976, "objects": [{"color": "cv_", "id_name": "hand", "shape": "CVCylinder", "id_string": "ob383", "world_size": [0.12, 0.005, 0.12], "id": 383, "camera_size": [48, 10], "camera_position": [246, 506], "world_position": [0.012679115882221755, 0.6647359057131538, -0.17410963746615554], "world_orientation": [-1.9733181772934963e-05, 0.0023401411402229517, 0.9999972616712735, -0.0007623793436355894, -0.9999969712907993, 0.0023401254164786577, 0.9999997091941267, -0.0007623310778704803, 2.1517197273728712e-05], "world_rotation": [0.0, 1.0, 0.0, 0.0]}, {"color": "CVGreen", "id_name": "object77704940079094", "shape": "CVCone", "id_string": "ob520", "world_size": [0.09, 0.09, 0.09], "id": 520, "camera_size": [37, 37], "camera_position": [256, 254], "world_position": [0.705, 0.6448569696296074, -0.15], "world_orientation": [1.0, -4.331917303826236e-17, -1.1712398707441946e-17, 4.331917303826236e-17, 1.0, -5.775889738434995e-17, 1.1712398707441946e-17, 5.775889738434995e-17, 1.0], "world_rotation": [-0.7896765794068324, 0.16013129347666225, -0.5922574345551229, -7.314247236221149e-17]}], "source": "action wait"}
{"timestamp": 1706067380.723191, "objects": [{"color": "cv_", "id_name": "hand", "shape": "CVCylinder", "id_string": "ob383", "world_size": [0.12, 0.005, 0.12], "id": 383, "camera_size": [48, 9], "camera_position": [246, 507], "world_position": [0.009707139196396347, 0.6645208159578024, -0.1741093085501995], "world_orientation": [-1.454670829118719e-05, 0.00120881697574041, 0.9999992692746893, -0.0007624243900478748, -0.9999989787485941, 0.0012088055337744338, 0.9999997092486792, -0.0007624062487839446, 1.546832498111383e-05], "world_rotation": [0.0, 1.0, 0.0, 0.0]}, {"color": "CVGreen", "id_name": "object77704940079094", "shape": "CVCone", "id_string": "ob520", "world_size": [0.09, 0.09, 0.09], "id": 520, "camera_size": [37, 37], "camera_position": [256, 254], "world_position": [0.705, 0.6448569696296074, -0.15], "world_orientation": [1.0, -4.331917303826236e-17, -1.1712398707441946e-17, 4.331917303826236e-17, 1.0, -5.775889738434995e-17, 1.1712398707441946e-17, 5.775889738434995e-17, 1.0], "world_rotation": [-0.7896765794068324, 0.16013129347666225, -0.5922574345551229, -7.314247236221149e-17]}], "source": "action wait"}
{"timestamp": 1706067380.760481, "objects": [{"color": "cv_", "id_name": "hand", "shape": "CVCylinder", "id_string": "ob383", "world_size": [0.12, 0.005, 0.12], "id": 383, "camera_size": [48, 8], "camera_position": [246, 507], "world_position": [0.00761259816152134, 0.6643649193521527, -0.174109020018785], "world_orientation": [-1.1062934268985936e-05, 0.0004092810736010525, 0.9999999161833036, -0.0007625152514458012, -0.9999996255331782, 0.0004092725189869146, 0.9999997092240092, -0.0007625106597796956, 1.1375013187397643e-05], "world_rotation": [0.0, 1.0, 0.0, 0.0]}, {"color": "CVGreen", "id_name": "object77704940079094", "shape": "CVCone", "id_string": "ob520", "world_size": [0.09, 0.09, 0.09], "id": 520, "camera_size": [37, 37], "camera_position": [256, 254], "world_position": [0.705, 0.6448569696296074, -0.15], "world_orientation": [1.0, -4.331917303826236e-17, -1.1712398707441946e-17, 4.331917303826236e-17, 1.0, -5.775889738434995e-17, 1.1712398707441946e-17, 5.775889738434995e-17, 1.0], "world_rotation": [-0.7896765794068324, 0.16013129347666225, -0.5922574345551229, -7.314247236221149e-17]}], "source": "action wait"}
{"timestamp": 1706067380.79308, "objects": [{"color": "cv_", "id_name": "hand", "shape": "CVCylinder", "id_string": "ob383", "world_size": [0.12, 0.005, 0.12], "id": 383, "camera_size": [48, 7], "camera_position": [246, 508], "world_position": [0.006136542620953705, 0.664253734424576, -0.17410878463888024], "world_orientation": [-8.72785537546398e-06, -0.0001557376879421184, 0.9999999878347986, -0.0007626192034784693, -0.9999996970777862, -0.00015574429869013304, 0.9999997091678453, -0.0007626205535150954, 8.609084180436461e-06], "world_rotation": [0.0, 1.0, 0.0, 0.0]}, {"color": "CVGreen", "id_name": "object77704940079094", "shape": "CVCone", "id_string": "ob520", "world_size": [0.09, 0.09, 0.09], "id": 520, "camera_size": [37, 37], "camera_position": [256, 254], "world_position": [0.705, 0.6448569696296074, -0.15], "world_orientation": [1.0, -4.331917303826236e-17, -1.1712398707441946e-17, 4.331917303826236e-17, 1.0, -5.775889738434995e-17, 1.1712398707441946e-17, 5.775889738434995e-17, 1.0], "world_rotation": [-0.7896765794068324, 0.16013129347666225, -0.5922574345551229, -7.314247236221149e-17]}], "source": "action wait"}
{"timestamp": 1706067380.826008, "objects": [{"color": "cv_", "id_name": "hand", "shape": "CVCylinder", "id_string": "ob383", "world_size": [0.12, 0.005, 0.12], "id": 383, "camera_size": [48, 7], "camera_position": [246, 508], "world_position": [0.005096352841081201, 0.6641752484319206, -0.17410860034501655], "world_orientation": [-7.164259961789978e-06, -0.0005550056688899109, 0.9999998459586786, -0.0007627189128980124, -0.9999995551112417, -0.0005550109717849938, 0.9999997091042244, -0.000762722771650996, 6.7409434544270295e-06], "world_rotation": [0.0, 1.0, 0.0, 0.0]}, {"color": "CVGreen", "id_name": "object77704940079094", "shape": "CVCone", "id_string": "ob520", "world_size": [0.09, 0.09, 0.09], "id": 520, "camera_size": [37, 37], "camera_position": [256, 254], "world_position": [0.705, 0.6448569696296074, -0.15], "world_orientation": [1.0, -4.331917303826236e-17, -1.1712398707441946e-17, 4.331917303826236e-17, 1.0, -5.775889738434995e-17, 1.1712398707441946e-17, 5.775889738434995e-17, 1.0], "world_rotation": [-0.7896765794068324, 0.16013129347666225, -0.5922574345551229, -7.314247236221149e-17]}], "source": "action wait"}
{"timestamp": 1706067380.857018, "objects": [{"color": "cv_", "id_name": "hand", "shape": "CVCylinder", "id_string": "ob383", "world_size": [0.12, 0.005, 0.12], "id": 383, "camera_size": [48, 7], "camera_position": [246, 508], "world_position": [0.0043633022564062, 0.6641202057115501, -0.17410845971081915], "world_orientation": [-6.118409037501081e-06, -0.0008371330002446798, 0.9999996495853912, -0.0007628064810934877, -0.9999993586633974, -0.0008371374238672363, 0.9999997090443764, -0.0007628113357444631, 5.47983463578123e-06], "world_rotation": [0.0, 1.0, 0.0, 0.0]}, {"color": "CVGreen", "id_name": "object77704940079094", "shape": "CVCone", "id_string": "ob520", "world_size": [0.09, 0.09, 0.09], "id": 520, "camera_size": [37, 37], "camera_position": [256, 254], "world_position": [0.705, 0.6448569696296074, -0.15], "world_orientation": [1.0, -4.331917303826236e-17, -1.1712398707441946e-17, 4.331917303826236e-17, 1.0, -5.775889738434995e-17, 1.1712398707441946e-17, 5.775889738434995e-17, 1.0], "world_rotation": [-0.7896765794068324, 0.16013129347666225, -0.5922574345551229, -7.314247236221149e-17]}], "source": "action wait"}
{"timestamp": 1706067380.887555, "objects": [{"color": "cv_", "id_name": "hand", "shape": "CVCylinder", "id_string": "ob383", "world_size": [0.12, 0.005, 0.12], "id": 383, "camera_size": [48, 7], "camera_position": [246, 508], "world_position": [0.003846676822247349, 0.6640817605279818, -0.17410835422378765], "world_orientation": [-5.419659048363152e-06, -0.0010364787417487483, 0.9999994628410783, -0.0007628794025514883, -0.999999171859102, -0.001036482574699966, 0.9999997089927799, -0.0007628846101465084, 4.628946277222933e-06], "world_rotation": [0.0, 1.0, 0.0, 0.0]}, {"color": "CVGreen", "id_name": "object77704940079094", "shape": "CVCone", "id_string": "ob520", "world_size": [0.09, 0.09, 0.09], "id": 520, "camera_size": [37, 37], "camera_position": [256, 254], "world_position": [0.705, 0.6448569696296074, -0.15], "world_orientation": [1.0, -4.331917303826236e-17, -1.1712398707441946e-17, 4.331917303826236e-17, 1.0, -5.775889738434995e-17, 1.1712398707441946e-17, 5.775889738434995e-17, 1.0], "world_rotation": [-0.7896765794068324, 0.16013129347666225, -0.5922574345551229, -7.314247236221149e-17]}], "source": "action wait"}
{"timestamp": 1706067380.91887, "objects": [{"color": "cv_", "id_name": "hand", "shape": "CVCylinder", "id_string": "ob383", "world_size": [0.12, 0.005, 0.12], "id": 383, "camera_size": [48, 7], "camera_position": [246, 508], "world_position": [0.003482558087787629, 0.6640549724619311, -0.17410827605186963], "world_orientation": [-4.953394722619105e-06, -0.0011773270777310435, 0.9999993069379679, -0.0007629380063518262, -0.9999990159087453, -0.001177330514229638, 0.9999997089504888, -0.0007629433093715561, 4.0551622748822304e-06], "world_rotation": [0.0, 1.0, 0.0, 0.0]}, {"color": "CVGreen", "id_name": "object77704940079094", "shape": "CVCone", "id_string": "ob520", "world_size": [0.09, 0.09, 0.09], "id": 520, "camera_size": [37, 37], "camera_position": [256, 254], "world_position": [0.705, 0.6448569696296074, -0.15], "world_orientation": [1.0, -4.331917303826236e-17, -1.1712398707441946e-17, 4.331917303826236e-17, 1.0, -5.775889738434995e-17, 1.1712398707441946e-17, 5.775889738434995e-17, 1.0], "world_rotation": [-0.7896765794068324, 0.16013129347666225, -0.5922574345551229, -7.314247236221149e-17]}], "source": "action wait"}
{"timestamp": 1706067380.951794, "objects": [{"color": "cv_", "id_name": "hand", "shape": "CVCylinder", "id_string": "ob383", "world_size": [0.12, 0.005, 0.12], "id": 383, "camera_size": [48, 7], "camera_position": [246, 508], "world_position": [0.0032259100229920816, 0.6640363305526342, -0.1741082186326034], "world_orientation": [-4.642728971282223e-06, -0.0012768403649890874, 0.9999991848282316, -0.0007629839252702262, -0.9999988937624459, -0.001276843535674124, 0.9999997089169452, -0.000762989231346129, 3.6685151620621323e-06], "world_rotation": [0.0, 1.0, 0.0, 0.0]}, {"color": "CVGreen", "id_name": "object77704940079094", "shape": "CVCone", "id_string": "ob520", "world_size": [0.09, 0.09, 0.09], "id": 520, "camera_size": [37, 37], "camera_position": [256, 254], "world_position": [0.705, 0.6448569696296074, -0.15], "world_orientation": [1.0, -4.331917303826236e-17, -1.1712398707441946e-17, 4.331917303826236e-17, 1.0, -5.775889738434995e-17, 1.1712398707441946e-17, 5.775889738434995e-17, 1.0], "world_rotation": [-0.7896765794068324, 0.16013129347666225, -0.5922574345551229, -7.314247236221149e-17]}], "source": "action wait"}
{"timestamp": 1706067382.30395, "objects": [{"color": "CVGreen", "id_name": "object77704940079094", "shape": "CVCone", "id_string": "ob520", "world_size": [0.09, 0.09, 0.09], "id": 520, "camera_size": [37, 37], "camera_position": [256, 254], "world_position": [0.705, 0.6448569696296074, -0.15], "world_orientation": [1.0, -4.331917303826236e-17, -1.1712398707441946e-17, 4.331917303826236e-17, 1.0, -5.775889738434995e-17, 1.1712398707441946e-17, 5.775889738434995e-17, 1.0], "world_rotation": [-0.7896765794068324, 0.16013129347666225, -0.5922574345551229, -7.314247236221149e-17]}], "source": "action wait"}
{"timestamp": 1706067382.33988, "objects": [{"color": "cv_", "id_name": "hand", "shape": "CVCylinder", "id_string": "ob383", "world_size": [0.12, 0.005, 0.12], "id": 383, "camera_size": [51, 11], "camera_position": [246, 506], "world_position": [0.035440390040384184, 0.7201677585810755, -0.17412270189679738], "world_orientation": [0.00015844814654228707, 0.19403253059502373, 0.9809950825386824, -0.000707767512907534, -0.9809948273859976, 0.1940325944450172, 0.9999997369796318, -0.0007250605547018163, -1.8106890564058945e-05], "world_rotation": [0.0, 1.0, 0.0, 0.0]}, {"color": "CVGreen", "id_name": "object77704940079094", "shape": "CVCone", "id_string": "ob520", "world_size": [0.09, 0.09, 0.09], "id": 520, "camera_size": [37, 37], "camera_position": [256, 254], "world_position": [0.705, 0.6448569696296074, -0.15], "world_orientation": [1.0, -4.331917303826236e-17, -1.1712398707441946e-17, 4.331917303826236e-17, 1.0, -5.775889738434995e-17, 1.1712398707441946e-17, 5.775889738434995e-17, 1.0], "world_rotation": [-0.7896765794068324, 0.16013129347666225, -0.5922574345551229, -7.314247236221149e-17]}], "source": "action wait"}
{"timestamp": 1706067382.373825, "objects": [{"color": "cv_", "id_name": "hand", "shape": "CVCylinder", "id_string": "ob383", "world_size": [0.12, 0.005, 0.12], "id": 383, "camera_size": [52, 21], "camera_position": [245, 501], "world_position": [0.08355290716371658, 0.7737432327817366, -0.17412461965334294], "world_orientation": [0.0002584448025402018, 0.2990780530916356, 0.9542286158804928, -0.000706207867127142, -0.954228355211214, 0.299078162662121, 0.9999997172383263, -0.0007511789522661844, -3.540408486198484e-05], "world_rotation": [0.0, 1.0, 0.0, 0.0]}, {"color": "CVGreen", "id_name": "object77704940079094", "shape": "CVCone", "id_string": "ob520", "world_size": [0.09, 0.09, 0.09], "id": 520, "camera_size": [37, 37], "camera_position": [256, 254], "world_position": [0.705, 0.6448569696296074, -0.15], "world_orientation": [1.0, -4.331917303826236e-17, -1.1712398707441946e-17, 4.331917303826236e-17, 1.0, -5.775889738434995e-17, 1.1712398707441946e-17, 5.775889738434995e-17, 1.0], "world_rotation": [-0.7896765794068324, 0.16013129347666225, -0.5922574345551229, -7.314247236221149e-17]}], "source": "action wait"}
{"timestamp": 1706067382.405516, "objects": [{"color": "cv_", "id_name": "hand", "shape": "CVCylinder", "id_string": "ob383", "world_size": [0.12, 0.005, 0.12], "id": 383, "camera_size": [54, 38], "camera_position": [245, 492], "world_position": [0.13991488298019691, 0.8061558691853226, -0.17412046648328247], "world_orientation": [0.0002908344119278693, 0.34026401985376004, 0.9403298954134686, -0.0007117533357529504, -0.9403296265645064, 0.34026414270717026, 0.9999997044112232, -0.0007682434616133584, -3.12961627921526e-05], "world_rotation": [0.0, 1.0, 0.0, 0.0]}, {"color": "CVGreen", "id_name": "object77704940079094", "shape": "CVCone", "id_string": "ob520", "world_size": [0.09, 0.09, 0.09], "id": 520, "camera_size": [37, 37], "camera_position": [256, 254], "world_position": [0.705, 0.6448569696296074, -0.15], "world_orientation": [1.0, -4.331917303826236e-17, -1.1712398707441946e-17, 4.331917303826236e-17, 1.0, -5.775889738434995e-17, 1.1712398707441946e-17, 5.775889738434995e-17, 1.0], "world_rotation": [-0.7896765794068324, 0.16013129347666225, -0.5922574345551229, -7.314247236221149e-17]}], "source": "action wait"}
{"timestamp": 1706067382.438004, "objects": [{"color": "cv_", "id_name": "hand", "shape": "CVCylinder", "id_string": "ob383", "world_size": [0.12, 0.005, 0.12], "id": 383, "camera_size": [55, 59], "camera_position": [245, 480], "world_position": [0.20084976156920065, 0.8206707680480994, -0.17411714606854506], "world_orientation": [0.0002895405476433166, 0.34129503465665145, 0.939956177427962, -0.0007211942896006065, -0.9399559011148234, 0.34129515648221126, 0.9999996980224886, -0.0007767098141519522, -2.601531630546853e-05], "world_rotation": [0.0, 1.0, 0.0, 0.0]}, {"color": "CVGreen", "id_name": "object77704940079094", "shape": "CVCone", "id_string": "ob520", "world_size": [0.09, 0.09, 0.09], "id": 520, "camera_size": [37, 37], "camera_position": [256, 254], "world_position": [0.705, 0.6448569696296074, -0.15], "world_orientation": [1.0, -4.331917303826236e-17, -1.1712398707441946e-17, 4.331917303826236e-17, 1.0, -5.775889738434995e-17, 1.1712398707441946e-17, 5.775889738434995e-17, 1.0], "world_rotation": [-0.7896765794068324, 0.16013129347666225, -0.5922574345551229, -7.314247236221149e-17]}], "source": "action wait"}
{"timestamp": 1706067382.470932, "objects": [{"color": "cv_", "id_name": "hand", "shape": "CVCylinder", "id_string": "ob383", "world_size": [0.12, 0.005, 0.12], "id": 383, "camera_size": [55, 58], "camera_position": [245, 451], "world_position": [0.26444249570322553, 0.8200603324478986, -0.17411444214157945], "world_orientation": [0.00026473204614217434, 0.3140823177633034, 0.9493957170671117, -0.0007342662985712365, -0.9493954333508788, 0.3140824286481179, 0.9999996953849268, -0.0007802569630438284, -2.071533475781931e-05], "world_rotation": [0.0, 1.0, 0.0, 0.0]}, {"color": "CVGreen", "id_name": "object77704940079094", "shape": "CVCone", "id_string": "ob520", "world_size": [0.09, 0.09, 0.09], "id": 520, "camera_size": [37, 37], "camera_position": [256, 254], "world_position": [0.705, 0.6448569696296074, -0.15], "world_orientation": [1.0, -4.331917303826236e-17, -1.1712398707441946e-17, 4.331917303826236e-17, 1.0, -5.775889738434995e-17, 1.1712398707441946e-17, 5.775889738434995e-17, 1.0], "world_rotation": [-0.7896765794068324, 0.16013129347666225, -0.5922574345551229, -7.314247236221149e-17]}], "source": "action wait"}
{"timestamp": 1706067382.502756, "objects": [{"color": "cv_", "id_name": "hand", "shape": "CVCylinder", "id_string": "ob383", "world_size": [0.12, 0.005, 0.12], "id": 383, "camera_size": [54, 57], "camera_position": [245, 421], "world_position": [0.32867913614382505, 0.8065232395176852, -0.17411205566671792], "world_orientation": [0.00022310280708304236, 0.26633458558627093, 0.9638806143634837, -0.0007488026304921028, -0.9638803236315666, 0.2663346785728951, 0.9999996947598325, -0.0007811763539291193, -1.5612367615841253e-05], "world_rotation": [0.0, 1.0, 0.0, 0.0]}, {"color": "CVGreen", "id_name": "object77704940079094", "shape": "CVCone", "id_string": "ob520", "world_size": [0.09, 0.09, 0.09], "id": 520, "camera_size": [37, 37], "camera_position": [256, 254], "world_position": [0.705, 0.6448569696296074, -0.15], "world_orientation": [1.0, -4.331917303826236e-17, -1.1712398707441946e-17, 4.331917303826236e-17, 1.0, -5.775889738434995e-17, 1.1712398707441946e-17, 5.775889738434995e-17, 1.0], "world_rotation": [-0.7896765794068324, 0.16013129347666225, -0.5922574345551229, -7.314247236221149e-17]}], "source": "action wait"}
{"timestamp": 1706067382.53081, "objects": [{"color": "cv_", "id_name": "hand", "shape": "CVCylinder", "id_string": "ob383", "world_size": [0.12, 0.005, 0.12], "id": 383, "camera_size": [53, 54], "camera_position": [245, 390], "world_position": [0.39176998560585, 0.7818423011831718, -0.17410979254905293], "world_orientation": [0.00016929418749187658, 0.2033723303433512, 0.9791014587825886, -0.0007623326411023457, -0.979101162063466, 0.2033724005240515, 0.9999996950941649, -0.0007808307662861716, -1.0718769985670386e-05], "world_rotation": [0.0, 1.0, 0.0, 0.0]}, {"color": "CVGreen", "id_name": "object77704940079094", "shape": "CVCone", "id_string": "ob520", "world_size": [0.09, 0.09, 0.09], "id": 520, "camera_size": [37, 37], "camera_position": [256, 254], "world_position": [0.705, 0.6448569696296074, -0.15], "world_orientation": [1.0, -4.331917303826236e-17, -1.1712398707441946e-17, 4.331917303826236e-17, 1.0, -5.775889738434995e-17, 1.1712398707441946e-17, 5.775889738434995e-17, 1.0], "world_rotation": [-0.7896765794068324, 0.16013129347666225, -0.5922574345551229, -7.314247236221149e-17]}], "source": "action wait"}
{"timestamp": 1706067382.56615, "objects": [{"color": "cv_", "id_name": "hand", "shape": "CVCylinder", "id_string": "ob383", "world_size": [0.12, 0.005, 0.12], "id": 383, "camera_size": [52, 52], "camera_position": [245, 365], "world_position": [0.4440151892379251, 0.7535446202567919, -0.17410315989209169], "world_orientation": [0.00010715142861866814, 0.14345881530423124, 0.9896562821657213, -0.0007677368753077402, -0.9896559843839382, 0.1434588552622269, 0.9999996995492857, -0.0007751674429882347, 4.09557002968023e-06], "world_rotation": [0.0, 1.0, 0.0, 0.0]}, {"color": "CVGreen", "id_name": "object77704940079094", "shape": "CVCone", "id_string": "ob520", "world_size": [0.09, 0.09, 0.09], "id": 520, "camera_size": [37, 37], "camera_position": [256, 254], "world_position": [0.705, 0.6448569696296074, -0.15], "world_orientation": [1.0, -4.331917303826236e-17, -1.1712398707441946e-17, 4.331917303826236e-17, 1.0, -5.775889738434995e-17, 1.1712398707441946e-17, 5.775889738434995e-17, 1.0], "world_rotation": [-0.7896765794068324, 0.16013129347666225, -0.5922574345551229, -7.314247236221149e-17]}], "source": "action wait"}
{"timestamp": 1706067382.603188, "objects": [{"color": "cv_", "id_name": "hand", "shape": "CVCylinder", "id_string": "ob383", "world_size": [0.12, 0.005, 0.12], "id": 383, "camera_size": [51, 51], "camera_position": [246, 349], "world_position": [0.4794858761776941, 0.7302915674102715, -0.17409838351104628], "world_orientation": [6.301055660766356e-05, 0.10083805620341157, 0.9949028507602073, -0.0007666404786432255, -0.9949025554931628, 0.10083807483064602, 0.9999997041459795, -0.0007690866609329629, 1.4617171881624026e-05], "world_rotation": [0.0, 1.0, 0.0, 0.0]}, {"color": "CVGreen", "id_name": "object77704940079094", "shape": "CVCone", "id_string": "ob520", "world_size": [0.09, 0.09, 0.09], "id": 520, "camera_size": [37, 37], "camera_position": [256, 254], "world_position": [0.705, 0.6448569696296074, -0.15], "world_orientation": [1.0, -4.331917303826236e-17, -1.1712398707441946e-17, 4.331917303826236e-17, 1.0, -5.775889738434995e-17, 1.1712398707441946e-17, 5.775889738434995e-17, 1.0], "world_rotation": [-0.7896765794068324, 0.16013129347666225, -0.5922574345551229, -7.314247236221149e-17]}], "source": "action wait"}
{"timestamp": 1706067382.637106, "objects": [{"color": "cv_", "id_name": "hand", "shape": "CVCylinder", "id_string": "ob383", "world_size": [0.12, 0.005, 0.12], "id": 383, "camera_size": [50, 51], "camera_position": [245, 338], "world_position": [0.5036354417940191, 0.7123425129812442, -0.17409665471892583], "world_orientation": [3.558021007437476e-05, 0.07067212403352148, 0.9974995988062548, -0.0007644594385612162, -0.9974993060468477, 0.07067213055953778, 0.9999997071678649, -0.0007650625125205173, 1.8534737402793577e-05], "world_rotation": [0.0, 1.0, 0.0, 0.0]}, {"color": "CVGreen", "id_name": "object77704940079094", "shape": "CVCone", "id_string": "ob520", "world_size": [0.09, 0.09, 0.09], "id": 520, "camera_size": [37, 37], "camera_position": [256, 254], "world_position": [0.705, 0.6448569696296074, -0.15], "world_orientation": [1.0, -4.331917303826236e-17, -1.1712398707441946e-17, 4.331917303826236e-17, 1.0, -5.775889738434995e-17, 1.1712398707441946e-17, 5.775889738434995e-17, 1.0], "world_rotation": [-0.7896765794068324, 0.16013129347666225, -0.5922574345551229, -7.314247236221149e-17]}], "source": "action wait"}
{"timestamp": 1706067382.672724, "objects": [{"color": "cv_", "id_name": "hand", "shape": "CVCylinder", "id_string": "ob383", "world_size": [0.12, 0.005, 0.12], "id": 383, "camera_size": [49, 50], "camera_position": [246, 330], "world_position": [0.520193568139603, 0.6989599666395405, -0.17409656695333384], "world_orientation": [1.8706708476699687e-05, 0.04936361869085796, 0.9987808732649033, -0.0007627114029615847, -0.9987805822255652, 0.04936361859180254, 0.9999997089606452, -0.0007627049919217764, 1.8966297683464868e-05], "world_rotation": [0.0, 1.0, 0.0, 0.0]}, {"color": "CVGreen", "id_name": "object77704940079094", "shape": "CVCone", "id_string": "ob520", "world_size": [0.09, 0.09, 0.09], "id": 520, "camera_size": [37, 37], "camera_position": [256, 254], "world_position": [0.705, 0.6448569696296074, -0.15], "world_orientation": [1.0, -4.331917303826236e-17, -1.1712398707441946e-17, 4.331917303826236e-17, 1.0, -5.775889738434995e-17, 1.1712398707441946e-17, 5.775889738434995e-17, 1.0], "world_rotation": [-0.7896765794068324, 0.16013129347666225, -0.5922574345551229, -7.314247236221149e-17]}], "source": "action wait"}
{"timestamp": 1706067382.705533, "objects": [{"color": "cv_", "id_name": "hand", "shape": "CVCylinder", "id_string": "ob383", "world_size": [0.12, 0.005, 0.12], "id": 383, "camera_size": [49, 49], "camera_position": [246, 325], "world_position": [0.5316209721270294, 0.6891875070592003, -0.17409728060137644], "world_orientation": [8.449582881474647e-06, 0.03432631303584469, 0.9994106784310292, -0.0007616714443057468, -0.9994103883449972, 0.034326309511990366, 0.9999997098925657, -0.0007615126178927265, 1.7700771519151642e-05], "world_rotation": [0.0, 1.0, 0.0, 0.0]}, {"color": "CVGreen", "id_name": "object77704940079094", "shape": "CVCone", "id_string": "ob520", "world_size": [0.09, 0.09, 0.09], "id": 520, "camera_size": [37, 37], "camera_position": [256, 254], "world_position": [0.705, 0.6448569696296074, -0.15], "world_orientation": [1.0, -4.331917303826236e-17, -1.1712398707441946e-17, 4.331917303826236e-17, 1.0, -5.775889738434995e-17, 1.1712398707441946e-17, 5.775889738434995e-17, 1.0], "world_rotation": [-0.7896765794068324, 0.16013129347666225, -0.5922574345551229, -7.314247236221149e-17]}], "source": "action wait"}
{"timestamp": 1706067382.736062, "objects": [{"color": "cv_", "id_name": "hand", "shape": "CVCylinder", "id_string": "ob383", "world_size": [0.12, 0.005, 0.12], "id": 383, "camera_size": [49, 50], "camera_position": [246, 321], "world_position": [0.5395505364934224, 0.6821437762203053, -0.17409831497476802], "world_orientation": [2.327084166888876e-06, 0.02371949128561867, 0.9997186532858813, -0.0007612162596222271, -0.9997183636029455, 0.02371948618446627, 0.9999997102721535, -0.00076105729116995, 1.5729233661665095e-05], "world_rotation": [0.0, 1.0, 0.0, 0.0]}, {"color": "CVGreen", "id_name": "object77704940079094", "shape": "CVCone", "id_string": "ob520", "world_size": [0.09, 0.09, 0.09], "id": 520, "camera_size": [37, 37], "camera_position": [256, 254], "world_position": [0.705, 0.6448569696296074, -0.15], "world_orientation": [1.0, -4.331917303826236e-17, -1.1712398707441946e-17, 4.331917303826236e-17, 1.0, -5.775889738434995e-17, 1.1712398707441946e-17, 5.775889738434995e-17, 1.0], "world_rotation": [-0.7896765794068324, 0.16013129347666225, -0.5922574345551229, -7.314247236221149e-17]}], "source": "action wait"}
