{"timestamp": 1706028846.222029, "objects": [{"color": "cv_", "id_name": "hand", "shape": "CVCylinder", "id_string": "ob382", "world_size": [0.12, 0.005, 0.12], "id": 382, "camera_size": [48, 50], "camera_position": [246, 426], "world_position": [0.267644515540138, 0.6334703013847371, -0.1738926040084786], "world_orientation": [-0.0006415511609459368, 0.19791547486640973, 0.9802188802611953, -0.0007473675270864758, -0.9802189031249684, 0.19791499033237409, 0.9999995149268261, -0.0006056111687282339, 0.0007767761743044603], "world_rotation": [0.0, 1.0, 0.0, 0.0]}, {"color": "CVGreen", "id_name": "object210585118279337", "shape": "CVBox", "id_string": "ob757", "world_size": [0.1, 0.1, 0.1], "id": 757, "camera_size": [41, 41], "camera_position": [256, 254], "world_position": [0.705, 0.6498037894140971, -0.15], "world_orientation": [1.0, 2.5579538487363566e-17, -9.027880104552834e-18, -2.5579538487363566e-17, 1.0, -1.4921397450962073e-16, 9.027880104552834e-18, 1.4921397450962073e-16, 1.0], "world_rotation": [-0.9838744309492601, 0.059527269009059004, 0.16866418816273038, -1.5165957140044422e-16]}], "source": "manual check"}
{"timestamp": 1706028847.245905, "objects": [{"color": "cv_", "id_name": "hand", "shape": "CVCylinder", "id_string": "ob382", "world_size": [0.12, 0.005, 0.12], "id": 382, "camera_size": [48, 50], "camera_position": [246, 426], "world_position": [0.267644515540138, 0.6334703013847371, -0.1738926040084786], "world_orientation": [-0.0006415511609459368, 0.19791547486640973, 0.9802188802611953, -0.0007473675270864758, -0.9802189031249684, 0.19791499033237409, 0.9999995149268261, -0.0006056111687282339, 0.0007767761743044603], "world_rotation": [0.0, 1.0, 0.0, 0.0]}, {"color": "CVGreen", "id_name": "object210585118279337", "shape": "CVBox", "id_string": "ob757", "world_size": [0.1, 0.1, 0.1], "id": 757, "camera_size": [41, 41], "camera_position": [256, 254], "world_position": [0.705, 0.6498037994254439, -0.15], "world_orientation": [1.0, 8.100187187665134e-17, -1.2653630886983698e-17, -8.100187187665134e-17, 1.0, -1.9397816686250694e-16, 1.2653630886983698e-17, 1.9397816686250694e-16, 1.0], "world_rotation": [-0.9211093596285536, 0.06008602943210125, 0.38463907325148433, -2.1059189642881336e-16]}], "source": "manual check"}
{"timestamp": 1706028848.631901, "objects": [{"color": "cv_", "id_name": "hand", "shape": "CVCylinder", "id_string": "ob382", "world_size": [0.12, 0.005, 0.12], "id": 382, "camera_size": [48, 50], "camera_position": [246, 426], "world_position": [0.267644515540138, 0.6334703013847371, -0.1738926040084786], "world_orientation": [-0.0006415511609459368, 0.19791547486640973, 0.9802188802611953, -0.0007473675270864758, -0.9802189031249684, 0.19791499033237409, 0.9999995149268261, -0.0006056111687282339, 0.0007767761743044603], "world_rotation": [0.0, 1.0, 0.0, 0.0]}, {"color": "CVGreen", "id_name": "object210585118279337", "shape": "CVBox", "id_string": "ob757", "world_size": [0.1, 0.1, 0.1], "id": 757, "camera_size": [41, 41], "camera_position": [256, 254], "world_position": [0.705, 0.6498037994254439, -0.15], "world_orientation": [1.0, 8.100187187665134e-17, -1.2653630886983698e-17, -8.100187187665134e-17, 1.0, -1.9397816686250694e-16, 1.2653630886983698e-17, 1.9397816686250694e-16, 1.0], "world_rotation": [-0.9211093596285536, 0.06008602943210125, 0.38463907325148433, -2.1059189642881336e-16]}], "source": "action wait"}
{"timestamp": 1706028848.662058, "objects": [{"color": "cv_", "id_name": "hand", "shape": "CVCylinder", "id_string": "ob382", "world_size": [0.12, 0.005, 0.12], "id": 382, "camera_size": [48, 50], "camera_position": [246, 444], "world_position": [0.2250791348300323, 0.6413915639240456, -0.17397245729909833], "world_orientation": [-0.000524586268138199, 0.0874953430727274, 0.9961647904588041, -0.0007632422215002005, -0.9961646724060285, 0.08749493077602674, 0.9999995711351874, -0.0007144163884335768, 0.0005893544479667356], "world_rotation": [0.0, 1.0, 0.0, 0.0]}, {"color": "CVGreen", "id_name": "object210585118279337", "shape": "CVBox", "id_string": "ob757", "world_size": [0.1, 0.1, 0.1], "id": 757, "camera_size": [41, 41], "camera_position": [256, 254], "world_position": [0.705, 0.6498037994254439, -0.15], "world_orientation": [1.0, 8.100187187665134e-17, -1.2653630886983698e-17, -8.100187187665134e-17, 1.0, -1.9397816686250694e-16, 1.2653630886983698e-17, 1.9397816686250694e-16, 1.0], "world_rotation": [-0.9211093596285536, 0.06008602943210125, 0.38463907325148433, -2.1059189642881336e-16]}], "source": "action wait"}
{"timestamp": 1706028848.685609, "objects": [{"color": "cv_", "id_name": "hand", "shape": "CVCylinder", "id_string": "ob382", "world_size": [0.12, 0.005, 0.12], "id": 382, "camera_size": [48, 50], "camera_position": [246, 470], "world_position": [0.1638598742051302, 0.656652478042596, -0.1740383635536264], "world_orientation": [-0.00038022861274666404, 0.060021992248605674, 0.9981969825003032, -0.0007693790067475905, -0.9981967767772132, 0.0600216868100731, 0.9999996317410051, -0.000745169840224349, 0.0004257226364618208], "world_rotation": [0.0, 1.0, 0.0, 0.0]}, {"color": "CVGreen", "id_name": "object210585118279337", "shape": "CVBox", "id_string": "ob757", "world_size": [0.1, 0.1, 0.1], "id": 757, "camera_size": [41, 41], "camera_position": [256, 254], "world_position": [0.705, 0.6498037994254439, -0.15], "world_orientation": [1.0, 8.100187187665134e-17, -1.2653630886983698e-17, -8.100187187665134e-17, 1.0, -1.9397816686250694e-16, 1.2653630886983698e-17, 1.9397816686250694e-16, 1.0], "world_rotation": [-0.9211093596285536, 0.06008602943210125, 0.38463907325148433, -2.1059189642881336e-16]}], "source": "action wait"}
{"timestamp": 1706028848.719738, "objects": [{"color": "cv_", "id_name": "hand", "shape": "CVCylinder", "id_string": "ob382", "world_size": [0.12, 0.005, 0.12], "id": 382, "camera_size": [48, 46], "camera_position": [246, 488], "world_position": [0.11758701673744829, 0.6631617273948442, -0.17407773065521676], "world_orientation": [-0.0002585467087392836, 0.042009119685162, 0.9991171938350762, -0.0007699632226296914, -0.9991169394315164, 0.04200890974109598, 0.9999996701550632, -0.0007584222289990666, 0.000290663873508688], "world_rotation": [0.0, 1.0, 0.0, 0.0]}, {"color": "CVGreen", "id_name": "object210585118279337", "shape": "CVBox", "id_string": "ob757", "world_size": [0.1, 0.1, 0.1], "id": 757, "camera_size": [41, 41], "camera_position": [256, 254], "world_position": [0.705, 0.6498037994254439, -0.15], "world_orientation": [1.0, 8.100187187665134e-17, -1.2653630886983698e-17, -8.100187187665134e-17, 1.0, -1.9397816686250694e-16, 1.2653630886983698e-17, 1.9397816686250694e-16, 1.0], "world_rotation": [-0.9211093596285536, 0.06008602943210125, 0.38463907325148433, -2.1059189642881336e-16]}], "source": "action wait"}
{"timestamp": 1706028848.754236, "objects": [{"color": "cv_", "id_name": "hand", "shape": "CVCylinder", "id_string": "ob382", "world_size": [0.12, 0.005, 0.12], "id": 382, "camera_size": [48, 34], "camera_position": [246, 494], "world_position": [0.08415766537755894, 0.6654107077410232, -0.17409653307454045], "world_orientation": [-0.00017561661698672597, 0.02926125897730528, 0.9995717822557152, -0.000768019090877899, -0.9995715068159524, 0.029261115979442504, 0.9999996896526919, -0.0007625514732780236, 0.00019801457198140922], "world_rotation": [0.0, 1.0, 0.0, 0.0]}, {"color": "CVGreen", "id_name": "object210585118279337", "shape": "CVBox", "id_string": "ob757", "world_size": [0.1, 0.1, 0.1], "id": 757, "camera_size": [41, 41], "camera_position": [256, 254], "world_position": [0.705, 0.6498037994254439, -0.15], "world_orientation": [1.0, 8.100187187665134e-17, -1.2653630886983698e-17, -8.100187187665134e-17, 1.0, -1.9397816686250694e-16, 1.2653630886983698e-17, 1.9397816686250694e-16, 1.0], "world_rotation": [-0.9211093596285536, 0.06008602943210125, 0.38463907325148433, -2.1059189642881336e-16]}], "source": "action wait"}
{"timestamp": 1706028848.790102, "objects": [{"color": "cv_", "id_name": "hand", "shape": "CVCylinder", "id_string": "ob382", "world_size": [0.12, 0.005, 0.12], "id": 382, "camera_size": [48, 26], "camera_position": [246, 498], "world_position": [0.06028043126377455, 0.6658271333269071, -0.17410507656851612], "world_orientation": [-0.00011948851776250852, 0.0202432848028977, 0.9997950765746363, -0.0007658771174253646, -0.9997947923406328, 0.020243187515610054, 0.9999996995773225, -0.0007633013427923793, 0.00013496786641589289], "world_rotation": [0.0, 1.0, 0.0, 0.0]}, {"color": "CVGreen", "id_name": "object210585118279337", "shape": "CVBox", "id_string": "ob757", "world_size": [0.1, 0.1, 0.1], "id": 757, "camera_size": [41, 41], "camera_position": [256, 254], "world_position": [0.705, 0.6498037994254439, -0.15], "world_orientation": [1.0, 8.100187187665134e-17, -1.2653630886983698e-17, -8.100187187665134e-17, 1.0, -1.9397816686250694e-16, 1.2653630886983698e-17, 1.9397816686250694e-16, 1.0], "world_rotation": [-0.9211093596285536, 0.06008602943210125, 0.38463907325148433, -2.1059189642881336e-16]}], "source": "action wait"}
{"timestamp": 1706028848.825437, "objects": [{"color": "cv_", "id_name": "hand", "shape": "CVCylinder", "id_string": "ob382", "world_size": [0.12, 0.005, 0.12], "id": 382, "camera_size": [48, 20], "camera_position": [246, 501], "world_position": [0.04332938635615508, 0.6655478411916502, -0.17410865662917463], "world_orientation": [-8.163628484109605e-05, 0.013865691734399282, 0.9999038633429935, -0.0007642506346262611, -0.9999035755285172, 0.013865625346687794, 0.9999997046281986, -0.0007630452239851847, 9.222527681339244e-05], "world_rotation": [0.0, 1.0, 0.0, 0.0]}, {"color": "CVGreen", "id_name": "object210585118279337", "shape": "CVBox", "id_string": "ob757", "world_size": [0.1, 0.1, 0.1], "id": 757, "camera_size": [41, 41], "camera_position": [256, 254], "world_position": [0.705, 0.6498037994254439, -0.15], "world_orientation": [1.0, 8.100187187665134e-17, -1.2653630886983698e-17, -8.100187187665134e-17, 1.0, -1.9397816686250694e-16, 1.2653630886983698e-17, 1.9397816686250694e-16, 1.0], "world_rotation": [-0.9211093596285536, 0.06008602943210125, 0.38463907325148433, -2.1059189642881336e-16]}], "source": "action wait"}
{"timestamp": 1706028848.861275, "objects": [{"color": "cv_", "id_name": "hand", "shape": "CVCylinder", "id_string": "ob382", "world_size": [0.12, 0.005, 0.12], "id": 382, "camera_size": [48, 16], "camera_position": [246, 503], "world_position": [0.03133556851536532, 0.6650751652451975, -0.17410991307622287], "world_orientation": [-5.6153558369547765e-05, 0.009356261565174996, 0.9999562276501418, -0.0007632192829972335, -0.9999559383885376, 0.009356215999294964, 0.9999997071715092, -0.0007626604902749033, 6.329196339695181e-05], "world_rotation": [0.0, 1.0, 0.0, 0.0]}, {"color": "CVGreen", "id_name": "object210585118279337", "shape": "CVBox", "id_string": "ob757", "world_size": [0.1, 0.1, 0.1], "id": 757, "camera_size": [41, 41], "camera_position": [256, 254], "world_position": [0.705, 0.6498037994254439, -0.15], "world_orientation": [1.0, 8.100187187665134e-17, -1.2653630886983698e-17, -8.100187187665134e-17, 1.0, -1.9397816686250694e-16, 1.2653630886983698e-17, 1.9397816686250694e-16, 1.0], "world_rotation": [-0.9211093596285536, 0.06008602943210125, 0.38463907325148433, -2.1059189642881336e-16]}], "source": "action wait"}
{"timestamp": 1706028848.894516, "objects": [{"color": "cv_", "id_name": "hand", "shape": "CVCylinder", "id_string": "ob382", "world_size": [0.12, 0.005, 0.12], "id": 382, "camera_size": [48, 13], "camera_position": [246, 505], "world_position": [0.022865068004529063, 0.6646117340918511, -0.17411013661924624], "world_orientation": [-3.900593506087886e-05, 0.006168204617706527, 0.9999809756842034, -0.0007626591164278231, -0.9999806858094394, 0.006168173080867972, 0.999999708414762, -0.0007624040120016701, 4.3709419176868784e-05], "world_rotation": [0.0, 1.0, 0.0, 0.0]}, {"color": "CVGreen", "id_name": "object210585118279337", "shape": "CVBox", "id_string": "ob757", "world_size": [0.1, 0.1, 0.1], "id": 757, "camera_size": [41, 41], "camera_position": [256, 254], "world_position": [0.705, 0.6498037994254439, -0.15], "world_orientation": [1.0, 8.100187187665134e-17, -1.2653630886983698e-17, -8.100187187665134e-17, 1.0, -1.9397816686250694e-16, 1.2653630886983698e-17, 1.9397816686250694e-16, 1.0], "world_rotation": [-0.9211093596285536, 0.06008602943210125, 0.38463907325148433, -2.1059189642881336e-16]}], "source": "action wait"}
{"timestamp": 1706028848.925068, "objects": [{"color": "cv_", "id_name": "hand", "shape": "CVCylinder", "id_string": "ob382", "world_size": [0.12, 0.005, 0.12], "id": 382, "camera_size": [48, 11], "camera_position": [246, 506], "world_position": [0.016889128822023935, 0.6642250556218325, -0.1741099442370632], "world_orientation": [-2.7491686465818547e-05, 0.00391457216867677, 0.9999923376551161, -0.0007624161103792017, -0.999992047478081, 0.00391455007248411, 0.9999997089828986, -0.0007623026509011296, 3.0476000724586214e-05], "world_rotation": [0.0, 1.0, 0.0, 0.0]}, {"color": "CVGreen", "id_name": "object210585118279337", "shape": "CVBox", "id_string": "ob757", "world_size": [0.1, 0.1, 0.1], "id": 757, "camera_size": [41, 41], "camera_position": [256, 254], "world_position": [0.705, 0.6498037994254439, -0.15], "world_orientation": [1.0, 8.100187187665134e-17, -1.2653630886983698e-17, -8.100187187665134e-17, 1.0, -1.9397816686250694e-16, 1.2653630886983698e-17, 1.9397816686250694e-16, 1.0], "world_rotation": [-0.9211093596285536, 0.06008602943210125, 0.38463907325148433, -2.1059189642881336e-16]}], "source": "action wait"}
{"timestamp": 1706028848.957404, "objects": [{"color": "cv_", "id_name": "hand", "shape": "CVCylinder", "id_string": "ob382", "world_size": [0.12, 0.005, 0.12], "id": 382, "camera_size": [48, 10], "camera_position": [246, 506], "world_position": [0.01267556385180079, 0.6639257925652305, -0.17410962097604096], "world_orientation": [-1.975087065710589e-05, 0.0023216267425177056, 0.9999973048259538, -0.0007623632803007618, -0.9999970144578145, 0.002321611011010853, 0.9999997092060238, -0.0007623153717606034, 2.1520734669473227e-05], "world_rotation": [0.0, 1.0, 0.0, 0.0]}, {"color": "CVGreen", "id_name": "object210585118279337", "shape": "CVBox", "id_string": "ob757", "world_size": [0.1, 0.1, 0.1], "id": 757, "camera_size": [41, 41], "camera_position": [256, 254], "world_position": [0.705, 0.6498037994254439, -0.15], "world_orientation": [1.0, 8.100187187665134e-17, -1.2653630886983698e-17, -8.100187187665134e-17, 1.0, -1.9397816686250694e-16, 1.2653630886983698e-17, 1.9397816686250694e-16, 1.0], "world_rotation": [-0.9211093596285536, 0.06008602943210125, 0.38463907325148433, -2.1059189642881336e-16]}], "source": "action wait"}
{"timestamp": 1706028848.991013, "objects": [{"color": "cv_", "id_name": "hand", "shape": "CVCylinder", "id_string": "ob382", "world_size": [0.12, 0.005, 0.12], "id": 382, "camera_size": [48, 9], "camera_position": [246, 507], "world_position": [0.00970556607111194, 0.663703607214334, -0.17410929082900212], "world_orientation": [-1.4561103108491158e-05, 0.0011957649451012956, 0.9999992849668297, -0.0007624118992071466, -0.9999989944503307, 0.0011957534961457598, 0.9999997092579929, -0.0007623939425677491, 1.547275388974331e-05], "world_rotation": [0.0, 1.0, 0.0, 0.0]}, {"color": "CVGreen", "id_name": "object210585118279337", "shape": "CVBox", "id_string": "ob757", "world_size": [0.1, 0.1, 0.1], "id": 757, "camera_size": [41, 41], "camera_position": [256, 254], "world_position": [0.705, 0.6498037994254439, -0.15], "world_orientation": [1.0, 8.100187187665134e-17, -1.2653630886983698e-17, -8.100187187665134e-17, 1.0, -1.9397816686250694e-16, 1.2653630886983698e-17, 1.9397816686250694e-16, 1.0], "world_rotation": [-0.9211093596285536, 0.06008602943210125, 0.38463907325148433, -2.1059189642881336e-16]}], "source": "action wait"}
{"timestamp": 1706028849.025285, "objects": [{"color": "cv_", "id_name": "hand", "shape": "CVCylinder", "id_string": "ob382", "world_size": [0.12, 0.005, 0.12], "id": 382, "camera_size": [48, 8], "camera_position": [246, 507], "world_position": [0.007612445217422655, 0.663542710752094, -0.17410900137779395], "world_orientation": [-1.1075001040167611e-05, 0.00040008248291369597, 0.9999999199056725, -0.0007625057018750646, -0.9999996292628871, 0.00040007392188109726, 0.9999997092311573, -0.0007625012099839605, 1.1380062109060345e-05], "world_rotation": [0.0, 1.0, 0.0, 0.0]}, {"color": "CVGreen", "id_name": "object210585118279337", "shape": "CVBox", "id_string": "ob757", "world_size": [0.1, 0.1, 0.1], "id": 757, "camera_size": [41, 41], "camera_position": [256, 254], "world_position": [0.705, 0.6498037994254439, -0.15], "world_orientation": [1.0, 8.100187187665134e-17, -1.2653630886983698e-17, -8.100187187665134e-17, 1.0, -1.9397816686250694e-16, 1.2653630886983698e-17, 1.9397816686250694e-16, 1.0], "world_rotation": [-0.9211093596285536, 0.06008602943210125, 0.38463907325148433, -2.1059189642881336e-16]}], "source": "action wait"}
{"timestamp": 1706028849.060881, "objects": [{"color": "cv_", "id_name": "hand", "shape": "CVCylinder", "id_string": "ob382", "world_size": [0.12, 0.005, 0.12], "id": 382, "camera_size": [48, 8], "camera_position": [246, 507], "world_position": [0.006137399486270942, 0.6634280030644293, -0.17410876531542532], "world_orientation": [-8.738264287543029e-06, -0.00016221779302581988, 0.9999999868045151, -0.0007626119974035587, -0.999999696053045, -0.0001622244097655526, 0.9999997091732498, -0.0007626134049006181, 8.614552396784121e-06], "world_rotation": [0.0, 1.0, 0.0, 0.0]}, {"color": "CVGreen", "id_name": "object210585118279337", "shape": "CVBox", "id_string": "ob757", "world_size": [0.1, 0.1, 0.1], "id": 757, "camera_size": [41, 41], "camera_position": [256, 254], "world_position": [0.705, 0.6498037994254439, -0.15], "world_orientation": [1.0, 8.100187187665134e-17, -1.2653630886983698e-17, -8.100187187665134e-17, 1.0, -1.9397816686250694e-16, 1.2653630886983698e-17, 1.9397816686250694e-16, 1.0], "world_rotation": [-0.9211093596285536, 0.06008602943210125, 0.38463907325148433, -2.1059189642881336e-16]}], "source": "action wait"}
{"timestamp": 1706028849.093429, "objects": [{"color": "cv_", "id_name": "hand", "shape": "CVCylinder", "id_string": "ob382", "world_size": [0.12, 0.005, 0.12], "id": 382, "camera_size": [48, 7], "camera_position": [246, 508], "world_position": [0.0050979234211977285, 0.6633470350565774, -0.17410858051800124], "world_orientation": [-7.173483744951742e-06, -0.0005595679256545532, 0.9999998434161267, -0.0007627135311785362, -0.9999995525728325, -0.0005595732342217293, 0.999999709108263, -0.000762717425839726, 6.746690507193708e-06], "world_rotation": [0.0, 1.0, 0.0, 0.0]}, {"color": "CVGreen", "id_name": "object210585118279337", "shape": "CVBox", "id_string": "ob757", "world_size": [0.1, 0.1, 0.1], "id": 757, "camera_size": [41, 41], "camera_position": [256, 254], "world_position": [0.705, 0.6498037994254439, -0.15], "world_orientation": [1.0, 8.100187187665134e-17, -1.2653630886983698e-17, -8.100187187665134e-17, 1.0, -1.9397816686250694e-16, 1.2653630886983698e-17, 1.9397816686250694e-16, 1.0], "world_rotation": [-0.9211093596285536, 0.06008602943210125, 0.38463907325148433, -2.1059189642881336e-16]}], "source": "action wait"}
{"timestamp": 1706028849.126334, "objects": [{"color": "cv_", "id_name": "hand", "shape": "CVCylinder", "id_string": "ob382", "world_size": [0.12, 0.005, 0.12], "id": 382, "camera_size": [48, 7], "camera_position": [246, 508], "world_position": [0.004365375330911215, 0.6632902435227642, -0.17410843951400576], "world_orientation": [-6.126783929818651e-06, -0.0008403422232880367, 0.9999996468936428, -0.0007628024953228587, -0.9999993559747212, -0.0008403466523435412, 0.9999997090473657, -0.0007628073745951429, 5.485764839529341e-06], "world_rotation": [0.0, 1.0, 0.0, 0.0]}, {"color": "CVGreen", "id_name": "object210585118279337", "shape": "CVBox", "id_string": "ob757", "world_size": [0.1, 0.1, 0.1], "id": 757, "camera_size": [41, 41], "camera_position": [256, 254], "world_position": [0.705, 0.6498037994254439, -0.15], "world_orientation": [1.0, 8.100187187665134e-17, -1.2653630886983698e-17, -8.100187187665134e-17, 1.0, -1.9397816686250694e-16, 1.2653630886983698e-17, 1.9397816686250694e-16, 1.0], "world_rotation": [-0.9211093596285536, 0.06008602943210125, 0.38463907325148433, -2.1059189642881336e-16]}], "source": "action wait"}
{"timestamp": 1706028849.155323, "objects": [{"color": "cv_", "id_name": "hand", "shape": "CVCylinder", "id_string": "ob382", "world_size": [0.12, 0.005, 0.12], "id": 382, "camera_size": [48, 7], "camera_position": [246, 508], "world_position": [0.0038491028233657216, 0.6632505660516647, -0.1741083337565341], "world_orientation": [-5.427425458411326e-06, -0.0010387333924953787, 0.9999994605015956, -0.0007628764708842515, -0.9999991695218831, -0.0010387372307021413, 0.9999997089949744, -0.0007628816969828372, 4.634995686760445e-06], "world_rotation": [0.0, 1.0, 0.0, 0.0]}, {"color": "CVGreen", "id_name": "object210585118279337", "shape": "CVBox", "id_string": "ob757", "world_size": [0.1, 0.1, 0.1], "id": 757, "camera_size": [41, 41], "camera_position": [256, 254], "world_position": [0.705, 0.6498037994254439, -0.15], "world_orientation": [1.0, 8.100187187665134e-17, -1.2653630886983698e-17, -8.100187187665134e-17, 1.0, -1.9397816686250694e-16, 1.2653630886983698e-17, 1.9397816686250694e-16, 1.0], "world_rotation": [-0.9211093596285536, 0.06008602943210125, 0.38463907325148433, -2.1059189642881336e-16]}], "source": "action wait"}
{"timestamp": 1706028849.183752, "objects": [{"color": "cv_", "id_name": "hand", "shape": "CVCylinder", "id_string": "ob382", "world_size": [0.12, 0.005, 0.12], "id": 382, "camera_size": [48, 7], "camera_position": [246, 508], "world_position": [0.003485231607649123, 0.6632229095930614, -0.17410825538756797], "world_orientation": [-4.960725159301298e-06, -0.0011789082653164392, 0.9999993050751053, -0.00076293586240418, -0.9999990140475425, -0.0011789117069387134, 0.9999997089520883, -0.0007629411804783593, 4.061288874531218e-06], "world_rotation": [0.0, 1.0, 0.0, 0.0]}, {"color": "CVGreen", "id_name": "object210585118279337", "shape": "CVBox", "id_string": "ob757", "world_size": [0.1, 0.1, 0.1], "id": 757, "camera_size": [41, 41], "camera_position": [256, 254], "world_position": [0.705, 0.6498037994254439, -0.15], "world_orientation": [1.0, 8.100187187665134e-17, -1.2653630886983698e-17, -8.100187187665134e-17, 1.0, -1.9397816686250694e-16, 1.2653630886983698e-17, 1.9397816686250694e-16, 1.0], "world_rotation": [-0.9211093596285536, 0.06008602943210125, 0.38463907325148433, -2.1059189642881336e-16]}], "source": "action wait"}
{"timestamp": 1706028849.216195, "objects": [{"color": "cv_", "id_name": "hand", "shape": "CVCylinder", "id_string": "ob382", "world_size": [0.12, 0.005, 0.12], "id": 382, "camera_size": [48, 7], "camera_position": [246, 508], "world_position": [0.003228756999144991, 0.6632036556745119, -0.17410819782520134], "world_orientation": [-4.649747384529357e-06, -0.0012779464111730109, 0.9999991834153417, -0.0007629823650646495, -0.9999988923507686, -0.0012779495868855796, 0.9999997089181029, -0.0007629876841680878, 3.674691659381464e-06], "world_rotation": [0.0, 1.0, 0.0, 0.0]}, {"color": "CVGreen", "id_name": "object210585118279337", "shape": "CVBox", "id_string": "ob757", "world_size": [0.1, 0.1, 0.1], "id": 757, "camera_size": [41, 41], "camera_position": [256, 254], "world_position": [0.705, 0.6498037994254439, -0.15], "world_orientation": [1.0, 8.100187187665134e-17, -1.2653630886983698e-17, -8.100187187665134e-17, 1.0, -1.9397816686250694e-16, 1.2653630886983698e-17, 1.9397816686250694e-16, 1.0], "world_rotation": [-0.9211093596285536, 0.06008602943210125, 0.38463907325148433, -2.1059189642881336e-16]}], "source": "action wait"}
{"timestamp": 1706028851.167618, "objects": [{"color": "cv_", "id_name": "hand", "shape": "CVCylinder", "id_string": "ob382", "world_size": [0.12, 0.005, 0.12], "id": 382, "camera_size": [48, 7], "camera_position": [246, 508], "world_position": [0.0026158586127219816, 0.6631594601739096, -0.17410804748580794], "world_orientation": [-4.042896057950601e-06, -0.0015163079431445077, 0.9999988503962776, -0.0007631208273202414, -0.9999985592233657, -0.0015163105868576555, 0.9999997088150866, -0.0007631260803201564, 2.885764061359445e-06], "world_rotation": [0.0, 1.0, 0.0, 0.0]}, {"color": "CVGreen", "id_name": "object210585118279337", "shape": "CVBox", "id_string": "ob757", "world_size": [0.1, 0.1, 0.1], "id": 757, "camera_size": [41, 41], "camera_position": [256, 254], "world_position": [0.705, 0.6498037994254439, -0.15], "world_orientation": [1.0, 8.100187187665134e-17, -1.2653630886983698e-17, -8.100187187665134e-17, 1.0, -1.9397816686250694e-16, 1.2653630886983698e-17, 1.9397816686250694e-16, 1.0], "world_rotation": [-0.9211093596285536, 0.06008602943210125, 0.38463907325148433, -2.1059189642881336e-16]}], "source": "action wait"}
{"timestamp": 1706028851.19911, "objects": [{"color": "cv_", "id_name": "hand", "shape": "CVCylinder", "id_string": "ob382", "world_size": [0.12, 0.005, 0.12], "id": 382, "camera_size": [51, 11], "camera_position": [246, 506], "world_position": [0.035441010928196286, 0.7193675572965503, -0.17412267261150635], "world_orientation": [0.00015852709853338265, 0.19414633510847085, 0.9809725660960701, -0.0007076979094950982, -0.9809723109878714, 0.19414639898484892, 0.9999997370163795, -0.0007250096996202919, -1.8113738709666466e-05], "world_rotation": [0.0, 1.0, 0.0, 0.0]}, {"color": "CVGreen", "id_name": "object210585118279337", "shape": "CVBox", "id_string": "ob757", "world_size": [0.1, 0.1, 0.1], "id": 757, "camera_size": [41, 41], "camera_position": [256, 254], "world_position": [0.705, 0.6498037994254439, -0.15], "world_orientation": [1.0, 8.100187187665134e-17, -1.2653630886983698e-17, -8.100187187665134e-17, 1.0, -1.9397816686250694e-16, 1.2653630886983698e-17, 1.9397816686250694e-16, 1.0], "world_rotation": [-0.9211093596285536, 0.06008602943210125, 0.38463907325148433, -2.1059189642881336e-16]}], "source": "action wait"}
{"timestamp": 1706028851.235306, "objects": [{"color": "cv_", "id_name": "hand", "shape": "CVCylinder", "id_string": "ob382", "world_size": [0.12, 0.005, 0.12], "id": 382, "camera_size": [52, 21], "camera_position": [245, 501], "world_position": [0.08351434369766733, 0.7730182143601894, -0.17412459041828754], "world_orientation": [0.00025867927155427326, 0.2993976596789781, 0.9541283846861415, -0.0007061069236621393, -0.9541281240642744, 0.29939776933471135, 0.9999997172489834, -0.0007511646553661743, -3.540640767436766e-05], "world_rotation": [0.0, 1.0, 0.0, 0.0]}, {"color": "CVGreen", "id_name": "object210585118279337", "shape": "CVBox", "id_string": "ob757", "world_size": [0.1, 0.1, 0.1], "id": 757, "camera_size": [41, 41], "camera_position": [256, 254], "world_position": [0.705, 0.6498037994254439, -0.15], "world_orientation": [1.0, 8.100187187665134e-17, -1.2653630886983698e-17, -8.100187187665134e-17, 1.0, -1.9397816686250694e-16, 1.2653630886983698e-17, 1.9397816686250694e-16, 1.0], "world_rotation": [-0.9211093596285536, 0.06008602943210125, 0.38463907325148433, -2.1059189642881336e-16]}], "source": "action wait"}
{"timestamp": 1706028851.26596, "objects": [{"color": "cv_", "id_name": "hand", "shape": "CVCylinder", "id_string": "ob382", "world_size": [0.12, 0.005, 0.12], "id": 382, "camera_size": [54, 38], "camera_position": [245, 492], "world_position": [0.1398123543561816, 0.8054924539962056, -0.17412044904710766], "world_orientation": [0.0002912273007462058, 0.34074279886538095, 0.9401565083580742, -0.0007116045596842393, -0.9401562395731118, 0.3407429218790854, 0.9999997044027613, -0.0007682532995518591, -3.132503457793907e-05], "world_rotation": [0.0, 1.0, 0.0, 0.0]}, {"color": "CVGreen", "id_name": "object210585118279337", "shape": "CVBox", "id_string": "ob757", "world_size": [0.1, 0.1, 0.1], "id": 757, "camera_size": [41, 41], "camera_position": [256, 254], "world_position": [0.705, 0.6498037994254439, -0.15], "world_orientation": [1.0, 8.100187187665134e-17, -1.2653630886983698e-17, -8.100187187665134e-17, 1.0, -1.9397816686250694e-16, 1.2653630886983698e-17, 1.9397816686250694e-16, 1.0], "world_rotation": [-0.9211093596285536, 0.06008602943210125, 0.38463907325148433, -2.1059189642881336e-16]}], "source": "action wait"}
{"timestamp": 1706028851.290288, "objects": [{"color": "cv_", "id_name": "hand", "shape": "CVCylinder", "id_string": "ob382", "world_size": [0.12, 0.005, 0.12], "id": 382, "camera_size": [55, 59], "camera_position": [245, 480], "world_position": [0.20068489151867466, 0.8200598664092802, -0.17411713951280952], "world_orientation": [0.0002900497293493443, 0.34188920202994205, 0.9397402244272001, -0.0007210150505513637, -0.9397399481894532, 0.34188932407166656, 0.9999996980041802, -0.0007767317513351666, -2.60640573460671e-05], "world_rotation": [0.0, 1.0, 0.0, 0.0]}, {"color": "CVGreen", "id_name": "object210585118279337", "shape": "CVBox", "id_string": "ob757", "world_size": [0.1, 0.1, 0.1], "id": 757, "camera_size": [41, 41], "camera_position": [256, 254], "world_position": [0.705, 0.6498037994254439, -0.15], "world_orientation": [1.0, 8.100187187665134e-17, -1.2653630886983698e-17, -8.100187187665134e-17, 1.0, -1.9397816686250694e-16, 1.2653630886983698e-17, 1.9397816686250694e-16, 1.0], "world_rotation": [-0.9211093596285536, 0.06008602943210125, 0.38463907325148433, -2.1059189642881336e-16]}], "source": "action wait"}
{"timestamp": 1706028851.324718, "objects": [{"color": "cv_", "id_name": "hand", "shape": "CVCylinder", "id_string": "ob382", "world_size": [0.12, 0.005, 0.12], "id": 382, "camera_size": [55, 58], "camera_position": [245, 451], "world_position": [0.26421955846957207, 0.819496739405718, -0.1741144455346521], "world_orientation": [0.00026532874579160995, 0.31476483120724663, 0.9491696532421009, -0.0007340799964403918, -0.9491693696037977, 0.31476494234982494, 0.9999996953635615, -0.000780282643046392, -2.0779352208153005e-05], "world_rotation": [0.0, 1.0, 0.0, 0.0]}, {"color": "CVGreen", "id_name": "object210585118279337", "shape": "CVBox", "id_string": "ob757", "world_size": [0.1, 0.1, 0.1], "id": 757, "camera_size": [41, 41], "camera_position": [256, 254], "world_position": [0.705, 0.6498037994254439, -0.15], "world_orientation": [1.0, 8.100187187665134e-17, -1.2653630886983698e-17, -8.100187187665134e-17, 1.0, -1.9397816686250694e-16, 1.2653630886983698e-17, 1.9397816686250694e-16, 1.0], "world_rotation": [-0.9211093596285536, 0.06008602943210125, 0.38463907325148433, -2.1059189642881336e-16]}], "source": "action wait"}
{"timestamp": 1706028851.360079, "objects": [{"color": "cv_", "id_name": "hand", "shape": "CVCylinder", "id_string": "ob382", "world_size": [0.12, 0.005, 0.12], "id": 382, "camera_size": [54, 57], "camera_position": [245, 421], "world_position": [0.32840303269434806, 0.8060044747893416, -0.17411206832115328], "world_orientation": [0.00022376667682057723, 0.26708653820879946, 0.963672522715115, -0.0007486307933542442, -0.9636722320551626, 0.26708663148453604, 0.9999996947401584, -0.000781200013164625, -1.5688525917310575e-05], "world_rotation": [0.0, 1.0, 0.0, 0.0]}, {"color": "CVGreen", "id_name": "object210585118279337", "shape": "CVBox", "id_string": "ob757", "world_size": [0.1, 0.1, 0.1], "id": 757, "camera_size": [41, 41], "camera_position": [256, 254], "world_position": [0.705, 0.6498037994254439, -0.15], "world_orientation": [1.0, 8.100187187665134e-17, -1.2653630886983698e-17, -8.100187187665134e-17, 1.0, -1.9397816686250694e-16, 1.2653630886983698e-17, 1.9397816686250694e-16, 1.0], "world_rotation": [-0.9211093596285536, 0.06008602943210125, 0.38463907325148433, -2.1059189642881336e-16]}], "source": "action wait"}
{"timestamp": 1706028851.397022, "objects": [{"color": "cv_", "id_name": "hand", "shape": "CVCylinder", "id_string": "ob382", "world_size": [0.12, 0.005, 0.12], "id": 382, "camera_size": [53, 54], "camera_position": [245, 390], "world_position": [0.3914455733273292, 0.7813676864687453, -0.17410981381912322], "world_orientation": [0.00017000944673067775, 0.20417848189107282, 0.9789336640597486, -0.0007621928629259681, -0.9789333673995502, 0.20417855238446875, 0.9999996950793676, -0.0007808485347497527, -1.0804538516931237e-05], "world_rotation": [0.0, 1.0, 0.0, 0.0]}, {"color": "CVGreen", "id_name": "object210585118279337", "shape": "CVBox", "id_string": "ob757", "world_size": [0.1, 0.1, 0.1], "id": 757, "camera_size": [41, 41], "camera_position": [256, 254], "world_position": [0.705, 0.6498037994254439, -0.15], "world_orientation": [1.0, 8.100187187665134e-17, -1.2653630886983698e-17, -8.100187187665134e-17, 1.0, -1.9397816686250694e-16, 1.2653630886983698e-17, 1.9397816686250694e-16, 1.0], "world_rotation": [-0.9211093596285536, 0.06008602943210125, 0.38463907325148433, -2.1059189642881336e-16]}], "source": "action wait"}
{"timestamp": 1706028851.433349, "objects": [{"color": "cv_", "id_name": "hand", "shape": "CVCylinder", "id_string": "ob382", "world_size": [0.12, 0.005, 0.12], "id": 382, "camera_size": [52, 52], "camera_position": [245, 365], "world_position": [0.44380988860748777, 0.7529965736259863, -0.17410323133553118], "world_orientation": [0.00010780377006827428, 0.1440348917749464, 0.9895726038698356, -0.0007677100881381603, -0.9895723060828537, 0.14403493206539736, 0.9999996994997389, -0.0007752323796344966, 3.897414109039604e-06], "world_rotation": [0.0, 1.0, 0.0, 0.0]}, {"color": "CVGreen", "id_name": "object210585118279337", "shape": "CVBox", "id_string": "ob757", "world_size": [0.1, 0.1, 0.1], "id": 757, "camera_size": [41, 41], "camera_position": [256, 254], "world_position": [0.705, 0.6498037994254439, -0.15], "world_orientation": [1.0, 8.100187187665134e-17, -1.2653630886983698e-17, -8.100187187665134e-17, 1.0, -1.9397816686250694e-16, 1.2653630886983698e-17, 1.9397816686250694e-16, 1.0], "world_rotation": [-0.9211093596285536, 0.06008602943210125, 0.38463907325148433, -2.1059189642881336e-16]}], "source": "action wait"}
{"timestamp": 1706028851.465319, "objects": [{"color": "cv_", "id_name": "hand", "shape": "CVCylinder", "id_string": "ob382", "world_size": [0.12, 0.005, 0.12], "id": 382, "camera_size": [51, 51], "camera_position": [246, 349], "world_position": [0.4793587161860601, 0.7296727823933136, -0.17409842475514142], "world_orientation": [6.346198728090622e-05, 0.10124649671428776, 0.9948613686718667, -0.0007666417462885934, -0.9948610733895848, 0.1012465155674799, 0.9999997041164608, -0.0007691275620771643, 1.4483930261324678e-05], "world_rotation": [0.0, 1.0, 0.0, 0.0]}, {"color": "CVGreen", "id_name": "object210585118279337", "shape": "CVBox", "id_string": "ob757", "world_size": [0.1, 0.1, 0.1], "id": 757, "camera_size": [41, 41], "camera_position": [256, 254], "world_position": [0.705, 0.6498037994254439, -0.15], "world_orientation": [1.0, 8.100187187665134e-17, -1.2653630886983698e-17, -8.100187187665134e-17, 1.0, -1.9397816686250694e-16, 1.2653630886983698e-17, 1.9397816686250694e-16, 1.0], "world_rotation": [-0.9211093596285536, 0.06008602943210125, 0.38463907325148433, -2.1059189642881336e-16]}], "source": "action wait"}
{"timestamp": 1706028851.492767, "objects": [{"color": "cv_", "id_name": "hand", "shape": "CVCylinder", "id_string": "ob382", "world_size": [0.12, 0.005, 0.12], "id": 382, "camera_size": [50, 50], "camera_position": [245, 337], "world_position": [0.503557681193362, 0.7116650069866286, -0.1740966790940766], "world_orientation": [3.590072053729483e-05, 0.07096091955004359, 0.9974790958249454, -0.0007644647135731374, -0.997478803053665, 0.0709609262364144, 0.9999997071523773, -0.0007650851196672272, 1.843691128879466e-05], "world_rotation": [0.0, 1.0, 0.0, 0.0]}, {"color": "CVGreen", "id_name": "object210585118279337", "shape": "CVBox", "id_string": "ob757", "world_size": [0.1, 0.1, 0.1], "id": 757, "camera_size": [41, 41], "camera_position": [256, 254], "world_position": [0.705, 0.6498037994254439, -0.15], "world_orientation": [1.0, 8.100187187665134e-17, -1.2653630886983698e-17, -8.100187187665134e-17, 1.0, -1.9397816686250694e-16, 1.2653630886983698e-17, 1.9397816686250694e-16, 1.0], "world_rotation": [-0.9211093596285536, 0.06008602943210125, 0.38463907325148433, -2.1059189642881336e-16]}], "source": "action wait"}
{"timestamp": 1706028851.530731, "objects": [{"color": "cv_", "id_name": "hand", "shape": "CVCylinder", "id_string": "ob382", "world_size": [0.12, 0.005, 0.12], "id": 382, "camera_size": [49, 50], "camera_position": [246, 330], "world_position": [0.5201474621498943, 0.698236934258776, -0.1740965826679278], "world_orientation": [1.8942149416934174e-05, 0.049567541402262466, 0.9987707737416679, -0.0007627139076954877, -0.9987704826959715, 0.04956754142330978, 0.9999997089543027, -0.0007627152755087784, 1.88869934817089e-05], "world_rotation": [0.0, 1.0, 0.0, 0.0]}, {"color": "CVGreen", "id_name": "object210585118279337", "shape": "CVBox", "id_string": "ob757", "world_size": [0.1, 0.1, 0.1], "id": 757, "camera_size": [41, 41], "camera_position": [256, 254], "world_position": [0.705, 0.6498037994254439, -0.15], "world_orientation": [1.0, 8.100187187665134e-17, -1.2653630886983698e-17, -8.100187187665134e-17, 1.0, -1.9397816686250694e-16, 1.2653630886983698e-17, 1.9397816686250694e-16, 1.0], "world_rotation": [-0.9211093596285536, 0.06008602943210125, 0.38463907325148433, -2.1059189642881336e-16]}], "source": "action wait"}
{"timestamp": 1706028851.562105, "objects": [{"color": "cv_", "id_name": "hand", "shape": "CVCylinder", "id_string": "ob382", "world_size": [0.12, 0.005, 0.12], "id": 382, "camera_size": [49, 49], "camera_position": [246, 325], "world_position": [0.5315954966432235, 0.6884304564905563, -0.1740972924647869], "world_orientation": [8.629672917104254e-06, 0.03447020883267082, 0.9994057257333284, -0.0007616705309167767, -0.9994054356453113, 0.034470205404206825, 0.9999997098917235, -0.0007615153563189375, 1.763040024157396e-05], "world_rotation": [0.0, 1.0, 0.0, 0.0]}, {"color": "CVGreen", "id_name": "object210585118279337", "shape": "CVBox", "id_string": "ob757", "world_size": [0.1, 0.1, 0.1], "id": 757, "camera_size": [41, 41], "camera_position": [256, 254], "world_position": [0.705, 0.6498037994254439, -0.15], "world_orientation": [1.0, 8.100187187665134e-17, -1.2653630886983698e-17, -8.100187187665134e-17, 1.0, -1.9397816686250694e-16, 1.2653630886983698e-17, 1.9397816686250694e-16, 1.0], "world_rotation": [-0.9211093596285536, 0.06008602943210125, 0.38463907325148433, -2.1059189642881336e-16]}], "source": "action wait"}
{"timestamp": 1706028851.593711, "objects": [{"color": "cv_", "id_name": "hand", "shape": "CVCylinder", "id_string": "ob382", "world_size": [0.12, 0.005, 0.12], "id": 382, "camera_size": [49, 49], "camera_position": [246, 321], "world_position": [0.5395387346479062, 0.6813618519429225, -0.1740983256906555], "world_orientation": [2.471129289420721e-06, 0.023820994725677003, 0.9997162398421728, -0.0007612129934804518, -0.9997159501599757, 0.023820989704790338, 0.9999997102742941, -0.000761055856306999, 1.5662423337646226e-05], "world_rotation": [0.0, 1.0, 0.0, 0.0]}, {"color": "CVGreen", "id_name": "object210585118279337", "shape": "CVBox", "id_string": "ob757", "world_size": [0.1, 0.1, 0.1], "id": 757, "camera_size": [41, 41], "camera_position": [256, 254], "world_position": [0.705, 0.6498037994254439, -0.15], "world_orientation": [1.0, 8.100187187665134e-17, -1.2653630886983698e-17, -8.100187187665134e-17, 1.0, -1.9397816686250694e-16, 1.2653630886983698e-17, 1.9397816686250694e-16, 1.0], "world_rotation": [-0.9211093596285536, 0.06008602943210125, 0.38463907325148433, -2.1059189642881336e-16]}], "source": "action wait"}
