{"timestamp": 1706028912.267951, "objects": [{"color": "cv_", "id_name": "hand", "shape": "CVCylinder", "id_string": "ob382", "world_size": [0.12, 0.005, 0.12], "id": 382, "camera_size": [48, 50], "camera_position": [246, 426], "world_position": [0.2676445155401377, 0.63347030138474, -0.17389260400847859], "world_orientation": [-0.0006415511553830053, 0.19791547486641245, 0.9802188802611983, -0.0007473675259633087, -0.9802189031249677, 0.19791499033238102, 0.9999995149268306, -0.0006056111687282689, 0.0007767761686292789], "world_rotation": [0.0, 1.0, 0.0, 0.0]}, {"color": "CVBlue", "id_name": "object24521450935635", "shape": "CVCylinder", "id_string": "ob792", "world_size": [0.11, 0.11, 0.11], "id": 792, "camera_size": [45, 45], "camera_position": [256, 254], "world_position": [0.705, 0.654738849708696, -0.15], "world_orientation": [1.0, -5.1619362862653347e-17, 1.4541359828532488e-17, 5.1619362862653347e-17, 1.0, 2.3824321321224633e-17, -1.4541359828532488e-17, -2.3824321321224633e-17, 1.0], "world_rotation": [-0.4059884517598224, 0.2477982093873522, 0.8796416454796148, 5.868226354211375e-17]}], "source": "manual check"}
{"timestamp": 1706028913.293734, "objects": [{"color": "cv_", "id_name": "hand", "shape": "CVCylinder", "id_string": "ob382", "world_size": [0.12, 0.005, 0.12], "id": 382, "camera_size": [48, 50], "camera_position": [246, 426], "world_position": [0.2676445155401377, 0.63347030138474, -0.17389260400847859], "world_orientation": [-0.0006415511553830053, 0.19791547486641245, 0.9802188802611983, -0.0007473675259633087, -0.9802189031249677, 0.19791499033238102, 0.9999995149268306, -0.0006056111687282689, 0.0007767761686292789], "world_rotation": [0.0, 1.0, 0.0, 0.0]}, {"color": "CVBlue", "id_name": "object24521450935635", "shape": "CVCylinder", "id_string": "ob792", "world_size": [0.11, 0.11, 0.11], "id": 792, "camera_size": [45, 45], "camera_position": [256, 254], "world_position": [0.705, 0.6547388572526824, -0.15], "world_orientation": [1.0, -3.838362879530641e-17, 1.4813540171849057e-17, 3.838362879530641e-17, 1.0, 5.294293626938881e-18, -1.4813540171849057e-17, -5.294293626938881e-18, 1.0], "world_rotation": [-0.1276280613210114, 0.35710588544125776, 0.925303444577321, 4.1482206750932463e-17]}], "source": "manual check"}
{"timestamp": 1706028914.80461, "objects": [{"color": "cv_", "id_name": "hand", "shape": "CVCylinder", "id_string": "ob382", "world_size": [0.12, 0.005, 0.12], "id": 382, "camera_size": [48, 50], "camera_position": [246, 426], "world_position": [0.2676445155401377, 0.63347030138474, -0.17389260400847859], "world_orientation": [-0.0006415511553830053, 0.19791547486641245, 0.9802188802611983, -0.0007473675259633087, -0.9802189031249677, 0.19791499033238102, 0.9999995149268306, -0.0006056111687282689, 0.0007767761686292789], "world_rotation": [0.0, 1.0, 0.0, 0.0]}, {"color": "CVBlue", "id_name": "object24521450935635", "shape": "CVCylinder", "id_string": "ob792", "world_size": [0.11, 0.11, 0.11], "id": 792, "camera_size": [45, 45], "camera_position": [256, 254], "world_position": [0.705, 0.6547388572526824, -0.15], "world_orientation": [1.0, -3.838362879530641e-17, 1.4813540171849057e-17, 3.838362879530641e-17, 1.0, 5.294293626938881e-18, -1.4813540171849057e-17, -5.294293626938881e-18, 1.0], "world_rotation": [-0.1276280613210114, 0.35710588544125776, 0.925303444577321, 4.1482206750932463e-17]}], "source": "action wait"}
{"timestamp": 1706028914.86985, "objects": [{"color": "cv_", "id_name": "hand", "shape": "CVCylinder", "id_string": "ob382", "world_size": [0.12, 0.005, 0.12], "id": 382, "camera_size": [48, 50], "camera_position": [246, 444], "world_position": [0.16390171002093915, 0.6600243120011513, -0.174038750781178], "world_orientation": [-0.0003781607593339728, 0.06187081526138404, 0.9980840942592623, -0.0007686807670482592, -0.9980838887408299, 0.06187051127848628, 0.9999996330620919, -0.0007438110476287556, 0.00042499506697864475], "world_rotation": [0.0, 1.0, 0.0, 0.0]}, {"color": "CVBlue", "id_name": "object24521450935635", "shape": "CVCylinder", "id_string": "ob792", "world_size": [0.11, 0.11, 0.11], "id": 792, "camera_size": [45, 45], "camera_position": [256, 254], "world_position": [0.705, 0.6547388572526824, -0.15], "world_orientation": [1.0, -3.838362879530641e-17, 1.4813540171849057e-17, 3.838362879530641e-17, 1.0, 5.294293626938881e-18, -1.4813540171849057e-17, -5.294293626938881e-18, 1.0], "world_rotation": [-0.1276280613210114, 0.35710588544125776, 0.925303444577321, 4.1482206750932463e-17]}], "source": "action wait"}
{"timestamp": 1706028914.899392, "objects": [{"color": "cv_", "id_name": "hand", "shape": "CVCylinder", "id_string": "ob382", "world_size": [0.12, 0.005, 0.12], "id": 382, "camera_size": [49, 46], "camera_position": [246, 488], "world_position": [0.11787034933655463, 0.6676875971618004, -0.17407780703530235], "world_orientation": [-0.000257356617234675, 0.043313366727196136, 0.9990615026265036, -0.0007697872682253386, -0.9990612482842163, 0.043313157404479566, 0.9999996705975124, -0.0007579178972249485, 0.0002904571015196286], "world_rotation": [0.0, 1.0, 0.0, 0.0]}, {"color": "CVBlue", "id_name": "object24521450935635", "shape": "CVCylinder", "id_string": "ob792", "world_size": [0.11, 0.11, 0.11], "id": 792, "camera_size": [45, 45], "camera_position": [256, 254], "world_position": [0.705, 0.6547388572526824, -0.15], "world_orientation": [1.0, -3.838362879530641e-17, 1.4813540171849057e-17, 3.838362879530641e-17, 1.0, 5.294293626938881e-18, -1.4813540171849057e-17, -5.294293626938881e-18, 1.0], "world_rotation": [-0.1276280613210114, 0.35710588544125776, 0.925303444577321, 4.1482206750932463e-17]}], "source": "action wait"}
{"timestamp": 1706028914.92868, "objects": [{"color": "cv_", "id_name": "hand", "shape": "CVCylinder", "id_string": "ob382", "world_size": [0.12, 0.005, 0.12], "id": 382, "camera_size": [49, 34], "camera_position": [246, 494], "world_position": [0.0844830770400167, 0.6707868571068047, -0.17409653296633498], "world_orientation": [-0.00017493017214623046, 0.030180969009388665, 0.999544435485031, -0.0007681379227130082, -0.9995441599501842, 0.030180826257948733, 0.9999996896817351, -0.0007625084492003557, 0.0001980335788085577], "world_rotation": [0.0, 1.0, 0.0, 0.0]}, {"color": "CVBlue", "id_name": "object24521450935635", "shape": "CVCylinder", "id_string": "ob792", "world_size": [0.11, 0.11, 0.11], "id": 792, "camera_size": [45, 45], "camera_position": [256, 254], "world_position": [0.705, 0.6547388572526824, -0.15], "world_orientation": [1.0, -3.838362879530641e-17, 1.4813540171849057e-17, 3.838362879530641e-17, 1.0, 5.294293626938881e-18, -1.4813540171849057e-17, -5.294293626938881e-18, 1.0], "world_rotation": [-0.1276280613210114, 0.35710588544125776, 0.925303444577321, 4.1482206750932463e-17]}], "source": "action wait"}
{"timestamp": 1706028914.956081, "objects": [{"color": "cv_", "id_name": "hand", "shape": "CVCylinder", "id_string": "ob382", "world_size": [0.12, 0.005, 0.12], "id": 382, "camera_size": [49, 25], "camera_position": [246, 499], "world_position": [0.0605713335114998, 0.6718147684290163, -0.17410508571389693], "world_orientation": [-0.00011907316952354963, 0.020891804365897482, 0.9997817353462292, -0.000766126907530912, -0.9997814509285367, 0.020891707177527256, 0.9999996994355258, -0.000763472047316662, 0.00013505291966487177], "world_rotation": [0.0, 1.0, 0.0, 0.0]}, {"color": "CVBlue", "id_name": "object24521450935635", "shape": "CVCylinder", "id_string": "ob792", "world_size": [0.11, 0.11, 0.11], "id": 792, "camera_size": [45, 45], "camera_position": [256, 254], "world_position": [0.705, 0.6547388572526824, -0.15], "world_orientation": [1.0, -3.838362879530641e-17, 1.4813540171849057e-17, 3.838362879530641e-17, 1.0, 5.294293626938881e-18, -1.4813540171849057e-17, -5.294293626938881e-18, 1.0], "world_rotation": [-0.1276280613210114, 0.35710588544125776, 0.925303444577321, 4.1482206750932463e-17]}], "source": "action wait"}
{"timestamp": 1706028914.9885, "objects": [{"color": "cv_", "id_name": "hand", "shape": "CVCylinder", "id_string": "ob382", "world_size": [0.12, 0.005, 0.12], "id": 382, "camera_size": [49, 19], "camera_position": [246, 502], "world_position": [0.043564628161441486, 0.6719703052118362, -0.17410869701766568], "world_orientation": [-8.13723634789098e-05, 0.014322983057953653, 0.999897417505846, -0.0007645366416105339, -0.9998971294790975, 0.014322916713592627, 0.9999997044310874, -0.0007632927239504239, 9.231443802683354e-05], "world_rotation": [0.0, 1.0, 0.0, 0.0]}, {"color": "CVBlue", "id_name": "object24521450935635", "shape": "CVCylinder", "id_string": "ob792", "world_size": [0.11, 0.11, 0.11], "id": 792, "camera_size": [45, 45], "camera_position": [256, 254], "world_position": [0.705, 0.6547388572526824, -0.15], "world_orientation": [1.0, -3.838362879530641e-17, 1.4813540171849057e-17, 3.838362879530641e-17, 1.0, 5.294293626938881e-18, -1.4813540171849057e-17, -5.294293626938881e-18, 1.0], "world_rotation": [-0.1276280613210114, 0.35710588544125776, 0.925303444577321, 4.1482206750932463e-17]}], "source": "action wait"}
{"timestamp": 1706028915.023207, "objects": [{"color": "cv_", "id_name": "hand", "shape": "CVCylinder", "id_string": "ob382", "world_size": [0.12, 0.005, 0.12], "id": 382, "camera_size": [49, 15], "camera_position": [246, 504], "world_position": [0.03151649251100713, 0.67180518392915, -0.17410998590373641], "world_orientation": [-5.5978404860557356e-05, 0.009678706908381698, 0.999953158652444, -0.0007634924768320371, -0.9999528691860482, 0.009678661365497223, 0.9999997069727852, -0.0007629149177914928, 6.336538646315195e-05], "world_rotation": [0.0, 1.0, 0.0, 0.0]}, {"color": "CVBlue", "id_name": "object24521450935635", "shape": "CVCylinder", "id_string": "ob792", "world_size": [0.11, 0.11, 0.11], "id": 792, "camera_size": [45, 45], "camera_position": [256, 254], "world_position": [0.705, 0.6547388572526824, -0.15], "world_orientation": [1.0, -3.838362879530641e-17, 1.4813540171849057e-17, 3.838362879530641e-17, 1.0, 5.294293626938881e-18, -1.4813540171849057e-17, -5.294293626938881e-18, 1.0], "world_rotation": [-0.1276280613210114, 0.35710588544125776, 0.925303444577321, 4.1482206750932463e-17]}], "source": "action wait"}
{"timestamp": 1706028915.058558, "objects": [{"color": "cv_", "id_name": "hand", "shape": "CVCylinder", "id_string": "ob382", "world_size": [0.12, 0.005, 0.12], "id": 382, "camera_size": [49, 12], "camera_position": [246, 505], "world_position": [0.02300055441405285, 0.671558739672541, -0.1741102371833816], "world_orientation": [-3.888564632139695e-05, 0.006395555470495395, 0.9999795474699122, -0.0007628978861772222, -0.999979257414989, 0.006395523949011448, 0.9999997082373184, -0.0007626335889032879, 4.3763995482309196e-05], "world_rotation": [0.0, 1.0, 0.0, 0.0]}, {"color": "CVBlue", "id_name": "object24521450935635", "shape": "CVCylinder", "id_string": "ob792", "world_size": [0.11, 0.11, 0.11], "id": 792, "camera_size": [45, 45], "camera_position": [256, 254], "world_position": [0.705, 0.6547388572526824, -0.15], "world_orientation": [1.0, -3.838362879530641e-17, 1.4813540171849057e-17, 3.838362879530641e-17, 1.0, 5.294293626938881e-18, -1.4813540171849057e-17, -5.294293626938881e-18, 1.0], "world_rotation": [-0.1276280613210114, 0.35710588544125776, 0.925303444577321, 4.1482206750932463e-17]}], "source": "action wait"}
{"timestamp": 1706028915.09327, "objects": [{"color": "cv_", "id_name": "hand", "shape": "CVCylinder", "id_string": "ob382", "world_size": [0.12, 0.005, 0.12], "id": 382, "camera_size": [49, 10], "camera_position": [246, 506], "world_position": [0.016989263502395935, 0.6713249776973701, -0.1741100669035487], "world_orientation": [-2.7407033396332768e-05, 0.0040748560948528426, 0.9999916973638635, -0.0007626140813161634, -0.999991407036855, 0.004074834010639383, 0.9999997088342664, -0.0007624960704974777, 3.0514340526342326e-05], "world_rotation": [0.0, 1.0, 0.0, 0.0]}, {"color": "CVBlue", "id_name": "object24521450935635", "shape": "CVCylinder", "id_string": "ob792", "world_size": [0.11, 0.11, 0.11], "id": 792, "camera_size": [45, 45], "camera_position": [256, 254], "world_position": [0.705, 0.6547388572526824, -0.15], "world_orientation": [1.0, -3.838362879530641e-17, 1.4813540171849057e-17, 3.838362879530641e-17, 1.0, 5.294293626938881e-18, -1.4813540171849057e-17, -5.294293626938881e-18, 1.0], "world_rotation": [-0.1276280613210114, 0.35710588544125776, 0.925303444577321, 4.1482206750932463e-17]}], "source": "action wait"}
{"timestamp": 1706028915.129171, "objects": [{"color": "cv_", "id_name": "hand", "shape": "CVCylinder", "id_string": "ob382", "world_size": [0.12, 0.005, 0.12], "id": 382, "camera_size": [49, 9], "camera_position": [246, 507], "world_position": [0.012749276787981451, 0.6711334302103293, -0.17410976069320416], "world_orientation": [-1.969035679310968e-05, 0.0024346070689825004, 0.9999970361459627, -0.000762521817949191, -0.9999967456574289, 0.002434591347384061, 0.9999997090863412, -0.0007624716199739105, 2.154673372254099e-05], "world_rotation": [0.0, 1.0, 0.0, 0.0]}, {"color": "CVBlue", "id_name": "object24521450935635", "shape": "CVCylinder", "id_string": "ob792", "world_size": [0.11, 0.11, 0.11], "id": 792, "camera_size": [45, 45], "camera_position": [256, 254], "world_position": [0.705, 0.6547388572526824, -0.15], "world_orientation": [1.0, -3.838362879530641e-17, 1.4813540171849057e-17, 3.838362879530641e-17, 1.0, 5.294293626938881e-18, -1.4813540171849057e-17, -5.294293626938881e-18, 1.0], "world_rotation": [-0.1276280613210114, 0.35710588544125776, 0.925303444577321, 4.1482206750932463e-17]}], "source": "action wait"}
{"timestamp": 1706028915.16515, "objects": [{"color": "cv_", "id_name": "hand", "shape": "CVCylinder", "id_string": "ob382", "world_size": [0.12, 0.005, 0.12], "id": 382, "camera_size": [49, 8], "camera_position": [246, 507], "world_position": [0.009760003286692331, 0.6709871109379995, -0.17410944347032817], "world_orientation": [-1.4517473425444157e-05, 0.0012753790099943824, 0.9999991865984812, -0.0007625357873104184, -0.9999988959877587, 0.0012753675692538835, 0.9999997091641657, -0.0007625166519482069, 1.5489979535845604e-05], "world_rotation": [0.0, 1.0, 0.0, 0.0]}, {"color": "CVBlue", "id_name": "object24521450935635", "shape": "CVCylinder", "id_string": "ob792", "world_size": [0.11, 0.11, 0.11], "id": 792, "camera_size": [45, 45], "camera_position": [256, 254], "world_position": [0.705, 0.6547388572526824, -0.15], "world_orientation": [1.0, -3.838362879530641e-17, 1.4813540171849057e-17, 3.838362879530641e-17, 1.0, 5.294293626938881e-18, -1.4813540171849057e-17, -5.294293626938881e-18, 1.0], "world_rotation": [-0.1276280613210114, 0.35710588544125776, 0.925303444577321, 4.1482206750932463e-17]}], "source": "action wait"}
{"timestamp": 1706028915.195189, "objects": [{"color": "cv_", "id_name": "hand", "shape": "CVCylinder", "id_string": "ob382", "world_size": [0.12, 0.005, 0.12], "id": 382, "camera_size": [49, 7], "camera_position": [246, 508], "world_position": [0.007653032451791326, 0.6708796497918729, -0.17410916370728075], "world_orientation": [-1.1043411236894975e-05, 0.00045615997404688496, 0.9999998958980553, -0.0007626007763530414, -0.9999996051828912, 0.00045615141971968974, 0.9999997091590073, -0.0007625956594974804, 1.1391274827481256e-05], "world_rotation": [0.0, 1.0, 0.0, 0.0]}, {"color": "CVBlue", "id_name": "object24521450935635", "shape": "CVCylinder", "id_string": "ob792", "world_size": [0.11, 0.11, 0.11], "id": 792, "camera_size": [45, 45], "camera_position": [256, 254], "world_position": [0.705, 0.6547388572526824, -0.15], "world_orientation": [1.0, -3.838362879530641e-17, 1.4813540171849057e-17, 3.838362879530641e-17, 1.0, 5.294293626938881e-18, -1.4813540171849057e-17, -5.294293626938881e-18, 1.0], "world_rotation": [-0.1276280613210114, 0.35710588544125776, 0.925303444577321, 4.1482206750932463e-17]}], "source": "action wait"}
{"timestamp": 1706028915.227266, "objects": [{"color": "cv_", "id_name": "hand", "shape": "CVCylinder", "id_string": "ob382", "world_size": [0.12, 0.005, 0.12], "id": 382, "camera_size": [49, 7], "camera_position": [246, 508], "world_position": [0.006168132264757764, 0.6708025821607579, -0.174108934849673], "world_orientation": [-8.715372285734133e-06, -0.00012274368994766982, 0.9999999924290144, -0.0007626839557679009, -0.999999701622729, -0.00012275030132730886, 0.9999997091185707, -0.0007626850198085354, 8.621755042634051e-06], "world_rotation": [0.0, 1.0, 0.0, 0.0]}, {"color": "CVBlue", "id_name": "object24521450935635", "shape": "CVCylinder", "id_string": "ob792", "world_size": [0.11, 0.11, 0.11], "id": 792, "camera_size": [45, 45], "camera_position": [256, 254], "world_position": [0.705, 0.6547388572526824, -0.15], "world_orientation": [1.0, -3.838362879530641e-17, 1.4813540171849057e-17, 3.838362879530641e-17, 1.0, 5.294293626938881e-18, -1.4813540171849057e-17, -5.294293626938881e-18, 1.0], "world_rotation": [-0.1276280613210114, 0.35710588544125776, 0.925303444577321, 4.1482206750932463e-17]}], "source": "action wait"}
{"timestamp": 1706028915.258769, "objects": [{"color": "CVBlue", "id_name": "object24521450935635", "shape": "CVCylinder", "id_string": "ob792", "world_size": [0.11, 0.11, 0.11], "id": 792, "camera_size": [45, 45], "camera_position": [256, 254], "world_position": [0.705, 0.6547388572526824, -0.15], "world_orientation": [1.0, -3.838362879530641e-17, 1.4813540171849057e-17, 3.838362879530641e-17, 1.0, 5.294293626938881e-18, -1.4813540171849057e-17, -5.294293626938881e-18, 1.0], "world_rotation": [-0.1276280613210114, 0.35710588544125776, 0.925303444577321, 4.1482206750932463e-17]}], "source": "action wait"}
{"timestamp": 1706028918.154726, "objects": [{"color": "CVBlue", "id_name": "object24521450935635", "shape": "CVCylinder", "id_string": "ob792", "world_size": [0.11, 0.11, 0.11], "id": 792, "camera_size": [45, 45], "camera_position": [256, 254], "world_position": [0.705, 0.6547388572526824, -0.15], "world_orientation": [1.0, -3.838362879530641e-17, 1.4813540171849057e-17, 3.838362879530641e-17, 1.0, 5.294293626938881e-18, -1.4813540171849057e-17, -5.294293626938881e-18, 1.0], "world_rotation": [-0.1276280613210114, 0.35710588544125776, 0.925303444577321, 4.1482206750932463e-17]}], "source": "action wait"}
{"timestamp": 1706028918.188547, "objects": [{"color": "cv_", "id_name": "hand", "shape": "CVCylinder", "id_string": "ob382", "world_size": [0.12, 0.005, 0.12], "id": 382, "camera_size": [51, 10], "camera_position": [246, 506], "world_position": [0.03547618563911634, 0.7265354408694435, -0.17412293852994878], "world_orientation": [0.00015801522631605754, 0.19316923584382742, 0.9811654403589132, -0.0007082989155113273, -0.981165184869104, 0.19316929961415583, 0.9999997366718827, -0.0007254821079395416, -1.8217478481765984e-05], "world_rotation": [0.0, 1.0, 0.0, 0.0]}, {"color": "CVBlue", "id_name": "object24521450935635", "shape": "CVCylinder", "id_string": "ob792", "world_size": [0.11, 0.11, 0.11], "id": 792, "camera_size": [45, 45], "camera_position": [256, 254], "world_position": [0.705, 0.6547388572526824, -0.15], "world_orientation": [1.0, -3.838362879530641e-17, 1.4813540171849057e-17, 3.838362879530641e-17, 1.0, 5.294293626938881e-18, -1.4813540171849057e-17, -5.294293626938881e-18, 1.0], "world_rotation": [-0.1276280613210114, 0.35710588544125776, 0.925303444577321, 4.1482206750932463e-17]}], "source": "action wait"}
{"timestamp": 1706028918.221288, "objects": [{"color": "cv_", "id_name": "hand", "shape": "CVCylinder", "id_string": "ob382", "world_size": [0.12, 0.005, 0.12], "id": 382, "camera_size": [53, 20], "camera_position": [245, 501], "world_position": [0.08390400984595697, 0.7795245281770624, -0.17412487436691892], "world_orientation": [0.00025697882441755353, 0.29663933879584536, 0.9549895479221998, -0.0007069719746502387, -0.9549892869061425, 0.29663944795850233, 0.9999997170762154, -0.0007513809030773845, -3.5696325172602324e-05], "world_rotation": [0.0, 1.0, 0.0, 0.0]}, {"color": "CVBlue", "id_name": "object24521450935635", "shape": "CVCylinder", "id_string": "ob792", "world_size": [0.11, 0.11, 0.11], "id": 792, "camera_size": [45, 45], "camera_position": [256, 254], "world_position": [0.705, 0.6547388572526824, -0.15], "world_orientation": [1.0, -3.838362879530641e-17, 1.4813540171849057e-17, 3.838362879530641e-17, 1.0, 5.294293626938881e-18, -1.4813540171849057e-17, -5.294293626938881e-18, 1.0], "world_rotation": [-0.1276280613210114, 0.35710588544125776, 0.925303444577321, 4.1482206750932463e-17]}], "source": "action wait"}
{"timestamp": 1706028918.252587, "objects": [{"color": "cv_", "id_name": "hand", "shape": "CVCylinder", "id_string": "ob382", "world_size": [0.12, 0.005, 0.12], "id": 382, "camera_size": [55, 37], "camera_position": [245, 493], "world_position": [0.14077630026595184, 0.8114544807841748, -0.17412065972092033], "world_orientation": [0.00028825274804439196, 0.3366015308218829, 0.941647134737168, -0.0007128815741725653, -0.9416468654167931, 0.3366016527745957, 0.9999997043550637, -0.0007683092431353012, -3.147526748211387e-05], "world_rotation": [0.0, 1.0, 0.0, 0.0]}, {"color": "CVBlue", "id_name": "object24521450935635", "shape": "CVCylinder", "id_string": "ob792", "world_size": [0.11, 0.11, 0.11], "id": 792, "camera_size": [45, 45], "camera_position": [256, 254], "world_position": [0.705, 0.6547388572526824, -0.15], "world_orientation": [1.0, -3.838362879530641e-17, 1.4813540171849057e-17, 3.838362879530641e-17, 1.0, 5.294293626938881e-18, -1.4813540171849057e-17, -5.294293626938881e-18, 1.0], "world_rotation": [-0.1276280613210114, 0.35710588544125776, 0.925303444577321, 4.1482206750932463e-17]}], "source": "action wait"}
{"timestamp": 1706028918.286067, "objects": [{"color": "cv_", "id_name": "hand", "shape": "CVCylinder", "id_string": "ob382", "world_size": [0.12, 0.005, 0.12], "id": 382, "camera_size": [55, 59], "camera_position": [245, 480], "world_position": [0.20220812275890898, 0.825555602798481, -0.17411729451197822], "world_orientation": [0.0002861369045350788, 0.33674527464763176, 0.9415957402878173, -0.0007225547485746208, -0.9415954634153898, 0.3367453952026564, 0.9999996980201081, -0.0007767097583825479, -2.6108313968775703e-05], "world_rotation": [0.0, 1.0, 0.0, 0.0]}, {"color": "CVBlue", "id_name": "object24521450935635", "shape": "CVCylinder", "id_string": "ob792", "world_size": [0.11, 0.11, 0.11], "id": 792, "camera_size": [45, 45], "camera_position": [256, 254], "world_position": [0.705, 0.6547388572526824, -0.15], "world_orientation": [1.0, -3.838362879530641e-17, 1.4813540171849057e-17, 3.838362879530641e-17, 1.0, 5.294293626938881e-18, -1.4813540171849057e-17, -5.294293626938881e-18, 1.0], "world_rotation": [-0.1276280613210114, 0.35710588544125776, 0.925303444577321, 4.1482206750932463e-17]}], "source": "action wait"}
{"timestamp": 1706028918.319214, "objects": [{"color": "cv_", "id_name": "hand", "shape": "CVCylinder", "id_string": "ob382", "world_size": [0.12, 0.005, 0.12], "id": 382, "camera_size": [55, 58], "camera_position": [245, 451], "world_position": [0.26626410927023625, 0.8245702641215058, -0.17411455875569432], "world_orientation": [0.0002607069490292219, 0.30885374666384185, 0.9511095074719808, -0.0007356798510999295, -0.9511092231752544, 0.30885385600008514, 0.9999996954034753, -0.0007802324473306601, -2.0743305409804967e-05], "world_rotation": [0.0, 1.0, 0.0, 0.0]}, {"color": "CVBlue", "id_name": "object24521450935635", "shape": "CVCylinder", "id_string": "ob792", "world_size": [0.11, 0.11, 0.11], "id": 792, "camera_size": [45, 45], "camera_position": [256, 254], "world_position": [0.705, 0.6547388572526824, -0.15], "world_orientation": [1.0, -3.838362879530641e-17, 1.4813540171849057e-17, 3.838362879530641e-17, 1.0, 5.294293626938881e-18, -1.4813540171849057e-17, -5.294293626938881e-18, 1.0], "world_rotation": [-0.1276280613210114, 0.35710588544125776, 0.925303444577321, 4.1482206750932463e-17]}], "source": "action wait"}
{"timestamp": 1706028918.352501, "objects": [{"color": "cv_", "id_name": "hand", "shape": "CVCylinder", "id_string": "ob382", "world_size": [0.12, 0.005, 0.12], "id": 382, "camera_size": [54, 56], "camera_position": [245, 420], "world_position": [0.3309254171280878, 0.8106761135739198, -0.17411214822283316], "world_orientation": [0.00021859819791712753, 0.26057327237185807, 0.9654540496265214, -0.0007501042995305758, -0.9654537583576006, 0.26057336359790084, 0.9999996947791373, -0.0007811521013319942, -1.558931979995949e-05], "world_rotation": [0.0, 1.0, 0.0, 0.0]}, {"color": "CVBlue", "id_name": "object24521450935635", "shape": "CVCylinder", "id_string": "ob792", "world_size": [0.11, 0.11, 0.11], "id": 792, "camera_size": [45, 45], "camera_position": [256, 254], "world_position": [0.705, 0.6547388572526824, -0.15], "world_orientation": [1.0, -3.838362879530641e-17, 1.4813540171849057e-17, 3.838362879530641e-17, 1.0, 5.294293626938881e-18, -1.4813540171849057e-17, -5.294293626938881e-18, 1.0], "world_rotation": [-0.1276280613210114, 0.35710588544125776, 0.925303444577321, 4.1482206750932463e-17]}], "source": "action wait"}
{"timestamp": 1706028918.38645, "objects": [{"color": "cv_", "id_name": "hand", "shape": "CVCylinder", "id_string": "ob382", "world_size": [0.12, 0.005, 0.12], "id": 382, "camera_size": [53, 55], "camera_position": [245, 390], "world_position": [0.3944025456552209, 0.7856420805966, -0.17410986597897563], "world_orientation": [0.00016442119208169136, 0.1971960581600257, 0.9803640587107523, -0.0007633876232183924, -0.9803637615521581, 0.19719612641895395, 0.9999996951024578, -0.000780821010847926, -1.0655548200850144e-05], "world_rotation": [0.0, 1.0, 0.0, 0.0]}, {"color": "CVBlue", "id_name": "object24521450935635", "shape": "CVCylinder", "id_string": "ob792", "world_size": [0.11, 0.11, 0.11], "id": 792, "camera_size": [45, 45], "camera_position": [256, 254], "world_position": [0.705, 0.6547388572526824, -0.15], "world_orientation": [1.0, -3.838362879530641e-17, 1.4813540171849057e-17, 3.838362879530641e-17, 1.0, 5.294293626938881e-18, -1.4813540171849057e-17, -5.294293626938881e-18, 1.0], "world_rotation": [-0.1276280613210114, 0.35710588544125776, 0.925303444577321, 4.1482206750932463e-17]}], "source": "action wait"}
{"timestamp": 1706028918.422257, "objects": [{"color": "cv_", "id_name": "hand", "shape": "CVCylinder", "id_string": "ob382", "world_size": [0.12, 0.005, 0.12], "id": 382, "camera_size": [52, 53], "camera_position": [245, 365], "world_position": [0.44573942515303483, 0.757898336416546, -0.17410288760228543], "world_orientation": [0.00010277206011817557, 0.13904672752269912, 0.9902858158143699, -0.000767929213747491, -0.9902855180769324, 0.13904676541302402, 0.9999996998612681, -0.0007747595304582094, 5.004361343118078e-06], "world_rotation": [0.0, 1.0, 0.0, 0.0]}, {"color": "CVBlue", "id_name": "object24521450935635", "shape": "CVCylinder", "id_string": "ob792", "world_size": [0.11, 0.11, 0.11], "id": 792, "camera_size": [45, 45], "camera_position": [256, 254], "world_position": [0.705, 0.6547388572526824, -0.15], "world_orientation": [1.0, -3.838362879530641e-17, 1.4813540171849057e-17, 3.838362879530641e-17, 1.0, 5.294293626938881e-18, -1.4813540171849057e-17, -5.294293626938881e-18, 1.0], "world_rotation": [-0.1276280613210114, 0.35710588544125776, 0.925303444577321, 4.1482206750932463e-17]}], "source": "action wait"}
{"timestamp": 1706028918.455633, "objects": [{"color": "cv_", "id_name": "hand", "shape": "CVCylinder", "id_string": "ob382", "world_size": [0.12, 0.005, 0.12], "id": 382, "camera_size": [51, 52], "camera_position": [246, 348], "world_position": [0.48061268174730304, 0.7351794809431298, -0.17409837223073146], "world_orientation": [6.0185170932193706e-05, 0.09771034529790544, 0.9952148937789814, -0.0007666234416263146, -0.9952145986234852, 0.09771036268070171, 0.9999997043330783, -0.0007688357819067298, 1.500988046280478e-05], "world_rotation": [0.0, 1.0, 0.0, 0.0]}, {"color": "CVBlue", "id_name": "object24521450935635", "shape": "CVCylinder", "id_string": "ob792", "world_size": [0.11, 0.11, 0.11], "id": 792, "camera_size": [45, 45], "camera_position": [256, 254], "world_position": [0.705, 0.6547388572526824, -0.15], "world_orientation": [1.0, -3.838362879530641e-17, 1.4813540171849057e-17, 3.838362879530641e-17, 1.0, 5.294293626938881e-18, -1.4813540171849057e-17, -5.294293626938881e-18, 1.0], "world_rotation": [-0.1276280613210114, 0.35710588544125776, 0.925303444577321, 4.1482206750932463e-17]}], "source": "action wait"}
{"timestamp": 1706028918.492338, "objects": [{"color": "cv_", "id_name": "hand", "shape": "CVCylinder", "id_string": "ob382", "world_size": [0.12, 0.005, 0.12], "id": 382, "camera_size": [51, 51], "camera_position": [246, 338], "world_position": [0.5043836816221651, 0.717674056089208, -0.17409679383451215], "world_orientation": [3.376866106070777e-05, 0.06846071846551886, 0.9976538121447052, -0.000764413991201892, -0.9976535194673903, 0.0684607242554412, 0.999999707265421, -0.0007649323593730077, 1.8642907488248117e-05], "world_rotation": [0.0, 1.0, 0.0, 0.0]}, {"color": "CVBlue", "id_name": "object24521450935635", "shape": "CVCylinder", "id_string": "ob792", "world_size": [0.11, 0.11, 0.11], "id": 792, "camera_size": [45, 45], "camera_position": [256, 254], "world_position": [0.705, 0.6547388572526824, -0.15], "world_orientation": [1.0, -3.838362879530641e-17, 1.4813540171849057e-17, 3.838362879530641e-17, 1.0, 5.294293626938881e-18, -1.4813540171849057e-17, -5.294293626938881e-18, 1.0], "world_rotation": [-0.1276280613210114, 0.35710588544125776, 0.925303444577321, 4.1482206750932463e-17]}], "source": "action wait"}
{"timestamp": 1706028918.524779, "objects": [{"color": "cv_", "id_name": "hand", "shape": "CVCylinder", "id_string": "ob382", "world_size": [0.12, 0.005, 0.12], "id": 382, "camera_size": [49, 50], "camera_position": [246, 330], "world_position": [0.5206986827072285, 0.7046355685651509, -0.17409678742412973], "world_orientation": [1.7554253037564892e-05, 0.04780208371663866, 0.9988568268196378, -0.0007626883238570037, -0.998856535819249, 0.04780208319404051, 0.9999997089991421, -0.0007626555688846596, 1.8923910729100114e-05], "world_rotation": [0.0, 1.0, 0.0, 0.0]}, {"color": "CVBlue", "id_name": "object24521450935635", "shape": "CVCylinder", "id_string": "ob792", "world_size": [0.11, 0.11, 0.11], "id": 792, "camera_size": [45, 45], "camera_position": [256, 254], "world_position": [0.705, 0.6547388572526824, -0.15], "world_orientation": [1.0, -3.838362879530641e-17, 1.4813540171849057e-17, 3.838362879530641e-17, 1.0, 5.294293626938881e-18, -1.4813540171849057e-17, -5.294293626938881e-18, 1.0], "world_rotation": [-0.1276280613210114, 0.35710588544125776, 0.925303444577321, 4.1482206750932463e-17]}], "source": "action wait"}
{"timestamp": 1706028918.553217, "objects": [{"color": "cv_", "id_name": "hand", "shape": "CVCylinder", "id_string": "ob382", "world_size": [0.12, 0.005, 0.12], "id": 382, "camera_size": [49, 49], "camera_position": [246, 325], "world_position": [0.5319673178705555, 0.6951202622238571, -0.17409754119877735], "world_orientation": [7.726863092034366e-06, 0.03322435892505532, 0.9994479185601993, -0.0007616752628704993, -0.9994476284799974, 0.033224355170614644, 0.9999997098955028, -0.0007615114761387771, 1.7583577325398006e-05], "world_rotation": [0.0, 1.0, 0.0, 0.0]}, {"color": "CVBlue", "id_name": "object24521450935635", "shape": "CVCylinder", "id_string": "ob792", "world_size": [0.11, 0.11, 0.11], "id": 792, "camera_size": [45, 45], "camera_position": [256, 254], "world_position": [0.705, 0.6547388572526824, -0.15], "world_orientation": [1.0, -3.838362879530641e-17, 1.4813540171849057e-17, 3.838362879530641e-17, 1.0, 5.294293626938881e-18, -1.4813540171849057e-17, -5.294293626938881e-18, 1.0], "world_rotation": [-0.1276280613210114, 0.35710588544125776, 0.925303444577321, 4.1482206750932463e-17]}], "source": "action wait"}
{"timestamp": 1706028918.583557, "objects": [{"color": "cv_", "id_name": "hand", "shape": "CVCylinder", "id_string": "ob382", "world_size": [0.12, 0.005, 0.12], "id": 382, "camera_size": [49, 50], "camera_position": [246, 321], "world_position": [0.5397914791122821, 0.6882645961458066, -0.17409859188312307], "world_orientation": [1.8845633071002801e-06, 0.022942088322533544, 0.9997367956516603, -0.0007612386676617279, -0.9997365059545876, 0.022942083109508512, 0.9999997102560277, -0.0007610815421426462, 1.558033801250509e-05], "world_rotation": [0.0, 1.0, 0.0, 0.0]}, {"color": "CVBlue", "id_name": "object24521450935635", "shape": "CVCylinder", "id_string": "ob792", "world_size": [0.11, 0.11, 0.11], "id": 792, "camera_size": [45, 45], "camera_position": [256, 254], "world_position": [0.705, 0.6547388572526824, -0.15], "world_orientation": [1.0, -3.838362879530641e-17, 1.4813540171849057e-17, 3.838362879530641e-17, 1.0, 5.294293626938881e-18, -1.4813540171849057e-17, -5.294293626938881e-18, 1.0], "world_rotation": [-0.1276280613210114, 0.35710588544125776, 0.925303444577321, 4.1482206750932463e-17]}], "source": "action wait"}
{"timestamp": 1706028918.616594, "objects": [{"color": "cv_", "id_name": "hand", "shape": "CVCylinder", "id_string": "ob382", "world_size": [0.12, 0.005, 0.12], "id": 382, "camera_size": [49, 49], "camera_position": [246, 319], "world_position": [0.5452465422182426, 0.6833658994136527, -0.17409968850189284], "world_orientation": [-1.5156159808107595e-06, 0.015691043157688492, 0.9998768880028813, -0.000761179219720215, -0.9998765983608527, 0.015691037458546317, 0.9999997103019073, -0.0007610617278395294, 1.3459124939049594e-05], "world_rotation": [0.0, 1.0, 0.0, 0.0]}, {"color": "CVBlue", "id_name": "object24521450935635", "shape": "CVCylinder", "id_string": "ob792", "world_size": [0.11, 0.11, 0.11], "id": 792, "camera_size": [45, 45], "camera_position": [256, 254], "world_position": [0.705, 0.6547388572526824, -0.15], "world_orientation": [1.0, -3.838362879530641e-17, 1.4813540171849057e-17, 3.838362879530641e-17, 1.0, 5.294293626938881e-18, -1.4813540171849057e-17, -5.294293626938881e-18, 1.0], "world_rotation": [-0.1276280613210114, 0.35710588544125776, 0.925303444577321, 4.1482206750932463e-17]}], "source": "action wait"}
{"timestamp": 1706028918.653418, "objects": [{"color": "cv_", "id_name": "hand", "shape": "CVCylinder", "id_string": "ob382", "world_size": [0.12, 0.005, 0.12], "id": 382, "camera_size": [49, 49], "camera_position": [246, 317], "world_position": [0.5490618279558012, 0.6798844978128925, -0.17410070611040135], "world_orientation": [-3.4090945774640222e-06, 0.010578059536930832, 0.9999440507572467, -0.0007613293193856048, -0.9999437609955187, 0.010578053876054044, 0.9999997101829808, -0.0007612506620009466, 1.1462289721419247e-05], "world_rotation": [0.0, 1.0, 0.0, 0.0]}, {"color": "CVBlue", "id_name": "object24521450935635", "shape": "CVCylinder", "id_string": "ob792", "world_size": [0.11, 0.11, 0.11], "id": 792, "camera_size": [45, 45], "camera_position": [256, 254], "world_position": [0.705, 0.6547388572526824, -0.15], "world_orientation": [1.0, -3.838362879530641e-17, 1.4813540171849057e-17, 3.838362879530641e-17, 1.0, 5.294293626938881e-18, -1.4813540171849057e-17, -5.294293626938881e-18, 1.0], "world_rotation": [-0.1276280613210114, 0.35710588544125776, 0.925303444577321, 4.1482206750932463e-17]}], "source": "action wait"}
{"timestamp": 1706028918.688806, "objects": [{"color": "cv_", "id_name": "hand", "shape": "CVCylinder", "id_string": "ob382", "world_size": [0.12, 0.005, 0.12], "id": 382, "camera_size": [49, 49], "camera_position": [246, 316], "world_position": [0.5517364971648863, 0.6774191776962566, -0.17410159208868722], "world_orientation": [-4.408569824561688e-06, 0.006972814163974529, 0.9999756896261026, -0.0007615739462458472, -0.9999753996688011, 0.006972808784573823, 0.9999997099928025, -0.0007615246919844196, 9.718774971947583e-06], "world_rotation": [0.0, 1.0, 0.0, 0.0]}, {"color": "CVBlue", "id_name": "object24521450935635", "shape": "CVCylinder", "id_string": "ob792", "world_size": [0.11, 0.11, 0.11], "id": 792, "camera_size": [45, 45], "camera_position": [256, 254], "world_position": [0.705, 0.6547388572526824, -0.15], "world_orientation": [1.0, -3.838362879530641e-17, 1.4813540171849057e-17, 3.838362879530641e-17, 1.0, 5.294293626938881e-18, -1.4813540171849057e-17, -5.294293626938881e-18, 1.0], "world_rotation": [-0.1276280613210114, 0.35710588544125776, 0.925303444577321, 4.1482206750932463e-17]}], "source": "action wait"}
{"timestamp": 1706028918.720414, "objects": [{"color": "cv_", "id_name": "hand", "shape": "CVCylinder", "id_string": "ob382", "world_size": [0.12, 0.005, 0.12], "id": 382, "camera_size": [49, 49], "camera_position": [246, 315], "world_position": [0.5536147672294073, 0.6756774910188059, -0.1741023333912073], "world_orientation": [-4.873730708370125e-06, 0.0044307082963314474, 0.9999901843519463, -0.0007618425490577016, -0.9999898941810459, 0.004430703297604724, 0.9999997097860466, -0.0007618134770250367, 8.249183558304687e-06], "world_rotation": [0.0, 1.0, 0.0, 0.0]}, {"color": "CVBlue", "id_name": "object24521450935635", "shape": "CVCylinder", "id_string": "ob792", "world_size": [0.11, 0.11, 0.11], "id": 792, "camera_size": [45, 45], "camera_position": [256, 254], "world_position": [0.705, 0.6547388572526824, -0.15], "world_orientation": [1.0, -3.838362879530641e-17, 1.4813540171849057e-17, 3.838362879530641e-17, 1.0, 5.294293626938881e-18, -1.4813540171849057e-17, -5.294293626938881e-18, 1.0], "world_rotation": [-0.1276280613210114, 0.35710588544125776, 0.925303444577321, 4.1482206750932463e-17]}], "source": "action wait"}
{"timestamp": 1706028918.749771, "objects": [{"color": "cv_", "id_name": "hand", "shape": "CVCylinder", "id_string": "ob382", "world_size": [0.12, 0.005, 0.12], "id": 382, "camera_size": [49, 49], "camera_position": [246, 315], "world_position": [0.5549354160640784, 0.6744489164170371, -0.1741029371186514], "world_orientation": [-5.038707319579607e-06, 0.00263822030552559, 0.9999965198780599, -0.0007620968746945174, -0.9999962295060301, 0.002638215699461435, 0.9999997095914404, -0.0007620809293080959, 7.049267771126362e-06], "world_rotation": [0.0, 1.0, 0.0, 0.0]}, {"color": "CVBlue", "id_name": "object24521450935635", "shape": "CVCylinder", "id_string": "ob792", "world_size": [0.11, 0.11, 0.11], "id": 792, "camera_size": [45, 45], "camera_position": [256, 254], "world_position": [0.705, 0.6547388572526824, -0.15], "world_orientation": [1.0, -3.838362879530641e-17, 1.4813540171849057e-17, 3.838362879530641e-17, 1.0, 5.294293626938881e-18, -1.4813540171849057e-17, -5.294293626938881e-18, 1.0], "world_rotation": [-0.1276280613210114, 0.35710588544125776, 0.925303444577321, 4.1482206750932463e-17]}], "source": "action wait"}
