{"timestamp": 1706067356.204901, "objects": [{"color": "cv_", "id_name": "hand", "shape": "CVCylinder", "id_string": "ob383", "world_size": [0.12, 0.005, 0.12], "id": 383, "camera_size": [48, 50], "camera_position": [246, 426], "world_position": [0.26764451554013774, 0.6334703013847398, -0.17389260400847834], "world_orientation": [-0.0006415511557389369, 0.19791547486641228, 0.9802188802611982, -0.0007473675260351902, -0.9802189031249678, 0.19791499033238072, 0.9999995149268301, -0.0006056111687282856, 0.0007767761689923963], "world_rotation": [0.0, 1.0, 0.0, 0.0]}, {"color": "CVPurple", "id_name": "object91229738858605", "shape": "CVSphere", "id_string": "ob506", "world_size": [0.11, 0.11, 0.11], "id": 506, "camera_size": [45, 45], "camera_position": [256, 254], "world_position": [0.705, 0.654738849708696, -0.15], "world_orientation": [1.0, -5.1619362862653347e-17, 1.4541359828532488e-17, 5.1619362862653347e-17, 1.0, 2.3824321321224633e-17, -1.4541359828532488e-17, -2.3824321321224633e-17, 1.0], "world_rotation": [-0.4059884517598224, 0.2477982093873522, 0.8796416454796148, 5.868226354211375e-17]}], "source": "manual check"}
{"timestamp": 1706067357.222042, "objects": [{"color": "cv_", "id_name": "hand", "shape": "CVCylinder", "id_string": "ob383", "world_size": [0.12, 0.005, 0.12], "id": 383, "camera_size": [48, 50], "camera_position": [246, 426], "world_position": [0.26764451554013774, 0.6334703013847398, -0.17389260400847834], "world_orientation": [-0.0006415511557389369, 0.19791547486641228, 0.9802188802611982, -0.0007473675260351902, -0.9802189031249678, 0.19791499033238072, 0.9999995149268301, -0.0006056111687282856, 0.0007767761689923963], "world_rotation": [0.0, 1.0, 0.0, 0.0]}, {"color": "CVPurple", "id_name": "object91229738858605", "shape": "CVSphere", "id_string": "ob506", "world_size": [0.11, 0.11, 0.11], "id": 506, "camera_size": [45, 45], "camera_position": [256, 254], "world_position": [0.705, 0.6547388572526824, -0.15], "world_orientation": [1.0, -3.838362879530641e-17, 1.4813540171849057e-17, 3.838362879530641e-17, 1.0, 5.294293626938881e-18, -1.4813540171849057e-17, -5.294293626938881e-18, 1.0], "world_rotation": [-0.1276280613210114, 0.35710588544125776, 0.925303444577321, 4.1482206750932463e-17]}], "source": "manual check"}
{"timestamp": 1706067357.950713, "objects": [{"color": "cv_", "id_name": "hand", "shape": "CVCylinder", "id_string": "ob383", "world_size": [0.12, 0.005, 0.12], "id": 383, "camera_size": [48, 50], "camera_position": [246, 426], "world_position": [0.26764451554013774, 0.6334703013847398, -0.17389260400847834], "world_orientation": [-0.0006415511557389369, 0.19791547486641228, 0.9802188802611982, -0.0007473675260351902, -0.9802189031249678, 0.19791499033238072, 0.9999995149268301, -0.0006056111687282856, 0.0007767761689923963], "world_rotation": [0.0, 1.0, 0.0, 0.0]}, {"color": "CVPurple", "id_name": "object91229738858605", "shape": "CVSphere", "id_string": "ob506", "world_size": [0.11, 0.11, 0.11], "id": 506, "camera_size": [45, 45], "camera_position": [256, 254], "world_position": [0.705, 0.6547388572526824, -0.15], "world_orientation": [1.0, -3.838362879530641e-17, 1.4813540171849057e-17, 3.838362879530641e-17, 1.0, 5.294293626938881e-18, -1.4813540171849057e-17, -5.294293626938881e-18, 1.0], "world_rotation": [-0.1276280613210114, 0.35710588544125776, 0.925303444577321, 4.1482206750932463e-17]}], "source": "action wait"}
{"timestamp": 1706067357.979589, "objects": [{"color": "cv_", "id_name": "hand", "shape": "CVCylinder", "id_string": "ob383", "world_size": [0.12, 0.005, 0.12], "id": 383, "camera_size": [48, 50], "camera_position": [246, 444], "world_position": [0.22514739434160608, 0.6428711421365909, -0.17397270148302477], "world_orientation": [-0.0005236749913507574, 0.08856501981503526, 0.9960702600869409, -0.0007615736322312269, -0.9960701431293854, 0.0885646090253252, 0.9999995728849619, -0.0007122017750669278, 0.0005890658074175903], "world_rotation": [0.0, 1.0, 0.0, 0.0]}, {"color": "CVPurple", "id_name": "object91229738858605", "shape": "CVSphere", "id_string": "ob506", "world_size": [0.11, 0.11, 0.11], "id": 506, "camera_size": [45, 45], "camera_position": [256, 254], "world_position": [0.705, 0.6547388572526824, -0.15], "world_orientation": [1.0, -3.838362879530641e-17, 1.4813540171849057e-17, 3.838362879530641e-17, 1.0, 5.294293626938881e-18, -1.4813540171849057e-17, -5.294293626938881e-18, 1.0], "world_rotation": [-0.1276280613210114, 0.35710588544125776, 0.925303444577321, 4.1482206750932463e-17]}], "source": "action wait"}
{"timestamp": 1706067358.014938, "objects": [{"color": "cv_", "id_name": "hand", "shape": "CVCylinder", "id_string": "ob383", "world_size": [0.12, 0.005, 0.12], "id": 383, "camera_size": [48, 50], "camera_position": [246, 471], "world_position": [0.16390171200614728, 0.6600243089351098, -0.1740387507815378], "world_orientation": [-0.0003781607513705371, 0.06187081764030917, 0.9980840941117967, -0.000768680767321759, -0.9980838885933614, 0.06187051365741673, 0.9999996330620947, -0.0007438110473814614, 0.0004249950608202567], "world_rotation": [0.0, 1.0, 0.0, 0.0]}, {"color": "CVPurple", "id_name": "object91229738858605", "shape": "CVSphere", "id_string": "ob506", "world_size": [0.11, 0.11, 0.11], "id": 506, "camera_size": [45, 45], "camera_position": [256, 254], "world_position": [0.705, 0.6547388572526824, -0.15], "world_orientation": [1.0, -3.838362879530641e-17, 1.4813540171849057e-17, 3.838362879530641e-17, 1.0, 5.294293626938881e-18, -1.4813540171849057e-17, -5.294293626938881e-18, 1.0], "world_rotation": [-0.1276280613210114, 0.35710588544125776, 0.925303444577321, 4.1482206750932463e-17]}], "source": "action wait"}
{"timestamp": 1706067358.049874, "objects": [{"color": "cv_", "id_name": "hand", "shape": "CVCylinder", "id_string": "ob383", "world_size": [0.12, 0.005, 0.12], "id": 383, "camera_size": [49, 46], "camera_position": [246, 488], "world_position": [0.117870353504226, 0.6676875928009214, -0.17407780703491985], "world_orientation": [-0.0002573566092379414, 0.04331336840783391, 0.999061502553643, -0.0007697872679318801, -0.9990612482113542, 0.04331315908512306, 0.9999996705975148, -0.0007579178967895172, 0.00029045709479267294], "world_rotation": [0.0, 1.0, 0.0, 0.0]}, {"color": "CVPurple", "id_name": "object91229738858605", "shape": "CVSphere", "id_string": "ob506", "world_size": [0.11, 0.11, 0.11], "id": 506, "camera_size": [45, 45], "camera_position": [256, 254], "world_position": [0.705, 0.6547388572526824, -0.15], "world_orientation": [1.0, -3.838362879530641e-17, 1.4813540171849057e-17, 3.838362879530641e-17, 1.0, 5.294293626938881e-18, -1.4813540171849057e-17, -5.294293626938881e-18, 1.0], "world_rotation": [-0.1276280613210114, 0.35710588544125776, 0.925303444577321, 4.1482206750932463e-17]}], "source": "action wait"}
{"timestamp": 1706067358.082192, "objects": [{"color": "cv_", "id_name": "hand", "shape": "CVCylinder", "id_string": "ob383", "world_size": [0.12, 0.005, 0.12], "id": 383, "camera_size": [49, 34], "camera_position": [246, 494], "world_position": [0.08448308291747177, 0.6707868520733223, -0.17409653296565555], "world_orientation": [-0.00017493016417164287, 0.03018097019703461, 0.9995444354491717, -0.0007681379223135064, -0.9995441599143238, 0.030180827445600664, 0.9999996896817369, -0.0007625084488064135, 0.0001980335717315506], "world_rotation": [0.0, 1.0, 0.0, 0.0]}, {"color": "CVPurple", "id_name": "object91229738858605", "shape": "CVSphere", "id_string": "ob506", "world_size": [0.11, 0.11, 0.11], "id": 506, "camera_size": [45, 45], "camera_position": [256, 254], "world_position": [0.705, 0.6547388572526824, -0.15], "world_orientation": [1.0, -3.838362879530641e-17, 1.4813540171849057e-17, 3.838362879530641e-17, 1.0, 5.294293626938881e-18, -1.4813540171849057e-17, -5.294293626938881e-18, 1.0], "world_rotation": [-0.1276280613210114, 0.35710588544125776, 0.925303444577321, 4.1482206750932463e-17]}], "source": "action wait"}
{"timestamp": 1706067358.123921, "objects": [{"color": "cv_", "id_name": "hand", "shape": "CVCylinder", "id_string": "ob383", "world_size": [0.12, 0.005, 0.12], "id": 383, "camera_size": [49, 25], "camera_position": [246, 499], "world_position": [0.060571340665441946, 0.6718147630482249, -0.17410508571316777], "world_orientation": [-0.00011907316150658193, 0.020891805206165338, 0.9997817353286717, -0.0007661269071880195, -0.9997814509109784, 0.020891708017801137, 0.9999996994355269, -0.0007634720470278268, 0.00013505291228415364], "world_rotation": [0.0, 1.0, 0.0, 0.0]}, {"color": "CVPurple", "id_name": "object91229738858605", "shape": "CVSphere", "id_string": "ob506", "world_size": [0.11, 0.11, 0.11], "id": 506, "camera_size": [45, 45], "camera_position": [256, 254], "world_position": [0.705, 0.6547388572526824, -0.15], "world_orientation": [1.0, -3.838362879530641e-17, 1.4813540171849057e-17, 3.838362879530641e-17, 1.0, 5.294293626938881e-18, -1.4813540171849057e-17, -5.294293626938881e-18, 1.0], "world_rotation": [-0.1276280613210114, 0.35710588544125776, 0.925303444577321, 4.1482206750932463e-17]}], "source": "action wait"}
{"timestamp": 1706067358.150141, "objects": [{"color": "cv_", "id_name": "hand", "shape": "CVCylinder", "id_string": "ob383", "world_size": [0.12, 0.005, 0.12], "id": 383, "camera_size": [49, 19], "camera_position": [246, 502], "world_position": [0.043564636245138406, 0.6719702996508614, -0.17410869701699155], "world_orientation": [-8.137235535710506e-05, 0.014322983653604739, 0.9998974174973142, -0.0007645366413613288, -0.9998971294705654, 0.014322917309249604, 0.9999997044310883, -0.0007632927237625795, 9.23144303569977e-05], "world_rotation": [0.0, 1.0, 0.0, 0.0]}, {"color": "CVPurple", "id_name": "object91229738858605", "shape": "CVSphere", "id_string": "ob506", "world_size": [0.11, 0.11, 0.11], "id": 506, "camera_size": [45, 45], "camera_position": [256, 254], "world_position": [0.705, 0.6547388572526824, -0.15], "world_orientation": [1.0, -3.838362879530641e-17, 1.4813540171849057e-17, 3.838362879530641e-17, 1.0, 5.294293626938881e-18, -1.4813540171849057e-17, -5.294293626938881e-18, 1.0], "world_rotation": [-0.1276280613210114, 0.35710588544125776, 0.925303444577321, 4.1482206750932463e-17]}], "source": "action wait"}
{"timestamp": 1706067358.182407, "objects": [{"color": "cv_", "id_name": "hand", "shape": "CVCylinder", "id_string": "ob383", "world_size": [0.12, 0.005, 0.12], "id": 383, "camera_size": [49, 15], "camera_position": [246, 504], "world_position": [0.03151650126269555, 0.6718051782732892, -0.17410998590314997], "world_orientation": [-5.5978396609499486e-05, 0.009678707331829477, 0.999953158648346, -0.0007634924766671676, -0.9999528691819496, 0.009678661788951227, 0.9999997069727857, -0.0007629149176796564, 6.336537853395697e-05], "world_rotation": [0.0, 1.0, 0.0, 0.0]}, {"color": "CVPurple", "id_name": "object91229738858605", "shape": "CVSphere", "id_string": "ob506", "world_size": [0.11, 0.11, 0.11], "id": 506, "camera_size": [45, 45], "camera_position": [256, 254], "world_position": [0.705, 0.6547388572526824, -0.15], "world_orientation": [1.0, -3.838362879530641e-17, 1.4813540171849057e-17, 3.838362879530641e-17, 1.0, 5.294293626938881e-18, -1.4813540171849057e-17, -5.294293626938881e-18, 1.0], "world_rotation": [-0.1276280613210114, 0.35710588544125776, 0.925303444577321, 4.1482206750932463e-17]}], "source": "action wait"}
{"timestamp": 1706067358.214125, "objects": [{"color": "cv_", "id_name": "hand", "shape": "CVCylinder", "id_string": "ob383", "world_size": [0.12, 0.005, 0.12], "id": 383, "camera_size": [49, 12], "camera_position": [246, 505], "world_position": [0.023000563641869656, 0.671558733965432, -0.17411023718288293], "world_orientation": [-3.888563793287782e-05, 0.006395555772731091, 0.9999795474679796, -0.0007628978860753233, -0.999979257413056, 0.0063955242512535185, 0.9999997082373189, -0.0007626335888418124, 4.376398732381215e-05], "world_rotation": [0.0, 1.0, 0.0, 0.0]}, {"color": "CVPurple", "id_name": "object91229738858605", "shape": "CVSphere", "id_string": "ob506", "world_size": [0.11, 0.11, 0.11], "id": 506, "camera_size": [45, 45], "camera_position": [256, 254], "world_position": [0.705, 0.6547388572526824, -0.15], "world_orientation": [1.0, -3.838362879530641e-17, 1.4813540171849057e-17, 3.838362879530641e-17, 1.0, 5.294293626938881e-18, -1.4813540171849057e-17, -5.294293626938881e-18, 1.0], "world_rotation": [-0.1276280613210114, 0.35710588544125776, 0.925303444577321, 4.1482206750932463e-17]}], "source": "action wait"}
{"timestamp": 1706067358.245317, "objects": [{"color": "cv_", "id_name": "hand", "shape": "CVCylinder", "id_string": "ob383", "world_size": [0.12, 0.005, 0.12], "id": 383, "camera_size": [49, 10], "camera_position": [246, 506], "world_position": [0.016989273067977567, 0.6713249719615882, -0.17411006690312572], "world_orientation": [-2.7407024878733456e-05, 0.004074856311772285, 0.9999916973629799, -0.0007626140812571966, -0.9999914070359711, 0.0040748342275652725, 0.9999997088342667, -0.0007624960704666006, 3.0514332173977536e-05], "world_rotation": [0.0, 1.0, 0.0, 0.0]}, {"color": "CVPurple", "id_name": "object91229738858605", "shape": "CVSphere", "id_string": "ob506", "world_size": [0.11, 0.11, 0.11], "id": 506, "camera_size": [45, 45], "camera_position": [256, 254], "world_position": [0.705, 0.6547388572526824, -0.15], "world_orientation": [1.0, -3.838362879530641e-17, 1.4813540171849057e-17, 3.838362879530641e-17, 1.0, 5.294293626938881e-18, -1.4813540171849057e-17, -5.294293626938881e-18, 1.0], "world_rotation": [-0.1276280613210114, 0.35710588544125776, 0.925303444577321, 4.1482206750932463e-17]}], "source": "action wait"}
{"timestamp": 1706067358.282881, "objects": [{"color": "cv_", "id_name": "hand", "shape": "CVCylinder", "id_string": "ob383", "world_size": [0.12, 0.005, 0.12], "id": 383, "camera_size": [49, 9], "camera_position": [246, 507], "world_position": [0.012749286592479635, 0.6711334244577979, -0.17410976069284165], "world_orientation": [-1.969034816635473e-05, 0.0024346072258471722, 0.9999970361455808, -0.0007625218179173582, -0.999996745657047, 0.002434591504255453, 0.9999997090863414, -0.0007624716199596997, 2.154672521534181e-05], "world_rotation": [0.0, 1.0, 0.0, 0.0]}, {"color": "CVPurple", "id_name": "object91229738858605", "shape": "CVSphere", "id_string": "ob506", "world_size": [0.11, 0.11, 0.11], "id": 506, "camera_size": [45, 45], "camera_position": [256, 254], "world_position": [0.705, 0.6547388572526824, -0.15], "world_orientation": [1.0, -3.838362879530641e-17, 1.4813540171849057e-17, 3.838362879530641e-17, 1.0, 5.294293626938881e-18, -1.4813540171849057e-17, -5.294293626938881e-18, 1.0], "world_rotation": [-0.1276280613210114, 0.35710588544125776, 0.925303444577321, 4.1482206750932463e-17]}], "source": "action wait"}
{"timestamp": 1706067358.315021, "objects": [{"color": "cv_", "id_name": "hand", "shape": "CVCylinder", "id_string": "ob383", "world_size": [0.12, 0.005, 0.12], "id": 383, "camera_size": [49, 8], "camera_position": [246, 507], "world_position": [0.009760013259885455, 0.6709871051752161, -0.1741094434700124], "world_orientation": [-1.451746470050131e-05, 0.001275379124585985, 0.9999991865983351, -0.0007625357872946879, -0.9999988959876127, 0.0012753676838521315, 0.9999997091641659, -0.000762516651941829, 1.5489970898270398e-05], "world_rotation": [0.0, 1.0, 0.0, 0.0]}, {"color": "CVPurple", "id_name": "object91229738858605", "shape": "CVSphere", "id_string": "ob506", "world_size": [0.11, 0.11, 0.11], "id": 506, "camera_size": [45, 45], "camera_position": [256, 254], "world_position": [0.705, 0.6547388572526824, -0.15], "world_orientation": [1.0, -3.838362879530641e-17, 1.4813540171849057e-17, 3.838362879530641e-17, 1.0, 5.294293626938881e-18, -1.4813540171849057e-17, -5.294293626938881e-18, 1.0], "world_rotation": [-0.1276280613210114, 0.35710588544125776, 0.925303444577321, 4.1482206750932463e-17]}], "source": "action wait"}
{"timestamp": 1706067358.348608, "objects": [{"color": "cv_", "id_name": "hand", "shape": "CVCylinder", "id_string": "ob383", "world_size": [0.12, 0.005, 0.12], "id": 383, "camera_size": [49, 7], "camera_position": [246, 508], "world_position": [0.007653042543965138, 0.6708796440225243, -0.17410916370699964], "world_orientation": [-1.1043402422682789e-05, 0.00045616005887955287, 0.9999998958980165, -0.000762600776346774, -0.9999996051828525, 0.00045615150455908285, 0.9999997091590074, -0.0007625956594942682, 1.1391266077962728e-05], "world_rotation": [0.0, 1.0, 0.0, 0.0]}, {"color": "CVPurple", "id_name": "object91229738858605", "shape": "CVSphere", "id_string": "ob506", "world_size": [0.11, 0.11, 0.11], "id": 506, "camera_size": [45, 45], "camera_position": [256, 254], "world_position": [0.705, 0.6547388572526824, -0.15], "world_orientation": [1.0, -3.838362879530641e-17, 1.4813540171849057e-17, 3.838362879530641e-17, 1.0, 5.294293626938881e-18, -1.4813540171849057e-17, -5.294293626938881e-18, 1.0], "world_rotation": [-0.1276280613210114, 0.35710588544125776, 0.925303444577321, 4.1482206750932463e-17]}], "source": "action wait"}
{"timestamp": 1706067358.380055, "objects": [{"color": "cv_", "id_name": "hand", "shape": "CVCylinder", "id_string": "ob383", "world_size": [0.12, 0.005, 0.12], "id": 383, "camera_size": [49, 7], "camera_position": [246, 508], "world_position": [0.0061681424407933035, 0.6708025763870383, -0.17410893484941745], "world_orientation": [-8.71536339457118e-06, -0.00012274362606522782, 0.9999999924290224, -0.0007626839557671044, -0.999999701622737, -0.00012275023743807428, 0.9999997091185708, -0.0007626850198060968, 8.621746200196022e-06], "world_rotation": [0.0, 1.0, 0.0, 0.0]}, {"color": "CVPurple", "id_name": "object91229738858605", "shape": "CVSphere", "id_string": "ob506", "world_size": [0.11, 0.11, 0.11], "id": 506, "camera_size": [45, 45], "camera_position": [256, 254], "world_position": [0.705, 0.6547388572526824, -0.15], "world_orientation": [1.0, -3.838362879530641e-17, 1.4813540171849057e-17, 3.838362879530641e-17, 1.0, 5.294293626938881e-18, -1.4813540171849057e-17, -5.294293626938881e-18, 1.0], "world_rotation": [-0.1276280613210114, 0.35710588544125776, 0.925303444577321, 4.1482206750932463e-17]}], "source": "action wait"}
{"timestamp": 1706067358.413191, "objects": [{"color": "CVPurple", "id_name": "object91229738858605", "shape": "CVSphere", "id_string": "ob506", "world_size": [0.11, 0.11, 0.11], "id": 506, "camera_size": [45, 45], "camera_position": [256, 254], "world_position": [0.705, 0.6547388572526824, -0.15], "world_orientation": [1.0, -3.838362879530641e-17, 1.4813540171849057e-17, 3.838362879530641e-17, 1.0, 5.294293626938881e-18, -1.4813540171849057e-17, -5.294293626938881e-18, 1.0], "world_rotation": [-0.1276280613210114, 0.35710588544125776, 0.925303444577321, 4.1482206750932463e-17]}], "source": "action wait"}
{"timestamp": 1706067359.850403, "objects": [{"color": "CVPurple", "id_name": "object91229738858605", "shape": "CVSphere", "id_string": "ob506", "world_size": [0.11, 0.11, 0.11], "id": 506, "camera_size": [45, 45], "camera_position": [256, 254], "world_position": [0.705, 0.6547388572526824, -0.15], "world_orientation": [1.0, -3.838362879530641e-17, 1.4813540171849057e-17, 3.838362879530641e-17, 1.0, 5.294293626938881e-18, -1.4813540171849057e-17, -5.294293626938881e-18, 1.0], "world_rotation": [-0.1276280613210114, 0.35710588544125776, 0.925303444577321, 4.1482206750932463e-17]}], "source": "action wait"}
{"timestamp": 1706067359.881521, "objects": [{"color": "cv_", "id_name": "hand", "shape": "CVCylinder", "id_string": "ob383", "world_size": [0.12, 0.005, 0.12], "id": 383, "camera_size": [51, 10], "camera_position": [246, 506], "world_position": [0.03547637215794015, 0.726535280831251, -0.1741229385602523], "world_orientation": [0.00015801815451847482, 0.1931697903410891, 0.9811653311903364, -0.0007082989740529629, -0.981165075700502, 0.19316985411339882, 0.9999997366713785, -0.000725482741314336, -1.8219930223126385e-05], "world_rotation": [0.0, 1.0, 0.0, 0.0]}, {"color": "CVPurple", "id_name": "object91229738858605", "shape": "CVSphere", "id_string": "ob506", "world_size": [0.11, 0.11, 0.11], "id": 506, "camera_size": [45, 45], "camera_position": [256, 254], "world_position": [0.705, 0.6547388572526824, -0.15], "world_orientation": [1.0, -3.838362879530641e-17, 1.4813540171849057e-17, 3.838362879530641e-17, 1.0, 5.294293626938881e-18, -1.4813540171849057e-17, -5.294293626938881e-18, 1.0], "world_rotation": [-0.1276280613210114, 0.35710588544125776, 0.925303444577321, 4.1482206750932463e-17]}], "source": "action wait"}
{"timestamp": 1706067359.914708, "objects": [{"color": "cv_", "id_name": "hand", "shape": "CVCylinder", "id_string": "ob383", "world_size": [0.12, 0.005, 0.12], "id": 383, "camera_size": [53, 20], "camera_position": [245, 501], "world_position": [0.08390446758133552, 0.7795241298565992, -0.17412487465421136], "world_orientation": [0.0002569839678804985, 0.2966406325301898, 0.9549891460594351, -0.0007069716293632905, -0.9549888850436729, 0.2966407416963453, 0.9999997170751378, -0.0007513821474502773, -3.570032164461486e-05], "world_rotation": [0.0, 1.0, 0.0, 0.0]}, {"color": "CVPurple", "id_name": "object91229738858605", "shape": "CVSphere", "id_string": "ob506", "world_size": [0.11, 0.11, 0.11], "id": 506, "camera_size": [45, 45], "camera_position": [256, 254], "world_position": [0.705, 0.6547388572526824, -0.15], "world_orientation": [1.0, -3.838362879530641e-17, 1.4813540171849057e-17, 3.838362879530641e-17, 1.0, 5.294293626938881e-18, -1.4813540171849057e-17, -5.294293626938881e-18, 1.0], "world_rotation": [-0.1276280613210114, 0.35710588544125776, 0.925303444577321, 4.1482206750932463e-17]}], "source": "action wait"}
{"timestamp": 1706067359.94964, "objects": [{"color": "cv_", "id_name": "hand", "shape": "CVCylinder", "id_string": "ob383", "world_size": [0.12, 0.005, 0.12], "id": 383, "camera_size": [55, 37], "camera_position": [245, 493], "world_position": [0.14077693046216938, 0.8114538896325328, -0.17412066038144908], "world_orientation": [0.000288259341724364, 0.3366032779493887, 0.9416465102044813, -0.0007128810231243262, -0.941646240884511, 0.3366033999066505, 0.9999997043535558, -0.0007683110020955173, -3.148023636256354e-05], "world_rotation": [0.0, 1.0, 0.0, 0.0]}, {"color": "CVPurple", "id_name": "object91229738858605", "shape": "CVSphere", "id_string": "ob506", "world_size": [0.11, 0.11, 0.11], "id": 506, "camera_size": [45, 45], "camera_position": [256, 254], "world_position": [0.705, 0.6547388572526824, -0.15], "world_orientation": [1.0, -3.838362879530641e-17, 1.4813540171849057e-17, 3.838362879530641e-17, 1.0, 5.294293626938881e-18, -1.4813540171849057e-17, -5.294293626938881e-18, 1.0], "world_rotation": [-0.1276280613210114, 0.35710588544125776, 0.925303444577321, 4.1482206750932463e-17]}], "source": "action wait"}
{"timestamp": 1706067359.986116, "objects": [{"color": "cv_", "id_name": "hand", "shape": "CVCylinder", "id_string": "ob383", "world_size": [0.12, 0.005, 0.12], "id": 383, "camera_size": [55, 59], "camera_position": [245, 480], "world_position": [0.20220882847015265, 0.8255548444375871, -0.17411729565131073], "world_orientation": [0.0002861445514791557, 0.3367473544203913, 0.9415949964884919, -0.0007225541014336213, -0.9415947196165001, 0.33674747498072694, 0.9999996980183875, -0.000776711781792454, -2.6114016635964054e-05], "world_rotation": [0.0, 1.0, 0.0, 0.0]}, {"color": "CVPurple", "id_name": "object91229738858605", "shape": "CVSphere", "id_string": "ob506", "world_size": [0.11, 0.11, 0.11], "id": 506, "camera_size": [45, 45], "camera_position": [256, 254], "world_position": [0.705, 0.6547388572526824, -0.15], "world_orientation": [1.0, -3.838362879530641e-17, 1.4813540171849057e-17, 3.838362879530641e-17, 1.0, 5.294293626938881e-18, -1.4813540171849057e-17, -5.294293626938881e-18, 1.0], "world_rotation": [-0.1276280613210114, 0.35710588544125776, 0.925303444577321, 4.1482206750932463e-17]}], "source": "action wait"}
{"timestamp": 1706067360.020196, "objects": [{"color": "cv_", "id_name": "hand", "shape": "CVCylinder", "id_string": "ob383", "world_size": [0.12, 0.005, 0.12], "id": 383, "camera_size": [55, 58], "camera_position": [245, 451], "world_position": [0.26626482311794264, 0.8245693589035937, -0.17411456043768245], "world_orientation": [0.0002607153735169656, 0.30885608463425085, 0.9511087482574715, -0.000735679195710194, -0.9511084639611623, 0.30885619397635483, 0.9999996954017611, -0.0007802344769268117, -2.074960250239822e-05], "world_rotation": [0.0, 1.0, 0.0, 0.0]}, {"color": "CVPurple", "id_name": "object91229738858605", "shape": "CVSphere", "id_string": "ob506", "world_size": [0.11, 0.11, 0.11], "id": 506, "camera_size": [45, 45], "camera_position": [256, 254], "world_position": [0.705, 0.6547388572526824, -0.15], "world_orientation": [1.0, -3.838362879530641e-17, 1.4813540171849057e-17, 3.838362879530641e-17, 1.0, 5.294293626938881e-18, -1.4813540171849057e-17, -5.294293626938881e-18, 1.0], "world_rotation": [-0.1276280613210114, 0.35710588544125776, 0.925303444577321, 4.1482206750932463e-17]}], "source": "action wait"}
{"timestamp": 1706067360.053435, "objects": [{"color": "cv_", "id_name": "hand", "shape": "CVCylinder", "id_string": "ob383", "world_size": [0.12, 0.005, 0.12], "id": 383, "camera_size": [54, 56], "camera_position": [245, 420], "world_position": [0.3309260915691762, 0.8106750808628378, -0.17411215047463113], "world_orientation": [0.0002186071999176752, 0.2605758155035605, 0.9654533632369543, -0.0007501037061711608, -0.9654530719683974, 0.26057590673585895, 0.9999996947776145, -0.0007811539152372166, -1.5596107766688264e-05], "world_rotation": [0.0, 1.0, 0.0, 0.0]}, {"color": "CVPurple", "id_name": "object91229738858605", "shape": "CVSphere", "id_string": "ob506", "world_size": [0.11, 0.11, 0.11], "id": 506, "camera_size": [45, 45], "camera_position": [256, 254], "world_position": [0.705, 0.6547388572526824, -0.15], "world_orientation": [1.0, -3.838362879530641e-17, 1.4813540171849057e-17, 3.838362879530641e-17, 1.0, 5.294293626938881e-18, -1.4813540171849057e-17, -5.294293626938881e-18, 1.0], "world_rotation": [-0.1276280613210114, 0.35710588544125776, 0.925303444577321, 4.1482206750932463e-17]}], "source": "action wait"}
{"timestamp": 1706067360.084232, "objects": [{"color": "cv_", "id_name": "hand", "shape": "CVCylinder", "id_string": "ob383", "world_size": [0.12, 0.005, 0.12], "id": 383, "camera_size": [53, 55], "camera_position": [245, 390], "world_position": [0.39440314682584077, 0.785640939706584, -0.1741098687993919], "world_orientation": [0.00016443062184512086, 0.1971987623200514, 0.9803635147750097, -0.0007633871465101825, -0.9803632176166999, 0.19719883058551785, 0.9999996951012713, -0.0007808224324273868, -1.0662733043524968e-05], "world_rotation": [0.0, 1.0, 0.0, 0.0]}, {"color": "CVPurple", "id_name": "object91229738858605", "shape": "CVSphere", "id_string": "ob506", "world_size": [0.11, 0.11, 0.11], "id": 506, "camera_size": [45, 45], "camera_position": [256, 254], "world_position": [0.705, 0.6547388572526824, -0.15], "world_orientation": [1.0, -3.838362879530641e-17, 1.4813540171849057e-17, 3.838362879530641e-17, 1.0, 5.294293626938881e-18, -1.4813540171849057e-17, -5.294293626938881e-18, 1.0], "world_rotation": [-0.1276280613210114, 0.35710588544125776, 0.925303444577321, 4.1482206750932463e-17]}], "source": "action wait"}
{"timestamp": 1706067360.113539, "objects": [{"color": "cv_", "id_name": "hand", "shape": "CVCylinder", "id_string": "ob383", "world_size": [0.12, 0.005, 0.12], "id": 383, "camera_size": [52, 53], "camera_position": [245, 365], "world_position": [0.4457404688159819, 0.7578967393698689, -0.1741028910365392], "world_orientation": [0.00010278146507722039, 0.13904865680878398, 0.9902855449190621, -0.0007679290810742854, -0.9902852471816065, 0.13904869470581618, 0.9999996998604035, -0.0007747606970701049, 4.996538698511555e-06], "world_rotation": [0.0, 1.0, 0.0, 0.0]}, {"color": "CVPurple", "id_name": "object91229738858605", "shape": "CVSphere", "id_string": "ob506", "world_size": [0.11, 0.11, 0.11], "id": 506, "camera_size": [45, 45], "camera_position": [256, 254], "world_position": [0.705, 0.6547388572526824, -0.15], "world_orientation": [1.0, -3.838362879530641e-17, 1.4813540171849057e-17, 3.838362879530641e-17, 1.0, 5.294293626938881e-18, -1.4813540171849057e-17, -5.294293626938881e-18, 1.0], "world_rotation": [-0.1276280613210114, 0.35710588544125776, 0.925303444577321, 4.1482206750932463e-17]}], "source": "action wait"}
{"timestamp": 1706067360.145831, "objects": [{"color": "cv_", "id_name": "hand", "shape": "CVCylinder", "id_string": "ob383", "world_size": [0.12, 0.005, 0.12], "id": 383, "camera_size": [51, 52], "camera_position": [246, 348], "world_position": [0.4806140032852246, 0.7351774971288916, -0.1740983758869809], "world_orientation": [6.019404941572281e-05, 0.0977117109721364, 0.9952147596954007, -0.0007666233788621251, -0.9952144645397956, 0.09771172836135483, 0.9999997043325921, -0.0007688365663769598, 1.5002093362505938e-05], "world_rotation": [0.0, 1.0, 0.0, 0.0]}, {"color": "CVPurple", "id_name": "object91229738858605", "shape": "CVSphere", "id_string": "ob506", "world_size": [0.11, 0.11, 0.11], "id": 506, "camera_size": [45, 45], "camera_position": [256, 254], "world_position": [0.705, 0.6547388572526824, -0.15], "world_orientation": [1.0, -3.838362879530641e-17, 1.4813540171849057e-17, 3.838362879530641e-17, 1.0, 5.294293626938881e-18, -1.4813540171849057e-17, -5.294293626938881e-18, 1.0], "world_rotation": [-0.1276280613210114, 0.35710588544125776, 0.925303444577321, 4.1482206750932463e-17]}], "source": "action wait"}
{"timestamp": 1706067360.178027, "objects": [{"color": "cv_", "id_name": "hand", "shape": "CVCylinder", "id_string": "ob383", "world_size": [0.12, 0.005, 0.12], "id": 383, "camera_size": [51, 51], "camera_position": [246, 338], "world_position": [0.5043851729466574, 0.7176717700075566, -0.17409679766612499], "world_orientation": [3.3777213003688044e-05, 0.06846168225688282, 0.9976537460069287, -0.0007644139377094659, -0.9976534533294898, 0.06846168805306502, 0.999999707265173, -0.0007649328734760552, 1.863511091961127e-05], "world_rotation": [0.0, 1.0, 0.0, 0.0]}, {"color": "CVPurple", "id_name": "object91229738858605", "shape": "CVSphere", "id_string": "ob506", "world_size": [0.11, 0.11, 0.11], "id": 506, "camera_size": [45, 45], "camera_position": [256, 254], "world_position": [0.705, 0.6547388572526824, -0.15], "world_orientation": [1.0, -3.838362879530641e-17, 1.4813540171849057e-17, 3.838362879530641e-17, 1.0, 5.294293626938881e-18, -1.4813540171849057e-17, -5.294293626938881e-18, 1.0], "world_rotation": [-0.1276280613210114, 0.35710588544125776, 0.925303444577321, 4.1482206750932463e-17]}], "source": "action wait"}
{"timestamp": 1706067360.213187, "objects": [{"color": "cv_", "id_name": "hand", "shape": "CVCylinder", "id_string": "ob383", "world_size": [0.12, 0.005, 0.12], "id": 383, "camera_size": [49, 50], "camera_position": [246, 330], "world_position": [0.5207002797559749, 0.7046330558250136, -0.17409679139216425], "world_orientation": [1.756260277773655e-05, 0.0478027625728533, 0.9988567943313789, -0.0007626882667949362, -0.998856503330876, 0.0478027620564265, 0.9999997089990391, -0.0007626558981669744, 1.8916086135121625e-05], "world_rotation": [0.0, 1.0, 0.0, 0.0]}, {"color": "CVPurple", "id_name": "object91229738858605", "shape": "CVSphere", "id_string": "ob506", "world_size": [0.11, 0.11, 0.11], "id": 506, "camera_size": [45, 45], "camera_position": [256, 254], "world_position": [0.705, 0.6547388572526824, -0.15], "world_orientation": [1.0, -3.838362879530641e-17, 1.4813540171849057e-17, 3.838362879530641e-17, 1.0, 5.294293626938881e-18, -1.4813540171849057e-17, -5.294293626938881e-18, 1.0], "world_rotation": [-0.1276280613210114, 0.35710588544125776, 0.925303444577321, 4.1482206750932463e-17]}], "source": "action wait"}
{"timestamp": 1706067360.249441, "objects": [{"color": "cv_", "id_name": "hand", "shape": "CVCylinder", "id_string": "ob383", "world_size": [0.12, 0.005, 0.12], "id": 383, "camera_size": [49, 49], "camera_position": [246, 325], "world_position": [0.5319689822353788, 0.6951175834812142, -0.17409754527161844], "world_orientation": [7.735087284257599e-06, 0.03322483632259397, 0.9994479026900329, -0.0007616752039797386, -0.9994476126097331, 0.0332248325742786, 0.999999709895484, -0.0007615116821288599, 1.7575719464002088e-05], "world_rotation": [0.0, 1.0, 0.0, 0.0]}, {"color": "CVPurple", "id_name": "object91229738858605", "shape": "CVSphere", "id_string": "ob506", "world_size": [0.11, 0.11, 0.11], "id": 506, "camera_size": [45, 45], "camera_position": [256, 254], "world_position": [0.705, 0.6547388572526824, -0.15], "world_orientation": [1.0, -3.838362879530641e-17, 1.4813540171849057e-17, 3.838362879530641e-17, 1.0, 5.294293626938881e-18, -1.4813540171849057e-17, -5.294293626938881e-18, 1.0], "world_rotation": [-0.1276280613210114, 0.35710588544125776, 0.925303444577321, 4.1482206750932463e-17]}], "source": "action wait"}
{"timestamp": 1706067360.283515, "objects": [{"color": "cv_", "id_name": "hand", "shape": "CVCylinder", "id_string": "ob383", "world_size": [0.12, 0.005, 0.12], "id": 383, "camera_size": [49, 50], "camera_position": [246, 321], "world_position": [0.5397931872922758, 0.688261797543458, -0.17409859603576608], "world_orientation": [1.8927095476172093e-06, 0.022942423475472474, 0.9997367879604561, -0.0007612386112360979, -0.9997364982633012, 0.022942418268551108, 0.9999997102560553, -0.0007610816674031111, 1.5572447769867408e-05], "world_rotation": [0.0, 1.0, 0.0, 0.0]}, {"color": "CVPurple", "id_name": "object91229738858605", "shape": "CVSphere", "id_string": "ob506", "world_size": [0.11, 0.11, 0.11], "id": 506, "camera_size": [45, 45], "camera_position": [256, 254], "world_position": [0.705, 0.6547388572526824, -0.15], "world_orientation": [1.0, -3.838362879530641e-17, 1.4813540171849057e-17, 3.838362879530641e-17, 1.0, 5.294293626938881e-18, -1.4813540171849057e-17, -5.294293626938881e-18, 1.0], "world_rotation": [-0.1276280613210114, 0.35710588544125776, 0.925303444577321, 4.1482206750932463e-17]}], "source": "action wait"}
{"timestamp": 1706067360.317538, "objects": [{"color": "cv_", "id_name": "hand", "shape": "CVCylinder", "id_string": "ob383", "world_size": [0.12, 0.005, 0.12], "id": 383, "camera_size": [49, 49], "camera_position": [246, 319], "world_position": [0.5452482794840015, 0.6833630150377084, -0.1740996927148723], "world_orientation": [-1.5075180478885855e-06, 0.015691277941717787, 0.999876884318406, -0.0007611791690038462, -0.9998765946763085, 0.01569127224867132, 0.9999997103019581, -0.0007610618010358771, 1.3451205916790672e-05], "world_rotation": [0.0, 1.0, 0.0, 0.0]}, {"color": "CVPurple", "id_name": "object91229738858605", "shape": "CVSphere", "id_string": "ob506", "world_size": [0.11, 0.11, 0.11], "id": 506, "camera_size": [45, 45], "camera_position": [256, 254], "world_position": [0.705, 0.6547388572526824, -0.15], "world_orientation": [1.0, -3.838362879530641e-17, 1.4813540171849057e-17, 3.838362879530641e-17, 1.0, 5.294293626938881e-18, -1.4813540171849057e-17, -5.294293626938881e-18, 1.0], "world_rotation": [-0.1276280613210114, 0.35710588544125776, 0.925303444577321, 4.1482206750932463e-17]}], "source": "action wait"}
{"timestamp": 1706067360.348029, "objects": [{"color": "cv_", "id_name": "hand", "shape": "CVCylinder", "id_string": "ob383", "world_size": [0.12, 0.005, 0.12], "id": 383, "camera_size": [49, 49], "camera_position": [246, 317], "world_position": [0.5490635848490405, 0.6798815524069839, -0.17410071036873603], "world_orientation": [-3.4010263375865956e-06, 0.01057822352211451, 0.9999440490225188, -0.0007613292759700659, -0.9999437592607321, 0.010578217867332568, 0.9999997101830412, -0.0007612507020556749, 1.145434631686056e-05], "world_rotation": [0.0, 1.0, 0.0, 0.0]}, {"color": "CVPurple", "id_name": "object91229738858605", "shape": "CVSphere", "id_string": "ob506", "world_size": [0.11, 0.11, 0.11], "id": 506, "camera_size": [45, 45], "camera_position": [256, 254], "world_position": [0.705, 0.6547388572526824, -0.15], "world_orientation": [1.0, -3.838362879530641e-17, 1.4813540171849057e-17, 3.838362879530641e-17, 1.0, 5.294293626938881e-18, -1.4813540171849057e-17, -5.294293626938881e-18, 1.0], "world_rotation": [-0.1276280613210114, 0.35710588544125776, 0.925303444577321, 4.1482206750932463e-17]}], "source": "action wait"}
{"timestamp": 1706067360.377713, "objects": [{"color": "cv_", "id_name": "hand", "shape": "CVCylinder", "id_string": "ob383", "world_size": [0.12, 0.005, 0.12], "id": 383, "camera_size": [49, 49], "camera_position": [246, 316], "world_position": [0.5517382674761656, 0.6774161890279347, -0.17410159638095138], "world_orientation": [-4.400519622361439e-06, 0.006972928215812289, 0.9999756888308499, -0.0007615739104274697, -0.999975398873498, 0.006972922842509293, 0.9999997099928652, -0.0007615247111918749, 9.7108115734344e-06], "world_rotation": [0.0, 1.0, 0.0, 0.0]}, {"color": "CVPurple", "id_name": "object91229738858605", "shape": "CVSphere", "id_string": "ob506", "world_size": [0.11, 0.11, 0.11], "id": 506, "camera_size": [45, 45], "camera_position": [256, 254], "world_position": [0.705, 0.6547388572526824, -0.15], "world_orientation": [1.0, -3.838362879530641e-17, 1.4813540171849057e-17, 3.838362879530641e-17, 1.0, 5.294293626938881e-18, -1.4813540171849057e-17, -5.294293626938881e-18, 1.0], "world_rotation": [-0.1276280613210114, 0.35710588544125776, 0.925303444577321, 4.1482206750932463e-17]}], "source": "action wait"}
{"timestamp": 1706067360.410051, "objects": [{"color": "cv_", "id_name": "hand", "shape": "CVCylinder", "id_string": "ob383", "world_size": [0.12, 0.005, 0.12], "id": 383, "camera_size": [49, 49], "camera_position": [246, 315], "world_position": [0.5536165468047888, 0.6756744717578301, -0.17410233770875108], "world_orientation": [-4.865691218915208e-06, 0.004430787133069379, 0.9999901840026765, -0.0007618425203284967, -0.9999898938317319, 0.004430782140444528, 0.9999997097861076, -0.0007618134832669917, 8.241204082284107e-06], "world_rotation": [0.0, 1.0, 0.0, 0.0]}, {"color": "CVPurple", "id_name": "object91229738858605", "shape": "CVSphere", "id_string": "ob506", "world_size": [0.11, 0.11, 0.11], "id": 506, "camera_size": [45, 45], "camera_position": [256, 254], "world_position": [0.705, 0.6547388572526824, -0.15], "world_orientation": [1.0, -3.838362879530641e-17, 1.4813540171849057e-17, 3.838362879530641e-17, 1.0, 5.294293626938881e-18, -1.4813540171849057e-17, -5.294293626938881e-18, 1.0], "world_rotation": [-0.1276280613210114, 0.35710588544125776, 0.925303444577321, 4.1482206750932463e-17]}], "source": "action wait"}
