{"timestamp": 1706067864.247357, "objects": [{"color": "cv_", "id_name": "hand", "shape": "CVCylinder", "id_string": "ob383", "world_size": [0.12, 0.005, 0.12], "id": 383, "camera_size": [48, 50], "camera_position": [246, 426], "world_position": [0.26764451554013874, 0.6334703013847401, -0.17389260400847475], "world_orientation": [-0.0006415490611782528, 0.19791547486641228, 0.9802188802625691, -0.0007473671031248061, -0.9802189031249677, 0.19791499033397755, 0.99999951492849, -0.0006056111687284935, 0.0007767740321639106], "world_rotation": [0.0, 1.0, 0.0, 0.0]}, {"color": "CVBlue", "id_name": "object135114535577295", "shape": "CVCone", "id_string": "ob611", "world_size": [0.09, 0.09, 0.09], "id": 611, "camera_size": [37, 37], "camera_position": [256, 254], "world_position": [0.705, 0.6448569667806435, -0.15], "world_orientation": [1.0, -5.053903521130611e-17, -1.3537563024626779e-17, 5.053903521130611e-17, 1.0, -6.136882847087181e-17, 1.3537563024626779e-17, 6.136882847087181e-17, 1.0], "world_rotation": [-0.7609763537112164, 0.16786641696290353, -0.6266864089386478, -8.064485600844401e-17]}], "source": "manual check"}
{"timestamp": 1706067865.263453, "objects": [{"color": "cv_", "id_name": "hand", "shape": "CVCylinder", "id_string": "ob383", "world_size": [0.12, 0.005, 0.12], "id": 383, "camera_size": [48, 50], "camera_position": [246, 426], "world_position": [0.26764451554013874, 0.6334703013847401, -0.17389260400847475], "world_orientation": [-0.0006415490611782528, 0.19791547486641228, 0.9802188802625691, -0.0007473671031248061, -0.9802189031249677, 0.19791499033397755, 0.99999951492849, -0.0006056111687284935, 0.0007767740321639106], "world_rotation": [0.0, 1.0, 0.0, 0.0]}, {"color": "CVBlue", "id_name": "object135114535577295", "shape": "CVCone", "id_string": "ob611", "world_size": [0.09, 0.09, 0.09], "id": 611, "camera_size": [37, 37], "camera_position": [256, 254], "world_position": [0.705, 0.6448569696296074, -0.15], "world_orientation": [1.0, -4.331917303826236e-17, -1.1712398707441946e-17, 4.331917303826236e-17, 1.0, -5.775889738434995e-17, 1.1712398707441946e-17, 5.775889738434995e-17, 1.0], "world_rotation": [-0.7896765794068324, 0.16013129347666225, -0.5922574345551229, -7.314247236221149e-17]}], "source": "manual check"}
{"timestamp": 1706067866.543848, "objects": [{"color": "cv_", "id_name": "hand", "shape": "CVCylinder", "id_string": "ob383", "world_size": [0.12, 0.005, 0.12], "id": 383, "camera_size": [48, 50], "camera_position": [246, 426], "world_position": [0.26764451554013874, 0.6334703013847401, -0.17389260400847475], "world_orientation": [-0.0006415490611782528, 0.19791547486641228, 0.9802188802625691, -0.0007473671031248061, -0.9802189031249677, 0.19791499033397755, 0.99999951492849, -0.0006056111687284935, 0.0007767740321639106], "world_rotation": [0.0, 1.0, 0.0, 0.0]}, {"color": "CVBlue", "id_name": "object135114535577295", "shape": "CVCone", "id_string": "ob611", "world_size": [0.09, 0.09, 0.09], "id": 611, "camera_size": [37, 37], "camera_position": [256, 254], "world_position": [0.705, 0.6448569696296074, -0.15], "world_orientation": [1.0, -4.331917303826236e-17, -1.1712398707441946e-17, 4.331917303826236e-17, 1.0, -5.775889738434995e-17, 1.1712398707441946e-17, 5.775889738434995e-17, 1.0], "world_rotation": [-0.7896765794068324, 0.16013129347666225, -0.5922574345551229, -7.314247236221149e-17]}], "source": "action wait"}
{"timestamp": 1706067866.576515, "objects": [{"color": "cv_", "id_name": "hand", "shape": "CVCylinder", "id_string": "ob383", "world_size": [0.12, 0.005, 0.12], "id": 383, "camera_size": [48, 50], "camera_position": [246, 444], "world_position": [0.2250991432429618, 0.6416776071077926, -0.17397246912579836], "world_orientation": [-0.0005244055590279455, 0.08775991317594821, 0.9961415173749961, -0.0007630982958517229, -0.9961413994279997, 0.08775950106180688, 0.9999995713398084, -0.000714132324122014, 0.0005893515276269762], "world_rotation": [0.0, 1.0, 0.0, 0.0]}, {"color": "CVBlue", "id_name": "object135114535577295", "shape": "CVCone", "id_string": "ob611", "world_size": [0.09, 0.09, 0.09], "id": 611, "camera_size": [37, 37], "camera_position": [256, 254], "world_position": [0.705, 0.6448569696296074, -0.15], "world_orientation": [1.0, -4.331917303826236e-17, -1.1712398707441946e-17, 4.331917303826236e-17, 1.0, -5.775889738434995e-17, 1.1712398707441946e-17, 5.775889738434995e-17, 1.0], "world_rotation": [-0.7896765794068324, 0.16013129347666225, -0.5922574345551229, -7.314247236221149e-17]}], "source": "action wait"}
{"timestamp": 1706067866.610184, "objects": [{"color": "cv_", "id_name": "hand", "shape": "CVCylinder", "id_string": "ob383", "world_size": [0.12, 0.005, 0.12], "id": 383, "camera_size": [48, 50], "camera_position": [246, 470], "world_position": [0.1638670227837777, 0.6571116752000701, -0.174038397556462], "world_orientation": [-0.000379954985627502, 0.06032424766770782, 0.9981787619347218, -0.0007693278402548466, -0.9981785562257364, 0.06032394239254102, 0.9999996318843739, -0.0007450063284430916, 0.00042567204215801204], "world_rotation": [0.0, 1.0, 0.0, 0.0]}, {"color": "CVBlue", "id_name": "object135114535577295", "shape": "CVCone", "id_string": "ob611", "world_size": [0.09, 0.09, 0.09], "id": 611, "camera_size": [37, 37], "camera_position": [256, 254], "world_position": [0.705, 0.6448569696296074, -0.15], "world_orientation": [1.0, -4.331917303826236e-17, -1.1712398707441946e-17, 4.331917303826236e-17, 1.0, -5.775889738434995e-17, 1.1712398707441946e-17, 5.775889738434995e-17, 1.0], "world_rotation": [-0.7896765794068324, 0.16013129347666225, -0.5922574345551229, -7.314247236221149e-17]}], "source": "action wait"}
{"timestamp": 1706067866.645026, "objects": [{"color": "cv_", "id_name": "hand", "shape": "CVCylinder", "id_string": "ob383", "world_size": [0.12, 0.005, 0.12], "id": 383, "camera_size": [48, 46], "camera_position": [246, 488], "world_position": [0.11761511838009935, 0.6637246377068843, -0.17407773702866539], "world_orientation": [-0.0002583702895384328, 0.04222243032998077, 0.9991082021592173, -0.0007699559376710052, -0.9991079477547194, 0.04222222046751142, 0.9999996702062693, -0.0007583603253014799, 0.000290649220677384], "world_rotation": [0.0, 1.0, 0.0, 0.0]}, {"color": "CVBlue", "id_name": "object135114535577295", "shape": "CVCone", "id_string": "ob611", "world_size": [0.09, 0.09, 0.09], "id": 611, "camera_size": [37, 37], "camera_position": [256, 254], "world_position": [0.705, 0.6448569696296074, -0.15], "world_orientation": [1.0, -4.331917303826236e-17, -1.1712398707441946e-17, 4.331917303826236e-17, 1.0, -5.775889738434995e-17, 1.1712398707441946e-17, 5.775889738434995e-17, 1.0], "world_rotation": [-0.7896765794068324, 0.16013129347666225, -0.5922574345551229, -7.314247236221149e-17]}], "source": "action wait"}
{"timestamp": 1706067866.679202, "objects": [{"color": "cv_", "id_name": "hand", "shape": "CVCylinder", "id_string": "ob383", "world_size": [0.12, 0.005, 0.12], "id": 383, "camera_size": [48, 34], "camera_position": [246, 494], "world_position": [0.08418837045850924, 0.6660511562122606, -0.17409653341119904], "world_orientation": [-0.00017551026768063146, 0.02941173381812684, 0.9995673659688765, -0.0007680370186133783, -0.9995670905159079, 0.029411590856345014, 0.9999996896575938, -0.0007625427034782053, 0.00019802358797549622], "world_rotation": [0.0, 1.0, 0.0, 0.0]}, {"color": "CVBlue", "id_name": "object135114535577295", "shape": "CVCone", "id_string": "ob611", "world_size": [0.09, 0.09, 0.09], "id": 611, "camera_size": [37, 37], "camera_position": [256, 254], "world_position": [0.705, 0.6448569696296074, -0.15], "world_orientation": [1.0, -4.331917303826236e-17, -1.1712398707441946e-17, 4.331917303826236e-17, 1.0, -5.775889738434995e-17, 1.1712398707441946e-17, 5.775889738434995e-17, 1.0], "world_rotation": [-0.7896765794068324, 0.16013129347666225, -0.5922574345551229, -7.314247236221149e-17]}], "source": "action wait"}
{"timestamp": 1706067866.711528, "objects": [{"color": "cv_", "id_name": "hand", "shape": "CVCylinder", "id_string": "ob383", "world_size": [0.12, 0.005, 0.12], "id": 383, "camera_size": [48, 26], "camera_position": [246, 498], "world_position": [0.06030682982052922, 0.6665238554181458, -0.17410507867934583], "world_orientation": [-0.00011943525269046257, 0.020349421162531, 0.999792921956127, -0.0007659058846804903, -0.999792637703303, 0.020349323881843327, 0.999999699561653, -0.0007633168557485519, 0.0001349962277407537], "world_rotation": [0.0, 1.0, 0.0, 0.0]}, {"color": "CVBlue", "id_name": "object135114535577295", "shape": "CVCone", "id_string": "ob611", "world_size": [0.09, 0.09, 0.09], "id": 611, "camera_size": [37, 37], "camera_position": [256, 254], "world_position": [0.705, 0.6448569696296074, -0.15], "world_orientation": [1.0, -4.331917303826236e-17, -1.1712398707441946e-17, 4.331917303826236e-17, 1.0, -5.775889738434995e-17, 1.1712398707441946e-17, 5.775889738434995e-17, 1.0], "world_rotation": [-0.7896765794068324, 0.16013129347666225, -0.5922574345551229, -7.314247236221149e-17]}], "source": "action wait"}
{"timestamp": 1706067866.743862, "objects": [{"color": "cv_", "id_name": "hand", "shape": "CVCylinder", "id_string": "ob383", "world_size": [0.12, 0.005, 0.12], "id": 383, "camera_size": [48, 20], "camera_position": [246, 501], "world_position": [0.04334973557588803, 0.666284819095282, -0.1741086623247248], "world_orientation": [-8.160128641661706e-05, 0.013940550515340941, 0.9999028224745439, -0.0007642813487309548, -0.999902534638373, 0.013940484129953969, 0.9999997046075815, -0.0007630695163228225, 9.22478358680134e-05], "world_rotation": [0.0, 1.0, 0.0, 0.0]}, {"color": "CVBlue", "id_name": "object135114535577295", "shape": "CVCone", "id_string": "ob611", "world_size": [0.09, 0.09, 0.09], "id": 611, "camera_size": [37, 37], "camera_position": [256, 254], "world_position": [0.705, 0.6448569696296074, -0.15], "world_orientation": [1.0, -4.331917303826236e-17, -1.1712398707441946e-17, 4.331917303826236e-17, 1.0, -5.775889738434995e-17, 1.1712398707441946e-17, 5.775889738434995e-17, 1.0], "world_rotation": [-0.7896765794068324, 0.16013129347666225, -0.5922574345551229, -7.314247236221149e-17]}], "source": "action wait"}
{"timestamp": 1706067866.77235, "objects": [{"color": "cv_", "id_name": "hand", "shape": "CVCylinder", "id_string": "ob383", "world_size": [0.12, 0.005, 0.12], "id": 383, "camera_size": [48, 16], "camera_position": [246, 503], "world_position": [0.03135019830691988, 0.6658407292152684, -0.1741099222709124], "world_orientation": [-5.612685829730822e-05, 0.00940905818192756, 0.999955732257136, -0.0007632477365810285, -0.9999554429745467, 0.009409012619336838, 0.9999997071512915, -0.0007626858510088243, 6.330579981253756e-05], "world_rotation": [0.0, 1.0, 0.0, 0.0]}, {"color": "CVBlue", "id_name": "object135114535577295", "shape": "CVCone", "id_string": "ob611", "world_size": [0.09, 0.09, 0.09], "id": 611, "camera_size": [37, 37], "camera_position": [256, 254], "world_position": [0.705, 0.6448569696296074, -0.15], "world_orientation": [1.0, -4.331917303826236e-17, -1.1712398707441946e-17, 4.331917303826236e-17, 1.0, -5.775889738434995e-17, 1.1712398707441946e-17, 5.775889738434995e-17, 1.0], "world_rotation": [-0.7896765794068324, 0.16013129347666225, -0.5922574345551229, -7.314247236221149e-17]}], "source": "action wait"}
{"timestamp": 1706067866.803152, "objects": [{"color": "cv_", "id_name": "hand", "shape": "CVCylinder", "id_string": "ob383", "world_size": [0.12, 0.005, 0.12], "id": 383, "camera_size": [48, 13], "camera_position": [246, 505], "world_position": [0.02287497509172455, 0.6653975195244295, -0.17411014873073255], "world_orientation": [-3.9004864528354905e-05, 0.006205439380091094, 0.999980745314989, -0.000762683729839758, -0.999980455422587, 0.006205407832198624, 0.9999997083960319, -0.0007624270035133038, 4.3736889846829606e-05], "world_rotation": [0.0, 1.0, 0.0, 0.0]}, {"color": "CVBlue", "id_name": "object135114535577295", "shape": "CVCone", "id_string": "ob611", "world_size": [0.09, 0.09, 0.09], "id": 611, "camera_size": [37, 37], "camera_position": [256, 254], "world_position": [0.705, 0.6448569696296074, -0.15], "world_orientation": [1.0, -4.331917303826236e-17, -1.1712398707441946e-17, 4.331917303826236e-17, 1.0, -5.775889738434995e-17, 1.1712398707441946e-17, 5.775889738434995e-17, 1.0], "world_rotation": [-0.7896765794068324, 0.16013129347666225, -0.5922574345551229, -7.314247236221149e-17]}], "source": "action wait"}
{"timestamp": 1706067866.835371, "objects": [{"color": "cv_", "id_name": "hand", "shape": "CVCylinder", "id_string": "ob383", "world_size": [0.12, 0.005, 0.12], "id": 383, "camera_size": [48, 11], "camera_position": [246, 506], "world_position": [0.016895385403655105, 0.6650251165737235, -0.17410995863503623], "world_orientation": [-2.7488566741675896e-05, 0.003940829865995071, 0.9999922345220218, -0.0007624362744564683, -0.9999919443301006, 0.0039408077639464245, 0.9999997089676108, -0.000762322026617501, 3.0492976944517934e-05], "world_rotation": [0.0, 1.0, 0.0, 0.0]}, {"color": "CVBlue", "id_name": "object135114535577295", "shape": "CVCone", "id_string": "ob611", "world_size": [0.09, 0.09, 0.09], "id": 611, "camera_size": [37, 37], "camera_position": [256, 254], "world_position": [0.705, 0.6448569696296074, -0.15], "world_orientation": [1.0, -4.331917303826236e-17, -1.1712398707441946e-17, 4.331917303826236e-17, 1.0, -5.775889738434995e-17, 1.1712398707441946e-17, 5.775889738434995e-17, 1.0], "world_rotation": [-0.7896765794068324, 0.16013129347666225, -0.5922574345551229, -7.314247236221149e-17]}], "source": "action wait"}
{"timestamp": 1706067866.87143, "objects": [{"color": "cv_", "id_name": "hand", "shape": "CVCylinder", "id_string": "ob383", "world_size": [0.12, 0.005, 0.12], "id": 383, "camera_size": [48, 10], "camera_position": [246, 506], "world_position": [0.012679101883952638, 0.6647359207350148, -0.1741096371197517], "world_orientation": [-1.9760218684956754e-05, 0.0023401411350284706, 0.9999972616707519, -0.0007623793451965556, -0.9999969712908585, 0.002340125390673319, 0.9999997091935916, -0.0007623310161617906, 2.1544234103557458e-05], "world_rotation": [0.0, 1.0, 0.0, 0.0]}, {"color": "CVBlue", "id_name": "object135114535577295", "shape": "CVCone", "id_string": "ob611", "world_size": [0.09, 0.09, 0.09], "id": 611, "camera_size": [37, 37], "camera_position": [256, 254], "world_position": [0.705, 0.6448569696296074, -0.15], "world_orientation": [1.0, -4.331917303826236e-17, -1.1712398707441946e-17, 4.331917303826236e-17, 1.0, -5.775889738434995e-17, 1.1712398707441946e-17, 5.775889738434995e-17, 1.0], "world_rotation": [-0.7896765794068324, 0.16013129347666225, -0.5922574345551229, -7.314247236221149e-17]}], "source": "action wait"}
{"timestamp": 1706067866.912676, "objects": [{"color": "cv_", "id_name": "hand", "shape": "CVCylinder", "id_string": "ob383", "world_size": [0.12, 0.005, 0.12], "id": 383, "camera_size": [48, 9], "camera_position": [246, 507], "world_position": [0.009707124929407963, 0.6645208310068713, -0.17410930828471047], "world_orientation": [-1.4564804320219902e-05, 0.0012088169663172588, 0.9999992692744373, -0.0007624243772764141, -0.9999989787486319, 0.0012088055105548656, 0.9999997092484256, -0.0007624062141380864, 1.5486420969043716e-05], "world_rotation": [0.0, 1.0, 0.0, 0.0]}, {"color": "CVBlue", "id_name": "object135114535577295", "shape": "CVCone", "id_string": "ob611", "world_size": [0.09, 0.09, 0.09], "id": 611, "camera_size": [37, 37], "camera_position": [256, 254], "world_position": [0.705, 0.6448569696296074, -0.15], "world_orientation": [1.0, -4.331917303826236e-17, -1.1712398707441946e-17, 4.331917303826236e-17, 1.0, -5.775889738434995e-17, 1.1712398707441946e-17, 5.775889738434995e-17, 1.0], "world_rotation": [-0.7896765794068324, 0.16013129347666225, -0.5922574345551229, -7.314247236221149e-17]}], "source": "action wait"}
{"timestamp": 1706067866.941237, "objects": [{"color": "cv_", "id_name": "hand", "shape": "CVCylinder", "id_string": "ob383", "world_size": [0.12, 0.005, 0.12], "id": 383, "camera_size": [48, 8], "camera_position": [246, 507], "world_position": [0.00761258370491953, 0.6643649344192822, -0.17410901981110383], "world_orientation": [-1.1082628528569262e-05, 0.00040928106108752686, 0.9999999161830907, -0.0007625152470018627, -0.9999996255331929, 0.0004092724914563482, 0.9999997092237946, -0.0007625106472755511, 1.1394707428245701e-05], "world_rotation": [0.0, 1.0, 0.0, 0.0]}, {"color": "CVBlue", "id_name": "object135114535577295", "shape": "CVCone", "id_string": "ob611", "world_size": [0.09, 0.09, 0.09], "id": 611, "camera_size": [37, 37], "camera_position": [256, 254], "world_position": [0.705, 0.6448569696296074, -0.15], "world_orientation": [1.0, -4.331917303826236e-17, -1.1712398707441946e-17, 4.331917303826236e-17, 1.0, -5.775889738434995e-17, 1.1712398707441946e-17, 5.775889738434995e-17, 1.0], "world_rotation": [-0.7896765794068324, 0.16013129347666225, -0.5922574345551229, -7.314247236221149e-17]}], "source": "action wait"}
{"timestamp": 1706067866.972679, "objects": [{"color": "cv_", "id_name": "hand", "shape": "CVCylinder", "id_string": "ob383", "world_size": [0.12, 0.005, 0.12], "id": 383, "camera_size": [48, 7], "camera_position": [246, 508], "world_position": [0.006136528030677253, 0.6642537495040062, -0.17410878447205405], "world_orientation": [-8.7467825338108e-06, -0.00015573770270999154, 0.999999987834631, -0.0007626192034261943, -0.9999996970777817, -0.00015574432789224548, 0.9999997091676799, -0.0007626205564108171, 8.628011321795665e-06], "world_rotation": [0.0, 1.0, 0.0, 0.0]}, {"color": "CVBlue", "id_name": "object135114535577295", "shape": "CVCone", "id_string": "ob611", "world_size": [0.09, 0.09, 0.09], "id": 611, "camera_size": [37, 37], "camera_position": [256, 254], "world_position": [0.705, 0.6448569696296074, -0.15], "world_orientation": [1.0, -4.331917303826236e-17, -1.1712398707441946e-17, 4.331917303826236e-17, 1.0, -5.775889738434995e-17, 1.1712398707441946e-17, 5.775889738434995e-17, 1.0], "world_rotation": [-0.7896765794068324, 0.16013129347666225, -0.5922574345551229, -7.314247236221149e-17]}], "source": "action wait"}
{"timestamp": 1706067867.005988, "objects": [{"color": "cv_", "id_name": "hand", "shape": "CVCylinder", "id_string": "ob383", "world_size": [0.12, 0.005, 0.12], "id": 383, "camera_size": [48, 7], "camera_position": [246, 508], "world_position": [0.00509633815661739, 0.6641752635198888, -0.17410860020699448], "world_orientation": [-7.180816032597187e-06, -0.0005550056852969238, 0.9999998459585507, -0.0007627189174548734, -0.9999995551112221, -0.0005550110008196509, 0.9999997091041021, -0.0007627227853968385, 6.75749950282546e-06], "world_rotation": [0.0, 1.0, 0.0, 0.0]}, {"color": "CVBlue", "id_name": "object135114535577295", "shape": "CVCone", "id_string": "ob611", "world_size": [0.09, 0.09, 0.09], "id": 611, "camera_size": [37, 37], "camera_position": [256, 254], "world_position": [0.705, 0.6448569696296074, -0.15], "world_orientation": [1.0, -4.331917303826236e-17, -1.1712398707441946e-17, 4.331917303826236e-17, 1.0, -5.775889738434995e-17, 1.1712398707441946e-17, 5.775889738434995e-17, 1.0], "world_rotation": [-0.7896765794068324, 0.16013129347666225, -0.5922574345551229, -7.314247236221149e-17]}], "source": "action wait"}
{"timestamp": 1706067867.033707, "objects": [{"color": "cv_", "id_name": "hand", "shape": "CVCylinder", "id_string": "ob383", "world_size": [0.12, 0.005, 0.12], "id": 383, "camera_size": [48, 7], "camera_position": [246, 508], "world_position": [0.004363287505598005, 0.6641202208055238, -0.17410845959307594], "world_orientation": [-6.13183359161266e-06, -0.0008371330178441069, 0.9999996495852942, -0.0007628064913263723, -0.9999993586633663, -0.0008371374517070829, 0.9999997090442865, -0.0007628113572157068, 5.493259159291717e-06], "world_rotation": [0.0, 1.0, 0.0, 0.0]}, {"color": "CVBlue", "id_name": "object135114535577295", "shape": "CVCone", "id_string": "ob611", "world_size": [0.09, 0.09, 0.09], "id": 611, "camera_size": [37, 37], "camera_position": [256, 254], "world_position": [0.705, 0.6448569696296074, -0.15], "world_orientation": [1.0, -4.331917303826236e-17, -1.1712398707441946e-17, 4.331917303826236e-17, 1.0, -5.775889738434995e-17, 1.1712398707441946e-17, 5.775889738434995e-17, 1.0], "world_rotation": [-0.7896765794068324, 0.16013129347666225, -0.5922574345551229, -7.314247236221149e-17]}], "source": "action wait"}
{"timestamp": 1706067867.06618, "objects": [{"color": "cv_", "id_name": "hand", "shape": "CVCylinder", "id_string": "ob383", "world_size": [0.12, 0.005, 0.12], "id": 383, "camera_size": [48, 7], "camera_position": [246, 508], "world_position": [0.0038466620247145046, 0.6640817756262167, -0.17410835412030903], "world_orientation": [-5.429973369744334e-06, -0.0010364787602129704, 0.9999994628410033, -0.0007628794188685947, -0.9999991718590622, -0.0010364826010330977, 0.9999997089927116, -0.0007628846371543692, 4.6392605590638785e-06], "world_rotation": [0.0, 1.0, 0.0, 0.0]}, {"color": "CVBlue", "id_name": "object135114535577295", "shape": "CVCone", "id_string": "ob611", "world_size": [0.09, 0.09, 0.09], "id": 611, "camera_size": [37, 37], "camera_position": [256, 254], "world_position": [0.705, 0.6448569696296074, -0.15], "world_orientation": [1.0, -4.331917303826236e-17, -1.1712398707441946e-17, 4.331917303826236e-17, 1.0, -5.775889738434995e-17, 1.1712398707441946e-17, 5.775889738434995e-17, 1.0], "world_rotation": [-0.7896765794068324, 0.16013129347666225, -0.5922574345551229, -7.314247236221149e-17]}], "source": "action wait"}
{"timestamp": 1706067867.099103, "objects": [{"color": "cv_", "id_name": "hand", "shape": "CVCylinder", "id_string": "ob383", "world_size": [0.12, 0.005, 0.12], "id": 383, "camera_size": [48, 7], "camera_position": [246, 508], "world_position": [0.0034825432573491765, 0.6640549875632049, -0.17410827595841927], "world_orientation": [-4.961061647698551e-06, -0.001177327096821029, 0.9999993069379074, -0.0007629380283058374, -0.999999015908699, -0.0011773305391692636, 0.9999997089504341, -0.0007629433403521865, 4.062829152004967e-06], "world_rotation": [0.0, 1.0, 0.0, 0.0]}, {"color": "CVBlue", "id_name": "object135114535577295", "shape": "CVCone", "id_string": "ob611", "world_size": [0.09, 0.09, 0.09], "id": 611, "camera_size": [37, 37], "camera_position": [256, 254], "world_position": [0.705, 0.6448569696296074, -0.15], "world_orientation": [1.0, -4.331917303826236e-17, -1.1712398707441946e-17, 4.331917303826236e-17, 1.0, -5.775889738434995e-17, 1.1712398707441946e-17, 5.775889738434995e-17, 1.0], "world_rotation": [-0.7896765794068324, 0.16013129347666225, -0.5922574345551229, -7.314247236221149e-17]}], "source": "action wait"}
{"timestamp": 1706067867.132747, "objects": [{"color": "cv_", "id_name": "hand", "shape": "CVCylinder", "id_string": "ob383", "world_size": [0.12, 0.005, 0.12], "id": 383, "camera_size": [48, 7], "camera_position": [246, 508], "world_position": [0.003225895169379578, 0.6640363456560817, -0.17410821854620018], "world_orientation": [-4.648318179254123e-06, -0.001276840384531648, 0.9999991848281806, -0.0007629839519554504, -0.999998893762395, -0.0012768435594814392, 0.9999997089168989, -0.0007629892651679094, 3.674104314867365e-06], "world_rotation": [0.0, 1.0, 0.0, 0.0]}, {"color": "CVBlue", "id_name": "object135114535577295", "shape": "CVCone", "id_string": "ob611", "world_size": [0.09, 0.09, 0.09], "id": 611, "camera_size": [37, 37], "camera_position": [256, 254], "world_position": [0.705, 0.6448569696296074, -0.15], "world_orientation": [1.0, -4.331917303826236e-17, -1.1712398707441946e-17, 4.331917303826236e-17, 1.0, -5.775889738434995e-17, 1.1712398707441946e-17, 5.775889738434995e-17, 1.0], "world_rotation": [-0.7896765794068324, 0.16013129347666225, -0.5922574345551229, -7.314247236221149e-17]}], "source": "action wait"}
{"timestamp": 1706067868.183404, "objects": [{"color": "CVBlue", "id_name": "object135114535577295", "shape": "CVCone", "id_string": "ob611", "world_size": [0.09, 0.09, 0.09], "id": 611, "camera_size": [37, 37], "camera_position": [256, 254], "world_position": [0.705, 0.6448569696296074, -0.15], "world_orientation": [1.0, -4.331917303826236e-17, -1.1712398707441946e-17, 4.331917303826236e-17, 1.0, -5.775889738434995e-17, 1.1712398707441946e-17, 5.775889738434995e-17, 1.0], "world_rotation": [-0.7896765794068324, 0.16013129347666225, -0.5922574345551229, -7.314247236221149e-17]}], "source": "action wait"}
{"timestamp": 1706067868.219082, "objects": [{"color": "cv_", "id_name": "hand", "shape": "CVCylinder", "id_string": "ob383", "world_size": [0.12, 0.005, 0.12], "id": 383, "camera_size": [51, 11], "camera_position": [246, 506], "world_position": [0.035441337439210754, 0.7201667782610861, -0.1741227012253012], "world_orientation": [0.0001584399057045241, 0.19403519993169527, 0.9809945545640217, -0.0007077674697607856, -0.9809942994110453, 0.19403526377501906, 0.9999997369809679, -0.0007250589626290385, -1.809684179474986e-05], "world_rotation": [0.0, 1.0, 0.0, 0.0]}, {"color": "CVBlue", "id_name": "object135114535577295", "shape": "CVCone", "id_string": "ob611", "world_size": [0.09, 0.09, 0.09], "id": 611, "camera_size": [37, 37], "camera_position": [256, 254], "world_position": [0.705, 0.6448569696296074, -0.15], "world_orientation": [1.0, -4.331917303826236e-17, -1.1712398707441946e-17, 4.331917303826236e-17, 1.0, -5.775889738434995e-17, 1.1712398707441946e-17, 5.775889738434995e-17, 1.0], "world_rotation": [-0.7896765794068324, 0.16013129347666225, -0.5922574345551229, -7.314247236221149e-17]}], "source": "action wait"}
{"timestamp": 1706067868.258097, "objects": [{"color": "cv_", "id_name": "hand", "shape": "CVCylinder", "id_string": "ob383", "world_size": [0.12, 0.005, 0.12], "id": 383, "camera_size": [52, 21], "camera_position": [245, 501], "world_position": [0.0835553669019504, 0.7737407005584473, -0.1741246202686003], "world_orientation": [0.00025846515218786223, 0.2990841875205858, 0.9542266931766876, -0.000706204821282848, -0.9542264325097128, 0.2990842971045738, 0.9999997172352177, -0.0007511823596865387, -3.541958490334649e-05], "world_rotation": [0.0, 1.0, 0.0, 0.0]}, {"color": "CVBlue", "id_name": "object135114535577295", "shape": "CVCone", "id_string": "ob611", "world_size": [0.09, 0.09, 0.09], "id": 611, "camera_size": [37, 37], "camera_position": [256, 254], "world_position": [0.705, 0.6448569696296074, -0.15], "world_orientation": [1.0, -4.331917303826236e-17, -1.1712398707441946e-17, 4.331917303826236e-17, 1.0, -5.775889738434995e-17, 1.1712398707441946e-17, 5.775889738434995e-17, 1.0], "world_rotation": [-0.7896765794068324, 0.16013129347666225, -0.5922574345551229, -7.314247236221149e-17]}], "source": "action wait"}
{"timestamp": 1706067868.289973, "objects": [{"color": "cv_", "id_name": "hand", "shape": "CVCylinder", "id_string": "ob383", "world_size": [0.12, 0.005, 0.12], "id": 383, "camera_size": [54, 38], "camera_position": [245, 492], "world_position": [0.13991831022141127, 0.8061520995273165, -0.1741204694381906], "world_orientation": [0.0002908694705338541, 0.34027220974640787, 0.9403269318004498, -0.0007117490211234813, -0.9403266629548298, 0.34027233262427536, 0.9999997044040975, -0.000768251606472979, -3.132390637954115e-05], "world_rotation": [0.0, 1.0, 0.0, 0.0]}, {"color": "CVBlue", "id_name": "object135114535577295", "shape": "CVCone", "id_string": "ob611", "world_size": [0.09, 0.09, 0.09], "id": 611, "camera_size": [37, 37], "camera_position": [256, 254], "world_position": [0.705, 0.6448569696296074, -0.15], "world_orientation": [1.0, -4.331917303826236e-17, -1.1712398707441946e-17, 4.331917303826236e-17, 1.0, -5.775889738434995e-17, 1.1712398707441946e-17, 5.775889738434995e-17, 1.0], "world_rotation": [-0.7896765794068324, 0.16013129347666225, -0.5922574345551229, -7.314247236221149e-17]}], "source": "action wait"}
{"timestamp": 1706067868.315868, "objects": [{"color": "cv_", "id_name": "hand", "shape": "CVCylinder", "id_string": "ob383", "world_size": [0.12, 0.005, 0.12], "id": 383, "camera_size": [55, 59], "camera_position": [245, 480], "world_position": [0.20085359574180228, 0.8206659505460544, -0.17411715231314215], "world_orientation": [0.0002895885990319392, 0.3413047345443224, 0.9399526553588073, -0.0007211885130687821, -0.9399523790501494, 0.34130485640420266, 0.9999996980127405, -0.0007767210530823769, -2.605443859604888e-05], "world_rotation": [0.0, 1.0, 0.0, 0.0]}, {"color": "CVBlue", "id_name": "object135114535577295", "shape": "CVCone", "id_string": "ob611", "world_size": [0.09, 0.09, 0.09], "id": 611, "camera_size": [37, 37], "camera_position": [256, 254], "world_position": [0.705, 0.6448569696296074, -0.15], "world_orientation": [1.0, -4.331917303826236e-17, -1.1712398707441946e-17, 4.331917303826236e-17, 1.0, -5.775889738434995e-17, 1.1712398707441946e-17, 5.775889738434995e-17, 1.0], "world_rotation": [-0.7896765794068324, 0.16013129347666225, -0.5922574345551229, -7.314247236221149e-17]}], "source": "action wait"}
{"timestamp": 1706067868.346322, "objects": [{"color": "cv_", "id_name": "hand", "shape": "CVCylinder", "id_string": "ob383", "world_size": [0.12, 0.005, 0.12], "id": 383, "camera_size": [55, 58], "camera_position": [245, 451], "world_position": [0.26444634027714625, 0.820054616738941, -0.17411445224603878], "world_orientation": [0.00026479164728194165, 0.3140931937295165, 0.9493921189572705, -0.0007342592979502248, -0.9493918352464656, 0.31409330465744006, 0.999999695374287, -0.0007802692742857213, -2.0765180051697813e-05], "world_rotation": [0.0, 1.0, 0.0, 0.0]}, {"color": "CVBlue", "id_name": "object135114535577295", "shape": "CVCone", "id_string": "ob611", "world_size": [0.09, 0.09, 0.09], "id": 611, "camera_size": [37, 37], "camera_position": [256, 254], "world_position": [0.705, 0.6448569696296074, -0.15], "world_orientation": [1.0, -4.331917303826236e-17, -1.1712398707441946e-17, 4.331917303826236e-17, 1.0, -5.775889738434995e-17, 1.1712398707441946e-17, 5.775889738434995e-17, 1.0], "world_rotation": [-0.7896765794068324, 0.16013129347666225, -0.5922574345551229, -7.314247236221149e-17]}], "source": "action wait"}
{"timestamp": 1706067868.377709, "objects": [{"color": "cv_", "id_name": "hand", "shape": "CVCylinder", "id_string": "ob383", "world_size": [0.12, 0.005, 0.12], "id": 383, "camera_size": [54, 57], "camera_position": [245, 421], "world_position": [0.3286827091434884, 0.8065167624747797, -0.17411206989638855], "world_orientation": [0.00022316489115036965, 0.2663464003421974, 0.9638773496779479, -0.0007487973932840915, -0.963877058949953, 0.2663464933736751, 0.999999694749901, -0.0007811880330867285, -1.5664028655618634e-05], "world_rotation": [0.0, 1.0, 0.0, 0.0]}, {"color": "CVBlue", "id_name": "object135114535577295", "shape": "CVCone", "id_string": "ob611", "world_size": [0.09, 0.09, 0.09], "id": 611, "camera_size": [37, 37], "camera_position": [256, 254], "world_position": [0.705, 0.6448569696296074, -0.15], "world_orientation": [1.0, -4.331917303826236e-17, -1.1712398707441946e-17, 4.331917303826236e-17, 1.0, -5.775889738434995e-17, 1.1712398707441946e-17, 5.775889738434995e-17, 1.0], "world_rotation": [-0.7896765794068324, 0.16013129347666225, -0.5922574345551229, -7.314247236221149e-17]}], "source": "action wait"}
{"timestamp": 1706067868.410249, "objects": [{"color": "cv_", "id_name": "hand", "shape": "CVCylinder", "id_string": "ob383", "world_size": [0.12, 0.005, 0.12], "id": 383, "camera_size": [53, 54], "camera_position": [245, 390], "world_position": [0.39177308637182956, 0.7818351943403263, -0.1741098109068053], "world_orientation": [0.0001693630151684435, 0.2033848857393077, 0.9790988507648131, -0.0007623278863415928, -0.9790985540492427, 0.203384955969895, 0.999999695086135, -0.0007808402468062602, -1.0777113200939293e-05], "world_rotation": [0.0, 1.0, 0.0, 0.0]}, {"color": "CVBlue", "id_name": "object135114535577295", "shape": "CVCone", "id_string": "ob611", "world_size": [0.09, 0.09, 0.09], "id": 611, "camera_size": [37, 37], "camera_position": [256, 254], "world_position": [0.705, 0.6448569696296074, -0.15], "world_orientation": [1.0, -4.331917303826236e-17, -1.1712398707441946e-17, 4.331917303826236e-17, 1.0, -5.775889738434995e-17, 1.1712398707441946e-17, 5.775889738434995e-17, 1.0], "world_rotation": [-0.7896765794068324, 0.16013129347666225, -0.5922574345551229, -7.314247236221149e-17]}], "source": "action wait"}
{"timestamp": 1706067868.444507, "objects": [{"color": "cv_", "id_name": "hand", "shape": "CVCylinder", "id_string": "ob383", "world_size": [0.12, 0.005, 0.12], "id": 383, "camera_size": [52, 52], "camera_position": [245, 365], "world_position": [0.4440201809531977, 0.7535353127359082, -0.17410318246114898], "world_orientation": [0.00010722221946385795, 0.1434677758616725, 0.9896549832101593, -0.0007677343653498029, -0.9896546854296722, 0.14346781587185717, 0.9999996995436249, -0.0007751750780898495, 4.032169975146008e-06], "world_rotation": [0.0, 1.0, 0.0, 0.0]}, {"color": "CVBlue", "id_name": "object135114535577295", "shape": "CVCone", "id_string": "ob611", "world_size": [0.09, 0.09, 0.09], "id": 611, "camera_size": [37, 37], "camera_position": [256, 254], "world_position": [0.705, 0.6448569696296074, -0.15], "world_orientation": [1.0, -4.331917303826236e-17, -1.1712398707441946e-17, 4.331917303826236e-17, 1.0, -5.775889738434995e-17, 1.1712398707441946e-17, 5.775889738434995e-17, 1.0], "world_rotation": [-0.7896765794068324, 0.16013129347666225, -0.5922574345551229, -7.314247236221149e-17]}], "source": "action wait"}
{"timestamp": 1706067868.481466, "objects": [{"color": "cv_", "id_name": "hand", "shape": "CVCylinder", "id_string": "ob383", "world_size": [0.12, 0.005, 0.12], "id": 383, "camera_size": [51, 51], "camera_position": [246, 349], "world_position": [0.47949202864081997, 0.730280408833947, -0.17409840815627575], "world_orientation": [6.306279207003483e-05, 0.10084439836658954, 0.9949022079285808, -0.000766640764315413, -0.9949019126604353, 0.1008444170321115, 0.9999997041424677, -0.0007690921196085063, 1.4570134192904328e-05], "world_rotation": [0.0, 1.0, 0.0, 0.0]}, {"color": "CVBlue", "id_name": "object135114535577295", "shape": "CVCone", "id_string": "ob611", "world_size": [0.09, 0.09, 0.09], "id": 611, "camera_size": [37, 37], "camera_position": [256, 254], "world_position": [0.705, 0.6448569696296074, -0.15], "world_orientation": [1.0, -4.331917303826236e-17, -1.1712398707441946e-17, 4.331917303826236e-17, 1.0, -5.775889738434995e-17, 1.1712398707441946e-17, 5.775889738434995e-17, 1.0], "world_rotation": [-0.7896765794068324, 0.16013129347666225, -0.5922574345551229, -7.314247236221149e-17]}], "source": "action wait"}
{"timestamp": 1706067868.516815, "objects": [{"color": "cv_", "id_name": "hand", "shape": "CVCylinder", "id_string": "ob383", "world_size": [0.12, 0.005, 0.12], "id": 383, "camera_size": [50, 51], "camera_position": [245, 338], "world_position": [0.503642284466742, 0.7123299140940962, -0.17409668091377228], "world_orientation": [3.563808791281831e-05, 0.07067659775216215, 0.997499281834381, -0.0007644590865807914, -0.9974989890741426, 0.07067660432115222, 0.9999997071660731, -0.0007650661688946206, 1.8480410695073242e-05], "world_rotation": [0.0, 1.0, 0.0, 0.0]}, {"color": "CVBlue", "id_name": "object135114535577295", "shape": "CVCone", "id_string": "ob611", "world_size": [0.09, 0.09, 0.09], "id": 611, "camera_size": [37, 37], "camera_position": [256, 254], "world_position": [0.705, 0.6448569696296074, -0.15], "world_orientation": [1.0, -4.331917303826236e-17, -1.1712398707441946e-17, 4.331917303826236e-17, 1.0, -5.775889738434995e-17, 1.1712398707441946e-17, 5.775889738434995e-17, 1.0], "world_rotation": [-0.7896765794068324, 0.16013129347666225, -0.5922574345551229, -7.314247236221149e-17]}], "source": "action wait"}
{"timestamp": 1706067868.548017, "objects": [{"color": "cv_", "id_name": "hand", "shape": "CVCylinder", "id_string": "ob383", "world_size": [0.12, 0.005, 0.12], "id": 383, "camera_size": [49, 50], "camera_position": [246, 330], "world_position": [0.5202008291003067, 0.6989462907201076, -0.17409659430830585], "world_orientation": [1.87708229272427e-05, 0.049366767177150384, 0.9987807176483401, -0.0007627106951485264, -0.9987804266083281, 0.0493667671260913, 0.9999997089599836, -0.0007627073903030604, 1.8904630780240975e-05], "world_rotation": [0.0, 1.0, 0.0, 0.0]}, {"color": "CVBlue", "id_name": "object135114535577295", "shape": "CVCone", "id_string": "ob611", "world_size": [0.09, 0.09, 0.09], "id": 611, "camera_size": [37, 37], "camera_position": [256, 254], "world_position": [0.705, 0.6448569696296074, -0.15], "world_orientation": [1.0, -4.331917303826236e-17, -1.1712398707441946e-17, 4.331917303826236e-17, 1.0, -5.775889738434995e-17, 1.1712398707441946e-17, 5.775889738434995e-17, 1.0], "world_rotation": [-0.7896765794068324, 0.16013129347666225, -0.5922574345551229, -7.314247236221149e-17]}], "source": "action wait"}
{"timestamp": 1706067868.578885, "objects": [{"color": "cv_", "id_name": "hand", "shape": "CVCylinder", "id_string": "ob383", "world_size": [0.12, 0.005, 0.12], "id": 383, "camera_size": [49, 49], "camera_position": [246, 325], "world_position": [0.5316284927970616, 0.6891730437786364, -0.17409730881808855], "world_orientation": [8.51954296663495e-06, 0.03432852435049112, 0.9994106024769475, -0.0007616706304368797, -0.9994103123903072, 0.0343285208792849, 0.9999997098925921, -0.0007615141669628919, 1.7632509686675508e-05], "world_rotation": [0.0, 1.0, 0.0, 0.0]}, {"color": "CVBlue", "id_name": "object135114535577295", "shape": "CVCone", "id_string": "ob611", "world_size": [0.09, 0.09, 0.09], "id": 611, "camera_size": [37, 37], "camera_position": [256, 254], "world_position": [0.705, 0.6448569696296074, -0.15], "world_orientation": [1.0, -4.331917303826236e-17, -1.1712398707441946e-17, 4.331917303826236e-17, 1.0, -5.775889738434995e-17, 1.1712398707441946e-17, 5.775889738434995e-17, 1.0], "world_rotation": [-0.7896765794068324, 0.16013129347666225, -0.5922574345551229, -7.314247236221149e-17]}], "source": "action wait"}
{"timestamp": 1706067868.608848, "objects": [{"color": "cv_", "id_name": "hand", "shape": "CVCylinder", "id_string": "ob383", "world_size": [0.12, 0.005, 0.12], "id": 383, "camera_size": [49, 50], "camera_position": [246, 321], "world_position": [0.5395582225558955, 0.6821287451346137, -0.17409834383325934], "world_orientation": [2.380896351787435e-06, 0.023721040814039595, 0.9997186165201838, -0.0007612160428673824, -0.9997183268365757, 0.023721035753395684, 0.9999997102721919, -0.0007610583265761905, 1.5676611104351517e-05], "world_rotation": [0.0, 1.0, 0.0, 0.0]}, {"color": "CVBlue", "id_name": "object135114535577295", "shape": "CVCone", "id_string": "ob611", "world_size": [0.09, 0.09, 0.09], "id": 611, "camera_size": [37, 37], "camera_position": [256, 254], "world_position": [0.705, 0.6448569696296074, -0.15], "world_orientation": [1.0, -4.331917303826236e-17, -1.1712398707441946e-17, 4.331917303826236e-17, 1.0, -5.775889738434995e-17, 1.1712398707441946e-17, 5.775889738434995e-17, 1.0], "world_rotation": [-0.7896765794068324, 0.16013129347666225, -0.5922574345551229, -7.314247236221149e-17]}], "source": "action wait"}
