{"timestamp": 1721664327.910471, "objects": [{"color": "cv_", "id_name": "hand", "shape": "CVBox", "id_string": "ob383", "world_size": [0.12, 0.005, 0.12], "id": 383, "camera_size": [48, 49], "camera_position": [246, 391], "world_position": [0.3626671877252391, 0.6554749997563333, -0.17408983657766894], "world_orientation": [-4.1151935294577965e-06, -0.0015807312236814444, 0.9999987506351514, -0.0007631202496681972, -0.9999984594627184, -0.0015807339038063169, 0.9999997088152325, -0.000763125801278915, 2.908899184138258e-06], "world_rotation": [0.0, 1.0, 0.0, 0.0]}, {"color": "CVRed", "id_name": "object58126601041026", "shape": "CVCylinder", "id_string": "ob4216", "world_size": [0.04, 0.04, 0.04], "id": 4216, "camera_size": [16, 16], "camera_position": [255, 252], "world_position": [0.7081013482019857, 0.6199718943481357, -0.1513479799435064], "world_orientation": [0.9999482239346643, -0.00018739098798772931, -0.010174199453920065, 0.00018910005792171329, 0.9999999681729036, 0.00016701904153136607, 0.01017416783224163, -0.00016893433564860112, 0.9999482275448623], "world_rotation": [0.01650501626581394, 0.9996926831336574, -0.018496586903902067, -0.010177487001044918]}, {"color": "CVBlue", "id_name": "object210889414780580", "shape": "CVBox", "id_string": "ob4223", "world_size": [0.04, 0.04, 0.04], "id": 4223, "camera_size": [17, 17], "camera_position": [219, 295], "world_position": [0.5999999999261836, 0.6199874431539377, -0.24500000171728967], "world_orientation": [0.9999999999999993, -1.0841131956486282e-12, 4.0866915349978755e-08, 1.0841124449819665e-12, 1.0, 1.726986143481926e-11, -4.086691534997878e-08, -1.7269861387696276e-11, 0.9999999999999993], "world_rotation": [-0.0004225878003087458, 0.999999910357907, 2.6527882367655096e-05, 4.086691901337493e-08]}, {"color": "CVYellow", "id_name": "object186172771595309", "shape": "CVCapsule", "id_string": "ob4230", "world_size": [0.04, 0.08, 0.04], "id": 4230, "camera_size": [17, 28], "camera_position": [236, 301], "world_position": [0.5863212802464661, 0.6442310131968936, -0.19986627534084844], "world_orientation": [0.9473955204554395, -0.3198372295563226, -0.012077847933432351, 0.31984718715348454, 0.9474684449849208, -0.0011500555899429667, 0.011811210393976607, -0.0027735081741891597, 0.9999263987721483], "world_rotation": [0.0025361200458950918, 0.03731893391258495, -0.9993001877647881, -0.32579935656779746]}, {"color": "CVRed", "id_name": "object241125511139259", "shape": "CVCone", "id_string": "ob4237", "world_size": [0.04, 0.04, 0.04], "id": 4237, "camera_size": [17, 18], "camera_position": [254, 301], "world_position": [0.5836354016303409, 0.6199823301512449, -0.15477512725141854], "world_orientation": [0.9993340090836521, 0.00018075603450374143, 0.036489801534832916, -0.00018880801185694799, 0.9999999585839446, 0.00021721796461434548, -0.036489760760111366, -0.00022396286630389136, 0.9993340018233665], "world_rotation": [-0.0060450775456989524, 0.9999689070939399, -0.005063781474147232, 0.03649901908375311]}, {"color": "CVBlue", "id_name": "object19412892733284", "shape": "CVSphere", "id_string": "ob4244", "world_size": [0.04, 0.04, 0.04], "id": 4244, "camera_size": [16, 16], "camera_position": [271, 295], "world_position": [0.5996086542507333, 0.6199685773786429, -0.10997338931553563], "world_orientation": [0.9999998450492095, -5.4255500505945616e-05, -0.0005540378125497943, 5.3854879109140853e-05, 0.9999997371250761, -0.000723083280871362, 0.00055407689815246, 0.0007230533311896175, 0.9999995850962495], "world_rotation": [-0.7923688699665826, 0.6071595130014368, -0.05923596609948228, -0.0009125401486486738]}, {"color": "CVGreen", "id_name": "object167273952165931", "shape": "CVCylinder", "id_string": "ob4251", "world_size": [0.04, 0.04, 0.04], "id": 4251, "camera_size": [16, 17], "camera_position": [289, 295], "world_position": [0.6, 0.6199874431539305, -0.065], "world_orientation": [1.0, 2.049142105997599e-16, 5.802954297681148e-18, -2.049142105997599e-16, 1.0, 6.179952383167331e-17, -5.802954297681148e-18, -6.179952383167331e-17, 1.0], "world_rotation": [-0.28863572672225335, 0.027102796704540077, -0.9570553043948448, 2.1410905896324258e-16]}, {"color": "CVYellow", "id_name": "object220585183940663", "shape": "CVBox", "id_string": "ob4258", "world_size": [0.04, 0.04, 0.04], "id": 4258, "camera_size": [17, 17], "camera_position": [219, 277], "world_position": [0.6458408556702672, 0.6200720669122939, -0.24455530636264536], "world_orientation": [0.9994534988223605, -0.0006227421352756216, 0.03305020248008932, 0.00046205315765674, 0.9999880377443432, 0.004869381387602846, -0.033052839494080534, -0.004851449314523027, 0.9994418308440602], "world_rotation": [-0.14547181633621795, 0.9892292002605052, 0.01623391523332867, 0.033417607789965234]}, {"color": "CVYellow", "id_name": "object224681825067524", "shape": "CVCylinder", "id_string": "ob4265", "world_size": [0.04, 0.04, 0.04], "id": 4265, "camera_size": [17, 16], "camera_position": [236, 277], "world_position": [0.6451730074188403, 0.6199799409341502, -0.2007355883795778], "world_orientation": [0.9999532022180817, -0.0013808552374964401, 0.009575312664222974, 0.0013765858266999212, 0.999998950148164, 0.000452453347304962, -0.009575927384137746, -0.00043925093379208546, 0.999954053281125], "world_rotation": [-0.04603706229755891, 0.988743521671993, 0.14236164246971825, 0.009684786303977394]}, {"color": "CVBlue", "id_name": "object160917477673630", "shape": "CVCylinder", "id_string": "ob4272", "world_size": [0.04, 0.04, 0.04], "id": 4272, "camera_size": [16, 17], "camera_position": [254, 285], "world_position": [0.6265640953384944, 0.6199799797524634, -0.15429198780805944], "world_orientation": [0.9998657664774872, 8.072985968444618e-05, -0.016384215241410073, -6.60500393310624e-05, 0.9999995959512781, 0.0008965125059453892, 0.01638428099671765, -0.0008953099858526354, 0.9998653678152125], "world_rotation": [0.05459914199207672, 0.9984983373978318, 0.004472572804847784, -0.01640962517618975]}, {"color": "CVRed", "id_name": "object90453193884482", "shape": "CVCone", "id_string": "ob4279", "world_size": [0.04, 0.04, 0.04], "id": 4279, "camera_size": [16, 17], "camera_position": [271, 278], "world_position": [0.6441987921913397, 0.6201670136004918, -0.1097366476193613], "world_orientation": [0.99985867501795, -0.009620518229641297, -0.013786791517352964, 0.009625269419007553, 0.9999536372927474, 0.0002783048981233637, 0.013783474887028099, -0.00041096714946689387, 0.9999049189428166], "world_rotation": [0.020495585003961068, 0.8198050982168263, -0.5722757481608367, -0.01681592726904508]}, {"color": "CVYellow", "id_name": "object110434335492533", "shape": "CVBox", "id_string": "ob4286", "world_size": [0.04, 0.04, 0.04], "id": 4286, "camera_size": [16, 16], "camera_position": [289, 277], "world_position": [0.645, 0.6199874431539305, -0.065], "world_orientation": [1.0, 3.5778671692020784e-17, -3.6332864841185517e-17, -3.5778671692020784e-17, 1.0, 1.0733601507606489e-16, 3.6332864841185517e-17, -1.0733601507606489e-16, 1.0], "world_rotation": [0.9032531890035577, 0.3057480381601587, 0.3010843963345121, -1.18832699826363e-16]}, {"color": "CVPurple", "id_name": "object251641025847153", "shape": "CVCone", "id_string": "ob4293", "world_size": [0.04, 0.04, 0.04], "id": 4293, "camera_size": [16, 16], "camera_position": [218, 260], "world_position": [0.6896476153250015, 0.6199874431851822, -0.24528653735175843], "world_orientation": [0.9999965952658975, -8.332891588171151e-11, 0.002609493554934146, 8.47676874208347e-11, 1.0, -5.512498488269807e-10, -0.002609493554934146, 5.514691727018148e-10, 0.9999965952658975], "world_rotation": [2.1128985343606247e-07, 0.9999999999999772, 3.220866420319336e-08, 0.0026094965164821372]}, {"color": "CVGreen", "id_name": "object234488376865753", "shape": "CVCone", "id_string": "ob4300", "world_size": [0.04, 0.04, 0.04], "id": 4300, "camera_size": [16, 15], "camera_position": [236, 260], "world_position": [0.6900033195509208, 0.6199715457577818, -0.19994797519159754], "world_orientation": [0.9999999981542942, 5.860160702370945e-05, -1.6039430768747634e-05, -5.859523174028473e-05, 0.9999999194041648, 0.00039718794387776194, 1.6062705327840943e-05, -0.00039718700331050667, 0.999999920992234], "world_rotation": [0.9885017880100191, 0.039947154731829665, 0.14583703209345253, -0.00040180755270188335]}, {"color": "CVRed", "id_name": "object262884668057958", "shape": "CVCone", "id_string": "ob4307", "world_size": [0.04, 0.04, 0.04], "id": 4307, "camera_size": [16, 16], "camera_position": [253, 268], "world_position": [0.6681365383395209, 0.6199656604311923, -0.1561059422820768], "world_orientation": [0.9999226407446692, -0.0006915901719603662, -0.012419107425307295, 0.000700990427899471, 0.9999994711164242, 0.0007525817510237836, 0.012418580378902744, -0.0007612292072881457, 0.999922596700098], "world_rotation": [0.06074021468596477, 0.9965884321599828, -0.05587596267457245, -0.012461679199433928]}, {"color": "CVYellow", "id_name": "object168741236852561", "shape": "CVBox", "id_string": "ob4314", "world_size": [0.04, 0.04, 0.04], "id": 4314, "camera_size": [16, 15], "camera_position": [271, 260], "world_position": [0.6899740983840615, 0.6199634890001104, -0.10964452499248174], "world_orientation": [0.9999991453161132, -0.001306509126115492, 4.899945303335475e-05, 0.0013065211205124858, 0.999999116351416, -0.0002455584427791368, -4.867858538857625e-05, 0.0002456222517245733, 0.9999999686500519], "world_rotation": [0.18461361269665494, 0.036712956669470935, 0.9821252327578571, 0.001330294207998476]}, {"color": "CVYellow", "id_name": "object61036886995868", "shape": "CVCapsule", "id_string": "ob4321", "world_size": [0.04, 0.08, 0.04], "id": 4321, "camera_size": [17, 17], "camera_position": [290, 260], "world_position": [0.69, 0.6399748858658902, -0.065], "world_orientation": [1.0, -9.627715291671303e-17, 2.6597159133585094e-18, 9.627715291671303e-17, 1.0, -2.1076890233118206e-16, -2.6597159133585094e-18, 2.1076890233118206e-16, 1.0], "world_rotation": [0.9095358415233338, 0.01147753261849028, 0.41546698933782017, 2.3173237678921624e-16]}, {"color": "CVYellow", "id_name": "object164260363827314", "shape": "CVCylinder", "id_string": "ob4328", "world_size": [0.04, 0.04, 0.04], "id": 4328, "camera_size": [17, 17], "camera_position": [218, 242], "world_position": [0.7358823143049078, 0.6203668829786407, -0.2468928771472554], "world_orientation": [0.9993433473826492, -0.00022942072250342892, 0.036232877448167, -0.0004895267552600457, 0.9998032009831529, 0.01983228850630848, -0.036230296791465666, -0.0198370025450837, 0.9991465652868096], "world_rotation": [-0.4801918914358238, 0.8771578159159391, -0.0031485515504034913, 0.04131741994698709]}, {"color": "CVPurple", "id_name": "object74000227971326", "shape": "CVCone", "id_string": "ob4335", "world_size": [0.04, 0.04, 0.04], "id": 4335, "camera_size": [16, 16], "camera_position": [236, 242], "world_position": [0.7351393869040689, 0.6199703795890724, -0.20009789754633514], "world_orientation": [0.9999773777026696, 0.00036177114553218455, 0.006716636400098473, -0.00036465665184217896, 0.9999998417553925, 0.00042838617661049576, -0.006716480359469139, -0.00043082575167234115, 0.9999773513838965], "world_rotation": [-0.0637390262222357, 0.9965105851074543, -0.053888684387728585, 0.006740128339048499]}, {"color": "CVYellow", "id_name": "object122366273619213", "shape": "CVBox", "id_string": "ob4342", "world_size": [0.04, 0.04, 0.04], "id": 4342, "camera_size": [17, 17], "camera_position": [254, 237], "world_position": [0.748286286654136, 0.6199874435149149, -0.15501357269749705], "world_orientation": [0.9998184888104881, 0.00045725972578502616, -0.019046793595119387, -0.00045727568416435824, 0.9999998954432832, 3.517361813421741e-06, 0.019046793211997076, 5.1929121994501715e-06, 0.9998185933665032], "world_rotation": [-4.397243393053806e-05, 0.9997119412347669, 0.024000679553694126, -0.019053434398065026]}, {"color": "CVRed", "id_name": "object18017937858817", "shape": "CVSphere", "id_string": "ob4349", "world_size": [0.04, 0.04, 0.04], "id": 4349, "camera_size": [16, 16], "camera_position": [271, 242], "world_position": [0.7350977339329277, 0.6199604647250516, -0.10968288837464338], "world_orientation": [0.9999953132279387, 0.0005006166523387512, -0.003020414727255123, -0.0005036616365339876, 0.9999993656763925, -0.0010074580730322254, 0.003019908461046858, 0.0010089746183304322, 0.9999949310487063], "world_rotation": [-0.31278473003168406, 0.9369620249909744, 0.15578150205919564, -0.003223360972530077]}, {"color": "CVGreen", "id_name": "object15743898753047", "shape": "CVCone", "id_string": "ob4356", "world_size": [0.04, 0.04, 0.04], "id": 4356, "camera_size": [16, 16], "camera_position": [289, 242], "world_position": [0.735, 0.6199874431539305, -0.065], "world_orientation": [1.0, 4.228388472693457e-17, -1.6957377686420176e-17, -4.228388472693457e-17, 1.0, 1.0733601507606494e-16, 1.6957377686420176e-17, -1.0733601507606494e-16, 1.0], "world_rotation": [0.92051720276698, 0.14542702990328832, 0.3626279889688094, -1.1660402951017529e-16]}, {"color": "CVPurple", "id_name": "object151981835997325", "shape": "CVCapsule", "id_string": "ob4363", "world_size": [0.04, 0.08, 0.04], "id": 4363, "camera_size": [18, 17], "camera_position": [218, 224], "world_position": [0.78, 0.6399748858658902, -0.245], "world_orientation": [1.0, -1.3010426069826106e-17, -2.3826422606982324e-17, 1.3010426069826106e-17, 1.0, 3.2786273695961654e-16, 2.3826422606982324e-17, -3.2786273695961654e-16, 1.0], "world_rotation": [0.9965895685050425, 0.07242410176010956, -0.03954720509940661, -3.2898471679914803e-16]}, {"color": "CVRed", "id_name": "object240727623112058", "shape": "CVCylinder", "id_string": "ob4370", "world_size": [0.04, 0.04, 0.04], "id": 4370, "camera_size": [16, 16], "camera_position": [236, 224], "world_position": [0.7799900371230263, 0.6199691951242248, -0.20001830835134582], "world_orientation": [0.9999998774642254, -0.0004950447802217803, -1.4832101404555858e-06, 0.0004950432235152441, 0.9999994624683738, -0.0009110407072813845, 1.9342152898809214e-06, 0.0009110398613931767, 0.9999995850012288], "world_rotation": [-0.8786583510497146, 0.0016479783853022103, -0.47744820273809624, -0.0010368540246467964]}, {"color": "CVGreen", "id_name": "object184956324021240", "shape": "CVCapsule", "id_string": "ob4377", "world_size": [0.04, 0.08, 0.04], "id": 4377, "camera_size": [17, 18], "camera_position": [254, 220], "world_position": [0.78863135058699, 0.6400132928535425, -0.15522959441905704], "world_orientation": [0.9994948617824313, 0.0030430882680576184, -0.03163480495137159, -0.0030529355409929875, 0.9999953052013307, -0.0002629826615773395, 0.03163385615287924, 0.00035942883935285227, 0.9994994597076122], "world_rotation": [-0.00979177753137837, 0.99534255603429, 0.09590264459284809, -0.03178770817900627]}, {"color": "CVGreen", "id_name": "object66752456014183", "shape": "CVSphere", "id_string": "ob4384", "world_size": [0.04, 0.04, 0.04], "id": 4384, "camera_size": [16, 16], "camera_position": [271, 224], "world_position": [0.78, 0.6199874431539305, -0.11], "world_orientation": [1.0, 4.228388472693457e-17, -1.6957377686420176e-17, -4.228388472693457e-17, 1.0, 1.0733601507606494e-16, 1.6957377686420176e-17, -1.0733601507606494e-16, 1.0], "world_rotation": [0.92051720276698, 0.14542702990328832, 0.3626279889688094, -1.1660402951017529e-16]}, {"color": "CVYellow", "id_name": "object193269828812499", "shape": "CVSphere", "id_string": "ob4391", "world_size": [0.04, 0.04, 0.04], "id": 4391, "camera_size": [16, 16], "camera_position": [289, 224], "world_position": [0.78, 0.6199874431539305, -0.065], "world_orientation": [1.0, 4.228388472693457e-17, -1.6957377686420176e-17, -4.228388472693457e-17, 1.0, 1.0733601507606494e-16, 1.6957377686420176e-17, -1.0733601507606494e-16, 1.0], "world_rotation": [0.92051720276698, 0.14542702990328832, 0.3626279889688094, -1.1660402951017529e-16]}, {"color": "CVRed", "id_name": "object88118139422219", "shape": "CVCylinder", "id_string": "ob4398", "world_size": [0.04, 0.04, 0.04], "id": 4398, "camera_size": [17, 21], "camera_position": [235, 287], "world_position": [0.6233694527010095, 0.6604408165245349, -0.2022714143702663], "world_orientation": [0.9471675726894139, -0.3198815292240377, -0.02343920875232551, 0.319724564885799, 0.9474549291754947, -0.010264491689566035, 0.02549101516673001, 0.0022281028588922347, 0.9996725682459331], "world_rotation": [-0.019471104891805927, 0.0762632228727105, -0.9968975859692708, -0.32657220961884986]}, {"color": "CVRed", "id_name": "object187156157667684", "shape": "CVSphere", "id_string": "ob4405", "world_size": [0.04, 0.04, 0.04], "id": 4405, "camera_size": [16, 17], "camera_position": [252, 289], "world_position": [0.6169102665434693, 0.6599706999814017, -0.15895771919755852], "world_orientation": [0.999986115283082, 0.00029997255379110024, -0.005261108012344624, -0.00029637890519306224, 0.9999997222709975, 0.0006838256153873729, 0.005261311680098539, -0.0006822568392294817, 0.9999859264634728], "world_rotation": [0.12854257602635347, 0.9901151491448094, 0.0561141477923442, -0.00531376033398118]}, {"color": "CVGreen", "id_name": "object192249842651630", "shape": "CVBox", "id_string": "ob4412", "world_size": [0.04, 0.04, 0.04], "id": 4412, "camera_size": [16, 18], "camera_position": [270, 296], "world_position": [0.5996428546453495, 0.6599590308418304, -0.11413003100573739], "world_orientation": [4.014246941572042e-05, -0.999885196170026, 0.015152322218419731, 0.999999738589599, 2.9198657528401095e-05, -0.000722473648169051, 0.0007219482779599694, 0.015152347259321429, 0.999884935961742], "world_rotation": [0.007937410455819466, 0.0072151869721153745, 0.9999424676411204, 1.5708191882505556]}, {"color": "CVBlue", "id_name": "object115448458453742", "shape": "CVBox", "id_string": "ob4419", "world_size": [0.04, 0.04, 0.04], "id": 4419, "camera_size": [23, 17], "camera_position": [230, 262], "world_position": [0.6849596562528413, 0.6643417840184063, -0.21413886186630804], "world_orientation": [0.9999966833836385, -0.0010806554102676647, 0.0023378206961815642, 4.661354013897395e-05, 0.9151591757768364, 0.4030926454534235, -0.002575082309579898, -0.40309119957566153, 0.9151561909181148], "world_rotation": [-0.9999804544236874, 0.0060939040276397575, 0.0013982504415536578, 0.4149015129597487]}, {"color": "CVGreen", "id_name": "object234414330426032", "shape": "CVSphere", "id_string": "ob4426", "world_size": [0.04, 0.04, 0.04], "id": 4426, "camera_size": [16, 17], "camera_position": [252, 266], "world_position": [0.6752380483154446, 0.659944745429888, -0.15900079216578217], "world_orientation": [0.9999471884956056, -0.001201066545359702, -0.010206745754036298, 0.0012169430946318057, 0.9999980591602018, 0.001549427421372387, 0.010204864978937658, -0.0015617666225433398, 0.9999467093879446], "world_rotation": [0.14965965477014434, 0.9818720955619702, -0.11631498480774678, -0.010394418167246797]}, {"color": "CVGreen", "id_name": "object129106866850637", "shape": "CVBox", "id_string": "ob4433", "world_size": [0.04, 0.04, 0.04], "id": 4433, "camera_size": [17, 17], "camera_position": [271, 263], "world_position": [0.6832560397935502, 0.6604370918045279, -0.1128003918027256], "world_orientation": [0.9991101453663145, -0.03981050286306503, -0.013929870347276347, 0.03979692681863178, 0.9992070059475159, -0.0012505523553456488, 0.013968609161061983, 0.0006950735147340133, 0.9999021926323167], "world_rotation": [-0.0230587629120667, 0.33064138099869383, -0.943474732371907, -0.042200951939531814]}, {"color": "CVYellow", "id_name": "object245094479653978", "shape": "CVCone", "id_string": "ob4440", "world_size": [0.04, 0.04, 0.04], "id": 4440, "camera_size": [21, 17], "camera_position": [231, 243], "world_position": [0.7314228968880151, 0.662803052083292, -0.21244502091752984], "world_orientation": [0.9994757208866076, -0.0021921207338976654, 0.03230290954208323, -0.0065113028790325985, 0.9637123788924723, 0.2668633614871659, -0.031715710507783004, -0.26693378462851103, 0.9631928510588553], "world_rotation": [-0.9928529454782257, 0.11907346441336544, -0.008033599928473351, 0.27216756356128935]}, {"color": "CVBlue", "id_name": "object21543987018156", "shape": "CVSphere", "id_string": "ob4447", "world_size": [0.04, 0.04, 0.04], "id": 4447, "camera_size": [18, 17], "camera_position": [251, 236], "world_position": [0.7487343695849197, 0.6607152201586333, -0.16166556633962006], "world_orientation": [0.9991006361174304, 0.0046419055115148235, -0.04214702389218547, -0.003042040318033713, 0.9992752276910969, 0.037944239531315524, 0.04229261047097639, -0.03778190090676432, 0.9983906365062836], "world_rotation": [0.6661239102311604, 0.7427720347965098, 0.06759171948250257, -0.056871533779031515]}, {"color": "CVPurple", "id_name": "object38921714828220", "shape": "CVCylinder", "id_string": "ob4454", "world_size": [0.04, 0.04, 0.04], "id": 4454, "camera_size": [17, 17], "camera_position": [271, 243], "world_position": [0.7315063124966266, 0.6599388470034873, -0.11197611957014467], "world_orientation": [0.9998408258254613, 0.0009392057281305933, -0.017816871365642, -0.0009632765543564204, 0.9999986349229809, -0.001342479219427569, 0.017815586180067563, 0.0013594281058644897, 0.999840365680585], "world_rotation": [-0.07550315421721707, 0.9957273190046733, 0.053163708401661486, -0.01789363333509044]}, {"color": "CVBlue", "id_name": "object33936724565528", "shape": "CVSphere", "id_string": "ob4461", "world_size": [0.04, 0.04, 0.04], "id": 4461, "camera_size": [21, 26], "camera_position": [242, 277], "world_position": [0.6491958117037147, 0.7002986673596154, -0.18299503645387483], "world_orientation": [0.7610834932800006, -0.6296110307300742, -0.1560188009174694, 0.6481636244310914, 0.7475317699509131, 0.14519011288103023, 0.02521571377261375, -0.21162750978327197, 0.977025058471823], "world_rotation": [0.2664842536063396, 0.13535246385611263, -0.9542881394568161, -0.7335233588655564]}, {"color": "CVYellow", "id_name": "object18897981068460", "shape": "CVBox", "id_string": "ob4468", "world_size": [0.04, 0.04, 0.04], "id": 4468, "camera_size": [18, 24], "camera_position": [273, 280], "world_position": [0.6409240114793056, 0.6867361796491324, -0.10729738191174057], "world_orientation": [0.7225399137068943, -0.6913273812343889, 0.0015890424901943206, 0.6912521544272942, 0.7224917902968365, 0.013269210726203339, -0.010321438855991655, -0.00848910532824622, 0.9999106975078664], "world_rotation": [-0.015734946557942126, 0.008613294659044975, 0.999839098361299, 0.7634264568448177]}, {"color": "CVRed", "id_name": "object268129622373824", "shape": "CVCapsule", "id_string": "ob4475", "world_size": [0.04, 0.08, 0.04], "id": 4475, "camera_size": [27, 37], "camera_position": [241, 257], "world_position": [0.697864044012516, 0.7072753899331828, -0.1849435728873926], "world_orientation": [0.756292272233904, -0.6293891285587134, -0.17858142067802563, 0.6530825053982523, 0.710104078782767, 0.26312627850296477, -0.03879742390959121, -0.3156287726874425, 0.9480892562147293], "world_rotation": [0.40932037530962834, 0.09886123309308545, -0.9070189010972701, -0.7852057801265059]}, {"color": "CVBlue", "id_name": "object166602227294341", "shape": "CVCapsule", "id_string": "ob4482", "world_size": [0.04, 0.08, 0.04], "id": 4482, "camera_size": [18, 18], "camera_position": [267, 246], "world_position": [0.7229224800249944, 0.7199377357501188, -0.12316868494836528], "world_orientation": [0.9996103217679229, 0.0009440550407758972, -0.02789826831740216, -0.0009566185282897287, 0.9999994469606525, -0.00043698899364785255, 0.02789784034689984, 0.00046350670892899556, 0.9996106720446264], "world_rotation": [-0.01612758779354874, 0.999290322482269, 0.034040451014109706, -0.02792149485214745]}], "source": "manual check"}
