{"timestamp": 1721665164.810698, "objects": [{"color": "cv_", "id_name": "hand", "shape": "CVBox", "id_string": "ob383", "world_size": [0.12, 0.005, 0.12], "id": 383, "camera_size": [48, 49], "camera_position": [246, 391], "world_position": [0.36268951820092843, 0.6554740042488671, -0.1740898390271069], "world_orientation": [-4.108438220156361e-06, -0.0015810153059692867, 0.9999987501860804, -0.000763120222464471, -0.9999984590136479, -0.001581017980856692, 0.9999997088152811, -0.0007631257642212948, 2.901927137461739e-06], "world_rotation": [0.0, 1.0, 0.0, 0.0]}, {"color": "CVPurple", "id_name": "object23294904300282", "shape": "CVCylinder", "id_string": "ob12952", "world_size": [0.04, 0.04, 0.04], "id": 12952, "camera_size": [16, 15], "camera_position": [255, 251], "world_position": [0.7126280847371826, 0.6199704654314978, -0.1505380393563322], "world_orientation": [0.999999855583794, 0.0003230229566127372, 0.0004295213156683277, -0.00032292976339683865, 0.9999999243089943, -0.00021702159782946537, -0.00042959138611562873, 0.00021688286127114354, 0.9999998842065262], "world_rotation": [0.3743334962448292, 0.7411646840268171, -0.5572695440633293, 0.0005795694050156374]}, {"color": "CVRed", "id_name": "object241039496126113", "shape": "CVCylinder", "id_string": "ob12959", "world_size": [0.04, 0.04, 0.04], "id": 12959, "camera_size": [17, 17], "camera_position": [219, 295], "world_position": [0.6000164678493135, 0.6199874431889267, -0.24500001491692472], "world_orientation": [0.9999999999999387, 5.373712814524528e-10, 3.5011643354139947e-07, -5.373712812530545e-10, 1.0, -5.696750108238335e-13, -3.501164335413998e-07, 5.694868885423719e-13, 0.9999999999999387], "world_rotation": [1.626831031709309e-06, 0.9999988221400941, -0.001534834120664391, 3.50116845930002e-07]}, {"color": "CVBlue", "id_name": "object135069689291519", "shape": "CVCapsule", "id_string": "ob12966", "world_size": [0.04, 0.08, 0.04], "id": 12966, "camera_size": [17, 18], "camera_position": [236, 295], "world_position": [0.5999999731290049, 0.6399748863662555, -0.19999114838082085], "world_orientation": [0.9999999999843097, -8.14802032664673e-12, -5.601849031098747e-06, 8.151385421388663e-12, 1.0, 6.007121171922594e-10, 5.601849031098742e-06, -6.007121628456106e-10, 0.9999999999843097], "world_rotation": [0.00010723461721827272, 0.9999999942493101, -1.4548237165814522e-06, -5.601849063342539e-06]}, {"color": "CVYellow", "id_name": "object191741185767497", "shape": "CVCapsule", "id_string": "ob12973", "world_size": [0.04, 0.08, 0.04], "id": 12973, "camera_size": [17, 19], "camera_position": [254, 299], "world_position": [0.5917842941004021, 0.6399748739186957, -0.1547788227646369], "world_orientation": [0.9999268760042833, -0.0006229995662792926, 0.012077024296365856, 0.0006230461080645541, 0.9999998059067506, -9.133742776031817e-08, -0.012077021895393789, 7.61587373365401e-06, 0.9999270700826819], "world_rotation": [0.00031866196112914413, 0.9986719667425868, 0.05151894114836116, 0.01209337788594233]}, {"color": "CVGreen", "id_name": "object190667502606651", "shape": "CVCapsule", "id_string": "ob12980", "world_size": [0.04, 0.08, 0.04], "id": 12980, "camera_size": [17, 21], "camera_position": [272, 299], "world_position": [0.5927528527223128, 0.6417702761760836, -0.10994993078183504], "world_orientation": [0.9948319596933098, -0.10153349554500095, -0.0005667937739493036, 0.10153368355039981, 0.9948320526217158, 0.00031333871618870115, 0.0005320502384069728, -0.00036926802875629646, 0.9999997902818114], "world_rotation": [0.0033614141781524768, 0.005411124150274794, -0.9999797101092367, -0.10171092750952103]}, {"color": "CVBlue", "id_name": "object116123179021772", "shape": "CVBox", "id_string": "ob12987", "world_size": [0.04, 0.04, 0.04], "id": 12987, "camera_size": [16, 17], "camera_position": [289, 295], "world_position": [0.6, 0.6199874431539305, -0.065], "world_orientation": [1.0, 2.049142105997599e-16, 5.802954297681148e-18, -2.049142105997599e-16, 1.0, 6.179952383167331e-17, -5.802954297681148e-18, -6.179952383167331e-17, 1.0], "world_rotation": [-0.28863572672225335, 0.027102796704540077, -0.9570553043948448, 2.1410905896324258e-16]}, {"color": "CVGreen", "id_name": "object111712118001972", "shape": "CVCylinder", "id_string": "ob12994", "world_size": [0.04, 0.04, 0.04], "id": 12994, "camera_size": [17, 16], "camera_position": [219, 277], "world_position": [0.6449999973267538, 0.6199874431541919, -0.24500000000023614], "world_orientation": [0.9999999999999979, -3.4259849104435065e-11, -6.5691385663929e-08, 3.4259849935502405e-11, 1.0, 1.2940495681014267e-11, 6.569138566392857e-08, -1.2940497881257631e-11, 0.9999999999999979], "world_rotation": [0.00019698921920166158, 0.9999998446023034, -0.0005215271964476029, -6.569139587222044e-08]}, {"color": "CVRed", "id_name": "object252592461252533", "shape": "CVCone", "id_string": "ob13001", "world_size": [0.04, 0.04, 0.04], "id": 13001, "camera_size": [16, 16], "camera_position": [236, 277], "world_position": [0.6455308137892467, 0.6199727594937545, -0.20020457589512924], "world_orientation": [0.9999219685607839, -0.00010034250253224716, -0.012491866190009967, 0.0001028504853246968, 0.9999999746854795, 0.00020012700449660445, 0.01249184579253991, -0.00020139618279867069, 0.9999219535685138], "world_rotation": [0.016068791905928113, 0.9998378215453082, -0.008131699343719151, -0.012494207295738833]}, {"color": "CVYellow", "id_name": "object179663240298706", "shape": "CVBox", "id_string": "ob13008", "world_size": [0.04, 0.04, 0.04], "id": 13008, "camera_size": [16, 16], "camera_position": [252, 282], "world_position": [0.6324989819081346, 0.6199623991282033, -0.15899945055131814], "world_orientation": [0.9996360347059458, -0.0011154143409136408, -0.026954665054890168, 0.0011162554342060706, 0.9999993768561821, 1.6157133384644917e-05, 0.02695463023635899, -4.623954409356607e-05, 0.9996366568762501], "world_rotation": [0.0011564469495367795, 0.9991435860188695, -0.04136130012229967, -0.026981025238825767]}, {"color": "CVYellow", "id_name": "object155417085757273", "shape": "CVCapsule", "id_string": "ob13015", "world_size": [0.04, 0.08, 0.04], "id": 13015, "camera_size": [17, 20], "camera_position": [272, 282], "world_position": [0.6339652748330866, 0.6418572743319133, -0.10968249055009975], "world_orientation": [0.994060410480298, -0.1085465428508927, -0.007845275703304391, 0.10854935445302098, 0.9940910587324789, -6.779359617505471e-05, 0.007806277190438286, -0.0007842086830579451, 0.9999692230529735], "world_rotation": [0.0032914329322373767, 0.07190808454253139, -0.997405832069713, -0.10904625727517733]}, {"color": "CVRed", "id_name": "object234881704826821", "shape": "CVBox", "id_string": "ob13022", "world_size": [0.04, 0.04, 0.04], "id": 13022, "camera_size": [16, 16], "camera_position": [289, 277], "world_position": [0.645, 0.6199874431539305, -0.065], "world_orientation": [1.0, 3.5778671692020784e-17, -3.6332864841185517e-17, -3.5778671692020784e-17, 1.0, 1.0733601507606489e-16, 3.6332864841185517e-17, -1.0733601507606489e-16, 1.0], "world_rotation": [0.9032531890035577, 0.3057480381601587, 0.3010843963345121, -1.18832699826363e-16]}, {"color": "CVPurple", "id_name": "object171139743126557", "shape": "CVCone", "id_string": "ob13029", "world_size": [0.04, 0.04, 0.04], "id": 13029, "camera_size": [17, 15], "camera_position": [219, 260], "world_position": [0.6899999559184256, 0.6199874431587296, -0.24499999262706895], "world_orientation": [0.9999999999993949, -5.569811675472027e-07, -9.486737183828647e-07, 5.569810741634932e-07, 0.9999999999998402, -9.843521656626276e-08, 9.486737732098939e-07, 9.84346881669301e-08, 0.9999999999995451], "world_rotation": [-0.08912249725210164, 0.8589243075772538, -0.5042878288601504, -1.1044905091491383e-06]}, {"color": "CVBlue", "id_name": "object54862971353816", "shape": "CVSphere", "id_string": "ob13036", "world_size": [0.04, 0.04, 0.04], "id": 13036, "camera_size": [17, 17], "camera_position": [238, 260], "world_position": [0.6899432875473861, 0.6199653904726404, -0.1961535340377992], "world_orientation": [0.9998865210460486, -0.00018213667856795793, 0.015063593749842254, 0.0001879860497362135, 0.9999999074860683, -0.00038689675617524196, -0.015063521888159851, 0.00038968459701992726, 0.99988646278177], "world_rotation": [0.025766321393579757, 0.999592561676169, 0.012280363330018217, 0.015070268227197682]}, {"color": "CVBlue", "id_name": "object97242376343706", "shape": "CVCone", "id_string": "ob13043", "world_size": [0.04, 0.04, 0.04], "id": 13043, "camera_size": [17, 16], "camera_position": [255, 266], "world_position": [0.6724499753231838, 0.6199714105942299, -0.15264059585209536], "world_orientation": [0.9998478400939375, -0.0004481799955629486, -0.01743834264429906, 0.0004596060112890108, 0.9999996823363547, 0.0006512215478664642, 0.017438045240301136, -0.0006591372251631547, 0.9998477284648476], "world_rotation": [0.03753233207744277, 0.998957078541213, -0.0260015245944046, -0.017457286287101022]}, {"color": "CVRed", "id_name": "object110625144375993", "shape": "CVBox", "id_string": "ob13050", "world_size": [0.04, 0.04, 0.04], "id": 13050, "camera_size": [16, 16], "camera_position": [273, 259], "world_position": [0.6917501602327495, 0.6199432779089945, -0.10476759435717638], "world_orientation": [0.9998550124258594, -0.0001380402829361408, -0.01702747990058657, 0.00014945808407008622, 0.9999997648627711, 0.0006692807211546643, 0.01702738350909202, -0.0006717285782889684, 0.9998547979539586], "world_rotation": [0.039346014082319164, 0.9991900398040388, -0.008435373864718118, -0.017042059340392404]}, {"color": "CVYellow", "id_name": "object275513226642358", "shape": "CVCone", "id_string": "ob13057", "world_size": [0.04, 0.04, 0.04], "id": 13057, "camera_size": [17, 17], "camera_position": [290, 260], "world_position": [0.6894683171169328, 0.6199874431631259, -0.0640221676993016], "world_orientation": [0.9988054456663552, 6.163668246443183e-11, -0.04886391006902675, -5.95608701815153e-11, 1.0, 4.393755995937754e-11, 0.04886391006902675, -4.097469715253564e-11, 0.9988054456663552], "world_rotation": [8.688647407868442e-10, 1.0, 1.2401540572043818e-09, -0.04888337623587915]}, {"color": "CVGreen", "id_name": "object87961223128880", "shape": "CVBox", "id_string": "ob13064", "world_size": [0.04, 0.04, 0.04], "id": 13064, "camera_size": [16, 16], "camera_position": [218, 242], "world_position": [0.7350247352684279, 0.6200459333450498, -0.2453003145680616], "world_orientation": [0.9999986749652506, -0.00021655416782637965, 0.0016134348563781008, 0.00021079037210743369, 0.9999935992789873, 0.0035716898627058337, -0.00161419799355767, -0.003571345033558902, 0.9999923199002526], "world_rotation": [-0.909935695898244, 0.4111611361364248, 0.05443849245876308, 0.003925031883725893]}, {"color": "CVPurple", "id_name": "object188616741442730", "shape": "CVSphere", "id_string": "ob13071", "world_size": [0.04, 0.04, 0.04], "id": 13071, "camera_size": [16, 16], "camera_position": [236, 242], "world_position": [0.7350151185076145, 0.6199700885253175, -0.1999873574993564], "world_orientation": [0.9999997486408934, 0.0007089864215047768, -7.510276070061376e-06, -0.0007089906697833481, 0.9999995795208925, -0.0005816272593737924, 7.0979070828624815e-06, 0.0005816324378921456, 0.9999998308266491], "world_rotation": [-0.6342284909116472, 0.00796462387359901, 0.7731046410949081, -0.0009170668591743324]}, {"color": "CVBlue", "id_name": "object42036496658433", "shape": "CVCylinder", "id_string": "ob13078", "world_size": [0.04, 0.04, 0.04], "id": 13078, "camera_size": [16, 16], "camera_position": [254, 235], "world_position": [0.7527200551126535, 0.6199740590954196, -0.15424358053449533], "world_orientation": [0.9999318335501897, 0.0004166384965365479, 0.011668533126287767, -0.00042199035854464207, 0.9999998069031403, 0.0004561993197831255, -0.011668340802931946, -0.00046109223077274545, 0.9999318162839212], "world_rotation": [-0.03925090475667822, 0.9985848178360802, -0.035884928076625695, 0.011685239255112327]}, {"color": "CVPurple", "id_name": "object179102552796636", "shape": "CVSphere", "id_string": "ob13085", "world_size": [0.04, 0.04, 0.04], "id": 13085, "camera_size": [17, 17], "camera_position": [273, 239], "world_position": [0.7424937691915352, 0.6199715516640336, -0.1069524693763617], "world_orientation": [0.9982307804363856, 0.00027284263563286885, 0.05945783839209782, -0.00029485197887987164, 0.9999998912282831, 0.0003613941511539332, -0.059457733321033955, -0.00037828602686136554, 0.9982307523053008], "world_rotation": [-0.006220021735594682, 0.9999692606891102, -0.004773783246326572, 0.05949470550101466]}, {"color": "CVGreen", "id_name": "object181142987819928", "shape": "CVSphere", "id_string": "ob13092", "world_size": [0.04, 0.04, 0.04], "id": 13092, "camera_size": [16, 16], "camera_position": [289, 242], "world_position": [0.7349999987484143, 0.6199874431532169, -0.06499998899459834], "world_orientation": [0.999999999999978, -8.923492423297688e-11, 2.1056067360509065e-07, 8.923498251181323e-11, 1.0, -2.763240736380632e-10, -2.1056067360506592e-07, 2.763240924583888e-10, 0.999999999999978], "world_rotation": [0.0013123239756067616, 0.9999990491007187, 0.0004237964620416653, 2.105608738272634e-07]}, {"color": "CVBlue", "id_name": "object194032639814113", "shape": "CVSphere", "id_string": "ob13099", "world_size": [0.04, 0.04, 0.04], "id": 13099, "camera_size": [17, 16], "camera_position": [219, 224], "world_position": [0.78, 0.6199874431539305, -0.245], "world_orientation": [1.0, -2.2442984970449937e-16, -1.4488340486922525e-17, 2.2442984970449937e-16, 1.0, -5.952269926945416e-16, 1.4488340486922525e-17, 5.952269926945416e-16, 1.0], "world_rotation": [-0.9354546928465729, 0.022769777356192403, -0.3527124251716587, -6.362969764823948e-16]}, {"color": "CVPurple", "id_name": "object40949766248647", "shape": "CVCone", "id_string": "ob13106", "world_size": [0.04, 0.04, 0.04], "id": 13106, "camera_size": [16, 16], "camera_position": [236, 224], "world_position": [0.78, 0.6199874431539305, -0.2], "world_orientation": [1.0, 1.7889335846010863e-16, -4.367536594091608e-17, -1.7889335846010863e-16, 1.0, -6.570265165262153e-16, 4.367536594091608e-17, 6.570265165262153e-16, 1.0], "world_rotation": [-0.9628953949226872, 0.06400778001840857, 0.26217448871657395, -6.823446451096272e-16]}, {"color": "CVGreen", "id_name": "object186563161677968", "shape": "CVSphere", "id_string": "ob13113", "world_size": [0.04, 0.04, 0.04], "id": 13113, "camera_size": [16, 17], "camera_position": [254, 220], "world_position": [0.7927042919729622, 0.6199875012989685, -0.15479279083854766], "world_orientation": [0.9999247685632403, 0.0005389455347296929, 0.01225425442289044, -0.0005389315433329122, 0.9999998547665108, -4.443984617987829e-06, -0.012254255038227975, -2.1605539578839626e-06, 0.9999249137954261], "world_rotation": [9.307891733147972e-05, 0.9990342890225814, -0.04393723584228415, 0.012266407846250217]}, {"color": "CVRed", "id_name": "object143560152664087", "shape": "CVSphere", "id_string": "ob13120", "world_size": [0.04, 0.04, 0.04], "id": 13120, "camera_size": [17, 18], "camera_position": [272, 222], "world_position": [0.7853977792815644, 0.6199874431775453, -0.10853929393118647], "world_orientation": [0.9984134845062866, 6.224730415359875e-10, 0.05630731707349369, -6.235254305580447e-10, 1.0, 1.1216351450418153e-12, -0.05630731707349369, -3.622889977532407e-11, 0.9984134845062866], "world_rotation": [-3.3166679626748197e-10, 0.9999999999999999, -1.1064267815031253e-08, 0.056337113460305094]}, {"color": "CVGreen", "id_name": "object195033806945798", "shape": "CVSphere", "id_string": "ob13127", "world_size": [0.04, 0.04, 0.04], "id": 13127, "camera_size": [16, 16], "camera_position": [289, 224], "world_position": [0.78, 0.6199874431539305, -0.065], "world_orientation": [1.0, 4.228388472693457e-17, -1.6957377686420176e-17, -4.228388472693457e-17, 1.0, 1.0733601507606494e-16, 1.6957377686420176e-17, -1.0733601507606494e-16, 1.0], "world_rotation": [0.92051720276698, 0.14542702990328832, 0.3626279889688094, -1.1660402951017529e-16]}, {"color": "CVRed", "id_name": "object101674535565316", "shape": "CVBox", "id_string": "ob13134", "world_size": [0.04, 0.04, 0.04], "id": 13134, "camera_size": [17, 17], "camera_position": [234, 280], "world_position": [0.6407866256553493, 0.6599584501111879, -0.20451251714208246], "world_orientation": [0.9999997729836453, -0.0001969285876247257, 0.0006444003332932093, 0.00019674451295603995, 0.9999999398325278, 0.0002857035831075357, -0.0006444565577243816, -0.000285576736018403, 0.9999997515608057], "world_rotation": [-0.3902920262104352, 0.8805319396617345, 0.26895285369762556, 0.0007318627229863091]}, {"color": "CVBlue", "id_name": "object70212797919094", "shape": "CVCapsule", "id_string": "ob13141", "world_size": [0.04, 0.08, 0.04], "id": 13141, "camera_size": [17, 18], "camera_position": [252, 283], "world_position": [0.6322394622486165, 0.6799495625067161, -0.15894652277400548], "world_orientation": [0.9994236603405636, -0.001131717482100751, 0.033927368996290744, 0.0011283839173234344, 0.9999993564829492, 0.00011740282309775929, -0.03392748003027765, -7.905206166216896e-05, 0.9994242942062028], "world_rotation": [-0.0028936057062921056, 0.9994415694107343, 0.033289283257906324, 0.033952904317995226]}, {"color": "CVYellow", "id_name": "object266251026228077", "shape": "CVBox", "id_string": "ob13148", "world_size": [0.04, 0.04, 0.04], "id": 13148, "camera_size": [17, 19], "camera_position": [272, 286], "world_position": [0.6271272841652173, 0.7014571455849695, -0.11233276601622692], "world_orientation": [0.9938714988419916, -0.10851856512546029, 0.021051480059236093, 0.1084756028385491, 0.9940940397356947, 0.0031754922107333984, -0.02127175071277729, -0.0008724592129733277, 0.999773350033164], "world_rotation": [-0.01830657151317441, 0.1914037916213346, 0.9813406431980741, 0.11078655069445542]}, {"color": "CVRed", "id_name": "object154735127030491", "shape": "CVBox", "id_string": "ob13155", "world_size": [0.04, 0.04, 0.04], "id": 13155, "camera_size": [18, 17], "camera_position": [235, 261], "world_position": [0.6874617793429288, 0.6599567923802222, -0.2014459357901009], "world_orientation": [0.9959387200018002, -9.18085416015054e-05, 0.09003364689030176, 0.00012989460967713668, 0.9999999045519837, -0.0004171611364824624, -0.0900335999978132, 0.00042716181372346476, 0.9959386368668598], "world_rotation": [0.004688876202293219, 0.9999882492122418, 0.0012312097281618353, 0.09015676781073759]}, {"color": "CVYellow", "id_name": "object174000527463699", "shape": "CVCapsule", "id_string": "ob13162", "world_size": [0.04, 0.08, 0.04], "id": 13162, "camera_size": [18, 18], "camera_position": [251, 259], "world_position": [0.6914235514545107, 0.6799587059611627, -0.16131621169482893], "world_orientation": [0.9946885708219392, -0.0004304768355765445, 0.10292940185341609, 0.00036852019113246234, 0.9999997393076185, 0.0006209489219509589, -0.10292964232463217, -0.000579719232884652, 0.9946884701536126], "world_rotation": [-0.005832333940114816, 0.9999754598335385, 0.0038811868692926145, 0.10311468110819647]}, {"color": "CVGreen", "id_name": "object98647145657511", "shape": "CVBox", "id_string": "ob13169", "world_size": [0.04, 0.04, 0.04], "id": 13169, "camera_size": [16, 18], "camera_position": [273, 267], "world_position": [0.6722618495299113, 0.6600204624527707, -0.10679728769536243], "world_orientation": [0.9946253705172735, -0.10323786711383874, -0.007893992472877519, 0.10326678827980969, 0.9946480615621519, 0.003347247978078068, 0.007506181569175956, -0.00414444500978814, 0.999963239731247], "world_rotation": [0.03615445163097225, 0.074320296949403, -0.9965788223159352, -0.10379304490596959]}, {"color": "CVYellow", "id_name": "object42899085044511", "shape": "CVCylinder", "id_string": "ob13176", "world_size": [0.04, 0.04, 0.04], "id": 13176, "camera_size": [17, 17], "camera_position": [234, 244], "world_position": [0.7300461852416196, 0.6599601089399874, -0.20535400477651597], "world_orientation": [0.999997861567012, 0.0007961028701136386, 0.0019086858367447358, -0.0007946514818496231, 0.9999993946656539, -0.0007610501616153186, -0.001909290555569613, 0.0007595317941319716, 0.9999978888582858], "world_rotation": [0.3450559743881239, 0.8663890553623187, -0.36097974913760916, 0.0022033862604843545]}, {"color": "CVPurple", "id_name": "object37329447679792", "shape": "CVBox", "id_string": "ob13183", "world_size": [0.04, 0.04, 0.04], "id": 13183, "camera_size": [17, 18], "camera_position": [253, 241], "world_position": [0.7367852335232576, 0.6599612351455414, -0.15717876800257968], "world_orientation": [0.995890717765573, -0.000189130275840799, 0.09056292010591624, 0.0001378840525913244, 0.999999826833729, 0.0005721193058441308, -0.0905630126285552, -0.0005572811237059447, 0.99589057138894], "world_rotation": [-0.006235311622988814, 0.9999789304612315, 0.0018054147932004957, 0.0906891358424599]}, {"color": "CVRed", "id_name": "object114062607425897", "shape": "CVCapsule", "id_string": "ob13190", "world_size": [0.04, 0.08, 0.04], "id": 13190, "camera_size": [18, 34], "camera_position": [269, 176], "world_position": [0.9015887149610629, 0.6199748863788581, -0.11530443685685728], "world_orientation": [5.226851914610573e-10, -0.9985452790045309, 0.05391962330880481, 1.0, 5.234420473020779e-10, -8.542472285100189e-14, -2.8138491536822136e-11, 0.05391962330880481, 0.998545279004531], "world_rotation": [0.02695981878602627, 0.026959818800052805, 0.9992729038362308, 1.5715236868337028]}, {"color": "CVPurple", "id_name": "object3571243665510", "shape": "CVCylinder", "id_string": "ob13197", "world_size": [0.04, 0.04, 0.04], "id": 13197, "camera_size": [21, 21], "camera_position": [246, 265], "world_position": [0.6788664708234661, 0.7399273799220933, -0.17430289104405977], "world_orientation": [0.9664157631359986, -0.0008462872280242756, 0.2569822105909143, 0.0005386889702502924, 0.9999990518062639, 0.001267359762194215, -0.25698303947237194, -0.0010863629693529163, 0.966415302672221], "world_rotation": [-0.004579472065559023, 0.9999858835478755, 0.00269465036236173, 0.2599024225159796]}, {"color": "CVPurple", "id_name": "object73319062427514", "shape": "CVCapsule", "id_string": "ob13204", "world_size": [0.04, 0.08, 0.04], "id": 13204, "camera_size": [18, 21], "camera_position": [269, 270], "world_position": [0.6662106292638377, 0.7196484008797491, -0.11791640381540901], "world_orientation": [0.9944727996190779, -0.10337117923404092, -0.018391577462458772, 0.10344186284171698, 0.9946311805944352, 0.0029318255669945736, 0.01798977013831064, -0.004818079812918365, 0.9998265620982907], "world_rotation": [0.03688119554794355, 0.17313599707158706, -0.9842071448292689, -0.10526007723884363]}, {"color": "CVBlue", "id_name": "object133981757502356", "shape": "CVBox", "id_string": "ob13211", "world_size": [0.04, 0.04, 0.04], "id": 13211, "camera_size": [19, 19], "camera_position": [244, 243], "world_position": [0.7305524082220951, 0.6999493263277, -0.17878258252007007], "world_orientation": [0.9921827796557097, 0.0002488530931539196, 0.12479290775844556, -0.00026016265993275366, 0.999999963395238, 7.432976133504287e-05, -0.12479288469323985, -0.00010621516403572839, 0.9921828080793774], "world_rotation": [-0.0007233765227136855, 0.999997658708321, -0.0020394372465366217, 0.1251193874069441]}, {"color": "CVPurple", "id_name": "object80124949183009", "shape": "CVCapsule", "id_string": "ob13218", "world_size": [0.04, 0.08, 0.04], "id": 13218, "camera_size": [18, 17], "camera_position": [272, 250], "world_position": [0.7147536947129443, 0.6799439241472616, -0.1100460790521056], "world_orientation": [0.9998104112637483, -0.001009470811870743, 0.019445372130528212, 0.000997877424731335, 0.9999993185647233, 0.0006058966365462916, -0.01944597051473528, -0.0005863776675041204, 0.9998107372857981], "world_rotation": [-0.030601455740695088, 0.9982029274740765, 0.05152151481404696, 0.01948191186987369]}], "source": "manual check"}
