{"timestamp": 1721664451.578512, "objects": [{"color": "cv_", "id_name": "hand", "shape": "CVBox", "id_string": "ob383", "world_size": [0.12, 0.005, 0.12], "id": 383, "camera_size": [48, 49], "camera_position": [246, 391], "world_position": [0.36226214102343546, 0.6554045343404638, -0.1740898384568171], "world_orientation": [-4.116249192873654e-06, -0.0015808773479944402, 0.9999987504041529, -0.0007631202174324602, -0.9999984592317471, -0.0015808800288826378, 0.9999997088152528, -0.0007631257711371519, 2.909843385515602e-06], "world_rotation": [0.0, 1.0, 0.0, 0.0]}, {"color": "CVBlue", "id_name": "object20415047789885", "shape": "CVBox", "id_string": "ob5581", "world_size": [0.04, 0.04, 0.04], "id": 5581, "camera_size": [16, 15], "camera_position": [256, 250], "world_position": [0.7151133673955821, 0.6199692278761457, -0.14959749196411679], "world_orientation": [0.9999996878220153, 0.0006906989927124486, 0.00038378480089701816, -0.0006905880483835624, 0.9999997197439648, -0.0002891368872291412, -0.0003839843998957994, 0.00028887175977028917, 0.999999884554537], "world_rotation": [0.3434983978075091, 0.4562691089957769, -0.820869874511103, 0.0008413557659688952]}, {"color": "CVGreen", "id_name": "object163849657012686", "shape": "CVCylinder", "id_string": "ob5588", "world_size": [0.04, 0.04, 0.04], "id": 5588, "camera_size": [17, 17], "camera_position": [219, 295], "world_position": [0.6, 0.6199874431539305, -0.245], "world_orientation": [1.0, 3.2526065174562914e-18, -5.85631424552212e-17, -3.2526065174562914e-18, 1.0, 6.830473686658622e-17, 5.85631424552212e-17, -6.830473686658622e-17, 1.0], "world_rotation": [0.7586719037870137, 0.650470418545561, 0.03612723351366515, -9.003198421561925e-17]}, {"color": "CVRed", "id_name": "object174920335047529", "shape": "CVCylinder", "id_string": "ob5595", "world_size": [0.04, 0.04, 0.04], "id": 5595, "camera_size": [16, 17], "camera_position": [236, 295], "world_position": [0.6004956253614376, 0.6199874431851317, -0.19964456780085343], "world_orientation": [0.9999897309163738, 1.9632249757149902e-10, -0.0045318938423950395, -1.9898777362611682e-10, 1.0, -5.876643904598709e-10, 0.0045318938423950395, 5.885601471511123e-10, 0.9999897309163738], "world_rotation": [-1.2977185460608173e-07, 0.9999999999999906, 4.361424659813925e-08, -0.0045319093552577535]}, {"color": "CVBlue", "id_name": "object266965150005879", "shape": "CVCapsule", "id_string": "ob5602", "world_size": [0.04, 0.08, 0.04], "id": 5602, "camera_size": [17, 21], "camera_position": [254, 299], "world_position": [0.5924241604434136, 0.641248463380357, -0.15503213814438513], "world_orientation": [0.9975430420829081, -0.07004984548003321, 0.0009478081034751887, 0.07004960534768065, 0.9975434687192071, 0.00028426446588877976, -0.0009653924651317857, -0.000217172456464997, 0.9999995104266364], "world_rotation": [-0.0035787932028942776, 0.013654657017604712, 0.9999003663270369, 0.07011413806312596]}, {"color": "CVRed", "id_name": "object253156428799371", "shape": "CVBox", "id_string": "ob5609", "world_size": [0.04, 0.04, 0.04], "id": 5609, "camera_size": [17, 25], "camera_position": [272, 308], "world_position": [0.5687713230252742, 0.6282185879108918, -0.11026434638628725], "world_orientation": [0.7375310554785163, -0.67421721624818, -0.038458906891651004, 0.6746808716824834, 0.7381085309213435, -0.0012320579939531784, 0.029217521977576683, -0.02503880779292354, 0.9992594230297751], "world_rotation": [0.017624126252396097, 0.05010083009122727, -0.99858865254819, -0.7415100559136646]}, {"color": "CVBlue", "id_name": "object182588427125557", "shape": "CVCylinder", "id_string": "ob5616", "world_size": [0.04, 0.04, 0.04], "id": 5616, "camera_size": [16, 17], "camera_position": [289, 295], "world_position": [0.6, 0.6199874431539305, -0.065], "world_orientation": [1.0, 2.049142105997599e-16, 5.802954297681148e-18, -2.049142105997599e-16, 1.0, 6.179952383167331e-17, -5.802954297681148e-18, -6.179952383167331e-17, 1.0], "world_rotation": [-0.28863572672225335, 0.027102796704540077, -0.9570553043948448, 2.1410905896324258e-16]}, {"color": "CVRed", "id_name": "object128382484842768", "shape": "CVBox", "id_string": "ob5623", "world_size": [0.04, 0.04, 0.04], "id": 5623, "camera_size": [17, 16], "camera_position": [219, 277], "world_position": [0.6452530665449685, 0.6199874431832413, -0.2450664594229234], "world_orientation": [0.9999026996272985, 3.3616741008502014e-10, 0.013949597773429762, -3.424273854686385e-10, 1.0, 4.4636821595308995e-10, -0.013949597773429762, -4.511015084532104e-10, 0.9999026996272985], "world_rotation": [-3.216830115760536e-08, 0.9999999999999992, -2.432309542452181e-08, 0.013950050224726757]}, {"color": "CVPurple", "id_name": "object228657526518794", "shape": "CVBox", "id_string": "ob5630", "world_size": [0.04, 0.04, 0.04], "id": 5630, "camera_size": [16, 16], "camera_position": [236, 277], "world_position": [0.6456932961475896, 0.6199621542094209, -0.19973987763748943], "world_orientation": [0.9998334114719776, -0.0002591701115349592, -0.018250537941673337, 0.0002637753718365324, 0.9999999339790664, 0.0002499288226944274, 0.018250471962674927, -0.00025470122985152684, 0.9998334138247347], "world_rotation": [0.013822359100326654, 0.9998018625268786, -0.014324038420990412, -0.01825513568143922]}, {"color": "CVRed", "id_name": "object56628939869324", "shape": "CVCapsule", "id_string": "ob5637", "world_size": [0.04, 0.08, 0.04], "id": 5637, "camera_size": [17, 17], "camera_position": [254, 282], "world_position": [0.635182725060727, 0.6399643833791202, -0.15498344357767094], "world_orientation": [0.9999998129990666, -0.0001652130170291901, -0.0005888178757445933, 0.00016538184632491917, 0.9999999452292221, 0.00028668867741313243, 0.0005887704787932422, -0.00028678600358951066, 0.9999997855515328], "world_rotation": [0.42451890222803906, 0.8717185467907708, -0.24472530893245872, -0.0006754407419763296]}, {"color": "CVGreen", "id_name": "object81158233289544", "shape": "CVCone", "id_string": "ob5644", "world_size": [0.04, 0.04, 0.04], "id": 5644, "camera_size": [17, 16], "camera_position": [272, 277], "world_position": [0.6452109144990301, 0.6199695980719541, -0.10947804373632322], "world_orientation": [0.99960229913154, -0.00020863488363141201, 0.028199291523453244, 0.00018992776466459605, 0.9999997601414032, 0.000666066498347189, -0.028199423724317118, -0.0006604457747181696, 0.9996020989938924], "world_rotation": [-0.023513167093941696, 0.9996985647483134, 0.00706474439556596, 0.028211602561795]}, {"color": "CVGreen", "id_name": "object138667404960159", "shape": "CVSphere", "id_string": "ob5651", "world_size": [0.04, 0.04, 0.04], "id": 5651, "camera_size": [16, 16], "camera_position": [289, 277], "world_position": [0.6450245350255277, 0.6199796456771568, -0.06499475818287768], "world_orientation": [0.9999999459611344, 0.00032874316368205434, -2.379210622326979e-06, -0.00032874365589116315, 0.99999992392991, -0.00020992327952497076, 2.3101995982750354e-06, 0.00020992405033135324, 0.999999977963278], "world_rotation": [-0.5381850111316907, 0.006011161944603577, 0.8428052917045893, -0.0003900585596204166]}, {"color": "CVBlue", "id_name": "object222408668445157", "shape": "CVSphere", "id_string": "ob5658", "world_size": [0.04, 0.04, 0.04], "id": 5658, "camera_size": [17, 16], "camera_position": [218, 259], "world_position": [0.6901868821964214, 0.6207156104815914, -0.24609848529818085], "world_orientation": [0.9999555280493704, 0.0001581785253366064, 0.009429575974510414, -0.0005158025706668677, 0.999280059527262, 0.0379354264362521, -0.009416786671313902, -0.03793860317336847, 0.9992357011826792], "world_rotation": [-0.9704729376638831, 0.24105593198720665, -0.008620609944321187, 0.039101227946165974]}, {"color": "CVRed", "id_name": "object23405345721696", "shape": "CVCone", "id_string": "ob5665", "world_size": [0.04, 0.04, 0.04], "id": 5665, "camera_size": [16, 16], "camera_position": [236, 260], "world_position": [0.6897193393432485, 0.619972968240309, -0.2001841951715324], "world_orientation": [0.999948752402948, -0.0011985653354282394, -0.01005266178307262, 0.0012013321501803701, 0.9999992421664309, 0.0002691981226079394, 0.01005233151328994, -0.00028126091264593243, 0.9999494344832872], "world_rotation": [0.0271761789728525, 0.9925841181223585, -0.11848301037572899, -0.0101277748829393]}, {"color": "CVYellow", "id_name": "object95695775999786", "shape": "CVCylinder", "id_string": "ob5672", "world_size": [0.04, 0.04, 0.04], "id": 5672, "camera_size": [16, 16], "camera_position": [254, 265], "world_position": [0.675152968338811, 0.6199736681150486, -0.15425290635395267], "world_orientation": [0.999999771594625, 7.083088869042619e-05, -0.0006721559960723366, -7.109160497042445e-05, 0.9999999222534961, -0.0003878646485215115, 0.0006721284710168136, 0.0003879123445796885, 0.9999996988836204], "world_rotation": [-0.49775615879014695, 0.8625234811162642, 0.0910606990394837, -0.0007792742067765483]}, {"color": "CVYellow", "id_name": "object137391292235272", "shape": "CVCylinder", "id_string": "ob5679", "world_size": [0.04, 0.04, 0.04], "id": 5679, "camera_size": [17, 17], "camera_position": [274, 260], "world_position": [0.6899875530740281, 0.61996763802724, -0.104539366412665], "world_orientation": [0.9990179361951643, -0.0004252815987247884, 0.04430555603890797, 0.00044552767515243594, 0.9999998008072517, -0.0004470912072391505, -0.04430535707389911, 0.0004663914865254117, 0.9990179266727579], "world_rotation": [0.01030787321368986, 0.9998985902534433, 0.009826340060630913, 0.04432446232617089]}, {"color": "CVPurple", "id_name": "object111051018458151", "shape": "CVCone", "id_string": "ob5686", "world_size": [0.04, 0.04, 0.04], "id": 5686, "camera_size": [18, 18], "camera_position": [290, 259], "world_position": [0.6914545959079113, 0.6199832088129524, -0.06181242768009703], "world_orientation": [0.9956432734635722, -0.00041577074083286433, 0.09324322571336566, 0.00039322661477288634, 0.9999998888472984, 0.00026015038076777485, -0.09324332351204573, -0.0002223512587026516, 0.9956433262872533], "world_rotation": [-0.002587293756412447, 0.9999872435570917, 0.004338044963764792, 0.0933801149590992]}, {"color": "CVBlue", "id_name": "object128285386513676", "shape": "CVCone", "id_string": "ob5693", "world_size": [0.04, 0.04, 0.04], "id": 5693, "camera_size": [17, 16], "camera_position": [218, 242], "world_position": [0.7351983116733244, 0.6203381671547272, -0.2457127404521579], "world_orientation": [0.9999553265054982, 0.0003914841009061213, 0.009444137519175609, -0.0005634242577345011, 0.9998340211704251, 0.018210235124338413, -0.009435440974758893, -0.018214742665671392, 0.9997895756624167], "world_rotation": [-0.8875883116255321, 0.46004951042767733, -0.023268799302752028, 0.020520512614270965]}, {"color": "CVGreen", "id_name": "object67651481529519", "shape": "CVCone", "id_string": "ob5700", "world_size": [0.04, 0.04, 0.04], "id": 5700, "camera_size": [16, 16], "camera_position": [236, 242], "world_position": [0.7350085847299572, 0.6199720450381464, -0.20001129608736845], "world_orientation": [0.9999999527100055, 0.0003068750043265134, -2.0192047793731862e-05, -0.00030686279214597623, 0.9999997716853181, 0.0006020502790110219, 2.037679736556647e-05, -0.0006020440543519024, 0.9999998185638549], "world_rotation": [0.8905392096027772, 0.03000441601760255, 0.45391590760789996, -0.0006760479561703183]}, {"color": "CVBlue", "id_name": "object125796268284768", "shape": "CVCylinder", "id_string": "ob5707", "world_size": [0.04, 0.04, 0.04], "id": 5707, "camera_size": [16, 16], "camera_position": [254, 234], "world_position": [0.7551338964582784, 0.6199825941567442, -0.1542788012295223], "world_orientation": [0.9999886934114087, 0.0005672737928482316, 0.004721361010119042, -0.0005763131244360893, 0.9999980033409335, 0.0019134203221150762, -0.004720266149967334, -0.0019161196701740295, 0.9999870237022493], "world_rotation": [-0.37351591913179105, 0.9208933850802593, -0.11154026838122066, 0.005126363522033805]}, {"color": "CVRed", "id_name": "object118056738792768", "shape": "CVCone", "id_string": "ob5714", "world_size": [0.04, 0.04, 0.04], "id": 5714, "camera_size": [16, 16], "camera_position": [271, 242], "world_position": [0.7350921299994199, 0.619970901042797, -0.10959718218420626], "world_orientation": [0.999999974311295, -9.606021776736188e-05, 0.00020530427177647842, 9.618480837999796e-05, 0.9999998111893811, -0.0006069346626708025, -0.0002052459307369726, 0.0006069543942314814, 0.9999997947402147], "world_rotation": [0.9368044791626972, 0.31683724838678845, 0.14836281830497958, 0.0006478882033691526]}, {"color": "CVYellow", "id_name": "object165979273359622", "shape": "CVCapsule", "id_string": "ob5721", "world_size": [0.04, 0.08, 0.04], "id": 5721, "camera_size": [17, 17], "camera_position": [290, 242], "world_position": [0.7350764637984101, 0.639974886389409, -0.06508485669043886], "world_orientation": [0.9999911339535243, -5.198232576856391e-10, -0.004210939841043157, 5.198492378337678e-10, 1.0, 5.075147456865056e-12, 0.004210939841043157, -7.264156327312453e-12, 0.9999911339535243], "world_rotation": [1.4651484288505836e-09, 0.9999999999999925, -1.2344898464066465e-07, -0.004210952285883435]}, {"color": "CVPurple", "id_name": "object35258376509200", "shape": "CVCapsule", "id_string": "ob5728", "world_size": [0.04, 0.08, 0.04], "id": 5728, "camera_size": [18, 18], "camera_position": [217, 224], "world_position": [0.7795463655163426, 0.6399748862693464, -0.24571811635656868], "world_orientation": [0.9997424131988506, -2.9459208403433203e-10, 0.022695974342130384, 2.805917241647136e-10, 1.0, 6.200498988118437e-10, -0.022695974342130384, -6.135218795695988e-10, 0.9997424131988506], "world_rotation": [-2.7176003986124776e-08, 0.9999999999999996, 1.2671494061643688e-08, 0.022697923270749105]}, {"color": "CVRed", "id_name": "object41089858045980", "shape": "CVCylinder", "id_string": "ob5735", "world_size": [0.04, 0.04, 0.04], "id": 5735, "camera_size": [17, 18], "camera_position": [235, 224], "world_position": [0.7804385208825553, 0.6199874431820838, -0.2044912475111228], "world_orientation": [0.99869813663979, 1.8392519266201802e-10, 0.05101011539108101, -2.1134126735470526e-10, 1.0, 5.320697087653367e-10, -0.05101011539108101, -5.42157569141078e-10, 0.99869813663979], "world_rotation": [-1.0529551537676394e-08, 1.0, -3.874392921740328e-09, 0.051032262991512534]}, {"color": "CVYellow", "id_name": "object250789794805457", "shape": "CVCone", "id_string": "ob5742", "world_size": [0.04, 0.04, 0.04], "id": 5742, "camera_size": [16, 17], "camera_position": [250, 219], "world_position": [0.7951721758096872, 0.6199874431819093, -0.16435227605760905], "world_orientation": [0.9999659274018106, -5.746688142432332e-10, 0.008254940062593804, 5.727532960133624e-10, 1.0, 2.3440914266092693e-10, -0.008254940062593804, -2.296731116031598e-10, 0.9999659274018106], "world_rotation": [-2.8109365467534666e-08, 0.9999999999999972, 6.949911819808285e-08, 0.00825503381962359]}, {"color": "CVPurple", "id_name": "object218850428442855", "shape": "CVCone", "id_string": "ob5749", "world_size": [0.04, 0.04, 0.04], "id": 5749, "camera_size": [16, 16], "camera_position": [271, 224], "world_position": [0.7799999446177301, 0.6199874431916381, -0.1096487133918507], "world_orientation": [0.9999999999959167, -2.499200503500868e-10, 2.857719910940042e-06, 2.4992100482105465e-10, 1.0, -3.339964004440932e-10, -2.857719910939958e-06, 3.339971146482957e-10, 0.9999999999959167], "world_rotation": [0.00011687525873657445, 0.9999999893459403, 8.745452063589229e-05, 2.8577199413902086e-06]}, {"color": "CVBlue", "id_name": "object255486244966591", "shape": "CVCylinder", "id_string": "ob5756", "world_size": [0.04, 0.04, 0.04], "id": 5756, "camera_size": [16, 16], "camera_position": [289, 224], "world_position": [0.78, 0.6199874431539305, -0.065], "world_orientation": [1.0, 4.228388472693457e-17, -1.6957377686420176e-17, -4.228388472693457e-17, 1.0, 1.0733601507606494e-16, 1.6957377686420176e-17, -1.0733601507606494e-16, 1.0], "world_rotation": [0.92051720276698, 0.14542702990328832, 0.3626279889688094, -1.1660402951017529e-16]}, {"color": "CVGreen", "id_name": "object94069636378908", "shape": "CVCapsule", "id_string": "ob5763", "world_size": [0.04, 0.08, 0.04], "id": 5763, "camera_size": [18, 19], "camera_position": [233, 280], "world_position": [0.6419141326581157, 0.6799343870778504, -0.20391909613939063], "world_orientation": [0.998701925372733, -0.00040257674252176264, -0.050934292856216624, 0.0004234329702302669, 0.9999998308780882, 0.00039868322615907177, 0.05093412374151716, -0.0004197329644895644, 0.9987019269346198], "world_rotation": [0.008033528990597389, 0.9999348587123532, -0.008108066592193472, -0.0509595795461218]}, {"color": "CVRed", "id_name": "object48543646429492", "shape": "CVCone", "id_string": "ob5770", "world_size": [0.04, 0.04, 0.04], "id": 5770, "camera_size": [17, 18], "camera_position": [251, 284], "world_position": [0.6305213565424498, 0.6999499612413607, -0.16244533348454035], "world_orientation": [0.9992040253650094, -0.00010624781693039193, -0.039891156987023155, 0.0001293509926095695, 0.9999998254149203, 0.0005765747563254297, 0.03989108876281318, -0.0005812757781968345, 0.9992038646621556], "world_rotation": [0.01451104271204087, 0.9998903495917109, -0.002952699235528679, -0.03990608830272844]}, {"color": "CVPurple", "id_name": "object258887293083210", "shape": "CVBox", "id_string": "ob5777", "world_size": [0.04, 0.04, 0.04], "id": 5777, "camera_size": [18, 24], "camera_position": [270, 294], "world_position": [0.6042783796333487, 0.6488477032393664, -0.11400391940869076], "world_orientation": [0.7374109361249557, -0.6744405805226097, -0.036810523327466316, 0.6747969115084315, 0.7379948839652779, -0.003560822904648501, 0.029567541358703993, -0.0222138377008913, 0.9993159189728742], "world_rotation": [0.013806840419467033, 0.04913261242143091, -0.9986968296506586, -0.7416412796864743]}, {"color": "CVGreen", "id_name": "object246748337720259", "shape": "CVSphere", "id_string": "ob5784", "world_size": [0.04, 0.04, 0.04], "id": 5784, "camera_size": [21, 16], "camera_position": [231, 261], "world_position": [0.685954759921937, 0.6630560778706256, -0.21227595208708436], "world_orientation": [0.9999572884932675, 0.000864821197084869, 0.009201808164127027, -0.0033894946767205865, 0.9605582304722361, 0.2780582622363219, -0.008598401888072277, -0.2780775754287709, 0.9605201348897521], "world_rotation": [-0.9994589575382519, 0.03198962947150798, -0.0076456394648543, 0.28193882555713795]}, {"color": "CVGreen", "id_name": "object6044629117246", "shape": "CVCylinder", "id_string": "ob5791", "world_size": [0.04, 0.04, 0.04], "id": 5791, "camera_size": [17, 17], "camera_position": [252, 264], "world_position": [0.6803829852812356, 0.6599629395682378, -0.16075531925886757], "world_orientation": [0.998332862424358, -6.449392752534591e-05, -0.05771907521886949, 3.412886979986816e-05, 0.9999998605166348, -0.0005270691904807045, 0.0577191011607808, 0.0005242206068251772, 0.9983327253746355], "world_rotation": [-0.009106569890451797, 0.9999581694044714, -0.0008542985948646187, -0.05775360334627208]}, {"color": "CVPurple", "id_name": "object19408243801896", "shape": "CVCapsule", "id_string": "ob5798", "world_size": [0.04, 0.08, 0.04], "id": 5798, "camera_size": [19, 19], "camera_position": [272, 258], "world_position": [0.6948906519738743, 0.679955505905132, -0.11162581362308158], "world_orientation": [0.9941131380393687, -0.00041080840976322446, -0.10834620442807143, 0.00034036300447497193, 0.9999997185098802, -0.0006686801817934522, 0.1083464486291275, 0.000627866714204826, 0.994112998030327], "world_rotation": [-0.005983201922953164, 0.9999760922364488, -0.0034664463460667553, -0.10856203817489407]}, {"color": "CVRed", "id_name": "object216216916659423", "shape": "CVSphere", "id_string": "ob5805", "world_size": [0.04, 0.04, 0.04], "id": 5805, "camera_size": [22, 17], "camera_position": [230, 244], "world_position": [0.7298621362246778, 0.6636515130373875, -0.2127207564284244], "world_orientation": [0.9999999651435343, -0.00016043892536280358, -0.0002096956886559808, 0.00022049611389469937, 0.9443322715607008, 0.3289931796716624, 0.00014523909380677463, -0.3289932144412073, 0.9443322740207747], "world_rotation": [0.9999996869239843, 0.0005394255481828444, -0.0005789404209633759, -0.3352373326948258]}, {"color": "CVBlue", "id_name": "object8884130268159", "shape": "CVSphere", "id_string": "ob5812", "world_size": [0.04, 0.04, 0.04], "id": 5812, "camera_size": [16, 16], "camera_position": [252, 240], "world_position": [0.7387319340895095, 0.6599629505494146, -0.1589870181751307], "world_orientation": [0.999955799194954, 0.0002363103533979543, 0.009399138992356445, -0.0002548138416652864, 0.9999980320290951, 0.0019674876983238492, -0.009398655557411078, -0.001969795764498653, 0.999953891526184], "world_rotation": [-0.20493888800803453, 0.9784408840279935, -0.025563423959815375, 0.009606141752366256]}, {"color": "CVGreen", "id_name": "object128645212315219", "shape": "CVSphere", "id_string": "ob5819", "world_size": [0.04, 0.04, 0.04], "id": 5819, "camera_size": [18, 18], "camera_position": [270, 240], "world_position": [0.7373469162812555, 0.6599602571279768, -0.11388805967753511], "world_orientation": [0.9934252636173757, -0.00013509975421930275, -0.11448243251610268, 0.0001001537974486879, 0.9999999466230262, -0.0003110034753177919, 0.11448246842186993, 0.00029749285909584644, 0.993425224122095], "world_rotation": [-0.00265758577797588, 0.9999959407722177, -0.0010274613958580865, -0.11473447699268242]}, {"color": "CVYellow", "id_name": "object136541244731191", "shape": "CVSphere", "id_string": "ob5826", "world_size": [0.04, 0.04, 0.04], "id": 5826, "camera_size": [23, 23], "camera_position": [248, 263], "world_position": [0.6832498475576867, 0.6999617925984559, -0.16885261812961969], "world_orientation": [6.625535033361052e-05, 0.8492828897260194, 0.5279380350276447, -0.9999997197554531, 0.0004499638006728035, -0.0005983490564855365, -0.000745720620517587, -0.5279378474320628, 0.8492826815316301], "world_rotation": [-0.2644164702537594, 0.2650905023796001, -0.9272599181495306, 1.6459676519074045]}, {"color": "CVBlue", "id_name": "object196768899979965", "shape": "CVCapsule", "id_string": "ob5833", "world_size": [0.04, 0.08, 0.04], "id": 5833, "camera_size": [34, 19], "camera_position": [281, 276], "world_position": [0.6514330143047492, 0.6599600222080347, -0.08681942302915908], "world_orientation": [0.9974043337389814, -0.072004019520098, -0.00012732497058603326, -0.00013819028449214843, -0.00014591714029717293, -0.9999999798058166, 0.07200399948714001, 0.9974043311922891, -0.0001554886440412592], "world_rotation": [-0.9987032032674008, 0.03606570006642963, -0.03593295231610004, -1.5722448633241424]}, {"color": "CVYellow", "id_name": "object213322850702967", "shape": "CVCylinder", "id_string": "ob5840", "world_size": [0.04, 0.04, 0.04], "id": 5840, "camera_size": [17, 17], "camera_position": [245, 241], "world_position": [0.735586093945264, 0.6999123767338692, -0.1769266701655427], "world_orientation": [0.9998595359391863, 0.00027664931939402985, -0.01675803856747969, -0.00023413939763968863, 0.9999967503460487, 0.0025385972671601656, 0.01675868641085962, -0.002534316968423436, 0.9998563515161996], "world_rotation": [0.14963331795957358, 0.9886267602295594, 0.015066489784106558, -0.016951963905358056]}, {"color": "CVBlue", "id_name": "object188972759402544", "shape": "CVCylinder", "id_string": "ob5847", "world_size": [0.04, 0.04, 0.04], "id": 5847, "camera_size": [23, 25], "camera_position": [221, 139], "world_position": [0.9995424719835612, 0.6199874431869458, -0.23912673024240583], "world_orientation": [-0.6603489694483125, -0.7509588793992328, -2.7955587844630253e-10, -1.9718032762128246e-10, 5.456542995219137e-10, -1.0, 0.750958879399233, -0.6603489694483126, -5.083961029939131e-10], "world_rotation": [-0.30461776144517994, 0.6735013066015747, -0.6735013061740114, -2.550216913270117]}], "source": "manual check"}
