{"timestamp": 1721664788.328633, "objects": [{"color": "cv_", "id_name": "hand", "shape": "CVBox", "id_string": "ob383", "world_size": [0.12, 0.005, 0.12], "id": 383, "camera_size": [48, 49], "camera_position": [246, 391], "world_position": [0.3626430165036013, 0.6554827904162207, -0.17408986621786898], "world_orientation": [-4.072038555150484e-06, -0.0015808235997616356, 0.9999987504893019, -0.0007631201692889759, -0.9999984593168054, -0.0015808262469269824, 0.9999997088154705, -0.0007631256529479033, 2.865673908726605e-06], "world_rotation": [0.0, 1.0, 0.0, 0.0]}, {"color": "CVPurple", "id_name": "object181859042145574", "shape": "CVCylinder", "id_string": "ob9403", "world_size": [0.04, 0.04, 0.04], "id": 9403, "camera_size": [15, 16], "camera_position": [256, 250], "world_position": [0.7134568486752978, 0.6199669490954063, -0.15007477882726206], "world_orientation": [0.999988791908421, 0.00031101911442971093, -0.004724333248954545, -0.0003082978604285451, 0.9999997861701051, 0.0005767253881270392, 0.004724511611370347, -0.0005752624223034746, 0.9999886739674503], "world_rotation": [0.12076690935024119, 0.9905554385032085, 0.06492516351698324, -0.004769486046340731]}, {"color": "CVBlue", "id_name": "object252427675656442", "shape": "CVCone", "id_string": "ob9410", "world_size": [0.04, 0.04, 0.04], "id": 9410, "camera_size": [17, 17], "camera_position": [219, 295], "world_position": [0.6, 0.6199874431539305, -0.245], "world_orientation": [1.0, 3.2526065174562914e-18, -5.85631424552212e-17, -3.2526065174562914e-18, 1.0, 6.830473686658622e-17, 5.85631424552212e-17, -6.830473686658622e-17, 1.0], "world_rotation": [0.7586719037870137, 0.650470418545561, 0.03612723351366515, -9.003198421561925e-17]}, {"color": "CVPurple", "id_name": "object204825607416231", "shape": "CVCapsule", "id_string": "ob9417", "world_size": [0.04, 0.08, 0.04], "id": 9417, "camera_size": [18, 20], "camera_position": [235, 296], "world_position": [0.5981073022275515, 0.6408776497653932, -0.2001643809983899], "world_orientation": [0.999010102528738, -0.030872231900524797, -0.032026869078955446, 0.03147213593865683, 0.999335264416881, 0.018399292168490927, 0.03143755246483158, -0.019389032733042825, 0.9993176400447947], "world_rotation": [0.39095416424725915, 0.6565964474143692, -0.6450084857585648, -0.04834716413073622]}, {"color": "CVPurple", "id_name": "object81069037990407", "shape": "CVCone", "id_string": "ob9424", "world_size": [0.04, 0.04, 0.04], "id": 9424, "camera_size": [15, 17], "camera_position": [254, 298], "world_position": [0.5933793217078656, 0.6199874431870864, -0.1549855094596631], "world_orientation": [0.9999944831989462, 6.871207047009139e-11, -0.003321682054700666, -6.670226859048248e-11, 1.0, 6.051662470001827e-10, 0.003321682054700666, -6.049413446898107e-10, 0.9999944831989462], "world_rotation": [1.8215283277601686e-07, 0.9999999999999831, 2.038339865625316e-08, -0.0033216881630672213]}, {"color": "CVBlue", "id_name": "object156177151649836", "shape": "CVBox", "id_string": "ob9431", "world_size": [0.04, 0.04, 0.04], "id": 9431, "camera_size": [16, 17], "camera_position": [271, 295], "world_position": [0.5999914195108369, 0.6199874401711364, -0.10999999902899239], "world_orientation": [0.9999999294169537, -0.00037517688219147543, -2.0208785272973072e-05, 0.0003751768811418839, 0.99999992962115, -5.57282996372956e-08, 2.0208804758671723e-05, 4.8146426668650234e-08, 0.9999999997958011], "world_rotation": [-0.0001382339451886101, 0.05378674027630429, -0.9985524360101605, -0.00037572077035111744]}, {"color": "CVGreen", "id_name": "object256018686339560", "shape": "CVCapsule", "id_string": "ob9438", "world_size": [0.04, 0.08, 0.04], "id": 9438, "camera_size": [17, 18], "camera_position": [290, 295], "world_position": [0.6, 0.6399748858658902, -0.065], "world_orientation": [1.0, -1.5612511283791513e-17, -1.789043210782128e-17, 1.5612511283791513e-17, 1.0, -1.4831885719601688e-16, 1.789043210782128e-17, 1.4831885719601688e-16, 1.0], "world_rotation": [-0.9874262572950706, 0.11910476355862816, -0.10393960603106182, -1.5020752800550153e-16]}, {"color": "CVGreen", "id_name": "object184273190428511", "shape": "CVSphere", "id_string": "ob9445", "world_size": [0.04, 0.04, 0.04], "id": 9445, "camera_size": [17, 16], "camera_position": [219, 277], "world_position": [0.645, 0.6199874431539305, -0.245], "world_orientation": [1.0, -2.244298497044988e-16, -1.8357185931148717e-17, 2.244298497044988e-16, 1.0, -2.699663409488906e-16, 1.8357185931148717e-17, 2.699663409488906e-16, 1.0], "world_rotation": [-0.7679310457720523, 0.0522178170063351, -0.6384005079309815, -3.515502367500658e-16]}, {"color": "CVYellow", "id_name": "object106215327928779", "shape": "CVCapsule", "id_string": "ob9452", "world_size": [0.04, 0.08, 0.04], "id": 9452, "camera_size": [17, 17], "camera_position": [236, 278], "world_position": [0.6450238925214061, 0.6399536336136031, -0.19998659567093865], "world_orientation": [0.9999999431685245, 0.0003359312574892237, 2.8515574981741456e-05, -0.00033592247908262215, 0.999999896363048, -0.00030729461669859297, -2.8618801893435964e-05, 0.0003072850202119504, 0.9999999523784392], "world_rotation": [0.6736318131642616, 0.06262416060823403, -0.7364091218888748, 0.000456168819683793]}, {"color": "CVRed", "id_name": "object107616216424878", "shape": "CVCapsule", "id_string": "ob9459", "world_size": [0.04, 0.08, 0.04], "id": 9459, "camera_size": [17, 18], "camera_position": [254, 282], "world_position": [0.6335194011019424, 0.6399467685475497, -0.15502818381885244], "world_orientation": [0.9999936899500003, -0.0012752303173956814, -0.003315697184715457, 0.0012752172066274566, 0.9999991868917955, -6.0682719816177e-06, 0.0033157022271392777, 1.839999588575375e-06, 0.9999945030425695], "world_rotation": [-0.0011130651798808972, 0.9333493056862687, -0.3589677348465532, -0.0035524820769997022]}, {"color": "CVYellow", "id_name": "object9650305423580", "shape": "CVCylinder", "id_string": "ob9466", "world_size": [0.04, 0.04, 0.04], "id": 9466, "camera_size": [16, 16], "camera_position": [271, 277], "world_position": [0.6450057646288361, 0.6199748872283509, -0.11000217796677367], "world_orientation": [0.9999999760033346, 0.00021822358912677192, 1.9281996729303575e-05, -0.0002182257698118075, 0.9999999697856291, 0.00011316472358373327, -1.925730093452917e-05, -0.00011316892869674349, 0.9999999934109751], "world_rotation": [-0.4589518551829588, 0.07814870648729431, -0.8850174994306516, 0.00024657668556952084]}, {"color": "CVRed", "id_name": "object65076344884762", "shape": "CVCylinder", "id_string": "ob9473", "world_size": [0.04, 0.04, 0.04], "id": 9473, "camera_size": [16, 16], "camera_position": [289, 277], "world_position": [0.645, 0.6199874431539305, -0.065], "world_orientation": [1.0, 3.5778671692020784e-17, -3.6332864841185517e-17, -3.5778671692020784e-17, 1.0, 1.0733601507606489e-16, 3.6332864841185517e-17, -1.0733601507606489e-16, 1.0], "world_rotation": [0.9032531890035577, 0.3057480381601587, 0.3010843963345121, -1.18832699826363e-16]}, {"color": "CVYellow", "id_name": "object191266114152879", "shape": "CVCylinder", "id_string": "ob9480", "world_size": [0.04, 0.04, 0.04], "id": 9480, "camera_size": [20, 16], "camera_position": [217, 259], "world_position": [0.6900816715161807, 0.6241287175049979, -0.24785918716172772], "world_orientation": [0.9999877251131641, -0.001230113705625537, 0.0047996294930399384, 6.199746319227963e-05, 0.9717217253048809, 0.23612895783198748, -0.004954369719125161, -0.23612576181089853, 0.9717098737945958], "world_rotation": [-0.9997830316014974, 0.02064962507934555, 0.0027354534910814647, 0.23843130660216574]}, {"color": "CVGreen", "id_name": "object239783181679547", "shape": "CVSphere", "id_string": "ob9487", "world_size": [0.04, 0.04, 0.04], "id": 9487, "camera_size": [16, 15], "camera_position": [236, 260], "world_position": [0.6900094905658508, 0.6199764763809285, -0.19998929585429925], "world_orientation": [0.999999998369532, -5.6666537827572045e-05, 7.059712541743398e-06, 5.6669086829011695e-05, 0.9999999330215107, -0.0003615875953470399, -7.039222151746159e-06, 0.0003615879948249459, 0.9999999346022835], "world_rotation": [0.9877580008799745, 0.01925719802581638, 0.1548008140217326, 0.00036606922225861446]}, {"color": "CVPurple", "id_name": "object120762027024937", "shape": "CVCone", "id_string": "ob9494", "world_size": [0.04, 0.04, 0.04], "id": 9494, "camera_size": [16, 16], "camera_position": [253, 266], "world_position": [0.6735324699140655, 0.6199711025760992, -0.15517670062652625], "world_orientation": [0.9999889603100552, -0.0001879324323907928, -0.004695097380852079, 0.0001903073114285356, 0.999999854187383, 0.0005053794020610574, 0.004695001719067333, -0.0005062673341885982, 0.9999888502639639], "world_rotation": [0.10702982208310079, 0.9934501837398694, -0.04001686659497106, -0.004726021600672246]}, {"color": "CVGreen", "id_name": "object143397677933066", "shape": "CVCapsule", "id_string": "ob9501", "world_size": [0.04, 0.08, 0.04], "id": 9501, "camera_size": [17, 17], "camera_position": [272, 260], "world_position": [0.6897411317621703, 0.6400311217867302, -0.11001809473539449], "world_orientation": [0.9999794522746499, -0.006407953770678996, 0.00018209053777218688, 0.006407877429453294, 0.9999793824863542, 0.0004167841877779931, -0.00018475751732567678, -0.00041560880996386235, 0.9999998965669833], "world_rotation": [-0.06478737977240662, 0.028552768138211546, 0.9974905186786847, 0.006424080785529029]}, {"color": "CVBlue", "id_name": "object133992046893593", "shape": "CVSphere", "id_string": "ob9508", "world_size": [0.04, 0.04, 0.04], "id": 9508, "camera_size": [16, 15], "camera_position": [289, 260], "world_position": [0.69, 0.6199874431539305, -0.065], "world_orientation": [1.0, 4.228388472693457e-17, -1.6957377686420176e-17, -4.228388472693457e-17, 1.0, 1.0733601507606494e-16, 1.6957377686420176e-17, -1.0733601507606494e-16, 1.0], "world_rotation": [0.92051720276698, 0.14542702990328832, 0.3626279889688094, -1.1660402951017529e-16]}, {"color": "CVPurple", "id_name": "object102233632099882", "shape": "CVSphere", "id_string": "ob9515", "world_size": [0.04, 0.04, 0.04], "id": 9515, "camera_size": [17, 16], "camera_position": [219, 242], "world_position": [0.7349981584037346, 0.619987443153964, -0.24497278141653403], "world_orientation": [0.99999999551052, 3.166197467822373e-14, -9.475737645090787e-05, -3.1304397795503676e-14, 1.0, 3.7736061780282916e-12, 9.475737645090787e-05, -3.773603194764137e-12, 0.99999999551052], "world_rotation": [3.9823862033065574e-08, 0.9999999999999991, 3.322505056181517e-10, -9.475737659271171e-05]}, {"color": "CVYellow", "id_name": "object190949996580443", "shape": "CVCapsule", "id_string": "ob9522", "world_size": [0.04, 0.08, 0.04], "id": 9522, "camera_size": [17, 17], "camera_position": [236, 242], "world_position": [0.7349929755977084, 0.6399454191310093, -0.20002063826520963], "world_orientation": [0.9999999574866221, -0.00028900392614415705, 3.8774794340723635e-05, 0.00028897632471122463, 0.9999997062199062, 0.0007099667493474829, -3.8979966127430947e-05, -0.0007099555141668394, 0.9999997472218332], "world_rotation": [-0.9250187760502117, 0.05065390916705227, 0.37652947486307703, 0.0007675100439492333]}, {"color": "CVGreen", "id_name": "object135239773611861", "shape": "CVCylinder", "id_string": "ob9529", "world_size": [0.04, 0.04, 0.04], "id": 9529, "camera_size": [16, 17], "camera_position": [254, 235], "world_position": [0.7534497703514147, 0.6199718302044486, -0.15487082190112758], "world_orientation": [0.9999917274653901, 0.00033503560795184313, -0.004053733085226849, -0.00033563987492922693, 0.9999999326638898, -0.00014838494105324395, 0.004053683098025293, 0.000149744307999405, 0.9999917725811465], "world_rotation": [-0.036622649309438794, 0.9959273054502529, 0.08238679394269824, -0.004070296358618059]}, {"color": "CVGreen", "id_name": "object99499395479971", "shape": "CVBox", "id_string": "ob9536", "world_size": [0.04, 0.04, 0.04], "id": 9536, "camera_size": [16, 16], "camera_position": [271, 242], "world_position": [0.7350941929580004, 0.6199638305587478, -0.10989142983023456], "world_orientation": [0.9999949079907561, 0.0003746270654997387, -0.003169171361924951, -0.0003775200203429497, 0.9999995125992913, -0.0009122937105990749, 0.003168828047352909, 0.0009134854908280837, 0.9999945620217464], "world_rotation": [-0.27502965983808036, 0.9547363778846227, 0.11330108098822651, -0.0033192466497295025]}, {"color": "CVGreen", "id_name": "object56703770199419", "shape": "CVCapsule", "id_string": "ob9543", "world_size": [0.04, 0.08, 0.04], "id": 9543, "camera_size": [17, 17], "camera_position": [290, 242], "world_position": [0.735, 0.6399748858658902, -0.065], "world_orientation": [1.0, -9.627715291671303e-17, 2.6597159133585094e-18, 9.627715291671303e-17, 1.0, -2.1076890233118206e-16, -2.6597159133585094e-18, 2.1076890233118206e-16, 1.0], "world_rotation": [0.9095358415233338, 0.01147753261849028, 0.41546698933782017, 2.3173237678921624e-16]}, {"color": "CVBlue", "id_name": "object224225284220775", "shape": "CVBox", "id_string": "ob9550", "world_size": [0.04, 0.04, 0.04], "id": 9550, "camera_size": [17, 16], "camera_position": [219, 224], "world_position": [0.78, 0.6199874431539305, -0.245], "world_orientation": [1.0, -2.2442984970449937e-16, -1.4488340486922525e-17, 2.2442984970449937e-16, 1.0, -5.952269926945416e-16, 1.4488340486922525e-17, 5.952269926945416e-16, 1.0], "world_rotation": [-0.9354546928465729, 0.022769777356192403, -0.3527124251716587, -6.362969764823948e-16]}, {"color": "CVGreen", "id_name": "object253258609176063", "shape": "CVCone", "id_string": "ob9557", "world_size": [0.04, 0.04, 0.04], "id": 9557, "camera_size": [16, 16], "camera_position": [236, 224], "world_position": [0.7798954210039156, 0.6199874431863083, -0.2001053884343192], "world_orientation": [0.99998622017034, 1.5386241000266156e-10, -0.005249711366951216, -1.5673053845513201e-10, 1.0, -5.459288200853865e-10, 0.005249711366951216, 5.467440873685153e-10, 0.99998622017034], "world_rotation": [-1.0406980794531452e-07, 0.9999999999999941, 2.9581907151418253e-08, -0.005249735480460292]}, {"color": "CVRed", "id_name": "object212772780021675", "shape": "CVCone", "id_string": "ob9564", "world_size": [0.04, 0.04, 0.04], "id": 9564, "camera_size": [15, 16], "camera_position": [254, 219], "world_position": [0.7934808182253735, 0.6199874330413353, -0.154996232489831], "world_orientation": [0.9999986854057638, 0.00042718140627312707, -0.001564193974792722, -0.0004271814949693348, 0.9999999087579425, 2.773934819535738e-07, 0.0015641939505697832, 3.908016032872992e-07, 0.999998776647818], "world_rotation": [-3.497062895094623e-05, 0.9646724772958445, 0.2634521025252097, -0.0016214774287881934]}, {"color": "CVBlue", "id_name": "object254314391120960", "shape": "CVCapsule", "id_string": "ob9571", "world_size": [0.04, 0.08, 0.04], "id": 9571, "camera_size": [17, 17], "camera_position": [272, 224], "world_position": [0.7802783171870898, 0.6400867423686217, -0.10998962569754621], "world_orientation": [0.9999763695896335, 0.006873435428411472, 0.00012707379073432102, -0.00687341280703643, 0.9999763620469696, -0.0001776054396961292, -0.00012829154649150753, 0.00017672781218603585, 0.9999999761542795], "world_rotation": [0.025762599434992726, 0.018566913654264345, -0.9994956519103558, 0.006876946669720295]}, {"color": "CVRed", "id_name": "object199260519688784", "shape": "CVSphere", "id_string": "ob9578", "world_size": [0.04, 0.04, 0.04], "id": 9578, "camera_size": [16, 16], "camera_position": [289, 224], "world_position": [0.78, 0.6199874431539305, -0.065], "world_orientation": [1.0, 4.228388472693457e-17, -1.6957377686420176e-17, -4.228388472693457e-17, 1.0, 1.0733601507606494e-16, 1.6957377686420176e-17, -1.0733601507606494e-16, 1.0], "world_rotation": [0.92051720276698, 0.14542702990328832, 0.3626279889688094, -1.1660402951017529e-16]}, {"color": "CVRed", "id_name": "object83778485310159", "shape": "CVCone", "id_string": "ob9585", "world_size": [0.04, 0.04, 0.04], "id": 9585, "camera_size": [18, 18], "camera_position": [233, 281], "world_position": [0.6373417976171827, 0.699943783024647, -0.20464040265301264], "world_orientation": [0.9988717193106563, 7.676431240845776e-05, -0.04748981436701822, -8.501004748903465e-05, 0.9999999816613093, -0.0001716119846324758, 0.04748980032244118, 0.00017545546951874068, 0.9988717075183946], "world_rotation": [-0.0036540960368594442, 0.9999918732454106, 0.0017032396449058649, -0.04750806234526287]}, {"color": "CVGreen", "id_name": "object195708271232980", "shape": "CVCapsule", "id_string": "ob9592", "world_size": [0.04, 0.08, 0.04], "id": 9592, "camera_size": [18, 20], "camera_position": [251, 286], "world_position": [0.6274141983325652, 0.7199086446898949, -0.15961948371604337], "world_orientation": [0.9988297605812702, -0.0017617376921290873, -0.04833224242125139, 0.0017791123476940136, 0.9999983673027129, 0.0003164666852479993, 0.048331605978042605, -0.0004020848327415979, 0.9988312641239112], "world_rotation": [0.007428321212454646, 0.999302203898999, -0.03660499045987627, -0.048384549928501705]}, {"color": "CVYellow", "id_name": "object176646568852380", "shape": "CVCone", "id_string": "ob9599", "world_size": [0.04, 0.04, 0.04], "id": 9599, "camera_size": [17, 17], "camera_position": [270, 280], "world_position": [0.6399980300701548, 0.6599624231677272, -0.11497216291843389], "world_orientation": [0.9999995123900106, 0.00011559014034829689, -0.0009807439321489677, -0.00011540669744453423, 0.9999999758375955, 0.00018709917876306236, 0.0009807655352721686, -0.0001869859031133835, 0.9999995015674942], "world_rotation": [0.18609543216046442, 0.9757885831628579, 0.11491358099908314, -0.0010050895406655122]}, {"color": "CVRed", "id_name": "object195568218482568", "shape": "CVSphere", "id_string": "ob9606", "world_size": [0.04, 0.04, 0.04], "id": 9606, "camera_size": [17, 16], "camera_position": [231, 261], "world_position": [0.6871501159494733, 0.6599683616636833, -0.21111959833292487], "world_orientation": [0.9999846517529498, -0.00022193580728962936, 0.005535973539419407, 0.00022316180740697777, 0.9999999507133915, -0.00022084388672693938, -0.005535924253403762, 0.00022207591502121694, 0.9999846519946937], "world_rotation": [0.03993978429169735, 0.9983956639547966, 0.040136166072429404, 0.005544873103994923]}, {"color": "CVPurple", "id_name": "object109364882949669", "shape": "CVBox", "id_string": "ob9613", "world_size": [0.04, 0.04, 0.04], "id": 9613, "camera_size": [16, 16], "camera_position": [253, 259], "world_position": [0.6912674917471335, 0.6599484993274063, -0.15677682168425833], "world_orientation": [0.9999631519779438, 0.0008573336529170354, -0.008541643011927454, -0.0008497603070543804, 0.9999992427006011, 0.0008902278613521687, 0.008542399765650636, -0.0008829367090277446, 0.9999631232345579], "world_rotation": [0.10272997314104206, 0.9897802409310378, 0.0989021095879016, -0.008630327293928788]}, {"color": "CVYellow", "id_name": "object64542191818589", "shape": "CVBox", "id_string": "ob9620", "world_size": [0.04, 0.04, 0.04], "id": 9620, "camera_size": [16, 16], "camera_position": [270, 262], "world_position": [0.6843414217596537, 0.6999670302729519, -0.11504286741126192], "world_orientation": [0.9999739355920686, -0.007218201139573294, 0.00016033969593403806, 0.007218083857958834, 0.9999736898174326, 0.0007203737424527812, -0.00016553527993606664, -0.0007191976209666812, 0.9999997276763894], "world_rotation": [-0.0992018111403026, 0.022456259295703454, 0.9948139107817741, 0.0072558352438483265]}, {"color": "CVGreen", "id_name": "object155420951663706", "shape": "CVCapsule", "id_string": "ob9627", "world_size": [0.04, 0.08, 0.04], "id": 9627, "camera_size": [18, 17], "camera_position": [232, 243], "world_position": [0.7299723000343327, 0.719914264878131, -0.2050645770082079], "world_orientation": [0.999999626546911, -0.000495527390432716, 0.0007080668357144596, 0.0004948778780359601, 0.9999994569338595, 0.0009171847536097877, -0.0007085209413548553, -0.0009168340044711281, 0.9999993287065166], "world_rotation": [-0.7277366150048602, 0.5621004633673437, 0.39299171526062165, 0.0012600844904685773]}, {"color": "CVGreen", "id_name": "object239128979915202", "shape": "CVCylinder", "id_string": "ob9634", "world_size": [0.04, 0.04, 0.04], "id": 9634, "camera_size": [17, 16], "camera_position": [252, 238], "world_position": [0.7429641428161509, 0.6599566490537381, -0.16004435118081115], "world_orientation": [0.9999999828901717, -0.0001844326711203136, -1.4291485126741712e-05, 0.00018443718278692519, 0.9999999329580159, 0.0003163335100585278, 1.4233141934372439e-05, -0.00031633614052737106, 0.9999999498644306], "world_rotation": [0.8632357335790939, 0.0389199597979258, -0.5032984253914289, -0.0003664524301622044]}, {"color": "CVRed", "id_name": "object170302366583201", "shape": "CVSphere", "id_string": "ob9641", "world_size": [0.04, 0.04, 0.04], "id": 9641, "camera_size": [17, 17], "camera_position": [271, 244], "world_position": [0.7302091602509739, 0.6599446186014554, -0.11222053304556492], "world_orientation": [0.9999652715844691, 0.00040105881243489603, -0.008324348432654383, -0.00041103287270777023, 0.9999991997161207, -0.0011965028607273354, 0.008323861902796128, 0.0011998828889285026, 0.9999646361767381], "world_rotation": [-0.14230834430901013, 0.9886468607511819, 0.04822571789886677, -0.008419794622720352]}, {"color": "CVYellow", "id_name": "object221687778875357", "shape": "CVCapsule", "id_string": "ob9648", "world_size": [0.04, 0.08, 0.04], "id": 9648, "camera_size": [18, 17], "camera_position": [247, 266], "world_position": [0.6763449628589705, 0.7199187371705501, -0.16997627569290247], "world_orientation": [0.9998631245923553, 0.0009291675153943861, -0.016518738697026643, -0.0009126085494200742, 0.9999990735778584, 0.001009945077899601, 0.01651966180186008, -0.0009947316990948194, 0.9998630462632366], "world_rotation": [0.06047223636077503, 0.9966224914053494, 0.055558242003512844, -0.016575942135076863]}, {"color": "CVPurple", "id_name": "object71796185837741", "shape": "CVSphere", "id_string": "ob9655", "world_size": [0.04, 0.04, 0.04], "id": 9655, "camera_size": [18, 18], "camera_position": [264, 268], "world_position": [0.6710245788443442, 0.7398422140016614, -0.12999117320019601], "world_orientation": [0.9999009554350324, -0.007668043287100224, -0.011801713106848999, 0.007680381982645003, 0.9999700048836538, 0.0010005326511632244, 0.011793686985411991, -0.0010910752185522713, 0.9999298567910441], "world_rotation": [0.07410287705051795, 0.8359535538716578, -0.5437742356733911, -0.014113333996954866]}, {"color": "CVPurple", "id_name": "object210676893892283", "shape": "CVBox", "id_string": "ob9662", "world_size": [0.04, 0.04, 0.04], "id": 9662, "camera_size": [20, 21], "camera_position": [251, 245], "world_position": [0.7264790996425732, 0.6999465836605816, -0.1606078171650392], "world_orientation": [0.9734133247060764, -0.00037978584468103985, 0.22905535367542684, 0.0003211805164583366, 0.9999999054571196, 0.0002931361932435433, -0.2290554433488507, -0.00021177455966585988, 0.9734133546565906], "world_rotation": [-0.0011021566364551824, 0.9999982219881087, 0.0015301213579030826, 0.231107589111667]}, {"color": "CVRed", "id_name": "object83041778316564", "shape": "CVSphere", "id_string": "ob9669", "world_size": [0.04, 0.04, 0.04], "id": 9669, "camera_size": [22, 22], "camera_position": [270, 241], "world_position": [0.7350246243191669, 0.6999379883804236, -0.11469873792010903], "world_orientation": [-0.0003865828049956846, 0.9420955272247877, 0.3353444022744143, -0.9999992139173652, 3.579364912828856e-05, -0.001253348900431439, -0.001192777593020694, -0.3353446231891366, 0.9420947728226442], "world_rotation": [-0.16711654644130133, 0.1683400183625872, -0.9714595710183807, 1.599928455433607]}], "source": "manual check"}
