{"timestamp": 1721663979.344755, "objects": [{"color": "cv_", "id_name": "hand", "shape": "CVBox", "id_string": "ob383", "world_size": [0.12, 0.005, 0.12], "id": 383, "camera_size": [48, 49], "camera_position": [246, 391], "world_position": [0.36267682499975584, 0.6554911822766919, -0.17408986479606622], "world_orientation": [-4.076121402026708e-06, -0.0015809513711477316, 0.9999987502872928, -0.0007631201577313777, -0.9999984591148164, -0.0015809540213915286, 0.9999997088154626, -0.0007631256482112605, 2.8696592618393395e-06], "world_rotation": [0.0, 1.0, 0.0, 0.0]}, {"color": "CVGreen", "id_name": "object132878891486951", "shape": "CVCylinder", "id_string": "ob1759", "world_size": [0.04, 0.04, 0.04], "id": 1759, "camera_size": [16, 16], "camera_position": [255, 248], "world_position": [0.7186482484684288, 0.6199689553013011, -0.15049243388683], "world_orientation": [0.999999835069554, 0.00032881483912214896, 0.0004708945384718818, -0.00032903452429192657, 0.9999998370449343, 0.0004665258695988363, -0.0004707410611085003, -0.00046668073321494674, 0.9999997803059493], "world_rotation": [-0.6305568118715613, 0.6362521866282304, -0.44450113837105937, 0.0007399862077545483]}, {"color": "CVBlue", "id_name": "object168198899619359", "shape": "CVCylinder", "id_string": "ob1766", "world_size": [0.04, 0.04, 0.04], "id": 1766, "camera_size": [17, 17], "camera_position": [219, 295], "world_position": [0.6000000000000034, 0.6199874431539305, -0.24500000120519747], "world_orientation": [0.9999999999999996, 1.076486698914172e-15, 3.011162551743884e-08, -1.0768367407181022e-15, 1.0, 1.186735583612578e-11, -3.011162551743884e-08, -1.1867355836157535e-11, 0.9999999999999996], "world_rotation": [-0.00039411206504359156, 0.9999999223378365, -3.575567966520841e-08, 3.011162785597301e-08]}, {"color": "CVYellow", "id_name": "object136075024921695", "shape": "CVSphere", "id_string": "ob1773", "world_size": [0.04, 0.04, 0.04], "id": 1773, "camera_size": [16, 18], "camera_position": [236, 295], "world_position": [0.5993726113521491, 0.6199874431595975, -0.19941396859282406], "world_orientation": [0.99958042725158, 5.501291391659829e-10, -0.02896496945533949, -5.498772122756712e-10, 1.0, 1.6662899793626684e-11, 0.02896496945533949, -7.287318372120205e-13, 0.99958042725158], "world_rotation": [3.0021836649361065e-10, 0.9999999999999997, 1.8988563981359133e-08, -0.028969021105946617]}, {"color": "CVBlue", "id_name": "object160928270836657", "shape": "CVBox", "id_string": "ob1780", "world_size": [0.04, 0.04, 0.04], "id": 1780, "camera_size": [15, 17], "camera_position": [254, 296], "world_position": [0.5985686129555565, 0.6199874431936948, -0.15508582962002232], "world_orientation": [0.999989593566783, -5.330919297339832e-11, 0.004562100189671989, 5.1497682680247386e-11, 1.0, 3.9719561715100707e-10, -0.004562100189671989, -3.96956546173419e-10, 0.999989593566783], "world_rotation": [-8.703800117348164e-08, 0.999999999999996, 1.1486691578027444e-08, 0.004562116014801531]}, {"color": "CVYellow", "id_name": "object30347696828573", "shape": "CVCapsule", "id_string": "ob1787", "world_size": [0.04, 0.08, 0.04], "id": 1787, "camera_size": [17, 19], "camera_position": [272, 296], "world_position": [0.5996556702535859, 0.6399749946722372, -0.11028962557554414], "world_orientation": [0.9998909497624653, -0.000964447489196642, 0.014736296147814574, 0.0009646146553244812, 0.9999995347502032, -4.236029116025179e-06, -0.014736285206328139, 1.8450414405433578e-05, 0.9998914148835863], "world_rotation": [0.000768103650346666, 0.997864530940831, 0.06531299952549666, 0.014768363749929712]}, {"color": "CVPurple", "id_name": "object18006337149820", "shape": "CVSphere", "id_string": "ob1794", "world_size": [0.04, 0.04, 0.04], "id": 1794, "camera_size": [16, 17], "camera_position": [289, 295], "world_position": [0.6, 0.6199874431539305, -0.065], "world_orientation": [1.0, 2.049142105997599e-16, 5.802954297681148e-18, -2.049142105997599e-16, 1.0, 6.179952383167331e-17, -5.802954297681148e-18, -6.179952383167331e-17, 1.0], "world_rotation": [-0.28863572672225335, 0.027102796704540077, -0.9570553043948448, 2.1410905896324258e-16]}, {"color": "CVPurple", "id_name": "object74081639201823", "shape": "CVCylinder", "id_string": "ob1801", "world_size": [0.04, 0.04, 0.04], "id": 1801, "camera_size": [17, 16], "camera_position": [219, 277], "world_position": [0.6450813468781228, 0.6199874431823117, -0.24494729024887427], "world_orientation": [0.999999774389233, 8.371486100609175e-11, -0.0006717302160278132, -8.332969551069946e-11, 1.0, 5.734211240949332e-10, 0.0006717302160278132, -5.733650196506005e-10, 0.999999774389233], "world_rotation": [8.536061921752407e-07, 0.999999999999628, 1.2433902222273453e-07, -0.0006717302665445907]}, {"color": "CVPurple", "id_name": "object153738725148977", "shape": "CVBox", "id_string": "ob1808", "world_size": [0.04, 0.04, 0.04], "id": 1808, "camera_size": [16, 17], "camera_position": [236, 278], "world_position": [0.6438247140080647, 0.6199732679798203, -0.19961026019625144], "world_orientation": [0.9998107199612897, -0.0014429539367795707, -0.019402116751116482, 0.0014463609170598875, 0.9999989409675457, 0.00016156696741952242, 0.01940186306995347, -0.00018959884939471472, 0.9998117481614682], "world_rotation": [0.009024386787664469, 0.997198776301467, -0.07425066320217756, -0.019457719664852387]}, {"color": "CVGreen", "id_name": "object256174644063276", "shape": "CVCapsule", "id_string": "ob1815", "world_size": [0.04, 0.08, 0.04], "id": 1815, "camera_size": [17, 18], "camera_position": [254, 280], "world_position": [0.6387235425344054, 0.6399482586597387, -0.15491650506510932], "world_orientation": [0.9999986740691419, -0.0014982773662632859, 0.0006379850248451242, 0.0014982801854970433, 0.9999988775698471, -3.941047863118139e-06, -0.0006379784039686825, 4.896922958926187e-06, 0.9999997964797674], "world_rotation": [0.0027135990336297875, 0.3917701469142427, 0.9200591222128487, 0.001628459956449912]}, {"color": "CVGreen", "id_name": "object263865362023736", "shape": "CVSphere", "id_string": "ob1822", "world_size": [0.04, 0.04, 0.04], "id": 1822, "camera_size": [16, 16], "camera_position": [271, 277], "world_position": [0.6450189451134778, 0.6199743965927006, -0.11000313061723134], "world_orientation": [0.9999996754733301, 0.0008041379518482199, -4.914660596596307e-05, -0.000804131520335403, 0.9999996681392258, 0.00013074378121124064, 4.9251725692577746e-05, -0.00013070421844641998, 0.9999999902453374], "world_rotation": [0.16016658681526366, 0.0602801511225982, 0.9852476682786848, -0.0008161753143498625]}, {"color": "CVPurple", "id_name": "object128152583461339", "shape": "CVCapsule", "id_string": "ob1829", "world_size": [0.04, 0.08, 0.04], "id": 1829, "camera_size": [17, 17], "camera_position": [290, 278], "world_position": [0.645, 0.6399748858658902, -0.065], "world_orientation": [1.0, -8.066464163292171e-17, -3.573889421051852e-17, 8.066464163292171e-17, 1.0, -1.821459649775647e-16, 3.573889421051852e-17, 1.821459649775647e-16, 1.0], "world_rotation": [-0.8999806872227267, 0.17658538071993266, -0.3985628757700657, -2.0238874851820828e-16]}, {"color": "CVRed", "id_name": "object180907845416211", "shape": "CVCapsule", "id_string": "ob1836", "world_size": [0.04, 0.08, 0.04], "id": 1836, "camera_size": [18, 17], "camera_position": [218, 260], "world_position": [0.6897457802791805, 0.6399748863923277, -0.2452335760778265], "world_orientation": [0.9999186061823009, 4.325403711266062e-10, -0.012758566159437372, -4.2762179000962805e-10, 1.0, 3.882400910181077e-10, 0.012758566159437372, -3.8275264977586333e-10, 0.9999186061823009], "world_rotation": [3.0214709519834065e-08, 0.9999999999999989, 3.37092017389423e-08, -0.012758912326843794]}, {"color": "CVRed", "id_name": "object208251428642867", "shape": "CVCylinder", "id_string": "ob1843", "world_size": [0.04, 0.04, 0.04], "id": 1843, "camera_size": [16, 16], "camera_position": [235, 260], "world_position": [0.6896517107823712, 0.6199695741339654, -0.20234428186461587], "world_orientation": [0.9998221087273723, 0.0010555702205107642, -0.018831799474828055, -0.0010487731851932126, 0.9999993812885568, 0.00037080629655833903, 0.018832179235462453, -0.0003509900470362143, 0.9998225971797349], "world_rotation": [0.01913075888266666, 0.998260107110212, 0.05577430068482844, -0.0188659312252906]}, {"color": "CVGreen", "id_name": "object99629004468114", "shape": "CVCone", "id_string": "ob1850", "world_size": [0.04, 0.04, 0.04], "id": 1850, "camera_size": [16, 16], "camera_position": [253, 264], "world_position": [0.6787131212894993, 0.6199755538422052, -0.15538355075906923], "world_orientation": [0.9999999287095811, -0.0003563371568700418, 0.00012491862659319404, 0.0003562866428977985, 0.999999854855505, 0.00040416431927952127, -0.00012506262722640697, -0.00040411978362836607, 0.9999999105232659], "world_rotation": [-0.7306948584806819, 0.22598491820561373, 0.6442172308573393, 0.000553092809356237]}, {"color": "CVGreen", "id_name": "object79705758466213", "shape": "CVCone", "id_string": "ob1857", "world_size": [0.04, 0.04, 0.04], "id": 1857, "camera_size": [16, 15], "camera_position": [271, 260], "world_position": [0.6899297693500709, 0.6199535947337599, -0.1100399456062362], "world_orientation": [0.9999939674583054, -0.0003821954251806205, 0.00345238666066893, 0.0003867408922001947, 0.99999905922909, -0.0013160442308301084, -0.0034518804266796318, 0.0013173714708357774, 0.9999931745036702], "world_rotation": [0.35446174692555465, 0.9293248200327937, 0.10349999438405691, 0.003714676944489912]}, {"color": "CVPurple", "id_name": "object189881645249636", "shape": "CVCylinder", "id_string": "ob1864", "world_size": [0.04, 0.04, 0.04], "id": 1864, "camera_size": [16, 15], "camera_position": [289, 260], "world_position": [0.69, 0.6199874431539305, -0.065], "world_orientation": [1.0, 4.228388472693457e-17, -1.6957377686420176e-17, -4.228388472693457e-17, 1.0, 1.0733601507606494e-16, 1.6957377686420176e-17, -1.0733601507606494e-16, 1.0], "world_rotation": [0.92051720276698, 0.14542702990328832, 0.3626279889688094, -1.1660402951017529e-16]}, {"color": "CVPurple", "id_name": "object211957056113289", "shape": "CVCapsule", "id_string": "ob1871", "world_size": [0.04, 0.08, 0.04], "id": 1871, "camera_size": [18, 17], "camera_position": [218, 242], "world_position": [0.7348431980054219, 0.6399748863962467, -0.24513869508268638], "world_orientation": [0.9999688420923251, 1.054452960906426e-10, -0.007893975204843558, -1.0059662290067298e-10, 1.0, 6.146215872685796e-10, 0.007893975204843558, -6.138083296990397e-10, 0.9999688420923251], "world_rotation": [7.780806786762389e-08, 0.9999999999999969, 1.3050580578520976e-08, -0.007894057192448949]}, {"color": "CVRed", "id_name": "object269695029762259", "shape": "CVSphere", "id_string": "ob1878", "world_size": [0.04, 0.04, 0.04], "id": 1878, "camera_size": [16, 16], "camera_position": [236, 242], "world_position": [0.734888291661201, 0.6199695835621395, -0.19935109513264004], "world_orientation": [0.9999843341683243, -0.0007639235472075858, 0.005545073376207587, 0.0007626650098170381, 0.9999996829330955, 0.0002290759510585818, -0.00554524661456145, -0.0002248433289523966, 0.9999845997241463], "world_rotation": [-0.04051369947783712, 0.9898453557826385, 0.1362527496609194, 0.005602076089252076]}, {"color": "CVGreen", "id_name": "object152262426293610", "shape": "CVCone", "id_string": "ob1885", "world_size": [0.04, 0.04, 0.04], "id": 1885, "camera_size": [16, 17], "camera_position": [253, 233], "world_position": [0.7586079562081125, 0.6199728376847896, -0.15551364754774066], "world_orientation": [0.9999991848202351, 0.00044954196055578235, 0.0011951028790257528, -0.0004495806720232211, 0.9999998984226515, 3.212329442416392e-05, -0.0011950883168616155, -3.266056339342469e-05, 0.999999285348346], "world_rotation": [-0.02536036519285923, 0.9356670573576663, -0.3519716034752383, 0.00127726621718092]}, {"color": "CVYellow", "id_name": "object64082631435614", "shape": "CVCapsule", "id_string": "ob1892", "world_size": [0.04, 0.08, 0.04], "id": 1892, "camera_size": [17, 17], "camera_position": [272, 242], "world_position": [0.7349675011370004, 0.6399434684028039, -0.11002996002881639], "world_orientation": [0.9999993288245325, -0.001158592029621762, -3.872138626062941e-06, 0.0011585954272757756, 0.9999987891222274, 0.0010389469259548024, 2.668418309773735e-06, -0.0010389507148812194, 0.9999994602870002], "world_rotation": [0.6676182121887314, 0.0021014485229720135, -0.7445008439673035, -0.0015562026631368159]}, {"color": "CVPurple", "id_name": "object23585704536265", "shape": "CVCylinder", "id_string": "ob1899", "world_size": [0.04, 0.04, 0.04], "id": 1899, "camera_size": [16, 16], "camera_position": [289, 242], "world_position": [0.735, 0.6199874431539305, -0.065], "world_orientation": [1.0, 4.228388472693457e-17, -1.6957377686420176e-17, -4.228388472693457e-17, 1.0, 1.0733601507606494e-16, 1.6957377686420176e-17, -1.0733601507606494e-16, 1.0], "world_rotation": [0.92051720276698, 0.14542702990328832, 0.3626279889688094, -1.1660402951017529e-16]}, {"color": "CVRed", "id_name": "object255860525772346", "shape": "CVSphere", "id_string": "ob1906", "world_size": [0.04, 0.04, 0.04], "id": 1906, "camera_size": [17, 16], "camera_position": [219, 224], "world_position": [0.78, 0.6199874431539305, -0.245], "world_orientation": [1.0, -2.2442984970449937e-16, -1.4488340486922525e-17, 2.2442984970449937e-16, 1.0, -5.952269926945416e-16, 1.4488340486922525e-17, 5.952269926945416e-16, 1.0], "world_rotation": [-0.9354546928465729, 0.022769777356192403, -0.3527124251716587, -6.362969764823948e-16]}, {"color": "CVYellow", "id_name": "object105721077388026", "shape": "CVSphere", "id_string": "ob1913", "world_size": [0.04, 0.04, 0.04], "id": 1913, "camera_size": [16, 16], "camera_position": [236, 224], "world_position": [0.78, 0.6199874431539305, -0.2], "world_orientation": [1.0, 1.7889335846010863e-16, -4.367536594091608e-17, -1.7889335846010863e-16, 1.0, -6.570265165262153e-16, 4.367536594091608e-17, 6.570265165262153e-16, 1.0], "world_rotation": [-0.9628953949226872, 0.06400778001840857, 0.26217448871657395, -6.823446451096272e-16]}, {"color": "CVGreen", "id_name": "object43154899652045", "shape": "CVCone", "id_string": "ob1920", "world_size": [0.04, 0.04, 0.04], "id": 1920, "camera_size": [15, 16], "camera_position": [254, 217], "world_position": [0.7985961475423259, 0.6199874277870162, -0.1549737695512225], "world_orientation": [0.9999988636646098, 0.0005385404552171255, 0.001408063800851066, -0.0005385408662209038, 0.9999998549868534, -8.72572826198819e-08, -0.00140806364365488, -6.710427155681665e-07, 0.9999990086776713], "world_rotation": [-0.00019362218170189546, 0.9340156656566106, -0.3572319957933348, 0.0015075381574115065]}, {"color": "CVPurple", "id_name": "object40129291847946", "shape": "CVCylinder", "id_string": "ob1927", "world_size": [0.04, 0.04, 0.04], "id": 1927, "camera_size": [16, 16], "camera_position": [271, 224], "world_position": [0.78, 0.6199874431539305, -0.11], "world_orientation": [1.0, 4.228388472693457e-17, -1.6957377686420176e-17, -4.228388472693457e-17, 1.0, 1.0733601507606494e-16, 1.6957377686420176e-17, -1.0733601507606494e-16, 1.0], "world_rotation": [0.92051720276698, 0.14542702990328832, 0.3626279889688094, -1.1660402951017529e-16]}, {"color": "CVPurple", "id_name": "object61642067927673", "shape": "CVBox", "id_string": "ob1934", "world_size": [0.04, 0.04, 0.04], "id": 1934, "camera_size": [16, 16], "camera_position": [289, 224], "world_position": [0.78, 0.6199874431539305, -0.065], "world_orientation": [1.0, 4.228388472693457e-17, -1.6957377686420176e-17, -4.228388472693457e-17, 1.0, 1.0733601507606494e-16, 1.6957377686420176e-17, -1.0733601507606494e-16, 1.0], "world_rotation": [0.92051720276698, 0.14542702990328832, 0.3626279889688094, -1.1660402951017529e-16]}, {"color": "CVGreen", "id_name": "object198412363592967", "shape": "CVBox", "id_string": "ob1941", "world_size": [0.04, 0.04, 0.04], "id": 1941, "camera_size": [18, 17], "camera_position": [234, 280], "world_position": [0.6400306292009782, 0.6599516569094883, -0.20377444217426535], "world_orientation": [0.9985764092391232, -0.001375656901610287, -0.05332225125769367, 0.0013837582732260881, 0.9999990359919743, 0.00011501375359049786, 0.05332204163515161, -0.00018863512739838631, 0.9985773501800689], "world_rotation": [0.002846341287907867, 0.9996613621367406, -0.025866182404616876, -0.05336553563151603]}, {"color": "CVRed", "id_name": "object76735984342100", "shape": "CVCapsule", "id_string": "ob1948", "world_size": [0.04, 0.08, 0.04], "id": 1948, "camera_size": [18, 20], "camera_position": [251, 284], "world_position": [0.6320578016245928, 0.7199114434770991, -0.1611259882726286], "world_orientation": [0.9980577471201326, -0.0017931700650785651, -0.06226971940360065, 0.0018068199177713505, 0.9999983544319482, 0.00016289622604075292, 0.06226932483390355, -0.00027509000966906175, 0.9980593446835797], "world_rotation": [0.003515368694944644, 0.9995762919383403, -0.028894268942756443, -0.06233628073501994]}, {"color": "CVRed", "id_name": "object38254759521985", "shape": "CVCylinder", "id_string": "ob1955", "world_size": [0.04, 0.04, 0.04], "id": 1955, "camera_size": [16, 17], "camera_position": [270, 280], "world_position": [0.6397753840480784, 0.659964647294495, -0.114031025732419], "world_orientation": [0.9996566345936577, 0.0007093602996656559, 0.02619369620438633, -0.0007147533490370938, 0.9999997252519502, 0.0001965290676238662, -0.026193549597801076, -0.0002151836184264471, 0.9996568669575966], "world_rotation": [-0.007855880538699912, 0.9995998634912104, -0.02717348062569456, 0.026207107913323355]}, {"color": "CVRed", "id_name": "object236455123825477", "shape": "CVCylinder", "id_string": "ob1962", "world_size": [0.04, 0.04, 0.04], "id": 1962, "camera_size": [17, 16], "camera_position": [234, 262], "world_position": [0.6839011457159845, 0.6599562550201845, -0.20443860021124186], "world_orientation": [0.9997993032849056, 0.0007990178984185336, -0.02001786006083714, -0.0007900773731970571, 0.9999995845890879, 0.0004545320631945636, 0.020018214924453524, -0.00043862518180868133, 0.9997995192433274], "world_rotation": [0.022285723012286568, 0.9989650563917011, 0.03965050640464847, -0.02004011784237035]}, {"color": "CVPurple", "id_name": "object90673527688560", "shape": "CVCylinder", "id_string": "ob1969", "world_size": [0.04, 0.04, 0.04], "id": 1969, "camera_size": [18, 18], "camera_position": [252, 263], "world_position": [0.6822282559595838, 0.6599635001913154, -0.15950216122011604], "world_orientation": [0.9954697685013277, 0.0002555000751352155, -0.09507825576663073, -0.00018068474451445702, 0.9999996672743895, 0.0007954898701119558, 0.09507842737938166, -0.0007747069264934257, 0.9954694834480069], "world_rotation": [0.008257081010624319, 0.999963279025112, 0.0022937337531437176, -0.09522568448922922]}, {"color": "CVGreen", "id_name": "object257875908784101", "shape": "CVCylinder", "id_string": "ob1976", "world_size": [0.04, 0.04, 0.04], "id": 1976, "camera_size": [18, 17], "camera_position": [271, 260], "world_position": [0.6894979741365637, 0.6599310808882498, -0.11147447875848536], "world_orientation": [0.9986759085628311, -0.0006283779317427029, -0.05143962283472502, 0.000516131986519651, 0.9999974570293491, -0.0021953456692916443, 0.05144087153204497, 0.0021658891961697994, 0.9986736932852561], "world_rotation": [-0.04235061694697722, 0.9990409924372927, -0.011113985519148759, -0.051512404701830765]}, {"color": "CVPurple", "id_name": "object124840407873897", "shape": "CVSphere", "id_string": "ob1983", "world_size": [0.04, 0.04, 0.04], "id": 1983, "camera_size": [17, 17], "camera_position": [234, 244], "world_position": [0.7300941668564087, 0.6599459862731966, -0.20354308525088008], "world_orientation": [0.999351841909668, -0.0012617573302039222, -0.0359764372915628, 0.0012688788766355515, 0.9999991796395798, 0.00017511871358472547, 0.03597618682059707, -0.00022065495030961445, 0.9993526230981947], "world_rotation": [0.005496993830819848, 0.9993669790050392, -0.03514860357348015, -0.03600688019720202]}, {"color": "CVRed", "id_name": "object72517270903348", "shape": "CVCylinder", "id_string": "ob1990", "world_size": [0.04, 0.04, 0.04], "id": 1990, "camera_size": [16, 17], "camera_position": [252, 239], "world_position": [0.742209388651967, 0.6599606073571577, -0.15871333867346565], "world_orientation": [0.9999969679806271, -0.00011562241849944842, -0.0024598091408510074, 0.00011591221068314515, 0.9999999863592294, 0.00011766860607323771, 0.0024597955021685, -0.00011795337121511636, 0.9999969677419476], "world_rotation": [0.047786883166701134, 0.9977531595646846, -0.04695792133283713, -0.002465344047952902]}, {"color": "CVPurple", "id_name": "object80273654969167", "shape": "CVCapsule", "id_string": "ob1997", "world_size": [0.04, 0.08, 0.04], "id": 1997, "camera_size": [18, 18], "camera_position": [270, 243], "world_position": [0.7302222807082277, 0.719898530662735, -0.11485046113106383], "world_orientation": [0.9998286030011025, -0.0018084333091966064, -0.018425368105679688, 0.0018401272493855554, 0.9999968563174059, 0.001703316474391322, 0.018422229847922286, -0.0017369295529906636, 0.9998287876047371], "world_rotation": [0.09251139935499217, 0.9908660085429896, -0.09811316987777452, -0.01859470460408528]}, {"color": "CVRed", "id_name": "object106195083403836", "shape": "CVCylinder", "id_string": "ob2004", "world_size": [0.04, 0.04, 0.04], "id": 2004, "camera_size": [19, 18], "camera_position": [244, 266], "world_position": [0.6741502415179879, 0.6999640740689838, -0.17920010784506385], "world_orientation": [0.9945661617537274, 0.0007240251790620117, -0.10410391770725409, -0.000719273295699031, 0.9999997378628777, 8.318715091153875e-05, 0.10410395064734453, -7.855957404840295e-06, 0.9945664218129925], "world_rotation": [0.0004372597105795153, 0.999975878907146, 0.006931840147205658, -0.10429542204753006]}, {"color": "CVYellow", "id_name": "object173622609409682", "shape": "CVCapsule", "id_string": "ob2011", "world_size": [0.04, 0.08, 0.04], "id": 2011, "camera_size": [18, 18], "camera_position": [268, 264], "world_position": [0.6799662811907222, 0.7199233172896308, -0.12030881523956545], "world_orientation": [0.9984419984102497, -4.537975186882866e-05, 0.055799406369826936, 0.00017075584388855113, 0.9999974718186043, -0.002242141574813982, -0.05579916355097753, 0.002248176389399137, 0.9984394819166225], "world_rotation": [0.040203733297168615, 0.9991896291530638, 0.0019351542401022557, 0.055873606805613575]}, {"color": "CVRed", "id_name": "object167213422833616", "shape": "CVCone", "id_string": "ob2018", "world_size": [0.04, 0.04, 0.04], "id": 2018, "camera_size": [18, 18], "camera_position": [248, 245], "world_position": [0.7251518802093879, 0.6999396557807647, -0.16825538957025485], "world_orientation": [0.9963430630583845, -0.0012534386589957498, -0.08543377310504478, 0.0012548645772101775, 0.9999992119722008, -3.701176426213229e-05, 0.08543375217283274, -7.033140099280416e-05, 0.9963438508081259], "world_rotation": [0.00019498173502656082, 0.9998922499568172, -0.014678230765882282, -0.08554727490173218]}, {"color": "CVYellow", "id_name": "object251119671280140", "shape": "CVBox", "id_string": "ob2025", "world_size": [0.04, 0.04, 0.04], "id": 2025, "camera_size": [18, 18], "camera_position": [264, 247], "world_position": [0.7187328925376225, 0.7799269620644205, -0.12972664284737664], "world_orientation": [0.9997175228657412, 0.0024367384104821703, 0.023641843860097204, -0.0024709469898762893, 0.9999959420593476, 0.0014178454822616016, -0.02363829300435115, -0.0014758627162541765, 0.9997194871228045], "world_rotation": [-0.06076389873819131, 0.9928179524917987, -0.1030546545291738, 0.02381333133802884]}], "source": "manual check"}
