{"timestamp": 1721664192.354913, "objects": [{"color": "cv_", "id_name": "hand", "shape": "CVBox", "id_string": "ob383", "world_size": [0.12, 0.005, 0.12], "id": 383, "camera_size": [48, 49], "camera_position": [246, 391], "world_position": [0.3627064140882567, 0.6555000238354656, -0.17408984051562593], "world_orientation": [-4.105723880137765e-06, -0.001580832824497424, 0.9999987504745814, -0.000763120239862755, -0.9999984593021282, -0.0015808354973665063, 0.999999708815279, -0.0007631257767990715, 2.899352030607953e-06], "world_rotation": [0.0, 1.0, 0.0, 0.0]}, {"color": "CVPurple", "id_name": "object67554250124046", "shape": "CVBox", "id_string": "ob3670", "world_size": [0.04, 0.04, 0.04], "id": 3670, "camera_size": [16, 16], "camera_position": [255, 250], "world_position": [0.7132559311516898, 0.6199691983657253, -0.15048738713090187], "world_orientation": [0.999999273411114, -0.00011925249730961317, 0.0011995649569443584, 0.00011916391634145593, 0.9999999901682339, 7.391544606084153e-05, -0.0011995737597520486, -7.377244749652394e-05, 0.9999992777899497], "world_rotation": [-0.061142375014055714, 0.9932367209910444, 0.09870372866613954, 0.0012077379184821278]}, {"color": "CVYellow", "id_name": "object275941202846695", "shape": "CVBox", "id_string": "ob3677", "world_size": [0.04, 0.04, 0.04], "id": 3677, "camera_size": [17, 17], "camera_position": [219, 295], "world_position": [0.6000168452746159, 0.6199874431885005, -0.2450000420045245], "world_orientation": [0.9999999999958872, 5.282842007090709e-10, 2.8680400508702037e-06, -5.282842441531947e-10, 1.0, 1.5146933683357554e-11, -2.868040050870196e-06, -1.514844882152476e-11, 0.9999999999958872], "world_rotation": [-5.281547930498583e-06, 0.9999999830217954, -0.0001841969442865789, 2.8680400995683034e-06]}, {"color": "CVRed", "id_name": "object202799971942952", "shape": "CVCone", "id_string": "ob3684", "world_size": [0.04, 0.04, 0.04], "id": 3684, "camera_size": [17, 17], "camera_position": [237, 296], "world_position": [0.5986133873426096, 0.6199874431673804, -0.19916100381973487], "world_orientation": [0.9990583620204093, -5.862922200843941e-10, -0.04338651031250152, 5.873624503772685e-10, 1.0, 1.1919545916200535e-11, 0.04338651031250152, -3.739192902953526e-11, 0.9990583620204093], "world_rotation": [5.682811845266918e-10, 0.9999999999999999, -1.3525571220272606e-08, -0.04340013357254863]}, {"color": "CVPurple", "id_name": "object204797806755697", "shape": "CVBox", "id_string": "ob3691", "world_size": [0.04, 0.04, 0.04], "id": 3691, "camera_size": [16, 18], "camera_position": [254, 298], "world_position": [0.5916821468123467, 0.6213541573228821, -0.1548153590178676], "world_orientation": [0.9974076720543127, -0.07163793023947587, -0.0067781028467384956, 0.0716413615994415, 0.9974304213087047, 0.0002644921885477914, 0.0067417383051440365, -0.0007493990550574024, 0.9999769934181892], "world_rotation": [0.0070448586819130835, 0.09394042104383109, -0.9955528952598447, -0.07202190670850162]}, {"color": "CVPurple", "id_name": "object124121934704799", "shape": "CVCone", "id_string": "ob3698", "world_size": [0.04, 0.04, 0.04], "id": 3698, "camera_size": [16, 17], "camera_position": [271, 295], "world_position": [0.59999632483226, 0.6199874432990516, -0.1100000029423468], "world_orientation": [0.999999985456504, -0.00017054627268974984, 9.801647500538262e-07, 0.0001705462725544457, 0.9999999854569749, 1.3812417703215552e-07, -9.801882923627487e-07, -1.3795701157928799e-07, 0.9999999999995103], "world_rotation": [-0.0008093889546963631, 0.005747179327275683, 0.9999831572678113, 0.00017054914596246844]}, {"color": "CVPurple", "id_name": "object151862120424107", "shape": "CVBox", "id_string": "ob3705", "world_size": [0.04, 0.04, 0.04], "id": 3705, "camera_size": [16, 17], "camera_position": [289, 295], "world_position": [0.6, 0.6199874431539305, -0.065], "world_orientation": [1.0, 2.049142105997599e-16, 5.802954297681148e-18, -2.049142105997599e-16, 1.0, 6.179952383167331e-17, -5.802954297681148e-18, -6.179952383167331e-17, 1.0], "world_rotation": [-0.28863572672225335, 0.027102796704540077, -0.9570553043948448, 2.1410905896324258e-16]}, {"color": "CVPurple", "id_name": "object217211267569310", "shape": "CVSphere", "id_string": "ob3712", "world_size": [0.04, 0.04, 0.04], "id": 3712, "camera_size": [17, 16], "camera_position": [219, 277], "world_position": [0.6448662881878754, 0.6199874431841099, -0.24495980970767525], "world_orientation": [0.9999663105201406, 1.2837419723957873e-10, -0.008208399645370058, -1.3265166280335263e-10, 1.0, -5.205639080523396e-10, 0.008208399645370058, 5.21635228386957e-10, 0.9999663105201406], "world_rotation": [-6.348369849579304e-08, 0.9999999999999979, 1.589992393889851e-08, -0.008208491825517118]}, {"color": "CVGreen", "id_name": "object46902776905513", "shape": "CVSphere", "id_string": "ob3719", "world_size": [0.04, 0.04, 0.04], "id": 3719, "camera_size": [16, 16], "camera_position": [236, 277], "world_position": [0.6450356338764484, 0.6199627004718374, -0.19999563112896837], "world_orientation": [0.9999987563776288, 0.0015645077801740525, -0.0001988934428830647, -0.0015645005927960697, 0.9999987755098146, 3.6287277215378616e-05, 0.0001989499710675189, -3.59760631784254e-05, 0.9999999795623158], "world_rotation": [0.02290419149265283, 0.12609826348404202, 0.9917533090231548, -0.0015775141067263822]}, {"color": "CVPurple", "id_name": "object95709815493074", "shape": "CVCone", "id_string": "ob3726", "world_size": [0.04, 0.04, 0.04], "id": 3726, "camera_size": [15, 16], "camera_position": [254, 282], "world_position": [0.6333123884129899, 0.619976010560434, -0.15499555898047596], "world_orientation": [0.9999997341709769, -0.0007290920401900889, -9.097949254757841e-06, 0.0007290917053294605, 0.9999997335371289, -3.675536064111141e-05, 9.124744871366511e-06, 3.674871763113348e-05, 0.9999999992831354], "world_rotation": [-0.05034012577650557, 0.01248002472595148, -0.9986541547100504, -0.0007300745048621883]}, {"color": "CVRed", "id_name": "object213866301976845", "shape": "CVCylinder", "id_string": "ob3733", "world_size": [0.04, 0.04, 0.04], "id": 3733, "camera_size": [16, 16], "camera_position": [271, 277], "world_position": [0.6450008514418463, 0.6199748857447208, -0.11000279811522613], "world_orientation": [0.999999999912515, 1.3147422076190596e-05, -1.4545339585120826e-06, -1.3147194307642253e-05, 0.9999999876703521, 0.00015648145888418942, 1.4565912683618087e-06, -0.00015648143974745908, 0.9999999877557186], "world_rotation": [0.9964462332114372, 0.009268765656913994, 0.08371973663321758, -0.00015703953183171488]}, {"color": "CVPurple", "id_name": "object110312381326078", "shape": "CVSphere", "id_string": "ob3740", "world_size": [0.04, 0.04, 0.04], "id": 3740, "camera_size": [16, 16], "camera_position": [289, 277], "world_position": [0.645, 0.6199874431539305, -0.065], "world_orientation": [1.0, 3.5778671692020784e-17, -3.6332864841185517e-17, -3.5778671692020784e-17, 1.0, 1.0733601507606489e-16, 3.6332864841185517e-17, -1.0733601507606489e-16, 1.0], "world_rotation": [0.9032531890035577, 0.3057480381601587, 0.3010843963345121, -1.18832699826363e-16]}, {"color": "CVGreen", "id_name": "object106764944441411", "shape": "CVCylinder", "id_string": "ob3747", "world_size": [0.04, 0.04, 0.04], "id": 3747, "camera_size": [17, 16], "camera_position": [220, 260], "world_position": [0.6890614154383251, 0.6201625789190236, -0.24241753032813718], "world_orientation": [0.9994855702862653, -0.00017473947175803298, -0.03207123720183107, 0.00047191621285029475, 0.9999570249453803, 0.0092588097222322, 0.03206824105914062, -0.00926918165219898, 0.9994426998016802], "world_rotation": [0.2775101667103276, 0.960673876903839, -0.009685535966272404, -0.033388748543944066]}, {"color": "CVBlue", "id_name": "object148538499998965", "shape": "CVCone", "id_string": "ob3754", "world_size": [0.04, 0.04, 0.04], "id": 3754, "camera_size": [17, 16], "camera_position": [236, 260], "world_position": [0.6891163307294026, 0.6199606407631342, -0.20072320504838245], "world_orientation": [0.9999288014048003, 0.00016161078482380902, -0.011931722554349912, -0.00016460861608988173, 0.999999955135169, -0.000250267184883709, 0.011931681573159034, 0.0002522134305489603, 0.9999287831456909], "world_rotation": [-0.02104990311912495, 0.9996850217675696, 0.013665973519992056, -0.011935744870653025]}, {"color": "CVBlue", "id_name": "object99353034732313", "shape": "CVBox", "id_string": "ob3761", "world_size": [0.04, 0.04, 0.04], "id": 3761, "camera_size": [16, 16], "camera_position": [253, 266], "world_position": [0.6732813413242277, 0.6199616995153826, -0.1555026121080481], "world_orientation": [0.9999997708943905, -0.0005582445349804708, 0.00038285010850851886, 0.000557890108413571, 0.9999994163438279, 0.0009252408499559185, -0.0003833663957036933, -0.0009250270496895183, 0.9999994986774564], "world_rotation": [-0.8070363056670595, 0.33420270492670207, 0.48682743693729946, 0.001146335234169465]}, {"color": "CVRed", "id_name": "object228264650297990", "shape": "CVCapsule", "id_string": "ob3768", "world_size": [0.04, 0.08, 0.04], "id": 3768, "camera_size": [17, 17], "camera_position": [272, 260], "world_position": [0.6900343574989102, 0.6399448080325453, -0.10999433732400725], "world_orientation": [0.9999996925797411, 0.0007665302233010256, 0.00016514187864017832, -0.0007664997258383666, 0.9999996891896527, -0.00018465851868544467, -0.00016528337364791505, 0.00018453188071299172, 0.9999999693146953], "world_rotation": [0.22915335864514158, 0.2050921596725181, -0.9515387245207172, 0.000805553192652692]}, {"color": "CVYellow", "id_name": "object4762841970352", "shape": "CVCylinder", "id_string": "ob3775", "world_size": [0.04, 0.04, 0.04], "id": 3775, "camera_size": [16, 15], "camera_position": [289, 260], "world_position": [0.69, 0.6199874431539305, -0.065], "world_orientation": [1.0, 4.228388472693457e-17, -1.6957377686420176e-17, -4.228388472693457e-17, 1.0, 1.0733601507606494e-16, 1.6957377686420176e-17, -1.0733601507606494e-16, 1.0], "world_rotation": [0.92051720276698, 0.14542702990328832, 0.3626279889688094, -1.1660402951017529e-16]}, {"color": "CVGreen", "id_name": "object181360385519392", "shape": "CVSphere", "id_string": "ob3782", "world_size": [0.04, 0.04, 0.04], "id": 3782, "camera_size": [17, 16], "camera_position": [219, 242], "world_position": [0.734999055852693, 0.6199806185774669, -0.24500386722576564], "world_orientation": [0.9999999996175195, 4.3600839956375766e-06, -2.7312104248954286e-05, -4.3699224723590705e-06, 0.9999999351060581, -0.0003602343450486562, 2.7310531824560516e-05, 0.0003602344642626517, 0.9999999347426308], "world_rotation": [-0.997065566804117, 0.0755929318425794, 0.012081562358733004, -0.00036129460738217707]}, {"color": "CVYellow", "id_name": "object104226430229503", "shape": "CVSphere", "id_string": "ob3789", "world_size": [0.04, 0.04, 0.04], "id": 3789, "camera_size": [16, 16], "camera_position": [236, 242], "world_position": [0.7343533069751806, 0.6199784798076815, -0.20005858132043458], "world_orientation": [0.9999957341278468, 0.00034716650485961005, 0.0029002071523735176, -0.0003479202352669667, 0.999999905834685, 0.0002593879939042451, -0.0029001168284513512, -0.00026039592814299645, 0.9999957607491854], "world_rotation": [-0.08862618573664065, 0.9889890176529053, -0.11851633711735923, 0.002932455361190128]}, {"color": "CVGreen", "id_name": "object71745108020208", "shape": "CVCylinder", "id_string": "ob3796", "world_size": [0.04, 0.04, 0.04], "id": 3796, "camera_size": [16, 17], "camera_position": [253, 235], "world_position": [0.7532102335100843, 0.6199767648519848, -0.15553551551624675], "world_orientation": [0.999997508465844, 0.00014114993979918696, 0.0022278103148849096, -0.00014127477424880305, 0.9999999884595812, 5.587732797046556e-05, -0.002227802402093567, -5.6191922149497026e-05, 0.9999975168663796], "world_rotation": [-0.02509409494895713, 0.9976828474889777, -0.0632394040529937, 0.0022329823705825353]}, {"color": "CVRed", "id_name": "object118463854703476", "shape": "CVCapsule", "id_string": "ob3803", "world_size": [0.04, 0.08, 0.04], "id": 3803, "camera_size": [17, 17], "camera_position": [272, 242], "world_position": [0.7349871687395849, 0.6399493098077439, -0.10992166596000703], "world_orientation": [0.9999997870586743, -0.0006303776752469877, 0.0001688389557933071, 0.0006306353375906426, 0.999998630082139, -0.0015304028608304641, -0.00016787399270020163, 0.001530509010756335, 0.9999988146795428], "world_rotation": [0.9198644711903932, 0.10118889118763587, 0.3789593156815582, 0.0016637849268266592]}, {"color": "CVYellow", "id_name": "object227514911632722", "shape": "CVCapsule", "id_string": "ob3810", "world_size": [0.04, 0.08, 0.04], "id": 3810, "camera_size": [17, 17], "camera_position": [290, 242], "world_position": [0.735, 0.6399748858658902, -0.065], "world_orientation": [1.0, -9.627715291671303e-17, 2.6597159133585094e-18, 9.627715291671303e-17, 1.0, -2.1076890233118206e-16, -2.6597159133585094e-18, 2.1076890233118206e-16, 1.0], "world_rotation": [0.9095358415233338, 0.01147753261849028, 0.41546698933782017, 2.3173237678921624e-16]}, {"color": "CVRed", "id_name": "object38994565820287", "shape": "CVCone", "id_string": "ob3817", "world_size": [0.04, 0.04, 0.04], "id": 3817, "camera_size": [17, 16], "camera_position": [219, 224], "world_position": [0.78, 0.6199874431539305, -0.245], "world_orientation": [1.0, -2.2442984970449937e-16, -1.4488340486922525e-17, 2.2442984970449937e-16, 1.0, -5.952269926945416e-16, 1.4488340486922525e-17, 5.952269926945416e-16, 1.0], "world_rotation": [-0.9354546928465729, 0.022769777356192403, -0.3527124251716587, -6.362969764823948e-16]}, {"color": "CVGreen", "id_name": "object186569695057354", "shape": "CVSphere", "id_string": "ob3824", "world_size": [0.04, 0.04, 0.04], "id": 3824, "camera_size": [16, 16], "camera_position": [236, 224], "world_position": [0.78, 0.6199874431539305, -0.2], "world_orientation": [1.0, 1.7889335846010863e-16, -4.367536594091608e-17, -1.7889335846010863e-16, 1.0, -6.570265165262153e-16, 4.367536594091608e-17, 6.570265165262153e-16, 1.0], "world_rotation": [-0.9628953949226872, 0.06400778001840857, 0.26217448871657395, -6.823446451096272e-16]}, {"color": "CVBlue", "id_name": "object190106485798039", "shape": "CVBox", "id_string": "ob3831", "world_size": [0.04, 0.04, 0.04], "id": 3831, "camera_size": [16, 16], "camera_position": [253, 219], "world_position": [0.7931990240523427, 0.6199874599931089, -0.15526621729797793], "world_orientation": [0.9999966493185719, 0.0003705946752674327, 0.0025620326336361168, -0.00037058666631161006, 0.9999999313262765, -3.6007439739156497e-06, -0.0025620337921083394, 2.651276776292873e-06, 0.9999967179825237], "world_rotation": [0.0012075604905601696, 0.9896992370872243, -0.14315712314316645, 0.0025887016766220597]}, {"color": "CVGreen", "id_name": "object90193322137980", "shape": "CVCapsule", "id_string": "ob3838", "world_size": [0.04, 0.08, 0.04], "id": 3838, "camera_size": [17, 17], "camera_position": [272, 224], "world_position": [0.78, 0.6399748858658902, -0.11], "world_orientation": [1.0, 2.8622937353616997e-17, 1.993998719847534e-17, -2.8622937353616997e-17, 1.0, -1.5352302762394738e-16, -1.993998719847534e-17, 1.5352302762394738e-16, 1.0], "world_rotation": [0.9751436338441275, 0.12665429985627505, -0.1818064402082252, 1.5743632250229854e-16]}, {"color": "CVGreen", "id_name": "object115867360002541", "shape": "CVCapsule", "id_string": "ob3845", "world_size": [0.04, 0.08, 0.04], "id": 3845, "camera_size": [17, 17], "camera_position": [290, 224], "world_position": [0.78, 0.6399748858658902, -0.065], "world_orientation": [1.0, -1.5612511283791513e-17, -1.789043210782128e-17, 1.5612511283791513e-17, 1.0, -1.4831885719601688e-16, 1.789043210782128e-17, 1.4831885719601688e-16, 1.0], "world_rotation": [-0.9874262572950706, 0.11910476355862816, -0.10393960603106182, -1.5020752800550153e-16]}, {"color": "CVGreen", "id_name": "object8715978424896", "shape": "CVCone", "id_string": "ob3852", "world_size": [0.04, 0.04, 0.04], "id": 3852, "camera_size": [18, 18], "camera_position": [234, 280], "world_position": [0.6396112568042032, 0.660018102038237, -0.20345573348966253], "world_orientation": [0.9975361309746942, 0.006316849975764449, -0.06986962720969246, -0.006361479755240074, 0.999979678942847, -0.0004162651610216106, 0.06986557790043237, 0.00085971375718569, 0.9975560444992022], "world_rotation": [-0.009093675173538741, 0.9958679939356505, 0.09035620469243759, -0.07021517499148483]}, {"color": "CVBlue", "id_name": "object162454310839978", "shape": "CVBox", "id_string": "ob3859", "world_size": [0.04, 0.04, 0.04], "id": 3859, "camera_size": [16, 17], "camera_position": [252, 284], "world_position": [0.6303943432733439, 0.6599625103914243, -0.15820258452069302], "world_orientation": [0.9999748467241796, -0.0007154096482860464, -0.0070564940295464555, 0.000715314519893845, 0.9999997440344595, -1.6004799965585996e-05, 0.007056503673315461, 1.0956784753556086e-05, 0.9999751025079862], "world_rotation": [-0.00190066287382655, 0.9948988923186177, -0.1008592164545594, -0.007092738841513774]}, {"color": "CVPurple", "id_name": "object237258678632097", "shape": "CVSphere", "id_string": "ob3866", "world_size": [0.04, 0.04, 0.04], "id": 3866, "camera_size": [17, 17], "camera_position": [270, 280], "world_position": [0.6399894095215185, 0.659961103202141, -0.11498577925367191], "world_orientation": [0.9999999959720371, -8.971608505777198e-05, 2.6362606838748485e-06, 8.971540051332607e-05, 0.9999999625572685, 0.00025852777164436493, -2.6594546847449274e-06, -0.00025852753408984124, 0.9999999665782203], "world_rotation": [-0.9446869536615968, 0.009675547593378759, 0.3278306626298711, 0.00027366489511897586]}, {"color": "CVRed", "id_name": "object208255764094085", "shape": "CVCapsule", "id_string": "ob3873", "world_size": [0.04, 0.08, 0.04], "id": 3873, "camera_size": [18, 17], "camera_position": [234, 261], "world_position": [0.6882117080125394, 0.6799343400757112, -0.20260658768882503], "world_orientation": [0.9994976413193559, 0.0002216524092824554, -0.03169252068317727, -0.000224527064010641, 0.9999999709966088, -8.714573589212661e-05, 0.03169250044792436, 9.421778609531029e-05, 0.9994976620974995], "world_rotation": [-0.002861216786849035, 0.9999711326054394, 0.007038990999646002, -0.03169873373810381]}, {"color": "CVGreen", "id_name": "object120284292615116", "shape": "CVSphere", "id_string": "ob3880", "world_size": [0.04, 0.04, 0.04], "id": 3880, "camera_size": [17, 17], "camera_position": [254, 262], "world_position": [0.6856930225764298, 0.6599534308874428, -0.15483707740303468], "world_orientation": [0.9988922448899221, -0.001802973930212465, 0.04702161613320942, 0.0017236406180866043, 0.9999970221243948, 0.0017276589253389773, -0.04702459103268851, -0.0016446967348406872, 0.9988923779921733], "world_rotation": [-0.03581032915604873, 0.9986567176930948, 0.037448371555914614, 0.04710377061789569]}, {"color": "CVGreen", "id_name": "object10547539965978", "shape": "CVBox", "id_string": "ob3887", "world_size": [0.04, 0.04, 0.04], "id": 3887, "camera_size": [17, 17], "camera_position": [271, 262], "world_position": [0.6853865499251082, 0.6999347839647021, -0.1144400180378252], "world_orientation": [0.9998396778713478, -0.0015213910745641942, 0.017841074051686185, 0.0015385446808795509, 0.9999983672945717, -0.0009477808057726059, -0.017839602977209188, 0.0009750781451197315, 0.9998403861558236], "world_rotation": [0.05361644560621938, 0.9949097297152527, 0.08532236798447385, 0.017932576385662962]}, {"color": "CVRed", "id_name": "object38293289933533", "shape": "CVCylinder", "id_string": "ob3894", "world_size": [0.04, 0.04, 0.04], "id": 3894, "camera_size": [19, 19], "camera_position": [234, 243], "world_position": [0.7322464077851838, 0.659972604483566, -0.20397935663122935], "world_orientation": [0.9865306703721703, 0.00032473106206680783, 0.16357607088071732, -0.0003506026696100406, 0.9999999301805367, 0.00012929303886892424, -0.163576017474458, -0.00018490175544491565, 0.9865307153447058], "world_rotation": [-0.0009603911794203594, 0.9999974082047375, -0.0020642753183861763, 0.1643148704551551]}, {"color": "CVBlue", "id_name": "object159291787849987", "shape": "CVSphere", "id_string": "ob3901", "world_size": [0.04, 0.04, 0.04], "id": 3901, "camera_size": [16, 16], "camera_position": [252, 239], "world_position": [0.7410284609157378, 0.6599651039354674, -0.15846235551515905], "world_orientation": [0.9997992063532363, -0.0003773769624186756, -0.02003508328077076, 0.00037426462671564067, 0.999999917307597, -0.00015909364645061438, 0.020035141662298615, 0.00015156327849187064, 0.9997992649162853], "world_rotation": [-0.007751215623663309, 0.9997940772764865, -0.018754244831888683, -0.020040580445171163]}, {"color": "CVPurple", "id_name": "object252080882335154", "shape": "CVCapsule", "id_string": "ob3908", "world_size": [0.04, 0.08, 0.04], "id": 3908, "camera_size": [17, 17], "camera_position": [271, 243], "world_position": [0.729953055527721, 0.7199263885735818, -0.11481313916353086], "world_orientation": [0.9999997854106577, -0.0004341286777547206, 0.0004906230015659479, 0.0004344253683243142, 0.999999722759408, -0.0006047774028136475, -0.0004903603143311312, 0.0006049904121130143, 0.9999996967666359], "world_rotation": [0.6783771649094764, 0.5500862830460573, 0.4870415827564971, 0.0008916632500410877]}, {"color": "CVPurple", "id_name": "object194950152063445", "shape": "CVCapsule", "id_string": "ob3915", "world_size": [0.04, 0.08, 0.04], "id": 3915, "camera_size": [19, 19], "camera_position": [251, 267], "world_position": [0.674356823177981, 0.7200238396823195, -0.16223727426856305], "world_orientation": [0.997371792635491, 0.001369246290733663, -0.07244054403207369, -0.0007716249853944846, 0.9999654460105399, 0.008277160130396859, 0.07244937439308508, -0.008199509103454213, 0.9973383860057292], "world_rotation": [0.1129781168816378, 0.9934890302451351, 0.014679641973149847, -0.07298451507818779]}, {"color": "CVPurple", "id_name": "object60477594233611", "shape": "CVBox", "id_string": "ob3922", "world_size": [0.04, 0.04, 0.04], "id": 3922, "camera_size": [19, 19], "camera_position": [268, 267], "world_position": [0.6737834749367807, 0.7401570917558852, -0.12213762339879981], "world_orientation": [0.996949392494274, -0.030480990278049312, -0.07185275246619044, 0.03035224406389392, 0.9995351060469357, -0.002883237768046991, 0.071907232498435, 0.0006935498617546126, 0.9974110832064206], "world_rotation": [-0.022907234442733508, 0.920698688295112, -0.389601314142863, -0.07815066288392845]}, {"color": "CVBlue", "id_name": "object230134006473231", "shape": "CVCylinder", "id_string": "ob3929", "world_size": [0.04, 0.04, 0.04], "id": 3929, "camera_size": [22, 22], "camera_position": [251, 243], "world_position": [0.730426771455941, 0.6999535470804403, -0.16105169196486877], "world_orientation": [0.9414577145504878, -0.0005829249819705325, 0.33713058584447325, 0.0006219602620982432, 0.9999998065523977, -7.784573104122934e-06, -0.33713051608954764, 0.00021701067393652154, 0.9414578949839247], "world_rotation": [0.00033339440016333355, 0.999998347794768, 0.001786968356761257, 0.34386794115559327]}, {"color": "CVPurple", "id_name": "object263040828834662", "shape": "CVCone", "id_string": "ob3936", "world_size": [0.04, 0.04, 0.04], "id": 3936, "camera_size": [17, 20], "camera_position": [265, 250], "world_position": [0.7116856472504904, 0.7804016568855883, -0.1297650793842861], "world_orientation": [0.9880688046863514, -0.15394954705206423, -0.004424270352199851, 0.1539517740092187, 0.9880783491090558, 0.00016523116430048175, 0.004346088482710824, -0.0008443840284248717, 0.9999901992172289], "world_rotation": [0.0032776749331308703, 0.028472615621157254, -0.9995891991246818, -0.15462939793852895]}], "source": "manual check"}
