{"timestamp": 1721663858.816281, "objects": [{"color": "cv_", "id_name": "hand", "shape": "CVBox", "id_string": "ob383", "world_size": [0.12, 0.005, 0.12], "id": 383, "camera_size": [48, 49], "camera_position": [246, 391], "world_position": [0.36267386499911947, 0.6554892298982512, -0.17408983796151248], "world_orientation": [-4.112905336370226e-06, -0.0015810062838638257, 0.9999987502003264, -0.0007631205491824259, -0.9999984590276573, -0.0015810089621634883, 0.9999997088150134, -0.0007631260979752106, 2.906400615257442e-06], "world_rotation": [0.0, 1.0, 0.0, 0.0]}, {"color": "CVGreen", "id_name": "object98929584075305", "shape": "CVCapsule", "id_string": "ob394", "world_size": [0.04, 0.08, 0.04], "id": 394, "camera_size": [18, 16], "camera_position": [255, 249], "world_position": [0.7167682135015263, 0.6408532294063044, -0.15195769737847548], "world_orientation": [0.9999984172223688, -0.0009167911271075017, -0.0015248104099758512, 0.000989004521460829, 0.9988443090146494, 0.04805276494754648, 0.0014789938517937805, -0.048054196935094835, 0.9988436347767901], "world_rotation": [0.999315658403813, 0.03123341509049065, -0.019816373299343357, -0.0481049394653432]}, {"color": "CVYellow", "id_name": "object146250307731572", "shape": "CVCapsule", "id_string": "ob401", "world_size": [0.04, 0.08, 0.04], "id": 401, "camera_size": [18, 18], "camera_position": [218, 295], "world_position": [0.6000000000147931, 0.6399748858658905, -0.245000000068163], "world_orientation": [1.0, 1.077774793007466e-14, 2.0722599296551583e-09, -1.077774793007466e-14, 1.0, 1.0438599481996394e-13, -2.0722599296551583e-09, -1.0438599481996394e-13, 1.0], "world_rotation": [-5.037302183586891e-05, 0.9999999987177545, -5.200963335737737e-06, 2.0722599323123043e-09]}, {"color": "CVBlue", "id_name": "object97258315124940", "shape": "CVBox", "id_string": "ob408", "world_size": [0.04, 0.04, 0.04], "id": 408, "camera_size": [16, 17], "camera_position": [236, 295], "world_position": [0.5996705581320786, 0.6201667038545238, -0.2000011924170281], "world_orientation": [0.9999560925962042, -0.009360878486890697, 0.0004322426229316926, 0.009361026422716297, 0.9999561263163502, -0.00034150653383725526, -0.00042902685768986287, 0.0003455377737862646, 0.9999998482697898], "world_rotation": [0.03663397366502973, 0.04592385545078021, 0.9982729844456604, 0.00937728436232164]}, {"color": "CVPurple", "id_name": "object135887976346113", "shape": "CVCone", "id_string": "ob415", "world_size": [0.04, 0.04, 0.04], "id": 415, "camera_size": [15, 18], "camera_position": [254, 299], "world_position": [0.5894640870229622, 0.6207225503577789, -0.15496034984412657], "world_orientation": [0.9992713042416635, -0.03814020160458703, -0.001478357441961787, 0.03813935502156829, 0.9992722519745318, -0.0005966844113018589, 0.001500039233993829, 0.0005398660105745229, 0.9999987292126861], "world_rotation": [-0.014886808901493366, 0.0390117510797219, -0.9991278527788244, -0.03818234779569502]}, {"color": "CVPurple", "id_name": "object185516916487146", "shape": "CVSphere", "id_string": "ob422", "world_size": [0.04, 0.04, 0.04], "id": 422, "camera_size": [16, 17], "camera_position": [271, 295], "world_position": [0.600030500393476, 0.619987443153968, -0.11000215067255828], "world_orientation": [0.9999999979279864, -4.284832735809837e-12, 6.437412102762627e-05, 4.284842566732635e-12, 1.0, -1.525775287099975e-13, -6.437412102762627e-05, 1.5285336137469719e-13, 0.9999999979279864], "world_rotation": [2.3723111493329587e-09, 0.9999999999999979, 6.656149370074322e-08, 6.437412107208774e-05]}, {"color": "CVBlue", "id_name": "object266930317511679", "shape": "CVCone", "id_string": "ob429", "world_size": [0.04, 0.04, 0.04], "id": 429, "camera_size": [16, 17], "camera_position": [289, 295], "world_position": [0.6, 0.6199874431539305, -0.065], "world_orientation": [1.0, 2.049142105997599e-16, 5.802954297681148e-18, -2.049142105997599e-16, 1.0, 6.179952383167331e-17, -5.802954297681148e-18, -6.179952383167331e-17, 1.0], "world_rotation": [-0.28863572672225335, 0.027102796704540077, -0.9570553043948448, 2.1410905896324258e-16]}, {"color": "CVPurple", "id_name": "object247486144051765", "shape": "CVCone", "id_string": "ob436", "world_size": [0.04, 0.04, 0.04], "id": 436, "camera_size": [17, 16], "camera_position": [219, 277], "world_position": [0.6450000000387058, 0.6199874431539343, -0.2450000000782824], "world_orientation": [1.0, 3.009703430802497e-13, 9.745410127414074e-10, -3.009703430802497e-13, 1.0, 9.056044605703444e-13, -9.745410127414074e-10, -9.056044605703444e-13, 1.0], "world_rotation": [-0.0009292620982959997, 0.999999520547022, -0.00030883276829210706, 9.745414799882222e-10]}, {"color": "CVRed", "id_name": "object173922035970502", "shape": "CVCylinder", "id_string": "ob443", "world_size": [0.04, 0.04, 0.04], "id": 443, "camera_size": [16, 17], "camera_position": [236, 278], "world_position": [0.6445820612609418, 0.6202515204601499, -0.2000778919540732], "world_orientation": [0.999828641629451, -0.015362618045410668, 0.0103284725007196, 0.015359392182871452, 0.9998819609014405, 0.00039158097873887, -0.010333269046146334, -0.00023287481827186066, 0.999946583233394], "world_rotation": [-0.01686401162842179, 0.5579896149219432, 0.8296765603239965, 0.018515507814506477]}, {"color": "CVGreen", "id_name": "object72615018299846", "shape": "CVCone", "id_string": "ob450", "world_size": [0.04, 0.04, 0.04], "id": 450, "camera_size": [16, 18], "camera_position": [254, 281], "world_position": [0.6352365948752839, 0.6216015766033465, -0.15488780379521622], "world_orientation": [0.9962892134791651, -0.08604790921409881, -0.001886908834296599, 0.08604861747707603, 0.9962908947934287, 0.0002972910917611074, 0.0018543288140409641, -0.0004585538044815375, 0.9999981755948647], "world_rotation": [0.004390902514135544, 0.021733837031546684, -0.9997541499303704, -0.0861760456047614]}, {"color": "CVGreen", "id_name": "object30651198503611", "shape": "CVCapsule", "id_string": "ob457", "world_size": [0.04, 0.08, 0.04], "id": 457, "camera_size": [17, 17], "camera_position": [272, 278], "world_position": [0.644952494264247, 0.6399446125423385, -0.11001161345926522], "world_orientation": [0.999998937114843, -0.0014579826636225619, -7.465727848559146e-06, 0.0014579849223836996, 0.9999988884505051, 0.0003120540348117805, 7.010750177142984e-06, -0.00031206458805281697, 0.9999999512832701], "world_rotation": [0.20929205795160136, 0.004854544900429371, -0.9778411260896085, -0.0014910237402814485]}, {"color": "CVRed", "id_name": "object65988294978542", "shape": "CVCapsule", "id_string": "ob464", "world_size": [0.04, 0.08, 0.04], "id": 464, "camera_size": [17, 17], "camera_position": [290, 278], "world_position": [0.645, 0.6399748858658902, -0.065], "world_orientation": [1.0, -8.066464163292171e-17, -3.573889421051852e-17, 8.066464163292171e-17, 1.0, -1.821459649775647e-16, 3.573889421051852e-17, 1.821459649775647e-16, 1.0], "world_rotation": [-0.8999806872227267, 0.17658538071993266, -0.3985628757700657, -2.0238874851820828e-16]}, {"color": "CVGreen", "id_name": "object145220070316552", "shape": "CVCapsule", "id_string": "ob471", "world_size": [0.04, 0.08, 0.04], "id": 471, "camera_size": [18, 17], "camera_position": [218, 260], "world_position": [0.6899960951071601, 0.6399698653623179, -0.2449970318190982], "world_orientation": [0.9999999957051334, -9.267975678552576e-05, 4.429628473195012e-07, 9.267979104864485e-05, 0.9999999926643128, -7.798609260032915e-05, -4.3573511202192747e-07, 7.798613331909315e-05, 0.9999999969589866], "world_rotation": [0.6438415776341906, 0.0036271988623064245, 0.765150224686584, 0.00012112624574040276]}, {"color": "CVBlue", "id_name": "object155524277811982", "shape": "CVCone", "id_string": "ob478", "world_size": [0.04, 0.04, 0.04], "id": 478, "camera_size": [16, 16], "camera_position": [236, 259], "world_position": [0.6902021809931925, 0.6199702960820674, -0.19976384664759686], "world_orientation": [0.9999711610686509, 0.0008826522528889079, -0.0075430733799285166, -0.0008791602790110773, 0.999999504848095, 0.00046624110580328757, 0.007543481173723792, -0.0004595960894107378, 0.9999714419238263], "world_rotation": [0.060841217595640984, 0.9914101022427397, 0.11577718001627155, -0.007608708084951904]}, {"color": "CVRed", "id_name": "object31657610428638", "shape": "CVCylinder", "id_string": "ob485", "world_size": [0.04, 0.04, 0.04], "id": 485, "camera_size": [16, 16], "camera_position": [254, 265], "world_position": [0.6768370255818862, 0.6199482827586974, -0.15489175488534254], "world_orientation": [0.9999979719472015, -0.001427417158552084, -0.0014207680104203284, 0.001429033747326612, 0.9999983320184607, 0.0011374633382947809, 0.0014191420059191766, -0.0011394913568931278, 0.9999983437963358], "world_rotation": [0.49210409130954885, 0.6137721321136366, -0.6173470119447275, -0.0023134909529655932]}, {"color": "CVGreen", "id_name": "object214412698658818", "shape": "CVCone", "id_string": "ob492", "world_size": [0.04, 0.04, 0.04], "id": 492, "camera_size": [16, 15], "camera_position": [271, 260], "world_position": [0.6899960136259513, 0.6199766933886273, -0.10997170750571755], "world_orientation": [0.9999999767153905, -0.00021262322485897202, -3.6886077730277834e-05, 0.00021257867883726052, 0.9999992532055638, -0.0012034943375037856, 3.714194103110242e-05, 0.0012034864682872188, 0.9999992751201358], "world_rotation": [-0.9843013586022455, 0.030272729747636375, -0.17388041087885728, -0.0012226851992422887]}, {"color": "CVPurple", "id_name": "object108927603577691", "shape": "CVCapsule", "id_string": "ob499", "world_size": [0.04, 0.08, 0.04], "id": 499, "camera_size": [17, 17], "camera_position": [290, 260], "world_position": [0.69, 0.6399748858658902, -0.065], "world_orientation": [1.0, -9.627715291671303e-17, 2.6597159133585094e-18, 9.627715291671303e-17, 1.0, -2.1076890233118206e-16, -2.6597159133585094e-18, 2.1076890233118206e-16, 1.0], "world_rotation": [0.9095358415233338, 0.01147753261849028, 0.41546698933782017, 2.3173237678921624e-16]}, {"color": "CVGreen", "id_name": "object72757978874324", "shape": "CVBox", "id_string": "ob506", "world_size": [0.04, 0.04, 0.04], "id": 506, "camera_size": [17, 16], "camera_position": [219, 242], "world_position": [0.7349998990465565, 0.6199874432031416, -0.24500011645788497], "world_orientation": [0.999999999991302, -1.3283354961352404e-10, -4.170905179133415e-06, 1.3283527018544404e-10, 1.0, 4.1251549259469597e-10, 4.170905179133361e-06, -4.1251604663692286e-10, 0.999999999991302], "world_rotation": [9.890317561108746e-05, 0.9999999946019378, -3.184786119017824e-05, -4.170905201660286e-06]}, {"color": "CVGreen", "id_name": "object113095527111553", "shape": "CVSphere", "id_string": "ob513", "world_size": [0.04, 0.04, 0.04], "id": 513, "camera_size": [16, 16], "camera_position": [236, 242], "world_position": [0.7350006850387506, 0.619970733049781, -0.19999137998735905], "world_orientation": [0.9999999892008203, 0.0001468610031640039, 5.495902918866562e-06, -0.0001468594608471709, 0.9999999501319009, -0.0002795862915932613, -5.536962968039512e-06, 0.0002795854814486194, 0.9999999609006496], "world_rotation": [0.8851616717741407, 0.017464883750815202, -0.46495568891839456, 0.00031585856017630446]}, {"color": "CVPurple", "id_name": "object63402737477000", "shape": "CVBox", "id_string": "ob520", "world_size": [0.04, 0.04, 0.04], "id": 520, "camera_size": [16, 16], "camera_position": [253, 233], "world_position": [0.7567674826942266, 0.6199824198959344, -0.15536775524398105], "world_orientation": [0.9999989360395432, -0.00013826127259154898, -0.0014521720291333692, 0.0001386325709373435, 0.9999999577280768, 0.0002555872743281932, 0.001452136629925457, -0.000255788320735287, 0.9999989129351806], "world_rotation": [0.17264793142883322, 0.980537372252014, -0.0934834391240512, -0.001480978595470358]}, {"color": "CVGreen", "id_name": "object50063171444969", "shape": "CVCapsule", "id_string": "ob527", "world_size": [0.04, 0.08, 0.04], "id": 527, "camera_size": [17, 17], "camera_position": [272, 242], "world_position": [0.7350820478665233, 0.6399458897585946, -0.11001108339597884], "world_orientation": [0.9999980192255421, 0.001990356353139007, -5.155599414267583e-06, -0.001990355868500458, 0.9999980149745075, 9.236103861608713e-05, 5.339420560265393e-06, -9.235059419215098e-05, 0.9999999957214292], "world_rotation": [0.04635162016872725, 0.0026336250301451612, 0.9989217143134564, -0.0019925059184112952]}, {"color": "CVPurple", "id_name": "object224165245469443", "shape": "CVSphere", "id_string": "ob534", "world_size": [0.04, 0.04, 0.04], "id": 534, "camera_size": [16, 16], "camera_position": [289, 242], "world_position": [0.735, 0.6199874431539305, -0.065], "world_orientation": [1.0, 4.228388472693457e-17, -1.6957377686420176e-17, -4.228388472693457e-17, 1.0, 1.0733601507606494e-16, 1.6957377686420176e-17, -1.0733601507606494e-16, 1.0], "world_rotation": [0.92051720276698, 0.14542702990328832, 0.3626279889688094, -1.1660402951017529e-16]}, {"color": "CVBlue", "id_name": "object22721498036814", "shape": "CVSphere", "id_string": "ob541", "world_size": [0.04, 0.04, 0.04], "id": 541, "camera_size": [17, 16], "camera_position": [219, 224], "world_position": [0.78, 0.6199874431539305, -0.245], "world_orientation": [1.0, -2.2442984970449937e-16, -1.4488340486922525e-17, 2.2442984970449937e-16, 1.0, -5.952269926945416e-16, 1.4488340486922525e-17, 5.952269926945416e-16, 1.0], "world_rotation": [-0.9354546928465729, 0.022769777356192403, -0.3527124251716587, -6.362969764823948e-16]}, {"color": "CVPurple", "id_name": "object124551496790867", "shape": "CVSphere", "id_string": "ob548", "world_size": [0.04, 0.04, 0.04], "id": 548, "camera_size": [16, 16], "camera_position": [236, 224], "world_position": [0.7801079509882314, 0.6199851684589579, -0.2000222540594212], "world_orientation": [0.9999990072880726, 8.817228129313898e-05, -0.0014062889171675673, -8.85639157697707e-05, 0.9999999573171181, -0.00027842807892501284, 0.0014062643075042082, 0.00027855234897934683, 0.9999989724141152], "world_rotation": [-0.19389315117172606, 0.9790915088733618, 0.061524492527624215, -0.0014363081316827444]}, {"color": "CVYellow", "id_name": "object90202988000654", "shape": "CVSphere", "id_string": "ob555", "world_size": [0.04, 0.04, 0.04], "id": 555, "camera_size": [15, 17], "camera_position": [254, 218], "world_position": [0.7967536077201839, 0.6199828967723918, -0.15495899909703348], "world_orientation": [0.9999994710726716, 0.00028831487181182403, -0.000987283602457939, -0.00028818718700736003, 0.9999999500929311, 0.00012946922776153004, 0.000987320881089314, -0.00012918463679754478, 0.9999995042542809], "world_rotation": [0.12475835337423695, 0.9524249883244119, 0.278068327715676, -0.0010366196085774394]}, {"color": "CVYellow", "id_name": "object75538617582875", "shape": "CVCylinder", "id_string": "ob562", "world_size": [0.04, 0.04, 0.04], "id": 562, "camera_size": [16, 16], "camera_position": [271, 224], "world_position": [0.78, 0.6199874431539305, -0.11], "world_orientation": [1.0, 4.228388472693457e-17, -1.6957377686420176e-17, -4.228388472693457e-17, 1.0, 1.0733601507606494e-16, 1.6957377686420176e-17, -1.0733601507606494e-16, 1.0], "world_rotation": [0.92051720276698, 0.14542702990328832, 0.3626279889688094, -1.1660402951017529e-16]}, {"color": "CVRed", "id_name": "object104906991529585", "shape": "CVSphere", "id_string": "ob569", "world_size": [0.04, 0.04, 0.04], "id": 569, "camera_size": [16, 16], "camera_position": [289, 224], "world_position": [0.78, 0.6199874431539305, -0.065], "world_orientation": [1.0, 4.228388472693457e-17, -1.6957377686420176e-17, -4.228388472693457e-17, 1.0, 1.0733601507606494e-16, 1.6957377686420176e-17, -1.0733601507606494e-16, 1.0], "world_rotation": [0.92051720276698, 0.14542702990328832, 0.3626279889688094, -1.1660402951017529e-16]}, {"color": "CVRed", "id_name": "object210375148362362", "shape": "CVCylinder", "id_string": "ob576", "world_size": [0.04, 0.04, 0.04], "id": 576, "camera_size": [17, 17], "camera_position": [234, 281], "world_position": [0.6391676025063903, 0.6601554601387022, -0.20495743819613066], "world_orientation": [0.9998770017101115, -0.015669786881229927, 0.0006627445169842201, 0.015669526516764957, 0.9998771469187012, 0.00039624292847978605, -0.0006688721390206698, -0.00038580929849447375, 0.999999701880579], "world_rotation": [-0.02492410968416557, 0.04243880197098401, 0.998788134112395, 0.015689312920109957]}, {"color": "CVRed", "id_name": "object148586464035909", "shape": "CVCylinder", "id_string": "ob583", "world_size": [0.04, 0.04, 0.04], "id": 583, "camera_size": [16, 18], "camera_position": [252, 285], "world_position": [0.6270641295867074, 0.6610287300385184, -0.15936357983201827], "world_orientation": [0.9962774845565835, -0.08618884298341392, -0.0016300646573007911, 0.08618998764775065, 0.9962785100092938, 0.0006453858862069127, 0.0015683733251844428, -0.0007834786799563345, 0.9999984631819547], "world_rotation": [0.008287384255290402, 0.018550872633608682, -0.999793570886879, -0.0863143471199719]}, {"color": "CVYellow", "id_name": "object179631589986572", "shape": "CVCapsule", "id_string": "ob590", "world_size": [0.04, 0.08, 0.04], "id": 590, "camera_size": [17, 18], "camera_position": [271, 281], "world_position": [0.6398372162768113, 0.7199073986930775, -0.11509400564822053], "world_orientation": [0.9999916861070431, -0.0025062728713443716, 0.0032165685267502592, 0.0025045921849075658, 0.9999967249388704, 0.0005264309269892764, -0.0032178773718426618, -0.0005183703579045415, 0.9999946882645888], "world_rotation": [-0.12707274407275823, 0.7825820170244175, 0.6094406487458919, 0.0041110477132789295]}, {"color": "CVGreen", "id_name": "object189395371831999", "shape": "CVCone", "id_string": "ob597", "world_size": [0.04, 0.04, 0.04], "id": 597, "camera_size": [17, 17], "camera_position": [235, 262], "world_position": [0.6846604052551865, 0.6599561632130981, -0.20234237524746293], "world_orientation": [0.9994199322587004, 0.0006878147227270601, 0.034048875384100105, -0.0007081601026516906, 0.9999995778619232, 0.0005854786456618388, -0.03404845830994101, -0.000609251083473449, 0.9994199974484369], "world_rotation": [-0.017538059026966445, 0.9996361760994442, -0.02049224045456004, 0.03406764853736074]}, {"color": "CVYellow", "id_name": "object89870335808656", "shape": "CVCapsule", "id_string": "ob604", "world_size": [0.04, 0.08, 0.04], "id": 604, "camera_size": [17, 17], "camera_position": [252, 267], "world_position": [0.6736256021894999, 0.6798966110295003, -0.1588233427891343], "world_orientation": [0.9999959607672638, -0.0022924814754968744, -0.0016801719677979278, 0.0022956273596939645, 0.999995611296036, 0.0018728277264241579, 0.0016758711711509346, -0.001876677210375358, 0.9999968347642235], "world_rotation": [0.5506091381958517, 0.49282986731097045, -0.6737568543781006, -0.003404876455445652]}, {"color": "CVPurple", "id_name": "object58528658432798", "shape": "CVCylinder", "id_string": "ob611", "world_size": [0.04, 0.04, 0.04], "id": 611, "camera_size": [16, 16], "camera_position": [271, 261], "world_position": [0.6859489709178442, 0.6599662071951622, -0.11206239815664067], "world_orientation": [0.9999413470350664, -0.0003067928554952754, -0.01082628134868261, 0.0002937843155315452, 0.9999992330717357, -0.001203140356071451, 0.010826642160566849, 0.0011998891966665637, 0.9999406702827137], "world_rotation": [-0.11026037518681185, 0.9935206445134684, -0.027556824730099683, -0.010897283405756587]}, {"color": "CVBlue", "id_name": "object263962977802399", "shape": "CVBox", "id_string": "ob618", "world_size": [0.04, 0.04, 0.04], "id": 618, "camera_size": [17, 16], "camera_position": [234, 243], "world_position": [0.7303254752512571, 0.6599564783430102, -0.20496367414708525], "world_orientation": [0.9999999887192289, 0.00012998713466011455, 7.526544531961223e-05, -0.00012995357114441988, 0.9999998922012241, -0.00044576856067906305, -7.532338138399329e-05, 0.0004457587746370503, 0.9999998978127463], "world_rotation": [0.9476469116504858, 0.16006804379603495, -0.27630336985749443, 0.00047039005627155876]}, {"color": "CVGreen", "id_name": "object184901576984627", "shape": "CVBox", "id_string": "ob625", "world_size": [0.04, 0.04, 0.04], "id": 625, "camera_size": [22, 22], "camera_position": [249, 229], "world_position": [0.7655705881232975, 0.659977535953029, -0.16545582469979575], "world_orientation": [0.0001942490095746749, 0.9090399458373106, 0.416708938156385, -0.9999999705795584, 0.0001160378710921145, 0.00021301665426193267, 0.00014528662980406448, -0.41670896727489815, 0.9090399416331953], "world_rotation": [-0.20867544787222783, 0.20849609735228014, -0.9555019282263086, 1.6161367457294187]}, {"color": "CVYellow", "id_name": "object153655634682194", "shape": "CVBox", "id_string": "ob632", "world_size": [0.04, 0.04, 0.04], "id": 632, "camera_size": [17, 16], "camera_position": [271, 243], "world_position": [0.7302309327018287, 0.6999258516780308, -0.11380908078483938], "world_orientation": [0.9999973414304664, 0.002305723649571601, 2.775700079672477e-05, -0.0023057452017566436, 0.9999970191789109, 0.0008032262181507495, -2.5904900370942297e-05, -0.000803288083289399, 0.9999996770285435], "world_rotation": [-0.3289620133631207, 0.010988216558784377, -0.944279223990944, 0.002441795454518601]}, {"color": "CVYellow", "id_name": "object90247763420499", "shape": "CVSphere", "id_string": "ob639", "world_size": [0.04, 0.04, 0.04], "id": 639, "camera_size": [18, 18], "camera_position": [246, 273], "world_position": [0.6590230622274267, 0.739817953364894, -0.1724092934090543], "world_orientation": [0.9999956940609407, -0.0029344573202573776, 2.8632386090154374e-05, 0.0029343788401949887, 0.9999927258394493, 0.0024367373699437198, -3.57826796263759e-05, -0.002436642859233213, 0.99999703074118], "world_rotation": [-0.6388209785751388, 0.008443768674082204, 0.7693090796961134, 0.003814364438615615]}, {"color": "CVPurple", "id_name": "object167694058183186", "shape": "CVCylinder", "id_string": "ob646", "world_size": [0.04, 0.04, 0.04], "id": 646, "camera_size": [18, 17], "camera_position": [269, 264], "world_position": [0.680216579367139, 0.7009291211228355, -0.11788719190364876], "world_orientation": [0.9998342316396459, -0.018195844369373645, 0.000648451420264255, 0.018207231890373377, 0.9993418298558662, -0.03137521007450309, -7.712618932741703e-05, 0.031381815562751665, 0.999507466557172], "world_rotation": [0.8649639964845854, 0.01000045018990799, 0.5017342680955856, 0.03628520907391578]}, {"color": "CVYellow", "id_name": "object128652711003584", "shape": "CVSphere", "id_string": "ob653", "world_size": [0.04, 0.04, 0.04], "id": 653, "camera_size": [24, 23], "camera_position": [231, 253], "world_position": [0.7071745120158874, 0.6999546749201853, -0.20908593782393103], "world_orientation": [0.7586302873609639, -0.651521358985886, -7.670596858666556e-05, 0.00037558249999469784, 0.00031959397457610733, 0.9999998783987312, -0.6515212552452968, -0.758630223919978, 0.0004871536895793144], "world_rotation": [-0.885745717922434, 0.3281043689772951, 0.3283322193146492, 1.6913697453675969]}, {"color": "CVGreen", "id_name": "object95604471279415", "shape": "CVCone", "id_string": "ob660", "world_size": [0.04, 0.04, 0.04], "id": 660, "camera_size": [20, 21], "camera_position": [267, 246], "world_position": [0.7234865703877577, 0.7399191524134326, -0.12342295531813348], "world_orientation": [0.9798398669740265, 0.0021352346594460726, -0.19977306089979036, -0.0018811339712912834, 0.99999716230497, 0.0014617513432274058, 0.1997756151868999, -0.0010564823502896088, 0.9798411031497604], "world_rotation": [0.006302252052300547, 0.9999296214421398, 0.010051556180438745, -0.20114196104231322]}], "source": "manual check"}
