{"timestamp": 1721664379.879408, "objects": [{"color": "cv_", "id_name": "hand", "shape": "CVBox", "id_string": "ob383", "world_size": [0.12, 0.005, 0.12], "id": 383, "camera_size": [48, 49], "camera_position": [246, 391], "world_position": [0.36266019845392516, 0.6555077873425096, -0.1740898398301433], "world_orientation": [-4.113389986111321e-06, -0.0015809006362671515, 0.9999987503673485, -0.0007631202247895291, -0.9999984591949286, -0.001580903314966706, 0.999999708815259, -0.0007631257740418491, 2.9069663996246576e-06], "world_rotation": [0.0, 1.0, 0.0, 0.0]}, {"color": "CVBlue", "id_name": "object269158891449048", "shape": "CVBox", "id_string": "ob4762", "world_size": [0.04, 0.04, 0.04], "id": 4762, "camera_size": [16, 15], "camera_position": [256, 252], "world_position": [0.709991455096434, 0.619966018730516, -0.14966082191806993], "world_orientation": [0.9999946860983275, 0.000370047403169148, -0.003238956626311435, -0.00036661105751704167, 0.9999993694369965, 0.0010614715927553446, 0.0032393473787516555, -0.001060278514885642, 0.9999941912021443], "world_rotation": [0.3094465582609383, 0.94482798446217, 0.10743792327485237, -0.0034283048352880337]}, {"color": "CVPurple", "id_name": "object26420635429180", "shape": "CVCone", "id_string": "ob4769", "world_size": [0.04, 0.04, 0.04], "id": 4769, "camera_size": [17, 17], "camera_position": [219, 295], "world_position": [0.6, 0.6199874431539305, -0.245], "world_orientation": [1.0, 3.2526065174562914e-18, -5.85631424552212e-17, -3.2526065174562914e-18, 1.0, 6.830473686658622e-17, 5.85631424552212e-17, -6.830473686658622e-17, 1.0], "world_rotation": [0.7586719037870137, 0.650470418545561, 0.03612723351366515, -9.003198421561925e-17]}, {"color": "CVYellow", "id_name": "object139071292234242", "shape": "CVCylinder", "id_string": "ob4776", "world_size": [0.04, 0.04, 0.04], "id": 4776, "camera_size": [16, 17], "camera_position": [236, 295], "world_position": [0.6001220631536245, 0.6199874431861967, -0.19989320107097097], "world_orientation": [0.9999843439424312, 5.500007354737246e-10, -0.0055957010307496335, -5.499504781693787e-10, 1.0, 1.0520104696221221e-11, 0.0055957010307496335, -7.442581535307164e-12, 0.9999843439424312], "world_rotation": [1.605043419298074e-09, 0.9999999999999952, 9.828538083062508e-08, -0.005595730233138363]}, {"color": "CVGreen", "id_name": "object263094672552752", "shape": "CVCone", "id_string": "ob4783", "world_size": [0.04, 0.04, 0.04], "id": 4783, "camera_size": [15, 17], "camera_position": [254, 299], "world_position": [0.5900849642968901, 0.6199874688019027, -0.1549405677524378], "world_orientation": [0.9999983974590294, -0.0006031768817302041, -0.001685602866179243, 0.0006031807034558881, 0.9999998180849561, 1.7589142155057602e-06, 0.0016856014986063317, -2.7756345193228256e-06, 0.9999985793689328], "world_rotation": [0.0012664391723803741, 0.9415325571146476, -0.3369196343714264, -0.0017902759390242488]}, {"color": "CVRed", "id_name": "object67006401298993", "shape": "CVSphere", "id_string": "ob4790", "world_size": [0.04, 0.04, 0.04], "id": 4790, "camera_size": [16, 17], "camera_position": [271, 295], "world_position": [0.5997195420758197, 0.6205250362890368, -0.10996988952894109], "world_orientation": [0.9996088261858235, -0.02793152545078455, 0.0014228483378460953, 0.027932203809410163, 0.9996097144300675, -0.00045913765746795603, -0.0014094686055066525, 0.0004987013446018461, 0.9999988823469851], "world_rotation": [0.017121486152337658, 0.050628002430320174, 0.9985708087471067, 0.02797549066626665]}, {"color": "CVYellow", "id_name": "object133400373179787", "shape": "CVBox", "id_string": "ob4797", "world_size": [0.04, 0.04, 0.04], "id": 4797, "camera_size": [16, 17], "camera_position": [289, 295], "world_position": [0.6, 0.6199874431539305, -0.065], "world_orientation": [1.0, 2.049142105997599e-16, 5.802954297681148e-18, -2.049142105997599e-16, 1.0, 6.179952383167331e-17, -5.802954297681148e-18, -6.179952383167331e-17, 1.0], "world_rotation": [-0.28863572672225335, 0.027102796704540077, -0.9570553043948448, 2.1410905896324258e-16]}, {"color": "CVYellow", "id_name": "object259961793791439", "shape": "CVCone", "id_string": "ob4804", "world_size": [0.04, 0.04, 0.04], "id": 4804, "camera_size": [17, 16], "camera_position": [219, 277], "world_position": [0.6449509687073541, 0.6199874431619022, -0.24490100827170258], "world_orientation": [0.9999722679801699, 3.145105528819654e-10, -0.007447366688677247, -3.1045956053423034e-10, 1.0, 5.451056981780425e-10, 0.007447366688677247, -5.427784751067041e-10, 0.9999722679801699], "world_rotation": [7.303817703368424e-08, 0.9999999999999966, 4.195913398264514e-08, -0.007447435532947846]}, {"color": "CVBlue", "id_name": "object155509022621278", "shape": "CVBox", "id_string": "ob4811", "world_size": [0.04, 0.04, 0.04], "id": 4811, "camera_size": [16, 16], "camera_position": [236, 277], "world_position": [0.6455905175528662, 0.6199623277800373, -0.1996976047629954], "world_orientation": [0.9999309806258537, -0.000295034481132749, -0.011745081492846789, 0.00029859923899352184, 0.9999999098902207, 0.00030175825649489467, 0.011744991405409452, -0.00030524450172456617, 0.9999309786193651], "world_rotation": [0.025823957757444754, 0.9993474362838882, -0.025255193496819456, -0.011752976414569205]}, {"color": "CVRed", "id_name": "object36239281718015", "shape": "CVBox", "id_string": "ob4818", "world_size": [0.04, 0.04, 0.04], "id": 4818, "camera_size": [15, 16], "camera_position": [254, 283], "world_position": [0.6300862196131191, 0.6199721680215383, -0.1549744114915126], "world_orientation": [0.9999956326979564, -0.0006703927889732044, -0.0028783951296954785, 0.0006707282973520768, 0.9999997683803941, 0.00011559718764395185, 0.00287831696748171, -0.00011752730386057311, 0.9999958507307756], "world_rotation": [0.039409348560177734, 0.9731636180055498, -0.2267145249789053, -0.0029577351558103646]}, {"color": "CVGreen", "id_name": "object160518988788856", "shape": "CVSphere", "id_string": "ob4825", "world_size": [0.04, 0.04, 0.04], "id": 4825, "camera_size": [16, 16], "camera_position": [271, 277], "world_position": [0.6454297177751872, 0.6199637475940697, -0.10983309061656356], "world_orientation": [0.9999951805952103, -0.0012953113234237764, 0.0028215164235313216, 0.0012945680458325399, 0.9999991268696525, 0.00026524235578155445, -0.0028218575314066002, -0.0002615884324685916, 0.9999959843377196], "world_rotation": [-0.08454197304109803, 0.905607605705577, 0.41560500391902216, 0.0031157992990372032]}, {"color": "CVRed", "id_name": "object40014989661955", "shape": "CVCapsule", "id_string": "ob4832", "world_size": [0.04, 0.08, 0.04], "id": 4832, "camera_size": [17, 17], "camera_position": [290, 278], "world_position": [0.645, 0.6399748858658902, -0.065], "world_orientation": [1.0, -8.066464163292171e-17, -3.573889421051852e-17, 8.066464163292171e-17, 1.0, -1.821459649775647e-16, 3.573889421051852e-17, 1.821459649775647e-16, 1.0], "world_rotation": [-0.8999806872227267, 0.17658538071993266, -0.3985628757700657, -2.0238874851820828e-16]}, {"color": "CVRed", "id_name": "object54434333833240", "shape": "CVSphere", "id_string": "ob4839", "world_size": [0.04, 0.04, 0.04], "id": 4839, "camera_size": [17, 16], "camera_position": [219, 259], "world_position": [0.6901323749090927, 0.6199874431858742, -0.24513307032762352], "world_orientation": [0.9999779480832042, -1.246748997651695e-11, 0.006641035107946765, 1.6627216648524067e-11, 1.0, -6.263120044379542e-10, -0.006641035107946765, 6.264086149872543e-10, 0.9999779480832042], "world_rotation": [9.431666894263051e-08, 0.9999999999999956, 2.190524982334886e-09, 0.006641083924228603]}, {"color": "CVGreen", "id_name": "object185746946319273", "shape": "CVCapsule", "id_string": "ob4846", "world_size": [0.04, 0.08, 0.04], "id": 4846, "camera_size": [17, 17], "camera_position": [236, 260], "world_position": [0.6899411735488253, 0.6399585381622587, -0.2000346852495463], "world_orientation": [0.9999986716550996, -0.0007093227783360623, -0.0014674976090094573, 0.0007085248304703005, 0.9999996009216978, -0.0005441957457963561, 0.0014678830338013642, 0.0005431552644220894, 0.9999987751501288], "world_rotation": [-0.3164183518864015, 0.8541936287628511, -0.4125926213233164, -0.0017182182050479175]}, {"color": "CVRed", "id_name": "object14047452593052", "shape": "CVBox", "id_string": "ob4853", "world_size": [0.04, 0.04, 0.04], "id": 4853, "camera_size": [16, 16], "camera_position": [254, 267], "world_position": [0.6700508996802057, 0.6199752254479477, -0.15438173060840718], "world_orientation": [0.9999933544995525, -0.00018000400997961825, -0.003641229914283846, 0.00018172857189755718, 0.9999998714830863, 0.00047329540148818296, 0.0036411442512540417, -0.0004739539717156544, 0.9999932586953647], "world_rotation": [0.12883144148228529, 0.9904453755259554, -0.04919774166408128, -0.0036763211528216236]}, {"color": "CVPurple", "id_name": "object37442179718564", "shape": "CVCone", "id_string": "ob4860", "world_size": [0.04, 0.04, 0.04], "id": 4860, "camera_size": [17, 16], "camera_position": [272, 259], "world_position": [0.6905440543892706, 0.6199469179401832, -0.10917036524153563], "world_orientation": [0.9998725501409521, 0.00034795801143296606, -0.01596127813965681, -0.0003332288155958461, 0.9999995162426204, 0.0009254583089275351, 0.015961592438903563, -0.0009200216015866362, 0.9998721823948634], "world_rotation": [0.057701134508073244, 0.9981066922717832, 0.021298120075751045, -0.015992394207056414]}, {"color": "CVYellow", "id_name": "object256545654917993", "shape": "CVCylinder", "id_string": "ob4867", "world_size": [0.04, 0.04, 0.04], "id": 4867, "camera_size": [16, 15], "camera_position": [289, 260], "world_position": [0.69, 0.6199874431539305, -0.065], "world_orientation": [1.0, 4.228388472693457e-17, -1.6957377686420176e-17, -4.228388472693457e-17, 1.0, 1.0733601507606494e-16, 1.6957377686420176e-17, -1.0733601507606494e-16, 1.0], "world_rotation": [0.92051720276698, 0.14542702990328832, 0.3626279889688094, -1.1660402951017529e-16]}, {"color": "CVYellow", "id_name": "object156152694583308", "shape": "CVCone", "id_string": "ob4874", "world_size": [0.04, 0.04, 0.04], "id": 4874, "camera_size": [17, 17], "camera_position": [219, 242], "world_position": [0.7352678972990634, 0.619983884266297, -0.2452736405899005], "world_orientation": [0.9999097901586936, 1.2190557631605483e-05, 0.013431730945325335, -1.4569747439264506e-05, 0.9999999842233082, 0.00017703419425700148, -0.013431728575271508, -0.00017721392095797718, 0.9999097745610384], "world_rotation": [-0.013185834905568688, 0.9999125669759951, -0.000996072948681773, 0.013433308251279521]}, {"color": "CVPurple", "id_name": "object152287710161819", "shape": "CVSphere", "id_string": "ob4881", "world_size": [0.04, 0.04, 0.04], "id": 4881, "camera_size": [16, 16], "camera_position": [235, 242], "world_position": [0.7347786470752846, 0.6199784488889222, -0.2015940045534128], "world_orientation": [0.9998655574270783, 0.00012820148961280176, -0.01639666537489152, -0.00013544483857281004, 0.9999998937421406, -0.00044064770882633824, 0.016396607140924287, 0.0004428093107094459, 0.9998654685477345], "world_rotation": [-0.026929550242541234, 0.9996050292248974, 0.0080364713666168, -0.01640385067435276]}, {"color": "CVGreen", "id_name": "object116614791598338", "shape": "CVCylinder", "id_string": "ob4888", "world_size": [0.04, 0.04, 0.04], "id": 4888, "camera_size": [16, 16], "camera_position": [254, 236], "world_position": [0.7499505145584554, 0.6199611248179084, -0.15408106354267126], "world_orientation": [0.9999972374483006, 0.0004019293479644565, -0.0023159336274272743, -0.00039972021011342026, 0.9999994647957046, 0.0009542704325633031, 0.0023163159372223967, -0.000953342070865719, 0.9999968629047667], "world_rotation": [0.37600295556565205, 0.9130468185205978, 0.15801039394707223, -0.002536701535269828]}, {"color": "CVRed", "id_name": "object5960990457382", "shape": "CVCone", "id_string": "ob4895", "world_size": [0.04, 0.04, 0.04], "id": 4895, "camera_size": [16, 16], "camera_position": [272, 241], "world_position": [0.7358806281714264, 0.6199676705876483, -0.1088704564137343], "world_orientation": [0.9999993869512099, -6.950423794526811e-05, 0.001105109209795736, 7.049459802171301e-05, 0.9999995959716902, -0.0008961511972675106, -0.0011050464769942782, 0.0008962285521126198, 0.9999989878228209], "world_rotation": [0.629117705358412, 0.7757552910531633, 0.049138998846006636, 0.0014245190846745384]}, {"color": "CVPurple", "id_name": "object179120326529526", "shape": "CVCapsule", "id_string": "ob4902", "world_size": [0.04, 0.08, 0.04], "id": 4902, "camera_size": [17, 17], "camera_position": [290, 242], "world_position": [0.735, 0.6399748858658902, -0.065], "world_orientation": [1.0, -9.627715291671303e-17, 2.6597159133585094e-18, 9.627715291671303e-17, 1.0, -2.1076890233118206e-16, -2.6597159133585094e-18, 2.1076890233118206e-16, 1.0], "world_rotation": [0.9095358415233338, 0.01147753261849028, 0.41546698933782017, 2.3173237678921624e-16]}, {"color": "CVRed", "id_name": "object126787273271321", "shape": "CVCone", "id_string": "ob4909", "world_size": [0.04, 0.04, 0.04], "id": 4909, "camera_size": [17, 16], "camera_position": [219, 224], "world_position": [0.78, 0.6199874431539305, -0.245], "world_orientation": [1.0, -2.2442984970449937e-16, -1.4488340486922525e-17, 2.2442984970449937e-16, 1.0, -5.952269926945416e-16, 1.4488340486922525e-17, 5.952269926945416e-16, 1.0], "world_rotation": [-0.9354546928465729, 0.022769777356192403, -0.3527124251716587, -6.362969764823948e-16]}, {"color": "CVPurple", "id_name": "object32549140690994", "shape": "CVSphere", "id_string": "ob4916", "world_size": [0.04, 0.04, 0.04], "id": 4916, "camera_size": [16, 16], "camera_position": [236, 224], "world_position": [0.78, 0.6199874431539305, -0.2], "world_orientation": [1.0, 1.7889335846010863e-16, -4.367536594091608e-17, -1.7889335846010863e-16, 1.0, -6.570265165262153e-16, 4.367536594091608e-17, 6.570265165262153e-16, 1.0], "world_rotation": [-0.9628953949226872, 0.06400778001840857, 0.26217448871657395, -6.823446451096272e-16]}, {"color": "CVGreen", "id_name": "object263493984208246", "shape": "CVBox", "id_string": "ob4923", "world_size": [0.04, 0.04, 0.04], "id": 4923, "camera_size": [16, 17], "camera_position": [254, 221], "world_position": [0.7899372406565534, 0.6199874506693397, -0.15370034482377243], "world_orientation": [0.9999978124940044, 0.0005141364359339771, -0.0020274789594915375, -0.0005141301374694014, 0.9999998678285119, 3.6277432727173233e-06, 0.0020274805566716223, -2.585347300822812e-06, 0.9999979446558421], "world_rotation": [0.0014852098599775234, 0.9693188573273434, 0.24580225178237286, -0.0020916556209905177]}, {"color": "CVYellow", "id_name": "object44978304405864", "shape": "CVCylinder", "id_string": "ob4930", "world_size": [0.04, 0.04, 0.04], "id": 4930, "camera_size": [16, 16], "camera_position": [271, 224], "world_position": [0.78, 0.6199874431539305, -0.11], "world_orientation": [1.0, 4.228388472693457e-17, -1.6957377686420176e-17, -4.228388472693457e-17, 1.0, 1.0733601507606494e-16, 1.6957377686420176e-17, -1.0733601507606494e-16, 1.0], "world_rotation": [0.92051720276698, 0.14542702990328832, 0.3626279889688094, -1.1660402951017529e-16]}, {"color": "CVBlue", "id_name": "object115755931520392", "shape": "CVCone", "id_string": "ob4937", "world_size": [0.04, 0.04, 0.04], "id": 4937, "camera_size": [16, 16], "camera_position": [289, 224], "world_position": [0.78, 0.6199874431539305, -0.065], "world_orientation": [1.0, 4.228388472693457e-17, -1.6957377686420176e-17, -4.228388472693457e-17, 1.0, 1.0733601507606494e-16, 1.6957377686420176e-17, -1.0733601507606494e-16, 1.0], "world_rotation": [0.92051720276698, 0.14542702990328832, 0.3626279889688094, -1.1660402951017529e-16]}, {"color": "CVBlue", "id_name": "object222911551897397", "shape": "CVCapsule", "id_string": "ob4944", "world_size": [0.04, 0.08, 0.04], "id": 4944, "camera_size": [18, 18], "camera_position": [233, 280], "world_position": [0.6409001725482106, 0.6799334349303076, -0.2045502631524226], "world_orientation": [0.9999248451214954, -0.0004848234661422192, -0.012250267546486164, 0.0004909394986645642, 0.9999997563547582, 0.0004962548063400969, 0.012250023965791466, -0.0005022316505782018, 0.9999248395135542], "world_rotation": [0.040688059791320126, 0.9983804177304869, -0.03976208348058026, -0.012270325962735678]}, {"color": "CVGreen", "id_name": "object30435188875153", "shape": "CVCone", "id_string": "ob4951", "world_size": [0.04, 0.04, 0.04], "id": 4951, "camera_size": [17, 18], "camera_position": [253, 283], "world_position": [0.6314674724566652, 0.6599571427251075, -0.15775081339185376], "world_orientation": [0.9980184636624485, -0.0006264378185492646, -0.06291862812002035, 0.0006514369646766509, 0.9999997168213584, 0.00037681173624511165, 0.06291837425368663, -0.0004170525902214521, 0.9980185891296867], "world_rotation": [0.006308220846746363, 0.9999285459759525, -0.010154274576055953, -0.06296459331682193]}, {"color": "CVPurple", "id_name": "object264826980421028", "shape": "CVCapsule", "id_string": "ob4958", "world_size": [0.04, 0.08, 0.04], "id": 4958, "camera_size": [18, 18], "camera_position": [270, 281], "world_position": [0.6387443199103695, 0.6800311217333614, -0.11490650461812534], "world_orientation": [0.9999439364236228, -0.01046491775968047, 0.0016153965188441882, 0.010464534804676394, 0.9999452151600214, 0.00024533630032982245, -0.0016178754438108147, -0.00022841817280462782, 0.9999986651512026], "world_rotation": [-0.02236481859748774, 0.15263505681053582, 0.9880295310979049, 0.010591709679096038]}, {"color": "CVBlue", "id_name": "object50408911575239", "shape": "CVCone", "id_string": "ob4965", "world_size": [0.04, 0.04, 0.04], "id": 4965, "camera_size": [18, 17], "camera_position": [232, 262], "world_position": [0.6847156087499805, 0.6999451028186943, -0.20662018985249392], "world_orientation": [0.9996655000278146, -0.0008188946722262661, 0.025849902623706022, 0.0008288404163865365, 0.9999995865596322, -0.0003740376035029818, -0.025849585638912053, 0.0003953379319892001, 0.9996657654587437], "world_rotation": [0.014872488051854149, 0.9993819480897368, 0.03185170217602242, 0.025868615548333713]}, {"color": "CVRed", "id_name": "object79443031683457", "shape": "CVCylinder", "id_string": "ob4972", "world_size": [0.04, 0.04, 0.04], "id": 4972, "camera_size": [17, 17], "camera_position": [252, 259], "world_position": [0.6923403968273689, 0.6599575431231592, -0.15971014373643752], "world_orientation": [0.9999604715614362, 0.0005266996687239375, -0.008875691640044437, -0.0005185073228016487, 0.9999994374986397, 0.0009252851237892658, 0.00887617399482399, -0.0009206464376028099, 0.999960182179946], "world_rotation": [0.10325063756029554, 0.992935752884914, 0.05846277863958866, -0.008939199746138816]}, {"color": "CVBlue", "id_name": "object66163011889547", "shape": "CVCylinder", "id_string": "ob4979", "world_size": [0.04, 0.04, 0.04], "id": 4979, "camera_size": [17, 16], "camera_position": [273, 260], "world_position": [0.6888838703267747, 0.6599077469696316, -0.10850375376969248], "world_orientation": [0.9999671158894813, 0.00018047753526370187, -0.008107685707524376, -0.00016684121727277056, 0.9999985706020624, 0.0016825450484712148, 0.008107977779998464, -0.0016811370233211812, 0.99996571664964], "world_rotation": [0.2030656914408249, 0.9789405918826669, 0.020967654233921457, -0.008282345739426843]}, {"color": "CVPurple", "id_name": "object271419643378198", "shape": "CVSphere", "id_string": "ob4986", "world_size": [0.04, 0.04, 0.04], "id": 4986, "camera_size": [17, 17], "camera_position": [234, 244], "world_position": [0.7301791753590374, 0.6599718231807827, -0.20541328824450186], "world_orientation": [0.9998888164421725, 2.836801956410332e-05, 0.0149115374501497, -1.928816211460714e-05, 0.9999998143379167, -0.0006090583710418616, -0.014911551959422379, 0.0006087030376135281, 0.9998886313478984], "world_rotation": [0.040798788796482355, 0.9991661071138966, -0.0015966300765790772, 0.014924543761273872]}, {"color": "CVRed", "id_name": "object25887596164145", "shape": "CVCapsule", "id_string": "ob4993", "world_size": [0.04, 0.08, 0.04], "id": 4993, "camera_size": [17, 17], "camera_position": [252, 242], "world_position": [0.733943143494782, 0.6799269389787086, -0.1591292666418024], "world_orientation": [0.9999582657065248, -0.0005475599755031562, -0.009119595565191605, 0.0005630292280007544, 0.9999984070452747, 0.0016937842252300634, 0.009118653589639883, -0.0016988481351928768, 0.9999569811105504], "world_rotation": [0.18255344547704572, 0.9813781361998919, -0.05975946229080125, -0.00929229567771381]}, {"color": "CVPurple", "id_name": "object193568938913589", "shape": "CVCone", "id_string": "ob5000", "world_size": [0.04, 0.04, 0.04], "id": 5000, "camera_size": [17, 16], "camera_position": [271, 243], "world_position": [0.730809413467944, 0.6599525491872398, -0.1133643193621196], "world_orientation": [0.9999799513096014, -8.733796148908724e-05, -0.00633161519106443, 7.89024541084656e-05, 0.999999109080433, -0.0013325211981148658, 0.00633172592978965, 0.0013319949028328703, 0.9999790672990755], "world_rotation": [-0.2058861637144177, 0.9784916376569575, -0.012845334809384944, -0.00647089306036894]}, {"color": "CVYellow", "id_name": "object192308388553252", "shape": "CVCylinder", "id_string": "ob5007", "world_size": [0.04, 0.04, 0.04], "id": 5007, "camera_size": [18, 19], "camera_position": [250, 268], "world_position": [0.6712947446094167, 0.6999553227295824, -0.16355621021910086], "world_orientation": [0.9965658254728434, 0.08280361644210374, -0.0003414728968712463, -0.00037334649014415106, 0.0003694464648235228, -0.9999998620608446, -0.08280347886428824, 0.9965658154951025, 0.0003990921607547799], "world_rotation": [0.998283725455814, 0.041231039605210205, -0.04158851840513913, 1.57212914514029]}, {"color": "CVRed", "id_name": "object24921399493282", "shape": "CVCapsule", "id_string": "ob5014", "world_size": [0.04, 0.08, 0.04], "id": 5014, "camera_size": [17, 17], "camera_position": [270, 265], "world_position": [0.6787919775804686, 0.7198629504111965, -0.1173687343169471], "world_orientation": [0.9999737020966966, -0.0005366828688983206, 0.00723236382695431, 0.0005207383379308714, 0.9999974305076368, 0.002206311335158113, -0.007233529332947723, -0.00220248714467741, 0.9999714121432507], "world_rotation": [-0.29082283466202585, 0.9542309710734769, 0.0697519367710539, 0.007579942447691954]}, {"color": "CVRed", "id_name": "object143542152726266", "shape": "CVSphere", "id_string": "ob5021", "world_size": [0.04, 0.04, 0.04], "id": 5021, "camera_size": [22, 22], "camera_position": [248, 246], "world_position": [0.7218927785991823, 0.7398911014306222, -0.16716377668257235], "world_orientation": [0.9499101548370179, -0.0009370279431618041, 0.31252171079166063, 0.0003022238448343321, 0.9999977918252713, 0.0020796647156191847, -0.3125229693930676, -0.0018810431189932443, 0.949908340461607], "world_rotation": [-0.0063365398670535665, 0.9999779585024199, 0.001982617422909038, 0.31785447380479565]}, {"color": "CVRed", "id_name": "object212076030863904", "shape": "CVCylinder", "id_string": "ob5028", "world_size": [0.04, 0.04, 0.04], "id": 5028, "camera_size": [18, 17], "camera_position": [269, 248], "world_position": [0.7196162559092365, 0.6999457544149505, -0.11812434501294751], "world_orientation": [0.9987944861258544, -0.00024076640748774218, 0.049086826299196765, 0.00029418269616711157, 0.9999993724709343, -0.001080978389641699, -0.04908653523250307, 0.001094115750102318, 0.9987939301825947], "world_rotation": [0.02214988046028265, 0.9997398193382007, 0.005447607292843361, 0.04911920473244794]}], "source": "manual check"}
