{"timestamp": 1721664998.380525, "objects": [{"color": "cv_", "id_name": "hand", "shape": "CVBox", "id_string": "ob383", "world_size": [0.12, 0.005, 0.12], "id": 383, "camera_size": [48, 49], "camera_position": [246, 391], "world_position": [0.36268416453546026, 0.6559069270371579, -0.1740898765310786], "world_orientation": [-4.075486917319744e-06, -0.0015808471262637556, 0.9999987504520963, -0.0007631201686510659, -0.9999984592796101, -0.0015808497760537244, 0.999999708815457, -0.0007631256578287567, 2.8691043128915985e-06], "world_rotation": [0.0, 1.0, 0.0, 0.0]}, {"color": "CVRed", "id_name": "object117649820587429", "shape": "CVSphere", "id_string": "ob10768", "world_size": [0.04, 0.04, 0.04], "id": 10768, "camera_size": [16, 16], "camera_position": [255, 252], "world_position": [0.7099889709734567, 0.6199690341494853, -0.15011175345856206], "world_orientation": [0.9999876603335525, 0.00029933404711330014, -0.004958788133803382, -0.0002988481757350169, 0.9999999504718113, 9.872255607800365e-05, 0.004958817439225839, -9.723941308695159e-05, 0.9999877002614087], "world_rotation": [0.01971932192049443, 0.9979918951030179, 0.060194066582039574, -0.004968801064957851]}, {"color": "CVPurple", "id_name": "object216932840421069", "shape": "CVBox", "id_string": "ob10775", "world_size": [0.04, 0.04, 0.04], "id": 10775, "camera_size": [17, 17], "camera_position": [219, 295], "world_position": [0.5999993773543698, 0.6199879654904454, -0.24499981141918023], "world_orientation": [0.9999999996153291, -2.7608729354757342e-05, -2.664595577765761e-06, 2.760870906334319e-05, 0.9999999995898862, -7.614930780248175e-06, 2.6648058152443587e-06, 7.614857211271909e-06, 0.9999999999674564], "world_rotation": [-0.26474321513823, 0.09264231782696253, -0.959858547383895, -2.8763320687308606e-05]}, {"color": "CVRed", "id_name": "object204186042561049", "shape": "CVCylinder", "id_string": "ob10782", "world_size": [0.04, 0.04, 0.04], "id": 10782, "camera_size": [16, 17], "camera_position": [236, 295], "world_position": [0.5999851872100085, 0.6199817244933755, -0.19999154751077347], "world_orientation": [0.9999998248304344, -0.0005905952706404148, -3.9196006350098265e-05, 0.0005905793679260747, 0.9999997437971342, -0.00040450176294938806, 3.9434893136153314e-05, 0.0004044785437403325, 0.999999917420995], "world_rotation": [-0.5642180032739516, 0.05484060456960364, -0.8238024962768656, -0.0007169040790010313]}, {"color": "CVPurple", "id_name": "object220449163362454", "shape": "CVSphere", "id_string": "ob10789", "world_size": [0.04, 0.04, 0.04], "id": 10789, "camera_size": [16, 17], "camera_position": [254, 299], "world_position": [0.5900894642092652, 0.6199806292182384, -0.15411650080871295], "world_orientation": [0.9999946554284096, -0.00032316576691611946, -0.003253410288208029, 0.00032296652004352685, 0.9999999459386907, -6.17676535429404e-05, 0.003253430073515536, 6.07165808222346e-05, 0.9999947057391122], "world_rotation": [-0.01872850667575701, 0.9949313377695689, -0.09879714652636544, -0.003270000507016997]}, {"color": "CVYellow", "id_name": "object18244928883301", "shape": "CVBox", "id_string": "ob10796", "world_size": [0.04, 0.04, 0.04], "id": 10796, "camera_size": [16, 17], "camera_position": [271, 295], "world_position": [0.6, 0.6199874431539305, -0.11], "world_orientation": [1.0, 4.228388472693457e-17, -1.6957377686420176e-17, -4.228388472693457e-17, 1.0, 1.0733601507606494e-16, 1.6957377686420176e-17, -1.0733601507606494e-16, 1.0], "world_rotation": [0.92051720276698, 0.14542702990328832, 0.3626279889688094, -1.1660402951017529e-16]}, {"color": "CVRed", "id_name": "object244380859223862", "shape": "CVSphere", "id_string": "ob10803", "world_size": [0.04, 0.04, 0.04], "id": 10803, "camera_size": [16, 17], "camera_position": [289, 295], "world_position": [0.6, 0.6199874431539305, -0.065], "world_orientation": [1.0, 2.049142105997599e-16, 5.802954297681148e-18, -2.049142105997599e-16, 1.0, 6.179952383167331e-17, -5.802954297681148e-18, -6.179952383167331e-17, 1.0], "world_rotation": [-0.28863572672225335, 0.027102796704540077, -0.9570553043948448, 2.1410905896324258e-16]}, {"color": "CVBlue", "id_name": "object125785407396887", "shape": "CVBox", "id_string": "ob10810", "world_size": [0.04, 0.04, 0.04], "id": 10810, "camera_size": [17, 16], "camera_position": [219, 277], "world_position": [0.6450062520533504, 0.6202210461564882, -0.24524689653838552], "world_orientation": [0.9999998815691294, 0.00045928260891006607, -0.00016100065932904322, -0.0004572978813451529, 0.9999264694407997, 0.01211802749235218, 0.00016655442014205986, -0.012117952431943229, 0.9999265610476014], "world_rotation": [0.999194505099817, 0.013504353302296901, 0.037788535565942735, -0.012128056126614536]}, {"color": "CVBlue", "id_name": "object99585506982423", "shape": "CVSphere", "id_string": "ob10817", "world_size": [0.04, 0.04, 0.04], "id": 10817, "camera_size": [16, 16], "camera_position": [236, 277], "world_position": [0.6449399016452532, 0.6201366447061109, -0.20024908438863465], "world_orientation": [0.9999954654022212, -4.412502049260267e-05, -0.0030111838166631526, 7.258600159058582e-05, 0.999955323346974, 0.00945230349285897, 0.0030106322039632535, -0.00945247920025785, 0.9999507921546446], "world_rotation": [0.9528122907882001, 0.30350310873487035, -0.005882304923388725, -0.00992068058976559]}, {"color": "CVYellow", "id_name": "object258348607621426", "shape": "CVBox", "id_string": "ob10824", "world_size": [0.04, 0.04, 0.04], "id": 10824, "camera_size": [16, 16], "camera_position": [254, 283], "world_position": [0.6300890555130766, 0.6199733658726287, -0.1538039055716055], "world_orientation": [0.9999876726060131, -0.0003735209986778285, -0.004951274388795084, 0.0003690949057959087, 0.9999995315386366, -0.0008948136443612089, 0.004951606301000408, 0.0008929751234867615, 0.9999873420151221], "world_rotation": [-0.17717846453335415, 0.98142310021727, -0.07359680744112027, -0.005045185251332566]}, {"color": "CVYellow", "id_name": "object115518310429031", "shape": "CVCapsule", "id_string": "ob10831", "world_size": [0.04, 0.08, 0.04], "id": 10831, "camera_size": [17, 17], "camera_position": [272, 278], "world_position": [0.6450145217904022, 0.639959565298605, -0.11001265626964996], "world_orientation": [0.9999999600830913, 0.00028206742956628846, 1.6485778492589145e-05, -0.0002820731835530057, 0.9999998989416625, 0.00035007339773907817, -1.638703252307033e-05, -0.00035007803396125463, 0.9999999385884157], "world_rotation": [-0.778163528512916, 0.03653555710078493, -0.6269981466955573, 0.00044987424215013014]}, {"color": "CVBlue", "id_name": "object59773294626093", "shape": "CVCylinder", "id_string": "ob10838", "world_size": [0.04, 0.04, 0.04], "id": 10838, "camera_size": [16, 16], "camera_position": [289, 277], "world_position": [0.645, 0.6199874431539305, -0.065], "world_orientation": [1.0, 3.5778671692020784e-17, -3.6332864841185517e-17, -3.5778671692020784e-17, 1.0, 1.0733601507606489e-16, 3.6332864841185517e-17, -1.0733601507606489e-16, 1.0], "world_rotation": [0.9032531890035577, 0.3057480381601587, 0.3010843963345121, -1.18832699826363e-16]}, {"color": "CVYellow", "id_name": "object192620478062575", "shape": "CVCapsule", "id_string": "ob10845", "world_size": [0.04, 0.08, 0.04], "id": 10845, "camera_size": [18, 17], "camera_position": [218, 260], "world_position": [0.690002172513606, 0.6399748863883449, -0.2450003304958192], "world_orientation": [0.9999999999769031, 4.748782481992694e-10, -6.796621538766206e-06, -4.748771487052635e-10, 1.0, 1.6177194894708513e-10, 6.796621538766282e-06, -1.6176872137645282e-10, 0.9999999999769031], "world_rotation": [2.3801580505606443e-05, 0.999999997275857, 6.986966898922459e-05, -6.796621557333538e-06]}, {"color": "CVBlue", "id_name": "object180190740605087", "shape": "CVCapsule", "id_string": "ob10852", "world_size": [0.04, 0.08, 0.04], "id": 10852, "camera_size": [17, 17], "camera_position": [236, 260], "world_position": [0.6899445449770901, 0.6399622681008804, -0.20000471733643282], "world_orientation": [0.9999990597029528, -0.001370787307231211, 3.918377912609275e-05, 0.001370781282397651, 0.9999990487171103, 0.00015337389030305903, -3.9393984833328644e-05, -0.00015332003369504155, 0.9999999874705408], "world_rotation": [-0.11112949268153505, 0.02847238357716532, 0.9933979863225914, 0.0013798948142723507]}, {"color": "CVRed", "id_name": "object187317591128508", "shape": "CVCylinder", "id_string": "ob10859", "world_size": [0.04, 0.04, 0.04], "id": 10859, "camera_size": [16, 16], "camera_position": [253, 267], "world_position": [0.6700680882991366, 0.6199725175468849, -0.15518229655522067], "world_orientation": [0.9999859148735919, -0.00021936026535498816, -0.005303011927177542, 0.00021899618536754984, 0.9999999736235303, -6.923589753994215e-05, 0.005303026974907666, 6.807358296056384e-05, 0.9999859365365549], "world_rotation": [-0.012934223318997934, 0.9990633945268201, -0.04129212495962888, -0.005308015869964202]}, {"color": "CVPurple", "id_name": "object245650398957690", "shape": "CVCone", "id_string": "ob10866", "world_size": [0.04, 0.04, 0.04], "id": 10866, "camera_size": [16, 17], "camera_position": [273, 260], "world_position": [0.6896696951685982, 0.6199685733822236, -0.10556318807220266], "world_orientation": [0.9996238851420329, -0.00029602903363332313, 0.027422629712684318, 0.00031738074665946323, 0.9999996498897554, -0.0007742672849740143, -0.027422390906144574, 0.0007826794862376751, 0.9996236291173856], "world_rotation": [0.02837491022850032, 0.999534836588147, 0.01117921805094607, 0.027438715088706718]}, {"color": "CVPurple", "id_name": "object169968882317470", "shape": "CVCapsule", "id_string": "ob10873", "world_size": [0.04, 0.08, 0.04], "id": 10873, "camera_size": [17, 17], "camera_position": [290, 260], "world_position": [0.6898200670695729, 0.6399713807701676, -0.06486124020729189], "world_orientation": [0.9999616423423175, -0.00015349226548157965, 0.00875729890888341, 0.00014599826680043718, 0.9999996226522256, 0.0008563760345234666, -0.0087574270514338, -0.000855064635482138, 0.999961287418622], "world_rotation": [-0.09723712548981348, 0.9951157734947839, 0.017015838749713793, 0.008800459458694104]}, {"color": "CVGreen", "id_name": "object231529266287382", "shape": "CVSphere", "id_string": "ob10880", "world_size": [0.04, 0.04, 0.04], "id": 10880, "camera_size": [17, 16], "camera_position": [219, 242], "world_position": [0.734833984054683, 0.6199874431990389, -0.24515933142736632], "world_orientation": [0.9999645556207827, -1.705417859065045e-10, -0.008419471606375505, 1.710833695885965e-10, 1.0, 6.360491053341005e-11, 0.008419471606375505, -6.504308766941643e-11, 0.9999645556207827], "world_rotation": [7.639909261372762e-09, 0.9999999999999998, -2.0287802576376108e-08, -0.008419571082100659]}, {"color": "CVGreen", "id_name": "object258451158776515", "shape": "CVCone", "id_string": "ob10887", "world_size": [0.04, 0.04, 0.04], "id": 10887, "camera_size": [16, 16], "camera_position": [236, 242], "world_position": [0.7346027792455011, 0.6199748983119859, -0.20005308992256177], "world_orientation": [0.9999962776229496, 0.0010626442256682117, 0.0025130713269532305, -0.001063004869665502, 0.999999424903163, 0.00014217591512736747, -0.002512918799278618, -0.00014484679295338938, 0.9999968321242398], "world_rotation": [-0.052524459344034345, 0.9197440014903183, -0.38898862823120445, 0.0027322800537755727]}, {"color": "CVBlue", "id_name": "object24359109596735", "shape": "CVSphere", "id_string": "ob10894", "world_size": [0.04, 0.04, 0.04], "id": 10894, "camera_size": [15, 16], "camera_position": [254, 236], "world_position": [0.7499584997540771, 0.619965834981453, -0.15496994240491088], "world_orientation": [0.9999923754848512, 0.0006024881654356767, -0.0038582353705931397, -0.0005991059135375905, 0.9999994353330427, 0.0008777275774445549, 0.0038587620124529982, -0.0008754093935710023, 0.9999921717764221], "world_rotation": [0.2190234596096246, 0.9641023448693136, 0.15011792950251465, -0.004002177790162145]}, {"color": "CVPurple", "id_name": "object125491100734878", "shape": "CVCapsule", "id_string": "ob10901", "world_size": [0.04, 0.08, 0.04], "id": 10901, "camera_size": [17, 17], "camera_position": [272, 242], "world_position": [0.7349920501128884, 0.6399542535638693, -0.10998352355651102], "world_orientation": [0.9999999646413771, -0.0002657160750787807, 1.0593022134467516e-05, 0.00026571985118956396, 0.9999999005864507, -0.00035807827313912667, -1.0497873928062629e-05, 0.0003580810752542374, 0.999999935833867], "world_rotation": [0.8028242336815703, 0.023643177327845252, 0.5957468002259378, 0.00044602500902001587]}, {"color": "CVBlue", "id_name": "object224398453228336", "shape": "CVCapsule", "id_string": "ob10908", "world_size": [0.04, 0.08, 0.04], "id": 10908, "camera_size": [17, 17], "camera_position": [290, 242], "world_position": [0.735, 0.6399748858658902, -0.065], "world_orientation": [1.0, -9.627715291671303e-17, 2.6597159133585094e-18, 9.627715291671303e-17, 1.0, -2.1076890233118206e-16, -2.6597159133585094e-18, 2.1076890233118206e-16, 1.0], "world_rotation": [0.9095358415233338, 0.01147753261849028, 0.41546698933782017, 2.3173237678921624e-16]}, {"color": "CVPurple", "id_name": "object107731115178840", "shape": "CVSphere", "id_string": "ob10915", "world_size": [0.04, 0.04, 0.04], "id": 10915, "camera_size": [17, 16], "camera_position": [219, 224], "world_position": [0.78, 0.6199874431539305, -0.245], "world_orientation": [1.0, -2.2442984970449937e-16, -1.4488340486922525e-17, 2.2442984970449937e-16, 1.0, -5.952269926945416e-16, 1.4488340486922525e-17, 5.952269926945416e-16, 1.0], "world_rotation": [-0.9354546928465729, 0.022769777356192403, -0.3527124251716587, -6.362969764823948e-16]}, {"color": "CVYellow", "id_name": "object80679523184222", "shape": "CVSphere", "id_string": "ob10922", "world_size": [0.04, 0.04, 0.04], "id": 10922, "camera_size": [16, 16], "camera_position": [236, 224], "world_position": [0.78, 0.6199874431539305, -0.2], "world_orientation": [1.0, 1.7889335846010863e-16, -4.367536594091608e-17, -1.7889335846010863e-16, 1.0, -6.570265165262153e-16, 4.367536594091608e-17, 6.570265165262153e-16, 1.0], "world_rotation": [-0.9628953949226872, 0.06400778001840857, 0.26217448871657395, -6.823446451096272e-16]}, {"color": "CVGreen", "id_name": "object70683970573637", "shape": "CVCapsule", "id_string": "ob10929", "world_size": [0.04, 0.08, 0.04], "id": 10929, "camera_size": [17, 18], "camera_position": [254, 220], "world_position": [0.7899546304255042, 0.6399749812371562, -0.15500304210961763], "world_orientation": [0.9999944873050007, 0.0008193774897313925, -0.003217760111939012, -0.0008193829462467595, 0.9999996643056661, -3.7745743470479955e-07, 0.0032177587224750497, 3.014033114727846e-06, 0.9999948229964591], "world_rotation": [-0.0005106980236123792, 0.9690744236941222, 0.24676811084383174, -0.0033204522288366022]}, {"color": "CVGreen", "id_name": "object154647210211676", "shape": "CVSphere", "id_string": "ob10936", "world_size": [0.04, 0.04, 0.04], "id": 10936, "camera_size": [16, 16], "camera_position": [271, 224], "world_position": [0.78, 0.6199874431539305, -0.11], "world_orientation": [1.0, 4.228388472693457e-17, -1.6957377686420176e-17, -4.228388472693457e-17, 1.0, 1.0733601507606494e-16, 1.6957377686420176e-17, -1.0733601507606494e-16, 1.0], "world_rotation": [0.92051720276698, 0.14542702990328832, 0.3626279889688094, -1.1660402951017529e-16]}, {"color": "CVRed", "id_name": "object184801132590057", "shape": "CVBox", "id_string": "ob10943", "world_size": [0.04, 0.04, 0.04], "id": 10943, "camera_size": [16, 16], "camera_position": [289, 224], "world_position": [0.78, 0.6199874431539305, -0.065], "world_orientation": [1.0, 4.228388472693457e-17, -1.6957377686420176e-17, -4.228388472693457e-17, 1.0, 1.0733601507606494e-16, 1.6957377686420176e-17, -1.0733601507606494e-16, 1.0], "world_rotation": [0.92051720276698, 0.14542702990328832, 0.3626279889688094, -1.1660402951017529e-16]}, {"color": "CVBlue", "id_name": "object40363330824841", "shape": "CVSphere", "id_string": "ob10950", "world_size": [0.04, 0.04, 0.04], "id": 10950, "camera_size": [16, 17], "camera_position": [233, 280], "world_position": [0.6399395869865092, 0.6600704983264079, -0.2056558922747465], "world_orientation": [0.9999961259745107, -0.0002968674680549246, -0.002767653460415461, 0.0003238638100087115, 0.9999523284042747, 0.009758894973425972, 0.002764624423516811, -0.009759753510012573, 0.9999485507080957], "world_rotation": [0.9616509183771317, 0.2725660084669824, -0.030582384027346726, -0.010148684502305962]}, {"color": "CVPurple", "id_name": "object187828655791695", "shape": "CVCapsule", "id_string": "ob10957", "world_size": [0.04, 0.08, 0.04], "id": 10957, "camera_size": [17, 18], "camera_position": [252, 285], "world_position": [0.6290624177626785, 0.6799647814475144, -0.1604505707051249], "world_orientation": [0.9998605573501723, 0.0001672327631491352, -0.0166984397057352, -0.00017491809560836856, 0.9999998794608661, -0.0004587830785134519, 0.016698360969357836, 0.0004616399638582471, 0.9998604660798831], "world_rotation": [-0.027548310519894943, 0.9995680171128978, 0.01024059336608178, -0.01670639400309788]}, {"color": "CVYellow", "id_name": "object153590705874341", "shape": "CVSphere", "id_string": "ob10964", "world_size": [0.04, 0.04, 0.04], "id": 10964, "camera_size": [16, 17], "camera_position": [270, 281], "world_position": [0.6400273338416378, 0.6999461463699491, -0.11504195671066297], "world_orientation": [0.999999983809662, 0.00017966341861193496, 1.0086229074654204e-05, -0.0001796679704854311, 0.9999998811991894, 0.0004531236338823435, -1.0004818135280319e-05, -0.0004531254387184265, 0.9999998972886149], "world_rotation": [-0.9293957598126722, 0.020604196629434978, -0.368509143337694, 0.0004875474731487823]}, {"color": "CVPurple", "id_name": "object261913990779429", "shape": "CVCone", "id_string": "ob10971", "world_size": [0.04, 0.04, 0.04], "id": 10971, "camera_size": [17, 17], "camera_position": [233, 262], "world_position": [0.684863543682859, 0.6999415647057148, -0.2048455730692178], "world_orientation": [0.9999989122337773, -0.0014744469355996719, 3.921091926025064e-05, 0.001474437023022788, 0.999998881355747, 0.0002516400602225801, -3.9581905312842615e-05, -0.00025158197246595945, 0.9999999675698916], "world_rotation": [-0.16815825349240615, 0.02632965750159344, 0.9854083168505492, 0.0014962757105575755]}, {"color": "CVRed", "id_name": "object134446685184003", "shape": "CVCone", "id_string": "ob10978", "world_size": [0.04, 0.04, 0.04], "id": 10978, "camera_size": [18, 18], "camera_position": [252, 267], "world_position": [0.6717844795276399, 0.6599583255284694, -0.1584866297957586], "world_orientation": [0.9977878665680242, -0.0002749555643778399, 0.06647779876822503, 0.0002714686393280652, 0.9999999612621376, 6.14857791189113e-05, -0.06647781309887431, -4.3303126794196e-05, 0.9977879025576681], "world_rotation": [-0.0007881426509989216, 0.9999912441972748, 0.0041097883094213935, 0.06652745114030652]}, {"color": "CVRed", "id_name": "object69885723562582", "shape": "CVSphere", "id_string": "ob10985", "world_size": [0.04, 0.04, 0.04], "id": 10985, "camera_size": [17, 17], "camera_position": [274, 262], "world_position": [0.6856204202463404, 0.6599540625344036, -0.10520087568513546], "world_orientation": [0.9999103988529119, -0.00017365879757916735, 0.0133852197752977, 0.00018638063382602922, 0.999999532143043, -0.0009491975319818244, -0.01338504867642744, 0.0009516072285397673, 0.9999099634045119], "world_rotation": [0.0708196351815359, 0.9973989358816207, 0.01341424522531545, 0.01342044346388679]}, {"color": "CVGreen", "id_name": "object35270175200493", "shape": "CVSphere", "id_string": "ob10992", "world_size": [0.04, 0.04, 0.04], "id": 10992, "camera_size": [17, 17], "camera_position": [234, 244], "world_position": [0.7299240877682887, 0.6599662658723427, -0.20470983721605435], "world_orientation": [0.9999993485655929, 0.0009703622383586722, 0.000601053671745599, -0.000970504220012335, 0.9999995012186363, 0.0002359746543401455, -0.0006008243910574603, -0.00023655782574298666, 0.9999997915252016], "world_rotation": [-0.20269426602668142, 0.5155493052045377, -0.8325406587206557, 0.0011656288960468111]}, {"color": "CVPurple", "id_name": "object208247444120047", "shape": "CVCone", "id_string": "ob10999", "world_size": [0.04, 0.04, 0.04], "id": 10999, "camera_size": [17, 17], "camera_position": [252, 241], "world_position": [0.7371900040300982, 0.6599474924339352, -0.15968014713723422], "world_orientation": [0.999965363540871, 0.0004758485168573936, -0.008309349358569819, -0.00047038694019044513, 0.9999996720806107, 0.0006592228739747138, 0.00830966032399991, -0.000655291431408827, 0.9999652594657676], "world_rotation": [0.07872404686281217, 0.9952844877427305, 0.05666844716623597, -0.00834897105352081]}, {"color": "CVRed", "id_name": "object24981664886727", "shape": "CVSphere", "id_string": "ob11006", "world_size": [0.04, 0.04, 0.04], "id": 11006, "camera_size": [16, 16], "camera_position": [270, 243], "world_position": [0.7299748819835885, 0.6999334130748762, -0.11496091828176118], "world_orientation": [0.9999999416537805, -0.0003409092308924004, 2.1756193659159065e-05, 0.00034091284385764627, 0.9999999280648648, -0.0001662789769798853, -2.1699506056011474e-05, 0.00016628638424398187, 0.9999999859389849], "world_rotation": [0.4376733559643489, 0.05718996668842711, 0.8973134018775607, 0.000379924165696189]}, {"color": "CVBlue", "id_name": "object100749551123473", "shape": "CVSphere", "id_string": "ob11013", "world_size": [0.04, 0.04, 0.04], "id": 11013, "camera_size": [20, 21], "camera_position": [253, 262], "world_position": [0.6852366948364209, 0.6999494711349926, -0.15593372669168024], "world_orientation": [0.9632010975598377, -0.2687816673998258, -0.00024683859769367156, -0.0002550700181029597, 4.296677974507251e-06, -0.9999999674604118, 0.26878165971436696, 0.9632011291787962, -6.441957982850771e-05], "world_rotation": [-0.9817672896056215, 0.13453709865314029, -0.13428610555983375, -1.5892268828799783]}, {"color": "CVPurple", "id_name": "object85997034384756", "shape": "CVBox", "id_string": "ob11020", "world_size": [0.04, 0.04, 0.04], "id": 11020, "camera_size": [19, 19], "camera_position": [275, 263], "world_position": [0.6835884395127534, 0.6999573951993128, -0.10393267188545137], "world_orientation": [7.295338817293363e-05, 0.9839382433037603, -0.1785091819546362, -0.9999999417064097, 1.2237377458521048e-05, -0.00034122928341308306, -0.00033356405744591755, 0.17850919644252744, 0.9839381868392256], "world_rotation": [-0.0894280662502651, 0.0890906515699772, 0.9920007443392245, -1.5787847229547458]}, {"color": "CVYellow", "id_name": "object230957482055374", "shape": "CVBox", "id_string": "ob11027", "world_size": [0.04, 0.04, 0.04], "id": 11027, "camera_size": [17, 17], "camera_position": [254, 239], "world_position": [0.7412260092361505, 0.6999308744615458, -0.15510114815229697], "world_orientation": [-0.000355722872025023, 0.9999732962977854, 0.007299325488014874, -0.9999999040566852, -0.0003575793271922923, 0.0002530289418744255, 0.00025563227296187185, -0.00729923477951148, 0.9999733275561778], "world_rotation": [-0.0037761321191514914, 0.0035218468485804046, -0.9999866686216342, 1.5711663141248577]}, {"color": "CVGreen", "id_name": "object143740720663175", "shape": "CVBox", "id_string": "ob11034", "world_size": [0.04, 0.04, 0.04], "id": 11034, "camera_size": [18, 19], "camera_position": [267, 243], "world_position": [0.7304147556025272, 0.7399296204201872, -0.12299501220523164], "world_orientation": [0.9975459922283505, -0.0002646280706891988, 0.07001373694597338, 0.00029053077353620975, 0.9999998930739535, -0.0003597832006299182, -0.07001363425094703, 0.0003792414350125377, 0.9975459624472993], "world_rotation": [0.005277600580550313, 0.9999782143654243, 0.003964558821553496, 0.07007254142475035]}], "source": "manual check"}
