{"timestamp": 1721665489.86554, "objects": [{"color": "cv_", "id_name": "hand", "shape": "CVBox", "id_string": "ob383", "world_size": [0.12, 0.005, 0.12], "id": 383, "camera_size": [48, 49], "camera_position": [246, 391], "world_position": [0.3626748906906155, 0.65550941316845, -0.17408983992411045], "world_orientation": [-4.108501528645061e-06, -0.0015808996544045709, 0.9999987503689208, -0.0007631202334917483, -0.9999984591964801, -0.0015809023293738636, 0.9999997088152723, -0.0007631257750130312, 2.9020786852188087e-06], "world_rotation": [0.0, 1.0, 0.0, 0.0]}, {"color": "CVYellow", "id_name": "object7647364177962", "shape": "CVBox", "id_string": "ob15955", "world_size": [0.04, 0.04, 0.04], "id": 15955, "camera_size": [16, 16], "camera_position": [256, 252], "world_position": [0.7098820191311015, 0.6199497046163295, -0.14918802012052948], "world_orientation": [0.9999792157337934, 0.00034672805650400734, -0.0064380028023167946, -0.00034075245044722335, 0.9999995101903458, 0.0009292506852461022, 0.006438321846204971, -0.0009270376062216095, 0.9999788440827543], "world_rotation": [0.14248897176337608, 0.988388639680861, 0.05277110834190125, -0.006513842424632247]}, {"color": "CVYellow", "id_name": "object237592003836309", "shape": "CVBox", "id_string": "ob15962", "world_size": [0.04, 0.04, 0.04], "id": 15962, "camera_size": [17, 17], "camera_position": [219, 295], "world_position": [0.6, 0.6199874431539305, -0.245], "world_orientation": [1.0, 3.2526065174562914e-18, -5.85631424552212e-17, -3.2526065174562914e-18, 1.0, 6.830473686658622e-17, 5.85631424552212e-17, -6.830473686658622e-17, 1.0], "world_rotation": [0.7586719037870137, 0.650470418545561, 0.03612723351366515, -9.003198421561925e-17]}, {"color": "CVGreen", "id_name": "object176631974751544", "shape": "CVCapsule", "id_string": "ob15969", "world_size": [0.04, 0.08, 0.04], "id": 15969, "camera_size": [17, 20], "camera_position": [236, 296], "world_position": [0.5984776087717328, 0.6405665422023483, -0.20019814647471254], "world_orientation": [0.999444039565734, -0.03239934745483683, 0.007867277866481113, 0.032391065026191226, 0.9994745776391538, 0.0011779471567659454, -0.00790130894198657, -0.0009224627558008459, 0.9999683586891475], "world_rotation": [-0.031483442198566594, 0.23635833575494292, 0.9711557701967709, 0.03336356330654275]}, {"color": "CVYellow", "id_name": "object116733216243533", "shape": "CVCone", "id_string": "ob15976", "world_size": [0.04, 0.04, 0.04], "id": 15976, "camera_size": [15, 18], "camera_position": [254, 299], "world_position": [0.5889632573120402, 0.6207306686885049, -0.15517590672503173], "world_orientation": [0.9992629960647528, -0.03836484117453098, 0.0012663559321220545, 0.03836429253901851, 0.999263716080708, 0.0004547334987634108, -0.0012828693130699303, -0.0004058155089468811, 0.9999990947796394], "world_rotation": [-0.011208525213872453, 0.03320328671646532, 0.9993857667156133, 0.038397580838828126]}, {"color": "CVPurple", "id_name": "object22284687959738", "shape": "CVSphere", "id_string": "ob15983", "world_size": [0.04, 0.04, 0.04], "id": 15983, "camera_size": [16, 17], "camera_position": [271, 295], "world_position": [0.6000608014490456, 0.6199711346957483, -0.10977539018444599], "world_orientation": [0.9999823380786309, -0.0008512417292322287, -0.005882084521080293, 0.0008506689198802384, 0.999999633192798, -9.988322266757155e-05, 0.005882167388256513, 9.487775205176417e-05, 0.9999826954027898], "world_rotation": [-0.016382553806164324, 0.9895642090091042, -0.14315826269892343, -0.005944192949320628]}, {"color": "CVPurple", "id_name": "object61186961793917", "shape": "CVSphere", "id_string": "ob15990", "world_size": [0.04, 0.04, 0.04], "id": 15990, "camera_size": [16, 17], "camera_position": [289, 295], "world_position": [0.6, 0.6199874431539305, -0.065], "world_orientation": [1.0, 2.049142105997599e-16, 5.802954297681148e-18, -2.049142105997599e-16, 1.0, 6.179952383167331e-17, -5.802954297681148e-18, -6.179952383167331e-17, 1.0], "world_rotation": [-0.28863572672225335, 0.027102796704540077, -0.9570553043948448, 2.1410905896324258e-16]}, {"color": "CVYellow", "id_name": "object100834741949571", "shape": "CVCylinder", "id_string": "ob15997", "world_size": [0.04, 0.04, 0.04], "id": 15997, "camera_size": [17, 16], "camera_position": [219, 277], "world_position": [0.6450005670685878, 0.6199874425957873, -0.2449810304675914], "world_orientation": [0.9999937715309072, 1.2242631083339562e-05, -0.003529412062959238, -1.1629800811920033e-05, 0.9999999848542227, 0.00017365569984987108, 0.0035294141355062176, -0.00017361357188143642, 0.9999937565276036], "world_rotation": [0.049136754194572314, 0.9987863483774366, 0.003377822092395305, -0.003533709136426391]}, {"color": "CVBlue", "id_name": "object4561743604252", "shape": "CVCylinder", "id_string": "ob16004", "world_size": [0.04, 0.04, 0.04], "id": 16004, "camera_size": [16, 16], "camera_position": [236, 277], "world_position": [0.6453181457672895, 0.6203034073789842, -0.19972821542751829], "world_orientation": [0.9995189950789728, -0.018841067603612933, -0.024633161548540325, 0.018842032181289207, 0.9998224545323188, -0.00019296696270235098, 0.02463242374594226, -0.00027126467798076876, 0.9996965390136523], "world_rotation": [0.0012623541759917475, 0.7942839341866486, -0.6075454208163483, -0.03101755159755828]}, {"color": "CVGreen", "id_name": "object195582864285555", "shape": "CVCylinder", "id_string": "ob16011", "world_size": [0.04, 0.04, 0.04], "id": 16011, "camera_size": [16, 16], "camera_position": [254, 283], "world_position": [0.6299759197240684, 0.6199716355981585, -0.15494852158773031], "world_orientation": [0.9999836559825174, -0.0005412817934902493, -0.005691641402830299, 0.0005377112029605716, 0.999999657706568, -0.0006288508640062913, 0.005691979840142336, 0.000625780126711246, 0.9999836047479641], "world_rotation": [-0.10906736003854925, 0.9895989544620604, -0.09379882889364197, -0.005751665337116185]}, {"color": "CVRed", "id_name": "object6308105506310", "shape": "CVSphere", "id_string": "ob16018", "world_size": [0.04, 0.04, 0.04], "id": 16018, "camera_size": [16, 16], "camera_position": [271, 277], "world_position": [0.6452280562813537, 0.6199841088312016, -0.10968876889452493], "world_orientation": [0.9999676210518931, 0.00015516175131468317, -0.008045667942994213, -0.00015458197859704136, 0.9999999854108655, 7.268205200267293e-05, 0.008045679103089362, -7.143598336451888e-05, 0.9999676304484413], "world_rotation": [0.008954226512589517, 0.9997747053393523, 0.01924474970407011, -0.008047573443272735]}, {"color": "CVGreen", "id_name": "object98043715143488", "shape": "CVSphere", "id_string": "ob16025", "world_size": [0.04, 0.04, 0.04], "id": 16025, "camera_size": [16, 16], "camera_position": [289, 277], "world_position": [0.645, 0.6199874431539305, -0.065], "world_orientation": [1.0, 3.5778671692020784e-17, -3.6332864841185517e-17, -3.5778671692020784e-17, 1.0, 1.0733601507606489e-16, 3.6332864841185517e-17, -1.0733601507606489e-16, 1.0], "world_rotation": [0.9032531890035577, 0.3057480381601587, 0.3010843963345121, -1.18832699826363e-16]}, {"color": "CVBlue", "id_name": "object8343618054957", "shape": "CVSphere", "id_string": "ob16032", "world_size": [0.04, 0.04, 0.04], "id": 16032, "camera_size": [18, 17], "camera_position": [218, 261], "world_position": [0.688501350107486, 0.6199874431898115, -0.24650955094334093], "world_orientation": [0.9971678726511461, -3.956479289879705e-11, -0.07520793676459903, 1.6535737414415458e-12, 1.0, -5.041476195185115e-10, 0.07520793676459903, 5.025954473880314e-10, 0.9971678726511461], "world_rotation": [-6.693063991754292e-09, 1.0, -2.740293672013112e-10, -0.0752790167790348]}, {"color": "CVBlue", "id_name": "object230141332843927", "shape": "CVCone", "id_string": "ob16039", "world_size": [0.04, 0.04, 0.04], "id": 16039, "camera_size": [16, 15], "camera_position": [236, 260], "world_position": [0.6900047879735024, 0.6199781486872745, -0.19986854211213007], "world_orientation": [0.9999997766509651, 0.0005372211243812327, 0.0003976071974803303, -0.0005376560121540483, 0.9999992565361018, 0.0010944648264776431, -0.0003970189322490857, -0.0010946783579301711, 0.9999993220274003], "world_rotation": [-0.8534726788386662, 0.3097977767949537, -0.4190581391273232, 0.0012824920110498757]}, {"color": "CVGreen", "id_name": "object170267166074349", "shape": "CVCone", "id_string": "ob16046", "world_size": [0.04, 0.04, 0.04], "id": 16046, "camera_size": [16, 16], "camera_position": [254, 267], "world_position": [0.6699619930763783, 0.6199705139178806, -0.15425680335339045], "world_orientation": [0.9999781047886539, 0.00020964708757097332, -0.0066140752483335626, -0.00020632439712208272, 0.9999998521880131, 0.0005030449234245497, 0.006614179732597073, -0.0005016692640615037, 0.9999780002352124], "world_rotation": [0.07569680132804112, 0.9966382496435847, 0.031339968348339506, -0.006636486251684206]}, {"color": "CVBlue", "id_name": "object83638637160413", "shape": "CVSphere", "id_string": "ob16053", "world_size": [0.04, 0.04, 0.04], "id": 16053, "camera_size": [17, 16], "camera_position": [272, 259], "world_position": [0.6905315142841533, 0.6199725539915565, -0.10915009697248129], "world_orientation": [0.9998736621433042, -4.987775372494921e-05, -0.015895196266400673, 4.462983495692737e-05, 0.9999999443849688, -0.00033051208325552957, 0.015895211867589125, 0.0003297609270813417, 0.9998736087613351], "world_rotation": [-0.020764996952956367, 0.9997799663183875, -0.002972179326259571, -0.015899372175674834]}, {"color": "CVBlue", "id_name": "object270350305299920", "shape": "CVSphere", "id_string": "ob16060", "world_size": [0.04, 0.04, 0.04], "id": 16060, "camera_size": [16, 15], "camera_position": [289, 260], "world_position": [0.69, 0.6199874431539305, -0.065], "world_orientation": [1.0, 4.228388472693457e-17, -1.6957377686420176e-17, -4.228388472693457e-17, 1.0, 1.0733601507606494e-16, 1.6957377686420176e-17, -1.0733601507606494e-16, 1.0], "world_rotation": [0.92051720276698, 0.14542702990328832, 0.3626279889688094, -1.1660402951017529e-16]}, {"color": "CVRed", "id_name": "object267377117915560", "shape": "CVBox", "id_string": "ob16067", "world_size": [0.04, 0.04, 0.04], "id": 16067, "camera_size": [17, 16], "camera_position": [219, 242], "world_position": [0.7349999996015892, 0.6199874431540499, -0.24500000000163216], "world_orientation": [1.0, -1.4887862946335786e-11, -9.924443700906908e-09, 1.4887862946335786e-11, 1.0, 6.02057874378814e-12, 9.924443700906908e-09, -6.02057874378814e-12, 1.0], "world_rotation": [0.0006066406383246067, 0.9999986908146732, -0.0015001186871566009, -9.924456693859989e-09]}, {"color": "CVPurple", "id_name": "object274287435526127", "shape": "CVSphere", "id_string": "ob16074", "world_size": [0.04, 0.04, 0.04], "id": 16074, "camera_size": [16, 16], "camera_position": [236, 242], "world_position": [0.7349726934402053, 0.6199752785794288, -0.19997913873707154], "world_orientation": [0.9999999785104623, -0.00012658465470135623, 0.00016418099812593636, 0.00012655993624444075, 0.9999999806574671, 0.00015055778948069428, -0.0001642000532560614, -0.00015053700750861356, 0.9999999751884756], "world_rotation": [-0.5875936314789204, 0.6408434035386736, 0.4940176680913181, 0.0002562100609613797]}, {"color": "CVBlue", "id_name": "object89654412701668", "shape": "CVCone", "id_string": "ob16081", "world_size": [0.04, 0.04, 0.04], "id": 16081, "camera_size": [16, 16], "camera_position": [254, 236], "world_position": [0.7498585610214152, 0.6199575809200282, -0.15389658513473184], "world_orientation": [0.9999757749929435, 0.00035971291328892955, -0.006951261315906559, -0.0003566888676011406, 0.9999998412205944, 0.00043627037242584244, 0.006951417144276066, -0.0004337803662458206, 0.999975744522976], "world_rotation": [0.06237689172978572, 0.9967302256289434, 0.051361276228361875, -0.006974199641221726]}, {"color": "CVRed", "id_name": "object138958438370983", "shape": "CVCone", "id_string": "ob16088", "world_size": [0.04, 0.04, 0.04], "id": 16088, "camera_size": [16, 16], "camera_position": [272, 241], "world_position": [0.735893519975469, 0.6199713271039107, -0.10887479033958895], "world_orientation": [0.9999993026834695, 0.00032521475232254616, 0.001135283198069964, -0.00032476016572416996, 0.9999998670339203, -0.0004005783026497057, -0.0011354133210892806, 0.00040020932856031047, 0.9999992753342793], "world_rotation": [0.3210919842590648, 0.9104816590202522, -0.26062057906524855, 0.0012469757546089203]}, {"color": "CVGreen", "id_name": "object182556622334573", "shape": "CVCylinder", "id_string": "ob16095", "world_size": [0.04, 0.04, 0.04], "id": 16095, "camera_size": [16, 16], "camera_position": [289, 242], "world_position": [0.735, 0.6199874431539305, -0.065], "world_orientation": [1.0, 4.228388472693457e-17, -1.6957377686420176e-17, -4.228388472693457e-17, 1.0, 1.0733601507606494e-16, 1.6957377686420176e-17, -1.0733601507606494e-16, 1.0], "world_rotation": [0.92051720276698, 0.14542702990328832, 0.3626279889688094, -1.1660402951017529e-16]}, {"color": "CVBlue", "id_name": "object105815986805933", "shape": "CVCone", "id_string": "ob16102", "world_size": [0.04, 0.04, 0.04], "id": 16102, "camera_size": [17, 16], "camera_position": [219, 224], "world_position": [0.78, 0.6199874431539305, -0.245], "world_orientation": [1.0, -2.2442984970449937e-16, -1.4488340486922525e-17, 2.2442984970449937e-16, 1.0, -5.952269926945416e-16, 1.4488340486922525e-17, 5.952269926945416e-16, 1.0], "world_rotation": [-0.9354546928465729, 0.022769777356192403, -0.3527124251716587, -6.362969764823948e-16]}, {"color": "CVYellow", "id_name": "object194418256423421", "shape": "CVCone", "id_string": "ob16109", "world_size": [0.04, 0.04, 0.04], "id": 16109, "camera_size": [16, 16], "camera_position": [236, 224], "world_position": [0.78, 0.6199874431539305, -0.2], "world_orientation": [1.0, 1.7889335846010863e-16, -4.367536594091608e-17, -1.7889335846010863e-16, 1.0, -6.570265165262153e-16, 4.367536594091608e-17, 6.570265165262153e-16, 1.0], "world_rotation": [-0.9628953949226872, 0.06400778001840857, 0.26217448871657395, -6.823446451096272e-16]}, {"color": "CVPurple", "id_name": "object171745001688428", "shape": "CVCapsule", "id_string": "ob16116", "world_size": [0.04, 0.08, 0.04], "id": 16116, "camera_size": [17, 18], "camera_position": [254, 220], "world_position": [0.7898628210916665, 0.6399748551511578, -0.15471210013397485], "world_orientation": [0.9999670095507728, 0.0008049998040551308, -0.00808280801455359, -0.0008050182492714556, 0.9999996759722848, 9.714266494270881e-07, 0.00808280617749804, 5.535413355455064e-06, 0.9999673335732804], "world_rotation": [-0.0002809369268292535, 0.9950769500323151, 0.09910491707694642, -0.00812288535282523]}, {"color": "CVPurple", "id_name": "object230700281508554", "shape": "CVBox", "id_string": "ob16123", "world_size": [0.04, 0.04, 0.04], "id": 16123, "camera_size": [16, 16], "camera_position": [271, 224], "world_position": [0.78, 0.6199874431539305, -0.11], "world_orientation": [1.0, 4.228388472693457e-17, -1.6957377686420176e-17, -4.228388472693457e-17, 1.0, 1.0733601507606494e-16, 1.6957377686420176e-17, -1.0733601507606494e-16, 1.0], "world_rotation": [0.92051720276698, 0.14542702990328832, 0.3626279889688094, -1.1660402951017529e-16]}, {"color": "CVGreen", "id_name": "object140169628914641", "shape": "CVBox", "id_string": "ob16130", "world_size": [0.04, 0.04, 0.04], "id": 16130, "camera_size": [16, 16], "camera_position": [289, 224], "world_position": [0.78, 0.6199874431539305, -0.065], "world_orientation": [1.0, 4.228388472693457e-17, -1.6957377686420176e-17, -4.228388472693457e-17, 1.0, 1.0733601507606494e-16, 1.6957377686420176e-17, -1.0733601507606494e-16, 1.0], "world_rotation": [0.92051720276698, 0.14542702990328832, 0.3626279889688094, -1.1660402951017529e-16]}, {"color": "CVRed", "id_name": "object25840326620028", "shape": "CVCapsule", "id_string": "ob16137", "world_size": [0.04, 0.08, 0.04], "id": 16137, "camera_size": [19, 20], "camera_position": [234, 281], "world_position": [0.6386627719803047, 0.6803416850985713, -0.20397992399694692], "world_orientation": [0.9969972115247651, -0.032396422636019086, -0.07033514066404696, 0.03236512431172719, 0.9994748555898205, -0.0015848570894315215, 0.07034954825817495, -0.0006963074722461876, 0.9975221582580384], "world_rotation": [-0.005737113639435088, 0.9083612575649916, -0.41814699721752757, -0.07751633901342532]}, {"color": "CVYellow", "id_name": "object117860570016739", "shape": "CVCylinder", "id_string": "ob16144", "world_size": [0.04, 0.04, 0.04], "id": 16144, "camera_size": [17, 17], "camera_position": [252, 285], "world_position": [0.6287007171014665, 0.6599581807714432, -0.15981442415916655], "world_orientation": [0.9997104141672946, -0.0008421869485527566, -0.02404950158735952, 0.0008253735071205253, 0.9999994080131773, -0.0007090358725758638, 0.024050084491129425, 0.0006889807243626256, 0.9997105174706983], "world_rotation": [-0.029035345947663292, 0.9989782129816754, -0.03463349063605366, -0.024076718038479834]}, {"color": "CVGreen", "id_name": "object130424254892004", "shape": "CVBox", "id_string": "ob16151", "world_size": [0.04, 0.04, 0.04], "id": 16151, "camera_size": [16, 17], "camera_position": [270, 296], "world_position": [0.6010414781032324, 0.659956469469077, -0.11420257276902633], "world_orientation": [-0.001200316724239413, -0.9999609083526837, -0.00876019441777759, 0.9999992638255306, -0.0011987136909045438, -0.00018823890276140764, 0.00017773057920903414, -0.008760413915049245, 0.9999616110430832], "world_rotation": [0.004286090689110268, 0.004468965817267655, -0.999980828701795, -1.5720150367826093]}, {"color": "CVYellow", "id_name": "object83536276999497", "shape": "CVSphere", "id_string": "ob16158", "world_size": [0.04, 0.04, 0.04], "id": 16158, "camera_size": [18, 18], "camera_position": [233, 261], "world_position": [0.6865010141941879, 0.6600158516032897, -0.20520097594999115], "world_orientation": [0.9984422639830046, 0.0010095723386032115, -0.05578553805589134, -0.0007059709485417513, 0.9999848354157621, 0.005461734480089078, 0.055790206107452125, -0.005413843570357947, 0.9984278357499272], "world_rotation": [0.09700147854362633, 0.9951666112133539, 0.015301277282618944, -0.056088229453381766]}, {"color": "CVBlue", "id_name": "object76626486264411", "shape": "CVBox", "id_string": "ob16165", "world_size": [0.04, 0.04, 0.04], "id": 16165, "camera_size": [16, 17], "camera_position": [252, 262], "world_position": [0.6852641315447602, 0.6599422870903583, -0.15860432055591245], "world_orientation": [0.9992364406110429, 0.0015549024182495664, 0.039039954321743085, -0.0015954871954575959, 0.9999982187370758, 0.0010084360587501253, -0.039038316761653494, -0.0010699538051608954, 0.9992371415351171], "world_rotation": [-0.02658826660069753, 0.9988337238040707, -0.04030206286114787, 0.03909467703503988]}, {"color": "CVRed", "id_name": "object205031457489051", "shape": "CVBox", "id_string": "ob16172", "world_size": [0.04, 0.04, 0.04], "id": 16172, "camera_size": [16, 17], "camera_position": [270, 262], "world_position": [0.6853236509149424, 0.6599617457950095, -0.11417405307477069], "world_orientation": [0.9999883341522035, 0.0001844676735484445, 0.004826751617643774, -0.00018255581608461464, 0.9999999047172049, -0.00039653367465582694, -0.0048268243053818365, 0.00039564789717373374, 0.9999882725461666], "world_rotation": [0.08172738303954619, 0.9959351810473586, -0.03786489157085012, 0.004846507030971264]}, {"color": "CVGreen", "id_name": "object251820968877922", "shape": "CVSphere", "id_string": "ob16179", "world_size": [0.04, 0.04, 0.04], "id": 16179, "camera_size": [17, 17], "camera_position": [234, 244], "world_position": [0.7300279802645219, 0.6599613715875495, -0.20468172999191958], "world_orientation": [0.9999842271522261, -0.00019908468307711558, 0.0056130038352044595, 0.00019768481044058828, 0.999999949222398, 0.0002499518299116976, -0.005613053311770427, -0.0002488382818603721, 0.9999842157314428], "world_rotation": [-0.04436002434620117, 0.9983922226975009, 0.035286794940149455, 0.005622097223317761]}, {"color": "CVGreen", "id_name": "object41440263810466", "shape": "CVCapsule", "id_string": "ob16186", "world_size": [0.04, 0.08, 0.04], "id": 16186, "camera_size": [17, 18], "camera_position": [252, 242], "world_position": [0.733053443849044, 0.6799233260865205, -0.15931269091066655], "world_orientation": [0.9997763358827579, -0.0009163324800010947, -0.02112909235232194, 0.0009385441665166711, 0.9999990173675516, 0.001041344697359435, 0.02112811737222112, -0.001060942372288019, 0.9997762134885928], "world_rotation": [0.04964065006050455, 0.9978063370865732, -0.04379862476661269, -0.021176638538702063]}, {"color": "CVYellow", "id_name": "object199084536393668", "shape": "CVSphere", "id_string": "ob16193", "world_size": [0.04, 0.04, 0.04], "id": 16193, "camera_size": [16, 16], "camera_position": [270, 243], "world_position": [0.7307494724079677, 0.6599592390466598, -0.11405118934319995], "world_orientation": [0.9999998636270817, 0.00035741109537782984, -0.0003807927612443788, -0.00035759119277969725, 0.999999824204112, -0.00047299078626949196, 0.00038062364214758393, 0.00047312688990402843, 0.9999998156382776], "world_rotation": [-0.6713395138790303, 0.5402804862287873, 0.5073462853959338, -0.0007046492385074046]}, {"color": "CVGreen", "id_name": "object40121368341898", "shape": "CVCapsule", "id_string": "ob16200", "world_size": [0.04, 0.08, 0.04], "id": 16200, "camera_size": [18, 18], "camera_position": [249, 266], "world_position": [0.6761297751271387, 0.7199223531221794, -0.16574447439873954], "world_orientation": [0.997634612947308, 0.0012232065146759491, -0.06872905364762213, -0.001127293154141473, 0.999998336001117, 0.0014342960439556061, 0.06873069372281856, -0.0013534255869959194, 0.9976343317967565], "world_rotation": [0.02027314442093205, 0.9996483434949663, 0.017093535709669698, -0.06880833515057196]}, {"color": "CVYellow", "id_name": "object33448386909071", "shape": "CVBox", "id_string": "ob16207", "world_size": [0.04, 0.04, 0.04], "id": 16207, "camera_size": [23, 27], "camera_position": [270, 277], "world_position": [0.6494892609800832, 0.6921709227916063, -0.1174998997443415], "world_orientation": [0.5411784927660896, -0.7787983108604446, -0.31717350136532824, 0.6689879211850083, 0.6272640540312675, -0.3987417307340935, 0.5094909226629898, 0.00360520750825738, 0.860468478331913], "world_rotation": [-0.23459995856049032, 0.4820104769969924, -0.8441734179115972, -1.0304237567031234]}, {"color": "CVYellow", "id_name": "object201862018561768", "shape": "CVBox", "id_string": "ob16214", "world_size": [0.04, 0.04, 0.04], "id": 16214, "camera_size": [19, 19], "camera_position": [246, 248], "world_position": [0.7187556151145402, 0.7398760681162745, -0.1728955723247991], "world_orientation": [0.9970915152050437, -0.001532628751212347, -0.07619817160024973, 0.0016503851976448747, 0.999997539280024, 0.0014824515493908693, 0.07619571205001986, -0.001603896196096862, 0.9970915910698388], "world_rotation": [0.020243872852716026, 0.9995770595384197, -0.020877922704366007, -0.07630320249292594]}, {"color": "CVYellow", "id_name": "object149103927943664", "shape": "CVSphere", "id_string": "ob16221", "world_size": [0.04, 0.04, 0.04], "id": 16221, "camera_size": [17, 17], "camera_position": [269, 249], "world_position": [0.7161209369175496, 0.6999554795027856, -0.11918287366699644], "world_orientation": [0.9999997209502911, 0.0001723095563618867, 0.0007269172970863636, -0.0001720318853444209, 0.9999999122292169, -0.00038202956554369395, -0.0007269830606292135, 0.0003819044059853582, 0.9999996628222703], "world_rotation": [0.45523965406923705, 0.8664009201905332, -0.20519820383209703, 0.0008390460434797399]}], "source": "manual check"}
