{"timestamp": 1721664113.978006, "objects": [{"color": "cv_", "id_name": "hand", "shape": "CVBox", "id_string": "ob383", "world_size": [0.12, 0.005, 0.12], "id": 383, "camera_size": [48, 49], "camera_position": [246, 391], "world_position": [0.3627036190776813, 0.6554847718875781, -0.17408983763429395], "world_orientation": [-4.112826380146353e-06, -0.0015810158534692337, 0.9999987501851969, -0.0007631202224524672, -0.9999984590127768, -0.0015810185317051471, 0.9999997088152631, -0.0007631257711486433, 2.9063148728967574e-06], "world_rotation": [0.0, 1.0, 0.0, 0.0]}, {"color": "CVPurple", "id_name": "object164670121638762", "shape": "CVSphere", "id_string": "ob2578", "world_size": [0.04, 0.04, 0.04], "id": 2578, "camera_size": [16, 16], "camera_position": [254, 253], "world_position": [0.7070765163212304, 0.6199733449468627, -0.1540354624336712], "world_orientation": [0.9999995615967843, -0.0001699155574216006, 0.0009208338301279578, 0.00016991201098107996, 0.9999999855572335, 3.929565057055738e-06, -0.0009208344845228069, -3.7731026064783782e-06, 0.9999995760247181], "world_rotation": [-0.004112971266277857, 0.9833903254106574, 0.18145674789349653, 0.0009363873815910279]}, {"color": "CVYellow", "id_name": "object217921440752792", "shape": "CVCylinder", "id_string": "ob2585", "world_size": [0.04, 0.04, 0.04], "id": 2585, "camera_size": [17, 17], "camera_position": [219, 295], "world_position": [0.599999972108157, 0.6199874089040974, -0.24500785179882725], "world_orientation": [0.999999999819749, -1.4154630228303474e-06, 1.8934066997261158e-05, 1.4087607822863757e-06, 0.9999999373504959, 0.00035397319126779256, -1.8934566847014645e-05, -0.00035397316453041744, 0.9999999371722387], "world_rotation": [-0.9985645054404486, 0.05341403810713748, 0.003983592293557016, 0.00035448204235559704]}, {"color": "CVPurple", "id_name": "object12961070923365", "shape": "CVCylinder", "id_string": "ob2592", "world_size": [0.04, 0.04, 0.04], "id": 2592, "camera_size": [16, 17], "camera_position": [236, 296], "world_position": [0.5982577606393176, 0.619988269246165, -0.20022333457774974], "world_orientation": [0.9999951138101039, -0.000756138113104887, -0.0030332509080818687, 0.0007569425040978787, 0.9999996786572908, 0.0002640518150066148, 0.0030330502737276437, -0.0002663465213372165, 0.9999953648220414], "world_rotation": [0.08453086919386084, 0.9668011314381025, -0.24114332751153386, -0.0031373107333252746]}, {"color": "CVPurple", "id_name": "object219746918108962", "shape": "CVCone", "id_string": "ob2599", "world_size": [0.04, 0.04, 0.04], "id": 2599, "camera_size": [17, 17], "camera_position": [254, 301], "world_position": [0.5852449538441442, 0.6199785130688464, -0.1546509374238501], "world_orientation": [0.9991418843865791, -0.00019306767233549907, 0.04141808287824968, 0.00019604598473639654, 0.9999999784813882, -6.784684948492693e-05, -0.041418068887956724, 7.590847788782306e-05, 0.9991419007365749], "world_rotation": [0.0017353959817693625, 0.9999874616650998, 0.004697330452201048, 0.0414304466214772]}, {"color": "CVPurple", "id_name": "object58022392143816", "shape": "CVCone", "id_string": "ob2606", "world_size": [0.04, 0.04, 0.04], "id": 2606, "camera_size": [16, 17], "camera_position": [271, 296], "world_position": [0.5980816652860773, 0.6199697747378721, -0.11002706585592513], "world_orientation": [0.9999998376046579, -0.000270154587879411, 0.0005018039023670155, 0.00026970437537829865, 0.9999995612899991, 0.0008970392183354312, -0.0005020460214809609, -0.0008969037339523931, 0.9999994717566026], "world_rotation": [-0.8440431663548482, 0.4723074762155412, 0.25400153787051705, 0.0010627082603487578]}, {"color": "CVRed", "id_name": "object269310726565359", "shape": "CVBox", "id_string": "ob2613", "world_size": [0.04, 0.04, 0.04], "id": 2613, "camera_size": [16, 17], "camera_position": [289, 295], "world_position": [0.6, 0.6199874431539305, -0.065], "world_orientation": [1.0, 2.049142105997599e-16, 5.802954297681148e-18, -2.049142105997599e-16, 1.0, 6.179952383167331e-17, -5.802954297681148e-18, -6.179952383167331e-17, 1.0], "world_rotation": [-0.28863572672225335, 0.027102796704540077, -0.9570553043948448, 2.1410905896324258e-16]}, {"color": "CVRed", "id_name": "object120959871335259", "shape": "CVCapsule", "id_string": "ob2620", "world_size": [0.04, 0.08, 0.04], "id": 2620, "camera_size": [18, 17], "camera_position": [218, 278], "world_position": [0.6450014085437893, 0.6399748601322708, -0.24500053650214287], "world_orientation": [0.9999999999536933, -3.890608097037135e-06, -8.802103612840194e-06, 3.89075042473526e-06, 0.9999999998617004, 1.6169776209334662e-05, 8.802040701356007e-06, -1.616981045537677e-05, 0.9999999998305307], "world_rotation": [0.8593224886472236, 0.4677745964850889, -0.2067650535955111, -1.8816909305800907e-05]}, {"color": "CVYellow", "id_name": "object107250756848207", "shape": "CVBox", "id_string": "ob2627", "world_size": [0.04, 0.04, 0.04], "id": 2627, "camera_size": [17, 16], "camera_position": [236, 277], "world_position": [0.645436151559062, 0.6199687350144725, -0.20133182642160624], "world_orientation": [0.9997542387405286, -0.00047491464133121063, 0.022163857435697435, 0.00047978422359123816, 0.9999998619217517, -0.00021439117600037348, -0.022163752557842368, 0.00022497235608651508, 0.999754328552767], "world_rotation": [0.009908950677892596, 0.9997190686458263, 0.02153129077377721, 0.022171849789601353]}, {"color": "CVRed", "id_name": "object130709688968121", "shape": "CVCone", "id_string": "ob2634", "world_size": [0.04, 0.04, 0.04], "id": 2634, "camera_size": [16, 16], "camera_position": [254, 284], "world_position": [0.6270769950885224, 0.6199874959292387, -0.15489455018396908], "world_orientation": [0.999997389664909, -0.0004531327325073789, 0.0022394941605123346, 0.00045390466115237995, 0.9999998377509925, -0.000344192601914555, -0.0022393378322224165, 0.0003452082202945989, 0.9999974330953845], "world_rotation": [0.14917369759032192, 0.9691371227279649, 0.19626626123150284, 0.0023107338855778317]}, {"color": "CVRed", "id_name": "object237904933660067", "shape": "CVCylinder", "id_string": "ob2641", "world_size": [0.04, 0.04, 0.04], "id": 2641, "camera_size": [16, 16], "camera_position": [271, 277], "world_position": [0.6452161800977011, 0.6199813630846271, -0.10996897505113129], "world_orientation": [0.9999979911424207, 0.0005291869539069914, 0.0019333060520648731, -0.0005297998629152781, 0.9999998095610478, 0.0003165279977161561, -0.0019331381814011587, -0.00031755162713783413, 0.9999980810670267], "world_rotation": [-0.1562279568408273, 0.9526353775718481, -0.26091888183855666, 0.0020293424841835994]}, {"color": "CVRed", "id_name": "object18783930755293", "shape": "CVCylinder", "id_string": "ob2648", "world_size": [0.04, 0.04, 0.04], "id": 2648, "camera_size": [16, 16], "camera_position": [289, 277], "world_position": [0.645, 0.6199874431539305, -0.065], "world_orientation": [1.0, 3.5778671692020784e-17, -3.6332864841185517e-17, -3.5778671692020784e-17, 1.0, 1.0733601507606489e-16, 3.6332864841185517e-17, -1.0733601507606489e-16, 1.0], "world_rotation": [0.9032531890035577, 0.3057480381601587, 0.3010843963345121, -1.18832699826363e-16]}, {"color": "CVYellow", "id_name": "object160777191127468", "shape": "CVBox", "id_string": "ob2655", "world_size": [0.04, 0.04, 0.04], "id": 2655, "camera_size": [17, 16], "camera_position": [218, 259], "world_position": [0.6901819622512365, 0.6199857775478966, -0.2473181912033902], "world_orientation": [0.9999745708336499, -0.00118885555915445, 0.007031664704539457, 0.0011799141476538093, 0.9999984903171415, 0.0012756041870346016, -0.00703317059808482, -0.0012672749888171006, 0.9999744639366752], "world_rotation": [-0.17551842642261428, 0.9708041906407178, 0.1635007811007336, 0.007243972805233238]}, {"color": "CVRed", "id_name": "object195869955686280", "shape": "CVCone", "id_string": "ob2662", "world_size": [0.04, 0.04, 0.04], "id": 2662, "camera_size": [16, 16], "camera_position": [236, 259], "world_position": [0.6901068105511353, 0.6199764180411216, -0.1998761079052579], "world_orientation": [0.9999857122330137, 5.22677043443875e-06, -0.005345587200047983, -7.60113588243794e-06, 0.9999999013352651, -0.0004441527696754435, 0.005345584351142474, 0.000444187056258843, 0.9999856136094178], "world_rotation": [-0.08280555403938371, 0.9965650056219713, 0.0011957382284613013, -0.005364036846753153]}, {"color": "CVYellow", "id_name": "object239430590288572", "shape": "CVCylinder", "id_string": "ob2669", "world_size": [0.04, 0.04, 0.04], "id": 2669, "camera_size": [16, 16], "camera_position": [253, 268], "world_position": [0.6670930666306294, 0.619970140733452, -0.15543968815768636], "world_orientation": [0.9999998117621549, -0.0004011082665628271, 0.00046431434751734136, 0.000401576003462787, 0.9999994116217327, -0.001007716677418774, -0.0004639098708352152, 0.0010079029452283793, 0.9999993844594529], "world_rotation": [0.8541509003042566, 0.3933497882645109, 0.3401502367802976, 0.00117989695357441]}, {"color": "CVPurple", "id_name": "object257197918133977", "shape": "CVCone", "id_string": "ob2676", "world_size": [0.04, 0.04, 0.04], "id": 2676, "camera_size": [16, 16], "camera_position": [272, 259], "world_position": [0.6900699687017389, 0.6199712661933569, -0.10897551223843857], "world_orientation": [0.9999965918024962, 0.0005473343270471241, 0.0025528040516834233, -0.0005464243602244712, 0.9999997869351248, -0.00035714160139838004, -0.0025529989836286086, 0.000355745469868548, 0.9999966778151567], "world_rotation": [0.1352706417585746, 0.9688284177353654, -0.20754120185305788, 0.002635042929428467]}, {"color": "CVGreen", "id_name": "object55669164779012", "shape": "CVBox", "id_string": "ob2683", "world_size": [0.04, 0.04, 0.04], "id": 2683, "camera_size": [16, 15], "camera_position": [289, 260], "world_position": [0.69, 0.6199874431539305, -0.065], "world_orientation": [1.0, 4.228388472693457e-17, -1.6957377686420176e-17, -4.228388472693457e-17, 1.0, 1.0733601507606494e-16, 1.6957377686420176e-17, -1.0733601507606494e-16, 1.0], "world_rotation": [0.92051720276698, 0.14542702990328832, 0.3626279889688094, -1.1660402951017529e-16]}, {"color": "CVYellow", "id_name": "object160793379526947", "shape": "CVCone", "id_string": "ob2690", "world_size": [0.04, 0.04, 0.04], "id": 2690, "camera_size": [18, 16], "camera_position": [218, 242], "world_position": [0.7349245535525526, 0.6217967552540464, -0.2464198704887349], "world_orientation": [0.9999821785601429, 5.38702358473896e-06, -0.005970136773201453, 0.0005641106027573644, 0.9954402720346238, 0.09538525352936879, 0.005943428416209966, -0.09538692144426343, 0.9954225288168072], "world_rotation": [0.9980514713855487, 0.06232749230008599, -0.00292304100620603, -0.09571840815796792]}, {"color": "CVYellow", "id_name": "object199430897773890", "shape": "CVSphere", "id_string": "ob2697", "world_size": [0.04, 0.04, 0.04], "id": 2697, "camera_size": [16, 16], "camera_position": [236, 241], "world_position": [0.7371832393661631, 0.6199720047578605, -0.2001093124109], "world_orientation": [0.9999878255114811, 4.720501901056488e-05, -0.004934227447727016, -4.312157135154278e-05, 0.9999996565439443, 0.0008276789978834334, 0.004934264823639548, -0.0008274561496740253, 0.9999874840951614], "world_rotation": [0.16540209528784536, 0.9861849054590709, 0.009026578481006397, -0.005003389015252911]}, {"color": "CVRed", "id_name": "object29072162259571", "shape": "CVBox", "id_string": "ob2704", "world_size": [0.04, 0.04, 0.04], "id": 2704, "camera_size": [16, 16], "camera_position": [254, 237], "world_position": [0.7471470503852667, 0.6199633215046072, -0.15478564159532726], "world_orientation": [0.9999866509100613, 0.001129189844691331, -0.005042115823129827, -0.0011304203578845447, 0.999999331985051, -0.00024120378597996083, 0.005041840090055454, 0.00024690027650218767, 0.999987259363218], "world_rotation": [-0.047180131927573865, 0.9747150390769802, 0.21841389092376332, -0.0051727943449108044]}, {"color": "CVRed", "id_name": "object44261075954588", "shape": "CVSphere", "id_string": "ob2711", "world_size": [0.04, 0.04, 0.04], "id": 2711, "camera_size": [16, 16], "camera_position": [271, 242], "world_position": [0.7350855204624224, 0.6199710470953163, -0.10992726776644944], "world_orientation": [0.9999951480174625, -1.553098034196177e-05, -0.0031150762947220554, 1.6878668971156424e-05, 0.9999999062825345, 0.00043260840576551533, 0.0031150692839523536, -0.0004326588850986839, 0.9999950545625942], "world_rotation": [0.13756175579312213, 0.990479790115765, -0.005152544550365551, -0.0031450191671776695]}, {"color": "CVRed", "id_name": "object45001168514048", "shape": "CVCylinder", "id_string": "ob2718", "world_size": [0.04, 0.04, 0.04], "id": 2718, "camera_size": [16, 16], "camera_position": [289, 242], "world_position": [0.735, 0.6199874431539305, -0.065], "world_orientation": [1.0, 4.228388472693457e-17, -1.6957377686420176e-17, -4.228388472693457e-17, 1.0, 1.0733601507606494e-16, 1.6957377686420176e-17, -1.0733601507606494e-16, 1.0], "world_rotation": [0.92051720276698, 0.14542702990328832, 0.3626279889688094, -1.1660402951017529e-16]}, {"color": "CVRed", "id_name": "object85322127482293", "shape": "CVCylinder", "id_string": "ob2725", "world_size": [0.04, 0.04, 0.04], "id": 2725, "camera_size": [17, 16], "camera_position": [219, 224], "world_position": [0.78, 0.6199874431539305, -0.245], "world_orientation": [1.0, -2.2442984970449937e-16, -1.4488340486922525e-17, 2.2442984970449937e-16, 1.0, -5.952269926945416e-16, 1.4488340486922525e-17, 5.952269926945416e-16, 1.0], "world_rotation": [-0.9354546928465729, 0.022769777356192403, -0.3527124251716587, -6.362969764823948e-16]}, {"color": "CVBlue", "id_name": "object177249319911712", "shape": "CVSphere", "id_string": "ob2732", "world_size": [0.04, 0.04, 0.04], "id": 2732, "camera_size": [16, 16], "camera_position": [236, 224], "world_position": [0.78, 0.6199874431539305, -0.2], "world_orientation": [1.0, 1.7889335846010863e-16, -4.367536594091608e-17, -1.7889335846010863e-16, 1.0, -6.570265165262153e-16, 4.367536594091608e-17, 6.570265165262153e-16, 1.0], "world_rotation": [-0.9628953949226872, 0.06400778001840857, 0.26217448871657395, -6.823446451096272e-16]}, {"color": "CVBlue", "id_name": "object84088810864082", "shape": "CVCapsule", "id_string": "ob2739", "world_size": [0.04, 0.08, 0.04], "id": 2739, "camera_size": [17, 18], "camera_position": [254, 221], "world_position": [0.7872634897313961, 0.639974867060173, -0.15459196815441917], "world_orientation": [0.9999990287846138, 0.0007445080003634204, 0.0011781925422179162, -0.0007445087608825553, 0.9999997228532926, 2.0690906046970393e-07, -0.0011781920616402816, -1.084083529176123e-06, 0.9999993059309045], "world_rotation": [-0.0004631493275060628, 0.8453634462161936, -0.5341913789028995, 0.0013937114132732222]}, {"color": "CVPurple", "id_name": "object85987696111992", "shape": "CVCapsule", "id_string": "ob2746", "world_size": [0.04, 0.08, 0.04], "id": 2746, "camera_size": [17, 17], "camera_position": [272, 224], "world_position": [0.78, 0.6399748858658902, -0.11], "world_orientation": [1.0, 2.8622937353616997e-17, 1.993998719847534e-17, -2.8622937353616997e-17, 1.0, -1.5352302762394738e-16, -1.993998719847534e-17, 1.5352302762394738e-16, 1.0], "world_rotation": [0.9751436338441275, 0.12665429985627505, -0.1818064402082252, 1.5743632250229854e-16]}, {"color": "CVYellow", "id_name": "object55266386438558", "shape": "CVBox", "id_string": "ob2753", "world_size": [0.04, 0.04, 0.04], "id": 2753, "camera_size": [16, 16], "camera_position": [289, 224], "world_position": [0.78, 0.6199874431539305, -0.065], "world_orientation": [1.0, 4.228388472693457e-17, -1.6957377686420176e-17, -4.228388472693457e-17, 1.0, 1.0733601507606494e-16, 1.6957377686420176e-17, -1.0733601507606494e-16, 1.0], "world_rotation": [0.92051720276698, 0.14542702990328832, 0.3626279889688094, -1.1660402951017529e-16]}, {"color": "CVRed", "id_name": "object90684523317693", "shape": "CVCylinder", "id_string": "ob2760", "world_size": [0.04, 0.04, 0.04], "id": 2760, "camera_size": [17, 22], "camera_position": [234, 284], "world_position": [0.630139250730971, 0.663556067909448, -0.20477896675331062], "world_orientation": [0.923810504549584, -0.382850036783671, 3.191527383852497e-05, 0.3828334036549442, 0.9237695855907421, -0.009398818195879444, 0.003568855532727653, 0.008694945212617381, 0.999955829623457], "world_rotation": [-0.02362401972995943, 0.004617986019450566, -0.999710247970342, -0.392990532497817]}, {"color": "CVGreen", "id_name": "object181989057831904", "shape": "CVCylinder", "id_string": "ob2767", "world_size": [0.04, 0.04, 0.04], "id": 2767, "camera_size": [20, 21], "camera_position": [249, 298], "world_position": [0.5953575987142065, 0.6599799699616309, -0.16617593891756532], "world_orientation": [-0.0006091242779265612, -0.97424551398856, -0.2254890406223347, 0.999999578706066, -0.00043859344404361376, -0.0008063643602371356, 0.0006866988456806362, -0.22548943680127842, 0.9742453707027494], "world_rotation": [0.11235162536925772, 0.11309802590933243, -0.987211197673678, -1.584197901459628]}, {"color": "CVRed", "id_name": "object118589407407840", "shape": "CVCone", "id_string": "ob2774", "world_size": [0.04, 0.04, 0.04], "id": 2774, "camera_size": [16, 24], "camera_position": [270, 288], "world_position": [0.6189707326717014, 0.664534172860948, -0.11457920687356352], "world_orientation": [0.6132043753963493, -0.7899181303913655, 0.0031211013733831064, 0.7899172747750826, 0.6132107976425761, 0.0017935067499824154, -0.003330616561485997, 0.0013656257047674472, 0.9999935210088888], "world_rotation": [-0.00027083673413462955, 0.004083757003444464, 0.9999916247530278, 0.9106855677166531]}, {"color": "CVRed", "id_name": "object218102731729623", "shape": "CVCylinder", "id_string": "ob2781", "world_size": [0.04, 0.04, 0.04], "id": 2781, "camera_size": [24, 17], "camera_position": [225, 262], "world_position": [0.6854873355071911, 0.6645226787170408, -0.22526581311794294], "world_orientation": [0.999992984433961, 0.0030792498358732634, -0.0021329095874690535, -0.0003647959281575064, 0.6467628673871483, 0.7626910647785806, 0.003728003056710473, -0.7626849359923157, 0.6467594532773424], "world_rotation": [0.9999900697057936, 0.00384223590815031, 0.0022578115572177183, -0.8674707619090456]}, {"color": "CVPurple", "id_name": "object230286149331741", "shape": "CVSphere", "id_string": "ob2788", "world_size": [0.04, 0.04, 0.04], "id": 2788, "camera_size": [17, 18], "camera_position": [253, 262], "world_position": [0.683320533224316, 0.6599658941818941, -0.15740336659436824], "world_orientation": [0.9965688478164687, -0.0008994519622803636, 0.08276305061997158, 0.0010130378640316408, 0.999998601840882, -0.0013304399901191571, -0.0827617382371979, 0.0014097171520628012, 0.996568365633542], "world_rotation": [0.016550988914073524, 0.9997962902221946, 0.011551745491633724, 0.08287408959344644]}, {"color": "CVPurple", "id_name": "object268103732379228", "shape": "CVBox", "id_string": "ob2795", "world_size": [0.04, 0.04, 0.04], "id": 2795, "camera_size": [16, 16], "camera_position": [270, 262], "world_position": [0.6833043495027399, 0.659963950375645, -0.11392771793170765], "world_orientation": [0.999998994061472, 0.001023583828086439, 0.0009819125171667553, -0.0010230542107173542, 0.9999993310288195, -0.0005397239992089837, -0.0009824643130528128, 0.0005387189065445521, 0.9999993722727096], "world_rotation": [0.3553485502134021, 0.6472651032032005, -0.6743702944500027, 0.001517444378179064]}, {"color": "CVPurple", "id_name": "object69341111873326", "shape": "CVCylinder", "id_string": "ob2802", "world_size": [0.04, 0.04, 0.04], "id": 2802, "camera_size": [17, 17], "camera_position": [232, 243], "world_position": [0.7320284421249224, 0.6605955051765199, -0.20924378800315394], "world_orientation": [0.9999824375603265, 0.00015793360330023946, -0.005924493892712498, 0.0001877425415788069, 0.9982990295833489, 0.058301048752848826, 0.005923624198573085, -0.05830113712373818, 0.9982814673660095], "world_rotation": [0.9948771590075928, 0.10109091847318022, -0.0002543368428701874, -0.058634890579869044]}, {"color": "CVPurple", "id_name": "object263899475196278", "shape": "CVCone", "id_string": "ob2809", "world_size": [0.04, 0.04, 0.04], "id": 2809, "camera_size": [16, 17], "camera_position": [253, 237], "world_position": [0.7463724993399555, 0.6599404007471532, -0.15587975262015943], "world_orientation": [0.9998397458809368, 0.0014938189088737391, 0.017839592534897194, -0.0014937003283630502, 0.9999988842296095, -1.9971609853250747e-05, -0.017839602463976503, -6.678595906728026e-06, 0.9998408616071478], "world_rotation": [0.0003712711783991998, 0.9965126663416936, -0.08344080523509331, 0.017902984196357816]}, {"color": "CVRed", "id_name": "object249739562522734", "shape": "CVCone", "id_string": "ob2816", "world_size": [0.04, 0.04, 0.04], "id": 2816, "camera_size": [17, 17], "camera_position": [271, 244], "world_position": [0.730101790569821, 0.6599526847201669, -0.1131673569797191], "world_orientation": [0.9999932743195172, -8.963743581568841e-05, -0.003666507992750335, 9.192659386913466e-05, 0.9999998009749623, 0.0006241790906167008, 0.003666451313210271, -0.0006245119421787391, 0.9999930835358822], "world_rotation": [0.1678183137502717, 0.9855158988134327, -0.02440136791180339, -0.0037203743901842003]}, {"color": "CVRed", "id_name": "object196348408872281", "shape": "CVSphere", "id_string": "ob2823", "world_size": [0.04, 0.04, 0.04], "id": 2823, "camera_size": [24, 24], "camera_position": [237, 271], "world_position": [0.6624175361032498, 0.6902457614115832, -0.19375581570433673], "world_orientation": [0.9223435914608202, -0.22939482909704495, -0.31090241503515714, 0.38622019204254804, 0.569853933988691, 0.72532782738306, 0.010782511292501046, -0.7890782637363357, 0.6141980390306346], "world_rotation": [0.9089527567273485, 0.19307661419073519, -0.3694946644951667, -0.984598315596052]}, {"color": "CVYellow", "id_name": "object270788980276620", "shape": "CVBox", "id_string": "ob2830", "world_size": [0.04, 0.04, 0.04], "id": 2830, "camera_size": [17, 24], "camera_position": [265, 277], "world_position": [0.6478561799774679, 0.6926741446241225, -0.12753139865767038], "world_orientation": [0.6137275438052991, -0.7895102312433135, 0.0034780363488853146, 0.7895045440512145, 0.6137368288455844, 0.003111244292845704, -0.004590958200473599, 0.0008364691837938021, 0.999989111651775], "world_rotation": [-0.0014406090959425545, 0.005110073033884301, 0.9999859058001873, 0.9100240748189856]}, {"color": "CVYellow", "id_name": "object158210177006630", "shape": "CVCapsule", "id_string": "ob2837", "world_size": [0.04, 0.08, 0.04], "id": 2837, "camera_size": [19, 37], "camera_position": [248, 255], "world_position": [0.7026271379807635, 0.712752124495057, -0.16775618222885977], "world_orientation": [0.7181641934538235, -0.6932914816767421, -0.059892509342043064, 0.6896024932398173, 0.7205800712635675, -0.07219946132222782, 0.09321262016619322, 0.01054904413961633, 0.9955903400041071], "world_rotation": [-0.059368906514760754, 0.10984710926164254, -0.9921738484389228, -0.7710672617658347]}, {"color": "CVBlue", "id_name": "object147093680196563", "shape": "CVCone", "id_string": "ob2844", "world_size": [0.04, 0.04, 0.04], "id": 2844, "camera_size": [17, 17], "camera_position": [266, 248], "world_position": [0.7187545401241132, 0.699952841600903, -0.1261124098347223], "world_orientation": [0.9988214888934642, -7.315395938439774e-05, -0.04853481197183838, 4.846578337046951e-05, 0.9999998688540102, -0.0005098460852887957, 0.04853484290395222, 0.0005068929483317056, 0.9988213614474951], "world_rotation": [-0.010473741434893524, 0.9999443640154961, -0.001252842368465807, -0.048556606296450325]}], "source": "manual check"}
