{"timestamp": 1721664519.495198, "objects": [{"color": "cv_", "id_name": "hand", "shape": "CVBox", "id_string": "ob383", "world_size": [0.12, 0.005, 0.12], "id": 383, "camera_size": [48, 49], "camera_position": [246, 391], "world_position": [0.36269284079836284, 0.6554895018828969, -0.17408983715061685], "world_orientation": [-4.114169280116071e-06, -0.0015807345485744505, 0.9999987506298998, -0.0007631202498226253, -0.9999984594574637, -0.0015807372279170988, 0.9999997088152366, -0.0007631257998239484, 2.9078723988155248e-06], "world_rotation": [0.0, 1.0, 0.0, 0.0]}, {"color": "CVRed", "id_name": "object150630526931228", "shape": "CVCone", "id_string": "ob6127", "world_size": [0.04, 0.04, 0.04], "id": 6127, "camera_size": [16, 16], "camera_position": [255, 250], "world_position": [0.7149813823557564, 0.6199753919353129, -0.15009901186141747], "world_orientation": [0.9999876687461224, 3.945223044518727e-05, -0.0049659640772868555, -3.966628272071003e-05, 0.9999999982885613, -4.300538721524409e-05, 0.004965962372129465, 4.320183823996633e-05, 0.9999876685996282], "world_rotation": [-0.008679206782598944, 0.9999306084712638, 0.007965526468026422, -0.004966328259641163]}, {"color": "CVYellow", "id_name": "object61088350238363", "shape": "CVCylinder", "id_string": "ob6134", "world_size": [0.04, 0.04, 0.04], "id": 6134, "camera_size": [17, 17], "camera_position": [219, 295], "world_position": [0.6, 0.6199874431539305, -0.245], "world_orientation": [1.0, 3.2526065174562914e-18, -5.85631424552212e-17, -3.2526065174562914e-18, 1.0, 6.830473686658622e-17, 5.85631424552212e-17, -6.830473686658622e-17, 1.0], "world_rotation": [0.7586719037870137, 0.650470418545561, 0.03612723351366515, -9.003198421561925e-17]}, {"color": "CVPurple", "id_name": "object58891896477306", "shape": "CVSphere", "id_string": "ob6141", "world_size": [0.04, 0.04, 0.04], "id": 6141, "camera_size": [16, 17], "camera_position": [236, 295], "world_position": [0.6, 0.6199874431539305, -0.2], "world_orientation": [1.0, 4.456070928915423e-16, -4.5891564807488906e-17, -4.456070928915423e-16, 1.0, -9.887923813067798e-16, 4.5891564807488906e-17, 9.887923813067798e-16, 1.0], "world_rotation": [-0.9108818423680365, 0.042275601927426604, 0.41049609343559545, -1.0855330903689965e-15]}, {"color": "CVBlue", "id_name": "object62011453910052", "shape": "CVCapsule", "id_string": "ob6148", "world_size": [0.04, 0.08, 0.04], "id": 6148, "camera_size": [17, 18], "camera_position": [254, 297], "world_position": [0.595074936193545, 0.6399749579629717, -0.15473126106545596], "world_orientation": [0.9999909032283821, -0.0010457093398353488, -0.004135208877572033, 0.0010457308225934642, 0.9999994532187746, 3.032920042043251e-06, 0.004135203444964641, -7.357207833390575e-06, 0.9999914499826188], "world_rotation": [0.001217959701050193, 0.9694807456350015, -0.2451644354656035, -0.004265395387128304]}, {"color": "CVYellow", "id_name": "object186978538373019", "shape": "CVSphere", "id_string": "ob6155", "world_size": [0.04, 0.04, 0.04], "id": 6155, "camera_size": [16, 17], "camera_position": [271, 295], "world_position": [0.6000000001590243, 0.6199874431539825, -0.11000000017417712], "world_orientation": [1.0, -3.852695079864038e-12, 1.0906274146157338e-08, 3.852694981807019e-12, 1.0, 4.81631640878997e-12, -1.0906274146157371e-08, -4.816316330351645e-12, 1.0], "world_rotation": [-0.0004416096216616104, 0.9999998400959579, 0.00035325486624884203, 1.0906275890114952e-08]}, {"color": "CVYellow", "id_name": "object115263866188603", "shape": "CVSphere", "id_string": "ob6162", "world_size": [0.04, 0.04, 0.04], "id": 6162, "camera_size": [16, 17], "camera_position": [289, 295], "world_position": [0.6, 0.6199874431539305, -0.065], "world_orientation": [1.0, 2.049142105997599e-16, 5.802954297681148e-18, -2.049142105997599e-16, 1.0, 6.179952383167331e-17, -5.802954297681148e-18, -6.179952383167331e-17, 1.0], "world_rotation": [-0.28863572672225335, 0.027102796704540077, -0.9570553043948448, 2.1410905896324258e-16]}, {"color": "CVRed", "id_name": "object53628746034563", "shape": "CVCylinder", "id_string": "ob6169", "world_size": [0.04, 0.04, 0.04], "id": 6169, "camera_size": [17, 16], "camera_position": [219, 277], "world_position": [0.645, 0.6199874431539305, -0.245], "world_orientation": [1.0, -2.244298497044988e-16, -1.8357185931148717e-17, 2.244298497044988e-16, 1.0, -2.699663409488906e-16, 1.8357185931148717e-17, 2.699663409488906e-16, 1.0], "world_rotation": [-0.7679310457720523, 0.0522178170063351, -0.6384005079309815, -3.515502367500658e-16]}, {"color": "CVBlue", "id_name": "object27472598565244", "shape": "CVCapsule", "id_string": "ob6176", "world_size": [0.04, 0.08, 0.04], "id": 6176, "camera_size": [17, 17], "camera_position": [236, 278], "world_position": [0.6449900984356312, 0.6399591859510867, -0.1999937156028616], "world_orientation": [0.999999859864774, -0.0005292286976265995, -1.369006900894595e-05, 0.0005292267042909511, 0.9999998494179256, -0.00014520062646973056, 1.3766911285918931e-05, 0.00014519336097190382, 0.9999999893646802], "world_rotation": [-0.26449663706317483, 0.025008365413768247, -0.9640622960377625, -0.000548955943733681]}, {"color": "CVPurple", "id_name": "object253103541142954", "shape": "CVCone", "id_string": "ob6183", "world_size": [0.04, 0.04, 0.04], "id": 6183, "camera_size": [15, 16], "camera_position": [254, 281], "world_position": [0.6350834953091697, 0.6199748918274494, -0.15499897272283014], "world_orientation": [0.9999916326925146, -0.0006240453509357828, -0.004042908898197979, 0.0006243231556392163, 0.9999998028353673, 6.745238296492772e-05, 0.004042866007733332, -6.997590021137426e-05, 0.9999918251354942], "world_rotation": [0.016794918962567004, 0.9881512826618173, -0.15256137542263432, -0.004091376293437502]}, {"color": "CVGreen", "id_name": "object56478549126833", "shape": "CVCylinder", "id_string": "ob6190", "world_size": [0.04, 0.04, 0.04], "id": 6190, "camera_size": [16, 16], "camera_position": [271, 277], "world_position": [0.644978189579927, 0.6199685903210904, -0.1100120850978256], "world_orientation": [0.9999999183700836, -0.000401890459095776, -4.175985389257787e-05, 0.00040191309620295944, 0.9999997715415474, 0.0005434912291875423, 4.15414204125696e-05, -0.0005435079686545738, 0.9999998514366881], "world_rotation": [0.8025234990046691, 0.061500717074700784, -0.5934422426357937, -0.0006772382879022302]}, {"color": "CVPurple", "id_name": "object269461885667844", "shape": "CVCapsule", "id_string": "ob6197", "world_size": [0.04, 0.08, 0.04], "id": 6197, "camera_size": [17, 17], "camera_position": [290, 278], "world_position": [0.6450140017890215, 0.6399708486900008, -0.06499074777210583], "world_orientation": [0.999999947369435, 0.00032440115203382334, -5.00202253868291e-06, -0.0003244022624135314, 0.999999922381606, -0.00022360669531680598, 4.929483880856553e-06, 0.0002236083062156877, 0.9999999749875125], "world_rotation": [-0.5674852287595726, 0.012602401916542189, 0.8232871276812418, -0.00039403229409386764]}, {"color": "CVGreen", "id_name": "object31167655946869", "shape": "CVCone", "id_string": "ob6204", "world_size": [0.04, 0.04, 0.04], "id": 6204, "camera_size": [17, 15], "camera_position": [219, 260], "world_position": [0.69, 0.6199874431539305, -0.245], "world_orientation": [1.0, -2.2442984970449937e-16, -1.4488340486922525e-17, 2.2442984970449937e-16, 1.0, -5.952269926945416e-16, 1.4488340486922525e-17, 5.952269926945416e-16, 1.0], "world_rotation": [-0.9354546928465729, 0.022769777356192403, -0.3527124251716587, -6.362969764823948e-16]}, {"color": "CVBlue", "id_name": "object240936876813036", "shape": "CVCapsule", "id_string": "ob6211", "world_size": [0.04, 0.08, 0.04], "id": 6211, "camera_size": [17, 17], "camera_position": [236, 260], "world_position": [0.6900291320012902, 0.6399559416891802, -0.2000051235673945], "world_orientation": [0.9999997483070489, 0.0007092023976624546, 2.0440108712273796e-05, -0.0007092124682127625, 0.9999996250225662, 0.0004969631799471791, -2.0087653568927483e-05, -0.000496977551245, 0.9999998763048924], "world_rotation": [-0.5737122277503813, 0.02339301736452354, -0.8187228141857765, 0.0008662364225639206]}, {"color": "CVRed", "id_name": "object97385541085212", "shape": "CVBox", "id_string": "ob6218", "world_size": [0.04, 0.04, 0.04], "id": 6218, "camera_size": [16, 16], "camera_position": [253, 265], "world_position": [0.6750461745228599, 0.6199665109602915, -0.15516129540716517], "world_orientation": [0.9999898917151372, -0.0003586784191444677, -0.004481943477988706, 0.00035622168590678156, 0.9999997858929196, -0.0005489264298977071, 0.004482139406436976, 0.000547324315731119, 0.9999898053792522], "world_rotation": [-0.12101075104357915, 0.9895093860474556, -0.07891497358458946, -0.004529574789107629]}, {"color": "CVGreen", "id_name": "object82470688960863", "shape": "CVCone", "id_string": "ob6225", "world_size": [0.04, 0.04, 0.04], "id": 6225, "camera_size": [16, 15], "camera_position": [271, 260], "world_position": [0.6899946863848633, 0.6199750741117495, -0.10991912173278631], "world_orientation": [0.9999999694669934, -8.300647503828328e-05, -0.00023275724975316563, 8.296141088552708e-05, 0.9999999778156928, -0.00019361306420216496, 0.000232773315727601, 0.0001935937484207271, 0.999999954169021], "world_rotation": [-0.6167205875949542, 0.7414701253366738, -0.26434403732588996, -0.00031392402554020226]}, {"color": "CVPurple", "id_name": "object106444807474517", "shape": "CVCapsule", "id_string": "ob6232", "world_size": [0.04, 0.08, 0.04], "id": 6232, "camera_size": [17, 17], "camera_position": [290, 260], "world_position": [0.69, 0.6399748858658902, -0.065], "world_orientation": [1.0, -9.627715291671303e-17, 2.6597159133585094e-18, 9.627715291671303e-17, 1.0, -2.1076890233118206e-16, -2.6597159133585094e-18, 2.1076890233118206e-16, 1.0], "world_rotation": [0.9095358415233338, 0.01147753261849028, 0.41546698933782017, 2.3173237678921624e-16]}, {"color": "CVRed", "id_name": "object133087141191160", "shape": "CVCone", "id_string": "ob6239", "world_size": [0.04, 0.04, 0.04], "id": 6239, "camera_size": [17, 16], "camera_position": [219, 242], "world_position": [0.7347941880364323, 0.6199874431542135, -0.24475695656302618], "world_orientation": [0.999983887419318, 4.59126447949302e-11, -0.005676698137902472, -4.573949427700427e-11, 1.0, 3.063180302952724e-11, 0.005676698137902472, -3.037166017013936e-11, 0.999983887419318], "world_rotation": [5.3731466530125595e-09, 1.0, 8.072662738572157e-09, -0.005676728626851226]}, {"color": "CVPurple", "id_name": "object158090372136388", "shape": "CVCone", "id_string": "ob6246", "world_size": [0.04, 0.04, 0.04], "id": 6246, "camera_size": [16, 17], "camera_position": [236, 242], "world_position": [0.7355072823919815, 0.6199611573055871, -0.19902452665973494], "world_orientation": [0.999990393144549, -0.000274726104721602, 0.004374716468317177, 0.0002740696374661602, 0.999999951093974, 0.00015065816764146318, -0.0043747576440987205, -0.00014945774333372975, 0.9999904195330767], "world_rotation": [-0.03421370502250337, 0.997454368252308, 0.0625636127714999, 0.0043859160088703325]}, {"color": "CVGreen", "id_name": "object13998647909998", "shape": "CVCylinder", "id_string": "ob6253", "world_size": [0.04, 0.04, 0.04], "id": 6253, "camera_size": [15, 16], "camera_position": [254, 234], "world_position": [0.7549737421646345, 0.6199783610336541, -0.15496241180893064], "world_orientation": [0.9999894719168314, 0.00037728298767518366, -0.0045731513253073385, -0.00037574709371638833, 0.9999998727220037, 0.0003367047635401252, 0.0045732777762249556, -0.0003349828703647562, 0.9999894864031613], "world_rotation": [0.07299426933191926, 0.9939693327108319, 0.08183399217368563, -0.004600977651285387]}, {"color": "CVYellow", "id_name": "object23232770346682", "shape": "CVCapsule", "id_string": "ob6260", "world_size": [0.04, 0.08, 0.04], "id": 6260, "camera_size": [17, 17], "camera_position": [272, 242], "world_position": [0.7349667731485352, 0.6399497566006155, -0.11000880984678661], "world_orientation": [0.9999996189174506, -0.0008730202804346877, -7.374612474348427e-07, 0.0008730204562427624, 0.9999995776673231, 0.0002872289303317139, 4.867042546665543e-07, -0.0002872294646925355, 0.9999999587494982], "world_rotation": [0.31252602915369027, 0.0006659900642282949, -0.9499089627741498, -0.0009190570101485038]}, {"color": "CVRed", "id_name": "object253835419853570", "shape": "CVCone", "id_string": "ob6267", "world_size": [0.04, 0.04, 0.04], "id": 6267, "camera_size": [16, 16], "camera_position": [289, 242], "world_position": [0.735, 0.6199874431539305, -0.065], "world_orientation": [1.0, 4.228388472693457e-17, -1.6957377686420176e-17, -4.228388472693457e-17, 1.0, 1.0733601507606494e-16, 1.6957377686420176e-17, -1.0733601507606494e-16, 1.0], "world_rotation": [0.92051720276698, 0.14542702990328832, 0.3626279889688094, -1.1660402951017529e-16]}, {"color": "CVBlue", "id_name": "object78967570992133", "shape": "CVCylinder", "id_string": "ob6274", "world_size": [0.04, 0.04, 0.04], "id": 6274, "camera_size": [17, 16], "camera_position": [219, 224], "world_position": [0.78, 0.6199874431539305, -0.245], "world_orientation": [1.0, -2.2442984970449937e-16, -1.4488340486922525e-17, 2.2442984970449937e-16, 1.0, -5.952269926945416e-16, 1.4488340486922525e-17, 5.952269926945416e-16, 1.0], "world_rotation": [-0.9354546928465729, 0.022769777356192403, -0.3527124251716587, -6.362969764823948e-16]}, {"color": "CVBlue", "id_name": "object151337787564569", "shape": "CVCapsule", "id_string": "ob6281", "world_size": [0.04, 0.08, 0.04], "id": 6281, "camera_size": [17, 17], "camera_position": [236, 224], "world_position": [0.7800050562799734, 0.6399748863886516, -0.2000015120593343], "world_orientation": [0.9999999941063972, -4.409117627093606e-10, 0.00010856889832831039, 4.408850058051321e-10, 1.0, 2.4647484855356435e-10, -0.0001085688983283105, -2.464269807018266e-10, 0.9999999941063972], "world_rotation": [-2.2699955366569628e-06, 0.9999999999891778, 4.0610008118458186e-06, 0.00010856889854277273]}, {"color": "CVPurple", "id_name": "object140989857667726", "shape": "CVSphere", "id_string": "ob6288", "world_size": [0.04, 0.04, 0.04], "id": 6288, "camera_size": [15, 17], "camera_position": [254, 219], "world_position": [0.7949580418100827, 0.6199780968644659, -0.1550179774847327], "world_orientation": [0.9999888658298415, 0.0004342001367813174, -0.00469890270048166, -0.00043303529079138887, 0.9999998752616163, 0.00024891201024398644, 0.004699010191977025, -0.00024687444811800674, 0.9999889291168292], "world_rotation": [0.05245942680873171, 0.9943981228644354, 0.0917626382717216, -0.004725445298064484]}, {"color": "CVPurple", "id_name": "object173086217628155", "shape": "CVCylinder", "id_string": "ob6295", "world_size": [0.04, 0.04, 0.04], "id": 6295, "camera_size": [16, 16], "camera_position": [271, 224], "world_position": [0.7801222455247603, 0.6199842209902586, -0.11023470114819685], "world_orientation": [0.9998943406290816, 0.000202074030380682, -0.014535017854153552, -0.00020302664909465222, 0.9999999773379905, -6.406401661797746e-05, 0.014535004579086798, 6.700824362374191e-05, 0.9998943589958798], "world_rotation": [-0.00450836265328246, 0.9998927555411851, 0.013933846649152646, -0.014537082190222237]}, {"color": "CVPurple", "id_name": "object56780403433496", "shape": "CVSphere", "id_string": "ob6302", "world_size": [0.04, 0.04, 0.04], "id": 6302, "camera_size": [16, 16], "camera_position": [289, 224], "world_position": [0.78, 0.6199874431539305, -0.065], "world_orientation": [1.0, 4.228388472693457e-17, -1.6957377686420176e-17, -4.228388472693457e-17, 1.0, 1.0733601507606494e-16, 1.6957377686420176e-17, -1.0733601507606494e-16, 1.0], "world_rotation": [0.92051720276698, 0.14542702990328832, 0.3626279889688094, -1.1660402951017529e-16]}, {"color": "CVGreen", "id_name": "object25484022524480", "shape": "CVBox", "id_string": "ob6309", "world_size": [0.04, 0.04, 0.04], "id": 6309, "camera_size": [17, 17], "camera_position": [233, 281], "world_position": [0.6393724560464616, 0.6999438060536, -0.20516137143350052], "world_orientation": [0.9999625455362876, -0.0006478601068070311, -0.00863063160318922, 0.0006475103396241508, 0.9999997894268269, -4.3320457949199875e-05, 0.008630657851406251, 3.773041220413312e-05, 0.9999627544671191], "world_rotation": [-0.004682310421921557, 0.9971850438638805, -0.07483357711150351, -0.008655116255944645]}, {"color": "CVBlue", "id_name": "object50323012500135", "shape": "CVCone", "id_string": "ob6316", "world_size": [0.04, 0.04, 0.04], "id": 6316, "camera_size": [17, 17], "camera_position": [253, 282], "world_position": [0.6350625755846376, 0.6599662021356826, -0.15714788756167708], "world_orientation": [0.999988848749651, -0.0005690206768363442, -0.0046881330843909315, 0.0005690008862574738, 0.9999998381035525, -5.555202317629201e-06, 0.004688135486423822, 2.8875884902765877e-06, 0.9999890106282783], "world_rotation": [-0.000893882200376224, 0.9927143490929722, -0.12048826531877788, -0.004722558625216695]}, {"color": "CVGreen", "id_name": "object240300652292211", "shape": "CVCone", "id_string": "ob6323", "world_size": [0.04, 0.04, 0.04], "id": 6323, "camera_size": [17, 17], "camera_position": [270, 279], "world_position": [0.6427695091148886, 0.6599457386976458, -0.11447042222091638], "world_orientation": [0.9996306977844633, -0.0005154577655499009, -0.02716987946677004, 0.000537136162926688, 0.9999995432250547, 0.000790591186693913, 0.02716945953988327, -0.0008048931444210456, 0.9996305180492125], "world_rotation": [0.029343348854019895, 0.9993819117326018, -0.0193587804295938, -0.027189823197712605]}, {"color": "CVBlue", "id_name": "object39380693293845", "shape": "CVCylinder", "id_string": "ob6330", "world_size": [0.04, 0.04, 0.04], "id": 6330, "camera_size": [17, 17], "camera_position": [233, 262], "world_position": [0.6850889073018102, 0.6999435415540904, -0.2064034367370165], "world_orientation": [0.9999754672460557, 0.0006397793483280112, -0.006975355791510077, -0.0006353185721589093, 0.9999995922941901, 0.0006417022407664381, 0.0069757634954584116, -0.0006372549249615012, 0.9999754660139498], "world_rotation": [0.09091556052359291, 0.9917250271507978, 0.09064122338886522, -0.0070338218475257145]}, {"color": "CVBlue", "id_name": "object127487073614252", "shape": "CVCone", "id_string": "ob6337", "world_size": [0.04, 0.04, 0.04], "id": 6337, "camera_size": [17, 17], "camera_position": [254, 260], "world_position": [0.6904685113722157, 0.6599568316966656, -0.15521774241010083], "world_orientation": [0.9999921620875192, -0.00023675982592917644, 0.0039521776673012874, 0.0002390325097547673, 0.9999998063586001, -0.0005745835201156846, -0.0039520408637018665, 0.0005755237155271537, 0.9999920250409324], "world_rotation": [0.1437344408568756, 0.9878282613614537, 0.05946205989678347, 0.004000816704045725]}, {"color": "CVBlue", "id_name": "object149383822513925", "shape": "CVSphere", "id_string": "ob6344", "world_size": [0.04, 0.04, 0.04], "id": 6344, "camera_size": [17, 17], "camera_position": [272, 262], "world_position": [0.6849936300306232, 0.6599617133968435, -0.11020269619801935], "world_orientation": [0.9999994929673114, -0.00034197020236426253, -0.0009471649808079646, 0.00034169131984231244, 0.9999998982332385, -0.0002945853943748027, 0.0009472656238449832, 0.00029426160695796656, 0.9999995080488513], "world_rotation": [-0.2806261038548874, 0.9028265040052099, -0.32581174549263364, -0.0010491666692315905]}, {"color": "CVYellow", "id_name": "object58884791723551", "shape": "CVCapsule", "id_string": "ob6351", "world_size": [0.04, 0.08, 0.04], "id": 6351, "camera_size": [18, 18], "camera_position": [234, 243], "world_position": [0.7302031259751325, 0.6799333105098062, -0.20231541926242932], "world_orientation": [0.999981460249499, -0.0004956147310514297, -0.0060690628039575395, 0.000497264399341256, 0.9999998398302913, 0.0002703100243621698, 0.006068927862247492, -0.00027332294175154025, 0.9999815465343211], "world_rotation": [0.04459422356329475, 0.9956796278331534, -0.08144589580095458, -0.006095367168664904]}, {"color": "CVYellow", "id_name": "object207894848558523", "shape": "CVCone", "id_string": "ob6358", "world_size": [0.04, 0.04, 0.04], "id": 6358, "camera_size": [18, 17], "camera_position": [252, 239], "world_position": [0.7424462266139282, 0.6599715325262739, -0.15864183549049715], "world_orientation": [0.9983537846282373, 0.00015064120037807678, 0.057355889198092896, -0.00016317909991676118, 0.9999999638065062, 0.00021391486070257125, -0.05735585489779148, -0.00022292199314490462, 0.9983537730758213], "world_rotation": [-0.003808084823505397, 0.9999890071589393, -0.0027356994089100797, 0.05738799747425152]}, {"color": "CVGreen", "id_name": "object43936303070135", "shape": "CVSphere", "id_string": "ob6365", "world_size": [0.04, 0.04, 0.04], "id": 6365, "camera_size": [17, 17], "camera_position": [271, 244], "world_position": [0.7296942919704708, 0.6999150808490576, -0.11484111588108195], "world_orientation": [0.9999051505002484, -0.0018025566323823044, -0.013654332377050452, 0.0018129851289800918, 0.9999980742318222, 0.0007514103866905942, 0.0136529516221955, -0.0007760942173370662, 0.9999064929230973], "world_rotation": [0.05536860925169453, 0.9898276794011681, -0.13105526391882016, -0.01379439604295445]}, {"color": "CVRed", "id_name": "object37547574168632", "shape": "CVCapsule", "id_string": "ob6372", "world_size": [0.04, 0.08, 0.04], "id": 6372, "camera_size": [21, 21], "camera_position": [251, 264], "world_position": [0.6806796394370936, 0.7199454675367649, -0.16203068408872642], "world_orientation": [0.9680294418861526, -3.086367501952516e-05, -0.2508365975869902, -0.00022020876182100028, 0.9999995025127134, -0.0009728732841093192, 0.2508365028254167, 0.000997006398816316, 0.9680289535073605], "world_rotation": [-0.003926589556100267, 0.9999922196924151, 0.0003774242898070631, -0.25354635303351797]}, {"color": "CVYellow", "id_name": "object184704307282635", "shape": "CVCylinder", "id_string": "ob6379", "world_size": [0.04, 0.04, 0.04], "id": 6379, "camera_size": [24, 23], "camera_position": [276, 276], "world_position": [0.6518833665437254, 0.6999540480673386, -0.10125093948390161], "world_orientation": [0.7619262068796449, -0.0003110470450678333, 0.6476637696519177, -0.00019295300386554782, 0.9999997312802917, 0.0007072541854099001, -0.647663815601223, -0.0006638441686383401, 0.7619259421175951], "world_rotation": [-0.0010584948516979443, 0.9999994356382541, 9.116919603889048e-05, 0.7045147196746095]}, {"color": "CVPurple", "id_name": "object104812725121829", "shape": "CVCone", "id_string": "ob6386", "world_size": [0.04, 0.04, 0.04], "id": 6386, "camera_size": [17, 17], "camera_position": [256, 221], "world_position": [0.7871318413804307, 0.6599732385907475, -0.14950444225261797], "world_orientation": [-0.9992907459852842, -0.00027273035578395617, -0.037655419348711965, 0.000258317884591197, -0.9999998915147873, 0.00038761099609867895, -0.037655520976940624, 0.0003776090131739939, 0.9992907080281436], "world_rotation": [-0.018831074892113032, 0.00019133893749363786, 0.9998226612793982, 3.1413270823704242]}, {"color": "CVYellow", "id_name": "object258415785003628", "shape": "CVCone", "id_string": "ob6393", "world_size": [0.04, 0.04, 0.04], "id": 6393, "camera_size": [21, 21], "camera_position": [268, 251], "world_position": [0.7125686675341883, 0.7398580737578774, -0.12204294604733078], "world_orientation": [0.9703782845301793, -0.002641464064546681, -0.24157609066267768, 0.002816336118026972, 0.9999959624525303, 0.000378588837622071, 0.24157411525893427, -0.0010477338561790364, 0.9703818058324413], "world_rotation": [0.0029519297878217816, 0.9999318464543152, -0.011295510479457406, -0.24400566988495445]}], "source": "manual check"}
