{"timestamp": 1721665607.836428, "objects": [{"color": "cv_", "id_name": "hand", "shape": "CVBox", "id_string": "ob383", "world_size": [0.12, 0.005, 0.12], "id": 383, "camera_size": [48, 49], "camera_position": [246, 391], "world_position": [0.362669038486369, 0.6555048945655187, -0.17408986534905455], "world_orientation": [-4.0714166315651645e-06, -0.0015809466428939243, 0.9999987502947872, -0.0007631201662325628, -0.9999984591222909, -0.0015809492895487488, 0.9999997088154755, -0.0007631256492609537, 2.8649580934438097e-06], "world_rotation": [0.0, 1.0, 0.0, 0.0]}, {"color": "CVRed", "id_name": "object148792037627113", "shape": "CVSphere", "id_string": "ob17320", "world_size": [0.04, 0.04, 0.04], "id": 17320, "camera_size": [16, 16], "camera_position": [256, 250], "world_position": [0.7138608169560371, 0.6199697035943501, -0.14958628290846643], "world_orientation": [0.9999954842743152, 0.00013939873545045417, -0.0030019991622790183, -0.00013980349385503518, 0.9999999811661928, -0.00013462019604657197, 0.0030019803398548487, 0.00013503927811013582, 0.9999954849290235], "world_rotation": [-0.04481988687935598, 0.9979166612007506, 0.046405980628234346, -0.003008261506806867]}, {"color": "CVRed", "id_name": "object69868985694119", "shape": "CVCylinder", "id_string": "ob17327", "world_size": [0.04, 0.04, 0.04], "id": 17327, "camera_size": [17, 17], "camera_position": [219, 295], "world_position": [0.5999999994734588, 0.619987443153982, -0.24500000000026284], "world_orientation": [0.9999999999999999, -7.776005739879293e-12, -1.3154336687875099e-08, 7.776005783679815e-12, 1.0, 2.5948255489432602e-12, 1.3154336687875072e-08, -2.5948256802018324e-12, 0.9999999999999999], "world_rotation": [0.00019726004984420466, 0.9999998058232298, -0.000591136173291607, -1.3154339242142194e-08]}, {"color": "CVRed", "id_name": "object123419534019772", "shape": "CVCapsule", "id_string": "ob17334", "world_size": [0.04, 0.08, 0.04], "id": 17334, "camera_size": [17, 19], "camera_position": [236, 296], "world_position": [0.5995403357812724, 0.6399748863828709, -0.20032578602362985], "world_orientation": [0.999857430758219, 2.997278573603182e-10, 0.016885442178795524, -3.0388871109637865e-10, 1.0, 2.438507981808128e-10, -0.016885442178795524, -2.489473278174132e-10, 0.999857430758219], "world_rotation": [-1.4592396242281236e-08, 0.9999999999999997, -1.787387508319767e-08, 0.016886244672789624]}, {"color": "CVGreen", "id_name": "object82130709043529", "shape": "CVSphere", "id_string": "ob17341", "world_size": [0.04, 0.04, 0.04], "id": 17341, "camera_size": [16, 16], "camera_position": [253, 297], "world_position": [0.5939121056330043, 0.6199784060765695, -0.1563657404448527], "world_orientation": [0.9999996348770558, -7.796989905450574e-05, -0.000850979700128891, 7.803764335133756e-05, 0.9999999937890123, 7.957450425509466e-05, 0.0008509734904274026, -7.964088365095421e-05, 0.9999996347506575], "world_rotation": [0.09275645814611543, 0.9915319867175024, -0.09088761625342975, -0.0008582443240833157]}, {"color": "CVRed", "id_name": "object73498149521394", "shape": "CVCapsule", "id_string": "ob17348", "world_size": [0.04, 0.08, 0.04], "id": 17348, "camera_size": [17, 18], "camera_position": [272, 295], "world_position": [0.5998758309094983, 0.6399711099860446, -0.1098707029188454], "world_orientation": [0.999979041609018, 0.0004496758489800346, -0.006458648027313416, -0.0004498087088905098, 0.9999998986533033, -1.9118276197560688e-05, 0.006458638775723691, 2.2023031639596737e-05, 0.9999791425325586], "world_rotation": [-0.00317727067428555, 0.9975792872962116, 0.06946560666002022, -0.0064743610914197855]}, {"color": "CVYellow", "id_name": "object53233758321550", "shape": "CVCylinder", "id_string": "ob17355", "world_size": [0.04, 0.04, 0.04], "id": 17355, "camera_size": [16, 17], "camera_position": [289, 295], "world_position": [0.6, 0.6199874431539305, -0.065], "world_orientation": [1.0, 2.049142105997599e-16, 5.802954297681148e-18, -2.049142105997599e-16, 1.0, 6.179952383167331e-17, -5.802954297681148e-18, -6.179952383167331e-17, 1.0], "world_rotation": [-0.28863572672225335, 0.027102796704540077, -0.9570553043948448, 2.1410905896324258e-16]}, {"color": "CVPurple", "id_name": "object233689026650411", "shape": "CVCylinder", "id_string": "ob17362", "world_size": [0.04, 0.04, 0.04], "id": 17362, "camera_size": [17, 16], "camera_position": [219, 277], "world_position": [0.6446599699096165, 0.6199874431891648, -0.24466705932285393], "world_orientation": [0.9998583910699794, 5.230076679556182e-10, -0.016828482015691707, -5.22831213710126e-10, 1.0, 1.4884991647708298e-11, 0.016828482015691707, -6.084428122802252e-12, 0.9998583910699794], "world_rotation": [6.230336090610436e-10, 0.9999999999999997, 3.107347652303256e-08, -0.016829276415133553]}, {"color": "CVPurple", "id_name": "object157758702563629", "shape": "CVSphere", "id_string": "ob17369", "world_size": [0.04, 0.04, 0.04], "id": 17369, "camera_size": [16, 16], "camera_position": [236, 277], "world_position": [0.6449295859870077, 0.619972928827076, -0.2000629395004807], "world_orientation": [0.999994718138345, -0.00017233817125025425, 0.003245611647567822, 0.00017243948012829124, 0.9999999846538473, -3.0934299044169e-05, -0.003245606266599644, 3.1493807238685244e-05, 0.9999947325101779], "world_rotation": [0.009603337745396363, 0.9985463554872929, 0.053037268474088864, 0.003250339510101979]}, {"color": "CVRed", "id_name": "object179961319130925", "shape": "CVSphere", "id_string": "ob17376", "world_size": [0.04, 0.04, 0.04], "id": 17376, "camera_size": [15, 17], "camera_position": [254, 282], "world_position": [0.6339350365529185, 0.6199729345715898, -0.15502528714110284], "world_orientation": [0.9999952051477735, -0.00029607953262881804, -0.0030825344073855732, 0.0002955852502623413, 0.9999999433857658, -0.00016080368496997196, 0.003082581843550139, 0.0001598917622358124, 0.9999952360505535], "world_rotation": [-0.05171056509190233, 0.9940947025312364, -0.09540303903549682, -0.0031008746527281376]}, {"color": "CVRed", "id_name": "object35101702364749", "shape": "CVCylinder", "id_string": "ob17383", "world_size": [0.04, 0.04, 0.04], "id": 17383, "camera_size": [16, 16], "camera_position": [271, 277], "world_position": [0.6452041798378014, 0.6199718657211689, -0.11000484881207324], "world_orientation": [0.9999999304330917, -0.00010277208749813353, -0.000358568974941932, 0.00010285624377565448, 0.9999999671706352, 0.00023468984202365317, 0.00035854484360536414, -0.00023472670675489857, 0.9999999081744799], "world_rotation": [0.5325733506727149, 0.8135966023166524, -0.2332942237862664, -0.0004407060204765853]}, {"color": "CVPurple", "id_name": "object132419938204780", "shape": "CVCylinder", "id_string": "ob17390", "world_size": [0.04, 0.04, 0.04], "id": 17390, "camera_size": [16, 16], "camera_position": [289, 277], "world_position": [0.645, 0.6199874431539305, -0.065], "world_orientation": [1.0, 3.5778671692020784e-17, -3.6332864841185517e-17, -3.5778671692020784e-17, 1.0, 1.0733601507606489e-16, 3.6332864841185517e-17, -1.0733601507606489e-16, 1.0], "world_rotation": [0.9032531890035577, 0.3057480381601587, 0.3010843963345121, -1.18832699826363e-16]}, {"color": "CVPurple", "id_name": "object47978362409356", "shape": "CVCylinder", "id_string": "ob17397", "world_size": [0.04, 0.04, 0.04], "id": 17397, "camera_size": [17, 16], "camera_position": [219, 259], "world_position": [0.6901150726812365, 0.6200999189494506, -0.24513749595269954], "world_orientation": [0.9999872205693585, 0.0006498038431198673, 0.005013626724705548, -0.000680615311277245, 0.9999808797694073, 0.006146288180705674, -0.00500953698132572, -0.00614962198575603, 0.9999685428495564], "world_rotation": [-0.772391468947936, 0.6296244876222064, -0.08357286211997123, 0.007959720233013898]}, {"color": "CVRed", "id_name": "object34563267647151", "shape": "CVSphere", "id_string": "ob17404", "world_size": [0.04, 0.04, 0.04], "id": 17404, "camera_size": [16, 15], "camera_position": [236, 260], "world_position": [0.689990051038079, 0.619974727336839, -0.20001018955591449], "world_orientation": [0.999999882461761, -0.0004844872531112386, 1.8669926184407103e-05, 0.0004844772869373456, 0.9999997421025572, 0.0005301665565462187, -1.8926780308167044e-05, -0.0005301574490761895, 0.9999998592874182], "world_rotation": [-0.7379405758841124, 0.026165714530050985, 0.6743582592709576, 0.000718434608075406]}, {"color": "CVGreen", "id_name": "object213846105724857", "shape": "CVBox", "id_string": "ob17411", "world_size": [0.04, 0.04, 0.04], "id": 17411, "camera_size": [16, 16], "camera_position": [253, 266], "world_position": [0.6739089303047052, 0.6199686779096166, -0.15526385286359676], "world_orientation": [0.9999934118930061, -0.00029487662564884324, -0.003617902480794249, 0.0002931960404728895, 0.9999998488865621, -0.00046504078867692016, 0.00361803906373912, 0.0004639769702562664, 0.9999933472372226], "world_rotation": [-0.12693234376690313, 0.9886517354228327, -0.08034877815662016, -0.003659507911591935]}, {"color": "CVBlue", "id_name": "object11995090474448", "shape": "CVCone", "id_string": "ob17418", "world_size": [0.04, 0.04, 0.04], "id": 17418, "camera_size": [17, 15], "camera_position": [272, 259], "world_position": [0.6924575043543039, 0.6199655403017537, -0.10938694010324385], "world_orientation": [0.9999759270146192, -4.470313998796736e-05, 0.006938544003039507, 4.5645850184867976e-05, 0.9999999897499778, -0.00013570740818413528, -0.006938537865372009, 0.000136020857041746, 0.9999759188053569], "world_rotation": [0.019576913526203377, 0.9997871642396269, 0.0065092763401815145, 0.006940073729089718]}, {"color": "CVBlue", "id_name": "object60623442705200", "shape": "CVSphere", "id_string": "ob17425", "world_size": [0.04, 0.04, 0.04], "id": 17425, "camera_size": [16, 15], "camera_position": [289, 260], "world_position": [0.69, 0.6199874431539305, -0.065], "world_orientation": [1.0, 4.228388472693457e-17, -1.6957377686420176e-17, -4.228388472693457e-17, 1.0, 1.0733601507606494e-16, 1.6957377686420176e-17, -1.0733601507606494e-16, 1.0], "world_rotation": [0.92051720276698, 0.14542702990328832, 0.3626279889688094, -1.1660402951017529e-16]}, {"color": "CVYellow", "id_name": "object21595669860954", "shape": "CVCone", "id_string": "ob17432", "world_size": [0.04, 0.04, 0.04], "id": 17432, "camera_size": [17, 16], "camera_position": [219, 242], "world_position": [0.735, 0.6199874431539305, -0.245], "world_orientation": [1.0, -2.2442984970449937e-16, -1.4488340486922525e-17, 2.2442984970449937e-16, 1.0, -5.952269926945416e-16, 1.4488340486922525e-17, 5.952269926945416e-16, 1.0], "world_rotation": [-0.9354546928465729, 0.022769777356192403, -0.3527124251716587, -6.362969764823948e-16]}, {"color": "CVRed", "id_name": "object52826501358575", "shape": "CVCapsule", "id_string": "ob17439", "world_size": [0.04, 0.08, 0.04], "id": 17439, "camera_size": [17, 17], "camera_position": [236, 242], "world_position": [0.7352030015785007, 0.6399623289437409, -0.19964767725991747], "world_orientation": [0.9999438649853569, -0.00015233738432731864, 0.010594511384092736, 0.00015135565622285458, 0.9999999841778263, 9.346557007065648e-05, -0.010594525454765006, -9.185678415661289e-05, 0.9999438722211961], "world_rotation": [-0.008744910794308782, 0.9998590712154248, 0.01433053535034836, 0.010596209991186345]}, {"color": "CVGreen", "id_name": "object194719505653554", "shape": "CVSphere", "id_string": "ob17446", "world_size": [0.04, 0.04, 0.04], "id": 17446, "camera_size": [15, 16], "camera_position": [254, 234], "world_position": [0.7538503927905083, 0.6199784963934126, -0.15509475560571606], "world_orientation": [0.9999949480212086, 0.0004676861520447063, -0.0031440740645939723, -0.00046646774565074984, 0.9999998158360965, 0.0003882468488755006, 0.003144255063243813, -0.00038677827831958776, 0.9999949820187403], "world_rotation": [0.12101440297428072, 0.9818757720348291, 0.1458611756561244, -0.0032022074756526105]}, {"color": "CVBlue", "id_name": "object127459793814009", "shape": "CVSphere", "id_string": "ob17453", "world_size": [0.04, 0.04, 0.04], "id": 17453, "camera_size": [16, 16], "camera_position": [271, 241], "world_position": [0.7364258053462365, 0.619958000190872, -0.10955810487546878], "world_orientation": [0.9999990522127652, -0.0002674564928560374, 0.001350570470487974, 0.00026819384456908596, 0.9999998150849241, -0.000545804158462169, -0.0013504242418811254, 0.0005461658558427942, 0.9999989390280496], "world_rotation": [0.368633471694562, 0.9118172154965468, 0.18082789903811491, 0.0014811058916099499]}, {"color": "CVGreen", "id_name": "object26698162459458", "shape": "CVCapsule", "id_string": "ob17460", "world_size": [0.04, 0.08, 0.04], "id": 17460, "camera_size": [17, 17], "camera_position": [290, 242], "world_position": [0.735, 0.6399748858658902, -0.065], "world_orientation": [1.0, -9.627715291671303e-17, 2.6597159133585094e-18, 9.627715291671303e-17, 1.0, -2.1076890233118206e-16, -2.6597159133585094e-18, 2.1076890233118206e-16, 1.0], "world_rotation": [0.9095358415233338, 0.01147753261849028, 0.41546698933782017, 2.3173237678921624e-16]}, {"color": "CVYellow", "id_name": "object34556784432729", "shape": "CVSphere", "id_string": "ob17467", "world_size": [0.04, 0.04, 0.04], "id": 17467, "camera_size": [17, 16], "camera_position": [219, 224], "world_position": [0.78, 0.6199874431539305, -0.245], "world_orientation": [1.0, -2.2442984970449937e-16, -1.4488340486922525e-17, 2.2442984970449937e-16, 1.0, -5.952269926945416e-16, 1.4488340486922525e-17, 5.952269926945416e-16, 1.0], "world_rotation": [-0.9354546928465729, 0.022769777356192403, -0.3527124251716587, -6.362969764823948e-16]}, {"color": "CVGreen", "id_name": "object268539687761179", "shape": "CVCapsule", "id_string": "ob17474", "world_size": [0.04, 0.08, 0.04], "id": 17474, "camera_size": [17, 17], "camera_position": [236, 224], "world_position": [0.7800000004582968, 0.6399748863427944, -0.20000002456494279], "world_orientation": [0.9999999999999937, 5.74331713940876e-12, -1.1405459673625986e-07, -5.743294497958069e-12, 1.0, 1.9711791870276142e-10, 1.14054596736261e-07, -1.9711791804307108e-10, 0.9999999999999937], "world_rotation": [0.0017282742596485966, 0.999998505265077, 5.0355684017229225e-05, -1.1405476721790435e-07]}, {"color": "CVRed", "id_name": "object109432390075109", "shape": "CVSphere", "id_string": "ob17481", "world_size": [0.04, 0.04, 0.04], "id": 17481, "camera_size": [16, 17], "camera_position": [254, 219], "world_position": [0.793854417912118, 0.6199773097536625, -0.15477764874201844], "world_orientation": [0.9999898404250605, 0.00030079620722578746, -0.004497618070035038, -0.00029872834899338763, 0.9999998493818012, 0.00046043213270440263, 0.0044977558888511055, -0.00045908388888918887, 0.9999897796647461], "world_rotation": [0.1014682934379612, 0.9926365859972692, 0.06615733947548075, -0.004531066487912368]}, {"color": "CVRed", "id_name": "object140120493920334", "shape": "CVCapsule", "id_string": "ob17488", "world_size": [0.04, 0.08, 0.04], "id": 17488, "camera_size": [17, 17], "camera_position": [272, 224], "world_position": [0.78, 0.6399748858658902, -0.11], "world_orientation": [1.0, 2.8622937353616997e-17, 1.993998719847534e-17, -2.8622937353616997e-17, 1.0, -1.5352302762394738e-16, -1.993998719847534e-17, 1.5352302762394738e-16, 1.0], "world_rotation": [0.9751436338441275, 0.12665429985627505, -0.1818064402082252, 1.5743632250229854e-16]}, {"color": "CVPurple", "id_name": "object274857810584733", "shape": "CVCone", "id_string": "ob17495", "world_size": [0.04, 0.04, 0.04], "id": 17495, "camera_size": [16, 16], "camera_position": [289, 224], "world_position": [0.78, 0.6199874431539305, -0.065], "world_orientation": [1.0, 4.228388472693457e-17, -1.6957377686420176e-17, -4.228388472693457e-17, 1.0, 1.0733601507606494e-16, 1.6957377686420176e-17, -1.0733601507606494e-16, 1.0], "world_rotation": [0.92051720276698, 0.14542702990328832, 0.3626279889688094, -1.1660402951017529e-16]}, {"color": "CVYellow", "id_name": "object178905882846765", "shape": "CVBox", "id_string": "ob17502", "world_size": [0.04, 0.04, 0.04], "id": 17502, "camera_size": [17, 17], "camera_position": [234, 280], "world_position": [0.6399329674795589, 0.6599576987851233, -0.20396951277096476], "world_orientation": [0.9999997639686947, -0.00022363709895004358, -0.000649652986476213, 0.00022356710704313513, 0.9999999691975917, -0.00010780799692811613, 0.0006496770763330176, 0.0001076627304432585, 0.9999997831641931], "world_rotation": [-0.1549116030711595, 0.9341468579228854, -0.3215152299141115, -0.0006954635433016462]}, {"color": "CVGreen", "id_name": "object126660960622006", "shape": "CVBox", "id_string": "ob17509", "world_size": [0.04, 0.04, 0.04], "id": 17509, "camera_size": [17, 18], "camera_position": [252, 283], "world_position": [0.6315299665707013, 0.6599591094500387, -0.15951887026860842], "world_orientation": [0.9993330934202859, 0.0003550033618161654, -0.036513591546919376, -0.00035931881223028316, 0.9999999292148806, -0.00011162537812101906, 0.036513549334915935, 0.00012467095476678883, 0.99933315024176], "world_rotation": [-0.003235561322103205, 0.999946929405943, 0.009781079416762354, -0.03652362806931466]}, {"color": "CVYellow", "id_name": "object198958285948526", "shape": "CVSphere", "id_string": "ob17516", "world_size": [0.04, 0.04, 0.04], "id": 17516, "camera_size": [17, 16], "camera_position": [271, 278], "world_position": [0.6440659147995237, 0.6599550397226833, -0.11334380730129504], "world_orientation": [0.9999041537718872, -0.00012315932985005798, -0.013844424925061265, 0.0001292046613989958, 0.999999896706099, 0.0004357682261092031, 0.013844369826093907, -0.0004375152236031054, 0.999904066400646], "world_rotation": [0.03152225395995137, 0.9994615382650597, -0.009109392632048978, -0.013852299076593582]}, {"color": "CVGreen", "id_name": "object171570329219336", "shape": "CVBox", "id_string": "ob17523", "world_size": [0.04, 0.04, 0.04], "id": 17523, "camera_size": [18, 18], "camera_position": [234, 262], "world_position": [0.684805041982641, 0.6602095542186429, -0.20407690106177592], "world_orientation": [0.9957569259418686, -0.0007839697450662093, -0.09201918186029966, 0.0023472844097199835, 0.9998547334277221, 0.016882011079210727, 0.09199257956324501, -0.01702637464692731, 0.9956141159463754], "world_rotation": [0.18119641105511558, 0.9833045734222261, -0.01673249854862076, -0.0937051107736715]}, {"color": "CVBlue", "id_name": "object25887042834608", "shape": "CVSphere", "id_string": "ob17530", "world_size": [0.04, 0.04, 0.04], "id": 17530, "camera_size": [17, 17], "camera_position": [252, 263], "world_position": [0.6827140217823644, 0.6599550877574504, -0.15950438380913798], "world_orientation": [0.9999522864018301, -0.00035643090593822356, -0.009762063140630127, 0.0003502088968806171, 0.9999997344727456, -0.0006390682023047946, 0.009762288332194604, 0.0006356189486976281, 0.9999521457125193], "world_rotation": [-0.06510589860871616, 0.9972254340141609, -0.03609232219766777, -0.009789493258183426]}, {"color": "CVRed", "id_name": "object221012648334688", "shape": "CVCapsule", "id_string": "ob17537", "world_size": [0.04, 0.08, 0.04], "id": 17537, "camera_size": [17, 17], "camera_position": [271, 260], "world_position": [0.6897525814518997, 0.6799445481539974, -0.11395579104961316], "world_orientation": [0.9999673385355747, 0.00018792238046726753, 0.008080009112517625, -0.00018648220936428163, 0.999999966593155, -0.00017899182872209158, -0.008080042479160549, 0.00017747920463586126, 0.9999673401740014], "world_rotation": [0.022047502154044777, 0.9994887071770272, -0.023156680987614302, 0.00808424722584851]}, {"color": "CVBlue", "id_name": "object82643361667481", "shape": "CVSphere", "id_string": "ob17544", "world_size": [0.04, 0.04, 0.04], "id": 17544, "camera_size": [17, 17], "camera_position": [234, 243], "world_position": [0.7303685455420642, 0.6999484550650212, -0.20256276677240082], "world_orientation": [0.9999997624416652, -0.00025001429654688027, 0.0006423468413965881, 0.0002499207671849287, 0.9999999581582045, 0.00014568184291482089, -0.000642383237063127, -0.0001455212724914488, 0.9999997830836445], "world_rotation": [-0.20667440578594984, 0.9118062668751297, 0.3548168847169826, 0.0007044973430237384]}, {"color": "CVBlue", "id_name": "object90254094685985", "shape": "CVSphere", "id_string": "ob17551", "world_size": [0.04, 0.04, 0.04], "id": 17551, "camera_size": [17, 17], "camera_position": [253, 232], "world_position": [0.7588207451291307, 0.6599696345662472, -0.1575054977341771], "world_orientation": [0.9997285599337818, -6.896683668899446e-05, 0.02329810499380372, 5.0780810432606656e-05, 0.9999996935970419, 0.0007811703602561187, -0.02329815173004409, -0.0007797752226686741, 0.9997282571161856], "world_rotation": [-0.033480485992151796, 0.9994360710553101, 0.002568449192530928, 0.02331338606533038]}, {"color": "CVYellow", "id_name": "object31526951547781", "shape": "CVCapsule", "id_string": "ob17558", "world_size": [0.04, 0.08, 0.04], "id": 17558, "camera_size": [19, 19], "camera_position": [272, 241], "world_position": [0.735809018283716, 0.6799442340168098, -0.11141173757988465], "world_orientation": [0.9885242470092082, -0.00025852286628352686, 0.15106206089156177, 0.00034760006128589025, 0.9999997809521982, -0.0005632670353240268, -0.1510618821843409, 0.0006093123035826724, 0.988524120337709], "world_rotation": [0.0038810831609599602, 0.9999904561579617, 0.0020061870524298885, 0.15164394316342536]}, {"color": "CVPurple", "id_name": "object127846068942440", "shape": "CVCylinder", "id_string": "ob17565", "world_size": [0.04, 0.04, 0.04], "id": 17565, "camera_size": [18, 18], "camera_position": [249, 268], "world_position": [0.6697912848188387, 0.6999463572733664, -0.16554051062308978], "world_orientation": [0.9947328304169302, 0.00014609635891345637, -0.10250158411740287, -0.00019135567984896037, 0.9999998885027308, -0.000431714639236365, 0.10250150961681928, 0.00044905498533439426, 0.9947327474633041], "world_rotation": [-0.004296326881862596, 0.9999894159662603, 0.0016460652422940537, -0.10268298136550422]}, {"color": "CVYellow", "id_name": "object175717295305928", "shape": "CVCone", "id_string": "ob17572", "world_size": [0.04, 0.04, 0.04], "id": 17572, "camera_size": [22, 23], "camera_position": [261, 285], "world_position": [0.6292807351596199, 0.6999521627854253, -0.13661362460685259], "world_orientation": [0.000333806951376088, -0.9071905743957254, 0.4207198002239412, 0.999999942952732, 0.0002810974575699343, -0.00018729322531843562, 5.1647382464770075e-05, 0.4207198387428065, 0.9071906164752669], "world_rotation": [0.21067752520559324, 0.21055790848457764, 0.9546100499931094, 1.6169099077474987]}, {"color": "CVYellow", "id_name": "object145391725561383", "shape": "CVSphere", "id_string": "ob17579", "world_size": [0.04, 0.04, 0.04], "id": 17579, "camera_size": [17, 23], "camera_position": [254, 247], "world_position": [0.7213387260228856, 0.6902509712948731, -0.15480239046415872], "world_orientation": [0.7558737909421289, 0.00662902005606264, -0.6546837925746073, -0.6545047351588752, -0.017831065774062363, -0.7558476068282363, -0.016684238711601743, 0.9998190382196457, -0.009139310267022806], "world_rotation": [-0.8860105436815603, 0.32197133389826277, 0.3336461848019235, -1.7067631683638373]}, {"color": "CVGreen", "id_name": "object193278287732715", "shape": "CVCone", "id_string": "ob17586", "world_size": [0.04, 0.04, 0.04], "id": 17586, "camera_size": [18, 18], "camera_position": [270, 243], "world_position": [0.728490573921082, 0.7399372802003024, -0.11559449105238193], "world_orientation": [0.9994222455238186, -3.075088590424783e-05, 0.03398785380854568, 4.222290405350288e-05, 0.9999999423863754, -0.00033681519032051376, -0.033987841493016736, 0.0003380556597270028, 0.9994221892418722], "world_rotation": [0.009927624873875024, 0.9999501437159813, 0.0010734741503125962, 0.03399609027175606]}], "source": "manual check"}
