{"timestamp": 1721664171.175665, "objects": [{"color": "cv_", "id_name": "hand", "shape": "CVBox", "id_string": "ob383", "world_size": [0.12, 0.005, 0.12], "id": 383, "camera_size": [48, 49], "camera_position": [246, 391], "world_position": [0.36271536181840963, 0.6554487532647518, -0.17408986249147035], "world_orientation": [-4.078602657450611e-06, -0.0015809914479200681, 0.9999987502239224, -0.0007631201544315707, -0.9999984590514556, -0.0015809941000455385, 0.9999997088154552, -0.0007631256489493159, 2.872109935005626e-06], "world_rotation": [0.0, 1.0, 0.0, 0.0]}, {"color": "CVBlue", "id_name": "object7703087743982", "shape": "CVSphere", "id_string": "ob3397", "world_size": [0.04, 0.04, 0.04], "id": 3397, "camera_size": [16, 16], "camera_position": [255, 245], "world_position": [0.7259369042610359, 0.6199776684906572, -0.15025152143731865], "world_orientation": [0.999999131173909, -9.83916623798867e-06, -0.001318163350386597, 9.38900520538766e-06, 0.999999941640695, -0.00034151201038163775, 0.0013181666336529426, 0.0003414993374245342, 0.9999990729070345], "world_rotation": [-0.2507901984330408, 0.9680157173902181, -0.007060258877510413, -0.001361719004881292]}, {"color": "CVPurple", "id_name": "object168782730328062", "shape": "CVCapsule", "id_string": "ob3404", "world_size": [0.04, 0.08, 0.04], "id": 3404, "camera_size": [18, 18], "camera_position": [218, 295], "world_position": [0.6000000000917057, 0.6399748858691984, -0.2450000134050051], "world_orientation": [0.9999999999999433, -3.461163926142557e-13, 3.369554966482779e-07, 3.4602609518057556e-13, 1.0, 2.681557428734001e-10, -3.3695549664827803e-07, -2.681557427568658e-10, 0.9999999999999433], "world_rotation": [-0.0007958192122314174, 0.9999996833353131, 1.0270529424546253e-06, 3.36955603350225e-07]}, {"color": "CVYellow", "id_name": "object8247777976053", "shape": "CVCapsule", "id_string": "ob3411", "world_size": [0.04, 0.08, 0.04], "id": 3411, "camera_size": [17, 18], "camera_position": [236, 295], "world_position": [0.5999975437559835, 0.6399748868740971, -0.199999987788644], "world_orientation": [0.9999999981196799, -6.131589046353938e-05, 1.000948810594063e-06, 6.131589081166311e-05, 0.9999999981201203, -3.477667715107911e-07, -1.0009274850833037e-06, 3.478281449243589e-07, 0.9999999999994386], "world_rotation": [0.005671377032215508, 0.01632184907679634, 0.9998507052181707, 6.132504618542457e-05]}, {"color": "CVGreen", "id_name": "object46665999824168", "shape": "CVSphere", "id_string": "ob3418", "world_size": [0.04, 0.04, 0.04], "id": 3418, "camera_size": [15, 17], "camera_position": [254, 295], "world_position": [0.5999436953671616, 0.619987443182863, -0.15494371359437564], "world_orientation": [0.9999960251132708, 5.114711189651111e-10, -0.0028195314609108, -5.112415676976803e-10, 1.0, 8.21354178743595e-11, 0.0028195314609108, -8.069362971111548e-11, 0.9999960251132708], "world_rotation": [2.8875196081847085e-08, 0.999999999999983, 1.8136216971531944e-07, -0.002819535196689516]}, {"color": "CVBlue", "id_name": "object16331212861211", "shape": "CVCapsule", "id_string": "ob3425", "world_size": [0.04, 0.08, 0.04], "id": 3425, "camera_size": [17, 18], "camera_position": [272, 295], "world_position": [0.5999635349855144, 0.6399748635902089, -0.10999998966370801], "world_orientation": [0.9999996182784595, -0.0008735931103659479, 1.667371804723076e-05, 0.00087359310972352, 0.9999996184174657, 4.581234453679678e-08, -1.6673751706179725e-05, -3.124628185005496e-08, 0.9999999998609925], "world_rotation": [-4.409638389539583e-05, 0.019082909949682113, 0.9998179037221534, 0.0008737523282479207]}, {"color": "CVBlue", "id_name": "object109947254615330", "shape": "CVSphere", "id_string": "ob3432", "world_size": [0.04, 0.04, 0.04], "id": 3432, "camera_size": [16, 17], "camera_position": [289, 295], "world_position": [0.6, 0.6199874431539305, -0.065], "world_orientation": [1.0, 2.049142105997599e-16, 5.802954297681148e-18, -2.049142105997599e-16, 1.0, 6.179952383167331e-17, -5.802954297681148e-18, -6.179952383167331e-17, 1.0], "world_rotation": [-0.28863572672225335, 0.027102796704540077, -0.9570553043948448, 2.1410905896324258e-16]}, {"color": "CVRed", "id_name": "object216012826832009", "shape": "CVCylinder", "id_string": "ob3439", "world_size": [0.04, 0.04, 0.04], "id": 3439, "camera_size": [17, 16], "camera_position": [219, 277], "world_position": [0.6450000052946888, 0.619987440715923, -0.24500398441506968], "world_orientation": [0.999999999976223, 2.4694663188784954e-07, 6.891511779654207e-06, -2.4819301858687725e-07, 0.9999999836450115, 0.00018085882674575513, -6.891467004465608e-06, -0.00018085882845187996, 0.9999999836212958], "world_rotation": [-0.999273887930245, 0.0380765787872373, -0.0013678627970978225, 0.0001809902477896585]}, {"color": "CVBlue", "id_name": "object58361087669384", "shape": "CVCylinder", "id_string": "ob3446", "world_size": [0.04, 0.04, 0.04], "id": 3446, "camera_size": [16, 16], "camera_position": [236, 277], "world_position": [0.644998476383746, 0.6199776129457394, -0.20000606732636578], "world_orientation": [0.9999999953648566, -9.50782434505776e-05, -1.5179417103367617e-05, 9.508291973172983e-05, 0.9999999479353409, 0.000308364320750429, 1.5150097575089446e-05, -0.0003083657626244144, 0.9999999523405145], "world_rotation": [0.9545519925481895, 0.04694290006239977, -0.2943244088688753, -0.0003230468842537288]}, {"color": "CVGreen", "id_name": "object149346107228709", "shape": "CVSphere", "id_string": "ob3453", "world_size": [0.04, 0.04, 0.04], "id": 3453, "camera_size": [16, 16], "camera_position": [253, 277], "world_position": [0.6450069679206145, 0.6201140502877499, -0.1551758019166797], "world_orientation": [0.9999999495280489, 4.672338908476092e-06, 0.00031768234003555636, -7.326321992000419e-06, 0.9999650987229426, 0.008354716173557483, -0.00031763221645074365, -0.008354718079321768, 0.999965048286984], "world_rotation": [-0.999277715524947, 0.03799384641260257, -0.000717558372864757, 0.008360853379670047]}, {"color": "CVBlue", "id_name": "object132650202414741", "shape": "CVBox", "id_string": "ob3460", "world_size": [0.04, 0.04, 0.04], "id": 3460, "camera_size": [16, 16], "camera_position": [271, 277], "world_position": [0.6450143011113448, 0.6199737502301129, -0.10997983732912825], "world_orientation": [0.9999998312233027, 0.0005809929298865602, 7.6259047453589e-07, -0.0005809920873179494, 0.999999480424763, -0.0008376147076222819, -1.2492383013986804e-06, 0.0008376141231934064, 0.9999996492004485], "world_rotation": [0.8216838818534407, 0.0009867829682882585, -0.5699426502391575, 0.001019387843639507]}, {"color": "CVBlue", "id_name": "object160099747085240", "shape": "CVCylinder", "id_string": "ob3467", "world_size": [0.04, 0.04, 0.04], "id": 3467, "camera_size": [16, 16], "camera_position": [289, 278], "world_position": [0.6432792432082665, 0.6199748861669544, -0.06434796512342719], "world_orientation": [0.9999882529576272, 0.0001446509777224378, 0.004844896577569028, -0.00014479605619698856, 0.9999999890791531, 2.959384716648004e-05, -0.004844892243879726, -3.0295021443419672e-05, 0.9999882629817997], "world_rotation": [-0.006177742975285524, 0.9995350757688237, -0.029857458022130457, 0.0048471669479642175]}, {"color": "CVPurple", "id_name": "object242742877175439", "shape": "CVCone", "id_string": "ob3474", "world_size": [0.04, 0.04, 0.04], "id": 3474, "camera_size": [17, 15], "camera_position": [219, 260], "world_position": [0.6899999999999983, 0.619987443153931, -0.24499999999569386], "world_orientation": [1.0, -2.129922462359046e-14, -1.0767796883867266e-10, 2.129922462359046e-14, 1.0, -2.128715176093671e-14, 1.0767796883867266e-10, 2.128715176093671e-14, 1.0], "world_rotation": [-0.00019769272357286673, 0.9999999608954148, -0.00019780484365009194, -1.0767797304937513e-10]}, {"color": "CVYellow", "id_name": "object203518070038386", "shape": "CVCapsule", "id_string": "ob3481", "world_size": [0.04, 0.08, 0.04], "id": 3481, "camera_size": [17, 17], "camera_position": [236, 260], "world_position": [0.6900087223779948, 0.6399544045321024, -0.19998328560775566], "world_orientation": [0.9999999901261889, 0.0001348069845306157, 3.968247686821212e-05, -0.00013479180737723263, 0.9999999178697455, -0.0003822194016219753, -3.973399945403022e-05, 0.00038221404897523605, 0.9999999261668123], "world_rotation": [0.9385742784688152, 0.09750784964270148, -0.3310144151767397, 0.0004072312065555936]}, {"color": "CVGreen", "id_name": "object6287486009671", "shape": "CVCapsule", "id_string": "ob3488", "world_size": [0.04, 0.08, 0.04], "id": 3488, "camera_size": [17, 16], "camera_position": [254, 261], "world_position": [0.6859489593632191, 0.6399513190684443, -0.15499445731208905], "world_orientation": [0.9999997368910377, -0.0006781835767141803, -0.00025745852422969835, 0.0006781535368302059, 0.999999763238825, -0.000116747910369535, 0.00025753763978893473, 0.0001165732832433403, 0.9999999600425161], "world_rotation": [-0.15878031967826697, 0.3504664719469676, -0.9230179099692013, -0.0007347296411729594]}, {"color": "CVGreen", "id_name": "object149918308979199", "shape": "CVSphere", "id_string": "ob3495", "world_size": [0.04, 0.04, 0.04], "id": 3495, "camera_size": [17, 17], "camera_position": [271, 259], "world_position": [0.6930792112676101, 0.6199748795845796, -0.1108611834078748], "world_orientation": [0.9980726432962382, -0.00020794734336739972, -0.062056067081008845, 0.00016158954967915732, 0.9999997041558832, -0.0007520485113752503, 0.062056205108576526, 0.000740571433700817, 0.998072381624436], "world_rotation": [-0.012025445786503386, 0.9999232594868945, -0.0029772119072265265, -0.06210080638239165]}, {"color": "CVYellow", "id_name": "object227953333670510", "shape": "CVCapsule", "id_string": "ob3502", "world_size": [0.04, 0.08, 0.04], "id": 3502, "camera_size": [18, 17], "camera_position": [290, 260], "world_position": [0.6904997687668721, 0.6399748863954945, -0.06450256195447819], "world_orientation": [0.9996897396845029, 6.598215549453594e-10, -0.024908319283542004, -6.619184761334203e-10, 1.0, -7.594065786977985e-11, 0.024908319283542004, 9.24043732405147e-11, 0.9996897396845029], "world_rotation": [-3.3792932633059525e-09, 0.9999999999999996, 2.6532099898689464e-08, -0.02491089562427917]}, {"color": "CVYellow", "id_name": "object2881637636553", "shape": "CVCapsule", "id_string": "ob3509", "world_size": [0.04, 0.08, 0.04], "id": 3509, "camera_size": [18, 17], "camera_position": [218, 242], "world_position": [0.7350000118363647, 0.6399748864004674, -0.24500103244948376], "world_orientation": [0.9999999999999395, 3.1061877523062697e-07, -1.5775853384035523e-07, -3.1061496802810913e-07, 0.9999999997087623, 2.4132528693280255e-05, 1.5776602981038097e-07, -2.4132528644276634e-05, 0.9999999997087982], "world_rotation": [0.999895812844145, 0.006536647990229379, 0.012869952983533479, -2.413504323263216e-05]}, {"color": "CVGreen", "id_name": "object81490085562797", "shape": "CVBox", "id_string": "ob3516", "world_size": [0.04, 0.04, 0.04], "id": 3516, "camera_size": [16, 16], "camera_position": [236, 242], "world_position": [0.7350043777684023, 0.6199748856473369, -0.2000018781934167], "world_orientation": [0.9999999873632436, 0.00015897597264513013, 3.9096020595767e-07, -0.00015897602321505912, 0.9999999785266238, 0.0001329412500832628, -3.698257329968614e-07, -0.00013294131055661547, 0.9999999911632356], "world_rotation": [-0.6414960160485642, 0.0018355515597960562, -0.7671241699648705, 0.0002072363318643652]}, {"color": "CVGreen", "id_name": "object201363836582782", "shape": "CVCone", "id_string": "ob3523", "world_size": [0.04, 0.04, 0.04], "id": 3523, "camera_size": [16, 17], "camera_position": [254, 230], "world_position": [0.7659267100741556, 0.619981268914292, -0.15417531279941138], "world_orientation": [0.9999979546178093, 0.00013223829805200754, -0.0020182351772183096, -0.00013278018321467118, 0.9999999551753798, -0.00026836292920653736, 0.0020181995988946665, 0.00026863036193837636, 0.999997927351906], "world_rotation": [-0.13159623169024715, 0.9891736354236673, 0.06494575265290557, -0.0020403079055487912]}, {"color": "CVYellow", "id_name": "object96647028233227", "shape": "CVSphere", "id_string": "ob3530", "world_size": [0.04, 0.04, 0.04], "id": 3530, "camera_size": [16, 16], "camera_position": [272, 241], "world_position": [0.7360168870313446, 0.6199630724736762, -0.10803096655921948], "world_orientation": [0.9999780672203904, -0.0016314690188939474, 0.006418986447469921, 0.0016211524280976563, 0.9999973865371358, 0.0016120743479072597, -0.006421599721041975, -0.001601632835170647, 0.999978098674808], "world_rotation": [-0.23577477619760542, 0.9420541940063766, 0.23862973507919188, 0.006815258428582972]}, {"color": "CVPurple", "id_name": "object258415325106357", "shape": "CVCone", "id_string": "ob3537", "world_size": [0.04, 0.04, 0.04], "id": 3537, "camera_size": [16, 16], "camera_position": [289, 242], "world_position": [0.735, 0.6199874431539305, -0.065], "world_orientation": [1.0, 4.228388472693457e-17, -1.6957377686420176e-17, -4.228388472693457e-17, 1.0, 1.0733601507606494e-16, 1.6957377686420176e-17, -1.0733601507606494e-16, 1.0], "world_rotation": [0.92051720276698, 0.14542702990328832, 0.3626279889688094, -1.1660402951017529e-16]}, {"color": "CVYellow", "id_name": "object232236154649739", "shape": "CVCapsule", "id_string": "ob3544", "world_size": [0.04, 0.08, 0.04], "id": 3544, "camera_size": [18, 17], "camera_position": [218, 224], "world_position": [0.78, 0.6399748858658902, -0.245], "world_orientation": [1.0, -1.3010426069826106e-17, -2.3826422606982324e-17, 1.3010426069826106e-17, 1.0, 3.2786273695961654e-16, 2.3826422606982324e-17, -3.2786273695961654e-16, 1.0], "world_rotation": [0.9965895685050425, 0.07242410176010956, -0.03954720509940661, -3.2898471679914803e-16]}, {"color": "CVGreen", "id_name": "object76562555337584", "shape": "CVCapsule", "id_string": "ob3551", "world_size": [0.04, 0.08, 0.04], "id": 3551, "camera_size": [17, 17], "camera_position": [236, 224], "world_position": [0.7800178292961187, 0.6399656608474228, -0.20002175755053617], "world_orientation": [0.9999995827663714, 0.0009109477942725622, 6.81263512810059e-05, -0.0009109809533637427, 0.999999465841904, 0.0004882925447562478, -6.768150587417595e-05, -0.000488354402832614, 0.9999998784645882], "world_rotation": [-0.47143578457758434, 0.06555560722103036, -0.8794604956344539, 0.001035822008196899]}, {"color": "CVGreen", "id_name": "object168786964912582", "shape": "CVCapsule", "id_string": "ob3558", "world_size": [0.04, 0.08, 0.04], "id": 3558, "camera_size": [16, 33], "camera_position": [253, 192], "world_position": [0.8638623014074436, 0.6199748862806388, -0.1553456154265139], "world_orientation": [-5.148646928093287e-10, 0.9999994832810352, -0.0010165813605886493, -1.0, -5.14864033148328e-10, 9.106021058719047e-13, 3.8720036291822746e-13, 0.0010165813605886498, 0.9999994832810352], "world_rotation": [-0.0005082906798390409, 0.000508290680487942, 0.9999997416405512, -1.5707965856692434]}, {"color": "CVBlue", "id_name": "object46786421437851", "shape": "CVBox", "id_string": "ob3565", "world_size": [0.04, 0.04, 0.04], "id": 3565, "camera_size": [16, 16], "camera_position": [271, 224], "world_position": [0.78, 0.6199874431539305, -0.11], "world_orientation": [1.0, 4.228388472693457e-17, -1.6957377686420176e-17, -4.228388472693457e-17, 1.0, 1.0733601507606494e-16, 1.6957377686420176e-17, -1.0733601507606494e-16, 1.0], "world_rotation": [0.92051720276698, 0.14542702990328832, 0.3626279889688094, -1.1660402951017529e-16]}, {"color": "CVRed", "id_name": "object6564263013666", "shape": "CVSphere", "id_string": "ob3572", "world_size": [0.04, 0.04, 0.04], "id": 3572, "camera_size": [16, 16], "camera_position": [289, 224], "world_position": [0.78, 0.6199874431539305, -0.065], "world_orientation": [1.0, 4.228388472693457e-17, -1.6957377686420176e-17, -4.228388472693457e-17, 1.0, 1.0733601507606494e-16, 1.6957377686420176e-17, -1.0733601507606494e-16, 1.0], "world_rotation": [0.92051720276698, 0.14542702990328832, 0.3626279889688094, -1.1660402951017529e-16]}, {"color": "CVPurple", "id_name": "object119082058224538", "shape": "CVCone", "id_string": "ob3579", "world_size": [0.04, 0.04, 0.04], "id": 3579, "camera_size": [17, 17], "camera_position": [234, 280], "world_position": [0.6400178623902557, 0.6599626376144097, -0.2049953552478443], "world_orientation": [0.9999990215810137, -0.0001574241875563677, 0.001389983683520405, 0.00015685340760426947, 0.9999999033459174, 0.0004107373428342327, -0.0013900482091653025, -0.00041051891728374073, 0.9999989496195457], "world_rotation": [-0.28165859356438633, 0.9534415881901647, 0.1077848532065094, 0.0014578936517589845]}, {"color": "CVRed", "id_name": "object135164104832142", "shape": "CVSphere", "id_string": "ob3586", "world_size": [0.04, 0.04, 0.04], "id": 3586, "camera_size": [17, 17], "camera_position": [252, 280], "world_position": [0.6400358231618406, 0.6600573493170903, -0.1601876949051144], "world_orientation": [0.9999999937028938, -9.63324009806284e-05, -5.75697914294826e-05, 9.68268792496186e-05, 0.999962567596031, 0.008651822427040046, 5.673418562653805e-05, -0.008651827946861843, 0.9999625706267262], "world_rotation": [0.999915887097383, 0.006605216826913788, -0.011161981944216007, -0.008652660946576953]}, {"color": "CVGreen", "id_name": "object271768178195708", "shape": "CVCone", "id_string": "ob3593", "world_size": [0.04, 0.04, 0.04], "id": 3593, "camera_size": [17, 17], "camera_position": [270, 280], "world_position": [0.6399521564856142, 0.6599661041501333, -0.11533970645673346], "world_orientation": [0.99999985591693, 0.00047822903753450187, 0.0002438505835032821, -0.00047808169253714074, 0.9999997033449366, -0.0006039436513784198, -0.0002441393345548602, 0.0006038269838606911, 0.999999787894457], "world_rotation": [0.7473945130050456, 0.30197868412840734, -0.5917857012990654, 0.00080798744547728]}, {"color": "CVRed", "id_name": "object87159576304535", "shape": "CVSphere", "id_string": "ob3600", "world_size": [0.04, 0.04, 0.04], "id": 3600, "camera_size": [17, 17], "camera_position": [233, 262], "world_position": [0.6848147986835474, 0.6999419037451791, -0.20500494053143473], "world_orientation": [0.9999755145851237, -0.0001653044226949767, 0.006995920573094605, 0.00016862373908894734, 0.9999998735031257, -0.00047387737576792046, -0.006995841354106491, 0.000475045450969177, 0.9999754159655965], "world_rotation": [0.06764549984242842, 0.9974253991721113, 0.023804609583488432, 0.007013996567030427]}, {"color": "CVYellow", "id_name": "object142723049395161", "shape": "CVSphere", "id_string": "ob3607", "world_size": [0.04, 0.04, 0.04], "id": 3607, "camera_size": [17, 17], "camera_position": [252, 264], "world_position": [0.6808854246509205, 0.6999274975820515, -0.1599997341848957], "world_orientation": [0.9999999714277269, -0.00017964501449256134, -0.00015770927131688456, 0.00017954113191510421, 0.999999767095088, -0.0006584639336049373, 0.00015782752434850654, 0.0006584355994900424, 0.9999997707764907], "world_rotation": [-0.9399707475615176, 0.22522246401569038, -0.2563783053055448, -0.0007005003316389854]}, {"color": "CVRed", "id_name": "object54267721309203", "shape": "CVBox", "id_string": "ob3614", "world_size": [0.04, 0.04, 0.04], "id": 3614, "camera_size": [17, 16], "camera_position": [270, 261], "world_position": [0.6864658373904016, 0.6599635422452985, -0.11498781873316216], "world_orientation": [0.9999991430463472, -0.00036003396260359666, -0.001258682691163732, 0.00035908013982099957, 0.9999996482953996, -0.0007579383420175162, 0.0012589551320239154, 0.0007574857245427678, 0.9999989206230938], "world_rotation": [-0.5009252939040437, 0.8322082870089091, -0.23770405331176897, -0.001512625398330785]}, {"color": "CVRed", "id_name": "object274762599742891", "shape": "CVCone", "id_string": "ob3621", "world_size": [0.04, 0.04, 0.04], "id": 3621, "camera_size": [17, 17], "camera_position": [234, 244], "world_position": [0.7300089931538617, 0.6599622618119514, -0.20499783614346537], "world_orientation": [0.9999999861571004, 0.0001663396536782071, 4.113227959755311e-06, -0.00016634055306498038, 0.9999999620462555, 0.00021963221077797766, -4.0766942577572315e-06, -0.0002196328919342449, 0.9999999758723864], "world_rotation": [-0.7970882978658126, 0.014861392629879016, -0.6036798691479468, 0.0002755435686653695]}, {"color": "CVYellow", "id_name": "object8924978457707", "shape": "CVCone", "id_string": "ob3628", "world_size": [0.04, 0.04, 0.04], "id": 3628, "camera_size": [17, 17], "camera_position": [252, 239], "world_position": [0.7419948833948857, 0.6599739498918756, -0.1591719656189946], "world_orientation": [0.9990319315269911, -0.0003518924022657094, 0.04398949830569268, 0.0003672189882675144, 0.9999998746613673, -0.00034033434248891193, -0.04398937303103975, 0.000356158654603879, 0.9990319355312666], "world_rotation": [0.007916081434019612, 0.9999352655112524, 0.008173153716337632, 0.044006485723534085]}, {"color": "CVPurple", "id_name": "object155314153652738", "shape": "CVCapsule", "id_string": "ob3635", "world_size": [0.04, 0.08, 0.04], "id": 3635, "camera_size": [18, 17], "camera_position": [272, 242], "world_position": [0.734087992315292, 0.6799267773996205, -0.10947761580108784], "world_orientation": [0.9994348740916463, -0.0026016519456810924, -0.03351363687468983, 0.00268522160135222, 0.99999339637565, 0.002448834425625971, 0.033507044548373215, -0.002537442067522577, 0.9994352602111791], "world_rotation": [0.07396550162031297, 0.9941723703456024, -0.0784245026217066, -0.03371315719488062]}, {"color": "CVGreen", "id_name": "object185552146819021", "shape": "CVCone", "id_string": "ob3642", "world_size": [0.04, 0.04, 0.04], "id": 3642, "camera_size": [17, 17], "camera_position": [245, 270], "world_position": [0.6676120622795099, 0.7399202815868137, -0.1757588364265954], "world_orientation": [0.9999096504448394, -0.0005396949334894105, -0.01343129467541418, 0.0005347108783217136, 0.9999997868547661, -0.0003746661171466138, 0.013431494018002907, 0.000367450406856707, 0.9999097258996148], "world_rotation": [-0.02759360961244775, 0.9988206438380149, -0.039948894247136456, -0.013447658755631874]}, {"color": "CVRed", "id_name": "object145313900099016", "shape": "CVBox", "id_string": "ob3649", "world_size": [0.04, 0.04, 0.04], "id": 3649, "camera_size": [17, 17], "camera_position": [290, 277], "world_position": [0.6478813426033452, 0.6599614153333795, -0.06531180147300533], "world_orientation": [0.0002370640947070291, 0.9996059530641113, 0.02806924294321063, 0.9999999708943768, -0.00023571167527158826, -5.1490309233955686e-05, -4.485377135762803e-05, 0.02806925433274136, -0.9996059798487319], "world_rotation": [0.707155652814702, 0.7069884766070569, 0.009908412438201484, 3.1217083482709467]}, {"color": "CVRed", "id_name": "object194815395225029", "shape": "CVCylinder", "id_string": "ob3656", "world_size": [0.04, 0.04, 0.04], "id": 3656, "camera_size": [20, 20], "camera_position": [245, 222], "world_position": [0.7803839780061748, 0.69995724350354, -0.17587006982002246], "world_orientation": [-0.9810289938509166, -0.0010816990243344617, -0.1938580489716107, 0.0011718498162874374, -0.9999992520070724, -0.0003503616762157286, -0.1938575249812778, -0.0005708874817750598, 0.9810295276369702], "world_rotation": [0.09739191788477301, 0.0002314124795960797, -0.9952460805142566, -3.1404604967462904]}, {"color": "CVRed", "id_name": "object270345163733970", "shape": "CVCylinder", "id_string": "ob3663", "world_size": [0.04, 0.04, 0.04], "id": 3663, "camera_size": [18, 18], "camera_position": [267, 247], "world_position": [0.7194839159525389, 0.7399203317282104, -0.1230718364282733], "world_orientation": [0.9999709218863538, -0.0004524264413288389, -0.0076125351934324195, 0.0004537481690920306, 0.9999998822816664, 0.00017189895980784524, 0.00761245652566281, -0.00017534813521652217, 0.9999710094591124], "world_rotation": [0.022761513758634184, 0.9979748238497416, -0.059398353962823516, -0.00762801776397651]}], "source": "manual check"}
