{"timestamp": 1721665512.43226, "objects": [{"color": "cv_", "id_name": "hand", "shape": "CVBox", "id_string": "ob383", "world_size": [0.12, 0.005, 0.12], "id": 383, "camera_size": [48, 49], "camera_position": [246, 391], "world_position": [0.3626730876790555, 0.6554744471067107, -0.17408986376580093], "world_orientation": [-4.077702678751365e-06, -0.001580896421633027, 0.9999987503741574, -0.0007631201624945363, -0.9999984592016822, -0.001580899073099482, 0.9999997088154526, -0.000763125655316564, 2.871282462033909e-06], "world_rotation": [0.0, 1.0, 0.0, 0.0]}, {"color": "CVPurple", "id_name": "object173812175787654", "shape": "CVSphere", "id_string": "ob16228", "world_size": [0.04, 0.04, 0.04], "id": 16228, "camera_size": [16, 16], "camera_position": [255, 247], "world_position": [0.7212744342543302, 0.6199768718391817, -0.15039073142534126], "world_orientation": [0.999976533429569, 9.276040948437261e-05, -0.006850108443576615, -9.369549325095209e-05, 0.9999999863373147, -0.00013618562826072343, 0.006850095717351096, 0.0001368242567405308, 0.9999765284584363], "world_rotation": [-0.01992163226110218, 0.9997089636324704, 0.013605756169553748, -0.006852149909861658]}, {"color": "CVYellow", "id_name": "object150878286135982", "shape": "CVBox", "id_string": "ob16235", "world_size": [0.04, 0.04, 0.04], "id": 16235, "camera_size": [17, 17], "camera_position": [219, 295], "world_position": [0.59999999999938, 0.6199874431539752, -0.2450000000763061], "world_orientation": [1.0, -2.268102783781744e-12, 1.891192099706163e-09, 2.268102783781744e-12, 1.0, 4.210717378142257e-12, -1.891192099706163e-09, -4.210717378142257e-12, 1.0], "world_rotation": [-0.0022264813362427873, 0.9999968022321454, 0.00119929410199417, 1.891198147318805e-09]}, {"color": "CVBlue", "id_name": "object129574316400109", "shape": "CVBox", "id_string": "ob16242", "world_size": [0.04, 0.04, 0.04], "id": 16242, "camera_size": [16, 17], "camera_position": [236, 295], "world_position": [0.5999999973924053, 0.6199874431540487, -0.20000000004580326], "world_orientation": [0.999999999999999, -8.478697506659462e-11, -4.868767324719922e-08, 8.478697519925261e-11, 1.0, 2.6443593535270665e-12, 4.868767324719899e-08, -2.644363606980803e-12, 0.999999999999999], "world_rotation": [5.4312668696330057e-05, 0.9999984822106706, -0.0017414437944831365, -4.86877471449422e-08]}, {"color": "CVGreen", "id_name": "object271834858982207", "shape": "CVBox", "id_string": "ob16249", "world_size": [0.04, 0.04, 0.04], "id": 16249, "camera_size": [15, 17], "camera_position": [254, 296], "world_position": [0.5986112466536311, 0.6205437437366722, -0.1550153041239557], "world_orientation": [0.999579970084981, -0.028979427781728854, 0.0002759897686488439, 0.028979308867453233, 0.9995799210553408, 0.0004255356194425138, -0.0002882056099102815, -0.00041735888900250935, 0.9999998713745338], "world_rotation": [-0.014540783928039263, 0.00973294167969021, 0.9998469060056233, 0.02898786513334946]}, {"color": "CVPurple", "id_name": "object190537245684234", "shape": "CVCylinder", "id_string": "ob16256", "world_size": [0.04, 0.04, 0.04], "id": 16256, "camera_size": [16, 17], "camera_position": [271, 295], "world_position": [0.5999669557614024, 0.6200002419947113, -0.10999574696037075], "world_orientation": [0.9999993101352548, -0.0010999914877779767, -0.00041200454064801295, 0.001100070098171018, 0.9999993767543549, 0.0001906218272489295, 0.0004117946014806334, -0.00019107492962109696, 0.9999998969577835], "world_rotation": [0.16037383813406197, 0.3461277254700545, -0.9243786181555024, -0.0011900221738196518]}, {"color": "CVYellow", "id_name": "object68630983807901", "shape": "CVCylinder", "id_string": "ob16263", "world_size": [0.04, 0.04, 0.04], "id": 16263, "camera_size": [16, 17], "camera_position": [289, 295], "world_position": [0.6, 0.6199874431539305, -0.065], "world_orientation": [1.0, 2.049142105997599e-16, 5.802954297681148e-18, -2.049142105997599e-16, 1.0, 6.179952383167331e-17, -5.802954297681148e-18, -6.179952383167331e-17, 1.0], "world_rotation": [-0.28863572672225335, 0.027102796704540077, -0.9570553043948448, 2.1410905896324258e-16]}, {"color": "CVPurple", "id_name": "object270171537403493", "shape": "CVBox", "id_string": "ob16270", "world_size": [0.04, 0.04, 0.04], "id": 16270, "camera_size": [17, 16], "camera_position": [219, 277], "world_position": [0.6450127445736565, 0.6199874426076009, -0.24499407403887205], "world_orientation": [0.999999928252207, 1.0615129053113273e-07, -0.0003788080912623752, -2.180456936882722e-08, 0.9999999752104916, 0.00022266345948184296, 0.00037880810550792234, -0.0002226634352464838, 0.9999999034627024], "world_rotation": [0.506741377605681, 0.8620981121788439, 0.00014560209474431455, -0.00043940255201053996]}, {"color": "CVRed", "id_name": "object186565692614361", "shape": "CVSphere", "id_string": "ob16277", "world_size": [0.04, 0.04, 0.04], "id": 16277, "camera_size": [16, 16], "camera_position": [236, 277], "world_position": [0.6449969608693239, 0.6199748861788602, -0.1999983582303296], "world_orientation": [0.9999999876746837, -0.00015699116662981627, 2.0991564407750564e-06, 0.00015699130393421603, 0.9999999855271573, -6.55699298023858e-05, -2.08886251060081e-06, 6.557025854352303e-05, 0.9999999978480889], "world_rotation": [0.38537274609966043, 0.012307046256118087, 0.9226789166205416, 0.00017014720203481628]}, {"color": "CVPurple", "id_name": "object171931530180314", "shape": "CVSphere", "id_string": "ob16284", "world_size": [0.04, 0.04, 0.04], "id": 16284, "camera_size": [15, 17], "camera_position": [254, 279], "world_position": [0.6413151314110095, 0.619986357394605, -0.1549714188830672], "world_orientation": [0.999996104517081, -0.0014443167314956559, -0.0023884932159540908, 0.001446267266004949, 0.9999986219502643, 0.0008151126103807538, 0.002387312643710409, -0.0008185638346768452, 0.9999968153407238], "world_rotation": [0.28086507755353496, 0.8210665503645698, -0.49695525762715537, -0.0029082981093325696]}, {"color": "CVRed", "id_name": "object141575063829651", "shape": "CVCone", "id_string": "ob16291", "world_size": [0.04, 0.04, 0.04], "id": 16291, "camera_size": [16, 16], "camera_position": [271, 277], "world_position": [0.6449795216764866, 0.6199764774532458, -0.1099785219205895], "world_orientation": [0.9999995322344445, -0.0009611957180138636, -0.0001078595564446231, 0.0009610971528993251, 0.9999991239235716, -0.0009101891849550519, 0.00010873433189857086, 0.0009100850956872902, 0.9999995799608936], "world_rotation": [-0.6852866645648715, 0.08154205379173173, -0.7236940519535722, -0.0013281119492693566]}, {"color": "CVYellow", "id_name": "object68996609404588", "shape": "CVCone", "id_string": "ob16298", "world_size": [0.04, 0.04, 0.04], "id": 16298, "camera_size": [16, 16], "camera_position": [289, 277], "world_position": [0.6449999436711495, 0.619987443185254, -0.06500002963081751], "world_orientation": [0.9999999999994368, -4.103978250128134e-11, -1.0614978663709579e-06, 4.1039247220844085e-11, 1.0, -5.042249627410639e-10, 1.0614978663709786e-06, 5.042249191739022e-10, 0.9999999999994368], "world_rotation": [-0.00047501262100372725, 0.9999998864341277, -3.86618866608556e-05, -1.0614979869211121e-06]}, {"color": "CVGreen", "id_name": "object72757120995005", "shape": "CVCylinder", "id_string": "ob16305", "world_size": [0.04, 0.04, 0.04], "id": 16305, "camera_size": [17, 16], "camera_position": [219, 259], "world_position": [0.6913649462644755, 0.6199644629687925, -0.24339444700049184], "world_orientation": [0.9997048086924207, 0.0005171411683493027, 0.02429049283696769, -0.0005019732556314064, 0.9999996752263338, -0.0006305315832230732, -0.02429081102189491, 0.0006181522780102863, 0.9997047436056609], "world_rotation": [0.025688837407852032, 0.9994501047359533, -0.020965967087761227, 0.02430640989984369]}, {"color": "CVRed", "id_name": "object48757639750983", "shape": "CVCylinder", "id_string": "ob16312", "world_size": [0.04, 0.04, 0.04], "id": 16312, "camera_size": [16, 16], "camera_position": [236, 259], "world_position": [0.69011380224214, 0.619987443146285, -0.19975262120962148], "world_orientation": [0.999966789501926, -2.608259505913407e-11, 0.008149840072741157, 2.1607317267277077e-11, 1.0, 5.492126645026809e-10, -0.008149840072741157, -5.490183286964145e-10, 0.999966789501926], "world_rotation": [-6.737745669834406e-08, 0.9999999999999979, 2.9258189056936175e-09, 0.008149930294022372]}, {"color": "CVBlue", "id_name": "object84779502056973", "shape": "CVCapsule", "id_string": "ob16319", "world_size": [0.04, 0.08, 0.04], "id": 16319, "camera_size": [17, 16], "camera_position": [254, 263], "world_position": [0.6813259865448452, 0.6399454570663088, -0.15498826822680062], "world_orientation": [0.9999798811097261, -0.0010804982036962602, -0.0062505919247490055, 0.0010810067593916518, 0.999999412671325, 7.79832778175179e-05, 0.006250503992805529, -8.473864100137938e-05, 0.9999804618187292], "world_rotation": [0.012825240454748308, 0.9852978766121205, -0.1703631637148255, -0.006343858068112916]}, {"color": "CVRed", "id_name": "object140182068558250", "shape": "CVBox", "id_string": "ob16326", "world_size": [0.04, 0.04, 0.04], "id": 16326, "camera_size": [16, 15], "camera_position": [271, 260], "world_position": [0.6900095430839497, 0.6199775663053994, -0.10999759335813983], "world_orientation": [0.999999740797662, 0.0007198664402033846, 1.40327217443205e-05, -0.0007198649421515967, 0.9999997352294254, -0.00010646851268837457, -1.4109361138087105e-05, 0.000106458383427061, 0.9999999942337693], "world_rotation": [0.14627480368758988, 0.019332821377118843, -0.9890550661230939, 0.0007278318259427881]}, {"color": "CVRed", "id_name": "object174427423138823", "shape": "CVSphere", "id_string": "ob16333", "world_size": [0.04, 0.04, 0.04], "id": 16333, "camera_size": [16, 15], "camera_position": [289, 260], "world_position": [0.69, 0.6199874431539305, -0.065], "world_orientation": [1.0, 4.228388472693457e-17, -1.6957377686420176e-17, -4.228388472693457e-17, 1.0, 1.0733601507606494e-16, 1.6957377686420176e-17, -1.0733601507606494e-16, 1.0], "world_rotation": [0.92051720276698, 0.14542702990328832, 0.3626279889688094, -1.1660402951017529e-16]}, {"color": "CVGreen", "id_name": "object153607373553656", "shape": "CVCapsule", "id_string": "ob16340", "world_size": [0.04, 0.08, 0.04], "id": 16340, "camera_size": [18, 17], "camera_position": [217, 242], "world_position": [0.7349366012169396, 0.6400348943910199, -0.24563931198995662], "world_orientation": [0.9999945145815861, 1.3512669162286104e-05, -0.0033121932531107656, 6.627260181734865e-07, 0.9999908419457579, 0.004279722441347907, 0.0033122207503387497, -0.004279701160356266, 0.9999853565686245], "world_rotation": [0.7908231646710921, 0.6120435545749152, 0.0011872332969999867, -0.005411744220558517]}, {"color": "CVGreen", "id_name": "object263834390053431", "shape": "CVCylinder", "id_string": "ob16347", "world_size": [0.04, 0.04, 0.04], "id": 16347, "camera_size": [16, 16], "camera_position": [236, 242], "world_position": [0.7349985775524763, 0.6199749283579465, -0.19997617706255666], "world_orientation": [0.999999995715627, -9.223231084071453e-05, 7.87062434413976e-06, 9.22407254530966e-05, 0.9999994169670354, -0.0010758983398970333, -7.771387165185546e-06, 0.001075899061279583, 0.9999994211902402], "world_rotation": [0.9963192070165092, 0.0072425203667373286, 0.0854141886850862, 0.0010798737012366966]}, {"color": "CVRed", "id_name": "object17502575877701", "shape": "CVCone", "id_string": "ob16354", "world_size": [0.04, 0.04, 0.04], "id": 16354, "camera_size": [15, 17], "camera_position": [254, 232], "world_position": [0.7612797773168386, 0.619977266462099, -0.15498753235922896], "world_orientation": [0.9999800767724666, 0.00023569273997517737, -0.006307971707624584, -0.0002374438065608939, 0.9999999334877104, -0.0002768483588926837, 0.006307906036918678, 0.00027834063199377277, 0.9999800662252833], "world_rotation": [-0.043933786412791435, 0.9983326170673417, 0.03744072796978905, -0.006318516231245355]}, {"color": "CVRed", "id_name": "object256997333225339", "shape": "CVBox", "id_string": "ob16361", "world_size": [0.04, 0.04, 0.04], "id": 16361, "camera_size": [16, 16], "camera_position": [271, 242], "world_position": [0.7350760854872957, 0.6199802997070696, -0.10992706168988703], "world_orientation": [0.9999927436747567, 0.00013285827435872722, -0.0038072229395425513, -0.0001319945022360811, 0.9999999654952563, 0.0002271275801762615, 0.0038072529839536604, -0.00022662339956786476, 0.9999927267068252], "world_rotation": [0.05944922526289607, 0.997628026478514, 0.03470029395014671, -0.003816299364331046]}, {"color": "CVGreen", "id_name": "object11282552606197", "shape": "CVCylinder", "id_string": "ob16368", "world_size": [0.04, 0.04, 0.04], "id": 16368, "camera_size": [16, 16], "camera_position": [289, 242], "world_position": [0.7349469396407217, 0.619987443186962, -0.06505573593855746], "world_orientation": [0.9999995882022197, 3.8386040297598e-12, -0.0009075215652958745, -4.406893727446207e-12, 1.0, -6.261976625671375e-10, 0.0009075215652958745, 6.262014040514236e-10, 0.9999995882022197], "world_rotation": [-6.900106369427983e-07, 0.9999999999997619, 4.542866016917079e-09, -0.0009075216898678997]}, {"color": "CVYellow", "id_name": "object122277591951995", "shape": "CVCylinder", "id_string": "ob16375", "world_size": [0.04, 0.04, 0.04], "id": 16375, "camera_size": [17, 16], "camera_position": [219, 224], "world_position": [0.78, 0.6199874431539305, -0.245], "world_orientation": [1.0, -2.2442984970449937e-16, -1.4488340486922525e-17, 2.2442984970449937e-16, 1.0, -5.952269926945416e-16, 1.4488340486922525e-17, 5.952269926945416e-16, 1.0], "world_rotation": [-0.9354546928465729, 0.022769777356192403, -0.3527124251716587, -6.362969764823948e-16]}, {"color": "CVBlue", "id_name": "object253145494070301", "shape": "CVSphere", "id_string": "ob16382", "world_size": [0.04, 0.04, 0.04], "id": 16382, "camera_size": [16, 16], "camera_position": [236, 224], "world_position": [0.7799999910541346, 0.6199874428552938, -0.19999999629381046], "world_orientation": [0.9999999999999859, -5.725752239661875e-08, -1.5774596138956346e-07, 5.725751699181121e-08, 0.9999999999999978, -3.429610689131913e-08, 1.577459633513625e-07, 3.4296097867965076e-08, 0.999999999999987], "world_rotation": [-0.20022868554241907, 0.9209579078528313, -0.3342828225459559, -1.7128466027100067e-07]}, {"color": "CVBlue", "id_name": "object175917818996785", "shape": "CVCone", "id_string": "ob16389", "world_size": [0.04, 0.04, 0.04], "id": 16389, "camera_size": [16, 17], "camera_position": [254, 214], "world_position": [0.8075034454293613, 0.6199874431847697, -0.154933541218257], "world_orientation": [0.9998940929043634, 5.011250116009599e-10, -0.014553452338204435, -4.957624223025275e-10, 1.0, 3.720831271416003e-10, 0.014553452338204435, -3.6482866611421825e-10, 0.9998940929043634], "world_rotation": [2.5317422152864112e-08, 0.9999999999999992, 3.424917369216052e-08, -0.014553966131259786]}, {"color": "CVYellow", "id_name": "object6280097779003", "shape": "CVSphere", "id_string": "ob16396", "world_size": [0.04, 0.04, 0.04], "id": 16396, "camera_size": [16, 16], "camera_position": [271, 224], "world_position": [0.78, 0.6199874431539305, -0.11], "world_orientation": [1.0, 4.228388472693457e-17, -1.6957377686420176e-17, -4.228388472693457e-17, 1.0, 1.0733601507606494e-16, 1.6957377686420176e-17, -1.0733601507606494e-16, 1.0], "world_rotation": [0.92051720276698, 0.14542702990328832, 0.3626279889688094, -1.1660402951017529e-16]}, {"color": "CVRed", "id_name": "object242175896878191", "shape": "CVCylinder", "id_string": "ob16403", "world_size": [0.04, 0.04, 0.04], "id": 16403, "camera_size": [16, 16], "camera_position": [289, 224], "world_position": [0.7799999950428059, 0.6199874431937796, -0.06499997196724513], "world_orientation": [0.9999999999999976, -7.442742519608028e-11, 6.971417146938124e-08, 7.44274492461459e-11, 1.0, -3.4323016439216677e-10, -6.971417146935556e-08, 3.4323016960728163e-10, 0.9999999999999976], "world_rotation": [0.0049233291356829256, 0.999987310455181, 0.001067594883538347, 6.971505612169767e-08]}, {"color": "CVYellow", "id_name": "object42222548935679", "shape": "CVSphere", "id_string": "ob16410", "world_size": [0.04, 0.04, 0.04], "id": 16410, "camera_size": [17, 17], "camera_position": [234, 280], "world_position": [0.6400055284047291, 0.659961362237566, -0.20500340881347753], "world_orientation": [0.9999998907778512, -0.00025930291995132046, -0.0003888525188532184, 0.00025931732886645345, 0.9999999656925759, 3.700500127581691e-05, 0.00038884291000780905, -3.710583343053584e-05, 0.9999999237121714], "world_rotation": [0.07903522354200815, 0.8293703924827123, -0.553080632017373, -0.0004688468894005465]}, {"color": "CVRed", "id_name": "object130272962929550", "shape": "CVSphere", "id_string": "ob16417", "world_size": [0.04, 0.04, 0.04], "id": 16417, "camera_size": [17, 18], "camera_position": [252, 281], "world_position": [0.6362954014615426, 0.6613653028361606, -0.1597491165275744], "world_orientation": [0.9959691228992542, -0.0896747279384271, -0.001987309854917176, 0.08967648841169132, 0.9959706136065236, 0.0008150204861212906, 0.001906215475270981, -0.0009899502078820639, 0.9999976931679131], "world_rotation": [0.010061008926757771, 0.02170273081647482, -0.9997138428442829, -0.08982200868369451]}, {"color": "CVGreen", "id_name": "object252860552253084", "shape": "CVBox", "id_string": "ob16424", "world_size": [0.04, 0.04, 0.04], "id": 16424, "camera_size": [17, 17], "camera_position": [270, 280], "world_position": [0.6399189474960528, 0.6599610769684598, -0.11495136351085256], "world_orientation": [0.9999991986975862, -0.0011780488463173048, -0.00046347071235135044, 0.0011776481077402045, 0.9999989333481959, -0.0008639718773438598, 0.00046448801906283496, 0.0008634253796337153, 0.9999995193736315], "world_rotation": [-0.5635852575054147, 0.3027583021137395, -0.7685760001611821, -0.0015325080900617542]}, {"color": "CVGreen", "id_name": "object231969330173448", "shape": "CVCapsule", "id_string": "ob16431", "world_size": [0.04, 0.08, 0.04], "id": 16431, "camera_size": [22, 17], "camera_position": [231, 262], "world_position": [0.6851230800385606, 0.6819673954401506, -0.20995723447724726], "world_orientation": [0.9992729814994097, -0.0026072416754507177, 0.038035650857140106, -0.001828260914573666, 0.9932340218465087, 0.11611561182131111, -0.03808104393669784, -0.11610073271713212, 0.9925071556191606], "world_rotation": [-0.9502487110026072, 0.31147588365232076, 0.0031876544495200447, 0.12249323711301138]}, {"color": "CVBlue", "id_name": "object46697447432902", "shape": "CVSphere", "id_string": "ob16438", "world_size": [0.04, 0.04, 0.04], "id": 16438, "camera_size": [17, 17], "camera_position": [252, 266], "world_position": [0.6748605616771692, 0.6999037881503997, -0.16020622041908242], "world_orientation": [0.9999197659986682, -0.0023704242331160316, -0.012443578831032863, 0.002376018439889362, 0.9999970827378393, 0.00043480131632923674, 0.012442511866274373, -0.0004643326032405979, 0.9999224811422591], "world_rotation": [0.03546790591072732, 0.981675258964985, -0.1872317109528656, -0.012675656689920168]}, {"color": "CVGreen", "id_name": "object168514200471281", "shape": "CVCylinder", "id_string": "ob16445", "world_size": [0.04, 0.04, 0.04], "id": 16445, "camera_size": [16, 17], "camera_position": [270, 262], "world_position": [0.6849614900269217, 0.6599713052802811, -0.114411570645635], "world_orientation": [0.9999997304834565, 0.0004608070963731584, -0.0005715678740712099, -0.00046090637196071003, 0.9999998787193127, -0.00017357037922277225, 0.0005714878222885938, 0.00017383377171786873, 0.9999998215917285], "world_rotation": [-0.23023454855162323, 0.7575353130012752, 0.6108455633049078, -0.0007544571092468819]}, {"color": "CVBlue", "id_name": "object36432226882277", "shape": "CVCone", "id_string": "ob16452", "world_size": [0.04, 0.04, 0.04], "id": 16452, "camera_size": [16, 17], "camera_position": [233, 243], "world_position": [0.7321832954037207, 0.6599679036552935, -0.20565373422052524], "world_orientation": [0.9999942236596782, -0.00014296120577190948, -0.0033959106836473863, 0.0001397035556047715, 0.9999995299173696, -0.0009595040159755277, 0.0033960462591398257, 0.0009590240527567718, 0.9999937735519517], "world_rotation": [-0.2716161715733189, 0.9615732875410434, -0.04001834613477983, -0.0035316970375661523]}, {"color": "CVPurple", "id_name": "object50686385109624", "shape": "CVSphere", "id_string": "ob16459", "world_size": [0.04, 0.04, 0.04], "id": 16459, "camera_size": [17, 18], "camera_position": [253, 238], "world_position": [0.7435817889691931, 0.6599721973651503, -0.15819841205054658], "world_orientation": [0.9990277037052513, 5.137763530060397e-05, -0.04408678475179744, -5.864082235554471e-05, 0.9999999849219839, -0.0001634542327340559, 0.04408677568916423, 0.00016588059210206484, 0.9990276916547222], "world_rotation": [-0.003735045626066063, 0.9999922462605146, 0.0012477391641154592, -0.044101416401250905]}, {"color": "CVYellow", "id_name": "object276194324982009", "shape": "CVBox", "id_string": "ob16466", "world_size": [0.04, 0.04, 0.04], "id": 16466, "camera_size": [17, 17], "camera_position": [269, 246], "world_position": [0.7258759934564163, 0.6599700199970384, -0.11856530881137385], "world_orientation": [0.9990626012387891, 6.69746020327382e-05, -0.04328873202563637, -6.890457762251911e-05, 0.9999999966976326, -4.3091692871617426e-05, 0.04328872899663209, 4.603409056814206e-05, 0.999062602554374], "world_rotation": [-0.0010294322032151045, 0.99999823854748, 0.0015694493544409288, -0.04330233814178463]}, {"color": "CVPurple", "id_name": "object3224113698752", "shape": "CVBox", "id_string": "ob16473", "world_size": [0.04, 0.04, 0.04], "id": 16473, "camera_size": [17, 18], "camera_position": [246, 270], "world_position": [0.6662269886514706, 0.7398562738150302, -0.17351903578005562], "world_orientation": [0.9997141533276118, -0.0026291228808499887, -0.023763403572166296, 0.002657958655341574, 0.9999957691173097, 0.0011819489274674958, 0.023760195543024255, -0.0012447732155046608, 0.9997169117542222], "world_rotation": [0.05068518548339491, 0.9925909494697237, -0.11042743772861206, -0.023941453162562562]}, {"color": "CVBlue", "id_name": "object7914793465363", "shape": "CVCylinder", "id_string": "ob16480", "world_size": [0.04, 0.04, 0.04], "id": 16480, "camera_size": [23, 22], "camera_position": [314, 267], "world_position": [0.6716111805717355, 0.6199874431733886, -0.0019054906490592477], "world_orientation": [0.6301344984263662, 3.9624698739064184e-10, 0.7764860036684191, 8.459316501319137e-11, 1.0, -5.789570666730256e-10, -0.7764860036684191, 4.305062294571632e-10, 0.6301344984263662], "world_rotation": [6.500202781254879e-10, 0.9999999999999999, -2.0068218931511822e-10, 0.8890699131718387]}, {"color": "CVBlue", "id_name": "object124485992922696", "shape": "CVCapsule", "id_string": "ob16487", "world_size": [0.04, 0.08, 0.04], "id": 16487, "camera_size": [35, 23], "camera_position": [213, 200], "world_position": [0.8427285523361356, 0.6199748863702272, -0.2583648486982535], "world_orientation": [-5.633850608255387e-10, -0.2149060024346322, 0.9766347373084608, 1.0, -6.471950753095258e-11, 5.626221710741677e-10, -5.770373068259006e-11, 0.9766347373084606, 0.214906002434632], "world_rotation": [0.5309344425905214, 0.5309344429277533, 0.6604674367325678, 1.9741955725292346]}, {"color": "CVPurple", "id_name": "object89156861528350", "shape": "CVSphere", "id_string": "ob16494", "world_size": [0.04, 0.04, 0.04], "id": 16494, "camera_size": [23, 24], "camera_position": [312, 182], "world_position": [0.8870883764710641, 0.6199874431753637, -0.0070383152001355165], "world_orientation": [0.63319571402812, 0.7739917232996871, -5.394064084285332e-10, -3.9287745279281684e-10, -3.7550515474826785e-10, -1.0, -0.773991723299687, 0.6331957140281198, 6.631575844018299e-11], "world_rotation": [0.8306880105200406, 0.3936733600365341, -0.39367336051071916, 1.7552425144738635]}], "source": "manual check"}
