{"timestamp": 1721665124.319191, "objects": [{"color": "cv_", "id_name": "hand", "shape": "CVBox", "id_string": "ob383", "world_size": [0.12, 0.005, 0.12], "id": 383, "camera_size": [48, 49], "camera_position": [246, 391], "world_position": [0.36263529302710773, 0.655494172198867, -0.17408986575228672], "world_orientation": [-4.07450236562223e-06, -0.0015809983919793918, 0.9999987502129605, -0.0007631201520656826, -0.9999984590404838, -0.0015810010409738338, 0.9999997088154736, -0.000763125640120809, 2.868004354039725e-06], "world_rotation": [0.0, 1.0, 0.0, 0.0]}, {"color": "CVBlue", "id_name": "object114364251877395", "shape": "CVCylinder", "id_string": "ob12406", "world_size": [0.04, 0.04, 0.04], "id": 12406, "camera_size": [16, 16], "camera_position": [255, 253], "world_position": [0.70699119760415, 0.619966577117877, -0.15036120930473126], "world_orientation": [0.9999999571853716, 0.00024631021877630455, -0.00015798902206832542, -0.0002465081072947179, 0.9999991836696447, -0.0012537518883923944, 0.0001576800811951613, 0.0012537907802882776, 0.9999992015725169], "world_rotation": [-0.9738277903156864, 0.12259306656734022, 0.19139063414515145, -0.0012874675514276386]}, {"color": "CVYellow", "id_name": "object187983890916629", "shape": "CVCapsule", "id_string": "ob12413", "world_size": [0.04, 0.08, 0.04], "id": 12413, "camera_size": [18, 18], "camera_position": [218, 295], "world_position": [0.5999999966661207, 0.639974885865877, -0.24500000091194984], "world_orientation": [0.9999999999999983, -1.0244036542365985e-11, -6.054022659092348e-08, 1.0244036754590572e-11, 1.0, 3.4036944326842463e-12, 6.054022659092345e-08, -3.4036950714126273e-12, 0.9999999999999983], "world_rotation": [5.6222034333313324e-05, 0.9999999841034601, -0.00016921040872300576, -6.054022755330364e-08]}, {"color": "CVBlue", "id_name": "object114921043274955", "shape": "CVBox", "id_string": "ob12420", "world_size": [0.04, 0.04, 0.04], "id": 12420, "camera_size": [16, 17], "camera_position": [236, 295], "world_position": [0.5999995980553045, 0.619977932535127, -0.19999856974429908], "world_orientation": [0.999999762185632, -0.0005787828329620873, -0.00037501881512905607, 0.0005786486882925914, 0.9999997686042439, -0.0003577109925429559, 0.0003752257653329314, 0.00035749390332869127, 0.9999998657018581], "world_rotation": [-0.4603190035054624, 0.4828711879030728, -0.7449441797241008, -0.0007768579641116713]}, {"color": "CVRed", "id_name": "object207120889342053", "shape": "CVCone", "id_string": "ob12427", "world_size": [0.04, 0.04, 0.04], "id": 12427, "camera_size": [16, 17], "camera_position": [254, 300], "world_position": [0.5867370830089081, 0.6199708772601887, -0.15475955160614613], "world_orientation": [0.9998333059183488, -0.0010923562047131087, -0.018225452924618153, 0.0010913882873152822, 0.9999994024477044, -6.305426981158679e-05, 0.018225510911679777, 4.315271318504375e-05, 0.9998339006504289], "world_rotation": [-0.0029084677380326824, 0.9982060439607061, -0.059801627199716635, -0.01825925098113982]}, {"color": "CVYellow", "id_name": "object27871192117756", "shape": "CVCapsule", "id_string": "ob12434", "world_size": [0.04, 0.08, 0.04], "id": 12434, "camera_size": [17, 18], "camera_position": [272, 295], "world_position": [0.5999998400713676, 0.6399748863224247, -0.11000527118698461], "world_orientation": [0.9999999997456773, -1.1299926579467617e-10, 2.255316748234333e-05, 1.1301041552900167e-10, 1.0, -4.943742797221455e-10, -2.2553167482343277e-05, 4.943768283391647e-10, 0.9999999997456773], "world_rotation": [2.192044883685259e-05, 0.9999999997471939, 5.0105973239342634e-06, 2.255316748995681e-05]}, {"color": "CVPurple", "id_name": "object106039797075131", "shape": "CVBox", "id_string": "ob12441", "world_size": [0.04, 0.04, 0.04], "id": 12441, "camera_size": [16, 17], "camera_position": [289, 295], "world_position": [0.6, 0.6199874431539305, -0.065], "world_orientation": [1.0, 2.049142105997599e-16, 5.802954297681148e-18, -2.049142105997599e-16, 1.0, 6.179952383167331e-17, -5.802954297681148e-18, -6.179952383167331e-17, 1.0], "world_rotation": [-0.28863572672225335, 0.027102796704540077, -0.9570553043948448, 2.1410905896324258e-16]}, {"color": "CVYellow", "id_name": "object20460906237331", "shape": "CVCone", "id_string": "ob12448", "world_size": [0.04, 0.04, 0.04], "id": 12448, "camera_size": [17, 16], "camera_position": [219, 277], "world_position": [0.6450290909030243, 0.6199874431993946, -0.2449756466298375], "world_orientation": [0.9999996216947018, -6.638327083702592e-12, -0.0008698335779237864, 6.956667576820547e-12, 1.0, 3.659755951640142e-10, 0.0008698335779237864, -3.659815078565563e-10, 0.9999996216947018], "world_rotation": [4.207454860317192e-07, 0.9999999999999114, -7.8147101960423e-09, -0.0008698336876114304]}, {"color": "CVPurple", "id_name": "object131654769307929", "shape": "CVCone", "id_string": "ob12455", "world_size": [0.04, 0.04, 0.04], "id": 12455, "camera_size": [16, 17], "camera_position": [236, 278], "world_position": [0.6439505115740474, 0.619979227843342, -0.20002141257088468], "world_orientation": [0.9999998393693774, -7.894698365878715e-05, -0.000561274080231314, 7.905738717405292e-05, 0.9999999775330315, 0.00019668214486526936, 0.0005612585401591144, -0.0001967264861343538, 0.9999998231437548], "world_rotation": [0.32786156247142645, 0.9355038752230707, -0.1316787579543959, -0.0005999615380888113]}, {"color": "CVGreen", "id_name": "object150852485384929", "shape": "CVSphere", "id_string": "ob12462", "world_size": [0.04, 0.04, 0.04], "id": 12462, "camera_size": [15, 16], "camera_position": [254, 284], "world_position": [0.6270607569072703, 0.6199812961298395, -0.1549276326942391], "world_orientation": [0.9999992761192488, -0.0006791772996260472, -0.0009932165796821687, 0.0006791085231904892, 0.9999997669849682, -6.95817730394016e-05, 0.0009932636066084914, 6.890722082586475e-05, 0.9999995043394785], "world_rotation": [-0.057453812856397043, 0.8241150266216847, -0.5635010934191717, -0.0012052205111138525]}, {"color": "CVBlue", "id_name": "object37537339631443", "shape": "CVBox", "id_string": "ob12469", "world_size": [0.04, 0.04, 0.04], "id": 12469, "camera_size": [17, 17], "camera_position": [272, 278], "world_position": [0.643307457974481, 0.6199713016953763, -0.10883171704051958], "world_orientation": [0.9973186521307531, -0.0011027076835299083, 0.07317301516175614, 0.0011261155352079069, 0.9999993271109507, -0.0002786421489123569, -0.07317265866359698, 0.000360296281511745, 0.9973192228222066], "world_rotation": [0.004365405815223858, 0.9998745186230258, 0.0152279427514257, 0.07324750019441877]}, {"color": "CVRed", "id_name": "object157353053067417", "shape": "CVSphere", "id_string": "ob12476", "world_size": [0.04, 0.04, 0.04], "id": 12476, "camera_size": [17, 16], "camera_position": [289, 277], "world_position": [0.6452881070307572, 0.6199874431849739, -0.06484992073890704], "world_orientation": [0.9997519603800183, -2.831355412730522e-10, 0.022271455190683142, 2.9488949951079106e-10, 1.0, -5.244746631207268e-10, -0.022271455190683142, 5.309121908991544e-10, 0.9997519603800183], "world_rotation": [2.3693711187344928e-08, 0.9999999999999996, 1.2976813500395997e-08, 0.02227329677449272]}, {"color": "CVRed", "id_name": "object5820541443106", "shape": "CVSphere", "id_string": "ob12483", "world_size": [0.04, 0.04, 0.04], "id": 12483, "camera_size": [17, 16], "camera_position": [219, 259], "world_position": [0.691146361389999, 0.6199874432021379, -0.24353629009878858], "world_orientation": [0.9999088799817887, -5.427384411170457e-10, 0.013499323448418156, 5.33529405120224e-10, 1.0, 6.857863093147712e-10, -0.013499323448418156, -6.785215344448208e-10, 0.9999088799817887], "world_rotation": [-5.0532452569667784e-08, 0.999999999999998, 3.9863769852976744e-08, 0.013499733482895982]}, {"color": "CVGreen", "id_name": "object93094793396728", "shape": "CVCylinder", "id_string": "ob12490", "world_size": [0.04, 0.04, 0.04], "id": 12490, "camera_size": [17, 16], "camera_position": [236, 259], "world_position": [0.6912012911929287, 0.6199586794237958, -0.2006248725868487], "world_orientation": [0.9994625148053414, -0.0004181017896038288, -0.03277966884940126, 0.0004168844003899079, 0.9999999121368804, -4.397303944434198e-05, 0.032779684354483786, 3.0284071993415454e-05, 0.9994626012895608], "world_rotation": [-0.0011325773994887444, 0.9999182613783422, -0.01273529860456259, -0.032788230800812904]}, {"color": "CVRed", "id_name": "object278881231206823", "shape": "CVBox", "id_string": "ob12497", "world_size": [0.04, 0.04, 0.04], "id": 12497, "camera_size": [15, 15], "camera_position": [254, 269], "world_position": [0.6670301582403596, 0.6199727663165536, -0.1551868058034195], "world_orientation": [0.9999996661270624, -0.0003930183363036171, -0.0007164372625862322, 0.0003939072443548071, 0.9999991523585728, 0.001241015398385509, 0.0007159489134971287, -0.0012412971938719104, 0.9999989732986878], "world_rotation": [0.8352295483128678, 0.4819583410209104, -0.2647786984359855, -0.0014860067575747688]}, {"color": "CVBlue", "id_name": "object2145052392446", "shape": "CVSphere", "id_string": "ob12504", "world_size": [0.04, 0.04, 0.04], "id": 12504, "camera_size": [16, 15], "camera_position": [271, 260], "world_position": [0.6899681138669017, 0.6199598307693519, -0.11000208974402931], "world_orientation": [0.9999981506451929, -0.0019231318070612937, 1.6439183180926658e-05, 0.001923129959084702, 0.9999981445455096, 0.00011169914337021391, -1.6653964854205387e-05, -0.00011166732211318828, 0.9999999936265275], "world_rotation": [-0.05797383181079288, 0.008589188149288138, 0.9982811531187543, 0.0019264433337049492]}, {"color": "CVYellow", "id_name": "object32775918114420", "shape": "CVCylinder", "id_string": "ob12511", "world_size": [0.04, 0.04, 0.04], "id": 12511, "camera_size": [16, 15], "camera_position": [289, 260], "world_position": [0.6899840177699387, 0.6199874431963, -0.06498416204603343], "world_orientation": [0.9999996794531145, 1.1486501616727831e-10, 0.000800683250912645, -1.1452556169738021e-10, 1.0, -4.240018513782207e-10, -0.000800683250912645, 4.2391001676670735e-10, 0.9999996794531145], "world_rotation": [5.294926971298092e-07, 0.9999999999998495, -1.43246769308061e-07, 0.0008006833364649507]}, {"color": "CVPurple", "id_name": "object36024038530368", "shape": "CVCone", "id_string": "ob12518", "world_size": [0.04, 0.04, 0.04], "id": 12518, "camera_size": [17, 17], "camera_position": [219, 242], "world_position": [0.735490097840138, 0.6199801169531667, -0.24423537018929428], "world_orientation": [0.9997208329145394, -0.0002845158878256416, 0.02362573358372621, 0.00027809725315959105, 0.999999923528096, 0.00027496494384806323, -0.023625810008916497, -0.00026831793107257143, 0.9997208355870705], "world_rotation": [-0.011496099977815043, 0.9998630443237528, 0.011905136745831792, 0.023631207273101782]}, {"color": "CVRed", "id_name": "object196069290964693", "shape": "CVSphere", "id_string": "ob12525", "world_size": [0.04, 0.04, 0.04], "id": 12525, "camera_size": [17, 16], "camera_position": [235, 241], "world_position": [0.7364015530433774, 0.6199696468929198, -0.20302939627072056], "world_orientation": [0.9997091899868936, -4.986293380545871e-06, 0.024115045736759128, 2.575659951335306e-05, 0.9999996290161801, -0.0008609901856395476, -0.02411503249731768, 0.0008613609226476651, 0.9997088192393895], "world_rotation": [0.03568838423321244, 0.9993627636860437, 0.0006370153964304254, 0.024132758272376736]}, {"color": "CVYellow", "id_name": "object59100114950873", "shape": "CVCylinder", "id_string": "ob12532", "world_size": [0.04, 0.04, 0.04], "id": 12532, "camera_size": [15, 16], "camera_position": [254, 237], "world_position": [0.746959138691928, 0.6199665582213721, -0.1549540837198184], "world_orientation": [0.9999992566185958, 0.0012190883363976937, 2.420503674232463e-05, -0.0012190881916336344, 0.9999992568937468, -5.994594696139534e-06, -2.421232669588639e-05, 5.965082165396929e-06, 0.9999999996890907], "world_rotation": [0.004904146822013322, 0.01985386911241863, -0.9997908647438298, 0.001219343573836208]}, {"color": "CVRed", "id_name": "object226318317765893", "shape": "CVSphere", "id_string": "ob12539", "world_size": [0.04, 0.04, 0.04], "id": 12539, "camera_size": [16, 16], "camera_position": [271, 242], "world_position": [0.7351301958532019, 0.6199670602591403, -0.1099442827424572], "world_orientation": [0.9999929465418377, 0.002108832031227351, -0.0031080048322710027, -0.0021039832809993005, 0.999996565872387, 0.001562529291265983, 0.0031112892708049186, -0.0015559790798266792, 0.9999939493857833], "world_rotation": [0.3834190586552955, 0.7646591276156447, 0.5179635547159357, -0.004066721380270833]}, {"color": "CVPurple", "id_name": "object50452856616630", "shape": "CVCylinder", "id_string": "ob12546", "world_size": [0.04, 0.04, 0.04], "id": 12546, "camera_size": [16, 16], "camera_position": [289, 242], "world_position": [0.735, 0.6199874431539305, -0.065], "world_orientation": [1.0, 4.228388472693457e-17, -1.6957377686420176e-17, -4.228388472693457e-17, 1.0, 1.0733601507606494e-16, 1.6957377686420176e-17, -1.0733601507606494e-16, 1.0], "world_rotation": [0.92051720276698, 0.14542702990328832, 0.3626279889688094, -1.1660402951017529e-16]}, {"color": "CVGreen", "id_name": "object108966157303552", "shape": "CVSphere", "id_string": "ob12553", "world_size": [0.04, 0.04, 0.04], "id": 12553, "camera_size": [17, 16], "camera_position": [219, 224], "world_position": [0.78, 0.6199874431539305, -0.245], "world_orientation": [1.0, -2.2442984970449937e-16, -1.4488340486922525e-17, 2.2442984970449937e-16, 1.0, -5.952269926945416e-16, 1.4488340486922525e-17, 5.952269926945416e-16, 1.0], "world_rotation": [-0.9354546928465729, 0.022769777356192403, -0.3527124251716587, -6.362969764823948e-16]}, {"color": "CVBlue", "id_name": "object182077099405965", "shape": "CVSphere", "id_string": "ob12560", "world_size": [0.04, 0.04, 0.04], "id": 12560, "camera_size": [16, 16], "camera_position": [236, 224], "world_position": [0.7800038746779984, 0.619987585051694, -0.20000055439306566], "world_orientation": [0.9999999833282199, 0.00018253139666295578, 5.084209051848944e-06, -0.00018253153224561563, 0.9999999829852161, 2.6679718618294526e-05, -5.079339079052108e-06, -2.668064620196236e-05, 0.9999999996311717], "world_rotation": [-0.14457588257432707, 0.027537366846372285, -0.9891104627922115, 0.00018454103192381386]}, {"color": "CVBlue", "id_name": "object233561097756968", "shape": "CVCapsule", "id_string": "ob12567", "world_size": [0.04, 0.08, 0.04], "id": 12567, "camera_size": [16, 18], "camera_position": [253, 221], "world_position": [0.7869598287360295, 0.6399750107386174, -0.15535829264692919], "world_orientation": [0.9999991835511496, 0.0012010619511971083, -0.0004362880054301164, -0.0012010626449748289, 0.9999992787231193, -1.3281816490363784e-06, 0.0004362860955172219, 1.85218979038451e-06, 0.9999999048255016], "world_rotation": [-0.001244423238729292, 0.34142285246087756, 0.9399089781613328, -0.0012778499331975385]}, {"color": "CVRed", "id_name": "object242914895950800", "shape": "CVSphere", "id_string": "ob12574", "world_size": [0.04, 0.04, 0.04], "id": 12574, "camera_size": [16, 16], "camera_position": [271, 224], "world_position": [0.78, 0.6199874431539305, -0.11], "world_orientation": [1.0, 4.228388472693457e-17, -1.6957377686420176e-17, -4.228388472693457e-17, 1.0, 1.0733601507606494e-16, 1.6957377686420176e-17, -1.0733601507606494e-16, 1.0], "world_rotation": [0.92051720276698, 0.14542702990328832, 0.3626279889688094, -1.1660402951017529e-16]}, {"color": "CVYellow", "id_name": "object253030979635892", "shape": "CVBox", "id_string": "ob12581", "world_size": [0.04, 0.04, 0.04], "id": 12581, "camera_size": [16, 16], "camera_position": [289, 224], "world_position": [0.78, 0.6199874431539305, -0.065], "world_orientation": [1.0, 4.228388472693457e-17, -1.6957377686420176e-17, -4.228388472693457e-17, 1.0, 1.0733601507606494e-16, 1.6957377686420176e-17, -1.0733601507606494e-16, 1.0], "world_rotation": [0.92051720276698, 0.14542702990328832, 0.3626279889688094, -1.1660402951017529e-16]}, {"color": "CVYellow", "id_name": "object166901036032277", "shape": "CVCone", "id_string": "ob12588", "world_size": [0.04, 0.04, 0.04], "id": 12588, "camera_size": [18, 17], "camera_position": [234, 280], "world_position": [0.6400862336962169, 0.6599702238084987, -0.20395192913722057], "world_orientation": [0.9981044871590334, 0.00014205758555098185, -0.061541957497671815, -0.00012585311026611188, 0.9999999563868562, 0.0002671839821880739, 0.061541992769144974, -0.00025893228475598905, 0.9981044615069479], "world_rotation": [0.004274401441239504, 0.9999884958316059, 0.0021766250851274625, -0.061581598331149935]}, {"color": "CVPurple", "id_name": "object62652582182905", "shape": "CVCylinder", "id_string": "ob12595", "world_size": [0.04, 0.04, 0.04], "id": 12595, "camera_size": [17, 17], "camera_position": [251, 298], "world_position": [0.5950350975048853, 0.6599694868285911, -0.16199935600900636], "world_orientation": [0.9999873037012842, -0.0019049250886054654, -0.004665157729636025, 0.0019028208852134888, 0.9999980859200941, -0.0004554435495309363, 0.0046660163859953, 0.00044656080752283206, 0.9999890143769234], "world_rotation": [-0.08914437903052619, 0.9221925766308565, -0.3763165307214175, -0.005059254519656421]}, {"color": "CVGreen", "id_name": "object280902833635995", "shape": "CVCapsule", "id_string": "ob12602", "world_size": [0.04, 0.08, 0.04], "id": 12602, "camera_size": [18, 19], "camera_position": [270, 280], "world_position": [0.6413863778783782, 0.679957235505326, -0.11549394927643158], "world_orientation": [0.9977998188564894, -0.0015665136195694683, 0.06628021971174321, 0.0016204721625363557, 0.9999983979727433, -0.0007603432892645785, -0.06627892244090645, 0.0008660756472666191, 0.9978007588456955], "world_rotation": [0.012264916366672181, 0.9996359213620548, 0.024033238424208105, 0.06635238773009747]}, {"color": "CVPurple", "id_name": "object265104227830089", "shape": "CVCapsule", "id_string": "ob12609", "world_size": [0.04, 0.08, 0.04], "id": 12609, "camera_size": [18, 17], "camera_position": [234, 262], "world_position": [0.6861167833238838, 0.6799308849809063, -0.20297559782214447], "world_orientation": [0.9994315142029061, -0.0006308085224346944, 0.033708314978569395, 0.0006288421365139436, 0.999999799902614, 6.893692319874863e-05, -0.033708351719622345, -4.7700524727607116e-05, 0.9994317108982516], "world_rotation": [-0.0017297936057668265, 0.9998239934937252, 0.01868126998736368, 0.033720657445758966]}, {"color": "CVBlue", "id_name": "object74048723430274", "shape": "CVCone", "id_string": "ob12616", "world_size": [0.04, 0.04, 0.04], "id": 12616, "camera_size": [18, 18], "camera_position": [251, 266], "world_position": [0.6746941123908818, 0.6599588164936421, -0.16029827452723924], "world_orientation": [0.9947502979156893, -0.0010843966210208277, 0.10232628636189277, 0.0009498760642146544, 0.9999986195173761, 0.0013633410449025878, -0.10232762350465487, -0.0012589866204223987, 0.9947499547225823], "world_rotation": [-0.012811789973079024, 0.9998685309429891, 0.009938755837355866, 0.10251990151471552]}, {"color": "CVGreen", "id_name": "object114174628072693", "shape": "CVSphere", "id_string": "ob12623", "world_size": [0.04, 0.04, 0.04], "id": 12623, "camera_size": [17, 18], "camera_position": [274, 262], "world_position": [0.6842373517190465, 0.6599193618843318, -0.10592462120160262], "world_orientation": [0.9983071656753335, -0.003033400043663775, 0.05808271210487036, 0.003000297392081043, 0.9999952831928755, 0.0006571206585602253, -0.05808443144975445, -0.0004817428525007263, 0.9983115579552223], "world_rotation": [-0.009789996490736431, 0.9986059933373223, 0.051867388978928994, 0.058197500123479615]}, {"color": "CVRed", "id_name": "object40171512462147", "shape": "CVCapsule", "id_string": "ob12630", "world_size": [0.04, 0.08, 0.04], "id": 12630, "camera_size": [18, 17], "camera_position": [233, 243], "world_position": [0.7315281881937684, 0.6799539722068688, -0.2056207996752722], "world_orientation": [0.9994588060074041, -0.00024825505121744035, -0.03289427706583203, 0.00020888100049806083, 0.9999992576813322, -0.0012004188904541824, 0.03289455065784922, 0.0011928982414578988, 0.999458115946238], "world_rotation": [-0.03635385289144258, 0.9993148559699635, -0.00694377546287113, -0.03292291402740925]}, {"color": "CVGreen", "id_name": "object6939141790696", "shape": "CVSphere", "id_string": "ob12637", "world_size": [0.04, 0.04, 0.04], "id": 12637, "camera_size": [17, 17], "camera_position": [251, 240], "world_position": [0.7405550321392125, 0.6599622337054183, -0.16208587319139392], "world_orientation": [0.9996038456695453, 0.002478740938289765, 0.028035826472873216, -0.002464983565022425, 0.9999968239755005, -0.0005252570190297051, -0.028037039406477674, 0.0004559410846995562, 0.9996067809589163], "world_rotation": [0.017428361684540213, 0.9959845861093234, -0.08781205180174594, 0.028153183587573433]}, {"color": "CVGreen", "id_name": "object120308339112430", "shape": "CVCone", "id_string": "ob12644", "world_size": [0.04, 0.04, 0.04], "id": 12644, "camera_size": [17, 17], "camera_position": [272, 243], "world_position": [0.7327420236285284, 0.6599416297231872, -0.11061376302760197], "world_orientation": [0.9999761666594557, 0.0028916679910869557, 0.006269319683183329, -0.002904153738870286, 0.9999938160375381, 0.001983375341018791, -0.006263545650957812, -0.0020015351387569487, 0.9999783806927861], "world_rotation": [-0.2772761497485225, 0.8720558875297377, -0.40328211689257454, 0.007185877289281741]}, {"color": "CVBlue", "id_name": "object26233515523686", "shape": "CVSphere", "id_string": "ob12651", "world_size": [0.04, 0.04, 0.04], "id": 12651, "camera_size": [18, 25], "camera_position": [251, 283], "world_position": [0.6346540326466478, 0.6884608731421834, -0.16029803077133675], "world_orientation": [0.7148115768292681, -0.6977837560735618, 0.04628433202205223, 0.6993079743963901, 0.7128967865782317, -0.052407333762069463, 0.00357303463085663, 0.06982837135651393, 0.9975526211570113], "world_rotation": [0.08711960715212119, 0.030441117397478658, 0.9957326510772122, 0.7775556232983929]}, {"color": "CVGreen", "id_name": "object39416404011054", "shape": "CVCone", "id_string": "ob12658", "world_size": [0.04, 0.04, 0.04], "id": 12658, "camera_size": [18, 18], "camera_position": [269, 263], "world_position": [0.6813622092820092, 0.6998905813223363, -0.11768851514993153], "world_orientation": [0.9979711423276814, -0.0028269170287778373, 0.06360509115861042, 0.002765707232429719, 0.999995623787375, 0.0010503664137424228, -0.06360778210790895, -0.0008723223091484372, 0.997974593418641], "world_rotation": [-0.015097642427025859, 0.9989211721202199, 0.043915294409938806, 0.06371823854416005]}, {"color": "CVGreen", "id_name": "object278264241892023", "shape": "CVCapsule", "id_string": "ob12665", "world_size": [0.04, 0.08, 0.04], "id": 12665, "camera_size": [19, 38], "camera_position": [251, 260], "world_position": [0.689328032965353, 0.7060073209444137, -0.16166514446852467], "world_orientation": [0.493926634643325, -0.8679877672604499, 0.05131973768579486, 0.8679789763537624, 0.4956946759646232, 0.02998807810117458, -0.05146820569822005, 0.029732542887325474, 0.9982319368241328], "world_rotation": [-0.00014694316230194423, 0.05910725656887138, 0.9982516269100734, 1.0541963988327299]}, {"color": "CVRed", "id_name": "object31765623715884", "shape": "CVCapsule", "id_string": "ob12672", "world_size": [0.04, 0.08, 0.04], "id": 12672, "camera_size": [18, 17], "camera_position": [268, 246], "world_position": [0.7228814215772175, 0.7199230843435791, -0.1211674948383476], "world_orientation": [0.9998724456209799, 0.0026373467173684668, -0.015752361417052902, -0.00259785182894202, 0.9999934322609771, 0.00252717248826096, 0.015758922989720262, -0.0024859278354260926, 0.9998727301556941], "world_rotation": [0.15504025581709693, 0.9745501346676003, 0.16190909207185075, -0.01616779689261675]}], "source": "manual check"}
