{"timestamp": 1721665692.977532, "objects": [{"color": "cv_", "id_name": "hand", "shape": "CVBox", "id_string": "ob383", "world_size": [0.12, 0.005, 0.12], "id": 383, "camera_size": [48, 49], "camera_position": [246, 391], "world_position": [0.3626383521101346, 0.655494258684894, -0.17408986562952897], "world_orientation": [-4.074661380681336e-06, -0.001580892090031739, 0.9999987503810177, -0.0007631201625629293, -0.9999984592085336, -0.0015808947391785053, 0.999999708815465, -0.0007631256505645471, 2.868244474101981e-06], "world_rotation": [0.0, 1.0, 0.0, 0.0]}, {"color": "CVBlue", "id_name": "object143958102181759", "shape": "CVCone", "id_string": "ob18139", "world_size": [0.04, 0.04, 0.04], "id": 18139, "camera_size": [16, 16], "camera_position": [255, 251], "world_position": [0.7113901386662128, 0.6199687760120381, -0.1521775037024575], "world_orientation": [0.9999970372739115, 0.00040560656575352257, 0.002400193057480833, -0.0004021394259056091, 0.9999988753719251, -0.0014448317436739765, -0.002400776391397971, 0.0014438622507750905, 0.9999960757595598], "world_rotation": [0.5102846390795884, 0.8480860095118833, -0.14268744720410423, 0.0028304769832380784]}, {"color": "CVBlue", "id_name": "object227256297770748", "shape": "CVCone", "id_string": "ob18146", "world_size": [0.04, 0.04, 0.04], "id": 18146, "camera_size": [17, 17], "camera_position": [219, 295], "world_position": [0.6000188723303016, 0.6199858638737968, -0.24499870099093551], "world_orientation": [0.9999999990747489, 4.258729395709512e-05, 6.068337756072083e-06, -4.2586911575729155e-05, 0.9999999971087568, -6.29987420057238e-05, -6.071020684434072e-06, 6.299848351567434e-05, 0.9999999979971669], "world_rotation": [0.8258374728982976, 0.07956633216031928, -0.5582666631131645, 7.628451709838915e-05]}, {"color": "CVBlue", "id_name": "object87193037534354", "shape": "CVCone", "id_string": "ob18153", "world_size": [0.04, 0.04, 0.04], "id": 18153, "camera_size": [16, 17], "camera_position": [236, 295], "world_position": [0.599999430328656, 0.6199845208800742, -0.1999975179815052], "world_orientation": [0.9999999997353293, 2.0792964900686217e-05, -9.84856001248647e-06, -2.0793933914078e-05, 0.9999999949423788, -9.840149773548427e-05, 9.846513903797279e-06, 9.840170249974534e-05, 0.9999999951100755], "world_rotation": [-0.9737380825984122, 0.09744680721123317, 0.2057626454483526, -0.00010105551178866703]}, {"color": "CVRed", "id_name": "object270368979217320", "shape": "CVSphere", "id_string": "ob18160", "world_size": [0.04, 0.04, 0.04], "id": 18160, "camera_size": [15, 17], "camera_position": [254, 299], "world_position": [0.5899379321193573, 0.6199874431895712, -0.15501746520147655], "world_orientation": [0.9999996199816923, 5.484677358421105e-10, 0.0008718007060661614, -5.48471713269233e-10, 1.0, 4.323233285353212e-12, -0.0008718007060661614, -4.8013896692740924e-12, 0.9999996199816923], "world_rotation": [-5.233204613815159e-09, 0.9999999999998022, -6.291228267414819e-07, 0.0008718008164997604]}, {"color": "CVBlue", "id_name": "object97623301121147", "shape": "CVCone", "id_string": "ob18167", "world_size": [0.04, 0.04, 0.04], "id": 18167, "camera_size": [16, 17], "camera_position": [271, 295], "world_position": [0.6, 0.6199874431539305, -0.11], "world_orientation": [1.0, 4.228388472693457e-17, -1.6957377686420176e-17, -4.228388472693457e-17, 1.0, 1.0733601507606494e-16, 1.6957377686420176e-17, -1.0733601507606494e-16, 1.0], "world_rotation": [0.92051720276698, 0.14542702990328832, 0.3626279889688094, -1.1660402951017529e-16]}, {"color": "CVPurple", "id_name": "object205001676815410", "shape": "CVCylinder", "id_string": "ob18174", "world_size": [0.04, 0.04, 0.04], "id": 18174, "camera_size": [16, 17], "camera_position": [289, 295], "world_position": [0.6, 0.6199874431539305, -0.065], "world_orientation": [1.0, 2.049142105997599e-16, 5.802954297681148e-18, -2.049142105997599e-16, 1.0, 6.179952383167331e-17, -5.802954297681148e-18, -6.179952383167331e-17, 1.0], "world_rotation": [-0.28863572672225335, 0.027102796704540077, -0.9570553043948448, 2.1410905896324258e-16]}, {"color": "CVRed", "id_name": "object208701863418112", "shape": "CVCapsule", "id_string": "ob18181", "world_size": [0.04, 0.08, 0.04], "id": 18181, "camera_size": [18, 17], "camera_position": [218, 278], "world_position": [0.6447885685748491, 0.6399748949988475, -0.2452364372547514], "world_orientation": [0.9999426522706536, 2.9310993747360465e-05, -0.010709402915040932, -2.2958163485872192e-05, 0.9999998237199875, 0.0005933236188324877, 0.010709418418092132, -0.0005930437248472201, 0.999942476673677], "world_rotation": [0.0553040772961542, 0.9984665853377606, 0.0024365956524608776, -0.01072606352255919]}, {"color": "CVYellow", "id_name": "object36277973271587", "shape": "CVBox", "id_string": "ob18188", "world_size": [0.04, 0.04, 0.04], "id": 18188, "camera_size": [16, 16], "camera_position": [236, 277], "world_position": [0.6450095346432827, 0.6199775182653607, -0.20000330547635312], "world_orientation": [0.9999999039309058, 0.00043800003320199635, 1.715081449593274e-05, -0.0004380034753217528, 0.9999998838336611, 0.00020121038678712477, -1.706268234746727e-05, -0.00020121787957338107, 0.9999999796101147], "world_rotation": [-0.4171862674959523, 0.03546818710119161, -0.9081286395200575, 0.00048231247444753403]}, {"color": "CVGreen", "id_name": "object3445371722231", "shape": "CVCapsule", "id_string": "ob18195", "world_size": [0.04, 0.08, 0.04], "id": 18195, "camera_size": [17, 18], "camera_position": [254, 283], "world_position": [0.6306816205612098, 0.6399565221290842, -0.1553431044003706], "world_orientation": [0.999854496396729, -0.0011052360831084222, 0.017022470104074847, 0.0011066239898811466, 0.9999993850912258, -7.211459950229786e-05, -0.017022379933151133, 9.094158035242963e-05, 0.9998551046581902], "world_rotation": [0.004779321370431238, 0.9978847749346643, 0.06483158212501294, 0.01705933502663383]}, {"color": "CVGreen", "id_name": "object266901920391842", "shape": "CVCapsule", "id_string": "ob18202", "world_size": [0.04, 0.08, 0.04], "id": 18202, "camera_size": [17, 17], "camera_position": [272, 278], "world_position": [0.6450682929833401, 0.6399493580441828, -0.11000977288033569], "world_orientation": [0.9999990171964807, 0.0014013727337146814, -4.195871747473057e-05, -0.001401362515039105, 0.9999989886665525, 0.00024258807425558138, 4.2298631353248816e-05, -0.00024252903646532233, 0.9999999696952458], "world_rotation": [0.17047632231457194, 0.029609103943632538, 0.9849168109509316, -0.0014228288944070845]}, {"color": "CVYellow", "id_name": "object206008107828021", "shape": "CVCylinder", "id_string": "ob18209", "world_size": [0.04, 0.04, 0.04], "id": 18209, "camera_size": [16, 16], "camera_position": [289, 277], "world_position": [0.645, 0.6199874431539305, -0.065], "world_orientation": [1.0, 3.5778671692020784e-17, -3.6332864841185517e-17, -3.5778671692020784e-17, 1.0, 1.0733601507606489e-16, 3.6332864841185517e-17, -1.0733601507606489e-16, 1.0], "world_rotation": [0.9032531890035577, 0.3057480381601587, 0.3010843963345121, -1.18832699826363e-16]}, {"color": "CVGreen", "id_name": "object37140213863435", "shape": "CVBox", "id_string": "ob18216", "world_size": [0.04, 0.04, 0.04], "id": 18216, "camera_size": [18, 16], "camera_position": [218, 259], "world_position": [0.6901376804711323, 0.6209349754864261, -0.2457566123672338], "world_orientation": [0.9999785961311153, -0.000596011254000064, 0.006515523787758095, 0.00027575355388940884, 0.9987965883883445, 0.04904384756298638, -0.006536913615862894, -0.04904100115606362, 0.9987753746293456], "world_rotation": [-0.9912232167413293, 0.13190496961045167, 0.008809857265450034, 0.04949687863480559]}, {"color": "CVGreen", "id_name": "object43577921747757", "shape": "CVCylinder", "id_string": "ob18223", "world_size": [0.04, 0.04, 0.04], "id": 18223, "camera_size": [17, 16], "camera_position": [236, 260], "world_position": [0.6895346694568187, 0.6199663801514355, -0.2003954340117333], "world_orientation": [0.9997835215295503, -5.437948451557511e-05, -0.020806420183274697, 4.8102696623876485e-05, 0.99999995318793, -0.0003021758903689888, 0.020806435641452247, 0.0003011096308765301, 0.9997834773434138], "world_rotation": [-0.014496008292972404, 0.9998918951081781, -0.002462486659073662, -0.020810179421419963]}, {"color": "CVGreen", "id_name": "object219943280426914", "shape": "CVBox", "id_string": "ob18230", "world_size": [0.04, 0.04, 0.04], "id": 18230, "camera_size": [16, 16], "camera_position": [253, 267], "world_position": [0.67140899216112, 0.6199676304352938, -0.1566553579859557], "world_orientation": [0.9999987184300964, -4.145544150588357e-05, 0.0016004435670394692, 4.078574235555108e-05, 0.9999999116070369, 0.00041847633339198864, -0.0016004607736926808, -0.0004184105218063338, 0.9999986317280375], "world_rotation": [-0.252872472186186, 0.9671804364529291, 0.024849872296812882, 0.0016547614493096488]}, {"color": "CVYellow", "id_name": "object53955540113440", "shape": "CVCylinder", "id_string": "ob18237", "world_size": [0.04, 0.04, 0.04], "id": 18237, "camera_size": [17, 16], "camera_position": [272, 259], "world_position": [0.6905005586364061, 0.619954973810452, -0.1092211552713976], "world_orientation": [0.9998118688552166, -0.0016570432875269733, -0.01932565920694267, 0.0016683403690934565, 0.9999984467478393, 0.0005684560858382935, 0.019324687232979462, -0.0006005909189583888, 0.9998130804074807], "world_rotation": [0.03012173374278735, 0.9958670949525257, -0.08568203047982476, -0.019406591902515244]}, {"color": "CVYellow", "id_name": "object249903811366182", "shape": "CVCone", "id_string": "ob18244", "world_size": [0.04, 0.04, 0.04], "id": 18244, "camera_size": [16, 15], "camera_position": [289, 260], "world_position": [0.69, 0.6199874431539305, -0.065], "world_orientation": [1.0, 4.228388472693457e-17, -1.6957377686420176e-17, -4.228388472693457e-17, 1.0, 1.0733601507606494e-16, 1.6957377686420176e-17, -1.0733601507606494e-16, 1.0], "world_rotation": [0.92051720276698, 0.14542702990328832, 0.3626279889688094, -1.1660402951017529e-16]}, {"color": "CVGreen", "id_name": "object28605196075154", "shape": "CVCapsule", "id_string": "ob18251", "world_size": [0.04, 0.08, 0.04], "id": 18251, "camera_size": [18, 17], "camera_position": [218, 242], "world_position": [0.7349450136854317, 0.639974886389507, -0.24499588689019036], "world_orientation": [0.9999965347640128, 5.233121912713875e-12, -0.002632576678164989, -3.893000740099078e-12, 1.0, 5.090581687099633e-10, 0.002632576678164989, -5.09046156080321e-10, 0.9999965347640128], "world_rotation": [1.9336650917608304e-07, 0.9999999999999815, 1.7333061423255588e-09, -0.002632579719002401]}, {"color": "CVGreen", "id_name": "object163850541986971", "shape": "CVCone", "id_string": "ob18258", "world_size": [0.04, 0.04, 0.04], "id": 18258, "camera_size": [16, 16], "camera_position": [236, 242], "world_position": [0.7349978670074883, 0.6199765664076775, -0.1999938060769477], "world_orientation": [0.9999999694450841, -9.419240631355888e-05, -0.00022855551156926706, 9.424797065830769e-05, 0.9999999660068529, 0.00024311234718963728, 0.00022853260446294903, -0.000243133880654518, 0.999999944329381], "world_rotation": [0.7011973627154456, 0.6591495483911219, -0.2717427669261568, -0.00034672566059274157]}, {"color": "CVGreen", "id_name": "object11871679025373", "shape": "CVSphere", "id_string": "ob18265", "world_size": [0.04, 0.04, 0.04], "id": 18265, "camera_size": [16, 16], "camera_position": [254, 235], "world_position": [0.7513570601943464, 0.6199566143012051, -0.15348699437895358], "world_orientation": [0.9999931792500844, 0.0005430199782034587, 0.003653297498424577, -0.0005451152456291674, 0.9999996875141961, 0.0005725564419190668, -0.0036529854472343586, -0.000574544004817981, 0.9999931627748806], "world_rotation": [-0.15344998330135615, 0.9773764792747485, -0.14556208429845532, 0.003737710141721092]}, {"color": "CVRed", "id_name": "object64510855062262", "shape": "CVBox", "id_string": "ob18272", "world_size": [0.04, 0.04, 0.04], "id": 18272, "camera_size": [16, 16], "camera_position": [272, 241], "world_position": [0.735590181150482, 0.619966292652585, -0.10876879302025644], "world_orientation": [0.9999996289049254, 0.00031712889528197417, 0.0008010114078577047, -0.0003176194096647132, 0.999999762093591, 0.0006123158271157866, -0.0008008170342501381, -0.0006125700166589003, 0.999999491724897], "world_rotation": [-0.5794091262322907, 0.7577147068298223, -0.3002557035137384, 0.0010570130986969027]}, {"color": "CVYellow", "id_name": "object254195075405155", "shape": "CVSphere", "id_string": "ob18279", "world_size": [0.04, 0.04, 0.04], "id": 18279, "camera_size": [16, 16], "camera_position": [289, 242], "world_position": [0.735, 0.6199874431539305, -0.065], "world_orientation": [1.0, 4.228388472693457e-17, -1.6957377686420176e-17, -4.228388472693457e-17, 1.0, 1.0733601507606494e-16, 1.6957377686420176e-17, -1.0733601507606494e-16, 1.0], "world_rotation": [0.92051720276698, 0.14542702990328832, 0.3626279889688094, -1.1660402951017529e-16]}, {"color": "CVYellow", "id_name": "object237127932046356", "shape": "CVCapsule", "id_string": "ob18286", "world_size": [0.04, 0.08, 0.04], "id": 18286, "camera_size": [18, 17], "camera_position": [218, 224], "world_position": [0.78, 0.6399748858658902, -0.245], "world_orientation": [1.0, -1.3010426069826106e-17, -2.3826422606982324e-17, 1.3010426069826106e-17, 1.0, 3.2786273695961654e-16, 2.3826422606982324e-17, -3.2786273695961654e-16, 1.0], "world_rotation": [0.9965895685050425, 0.07242410176010956, -0.03954720509940661, -3.2898471679914803e-16]}, {"color": "CVBlue", "id_name": "object239148923368415", "shape": "CVCone", "id_string": "ob18293", "world_size": [0.04, 0.04, 0.04], "id": 18293, "camera_size": [16, 16], "camera_position": [236, 224], "world_position": [0.78, 0.6199874431539305, -0.2], "world_orientation": [1.0, 1.7889335846010863e-16, -4.367536594091608e-17, -1.7889335846010863e-16, 1.0, -6.570265165262153e-16, 4.367536594091608e-17, 6.570265165262153e-16, 1.0], "world_rotation": [-0.9628953949226872, 0.06400778001840857, 0.26217448871657395, -6.823446451096272e-16]}, {"color": "CVGreen", "id_name": "object130772496092050", "shape": "CVCapsule", "id_string": "ob18300", "world_size": [0.04, 0.08, 0.04], "id": 18300, "camera_size": [17, 20], "camera_position": [254, 218], "world_position": [0.7934294284653014, 0.6409542368599738, -0.15476278955154515], "world_orientation": [0.9985838295336898, 0.05310681297147398, 0.003162563808623225, -0.05310716760089539, 0.9985888182600664, 2.8202386561448492e-05, -0.003156603117456652, -0.000196117253407596, 0.9999949986848845], "world_rotation": [-0.002108227082214, 0.05938953384746438, -0.9982326575743506, 0.05322614294509092]}, {"color": "CVBlue", "id_name": "object133021147514667", "shape": "CVCone", "id_string": "ob18307", "world_size": [0.04, 0.04, 0.04], "id": 18307, "camera_size": [16, 16], "camera_position": [271, 224], "world_position": [0.78, 0.6199874431539305, -0.11], "world_orientation": [1.0, 4.228388472693457e-17, -1.6957377686420176e-17, -4.228388472693457e-17, 1.0, 1.0733601507606494e-16, 1.6957377686420176e-17, -1.0733601507606494e-16, 1.0], "world_rotation": [0.92051720276698, 0.14542702990328832, 0.3626279889688094, -1.1660402951017529e-16]}, {"color": "CVGreen", "id_name": "object161806232002046", "shape": "CVCone", "id_string": "ob18314", "world_size": [0.04, 0.04, 0.04], "id": 18314, "camera_size": [16, 16], "camera_position": [289, 224], "world_position": [0.78, 0.6199874431539305, -0.065], "world_orientation": [1.0, 4.228388472693457e-17, -1.6957377686420176e-17, -4.228388472693457e-17, 1.0, 1.0733601507606494e-16, 1.6957377686420176e-17, -1.0733601507606494e-16, 1.0], "world_rotation": [0.92051720276698, 0.14542702990328832, 0.3626279889688094, -1.1660402951017529e-16]}, {"color": "CVGreen", "id_name": "object79605255938062", "shape": "CVSphere", "id_string": "ob18321", "world_size": [0.04, 0.04, 0.04], "id": 18321, "camera_size": [17, 17], "camera_position": [234, 281], "world_position": [0.6378541855555502, 0.6599706921141792, -0.20480053423549544], "world_orientation": [0.9987715645771219, 0.0008235782614711112, -0.049544762700161726, -0.0008038551370971091, 0.9999995895416534, 0.0004180112957658028, 0.04954508662911658, -0.0003776709838701401, 0.9987718166606131], "world_rotation": [0.008028565503228013, 0.9998329313166325, 0.01642107154695483, -0.04957350570823702]}, {"color": "CVGreen", "id_name": "object54296062607332", "shape": "CVBox", "id_string": "ob18328", "world_size": [0.04, 0.04, 0.04], "id": 18328, "camera_size": [19, 19], "camera_position": [251, 289], "world_position": [0.6204934093027022, 0.6999313600984663, -0.1624452788530093], "world_orientation": [0.9921089391413944, -0.001390062366216392, 0.12537113145519158, 0.001370532296119473, 0.999999031530685, 0.00024203081897190446, -0.12537134647503065, -6.829575438935786e-05, 0.9921098834396964], "world_rotation": [-0.0012375546903296067, 0.99993863324806, 0.01100900524073228, 0.12570976899460223]}, {"color": "CVGreen", "id_name": "object84693950225067", "shape": "CVSphere", "id_string": "ob18335", "world_size": [0.04, 0.04, 0.04], "id": 18335, "camera_size": [17, 18], "camera_position": [271, 283], "world_position": [0.6325891320858231, 0.6999506507188384, -0.11390770814635785], "world_orientation": [0.9992585400752853, 0.0009852154577620472, 0.03848895214359141, -0.0009964474762315324, 0.9999994663791459, 0.0002726423491899854, -0.038488662993627035, -0.0003107924150405597, 0.9992589885655461], "world_rotation": [-0.007576550553683288, 0.9996401111927046, -0.025734101428741458, 0.038512183677192]}, {"color": "CVPurple", "id_name": "object145560626430335", "shape": "CVCylinder", "id_string": "ob18342", "world_size": [0.04, 0.04, 0.04], "id": 18342, "camera_size": [17, 17], "camera_position": [233, 262], "world_position": [0.6855636982847138, 0.6599504030982731, -0.20663644140218482], "world_orientation": [0.9999753980692793, -0.0002679532340079486, 0.007009383514329943, 0.00027040103553366865, 0.999999902794785, -0.00034827245215490185, -0.00700928951225144, 0.00035015922854088864, 0.9999753733212874], "world_rotation": [0.049723246823272706, 0.9980273780551359, 0.038326901488937366, 0.007023248351219955]}, {"color": "CVRed", "id_name": "object117617654646031", "shape": "CVCylinder", "id_string": "ob18349", "world_size": [0.04, 0.04, 0.04], "id": 18349, "camera_size": [17, 17], "camera_position": [252, 268], "world_position": [0.6705895667958105, 0.6599516567648265, -0.15992129934559643], "world_orientation": [0.9998498673491506, -4.194844002738213e-05, 0.017327463813677193, 3.1873901076656295e-05, 0.9999998303068695, 0.0005816960435761101, -0.01732748527456721, -0.000581056418139593, 0.9998496990185568], "world_rotation": [-0.033533331407960346, 0.9994353320803626, 0.0021290077734176273, 0.017338132999886912]}, {"color": "CVPurple", "id_name": "object263497092862903", "shape": "CVSphere", "id_string": "ob18356", "world_size": [0.04, 0.04, 0.04], "id": 18356, "camera_size": [17, 17], "camera_position": [272, 260], "world_position": [0.689675866520438, 0.659928009719471, -0.11014309822095814], "world_orientation": [0.9998509233551162, -0.0023074850457950337, -0.017111591938945857, 0.0023226301899866206, 0.9999969283520448, 0.0008652603515855865, 0.017109542802837465, -0.0009048752615115462, 0.9998532115995022], "world_rotation": [0.05119212525604789, 0.9896714145196595, -0.1339024181799024, -0.017290001173005803]}, {"color": "CVYellow", "id_name": "object214807931188310", "shape": "CVSphere", "id_string": "ob18363", "world_size": [0.04, 0.04, 0.04], "id": 18363, "camera_size": [17, 16], "camera_position": [234, 244], "world_position": [0.7281634132689591, 0.659966847560057, -0.20398302899510945], "world_orientation": [0.9996132591083599, 5.1555264417234416e-05, -0.027808803584800704, -4.8290298574015236e-05, 0.9999999918626749, 0.00011807919915762203, 0.02780880944611577, -0.00011669063767475926, 0.9996132534638007], "world_rotation": [0.004221097494136128, 0.9999894797484198, 0.0017951959307442175, -0.027812684664671364]}, {"color": "CVPurple", "id_name": "object5234560455011", "shape": "CVCapsule", "id_string": "ob18370", "world_size": [0.04, 0.08, 0.04], "id": 18370, "camera_size": [17, 17], "camera_position": [253, 234], "world_position": [0.7533729123642701, 0.6799230333412878, -0.15636005544887974], "world_orientation": [0.999996392998483, 0.00020918787686595807, 0.0026777286001504045, -0.00021147347904680686, 0.9999996135743701, 0.0008533053839335156, -0.0026775490642658582, -0.0008538685746427238, 0.999996050811935], "world_rotation": [-0.30287710900268927, 0.9501029515807461, -0.07463134890732913, 0.0028182655072638385]}, {"color": "CVPurple", "id_name": "object266267400177396", "shape": "CVCapsule", "id_string": "ob18377", "world_size": [0.04, 0.08, 0.04], "id": 18377, "camera_size": [18, 18], "camera_position": [271, 243], "world_position": [0.7307272877077498, 0.6799448515635735, -0.11231663527346429], "world_orientation": [0.9977776078294294, 0.0005107056359312044, -0.06663020706807744, -0.0004635545023056229, 0.9999996311125965, 0.0007231126428893619, 0.0666305517867355, -0.0006906188705374011, 0.9977774765017353], "world_rotation": [0.01060788039659535, 0.9999170125768166, 0.007310323723728821, -0.06668532256688782]}, {"color": "CVBlue", "id_name": "object267104433164362", "shape": "CVCone", "id_string": "ob18384", "world_size": [0.04, 0.04, 0.04], "id": 18384, "camera_size": [20, 20], "camera_position": [244, 272], "world_position": [0.6596142522150152, 0.6999564398731316, -0.17786540292623468], "world_orientation": [-0.0007740011652431578, 0.9832368069379653, 0.18233151785862628, -0.9999996371418245, -0.0008259116787287491, 0.00020877288722537254, 0.00035586291701042444, -0.1823312901076863, 0.9832370894190532], "world_rotation": [-0.09127387869589977, 0.09099166277383694, -0.9916600205581841, 1.579977867508515]}, {"color": "CVGreen", "id_name": "object7308443742181", "shape": "CVCapsule", "id_string": "ob18391", "world_size": [0.04, 0.08, 0.04], "id": 18391, "camera_size": [18, 17], "camera_position": [268, 267], "world_position": [0.6739052705043288, 0.7199006394078519, -0.11985850655781528], "world_orientation": [0.9998025620380124, -0.0003066475718135245, 0.019868138047966916, 0.00029639218259090353, 0.9999998213354983, 0.0005191152527310841, -0.019868293683667673, -0.0005131239988734948, 0.999802474296729], "world_rotation": [-0.025965401817833002, 0.9995477454620413, 0.01516912819474578, 0.019878514579842653]}, {"color": "CVGreen", "id_name": "object150555513719327", "shape": "CVCapsule", "id_string": "ob18398", "world_size": [0.04, 0.08, 0.04], "id": 18398, "camera_size": [17, 17], "camera_position": [251, 251], "world_position": [0.7110360809602342, 0.6799644522679549, -0.16189111099529319], "world_orientation": [0.999988109349623, 0.0009497495215908157, -0.004783213899949884, -0.0009570313205390673, 0.9999983863781134, -0.001520306620640107, 0.004781762271165622, 0.0015248662287207066, 0.9999874046869623], "world_rotation": [-0.29803451821429244, 0.9361350589632252, 0.1866188021949909, -0.00510878087875015]}, {"color": "CVPurple", "id_name": "object125659219305281", "shape": "CVCone", "id_string": "ob18405", "world_size": [0.04, 0.04, 0.04], "id": 18405, "camera_size": [21, 20], "camera_position": [265, 240], "world_position": [0.7361647592976144, 0.7399339874661299, -0.12901899821363014], "world_orientation": [0.9825995744271736, 0.00022543803734618686, -0.18573644099429892, -0.00020569340374119294, 0.999999970960621, 0.00012557460289523478, 0.18573646390992005, -8.518479061682651e-05, 0.9825995922642093], "world_rotation": [0.0005673609430528156, 0.9999991655554146, 0.0011605989983125326, -0.18682146099637723]}], "source": "manual check"}
