{"timestamp": 1721664578.023684, "objects": [{"color": "cv_", "id_name": "hand", "shape": "CVBox", "id_string": "ob383", "world_size": [0.12, 0.005, 0.12], "id": 383, "camera_size": [48, 49], "camera_position": [246, 391], "world_position": [0.36266027632275954, 0.6554922704937558, -0.17408983804400927], "world_orientation": [-4.112739211453384e-06, -0.0015808921790276332, 0.9999987503807211, -0.0007631202333091858, -0.9999984592082931, -0.0015808948572329804, 0.9999997088152551, -0.0007631257815081033, 2.906322066446293e-06], "world_rotation": [0.0, 1.0, 0.0, 0.0]}, {"color": "CVRed", "id_name": "object260442035330483", "shape": "CVCapsule", "id_string": "ob6946", "world_size": [0.04, 0.08, 0.04], "id": 6946, "camera_size": [16, 16], "camera_position": [255, 253], "world_position": [0.7055208685058828, 0.6399693154392007, -0.1508102597992639], "world_orientation": [0.9999101229248991, -0.0001291491438546863, 0.013406319137335688, 0.00011974296834163888, 0.9999997461318496, 0.0007024228483208869, -0.013406406451207734, -0.0007007544041617549, 0.9999098845442673], "world_rotation": [-0.052258751102035636, 0.9985905561252006, 0.009269528079588495, 0.013425688304372562]}, {"color": "CVPurple", "id_name": "object157477787352819", "shape": "CVSphere", "id_string": "ob6953", "world_size": [0.04, 0.04, 0.04], "id": 6953, "camera_size": [17, 17], "camera_position": [219, 295], "world_position": [0.5999999956223212, 0.6199874431532926, -0.245000001126198], "world_orientation": [0.9999999999999923, -9.08781320190815e-11, -1.2374700333833946e-07, 9.087813041550353e-11, 1.0, -1.2951971572089434e-11, 1.2374700333834063e-07, 1.295196032050265e-11, 0.9999999999999923], "world_rotation": [-0.00010466485679085335, 0.9999997248609637, -0.0007343863185494583, -1.2374703738598098e-07]}, {"color": "CVYellow", "id_name": "object108710028729982", "shape": "CVSphere", "id_string": "ob6960", "world_size": [0.04, 0.04, 0.04], "id": 6960, "camera_size": [17, 17], "camera_position": [236, 295], "world_position": [0.6002254175752734, 0.6199874431889122, -0.20091986891764638], "world_orientation": [0.999931063371631, 1.0898646891334065e-11, 0.011741741969559934, -4.381852476197018e-12, 1.0, -5.550365952653913e-10, -0.011741741969559934, 5.549468823327678e-10, 0.999931063371631], "world_rotation": [4.726655893460069e-08, 0.9999999999999989, -6.506913287289587e-10, 0.011742011789034324]}, {"color": "CVBlue", "id_name": "object259982696079945", "shape": "CVCapsule", "id_string": "ob6967", "world_size": [0.04, 0.08, 0.04], "id": 6967, "camera_size": [16, 33], "camera_position": [254, 325], "world_position": [0.5242295338398398, 0.6199748863901154, -0.1539051019799642], "world_orientation": [-4.708973934290445e-12, -0.9999912234250828, 0.004189638744116001, 1.0, -2.5870749651297742e-12, 5.064688876621483e-10, -5.064536038809632e-10, 0.004189638744116001, 0.9999912234250828], "world_rotation": [0.0020948191188437265, 0.0020948196253049722, 0.9999956117221698, 1.5708007150860033]}, {"color": "CVYellow", "id_name": "object4934173725981", "shape": "CVCone", "id_string": "ob6974", "world_size": [0.04, 0.04, 0.04], "id": 6974, "camera_size": [16, 17], "camera_position": [271, 295], "world_position": [0.6, 0.6199874431539305, -0.11], "world_orientation": [1.0, 4.228388472693457e-17, -1.6957377686420176e-17, -4.228388472693457e-17, 1.0, 1.0733601507606494e-16, 1.6957377686420176e-17, -1.0733601507606494e-16, 1.0], "world_rotation": [0.92051720276698, 0.14542702990328832, 0.3626279889688094, -1.1660402951017529e-16]}, {"color": "CVRed", "id_name": "object177288243809027", "shape": "CVCylinder", "id_string": "ob6981", "world_size": [0.04, 0.04, 0.04], "id": 6981, "camera_size": [16, 17], "camera_position": [289, 295], "world_position": [0.6, 0.6199874431539305, -0.065], "world_orientation": [1.0, 2.049142105997599e-16, 5.802954297681148e-18, -2.049142105997599e-16, 1.0, 6.179952383167331e-17, -5.802954297681148e-18, -6.179952383167331e-17, 1.0], "world_rotation": [-0.28863572672225335, 0.027102796704540077, -0.9570553043948448, 2.1410905896324258e-16]}, {"color": "CVRed", "id_name": "object172997079141152", "shape": "CVCone", "id_string": "ob6988", "world_size": [0.04, 0.04, 0.04], "id": 6988, "camera_size": [17, 16], "camera_position": [219, 277], "world_position": [0.6449914515267213, 0.6199827753450423, -0.24462615034064458], "world_orientation": [0.9997296456182869, 0.00018569472587402845, -0.023250832015289928, -0.0001837087405411079, 0.9999999792929063, 8.755161747968413e-05, 0.02325084779170638, -8.325656645021135e-05, 0.9997296590305357], "world_rotation": [0.0036730209165891778, 0.9999617035781604, 0.007943569374639706, -0.023253826018870292]}, {"color": "CVBlue", "id_name": "object181899765254791", "shape": "CVSphere", "id_string": "ob6995", "world_size": [0.04, 0.04, 0.04], "id": 6995, "camera_size": [16, 16], "camera_position": [235, 276], "world_position": [0.6477375986016453, 0.6199727125254799, -0.20284201904958454], "world_orientation": [0.9999184379952815, 0.0002554327216846261, 0.012769186003863786, -0.00024915353810912237, 0.9999998472723207, -0.0004933334062174218, -0.012769310067150288, 0.0004901116810841809, 0.9999183489220252], "world_rotation": [0.038472322322699135, 0.9990646810559726, -0.01973938908948644, 0.012781550549655787]}, {"color": "CVGreen", "id_name": "object220487264427774", "shape": "CVSphere", "id_string": "ob7002", "world_size": [0.04, 0.04, 0.04], "id": 7002, "camera_size": [16, 16], "camera_position": [253, 285], "world_position": [0.6249226582911591, 0.6199819024454418, -0.15525403891152975], "world_orientation": [0.9999900782497245, -0.00019347150185108485, 0.0044503899703253235, 0.00019328962295313214, 0.9999999804667921, 4.1298153966213765e-05, -0.004450397873410801, -4.043753001688882e-05, 0.9999900961127438], "world_rotation": [-0.009173928754539573, 0.9990152349442368, 0.043409669205349596, 0.004454795568737687]}, {"color": "CVBlue", "id_name": "object112800944657535", "shape": "CVCapsule", "id_string": "ob7009", "world_size": [0.04, 0.08, 0.04], "id": 7009, "camera_size": [17, 17], "camera_position": [272, 278], "world_position": [0.6448566320823014, 0.639952890526858, -0.10991018429596643], "world_orientation": [0.9999818408136594, -0.0006232658469508386, -0.005994129011751898, 0.0006278361561522356, 0.9999995136448357, 0.0007606128141819791, 0.005993652032486464, -0.0007643623329903807, 0.9999817457761605], "world_rotation": [0.12552290200288507, 0.9867315333224261, -0.10298000883641338, -0.006074527044252199]}, {"color": "CVRed", "id_name": "object229017260957404", "shape": "CVBox", "id_string": "ob7016", "world_size": [0.04, 0.04, 0.04], "id": 7016, "camera_size": [16, 16], "camera_position": [289, 277], "world_position": [0.645, 0.6199874431539305, -0.065], "world_orientation": [1.0, 3.5778671692020784e-17, -3.6332864841185517e-17, -3.5778671692020784e-17, 1.0, 1.0733601507606489e-16, 3.6332864841185517e-17, -1.0733601507606489e-16, 1.0], "world_rotation": [0.9032531890035577, 0.3057480381601587, 0.3010843963345121, -1.18832699826363e-16]}, {"color": "CVPurple", "id_name": "object89603616913273", "shape": "CVCapsule", "id_string": "ob7023", "world_size": [0.04, 0.08, 0.04], "id": 7023, "camera_size": [18, 17], "camera_position": [217, 260], "world_position": [0.6895250594121556, 0.6399748863873211, -0.24557135299229985], "world_orientation": [0.9997122536246729, 3.338220333571461e-11, -0.0239877041977314, -4.602602807621867e-11, 1.0, -5.265439665939855e-10, 0.0239877041977314, 5.274965142230364e-10, 0.9997122536246729], "world_rotation": [-2.1970432687691425e-08, 0.9999999999999998, 1.6551861478149118e-09, -0.023990005254226957]}, {"color": "CVPurple", "id_name": "object145688046697957", "shape": "CVBox", "id_string": "ob7030", "world_size": [0.04, 0.04, 0.04], "id": 7030, "camera_size": [17, 16], "camera_position": [236, 259], "world_position": [0.6905773880104923, 0.6199666977526811, -0.200545064564461], "world_orientation": [0.999908089303947, -0.00013116687323881548, 0.013557128744007578, 0.000128224560058678, 0.9999999680390924, 0.0002178996933843162, -0.013557156891930903, -0.0002161413092029681, 0.9999080741647914], "world_rotation": [-0.01600505190350298, 0.9998261600695927, 0.009564933562735344, 0.013559915543256713]}, {"color": "CVBlue", "id_name": "object1462758306705", "shape": "CVCone", "id_string": "ob7037", "world_size": [0.04, 0.04, 0.04], "id": 7037, "camera_size": [15, 16], "camera_position": [254, 269], "world_position": [0.6654185165749942, 0.6199782198395303, -0.1550789252432826], "world_orientation": [0.9999714605315895, -0.00012724765872498684, 0.007553934759664339, 0.00012706236498902964, 0.999999991614844, 2.5009345106688063e-05, -0.007553937878704029, -2.404881053773943e-05, 0.9999714683150612], "world_rotation": [-0.003246714444739841, 0.9998530861983614, 0.016830474292977557, 0.0075551181336645816]}, {"color": "CVYellow", "id_name": "object188100384875451", "shape": "CVCapsule", "id_string": "ob7044", "world_size": [0.04, 0.08, 0.04], "id": 7044, "camera_size": [17, 17], "camera_position": [272, 260], "world_position": [0.6900389573250095, 0.6399591641320108, -0.10988240997291734], "world_orientation": [0.9999941179761884, -0.000798558635804791, -0.0033356134563422993, 0.0007978703662845758, 0.9999996601389404, -0.00020766531338069569, 0.003335778155626532, 0.0002050027047581984, 0.9999944152633992], "world_rotation": [-0.06004939520289219, 0.9707876885325765, -0.2323043992896912, -0.0034360781551783497]}, {"color": "CVYellow", "id_name": "object241252273639521", "shape": "CVCylinder", "id_string": "ob7051", "world_size": [0.04, 0.04, 0.04], "id": 7051, "camera_size": [16, 15], "camera_position": [289, 260], "world_position": [0.69, 0.6199874431539305, -0.065], "world_orientation": [1.0, 4.228388472693457e-17, -1.6957377686420176e-17, -4.228388472693457e-17, 1.0, 1.0733601507606494e-16, 1.6957377686420176e-17, -1.0733601507606494e-16, 1.0], "world_rotation": [0.92051720276698, 0.14542702990328832, 0.3626279889688094, -1.1660402951017529e-16]}, {"color": "CVPurple", "id_name": "object93768466245932", "shape": "CVCapsule", "id_string": "ob7058", "world_size": [0.04, 0.08, 0.04], "id": 7058, "camera_size": [18, 17], "camera_position": [218, 242], "world_position": [0.7349999951318603, 0.6399748860688702, -0.24500006935339105], "world_orientation": [0.9999999999999192, -4.4009488472116676e-11, 4.021568149427341e-07, 4.400925228448659e-11, 1.0, 5.876001733222081e-10, -4.0215681494275993e-07, -5.876001556325111e-10, 0.9999999999999192], "world_rotation": [-0.0014611204184527009, 0.9999989265751683, 0.00010943323972718459, 4.0215724662833265e-07]}, {"color": "CVPurple", "id_name": "object44246033050173", "shape": "CVCone", "id_string": "ob7065", "world_size": [0.04, 0.04, 0.04], "id": 7065, "camera_size": [16, 16], "camera_position": [236, 242], "world_position": [0.7349939200274478, 0.6199748863066062, -0.19999947670169244], "world_orientation": [0.999999993721802, 3.380796258254335e-05, 0.00010683359935066262, -3.381723110851137e-05, 0.9999999956648921, 8.675604167735558e-05, -0.00010683066584251027, -8.675965394921119e-05, 0.9999999905299856], "world_rotation": [-0.6121967382803426, 0.7538486115967208, -0.23859468651377383, 0.00014171563270229655]}, {"color": "CVGreen", "id_name": "object206879415996772", "shape": "CVBox", "id_string": "ob7072", "world_size": [0.04, 0.04, 0.04], "id": 7072, "camera_size": [16, 17], "camera_position": [254, 238], "world_position": [0.7454641279417324, 0.6199623417524157, -0.1543510614436404], "world_orientation": [0.9998930250306605, -0.0001674318395943169, 0.014625678159118997, 0.00016328201317157513, 0.9999999460771329, 0.00028492931659998154, -0.01462572507670013, -0.00028251072612125343, 0.9998929984521696], "world_rotation": [-0.019393841013002313, 0.9997480280773776, 0.01130306534339887, 0.014629909690941701]}, {"color": "CVYellow", "id_name": "object274460111644790", "shape": "CVCone", "id_string": "ob7079", "world_size": [0.04, 0.04, 0.04], "id": 7079, "camera_size": [16, 16], "camera_position": [271, 242], "world_position": [0.7350158965813792, 0.6199725602927753, -0.10998759778713288], "world_orientation": [0.9999997643971197, 0.0006863170563719908, -1.321375678429817e-05, -0.0006863240582207407, 0.9999996200876646, -0.0005373860937040484, 1.2844934522308766e-05, 0.0005373950360135164, 0.9999998555207811], "world_rotation": [-0.6164315695708746, 0.01494574061540867, 0.7872666288328528, -0.000871776624454629]}, {"color": "CVBlue", "id_name": "object265756727920772", "shape": "CVCone", "id_string": "ob7086", "world_size": [0.04, 0.04, 0.04], "id": 7086, "camera_size": [16, 16], "camera_position": [289, 242], "world_position": [0.735, 0.6199874431539305, -0.065], "world_orientation": [1.0, 4.228388472693457e-17, -1.6957377686420176e-17, -4.228388472693457e-17, 1.0, 1.0733601507606494e-16, 1.6957377686420176e-17, -1.0733601507606494e-16, 1.0], "world_rotation": [0.92051720276698, 0.14542702990328832, 0.3626279889688094, -1.1660402951017529e-16]}, {"color": "CVYellow", "id_name": "object101347787144333", "shape": "CVSphere", "id_string": "ob7093", "world_size": [0.04, 0.04, 0.04], "id": 7093, "camera_size": [17, 16], "camera_position": [219, 224], "world_position": [0.78, 0.6199874431539305, -0.245], "world_orientation": [1.0, -2.2442984970449937e-16, -1.4488340486922525e-17, 2.2442984970449937e-16, 1.0, -5.952269926945416e-16, 1.4488340486922525e-17, 5.952269926945416e-16, 1.0], "world_rotation": [-0.9354546928465729, 0.022769777356192403, -0.3527124251716587, -6.362969764823948e-16]}, {"color": "CVBlue", "id_name": "object77529455169314", "shape": "CVSphere", "id_string": "ob7100", "world_size": [0.04, 0.04, 0.04], "id": 7100, "camera_size": [16, 16], "camera_position": [236, 224], "world_position": [0.7800000312975781, 0.6199874431785112, -0.19999795155606784], "world_orientation": [0.9999999999997767, 2.2209554205412283e-10, 6.68494846436204e-07, -2.2209520173307716e-10, 1.0, -5.089829485871658e-10, -6.684948464363171e-07, 5.08982800087613e-10, 0.9999999999997767], "world_rotation": [0.0007613861220165691, 0.9999996549565183, -0.00033223187350662077, 6.684950770961792e-07]}, {"color": "CVBlue", "id_name": "object216674561064745", "shape": "CVCapsule", "id_string": "ob7107", "world_size": [0.04, 0.08, 0.04], "id": 7107, "camera_size": [16, 18], "camera_position": [253, 221], "world_position": [0.7855434520719149, 0.6399748632994379, -0.15565109172943406], "world_orientation": [0.9998780845582274, 0.00109419904948345, 0.015576223823843738, -0.0010943134042949402, 0.9999994012382095, -1.181526810213704e-06, -0.015576215790221582, -1.586388775487883e-05, 0.9998786832661218], "world_rotation": [-0.0004701481523808501, 0.9975413342518713, -0.07007899414026145, 0.015615245501211652]}, {"color": "CVRed", "id_name": "object188704476796051", "shape": "CVCone", "id_string": "ob7114", "world_size": [0.04, 0.04, 0.04], "id": 7114, "camera_size": [16, 16], "camera_position": [271, 224], "world_position": [0.7799999444672673, 0.6199874431991292, -0.10999999737733901], "world_orientation": [0.9999999999997614, -9.308991152691203e-11, -6.907476765403967e-07, 9.308985078824076e-11, 1.0, -8.792416496899244e-11, 6.90747676540405e-07, 8.792410066178225e-11, 0.9999999999997614], "world_rotation": [-0.00012728834897429248, 0.9999999828177878, -0.0001347668370371154, -6.907476884090291e-07]}, {"color": "CVYellow", "id_name": "object169676331005314", "shape": "CVCapsule", "id_string": "ob7121", "world_size": [0.04, 0.08, 0.04], "id": 7121, "camera_size": [17, 17], "camera_position": [290, 224], "world_position": [0.7799276330871091, 0.6399748863896911, -0.06494641077402342], "world_orientation": [0.9999939531744276, 5.826709454508589e-10, 0.003477587465562385, -5.826521537377381e-10, 1.0, -6.416778667637508e-12, -0.003477587465562385, 4.390516039874282e-12, 0.9999939531744276], "world_rotation": [1.5538494451301915e-09, 0.9999999999999861, -1.675476333418588e-07, 0.003477594475034326]}, {"color": "CVRed", "id_name": "object270692603241796", "shape": "CVSphere", "id_string": "ob7128", "world_size": [0.04, 0.04, 0.04], "id": 7128, "camera_size": [17, 17], "camera_position": [233, 280], "world_position": [0.6412546707725931, 0.6599670637175414, -0.2072936251846829], "world_orientation": [0.999871757221427, 0.00019603532549626753, 0.016013453128145172, -0.00018462059766152875, 0.9999997278479595, -0.000714296326358477, -0.016013588797364066, 0.0007112483097257161, 0.999871521296447], "world_rotation": [0.044463494656827494, 0.9989404550954838, -0.011872860503272797, 0.016031192662000388]}, {"color": "CVPurple", "id_name": "object97319829255693", "shape": "CVCone", "id_string": "ob7135", "world_size": [0.04, 0.04, 0.04], "id": 7135, "camera_size": [16, 17], "camera_position": [253, 301], "world_position": [0.5847214674246903, 0.6199874428692949, -0.15713597894149492], "world_orientation": [-0.0001440691662544239, -0.9999790305494192, -0.006474388428223256, 0.9999999896216052, -0.00014407216795597522, -2.767434831643657e-09, -9.30011800242322e-07, -0.006474388361428198, 0.999979040927599], "world_rotation": [0.003237192835658097, 0.0032367292468673836, -0.9999895220282695, -1.5709508769988176]}, {"color": "CVBlue", "id_name": "object106040570299701", "shape": "CVBox", "id_string": "ob7142", "world_size": [0.04, 0.04, 0.04], "id": 7142, "camera_size": [18, 17], "camera_position": [270, 281], "world_position": [0.6397043078508501, 0.6999214047809662, -0.11515486936478772], "world_orientation": [0.9998932795180726, -0.0009182601609274501, -0.014580342001156066, 0.0009380729446661915, 0.9999986459367449, 0.001352088690565556, 0.014579080689272132, -0.0013656218193641575, 0.9998927869943368], "world_rotation": [0.0926137409923771, 0.9936905386616781, -0.06325984787889379, -0.014672812046463054]}, {"color": "CVPurple", "id_name": "object59255566801733", "shape": "CVCapsule", "id_string": "ob7149", "world_size": [0.04, 0.08, 0.04], "id": 7149, "camera_size": [19, 19], "camera_position": [234, 262], "world_position": [0.685739893632132, 0.6799481486830775, -0.2043456436117925], "world_orientation": [0.9955429539513736, 0.00014126261759322335, -0.09430910286205725, -0.00014580300957734728, 0.9999999885198322, -4.125310028469396e-05, 0.09430909595185195, 5.4819784344904094e-05, 0.9955429631188882], "world_rotation": [-0.0005093504312126652, 0.9999987121321727, 0.0015219382820594305, -0.09444958468970056]}, {"color": "CVRed", "id_name": "object213882455486035", "shape": "CVSphere", "id_string": "ob7156", "world_size": [0.04, 0.04, 0.04], "id": 7156, "camera_size": [17, 16], "camera_position": [250, 271], "world_position": [0.6616889956983797, 0.6599707212899061, -0.16414970828706707], "world_orientation": [0.0004675828368844238, -0.999741719437692, 0.022721702886408134, 0.9999998859127067, 0.00046968151436162654, 8.702786171940761e-05, -9.767734793491269e-05, 0.02272165960141608, 0.9997418249948801], "world_rotation": [0.011317316522238371, 0.011409690774886499, 0.999870860313049, 1.5704567821153093]}, {"color": "CVPurple", "id_name": "object255917610341961", "shape": "CVBox", "id_string": "ob7163", "world_size": [0.04, 0.04, 0.04], "id": 7163, "camera_size": [19, 18], "camera_position": [274, 261], "world_position": [0.6864099031059615, 0.6999398141037184, -0.1067442471955677], "world_orientation": [0.9956433402177609, -0.0009004585893499653, -0.09323909187861729, 0.0008809028294150562, 0.9999995805309874, -0.00025089450870951737, 0.09323927868782286, 0.0001676668668458728, 0.9956437157927511], "world_rotation": [-0.002244449175980595, 0.9999518579579572, -0.009552183746447191, -0.09337932164657622]}, {"color": "CVBlue", "id_name": "object248242809578536", "shape": "CVSphere", "id_string": "ob7170", "world_size": [0.04, 0.04, 0.04], "id": 7170, "camera_size": [18, 18], "camera_position": [234, 241], "world_position": [0.7360695299292285, 0.6599656764294581, -0.20275975225695816], "world_orientation": [0.9934140626392522, 5.4960421109180616e-05, -0.11457965408364582, -2.9012907315552177e-05, 0.9999999735584065, 0.00022812592462130376, 0.11457966359187408, -0.00022329921268720839, 0.9934140379663631], "world_rotation": [0.001969914362141458, 0.9999979925775201, 0.000366440085031533, -0.11483209300918026]}, {"color": "CVYellow", "id_name": "object233478588740704", "shape": "CVCapsule", "id_string": "ob7177", "world_size": [0.04, 0.08, 0.04], "id": 7177, "camera_size": [17, 18], "camera_position": [252, 237], "world_position": [0.745503041075282, 0.6799355473856175, -0.15888748242171405], "world_orientation": [0.9998739379703104, -0.00016631650680932054, 0.015877043382301698, 0.00015893076876716679, 0.9999998785854555, 0.00046644408570791526, -0.01587711903194866, -0.0004638619341092356, 0.9998738430038819], "world_rotation": [-0.029283036338185343, 0.9995187304580633, 0.010237736386435532, 0.015885394135462753]}, {"color": "CVGreen", "id_name": "object7386765950581", "shape": "CVBox", "id_string": "ob7184", "world_size": [0.04, 0.04, 0.04], "id": 7184, "camera_size": [17, 17], "camera_position": [272, 244], "world_position": [0.7303163972259467, 0.6599609919193042, -0.11113270646457722], "world_orientation": [0.9999203017836296, 0.0004734311653490305, 0.012616098599296317, -0.00046777713369658863, 0.9999997888434095, -0.00045110718204610786, -0.012616309503522848, 0.00044516970716709304, 0.9999203121041412], "world_rotation": [0.03547383479734348, 0.9986760646749637, -0.03725217966910084, 0.012633265273572796]}, {"color": "CVRed", "id_name": "object3425888046081", "shape": "CVBox", "id_string": "ob7191", "world_size": [0.04, 0.04, 0.04], "id": 7191, "camera_size": [16, 18], "camera_position": [238, 316], "world_position": [0.5453496559591116, 0.6199874431847874, -0.19480431392447015], "world_orientation": [-0.034516236951269486, -4.4084124020664553e-10, 0.9994041371671041, -3.1734052589394264e-10, -1.0, -4.5206400913377405e-10, 0.9994041371671041, -3.3275498292559304e-10, 0.034516236951269486], "world_rotation": [-0.6947962877882734, 2.7280721681533736e-10, -0.7192065895663323, -3.1415926535039342]}, {"color": "CVBlue", "id_name": "object254197615741464", "shape": "CVCone", "id_string": "ob7198", "world_size": [0.04, 0.04, 0.04], "id": 7198, "camera_size": [22, 23], "camera_position": [266, 278], "world_position": [0.6483506664334027, 0.739904538042809, -0.1258823789254623], "world_orientation": [0.9189218965690142, -0.0010211971246310535, 0.3944382146324554, 0.0003265201311954451, 0.9999982753620625, 0.0018282936045678246, -0.3944394014175185, -0.0015512670090041779, 0.9189206452028688], "world_rotation": [-0.0042839657272973, 0.9999893644807636, 0.0017083802287379448, 0.40546162947651876]}, {"color": "CVBlue", "id_name": "object102279525347569", "shape": "CVCylinder", "id_string": "ob7205", "world_size": [0.04, 0.04, 0.04], "id": 7205, "camera_size": [18, 18], "camera_position": [256, 257], "world_position": [0.6969265758489895, 0.6999639904588179, -0.14957335188346263], "world_orientation": [-4.198418965634718e-06, -0.9976276475488225, 0.06884095313529494, 0.9999998327745484, 3.562240545614709e-05, 0.0005772191262474817, -0.0005783020393830344, 0.06884094404674317, 0.9976274805705307], "world_rotation": [0.034131885843703115, 0.034709651366616336, 0.9988144244406767, 1.5719668747836968]}, {"color": "CVBlue", "id_name": "object210637060213645", "shape": "CVSphere", "id_string": "ob7212", "world_size": [0.04, 0.04, 0.04], "id": 7212, "camera_size": [18, 18], "camera_position": [281, 208], "world_position": [0.8220582479355781, 0.619987443182698, -0.0850037418218931], "world_orientation": [0.9957755374158699, 5.111197076106996e-10, -0.09182090766342667, -5.284874578636907e-10, 1.0, -1.6483364351551083e-10, 0.09182090766342667, 2.1266350802565467e-10, 0.9957755374158699], "world_rotation": [-2.055616531938983e-09, 0.9999999999999999, 5.661059076463898e-09, -0.09195042454184321]}], "source": "manual check"}
