{"timestamp": 1721663877.295331, "objects": [{"color": "cv_", "id_name": "hand", "shape": "CVBox", "id_string": "ob383", "world_size": [0.12, 0.005, 0.12], "id": 383, "camera_size": [48, 49], "camera_position": [246, 391], "world_position": [0.3626801393478041, 0.6554847277906546, -0.1740898372731568], "world_orientation": [-4.114189599038484e-06, -0.0015810071059924747, 0.9999987501990213, -0.0007631202225772049, -0.9999984590266052, -0.001581009785270805, 0.9999997088152572, -0.0007631257734032208, 2.9076847649242602e-06], "world_rotation": [0.0, 1.0, 0.0, 0.0]}, {"color": "CVRed", "id_name": "object133389777365527", "shape": "CVBox", "id_string": "ob667", "world_size": [0.04, 0.04, 0.04], "id": 667, "camera_size": [15, 16], "camera_position": [256, 253], "world_position": [0.7072145187267068, 0.6199567653183993, -0.1499530601263531], "world_orientation": [0.9999997845990107, 0.0006339085367823209, 0.0001701819588941426, -0.0006338791462570288, 0.9999997841861152, -0.0001726990182344886, -0.00017029139754847007, 0.00017259110624013275, 0.9999999706065745], "world_rotation": [0.25438313031543575, 0.25083450716309375, -0.9340081761029546, 0.000678681307509882]}, {"color": "CVBlue", "id_name": "object252547195953419", "shape": "CVCylinder", "id_string": "ob674", "world_size": [0.04, 0.04, 0.04], "id": 674, "camera_size": [17, 17], "camera_position": [219, 295], "world_position": [0.6000087354324706, 0.6199874431539373, -0.24497236760174093], "world_orientation": [0.9999953358857988, -6.993730023955556e-12, 0.003054211297335244, 6.945237081833203e-12, 1.0, 1.5888008646651258e-11, -0.003054211297335244, -1.5866722321606268e-11, 0.9999953358857988], "world_rotation": [-5.198515733990488e-09, 1.0, 2.2819257983149877e-09, 0.003054216045740864]}, {"color": "CVRed", "id_name": "object84152550033443", "shape": "CVCylinder", "id_string": "ob681", "world_size": [0.04, 0.04, 0.04], "id": 681, "camera_size": [16, 17], "camera_position": [236, 295], "world_position": [0.600023765289415, 0.6199874431892456, -0.20001208840519763], "world_orientation": [0.9999992968299724, 4.912463071989366e-13, 0.0011858918841309155, 1.3904014436685597e-13, 1.0, -5.31487197298382e-10, -0.0011858918841309155, 5.314869884590935e-10, 0.9999992968299724], "world_rotation": [4.4817499806753997e-07, 0.9999999999998996, -1.484984287122264e-10, 0.0011858921620923224]}, {"color": "CVBlue", "id_name": "object184528664903650", "shape": "CVBox", "id_string": "ob688", "world_size": [0.04, 0.04, 0.04], "id": 688, "camera_size": [16, 17], "camera_position": [253, 301], "world_position": [0.5853223677731412, 0.6199874431822203, -0.1560854316971817], "world_orientation": [0.9999987014468149, 5.23459915754058e-10, 0.0016115535002032264, -5.23432718217607e-10, 1.0, -1.7298365627679655e-11, -0.0016115535002032264, 1.6454803335691566e-11, 0.9999987014468149], "world_rotation": [1.047224586683376e-08, 0.9999999999999472, -3.2480852600909317e-07, 0.0016115541977663175]}, {"color": "CVPurple", "id_name": "object191771150771044", "shape": "CVSphere", "id_string": "ob695", "world_size": [0.04, 0.04, 0.04], "id": 695, "camera_size": [17, 18], "camera_position": [271, 295], "world_position": [0.5999384232960525, 0.6199614015197862, -0.11190732623591737], "world_orientation": [0.9952630756991165, 0.00036871758285672286, 0.09721766401883324, -0.0003427749995772846, 0.9999999010518263, -0.00028355182464988494, -0.09721775894986633, 0.0002488848763781806, 0.9952631036068221], "world_rotation": [0.0027383443405378347, 0.9999895556755644, -0.003659236267298776, 0.09737252539041127]}, {"color": "CVRed", "id_name": "object96608923686262", "shape": "CVSphere", "id_string": "ob702", "world_size": [0.04, 0.04, 0.04], "id": 702, "camera_size": [16, 17], "camera_position": [289, 295], "world_position": [0.6, 0.6199874431539305, -0.065], "world_orientation": [1.0, 2.049142105997599e-16, 5.802954297681148e-18, -2.049142105997599e-16, 1.0, 6.179952383167331e-17, -5.802954297681148e-18, -6.179952383167331e-17, 1.0], "world_rotation": [-0.28863572672225335, 0.027102796704540077, -0.9570553043948448, 2.1410905896324258e-16]}, {"color": "CVPurple", "id_name": "object31558895056117", "shape": "CVSphere", "id_string": "ob709", "world_size": [0.04, 0.04, 0.04], "id": 709, "camera_size": [17, 16], "camera_position": [219, 277], "world_position": [0.6450202645014014, 0.6199874431848381, -0.24495650456544243], "world_orientation": [0.999997563511704, -5.84806380576451e-10, -0.0022074806128063837, 5.84810824459371e-10, 1.0, 1.3676216103803831e-12, 0.0022074806128063837, -2.6585768353585384e-12, 0.999997563511704], "world_rotation": [9.119442368783139e-10, 0.9999999999999648, -2.6492128588817807e-07, -0.0022074824056417673]}, {"color": "CVRed", "id_name": "object188604406583154", "shape": "CVCapsule", "id_string": "ob716", "world_size": [0.04, 0.08, 0.04], "id": 716, "camera_size": [17, 17], "camera_position": [236, 278], "world_position": [0.6447093320299113, 0.6399477485037564, -0.20016366995470858], "world_orientation": [0.999970971834215, -0.0016956815081325496, -0.0074283344807907865, 0.0017000940169101656, 0.9999983821218987, 0.000587736266307022, 0.007427325849132663, -0.0006003480724076513, 0.9999722368210645], "world_rotation": [0.07772840078323731, 0.9719063558005878, -0.22216284852806, -0.007642611276733947]}, {"color": "CVPurple", "id_name": "object211127347687610", "shape": "CVCone", "id_string": "ob723", "world_size": [0.04, 0.04, 0.04], "id": 723, "camera_size": [15, 16], "camera_position": [254, 284], "world_position": [0.6272659915979766, 0.6199748981983725, -0.15500916440561485], "world_orientation": [0.9999998997343038, -0.0004393365319433818, 8.668791103877475e-05, 0.000439327901182342, 0.9999998985398701, 9.955523566555838e-05, -8.67316404953974e-05, -9.95171412655555e-05, 0.9999999912869807], "world_rotation": [-0.21697917938168101, 0.1890188511369641, 0.9577013676662024, 0.0004587361434412698]}, {"color": "CVYellow", "id_name": "object262892754576231", "shape": "CVCylinder", "id_string": "ob730", "world_size": [0.04, 0.04, 0.04], "id": 730, "camera_size": [16, 17], "camera_position": [271, 278], "world_position": [0.6445714430076717, 0.6199874431956707, -0.11089456366739346], "world_orientation": [0.9993567751994797, -4.4569718528312215e-10, 0.035861342179244624, 4.462940140633946e-10, 1.0, -8.637752612678622e-12, -0.035861342179244624, 2.4636898946854484e-11, 0.9993567751994797], "world_rotation": [4.639348325728784e-10, 1.0, 1.2436667803565538e-08, 0.035869033126307355]}, {"color": "CVRed", "id_name": "object202610658725082", "shape": "CVCone", "id_string": "ob737", "world_size": [0.04, 0.04, 0.04], "id": 737, "camera_size": [16, 16], "camera_position": [289, 277], "world_position": [0.645, 0.6199874431539305, -0.065], "world_orientation": [1.0, 3.5778671692020784e-17, -3.6332864841185517e-17, -3.5778671692020784e-17, 1.0, 1.0733601507606489e-16, 3.6332864841185517e-17, -1.0733601507606489e-16, 1.0], "world_rotation": [0.9032531890035577, 0.3057480381601587, 0.3010843963345121, -1.18832699826363e-16]}, {"color": "CVBlue", "id_name": "object269874884325944", "shape": "CVSphere", "id_string": "ob744", "world_size": [0.04, 0.04, 0.04], "id": 744, "camera_size": [17, 16], "camera_position": [219, 259], "world_position": [0.6906355470298486, 0.6199888336371258, -0.2446112606741829], "world_orientation": [0.9997812878562795, 0.000188303001638798, 0.020912699357540934, -0.00019336370544968467, 0.9999999525124222, 0.00023997006204722608, -0.020912653177364505, -0.0002439613347192558, 0.9997812767900541], "world_rotation": [-0.01156903253998163, 0.9998914468159977, -0.009124257246456307, 0.020916471773329663]}, {"color": "CVPurple", "id_name": "object225004088729051", "shape": "CVCylinder", "id_string": "ob751", "world_size": [0.04, 0.04, 0.04], "id": 751, "camera_size": [16, 15], "camera_position": [236, 260], "world_position": [0.6900120260608642, 0.6199733178645568, -0.20000138952581467], "world_orientation": [0.9999999295591889, 0.00036488424275320713, -8.798355871470604e-05, -0.0003647993167486347, 0.9999994694482831, 0.0009633403400618597, 8.833501974536931e-05, -0.0009633081758612811, 0.9999995321170319], "world_rotation": [0.9317705807356547, 0.08527163252063741, 0.3528913906045402, -0.001033864396977765]}, {"color": "CVGreen", "id_name": "object50122429659503", "shape": "CVBox", "id_string": "ob758", "world_size": [0.04, 0.04, 0.04], "id": 758, "camera_size": [15, 16], "camera_position": [254, 268], "world_position": [0.6672493169592095, 0.6199765067288469, -0.1549713748462402], "world_orientation": [0.9999999688028969, 7.00793589694569e-05, -0.0002397563111876796, -7.017165168038403e-05, 0.9999999234419941, -0.00038495706939425836, 0.00023972931528776434, 0.00038497388148106743, 0.9999998971624777], "world_rotation": [-0.8388807113009689, 0.5224250862223669, 0.15281093381277758, -0.0004589037317981235]}, {"color": "CVPurple", "id_name": "object68027077958625", "shape": "CVBox", "id_string": "ob765", "world_size": [0.04, 0.04, 0.04], "id": 765, "camera_size": [16, 16], "camera_position": [271, 259], "world_position": [0.6900840139069497, 0.6199521461954447, -0.10993609648184964], "world_orientation": [0.9999973099446137, -0.0015082682000630452, -0.001762166443057777, 0.0015093330764526357, 0.999998679075436, 0.0006031260626490228, 0.0017612544395079143, -0.0006057841363052299, 0.9999982655026856], "world_rotation": [0.25217457787926967, 0.734973676721897, -0.6294614180371253, -0.0023969730944925676]}, {"color": "CVRed", "id_name": "object18819798976577", "shape": "CVCapsule", "id_string": "ob772", "world_size": [0.04, 0.08, 0.04], "id": 772, "camera_size": [17, 17], "camera_position": [290, 260], "world_position": [0.69, 0.6399748858658902, -0.065], "world_orientation": [1.0, -9.627715291671303e-17, 2.6597159133585094e-18, 9.627715291671303e-17, 1.0, -2.1076890233118206e-16, -2.6597159133585094e-18, 2.1076890233118206e-16, 1.0], "world_rotation": [0.9095358415233338, 0.01147753261849028, 0.41546698933782017, 2.3173237678921624e-16]}, {"color": "CVRed", "id_name": "object69179015967490", "shape": "CVCone", "id_string": "ob779", "world_size": [0.04, 0.04, 0.04], "id": 779, "camera_size": [18, 16], "camera_position": [218, 242], "world_position": [0.7346756511469268, 0.6217371350953468, -0.24580293776185425], "world_orientation": [0.9997879508102198, 0.0017135620409045706, -0.020521138365938895, 0.0001964891635680386, 0.9956926175810779, 0.09271554716740038, 0.020591619817552934, -0.09269991909205648, 0.9954811450718771], "world_rotation": [0.976256917336994, 0.21646853618604156, 0.007987752696593546, -0.09510574275266354]}, {"color": "CVGreen", "id_name": "object278765262121001", "shape": "CVCone", "id_string": "ob786", "world_size": [0.04, 0.04, 0.04], "id": 786, "camera_size": [16, 17], "camera_position": [236, 242], "world_position": [0.7354924484390942, 0.6199710662968005, -0.199900287971814], "world_orientation": [0.999991108462018, -0.0002275522943254764, 0.0042108451476937404, 0.00022800698004566037, 0.9999999682282891, -0.00010749994390890503, -0.0042108205520491075, 0.00010845909015463686, 0.9999911285741012], "world_rotation": [0.025597442553079407, 0.9982129475860616, 0.053997057385460616, 0.004218383811331692]}, {"color": "CVPurple", "id_name": "object74395674786562", "shape": "CVCylinder", "id_string": "ob793", "world_size": [0.04, 0.04, 0.04], "id": 793, "camera_size": [15, 16], "camera_position": [254, 237], "world_position": [0.7471791597684332, 0.6199644722541221, -0.15503869768740253], "world_orientation": [0.9999991034270206, 0.0005465025057799089, 0.0012224893318810888, -0.0005460968844869559, 0.9999997957409981, -0.00033210864915010537, -0.001222670580385588, 0.0003314407537750116, 0.9999991976115176], "world_rotation": [0.24049099600307566, 0.8862022030244636, -0.39599209107763234, 0.0013795726751384169]}, {"color": "CVRed", "id_name": "object195988955357912", "shape": "CVCone", "id_string": "ob800", "world_size": [0.04, 0.04, 0.04], "id": 800, "camera_size": [16, 16], "camera_position": [272, 241], "world_position": [0.7357798206999697, 0.6199575014447926, -0.10910636750379675], "world_orientation": [0.9999933534673078, 0.0018169385966700464, 0.0031609737967815735, -0.0018194486109661232, 0.9999980316687574, 0.0007913692960531181, -0.0031595297055198707, -0.0007971152655750894, 0.9999946909755538], "world_rotation": [-0.21284992032529787, 0.8469195731443986, -0.4872598362705716, 0.00373147484745217]}, {"color": "CVRed", "id_name": "object40009930054441", "shape": "CVCapsule", "id_string": "ob807", "world_size": [0.04, 0.08, 0.04], "id": 807, "camera_size": [17, 17], "camera_position": [290, 242], "world_position": [0.735, 0.6399748858658902, -0.065], "world_orientation": [1.0, -9.627715291671303e-17, 2.6597159133585094e-18, 9.627715291671303e-17, 1.0, -2.1076890233118206e-16, -2.6597159133585094e-18, 2.1076890233118206e-16, 1.0], "world_rotation": [0.9095358415233338, 0.01147753261849028, 0.41546698933782017, 2.3173237678921624e-16]}, {"color": "CVGreen", "id_name": "object205029671195647", "shape": "CVCapsule", "id_string": "ob814", "world_size": [0.04, 0.08, 0.04], "id": 814, "camera_size": [18, 17], "camera_position": [218, 224], "world_position": [0.78, 0.6399748858658902, -0.245], "world_orientation": [1.0, -1.3010426069826106e-17, -2.3826422606982324e-17, 1.3010426069826106e-17, 1.0, 3.2786273695961654e-16, 2.3826422606982324e-17, -3.2786273695961654e-16, 1.0], "world_rotation": [0.9965895685050425, 0.07242410176010956, -0.03954720509940661, -3.2898471679914803e-16]}, {"color": "CVGreen", "id_name": "object225668780913879", "shape": "CVCapsule", "id_string": "ob821", "world_size": [0.04, 0.08, 0.04], "id": 821, "camera_size": [17, 17], "camera_position": [236, 224], "world_position": [0.78, 0.6399748858658902, -0.2], "world_orientation": [1.0, -3.1745439610375575e-16, -1.5573725022319004e-16, 3.1745439610375575e-16, 1.0, 2.5500435096859064e-16, 1.5573725022319004e-16, -2.5500435096859064e-16, 1.0], "world_rotation": [0.5849299020485251, 0.3572306675252674, -0.7281780413257151, -4.359571122548557e-16]}, {"color": "CVPurple", "id_name": "object152038116030432", "shape": "CVBox", "id_string": "ob828", "world_size": [0.04, 0.04, 0.04], "id": 828, "camera_size": [15, 17], "camera_position": [254, 222], "world_position": [0.7871718360137065, 0.619996236261845, -0.15497300019551508], "world_orientation": [0.9999988861679036, 0.000680284003216947, 0.0013284865927948796, -0.0006800320987902735, 0.9999997507167219, -0.00019006009258899607, -0.0013286155564660228, 0.0001891564673680677, 0.9999990994998615], "world_rotation": [0.1260248214044242, 0.8830332300146149, -0.45207306829752575, 0.0015045318009495067]}, {"color": "CVPurple", "id_name": "object20321421223630", "shape": "CVSphere", "id_string": "ob835", "world_size": [0.04, 0.04, 0.04], "id": 835, "camera_size": [16, 16], "camera_position": [271, 224], "world_position": [0.78, 0.6199874431539305, -0.11], "world_orientation": [1.0, 4.228388472693457e-17, -1.6957377686420176e-17, -4.228388472693457e-17, 1.0, 1.0733601507606494e-16, 1.6957377686420176e-17, -1.0733601507606494e-16, 1.0], "world_rotation": [0.92051720276698, 0.14542702990328832, 0.3626279889688094, -1.1660402951017529e-16]}, {"color": "CVPurple", "id_name": "object234636210255503", "shape": "CVSphere", "id_string": "ob842", "world_size": [0.04, 0.04, 0.04], "id": 842, "camera_size": [16, 16], "camera_position": [289, 224], "world_position": [0.78, 0.6199874431539305, -0.065], "world_orientation": [1.0, 4.228388472693457e-17, -1.6957377686420176e-17, -4.228388472693457e-17, 1.0, 1.0733601507606494e-16, 1.6957377686420176e-17, -1.0733601507606494e-16, 1.0], "world_rotation": [0.92051720276698, 0.14542702990328832, 0.3626279889688094, -1.1660402951017529e-16]}, {"color": "CVPurple", "id_name": "object99111716023661", "shape": "CVCapsule", "id_string": "ob849", "world_size": [0.04, 0.08, 0.04], "id": 849, "camera_size": [19, 18], "camera_position": [233, 281], "world_position": [0.639363270626282, 0.7199102381739259, -0.2043860393056894], "world_orientation": [0.9993143693718949, -0.001916805328843736, -0.0369745456251097, 0.0019438974375681846, 0.9999978678727165, 0.0006967874666402574, 0.03697313118474304, -0.0007681844523077522, 0.9993159647794302], "world_rotation": [0.019780110291935892, 0.998444532767339, -0.052127365402913184, -0.03703990852835507]}, {"color": "CVRed", "id_name": "object233911963163327", "shape": "CVCone", "id_string": "ob856", "world_size": [0.04, 0.04, 0.04], "id": 856, "camera_size": [17, 17], "camera_position": [253, 286], "world_position": [0.6257599165480101, 0.6599614134746806, -0.15713667763932587], "world_orientation": [0.9998151194360432, -0.000464521349982213, -0.019222673253385617, 0.0004670687935935447, 0.9999998827270755, 0.00012803350047623763, 0.01922261152479203, -0.00013698814037656787, 0.9998152191482266], "world_rotation": [0.006891289247729311, 0.9996828061482526, -0.024223897788331363, -0.019229926778503065]}, {"color": "CVGreen", "id_name": "object141861594639570", "shape": "CVCapsule", "id_string": "ob863", "world_size": [0.04, 0.08, 0.04], "id": 863, "camera_size": [17, 18], "camera_position": [271, 281], "world_position": [0.637822088866745, 0.6802283023662385, -0.11411717458738874], "world_orientation": [0.9997401322653692, -0.01624813587732458, 0.015989559672933442, 0.01625384990829953, 0.9998678715830956, -0.0002274621919405594, -0.015983751161125253, 0.0004872949848796432, 0.9998721329462168], "world_rotation": [0.015675168304669394, 0.7011990153230082, 0.7127932589528774, 0.02280100279284092]}, {"color": "CVRed", "id_name": "object39146187243821", "shape": "CVCylinder", "id_string": "ob870", "world_size": [0.04, 0.04, 0.04], "id": 870, "camera_size": [19, 16], "camera_position": [233, 262], "world_position": [0.6847181135299566, 0.6616493870096524, -0.20653108363895606], "world_orientation": [0.9999813149801681, -0.0003372757750886107, -0.00610376405063375, 0.00104737166901431, 0.9931652683136005, 0.11671183670973949, 0.006022682385882284, -0.11671604885629687, 0.9931470642539572], "world_rotation": [0.998635831571293, 0.05187856580103862, -0.005923707651387715, -0.11714109640627518]}, {"color": "CVBlue", "id_name": "object35652937657916", "shape": "CVCone", "id_string": "ob877", "world_size": [0.04, 0.04, 0.04], "id": 877, "camera_size": [17, 16], "camera_position": [253, 264], "world_position": [0.6787703292162949, 0.6599662246788822, -0.1582070606314955], "world_orientation": [0.9996670480880757, 0.0009018980170242333, 0.02578719734364163, -0.0008880699551674933, 0.9999994556864196, -0.0005476847810442598, -0.025787677263137892, 0.0005246015931604175, 0.999667304904257], "world_rotation": [0.020773873119914563, 0.9991826129949791, -0.03467783274836609, 0.025811398814729762]}, {"color": "CVYellow", "id_name": "object262542352068629", "shape": "CVBox", "id_string": "ob884", "world_size": [0.04, 0.04, 0.04], "id": 884, "camera_size": [18, 17], "camera_position": [272, 261], "world_position": [0.6873239241488055, 0.6599299352943664, -0.10887373864016243], "world_orientation": [0.9970638280085676, -0.0023617981389998247, -0.07653851831889961, 0.0024379334908408447, 0.9999966220521592, 0.0009013126900593294, 0.07653613105714291, -0.0010852620981322322, 0.9970662178857442], "world_rotation": [0.012970350888040766, 0.9994247013868932, -0.03133745770736029, -0.07665643466767048]}, {"color": "CVGreen", "id_name": "object57004485837244", "shape": "CVCylinder", "id_string": "ob891", "world_size": [0.04, 0.04, 0.04], "id": 891, "camera_size": [19, 16], "camera_position": [232, 242], "world_position": [0.7334905861009077, 0.6614851688060677, -0.21005344490190325], "world_orientation": [0.9997954206693581, -0.0007813313899516429, -0.020211539521777462, 0.0035190793486641458, 0.9907331312806812, 0.1357773127710018, 0.019918154761902562, -0.13582066155057454, 0.9905331973269978], "world_rotation": [0.9891385739996633, 0.14614920703275783, -0.015661759467214615, -0.13772514126194316]}, {"color": "CVGreen", "id_name": "object4618832400346", "shape": "CVCone", "id_string": "ob898", "world_size": [0.04, 0.04, 0.04], "id": 898, "camera_size": [19, 19], "camera_position": [252, 241], "world_position": [0.7374354627855494, 0.6599449243148118, -0.15996033494103168], "world_orientation": [0.9904410522842279, -0.0003426280144993672, 0.13793623365945382, 0.0003694175881346719, 0.9999999175495166, -0.0001686167430981607, -0.13793616451372476, 0.00021796101522173785, 0.9904410971946986], "world_rotation": [0.0014012858614007608, 0.9999956872606702, 0.002581057534142941, 0.13837799245813015]}, {"color": "CVRed", "id_name": "object244266156594266", "shape": "CVCapsule", "id_string": "ob905", "world_size": [0.04, 0.08, 0.04], "id": 905, "camera_size": [18, 17], "camera_position": [270, 243], "world_position": [0.7317372794743113, 0.6799299494736849, -0.11438847769038064], "world_orientation": [0.9993144394071282, 0.0031354053022005926, -0.036889299613955685, -0.003087951263748852, 0.9999943300407177, 0.0013432957266484129, 0.036893302229672666, -0.001228462456671931, 0.9993184553137117], "world_rotation": [0.03471162558653857, 0.9958611453469068, 0.08399810853517375, -0.037053101217688816]}, {"color": "CVYellow", "id_name": "object107934811899307", "shape": "CVBox", "id_string": "ob912", "world_size": [0.04, 0.04, 0.04], "id": 912, "camera_size": [17, 17], "camera_position": [248, 265], "world_position": [0.6787860910488958, 0.6999632090325821, -0.16856804714987622], "world_orientation": [0.9999855828395958, 0.0011086833062332417, -0.005254039805746781, -0.0011108452925138457, 0.9999992995382668, -0.0004085899070880324, 0.005253583128683867, 0.00041442044176670013, 0.9999861139635927], "world_rotation": [-0.07641004989766795, 0.9755502999968251, 0.20606580611722128, -0.005385510992109156]}, {"color": "CVRed", "id_name": "object157963644942574", "shape": "CVCapsule", "id_string": "ob919", "world_size": [0.04, 0.08, 0.04], "id": 919, "camera_size": [18, 18], "camera_position": [270, 265], "world_position": [0.6772544224623853, 0.7199902803944566, -0.11557053945241218], "world_orientation": [0.9996338288477842, -0.01631145448874745, 0.021590383868304037, 0.016248206345730258, 0.9998631783909829, 0.0031016589800419085, -0.021638022406536454, -0.0027497182298236262, 0.9997620892172251], "world_rotation": [-0.10749480819845277, 0.7941428273337304, 0.5981488410126418, 0.027220383784328554]}, {"color": "CVRed", "id_name": "object193863127982819", "shape": "CVCapsule", "id_string": "ob926", "world_size": [0.04, 0.08, 0.04], "id": 926, "camera_size": [18, 18], "camera_position": [246, 244], "world_position": [0.7266653225355804, 0.7199125293902192, -0.17253169311422872], "world_orientation": [0.9998254002577789, -0.0010220609720214646, -0.01865809183013383, 0.0010309365541960865, 0.9999993599676334, 0.00046608383908115124, 0.01865760352224954, -0.00048523776986222395, 0.9998258140171785], "world_rotation": [0.025447134102482203, 0.998166650302582, -0.054916132326425345, -0.01869320552358354]}, {"color": "CVYellow", "id_name": "object5522929643634", "shape": "CVCylinder", "id_string": "ob933", "world_size": [0.04, 0.04, 0.04], "id": 933, "camera_size": [17, 18], "camera_position": [264, 248], "world_position": [0.7169527133953103, 0.7399314567361519, -0.13125169094432834], "world_orientation": [0.9997628089162255, 0.0021849859576936674, 0.02166914267578647, -0.0022314091760728327, 0.9999952665490398, 0.0021184174763649185, -0.02166441139352387, -0.0021662677304321912, 0.9997629521857132], "world_rotation": [-0.0978948187537209, 0.9900681652972076, -0.10090407586513718, 0.021885873711572815]}], "source": "manual check"}
