{"timestamp": 1721663896.448363, "objects": [{"color": "cv_", "id_name": "hand", "shape": "CVBox", "id_string": "ob383", "world_size": [0.12, 0.005, 0.12], "id": 383, "camera_size": [48, 49], "camera_position": [246, 391], "world_position": [0.36266134700439895, 0.6554565778954325, -0.1740898634135766], "world_orientation": [-4.07746222852218e-06, -0.0015808928569093887, 0.999998750379794, -0.0007631201626228749, -0.9999984592073179, -0.001580895508193192, 0.9999997088154535, -0.0007631256550545421, 2.8710447323077798e-06], "world_rotation": [0.0, 1.0, 0.0, 0.0]}, {"color": "CVRed", "id_name": "object253865250820275", "shape": "CVCapsule", "id_string": "ob940", "world_size": [0.04, 0.08, 0.04], "id": 940, "camera_size": [17, 16], "camera_position": [256, 253], "world_position": [0.7069329459116435, 0.6399549268340197, -0.14990400142538968], "world_orientation": [0.9999999230835352, -0.00020859244253031638, 0.00033214773311177835, 0.00020901887864578156, 0.9999991533672996, -0.0012843581247943556, -0.000331879544506311, 0.001284427451152789, 0.9999991200506584], "world_rotation": [0.9564010904311497, 0.24722826939566864, 0.15548355872480626, 0.0013429440711547572]}, {"color": "CVYellow", "id_name": "object38584888995585", "shape": "CVCapsule", "id_string": "ob947", "world_size": [0.04, 0.08, 0.04], "id": 947, "camera_size": [18, 18], "camera_position": [218, 295], "world_position": [0.5999999932722276, 0.63997488586708, -0.2450000034792754], "world_orientation": [0.9999999999999968, -5.576859654495302e-10, -8.058606086471807e-08, 5.576859650439576e-10, 1.0, -5.0759004215308906e-12, 8.058606086472087e-08, 5.075855861322753e-12, 0.9999999999999968], "world_rotation": [-6.298554036805573e-05, 0.999976053063913, -0.006920211813216028, -8.058799070018223e-08]}, {"color": "CVRed", "id_name": "object189929818014237", "shape": "CVSphere", "id_string": "ob954", "world_size": [0.04, 0.04, 0.04], "id": 954, "camera_size": [16, 17], "camera_position": [236, 295], "world_position": [0.5999720624599723, 0.6199874431882322, -0.20007314144843058], "world_orientation": [0.9999987361685655, -5.40768958297047e-10, 0.001589862029186536, 5.407712522829726e-10, 1.0, -1.0130075369294378e-12, -0.001589862029186536, 1.872757937102466e-12, 0.9999987361685655], "world_rotation": [9.075521715265627e-10, 0.999999999999942, 3.401364994965426e-07, 0.0015898626989595032]}, {"color": "CVGreen", "id_name": "object149408472771709", "shape": "CVCapsule", "id_string": "ob961", "world_size": [0.04, 0.08, 0.04], "id": 961, "camera_size": [17, 18], "camera_position": [254, 301], "world_position": [0.5864247095617349, 0.6399748819016678, -0.1550363286984757], "world_orientation": [0.9999994215620684, -0.0006793865767328812, -0.0008338521499140755, 0.0006793842647596299, 0.9999997692138145, -3.0558916756374057e-06, 0.0008338540336043027, 2.489383878176421e-06, 0.9999996523405665], "world_rotation": [-0.0025777949938774773, 0.7752553699834626, -0.6316426729447389, -0.0010755852649630808]}, {"color": "CVGreen", "id_name": "object90716275192229", "shape": "CVBox", "id_string": "ob968", "world_size": [0.04, 0.04, 0.04], "id": 968, "camera_size": [18, 23], "camera_position": [271, 301], "world_position": [0.5855749335377444, 0.6262162594718939, -0.11097522650198664], "world_orientation": [0.9179102080635569, -0.39182923597797903, 0.06253558799300589, 0.3925814252642904, 0.9197172094645925, 0.0002813398681014191, -0.05762529366672317, 0.02429206552716914, 0.998042695019731], "world_rotation": [0.030243105360794536, 0.15135061954734153, 0.9880173806875928, 0.4082044770521312]}, {"color": "CVYellow", "id_name": "object263008543170015", "shape": "CVCone", "id_string": "ob975", "world_size": [0.04, 0.04, 0.04], "id": 975, "camera_size": [16, 17], "camera_position": [289, 295], "world_position": [0.5999999132869783, 0.6199874430573307, -0.0650000132848415], "world_orientation": [0.999999999999991, -1.3052584364252308e-09, 1.3538729252593244e-07, 1.3052584360163651e-09, 1.0, 3.0039550375977338e-12, -1.3538729252593636e-07, -3.003777374774775e-12, 0.999999999999991], "world_rotation": [-2.2186178321253977e-05, 0.9999535292970736, 0.009640474786019865, 1.3539358436097177e-07]}, {"color": "CVYellow", "id_name": "object13443401350316", "shape": "CVSphere", "id_string": "ob982", "world_size": [0.04, 0.04, 0.04], "id": 982, "camera_size": [17, 16], "camera_position": [219, 277], "world_position": [0.6450059072812747, 0.6199874432014538, -0.2450059950301243], "world_orientation": [0.9999999559071905, -5.212157408084086e-11, 0.0002969606322214458, 5.1682450469370645e-11, 1.0, 1.4787343596405488e-09, -0.0002969606322214459, -1.4787189467858312e-09, 0.9999999559071905], "world_rotation": [-4.979537665087325e-06, 0.9999999999875867, 1.747774170811899e-07, 0.00029696063658974167]}, {"color": "CVGreen", "id_name": "object148345960757338", "shape": "CVCone", "id_string": "ob989", "world_size": [0.04, 0.04, 0.04], "id": 989, "camera_size": [16, 16], "camera_position": [236, 277], "world_position": [0.6460717388968812, 0.6199686471470455, -0.1998725607366885], "world_orientation": [0.9999794996537145, 0.0001297699342447273, 0.006401830368845809, -0.0001287774235745803, 0.9999999796262373, -0.00015544741904818143, -0.006401850410817787, 0.0001546198211011995, 0.999979495991807], "world_rotation": [0.024205009572238638, 0.9995032551079515, -0.020183174681331593, 0.006405065846227003]}, {"color": "CVPurple", "id_name": "object111252434817509", "shape": "CVCone", "id_string": "ob996", "world_size": [0.04, 0.04, 0.04], "id": 996, "camera_size": [15, 16], "camera_position": [254, 284], "world_position": [0.6267557321460945, 0.619968565477392, -0.15496844948131375], "world_orientation": [0.9999983408850639, 4.250742099767556e-05, -0.0018211041262661248, -4.207455256363726e-05, 0.9999999708563166, 0.00023773324957191908, 0.001821114178619767, -0.0002376562330038516, 0.9999983135299096], "world_rotation": [0.12938988405329038, 0.9913265258047518, 0.02302123238570471, -0.001837043728106468]}, {"color": "CVBlue", "id_name": "object72498021935016", "shape": "CVCone", "id_string": "ob1003", "world_size": [0.04, 0.04, 0.04], "id": 1003, "camera_size": [16, 16], "camera_position": [271, 277], "world_position": [0.6449895337539969, 0.6199637264153032, -0.10999735724370215], "world_orientation": [0.9999998427332942, -0.0005605721981102485, -1.7093786791568136e-05, 0.0005605701305841231, 0.9999998355941612, -0.00012071776872387319, 1.7161455006215858e-05, 0.00012070816747269324, 0.9999999925675114], "world_rotation": [-0.21041983905670641, 0.029855874557195915, -0.9771551146495497, -0.0005736767752538773]}, {"color": "CVPurple", "id_name": "object208854925134816", "shape": "CVSphere", "id_string": "ob1010", "world_size": [0.04, 0.04, 0.04], "id": 1010, "camera_size": [16, 16], "camera_position": [289, 277], "world_position": [0.6449999873090461, 0.6199874431957947, -0.06500001138604541], "world_orientation": [0.999999999999926, -2.7645699990136685e-10, -3.852820700713424e-07, 2.7645696555761845e-10, 1.0, -8.907598979042669e-11, 3.852820700713671e-07, 8.907588320081951e-11, 0.999999999999926], "world_rotation": [-0.0002311966169804812, 0.999999715839202, -0.0007175441725592258, -3.8528217955345576e-07]}, {"color": "CVBlue", "id_name": "object107155332515575", "shape": "CVCone", "id_string": "ob1017", "world_size": [0.04, 0.04, 0.04], "id": 1017, "camera_size": [17, 15], "camera_position": [219, 260], "world_position": [0.69, 0.6199874431539305, -0.245], "world_orientation": [1.0, -2.2442984970449937e-16, -1.4488340486922525e-17, 2.2442984970449937e-16, 1.0, -5.952269926945416e-16, 1.4488340486922525e-17, 5.952269926945416e-16, 1.0], "world_rotation": [-0.9354546928465729, 0.022769777356192403, -0.3527124251716587, -6.362969764823948e-16]}, {"color": "CVPurple", "id_name": "object147800935484639", "shape": "CVCapsule", "id_string": "ob1024", "world_size": [0.04, 0.08, 0.04], "id": 1024, "camera_size": [17, 17], "camera_position": [236, 260], "world_position": [0.689995722166009, 0.6402082552170334, -0.2006227135429986], "world_orientation": [0.999997199533641, -0.0011476411309353138, 0.0020697450834401957, 0.0011175620524831531, 0.9998945954004973, 0.01447581237564743, -0.002086139960474607, -0.014473458768058283, 0.9998930777894978], "world_rotation": [-0.9868964295635912, 0.1416763859496338, 0.07722201097411129, 0.014667349219281381]}, {"color": "CVBlue", "id_name": "object232598574143703", "shape": "CVSphere", "id_string": "ob1031", "world_size": [0.04, 0.04, 0.04], "id": 1031, "camera_size": [16, 16], "camera_position": [254, 269], "world_position": [0.6668497298498615, 0.6199874283192033, -0.15497356177441282], "world_orientation": [0.9999749615363117, -0.00022255430100568988, -0.007072960485893566, 0.0002225714809995446, 0.9999999752296198, 1.6418384759168005e-06, 0.007072959945295432, -3.216036657197697e-06, 0.9999749863007922], "world_rotation": [0.0003432418294140143, 0.9995052310933806, -0.031451155813646006, -0.007076520490517628]}, {"color": "CVGreen", "id_name": "object180088881194191", "shape": "CVSphere", "id_string": "ob1038", "world_size": [0.04, 0.04, 0.04], "id": 1038, "camera_size": [16, 16], "camera_position": [271, 259], "world_position": [0.6903321806050486, 0.6199874409796894, -0.10984039878316772], "world_orientation": [0.9999876807097607, -7.908629767569631e-07, 0.004963711120552495, 3.638637803559116e-06, 0.9999998354218511, -0.0005737098840703657, -0.0049637098499082, 0.0005737208775187198, 0.9999875161365169], "world_rotation": [0.1148175571497219, 0.9933864968432976, 0.0004432376017916208, 0.004996777343500149]}, {"color": "CVRed", "id_name": "object29676742767304", "shape": "CVCapsule", "id_string": "ob1045", "world_size": [0.04, 0.08, 0.04], "id": 1045, "camera_size": [18, 18], "camera_position": [290, 260], "world_position": [0.6884856454236231, 0.639952515075166, -0.06341356576648181], "world_orientation": [0.9967975378551708, 0.0010505851440576043, 0.0799597698641287, -0.0011449125851412075, 0.999998701780524, 0.0011338485080022323, -0.07995847485440004, -0.0012217643478998202, 0.9967974466213468], "world_rotation": [-0.014727121686961003, 0.9997973325854989, -0.013726093462406327, 0.08006083148846373]}, {"color": "CVYellow", "id_name": "object182856538863627", "shape": "CVCone", "id_string": "ob1052", "world_size": [0.04, 0.04, 0.04], "id": 1052, "camera_size": [17, 16], "camera_position": [219, 242], "world_position": [0.735, 0.6199874431539305, -0.245], "world_orientation": [1.0, -2.2442984970449937e-16, -1.4488340486922525e-17, 2.2442984970449937e-16, 1.0, -5.952269926945416e-16, 1.4488340486922525e-17, 5.952269926945416e-16, 1.0], "world_rotation": [-0.9354546928465729, 0.022769777356192403, -0.3527124251716587, -6.362969764823948e-16]}, {"color": "CVBlue", "id_name": "object235201436070942", "shape": "CVCapsule", "id_string": "ob1059", "world_size": [0.04, 0.08, 0.04], "id": 1059, "camera_size": [17, 17], "camera_position": [236, 242], "world_position": [0.7350218214191332, 0.6399579684760337, -0.20001914918286623], "world_orientation": [0.9999998794997088, 0.0004901105586238836, 2.8146195048196833e-05, -0.0004901289292303918, 0.9999996644365361, 0.0006564300786030914, -2.7824462290866388e-05, -0.0006564437947675155, 0.9999997841536485], "world_rotation": [-0.8008247001094115, 0.03414089181575867, -0.5979249110052997, 0.0008197012531041195]}, {"color": "CVRed", "id_name": "object58393355411011", "shape": "CVCone", "id_string": "ob1066", "world_size": [0.04, 0.04, 0.04], "id": 1066, "camera_size": [16, 16], "camera_position": [254, 237], "world_position": [0.7469515547650032, 0.6199795630049163, -0.1548879177480712], "world_orientation": [0.9999972068803661, 0.00026731283716944604, 0.0023483558745483256, -0.0002678347090060538, 0.9999999395087219, 0.0002219169240788909, -0.002348296411250686, -0.00022254527545067073, 0.999997217984913], "world_rotation": [-0.09361254651958235, 0.9892080385149158, -0.11271267751052552, 0.0023739479029529]}, {"color": "CVRed", "id_name": "object167043366368114", "shape": "CVCylinder", "id_string": "ob1073", "world_size": [0.04, 0.04, 0.04], "id": 1073, "camera_size": [16, 18], "camera_position": [272, 240], "world_position": [0.7389316614597091, 0.622872527953285, -0.10831696565663905], "world_orientation": [0.9869611941429782, 0.16061493978576685, -0.010509156649375188, -0.16062514120293303, 0.987015474807185, -0.00012847056145420127, 0.010352065948613928, 0.0018148302294746835, 0.9999447690356872], "world_rotation": [-0.006036546753501722, 0.0648019833758079, 0.9978798840811726, -0.16166457308730983]}, {"color": "CVGreen", "id_name": "object3992844058023", "shape": "CVBox", "id_string": "ob1080", "world_size": [0.04, 0.04, 0.04], "id": 1080, "camera_size": [16, 16], "camera_position": [289, 242], "world_position": [0.735, 0.6199874431539305, -0.065], "world_orientation": [1.0, 4.228388472693457e-17, -1.6957377686420176e-17, -4.228388472693457e-17, 1.0, 1.0733601507606494e-16, 1.6957377686420176e-17, -1.0733601507606494e-16, 1.0], "world_rotation": [0.92051720276698, 0.14542702990328832, 0.3626279889688094, -1.1660402951017529e-16]}, {"color": "CVRed", "id_name": "object106971971241548", "shape": "CVCylinder", "id_string": "ob1087", "world_size": [0.04, 0.04, 0.04], "id": 1087, "camera_size": [17, 16], "camera_position": [219, 224], "world_position": [0.78, 0.6199874431539305, -0.245], "world_orientation": [1.0, -2.2442984970449937e-16, -1.4488340486922525e-17, 2.2442984970449937e-16, 1.0, -5.952269926945416e-16, 1.4488340486922525e-17, 5.952269926945416e-16, 1.0], "world_rotation": [-0.9354546928465729, 0.022769777356192403, -0.3527124251716587, -6.362969764823948e-16]}, {"color": "CVGreen", "id_name": "object179300514229620", "shape": "CVSphere", "id_string": "ob1094", "world_size": [0.04, 0.04, 0.04], "id": 1094, "camera_size": [16, 16], "camera_position": [236, 224], "world_position": [0.78, 0.6199874431539305, -0.2], "world_orientation": [1.0, 1.7889335846010863e-16, -4.367536594091608e-17, -1.7889335846010863e-16, 1.0, -6.570265165262153e-16, 4.367536594091608e-17, 6.570265165262153e-16, 1.0], "world_rotation": [-0.9628953949226872, 0.06400778001840857, 0.26217448871657395, -6.823446451096272e-16]}, {"color": "CVGreen", "id_name": "object95746525210481", "shape": "CVCylinder", "id_string": "ob1101", "world_size": [0.04, 0.04, 0.04], "id": 1101, "camera_size": [15, 17], "camera_position": [254, 220], "world_position": [0.7915651453599907, 0.6199827861102907, -0.15496170797108735], "world_orientation": [0.9999995776584375, -0.0004556088050404526, -0.0007981876744596631, 0.00045548462882011813, 0.9999998841382146, -0.0001557475851074555, 0.0007982585419513616, 0.00015538395711210245, 0.9999996693195083], "world_rotation": [-0.16689112156306157, 0.8563345833445808, -0.48871099323780964, -0.0009321394222825577]}, {"color": "CVYellow", "id_name": "object231741050810926", "shape": "CVBox", "id_string": "ob1108", "world_size": [0.04, 0.04, 0.04], "id": 1108, "camera_size": [16, 17], "camera_position": [272, 222], "world_position": [0.7865525649415175, 0.6200104207420992, -0.10869184942686932], "world_orientation": [0.9998083710797928, 0.0017285234004137345, 0.019499572447253796, -0.0017205458285270779, 0.9999984291710466, -0.00042588436407027845, -0.019500277967849977, 0.00039225284427727954, 0.9998097745555815], "world_rotation": [0.0208918376387138, 0.995894740507074, -0.08807495075459776, 0.019581558810411355]}, {"color": "CVGreen", "id_name": "object126277804643741", "shape": "CVCapsule", "id_string": "ob1115", "world_size": [0.04, 0.08, 0.04], "id": 1115, "camera_size": [17, 17], "camera_position": [290, 224], "world_position": [0.78, 0.6399748858658902, -0.065], "world_orientation": [1.0, -1.5612511283791513e-17, -1.789043210782128e-17, 1.5612511283791513e-17, 1.0, -1.4831885719601688e-16, 1.789043210782128e-17, 1.4831885719601688e-16, 1.0], "world_rotation": [-0.9874262572950706, 0.11910476355862816, -0.10393960603106182, -1.5020752800550153e-16]}, {"color": "CVRed", "id_name": "object31074257568654", "shape": "CVCone", "id_string": "ob1122", "world_size": [0.04, 0.04, 0.04], "id": 1122, "camera_size": [17, 17], "camera_position": [234, 279], "world_position": [0.6425170374402134, 0.659951681687459, -0.20460408565461177], "world_orientation": [0.9999678038567618, 0.00015738286305650324, 0.008022872335994474, -0.00015414829017444895, 0.9999999065977002, -0.0004037857050303354, -0.008022935135590069, 0.000402535992635055, 0.9999677347177681], "world_rotation": [0.05017847889562443, 0.9985520839974751, -0.019387000800040417, 0.008034623516398557]}, {"color": "CVGreen", "id_name": "object112670058888390", "shape": "CVCylinder", "id_string": "ob1129", "world_size": [0.04, 0.04, 0.04], "id": 1129, "camera_size": [16, 17], "camera_position": [252, 286], "world_position": [0.6264887795832089, 0.6599486613102764, -0.1586176119661448], "world_orientation": [0.9999897857128685, 6.208043122668453e-06, 0.004519782228346425, -7.692352731789102e-06, 0.9999999460518634, 0.00032838559407279345, -0.004519779945880667, -0.00032841700760721706, 0.9999897318130372], "world_rotation": [-0.07246755205585241, 0.997369591331284, -0.0015336840286613552, 0.004531716824418335]}, {"color": "CVPurple", "id_name": "object252042814552349", "shape": "CVCone", "id_string": "ob1136", "world_size": [0.04, 0.04, 0.04], "id": 1136, "camera_size": [18, 24], "camera_position": [270, 289], "world_position": [0.6160233018493232, 0.657827143393698, -0.11457129476091923], "world_orientation": [0.8750896857662438, -0.4804917010983621, 0.05784260576027862, 0.47944359699825684, 0.8769992728350436, 0.03171928032250671, -0.0659687741504255, -2.4948084693724587e-05, 0.9978216875848528], "world_rotation": [-0.03277983124577763, 0.12785052097404784, 0.9912515961904741, 0.5054527868114876]}, {"color": "CVGreen", "id_name": "object90304897377385", "shape": "CVCone", "id_string": "ob1143", "world_size": [0.04, 0.04, 0.04], "id": 1143, "camera_size": [19, 18], "camera_position": [234, 261], "world_position": [0.6869481766376221, 0.7001529737613078, -0.2037198370563677], "world_orientation": [0.990303893625947, -0.0009024071393644909, 0.13891502413577864, -0.0011223005375440634, 0.9998942957317163, 0.014496130679560149, -0.13891342163661707, -0.014511479060739489, 0.9901982015054751], "world_rotation": [-0.10384384604123385, 0.9945933017908125, -0.0007871926156783514, 0.1401275070552323]}, {"color": "CVRed", "id_name": "object91258250182322", "shape": "CVCone", "id_string": "ob1150", "world_size": [0.04, 0.04, 0.04], "id": 1150, "camera_size": [17, 17], "camera_position": [251, 261], "world_position": [0.6871658781285659, 0.699932093044388, -0.16101806369860855], "world_orientation": [0.99994720425394, -0.0014669147215975993, 0.010170391631042369, 0.001478669691683539, 0.9999982473782113, -0.0011483799234871506, -0.010168689230776646, 0.0011633579437697085, 0.9999476208070214], "world_rotation": [0.11178140553979407, 0.9834726844784784, 0.14243032071944287, 0.010340624431479498]}, {"color": "CVRed", "id_name": "object179221129240484", "shape": "CVCylinder", "id_string": "ob1157", "world_size": [0.04, 0.04, 0.04], "id": 1157, "camera_size": [19, 20], "camera_position": [271, 267], "world_position": [0.6723733414960996, 0.6614773331298173, -0.11186301435899342], "world_orientation": [0.9847491747697186, -0.07901273162090919, -0.15500339038924524, 0.0799012486912772, 0.9968026590224371, -0.000499423040675651, 0.1545472524761707, -0.011893158016315889, 0.9879138117996256], "world_rotation": [0.03272696397875012, 0.8891423892441509, -0.456458932958855, -0.1749639044300829]}, {"color": "CVBlue", "id_name": "object233140883009704", "shape": "CVBox", "id_string": "ob1164", "world_size": [0.04, 0.04, 0.04], "id": 1164, "camera_size": [17, 16], "camera_position": [233, 243], "world_position": [0.7300731348226235, 0.6999404658001535, -0.2050101235827775], "world_orientation": [0.9999997383784401, 0.000722613127833899, 3.276154851336643e-05, -0.0007226390168450659, 0.999999421113907, 0.000797223119581271, -3.218544565609098e-05, -0.0007972465857837248, 0.9999996816809388], "world_rotation": [-0.7405887152023902, 0.030166149163182176, -0.6712811321343224, 0.0010764881914799862]}, {"color": "CVPurple", "id_name": "object40184321409594", "shape": "CVSphere", "id_string": "ob1171", "world_size": [0.04, 0.04, 0.04], "id": 1171, "camera_size": [17, 17], "camera_position": [253, 234], "world_position": [0.7536911170579872, 0.6599703265042163, -0.15707177971345004], "world_orientation": [-4.049901353660562e-05, 0.999596897423197, -0.02839086158869531, -0.9999999981000849, -3.916330395595377e-05, 4.760321655704858e-05, 4.6472147635824245e-05, 0.028390863462638388, 0.9995968971101228], "world_rotation": [-0.014171630535899678, 0.014218667282394886, 0.999798476888551, -1.5710377094009256]}, {"color": "CVPurple", "id_name": "object86149334499174", "shape": "CVCapsule", "id_string": "ob1178", "world_size": [0.04, 0.08, 0.04], "id": 1178, "camera_size": [18, 23], "camera_position": [272, 234], "world_position": [0.7530057439757544, 0.6813432806821673, -0.10946364513088429], "world_orientation": [0.9866818497021933, 0.16208098314288924, 0.013736170197434602, -0.16203861110307924, 0.9867756881545809, -0.0041508768758288595, -0.014227297004121401, 0.0018698049330610614, 0.999897038624212], "world_rotation": [0.018503577370097227, 0.08594112682323751, -0.9961283754340406, 0.1634160319636585]}, {"color": "CVGreen", "id_name": "object75786248130249", "shape": "CVSphere", "id_string": "ob1185", "world_size": [0.04, 0.04, 0.04], "id": 1185, "camera_size": [21, 21], "camera_position": [247, 282], "world_position": [0.6369289116807448, 0.6999399876401706, -0.17144362959851966], "world_orientation": [0.00010562876455764289, -0.9462410183590619, 0.32346239969642504, 0.999999994360856, 0.00010350618375312012, -2.376463925388151e-05, -1.0993282131693817e-05, 0.3234624003826034, 0.9462410239563027], "world_rotation": [0.1618010902163171, 0.16179470190437745, 0.973469507298757, 1.5975744475156435]}, {"color": "CVGreen", "id_name": "object22248874504380", "shape": "CVCone", "id_string": "ob1192", "world_size": [0.04, 0.04, 0.04], "id": 1192, "camera_size": [23, 22], "camera_position": [331, 297], "world_position": [0.5943817136611939, 0.6199874431869227, 0.041177731982682104], "world_orientation": [-0.8417638283070293, -5.807821466784621e-10, -0.5398459570598763, 4.682659958945111e-10, -1.0, 3.4567781210149304e-10, -0.5398459570598766, 3.818757376308248e-11, 0.8417638283070296], "world_rotation": [-0.28127937330434544, 1.0000391200229256e-10, 0.9596259240732896, 3.141592653043201]}, {"color": "CVYellow", "id_name": "object53236687525936", "shape": "CVSphere", "id_string": "ob1199", "world_size": [0.04, 0.04, 0.04], "id": 1199, "camera_size": [19, 19], "camera_position": [246, 248], "world_position": [0.7181572736188574, 0.7400634635197942, -0.17291546960562376], "world_orientation": [0.9973565518049753, 0.01605981682724378, 0.0708660063441244, -0.0149729633891323, 0.9997624017223828, -0.01584141627634904, -0.07110357894675771, 0.014738466194562103, 0.9973600446554864], "world_rotation": [0.20591917796181172, 0.9559964897342756, -0.20896890621160502, 0.07432054770008617]}, {"color": "CVBlue", "id_name": "object132765861859769", "shape": "CVCapsule", "id_string": "ob1206", "world_size": [0.04, 0.08, 0.04], "id": 1206, "camera_size": [36, 22], "camera_position": [285, 252], "world_position": [0.708288225419325, 0.699839235433023, -0.07897400103904821], "world_orientation": [0.9881325705019918, -0.13641554960888733, -0.07060326435818569, -0.06886850591975405, 0.017400550327811796, -0.9974739844931648, 0.13729949746997427, 0.9904988736355003, 0.007799315437783789], "world_rotation": [-0.994008515415623, 0.10395369071092313, -0.03377427229129909, -1.5641300592873664]}], "source": "manual check"}
