{"timestamp": 1721665056.629452, "objects": [{"color": "cv_", "id_name": "hand", "shape": "CVBox", "id_string": "ob383", "world_size": [0.12, 0.005, 0.12], "id": 383, "camera_size": [48, 49], "camera_position": [246, 391], "world_position": [0.3627010403877741, 0.6554988769963506, -0.1740898422816887], "world_orientation": [-4.1007474513734744e-06, -0.0015808265784205894, 0.9999987504844758, -0.0007631202400866473, -0.9999984593120079, -0.0015808292474938227, 0.9999997088152991, -0.0007631257691379726, 2.894380375705055e-06], "world_rotation": [0.0, 1.0, 0.0, 0.0]}, {"color": "CVRed", "id_name": "object107172614942686", "shape": "CVBox", "id_string": "ob11587", "world_size": [0.04, 0.04, 0.04], "id": 11587, "camera_size": [16, 16], "camera_position": [256, 251], "world_position": [0.7126049013166014, 0.6199693165162039, -0.14997809029050393], "world_orientation": [0.9999481628241841, 0.00038165616859270297, -0.010174772877474236, -0.00038112684034649467, 0.9999999259151856, 5.396253232632202e-05, 0.01017479271881141, -5.008185602301547e-05, 0.9999482342026196], "world_rotation": [0.005109200684231166, 0.9992851716256127, 0.0374572000760565, -0.010182237169089448]}, {"color": "CVBlue", "id_name": "object271374184871696", "shape": "CVSphere", "id_string": "ob11594", "world_size": [0.04, 0.04, 0.04], "id": 11594, "camera_size": [17, 17], "camera_position": [219, 295], "world_position": [0.599999999999999, 0.6199874431539313, -0.24499999999229355], "world_orientation": [1.0, -3.8247321421295525e-14, -1.925563292551806e-10, 3.8247321421295525e-14, 1.0, -3.2346722733319726e-14, 1.925563292551806e-10, 3.2346722733319726e-14, 1.0], "world_rotation": [-0.0001679857616934336, 0.9999999661636009, -0.0001986292544892542, -1.9255633577059362e-10]}, {"color": "CVBlue", "id_name": "object76992581134741", "shape": "CVCylinder", "id_string": "ob11601", "world_size": [0.04, 0.04, 0.04], "id": 11601, "camera_size": [16, 17], "camera_position": [236, 295], "world_position": [0.5999999978428368, 0.6199874431539331, -0.19999999999040657], "world_orientation": [0.9999999999999991, -5.681761718693995e-11, -4.199171471912906e-08, 5.6817617177790205e-11, 1.0, -2.1629436387723775e-13, 4.199171471912907e-08, 2.1629196035123804e-13, 0.9999999999999991], "world_rotation": [-5.1508485796437756e-06, 0.9999990845923957, -0.001353066088182471, -4.199175315869923e-08]}, {"color": "CVRed", "id_name": "object48797152725319", "shape": "CVCapsule", "id_string": "ob11608", "world_size": [0.04, 0.08, 0.04], "id": 11608, "camera_size": [17, 18], "camera_position": [254, 298], "world_position": [0.5926933698702072, 0.6399686004662983, -0.15550554966811], "world_orientation": [0.9997820401341195, -0.0009529255484197384, -0.020855794354493085, 0.0009481256456090372, 0.9999995217205979, -0.00024003403080717433, 0.02085601311415667, 0.00022020779953497164, 0.9997824654521138], "world_rotation": [-0.011021738864271059, 0.9989023577766464, -0.04552582674334356, -0.02088033844167288]}, {"color": "CVRed", "id_name": "object58472240889118", "shape": "CVCylinder", "id_string": "ob11615", "world_size": [0.04, 0.04, 0.04], "id": 11615, "camera_size": [17, 17], "camera_position": [271, 295], "world_position": [0.600020835051584, 0.6199833930933315, -0.11140661785315936], "world_orientation": [0.9984452855850343, 0.00018380860037321394, 0.055740271863509966, -0.00018506611592462475, 0.9999999827239135, 1.7398439877168976e-05, -0.05574026770255332, -2.768702588625669e-05, 0.9984453023525508], "world_rotation": [-0.00040442229147765043, 0.9999944439532954, -0.003308852542771316, 0.055769484355490284]}, {"color": "CVGreen", "id_name": "object67513613712479", "shape": "CVBox", "id_string": "ob11622", "world_size": [0.04, 0.04, 0.04], "id": 11622, "camera_size": [16, 17], "camera_position": [289, 295], "world_position": [0.6, 0.6199874431539305, -0.065], "world_orientation": [1.0, 2.049142105997599e-16, 5.802954297681148e-18, -2.049142105997599e-16, 1.0, 6.179952383167331e-17, -5.802954297681148e-18, -6.179952383167331e-17, 1.0], "world_rotation": [-0.28863572672225335, 0.027102796704540077, -0.9570553043948448, 2.1410905896324258e-16]}, {"color": "CVGreen", "id_name": "object11260876750318", "shape": "CVCylinder", "id_string": "ob11629", "world_size": [0.04, 0.04, 0.04], "id": 11629, "camera_size": [17, 16], "camera_position": [219, 277], "world_position": [0.6449956249148111, 0.6199831038676619, -0.24497203448063962], "world_orientation": [0.9999999767661015, -0.00020143399130261011, -7.676030165559252e-05, 0.00020139434443922796, 0.9999998465093929, -0.0005161603520613336, 7.68642621134893e-05, 0.0005161448809782833, 0.9999998638431644], "world_rotation": [-0.9227590592247608, 0.13732223125515428, -0.36008099564089807, -0.000559357980044325]}, {"color": "CVBlue", "id_name": "object170283227836417", "shape": "CVBox", "id_string": "ob11636", "world_size": [0.04, 0.04, 0.04], "id": 11636, "camera_size": [16, 16], "camera_position": [236, 277], "world_position": [0.6450776404596121, 0.6199792220891914, -0.19992319800603645], "world_orientation": [0.9999928347619272, 4.352635229545484e-05, 0.0037853045137121997, -4.423069359039868e-05, 0.9999999817258607, 0.00018598904377320632, -0.0037852963491143738, -0.00018615513776152232, 0.9999928184131196], "world_rotation": [-0.04909391928867167, 0.9987270691525553, -0.01157706486223887, 0.0037901340727190713]}, {"color": "CVPurple", "id_name": "object54153036360047", "shape": "CVCapsule", "id_string": "ob11643", "world_size": [0.04, 0.08, 0.04], "id": 11643, "camera_size": [16, 17], "camera_position": [253, 283], "world_position": [0.6326892400220882, 0.6399684169773572, -0.15630964115549145], "world_orientation": [0.9997905587059503, -0.00041490969769381324, -0.02046134336711023, 0.0004238309972905545, 0.9999998170128719, 0.0004316729184820131, 0.020461160517667658, -0.00044025465991254773, 0.9997905516087382], "world_rotation": [0.021297493733500684, 0.9995632569048365, -0.02048687888545975, -0.020471622027003752]}, {"color": "CVGreen", "id_name": "object64294090221828", "shape": "CVCone", "id_string": "ob11650", "world_size": [0.04, 0.04, 0.04], "id": 11650, "camera_size": [16, 16], "camera_position": [271, 277], "world_position": [0.645005457114454, 0.6199750470661272, -0.11000723787551323], "world_orientation": [0.9999999763953502, 0.0002171770997817465, -6.588350595912447e-06, -0.00021717502937925576, 0.9999999275450773, 0.00031264172287064345, 6.65624874120089e-06, -0.00031264028466561073, 0.9999999511058721], "world_rotation": [0.8211666272060699, 0.01739378845907782, 0.5704233747717988, -0.0003807278583457936]}, {"color": "CVGreen", "id_name": "object125355987078257", "shape": "CVCone", "id_string": "ob11657", "world_size": [0.04, 0.04, 0.04], "id": 11657, "camera_size": [16, 16], "camera_position": [289, 277], "world_position": [0.645, 0.6199874431539305, -0.065], "world_orientation": [1.0, 3.5778671692020784e-17, -3.6332864841185517e-17, -3.5778671692020784e-17, 1.0, 1.0733601507606489e-16, 3.6332864841185517e-17, -1.0733601507606489e-16, 1.0], "world_rotation": [0.9032531890035577, 0.3057480381601587, 0.3010843963345121, -1.18832699826363e-16]}, {"color": "CVPurple", "id_name": "object66264232839318", "shape": "CVBox", "id_string": "ob11664", "world_size": [0.04, 0.04, 0.04], "id": 11664, "camera_size": [18, 17], "camera_position": [219, 261], "world_position": [0.6877267340176801, 0.619978559411449, -0.24293349275869786], "world_orientation": [0.9953092281837331, 0.00014567277619987053, -0.09674460745563059, -0.00010491497911858792, 0.9999999035966891, 0.0004263794784015863, 0.09674466024101246, -0.00041422947109022174, 0.9953091475158845], "world_rotation": [0.004344428616883677, 0.9999897242937386, 0.001295085682711691, -0.09689718580093618]}, {"color": "CVYellow", "id_name": "object3904455848075", "shape": "CVCone", "id_string": "ob11671", "world_size": [0.04, 0.04, 0.04], "id": 11671, "camera_size": [16, 17], "camera_position": [236, 260], "world_position": [0.6901556952044926, 0.6199874431748662, -0.19951576455171952], "world_orientation": [0.9995717616941124, 6.124923019585953e-11, -0.029262488337948464, -4.515865432671366e-11, 1.0, 5.505312586107208e-10, 0.029262488337948464, -5.489740454416025e-10, 0.9995717616941124], "world_rotation": [1.878694134542297e-08, 0.9999999999999998, 1.8181619295953765e-09, -0.029266666159742525]}, {"color": "CVGreen", "id_name": "object244164696135586", "shape": "CVCone", "id_string": "ob11678", "world_size": [0.04, 0.04, 0.04], "id": 11678, "camera_size": [16, 16], "camera_position": [254, 266], "world_position": [0.6726073057488535, 0.6199711386015593, -0.15353095179386483], "world_orientation": [0.9998151563157429, -0.00023794466642252602, -0.019224894893398327, 0.0002320407334826617, 0.9999999252365098, -0.00030932842272161004, 0.019224967059126442, 0.0003048102866041164, 0.9998151367789271], "world_rotation": [-0.01596922582582673, 0.9997977967646241, -0.012220859672186484, -0.019230004270818668]}, {"color": "CVRed", "id_name": "object88491742578014", "shape": "CVBox", "id_string": "ob11685", "world_size": [0.04, 0.04, 0.04], "id": 11685, "camera_size": [16, 16], "camera_position": [272, 259], "world_position": [0.6908614717431892, 0.6199744139391927, -0.10895904713303395], "world_orientation": [0.9999976165571101, -0.000382816440888111, 0.0021494956785356257, 0.00038278288838858397, 0.9999999266102937, 1.6020849094415183e-05, -0.0021495016538291994, -1.519802074523235e-05, 0.9999976897031615], "world_rotation": [-0.0071492250470527, 0.9844846903049308, 0.17532479327360206, 0.002183376130858188]}, {"color": "CVPurple", "id_name": "object115375877890979", "shape": "CVCapsule", "id_string": "ob11692", "world_size": [0.04, 0.08, 0.04], "id": 11692, "camera_size": [17, 17], "camera_position": [290, 260], "world_position": [0.6899976504855211, 0.639969587170998, -0.06500631724323727], "world_orientation": [0.9999999980031856, -6.153106500899626e-05, 1.4406832836555671e-05, 6.152869291886153e-05, 0.9999999845616911, 0.00016459294564579572, -1.4416960193404864e-05, -0.00016459205888353818, 0.9999999863508028], "world_rotation": [-0.9335538153408471, 0.08174297609390872, 0.34899191927873924, 0.00017630746124397845]}, {"color": "CVPurple", "id_name": "object106794881072964", "shape": "CVBox", "id_string": "ob11699", "world_size": [0.04, 0.04, 0.04], "id": 11699, "camera_size": [18, 17], "camera_position": [218, 241], "world_position": [0.738069049400451, 0.6199827012491758, -0.24620389286229175], "world_orientation": [0.9948231137311361, -0.0002219585556284742, -0.10162146978216276, 0.00016465901717389864, 0.9999998227140968, -0.0005722404943970978, 0.10162157877978233, 0.0005525451791010676, 0.9948229739104991], "world_rotation": [-0.005534095371850652, 0.9999828775462368, -0.001902209968293336, -0.10179899768444009]}, {"color": "CVRed", "id_name": "object168042395775875", "shape": "CVCylinder", "id_string": "ob11706", "world_size": [0.04, 0.04, 0.04], "id": 11706, "camera_size": [16, 16], "camera_position": [236, 242], "world_position": [0.7350025018221783, 0.6199796239868787, -0.20000541581697395], "world_orientation": [0.9999999988948511, 4.6315876900269757e-05, -8.070790733559428e-06, -4.631352596502849e-05, 0.9999999565735062, 0.00029104646217680973, 8.08427045517918e-06, -0.00029104608806838407, 0.9999999576134088], "world_rotation": [0.9872033097708169, 0.027398271749664093, 0.15709538466382708, -0.00029481898658379623]}, {"color": "CVYellow", "id_name": "object204650587608836", "shape": "CVBox", "id_string": "ob11713", "world_size": [0.04, 0.04, 0.04], "id": 11713, "camera_size": [16, 16], "camera_position": [254, 235], "world_position": [0.7527770187518941, 0.6199688373684921, -0.1539346296152321], "world_orientation": [0.9999948191948848, 0.0005425028029912699, 0.0031728967992147887, -0.0005447532290382389, 0.9999996006752684, 0.0007084442273682953, -0.0031725111992195153, -0.0007101690028335961, 0.9999947154023756], "world_rotation": [-0.21519153400515273, 0.9625443017173287, -0.1649274717080483, 0.0032961700969639297]}, {"color": "CVRed", "id_name": "object239420247522635", "shape": "CVBox", "id_string": "ob11720", "world_size": [0.04, 0.04, 0.04], "id": 11720, "camera_size": [17, 17], "camera_position": [272, 242], "world_position": [0.7352714030002931, 0.619949770674439, -0.10874961388450574], "world_orientation": [0.999364458334751, -0.0004117118349620824, 0.03564421286344807, 0.00040403721252090137, 0.9999998936205652, 0.00022251469422994818, -0.03564430068356992, -0.00020797168846278658, 0.9993645183698271], "world_rotation": [-0.006038144615998375, 0.999916307605236, 0.011441966382896948, 0.0356547941409905]}, {"color": "CVGreen", "id_name": "object171618590055688", "shape": "CVSphere", "id_string": "ob11727", "world_size": [0.04, 0.04, 0.04], "id": 11727, "camera_size": [16, 16], "camera_position": [289, 242], "world_position": [0.735, 0.6199874431539305, -0.065], "world_orientation": [1.0, 4.228388472693457e-17, -1.6957377686420176e-17, -4.228388472693457e-17, 1.0, 1.0733601507606494e-16, 1.6957377686420176e-17, -1.0733601507606494e-16, 1.0], "world_rotation": [0.92051720276698, 0.14542702990328832, 0.3626279889688094, -1.1660402951017529e-16]}, {"color": "CVGreen", "id_name": "object80265527540076", "shape": "CVCapsule", "id_string": "ob11734", "world_size": [0.04, 0.08, 0.04], "id": 11734, "camera_size": [18, 17], "camera_position": [218, 224], "world_position": [0.7803717731405155, 0.6399748863843532, -0.24462825699229548], "world_orientation": [0.999827256596531, -1.577019718948053e-11, -0.018586472679195193, 1.6087863453088245e-11, 1.0, 1.694174019757672e-11, 0.018586472679195193, -1.723783025825175e-11, 0.999827256596531], "world_rotation": [9.194743684229942e-10, 1.0, -8.570227711422932e-10, -0.018587542983333778]}, {"color": "CVBlue", "id_name": "object39545938948708", "shape": "CVBox", "id_string": "ob11741", "world_size": [0.04, 0.04, 0.04], "id": 11741, "camera_size": [16, 16], "camera_position": [236, 224], "world_position": [0.78, 0.6199874431539305, -0.2], "world_orientation": [1.0, 1.7889335846010863e-16, -4.367536594091608e-17, -1.7889335846010863e-16, 1.0, -6.570265165262153e-16, 4.367536594091608e-17, 6.570265165262153e-16, 1.0], "world_rotation": [-0.9628953949226872, 0.06400778001840857, 0.26217448871657395, -6.823446451096272e-16]}, {"color": "CVGreen", "id_name": "object212918945809151", "shape": "CVCylinder", "id_string": "ob11748", "world_size": [0.04, 0.04, 0.04], "id": 11748, "camera_size": [16, 16], "camera_position": [254, 219], "world_position": [0.7927661069258432, 0.6199875115686971, -0.15358999025660333], "world_orientation": [0.9999930593408197, 0.0005828471824286262, 0.003679885779438088, -0.0005828303122556827, 0.9999998301383994, -5.6568049643631006e-06, -0.0036798884514196344, 3.5120167244974706e-06, 0.9999932291814034], "world_rotation": [0.0012304631123634436, 0.9876875146776753, -0.15643484046198336, 0.003725769106517856]}, {"color": "CVRed", "id_name": "object137310644039202", "shape": "CVSphere", "id_string": "ob11755", "world_size": [0.04, 0.04, 0.04], "id": 11755, "camera_size": [16, 16], "camera_position": [271, 224], "world_position": [0.78, 0.6199874431539305, -0.11], "world_orientation": [1.0, 4.228388472693457e-17, -1.6957377686420176e-17, -4.228388472693457e-17, 1.0, 1.0733601507606494e-16, 1.6957377686420176e-17, -1.0733601507606494e-16, 1.0], "world_rotation": [0.92051720276698, 0.14542702990328832, 0.3626279889688094, -1.1660402951017529e-16]}, {"color": "CVGreen", "id_name": "object49511181452578", "shape": "CVBox", "id_string": "ob11762", "world_size": [0.04, 0.04, 0.04], "id": 11762, "camera_size": [16, 16], "camera_position": [289, 224], "world_position": [0.78, 0.6199874431539305, -0.065], "world_orientation": [1.0, 4.228388472693457e-17, -1.6957377686420176e-17, -4.228388472693457e-17, 1.0, 1.0733601507606494e-16, 1.6957377686420176e-17, -1.0733601507606494e-16, 1.0], "world_rotation": [0.92051720276698, 0.14542702990328832, 0.3626279889688094, -1.1660402951017529e-16]}, {"color": "CVGreen", "id_name": "object237308058653962", "shape": "CVSphere", "id_string": "ob11769", "world_size": [0.04, 0.04, 0.04], "id": 11769, "camera_size": [17, 17], "camera_position": [234, 280], "world_position": [0.6400226816590409, 0.6599676723680583, -0.20497485477206048], "world_orientation": [0.9999999894295246, -9.833685938370682e-05, -0.00010710188045008718, 9.833669638785048e-05, 0.999999995163781, -1.527141659802757e-06, 0.0001071020301064336, 1.5166095985654973e-06, 0.9999999942634276], "world_rotation": [-0.010466298513499714, 0.7365654681800203, -0.6762852709324476, -0.00014540724522466798]}, {"color": "CVYellow", "id_name": "object20292351431882", "shape": "CVCylinder", "id_string": "ob11776", "world_size": [0.04, 0.04, 0.04], "id": 11776, "camera_size": [17, 18], "camera_position": [251, 284], "world_position": [0.6315798214522259, 0.6999721082451726, -0.1609874416418212], "world_orientation": [0.9998586903168967, 0.0004644417844012676, -0.016804275991818125, -0.0004632204940913853, 0.9999998897819292, 7.65695982295579e-05, 0.016804309701804073, -6.877469317612082e-05, 0.9998587952533535], "world_rotation": [0.004322931058444859, 0.999609943536375, 0.027591177036671223, -0.01681164193238068]}, {"color": "CVYellow", "id_name": "object209772865043202", "shape": "CVSphere", "id_string": "ob11783", "world_size": [0.04, 0.04, 0.04], "id": 11783, "camera_size": [17, 17], "camera_position": [271, 281], "world_position": [0.6383335793626446, 0.6599646428013627, -0.112599921923881], "world_orientation": [0.9999480414265679, 0.0005841449452540276, -0.010177092996222313, -0.0005819014359665529, 0.9999998057400677, 0.00022340668212914028, 0.010177221521105019, -0.00021747300920816855, 0.9999481870915116], "world_rotation": [0.021619747323726124, 0.9981297516278412, 0.05718028892024142, -0.010196403415170356]}, {"color": "CVBlue", "id_name": "object172881942584968", "shape": "CVCapsule", "id_string": "ob11790", "world_size": [0.04, 0.08, 0.04], "id": 11790, "camera_size": [41, 25], "camera_position": [196, 255], "world_position": [0.7021588797632805, 0.6392852886697914, -0.2997489047685466], "world_orientation": [0.9691173929801029, 0.20210213335525035, 0.14130182701120944, 7.917072075623588e-05, -0.5732554552545243, 0.8193767001525765, 0.24659982229402785, -0.7940610245530155, -0.5555678328794506], "world_rotation": [0.9901778763717846, 0.06462210704436863, 0.12398288762974183, -2.1893445116958468]}, {"color": "CVGreen", "id_name": "object201185548106392", "shape": "CVCapsule", "id_string": "ob11797", "world_size": [0.04, 0.08, 0.04], "id": 11797, "camera_size": [17, 17], "camera_position": [253, 263], "world_position": [0.6826175371551355, 0.6799592713234897, -0.1568073978553998], "world_orientation": [0.9999999095131601, -0.00042500089548389296, -1.865236631745091e-05, 0.0004250000038040031, 0.99999990854588, -4.778314444995405e-05, 1.8672672490799375e-05, 4.777521287045088e-05, 0.9999999986844303], "world_rotation": [-0.11161150393445213, 0.043595388541814585, -0.9927952025908353, -0.0004280847263519565]}, {"color": "CVBlue", "id_name": "object132300801491873", "shape": "CVSphere", "id_string": "ob11804", "world_size": [0.04, 0.04, 0.04], "id": 11804, "camera_size": [17, 18], "camera_position": [270, 259], "world_position": [0.6909598201077309, 0.6599662873907376, -0.11593315006984764], "world_orientation": [0.9976146618271503, -0.0004911413650513931, 0.06902713443031012, 0.0005146856408257809, 0.9999998152869721, -0.0003233028195752261, -0.06902696289271097, 0.00035805890793693453, 0.9976147303381335], "world_rotation": [0.00493527797877285, 0.9999612817782018, 0.007285463318706951, 0.06908466154149459]}, {"color": "CVYellow", "id_name": "object32453712372503", "shape": "CVBox", "id_string": "ob11811", "world_size": [0.04, 0.04, 0.04], "id": 11811, "camera_size": [17, 17], "camera_position": [232, 244], "world_position": [0.7305686892904278, 0.6599681696389776, -0.20911314007545195], "world_orientation": [0.9997126766797535, -9.383000489772952e-05, -0.023969882805997017, 9.591754596139462e-05, 0.9999999917070318, 8.594044913323891e-05, 0.02396987454342278, -8.821488877378423e-05, 0.9997126773891116], "world_rotation": [0.0036327431393426927, 0.999985568664187, -0.003957984417098733, -0.023972520626093525]}, {"color": "CVPurple", "id_name": "object104693976974541", "shape": "CVSphere", "id_string": "ob11818", "world_size": [0.04, 0.04, 0.04], "id": 11818, "camera_size": [16, 16], "camera_position": [252, 238], "world_position": [0.7429416952265916, 0.6599485682018051, -0.1591683096479795], "world_orientation": [0.9999921738551416, -4.23089318699141e-05, 0.003956063500863761, 3.8458822299116253e-05, 0.999999525615249, 0.0009732883416958273, -0.003956102802957701, -0.0009731285790570924, 0.9999917011012547], "world_rotation": [-0.23886923062729915, 0.9710011547053279, 0.009912024033570442, 0.004074242422434715]}, {"color": "CVRed", "id_name": "object95109891487018", "shape": "CVCapsule", "id_string": "ob11825", "world_size": [0.04, 0.08, 0.04], "id": 11825, "camera_size": [17, 17], "camera_position": [273, 243], "world_position": [0.732213305504761, 0.6799195375160754, -0.10896973581733081], "world_orientation": [0.9999064934918521, -0.0010811463765327094, 0.013632145661685495, 0.0010765386527751583, 0.9999993609029375, 0.0003453378717643054, -0.013632510310209985, -0.00033063004870072775, 0.999907018350413], "world_rotation": [-0.024708007582071284, 0.9965788406241475, 0.07886779305619172, 0.013679553096546115]}, {"color": "CVPurple", "id_name": "object172050947894115", "shape": "CVSphere", "id_string": "ob11832", "world_size": [0.04, 0.04, 0.04], "id": 11832, "camera_size": [18, 17], "camera_position": [146, 303], "world_position": [0.5343835461527667, 0.01998744318408219, -0.5369319611599239], "world_orientation": [-5.505752520562622e-10, -0.8133817540897965, 0.5817302829609317, -1.0, 3.036961793156933e-10, -5.218135923357181e-10, 2.4776442009155625e-10, -0.5817302829609317, -0.8133817540897966], "world_rotation": [-0.6895876556643324, 0.6895876559891924, -0.2212187375940417, 2.7061676919635547]}, {"color": "CVYellow", "id_name": "object264070344625480", "shape": "CVCylinder", "id_string": "ob11839", "world_size": [0.04, 0.04, 0.04], "id": 11839, "camera_size": [21, 20], "camera_position": [279, 268], "world_position": [0.6696349925192345, 0.6999552483281347, -0.09417092250225094], "world_orientation": [0.9633245380811077, 0.2683390201048099, 6.797066289501717e-05, 4.925758042917393e-05, 7.646903790556672e-05, -0.9999999958630885, -0.26833902419236627, 0.9633245374439898, 6.0446769752798405e-05], "world_rotation": [0.9818261305838156, 0.1342258993404803, -0.1341672733905392, 1.5890666162812446]}, {"color": "CVRed", "id_name": "object209429625378924", "shape": "CVCylinder", "id_string": "ob11846", "world_size": [0.04, 0.04, 0.04], "id": 11846, "camera_size": [17, 17], "camera_position": [249, 244], "world_position": [0.728710547906433, 0.6999226734371555, -0.1674649078858799], "world_orientation": [0.999957520418703, -0.0005795194690140305, -0.009198995339953041, 0.0005903710082664529, 0.9999991330987348, 0.0011769723241743133, 0.009198305286955989, -0.001182353147036675, 0.9999569956857565], "world_rotation": [0.12694902617610765, 0.9899097972508332, -0.0629486938685187, -0.009292546377880401]}, {"color": "CVGreen", "id_name": "object134179210971930", "shape": "CVBox", "id_string": "ob11853", "world_size": [0.04, 0.04, 0.04], "id": 11853, "camera_size": [21, 21], "camera_position": [271, 244], "world_position": [0.7283053478308116, 0.7399019482423473, -0.11491773424658627], "world_orientation": [0.9757671408407081, -0.0010843338639786968, 0.21880884597205172, 0.0009368007595095626, 0.9999992585585453, 0.0007780017330118063, -0.218809527351728, -0.0005541682334960174, 0.9757674331712872], "world_rotation": [-0.003044089708876455, 0.9999847017586617, 0.004618416014694297, 0.2205973475981954]}], "source": "manual check"}
