{"timestamp": 1721664722.114932, "objects": [{"color": "cv_", "id_name": "hand", "shape": "CVBox", "id_string": "ob383", "world_size": [0.12, 0.005, 0.12], "id": 383, "camera_size": [48, 49], "camera_position": [246, 391], "world_position": [0.36279659552590526, 0.6555173513277744, -0.17408983912666715], "world_orientation": [-4.109381854874704e-06, -0.0015809294811203278, 0.9999987503217634, -0.0007631202328908601, -0.999998459149326, -0.0015809321567525677, 0.9999997088152691, -0.0007631257758904369, 2.902936249477943e-06], "world_rotation": [0.0, 1.0, 0.0, 0.0]}, {"color": "CVPurple", "id_name": "object162363225263602", "shape": "CVCylinder", "id_string": "ob8584", "world_size": [0.04, 0.04, 0.04], "id": 8584, "camera_size": [16, 16], "camera_position": [255, 246], "world_position": [0.7245360629369423, 0.6199804652864512, -0.1504227066800374], "world_orientation": [0.9999997572364653, 0.0005083407233940778, -0.0004765676441332076, -0.0005083932051237108, 0.9999998647170945, -0.00011000973470965669, 0.0004765116572336194, 0.00011025199175540625, 0.9999998803905624], "world_rotation": [-0.15611495253367358, 0.6755142270135137, 0.7206307311638491, -0.0007054473039238356]}, {"color": "CVRed", "id_name": "object143028013961408", "shape": "CVCylinder", "id_string": "ob8591", "world_size": [0.04, 0.04, 0.04], "id": 8591, "camera_size": [17, 17], "camera_position": [219, 295], "world_position": [0.6000043814994357, 0.6199874431539382, -0.24498587571112898], "world_orientation": [0.9999987078773543, -6.896296454447885e-13, 0.0016075582794203133, 6.803465757596715e-13, 1.0, 5.7751864396965964e-12, -0.0016075582794203133, -5.774085280676676e-12, 0.9999987078773543], "world_rotation": [-3.5921782333570973e-09, 1.0, 4.2610468271746716e-10, 0.0016075589718081568]}, {"color": "CVGreen", "id_name": "object279056597352833", "shape": "CVCapsule", "id_string": "ob8598", "world_size": [0.04, 0.08, 0.04], "id": 8598, "camera_size": [17, 20], "camera_position": [236, 296], "world_position": [0.5979884374736033, 0.6408999530726532, -0.1999887269988723], "world_orientation": [0.9987660385487793, -0.049662602358937956, -0.0001617668590006616, 0.04966257211197981, 0.9987660358488899, -0.00018591911361013393, 0.00017080047150596346, 0.00017765593829044502, 0.9999999696327828], "world_rotation": [-0.003660407144142644, 0.0033482270747988026, -0.9999876953217949, -0.049683636177895056]}, {"color": "CVYellow", "id_name": "object3839871608915", "shape": "CVBox", "id_string": "ob8605", "world_size": [0.04, 0.04, 0.04], "id": 8605, "camera_size": [15, 17], "camera_position": [254, 295], "world_position": [0.599785342771661, 0.6201507708227872, -0.15500870597980335], "world_orientation": [0.999962256879736, -0.008688126000063232, 3.5813294916753024e-05, 0.008688112418419056, 0.9999621916116291, 0.0003633866711333585, -3.8969090059340206e-05, -0.0003630618058542168, 0.9999999333337654], "world_rotation": [-0.041770130447174945, 0.0042999195050355855, 0.9991179944804698, 0.008695898538024579]}, {"color": "CVRed", "id_name": "object221470766278383", "shape": "CVCylinder", "id_string": "ob8612", "world_size": [0.04, 0.04, 0.04], "id": 8612, "camera_size": [16, 17], "camera_position": [271, 295], "world_position": [0.6, 0.6199874431539305, -0.11], "world_orientation": [1.0, 4.228388472693457e-17, -1.6957377686420176e-17, -4.228388472693457e-17, 1.0, 1.0733601507606494e-16, 1.6957377686420176e-17, -1.0733601507606494e-16, 1.0], "world_rotation": [0.92051720276698, 0.14542702990328832, 0.3626279889688094, -1.1660402951017529e-16]}, {"color": "CVBlue", "id_name": "object100953034805008", "shape": "CVCone", "id_string": "ob8619", "world_size": [0.04, 0.04, 0.04], "id": 8619, "camera_size": [16, 17], "camera_position": [289, 295], "world_position": [0.6, 0.6199874431539305, -0.065], "world_orientation": [1.0, 2.049142105997599e-16, 5.802954297681148e-18, -2.049142105997599e-16, 1.0, 6.179952383167331e-17, -5.802954297681148e-18, -6.179952383167331e-17, 1.0], "world_rotation": [-0.28863572672225335, 0.027102796704540077, -0.9570553043948448, 2.1410905896324258e-16]}, {"color": "CVPurple", "id_name": "object143450199889388", "shape": "CVBox", "id_string": "ob8626", "world_size": [0.04, 0.04, 0.04], "id": 8626, "camera_size": [17, 16], "camera_position": [219, 277], "world_position": [0.6449944164250184, 0.6199874403774612, -0.24498198292989026], "world_orientation": [0.999999964114949, -0.0002676723449600983, 1.102798857153511e-05, 0.00026767234072459095, 0.999999964175684, 3.855430469142835e-07, -1.1028091375676323e-05, -3.8259114556719265e-07, 0.9999999999391176], "world_rotation": [-0.001433622728284442, 0.04116480924645671, 0.9991513414921566, 0.0002678997014050092]}, {"color": "CVPurple", "id_name": "object255883725875153", "shape": "CVCapsule", "id_string": "ob8633", "world_size": [0.04, 0.08, 0.04], "id": 8633, "camera_size": [17, 19], "camera_position": [236, 279], "world_position": [0.6429902415044291, 0.6408394648413489, -0.19999477557754394], "world_orientation": [0.9987575961052982, -0.04983201004612097, -0.00018707412772767579, 0.04983202739469401, 0.9987576087723781, 8.924693787177261e-05, 0.00018239435416786013, -9.845834018633452e-05, 0.9999999785191274], "world_rotation": [0.0018833639513965404, 0.003707107371609701, -0.999991355110214, -0.04985309719426696]}, {"color": "CVBlue", "id_name": "object82309544736586", "shape": "CVSphere", "id_string": "ob8640", "world_size": [0.04, 0.04, 0.04], "id": 8640, "camera_size": [15, 16], "camera_position": [254, 277], "world_position": [0.6445932092104055, 0.6199734552882208, -0.15499722857348688], "world_orientation": [0.9999999562712508, -0.00022936302290456966, -0.00018668181531924098, 0.0002293569091412508, 0.9999999731607544, -3.277039528947829e-05, 0.00018668932662576447, 3.272757709233129e-05, 0.9999999820380003], "world_rotation": [-0.11006586381108487, 0.6274303732755158, -0.7708544819321391, -0.00029753990510923397]}, {"color": "CVBlue", "id_name": "object240291611305234", "shape": "CVCapsule", "id_string": "ob8647", "world_size": [0.04, 0.08, 0.04], "id": 8647, "camera_size": [17, 17], "camera_position": [272, 278], "world_position": [0.64500395148331, 0.6399578706878086, -0.11000217093261398], "world_orientation": [0.9999999980203961, 6.291940157255097e-05, 5.973428819914319e-07, -6.291945950903075e-05, 0.9999999932683361, 9.74908686598744e-05, -5.912088108587063e-07, -9.749090605137233e-05, 0.9999999952475869], "world_rotation": [-0.8401989150531941, 0.005121606079830815, -0.542254139951553, 0.0001160331033850662]}, {"color": "CVGreen", "id_name": "object29916812665247", "shape": "CVBox", "id_string": "ob8654", "world_size": [0.04, 0.04, 0.04], "id": 8654, "camera_size": [16, 16], "camera_position": [289, 277], "world_position": [0.645, 0.6199874431539305, -0.065], "world_orientation": [1.0, 3.5778671692020784e-17, -3.6332864841185517e-17, -3.5778671692020784e-17, 1.0, 1.0733601507606489e-16, 3.6332864841185517e-17, -1.0733601507606489e-16, 1.0], "world_rotation": [0.9032531890035577, 0.3057480381601587, 0.3010843963345121, -1.18832699826363e-16]}, {"color": "CVBlue", "id_name": "object157627529167480", "shape": "CVCylinder", "id_string": "ob8661", "world_size": [0.04, 0.04, 0.04], "id": 8661, "camera_size": [17, 15], "camera_position": [219, 260], "world_position": [0.6899999695705344, 0.6199874437509014, -0.24500382709236776], "world_orientation": [0.999999999909471, 2.449849318284962e-07, -1.3453552803380186e-05, -2.427694519283588e-07, 0.9999999864408863, 0.00016467595023616154, 1.3453592964088526e-05, -0.00016467594695514196, 0.9999999863504165], "world_rotation": [0.9966783067686122, 0.08142588129049062, 0.0014760328313499283, -0.00016522477536288653]}, {"color": "CVYellow", "id_name": "object230314089327791", "shape": "CVBox", "id_string": "ob8668", "world_size": [0.04, 0.04, 0.04], "id": 8668, "camera_size": [16, 15], "camera_position": [236, 260], "world_position": [0.6899970168773125, 0.6199748869908092, -0.19999901048588212], "world_orientation": [0.9999999861037117, -0.0001644596740178654, -2.7305532751985204e-05, 0.00016445945858992376, 0.9999999864454046, -7.891592358452631e-06, 2.7306830230574907e-05, 7.887101595661431e-06, 0.9999999995960653], "world_rotation": [-0.047270575759962775, 0.16361036276545507, -0.985391872233112, -0.00016689762895516082]}, {"color": "CVPurple", "id_name": "object262632152495800", "shape": "CVCapsule", "id_string": "ob8675", "world_size": [0.04, 0.08, 0.04], "id": 8675, "camera_size": [17, 16], "camera_position": [254, 262], "world_position": [0.6845867082942959, 0.639942014021283, -0.155053873983097], "world_orientation": [0.9999993735115127, 0.00045919471949159543, -0.0010208412176910722, -0.00045831302748897433, 0.9999995219356665, 0.0008637578406084303, 0.0010212373627026415, -0.0008632894346449995, 0.9999991059024008], "world_rotation": [0.6108096913483201, 0.72222770347515, 0.32449755821574544, -0.0014137364509846607]}, {"color": "CVRed", "id_name": "object20772503588880", "shape": "CVCylinder", "id_string": "ob8682", "world_size": [0.04, 0.04, 0.04], "id": 8682, "camera_size": [16, 16], "camera_position": [271, 259], "world_position": [0.6900895736286919, 0.6199755813337695, -0.1095522040269648], "world_orientation": [0.9999873473501416, -0.0004664158317200567, -0.005008751930293349, 0.00046662107453599534, 0.9999998903400297, 3.980831408451936e-05, 0.005008732813805835, -4.2144999611656736e-05, 0.9999874553310153], "world_rotation": [0.00814549996077699, 0.9956573799156982, -0.09273636099069378, -0.005030609524135157]}, {"color": "CVPurple", "id_name": "object26632301859398", "shape": "CVCone", "id_string": "ob8689", "world_size": [0.04, 0.04, 0.04], "id": 8689, "camera_size": [16, 15], "camera_position": [289, 260], "world_position": [0.69, 0.6199874431539305, -0.065], "world_orientation": [1.0, 4.228388472693457e-17, -1.6957377686420176e-17, -4.228388472693457e-17, 1.0, 1.0733601507606494e-16, 1.6957377686420176e-17, -1.0733601507606494e-16, 1.0], "world_rotation": [0.92051720276698, 0.14542702990328832, 0.3626279889688094, -1.1660402951017529e-16]}, {"color": "CVRed", "id_name": "object52662114564262", "shape": "CVCone", "id_string": "ob8696", "world_size": [0.04, 0.04, 0.04], "id": 8696, "camera_size": [17, 16], "camera_position": [219, 242], "world_position": [0.7349999996703271, 0.6199874431999866, -0.24500010487884136], "world_orientation": [0.9999999999975577, 1.6586617107862322e-09, -2.2100866350552055e-06, -1.6580113030129888e-09, 0.9999999999999567, 2.9428805142348857e-07, 2.210086635543239e-06, -2.942880477583892e-07, 0.9999999999975144], "world_rotation": [0.13199174297143967, 0.9912505367326704, 0.0007437839432593393, -2.229594389513143e-06]}, {"color": "CVYellow", "id_name": "object39337984153474", "shape": "CVSphere", "id_string": "ob8703", "world_size": [0.04, 0.04, 0.04], "id": 8703, "camera_size": [16, 16], "camera_position": [236, 242], "world_position": [0.7350042430491198, 0.6199740723237813, -0.20000404909574687], "world_orientation": [0.9999999893105347, 0.0001457870569026055, 1.1183229040692353e-05, -0.00014578927583842075, 0.999999969637294, 0.0001986728421123018, -1.1154264772228485e-05, -0.00019867447038345718, 0.9999999802020184], "world_rotation": [-0.8053959667481327, 0.04527658010617558, -0.5910053874879059, 0.0002466782383638342]}, {"color": "CVBlue", "id_name": "object152417049113054", "shape": "CVBox", "id_string": "ob8710", "world_size": [0.04, 0.04, 0.04], "id": 8710, "camera_size": [16, 16], "camera_position": [253, 230], "world_position": [0.764513712495686, 0.619975350725661, -0.1554146667841298], "world_orientation": [0.9999998943147773, 0.00043132407576302635, 0.00015915393804869171, -0.00043131178240481116, 0.9999999039998831, -7.726817499762737e-05, -0.0001591872503940581, 7.719952186283419e-05, 0.9999999843498266], "world_rotation": [0.16566941506313215, 0.3414267160819704, -0.9251926515370306, 0.00046619257512564306]}, {"color": "CVRed", "id_name": "object13707772425185", "shape": "CVCone", "id_string": "ob8717", "world_size": [0.04, 0.04, 0.04], "id": 8717, "camera_size": [17, 16], "camera_position": [272, 242], "world_position": [0.7341992710420673, 0.6199811471685776, -0.10909109985963758], "world_orientation": [0.9989609031398616, 0.00029964633081317523, -0.045574381071701066, -0.0003074360886345401, 0.9999999393074768, -0.00016391490038034786, 0.04557432918917841, 0.00017775578638065589, 0.9989609346324995], "world_rotation": [-0.003748387744270176, 0.999970795524824, 0.006660156662521812, -0.045591478781344556]}, {"color": "CVRed", "id_name": "object279523920443092", "shape": "CVSphere", "id_string": "ob8724", "world_size": [0.04, 0.04, 0.04], "id": 8724, "camera_size": [16, 16], "camera_position": [289, 242], "world_position": [0.735, 0.6199874431539305, -0.065], "world_orientation": [1.0, 4.228388472693457e-17, -1.6957377686420176e-17, -4.228388472693457e-17, 1.0, 1.0733601507606494e-16, 1.6957377686420176e-17, -1.0733601507606494e-16, 1.0], "world_rotation": [0.92051720276698, 0.14542702990328832, 0.3626279889688094, -1.1660402951017529e-16]}, {"color": "CVGreen", "id_name": "object46251823230756", "shape": "CVCapsule", "id_string": "ob8731", "world_size": [0.04, 0.08, 0.04], "id": 8731, "camera_size": [18, 17], "camera_position": [218, 224], "world_position": [0.78, 0.6399748858658902, -0.245], "world_orientation": [1.0, -1.3010426069826106e-17, -2.3826422606982324e-17, 1.3010426069826106e-17, 1.0, 3.2786273695961654e-16, 2.3826422606982324e-17, -3.2786273695961654e-16, 1.0], "world_rotation": [0.9965895685050425, 0.07242410176010956, -0.03954720509940661, -3.2898471679914803e-16]}, {"color": "CVPurple", "id_name": "object148843207962368", "shape": "CVCylinder", "id_string": "ob8738", "world_size": [0.04, 0.04, 0.04], "id": 8738, "camera_size": [16, 16], "camera_position": [236, 224], "world_position": [0.7798021954277576, 0.619979061813671, -0.20032372142833177], "world_orientation": [0.9999518202769552, 0.00020878550488652193, 0.009813945863763697, -0.00020852071461989312, 0.9999999778674368, -2.8004242102522876e-05, -0.009813951493435743, 2.5956481861141117e-05, 0.9999518416815611], "world_rotation": [0.0027485536298857255, 0.999770287820501, -0.021255988432820217, 0.009816361231671027]}, {"color": "CVRed", "id_name": "object12627356700979", "shape": "CVSphere", "id_string": "ob8745", "world_size": [0.04, 0.04, 0.04], "id": 8745, "camera_size": [15, 17], "camera_position": [254, 215], "world_position": [0.8048912943882439, 0.6199836331868952, -0.15507012023753533], "world_orientation": [0.999999910963103, -0.00020814522018555842, -0.0003670822164274644, 0.00020817220220458997, 0.9999999756334415, 7.34673448998162e-05, 0.00036706691560625, -7.354375467191368e-05, 0.9999999299265954], "world_rotation": [0.1716048232523632, 0.856966123037882, -0.48596383466462484, -0.00042834199319402875]}, {"color": "CVYellow", "id_name": "object137919680187297", "shape": "CVCylinder", "id_string": "ob8752", "world_size": [0.04, 0.04, 0.04], "id": 8752, "camera_size": [17, 18], "camera_position": [271, 223], "world_position": [0.7826097481839195, 0.6199748858366494, -0.11117036218287663], "world_orientation": [0.998930510340483, -0.00022500108117770977, -0.04623618588741622, 0.00022161519471694261, 0.9999999723734992, -7.835627732654758e-05, 0.04623620224031931, 6.802583475977999e-05, 0.9989305326071869], "world_rotation": [-0.0015829614051207923, 0.9999870842089575, -0.004829663389629747, -0.04625328160135318]}, {"color": "CVYellow", "id_name": "object227332375280099", "shape": "CVCapsule", "id_string": "ob8759", "world_size": [0.04, 0.08, 0.04], "id": 8759, "camera_size": [17, 17], "camera_position": [290, 224], "world_position": [0.7799996126656608, 0.6399748863842305, -0.06499986472092537], "world_orientation": [0.9999999999979441, -5.135062924139428e-10, 2.027854523924243e-06, 5.135063432155202e-10, 1.0, -2.505092609585724e-11, -2.0278545239242302e-06, 2.505196743016086e-11, 0.9999999999979441], "world_rotation": [1.235367017818622e-05, 0.9999999678618882, 0.0002532264002438833, 2.0278545890970437e-06]}, {"color": "CVRed", "id_name": "object198438285553907", "shape": "CVCapsule", "id_string": "ob8766", "world_size": [0.04, 0.08, 0.04], "id": 8766, "camera_size": [18, 20], "camera_position": [232, 283], "world_position": [0.6341705950232668, 0.720473866619536, -0.20487650935817345], "world_orientation": [0.9986053551684632, -0.051906788304445145, -0.009645203822906059, 0.051902841179409326, 0.9986519215667348, -0.0006592636601807042, 0.009666421590893764, 0.00015773073936108445, 0.999953266615316], "world_rotation": [-0.007737145412397429, 0.18288601985536174, -0.9831036773007877, -0.0528214474728543]}, {"color": "CVBlue", "id_name": "object57390503452120", "shape": "CVSphere", "id_string": "ob8773", "world_size": [0.04, 0.04, 0.04], "id": 8773, "camera_size": [17, 17], "camera_position": [252, 280], "world_position": [0.6397048920212687, 0.65995796456213, -0.15983954063907607], "world_orientation": [0.9999847056978224, -0.0004319143061600627, -0.005513784586991023, 0.0004318141500067605, 0.9999999065809547, -1.9355145035379316e-05, 0.005513792431662569, 1.6973918807195632e-05, 0.9999847987869149], "world_rotation": [-0.003284306639423625, 0.9969413078207277, -0.07808483905724421, -0.005530733430741435]}, {"color": "CVYellow", "id_name": "object82870966047088", "shape": "CVSphere", "id_string": "ob8780", "world_size": [0.04, 0.04, 0.04], "id": 8780, "camera_size": [17, 17], "camera_position": [271, 281], "world_position": [0.6399281440482446, 0.6999410760833055, -0.11479077635267537], "world_orientation": [0.9999965196503406, 0.00023814614752533118, 0.0026275413637898235, -0.00023848694569972656, 0.9999999631911339, 0.00012938975081842538, -0.0026275104534023187, -0.0001300159348113982, 0.9999965396363499], "world_rotation": [-0.04910200894640174, 0.994710662239654, -0.0902202368882744, 0.0026415007538852253]}, {"color": "CVPurple", "id_name": "object269499268375353", "shape": "CVCylinder", "id_string": "ob8787", "world_size": [0.04, 0.04, 0.04], "id": 8787, "camera_size": [17, 17], "camera_position": [234, 262], "world_position": [0.6849688373960803, 0.6599610271785434, -0.20500787324220324], "world_orientation": [0.9999998217054956, -0.00026762244407764035, -0.0005338231960898003, 0.00026767308234075044, 0.9999999596829472, 9.479042607881139e-05, 0.0005337978065221146, -9.493329927855124e-05, 0.9999998530237746], "world_rotation": [0.15689020513608723, 0.8828588928025616, -0.4426574735975793, -0.0006046385647622455]}, {"color": "CVRed", "id_name": "object102730210947616", "shape": "CVCylinder", "id_string": "ob8794", "world_size": [0.04, 0.04, 0.04], "id": 8794, "camera_size": [17, 17], "camera_position": [252, 264], "world_position": [0.6818050409437908, 0.6999050381624488, -0.16043785671825003], "world_orientation": [0.9998433089277753, 0.0008417628029733439, -0.01768188416829487, -0.0008175876915737811, 0.9999987212740853, 0.0013744091679586728, 0.017683018484525016, -0.0013597373194526414, 0.9998427186171324], "world_rotation": [0.07699819365705354, 0.9959355271058781, 0.04673011900142801, -0.017755547395043324]}, {"color": "CVGreen", "id_name": "object112082752457200", "shape": "CVCylinder", "id_string": "ob8801", "world_size": [0.04, 0.04, 0.04], "id": 8801, "camera_size": [17, 17], "camera_position": [271, 262], "world_position": [0.6854731377081222, 0.6599630426516626, -0.11220421292422485], "world_orientation": [0.9998106046794218, -0.0007018043193140685, 0.019448965043579652, 0.0007031746685120386, 0.9999997507488998, -6.36201529968978e-05, -0.01944891554700555, 7.728412318504414e-05, 0.9998108489665481], "world_rotation": [0.003620030890369977, 0.9993417738864009, 0.0360959047806604, 0.01946297929172488]}, {"color": "CVGreen", "id_name": "object109844399975334", "shape": "CVCone", "id_string": "ob8808", "world_size": [0.04, 0.04, 0.04], "id": 8808, "camera_size": [17, 17], "camera_position": [234, 244], "world_position": [0.7299922898914434, 0.6599607409302848, -0.20500273999711005], "world_orientation": [0.9999999877881836, 4.289572057050611e-05, -0.00015027837602559437, -4.2850459309256175e-05, 0.9999999537293093, 0.00030117306892766014, 0.00015029128810792282, -0.00030116662575235055, 0.9999999433555945], "world_rotation": [0.8876117966147486, 0.4429214643261605, 0.1263561432994381, -0.00033930357197530024]}, {"color": "CVRed", "id_name": "object37308653848119", "shape": "CVBox", "id_string": "ob8815", "world_size": [0.04, 0.04, 0.04], "id": 8815, "camera_size": [17, 17], "camera_position": [252, 240], "world_position": [0.7398242167542374, 0.6599738236604493, -0.16002436561255212], "world_orientation": [0.9999999841637603, 9.680509658898555e-05, -0.00014933603956230438, -9.681438997259447e-05, 0.9999999933774881, -6.222537799923988e-05, 0.0001493300148395873, 6.223983489141869e-05, 0.9999999869133749], "world_rotation": [-0.33008548702726037, 0.7920713566156422, 0.5134847001450308, -0.00018853481676663354]}, {"color": "CVBlue", "id_name": "object95230828725019", "shape": "CVSphere", "id_string": "ob8822", "world_size": [0.04, 0.04, 0.04], "id": 8822, "camera_size": [17, 17], "camera_position": [269, 245], "world_position": [0.7265122477056796, 0.659978380828121, -0.11910573001025561], "world_orientation": [0.9991856561946326, 0.0001525634865832551, -0.04034849661739594, -0.0001596878105399414, 0.9999999722253248, -0.00017334691503144222, 0.0403484690503198, 0.00017964891412841665, 0.9991856528051046], "world_rotation": [-0.004374263722568098, 0.9999829467723146, 0.003869364475443358, -0.04036012739524813]}, {"color": "CVYellow", "id_name": "object33733799712591", "shape": "CVBox", "id_string": "ob8829", "world_size": [0.04, 0.04, 0.04], "id": 8829, "camera_size": [18, 18], "camera_position": [245, 267], "world_position": [0.6733194958969965, 0.7398765614707877, -0.17463790179303537], "world_orientation": [0.9972417230095872, 0.0006698949763693365, -0.07421925039765892, -0.0005311670510722463, 0.9999980749827866, 0.001888886519893887, 0.07422037287991495, -0.0018442536273020457, 0.9972401591282436], "world_rotation": [0.02514044411586481, 0.9996512068781989, 0.008088427326593376, -0.07431409011342477]}, {"color": "CVYellow", "id_name": "object30900006533660", "shape": "CVBox", "id_string": "ob8836", "world_size": [0.04, 0.04, 0.04], "id": 8836, "camera_size": [18, 17], "camera_position": [264, 269], "world_position": [0.6697724100177221, 0.739920840625096, -0.12954650141980148], "world_orientation": [0.9996334904435455, 0.0008020110202625723, 0.027059962342496163, -0.0007890036322487685, 0.9999995680185654, -0.0004913613242672107, -0.0270603447302918, 0.00046983082706945125, 0.9996336914100443], "world_rotation": [0.01774982011221921, 0.99941069392231, -0.029380414559887498, 0.02707941906451348]}, {"color": "CVBlue", "id_name": "object36727118999948", "shape": "CVCone", "id_string": "ob8843", "world_size": [0.04, 0.04, 0.04], "id": 8843, "camera_size": [22, 22], "camera_position": [241, 221], "world_position": [0.7855814749435505, 0.6599717262355946, -0.18644674510051637], "world_orientation": [-0.8813754899073201, -0.00016510660871075028, 0.47241636141272614, 0.00010632766147470123, -0.9999999829284427, -0.0001511209538883589, 0.4724163782989116, -8.296337781721141e-05, 0.8813754924162673], "world_rotation": [-0.24354106520575705, 6.033781969595118e-05, -0.9698905845082696, -3.141452723233005]}, {"color": "CVYellow", "id_name": "object69562910183009", "shape": "CVCylinder", "id_string": "ob8850", "world_size": [0.04, 0.04, 0.04], "id": 8850, "camera_size": [18, 18], "camera_position": [272, 225], "world_position": [0.7754512661936619, 0.6599599430648052, -0.10900610601956508], "world_orientation": [0.00039000437587288783, -0.056908290302248976, -0.9983793339164538, -0.9999999185220841, -0.0001262005785259701, -0.0003834439194924101, -0.00010417491164349538, 0.9983794021153927, -0.05690833488425802], "world_rotation": [-0.5881691268258451, 0.587881929063351, 0.555384475592968, -2.1274196466244186]}], "source": "manual check"}
