{"timestamp": 1721664539.783813, "objects": [{"color": "cv_", "id_name": "hand", "shape": "CVBox", "id_string": "ob383", "world_size": [0.12, 0.005, 0.12], "id": 383, "camera_size": [48, 49], "camera_position": [246, 391], "world_position": [0.3626791755648645, 0.6555330487678115, -0.1740898416734697], "world_orientation": [-4.1055755859903475e-06, -0.0015809033923061904, 0.9999987503630235, -0.0007631202331383528, -0.9999984591905747, -0.0015809060650415843, 0.9999997088152847, -0.0007631257700448408, 2.899149895138491e-06], "world_rotation": [0.0, 1.0, 0.0, 0.0]}, {"color": "CVBlue", "id_name": "object159537029517463", "shape": "CVSphere", "id_string": "ob6400", "world_size": [0.04, 0.04, 0.04], "id": 6400, "camera_size": [16, 16], "camera_position": [255, 252], "world_position": [0.7084055511506678, 0.6199698374906275, -0.150069078139188], "world_orientation": [0.9999445992924461, 0.00046135343921151325, -0.0105159640011561, -0.00045621588215963727, 0.9999997754214983, 0.0004909419739275843, 0.010516188137264787, -0.00048611722560131253, 0.9999445852031524], "world_rotation": [0.04636145122368657, 0.99797545119549, 0.043538656979649724, -0.010537604585959278]}, {"color": "CVYellow", "id_name": "object198481301113722", "shape": "CVCone", "id_string": "ob6407", "world_size": [0.04, 0.04, 0.04], "id": 6407, "camera_size": [17, 17], "camera_position": [219, 295], "world_position": [0.6000581682294016, 0.6199874431868811, -0.2450584854945225], "world_orientation": [0.9999957399480902, -2.915680770542158e-11, 0.0029189185791182386, 3.078122020692099e-11, 1.0, -5.564668310795858e-10, -0.0029189185791182386, 5.565543083775493e-10, 0.9999957399480902], "world_rotation": [1.9065642108341057e-07, 0.9999999999999817, 1.0267163383921426e-08, 0.002918922724040244]}, {"color": "CVGreen", "id_name": "object249649645814207", "shape": "CVBox", "id_string": "ob6414", "world_size": [0.04, 0.04, 0.04], "id": 6414, "camera_size": [16, 17], "camera_position": [236, 295], "world_position": [0.5999559853145446, 0.6199834195695219, -0.19995720835650407], "world_orientation": [0.999997709551267, 0.0005613144759839515, -0.0020653857457945254, -0.000561475393772901, 0.9999998393825029, -7.733272856984497e-05, 0.002065342006077423, 7.849221471810826e-05, 0.9999978640984041], "world_rotation": [-0.036378466169085445, 0.9643484323141309, 0.26212346001924874, -0.00214172117223316]}, {"color": "CVYellow", "id_name": "object5487560291563", "shape": "CVCone", "id_string": "ob6421", "world_size": [0.04, 0.04, 0.04], "id": 6421, "camera_size": [16, 17], "camera_position": [253, 300], "world_position": [0.5885199225413498, 0.6199879693931494, -0.15512618809178624], "world_orientation": [0.9999792398617235, -0.0006291887498228762, -0.0064127971343876464, 0.0006294914596856581, 0.9999998008493568, 4.518571698237338e-05, 0.006412767426930194, -4.922157994942595e-05, 0.9999794367841592], "world_rotation": [0.007325479372667147, 0.9951922329120109, -0.0976665598020464, -0.006443806983293566]}, {"color": "CVRed", "id_name": "object19123940318177", "shape": "CVBox", "id_string": "ob6428", "world_size": [0.04, 0.04, 0.04], "id": 6428, "camera_size": [16, 17], "camera_position": [271, 295], "world_position": [0.6002872317078982, 0.6199874431721493, -0.10999422491759983], "world_orientation": [0.9999998048256848, -4.969441411117817e-10, -0.0006247788349378996, 4.969980299422197e-10, 1.0, 8.609739346096349e-11, 0.0006247788349378996, -8.640789050713509e-11, 0.9999998048256848], "world_rotation": [1.3805307920297003e-07, 0.999999999999674, -7.954352128081221e-07, -0.0006247788755850334]}, {"color": "CVPurple", "id_name": "object267130162376990", "shape": "CVCylinder", "id_string": "ob6435", "world_size": [0.04, 0.04, 0.04], "id": 6435, "camera_size": [16, 17], "camera_position": [289, 295], "world_position": [0.6, 0.6199874431539305, -0.065], "world_orientation": [1.0, 2.049142105997599e-16, 5.802954297681148e-18, -2.049142105997599e-16, 1.0, 6.179952383167331e-17, -5.802954297681148e-18, -6.179952383167331e-17, 1.0], "world_rotation": [-0.28863572672225335, 0.027102796704540077, -0.9570553043948448, 2.1410905896324258e-16]}, {"color": "CVYellow", "id_name": "object122184469780029", "shape": "CVBox", "id_string": "ob6442", "world_size": [0.04, 0.04, 0.04], "id": 6442, "camera_size": [17, 16], "camera_position": [219, 277], "world_position": [0.6449156159722484, 0.6199874404503719, -0.24512397648619164], "world_orientation": [0.9999839210851089, 3.4234538886114353e-06, -0.0056707635756499675, -2.7412310072938435e-07, 0.999999845785685, 0.0005553634224952936, 0.005670764602398117, -0.0005553529383667947, 0.9999837668742119], "world_rotation": [0.09746727815435026, 0.995238677106755, 0.0003244687641383854, -0.005697924432010888]}, {"color": "CVPurple", "id_name": "object76275949562207", "shape": "CVSphere", "id_string": "ob6449", "world_size": [0.04, 0.04, 0.04], "id": 6449, "camera_size": [16, 16], "camera_position": [236, 277], "world_position": [0.6448293694608478, 0.6199760776155643, -0.19998869881986936], "world_orientation": [0.9999999511541536, -0.0001490434731143648, -0.0002747321129373108, 0.00014898996529133965, 0.999999969932577, -0.00019477380573668636, 0.0002747611344413126, 0.00019473286389481008, 0.9999999432927139], "world_rotation": [-0.5288373865108934, 0.746052880491156, -0.40464319855791053, -0.0003682669648278152]}, {"color": "CVGreen", "id_name": "object190932335937829", "shape": "CVCapsule", "id_string": "ob6456", "world_size": [0.04, 0.08, 0.04], "id": 6456, "camera_size": [17, 18], "camera_position": [254, 284], "world_position": [0.6284954450214734, 0.6399625860096709, -0.15501251571124944], "world_orientation": [0.9999764203026879, -0.0008284151858959729, -0.006817079059388914, 0.0008301973333028262, 0.9999996219495922, 0.00025859826068712403, 0.006816862255463196, -0.00026425168387442737, 0.9999767300092726], "world_rotation": [0.038040924223671106, 0.9919628639593576, -0.12067545156227133, -0.006872257585404326]}, {"color": "CVRed", "id_name": "object183927714631232", "shape": "CVBox", "id_string": "ob6463", "world_size": [0.04, 0.04, 0.04], "id": 6463, "camera_size": [16, 16], "camera_position": [271, 277], "world_position": [0.6462187827894429, 0.6199776474346222, -0.10973981128422493], "world_orientation": [0.9999967883729995, -0.0024125671440606475, 0.0007763784271660486, 0.002411079821021481, 0.9999952674008482, 0.001910986656887252, -0.0007809851364992828, -0.0019091086091517005, 0.9999978726810048], "world_rotation": [-0.6018616794818693, 0.24536494111137377, 0.7599727392773216, 0.0031735711116526876]}, {"color": "CVGreen", "id_name": "object253377621720324", "shape": "CVCapsule", "id_string": "ob6470", "world_size": [0.04, 0.08, 0.04], "id": 6470, "camera_size": [17, 17], "camera_position": [290, 278], "world_position": [0.645, 0.6399748858658902, -0.065], "world_orientation": [1.0, -8.066464163292171e-17, -3.573889421051852e-17, 8.066464163292171e-17, 1.0, -1.821459649775647e-16, 3.573889421051852e-17, 1.821459649775647e-16, 1.0], "world_rotation": [-0.8999806872227267, 0.17658538071993266, -0.3985628757700657, -2.0238874851820828e-16]}, {"color": "CVYellow", "id_name": "object250314826662905", "shape": "CVCylinder", "id_string": "ob6477", "world_size": [0.04, 0.04, 0.04], "id": 6477, "camera_size": [17, 16], "camera_position": [219, 260], "world_position": [0.6896410324863359, 0.62004532118746, -0.2450014775773463], "world_orientation": [0.9998441296257806, -0.00017959190742360741, -0.01765458013128566, 0.00024033397616113076, 0.9999940593829386, 0.003438522707763363, 0.01765385772133391, -0.0034422297393825498, 0.9998382330967226], "world_rotation": [0.19126437335035829, 0.9814691477038316, -0.011672685741040622, -0.017988513561598148]}, {"color": "CVPurple", "id_name": "object15196432489760", "shape": "CVSphere", "id_string": "ob6484", "world_size": [0.04, 0.04, 0.04], "id": 6484, "camera_size": [17, 16], "camera_position": [236, 260], "world_position": [0.6895616410724696, 0.6203481643035782, -0.20045022372240007], "world_orientation": [0.9999986620910306, -0.00021653336394280047, -0.0016213973760715171, 0.0002492296290234382, 0.999796079364079, 0.02019251279084087, 0.00161669438696645, -0.02019288987536343, 0.9997947956944668], "world_rotation": [0.9967351574687585, 0.07991798249496773, -0.011495300764348102, -0.020260229297107225]}, {"color": "CVPurple", "id_name": "object229884281232915", "shape": "CVSphere", "id_string": "ob6491", "world_size": [0.04, 0.04, 0.04], "id": 6491, "camera_size": [16, 16], "camera_position": [253, 268], "world_position": [0.6685000768111865, 0.6199705515676427, -0.15522031998196317], "world_orientation": [0.9999546857948778, 3.494877308595293e-06, -0.009519787006725986, -3.930363087137732e-06, 0.9999999989468145, -4.5726619790549926e-05, 0.009519786836890955, 4.5761963944569874e-05, 0.9999546847554759], "world_rotation": [-0.004805124385827358, 0.9999883792780266, 0.0003899853100739489, -0.009520041351347984]}, {"color": "CVYellow", "id_name": "object80062784989893", "shape": "CVCapsule", "id_string": "ob6498", "world_size": [0.04, 0.08, 0.04], "id": 6498, "camera_size": [17, 17], "camera_position": [272, 260], "world_position": [0.6899310088865197, 0.6399371071837944, -0.10991769356277464], "world_orientation": [0.9999989062916206, -0.0014748701918393036, 0.00011033349539777056, 0.0014750506913855008, 0.9999975439975403, -0.00165415366436025, -0.00010789356248614239, 0.0016543146026971954, 0.9999986258001432], "world_rotation": [0.7454905821003919, 0.049172669428873626, 0.6646998123821442, 0.00221898912045207]}, {"color": "CVRed", "id_name": "object88220868518605", "shape": "CVCylinder", "id_string": "ob6505", "world_size": [0.04, 0.04, 0.04], "id": 6505, "camera_size": [16, 15], "camera_position": [289, 260], "world_position": [0.69, 0.6199874431539305, -0.065], "world_orientation": [1.0, 4.228388472693457e-17, -1.6957377686420176e-17, -4.228388472693457e-17, 1.0, 1.0733601507606494e-16, 1.6957377686420176e-17, -1.0733601507606494e-16, 1.0], "world_rotation": [0.92051720276698, 0.14542702990328832, 0.3626279889688094, -1.1660402951017529e-16]}, {"color": "CVYellow", "id_name": "object259567117283970", "shape": "CVSphere", "id_string": "ob6512", "world_size": [0.04, 0.04, 0.04], "id": 6512, "camera_size": [17, 16], "camera_position": [219, 242], "world_position": [0.7348678525704992, 0.619987443165338, -0.2448192309460479], "world_orientation": [0.9999944870719338, 2.8659195274872866e-10, -0.0033205158846239835, -2.851039949438822e-10, 1.0, 4.4858377867459346e-10, 0.0033205158846239835, -4.4763461332051654e-10, 0.9999944870719338], "world_rotation": [1.349516796689841e-07, 0.9999999999999871, 8.608541075498311e-08, -0.0033205219865592205]}, {"color": "CVPurple", "id_name": "object97178654234609", "shape": "CVSphere", "id_string": "ob6519", "world_size": [0.04, 0.04, 0.04], "id": 6519, "camera_size": [17, 16], "camera_position": [237, 242], "world_position": [0.7347202156660773, 0.6204546267242629, -0.19845772485186333], "world_orientation": [0.9999924909441108, 0.0005729991805129722, -0.0038327180084046933, -0.0004688633993722439, 0.9996321797502621, 0.027116146017686752, 0.0038468457865564725, -0.027114145379836547, 0.9996249421146991], "world_rotation": [0.9899425150917067, 0.1401859828165752, 0.019018597100118263, -0.02739405262159835]}, {"color": "CVBlue", "id_name": "object153365577801111", "shape": "CVCone", "id_string": "ob6526", "world_size": [0.04, 0.04, 0.04], "id": 6526, "camera_size": [16, 17], "camera_position": [254, 237], "world_position": [0.7484129896950732, 0.6199622271256713, -0.1543469854946306], "world_orientation": [0.9999429759259635, 0.0007640455079581245, -0.010651813497702854, -0.0007683050797830489, 0.9999996265226256, -0.00039580539912695403, 0.010651507106154288, 0.0004039666711097545, 0.9999431894899311], "world_rotation": [-0.03741916205816829, 0.9967244865364113, 0.07169452035958906, -0.010686868037613076]}, {"color": "CVRed", "id_name": "object266510077118871", "shape": "CVBox", "id_string": "ob6533", "world_size": [0.04, 0.04, 0.04], "id": 6533, "camera_size": [16, 17], "camera_position": [271, 242], "world_position": [0.7355753252910712, 0.6199771210610787, -0.10965193159054547], "world_orientation": [0.9999774174150357, 0.00016398083898658492, -0.006718464872271809, -0.0001637595752149589, 0.999999986030819, 3.3483779367085474e-05, 0.0067184702691185875, -3.238281026321144e-05, 0.9999774302996027], "world_rotation": [0.004900389436376482, 0.999690668573159, 0.024383464707092628, -0.0067205970376923545]}, {"color": "CVYellow", "id_name": "object410137993775", "shape": "CVCone", "id_string": "ob6540", "world_size": [0.04, 0.04, 0.04], "id": 6540, "camera_size": [16, 16], "camera_position": [289, 242], "world_position": [0.7349755445759432, 0.6199874431854377, -0.0649994491653087], "world_orientation": [0.9999999974780879, -4.152822249633593e-10, 7.101988873887917e-05, 4.1530760947267095e-10, 1.0, -3.574134224863253e-10, -7.101988873887903e-05, 3.574429166856922e-10, 0.9999999974780879], "world_rotation": [5.032789770898371e-06, 0.9999999999702384, 5.8475861421380465e-06, 7.101988880069472e-05]}, {"color": "CVYellow", "id_name": "object105562039701625", "shape": "CVBox", "id_string": "ob6547", "world_size": [0.04, 0.04, 0.04], "id": 6547, "camera_size": [17, 16], "camera_position": [219, 224], "world_position": [0.78, 0.6199874431539305, -0.245], "world_orientation": [1.0, -2.2442984970449937e-16, -1.4488340486922525e-17, 2.2442984970449937e-16, 1.0, -5.952269926945416e-16, 1.4488340486922525e-17, 5.952269926945416e-16, 1.0], "world_rotation": [-0.9354546928465729, 0.022769777356192403, -0.3527124251716587, -6.362969764823948e-16]}, {"color": "CVGreen", "id_name": "object173332636249701", "shape": "CVCone", "id_string": "ob6554", "world_size": [0.04, 0.04, 0.04], "id": 6554, "camera_size": [16, 16], "camera_position": [236, 224], "world_position": [0.78, 0.6199874431539305, -0.2], "world_orientation": [1.0, 1.7889335846010863e-16, -4.367536594091608e-17, -1.7889335846010863e-16, 1.0, -6.570265165262153e-16, 4.367536594091608e-17, 6.570265165262153e-16, 1.0], "world_rotation": [-0.9628953949226872, 0.06400778001840857, 0.26217448871657395, -6.823446451096272e-16]}, {"color": "CVGreen", "id_name": "object255359435285691", "shape": "CVCylinder", "id_string": "ob6561", "world_size": [0.04, 0.04, 0.04], "id": 6561, "camera_size": [16, 17], "camera_position": [255, 221], "world_position": [0.7888311223779458, 0.6199874505382316, -0.15183337398129063], "world_orientation": [0.9993478617134344, 0.0005950991570326783, -0.036103976869312104, -0.000595461929837409, 0.9999998227122812, 7.047759372453294e-07, 0.03610397088793196, 2.0794227415532404e-05, 0.999348038900224], "world_rotation": [-0.0002781788043783165, 0.9998640627611, 0.016485709430285985, -0.03611673379735432]}, {"color": "CVYellow", "id_name": "object142482190696891", "shape": "CVSphere", "id_string": "ob6568", "world_size": [0.04, 0.04, 0.04], "id": 6568, "camera_size": [16, 16], "camera_position": [271, 224], "world_position": [0.780000002486632, 0.6199874431544456, -0.10999999852705306], "world_orientation": [0.999999999999983, 1.892282626575281e-11, -1.8430253791760278e-07, -1.8922842505721696e-11, 1.0, -8.8101833641623e-11, 1.8430253791760114e-07, 8.81018371297029e-11, 0.999999999999983], "world_rotation": [-0.0004780282781269114, 0.9999998804736379, 0.00010267266168857493, -1.8430255994661752e-07]}, {"color": "CVYellow", "id_name": "object195480881282081", "shape": "CVSphere", "id_string": "ob6575", "world_size": [0.04, 0.04, 0.04], "id": 6575, "camera_size": [16, 16], "camera_position": [289, 224], "world_position": [0.7801551305270501, 0.6199874431860632, -0.06498263648509069], "world_orientation": [0.9999996316414898, 4.558699209427554e-10, 0.000858322133456469, -4.5553863202226785e-10, 1.0, -3.8616821014626033e-10, -0.0008583221334564692, 3.857770690073886e-10, 0.9999996316414898], "world_rotation": [4.4968272928302175e-07, 0.999999999999758, -5.309245313845946e-07, 0.0008583222388467798]}, {"color": "CVRed", "id_name": "object159018146813259", "shape": "CVCylinder", "id_string": "ob6582", "world_size": [0.04, 0.04, 0.04], "id": 6582, "camera_size": [17, 16], "camera_position": [234, 280], "world_position": [0.6394515946661189, 0.6599679546721808, -0.2050626681775561], "world_orientation": [0.9999999981679484, 3.9294835038661326e-05, -4.6043666879565356e-05, -3.9298702748925365e-05, 0.9999999956995519, -8.400302453110313e-05, 4.604036579658763e-05, 8.400483383357118e-05, 0.9999999954117363], "world_rotation": [-0.8113098406650178, 0.4446737349399507, 0.3795281437451744, -0.00010354111970782726]}, {"color": "CVYellow", "id_name": "object96513491907262", "shape": "CVBox", "id_string": "ob6589", "world_size": [0.04, 0.04, 0.04], "id": 6589, "camera_size": [17, 17], "camera_position": [252, 287], "world_position": [0.6251343995665969, 0.6999455589487715, -0.16008889112892735], "world_orientation": [0.9999882463207221, -0.0008909932462899875, -0.004765852645874987, 0.0008927388244141986, 0.9999995352049031, 0.0003641529473599341, 0.004765525972913331, -0.00036840332891140056, 0.9999885769553514], "world_rotation": [0.07533114916275957, 0.9801427244788676, -0.18342698170378505, -0.004862259310284877]}, {"color": "CVRed", "id_name": "object58544950252670", "shape": "CVCapsule", "id_string": "ob6596", "world_size": [0.04, 0.08, 0.04], "id": 6596, "camera_size": [18, 22], "camera_position": [270, 282], "world_position": [0.635563127788381, 0.6819137450592317, -0.11483788185026228], "world_orientation": [0.9870678236361855, -0.16023586142052257, 0.004645455515585001, 0.1602163799134599, 0.9870725418332184, 0.004302181578605291, -0.00527476535497695, -0.00350226694192557, 0.9999799552874636], "world_rotation": [-0.024335611847221158, 0.030932953675024934, 0.999225165001843, 0.16104560157875522]}, {"color": "CVBlue", "id_name": "object69736937221966", "shape": "CVCone", "id_string": "ob6603", "world_size": [0.04, 0.04, 0.04], "id": 6603, "camera_size": [18, 17], "camera_position": [233, 262], "world_position": [0.6845056122049653, 0.6609977199801407, -0.2052137658933593], "world_orientation": [0.9987678815794302, -0.00018597704891768017, 0.04962543841493609, -0.003096193137777158, 0.9978112599598349, 0.06605378933430239, -0.049529105719676794, -0.06612605318559467, 0.9965812625053238], "world_rotation": [-0.7998188378306408, 0.5999831044089431, -0.017609686966280347, 0.0827254365585463]}, {"color": "CVGreen", "id_name": "object228420135459651", "shape": "CVSphere", "id_string": "ob6610", "world_size": [0.04, 0.04, 0.04], "id": 6610, "camera_size": [17, 17], "camera_position": [251, 262], "world_position": [0.6851297969393005, 0.6606056494817397, -0.1618061169726131], "world_orientation": [0.9999073876969037, 0.013519526840393604, -0.0015615451212910069, -0.013429894760482461, 0.9987761690441027, 0.04760044197597922, 0.0022031695069414177, -0.047575062202776755, 0.9988652359054877], "world_rotation": [0.961475614863253, 0.03803164840783054, 0.27224664505318125, -0.04951472729068676]}, {"color": "CVBlue", "id_name": "object196542061063257", "shape": "CVSphere", "id_string": "ob6617", "world_size": [0.04, 0.04, 0.04], "id": 6617, "camera_size": [17, 17], "camera_position": [271, 262], "world_position": [0.6847748426564905, 0.6998956700736109, -0.11476937610777016], "world_orientation": [0.9999924525898286, -0.0029503117695297084, -0.0025279287652157194, 0.002946737069585663, 0.9999946549185013, -0.0014166421814578527, 0.002532094789331611, 0.0014091823480765157, 0.9999958013417295], "world_rotation": [-0.3417672789712509, 0.6119808444203135, -0.7132142546859163, -0.004134147346550662]}, {"color": "CVRed", "id_name": "object186518169954625", "shape": "CVCapsule", "id_string": "ob6624", "world_size": [0.04, 0.08, 0.04], "id": 6624, "camera_size": [21, 17], "camera_position": [232, 244], "world_position": [0.7298126250767982, 0.6812991220138725, -0.20770100772674943], "world_orientation": [0.9999941738413894, 0.0010534680425219232, -0.0032469198266164086, -0.000701132559411304, 0.9942948772814192, 0.10666398372956916, 0.0033407628486953477, -0.10666108576707369, 0.9942898229825033], "world_rotation": [0.9994897486074111, 0.030865201715808487, 0.008220812109287755, -0.10692059041556558]}, {"color": "CVPurple", "id_name": "object264236999322030", "shape": "CVCapsule", "id_string": "ob6631", "world_size": [0.04, 0.08, 0.04], "id": 6631, "camera_size": [17, 17], "camera_position": [252, 241], "world_position": [0.7368026136318584, 0.679948418624452, -0.1587532975259538], "world_orientation": [0.9999665763805097, 0.0008511441785598645, 0.008131523561418596, -0.0008481208592993226, 0.9999995699416098, -0.0003752433925427518, -0.00813183945061777, 0.00036833433580005595, 0.9999668682096254], "world_rotation": [0.045426545866627165, 0.9935590828660186, -0.1038112603962756, 0.008184487899662472]}, {"color": "CVBlue", "id_name": "object102271870212984", "shape": "CVCone", "id_string": "ob6638", "world_size": [0.04, 0.04, 0.04], "id": 6638, "camera_size": [17, 16], "camera_position": [270, 243], "world_position": [0.7301572403870153, 0.6599676830431189, -0.11480881968480389], "world_orientation": [0.999996648487781, 0.00019352229771740957, -0.0025817750338794055, -0.00019351955551120208, 0.9999999812742301, 1.3119522281699225e-06, 0.0025817752394256895, -8.123238741517638e-07, 0.9999966672124229], "world_rotation": [0.00041024745325578835, 0.9972024573766347, 0.07474684407403531, -0.002589020917309496]}, {"color": "CVRed", "id_name": "object61450053316882", "shape": "CVSphere", "id_string": "ob6645", "world_size": [0.04, 0.04, 0.04], "id": 6645, "camera_size": [18, 24], "camera_position": [248, 261], "world_position": [0.6870592319546953, 0.7078663442302398, -0.1681926328507038], "world_orientation": [0.8404663370880358, 0.5397160629699077, -0.0481965516824903, -0.5375448113958637, 0.8416704240371339, 0.051346597185563767, 0.06827819537162347, -0.01724728017439037, 0.9975172276023009], "world_rotation": [0.06317892049349962, 0.10727996530968012, 0.9922194480297339, -0.5738318793873866]}, {"color": "CVPurple", "id_name": "object188280606852286", "shape": "CVCapsule", "id_string": "ob6652", "world_size": [0.04, 0.08, 0.04], "id": 6652, "camera_size": [19, 19], "camera_position": [265, 269], "world_position": [0.67040173696385, 0.759832351816129, -0.1295030219338499], "world_orientation": [0.998992230525538, -0.004161536156880656, -0.044690099199100324, 0.004166293928485416, 0.9999913208710896, 1.3318974033043116e-05, 0.04468965590057634, -0.00019949764053420364, 0.9990008983260122], "world_rotation": [0.002370763116290773, 0.9956846046268581, -0.09277148048459319, -0.04489865148618806]}, {"color": "CVYellow", "id_name": "object46215502968174", "shape": "CVBox", "id_string": "ob6659", "world_size": [0.04, 0.04, 0.04], "id": 6659, "camera_size": [17, 19], "camera_position": [247, 246], "world_position": [0.722738114543086, 0.741045923144291, -0.17107668881360463], "world_orientation": [0.997819648119661, 0.05688764919999416, 0.03346259396482539, -0.05689168870048629, 0.9983800094308286, -0.0008321812936742352, -0.03345572571568771, -0.0010733766333318425, 0.9994396241291615], "world_rotation": [-0.0018272448979559435, 0.5069590415369608, -0.861968207870806, 0.06604773953524712]}, {"color": "CVGreen", "id_name": "object184304027665706", "shape": "CVCone", "id_string": "ob6666", "world_size": [0.04, 0.04, 0.04], "id": 6666, "camera_size": [23, 21], "camera_position": [321, 233], "world_position": [0.758201597403234, 0.6199874431447099, 0.015777060611038625], "world_orientation": [-0.9252069146091252, -3.851448713128389e-10, -0.37946299577094866, -5.00829947669729e-10, 1.0, 2.0615042885957685e-10, 0.37946299577094866, 3.8077823454508003e-10, -0.9252069146091252], "world_rotation": [-2.30098596742898e-10, 1.0, 1.5243261878784102e-10, -2.752376841527252]}], "source": "manual check"}
