{"timestamp": 1721665018.67393, "objects": [{"color": "cv_", "id_name": "hand", "shape": "CVBox", "id_string": "ob383", "world_size": [0.12, 0.005, 0.12], "id": 383, "camera_size": [48, 49], "camera_position": [246, 391], "world_position": [0.3627226642369222, 0.6554853052373535, -0.17408986570359067], "world_orientation": [-4.072224940222835e-06, -0.0015809129377779363, 0.9999987503480692, -0.0007631201626132828, -0.9999984591755782, -0.0015809155850595696, 0.9999997088154748, -0.0007631256468228942, 2.865792127848265e-06], "world_rotation": [0.0, 1.0, 0.0, 0.0]}, {"color": "CVPurple", "id_name": "object220400877655199", "shape": "CVBox", "id_string": "ob11041", "world_size": [0.04, 0.04, 0.04], "id": 11041, "camera_size": [17, 17], "camera_position": [256, 249], "world_position": [0.7180201091077162, 0.6199815371646092, -0.14972340943148316], "world_orientation": [0.9995886345615644, 0.00030603366003769555, -0.028678702877679343, -0.0003003512913475312, 0.999999934402258, 0.00020244649070988086, 0.0286787629518617, -0.00019374952577698768, 0.999588660908412], "world_rotation": [0.006906937425109786, 0.9999202689122524, 0.010571188857182303, -0.028684953312007863]}, {"color": "CVYellow", "id_name": "object103685156320113", "shape": "CVCone", "id_string": "ob11048", "world_size": [0.04, 0.04, 0.04], "id": 11048, "camera_size": [17, 17], "camera_position": [219, 295], "world_position": [0.5999999977876007, 0.6199874431539305, -0.24500000000244324], "world_orientation": [0.9999999999999987, -2.0642602128354755e-11, -5.523829640542626e-08, 2.0642602129673058e-11, 1.0, 2.3424767819261793e-14, 5.523829640542626e-08, -2.3425929514920328e-14, 0.9999999999999987], "world_rotation": [4.240780139100227e-07, 0.999999930173729, -0.0003737008928752947, -5.52383002625108e-08]}, {"color": "CVRed", "id_name": "object88644704111813", "shape": "CVCylinder", "id_string": "ob11055", "world_size": [0.04, 0.04, 0.04], "id": 11055, "camera_size": [16, 17], "camera_position": [236, 295], "world_position": [0.599999411453005, 0.6199816854668685, -0.1999936669482022], "world_orientation": [0.9999999996769522, 1.1006325077208888e-05, -2.2911928303368912e-05, -1.1013177420361949e-05, 0.9999999552105833, -0.00029909453583385544, 2.2908635345466218e-05, 0.00029909478807036506, 0.9999999550087503], "world_rotation": [-0.9964082610515729, 0.07632364256813277, 0.036678043749805087, -0.00030017280881237046]}, {"color": "CVGreen", "id_name": "object201812264507932", "shape": "CVSphere", "id_string": "ob11062", "world_size": [0.04, 0.04, 0.04], "id": 11062, "camera_size": [16, 17], "camera_position": [253, 297], "world_position": [0.5961684618778607, 0.619979990447807, -0.15639869648058044], "world_orientation": [0.9994630961145653, 2.3493366983815024e-05, -0.03276459908421317, -2.1170603913614702e-05, 0.9999999972383786, 7.123937573047383e-05, 0.03276460066738254, -7.050748068324787e-05, 0.9994630938517952], "world_rotation": [0.002163104271185302, 0.9999974282061739, 0.0006815870817927622, -0.032770549255613846]}, {"color": "CVRed", "id_name": "object262394089844805", "shape": "CVBox", "id_string": "ob11069", "world_size": [0.04, 0.04, 0.04], "id": 11069, "camera_size": [17, 17], "camera_position": [272, 295], "world_position": [0.600083124150101, 0.6199800039042734, -0.10964569242099777], "world_orientation": [0.9995850972510042, 0.00024686057760128457, 0.028802298754712873, -0.00024551546923184806, 0.9999999685991557, -5.023785334753631e-05, -0.02880231025204187, 4.3145599630359425e-05, 0.9995851264712787], "world_rotation": [0.0016210494400977033, 0.9999621581732506, -0.008547187853776402, 0.028807378683991514]}, {"color": "CVBlue", "id_name": "object199182806941231", "shape": "CVSphere", "id_string": "ob11076", "world_size": [0.04, 0.04, 0.04], "id": 11076, "camera_size": [16, 17], "camera_position": [289, 295], "world_position": [0.6000012138644143, 0.6199815057882724, -0.06500108345670606], "world_orientation": [0.9999999949986524, 0.00010000448348567775, -1.3410391873900929e-06, -0.00010000435149106831, 0.9999999901908418, 9.806857810333815e-05, 1.3508464717250578e-06, -9.806844350310896e-05, 0.999999995190378], "world_rotation": [0.7001299617804876, 0.009608944747898545, 0.7139507719710687, -0.00014007186733519221]}, {"color": "CVYellow", "id_name": "object102501127694276", "shape": "CVBox", "id_string": "ob11083", "world_size": [0.04, 0.04, 0.04], "id": 11083, "camera_size": [17, 16], "camera_position": [219, 277], "world_position": [0.6448176216731603, 0.6199833743160639, -0.24518254060916295], "world_orientation": [0.9999577760241151, 2.6915522029221976e-06, -0.009189459269272416, -3.7941819133004815e-06, 0.9999999927962698, -0.00011997109862691194, 0.009189458880165556, 0.00012000089945028909, 0.9999577688309012], "world_rotation": [-0.013055802753028353, 0.9999147071147884, 0.00035285977534240813, -0.009190372310824282]}, {"color": "CVPurple", "id_name": "object270389929133922", "shape": "CVSphere", "id_string": "ob11090", "world_size": [0.04, 0.04, 0.04], "id": 11090, "camera_size": [16, 17], "camera_position": [236, 277], "world_position": [0.6466613825290187, 0.6199737242357383, -0.19875458683830508], "world_orientation": [0.9999633041297951, -0.00021069165202141862, 0.00856422809429643, 0.00021269733938033436, 0.9999999501693339, -0.00023328345787409355, -0.008564178516658109, 0.00023509648586410753, 0.9999632991145112], "world_rotation": [0.027326655002569925, 0.9993213083925598, 0.02470175133371774, 0.008570124613917048]}, {"color": "CVYellow", "id_name": "object146230923412604", "shape": "CVBox", "id_string": "ob11097", "world_size": [0.04, 0.04, 0.04], "id": 11097, "camera_size": [17, 18], "camera_position": [254, 280], "world_position": [0.6372177951341061, 0.619981261775176, -0.1547371364681732], "world_orientation": [0.9961074819485216, -0.00027243496397707205, -0.08814652679128204, 0.00028665902813943786, 0.9999999478559962, 0.000148709806316045, 0.0881464816812185, -0.00017339894841438363, 0.9961075081034313], "world_rotation": [0.0018271093110488398, 0.999993302021509, -0.003171369370579363, -0.08826164478695218]}, {"color": "CVGreen", "id_name": "object36570653464440", "shape": "CVSphere", "id_string": "ob11104", "world_size": [0.04, 0.04, 0.04], "id": 11104, "camera_size": [17, 17], "camera_position": [272, 278], "world_position": [0.6444857437705407, 0.6199805416400332, -0.11008845876998478], "world_orientation": [0.9978842395747499, -4.413779997056302e-05, -0.06501570933380402, 3.802478799448398e-05, 0.9999999947397263, -9.526102458900757e-05, 0.06501571319641562, 9.258726651938442e-05, 0.9978842360039364], "world_rotation": [-0.0014446358729003005, 0.999998756885256, -0.0006318663922055281, -0.0650616836368377]}, {"color": "CVYellow", "id_name": "object74532036903675", "shape": "CVCapsule", "id_string": "ob11111", "world_size": [0.04, 0.08, 0.04], "id": 11111, "camera_size": [18, 17], "camera_position": [290, 278], "world_position": [0.6455838697664067, 0.6399890797592351, -0.06433493687955029], "world_orientation": [0.9995531929539995, -0.0003317498257060839, -0.029888198298289204, 0.0002830583129519277, 0.9999986260415757, -0.0016333379785940059, 0.029888699092737073, 0.0016241480886891831, 0.9995519135140156], "world_rotation": [-0.05441046158320548, 0.9984658450957838, -0.010269267133778862, -0.029938844996003272]}, {"color": "CVPurple", "id_name": "object266741802155095", "shape": "CVSphere", "id_string": "ob11118", "world_size": [0.04, 0.04, 0.04], "id": 11118, "camera_size": [17, 17], "camera_position": [219, 260], "world_position": [0.6899770875296419, 0.6199847190206952, -0.2434609218417028], "world_orientation": [0.9996076443621547, -5.950042562513547e-06, -0.02800994997035099, -3.912404539673534e-06, 0.9999999380226329, -0.00035205031390200657, 0.028009950329082395, 0.0003520217712319619, 0.9996075823858256], "world_rotation": [-0.01256725698481414, 0.9999210282462598, -3.637059502250615e-05, -0.028015827049856064]}, {"color": "CVPurple", "id_name": "object122823525821591", "shape": "CVCone", "id_string": "ob11125", "world_size": [0.04, 0.04, 0.04], "id": 11125, "camera_size": [17, 16], "camera_position": [235, 260], "world_position": [0.6886118777545193, 0.6199715288046052, -0.20234503247380675], "world_orientation": [0.9978697275173473, 0.0002586248132910795, -0.06523756600043709, -0.0002439350336565863, 0.9999999430709796, 0.00023313887892272922, 0.0652376225820254, -0.00021672850172633297, 0.9978697337972537], "world_rotation": [0.0034478690889829865, 0.9999866381591053, 0.003851714163304918, -0.06528483129541729]}, {"color": "CVYellow", "id_name": "object139580072603037", "shape": "CVBox", "id_string": "ob11132", "world_size": [0.04, 0.04, 0.04], "id": 11132, "camera_size": [17, 17], "camera_position": [256, 265], "world_position": [0.6771208712273178, 0.6199627702371673, -0.1494987851499108], "world_orientation": [0.9970350892498913, -0.0006899730011289122, -0.07694514111832812, 0.0007009431060750297, 0.9999997476618947, 0.00011556344134201207, 0.07694504196648257, -0.00016915497226531996, 0.9970353212917643], "world_rotation": [0.001850061464308089, 0.9999574451590476, -0.009037983379509687, -0.07702450498009407]}, {"color": "CVPurple", "id_name": "object164825905309445", "shape": "CVCone", "id_string": "ob11139", "world_size": [0.04, 0.04, 0.04], "id": 11139, "camera_size": [18, 17], "camera_position": [274, 261], "world_position": [0.6879050437191041, 0.6199746180002216, -0.10229628711732427], "world_orientation": [0.9951134313955163, -0.0045471006608463465, 0.09863357710141639, 0.004267026876157699, 0.9999862439702131, 0.003050303588753367, -0.09864609033245596, -0.002614525946619101, 0.9951191451862413], "world_rotation": [-0.028674303391547182, 0.9985926322512795, 0.044615458514627074, 0.09894019650562834]}, {"color": "CVBlue", "id_name": "object119105481954934", "shape": "CVBox", "id_string": "ob11146", "world_size": [0.04, 0.04, 0.04], "id": 11146, "camera_size": [18, 17], "camera_position": [290, 260], "world_position": [0.6899872348274093, 0.6199874431825371, -0.062108043201958875], "world_orientation": [0.9954979913861814, -2.3402446094805315e-10, 0.0947826415863066, 1.7831595989620156e-10, 1.0, 5.962197306753498e-10, -0.0947826415863066, -5.766342865961611e-10, 0.9954979913861814], "world_rotation": [-6.1870717973371765e-09, 1.0, 2.1751895386286965e-09, 0.09492513564610078]}, {"color": "CVRed", "id_name": "object203276190098896", "shape": "CVCylinder", "id_string": "ob11153", "world_size": [0.04, 0.04, 0.04], "id": 11153, "camera_size": [17, 16], "camera_position": [219, 241], "world_position": [0.7357456096463285, 0.6199874431549272, -0.24392132146438913], "world_orientation": [0.9999576263063911, -2.9362945450405e-10, 0.009205736890020935, 2.9298311673668764e-10, 1.0, 7.155891506055415e-11, -0.009205736890020935, -6.885875735911273e-11, 0.9999576263063911], "world_rotation": [-7.626639458481608e-09, 0.9999999999999997, 3.1861250123095986e-08, 0.009205866919249675]}, {"color": "CVBlue", "id_name": "object260193339954329", "shape": "CVCylinder", "id_string": "ob11160", "world_size": [0.04, 0.04, 0.04], "id": 11160, "camera_size": [16, 16], "camera_position": [236, 243], "world_position": [0.7314806107748862, 0.6199623294927139, -0.19924299555375455], "world_orientation": [0.9994016854167203, -0.00010082646065041966, 0.034587006523313764, 0.0001000347930746435, 0.999999994693457, 2.461963037171509e-05, -0.03458700882208652, -2.1144996047197385e-05, 0.9994016901995063], "world_rotation": [-0.0006615840246272299, 0.9999955654160718, 0.0029036967419924656, 0.0345940607076332]}, {"color": "CVRed", "id_name": "object99148566692400", "shape": "CVSphere", "id_string": "ob11167", "world_size": [0.04, 0.04, 0.04], "id": 11167, "camera_size": [16, 17], "camera_position": [254, 233], "world_position": [0.7586169943303653, 0.6199697738435437, -0.15431985903713008], "world_orientation": [0.999986070173656, 0.0004230362010829462, 0.0052612259997576296, -0.0004246849886782232, 0.9999998610645966, 0.0003122714329162566, -0.005261093166666386, -0.0003145014467335624, 0.9999861108973123], "world_rotation": [-0.05926928949933158, 0.9950181335663195, -0.08016274194688197, 0.0052875258460096065]}, {"color": "CVYellow", "id_name": "object56004373021632", "shape": "CVSphere", "id_string": "ob11174", "world_size": [0.04, 0.04, 0.04], "id": 11174, "camera_size": [17, 16], "camera_position": [273, 242], "world_position": [0.7353973169934169, 0.6199523854106511, -0.10672829258527032], "world_orientation": [0.9999965004885871, 0.0013360068820703719, 0.002283439552570972, -0.0013368363879336024, 0.99999904099043, 0.00036178265874471725, -0.002282954018608687, -0.00036483397776572516, 0.9999973275049878], "world_rotation": [-0.13605046276775237, 0.8550037630878738, -0.5004586263481283, 0.002670397017825181]}, {"color": "CVYellow", "id_name": "object17381196686765", "shape": "CVBox", "id_string": "ob11181", "world_size": [0.04, 0.04, 0.04], "id": 11181, "camera_size": [16, 16], "camera_position": [289, 242], "world_position": [0.7350001869748625, 0.6199866534208236, -0.0650197286633874], "world_orientation": [0.9999999999045115, -5.825667299429259e-06, -1.2531519852068928e-05, 5.8266897464601e-06, 0.9999999966544354, 8.159153698751579e-05, 1.253104448499541e-05, -8.159160999700289e-05, 0.9999999965928911], "world_rotation": [0.9859577107856303, 0.15142880264794653, -0.07040390806602, -8.275362390580725e-05]}, {"color": "CVRed", "id_name": "object174667421378356", "shape": "CVCylinder", "id_string": "ob11188", "world_size": [0.04, 0.04, 0.04], "id": 11188, "camera_size": [17, 16], "camera_position": [219, 224], "world_position": [0.78, 0.6199874431539305, -0.245], "world_orientation": [1.0, -2.2442984970449937e-16, -1.4488340486922525e-17, 2.2442984970449937e-16, 1.0, -5.952269926945416e-16, 1.4488340486922525e-17, 5.952269926945416e-16, 1.0], "world_rotation": [-0.9354546928465729, 0.022769777356192403, -0.3527124251716587, -6.362969764823948e-16]}, {"color": "CVBlue", "id_name": "object220773775442152", "shape": "CVSphere", "id_string": "ob11195", "world_size": [0.04, 0.04, 0.04], "id": 11195, "camera_size": [16, 16], "camera_position": [236, 224], "world_position": [0.78, 0.6199874431539305, -0.2], "world_orientation": [1.0, 1.7889335846010863e-16, -4.367536594091608e-17, -1.7889335846010863e-16, 1.0, -6.570265165262153e-16, 4.367536594091608e-17, 6.570265165262153e-16, 1.0], "world_rotation": [-0.9628953949226872, 0.06400778001840857, 0.26217448871657395, -6.823446451096272e-16]}, {"color": "CVRed", "id_name": "object267820833725803", "shape": "CVCylinder", "id_string": "ob11202", "world_size": [0.04, 0.04, 0.04], "id": 11202, "camera_size": [16, 17], "camera_position": [254, 217], "world_position": [0.7986139747090072, 0.6199874495080001, -0.15492328259473165], "world_orientation": [0.9999801278976426, 0.0004838391198147297, 0.00628567494550818, -0.00048384482870344683, 0.9999998829468967, -6.124227559693468e-07, -0.006285674506064508, -2.4288807314508166e-06, 0.9999802449499212], "world_rotation": [-0.00014406570425399618, 0.9970504887039067, -0.07674830434852582, 0.006304310999148091]}, {"color": "CVBlue", "id_name": "object150134091066078", "shape": "CVBox", "id_string": "ob11209", "world_size": [0.04, 0.04, 0.04], "id": 11209, "camera_size": [16, 16], "camera_position": [271, 224], "world_position": [0.78, 0.6199874431539305, -0.11], "world_orientation": [1.0, 4.228388472693457e-17, -1.6957377686420176e-17, -4.228388472693457e-17, 1.0, 1.0733601507606494e-16, 1.6957377686420176e-17, -1.0733601507606494e-16, 1.0], "world_rotation": [0.92051720276698, 0.14542702990328832, 0.3626279889688094, -1.1660402951017529e-16]}, {"color": "CVBlue", "id_name": "object62530862172760", "shape": "CVSphere", "id_string": "ob11216", "world_size": [0.04, 0.04, 0.04], "id": 11216, "camera_size": [16, 16], "camera_position": [289, 224], "world_position": [0.78, 0.6199874431539305, -0.065], "world_orientation": [1.0, 4.228388472693457e-17, -1.6957377686420176e-17, -4.228388472693457e-17, 1.0, 1.0733601507606494e-16, 1.6957377686420176e-17, -1.0733601507606494e-16, 1.0], "world_rotation": [0.92051720276698, 0.14542702990328832, 0.3626279889688094, -1.1660402951017529e-16]}, {"color": "CVYellow", "id_name": "object131455073602950", "shape": "CVCone", "id_string": "ob11223", "world_size": [0.04, 0.04, 0.04], "id": 11223, "camera_size": [17, 17], "camera_position": [234, 280], "world_position": [0.6408894866733795, 0.6599669186184984, -0.2047535127616686], "world_orientation": [0.9993286871063364, -5.303247073737377e-05, -0.03663566996634806, 3.64402427037972e-05, 0.9999998964751015, -0.000453565756090577, 0.036635690227356736, 0.0004519262588451992, 0.9993285855834515], "world_rotation": [-0.012357109263139637, 0.9999229025080792, -0.0012210202606154962, -0.03664670692220238]}, {"color": "CVBlue", "id_name": "object31967690935965", "shape": "CVCone", "id_string": "ob11230", "world_size": [0.04, 0.04, 0.04], "id": 11230, "camera_size": [17, 18], "camera_position": [250, 281], "world_position": [0.6364184776562988, 0.6599736379963757, -0.1646461264249239], "world_orientation": [0.9992846433457779, -7.920787925324403e-05, -0.037817922991798286, 8.267989494372515e-05, 0.9999999925099561, 9.024479402195618e-05, 0.03781791556044163, -9.330701870799557e-05, 0.9992846424099912], "world_rotation": [0.002426770897492613, 0.9999947648355424, -0.0021403468221752584, -0.037827137708438575]}, {"color": "CVBlue", "id_name": "object244636125366819", "shape": "CVCapsule", "id_string": "ob11237", "world_size": [0.04, 0.08, 0.04], "id": 11237, "camera_size": [24, 25], "camera_position": [273, 290], "world_position": [0.6170495605645326, 0.6799712986312004, -0.10808534270737478], "world_orientation": [0.7328789778885518, 5.590771995861565e-05, -0.6803590233423517, -6.430299487101995e-05, 0.9999999978492669, 1.29070187663381e-05, 0.6803590226006829, 3.428984006737315e-05, 0.7328789799073585], "world_rotation": [-1.571436586639346e-05, 0.9999999959742345, 8.83435879344015e-05, -0.7482524073704926]}, {"color": "CVBlue", "id_name": "object70982338151375", "shape": "CVCapsule", "id_string": "ob11244", "world_size": [0.04, 0.08, 0.04], "id": 11244, "camera_size": [20, 19], "camera_position": [234, 263], "world_position": [0.683163877582123, 0.6799626928484226, -0.20266388384324438], "world_orientation": [0.9872083776955841, 0.0005645955763531285, -0.15943431324369345, -0.0005603586451025621, 0.9999998404406314, 7.153251439536102e-05, 0.1594343281913963, 1.872289826336282e-05, 0.9872085365532509], "world_rotation": [0.00016561455063941798, 0.9999937631108075, 0.0035279330077048793, -0.16011862476543043]}, {"color": "CVPurple", "id_name": "object101226140904036", "shape": "CVCapsule", "id_string": "ob11251", "world_size": [0.04, 0.08, 0.04], "id": 11251, "camera_size": [18, 31], "camera_position": [251, 266], "world_position": [0.6765108491318295, 0.6846308887126679, -0.16026119136551495], "world_orientation": [0.8966429523315046, -0.4420113988131153, -0.02563863010218041, 0.44216311161761707, 0.8969346162043448, 0.00027745088131859476, 0.022873538398550785, -0.011585230840945674, 0.9996712377914512], "world_rotation": [0.013395323323019109, 0.054779871649801054, -0.9984085992093132, -0.4587100941766315]}, {"color": "CVGreen", "id_name": "object82173744717381", "shape": "CVCapsule", "id_string": "ob11258", "world_size": [0.04, 0.08, 0.04], "id": 11258, "camera_size": [18, 19], "camera_position": [275, 263], "world_position": [0.6838095291710814, 0.680615319591841, -0.10292599713828669], "world_orientation": [0.9980561106470259, -0.04640879805575246, -0.04159595488929597, 0.04634289525408456, 0.9989223418809895, -0.0025477343795104745, 0.04166936596110993, 0.0006151048853477101, 0.9991312654433246], "world_rotation": [-0.02536692800468915, 0.6678130699741059, -0.7438966477511274, -0.06238224005631194]}, {"color": "CVBlue", "id_name": "object12520614333864", "shape": "CVCapsule", "id_string": "ob11265", "world_size": [0.04, 0.08, 0.04], "id": 11265, "camera_size": [18, 17], "camera_position": [235, 244], "world_position": [0.7298776910296741, 0.6799446203406142, -0.1995781510256742], "world_orientation": [0.9999621071223892, -0.0003272154015124963, -0.008699267177901584, 0.0003274375755966329, 0.9999999461015453, 2.4115154101356403e-05, 0.008699258818174694, -2.6962707262971178e-05, 0.9999621603685945], "world_rotation": [0.00293366934872951, 0.9992885579858986, -0.03760015242809015, -0.008705566386369186]}, {"color": "CVRed", "id_name": "object245063396099378", "shape": "CVBox", "id_string": "ob11272", "world_size": [0.04, 0.04, 0.04], "id": 11272, "camera_size": [17, 17], "camera_position": [253, 237], "world_position": [0.748138005295042, 0.6599535768138431, -0.1579352214459189], "world_orientation": [0.9993534357314259, 7.951976761748448e-05, -0.03595419542141755, -6.644436259923672e-05, 0.999999931230021, 0.00036486312505731053, 0.03595422196267919, -0.0003622382640001836, 0.9993533722895515], "world_rotation": [0.01011095432761307, 0.9999468229375762, 0.0020297535891164913, -0.03596387284466756]}, {"color": "CVYellow", "id_name": "object111220054961413", "shape": "CVCapsule", "id_string": "ob11279", "world_size": [0.04, 0.08, 0.04], "id": 11279, "camera_size": [19, 19], "camera_position": [274, 244], "world_position": [0.7293732575907325, 0.6799453673439598, -0.10616359790994763], "world_orientation": [0.9905132692729167, 0.002872895475574957, 0.13738708041830153, -0.002958043458152007, 0.9999955386161018, 0.00041560412905143195, -0.13738527349457116, -0.0008180583590560172, 0.9905173483626337], "world_rotation": [-0.004488706237033352, 0.9997648389756528, -0.0212159907688635, 0.1378547077164265]}, {"color": "CVBlue", "id_name": "object225512226328817", "shape": "CVCone", "id_string": "ob11286", "world_size": [0.04, 0.04, 0.04], "id": 11286, "camera_size": [21, 22], "camera_position": [205, 362], "world_position": [0.4280681655202001, 0.619987443191749, -0.28000469809707634], "world_orientation": [-0.959834490588879, -2.4737424680076443e-11, -0.2805668381615821, -1.1891122778109393e-10, -1.0, 4.949712636482802e-10, -0.28056683816158223, 5.08453037900434e-10, 0.9598344905888789], "world_rotation": [-0.14171363627245112, 2.534136026701747e-10, 0.9899076953405502, -3.1415926535422263]}, {"color": "CVPurple", "id_name": "object98597135234991", "shape": "CVBox", "id_string": "ob11293", "world_size": [0.04, 0.04, 0.04], "id": 11293, "camera_size": [18, 18], "camera_position": [269, 268], "world_position": [0.6702843506443579, 0.7400418422671509, -0.11827300058961991], "world_orientation": [0.9985134565601302, -0.04683455892761356, -0.0278819145396577, 0.04681764795079841, 0.9989026588210618, -0.0012593810259308087, 0.02791030112155697, -4.785675778353805e-05, 0.9996104305183269], "world_rotation": [-0.011113042677792697, 0.5117695864894752, -0.8590508661463727, -0.05453614561463995]}, {"color": "CVPurple", "id_name": "object195261386102579", "shape": "CVBox", "id_string": "ob11300", "world_size": [0.04, 0.04, 0.04], "id": 11300, "camera_size": [17, 23], "camera_position": [253, 249], "world_position": [0.7176407567107722, 0.696977673890135, -0.15737633540789783], "world_orientation": [0.8523557825895999, -0.522962317329326, 0.0001858483588747543, 0.5228215607956455, 0.8521345070501469, 0.02289972623435683, -0.012134061697402224, -0.019421548546514598, 0.9997377496117564], "world_rotation": [-0.040432573362774296, 0.011770100729535321, 0.9991129424344779, 0.5507848668741129]}, {"color": "CVPurple", "id_name": "object173056859587991", "shape": "CVCone", "id_string": "ob11307", "world_size": [0.04, 0.04, 0.04], "id": 11307, "camera_size": [18, 18], "camera_position": [270, 246], "world_position": [0.7226688557060047, 0.739943453221738, -0.11701521897063784], "world_orientation": [0.9991230850267739, 0.00288501489777633, -0.04177005692624679, -0.0028343526180532163, 0.9999951741479907, 0.0012720558033273589, 0.04177352525007704, -0.001152549248341504, 0.9991264405561547], "world_rotation": [0.028942138060931027, 0.9972469074035925, 0.06827121149088078, -0.04189936856058365]}], "source": "manual check"}
