{"timestamp": 1721664957.033833, "objects": [{"color": "cv_", "id_name": "hand", "shape": "CVBox", "id_string": "ob383", "world_size": [0.12, 0.005, 0.12], "id": 383, "camera_size": [48, 49], "camera_position": [246, 391], "world_position": [0.36271250356963713, 0.6555009778521487, -0.1740898392375655], "world_orientation": [-4.109558357165853e-06, -0.0015810381303667585, 0.9999987501499901, -0.0007631202206576814, -0.9999984589775618, -0.0015810408061023768, 0.9999997088152779, -0.0007631257642517256, 2.9030298576941445e-06], "world_rotation": [0.0, 1.0, 0.0, 0.0]}, {"color": "CVGreen", "id_name": "object169743525186462", "shape": "CVCylinder", "id_string": "ob10222", "world_size": [0.04, 0.04, 0.04], "id": 10222, "camera_size": [16, 16], "camera_position": [255, 250], "world_position": [0.7140311263807572, 0.6199706339768973, -0.15026018885195203], "world_orientation": [0.9999994120057959, 0.0002479032429883586, 0.001055713997682474, -0.000247867085620615, 0.9999999686899644, -3.4379908168251394e-05, -0.0010557224875187602, 3.411821120119703e-05, 0.9999994421428331], "world_rotation": [0.031566810893574326, 0.9730386301944, -0.22847179388146593, 0.001084970747271232]}, {"color": "CVRed", "id_name": "object181818201751147", "shape": "CVSphere", "id_string": "ob10229", "world_size": [0.04, 0.04, 0.04], "id": 10229, "camera_size": [17, 17], "camera_position": [219, 295], "world_position": [0.5999227773594448, 0.6199874431863583, -0.2449229289174961], "world_orientation": [0.9999925439231848, 6.170677652887967e-10, -0.0038616185774416585, -6.169732776948322e-10, 1.0, 2.565965336257889e-11, 0.0038616185774416585, -2.3276946571287512e-11, 0.9999925439231848], "world_rotation": [6.336280882288291e-09, 0.9999999999999871, 1.5978287578587983e-07, -0.00386162817497858]}, {"color": "CVBlue", "id_name": "object106534987566984", "shape": "CVCapsule", "id_string": "ob10236", "world_size": [0.04, 0.08, 0.04], "id": 10236, "camera_size": [17, 18], "camera_position": [236, 295], "world_position": [0.599960100966672, 0.6399748440959461, -0.19999861383743753], "world_orientation": [0.9999995553823791, -0.000942600880500459, -2.7177643530965876e-05, 0.0009426008272956773, 0.9999995557498003, -1.970409597608699e-06, 2.7179488767114047e-05, 1.9447910522524706e-06, 0.9999999996287466], "world_rotation": [-0.0020759400509930085, 0.02882154915833268, -0.9995824172008121, -0.0009429947719941871]}, {"color": "CVYellow", "id_name": "object272235089518213", "shape": "CVCapsule", "id_string": "ob10243", "world_size": [0.04, 0.08, 0.04], "id": 10243, "camera_size": [17, 18], "camera_position": [254, 298], "world_position": [0.5939971604609485, 0.6399753581207186, -0.15518097343934328], "world_orientation": [0.9999640759878087, -0.0008901676506281852, 0.008429373369460319, 0.0008900568680828318, 0.9999996037566069, 1.6893810469815767e-05, -0.00842938506770039, -9.390581915230856e-06, 0.9999644720584814], "world_rotation": [-0.0015504719342306827, 0.9944696997318868, 0.10501243903439242, 0.008476356958474169]}, {"color": "CVRed", "id_name": "object170871504150040", "shape": "CVCone", "id_string": "ob10250", "world_size": [0.04, 0.04, 0.04], "id": 10250, "camera_size": [16, 17], "camera_position": [271, 295], "world_position": [0.6, 0.6199874431539305, -0.11], "world_orientation": [1.0, 4.228388472693457e-17, -1.6957377686420176e-17, -4.228388472693457e-17, 1.0, 1.0733601507606494e-16, 1.6957377686420176e-17, -1.0733601507606494e-16, 1.0], "world_rotation": [0.92051720276698, 0.14542702990328832, 0.3626279889688094, -1.1660402951017529e-16]}, {"color": "CVYellow", "id_name": "object112628604342586", "shape": "CVCapsule", "id_string": "ob10257", "world_size": [0.04, 0.08, 0.04], "id": 10257, "camera_size": [17, 18], "camera_position": [290, 295], "world_position": [0.6, 0.6399748858658902, -0.065], "world_orientation": [1.0, -1.5612511283791513e-17, -1.789043210782128e-17, 1.5612511283791513e-17, 1.0, -1.4831885719601688e-16, 1.789043210782128e-17, 1.4831885719601688e-16, 1.0], "world_rotation": [-0.9874262572950706, 0.11910476355862816, -0.10393960603106182, -1.5020752800550153e-16]}, {"color": "CVRed", "id_name": "object110658018807247", "shape": "CVCylinder", "id_string": "ob10264", "world_size": [0.04, 0.04, 0.04], "id": 10264, "camera_size": [16, 16], "camera_position": [218, 277], "world_position": [0.6451165657213032, 0.6199840117402645, -0.24532959934580165], "world_orientation": [0.9999838662407956, 0.00021976523754693971, 0.005676174887279721, -0.00021886479996799585, 0.9999999633679821, -0.00015925524819606558, -0.005676209678117429, 0.0001580103639289476, 0.9999838777082435], "world_rotation": [0.027915325428072766, 0.9988649806863426, -0.03859384620269673, 0.00568267277616301]}, {"color": "CVBlue", "id_name": "object100527250330268", "shape": "CVSphere", "id_string": "ob10271", "world_size": [0.04, 0.04, 0.04], "id": 10271, "camera_size": [16, 16], "camera_position": [236, 277], "world_position": [0.6450208314694641, 0.6199668714521842, -0.19999222340360107], "world_orientation": [0.9999998664167387, 0.0005157800378972813, 3.372621734757192e-05, -0.0005157689777456909, 0.9999998134842315, -0.00032712973606553915, -3.3894938044812255e-05, 0.00032711229742983267, 0.9999999459243377], "world_rotation": [0.5347752044225885, 0.05527330154110266, -0.8431846434035224, 0.000611698213459535]}, {"color": "CVRed", "id_name": "object148420739740599", "shape": "CVSphere", "id_string": "ob10278", "world_size": [0.04, 0.04, 0.04], "id": 10278, "camera_size": [15, 17], "camera_position": [254, 282], "world_position": [0.6341459660257202, 0.6199714648171336, -0.1550275290111243], "world_orientation": [0.9999997637088619, -0.0002570035528973268, 0.0006375981447047537, 0.000256744393110936, 0.9999998844154991, 0.000406511137738528, -0.000637702545814967, -0.0004063473419348603, 0.9999997141086095], "world_rotation": [-0.5089251902291584, 0.7984571272270067, 0.3216541103897329, 0.0007986031952061321]}, {"color": "CVYellow", "id_name": "object210786893087748", "shape": "CVCapsule", "id_string": "ob10285", "world_size": [0.04, 0.08, 0.04], "id": 10285, "camera_size": [17, 17], "camera_position": [272, 278], "world_position": [0.6448894982876672, 0.6399623286046865, -0.11011796896851758], "world_orientation": [0.9999836120310827, -0.00015710569755596174, 0.00572284781110456, 0.00015620660175428018, 0.9999999753882747, 0.0001575530004878809, -0.005722872422729444, -0.0001566564719052781, 0.9999836119607076], "world_rotation": [-0.0274315300816938, 0.9992493749781198, 0.02735320389303667, 0.005727190375082789]}, {"color": "CVBlue", "id_name": "object31178715293455", "shape": "CVCapsule", "id_string": "ob10292", "world_size": [0.04, 0.08, 0.04], "id": 10292, "camera_size": [17, 17], "camera_position": [290, 278], "world_position": [0.645, 0.6399748858658902, -0.065], "world_orientation": [1.0, -8.066464163292171e-17, -3.573889421051852e-17, 8.066464163292171e-17, 1.0, -1.821459649775647e-16, 3.573889421051852e-17, 1.821459649775647e-16, 1.0], "world_rotation": [-0.8999806872227267, 0.17658538071993266, -0.3985628757700657, -2.0238874851820828e-16]}, {"color": "CVPurple", "id_name": "object36727287844746", "shape": "CVCylinder", "id_string": "ob10299", "world_size": [0.04, 0.04, 0.04], "id": 10299, "camera_size": [17, 16], "camera_position": [219, 259], "world_position": [0.6907977757726178, 0.6199824066835675, -0.24424670121258035], "world_orientation": [0.9996450523957213, 0.00022318759767943894, 0.026640559454563745, -0.00021846090039066114, 0.9999999598770253, -0.0001803351958596459, -0.026640598634244398, 0.0001744512657085528, 0.9996450610447515], "world_rotation": [0.006658383981060896, 0.9999434813346124, -0.00828854988381311, 0.02664523758828116]}, {"color": "CVYellow", "id_name": "object247802456407398", "shape": "CVSphere", "id_string": "ob10306", "world_size": [0.04, 0.04, 0.04], "id": 10306, "camera_size": [16, 16], "camera_position": [236, 260], "world_position": [0.6897539388458005, 0.6199743235904981, -0.20023740501325735], "world_orientation": [0.9999278981076323, -0.00024505289751776323, -0.012005770909442465, 0.00024366970089381015, 0.9999999635061713, -0.00011667361789162616, 0.012005799062514044, 0.00011373976289648545, 0.999927921328401], "world_rotation": [-0.009593502967436971, 0.9997469200394226, -0.02034847838297439, -0.012009112833268894]}, {"color": "CVPurple", "id_name": "object260426700033310", "shape": "CVSphere", "id_string": "ob10313", "world_size": [0.04, 0.04, 0.04], "id": 10313, "camera_size": [16, 16], "camera_position": [253, 266], "world_position": [0.6741014650543915, 0.6199651411662642, -0.15536413799055104], "world_orientation": [0.9999997846746211, -0.0003267917883417374, 0.0005690850890772815, 0.0003267553070271214, 0.9999999445548559, 6.41969979821292e-05, -0.0005691060365760495, -6.401103258591416e-05, 0.9999998360104402], "world_rotation": [-0.09722107644269994, 0.8630985589847046, 0.49558948715025125, 0.0006593634042591728]}, {"color": "CVYellow", "id_name": "object233866198680346", "shape": "CVSphere", "id_string": "ob10320", "world_size": [0.04, 0.04, 0.04], "id": 10320, "camera_size": [16, 16], "camera_position": [272, 260], "world_position": [0.689588523085179, 0.619968519916496, -0.10801467093222553], "world_orientation": [0.9999974961010981, -0.0008758385393578748, 0.0020592956046696816, 0.0008766983898959739, 0.999999528888603, -0.00041668033940858945, -0.002058929689812212, 0.00041848467722404713, 0.9999977928371179], "world_rotation": [0.1834368646768431, 0.9045330216278918, 0.38492977211725987, 0.0022764391973035796]}, {"color": "CVYellow", "id_name": "object240835785782854", "shape": "CVCone", "id_string": "ob10327", "world_size": [0.04, 0.04, 0.04], "id": 10327, "camera_size": [16, 15], "camera_position": [289, 260], "world_position": [0.69, 0.6199874431539305, -0.065], "world_orientation": [1.0, 4.228388472693457e-17, -1.6957377686420176e-17, -4.228388472693457e-17, 1.0, 1.0733601507606494e-16, 1.6957377686420176e-17, -1.0733601507606494e-16, 1.0], "world_rotation": [0.92051720276698, 0.14542702990328832, 0.3626279889688094, -1.1660402951017529e-16]}, {"color": "CVRed", "id_name": "object95594442102949", "shape": "CVSphere", "id_string": "ob10334", "world_size": [0.04, 0.04, 0.04], "id": 10334, "camera_size": [17, 16], "camera_position": [219, 242], "world_position": [0.735, 0.6199874431539305, -0.245], "world_orientation": [1.0, -2.2442984970449937e-16, -1.4488340486922525e-17, 2.2442984970449937e-16, 1.0, -5.952269926945416e-16, 1.4488340486922525e-17, 5.952269926945416e-16, 1.0], "world_rotation": [-0.9354546928465729, 0.022769777356192403, -0.3527124251716587, -6.362969764823948e-16]}, {"color": "CVPurple", "id_name": "object40226036059742", "shape": "CVCapsule", "id_string": "ob10341", "world_size": [0.04, 0.08, 0.04], "id": 10341, "camera_size": [17, 17], "camera_position": [236, 242], "world_position": [0.7350017922090976, 0.6399497593854052, -0.19999847254868042], "world_orientation": [0.9999999540037183, -0.00030134835826491123, -3.437627883230749e-05, 0.00030136886218600493, 0.9999997757756959, 0.0005980178649215075, 3.419605942249222e-05, -0.0005980281973549477, 0.9999998205964364], "world_rotation": [0.8918526756504338, 0.05113216395006529, -0.44942664222868, -0.0006705402049910943]}, {"color": "CVRed", "id_name": "object220972745091055", "shape": "CVCapsule", "id_string": "ob10348", "world_size": [0.04, 0.08, 0.04], "id": 10348, "camera_size": [16, 17], "camera_position": [254, 234], "world_position": [0.7540021391953866, 0.6399595203159937, -0.1542407848678209], "world_orientation": [0.9999977715756897, 0.0009424672004342413, 0.0018890736435706924, -0.0009430055859574774, 0.9999995150053813, 0.00028412931386970783, -0.0018888049448211434, -0.00028591008770716706, 0.9999981753339864], "world_rotation": [-0.1337946709716506, 0.8867106752734947, -0.44254170919316865, 0.002130278540189098]}, {"color": "CVYellow", "id_name": "object145206440840467", "shape": "CVCylinder", "id_string": "ob10355", "world_size": [0.04, 0.04, 0.04], "id": 10355, "camera_size": [17, 17], "camera_position": [272, 242], "world_position": [0.7354245457731527, 0.6199766118646436, -0.10911761138844438], "world_orientation": [0.9998427347845982, 0.00020645327273273678, -0.017733106763958763, -0.00020405362266572778, 0.9999999697787916, 0.0001371296297390009, 0.01773313453890369, -0.00013348955934193855, 0.9998427466956805], "world_rotation": [0.007629598664690834, 0.9999039174010333, 0.01157346924146519, -0.017735754462431867]}, {"color": "CVRed", "id_name": "object31617451733662", "shape": "CVCone", "id_string": "ob10362", "world_size": [0.04, 0.04, 0.04], "id": 10362, "camera_size": [16, 16], "camera_position": [289, 242], "world_position": [0.7350000277616022, 0.6199874431910498, -0.06500002637979958], "world_orientation": [1.0, 1.4407600907767784e-10, 1.1574392488579689e-08, -1.440760108670449e-10, 1.0, 9.329382439445105e-11, -1.1574392488557415e-08, -9.329382715781564e-11, 1.0], "world_rotation": [-0.00805947863548202, 0.9998900592215377, -0.0124464562858006, 1.1575665126203741e-08]}, {"color": "CVYellow", "id_name": "object71842020801759", "shape": "CVCylinder", "id_string": "ob10369", "world_size": [0.04, 0.04, 0.04], "id": 10369, "camera_size": [17, 16], "camera_position": [219, 224], "world_position": [0.78, 0.6199874431539305, -0.245], "world_orientation": [1.0, -2.2442984970449937e-16, -1.4488340486922525e-17, 2.2442984970449937e-16, 1.0, -5.952269926945416e-16, 1.4488340486922525e-17, 5.952269926945416e-16, 1.0], "world_rotation": [-0.9354546928465729, 0.022769777356192403, -0.3527124251716587, -6.362969764823948e-16]}, {"color": "CVBlue", "id_name": "object44523712881318", "shape": "CVCylinder", "id_string": "ob10376", "world_size": [0.04, 0.04, 0.04], "id": 10376, "camera_size": [16, 16], "camera_position": [236, 224], "world_position": [0.78, 0.6199874431539305, -0.2], "world_orientation": [1.0, 1.7889335846010863e-16, -4.367536594091608e-17, -1.7889335846010863e-16, 1.0, -6.570265165262153e-16, 4.367536594091608e-17, 6.570265165262153e-16, 1.0], "world_rotation": [-0.9628953949226872, 0.06400778001840857, 0.26217448871657395, -6.823446451096272e-16]}, {"color": "CVYellow", "id_name": "object225974457905393", "shape": "CVCone", "id_string": "ob10383", "world_size": [0.04, 0.04, 0.04], "id": 10383, "camera_size": [15, 17], "camera_position": [254, 219], "world_position": [0.7939744482733189, 0.6200038066336072, -0.15494071922339145], "world_orientation": [0.9999974748161954, 0.0010720900372045877, 0.0019750909307727454, -0.001071905765150842, 0.9999994210574897, -9.435420487265869e-05, -0.0019751909435116568, 9.223685525552934e-05, 0.9999980450546389], "world_rotation": [0.041478753329701364, 0.8781383595423398, -0.47660521873192085, 0.002249238495366343]}, {"color": "CVGreen", "id_name": "object234435087123947", "shape": "CVSphere", "id_string": "ob10390", "world_size": [0.04, 0.04, 0.04], "id": 10390, "camera_size": [16, 16], "camera_position": [271, 224], "world_position": [0.78, 0.6199874431539305, -0.11], "world_orientation": [1.0, 4.228388472693457e-17, -1.6957377686420176e-17, -4.228388472693457e-17, 1.0, 1.0733601507606494e-16, 1.6957377686420176e-17, -1.0733601507606494e-16, 1.0], "world_rotation": [0.92051720276698, 0.14542702990328832, 0.3626279889688094, -1.1660402951017529e-16]}, {"color": "CVBlue", "id_name": "object235727635841860", "shape": "CVBox", "id_string": "ob10397", "world_size": [0.04, 0.04, 0.04], "id": 10397, "camera_size": [16, 16], "camera_position": [289, 224], "world_position": [0.78, 0.6199874431539305, -0.065], "world_orientation": [1.0, 4.228388472693457e-17, -1.6957377686420176e-17, -4.228388472693457e-17, 1.0, 1.0733601507606494e-16, 1.6957377686420176e-17, -1.0733601507606494e-16, 1.0], "world_rotation": [0.92051720276698, 0.14542702990328832, 0.3626279889688094, -1.1660402951017529e-16]}, {"color": "CVPurple", "id_name": "object168565488912093", "shape": "CVBox", "id_string": "ob10404", "world_size": [0.04, 0.04, 0.04], "id": 10404, "camera_size": [17, 17], "camera_position": [233, 280], "world_position": [0.6399615175483593, 0.6599542359664224, -0.20789166544886264], "world_orientation": [0.9999987381176186, 0.00044619211471372456, -0.0015246887443340956, -0.0004478088412323119, 0.9999993377339482, -0.0010601881468445223, 0.0015242146869932597, 0.0010608695781116275, 0.9999982756611764], "world_rotation": [-0.5552214981394047, 0.7981002642721299, 0.23401934999608748, -0.001910101663786696]}, {"color": "CVPurple", "id_name": "object153113249092208", "shape": "CVCylinder", "id_string": "ob10411", "world_size": [0.04, 0.04, 0.04], "id": 10411, "camera_size": [16, 17], "camera_position": [252, 283], "world_position": [0.6340113102656053, 0.6599542859846305, -0.1588538183571349], "world_orientation": [0.9999840228217965, 0.0005245762157770875, 0.005628403053333803, -0.0005277601301414357, 0.9999997015643556, 0.0005642166648050547, -0.005628105398974808, -0.0005671780969427812, 0.9999840012413322], "world_rotation": [-0.09957653648651234, 0.9907100178548152, -0.09261843176961247, 0.00568106146061344]}, {"color": "CVGreen", "id_name": "object209283921836635", "shape": "CVSphere", "id_string": "ob10418", "world_size": [0.04, 0.04, 0.04], "id": 10418, "camera_size": [16, 17], "camera_position": [270, 281], "world_position": [0.6399037256916313, 0.6999477050041721, -0.11508950132153463], "world_orientation": [0.999981355566029, -0.0002589955085348333, 0.006100937768407466, 0.00025741373678416396, 0.9999999330558726, 0.0002600507997427997, -0.006101004711974635, -0.00025847548605397694, 0.9999813552921514], "world_rotation": [-0.04241916607609962, 0.998206337275642, 0.04224597699373949, 0.0061119720416325735]}, {"color": "CVYellow", "id_name": "object236896731910139", "shape": "CVBox", "id_string": "ob10425", "world_size": [0.04, 0.04, 0.04], "id": 10425, "camera_size": [19, 18], "camera_position": [232, 263], "world_position": [0.6823500421855546, 0.6599698049447839, -0.21020503714588418], "world_orientation": [0.991599408020994, 0.00016875821791788507, -0.12934676467959394, -0.00021479280478186496, 0.9999999184668892, -0.00034195067824020737, 0.12934669642656277, 0.0003668608444903569, 0.9915993634208603], "world_rotation": [-0.0027399536114400976, 0.9999951472052846, 0.0014826395679478804, -0.1297107805831932]}, {"color": "CVGreen", "id_name": "object263749572745063", "shape": "CVCone", "id_string": "ob10432", "world_size": [0.04, 0.04, 0.04], "id": 10432, "camera_size": [20, 19], "camera_position": [251, 263], "world_position": [0.6835824953014884, 0.6599519704521608, -0.16105700945004323], "world_orientation": [0.9789860525434662, -0.00081309039369557, 0.20392559380659755, 0.0007881547905135177, 0.9999996687011117, 0.0002034937174238732, -0.20392569170506183, -3.8492577471209546e-05, 0.9789863690475642], "world_rotation": [-0.0005933152498147557, 0.9999921171384349, 0.003926020632265958, 0.2053678056469738]}, {"color": "CVRed", "id_name": "object277093328280313", "shape": "CVBox", "id_string": "ob10439", "world_size": [0.04, 0.04, 0.04], "id": 10439, "camera_size": [17, 17], "camera_position": [272, 262], "world_position": [0.6857941908206622, 0.6599459205453603, -0.11143442898094731], "world_orientation": [0.9993989552209246, -0.001565995665723901, 0.03463056397027713, 0.0015693249024580024, 0.9999987662315506, -6.895453024964041e-05, -0.034630413261684416, 0.00012325969191395624, 0.9994001797500206], "world_rotation": [0.002772366927706602, 0.9989731274676519, 0.04522172684801471, 0.03467303328143732]}, {"color": "CVGreen", "id_name": "object128843518868747", "shape": "CVCapsule", "id_string": "ob10446", "world_size": [0.04, 0.08, 0.04], "id": 10446, "camera_size": [19, 18], "camera_position": [232, 243], "world_position": [0.729798622754854, 0.7199167061737983, -0.207184460282846], "world_orientation": [0.9996025075260491, -0.0004960833029037826, -0.028188310502610624, 0.0005252020622165973, 0.9999993361391786, 0.0010256139605590107, 0.028187782999534592, -0.001040010845534882, 0.9996021044730812], "world_rotation": [0.03660951563680762, 0.9991657103071696, -0.018100461629679824, -0.02821532696091062]}, {"color": "CVYellow", "id_name": "object260975510194887", "shape": "CVSphere", "id_string": "ob10453", "world_size": [0.04, 0.04, 0.04], "id": 10453, "camera_size": [18, 18], "camera_position": [252, 239], "world_position": [0.7396557716643922, 0.6999551689181343, -0.15840826435207164], "world_orientation": [0.999159935280938, 0.00039082506152636975, -0.04097890902846678, -0.00037501344917179285, 0.9999998522479776, 0.0003935339070643457, 0.040979056776663546, -0.0003778356710952039, 0.999159934217691], "world_rotation": [0.009410943020684263, 0.9999120630652291, 0.009343462318571446, -0.040994067668825]}, {"color": "CVPurple", "id_name": "object101556061469882", "shape": "CVCone", "id_string": "ob10460", "world_size": [0.04, 0.04, 0.04], "id": 10460, "camera_size": [16, 17], "camera_position": [270, 242], "world_position": [0.7348455632535441, 0.6599652912033398, -0.11408347915854358], "world_orientation": [0.9999921458373779, 0.0002448314973046849, -0.0039557958863336495, -0.00024436509940511974, 0.9999999631353066, 0.00011838531881194922, 0.003955824724959311, -0.00011741773053941625, 0.9999921688012472], "world_rotation": [0.029734679141207195, 0.9976524943628574, 0.06168751371175745, -0.003965128833658737]}, {"color": "CVYellow", "id_name": "object184235815028870", "shape": "CVBox", "id_string": "ob10467", "world_size": [0.04, 0.04, 0.04], "id": 10467, "camera_size": [19, 19], "camera_position": [247, 273], "world_position": [0.6588216504216983, 0.6999193029700991, -0.17144780032280676], "world_orientation": [0.9872636037556102, 0.0006835393452787075, -0.1590915128894345, -0.0006252499821263311, 0.9999997178186605, 0.00041644334503582864, 0.15909175265218964, -0.0003116673919895436, 0.9872637525512072], "world_rotation": [0.002288312271707905, 0.9999889222422242, 0.0041132736089248495, -0.1597722841331649]}, {"color": "CVYellow", "id_name": "object218437751774504", "shape": "CVBox", "id_string": "ob10474", "world_size": [0.04, 0.04, 0.04], "id": 10474, "camera_size": [22, 22], "camera_position": [267, 259], "world_position": [0.6923247076833857, 0.6999407179542715, -0.12223842972890597], "world_orientation": [0.0012704679973349411, 0.9182343463354494, 0.3960354417485611, -0.9999989361271051, 0.0008827498079180332, 0.0011612482227262577, 0.0007166977925959495, -0.39603649574589306, 0.9182344909561976], "world_rotation": [-0.1987564020760842, 0.19781615685141452, -0.959877419633521, 1.610612992250482]}, {"color": "CVYellow", "id_name": "object176679010577463", "shape": "CVCapsule", "id_string": "ob10481", "world_size": [0.04, 0.08, 0.04], "id": 10481, "camera_size": [23, 37], "camera_position": [246, 266], "world_position": [0.6761266463376215, 0.7398911286913372, -0.17330231800353746], "world_orientation": [0.0007210862137134056, -0.9848155874702825, -0.1736022428145295, 0.9999992308071252, 0.0005349428659707674, 0.0011190269382206906, -0.001009167890248755, -0.17360291619581916, 0.9848152156970752], "world_rotation": [0.08736309025927846, 0.0862986303395727, -0.9924314771619566, -1.5777607607060977]}, {"color": "CVBlue", "id_name": "object213649909108773", "shape": "CVSphere", "id_string": "ob10488", "world_size": [0.04, 0.04, 0.04], "id": 10488, "camera_size": [21, 19], "camera_position": [359, 266], "world_position": [0.6753126554089055, 0.6199874431855688, 0.11239424961360923], "world_orientation": [4.8904658100923383e-11, -0.9743328053149335, 0.22511238190542132, -1.0, 7.158740267243503e-11, 5.270922726063888e-10, -5.296785510200409e-10, -0.22511238190542132, -0.9743328053149335], "world_rotation": [-0.7048197500504133, 0.7048197500585108, -0.08036317481490571, 2.9812109717279043]}], "source": "manual check"}
