{"timestamp": 1721665104.928275, "objects": [{"color": "cv_", "id_name": "hand", "shape": "CVBox", "id_string": "ob383", "world_size": [0.12, 0.005, 0.12], "id": 383, "camera_size": [48, 49], "camera_position": [246, 391], "world_position": [0.3626789214522165, 0.6555004564946225, -0.17408986653755104], "world_orientation": [-4.0718771150824324e-06, -0.0015808309320401543, 0.9999987504777114, -0.0007631201692294488, -0.9999984593052145, -0.001580833579080085, 0.9999997088154712, -0.000763125652654179, 2.865506873544562e-06], "world_rotation": [0.0, 1.0, 0.0, 0.0]}, {"color": "CVPurple", "id_name": "object165069118437112", "shape": "CVCone", "id_string": "ob12133", "world_size": [0.04, 0.04, 0.04], "id": 12133, "camera_size": [16, 16], "camera_position": [256, 249], "world_position": [0.716175041932407, 0.6199626540956888, -0.14944663813189685], "world_orientation": [0.999539791891138, -1.3464342455834911e-05, -0.03033486846736648, 1.553816907490825e-05, 0.9999999975585212, 6.812872331272135e-05, 0.030334867475996084, -6.856871823691746e-05, 0.9995397896599938], "world_rotation": [0.002253134562470108, 0.9999973474286753, -0.00047803792366242655, -0.030339602780806125]}, {"color": "CVBlue", "id_name": "object264022831082135", "shape": "CVCapsule", "id_string": "ob12140", "world_size": [0.04, 0.08, 0.04], "id": 12140, "camera_size": [18, 18], "camera_position": [218, 295], "world_position": [0.5999998313854236, 0.6399748863955184, -0.2449999999675486], "world_orientation": [0.999999999991197, -4.092939847383178e-09, -4.195981915560788e-06, 4.092937185743841e-09, 1.0, -6.343362329211714e-10, 4.195981915563385e-06, 6.343190589477013e-10, 0.999999999991197], "world_rotation": [-0.00015117494538194483, 0.9999995128295106, -0.0009754418882085117, -4.1959839597339575e-06]}, {"color": "CVPurple", "id_name": "object164139739622107", "shape": "CVSphere", "id_string": "ob12147", "world_size": [0.04, 0.04, 0.04], "id": 12147, "camera_size": [16, 17], "camera_position": [236, 295], "world_position": [0.6, 0.6199874431539305, -0.2], "world_orientation": [1.0, 4.456070928915423e-16, -4.5891564807488906e-17, -4.456070928915423e-16, 1.0, -9.887923813067798e-16, 4.5891564807488906e-17, 9.887923813067798e-16, 1.0], "world_rotation": [-0.9108818423680365, 0.042275601927426604, 0.41049609343559545, -1.0855330903689965e-15]}, {"color": "CVPurple", "id_name": "object172509641805560", "shape": "CVCapsule", "id_string": "ob12154", "world_size": [0.04, 0.08, 0.04], "id": 12154, "camera_size": [17, 18], "camera_position": [254, 297], "world_position": [0.5953083167961909, 0.639974873172191, -0.15510064841415103], "world_orientation": [0.9999859394327535, -0.0005743102890897036, 0.005271726897830347, 0.0005741774075481451, 0.9999998348031628, 2.671988327451867e-05, -0.005271741372461624, -2.369260109430577e-05, 0.9999861039942318], "world_rotation": [-0.004753224275892851, 0.9941083039630891, 0.10828705763208123, 0.005303002522647041]}, {"color": "CVRed", "id_name": "object160827865181293", "shape": "CVSphere", "id_string": "ob12161", "world_size": [0.04, 0.04, 0.04], "id": 12161, "camera_size": [16, 17], "camera_position": [271, 295], "world_position": [0.6000578256852155, 0.6199874431540013, -0.11000419946860966], "world_orientation": [0.9999999943807085, -9.500740920796035e-12, 0.00010601218462158957, 9.500790506832498e-12, 1.0, -4.672354275323088e-13, -0.00010601218462158957, 4.682426244709766e-13, 0.9999999943807085], "world_rotation": [4.412125150247918e-09, 0.9999999999999959, 8.961956352212914e-08, 0.0001060121848201611]}, {"color": "CVGreen", "id_name": "object261842678540592", "shape": "CVCylinder", "id_string": "ob12168", "world_size": [0.04, 0.04, 0.04], "id": 12168, "camera_size": [16, 17], "camera_position": [289, 295], "world_position": [0.6, 0.6199874431539305, -0.065], "world_orientation": [1.0, 2.049142105997599e-16, 5.802954297681148e-18, -2.049142105997599e-16, 1.0, 6.179952383167331e-17, -5.802954297681148e-18, -6.179952383167331e-17, 1.0], "world_rotation": [-0.28863572672225335, 0.027102796704540077, -0.9570553043948448, 2.1410905896324258e-16]}, {"color": "CVPurple", "id_name": "object94856175045328", "shape": "CVBox", "id_string": "ob12175", "world_size": [0.04, 0.04, 0.04], "id": 12175, "camera_size": [17, 16], "camera_position": [219, 277], "world_position": [0.645, 0.6199874431539305, -0.245], "world_orientation": [1.0, -2.244298497044988e-16, -1.8357185931148717e-17, 2.244298497044988e-16, 1.0, -2.699663409488906e-16, 1.8357185931148717e-17, 2.699663409488906e-16, 1.0], "world_rotation": [-0.7679310457720523, 0.0522178170063351, -0.6384005079309815, -3.515502367500658e-16]}, {"color": "CVBlue", "id_name": "object232359901984253", "shape": "CVCapsule", "id_string": "ob12182", "world_size": [0.04, 0.08, 0.04], "id": 12182, "camera_size": [17, 17], "camera_position": [236, 278], "world_position": [0.6449960850470083, 0.6399576853593721, -0.20004548754873128], "world_orientation": [0.9999999888863613, -0.00014905887898346165, 2.9543482254112376e-06, 0.0001490551478514275, 0.999999238494387, 0.001225068654798023, -3.1369533360185465e-06, -0.0012250682008222407, 0.9999992495987499], "world_rotation": [-0.9926760761660294, 0.002467898606918174, 0.12078127869865286, 0.0012341072462521171]}, {"color": "CVYellow", "id_name": "object255761407825165", "shape": "CVSphere", "id_string": "ob12189", "world_size": [0.04, 0.04, 0.04], "id": 12189, "camera_size": [16, 17], "camera_position": [254, 281], "world_position": [0.63618455937573, 0.6199685211597515, -0.15364950416088083], "world_orientation": [0.9991393206707931, -0.0005863244958360118, -0.04147618730177131, 0.0005599261836460479, 0.9999996332354463, -0.0006480830516917013, 0.04147655207674452, 0.0006243016567374321, 0.9991392825203433], "world_rotation": [-0.015335402420418857, 0.9997869605146373, -0.013815173451933208, -0.041497116397354906]}, {"color": "CVYellow", "id_name": "object257426454360224", "shape": "CVCapsule", "id_string": "ob12196", "world_size": [0.04, 0.08, 0.04], "id": 12196, "camera_size": [17, 17], "camera_position": [272, 278], "world_position": [0.6448533315989363, 0.6399413305407456, -0.10982922312702204], "world_orientation": [0.9999712364494802, -0.0006311215049489629, -0.007558303999167557, 0.0006274256079295748, 0.9999996824579815, -0.0004913461538949207, 0.007558611698212545, 0.00048658974755340275, 0.9999713148983891], "world_rotation": [-0.0643349033009267, 0.9944877861206137, -0.08279531070163884, -0.007600425792631445]}, {"color": "CVYellow", "id_name": "object20311094703825", "shape": "CVSphere", "id_string": "ob12203", "world_size": [0.04, 0.04, 0.04], "id": 12203, "camera_size": [16, 16], "camera_position": [289, 277], "world_position": [0.645, 0.6199874431539305, -0.065], "world_orientation": [1.0, 3.5778671692020784e-17, -3.6332864841185517e-17, -3.5778671692020784e-17, 1.0, 1.0733601507606489e-16, 3.6332864841185517e-17, -1.0733601507606489e-16, 1.0], "world_rotation": [0.9032531890035577, 0.3057480381601587, 0.3010843963345121, -1.18832699826363e-16]}, {"color": "CVRed", "id_name": "object235217749103381", "shape": "CVCone", "id_string": "ob12210", "world_size": [0.04, 0.04, 0.04], "id": 12210, "camera_size": [17, 15], "camera_position": [219, 260], "world_position": [0.69, 0.6199874431539305, -0.245], "world_orientation": [1.0, -2.2442984970449937e-16, -1.4488340486922525e-17, 2.2442984970449937e-16, 1.0, -5.952269926945416e-16, 1.4488340486922525e-17, 5.952269926945416e-16, 1.0], "world_rotation": [-0.9354546928465729, 0.022769777356192403, -0.3527124251716587, -6.362969764823948e-16]}, {"color": "CVGreen", "id_name": "object19386408948507", "shape": "CVCapsule", "id_string": "ob12217", "world_size": [0.04, 0.08, 0.04], "id": 12217, "camera_size": [17, 17], "camera_position": [236, 260], "world_position": [0.6902185306503905, 0.6399631843827375, -0.20032029223005293], "world_orientation": [0.9999194530362874, -0.0004237669837135135, 0.012684946241723494, 0.0004229002426482849, 0.9999999080564369, 7.101058340458346e-05, -0.012684975167365078, -6.564039687409324e-05, 0.99991954031129], "world_rotation": [-0.005383263321798263, 0.9994291085210908, 0.03335382312038452, 0.012692547370884617]}, {"color": "CVRed", "id_name": "object279821289601850", "shape": "CVSphere", "id_string": "ob12224", "world_size": [0.04, 0.04, 0.04], "id": 12224, "camera_size": [16, 16], "camera_position": [255, 265], "world_position": [0.676111376893578, 0.6199683058681991, -0.15171041730236448], "world_orientation": [0.9991866039308331, -0.0004383962865605665, -0.04032292566102203, 0.0004546770870146919, 0.9999998187834869, 0.00039459059784528587, 0.04032274536678924, -0.00041260354978353195, 0.9991866221904674], "world_rotation": [0.0100080292462995, 0.9998886099517712, -0.011072806298321396, -0.040338266261481424]}, {"color": "CVRed", "id_name": "object191925353955294", "shape": "CVSphere", "id_string": "ob12231", "world_size": [0.04, 0.04, 0.04], "id": 12231, "camera_size": [16, 16], "camera_position": [272, 259], "world_position": [0.6905859408298413, 0.6199652470726384, -0.10877047522795817], "world_orientation": [0.9999784595270209, 0.00019115378101198924, -0.006560788229953831, -0.0001893144002216709, 0.9999999426052557, 0.0002809796134566014, 0.006560841563714567, -0.0002797315093340981, 0.9999784383216763], "world_rotation": [0.04267495624876816, 0.9986692872621213, 0.028956912620860455, -0.006569604347061139]}, {"color": "CVPurple", "id_name": "object256500291820369", "shape": "CVBox", "id_string": "ob12238", "world_size": [0.04, 0.04, 0.04], "id": 12238, "camera_size": [16, 15], "camera_position": [289, 260], "world_position": [0.69, 0.6199874431539305, -0.065], "world_orientation": [1.0, 4.228388472693457e-17, -1.6957377686420176e-17, -4.228388472693457e-17, 1.0, 1.0733601507606494e-16, 1.6957377686420176e-17, -1.0733601507606494e-16, 1.0], "world_rotation": [0.92051720276698, 0.14542702990328832, 0.3626279889688094, -1.1660402951017529e-16]}, {"color": "CVBlue", "id_name": "object45269349355033", "shape": "CVCylinder", "id_string": "ob12245", "world_size": [0.04, 0.04, 0.04], "id": 12245, "camera_size": [16, 16], "camera_position": [218, 242], "world_position": [0.734945425344859, 0.6199848133768274, -0.2451784756012686], "world_orientation": [0.9999964005767653, -2.7410260550459992e-06, -0.0026830628022274958, 2.5801228605610467e-06, 0.9999999981982656, -5.997342901049162e-05, 0.0026830629617820598, 5.99662905090654e-05, 0.9999963987821093], "world_rotation": [-0.022345676824108818, 0.9997498126592619, -0.000991370285651901, -0.002683737539935622]}, {"color": "CVGreen", "id_name": "object152607216910014", "shape": "CVBox", "id_string": "ob12252", "world_size": [0.04, 0.04, 0.04], "id": 12252, "camera_size": [16, 16], "camera_position": [235, 242], "world_position": [0.7346358235613039, 0.6199775154376865, -0.20170961007130206], "world_orientation": [0.9998139643756134, 0.0002834707017583904, -0.0192861682011008, -0.00028553170386295203, 0.9999999538163049, -0.0001041106821499592, 0.019286137798066164, 0.00010959812632164853, 0.9998139991403825], "world_rotation": [-0.005539784964793724, 0.9998758701609468, 0.014749747537951162, -0.01928974352856249]}, {"color": "CVBlue", "id_name": "object88064067910285", "shape": "CVCone", "id_string": "ob12259", "world_size": [0.04, 0.04, 0.04], "id": 12259, "camera_size": [16, 17], "camera_position": [254, 234], "world_position": [0.7562906977085307, 0.6199751053381869, -0.15368561053134114], "world_orientation": [0.9995515021587681, 0.00030349344514361484, -0.02994498996291812, -0.0003016387255665141, 0.999999952298916, 6.645483668042785e-05, 0.02994500870311697, -5.739246322011963e-05, 0.9995515460244536], "world_rotation": [0.0020678029131876176, 0.9999468200911696, 0.01010352318106872, -0.02995106970645533]}, {"color": "CVGreen", "id_name": "object107410066484624", "shape": "CVSphere", "id_string": "ob12266", "world_size": [0.04, 0.04, 0.04], "id": 12266, "camera_size": [16, 16], "camera_position": [272, 241], "world_position": [0.7359065095166116, 0.6199714424156281, -0.10886671395694072], "world_orientation": [0.9999985721906872, -0.00023795629864913008, -0.0016730192428741416, 0.00023735267844394935, 0.9999999066763233, -0.0003609862200791638, 0.0016731049856866253, 0.00036058860906130325, 0.9999985353467084], "world_rotation": [-0.208796003872636, 0.9682396602125507, -0.13753613764499256, -0.001727943003781994]}, {"color": "CVRed", "id_name": "object36378331386563", "shape": "CVBox", "id_string": "ob12273", "world_size": [0.04, 0.04, 0.04], "id": 12273, "camera_size": [16, 16], "camera_position": [289, 242], "world_position": [0.735, 0.6199874431539305, -0.065], "world_orientation": [1.0, 4.228388472693457e-17, -1.6957377686420176e-17, -4.228388472693457e-17, 1.0, 1.0733601507606494e-16, 1.6957377686420176e-17, -1.0733601507606494e-16, 1.0], "world_rotation": [0.92051720276698, 0.14542702990328832, 0.3626279889688094, -1.1660402951017529e-16]}, {"color": "CVBlue", "id_name": "object262687235052373", "shape": "CVCylinder", "id_string": "ob12280", "world_size": [0.04, 0.04, 0.04], "id": 12280, "camera_size": [17, 16], "camera_position": [219, 224], "world_position": [0.78, 0.6199874431539305, -0.245], "world_orientation": [1.0, -2.2442984970449937e-16, -1.4488340486922525e-17, 2.2442984970449937e-16, 1.0, -5.952269926945416e-16, 1.4488340486922525e-17, 5.952269926945416e-16, 1.0], "world_rotation": [-0.9354546928465729, 0.022769777356192403, -0.3527124251716587, -6.362969764823948e-16]}, {"color": "CVPurple", "id_name": "object195885653663452", "shape": "CVCylinder", "id_string": "ob12287", "world_size": [0.04, 0.04, 0.04], "id": 12287, "camera_size": [16, 16], "camera_position": [236, 224], "world_position": [0.7799999994875814, 0.619987443189213, -0.20000006393540445], "world_orientation": [0.9999999999982632, 4.703201376844123e-10, 1.8637674587639053e-06, -4.703201904329068e-10, 1.0, 2.8301344195887005e-11, -1.8637674587638922e-06, -2.830222077249885e-11, 0.9999999999982632], "world_rotation": [-1.5185253635971415e-05, 0.9999999680446547, -0.00025234915805502124, 1.863767518322312e-06]}, {"color": "CVBlue", "id_name": "object136041160374649", "shape": "CVSphere", "id_string": "ob12294", "world_size": [0.04, 0.04, 0.04], "id": 12294, "camera_size": [17, 17], "camera_position": [255, 218], "world_position": [0.7965118209382808, 0.6199874300460084, -0.15303879263038134], "world_orientation": [0.9991063519219124, 0.00047640639835606446, -0.04226429446035188, -0.0004765957731821262, 0.9999998864125748, 5.595265694368657e-06, 0.04226429232527986, 1.4552718600393036e-05, 0.99910646548927], "world_rotation": [-0.00010596277494492758, 0.9999364453208213, 0.011273601511966883, -0.04227957476135289]}, {"color": "CVRed", "id_name": "object243963759789733", "shape": "CVBox", "id_string": "ob12301", "world_size": [0.04, 0.04, 0.04], "id": 12301, "camera_size": [16, 16], "camera_position": [271, 224], "world_position": [0.78, 0.6199874431539305, -0.11], "world_orientation": [1.0, 4.228388472693457e-17, -1.6957377686420176e-17, -4.228388472693457e-17, 1.0, 1.0733601507606494e-16, 1.6957377686420176e-17, -1.0733601507606494e-16, 1.0], "world_rotation": [0.92051720276698, 0.14542702990328832, 0.3626279889688094, -1.1660402951017529e-16]}, {"color": "CVBlue", "id_name": "object207210544775973", "shape": "CVCapsule", "id_string": "ob12308", "world_size": [0.04, 0.08, 0.04], "id": 12308, "camera_size": [17, 17], "camera_position": [290, 224], "world_position": [0.78, 0.6399748858658902, -0.065], "world_orientation": [1.0, -1.5612511283791513e-17, -1.789043210782128e-17, 1.5612511283791513e-17, 1.0, -1.4831885719601688e-16, 1.789043210782128e-17, 1.4831885719601688e-16, 1.0], "world_rotation": [-0.9874262572950706, 0.11910476355862816, -0.10393960603106182, -1.5020752800550153e-16]}, {"color": "CVRed", "id_name": "object188650233297825", "shape": "CVBox", "id_string": "ob12315", "world_size": [0.04, 0.04, 0.04], "id": 12315, "camera_size": [17, 17], "camera_position": [233, 281], "world_position": [0.640055178706637, 0.6999374935298571, -0.20528338682370617], "world_orientation": [0.9999990250258773, -0.00024986851526890126, -0.0013738679048252386, 0.0002516994951376283, 0.999999080268406, 0.001332707659728764, 0.0013735336395512996, -0.00133305216223131, 0.9999981681869592], "world_rotation": [0.6904616612931203, 0.7116077821199605, -0.12991173430700928, -0.0019304196214429258]}, {"color": "CVRed", "id_name": "object184048319550957", "shape": "CVCone", "id_string": "ob12322", "world_size": [0.04, 0.04, 0.04], "id": 12322, "camera_size": [16, 17], "camera_position": [252, 282], "world_position": [0.6356571745321902, 0.6599600810553429, -0.15868974234301572], "world_orientation": [0.999979839159477, -0.0005441648741337688, 0.006326544015205373, 0.00054930955294431, 0.9999995198792926, -0.0008114802522098115, -0.006326099398651279, 0.0008149391231505314, 0.9999796579634128], "world_rotation": [0.12702900814339765, 0.9882154428332527, 0.08540415467635681, 0.006401807384311563]}, {"color": "CVGreen", "id_name": "object263869820553588", "shape": "CVCapsule", "id_string": "ob12329", "world_size": [0.04, 0.08, 0.04], "id": 12329, "camera_size": [17, 18], "camera_position": [271, 282], "world_position": [0.6378622383954785, 0.7199125887359049, -0.11468402001201033], "world_orientation": [0.9999753383771322, -0.0009545683259508612, 0.006957832769715206, 0.0009565657546545833, 0.9999995022326674, -0.0002837540737338132, -0.006957558443682202, 0.0002904027004519709, 0.9999757537294464], "world_rotation": [0.04084273566831772, 0.9898736209391453, 0.1359488341691575, 0.0070289305136297005]}, {"color": "CVYellow", "id_name": "object138552496764713", "shape": "CVBox", "id_string": "ob12336", "world_size": [0.04, 0.04, 0.04], "id": 12336, "camera_size": [18, 17], "camera_position": [233, 262], "world_position": [0.6851701121371504, 0.6999489062990077, -0.2040928001018509], "world_orientation": [0.9998653492549907, -0.0004651758643780699, 0.016403260974898307, 0.0004634079703825673, 0.99999988640172, 0.0001115777761251797, -0.016403311014804526, -0.00010396135021846618, 0.99986545123821], "world_rotation": [-0.0065672265671237115, 0.9995781035297142, 0.02829286975822173, 0.016410946024693798]}, {"color": "CVGreen", "id_name": "object67417580464127", "shape": "CVCapsule", "id_string": "ob12343", "world_size": [0.04, 0.08, 0.04], "id": 12343, "camera_size": [17, 17], "camera_position": [252, 261], "world_position": [0.6878204326329609, 0.6800060809367139, -0.15945575021346042], "world_orientation": [0.998469726656019, -0.00041071450981828314, 0.05529951414837465, 5.4940950907467255e-05, 0.9999792940413913, 0.006434941334042676, -0.055301012042699334, -0.006422055906957076, 0.9984490749482325], "world_rotation": [-0.11546857644516843, 0.9933023297729839, 0.004182047499587114, 0.05570194344631245]}, {"color": "CVRed", "id_name": "object165113020301733", "shape": "CVCylinder", "id_string": "ob12350", "world_size": [0.04, 0.04, 0.04], "id": 12350, "camera_size": [17, 17], "camera_position": [272, 260], "world_position": [0.6903424237361907, 0.6599507287565052, -0.10991727201217784], "world_orientation": [0.9994921733928696, 0.0002425549412811882, 0.03186434517605042, -0.0002447963785867298, 0.9999999678300961, 6.644200539625259e-05, -0.03186432803514076, -7.420854068321638e-05, 0.9994922006158736], "world_rotation": [-0.0022069515017942745, 0.9999683255501084, -0.007647042668972084, 0.031870741068613095]}, {"color": "CVBlue", "id_name": "object125245579355451", "shape": "CVCone", "id_string": "ob12357", "world_size": [0.04, 0.04, 0.04], "id": 12357, "camera_size": [17, 16], "camera_position": [234, 243], "world_position": [0.7304831352638071, 0.659969189867169, -0.205200610560951], "world_orientation": [0.9999910019426956, 0.00021440935865547794, -0.004236751381728102, -0.00021532000548596514, 0.9999999538167567, -0.0002144849175655397, 0.0042367051984875635, 0.00021539524494871984, 0.9999910019264923], "world_rotation": [-0.050602534438308165, 0.9974369971018356, 0.05058478349160466, -0.004247627712354622]}, {"color": "CVGreen", "id_name": "object158220463145468", "shape": "CVCone", "id_string": "ob12364", "world_size": [0.04, 0.04, 0.04], "id": 12364, "camera_size": [18, 18], "camera_position": [252, 239], "world_position": [0.7399766113036294, 0.6599614335247667, -0.15875658020828678], "world_orientation": [0.9958409742566285, -0.00016894964267875413, -0.09110831711554956, 0.00015374405351506798, 0.9999999730583463, -0.00017391398052350542, 0.09110834404364572, 0.00015918330581909522, 0.9958409734020286], "world_rotation": [-0.001828022779826718, 0.9999967610675032, -0.0017709283495695245, -0.09123514430634798]}, {"color": "CVGreen", "id_name": "object187368856685143", "shape": "CVBox", "id_string": "ob12371", "world_size": [0.04, 0.04, 0.04], "id": 12371, "camera_size": [16, 17], "camera_position": [272, 243], "world_position": [0.7322248287260744, 0.6599543647707868, -0.10879520991197805], "world_orientation": [0.9999991598445349, -0.00035250326940715516, 0.0012474180011812369, 0.00035293292175084175, 0.9999998784720322, -0.0003442299724335773, -0.0012472965073943483, 0.0003446699381066961, 0.9999991627266779], "world_rotation": [0.256812328474838, 0.9299949557618692, 0.26297682445571335, 0.0013412520364224573]}, {"color": "CVGreen", "id_name": "object111676602449029", "shape": "CVBox", "id_string": "ob12378", "world_size": [0.04, 0.04, 0.04], "id": 12378, "camera_size": [17, 17], "camera_position": [250, 279], "world_position": [0.6445692924341757, 0.6999596238672567, -0.16400332380506819], "world_orientation": [-0.0002724658654931755, -0.9999111526557913, -0.013327136110919615, 0.999999517579361, -0.00025986448912458833, -0.0009472652706532532, 0.0009437178592327385, -0.013327387779085908, 0.999910741082217], "world_rotation": [0.006190061553175588, 0.007135427329693438, -0.9999553834120751, -1.5711071214361005]}, {"color": "CVGreen", "id_name": "object74522523472120", "shape": "CVCapsule", "id_string": "ob12385", "world_size": [0.04, 0.08, 0.04], "id": 12385, "camera_size": [19, 18], "camera_position": [270, 264], "world_position": [0.6795203855391219, 0.71993772300655, -0.1170682138104466], "world_orientation": [0.9983877206094013, 0.00047473634562860025, 0.05676032031063945, -0.0004730920946486715, 0.9999998871928122, -4.2405575711008574e-05, -0.056760334039135385, 1.5484347246553848e-05, 0.9983878325781023], "world_rotation": [0.0005099327346826155, 0.9999650156379845, -0.008349099875549373, 0.056792838232259994]}, {"color": "CVGreen", "id_name": "object67643499910876", "shape": "CVSphere", "id_string": "ob12392", "world_size": [0.04, 0.04, 0.04], "id": 12392, "camera_size": [18, 19], "camera_position": [234, 158], "world_position": [0.951283017103493, 0.6199874431883142, -0.20472765002536786], "world_orientation": [-0.9984617119651051, -0.05544555653712435, -4.087673047270536e-10, -4.2656444002031613e-10, 3.091490397011399e-10, 1.0, -0.055445556537124345, 0.9984617119651051, -3.323250563624925e-10], "world_rotation": [-0.019614279671858935, 0.7069707491664045, 0.7069707489394782, 3.1023691243459566]}, {"color": "CVRed", "id_name": "object265220109698897", "shape": "CVCylinder", "id_string": "ob12399", "world_size": [0.04, 0.04, 0.04], "id": 12399, "camera_size": [19, 19], "camera_position": [268, 247], "world_position": [0.7209067796110912, 0.6999466919268147, -0.12207532816575892], "world_orientation": [0.9907711738189797, -0.0002083604250235379, 0.13554496565824367, 0.00023925652352076426, 0.9999999489803575, -0.00021164970694511189, -0.13554491464336507, 0.00024212644585258424, 0.9907711731217795], "world_rotation": [0.0016738909545098578, 0.9999972358581088, 0.0016511708617434776, 0.13596383609910112]}], "source": "manual check"}
