{"timestamp": 1721665368.787705, "objects": [{"color": "cv_", "id_name": "hand", "shape": "CVBox", "id_string": "ob383", "world_size": [0.12, 0.005, 0.12], "id": 383, "camera_size": [48, 49], "camera_position": [246, 391], "world_position": [0.36267470773943816, 0.6554913058576124, -0.1740898378508428], "world_orientation": [-4.112895375290975e-06, -0.001580831096264541, 0.9999987504772839, -0.0007631202400165476, -0.9999984593048513, -0.0015808337746069316, 0.9999997088152494, -0.0007631257882847954, 2.906524833329623e-06], "world_rotation": [0.0, 1.0, 0.0, 0.0]}, {"color": "CVPurple", "id_name": "object251372948987270", "shape": "CVCylinder", "id_string": "ob15409", "world_size": [0.04, 0.04, 0.04], "id": 15409, "camera_size": [16, 16], "camera_position": [255, 245], "world_position": [0.7256955666358181, 0.619977575446773, -0.15050112530713783], "world_orientation": [0.9999961627930039, -0.0001838792905383932, -0.0027641612967895823, 0.00018420489489486753, 0.9999999761263504, 0.00011754086652388643, 0.0027641396174678183, -0.00011804958753639281, 0.9999961727909112], "world_rotation": [0.042482810491418097, 0.9968899674510528, -0.06637472115337999, -0.0027727774271150574]}, {"color": "CVBlue", "id_name": "object175599695050059", "shape": "CVSphere", "id_string": "ob15416", "world_size": [0.04, 0.04, 0.04], "id": 15416, "camera_size": [18, 18], "camera_position": [219, 295], "world_position": [0.5994256147461666, 0.6199874431839612, -0.2429657994283298], "world_orientation": [0.9932774657697531, -2.655287150209214e-10, -0.11575783340239845, 2.0086808940462933e-10, 1.0, -5.702505505058218e-10, 0.11575783340239845, 5.431649668310699e-10, 0.9932774657697531], "world_rotation": [-4.8092448027531165e-09, 1.0, -2.0145366871383032e-09, -0.11601792826811907]}, {"color": "CVBlue", "id_name": "object238691750203424", "shape": "CVSphere", "id_string": "ob15423", "world_size": [0.04, 0.04, 0.04], "id": 15423, "camera_size": [17, 18], "camera_position": [237, 295], "world_position": [0.5987802765343038, 0.6199874431829834, -0.1989260596256224], "world_orientation": [0.9986594503034351, 4.548933679323517e-10, -0.05176197754762609, -4.760883452422989e-10, 1.0, -3.971401054814893e-10, 0.05176197754762609, 4.2125099367071047e-10, 0.9986594503034351], "world_rotation": [-7.905330687947537e-09, 1.0, 8.992910986815141e-09, -0.05178511979186464]}, {"color": "CVPurple", "id_name": "object107461722599659", "shape": "CVCapsule", "id_string": "ob15430", "world_size": [0.04, 0.08, 0.04], "id": 15430, "camera_size": [17, 18], "camera_position": [254, 295], "world_position": [0.6000007256338142, 0.6399748863430401, -0.15500142248505322], "world_orientation": [0.9999999977996614, -5.223914597530786e-10, 6.633760051119102e-05, 5.223728213573663e-10, 1.0, 2.8098009801439965e-10, -6.633760051119116e-05, -2.8094544443732194e-10, 0.9999999977996614], "world_rotation": [-4.2353472095698045e-06, 0.9999999999600261, 7.874601078557483e-06, 6.633760056249792e-05]}, {"color": "CVRed", "id_name": "object63015555287775", "shape": "CVSphere", "id_string": "ob15437", "world_size": [0.04, 0.04, 0.04], "id": 15437, "camera_size": [16, 17], "camera_position": [271, 295], "world_position": [0.5994557728246358, 0.6203510533654614, -0.11013543529761297], "world_orientation": [0.9997986124021105, -0.018718029705106824, 0.007236712152158769, 0.018720548938061264, 0.9998247158126695, -0.00028053087579500783, -0.007230192685683904, 0.0004159496043509235, 0.99997377530596], "world_rotation": [0.017350184223366778, 0.36038836871048346, 0.9326409785151046, 0.020072618342354517]}, {"color": "CVYellow", "id_name": "object263654172787146", "shape": "CVCone", "id_string": "ob15444", "world_size": [0.04, 0.04, 0.04], "id": 15444, "camera_size": [16, 17], "camera_position": [289, 295], "world_position": [0.6, 0.6199874431539305, -0.065], "world_orientation": [1.0, 2.049142105997599e-16, 5.802954297681148e-18, -2.049142105997599e-16, 1.0, 6.179952383167331e-17, -5.802954297681148e-18, -6.179952383167331e-17, 1.0], "world_rotation": [-0.28863572672225335, 0.027102796704540077, -0.9570553043948448, 2.1410905896324258e-16]}, {"color": "CVYellow", "id_name": "object180457991466682", "shape": "CVCone", "id_string": "ob15451", "world_size": [0.04, 0.04, 0.04], "id": 15451, "camera_size": [18, 18], "camera_position": [218, 278], "world_position": [0.6431512137383283, 0.6199815585926692, -0.24516465429347906], "world_orientation": [0.9956218492697512, 0.00017841242774054917, -0.09347246346216892, -0.00019441178955529988, 0.9999999679702088, -0.00016206059891621567, 0.09347243155464052, 0.00017952322208254862, 0.9956218520656704], "world_rotation": [-0.0018271832000865498, 0.9999963420922494, 0.0019942927754498566, -0.0936094418772179]}, {"color": "CVPurple", "id_name": "object181379937351733", "shape": "CVSphere", "id_string": "ob15458", "world_size": [0.04, 0.04, 0.04], "id": 15458, "camera_size": [16, 16], "camera_position": [236, 277], "world_position": [0.6449801770940333, 0.6199779808188651, -0.20001812448276984], "world_orientation": [0.9999998064801497, -0.0003088790774637532, 0.0005400309052335309, 0.00030866446842541336, 0.9999998733840008, 0.0003974395908680009, -0.0005401535976311395, -0.0003972728256032719, 0.9999997752041713], "world_rotation": [-0.5382809431570215, 0.7316391702640663, 0.4182795127295812, 0.000738194895018589]}, {"color": "CVGreen", "id_name": "object193011833759000", "shape": "CVBox", "id_string": "ob15465", "world_size": [0.04, 0.04, 0.04], "id": 15465, "camera_size": [17, 17], "camera_position": [253, 278], "world_position": [0.6436512367616408, 0.6199583412197176, -0.15737147964143297], "world_orientation": [0.9997724410825829, -0.0003254233114192932, 0.021329794922642097, 0.0003531359201986685, 0.9999990984995158, -0.0012954903233321233, -0.021329354111070713, 0.0013027278397142788, 0.9997716547059036], "world_rotation": [0.06078615257063236, 0.9980245610538827, 0.015875112247302016, 0.021373420464342676]}, {"color": "CVGreen", "id_name": "object140257508391224", "shape": "CVBox", "id_string": "ob15472", "world_size": [0.04, 0.04, 0.04], "id": 15472, "camera_size": [16, 16], "camera_position": [271, 277], "world_position": [0.6450786058438188, 0.6199704921790219, -0.11021675958179653], "world_orientation": [0.9999451334648125, -6.300664342441265e-05, 0.010475022205284372, 6.165048861123476e-05, 0.99999998967709, 0.0001297884324085053, -0.01047503027468514, -0.00012913552112974206, 0.9999451270268592], "world_rotation": [-0.01235794509959443, 0.9999059370257978, 0.005949646500132968, 0.010476203272422413]}, {"color": "CVBlue", "id_name": "object189796182921459", "shape": "CVSphere", "id_string": "ob15479", "world_size": [0.04, 0.04, 0.04], "id": 15479, "camera_size": [16, 16], "camera_position": [289, 277], "world_position": [0.645, 0.6199874431539305, -0.065], "world_orientation": [1.0, 3.5778671692020784e-17, -3.6332864841185517e-17, -3.5778671692020784e-17, 1.0, 1.0733601507606489e-16, 3.6332864841185517e-17, -1.0733601507606489e-16, 1.0], "world_rotation": [0.9032531890035577, 0.3057480381601587, 0.3010843963345121, -1.18832699826363e-16]}, {"color": "CVBlue", "id_name": "object243443648015172", "shape": "CVCylinder", "id_string": "ob15486", "world_size": [0.04, 0.04, 0.04], "id": 15486, "camera_size": [17, 16], "camera_position": [219, 260], "world_position": [0.6891612486030202, 0.6199833430187587, -0.24364781232382207], "world_orientation": [0.9997882467069822, 0.0002064748443507331, 0.020577150306035085, -0.00020441994717197275, 0.9999999739076667, -0.00010196642183767099, -0.0205771708226303, 9.773845013356073e-05, 0.9997882628277508], "world_rotation": [0.004852286771947022, 0.9999383893340839, -0.009983629051647607, 0.02057988108891841]}, {"color": "CVPurple", "id_name": "object200119596087901", "shape": "CVCone", "id_string": "ob15493", "world_size": [0.04, 0.04, 0.04], "id": 15493, "camera_size": [16, 15], "camera_position": [236, 260], "world_position": [0.6898810692578929, 0.6199817351535348, -0.1995861197224048], "world_orientation": [0.9999819520013197, -5.268471309410966e-05, 0.006007736341731432, 5.259544090467082e-05, 0.9999999985040967, 1.5017528723566748e-05, -0.006007737123938634, -1.470127814549541e-05, 0.9999819532764189], "world_rotation": [-0.0024732754242696715, 0.9999585570355676, 0.008761684770715938, 0.006008021866095094]}, {"color": "CVBlue", "id_name": "object75885738386812", "shape": "CVCapsule", "id_string": "ob15500", "world_size": [0.04, 0.08, 0.04], "id": 15500, "camera_size": [17, 16], "camera_position": [254, 261], "world_position": [0.685718649386304, 0.6399493085830885, -0.1550437698445333], "world_orientation": [0.9999938478957979, -0.00112575510201927, -0.0033221748909542386, 0.0011273430027413554, 0.9999992511956943, 0.0004761363301620964, 0.0033216363903924412, -0.0004798786315389627, 0.999994368208236], "world_rotation": [0.1350246459218821, 0.9383517013577377, -0.3182207245807689, -0.0035401572508745012]}, {"color": "CVYellow", "id_name": "object207762858915938", "shape": "CVBox", "id_string": "ob15507", "world_size": [0.04, 0.04, 0.04], "id": 15507, "camera_size": [16, 16], "camera_position": [271, 259], "world_position": [0.6905579986060678, 0.6199751934008588, -0.11053585368537243], "world_orientation": [0.9999991649958626, 0.00016736653623145918, 0.0012814039254198685, -0.00016701740302833712, 0.9999999489071246, -0.000272563635227708, -0.001281449477980788, 0.0002723493908800912, 0.9999991418561541], "world_rotation": [0.20629754560441504, 0.9702656048469711, -0.12659375469799297, 0.0013206972068457805]}, {"color": "CVPurple", "id_name": "object69619494191445", "shape": "CVCone", "id_string": "ob15514", "world_size": [0.04, 0.04, 0.04], "id": 15514, "camera_size": [16, 15], "camera_position": [289, 260], "world_position": [0.6900000178744315, 0.6199874431505437, -0.06500005982997713], "world_orientation": [0.9999999999999336, 3.409949454394241e-11, 3.644538048684102e-07, -3.409926888277393e-11, 1.0, -6.19382847382294e-10, -3.6445380486843127e-07, 6.193828349587881e-10, 0.9999999999999336], "world_rotation": [0.001699479977227118, 0.999998551505852, -9.356283804723684e-05, 3.64454332778397e-07]}, {"color": "CVPurple", "id_name": "object199630771054650", "shape": "CVCylinder", "id_string": "ob15521", "world_size": [0.04, 0.04, 0.04], "id": 15521, "camera_size": [17, 16], "camera_position": [219, 242], "world_position": [0.735, 0.6199874431539305, -0.245], "world_orientation": [1.0, -2.2442984970449937e-16, -1.4488340486922525e-17, 2.2442984970449937e-16, 1.0, -5.952269926945416e-16, 1.4488340486922525e-17, 5.952269926945416e-16, 1.0], "world_rotation": [-0.9354546928465729, 0.022769777356192403, -0.3527124251716587, -6.362969764823948e-16]}, {"color": "CVPurple", "id_name": "object170108495830067", "shape": "CVCapsule", "id_string": "ob15528", "world_size": [0.04, 0.08, 0.04], "id": 15528, "camera_size": [17, 17], "camera_position": [236, 242], "world_position": [0.735032821747665, 0.6399541748293606, -0.200046019699608], "world_orientation": [0.999999705059061, 0.0007680371640851893, 8.400666423462301e-07, -0.0007680376211632849, 0.9999990183050926, 0.001171967176832992, 6.004852919383282e-08, -0.0011719674763746777, 0.9999993132458795], "world_rotation": [-0.8363967315112812, 0.00027833736724163687, -0.5481244658337702, 0.0014012102940564792]}, {"color": "CVBlue", "id_name": "object14740324392563", "shape": "CVCylinder", "id_string": "ob15535", "world_size": [0.04, 0.04, 0.04], "id": 15535, "camera_size": [16, 16], "camera_position": [253, 230], "world_position": [0.7656755607310108, 0.6199794172176075, -0.15538458415037956], "world_orientation": [0.9999993636827547, 0.0001270236564499081, -0.0011209366961211678, -0.0001270376975601205, 0.9999999918531477, -1.2455037670460764e-05, 0.0011209351049046362, 1.2597430962103248e-05, 0.9999993716727003], "world_rotation": [-0.01110304205488698, 0.993578607103805, 0.11259784173238076, -0.0011281806293783393]}, {"color": "CVGreen", "id_name": "object185400228263254", "shape": "CVBox", "id_string": "ob15542", "world_size": [0.04, 0.04, 0.04], "id": 15542, "camera_size": [16, 16], "camera_position": [271, 242], "world_position": [0.7350332610662434, 0.6199816469775419, -0.10996191371810025], "world_orientation": [0.9999963177604406, -1.7323211533629412e-05, -0.0027136995902645117, 1.7580456014672317e-05, 0.9999999953546996, 9.477092710988634e-05, 0.002713697935921744, -9.481828621691258e-05, 0.9999963134197072], "world_rotation": [0.034909868516254196, 0.999369799050817, -0.0064269608141995825, -0.002715413354065079]}, {"color": "CVBlue", "id_name": "object78970619858073", "shape": "CVCylinder", "id_string": "ob15549", "world_size": [0.04, 0.04, 0.04], "id": 15549, "camera_size": [16, 16], "camera_position": [289, 242], "world_position": [0.735, 0.6199874431539305, -0.065], "world_orientation": [1.0, 4.228388472693457e-17, -1.6957377686420176e-17, -4.228388472693457e-17, 1.0, 1.0733601507606494e-16, 1.6957377686420176e-17, -1.0733601507606494e-16, 1.0], "world_rotation": [0.92051720276698, 0.14542702990328832, 0.3626279889688094, -1.1660402951017529e-16]}, {"color": "CVYellow", "id_name": "object155646295684005", "shape": "CVCylinder", "id_string": "ob15556", "world_size": [0.04, 0.04, 0.04], "id": 15556, "camera_size": [17, 16], "camera_position": [219, 224], "world_position": [0.78, 0.6199874431539305, -0.245], "world_orientation": [1.0, -2.2442984970449937e-16, -1.4488340486922525e-17, 2.2442984970449937e-16, 1.0, -5.952269926945416e-16, 1.4488340486922525e-17, 5.952269926945416e-16, 1.0], "world_rotation": [-0.9354546928465729, 0.022769777356192403, -0.3527124251716587, -6.362969764823948e-16]}, {"color": "CVBlue", "id_name": "object168985478150186", "shape": "CVBox", "id_string": "ob15563", "world_size": [0.04, 0.04, 0.04], "id": 15563, "camera_size": [16, 16], "camera_position": [236, 224], "world_position": [0.7800000002819901, 0.6199874426032996, -0.20000112323170094], "world_orientation": [0.999999999996897, 5.657476753291592e-09, -2.4912393770707035e-06, -5.530125912242547e-09, 0.9999999986934, 5.111947019500366e-05, 2.491239663022857e-06, -5.111947018106817e-05, 0.9999999986902968], "world_rotation": [0.998814619619974, 0.048675904590657, 0.00010929633131692891, -5.118013814195352e-05]}, {"color": "CVYellow", "id_name": "object258905591451389", "shape": "CVSphere", "id_string": "ob15570", "world_size": [0.04, 0.04, 0.04], "id": 15570, "camera_size": [15, 16], "camera_position": [254, 214], "world_position": [0.8056634565098428, 0.6199874747834376, -0.15505211419688922], "world_orientation": [0.9999997099128686, 0.00039651826977484943, -0.0006503440938917385, -0.00039651948891338934, 0.9999999213846207, -1.7456693831626912e-06, 0.0006503433505748875, 2.0035429844531847e-06, 0.9999997885247338], "world_rotation": [-0.0024611015388216312, 0.8538123630319675, 0.5205750586735628, -0.000761694036391928]}, {"color": "CVYellow", "id_name": "object194532875644760", "shape": "CVSphere", "id_string": "ob15577", "world_size": [0.04, 0.04, 0.04], "id": 15577, "camera_size": [16, 16], "camera_position": [271, 224], "world_position": [0.7799979602837218, 0.619987443172213, -0.10961622706479202], "world_orientation": [0.9999999980650783, 1.9292219462016442e-11, -6.220806539987586e-05, -1.9327777468130814e-11, 1.0, -5.715974147896796e-10, 6.220806539987586e-05, 5.715986160273064e-10, 0.9999999980650783], "world_rotation": [-9.188487243737315e-06, 0.9999999999577378, 3.104098856013625e-07, -6.22080654426275e-05]}, {"color": "CVYellow", "id_name": "object99437445261705", "shape": "CVCone", "id_string": "ob15584", "world_size": [0.04, 0.04, 0.04], "id": 15584, "camera_size": [17, 17], "camera_position": [289, 226], "world_position": [0.7763075714014995, 0.6199874431848338, -0.06524816623790046], "world_orientation": [0.9994760436349338, 5.168881854052255e-10, -0.0323672396082808, -5.256031116053065e-10, 1.0, -2.6074306015572213e-10, 0.0323672396082808, 2.7761876402189403e-10, 0.9994760436349338], "world_rotation": [-8.316461809734963e-09, 1.0, 1.610411189874564e-08, -0.03237289380038931]}, {"color": "CVBlue", "id_name": "object187269808018460", "shape": "CVCylinder", "id_string": "ob15591", "world_size": [0.04, 0.04, 0.04], "id": 15591, "camera_size": [17, 18], "camera_position": [233, 280], "world_position": [0.6395826617248882, 0.6599713278177753, -0.20692434706964535], "world_orientation": [0.9989730059758604, -1.6610580702652697e-05, -0.045309304294396925, 1.3516278073850324e-05, 0.9999999975557274, -6.859923747265501e-05, 0.04530930532312181, 6.79163733095343e-05, 0.9989730037586113], "world_rotation": [-0.0015064835898862814, 0.9999988099889436, -0.00033245735122583203, -0.04532487595078902]}, {"color": "CVRed", "id_name": "object32879291400311", "shape": "CVCone", "id_string": "ob15598", "world_size": [0.04, 0.04, 0.04], "id": 15598, "camera_size": [17, 17], "camera_position": [252, 280], "world_position": [0.6408855551309693, 0.6599316097466654, -0.15945223161111288], "world_orientation": [0.9995784646475933, -4.299386814618894e-05, 0.029032587970896046, 8.346114234998651e-05, 0.9999990267844028, -0.0013926465757919556, -0.029032499840665357, 0.0013944826189842784, 0.999577495430558], "world_rotation": [0.047944771399001544, 0.9988476194810088, 0.002175305178482848, 0.029070133265688244]}, {"color": "CVYellow", "id_name": "object226815502621292", "shape": "CVSphere", "id_string": "ob15605", "world_size": [0.04, 0.04, 0.04], "id": 15605, "camera_size": [17, 16], "camera_position": [273, 280], "world_position": [0.6390970139986055, 0.6599541896377816, -0.10759639494505122], "world_orientation": [0.9999719941215237, -0.00040284950687741026, 0.007473197769242602, 0.00040220975673071194, 0.9999999153196926, 8.710866364696157e-05, -0.007473232228092112, -8.410043103555025e-05, 0.99997207147359], "world_rotation": [-0.011437520094132299, 0.9984872225804676, 0.053781497539953926, 0.007484607318172043]}, {"color": "CVRed", "id_name": "object267520713253860", "shape": "CVBox", "id_string": "ob15612", "world_size": [0.04, 0.04, 0.04], "id": 15612, "camera_size": [17, 17], "camera_position": [234, 262], "world_position": [0.685130382898806, 0.6599763537095856, -0.20405537166000404], "world_orientation": [0.999794272601135, 0.00017782210660526127, -0.020282525810804617, -0.00017839952921893136, 0.9999999837314372, -2.6659590650558004e-05, 0.020282520740172495, 3.0272499098336106e-05, 0.9997942880592989], "world_rotation": [-0.0014034210115405573, 0.9999604601703198, 0.00878114488131417, -0.02028471633717733]}, {"color": "CVYellow", "id_name": "object239134664024325", "shape": "CVBox", "id_string": "ob15619", "world_size": [0.04, 0.04, 0.04], "id": 15619, "camera_size": [17, 17], "camera_position": [252, 264], "world_position": [0.6806688063667791, 0.6999129279150932, -0.16008327243076872], "world_orientation": [0.9999949518534792, -0.0017226573564356497, -0.002669966140257363, 0.0017253032356687981, 0.9999980226095098, 0.0009889923231975668, 0.0026682571657907035, -0.0009935938318402966, 0.9999959465792821], "world_rotation": [0.2978195630800155, 0.8018957101011475, -0.51794476343352, -0.003328508368244228]}, {"color": "CVYellow", "id_name": "object122805630972027", "shape": "CVCylinder", "id_string": "ob15626", "world_size": [0.04, 0.04, 0.04], "id": 15626, "camera_size": [17, 17], "camera_position": [271, 262], "world_position": [0.6849647155487018, 0.6599659211308826, -0.11322455707576824], "world_orientation": [0.9999496941030399, 0.00018271477898901395, 0.010028752591747144, -0.00018141901370130855, 0.9999999750786652, -0.00013011460483069073, -0.01002877611567851, 0.0001282886528949391, 0.9999497023308939], "world_rotation": [0.01287991448145364, 0.9997523124698605, -0.018149972840661836, 0.010031417210615238]}, {"color": "CVBlue", "id_name": "object173394866496904", "shape": "CVBox", "id_string": "ob15633", "world_size": [0.04, 0.04, 0.04], "id": 15633, "camera_size": [17, 16], "camera_position": [233, 243], "world_position": [0.7301071467908806, 0.6999311643030428, -0.20515927192686978], "world_orientation": [0.9999989809723083, 0.0009039201736043044, 0.0011049808436091049, -0.0009054484425373452, 0.999998633243946, 0.0013833558321085793, -0.0011037288901259315, -0.0013843549256145583, 0.9999984326707603], "world_rotation": [-0.6960193396056691, 0.5554426834397753, -0.45501703738223914, 0.0019882440212112885]}, {"color": "CVRed", "id_name": "object200050363201958", "shape": "CVSphere", "id_string": "ob15640", "world_size": [0.04, 0.04, 0.04], "id": 15640, "camera_size": [17, 16], "camera_position": [252, 239], "world_position": [0.7410555637841696, 0.6599725495366088, -0.1600197158870739], "world_orientation": [0.9999997051381299, -0.000190984220273035, -0.0007438068843708038, 0.00019107847906470416, 0.9999999737236593, 0.00012665581650509703, 0.0007437826755639184, -0.00012679790464733336, 0.999999715354771], "world_rotation": [0.16282084730462873, 0.9556403097527324, -0.2454403594739559, -0.0007783209304515947]}, {"color": "CVGreen", "id_name": "object72084711444029", "shape": "CVCone", "id_string": "ob15647", "world_size": [0.04, 0.04, 0.04], "id": 15647, "camera_size": [18, 18], "camera_position": [268, 244], "world_position": [0.7279094808006524, 0.6599727979216828, -0.11948758643350799], "world_orientation": [0.9974741786992285, -0.00010942176738095619, -0.07102992929164771, 9.099761098883782e-05, 0.9999999613746562, -0.0002626216308512269, 0.07102995528461527, 0.00025549474166773346, 0.9974741501285648], "world_rotation": [-0.0036471408697427944, 0.9999923539765627, -0.0014107983161913526, -0.07109035011025597]}, {"color": "CVBlue", "id_name": "object160597842953354", "shape": "CVCapsule", "id_string": "ob15654", "world_size": [0.04, 0.08, 0.04], "id": 15654, "camera_size": [18, 19], "camera_position": [244, 271], "world_position": [0.6655327242042554, 0.7598273083359349, -0.1752155454430285], "world_orientation": [0.9999908845383167, -0.0033842923644769275, -0.0026033450533961334, 0.003391170732925158, 0.9999907591530584, 0.0026422659878088403, 0.0025943787956755286, -0.0026510702898872255, 0.9999931204888275], "world_rotation": [0.526856267104981, 0.5173397722912753, -0.6743752915238045, -0.0050235319117567685]}, {"color": "CVRed", "id_name": "object121806902540680", "shape": "CVBox", "id_string": "ob15661", "world_size": [0.04, 0.04, 0.04], "id": 15661, "camera_size": [18, 17], "camera_position": [359, 217], "world_position": [0.8370678132680733, 0.01998744318579064, 0.21443630446413103], "world_orientation": [0.7404514000095944, 0.6721099048696068, 1.7731999202297293e-10, -4.792394814323587e-10, 2.6414367915172937e-10, 1.0, 0.6721099048696068, -0.7404514000095943, 5.176871986645183e-10], "world_rotation": [0.8776474732991686, 0.3389210176332868, 0.3389210179643663, -1.7009376778098961]}, {"color": "CVPurple", "id_name": "object117023421151864", "shape": "CVCylinder", "id_string": "ob15668", "world_size": [0.04, 0.04, 0.04], "id": 15668, "camera_size": [18, 17], "camera_position": [245, 250], "world_position": [0.7145355358509379, 0.7399447456121234, -0.17421202831408847], "world_orientation": [0.9999852647393055, 0.0008892452796622054, 0.005355328850200896, -0.0008834429574511448, 0.9999990203533717, -0.0010857351602204792, -0.005356289088737233, 0.0010809880340723024, 0.9999850707045923], "world_rotation": [0.19570455633465186, 0.9675035749319244, -0.16011420650211855, 0.005535727683586289]}, {"color": "CVBlue", "id_name": "object261564697266582", "shape": "CVSphere", "id_string": "ob15675", "world_size": [0.04, 0.04, 0.04], "id": 15675, "camera_size": [19, 20], "camera_position": [297, 198], "world_position": [0.8464586797052652, 0.619987443185571, -0.04503226765012743], "world_orientation": [0.984180823082282, 0.17716689159400542, 7.375743071857954e-11, -1.753235334689407e-10, 5.576248733596412e-10, 1.0, 0.17716689159400545, -0.9841808230822819, 5.798652339544796e-10], "world_rotation": [0.9921214463694573, 0.08858621685033802, 0.08858621697488239, -1.5787059971600526]}], "source": "manual check"}
