{"timestamp": 1721665037.583654, "objects": [{"color": "cv_", "id_name": "hand", "shape": "CVBox", "id_string": "ob383", "world_size": [0.12, 0.005, 0.12], "id": 383, "camera_size": [48, 49], "camera_position": [246, 391], "world_position": [0.3626735675805187, 0.6557362480276895, -0.1740898707472189], "world_orientation": [-4.078759604455257e-06, -0.0015810204509462066, 0.9999987501780678, -0.0007631201511651578, -0.9999984590056037, -0.0015810231031830944, 0.999999708815457, -0.0007631256460143418, 2.8722447539518916e-06], "world_rotation": [0.0, 1.0, 0.0, 0.0]}, {"color": "CVGreen", "id_name": "object189984773681272", "shape": "CVBox", "id_string": "ob11314", "world_size": [0.04, 0.04, 0.04], "id": 11314, "camera_size": [16, 16], "camera_position": [255, 249], "world_position": [0.7162022290739326, 0.6199750457006781, -0.15170114713276606], "world_orientation": [0.9989536826348278, 0.00017410539556019774, -0.045733025677594144, -0.0001541250940101857, 0.9999998911396903, 0.0004404157840137153, 0.0457330973778471, -0.0004329063624490764, 0.998953600722431], "world_rotation": [0.009547542734151197, 0.9999479826957115, 0.0035883604217726334, -0.04575139995836212]}, {"color": "CVPurple", "id_name": "object206254926191204", "shape": "CVCone", "id_string": "ob11321", "world_size": [0.04, 0.04, 0.04], "id": 11321, "camera_size": [17, 17], "camera_position": [219, 295], "world_position": [0.599999990027861, 0.6199874431493946, -0.24499999646831458], "world_orientation": [0.9999999999999435, -4.78181522278326e-10, -3.367084268580199e-07, 4.781811793860839e-10, 1.0, -1.0175491507026223e-09, 3.367084268585068e-07, 1.017548989565749e-09, 0.9999999999999435], "world_rotation": [-0.003022031277987604, 0.9999944252255946, -0.0014201565714906726, -3.367103039422541e-07]}, {"color": "CVBlue", "id_name": "object155749852968704", "shape": "CVBox", "id_string": "ob11328", "world_size": [0.04, 0.04, 0.04], "id": 11328, "camera_size": [16, 17], "camera_position": [236, 295], "world_position": [0.6000256853761932, 0.6199874489767697, -0.2000223245034753], "world_orientation": [0.9999991275974796, -2.442334885979714e-06, 0.0013209081403044022, 1.6900309558931442e-06, 0.9999998378128148, 0.0005695362042108629, -0.0013209093170681693, -0.0005695334749703955, 0.9999989654145635], "world_rotation": [-0.39593307419881946, 0.9182782462627428, 0.0014363829899000913, 0.0014384628946556208]}, {"color": "CVYellow", "id_name": "object185345638344078", "shape": "CVCapsule", "id_string": "ob11335", "world_size": [0.04, 0.08, 0.04], "id": 11335, "camera_size": [17, 19], "camera_position": [253, 297], "world_position": [0.5959796219967469, 0.6399748891689867, -0.1566337012626821], "world_orientation": [0.9982395217034054, -0.0007184713945635164, -0.0593071758576628, 0.0007194083368203619, 0.9999997412103672, -5.553705244000368e-06, 0.059307164499758876, -3.712214867882145e-05, 0.9982397802436772], "world_rotation": [0.00026612400305111504, 0.9999264974961024, -0.012121418365526972, -0.059346359809005655]}, {"color": "CVGreen", "id_name": "object224325791096438", "shape": "CVCapsule", "id_string": "ob11342", "world_size": [0.04, 0.08, 0.04], "id": 11342, "camera_size": [17, 19], "camera_position": [272, 296], "world_position": [0.5988201097935041, 0.6405280621052788, -0.11004052397079267], "world_orientation": [0.9995651103074398, -0.02948880923487413, 1.9646499586151187e-05, 0.029488776539599536, 0.9995646452488489, 0.0009654153201544988, -4.810689459767311e-05, -0.0009644161197466425, 0.9999995337935287], "world_rotation": [-0.03270391359712956, 0.001148183775787982, 0.999464424434131, 0.029508877233888127]}, {"color": "CVRed", "id_name": "object264015388209984", "shape": "CVCapsule", "id_string": "ob11349", "world_size": [0.04, 0.08, 0.04], "id": 11349, "camera_size": [17, 18], "camera_position": [290, 295], "world_position": [0.6, 0.6399748858658902, -0.065], "world_orientation": [1.0, -1.5612511283791513e-17, -1.789043210782128e-17, 1.5612511283791513e-17, 1.0, -1.4831885719601688e-16, 1.789043210782128e-17, 1.4831885719601688e-16, 1.0], "world_rotation": [-0.9874262572950706, 0.11910476355862816, -0.10393960603106182, -1.5020752800550153e-16]}, {"color": "CVPurple", "id_name": "object174512284585303", "shape": "CVCone", "id_string": "ob11356", "world_size": [0.04, 0.04, 0.04], "id": 11356, "camera_size": [17, 16], "camera_position": [219, 277], "world_position": [0.6449984040210126, 0.6199858741047028, -0.24500460499414292], "world_orientation": [0.9999999977063603, -6.636989437768116e-05, -1.350246531263568e-05, 6.636576866668132e-05, 0.9999999511864922, -0.00030532375928829216, 1.3522728959201373e-05, 0.0003053228624864995, 0.9999999532975417], "world_rotation": [-0.9762683589173627, 0.04320639977423754, -0.21221050491280596, -0.0003127452744686352]}, {"color": "CVRed", "id_name": "object165780437331579", "shape": "CVCone", "id_string": "ob11363", "world_size": [0.04, 0.04, 0.04], "id": 11363, "camera_size": [16, 16], "camera_position": [236, 277], "world_position": [0.6450016547947401, 0.6199727503109176, -0.19999515227782427], "world_orientation": [0.9999999987878375, 4.907689969145501e-05, -3.972765396391589e-06, -4.907781119903134e-05, 0.999999972399696, -0.0002297650453956482, 3.961489130634589e-06, 0.0002297652400917661, 0.9999999735961204], "world_rotation": [-0.9778006298381914, 0.01688271550066356, 0.20885617588512945, -0.00023498158811392303]}, {"color": "CVPurple", "id_name": "object198436264866325", "shape": "CVSphere", "id_string": "ob11370", "world_size": [0.04, 0.04, 0.04], "id": 11370, "camera_size": [16, 17], "camera_position": [254, 281], "world_position": [0.6361406523167398, 0.6199660320462899, -0.15393689684553397], "world_orientation": [0.998277292268161, -0.0004811970471402174, -0.05867040302529505, 0.00048735880404939257, 0.9999998771261566, 9.071420991424774e-05, 0.05867035216482718, -0.00011915147329494409, 0.9982774041216107], "world_rotation": [0.001788451065618987, 0.9999643364805213, -0.008253920877787866, -0.05870618524265895]}, {"color": "CVGreen", "id_name": "object271948207131799", "shape": "CVCapsule", "id_string": "ob11377", "world_size": [0.04, 0.08, 0.04], "id": 11377, "camera_size": [17, 17], "camera_position": [272, 278], "world_position": [0.6450126166192157, 0.6399359912995387, -0.10998360272643135], "world_orientation": [0.9999999984201003, 5.402593316405618e-05, 1.5524104879697675e-05, -5.402009202096731e-05, 0.9999999278464493, -0.0003760171887465535, -1.5544418439077755e-05, 0.00037601634953891025, 0.9999999291850357], "world_rotation": [0.9890097072682855, 0.04085864471259303, -0.14209282206132082, 0.00038019523513079385]}, {"color": "CVBlue", "id_name": "object265738915518582", "shape": "CVCylinder", "id_string": "ob11384", "world_size": [0.04, 0.04, 0.04], "id": 11384, "camera_size": [16, 16], "camera_position": [289, 277], "world_position": [0.645, 0.6199874431539305, -0.065], "world_orientation": [1.0, 3.5778671692020784e-17, -3.6332864841185517e-17, -3.5778671692020784e-17, 1.0, 1.0733601507606489e-16, 3.6332864841185517e-17, -1.0733601507606489e-16, 1.0], "world_rotation": [0.9032531890035577, 0.3057480381601587, 0.3010843963345121, -1.18832699826363e-16]}, {"color": "CVYellow", "id_name": "object182253783602864", "shape": "CVCylinder", "id_string": "ob11391", "world_size": [0.04, 0.04, 0.04], "id": 11391, "camera_size": [17, 15], "camera_position": [219, 260], "world_position": [0.69, 0.6199874431539305, -0.245], "world_orientation": [1.0, -2.2442984970449937e-16, -1.4488340486922525e-17, 2.2442984970449937e-16, 1.0, -5.952269926945416e-16, 1.4488340486922525e-17, 5.952269926945416e-16, 1.0], "world_rotation": [-0.9354546928465729, 0.022769777356192403, -0.3527124251716587, -6.362969764823948e-16]}, {"color": "CVYellow", "id_name": "object130121668831408", "shape": "CVCapsule", "id_string": "ob11398", "world_size": [0.04, 0.08, 0.04], "id": 11398, "camera_size": [17, 17], "camera_position": [236, 260], "world_position": [0.6899899987915392, 0.639962328726661, -0.19999748035087236], "world_orientation": [0.9999999753458376, -0.0001585356772952578, 0.00015548235759102808, 0.00015851475263589917, 0.9999999783803677, 0.0001345820851574377, -0.00015550369029161378, -0.00013455743559193602, 0.9999999788564492], "world_rotation": [-0.5182766672927289, 0.5988596993201999, 0.6105377602327816, 0.0002596485050922353]}, {"color": "CVPurple", "id_name": "object40773031125105", "shape": "CVSphere", "id_string": "ob11405", "world_size": [0.04, 0.04, 0.04], "id": 11405, "camera_size": [17, 16], "camera_position": [256, 265], "world_position": [0.6759989656351718, 0.6199723639491668, -0.1508050396729466], "world_orientation": [0.9983584829631827, -0.00029576242087614414, -0.05727348444125864, 0.0002912889210158887, 0.9999999538380528, -8.645609712900219e-05, 0.05727350736786767, 6.963104648691311e-05, 0.9983585230293276], "world_rotation": [-0.0013626280920682548, 0.9999859391693852, -0.005124910555842121, -0.05730566079265412]}, {"color": "CVGreen", "id_name": "object248990697378550", "shape": "CVSphere", "id_string": "ob11412", "world_size": [0.04, 0.04, 0.04], "id": 11412, "camera_size": [17, 17], "camera_position": [273, 259], "world_position": [0.691972144340385, 0.619956957115203, -0.10731320405429126], "world_orientation": [0.9961234929376596, 0.00014951352300952107, -0.08796570049390343, -0.00012002689809080685, 0.9999999348282733, 0.0003404952171654192, 0.0879657456696663, -0.00032861703488271625, 0.9961234459642159], "world_rotation": [0.0038032235973076947, 0.9999915941004495, 0.0015320635466159022, -0.08808030825257855]}, {"color": "CVPurple", "id_name": "object92854734732352", "shape": "CVSphere", "id_string": "ob11419", "world_size": [0.04, 0.04, 0.04], "id": 11419, "camera_size": [16, 15], "camera_position": [289, 260], "world_position": [0.69, 0.6199874431539305, -0.065], "world_orientation": [1.0, 4.228388472693457e-17, -1.6957377686420176e-17, -4.228388472693457e-17, 1.0, 1.0733601507606494e-16, 1.6957377686420176e-17, -1.0733601507606494e-16, 1.0], "world_rotation": [0.92051720276698, 0.14542702990328832, 0.3626279889688094, -1.1660402951017529e-16]}, {"color": "CVRed", "id_name": "object262024715326087", "shape": "CVCylinder", "id_string": "ob11426", "world_size": [0.04, 0.04, 0.04], "id": 11426, "camera_size": [17, 16], "camera_position": [219, 242], "world_position": [0.7349988078693586, 0.6199837703220544, -0.24498843146737564], "world_orientation": [0.9999999980588188, -6.2265704793255e-05, -2.3118270421494366e-06, 6.226615359063704e-05, 0.9999999791188728, 0.0001946411574483868, 2.299707525053801e-06, -0.00019464130101913037, 0.9999999810547375], "world_rotation": [0.9523908863423304, 0.011282253793676823, -0.30467082295717945, -0.0002043711603921677]}, {"color": "CVPurple", "id_name": "object86602440051779", "shape": "CVCone", "id_string": "ob11433", "world_size": [0.04, 0.04, 0.04], "id": 11433, "camera_size": [16, 16], "camera_position": [235, 242], "world_position": [0.7350384458229213, 0.6199785568401961, -0.20122123494696892], "world_orientation": [0.9999976718153047, -8.217915770177552e-05, 0.002156295563275868, 8.312897727177674e-05, 0.9999998995683509, -0.0004404007966104116, -0.002156259154949032, 0.0004405790219208848, 0.9999975782153586], "world_rotation": [0.20000801773587695, 0.9790752324016196, 0.03752975005352002, 0.0022023630369648653]}, {"color": "CVYellow", "id_name": "object85511069803885", "shape": "CVSphere", "id_string": "ob11440", "world_size": [0.04, 0.04, 0.04], "id": 11440, "camera_size": [17, 16], "camera_position": [254, 233], "world_position": [0.756764644228997, 0.6199771515939946, -0.15502790778899558], "world_orientation": [0.99985616749895, 0.0003557927796798789, -0.01695634765537578, -0.0003520722934828064, 0.9999999132916261, 0.00022240018086590703, 0.016956425313497003, -0.00021639833228353833, 0.9998562060678273], "world_rotation": [0.012935133688657032, 0.9996985836550535, 0.02086681946383869, -0.016962312345286834]}, {"color": "CVYellow", "id_name": "object159549211356429", "shape": "CVCone", "id_string": "ob11447", "world_size": [0.04, 0.04, 0.04], "id": 11447, "camera_size": [16, 16], "camera_position": [272, 241], "world_position": [0.7360444795558642, 0.6199659514967392, -0.10877143994001309], "world_orientation": [0.9999918053642847, 0.00019629327370469901, 0.004043596571069624, -0.0001996401791172211, 0.9999996378442372, 0.000827318072884553, -0.004043432709684901, -0.0008281185576580558, 0.9999914823995137], "world_rotation": [-0.20031379946537387, 0.9785596933932129, -0.04790937496907213, 0.00413212006837761]}, {"color": "CVYellow", "id_name": "object215176757866077", "shape": "CVBox", "id_string": "ob11454", "world_size": [0.04, 0.04, 0.04], "id": 11454, "camera_size": [16, 16], "camera_position": [289, 242], "world_position": [0.735, 0.6199874431539305, -0.065], "world_orientation": [1.0, 4.228388472693457e-17, -1.6957377686420176e-17, -4.228388472693457e-17, 1.0, 1.0733601507606494e-16, 1.6957377686420176e-17, -1.0733601507606494e-16, 1.0], "world_rotation": [0.92051720276698, 0.14542702990328832, 0.3626279889688094, -1.1660402951017529e-16]}, {"color": "CVRed", "id_name": "object143025208807424", "shape": "CVCapsule", "id_string": "ob11461", "world_size": [0.04, 0.08, 0.04], "id": 11461, "camera_size": [18, 17], "camera_position": [218, 224], "world_position": [0.7800002105892565, 0.6399748863288331, -0.24500772155253342], "world_orientation": [0.9999999999990479, -5.0510671615439244e-11, -1.379962917781322e-06, 5.050990156097135e-11, 1.0, -5.580382423446559e-10, 1.3799629177813504e-06, 5.580381726439234e-10, 0.9999999999990479], "world_rotation": [-0.0004043863456781462, 0.9999999175659617, -3.66026374865546e-05, -1.3799630315376994e-06]}, {"color": "CVBlue", "id_name": "object77190290820021", "shape": "CVBox", "id_string": "ob11468", "world_size": [0.04, 0.04, 0.04], "id": 11468, "camera_size": [17, 18], "camera_position": [236, 225], "world_position": [0.77775176351276, 0.6199748840784781, -0.19996767087249664], "world_orientation": [0.9981508865228457, 0.0004764523170072998, -0.06078306282877868, -0.00047156090383796854, 0.9999998843199249, 9.481798724280034e-05, 0.06078310097363915, -6.597974197913398e-05, 0.9981509957329613], "world_rotation": [0.001322676428949521, 0.9999687196909798, 0.007798087371084014, -0.06082247718412126]}, {"color": "CVBlue", "id_name": "object125246911212223", "shape": "CVCapsule", "id_string": "ob11475", "world_size": [0.04, 0.08, 0.04], "id": 11475, "camera_size": [16, 18], "camera_position": [253, 217], "world_position": [0.7971111119227348, 0.6399749486688607, -0.15625056545123914], "world_orientation": [0.9999987253650746, 0.000608781356730217, 0.0014760262483725476, -0.0006087769560836745, 0.9999998146894069, -3.4306986639201903e-06, -0.0014760280633946351, 2.5321235244614645e-06, 0.9999989106667789], "world_rotation": [0.0018672967423236406, 0.9244551028648742, -0.3812863438283241, 0.0015966462605310182]}, {"color": "CVRed", "id_name": "object148930697988249", "shape": "CVCylinder", "id_string": "ob11482", "world_size": [0.04, 0.04, 0.04], "id": 11482, "camera_size": [16, 16], "camera_position": [271, 224], "world_position": [0.78, 0.6199874431539305, -0.11], "world_orientation": [1.0, 4.228388472693457e-17, -1.6957377686420176e-17, -4.228388472693457e-17, 1.0, 1.0733601507606494e-16, 1.6957377686420176e-17, -1.0733601507606494e-16, 1.0], "world_rotation": [0.92051720276698, 0.14542702990328832, 0.3626279889688094, -1.1660402951017529e-16]}, {"color": "CVGreen", "id_name": "object101534899533164", "shape": "CVCapsule", "id_string": "ob11489", "world_size": [0.04, 0.08, 0.04], "id": 11489, "camera_size": [17, 17], "camera_position": [290, 224], "world_position": [0.78, 0.6399748858658902, -0.065], "world_orientation": [1.0, -1.5612511283791513e-17, -1.789043210782128e-17, 1.5612511283791513e-17, 1.0, -1.4831885719601688e-16, 1.789043210782128e-17, 1.4831885719601688e-16, 1.0], "world_rotation": [-0.9874262572950706, 0.11910476355862816, -0.10393960603106182, -1.5020752800550153e-16]}, {"color": "CVGreen", "id_name": "object222903981392052", "shape": "CVCone", "id_string": "ob11496", "world_size": [0.04, 0.04, 0.04], "id": 11496, "camera_size": [18, 18], "camera_position": [233, 279], "world_position": [0.6416675028933785, 0.659961412131961, -0.20669671533620554], "world_orientation": [0.9962250669935241, 2.7717982289060444e-05, 0.08680792086821339, 3.6953928478613834e-05, 0.9999997230005567, -0.0007433930434003352, -0.08680791742782286, 0.0007437946781631598, 0.9962247900154468], "world_rotation": [0.00856565377477493, 0.9999633126998378, 5.3195649880026585e-05, 0.0869205126296108]}, {"color": "CVBlue", "id_name": "object91777070221122", "shape": "CVBox", "id_string": "ob11503", "world_size": [0.04, 0.04, 0.04], "id": 11503, "camera_size": [17, 18], "camera_position": [252, 281], "world_position": [0.636216188246403, 0.6599430666075984, -0.15900399236556023], "world_orientation": [0.9984739531178062, -0.00040798849452602085, -0.055223169871797616, 0.0004349518801277248, 0.9999997920041479, 0.00047624418449904274, 0.05522296408345947, -0.0004995368351084754, 0.9984739228947281], "world_rotation": [0.008834302202350387, 0.9999318544179806, -0.007631620064970025, -0.05525494270795699]}, {"color": "CVRed", "id_name": "object270817551579351", "shape": "CVCapsule", "id_string": "ob11510", "world_size": [0.04, 0.08, 0.04], "id": 11510, "camera_size": [17, 19], "camera_position": [271, 282], "world_position": [0.637929541753155, 0.719907955884914, -0.1148165832255913], "world_orientation": [0.9998853263438507, -0.0005355442960246888, -0.015134310508194783, 0.0005303062230149703, 0.9999997980967322, -0.00035011684425117394, 0.015134494955606922, 0.0003420508760290268, 0.9998854084662087], "world_rotation": [-0.022847232247812543, 0.9991197336035559, -0.035181840522832616, -0.015148316120009176]}, {"color": "CVRed", "id_name": "object164630983940254", "shape": "CVBox", "id_string": "ob11517", "world_size": [0.04, 0.04, 0.04], "id": 11517, "camera_size": [18, 17], "camera_position": [233, 262], "world_position": [0.6849588292212871, 0.6999479629152876, -0.2042676791097003], "world_orientation": [0.9999999525152496, -0.00026176771849445685, 0.0001626258284506759, 0.0002617321754364068, 0.9999999418682388, 0.00021854012773246212, -0.00016268302574758023, -0.00021849755294328052, 0.9999999628965256], "world_rotation": [-0.578424257162587, 0.4305499060106161, 0.6928579631931491, 0.0003777829903047844]}, {"color": "CVPurple", "id_name": "object92019275066192", "shape": "CVCapsule", "id_string": "ob11524", "world_size": [0.04, 0.08, 0.04], "id": 11524, "camera_size": [17, 17], "camera_position": [252, 260], "world_position": [0.6899573032417461, 0.679959963091341, -0.15933207129060906], "world_orientation": [0.9999980981615009, -0.00032148238680444735, -0.0019236222229231485, 0.0003222556476274701, 0.9999998674001409, 0.0004016851979160777, 0.001923492833134941, -0.0004023043321009536, 0.9999980691614085], "world_rotation": [0.20187560910018318, 0.9659811057536536, -0.16163768674841467, -0.0019913006453361457]}, {"color": "CVRed", "id_name": "object274652486197742", "shape": "CVCone", "id_string": "ob11531", "world_size": [0.04, 0.04, 0.04], "id": 11531, "camera_size": [17, 18], "camera_position": [273, 261], "world_position": [0.6866962821456489, 0.6599358362756206, -0.1074607471028441], "world_orientation": [0.9975736118979007, -3.426855301747085e-05, -0.06961959257739758, 7.318217812448976e-05, 0.9999998425339232, 0.0005563959900196665, 0.06961956254778798, -0.0005601408708343806, 0.9975734573217451], "world_rotation": [0.00801858235543673, 0.9999675529016671, -0.0007716740638142975, -0.06967820479107893]}, {"color": "CVRed", "id_name": "object214344660874403", "shape": "CVCone", "id_string": "ob11538", "world_size": [0.04, 0.04, 0.04], "id": 11538, "camera_size": [17, 16], "camera_position": [233, 243], "world_position": [0.7304293709760786, 0.6599718106704331, -0.20619895407285466], "world_orientation": [0.9999870454682158, -0.00011713609843693383, 0.005088730183747915, 0.00012019019961254732, 0.9999998128563683, -0.0005998679393293296, -0.005088658965234476, 0.0006004717838176023, 0.9999868724056193], "world_rotation": [0.11709857457694403, 0.9928503900014765, 0.0231522548786094, 0.0051253611875828175]}, {"color": "CVGreen", "id_name": "object84827727404412", "shape": "CVCone", "id_string": "ob11545", "world_size": [0.04, 0.04, 0.04], "id": 11545, "camera_size": [18, 17], "camera_position": [252, 240], "world_position": [0.7398619987963088, 0.6599686057177089, -0.15878409982599095], "world_orientation": [0.996781384530918, -2.379506284324205e-05, 0.08016776712882338, -3.990406316502395e-06, 0.9999999399847124, 0.0003464313045360308, -0.08016777056088643, -0.0003456361773446077, 0.9967813246138443], "world_rotation": [-0.0043163296153294626, 0.9999906769774052, 0.00012351891647256687, 0.08025463929344216]}, {"color": "CVGreen", "id_name": "object77972518877529", "shape": "CVBox", "id_string": "ob11552", "world_size": [0.04, 0.04, 0.04], "id": 11552, "camera_size": [17, 17], "camera_position": [272, 242], "world_position": [0.7354991885266045, 0.6599430188818177, -0.11026350463394896], "world_orientation": [0.9997268762629798, 0.00020023017745609628, 0.023369484062353497, -0.00023046628251006187, 0.9999991399179435, 0.0012911423878895533, -0.023369205437010137, -0.0012961756243715762, 0.9997260625621369], "world_rotation": [-0.05527013030824377, 0.9984290476951442, -0.009200511631280033, 0.02340825232497306]}, {"color": "CVBlue", "id_name": "object159463517884763", "shape": "CVCone", "id_string": "ob11559", "world_size": [0.04, 0.04, 0.04], "id": 11559, "camera_size": [20, 20], "camera_position": [249, 279], "world_position": [0.6436285331859781, 0.6999349549595387, -0.16508241608755236], "world_orientation": [-0.00044786910452322703, -0.9782192579762656, 0.2075738007014119, 0.9999998470460474, -0.00037074980875097946, 0.00041042960585957466, -0.0003245321975836602, 0.20757395277091864, 0.9782192744011484], "world_rotation": [0.10358837500980901, 0.10395580333462671, 0.9891727045950467, 1.582096239526686]}, {"color": "CVYellow", "id_name": "object33026450852165", "shape": "CVCapsule", "id_string": "ob11566", "world_size": [0.04, 0.08, 0.04], "id": 11566, "camera_size": [18, 18], "camera_position": [269, 265], "world_position": [0.6782110425214508, 0.7199179101356006, -0.11896056281803892], "world_orientation": [0.9998335310953881, 0.00043875797943570817, -0.018240547929356657, -0.0004317679425119182, 0.9999998318454141, 0.0003871506003225184, 0.018240714727540006, -0.00037921046793641677, 0.9998335524104248], "world_rotation": [0.020996369772880635, 0.9994950321079981, 0.02385022531952853, -0.018250860106645454]}, {"color": "CVRed", "id_name": "object175507668756753", "shape": "CVSphere", "id_string": "ob11573", "world_size": [0.04, 0.04, 0.04], "id": 11573, "camera_size": [19, 19], "camera_position": [235, 219], "world_position": [0.7929102119312167, 0.6599518884146416, -0.20206682844254886], "world_orientation": [0.1386738859803235, 0.9903373845242018, 0.001190865600974811, -3.135568512613319e-05, -0.001198093245318166, 0.9999992817944405, 0.990338100026419, -0.1386738237243745, -0.0001350915388973473], "world_rotation": [0.6310575120002032, 0.5481896338229518, 0.5488665975600732, -2.0167623801936228]}, {"color": "CVPurple", "id_name": "object272386131009373", "shape": "CVCone", "id_string": "ob11580", "world_size": [0.04, 0.04, 0.04], "id": 11580, "camera_size": [19, 19], "camera_position": [270, 247], "world_position": [0.7207924139317233, 0.6999290634286929, -0.11624254000028632], "world_orientation": [0.9890285269865862, 0.0001578055189727395, -0.14772456770680395, 3.376174617554671e-05, 0.9999991618514358, 0.0012942783977289642, 0.14772464813594385, -0.0012850656965752456, 0.9890276927059563], "world_rotation": [0.008729911738266705, 0.9999618054616558, 0.00041983199938014343, -0.14827294700955135]}], "source": "manual check"}
