{"timestamp": 1721665652.458301, "objects": [{"color": "cv_", "id_name": "hand", "shape": "CVBox", "id_string": "ob383", "world_size": [0.12, 0.005, 0.12], "id": 383, "camera_size": [48, 49], "camera_position": [246, 391], "world_position": [0.36269307321363836, 0.6554748101541413, -0.17408983839819017], "world_orientation": [-4.109766463116308e-06, -0.0015808351719850927, 0.9999987504708537, -0.0007631202400845035, -0.999998459298412, -0.0015808378479382117, 0.9999997088152621, -0.0007631257834182965, 2.9033928155769106e-06], "world_rotation": [0.0, 1.0, 0.0, 0.0]}, {"color": "CVBlue", "id_name": "object203998820395621", "shape": "CVCylinder", "id_string": "ob17593", "world_size": [0.04, 0.04, 0.04], "id": 17593, "camera_size": [16, 16], "camera_position": [255, 252], "world_position": [0.7090077284620074, 0.6199695844006292, -0.150583971161366], "world_orientation": [0.9999522786114813, 0.00012698494394663076, -0.00976854004089738, -0.00012605138218049598, 0.9999999874298608, 9.618382204152498e-05, 0.00976855213200272, -9.49478940419442e-05, 0.9999522820485695], "world_rotation": [0.009781729156218043, 0.9998683005175242, 0.012949880111886282, -0.009769988196203198]}, {"color": "CVPurple", "id_name": "object160038564487694", "shape": "CVCapsule", "id_string": "ob17600", "world_size": [0.04, 0.08, 0.04], "id": 17600, "camera_size": [18, 18], "camera_position": [218, 295], "world_position": [0.5999999957375607, 0.6399748858669241, -0.24500005424636953], "world_orientation": [0.9999999999993947, -1.2383435855604603e-10, 1.1002766900367098e-06, 1.2383391320842956e-10, 1.0, 4.047670105874628e-10, -1.1002766900367598e-06, -4.0476687433810184e-10, 0.9999999999993947], "world_rotation": [-0.0003678773859113013, 0.9999999259995666, 0.0001125481688740708, 1.1002767714579147e-06]}, {"color": "CVRed", "id_name": "object48137232187270", "shape": "CVSphere", "id_string": "ob17607", "world_size": [0.04, 0.04, 0.04], "id": 17607, "camera_size": [17, 17], "camera_position": [236, 300], "world_position": [0.5883879281302267, 0.6199874431852916, -0.20049193058918394], "world_orientation": [0.9996879465336681, -5.134456207392642e-10, 0.02498018325188892, 5.136995829236355e-10, 1.0, -3.749389983343185e-12, -0.02498018325188892, 1.658052969105339e-11, 0.9996879465336681], "world_rotation": [4.069209474846285e-10, 0.9999999999999999, 2.055920073334991e-08, 0.024982781960524017]}, {"color": "CVPurple", "id_name": "object179308112368888", "shape": "CVCapsule", "id_string": "ob17614", "world_size": [0.04, 0.08, 0.04], "id": 17614, "camera_size": [17, 18], "camera_position": [254, 300], "world_position": [0.589111581401691, 0.6399748839002197, -0.15500735373853708], "world_orientation": [0.9999413180956379, -0.0008020241647377064, -0.010803569891357168, 0.00080206182068273, 0.9999996783480073, -8.471826860427697e-07, 0.010803567095828368, -7.817997965193014e-06, 0.9999416397354823], "world_rotation": [0.00032173094178027735, 0.9972555940271721, -0.07403496924233126, -0.010833511376561376]}, {"color": "CVYellow", "id_name": "object466357955206", "shape": "CVSphere", "id_string": "ob17621", "world_size": [0.04, 0.04, 0.04], "id": 17621, "camera_size": [17, 17], "camera_position": [272, 295], "world_position": [0.6002158921873825, 0.6201827649630806, -0.10889301749317383], "world_orientation": [0.9992680274953494, -0.010290836902818958, -0.036844374080628725, 0.01031019352384912, 0.9999467922945374, 0.00033539434392141146, 0.03683896218753327, -0.0007150214715197899, 0.9993209592564547], "world_rotation": [0.013728005675205626, 0.9629760363352353, -0.26923724724536374, -0.038267475099143154]}, {"color": "CVPurple", "id_name": "object73935373472367", "shape": "CVCylinder", "id_string": "ob17628", "world_size": [0.04, 0.04, 0.04], "id": 17628, "camera_size": [16, 17], "camera_position": [289, 295], "world_position": [0.6, 0.6199874431539305, -0.065], "world_orientation": [1.0, 2.049142105997599e-16, 5.802954297681148e-18, -2.049142105997599e-16, 1.0, 6.179952383167331e-17, -5.802954297681148e-18, -6.179952383167331e-17, 1.0], "world_rotation": [-0.28863572672225335, 0.027102796704540077, -0.9570553043948448, 2.1410905896324258e-16]}, {"color": "CVPurple", "id_name": "object157201468631790", "shape": "CVCapsule", "id_string": "ob17635", "world_size": [0.04, 0.08, 0.04], "id": 17635, "camera_size": [18, 17], "camera_position": [218, 278], "world_position": [0.644998732985451, 0.639974886400856, -0.2450092033699171], "world_orientation": [0.999999997413319, 3.6850549932638316e-10, -7.192608927951128e-05, -3.684767216732961e-10, 1.0, 4.001135897599857e-10, 7.192608927951141e-05, -4.000870856350335e-10, 0.999999997413319], "world_rotation": [5.562659414600484e-06, 0.9999999999714049, 5.123191239514115e-06, -7.192608934358468e-05]}, {"color": "CVRed", "id_name": "object148618021340825", "shape": "CVBox", "id_string": "ob17642", "world_size": [0.04, 0.04, 0.04], "id": 17642, "camera_size": [16, 17], "camera_position": [236, 280], "world_position": [0.6389498162537426, 0.6199620455834686, -0.19962858652171894], "world_orientation": [0.9998805917738496, -0.00012352873975284457, -0.015452732270600381, 0.00012592419687927593, 0.9999999802065469, 0.00015404545583445477, 0.015452712935696422, -0.00015597293444059323, 0.9998805875380175], "world_rotation": [0.01003035856476059, 0.9999171234573957, -0.008070819273762464, -0.015454618580506419]}, {"color": "CVRed", "id_name": "object278692401628670", "shape": "CVBox", "id_string": "ob17649", "world_size": [0.04, 0.04, 0.04], "id": 17649, "camera_size": [16, 17], "camera_position": [254, 284], "world_position": [0.629104150852589, 0.6199707422457434, -0.15447377451603192], "world_orientation": [0.9999421097903274, -0.0006006331785268659, -0.010743198213476968, 0.0005984291238053742, 0.9999997992319116, -0.00020837159256338538, 0.010743321211477556, 0.0002019304871944387, 0.9999422684702479], "world_rotation": [-0.01906266118508419, 0.9982650833415074, -0.05570851218365194, -0.0107621385158867]}, {"color": "CVGreen", "id_name": "object218037591637938", "shape": "CVCylinder", "id_string": "ob17656", "world_size": [0.04, 0.04, 0.04], "id": 17656, "camera_size": [16, 16], "camera_position": [271, 277], "world_position": [0.6450015136222581, 0.6199621591935012, -0.11000662385783638], "world_orientation": [0.999999997196398, -7.488126651783279e-05, -1.2546637002054632e-09, 7.488126579603842e-05, 0.9999999849331661, 0.00015660927071121472, -1.0472436817162062e-08, -0.00015660927036609544, 0.9999999877367681], "world_rotation": [-0.9021764153153307, 2.655033600259736e-05, 0.43136726225324457, 0.00017359051807007387]}, {"color": "CVPurple", "id_name": "object172741983719899", "shape": "CVSphere", "id_string": "ob17663", "world_size": [0.04, 0.04, 0.04], "id": 17663, "camera_size": [16, 16], "camera_position": [289, 277], "world_position": [0.645, 0.6199874431539305, -0.065], "world_orientation": [1.0, 3.5778671692020784e-17, -3.6332864841185517e-17, -3.5778671692020784e-17, 1.0, 1.0733601507606489e-16, 3.6332864841185517e-17, -1.0733601507606489e-16, 1.0], "world_rotation": [0.9032531890035577, 0.3057480381601587, 0.3010843963345121, -1.18832699826363e-16]}, {"color": "CVYellow", "id_name": "object197521546580125", "shape": "CVBox", "id_string": "ob17670", "world_size": [0.04, 0.04, 0.04], "id": 17670, "camera_size": [17, 16], "camera_position": [218, 259], "world_position": [0.6907158798036529, 0.619987443176577, -0.24635565511734844], "world_orientation": [0.9995487944991581, -4.6009587928188314e-11, 0.03003676772357718, 6.272779068515884e-11, 1.0, -5.556489894768382e-10, -0.03003676772357718, 5.572824176748722e-10, 0.9995487944991581], "world_rotation": [1.8526151305523492e-08, 0.9999999999999999, 1.8100712369259759e-09, 0.03004128612402001]}, {"color": "CVBlue", "id_name": "object116185845162399", "shape": "CVSphere", "id_string": "ob17677", "world_size": [0.04, 0.04, 0.04], "id": 17677, "camera_size": [16, 16], "camera_position": [237, 264], "world_position": [0.6797757935632202, 0.6199601387475482, -0.1969952242699737], "world_orientation": [0.9999582099349928, 0.0005983376533814334, -0.009122520247020373, -0.0005936487982625814, 0.9999996903082963, 0.0005166859938787254, 0.009122826574536645, -0.0005112488283556776, 0.99995825545866], "world_rotation": [0.05613107605334734, 0.9962995006185136, 0.0650892262082865, -0.009156685201532401]}, {"color": "CVYellow", "id_name": "object168309193936636", "shape": "CVCylinder", "id_string": "ob17684", "world_size": [0.04, 0.04, 0.04], "id": 17684, "camera_size": [16, 16], "camera_position": [253, 268], "world_position": [0.6690892908855558, 0.6199633871687859, -0.1562636083889206], "world_orientation": [0.9999468988835337, -0.00023680889868304665, -0.010302588740188693, 0.00023111485816258115, 0.9999998199082734, -0.000553867622404742, 0.010302718045559375, 0.0005514571300802216, 0.9999467735314252], "world_rotation": [-0.05355194219570497, 0.9983076877943696, -0.022670464876733187, -0.0103203014541661]}, {"color": "CVGreen", "id_name": "object173485433617996", "shape": "CVSphere", "id_string": "ob17691", "world_size": [0.04, 0.04, 0.04], "id": 17691, "camera_size": [17, 16], "camera_position": [272, 259], "world_position": [0.69075026183919, 0.6199719999496408, -0.10915085039687661], "world_orientation": [0.999051783165786, 4.839994443319751e-05, -0.04353771021435383, -6.525289874699281e-05, 0.9999999235012786, -0.00038566759796477917, 0.043537688217484355, 0.00038814286325227106, 0.9990517098978385], "world_rotation": [-0.008886313044397699, 0.9999596641714683, 0.0013051707020044067, -0.043553223340124535]}, {"color": "CVGreen", "id_name": "object102977320452556", "shape": "CVSphere", "id_string": "ob17698", "world_size": [0.04, 0.04, 0.04], "id": 17698, "camera_size": [16, 15], "camera_position": [289, 260], "world_position": [0.69, 0.6199874431539305, -0.065], "world_orientation": [1.0, 4.228388472693457e-17, -1.6957377686420176e-17, -4.228388472693457e-17, 1.0, 1.0733601507606494e-16, 1.6957377686420176e-17, -1.0733601507606494e-16, 1.0], "world_rotation": [0.92051720276698, 0.14542702990328832, 0.3626279889688094, -1.1660402951017529e-16]}, {"color": "CVGreen", "id_name": "object235470386325652", "shape": "CVCone", "id_string": "ob17705", "world_size": [0.04, 0.04, 0.04], "id": 17705, "camera_size": [16, 16], "camera_position": [218, 242], "world_position": [0.7349710503208393, 0.6199874431823532, -0.24540683753945622], "world_orientation": [0.9999953750258362, 1.3444243226702462e-11, 0.003041369253731559, -1.189934456120259e-11, 1.0, -5.079796534933568e-10, -0.003041369253731559, 5.079411137998954e-10, 0.9999953750258362], "world_rotation": [1.6701700493071838e-07, 0.999999999999986, -4.166476621806082e-09, 0.003041373942491682]}, {"color": "CVBlue", "id_name": "object163224218511157", "shape": "CVCapsule", "id_string": "ob17712", "world_size": [0.04, 0.08, 0.04], "id": 17712, "camera_size": [17, 17], "camera_position": [237, 232], "world_position": [0.7600106941572881, 0.6400678323017621, -0.19695293342496745], "world_orientation": [0.9999975540818327, 0.0003112973535090528, -0.002189731561163832, -0.00029880170057258114, 0.9999836846146468, 0.005704491393477446, 0.002191471627923498, -0.005703823145244037, 0.9999813317525643], "world_rotation": [0.932365541518379, 0.35806190914799635, 0.04986147015915133, -0.0061179790539504925]}, {"color": "CVPurple", "id_name": "object80377527701106", "shape": "CVCapsule", "id_string": "ob17719", "world_size": [0.04, 0.08, 0.04], "id": 17719, "camera_size": [17, 17], "camera_position": [254, 236], "world_position": [0.7490322107884234, 0.6399592291757794, -0.15483090321809206], "world_orientation": [0.9999625844886469, 0.0005829015805002549, -0.008630750172101524, -0.000584957513392404, 0.9999998011379698, -0.00023568777731919327, 0.008630611072995117, 0.00024072758109986299, 0.9999627266067164], "world_rotation": [-0.027526714838714623, 0.9973409973569183, 0.06747751448664674, -0.008653798820163379]}, {"color": "CVGreen", "id_name": "object124149962318690", "shape": "CVCapsule", "id_string": "ob17726", "world_size": [0.04, 0.08, 0.04], "id": 17726, "camera_size": [17, 17], "camera_position": [272, 242], "world_position": [0.7347354624537258, 0.6399534343699086, -0.10967342057804948], "world_orientation": [0.9999997743649622, -0.0006715510970613564, 1.7004374048789004e-05, 0.0006715548290299501, 0.9999997502134659, -0.00022042485683611816, -1.6856343246889353e-05, 0.00022043622647005496, 0.9999999755618666], "world_rotation": [0.3117796251185459, 0.0239465041130879, 0.9498526360976743, 0.0007070075856731599]}, {"color": "CVRed", "id_name": "object206975448514130", "shape": "CVBox", "id_string": "ob17733", "world_size": [0.04, 0.04, 0.04], "id": 17733, "camera_size": [16, 16], "camera_position": [289, 242], "world_position": [0.735, 0.6199874431539305, -0.065], "world_orientation": [1.0, 4.228388472693457e-17, -1.6957377686420176e-17, -4.228388472693457e-17, 1.0, 1.0733601507606494e-16, 1.6957377686420176e-17, -1.0733601507606494e-16, 1.0], "world_rotation": [0.92051720276698, 0.14542702990328832, 0.3626279889688094, -1.1660402951017529e-16]}, {"color": "CVYellow", "id_name": "object121979218458559", "shape": "CVCapsule", "id_string": "ob17740", "world_size": [0.04, 0.08, 0.04], "id": 17740, "camera_size": [18, 17], "camera_position": [218, 224], "world_position": [0.78, 0.6399748858658902, -0.245], "world_orientation": [1.0, -1.3010426069826106e-17, -2.3826422606982324e-17, 1.3010426069826106e-17, 1.0, 3.2786273695961654e-16, 2.3826422606982324e-17, -3.2786273695961654e-16, 1.0], "world_rotation": [0.9965895685050425, 0.07242410176010956, -0.03954720509940661, -3.2898471679914803e-16]}, {"color": "CVPurple", "id_name": "object126605024828258", "shape": "CVCone", "id_string": "ob17747", "world_size": [0.04, 0.04, 0.04], "id": 17747, "camera_size": [18, 18], "camera_position": [237, 216], "world_position": [0.8018694814411227, 0.6199874431854775, -0.19658606250587335], "world_orientation": [0.9961274246030959, -5.368531695110767e-10, -0.08792129408512829, 5.409702956996907e-10, 1.0, 2.299986541455437e-11, 0.08792129408512829, -7.047360516114856e-11, 0.9961274246030959], "world_rotation": [5.315746972809501e-10, 1.0, -6.129479077998916e-09, -0.08803496412973721]}, {"color": "CVRed", "id_name": "object107409553068254", "shape": "CVSphere", "id_string": "ob17754", "world_size": [0.04, 0.04, 0.04], "id": 17754, "camera_size": [16, 17], "camera_position": [254, 219], "world_position": [0.7949616248008644, 0.6199874431631163, -0.15464417084994472], "world_orientation": [0.9999896843687937, 2.390378496785287e-10, -0.0045421532339273265, -2.4107255120259965e-10, 1.0, -4.474121862208441e-10, 0.0045421532339273265, 4.485025593497883e-10, 0.9999896843687937], "world_rotation": [-9.862225022249892e-08, 0.9999999999999939, 5.285052883013403e-08, -0.004542168852384348]}, {"color": "CVRed", "id_name": "object31511812172806", "shape": "CVCone", "id_string": "ob17761", "world_size": [0.04, 0.04, 0.04], "id": 17761, "camera_size": [16, 16], "camera_position": [271, 224], "world_position": [0.78, 0.6199874431539305, -0.11], "world_orientation": [1.0, 4.228388472693457e-17, -1.6957377686420176e-17, -4.228388472693457e-17, 1.0, 1.0733601507606494e-16, 1.6957377686420176e-17, -1.0733601507606494e-16, 1.0], "world_rotation": [0.92051720276698, 0.14542702990328832, 0.3626279889688094, -1.1660402951017529e-16]}, {"color": "CVRed", "id_name": "object187923370875036", "shape": "CVCapsule", "id_string": "ob17768", "world_size": [0.04, 0.08, 0.04], "id": 17768, "camera_size": [17, 17], "camera_position": [290, 224], "world_position": [0.78, 0.6399748858658902, -0.065], "world_orientation": [1.0, -1.5612511283791513e-17, -1.789043210782128e-17, 1.5612511283791513e-17, 1.0, -1.4831885719601688e-16, 1.789043210782128e-17, 1.4831885719601688e-16, 1.0], "world_rotation": [-0.9874262572950706, 0.11910476355862816, -0.10393960603106182, -1.5020752800550153e-16]}, {"color": "CVRed", "id_name": "object200699679694228", "shape": "CVBox", "id_string": "ob17775", "world_size": [0.04, 0.04, 0.04], "id": 17775, "camera_size": [17, 17], "camera_position": [234, 283], "world_position": [0.6332255146741512, 0.6599474098417458, -0.2046064917763336], "world_orientation": [0.9998666540204842, -0.00024776498681419, 0.016328281917978974, 0.00024354893223602872, 0.9999999364915916, 0.0002601936404131878, -0.016328345347869665, -0.0002561822090109717, 0.9998666508634422], "world_rotation": [-0.01580851858019833, 0.9997618972197924, 0.015041263503467116, 0.016332928540432595]}, {"color": "CVYellow", "id_name": "object215551536355897", "shape": "CVBox", "id_string": "ob17782", "world_size": [0.04, 0.04, 0.04], "id": 17782, "camera_size": [17, 17], "camera_position": [252, 284], "world_position": [0.6300043368780808, 0.6599560781571945, -0.15908768114767258], "world_orientation": [0.9996795593648574, -0.0004798682382390767, -0.025309055979210057, 0.0004679580230124313, 0.9999997769759256, -0.0004765116873776945, 0.025309278997505194, 0.0004645154178695964, 0.9996795609704406], "world_rotation": [-0.018584168922501393, 0.9996520637265087, -0.018718444187271373, -0.02532068211481674]}, {"color": "CVPurple", "id_name": "object44108605489367", "shape": "CVSphere", "id_string": "ob17789", "world_size": [0.04, 0.04, 0.04], "id": 17789, "camera_size": [17, 17], "camera_position": [271, 280], "world_position": [0.6401837740946635, 0.6599404761361305, -0.11310581898643202], "world_orientation": [0.9993058693699536, -0.00039175729642366834, -0.03725085192290213, 0.0004056085383387116, 0.9999998513907449, 0.0003642803888517802, 0.0372507036775805, -0.00037913679427627216, 0.9993058797639571], "world_rotation": [0.009977477653895006, 0.9998929578900966, -0.010701527996495916, -0.03726338877298832]}, {"color": "CVGreen", "id_name": "object261381283458956", "shape": "CVCapsule", "id_string": "ob17796", "world_size": [0.04, 0.08, 0.04], "id": 17796, "camera_size": [17, 17], "camera_position": [235, 267], "world_position": [0.6733217058775531, 0.6799364322421455, -0.20082372944023236], "world_orientation": [0.9998688689642583, 0.0008600142588892516, 0.016171124005750333, -0.0008611412653505649, 0.9999996272503033, 6.272938634082216e-05, -0.016171064029802052, -7.664678275987825e-05, 0.9998692368572077], "world_rotation": [-0.004303293830859803, 0.9985777277989552, -0.05314135118795035, 0.016194834374779466]}, {"color": "CVRed", "id_name": "object147595398980019", "shape": "CVCone", "id_string": "ob17803", "world_size": [0.04, 0.04, 0.04], "id": 17803, "camera_size": [17, 16], "camera_position": [253, 265], "world_position": [0.6766516943805997, 0.659942593782346, -0.1570373685019856], "world_orientation": [0.9999451201700867, -0.0005449702766646908, -0.010462296852430724, 0.000543627540631417, 0.9999998436299274, -0.00013118390947573538, 0.010462366707772043, 0.00012548911741785122, 0.999945260069447], "world_rotation": [-0.012249045187521596, 0.9985745389166737, -0.051950467941555965, -0.010477458412573297]}, {"color": "CVPurple", "id_name": "object3576953405336", "shape": "CVCone", "id_string": "ob17810", "world_size": [0.04, 0.04, 0.04], "id": 17810, "camera_size": [17, 17], "camera_position": [270, 263], "world_position": [0.6831292324195797, 0.6599586010196554, -0.11500473649475879], "world_orientation": [0.9967395956688704, -9.205471351791004e-05, -0.08068562419530903, 6.245968146467582e-05, 0.9999999298514256, -0.000369318198983807, 0.08068565253280852, 0.0003630744739422577, 0.9967395314987167], "world_rotation": [-0.004538507775805746, 0.9999892425141681, -0.0009574983598630008, -0.08077431289285104]}, {"color": "CVBlue", "id_name": "object105925008205107", "shape": "CVCapsule", "id_string": "ob17817", "world_size": [0.04, 0.08, 0.04], "id": 17817, "camera_size": [17, 17], "camera_position": [238, 248], "world_position": [0.7199033240907989, 0.639971945541827, -0.1950777894424792], "world_orientation": [0.999968337609382, 9.68568445765477e-05, -0.007957034465226616, -9.991412444307671e-05, 0.9999999213470318, -0.0003838269116368071, 0.007956996663118714, 0.0003846097788909565, 0.9999682686362709], "world_rotation": [-0.04822686794824739, 0.998760063400798, 0.01234929000128898, -0.00796697828836151]}, {"color": "CVGreen", "id_name": "object267056519517461", "shape": "CVSphere", "id_string": "ob17824", "world_size": [0.04, 0.04, 0.04], "id": 17824, "camera_size": [17, 18], "camera_position": [253, 237], "world_position": [0.7447136883097051, 0.6999461414390439, -0.15675896117000054], "world_orientation": [0.9997754084302276, 0.0004113754342888099, 0.021188758067052067, -0.00040826100144722286, 0.9999999052140088, -0.00015131070060857827, -0.02118881830415981, 0.00014262617391292914, 0.9997754816140711], "world_rotation": [0.006934677958956786, 0.9997889692943169, -0.01933719522094419, 0.021194847442438814]}, {"color": "CVGreen", "id_name": "object53637857159543", "shape": "CVCylinder", "id_string": "ob17831", "world_size": [0.04, 0.04, 0.04], "id": 17831, "camera_size": [17, 17], "camera_position": [271, 244], "world_position": [0.7297111592190196, 0.6999277120875581, -0.11455405313155936], "world_orientation": [0.9999793663155292, -0.0014078187980782679, 0.006267773881099997, 0.0014087709340338823, 0.9999989968039882, -0.00014749736611640942, -0.006267559943729549, 0.0001563241803670735, 0.9999803464344199], "world_rotation": [0.02364101010264795, 0.9754013730193776, 0.21916492455052983, 0.006425775294768714]}, {"color": "CVBlue", "id_name": "object244623253278868", "shape": "CVCylinder", "id_string": "ob17838", "world_size": [0.04, 0.04, 0.04], "id": 17838, "camera_size": [17, 17], "camera_position": [252, 268], "world_position": [0.6710399134471308, 0.6999184210869073, -0.16052939321645696], "world_orientation": [0.9999156717630071, -0.0002241435964541356, 0.012984572475923602, 0.00022716120074058163, 0.9999999475357589, -0.00023092481080590926, -0.012984520034380255, 0.00023385492839846973, 0.9999156702199189], "world_rotation": [0.017891852903236097, 0.9996889796019517, 0.017373130463378433, 0.01298895120108596]}, {"color": "CVGreen", "id_name": "object197174129089980", "shape": "CVCapsule", "id_string": "ob17845", "world_size": [0.04, 0.08, 0.04], "id": 17845, "camera_size": [18, 17], "camera_position": [268, 271], "world_position": [0.6648731983267657, 0.7199411958213138, -0.12041912853798813], "world_orientation": [0.9998992071163829, -0.00032358745162172506, 0.01419404449726525, 0.00032636058306777975, 0.9999999281088765, -0.00019305701665105508, -0.014193981006011411, 0.0001976699345158606, 0.9998992408386947], "world_rotation": [0.013758886066016537, 0.9996433759489992, 0.022886982665048013, 0.014199553648670898]}, {"color": "CVBlue", "id_name": "object14728725754529", "shape": "CVCapsule", "id_string": "ob17852", "world_size": [0.04, 0.08, 0.04], "id": 17852, "camera_size": [19, 36], "camera_position": [247, 266], "world_position": [0.6749579860833259, 0.7399074339837197, -0.17107126875662385], "world_orientation": [0.0005500431826324432, -0.99694307725421, 0.07812936814926737, 0.9999993949946515, 0.00047393485969933426, -0.000992671184265902, 0.0009526084340113971, 0.07812986689259922, 0.9969427347829546], "world_rotation": [0.03956128948300377, 0.03858839979942708, 0.9984717521168845, 1.5718129705573813]}, {"color": "CVBlue", "id_name": "object12407204328956", "shape": "CVCone", "id_string": "ob17859", "world_size": [0.04, 0.04, 0.04], "id": 17859, "camera_size": [21, 21], "camera_position": [266, 250], "world_position": [0.7141824747195861, 0.7398715320598587, -0.12685100400578864], "world_orientation": [0.9822983346956724, -0.012300571624967215, -0.18691890645894516, 0.012709239487643001, 0.9999187461541992, 0.0009880896012176932, 0.18689156451203082, -0.0033461959167613194, 0.9823748500888712], "world_rotation": [0.011568236229954001, 0.997702577618596, -0.06675134847879319, -0.18844904548851232]}], "source": "manual check"}
