{"timestamp": 1721665711.72316, "objects": [{"color": "cv_", "id_name": "hand", "shape": "CVBox", "id_string": "ob383", "world_size": [0.12, 0.005, 0.12], "id": 383, "camera_size": [48, 49], "camera_position": [246, 391], "world_position": [0.36267743819162845, 0.655489697338724, -0.17408986460928152], "world_orientation": [-4.076096205544958e-06, -0.0015807313745824353, 0.9999987506350732, -0.0007631201792358128, -0.9999984594625809, -0.0015807340248709515, 0.9999997088154464, -0.0007631256690445071, 2.869801916634807e-06], "world_rotation": [0.0, 1.0, 0.0, 0.0]}, {"color": "CVGreen", "id_name": "object48332618996594", "shape": "CVCylinder", "id_string": "ob18412", "world_size": [0.04, 0.04, 0.04], "id": 18412, "camera_size": [16, 16], "camera_position": [255, 251], "world_position": [0.7120654704515708, 0.619973060462961, -0.15017962216459887], "world_orientation": [0.9999522011945375, 8.245699486439148e-05, -0.00977693853121143, -7.646004232140006e-05, 0.9999998087326673, 0.0006137495342938479, 0.009776987269144671, -0.0006129726526653853, 0.9999520162410125], "world_rotation": [0.0626101893816309, 0.9980050988963972, 0.008110903919357208, -0.009796662665107661]}, {"color": "CVRed", "id_name": "object34759924880970", "shape": "CVCapsule", "id_string": "ob18419", "world_size": [0.04, 0.08, 0.04], "id": 18419, "camera_size": [18, 18], "camera_position": [218, 295], "world_position": [0.6000000017360427, 0.6399748858661269, -0.24500001500282745], "world_orientation": [0.9999999999999309, 4.1726378566950475e-11, 3.7176532517036097e-07, -4.172640858358712e-11, 1.0, 8.079793896761354e-11, -3.717653251703576e-07, -8.079795446907174e-11, 0.9999999999999309], "world_rotation": [-0.00021733588054278875, 0.9999999700838137, -0.00011223852657009732, 3.717653362921689e-07]}, {"color": "CVBlue", "id_name": "object80744916684086", "shape": "CVCapsule", "id_string": "ob18426", "world_size": [0.04, 0.08, 0.04], "id": 18426, "camera_size": [17, 21], "camera_position": [236, 298], "world_position": [0.5950528091508266, 0.6415037094378191, -0.200328647391924], "world_orientation": [0.996176014173574, -0.0850189809975962, 0.020127634122808175, 0.08503720653515817, 0.9963777752563671, -4.979828699709589e-05, -0.02005049350884183, 0.001761205639018782, 0.9997974174125221], "world_rotation": [0.010363550402175209, 0.22992111987944008, 0.9731540861839125, 0.08748527574462464]}, {"color": "CVYellow", "id_name": "object206185287539709", "shape": "CVBox", "id_string": "ob18433", "world_size": [0.04, 0.04, 0.04], "id": 18433, "camera_size": [15, 17], "camera_position": [254, 298], "world_position": [0.5921168066150904, 0.6199766710819328, -0.155037467697329], "world_orientation": [0.9999837398150248, -0.000564755352189375, -0.005674606325473247, 0.0005648353387226233, 0.9999998404024711, 1.2492908873824461e-05, 0.005674598364382948, -1.5697923922779265e-05, 0.9999838992138714], "world_rotation": [0.002471727617442796, 0.9950803110473709, -0.0990407245957574, -0.005702688555899392]}, {"color": "CVRed", "id_name": "object63359618714966", "shape": "CVBox", "id_string": "ob18440", "world_size": [0.04, 0.04, 0.04], "id": 18440, "camera_size": [16, 16], "camera_position": [271, 295], "world_position": [0.5993552279877563, 0.619981470916643, -0.11016879905614538], "world_orientation": [0.9999642373803649, 0.00026950623207145524, 0.008452888659885725, -0.00026963428409665136, 0.9999999635505455, 1.4009296108473593e-05, -0.008452884576189937, -1.628798368170529e-05, 0.9999642736003339], "world_rotation": [-0.0017912127357634874, 0.9994902690308303, -0.03187465559992147, 0.008457298332467836]}, {"color": "CVGreen", "id_name": "object166630349653920", "shape": "CVCapsule", "id_string": "ob18447", "world_size": [0.04, 0.08, 0.04], "id": 18447, "camera_size": [17, 18], "camera_position": [290, 295], "world_position": [0.6, 0.6399748858658902, -0.065], "world_orientation": [1.0, -1.5612511283791513e-17, -1.789043210782128e-17, 1.5612511283791513e-17, 1.0, -1.4831885719601688e-16, 1.789043210782128e-17, 1.4831885719601688e-16, 1.0], "world_rotation": [-0.9874262572950706, 0.11910476355862816, -0.10393960603106182, -1.5020752800550153e-16]}, {"color": "CVYellow", "id_name": "object44830383321630", "shape": "CVSphere", "id_string": "ob18454", "world_size": [0.04, 0.04, 0.04], "id": 18454, "camera_size": [17, 16], "camera_position": [219, 277], "world_position": [0.6449999999887163, 0.6199874431540017, -0.24500000377151562], "world_orientation": [0.9999999999999956, 7.86929299672351e-14, 9.395693331555802e-08, -7.869677965967682e-14, 1.0, 4.07244035577042e-11, -9.395693331555802e-08, -4.0724403565143254e-11, 0.9999999999999956], "world_rotation": [-0.00043343687686398094, 0.9999999060658817, -8.375629625652475e-07, 9.395694214132066e-08]}, {"color": "CVGreen", "id_name": "object221600004898956", "shape": "CVBox", "id_string": "ob18461", "world_size": [0.04, 0.04, 0.04], "id": 18461, "camera_size": [16, 16], "camera_position": [236, 277], "world_position": [0.6450677103156448, 0.6199743738384987, -0.20001531873748424], "world_orientation": [0.9999993907048794, 0.0010995422720923033, 9.796255308289266e-05, -0.001099546596648517, 0.999999394525961, 4.410207780837567e-05, -9.791400167027614e-05, -4.420976532902816e-05, 0.9999999942291726], "world_rotation": [-0.03996805491284592, 0.08864954708660007, -0.9952606755960092, 0.0011047805715673404]}, {"color": "CVGreen", "id_name": "object218876634555706", "shape": "CVBox", "id_string": "ob18468", "world_size": [0.04, 0.04, 0.04], "id": 18468, "camera_size": [16, 16], "camera_position": [254, 282], "world_position": [0.6321865068630798, 0.6199808847408707, -0.1548704106762418], "world_orientation": [0.9999399588524444, -0.0006200169493271859, -0.010940487610453596, 0.0006160886438746667, 0.9999997445403747, -0.00036242788014361784, 0.010940709527029325, 0.00035566580938253296, 0.9999400853935587], "world_rotation": [-0.032748027748546515, 0.9978726473735597, -0.05637150257234458, -0.010964142368180482]}, {"color": "CVRed", "id_name": "object206558100254358", "shape": "CVSphere", "id_string": "ob18475", "world_size": [0.04, 0.04, 0.04], "id": 18475, "camera_size": [16, 16], "camera_position": [271, 277], "world_position": [0.6446578011980701, 0.6199732502761691, -0.11028222999401674], "world_orientation": [0.999909780314074, 0.00024352463096390003, 0.013430261651002657, -0.0002468703639214131, 0.9999999389088654, 0.00024746169169118125, -0.013430200567515586, -0.00025075489935642034, 0.9999097793474653], "world_rotation": [-0.018542046516938342, 0.9996614903469657, -0.018250951434028904, 0.013435183092331467]}, {"color": "CVBlue", "id_name": "object22309341477413", "shape": "CVCapsule", "id_string": "ob18482", "world_size": [0.04, 0.08, 0.04], "id": 18482, "camera_size": [17, 17], "camera_position": [290, 278], "world_position": [0.645, 0.6399748858658902, -0.065], "world_orientation": [1.0, -8.066464163292171e-17, -3.573889421051852e-17, 8.066464163292171e-17, 1.0, -1.821459649775647e-16, 3.573889421051852e-17, 1.821459649775647e-16, 1.0], "world_rotation": [-0.8999806872227267, 0.17658538071993266, -0.3985628757700657, -2.0238874851820828e-16]}, {"color": "CVBlue", "id_name": "object266529202018532", "shape": "CVCylinder", "id_string": "ob18489", "world_size": [0.04, 0.04, 0.04], "id": 18489, "camera_size": [16, 15], "camera_position": [218, 260], "world_position": [0.6899640956950074, 0.6199936432518057, -0.2452945462343631], "world_orientation": [0.9999991754453419, -0.0005110365012858623, -0.0011781130382945636, 0.0005119852987574607, 0.9999995447678265, 0.0008051926437693971, 0.0011777010191480592, -0.0008057951563999514, 0.9999989818567194], "world_rotation": [0.531366257374303, 0.7770388445160586, -0.33743226673982224, -0.001515892658596487]}, {"color": "CVYellow", "id_name": "object262691309956047", "shape": "CVBox", "id_string": "ob18496", "world_size": [0.04, 0.04, 0.04], "id": 18496, "camera_size": [16, 15], "camera_position": [236, 260], "world_position": [0.6899450059320499, 0.6199771289365169, -0.20004686524864485], "world_orientation": [0.9999983608359206, -0.0012753161400363149, 0.0012852603686435676, 0.0012738779573585135, 0.9999985623348572, 0.0011191796855537298, -0.001286685828786121, -0.001117540586181512, 0.9999985477702537], "world_rotation": [-0.5255063114978842, 0.6042659766899403, 0.5989204838631262, 0.0021281589879808493]}, {"color": "CVPurple", "id_name": "object45979501554846", "shape": "CVBox", "id_string": "ob18503", "world_size": [0.04, 0.04, 0.04], "id": 18503, "camera_size": [16, 17], "camera_position": [253, 267], "world_position": [0.6721621333162635, 0.6199715788313662, -0.155472036045402], "world_orientation": [0.9999364666303538, -0.0004733490016957068, -0.01126226635832804, 0.00046743416811319445, 0.9999997514573212, -0.0005278168189012367, 0.011262513400738496, 0.0005225189168139013, 0.9999364393629626], "world_rotation": [-0.046539133094720186, 0.9980463269896419, -0.04168498858433935, -0.011284675481780445]}, {"color": "CVBlue", "id_name": "object230437522822218", "shape": "CVBox", "id_string": "ob18510", "world_size": [0.04, 0.04, 0.04], "id": 18510, "camera_size": [16, 16], "camera_position": [272, 259], "world_position": [0.6907796971866604, 0.6199859124325604, -0.10914054505447673], "world_orientation": [0.9999849305004646, -0.002708465978888066, -0.004775247011681319, 0.002719942126648512, 0.9999934247665025, 0.002398403341652193, 0.004768719619462673, -0.0024113555944264104, 0.999985722236767], "world_rotation": [0.4012471960103833, 0.7961916388028739, -0.4528571099079699, -0.0059935468465997675]}, {"color": "CVBlue", "id_name": "object178833048010383", "shape": "CVCapsule", "id_string": "ob18517", "world_size": [0.04, 0.08, 0.04], "id": 18517, "camera_size": [17, 17], "camera_position": [290, 260], "world_position": [0.69, 0.6399748858658902, -0.065], "world_orientation": [1.0, -9.627715291671303e-17, 2.6597159133585094e-18, 9.627715291671303e-17, 1.0, -2.1076890233118206e-16, -2.6597159133585094e-18, 2.1076890233118206e-16, 1.0], "world_rotation": [0.9095358415233338, 0.01147753261849028, 0.41546698933782017, 2.3173237678921624e-16]}, {"color": "CVPurple", "id_name": "object43218771829433", "shape": "CVCone", "id_string": "ob18524", "world_size": [0.04, 0.04, 0.04], "id": 18524, "camera_size": [17, 16], "camera_position": [218, 242], "world_position": [0.7349887056932753, 0.6200217776639412, -0.24604735630640817], "world_orientation": [0.9999843438826075, 0.0005330424716797304, -0.005570265289411993, -0.0005196112462020258, 0.999996955147762, 0.002412405305425209, 0.005571534243263958, -0.00240947316403584, 0.999981576052903], "world_rotation": [0.39569042010698763, 0.9143124128396283, 0.08638230815932829, -0.006093031395206545]}, {"color": "CVBlue", "id_name": "object136981466865882", "shape": "CVBox", "id_string": "ob18531", "world_size": [0.04, 0.04, 0.04], "id": 18531, "camera_size": [16, 16], "camera_position": [236, 242], "world_position": [0.7350112224962265, 0.6199725683864173, -0.2000089967702479], "world_orientation": [0.9999998934425244, 0.0004607489985713583, -2.8728039834017622e-05, -0.00046073476056477975, 0.9999997720086883, 0.0004936659314883687, 2.8955489367812234e-05, -0.0004936526428780203, 0.9999998777343164], "world_rotation": [0.7303943584632562, 0.04267287722435995, 0.681691357341754, -0.0006758805281669629]}, {"color": "CVGreen", "id_name": "object61724589573653", "shape": "CVSphere", "id_string": "ob18538", "world_size": [0.04, 0.04, 0.04], "id": 18538, "camera_size": [16, 16], "camera_position": [254, 235], "world_position": [0.7521077696931066, 0.6199680507066934, -0.1549975270110418], "world_orientation": [0.9999769369981792, 0.00018810980545259012, -0.0067889679952598345, -0.00018144190250668976, 0.9999995006209255, 0.0009827699301860537, 0.006789149473651652, -0.0009815154612922493, 0.9999764717616229], "world_rotation": [0.14312316997194663, 0.9893385262818324, 0.026926541398281035, -0.0068622739720541805]}, {"color": "CVYellow", "id_name": "object208509974564693", "shape": "CVCapsule", "id_string": "ob18545", "world_size": [0.04, 0.08, 0.04], "id": 18545, "camera_size": [17, 17], "camera_position": [272, 242], "world_position": [0.7350704682133548, 0.6399691394674194, -0.10985063218053515], "world_orientation": [0.9999986395453521, 0.0016485997740452256, 5.5011181495748815e-05, -0.001648436467500534, 0.9999945880793447, -0.00284718619595653, -5.970475429887225e-05, 0.0028470916400511388, 0.9999959452440472], "world_rotation": [0.8652717897284348, 0.01743161572617903, -0.500999868935438, 0.003290462129399823]}, {"color": "CVPurple", "id_name": "object182385405579583", "shape": "CVBox", "id_string": "ob18552", "world_size": [0.04, 0.04, 0.04], "id": 18552, "camera_size": [16, 16], "camera_position": [289, 242], "world_position": [0.735, 0.6199874431539305, -0.065], "world_orientation": [1.0, 4.228388472693457e-17, -1.6957377686420176e-17, -4.228388472693457e-17, 1.0, 1.0733601507606494e-16, 1.6957377686420176e-17, -1.0733601507606494e-16, 1.0], "world_rotation": [0.92051720276698, 0.14542702990328832, 0.3626279889688094, -1.1660402951017529e-16]}, {"color": "CVGreen", "id_name": "object202127473705825", "shape": "CVCapsule", "id_string": "ob18559", "world_size": [0.04, 0.08, 0.04], "id": 18559, "camera_size": [18, 17], "camera_position": [218, 224], "world_position": [0.78, 0.6399748858658902, -0.245], "world_orientation": [1.0, -1.3010426069826106e-17, -2.3826422606982324e-17, 1.3010426069826106e-17, 1.0, 3.2786273695961654e-16, 2.3826422606982324e-17, -3.2786273695961654e-16, 1.0], "world_rotation": [0.9965895685050425, 0.07242410176010956, -0.03954720509940661, -3.2898471679914803e-16]}, {"color": "CVBlue", "id_name": "object103897569132255", "shape": "CVCylinder", "id_string": "ob18566", "world_size": [0.04, 0.04, 0.04], "id": 18566, "camera_size": [16, 16], "camera_position": [236, 224], "world_position": [0.78, 0.6199874431539305, -0.2], "world_orientation": [1.0, 1.7889335846010863e-16, -4.367536594091608e-17, -1.7889335846010863e-16, 1.0, -6.570265165262153e-16, 4.367536594091608e-17, 6.570265165262153e-16, 1.0], "world_rotation": [-0.9628953949226872, 0.06400778001840857, 0.26217448871657395, -6.823446451096272e-16]}, {"color": "CVGreen", "id_name": "object22170356667817", "shape": "CVCylinder", "id_string": "ob18573", "world_size": [0.04, 0.04, 0.04], "id": 18573, "camera_size": [16, 17], "camera_position": [254, 220], "world_position": [0.7920949683001705, 0.619987584011054, -0.15482474399439616], "world_orientation": [0.9999766965082341, 0.0004084589130246999, -0.006814660798299304, -0.00040842347169361287, 0.9999999165734006, 6.592396758745796e-06, 0.006814662922498543, -3.808975711220256e-06, 0.999976779907786], "world_rotation": [0.0007617940201021302, 0.9982083939903177, 0.059828269548279106, -0.006826945993531716]}, {"color": "CVBlue", "id_name": "object110025423127973", "shape": "CVBox", "id_string": "ob18580", "world_size": [0.04, 0.04, 0.04], "id": 18580, "camera_size": [16, 16], "camera_position": [271, 224], "world_position": [0.78, 0.6199874431539305, -0.11], "world_orientation": [1.0, 4.228388472693457e-17, -1.6957377686420176e-17, -4.228388472693457e-17, 1.0, 1.0733601507606494e-16, 1.6957377686420176e-17, -1.0733601507606494e-16, 1.0], "world_rotation": [0.92051720276698, 0.14542702990328832, 0.3626279889688094, -1.1660402951017529e-16]}, {"color": "CVPurple", "id_name": "object26721147753487", "shape": "CVCapsule", "id_string": "ob18587", "world_size": [0.04, 0.08, 0.04], "id": 18587, "camera_size": [17, 17], "camera_position": [290, 224], "world_position": [0.78, 0.6399748858658902, -0.065], "world_orientation": [1.0, -1.5612511283791513e-17, -1.789043210782128e-17, 1.5612511283791513e-17, 1.0, -1.4831885719601688e-16, 1.789043210782128e-17, 1.4831885719601688e-16, 1.0], "world_rotation": [-0.9874262572950706, 0.11910476355862816, -0.10393960603106182, -1.5020752800550153e-16]}, {"color": "CVPurple", "id_name": "object197066876337348", "shape": "CVCylinder", "id_string": "ob18594", "world_size": [0.04, 0.04, 0.04], "id": 18594, "camera_size": [17, 17], "camera_position": [234, 282], "world_position": [0.6351955195793901, 0.6599724314622905, -0.20373733477866132], "world_orientation": [0.9998117237553141, 0.001172733383752639, 0.01936857604053469, -0.0011731272454905818, 0.9999993118457376, 8.97313084533601e-06, -0.019368552188876426, -3.1693245677470144e-05, 0.9998124114960992], "world_rotation": [-0.001047883313197364, 0.9981708168669028, -0.06044768230314447, 0.019405275557172436]}, {"color": "CVPurple", "id_name": "object148662548303598", "shape": "CVSphere", "id_string": "ob18601", "world_size": [0.04, 0.04, 0.04], "id": 18601, "camera_size": [17, 18], "camera_position": [253, 289], "world_position": [0.6169746902428753, 0.659972737502207, -0.15808321930288805], "world_orientation": [0.9988484718117178, 6.100423042899129e-05, 0.04797631330021103, -4.728431361696595e-05, 0.9999999576667135, -0.00028710758501422764, -0.04797632878399327, 0.00028450844549274127, 0.9988484324117222], "world_rotation": [0.00595716294301712, 0.9999816191327722, -0.0011285416561388562, 0.04799562774603782]}, {"color": "CVRed", "id_name": "object272185771005743", "shape": "CVBox", "id_string": "ob18608", "world_size": [0.04, 0.04, 0.04], "id": 18608, "camera_size": [17, 16], "camera_position": [272, 280], "world_position": [0.6390251560526028, 0.6599609625265596, -0.11068108342169085], "world_orientation": [0.999998386186428, 0.00046170671738999175, -0.0017362175689670176, -0.0004613787278899988, 0.9999998756464179, 0.00018930615047312756, 0.0017363047569834591, -0.00018850479111499096, 0.9999984748547043], "world_rotation": [0.1045719926495442, 0.9611383344756238, 0.2554952061286625, -0.0018064643194678457]}, {"color": "CVBlue", "id_name": "object75074504717631", "shape": "CVBox", "id_string": "ob18615", "world_size": [0.04, 0.04, 0.04], "id": 18615, "camera_size": [20, 17], "camera_position": [231, 262], "world_position": [0.6852817707802848, 0.6628488658661232, -0.21000779340707942], "world_orientation": [0.9999165580937328, -0.0022346660791327123, -0.012723329654510175, 0.005106389172637759, 0.9730827408138516, 0.23039944513783017, 0.011865986667788408, -0.2304451904417127, 0.9730129560096734], "world_rotation": [0.9984532325123021, 0.05327453217805532, -0.01590492712791167, -0.23287850593700185]}, {"color": "CVRed", "id_name": "object155171679409178", "shape": "CVBox", "id_string": "ob18622", "world_size": [0.04, 0.04, 0.04], "id": 18622, "camera_size": [17, 17], "camera_position": [252, 264], "world_position": [0.6808341685927712, 0.6599629061461048, -0.15943254028096646], "world_orientation": [0.9999482272979078, -0.0007281411442308495, 0.010149509064279196, 0.000733354134047939, 0.9999996010928598, -0.0005099076733568944, -0.010149133730810831, 0.0005173244584896728, 0.9999483623967383], "world_rotation": [0.05041111314285362, 0.99614989335487, 0.07172244865298169, 0.010188724676617298]}, {"color": "CVRed", "id_name": "object41492922511951", "shape": "CVCapsule", "id_string": "ob18629", "world_size": [0.04, 0.08, 0.04], "id": 18629, "camera_size": [20, 20], "camera_position": [270, 261], "world_position": [0.6868063246868461, 0.6804016494630187, -0.11550396521128763], "world_orientation": [0.9845335408600255, -0.03202116753547907, 0.17224503403954905, 0.030704219688361952, 0.9994753883548044, 0.01030528827067685, -0.17248465965108156, -0.004857252585333087, 0.9850002280620919], "world_rotation": [-0.04323288728603201, 0.982926287421547, 0.1788486258057575, 0.1762702786206104]}, {"color": "CVBlue", "id_name": "object101116147631991", "shape": "CVSphere", "id_string": "ob18636", "world_size": [0.04, 0.04, 0.04], "id": 18636, "camera_size": [21, 17], "camera_position": [231, 244], "world_position": [0.7297371782402823, 0.6633616522685106, -0.21260988001927952], "world_orientation": [0.9999533424677491, 2.0008012010233268e-05, -0.009659838883536621, 0.0029614298445667557, 0.9512108950899368, 0.3085272483841213, 0.009194717007724593, -0.30854146019924295, 0.9511664546845978], "world_rotation": [0.9995221765873361, 0.0305404349319311, -0.004764487830031036, -0.31380689356516805]}, {"color": "CVGreen", "id_name": "object85328353656211", "shape": "CVSphere", "id_string": "ob18643", "world_size": [0.04, 0.04, 0.04], "id": 18643, "camera_size": [17, 17], "camera_position": [252, 241], "world_position": [0.7370523922084838, 0.6602913835507985, -0.1599481933487917], "world_orientation": [0.9995637030957293, -0.00517249300478834, -0.029080040743924316, 0.005905603403734184, 0.999665464866422, 0.02518098889714405, 0.02894006395968547, -0.025341737697239793, 0.9992598606110893], "world_rotation": [0.6499960241513221, 0.7464529315878604, -0.14252434708274672, -0.038873663552401815]}, {"color": "CVPurple", "id_name": "object100427530833522", "shape": "CVSphere", "id_string": "ob18650", "world_size": [0.04, 0.04, 0.04], "id": 18650, "camera_size": [17, 16], "camera_position": [271, 243], "world_position": [0.7301579756708616, 0.6999722238057666, -0.11465569095416886], "world_orientation": [0.9999986407870531, 0.0016485664922999395, 2.5545393541971658e-05, -0.0016484711338276643, 0.9999929725646918, -0.00336710025880505, -3.10961026862807e-05, 0.0033670535713549287, 0.9999943309755711], "world_rotation": [0.8981067959051703, 0.00755404672595993, -0.4397125419259848, 0.0037490917764003403]}, {"color": "CVRed", "id_name": "object30003160441717", "shape": "CVBox", "id_string": "ob18657", "world_size": [0.04, 0.04, 0.04], "id": 18657, "camera_size": [18, 19], "camera_position": [246, 268], "world_position": [0.6705896139421802, 0.6999542710863705, -0.17273868155319352], "world_orientation": [0.989321152799809, -0.0007172569373211937, -0.14575027329423007, 0.0006259776735791724, 0.9999995781939827, -0.0006721337731412042, 0.14575069390849937, 0.000573719742279491, 0.9893211844850227], "world_rotation": [-0.0042738414299892695, 0.999980250561224, -0.004607902662074183, -0.14627442404433133]}, {"color": "CVBlue", "id_name": "object280644553029355", "shape": "CVSphere", "id_string": "ob18664", "world_size": [0.04, 0.04, 0.04], "id": 18664, "camera_size": [24, 24], "camera_position": [267, 284], "world_position": [0.6322561635692829, 0.6999568446264799, -0.12210183080992136], "world_orientation": [0.0003305208087753531, -0.7028516971857763, -0.7113363357224688, 0.9999999448101453, 0.0002562792835772154, 0.00021142524789691258, 3.370017218923272e-05, -0.7113363663443635, 0.7028517431011291], "world_rotation": [0.35975082980358186, 0.35966095845485385, -0.8609432823473159, -1.719625881987499]}, {"color": "CVYellow", "id_name": "object128458572840788", "shape": "CVCone", "id_string": "ob18671", "world_size": [0.04, 0.04, 0.04], "id": 18671, "camera_size": [18, 18], "camera_position": [244, 245], "world_position": [0.7248391169137988, 0.6998280216021032, -0.1771857596109638], "world_orientation": [0.9994925930829109, -0.005851038921881478, -0.03131008968261356, 0.007089647306395986, 0.9991906289141529, 0.03959575723749824, 0.031053071884591197, -0.03979764356936991, 0.9987251144798832], "world_rotation": [0.7800201831542622, 0.6127023683752034, -0.12713898560004266, -0.05091388261762796]}, {"color": "CVPurple", "id_name": "object125379161477014", "shape": "CVSphere", "id_string": "ob18678", "world_size": [0.04, 0.04, 0.04], "id": 18678, "camera_size": [27, 22], "camera_position": [257, 248], "world_position": [0.7167271546773654, 0.7389789372629271, -0.1474898453366336], "world_orientation": [0.9574874532454155, -0.2870381549891644, -0.028755424845150673, 0.23960830206022296, 0.7358228454901868, 0.633366088165874, -0.16064133484699897, -0.6133301212521208, 0.7733178673116464], "world_rotation": [-0.9168366579189551, 0.0969906189168119, 0.38730267561447945, 0.7476126639592054]}], "source": "manual check"}
