{"timestamp": 1721664599.363406, "objects": [{"color": "cv_", "id_name": "hand", "shape": "CVBox", "id_string": "ob383", "world_size": [0.12, 0.005, 0.12], "id": 383, "camera_size": [48, 49], "camera_position": [246, 391], "world_position": [0.36267422061494176, 0.6554918864103566, -0.1740898644531442], "world_orientation": [-4.077637747208453e-06, -0.0015808275110715808, 0.9999987504830959, -0.0007631201669935895, -0.9999984593106171, -0.001580830162508786, 0.9999997088154494, -0.0007631256595151883, 2.871270110962031e-06], "world_rotation": [0.0, 1.0, 0.0, 0.0]}, {"color": "CVBlue", "id_name": "object19617702974794", "shape": "CVCone", "id_string": "ob7219", "world_size": [0.04, 0.04, 0.04], "id": 7219, "camera_size": [15, 16], "camera_position": [256, 255], "world_position": [0.7017397868850626, 0.6199680184228308, -0.1500274385941238], "world_orientation": [0.9999999629152928, 0.0001219266963225988, 0.00024352267691117536, -0.00012193365420158514, 0.9999999921583366, 2.855714835090334e-05, -0.00024351919312279308, -2.8586840901785714e-05, 0.9999999699405973], "world_rotation": [-0.10434007039046313, 0.8892970838583113, -0.4452682858143127, 0.0002738353048498446]}, {"color": "CVGreen", "id_name": "object269550308239586", "shape": "CVCapsule", "id_string": "ob7226", "world_size": [0.04, 0.08, 0.04], "id": 7226, "camera_size": [18, 18], "camera_position": [218, 295], "world_position": [0.5999981482775083, 0.6399748846975052, -0.24499998498227968], "world_orientation": [0.9999999989736208, -4.52962977677891e-05, -1.0018856850529427e-06, 4.5296297398015876e-05, 0.9999999989740547, -3.6909688603580463e-07, 1.0019024027470116e-06, 3.690515039463966e-07, 0.99999999999943], "world_rotation": [-0.008145736491639532, 0.0221125318023091, -0.9997223028993105, -4.5308879742940674e-05]}, {"color": "CVBlue", "id_name": "object98814116150017", "shape": "CVBox", "id_string": "ob7233", "world_size": [0.04, 0.04, 0.04], "id": 7233, "camera_size": [19, 19], "camera_position": [237, 298], "world_position": [0.5925292660379045, 0.6206914249741979, -0.19803194787014314], "world_orientation": [0.9865077728340226, -0.03612166913830407, -0.1596798019685637, 0.03648501615686812, 0.9993339843912805, -0.0006566861357977361, 0.1595971733273804, -0.005178094177471742, 0.9871686429413161], "world_rotation": [0.013807518338924617, 0.9750110255395033, -0.22172697741530226, -0.1644704302941063]}, {"color": "CVPurple", "id_name": "object232326846915402", "shape": "CVSphere", "id_string": "ob7240", "world_size": [0.04, 0.04, 0.04], "id": 7240, "camera_size": [15, 17], "camera_position": [254, 302], "world_position": [0.5818561523513455, 0.6200076909877713, -0.15499980756313353], "world_orientation": [0.9999991915555926, -0.0012699966813781844, -6.321859367370937e-05, 0.0012699963156902491, 0.9999991935373926, -5.824307339017231e-06, 6.322593954126932e-05, 5.7440152493401745e-06, 0.9999999979847436], "world_rotation": [-0.004548790247520458, 0.04971936554738144, -0.9987528689304727, -0.0012715826710384558]}, {"color": "CVRed", "id_name": "object73207401738799", "shape": "CVCone", "id_string": "ob7247", "world_size": [0.04, 0.04, 0.04], "id": 7247, "camera_size": [17, 18], "camera_position": [272, 295], "world_position": [0.5987235245742963, 0.6217536606905926, -0.10973496418360096], "world_orientation": [0.9955212081453061, -0.09308744088853749, -0.016500075203871492, 0.093093183019612, 0.9956573113775304, -0.0004213973714591932, 0.016467647317920043, -0.0011165345004470765, 0.99986377569273], "world_rotation": [0.0036764524049406836, 0.1743602200146186, -0.9846750719776387, -0.0946805127179748]}, {"color": "CVPurple", "id_name": "object122486756989909", "shape": "CVSphere", "id_string": "ob7254", "world_size": [0.04, 0.04, 0.04], "id": 7254, "camera_size": [16, 17], "camera_position": [289, 295], "world_position": [0.6, 0.6199874431539305, -0.065], "world_orientation": [1.0, 2.049142105997599e-16, 5.802954297681148e-18, -2.049142105997599e-16, 1.0, 6.179952383167331e-17, -5.802954297681148e-18, -6.179952383167331e-17, 1.0], "world_rotation": [-0.28863572672225335, 0.027102796704540077, -0.9570553043948448, 2.1410905896324258e-16]}, {"color": "CVRed", "id_name": "object36922224463543", "shape": "CVCapsule", "id_string": "ob7261", "world_size": [0.04, 0.08, 0.04], "id": 7261, "camera_size": [18, 17], "camera_position": [218, 278], "world_position": [0.6449948996077861, 0.6399752084257617, -0.24505271632387965], "world_orientation": [0.9999999871354489, -0.00012155903053997056, -0.00010465421386213372, 0.00012168297597264686, 0.9999992903152377, 0.0011851423014309682, 0.00010451007484141884, -0.0011851550208208353, 0.99999929224236], "world_rotation": [0.9909649246482737, 0.08744661340515422, -0.10169369656380346, -0.0011959544825137912]}, {"color": "CVGreen", "id_name": "object278941847845274", "shape": "CVCone", "id_string": "ob7268", "world_size": [0.04, 0.04, 0.04], "id": 7268, "camera_size": [16, 16], "camera_position": [236, 277], "world_position": [0.644998262161845, 0.619974891760481, -0.1999763660963968], "world_orientation": [0.9999999922214966, -0.00011222090667057291, 5.443780624820963e-05, 0.00011227542116049638, 0.9999994912526426, -0.001002441362787826, -5.432528367451208e-05, 0.0010024474670179556, 0.9999994960737928], "world_rotation": [0.9923481190495609, 0.053833831633091925, 0.11111763672117235, 0.001010174319022355]}, {"color": "CVBlue", "id_name": "object228327547516045", "shape": "CVCylinder", "id_string": "ob7275", "world_size": [0.04, 0.04, 0.04], "id": 7275, "camera_size": [15, 16], "camera_position": [254, 286], "world_position": [0.6218485920598694, 0.6199718640065299, -0.15501281301452932], "world_orientation": [0.9999993415177161, -0.001143678864980396, -9.467200257971134e-05, 0.0011436737839146751, 0.9999993445627048, -5.370695375658418e-05, 9.473336403606152e-05, 5.3598644504089696e-05, 0.9999999940763875], "world_rotation": [-0.04670154926331722, 0.08243301564057302, -0.9955017645533367, -0.0011488443483971627]}, {"color": "CVYellow", "id_name": "object209792610901279", "shape": "CVCylinder", "id_string": "ob7282", "world_size": [0.04, 0.04, 0.04], "id": 7282, "camera_size": [16, 16], "camera_position": [271, 277], "world_position": [0.6449998505814224, 0.6199634826912748, -0.1100019717443822], "world_orientation": [0.9999996486466619, -0.0008351241236911443, -7.2624037226797e-05, 0.000835136840533931, 0.9999996359166232, 0.00017525147277189565, 7.24776540529857e-05, -0.0001753120622056948, 0.9999999820063351], "world_rotation": [0.2046714828754404, 0.08471553758112896, -0.9751578650607853, -0.0008564055258329961]}, {"color": "CVBlue", "id_name": "object136937028650341", "shape": "CVCylinder", "id_string": "ob7289", "world_size": [0.04, 0.04, 0.04], "id": 7289, "camera_size": [16, 16], "camera_position": [289, 277], "world_position": [0.645, 0.6199874431539305, -0.065], "world_orientation": [1.0, 3.5778671692020784e-17, -3.6332864841185517e-17, -3.5778671692020784e-17, 1.0, 1.0733601507606489e-16, 3.6332864841185517e-17, -1.0733601507606489e-16, 1.0], "world_rotation": [0.9032531890035577, 0.3057480381601587, 0.3010843963345121, -1.18832699826363e-16]}, {"color": "CVPurple", "id_name": "object3410779571492", "shape": "CVCone", "id_string": "ob7296", "world_size": [0.04, 0.04, 0.04], "id": 7296, "camera_size": [17, 15], "camera_position": [219, 260], "world_position": [0.69, 0.6199874431539305, -0.245], "world_orientation": [1.0, -2.2442984970449937e-16, -1.4488340486922525e-17, 2.2442984970449937e-16, 1.0, -5.952269926945416e-16, 1.4488340486922525e-17, 5.952269926945416e-16, 1.0], "world_rotation": [-0.9354546928465729, 0.022769777356192403, -0.3527124251716587, -6.362969764823948e-16]}, {"color": "CVBlue", "id_name": "object199432199237913", "shape": "CVCapsule", "id_string": "ob7303", "world_size": [0.04, 0.08, 0.04], "id": 7303, "camera_size": [17, 17], "camera_position": [236, 260], "world_position": [0.6899853793476248, 0.6399576318639406, -0.20002826501606255], "world_orientation": [0.9999999213042383, -0.00039664675373057455, -7.92907808798252e-06, 0.0003966538507661552, 0.9999995017572019, 0.0009160518930233916, 7.565725127782487e-06, -0.0009160549660333464, 0.9999995803929415], "world_rotation": [0.9176398538074482, 0.007760818582934766, -0.3973372225190687, -0.0009982713565411363]}, {"color": "CVGreen", "id_name": "object150063218017863", "shape": "CVCylinder", "id_string": "ob7310", "world_size": [0.04, 0.04, 0.04], "id": 7310, "camera_size": [15, 16], "camera_position": [254, 271], "world_position": [0.6618203620451719, 0.6199693367115108, -0.1550170832704418], "world_orientation": [0.9999998976486287, -0.0003948499213166986, -0.00022089878217332063, 0.000394783096501906, 0.9999998763275417, -0.0003024751365388318, 0.0002210181871381312, 0.0003023878984748151, 0.9999999298562576], "world_rotation": [-0.5557229237504516, 0.40601487613664106, -0.7254818759789923, -0.0005442128073360404]}, {"color": "CVRed", "id_name": "object126061803773849", "shape": "CVSphere", "id_string": "ob7317", "world_size": [0.04, 0.04, 0.04], "id": 7317, "camera_size": [16, 16], "camera_position": [271, 261], "world_position": [0.6860518835679273, 0.6199722782315732, -0.10952221847789809], "world_orientation": [0.9999991516663099, 0.0006423990619018335, -0.0011331328722037767, -0.0006417436704639906, 0.9999996266601169, 0.0005786576609878297, 0.001133504178298669, -0.0005779299892444979, 0.9999991905822753], "world_rotation": [0.4057737443432251, 0.7952201485678234, 0.45052478701337606, -0.001425163724709479]}, {"color": "CVYellow", "id_name": "object173165303065413", "shape": "CVSphere", "id_string": "ob7324", "world_size": [0.04, 0.04, 0.04], "id": 7324, "camera_size": [17, 17], "camera_position": [290, 260], "world_position": [0.6895567952388009, 0.6199748862285412, -0.0626442346848463], "world_orientation": [0.9995818379024929, -4.5671608437670476e-05, 0.028916210844069874, 4.2235669869016123e-05, 0.9999999919757478, 0.00011943472044450488, -0.028916216066814694, -0.00011816348183621561, 0.9995818318105671], "world_rotation": [-0.004108351236906369, 0.9999904054489099, 0.0015200198153757392, 0.028920522232038667]}, {"color": "CVBlue", "id_name": "object78407560871654", "shape": "CVSphere", "id_string": "ob7331", "world_size": [0.04, 0.04, 0.04], "id": 7331, "camera_size": [17, 16], "camera_position": [219, 242], "world_position": [0.735, 0.6199874431539305, -0.245], "world_orientation": [1.0, -2.2442984970449937e-16, -1.4488340486922525e-17, 2.2442984970449937e-16, 1.0, -5.952269926945416e-16, 1.4488340486922525e-17, 5.952269926945416e-16, 1.0], "world_rotation": [-0.9354546928465729, 0.022769777356192403, -0.3527124251716587, -6.362969764823948e-16]}, {"color": "CVYellow", "id_name": "object140319001043586", "shape": "CVCapsule", "id_string": "ob7338", "world_size": [0.04, 0.08, 0.04], "id": 7338, "camera_size": [17, 17], "camera_position": [236, 242], "world_position": [0.7349843067810601, 0.6399618072855735, -0.1999941154733231], "world_orientation": [0.999999907692267, -0.000429639412519696, -5.0431217239859575e-06, 0.00042963888065809374, 0.999999902193311, -0.0001049942900163148, 5.088230915829277e-06, 0.00010499211360335674, 0.999999994475383], "world_rotation": [-0.23737415388220637, 0.011452747506996715, -0.9713507840338873, -0.0004423110246678282]}, {"color": "CVYellow", "id_name": "object17685905098853", "shape": "CVCapsule", "id_string": "ob7345", "world_size": [0.04, 0.08, 0.04], "id": 7345, "camera_size": [17, 17], "camera_position": [254, 239], "world_position": [0.741707661889288, 0.6399523291614885, -0.15499241505407055], "world_orientation": [0.9999995283788722, 0.0007518059372940487, 0.0006148413342510684, -0.0007515195873878753, 0.9999996091110968, -0.0004658282553815268, -0.0006151913063645936, 0.0004653659703812214, 0.9999997024870408], "world_rotation": [0.43229184548273225, 0.5710227420924955, -0.6978945395561573, 0.0010770436864907715]}, {"color": "CVYellow", "id_name": "object184129722486831", "shape": "CVSphere", "id_string": "ob7352", "world_size": [0.04, 0.04, 0.04], "id": 7352, "camera_size": [16, 16], "camera_position": [271, 240], "world_position": [0.7386861860545915, 0.6199748858995792, -0.11000448894670296], "world_orientation": [0.9999999191510531, -0.00021923254602709404, 0.00033709787619894463, 0.0002192451551632747, 0.9999999752675793, -3.736847215236421e-05, -0.0003370896754764116, 3.7442376207293594e-05, 0.9999999424843079], "world_rotation": [0.09262143962759146, 0.8346947399255283, 0.5428682713715799, 0.0004038527726087279]}, {"color": "CVRed", "id_name": "object88713906086485", "shape": "CVCapsule", "id_string": "ob7359", "world_size": [0.04, 0.08, 0.04], "id": 7359, "camera_size": [18, 17], "camera_position": [290, 242], "world_position": [0.7354084030144692, 0.6399748863886974, -0.06460809924623132], "world_orientation": [0.9997931252795612, -5.508755997498553e-10, 0.020339779834796127, 5.521088192019131e-10, 1.0, -5.50154477345267e-11, -0.020339779834796127, 6.623383825657521e-11, 0.9997931252795612], "world_rotation": [2.980594848516392e-09, 0.9999999999999996, 2.7113971437017366e-08, 0.02034118254629341]}, {"color": "CVYellow", "id_name": "object80536289960993", "shape": "CVCapsule", "id_string": "ob7366", "world_size": [0.04, 0.08, 0.04], "id": 7366, "camera_size": [18, 17], "camera_position": [218, 224], "world_position": [0.78, 0.6399748858658902, -0.245], "world_orientation": [1.0, -1.3010426069826106e-17, -2.3826422606982324e-17, 1.3010426069826106e-17, 1.0, 3.2786273695961654e-16, 2.3826422606982324e-17, -3.2786273695961654e-16, 1.0], "world_rotation": [0.9965895685050425, 0.07242410176010956, -0.03954720509940661, -3.2898471679914803e-16]}, {"color": "CVYellow", "id_name": "object90804241848021", "shape": "CVSphere", "id_string": "ob7373", "world_size": [0.04, 0.04, 0.04], "id": 7373, "camera_size": [16, 16], "camera_position": [236, 224], "world_position": [0.78, 0.6199874431539305, -0.2], "world_orientation": [1.0, 1.7889335846010863e-16, -4.367536594091608e-17, -1.7889335846010863e-16, 1.0, -6.570265165262153e-16, 4.367536594091608e-17, 6.570265165262153e-16, 1.0], "world_rotation": [-0.9628953949226872, 0.06400778001840857, 0.26217448871657395, -6.823446451096272e-16]}, {"color": "CVYellow", "id_name": "object116378986181833", "shape": "CVCapsule", "id_string": "ob7380", "world_size": [0.04, 0.08, 0.04], "id": 7380, "camera_size": [17, 18], "camera_position": [254, 223], "world_position": [0.7816879156715593, 0.6399760992885538, -0.15499513613392524], "world_orientation": [0.9999992815300692, 0.0011424414290922213, 0.0003629971437342612, -0.0011424466489520487, 0.9999993473071791, 1.4172865186746166e-05, -0.00036298071514027225, -1.4587559874429178e-05, 0.9999999340160998], "world_rotation": [-0.011995402883174192, 0.30279096650834836, -0.9529815008228706, 0.0011988105872768975]}, {"color": "CVYellow", "id_name": "object39286016053529", "shape": "CVCylinder", "id_string": "ob7387", "world_size": [0.04, 0.04, 0.04], "id": 7387, "camera_size": [16, 16], "camera_position": [271, 224], "world_position": [0.78, 0.6199874431539305, -0.11], "world_orientation": [1.0, 4.228388472693457e-17, -1.6957377686420176e-17, -4.228388472693457e-17, 1.0, 1.0733601507606494e-16, 1.6957377686420176e-17, -1.0733601507606494e-16, 1.0], "world_rotation": [0.92051720276698, 0.14542702990328832, 0.3626279889688094, -1.1660402951017529e-16]}, {"color": "CVGreen", "id_name": "object11778269277856", "shape": "CVCylinder", "id_string": "ob7394", "world_size": [0.04, 0.04, 0.04], "id": 7394, "camera_size": [16, 16], "camera_position": [289, 224], "world_position": [0.78, 0.6199874431539305, -0.065], "world_orientation": [1.0, 4.228388472693457e-17, -1.6957377686420176e-17, -4.228388472693457e-17, 1.0, 1.0733601507606494e-16, 1.6957377686420176e-17, -1.0733601507606494e-16, 1.0], "world_rotation": [0.92051720276698, 0.14542702990328832, 0.3626279889688094, -1.1660402951017529e-16]}, {"color": "CVBlue", "id_name": "object110376951108739", "shape": "CVCylinder", "id_string": "ob7401", "world_size": [0.04, 0.04, 0.04], "id": 7401, "camera_size": [17, 17], "camera_position": [234, 280], "world_position": [0.6399827391741368, 0.6599664782635905, -0.20507062786944882], "world_orientation": [0.9999996292468416, -0.00018396070181892336, -0.0008412280546088755, 0.00018320481324452992, 0.99999957952861, -0.0008985424865348657, 0.0008413929974029861, 0.0008983880363687575, 0.9999992424780931], "world_rotation": [-0.7219568001416692, 0.6760304280426798, -0.14751691119879526, -0.001244486502781597]}, {"color": "CVBlue", "id_name": "object214294398859396", "shape": "CVCone", "id_string": "ob7408", "world_size": [0.04, 0.04, 0.04], "id": 7408, "camera_size": [19, 19], "camera_position": [253, 286], "world_position": [0.6259838249697224, 0.6602006249427897, -0.1576026727464116], "world_orientation": [0.990566459823117, -0.013478199150194707, -0.136368716431463, 0.013478286647891372, 0.9999087380222063, -0.0009227219929393485, 0.13636870778347335, -0.0009239991919214153, 0.990657721800501], "world_rotation": [4.660181970140394e-06, 0.9951511430522266, -0.0983575236579776, -0.13746570153111534]}, {"color": "CVGreen", "id_name": "object190552007654175", "shape": "CVCylinder", "id_string": "ob7415", "world_size": [0.04, 0.04, 0.04], "id": 7415, "camera_size": [16, 20], "camera_position": [270, 282], "world_position": [0.6336225190675475, 0.6619842881548657, -0.11404716657559272], "world_orientation": [0.9812785445585499, -0.19200275142804246, -0.015078508981835588, 0.19198962407485232, 0.9813941967882263, -0.0023269632548652682, 0.01524474455839867, -0.0006115181550564823, 0.999883605130565], "world_rotation": [-0.004453484953070796, 0.07872251544781986, -0.9968866194474376, -0.19380680059186395]}, {"color": "CVGreen", "id_name": "object105892127320894", "shape": "CVSphere", "id_string": "ob7422", "world_size": [0.04, 0.04, 0.04], "id": 7422, "camera_size": [17, 17], "camera_position": [233, 262], "world_position": [0.6849167611064655, 0.6999329807314842, -0.20515452145917631], "world_orientation": [0.9999951115020781, -0.0004419764742422347, -0.003095420608363104, 0.0004455618312498065, 0.9999992306209036, 0.0011576840049633216, 0.0030949065577163914, -0.0011590575469022236, 0.99999453905459], "world_rotation": [0.34739118871477653, 0.9282283174944904, -0.13308475722140997, -0.003334491375106375]}, {"color": "CVRed", "id_name": "object241866487004604", "shape": "CVSphere", "id_string": "ob7429", "world_size": [0.04, 0.04, 0.04], "id": 7429, "camera_size": [16, 17], "camera_position": [253, 262], "world_position": [0.6845856833849825, 0.6599530098349498, -0.15627489373270886], "world_orientation": [0.9997340758306696, 0.00013405718855819844, -0.023059914389847478, -0.00014395994883007498, 0.9999998981413568, -0.00042777658798657354, 0.02305985469446917, 0.00043098253594834224, 0.9997339932979791], "world_rotation": [-0.0186166304434965, 0.999808529833087, 0.006027001238718184, -0.023066346045775104]}, {"color": "CVBlue", "id_name": "object172697332465521", "shape": "CVCylinder", "id_string": "ob7436", "world_size": [0.04, 0.04, 0.04], "id": 7436, "camera_size": [17, 16], "camera_position": [272, 263], "world_position": [0.6824093042640832, 0.6599591312286592, -0.1100180596961715], "world_orientation": [0.9999991973403657, 0.0005890400440435123, 0.001121762207786751, -0.000589532545876093, 0.9999997299691883, 0.000438762951847311, -0.001121503455927908, -0.0004394239150002314, 0.9999992745680475], "world_rotation": [-0.3274518244445859, 0.8364523110373314, -0.43945743141767357, 0.0013409409636340214]}, {"color": "CVPurple", "id_name": "object39692723245961", "shape": "CVCylinder", "id_string": "ob7443", "world_size": [0.04, 0.04, 0.04], "id": 7443, "camera_size": [17, 16], "camera_position": [233, 243], "world_position": [0.7299550658287681, 0.6999465090066698, -0.20498589868319603], "world_orientation": [0.9999997570692276, -0.0006969151443837699, -1.3067799231715832e-05, 0.0006969133697564179, 0.9999997480003834, -0.00013531786606267086, 1.3162101008789322e-05, 0.00013530872606580034, 0.9999999907591538], "world_rotation": [-0.190568654822191, 0.018470456896491568, -0.9815000917072272, -0.0007100501788222656]}, {"color": "CVYellow", "id_name": "object105365397284380", "shape": "CVSphere", "id_string": "ob7450", "world_size": [0.04, 0.04, 0.04], "id": 7450, "camera_size": [17, 17], "camera_position": [252, 241], "world_position": [0.7363189817638089, 0.69993811027215, -0.15995184162230194], "world_orientation": [0.9999998490495099, 0.0005494540622733068, -1.0913221314804608e-06, -0.0005494544711676128, 0.9999997613367738, -0.0004188390854921066, 8.611890340970563e-07, 0.00041883962189996594, 0.9999999122863109], "world_rotation": [-0.6062326489018764, 0.0014130429787378288, 0.7952860986556689, -0.0006908888654797864]}, {"color": "CVBlue", "id_name": "object101496868078207", "shape": "CVBox", "id_string": "ob7457", "world_size": [0.04, 0.04, 0.04], "id": 7457, "camera_size": [18, 18], "camera_position": [272, 243], "world_position": [0.7317112589084913, 0.6599633537650256, -0.10881324685484153], "world_orientation": [0.9943871333930346, -0.0004781622909899427, 0.10580170274247282, 0.0004824223450974283, 0.999999883526698, -1.4672141271240885e-05, -0.1058016834037344, 6.563089405177167e-05, 0.9943872482496555], "world_rotation": [0.0003794939371817204, 0.9999896243846685, 0.004539505189047331, 0.10600118869175464]}, {"color": "CVRed", "id_name": "object49682399959643", "shape": "CVCylinder", "id_string": "ob7464", "world_size": [0.04, 0.04, 0.04], "id": 7464, "camera_size": [18, 20], "camera_position": [251, 270], "world_position": [0.6646054269258244, 0.7001634330034213, -0.16129046289494994], "world_orientation": [0.986030089576928, -0.05800310200974985, 0.15614193096718787, 0.15608024286788486, -0.005620422356275899, -0.9877283880899845, 0.05816889405186924, 0.9983005814932613, 0.0035112326893535634], "world_rotation": [0.993046577777657, 0.048988101640660975, 0.10704513189177726, 1.5788359634476148]}, {"color": "CVPurple", "id_name": "object192041858536807", "shape": "CVCapsule", "id_string": "ob7471", "world_size": [0.04, 0.08, 0.04], "id": 7471, "camera_size": [17, 18], "camera_position": [269, 268], "world_position": [0.6706459482138434, 0.7199311867296961, -0.11942104506335378], "world_orientation": [0.9998179610518851, 0.00023033149390883296, -0.019078566650933614, -0.00023383033696360825, 0.9999999562520823, -0.00018116072165998102, 0.01907852408926639, 0.00018558889102153966, 0.999817971170422], "world_rotation": [-0.00961041678065798, 0.9998798430065374, 0.012163035744583363, -0.019081996076073877]}, {"color": "CVYellow", "id_name": "object9752918368843", "shape": "CVCone", "id_string": "ob7478", "world_size": [0.04, 0.04, 0.04], "id": 7478, "camera_size": [18, 18], "camera_position": [245, 249], "world_position": [0.7149427363869822, 0.7399453635628271, -0.17479552830069026], "world_orientation": [0.999167496439953, 0.00023908063748156357, 0.04079530485687603, -0.00022163145506946203, 0.9999998820208482, -0.0004322473687302928, -0.040795403385857035, 0.0004228459984815723, 0.9991674315468088], "world_rotation": [0.010479536210549447, 0.9999291472252133, -0.005646224426075151, 0.040809571367308624]}, {"color": "CVYellow", "id_name": "object279427383374270", "shape": "CVCone", "id_string": "ob7485", "world_size": [0.04, 0.04, 0.04], "id": 7485, "camera_size": [19, 18], "camera_position": [290, 260], "world_position": [0.6881037401991331, 0.6599648160927273, -0.06640364347346311], "world_orientation": [-7.675679074359283e-05, 0.9922519422947633, -0.12424201028905135, 0.9999999476177275, 3.709532948825699e-05, -0.00032154078878674636, -0.0003144406738927184, -0.1242420284614115, -0.9922518931656702], "world_rotation": [0.7063965822159411, 0.7064369521345503, -0.04416674419158099, -3.0537666771011067]}], "source": "manual check"}
