{"timestamp": 1721664153.037139, "objects": [{"color": "cv_", "id_name": "hand", "shape": "CVBox", "id_string": "ob383", "world_size": [0.12, 0.005, 0.12], "id": 383, "camera_size": [48, 49], "camera_position": [246, 391], "world_position": [0.3626212945106867, 0.6555101138841768, -0.17408986657532216], "world_orientation": [-4.073670850248952e-06, -0.0015809945814025768, 0.9999987502189884, -0.000763120152110863, -0.9999984590465093, -0.0015809972297637894, 0.9999997088154771, -0.000763125638840437, 2.8671757478288565e-06], "world_rotation": [0.0, 1.0, 0.0, 0.0]}, {"color": "CVYellow", "id_name": "object65087076553160", "shape": "CVCone", "id_string": "ob3124", "world_size": [0.04, 0.04, 0.04], "id": 3124, "camera_size": [16, 16], "camera_position": [252, 244], "world_position": [0.7289206371783509, 0.6199856585741789, -0.15800241103188523], "world_orientation": [0.9999998946617928, 0.00044728592465896193, 0.0001030131289462969, -0.00044728851195721366, 0.999999899651621, 2.509453042489978e-05, -0.00010300189417884678, -2.514060437066425e-05, 0.9999999943792799], "world_rotation": [-0.054641212856907644, 0.2240844137497121, -0.9730367482125091, 0.0004596817487954848]}, {"color": "CVBlue", "id_name": "object245883573852966", "shape": "CVSphere", "id_string": "ob3131", "world_size": [0.04, 0.04, 0.04], "id": 3131, "camera_size": [17, 17], "camera_position": [219, 295], "world_position": [0.5999828561811866, 0.6199864863046861, -0.24500047860366644], "world_orientation": [0.999999996123526, -8.797146379230781e-05, -3.7376380304156087e-06, 8.797154450719975e-05, 0.9999999958972133, 2.1600486485636328e-05, 3.7357377886443536e-06, -2.1600815207696713e-05, 0.9999999997597245], "world_rotation": [0.2382556306106235, 0.0412157457939537, -0.9703275306724952, -9.066165958343818e-05]}, {"color": "CVGreen", "id_name": "object179682882133057", "shape": "CVCapsule", "id_string": "ob3138", "world_size": [0.04, 0.08, 0.04], "id": 3138, "camera_size": [17, 18], "camera_position": [236, 295], "world_position": [0.5999997050403285, 0.6399748861352219, -0.1999999909868302], "world_orientation": [0.9999999999999997, -5.52128207585689e-10, -3.171531468910601e-08, 5.521282071913012e-10, 1.0, -1.1269752835455174e-11, 3.1715314689112876e-08, 1.1269733513570575e-11, 0.9999999999999997], "world_rotation": [-0.0003552868765697971, 0.9998484367243755, -0.017406244599502033, -3.172012229474764e-08]}, {"color": "CVYellow", "id_name": "object40373623465372", "shape": "CVCapsule", "id_string": "ob3145", "world_size": [0.04, 0.08, 0.04], "id": 3145, "camera_size": [17, 19], "camera_position": [254, 296], "world_position": [0.5992547175932492, 0.640323573713277, -0.15492051301285958], "world_orientation": [0.9998276817408732, -0.01856348230838597, -6.284311817215433e-05, 0.018563327225565168, 0.9998258379011372, -0.0019226928006481785, 9.852404707207904e-05, 0.0019211949082054312, 0.9999981496498566], "world_rotation": [-0.10298257000526082, 0.004323228629452045, -0.9946737655982131, -0.01866389079996503]}, {"color": "CVYellow", "id_name": "object14078940914883", "shape": "CVCapsule", "id_string": "ob3152", "world_size": [0.04, 0.08, 0.04], "id": 3152, "camera_size": [17, 18], "camera_position": [272, 295], "world_position": [0.5999788986112096, 0.6399753023712443, -0.10999701443255737], "world_orientation": [0.9999998670863577, -0.0005155735729160267, -3.3403437435357026e-06, 0.0005155733303300483, 0.9999998644840965, -7.222139615036812e-05, 3.377578734117032e-06, 7.221966435901117e-05, 0.9999999973864561], "world_rotation": [-0.13872077855693418, 0.00645187340150138, -0.9903105164170322, -0.0005206179944234391]}, {"color": "CVGreen", "id_name": "object273411775916697", "shape": "CVBox", "id_string": "ob3159", "world_size": [0.04, 0.04, 0.04], "id": 3159, "camera_size": [16, 17], "camera_position": [289, 295], "world_position": [0.6, 0.6199874431539305, -0.065], "world_orientation": [1.0, 2.049142105997599e-16, 5.802954297681148e-18, -2.049142105997599e-16, 1.0, 6.179952383167331e-17, -5.802954297681148e-18, -6.179952383167331e-17, 1.0], "world_rotation": [-0.28863572672225335, 0.027102796704540077, -0.9570553043948448, 2.1410905896324258e-16]}, {"color": "CVPurple", "id_name": "object83675028131651", "shape": "CVCone", "id_string": "ob3166", "world_size": [0.04, 0.04, 0.04], "id": 3166, "camera_size": [17, 16], "camera_position": [219, 277], "world_position": [0.6448902964081404, 0.6199833714203069, -0.2448698418555582], "world_orientation": [0.9999276505650606, 0.0001516489942263337, -0.012027910792019108, -0.00014923439030033585, 0.9999999685337239, 0.00020164733675868404, 0.012027940993161351, -0.00019983776975417969, 0.999927641732306], "world_rotation": [0.016686077790891894, 0.999782576494717, 0.012504980829314987, -0.01203083183861915]}, {"color": "CVYellow", "id_name": "object153221054593814", "shape": "CVCone", "id_string": "ob3173", "world_size": [0.04, 0.04, 0.04], "id": 3173, "camera_size": [17, 16], "camera_position": [235, 277], "world_position": [0.644982032863402, 0.6199799129537155, -0.2036376755573569], "world_orientation": [0.9999894473041192, -0.00010087259027416008, 0.00459294079242868, 0.0001025101524598686, 0.9999999312692371, -0.0003563049110043858, -0.004592904535353055, 0.00035677197408789024, 0.9999893889145463], "world_rotation": [0.077376098123143, 0.9967576909108158, 0.022069097158163672, 0.004607879085414726]}, {"color": "CVGreen", "id_name": "object16033475567056", "shape": "CVCapsule", "id_string": "ob3180", "world_size": [0.04, 0.08, 0.04], "id": 3180, "camera_size": [17, 17], "camera_position": [254, 278], "world_position": [0.6446077665990237, 0.640291272603773, -0.15504312003407758], "world_orientation": [0.9998323333528636, -0.018311300458617286, -3.8179613011093155e-05, 0.018311334461563234, 0.9998315028560215, 0.001288769531826198, 1.4574133736157185e-05, -0.0012892525678233242, 0.9999991688073601], "world_rotation": [0.07022038677913163, 0.001436911072695568, -0.9975304669869278, -0.018357680898791143]}, {"color": "CVBlue", "id_name": "object160573621906081", "shape": "CVCapsule", "id_string": "ob3187", "world_size": [0.04, 0.08, 0.04], "id": 3187, "camera_size": [17, 17], "camera_position": [272, 278], "world_position": [0.6449788820703625, 0.6399561931617904, -0.10994546208992015], "world_orientation": [0.9999998415560294, -0.0005625824277625264, -1.972126847968567e-05, 0.0005625562688029146, 0.9999989938357928, -0.0013022510688889466, 2.045387220477357e-05, 0.0013022397682319034, 0.9999991518762531], "world_rotation": [-0.9179097434924318, 0.014159064241980752, -0.3965365351407729, -0.001418707955371532]}, {"color": "CVPurple", "id_name": "object200718009370642", "shape": "CVCylinder", "id_string": "ob3194", "world_size": [0.04, 0.04, 0.04], "id": 3194, "camera_size": [16, 16], "camera_position": [289, 277], "world_position": [0.645, 0.6199874431539305, -0.065], "world_orientation": [1.0, 3.5778671692020784e-17, -3.6332864841185517e-17, -3.5778671692020784e-17, 1.0, 1.0733601507606489e-16, 3.6332864841185517e-17, -1.0733601507606489e-16, 1.0], "world_rotation": [0.9032531890035577, 0.3057480381601587, 0.3010843963345121, -1.18832699826363e-16]}, {"color": "CVRed", "id_name": "object63735886512449", "shape": "CVCone", "id_string": "ob3201", "world_size": [0.04, 0.04, 0.04], "id": 3201, "camera_size": [16, 16], "camera_position": [219, 259], "world_position": [0.6903154042829939, 0.6199828800504039, -0.24328019759597463], "world_orientation": [0.9999395050681941, 8.01958213222651e-05, -0.010999080534541546, -8.411691634287806e-05, 0.9999999330831952, -0.00035603082708997275, 0.010999051246333625, 0.00035693449776654006, 0.9999394449012624], "world_rotation": [-0.032392355475931445, 0.9994473498355637, 0.007465267134476641, -0.011005370044261383]}, {"color": "CVRed", "id_name": "object233139421696194", "shape": "CVCylinder", "id_string": "ob3208", "world_size": [0.04, 0.04, 0.04], "id": 3208, "camera_size": [16, 16], "camera_position": [235, 259], "world_position": [0.6905795024936893, 0.6199794462761294, -0.20217109782558823], "world_orientation": [0.9999977636656796, -0.00023616955661028837, -0.002101639260223954, 0.00023673336239177442, 0.9999999360600057, 0.000268024811808653, 0.002101575826544185, -0.0002685217405441855, 0.9999977556350415], "world_rotation": [0.1258426778041568, 0.985830287393022, -0.11091557555939073, -0.00213181636038438]}, {"color": "CVBlue", "id_name": "object219849318961951", "shape": "CVCapsule", "id_string": "ob3215", "world_size": [0.04, 0.08, 0.04], "id": 3215, "camera_size": [17, 16], "camera_position": [254, 260], "world_position": [0.6889346637728946, 0.6399090149343336, -0.15508686102425379], "world_orientation": [0.9999986388076697, -0.0016306579035956002, -0.00025166964301541375, 0.0016312811774350764, 0.9999955530808475, 0.0024965456635254644, 0.0002475975119429387, -0.0024969528091982386, 0.9999968519561153], "world_rotation": [0.8342853211659742, 0.08341471635513575, -0.5449862273327462, -0.0029926847565268757]}, {"color": "CVPurple", "id_name": "object61897770594578", "shape": "CVCylinder", "id_string": "ob3222", "world_size": [0.04, 0.04, 0.04], "id": 3222, "camera_size": [16, 16], "camera_position": [271, 259], "world_position": [0.6901138167119124, 0.6199749218771198, -0.11000721290721974], "world_orientation": [0.9999985819843695, 8.810744303022237e-05, -0.0016817450248777616, -8.825095845383025e-05, 0.9999999924709784, -8.5263190085103e-05, 0.001681737499894204, 8.541148479088863e-05, 0.9999985822309249], "world_rotation": [-0.050608894654757305, 0.9973485105097233, 0.05229424792326535, -0.0016862130354813854]}, {"color": "CVRed", "id_name": "object50857025851957", "shape": "CVCylinder", "id_string": "ob3229", "world_size": [0.04, 0.04, 0.04], "id": 3229, "camera_size": [16, 15], "camera_position": [289, 260], "world_position": [0.69, 0.6199874431539305, -0.065], "world_orientation": [1.0, 4.228388472693457e-17, -1.6957377686420176e-17, -4.228388472693457e-17, 1.0, 1.0733601507606494e-16, 1.6957377686420176e-17, -1.0733601507606494e-16, 1.0], "world_rotation": [0.92051720276698, 0.14542702990328832, 0.3626279889688094, -1.1660402951017529e-16]}, {"color": "CVYellow", "id_name": "object243194717294916", "shape": "CVCone", "id_string": "ob3236", "world_size": [0.04, 0.04, 0.04], "id": 3236, "camera_size": [17, 16], "camera_position": [219, 242], "world_position": [0.7350000032091137, 0.6199874395000265, -0.24500764487409143], "world_orientation": [0.9999999999379852, 1.9589312128946253e-07, 1.1135138879733393e-05, -1.998312799413933e-07, 0.9999999374585428, 0.0003536705681524719, -1.113506890169413e-05, -0.00035367057035568813, 0.999999937396567], "world_rotation": [-0.999504578349983, 0.031468796916419475, -0.0005591762294912573, 0.00035384587954390845]}, {"color": "CVPurple", "id_name": "object196781340509602", "shape": "CVCone", "id_string": "ob3243", "world_size": [0.04, 0.04, 0.04], "id": 3243, "camera_size": [16, 16], "camera_position": [236, 242], "world_position": [0.7349978112386288, 0.6199748882521048, -0.19999493425229928], "world_orientation": [0.9999999920584992, -0.0001255341922009585, -1.1143073941841816e-05, 0.00012553186372913142, 0.99999997033955, -0.0002087166747341247, 1.1169274690477009e-05, 0.00020871527426576244, 0.9999999781565906], "world_rotation": [-0.8560452298599568, 0.045756870453809044, -0.5148717056124631, -0.00024381419262385723]}, {"color": "CVRed", "id_name": "object27844678785113", "shape": "CVCapsule", "id_string": "ob3250", "world_size": [0.04, 0.08, 0.04], "id": 3250, "camera_size": [17, 18], "camera_position": [254, 228], "world_position": [0.7689712412417935, 0.6399733451808468, -0.15511728962205704], "world_orientation": [0.9999947057040682, 0.0032275822945820737, 0.0004138554889074437, -0.003228441826113115, 0.9999925975640053, 0.002093318076443629, -0.00040709606900818384, -0.0020946431021686145, 0.9999977233689412], "world_rotation": [-0.5411451718146326, 0.10607881804839323, -0.8342117161627304, 0.003869545408591947]}, {"color": "CVGreen", "id_name": "object57104629618459", "shape": "CVSphere", "id_string": "ob3257", "world_size": [0.04, 0.04, 0.04], "id": 3257, "camera_size": [16, 17], "camera_position": [272, 242], "world_position": [0.7356226828505354, 0.6199563560657465, -0.10839105621351898], "world_orientation": [0.9999408830154751, -0.00038393610710849284, 0.010866603300828441, 0.0003755759396175348, 0.999999631961382, 0.0007713752745547305, -0.01086689546031881, -0.0007672484384294017, 0.9999406591957788], "world_rotation": [-0.07057541703101192, 0.9968978936611297, 0.034838199220136166, 0.010900779972754649]}, {"color": "CVBlue", "id_name": "object25236405881598", "shape": "CVBox", "id_string": "ob3264", "world_size": [0.04, 0.04, 0.04], "id": 3264, "camera_size": [16, 16], "camera_position": [289, 242], "world_position": [0.735, 0.6199874431539305, -0.065], "world_orientation": [1.0, 4.228388472693457e-17, -1.6957377686420176e-17, -4.228388472693457e-17, 1.0, 1.0733601507606494e-16, 1.6957377686420176e-17, -1.0733601507606494e-16, 1.0], "world_rotation": [0.92051720276698, 0.14542702990328832, 0.3626279889688094, -1.1660402951017529e-16]}, {"color": "CVRed", "id_name": "object183406338399750", "shape": "CVCapsule", "id_string": "ob3271", "world_size": [0.04, 0.08, 0.04], "id": 3271, "camera_size": [18, 17], "camera_position": [218, 224], "world_position": [0.78, 0.6399748858658902, -0.245], "world_orientation": [1.0, -1.3010426069826106e-17, -2.3826422606982324e-17, 1.3010426069826106e-17, 1.0, 3.2786273695961654e-16, 2.3826422606982324e-17, -3.2786273695961654e-16, 1.0], "world_rotation": [0.9965895685050425, 0.07242410176010956, -0.03954720509940661, -3.2898471679914803e-16]}, {"color": "CVGreen", "id_name": "object23004829106543", "shape": "CVBox", "id_string": "ob3278", "world_size": [0.04, 0.04, 0.04], "id": 3278, "camera_size": [16, 16], "camera_position": [236, 224], "world_position": [0.78, 0.6199874431539305, -0.2], "world_orientation": [1.0, 1.7889335846010863e-16, -4.367536594091608e-17, -1.7889335846010863e-16, 1.0, -6.570265165262153e-16, 4.367536594091608e-17, 6.570265165262153e-16, 1.0], "world_rotation": [-0.9628953949226872, 0.06400778001840857, 0.26217448871657395, -6.823446451096272e-16]}, {"color": "CVRed", "id_name": "object207386840398378", "shape": "CVSphere", "id_string": "ob3285", "world_size": [0.04, 0.04, 0.04], "id": 3285, "camera_size": [16, 17], "camera_position": [253, 213], "world_position": [0.8088995235339124, 0.6200509496680269, -0.15526543271547064], "world_orientation": [0.9999940492658481, 0.0033958044639923837, 0.0006082309883619114, -0.003395560706153438, 0.9999941545255367, -0.0004013505303030795, -0.000609590340885641, 0.00039928285672840853, 0.9999997344863732], "world_rotation": [0.11526559436194124, 0.17532731162115248, -0.9777393193260091, 0.0034730007725646567]}, {"color": "CVYellow", "id_name": "object2056024820158", "shape": "CVBox", "id_string": "ob3292", "world_size": [0.04, 0.04, 0.04], "id": 3292, "camera_size": [16, 16], "camera_position": [271, 224], "world_position": [0.78, 0.6199874431539305, -0.11], "world_orientation": [1.0, 4.228388472693457e-17, -1.6957377686420176e-17, -4.228388472693457e-17, 1.0, 1.0733601507606494e-16, 1.6957377686420176e-17, -1.0733601507606494e-16, 1.0], "world_rotation": [0.92051720276698, 0.14542702990328832, 0.3626279889688094, -1.1660402951017529e-16]}, {"color": "CVBlue", "id_name": "object101521515046339", "shape": "CVBox", "id_string": "ob3299", "world_size": [0.04, 0.04, 0.04], "id": 3299, "camera_size": [16, 16], "camera_position": [289, 224], "world_position": [0.78, 0.6199874431539305, -0.065], "world_orientation": [1.0, 4.228388472693457e-17, -1.6957377686420176e-17, -4.228388472693457e-17, 1.0, 1.0733601507606494e-16, 1.6957377686420176e-17, -1.0733601507606494e-16, 1.0], "world_rotation": [0.92051720276698, 0.14542702990328832, 0.3626279889688094, -1.1660402951017529e-16]}, {"color": "CVYellow", "id_name": "object263670358285763", "shape": "CVCone", "id_string": "ob3306", "world_size": [0.04, 0.04, 0.04], "id": 3306, "camera_size": [17, 17], "camera_position": [229, 280], "world_position": [0.6403392622401768, 0.6599769970746178, -0.21585355084376998], "world_orientation": [0.9997965268509423, -7.529648354721937e-06, 0.02017188241333365, 1.6371399390159494e-05, 0.9999999038758761, -0.00043815546997184727, -0.02017187717517251, 0.00043839655904203523, 0.999796430869648], "world_rotation": [0.02172194813473612, 0.9997638752005155, 0.0005922949263653391, 0.02017801322620328]}, {"color": "CVPurple", "id_name": "object242400622531609", "shape": "CVBox", "id_string": "ob3313", "world_size": [0.04, 0.04, 0.04], "id": 3313, "camera_size": [17, 21], "camera_position": [252, 283], "world_position": [0.6339470592688854, 0.7028592399090747, -0.15993508703156004], "world_orientation": [0.9723982657127755, -0.23305031047652658, 0.011365105612411037, 0.23301946228611298, 0.9724639052901332, 0.003985361182377675, -0.011980944648794263, -0.0012270675033541603, 0.9999274730052499], "world_rotation": [-0.011169093530746878, 0.05002547462273992, 0.9986854876478737, 0.23551275535634386]}, {"color": "CVBlue", "id_name": "object66208850251376", "shape": "CVCylinder", "id_string": "ob3320", "world_size": [0.04, 0.04, 0.04], "id": 3320, "camera_size": [17, 17], "camera_position": [271, 281], "world_position": [0.6399374934710682, 0.6999420209341953, -0.11485441726233046], "world_orientation": [0.9999996426108093, -0.0008440319383333077, -4.887065310689678e-05, 0.000843936116232672, 0.9999977840767568, -0.0019286299302610178, 5.049837007160993e-05, 0.001928587997280348, 0.9999981389973941], "world_rotation": [-0.9158643391633079, 0.023594348687655392, -0.4007939856821238, -0.0021057817262293745]}, {"color": "CVBlue", "id_name": "object52467693602054", "shape": "CVCone", "id_string": "ob3327", "world_size": [0.04, 0.04, 0.04], "id": 3327, "camera_size": [17, 17], "camera_position": [230, 262], "world_position": [0.6855199914517487, 0.6599685294797756, -0.21428308090530232], "world_orientation": [0.9998942941052097, -0.00010096535185243634, 0.014539271709495918, 9.988089199591974e-05, 0.9999999921757714, 7.531443716579571e-05, -0.014539279199885983, -7.38542805585086e-05, 0.9998942963663174], "world_rotation": [-0.005129664046325516, 0.9999629908650683, 0.006906768199299035, 0.014540325910425516]}, {"color": "CVRed", "id_name": "object62910244350373", "shape": "CVBox", "id_string": "ob3334", "world_size": [0.04, 0.04, 0.04], "id": 3334, "camera_size": [17, 17], "camera_position": [252, 263], "world_position": [0.6838068545665987, 0.6998147302770258, -0.16026846421349378], "world_orientation": [0.9999934212130852, -0.0036217833780664357, -0.0002005385538241006, 0.0036226549581080663, 0.9999831718158141, 0.0045312753434941086, 0.00018412388140386833, -0.004531972015185473, 0.9999897136111202], "world_rotation": [0.7806987887942638, 0.03313442581808543, -0.6240284536788969, -0.005804606324693744]}, {"color": "CVRed", "id_name": "object48687221734429", "shape": "CVCylinder", "id_string": "ob3341", "world_size": [0.04, 0.04, 0.04], "id": 3341, "camera_size": [18, 17], "camera_position": [270, 259], "world_position": [0.6930208632470704, 0.6599622545460411, -0.1137409537715604], "world_orientation": [0.9975229903844902, 0.00014510653757156898, -0.07034104490606685, -0.00014600376703618223, 0.9999999893124635, -7.614022244204248e-06, 0.07034104304944994, 1.7865219771439768e-05, 0.9975230009095277], "world_rotation": [-0.00018111180618875895, 0.9999978426511084, 0.0020692732160280856, -0.07039933194189109]}, {"color": "CVGreen", "id_name": "object171683503801912", "shape": "CVCone", "id_string": "ob3348", "world_size": [0.04, 0.04, 0.04], "id": 3348, "camera_size": [17, 16], "camera_position": [234, 243], "world_position": [0.7310114077443483, 0.6599624321247882, -0.2046258831564566], "world_orientation": [0.999802247238604, -0.00020363259297061676, 0.019885294828201283, 0.00020590790650118577, 0.9999999724869515, -0.00011237451067858055, -0.019885271397983205, 0.00011644682773701752, 0.999802261660557], "world_rotation": [0.005753134599609234, 0.9999304356237235, 0.010296861445557663, 0.019887977544815073]}, {"color": "CVYellow", "id_name": "object109864228627635", "shape": "CVCone", "id_string": "ob3355", "world_size": [0.04, 0.04, 0.04], "id": 3355, "camera_size": [17, 17], "camera_position": [252, 228], "world_position": [0.767239088464702, 0.6999495334153363, -0.16054544563038098], "world_orientation": [0.9998886214380903, 0.0038849137844923676, -0.01441014099592786, -0.003840862022018618, 0.9999878700953684, 0.0030834138639664914, 0.014421944999315265, -0.0030277230744813676, 0.9998914143022837], "world_rotation": [0.20057301806868932, 0.9462950288184324, 0.25356691987784885, -0.015234784323113607]}, {"color": "CVRed", "id_name": "object47746842558674", "shape": "CVCapsule", "id_string": "ob3362", "world_size": [0.04, 0.08, 0.04], "id": 3362, "camera_size": [18, 18], "camera_position": [271, 241], "world_position": [0.7349473408739037, 0.6799203195020668, -0.11297390766116824], "world_orientation": [0.9996533640398146, -0.0006475924030652327, -0.02631980980101467, 0.0006806573423661648, 0.9999989904284251, 0.0012473362470543437, 0.026318975463805176, -0.0012648186472474156, 0.9996527956067174], "world_rotation": [0.04765501766754146, 0.9985460082429097, -0.025196601224318212, -0.026360769402141732]}, {"color": "CVRed", "id_name": "object77931846885777", "shape": "CVCapsule", "id_string": "ob3369", "world_size": [0.04, 0.08, 0.04], "id": 3369, "camera_size": [18, 19], "camera_position": [244, 269], "world_position": [0.6700969995907285, 0.7596459416874491, -0.17568256646524102], "world_orientation": [0.9999164202337528, -0.0057958076677535235, 0.011556866374389274, 0.005716688255048776, 0.9999600782251874, 0.006867418093554296, -0.011596207238216616, -0.0068007771140876985, 0.9999096346212156], "world_rotation": [-0.46732711502439805, 0.7916231024617681, 0.3936219394441548, 0.0146243198659357]}, {"color": "CVPurple", "id_name": "object132312252652847", "shape": "CVBox", "id_string": "ob3376", "world_size": [0.04, 0.04, 0.04], "id": 3376, "camera_size": [21, 21], "camera_position": [266, 268], "world_position": [0.6714192765385714, 0.741232300788549, -0.12700798699994773], "world_orientation": [0.9823413849833762, 0.18273957354553516, 0.0401453809215746, -0.17336453526176981, 0.9697258529253918, -0.17197821978841416, -0.07035724029844376, 0.16198153730755077, 0.9842823986585708], "world_rotation": [0.6671858996552784, 0.22076249963183125, -0.7114259582398456, 0.25296417212026595]}, {"color": "CVPurple", "id_name": "object48520044146518", "shape": "CVSphere", "id_string": "ob3383", "world_size": [0.04, 0.04, 0.04], "id": 3383, "camera_size": [17, 24], "camera_position": [245, 243], "world_position": [0.7284724377592127, 0.7273923902135255, -0.1756220464340791], "world_orientation": [0.8334965990592096, 0.5523813671466821, -0.012579530432169802, -0.5522349410064572, 0.8335808277601294, 0.013400504555138857, 0.017888244417104782, -0.004222418726287461, 0.9998310766783426], "world_rotation": [0.01594579369485496, 0.027568232825473785, 0.9994927334414802, -0.5854667577298871]}, {"color": "CVRed", "id_name": "object237105213327708", "shape": "CVBox", "id_string": "ob3390", "world_size": [0.04, 0.04, 0.04], "id": 3390, "camera_size": [19, 18], "camera_position": [268, 248], "world_position": [0.7173876457425651, 0.7399386772781196, -0.12181355895781285], "world_orientation": [0.9977202044617168, -3.31877399140035e-05, -0.06748623939325883, -3.8814427869793115e-05, 0.9999994314897744, -0.0010656047900030417, 0.06748623639165625, 0.0010657948687283524, 0.997719635959415], "world_rotation": [-0.015789396642387564, 0.9998753388379178, 4.1682472619792815e-05, -0.06754600282256891]}], "source": "manual check"}
