{"timestamp": 1721665327.693878, "objects": [{"color": "cv_", "id_name": "hand", "shape": "CVBox", "id_string": "ob383", "world_size": [0.12, 0.005, 0.12], "id": 383, "camera_size": [48, 49], "camera_position": [246, 391], "world_position": [0.36266575373491794, 0.6554719758367155, -0.17408983814405946], "world_orientation": [-4.111144653844953e-06, -0.001581006103676752, 0.9999987502006185, -0.0007631202224789021, -0.9999984590281936, -0.0015810087806320291, 0.9999997088152699, -0.0007631257684879169, 2.904640589472266e-06], "world_rotation": [0.0, 1.0, 0.0, 0.0]}, {"color": "CVGreen", "id_name": "object86733242912643", "shape": "CVBox", "id_string": "ob14863", "world_size": [0.04, 0.04, 0.04], "id": 14863, "camera_size": [16, 16], "camera_position": [255, 246], "world_position": [0.72322613464303, 0.619979440502784, -0.15043429184999355], "world_orientation": [0.9999014027368308, 8.650566914618604e-05, -0.014041984250356816, -8.994174844801755e-05, 0.9999999661703818, -0.00024406908289721562, 0.014041962661962514, 0.000245307978968775, 0.9999013766910192], "world_rotation": [-0.01742251994770089, 0.9998284828152463, 0.006281779209335189, -0.014044844046662692]}, {"color": "CVYellow", "id_name": "object14237699892404", "shape": "CVBox", "id_string": "ob14870", "world_size": [0.04, 0.04, 0.04], "id": 14870, "camera_size": [18, 18], "camera_position": [219, 295], "world_position": [0.5994256172889505, 0.6199874431543128, -0.24296579706238167], "world_orientation": [0.9932774204304263, 2.680934119809614e-09, -0.11575822244263476, -2.6024385809115156e-09, 1.0, 8.292338747752866e-10, 0.11575822244263476, -5.22405619927873e-10, 0.9932774204304263], "world_rotation": [5.838200804150128e-09, 0.9999999999999997, 2.2820723181626953e-08, -0.11601831994140134]}, {"color": "CVBlue", "id_name": "object114592282661535", "shape": "CVCone", "id_string": "ob14877", "world_size": [0.04, 0.04, 0.04], "id": 14877, "camera_size": [17, 17], "camera_position": [236, 296], "world_position": [0.5989131801598603, 0.6199874431860891, -0.2001180448790542], "world_orientation": [0.9992441767317392, 1.8014413419934525e-11, -0.03887255159761063, -4.1101825180623565e-11, 1.0, -5.93126643280796e-10, 0.03887255159761063, 5.942760771828687e-10, 0.9992441767317392], "world_rotation": [-1.527302262988893e-08, 0.9999999999999999, 7.603853641060157e-10, -0.0388823481524583]}, {"color": "CVPurple", "id_name": "object29666895595421", "shape": "CVCone", "id_string": "ob14884", "world_size": [0.04, 0.04, 0.04], "id": 14884, "camera_size": [16, 17], "camera_position": [253, 295], "world_position": [0.6008784053278143, 0.6199807291081273, -0.15515335238742184], "world_orientation": [0.9999779783219404, -2.958834129672893e-05, 0.006636414370359258, 2.9086498595517757e-05, 0.9999999967105271, 7.571605830293592e-05, -0.006636416588841528, -7.55213608510131e-05, 0.9999779758931611], "world_rotation": [-0.011393660114476529, 0.9999253197523671, 0.004420342443975984, 0.006636959851161341]}, {"color": "CVBlue", "id_name": "object206218702343900", "shape": "CVCapsule", "id_string": "ob14891", "world_size": [0.04, 0.08, 0.04], "id": 14891, "camera_size": [17, 18], "camera_position": [272, 295], "world_position": [0.5999621293813974, 0.6399748732372259, -0.10999999871950975], "world_orientation": [0.9999996915270434, -0.0007845597742263403, -3.757364677891382e-05, 0.0007845597737812731, 0.9999996922329331, -2.658458389514987e-08, 3.7573656072177895e-05, -2.8941961179513965e-09, 0.9999999992941102], "world_rotation": [-1.5080601409405064e-05, 0.04783655429987978, -0.9988551766123506, -0.0007854590665851089]}, {"color": "CVRed", "id_name": "object247268893736381", "shape": "CVBox", "id_string": "ob14898", "world_size": [0.04, 0.04, 0.04], "id": 14898, "camera_size": [16, 17], "camera_position": [289, 295], "world_position": [0.6, 0.6199874431539305, -0.065], "world_orientation": [1.0, 2.049142105997599e-16, 5.802954297681148e-18, -2.049142105997599e-16, 1.0, 6.179952383167331e-17, -5.802954297681148e-18, -6.179952383167331e-17, 1.0], "world_rotation": [-0.28863572672225335, 0.027102796704540077, -0.9570553043948448, 2.1410905896324258e-16]}, {"color": "CVBlue", "id_name": "object62479019255577", "shape": "CVBox", "id_string": "ob14905", "world_size": [0.04, 0.04, 0.04], "id": 14905, "camera_size": [17, 17], "camera_position": [220, 276], "world_position": [0.6492427268377299, 0.619983962406932, -0.24231514144312422], "world_orientation": [0.9991331050437332, -0.0004766516811800799, 0.041627049004743406, 0.000506861971725268, 0.999999615799977, -0.0007151858779269238, -0.04162669211707915, 0.0007356650550322031, 0.9991329627733823], "world_rotation": [0.0174229947312819, 0.9997784472361682, 0.011810829633451004, 0.041648134355919124]}, {"color": "CVGreen", "id_name": "object239943065161687", "shape": "CVCylinder", "id_string": "ob14912", "world_size": [0.04, 0.04, 0.04], "id": 14912, "camera_size": [16, 16], "camera_position": [236, 277], "world_position": [0.6449792462631025, 0.6199793874910279, -0.19998779687076515], "world_orientation": [0.9999995723846105, -0.00019322964172168006, -0.0009043743153099467, 0.0001934876497553637, 0.9999999406088363, 0.00028521019134501323, 0.0009043191505350144, -0.0002853850546455166, 0.9999995503810212], "world_rotation": [0.29479167035987663, 0.9344413079359581, -0.19979317583283382, -0.0009677941957558019]}, {"color": "CVGreen", "id_name": "object14949748064373", "shape": "CVCone", "id_string": "ob14919", "world_size": [0.04, 0.04, 0.04], "id": 14919, "camera_size": [17, 16], "camera_position": [254, 278], "world_position": [0.6427526629205632, 0.6199782311277675, -0.1550421356623102], "world_orientation": [0.9999496149148962, -1.0067005302026393e-05, -0.010038303153736041, 9.38463598293441e-06, 0.999999997642355, -6.802366202565151e-05, 0.010038303814863854, 6.792602882666721e-05, 0.9999496126518451], "world_rotation": [-0.0067713887341324585, 0.9999766045401336, -0.0009688482837408593, -0.010038706949186156]}, {"color": "CVYellow", "id_name": "object51586259228343", "shape": "CVSphere", "id_string": "ob14926", "world_size": [0.04, 0.04, 0.04], "id": 14926, "camera_size": [16, 16], "camera_position": [271, 277], "world_position": [0.6450110635189686, 0.6199782513520886, -0.11000385047619445], "world_orientation": [0.9999998944175091, 0.00045798609499099463, 3.759930540160916e-05, -0.00045798413818588584, 0.9999998937713981, -5.203577491783263e-05, -3.762313306883591e-05, 5.201854953828954e-05, 0.9999999979392852], "world_rotation": [0.11250022206078007, 0.08132810506541643, -0.9903178476442519, 0.0004624627678910404]}, {"color": "CVBlue", "id_name": "object171539139906300", "shape": "CVBox", "id_string": "ob14933", "world_size": [0.04, 0.04, 0.04], "id": 14933, "camera_size": [16, 16], "camera_position": [289, 277], "world_position": [0.6449999826777044, 0.6199874431936948, -0.06500002729629292], "world_orientation": [0.999999999999709, -2.7021972746166064e-10, -7.62853788049689e-07, 2.7021968146471807e-10, 1.0, -6.029257409064145e-11, 7.628537880497053e-07, 6.029236794085144e-11, 0.999999999999709], "world_rotation": [-7.903541673304127e-05, 0.9999999341400438, -0.00035422212080426564, -7.628538382912914e-07]}, {"color": "CVGreen", "id_name": "object196254500949787", "shape": "CVCylinder", "id_string": "ob14940", "world_size": [0.04, 0.04, 0.04], "id": 14940, "camera_size": [17, 16], "camera_position": [219, 260], "world_position": [0.6893131824913697, 0.619982786972542, -0.24389562766007378], "world_orientation": [0.9993670378852398, 4.3526264963745324e-05, 0.03557417172537194, -3.7964780124663515e-05, 0.9999999869532066, -0.00015701038893714745, -0.035574178095318855, 0.00015556044170165557, 0.9993670264991695], "world_rotation": [0.0043931814310956665, 0.9999896940049109, -0.0011453562232640853, 0.03558204936621423]}, {"color": "CVYellow", "id_name": "object240844958206701", "shape": "CVBox", "id_string": "ob14947", "world_size": [0.04, 0.04, 0.04], "id": 14947, "camera_size": [16, 15], "camera_position": [236, 260], "world_position": [0.6900050685706656, 0.6199785387213668, -0.1997516351689749], "world_orientation": [0.9999999792346556, 0.000203747121286267, 4.218891753204451e-06, -0.00020374702317786696, 0.9999999789734815, -2.3241929500894486e-05, -4.223627140715537e-06, 2.3241069431633674e-05, 0.9999999997210068], "world_rotation": [0.11331136487446462, 0.020580284422636305, -0.9933463577641836, 0.00020511181429133638]}, {"color": "CVRed", "id_name": "object7341433876641", "shape": "CVCapsule", "id_string": "ob14954", "world_size": [0.04, 0.08, 0.04], "id": 14954, "camera_size": [17, 17], "camera_position": [254, 263], "world_position": [0.68310270541251, 0.6399622696448874, -0.1551388143436275], "world_orientation": [0.9995840356377038, -0.0008264293587163075, -0.028828331772009386, 0.0008313971254780885, 0.9999996415354623, 0.00016033641727307744, 0.028828188931352257, -0.00018423751520509386, 0.9995843644132678], "world_rotation": [0.0059737464259189904, 0.9995690387996781, -0.02874110343613268, -0.028844689277792122]}, {"color": "CVGreen", "id_name": "object174475724745554", "shape": "CVCylinder", "id_string": "ob14961", "world_size": [0.04, 0.04, 0.04], "id": 14961, "camera_size": [16, 16], "camera_position": [272, 260], "world_position": [0.6896415363226371, 0.6199732025963142, -0.1080437548850991], "world_orientation": [0.9998301946562366, -0.0002492669634869304, 0.018426060882700122, 0.00024500296593729735, 0.9999999426863376, 0.00023366828664537204, -0.018426118072419364, -0.00022911416895482812, 0.9998301984234519], "world_rotation": [-0.012555685280033403, 0.9998312495313844, 0.013409967474212612, 0.01843024277445941]}, {"color": "CVGreen", "id_name": "object89440287624611", "shape": "CVCone", "id_string": "ob14968", "world_size": [0.04, 0.04, 0.04], "id": 14968, "camera_size": [16, 16], "camera_position": [289, 261], "world_position": [0.6867536076094979, 0.6199840746388271, -0.06484714504903094], "world_orientation": [0.9999388105096022, 0.0004521594295300046, -0.011053089545121752, -0.0004536394362088539, 0.999999888473558, -0.0001313930494027238, 0.01105302890180374, 0.000136399126838606, 0.999938904107333], "world_rotation": [-0.012102896170182172, 0.999088397742353, 0.04093767703365129, -0.011063370098856648]}, {"color": "CVPurple", "id_name": "object114455776674056", "shape": "CVCapsule", "id_string": "ob14975", "world_size": [0.04, 0.08, 0.04], "id": 14975, "camera_size": [18, 17], "camera_position": [218, 242], "world_position": [0.7349999878271763, 0.6399748863871865, -0.2449973301255651], "world_orientation": [0.9999999999957511, 2.986003884074224e-11, -2.915123047440544e-06, -2.986177587851064e-11, 1.0, -5.958762873890593e-10, 2.9151230474405263e-06, 5.958763744365239e-10, 0.9999999999957511], "world_rotation": [-0.0002044086334386429, 0.999999979056091, 1.0243446416589533e-05, -2.9151231084987375e-06]}, {"color": "CVYellow", "id_name": "object209872461353835", "shape": "CVCone", "id_string": "ob14982", "world_size": [0.04, 0.04, 0.04], "id": 14982, "camera_size": [16, 16], "camera_position": [236, 242], "world_position": [0.7348891937601414, 0.619976344093074, -0.20014382936926067], "world_orientation": [0.9999826989979493, 0.00027769356478147416, -0.005875763019485214, -0.0002773952061419916, 0.9999999601950429, 5.159275483497701e-05, 0.005875777112576725, -4.996195373458911e-05, 0.9999827362245445], "world_rotation": [0.008631874956136803, 0.9988490577223798, 0.0471810409153488, -0.005882574458005438]}, {"color": "CVRed", "id_name": "object228696924066565", "shape": "CVSphere", "id_string": "ob14989", "world_size": [0.04, 0.04, 0.04], "id": 14989, "camera_size": [16, 17], "camera_position": [253, 231], "world_position": [0.7633849028408918, 0.6199775981544059, -0.15520545841866876], "world_orientation": [0.9999846047194801, 0.00035482694064813516, -0.005537546556671068, -0.00035595265373456755, 0.9999999161855785, -0.00020230310005123485, 0.005537474309954733, 0.00020427108993028263, 0.9999846472079401], "world_rotation": [-0.036610986450749644, 0.9972778619032333, 0.06400392041756858, -0.005552653979740774]}, {"color": "CVPurple", "id_name": "object60957193386207", "shape": "CVSphere", "id_string": "ob14996", "world_size": [0.04, 0.04, 0.04], "id": 14996, "camera_size": [16, 16], "camera_position": [271, 242], "world_position": [0.7350360432605614, 0.6199789805466047, -0.10996066147013496], "world_orientation": [0.9999963387418531, 0.00015270089426953562, -0.0027017004508692317, -0.00015305411339671036, 0.9999999797677492, -0.00013053328910788195, 0.002701680463657772, 0.000130946317558987, 0.9999963418811764], "world_rotation": [-0.04825827089220952, 0.9972396059140874, 0.05642967027025466, -0.0027091721449269608]}, {"color": "CVGreen", "id_name": "object265713817737448", "shape": "CVCone", "id_string": "ob15003", "world_size": [0.04, 0.04, 0.04], "id": 15003, "camera_size": [16, 16], "camera_position": [289, 242], "world_position": [0.7349234434049536, 0.6199817933545128, -0.06499317758741993], "world_orientation": [0.9999998873720177, -0.0003722442306638282, -0.00029443196935652474, 0.00037230116042635364, 0.9999999120089536, 0.00019332338556989962, 0.0002943599799341909, -0.00019343298116017424, 0.9999999379679401], "world_rotation": [0.37732700427381544, 0.5744368327915893, -0.7263929081276302, -0.0005124949702509852]}, {"color": "CVRed", "id_name": "object224548101518917", "shape": "CVCapsule", "id_string": "ob15010", "world_size": [0.04, 0.08, 0.04], "id": 15010, "camera_size": [18, 17], "camera_position": [218, 224], "world_position": [0.78, 0.6399748858658902, -0.245], "world_orientation": [1.0, -1.3010426069826106e-17, -2.3826422606982324e-17, 1.3010426069826106e-17, 1.0, 3.2786273695961654e-16, 2.3826422606982324e-17, -3.2786273695961654e-16, 1.0], "world_rotation": [0.9965895685050425, 0.07242410176010956, -0.03954720509940661, -3.2898471679914803e-16]}, {"color": "CVPurple", "id_name": "object147766849762061", "shape": "CVCylinder", "id_string": "ob15017", "world_size": [0.04, 0.04, 0.04], "id": 15017, "camera_size": [16, 16], "camera_position": [236, 224], "world_position": [0.7799999534886681, 0.6199874431883683, -0.2000000212902176], "world_orientation": [0.9999999999999841, -1.886247354050877e-10, -1.783237097776476e-07, 1.886247356874318e-10, 1.0, 1.5856502933413217e-12, 1.7832370977764727e-07, -1.585683879886286e-12, 0.9999999999999841], "world_rotation": [8.892066015519945e-06, 0.9999994405266082, -0.0010577652867974538, -1.7832380954507496e-07]}, {"color": "CVGreen", "id_name": "object30164451338572", "shape": "CVBox", "id_string": "ob15024", "world_size": [0.04, 0.04, 0.04], "id": 15024, "camera_size": [15, 17], "camera_position": [254, 215], "world_position": [0.805400266305353, 0.6199874431218182, -0.15505291048489836], "world_orientation": [0.99999999971501, -2.4702535921736103e-10, -2.3874256474568375e-05, 2.470372277863113e-10, 1.0, 4.971254203356387e-10, 2.3874256474568253e-05, -4.971313180234825e-10, 0.99999999971501], "world_rotation": [2.0822779112502715e-05, 0.9999999997296739, -1.0347182694388973e-05, -2.3874256483290124e-05]}, {"color": "CVGreen", "id_name": "object265484310213966", "shape": "CVCapsule", "id_string": "ob15031", "world_size": [0.04, 0.08, 0.04], "id": 15031, "camera_size": [17, 17], "camera_position": [272, 224], "world_position": [0.7800000287408001, 0.6399748863511446, -0.11000003021418649], "world_orientation": [0.999999999999771, 1.1398785380528914e-10, -6.767933248882796e-07, -1.1398746186059031e-10, 1.0, 5.790842689076809e-10, 6.767933248883457e-07, -5.790841917568006e-10, 0.999999999999771], "world_rotation": [0.000855629021223629, 0.9999996197662503, 0.00016842307732540935, -6.767935822281258e-07]}, {"color": "CVBlue", "id_name": "object141338793025932", "shape": "CVCapsule", "id_string": "ob15038", "world_size": [0.04, 0.08, 0.04], "id": 15038, "camera_size": [17, 17], "camera_position": [290, 224], "world_position": [0.7799993717025435, 0.6399748863832033, -0.06501255825998326], "world_orientation": [0.9999999999010868, 2.5226983209332583e-10, 1.406507694841067e-05, -2.5227759684771456e-10, 1.0, 5.52057284073525e-10, -1.406507694841053e-05, -5.520608323233046e-10, 0.9999999999010868], "world_rotation": [-3.925034037917231e-05, 0.9999999990688522, -1.7936177324939826e-05, 1.4065076961971006e-05]}, {"color": "CVPurple", "id_name": "object113105088566191", "shape": "CVCylinder", "id_string": "ob15045", "world_size": [0.04, 0.04, 0.04], "id": 15045, "camera_size": [18, 17], "camera_position": [233, 280], "world_position": [0.6401409464371437, 0.6599647119026083, -0.20604370940525307], "world_orientation": [0.9988201647654307, -0.000349586339090341, -0.04856085097431674, 0.00035567135787159364, 0.9999999299434397, 0.00011666619423784739, 0.04856080678740282, -0.000133800251156638, 0.9988202191293735], "world_rotation": [0.0025788172790202368, 0.9999703106279908, -0.007261374801015557, -0.04858137830176709]}, {"color": "CVPurple", "id_name": "object37147388564553", "shape": "CVCone", "id_string": "ob15052", "world_size": [0.04, 0.04, 0.04], "id": 15052, "camera_size": [17, 17], "camera_position": [252, 283], "world_position": [0.6331126922943281, 0.6599721417686734, -0.15954601150102346], "world_orientation": [0.9997565878208172, 0.00020650986935171723, 0.022061787383403197, -0.0002075791570307085, 0.9999999773892514, 4.6177811238207776e-05, -0.0220617773483959, -5.074613822418177e-05, 0.9997566080827169], "world_rotation": [-0.0021965461833776557, 0.999953553752563, -0.009384323229955, 0.022064597402100608]}, {"color": "CVGreen", "id_name": "object83452768446513", "shape": "CVBox", "id_string": "ob15059", "world_size": [0.04, 0.04, 0.04], "id": 15059, "camera_size": [16, 17], "camera_position": [269, 280], "world_position": [0.6400307209397134, 0.6599717085824679, -0.11603395323486407], "world_orientation": [0.9999888664886325, 0.0003240049527245117, -0.004707644800846109, -0.00032484275333290034, 0.999999931538238, -0.00017720244095353858, 0.0047075870640839465, 0.00017872971236696696, 0.9999889032782934], "world_rotation": [-0.03768762021605457, 0.9969250585014136, 0.06870277297463018, -0.004722153774762959]}, {"color": "CVPurple", "id_name": "object91766119556086", "shape": "CVCone", "id_string": "ob15066", "world_size": [0.04, 0.04, 0.04], "id": 15066, "camera_size": [17, 17], "camera_position": [233, 262], "world_position": [0.6850110022986075, 0.6599719326877088, -0.20640536907660215], "world_orientation": [0.9999969017227713, 9.681807103848111e-05, -0.00248740248433634, -9.737624016524991e-05, 0.9999999701085627, -0.0002242782684841857, 0.0024873806957949733, 0.0002245197875096369, 0.9999968812592065], "world_rotation": [-0.08978188199572164, 0.9952035007009882, 0.03884849878443726, -0.0024993824660670206]}, {"color": "CVYellow", "id_name": "object269853605105494", "shape": "CVSphere", "id_string": "ob15073", "world_size": [0.04, 0.04, 0.04], "id": 15073, "camera_size": [17, 17], "camera_position": [252, 266], "world_position": [0.6761354141072214, 0.6999422835404348, -0.15999858321398944], "world_orientation": [0.9983406513806952, -0.0009870035369093347, -0.0575757728978736, 0.001001736776238447, 0.9999994724898649, 0.00022703176681813616, 0.05757551844491302, -0.00028433081110147934, 0.9983411134636244], "world_rotation": [0.004440083003178246, 0.9998410395324332, -0.017267927774587608, -0.057616672248444835]}, {"color": "CVRed", "id_name": "object205180411875260", "shape": "CVBox", "id_string": "ob15080", "world_size": [0.04, 0.04, 0.04], "id": 15080, "camera_size": [17, 17], "camera_position": [270, 262], "world_position": [0.6854457019617154, 0.6599607467525046, -0.11453900186964057], "world_orientation": [0.9997744481789025, -0.00046442448550492235, -0.0212329243974629, 0.00046745730166119093, 0.9999998812374212, 0.00013787245751192752, 0.021232857844440893, -0.00014776684567327045, 0.9997745465417278], "world_rotation": [0.006724569312483985, 0.9997367060841219, -0.021938520361033824, -0.021240080093476894]}, {"color": "CVBlue", "id_name": "object182507983832097", "shape": "CVCone", "id_string": "ob15087", "world_size": [0.04, 0.04, 0.04], "id": 15087, "camera_size": [17, 17], "camera_position": [234, 244], "world_position": [0.7299633440896357, 0.6599672100155272, -0.20487644737410965], "world_orientation": [0.9999994164059133, 0.0003285009031351522, -0.001029210857801666, -0.0003284875502080034, 0.9999999459615947, 1.3142961690217126e-05, 0.0010292151196595375, -1.280487106672356e-05, 0.9999994702759962], "world_rotation": [0.01200796478323467, 0.952584629236056, 0.3040367295656399, -0.0010804427841745925]}, {"color": "CVGreen", "id_name": "object81050867660705", "shape": "CVBox", "id_string": "ob15094", "world_size": [0.04, 0.04, 0.04], "id": 15094, "camera_size": [17, 16], "camera_position": [252, 239], "world_position": [0.740754492847311, 0.6599747018806992, -0.15997812348800247], "world_orientation": [0.99976093412633, 8.278394583596241e-07, -0.021864916971317015, -5.101287769856878e-06, 0.999999980897981, -0.00019539195090917074, 0.02186491639189978, 0.0001954567785952532, 0.9997609150331009], "world_rotation": [-0.0089374480860896, 0.999960051021927, 0.00013557998989838222, -0.021867532958190404]}, {"color": "CVRed", "id_name": "object193885927436177", "shape": "CVBox", "id_string": "ob15101", "world_size": [0.04, 0.04, 0.04], "id": 15101, "camera_size": [17, 17], "camera_position": [268, 245], "world_position": [0.726405323441735, 0.6599732653703774, -0.12006423042765224], "world_orientation": [0.9986866206144392, 5.5160619913484566e-05, -0.05123505404522494, -5.875563310227426e-05, 0.9999999959167282, -6.866090106234978e-05, 0.051235050048640415, 7.158107128775697e-05, 0.9986866197775274], "world_rotation": [-0.0013686114168191832, 0.9999984455110774, 0.0011117005973747742, -0.051257573912509936]}, {"color": "CVYellow", "id_name": "object132824017716637", "shape": "CVCapsule", "id_string": "ob15108", "world_size": [0.04, 0.08, 0.04], "id": 15108, "camera_size": [35, 24], "camera_position": [192, 288], "world_position": [0.6176668438460787, 0.6199748863778316, -0.31332157765774654], "world_orientation": [-6.005708153011824e-10, 0.2348824269892536, 0.9720237885420491, 1.0, 1.214253142478583e-10, 5.885145704098705e-10, 2.020339451291875e-11, 0.972023788542049, -0.2348824269892537], "world_rotation": [0.6178507165893651, 0.6178507169506026, 0.48633423031248213, 2.236281961098519]}, {"color": "CVGreen", "id_name": "object255384494694289", "shape": "CVBox", "id_string": "ob15115", "world_size": [0.04, 0.04, 0.04], "id": 15115, "camera_size": [22, 21], "camera_position": [326, 295], "world_position": [0.6017577588112283, 0.6199874431885587, 0.031015306433075537], "world_orientation": [0.34743001011281466, -5.31775834891947e-10, -0.9377059176911541, 4.981348725239336e-10, 1.0, -3.8253873024138964e-10, 0.9377059176911541, -3.3419858285771197e-10, 0.34743001011281466], "world_rotation": [-2.5775750409415238e-11, 1.0, -5.491650889608097e-10, -1.215967340117003]}, {"color": "CVRed", "id_name": "object57475780793668", "shape": "CVCylinder", "id_string": "ob15122", "world_size": [0.04, 0.04, 0.04], "id": 15122, "camera_size": [17, 19], "camera_position": [238, 192], "world_position": [0.8628232590643236, 0.6199874431768049, -0.19480012883230044], "world_orientation": [0.996990508964379, -2.3447983637269836e-10, 0.0775237062771694, 1.9285303604524255e-10, 1.0, 5.444423626977142e-10, -0.0775237062771694, -5.27853186166731e-10, 0.996990508964379], "world_rotation": [-6.9159203059170205e-09, 0.9999999999999999, 2.756143204054923e-09, 0.07760156898244386]}, {"color": "CVYellow", "id_name": "object158232590965519", "shape": "CVCone", "id_string": "ob15129", "world_size": [0.04, 0.04, 0.04], "id": 15129, "camera_size": [23, 23], "camera_position": [288, 250], "world_position": [0.7155826920324092, 0.6599741545408297, -0.07119553986412075], "world_orientation": [-0.6191232158739035, 0.7852938547012007, -7.303756229759539e-05, 0.0002050473213783266, 6.865200345740341e-05, -0.9999999766212491, -0.7852938313278361, -0.6191232163757325, -0.00020352645055798924], "world_rotation": [0.3244586489834726, 0.668908435722538, -0.6687960000770392, 2.5143161533079352]}], "source": "manual check"}
