{"timestamp": 1721665467.472336, "objects": [{"color": "cv_", "id_name": "hand", "shape": "CVBox", "id_string": "ob383", "world_size": [0.12, 0.005, 0.12], "id": 383, "camera_size": [48, 49], "camera_position": [246, 391], "world_position": [0.3626641334568495, 0.6554819955469726, -0.17408986561132045], "world_orientation": [-4.0733721173758e-06, -0.0015808956950575303, 0.9999987503753237, -0.0007631201624488013, -0.999998459202836, -0.0015808983432195267, 0.9999997088154704, -0.0007631256484225651, 2.866952461872285e-06], "world_rotation": [0.0, 1.0, 0.0, 0.0]}, {"color": "CVBlue", "id_name": "object62319085874884", "shape": "CVCone", "id_string": "ob15682", "world_size": [0.04, 0.04, 0.04], "id": 15682, "camera_size": [16, 16], "camera_position": [256, 252], "world_position": [0.7097602908673805, 0.6199629031020883, -0.1492581257389223], "world_orientation": [0.9999889478868468, 0.0002971447637152116, 0.004692100717910403, -0.00029646323099884924, 0.9999999454046665, -0.00014594593764948553, -0.004692143828814759, 0.00014455328929946753, 0.9999889813846132], "world_rotation": [0.03087957881714995, 0.9975293984893463, -0.06309953059697543, 0.004703760694170075]}, {"color": "CVGreen", "id_name": "object228221799119097", "shape": "CVBox", "id_string": "ob15689", "world_size": [0.04, 0.04, 0.04], "id": 15689, "camera_size": [17, 17], "camera_position": [219, 295], "world_position": [0.6000000000000002, 0.6199874431539305, -0.24500000006418557], "world_orientation": [1.0, 1.0735727562369226e-15, 1.603982426595428e-09, -1.0735727562369226e-15, 1.0, 6.318676869044494e-13, -1.603982426595428e-09, -6.318676869044494e-13, 1.0], "world_rotation": [-0.0003939367585322796, 0.9999999224066881, -6.693169794968357e-07, 1.6039825510537463e-09]}, {"color": "CVBlue", "id_name": "object214073845088035", "shape": "CVBox", "id_string": "ob15696", "world_size": [0.04, 0.04, 0.04], "id": 15696, "camera_size": [16, 17], "camera_position": [236, 295], "world_position": [0.5999824710187625, 0.6199824887788951, -0.19999777659978787], "world_orientation": [0.9999999953349704, -9.65773369373423e-05, -1.696202796927057e-06, 9.657712375915225e-05, 0.9999999874947452, -0.00012523325736201084, 1.7082974701836333e-06, 0.0001252330929634069, 0.9999999921568771], "world_rotation": [-0.791831847147394, 0.010763089459392665, -0.6106443168886739, -0.00015815627539603408]}, {"color": "CVBlue", "id_name": "object140405208809078", "shape": "CVCone", "id_string": "ob15703", "world_size": [0.04, 0.04, 0.04], "id": 15703, "camera_size": [15, 17], "camera_position": [254, 299], "world_position": [0.58981666519107, 0.6199774273116617, -0.15499607717853406], "world_orientation": [0.9999996226406233, -0.00041650490643022514, 0.0007623924670989136, 0.00041649237495057376, 0.9999999131293378, 1.6595737029215995e-05, -0.0007623993130752736, -1.6278200117384336e-05, 0.9999997092411117], "world_rotation": [-0.018916965623316795, 0.8774255897503312, 0.479339632059451, 0.0008689010155692572]}, {"color": "CVPurple", "id_name": "object149524168517324", "shape": "CVCapsule", "id_string": "ob15710", "world_size": [0.04, 0.08, 0.04], "id": 15710, "camera_size": [17, 19], "camera_position": [272, 296], "world_position": [0.5992938124628937, 0.6401749280211703, -0.10991420900818812], "world_orientation": [0.9999253911001331, -0.011401815996171759, -0.004383015541310378, 0.011401910371135793, 0.9999349961012198, -3.4557331751726867e-06, 0.004382770029845574, -4.651927501056117e-05, 0.9999903945352788], "world_rotation": [0.0017626937339945148, 0.3588045627756186, -0.9334110448469085, -0.012215568710164429]}, {"color": "CVRed", "id_name": "object33401165084055", "shape": "CVCone", "id_string": "ob15717", "world_size": [0.04, 0.04, 0.04], "id": 15717, "camera_size": [16, 17], "camera_position": [289, 295], "world_position": [0.6, 0.6199874431539305, -0.065], "world_orientation": [1.0, 2.049142105997599e-16, 5.802954297681148e-18, -2.049142105997599e-16, 1.0, 6.179952383167331e-17, -5.802954297681148e-18, -6.179952383167331e-17, 1.0], "world_rotation": [-0.28863572672225335, 0.027102796704540077, -0.9570553043948448, 2.1410905896324258e-16]}, {"color": "CVGreen", "id_name": "object267807487404218", "shape": "CVSphere", "id_string": "ob15724", "world_size": [0.04, 0.04, 0.04], "id": 15724, "camera_size": [17, 16], "camera_position": [219, 277], "world_position": [0.6451290468886282, 0.6199874431881701, -0.24512141709512977], "world_orientation": [0.9999785761818538, -1.045296044123938e-11, 0.006545775531777216, 1.423670442175859e-11, 1.0, -5.779970543732287e-10, -0.006545775531777216, 5.780778617409038e-10, 0.9999785761818538], "world_rotation": [8.830694777890183e-08, 0.9999999999999961, 1.88592358102864e-09, 0.006545822277346036]}, {"color": "CVRed", "id_name": "object206983759762423", "shape": "CVSphere", "id_string": "ob15731", "world_size": [0.04, 0.04, 0.04], "id": 15731, "camera_size": [16, 16], "camera_position": [236, 277], "world_position": [0.6449975395736676, 0.6199748837555545, -0.20000230395516677], "world_orientation": [0.9999999908741144, -0.0001349303626966572, -6.750437777626665e-06, 0.00013493126808912758, 0.9999999818780837, 0.00013430333409364517, 6.732316057720731e-06, -0.00013430424371313756, 0.999999990958523], "world_rotation": [0.7050161995991969, 0.03538827886667347, -0.708307721277666, -0.000190497452103996]}, {"color": "CVRed", "id_name": "object256988935475623", "shape": "CVCylinder", "id_string": "ob15738", "world_size": [0.04, 0.04, 0.04], "id": 15738, "camera_size": [15, 16], "camera_position": [254, 283], "world_position": [0.6298034542899889, 0.6199837875754216, -0.15500569036974995], "world_orientation": [0.9999989692008249, -0.00045857064007933426, 0.0013606286252326103, 0.00045843151309625383, 0.9999998896607751, 0.00010256210473961878, -0.0013606755070719222, -0.00010193824397923933, 0.9999990690849463], "world_rotation": [-0.07103357822739616, 0.9452500749929764, 0.31852241128370323, 0.0014394630289272462]}, {"color": "CVRed", "id_name": "object264308372653132", "shape": "CVSphere", "id_string": "ob15745", "world_size": [0.04, 0.04, 0.04], "id": 15745, "camera_size": [16, 16], "camera_position": [271, 277], "world_position": [0.644823426440095, 0.6199683308660309, -0.11020520535191526], "world_orientation": [0.9999503027918671, 0.00017407610097606839, 0.009968031097678609, -0.0001762936732243266, 0.999999959909163, 0.00022159019189446828, -0.009967992124495279, -0.0002233364802976051, 0.9999502933915378], "world_rotation": [-0.02230872520367684, 0.9995967684436807, -0.01756762069084643, 0.009972197928934296]}, {"color": "CVPurple", "id_name": "object139684466171044", "shape": "CVCapsule", "id_string": "ob15752", "world_size": [0.04, 0.08, 0.04], "id": 15752, "camera_size": [17, 17], "camera_position": [290, 278], "world_position": [0.645, 0.6399748858658902, -0.065], "world_orientation": [1.0, -8.066464163292171e-17, -3.573889421051852e-17, 8.066464163292171e-17, 1.0, -1.821459649775647e-16, 3.573889421051852e-17, 1.821459649775647e-16, 1.0], "world_rotation": [-0.8999806872227267, 0.17658538071993266, -0.3985628757700657, -2.0238874851820828e-16]}, {"color": "CVRed", "id_name": "object131792460469535", "shape": "CVSphere", "id_string": "ob15759", "world_size": [0.04, 0.04, 0.04], "id": 15759, "camera_size": [17, 15], "camera_position": [219, 260], "world_position": [0.6899999999999867, 0.6199874431539312, -0.24499999999323938], "world_orientation": [1.0, -3.318269572450703e-14, -1.6931315243934648e-10, 3.318269572450703e-14, 1.0, -3.359981064548588e-14, 1.6931315243934648e-10, 3.359981064548588e-14, 1.0], "world_rotation": [-0.00019844772160057777, 0.9999999611043564, -0.00019598415099932566, -1.6931315902489077e-10]}, {"color": "CVBlue", "id_name": "object224115983374262", "shape": "CVCapsule", "id_string": "ob15766", "world_size": [0.04, 0.08, 0.04], "id": 15766, "camera_size": [17, 17], "camera_position": [236, 260], "world_position": [0.6902340554741869, 0.6399573275585977, -0.20047602800369024], "world_orientation": [0.9999281560384287, -0.00014914457400057212, 0.011985846548487937, 0.00014930517347743575, 0.9999999887758039, -1.250428788150715e-05, -0.011985844549009757, 1.4292938422125097e-05, 0.9999281670830955], "world_rotation": [0.0011177823394922235, 0.9999218819491745, 0.012449118919132788, 0.011987069000697617]}, {"color": "CVRed", "id_name": "object87118713300093", "shape": "CVCylinder", "id_string": "ob15773", "world_size": [0.04, 0.04, 0.04], "id": 15773, "camera_size": [16, 16], "camera_position": [254, 267], "world_position": [0.6697811661097656, 0.6199798775453715, -0.15410673126822205], "world_orientation": [0.9999968673397142, -3.682017334497675e-05, 0.0025027894503666433, 3.761305455578748e-05, 0.999999949126499, -0.0003167526756727876, -0.0025027776601525558, 0.00031684582095039957, 0.9999968178512919], "world_rotation": [0.1255630919114425, 0.9919759698243178, 0.01475077085248718, 0.002523031088169548]}, {"color": "CVYellow", "id_name": "object137568768466999", "shape": "CVCylinder", "id_string": "ob15780", "world_size": [0.04, 0.04, 0.04], "id": 15780, "camera_size": [17, 16], "camera_position": [272, 259], "world_position": [0.6905244213130459, 0.6199693450050662, -0.10901591775203479], "world_orientation": [0.9998927277544011, -0.0009606608521467359, -0.014615406754190988, 0.0009643590696975127, 0.9999995047501221, 0.00024599003061929456, 0.014615163202920143, -0.0002600581427770351, 0.9998931589796554], "world_rotation": [0.01727229477084876, 0.9976896413451243, -0.06570424176555531, -0.014649653716017706]}, {"color": "CVGreen", "id_name": "object242972356290550", "shape": "CVCapsule", "id_string": "ob15787", "world_size": [0.04, 0.08, 0.04], "id": 15787, "camera_size": [17, 17], "camera_position": [290, 260], "world_position": [0.69, 0.6399748858658902, -0.065], "world_orientation": [1.0, -9.627715291671303e-17, 2.6597159133585094e-18, 9.627715291671303e-17, 1.0, -2.1076890233118206e-16, -2.6597159133585094e-18, 2.1076890233118206e-16, 1.0], "world_rotation": [0.9095358415233338, 0.01147753261849028, 0.41546698933782017, 2.3173237678921624e-16]}, {"color": "CVPurple", "id_name": "object21597905294940", "shape": "CVBox", "id_string": "ob15794", "world_size": [0.04, 0.04, 0.04], "id": 15794, "camera_size": [17, 16], "camera_position": [219, 242], "world_position": [0.7349999999791377, 0.6199874431539356, -0.24500000004555902], "world_orientation": [1.0, -1.3688828349898494e-13, -1.543777861244122e-09, 1.3688828349898494e-13, 1.0, 6.739401272346769e-13, 1.543777861244122e-09, -6.739401272346769e-13, 1.0], "world_rotation": [0.0004365524841916075, 0.9999999007796895, -8.867096319581201e-05, -1.543778014418256e-09]}, {"color": "CVGreen", "id_name": "object12609961134815", "shape": "CVSphere", "id_string": "ob15801", "world_size": [0.04, 0.04, 0.04], "id": 15801, "camera_size": [16, 16], "camera_position": [235, 242], "world_position": [0.7350247833211957, 0.6199748862613743, -0.20153154845155033], "world_orientation": [0.9999638367671274, -0.00011757910829747294, 0.008503607065177726, 0.00011752103847445725, 0.999999993067549, 7.328531070207177e-06, -0.008503607867909033, -6.328913313751954e-06, 0.9999638436529463], "world_rotation": [-0.0008029612912783324, 0.9999041460318019, 0.01382222853152784, 0.008504525166556151]}, {"color": "CVGreen", "id_name": "object105507941311099", "shape": "CVCone", "id_string": "ob15808", "world_size": [0.04, 0.04, 0.04], "id": 15808, "camera_size": [16, 16], "camera_position": [254, 236], "world_position": [0.7496936414776981, 0.6199622094060556, -0.15446346481897882], "world_orientation": [0.999977622277043, 0.0004498764353903996, 0.006674770134203807, -0.0004546207365103708, 0.9999996451201872, 0.0007092809639822232, -0.006674448676670864, -0.0007122995808037597, 0.9999774719283279], "world_rotation": [-0.10565338650723013, 0.9921282193737825, -0.06722319719978694, 0.006727618089182012]}, {"color": "CVBlue", "id_name": "object270165814165396", "shape": "CVCone", "id_string": "ob15815", "world_size": [0.04, 0.04, 0.04], "id": 15815, "camera_size": [16, 16], "camera_position": [272, 241], "world_position": [0.736041150657123, 0.6199549494202397, -0.10909780732077677], "world_orientation": [0.9999791259726942, 0.0013701248294090596, -0.0063142993941076005, -0.0013685255802810283, 0.9999990303926282, 0.00025758792602495576, 0.0063146461993295626, -0.0002489412688851706, 0.9999800314364392], "world_rotation": [0.03916744621545918, 0.9765351183295073, 0.2117665550225866, -0.006466246509959729]}, {"color": "CVGreen", "id_name": "object121476864142220", "shape": "CVBox", "id_string": "ob15822", "world_size": [0.04, 0.04, 0.04], "id": 15822, "camera_size": [16, 16], "camera_position": [289, 242], "world_position": [0.735, 0.6199874431539305, -0.065], "world_orientation": [1.0, 4.228388472693457e-17, -1.6957377686420176e-17, -4.228388472693457e-17, 1.0, 1.0733601507606494e-16, 1.6957377686420176e-17, -1.0733601507606494e-16, 1.0], "world_rotation": [0.92051720276698, 0.14542702990328832, 0.3626279889688094, -1.1660402951017529e-16]}, {"color": "CVBlue", "id_name": "object229368385137399", "shape": "CVCapsule", "id_string": "ob15829", "world_size": [0.04, 0.08, 0.04], "id": 15829, "camera_size": [18, 17], "camera_position": [218, 224], "world_position": [0.78, 0.6399748858658902, -0.245], "world_orientation": [1.0, -1.3010426069826106e-17, -2.3826422606982324e-17, 1.3010426069826106e-17, 1.0, 3.2786273695961654e-16, 2.3826422606982324e-17, -3.2786273695961654e-16, 1.0], "world_rotation": [0.9965895685050425, 0.07242410176010956, -0.03954720509940661, -3.2898471679914803e-16]}, {"color": "CVRed", "id_name": "object154529084395468", "shape": "CVCone", "id_string": "ob15836", "world_size": [0.04, 0.04, 0.04], "id": 15836, "camera_size": [16, 16], "camera_position": [236, 224], "world_position": [0.78, 0.6199874431539305, -0.2], "world_orientation": [1.0, 1.7889335846010863e-16, -4.367536594091608e-17, -1.7889335846010863e-16, 1.0, -6.570265165262153e-16, 4.367536594091608e-17, 6.570265165262153e-16, 1.0], "world_rotation": [-0.9628953949226872, 0.06400778001840857, 0.26217448871657395, -6.823446451096272e-16]}, {"color": "CVGreen", "id_name": "object83370640824046", "shape": "CVCapsule", "id_string": "ob15843", "world_size": [0.04, 0.08, 0.04], "id": 15843, "camera_size": [17, 18], "camera_position": [254, 220], "world_position": [0.7897257193428335, 0.6399749579558354, -0.15502096326938403], "world_orientation": [0.999951476029628, 0.0009101383506244896, 0.009809038400947694, -0.0009101303839559525, 0.999999585817338, -5.276036516801982e-06, -0.00980903914013723, -3.6517233835207837e-06, 0.9999518902116302], "world_rotation": [8.24426351469241e-05, 0.99572303878167, -0.09238843673647079, 0.00985133119291969]}, {"color": "CVBlue", "id_name": "object178376027446651", "shape": "CVCapsule", "id_string": "ob15850", "world_size": [0.04, 0.08, 0.04], "id": 15850, "camera_size": [17, 17], "camera_position": [272, 224], "world_position": [0.78, 0.6399748858658902, -0.11], "world_orientation": [1.0, 2.8622937353616997e-17, 1.993998719847534e-17, -2.8622937353616997e-17, 1.0, -1.5352302762394738e-16, -1.993998719847534e-17, 1.5352302762394738e-16, 1.0], "world_rotation": [0.9751436338441275, 0.12665429985627505, -0.1818064402082252, 1.5743632250229854e-16]}, {"color": "CVPurple", "id_name": "object217989591375445", "shape": "CVCylinder", "id_string": "ob15857", "world_size": [0.04, 0.04, 0.04], "id": 15857, "camera_size": [16, 16], "camera_position": [289, 224], "world_position": [0.78, 0.6199874431539305, -0.065], "world_orientation": [1.0, 4.228388472693457e-17, -1.6957377686420176e-17, -4.228388472693457e-17, 1.0, 1.0733601507606494e-16, 1.6957377686420176e-17, -1.0733601507606494e-16, 1.0], "world_rotation": [0.92051720276698, 0.14542702990328832, 0.3626279889688094, -1.1660402951017529e-16]}, {"color": "CVPurple", "id_name": "object140528850720611", "shape": "CVCylinder", "id_string": "ob15864", "world_size": [0.04, 0.04, 0.04], "id": 15864, "camera_size": [17, 17], "camera_position": [234, 280], "world_position": [0.6407202184233113, 0.659960817760343, -0.2042732081255419], "world_orientation": [0.9995033712158663, -0.0002181310009781854, -0.03151132093366784, 0.00022493488450309678, 0.9999999521507928, 0.00021237398578731546, 0.03151127310052601, -0.0002193565100877273, 0.9995033724556941], "world_rotation": [0.006850078210418499, 0.9999518270829619, -0.007029931860068441, -0.03151803308642972]}, {"color": "CVBlue", "id_name": "object201453264321501", "shape": "CVCylinder", "id_string": "ob15871", "world_size": [0.04, 0.04, 0.04], "id": 15871, "camera_size": [17, 18], "camera_position": [251, 285], "world_position": [0.6264541850600952, 0.6599792258296006, -0.1626703869760256], "world_orientation": [0.9961859534141068, -0.0002324895043286188, -0.08725532745372838, 0.00023029191923922292, 0.9999999728614648, -3.5251978051832745e-05, 0.08725533328146147, 1.5023328542132039e-05, 0.9961859799195334], "world_rotation": [-0.0002880920140749607, 0.9999964422850126, -0.002651871095862032, -0.08736674268474381]}, {"color": "CVBlue", "id_name": "object1089477782446", "shape": "CVSphere", "id_string": "ob15878", "world_size": [0.04, 0.04, 0.04], "id": 15878, "camera_size": [16, 16], "camera_position": [270, 280], "world_position": [0.6392846749303938, 0.6599477397612998, -0.11379128779141356], "world_orientation": [0.9999878553094813, -0.00033492699250450267, -0.004917017129681371, 0.00033666680670191437, 0.999999881019039, 0.00035301185401541245, 0.004916898311451364, -0.000354662963251242, 0.9999878490887664], "world_rotation": [0.0716111120983784, 0.9951147106532954, -0.06795999753856541, -0.004941116512099946]}, {"color": "CVRed", "id_name": "object170628380997310", "shape": "CVSphere", "id_string": "ob15885", "world_size": [0.04, 0.04, 0.04], "id": 15885, "camera_size": [17, 17], "camera_position": [233, 262], "world_position": [0.6850026675869172, 0.6999396327128043, -0.20560846777732633], "world_orientation": [0.9999996601488697, -4.3811398539788164e-05, 0.0008232755959572583, 4.391759669721964e-05, 0.9999999907180858, -0.0001289770268434029, -0.0008232699376517593, 0.00012901313929600876, 0.9999996527910495], "world_rotation": [0.15458306018582285, 0.9865804233136536, 0.0525656336196779, 0.0008344711114233756]}, {"color": "CVPurple", "id_name": "object70029768655781", "shape": "CVSphere", "id_string": "ob15892", "world_size": [0.04, 0.04, 0.04], "id": 15892, "camera_size": [17, 17], "camera_position": [252, 260], "world_position": [0.690847472386172, 0.6599658138610407, -0.16012102571070871], "world_orientation": [0.9996163151110816, 0.0010167799847160361, 0.027680114201454827, -0.0010115677687223626, 0.9999994679017259, -0.00020230401482520836, -0.027680305171586938, 0.0001742260824710086, 0.999616811758826], "world_rotation": [0.006796713881100787, 0.9993063861779485, -0.03661353881267242, 0.027702965712852256]}, {"color": "CVYellow", "id_name": "object250393759904995", "shape": "CVSphere", "id_string": "ob15899", "world_size": [0.04, 0.04, 0.04], "id": 15899, "camera_size": [17, 17], "camera_position": [271, 262], "world_position": [0.68492130278362, 0.6599444416171438, -0.11212189183543697], "world_orientation": [0.999928125418205, -0.001173403152020203, 0.011931769469674757, 0.0011697694106024734, 0.9999992672978306, 0.0003115177811076341, -0.011932126263187645, -0.0002975379719574192, 0.9999287653798118], "world_rotation": [-0.02539172180601292, 0.9948931581503669, 0.09768758533874729, 0.011993482746624255]}, {"color": "CVBlue", "id_name": "object199393214717488", "shape": "CVBox", "id_string": "ob15906", "world_size": [0.04, 0.04, 0.04], "id": 15906, "camera_size": [17, 17], "camera_position": [235, 243], "world_position": [0.7312839740314283, 0.6599657258020734, -0.20173290439261055], "world_orientation": [0.9993945637930879, -0.00023213664112805253, -0.03479155031618712, 0.00023236088226388156, 0.9999999730013251, 2.4019542463189163e-06, 0.034791548819279774, -1.0484695343048931e-05, 0.9993945907502337], "world_rotation": [0.00018519385330953677, 0.999977702873874, -0.006675287134420233, -0.034799348548873274]}, {"color": "CVGreen", "id_name": "object178166462689556", "shape": "CVCapsule", "id_string": "ob15913", "world_size": [0.04, 0.08, 0.04], "id": 15913, "camera_size": [18, 18], "camera_position": [252, 241], "world_position": [0.7347547445037138, 0.6799381850026602, -0.15924644810401462], "world_orientation": [0.9975987831541139, 0.00014288246944664038, -0.06925783301570443, -9.132790695794852e-05, 0.9999997164126946, 0.0007475518338262796, 0.06925792018711421, -0.0007394316268399557, 0.9975985132969197], "world_rotation": [0.010734487784419272, 0.9999409543123605, 0.0016907574905862483, -0.06931746359158904]}, {"color": "CVRed", "id_name": "object238448719868920", "shape": "CVBox", "id_string": "ob15920", "world_size": [0.04, 0.04, 0.04], "id": 15920, "camera_size": [17, 16], "camera_position": [273, 242], "world_position": [0.7333564862020846, 0.6599273859288829, -0.10835566300111146], "world_orientation": [0.9999645715886217, 0.0020152486035562443, 0.008172780472408067, -0.0020196409831307193, 0.9999978204845567, 0.0005292224822323329, -0.008171696144838524, -0.000545709815108706, 0.999966462229066], "world_rotation": [-0.06372071744778379, 0.9688812764633611, -0.2391834908321805, 0.008434815917899848]}, {"color": "CVYellow", "id_name": "object15460805447476", "shape": "CVCone", "id_string": "ob15927", "world_size": [0.04, 0.04, 0.04], "id": 15927, "camera_size": [18, 24], "camera_position": [252, 273], "world_position": [0.6586675415571782, 0.6958811407438843, -0.1578901493872516], "world_orientation": [0.7312399709428853, -0.03386749240479686, 0.6812790161553924, 0.6791408458942549, -0.057100858368495086, -0.7317835768938907, 0.06368529134332573, 0.9977938088261483, -0.018753632574081105], "world_rotation": [0.877919513864197, 0.3134855873632196, 0.36191727465263307, 1.7439678115030337]}, {"color": "CVYellow", "id_name": "object158096937211563", "shape": "CVBox", "id_string": "ob15934", "world_size": [0.04, 0.04, 0.04], "id": 15934, "camera_size": [18, 18], "camera_position": [271, 266], "world_position": [0.6749912103250536, 0.699945987578609, -0.1127390645655811], "world_orientation": [0.9966216665468416, 7.81800718622132e-05, 0.08212945669656295, -0.00010887757768884368, 0.9999999258848332, 0.00036929121508755855, -0.08212942173831082, -0.0003769856825236933, 0.9966216011941171], "world_rotation": [-0.004543247334893343, 0.9999890309756767, -0.0011387853094669332, 0.08222295507643519]}, {"color": "CVBlue", "id_name": "object67917874091312", "shape": "CVSphere", "id_string": "ob15941", "world_size": [0.04, 0.04, 0.04], "id": 15941, "camera_size": [18, 19], "camera_position": [246, 248], "world_position": [0.7184309035022086, 0.7399253191714622, -0.1720170930201327], "world_orientation": [0.997852725646928, 0.000163234590166876, 0.06549741425022365, -0.00019320474059617528, 0.9999998795254429, 0.00045124386739343436, -0.06549733270084393, -0.0004629293339399338, 0.9978526369687595], "world_rotation": [-0.006978505461384496, 0.9999719480699877, -0.0027209437038344247, 0.0655461350379825]}, {"color": "CVRed", "id_name": "object47421408882845", "shape": "CVCapsule", "id_string": "ob15948", "world_size": [0.04, 0.08, 0.04], "id": 15948, "camera_size": [18, 17], "camera_position": [269, 246], "world_position": [0.7233330267007982, 0.7199216341853362, -0.11845659181829685], "world_orientation": [0.9992301516537706, 0.0020251932270952504, -0.039179109463793105, -0.0019967813372684814, 0.9999977143545046, 0.0007642971004979842, 0.039180567763549466, -0.0006854765930510351, 0.9992319116359156], "world_rotation": [0.01847405098873451, 0.9985149261571687, 0.0512508700551453, -0.03924818577751724]}], "source": "manual check"}
