{"timestamp": 1721665347.893468, "objects": [{"color": "cv_", "id_name": "hand", "shape": "CVBox", "id_string": "ob383", "world_size": [0.12, 0.005, 0.12], "id": 383, "camera_size": [48, 49], "camera_position": [246, 391], "world_position": [0.36297657501403446, 0.6589554620671237, -0.17408996139419464], "world_orientation": [-4.071210732944732e-06, -0.0015811459557987264, 0.9999987499796645, -0.0007631201440176242, -0.9999984588071842, -0.0015811486022385623, 0.9999997088154932, -0.000763125627291402, 2.8646001292855924e-06], "world_rotation": [0.0, 1.0, 0.0, 0.0]}, {"color": "CVRed", "id_name": "object19363141203416", "shape": "CVCylinder", "id_string": "ob15136", "world_size": [0.04, 0.04, 0.04], "id": 15136, "camera_size": [16, 16], "camera_position": [254, 249], "world_position": [0.7170933420578429, 0.6199697508734439, -0.15422477805523502], "world_orientation": [0.9999942718693287, 0.00043250159320676616, 0.0033569585792925603, -0.0004336473628801834, 0.9999998479736982, 0.00034059146375167693, -0.0033568107625958563, -0.0003420452490344754, 0.9999943073970732], "world_rotation": [-0.10033253896545667, 0.9867759988336983, -0.12730479076021703, 0.003401877578765118]}, {"color": "CVYellow", "id_name": "object131279507210062", "shape": "CVSphere", "id_string": "ob15143", "world_size": [0.04, 0.04, 0.04], "id": 15143, "camera_size": [17, 17], "camera_position": [219, 295], "world_position": [0.6000000000857812, 0.6199874431539388, -0.24500000089377608], "world_orientation": [0.9999999999999999, 4.1213540588258673e-13, 2.4338822196475393e-08, -4.12135658250095e-13, 1.0, 9.220863214501905e-12, -2.4338822196475387e-08, -9.220863225781716e-12, 0.9999999999999999], "world_rotation": [-0.00037885409912801393, 0.9999999280914158, -1.693325581259809e-05, 2.433882394664576e-08]}, {"color": "CVRed", "id_name": "object173608779756702", "shape": "CVSphere", "id_string": "ob15150", "world_size": [0.04, 0.04, 0.04], "id": 15150, "camera_size": [16, 17], "camera_position": [236, 295], "world_position": [0.5999999911330882, 0.6199874432835528, -0.19999852036790444], "world_orientation": [0.9999999999994689, -2.5566542929475216e-08, 1.030354169264301e-06, 2.5566490655502366e-08, 0.9999999999999986, 5.0730712749953694e-08, -1.030354170561392e-06, -5.073068640568059e-08, 0.9999999999994681], "world_rotation": [-0.04916150992301068, 0.998483505449924, 0.024775699516281714, 1.0319190695581336e-06]}, {"color": "CVGreen", "id_name": "object6343814741468", "shape": "CVCone", "id_string": "ob15157", "world_size": [0.04, 0.04, 0.04], "id": 15157, "camera_size": [17, 17], "camera_position": [253, 297], "world_position": [0.595127635756375, 0.619974811936937, -0.15733315327981645], "world_orientation": [0.9991360080461368, 0.00011191485436753199, -0.04155989534028577, -0.00011688067504761177, 0.9999999863183914, -0.00011705607554156654, 0.0415598816713659, 0.00012181248865642822, 0.9991360074570328], "world_rotation": [-0.0028737646022542365, 0.9999920823627374, 0.002752578581425482, -0.04157219103272266]}, {"color": "CVYellow", "id_name": "object209309552586472", "shape": "CVBox", "id_string": "ob15164", "world_size": [0.04, 0.04, 0.04], "id": 15164, "camera_size": [17, 18], "camera_position": [274, 295], "world_position": [0.5993509500735532, 0.6199815666621176, -0.10408367977409677], "world_orientation": [0.9994013993678523, -0.00022768179875074155, 0.03459466870165276, 0.00021455730033844017, 0.9999999036031723, 0.00038309112639314227, -0.03459475258971319, -0.0003754392690799844, 0.9994013518795198], "world_rotation": [-0.010962215183800363, 0.9999194879533908, 0.006391200927263796, 0.034604402005372535]}, {"color": "CVBlue", "id_name": "object207770345897820", "shape": "CVBox", "id_string": "ob15171", "world_size": [0.04, 0.04, 0.04], "id": 15171, "camera_size": [17, 18], "camera_position": [290, 295], "world_position": [0.5992674957854308, 0.6199874471282188, -0.0640230598981895], "world_orientation": [0.9993126555740024, 4.43049481810023e-06, 0.037070424734631714, 5.64174316152964e-07, 0.9999999909245431, -0.00013472414593909563, -0.03707042499509529, 0.00013465245822986123, 0.999312646502284], "world_rotation": [0.00363328484622185, 0.9999933982391161, -5.214797229217093e-05, 0.03707916548397009]}, {"color": "CVGreen", "id_name": "object190788551438207", "shape": "CVSphere", "id_string": "ob15178", "world_size": [0.04, 0.04, 0.04], "id": 15178, "camera_size": [17, 16], "camera_position": [219, 277], "world_position": [0.6449999998171488, 0.6199874431541041, -0.2450000006779469], "world_orientation": [0.9999999999999999, -1.1506094199185615e-11, -1.5352446593820707e-08, 1.1506094431854906e-11, 1.0, 1.6087077662784584e-11, 1.5352446593820535e-08, -1.6087077829198577e-11, 0.9999999999999999], "world_rotation": [0.0010478502105798644, 0.9999991701575184, -0.0007494626147669266, -1.5352459333943575e-08]}, {"color": "CVYellow", "id_name": "object72402405613686", "shape": "CVCone", "id_string": "ob15185", "world_size": [0.04, 0.04, 0.04], "id": 15185, "camera_size": [16, 16], "camera_position": [236, 277], "world_position": [0.6452707569277973, 0.6199748859214703, -0.1997610782974863], "world_orientation": [0.9999695256667621, -0.0001532905911123976, -0.007805398118338955, 0.00015449582688376032, 0.9999999762370971, 0.00015380781844533044, 0.007805374355568629, -0.00015500903269106704, 0.9999695255873399], "world_rotation": [0.019774580185381595, 0.9996101925949922, -0.01970859809054979, -0.007808509371693056]}, {"color": "CVYellow", "id_name": "object88937471719582", "shape": "CVCylinder", "id_string": "ob15192", "world_size": [0.04, 0.04, 0.04], "id": 15192, "camera_size": [15, 16], "camera_position": [254, 280], "world_position": [0.6371384680772553, 0.6199714597890466, -0.15499589729221963], "world_orientation": [0.9999974690839981, -0.00030036670550778364, 0.0022297097211457164, 0.000300110037424037, 0.9999999483030381, 0.00011544646666792873, -0.0022297442821513527, -0.00011477701621477376, 0.9999975075302302], "world_rotation": [-0.0510973451676363, 0.9897611556062003, 0.13327383903039092, 0.0022527949041331813]}, {"color": "CVRed", "id_name": "object261982232150194", "shape": "CVBox", "id_string": "ob15199", "world_size": [0.04, 0.04, 0.04], "id": 15199, "camera_size": [16, 16], "camera_position": [271, 277], "world_position": [0.6449972664473911, 0.6199748859255241, -0.11000348287603406], "world_orientation": [0.9999999877050119, -0.00015681190717526115, -4.3952792260885615e-08, 0.00015681191197691675, 0.9999999766523121, 0.00014867884684701305, 2.063817766765683e-08, -0.0001486788519113298, 0.9999999889472992], "world_rotation": [0.6880377258992719, 0.00014945308041067068, -0.7256749033852107, -0.00021609113125584678]}, {"color": "CVBlue", "id_name": "object29748339717749", "shape": "CVCylinder", "id_string": "ob15206", "world_size": [0.04, 0.04, 0.04], "id": 15206, "camera_size": [16, 16], "camera_position": [289, 277], "world_position": [0.645, 0.6199874431539305, -0.065], "world_orientation": [1.0, 3.5778671692020784e-17, -3.6332864841185517e-17, -3.5778671692020784e-17, 1.0, 1.0733601507606489e-16, 3.6332864841185517e-17, -1.0733601507606489e-16, 1.0], "world_rotation": [0.9032531890035577, 0.3057480381601587, 0.3010843963345121, -1.18832699826363e-16]}, {"color": "CVYellow", "id_name": "object204837446969986", "shape": "CVBox", "id_string": "ob15213", "world_size": [0.04, 0.04, 0.04], "id": 15213, "camera_size": [17, 15], "camera_position": [219, 260], "world_position": [0.6900000668249728, 0.6199874431685968, -0.24501435756175524], "world_orientation": [0.9999999999314374, -4.264872562757691e-12, -1.1710062491031745e-05, 4.271276219959921e-12, 1.0, 5.468504684033371e-10, 1.1710062491031741e-05, -5.46850518382784e-10, 0.9999999999314374], "world_rotation": [4.669919509102063e-05, 0.9999999989095261, -3.6447921520259403e-07, -1.1710062504068883e-05]}, {"color": "CVRed", "id_name": "object245677531183303", "shape": "CVSphere", "id_string": "ob15220", "world_size": [0.04, 0.04, 0.04], "id": 15220, "camera_size": [16, 17], "camera_position": [236, 260], "world_position": [0.6896464058251156, 0.6199748859384095, -0.1992601042708681], "world_orientation": [0.9994311683138614, -0.0001311490349272777, -0.033724213893294185, 0.00013680467453620627, 0.9999999769644508, 0.00016539522059666126, 0.033724191425014836, -0.00016991476866011165, 0.9994311632332166], "world_rotation": [0.0049712546705163296, 0.9999797521712198, -0.003972640757303696, -0.03373128172280129]}, {"color": "CVRed", "id_name": "object272337610044428", "shape": "CVCylinder", "id_string": "ob15227", "world_size": [0.04, 0.04, 0.04], "id": 15227, "camera_size": [16, 16], "camera_position": [253, 265], "world_position": [0.6771126842835284, 0.6199716872633289, -0.15646513811857277], "world_orientation": [0.9999967009835039, -0.00010239464479955192, 0.0025666198482490474, 0.00010220976652943885, 0.9999999921728417, 7.216287230328998e-05, -0.002566627217251384, -7.190030062132511e-05, 0.9999967036221044], "world_rotation": [-0.028031439716618343, 0.9988139421473027, 0.039811397357768646, 0.002569674139610074]}, {"color": "CVPurple", "id_name": "object226639066386827", "shape": "CVCapsule", "id_string": "ob15234", "world_size": [0.04, 0.08, 0.04], "id": 15234, "camera_size": [17, 17], "camera_position": [272, 260], "world_position": [0.6899954621516046, 0.6399623287749183, -0.11000778430068284], "world_orientation": [0.9999999890398812, -0.0001479341891001992, -5.976058679977161e-06, 0.00014793501821289275, 0.9999999794002186, 0.0001389776715655643, 5.955499007732238e-06, -0.00013897855411070187, 0.9999999903247467], "world_rotation": [0.6844041011545727, 0.029378751977088582, -0.7285107516399947, -0.0002030644082331054]}, {"color": "CVRed", "id_name": "object61203732120856", "shape": "CVCapsule", "id_string": "ob15241", "world_size": [0.04, 0.08, 0.04], "id": 15241, "camera_size": [17, 17], "camera_position": [290, 260], "world_position": [0.69, 0.6399748858658902, -0.065], "world_orientation": [1.0, -9.627715291671303e-17, 2.6597159133585094e-18, 9.627715291671303e-17, 1.0, -2.1076890233118206e-16, -2.6597159133585094e-18, 2.1076890233118206e-16, 1.0], "world_rotation": [0.9095358415233338, 0.01147753261849028, 0.41546698933782017, 2.3173237678921624e-16]}, {"color": "CVGreen", "id_name": "object69741502352499", "shape": "CVSphere", "id_string": "ob15248", "world_size": [0.04, 0.04, 0.04], "id": 15248, "camera_size": [17, 16], "camera_position": [219, 242], "world_position": [0.73435324358332, 0.6199874431870284, -0.2448295986167348], "world_orientation": [0.9994737991749606, 4.718696645358896e-10, -0.032436472723939624, -4.779772896053729e-10, 1.0, -1.8054099393550917e-10, 0.032436472723939624, 1.9594989043249545e-10, 0.9994737991749606], "world_rotation": [-5.803511491095899e-09, 0.9999999999999998, 1.4641649883222832e-08, -0.03244216328794566]}, {"color": "CVRed", "id_name": "object203956438222550", "shape": "CVCone", "id_string": "ob15255", "world_size": [0.04, 0.04, 0.04], "id": 15255, "camera_size": [16, 16], "camera_position": [236, 242], "world_position": [0.7330740166258207, 0.6199748860058398, -0.19885763775579968], "world_orientation": [0.9999999398830888, -8.44065296032025e-05, 0.0003363173450438373, 8.434818120150518e-05, 0.9999999813911324, 0.00017350250457995613, -0.0003363319835296516, -0.00017347412639314068, 0.9999999283937597], "world_rotation": [-0.44744997999838754, 0.8674270880204407, 0.21762068460470704, 0.00038772673502853177]}, {"color": "CVPurple", "id_name": "object144092769143416", "shape": "CVSphere", "id_string": "ob15262", "world_size": [0.04, 0.04, 0.04], "id": 15262, "camera_size": [16, 16], "camera_position": [253, 233], "world_position": [0.7570786037707309, 0.6199674518902782, -0.1554063001834682], "world_orientation": [0.9999830847381334, 0.00028041472599755487, 0.005809613170307555, -0.00028122259125917636, 0.9999999509017496, 0.0001382401981295299, -0.005809574120478433, -0.00013987165423034673, 0.9999831144996695], "world_rotation": [-0.02390082534827197, 0.9985484752608926, -0.04826689447041265, 0.00581807149598089]}, {"color": "CVGreen", "id_name": "object5502635735609", "shape": "CVCone", "id_string": "ob15269", "world_size": [0.04, 0.04, 0.04], "id": 15269, "camera_size": [16, 17], "camera_position": [272, 242], "world_position": [0.7354690399177469, 0.6199748863062576, -0.10818462524690317], "world_orientation": [0.9992616200696702, -5.42846789924881e-05, -0.03842150060723359, 5.148275886068281e-05, 0.9999999959430328, -7.391522201348273e-05, 0.03842150446382291, 7.188259964617431e-05, 0.9992616188104236], "world_rotation": [-0.0018973414820088502, 0.9999972527976032, -0.0013764056623086197, -0.03843106749686348]}, {"color": "CVGreen", "id_name": "object265943149036722", "shape": "CVCapsule", "id_string": "ob15276", "world_size": [0.04, 0.08, 0.04], "id": 15276, "camera_size": [17, 17], "camera_position": [290, 242], "world_position": [0.7349999971654898, 0.639974886397696, -0.06499992984103128], "world_orientation": [0.9999999999988544, -3.3480209348182615e-10, -1.5136889340869717e-06, 3.3480179265476735e-10, 1.0, -1.9873587818374681e-10, 1.5136889340870382e-06, 1.9873537139245595e-10, 0.9999999999988544], "world_rotation": [-0.0001312922448850747, 0.9999999669202608, -0.0002211827836312185, -1.5136889841600198e-06]}, {"color": "CVGreen", "id_name": "object67032244319356", "shape": "CVSphere", "id_string": "ob15283", "world_size": [0.04, 0.04, 0.04], "id": 15283, "camera_size": [17, 16], "camera_position": [219, 224], "world_position": [0.78, 0.6199874431539305, -0.245], "world_orientation": [1.0, -2.2442984970449937e-16, -1.4488340486922525e-17, 2.2442984970449937e-16, 1.0, -5.952269926945416e-16, 1.4488340486922525e-17, 5.952269926945416e-16, 1.0], "world_rotation": [-0.9354546928465729, 0.022769777356192403, -0.3527124251716587, -6.362969764823948e-16]}, {"color": "CVGreen", "id_name": "object262329932348371", "shape": "CVCapsule", "id_string": "ob15290", "world_size": [0.04, 0.08, 0.04], "id": 15290, "camera_size": [17, 17], "camera_position": [236, 224], "world_position": [0.78, 0.6399748858658902, -0.2], "world_orientation": [1.0, -3.1745439610375575e-16, -1.5573725022319004e-16, 3.1745439610375575e-16, 1.0, 2.5500435096859064e-16, 1.5573725022319004e-16, -2.5500435096859064e-16, 1.0], "world_rotation": [0.5849299020485251, 0.3572306675252674, -0.7281780413257151, -4.359571122548557e-16]}, {"color": "CVGreen", "id_name": "object257653350249942", "shape": "CVSphere", "id_string": "ob15297", "world_size": [0.04, 0.04, 0.04], "id": 15297, "camera_size": [16, 17], "camera_position": [253, 218], "world_position": [0.7970878327099163, 0.6199874601177435, -0.1556265370108818], "world_orientation": [0.9999736005499188, 0.0004120379873550821, 0.00725454532885857, -0.00041203679325635704, 0.9999999151114605, -1.6591896020561963e-06, -0.007254545396679956, -1.3299937934700616e-06, 0.9999736854384312], "world_rotation": [2.2652426480482202e-05, 0.9983909344730056, -0.05670574440906285, 0.007266301156813001]}, {"color": "CVGreen", "id_name": "object166269108425117", "shape": "CVSphere", "id_string": "ob15304", "world_size": [0.04, 0.04, 0.04], "id": 15304, "camera_size": [16, 17], "camera_position": [271, 225], "world_position": [0.7783215302875114, 0.6199811554531675, -0.11023149624244385], "world_orientation": [0.999920259001996, 1.795253088910827e-05, 0.012628353617472613, -1.3088424402566639e-05, 0.999999925703256, -0.0003852559869735639, -0.012628359595547065, 0.00038505998102502444, 0.9999201849461469], "world_rotation": [0.030485255540354247, 0.9995344616947593, -0.0012284458502684903, 0.012634574473785859]}, {"color": "CVPurple", "id_name": "object244989102930218", "shape": "CVCone", "id_string": "ob15311", "world_size": [0.04, 0.04, 0.04], "id": 15311, "camera_size": [16, 16], "camera_position": [289, 224], "world_position": [0.7800052891816772, 0.6199811680111684, -0.06501438374001842], "world_orientation": [0.9999999706177596, 0.00024165745499990239, -1.9135160103713967e-05, -0.0002416445112854987, 0.999999743953229, 0.0006735736089461901, 1.9297929288322517e-05, -0.0006735689652486763, 0.9999997729661939], "world_rotation": [0.9409193796690662, 0.02684380949888217, 0.33756500241400544, -0.0007158650987339457]}, {"color": "CVRed", "id_name": "object218846885447289", "shape": "CVBox", "id_string": "ob15318", "world_size": [0.04, 0.04, 0.04], "id": 15318, "camera_size": [17, 17], "camera_position": [234, 280], "world_position": [0.6403937832934649, 0.6599603282170865, -0.2046927308248672], "world_orientation": [0.9999999675938117, -0.0002530709980951788, 2.7702813046642134e-05, 0.0002530639195497973, 0.9999999354098857, 0.00025522319050703566, -2.7767400844892696e-05, -0.0002552161716537706, 0.999999967046838], "world_rotation": [-0.7079896702420362, 0.076938303259126, 0.7020193190519615, 0.0003604850428407564]}, {"color": "CVPurple", "id_name": "object239077146768959", "shape": "CVCylinder", "id_string": "ob15325", "world_size": [0.04, 0.04, 0.04], "id": 15325, "camera_size": [17, 17], "camera_position": [252, 282], "world_position": [0.6347113751542395, 0.6599648091931147, -0.15952949511227493], "world_orientation": [0.9997241665851975, 3.7220423888229374e-05, -0.023485939627198367, -3.7105084317936596e-05, 0.9999999992973123, 5.346789110662755e-06, 0.023485939809704842, -4.473866517410904e-06, 0.9997241672637706], "world_rotation": [0.00020907494519483327, 0.9999987262454486, 0.001582338506032148, -0.023488129277257346]}, {"color": "CVYellow", "id_name": "object122629831867146", "shape": "CVSphere", "id_string": "ob15332", "world_size": [0.04, 0.04, 0.04], "id": 15332, "camera_size": [16, 17], "camera_position": [270, 280], "world_position": [0.6400082658808021, 0.6599603642153186, -0.11473373331315051], "world_orientation": [0.9999999151078164, -0.0002590090354086563, -0.0003204663471759891, 0.00025908726704278726, 0.9999999366443241, 0.0002441006678116991, 0.00032040310259412837, -0.0002441836758395112, 0.9999999188580889], "world_rotation": [0.5097483073627167, 0.6690407372433541, -0.54087073783827, -0.00047894652641943246]}, {"color": "CVGreen", "id_name": "object194527812079009", "shape": "CVSphere", "id_string": "ob15339", "world_size": [0.04, 0.04, 0.04], "id": 15339, "camera_size": [17, 17], "camera_position": [234, 262], "world_position": [0.6854738668241992, 0.6599603891173991, -0.20466598713065529], "world_orientation": [0.9999926593983408, -0.0002147478331907937, -0.003825576139885962, 0.0002158229330878687, 0.9999999373367369, 0.0002806189301808782, 0.003825515637855669, -0.0002814425173323502, 0.9999926430830449], "world_rotation": [0.07314905983976555, 0.9957455234934766, -0.056036305082159746, -0.0038419005755967223]}, {"color": "CVYellow", "id_name": "object244675589684440", "shape": "CVCapsule", "id_string": "ob15346", "world_size": [0.04, 0.08, 0.04], "id": 15346, "camera_size": [18, 17], "camera_position": [253, 266], "world_position": [0.6757661015655433, 0.6799591088651155, -0.1556838028691178], "world_orientation": [0.998096571781245, 0.00045014491242817184, -0.061668717905305905, -0.00044515605041271983, 0.999999896439966, 9.463692751803835e-05, 0.06166875411922284, -6.700459002292166e-05, 0.9980966688030612], "world_rotation": [0.0013105272680828737, 0.9999727961202456, 0.007258755935934104, -0.061709571971543496]}, {"color": "CVRed", "id_name": "object259389204457856", "shape": "CVCone", "id_string": "ob15353", "world_size": [0.04, 0.04, 0.04], "id": 15353, "camera_size": [17, 17], "camera_position": [271, 262], "world_position": [0.6853007341381235, 0.6999480518709611, -0.11441830268732381], "world_orientation": [0.9998843085145038, -0.00024196612345493302, -0.015208913138943986, 0.00024538915566725745, 0.9999999449825682, 0.00022320175397952158, 0.015208858294925486, -0.00022690803379082116, 0.9998843128792998], "world_rotation": [0.014794074376011343, 0.9997622472826134, -0.01601824808696264, -0.015213089338675366]}, {"color": "CVPurple", "id_name": "object260577726180999", "shape": "CVCone", "id_string": "ob15360", "world_size": [0.04, 0.04, 0.04], "id": 15360, "camera_size": [17, 17], "camera_position": [234, 244], "world_position": [0.7303886053488601, 0.6599607599406411, -0.20437675233072067], "world_orientation": [0.9996478499575039, -0.00013152484881909842, -0.026535990212426926, 0.00013918563153028098, 0.9999999491730135, 0.0002868472255680907, 0.02653595113614453, -0.00029043964086141475, 0.999647817454785], "world_rotation": [0.01087665524042439, 0.9999278392710932, -0.005100453060609226, -0.026541001580843982]}, {"color": "CVBlue", "id_name": "object167178196413275", "shape": "CVCapsule", "id_string": "ob15367", "world_size": [0.04, 0.08, 0.04], "id": 15367, "camera_size": [18, 18], "camera_position": [253, 239], "world_position": [0.7395603627449222, 0.6799520490426019, -0.15588540630840167], "world_orientation": [0.9984571280370808, -0.0004807090225993668, -0.05552596141248128, 0.0005030032241406499, 0.9999997984023413, 0.00038753455738407225, 0.05552576392721916, -0.0004148663787948101, 0.9984571685486497], "world_rotation": [0.007224998191907623, 0.9999346693293075, -0.00885756594190905, -0.0555580678757416]}, {"color": "CVPurple", "id_name": "object11674771319704", "shape": "CVSphere", "id_string": "ob15374", "world_size": [0.04, 0.04, 0.04], "id": 15374, "camera_size": [17, 17], "camera_position": [274, 242], "world_position": [0.7337419398881042, 0.6599619996229917, -0.10589766332895098], "world_orientation": [0.9994313931907294, -8.26023296119507e-05, 0.03371770279383228, 8.637739106800285e-05, 0.9999999901638851, -0.00011050419177701138, -0.03371769333427741, 0.00011335380554125155, 0.9994313904951807], "world_rotation": [0.0033195632259407962, 0.9999913507461746, 0.0025057798846535037, 0.033724381983360766]}, {"color": "CVPurple", "id_name": "object182450238583390", "shape": "CVSphere", "id_string": "ob15381", "world_size": [0.04, 0.04, 0.04], "id": 15381, "camera_size": [21, 22], "camera_position": [228, 317], "world_position": [0.543986896269351, 0.619987443180672, -0.22112890798829618], "world_orientation": [-0.9247636711908986, -1.7678152231168855e-10, 0.38054191943271054, 3.5250531466714844e-10, -1.0, 3.920792400916803e-10, 0.38054191943271054, 4.967236865185883e-10, 0.9247636711908986], "world_rotation": [0.19395402652317043, 2.2650186168533517e-10, 0.9810106195120669, 3.141592653320027]}, {"color": "CVRed", "id_name": "object62336891413731", "shape": "CVCylinder", "id_string": "ob15388", "world_size": [0.04, 0.04, 0.04], "id": 15388, "camera_size": [19, 20], "camera_position": [260, 303], "world_position": [0.5826791161123184, 0.659944331905851, -0.13930938842248228], "world_orientation": [-0.9794964875860589, 0.20143787989050874, 0.0030677926577365885, 0.0030747853037279846, -0.0002781831898961419, 0.9999952341433679, 0.20143777327480034, 0.9795012522500061, -0.0003468987752933696], "world_rotation": [0.07285965897127146, 0.7052396753887322, 0.7052151943571446, -3.000484725607491]}, {"color": "CVPurple", "id_name": "object221792488492902", "shape": "CVBox", "id_string": "ob15395", "world_size": [0.04, 0.04, 0.04], "id": 15395, "camera_size": [19, 19], "camera_position": [248, 245], "world_position": [0.7248588470279383, 0.7399205005756624, -0.16805168477832685], "world_orientation": [0.9931227499579305, -0.0011065458405682134, -0.11707253765209238, 0.0011939778346488565, 0.9999990582537105, 0.0006766894580173758, 0.11707167861155932, -0.0008118177104164505, 0.9931231358794723], "world_rotation": [0.006356788467217465, 0.9999315321917592, -0.009824569661003103, -0.11734927220188275]}, {"color": "CVRed", "id_name": "object267352288876495", "shape": "CVCone", "id_string": "ob15402", "world_size": [0.04, 0.04, 0.04], "id": 15402, "camera_size": [18, 18], "camera_position": [277, 220], "world_position": [0.7874234648755456, 0.6599635291548593, -0.09683852362210164], "world_orientation": [-0.9967033899587067, -0.0001403678278756846, 0.08113157672383535, 0.00013623396191326522, -0.9999999891246968, -5.648817473725703e-05, 0.08113158377062728, -4.5249079119845725e-05, 0.9967033982421204], "world_rotation": [-0.04059926401872764, 2.545530123595607e-05, -0.999175509664426, -3.141454238572613]}], "source": "manual check"}
