{"timestamp": 1721664133.69707, "objects": [{"color": "cv_", "id_name": "hand", "shape": "CVBox", "id_string": "ob383", "world_size": [0.12, 0.005, 0.12], "id": 383, "camera_size": [48, 49], "camera_position": [246, 391], "world_position": [0.3630311734404497, 0.655430577260601, -0.17408986349418815], "world_orientation": [-4.069239252915207e-06, -0.0015810966656289473, 0.9999987500576065, -0.0007631201513681353, -0.9999984588851148, -0.0015810993105785944, 0.9999997088154956, -0.0007631256313836034, 2.862666255311211e-06], "world_rotation": [0.0, 1.0, 0.0, 0.0]}, {"color": "CVGreen", "id_name": "object199589232828602", "shape": "CVBox", "id_string": "ob2851", "world_size": [0.04, 0.04, 0.04], "id": 2851, "camera_size": [16, 16], "camera_position": [254, 253], "world_position": [0.7051868487505798, 0.619978407403751, -0.1530649867214109], "world_orientation": [0.9999894141872857, 0.000560918737868672, -0.004566933712979573, -0.0005595796965167056, 0.9999998000771758, 0.0002944760975086743, 0.004567097977106234, -0.00029191741685874586, 0.9999895281453148], "world_rotation": [0.0635921196485703, 0.9905505805881427, 0.12151374249481216, -0.004610599514287534]}, {"color": "CVPurple", "id_name": "object196249597048075", "shape": "CVCapsule", "id_string": "ob2858", "world_size": [0.04, 0.08, 0.04], "id": 2858, "camera_size": [18, 18], "camera_position": [218, 295], "world_position": [0.5999999615204162, 0.6399748858685578, -0.24500000706172853], "world_orientation": [0.9999999999993519, -2.562369909437856e-10, -1.138716562396996e-06, 2.562370247318898e-10, 1.0, 2.967045973816303e-11, 1.1387165623969884e-06, -2.9670751534117985e-11, 0.9999999999993519], "world_rotation": [2.605618101525077e-05, 0.9999999743429443, -0.00022502263489008453, -1.138716591613353e-06]}, {"color": "CVYellow", "id_name": "object36589124521778", "shape": "CVSphere", "id_string": "ob2865", "world_size": [0.04, 0.04, 0.04], "id": 2865, "camera_size": [21, 22], "camera_position": [237, 298], "world_position": [0.5915118107867887, 0.6206159443489593, -0.19724181837905788], "world_orientation": [0.9262943388599623, -0.029985585264927957, -0.3756057274221275, 0.03242627944901932, 0.9994741142672874, 0.0001769483413465896, 0.37540289582937414, -0.012343402526902093, 0.9267795348501062], "world_rotation": [0.01661181629026731, 0.9964271299695276, -0.0828071387033046, -0.38639402367925313]}, {"color": "CVGreen", "id_name": "object137309430026271", "shape": "CVCylinder", "id_string": "ob2872", "world_size": [0.04, 0.04, 0.04], "id": 2872, "camera_size": [18, 24], "camera_position": [254, 304], "world_position": [0.577102350863141, 0.6254575668267291, -0.15320619638635238], "world_orientation": [0.935606327660467, -0.32847040153290913, -0.12941404467253415, 0.3311893589866947, 0.9435641555354247, -0.0005411863850866214, 0.12228821748507697, -0.04235421709264134, 0.9915904962023345], "world_rotation": [0.05911757909815327, 0.35587060159210565, -0.9326635120792741, -0.3614628738199147]}, {"color": "CVRed", "id_name": "object50990875641456", "shape": "CVCapsule", "id_string": "ob2879", "world_size": [0.04, 0.08, 0.04], "id": 2879, "camera_size": [17, 34], "camera_position": [271, 321], "world_position": [0.5328245808491086, 0.6199748863252753, -0.11140687202348623], "world_orientation": [-5.612478547775517e-10, -0.9994981108148333, -0.03167848603672914, 1.0, -5.605294951067583e-10, -3.155717007152781e-11, 1.3784608871025839e-11, -0.03167848603672914, 0.9994981108148333], "world_rotation": [0.015839243501312057, 0.015839243523982947, -0.9997490868862517, -1.5710472719510025]}, {"color": "CVRed", "id_name": "object270518371214739", "shape": "CVSphere", "id_string": "ob2886", "world_size": [0.04, 0.04, 0.04], "id": 2886, "camera_size": [16, 17], "camera_position": [289, 295], "world_position": [0.6, 0.6199874431539305, -0.065], "world_orientation": [1.0, 2.049142105997599e-16, 5.802954297681148e-18, -2.049142105997599e-16, 1.0, 6.179952383167331e-17, -5.802954297681148e-18, -6.179952383167331e-17, 1.0], "world_rotation": [-0.28863572672225335, 0.027102796704540077, -0.9570553043948448, 2.1410905896324258e-16]}, {"color": "CVRed", "id_name": "object256600034206564", "shape": "CVCapsule", "id_string": "ob2893", "world_size": [0.04, 0.08, 0.04], "id": 2893, "camera_size": [18, 17], "camera_position": [218, 278], "world_position": [0.6449999965751595, 0.6399748858669794, -0.2450000408790661], "world_orientation": [0.9999999999994581, -1.1394077346797795e-11, -1.0411032370395868e-06, 1.1394208266474585e-11, 1.0, 1.2576206911832755e-10, 1.0411032370395855e-06, -1.2576208097975312e-10, 0.9999999999994581], "world_rotation": [0.00012079692930507431, 0.9999999926441622, -1.0944296701278511e-05, -1.0411032446979609e-06]}, {"color": "CVRed", "id_name": "object126870007628834", "shape": "CVCylinder", "id_string": "ob2900", "world_size": [0.04, 0.04, 0.04], "id": 2900, "camera_size": [19, 19], "camera_position": [237, 279], "world_position": [0.6418141726534832, 0.6199567749500263, -0.19913683209107977], "world_orientation": [0.981917332416542, -0.0016683537090595346, -0.1893028496771341, 0.0016806781554726418, 0.9999985831064445, -9.542557937334101e-05, 0.1893027406587656, -0.0002244571338785065, 0.9819187451098362], "world_rotation": [0.0003407939620365083, 0.9999608210143441, -0.008845354475325215, -0.19045960813663274]}, {"color": "CVPurple", "id_name": "object68337215161089", "shape": "CVBox", "id_string": "ob2907", "world_size": [0.04, 0.04, 0.04], "id": 2907, "camera_size": [17, 16], "camera_position": [254, 285], "world_position": [0.6248658369305913, 0.6199693406285439, -0.15538383432449873], "world_orientation": [0.9996081228423754, -0.0006539319982771858, -0.02798523039898343, 0.0006473682619626819, 0.9999997607860784, -0.00024360237961623638, 0.027985383003917605, 0.000225390167444108, 0.9996083070570174], "world_rotation": [-0.008376706328239643, 0.9996947593864636, -0.023242608423559092, -0.02799750910884743]}, {"color": "CVBlue", "id_name": "object103904404551016", "shape": "CVCone", "id_string": "ob2914", "world_size": [0.04, 0.04, 0.04], "id": 2914, "camera_size": [17, 17], "camera_position": [272, 279], "world_position": [0.6420222448262666, 0.6199689743631492, -0.109195590483444], "world_orientation": [0.998727415342663, 0.0004056976146177681, -0.050431986401584784, -0.00043619222382803566, 0.9999997286499807, -0.0005936634644176991, 0.050431731869012904, 0.0006149060177018312, 0.9987273213001041], "world_rotation": [-0.011980924998156367, 0.9998933958814686, 0.008345915696497428, -0.050458645141451076]}, {"color": "CVRed", "id_name": "object23677726657786", "shape": "CVBox", "id_string": "ob2921", "world_size": [0.04, 0.04, 0.04], "id": 2921, "camera_size": [16, 16], "camera_position": [289, 277], "world_position": [0.645, 0.6199874431539305, -0.065], "world_orientation": [1.0, 3.5778671692020784e-17, -3.6332864841185517e-17, -3.5778671692020784e-17, 1.0, 1.0733601507606489e-16, 3.6332864841185517e-17, -1.0733601507606489e-16, 1.0], "world_rotation": [0.9032531890035577, 0.3057480381601587, 0.3010843963345121, -1.18832699826363e-16]}, {"color": "CVGreen", "id_name": "object161840384691317", "shape": "CVCylinder", "id_string": "ob2928", "world_size": [0.04, 0.04, 0.04], "id": 2928, "camera_size": [17, 15], "camera_position": [219, 260], "world_position": [0.6900056648241505, 0.6199797755110663, -0.24499848302538285], "world_orientation": [0.9999999991398524, -3.375305225014723e-05, 2.4104502581303443e-05, 3.375545942409797e-05, 0.9999999944432107, -9.987065528659746e-05, -2.410113150790454e-05, 9.987146885925495e-05, 0.9999999947224127], "world_rotation": [0.9235244169544498, 0.22288278101842632, 0.3121312499805743, 0.00010814122554218236]}, {"color": "CVBlue", "id_name": "object118967356976516", "shape": "CVCone", "id_string": "ob2935", "world_size": [0.04, 0.04, 0.04], "id": 2935, "camera_size": [16, 15], "camera_position": [236, 260], "world_position": [0.6899889483655463, 0.6199733821476193, -0.20000136356406722], "world_orientation": [0.9999998759458486, -0.0004979879691888937, 1.0782854258334971e-05, 0.0004979874518244399, 0.9999998748556019, 4.7929930929400225e-05, -1.080672143789005e-05, -4.7924555257377374e-05, 0.9999999987932259], "world_rotation": [-0.09577687937873669, 0.021572096096433763, 0.9951690479745022, 0.0005004051646334523]}, {"color": "CVBlue", "id_name": "object44182355262713", "shape": "CVBox", "id_string": "ob2942", "world_size": [0.04, 0.04, 0.04], "id": 2942, "camera_size": [16, 16], "camera_position": [254, 269], "world_position": [0.6652131593247298, 0.6199770291288742, -0.1532602530001412], "world_orientation": [0.9999861123954267, 0.00010141648132516507, -0.005269224893519262, -0.00010404747050517551, 0.999999870066271, -0.0004990406445819611, 0.005269173597923011, 0.0004995819636245158, 0.9999859930156305], "world_rotation": [-0.09432000336795048, 0.9953527719453773, 0.01940609041831669, -0.00529382547123758]}, {"color": "CVBlue", "id_name": "object71491745532303", "shape": "CVBox", "id_string": "ob2949", "world_size": [0.04, 0.04, 0.04], "id": 2949, "camera_size": [17, 17], "camera_position": [272, 259], "world_position": [0.6922632277676296, 0.6199563864575843, -0.10995049744983122], "world_orientation": [0.9995879636057102, -0.00035964293253169143, 0.028701457655505414, 0.00035540634350389596, 0.9999999251829754, 0.00015271009999819174, -0.028701510429255943, -0.00014244649776064077, 0.9995880166388925], "world_rotation": [-0.0051413682954891534, 0.9999092089383458, 0.012455529388252774, 0.02870803324791839]}, {"color": "CVYellow", "id_name": "object114085443235129", "shape": "CVSphere", "id_string": "ob2956", "world_size": [0.04, 0.04, 0.04], "id": 2956, "camera_size": [16, 15], "camera_position": [289, 260], "world_position": [0.69, 0.6199874431539305, -0.065], "world_orientation": [1.0, 4.228388472693457e-17, -1.6957377686420176e-17, -4.228388472693457e-17, 1.0, 1.0733601507606494e-16, 1.6957377686420176e-17, -1.0733601507606494e-16, 1.0], "world_rotation": [0.92051720276698, 0.14542702990328832, 0.3626279889688094, -1.1660402951017529e-16]}, {"color": "CVYellow", "id_name": "object251184700400433", "shape": "CVBox", "id_string": "ob2963", "world_size": [0.04, 0.04, 0.04], "id": 2963, "camera_size": [17, 16], "camera_position": [219, 242], "world_position": [0.7350000002156238, 0.6199874431522964, -0.24500108485053837], "world_orientation": [0.9999999999983895, 3.5585990632596725e-10, 1.7947140069499813e-06, -4.437990316298964e-10, 0.999999998799551, 4.8998962164172846e-05, -1.7947139873587512e-06, -4.8998962164890426e-05, 0.9999999987979405], "world_rotation": [-0.9993298839026474, 0.03660304731337717, -8.154489792516468e-06, 4.903181919549022e-05]}, {"color": "CVRed", "id_name": "object188987280124066", "shape": "CVBox", "id_string": "ob2970", "world_size": [0.04, 0.04, 0.04], "id": 2970, "camera_size": [16, 16], "camera_position": [236, 242], "world_position": [0.7349992844235922, 0.6199748825185804, -0.1999958548900576], "world_orientation": [0.9999999980000832, -6.234521605497045e-05, 1.0625815248057942e-05, 6.23468973212415e-05, 0.9999999855273248, -0.00015829786623197282, -1.0615945979580779e-05, 0.00015829852840200392, 0.9999999874144387], "world_rotation": [0.9286284073940331, 0.062305519688156064, 0.36574212663734856, 0.00017046452254013584]}, {"color": "CVBlue", "id_name": "object11442514830949", "shape": "CVCapsule", "id_string": "ob2977", "world_size": [0.04, 0.08, 0.04], "id": 2977, "camera_size": [17, 17], "camera_position": [254, 238], "world_position": [0.7452041189976991, 0.6399573050844628, -0.15501854874389667], "world_orientation": [0.9999940817131646, 0.0021741747930723076, -0.002666365056448158, -0.0021711996592585956, 0.9999970177684094, 0.0011181888601909547, 0.0026687882427637757, -0.0011123930315265261, 0.9999958200667934], "world_rotation": [0.3083738315972838, 0.7375751014324351, 0.6007400017752631, -0.0036166926730015606]}, {"color": "CVYellow", "id_name": "object26773485124385", "shape": "CVCylinder", "id_string": "ob2984", "world_size": [0.04, 0.04, 0.04], "id": 2984, "camera_size": [17, 17], "camera_position": [272, 242], "world_position": [0.7353256659849303, 0.6199749156973927, -0.10961094728292964], "world_orientation": [0.9997050486685507, 9.980307180479974e-05, 0.024285915794090656, -7.9535893846863e-05, 0.9999996478164878, -0.0008354884451863014, -0.02428599062530482, 0.0008333104147364107, 0.9997047045268419], "world_rotation": [0.03433679167335511, 0.9994035062905808, -0.00369003410200156, 0.024302840526831095]}, {"color": "CVBlue", "id_name": "object278783576473771", "shape": "CVBox", "id_string": "ob2991", "world_size": [0.04, 0.04, 0.04], "id": 2991, "camera_size": [16, 16], "camera_position": [289, 242], "world_position": [0.7349999887934012, 0.6199874431934527, -0.06500003835942196], "world_orientation": [0.9999999999992001, 3.2789460357517936e-10, 1.2648616059443129e-06, -3.27895003851387e-10, 1.0, 3.164669399117761e-10, -1.2648616059442091e-06, -3.1646735464199266e-10, 0.9999999999992001], "world_rotation": [-0.0002501990140665615, 0.9999999350991633, -0.00025923372240226376, 1.2648616880351801e-06]}, {"color": "CVRed", "id_name": "object226191643865085", "shape": "CVCylinder", "id_string": "ob2998", "world_size": [0.04, 0.04, 0.04], "id": 2998, "camera_size": [17, 16], "camera_position": [219, 224], "world_position": [0.78, 0.6199874431539305, -0.245], "world_orientation": [1.0, -2.2442984970449937e-16, -1.4488340486922525e-17, 2.2442984970449937e-16, 1.0, -5.952269926945416e-16, 1.4488340486922525e-17, 5.952269926945416e-16, 1.0], "world_rotation": [-0.9354546928465729, 0.022769777356192403, -0.3527124251716587, -6.362969764823948e-16]}, {"color": "CVBlue", "id_name": "object32423368880785", "shape": "CVSphere", "id_string": "ob3005", "world_size": [0.04, 0.04, 0.04], "id": 3005, "camera_size": [16, 16], "camera_position": [236, 224], "world_position": [0.78, 0.6199874431539305, -0.2], "world_orientation": [1.0, 1.7889335846010863e-16, -4.367536594091608e-17, -1.7889335846010863e-16, 1.0, -6.570265165262153e-16, 4.367536594091608e-17, 6.570265165262153e-16, 1.0], "world_rotation": [-0.9628953949226872, 0.06400778001840857, 0.26217448871657395, -6.823446451096272e-16]}, {"color": "CVRed", "id_name": "object84801214710931", "shape": "CVSphere", "id_string": "ob3012", "world_size": [0.04, 0.04, 0.04], "id": 3012, "camera_size": [15, 16], "camera_position": [254, 222], "world_position": [0.7851535451167071, 0.620029621157121, -0.15500244483985381], "world_orientation": [0.9999937824306275, 0.0023303115050126674, -0.0026466485177826272, -0.002330445049351693, 0.999997283387047, -4.737508166965564e-05, 0.0026465309291651153, 5.354265604748907e-05, 0.9999964964974752], "world_rotation": [-0.014307653426016151, 0.7504426750122642, 0.6607806614708682, -0.0035267120299172093]}, {"color": "CVGreen", "id_name": "object256557222592040", "shape": "CVCapsule", "id_string": "ob3019", "world_size": [0.04, 0.08, 0.04], "id": 3019, "camera_size": [17, 17], "camera_position": [272, 224], "world_position": [0.7800000882874486, 0.6399748861866993, -0.10999998861407487], "world_orientation": [0.9999999999937105, 4.661492217362796e-10, 3.5466955366093963e-06, -4.661484753253284e-10, 1.0, -2.1045333881158064e-10, -3.5466955366094946e-06, 2.1045168552361607e-10, 0.9999999999937105], "world_rotation": [5.93376307064054e-05, 0.9999999896023539, -0.00013143187478944986, 3.5466955734941664e-06]}, {"color": "CVGreen", "id_name": "object183658696634161", "shape": "CVCylinder", "id_string": "ob3026", "world_size": [0.04, 0.04, 0.04], "id": 3026, "camera_size": [16, 16], "camera_position": [289, 224], "world_position": [0.78, 0.6199874431539305, -0.065], "world_orientation": [1.0, 4.228388472693457e-17, -1.6957377686420176e-17, -4.228388472693457e-17, 1.0, 1.0733601507606494e-16, 1.6957377686420176e-17, -1.0733601507606494e-16, 1.0], "world_rotation": [0.92051720276698, 0.14542702990328832, 0.3626279889688094, -1.1660402951017529e-16]}, {"color": "CVBlue", "id_name": "object112016355648263", "shape": "CVCapsule", "id_string": "ob3033", "world_size": [0.04, 0.08, 0.04], "id": 3033, "camera_size": [20, 20], "camera_position": [235, 281], "world_position": [0.6370394161732016, 0.6800113353395912, -0.20020523450093153], "world_orientation": [0.9895085308834631, -0.008896750476497156, -0.14420026054001933, 0.00906202264648586, 0.9999588192924068, 0.0004893514996116077, 0.14418996863306782, -0.0017909635101091147, 0.98954840477629], "world_rotation": [0.00789151419338654, 0.9980356122078692, -0.062150146971661754, -0.1449863543314043]}, {"color": "CVBlue", "id_name": "object164155424445022", "shape": "CVCylinder", "id_string": "ob3040", "world_size": [0.04, 0.04, 0.04], "id": 3040, "camera_size": [20, 22], "camera_position": [252, 288], "world_position": [0.619439545742303, 0.6599552756037315, -0.15858394433677273], "world_orientation": [0.9457776166885251, -0.0009407232566044585, -0.32481350774056167, 0.0008733428690298843, 0.9999995562494027, -0.0003532325448318208, 0.3248136958984435, 5.04058736380596e-05, 0.9457780185730906], "world_rotation": [-0.0006213359978426689, 0.9999959080428897, -0.002792461110605869, -0.3308160422612491]}, {"color": "CVRed", "id_name": "object249852439403989", "shape": "CVCylinder", "id_string": "ob3047", "world_size": [0.04, 0.04, 0.04], "id": 3047, "camera_size": [20, 27], "camera_position": [271, 295], "world_position": [0.602922646202224, 0.6531096644839571, -0.11136346533810619], "world_orientation": [0.8324732022500498, -0.5117363249947132, -0.21240127404621015, 0.4876498224029774, 0.8586987775719916, -0.15758826132270198, 0.2630323520898003, 0.027610560973526883, 0.964391849134383], "world_rotation": [-0.16504662902134043, 0.42369987208465415, -0.8906391124603386, -0.5956537051170624]}, {"color": "CVBlue", "id_name": "object8885354559909", "shape": "CVSphere", "id_string": "ob3054", "world_size": [0.04, 0.04, 0.04], "id": 3054, "camera_size": [17, 16], "camera_position": [232, 260], "world_position": [0.6895512899834293, 0.659964334188121, -0.20871682705673916], "world_orientation": [0.9999414762211046, -0.00035916378545833365, -0.010812730188679493, 0.0003556614032170791, 0.9999998836685792, -0.0003258339981729858, 0.010812845958591442, 0.0003219692583446053, 0.9999414876371879], "world_rotation": [-0.029925661597559595, 0.9990065149015085, -0.03302178011995097, -0.010823752439484764]}, {"color": "CVYellow", "id_name": "object221348180535806", "shape": "CVCone", "id_string": "ob3061", "world_size": [0.04, 0.04, 0.04], "id": 3061, "camera_size": [18, 18], "camera_position": [251, 264], "world_position": [0.6790744669096948, 0.6599678041288176, -0.16117773051526832], "world_orientation": [0.9948706069974337, 0.00054387227635009, 0.10115423636954045, -0.0005194282166127635, 0.999999829187844, -0.00026798994555132625, -0.10115436484346894, 0.00021407295519960078, 0.9948707195640468], "world_rotation": [0.00238277004207304, 0.9999833496274985, -0.005255746825583758, 0.10132929779053182]}, {"color": "CVPurple", "id_name": "object121674297130642", "shape": "CVCapsule", "id_string": "ob3068", "world_size": [0.04, 0.08, 0.04], "id": 3068, "camera_size": [17, 17], "camera_position": [272, 258], "world_position": [0.6947909017492736, 0.6799318518259108, -0.11128073305465644], "world_orientation": [0.9993290107898932, -0.0002691648853390788, 0.03662588898522865, 0.0002621132076126002, 0.99999994617795, 0.00019733414188314037, -0.03662594012936989, -0.00018760160355956961, 0.9993290275556287], "world_rotation": [-0.00525475352340897, 0.9999598938087607, 0.00725247126020238, 0.03663557816091447]}, {"color": "CVRed", "id_name": "object125296805243020", "shape": "CVCone", "id_string": "ob3075", "world_size": [0.04, 0.04, 0.04], "id": 3075, "camera_size": [17, 17], "camera_position": [234, 244], "world_position": [0.7299729233350405, 0.659962283634371, -0.20500024382506285], "world_orientation": [0.999999982543141, -0.00016587591832993389, 8.601684345478026e-05, 0.00016588068099965674, 0.999999984709166, -5.536485817244591e-05, -8.600765844279907e-05, 5.537912573854918e-05, 0.9999999947679176], "world_rotation": [0.28412794663822233, 0.44135100408618677, 0.8511642621323233, 0.0001948840054671034]}, {"color": "CVBlue", "id_name": "object116976155559515", "shape": "CVCone", "id_string": "ob3082", "world_size": [0.04, 0.04, 0.04], "id": 3082, "camera_size": [17, 17], "camera_position": [252, 239], "world_position": [0.740343749321753, 0.6999427883198204, -0.16009144944118497], "world_orientation": [0.9999938400038597, 0.002248047905052344, -0.0026955954725601107, -0.0022443744278073355, 0.9999965497436781, 0.0013650216728764084, 0.002698654806176828, -0.001358963338801891, 0.9999954352300219], "world_rotation": [0.36175422323475814, 0.7163742866250459, 0.596608551258087, -0.0037649753232508977]}, {"color": "CVBlue", "id_name": "object66728146061343", "shape": "CVCone", "id_string": "ob3089", "world_size": [0.04, 0.04, 0.04], "id": 3089, "camera_size": [17, 16], "camera_position": [270, 240], "world_position": [0.7385775524582632, 0.6599658983021831, -0.11458813971365892], "world_orientation": [0.999774056725871, 0.00015781638423822364, 0.021255836654519356, -0.0001421645968935367, 0.9999997176747631, -0.0007378615190989767, -0.021255947100097244, 0.0007346729768018723, 0.9997737969003265], "world_rotation": [0.03461664474777215, 0.9993757836738403, -0.00705201479750292, 0.021270772381661356]}, {"color": "CVPurple", "id_name": "object9648188762756", "shape": "CVCylinder", "id_string": "ob3096", "world_size": [0.04, 0.04, 0.04], "id": 3096, "camera_size": [19, 19], "camera_position": [246, 267], "world_position": [0.673575705318567, 0.6999575087363354, -0.17386155651358154], "world_orientation": [0.9887573416131155, -0.00017860582753323907, -0.14952888518986301, 0.0002493442943891276, 0.999999865706619, 0.0004543282592702613, 0.1495287839634487, -0.00048650457622423723, 0.988757253363893], "world_rotation": [0.003145972544627026, 0.9999940275489809, -0.0014309867632648398, -0.1500926360058482]}, {"color": "CVPurple", "id_name": "object216771293471811", "shape": "CVCapsule", "id_string": "ob3103", "world_size": [0.04, 0.08, 0.04], "id": 3103, "camera_size": [18, 18], "camera_position": [269, 274], "world_position": [0.6543278531798833, 0.6799563324099231, -0.1168187641071317], "world_orientation": [0.9995450077830015, 0.00035841771213342404, 0.030160387146447473, -0.0003431397353926197, 0.9999998101927335, -0.0005117319795837742, -0.030160564835592183, 0.0005011499182511031, 0.9995449410494547], "world_rotation": [0.016788041835418033, 0.999791454059348, -0.01162798526086045, 0.030171344485747296]}, {"color": "CVGreen", "id_name": "object112105590297727", "shape": "CVCylinder", "id_string": "ob3110", "world_size": [0.04, 0.04, 0.04], "id": 3110, "camera_size": [19, 26], "camera_position": [245, 252], "world_position": [0.7081239399238434, 0.7359391962277986, -0.1755705182547637], "world_orientation": [0.8600469226715329, -0.497338642563945, -0.11390156019949375, 0.49352513817462607, 0.8675503311822778, -0.0615577846842844, 0.12943040134737455, -0.0032706999515650205, 0.991583114886939], "world_rotation": [-0.057034151059872196, 0.2381013206647573, -0.9695642664158874, -0.5363292086986997]}, {"color": "CVGreen", "id_name": "object145633601728286", "shape": "CVBox", "id_string": "ob3117", "world_size": [0.04, 0.04, 0.04], "id": 3117, "camera_size": [20, 18], "camera_position": [351, 224], "world_position": [0.7795431694893787, 0.6199874431867427, 0.09434384182770418], "world_orientation": [0.9908285572466419, 0.13512501672354493, -6.17696255256206e-10, -5.958040449893787e-10, -2.024538618347616e-10, -1.0, -0.1351250167235449, 0.990828557246642, -1.200890350702699e-10], "world_rotation": [0.9954247449931996, 0.06756321844478266, -0.0675632190515392, 1.5753820644050682]}], "source": "manual check"}
