{"timestamp": 1721665558.316461, "objects": [{"color": "cv_", "id_name": "hand", "shape": "CVBox", "id_string": "ob383", "world_size": [0.12, 0.005, 0.12], "id": 383, "camera_size": [48, 49], "camera_position": [246, 391], "world_position": [0.36265497439111655, 0.6554976833777967, -0.17408986717272046], "world_orientation": [-4.07052006235154e-06, -0.0015808963357166288, 0.9999987503743225, -0.0007631201622351994, -0.9999984592018268, -0.0015808989817020544, 0.9999997088154822, -0.0007631256437019863, 2.8640999226761552e-06], "world_rotation": [0.0, 1.0, 0.0, 0.0]}, {"color": "CVBlue", "id_name": "object62143228188121", "shape": "CVCapsule", "id_string": "ob16774", "world_size": [0.04, 0.08, 0.04], "id": 16774, "camera_size": [17, 17], "camera_position": [256, 251], "world_position": [0.7126042117318815, 0.6399757283622627, -0.1500894697582149], "world_orientation": [0.9999991326735359, 0.000616174752674499, 0.0011640364470991906, -0.0006179935496396546, 0.9999985879027646, 0.0015627784389665431, -0.0011630718587484466, -0.0015634964505432834, 0.9999981013695479], "world_rotation": [-0.7647339329179544, 0.5692457477198785, -0.30189615854905166, 0.0020440292576926118]}, {"color": "CVRed", "id_name": "object58537738727916", "shape": "CVBox", "id_string": "ob16781", "world_size": [0.04, 0.04, 0.04], "id": 16781, "camera_size": [17, 17], "camera_position": [219, 295], "world_position": [0.5999719610421045, 0.6199874431779073, -0.24500157465899508], "world_orientation": [0.9999999946574648, -1.2164063063314236e-10, -0.00010336861394143521, 1.217035138244245e-10, 1.0, 6.083330194562062e-10, 0.00010336861394143513, -6.083455965297097e-10, 0.9999999946574648], "world_rotation": [5.885145256244455e-06, 0.9999999999819899, -1.177069785375346e-06, -0.00010336861412738034]}, {"color": "CVGreen", "id_name": "object151888476330551", "shape": "CVCapsule", "id_string": "ob16788", "world_size": [0.04, 0.08, 0.04], "id": 16788, "camera_size": [17, 19], "camera_position": [236, 296], "world_position": [0.599588634527684, 0.6399647388920335, -0.19978616230969484], "world_orientation": [0.9999429888615305, 0.0001583167833910427, -0.010676795514819232, -0.00015946223389621235, 0.999999981621917, -0.00010643289830311661, 0.010676778468486092, 0.00010812937610605898, 0.9999429957300431], "world_rotation": [-0.01004645368427855, 0.9998388235202182, 0.014879373309231819, -0.010678711072414694]}, {"color": "CVRed", "id_name": "object199387720353158", "shape": "CVBox", "id_string": "ob16795", "world_size": [0.04, 0.04, 0.04], "id": 16795, "camera_size": [15, 17], "camera_position": [254, 298], "world_position": [0.5923361512376903, 0.6199874431636834, -0.15499095488396142], "world_orientation": [0.999999895682227, -6.526479193688017e-12, -0.00045676639009400695, 6.516332973693525e-12, 1.0, -2.2214637474149622e-11, 0.00045676639009400695, 2.2211658714879795e-11, 0.999999895682227], "world_rotation": [-4.863131039467024e-08, 0.9999999999999987, -1.427733350159278e-08, -0.0004567664059769591]}, {"color": "CVPurple", "id_name": "object117593838610360", "shape": "CVBox", "id_string": "ob16802", "world_size": [0.04, 0.04, 0.04], "id": 16802, "camera_size": [17, 18], "camera_position": [272, 295], "world_position": [0.5990559653915685, 0.6204912565480518, -0.1095917269820466], "world_orientation": [0.9994292074592456, -0.026008777664971082, -0.021559284815558247, 0.026021602795441676, 0.9996613312883024, 0.0003145073215145054, 0.021543803409345367, -0.0008753349491055981, 0.9997675221387152], "world_rotation": [0.0176075903184387, 0.6378505266316421, -0.7699588810052878, -0.03379419771248653]}, {"color": "CVRed", "id_name": "object94171444377800", "shape": "CVCylinder", "id_string": "ob16809", "world_size": [0.04, 0.04, 0.04], "id": 16809, "camera_size": [16, 17], "camera_position": [289, 295], "world_position": [0.6, 0.6199874431539305, -0.065], "world_orientation": [1.0, 2.049142105997599e-16, 5.802954297681148e-18, -2.049142105997599e-16, 1.0, 6.179952383167331e-17, -5.802954297681148e-18, -6.179952383167331e-17, 1.0], "world_rotation": [-0.28863572672225335, 0.027102796704540077, -0.9570553043948448, 2.1410905896324258e-16]}, {"color": "CVBlue", "id_name": "object4217867708452", "shape": "CVCapsule", "id_string": "ob16816", "world_size": [0.04, 0.08, 0.04], "id": 16816, "camera_size": [18, 17], "camera_position": [218, 278], "world_position": [0.6448573662160014, 0.6399697723533591, -0.24515235749466588], "world_orientation": [0.9999684573357558, 0.00030667565970831826, -0.007936641833205731, -0.00030789762968508224, 0.9999999409341245, -0.00015274422164346195, 0.007936594521486092, 0.00015518307689186617, 0.999968492696452], "world_rotation": [-0.019380985522463874, 0.9990636278375769, 0.03868132536764991, -0.007944140328975308]}, {"color": "CVPurple", "id_name": "object55874718966654", "shape": "CVSphere", "id_string": "ob16823", "world_size": [0.04, 0.04, 0.04], "id": 16823, "camera_size": [16, 17], "camera_position": [236, 278], "world_position": [0.6437169223617534, 0.6199741858054992, -0.2000627524160807], "world_orientation": [0.9999713144496567, -0.0004018364024938357, 0.00756365026503345, 0.00040074808549124855, 0.9999999091294903, 0.00014540283174824543, -0.007563708005871516, -0.00014236754242495612, 0.9999713846169225], "world_rotation": [-0.018993030411920495, 0.998415408524256, 0.05297109416573114, 0.007575755963469958]}, {"color": "CVGreen", "id_name": "object67574967753044", "shape": "CVCapsule", "id_string": "ob16830", "world_size": [0.04, 0.08, 0.04], "id": 16830, "camera_size": [17, 17], "camera_position": [254, 283], "world_position": [0.6326180663332601, 0.639960935304543, -0.15499389901998967], "world_orientation": [0.9999998279270532, -0.000586633072696066, -2.738961707758726e-06, 0.0005866326529557766, 0.9999998165587587, -0.00015081306114762466, 2.8274331348076865e-06, 0.00015081142843240337, 0.9999999886239594], "world_rotation": [-0.24898234415322779, 0.004594898903316344, -0.9684971240040066, -0.0006057146522772134]}, {"color": "CVPurple", "id_name": "object223299038015508", "shape": "CVCylinder", "id_string": "ob16837", "world_size": [0.04, 0.04, 0.04], "id": 16837, "camera_size": [17, 17], "camera_position": [272, 278], "world_position": [0.6442452440035401, 0.6199724532801669, -0.10940246620374489], "world_orientation": [0.9995704633668738, 0.00010748898637986879, -0.02930660694537767, -0.00011690076661600896, 0.9999999421475555, -0.0003194355904246056, 0.029306570914110992, 0.0003227243459554227, 0.999570418104824], "world_rotation": [-0.010955159209614597, 0.9999326629622576, 0.003828057980280421, -0.029312760073598534]}, {"color": "CVPurple", "id_name": "object93296078563466", "shape": "CVSphere", "id_string": "ob16844", "world_size": [0.04, 0.04, 0.04], "id": 16844, "camera_size": [16, 16], "camera_position": [289, 277], "world_position": [0.645, 0.6199874431539305, -0.065], "world_orientation": [1.0, 3.5778671692020784e-17, -3.6332864841185517e-17, -3.5778671692020784e-17, 1.0, 1.0733601507606489e-16, 3.6332864841185517e-17, -1.0733601507606489e-16, 1.0], "world_rotation": [0.9032531890035577, 0.3057480381601587, 0.3010843963345121, -1.18832699826363e-16]}, {"color": "CVRed", "id_name": "object271286907221972", "shape": "CVSphere", "id_string": "ob16851", "world_size": [0.04, 0.04, 0.04], "id": 16851, "camera_size": [17, 15], "camera_position": [219, 260], "world_position": [0.6900000032445983, 0.6199874431052933, -0.24503983032162124], "world_orientation": [0.9999999999988156, 1.64576583204135e-11, 1.5391086568336262e-06, -1.6456721883898692e-11, 1.0, -6.084493974208165e-10, -1.5391086568336363e-06, 6.084493720923109e-10, 0.9999999999988156], "world_rotation": [0.0003953257844891457, 0.9999999218015923, -1.069267510267078e-05, 1.5391087771900947e-06]}, {"color": "CVRed", "id_name": "object115643891624961", "shape": "CVCone", "id_string": "ob16858", "world_size": [0.04, 0.04, 0.04], "id": 16858, "camera_size": [16, 15], "camera_position": [236, 260], "world_position": [0.6900058987834707, 0.6199706243876866, -0.20001432881100017], "world_orientation": [0.9999999242783094, -0.00030190586232467373, -0.00024555289792405906, 0.0003020076917733188, 0.9999998683813941, 0.00041476324421576183, 0.0002454276461498587, -0.00041483737167307723, 0.9999998838376061], "world_rotation": [0.7292897995725715, 0.4316138340833611, -0.5308915957775743, -0.0005687729768774591]}, {"color": "CVRed", "id_name": "object67739661156891", "shape": "CVCapsule", "id_string": "ob16865", "world_size": [0.04, 0.08, 0.04], "id": 16865, "camera_size": [17, 17], "camera_position": [254, 267], "world_position": [0.6726153983710952, 0.6399670024156554, -0.1550029039938668], "world_orientation": [0.9999999955302066, 3.2508554020972085e-05, 8.878502570691895e-05, -3.2524122040531966e-05, 0.9999999840974042, 0.00017534928919013144, -8.877932394316427e-05, -0.0001753521760613689, 0.999999980684923], "world_rotation": [-0.8801990553612663, 0.4456553174528609, -0.1632205898994493, 0.00019921713471238704]}, {"color": "CVRed", "id_name": "object194552145584908", "shape": "CVCylinder", "id_string": "ob16872", "world_size": [0.04, 0.04, 0.04], "id": 16872, "camera_size": [16, 16], "camera_position": [271, 259], "world_position": [0.690296948416159, 0.6199759623531791, -0.10998113062235391], "world_orientation": [0.9999617140879458, 4.147976738454463e-05, -0.008750350720188867, -4.15326071743291e-05, 0.9999999991203697, -5.85687524585492e-06, 0.008750350469549972, 6.220075889143828e-06, 0.9999617149311121], "world_rotation": [-0.0006900759156767765, 0.9999885122906838, 0.004743319712556267, -0.008750562792272295]}, {"color": "CVGreen", "id_name": "object56608174971031", "shape": "CVCapsule", "id_string": "ob16879", "world_size": [0.04, 0.08, 0.04], "id": 16879, "camera_size": [17, 17], "camera_position": [290, 260], "world_position": [0.6900026231241088, 0.6399748863887221, -0.06499979698635223], "world_orientation": [0.9999999999758502, 5.655054563578093e-10, 6.949792977717183e-06, -5.65505377330191e-10, 1.0, -1.1373192642276737e-11, -6.94979297771719e-06, 1.1369262499647538e-11, 0.9999999999758502], "world_rotation": [1.6361965845257536e-06, 0.9999999966881139, -8.137010940962783e-05, 6.949793000790055e-06]}, {"color": "CVRed", "id_name": "object5802131880195", "shape": "CVCapsule", "id_string": "ob16886", "world_size": [0.04, 0.08, 0.04], "id": 16886, "camera_size": [18, 17], "camera_position": [218, 242], "world_position": [0.7349999998779102, 0.6399748858658932, -0.2450000046477418], "world_orientation": [0.9999999999999993, -2.6553399986924313e-13, -3.583337372406788e-08, 2.6553543641528015e-13, 1.0, 3.863814576037517e-11, 3.583337372406787e-08, -3.863814577024761e-11, 0.9999999999999993], "world_rotation": [0.0010782719930324714, 0.9999994186371295, -7.410258543193953e-06, -3.5833394556273e-08]}, {"color": "CVRed", "id_name": "object235651267823954", "shape": "CVCone", "id_string": "ob16893", "world_size": [0.04, 0.04, 0.04], "id": 16893, "camera_size": [16, 16], "camera_position": [236, 242], "world_position": [0.7349712987254974, 0.6199705442056759, -0.19999311526323443], "world_orientation": [0.9999999931904242, -0.00011669990922059656, 5.320805958979055e-07, 0.0001167000701221228, 0.9999999441575427, -0.0003131549225418599, -4.955354151168608e-07, 0.00031315498250325064, 0.9999999509668545], "world_rotation": [0.9370473098578369, 0.0015374574327047766, 0.3491990482702286, 0.0003341933273349807]}, {"color": "CVPurple", "id_name": "object197733784724223", "shape": "CVBox", "id_string": "ob16900", "world_size": [0.04, 0.04, 0.04], "id": 16900, "camera_size": [15, 16], "camera_position": [254, 235], "world_position": [0.7525692579053379, 0.6199819885272507, -0.1549833990068754], "world_orientation": [0.9999988962890208, 0.0006720385531911236, 0.0013250603470236879, -0.0006722097739255617, 0.9999997657753296, 0.00012877618557164024, -0.001324973494100429, -0.00012966676195624524, 0.9999991138154928], "world_rotation": [-0.08664743033027746, 0.8884692920355434, -0.45068230487453137, 0.001491348574009477]}, {"color": "CVPurple", "id_name": "object191265707092393", "shape": "CVCone", "id_string": "ob16907", "world_size": [0.04, 0.04, 0.04], "id": 16907, "camera_size": [16, 16], "camera_position": [271, 242], "world_position": [0.7349995693679926, 0.619974900786024, -0.10997153303475332], "world_orientation": [0.9999999993902489, -3.436887480491775e-05, 6.187304063452549e-06, 3.437638980809694e-05, 0.9999992567825269, -0.0012187094231577965, -6.1454137933498695e-06, 0.0012187096351118632, 0.999999257354254], "world_rotation": [0.9995897158798251, 0.005057668642034277, 0.02819255034929835, 0.0012192100535888602]}, {"color": "CVRed", "id_name": "object35825669787175", "shape": "CVCone", "id_string": "ob16914", "world_size": [0.04, 0.04, 0.04], "id": 16914, "camera_size": [16, 16], "camera_position": [289, 242], "world_position": [0.7349891148633052, 0.6199874431757639, -0.06499601335522953], "world_orientation": [0.9999999803784677, -2.157540960324446e-10, 0.00019809862330782827, 2.1569462731654007e-10, 1.0, 3.002188861897871e-10, -0.00019809862330782832, -3.00176151490221e-10, 0.9999999803784677], "world_rotation": [-1.5153942709283757e-06, 0.9999999999982588, 1.0889745626293403e-06, 0.00019809862460383937]}, {"color": "CVGreen", "id_name": "object144423853125442", "shape": "CVCylinder", "id_string": "ob16921", "world_size": [0.04, 0.04, 0.04], "id": 16921, "camera_size": [17, 16], "camera_position": [219, 224], "world_position": [0.78, 0.6199874431539305, -0.245], "world_orientation": [1.0, -2.2442984970449937e-16, -1.4488340486922525e-17, 2.2442984970449937e-16, 1.0, -5.952269926945416e-16, 1.4488340486922525e-17, 5.952269926945416e-16, 1.0], "world_rotation": [-0.9354546928465729, 0.022769777356192403, -0.3527124251716587, -6.362969764823948e-16]}, {"color": "CVGreen", "id_name": "object146844140356586", "shape": "CVCone", "id_string": "ob16928", "world_size": [0.04, 0.04, 0.04], "id": 16928, "camera_size": [16, 16], "camera_position": [236, 224], "world_position": [0.7802610621067408, 0.6199874431902467, -0.2002636328011315], "world_orientation": [0.999914982743462, 5.3013660483520694e-12, 0.013039451105856874, 1.6394589600084397e-12, 1.0, -5.322835731129362e-10, -0.013039451105856874, 5.322596974687989e-10, 0.999914982743462], "world_rotation": [4.0820095184205186e-08, 0.9999999999999993, -1.4041645843124575e-10, 0.013039820644543707]}, {"color": "CVBlue", "id_name": "object17925639112744", "shape": "CVSphere", "id_string": "ob16935", "world_size": [0.04, 0.04, 0.04], "id": 16935, "camera_size": [15, 17], "camera_position": [254, 219], "world_position": [0.7939049004508174, 0.6199804139278695, -0.15499245982192184], "world_orientation": [0.9999998840787667, -0.00020061803524410582, 0.00043771549786538876, 0.00020061080129280283, 0.9999999797403631, 1.6570448021213704e-05, -0.0004377188133281569, -1.648263564357608e-05, 0.9999999040652772], "world_rotation": [-0.03430282135017338, 0.9085344981797866, 0.4163993060328289, 0.0004817837665022286]}, {"color": "CVGreen", "id_name": "object138987113010048", "shape": "CVSphere", "id_string": "ob16942", "world_size": [0.04, 0.04, 0.04], "id": 16942, "camera_size": [16, 16], "camera_position": [271, 224], "world_position": [0.78, 0.6199874431539305, -0.11], "world_orientation": [1.0, 4.228388472693457e-17, -1.6957377686420176e-17, -4.228388472693457e-17, 1.0, 1.0733601507606494e-16, 1.6957377686420176e-17, -1.0733601507606494e-16, 1.0], "world_rotation": [0.92051720276698, 0.14542702990328832, 0.3626279889688094, -1.1660402951017529e-16]}, {"color": "CVPurple", "id_name": "object39373471004770", "shape": "CVCapsule", "id_string": "ob16949", "world_size": [0.04, 0.08, 0.04], "id": 16949, "camera_size": [18, 18], "camera_position": [290, 223], "world_position": [0.7805012162631745, 0.6399748863920802, -0.06449595107843814], "world_orientation": [0.9996774896324541, 4.975401473992268e-10, 0.025395210614498554, -4.90957612721656e-10, 1.0, -2.654387750519802e-10, -0.025395210614498554, 2.5288519631722023e-10, 0.9996774896324541], "world_rotation": [1.0205152050861126e-08, 0.9999999999999998, -1.9462287104571843e-08, 0.025397941039641037]}, {"color": "CVGreen", "id_name": "object1684619771691", "shape": "CVCone", "id_string": "ob16956", "world_size": [0.04, 0.04, 0.04], "id": 16956, "camera_size": [17, 17], "camera_position": [234, 280], "world_position": [0.6399751995438568, 0.6599580863726004, -0.2049892506096691], "world_orientation": [0.9999984692047313, -0.0006480196191637057, 0.001625318051072236, 0.000647664338224657, 0.9999997662611697, 0.0002191084464855413, -0.0016254596577443387, -0.00021805545053544604, 0.9999986551654565], "world_rotation": [-0.12395908294367866, 0.921767388351628, 0.367394920388376, 0.001763340423268436]}, {"color": "CVYellow", "id_name": "object184465066857009", "shape": "CVBox", "id_string": "ob16963", "world_size": [0.04, 0.04, 0.04], "id": 16963, "camera_size": [17, 17], "camera_position": [252, 286], "world_position": [0.6280188473233622, 0.6999505537389165, -0.1600223368966359], "world_orientation": [0.9999966188824628, -0.0004373046818521449, -0.0025633938944245433, 0.00043654866817503275, 0.9999998610587152, -0.00029547895134069514, 0.0025635227525921123, 0.0002943589061010147, 0.9999966708464241], "world_rotation": [-0.11268930551818546, 0.9795042300400773, -0.1669508423321812, -0.0026171007446143158]}, {"color": "CVBlue", "id_name": "object72057649318152", "shape": "CVBox", "id_string": "ob16970", "world_size": [0.04, 0.04, 0.04], "id": 16970, "camera_size": [17, 18], "camera_position": [270, 280], "world_position": [0.6389411332561671, 0.6599601893419943, -0.11428122117320871], "world_orientation": [0.9993357782481977, -0.0001102402618128732, -0.03644159930839549, 9.726403608763647e-05, 0.9999999312396083, -0.0003578553982537911, 0.036441636252729635, 0.00035407324588404814, 0.9993357202558909], "world_rotation": [-0.009767565774336063, 0.9999482434813886, -0.0028469312126851777, -0.03645157574017919]}, {"color": "CVGreen", "id_name": "object40270006926381", "shape": "CVCylinder", "id_string": "ob16977", "world_size": [0.04, 0.04, 0.04], "id": 16977, "camera_size": [17, 16], "camera_position": [234, 262], "world_position": [0.684394993924084, 0.6599498654421097, -0.204332042251043], "world_orientation": [0.9998394374047378, -0.00037048516818384786, 0.017915416571144042, 0.00036070663188863096, 0.9999997842200584, 0.0005490451369542288, -0.017915616118436405, -0.0005424947712718661, 0.9998393552958995], "world_rotation": [-0.030443076857457268, 0.9993284476640669, 0.020392958607738106, 0.017928516086754227]}, {"color": "CVPurple", "id_name": "object31861059701244", "shape": "CVSphere", "id_string": "ob16984", "world_size": [0.04, 0.04, 0.04], "id": 16984, "camera_size": [18, 19], "camera_position": [252, 268], "world_position": [0.6711605197597768, 0.6999610372691903, -0.15813249435958898], "world_orientation": [0.9957037827405598, 0.00018149574177317259, -0.09259559436299294, -0.0001747360431627304, 0.9999999814442672, 8.110968236453545e-05, 0.0925956073658758, -6.458142977396275e-05, 0.9957037959783942], "world_rotation": [0.0007867047470506431, 0.9999978404558846, 0.0019235849884444948, -0.09272863310249391]}, {"color": "CVYellow", "id_name": "object102512365606858", "shape": "CVCylinder", "id_string": "ob16991", "world_size": [0.04, 0.04, 0.04], "id": 16991, "camera_size": [19, 18], "camera_position": [272, 262], "world_position": [0.6840115393771024, 0.6599683126631013, -0.11068955213530263], "world_orientation": [0.9887237966964324, -2.9347001192599847e-05, -0.1497506360084835, 2.9389506095436127e-05, 0.9999999995662676, -1.9291880011927738e-06, 0.14975063600014768, -2.493663144686254e-06, 0.9887237971300847], "world_rotation": [1.8847169791690007e-06, 0.9999999807677987, -0.00019611437963011703, -0.15031606292603655]}, {"color": "CVPurple", "id_name": "object83311582303394", "shape": "CVBox", "id_string": "ob16998", "world_size": [0.04, 0.04, 0.04], "id": 16998, "camera_size": [17, 16], "camera_position": [234, 242], "world_position": [0.7336085080179385, 0.6599557156342579, -0.20494062535464364], "world_orientation": [0.9999992011875928, -0.00012920720007741703, 0.0012573502597750287, 0.0001299479398334295, 0.9999998180586986, -0.0005890637508300671, -0.001257273919733176, 0.0005892266703545371, 0.9999990360366463], "world_rotation": [0.42246841442328337, 0.9016022458361661, 0.09291840031908938, 0.0013945312393355677]}, {"color": "CVYellow", "id_name": "object38287139932036", "shape": "CVCylinder", "id_string": "ob17005", "world_size": [0.04, 0.04, 0.04], "id": 17005, "camera_size": [17, 17], "camera_position": [252, 229], "world_position": [0.7659408133625745, 0.6599721458240547, -0.15963983830287792], "world_orientation": [-0.00013275261916833138, 0.9998406300698421, 0.01785208218341724, -0.9999999844181258, -0.00013480879549987982, 0.00011397516048013663, 0.00011636361396308303, -0.017852066774747266, 0.9998406323866716], "world_rotation": [-0.00898302117227881, 0.008867859486768397, -0.9999203300257183, 1.571009791310516]}, {"color": "CVRed", "id_name": "object261307997675228", "shape": "CVBox", "id_string": "ob17012", "world_size": [0.04, 0.04, 0.04], "id": 17012, "camera_size": [17, 17], "camera_position": [272, 243], "world_position": [0.7326950930244063, 0.659966637175909, -0.1101294175611545], "world_orientation": [0.999501069551813, 1.2703739383107163e-05, 0.03158499332590348, 2.5771792408293853e-05, 0.99999925820862, -0.0012177512161888901, -0.031584985366421785, 0.0012179576449200286, 0.999500327803137], "world_rotation": [0.038529381628840786, 0.9992574463165705, 0.0002067176460178874, 0.03161372600042572]}, {"color": "CVRed", "id_name": "object197675862285273", "shape": "CVCylinder", "id_string": "ob17019", "world_size": [0.04, 0.04, 0.04], "id": 17019, "camera_size": [20, 21], "camera_position": [233, 292], "world_position": [0.6129700832143715, 0.6999610815512829, -0.2041584978055716], "world_orientation": [2.937210482722996e-06, -0.25330778992035824, -0.9673857366929888, 0.9999999588042079, 0.00027840724375782777, -6.986407871123479e-05, 0.00028702431197646927, -0.9673856966355614, 0.2533077803028838], "world_rotation": [0.5213242572644038, 0.5215166199362917, -0.6754564633771324, -1.9532580275130997]}, {"color": "CVYellow", "id_name": "object69474960551242", "shape": "CVCone", "id_string": "ob17026", "world_size": [0.04, 0.04, 0.04], "id": 17026, "camera_size": [24, 22], "camera_position": [331, 235], "world_position": [0.751690441738632, 0.6199874431530715, 0.04353148897895297], "world_orientation": [-0.692575814209957, 0.7213450918744893, 2.2100077323727863e-10, 5.222391408210569e-10, 1.95037874739512e-10, 1.0, 0.7213450918744894, 0.6925758142099571, -5.117927193154512e-10], "world_rotation": [0.28853885598513923, 0.6770322477436456, 0.6770322474609125, -2.5797744515477676]}, {"color": "CVRed", "id_name": "object248352696537132", "shape": "CVCylinder", "id_string": "ob17033", "world_size": [0.04, 0.04, 0.04], "id": 17033, "camera_size": [18, 18], "camera_position": [243, 247], "world_position": [0.7210277273641073, 0.6999492391686032, -0.18069308275567467], "world_orientation": [0.0005020142552922709, -0.9968170795071042, -0.07972112633810033, 0.9999998616508153, 0.0005129405383522296, -0.00011657767506504521, 0.00015709881505598933, -0.07972105678509277, 0.9968171991017363], "world_rotation": [0.039802262936644815, 0.0399391360386145, -0.9984090570891327, -1.5718802500594546]}, {"color": "CVRed", "id_name": "object4355479258267", "shape": "CVCylinder", "id_string": "ob17040", "world_size": [0.04, 0.04, 0.04], "id": 17040, "camera_size": [19, 18], "camera_position": [325, 262], "world_position": [0.6841814061498127, 0.6199874431855595, 0.025672240227611606], "world_orientation": [5.292103109899582e-10, -0.9934756513707057, -0.11404442175552476, 1.0, 5.173157405918838e-10, 1.3389273717523411e-10, -7.402219115437703e-11, -0.11404442175552473, 0.9934756513707058], "world_rotation": [0.05702251435598092, 0.057022514252022906, -0.9967431292589379, -1.5740585063721966]}], "source": "manual check"}
