{"timestamp": 1721664767.614616, "objects": [{"color": "cv_", "id_name": "hand", "shape": "CVBox", "id_string": "ob383", "world_size": [0.12, 0.005, 0.12], "id": 383, "camera_size": [48, 49], "camera_position": [246, 391], "world_position": [0.3626876089732187, 0.6555023249835098, -0.1740898640233043], "world_orientation": [-4.078609176615204e-06, -0.001580730491275923, 0.9999987506364592, -0.0007631201657186964, -0.9999984594639845, -0.0015807331434827372, 0.9999997088154464, -0.0007631256594972058, 2.87231557927539e-06], "world_rotation": [0.0, 1.0, 0.0, 0.0]}, {"color": "CVGreen", "id_name": "object159950258469686", "shape": "CVCylinder", "id_string": "ob9130", "world_size": [0.04, 0.04, 0.04], "id": 9130, "camera_size": [16, 16], "camera_position": [256, 252], "world_position": [0.7087902435489835, 0.6199703740894743, -0.14972756254265973], "world_orientation": [0.999999977803608, 0.00015144409290938964, 0.00014648368584560108, -0.00015148295503357857, 0.9999999533276948, 0.00026532531502168296, -0.00014644349705724528, -0.00026534749891399517, 0.9999999540725025], "world_rotation": [-0.7831286341303759, 0.43228079265083663, -0.4470378716733696, 0.00033881587325571775]}, {"color": "CVPurple", "id_name": "object4272392203764", "shape": "CVSphere", "id_string": "ob9137", "world_size": [0.04, 0.04, 0.04], "id": 9137, "camera_size": [17, 17], "camera_position": [219, 295], "world_position": [0.6000000000059689, 0.6199874431539373, -0.2450000002038044], "world_orientation": [1.0, -1.5720358977755046e-13, 5.19850035477006e-09, 1.5720358977755046e-13, 1.0, 5.745930315546945e-11, -5.19850035477006e-09, -5.745930315546945e-11, 1.0], "world_rotation": [-0.011052378499249888, 0.9999389201422018, 3.023833357256633e-05, 5.198817897827978e-09]}, {"color": "CVBlue", "id_name": "object198532946919435", "shape": "CVBox", "id_string": "ob9144", "world_size": [0.04, 0.04, 0.04], "id": 9144, "camera_size": [16, 17], "camera_position": [236, 295], "world_position": [0.6000076285020574, 0.6199874431874238, -0.19998989833677538], "world_orientation": [0.9999997920086096, 5.543050172196055e-10, 0.0006449672375811525, -5.543210721343839e-10, 1.0, 2.4713845659514965e-11, -0.0006449672375811525, -2.507135944993921e-11, 0.9999997920086096], "world_rotation": [-3.859514267433744e-08, 0.99999999999963, -8.594437242357501e-07, 0.0006449672822972723]}, {"color": "CVBlue", "id_name": "object154403346005719", "shape": "CVCylinder", "id_string": "ob9151", "world_size": [0.04, 0.04, 0.04], "id": 9151, "camera_size": [16, 17], "camera_position": [254, 301], "world_position": [0.5848801312385511, 0.6199874431882684, -0.15485637939928998], "world_orientation": [0.9999974904216073, 5.167183518177852e-10, -0.002240346064197568, -5.167260999030883e-10, 1.0, -2.879608981428918e-12, 0.002240346064197568, 4.037247038999515e-12, 0.9999974904216073], "world_rotation": [-1.5437025848293847e-09, 0.9999999999999735, 2.3064393225584059e-07, -0.002240347938307534]}, {"color": "CVBlue", "id_name": "object135492253943277", "shape": "CVCone", "id_string": "ob9158", "world_size": [0.04, 0.04, 0.04], "id": 9158, "camera_size": [16, 17], "camera_position": [271, 295], "world_position": [0.6000000000023187, 0.6199874431539332, -0.11000000000839201], "world_orientation": [1.0, -3.93166380755124e-13, 1.3287938483025366e-09, 3.93166380755124e-13, 1.0, 2.431733219930718e-13, -1.3287938483025366e-09, -2.431733219930718e-13, 1.0], "world_rotation": [-0.00018300303511135834, 0.9999999394818245, 0.00029588213210323116, 1.3287939287187207e-09]}, {"color": "CVPurple", "id_name": "object170066086284225", "shape": "CVBox", "id_string": "ob9165", "world_size": [0.04, 0.04, 0.04], "id": 9165, "camera_size": [16, 17], "camera_position": [289, 295], "world_position": [0.6, 0.6199874431539305, -0.065], "world_orientation": [1.0, 2.049142105997599e-16, 5.802954297681148e-18, -2.049142105997599e-16, 1.0, 6.179952383167331e-17, -5.802954297681148e-18, -6.179952383167331e-17, 1.0], "world_rotation": [-0.28863572672225335, 0.027102796704540077, -0.9570553043948448, 2.1410905896324258e-16]}, {"color": "CVBlue", "id_name": "object255043706297804", "shape": "CVSphere", "id_string": "ob9172", "world_size": [0.04, 0.04, 0.04], "id": 9172, "camera_size": [17, 16], "camera_position": [219, 277], "world_position": [0.6453940099402635, 0.6199853001106791, -0.24539991978711037], "world_orientation": [0.9997981303630844, -0.00029796956726456765, 0.020090040732120264, 0.00030341644752229465, 0.9999999180369041, -0.00026807581845905096, -0.020089959207042707, 0.0002741173508804317, 0.9997981388254019], "world_rotation": [0.013491366560668764, 0.9997970063829457, 0.014964259287577303, 0.020095431422872366]}, {"color": "CVBlue", "id_name": "object95908486811132", "shape": "CVCylinder", "id_string": "ob9179", "world_size": [0.04, 0.04, 0.04], "id": 9179, "camera_size": [16, 16], "camera_position": [236, 277], "world_position": [0.6450066912718089, 0.6199770272717872, -0.19999893136053437], "world_orientation": [0.9999996949846898, 0.00014272238711783032, -0.0007678937738739115, -0.00014257738122068223, 0.999999971996637, 0.0001888873092114396, 0.0007679207108179738, -0.0001887777673145699, 0.9999996873303195], "world_rotation": [0.23499866186020335, 0.9556466064800537, 0.17752518820457874, -0.000803547378054869]}, {"color": "CVPurple", "id_name": "object221339111449841", "shape": "CVSphere", "id_string": "ob9186", "world_size": [0.04, 0.04, 0.04], "id": 9186, "camera_size": [15, 17], "camera_position": [254, 284], "world_position": [0.6288671300399533, 0.61996072042677, -0.15497081433449125], "world_orientation": [0.9999990506604506, -0.001354494482971152, -0.00025302745547570453, 0.0013548351126508383, 0.9999981697020781, 0.001350930905568529, 0.000251197163901561, -0.0013512724335575444, 0.9999990554809517], "world_rotation": [0.700122879229303, 0.13064123901603994, -0.7019692448020959, -0.0019298076784320679]}, {"color": "CVBlue", "id_name": "object117915054966500", "shape": "CVCylinder", "id_string": "ob9193", "world_size": [0.04, 0.04, 0.04], "id": 9193, "camera_size": [16, 16], "camera_position": [271, 277], "world_position": [0.6449688668322983, 0.6199747537558388, -0.10993657180383219], "world_orientation": [0.999997129507131, -0.0001299382428054807, -0.0023925077955157534, 0.00012835947927695147, 0.9999997739488024, -0.0006600198393266614, 0.0023925930165046407, 0.0006597108436896166, 0.9999969201353874], "world_rotation": [-0.265514131928631, 0.9627054251635606, -0.05196643250054212, -0.002485238793062375]}, {"color": "CVPurple", "id_name": "object97035624854308", "shape": "CVCapsule", "id_string": "ob9200", "world_size": [0.04, 0.08, 0.04], "id": 9200, "camera_size": [17, 17], "camera_position": [290, 278], "world_position": [0.645, 0.6399748858658902, -0.065], "world_orientation": [1.0, -8.066464163292171e-17, -3.573889421051852e-17, 8.066464163292171e-17, 1.0, -1.821459649775647e-16, 3.573889421051852e-17, 1.821459649775647e-16, 1.0], "world_rotation": [-0.8999806872227267, 0.17658538071993266, -0.3985628757700657, -2.0238874851820828e-16]}, {"color": "CVRed", "id_name": "object157666493512008", "shape": "CVBox", "id_string": "ob9207", "world_size": [0.04, 0.04, 0.04], "id": 9207, "camera_size": [17, 15], "camera_position": [219, 260], "world_position": [0.6897931694511246, 0.6199874431921991, -0.24502008732544034], "world_orientation": [0.999995519710683, 3.825147007066759e-10, -0.002993419209046539, -3.812645886274596e-10, 1.0, 4.181907602888344e-10, 0.002993419209046539, -4.170476019299254e-10, 0.999995519710683], "world_rotation": [1.395124277439217e-07, 0.9999999999999821, 1.2757639942742936e-07, -0.002993423679515972]}, {"color": "CVBlue", "id_name": "object230552886284007", "shape": "CVCylinder", "id_string": "ob9214", "world_size": [0.04, 0.04, 0.04], "id": 9214, "camera_size": [16, 16], "camera_position": [236, 259], "world_position": [0.6901807456963828, 0.6199648438075649, -0.19929433994478066], "world_orientation": [0.999928046657436, 0.00018844800881428456, -0.011994415166762522, -0.00017940225137886364, 0.9999996987169703, 0.0007552355929771229, 0.011994553875692458, -0.0007530294261668944, 0.9999277792040817], "world_rotation": [0.06274202351207712, 0.9979124627224971, 0.015302131509395182, -0.012019865264417706]}, {"color": "CVYellow", "id_name": "object26981134132338", "shape": "CVCone", "id_string": "ob9221", "world_size": [0.04, 0.04, 0.04], "id": 9221, "camera_size": [15, 16], "camera_position": [254, 268], "world_position": [0.6688368613597272, 0.6199576187124951, -0.15503882210324413], "world_orientation": [0.9999996387304614, -0.0005570425765527151, -0.0006420611454629817, 0.0005577208442878216, 0.9999992861695371, 0.0010566966811546299, 0.0006414720620982669, -0.0010570543902864423, 0.9999992355745128], "world_rotation": [0.7792396453284031, 0.47317774308465366, -0.4109603370129264, -0.0013562911821563691]}, {"color": "CVYellow", "id_name": "object12472014716723", "shape": "CVCone", "id_string": "ob9228", "world_size": [0.04, 0.04, 0.04], "id": 9228, "camera_size": [17, 16], "camera_position": [272, 259], "world_position": [0.690852162330497, 0.6199636261961264, -0.10930243867649579], "world_orientation": [0.999999068841324, -0.001337490475153929, -0.0002709902467727731, 0.0013371584205325786, 0.9999983595606522, -0.0012218360621793008, 0.00027262399632510477, 0.0012214725675656897, 0.999999216840155], "world_rotation": [-0.6669878538025394, 0.14839881171221034, -0.730140394418968, -0.0018316000673285024]}, {"color": "CVPurple", "id_name": "object114414829726034", "shape": "CVBox", "id_string": "ob9235", "world_size": [0.04, 0.04, 0.04], "id": 9235, "camera_size": [16, 15], "camera_position": [289, 260], "world_position": [0.69, 0.6199874431539305, -0.065], "world_orientation": [1.0, 4.228388472693457e-17, -1.6957377686420176e-17, -4.228388472693457e-17, 1.0, 1.0733601507606494e-16, 1.6957377686420176e-17, -1.0733601507606494e-16, 1.0], "world_rotation": [0.92051720276698, 0.14542702990328832, 0.3626279889688094, -1.1660402951017529e-16]}, {"color": "CVPurple", "id_name": "object15288000832454", "shape": "CVCylinder", "id_string": "ob9242", "world_size": [0.04, 0.04, 0.04], "id": 9242, "camera_size": [18, 16], "camera_position": [218, 242], "world_position": [0.734076195158309, 0.6199874431873382, -0.2459880149038674], "world_orientation": [0.998905538282263, 5.158683855280689e-10, -0.04677312892059188, -5.115463688515297e-10, 1.0, 1.0437370145543705e-10, 0.04677312892059188, -8.033284417570183e-11, 0.998905538282263], "world_rotation": [1.9744942223634495e-09, 0.9999999999999998, 1.0982959426595887e-08, -0.04679020019404188]}, {"color": "CVGreen", "id_name": "object247312449604315", "shape": "CVCone", "id_string": "ob9249", "world_size": [0.04, 0.04, 0.04], "id": 9249, "camera_size": [16, 16], "camera_position": [236, 242], "world_position": [0.7350354198668275, 0.6199723647805084, -0.19993316769796293], "world_orientation": [0.9999969454757079, -7.753774938949405e-05, -0.002470430560010113, 7.66227657364126e-05, 0.9999999284417014, -0.00037046665691515954, 0.002470459108381107, 0.00037027623409368807, 0.9999968798587845], "world_rotation": [-0.1481934692158942, 0.988477364898691, -0.030841445567574902, -0.00249924529761715]}, {"color": "CVPurple", "id_name": "object8669501408473", "shape": "CVCapsule", "id_string": "ob9256", "world_size": [0.04, 0.08, 0.04], "id": 9256, "camera_size": [17, 16], "camera_position": [254, 236], "world_position": [0.7487744867068062, 0.6399604262384329, -0.1550374628041367], "world_orientation": [0.9999996754427903, 0.0007917710321193384, 0.00014904008456025533, -0.0007919284402161115, 0.9999991256131936, 0.0010590666618404165, -0.00014820141593765776, -0.0010591843471943895, 0.9999994280822659], "world_rotation": [-0.7958939321243635, 0.11168303737979847, -0.5950460049183103, 0.001330737393969928]}, {"color": "CVGreen", "id_name": "object931440794303", "shape": "CVCylinder", "id_string": "ob9263", "world_size": [0.04, 0.04, 0.04], "id": 9263, "camera_size": [17, 16], "camera_position": [272, 242], "world_position": [0.7343832935149546, 0.6199662088851965, -0.10941207067129836], "world_orientation": [0.999605354034805, 0.0013254145268834824, 0.028060282630160263, -0.0013049971635928773, 0.9999988702882051, -0.0007459254097777495, -0.0280612395905021, 0.000709012444082467, 0.999605954431044], "world_rotation": [0.02588766755066781, 0.9985686370254457, -0.046802839848982564, 0.02810468352822076]}, {"color": "CVYellow", "id_name": "object137959137543671", "shape": "CVCapsule", "id_string": "ob9270", "world_size": [0.04, 0.08, 0.04], "id": 9270, "camera_size": [17, 17], "camera_position": [290, 242], "world_position": [0.7349999984522029, 0.6399748861819502, -0.06499988947056874], "world_orientation": [0.9999999999965686, -3.78122825007335e-10, 2.6196772924916182e-06, 3.781237903771921e-10, 1.0, -3.6850542534222943e-10, -2.6196772924914785e-06, 3.6850641590662227e-10, 0.9999999999965686], "world_rotation": [0.00014066843813014232, 0.9999999796892279, 0.0001443396486643811, 2.619677345702214e-06]}, {"color": "CVGreen", "id_name": "object172134832512487", "shape": "CVBox", "id_string": "ob9277", "world_size": [0.04, 0.04, 0.04], "id": 9277, "camera_size": [17, 16], "camera_position": [219, 224], "world_position": [0.78, 0.6199874431539305, -0.245], "world_orientation": [1.0, -2.2442984970449937e-16, -1.4488340486922525e-17, 2.2442984970449937e-16, 1.0, -5.952269926945416e-16, 1.4488340486922525e-17, 5.952269926945416e-16, 1.0], "world_rotation": [-0.9354546928465729, 0.022769777356192403, -0.3527124251716587, -6.362969764823948e-16]}, {"color": "CVYellow", "id_name": "object161559443303423", "shape": "CVCone", "id_string": "ob9284", "world_size": [0.04, 0.04, 0.04], "id": 9284, "camera_size": [16, 16], "camera_position": [236, 224], "world_position": [0.78, 0.6199874431539305, -0.2], "world_orientation": [1.0, 1.7889335846010863e-16, -4.367536594091608e-17, -1.7889335846010863e-16, 1.0, -6.570265165262153e-16, 4.367536594091608e-17, 6.570265165262153e-16, 1.0], "world_rotation": [-0.9628953949226872, 0.06400778001840857, 0.26217448871657395, -6.823446451096272e-16]}, {"color": "CVYellow", "id_name": "object132611314630889", "shape": "CVCylinder", "id_string": "ob9291", "world_size": [0.04, 0.04, 0.04], "id": 9291, "camera_size": [15, 17], "camera_position": [254, 221], "world_position": [0.7887511281436623, 0.6200026730188202, -0.15500324221063372], "world_orientation": [0.9999995317409974, 0.0009668008265216866, 4.259046862148763e-05, -0.0009668100167742442, 0.9999995092478744, 0.00021629239877914475, -4.238133605020313e-05, -0.0002163334743899664, 0.9999999757018249], "world_rotation": [-0.21814108677328364, 0.04284496828723935, -0.9749762945599427, 0.0009916195762781702]}, {"color": "CVYellow", "id_name": "object102861656752241", "shape": "CVBox", "id_string": "ob9298", "world_size": [0.04, 0.04, 0.04], "id": 9298, "camera_size": [16, 16], "camera_position": [271, 224], "world_position": [0.78, 0.6199874431539305, -0.11], "world_orientation": [1.0, 4.228388472693457e-17, -1.6957377686420176e-17, -4.228388472693457e-17, 1.0, 1.0733601507606494e-16, 1.6957377686420176e-17, -1.0733601507606494e-16, 1.0], "world_rotation": [0.92051720276698, 0.14542702990328832, 0.3626279889688094, -1.1660402951017529e-16]}, {"color": "CVRed", "id_name": "object123978168459600", "shape": "CVSphere", "id_string": "ob9305", "world_size": [0.04, 0.04, 0.04], "id": 9305, "camera_size": [16, 16], "camera_position": [289, 224], "world_position": [0.78, 0.6199874431539305, -0.065], "world_orientation": [1.0, 4.228388472693457e-17, -1.6957377686420176e-17, -4.228388472693457e-17, 1.0, 1.0733601507606494e-16, 1.6957377686420176e-17, -1.0733601507606494e-16, 1.0], "world_rotation": [0.92051720276698, 0.14542702990328832, 0.3626279889688094, -1.1660402951017529e-16]}, {"color": "CVRed", "id_name": "object268140668676767", "shape": "CVCone", "id_string": "ob9312", "world_size": [0.04, 0.04, 0.04], "id": 9312, "camera_size": [17, 17], "camera_position": [234, 280], "world_position": [0.6401271726618439, 0.659966519947879, -0.20502181390987612], "world_orientation": [0.9999999764439683, 0.0001514755953683754, -0.0001554580549422313, -0.00015145472284941246, 0.9999999795168356, 0.0001342676258808733, 0.0001554783900265026, -0.00013424407786146364, 0.9999999789024987], "world_rotation": [0.5260419275800975, 0.6091563406234716, 0.5934715183612747, -0.0002552189213249038]}, {"color": "CVGreen", "id_name": "object127401852922924", "shape": "CVCapsule", "id_string": "ob9319", "world_size": [0.04, 0.08, 0.04], "id": 9319, "camera_size": [17, 18], "camera_position": [252, 285], "world_position": [0.6283655545205595, 0.6799224999312425, -0.15913643522051438], "world_orientation": [0.9999862741080773, -0.0015126104505699984, -0.005016333827662982, 0.0015200972445369202, 0.9999977360794334, 0.0014890065061367538, 0.005014070184279512, -0.001496611383423481, 0.9999863095335628], "world_rotation": [0.27401343116543336, 0.920568378458077, -0.27833522975723524, -0.00544796772542263]}, {"color": "CVRed", "id_name": "object265490017667368", "shape": "CVCone", "id_string": "ob9326", "world_size": [0.04, 0.04, 0.04], "id": 9326, "camera_size": [17, 17], "camera_position": [270, 280], "world_position": [0.6411705656501427, 0.6599645028096689, -0.1149945563717728], "world_orientation": [0.9999964820051235, -0.00020080054565979488, 0.002644930342676903, 0.00020224446413635944, 0.9999998306744459, -0.0005456631348468717, -0.0026448203253673828, 0.0005461961377265928, 0.9999963532909636], "world_rotation": [0.20158849561255082, 0.976639486536746, 0.07441365314181163, 0.002708142158308735]}, {"color": "CVYellow", "id_name": "object197857474901762", "shape": "CVCone", "id_string": "ob9333", "world_size": [0.04, 0.04, 0.04], "id": 9333, "camera_size": [18, 17], "camera_position": [234, 262], "world_position": [0.6859311551767304, 0.6599459835937281, -0.20287154910616695], "world_orientation": [0.998864840012527, 5.380838572084608e-05, 0.04763432052004753, -9.999589267450484e-05, 0.9999995272196113, 0.0009672442170670401, -0.04763424595362503, -0.0009709094765360564, 0.9988643731494371], "world_rotation": [-0.02033986950297347, 0.9997918205379814, -0.0016140922992256145, 0.04766224536965846]}, {"color": "CVGreen", "id_name": "object16921681898057", "shape": "CVCapsule", "id_string": "ob9340", "world_size": [0.04, 0.08, 0.04], "id": 9340, "camera_size": [17, 17], "camera_position": [253, 264], "world_position": [0.6809118157407343, 0.6799439205010511, -0.15728153177816323], "world_orientation": [0.9999251053115743, -0.0015082298022573752, 0.012145328752278807, 0.0014848186883271396, 0.9999970228913293, 0.0019363682349742004, -0.012148213082595406, -0.0019181896001712938, 0.9999243678736696], "world_rotation": [-0.15555829128115087, 0.9804138421644781, 0.12079038085035777, 0.012389749274645973]}, {"color": "CVGreen", "id_name": "object191634285243984", "shape": "CVCapsule", "id_string": "ob9347", "world_size": [0.04, 0.08, 0.04], "id": 9347, "camera_size": [17, 17], "camera_position": [270, 262], "world_position": [0.685922465789837, 0.6799426235023489, -0.11591069026195155], "world_orientation": [0.9996740910609744, -0.0015877669747404917, 0.025479220110684958, 0.0016486016722491224, 0.9999958401959864, -0.0023667917630220744, -0.025475356208325466, 0.002408025489311766, 0.9996725502079677], "world_rotation": [0.0931126005607732, 0.9936533401810137, 0.06311167216865972, 0.02564282679000876]}, {"color": "CVRed", "id_name": "object201084431949720", "shape": "CVCylinder", "id_string": "ob9354", "world_size": [0.04, 0.04, 0.04], "id": 9354, "camera_size": [19, 19], "camera_position": [234, 244], "world_position": [0.7302641007043461, 0.6599581001052681, -0.2041333274178103], "world_orientation": [0.9891533252852713, 5.3917248678322304e-05, -0.14688667798687702, -6.441357323506034e-05, 0.9999999957008601, -6.67021124496884e-05, 0.14688667375899625, 7.54401121229238e-05, 0.9891533245057652], "world_rotation": [-0.00048384986438845806, 0.9999998018222335, 0.0004027962296771081, -0.14742009747699794]}, {"color": "CVRed", "id_name": "object7890273457413", "shape": "CVCylinder", "id_string": "ob9361", "world_size": [0.04, 0.04, 0.04], "id": 9361, "camera_size": [17, 17], "camera_position": [252, 239], "world_position": [0.7409374808227132, 0.6999476660234398, -0.16017298103551209], "world_orientation": [0.9999696747767045, 0.0006007143207549928, -0.007764577855687095, -0.0005916492997726508, 0.9999991408429885, 0.0011697283407218148, 0.007765273857261254, -0.0011650989613973335, 0.9999691710579542], "world_rotation": [0.14824690468999413, 0.986048280594292, 0.07570761908075266, -0.007874874146728342]}, {"color": "CVRed", "id_name": "object204960243633903", "shape": "CVSphere", "id_string": "ob9368", "world_size": [0.04, 0.04, 0.04], "id": 9368, "camera_size": [17, 16], "camera_position": [270, 243], "world_position": [0.7307842080387629, 0.6599538373342375, -0.11504609026995744], "world_orientation": [0.9999769058956419, 0.0021245279223956566, -0.006455544631203092, -0.0021299813405215905, 0.999997380458212, -0.0008380072810729894, 0.006453747350766351, 0.0008517381176527732, 0.9999788116191821], "world_rotation": [-0.12336671968289707, 0.9424952459969755, 0.31061771319063913, -0.006848518838550678]}, {"color": "CVGreen", "id_name": "object93971369560643", "shape": "CVSphere", "id_string": "ob9375", "world_size": [0.04, 0.04, 0.04], "id": 9375, "camera_size": [17, 18], "camera_position": [247, 269], "world_position": [0.6684289686800625, 0.7398784812232947, -0.17173379880358072], "world_orientation": [0.9999957455566533, -0.0019273368033283435, 0.002189575630052364, 0.0019218739612767177, 0.999995042415864, 0.0024943023416133954, -0.0021943721357485526, -0.00249008364135577, 0.999994492092026], "world_rotation": [-0.6495753209889377, 0.5713249910618896, 0.5016369772557148, 0.0038366591604214522]}, {"color": "CVPurple", "id_name": "object77671508851518", "shape": "CVBox", "id_string": "ob9382", "world_size": [0.04, 0.04, 0.04], "id": 9382, "camera_size": [19, 20], "camera_position": [265, 270], "world_position": [0.6667193630060111, 0.7399519263571623, -0.12877129824319455], "world_orientation": [0.987518936167888, -0.0007126859961993966, 0.1574987072598183, 0.0011521099898402706, 0.9999956947227787, -0.002698736459631174, -0.15749610583253934, 0.002846509191633434, 0.9875155057177621], "world_rotation": [0.017601208759767742, 0.9998275661995637, 0.005919063916884515, 0.158183421737844]}, {"color": "CVGreen", "id_name": "object181502650879586", "shape": "CVCone", "id_string": "ob9389", "world_size": [0.04, 0.04, 0.04], "id": 9389, "camera_size": [18, 18], "camera_position": [233, 251], "world_position": [0.71172814942616, 0.6999513206514848, -0.203808859176683], "world_orientation": [0.9957483366364115, -0.09211530522297245, -0.00014362972737731045, 0.00013895997025145657, -5.710849577818559e-05, 0.9999999887143732, -0.09211531238587117, -0.9957483453575499, -4.406534960544814e-05], "world_rotation": [-0.997876530408508, 0.04598595024245314, 0.046127241844453444, 1.5729727471175956]}, {"color": "CVGreen", "id_name": "object95633148010943", "shape": "CVBox", "id_string": "ob9396", "world_size": [0.04, 0.04, 0.04], "id": 9396, "camera_size": [18, 18], "camera_position": [272, 244], "world_position": [0.727667352864726, 0.6999441666700592, -0.11081271857795133], "world_orientation": [0.9967353474523628, -0.08071171308698996, -0.0020655530932524387, -0.002134017635867722, -0.0007620086000392884, -0.9999974326525162, 0.08070993190275554, 0.9967371964131052, -0.0009317611258705815], "world_rotation": [-0.9983703827732443, 0.04138786969321876, -0.03928896847033053, -1.5732755404714174]}], "source": "manual check"}
