{"timestamp": 1721665244.255655, "objects": [{"color": "cv_", "id_name": "hand", "shape": "CVBox", "id_string": "ob383", "world_size": [0.12, 0.005, 0.12], "id": 383, "camera_size": [48, 49], "camera_position": [246, 391], "world_position": [0.36262578319853, 0.6555060510442505, -0.17408986503381912], "world_orientation": [-4.077389320560509e-06, -0.0015808867099462596, 0.999998750389512, -0.0007631201626189357, -0.9999984592170356, -0.0015808893611764705, 0.9999997088154539, -0.000763125654917694, 2.8709765153758037e-06], "world_rotation": [0.0, 1.0, 0.0, 0.0]}, {"color": "CVBlue", "id_name": "object105541500069410", "shape": "CVCylinder", "id_string": "ob13771", "world_size": [0.04, 0.04, 0.04], "id": 13771, "camera_size": [16, 16], "camera_position": [255, 245], "world_position": [0.7257168713591093, 0.6199739207186461, -0.1501229026644768], "world_orientation": [0.99997020396336, -0.0002386955686195945, -0.007715841490186031, 0.00023905597770640432, 0.9999999703778472, 4.578803715253629e-05, 0.0077158303322246305, -4.7631190881767395e-05, 0.9999702314036923], "world_rotation": [0.006050723618065203, 0.9995028125024202, -0.030943764209445272, -0.007719750712239588]}, {"color": "CVYellow", "id_name": "object148464159197612", "shape": "CVCylinder", "id_string": "ob13778", "world_size": [0.04, 0.04, 0.04], "id": 13778, "camera_size": [17, 17], "camera_position": [219, 295], "world_position": [0.599999996046485, 0.6199874424227889, -0.24500479469836764], "world_orientation": [0.9999999999542152, -1.836782317884858e-07, 9.56744132312406e-06, 1.8156782701147919e-07, 0.9999999756718897, 0.00022058147501081946, -9.567481606381543e-06, -0.00022058147326358066, 0.9999999756261382], "world_rotation": [-0.9990603391904688, 0.043333064726108296, 0.0008271384820959805, 0.00022078894264592432]}, {"color": "CVGreen", "id_name": "object156315414671376", "shape": "CVCone", "id_string": "ob13785", "world_size": [0.04, 0.04, 0.04], "id": 13785, "camera_size": [16, 17], "camera_position": [236, 295], "world_position": [0.5999930168931762, 0.6199874411280539, -0.2000000028147185], "world_orientation": [0.9999999481674623, -0.00032195731722255616, 2.925534903741146e-06, 0.00032195731689696504, 0.9999999481717355, 1.117631021020581e-07, -2.925570735064234e-06, -1.1082119894184071e-07, 0.9999999999957144], "world_rotation": [-0.0003456593268626974, 0.009086396601317893, 0.9999586581036404, 0.00032197063349894393]}, {"color": "CVGreen", "id_name": "object183523807597700", "shape": "CVCylinder", "id_string": "ob13792", "world_size": [0.04, 0.04, 0.04], "id": 13792, "camera_size": [15, 17], "camera_position": [254, 295], "world_position": [0.5999966676983534, 0.6199874425121139, -0.1550000005798802], "world_orientation": [0.9999999882780718, -0.00015296951267520793, 6.647145121389861e-06, 0.00015296951250674167, 0.9999999883001638, 2.5852547806927566e-08, -6.647148998270984e-06, -2.4835736957196673e-08, 0.9999999999779074], "world_rotation": [-0.00016552479856281075, 0.043413095677467047, 0.9990571934204968, 0.0001531138699526786]}, {"color": "CVGreen", "id_name": "object93715082777063", "shape": "CVBox", "id_string": "ob13799", "world_size": [0.04, 0.04, 0.04], "id": 13799, "camera_size": [16, 17], "camera_position": [271, 295], "world_position": [0.6, 0.6199874431539305, -0.11], "world_orientation": [1.0, 4.228388472693457e-17, -1.6957377686420176e-17, -4.228388472693457e-17, 1.0, 1.0733601507606494e-16, 1.6957377686420176e-17, -1.0733601507606494e-16, 1.0], "world_rotation": [0.92051720276698, 0.14542702990328832, 0.3626279889688094, -1.1660402951017529e-16]}, {"color": "CVBlue", "id_name": "object214532387387952", "shape": "CVCylinder", "id_string": "ob13806", "world_size": [0.04, 0.04, 0.04], "id": 13806, "camera_size": [16, 17], "camera_position": [289, 295], "world_position": [0.6, 0.6199874431539305, -0.065], "world_orientation": [1.0, 2.049142105997599e-16, 5.802954297681148e-18, -2.049142105997599e-16, 1.0, 6.179952383167331e-17, -5.802954297681148e-18, -6.179952383167331e-17, 1.0], "world_rotation": [-0.28863572672225335, 0.027102796704540077, -0.9570553043948448, 2.1410905896324258e-16]}, {"color": "CVPurple", "id_name": "object59440101063390", "shape": "CVSphere", "id_string": "ob13813", "world_size": [0.04, 0.04, 0.04], "id": 13813, "camera_size": [17, 16], "camera_position": [219, 277], "world_position": [0.6449999962406153, 0.6199874409072998, -0.24500644998988788], "world_orientation": [0.9999999999999816, -1.603615293560956e-07, -1.0605684814374849e-07, 1.6039304786120864e-07, 0.9999999558206678, 0.0002972518068928766, 1.0600917570382329e-07, -0.00029725180690988185, 0.999999955820675], "world_rotation": [0.9999997908305057, 0.00035671100152502534, -0.0005395333227219876, -0.000297251873454866]}, {"color": "CVRed", "id_name": "object94414677359417", "shape": "CVBox", "id_string": "ob13820", "world_size": [0.04, 0.04, 0.04], "id": 13820, "camera_size": [16, 16], "camera_position": [236, 277], "world_position": [0.6449979754850406, 0.6199748880729146, -0.20000156270316827], "world_orientation": [0.999999992680711, -0.0001207527587244122, 7.572917097782334e-06, 0.00012075200387542742, 0.9999999877495154, 9.95988091918698e-05, -7.58494383596563e-06, -9.959789401796415e-05, 0.999999995011364], "world_rotation": [-0.6355533804968347, 0.04836239557336626, 0.7705407057602154, 0.00015671123003817592]}, {"color": "CVRed", "id_name": "object160233095320622", "shape": "CVSphere", "id_string": "ob13827", "world_size": [0.04, 0.04, 0.04], "id": 13827, "camera_size": [15, 16], "camera_position": [254, 277], "world_position": [0.6450001883590674, 0.6199748864041846, -0.15499316133194102], "world_orientation": [0.9999999999342423, -4.4361284112669945e-06, -1.0575268789233881e-05, 4.43292316753876e-06, 0.9999999540646467, -0.0003030693881617011, 1.0576612758179839e-05, 0.00030306934126241795, 0.9999999540185539], "world_rotation": [-0.9992848503438139, 0.03487115038281588, -0.014621584877176165, -0.0003032862644259723]}, {"color": "CVRed", "id_name": "object174695378254758", "shape": "CVCapsule", "id_string": "ob13834", "world_size": [0.04, 0.08, 0.04], "id": 13834, "camera_size": [17, 17], "camera_position": [272, 278], "world_position": [0.6450039776132489, 0.6399557170256664, -0.1099984418052327], "world_orientation": [0.9999999983652379, 5.682918342599724e-05, -6.322066091207739e-06, -5.682914069215602e-05, 0.9999999983623795, 6.7594482646836934e-06, 6.322450214780277e-06, -6.7590889760498776e-06, 0.9999999999571707], "world_rotation": [0.11739349492914572, 0.1098035929786702, 0.9869964226466554, -5.7577880513576664e-05]}, {"color": "CVYellow", "id_name": "object86969290512290", "shape": "CVCone", "id_string": "ob13841", "world_size": [0.04, 0.04, 0.04], "id": 13841, "camera_size": [16, 16], "camera_position": [289, 277], "world_position": [0.645, 0.6199874431539305, -0.065], "world_orientation": [1.0, 3.5778671692020784e-17, -3.6332864841185517e-17, -3.5778671692020784e-17, 1.0, 1.0733601507606489e-16, 3.6332864841185517e-17, -1.0733601507606489e-16, 1.0], "world_rotation": [0.9032531890035577, 0.3057480381601587, 0.3010843963345121, -1.18832699826363e-16]}, {"color": "CVPurple", "id_name": "object55749012761572", "shape": "CVCylinder", "id_string": "ob13848", "world_size": [0.04, 0.04, 0.04], "id": 13848, "camera_size": [17, 15], "camera_position": [219, 260], "world_position": [0.6899999978449699, 0.6199874421286488, -0.24500285170018302], "world_orientation": [0.9999999999847939, -1.0038000610921935e-07, -5.513808577211964e-06, 1.011039038314254e-07, 0.9999999913816852, 0.00013128830621092334, 5.513795350971303e-06, -0.00013128830676639453, 0.9999999913664893], "world_rotation": [0.9991189694701686, 0.041960661109614536, -0.0007666577544059748, -0.00013140407787083403]}, {"color": "CVRed", "id_name": "object129869831820446", "shape": "CVCone", "id_string": "ob13855", "world_size": [0.04, 0.04, 0.04], "id": 13855, "camera_size": [16, 15], "camera_position": [236, 260], "world_position": [0.6900087979733882, 0.6199726997762608, -0.19999840312880013], "world_orientation": [0.9999999248038794, 0.0003877903806022749, -3.2949244553431545e-06, -0.0003877904988173696, 0.9999999241629393, -3.595336937971176e-05, 3.2809818346664006e-06, 3.59546444165563e-05, 0.9999999993482493], "world_rotation": [-0.09231581004535036, 0.00844217610660875, 0.9956939895762431, -0.0003894675006309148]}, {"color": "CVRed", "id_name": "object59775222918950", "shape": "CVCapsule", "id_string": "ob13862", "world_size": [0.04, 0.08, 0.04], "id": 13862, "camera_size": [17, 16], "camera_position": [254, 261], "world_position": [0.6857529055397736, 0.6399468163011249, -0.15490652813290043], "world_orientation": [0.999977377821813, -0.0009757870999450734, -0.006655199782637771, 0.000981864614991709, 0.9999991039279617, 0.0009099918415231569, 0.006654305860799323, -0.0009165057606978293, 0.9999774398608708], "world_rotation": [0.13453738037949367, 0.9803604566667632, -0.14419801761730003, -0.00678811949589563]}, {"color": "CVYellow", "id_name": "object208005822072200", "shape": "CVCone", "id_string": "ob13869", "world_size": [0.04, 0.04, 0.04], "id": 13869, "camera_size": [17, 17], "camera_position": [272, 260], "world_position": [0.6896873209492325, 0.6199634988778975, -0.10923481694331624], "world_orientation": [0.9985173548263855, -0.00040123290487089, 0.05443281292266995, 0.00042437838462905527, 0.999999824396686, -0.00041365394223196193, -0.05443263739251476, 0.00043614074942990253, 0.9985173497580009], "world_rotation": [0.007805454956318468, 0.9999407822526338, 0.007583327825945072, 0.05446286940374849]}, {"color": "CVBlue", "id_name": "object62506820364084", "shape": "CVSphere", "id_string": "ob13876", "world_size": [0.04, 0.04, 0.04], "id": 13876, "camera_size": [16, 15], "camera_position": [289, 260], "world_position": [0.69, 0.6199874431539305, -0.065], "world_orientation": [1.0, 4.228388472693457e-17, -1.6957377686420176e-17, -4.228388472693457e-17, 1.0, 1.0733601507606494e-16, 1.6957377686420176e-17, -1.0733601507606494e-16, 1.0], "world_rotation": [0.92051720276698, 0.14542702990328832, 0.3626279889688094, -1.1660402951017529e-16]}, {"color": "CVPurple", "id_name": "object157438385247649", "shape": "CVSphere", "id_string": "ob13883", "world_size": [0.04, 0.04, 0.04], "id": 13883, "camera_size": [17, 16], "camera_position": [219, 242], "world_position": [0.7350463173249026, 0.61998744318523, -0.24506209520585706], "world_orientation": [0.9999997194305381, -4.610341585526954e-10, -0.0007490920137263476, 4.6081314631980553e-10, 1.0, -2.9521276281816976e-10, 0.0007490920137263478, 2.9486748854274115e-10, 0.9999997194305381], "world_rotation": [-3.938636646420829e-07, 0.9999999999997332, -6.153097937104807e-07, -0.0007490920837840031]}, {"color": "CVGreen", "id_name": "object102762621285607", "shape": "CVCylinder", "id_string": "ob13890", "world_size": [0.04, 0.04, 0.04], "id": 13890, "camera_size": [16, 16], "camera_position": [236, 242], "world_position": [0.7350018269317284, 0.6199770720126487, -0.1999619100825244], "world_orientation": [0.9999999618225289, -0.00024730433948070386, 0.00012327004681147825, 0.0002472909925553903, 0.9999999635615888, 0.00010827735707534007, -0.00012329681977999745, -0.00010824686936934284, 0.9999999865402547], "world_rotation": [-0.36479479366582684, 0.4154099090895314, 0.8332822846698074, 0.0002967753835618739]}, {"color": "CVPurple", "id_name": "object266929809530408", "shape": "CVSphere", "id_string": "ob13897", "world_size": [0.04, 0.04, 0.04], "id": 13897, "camera_size": [16, 17], "camera_position": [254, 230], "world_position": [0.7657523280515789, 0.6199805398201362, -0.1537159979861868], "world_orientation": [0.999984049859429, 0.0001302811372209908, -0.00564650808559265, -0.00012952415461491758, 0.999999982576363, 0.000134427552935444, 0.005646525500584413, -0.00013369404961076624, 0.9999840493106241], "world_rotation": [0.023729248431314215, 0.9994539677696646, 0.022993239840425905, -0.005649631712110432]}, {"color": "CVPurple", "id_name": "object98568405935632", "shape": "CVCylinder", "id_string": "ob13904", "world_size": [0.04, 0.04, 0.04], "id": 13904, "camera_size": [16, 16], "camera_position": [271, 242], "world_position": [0.7351477042860421, 0.6199785580253354, -0.10978828778667599], "world_orientation": [0.9999979208252542, 3.5769495909563315e-05, -0.002038888351963513, -3.5688189214881754e-05, 0.9999999985666, 3.991432160192162e-05, 0.0020388897767561337, -3.984147437977869e-05, 0.9999979206684058], "world_rotation": [0.019551899856105493, 0.9996553683250452, 0.01751764227671725, -0.002039593386455274]}, {"color": "CVPurple", "id_name": "object218354485998205", "shape": "CVSphere", "id_string": "ob13911", "world_size": [0.04, 0.04, 0.04], "id": 13911, "camera_size": [16, 16], "camera_position": [289, 242], "world_position": [0.735, 0.6199874431539305, -0.065], "world_orientation": [1.0, 4.228388472693457e-17, -1.6957377686420176e-17, -4.228388472693457e-17, 1.0, 1.0733601507606494e-16, 1.6957377686420176e-17, -1.0733601507606494e-16, 1.0], "world_rotation": [0.92051720276698, 0.14542702990328832, 0.3626279889688094, -1.1660402951017529e-16]}, {"color": "CVBlue", "id_name": "object103873635598811", "shape": "CVCone", "id_string": "ob13918", "world_size": [0.04, 0.04, 0.04], "id": 13918, "camera_size": [16, 16], "camera_position": [217, 224], "world_position": [0.7800597138156579, 0.6199874431346978, -0.24836085927284388], "world_orientation": [0.9999953110204627, 2.0773759686323268e-12, 0.0030623417654129545, -2.0359949320756215e-13, 1.0, -6.118773062105638e-10, -0.0030623417654129545, 6.118738136391642e-10, 0.9999953110204627], "world_rotation": [1.9980642488554532e-07, 0.9999999999999799, -3.7242339956988034e-10, 0.003062346551841285]}, {"color": "CVGreen", "id_name": "object1303206324102", "shape": "CVBox", "id_string": "ob13925", "world_size": [0.04, 0.04, 0.04], "id": 13925, "camera_size": [17, 16], "camera_position": [234, 224], "world_position": [0.78003362466585, 0.6199874431729346, -0.20610462640839036], "world_orientation": [0.9999728055157739, 1.7849470450497998e-10, 0.007374837551599012, -1.7438433767366498e-10, 1.0, -5.579931889529827e-10, -0.007374837551599012, 5.566919584541181e-10, 0.9999728055157739], "world_rotation": [7.557353905140674e-08, 0.9999999999999969, -2.392452984283923e-08, 0.007374904403960728]}, {"color": "CVGreen", "id_name": "object138941414943513", "shape": "CVCapsule", "id_string": "ob13932", "world_size": [0.04, 0.08, 0.04], "id": 13932, "camera_size": [16, 33], "camera_position": [253, 194], "world_position": [0.8577115524862248, 0.6199748863220143, -0.15522582778987926], "world_orientation": [5.247493490782942e-10, 0.999997973571835, -0.0020131696957923734, -1.0, 5.242400782121462e-10, -2.534973587379335e-10, -2.524414611810438e-10, 0.0020131696957923742, 0.9999979735718347], "world_rotation": [-0.0010065849746453827, 0.0010065847216759727, 0.9999989867864302, -1.5707973394844845]}, {"color": "CVPurple", "id_name": "object151979461597089", "shape": "CVCylinder", "id_string": "ob13939", "world_size": [0.04, 0.04, 0.04], "id": 13939, "camera_size": [16, 16], "camera_position": [271, 224], "world_position": [0.7799718403638416, 0.6199874431844682, -0.10993166080630129], "world_orientation": [0.9999996850422278, -5.42590449209727e-10, 0.000793672127069539, 5.424093634118978e-10, 1.0, 2.283772199107687e-10, -0.0007936721270695392, -2.2794665278845068e-10, 0.9999996850422278], "world_rotation": [-2.8747631240621375e-07, 0.9999999999997251, 6.835315085509247e-07, 0.0007936722103941694]}, {"color": "CVBlue", "id_name": "object63294743197819", "shape": "CVBox", "id_string": "ob13946", "world_size": [0.04, 0.04, 0.04], "id": 13946, "camera_size": [21, 21], "camera_position": [291, 222], "world_position": [0.7867091908114393, 0.6199874431572097, -0.06044676840570616], "world_orientation": [0.9448551517423907, 1.515021288052751e-10, -0.3274885375488184, 2.7372253637297807e-11, 1.0, 5.415913026966189e-10, 0.3274885375488184, -5.206894318048669e-10, 0.9448551517423907], "world_rotation": [1.6218594129315633e-09, 1.0, 1.895178928964397e-10, -0.33364430684292223]}, {"color": "CVGreen", "id_name": "object33834409776075", "shape": "CVSphere", "id_string": "ob13953", "world_size": [0.04, 0.04, 0.04], "id": 13953, "camera_size": [17, 17], "camera_position": [234, 280], "world_position": [0.639978812803804, 0.6599607108736284, -0.2050193357890293], "world_orientation": [0.9999999745537402, -0.00022369603100744253, 2.9199393348632308e-05, 0.0002236901142955699, 0.9999999544827841, 0.00020247756013210913, -2.9244685446174802e-05, -0.00020247102336417002, 0.9999999790751165], "world_rotation": [-0.6679433724423229, 0.09640072019130055, 0.7379421063721564, 0.00030313092876217094]}, {"color": "CVGreen", "id_name": "object234801615278470", "shape": "CVCylinder", "id_string": "ob13960", "world_size": [0.04, 0.04, 0.04], "id": 13960, "camera_size": [17, 17], "camera_position": [252, 280], "world_position": [0.6399865532966751, 0.6599633129606263, -0.1600039086052546], "world_orientation": [0.9999999902273895, -0.00010740724642593657, 8.949248207843894e-05, 0.00010742515888418503, 0.9999999741948519, -0.00020017525116746207, -8.94709794965338e-05, 0.00020018486295533708, 0.999999975960482], "world_rotation": [0.8198506483883096, 0.36647833996034507, 0.43993015431677157, 0.0002441664947682264]}, {"color": "CVYellow", "id_name": "object257793382988697", "shape": "CVBox", "id_string": "ob13967", "world_size": [0.04, 0.04, 0.04], "id": 13967, "camera_size": [16, 17], "camera_position": [270, 281], "world_position": [0.6400277896330381, 0.69993721597637, -0.11497525657672888], "world_orientation": [0.9999999693495902, 0.00024335934868156527, 4.5574621170221415e-05, -0.00024336048865863287, 0.9999999700750972, 2.5009543562010266e-05, -4.556853350017174e-05, -2.502063385753863e-05, 0.9999999986487383], "world_rotation": [-0.1005225559445543, 0.18312833047715327, -0.9779362097412204, 0.00024885050656446963]}, {"color": "CVRed", "id_name": "object44514887755479", "shape": "CVCylinder", "id_string": "ob13974", "world_size": [0.04, 0.04, 0.04], "id": 13974, "camera_size": [17, 17], "camera_position": [234, 262], "world_position": [0.6849986299011104, 0.6599617547373158, -0.20501071078816435], "world_orientation": [0.9999999546166951, 0.0002849747100331353, -9.775490921977045e-05, -0.00028496816249129725, 0.9999999571529732, 6.698655207413508e-05, 9.77739945045138e-05, -6.695869199721328e-05, 0.9999999929783899], "world_rotation": [0.21700032697237687, 0.31677000803491806, 0.9233458832438901, -0.0003086291344962422]}, {"color": "CVRed", "id_name": "object78661285250663", "shape": "CVCone", "id_string": "ob13981", "world_size": [0.04, 0.04, 0.04], "id": 13981, "camera_size": [17, 17], "camera_position": [252, 264], "world_position": [0.6807219156756464, 0.6999060953843311, -0.16000177682776912], "world_orientation": [0.9999768809191387, -0.0014714192421497508, -0.0066387161894909275, 0.001482509617159682, 0.9999975133872427, 0.0016659485485467588, 0.0066362483728238005, -0.0016757519939440478, 0.999976575757047], "world_rotation": [0.23862147697433791, 0.9479280415355322, -0.21093178707154528, -0.007002152304894102]}, {"color": "CVGreen", "id_name": "object78867852317422", "shape": "CVCapsule", "id_string": "ob13988", "world_size": [0.04, 0.08, 0.04], "id": 13988, "camera_size": [18, 18], "camera_position": [271, 261], "world_position": [0.6874185684841874, 0.6799390531742829, -0.1116599588734581], "world_orientation": [0.9974742197651425, -0.000982870043461422, 0.07102263632390664, 0.0010114916825406158, 0.9999994210867954, -0.0003670294954593671, -0.07102223446566848, 0.0004379412655278637, 0.9974746364790192], "world_rotation": [0.00566636798528906, 0.9998853962465071, 0.014038755173472745, 0.07109044071560772]}, {"color": "CVRed", "id_name": "object182905235612273", "shape": "CVSphere", "id_string": "ob13995", "world_size": [0.04, 0.04, 0.04], "id": 13995, "camera_size": [18, 18], "camera_position": [235, 244], "world_position": [0.7275486996308677, 0.6599668358628765, -0.2014413322282004], "world_orientation": [0.9927778474627694, -0.00013169902405305053, 0.11996719652703906, 0.00011695350092531123, 0.9999999847169614, 0.00012995366725028056, -0.11996721180834692, -0.00011498453841259456, 0.9927778476927692], "world_rotation": [-0.0010208537750019662, 0.9999989419338139, 0.0010363343199194714, 0.12025697577401621]}, {"color": "CVYellow", "id_name": "object9846042220846", "shape": "CVBox", "id_string": "ob14002", "world_size": [0.04, 0.04, 0.04], "id": 14002, "camera_size": [16, 16], "camera_position": [252, 238], "world_position": [0.7431054155120983, 0.6599714590019098, -0.15914557285532543], "world_orientation": [0.9999723624560333, -0.0002468464047837919, -0.007430571374530272, 0.00024816794900093115, 0.9999999535540799, 0.00017693079889538255, 0.0074305273546789435, -0.00017876993862057315, 0.9999723772707626], "world_rotation": [0.02391491404769492, 0.9991598590582182, -0.033281420234912686, -0.007436865874079371]}, {"color": "CVYellow", "id_name": "object178960762646811", "shape": "CVCone", "id_string": "ob14009", "world_size": [0.04, 0.04, 0.04], "id": 14009, "camera_size": [17, 16], "camera_position": [271, 243], "world_position": [0.7308930081518837, 0.6599696089760909, -0.11214107373538827], "world_orientation": [0.999868917971887, -0.0001119574092136568, 0.016190563278239728, 0.0001140141926516216, 0.9999999855481426, -0.00012611295908983305, -0.016190548924975845, 0.0001279423819481284, 0.9998689162866576], "world_rotation": [0.007845355497895735, 0.9999448766303111, 0.006978115641336462, 0.01619215617877286]}, {"color": "CVGreen", "id_name": "object167907703770377", "shape": "CVBox", "id_string": "ob14016", "world_size": [0.04, 0.04, 0.04], "id": 14016, "camera_size": [17, 18], "camera_position": [245, 269], "world_position": [0.6685636140294372, 0.7398432400746212, -0.17519665398854792], "world_orientation": [0.9999980137895094, -0.001908037355673434, -0.000576029934657878, 0.001909376927017982, 0.9999954533506096, 0.0023340003983510506, 0.0005715739557035449, -0.0023350956208014746, 0.9999971103116523], "world_rotation": [0.7605348798085168, 0.18692971471214878, -0.6218070266186124, -0.0030696181566357886]}, {"color": "CVBlue", "id_name": "object175986240371205", "shape": "CVBox", "id_string": "ob14023", "world_size": [0.04, 0.04, 0.04], "id": 14023, "camera_size": [20, 20], "camera_position": [267, 268], "world_position": [0.6710460798780171, 0.7399317532878577, -0.12353218924812297], "world_orientation": [0.9815037680803362, -0.0002816815119820754, 0.1914426125491068, 0.00030416220425670077, 0.9999999498670424, -8.804127514035651e-05, -0.19144257815192287, 0.0001446424503184554, 0.9815038045515192], "world_rotation": [0.0006077106552354764, 0.9999986447787517, 0.0015300746451391762, 0.192631981468432]}, {"color": "CVPurple", "id_name": "object31915767857173", "shape": "CVCylinder", "id_string": "ob14030", "world_size": [0.04, 0.04, 0.04], "id": 14030, "camera_size": [17, 18], "camera_position": [234, 207], "world_position": [0.824123793209533, 0.6199874431751718, -0.20523845071807065], "world_orientation": [-5.75880676478846e-10, 0.0313714987138593, 0.999507793400555, 1.0, 2.151320233068077e-10, 5.694119620258675e-10, -1.9716289711979584e-10, 0.999507793400555, -0.03137149871385925], "world_rotation": [0.5832946340351772, 0.5832946344825364, 0.5652740391081594, 2.1126041654382712]}, {"color": "CVYellow", "id_name": "object54283470130550", "shape": "CVSphere", "id_string": "ob14037", "world_size": [0.04, 0.04, 0.04], "id": 14037, "camera_size": [19, 21], "camera_position": [286, 184], "world_position": [0.884707173070826, 0.6199874431195701, -0.07382749150037612], "world_orientation": [0.24889866249966364, 2.2764136076035425e-10, 0.968529532748423, 4.76883896911334e-10, 1.0, -3.5759067034992965e-10, -0.968529532748423, 5.50879977423237e-10, 0.24889866249966364], "world_rotation": [4.689948096859651e-10, 1.0, 1.2867059171840496e-10, 1.3192533613964663]}], "source": "manual check"}
