{"timestamp": 1721664939.224006, "objects": [{"color": "cv_", "id_name": "hand", "shape": "CVBox", "id_string": "ob383", "world_size": [0.12, 0.005, 0.12], "id": 383, "camera_size": [48, 49], "camera_position": [246, 391], "world_position": [0.3627676335186278, 0.6555210028854712, -0.1740898403166892], "world_orientation": [-4.107267133162811e-06, -0.0015810351852290835, 0.9999987501546557, -0.0007631202220102595, -0.99999845898222, -0.0015810378592167349, 0.9999997088152863, -0.0007631257619732374, 2.900740882596708e-06], "world_rotation": [0.0, 1.0, 0.0, 0.0]}, {"color": "CVYellow", "id_name": "object186530236133676", "shape": "CVBox", "id_string": "ob9949", "world_size": [0.04, 0.04, 0.04], "id": 9949, "camera_size": [16, 16], "camera_position": [256, 245], "world_position": [0.7259372281045127, 0.6199749898694032, -0.14978134609880792], "world_orientation": [0.9998295067762623, -0.0003376363500604711, 0.018461944134658403, 0.000351606866045615, 0.999999654320989, -0.0007534789407552159, -0.018461683350872414, 0.0007598418240198839, 0.9998292798714462], "world_rotation": [0.04094365903508645, 0.9989874250689956, 0.01864782397054328, 0.018481578764442688]}, {"color": "CVPurple", "id_name": "object192960471666567", "shape": "CVBox", "id_string": "ob9956", "world_size": [0.04, 0.04, 0.04], "id": 9956, "camera_size": [18, 18], "camera_position": [219, 295], "world_position": [0.5992482561575883, 0.6199874431890876, -0.24360848298914983], "world_orientation": [0.994092439894936, -3.446283639208568e-11, -0.10853672624385237, -2.4606214450902984e-11, 1.0, -5.428917030330913e-10, 0.10853672624385237, 5.423552156286379e-10, 0.994092439894936], "world_rotation": [-4.999445608039973e-09, 1.0, -4.5406851129071065e-11, -0.10875096165081621]}, {"color": "CVRed", "id_name": "object232663616836167", "shape": "CVCone", "id_string": "ob9963", "world_size": [0.04, 0.04, 0.04], "id": 9963, "camera_size": [17, 17], "camera_position": [236, 295], "world_position": [0.6003625684858954, 0.6199874431844234, -0.2006555737376251], "world_orientation": [0.9989810175971863, -4.561434255741926e-10, 0.04513232190449125, 4.442734421491215e-10, 1.0, 2.730347060524766e-10, -0.04513232190449125, -2.527053964869607e-10, 0.9989810175971863], "world_rotation": [-5.824430035441179e-09, 1.0, 9.97529962704745e-09, 0.045147657836097324]}, {"color": "CVPurple", "id_name": "object83549074425839", "shape": "CVSphere", "id_string": "ob9970", "world_size": [0.04, 0.04, 0.04], "id": 9970, "camera_size": [16, 17], "camera_position": [253, 295], "world_position": [0.6009492345948498, 0.6199826318846966, -0.15513154185744807], "world_orientation": [0.9999580803111126, 0.0004381108586099064, 0.009145801189079568, -0.0004375383756609494, 0.9999999021937628, -6.459593417273483e-05, -0.009145828594743352, 6.059158733488521e-05, 0.9999581741992888], "world_rotation": [0.0068359901187585, 0.9988327826315421, -0.047815704320095985, 0.009156630474725166]}, {"color": "CVRed", "id_name": "object122282454903937", "shape": "CVCone", "id_string": "ob9977", "world_size": [0.04, 0.04, 0.04], "id": 9977, "camera_size": [16, 17], "camera_position": [271, 295], "world_position": [0.5999970814317014, 0.6199874436588081, -0.10999999850442714], "world_orientation": [0.9999999911516911, -0.00013294639735812828, 4.67690605796842e-06, 0.00013294639782107087, 0.9999999911626227, -9.867403967612458e-08, -4.6768928982787165e-06, 9.929581661791719e-08, 0.9999999999890584], "world_rotation": [0.0007440871653791182, 0.03515707836117452, 0.999381521830075, 0.00013302867331213433]}, {"color": "CVGreen", "id_name": "object280515800039852", "shape": "CVCapsule", "id_string": "ob9984", "world_size": [0.04, 0.08, 0.04], "id": 9984, "camera_size": [17, 18], "camera_position": [290, 295], "world_position": [0.6, 0.6399748858658902, -0.065], "world_orientation": [1.0, -1.5612511283791513e-17, -1.789043210782128e-17, 1.5612511283791513e-17, 1.0, -1.4831885719601688e-16, 1.789043210782128e-17, 1.4831885719601688e-16, 1.0], "world_rotation": [-0.9874262572950706, 0.11910476355862816, -0.10393960603106182, -1.5020752800550153e-16]}, {"color": "CVYellow", "id_name": "object101167277632141", "shape": "CVCylinder", "id_string": "ob9991", "world_size": [0.04, 0.04, 0.04], "id": 9991, "camera_size": [18, 18], "camera_position": [218, 278], "world_position": [0.6430261113855039, 0.6199841715328205, -0.2451738940976363], "world_orientation": [0.9952178676463939, 0.00010365896120280901, -0.09768001419013471, -9.356422803590155e-05, 0.9999999897989063, 0.00010792554361205254, 0.09768002438114147, -9.827007425592893e-05, 0.9952178671928534], "world_rotation": [0.001055463540297599, 0.9999989334163882, 0.0010095359333773533, -0.09783612852525131]}, {"color": "CVYellow", "id_name": "object62053177596941", "shape": "CVCone", "id_string": "ob9998", "world_size": [0.04, 0.04, 0.04], "id": 9998, "camera_size": [16, 16], "camera_position": [236, 277], "world_position": [0.6449980404934225, 0.6199781567818671, -0.19999477147455014], "world_orientation": [0.9999999737256388, -0.00022800432503440748, 2.3722343427101923e-05, 0.00022800982042367937, 0.9999999471145584, -0.00023191033307572083, -2.3669465613539918e-05, 0.00023191573590969325, 0.9999999728274237], "world_rotation": [0.7112010644701623, 0.07266755210762219, 0.6992227633359729, 0.00032608646160485916]}, {"color": "CVBlue", "id_name": "object230232972946445", "shape": "CVSphere", "id_string": "ob10005", "world_size": [0.04, 0.04, 0.04], "id": 10005, "camera_size": [15, 16], "camera_position": [254, 278], "world_position": [0.6429140590192606, 0.6199764268173855, -0.1549703200218361], "world_orientation": [0.9999908414363221, -0.0002230827604921387, -0.004274023579577892, 0.00022349735392659617, 0.9999999703658603, 9.652570298028516e-05, 0.004274001919700601, -9.748005190414847e-05, 0.9999908616608605], "world_rotation": [0.02265924360885519, 0.9983816834621051, -0.05215911048366775, -0.004280953742568759]}, {"color": "CVGreen", "id_name": "object111164120167169", "shape": "CVCone", "id_string": "ob10012", "world_size": [0.04, 0.04, 0.04], "id": 10012, "camera_size": [16, 16], "camera_position": [271, 277], "world_position": [0.6450021670047593, 0.6199781535982435, -0.10999737359092254], "world_orientation": [0.9999999975935011, 6.729540810016886e-05, -1.6861963920238404e-05, -6.729705473319769e-05, 0.9999999929656277, -9.767216107829372e-05, 1.6855390913671808e-05, 9.767329560375694e-05, 0.9999999950879117], "world_rotation": [-0.8152721137507992, 0.14071900935105558, 0.5617201624897947, -0.00011980383840839834]}, {"color": "CVYellow", "id_name": "object133515093251540", "shape": "CVCylinder", "id_string": "ob10019", "world_size": [0.04, 0.04, 0.04], "id": 10019, "camera_size": [16, 16], "camera_position": [289, 277], "world_position": [0.645, 0.6199874431539305, -0.065], "world_orientation": [1.0, 3.5778671692020784e-17, -3.6332864841185517e-17, -3.5778671692020784e-17, 1.0, 1.0733601507606489e-16, 3.6332864841185517e-17, -1.0733601507606489e-16, 1.0], "world_rotation": [0.9032531890035577, 0.3057480381601587, 0.3010843963345121, -1.18832699826363e-16]}, {"color": "CVPurple", "id_name": "object249438471024868", "shape": "CVCapsule", "id_string": "ob10026", "world_size": [0.04, 0.08, 0.04], "id": 10026, "camera_size": [19, 17], "camera_position": [218, 260], "world_position": [0.6903623095113595, 0.6399748865827857, -0.24534190971473538], "world_orientation": [0.9998311512845988, -1.5134114718761066e-05, 0.018375763708552626, 1.1303549014115884e-05, 0.9999999781871977, 0.0002085613433566109, -0.01837576646411702, -0.00020831841669595138, 0.9998311296465486], "world_rotation": [-0.011342462022204363, 0.9999354134843205, 0.0007193157969774247, 0.018377986500840177]}, {"color": "CVGreen", "id_name": "object41355084602865", "shape": "CVBox", "id_string": "ob10033", "world_size": [0.04, 0.04, 0.04], "id": 10033, "camera_size": [18, 17], "camera_position": [236, 261], "world_position": [0.6880526241742388, 0.6199748862895352, -0.20015364227828136], "world_orientation": [0.995964660359414, -4.036219346410819e-05, 0.089746273939649, 3.163922612583854e-05, 0.9999999946366764, 9.861849140532462e-05, -0.0897462774387693, -9.538102964253395e-05, 0.9959646562947616], "world_rotation": [-0.00108082140811343, 0.9999993354562754, 0.00040113849398717955, 0.08986724964700178]}, {"color": "CVYellow", "id_name": "object62878186399525", "shape": "CVCapsule", "id_string": "ob10040", "world_size": [0.04, 0.08, 0.04], "id": 10040, "camera_size": [17, 17], "camera_position": [254, 262], "world_position": [0.6858411869007146, 0.6399353953174073, -0.1550455194135924], "world_orientation": [0.9998355304049369, -0.0015759223887522815, 0.018067335401303338, 0.001526004438984873, 0.9999949816174132, 0.0027763375951088, -0.018071620025076836, -0.0027483101379657576, 0.999832917712282], "world_rotation": [-0.15057573621727574, 0.984976795329924, 0.08454383670154944, 0.018346108736017237]}, {"color": "CVGreen", "id_name": "object6820319614773", "shape": "CVCapsule", "id_string": "ob10047", "world_size": [0.04, 0.08, 0.04], "id": 10047, "camera_size": [17, 17], "camera_position": [272, 260], "world_position": [0.6897067014525837, 0.6399482884173311, -0.10912201054241327], "world_orientation": [0.9999487117294021, -0.0014340809419482964, -0.01002583276147017, 0.0014229740542055578, 0.999998366100602, -0.0011148726238542274, 0.010027415197850626, 0.001100548944074046, 0.9999491185737761], "world_rotation": [-0.10872409945281328, 0.9841338357647098, -0.14021292201938412, -0.010188449055889911]}, {"color": "CVYellow", "id_name": "object66325990682365", "shape": "CVCylinder", "id_string": "ob10054", "world_size": [0.04, 0.04, 0.04], "id": 10054, "camera_size": [16, 15], "camera_position": [289, 260], "world_position": [0.69, 0.6199874431539305, -0.065], "world_orientation": [1.0, 4.228388472693457e-17, -1.6957377686420176e-17, -4.228388472693457e-17, 1.0, 1.0733601507606494e-16, 1.6957377686420176e-17, -1.0733601507606494e-16, 1.0], "world_rotation": [0.92051720276698, 0.14542702990328832, 0.3626279889688094, -1.1660402951017529e-16]}, {"color": "CVRed", "id_name": "object6767158561790", "shape": "CVBox", "id_string": "ob10061", "world_size": [0.04, 0.04, 0.04], "id": 10061, "camera_size": [18, 16], "camera_position": [218, 242], "world_position": [0.7341969688055969, 0.6199836210709799, -0.2460826386420208], "world_orientation": [0.9985869592400853, 0.00011280396341205159, 0.05314199950045124, -9.151042878774344e-05, 0.9999999145583043, -0.00040312433015995947, -0.05314204043393086, 0.0003976916518892056, 0.9985868842418615], "world_rotation": [0.007534449878489348, 0.9999697679857227, -0.0019222849967907628, 0.05316867355562369]}, {"color": "CVPurple", "id_name": "object174484180454583", "shape": "CVBox", "id_string": "ob10068", "world_size": [0.04, 0.04, 0.04], "id": 10068, "camera_size": [17, 17], "camera_position": [238, 240], "world_position": [0.7401226430744943, 0.6199787042723353, -0.19617333038982032], "world_orientation": [0.9989187810114194, -0.00038114634933304937, 0.046487887348429964, 0.00037823719288227565, 0.9999999259210958, 7.137526870456027e-05, -0.046487911109081306, -5.3714648395024e-05, 0.998918851176336], "world_rotation": [-0.0013453568981222066, 0.9999657423519751, 0.00816726008401247, 0.046506254236611505]}, {"color": "CVYellow", "id_name": "object41779628403954", "shape": "CVCylinder", "id_string": "ob10075", "world_size": [0.04, 0.04, 0.04], "id": 10075, "camera_size": [17, 17], "camera_position": [254, 230], "world_position": [0.7658209067784544, 0.6199805405602036, -0.15512697232673867], "world_orientation": [0.9998359580565611, 8.209845289004996e-06, 0.01811234136485754, -9.503161784978411e-06, 0.9999999974116314, 7.131919469021255e-05, -0.01811234073245657, -7.147961986120602e-05, 0.9998359555466364], "world_rotation": [-0.003941999755607383, 0.9999921107408718, -0.0004889723333912704, 0.018113474425475888]}, {"color": "CVPurple", "id_name": "object211641922365320", "shape": "CVBox", "id_string": "ob10082", "world_size": [0.04, 0.04, 0.04], "id": 10082, "camera_size": [17, 17], "camera_position": [272, 242], "world_position": [0.73580204861126, 0.6199650794847575, -0.109223896618675], "world_orientation": [0.9993709189845514, 0.0007213179245342702, 0.03545766473451442, -0.0007400409577330555, 0.9999995935994679, 0.0005149177409824013, -0.035457278905104375, -0.0005408339401761413, 0.9993710466444858], "world_rotation": [-0.01488276839478952, 0.999677008100835, -0.020600550465225378, 0.0354763691266209]}, {"color": "CVYellow", "id_name": "object131733197125331", "shape": "CVCone", "id_string": "ob10089", "world_size": [0.04, 0.04, 0.04], "id": 10089, "camera_size": [16, 16], "camera_position": [289, 242], "world_position": [0.735, 0.6199874431539305, -0.065], "world_orientation": [1.0, 4.228388472693457e-17, -1.6957377686420176e-17, -4.228388472693457e-17, 1.0, 1.0733601507606494e-16, 1.6957377686420176e-17, -1.0733601507606494e-16, 1.0], "world_rotation": [0.92051720276698, 0.14542702990328832, 0.3626279889688094, -1.1660402951017529e-16]}, {"color": "CVPurple", "id_name": "object264655093396848", "shape": "CVCylinder", "id_string": "ob10096", "world_size": [0.04, 0.04, 0.04], "id": 10096, "camera_size": [17, 16], "camera_position": [219, 224], "world_position": [0.7800081052941649, 0.6199814240230275, -0.2449925543966528], "world_orientation": [0.9999999334006449, 0.0003642236127870618, 2.323501261271289e-05, -0.0003642152282924094, 0.999999868929274, -0.0003598453866804245, -2.336607375406746e-05, 0.00035983690016953054, 0.9999999349857138], "world_rotation": [0.7020915049386482, 0.04546204270531128, -0.7106340277287911, 0.00051252743644937]}, {"color": "CVBlue", "id_name": "object185108455443457", "shape": "CVSphere", "id_string": "ob10103", "world_size": [0.04, 0.04, 0.04], "id": 10103, "camera_size": [16, 17], "camera_position": [236, 224], "world_position": [0.7811155243740568, 0.6199809011465155, -0.2000307896204225], "world_orientation": [0.9994892437550487, -0.0002475074725782826, 0.03195606918899675, 0.00023637003557488233, 0.9999999100067444, 0.00035230059537684586, -0.031956153510196, -0.00034456719843662124, 0.9994892123111078], "world_rotation": [-0.010902553162558093, 0.9999119085444742, 0.0075703028661102505, 0.03196436949072005]}, {"color": "CVGreen", "id_name": "object111947981418814", "shape": "CVCylinder", "id_string": "ob10110", "world_size": [0.04, 0.04, 0.04], "id": 10110, "camera_size": [16, 16], "camera_position": [252, 214], "world_position": [0.8060177796457745, 0.6199874315454345, -0.15770794947492311], "world_orientation": [0.9999876762990239, 0.0004122415432674046, 0.0049474545969465135, -0.00041227224788368654, 0.9999999150023444, 5.186290331766762e-06, -0.004947452038420142, -7.225924645454273e-06, 0.9999877612581635], "world_rotation": [-0.001250071108947022, 0.9965454943618295, -0.08303923764919523, 0.0049646239629317105]}, {"color": "CVYellow", "id_name": "object113256353637856", "shape": "CVSphere", "id_string": "ob10117", "world_size": [0.04, 0.04, 0.04], "id": 10117, "camera_size": [16, 16], "camera_position": [271, 224], "world_position": [0.78, 0.6199874431539305, -0.11], "world_orientation": [1.0, 4.228388472693457e-17, -1.6957377686420176e-17, -4.228388472693457e-17, 1.0, 1.0733601507606494e-16, 1.6957377686420176e-17, -1.0733601507606494e-16, 1.0], "world_rotation": [0.92051720276698, 0.14542702990328832, 0.3626279889688094, -1.1660402951017529e-16]}, {"color": "CVPurple", "id_name": "object204021337583788", "shape": "CVCone", "id_string": "ob10124", "world_size": [0.04, 0.04, 0.04], "id": 10124, "camera_size": [16, 16], "camera_position": [289, 224], "world_position": [0.78, 0.6199874431539305, -0.065], "world_orientation": [1.0, 4.228388472693457e-17, -1.6957377686420176e-17, -4.228388472693457e-17, 1.0, 1.0733601507606494e-16, 1.6957377686420176e-17, -1.0733601507606494e-16, 1.0], "world_rotation": [0.92051720276698, 0.14542702990328832, 0.3626279889688094, -1.1660402951017529e-16]}, {"color": "CVRed", "id_name": "object141933916610915", "shape": "CVBox", "id_string": "ob10131", "world_size": [0.04, 0.04, 0.04], "id": 10131, "camera_size": [17, 17], "camera_position": [233, 280], "world_position": [0.6405287069095892, 0.6599702191233399, -0.20751603995847065], "world_orientation": [0.9989115244865151, -0.0001378602772991567, 0.04664490585873628, 0.00015368066482385404, 0.9999999318839995, -0.00033558046664382404, -0.046644856418255665, 0.0003423836156660948, 0.9989114776311163], "world_rotation": [0.007267066109971885, 0.9999687115291052, 0.0031250140758974686, 0.0466632733644882]}, {"color": "CVRed", "id_name": "object170478158010733", "shape": "CVCone", "id_string": "ob10138", "world_size": [0.04, 0.04, 0.04], "id": 10138, "camera_size": [17, 17], "camera_position": [252, 282], "world_position": [0.6360699719059534, 0.6599675954797909, -0.15982388914098483], "world_orientation": [0.999991370453435, 3.8003327088312387e-06, 0.0041543957705641645, -3.969356494639307e-06, 0.9999999991648014, 4.0677283669637934e-05, -0.004154395612507208, -4.069342292095758e-05, 0.9999913696333285], "world_rotation": [-0.009792852587886619, 0.9999516116691134, -0.0009350714060540692, 0.004154608677486156]}, {"color": "CVRed", "id_name": "object1998907413391", "shape": "CVCylinder", "id_string": "ob10145", "world_size": [0.04, 0.04, 0.04], "id": 10145, "camera_size": [17, 17], "camera_position": [270, 280], "world_position": [0.6399896243794682, 0.6599694406784256, -0.11497240517817645], "world_orientation": [0.9999999850026641, -0.00016764693660998, 4.34646564875762e-05, 0.00016765715852133217, 0.9999999582670419, -0.00023528066626113484, -4.3425210590698754e-05, 0.00023528794989335932, 0.9999999713769157], "world_rotation": [0.8053461918244204, 0.14870609972137325, 0.5738501609475779, 0.00029215300676009776]}, {"color": "CVBlue", "id_name": "object75619892245450", "shape": "CVCone", "id_string": "ob10152", "world_size": [0.04, 0.04, 0.04], "id": 10152, "camera_size": [18, 18], "camera_position": [234, 261], "world_position": [0.6867684914387273, 0.6599618891951635, -0.20318820905432516], "world_orientation": [0.9958706919013492, -6.215835105430497e-05, 0.0907830443875273, 4.813552442320262e-05, 0.9999999865711352, 0.00015665471788445047, -0.09078305290581301, -0.00015163795283886975, 0.9958706815199612], "world_rotation": [-0.0016979610952872403, 0.9999983739604016, 0.0006074575473035962, 0.09090836064845864]}, {"color": "CVPurple", "id_name": "object107584766144798", "shape": "CVCylinder", "id_string": "ob10159", "world_size": [0.04, 0.04, 0.04], "id": 10159, "camera_size": [18, 18], "camera_position": [251, 263], "world_position": [0.6820034926760886, 0.6998675753252309, -0.16079287392591893], "world_orientation": [0.9996863093093544, -0.003118068383092182, -0.02485076717125958, 0.0032314886497298986, 0.999984539886624, 0.004525203735044162, 0.024836273080888337, -0.004604089192810203, 0.9996809300482611], "world_rotation": [0.17930024084550444, 0.9758585198781907, -0.12470594538309322, -0.025460867515326294]}, {"color": "CVRed", "id_name": "object5824980881480", "shape": "CVBox", "id_string": "ob10166", "world_size": [0.04, 0.04, 0.04], "id": 10166, "camera_size": [18, 18], "camera_position": [270, 263], "world_position": [0.6821946365292157, 0.6999381389357029, -0.11435667122978861], "world_orientation": [0.9966190978825441, -0.0039695626796205025, 0.08206470805356475, 0.004025589899537863, 0.9999917634938102, -0.0005172721726113699, -0.0820619787827773, 0.0008458821858766454, 0.9966268690546041], "world_rotation": [0.00829537863628099, 0.9987812481749422, 0.048653930852351285, 0.08225620766511649]}, {"color": "CVPurple", "id_name": "object14958242628673", "shape": "CVCylinder", "id_string": "ob10173", "world_size": [0.04, 0.04, 0.04], "id": 10173, "camera_size": [17, 17], "camera_position": [233, 244], "world_position": [0.7293052229437913, 0.6599660946096413, -0.20702394881825031], "world_orientation": [0.9973429912008344, -0.00035423093067042384, 0.07284800905323753, 0.0003586623993692644, 0.9999999345405886, -4.7750415979009954e-05, -0.07284798736997544, 7.375138441989786e-05, 0.9973430529646643], "world_rotation": [0.0008339302841782942, 0.9999876816799984, 0.004892959078441373, 0.07291348433508996]}, {"color": "CVRed", "id_name": "object9746589808540", "shape": "CVCylinder", "id_string": "ob10180", "world_size": [0.04, 0.04, 0.04], "id": 10180, "camera_size": [17, 18], "camera_position": [255, 239], "world_position": [0.740544207966209, 0.6599740004677266, -0.15244020100435515], "world_orientation": [0.9954232099534381, -0.0009258214321876002, -0.0955603261854476, 0.0008292503030179618, 0.9999991046219732, -0.0010502852883492722, 0.09556121299946116, 0.0009662349236497282, 0.9954230864110718], "world_rotation": [-0.01054995152532732, 0.9999021888542978, -0.009182115616652178, -0.09571620260419007]}, {"color": "CVRed", "id_name": "object148541354342614", "shape": "CVCylinder", "id_string": "ob10187", "world_size": [0.04, 0.04, 0.04], "id": 10187, "camera_size": [17, 17], "camera_position": [273, 240], "world_position": [0.7392591603920283, 0.659944892432403, -0.10846625070274668], "world_orientation": [0.9999177735049037, 0.0011621066015411452, -0.012770894144226158, -0.0011541666415487459, 0.9999991360811938, 0.0006290756945922832, 0.012771614164228095, -0.0006142842278987503, 0.9999182509218079], "world_rotation": [0.048422274330234806, 0.9947452238257203, 0.09020655754769205, -0.012839071480552154]}, {"color": "CVBlue", "id_name": "object73676572414870", "shape": "CVCapsule", "id_string": "ob10194", "world_size": [0.04, 0.08, 0.04], "id": 10194, "camera_size": [18, 18], "camera_position": [244, 270], "world_position": [0.6671616099269385, 0.7597082940167793, -0.17604029207927124], "world_orientation": [0.9998274894339958, -0.004716513810375604, -0.017965129267264335, 0.004827179710814318, 0.9999696113196948, 0.006121664249049082, 0.017935710416721273, -0.006207329104785671, 0.9998198734558302], "world_rotation": [0.3149955426057058, 0.9172366430662505, -0.2438334447016907, -0.019571357051396995]}, {"color": "CVYellow", "id_name": "object226341753816766", "shape": "CVSphere", "id_string": "ob10201", "world_size": [0.04, 0.04, 0.04], "id": 10201, "camera_size": [18, 18], "camera_position": [263, 269], "world_position": [0.6682644581854661, 0.7398909182696806, -0.13226932933605776], "world_orientation": [0.9999859023100393, -0.004037573480102107, 0.003448649238389092, 0.004040299782625553, 0.9999915306708509, -0.0007839414743719189, -0.003445454809336704, 0.0007978639993762473, 0.9999937461075421], "world_rotation": [0.14732307889369226, 0.6420894676244687, 0.7523410303785174, 0.005368517559671262]}, {"color": "CVBlue", "id_name": "object226293324521941", "shape": "CVBox", "id_string": "ob10208", "world_size": [0.04, 0.04, 0.04], "id": 10208, "camera_size": [18, 19], "camera_position": [227, 222], "world_position": [0.7843000770787573, 0.6599710964543439, -0.22108749561822422], "world_orientation": [-0.9928422901650007, -0.119432754996523, 6.240077818326503e-05, 5.895044417562195e-05, 3.242229521172037e-05, 0.9999999977368201, -0.11943275674940157, 0.9928422915965736, -2.5149611874608634e-05], "world_rotation": [-0.04231804675532083, 0.7064835527199477, 0.7064631431681452, 3.0569211430845473]}, {"color": "CVPurple", "id_name": "object255151483105303", "shape": "CVCapsule", "id_string": "ob10215", "world_size": [0.04, 0.08, 0.04], "id": 10215, "camera_size": [19, 19], "camera_position": [271, 246], "world_position": [0.7231996142894167, 0.7199514080539492, -0.11512922003724381], "world_orientation": [0.9934420724491867, 0.0011123677981714378, 0.11433114766215886, -0.0010348996111232767, 0.9999991929579444, -0.0007369302916615768, -0.11433187512964034, 0.0006137762959440136, 0.9934424218886564], "world_rotation": [0.00590661078499976, 0.9999384684626063, -0.009389954083589726, 0.1145891543776576]}], "source": "manual check"}
