{"timestamp": 1721663955.014599, "objects": [{"color": "cv_", "id_name": "hand", "shape": "CVBox", "id_string": "ob383", "world_size": [0.12, 0.005, 0.12], "id": 383, "camera_size": [48, 49], "camera_position": [246, 391], "world_position": [0.3627070276215858, 0.6554852666618092, -0.17408986404957955], "world_orientation": [-4.077182348684559e-06, -0.0015808353307935007, 0.9999987504707362, -0.0007631201690107292, -0.9999984592982545, -0.0015808379818808634, 0.9999997088154498, -0.0007631256608347758, 2.870808742512921e-06], "world_rotation": [0.0, 1.0, 0.0, 0.0]}, {"color": "CVGreen", "id_name": "object26345152846937", "shape": "CVCone", "id_string": "ob1486", "world_size": [0.04, 0.04, 0.04], "id": 1486, "camera_size": [15, 15], "camera_position": [256, 253], "world_position": [0.7076647850240015, 0.6199625208723967, -0.15007712171560977], "world_orientation": [0.9999993567515286, 3.896801798961489e-06, -0.0011342316094741223, -3.6079124094302405e-06, 0.999999967556819, 0.00025470246243450447, 0.0011342325652010544, -0.00025469820638923614, 0.9999993243224277], "world_rotation": [0.2191001002731164, 0.9756970466587263, 0.0032278788313657544, -0.0011624841406283758]}, {"color": "CVGreen", "id_name": "object173031123440309", "shape": "CVCapsule", "id_string": "ob1493", "world_size": [0.04, 0.08, 0.04], "id": 1493, "camera_size": [18, 18], "camera_position": [218, 295], "world_position": [0.5999999926482404, 0.6399748858658986, -0.24500000006799227], "world_orientation": [0.9999999999999837, -8.782147438631126e-11, -1.817267755692397e-07, 8.782147443687368e-11, 1.0, 2.777203657055203e-13, 1.817267755692397e-07, -2.777363542229866e-13, 0.9999999999999837], "world_rotation": [1.5282741173581379e-06, 0.9999998832282261, -0.00048326100477726395, -1.817267967898011e-07]}, {"color": "CVRed", "id_name": "object162166046283587", "shape": "CVBox", "id_string": "ob1500", "world_size": [0.04, 0.04, 0.04], "id": 1500, "camera_size": [19, 19], "camera_position": [237, 296], "world_position": [0.5978164056269709, 0.6199817131279227, -0.19787813454282857], "world_orientation": [0.9878463105824223, -5.15132749066482e-05, -0.15543379302802518, 4.202851237001373e-05, 0.9999999970490728, -6.430753361882059e-05, 0.15543379588204298, 5.699330873501054e-05, 0.987846309832386], "world_rotation": [-0.00039020094714005036, 0.9999998785995347, -0.00030090552781205634, -0.1560665888128856]}, {"color": "CVRed", "id_name": "object170765034567007", "shape": "CVSphere", "id_string": "ob1507", "world_size": [0.04, 0.04, 0.04], "id": 1507, "camera_size": [17, 18], "camera_position": [254, 300], "world_position": [0.5863369350646815, 0.61998297556726, -0.15465350199245165], "world_orientation": [0.997098876251045, -0.0004877688167717815, -0.07611565581721674, 0.00047548429868051937, 0.9999998708445341, -0.00017951489398216515, 0.07611573354823117, 0.0001428022998350851, 0.9970989793966887], "world_rotation": [-0.0021172375846710114, 0.9999777402938017, -0.006327418265943921, -0.07619108354465431]}, {"color": "CVBlue", "id_name": "object215431223414866", "shape": "CVSphere", "id_string": "ob1514", "world_size": [0.04, 0.04, 0.04], "id": 1514, "camera_size": [16, 19], "camera_position": [271, 296], "world_position": [0.5990145920782769, 0.6222377743938466, -0.10989275712022092], "world_orientation": [0.9927290677154519, -0.12020263926347038, -0.00635008873213733, 0.12020485379346388, 0.9927491082975595, -3.314954715968421e-05, 0.0063080295894987, -0.0007304029685750724, 0.9999798374338362], "world_rotation": [0.0028962741330563952, 0.05257970709372923, -0.998612530463184, -0.1206633467531788]}, {"color": "CVPurple", "id_name": "object159424293528844", "shape": "CVBox", "id_string": "ob1521", "world_size": [0.04, 0.04, 0.04], "id": 1521, "camera_size": [16, 17], "camera_position": [289, 295], "world_position": [0.6, 0.6199874431539305, -0.065], "world_orientation": [1.0, 2.049142105997599e-16, 5.802954297681148e-18, -2.049142105997599e-16, 1.0, 6.179952383167331e-17, -5.802954297681148e-18, -6.179952383167331e-17, 1.0], "world_rotation": [-0.28863572672225335, 0.027102796704540077, -0.9570553043948448, 2.1410905896324258e-16]}, {"color": "CVBlue", "id_name": "object120715009157205", "shape": "CVSphere", "id_string": "ob1528", "world_size": [0.04, 0.04, 0.04], "id": 1528, "camera_size": [17, 16], "camera_position": [219, 277], "world_position": [0.6450002518804697, 0.6199874306636989, -0.2450103472251145], "world_orientation": [0.9999999991246333, 1.0395145365590402e-05, -4.052991932526144e-05, -1.0377550359158597e-05, 0.9999999057247705, 0.0004340999388665976, 4.0534428036264224e-05, -0.00043409951788532183, 0.99999990495728], "world_rotation": [0.9953868490886439, 0.09293991681991222, 0.023815804057158368, -0.0004361115907186145]}, {"color": "CVRed", "id_name": "object279734153320676", "shape": "CVCylinder", "id_string": "ob1535", "world_size": [0.04, 0.04, 0.04], "id": 1535, "camera_size": [16, 16], "camera_position": [236, 277], "world_position": [0.6449972203449755, 0.6199747860387924, -0.19999432205945042], "world_orientation": [0.9999999872533185, -0.00015389036415111774, 4.255724095240332e-05, 0.00015389817866526192, 0.9999999712882581, -0.00018368133721847704, -4.25289729426853e-05, 0.00018368788435901026, 0.9999999822250236], "world_rotation": [0.7547262323789028, 0.1748017903205883, 0.6323232150252462, 0.00024337912838029457]}, {"color": "CVRed", "id_name": "object150837854698151", "shape": "CVCone", "id_string": "ob1542", "world_size": [0.04, 0.04, 0.04], "id": 1542, "camera_size": [15, 16], "camera_position": [254, 284], "world_position": [0.6277477269862912, 0.6199845501702548, -0.1549430789957646], "world_orientation": [0.9999984289909215, -0.0005339051540211372, -0.0016902547073584572, 0.0005338433074627367, 0.9999998568196321, -3.7041036521497096e-05, 0.0016902742417474763, 3.6138647166248154e-05, 0.9999985708324717], "world_rotation": [-0.02063782144700118, 0.9533623176858579, -0.3011218549733165, -0.0017729517191048866]}, {"color": "CVGreen", "id_name": "object259175549824591", "shape": "CVCone", "id_string": "ob1549", "world_size": [0.04, 0.04, 0.04], "id": 1549, "camera_size": [16, 16], "camera_position": [271, 277], "world_position": [0.6449988155706791, 0.6199707114344968, -0.110009451999817], "world_orientation": [0.9999995625765041, -0.0009353147377607092, 5.75692267312788e-06, 0.0009353121249838333, 0.9999994665637699, 0.0004382503902722252, -6.166821651015058e-06, -0.0004382448140516287, 0.999999903951722], "world_rotation": [-0.42428347757358525, 0.005771905747560041, 0.905511024649676, 0.0010329124353286863]}, {"color": "CVRed", "id_name": "object90478063165422", "shape": "CVCapsule", "id_string": "ob1556", "world_size": [0.04, 0.08, 0.04], "id": 1556, "camera_size": [17, 17], "camera_position": [290, 278], "world_position": [0.645, 0.6399748858658902, -0.065], "world_orientation": [1.0, -8.066464163292171e-17, -3.573889421051852e-17, 8.066464163292171e-17, 1.0, -1.821459649775647e-16, 3.573889421051852e-17, 1.821459649775647e-16, 1.0], "world_rotation": [-0.8999806872227267, 0.17658538071993266, -0.3985628757700657, -2.0238874851820828e-16]}, {"color": "CVBlue", "id_name": "object223599161188100", "shape": "CVCone", "id_string": "ob1563", "world_size": [0.04, 0.04, 0.04], "id": 1563, "camera_size": [17, 15], "camera_position": [219, 260], "world_position": [0.6899999999921973, 0.6199874431539313, -0.24500000002485828], "world_orientation": [1.0, -1.1519366755112177e-13, 4.2616827152021144e-10, 1.1519366755112177e-13, 1.0, 2.8298441579063413e-13, -4.2616827152021144e-10, -2.8298441579063413e-13, 1.0], "world_rotation": [-0.0006640202051087674, 0.9999997430072809, 0.00027030083102215355, 4.2616838104238246e-10]}, {"color": "CVBlue", "id_name": "object182340012257129", "shape": "CVCapsule", "id_string": "ob1570", "world_size": [0.04, 0.08, 0.04], "id": 1570, "camera_size": [17, 17], "camera_position": [236, 260], "world_position": [0.6898469921879361, 0.6399590126945734, -0.20014354820650096], "world_orientation": [0.999973398539297, -0.00028486794893422515, -0.007288419857575347, 0.00028326925542823396, 0.9999999355959359, -0.00022037843135943154, 0.007288482166923217, 0.00021830798370494237, 0.9999734148312779], "world_rotation": [-0.03005820626986993, 0.9987898252189239, -0.03892800116868924, -0.007297346764219192]}, {"color": "CVBlue", "id_name": "object274393261919480", "shape": "CVCylinder", "id_string": "ob1577", "world_size": [0.04, 0.04, 0.04], "id": 1577, "camera_size": [15, 16], "camera_position": [254, 268], "world_position": [0.6677174523232717, 0.6199660652340124, -0.154929157887601], "world_orientation": [0.9999983918293636, -0.00020291718149418014, -0.0017818987917537056, 0.00020259755535804926, 0.9999999633575515, -0.00017955257260880752, 0.0017819351607625345, 0.00017919127551852763, 0.9999983962974989], "world_rotation": [-0.09952041208667875, 0.988655904245702, -0.11249529136017507, -0.0018023641323241222]}, {"color": "CVBlue", "id_name": "object21286202265088", "shape": "CVBox", "id_string": "ob1584", "world_size": [0.04, 0.04, 0.04], "id": 1584, "camera_size": [16, 16], "camera_position": [271, 259], "world_position": [0.6901052639578724, 0.6199632212758256, -0.1099285673342889], "world_orientation": [0.9999989834310896, -0.0002838577555703258, -0.001397340889666347, 0.0002830316230001462, 0.9999997850814472, -0.0005913798781481757, 0.001397508457116759, 0.0005909837853099062, 0.9999988488534763], "world_rotation": [-0.3829945040434073, 0.9053153209365232, -0.18362837348880576, -0.0015435784593499135]}, {"color": "CVBlue", "id_name": "object105272870742474", "shape": "CVBox", "id_string": "ob1591", "world_size": [0.04, 0.04, 0.04], "id": 1591, "camera_size": [16, 15], "camera_position": [289, 260], "world_position": [0.69, 0.6199874431539305, -0.065], "world_orientation": [1.0, 4.228388472693457e-17, -1.6957377686420176e-17, -4.228388472693457e-17, 1.0, 1.0733601507606494e-16, 1.6957377686420176e-17, -1.0733601507606494e-16, 1.0], "world_rotation": [0.92051720276698, 0.14542702990328832, 0.3626279889688094, -1.1660402951017529e-16]}, {"color": "CVRed", "id_name": "object271828573301979", "shape": "CVBox", "id_string": "ob1598", "world_size": [0.04, 0.04, 0.04], "id": 1598, "camera_size": [16, 16], "camera_position": [218, 242], "world_position": [0.735025069634925, 0.6199874431888912, -0.24555972970547], "world_orientation": [0.9999991832032653, 1.857662806879581e-13, 0.0012781208089322831, 5.417952719299691e-13, 1.0, -5.692428329117901e-10, -0.0012781208089322831, 5.692430604359142e-10, 0.9999991832032653], "world_rotation": [4.4537491502804813e-07, 0.9999999999999009, 1.392783016886312e-10, 0.0012781211569208245]}, {"color": "CVBlue", "id_name": "object182840750006018", "shape": "CVBox", "id_string": "ob1605", "world_size": [0.04, 0.04, 0.04], "id": 1605, "camera_size": [16, 16], "camera_position": [236, 241], "world_position": [0.7361515899779958, 0.6199678381395224, -0.1998059765008727], "world_orientation": [0.9999512660059139, 6.742541993859014e-05, 0.00987223718226112, -6.706306612896418e-05, 0.9999999970654638, -3.7035360484324676e-05, -0.009872239650415416, 3.637149310829119e-05, 0.9999512675932759], "world_rotation": [0.003717730487409323, 0.9999698922686497, -0.00681124337018534, 0.009872696037364098]}, {"color": "CVBlue", "id_name": "object278774414380039", "shape": "CVBox", "id_string": "ob1612", "world_size": [0.04, 0.04, 0.04], "id": 1612, "camera_size": [15, 16], "camera_position": [254, 237], "world_position": [0.747630329106845, 0.6199727247005176, -0.1550723977416598], "world_orientation": [0.9999999113279663, 0.0003504145026832431, 0.0002335674121040617, -0.0003504611752553632, 0.9999999186256858, 0.00019981387965743028, -0.00023349737541643312, -0.00019989571824924094, 0.9999999527603377], "world_rotation": [-0.4287446461706448, 0.5009925408671296, -0.7517875380554708, 0.000466139479468626]}, {"color": "CVRed", "id_name": "object17842790652373", "shape": "CVSphere", "id_string": "ob1619", "world_size": [0.04, 0.04, 0.04], "id": 1619, "camera_size": [16, 16], "camera_position": [272, 241], "world_position": [0.7356936812763571, 0.619960376430211, -0.10901511621874278], "world_orientation": [0.9999987959108607, 0.0005821527865879657, 0.0014384974667671754, -0.0005812027887034093, 0.9999996128131465, -0.0006607396429954296, -0.001438881561224236, 0.0006599027886667961, 0.9999987470732963], "world_rotation": [0.3915390958940016, 0.8530745008292033, -0.3449072809053374, 0.001686476614393109]}, {"color": "CVPurple", "id_name": "object137396010509990", "shape": "CVCylinder", "id_string": "ob1626", "world_size": [0.04, 0.04, 0.04], "id": 1626, "camera_size": [16, 16], "camera_position": [289, 242], "world_position": [0.735, 0.6199874431539305, -0.065], "world_orientation": [1.0, 4.228388472693457e-17, -1.6957377686420176e-17, -4.228388472693457e-17, 1.0, 1.0733601507606494e-16, 1.6957377686420176e-17, -1.0733601507606494e-16, 1.0], "world_rotation": [0.92051720276698, 0.14542702990328832, 0.3626279889688094, -1.1660402951017529e-16]}, {"color": "CVGreen", "id_name": "object177653778373716", "shape": "CVCapsule", "id_string": "ob1633", "world_size": [0.04, 0.08, 0.04], "id": 1633, "camera_size": [18, 17], "camera_position": [218, 224], "world_position": [0.78, 0.6399748858658902, -0.245], "world_orientation": [1.0, -1.3010426069826106e-17, -2.3826422606982324e-17, 1.3010426069826106e-17, 1.0, 3.2786273695961654e-16, 2.3826422606982324e-17, -3.2786273695961654e-16, 1.0], "world_rotation": [0.9965895685050425, 0.07242410176010956, -0.03954720509940661, -3.2898471679914803e-16]}, {"color": "CVBlue", "id_name": "object168103194682896", "shape": "CVBox", "id_string": "ob1640", "world_size": [0.04, 0.04, 0.04], "id": 1640, "camera_size": [16, 16], "camera_position": [236, 224], "world_position": [0.78, 0.6199874431539305, -0.2], "world_orientation": [1.0, 1.7889335846010863e-16, -4.367536594091608e-17, -1.7889335846010863e-16, 1.0, -6.570265165262153e-16, 4.367536594091608e-17, 6.570265165262153e-16, 1.0], "world_rotation": [-0.9628953949226872, 0.06400778001840857, 0.26217448871657395, -6.823446451096272e-16]}, {"color": "CVPurple", "id_name": "object232246477357377", "shape": "CVCone", "id_string": "ob1647", "world_size": [0.04, 0.04, 0.04], "id": 1647, "camera_size": [15, 16], "camera_position": [254, 221], "world_position": [0.7876178456995372, 0.6199874272231944, -0.15499105010392883], "world_orientation": [0.9999997383494537, 0.00048822270257570846, 0.0005337973559546533, -0.00048822274113342776, 0.9999998808192689, -5.807314075616955e-08, -0.0005337973206889198, -2.0253888278204385e-07, 0.9999998575301797], "world_rotation": [-9.985253208012148e-05, 0.7379052653121493, -0.6749042965147564, 0.000723395549497951]}, {"color": "CVYellow", "id_name": "object76693463789918", "shape": "CVCapsule", "id_string": "ob1654", "world_size": [0.04, 0.08, 0.04], "id": 1654, "camera_size": [17, 17], "camera_position": [272, 224], "world_position": [0.78, 0.6399748858658902, -0.11], "world_orientation": [1.0, 2.8622937353616997e-17, 1.993998719847534e-17, -2.8622937353616997e-17, 1.0, -1.5352302762394738e-16, -1.993998719847534e-17, 1.5352302762394738e-16, 1.0], "world_rotation": [0.9751436338441275, 0.12665429985627505, -0.1818064402082252, 1.5743632250229854e-16]}, {"color": "CVBlue", "id_name": "object137548091895126", "shape": "CVCylinder", "id_string": "ob1661", "world_size": [0.04, 0.04, 0.04], "id": 1661, "camera_size": [16, 16], "camera_position": [289, 224], "world_position": [0.78, 0.6199874431539305, -0.065], "world_orientation": [1.0, 4.228388472693457e-17, -1.6957377686420176e-17, -4.228388472693457e-17, 1.0, 1.0733601507606494e-16, 1.6957377686420176e-17, -1.0733601507606494e-16, 1.0], "world_rotation": [0.92051720276698, 0.14542702990328832, 0.3626279889688094, -1.1660402951017529e-16]}, {"color": "CVGreen", "id_name": "object211170134361677", "shape": "CVBox", "id_string": "ob1668", "world_size": [0.04, 0.04, 0.04], "id": 1668, "camera_size": [17, 17], "camera_position": [234, 280], "world_position": [0.6406793766881135, 0.6599617698450141, -0.20460507069234438], "world_orientation": [0.999634363664368, -0.00024032587293419295, -0.027038513731510044, 0.00023943116545955116, 0.9999999706765097, -3.6327631436283685e-05, 0.027038521669116185, 2.984048587921402e-05, 0.9996343918931032], "world_rotation": [-0.0012235408890999158, 0.9999598999996446, -0.008871377592766088, -0.02704289802902539]}, {"color": "CVRed", "id_name": "object41850170795197", "shape": "CVCone", "id_string": "ob1675", "world_size": [0.04, 0.04, 0.04], "id": 1675, "camera_size": [18, 19], "camera_position": [252, 285], "world_position": [0.6274687914503982, 0.6599826306839973, -0.15759230024668353], "world_orientation": [0.9922297128763821, -0.0004562489004521794, -0.12441860279794821, 0.00045365660978958144, 0.9999998958891395, -4.9166966499848487e-05, 0.12441861227699481, -7.658396486926522e-06, 0.9922298165548222], "world_rotation": [-0.0001668090197900015, 0.9999933006847299, -0.003656605038855803, -0.12474270429457526]}, {"color": "CVRed", "id_name": "object140147610657787", "shape": "CVSphere", "id_string": "ob1682", "world_size": [0.04, 0.04, 0.04], "id": 1682, "camera_size": [16, 20], "camera_position": [270, 282], "world_position": [0.6342571526161294, 0.6614711413371093, -0.11413280793689211], "world_orientation": [0.9896182480961867, -0.14351279196540084, -0.0077331479573249555, 0.1435133341767842, 0.9896482633345965, -0.00048763949781140104, 0.007723078951879645, -0.0006272329015114641, 0.9999699798645909], "world_rotation": [0.00048564022239668654, 0.053771634437167724, -0.9985531410413419, -0.14422044044270022]}, {"color": "CVGreen", "id_name": "object269389484082182", "shape": "CVCone", "id_string": "ob1689", "world_size": [0.04, 0.04, 0.04], "id": 1689, "camera_size": [17, 17], "camera_position": [233, 262], "world_position": [0.6847448778388844, 0.6999455953253542, -0.2053679611779864], "world_orientation": [0.9998791855226689, -0.00038979921975774626, -0.015539060946296373, 0.00038804972921016736, 0.9999999180268332, -0.00011560162006727253, 0.015539104733931644, 0.0001095577253255764, 0.9998792548208872], "world_rotation": [-0.007242478624402597, 0.9996607079842863, -0.025020300072754888, -0.015544982973850952]}, {"color": "CVRed", "id_name": "object161654103075718", "shape": "CVBox", "id_string": "ob1696", "world_size": [0.04, 0.04, 0.04], "id": 1696, "camera_size": [17, 17], "camera_position": [252, 262], "world_position": [0.6856306757185748, 0.6599476548454246, -0.1601012520172165], "world_orientation": [0.9999921694549925, -3.4714390226843846e-05, -0.0039572495004808386, 3.4336297069705963e-05, 0.9999999948396504, -9.561233120919977e-05, 0.003957252799183823, 9.547570521810886e-05, 0.9999921654866469], "world_rotation": [-0.024136084841735583, 0.9996706364057756, -0.008721703766125998, -0.003958565292322541]}, {"color": "CVPurple", "id_name": "object4328566543106", "shape": "CVSphere", "id_string": "ob1703", "world_size": [0.04, 0.04, 0.04], "id": 1703, "camera_size": [17, 18], "camera_position": [272, 261], "world_position": [0.6866389835185177, 0.6599450504929365, -0.11028888965782611], "world_orientation": [0.9966573628470019, -0.0007662311250827997, -0.08169157834637872, 0.0007022074532264231, 0.9999994234133666, -0.0008124516152522149, 0.0816921537698218, 0.0007523714491174016, 0.9966573262408954], "world_rotation": [-0.009576768072011537, 0.9999137569248726, -0.008986891881049163, -0.0817900722216197]}, {"color": "CVGreen", "id_name": "object62389139438762", "shape": "CVSphere", "id_string": "ob1710", "world_size": [0.04, 0.04, 0.04], "id": 1710, "camera_size": [17, 17], "camera_position": [234, 244], "world_position": [0.7301092881723855, 0.6599533372532688, -0.20514097941322507], "world_orientation": [0.9999914450868892, -5.688961967534254e-05, 0.0041360024910833005, 5.6986481852898876e-05, 0.9999999981047923, -2.330142962474823e-05, -0.004136001157635247, 2.3536926513942895e-05, 0.9999914464336369], "world_rotation": [0.005661647389437414, 0.9998892301964735, 0.013764922300594952, 0.00413647181532673]}, {"color": "CVYellow", "id_name": "object198772828846319", "shape": "CVBox", "id_string": "ob1717", "world_size": [0.04, 0.04, 0.04], "id": 1717, "camera_size": [18, 17], "camera_position": [252, 242], "world_position": [0.734577254969605, 0.659960079334461, -0.1588362240677734], "world_orientation": [0.9965367283393171, 0.0001093077499283654, -0.08315369578428922, -8.601063798227321e-05, 0.9999999560436293, 0.00028375149322971537, 0.0831537231453918, -0.0002756166822995459, 0.9965366939368083], "world_rotation": [0.0033634375986658417, 0.9999936539755817, 0.0011744343678255543, -0.08325036667105269]}, {"color": "CVGreen", "id_name": "object16427353251386", "shape": "CVCapsule", "id_string": "ob1724", "world_size": [0.04, 0.08, 0.04], "id": 1724, "camera_size": [17, 17], "camera_position": [271, 243], "world_position": [0.7311466732744248, 0.679938695137294, -0.11360026564783315], "world_orientation": [0.9998386262717857, 0.00034307873225793243, 0.017961172342917265, -0.00032940775061797174, 0.9999996538255309, -0.000764093811342802, -0.017961428269554085, 0.0007580539572958191, 0.9998383931659733], "world_rotation": [0.04232759209283943, 0.998928761692166, -0.018700374642718044, 0.017981530768190826]}, {"color": "CVRed", "id_name": "object193021654570587", "shape": "CVCone", "id_string": "ob1731", "world_size": [0.04, 0.04, 0.04], "id": 1731, "camera_size": [18, 21], "camera_position": [250, 271], "world_position": [0.6647902196011373, 0.7003422829074287, -0.16357423497474205], "world_orientation": [0.9683301607994336, -0.037938793059330456, 0.24677387962939773, 0.24662470422719857, -0.00863656045099389, -0.9690725798867819, 0.0388967215969417, 0.9992427421826879, 0.0009936016467293265], "world_rotation": [0.9843478426241901, 0.1039586644201685, 0.14230924359674482, 1.5904539918044323]}, {"color": "CVBlue", "id_name": "object86949051914570", "shape": "CVCapsule", "id_string": "ob1738", "world_size": [0.04, 0.08, 0.04], "id": 1738, "camera_size": [18, 18], "camera_position": [268, 267], "world_position": [0.6722792860564307, 0.7199237666579109, -0.12027026599625128], "world_orientation": [0.9994633895135762, -0.000978961127053309, -0.03274102406989698, 0.0009529631154360506, 0.9999992181675893, -0.0008096452993664894, 0.032741791083177985, 0.0007780098469083476, 0.9994635410145503], "world_rotation": [-0.024227712370181866, 0.9992716708291071, -0.029481279343210175, -0.0327711369108734]}, {"color": "CVGreen", "id_name": "object268012335077518", "shape": "CVSphere", "id_string": "ob1745", "world_size": [0.04, 0.04, 0.04], "id": 1745, "camera_size": [23, 22], "camera_position": [246, 246], "world_position": [0.7225179801753928, 0.699951193943589, -0.17409716848989482], "world_orientation": [0.873105882059447, 7.38140684671479e-05, -0.48753062802728475, 1.3749464286653824e-07, 0.9999999885010996, 0.000151650195391761, 0.4875306336151366, -0.00013247371046159806, 0.8731058720095402], "world_rotation": [0.00029139081220537163, 0.9999999546909665, 7.556096563816316e-05, -0.5092592790878375]}, {"color": "CVBlue", "id_name": "object224016692349729", "shape": "CVBox", "id_string": "ob1752", "world_size": [0.04, 0.04, 0.04], "id": 1752, "camera_size": [22, 22], "camera_position": [268, 246], "world_position": [0.7218805644881172, 0.7399332246408982, -0.12140638431692745], "world_orientation": [0.9523416143995187, 0.00010234913069719911, -0.30503350472951973, -0.0002597247219415043, 0.9999998532929167, -0.00047534957000856175, 0.30503341132732875, 0.0005319199191047878, 0.9523415012668578], "world_rotation": [-0.0016510777953426719, 0.999998460850128, 0.0005934976734897063, -0.309974054448783]}], "source": "manual check"}
