{"timestamp": 1721665081.010072, "objects": [{"color": "cv_", "id_name": "hand", "shape": "CVBox", "id_string": "ob383", "world_size": [0.12, 0.005, 0.12], "id": 383, "camera_size": [48, 49], "camera_position": [246, 391], "world_position": [0.3626971844495226, 0.6554969788903381, -0.17408983681666113], "world_orientation": [-4.115513495772091e-06, -0.0015807330795580968, 0.9999987506322164, -0.000763120249960228, -0.9999984594597843, -0.0015807357599270555, 0.9999997088152309, -0.0007631258020821321, 2.909217733228874e-06], "world_rotation": [0.0, 1.0, 0.0, 0.0]}, {"color": "CVYellow", "id_name": "object197877210901532", "shape": "CVCylinder", "id_string": "ob11860", "world_size": [0.04, 0.04, 0.04], "id": 11860, "camera_size": [16, 16], "camera_position": [256, 253], "world_position": [0.7064159101224506, 0.6199801658110887, -0.14811554594595397], "world_orientation": [0.99999761053875, 0.00026577731597402264, 0.0021698569559066515, -0.00026681730300334076, 0.999999849677582, 0.00047901288108085336, -0.0021697293189706546, -0.0004795906918790238, 0.9999975311306778], "world_rotation": [-0.21416517264987514, 0.9695230332998421, -0.11898893530460028, 0.002238002475656055]}, {"color": "CVGreen", "id_name": "object275745455623315", "shape": "CVCone", "id_string": "ob11867", "world_size": [0.04, 0.04, 0.04], "id": 11867, "camera_size": [17, 17], "camera_position": [219, 295], "world_position": [0.6000937285339344, 0.6199874431734617, -0.24509378311179314], "world_orientation": [0.9999889630101482, -7.661635179770753e-11, 0.004698282440308505, 7.699012877518956e-11, 1.0, -7.937522763886226e-11, -0.004698282440308505, 7.973607294538269e-11, 0.9999889630101482], "world_rotation": [1.6932922041804403e-08, 0.9999999999999997, 1.6347088805798863e-08, 0.004698299725350021]}, {"color": "CVGreen", "id_name": "object270280705345576", "shape": "CVCapsule", "id_string": "ob11874", "world_size": [0.04, 0.08, 0.04], "id": 11874, "camera_size": [17, 18], "camera_position": [236, 295], "world_position": [0.5999984175330614, 0.639974929933236, -0.19999786007244919], "world_orientation": [0.9999999977643077, -6.684115106529214e-05, 1.9092270390891847e-06, 6.684122179271845e-05, 0.9999999970790684, -3.706904808052846e-05, -1.9067492956898013e-06, 3.706917561272042e-05, 0.9999999993111203], "world_rotation": [0.484843091521537, 0.024955409924337642, 0.8742450480954105, 7.645589373339026e-05]}, {"color": "CVYellow", "id_name": "object204134615140716", "shape": "CVCone", "id_string": "ob11881", "world_size": [0.04, 0.04, 0.04], "id": 11881, "camera_size": [15, 16], "camera_position": [254, 300], "world_position": [0.5865105354966985, 0.6199890170124894, -0.1550091175677014], "world_orientation": [0.9999997955313874, -0.000595237284002053, 0.00023373009874305407, 0.0005952097534195552, 0.9999998159195462, 0.00011783981954220821, -0.00023380019837205196, -0.00011770067701320646, 0.9999999657420083], "world_rotation": [-0.18111920338131263, 0.35950809397310746, 0.9153959605189123, 0.0006502361669998081]}, {"color": "CVRed", "id_name": "object23818580010437", "shape": "CVSphere", "id_string": "ob11888", "world_size": [0.04, 0.04, 0.04], "id": 11888, "camera_size": [16, 17], "camera_position": [271, 295], "world_position": [0.5999052684192527, 0.6199874431914583, -0.11009463856765911], "world_orientation": [0.9999887488471975, 2.552896088742223e-10, 0.00474364617321668, -2.557580048595032e-10, 1.0, 9.81351466550931e-11, -0.00474364617321668, -9.934726800258216e-11, 0.9999887488471975], "world_rotation": [-2.0815466357154706e-08, 0.9999999999999983, -5.386654011203177e-08, 0.004743663963792733]}, {"color": "CVRed", "id_name": "object52337141621222", "shape": "CVBox", "id_string": "ob11895", "world_size": [0.04, 0.04, 0.04], "id": 11895, "camera_size": [16, 17], "camera_position": [289, 295], "world_position": [0.6000000255843158, 0.6199874431938363, -0.06499996287335284], "world_orientation": [0.9999999999999146, -1.3363043837180175e-11, 4.131888434282663e-07, 1.3363054121728511e-11, 1.0, -2.488669347732949e-11, -4.13188843428266e-07, 2.4886698999674513e-11, 0.9999999999999146], "world_rotation": [6.023080384711796e-05, 0.9999999976631464, 3.234126274405765e-05, 4.131888443938397e-07]}, {"color": "CVPurple", "id_name": "object144009147381276", "shape": "CVSphere", "id_string": "ob11902", "world_size": [0.04, 0.04, 0.04], "id": 11902, "camera_size": [17, 16], "camera_position": [219, 277], "world_position": [0.645000037470752, 0.620022356840375, -0.24507063630247447], "world_orientation": [0.9999999987946928, -3.228774824032697e-05, 3.69880468593789e-05, 3.2205318048372694e-05, 0.9999975210496443, 0.002226400095152666, -3.705984061360095e-05, -0.002226398901257357, 0.9999975208841774], "world_rotation": [-0.9997569292873077, 0.016625472800340525, 0.014480193236904857, 0.002226942642962111]}, {"color": "CVYellow", "id_name": "object90695146307780", "shape": "CVBox", "id_string": "ob11909", "world_size": [0.04, 0.04, 0.04], "id": 11909, "camera_size": [16, 16], "camera_position": [236, 277], "world_position": [0.6450021445765634, 0.6199745997665254, -0.20000991257489445], "world_orientation": [0.9999999974310978, 7.093460409761782e-05, 1.0299819704041307e-05, -7.094008379697433e-05, 0.9999998554409258, 0.0005329968404951282, -1.0262010295249017e-05, -0.0005329975697959843, 0.9999998579041308], "world_rotation": [-0.991078145003767, 0.01911677972871765, -0.13190397730431053, 0.0005377953630852342]}, {"color": "CVGreen", "id_name": "object231471525602474", "shape": "CVCone", "id_string": "ob11916", "world_size": [0.04, 0.04, 0.04], "id": 11916, "camera_size": [15, 17], "camera_position": [254, 285], "world_position": [0.6265004052740215, 0.6199664829585477, -0.15510552211078493], "world_orientation": [0.9999998145847616, -0.0006046147510667575, 7.260472105478965e-05, 0.0006046373036599608, 0.9999997688455878, -0.0003110024151450449, -7.241666762405801e-05, 0.00031104625700323314, 0.999999949003025], "world_rotation": [0.45485465620540566, 0.10604259255491824, 0.8842297271029139, 0.0006837884499331594]}, {"color": "CVYellow", "id_name": "object213285406713438", "shape": "CVSphere", "id_string": "ob11923", "world_size": [0.04, 0.04, 0.04], "id": 11923, "camera_size": [17, 17], "camera_position": [273, 278], "world_position": [0.644395978347096, 0.6201516452560981, -0.1069339246127749], "world_orientation": [0.9997484867245883, -0.009721826174595848, -0.020210130819136758, 0.009717567161761807, 0.9999527356068958, -0.00030893485162423757, 0.020212179010495795, 0.00011246384682483031, 0.9997957067178929], "world_rotation": [-0.009394547919657874, 0.9011639763373372, -0.43337654553663196, -0.022429713374667645]}, {"color": "CVRed", "id_name": "object36139062997851", "shape": "CVSphere", "id_string": "ob11930", "world_size": [0.04, 0.04, 0.04], "id": 11930, "camera_size": [16, 16], "camera_position": [289, 277], "world_position": [0.645, 0.6199874431539305, -0.065], "world_orientation": [1.0, 3.5778671692020784e-17, -3.6332864841185517e-17, -3.5778671692020784e-17, 1.0, 1.0733601507606489e-16, 3.6332864841185517e-17, -1.0733601507606489e-16, 1.0], "world_rotation": [0.9032531890035577, 0.3057480381601587, 0.3010843963345121, -1.18832699826363e-16]}, {"color": "CVRed", "id_name": "object81266212014646", "shape": "CVCapsule", "id_string": "ob11937", "world_size": [0.04, 0.08, 0.04], "id": 11937, "camera_size": [18, 17], "camera_position": [218, 260], "world_position": [0.6899999751376928, 0.6399748862186712, -0.24500497675909355], "world_orientation": [0.9999999999751691, -2.3532083168379463e-07, -7.043212438899695e-06, 2.3613551355804375e-07, 0.999999993310279, 0.0001156692976659221, 7.0431851723870235e-06, -0.00011566929932620249, 0.9999999932855035], "world_rotation": [0.9981492279498423, 0.06077812817711086, -0.0020341775783796912, -0.00011588377320346216]}, {"color": "CVRed", "id_name": "object268720734521700", "shape": "CVBox", "id_string": "ob11944", "world_size": [0.04, 0.04, 0.04], "id": 11944, "camera_size": [16, 15], "camera_position": [236, 260], "world_position": [0.6899899387213243, 0.6199637319438265, -0.20000134489139978], "world_orientation": [0.9999998768669525, -0.000495126645965642, 3.340186201061483e-05, 0.0004951242864117187, 0.9999998749328852, 7.061271088319987e-05, -3.343682006783401e-05, -7.059616411535275e-05, 0.9999999969490804], "world_rotation": [-0.1408568722785529, 0.06667206791986248, 0.9877824542333159, 0.0005012495259459226]}, {"color": "CVBlue", "id_name": "object188273654557263", "shape": "CVCylinder", "id_string": "ob11951", "world_size": [0.04, 0.04, 0.04], "id": 11951, "camera_size": [16, 16], "camera_position": [256, 269], "world_position": [0.6664690475915975, 0.6199725808873964, -0.14935827487011377], "world_orientation": [0.9999996183685559, -0.00042816036520672166, 0.0007615388658435578, 0.00042771677886670623, 0.9999997388443784, 0.0005825543168052966, -0.0007617880936324319, -0.0005822283715335791, 0.9999995403444063], "world_rotation": [-0.5546729238004623, 0.725412754650068, 0.40757119990701796, 0.0010499727428336025]}, {"color": "CVBlue", "id_name": "object221753287526525", "shape": "CVCylinder", "id_string": "ob11958", "world_size": [0.04, 0.04, 0.04], "id": 11958, "camera_size": [17, 16], "camera_position": [274, 259], "world_position": [0.6919453329329235, 0.6199747051112502, -0.10458520948412438], "world_orientation": [0.9999452348687558, -0.0013261103874547037, -0.010381170189786581, 0.0013119659950333216, 0.9999982020219704, -0.0013691961343562456, 0.01038296722988689, 0.0013555014078725982, 0.9999451768009266], "world_rotation": [-0.12908579268386347, 0.9837257518214849, -0.12498201202746356, -0.010554020194779147]}, {"color": "CVYellow", "id_name": "object99574459700080", "shape": "CVCone", "id_string": "ob11965", "world_size": [0.04, 0.04, 0.04], "id": 11965, "camera_size": [17, 16], "camera_position": [290, 260], "world_position": [0.6891450718873133, 0.6199874431884151, -0.06332832951524546], "world_orientation": [0.9990364268817066, 1.225686717997155e-11, 0.04388869744515783, -3.7217873092673524e-11, 1.0, 5.679171454522263e-10, -0.04388869744515783, -5.690033597291673e-10, 0.9990364268817066], "world_rotation": [-1.2952315417905256e-08, 1.0, -5.636387401843882e-10, 0.04390279953701785]}, {"color": "CVBlue", "id_name": "object33828655164187", "shape": "CVSphere", "id_string": "ob11972", "world_size": [0.04, 0.04, 0.04], "id": 11972, "camera_size": [17, 17], "camera_position": [219, 242], "world_position": [0.7353118277584237, 0.6199845839817821, -0.24530657840021358], "world_orientation": [0.999875741262392, -5.0628451740739864e-05, 0.015763866015100592, 5.8457596089154714e-05, 0.9999998751886444, -0.0004961908958648479, -0.015763838926214278, 0.0004970507575228296, 0.9998756194261629], "world_rotation": [0.03148796258044647, 0.9994981483645018, 0.003458269576593986, 0.015772421498856902]}, {"color": "CVRed", "id_name": "object184339994797286", "shape": "CVCone", "id_string": "ob11979", "world_size": [0.04, 0.04, 0.04], "id": 11979, "camera_size": [16, 16], "camera_position": [236, 242], "world_position": [0.7350008852540075, 0.6199746114266977, -0.19999787461495855], "world_orientation": [0.9999999998732594, 5.451259312255597e-07, -1.5911760795211644e-05, -5.464360016735076e-07, 0.9999999966104416, -8.233357876812731e-05, 1.5911715859108466e-05, 8.233358745245135e-05, 0.9999999964839988], "world_rotation": [-0.9818119529460808, 0.1897443824451225, 0.006508331792542255, -8.385881121097942e-05]}, {"color": "CVRed", "id_name": "object86939353254014", "shape": "CVCapsule", "id_string": "ob11986", "world_size": [0.04, 0.08, 0.04], "id": 11986, "camera_size": [17, 17], "camera_position": [254, 237], "world_position": [0.7463923584711265, 0.6399498526962117, -0.15500444555502604], "world_orientation": [0.9999970309908052, 0.001029909952497993, 0.002208459885187432, -0.0010301635061714567, 0.9999994629203474, 0.00011367571306366902, -0.002208341623320322, -0.00011595045033799872, 0.9999975548883946], "world_rotation": [-0.04706406202167585, 0.9052653976987131, -0.4222316115539084, 0.0024395088449307304]}, {"color": "CVBlue", "id_name": "object177113140646114", "shape": "CVCapsule", "id_string": "ob11993", "world_size": [0.04, 0.08, 0.04], "id": 11993, "camera_size": [17, 17], "camera_position": [273, 242], "world_position": [0.7351126391519773, 0.6399539839426567, -0.10822726027969073], "world_orientation": [0.9999897251159933, 0.0005075498377188326, 0.004504670421068928, -0.0005083063457094003, 0.9999998569019842, 0.00016679529487515488, -0.004504585119534681, -0.00016908333363321455, 0.999989840010251], "world_rotation": [-0.03702134638569041, 0.9930217100358789, -0.11197010006787299, 0.004536298828303711]}, {"color": "CVYellow", "id_name": "object8996479394370", "shape": "CVCylinder", "id_string": "ob12000", "world_size": [0.04, 0.04, 0.04], "id": 12000, "camera_size": [16, 16], "camera_position": [289, 242], "world_position": [0.735, 0.6199874431539305, -0.065], "world_orientation": [1.0, 4.228388472693457e-17, -1.6957377686420176e-17, -4.228388472693457e-17, 1.0, 1.0733601507606494e-16, 1.6957377686420176e-17, -1.0733601507606494e-16, 1.0], "world_rotation": [0.92051720276698, 0.14542702990328832, 0.3626279889688094, -1.1660402951017529e-16]}, {"color": "CVYellow", "id_name": "object36326542632055", "shape": "CVCone", "id_string": "ob12007", "world_size": [0.04, 0.04, 0.04], "id": 12007, "camera_size": [17, 16], "camera_position": [219, 224], "world_position": [0.78, 0.6199874431539305, -0.245], "world_orientation": [1.0, -2.2442984970449937e-16, -1.4488340486922525e-17, 2.2442984970449937e-16, 1.0, -5.952269926945416e-16, 1.4488340486922525e-17, 5.952269926945416e-16, 1.0], "world_rotation": [-0.9354546928465729, 0.022769777356192403, -0.3527124251716587, -6.362969764823948e-16]}, {"color": "CVBlue", "id_name": "object138553017227213", "shape": "CVCylinder", "id_string": "ob12014", "world_size": [0.04, 0.04, 0.04], "id": 12014, "camera_size": [16, 16], "camera_position": [236, 224], "world_position": [0.78, 0.6199874431539305, -0.2], "world_orientation": [1.0, 1.7889335846010863e-16, -4.367536594091608e-17, -1.7889335846010863e-16, 1.0, -6.570265165262153e-16, 4.367536594091608e-17, 6.570265165262153e-16, 1.0], "world_rotation": [-0.9628953949226872, 0.06400778001840857, 0.26217448871657395, -6.823446451096272e-16]}, {"color": "CVRed", "id_name": "object238090595629629", "shape": "CVCone", "id_string": "ob12021", "world_size": [0.04, 0.04, 0.04], "id": 12021, "camera_size": [15, 17], "camera_position": [254, 222], "world_position": [0.7863646450134233, 0.6200056004536099, -0.1549583935424072], "world_orientation": [0.9999969604590506, 0.001154616309860254, 0.0021785164302919814, -0.0011547520120908476, 0.9999993314110774, 6.1034324273263046e-05, -0.0021784445025337614, -6.354978498819043e-05, 0.9999976251676672], "world_rotation": [-0.02525663145136687, 0.8832760227666581, -0.46817258588392824, 0.0024663668195071737]}, {"color": "CVRed", "id_name": "object16759457798233", "shape": "CVCylinder", "id_string": "ob12028", "world_size": [0.04, 0.04, 0.04], "id": 12028, "camera_size": [16, 16], "camera_position": [271, 224], "world_position": [0.78, 0.6199874431539305, -0.11], "world_orientation": [1.0, 4.228388472693457e-17, -1.6957377686420176e-17, -4.228388472693457e-17, 1.0, 1.0733601507606494e-16, 1.6957377686420176e-17, -1.0733601507606494e-16, 1.0], "world_rotation": [0.92051720276698, 0.14542702990328832, 0.3626279889688094, -1.1660402951017529e-16]}, {"color": "CVPurple", "id_name": "object126184784245305", "shape": "CVSphere", "id_string": "ob12035", "world_size": [0.04, 0.04, 0.04], "id": 12035, "camera_size": [16, 16], "camera_position": [289, 224], "world_position": [0.78, 0.6199874431539305, -0.065], "world_orientation": [1.0, 4.228388472693457e-17, -1.6957377686420176e-17, -4.228388472693457e-17, 1.0, 1.0733601507606494e-16, 1.6957377686420176e-17, -1.0733601507606494e-16, 1.0], "world_rotation": [0.92051720276698, 0.14542702990328832, 0.3626279889688094, -1.1660402951017529e-16]}, {"color": "CVYellow", "id_name": "object238481998506279", "shape": "CVSphere", "id_string": "ob12042", "world_size": [0.04, 0.04, 0.04], "id": 12042, "camera_size": [17, 17], "camera_position": [234, 280], "world_position": [0.6399992070278061, 0.6601653342045235, -0.20542834897037582], "world_orientation": [0.9999999903443327, 9.488996353470942e-05, 0.00010152452561682142, -9.643935811089852e-05, 0.9998818436454718, 0.015371709325339414, -0.00010005390891163108, -0.015371718967875385, 0.9998818431420726], "world_rotation": [-0.999959141217998, 0.006556529621767238, -0.00622316751202369, 0.015372947743074829]}, {"color": "CVRed", "id_name": "object15362950736390", "shape": "CVSphere", "id_string": "ob12049", "world_size": [0.04, 0.04, 0.04], "id": 12049, "camera_size": [16, 17], "camera_position": [252, 284], "world_position": [0.6300537661793603, 0.659955169523082, -0.15876779465664592], "world_orientation": [0.9996326994822229, -2.5687418647854846e-07, 0.02710103551191317, -6.718622369454954e-06, 0.9999999668764269, 0.00025729750403394563, -0.027101034680323124, -0.00025738508015091694, 0.9996326663690901], "world_rotation": [-0.009495197814436737, 0.9999549124872167, -0.00011921051753016101, 0.027105576080704685]}, {"color": "CVRed", "id_name": "object205666565176180", "shape": "CVCone", "id_string": "ob12056", "world_size": [0.04, 0.04, 0.04], "id": 12056, "camera_size": [17, 18], "camera_position": [269, 278], "world_position": [0.643762973911315, 0.66014473299358, -0.11899688172923292], "world_orientation": [0.9989431422222292, -0.00992513012432606, 0.04487861850808668, 0.00992923218116434, 0.9999506953100964, 0.0001315186196201615, -0.04487771112113134, 0.000314230599992581, 0.9989924385618033], "world_rotation": [0.001987594000775616, 0.9763954281434846, 0.21598152090072328, 0.04597930327766986]}, {"color": "CVBlue", "id_name": "object34307969225631", "shape": "CVSphere", "id_string": "ob12063", "world_size": [0.04, 0.04, 0.04], "id": 12063, "camera_size": [17, 16], "camera_position": [234, 261], "world_position": [0.6865969311703644, 0.659942235099605, -0.20500508216920663], "world_orientation": [0.9999996804062182, -0.0006951984532713987, -0.0003948247357938298, 0.0006952360907857641, 0.9999997537920391, 9.519789723602486e-05, 0.00039475845715391703, -9.547236321725362e-05, 0.999999917525391], "world_rotation": [0.11840578175766142, 0.49032929939589254, -0.8634565704193178, -0.0008051561259258946]}, {"color": "CVYellow", "id_name": "object26406844061858", "shape": "CVCone", "id_string": "ob12070", "world_size": [0.04, 0.04, 0.04], "id": 12070, "camera_size": [17, 17], "camera_position": [252, 262], "world_position": [0.6860587989345106, 0.6599584086811364, -0.15983076625121215], "world_orientation": [0.9985145337943868, -0.0007622402167387127, 0.05448068273462071, 0.0007217858935800812, 0.9999994490251841, 0.0007622168014733933, -0.054481233709436507, -0.0007217611659029924, 0.9985145338122613], "world_rotation": [-0.013616709671630024, 0.9998145620088041, 0.013617151422440294, 0.05451806553138297]}, {"color": "CVYellow", "id_name": "object16546236303731", "shape": "CVCapsule", "id_string": "ob12077", "world_size": [0.04, 0.08, 0.04], "id": 12077, "camera_size": [19, 22], "camera_position": [275, 262], "world_position": [0.6845988401849482, 0.6816781103456471, -0.10426081226894501], "world_orientation": [0.9911059325797995, -0.11692527012281562, 0.06354141650791713, 0.11678854802560759, 0.9931394290113548, 0.0058744866218791054, -0.06379236204434156, 0.0015986712316449735, 0.9979619124972139], "world_rotation": [-0.016063337014725097, 0.47836616213949895, 0.8780135443852092, 0.13348846555502947]}, {"color": "CVPurple", "id_name": "object114887117772532", "shape": "CVSphere", "id_string": "ob12084", "world_size": [0.04, 0.04, 0.04], "id": 12084, "camera_size": [17, 17], "camera_position": [234, 244], "world_position": [0.7299832303335887, 0.6599627955175915, -0.20500036940287153], "world_orientation": [0.9999997175251365, -7.44889956510242e-05, 0.0007479311712329821, 7.47865454169249e-05, 0.9999999180769553, -0.000397810325909007, -0.0007479014774685506, 0.0003978661487260883, 0.9999996411728895], "world_rotation": [0.46781036559954264, 0.8794604849737646, 0.08776512523396236, 0.0008504264003686953]}, {"color": "CVGreen", "id_name": "object32149933612159", "shape": "CVSphere", "id_string": "ob12091", "world_size": [0.04, 0.04, 0.04], "id": 12091, "camera_size": [17, 17], "camera_position": [252, 239], "world_position": [0.7420444550971773, 0.6999345975085808, -0.15999513549049574], "world_orientation": [0.9999971303815934, 0.0009049922781567978, 0.0022181563414824935, -0.0009049215500069644, 0.9999995900175528, -3.28894303150966e-05, -0.0022181851967577964, 3.088207846028593e-05, 0.9999975393473378], "world_rotation": [0.013308572396408402, 0.9258268099759344, -0.3777136479273086, 0.0023958831904252144]}, {"color": "CVPurple", "id_name": "object77132888732374", "shape": "CVCone", "id_string": "ob12098", "world_size": [0.04, 0.04, 0.04], "id": 12098, "camera_size": [17, 16], "camera_position": [271, 243], "world_position": [0.7301184107442537, 0.6999335647619918, -0.11321788922180714], "world_orientation": [0.9999898684718269, 0.0003062472726418406, 0.004491009497463903, -0.00030829476866699656, 0.9999998488623559, 0.0004552247806792744, -0.004490869407355786, -0.0004566047232906866, 0.9999898117501463], "world_rotation": [-0.10076648779420533, 0.9925894995621461, -0.06791318205318021, 0.004524483461418281]}, {"color": "CVGreen", "id_name": "object61028767603900", "shape": "CVBox", "id_string": "ob12105", "world_size": [0.04, 0.04, 0.04], "id": 12105, "camera_size": [18, 19], "camera_position": [249, 272], "world_position": [0.6613436009694765, 0.6999443198660393, -0.16576322923982928], "world_orientation": [0.9920108417648099, 2.9220412508903234e-05, 0.12615264153889427, -8.732872860680858e-05, 0.999999892633998, 0.000455088656912236, -0.12615261469651123, -0.0004624696314171061, 0.9920107378083534], "world_rotation": [-0.0036366746240836445, 0.9999932805847873, -0.00046193392762653416, 0.12649051090985028]}, {"color": "CVPurple", "id_name": "object148226791327614", "shape": "CVCone", "id_string": "ob12112", "world_size": [0.04, 0.04, 0.04], "id": 12112, "camera_size": [21, 23], "camera_position": [276, 340], "world_position": [0.48583005675772495, 0.6199874431867418, -0.09935538735727471], "world_orientation": [-4.712712373122763e-10, -0.8755743820624646, -0.4830833276733255, 1.0, -5.418962292780273e-10, 6.62248034188906e-12, -2.675794863460368e-10, -0.4830833276733255, 0.8755743820624646], "world_rotation": [0.2420104606081879, 0.2420104604708208, -0.9396072977467309, -1.6330493380876696]}, {"color": "CVRed", "id_name": "object4416250398242", "shape": "CVCylinder", "id_string": "ob12119", "world_size": [0.04, 0.04, 0.04], "id": 12119, "camera_size": [23, 23], "camera_position": [237, 256], "world_position": [0.6998954421968068, 0.6999493763777556, -0.1954848332503195], "world_orientation": [0.8460637201772172, -0.5330813046725275, -0.000709935577097809, 0.0005270019826377205, -0.0004953430764310236, 0.9999997384520394, -0.5330815169078721, -0.8460638730284333, -0.0001381569015397183], "world_rotation": [-0.9258008297267146, 0.26698432743804046, 0.2676045451403692, 1.648158360743768]}, {"color": "CVBlue", "id_name": "object272620527240854", "shape": "CVBox", "id_string": "ob12126", "world_size": [0.04, 0.04, 0.04], "id": 12126, "camera_size": [19, 19], "camera_position": [266, 248], "world_position": [0.7188130138155034, 0.7399255314993988, -0.12704165792920494], "world_orientation": [0.9905514833157157, -0.002032029231296662, 0.13712632773555405, 0.0019677331731378107, 0.9999978813401735, 0.000604434714073328, -0.13712726544051973, -0.0003288956785970288, 0.9905533831654092], "world_rotation": [-0.0034027840289567227, 0.9998878790108624, 0.014582539834035168, 0.13757574725790467]}], "source": "manual check"}
