{"timestamp": 1721665307.303087, "objects": [{"color": "cv_", "id_name": "hand", "shape": "CVBox", "id_string": "ob383", "world_size": [0.12, 0.005, 0.12], "id": 383, "camera_size": [48, 49], "camera_position": [246, 391], "world_position": [0.3627087242280097, 0.6554768607625417, -0.17408986494362744], "world_orientation": [-4.074033018741673e-06, -0.0015809094866952918, 0.9999987503535177, -0.0007631201624156374, -0.999998459181032, -0.00158091213535771, 0.9999997088154677, -0.0007631256494737696, 2.8676028375065853e-06], "world_rotation": [0.0, 1.0, 0.0, 0.0]}, {"color": "CVGreen", "id_name": "object211209312034449", "shape": "CVCapsule", "id_string": "ob14590", "world_size": [0.04, 0.08, 0.04], "id": 14590, "camera_size": [18, 17], "camera_position": [255, 253], "world_position": [0.7070762270515725, 0.6404405558236889, -0.15111858458148764], "world_orientation": [0.9999981878987723, 0.000749055779673132, 0.001750175594254031, -0.0007961497816525369, 0.9996333792256228, 0.02706424363413432, -0.0017292613154057408, -0.027065587992902426, 0.9996321641493443], "world_rotation": [-0.997535768346531, 0.06412107089128863, -0.028475939616638992, 0.027135104661660546]}, {"color": "CVGreen", "id_name": "object207112557862041", "shape": "CVSphere", "id_string": "ob14597", "world_size": [0.04, 0.04, 0.04], "id": 14597, "camera_size": [17, 17], "camera_position": [219, 295], "world_position": [0.600056535103984, 0.6199874431839487, -0.24497610193235864], "world_orientation": [0.9999999999907622, 1.4914754542291322e-10, -4.298333977790527e-06, -1.491496687711193e-10, 1.0, -4.93993246346696e-10, 4.2983339777904544e-06, 4.939938874368813e-10, 0.9999999999907622], "world_rotation": [-0.00011492675205893508, 0.9999999927939047, 3.469916641956829e-05, -4.298334008777931e-06]}, {"color": "CVYellow", "id_name": "object79911997218501", "shape": "CVCylinder", "id_string": "ob14604", "world_size": [0.04, 0.04, 0.04], "id": 14604, "camera_size": [17, 17], "camera_position": [236, 295], "world_position": [0.6011414540592267, 0.6199874431846636, -0.19982245278135008], "world_orientation": [0.9989641405777046, 5.309090905284549e-10, -0.04550434968053261, -5.392970811200725e-10, 1.0, -1.720572798796111e-10, 0.04550434968053261, 1.9641941568605105e-10, 0.9989641405777046], "world_rotation": [-4.048807401408722e-09, 0.9999999999999999, 1.1759383214593838e-08, -0.04552006823006582]}, {"color": "CVGreen", "id_name": "object210420928661668", "shape": "CVBox", "id_string": "ob14611", "world_size": [0.04, 0.04, 0.04], "id": 14611, "camera_size": [17, 19], "camera_position": [255, 302], "world_position": [0.5817036471614162, 0.621578848602214, -0.15222310141741083], "world_orientation": [0.994723294865725, -0.08368961546463889, -0.05934319602833044, 0.08385307792036538, 0.9964780935672644, 0.00026526181687095904, 0.05911199518504779, -0.005239971749087045, 0.9982376043414272], "world_rotation": [0.026820518236018553, 0.5770926116077726, -0.8162381867012053, -0.10281203678873387]}, {"color": "CVPurple", "id_name": "object242771643531200", "shape": "CVCone", "id_string": "ob14618", "world_size": [0.04, 0.04, 0.04], "id": 14618, "camera_size": [16, 17], "camera_position": [271, 295], "world_position": [0.5999696970630988, 0.6199874431929538, -0.110030267481125], "world_orientation": [0.9999988532301615, 1.1694625777345438e-10, 0.0015144432516155059, -1.1720777372177017e-10, 1.0, 1.725924940994374e-10, -0.0015144432516155059, -1.727698006975257e-10, 0.9999988532301615], "world_rotation": [-1.1402285771637555e-07, 0.9999999999999906, -7.730696783964757e-08, 0.001514443830521733]}, {"color": "CVGreen", "id_name": "object160676098870842", "shape": "CVCone", "id_string": "ob14625", "world_size": [0.04, 0.04, 0.04], "id": 14625, "camera_size": [16, 17], "camera_position": [289, 295], "world_position": [0.6, 0.6199874431539305, -0.065], "world_orientation": [1.0, 2.049142105997599e-16, 5.802954297681148e-18, -2.049142105997599e-16, 1.0, 6.179952383167331e-17, -5.802954297681148e-18, -6.179952383167331e-17, 1.0], "world_rotation": [-0.28863572672225335, 0.027102796704540077, -0.9570553043948448, 2.1410905896324258e-16]}, {"color": "CVBlue", "id_name": "object132778817990871", "shape": "CVSphere", "id_string": "ob14632", "world_size": [0.04, 0.04, 0.04], "id": 14632, "camera_size": [17, 17], "camera_position": [220, 279], "world_position": [0.6417275230623041, 0.619987443184685, -0.24186349705534485], "world_orientation": [0.9999359810295203, -2.2229990284369967e-10, -0.011315204042830618, 2.162019996083854e-10, 1.0, -5.401355770178221e-10, 0.011315204042830618, 5.376546283542266e-10, 0.9999359810295203], "world_rotation": [-4.7625752098343364e-08, 0.9999999999999986, -1.9376667923629798e-08, -0.011315445511585275]}, {"color": "CVGreen", "id_name": "object190646198139042", "shape": "CVCylinder", "id_string": "ob14639", "world_size": [0.04, 0.04, 0.04], "id": 14639, "camera_size": [17, 17], "camera_position": [237, 278], "world_position": [0.6450716730934564, 0.6199874431878005, -0.19838736143295882], "world_orientation": [0.9983442860965414, -5.190250152725517e-10, -0.057521182345181034, 5.19388006497778e-10, 1.0, -8.639716677581898e-12, 0.057521182345181034, -2.1250400451102413e-11, 0.9983442860965414], "world_rotation": [1.09617737843466e-10, 0.9999999999999999, -9.026353244435048e-09, -0.057552949592283256]}, {"color": "CVYellow", "id_name": "object208125460158852", "shape": "CVBox", "id_string": "ob14646", "world_size": [0.04, 0.04, 0.04], "id": 14646, "camera_size": [15, 17], "camera_position": [254, 285], "world_position": [0.6264136273626996, 0.6199692548786081, -0.15502228765126813], "world_orientation": [0.9999934180246874, -0.0008977568027160624, -0.0035153861844845493, 0.0008961872079785952, 0.999999498053029, -0.0004480426077218492, 0.0035157866532460886, 0.00044488921458684256, 0.9999937206391827], "world_rotation": [-0.12213283715264323, 0.9617050996820382, -0.24537088526271195, -0.0036555844925968946]}, {"color": "CVBlue", "id_name": "object143289732110323", "shape": "CVSphere", "id_string": "ob14653", "world_size": [0.04, 0.04, 0.04], "id": 14653, "camera_size": [16, 16], "camera_position": [271, 277], "world_position": [0.6449959821319253, 0.6199766764157102, -0.10999517038239458], "world_orientation": [0.999999977097153, -0.00021394589031977268, 5.731434078643675e-06, 0.00021394675834428384, 0.9999999655796669, -0.00015187972101086944, -5.698939839186188e-06, 0.00015188094375413494, 0.9999999884498506], "world_rotation": [0.5787300098493546, 0.021777343735947714, 0.8152283870177561, 0.00026243728775263365]}, {"color": "CVRed", "id_name": "object61592712546388", "shape": "CVBox", "id_string": "ob14660", "world_size": [0.04, 0.04, 0.04], "id": 14660, "camera_size": [16, 16], "camera_position": [289, 277], "world_position": [0.645, 0.6199874431539305, -0.065], "world_orientation": [1.0, 3.5778671692020784e-17, -3.6332864841185517e-17, -3.5778671692020784e-17, 1.0, 1.0733601507606489e-16, 3.6332864841185517e-17, -1.0733601507606489e-16, 1.0], "world_rotation": [0.9032531890035577, 0.3057480381601587, 0.3010843963345121, -1.18832699826363e-16]}, {"color": "CVGreen", "id_name": "object2870053895508", "shape": "CVBox", "id_string": "ob14667", "world_size": [0.04, 0.04, 0.04], "id": 14667, "camera_size": [19, 16], "camera_position": [218, 259], "world_position": [0.6903292846195782, 0.6216963713672028, -0.2463773289715742], "world_orientation": [0.9998397586410218, -0.0016105113501762045, 0.017828721038093454, -4.105352257296373e-06, 0.9959241734367502, 0.09019446073607917, -0.017901313466036097, -0.09018008104629868, 0.995764578582043], "world_rotation": [-0.9809022678822358, 0.19430498079322234, 0.0087358630044333, 0.09207321334429498]}, {"color": "CVPurple", "id_name": "object179135346350013", "shape": "CVSphere", "id_string": "ob14674", "world_size": [0.04, 0.04, 0.04], "id": 14674, "camera_size": [16, 15], "camera_position": [235, 260], "world_position": [0.6900354098716988, 0.6199753282712192, -0.20168724060110163], "world_orientation": [0.9999983400215545, -7.473257887220339e-05, 0.0018205409023306681, 7.554054376239348e-05, 0.9999998986941544, -0.000443740134778267, -0.0018205075560546117, 0.00044387692282891046, 0.9999982443612168], "world_rotation": [0.2366543001788054, 0.9707674806961923, 0.04006545431725236, 0.0018753463960237593]}, {"color": "CVRed", "id_name": "object124262150031565", "shape": "CVCone", "id_string": "ob14681", "world_size": [0.04, 0.04, 0.04], "id": 14681, "camera_size": [16, 17], "camera_position": [253, 269], "world_position": [0.6667946645071716, 0.6199874431889315, -0.1552679875599422], "world_orientation": [0.9999027227730154, 7.347655012735787e-12, -0.013947938597169035, -1.448370976789975e-11, 1.0, -5.115197324923893e-10, 0.013947938597169035, 5.116719911657663e-10, 0.9999027227730154], "world_rotation": [-3.667895856187053e-08, 0.9999999999999994, 7.826018385636772e-10, -0.013948390887031054]}, {"color": "CVBlue", "id_name": "object262770015418508", "shape": "CVCapsule", "id_string": "ob14688", "world_size": [0.04, 0.08, 0.04], "id": 14688, "camera_size": [17, 17], "camera_position": [272, 260], "world_position": [0.6899612251407335, 0.6399561605024271, -0.10994271124971507], "world_orientation": [0.9999995710350996, -0.0009211615744722063, 9.690702144351375e-05, 0.0009212951712324559, 0.999998612728304, -0.001387716352563454, -9.562857602687305e-05, 0.001387805037252763, 0.9999990324257089], "world_rotation": [0.8317539452607091, 0.05769807553517934, 0.5521379416620289, 0.0016684758114981972]}, {"color": "CVBlue", "id_name": "object40976365484770", "shape": "CVCone", "id_string": "ob14695", "world_size": [0.04, 0.04, 0.04], "id": 14695, "camera_size": [16, 15], "camera_position": [289, 260], "world_position": [0.69, 0.6199874431539305, -0.065], "world_orientation": [1.0, 4.228388472693457e-17, -1.6957377686420176e-17, -4.228388472693457e-17, 1.0, 1.0733601507606494e-16, 1.6957377686420176e-17, -1.0733601507606494e-16, 1.0], "world_rotation": [0.92051720276698, 0.14542702990328832, 0.3626279889688094, -1.1660402951017529e-16]}, {"color": "CVRed", "id_name": "object124332375202443", "shape": "CVSphere", "id_string": "ob14702", "world_size": [0.04, 0.04, 0.04], "id": 14702, "camera_size": [20, 16], "camera_position": [216, 242], "world_position": [0.7349802962248042, 0.6239315764654453, -0.24970507972425504], "world_orientation": [0.9999942509802752, 0.000456196288723416, -0.003360043354620214, 0.0003043522373909349, 0.9748336247241415, 0.22293342386664972, 0.0033771846432150573, -0.2229331648547112, 0.9748278815420434], "world_rotation": [0.9998857992950069, 0.015108686705964615, 0.00034052049306985033, -0.22484858016097473]}, {"color": "CVPurple", "id_name": "object100732742561718", "shape": "CVCylinder", "id_string": "ob14709", "world_size": [0.04, 0.04, 0.04], "id": 14709, "camera_size": [16, 16], "camera_position": [236, 242], "world_position": [0.7348471788555807, 0.619974211761583, -0.19983798634913222], "world_orientation": [0.9999665670507929, 9.520888750871882e-05, -0.008176534468846381, -9.482724929780753e-05, 0.9999999943964578, 4.706248514934371e-05, 0.00817653890379568, -4.628555343919808e-05, 0.9999665704758346], "world_rotation": [0.005707808775243351, 0.9999161965254404, 0.011619847033516349, -0.008177313099670704]}, {"color": "CVYellow", "id_name": "object209363517315809", "shape": "CVCapsule", "id_string": "ob14716", "world_size": [0.04, 0.08, 0.04], "id": 14716, "camera_size": [17, 17], "camera_position": [254, 237], "world_position": [0.7470628001060344, 0.6402256499683631, -0.15573981346881569], "world_orientation": [0.9999952268002853, 0.0007806476254316423, 0.002989475862237343, -0.0008326154900290811, 0.999847878792753, 0.017421998308976373, -0.0029754206579499635, -0.01742440423420898, 0.9998437562984486], "world_rotation": [-0.9846389049254536, 0.1685473606738056, -0.04558524012328842, 0.017695939651343973]}, {"color": "CVRed", "id_name": "object63604650769606", "shape": "CVCone", "id_string": "ob14723", "world_size": [0.04, 0.04, 0.04], "id": 14723, "camera_size": [16, 16], "camera_position": [271, 242], "world_position": [0.7350033819686285, 0.6199748671208972, -0.10998952485356955], "world_orientation": [0.9999999960260751, 8.888575115859422e-05, 6.868261482890299e-06, -8.888032697441162e-05, 0.9999996873473553, -0.0007857515377661462, -6.938101451158283e-06, 0.0007857509241903024, 0.9999996912736263], "world_rotation": [0.9936249883337552, 0.008729446845534623, -0.11239741685873376, 0.000790792625084033]}, {"color": "CVPurple", "id_name": "object202274200843708", "shape": "CVSphere", "id_string": "ob14730", "world_size": [0.04, 0.04, 0.04], "id": 14730, "camera_size": [16, 16], "camera_position": [289, 242], "world_position": [0.735, 0.6199874431539305, -0.065], "world_orientation": [1.0, 4.228388472693457e-17, -1.6957377686420176e-17, -4.228388472693457e-17, 1.0, 1.0733601507606494e-16, 1.6957377686420176e-17, -1.0733601507606494e-16, 1.0], "world_rotation": [0.92051720276698, 0.14542702990328832, 0.3626279889688094, -1.1660402951017529e-16]}, {"color": "CVBlue", "id_name": "object160263648099884", "shape": "CVSphere", "id_string": "ob14737", "world_size": [0.04, 0.04, 0.04], "id": 14737, "camera_size": [17, 16], "camera_position": [219, 224], "world_position": [0.78, 0.6199874431539305, -0.245], "world_orientation": [1.0, -2.2442984970449937e-16, -1.4488340486922525e-17, 2.2442984970449937e-16, 1.0, -5.952269926945416e-16, 1.4488340486922525e-17, 5.952269926945416e-16, 1.0], "world_rotation": [-0.9354546928465729, 0.022769777356192403, -0.3527124251716587, -6.362969764823948e-16]}, {"color": "CVYellow", "id_name": "object263137854897868", "shape": "CVCone", "id_string": "ob14744", "world_size": [0.04, 0.04, 0.04], "id": 14744, "camera_size": [16, 16], "camera_position": [236, 224], "world_position": [0.78, 0.6199874431539305, -0.2], "world_orientation": [1.0, 1.7889335846010863e-16, -4.367536594091608e-17, -1.7889335846010863e-16, 1.0, -6.570265165262153e-16, 4.367536594091608e-17, 6.570265165262153e-16, 1.0], "world_rotation": [-0.9628953949226872, 0.06400778001840857, 0.26217448871657395, -6.823446451096272e-16]}, {"color": "CVBlue", "id_name": "object266346694433905", "shape": "CVCone", "id_string": "ob14751", "world_size": [0.04, 0.04, 0.04], "id": 14751, "camera_size": [15, 17], "camera_position": [254, 222], "world_position": [0.7870401544481601, 0.6199894744976954, -0.15506952397862836], "world_orientation": [0.9999952952209656, 0.00066870677117417, 0.002993721294298888, -0.0006680899618505117, 0.9999997553972406, -0.0002070296166053875, -0.002993859004132855, 0.00020502856743148817, 0.9999954973756383], "world_rotation": [0.067014234926662, 0.973777802033533, -0.21740718613683274, 0.0030744127245387535]}, {"color": "CVBlue", "id_name": "object267752370688500", "shape": "CVCylinder", "id_string": "ob14758", "world_size": [0.04, 0.04, 0.04], "id": 14758, "camera_size": [16, 16], "camera_position": [271, 224], "world_position": [0.78, 0.6199874431539305, -0.11], "world_orientation": [1.0, 4.228388472693457e-17, -1.6957377686420176e-17, -4.228388472693457e-17, 1.0, 1.0733601507606494e-16, 1.6957377686420176e-17, -1.0733601507606494e-16, 1.0], "world_rotation": [0.92051720276698, 0.14542702990328832, 0.3626279889688094, -1.1660402951017529e-16]}, {"color": "CVBlue", "id_name": "object198244971029257", "shape": "CVCylinder", "id_string": "ob14765", "world_size": [0.04, 0.04, 0.04], "id": 14765, "camera_size": [16, 16], "camera_position": [289, 224], "world_position": [0.78, 0.6199874431539305, -0.065], "world_orientation": [1.0, 4.228388472693457e-17, -1.6957377686420176e-17, -4.228388472693457e-17, 1.0, 1.0733601507606494e-16, 1.6957377686420176e-17, -1.0733601507606494e-16, 1.0], "world_rotation": [0.92051720276698, 0.14542702990328832, 0.3626279889688094, -1.1660402951017529e-16]}, {"color": "CVRed", "id_name": "object110967542975564", "shape": "CVCapsule", "id_string": "ob14772", "world_size": [0.04, 0.08, 0.04], "id": 14772, "camera_size": [34, 34], "camera_position": [241, 331], "world_position": [0.5080119172180727, 0.6199748862764445, -0.18662790222905662], "world_orientation": [-0.7420944711739517, 0.6702953049612186, -6.274548103313293e-10, 4.938026099132742e-10, -3.893905198282255e-10, -1.0, -0.6702953049612186, -0.7420944711739517, -4.2029046909419776e-11], "world_rotation": [0.2625263816957913, 0.6823048800675783, -0.6823048802036251, 2.6281266318258942]}, {"color": "CVPurple", "id_name": "object36400488101421", "shape": "CVBox", "id_string": "ob14779", "world_size": [0.04, 0.04, 0.04], "id": 14779, "camera_size": [17, 18], "camera_position": [253, 287], "world_position": [0.6206320935475561, 0.659985177744086, -0.15783980279148596], "world_orientation": [0.9978750077367456, -0.004545942456755985, -0.06499848722524272, 0.004474390790724065, 0.9999892131648118, -0.0012463470916207217, 0.06500345191943319, 0.0009528699810420716, 0.9978845841465621], "world_rotation": [-0.01687382336089865, 0.9974594072451104, -0.06920986189422769, -0.06521274308762144]}, {"color": "CVYellow", "id_name": "object155927671516751", "shape": "CVSphere", "id_string": "ob14786", "world_size": [0.04, 0.04, 0.04], "id": 14786, "camera_size": [17, 17], "camera_position": [270, 280], "world_position": [0.6399680339692568, 0.6599653659709384, -0.11509710886984216], "world_orientation": [0.999999432733559, -0.00033968049790038376, 0.001009529454764387, 0.00033986144692659833, 0.9999999262132014, -0.0001790748128327864, -0.0010094685520528575, 0.00017941781139085885, 0.9999994743911076], "world_rotation": [0.16595018525840938, 0.93461642061193, 0.31456745275893305, 0.0010801214032152562]}, {"color": "CVRed", "id_name": "object241587618334207", "shape": "CVSphere", "id_string": "ob14793", "world_size": [0.04, 0.04, 0.04], "id": 14793, "camera_size": [17, 17], "camera_position": [233, 261], "world_position": [0.6873988586839508, 0.659965276583112, -0.2078969480897832], "world_orientation": [0.9998347455805106, -0.0002221536909363322, 0.018177793532040257, 0.00022839214494833207, 0.9999999157385662, -0.0003411156534884536, -0.018177716220251848, 0.0003452109478743676, 0.999834712071159], "world_rotation": [0.018873388678359984, 0.999745113758438, 0.012389621298639773, 0.018183391313568893]}, {"color": "CVBlue", "id_name": "object98314746503688", "shape": "CVBox", "id_string": "ob14800", "world_size": [0.04, 0.04, 0.04], "id": 14800, "camera_size": [22, 27], "camera_position": [251, 269], "world_position": [0.6678575420236401, 0.6889712617818499, -0.16087238719722066], "world_orientation": [0.6424025102407283, -0.7243130036491626, -0.2503790877472384, 0.6841606767845342, 0.6892339765689736, -0.23849673768135288, 0.3453160627282483, -0.018088623155119336, 0.9383121114715576], "world_rotation": [-0.14265283168923654, 0.3855466039511888, -0.9115942001750271, -0.8828210755030211]}, {"color": "CVRed", "id_name": "object182985366025488", "shape": "CVBox", "id_string": "ob14807", "world_size": [0.04, 0.04, 0.04], "id": 14807, "camera_size": [17, 17], "camera_position": [272, 262], "world_position": [0.6849061256767398, 0.6999348476794749, -0.11214186684226173], "world_orientation": [0.9999993493359141, -0.0011346314550212424, 0.00011806443122968274, 0.001134792769654454, 0.9999984103271248, -0.0013753503529522107, -0.00011650372777376444, 0.0013754834367240398, 0.9999990472356445], "world_rotation": [0.7697118603399418, 0.0656346067583777, 0.6350084648630275, 0.0017869253387954706]}, {"color": "CVRed", "id_name": "object118070367411358", "shape": "CVCylinder", "id_string": "ob14814", "world_size": [0.04, 0.04, 0.04], "id": 14814, "camera_size": [17, 16], "camera_position": [231, 242], "world_position": [0.733076045678308, 0.6599569483329809, -0.2128772363029737], "world_orientation": [0.9999937540626099, 7.335295879808009e-05, -0.0035336178502951687, -7.125023104478081e-05, 0.9999998203385452, 0.0005951859222452924, 0.0035336608740886765, -0.0005949304336630301, 0.9999935796286925], "world_rotation": [0.1660262165504203, 0.9859149839355007, 0.020172750665550677, -0.0035841294485760952]}, {"color": "CVYellow", "id_name": "object241586755772731", "shape": "CVBox", "id_string": "ob14821", "world_size": [0.04, 0.04, 0.04], "id": 14821, "camera_size": [19, 18], "camera_position": [251, 239], "world_position": [0.739005386520065, 0.7001825713300023, -0.16194072083520342], "world_orientation": [0.9981483508824572, -0.001643597864057028, -0.060804343732108516, 0.00323681228490871, 0.9996537545155143, 0.026113102635807035, 0.06074037106293804, -0.02626156257912304, 0.9978080665408751], "world_rotation": [0.39546308478423775, 0.9177423407828779, -0.03685029860529045, -0.06626790236827138]}, {"color": "CVRed", "id_name": "object115190988812592", "shape": "CVBox", "id_string": "ob14828", "world_size": [0.04, 0.04, 0.04], "id": 14828, "camera_size": [17, 17], "camera_position": [272, 244], "world_position": [0.7301882531859136, 0.6599634395535898, -0.11118883404496165], "world_orientation": [0.9999198121304274, -8.382544935400693e-06, 0.012663697674212942, 1.807689835988289e-05, 0.9999997069112126, -0.0007654088547205106, -0.012663687546551028, 0.0007655763985908156, 0.9999195192166724], "world_rotation": [0.06033765379355551, 0.9981774792677982, 0.0010427930155878424, 0.012687154952589227]}, {"color": "CVPurple", "id_name": "object190239845546748", "shape": "CVCapsule", "id_string": "ob14835", "world_size": [0.04, 0.08, 0.04], "id": 14835, "camera_size": [24, 27], "camera_position": [257, 397], "world_position": [0.20293147509831244, 0.019974886361454124, -0.14351448233009817], "world_orientation": [3.571805073931956e-10, -0.7159372211243596, -0.6981646621025227, -1.0, -5.404428016220211e-10, 4.260053421134558e-11, -4.0781716892368546e-10, 0.6981646621025229, -0.7159372211243596], "world_rotation": [-0.6795423275854999, 0.6795423272300248, 0.2764858957026247, -2.602098432238628]}, {"color": "CVYellow", "id_name": "object278087983031210", "shape": "CVCone", "id_string": "ob14842", "world_size": [0.04, 0.04, 0.04], "id": 14842, "camera_size": [16, 18], "camera_position": [241, 364], "world_position": [0.31738191419308315, 0.01998744316077559, -0.2018899869722894], "world_orientation": [-0.5404830059148338, 6.127265485090251e-10, 0.8413549312372666, -4.1947084303541434e-10, -1.0, 4.5879529796534586e-10, 0.8413549312372668, -1.0495280055419728e-10, 0.5404830059148341], "world_rotation": [0.4793313019640832, 1.0079443209828782e-10, 0.8776340370321887, -3.1415926530017364]}, {"color": "CVRed", "id_name": "object231948486855448", "shape": "CVCapsule", "id_string": "ob14849", "world_size": [0.04, 0.08, 0.04], "id": 14849, "camera_size": [19, 19], "camera_position": [243, 245], "world_position": [0.7249450591641093, 0.7596696328587047, -0.17960562927774554], "world_orientation": [0.9995690908142895, -0.0033515716684325877, -0.02916161271339613, 0.004176877364349124, 0.9995911338804598, 0.028286370623672473, 0.02905488571958139, -0.028395986246790815, 0.9991743999827528], "world_rotation": [0.6946279730889465, 0.7134284906192272, -0.09225924222056536, -0.040811842604153235]}, {"color": "CVGreen", "id_name": "object133106465735316", "shape": "CVCylinder", "id_string": "ob14856", "world_size": [0.04, 0.04, 0.04], "id": 14856, "camera_size": [18, 18], "camera_position": [264, 249], "world_position": [0.7153435298038221, 0.7403399867438812, -0.131100943162126], "world_orientation": [0.9989638611250665, -0.01044397520774899, -0.04429590893027467, 0.009975034560865547, 0.9998919839023818, -0.010794406573253845, 0.044403860773685, 0.010341368846487025, 0.998960135960776], "world_rotation": [-0.2261926967953224, 0.9492549819451409, -0.21852195122868026, -0.046737743018768395]}], "source": "manual check"}
