{"timestamp": 1721665536.153887, "objects": [{"color": "cv_", "id_name": "hand", "shape": "CVBox", "id_string": "ob383", "world_size": [0.12, 0.005, 0.12], "id": 383, "camera_size": [48, 49], "camera_position": [246, 391], "world_position": [0.3626733978407286, 0.6554666539754851, -0.1740898645198058], "world_orientation": [-4.074983995504654e-06, -0.001580824696750423, 0.9999987504875558, -0.0007631201691950201, -0.9999984593150677, -0.0015808273461630246, 0.9999997088154585, -0.0007631256575133242, 2.8686185075499622e-06], "world_rotation": [0.0, 1.0, 0.0, 0.0]}, {"color": "CVGreen", "id_name": "object50979482017733", "shape": "CVCylinder", "id_string": "ob16501", "world_size": [0.04, 0.04, 0.04], "id": 16501, "camera_size": [15, 16], "camera_position": [256, 252], "world_position": [0.7079110905604026, 0.6199605249006814, -0.14989214547467622], "world_orientation": [0.9999951823594355, 0.0003828178186224921, -0.003080374723488295, -0.0003838396404761685, 0.9999998715081526, -0.00033113563536443157, 0.0030802475630636573, 0.0003323164099983582, 0.9999952008088608], "world_rotation": [-0.10626296739360404, 0.9867269378937645, 0.1227930445729747, -0.0031217513458846676]}, {"color": "CVPurple", "id_name": "object269234194226851", "shape": "CVCapsule", "id_string": "ob16508", "world_size": [0.04, 0.08, 0.04], "id": 16508, "camera_size": [18, 18], "camera_position": [218, 295], "world_position": [0.6000064186116191, 0.6399758226478985, -0.24500549014579637], "world_orientation": [0.9999999877191701, 0.00015660066120749876, 6.1557029064485695e-06, -0.00015660148025178016, 0.9999999788562058, 0.0001332800221162315, -6.134831036758678e-06, -0.00013328098447162686, 0.9999999910992715], "world_rotation": [-0.6478378731226551, 0.029870360527336996, -0.7611923881055839, 0.00020573126358249504]}, {"color": "CVRed", "id_name": "object195289318241461", "shape": "CVSphere", "id_string": "ob16515", "world_size": [0.04, 0.04, 0.04], "id": 16515, "camera_size": [16, 17], "camera_position": [236, 296], "world_position": [0.5988575863984438, 0.6199856250446998, -0.199972906625272], "world_orientation": [0.9999982943496177, -0.00047672766524326616, -0.001784384652625505, 0.0004775058089658243, 0.999999791083557, 0.0004356845704249441, 0.001784176576950172, -0.0004365358813364358, 0.9999983130737604], "world_rotation": [0.2298027249734719, 0.9402039279577976, -0.25141058340391204, -0.0018977602972544449]}, {"color": "CVYellow", "id_name": "object112001999015222", "shape": "CVSphere", "id_string": "ob16522", "world_size": [0.04, 0.04, 0.04], "id": 16522, "camera_size": [15, 17], "camera_position": [254, 300], "world_position": [0.5880255486786692, 0.6199793509250545, -0.15494625996422096], "world_orientation": [0.9999953137808494, -0.0004877054571013029, -0.0030223434165710652, 0.00048720273986309245, 0.9999998673609434, -0.0001670676090148249, 0.003022424495474906, 0.0001655943321060347, 0.9999954187538495], "world_rotation": [-0.05425094335948247, 0.9857886372955452, -0.1589893006576163, -0.0030659601630674137]}, {"color": "CVYellow", "id_name": "object119450353275766", "shape": "CVCylinder", "id_string": "ob16529", "world_size": [0.04, 0.04, 0.04], "id": 16529, "camera_size": [16, 17], "camera_position": [271, 295], "world_position": [0.5999904893874385, 0.6199763349868714, -0.10999395561449278], "world_orientation": [0.9999999987475607, 4.986935001229401e-05, -4.233969026220426e-06, -4.987050323130751e-05, 0.9999999615434785, -0.0002728112433678873, 4.220363944001709e-06, 0.00027281145417637395, 0.9999999627780488], "world_rotation": [-0.9835852251288599, 0.015240489509063577, 0.17979942265684268, -0.0002773642235570661]}, {"color": "CVGreen", "id_name": "object109496686471161", "shape": "CVBox", "id_string": "ob16536", "world_size": [0.04, 0.04, 0.04], "id": 16536, "camera_size": [16, 17], "camera_position": [289, 295], "world_position": [0.6, 0.6199874431539305, -0.065], "world_orientation": [1.0, 2.049142105997599e-16, 5.802954297681148e-18, -2.049142105997599e-16, 1.0, 6.179952383167331e-17, -5.802954297681148e-18, -6.179952383167331e-17, 1.0], "world_rotation": [-0.28863572672225335, 0.027102796704540077, -0.9570553043948448, 2.1410905896324258e-16]}, {"color": "CVRed", "id_name": "object194623920884253", "shape": "CVCylinder", "id_string": "ob16543", "world_size": [0.04, 0.04, 0.04], "id": 16543, "camera_size": [17, 16], "camera_position": [219, 277], "world_position": [0.6449615067017461, 0.6199874431036135, -0.2450000013282734], "world_orientation": [0.9999999999992571, -8.288844029183987e-10, -1.218931006961445e-06, 8.288843050145746e-10, 1.0, -8.032494895823872e-11, 1.2189310069615115e-06, 8.032393866866765e-11, 0.9999999999992571], "world_rotation": [-6.589743357810771e-05, 0.999999766622558, -0.0006800090864779942, -1.2189312914328467e-06]}, {"color": "CVGreen", "id_name": "object167154349843509", "shape": "CVCone", "id_string": "ob16550", "world_size": [0.04, 0.04, 0.04], "id": 16550, "camera_size": [16, 16], "camera_position": [236, 277], "world_position": [0.6450855678263692, 0.6199719915815368, -0.19984340177733975], "world_orientation": [0.9999707622518287, 9.31211616532082e-05, -0.007646304332550996, -9.674381799792302e-05, 0.9999998832616901, -0.00047341022364471577, 0.007646259355424384, 0.0004741361148705212, 0.9999706545258288], "world_rotation": [-0.06183790157530205, 0.9980092896067405, 0.012390794462528106, -0.0076616086949980395]}, {"color": "CVGreen", "id_name": "object180038623293279", "shape": "CVSphere", "id_string": "ob16557", "world_size": [0.04, 0.04, 0.04], "id": 16557, "camera_size": [15, 16], "camera_position": [254, 284], "world_position": [0.6280047348258717, 0.6199831574230468, -0.15497099310889995], "world_orientation": [0.9999949318076804, -0.0004835364036084328, -0.0031468319782034532, 0.0004837458099378114, 0.9999998808311995, 6.578433054871636e-05, 0.003146799794080654, -6.73062639250963e-05, 0.9999950465481932], "world_rotation": [0.020896884109831804, 0.9881787236381614, -0.15187537780481292, -0.0031844656532498935]}, {"color": "CVRed", "id_name": "object155129046921242", "shape": "CVCylinder", "id_string": "ob16564", "world_size": [0.04, 0.04, 0.04], "id": 16564, "camera_size": [16, 16], "camera_position": [271, 277], "world_position": [0.64499050539731, 0.6199874431656949, -0.10998917976458406], "world_orientation": [0.9999998603978953, -2.1083445800493292e-09, -0.0005283977571601073, 2.109473268818996e-09, 1.0, 2.1355016506265703e-09, 0.0005283977571601027, -2.136615993450232e-09, 0.9999998603978953], "world_rotation": [4.042520606984156e-06, 0.9999999999838644, -3.9911390535314716e-06, -0.0005283977817571121]}, {"color": "CVGreen", "id_name": "object192455623972099", "shape": "CVCylinder", "id_string": "ob16571", "world_size": [0.04, 0.04, 0.04], "id": 16571, "camera_size": [16, 16], "camera_position": [289, 277], "world_position": [0.645, 0.6199874431539305, -0.065], "world_orientation": [1.0, 3.5778671692020784e-17, -3.6332864841185517e-17, -3.5778671692020784e-17, 1.0, 1.0733601507606489e-16, 3.6332864841185517e-17, -1.0733601507606489e-16, 1.0], "world_rotation": [0.9032531890035577, 0.3057480381601587, 0.3010843963345121, -1.18832699826363e-16]}, {"color": "CVRed", "id_name": "object229493082655253", "shape": "CVSphere", "id_string": "ob16578", "world_size": [0.04, 0.04, 0.04], "id": 16578, "camera_size": [17, 16], "camera_position": [218, 260], "world_position": [0.6896782140111413, 0.6199829992181702, -0.24786908857554227], "world_orientation": [0.9998208841329717, -0.0011120542153376797, -0.01889346413406999, 0.0011325195507753765, 0.9999987835370525, 0.0010725315297071853, 0.01889224843766223, -0.0010937366398060336, 0.9998209273110522], "world_rotation": [0.05713597801863664, 0.9966095949247802, -0.05920131180742138, -0.018958264260481205]}, {"color": "CVBlue", "id_name": "object182047843195946", "shape": "CVCylinder", "id_string": "ob16585", "world_size": [0.04, 0.04, 0.04], "id": 16585, "camera_size": [16, 16], "camera_position": [236, 260], "world_position": [0.6897206371085458, 0.6199774731253165, -0.1993261005990787], "world_orientation": [0.9999985519357828, 0.00020938649635731996, 0.0016888705198438035, -0.00020789504170694949, 0.9999995883377369, -0.0008832349678313138, -0.0016890547620749122, 0.000882882581043211, 0.9999981838045302], "world_rotation": [0.46058168999277005, 0.8809212818291067, -0.10882188228461914, 0.0019172696931584723]}, {"color": "CVPurple", "id_name": "object178030312682767", "shape": "CVCylinder", "id_string": "ob16592", "world_size": [0.04, 0.04, 0.04], "id": 16592, "camera_size": [16, 16], "camera_position": [254, 268], "world_position": [0.6679680970224571, 0.6199748466144841, -0.15492985919394855], "world_orientation": [0.9999951409742688, -2.2461758265627338e-05, -0.00311729423086921, 2.444000946014415e-05, 0.9999997983626822, 0.0006345685785577317, 0.0031172793487803485, -0.0006346416818731721, 0.9999949398868964], "world_rotation": [0.19947901652208483, 0.9798743713912589, -0.0073714488377266746, -0.0031813180741081665]}, {"color": "CVBlue", "id_name": "object172444447489905", "shape": "CVBox", "id_string": "ob16599", "world_size": [0.04, 0.04, 0.04], "id": 16599, "camera_size": [16, 16], "camera_position": [271, 259], "world_position": [0.6901220565555248, 0.6199628748680631, -0.10993039454503177], "world_orientation": [0.9999985497765319, 0.0005067359824855406, -0.0016259346473537176, -0.0005086268268875747, 0.9999991946843393, -0.0011627249993877743, 0.001625344143368143, 0.0011635503071571235, 0.9999980022015535], "world_rotation": [-0.5639835274198297, 0.7882419057871742, 0.24616514529902456, -0.0020623625004272334]}, {"color": "CVRed", "id_name": "object13141563440565", "shape": "CVCapsule", "id_string": "ob16606", "world_size": [0.04, 0.08, 0.04], "id": 16606, "camera_size": [17, 17], "camera_position": [290, 260], "world_position": [0.69, 0.6399748858658902, -0.065], "world_orientation": [1.0, -9.627715291671303e-17, 2.6597159133585094e-18, 9.627715291671303e-17, 1.0, -2.1076890233118206e-16, -2.6597159133585094e-18, 2.1076890233118206e-16, 1.0], "world_rotation": [0.9095358415233338, 0.01147753261849028, 0.41546698933782017, 2.3173237678921624e-16]}, {"color": "CVRed", "id_name": "object130560295170433", "shape": "CVSphere", "id_string": "ob16613", "world_size": [0.04, 0.04, 0.04], "id": 16613, "camera_size": [17, 16], "camera_position": [219, 242], "world_position": [0.7348888107918946, 0.6199874431873549, -0.24488098495118463], "world_orientation": [0.9999993749273793, 4.2133795023993184e-10, -0.0011180987662128851, -4.2086113247186574e-10, 1.0, 4.2668935091910856e-10, 0.0011180987662128851, -4.262185198942956e-10, 0.9999993749273793], "world_rotation": [3.814098971337603e-07, 0.9999999999998562, 3.766210589625687e-07, -0.0011180989991774126]}, {"color": "CVBlue", "id_name": "object93457935362178", "shape": "CVCylinder", "id_string": "ob16620", "world_size": [0.04, 0.04, 0.04], "id": 16620, "camera_size": [16, 17], "camera_position": [236, 242], "world_position": [0.7355230611746576, 0.619962291659524, -0.19902630967667964], "world_orientation": [0.9999898403387653, -0.00032774235139039807, 0.0044957540192769865, 0.00032210405374305604, 0.9999991608562121, 0.0012548051046107208, -0.00449616149946845, -0.0012533442556217048, 0.9999891067706426], "world_rotation": [-0.2680288402486958, 0.9609047715883436, 0.06944465950447348, 0.004678896698878725]}, {"color": "CVRed", "id_name": "object28183195594684", "shape": "CVBox", "id_string": "ob16627", "world_size": [0.04, 0.04, 0.04], "id": 16627, "camera_size": [15, 16], "camera_position": [254, 237], "world_position": [0.7478885673532473, 0.6199685455370798, -0.155005383257606], "world_orientation": [0.9999987492880886, 0.0005284584432441299, -0.001490689079709474, -0.0005289776903073563, 0.9999997995552503, -0.00034795410949855474, 0.0014905049016216557, 0.00034874221557452484, 0.9999988283863164], "world_rotation": [-0.21509659433798597, 0.9204077147643407, 0.3264706628572988, -0.0016194971188717385]}, {"color": "CVRed", "id_name": "object40618025857626", "shape": "CVSphere", "id_string": "ob16634", "world_size": [0.04, 0.04, 0.04], "id": 16634, "camera_size": [17, 16], "camera_position": [272, 241], "world_position": [0.7356961977506807, 0.6199691323380818, -0.10927284319310779], "world_orientation": [0.9999951958164491, -0.00017295742784429686, 0.003094903835350543, 0.00017235325883658818, 0.9999999660410026, 0.00019547978972064365, -0.003094937539932338, -0.00019494543383804578, 0.9999951916673908], "world_rotation": [-0.06285271908752081, 0.9964734286653637, 0.05558994214063641, 0.00310587876652384]}, {"color": "CVGreen", "id_name": "object59803621349756", "shape": "CVCylinder", "id_string": "ob16641", "world_size": [0.04, 0.04, 0.04], "id": 16641, "camera_size": [16, 16], "camera_position": [289, 242], "world_position": [0.735, 0.6199874431539305, -0.065], "world_orientation": [1.0, 4.228388472693457e-17, -1.6957377686420176e-17, -4.228388472693457e-17, 1.0, 1.0733601507606494e-16, 1.6957377686420176e-17, -1.0733601507606494e-16, 1.0], "world_rotation": [0.92051720276698, 0.14542702990328832, 0.3626279889688094, -1.1660402951017529e-16]}, {"color": "CVBlue", "id_name": "object72134839811420", "shape": "CVBox", "id_string": "ob16648", "world_size": [0.04, 0.04, 0.04], "id": 16648, "camera_size": [17, 16], "camera_position": [219, 224], "world_position": [0.78, 0.6199874431539305, -0.245], "world_orientation": [1.0, -2.2442984970449937e-16, -1.4488340486922525e-17, 2.2442984970449937e-16, 1.0, -5.952269926945416e-16, 1.4488340486922525e-17, 5.952269926945416e-16, 1.0], "world_rotation": [-0.9354546928465729, 0.022769777356192403, -0.3527124251716587, -6.362969764823948e-16]}, {"color": "CVPurple", "id_name": "object249803722246574", "shape": "CVCylinder", "id_string": "ob16655", "world_size": [0.04, 0.04, 0.04], "id": 16655, "camera_size": [16, 16], "camera_position": [236, 224], "world_position": [0.78, 0.6199874431539305, -0.2], "world_orientation": [1.0, 1.7889335846010863e-16, -4.367536594091608e-17, -1.7889335846010863e-16, 1.0, -6.570265165262153e-16, 4.367536594091608e-17, 6.570265165262153e-16, 1.0], "world_rotation": [-0.9628953949226872, 0.06400778001840857, 0.26217448871657395, -6.823446451096272e-16]}, {"color": "CVYellow", "id_name": "object211176472816712", "shape": "CVCylinder", "id_string": "ob16662", "world_size": [0.04, 0.04, 0.04], "id": 16662, "camera_size": [15, 16], "camera_position": [254, 221], "world_position": [0.7878777102404846, 0.6199874442242458, -0.1550099689862692], "world_orientation": [0.9999991872850019, 0.0005374640253812085, -0.001156097641719011, -0.0005374651557689551, 0.9999998555653704, -6.670804812467868e-07, 0.0011560971162067155, 1.2884421381867068e-06, 0.9999993317186756], "world_rotation": [-0.0007669175453737382, 0.9067973494922444, 0.42156610251693516, -0.0012749239869338598]}, {"color": "CVPurple", "id_name": "object94282913696438", "shape": "CVBox", "id_string": "ob16669", "world_size": [0.04, 0.04, 0.04], "id": 16669, "camera_size": [16, 16], "camera_position": [271, 224], "world_position": [0.78, 0.6199874431539305, -0.11], "world_orientation": [1.0, 4.228388472693457e-17, -1.6957377686420176e-17, -4.228388472693457e-17, 1.0, 1.0733601507606494e-16, 1.6957377686420176e-17, -1.0733601507606494e-16, 1.0], "world_rotation": [0.92051720276698, 0.14542702990328832, 0.3626279889688094, -1.1660402951017529e-16]}, {"color": "CVYellow", "id_name": "object17487521441233", "shape": "CVCapsule", "id_string": "ob16676", "world_size": [0.04, 0.08, 0.04], "id": 16676, "camera_size": [17, 17], "camera_position": [290, 224], "world_position": [0.78, 0.6399748858658902, -0.065], "world_orientation": [1.0, -1.5612511283791513e-17, -1.789043210782128e-17, 1.5612511283791513e-17, 1.0, -1.4831885719601688e-16, 1.789043210782128e-17, 1.4831885719601688e-16, 1.0], "world_rotation": [-0.9874262572950706, 0.11910476355862816, -0.10393960603106182, -1.5020752800550153e-16]}, {"color": "CVGreen", "id_name": "object138328165293444", "shape": "CVCone", "id_string": "ob16683", "world_size": [0.04, 0.04, 0.04], "id": 16683, "camera_size": [17, 23], "camera_position": [234, 285], "world_position": [0.6290291250605138, 0.6642980528452763, -0.20495265378118338], "world_orientation": [0.8934248647359294, -0.4492118176908973, -0.0008682847610862501, 0.44921224061234893, 0.8934197366431212, 0.0030882131677380012, -0.0006115191079156384, -0.0031491305746791536, 0.9999948544972641], "world_rotation": [0.0069423710542023676, 0.00028578871261538384, -0.9999758606131238, -0.46589531460599315]}, {"color": "CVYellow", "id_name": "object128902877624560", "shape": "CVSphere", "id_string": "ob16690", "world_size": [0.04, 0.04, 0.04], "id": 16690, "camera_size": [17, 17], "camera_position": [252, 291], "world_position": [0.6141480649986554, 0.6599778656180328, -0.1599359189720967], "world_orientation": [0.9999957488289976, 1.7608232902194256e-05, -0.0029158213049914447, -1.7693459159333044e-05, 0.99999999941706, -2.9203109716672957e-05, 0.0029158207890765384, 2.925457653443489e-05, 0.9999957485576105], "world_rotation": [-0.0100235366952487, 0.9999314422462219, 0.0060530586904024575, -0.002916025095471331]}, {"color": "CVBlue", "id_name": "object32075084091398", "shape": "CVCylinder", "id_string": "ob16697", "world_size": [0.04, 0.04, 0.04], "id": 16697, "camera_size": [17, 17], "camera_position": [270, 281], "world_position": [0.6376095384792159, 0.6601028343470225, -0.11558730230267296], "world_orientation": [0.9988347754414556, -0.007144943087914119, 0.04772882941250154, 0.007172225835410062, 0.9999741991019327, -0.00040038358360397757, -0.04772473724792082, 0.0007422389902257609, 0.9988602497526361], "world_rotation": [0.011837203945348906, 0.9888683820443603, 0.14832128503935293, 0.048282797706142806]}, {"color": "CVGreen", "id_name": "object203331670187270", "shape": "CVCone", "id_string": "ob16704", "world_size": [0.04, 0.04, 0.04], "id": 16704, "camera_size": [24, 17], "camera_position": [226, 262], "world_position": [0.6849126842943853, 0.6639937300439991, -0.22287387139550544], "world_orientation": [0.9998647286057529, 0.006243315419794384, -0.015216619293171375, 0.005670173926887072, 0.7375999836562096, 0.6752141239917885, 0.015439352893926858, -0.6752090677137922, 0.7374648067937131], "world_rotation": [0.9997423415935414, 0.022695162232401853, 0.00042430685558642126, -0.7414874693726109]}, {"color": "CVGreen", "id_name": "object20828297633577", "shape": "CVBox", "id_string": "ob16711", "world_size": [0.04, 0.04, 0.04], "id": 16711, "camera_size": [18, 17], "camera_position": [252, 263], "world_position": [0.682782263189319, 0.6599556231917273, -0.15894705590698435], "world_orientation": [0.9968502937828193, 0.00017796525982067038, -0.07930611649471488, -0.00015479200252485565, 0.9999999435140446, 0.0002983476889525471, 0.07930616511055709, -0.00028513202879708555, 0.9968502650223771], "world_rotation": [0.0036786210998939824, 0.9999910332201895, 0.002097909917294602, -0.07939022253272603]}, {"color": "CVRed", "id_name": "object824955468332", "shape": "CVCone", "id_string": "ob16718", "world_size": [0.04, 0.04, 0.04], "id": 16718, "camera_size": [17, 17], "camera_position": [270, 262], "world_position": [0.6851453894404026, 0.6599487153509435, -0.11486427195322967], "world_orientation": [0.9999883318054947, 0.0009082694158916258, -0.004744607415998186, -0.0009158302305359853, 0.9999983139829055, -0.0015916300875365038, 0.004743153787579051, 0.0015959567709906623, 0.9999874776286614], "world_rotation": [-0.31331412446260115, 0.9325705389507595, 0.17929430914929737, -0.0050869085640090385]}, {"color": "CVBlue", "id_name": "object33207557243679", "shape": "CVCapsule", "id_string": "ob16725", "world_size": [0.04, 0.08, 0.04], "id": 16725, "camera_size": [18, 18], "camera_position": [233, 243], "world_position": [0.7303899239442299, 0.6799277259011319, -0.20436306823192865], "world_orientation": [0.9999016463390479, -0.0005383975426024433, -0.014014555881225499, 0.0005590655938750047, 0.9999987619778972, 0.0014708801225984938, 0.014013746612652088, -0.0014785705121602498, 0.9999007094382506], "world_rotation": [0.10457404963002048, 0.9937556036701498, -0.03891103080302889, -0.01410267850696999]}, {"color": "CVRed", "id_name": "object170766406815306", "shape": "CVCylinder", "id_string": "ob16732", "world_size": [0.04, 0.04, 0.04], "id": 16732, "camera_size": [16, 17], "camera_position": [252, 242], "world_position": [0.7351554485435174, 0.659953932277749, -0.15903113437216937], "world_orientation": [0.9999960715109424, -2.168498953524449e-05, 0.002802943531977899, 2.2185582474794443e-05, 0.9999999838112645, -0.00017856447305474493, -0.0028029396144330573, 0.0001786259565010667, 0.9999960558033645], "world_rotation": [0.06358617852014099, 0.9979457930998114, 0.007809733388097852, 0.002808714940164392]}, {"color": "CVRed", "id_name": "object92251011422161", "shape": "CVCapsule", "id_string": "ob16739", "world_size": [0.04, 0.08, 0.04], "id": 16739, "camera_size": [18, 17], "camera_position": [271, 243], "world_position": [0.7312281493521608, 0.6799486910211877, -0.11245754638208053], "world_orientation": [0.9998896800279553, -0.00035228268822949877, -0.01484936599659029, 0.0003582998656876511, 0.9999998547849367, 0.00040255597344094224, 0.01484922202673818, -0.0004078320893193315, 0.999889661051752], "world_rotation": [0.02726913896419014, 0.9993421189965696, -0.023910735237505493, -0.014859616359372935]}, {"color": "CVYellow", "id_name": "object20197865711033", "shape": "CVBox", "id_string": "ob16746", "world_size": [0.04, 0.04, 0.04], "id": 16746, "camera_size": [26, 22], "camera_position": [237, 270], "world_position": [0.6657152628146509, 0.6938329221146742, -0.19497072705128618], "world_orientation": [0.963254510377338, -0.03932583283962238, -0.26569574160905385, 0.20967851266045187, 0.7283184400922444, 0.6523704247972164, 0.16785609779276936, -0.6841094420435008, 0.7098018045487869], "world_rotation": [0.9366075727771079, 0.3038339342403185, -0.1745027077744765, -0.7944358545202791]}, {"color": "CVYellow", "id_name": "object69083972373514", "shape": "CVSphere", "id_string": "ob16753", "world_size": [0.04, 0.04, 0.04], "id": 16753, "camera_size": [18, 18], "camera_position": [267, 265], "world_position": [0.6773003758369576, 0.6999521291522737, -0.1222188869110383], "world_orientation": [0.9985180670740714, 0.0011236164590073526, 0.05440962426550722, -0.0010279815483618458, 0.9999978773721097, -0.0017856386005450078, -0.05441151514704266, 0.0017270603141108106, 0.9985171026487601], "world_rotation": [0.03225646199429393, 0.9992843203815013, -0.019757725053558522, 0.05447647898730297]}, {"color": "CVRed", "id_name": "object70989691110982", "shape": "CVCone", "id_string": "ob16760", "world_size": [0.04, 0.04, 0.04], "id": 16760, "camera_size": [17, 17], "camera_position": [250, 249], "world_position": [0.716782418062177, 0.6999429168217299, -0.16438796829505495], "world_orientation": [0.9994902677510311, 0.000112872118337436, -0.031924785525630335, -0.00011358844337414015, 0.9999999933361521, -2.062429192014978e-05, 0.0319247829849809, 2.424006574635551e-05, 0.9994902739115479], "world_rotation": [-0.0007026525856185972, 0.9999934633658477, 0.0035467597777751434, -0.03193041844570495]}, {"color": "CVBlue", "id_name": "object3517689734927", "shape": "CVSphere", "id_string": "ob16767", "world_size": [0.04, 0.04, 0.04], "id": 16767, "camera_size": [18, 18], "camera_position": [266, 249], "world_position": [0.7161408978161216, 0.7399392436325881, -0.1255099848102243], "world_orientation": [0.9986573801988452, 5.1224686880206734e-05, -0.051801875935248765, -5.127037023606925e-05, 0.9999999986855747, 4.4695661460033807e-07, 0.05180187589005429, 2.2095448363239014e-06, 0.9986573815124932], "world_rotation": [-1.7012775385858113e-05, 0.9999995104996819, 0.0009892982168999082, -0.051825097146941786]}], "source": "manual check"}
