{"timestamp": 1721665266.076998, "objects": [{"color": "cv_", "id_name": "hand", "shape": "CVBox", "id_string": "ob383", "world_size": [0.12, 0.005, 0.12], "id": 383, "camera_size": [48, 49], "camera_position": [246, 391], "world_position": [0.3627308145279887, 0.655502653553316, -0.1740898655233721], "world_orientation": [-4.074240394071572e-06, -0.0015809613101926223, 0.9999987502715872, -0.0007631201572982964, -0.9999984590991058, -0.0015809639589980525, 0.9999997088154706, -0.0007631256448328927, 2.867770672717788e-06], "world_rotation": [0.0, 1.0, 0.0, 0.0]}, {"color": "CVBlue", "id_name": "object248376062913425", "shape": "CVBox", "id_string": "ob14044", "world_size": [0.04, 0.04, 0.04], "id": 14044, "camera_size": [16, 16], "camera_position": [255, 246], "world_position": [0.7238519210627822, 0.6199839455731329, -0.1503713451324444], "world_orientation": [0.9999999882485123, -6.18032345929391e-05, 0.00014029731071010123, 6.18336560807305e-05, 0.9999999745780992, -0.00021684187789415272, -0.0001402839056140315, 0.00021685055044159523, 0.9999999666481317], "world_rotation": [0.8165438463327939, 0.5282703838414151, 0.23278004332865565, 0.0002655659187079969]}, {"color": "CVGreen", "id_name": "object126004285211228", "shape": "CVSphere", "id_string": "ob14051", "world_size": [0.04, 0.04, 0.04], "id": 14051, "camera_size": [17, 17], "camera_position": [219, 295], "world_position": [0.600000005764708, 0.6199874426663955, -0.24500465090019283], "world_orientation": [0.9999999999490227, 2.90243013831143e-07, 1.009310609341006e-05, -2.9237719880466275e-07, 0.9999999776443185, 0.00021145041257856616, -1.0093044495766788e-05, -0.00021145041551878102, 0.9999999775934258], "world_rotation": [-0.9988617972831335, 0.04767825768620113, -0.0013761076688951813, 0.00021169136331282957]}, {"color": "CVYellow", "id_name": "object232430211681477", "shape": "CVBox", "id_string": "ob14058", "world_size": [0.04, 0.04, 0.04], "id": 14058, "camera_size": [16, 17], "camera_position": [236, 295], "world_position": [0.6000032863236818, 0.619981868310789, -0.20000533331474019], "world_orientation": [0.9999999811817434, 0.0001939331918469055, 5.141016817250515e-06, -0.00019393447001488104, 0.9999999499951725, 0.0002497980666552304, -5.092572423745491e-06, -0.0002497990589748391, 0.9999999687872474], "world_rotation": [-0.7897909191812461, 0.01617782697003389, -0.6131627694938516, 0.00031628442529928717]}, {"color": "CVRed", "id_name": "object43004541120991", "shape": "CVSphere", "id_string": "ob14065", "world_size": [0.04, 0.04, 0.04], "id": 14065, "camera_size": [15, 17], "camera_position": [254, 295], "world_position": [0.5997492969419097, 0.6202302647366116, -0.15499522724401477], "world_orientation": [0.9999223646421602, -0.012460514078040292, 1.6653582324897088e-05, 0.012460517692655836, 0.999922336367242, -0.00023818628721179768, -1.3684365362196375e-05, 0.00023837530779136301, 0.999999971494975], "world_rotation": [0.01911935809296126, 0.0012171398025290284, 0.9998164675163208, 0.01246312586060078]}, {"color": "CVYellow", "id_name": "object9677000040051", "shape": "CVCone", "id_string": "ob14072", "world_size": [0.04, 0.04, 0.04], "id": 14072, "camera_size": [16, 17], "camera_position": [271, 295], "world_position": [0.6, 0.6199874431539305, -0.11], "world_orientation": [1.0, 4.228388472693457e-17, -1.6957377686420176e-17, -4.228388472693457e-17, 1.0, 1.0733601507606494e-16, 1.6957377686420176e-17, -1.0733601507606494e-16, 1.0], "world_rotation": [0.92051720276698, 0.14542702990328832, 0.3626279889688094, -1.1660402951017529e-16]}, {"color": "CVBlue", "id_name": "object165957511387141", "shape": "CVCapsule", "id_string": "ob14079", "world_size": [0.04, 0.08, 0.04], "id": 14079, "camera_size": [17, 18], "camera_position": [290, 295], "world_position": [0.6, 0.6399748858658902, -0.065], "world_orientation": [1.0, -1.5612511283791513e-17, -1.789043210782128e-17, 1.5612511283791513e-17, 1.0, -1.4831885719601688e-16, 1.789043210782128e-17, 1.4831885719601688e-16, 1.0], "world_rotation": [-0.9874262572950706, 0.11910476355862816, -0.10393960603106182, -1.5020752800550153e-16]}, {"color": "CVPurple", "id_name": "object66132617798758", "shape": "CVSphere", "id_string": "ob14086", "world_size": [0.04, 0.04, 0.04], "id": 14086, "camera_size": [17, 16], "camera_position": [219, 277], "world_position": [0.645000011203909, 0.6199874396757059, -0.24500635219478398], "world_orientation": [0.9999999999929993, 5.689532830030331e-07, -3.698355285844826e-06, -5.678812901307582e-07, 0.9999999579932722, 0.00028985018822733386, 3.6985200417052917e-06, -0.0002898501861250779, 0.9999999579865946], "world_rotation": [0.9999166809442251, 0.01275876186063286, 0.0019609092963247567, -0.00028987434329199577]}, {"color": "CVPurple", "id_name": "object5495990919958", "shape": "CVCylinder", "id_string": "ob14093", "world_size": [0.04, 0.04, 0.04], "id": 14093, "camera_size": [16, 16], "camera_position": [236, 277], "world_position": [0.644993223833266, 0.619980431247738, -0.20000386206747575], "world_orientation": [0.9999999521262853, -0.0003093601580485795, -6.612106373858272e-06, 0.00030936146684573966, 0.9999999323743652, 0.00019886364188178259, 6.55058543900022e-06, -0.000198865677892369, 0.9999999802047658], "world_rotation": [0.5406515014854419, 0.017892643912329878, -0.8410563638873223, -0.0003678241229792447]}, {"color": "CVBlue", "id_name": "object251490051973229", "shape": "CVSphere", "id_string": "ob14100", "world_size": [0.04, 0.04, 0.04], "id": 14100, "camera_size": [15, 17], "camera_position": [254, 278], "world_position": [0.6439086163295155, 0.6199740737880051, -0.15499758584902318], "world_orientation": [0.9999993381380611, -0.001150268775083954, 2.4600505413542105e-05, 0.0011502706151421973, 0.9999993356324302, -7.491468747006852e-05, -2.4514317043977795e-05, 7.494293512538121e-05, 0.9999999968913024], "world_rotation": [0.06498770067475361, 0.02129927944459388, 0.9976587289530171, 0.0011529693637521302]}, {"color": "CVPurple", "id_name": "object179602714754403", "shape": "CVCapsule", "id_string": "ob14107", "world_size": [0.04, 0.08, 0.04], "id": 14107, "camera_size": [17, 17], "camera_position": [272, 278], "world_position": [0.6449922916887814, 0.6399562059064613, -0.10998413462051446], "world_orientation": [0.9999999750800764, -0.00022302781058018527, -9.921803960902878e-06, 0.00022302437890267453, 0.9999999157764066, -0.0003445392665067699, 9.99864496348588e-06, 0.00034453704511671273, 0.999999940597124], "world_rotation": [-0.8392234345463346, 0.02426103942630533, -0.5432452750592583, -0.0004105440235667813]}, {"color": "CVBlue", "id_name": "object62930179789876", "shape": "CVSphere", "id_string": "ob14114", "world_size": [0.04, 0.04, 0.04], "id": 14114, "camera_size": [16, 16], "camera_position": [289, 277], "world_position": [0.645, 0.6199874431539305, -0.065], "world_orientation": [1.0, 3.5778671692020784e-17, -3.6332864841185517e-17, -3.5778671692020784e-17, 1.0, 1.0733601507606489e-16, 3.6332864841185517e-17, -1.0733601507606489e-16, 1.0], "world_rotation": [0.9032531890035577, 0.3057480381601587, 0.3010843963345121, -1.18832699826363e-16]}, {"color": "CVGreen", "id_name": "object78407860465356", "shape": "CVBox", "id_string": "ob14121", "world_size": [0.04, 0.04, 0.04], "id": 14121, "camera_size": [17, 15], "camera_position": [219, 260], "world_position": [0.689999983542186, 0.6199874420228867, -0.24500339350572098], "world_orientation": [0.9999999999717915, 1.556422202945923e-07, -7.509523682495295e-06, -1.544779298725315e-07, 0.9999999879810396, 0.00015504159798445565, 7.5095477232572535e-06, -0.00015504159682002647, 0.999999987952855], "world_rotation": [0.9988285569368274, 0.04837887918498106, 0.0009989475961887345, -0.0001552234334391887]}, {"color": "CVPurple", "id_name": "object132252975680794", "shape": "CVCone", "id_string": "ob14128", "world_size": [0.04, 0.04, 0.04], "id": 14128, "camera_size": [16, 15], "camera_position": [236, 260], "world_position": [0.6900031839467335, 0.6199753449927777, -0.19999974709812757], "world_orientation": [0.9999999930153625, 0.00011520787857195272, 2.6389767777530166e-05, -0.00011520826745947292, 0.9999999932549637, 1.4735253434649892e-05, -2.638806998225379e-05, -1.4738293651132326e-05, 0.9999999995432263], "world_rotation": [-0.12372731270926292, 0.22155663916589047, -0.9672663582133204, 0.00011910687507101717]}, {"color": "CVGreen", "id_name": "object250499391150423", "shape": "CVCapsule", "id_string": "ob14135", "world_size": [0.04, 0.08, 0.04], "id": 14135, "camera_size": [17, 16], "camera_position": [254, 262], "world_position": [0.6838763776826193, 0.6399430220159898, -0.155025124448282], "world_orientation": [0.9999995473471246, -0.0009514463308446059, 7.444836511974986e-06, 0.0009514411841200872, 0.9999993274544272, 0.0006632121580250204, -8.075842279268836e-06, -0.000663204774496064, 0.9999997800470798], "world_rotation": [-0.5718268658269561, 0.006691064393934663, 0.8203470394752435, 0.0011598066732793951]}, {"color": "CVGreen", "id_name": "object42552179916103", "shape": "CVCapsule", "id_string": "ob14142", "world_size": [0.04, 0.08, 0.04], "id": 14142, "camera_size": [17, 17], "camera_position": [272, 260], "world_position": [0.6899896217892432, 0.6399593416710857, -0.11002669502421286], "world_orientation": [0.9999999543012575, -0.0003022988303414938, -3.59165791736901e-06, 0.00030230125739402893, 0.9999997120009444, 0.0006961407748826527, 3.3812143409898582e-06, -0.0006961418288325992, 0.9999997576875315], "world_rotation": [0.9172385944561599, 0.004593742342619615, -0.3983117602725002, -0.0007589534205122922]}, {"color": "CVRed", "id_name": "object47141074164541", "shape": "CVCone", "id_string": "ob14149", "world_size": [0.04, 0.04, 0.04], "id": 14149, "camera_size": [16, 15], "camera_position": [289, 260], "world_position": [0.69, 0.6199874431539305, -0.065], "world_orientation": [1.0, 4.228388472693457e-17, -1.6957377686420176e-17, -4.228388472693457e-17, 1.0, 1.0733601507606494e-16, 1.6957377686420176e-17, -1.0733601507606494e-16, 1.0], "world_rotation": [0.92051720276698, 0.14542702990328832, 0.3626279889688094, -1.1660402951017529e-16]}, {"color": "CVYellow", "id_name": "object182597286916603", "shape": "CVCapsule", "id_string": "ob14156", "world_size": [0.04, 0.08, 0.04], "id": 14156, "camera_size": [19, 17], "camera_position": [218, 242], "world_position": [0.7349706471714406, 0.6402315755428658, -0.2455800697240659], "world_orientation": [0.9999997475573662, -0.0007105354526808855, 4.957261347223027e-06, 0.0007103872703903145, 0.9998930920643434, 0.014604786610304718, -1.5333950042105058e-05, -0.014604779401858562, 0.9998933444040384], "world_rotation": [-0.9988186484447509, 0.000693856263621166, 0.04858833278150786, 0.01462257788945501]}, {"color": "CVPurple", "id_name": "object258341236916785", "shape": "CVCylinder", "id_string": "ob14163", "world_size": [0.04, 0.04, 0.04], "id": 14163, "camera_size": [17, 17], "camera_position": [236, 242], "world_position": [0.7354159525954267, 0.6201351809286217, -0.2005820981459994], "world_orientation": [0.9997813334717941, -0.0002335207875934344, 0.02091006239596302, 5.666211233517237e-05, 0.9999642266869948, 0.008458258431000521, -0.020911289552926447, -0.00845522408469033, 0.9997455812129961], "world_rotation": [-0.3749143795727052, 0.9270371258115315, 0.006432367892798699, 0.022558373340540325]}, {"color": "CVRed", "id_name": "object161063630383796", "shape": "CVCylinder", "id_string": "ob14170", "world_size": [0.04, 0.04, 0.04], "id": 14170, "camera_size": [16, 17], "camera_position": [253, 231], "world_position": [0.7638339840385999, 0.6199684948267064, -0.1554103701983079], "world_orientation": [0.9999997625505573, -4.052414320881248e-05, 0.0006879364962003156, 3.980130388346352e-05, 0.9999994472049691, 0.0010507167138642897, -0.0006879786953070214, -0.0010506890836026552, 0.9999992113685713], "world_rotation": [-0.8361920186051578, 0.5475045813630484, 0.031963125746781715, 0.00125653337013964]}, {"color": "CVGreen", "id_name": "object54404580757824", "shape": "CVCone", "id_string": "ob14177", "world_size": [0.04, 0.04, 0.04], "id": 14177, "camera_size": [16, 16], "camera_position": [271, 242], "world_position": [0.7350335070395674, 0.6199700789095313, -0.10993691416475061], "world_orientation": [0.9999969836263682, 7.127149969715899e-05, -0.002455129026839204, -7.324205088044576e-05, 0.9999996752778963, -0.0008025457643158678, 0.0024550710309643436, 0.0008027231622230867, 0.9999966641253148], "world_rotation": [-0.3106193021970523, 0.9501229920965845, 0.027963350873063023, -0.0025839841593485982]}, {"color": "CVRed", "id_name": "object118047689485981", "shape": "CVCone", "id_string": "ob14184", "world_size": [0.04, 0.04, 0.04], "id": 14184, "camera_size": [16, 16], "camera_position": [289, 242], "world_position": [0.735, 0.6199874431539305, -0.065], "world_orientation": [1.0, 4.228388472693457e-17, -1.6957377686420176e-17, -4.228388472693457e-17, 1.0, 1.0733601507606494e-16, 1.6957377686420176e-17, -1.0733601507606494e-16, 1.0], "world_rotation": [0.92051720276698, 0.14542702990328832, 0.3626279889688094, -1.1660402951017529e-16]}, {"color": "CVBlue", "id_name": "object227063419805302", "shape": "CVSphere", "id_string": "ob14191", "world_size": [0.04, 0.04, 0.04], "id": 14191, "camera_size": [17, 16], "camera_position": [219, 224], "world_position": [0.78, 0.6199874431539305, -0.245], "world_orientation": [1.0, -2.2442984970449937e-16, -1.4488340486922525e-17, 2.2442984970449937e-16, 1.0, -5.952269926945416e-16, 1.4488340486922525e-17, 5.952269926945416e-16, 1.0], "world_rotation": [-0.9354546928465729, 0.022769777356192403, -0.3527124251716587, -6.362969764823948e-16]}, {"color": "CVBlue", "id_name": "object241928761392384", "shape": "CVCapsule", "id_string": "ob14198", "world_size": [0.04, 0.08, 0.04], "id": 14198, "camera_size": [17, 17], "camera_position": [236, 224], "world_position": [0.7799885190180285, 0.6399623285781977, -0.199991663885419], "world_orientation": [0.9999999960821354, -8.829355731134104e-05, 6.32273856051539e-06, 8.829486534409154e-05, 0.9999999746408578, -0.00020717697911211357, -6.3044460077343385e-06, 0.00020717753656577086, 0.9999999785188609], "world_rotation": [0.9195793451462805, 0.028023582890886453, 0.39190369580076106, 0.00022529568621252737]}, {"color": "CVPurple", "id_name": "object47317526731998", "shape": "CVCone", "id_string": "ob14205", "world_size": [0.04, 0.04, 0.04], "id": 14205, "camera_size": [15, 17], "camera_position": [254, 215], "world_position": [0.8048961647804177, 0.6199874431582536, -0.15504322270439566], "world_orientation": [0.9999999382695405, -9.303482702394077e-11, -0.00035137005467723094, 9.320930591475597e-11, 1.0, 4.965509575109597e-10, 0.00035137005467723094, -4.965836778175325e-10, 0.9999999382695405], "world_rotation": [1.4132317511231293e-06, 0.9999999999989663, -2.6502561965559125e-07, -0.00035137006190767266]}, {"color": "CVRed", "id_name": "object153207605267098", "shape": "CVCapsule", "id_string": "ob14212", "world_size": [0.04, 0.08, 0.04], "id": 14212, "camera_size": [17, 23], "camera_position": [272, 221], "world_position": [0.7873169711383352, 0.6428129345354767, -0.10983361135306142], "world_orientation": [0.9847253160295035, 0.17405698994913707, 0.004496245149056129, -0.17404715621283964, 0.9847341559509253, -0.00249590020678489, -0.004862035049010636, 0.0016752174380753613, 0.9999867770434354], "world_rotation": [0.01197719744744529, 0.026871927201304907, -0.9995671294464382, 0.1750196096731364]}, {"color": "CVRed", "id_name": "object246206244666160", "shape": "CVBox", "id_string": "ob14219", "world_size": [0.04, 0.04, 0.04], "id": 14219, "camera_size": [16, 16], "camera_position": [289, 224], "world_position": [0.78, 0.6199874431539305, -0.065], "world_orientation": [1.0, 4.228388472693457e-17, -1.6957377686420176e-17, -4.228388472693457e-17, 1.0, 1.0733601507606494e-16, 1.6957377686420176e-17, -1.0733601507606494e-16, 1.0], "world_rotation": [0.92051720276698, 0.14542702990328832, 0.3626279889688094, -1.1660402951017529e-16]}, {"color": "CVYellow", "id_name": "object277313879313350", "shape": "CVCone", "id_string": "ob14226", "world_size": [0.04, 0.04, 0.04], "id": 14226, "camera_size": [17, 16], "camera_position": [234, 280], "world_position": [0.6390135064598699, 0.6599713151378738, -0.20502199639490779], "world_orientation": [0.999999998646536, -6.026179193489393e-06, -5.16779762584552e-05, 6.040421944597074e-06, 0.9999999620012938, 0.00027561009465292143, 5.167631341894209e-05, -0.00027561040643667476, 0.9999999606842305], "world_rotation": [0.9826446225930145, 0.18424666131368606, -0.02151077599232495, -0.00028047805668658687]}, {"color": "CVBlue", "id_name": "object139362716932972", "shape": "CVBox", "id_string": "ob14233", "world_size": [0.04, 0.04, 0.04], "id": 14233, "camera_size": [17, 17], "camera_position": [252, 281], "world_position": [0.6391725222011443, 0.660177341966952, -0.16003363767099132], "world_orientation": [0.9998636772992979, -0.01651054586426896, 0.00016938946038436584, 0.01651041748425692, 0.9998634249415129, 0.0007331976018939879, -0.0001814718186425536, -0.0007303009597083694, 0.9999997168642037], "world_rotation": [-0.04427432748823305, 0.010614391826644571, 0.9989630216437521, 0.01652837300510039]}, {"color": "CVGreen", "id_name": "object49808898989374", "shape": "CVCone", "id_string": "ob14240", "world_size": [0.04, 0.04, 0.04], "id": 14240, "camera_size": [16, 17], "camera_position": [270, 281], "world_position": [0.6399871417156626, 0.699938445776913, -0.1149640699478203], "world_orientation": [0.999999995947632, 8.594519047062146e-05, -2.6798511265163228e-05, -8.59497968762087e-05, 0.9999999815252176, -0.00017193660686454286, 2.6783733645609325e-05, 0.00017193890949439715, 0.9999999848598216], "world_rotation": [-0.8859084609960275, 0.13804112787159367, 0.44284404224465773, -0.0001940807282341183]}, {"color": "CVYellow", "id_name": "object32775310407991", "shape": "CVSphere", "id_string": "ob14247", "world_size": [0.04, 0.04, 0.04], "id": 14247, "camera_size": [17, 17], "camera_position": [234, 262], "world_position": [0.6849819371642862, 0.6599627785245487, -0.20501372764120557], "world_orientation": [0.9999999978142232, 1.2206279562135382e-05, -6.498123111910991e-05, -1.2198634320365118e-05, 0.9999999930045798, 0.00011765217325502246, 6.498266675985368e-05, -0.00011765138031558664, 0.9999999909677029], "world_rotation": [0.8717698684321826, 0.48149978372884816, 0.09041711543069382, -0.00013495737969704635]}, {"color": "CVYellow", "id_name": "object111752105886758", "shape": "CVCone", "id_string": "ob14254", "world_size": [0.04, 0.04, 0.04], "id": 14254, "camera_size": [17, 17], "camera_position": [252, 265], "world_position": [0.6788141148847363, 0.6998999911929293, -0.1600758318550308], "world_orientation": [0.9999987077432538, -0.001607139639209943, 4.0174650368534e-05, 0.0016070811797148, 0.9999977073696747, 0.001415113237907569, -4.2448842841552164e-05, -0.0014150468452934306, 0.9999989979197588], "world_rotation": [-0.6607214893161567, 0.019289056407200553, 0.7503832659773, 0.0021417210523712138]}, {"color": "CVYellow", "id_name": "object14352583623514", "shape": "CVCone", "id_string": "ob14261", "world_size": [0.04, 0.04, 0.04], "id": 14261, "camera_size": [16, 17], "camera_position": [270, 262], "world_position": [0.6849637909695023, 0.6999366674543989, -0.11507331905927222], "world_orientation": [0.9999996879090812, -0.0007900216933092156, -6.889437380931342e-06, 0.0007900285404525649, 0.9999991281990765, 0.0010580434736692469, 6.05355407806712e-06, -0.0010580485863156454, 0.9999994402481153], "world_rotation": [0.801264276735095, 0.004900900526159981, -0.5982905147185751, -0.0013204711206889854]}, {"color": "CVPurple", "id_name": "object25331369883613", "shape": "CVCylinder", "id_string": "ob14268", "world_size": [0.04, 0.04, 0.04], "id": 14268, "camera_size": [17, 17], "camera_position": [234, 244], "world_position": [0.7302465052183459, 0.6601955812128878, -0.2055061391203999], "world_orientation": [0.9998161863341524, -0.0019648865300566946, 0.01907177928656859, 0.0016750435161571936, 0.9998830463136765, 0.015201576355800595, -0.01909941814429342, -0.015166836038088424, 0.9997025454159568], "world_rotation": [-0.62085960410604, 0.7803817406650925, 0.07441566250334467, 0.024459185617072374]}, {"color": "CVPurple", "id_name": "object153206579834489", "shape": "CVCone", "id_string": "ob14275", "world_size": [0.04, 0.04, 0.04], "id": 14275, "camera_size": [19, 17], "camera_position": [251, 240], "world_position": [0.7400104962528387, 0.6616036674498936, -0.16323905018272253], "world_orientation": [0.9989335993735444, -0.023525366827101, 0.03972683171693209, 0.01800408932867528, 0.9908144086235045, 0.13402485005214654, -0.042514901035521496, -0.1331666804411134, 0.9901813563232921], "world_rotation": [-0.945375714478836, 0.29098728061213586, 0.1469393105863244, 0.14178961529632347]}, {"color": "CVPurple", "id_name": "object188850763541073", "shape": "CVBox", "id_string": "ob14282", "world_size": [0.04, 0.04, 0.04], "id": 14282, "camera_size": [17, 16], "camera_position": [270, 243], "world_position": [0.7309904638177399, 0.6599579301660944, -0.11530680244188958], "world_orientation": [0.9999257784428467, 1.8333267219714657e-05, -0.012183483465676317, -3.1247818339615094e-05, 0.9999994379073958, -0.0010598152982715674, 0.0121834571875533, 0.001060117344407914, 0.9999252169648364], "world_rotation": [-0.08667278511045605, 0.9962347711044317, 0.0020271072239329865, -0.01222982212222016]}, {"color": "CVGreen", "id_name": "object267106625383013", "shape": "CVCylinder", "id_string": "ob14289", "world_size": [0.04, 0.04, 0.04], "id": 14289, "camera_size": [17, 18], "camera_position": [245, 269], "world_position": [0.6682383819447217, 0.739841568957728, -0.17574998132066535], "world_orientation": [0.9999905937909169, -0.0019142432584048246, 0.00389204347834367, 0.0019061340162398893, 0.9999960072315459, 0.002086186491771728, -0.00389602140674291, -0.0020787481121986185, 0.9999902498642097], "world_rotation": [-0.4328249297341925, 0.8093449134686417, 0.39701812457749147, 0.004811357187411845]}, {"color": "CVYellow", "id_name": "object157445381285433", "shape": "CVCylinder", "id_string": "ob14296", "world_size": [0.04, 0.04, 0.04], "id": 14296, "camera_size": [17, 17], "camera_position": [264, 269], "world_position": [0.6691209710674918, 0.7399243332346545, -0.13074800667741357], "world_orientation": [0.999972768202801, -0.0003713441879126979, 0.007370546541573359, 0.00037065712274640087, 0.9999999268336324, 9.45834412763838e-05, -0.0073705811253084305, -9.184892002512891e-05, 0.999972832679794], "world_rotation": [-0.012630090716972717, 0.9986559114706803, 0.050267795785629156, 0.007380550863165933]}, {"color": "CVBlue", "id_name": "object208709953612124", "shape": "CVCylinder", "id_string": "ob14303", "world_size": [0.04, 0.04, 0.04], "id": 14303, "camera_size": [21, 21], "camera_position": [238, 224], "world_position": [0.7771865166028497, 0.6999523030475223, -0.19341683297174006], "world_orientation": [-0.9489884025579811, 0.00011837723781290483, 0.3153109541346149, -0.00017152315287695388, -0.999999975377376, -0.00014080147666962526, 0.31531092970314173, -0.0001877020974123222, 0.9489883994958332], "world_rotation": [-0.1597053332496122, 8.319370785734375e-05, -0.9871647276976813, 3.1414458187284993]}, {"color": "CVPurple", "id_name": "object40898107830390", "shape": "CVCone", "id_string": "ob14310", "world_size": [0.04, 0.04, 0.04], "id": 14310, "camera_size": [19, 25], "camera_position": [265, 231], "world_position": [0.7604424874855599, 0.700060022908758, -0.12887539015083097], "world_orientation": [-0.6556176310464236, 0.7513018279023284, 0.07557172256668455, -0.7397896157870131, -0.6591525223128324, 0.13501583870914755, 0.1512509379633042, 0.032611588726266974, 0.9879573057809582], "world_rotation": [0.06842832141142312, 0.05057018313390259, 0.9963735350793991, -2.296158417393071]}], "source": "manual check"}
