{"timestamp": 1721664097.025104, "objects": [{"color": "cv_", "id_name": "hand", "shape": "CVBox", "id_string": "ob383", "world_size": [0.12, 0.005, 0.12], "id": 383, "camera_size": [48, 49], "camera_position": [246, 391], "world_position": [0.3628622268621229, 0.6536751022510038, -0.17408981512160182], "world_orientation": [-4.070324492504524e-06, -0.001580904249558177, 0.9999987503618124, -0.000763120165501063, -0.9999984591893135, -0.001580906895392166, 0.9999997088154804, -0.0007631256466813374, 2.863898308704476e-06], "world_rotation": [0.0, 1.0, 0.0, 0.0]}, {"color": "CVYellow", "id_name": "object126156489706790", "shape": "CVCapsule", "id_string": "ob2305", "world_size": [0.04, 0.08, 0.04], "id": 2305, "camera_size": [17, 16], "camera_position": [256, 250], "world_position": [0.7129917251173629, 0.6399837815626873, -0.1500984409739864], "world_orientation": [0.9999998329010514, 0.00014821775006389863, -0.0005587748812195379, -0.00014710644845382676, 0.9999980124400263, 0.0019883349038661235, 0.0005590684771467756, -0.00198825237222919, 0.9999978671451966], "world_rotation": [0.9602360220849933, 0.2699283041527467, 0.07131263918556642, -0.0020706316084015118]}, {"color": "CVGreen", "id_name": "object45965824005598", "shape": "CVSphere", "id_string": "ob2312", "world_size": [0.04, 0.04, 0.04], "id": 2312, "camera_size": [17, 17], "camera_position": [219, 295], "world_position": [0.6000000045083222, 0.6199874431528309, -0.24500001261608315], "world_orientation": [0.9999999999999093, 2.4826063543926575e-10, 4.2600949689029914e-07, -2.4826076660132543e-10, 1.0, 3.0801050342881874e-10, -4.260094968902227e-07, -3.0801060914722423e-10, 0.9999999999999093], "world_rotation": [-0.0007230130448478916, 0.9999995688223249, -0.0005827583558302107, 4.260096805761374e-07]}, {"color": "CVBlue", "id_name": "object25317535407232", "shape": "CVCone", "id_string": "ob2319", "world_size": [0.04, 0.04, 0.04], "id": 2319, "camera_size": [16, 17], "camera_position": [236, 296], "world_position": [0.5991432231425516, 0.6203451738557663, -0.2001338586963807], "world_orientation": [0.9997980404207923, -0.01871154415347828, 0.007331881486779517, 0.01871151575758612, 0.9998249216364864, 7.247515015774606e-05, -0.007331953954939544, 6.473010286570463e-05, 0.999973118769308], "world_rotation": [-0.00019269425750379995, 0.3648314562912344, 0.9310735585169092, 0.020098078764826142]}, {"color": "CVGreen", "id_name": "object174993743603409", "shape": "CVBox", "id_string": "ob2326", "world_size": [0.04, 0.04, 0.04], "id": 2326, "camera_size": [17, 18], "camera_position": [254, 299], "world_position": [0.5901571817236675, 0.6208266098674178, -0.1554288507682506], "world_orientation": [0.9983022857205965, -0.04336161493747926, 0.03888851597896912, 0.0433751033090112, 0.9990587336118524, 0.0004971989689806412, -0.038873470876233426, 0.0011904385309306619, 0.9992434318613952], "world_rotation": [0.00595090156658652, 0.6675238327365794, 0.7445646509868784, 0.05827958522530157]}, {"color": "CVBlue", "id_name": "object16595642828005", "shape": "CVSphere", "id_string": "ob2333", "world_size": [0.04, 0.04, 0.04], "id": 2333, "camera_size": [16, 17], "camera_position": [271, 295], "world_position": [0.6, 0.6199874431539305, -0.11], "world_orientation": [1.0, 4.228388472693457e-17, -1.6957377686420176e-17, -4.228388472693457e-17, 1.0, 1.0733601507606494e-16, 1.6957377686420176e-17, -1.0733601507606494e-16, 1.0], "world_rotation": [0.92051720276698, 0.14542702990328832, 0.3626279889688094, -1.1660402951017529e-16]}, {"color": "CVBlue", "id_name": "object34665877827267", "shape": "CVCylinder", "id_string": "ob2340", "world_size": [0.04, 0.04, 0.04], "id": 2340, "camera_size": [16, 17], "camera_position": [289, 295], "world_position": [0.6, 0.6199874431539305, -0.065], "world_orientation": [1.0, 2.049142105997599e-16, 5.802954297681148e-18, -2.049142105997599e-16, 1.0, 6.179952383167331e-17, -5.802954297681148e-18, -6.179952383167331e-17, 1.0], "world_rotation": [-0.28863572672225335, 0.027102796704540077, -0.9570553043948448, 2.1410905896324258e-16]}, {"color": "CVPurple", "id_name": "object56771244223543", "shape": "CVCapsule", "id_string": "ob2347", "world_size": [0.04, 0.08, 0.04], "id": 2347, "camera_size": [18, 17], "camera_position": [218, 278], "world_position": [0.6450006415458325, 0.6399750913702275, -0.2450325104723529], "world_orientation": [0.9999999981051444, 1.4638413328104998e-05, 5.979488305146148e-05, -1.4681805366627245e-05, 0.9999997365389216, 0.0007257455008590759, -5.978424353522315e-05, -0.0007257463773807279, 0.999999734858985], "world_rotation": [-0.9964217479320727, 0.08208881090963271, -0.02012777611748305, 0.0007283522311649217]}, {"color": "CVRed", "id_name": "object815110217668", "shape": "CVCylinder", "id_string": "ob2354", "world_size": [0.04, 0.04, 0.04], "id": 2354, "camera_size": [16, 16], "camera_position": [236, 278], "world_position": [0.6434504704453317, 0.6199748856763952, -0.20002833482225188], "world_orientation": [0.9998980021622762, 0.0004792427899686133, 0.014274298519959998, -0.00047500705282203147, 0.9999998421458446, -0.0003001276162479002, -0.014274440100698815, 0.0002933166114089326, 0.9998980719679267], "world_rotation": [0.020770971430988147, 0.9992262231984399, -0.03339942542012726, 0.014285908962833563]}, {"color": "CVGreen", "id_name": "object132860214109557", "shape": "CVCone", "id_string": "ob2361", "world_size": [0.04, 0.04, 0.04], "id": 2361, "camera_size": [16, 17], "camera_position": [254, 283], "world_position": [0.6316075849835681, 0.620885512125549, -0.15417772230998597], "world_orientation": [0.9987926071588461, -0.04795734691464948, 0.010649918391373915, 0.047963753333560594, 0.9988490166652766, -0.0003468039323763203, -0.010621028716292943, 0.000857195262537478, 0.9999432278711077], "world_rotation": [0.01225336722004199, 0.2164791530836471, 0.976210341715328, 0.04914910517804047]}, {"color": "CVBlue", "id_name": "object82452142554895", "shape": "CVCapsule", "id_string": "ob2368", "world_size": [0.04, 0.08, 0.04], "id": 2368, "camera_size": [17, 17], "camera_position": [272, 278], "world_position": [0.6449135909329846, 0.6399623285505243, -0.10992330581686673], "world_orientation": [0.9999916176814506, -0.00015719669121440864, -0.004091436915791754, 0.00015784415641072587, 0.9999999750722326, 0.00015792642736081665, 0.00409141198828953, -0.0001585709129796725, 0.9999916175664713], "world_rotation": [0.03862066728138056, 0.9985141884552634, -0.03844293839273666, -0.004097524049567881]}, {"color": "CVRed", "id_name": "object115310590098856", "shape": "CVCone", "id_string": "ob2375", "world_size": [0.04, 0.04, 0.04], "id": 2375, "camera_size": [16, 16], "camera_position": [289, 277], "world_position": [0.645, 0.6199874431539305, -0.065], "world_orientation": [1.0, 3.5778671692020784e-17, -3.6332864841185517e-17, -3.5778671692020784e-17, 1.0, 1.0733601507606489e-16, 3.6332864841185517e-17, -1.0733601507606489e-16, 1.0], "world_rotation": [0.9032531890035577, 0.3057480381601587, 0.3010843963345121, -1.18832699826363e-16]}, {"color": "CVGreen", "id_name": "object252234873386506", "shape": "CVCapsule", "id_string": "ob2382", "world_size": [0.04, 0.08, 0.04], "id": 2382, "camera_size": [18, 17], "camera_position": [218, 260], "world_position": [0.6900000234412165, 0.6399748522263982, -0.24504228406642728], "world_orientation": [0.9999999996480783, 5.879768725094362e-07, 2.6523533245349864e-05, -6.148695531236081e-07, 0.9999994859735523, 0.0010139291166076318, -2.652292344468134e-05, -0.0010139291325593212, 0.999999485621992], "world_rotation": [-0.9996578568180494, 0.026149908273091667, -0.0005929580533666702, 0.0010142763261607973]}, {"color": "CVYellow", "id_name": "object32072848068462", "shape": "CVCone", "id_string": "ob2389", "world_size": [0.04, 0.04, 0.04], "id": 2389, "camera_size": [16, 16], "camera_position": [236, 259], "world_position": [0.6902785951288826, 0.6199748923767603, -0.199588614482491], "world_orientation": [0.999947496379794, -0.00020570594239672276, -0.01024510462841497, 0.00019702074879957482, 0.9999996204090849, -0.0008487429002423569, 0.010245275330924477, 0.0008466798399820494, 0.9999471573371476], "world_rotation": [-0.08244476907801988, 0.9964032002101305, -0.01958373464593206, -0.010282354082768858]}, {"color": "CVYellow", "id_name": "object280448758011429", "shape": "CVCone", "id_string": "ob2396", "world_size": [0.04, 0.04, 0.04], "id": 2396, "camera_size": [16, 16], "camera_position": [254, 266], "world_position": [0.6730210996952655, 0.6199484950750663, -0.15445744861858984], "world_orientation": [0.9999990741258253, -0.0002683971175230841, -0.0013340578995849489, 0.0002693552934138696, 0.9999997058800753, 0.0007181138411833181, 0.001333864767526916, -0.0007184725118572258, 0.9999988523003572], "world_rotation": [0.4668088770745506, 0.8669231624818876, -0.1747389556933422, -0.00153873136361844]}, {"color": "CVPurple", "id_name": "object58844961754329", "shape": "CVSphere", "id_string": "ob2403", "world_size": [0.04, 0.04, 0.04], "id": 2403, "camera_size": [16, 15], "camera_position": [271, 260], "world_position": [0.6900011259356053, 0.6199580097933589, -0.10998256384552843], "world_orientation": [0.9999999882000598, -0.0001513712254436067, -2.620367368080712e-05, 0.00015135474743198523, 0.9999997915374986, -0.0006277074954659667, 2.6298685071109333e-05, 0.000627703522008645, 0.9999998026483143], "world_rotation": [-0.971333510107683, 0.040621995271332055, -0.23422439164626696, -0.0006462307187955482]}, {"color": "CVYellow", "id_name": "object133890847154367", "shape": "CVCapsule", "id_string": "ob2410", "world_size": [0.04, 0.08, 0.04], "id": 2410, "camera_size": [17, 17], "camera_position": [290, 260], "world_position": [0.6900116852593505, 0.6399691723191827, -0.06496822487296984], "world_orientation": [0.9999999618068646, 0.00027498537675540465, -2.7736475954675205e-05, -0.00027499853635410846, 0.9999998491052738, -0.0004755683280379666, 2.7605697433576698e-05, 0.00047557593736480936, 0.9999998865327202], "world_rotation": [-0.8645978391906862, 0.0503064837460137, 0.4999398305395443, -0.0005500501332824113]}, {"color": "CVRed", "id_name": "object266062830730783", "shape": "CVCylinder", "id_string": "ob2417", "world_size": [0.04, 0.04, 0.04], "id": 2417, "camera_size": [17, 16], "camera_position": [219, 242], "world_position": [0.7350058984792402, 0.6199852137138308, -0.2450044413851721], "world_orientation": [0.9999999554057433, 9.795509347446755e-06, 0.0002984837675294024, -9.7852946386196e-06, 0.9999999993665025, -3.4223432204027234e-05, -0.0002984841025762639, 3.422050992624642e-05, 0.9999999548680978], "world_rotation": [0.11384599006318781, 0.992964404048133, -0.032569661341013495, 0.00030059883146980914]}, {"color": "CVGreen", "id_name": "object50272455088177", "shape": "CVBox", "id_string": "ob2424", "world_size": [0.04, 0.04, 0.04], "id": 2424, "camera_size": [16, 16], "camera_position": [236, 242], "world_position": [0.7351641264345348, 0.619971593383738, -0.20015650167608426], "world_orientation": [0.9999636641574267, -1.432140250614385e-05, 0.00852467945149034, 1.8174794844461736e-05, 0.9999998977051918, -0.0004519505312497936, -0.008524672106894417, 0.0004520890435465849, 0.9999635621266242], "world_rotation": [0.052950383183698616, 0.9985953305787498, 0.0019033305064274611, 0.008536770662134152]}, {"color": "CVBlue", "id_name": "object17787634684389", "shape": "CVCylinder", "id_string": "ob2431", "world_size": [0.04, 0.04, 0.04], "id": 2431, "camera_size": [15, 16], "camera_position": [254, 235], "world_position": [0.7529691550258749, 0.6199810036883636, -0.15503911488850247], "world_orientation": [0.9999997617784496, 0.0002051583449762703, 0.0006590546999449951, -0.00020540419122044786, 0.999999909346559, 0.00037298256251520597, -0.0006589781197142009, -0.00037311784626031157, 0.9999997132654143], "world_rotation": [-0.4754607070584577, 0.8399309382364428, -0.2616355003372446, 0.0007846079331586985]}, {"color": "CVYellow", "id_name": "object91065278613778", "shape": "CVCylinder", "id_string": "ob2438", "world_size": [0.04, 0.04, 0.04], "id": 2438, "camera_size": [16, 16], "camera_position": [271, 241], "world_position": [0.7356831098597809, 0.619976867795121, -0.10999035827012466], "world_orientation": [0.9999975094665107, -0.0003661870107023892, 0.0022015830325426877, 0.00036673143737734525, 0.9999999022766557, -0.0002468901217972353, -0.0022014924094409583, 0.0002476968966191457, 0.9999975460356983], "world_rotation": [0.11012908905299996, 0.9804274463367797, 0.16319805824180983, 0.002245489535534815]}, {"color": "CVBlue", "id_name": "object91264832620347", "shape": "CVBox", "id_string": "ob2445", "world_size": [0.04, 0.04, 0.04], "id": 2445, "camera_size": [16, 16], "camera_position": [289, 242], "world_position": [0.735, 0.6199874431539305, -0.065], "world_orientation": [1.0, 4.228388472693457e-17, -1.6957377686420176e-17, -4.228388472693457e-17, 1.0, 1.0733601507606494e-16, 1.6957377686420176e-17, -1.0733601507606494e-16, 1.0], "world_rotation": [0.92051720276698, 0.14542702990328832, 0.3626279889688094, -1.1660402951017529e-16]}, {"color": "CVBlue", "id_name": "object15162168461482", "shape": "CVCylinder", "id_string": "ob2452", "world_size": [0.04, 0.04, 0.04], "id": 2452, "camera_size": [17, 16], "camera_position": [219, 224], "world_position": [0.78, 0.6199874431539305, -0.245], "world_orientation": [1.0, -2.2442984970449937e-16, -1.4488340486922525e-17, 2.2442984970449937e-16, 1.0, -5.952269926945416e-16, 1.4488340486922525e-17, 5.952269926945416e-16, 1.0], "world_rotation": [-0.9354546928465729, 0.022769777356192403, -0.3527124251716587, -6.362969764823948e-16]}, {"color": "CVYellow", "id_name": "object174273448769622", "shape": "CVBox", "id_string": "ob2459", "world_size": [0.04, 0.04, 0.04], "id": 2459, "camera_size": [16, 16], "camera_position": [236, 224], "world_position": [0.7804368261515986, 0.6199838418918289, -0.20018478225206196], "world_orientation": [0.9999554572309471, -1.2493062064061949e-05, -0.009438400180711688, 9.905845463947315e-06, 0.9999999623683409, -0.00027416270916921656, 0.009438403250660773, 0.0002740570018693621, 0.9999554197247184], "world_rotation": [-0.02902971784755886, 0.9995778452373286, -0.0011860827922436986, -0.009442528182143965]}, {"color": "CVYellow", "id_name": "object91310909118129", "shape": "CVCone", "id_string": "ob2466", "world_size": [0.04, 0.04, 0.04], "id": 2466, "camera_size": [16, 17], "camera_position": [253, 219], "world_position": [0.793968660343003, 0.6199807200374896, -0.15648660370915862], "world_orientation": [0.9988712404075987, 0.0001222847970024983, 0.047499790873371084, -0.00013095102268319893, 0.999999975345237, 0.0001793358731899182, -0.04749976777222416, -0.00018535359229489968, 0.9988712317939838], "world_rotation": [-0.003838812389061779, 0.9999890789258183, -0.002665623479612517, 0.04751817855296791]}, {"color": "CVYellow", "id_name": "object164703906347748", "shape": "CVCapsule", "id_string": "ob2473", "world_size": [0.04, 0.08, 0.04], "id": 2473, "camera_size": [17, 17], "camera_position": [272, 224], "world_position": [0.7800053889341154, 0.6399704111374991, -0.11000645789092721], "world_orientation": [0.9999998550289556, 0.0005383377029275853, 1.1601110410187938e-05, -0.0005383394480348857, 0.9999998437021336, 0.0001509514728148425, -1.1519845727841628e-05, -0.00015095769626662377, 0.9999999885395335], "world_rotation": [-0.2699367308863892, 0.02067242718681124, -0.9626561234794984, 0.0005592221255441379]}, {"color": "CVBlue", "id_name": "object232821103922494", "shape": "CVCone", "id_string": "ob2480", "world_size": [0.04, 0.04, 0.04], "id": 2480, "camera_size": [16, 16], "camera_position": [289, 224], "world_position": [0.78, 0.6199874431539305, -0.065], "world_orientation": [1.0, 4.228388472693457e-17, -1.6957377686420176e-17, -4.228388472693457e-17, 1.0, 1.0733601507606494e-16, 1.6957377686420176e-17, -1.0733601507606494e-16, 1.0], "world_rotation": [0.92051720276698, 0.14542702990328832, 0.3626279889688094, -1.1660402951017529e-16]}, {"color": "CVRed", "id_name": "object55929584705773", "shape": "CVCone", "id_string": "ob2487", "world_size": [0.04, 0.04, 0.04], "id": 2487, "camera_size": [17, 17], "camera_position": [234, 281], "world_position": [0.6387433843303065, 0.6599653001331154, -0.20492157462360053], "world_orientation": [0.9999755636780567, 0.00041337243288617337, 0.006978622355793407, -0.0004129497126679528, 0.9999999128133701, -6.201441025633569e-05, -0.006978647382398484, 5.91310747555961e-05, 0.9999756471955847], "world_rotation": [0.008664243956126865, 0.9982145844003264, -0.059098006456666345, 0.006991173868860835]}, {"color": "CVGreen", "id_name": "object280200994557356", "shape": "CVCylinder", "id_string": "ob2494", "world_size": [0.04, 0.04, 0.04], "id": 2494, "camera_size": [17, 19], "camera_position": [252, 285], "world_position": [0.6281925018588511, 0.6607588234785113, -0.1606499292155126], "world_orientation": [0.9980928523128396, -0.04808842688492804, 0.03870608946603893, 0.04808588640744778, 0.9988427069675315, 0.0009971289707481807, -0.03870924554199044, 0.0008659893228026739, 0.9992501410418028], "world_rotation": [-0.0010621938366413596, 0.6270421874338428, 0.7789845742519136, 0.06176983650325006]}, {"color": "CVGreen", "id_name": "object242421966925617", "shape": "CVCone", "id_string": "ob2501", "world_size": [0.04, 0.04, 0.04], "id": 2501, "camera_size": [17, 17], "camera_position": [271, 281], "world_position": [0.639924902278417, 0.6999476774547109, -0.11495559365896853], "world_orientation": [0.9999915968050613, -0.00025943328120923146, -0.004091333967817537, 0.00026050186975593286, 0.9999999320994789, 0.00026065266799286696, 0.004091266068036916, -0.0002617162778261004, 0.9999915964879658], "world_rotation": [0.06358159688457185, 0.9959680434902495, -0.06328536073858189, -0.0041078742949846175]}, {"color": "CVGreen", "id_name": "object249328628128184", "shape": "CVCone", "id_string": "ob2508", "world_size": [0.04, 0.04, 0.04], "id": 2508, "camera_size": [17, 16], "camera_position": [234, 262], "world_position": [0.6837626744466402, 0.6599647665487696, -0.2049162419688746], "world_orientation": [0.9999707838826415, -0.0003540797769154254, 0.007635837128121237, 0.0003597011382671717, 0.9999996653267976, -0.0007348206474225282, -0.0076355743874802606, 0.000737545798122859, 0.9999705765821157], "world_rotation": [0.0958645542407818, 0.9943088977611116, 0.04647368151222083, 0.0076794855476971565]}, {"color": "CVBlue", "id_name": "object233493625878073", "shape": "CVCapsule", "id_string": "ob2515", "world_size": [0.04, 0.08, 0.04], "id": 2515, "camera_size": [17, 17], "camera_position": [252, 268], "world_position": [0.6706018590940497, 0.6799028955171263, -0.1593214178905027], "world_orientation": [0.9999486751575425, -0.0009312217729504193, 0.01008860132452193, 0.0009167023425056262, 0.999998537663221, 0.0014437202759575638, -0.010089930995344183, -0.00143439793277506, 0.9999480665489981], "world_rotation": [-0.14062683187827155, 0.9859369443153044, 0.09029084111957772, 0.010233354490041069]}, {"color": "CVPurple", "id_name": "object280898989220293", "shape": "CVBox", "id_string": "ob2522", "world_size": [0.04, 0.04, 0.04], "id": 2522, "camera_size": [17, 17], "camera_position": [272, 262], "world_position": [0.6855579512876907, 0.6599393327391676, -0.11020994704364795], "world_orientation": [0.9999733005566283, -0.0004132676100492431, -0.007295709956264896, 0.00041256745757680687, 0.9999999101436042, -9.747244112369125e-05, 0.007295749582901483, 9.445986615588959e-05, 0.9999733812033986], "world_rotation": [-0.013131593748538806, 0.9983161333410331, -0.056501850913330216, -0.007308100579022042]}, {"color": "CVRed", "id_name": "object224999211201643", "shape": "CVCone", "id_string": "ob2529", "world_size": [0.04, 0.04, 0.04], "id": 2529, "camera_size": [17, 16], "camera_position": [234, 243], "world_position": [0.7309597492566309, 0.6599585525246495, -0.20483445099528397], "world_orientation": [0.9999403078160077, -0.0002069394974325419, 0.010924192458582357, 0.00021446254155713424, 0.9999997406801796, -0.0006874921033376928, -0.010924047356452376, 0.000689793895511694, 0.9999400928924371], "world_rotation": [0.06290222718479796, 0.9978341067733093, 0.019245913205253155, 0.010948050446029022]}, {"color": "CVBlue", "id_name": "object281150828632030", "shape": "CVCone", "id_string": "ob2536", "world_size": [0.04, 0.04, 0.04], "id": 2536, "camera_size": [17, 18], "camera_position": [251, 229], "world_position": [0.7657269275856273, 0.6599719430280461, -0.16159781806819695], "world_orientation": [0.00016959001431107712, 0.999685387438583, 0.02508181375014824, -0.9999999242685883, 0.0001607507796210541, 0.00035443194618274375, 0.0003502885163256634, -0.025081871958785903, 0.9996853389927246], "world_rotation": [-0.01271815195287518, 0.012365762617291316, -0.999842655884313, 1.5707884869015682]}, {"color": "CVPurple", "id_name": "object99289646513626", "shape": "CVCylinder", "id_string": "ob2543", "world_size": [0.04, 0.04, 0.04], "id": 2543, "camera_size": [17, 16], "camera_position": [272, 244], "world_position": [0.7282034199865991, 0.6599633842211995, -0.11008086260668898], "world_orientation": [0.9999996356132989, -0.0007503730153420789, -0.00040707936254955827, 0.0007501097656298838, 0.9999995097208191, -0.0006464467968020042, 0.00040756423919917123, 0.0006461412070401694, 0.9999997081964231], "world_rotation": [-0.6035995990637348, 0.3804139833680596, -0.7006801875807137, -0.0010707331920304913]}, {"color": "CVBlue", "id_name": "object222922006634219", "shape": "CVCone", "id_string": "ob2550", "world_size": [0.04, 0.04, 0.04], "id": 2550, "camera_size": [17, 17], "camera_position": [247, 274], "world_position": [0.657813444143766, 0.7398560819426457, -0.17142839557215592], "world_orientation": [0.9998938375941722, -0.00135862095009459, 0.014507504620478815, 0.001331997756412479, 0.9999974115441416, 0.0018446373610213065, -0.014509973231407496, -0.0018251175662755534, 0.999893059093168], "world_rotation": [-0.12494014063395824, 0.9879263971253653, 0.09160455840874693, 0.014686580457736565]}, {"color": "CVBlue", "id_name": "object73712228311509", "shape": "CVCylinder", "id_string": "ob2557", "world_size": [0.04, 0.04, 0.04], "id": 2557, "camera_size": [18, 18], "camera_position": [274, 260], "world_position": [0.6893965897030031, 0.69994039922261, -0.10573108815175447], "world_orientation": [0.0008155864110833818, 0.9963277008060636, -0.08561803212705398, -0.9999996184541766, 0.0008393819975655626, 0.00024192842696930256, 0.00031290622823638986, 0.0856178021463139, 0.9963280052499414], "world_rotation": [-0.04268795856861387, 0.042965491027725754, 0.9981641672460452, -1.5718048401365612]}, {"color": "CVBlue", "id_name": "object77529100290339", "shape": "CVCone", "id_string": "ob2564", "world_size": [0.04, 0.04, 0.04], "id": 2564, "camera_size": [18, 18], "camera_position": [243, 240], "world_position": [0.7376671448127987, 0.6999542443553413, -0.17961502000610272], "world_orientation": [0.9974325822274367, -0.000275242556484335, 0.07161122923566657, 0.0002468399395164855, 0.9999998873313642, 0.0004054717048464924, -0.07161133277039568, -0.0003867541780919646, 0.997432537788924], "world_rotation": [-0.005531310773607452, 0.9999780584161185, 0.0036451731722397444, 0.07167420389345287]}, {"color": "CVGreen", "id_name": "object147277586002769", "shape": "CVBox", "id_string": "ob2571", "world_size": [0.04, 0.04, 0.04], "id": 2571, "camera_size": [22, 21], "camera_position": [278, 240], "world_position": [0.737783066611747, 0.6999078310054757, -0.09606433496105203], "world_orientation": [0.9488168379318831, -0.3158206294351826, -0.0019844596513538815, -0.0036285808923641185, -0.004617916263942104, -0.9999827539763307, 0.3158060187166329, 0.9488076753866109, -0.005527537408770669], "world_rotation": [-0.9748536498082727, 0.15896999648783275, -0.15616946459582987, -1.6014654423068466]}], "source": "manual check"}
