{"timestamp": 1721665285.340008, "objects": [{"color": "cv_", "id_name": "hand", "shape": "CVBox", "id_string": "ob383", "world_size": [0.12, 0.005, 0.12], "id": 383, "camera_size": [48, 49], "camera_position": [246, 391], "world_position": [0.36269678385516974, 0.6554978222608935, -0.1740898397998131], "world_orientation": [-4.10780197743423e-06, -0.0015808960647321888, 0.9999987503745985, -0.0007631202330348602, -0.9999984592021562, -0.0015808987391682878, 0.9999997088152757, -0.0007631257734398006, 2.90138187518309e-06], "world_rotation": [0.0, 1.0, 0.0, 0.0]}, {"color": "CVRed", "id_name": "object189085339746305", "shape": "CVCone", "id_string": "ob14317", "world_size": [0.04, 0.04, 0.04], "id": 14317, "camera_size": [16, 16], "camera_position": [255, 244], "world_position": [0.7286784586932376, 0.6199786709257766, -0.1504935584837662], "world_orientation": [0.9999599963565133, 0.00010856718025665194, 0.008943930894703496, -0.00011059548259564473, 0.9999999682817633, 0.00022628546487258615, -0.008943906043842926, -0.00022726557098312456, 0.9999599766465852], "world_rotation": [-0.025345228195952207, 0.999603734305381, -0.012247194390249691, 0.008947583431317813]}, {"color": "CVGreen", "id_name": "object10149998285831", "shape": "CVCylinder", "id_string": "ob14324", "world_size": [0.04, 0.04, 0.04], "id": 14324, "camera_size": [18, 18], "camera_position": [219, 295], "world_position": [0.5994459981753205, 0.6199874431839617, -0.24291933879134872], "world_orientation": [0.9932219612666505, 5.056944172929024e-10, -0.11623310912828627, -5.412190380029876e-10, 1.0, -2.740717971513177e-10, 0.11623310912828627, 3.3512169940101494e-10, 0.9932219612666505], "world_rotation": [-2.6205678447436472e-09, 0.9999999999999999, 4.503507921053774e-09, -0.11649643403595444]}, {"color": "CVBlue", "id_name": "object89453714725848", "shape": "CVCone", "id_string": "ob14331", "world_size": [0.04, 0.04, 0.04], "id": 14331, "camera_size": [16, 17], "camera_position": [236, 296], "world_position": [0.5975946349520872, 0.619987443185523, -0.19944529851059914], "world_orientation": [0.9998550972854305, 3.1240696741114725e-10, -0.017023055904926976, -3.2055132213143623e-10, 1.0, -4.757022481028554e-10, 0.017023055904926976, 4.810900806328195e-10, 0.9998550972854305], "world_rotation": [-2.8102836943005934e-08, 0.9999999999999994, 1.8591206334445106e-08, -0.017023878181590863]}, {"color": "CVYellow", "id_name": "object131538776800751", "shape": "CVCone", "id_string": "ob14338", "world_size": [0.04, 0.04, 0.04], "id": 14338, "camera_size": [16, 17], "camera_position": [253, 295], "world_position": [0.6010071907775069, 0.6199844610187342, -0.15563462433583147], "world_orientation": [0.9995884988697066, 0.0003477881423863033, 0.028682956103146147, -0.00034735778702898464, 0.9999999394715516, -1.9986518340690792e-05, -0.028682961318085412, 1.0015045708364182e-05, 0.999588559173085], "world_rotation": [0.0005229474019558899, 0.9999264514075931, -0.012116860213472368, 0.02868900375188989]}, {"color": "CVYellow", "id_name": "object212318072810650", "shape": "CVCapsule", "id_string": "ob14345", "world_size": [0.04, 0.08, 0.04], "id": 14345, "camera_size": [17, 18], "camera_position": [272, 296], "world_position": [0.5988500066297242, 0.6400483422590801, -0.11010479504033967], "world_orientation": [0.9999751961905821, -0.004959177416588293, 0.005001356111863906, 0.00495923204955413, 0.9999877029320383, 1.4779069692944702e-06, -0.005001301939050765, 2.3325015209598745e-05, 0.9999874931392183], "world_rotation": [0.001550929100157271, 0.7100900164657175, 0.7041091983028224, 0.007043290654233823]}, {"color": "CVGreen", "id_name": "object6132158441981", "shape": "CVSphere", "id_string": "ob14352", "world_size": [0.04, 0.04, 0.04], "id": 14352, "camera_size": [16, 17], "camera_position": [289, 295], "world_position": [0.6, 0.6199874431539305, -0.065], "world_orientation": [1.0, 2.049142105997599e-16, 5.802954297681148e-18, -2.049142105997599e-16, 1.0, 6.179952383167331e-17, -5.802954297681148e-18, -6.179952383167331e-17, 1.0], "world_rotation": [-0.28863572672225335, 0.027102796704540077, -0.9570553043948448, 2.1410905896324258e-16]}, {"color": "CVGreen", "id_name": "object186419120263858", "shape": "CVCone", "id_string": "ob14359", "world_size": [0.04, 0.04, 0.04], "id": 14359, "camera_size": [18, 18], "camera_position": [218, 278], "world_position": [0.6430944556264491, 0.6199842696215795, -0.24517365150059983], "world_orientation": [0.9955091926209387, 8.418417680425646e-05, -0.09466488430369069, -7.318857501914733e-05, 0.9999999901666585, 0.00011962489399688564, 0.09466489344334178, -0.0001121592936536655, 0.9955091889930769], "world_rotation": [0.0012242339089215955, 0.9999989051710246, 0.0008312088114180539, -0.09480695518746718]}, {"color": "CVRed", "id_name": "object35550993464082", "shape": "CVCone", "id_string": "ob14366", "world_size": [0.04, 0.04, 0.04], "id": 14366, "camera_size": [16, 16], "camera_position": [236, 277], "world_position": [0.6447788711428437, 0.6199757125241451, -0.20020670545837804], "world_orientation": [0.9999394566479015, -0.00023297458043275798, -0.01100130726526549, 0.0002283952931168264, 0.9999998867630332, -0.00041750390571732184, 0.011001403287308087, 0.00041496598183383645, 0.9999393966280876], "world_rotation": [-0.03779953072385576, 0.9990657271540044, -0.020949183833664176, -0.011011865706110605]}, {"color": "CVPurple", "id_name": "object202195912132806", "shape": "CVSphere", "id_string": "ob14373", "world_size": [0.04, 0.04, 0.04], "id": 14373, "camera_size": [16, 16], "camera_position": [254, 278], "world_position": [0.643130313177998, 0.619979177027198, -0.15487340037418332], "world_orientation": [0.9999772155055966, -0.00015669053919573964, -0.0067486233965638335, 0.00015845593893432376, 0.999999953369653, 0.00026106016044137554, 0.006748582176215881, -0.0002621235717744272, 0.9999771937048585], "world_rotation": [0.03872274816070121, 0.9989777206076808, -0.023325147467178408, -0.006755560188292294]}, {"color": "CVYellow", "id_name": "object182325808868234", "shape": "CVSphere", "id_string": "ob14380", "world_size": [0.04, 0.04, 0.04], "id": 14380, "camera_size": [16, 16], "camera_position": [270, 278], "world_position": [0.6426748037113843, 0.6199623814819377, -0.11252433761023177], "world_orientation": [0.9999899207709291, 0.0010077657020451988, 0.0043752445463943555, -0.0010077157909305964, 0.9999994921616686, -1.3612114754541267e-05, -0.004375256042299847, 9.202974536316007e-06, 0.9999904284791278], "world_rotation": [0.0025407574874815484, 0.9744822650703329, -0.22445012723271815, 0.004489835424457038]}, {"color": "CVRed", "id_name": "object173723722601634", "shape": "CVCone", "id_string": "ob14387", "world_size": [0.04, 0.04, 0.04], "id": 14387, "camera_size": [16, 16], "camera_position": [289, 277], "world_position": [0.645, 0.6199874431539305, -0.065], "world_orientation": [1.0, 3.5778671692020784e-17, -3.6332864841185517e-17, -3.5778671692020784e-17, 1.0, 1.0733601507606489e-16, 3.6332864841185517e-17, -1.0733601507606489e-16, 1.0], "world_rotation": [0.9032531890035577, 0.3057480381601587, 0.3010843963345121, -1.18832699826363e-16]}, {"color": "CVPurple", "id_name": "object241110872556045", "shape": "CVCylinder", "id_string": "ob14394", "world_size": [0.04, 0.04, 0.04], "id": 14394, "camera_size": [17, 16], "camera_position": [220, 259], "world_position": [0.6903225092883885, 0.6207353477635994, -0.24198631850541596], "world_orientation": [0.9999661775481571, -0.00035263390743335896, -0.008217019475146147, 0.0006699692442018236, 0.9992526395201845, 0.0386485905714089, 0.008197249596018558, -0.03865278853164287, 0.9992190785997777], "world_rotation": [0.9781085297389913, 0.20769275754490749, -0.012939185261092707, -0.039526038528294366]}, {"color": "CVBlue", "id_name": "object48193007974631", "shape": "CVBox", "id_string": "ob14401", "world_size": [0.04, 0.04, 0.04], "id": 14401, "camera_size": [16, 15], "camera_position": [236, 260], "world_position": [0.6900043347431621, 0.6199694607514553, -0.19995854130793791], "world_orientation": [0.9999999774485077, 0.00020524890953258322, -5.4551528123177535e-05, -0.00020531263028484689, 0.9999992937050615, -0.0011706562698149039, 5.431121367089976e-05, 0.0011706674435325826, 0.9999993132937788], "world_rotation": [-0.9839398069241803, 0.04574949825667442, 0.17253822695063684, -0.0011897700699011818]}, {"color": "CVRed", "id_name": "object276555466047464", "shape": "CVCapsule", "id_string": "ob14408", "world_size": [0.04, 0.08, 0.04], "id": 14408, "camera_size": [17, 16], "camera_position": [254, 260], "world_position": [0.6885431085625611, 0.6399311671774628, -0.15504185051359734], "world_orientation": [0.9999974478460777, -0.0019540690018875428, 0.0011339822163569933, 0.0019528179572378859, 0.9999974846214149, 0.0011032918332315434, -0.0011361352723337768, -0.00110107455662566, 0.9999987484149486], "world_rotation": [-0.4384558920721525, 0.4515340068657932, 0.7770929618462226, 0.002513786165639871]}, {"color": "CVRed", "id_name": "object251248969282192", "shape": "CVBox", "id_string": "ob14415", "world_size": [0.04, 0.04, 0.04], "id": 14415, "camera_size": [16, 15], "camera_position": [271, 260], "world_position": [0.6899735217104653, 0.619961031923703, -0.11000067320204389], "world_orientation": [0.9999994997099932, -0.0009999174673866985, 2.729142411778095e-05, 0.0009999230993840964, 0.999999478623777, -0.0002071375620590479, -2.708428942224751e-05, 0.0002071647477555833, 0.9999999781746041], "world_rotation": [0.20278831727473381, 0.026615249754047877, 0.9788608311999266, 0.0010215144231086439]}, {"color": "CVBlue", "id_name": "object210672416417167", "shape": "CVCapsule", "id_string": "ob14422", "world_size": [0.04, 0.08, 0.04], "id": 14422, "camera_size": [17, 17], "camera_position": [290, 260], "world_position": [0.69, 0.6399748858658902, -0.065], "world_orientation": [1.0, -9.627715291671303e-17, 2.6597159133585094e-18, 9.627715291671303e-17, 1.0, -2.1076890233118206e-16, -2.6597159133585094e-18, 2.1076890233118206e-16, 1.0], "world_rotation": [0.9095358415233338, 0.01147753261849028, 0.41546698933782017, 2.3173237678921624e-16]}, {"color": "CVGreen", "id_name": "object47054212716", "shape": "CVCylinder", "id_string": "ob14429", "world_size": [0.04, 0.04, 0.04], "id": 14429, "camera_size": [17, 16], "camera_position": [219, 242], "world_position": [0.7349460152415896, 0.6199874431891146, -0.24505008170378928], "world_orientation": [0.9999962853356367, -2.550940909573853e-13, -0.0027256769669025, -1.1249405160399228e-12, 1.0, -5.063074036188334e-10, 0.0027256769669025, 5.06308589081218e-10, 0.9999962853356367], "world_rotation": [-1.8575495280550173e-07, 0.9999999999999828, 1.595652081381876e-10, -0.00272568034189926]}, {"color": "CVPurple", "id_name": "object159179065218247", "shape": "CVSphere", "id_string": "ob14436", "world_size": [0.04, 0.04, 0.04], "id": 14436, "camera_size": [16, 16], "camera_position": [236, 242], "world_position": [0.7350148857358341, 0.6199698757563112, -0.20000931666852714], "world_orientation": [0.9999997773138609, 0.000667361629982177, -8.269247233435641e-07, -0.0006673611587418038, 0.9999996631851155, 0.00047776431367454244, 1.145766015903698e-06, -0.0004777636554256105, 0.9999998858702819], "world_rotation": [0.5821065624696556, 0.001201760976311712, 0.8131116194596636, -0.0008207501323512509]}, {"color": "CVYellow", "id_name": "object218043676261455", "shape": "CVCone", "id_string": "ob14443", "world_size": [0.04, 0.04, 0.04], "id": 14443, "camera_size": [16, 17], "camera_position": [254, 229], "world_position": [0.768676684674241, 0.6199759920995814, -0.152784693105332], "world_orientation": [0.9999320426133925, 0.00010278981379430853, 0.01165759791993159, -0.00010235137988945856, 0.9999999940322529, -3.8205883131194405e-05, -0.011657601777537606, 3.701011552592257e-05, 0.9999320471667301], "world_rotation": [0.0032259082920187863, 0.9999560914827144, -0.008798216995773139, 0.011658375833998128]}, {"color": "CVBlue", "id_name": "object112438781193232", "shape": "CVCone", "id_string": "ob14450", "world_size": [0.04, 0.04, 0.04], "id": 14450, "camera_size": [16, 16], "camera_position": [271, 242], "world_position": [0.7350717367557191, 0.6199676667333627, -0.10993409988409163], "world_orientation": [0.9999993545522902, 3.5558540300578536e-05, -0.001135619035295252, -3.532697352579676e-05, 0.9999999785819161, 0.00020393178319297195, 0.0011356262624889995, -0.00020389153358207345, 0.9999993343903957], "world_rotation": [0.17664954755841905, 0.9837947899116419, 0.030704212904977938, -0.0011543290457884964]}, {"color": "CVPurple", "id_name": "object85140026032036", "shape": "CVCapsule", "id_string": "ob14457", "world_size": [0.04, 0.08, 0.04], "id": 14457, "camera_size": [17, 17], "camera_position": [290, 242], "world_position": [0.7349987846559685, 0.6399695655127509, -0.064998311510584], "world_orientation": [0.9999999991790345, 6.256243156128032e-06, 4.0034865075115095e-05, -6.254955189716553e-06, 0.9999999994629459, -3.2171163603232e-05, -4.003506632423515e-05, 3.2170913160534986e-05, 0.9999999986811129], "world_rotation": [0.621796768460825, 0.7737895184482552, -0.12090723663740079, 5.173883176632094e-05]}, {"color": "CVBlue", "id_name": "object253753325798944", "shape": "CVCylinder", "id_string": "ob14464", "world_size": [0.04, 0.04, 0.04], "id": 14464, "camera_size": [17, 16], "camera_position": [219, 224], "world_position": [0.78, 0.6199874431539305, -0.245], "world_orientation": [1.0, -2.2442984970449937e-16, -1.4488340486922525e-17, 2.2442984970449937e-16, 1.0, -5.952269926945416e-16, 1.4488340486922525e-17, 5.952269926945416e-16, 1.0], "world_rotation": [-0.9354546928465729, 0.022769777356192403, -0.3527124251716587, -6.362969764823948e-16]}, {"color": "CVGreen", "id_name": "object61031583560982", "shape": "CVBox", "id_string": "ob14471", "world_size": [0.04, 0.04, 0.04], "id": 14471, "camera_size": [16, 16], "camera_position": [236, 224], "world_position": [0.7799970488782663, 0.6199874431877207, -0.1999918878611287], "world_orientation": [0.9999998513464644, -5.201918772554317e-10, 0.0005452586995701834, 5.20279992213722e-10, 1.0, -1.614602699183546e-10, -0.0005452586995701834, 1.6174393310875126e-10, 0.9999998513464644], "world_rotation": [2.9637693381299557e-07, 0.999999999999501, 9.541084537383978e-07, 0.0005452587265886682]}, {"color": "CVBlue", "id_name": "object41837764032954", "shape": "CVCapsule", "id_string": "ob14478", "world_size": [0.04, 0.08, 0.04], "id": 14478, "camera_size": [16, 33], "camera_position": [253, 190], "world_position": [0.8674425669917378, 0.6199748863610776, -0.15576726971880483], "world_orientation": [-5.952084969237632e-10, 0.9998463823395584, 0.017527456247202772, -1.0, -5.952865043891592e-10, -7.667460416582726e-13, 9.667234027177505e-12, -0.017527456247202772, 0.9998463823395585], "world_rotation": [-0.008763728149069644, 0.0087637281446194, -0.9999231941193967, 1.5708731362204404]}, {"color": "CVRed", "id_name": "object40974355882035", "shape": "CVBox", "id_string": "ob14485", "world_size": [0.04, 0.04, 0.04], "id": 14485, "camera_size": [16, 16], "camera_position": [271, 224], "world_position": [0.78, 0.6199874431539305, -0.11], "world_orientation": [1.0, 4.228388472693457e-17, -1.6957377686420176e-17, -4.228388472693457e-17, 1.0, 1.0733601507606494e-16, 1.6957377686420176e-17, -1.0733601507606494e-16, 1.0], "world_rotation": [0.92051720276698, 0.14542702990328832, 0.3626279889688094, -1.1660402951017529e-16]}, {"color": "CVBlue", "id_name": "object125887075803669", "shape": "CVCapsule", "id_string": "ob14492", "world_size": [0.04, 0.08, 0.04], "id": 14492, "camera_size": [17, 17], "camera_position": [290, 224], "world_position": [0.78, 0.6399748858658902, -0.065], "world_orientation": [1.0, -1.5612511283791513e-17, -1.789043210782128e-17, 1.5612511283791513e-17, 1.0, -1.4831885719601688e-16, 1.789043210782128e-17, 1.4831885719601688e-16, 1.0], "world_rotation": [-0.9874262572950706, 0.11910476355862816, -0.10393960603106182, -1.5020752800550153e-16]}, {"color": "CVPurple", "id_name": "object16024335769485", "shape": "CVCone", "id_string": "ob14499", "world_size": [0.04, 0.04, 0.04], "id": 14499, "camera_size": [17, 17], "camera_position": [233, 281], "world_position": [0.6383153448508521, 0.6599682617202617, -0.2072889666095109], "world_orientation": [0.9995690970806773, -0.00019797755902809465, 0.02935269947050281, 0.0002132568967302817, 0.9999998434024991, -0.0005174132519182649, -0.029352592437730803, 0.0005234499626372527, 0.9995689827707346], "world_rotation": [0.01772709221312007, 0.999818332036828, 0.007003793597945572, 0.02936219822438875]}, {"color": "CVGreen", "id_name": "object263586026712798", "shape": "CVSphere", "id_string": "ob14506", "world_size": [0.04, 0.04, 0.04], "id": 14506, "camera_size": [17, 17], "camera_position": [251, 280], "world_position": [0.6408532147190149, 0.6599693776124836, -0.16166441831983194], "world_orientation": [0.9990720128276211, -8.24162341438155e-05, 0.04307094603245156, 7.757213678184236e-05, 0.9999999904774054, 0.00011413918146400437, -0.04307095502922591, -0.00011069215645078722, 0.9990720097070666], "world_rotation": [-0.0026099979404767657, 0.9999948692425584, 0.0018572558544950424, 0.043084499721746786]}, {"color": "CVYellow", "id_name": "object149614274605947", "shape": "CVCapsule", "id_string": "ob14513", "world_size": [0.04, 0.08, 0.04], "id": 14513, "camera_size": [18, 17], "camera_position": [271, 281], "world_position": [0.6388494256224976, 0.6799409352946075, -0.11228599020102398], "world_orientation": [0.9999857702927374, 0.000859676716711409, 0.005264994585343272, -0.0008595727769636407, 0.999999630325154, -2.200447009380639e-05, -0.005265011555737812, 1.747851096020522e-05, 0.9999861395778543], "world_rotation": [0.003700543642386063, 0.9869251571039783, -0.16113671292427006, 0.00533477944733431]}, {"color": "CVRed", "id_name": "object88623828562364", "shape": "CVBox", "id_string": "ob14520", "world_size": [0.04, 0.04, 0.04], "id": 14520, "camera_size": [17, 17], "camera_position": [235, 262], "world_position": [0.6848498481856418, 0.6599572984649565, -0.20269093234413918], "world_orientation": [0.9999843028018833, 0.000512691941508973, -0.005579542705671895, -0.0005220881530371133, 0.9999984479363198, -0.0016827206874835752, 0.005578671328530027, 0.0016856072866295578, 0.999983018432955], "world_rotation": [-0.28785748541241357, 0.9535815568626652, 0.08843236117744258, -0.005850720168341734]}, {"color": "CVYellow", "id_name": "object10536049734558", "shape": "CVSphere", "id_string": "ob14527", "world_size": [0.04, 0.04, 0.04], "id": 14527, "camera_size": [17, 18], "camera_position": [251, 262], "world_position": [0.6839834805319605, 0.6998889670969283, -0.16179236866119884], "world_orientation": [0.9987051513979417, -0.005008712511260451, 0.0506254221729941, 0.004817752284921763, 0.9999808153673669, 0.003893348191089758, -0.05064395160466321, -0.003644406151278117, 0.9987101223426492], "world_rotation": [-0.0738822867303486, 0.9926050346837595, 0.09631538209417796, 0.051034068205696406]}, {"color": "CVYellow", "id_name": "object263233017382375", "shape": "CVSphere", "id_string": "ob14534", "world_size": [0.04, 0.04, 0.04], "id": 14534, "camera_size": [16, 16], "camera_position": [272, 260], "world_position": [0.6885962812991017, 0.6599325609265375, -0.10940353018317081], "world_orientation": [0.9999270987832276, -0.0017727496525854116, 0.011943804989482673, 0.0017782357220349995, 0.9999983182629623, -0.0004487192486159746, -0.01194298943625136, 0.00046992543712606446, 0.999928569535549], "world_rotation": [0.03801273464990592, 0.9884152080070403, 0.1469367502867658, 0.012083674728976248]}, {"color": "CVPurple", "id_name": "object208021925497398", "shape": "CVSphere", "id_string": "ob14541", "world_size": [0.04, 0.04, 0.04], "id": 14541, "camera_size": [17, 16], "camera_position": [234, 243], "world_position": [0.7302299624974862, 0.6599534576967858, -0.20468629759444842], "world_orientation": [0.9999964160791115, 0.0009374675965087383, 0.00250778456773633, -0.000939185421763165, 0.9999993251005979, 0.0006839072249562316, -0.0025071417343716144, -0.000686260048593765, 0.9999966216380283], "world_rotation": [-0.24790051643016475, 0.9073365304739284, -0.3395375596619492, 0.002763546113819505]}, {"color": "CVPurple", "id_name": "object110012131569347", "shape": "CVCone", "id_string": "ob14548", "world_size": [0.04, 0.04, 0.04], "id": 14548, "camera_size": [17, 17], "camera_position": [253, 237], "world_position": [0.7475808345313049, 0.6599663686596107, -0.15716417385722492], "world_orientation": [0.9997330813580743, 0.00010920646807587626, 0.023103119101917435, -0.00011391957243855518, 0.9999999729701713, 0.00020268692016390784, -0.023103096342721407, -0.0002052647166965287, 0.9997330667762145], "world_rotation": [-0.008828487210477121, 0.9999493695795633, -0.004828673835374178, 0.02310633353549864]}, {"color": "CVRed", "id_name": "object213094129972214", "shape": "CVSphere", "id_string": "ob14555", "world_size": [0.04, 0.04, 0.04], "id": 14555, "camera_size": [17, 17], "camera_position": [272, 243], "world_position": [0.733080699883475, 0.6599545880226471, -0.10995759177022964], "world_orientation": [0.998990840443026, 9.772324141906001e-05, 0.044914264561545986, -0.0001129073597098816, 0.9999999373350271, 0.0003355322194553761, -0.04491422895769872, -0.0003402647649343954, 0.9989907888749653], "world_rotation": [-0.007522958212525734, 0.9999689531755254, -0.0023447355451031316, 0.0449307572212946]}, {"color": "CVRed", "id_name": "object115521741394831", "shape": "CVCapsule", "id_string": "ob14562", "world_size": [0.04, 0.08, 0.04], "id": 14562, "camera_size": [19, 19], "camera_position": [244, 270], "world_position": [0.6678624401929503, 0.7597111304039252, -0.17633829717137997], "world_orientation": [0.9985089818710259, -0.006829650982872327, 0.05415873881784797, 0.006533050092773131, 0.9999626882827497, 0.005651663367717713, -0.05419531695057277, -0.005289414881519163, 0.9985163442382093], "world_rotation": [-0.09971655242406274, 0.9875345588671897, 0.12178712664171086, 0.05488844975537049]}, {"color": "CVGreen", "id_name": "object207639113481600", "shape": "CVCapsule", "id_string": "ob14569", "world_size": [0.04, 0.08, 0.04], "id": 14569, "camera_size": [18, 17], "camera_position": [270, 265], "world_position": [0.6790321927889774, 0.7198998878572335, -0.1163843251545672], "world_orientation": [0.999993003869, -0.001989351215592591, -0.0031677586390346556, 0.001985626160104768, 0.9999973340459526, -0.0011786389353090827, 0.0031700949207343933, 0.001172340704974119, 0.9999942880414194], "world_rotation": [-0.2997958746765115, 0.8082002578694046, -0.5068873412374522, -0.003920977343082355]}, {"color": "CVRed", "id_name": "object4081262713741", "shape": "CVBox", "id_string": "ob14576", "world_size": [0.04, 0.04, 0.04], "id": 14576, "camera_size": [22, 22], "camera_position": [244, 233], "world_position": [0.7541770068865633, 0.6999488662988791, -0.17811269783807315], "world_orientation": [-0.9338760251257266, -0.0006607388390299278, 0.35759632704987343, 0.0008757348721348612, -0.9999995200552804, 0.00043929220648726135, 0.3575958651659821, 0.0007234040334079504, 0.9338761555489021], "world_rotation": [0.1818291502761159, 0.00029560175800349644, 0.9833300934729224, 3.140811393117005]}, {"color": "CVBlue", "id_name": "object142256152028610", "shape": "CVBox", "id_string": "ob14583", "world_size": [0.04, 0.04, 0.04], "id": 14583, "camera_size": [22, 21], "camera_position": [276, 240], "world_position": [0.7382360241919085, 0.6999520949434643, -0.10061671554735462], "world_orientation": [0.3560886418984782, 0.9344521759340748, -0.00010001485072796967, -0.0005888690215382075, 0.00011736795125749655, -0.9999998197290035, -0.9344519957409118, 0.356088636601671, 0.0005920633328823643], "world_rotation": [0.7160860920526191, 0.4933870319991313, -0.4937508940993385, 1.8982161156073363]}], "source": "manual check"}
