{"timestamp": 1721665674.426997, "objects": [{"color": "cv_", "id_name": "hand", "shape": "CVBox", "id_string": "ob383", "world_size": [0.12, 0.005, 0.12], "id": 383, "camera_size": [48, 49], "camera_position": [246, 391], "world_position": [0.3626785648576578, 0.655505516546994, -0.17408986625015652], "world_orientation": [-4.073274171665322e-06, -0.0015810121337116064, 0.9999987501912397, -0.0007631201519566798, -0.9999984590187594, -0.001581014781765115, 0.9999997088154787, -0.0007631256381094236, 2.866765675466485e-06], "world_rotation": [0.0, 1.0, 0.0, 0.0]}, {"color": "CVGreen", "id_name": "object250688269501885", "shape": "CVBox", "id_string": "ob17866", "world_size": [0.04, 0.04, 0.04], "id": 17866, "camera_size": [15, 16], "camera_position": [256, 248], "world_position": [0.7186996869909046, 0.6199634664261757, -0.1499459141678721], "world_orientation": [0.9999987757241595, 0.0002584294372485531, -0.0015432966040665418, -0.0002593036769454165, 0.9999998060316544, -0.0005663022665110454, 0.0015431499555398078, 0.0005667017556849074, 0.9999986487677546], "world_rotation": [-0.3404103604761922, 0.9273209674134675, 0.15555259520760095, -0.0016641745914880957]}, {"color": "CVRed", "id_name": "object199898245316775", "shape": "CVBox", "id_string": "ob17873", "world_size": [0.04, 0.04, 0.04], "id": 17873, "camera_size": [17, 17], "camera_position": [219, 295], "world_position": [0.6, 0.6199874431539305, -0.245], "world_orientation": [1.0, 3.2526065174562914e-18, -5.85631424552212e-17, -3.2526065174562914e-18, 1.0, 6.830473686658622e-17, 5.85631424552212e-17, -6.830473686658622e-17, 1.0], "world_rotation": [0.7586719037870137, 0.650470418545561, 0.03612723351366515, -9.003198421561925e-17]}, {"color": "CVRed", "id_name": "object206971778533767", "shape": "CVCylinder", "id_string": "ob17880", "world_size": [0.04, 0.04, 0.04], "id": 17880, "camera_size": [16, 17], "camera_position": [236, 295], "world_position": [0.5998816076729955, 0.6200835048639288, -0.19954816278499626], "world_orientation": [0.9997455152737852, -0.0052842190633509735, -0.021931295421026207, 0.005292426152949033, 0.9999859450249956, 0.0003161927925934573, 0.02192931634523493, -0.0004321820878115029, 0.999759430214726], "world_rotation": [0.01658483866063968, 0.9720010502046429, -0.23439048941386603, -0.02256393333025086]}, {"color": "CVGreen", "id_name": "object199034084822642", "shape": "CVCapsule", "id_string": "ob17887", "world_size": [0.04, 0.08, 0.04], "id": 17887, "camera_size": [17, 19], "camera_position": [254, 297], "world_position": [0.597109468843416, 0.6408074778583555, -0.15497468715435836], "world_orientation": [0.9989993944245352, -0.044688635027768896, -0.0017708299655338111, 0.04468897773912909, 0.9990009366480173, 0.00015441831474169538, 0.0017621600505035584, -0.0002334003838245345, 0.9999984201568607], "world_rotation": [0.004335676579785524, 0.03949758514940039, -0.9992102594929463, -0.04473905016192484]}, {"color": "CVRed", "id_name": "object148166074754742", "shape": "CVCapsule", "id_string": "ob17894", "world_size": [0.04, 0.08, 0.04], "id": 17894, "camera_size": [17, 18], "camera_position": [272, 295], "world_position": [0.600006106563481, 0.6399748863226978, -0.10999942901116552], "world_orientation": [0.9999999993015868, -6.049647027996858e-10, -3.737414156751134e-05, 6.049640255866795e-10, 1.0, -1.8131133066589585e-11, 3.7374141567511354e-05, 1.81085230432194e-11, 0.9999999993015868], "world_rotation": [-4.848225883609274e-07, 0.9999999998688777, -1.6186709279223757e-05, -3.73741415811128e-05]}, {"color": "CVRed", "id_name": "object5074170913704", "shape": "CVCone", "id_string": "ob17901", "world_size": [0.04, 0.04, 0.04], "id": 17901, "camera_size": [16, 17], "camera_position": [289, 295], "world_position": [0.6, 0.6199874431539305, -0.065], "world_orientation": [1.0, 2.049142105997599e-16, 5.802954297681148e-18, -2.049142105997599e-16, 1.0, 6.179952383167331e-17, -5.802954297681148e-18, -6.179952383167331e-17, 1.0], "world_rotation": [-0.28863572672225335, 0.027102796704540077, -0.9570553043948448, 2.1410905896324258e-16]}, {"color": "CVPurple", "id_name": "object119742772887967", "shape": "CVCapsule", "id_string": "ob17908", "world_size": [0.04, 0.08, 0.04], "id": 17908, "camera_size": [18, 17], "camera_position": [218, 278], "world_position": [0.645000014010871, 0.6399748861948478, -0.24500002312643562], "world_orientation": [0.9999999999990469, 1.6698086597297324e-10, 1.3806692048162137e-06, -1.669816896535327e-10, 1.0, 5.965789599198721e-10, -1.3806692048161142e-06, -5.965791904663965e-10, 0.9999999999990469], "world_rotation": [-0.00043209409832330897, 0.9999998993338244, -0.00012094226511419866, 1.3806693438033051e-06]}, {"color": "CVGreen", "id_name": "object177611786498668", "shape": "CVBox", "id_string": "ob17915", "world_size": [0.04, 0.04, 0.04], "id": 17915, "camera_size": [16, 16], "camera_position": [236, 277], "world_position": [0.6450053856683162, 0.6199733605003487, -0.19999889627830728], "world_orientation": [0.9999999765209076, 0.0002157218650460183, 2.054899702028026e-05, -0.00021572114103908787, 0.9999999761116566, -3.522890336521448e-05, -2.0556596174123006e-05, 3.5224469684995094e-05, 0.9999999991683316], "world_rotation": [0.16045465212279125, 0.09361629359617057, -0.9825936566991819, 0.0002195429446391451]}, {"color": "CVGreen", "id_name": "object135911765521114", "shape": "CVCapsule", "id_string": "ob17922", "world_size": [0.04, 0.08, 0.04], "id": 17922, "camera_size": [17, 18], "camera_position": [254, 280], "world_position": [0.6388025602870356, 0.6399596402984645, -0.15497297574637392], "world_orientation": [0.9999963503516524, -0.0012429898569315347, -0.002398803783359366, 0.0012413549942901557, 0.9999989963414662, -0.0006829010461689205, 0.0023996502148531506, 0.0006799207867634595, 0.999996889688448], "world_rotation": [-0.24455549019698875, 0.8610724023958224, -0.44581041940133875, -0.002786327952077771]}, {"color": "CVPurple", "id_name": "object231619978216312", "shape": "CVCylinder", "id_string": "ob17929", "world_size": [0.04, 0.04, 0.04], "id": 17929, "camera_size": [17, 16], "camera_position": [272, 276], "world_position": [0.6471830758254148, 0.6199559767210577, -0.10942929739900031], "world_orientation": [0.9999910090642813, 0.0005244732474759123, 0.004207935172210466, -0.0005245150582184112, 0.9999998624029599, 8.832604536896763e-06, -0.004207929960746257, -1.1039650485354602e-05, 0.9999911465625941], "world_rotation": [-0.002343146787416553, 0.9923185530549039, -0.1236866966417746, 0.004240518495519727]}, {"color": "CVYellow", "id_name": "object95183149035748", "shape": "CVCapsule", "id_string": "ob17936", "world_size": [0.04, 0.08, 0.04], "id": 17936, "camera_size": [17, 17], "camera_position": [290, 278], "world_position": [0.645, 0.6399748858658902, -0.065], "world_orientation": [1.0, -8.066464163292171e-17, -3.573889421051852e-17, 8.066464163292171e-17, 1.0, -1.821459649775647e-16, 3.573889421051852e-17, 1.821459649775647e-16, 1.0], "world_rotation": [-0.8999806872227267, 0.17658538071993266, -0.3985628757700657, -2.0238874851820828e-16]}, {"color": "CVYellow", "id_name": "object227772824579044", "shape": "CVSphere", "id_string": "ob17943", "world_size": [0.04, 0.04, 0.04], "id": 17943, "camera_size": [17, 15], "camera_position": [219, 260], "world_position": [0.6899967573631963, 0.6199874431540282, -0.24491980233674293], "world_orientation": [0.9999999971691563, 3.6416408435049767e-13, -7.524418714397658e-05, -3.630474159718551e-13, 1.0, 1.484060674075555e-11, 7.524418714397658e-05, -1.484057938153602e-11, 0.9999999971691563], "world_rotation": [1.9723241920001935e-07, 0.9999999999999806, 4.832343387076866e-09, -7.524418721497955e-05]}, {"color": "CVPurple", "id_name": "object166830928835004", "shape": "CVCapsule", "id_string": "ob17950", "world_size": [0.04, 0.08, 0.04], "id": 17950, "camera_size": [17, 17], "camera_position": [236, 260], "world_position": [0.689923522539292, 0.6399429338236196, -0.20010927442337995], "world_orientation": [0.9999983641394296, -0.0017990463406910996, -0.00018748527637503252, 0.0017996247245415686, 0.9999934764052231, 0.003131852143303112, 0.00018184970615907638, -0.00313218442316853, 0.9999950781635996], "world_rotation": [0.8659636910597222, 0.05105824037244832, -0.4974936601166808, -0.0036168088155001366]}, {"color": "CVGreen", "id_name": "object264565305422820", "shape": "CVCylinder", "id_string": "ob17957", "world_size": [0.04, 0.04, 0.04], "id": 17957, "camera_size": [16, 16], "camera_position": [253, 264], "world_position": [0.678779737649042, 0.6199760892104296, -0.15530108854307342], "world_orientation": [0.9999966306899747, -0.0001908608509684172, -0.002588857051675379, 0.00018895646946462993, 0.9999997114235414, -0.0007358316974438026, 0.0025889967460561215, 0.0007353400369102566, 0.9999963781788808], "world_rotation": [-0.27263198387578413, 0.9595402903211082, -0.0703863098793911, -0.002698094145800883]}, {"color": "CVGreen", "id_name": "object267502818748563", "shape": "CVCone", "id_string": "ob17964", "world_size": [0.04, 0.04, 0.04], "id": 17964, "camera_size": [16, 16], "camera_position": [272, 259], "world_position": [0.6912082720339053, 0.6199526114298207, -0.10906973256370502], "world_orientation": [0.9999997699412905, 0.00044651125242151215, 0.0005106320275422874, -0.0004461092974018716, 0.9999995907970559, -0.0007870147494555049, -0.0005109832295316383, 0.0007867867707008522, 0.9999995599312617], "world_rotation": [0.7574305541596477, 0.4916773814188318, -0.42959551700003745, 0.0010389083161631571]}, {"color": "CVYellow", "id_name": "object69328881129512", "shape": "CVCapsule", "id_string": "ob17971", "world_size": [0.04, 0.08, 0.04], "id": 17971, "camera_size": [17, 17], "camera_position": [290, 260], "world_position": [0.69, 0.6399748858658902, -0.065], "world_orientation": [1.0, -9.627715291671303e-17, 2.6597159133585094e-18, 9.627715291671303e-17, 1.0, -2.1076890233118206e-16, -2.6597159133585094e-18, 2.1076890233118206e-16, 1.0], "world_rotation": [0.9095358415233338, 0.01147753261849028, 0.41546698933782017, 2.3173237678921624e-16]}, {"color": "CVGreen", "id_name": "object269343820533884", "shape": "CVBox", "id_string": "ob17978", "world_size": [0.04, 0.04, 0.04], "id": 17978, "camera_size": [17, 16], "camera_position": [219, 242], "world_position": [0.735, 0.6199874431539305, -0.245], "world_orientation": [1.0, -2.2442984970449937e-16, -1.4488340486922525e-17, 2.2442984970449937e-16, 1.0, -5.952269926945416e-16, 1.4488340486922525e-17, 5.952269926945416e-16, 1.0], "world_rotation": [-0.9354546928465729, 0.022769777356192403, -0.3527124251716587, -6.362969764823948e-16]}, {"color": "CVBlue", "id_name": "object55615613507615", "shape": "CVCapsule", "id_string": "ob17985", "world_size": [0.04, 0.08, 0.04], "id": 17985, "camera_size": [17, 17], "camera_position": [236, 242], "world_position": [0.7349705969629042, 0.639951821898263, -0.2000385259818137], "world_orientation": [0.9999997438547876, -0.0007059134664608582, -0.00011822240641180751, 0.000706033513668759, 0.9999992320962797, 0.0010184908092684883, 0.00011750334925069232, -0.0010185740173679324, 0.9999994743498289], "world_rotation": [0.8181844994449824, 0.0946789502627036, -0.5671067106331189, -0.0012448691915808855]}, {"color": "CVYellow", "id_name": "object220239502362003", "shape": "CVCone", "id_string": "ob17992", "world_size": [0.04, 0.04, 0.04], "id": 17992, "camera_size": [16, 17], "camera_position": [253, 233], "world_position": [0.7586832227004588, 0.6199708584471013, -0.15535466296777528], "world_orientation": [0.9999984356308582, 0.0004609793947205237, 0.0017076984025546616, -0.00046049697627556263, 0.9999998539610762, -0.00028287870421074074, -0.0017078285544180677, 0.0002820918717332767, 0.9999985018717802], "world_rotation": [0.15770393540093192, 0.9533983989919195, -0.25721773181237617, 0.0017912389967609677]}, {"color": "CVRed", "id_name": "object205099777328623", "shape": "CVCylinder", "id_string": "ob17999", "world_size": [0.04, 0.04, 0.04], "id": 17999, "camera_size": [16, 16], "camera_position": [272, 242], "world_position": [0.7354389551607592, 0.6199581084707866, -0.10903934310472543], "world_orientation": [0.9999980663315396, -0.000114806098343948, 0.0019631996183216683, 0.00011596084015293494, 0.9999998203515595, -0.000588090071506779, -0.0019631317493093354, 0.0005883165886126812, 0.9999978999964583], "world_rotation": [0.2865599299733819, 0.9564118258616287, 0.0562123285914782, 0.002052637796089988]}, {"color": "CVGreen", "id_name": "object239425229107876", "shape": "CVCapsule", "id_string": "ob18006", "world_size": [0.04, 0.08, 0.04], "id": 18006, "camera_size": [17, 17], "camera_position": [290, 242], "world_position": [0.735, 0.6399748858658902, -0.065], "world_orientation": [1.0, -9.627715291671303e-17, 2.6597159133585094e-18, 9.627715291671303e-17, 1.0, -2.1076890233118206e-16, -2.6597159133585094e-18, 2.1076890233118206e-16, 1.0], "world_rotation": [0.9095358415233338, 0.01147753261849028, 0.41546698933782017, 2.3173237678921624e-16]}, {"color": "CVPurple", "id_name": "object28435136348099", "shape": "CVBox", "id_string": "ob18013", "world_size": [0.04, 0.04, 0.04], "id": 18013, "camera_size": [17, 16], "camera_position": [219, 224], "world_position": [0.78, 0.6199874431539305, -0.245], "world_orientation": [1.0, -2.2442984970449937e-16, -1.4488340486922525e-17, 2.2442984970449937e-16, 1.0, -5.952269926945416e-16, 1.4488340486922525e-17, 5.952269926945416e-16, 1.0], "world_rotation": [-0.9354546928465729, 0.022769777356192403, -0.3527124251716587, -6.362969764823948e-16]}, {"color": "CVGreen", "id_name": "object48132725034432", "shape": "CVCylinder", "id_string": "ob18020", "world_size": [0.04, 0.04, 0.04], "id": 18020, "camera_size": [16, 16], "camera_position": [236, 224], "world_position": [0.78, 0.6199874431539305, -0.2], "world_orientation": [1.0, 1.7889335846010863e-16, -4.367536594091608e-17, -1.7889335846010863e-16, 1.0, -6.570265165262153e-16, 4.367536594091608e-17, 6.570265165262153e-16, 1.0], "world_rotation": [-0.9628953949226872, 0.06400778001840857, 0.26217448871657395, -6.823446451096272e-16]}, {"color": "CVBlue", "id_name": "object52776855707324", "shape": "CVCone", "id_string": "ob18027", "world_size": [0.04, 0.04, 0.04], "id": 18027, "camera_size": [16, 17], "camera_position": [254, 217], "world_position": [0.7986728152940745, 0.6199873850597117, -0.15464369685229415], "world_orientation": [0.999997099909901, 0.0005583086237351808, 0.002342746949213659, -0.0005583134722427504, 0.9999998441420193, 1.4155882487944377e-06, -0.002342745793742723, -2.7235713272798253e-06, 0.9999972557635988], "world_rotation": [-0.0008593331896802447, 0.9727577180890274, -0.23182252574911116, 0.0024083577982912142]}, {"color": "CVRed", "id_name": "object25210756300822", "shape": "CVBox", "id_string": "ob18034", "world_size": [0.04, 0.04, 0.04], "id": 18034, "camera_size": [16, 16], "camera_position": [271, 224], "world_position": [0.78, 0.6199874431539305, -0.11], "world_orientation": [1.0, 4.228388472693457e-17, -1.6957377686420176e-17, -4.228388472693457e-17, 1.0, 1.0733601507606494e-16, 1.6957377686420176e-17, -1.0733601507606494e-16, 1.0], "world_rotation": [0.92051720276698, 0.14542702990328832, 0.3626279889688094, -1.1660402951017529e-16]}, {"color": "CVBlue", "id_name": "object47608502451673", "shape": "CVSphere", "id_string": "ob18041", "world_size": [0.04, 0.04, 0.04], "id": 18041, "camera_size": [16, 16], "camera_position": [289, 224], "world_position": [0.78, 0.6199874431539305, -0.065], "world_orientation": [1.0, 4.228388472693457e-17, -1.6957377686420176e-17, -4.228388472693457e-17, 1.0, 1.0733601507606494e-16, 1.6957377686420176e-17, -1.0733601507606494e-16, 1.0], "world_rotation": [0.92051720276698, 0.14542702990328832, 0.3626279889688094, -1.1660402951017529e-16]}, {"color": "CVBlue", "id_name": "object56520403647846", "shape": "CVCone", "id_string": "ob18048", "world_size": [0.04, 0.04, 0.04], "id": 18048, "camera_size": [17, 17], "camera_position": [234, 280], "world_position": [0.6399852396594278, 0.6599599699499471, -0.20434517833728175], "world_orientation": [0.9996319603222736, -2.1689842540518128e-07, -0.027128286016652885, -6.309480514349687e-07, 0.9999999995116864, -3.1244666998000805e-05, 0.027128286010182693, 3.125028426002917e-05, 0.9996319598340029], "world_rotation": [-0.0011518403663270168, 0.9999993366025467, 7.631321623959748e-06, -0.027131632602130185]}, {"color": "CVYellow", "id_name": "object42115719566403", "shape": "CVBox", "id_string": "ob18055", "world_size": [0.04, 0.04, 0.04], "id": 18055, "camera_size": [17, 17], "camera_position": [252, 283], "world_position": [0.635343356738659, 0.6999432131371444, -0.15995757580429107], "world_orientation": [0.99999766787312, -0.0016462471451738287, -0.0013978979427978113, 0.0016451019053880028, 0.9999983106073461, -0.0008200135211986082, 0.0013992455261175921, 0.0008177119242537662, 0.9999986867287209], "world_rotation": [-0.354529757305584, 0.6055169979419578, -0.7125010992189432, -0.0023097171222725876]}, {"color": "CVGreen", "id_name": "object235842867921942", "shape": "CVCapsule", "id_string": "ob18062", "world_size": [0.04, 0.08, 0.04], "id": 18062, "camera_size": [17, 17], "camera_position": [271, 279], "world_position": [0.6439165043703824, 0.6799318454951198, -0.11466004166342511], "world_orientation": [0.9999974348202135, 0.000408860009232477, 0.002227821017432998, -0.0004092920676005546, 0.9999998975217382, 0.00019348518405671035, -0.002227741680775632, -0.00019439651720289333, 0.9999974996853733], "world_rotation": [-0.08531187209850978, 0.979969907840695, -0.17994683716516674, 0.0022733180377622767]}, {"color": "CVGreen", "id_name": "object161387081070566", "shape": "CVCapsule", "id_string": "ob18069", "world_size": [0.04, 0.08, 0.04], "id": 18069, "camera_size": [19, 18], "camera_position": [232, 262], "world_position": [0.6848411592833203, 0.719886695577084, -0.206692879869225], "world_orientation": [0.9999607369906416, -0.0019686092289555993, -0.008639968451133302, 0.0020003146433171855, 0.999991292323015, 0.0036625154572385295, 0.008632683155348563, -0.003679654311270444, 0.9999559674934136], "world_rotation": [0.38273481700804723, 0.900393938070585, -0.20689324816329846, -0.009591866258498604]}, {"color": "CVGreen", "id_name": "object263343289772399", "shape": "CVBox", "id_string": "ob18076", "world_size": [0.04, 0.04, 0.04], "id": 18076, "camera_size": [16, 16], "camera_position": [253, 259], "world_position": [0.6908621111648969, 0.659964321667083, -0.15550730994048323], "world_orientation": [0.9999896380322858, 0.0006720882750900142, 0.00450245770758962, -0.0006675050489005406, 0.9999992576666017, -0.0010193641428191062, -0.004503139467953323, 0.0010163481669484991, 0.9999893443288962], "world_rotation": [0.21820184586146885, 0.9652827255402446, -0.14358695705475624, 0.004664762767251555]}, {"color": "CVGreen", "id_name": "object109494236633572", "shape": "CVCapsule", "id_string": "ob18083", "world_size": [0.04, 0.08, 0.04], "id": 18083, "camera_size": [18, 18], "camera_position": [271, 261], "world_position": [0.6866114529433953, 0.6799302021665888, -0.11288795143912231], "world_orientation": [0.9987083227831179, 0.0008063856216372119, -0.05080389498809212, -0.0008735083408639782, 0.9999987747607595, -0.0012990227704960157, 0.05080278522788211, 0.0013417224783996318, 0.9987078035110573], "world_rotation": [-0.025977557115825535, 0.9995259254044743, 0.016525464308855646, -0.05084934642459643]}, {"color": "CVRed", "id_name": "object7053306638721", "shape": "CVCone", "id_string": "ob18090", "world_size": [0.04, 0.04, 0.04], "id": 18090, "camera_size": [17, 17], "camera_position": [233, 244], "world_position": [0.7300043598899776, 0.699929790003125, -0.20537855177808753], "world_orientation": [0.9999620495792988, -0.0008096420642498255, -0.008674323079977005, 0.0008193949335040611, 0.9999990361511287, 0.0011208428778523222, 0.00867340723769917, -0.0011279080377768762, 0.9999617491836112], "world_rotation": [0.1279985719775623, 0.9874302628546675, -0.09272454675255605, -0.008784394240400966]}, {"color": "CVGreen", "id_name": "object219446166067540", "shape": "CVBox", "id_string": "ob18097", "world_size": [0.04, 0.04, 0.04], "id": 18097, "camera_size": [17, 17], "camera_position": [253, 236], "world_position": [0.7494353416673748, 0.6599570325033896, -0.15841242691951193], "world_orientation": [0.9984880451938626, -9.51708678601918e-05, 0.05496921454273545, 0.0001229003367715565, 0.9999998669100074, -0.0005010743204522793, -0.05496915953920515, 0.0005070724537046095, 0.9984879240016278], "world_rotation": [0.009169704520491196, 0.9999559901758321, 0.001983489470144866, 0.05499933029196568]}, {"color": "CVPurple", "id_name": "object196395910950014", "shape": "CVCapsule", "id_string": "ob18104", "world_size": [0.04, 0.08, 0.04], "id": 18104, "camera_size": [17, 17], "camera_position": [273, 243], "world_position": [0.7314304660464255, 0.6799280558668944, -0.1093661975044976], "world_orientation": [0.999889286038932, -0.00035851491271827996, -0.014875722893771301, 0.00034820088364772385, 0.9999996972183052, -0.0006959306308546082, 0.014875967891184089, 0.0006906738417613288, 0.9998891081259685], "world_rotation": [-0.0465422703920804, 0.9986346247121181, -0.02372136996123153, -0.014896735230763434]}, {"color": "CVPurple", "id_name": "object181191223550039", "shape": "CVCapsule", "id_string": "ob18111", "world_size": [0.04, 0.08, 0.04], "id": 18111, "camera_size": [18, 18], "camera_position": [249, 264], "world_position": [0.6800740229892436, 0.7200173011400965, -0.16561013334982527], "world_orientation": [0.9968951805511009, -0.0018589023769219207, -0.07871812673038699, 0.002105160809275038, 0.9999931466301106, 0.003045486952402955, 0.0787119259830128, -0.0032017455806541226, 0.9968922617481196], "world_rotation": [0.039638840241698704, 0.9988974599117334, -0.025152075981517613, -0.07888369393747685]}, {"color": "CVPurple", "id_name": "object26978865575442", "shape": "CVCone", "id_string": "ob18118", "world_size": [0.04, 0.04, 0.04], "id": 18118, "camera_size": [19, 18], "camera_position": [266, 267], "world_position": [0.6726590117446036, 0.739940315042608, -0.12607494523754956], "world_orientation": [0.9968785170474482, 0.00029772799046380257, -0.07895019700624266, -0.0003678762122320938, 0.9999995504224106, -0.000873969146518209, 0.07894990130692568, 0.0009002849661559302, 0.9968781784002531], "world_rotation": [-0.011235752054467796, 0.9999279930364098, 0.004215046612816468, -0.07903800062390232]}, {"color": "CVGreen", "id_name": "object82158562630355", "shape": "CVCapsule", "id_string": "ob18125", "world_size": [0.04, 0.08, 0.04], "id": 18125, "camera_size": [18, 19], "camera_position": [249, 243], "world_position": [0.7310435058558482, 0.7199392617158732, -0.1642944833443582], "world_orientation": [0.9980218775852572, -0.0003678976689436525, -0.06286649753647196, 0.0003084392242584421, 0.9999994959507088, -0.0009554912734703354, 0.06286681737167062, 0.0009342107010331984, 0.9980214880071085], "world_rotation": [-0.015027530734950906, 0.9998726146675995, -0.005378453103667791, -0.06291616690425084]}, {"color": "CVYellow", "id_name": "object222831409371632", "shape": "CVCylinder", "id_string": "ob18132", "world_size": [0.04, 0.04, 0.04], "id": 18132, "camera_size": [20, 20], "camera_position": [270, 245], "world_position": [0.7246568041227928, 0.7399208741190353, -0.11575585858046322], "world_orientation": [0.9913608564065628, -0.00027597566202489424, -0.1311624039970314, 0.0001762843894454477, 0.9999996867243283, -0.0007716703048457188, 0.13116257586926441, 0.0007418818499685514, 0.9913605944875256], "world_rotation": [-0.0057696553098734536, 0.9999818692628711, -0.0017240136714877197, -0.1315439082002107]}], "source": "manual check"}
