{"timestamp": 1721664213.464174, "objects": [{"color": "cv_", "id_name": "hand", "shape": "CVBox", "id_string": "ob383", "world_size": [0.12, 0.005, 0.12], "id": 383, "camera_size": [48, 49], "camera_position": [246, 391], "world_position": [0.36266598761681523, 0.655488180729408, -0.17408983709845577], "world_orientation": [-4.11474642988115e-06, -0.0015808251032534972, 0.9999987504867504, -0.0007631202403149019, -0.9999984593143229, -0.0015808277830101655, 0.9999997088152416, -0.0007631257914919333, 2.908380458023231e-06], "world_rotation": [0.0, 1.0, 0.0, 0.0]}, {"color": "CVGreen", "id_name": "object21680641329460", "shape": "CVBox", "id_string": "ob3943", "world_size": [0.04, 0.04, 0.04], "id": 3943, "camera_size": [15, 15], "camera_position": [256, 253], "world_position": [0.7075984265976314, 0.6199854077671575, -0.14994593289260913], "world_orientation": [0.9999993975567367, -0.0002321935742154567, -0.0010728337744827028, 0.00023185197779668833, 0.9999999223951102, -0.0003185191268245563, 0.0010729076493200687, 0.0003182701963023949, 0.999999373786433], "world_rotation": [-0.27858052230604435, 0.9387119803475736, -0.20300913906429893, -0.0011429181345690175]}, {"color": "CVYellow", "id_name": "object190987264066372", "shape": "CVCapsule", "id_string": "ob3950", "world_size": [0.04, 0.08, 0.04], "id": 3950, "camera_size": [18, 18], "camera_position": [218, 295], "world_position": [0.5999999862301661, 0.6399748858659374, -0.2450000007963476], "world_orientation": [0.9999999999999489, -1.3298006311514233e-10, -3.1958325160618166e-07, 1.329800662179331e-10, 1.0, 9.708174401034797e-12, 3.195832516061804e-07, -9.708216902168043e-12, 0.9999999999999489], "world_rotation": [3.0377670788055456e-05, 0.999999912967086, -0.0004161045750193601, -3.195832794204506e-07]}, {"color": "CVPurple", "id_name": "object117775498520986", "shape": "CVSphere", "id_string": "ob3957", "world_size": [0.04, 0.04, 0.04], "id": 3957, "camera_size": [16, 17], "camera_position": [236, 295], "world_position": [0.5999999954917341, 0.6199874431539367, -0.20000000001064042], "world_orientation": [0.9999999999999964, -1.3609260300359943e-10, -8.399959112771284e-08, 1.3609260307398288e-10, 1.0, 8.320621725732397e-13, 8.399959112771274e-08, -8.32073684457446e-13, 0.9999999999999964], "world_rotation": [9.90560579228512e-06, 0.9999986874976767, -0.0016201557958778498, -8.39997013775161e-08]}, {"color": "CVRed", "id_name": "object59551606838983", "shape": "CVCylinder", "id_string": "ob3964", "world_size": [0.04, 0.04, 0.04], "id": 3964, "camera_size": [15, 17], "camera_position": [254, 301], "world_position": [0.5845601487401961, 0.6199874431879149, -0.15500018651609251], "world_orientation": [0.9999999999948805, 5.932213736841063e-10, -3.1998231081846394e-06, -5.932213762613316e-10, 1.0, -8.044742255174823e-13, 3.1998231081846386e-06, 8.063724387231261e-13, 0.9999999999948805], "world_rotation": [-2.5170870109002803e-07, 0.9999999828148851, 0.00018539192471633058, -3.199823163179428e-06]}, {"color": "CVRed", "id_name": "object200743001677953", "shape": "CVCone", "id_string": "ob3971", "world_size": [0.04, 0.04, 0.04], "id": 3971, "camera_size": [16, 17], "camera_position": [271, 295], "world_position": [0.6, 0.6199874431539305, -0.11], "world_orientation": [1.0, 4.228388472693457e-17, -1.6957377686420176e-17, -4.228388472693457e-17, 1.0, 1.0733601507606494e-16, 1.6957377686420176e-17, -1.0733601507606494e-16, 1.0], "world_rotation": [0.92051720276698, 0.14542702990328832, 0.3626279889688094, -1.1660402951017529e-16]}, {"color": "CVRed", "id_name": "object39871072306000", "shape": "CVBox", "id_string": "ob3978", "world_size": [0.04, 0.04, 0.04], "id": 3978, "camera_size": [16, 17], "camera_position": [289, 295], "world_position": [0.6, 0.6199874431539305, -0.065], "world_orientation": [1.0, 2.049142105997599e-16, 5.802954297681148e-18, -2.049142105997599e-16, 1.0, 6.179952383167331e-17, -5.802954297681148e-18, -6.179952383167331e-17, 1.0], "world_rotation": [-0.28863572672225335, 0.027102796704540077, -0.9570553043948448, 2.1410905896324258e-16]}, {"color": "CVYellow", "id_name": "object279643516582917", "shape": "CVCone", "id_string": "ob3985", "world_size": [0.04, 0.04, 0.04], "id": 3985, "camera_size": [17, 16], "camera_position": [219, 277], "world_position": [0.6450016324059831, 0.619987443188581, -0.24501223952088697], "world_orientation": [0.9999999969097682, -5.720896171485951e-12, 7.861592736323576e-05, 5.764428798984882e-12, 1.0, -5.537377790149221e-10, -7.861592736323576e-05, 5.537382304796665e-10, 0.9999999969097682], "world_rotation": [7.043585483321652e-06, 0.9999999999751913, 7.30470615522939e-08, 7.861592744616658e-05]}, {"color": "CVBlue", "id_name": "object176405297724088", "shape": "CVBox", "id_string": "ob3992", "world_size": [0.04, 0.04, 0.04], "id": 3992, "camera_size": [16, 16], "camera_position": [236, 277], "world_position": [0.6449965255295734, 0.6199738237511202, -0.2000008910263736], "world_orientation": [0.999999981045298, -0.00019469503464669607, -1.8020780796492155e-06, 0.0001946954245890786, 0.9999999570718391, 0.00021897491155287057, 1.7594446742514029e-06, -0.00021897525825862355, 0.9999999760233702], "world_rotation": [0.7473095767165945, 0.006077312546378507, -0.6644482393835341, -0.00029301790698489194]}, {"color": "CVYellow", "id_name": "object150968294438925", "shape": "CVCone", "id_string": "ob3999", "world_size": [0.04, 0.04, 0.04], "id": 3999, "camera_size": [16, 16], "camera_position": [254, 284], "world_position": [0.6276367379487208, 0.6199759960456249, -0.1547771480473291], "world_orientation": [0.999992179652268, -0.0009569030915419161, -0.0038373129634508875, 0.000956758028229625, 0.9999995415213125, -3.9638876094153674e-05, 0.003837349134687755, 3.596718611972609e-05, 0.9999926367018811], "world_rotation": [-0.009558276799469528, 0.970246862862538, -0.24192904837994963, -0.003955015161585713]}, {"color": "CVPurple", "id_name": "object263845037291928", "shape": "CVCapsule", "id_string": "ob4006", "world_size": [0.04, 0.08, 0.04], "id": 4006, "camera_size": [17, 17], "camera_position": [272, 278], "world_position": [0.645064939953413, 0.6399511854435033, -0.10999418095116666], "world_orientation": [0.999999579862732, 0.0009138204792781309, -7.215601901322347e-05, -0.0009138282883155359, 0.999999576598116, -0.00010826563750272118, 7.205705310548849e-05, 0.0001083315302276309, 0.9999999915360303], "world_rotation": [-0.11732815218910601, 0.07811853428419369, 0.990015959116407, -0.0009230401844996371]}, {"color": "CVYellow", "id_name": "object27120852907143", "shape": "CVBox", "id_string": "ob4013", "world_size": [0.04, 0.04, 0.04], "id": 4013, "camera_size": [16, 16], "camera_position": [289, 277], "world_position": [0.645, 0.6199874431539305, -0.065], "world_orientation": [1.0, 3.5778671692020784e-17, -3.6332864841185517e-17, -3.5778671692020784e-17, 1.0, 1.0733601507606489e-16, 3.6332864841185517e-17, -1.0733601507606489e-16, 1.0], "world_rotation": [0.9032531890035577, 0.3057480381601587, 0.3010843963345121, -1.18832699826363e-16]}, {"color": "CVBlue", "id_name": "object265066038348127", "shape": "CVCapsule", "id_string": "ob4020", "world_size": [0.04, 0.08, 0.04], "id": 4020, "camera_size": [19, 17], "camera_position": [218, 260], "world_position": [0.6901560320505656, 0.6402208910904413, -0.24574516600712723], "world_orientation": [0.9999542936226488, -0.0007835354738941302, 0.009528732223681708, 0.0006530354467423802, 0.9999060629199047, 0.013690831995206126, -0.009538564374934973, -0.01368398363696812, 0.9998608725125153], "world_rotation": [-0.8198088225641408, 0.5710189315620845, 0.043021788011339435, 0.016696629039278026]}, {"color": "CVGreen", "id_name": "object70266102916960", "shape": "CVCone", "id_string": "ob4027", "world_size": [0.04, 0.04, 0.04], "id": 4027, "camera_size": [20, 18], "camera_position": [236, 260], "world_position": [0.6878217460510156, 0.6218493806473502, -0.19906829283495092], "world_orientation": [0.9937188211471555, 0.01095346368317823, -0.11136842519874711, 0.00045583447738876785, 0.994793655149542, 0.10190866444588385, 0.11190485562671916, -0.10131932346574284, 0.988540185313479], "world_rotation": [0.6727236356519192, 0.7390774015149643, 0.034749166970620964, -0.15162900396808263]}, {"color": "CVYellow", "id_name": "object15196149560370", "shape": "CVCylinder", "id_string": "ob4034", "world_size": [0.04, 0.04, 0.04], "id": 4034, "camera_size": [15, 16], "camera_position": [254, 268], "world_position": [0.6676254108137187, 0.6199474584899434, -0.15496350438656492], "world_orientation": [0.9999942819116694, -0.001445733197692907, -0.003057122746326552, 0.0014471438944817624, 0.9999988474156148, 0.00045928421533930657, 0.003056455220297316, -0.000463705685628639, 0.9999952215178449], "world_rotation": [0.13521360015807116, 0.8956098932906759, -0.4237926395917671, -0.003413087484919475]}, {"color": "CVRed", "id_name": "object280382984525252", "shape": "CVCone", "id_string": "ob4041", "world_size": [0.04, 0.04, 0.04], "id": 4041, "camera_size": [16, 16], "camera_position": [272, 260], "world_position": [0.6888235430093642, 0.6199571796949263, -0.1087329014959121], "world_orientation": [0.9999816820241856, -0.0009603047302767544, 0.005976071527847402, 0.0009556430315415827, 0.999999236932247, 0.0007828673706010409, -0.005976818758939101, -0.0007771420389438879, 0.9999818366789339], "world_rotation": [-0.12781121377384982, 0.9792975646893648, 0.15697316148671597, 0.006102825593889535]}, {"color": "CVRed", "id_name": "object199496822131047", "shape": "CVCapsule", "id_string": "ob4048", "world_size": [0.04, 0.08, 0.04], "id": 4048, "camera_size": [17, 17], "camera_position": [290, 260], "world_position": [0.69, 0.6399748858658902, -0.065], "world_orientation": [1.0, -9.627715291671303e-17, 2.6597159133585094e-18, 9.627715291671303e-17, 1.0, -2.1076890233118206e-16, -2.6597159133585094e-18, 2.1076890233118206e-16, 1.0], "world_rotation": [0.9095358415233338, 0.01147753261849028, 0.41546698933782017, 2.3173237678921624e-16]}, {"color": "CVBlue", "id_name": "object209112175541777", "shape": "CVCapsule", "id_string": "ob4055", "world_size": [0.04, 0.08, 0.04], "id": 4055, "camera_size": [18, 17], "camera_position": [218, 242], "world_position": [0.7351108524569028, 0.6399748863537762, -0.24510439053792363], "world_orientation": [0.9999847847014015, 3.077368071230905e-11, 0.005516372512086953, -3.3715364246172395e-11, 1.0, 5.331711261492519e-10, -0.005516372512086953, -5.33349000299926e-10, 0.9999847847014015], "world_rotation": [-9.666861004331334e-08, 0.9999999999999952, -5.845240220559693e-09, 0.005516400490008906]}, {"color": "CVGreen", "id_name": "object30859953365415", "shape": "CVBox", "id_string": "ob4062", "world_size": [0.04, 0.04, 0.04], "id": 4062, "camera_size": [16, 16], "camera_position": [237, 242], "world_position": [0.7350127037505156, 0.6199716674786694, -0.1962037657603917], "world_orientation": [0.9999998660307278, 0.0005170342874363763, -2.4780485605067425e-05, -0.0005170364547918739, 0.9999998625053909, -8.753573118819293e-05, 2.473522322347164e-05, 8.754853187552349e-05, 0.9999999958617118], "world_rotation": [-0.16675382915870995, 0.04715977270705236, 0.9848701012311861, -0.0005249782628360079]}, {"color": "CVYellow", "id_name": "object175470937630551", "shape": "CVCapsule", "id_string": "ob4069", "world_size": [0.04, 0.08, 0.04], "id": 4069, "camera_size": [17, 17], "camera_position": [254, 237], "world_position": [0.7475724112451378, 0.6399467187534631, -0.1549543726621144], "world_orientation": [0.9999998254895371, 0.0005644153306821426, 0.00017451713332924368, -0.0005642614686920837, 0.9999994532171416, -0.0008804398974288635, -0.00017501397168209745, 0.0008803412704889295, 0.9999995971845975], "world_rotation": [0.8303693126171826, 0.1648358743805819, -0.5322743082103969, 0.0010602399866229979]}, {"color": "CVGreen", "id_name": "object111892683143078", "shape": "CVBox", "id_string": "ob4076", "world_size": [0.04, 0.04, 0.04], "id": 4076, "camera_size": [17, 16], "camera_position": [272, 242], "world_position": [0.7346468936494078, 0.6199802057457313, -0.10920893718473981], "world_orientation": [0.9999056231790252, -0.00010700902215242756, 0.013738023294291402, 0.00010749105762050452, 0.999999993632899, -3.434930011429203e-05, -0.013738019531135001, 3.582277299006307e-05, 0.9999056283150383], "world_rotation": [0.002553850511075079, 0.9999662673166915, 0.007806540609668115, 0.013738917065982298]}, {"color": "CVBlue", "id_name": "object49555827136463", "shape": "CVCylinder", "id_string": "ob4083", "world_size": [0.04, 0.04, 0.04], "id": 4083, "camera_size": [16, 16], "camera_position": [289, 242], "world_position": [0.7349986057671006, 0.6199851748409614, -0.06500014697483848], "world_orientation": [0.9999999990787999, -4.2791049525896965e-05, 3.365476560643772e-06, 4.279100623223691e-05, 0.9999999990017356, 1.286307123282585e-05, -3.36602698157213e-06, -1.2862927208855806e-05, 0.9999999999116075], "world_rotation": [-0.2870620902839683, 0.07511309937932653, 0.954962501160873, 4.4809118516558456e-05]}, {"color": "CVPurple", "id_name": "object201139024162800", "shape": "CVCylinder", "id_string": "ob4090", "world_size": [0.04, 0.04, 0.04], "id": 4090, "camera_size": [17, 16], "camera_position": [219, 224], "world_position": [0.78, 0.6199874431539305, -0.245], "world_orientation": [1.0, -2.2442984970449937e-16, -1.4488340486922525e-17, 2.2442984970449937e-16, 1.0, -5.952269926945416e-16, 1.4488340486922525e-17, 5.952269926945416e-16, 1.0], "world_rotation": [-0.9354546928465729, 0.022769777356192403, -0.3527124251716587, -6.362969764823948e-16]}, {"color": "CVGreen", "id_name": "object33659665024761", "shape": "CVCylinder", "id_string": "ob4097", "world_size": [0.04, 0.04, 0.04], "id": 4097, "camera_size": [16, 16], "camera_position": [236, 224], "world_position": [0.78, 0.6199874431539305, -0.2], "world_orientation": [1.0, 1.7889335846010863e-16, -4.367536594091608e-17, -1.7889335846010863e-16, 1.0, -6.570265165262153e-16, 4.367536594091608e-17, 6.570265165262153e-16, 1.0], "world_rotation": [-0.9628953949226872, 0.06400778001840857, 0.26217448871657395, -6.823446451096272e-16]}, {"color": "CVGreen", "id_name": "object24999841164953", "shape": "CVBox", "id_string": "ob4104", "world_size": [0.04, 0.04, 0.04], "id": 4104, "camera_size": [15, 16], "camera_position": [254, 221], "world_position": [0.7875485923046617, 0.6199874731474312, -0.15499998920274413], "world_orientation": [0.9999998203537607, 0.0005972892123476056, 5.037899522236228e-05, -0.0005972892408471094, 0.9999998216226139, 5.506585890985047e-07, -5.037865733345386e-05, -5.807493219844089e-07, 0.9999999987308268], "world_rotation": [-0.000943767415061191, 0.08404730810943353, -0.9964613185179966, 0.000599410384793101]}, {"color": "CVGreen", "id_name": "object171079100284", "shape": "CVCone", "id_string": "ob4111", "world_size": [0.04, 0.04, 0.04], "id": 4111, "camera_size": [16, 16], "camera_position": [271, 224], "world_position": [0.7800001299693978, 0.6199834747244425, -0.10999725405296357], "world_orientation": [0.9999999999937746, 3.3293556827213356e-06, -1.1687998134414077e-06, -3.329514917752449e-06, 0.9999999907104482, -0.00013626451444944895, 1.168346129549554e-06, 0.00013626451834013707, 0.999999990715308], "world_rotation": [-0.999664895740469, 0.008572894900464336, 0.024425431362064653, -0.0001363101949437126]}, {"color": "CVBlue", "id_name": "object214389441362546", "shape": "CVCone", "id_string": "ob4118", "world_size": [0.04, 0.04, 0.04], "id": 4118, "camera_size": [16, 16], "camera_position": [289, 224], "world_position": [0.7800026341288219, 0.6199815679254898, -0.06500143817149695], "world_orientation": [0.9999999947644221, 0.00010197129968756353, -8.544600225875963e-06, -0.0001019707198534568, 0.9999999925003491, 6.783269189570505e-05, 8.551517149533612e-06, -6.783182024152766e-05, 0.9999999976628579], "world_rotation": [0.5525167804087773, 0.06962684331328131, 0.8305885323413433, -0.00012276958572883482]}, {"color": "CVYellow", "id_name": "object278126557863939", "shape": "CVCylinder", "id_string": "ob4125", "world_size": [0.04, 0.04, 0.04], "id": 4125, "camera_size": [17, 17], "camera_position": [234, 280], "world_position": [0.6401902904871564, 0.6599588201783181, -0.20478536811646553], "world_orientation": [0.9999421330998518, -0.0002924936520293732, 0.01075383183716629, 0.0002890842041955311, 0.9999999074628185, 0.00031859798683466655, -0.010753924029925699, -0.00031547078763807237, 0.9999421251233198], "world_rotation": [-0.029457375002856032, 0.9992008052653994, 0.027018767827543692, 0.010762687032507913]}, {"color": "CVGreen", "id_name": "object47578200663929", "shape": "CVCylinder", "id_string": "ob4132", "world_size": [0.04, 0.04, 0.04], "id": 4132, "camera_size": [17, 18], "camera_position": [252, 283], "world_position": [0.6324453205895386, 0.6599690522024143, -0.15981495336526894], "world_orientation": [0.9987041121490587, -0.0008806667365436371, 0.05088536923968864, 0.0008799771222046198, 0.999999612173647, 3.595580581132391e-05, -0.05088538117008363, 8.868749666458143e-06, 0.9987044997918657], "world_rotation": [-0.000266117745015071, 0.99985035149985, 0.017297508114536425, 0.05091498653773251]}, {"color": "CVPurple", "id_name": "object81414038492511", "shape": "CVSphere", "id_string": "ob4139", "world_size": [0.04, 0.04, 0.04], "id": 4139, "camera_size": [17, 18], "camera_position": [270, 283], "world_position": [0.6325785536457751, 0.6999463010777426, -0.11602926532615446], "world_orientation": [0.9992844469573003, 0.000270274829318041, 0.03782222918812546, -0.0002704765865950547, 0.9999999634211839, 2.175127962199002e-07, -0.03782222774584486, -1.0447384602496796e-05, 0.9992844835076714], "world_rotation": [-0.00014098355959739684, 0.9999744398522198, -0.007148410024266548, 0.037832219317372615]}, {"color": "CVBlue", "id_name": "object72402617456086", "shape": "CVCapsule", "id_string": "ob4146", "world_size": [0.04, 0.08, 0.04], "id": 4146, "camera_size": [22, 17], "camera_position": [232, 262], "world_position": [0.6860302581959364, 0.682339620430199, -0.2063161354693256], "world_orientation": [0.9998972734211756, 0.010799617725309373, 0.009423951500616614, -0.012095921343692296, 0.9885249853853192, 0.15057238111885532, -0.007689687363345773, -0.15067090470937575, 0.9885540689220353], "world_rotation": [-0.995528220798075, 0.05655598398742678, -0.07566361258777633, 0.15188147518966116]}, {"color": "CVYellow", "id_name": "object142524063926336", "shape": "CVCapsule", "id_string": "ob4153", "world_size": [0.04, 0.08, 0.04], "id": 4153, "camera_size": [17, 19], "camera_position": [252, 267], "world_position": [0.6733058138871377, 0.6804317457525823, -0.15947888287373221], "world_orientation": [0.9991120538043391, -0.03032551386990834, 0.029248370064017284, 0.030287960822491067, 0.999539723875967, 0.0017262164322348877, -0.029287256137968138, -0.0008388101583002789, 0.9995706843567531], "world_rotation": [-0.03042628660786856, 0.6943482559457901, 0.7189956470996856, 0.042163981415390066]}, {"color": "CVBlue", "id_name": "object68617102596692", "shape": "CVCylinder", "id_string": "ob4160", "world_size": [0.04, 0.04, 0.04], "id": 4160, "camera_size": [17, 17], "camera_position": [273, 261], "world_position": [0.6870665887378242, 0.6599386986804137, -0.10846629903437302], "world_orientation": [0.9998824098625765, -0.0011098006949490974, -0.015294926930993115, 0.0011266240894548859, 0.9999987698243984, 0.0010913605504183142, 0.01529369692284988, -0.0011084638503081263, 0.9998824301598288], "world_rotation": [0.07154119027815736, 0.9947823829720746, -0.07273148301791603, -0.015375136098113392]}, {"color": "CVBlue", "id_name": "object234782010207729", "shape": "CVSphere", "id_string": "ob4167", "world_size": [0.04, 0.04, 0.04], "id": 4167, "camera_size": [16, 16], "camera_position": [236, 243], "world_position": [0.7306365657472627, 0.6599591629824868, -0.1985585065820228], "world_orientation": [0.9999142022699561, 0.0008029139907036857, -0.013074533565711277, -0.0008058080489703728, 0.9999996519904253, -0.00021608428115554992, 0.013074355518555897, 0.00022660130599851157, 0.9999145012847963], "world_rotation": [-0.016895063030130587, 0.997970437860311, 0.061396758889271416, -0.013101408704040526]}, {"color": "CVGreen", "id_name": "object22699308711566", "shape": "CVCone", "id_string": "ob4174", "world_size": [0.04, 0.04, 0.04], "id": 4174, "camera_size": [17, 18], "camera_position": [252, 238], "world_position": [0.7423186332881557, 0.6999259359960339, -0.16037444696303366], "world_orientation": [0.9999175516608174, 0.00012930185830920923, -0.012840294454038446, -0.00014321140746455547, 0.9999994039936888, -0.0010823598109151416, 0.012840146850007004, 0.0010841094487873562, 0.9999169742211467], "world_rotation": [-0.0840593051398649, 0.9964046533480835, 0.010573552179311163, -0.01288690896500154]}, {"color": "CVRed", "id_name": "object270169516933845", "shape": "CVCone", "id_string": "ob4181", "world_size": [0.04, 0.04, 0.04], "id": 4181, "camera_size": [17, 16], "camera_position": [270, 244], "world_position": [0.7286050119194517, 0.6599738735866038, -0.11488307754094333], "world_orientation": [0.999997110389308, 8.257058306823984e-05, 0.002402580931665339, -8.220346229622643e-05, 0.9999999849319352, -0.00015290101531933734, -0.0024025935205890807, 0.00015270307302389912, 0.9999971021088743], "world_rotation": [0.06343358980023389, 0.9973998279124017, -0.0342017976920367, 0.0024088529819467387]}, {"color": "CVYellow", "id_name": "object14645007729506", "shape": "CVCone", "id_string": "ob4188", "world_size": [0.04, 0.04, 0.04], "id": 4188, "camera_size": [18, 19], "camera_position": [246, 274], "world_position": [0.658294570217658, 0.7402943389908647, -0.17176299349907295], "world_orientation": [0.9983875179951245, -0.03502233745905568, 0.04467437509847606, 0.03300777213819896, 0.9984387387984648, 0.045061866861062144, -0.04618279863767517, -0.04351460381797564, 0.997984783633777], "world_rotation": [-0.6152195214994711, 0.6310604444073622, 0.4725120695499157, 0.07205001666503326]}, {"color": "CVPurple", "id_name": "object167485201060469", "shape": "CVCapsule", "id_string": "ob4195", "world_size": [0.04, 0.08, 0.04], "id": 4195, "camera_size": [18, 18], "camera_position": [269, 267], "world_position": [0.6727508728848559, 0.7199092799595328, -0.11913584741292811], "world_orientation": [0.9996938672884915, 5.1075047603158735e-05, 0.024742051190622748, -6.975712086019567e-05, 0.9999997131496379, 0.0007542112344528989, -0.024742005571981696, -0.000755706279977879, 0.999693584088792], "world_rotation": [-0.030498926309933058, 0.9995318196492166, -0.002440697168297013, 0.024756146164392763]}, {"color": "CVBlue", "id_name": "object59913558997324", "shape": "CVCapsule", "id_string": "ob4202", "world_size": [0.04, 0.08, 0.04], "id": 4202, "camera_size": [22, 37], "camera_position": [244, 253], "world_position": [0.7069958562222618, 0.7571520079224388, -0.176683731322238], "world_orientation": [0.8331039094023732, -0.5050744561171959, 0.22547210451938637, 0.48567021427150114, 0.8630540787719619, 0.13878796808280813, -0.26469287694978955, -0.006119713473622572, 0.9643133463760856], "world_rotation": [-0.12998243836411938, 0.4396788272901564, 0.8886996649879366, 0.5912659875507036]}, {"color": "CVBlue", "id_name": "object3882111945296", "shape": "CVCone", "id_string": "ob4209", "world_size": [0.04, 0.04, 0.04], "id": 4209, "camera_size": [22, 22], "camera_position": [284, 226], "world_position": [0.7719851766846658, 0.6599775201160886, -0.07852716609266638], "world_orientation": [-0.00014139571933413642, 0.40636865317624776, -0.9137091975694306, -0.9999999899940315, -6.146115653604678e-05, 0.00012741453279108136, -4.3803519350626985e-06, 0.9137092064427549, 0.40636865780048037], "world_rotation": [-0.4783635317614136, 0.4784279494425979, 0.7363932568084108, -1.8722588580064707]}], "source": "manual check"}
