{"timestamp": 1721665789.811613, "objects": [{"color": "cv_", "id_name": "hand", "shape": "CVBox", "id_string": "ob383", "world_size": [0.12, 0.005, 0.12], "id": 383, "camera_size": [48, 49], "camera_position": [246, 391], "world_position": [0.362673591093741, 0.6554938839100172, -0.17408983910149506], "world_orientation": [-4.113907593955235e-06, -0.0015808313976383762, 0.9999987504768034, -0.0007631202318492045, -0.99999845930438, -0.0015808340767529045, 0.9999997088152514, -0.0007631257817184922, 2.907536833359105e-06], "world_rotation": [0.0, 1.0, 0.0, 0.0]}, {"color": "CVPurple", "id_name": "object101971167869725", "shape": "CVCapsule", "id_string": "ob19231", "world_size": [0.04, 0.08, 0.04], "id": 19231, "camera_size": [16, 17], "camera_position": [255, 252], "world_position": [0.7094939674443315, 0.6399660154551692, -0.15127721792452217], "world_orientation": [0.9999995655594608, -0.00015165643469775074, 0.0009197180087373526, 0.00015200148027077651, 0.9999999180954282, -0.00037510623422628805, -0.0009196610461341323, 0.0003752458697636804, 0.999999506706927], "world_rotation": [0.37338105654055703, 0.9152893571358175, 0.15110254574480025, 0.0010048075780894799]}, {"color": "CVGreen", "id_name": "object81535238438862", "shape": "CVCapsule", "id_string": "ob19238", "world_size": [0.04, 0.08, 0.04], "id": 19238, "camera_size": [18, 18], "camera_position": [218, 295], "world_position": [0.5999999690234927, 0.6399748858660159, -0.24499999985149792], "world_orientation": [0.9999999999997011, -2.2061819968613345e-09, -7.733853590487346e-07, 2.2061819998974384e-09, 1.0, 3.9244955593176346e-12, 7.733853590487259e-07, -3.926201954723498e-12, 0.9999999999997011], "world_rotation": [5.075519907231025e-06, 0.9999959312640199, -0.0028526180334224587, -7.733885057624472e-07]}, {"color": "CVGreen", "id_name": "object109716301801873", "shape": "CVBox", "id_string": "ob19245", "world_size": [0.04, 0.04, 0.04], "id": 19245, "camera_size": [16, 17], "camera_position": [236, 295], "world_position": [0.599989921218695, 0.6199874411748177, -0.19998499706928966], "world_orientation": [0.9999999394191322, -0.00021331015349404061, 0.00027506455661215637, 0.0002133102059736554, 0.9999999772493647, -1.6145314917009432e-07, -0.00027506451591466694, 2.201272166112389e-07, 0.9999999621697311], "world_rotation": [0.000548116937877622, 0.7902268819660785, 0.6128141435916701, 0.000348082997548254]}, {"color": "CVRed", "id_name": "object56957082878634", "shape": "CVSphere", "id_string": "ob19252", "world_size": [0.04, 0.04, 0.04], "id": 19252, "camera_size": [15, 16], "camera_position": [254, 299], "world_position": [0.5891761386922744, 0.6199804586470111, -0.15504683691533905], "world_orientation": [0.9999953126458322, 0.0001561773581456961, -0.003057825207156986, -0.00015703546120080162, 0.9999999483614407, -0.0002803871970974777, 0.0030577812591235974, 0.000280866069815062, 0.999995285532898], "world_rotation": [-0.09127125199572009, 0.9945226011085859, 0.05093480581435781, -0.0030746491306926824]}, {"color": "CVRed", "id_name": "object248984285494980", "shape": "CVCylinder", "id_string": "ob19259", "world_size": [0.04, 0.04, 0.04], "id": 19259, "camera_size": [16, 17], "camera_position": [271, 295], "world_position": [0.5999906154810085, 0.6199845384139455, -0.10999910719888249], "world_orientation": [0.9999999995605138, 2.9553896905574827e-05, 2.3536345840075825e-06, -2.9553811527912442e-05, 0.9999999989056534, -3.626659211588286e-05, -2.35470640059675e-06, 3.6266522541068685e-05, 0.9999999993395974], "world_rotation": [0.7742205651380172, 0.05025696794082855, -0.6309173905439315, 4.684266858149599e-05]}, {"color": "CVYellow", "id_name": "object99524964016349", "shape": "CVCylinder", "id_string": "ob19266", "world_size": [0.04, 0.04, 0.04], "id": 19266, "camera_size": [16, 17], "camera_position": [289, 295], "world_position": [0.6, 0.6199874431539305, -0.065], "world_orientation": [1.0, 2.049142105997599e-16, 5.802954297681148e-18, -2.049142105997599e-16, 1.0, 6.179952383167331e-17, -5.802954297681148e-18, -6.179952383167331e-17, 1.0], "world_rotation": [-0.28863572672225335, 0.027102796704540077, -0.9570553043948448, 2.1410905896324258e-16]}, {"color": "CVGreen", "id_name": "object39501661358632", "shape": "CVCone", "id_string": "ob19273", "world_size": [0.04, 0.04, 0.04], "id": 19273, "camera_size": [16, 16], "camera_position": [218, 277], "world_position": [0.6449860898640182, 0.6199874431879325, -0.24510458423899756], "world_orientation": [0.9999997585160272, -2.37058852895629e-11, -0.0006949589107904653, 2.335900657665225e-11, 1.0, -4.991436879128843e-10, 0.0006949589107904653, 4.991273338279131e-10, 0.9999997585160272], "world_rotation": [-7.182230533637439e-07, 0.9999999999997415, -3.386163637550175e-08, -0.0006949589667311298]}, {"color": "CVGreen", "id_name": "object158847021609031", "shape": "CVCylinder", "id_string": "ob19280", "world_size": [0.04, 0.04, 0.04], "id": 19280, "camera_size": [16, 16], "camera_position": [236, 277], "world_position": [0.6450022325836555, 0.6199748688921936, -0.20002010187199687], "world_orientation": [0.9999999983463851, 5.724682646780702e-05, 5.480032824402148e-06, -5.7252772684704875e-05, 0.9999994029041397, 0.0010912898258867484, -5.417556673007406e-06, -0.0010912901378292486, 0.9999994045280655], "world_rotation": [-0.9986143596238788, 0.004986066736758336, -0.052387974683962064, 0.0010928044330106108]}, {"color": "CVRed", "id_name": "object141836144850626", "shape": "CVCone", "id_string": "ob19287", "world_size": [0.04, 0.04, 0.04], "id": 19287, "camera_size": [15, 16], "camera_position": [254, 283], "world_position": [0.6295377986872105, 0.6199756411561043, -0.15496099556058687], "world_orientation": [0.9999998668514193, -0.000317540439478023, -0.0004067741547509453, 0.0003174311481724509, 0.9999999135149914, -0.00026871448773570147, 0.0004068594472875878, 0.000268585329169791, 0.9999998811636486], "world_rotation": [-0.4617710080145972, 0.6992602579538315, -0.5457129536702643, -0.0005817817033659274]}, {"color": "CVGreen", "id_name": "object258339626704761", "shape": "CVBox", "id_string": "ob19294", "world_size": [0.04, 0.04, 0.04], "id": 19294, "camera_size": [16, 16], "camera_position": [271, 277], "world_position": [0.6450004431117065, 0.6199758569966826, -0.1100006328143061], "world_orientation": [0.9999999992615148, 1.4667606566404975e-05, -3.552226964532939e-05, -1.4687899562327767e-05, 0.9999998366760208, -0.0005713424522504777, 3.5513883617386986e-05, 0.0005713429735760786, 0.9999998361529719], "world_rotation": [-0.9977453577043456, 0.062025812655991344, 0.02563200623812828, -0.0005726338285879201]}, {"color": "CVBlue", "id_name": "object158042180454475", "shape": "CVCylinder", "id_string": "ob19301", "world_size": [0.04, 0.04, 0.04], "id": 19301, "camera_size": [16, 16], "camera_position": [289, 277], "world_position": [0.645, 0.6199874431539305, -0.065], "world_orientation": [1.0, 3.5778671692020784e-17, -3.6332864841185517e-17, -3.5778671692020784e-17, 1.0, 1.0733601507606489e-16, 3.6332864841185517e-17, -1.0733601507606489e-16, 1.0], "world_rotation": [0.9032531890035577, 0.3057480381601587, 0.3010843963345121, -1.18832699826363e-16]}, {"color": "CVBlue", "id_name": "object163017483098576", "shape": "CVCapsule", "id_string": "ob19308", "world_size": [0.04, 0.08, 0.04], "id": 19308, "camera_size": [18, 17], "camera_position": [218, 260], "world_position": [0.6900000112832965, 0.6399748886257631, -0.24500213034411222], "world_orientation": [0.9999999999991386, 5.810335406597281e-07, -1.1769977406106597e-06, -5.80973879801734e-07, 0.9999999987151754, 5.068838085902782e-05, 1.177027190748921e-06, -5.0688380175179186e-05, 0.9999999987146515], "world_rotation": [0.9996648796102284, 0.02321277604058599, 0.011458424950959336, -5.070537294316798e-05]}, {"color": "CVBlue", "id_name": "object165225840345132", "shape": "CVBox", "id_string": "ob19315", "world_size": [0.04, 0.04, 0.04], "id": 19315, "camera_size": [16, 15], "camera_position": [236, 260], "world_position": [0.6899966596343007, 0.6199721870741507, -0.20000015947436645], "world_orientation": [0.9999999860608069, -0.0001668708464848679, -5.7014594351961e-06, 0.00016687107416683294, 0.9999999852787466, 3.995686852523732e-05, 5.6947917147935304e-06, -3.995781937693055e-05, 0.999999999185471], "world_rotation": [0.2327393872613223, 0.033189850068259794, -0.9719726392598048, -0.00017168277624839533]}, {"color": "CVBlue", "id_name": "object115466448764793", "shape": "CVCylinder", "id_string": "ob19322", "world_size": [0.04, 0.04, 0.04], "id": 19322, "camera_size": [15, 16], "camera_position": [254, 268], "world_position": [0.6695257533533212, 0.6200406997103698, -0.15502552151356047], "world_orientation": [0.9999998802170456, -0.00023324230902563287, -0.000430306774006526, 0.0002348330044028522, 0.9999931262385039, 0.003700314743860539, 0.00042944074622541616, -0.0037004153508584606, 0.999993061229365], "world_rotation": [0.9913652293061451, 0.11516752896424758, -0.0627010557729568, -0.003732603817883838]}, {"color": "CVBlue", "id_name": "object249533189049283", "shape": "CVSphere", "id_string": "ob19329", "world_size": [0.04, 0.04, 0.04], "id": 19329, "camera_size": [17, 16], "camera_position": [272, 259], "world_position": [0.6921330119714302, 0.6199576517506559, -0.1095984659105072], "world_orientation": [0.999906679077585, 0.0003675589901829098, 0.013656428391937231, -0.0003680492052870289, 0.9999999317126742, 3.338307054553812e-05, -0.013656415189128558, -3.840619282331306e-05, 0.9999067460764262], "world_rotation": [-0.002627444950338682, 0.9996340619591733, -0.026922828678220635, 0.01366184600844576]}, {"color": "CVYellow", "id_name": "object64234919130953", "shape": "CVCylinder", "id_string": "ob19336", "world_size": [0.04, 0.04, 0.04], "id": 19336, "camera_size": [16, 15], "camera_position": [289, 260], "world_position": [0.69, 0.6199874431539305, -0.065], "world_orientation": [1.0, 4.228388472693457e-17, -1.6957377686420176e-17, -4.228388472693457e-17, 1.0, 1.0733601507606494e-16, 1.6957377686420176e-17, -1.0733601507606494e-16, 1.0], "world_rotation": [0.92051720276698, 0.14542702990328832, 0.3626279889688094, -1.1660402951017529e-16]}, {"color": "CVBlue", "id_name": "object200425092693702", "shape": "CVCylinder", "id_string": "ob19343", "world_size": [0.04, 0.04, 0.04], "id": 19343, "camera_size": [17, 16], "camera_position": [219, 243], "world_position": [0.731879542951614, 0.6199851508119363, -0.24490530940561164], "world_orientation": [0.9999903808026959, 0.00020250881385254957, 0.004381471471957897, -0.00020099286446150316, 0.9999999197945822, -0.0003464284883453067, -0.004381541275362406, 0.00034554451147961803, 0.9999903413008764], "world_rotation": [0.07863734080914409, 0.9958481329477435, -0.04585482237409817, 0.004399787844176472]}, {"color": "CVPurple", "id_name": "object207562426135235", "shape": "CVBox", "id_string": "ob19350", "world_size": [0.04, 0.04, 0.04], "id": 19350, "camera_size": [17, 17], "camera_position": [236, 242], "world_position": [0.7356740720562339, 0.619979873125814, -0.20160638934845065], "world_orientation": [0.9993900378215975, -7.718776431861586e-05, 0.03492200373683158, 6.769158867264863e-05, 0.9999999604150646, 0.00027310752187227676, -0.03492202343500535, -0.000270577010700719, 0.9993900034857695], "world_rotation": [-0.0077840140885989595, 0.9999675527592351, 0.0020742597172923845, 0.034930249508583935]}, {"color": "CVRed", "id_name": "object142851478166344", "shape": "CVSphere", "id_string": "ob19357", "world_size": [0.04, 0.04, 0.04], "id": 19357, "camera_size": [15, 16], "camera_position": [254, 236], "world_position": [0.7494789423740775, 0.6199803755747504, -0.15502672409182663], "world_orientation": [0.9999988539156803, 0.00021479244150652665, 0.0014986765938773995, -0.00021510894278611175, 0.9999999545974121, 0.00021102918403905887, -0.0014986311983599368, -0.0002113513209194941, 0.9999988547169194], "world_rotation": [-0.13815481101934396, 0.9803778506396501, -0.1406147864464812, 0.0015286498759732087]}, {"color": "CVBlue", "id_name": "object250488157903486", "shape": "CVSphere", "id_string": "ob19364", "world_size": [0.04, 0.04, 0.04], "id": 19364, "camera_size": [16, 17], "camera_position": [272, 242], "world_position": [0.7352407513028524, 0.6199670053188194, -0.10862703455143231], "world_orientation": [0.9998665049986386, -0.00018221458955866766, 0.01633826733931248, 0.00017883317413187037, 0.9999999622891309, 0.0002084236852924092, -0.016338304701018488, -0.00020547403756415402, 0.9998664998788171], "world_rotation": [-0.012664708734390009, 0.9998587681829805, 0.011047571691831137, 0.01634132111661057]}, {"color": "CVGreen", "id_name": "object178967776365398", "shape": "CVSphere", "id_string": "ob19371", "world_size": [0.04, 0.04, 0.04], "id": 19371, "camera_size": [16, 16], "camera_position": [289, 242], "world_position": [0.735, 0.6199874431539305, -0.065], "world_orientation": [1.0, 4.228388472693457e-17, -1.6957377686420176e-17, -4.228388472693457e-17, 1.0, 1.0733601507606494e-16, 1.6957377686420176e-17, -1.0733601507606494e-16, 1.0], "world_rotation": [0.92051720276698, 0.14542702990328832, 0.3626279889688094, -1.1660402951017529e-16]}, {"color": "CVPurple", "id_name": "object40253110321405", "shape": "CVBox", "id_string": "ob19378", "world_size": [0.04, 0.04, 0.04], "id": 19378, "camera_size": [17, 17], "camera_position": [220, 227], "world_position": [0.77382729207521, 0.619987443187998, -0.2425780741795528], "world_orientation": [0.9999434663496407, 8.113829259478674e-11, 0.010633160615024905, -8.745812540357889e-11, 1.0, 5.938863062769866e-10, -0.010633160615024905, -5.947826880107e-10, 0.9999434663496407], "world_rotation": [-5.589443427611107e-08, 0.9999999999999984, -7.927860026873603e-09, 0.010633360996684394]}, {"color": "CVYellow", "id_name": "object84338077929048", "shape": "CVSphere", "id_string": "ob19385", "world_size": [0.04, 0.04, 0.04], "id": 19385, "camera_size": [17, 17], "camera_position": [236, 225], "world_position": [0.7793891544979337, 0.6199816833887489, -0.20154677784917374], "world_orientation": [0.999486077725663, 0.0005242990706155612, -0.03205160749563763, -0.0005582064256733212, 0.9999992940441251, -0.001048959883790898, 0.03205103489992482, 0.0010663122131989568, 0.9994856647997049], "world_rotation": [-0.032975557081313264, 0.9993136799686246, 0.016875475185678016, -0.03207883528266506]}, {"color": "CVBlue", "id_name": "object162073800337678", "shape": "CVBox", "id_string": "ob19392", "world_size": [0.04, 0.04, 0.04], "id": 19392, "camera_size": [16, 18], "camera_position": [254, 218], "world_position": [0.7956214545348337, 0.6202752325782981, -0.15451625114534148], "world_orientation": [0.9995888613076608, 0.01515199804306749, 0.024341842677929874, -0.01516607198668185, 0.9998849110233687, 0.00039366011379342964, -0.024333076462892914, -0.0007626684032309694, 0.9997036159416238], "world_rotation": [-0.02016036793035995, 0.8486379643950281, -0.5285897889217833, 0.028682191763716426]}, {"color": "CVGreen", "id_name": "object241909858318214", "shape": "CVCylinder", "id_string": "ob19399", "world_size": [0.04, 0.04, 0.04], "id": 19399, "camera_size": [16, 16], "camera_position": [271, 224], "world_position": [0.78, 0.6199874431539305, -0.11], "world_orientation": [1.0, 4.228388472693457e-17, -1.6957377686420176e-17, -4.228388472693457e-17, 1.0, 1.0733601507606494e-16, 1.6957377686420176e-17, -1.0733601507606494e-16, 1.0], "world_rotation": [0.92051720276698, 0.14542702990328832, 0.3626279889688094, -1.1660402951017529e-16]}, {"color": "CVBlue", "id_name": "object4389584341005", "shape": "CVSphere", "id_string": "ob19406", "world_size": [0.04, 0.04, 0.04], "id": 19406, "camera_size": [16, 16], "camera_position": [289, 224], "world_position": [0.78, 0.6199874431539305, -0.065], "world_orientation": [1.0, 4.228388472693457e-17, -1.6957377686420176e-17, -4.228388472693457e-17, 1.0, 1.0733601507606494e-16, 1.6957377686420176e-17, -1.0733601507606494e-16, 1.0], "world_rotation": [0.92051720276698, 0.14542702990328832, 0.3626279889688094, -1.1660402951017529e-16]}, {"color": "CVBlue", "id_name": "object20057452798062", "shape": "CVSphere", "id_string": "ob19413", "world_size": [0.04, 0.04, 0.04], "id": 19413, "camera_size": [17, 17], "camera_position": [234, 280], "world_position": [0.6399955572928306, 0.6599565749826102, -0.20508776237466708], "world_orientation": [0.9999998484015454, -4.538724176670759e-05, -0.0005487594048872956, 4.604323506185999e-05, 0.999999284379895, 0.0011954579533984579, 0.0005487047536448783, -0.0011954830388271516, 0.9999991348713245], "world_rotation": [0.9082836211245191, 0.4169106319257574, -0.03473310501807512, -0.0013161867212738187]}, {"color": "CVGreen", "id_name": "object43330450357288", "shape": "CVSphere", "id_string": "ob19420", "world_size": [0.04, 0.04, 0.04], "id": 19420, "camera_size": [17, 17], "camera_position": [252, 288], "world_position": [0.6207561635731057, 0.6599708797369948, -0.15977772803069637], "world_orientation": [0.9999016192004534, 8.137991844095155e-05, 0.014026592516387082, -7.840800657351866e-05, 0.9999999743635274, -0.00021242676152708343, -0.01402660944406726, 0.0002113060656542102, 0.99990159994734], "world_rotation": [0.01510264773896242, 0.9998697291806513, -0.005695147011588015, 0.014028888640836545]}, {"color": "CVYellow", "id_name": "object33612336661312", "shape": "CVSphere", "id_string": "ob19427", "world_size": [0.04, 0.04, 0.04], "id": 19427, "camera_size": [17, 17], "camera_position": [270, 280], "world_position": [0.6400916480378459, 0.6599670150607558, -0.11441150430497654], "world_orientation": [0.9993614878082789, 0.0002291948071086928, 0.03572903798542476, -0.00021516520217747847, 0.9999998982413582, -0.0003965112975968146, -0.03572912522801675, 0.0003885704746174032, 0.9993614354293581], "world_rotation": [0.010985717843452212, 0.9999203222616969, -0.006217968440617013, 0.03573953659798864]}, {"color": "CVRed", "id_name": "object76961744433098", "shape": "CVCone", "id_string": "ob19434", "world_size": [0.04, 0.04, 0.04], "id": 19434, "camera_size": [17, 17], "camera_position": [234, 262], "world_position": [0.6850065304083848, 0.6599581657087293, -0.2050016201606479], "world_orientation": [0.9999999594707817, -0.00026954618859800284, -9.166944604469432e-05, 0.00026955624544060556, 0.99999995765124, 0.0001097130296210333, 9.163986943364373e-05, -0.00010973773524613844, 0.999999989779882], "world_rotation": [0.35961409652151444, 0.30038908230563677, -0.8834274734320823, -0.00030511980814289014]}, {"color": "CVBlue", "id_name": "object194248779099156", "shape": "CVSphere", "id_string": "ob19441", "world_size": [0.04, 0.04, 0.04], "id": 19441, "camera_size": [17, 17], "camera_position": [253, 270], "world_position": [0.6646517724571736, 0.6600253115919764, -0.1584535073252343], "world_orientation": [0.00021603086574155275, -0.9992904825030803, -0.03766277883303493, 0.99999459137833, 9.227280347424836e-05, 0.0032876587135421305, -0.003281850811971413, -0.037663285365071325, 0.9992850976526956], "world_rotation": [0.02047547246243873, 0.017190464365778046, -0.9996425575986293, -1.5709996261353414]}, {"color": "CVGreen", "id_name": "object36572922687804", "shape": "CVCapsule", "id_string": "ob19448", "world_size": [0.04, 0.08, 0.04], "id": 19448, "camera_size": [18, 17], "camera_position": [272, 260], "world_position": [0.69055449080825, 0.6799329815960299, -0.11112032366164794], "world_orientation": [0.9985020366138452, 0.00031554307341487617, -0.054713648302526334, -0.00031004224049460373, 0.9999999459934941, 0.00010902668691242205, 0.05471367975024922, -9.189982682196445e-05, 0.9985020805199203], "world_rotation": [0.00183613083914709, 0.9999819732540395, 0.005716798973106994, -0.05474198700704786]}, {"color": "CVYellow", "id_name": "object238151329077200", "shape": "CVBox", "id_string": "ob19455", "world_size": [0.04, 0.04, 0.04], "id": 19455, "camera_size": [19, 18], "camera_position": [234, 244], "world_position": [0.7288635530299603, 0.6599715310005343, -0.20464377330956207], "world_orientation": [0.9888911946239399, 1.9082954317519266e-05, 0.14864119493289238, -3.2522183371911966e-05, 0.9999999956006212, 8.798332480283853e-05, -0.1486411925999817, -9.184007136949278e-05, 0.988891190894052], "world_rotation": [-0.0006048907305181665, 0.9999998019869096, -0.00017358958900729306, 0.14919408966453268]}, {"color": "CVGreen", "id_name": "object213482390753302", "shape": "CVCylinder", "id_string": "ob19462", "world_size": [0.04, 0.04, 0.04], "id": 19462, "camera_size": [18, 21], "camera_position": [251, 232], "world_position": [0.7602525311844707, 0.6633836386897957, -0.1602473289105598], "world_orientation": [-0.2426505560754148, 0.9689937802191728, 0.04660216231946499, -0.9697711793203014, -0.24100830297329012, -0.03819499519108091, -0.02577920472015855, -0.05446147073383727, 0.9981830397324448], "world_rotation": [-0.008383986832793384, 0.03730644825947093, -0.9992687014427355, 1.8159835055736457]}, {"color": "CVYellow", "id_name": "object266665528425810", "shape": "CVCapsule", "id_string": "ob19469", "world_size": [0.04, 0.08, 0.04], "id": 19469, "camera_size": [17, 17], "camera_position": [272, 243], "world_position": [0.7317354237323043, 0.6799457692944249, -0.11116491419679939], "world_orientation": [0.9999929318537615, -1.0218687045935834e-05, -0.0037598055930017985, 1.0815273778535349e-05, 0.9999999873558753, 0.0001586545908060068, 0.0037598039242207363, -0.00015869413273900004, 0.9999929193202438], "world_rotation": [0.04216512175882861, 0.9991067470847033, -0.0027947158864449536, -0.00376317509982555]}, {"color": "CVYellow", "id_name": "object138638598065944", "shape": "CVSphere", "id_string": "ob19476", "world_size": [0.04, 0.04, 0.04], "id": 19476, "camera_size": [21, 22], "camera_position": [250, 318], "world_position": [0.5406011479967668, 0.6199874431757082, -0.16481158699281095], "world_orientation": [-0.4370161289720996, 0.8994536691893814, 3.8564257343054464e-10, 2.0774570952397653e-10, 5.296891814055016e-10, -1.0, -0.8994536691893815, -0.4370161289720997, -4.183402513291412e-10], "world_rotation": [0.40472235299059534, 0.6466064558684109, -0.6466064554418312, 2.3724511929108587]}, {"color": "CVRed", "id_name": "object42365428489410", "shape": "CVSphere", "id_string": "ob19483", "world_size": [0.04, 0.04, 0.04], "id": 19483, "camera_size": [21, 22], "camera_position": [282, 348], "world_position": [0.4636805847116262, 0.6199874431777934, -0.0838161305773708], "world_orientation": [-0.933840421676927, 1.2840555865395499e-11, 0.3576899031874663, -2.2750872247721812e-10, -1.0, -5.580707861448618e-10, 0.35768990318746635, -6.025266311762723e-10, 0.9338404216769272], "world_rotation": [-0.18187850109767362, 2.9507083755949264e-10, -0.983321011083595, 3.14159265346758]}, {"color": "CVYellow", "id_name": "object133611893870320", "shape": "CVCone", "id_string": "ob19490", "world_size": [0.04, 0.04, 0.04], "id": 19490, "camera_size": [19, 19], "camera_position": [198, 208], "world_position": [0.8225663257655196, 0.6199874430979225, -0.2980439338753146], "world_orientation": [-1.800757841452505e-10, -0.9801443495452771, -0.19828528451316318, 1.0, -7.345954400328482e-11, -5.450471324275341e-10, 5.19658913122889e-10, -0.19828528451316324, 0.980144349545277], "world_rotation": [0.0991475281797292, 0.09914752871210847, -0.9901209699860575, -1.580724315240177]}, {"color": "CVBlue", "id_name": "object179085904635276", "shape": "CVSphere", "id_string": "ob19497", "world_size": [0.04, 0.04, 0.04], "id": 19497, "camera_size": [18, 17], "camera_position": [254, 246], "world_position": [0.7240565378356928, 0.6999602567023712, -0.15417262331927914], "world_orientation": [0.9984439146984523, -0.05576487507782181, -0.00016706042259429996, 0.00018593603414511148, 0.000333297463001272, 0.9999999271702935, -0.05576481533566731, -0.9984438730446275, 0.0003431475234346206], "world_rotation": [-0.9992219967531015, 0.02779888014526894, 0.027975408261789854, 1.5712361469666325]}], "source": "manual check"}
