{"timestamp": 1706068447.945195, "objects": [{"color": "cv_", "id_name": "hand", "shape": "CVCylinder", "id_string": "ob383", "world_size": [0.12, 0.005, 0.12], "id": 383, "camera_size": [48, 50], "camera_position": [246, 426], "world_position": [0.26764451554000873, 0.6334703013849474, -0.17389260400847828], "world_orientation": [-0.0006415509380641916, 0.19791547486687316, 0.9802188802612474, -0.0007473674820846598, -0.9802189031248747, 0.19791499033300755, 0.9999995149270027, -0.000605611168727875, 0.0007767759469252904], "world_rotation": [0.0, 1.0, 0.0, 0.0]}, {"color": "CVYellow", "id_name": "object234271097934586", "shape": "CVCone", "id_string": "ob849", "world_size": [0.09, 0.09, 0.09], "id": 849, "camera_size": [37, 37], "camera_position": [256, 254], "world_position": [0.705, 0.6448569667806435, -0.15], "world_orientation": [1.0, -5.053903521130611e-17, -1.3537563024626779e-17, 5.053903521130611e-17, 1.0, -6.136882847087181e-17, 1.3537563024626779e-17, 6.136882847087181e-17, 1.0], "world_rotation": [-0.7609763537112164, 0.16786641696290353, -0.6266864089386478, -8.064485600844401e-17]}], "source": "manual check"}
{"timestamp": 1706068448.961493, "objects": [{"color": "cv_", "id_name": "hand", "shape": "CVCylinder", "id_string": "ob383", "world_size": [0.12, 0.005, 0.12], "id": 383, "camera_size": [48, 50], "camera_position": [246, 426], "world_position": [0.26764451554000873, 0.6334703013849474, -0.17389260400847828], "world_orientation": [-0.0006415509380641916, 0.19791547486687316, 0.9802188802612474, -0.0007473674820846598, -0.9802189031248747, 0.19791499033300755, 0.9999995149270027, -0.000605611168727875, 0.0007767759469252904], "world_rotation": [0.0, 1.0, 0.0, 0.0]}, {"color": "CVYellow", "id_name": "object234271097934586", "shape": "CVCone", "id_string": "ob849", "world_size": [0.09, 0.09, 0.09], "id": 849, "camera_size": [37, 37], "camera_position": [256, 254], "world_position": [0.705, 0.6448569696296074, -0.15], "world_orientation": [1.0, -4.331917303826236e-17, -1.1712398707441946e-17, 4.331917303826236e-17, 1.0, -5.775889738434995e-17, 1.1712398707441946e-17, 5.775889738434995e-17, 1.0], "world_rotation": [-0.7896765794068324, 0.16013129347666225, -0.5922574345551229, -7.314247236221149e-17]}], "source": "manual check"}
{"timestamp": 1706068450.432538, "objects": [{"color": "cv_", "id_name": "hand", "shape": "CVCylinder", "id_string": "ob383", "world_size": [0.12, 0.005, 0.12], "id": 383, "camera_size": [48, 50], "camera_position": [246, 426], "world_position": [0.26764451554000873, 0.6334703013849474, -0.17389260400847828], "world_orientation": [-0.0006415509380641916, 0.19791547486687316, 0.9802188802612474, -0.0007473674820846598, -0.9802189031248747, 0.19791499033300755, 0.9999995149270027, -0.000605611168727875, 0.0007767759469252904], "world_rotation": [0.0, 1.0, 0.0, 0.0]}, {"color": "CVYellow", "id_name": "object234271097934586", "shape": "CVCone", "id_string": "ob849", "world_size": [0.09, 0.09, 0.09], "id": 849, "camera_size": [37, 37], "camera_position": [256, 254], "world_position": [0.705, 0.6448569696296074, -0.15], "world_orientation": [1.0, -4.331917303826236e-17, -1.1712398707441946e-17, 4.331917303826236e-17, 1.0, -5.775889738434995e-17, 1.1712398707441946e-17, 5.775889738434995e-17, 1.0], "world_rotation": [-0.7896765794068324, 0.16013129347666225, -0.5922574345551229, -7.314247236221149e-17]}], "source": "action wait"}
{"timestamp": 1706068450.464074, "objects": [{"color": "cv_", "id_name": "hand", "shape": "CVCylinder", "id_string": "ob383", "world_size": [0.12, 0.005, 0.12], "id": 383, "camera_size": [49, 51], "camera_position": [246, 421], "world_position": [0.29102601931870153, 0.6676869140536827, -0.17395614480504398], "world_orientation": [-0.00038339787239307315, 0.1974149105929509, 0.9803199508740238, -0.0007153925099408166, -0.9803198262142173, 0.1974146057030318, 0.9999996706097599, -0.0006256252103952587, 0.0005170816840245399], "world_rotation": [0.0, 1.0, 0.0, 0.0]}, {"color": "CVYellow", "id_name": "object234271097934586", "shape": "CVCone", "id_string": "ob849", "world_size": [0.09, 0.09, 0.09], "id": 849, "camera_size": [37, 37], "camera_position": [256, 254], "world_position": [0.705, 0.6448569696296074, -0.15], "world_orientation": [1.0, -4.331917303826236e-17, -1.1712398707441946e-17, 4.331917303826236e-17, 1.0, -5.775889738434995e-17, 1.1712398707441946e-17, 5.775889738434995e-17, 1.0], "world_rotation": [-0.7896765794068324, 0.16013129347666225, -0.5922574345551229, -7.314247236221149e-17]}], "source": "action wait"}
{"timestamp": 1706068450.500908, "objects": [{"color": "cv_", "id_name": "hand", "shape": "CVCylinder", "id_string": "ob383", "world_size": [0.12, 0.005, 0.12], "id": 383, "camera_size": [51, 52], "camera_position": [246, 406], "world_position": [0.3370127886065589, 0.7056193574633204, -0.17398397865521578], "world_orientation": [-0.00022426377417510176, 0.18522427150162435, 0.9826962495870492, -0.0007318157056318389, -0.9826960415543737, 0.18522406528077778, 0.9999997070757234, -0.000677613501365674, 0.00035593315409544637], "world_rotation": [0.0, 1.0, 0.0, 0.0]}, {"color": "CVYellow", "id_name": "object234271097934586", "shape": "CVCone", "id_string": "ob849", "world_size": [0.09, 0.09, 0.09], "id": 849, "camera_size": [37, 37], "camera_position": [256, 254], "world_position": [0.705, 0.6448569696296074, -0.15], "world_orientation": [1.0, -4.331917303826236e-17, -1.1712398707441946e-17, 4.331917303826236e-17, 1.0, -5.775889738434995e-17, 1.1712398707441946e-17, 5.775889738434995e-17, 1.0], "world_rotation": [-0.7896765794068324, 0.16013129347666225, -0.5922574345551229, -7.314247236221149e-17]}], "source": "action wait"}
{"timestamp": 1706068450.537469, "objects": [{"color": "cv_", "id_name": "hand", "shape": "CVCylinder", "id_string": "ob383", "world_size": [0.12, 0.005, 0.12], "id": 383, "camera_size": [51, 52], "camera_position": [246, 388], "world_position": [0.3875394996278913, 0.7387684861764303, -0.1740045035475764], "world_orientation": [-0.00012107205238900651, 0.17654040568137272, 0.9842933863962585, -0.0007430653910746529, -0.9842931377557657, 0.17654026968579775, 0.9999997165976513, -0.0007100202573148587, 0.00025035145592903547], "world_rotation": [0.0, 1.0, 0.0, 0.0]}, {"color": "CVYellow", "id_name": "object234271097934586", "shape": "CVCone", "id_string": "ob849", "world_size": [0.09, 0.09, 0.09], "id": 849, "camera_size": [37, 37], "camera_position": [256, 254], "world_position": [0.705, 0.6448569696296074, -0.15], "world_orientation": [1.0, -4.331917303826236e-17, -1.1712398707441946e-17, 4.331917303826236e-17, 1.0, -5.775889738434995e-17, 1.1712398707441946e-17, 5.775889738434995e-17, 1.0], "world_rotation": [-0.7896765794068324, 0.16013129347666225, -0.5922574345551229, -7.314247236221149e-17]}], "source": "action wait"}
{"timestamp": 1706068450.565664, "objects": [{"color": "cv_", "id_name": "hand", "shape": "CVCylinder", "id_string": "ob383", "world_size": [0.12, 0.005, 0.12], "id": 383, "camera_size": [52, 54], "camera_position": [245, 367], "world_position": [0.4416300808789729, 0.7666995920812654, -0.1740230154245305], "world_orientation": [-4.844090182971133e-05, 0.17040498468834386, 0.9853741111105184, -0.0007504471124506675, -0.985373840994201, 0.17040490108405532, 0.9999997172412654, -0.0007312165892821113, 0.00017561232620415447], "world_rotation": [0.0, 1.0, 0.0, 0.0]}, {"color": "CVYellow", "id_name": "object234271097934586", "shape": "CVCone", "id_string": "ob849", "world_size": [0.09, 0.09, 0.09], "id": 849, "camera_size": [37, 37], "camera_position": [256, 254], "world_position": [0.705, 0.6448569696296074, -0.15], "world_orientation": [1.0, -4.331917303826236e-17, -1.1712398707441946e-17, 4.331917303826236e-17, 1.0, -5.775889738434995e-17, 1.1712398707441946e-17, 5.775889738434995e-17, 1.0], "world_rotation": [-0.7896765794068324, 0.16013129347666225, -0.5922574345551229, -7.314247236221149e-17]}], "source": "action wait"}
{"timestamp": 1706068450.597336, "objects": [{"color": "cv_", "id_name": "hand", "shape": "CVCylinder", "id_string": "ob383", "world_size": [0.12, 0.005, 0.12], "id": 383, "camera_size": [52, 53], "camera_position": [245, 344], "world_position": [0.4988632787513033, 0.7802294414964437, -0.17403818112250294], "world_orientation": [-5.943288004414678e-06, 0.1533791135310716, 0.9881674187591392, -0.0007645287327391193, -0.9881671306794807, 0.15337906421835804, 0.9999997077302045, -0.000754570808445801, 0.00012313570115109974], "world_rotation": [0.0, 1.0, 0.0, 0.0]}, {"color": "CVYellow", "id_name": "object234271097934586", "shape": "CVCone", "id_string": "ob849", "world_size": [0.09, 0.09, 0.09], "id": 849, "camera_size": [37, 37], "camera_position": [256, 254], "world_position": [0.705, 0.6448569696296074, -0.15], "world_orientation": [1.0, -4.331917303826236e-17, -1.1712398707441946e-17, 4.331917303826236e-17, 1.0, -5.775889738434995e-17, 1.1712398707441946e-17, 5.775889738434995e-17, 1.0], "world_rotation": [-0.7896765794068324, 0.16013129347666225, -0.5922574345551229, -7.314247236221149e-17]}], "source": "action wait"}
{"timestamp": 1706068450.626886, "objects": [{"color": "cv_", "id_name": "hand", "shape": "CVCylinder", "id_string": "ob383", "world_size": [0.12, 0.005, 0.12], "id": 383, "camera_size": [52, 53], "camera_position": [245, 318], "world_position": [0.5574537742796005, 0.7708057909016237, -0.17405003106925998], "world_orientation": [-3.6680600292830194e-07, 0.1134710586890846, 0.9935413020301893, -0.0007769982364856817, -0.9935410021490642, 0.11347102415319166, 0.9999996981367574, -0.0007719382177006536, 8.853124929772891e-05], "world_rotation": [0.0, 1.0, 0.0, 0.0]}, {"color": "CVYellow", "id_name": "object234271097934586", "shape": "CVCone", "id_string": "ob849", "world_size": [0.09, 0.09, 0.09], "id": 849, "camera_size": [37, 37], "camera_position": [256, 254], "world_position": [0.705, 0.6448569696296074, -0.15], "world_orientation": [1.0, -4.331917303826236e-17, -1.1712398707441946e-17, 4.331917303826236e-17, 1.0, -5.775889738434995e-17, 1.1712398707441946e-17, 5.775889738434995e-17, 1.0], "world_rotation": [-0.7896765794068324, 0.16013129347666225, -0.5922574345551229, -7.314247236221149e-17]}], "source": "action wait"}
{"timestamp": 1706068450.690714, "objects": [{"color": "cv_", "id_name": "hand", "shape": "CVCylinder", "id_string": "ob383", "world_size": [0.12, 0.005, 0.12], "id": 383, "camera_size": [51, 51], "camera_position": [246, 284], "world_position": [0.6343147805106438, 0.7441171503904955, -0.1740634033051887], "world_orientation": [-2.188392322785129e-05, 0.055617643284941495, 0.9984521407040615, -0.0007712045946154702, -0.9984518449637939, 0.055617609907920064, 0.9999997023822393, -0.0007687937469096292, 6.474262556530921e-05], "world_rotation": [0.0, 1.0, 0.0, 0.0]}, {"color": "CVYellow", "id_name": "object234271097934586", "shape": "CVCone", "id_string": "ob849", "world_size": [0.09, 0.09, 0.09], "id": 849, "camera_size": [37, 37], "camera_position": [256, 254], "world_position": [0.705, 0.6448569696296074, -0.15], "world_orientation": [1.0, -4.331917303826236e-17, -1.1712398707441946e-17, 4.331917303826236e-17, 1.0, -5.775889738434995e-17, 1.1712398707441946e-17, 5.775889738434995e-17, 1.0], "world_rotation": [-0.7896765794068324, 0.16013129347666225, -0.5922574345551229, -7.314247236221149e-17]}], "source": "action wait"}
{"timestamp": 1706068450.723346, "objects": [{"color": "cv_", "id_name": "hand", "shape": "CVCylinder", "id_string": "ob383", "world_size": [0.12, 0.005, 0.12], "id": 383, "camera_size": [51, 50], "camera_position": [246, 274], "world_position": [0.6564673293797375, 0.7341375302671944, -0.17407129338688332], "world_orientation": [-2.349818129882846e-05, 0.038712280391559745, 0.9992503984461157, -0.0007677135914750105, -0.9992501049491344, 0.038712250967693346, 0.9999997050317949, -0.0007662284446825257, 5.320050394293825e-05], "world_rotation": [0.0, 1.0, 0.0, 0.0]}, {"color": "CVYellow", "id_name": "object234271097934586", "shape": "CVCone", "id_string": "ob849", "world_size": [0.09, 0.09, 0.09], "id": 849, "camera_size": [37, 37], "camera_position": [256, 254], "world_position": [0.705, 0.6448569696296074, -0.15], "world_orientation": [1.0, -4.331917303826236e-17, -1.1712398707441946e-17, 4.331917303826236e-17, 1.0, -5.775889738434995e-17, 1.1712398707441946e-17, 5.775889738434995e-17, 1.0], "world_rotation": [-0.7896765794068324, 0.16013129347666225, -0.5922574345551229, -7.314247236221149e-17]}], "source": "action wait"}
{"timestamp": 1706068450.763483, "objects": [{"color": "cv_", "id_name": "hand", "shape": "CVCylinder", "id_string": "ob383", "world_size": [0.12, 0.005, 0.12], "id": 383, "camera_size": [51, 51], "camera_position": [246, 268], "world_position": [0.6719591881636897, 0.7265367002575347, -0.17407840606280894], "world_orientation": [-2.25153535523285e-05, 0.02679023207980162, 0.9996410770662486, -0.0007652215609977756, -0.9996407851042277, 0.026790207019843106, 0.9999997069644679, -0.0007643437144476933, 4.3007728913921236e-05], "world_rotation": [0.0, 1.0, 0.0, 0.0]}, {"color": "CVYellow", "id_name": "object234271097934586", "shape": "CVCone", "id_string": "ob849", "world_size": [0.09, 0.09, 0.09], "id": 849, "camera_size": [37, 37], "camera_position": [256, 254], "world_position": [0.705, 0.6448569696296074, -0.15], "world_orientation": [1.0, -4.331917303826236e-17, -1.1712398707441946e-17, 4.331917303826236e-17, 1.0, -5.775889738434995e-17, 1.1712398707441946e-17, 5.775889738434995e-17, 1.0], "world_rotation": [-0.7896765794068324, 0.16013129347666225, -0.5922574345551229, -7.314247236221149e-17]}], "source": "action wait"}
{"timestamp": 1706068450.80418, "objects": [{"color": "cv_", "id_name": "hand", "shape": "CVCylinder", "id_string": "ob383", "world_size": [0.12, 0.005, 0.12], "id": 383, "camera_size": [51, 50], "camera_position": [246, 263], "world_position": [0.6828041935495711, 0.7209129999068367, -0.1740844145100796], "world_orientation": [-2.035524387893289e-05, 0.01838523199131283, 0.9998309771307798, -0.0007636642453344094, -0.9998306860814065, 0.018385211092198574, 0.9999997082012497, -0.0007631609331573483, 3.439194176714265e-05], "world_rotation": [0.0, 1.0, 0.0, 0.0]}, {"color": "CVYellow", "id_name": "object234271097934586", "shape": "CVCone", "id_string": "ob849", "world_size": [0.09, 0.09, 0.09], "id": 849, "camera_size": [37, 37], "camera_position": [256, 254], "world_position": [0.705, 0.6448569696296074, -0.15], "world_orientation": [1.0, -4.331917303826236e-17, -1.1712398707441946e-17, 4.331917303826236e-17, 1.0, -5.775889738434995e-17, 1.1712398707441946e-17, 5.775889738434995e-17, 1.0], "world_rotation": [-0.7896765794068324, 0.16013129347666225, -0.5922574345551229, -7.314247236221149e-17]}], "source": "action wait"}
{"timestamp": 1706068450.835219, "objects": [{"color": "cv_", "id_name": "hand", "shape": "CVCylinder", "id_string": "ob383", "world_size": [0.12, 0.005, 0.12], "id": 383, "camera_size": [50, 51], "camera_position": [245, 260], "world_position": [0.6904056389624516, 0.7168266223037545, -0.1740892976048564], "world_orientation": [-1.781573716740914e-05, 0.012460607878835194, 0.9999223634532282, -0.000762802227042657, -0.99992207287018, 0.012460590666773876, 0.9999997089076387, -0.0007625210111039696, 2.7319328278795177e-05], "world_rotation": [0.0, 1.0, 0.0, 0.0]}, {"color": "CVYellow", "id_name": "object234271097934586", "shape": "CVCone", "id_string": "ob849", "world_size": [0.09, 0.09, 0.09], "id": 849, "camera_size": [37, 37], "camera_position": [256, 254], "world_position": [0.705, 0.6448569696296074, -0.15], "world_orientation": [1.0, -4.331917303826236e-17, -1.1712398707441946e-17, 4.331917303826236e-17, 1.0, -5.775889738434995e-17, 1.1712398707441946e-17, 5.775889738434995e-17, 1.0], "world_rotation": [-0.7896765794068324, 0.16013129347666225, -0.5922574345551229, -7.314247236221149e-17]}], "source": "action wait"}
{"timestamp": 1706068450.865009, "objects": [{"color": "cv_", "id_name": "hand", "shape": "CVCylinder", "id_string": "ob383", "world_size": [0.12, 0.005, 0.12], "id": 383, "camera_size": [50, 50], "camera_position": [245, 257], "world_position": [0.6957398270845915, 0.7138916616937466, -0.17409316767258903], "world_orientation": [-1.534341211318967e-05, 0.008284624027521314, 0.9999656817957817, -0.0007623986871768153, -0.999965391394452, 0.008284609923374542, 0.9999997092563685, -0.0007622454088390999, 2.165906758179532e-05], "world_rotation": [0.0, 1.0, 0.0, 0.0]}, {"color": "CVYellow", "id_name": "object234271097934586", "shape": "CVCone", "id_string": "ob849", "world_size": [0.09, 0.09, 0.09], "id": 849, "camera_size": [37, 37], "camera_position": [256, 254], "world_position": [0.705, 0.6448569696296074, -0.15], "world_orientation": [1.0, -4.331917303826236e-17, -1.1712398707441946e-17, 4.331917303826236e-17, 1.0, -5.775889738434995e-17, 1.1712398707441946e-17, 5.775889738434995e-17, 1.0], "world_rotation": [-0.7896765794068324, 0.16013129347666225, -0.5922574345551229, -7.314247236221149e-17]}], "source": "action wait"}
{"timestamp": 1706068450.892865, "objects": [{"color": "cv_", "id_name": "hand", "shape": "CVCylinder", "id_string": "ob383", "world_size": [0.12, 0.005, 0.12], "id": 383, "camera_size": [49, 50], "camera_position": [246, 256], "world_position": [0.6994867046747094, 0.711799705278278, -0.17409618230375296], "world_orientation": [-1.3118853252802181e-05, 0.005341209400320578, 0.9999857355532816, -0.0007622703898301779, -0.9999854451687736, 0.005341197849038301, 0.9999997093858322, -0.0007621894460744108, 1.7190108082220707e-05], "world_rotation": [0.0, 1.0, 0.0, 0.0]}, {"color": "CVYellow", "id_name": "object234271097934586", "shape": "CVCone", "id_string": "ob849", "world_size": [0.09, 0.09, 0.09], "id": 849, "camera_size": [37, 37], "camera_position": [256, 254], "world_position": [0.705, 0.6448569696296074, -0.15], "world_orientation": [1.0, -4.331917303826236e-17, -1.1712398707441946e-17, 4.331917303826236e-17, 1.0, -5.775889738434995e-17, 1.1712398707441946e-17, 5.775889738434995e-17, 1.0], "world_rotation": [-0.7896765794068324, 0.16013129347666225, -0.5922574345551229, -7.314247236221149e-17]}], "source": "action wait"}
{"timestamp": 1706068450.924471, "objects": [{"color": "cv_", "id_name": "hand", "shape": "CVCylinder", "id_string": "ob383", "world_size": [0.12, 0.005, 0.12], "id": 383, "camera_size": [49, 50], "camera_position": [246, 255], "world_position": [0.7021207183893464, 0.7103161159935297, -0.17409850162038606], "world_orientation": [-1.122349557814957e-05, 0.003266541560000378, 0.9999946647759027, -0.0007622922673475203, -0.9999943743235904, 0.00326653205559159, 0.999999709392224, -0.0007622515384397275, 1.3713491810918172e-05], "world_rotation": [0.0, 1.0, 0.0, 0.0]}, {"color": "CVYellow", "id_name": "object234271097934586", "shape": "CVCone", "id_string": "ob849", "world_size": [0.09, 0.09, 0.09], "id": 849, "camera_size": [37, 37], "camera_position": [256, 254], "world_position": [0.705, 0.6448569696296074, -0.15], "world_orientation": [1.0, -4.331917303826236e-17, -1.1712398707441946e-17, 4.331917303826236e-17, 1.0, -5.775889738434995e-17, 1.1712398707441946e-17, 5.775889738434995e-17, 1.0], "world_rotation": [-0.7896765794068324, 0.16013129347666225, -0.5922574345551229, -7.314247236221149e-17]}], "source": "action wait"}
{"timestamp": 1706068450.95325, "objects": [{"color": "cv_", "id_name": "hand", "shape": "CVCylinder", "id_string": "ob383", "world_size": [0.12, 0.005, 0.12], "id": 383, "camera_size": [49, 50], "camera_position": [246, 254], "world_position": [0.703973573770028, 0.7092674671337683, -0.17410026961586683], "world_orientation": [-9.661585685692258e-06, 0.0018041793548329106, 0.9999983724204303, -0.0007623853886584541, -0.999998081865083, 0.0018041714647547065, 0.9999997093375443, -0.0007623667166587406, 1.1037047132476695e-05], "world_rotation": [0.0, 1.0, 0.0, 0.0]}, {"color": "CVYellow", "id_name": "object234271097934586", "shape": "CVCone", "id_string": "ob849", "world_size": [0.09, 0.09, 0.09], "id": 849, "camera_size": [37, 37], "camera_position": [256, 254], "world_position": [0.705, 0.6448569696296074, -0.15], "world_orientation": [1.0, -4.331917303826236e-17, -1.1712398707441946e-17, 4.331917303826236e-17, 1.0, -5.775889738434995e-17, 1.1712398707441946e-17, 5.775889738434995e-17, 1.0], "world_rotation": [-0.7896765794068324, 0.16013129347666225, -0.5922574345551229, -7.314247236221149e-17]}], "source": "action wait"}
{"timestamp": 1706068450.988128, "objects": [{"color": "cv_", "id_name": "hand", "shape": "CVCylinder", "id_string": "ob383", "world_size": [0.12, 0.005, 0.12], "id": 383, "camera_size": [49, 50], "camera_position": [246, 253], "world_position": [0.705277583231267, 0.7085278570316217, -0.17410160786120993], "world_orientation": [-8.404466367584422e-06, 0.0007733835648999472, 0.9999997009035685, -0.000762503450820845, -0.9999994102381307, 0.0007733769316678668, 0.999999709258884, -0.0007624967229387483, 8.994169048359909e-06], "world_rotation": [0.0, 1.0, 0.0, 0.0]}, {"color": "CVYellow", "id_name": "object234271097934586", "shape": "CVCone", "id_string": "ob849", "world_size": [0.09, 0.09, 0.09], "id": 849, "camera_size": [37, 37], "camera_position": [256, 254], "world_position": [0.705, 0.6448569696296074, -0.15], "world_orientation": [1.0, -4.331917303826236e-17, -1.1712398707441946e-17, 4.331917303826236e-17, 1.0, -5.775889738434995e-17, 1.1712398707441946e-17, 5.775889738434995e-17, 1.0], "world_rotation": [-0.7896765794068324, 0.16013129347666225, -0.5922574345551229, -7.314247236221149e-17]}], "source": "action wait"}
{"timestamp": 1706068451.023863, "objects": [{"color": "cv_", "id_name": "hand", "shape": "CVCylinder", "id_string": "ob383", "world_size": [0.12, 0.005, 0.12], "id": 383, "camera_size": [49, 50], "camera_position": [246, 253], "world_position": [0.7061956814392224, 0.7080069358827359, -0.17410261520133039], "world_orientation": [-7.410218827993975e-06, 4.6772093018177286e-05, 0.99999999887873, -0.0007626214308331054, -0.9999997081106846, 4.67664282270396e-05, 0.9999997091767787, -0.0007626210834289177, 7.445886065895431e-06], "world_rotation": [0.0, 1.0, 0.0, 0.0]}, {"color": "CVYellow", "id_name": "object234271097934586", "shape": "CVCone", "id_string": "ob849", "world_size": [0.09, 0.09, 0.09], "id": 849, "camera_size": [37, 37], "camera_position": [256, 254], "world_position": [0.705, 0.6448569696296074, -0.15], "world_orientation": [1.0, -4.331917303826236e-17, -1.1712398707441946e-17, 4.331917303826236e-17, 1.0, -5.775889738434995e-17, 1.1712398707441946e-17, 5.775889738434995e-17, 1.0], "world_rotation": [-0.7896765794068324, 0.16013129347666225, -0.5922574345551229, -7.314247236221149e-17]}], "source": "action wait"}
{"timestamp": 1706068451.067287, "objects": [{"color": "cv_", "id_name": "hand", "shape": "CVCylinder", "id_string": "ob383", "world_size": [0.12, 0.005, 0.12], "id": 383, "camera_size": [49, 50], "camera_position": [246, 253], "world_position": [0.7068422742872398, 0.7076403555343741, -0.17410337005997872], "world_orientation": [-6.6342524414809325e-06, -0.0004654327438749131, 0.9999998916641679, -0.0007627273567998167, -0.9999996008072983, -0.0004654376686266121, 0.9999997091014408, -0.0007627303620004922, 6.279251506996289e-06], "world_rotation": [0.0, 1.0, 0.0, 0.0]}, {"color": "CVYellow", "id_name": "object234271097934586", "shape": "CVCone", "id_string": "ob849", "world_size": [0.09, 0.09, 0.09], "id": 849, "camera_size": [37, 37], "camera_position": [256, 254], "world_position": [0.705, 0.6448569696296074, -0.15], "world_orientation": [1.0, -4.331917303826236e-17, -1.1712398707441946e-17, 4.331917303826236e-17, 1.0, -5.775889738434995e-17, 1.1712398707441946e-17, 5.775889738434995e-17, 1.0], "world_rotation": [-0.7896765794068324, 0.16013129347666225, -0.5922574345551229, -7.314247236221149e-17]}], "source": "action wait"}
{"timestamp": 1706068451.098616, "objects": [{"color": "cv_", "id_name": "hand", "shape": "CVCylinder", "id_string": "ob383", "world_size": [0.12, 0.005, 0.12], "id": 383, "camera_size": [49, 49], "camera_position": [246, 253], "world_position": [0.7072977641539492, 0.7073825145414354, -0.17410393361938617], "world_orientation": [-6.034813514566029e-06, -0.0008265068975157477, 0.9999996584249063, -0.0007628167947764666, -0.9999993674946369, -0.0008265112605181117, 0.999999709037017, -0.0007628215220589626, 5.404336355454637e-06], "world_rotation": [0.0, 1.0, 0.0, 0.0]}, {"color": "CVYellow", "id_name": "object234271097934586", "shape": "CVCone", "id_string": "ob849", "world_size": [0.09, 0.09, 0.09], "id": 849, "camera_size": [37, 37], "camera_position": [256, 254], "world_position": [0.705, 0.6448569696296074, -0.15], "world_orientation": [1.0, -4.331917303826236e-17, -1.1712398707441946e-17, 4.331917303826236e-17, 1.0, -5.775889738434995e-17, 1.1712398707441946e-17, 5.775889738434995e-17, 1.0], "world_rotation": [-0.7896765794068324, 0.16013129347666225, -0.5922574345551229, -7.314247236221149e-17]}], "source": "action wait"}
{"timestamp": 1706068451.129882, "objects": [{"color": "cv_", "id_name": "hand", "shape": "CVCylinder", "id_string": "ob383", "world_size": [0.12, 0.005, 0.12], "id": 383, "camera_size": [49, 50], "camera_position": [246, 252], "world_position": [0.7076186952945426, 0.7072012024014178, -0.17410435303618407], "world_orientation": [-5.575555401434319e-06, -0.0010810490616552635, 0.999999415650749, -0.0007628893596582503, -0.9999991246617344, -0.0010810530006157026, 0.9999997089843268, -0.0007628949413357076, 4.750829694895966e-06], "world_rotation": [0.0, 1.0, 0.0, 0.0]}, {"color": "CVYellow", "id_name": "object234271097934586", "shape": "CVCone", "id_string": "ob849", "world_size": [0.09, 0.09, 0.09], "id": 849, "camera_size": [37, 37], "camera_position": [256, 254], "world_position": [0.705, 0.6448569696296074, -0.15], "world_orientation": [1.0, -4.331917303826236e-17, -1.1712398707441946e-17, 4.331917303826236e-17, 1.0, -5.775889738434995e-17, 1.1712398707441946e-17, 5.775889738434995e-17, 1.0], "world_rotation": [-0.7896765794068324, 0.16013129347666225, -0.5922574345551229, -7.314247236221149e-17]}], "source": "action wait"}
{"timestamp": 1706068452.208069, "objects": [{"color": "cv_", "id_name": "hand", "shape": "CVCylinder", "id_string": "ob383", "world_size": [0.12, 0.005, 0.12], "id": 383, "camera_size": [49, 50], "camera_position": [246, 252], "world_position": [0.7083851439599373, 0.7067714200038173, -0.17410553615794586], "world_orientation": [-4.1875188359866265e-06, -0.001689363083355015, 0.9999985730164006, -0.0007631195502288103, -0.9999982818444187, -0.0016893657870408131, 0.9999997088154661, -0.0007631255355211457, 2.8983256451983946e-06], "world_rotation": [0.0, 1.0, 0.0, 0.0]}, {"color": "CVYellow", "id_name": "object234271097934586", "shape": "CVCone", "id_string": "ob849", "world_size": [0.09, 0.09, 0.09], "id": 849, "camera_size": [37, 37], "camera_position": [256, 254], "world_position": [0.705, 0.6448569696296074, -0.15], "world_orientation": [1.0, -4.331917303826236e-17, -1.1712398707441946e-17, 4.331917303826236e-17, 1.0, -5.775889738434995e-17, 1.1712398707441946e-17, 5.775889738434995e-17, 1.0], "world_rotation": [-0.7896765794068324, 0.16013129347666225, -0.5922574345551229, -7.314247236221149e-17]}], "source": "action wait"}
{"timestamp": 1706068452.238452, "objects": [{"color": "cv_", "id_name": "hand", "shape": "CVCylinder", "id_string": "ob383", "world_size": [0.12, 0.005, 0.12], "id": 383, "camera_size": [51, 51], "camera_position": [246, 251], "world_position": [0.711203561811856, 0.7301572622371676, -0.1740976819139669], "world_orientation": [1.8933897966185902e-05, 0.0324757570910131, 0.999472523305605, -0.0007431512676351762, -0.9994722470365126, 0.03247576219240668, 0.9999997236838124, -0.0007433741654291625, 5.210494504564441e-06], "world_rotation": [0.0, 1.0, 0.0, 0.0]}, {"color": "CVYellow", "id_name": "object234271097934586", "shape": "CVCone", "id_string": "ob849", "world_size": [0.09, 0.09, 0.09], "id": 849, "camera_size": [38, 39], "camera_position": [252, 252], "world_position": [0.7105495214472346, 0.6742986066921632, -0.15866701477295164], "world_orientation": [0.9994271652045204, -0.033842893525693536, -3.0107968929384915e-06, 0.03384289360407822, 0.9994271647061551, 3.162150042970526e-05, 1.9389091300503392e-06, -3.170528061288506e-05, 0.9999999994955079], "world_rotation": [0.0009355989764208588, 7.312766909118561e-05, -0.9999995596533526, -0.033849372086063687]}], "source": "action wait"}
{"timestamp": 1706068452.270807, "objects": [{"color": "cv_", "id_name": "hand", "shape": "CVCylinder", "id_string": "ob383", "world_size": [0.12, 0.005, 0.12], "id": 383, "camera_size": [53, 53], "camera_position": [245, 249], "world_position": [0.7150834872132358, 0.7865635547284181, -0.17410894759190534], "world_orientation": [8.131773914853698e-05, 0.1135537078841806, 0.9935318559629476, -0.0007253963677716153, -0.9935315911513758, 0.11355373698969634, 0.9999997335937322, -0.0007299383327450932, 1.5797044815209102e-06], "world_rotation": [0.0, 1.0, 0.0, 0.0]}, {"color": "CVYellow", "id_name": "object234271097934586", "shape": "CVCone", "id_string": "ob849", "world_size": [0.09, 0.09, 0.09], "id": 849, "camera_size": [39, 44], "camera_position": [250, 247], "world_position": [0.7188606685597715, 0.7346441020382233, -0.16423203864443825], "world_orientation": [0.9933992142117342, -0.11470833093858546, -4.097938885780804e-06, 0.11470833099487396, 0.9933992128179296, 5.2660119334263066e-05, -1.969665132549445e-06, -5.278258889705999e-05, 0.9999999986050594], "world_rotation": [0.0004596122016644601, 9.276891706170804e-06, -0.9999998943352761, -0.1149613998166299]}], "source": "action wait"}
{"timestamp": 1706068452.304208, "objects": [{"color": "cv_", "id_name": "hand", "shape": "CVCylinder", "id_string": "ob383", "world_size": [0.12, 0.005, 0.12], "id": 383, "camera_size": [56, 55], "camera_position": [244, 250], "world_position": [0.713350731396108, 0.8566776457270614, -0.17411230748051432], "world_orientation": [0.00015628533910279346, 0.2126193259412847, 0.9771350970112406, -0.0007212364614106553, -0.9771348308342811, 0.21261938337890987, 0.9999997276963927, -0.0007379747521200203, 6.369618837506158e-07], "world_rotation": [0.0, 1.0, 0.0, 0.0]}, {"color": "CVYellow", "id_name": "object234271097934586", "shape": "CVCone", "id_string": "ob849", "world_size": [0.09, 0.09, 0.09], "id": 849, "camera_size": [41, 49], "camera_position": [248, 246], "world_position": [0.7221272935439702, 0.8077488359820207, -0.16779035686793345], "world_orientation": [0.9769154630486864, -0.21362625774486443, -7.635153837707303e-06, 0.2136262578596828, 0.9769154618173034, 4.914420919575477e-05, -3.039593662909845e-06, -4.964080722516469e-05, 0.9999999987632756], "world_rotation": [0.0002312099055402916, 1.0756074882775795e-05, -0.9999999732131428, -0.2152854152046495]}], "source": "action wait"}
{"timestamp": 1706068452.341095, "objects": [{"color": "cv_", "id_name": "hand", "shape": "CVCylinder", "id_string": "ob383", "world_size": [0.12, 0.005, 0.12], "id": 383, "camera_size": [59, 57], "camera_position": [244, 254], "world_position": [0.7041780329496651, 0.9262238793952723, -0.17411323587902555], "world_orientation": [0.00023145463662963128, 0.30955487777743146, 0.950881551021446, -0.0007096387958341444, -0.9508812862213146, 0.30955496430662893, 0.9999997214207267, -0.0007464303706284825, -4.137318692400684e-07], "world_rotation": [0.0, 1.0, 0.0, 0.0]}, {"color": "CVYellow", "id_name": "object234271097934586", "shape": "CVCone", "id_string": "ob849", "world_size": [0.09, 0.09, 0.09], "id": 849, "camera_size": [44, 56], "camera_position": [246, 247], "world_position": [0.7176971419925191, 0.8799270050849514, -0.17006647653126858], "world_orientation": [0.9505882000905471, -0.31045462430429893, -9.833140054201252e-06, 0.31045462443255095, 0.9505881991082504, 4.341171888360767e-05, -4.130101980711889e-06, -4.431941151892515e-05, 0.9999999990093662], "world_rotation": [0.00014129460899731965, 9.184978365071226e-06, -0.9999999899757347, -0.31567125423895565]}], "source": "action wait"}
{"timestamp": 1706068452.374428, "objects": [{"color": "cv_", "id_name": "hand", "shape": "CVCylinder", "id_string": "ob383", "world_size": [0.12, 0.005, 0.12], "id": 383, "camera_size": [63, 58], "camera_position": [243, 262], "world_position": [0.6878220623689985, 0.9944277049777096, -0.17411368499221225], "world_orientation": [0.000305255694303997, 0.4033629083022285, 0.9150400379354605, -0.0006875461529479785, -0.9150397796321091, 0.40336302380251604, 0.9999997170495845, -0.0007522611177634763, -1.990487401780209e-06], "world_rotation": [0.0, 1.0, 0.0, 0.0]}, {"color": "CVYellow", "id_name": "object234271097934586", "shape": "CVCone", "id_string": "ob849", "world_size": [0.09, 0.09, 0.09], "id": 849, "camera_size": [47, 61], "camera_position": [245, 253], "world_position": [0.7058388197327364, 0.9506832725234583, -0.17152298200312888], "world_orientation": [0.9146797418492656, -0.4041793781556816, -1.1146645081225185e-05, 0.40417937826908734, 0.9146797410207895, 3.934660660300129e-05, -5.7074765531916e-06, -4.049478804899359e-05, 0.9999999991637984], "world_rotation": [9.876975244737527e-05, 6.72865662448707e-06, -0.9999999950996304, -0.416081486327093]}], "source": "action wait"}
{"timestamp": 1706068452.408119, "objects": [{"color": "cv_", "id_name": "hand", "shape": "CVCylinder", "id_string": "ob383", "world_size": [0.12, 0.005, 0.12], "id": 383, "camera_size": [67, 60], "camera_position": [243, 275], "world_position": [0.6645459442452213, 1.0606019662250559, -0.17411410739473127], "world_orientation": [0.0003764901859758578, 0.49310023658837965, 0.869972421937399, -0.0006561977382444075, -0.8699721744698915, 0.4931003803006619, 0.9999997138297931, -0.0007565213894946269, -3.964725782412482e-06], "world_rotation": [0.0, 1.0, 0.0, 0.0]}, {"color": "CVYellow", "id_name": "object234271097934586", "shape": "CVCone", "id_string": "ob849", "world_size": [0.09, 0.09, 0.09], "id": 849, "camera_size": [50, 68], "camera_position": [243, 263], "world_position": [0.6868092242559909, 1.0195013778142292, -0.17245524976240983], "world_orientation": [0.8695491265517242, -0.4938464501972435, -1.186235700693173e-05, 0.493846450280215, 0.8695491258232476, 3.6409577939125474e-05, -7.66583865283622e-06, -3.7518099594913346e-05, 0.9999999992668136], "world_rotation": [7.484884956705668e-05, 4.248808855742328e-06, -0.9999999971897986, -0.5165077259388619]}], "source": "action wait"}
{"timestamp": 1706068452.44704, "objects": [{"color": "cv_", "id_name": "hand", "shape": "CVCylinder", "id_string": "ob383", "world_size": [0.12, 0.005, 0.12], "id": 383, "camera_size": [71, 60], "camera_position": [242, 290], "world_position": [0.6410023802014033, 1.1105286189756385, -0.17411363280500702], "world_orientation": [0.0004371111127364687, 0.5600930308713198, 0.8284296021408543, -0.0006354936225582772, -0.8284293584182683, 0.5600932014036164, 0.9999997025408212, -0.0007712846914007584, -6.18012952319464e-06], "world_rotation": [0.0, 1.0, 0.0, 0.0]}, {"color": "CVYellow", "id_name": "object234271097934586", "shape": "CVCone", "id_string": "ob849", "world_size": [0.09, 0.09, 0.09], "id": 849, "camera_size": [52, 72], "camera_position": [242, 275], "world_position": [0.6663668433679217, 1.0718253007865393, -0.17305166471234473], "world_orientation": [0.8279612551542638, -0.5607853064566604, -5.0680986333957705e-06, 0.5607853063931116, 0.8279612548341239, 2.5041705419250468e-05, -9.84683114360231e-06, -2.3575677095085302e-05, 0.9999999996736139], "world_rotation": [-4.334758945287213e-05, 4.260750460937405e-06, 0.9999999990514162, 0.5953339784152711]}], "source": "action wait"}
{"timestamp": 1706068452.475337, "objects": [{"color": "cv_", "id_name": "hand", "shape": "CVCylinder", "id_string": "ob383", "world_size": [0.12, 0.005, 0.12], "id": 383, "camera_size": [73, 61], "camera_position": [241, 303], "world_position": [0.6216821885589537, 1.1442944757631834, -0.1741147346049332], "world_orientation": [0.0004789607187793541, 0.6052850658367951, 0.7960086429628617, -0.0006136501579331983, -0.7960084064892538, 0.605285255257323, 0.9999996970150109, -0.0007783786903950049, -9.823482280630073e-06], "world_rotation": [0.0, 1.0, 0.0, 0.0]}, {"color": "CVYellow", "id_name": "object234271097934586", "shape": "CVCone", "id_string": "ob849", "world_size": [0.09, 0.09, 0.09], "id": 849, "camera_size": [54, 76], "camera_position": [241, 286], "world_position": [0.6490851314704703, 1.1074805217808208, -0.17343464702655892], "world_orientation": [0.7955111197375936, -0.6059389889862474, 4.055434097810839e-07, 0.6059389888368295, 0.795511119555943, 2.1685275589228853e-05, -1.3462568258368964e-05, -1.700514330215356e-05, 0.9999999997647924], "world_rotation": [-3.192600210347213e-05, 1.1443488464973951e-05, 0.9999999994248885, 0.6509456972491481]}], "source": "action wait"}
{"timestamp": 1706068452.505266, "objects": [{"color": "cv_", "id_name": "hand", "shape": "CVCylinder", "id_string": "ob383", "world_size": [0.12, 0.005, 0.12], "id": 383, "camera_size": [75, 61], "camera_position": [241, 313], "world_position": [0.6068001062825005, 1.167307384727306, -0.17411639666341636], "world_orientation": [0.0005069226207890858, 0.6360425975793753, 0.7716537805868234, -0.0005938593890750617, -0.7716535521889556, 0.6360427994444974, 0.9999996951801949, -0.0007806783255452472, -1.3448772592074162e-05], "world_rotation": [0.0, 1.0, 0.0, 0.0]}, {"color": "CVYellow", "id_name": "object234271097934586", "shape": "CVCone", "id_string": "ob849", "world_size": [0.09, 0.09, 0.09], "id": 849, "camera_size": [56, 78], "camera_position": [241, 295], "world_position": [0.6355614119168232, 1.1319081758769327, -0.1736806001326689], "world_orientation": [0.7711367683956317, -0.6366695252762418, 3.587050215570825e-06, 0.6366695250575501, 0.7711367682573185, 2.2464474862302926e-05, -1.706855285697447e-05, -1.5039416991916124e-05, 0.9999999997412402], "world_rotation": [-2.9453185954821922e-05, 1.6221604964878542e-05, 0.9999999994346846, 0.6901716088975632]}], "source": "action wait"}
{"timestamp": 1706068452.531928, "objects": [{"color": "cv_", "id_name": "hand", "shape": "CVCylinder", "id_string": "ob383", "world_size": [0.12, 0.005, 0.12], "id": 383, "camera_size": [76, 62], "camera_position": [240, 320], "world_position": [0.595724247109589, 1.1831184364625287, -0.17411799638429562], "world_orientation": [0.0005252866883370017, 0.6571499723587909, 0.7537596685301861, -0.0005775819105113732, -0.7537594474169049, 0.6571501820960706, 0.9999996952364694, -0.0007805501923094203, -1.638186740836166e-05], "world_rotation": [0.0, 1.0, 0.0, 0.0]}, {"color": "CVYellow", "id_name": "object234271097934586", "shape": "CVCone", "id_string": "ob849", "world_size": [0.09, 0.09, 0.09], "id": 849, "camera_size": [57, 80], "camera_position": [241, 302], "world_position": [0.6254033980791185, 1.1487489268795668, -0.17383846738310124], "world_orientation": [0.7532293301784223, -0.6577579920719828, 4.939504962513987e-06, 0.6577579917868009, 0.7532293300375834, 2.4733133006509833e-05, -1.9988995917642916e-05, -1.538072234314309e-05, 0.9999999996819369], "world_rotation": [-3.0492868057852184e-05, 1.8949599373904446e-05, 0.9999999993555487, 0.7178383507082516]}], "source": "action wait"}
