{"timestamp": 1706200686.411881, "objects": [{"color": "cv_", "id_name": "hand", "shape": "CVCylinder", "id_string": "ob382", "world_size": [0.12, 0.005, 0.12], "id": 382, "camera_size": [48, 50], "camera_position": [246, 426], "world_position": [0.2676445155400098, 0.633470301384952, -0.17389260400847453], "world_orientation": [-0.0006415489096371441, 0.19791547486687938, 0.9802188802625739, -0.0007473670725274015, -0.9802189031248734, 0.19791499033456014, 0.9999995149286101, -0.0006056111687282263, 0.0007767738775650403], "world_rotation": [0.0, 1.0, 0.0, 0.0]}, {"color": "CVGreen", "id_name": "object24551076833030", "shape": "CVBox", "id_string": "ob407", "world_size": [0.09, 0.09, 0.09], "id": 407, "camera_size": [37, 37], "camera_position": [256, 254], "world_position": [0.705, 0.644856964849591, -0.15], "world_orientation": [1.0, -3.248937977869676e-17, -1.2807790779525605e-17, 3.248937977869676e-17, 1.0, -6.497875955739369e-17, 1.2807790779525605e-17, 6.497875955739369e-17, 1.0], "world_rotation": [-0.8808431718627018, 0.17362065899128884, -0.4404215859313497, -7.376881791566185e-17]}], "source": "manual check"}
{"timestamp": 1706200687.432924, "objects": [{"color": "cv_", "id_name": "hand", "shape": "CVCylinder", "id_string": "ob382", "world_size": [0.12, 0.005, 0.12], "id": 382, "camera_size": [48, 50], "camera_position": [246, 426], "world_position": [0.2676445155400098, 0.633470301384952, -0.17389260400847453], "world_orientation": [-0.0006415489096371441, 0.19791547486687938, 0.9802188802625739, -0.0007473670725274015, -0.9802189031248734, 0.19791499033456014, 0.9999995149286101, -0.0006056111687282263, 0.0007767738775650403], "world_rotation": [0.0, 1.0, 0.0, 0.0]}, {"color": "CVGreen", "id_name": "object24551076833030", "shape": "CVBox", "id_string": "ob407", "world_size": [0.09, 0.09, 0.09], "id": 407, "camera_size": [37, 37], "camera_position": [256, 254], "world_position": [0.705, 0.6448569696296074, -0.15], "world_orientation": [1.0, -4.331917303826236e-17, -1.1712398707441946e-17, 4.331917303826236e-17, 1.0, -5.775889738434995e-17, 1.1712398707441946e-17, 5.775889738434995e-17, 1.0], "world_rotation": [-0.7896765794068324, 0.16013129347666225, -0.5922574345551229, -7.314247236221149e-17]}], "source": "manual check"}
{"timestamp": 1706200689.89602, "objects": [{"color": "cv_", "id_name": "hand", "shape": "CVCylinder", "id_string": "ob382", "world_size": [0.12, 0.005, 0.12], "id": 382, "camera_size": [48, 50], "camera_position": [246, 426], "world_position": [0.2676445155400098, 0.633470301384952, -0.17389260400847453], "world_orientation": [-0.0006415489096371441, 0.19791547486687938, 0.9802188802625739, -0.0007473670725274015, -0.9802189031248734, 0.19791499033456014, 0.9999995149286101, -0.0006056111687282263, 0.0007767738775650403], "world_rotation": [0.0, 1.0, 0.0, 0.0]}, {"color": "CVGreen", "id_name": "object24551076833030", "shape": "CVBox", "id_string": "ob407", "world_size": [0.09, 0.09, 0.09], "id": 407, "camera_size": [37, 37], "camera_position": [256, 254], "world_position": [0.705, 0.6448569696296074, -0.15], "world_orientation": [1.0, -4.331917303826236e-17, -1.1712398707441946e-17, 4.331917303826236e-17, 1.0, -5.775889738434995e-17, 1.1712398707441946e-17, 5.775889738434995e-17, 1.0], "world_rotation": [-0.7896765794068324, 0.16013129347666225, -0.5922574345551229, -7.314247236221149e-17]}], "source": "action wait"}
{"timestamp": 1706200689.934753, "objects": [{"color": "cv_", "id_name": "hand", "shape": "CVCylinder", "id_string": "ob382", "world_size": [0.12, 0.005, 0.12], "id": 382, "camera_size": [49, 51], "camera_position": [246, 421], "world_position": [0.29113175092715354, 0.6677893605433417, -0.1739560924363605], "world_orientation": [-0.0003826557399847023, 0.19838496781550624, 0.9801241034274308, -0.0007151387606407016, -0.9801239788441091, 0.19838466339751595, 0.9999996710755148, -0.0006250117064254655, 0.0005169228464150991], "world_rotation": [0.0, 1.0, 0.0, 0.0]}, {"color": "CVGreen", "id_name": "object24551076833030", "shape": "CVBox", "id_string": "ob407", "world_size": [0.09, 0.09, 0.09], "id": 407, "camera_size": [37, 37], "camera_position": [256, 254], "world_position": [0.705, 0.6448569696296074, -0.15], "world_orientation": [1.0, -4.331917303826236e-17, -1.1712398707441946e-17, 4.331917303826236e-17, 1.0, -5.775889738434995e-17, 1.1712398707441946e-17, 5.775889738434995e-17, 1.0], "world_rotation": [-0.7896765794068324, 0.16013129347666225, -0.5922574345551229, -7.314247236221149e-17]}], "source": "action wait"}
{"timestamp": 1706200689.971375, "objects": [{"color": "cv_", "id_name": "hand", "shape": "CVCylinder", "id_string": "ob382", "world_size": [0.12, 0.005, 0.12], "id": 382, "camera_size": [51, 52], "camera_position": [246, 406], "world_position": [0.33719205140879216, 0.7058256820893617, -0.17398391184665202], "world_orientation": [-0.00022293755092516365, 0.18693348957530945, 0.9823725468344716, -0.0007314730383433222, -0.982372338920118, 0.1869332840128029, 0.9999997076229786, -0.0006769045830941558, 0.00035574449092367304], "world_rotation": [0.0, 1.0, 0.0, 0.0]}, {"color": "CVGreen", "id_name": "object24551076833030", "shape": "CVBox", "id_string": "ob407", "world_size": [0.09, 0.09, 0.09], "id": 407, "camera_size": [37, 37], "camera_position": [256, 254], "world_position": [0.705, 0.6448569696296074, -0.15], "world_orientation": [1.0, -4.331917303826236e-17, -1.1712398707441946e-17, 4.331917303826236e-17, 1.0, -5.775889738434995e-17, 1.1712398707441946e-17, 5.775889738434995e-17, 1.0], "world_rotation": [-0.7896765794068324, 0.16013129347666225, -0.5922574345551229, -7.314247236221149e-17]}], "source": "action wait"}
{"timestamp": 1706200690.002095, "objects": [{"color": "cv_", "id_name": "hand", "shape": "CVCylinder", "id_string": "ob382", "world_size": [0.12, 0.005, 0.12], "id": 382, "camera_size": [51, 53], "camera_position": [246, 388], "world_position": [0.38777235311967223, 0.739046828479205, -0.1740044410244636], "world_orientation": [-0.00011931530162539186, 0.17877315198195537, 0.9838903119221653, -0.0007426807375880702, -0.9838900634226889, 0.17877301676544916, 0.9999997170945504, -0.0007093860261465509, 0.00025016451605883037], "world_rotation": [0.0, 1.0, 0.0, 0.0]}, {"color": "CVGreen", "id_name": "object24551076833030", "shape": "CVBox", "id_string": "ob407", "world_size": [0.09, 0.09, 0.09], "id": 407, "camera_size": [37, 37], "camera_position": [256, 254], "world_position": [0.705, 0.6448569696296074, -0.15], "world_orientation": [1.0, -4.331917303826236e-17, -1.1712398707441946e-17, 4.331917303826236e-17, 1.0, -5.775889738434995e-17, 1.1712398707441946e-17, 5.775889738434995e-17, 1.0], "world_rotation": [-0.7896765794068324, 0.16013129347666225, -0.5922574345551229, -7.314247236221149e-17]}], "source": "action wait"}
{"timestamp": 1706200690.031526, "objects": [{"color": "cv_", "id_name": "hand", "shape": "CVCylinder", "id_string": "ob382", "world_size": [0.12, 0.005, 0.12], "id": 382, "camera_size": [52, 54], "camera_position": [245, 367], "world_position": [0.4419016710370569, 0.7670280091543613, -0.17402296232549253], "world_orientation": [-4.63830971058426e-05, 0.17300800743642084, 0.9849204166893323, -0.0007500417148729883, -0.984920146727905, 0.17300792469395285, 0.9999997176429775, -0.0007307067549762237, 0.00017544686939197473], "world_rotation": [0.0, 1.0, 0.0, 0.0]}, {"color": "CVGreen", "id_name": "object24551076833030", "shape": "CVBox", "id_string": "ob407", "world_size": [0.09, 0.09, 0.09], "id": 407, "camera_size": [37, 37], "camera_position": [256, 254], "world_position": [0.705, 0.6448569696296074, -0.15], "world_orientation": [1.0, -4.331917303826236e-17, -1.1712398707441946e-17, 4.331917303826236e-17, 1.0, -5.775889738434995e-17, 1.1712398707441946e-17, 5.775889738434995e-17, 1.0], "world_rotation": [-0.7896765794068324, 0.16013129347666225, -0.5922574345551229, -7.314247236221149e-17]}], "source": "action wait"}
{"timestamp": 1706200690.062387, "objects": [{"color": "cv_", "id_name": "hand", "shape": "CVCylinder", "id_string": "ob382", "world_size": [0.12, 0.005, 0.12], "id": 382, "camera_size": [52, 54], "camera_position": [245, 343], "world_position": [0.4991879088084068, 0.7798269991263873, -0.17403808299022405], "world_orientation": [-4.46492097407061e-06, 0.15516329995759282, 0.9878888350043917, -0.0007645948936417521, -0.9878885467813522, 0.15516325123197558, 0.9999997076873139, -0.000754641967075542, 0.00012304791112116337], "world_rotation": [0.0, 1.0, 0.0, 0.0]}, {"color": "CVGreen", "id_name": "object24551076833030", "shape": "CVBox", "id_string": "ob407", "world_size": [0.09, 0.09, 0.09], "id": 407, "camera_size": [37, 37], "camera_position": [256, 254], "world_position": [0.705, 0.6448569696296074, -0.15], "world_orientation": [1.0, -4.331917303826236e-17, -1.1712398707441946e-17, 4.331917303826236e-17, 1.0, -5.775889738434995e-17, 1.1712398707441946e-17, 5.775889738434995e-17, 1.0], "world_rotation": [-0.7896765794068324, 0.16013129347666225, -0.5922574345551229, -7.314247236221149e-17]}], "source": "action wait"}
{"timestamp": 1706200690.095293, "objects": [{"color": "cv_", "id_name": "hand", "shape": "CVCylinder", "id_string": "ob382", "world_size": [0.12, 0.005, 0.12], "id": 382, "camera_size": [52, 52], "camera_position": [245, 317], "world_position": [0.5577643797296062, 0.7698892768018105, -0.17404993918211364], "world_orientation": [5.614814199253961e-07, 0.11470875748020243, 0.9933991649669497, -0.0007769699299634937, -0.9933988650682863, 0.11470872328976853, 0.9999996981586609, -0.0007719056864473219, 8.856748026068531e-05], "world_rotation": [0.0, 1.0, 0.0, 0.0]}, {"color": "CVGreen", "id_name": "object24551076833030", "shape": "CVBox", "id_string": "ob407", "world_size": [0.09, 0.09, 0.09], "id": 407, "camera_size": [37, 37], "camera_position": [256, 254], "world_position": [0.705, 0.6448569696296074, -0.15], "world_orientation": [1.0, -4.331917303826236e-17, -1.1712398707441946e-17, 4.331917303826236e-17, 1.0, -5.775889738434995e-17, 1.1712398707441946e-17, 5.775889738434995e-17, 1.0], "world_rotation": [-0.7896765794068324, 0.16013129347666225, -0.5922574345551229, -7.314247236221149e-17]}], "source": "action wait"}
{"timestamp": 1706200690.159826, "objects": [{"color": "cv_", "id_name": "hand", "shape": "CVCylinder", "id_string": "ob382", "world_size": [0.12, 0.005, 0.12], "id": 382, "camera_size": [51, 51], "camera_position": [246, 284], "world_position": [0.6345043317625059, 0.7426167337414931, -0.17406334229501128], "world_orientation": [-2.1422480337654183e-05, 0.05623661134177517, 0.9984174693412928, -0.0007711189722239309, -0.9984171736576062, 0.05623657814170584, 0.9999997024582599, -0.0007686939258197154, 6.475369021106682e-05], "world_rotation": [0.0, 1.0, 0.0, 0.0]}, {"color": "CVGreen", "id_name": "object24551076833030", "shape": "CVBox", "id_string": "ob407", "world_size": [0.09, 0.09, 0.09], "id": 407, "camera_size": [37, 37], "camera_position": [256, 254], "world_position": [0.705, 0.6448569696296074, -0.15], "world_orientation": [1.0, -4.331917303826236e-17, -1.1712398707441946e-17, 4.331917303826236e-17, 1.0, -5.775889738434995e-17, 1.1712398707441946e-17, 5.775889738434995e-17, 1.0], "world_rotation": [-0.7896765794068324, 0.16013129347666225, -0.5922574345551229, -7.314247236221149e-17]}], "source": "action wait"}
{"timestamp": 1706200690.192941, "objects": [{"color": "cv_", "id_name": "hand", "shape": "CVCylinder", "id_string": "ob382", "world_size": [0.12, 0.005, 0.12], "id": 382, "camera_size": [51, 51], "camera_position": [246, 274], "world_position": [0.6566073043860572, 0.7324710537203694, -0.17407123581628792], "world_orientation": [-2.3188410664299962e-05, 0.03914929489553481, 0.9992333722266687, -0.0007676298119870101, -0.9992330787902377, 0.039149265585120344, 0.9999997051033414, -0.0007661335164062612, 5.3222792860802484e-05], "world_rotation": [0.0, 1.0, 0.0, 0.0]}, {"color": "CVGreen", "id_name": "object24551076833030", "shape": "CVBox", "id_string": "ob407", "world_size": [0.09, 0.09, 0.09], "id": 407, "camera_size": [37, 37], "camera_position": [256, 254], "world_position": [0.705, 0.6448569696296074, -0.15], "world_orientation": [1.0, -4.331917303826236e-17, -1.1712398707441946e-17, 4.331917303826236e-17, 1.0, -5.775889738434995e-17, 1.1712398707441946e-17, 5.775889738434995e-17, 1.0], "world_rotation": [-0.7896765794068324, 0.16013129347666225, -0.5922574345551229, -7.314247236221149e-17]}], "source": "action wait"}
{"timestamp": 1706200690.226163, "objects": [{"color": "cv_", "id_name": "hand", "shape": "CVCylinder", "id_string": "ob382", "world_size": [0.12, 0.005, 0.12], "id": 382, "camera_size": [51, 50], "camera_position": [246, 267], "world_position": [0.6720605909952363, 0.7247544465569329, -0.17407834801744798], "world_orientation": [-2.2290603748836754e-05, 0.027098663057909315, 0.9996327635504965, -0.0007651463006470108, -0.9996324716440493, 0.027098638082890484, 0.9999997070270908, -0.0007642612660329286, 4.30168531115009e-05], "world_rotation": [0.0, 1.0, 0.0, 0.0]}, {"color": "CVGreen", "id_name": "object24551076833030", "shape": "CVBox", "id_string": "ob407", "world_size": [0.09, 0.09, 0.09], "id": 407, "camera_size": [37, 37], "camera_position": [256, 254], "world_position": [0.705, 0.6448569696296074, -0.15], "world_orientation": [1.0, -4.331917303826236e-17, -1.1712398707441946e-17, 4.331917303826236e-17, 1.0, -5.775889738434995e-17, 1.1712398707441946e-17, 5.775889738434995e-17, 1.0], "world_rotation": [-0.7896765794068324, 0.16013129347666225, -0.5922574345551229, -7.314247236221149e-17]}], "source": "action wait"}
{"timestamp": 1706200690.264091, "objects": [{"color": "cv_", "id_name": "hand", "shape": "CVCylinder", "id_string": "ob382", "world_size": [0.12, 0.005, 0.12], "id": 382, "camera_size": [51, 50], "camera_position": [246, 263], "world_position": [0.6828766964348866, 0.7190497934750786, -0.17408435426361904], "world_orientation": [-2.01902215631381e-05, 0.01860287417535457, 0.9998269513594694, -0.0007636007317077767, -0.9998266603574318, 0.018602853341007322, 0.9999997082530963, -0.0007630929959089462, 3.439189012988834e-05], "world_rotation": [0.0, 1.0, 0.0, 0.0]}, {"color": "CVGreen", "id_name": "object24551076833030", "shape": "CVBox", "id_string": "ob407", "world_size": [0.09, 0.09, 0.09], "id": 407, "camera_size": [37, 37], "camera_position": [256, 254], "world_position": [0.705, 0.6448569696296074, -0.15], "world_orientation": [1.0, -4.331917303826236e-17, -1.1712398707441946e-17, 4.331917303826236e-17, 1.0, -5.775889738434995e-17, 1.1712398707441946e-17, 5.775889738434995e-17, 1.0], "world_rotation": [-0.7896765794068324, 0.16013129347666225, -0.5922574345551229, -7.314247236221149e-17]}], "source": "action wait"}
{"timestamp": 1706200690.296139, "objects": [{"color": "cv_", "id_name": "hand", "shape": "CVCylinder", "id_string": "ob382", "world_size": [0.12, 0.005, 0.12], "id": 382, "camera_size": [50, 51], "camera_position": [245, 260], "world_position": [0.6904569719340087, 0.7149066814364871, -0.174089234637458], "world_orientation": [-1.7712916257905457e-05, 0.01261417375700749, 0.9999204379882836, -0.0007627510398454034, -0.9999201474440964, 0.012614156580121098, 0.9999997089485095, -0.0007624669203394257, 2.7332975986586723e-05], "world_rotation": [0.0, 1.0, 0.0, 0.0]}, {"color": "CVGreen", "id_name": "object24551076833030", "shape": "CVBox", "id_string": "ob407", "world_size": [0.09, 0.09, 0.09], "id": 407, "camera_size": [37, 37], "camera_position": [256, 254], "world_position": [0.705, 0.6448569696296074, -0.15], "world_orientation": [1.0, -4.331917303826236e-17, -1.1712398707441946e-17, 4.331917303826236e-17, 1.0, -5.775889738434995e-17, 1.1712398707441946e-17, 5.775889738434995e-17, 1.0], "world_rotation": [-0.7896765794068324, 0.16013129347666225, -0.5922574345551229, -7.314247236221149e-17]}], "source": "action wait"}
{"timestamp": 1706200690.360191, "objects": [{"color": "cv_", "id_name": "hand", "shape": "CVCylinder", "id_string": "ob382", "world_size": [0.12, 0.005, 0.12], "id": 382, "camera_size": [49, 50], "camera_position": [246, 257], "world_position": [0.6957758710472287, 0.7119318885262038, -0.1740931020500449], "world_orientation": [-1.5266721717836884e-05, 0.008392975546151607, 0.9999647782439185, -0.0007623582973699377, -0.9999644878732403, 0.008392961469870201, 0.9999997092883346, -0.0007622033127651344, 2.1664634111679226e-05], "world_rotation": [0.0, 1.0, 0.0, 0.0]}, {"color": "CVGreen", "id_name": "object24551076833030", "shape": "CVBox", "id_string": "ob407", "world_size": [0.09, 0.09, 0.09], "id": 407, "camera_size": [37, 37], "camera_position": [256, 254], "world_position": [0.705, 0.6448569696296074, -0.15], "world_orientation": [1.0, -4.331917303826236e-17, -1.1712398707441946e-17, 4.331917303826236e-17, 1.0, -5.775889738434995e-17, 1.1712398707441946e-17, 5.775889738434995e-17, 1.0], "world_rotation": [-0.7896765794068324, 0.16013129347666225, -0.5922574345551229, -7.314247236221149e-17]}], "source": "action wait"}
{"timestamp": 1706200690.394222, "objects": [{"color": "cv_", "id_name": "hand", "shape": "CVCylinder", "id_string": "ob382", "world_size": [0.12, 0.005, 0.12], "id": 382, "camera_size": [49, 50], "camera_position": [246, 255], "world_position": [0.7021380392361442, 0.7083086341934826, -0.17409843172226855], "world_orientation": [-1.1199026162249856e-05, 0.0033204833556318768, 0.9999944871172376, -0.0007622686235580006, -0.9999941966831243, 0.0033204738545319517, 0.9999997094105214, -0.0007622272351872417, 1.3730061448162465e-05], "world_rotation": [0.0, 1.0, 0.0, 0.0]}, {"color": "CVGreen", "id_name": "object24551076833030", "shape": "CVBox", "id_string": "ob407", "world_size": [0.09, 0.09, 0.09], "id": 407, "camera_size": [37, 37], "camera_position": [256, 254], "world_position": [0.705, 0.6448569696296074, -0.15], "world_orientation": [1.0, -4.331917303826236e-17, -1.1712398707441946e-17, 4.331917303826236e-17, 1.0, -5.775889738434995e-17, 1.1712398707441946e-17, 5.775889738434995e-17, 1.0], "world_rotation": [-0.7896765794068324, 0.16013129347666225, -0.5922574345551229, -7.314247236221149e-17]}], "source": "action wait"}
{"timestamp": 1706200690.430533, "objects": [{"color": "cv_", "id_name": "hand", "shape": "CVCylinder", "id_string": "ob382", "world_size": [0.12, 0.005, 0.12], "id": 382, "camera_size": [49, 50], "camera_position": [246, 254], "world_position": [0.7039853811576141, 0.7072461083742082, -0.17410019815573657], "world_orientation": [-9.650321792786075e-06, 0.001842241234634174, 0.9999983030256127, -0.0007623676294181934, -0.99999801248398, 0.0018422333422804119, 0.9999997093511922, -0.0007623485575556366, 1.105476769584687e-05], "world_rotation": [0.0, 1.0, 0.0, 0.0]}, {"color": "CVGreen", "id_name": "object24551076833030", "shape": "CVBox", "id_string": "ob407", "world_size": [0.09, 0.09, 0.09], "id": 407, "camera_size": [37, 37], "camera_position": [256, 254], "world_position": [0.705, 0.6448569696296074, -0.15], "world_orientation": [1.0, -4.331917303826236e-17, -1.1712398707441946e-17, 4.331917303826236e-17, 1.0, -5.775889738434995e-17, 1.1712398707441946e-17, 5.775889738434995e-17, 1.0], "world_rotation": [-0.7896765794068324, 0.16013129347666225, -0.5922574345551229, -7.314247236221149e-17]}], "source": "action wait"}
{"timestamp": 1706200690.496059, "objects": [{"color": "cv_", "id_name": "hand", "shape": "CVCylinder", "id_string": "ob382", "world_size": [0.12, 0.005, 0.12], "id": 382, "camera_size": [49, 50], "camera_position": [246, 253], "world_position": [0.7062008448663587, 0.7059689085252281, -0.17410254156098542], "world_orientation": [-7.40980315661516e-06, 6.572602189428851e-05, 0.9999999978125924, -0.0007626116720362545, -0.9999997070520936, 6.572035198174654e-05, 0.999999709184224, -0.0007626111833935821, 7.459924417746494e-06], "world_rotation": [0.0, 1.0, 0.0, 0.0]}, {"color": "CVGreen", "id_name": "object24551076833030", "shape": "CVBox", "id_string": "ob407", "world_size": [0.09, 0.09, 0.09], "id": 407, "camera_size": [37, 37], "camera_position": [256, 254], "world_position": [0.705, 0.6448569696296074, -0.15], "world_orientation": [1.0, -4.331917303826236e-17, -1.1712398707441946e-17, 4.331917303826236e-17, 1.0, -5.775889738434995e-17, 1.1712398707441946e-17, 5.775889738434995e-17, 1.0], "world_rotation": [-0.7896765794068324, 0.16013129347666225, -0.5922574345551229, -7.314247236221149e-17]}], "source": "action wait"}
{"timestamp": 1706200690.53134, "objects": [{"color": "cv_", "id_name": "hand", "shape": "CVCylinder", "id_string": "ob382", "world_size": [0.12, 0.005, 0.12], "id": 382, "camera_size": [49, 50], "camera_position": [246, 253], "world_position": [0.7068455013214324, 0.7055974696774556, -0.17410329569094515], "world_orientation": [-6.634789790458894e-06, -0.00045205547639961315, 0.9999998978009077, -0.0007627202003205581, -0.9999996069495657, -0.000452060405407004, 0.9999997091068955, -0.0007627231216973468, 6.289995339500673e-06], "world_rotation": [0.0, 1.0, 0.0, 0.0]}, {"color": "CVGreen", "id_name": "object24551076833030", "shape": "CVBox", "id_string": "ob407", "world_size": [0.09, 0.09, 0.09], "id": 407, "camera_size": [37, 37], "camera_position": [256, 254], "world_position": [0.705, 0.6448569696296074, -0.15], "world_orientation": [1.0, -4.331917303826236e-17, -1.1712398707441946e-17, 4.331917303826236e-17, 1.0, -5.775889738434995e-17, 1.1712398707441946e-17, 5.775889738434995e-17, 1.0], "world_rotation": [-0.7896765794068324, 0.16013129347666225, -0.5922574345551229, -7.314247236221149e-17]}], "source": "action wait"}
{"timestamp": 1706200690.561526, "objects": [{"color": "cv_", "id_name": "hand", "shape": "CVCylinder", "id_string": "ob382", "world_size": [0.12, 0.005, 0.12], "id": 382, "camera_size": [49, 49], "camera_position": [246, 253], "world_position": [0.7072996276685278, 0.7053362027030474, -0.1741038586970563], "world_orientation": [-6.035268350939109e-06, -0.0008170640663559503, 0.9999996661848878, -0.0007628115788131634, -0.9999993752586409, -0.0008170684324242177, 0.999999709040993, -0.0007628162554027218, 5.411998650373019e-06], "world_rotation": [0.0, 1.0, 0.0, 0.0]}, {"color": "CVGreen", "id_name": "object24551076833030", "shape": "CVBox", "id_string": "ob407", "world_size": [0.09, 0.09, 0.09], "id": 407, "camera_size": [37, 37], "camera_position": [256, 254], "world_position": [0.705, 0.6448569696296074, -0.15], "world_orientation": [1.0, -4.331917303826236e-17, -1.1712398707441946e-17, 4.331917303826236e-17, 1.0, -5.775889738434995e-17, 1.1712398707441946e-17, 5.775889738434995e-17, 1.0], "world_rotation": [-0.7896765794068324, 0.16013129347666225, -0.5922574345551229, -7.314247236221149e-17]}], "source": "action wait"}
{"timestamp": 1706200690.590288, "objects": [{"color": "cv_", "id_name": "hand", "shape": "CVCylinder", "id_string": "ob382", "world_size": [0.12, 0.005, 0.12], "id": 382, "camera_size": [49, 50], "camera_position": [246, 252], "world_position": [0.7076195990475371, 0.7051524743918435, -0.1741042776965022], "world_orientation": [-5.575645119330785e-06, -0.001074382047843692, 0.9999994228358973, -0.00076288557930345, -0.9999991318497932, -0.0010743859887945965, 0.9999997089872101, -0.0007628911293886174, 4.7560097082348745e-06], "world_rotation": [0.0, 1.0, 0.0, 0.0]}, {"color": "CVGreen", "id_name": "object24551076833030", "shape": "CVBox", "id_string": "ob407", "world_size": [0.09, 0.09, 0.09], "id": 407, "camera_size": [37, 37], "camera_position": [256, 254], "world_position": [0.705, 0.6448569696296074, -0.15], "world_orientation": [1.0, -4.331917303826236e-17, -1.1712398707441946e-17, 4.331917303826236e-17, 1.0, -5.775889738434995e-17, 1.1712398707441946e-17, 5.775889738434995e-17, 1.0], "world_rotation": [-0.7896765794068324, 0.16013129347666225, -0.5922574345551229, -7.314247236221149e-17]}], "source": "action wait"}
{"timestamp": 1706200691.686133, "objects": [{"color": "cv_", "id_name": "hand", "shape": "CVCylinder", "id_string": "ob382", "world_size": [0.12, 0.005, 0.12], "id": 382, "camera_size": [49, 50], "camera_position": [246, 252], "world_position": [0.7083837669848287, 0.7047169068471284, -0.1741054596074759], "world_orientation": [-4.1861564191293515e-06, -0.0016893462933201134, 0.9999985730447707, -0.0007631196021826617, -0.9999982818727454, -0.0016893489959712443, 0.9999997088154322, -0.0007631255851246635, 2.896975955836374e-06], "world_rotation": [0.0, 1.0, 0.0, 0.0]}, {"color": "CVGreen", "id_name": "object24551076833030", "shape": "CVBox", "id_string": "ob407", "world_size": [0.09, 0.09, 0.09], "id": 407, "camera_size": [37, 37], "camera_position": [256, 254], "world_position": [0.705, 0.6448569696296074, -0.15], "world_orientation": [1.0, -4.331917303826236e-17, -1.1712398707441946e-17, 4.331917303826236e-17, 1.0, -5.775889738434995e-17, 1.1712398707441946e-17, 5.775889738434995e-17, 1.0], "world_rotation": [-0.7896765794068324, 0.16013129347666225, -0.5922574345551229, -7.314247236221149e-17]}], "source": "action wait"}
{"timestamp": 1706200691.711109, "objects": [{"color": "cv_", "id_name": "hand", "shape": "CVCylinder", "id_string": "ob382", "world_size": [0.12, 0.005, 0.12], "id": 382, "camera_size": [51, 51], "camera_position": [246, 251], "world_position": [0.7112818321414245, 0.7282010654118336, -0.17409761270305452], "world_orientation": [1.8972824839492204e-05, 0.03261064734539901, 0.9994681312176722, -0.0007431479120272915, -0.9994678549501823, 0.03261065243846175, 0.9999997236855682, -0.0007433713710492106, 5.271805940340386e-06], "world_rotation": [0.0, 1.0, 0.0, 0.0]}, {"color": "CVGreen", "id_name": "object24551076833030", "shape": "CVBox", "id_string": "ob407", "world_size": [0.09, 0.09, 0.09], "id": 407, "camera_size": [38, 38], "camera_position": [252, 251], "world_position": [0.7106347310451624, 0.6736572873796106, -0.1586669945888248], "world_orientation": [0.9994225889675208, -0.03397776702474273, -3.0774306743997513e-06, 0.033977767105173654, 0.9994225884692639, 3.162187866721044e-05, 2.0012129042040517e-06, -3.170818406833735e-05, 0.9999999994952933], "world_rotation": [0.0009319334454281826, 7.473477214247731e-05, -0.9999995629572881, -0.03398432314657681]}], "source": "action wait"}
{"timestamp": 1706200691.746514, "objects": [{"color": "cv_", "id_name": "hand", "shape": "CVCylinder", "id_string": "ob382", "world_size": [0.12, 0.005, 0.12], "id": 382, "camera_size": [52, 53], "camera_position": [245, 249], "world_position": [0.7153217871290078, 0.7846721085289834, -0.1741088799983855], "world_orientation": [8.145605919143096e-05, 0.11375213616342782, 0.9935091569196368, -0.0007253791955803819, -0.9935088921145627, 0.11375216531704761, 0.9999997335949311, -0.0007299366761596468, 1.586113902881377e-06], "world_rotation": [0.0, 1.0, 0.0, 0.0]}, {"color": "CVGreen", "id_name": "object24551076833030", "shape": "CVBox", "id_string": "ob407", "world_size": [0.09, 0.09, 0.09], "id": 407, "camera_size": [39, 44], "camera_position": [250, 247], "world_position": [0.7191085050287433, 0.7335946892862535, -0.16423200242527894], "world_orientation": [0.9933762853383743, -0.1149067261320742, -4.11602491475487e-06, 0.11490672618903902, 0.9933762839445232, 5.266011009599717e-05, -1.9622393144434032e-06, -5.278426350053848e-05, 0.9999999986049856], "world_rotation": [0.0004588258930353271, 9.371885552194171e-06, -0.9999998946954783, -0.11516111556011936]}], "source": "action wait"}
{"timestamp": 1706200691.783835, "objects": [{"color": "cv_", "id_name": "hand", "shape": "CVCylinder", "id_string": "ob382", "world_size": [0.12, 0.005, 0.12], "id": 382, "camera_size": [56, 55], "camera_position": [244, 250], "world_position": [0.7137772502218889, 0.8548282081295498, -0.17411223982362822], "world_orientation": [0.0001564524000235725, 0.21281441992087738, 0.9770926251878003, -0.0007211937289311002, -0.9770923590307965, 0.21281447742867163, 0.9999997277010889, -0.0007379684096240328, 6.119804584059618e-07], "world_rotation": [0.0, 1.0, 0.0, 0.0]}, {"color": "CVGreen", "id_name": "object24551076833030", "shape": "CVBox", "id_string": "ob407", "world_size": [0.09, 0.09, 0.09], "id": 407, "camera_size": [41, 50], "camera_position": [248, 245], "world_position": [0.7225630473303073, 0.8064395411539202, -0.16779030900723738], "world_orientation": [0.9768727911029419, -0.2138213037670417, -7.623023878411016e-06, 0.21382130388098217, 0.9768727898710892, 4.9153961627563435e-05, -3.063439557163456e-06, -4.964713259408252e-05, 0.9999999987628888], "world_rotation": [0.00023103659413762511, 1.066213730286359e-05, -0.9999999732542051, -0.21548507452532256]}], "source": "action wait"}
{"timestamp": 1706200691.817929, "objects": [{"color": "cv_", "id_name": "hand", "shape": "CVCylinder", "id_string": "ob382", "world_size": [0.12, 0.005, 0.12], "id": 382, "camera_size": [59, 57], "camera_position": [244, 254], "world_position": [0.7047878318307755, 0.9244361399984404, -0.17411317116101524], "world_orientation": [0.00023164415873884545, 0.30974457204205225, 0.9508197759993583, -0.0007095509170617812, -0.9508195112476336, 0.3097446586598508, 0.9999997214392012, -0.000746405584900167, -4.7224064763731655e-07], "world_rotation": [0.0, 1.0, 0.0, 0.0]}, {"color": "CVGreen", "id_name": "object24551076833030", "shape": "CVBox", "id_string": "ob407", "world_size": [0.09, 0.09, 0.09], "id": 407, "camera_size": [44, 55], "camera_position": [246, 247], "world_position": [0.7183158361963407, 0.8784865100077865, -0.17006642342476283], "world_orientation": [0.9505262464384505, -0.31064425752891067, -9.79500922998921e-06, 0.3106442576551125, 0.9505262454545422, 4.345107289744245e-05, -4.187412931486364e-06, -4.4344148595904435e-05, 0.999999999008031], "world_rotation": [0.00014131151384180548, 9.025752295814774e-06, -0.9999999899747958, -0.31587075114530283]}], "source": "action wait"}
{"timestamp": 1706200691.850886, "objects": [{"color": "cv_", "id_name": "hand", "shape": "CVCylinder", "id_string": "ob382", "world_size": [0.12, 0.005, 0.12], "id": 382, "camera_size": [63, 59], "camera_position": [243, 262], "world_position": [0.6886079577714009, 0.9927206442973334, -0.17411362242633066], "world_orientation": [0.0003054419055259679, 0.40354534706540107, 0.9149595944997281, -0.0006874252023175202, -0.9149593362647003, 0.4035454626540246, 0.9999997170758768, -0.0007522259794409244, -2.059681296248451e-06], "world_rotation": [0.0, 1.0, 0.0, 0.0]}, {"color": "CVGreen", "id_name": "object24551076833030", "shape": "CVBox", "id_string": "ob407", "world_size": [0.09, 0.09, 0.09], "id": 407, "camera_size": [47, 62], "camera_position": [245, 252], "world_position": [0.7066332202436019, 0.9492002987983086, -0.17152292591191745], "world_orientation": [0.914599136355631, -0.40436174355912946, -1.1106525942598214e-05, 0.404361743670415, 0.9145991355250402, 3.94039468851773e-05, -5.7754296398148654e-06, -4.052986998645603e-05, 0.999999999161987], "world_rotation": [9.883948932073249e-05, 6.5919889317051265e-06, -0.9999999950936506, -0.4162808713497205]}], "source": "action wait"}
{"timestamp": 1706200691.880472, "objects": [{"color": "cv_", "id_name": "hand", "shape": "CVCylinder", "id_string": "ob382", "world_size": [0.12, 0.005, 0.12], "id": 382, "camera_size": [66, 60], "camera_position": [242, 275], "world_position": [0.6654989159743673, 1.0589934017768627, -0.1741140467252441], "world_orientation": [0.00037666349153980827, 0.4932736151005206, 0.8698741281187055, -0.000656051373044498, -0.8698738807339662, 0.4932737588940099, 0.9999997138605642, -0.0007564803324382746, -4.036900642738622e-06], "world_rotation": [0.0, 1.0, 0.0, 0.0]}, {"color": "CVGreen", "id_name": "object24551076833030", "shape": "CVBox", "id_string": "ob407", "world_size": [0.09, 0.09, 0.09], "id": 407, "camera_size": [50, 68], "camera_position": [243, 262], "world_position": [0.6877702500872168, 1.0180383560753108, -0.17245519232350237], "world_orientation": [0.8694506845990377, -0.4940197434418565, -1.182821909946068e-05, 0.49401974352287514, 0.8694506838682435, 3.64778885247457e-05, -7.736743945326002e-06, -3.755909891641547e-05, 0.9999999992647285], "world_rotation": [7.493322707183537e-05, 4.14100367099888e-06, -0.9999999971839318, -0.5167070281417523]}], "source": "action wait"}
{"timestamp": 1706200691.913671, "objects": [{"color": "cv_", "id_name": "hand", "shape": "CVCylinder", "id_string": "ob382", "world_size": [0.12, 0.005, 0.12], "id": 382, "camera_size": [71, 60], "camera_position": [242, 289], "world_position": [0.6420956451251891, 1.1089736988940881, -0.17411356480056897], "world_orientation": [0.00043723881938586, 0.5602095508869627, 0.8283508121063458, -0.0006353790198164542, -0.8283505684489518, 0.5602097214827672, 0.9999997025578139, -0.0007712621642900075, -6.241629251335888e-06], "world_rotation": [0.0, 1.0, 0.0, 0.0]}, {"color": "CVGreen", "id_name": "object24551076833030", "shape": "CVBox", "id_string": "ob407", "world_size": [0.09, 0.09, 0.09], "id": 407, "camera_size": [52, 73], "camera_position": [242, 275], "world_position": [0.6674653861933296, 1.0703645323745445, -0.17305159896442107], "world_orientation": [0.8278823681746195, -0.5609017600616338, -5.034405587753647e-06, 0.5609017599967351, 0.827882367853603, 2.509335825626446e-05, -9.907013193070966e-06, -2.359815581335878e-05, 0.9999999996724891], "world_rotation": [-4.340467216644486e-05, 4.343548146851879e-06, 0.9999999990485839, 0.5954746361491421]}], "source": "action wait"}
{"timestamp": 1706200691.94638, "objects": [{"color": "cv_", "id_name": "hand", "shape": "CVCylinder", "id_string": "ob382", "world_size": [0.12, 0.005, 0.12], "id": 382, "camera_size": [73, 61], "camera_position": [241, 302], "world_position": [0.6228735728796982, 1.1427860193908124, -0.17411466541110238], "world_orientation": [0.00047902977660671916, 0.605363948793477, 0.7959486541427414, -0.0006135561256347172, -0.7959484177242312, 0.6053641382433997, 0.999999697039631, -0.000778346620348514, -9.858233711738853e-06], "world_rotation": [0.0, 1.0, 0.0, 0.0]}, {"color": "CVGreen", "id_name": "object24551076833030", "shape": "CVBox", "id_string": "ob407", "world_size": [0.09, 0.09, 0.09], "id": 407, "camera_size": [54, 75], "camera_position": [241, 286], "world_position": [0.6502800142151735, 1.1060328858770638, -0.17343457852825028], "world_orientation": [0.7954510664159677, -0.6060178222936444, 4.1056495694719827e-07, 0.6060178221435057, 0.7954510662336204, 2.1731062040923952e-05, -1.349599522693062e-05, -1.7037186793746936e-05, 0.9999999997637962], "world_rotation": [-3.19860632731559e-05, 1.1473722113433775e-05, 0.9999999994226226, 0.6510447986722961]}], "source": "action wait"}
{"timestamp": 1706200691.981316, "objects": [{"color": "cv_", "id_name": "hand", "shape": "CVCylinder", "id_string": "ob382", "world_size": [0.12, 0.005, 0.12], "id": 382, "camera_size": [75, 61], "camera_position": [241, 312], "world_position": [0.6080597793199003, 1.1658361253857115, -0.17411632692489054], "world_orientation": [0.0005068780875796882, 0.6360964644166393, 0.7716093772312874, -0.0005938496343926743, -0.7716091488263475, 0.6360966662309212, 0.9999996952085617, -0.0007806434082577532, -1.3366116883284388e-05], "world_rotation": [0.0, 1.0, 0.0, 0.0]}, {"color": "CVGreen", "id_name": "object24551076833030", "shape": "CVBox", "id_string": "ob407", "world_size": [0.09, 0.09, 0.09], "id": 407, "camera_size": [56, 78], "camera_position": [241, 294], "world_position": [0.6368234366863615, 1.1304761758277635, -0.17368053034997655], "world_orientation": [0.7710923214834615, -0.6367233557338753, 3.4984458195761176e-06, 0.636723355516955, 0.7710923213440499, 2.2438227664176584e-05, -1.6984568323168517e-05, -1.5074402898209582e-05, 0.9999999997421436], "world_rotation": [-2.945755814502157e-05, 1.6084704566152356e-05, 0.9999999994367673, 0.6902414175369784]}], "source": "action wait"}
{"timestamp": 1706200692.017311, "objects": [{"color": "cv_", "id_name": "hand", "shape": "CVCylinder", "id_string": "ob382", "world_size": [0.12, 0.005, 0.12], "id": 382, "camera_size": [76, 62], "camera_position": [240, 319], "world_position": [0.5970315103769112, 1.1816755361877362, -0.1741179270554122], "world_orientation": [0.0005252505249747365, 0.6571870268716447, 0.7537273617320088, -0.000577568354980714, -0.7537271406184073, 0.657187236569606, 0.9999996952632942, -0.0007805170134344277, -1.632514627208984e-05], "world_rotation": [0.0, 1.0, 0.0, 0.0]}, {"color": "CVGreen", "id_name": "object24551076833030", "shape": "CVBox", "id_string": "ob407", "world_size": [0.09, 0.09, 0.09], "id": 407, "camera_size": [57, 80], "camera_position": [241, 301], "world_position": [0.6267122625251197, 1.1473313585760896, -0.17383839751690927], "world_orientation": [0.7531969936303398, -0.6577950203235616, 4.872706968143361e-06, 0.6577950200396592, 0.7531969934883805, 2.472021314155347e-05, -1.9930941344406396e-05, -1.541394784236204e-05, 0.9999999996825839], "world_rotation": [-3.050658619080636e-05, 1.885363033742001e-05, 0.9999999993569445, 0.7178875110963077]}], "source": "action wait"}
{"timestamp": 1706200692.052969, "objects": [{"color": "cv_", "id_name": "hand", "shape": "CVCylinder", "id_string": "ob382", "world_size": [0.12, 0.005, 0.12], "id": 382, "camera_size": [76, 62], "camera_position": [240, 325], "world_position": [0.5889882318695319, 1.1926349427773868, -0.17411924395691764], "world_orientation": [0.0005372462372542435, 0.6717607401367599, 0.7407679929488, -0.0005648054685999942, -0.7407677778606938, 0.6717609547138865, 0.9999996961805855, -0.000779290858635696, -1.856056171431406e-05], "world_rotation": [0.0, 1.0, 0.0, 0.0]}, {"color": "CVGreen", "id_name": "object24551076833030", "shape": "CVBox", "id_string": "ob407", "world_size": [0.09, 0.09, 0.09], "id": 407, "camera_size": [57, 82], "camera_position": [241, 306], "world_position": [0.6192962631850533, 1.1590187266452108, -0.17393966940664649], "world_orientation": [0.7402283707005722, -0.672355530343682, 5.122724977950361e-06, 0.6723555299980654, 0.7402283705281935, 2.731659313967555e-05, -2.2158448830701413e-05, -1.6776224765288318e-05, 0.9999999996137807], "world_rotation": [-3.278980828861497e-05, 2.028775890445799e-05, 0.9999999992566176, 0.7373863746933594]}], "source": "action wait"}
{"timestamp": 1706200692.085593, "objects": [{"color": "cv_", "id_name": "hand", "shape": "CVCylinder", "id_string": "ob382", "world_size": [0.12, 0.005, 0.12], "id": 382, "camera_size": [78, 62], "camera_position": [240, 329], "world_position": [0.5831965174191769, 1.200259466729808, -0.1741202428994091], "world_orientation": [0.0005450404315363195, 0.681886045856578, 0.7314582171231714, -0.0005550930564152855, -0.7314580067750257, 0.6818862633873816, 0.9999996974012677, -0.0007776829606383488, -2.016397834137755e-05], "world_rotation": [0.0, 1.0, 0.0, 0.0]}, {"color": "CVGreen", "id_name": "object24551076833030", "shape": "CVBox", "id_string": "ob407", "world_size": [0.09, 0.09, 0.09], "id": 407, "camera_size": [58, 83], "camera_position": [240, 310], "world_position": [0.6139378142958981, 1.167159477896259, -0.17400459958022718], "world_orientation": [0.7309120908193036, -0.6824716224661007, 4.758377267536122e-06, 0.6824716220691912, 0.7309120906013984, 2.9714311820607164e-05, -2.3757130075158404e-05, -1.8471092327864185e-05, 0.9999999995472089], "world_rotation": [-3.530213018075781e-05, 2.089135019559845e-05, 0.9999999991586555, 0.7511388789582765]}], "source": "action wait"}
