{"timestamp": 1706068480.306984, "objects": [{"color": "cv_", "id_name": "hand", "shape": "CVCylinder", "id_string": "ob383", "world_size": [0.12, 0.005, 0.12], "id": 383, "camera_size": [48, 50], "camera_position": [246, 426], "world_position": [0.2676445155400115, 0.6334703013849834, -0.17389260400847828], "world_orientation": [-0.0006415509358388856, 0.19791547486691896, 0.9802188802612398, -0.0007473674816348859, -0.9802189031248655, 0.19791499033305499, 0.9999995149270045, -0.0006056111687273827, 0.000776775944655015], "world_rotation": [0.0, 1.0, 0.0, 0.0]}, {"color": "CVGreen", "id_name": "object29994063738198", "shape": "CVCone", "id_string": "ob870", "world_size": [0.09, 0.09, 0.09], "id": 870, "camera_size": [37, 37], "camera_position": [256, 254], "world_position": [0.705, 0.6448569667806435, -0.15], "world_orientation": [1.0, -5.053903521130611e-17, -1.3537563024626779e-17, 5.053903521130611e-17, 1.0, -6.136882847087181e-17, 1.3537563024626779e-17, 6.136882847087181e-17, 1.0], "world_rotation": [-0.7609763537112164, 0.16786641696290353, -0.6266864089386478, -8.064485600844401e-17]}], "source": "manual check"}
{"timestamp": 1706068481.325689, "objects": [{"color": "cv_", "id_name": "hand", "shape": "CVCylinder", "id_string": "ob383", "world_size": [0.12, 0.005, 0.12], "id": 383, "camera_size": [48, 50], "camera_position": [246, 426], "world_position": [0.2676445155400115, 0.6334703013849834, -0.17389260400847828], "world_orientation": [-0.0006415509358388856, 0.19791547486691896, 0.9802188802612398, -0.0007473674816348859, -0.9802189031248655, 0.19791499033305499, 0.9999995149270045, -0.0006056111687273827, 0.000776775944655015], "world_rotation": [0.0, 1.0, 0.0, 0.0]}, {"color": "CVGreen", "id_name": "object29994063738198", "shape": "CVCone", "id_string": "ob870", "world_size": [0.09, 0.09, 0.09], "id": 870, "camera_size": [37, 37], "camera_position": [256, 254], "world_position": [0.705, 0.6448569696296074, -0.15], "world_orientation": [1.0, -4.331917303826236e-17, -1.1712398707441946e-17, 4.331917303826236e-17, 1.0, -5.775889738434995e-17, 1.1712398707441946e-17, 5.775889738434995e-17, 1.0], "world_rotation": [-0.7896765794068324, 0.16013129347666225, -0.5922574345551229, -7.314247236221149e-17]}], "source": "manual check"}
{"timestamp": 1706068482.869609, "objects": [{"color": "cv_", "id_name": "hand", "shape": "CVCylinder", "id_string": "ob383", "world_size": [0.12, 0.005, 0.12], "id": 383, "camera_size": [48, 50], "camera_position": [246, 426], "world_position": [0.2676445155400115, 0.6334703013849834, -0.17389260400847828], "world_orientation": [-0.0006415509358388856, 0.19791547486691896, 0.9802188802612398, -0.0007473674816348859, -0.9802189031248655, 0.19791499033305499, 0.9999995149270045, -0.0006056111687273827, 0.000776775944655015], "world_rotation": [0.0, 1.0, 0.0, 0.0]}, {"color": "CVGreen", "id_name": "object29994063738198", "shape": "CVCone", "id_string": "ob870", "world_size": [0.09, 0.09, 0.09], "id": 870, "camera_size": [37, 37], "camera_position": [256, 254], "world_position": [0.705, 0.6448569696296074, -0.15], "world_orientation": [1.0, -4.331917303826236e-17, -1.1712398707441946e-17, 4.331917303826236e-17, 1.0, -5.775889738434995e-17, 1.1712398707441946e-17, 5.775889738434995e-17, 1.0], "world_rotation": [-0.7896765794068324, 0.16013129347666225, -0.5922574345551229, -7.314247236221149e-17]}], "source": "action wait"}
{"timestamp": 1706068482.903123, "objects": [{"color": "cv_", "id_name": "hand", "shape": "CVCylinder", "id_string": "ob383", "world_size": [0.12, 0.005, 0.12], "id": 383, "camera_size": [49, 51], "camera_position": [246, 421], "world_position": [0.29102659057308145, 0.6676874673092243, -0.17395614568656337], "world_orientation": [-0.00038338965256767805, 0.1974201527980448, 0.9803188951976652, -0.0007153911239049122, -0.9803187705361059, 0.19741984791331843, 0.9999996706139028, -0.0006256227093195196, 0.0005170766978335123], "world_rotation": [0.0, 1.0, 0.0, 0.0]}, {"color": "CVGreen", "id_name": "object29994063738198", "shape": "CVCone", "id_string": "ob870", "world_size": [0.09, 0.09, 0.09], "id": 870, "camera_size": [37, 37], "camera_position": [256, 254], "world_position": [0.705, 0.6448569696296074, -0.15], "world_orientation": [1.0, -4.331917303826236e-17, -1.1712398707441946e-17, 4.331917303826236e-17, 1.0, -5.775889738434995e-17, 1.1712398707441946e-17, 5.775889738434995e-17, 1.0], "world_rotation": [-0.7896765794068324, 0.16013129347666225, -0.5922574345551229, -7.314247236221149e-17]}], "source": "action wait"}
{"timestamp": 1706068482.931518, "objects": [{"color": "cv_", "id_name": "hand", "shape": "CVCylinder", "id_string": "ob383", "world_size": [0.12, 0.005, 0.12], "id": 383, "camera_size": [51, 52], "camera_position": [246, 406], "world_position": [0.3370137574934428, 0.7056204715215768, -0.17398398057923173], "world_orientation": [-0.0002242495136401571, 0.1852335091923333, 0.982694508371981, -0.0007318138605248232, -0.9826943003374184, 0.185233302979851, 0.9999997070802719, -0.0006776109837853399, 0.00035592516836864763], "world_rotation": [0.0, 1.0, 0.0, 0.0]}, {"color": "CVGreen", "id_name": "object29994063738198", "shape": "CVCone", "id_string": "ob870", "world_size": [0.09, 0.09, 0.09], "id": 870, "camera_size": [37, 37], "camera_position": [256, 254], "world_position": [0.705, 0.6448569696296074, -0.15], "world_orientation": [1.0, -4.331917303826236e-17, -1.1712398707441946e-17, 4.331917303826236e-17, 1.0, -5.775889738434995e-17, 1.1712398707441946e-17, 5.775889738434995e-17, 1.0], "world_rotation": [-0.7896765794068324, 0.16013129347666225, -0.5922574345551229, -7.314247236221149e-17]}], "source": "action wait"}
{"timestamp": 1706068482.963232, "objects": [{"color": "cv_", "id_name": "hand", "shape": "CVCylinder", "id_string": "ob383", "world_size": [0.12, 0.005, 0.12], "id": 383, "camera_size": [51, 52], "camera_position": [246, 388], "world_position": [0.38754075860037374, 0.7387699888282415, -0.17400450662904593], "world_orientation": [-0.00012105347613343145, 0.1765524735122835, 0.9842912218661459, -0.0007430633375398783, -0.9842909732241277, 0.17655233752736346, 0.9999997166014261, -0.0007100184462541887, 0.00025034151405492006], "world_rotation": [0.0, 1.0, 0.0, 0.0]}, {"color": "CVGreen", "id_name": "object29994063738198", "shape": "CVCone", "id_string": "ob870", "world_size": [0.09, 0.09, 0.09], "id": 870, "camera_size": [37, 37], "camera_position": [256, 254], "world_position": [0.705, 0.6448569696296074, -0.15], "world_orientation": [1.0, -4.331917303826236e-17, -1.1712398707441946e-17, 4.331917303826236e-17, 1.0, -5.775889738434995e-17, 1.1712398707441946e-17, 5.775889738434995e-17, 1.0], "world_rotation": [-0.7896765794068324, 0.16013129347666225, -0.5922574345551229, -7.314247236221149e-17]}], "source": "action wait"}
{"timestamp": 1706068482.996506, "objects": [{"color": "cv_", "id_name": "hand", "shape": "CVCylinder", "id_string": "ob383", "world_size": [0.12, 0.005, 0.12], "id": 383, "camera_size": [52, 54], "camera_position": [245, 367], "world_position": [0.44163154966750673, 0.7667013648107853, -0.17402301969127834], "world_orientation": [-4.841927789268288e-05, 0.17041905429128487, 0.9853716778911588, -0.000750444953746428, -0.9853714077738163, 0.17041897069933037, 0.9999997172439326, -0.0007312156397378888, 0.0001756010913360587], "world_rotation": [0.0, 1.0, 0.0, 0.0]}, {"color": "CVGreen", "id_name": "object29994063738198", "shape": "CVCone", "id_string": "ob870", "world_size": [0.09, 0.09, 0.09], "id": 870, "camera_size": [37, 37], "camera_position": [256, 254], "world_position": [0.705, 0.6448569696296074, -0.15], "world_orientation": [1.0, -4.331917303826236e-17, -1.1712398707441946e-17, 4.331917303826236e-17, 1.0, -5.775889738434995e-17, 1.1712398707441946e-17, 5.775889738434995e-17, 1.0], "world_rotation": [-0.7896765794068324, 0.16013129347666225, -0.5922574345551229, -7.314247236221149e-17]}], "source": "action wait"}
{"timestamp": 1706068483.032176, "objects": [{"color": "cv_", "id_name": "hand", "shape": "CVCylinder", "id_string": "ob383", "world_size": [0.12, 0.005, 0.12], "id": 383, "camera_size": [52, 53], "camera_position": [245, 344], "world_position": [0.4988651634375064, 0.7802224961131077, -0.17403818594406215], "world_orientation": [-5.928816207779164e-06, 0.15338194927344875, 0.9881669786032755, -0.0007645319492909523, -0.9881666905195495, 0.15338189997043258, 0.9999997077278311, -0.0007545758532822754, 0.00012312405935523146], "world_rotation": [0.0, 1.0, 0.0, 0.0]}, {"color": "CVGreen", "id_name": "object29994063738198", "shape": "CVCone", "id_string": "ob870", "world_size": [0.09, 0.09, 0.09], "id": 870, "camera_size": [37, 37], "camera_position": [256, 254], "world_position": [0.705, 0.6448569696296074, -0.15], "world_orientation": [1.0, -4.331917303826236e-17, -1.1712398707441946e-17, 4.331917303826236e-17, 1.0, -5.775889738434995e-17, 1.1712398707441946e-17, 5.775889738434995e-17, 1.0], "world_rotation": [-0.7896765794068324, 0.16013129347666225, -0.5922574345551229, -7.314247236221149e-17]}], "source": "action wait"}
{"timestamp": 1706068483.066818, "objects": [{"color": "cv_", "id_name": "hand", "shape": "CVCylinder", "id_string": "ob383", "world_size": [0.12, 0.005, 0.12], "id": 383, "camera_size": [52, 53], "camera_position": [245, 318], "world_position": [0.5574532682600243, 0.7707946125651157, -0.17405003567417132], "world_orientation": [-3.599258232879908e-07, 0.11346974895475218, 0.9935414516123703, -0.0007769977153563907, -0.9935411517309927, 0.1134697144246118, 0.9999996981371649, -0.000771938597334627, 8.852333681731611e-05], "world_rotation": [0.0, 1.0, 0.0, 0.0]}, {"color": "CVGreen", "id_name": "object29994063738198", "shape": "CVCone", "id_string": "ob870", "world_size": [0.09, 0.09, 0.09], "id": 870, "camera_size": [37, 37], "camera_position": [256, 254], "world_position": [0.705, 0.6448569696296074, -0.15], "world_orientation": [1.0, -4.331917303826236e-17, -1.1712398707441946e-17, 4.331917303826236e-17, 1.0, -5.775889738434995e-17, 1.1712398707441946e-17, 5.775889738434995e-17, 1.0], "world_rotation": [-0.7896765794068324, 0.16013129347666225, -0.5922574345551229, -7.314247236221149e-17]}], "source": "action wait"}
{"timestamp": 1706068483.101338, "objects": [{"color": "cv_", "id_name": "hand", "shape": "CVCylinder", "id_string": "ob383", "world_size": [0.12, 0.005, 0.12], "id": 383, "camera_size": [52, 52], "camera_position": [245, 297], "world_position": [0.6026304330615891, 0.7565792984580906, -0.17405570021064412], "world_orientation": [-1.5226078734547263e-05, 0.07957247310643571, 0.9968290832895538, -0.0007751047539701119, -0.9968287849029903, 0.079572437448204, 0.9999996994903483, -0.000771435385156046, 7.68547957541453e-05], "world_rotation": [0.0, 1.0, 0.0, 0.0]}, {"color": "CVGreen", "id_name": "object29994063738198", "shape": "CVCone", "id_string": "ob870", "world_size": [0.09, 0.09, 0.09], "id": 870, "camera_size": [37, 37], "camera_position": [256, 254], "world_position": [0.705, 0.6448569696296074, -0.15], "world_orientation": [1.0, -4.331917303826236e-17, -1.1712398707441946e-17, 4.331917303826236e-17, 1.0, -5.775889738434995e-17, 1.1712398707441946e-17, 5.775889738434995e-17, 1.0], "world_rotation": [-0.7896765794068324, 0.16013129347666225, -0.5922574345551229, -7.314247236221149e-17]}], "source": "action wait"}
{"timestamp": 1706068483.132662, "objects": [{"color": "cv_", "id_name": "hand", "shape": "CVCylinder", "id_string": "ob383", "world_size": [0.12, 0.005, 0.12], "id": 383, "camera_size": [51, 51], "camera_position": [246, 284], "world_position": [0.634307316961006, 0.7441052661949665, -0.17406341166309935], "world_orientation": [-2.1871966615917945e-05, 0.05561699896987117, 0.9984521765949546, -0.0007712034840591463, -0.9984518808547452, 0.0556169656023047, 0.9999997023833573, -0.0007687933448418809, 6.473012958451801e-05], "world_rotation": [0.0, 1.0, 0.0, 0.0]}, {"color": "CVGreen", "id_name": "object29994063738198", "shape": "CVCone", "id_string": "ob870", "world_size": [0.09, 0.09, 0.09], "id": 870, "camera_size": [37, 37], "camera_position": [256, 254], "world_position": [0.705, 0.6448569696296074, -0.15], "world_orientation": [1.0, -4.331917303826236e-17, -1.1712398707441946e-17, 4.331917303826236e-17, 1.0, -5.775889738434995e-17, 1.1712398707441946e-17, 5.775889738434995e-17, 1.0], "world_rotation": [-0.7896765794068324, 0.16013129347666225, -0.5922574345551229, -7.314247236221149e-17]}], "source": "action wait"}
{"timestamp": 1706068483.162937, "objects": [{"color": "cv_", "id_name": "hand", "shape": "CVCylinder", "id_string": "ob383", "world_size": [0.12, 0.005, 0.12], "id": 383, "camera_size": [51, 50], "camera_position": [246, 274], "world_position": [0.6564578115278055, 0.7341258193535337, -0.17407130255110628], "world_orientation": [-2.3485024088170765e-05, 0.03871183107098954, 0.9992504158535962, -0.0007677127639154976, -0.9992501223565359, 0.03871180165738056, 0.9999997050327395, -0.0007662281510046027, 5.318698002176818e-05], "world_rotation": [0.0, 1.0, 0.0, 0.0]}, {"color": "CVGreen", "id_name": "object29994063738198", "shape": "CVCone", "id_string": "ob870", "world_size": [0.09, 0.09, 0.09], "id": 870, "camera_size": [37, 37], "camera_position": [256, 254], "world_position": [0.705, 0.6448569696296074, -0.15], "world_orientation": [1.0, -4.331917303826236e-17, -1.1712398707441946e-17, 4.331917303826236e-17, 1.0, -5.775889738434995e-17, 1.1712398707441946e-17, 5.775889738434995e-17, 1.0], "world_rotation": [-0.7896765794068324, 0.16013129347666225, -0.5922574345551229, -7.314247236221149e-17]}], "source": "action wait"}
{"timestamp": 1706068483.194017, "objects": [{"color": "cv_", "id_name": "hand", "shape": "CVCylinder", "id_string": "ob383", "world_size": [0.12, 0.005, 0.12], "id": 383, "camera_size": [51, 51], "camera_position": [246, 268], "world_position": [0.6719482280687823, 0.7265252111395952, -0.174078415650747], "world_orientation": [-2.2501539923397096e-05, 0.026789919651019133, 0.9996410854395554, -0.0007652210134124215, -0.9996407934773514, 0.026789894601733796, 0.9999997069651979, -0.0007643435505661775, 4.299366668845104e-05], "world_rotation": [0.0, 1.0, 0.0, 0.0]}, {"color": "CVGreen", "id_name": "object29994063738198", "shape": "CVCone", "id_string": "ob870", "world_size": [0.09, 0.09, 0.09], "id": 870, "camera_size": [37, 37], "camera_position": [256, 254], "world_position": [0.705, 0.6448569696296074, -0.15], "world_orientation": [1.0, -4.331917303826236e-17, -1.1712398707441946e-17, 4.331917303826236e-17, 1.0, -5.775889738434995e-17, 1.1712398707441946e-17, 5.775889738434995e-17, 1.0], "world_rotation": [-0.7896765794068324, 0.16013129347666225, -0.5922574345551229, -7.314247236221149e-17]}], "source": "action wait"}
{"timestamp": 1706068483.227407, "objects": [{"color": "cv_", "id_name": "hand", "shape": "CVCylinder", "id_string": "ob383", "world_size": [0.12, 0.005, 0.12], "id": 383, "camera_size": [51, 50], "camera_position": [246, 263], "world_position": [0.6827922226770617, 0.7209017147835799, -0.17408442430011192], "world_orientation": [-2.034110170133003e-05, 0.018385015488089525, 0.999830981112179, -0.0007636639143414423, -0.9998306900625675, 0.018384994599842414, 0.9999997082017903, -0.0007631608696713912, 3.4377630643906996e-05], "world_rotation": [0.0, 1.0, 0.0, 0.0]}, {"color": "CVGreen", "id_name": "object29994063738198", "shape": "CVCone", "id_string": "ob870", "world_size": [0.09, 0.09, 0.09], "id": 870, "camera_size": [37, 37], "camera_position": [256, 254], "world_position": [0.705, 0.6448569696296074, -0.15], "world_orientation": [1.0, -4.331917303826236e-17, -1.1712398707441946e-17, 4.331917303826236e-17, 1.0, -5.775889738434995e-17, 1.1712398707441946e-17, 5.775889738434995e-17, 1.0], "world_rotation": [-0.7896765794068324, 0.16013129347666225, -0.5922574345551229, -7.314247236221149e-17]}], "source": "action wait"}
{"timestamp": 1706068483.259677, "objects": [{"color": "cv_", "id_name": "hand", "shape": "CVCylinder", "id_string": "ob383", "world_size": [0.12, 0.005, 0.12], "id": 383, "camera_size": [50, 51], "camera_position": [245, 260], "world_position": [0.6903929596806345, 0.7168155034285485, -0.17408930747304052], "world_orientation": [-1.7801456950804162e-05, 0.012460458529091152, 0.9999223653146044, -0.0007628020447747741, -0.9999220747313028, 0.01246044132796714, 0.9999997089080321, -0.0007625210108684809, 2.7304933012678572e-05], "world_rotation": [0.0, 1.0, 0.0, 0.0]}, {"color": "CVGreen", "id_name": "object29994063738198", "shape": "CVCone", "id_string": "ob870", "world_size": [0.09, 0.09, 0.09], "id": 870, "camera_size": [37, 37], "camera_position": [256, 254], "world_position": [0.705, 0.6448569696296074, -0.15], "world_orientation": [1.0, -4.331917303826236e-17, -1.1712398707441946e-17, 4.331917303826236e-17, 1.0, -5.775889738434995e-17, 1.1712398707441946e-17, 5.775889738434995e-17, 1.0], "world_rotation": [-0.7896765794068324, 0.16013129347666225, -0.5922574345551229, -7.314247236221149e-17]}], "source": "action wait"}
{"timestamp": 1706068483.296107, "objects": [{"color": "cv_", "id_name": "hand", "shape": "CVCylinder", "id_string": "ob383", "world_size": [0.12, 0.005, 0.12], "id": 383, "camera_size": [50, 50], "camera_position": [245, 257], "world_position": [0.6957266509717949, 0.7138806703793334, -0.17409317755293255], "world_orientation": [-1.532909752633064e-05, 0.008284521666810285, 0.9999656826440452, -0.0007623985990837668, -0.9999653922424712, 0.008284507573606386, 0.9999997092566553, -0.0007622454415554882, 2.1644674733863052e-05], "world_rotation": [0.0, 1.0, 0.0, 0.0]}, {"color": "CVGreen", "id_name": "object29994063738198", "shape": "CVCone", "id_string": "ob870", "world_size": [0.09, 0.09, 0.09], "id": 870, "camera_size": [37, 37], "camera_position": [256, 254], "world_position": [0.705, 0.6448569696296074, -0.15], "world_orientation": [1.0, -4.331917303826236e-17, -1.1712398707441946e-17, 4.331917303826236e-17, 1.0, -5.775889738434995e-17, 1.1712398707441946e-17, 5.775889738434995e-17, 1.0], "world_rotation": [-0.7896765794068324, 0.16013129347666225, -0.5922574345551229, -7.314247236221149e-17]}], "source": "action wait"}
{"timestamp": 1706068483.330507, "objects": [{"color": "cv_", "id_name": "hand", "shape": "CVCylinder", "id_string": "ob383", "world_size": [0.12, 0.005, 0.12], "id": 383, "camera_size": [49, 50], "camera_position": [246, 256], "world_position": [0.6994731798245776, 0.7117888085367838, -0.17409619216383035], "world_orientation": [-1.310455835103244e-05, 0.0053411399130383185, 0.9999857359246181, -0.0007622703573056403, -0.9999854455398884, 0.005341128372672208, 0.9999997093860443, -0.0007621894910957512, 1.7175760251558292e-05], "world_rotation": [0.0, 1.0, 0.0, 0.0]}, {"color": "CVGreen", "id_name": "object29994063738198", "shape": "CVCone", "id_string": "ob870", "world_size": [0.09, 0.09, 0.09], "id": 870, "camera_size": [37, 37], "camera_position": [256, 254], "world_position": [0.705, 0.6448569696296074, -0.15], "world_orientation": [1.0, -4.331917303826236e-17, -1.1712398707441946e-17, 4.331917303826236e-17, 1.0, -5.775889738434995e-17, 1.1712398707441946e-17, 5.775889738434995e-17, 1.0], "world_rotation": [-0.7896765794068324, 0.16013129347666225, -0.5922574345551229, -7.314247236221149e-17]}], "source": "action wait"}
{"timestamp": 1706068483.368094, "objects": [{"color": "cv_", "id_name": "hand", "shape": "CVCylinder", "id_string": "ob383", "world_size": [0.12, 0.005, 0.12], "id": 383, "camera_size": [49, 50], "camera_position": [246, 255], "world_position": [0.7021069485565488, 0.7103052879121508, -0.17409851144664978], "world_orientation": [-1.1209244189566427e-05, 0.0032664950706333957, 0.9999946649279217, -0.0007622922651109973, -0.9999943744754153, 0.0032664855771013038, 0.9999997093923855, -0.0007622515833927054, 1.3699205058420013e-05], "world_rotation": [0.0, 1.0, 0.0, 0.0]}, {"color": "CVGreen", "id_name": "object29994063738198", "shape": "CVCone", "id_string": "ob870", "world_size": [0.09, 0.09, 0.09], "id": 870, "camera_size": [37, 37], "camera_position": [256, 254], "world_position": [0.705, 0.6448569696296074, -0.15], "world_orientation": [1.0, -4.331917303826236e-17, -1.1712398707441946e-17, 4.331917303826236e-17, 1.0, -5.775889738434995e-17, 1.1712398707441946e-17, 5.775889738434995e-17, 1.0], "world_rotation": [-0.7896765794068324, 0.16013129347666225, -0.5922574345551229, -7.314247236221149e-17]}], "source": "action wait"}
{"timestamp": 1706068483.400148, "objects": [{"color": "cv_", "id_name": "hand", "shape": "CVCylinder", "id_string": "ob383", "world_size": [0.12, 0.005, 0.12], "id": 383, "camera_size": [49, 50], "camera_position": [246, 254], "world_position": [0.7039596317220224, 0.7092566882400164, -0.17410027940495656], "world_orientation": [-9.647385259456708e-06, 0.0018041489559919139, 0.9999983724754119, -0.0007623854011433381, -0.9999980819198983, 0.0018041410767483338, 0.9999997093376718, -0.0007623667550986902, 1.1022823580900667e-05], "world_rotation": [0.0, 1.0, 0.0, 0.0]}, {"color": "CVGreen", "id_name": "object29994063738198", "shape": "CVCone", "id_string": "ob870", "world_size": [0.09, 0.09, 0.09], "id": 870, "camera_size": [37, 37], "camera_position": [256, 254], "world_position": [0.705, 0.6448569696296074, -0.15], "world_orientation": [1.0, -4.331917303826236e-17, -1.1712398707441946e-17, 4.331917303826236e-17, 1.0, -5.775889738434995e-17, 1.1712398707441946e-17, 5.775889738434995e-17, 1.0], "world_rotation": [-0.7896765794068324, 0.16013129347666225, -0.5922574345551229, -7.314247236221149e-17]}], "source": "action wait"}
{"timestamp": 1706068483.425982, "objects": [{"color": "cv_", "id_name": "hand", "shape": "CVCylinder", "id_string": "ob383", "world_size": [0.12, 0.005, 0.12], "id": 383, "camera_size": [49, 50], "camera_position": [246, 253], "world_position": [0.7052635200524854, 0.7085171130729624, -0.17410161761490853], "world_orientation": [-8.390315785783145e-06, 0.0007733644254429125, 0.9999997009184894, -0.0007625034689924521, -0.9999994102529104, 0.0007733578030059551, 0.999999709258989, -0.0007624967522259567, 8.980003895179342e-06], "world_rotation": [0.0, 1.0, 0.0, 0.0]}, {"color": "CVGreen", "id_name": "object29994063738198", "shape": "CVCone", "id_string": "ob870", "world_size": [0.09, 0.09, 0.09], "id": 870, "camera_size": [37, 37], "camera_position": [256, 254], "world_position": [0.705, 0.6448569696296074, -0.15], "world_orientation": [1.0, -4.331917303826236e-17, -1.1712398707441946e-17, 4.331917303826236e-17, 1.0, -5.775889738434995e-17, 1.1712398707441946e-17, 5.775889738434995e-17, 1.0], "world_rotation": [-0.7896765794068324, 0.16013129347666225, -0.5922574345551229, -7.314247236221149e-17]}], "source": "action wait"}
{"timestamp": 1706068483.45561, "objects": [{"color": "cv_", "id_name": "hand", "shape": "CVCylinder", "id_string": "ob383", "world_size": [0.12, 0.005, 0.12], "id": 383, "camera_size": [49, 50], "camera_position": [246, 253], "world_position": [0.7061815330216575, 0.707996216597637, -0.17410262492370765], "world_orientation": [-7.396112916166336e-06, 4.676083370592605e-05, 0.999999998879361, -0.0007626214498022317, -0.9999997081111962, 4.675517967537639e-05, 0.9999997091768686, -0.0007626211031414046, 7.431771572483132e-06], "world_rotation": [0.0, 1.0, 0.0, 0.0]}, {"color": "CVGreen", "id_name": "object29994063738198", "shape": "CVCone", "id_string": "ob870", "world_size": [0.09, 0.09, 0.09], "id": 870, "camera_size": [37, 37], "camera_position": [256, 254], "world_position": [0.705, 0.6448569696296074, -0.15], "world_orientation": [1.0, -4.331917303826236e-17, -1.1712398707441946e-17, 4.331917303826236e-17, 1.0, -5.775889738434995e-17, 1.1712398707441946e-17, 5.775889738434995e-17, 1.0], "world_rotation": [-0.7896765794068324, 0.16013129347666225, -0.5922574345551229, -7.314247236221149e-17]}], "source": "action wait"}
{"timestamp": 1706068483.48676, "objects": [{"color": "cv_", "id_name": "hand", "shape": "CVCylinder", "id_string": "ob383", "world_size": [0.12, 0.005, 0.12], "id": 383, "camera_size": [49, 50], "camera_position": [246, 253], "world_position": [0.7068280658656125, 0.7076296536124668, -0.17410337975582746], "world_orientation": [-6.620184522080107e-06, -0.00046543848706118103, 0.9999998916615882, -0.000762727374180613, -0.999999600804617, -0.00046544340108127134, 0.9999997091015207, -0.0007627303728695291, 6.2651792046185595e-06], "world_rotation": [0.0, 1.0, 0.0, 0.0]}, {"color": "CVGreen", "id_name": "object29994063738198", "shape": "CVCone", "id_string": "ob870", "world_size": [0.09, 0.09, 0.09], "id": 870, "camera_size": [37, 37], "camera_position": [256, 254], "world_position": [0.705, 0.6448569696296074, -0.15], "world_orientation": [1.0, -4.331917303826236e-17, -1.1712398707441946e-17, 4.331917303826236e-17, 1.0, -5.775889738434995e-17, 1.1712398707441946e-17, 5.775889738434995e-17, 1.0], "world_rotation": [-0.7896765794068324, 0.16013129347666225, -0.5922574345551229, -7.314247236221149e-17]}], "source": "action wait"}
{"timestamp": 1706068483.51989, "objects": [{"color": "cv_", "id_name": "hand", "shape": "CVCylinder", "id_string": "ob383", "world_size": [0.12, 0.005, 0.12], "id": 383, "camera_size": [49, 49], "camera_position": [246, 253], "world_position": [0.7072835134797091, 0.7073718248104117, -0.17410394329341333], "world_orientation": [-6.020776854879144e-06, -0.000826508778675762, 0.9999996584234362, -0.000762816809621139, -0.9999993674930797, -0.0008265131309701758, 0.9999997090370903, -0.0007628215253123125, 5.390298257386924e-06], "world_rotation": [0.0, 1.0, 0.0, 0.0]}, {"color": "CVGreen", "id_name": "object29994063738198", "shape": "CVCone", "id_string": "ob870", "world_size": [0.09, 0.09, 0.09], "id": 870, "camera_size": [37, 37], "camera_position": [256, 254], "world_position": [0.705, 0.6448569696296074, -0.15], "world_orientation": [1.0, -4.331917303826236e-17, -1.1712398707441946e-17, 4.331917303826236e-17, 1.0, -5.775889738434995e-17, 1.1712398707441946e-17, 5.775889738434995e-17, 1.0], "world_rotation": [-0.7896765794068324, 0.16013129347666225, -0.5922574345551229, -7.314247236221149e-17]}], "source": "action wait"}
{"timestamp": 1706068483.554546, "objects": [{"color": "cv_", "id_name": "hand", "shape": "CVCylinder", "id_string": "ob383", "world_size": [0.12, 0.005, 0.12], "id": 383, "camera_size": [49, 50], "camera_position": [246, 252], "world_position": [0.7076044148603923, 0.7071905212179455, -0.17410436269263146], "world_orientation": [-5.5615439025966105e-06, -0.0010810482383898845, 0.999999415651717, -0.0007628893717929094, -0.9999991246626267, -0.0010810521666613005, 0.9999997089843956, -0.0007628949383192866, 4.736818823270263e-06], "world_rotation": [0.0, 1.0, 0.0, 0.0]}, {"color": "CVGreen", "id_name": "object29994063738198", "shape": "CVCone", "id_string": "ob870", "world_size": [0.09, 0.09, 0.09], "id": 870, "camera_size": [37, 37], "camera_position": [256, 254], "world_position": [0.705, 0.6448569696296074, -0.15], "world_orientation": [1.0, -4.331917303826236e-17, -1.1712398707441946e-17, 4.331917303826236e-17, 1.0, -5.775889738434995e-17, 1.1712398707441946e-17, 5.775889738434995e-17, 1.0], "world_rotation": [-0.7896765794068324, 0.16013129347666225, -0.5922574345551229, -7.314247236221149e-17]}], "source": "action wait"}
{"timestamp": 1706068484.641321, "objects": [{"color": "cv_", "id_name": "hand", "shape": "CVCylinder", "id_string": "ob383", "world_size": [0.12, 0.005, 0.12], "id": 383, "camera_size": [49, 50], "camera_position": [246, 252], "world_position": [0.7083707925157704, 0.7067607588216702, -0.174105545754387], "world_orientation": [-4.173592040426479e-06, -0.0016893559318235326, 0.9999985730285402, -0.0007631195503110559, -0.9999982818565182, -0.0016893586248835075, 0.9999997088155242, -0.0007631255120553114, 2.8844043309516823e-06], "world_rotation": [0.0, 1.0, 0.0, 0.0]}, {"color": "CVGreen", "id_name": "object29994063738198", "shape": "CVCone", "id_string": "ob870", "world_size": [0.09, 0.09, 0.09], "id": 870, "camera_size": [37, 37], "camera_position": [256, 254], "world_position": [0.705, 0.6448569696296074, -0.15], "world_orientation": [1.0, -4.331917303826236e-17, -1.1712398707441946e-17, 4.331917303826236e-17, 1.0, -5.775889738434995e-17, 1.1712398707441946e-17, 5.775889738434995e-17, 1.0], "world_rotation": [-0.7896765794068324, 0.16013129347666225, -0.5922574345551229, -7.314247236221149e-17]}], "source": "action wait"}
{"timestamp": 1706068484.676131, "objects": [{"color": "cv_", "id_name": "hand", "shape": "CVCylinder", "id_string": "ob383", "world_size": [0.12, 0.005, 0.12], "id": 383, "camera_size": [51, 51], "camera_position": [246, 251], "world_position": [0.7111896555647952, 0.7301472474375066, -0.17409769146284454], "world_orientation": [1.8948484989772933e-05, 0.03247665795965772, 0.9994724940330906, -0.0007431511835117126, -0.9994722177639803, 0.03247666307164633, 0.9999997236835986, -0.0007433745503911679, 5.196582483646292e-06], "world_rotation": [0.0, 1.0, 0.0, 0.0]}, {"color": "CVGreen", "id_name": "object29994063738198", "shape": "CVCone", "id_string": "ob870", "world_size": [0.09, 0.09, 0.09], "id": 870, "camera_size": [38, 39], "camera_position": [252, 252], "world_position": [0.710544841270858, 0.6742954148298912, -0.15866701819729828], "world_orientation": [0.9994271348548864, -0.03384378978021907, -3.01082118193307e-06, 0.033843789858603285, 0.9994271343565339, 3.162109359174457e-05, 1.9389187417797865e-06, -3.1704876568758646e-05, 0.9999999994955209], "world_rotation": [0.0009355622200588803, 7.312623336059245e-05, -0.9999995596878463, -0.033850268853529916]}], "source": "action wait"}
{"timestamp": 1706068484.708755, "objects": [{"color": "cv_", "id_name": "hand", "shape": "CVCylinder", "id_string": "ob383", "world_size": [0.12, 0.005, 0.12], "id": 383, "camera_size": [53, 52], "camera_position": [245, 249], "world_position": [0.7150704332180338, 0.7865539742250711, -0.1741089573215213], "world_orientation": [8.133312004789245e-05, 0.11355506589477309, 0.993531700749683, -0.0007253962006668091, -0.993531435938169, 0.11355509501115425, 0.9999997335926024, -0.0007299399111407558, 1.5654018164389927e-06], "world_rotation": [0.0, 1.0, 0.0, 0.0]}, {"color": "CVGreen", "id_name": "object29994063738198", "shape": "CVCone", "id_string": "ob870", "world_size": [0.09, 0.09, 0.09], "id": 870, "camera_size": [39, 44], "camera_position": [250, 247], "world_position": [0.718853554543181, 0.7346388916840675, -0.1642320445134892], "world_orientation": [0.9933990577573296, -0.1147096858598285, -4.097451870522748e-06, 0.11470968591609244, 0.9933990563636077, 5.265857260692768e-05, -1.9700434998950573e-06, -5.278099382769184e-05, 0.999999998605143], "world_rotation": [0.00045959307829197853, 9.27301007489609e-06, -0.9999998943441013, -0.11496276374006653]}], "source": "action wait"}
{"timestamp": 1706068484.740096, "objects": [{"color": "cv_", "id_name": "hand", "shape": "CVCylinder", "id_string": "ob383", "world_size": [0.12, 0.005, 0.12], "id": 383, "camera_size": [56, 55], "camera_position": [244, 250], "world_position": [0.7133386706358033, 0.8566682941376509, -0.17411231724608897], "world_orientation": [0.0001563007062696512, 0.21262066148739436, 0.9771348064001978, -0.0007212361902504923, -0.9771345402233503, 0.2126207189359964, 0.9999997276941864, -0.0007379777536667644, 6.228971027536827e-07], "world_rotation": [0.0, 1.0, 0.0, 0.0]}, {"color": "CVGreen", "id_name": "object29994063738198", "shape": "CVCone", "id_string": "ob870", "world_size": [0.09, 0.09, 0.09], "id": 870, "camera_size": [41, 49], "camera_position": [248, 246], "world_position": [0.7221190556829091, 0.8077422898761434, -0.16779036425342397], "world_orientation": [0.9769151714640284, -0.21362759116070054, -7.634442146930764e-06, 0.21362759127549083, 0.9769151702327927, 4.914128175812591e-05, -3.0397312989364137e-06, -4.963779118128259e-05, 0.999999998763425], "world_rotation": [0.00023119455153369054, 1.0754019878083274e-05, -0.9999999732167149, -0.21528678012858182]}], "source": "action wait"}
{"timestamp": 1706068484.770201, "objects": [{"color": "cv_", "id_name": "hand", "shape": "CVCylinder", "id_string": "ob383", "world_size": [0.12, 0.005, 0.12], "id": 383, "camera_size": [59, 57], "camera_position": [244, 254], "world_position": [0.7041669407264799, 0.9262148596518547, -0.17411324556481736], "world_orientation": [0.00023146988239828312, 0.30955617629935384, 0.9508811282892393, -0.0007096383104640575, -0.9508808634893585, 0.30955626283956955, 0.9999997214175422, -0.000746434629086689, -4.273597033985639e-07], "world_rotation": [0.0, 1.0, 0.0, 0.0]}, {"color": "CVGreen", "id_name": "object29994063738198", "shape": "CVCone", "id_string": "ob870", "world_size": [0.09, 0.09, 0.09], "id": 870, "camera_size": [44, 56], "camera_position": [246, 247], "world_position": [0.717688516788929, 0.8799197915560462, -0.1700664848006657], "world_orientation": [0.9505877765054497, -0.310455921286346, -9.832159603572676e-06, 0.3104559214145705, 0.9505877755233416, 4.3407551656782246e-05, -4.129800714240372e-06, -4.431514018218836e-05, 0.9999999990095567], "world_rotation": [0.0001412804281171464, 9.183846143724733e-06, -0.9999999899777487, -0.3156726186380837]}], "source": "action wait"}
{"timestamp": 1706068484.801299, "objects": [{"color": "cv_", "id_name": "hand", "shape": "CVCylinder", "id_string": "ob383", "world_size": [0.12, 0.005, 0.12], "id": 383, "camera_size": [63, 58], "camera_position": [243, 262], "world_position": [0.6878119009662123, 0.9944191176763255, -0.1741136944725259], "world_orientation": [0.00030527080560709184, 0.40336415708913353, 0.915039487446038, -0.000687545519718992, -0.9150392291430357, 0.4033642726004347, 0.9999997170454069, -0.0007522666364095181, -2.0035436202294767e-06], "world_rotation": [0.0, 1.0, 0.0, 0.0]}, {"color": "CVGreen", "id_name": "object29994063738198", "shape": "CVCone", "id_string": "ob870", "world_size": [0.09, 0.09, 0.09], "id": 870, "camera_size": [47, 61], "camera_position": [245, 253], "world_position": [0.7058302564466541, 0.9506758539357902, -0.17152299070474117], "world_orientation": [0.914679190560337, -0.4041806257500108, -1.1145263346429569e-05, 0.4041806258633903, 0.9146791897320886, 3.9341179541276555e-05, -5.706602117673737e-06, -4.048925777327593e-05, 0.9999999991640274], "world_rotation": [9.87558925717068e-05, 6.728008289928392e-06, -0.9999999951010038, -0.416082850295362]}], "source": "action wait"}
{"timestamp": 1706068484.833865, "objects": [{"color": "cv_", "id_name": "hand", "shape": "CVCylinder", "id_string": "ob383", "world_size": [0.12, 0.005, 0.12], "id": 383, "camera_size": [67, 60], "camera_position": [243, 275], "world_position": [0.6645366657899449, 1.0605939056972957, -0.17411411655990494], "world_orientation": [0.0003765051638056807, 0.4931014232936448, 0.8699717493054838, -0.0006561969963933158, -0.8699715018384008, 0.4931015670169174, 0.9999997138246408, -0.0007565281351039705, -3.977089922876431e-06], "world_rotation": [0.0, 1.0, 0.0, 0.0]}, {"color": "CVGreen", "id_name": "object29994063738198", "shape": "CVCone", "id_string": "ob870", "world_size": [0.09, 0.09, 0.09], "id": 870, "camera_size": [50, 68], "camera_position": [243, 263], "world_position": [0.6868009864671801, 1.0194940798896337, -0.17245525857631408], "world_orientation": [0.8695484531500177, -0.4938476358997195, -1.1860433399707983e-05, 0.4938476359826691, 0.8695484524218057, 3.640291266801823e-05, -7.664270853196779e-06, -3.75113433968061e-05, 0.999999999267079], "world_rotation": [7.483508118482533e-05, 4.248438414336299e-06, -0.9999999971908307, -0.5165090895218759]}], "source": "action wait"}
{"timestamp": 1706068484.867431, "objects": [{"color": "cv_", "id_name": "hand", "shape": "CVCylinder", "id_string": "ob383", "world_size": [0.12, 0.005, 0.12], "id": 383, "camera_size": [71, 60], "camera_position": [242, 290], "world_position": [0.6409938697588949, 1.1105207902246874, -0.1741136415572841], "world_orientation": [0.0004371256597801439, 0.5600938302263759, 0.8284290616965978, -0.0006354932083257386, -0.8284288179742568, 0.5600940007696549, 0.9999997025347257, -0.0007712925019132746, -6.191668503355033e-06], "world_rotation": [0.0, 1.0, 0.0, 0.0]}, {"color": "CVGreen", "id_name": "object29994063738198", "shape": "CVCone", "id_string": "ob870", "world_size": [0.09, 0.09, 0.09], "id": 870, "camera_size": [52, 72], "camera_position": [242, 275], "world_position": [0.6663589998910924, 1.0718179670799248, -0.1730516733993052], "world_orientation": [0.8279607142245415, -0.5607861051016919, -5.065719532886708e-06, 0.5607861050381638, 0.8279607139046095, 2.50338832105019e-05, -9.844437100298604e-06, -2.356785694884419e-05, 0.9999999996738216], "world_rotation": [-4.333358090890317e-05, 4.2607310699022185e-06, 0.9999999990520235, 0.5953349430074647]}], "source": "action wait"}
{"timestamp": 1706068484.902925, "objects": [{"color": "cv_", "id_name": "hand", "shape": "CVCylinder", "id_string": "ob383", "world_size": [0.12, 0.005, 0.12], "id": 383, "camera_size": [73, 61], "camera_position": [241, 303], "world_position": [0.6216742217033837, 1.144286859200523, -0.17411474304724006], "world_orientation": [0.0004789749379504248, 0.6052856089179148, 0.796008229995066, -0.0006136498559496059, -0.7960079935217037, 0.6052857983493463, 0.9999996970083858, -0.0007783870633778857, -9.834452583735794e-06], "world_rotation": [0.0, 1.0, 0.0, 0.0]}, {"color": "CVGreen", "id_name": "object29994063738198", "shape": "CVCone", "id_string": "ob870", "world_size": [0.09, 0.09, 0.09], "id": 870, "camera_size": [54, 76], "camera_position": [241, 286], "world_position": [0.6490775924159609, 1.1074732260246114, -0.17343465558004426], "world_orientation": [0.7955107064522601, -0.6059395315703204, 4.082503007795402e-07, 0.6059395314209703, 0.7955107062707898, 2.1676812346462522e-05, -1.3459605004261634e-05, -1.699676130741065e-05, 0.9999999997649746], "world_rotation": [-3.191207341778028e-05, 1.1443266676166244e-05, 0.9999999994253356, 0.6509463793062106]}], "source": "action wait"}
{"timestamp": 1706068484.937362, "objects": [{"color": "cv_", "id_name": "hand", "shape": "CVCylinder", "id_string": "ob383", "world_size": [0.12, 0.005, 0.12], "id": 383, "camera_size": [75, 61], "camera_position": [241, 313], "world_position": [0.6067925205805493, 1.1672999435274516, -0.17411640487132804], "world_orientation": [0.0005069366567770498, 0.6360429704277345, 0.7716534732538238, -0.0005938591915349899, -0.7716532448562016, 0.6360431723037016, 0.9999996951731969, -0.0007806871071052532, -1.3459351938281435e-05], "world_rotation": [0.0, 1.0, 0.0, 0.0]}, {"color": "CVGreen", "id_name": "object29994063738198", "shape": "CVCone", "id_string": "ob870", "world_size": [0.09, 0.09, 0.09], "id": 870, "camera_size": [56, 78], "camera_position": [241, 295], "world_position": [0.6355541009130422, 1.1319009424159925, -0.17368060856633466], "world_orientation": [0.7711364608486643, -0.6366698977782035, 3.5900489673705276e-06, 0.6366698975596188, 0.7711364607105362, 2.2455562429147815e-05, -1.7065198290793226e-05, -1.5030626829689472e-05, 0.9999999997414296], "world_rotation": [-2.9439266231144586e-05, 1.622131604000931e-05, 0.9999999994350992, 0.6901720919530225]}], "source": "action wait"}
