{"timestamp": 1706068893.33716, "objects": [{"color": "cv_", "id_name": "hand", "shape": "CVCylinder", "id_string": "ob383", "world_size": [0.12, 0.005, 0.12], "id": 383, "camera_size": [48, 50], "camera_position": [246, 426], "world_position": [0.2676445155400088, 0.6334703013849516, -0.17389260400847806], "world_orientation": [-0.0006415513920087957, 0.19791547486687946, 0.980218880260949, -0.0007473675737402952, -0.9802189031248735, 0.1979149903326676, 0.9999995149266431, -0.0006056111687280141, 0.000776776410030445], "world_rotation": [0.0, 1.0, 0.0, 0.0]}, {"color": "CVBlue", "id_name": "object67866993383509", "shape": "CVCylinder", "id_string": "ob1003", "world_size": [0.09, 0.09, 0.09], "id": 1003, "camera_size": [37, 37], "camera_position": [256, 254], "world_position": [0.705, 0.644856964849591, -0.15], "world_orientation": [1.0, -3.248937977869676e-17, -1.2807790779525605e-17, 3.248937977869676e-17, 1.0, -6.497875955739369e-17, 1.2807790779525605e-17, 6.497875955739369e-17, 1.0], "world_rotation": [-0.8808431718627018, 0.17362065899128884, -0.4404215859313497, -7.376881791566185e-17]}], "source": "manual check"}
{"timestamp": 1706068894.356936, "objects": [{"color": "cv_", "id_name": "hand", "shape": "CVCylinder", "id_string": "ob383", "world_size": [0.12, 0.005, 0.12], "id": 383, "camera_size": [48, 50], "camera_position": [246, 426], "world_position": [0.2676445155400088, 0.6334703013849516, -0.17389260400847806], "world_orientation": [-0.0006415513920087957, 0.19791547486687946, 0.980218880260949, -0.0007473675737402952, -0.9802189031248735, 0.1979149903326676, 0.9999995149266431, -0.0006056111687280141, 0.000776776410030445], "world_rotation": [0.0, 1.0, 0.0, 0.0]}, {"color": "CVBlue", "id_name": "object67866993383509", "shape": "CVCylinder", "id_string": "ob1003", "world_size": [0.09, 0.09, 0.09], "id": 1003, "camera_size": [37, 37], "camera_position": [256, 254], "world_position": [0.705, 0.6448569696296074, -0.15], "world_orientation": [1.0, -4.331917303826236e-17, -1.1712398707441946e-17, 4.331917303826236e-17, 1.0, -5.775889738434995e-17, 1.1712398707441946e-17, 5.775889738434995e-17, 1.0], "world_rotation": [-0.7896765794068324, 0.16013129347666225, -0.5922574345551229, -7.314247236221149e-17]}], "source": "manual check"}
{"timestamp": 1706068896.848838, "objects": [{"color": "cv_", "id_name": "hand", "shape": "CVCylinder", "id_string": "ob383", "world_size": [0.12, 0.005, 0.12], "id": 383, "camera_size": [48, 50], "camera_position": [246, 426], "world_position": [0.2676445155400088, 0.6334703013849516, -0.17389260400847806], "world_orientation": [-0.0006415513920087957, 0.19791547486687946, 0.980218880260949, -0.0007473675737402952, -0.9802189031248735, 0.1979149903326676, 0.9999995149266431, -0.0006056111687280141, 0.000776776410030445], "world_rotation": [0.0, 1.0, 0.0, 0.0]}, {"color": "CVBlue", "id_name": "object67866993383509", "shape": "CVCylinder", "id_string": "ob1003", "world_size": [0.09, 0.09, 0.09], "id": 1003, "camera_size": [37, 37], "camera_position": [256, 254], "world_position": [0.705, 0.6448569696296074, -0.15], "world_orientation": [1.0, -4.331917303826236e-17, -1.1712398707441946e-17, 4.331917303826236e-17, 1.0, -5.775889738434995e-17, 1.1712398707441946e-17, 5.775889738434995e-17, 1.0], "world_rotation": [-0.7896765794068324, 0.16013129347666225, -0.5922574345551229, -7.314247236221149e-17]}], "source": "action wait"}
{"timestamp": 1706068896.881322, "objects": [{"color": "cv_", "id_name": "hand", "shape": "CVCylinder", "id_string": "ob383", "world_size": [0.12, 0.005, 0.12], "id": 383, "camera_size": [49, 51], "camera_position": [246, 421], "world_position": [0.29113176279531483, 0.6677893724301373, -0.1739560946264615], "world_orientation": [-0.0003826346278573155, 0.19838508138311184, 0.9801240804486733, -0.0007151360744126105, -0.9801239558561526, 0.1983847769796913, 0.9999996710855144, -0.000625013202017436, 0.0005169016934258327], "world_rotation": [0.0, 1.0, 0.0, 0.0]}, {"color": "CVBlue", "id_name": "object67866993383509", "shape": "CVCylinder", "id_string": "ob1003", "world_size": [0.09, 0.09, 0.09], "id": 1003, "camera_size": [37, 37], "camera_position": [256, 254], "world_position": [0.705, 0.6448569696296074, -0.15], "world_orientation": [1.0, -4.331917303826236e-17, -1.1712398707441946e-17, 4.331917303826236e-17, 1.0, -5.775889738434995e-17, 1.1712398707441946e-17, 5.775889738434995e-17, 1.0], "world_rotation": [-0.7896765794068324, 0.16013129347666225, -0.5922574345551229, -7.314247236221149e-17]}], "source": "action wait"}
{"timestamp": 1706068896.917079, "objects": [{"color": "cv_", "id_name": "hand", "shape": "CVCylinder", "id_string": "ob383", "world_size": [0.12, 0.005, 0.12], "id": 383, "camera_size": [51, 52], "camera_position": [246, 406], "world_position": [0.33719207107310284, 0.7058257062085407, -0.1739839161466463], "world_orientation": [-0.00022291726931404534, 0.1869336905933985, 0.9823725085877671, -0.0007314717369339905, -0.9823723006671217, 0.1869334850450413, 0.9999997076284518, -0.0006769070231435863, 0.0003557244620647315], "world_rotation": [0.0, 1.0, 0.0, 0.0]}, {"color": "CVBlue", "id_name": "object67866993383509", "shape": "CVCylinder", "id_string": "ob1003", "world_size": [0.09, 0.09, 0.09], "id": 1003, "camera_size": [37, 37], "camera_position": [256, 254], "world_position": [0.705, 0.6448569696296074, -0.15], "world_orientation": [1.0, -4.331917303826236e-17, -1.1712398707441946e-17, 4.331917303826236e-17, 1.0, -5.775889738434995e-17, 1.1712398707441946e-17, 5.775889738434995e-17, 1.0], "world_rotation": [-0.7896765794068324, 0.16013129347666225, -0.5922574345551229, -7.314247236221149e-17]}], "source": "action wait"}
{"timestamp": 1706068896.958465, "objects": [{"color": "cv_", "id_name": "hand", "shape": "CVCylinder", "id_string": "ob383", "world_size": [0.12, 0.005, 0.12], "id": 383, "camera_size": [51, 53], "camera_position": [246, 388], "world_position": [0.3877723784816567, 0.7390468610538821, -0.17400444746344107], "world_orientation": [-0.000119303512951637, 0.17877341493711627, 0.9838902641445302, -0.0007426817585137957, -0.9838900156414169, 0.1787732797286507, 0.9999997170951987, -0.0007093890712662449, 0.0002501532894054995], "world_rotation": [0.0, 1.0, 0.0, 0.0]}, {"color": "CVBlue", "id_name": "object67866993383509", "shape": "CVCylinder", "id_string": "ob1003", "world_size": [0.09, 0.09, 0.09], "id": 1003, "camera_size": [37, 37], "camera_position": [256, 254], "world_position": [0.705, 0.6448569696296074, -0.15], "world_orientation": [1.0, -4.331917303826236e-17, -1.1712398707441946e-17, 4.331917303826236e-17, 1.0, -5.775889738434995e-17, 1.1712398707441946e-17, 5.775889738434995e-17, 1.0], "world_rotation": [-0.7896765794068324, 0.16013129347666225, -0.5922574345551229, -7.314247236221149e-17]}], "source": "action wait"}
{"timestamp": 1706068896.993479, "objects": [{"color": "cv_", "id_name": "hand", "shape": "CVCylinder", "id_string": "ob383", "world_size": [0.12, 0.005, 0.12], "id": 383, "camera_size": [52, 54], "camera_position": [245, 367], "world_position": [0.4419017005333882, 0.7670280475820694, -0.17402297090216326], "world_orientation": [-4.637404851102497e-05, 0.1730083141955039, 0.984920362805378, -0.0007500436579620181, -0.984920092840969, 0.17300823145922276, 0.9999997176419395, -0.000730710179601619, 0.00017543852100234992], "world_rotation": [0.0, 1.0, 0.0, 0.0]}, {"color": "CVBlue", "id_name": "object67866993383509", "shape": "CVCylinder", "id_string": "ob1003", "world_size": [0.09, 0.09, 0.09], "id": 1003, "camera_size": [37, 37], "camera_position": [256, 254], "world_position": [0.705, 0.6448569696296074, -0.15], "world_orientation": [1.0, -4.331917303826236e-17, -1.1712398707441946e-17, 4.331917303826236e-17, 1.0, -5.775889738434995e-17, 1.1712398707441946e-17, 5.775889738434995e-17, 1.0], "world_rotation": [-0.7896765794068324, 0.16013129347666225, -0.5922574345551229, -7.314247236221149e-17]}], "source": "action wait"}
{"timestamp": 1706068897.024734, "objects": [{"color": "cv_", "id_name": "hand", "shape": "CVCylinder", "id_string": "ob383", "world_size": [0.12, 0.005, 0.12], "id": 383, "camera_size": [52, 54], "camera_position": [245, 343], "world_position": [0.49918795588054005, 0.7798265218695187, -0.17403809366417528], "world_orientation": [-4.459765488032624e-06, 0.15516289789733262, 0.9878888981541459, -0.0007645978626018789, -0.9878886099282115, 0.15516284917535778, 0.9999997076850669, -0.0007546457500972997, 0.00012304297161640885], "world_rotation": [0.0, 1.0, 0.0, 0.0]}, {"color": "CVBlue", "id_name": "object67866993383509", "shape": "CVCylinder", "id_string": "ob1003", "world_size": [0.09, 0.09, 0.09], "id": 1003, "camera_size": [37, 37], "camera_position": [256, 254], "world_position": [0.705, 0.6448569696296074, -0.15], "world_orientation": [1.0, -4.331917303826236e-17, -1.1712398707441946e-17, 4.331917303826236e-17, 1.0, -5.775889738434995e-17, 1.1712398707441946e-17, 5.775889738434995e-17, 1.0], "world_rotation": [-0.7896765794068324, 0.16013129347666225, -0.5922574345551229, -7.314247236221149e-17]}], "source": "action wait"}
{"timestamp": 1706068897.055141, "objects": [{"color": "cv_", "id_name": "hand", "shape": "CVCylinder", "id_string": "ob383", "world_size": [0.12, 0.005, 0.12], "id": 383, "camera_size": [52, 52], "camera_position": [245, 317], "world_position": [0.5577642155353414, 0.769888608033102, -0.17404995178615754], "world_orientation": [5.810280721983761e-07, 0.11470818430786422, 0.9933992311515323, -0.0007769701878586312, -0.9933989312509193, 0.11470815013266866, 0.9999996981584492, -0.0007719082359020752, 8.854764684505875e-05], "world_rotation": [0.0, 1.0, 0.0, 0.0]}, {"color": "CVBlue", "id_name": "object67866993383509", "shape": "CVCylinder", "id_string": "ob1003", "world_size": [0.09, 0.09, 0.09], "id": 1003, "camera_size": [37, 37], "camera_position": [256, 254], "world_position": [0.705, 0.6448569696296074, -0.15], "world_orientation": [1.0, -4.331917303826236e-17, -1.1712398707441946e-17, 4.331917303826236e-17, 1.0, -5.775889738434995e-17, 1.1712398707441946e-17, 5.775889738434995e-17, 1.0], "world_rotation": [-0.7896765794068324, 0.16013129347666225, -0.5922574345551229, -7.314247236221149e-17]}], "source": "action wait"}
{"timestamp": 1706068897.086182, "objects": [{"color": "cv_", "id_name": "hand", "shape": "CVCylinder", "id_string": "ob383", "world_size": [0.12, 0.005, 0.12], "id": 383, "camera_size": [52, 52], "camera_position": [245, 297], "world_position": [0.6028835243148449, 0.7553290827799859, -0.17405563599926727], "world_orientation": [-1.4575170883871755e-05, 0.08044897159388277, 0.9967587284579208, -0.0007750364795311598, -0.9967584301052378, 0.08044893618064357, 0.9999996995529649, -0.0007713518188540529, 7.687881217514119e-05], "world_rotation": [0.0, 1.0, 0.0, 0.0]}, {"color": "CVBlue", "id_name": "object67866993383509", "shape": "CVCylinder", "id_string": "ob1003", "world_size": [0.09, 0.09, 0.09], "id": 1003, "camera_size": [37, 37], "camera_position": [256, 254], "world_position": [0.705, 0.6448569696296074, -0.15], "world_orientation": [1.0, -4.331917303826236e-17, -1.1712398707441946e-17, 4.331917303826236e-17, 1.0, -5.775889738434995e-17, 1.1712398707441946e-17, 5.775889738434995e-17, 1.0], "world_rotation": [-0.7896765794068324, 0.16013129347666225, -0.5922574345551229, -7.314247236221149e-17]}], "source": "action wait"}
{"timestamp": 1706068897.118483, "objects": [{"color": "cv_", "id_name": "hand", "shape": "CVCylinder", "id_string": "ob383", "world_size": [0.12, 0.005, 0.12], "id": 383, "camera_size": [51, 51], "camera_position": [246, 284], "world_position": [0.6345035842968538, 0.7426162173260193, -0.1740633579938538], "world_orientation": [-2.1413489440118076e-05, 0.05623632743608863, 0.9984174853326456, -0.0007711198458574901, -0.9984171896476958, 0.05623629424295803, 0.9999997024577788, -0.0007686953220985589, 6.474454409184546e-05], "world_rotation": [0.0, 1.0, 0.0, 0.0]}, {"color": "CVBlue", "id_name": "object67866993383509", "shape": "CVCylinder", "id_string": "ob1003", "world_size": [0.09, 0.09, 0.09], "id": 1003, "camera_size": [37, 37], "camera_position": [256, 254], "world_position": [0.705, 0.6448569696296074, -0.15], "world_orientation": [1.0, -4.331917303826236e-17, -1.1712398707441946e-17, 4.331917303826236e-17, 1.0, -5.775889738434995e-17, 1.1712398707441946e-17, 5.775889738434995e-17, 1.0], "world_rotation": [-0.7896765794068324, 0.16013129347666225, -0.5922574345551229, -7.314247236221149e-17]}], "source": "action wait"}
{"timestamp": 1706068897.152804, "objects": [{"color": "cv_", "id_name": "hand", "shape": "CVCylinder", "id_string": "ob383", "world_size": [0.12, 0.005, 0.12], "id": 383, "camera_size": [51, 51], "camera_position": [246, 274], "world_position": [0.6566063898585108, 0.7324706143371872, -0.17407125242653793], "world_orientation": [-2.3159540412371716e-05, 0.039149096000532034, 0.9992333800198914, -0.0007676295930632207, -0.9992330865820864, 0.039149066712306085, 0.9999997051041785, -0.0007661344384875745, 5.319378368213639e-05], "world_rotation": [0.0, 1.0, 0.0, 0.0]}, {"color": "CVBlue", "id_name": "object67866993383509", "shape": "CVCylinder", "id_string": "ob1003", "world_size": [0.09, 0.09, 0.09], "id": 1003, "camera_size": [37, 37], "camera_position": [256, 254], "world_position": [0.705, 0.6448569696296074, -0.15], "world_orientation": [1.0, -4.331917303826236e-17, -1.1712398707441946e-17, 4.331917303826236e-17, 1.0, -5.775889738434995e-17, 1.1712398707441946e-17, 5.775889738434995e-17, 1.0], "world_rotation": [-0.7896765794068324, 0.16013129347666225, -0.5922574345551229, -7.314247236221149e-17]}], "source": "action wait"}
{"timestamp": 1706068897.190163, "objects": [{"color": "cv_", "id_name": "hand", "shape": "CVCylinder", "id_string": "ob383", "world_size": [0.12, 0.005, 0.12], "id": 383, "camera_size": [51, 50], "camera_position": [246, 267], "world_position": [0.6720595605819977, 0.7247540699798004, -0.1740783652792331], "world_orientation": [-2.2270120104572496e-05, 0.027098524157521706, 0.999632767316341, -0.0007651464203570901, -0.9996324754089181, 0.027098499198193134, 0.9999997070274558, -0.0007642619467523045, 4.299627404424953e-05], "world_rotation": [0.0, 1.0, 0.0, 0.0]}, {"color": "CVBlue", "id_name": "object67866993383509", "shape": "CVCylinder", "id_string": "ob1003", "world_size": [0.09, 0.09, 0.09], "id": 1003, "camera_size": [37, 37], "camera_position": [256, 254], "world_position": [0.705, 0.6448569696296074, -0.15], "world_orientation": [1.0, -4.331917303826236e-17, -1.1712398707441946e-17, 4.331917303826236e-17, 1.0, -5.775889738434995e-17, 1.1712398707441946e-17, 5.775889738434995e-17, 1.0], "world_rotation": [-0.7896765794068324, 0.16013129347666225, -0.5922574345551229, -7.314247236221149e-17]}], "source": "action wait"}
{"timestamp": 1706068897.223944, "objects": [{"color": "cv_", "id_name": "hand", "shape": "CVCylinder", "id_string": "ob383", "world_size": [0.12, 0.005, 0.12], "id": 383, "camera_size": [51, 50], "camera_position": [246, 263], "world_position": [0.6828755854991476, 0.7190494652198189, -0.17408437197995977], "world_orientation": [-2.0177157968336078e-05, 0.0186027775697415, 0.9998269531571817, -0.000763600981452866, -0.9998266621545023, 0.018602756745382545, 0.9999997082531693, -0.0007630934919527077, 3.437875971362052e-05], "world_rotation": [0.0, 1.0, 0.0, 0.0]}, {"color": "CVBlue", "id_name": "object67866993383509", "shape": "CVCylinder", "id_string": "ob1003", "world_size": [0.09, 0.09, 0.09], "id": 1003, "camera_size": [37, 37], "camera_position": [256, 254], "world_position": [0.705, 0.6448569696296074, -0.15], "world_orientation": [1.0, -4.331917303826236e-17, -1.1712398707441946e-17, 4.331917303826236e-17, 1.0, -5.775889738434995e-17, 1.1712398707441946e-17, 5.775889738434995e-17, 1.0], "world_rotation": [-0.7896765794068324, 0.16013129347666225, -0.5922574345551229, -7.314247236221149e-17]}], "source": "action wait"}
{"timestamp": 1706068897.256588, "objects": [{"color": "cv_", "id_name": "hand", "shape": "CVCylinder", "id_string": "ob383", "world_size": [0.12, 0.005, 0.12], "id": 383, "camera_size": [50, 51], "camera_position": [245, 260], "world_position": [0.6904558049040188, 0.7149063891445723, -0.17408925266668554], "world_orientation": [-1.7686317156316512e-05, 0.012614106952544491, 0.9999204388315024, -0.0007627510293790076, -0.9999201482865953, 0.012614089795958683, 0.9999997089489885, -0.0007624672472234269, 2.7306327936706472e-05], "world_rotation": [0.0, 1.0, 0.0, 0.0]}, {"color": "CVBlue", "id_name": "object67866993383509", "shape": "CVCylinder", "id_string": "ob1003", "world_size": [0.09, 0.09, 0.09], "id": 1003, "camera_size": [37, 37], "camera_position": [256, 254], "world_position": [0.705, 0.6448569696296074, -0.15], "world_orientation": [1.0, -4.331917303826236e-17, -1.1712398707441946e-17, 4.331917303826236e-17, 1.0, -5.775889738434995e-17, 1.1712398707441946e-17, 5.775889738434995e-17, 1.0], "world_rotation": [-0.7896765794068324, 0.16013129347666225, -0.5922574345551229, -7.314247236221149e-17]}], "source": "action wait"}
{"timestamp": 1706068897.288619, "objects": [{"color": "cv_", "id_name": "hand", "shape": "CVCylinder", "id_string": "ob383", "world_size": [0.12, 0.005, 0.12], "id": 383, "camera_size": [49, 50], "camera_position": [246, 257], "world_position": [0.6957746648408459, 0.7119316224603464, -0.17409312029974677], "world_orientation": [-1.5249358582488576e-05, 0.008392929734604702, 0.999964778628691, -0.0007623583829354213, -0.999964488257571, 0.008392915671568999, 0.9999997092885344, -0.0007622035450474981, 2.164723739212576e-05], "world_rotation": [0.0, 1.0, 0.0, 0.0]}, {"color": "CVBlue", "id_name": "object67866993383509", "shape": "CVCylinder", "id_string": "ob1003", "world_size": [0.09, 0.09, 0.09], "id": 1003, "camera_size": [37, 37], "camera_position": [256, 254], "world_position": [0.705, 0.6448569696296074, -0.15], "world_orientation": [1.0, -4.331917303826236e-17, -1.1712398707441946e-17, 4.331917303826236e-17, 1.0, -5.775889738434995e-17, 1.1712398707441946e-17, 5.775889738434995e-17, 1.0], "world_rotation": [-0.7896765794068324, 0.16013129347666225, -0.5922574345551229, -7.314247236221149e-17]}], "source": "action wait"}
{"timestamp": 1706068897.317286, "objects": [{"color": "cv_", "id_name": "hand", "shape": "CVCylinder", "id_string": "ob383", "world_size": [0.12, 0.005, 0.12], "id": 383, "camera_size": [49, 50], "camera_position": [246, 256], "world_position": [0.6995105741305115, 0.7098116820780284, -0.1740961327490063], "world_orientation": [-1.3050557463316737e-05, 0.005417628101901023, 0.9999853244600305, -0.0007622392922505847, -0.9999850340989321, 0.005417616581016169, 0.99999970941043, -0.0007621574030612523, 1.717989116040133e-05], "world_rotation": [0.0, 1.0, 0.0, 0.0]}, {"color": "CVBlue", "id_name": "object67866993383509", "shape": "CVCylinder", "id_string": "ob1003", "world_size": [0.09, 0.09, 0.09], "id": 1003, "camera_size": [37, 37], "camera_position": [256, 254], "world_position": [0.705, 0.6448569696296074, -0.15], "world_orientation": [1.0, -4.331917303826236e-17, -1.1712398707441946e-17, 4.331917303826236e-17, 1.0, -5.775889738434995e-17, 1.1712398707441946e-17, 5.775889738434995e-17, 1.0], "world_rotation": [-0.7896765794068324, 0.16013129347666225, -0.5922574345551229, -7.314247236221149e-17]}], "source": "action wait"}
{"timestamp": 1706068897.347974, "objects": [{"color": "cv_", "id_name": "hand", "shape": "CVCylinder", "id_string": "ob383", "world_size": [0.12, 0.005, 0.12], "id": 383, "camera_size": [49, 50], "camera_position": [246, 255], "world_position": [0.7021367863819077, 0.7083084004810408, -0.17409845022926623], "world_orientation": [-1.1173952601457461e-05, 0.0033204627456263833, 0.9999944871859533, -0.0007622686348994766, -0.9999941967514874, 0.003320453263644037, 0.9999997094107933, -0.0007622273300672175, 1.3704972360942155e-05], "world_rotation": [0.0, 1.0, 0.0, 0.0]}, {"color": "CVBlue", "id_name": "object67866993383509", "shape": "CVCylinder", "id_string": "ob1003", "world_size": [0.09, 0.09, 0.09], "id": 1003, "camera_size": [37, 37], "camera_position": [256, 254], "world_position": [0.705, 0.6448569696296074, -0.15], "world_orientation": [1.0, -4.331917303826236e-17, -1.1712398707441946e-17, 4.331917303826236e-17, 1.0, -5.775889738434995e-17, 1.1712398707441946e-17, 5.775889738434995e-17, 1.0], "world_rotation": [-0.7896765794068324, 0.16013129347666225, -0.5922574345551229, -7.314247236221149e-17]}], "source": "action wait"}
{"timestamp": 1706068897.382078, "objects": [{"color": "cv_", "id_name": "hand", "shape": "CVCylinder", "id_string": "ob383", "world_size": [0.12, 0.005, 0.12], "id": 383, "camera_size": [49, 50], "camera_position": [246, 254], "world_position": [0.7039841148034504, 0.7072458842263009, -0.17410021673606887], "world_orientation": [-9.625677312113347e-06, 0.0018422279604326558, 0.9999983030503043, -0.0007623676395840696, -0.9999980125083919, 0.001842220086870326, 0.9999997093514221, -0.0007623486132688147, 1.1030113163296722e-05], "world_rotation": [0.0, 1.0, 0.0, 0.0]}, {"color": "CVBlue", "id_name": "object67866993383509", "shape": "CVCylinder", "id_string": "ob1003", "world_size": [0.09, 0.09, 0.09], "id": 1003, "camera_size": [37, 37], "camera_position": [256, 254], "world_position": [0.705, 0.6448569696296074, -0.15], "world_orientation": [1.0, -4.331917303826236e-17, -1.1712398707441946e-17, 4.331917303826236e-17, 1.0, -5.775889738434995e-17, 1.1712398707441946e-17, 5.775889738434995e-17, 1.0], "world_rotation": [-0.7896765794068324, 0.16013129347666225, -0.5922574345551229, -7.314247236221149e-17]}], "source": "action wait"}
{"timestamp": 1706068897.415765, "objects": [{"color": "cv_", "id_name": "hand", "shape": "CVCylinder", "id_string": "ob383", "world_size": [0.12, 0.005, 0.12], "id": 383, "camera_size": [49, 50], "camera_position": [246, 253], "world_position": [0.7052842189302401, 0.7064965036090778, -0.1741015538036328], "world_orientation": [-8.378442830638808e-06, 0.0008002337355060233, 0.9999996797778338, -0.000762490244461476, -0.9999993891224096, 0.0008002271144310468, 0.9999997092691723, -0.0007624832956384484, 8.988608129413093e-06], "world_rotation": [0.0, 1.0, 0.0, 0.0]}, {"color": "CVBlue", "id_name": "object67866993383509", "shape": "CVCylinder", "id_string": "ob1003", "world_size": [0.09, 0.09, 0.09], "id": 1003, "camera_size": [37, 37], "camera_position": [256, 254], "world_position": [0.705, 0.6448569696296074, -0.15], "world_orientation": [1.0, -4.331917303826236e-17, -1.1712398707441946e-17, 4.331917303826236e-17, 1.0, -5.775889738434995e-17, 1.1712398707441946e-17, 5.775889738434995e-17, 1.0], "world_rotation": [-0.7896765794068324, 0.16013129347666225, -0.5922574345551229, -7.314247236221149e-17]}], "source": "action wait"}
{"timestamp": 1706068897.445443, "objects": [{"color": "cv_", "id_name": "hand", "shape": "CVCylinder", "id_string": "ob383", "world_size": [0.12, 0.005, 0.12], "id": 383, "camera_size": [49, 50], "camera_position": [246, 253], "world_position": [0.7061995623488067, 0.7059686959133672, -0.1741025602274569], "world_orientation": [-7.391319203496702e-06, 6.572155470890062e-05, 0.9999999978130228, -0.0007626116785884295, -0.9999997070523814, 6.57158988936647e-05, 0.9999997091843558, -0.0007626111911938172, 7.441437063747893e-06], "world_rotation": [0.0, 1.0, 0.0, 0.0]}, {"color": "CVBlue", "id_name": "object67866993383509", "shape": "CVCylinder", "id_string": "ob1003", "world_size": [0.09, 0.09, 0.09], "id": 1003, "camera_size": [37, 37], "camera_position": [256, 254], "world_position": [0.705, 0.6448569696296074, -0.15], "world_orientation": [1.0, -4.331917303826236e-17, -1.1712398707441946e-17, 4.331917303826236e-17, 1.0, -5.775889738434995e-17, 1.1712398707441946e-17, 5.775889738434995e-17, 1.0], "world_rotation": [-0.7896765794068324, 0.16013129347666225, -0.5922574345551229, -7.314247236221149e-17]}], "source": "action wait"}
{"timestamp": 1706068897.480051, "objects": [{"color": "cv_", "id_name": "hand", "shape": "CVCylinder", "id_string": "ob383", "world_size": [0.12, 0.005, 0.12], "id": 383, "camera_size": [49, 50], "camera_position": [246, 253], "world_position": [0.7068442141059553, 0.7055972604270658, -0.17410331438183227], "world_orientation": [-6.620449753009529e-06, -0.00045205737953880453, 0.9999998978001425, -0.0007627202000202638, -0.9999996069487105, -0.00045206229760815165, 0.9999997091069908, -0.0007627231149264838, 6.275653856255061e-06], "world_rotation": [0.0, 1.0, 0.0, 0.0]}, {"color": "CVBlue", "id_name": "object67866993383509", "shape": "CVCylinder", "id_string": "ob1003", "world_size": [0.09, 0.09, 0.09], "id": 1003, "camera_size": [37, 37], "camera_position": [256, 254], "world_position": [0.705, 0.6448569696296074, -0.15], "world_orientation": [1.0, -4.331917303826236e-17, -1.1712398707441946e-17, 4.331917303826236e-17, 1.0, -5.775889738434995e-17, 1.1712398707441946e-17, 5.775889738434995e-17, 1.0], "world_rotation": [-0.7896765794068324, 0.16013129347666225, -0.5922574345551229, -7.314247236221149e-17]}], "source": "action wait"}
{"timestamp": 1706068897.513132, "objects": [{"color": "cv_", "id_name": "hand", "shape": "CVCylinder", "id_string": "ob383", "world_size": [0.12, 0.005, 0.12], "id": 383, "camera_size": [49, 49], "camera_position": [246, 253], "world_position": [0.7072983371449589, 0.7053359958182515, -0.1741038774048381], "world_orientation": [-6.024655786899496e-06, -0.0008170641631896486, 0.9999996661848727, -0.0007628115700812103, -0.9999993752585751, -0.0008170685211624317, 0.9999997090410637, -0.0007628162380001524, 5.401386026231769e-06], "world_rotation": [0.0, 1.0, 0.0, 0.0]}, {"color": "CVBlue", "id_name": "object67866993383509", "shape": "CVCylinder", "id_string": "ob1003", "world_size": [0.09, 0.09, 0.09], "id": 1003, "camera_size": [37, 37], "camera_position": [256, 254], "world_position": [0.705, 0.6448569696296074, -0.15], "world_orientation": [1.0, -4.331917303826236e-17, -1.1712398707441946e-17, 4.331917303826236e-17, 1.0, -5.775889738434995e-17, 1.1712398707441946e-17, 5.775889738434995e-17, 1.0], "world_rotation": [-0.7896765794068324, 0.16013129347666225, -0.5922574345551229, -7.314247236221149e-17]}], "source": "action wait"}
{"timestamp": 1706068897.543568, "objects": [{"color": "cv_", "id_name": "hand", "shape": "CVCylinder", "id_string": "ob383", "world_size": [0.12, 0.005, 0.12], "id": 383, "camera_size": [49, 50], "camera_position": [246, 252], "world_position": [0.707618306193754, 0.7051522691708724, -0.17410429641597228], "world_orientation": [-5.56801396494928e-06, -0.0010743808721256909, 0.9999994228372029, -0.0007628855623713767, -0.9999991318510756, -0.001074384807255107, 0.9999997089872656, -0.0007628911042522092, 4.748379475615266e-06], "world_rotation": [0.0, 1.0, 0.0, 0.0]}, {"color": "CVBlue", "id_name": "object67866993383509", "shape": "CVCylinder", "id_string": "ob1003", "world_size": [0.09, 0.09, 0.09], "id": 1003, "camera_size": [37, 37], "camera_position": [256, 254], "world_position": [0.705, 0.6448569696296074, -0.15], "world_orientation": [1.0, -4.331917303826236e-17, -1.1712398707441946e-17, 4.331917303826236e-17, 1.0, -5.775889738434995e-17, 1.1712398707441946e-17, 5.775889738434995e-17, 1.0], "world_rotation": [-0.7896765794068324, 0.16013129347666225, -0.5922574345551229, -7.314247236221149e-17]}], "source": "action wait"}
{"timestamp": 1706068898.636527, "objects": [{"color": "cv_", "id_name": "hand", "shape": "CVCylinder", "id_string": "ob383", "world_size": [0.12, 0.005, 0.12], "id": 383, "camera_size": [49, 50], "camera_position": [246, 252], "world_position": [0.7083824685675137, 0.7047167055680921, -0.1741054783531776], "world_orientation": [-4.186645318476446e-06, -0.0016893420824533167, 0.9999985730518822, -0.0007631195567222206, -0.9999982818798929, -0.0016893447854786432, 0.9999997088154646, -0.0007631255404780073, 2.8974681445666437e-06], "world_rotation": [0.0, 1.0, 0.0, 0.0]}, {"color": "CVBlue", "id_name": "object67866993383509", "shape": "CVCylinder", "id_string": "ob1003", "world_size": [0.09, 0.09, 0.09], "id": 1003, "camera_size": [37, 37], "camera_position": [256, 254], "world_position": [0.705, 0.6448569696296074, -0.15], "world_orientation": [1.0, -4.331917303826236e-17, -1.1712398707441946e-17, 4.331917303826236e-17, 1.0, -5.775889738434995e-17, 1.1712398707441946e-17, 5.775889738434995e-17, 1.0], "world_rotation": [-0.7896765794068324, 0.16013129347666225, -0.5922574345551229, -7.314247236221149e-17]}], "source": "action wait"}
{"timestamp": 1706068898.668119, "objects": [{"color": "cv_", "id_name": "hand", "shape": "CVCylinder", "id_string": "ob383", "world_size": [0.12, 0.005, 0.12], "id": 383, "camera_size": [51, 51], "camera_position": [246, 251], "world_position": [0.7112805446172795, 0.728200886257186, -0.17409763166088033], "world_orientation": [1.909713008652871e-05, 0.03261068261895718, 0.9994681300643986, -0.0007431461534646364, -0.9994678537975681, 0.03261068780442436, 0.9999997236845091, -0.0007433736669154144, 5.1475357292387385e-06], "world_rotation": [0.0, 1.0, 0.0, 0.0]}, {"color": "CVBlue", "id_name": "object67866993383509", "shape": "CVCylinder", "id_string": "ob1003", "world_size": [0.09, 0.09, 0.09], "id": 1003, "camera_size": [38, 38], "camera_position": [252, 251], "world_position": [0.7106342760968436, 0.6736572370363261, -0.1586670014341937], "world_orientation": [0.9994225878570322, -0.03397779969972307, -2.9526607940622192e-06, 0.03397779977620126, 0.9994225873584786, 3.1623615135011415e-05, 1.8764550295549633e-06, -3.170568019289562e-05, 0.9999999994956144], "world_rotation": [0.0009319212567671966, 7.106277851534107e-05, -0.999999563236331, -0.03398435582898501]}], "source": "action wait"}
{"timestamp": 1706068898.69342, "objects": [{"color": "cv_", "id_name": "hand", "shape": "CVCylinder", "id_string": "ob383", "world_size": [0.12, 0.005, 0.12], "id": 383, "camera_size": [52, 53], "camera_position": [245, 249], "world_position": [0.715320517316416, 0.7846719446938717, -0.1741088991064992], "world_orientation": [8.156678722941825e-05, 0.11375218945008139, 0.993509150809479, -0.0007253712407048414, -0.9935088860100406, 0.11375221868452379, 0.9999997335916757, -0.0007299413683929215, 1.4752388789832457e-06], "world_rotation": [0.0, 1.0, 0.0, 0.0]}, {"color": "CVBlue", "id_name": "object67866993383509", "shape": "CVCylinder", "id_string": "ob1003", "world_size": [0.09, 0.09, 0.09], "id": 1003, "camera_size": [39, 44], "camera_position": [250, 247], "world_position": [0.7191077694813186, 0.7335946080413013, -0.1642320138108309], "world_orientation": [0.9933762793639916, -0.11490677778492625, -4.004848568310552e-06, 0.11490677783600681, 0.9933762779699435, 5.266809318549176e-05, -2.0735993153994706e-06, -5.277941869450549e-05, 0.9999999986050168], "world_rotation": [0.0004588393425759665, 8.40354714641817e-06, -0.9999998946979136, -0.11516116755414872]}], "source": "action wait"}
{"timestamp": 1706068898.725248, "objects": [{"color": "cv_", "id_name": "hand", "shape": "CVCylinder", "id_string": "ob383", "world_size": [0.12, 0.005, 0.12], "id": 383, "camera_size": [56, 55], "camera_position": [244, 250], "world_position": [0.7137760002776514, 0.8548280492422733, -0.17411225874598235], "world_orientation": [0.000156508807318384, 0.21281447234375228, 0.9770926137608673, -0.0007211874728631099, -0.9770923476084444, 0.21281452989316296, 0.999999727696774, -0.0007379743011252771, 5.555735345650573e-07], "world_rotation": [0.0, 1.0, 0.0, 0.0]}, {"color": "CVBlue", "id_name": "object67866993383509", "shape": "CVCylinder", "id_string": "ob1003", "world_size": [0.09, 0.09, 0.09], "id": 1003, "camera_size": [41, 50], "camera_position": [248, 245], "world_position": [0.7225621401837693, 0.8064394354828445, -0.16779032324361198], "world_orientation": [0.9768727798577709, -0.21382135514420472, -7.566176119065736e-06, 0.2138213552553034, 0.9768727786257791, 4.916030043244365e-05, -3.120330568757582e-06, -4.964116937396336e-05, 0.9999999987630089], "world_rotation": [0.0002310374168937423, 1.0396167930136663e-05, -0.9999999732568154, -0.2154851271168024]}], "source": "action wait"}
{"timestamp": 1706068898.767151, "objects": [{"color": "cv_", "id_name": "hand", "shape": "CVCylinder", "id_string": "ob383", "world_size": [0.12, 0.005, 0.12], "id": 383, "camera_size": [59, 57], "camera_position": [244, 254], "world_position": [0.7047866013735682, 0.9244359880480952, -0.17411318970043604], "world_orientation": [0.00023164698983135592, 0.309744623009894, 0.9508197593950866, -0.0007095574206408565, -0.9508194946385046, 0.3097447096297948, 0.9999997214339308, -0.000746412645572893, -4.72878045223279e-07], "world_rotation": [0.0, 1.0, 0.0, 0.0]}, {"color": "CVBlue", "id_name": "object67866993383509", "shape": "CVCylinder", "id_string": "ob1003", "world_size": [0.09, 0.09, 0.09], "id": 1003, "camera_size": [44, 55], "camera_position": [246, 247], "world_position": [0.7183148259607112, 0.8784863925598797, -0.17006643931357113], "world_orientation": [0.9505262300053811, -0.31064430781181135, -9.791750417202553e-06, 0.3106443079378954, 0.9505262290217689, 4.344470128493573e-05, -4.188533559163911e-06, -4.433707965793237e-05, 0.9999999990083398], "world_rotation": [0.0001412898576246823, 9.018701871949434e-06, -0.9999999899779194, -0.3158708040442866]}], "source": "action wait"}
{"timestamp": 1706068898.800906, "objects": [{"color": "cv_", "id_name": "hand", "shape": "CVCylinder", "id_string": "ob383", "world_size": [0.12, 0.005, 0.12], "id": 383, "camera_size": [63, 59], "camera_position": [243, 262], "world_position": [0.6886067460764751, 0.9927205013294664, -0.17411364048589492], "world_orientation": [0.0003054223911878094, 0.40354539607740675, 0.9149595728893664, -0.0006874436952680145, -0.9149593146403815, 0.40354551165137453, 0.9999997170691244, -0.000752235024929773, -2.034323428706818e-06], "world_rotation": [0.0, 1.0, 0.0, 0.0]}, {"color": "CVBlue", "id_name": "object67866993383509", "shape": "CVCylinder", "id_string": "ob1003", "world_size": [0.09, 0.09, 0.09], "id": 1003, "camera_size": [47, 62], "camera_position": [245, 252], "world_position": [0.7066321502772741, 0.9492001784387726, -0.17152294261974818], "world_orientation": [0.9145991148843822, -0.40436179212300116, -1.1125629508194e-05, 0.40436179223516655, 0.9145991140544234, 3.938563076405665e-05, -5.750553348156767e-06, -4.0520842523647086e-05, 0.9999999991624963], "world_rotation": [9.88056666596531e-05, 6.646369955869553e-06, -0.999999995096633, -0.41628092444741616]}], "source": "action wait"}
{"timestamp": 1706068898.833685, "objects": [{"color": "cv_", "id_name": "hand", "shape": "CVCylinder", "id_string": "ob383", "world_size": [0.12, 0.005, 0.12], "id": 383, "camera_size": [66, 60], "camera_position": [242, 275], "world_position": [0.6654977220800321, 1.0589932697042743, -0.1741140641589536], "world_orientation": [0.00037663511214903274, 0.4932736616714752, 0.8698741017223165, -0.0006560804392800789, -0.8698738543154675, 0.49327380544359994, 0.9999997138521838, -0.0007564916178099149, -3.997836040415822e-06], "world_rotation": [0.0, 1.0, 0.0, 0.0]}, {"color": "CVBlue", "id_name": "object67866993383509", "shape": "CVCylinder", "id_string": "ob1003", "world_size": [0.09, 0.09, 0.09], "id": 1003, "camera_size": [50, 68], "camera_position": [243, 262], "world_position": [0.6877691476318614, 1.0180382390760265, -0.1724552092532272], "world_orientation": [0.8694506583056407, -0.4940197897162809, -1.1856208615840009e-05, 0.4940197897985731, 0.8694506575757139, 3.644904079801168e-05, -7.698159092996931e-06, -3.7547844204645735e-05, 0.9999999992654489], "world_rotation": [7.489263216643124e-05, 4.2083835479413526e-06, -0.9999999971866915, -0.5167070813635157]}], "source": "action wait"}
{"timestamp": 1706068898.866202, "objects": [{"color": "cv_", "id_name": "hand", "shape": "CVCylinder", "id_string": "ob383", "world_size": [0.12, 0.005, 0.12], "id": 383, "camera_size": [71, 60], "camera_position": [242, 289], "world_position": [0.6420944685859841, 1.1089735675674763, -0.1741135816087418], "world_orientation": [0.0004371864302021049, 0.5602095832199018, 0.8283507902673897, -0.000635430205339312, -0.8283505465701864, 0.5602097537756084, 0.9999997025481956, -0.000771275215170238, -6.169527911997172e-06], "world_rotation": [0.0, 1.0, 0.0, 0.0]}, {"color": "CVBlue", "id_name": "object67866993383509", "shape": "CVCylinder", "id_string": "ob1003", "world_size": [0.09, 0.09, 0.09], "id": 1003, "camera_size": [52, 73], "camera_position": [242, 275], "world_position": [0.6674642682879502, 1.0703644110219461, -0.173051615813159], "world_orientation": [0.82788234641251, -0.5609017921817019, -5.086414545285209e-06, 0.5609017921185329, 0.8278823460921817, 2.5042428522276086e-05, -9.835390231778711e-06, -2.358516351879774e-05, 0.9999999996735026], "world_rotation": [-4.3347688200947534e-05, 4.233339729389059e-06, 0.9999999990515284, 0.5954746749460572]}], "source": "action wait"}
{"timestamp": 1706068898.896761, "objects": [{"color": "cv_", "id_name": "hand", "shape": "CVCylinder", "id_string": "ob383", "world_size": [0.12, 0.005, 0.12], "id": 383, "camera_size": [73, 61], "camera_position": [241, 302], "world_position": [0.6228724090865507, 1.1427858897900662, -0.17411468177959255], "world_orientation": [0.0004789870895142395, 0.6053639716952045, 0.795948636750372, -0.0006136073337245981, -0.7959484002915789, 0.6053641611123978, 0.9999996970286581, -0.0007783615384056471, -9.793235053837748e-06], "world_rotation": [0.0, 1.0, 0.0, 0.0]}, {"color": "CVBlue", "id_name": "object67866993383509", "shape": "CVCylinder", "id_string": "ob1003", "world_size": [0.09, 0.09, 0.09], "id": 1003, "camera_size": [54, 75], "camera_position": [241, 286], "world_position": [0.6502788880608914, 1.106032762878813, -0.17343459521389795], "world_orientation": [0.7954510490764751, -0.6060178450532622, 3.68249345169863e-07, 0.6060178449045298, 0.795451048894425, 2.1680135734202706e-05, -1.3431473465973801e-05, -1.7022321039344574e-05, 0.999999999764918], "world_rotation": [-3.193177979161263e-05, 1.1385574630805159e-05, 0.9999999994253651, 0.6510448272833073]}], "source": "action wait"}
{"timestamp": 1706068898.930071, "objects": [{"color": "cv_", "id_name": "hand", "shape": "CVCylinder", "id_string": "ob383", "world_size": [0.12, 0.005, 0.12], "id": 383, "camera_size": [75, 61], "camera_position": [241, 312], "world_position": [0.608058624666279, 1.1658359976843289, -0.1741163430452511], "world_orientation": [0.0005069245264307808, 0.6360964810483146, 0.7716093634900211, -0.0005938335091079078, -0.7716091350982868, 0.6360966828986282, 0.9999996951945975, -0.0007806605057244215, -1.3412189926750997e-05], "world_rotation": [0.0, 1.0, 0.0, 0.0]}, {"color": "CVBlue", "id_name": "object67866993383509", "shape": "CVCylinder", "id_string": "ob1003", "world_size": [0.09, 0.09, 0.09], "id": 1003, "camera_size": [56, 78], "camera_position": [241, 294], "world_position": [0.6368223062362672, 1.1304760525176791, -0.1736805468663149], "world_orientation": [0.7710923077764044, -0.6367233723333001, 3.5452489998440496e-06, 0.6367233721153954, 0.7710923076375411, 2.24546526965407e-05, -1.7031116421953865e-05, -1.5057267069923788e-05, 0.9999999997416099], "world_rotation": [-2.94569992100711e-05, 1.6158010140496793e-05, 0.999999999435602, 0.6902414390644589]}], "source": "action wait"}
