{"timestamp": 1706069104.526319, "objects": [{"color": "cv_", "id_name": "hand", "shape": "CVCylinder", "id_string": "ob383", "world_size": [0.12, 0.005, 0.12], "id": 383, "camera_size": [48, 50], "camera_position": [246, 426], "world_position": [0.26764451554000906, 0.6334703013849469, -0.17389260400847806], "world_orientation": [-0.0006415509396111507, 0.19791547486687225, 0.9802188802612466, -0.0007473674823972544, -0.9802189031248749, 0.1979149903330055, 0.9999995149270016, -0.0006056111687281201, 0.0007767759485035157], "world_rotation": [0.0, 1.0, 0.0, 0.0]}, {"color": "CVPurple", "id_name": "object83032638368460", "shape": "CVSphere", "id_string": "ob1066", "world_size": [0.1, 0.1, 0.1], "id": 1066, "camera_size": [41, 41], "camera_position": [256, 254], "world_position": [0.705, 0.6498037932383656, -0.15], "world_orientation": [1.0, 2.1316282072802963e-17, -9.624447840080312e-18, -2.1316282072802963e-17, 1.0, -1.5774048733874193e-16, 9.624447840080312e-18, 1.5774048733874193e-16, 1.0], "world_rotation": [-0.9891858493133231, 0.06035462278252622, 0.13367376342071935, -1.5946496550495827e-16]}], "source": "manual check"}
{"timestamp": 1706069105.559605, "objects": [{"color": "cv_", "id_name": "hand", "shape": "CVCylinder", "id_string": "ob383", "world_size": [0.12, 0.005, 0.12], "id": 383, "camera_size": [48, 50], "camera_position": [246, 426], "world_position": [0.26764451554000906, 0.6334703013849469, -0.17389260400847806], "world_orientation": [-0.0006415509396111507, 0.19791547486687225, 0.9802188802612466, -0.0007473674823972544, -0.9802189031248749, 0.1979149903330055, 0.9999995149270016, -0.0006056111687281201, 0.0007767759485035157], "world_rotation": [0.0, 1.0, 0.0, 0.0]}, {"color": "CVPurple", "id_name": "object83032638368460", "shape": "CVSphere", "id_string": "ob1066", "world_size": [0.1, 0.1, 0.1], "id": 1066, "camera_size": [41, 41], "camera_position": [256, 254], "world_position": [0.705, 0.6498037994254439, -0.15], "world_orientation": [1.0, 8.100187187665134e-17, -1.2653630886983698e-17, -8.100187187665134e-17, 1.0, -1.9397816686250694e-16, 1.2653630886983698e-17, 1.9397816686250694e-16, 1.0], "world_rotation": [-0.9211093596285536, 0.06008602943210125, 0.38463907325148433, -2.1059189642881336e-16]}], "source": "manual check"}
{"timestamp": 1706069107.487055, "objects": [{"color": "cv_", "id_name": "hand", "shape": "CVCylinder", "id_string": "ob383", "world_size": [0.12, 0.005, 0.12], "id": 383, "camera_size": [48, 50], "camera_position": [246, 426], "world_position": [0.26764451554000906, 0.6334703013849469, -0.17389260400847806], "world_orientation": [-0.0006415509396111507, 0.19791547486687225, 0.9802188802612466, -0.0007473674823972544, -0.9802189031248749, 0.1979149903330055, 0.9999995149270016, -0.0006056111687281201, 0.0007767759485035157], "world_rotation": [0.0, 1.0, 0.0, 0.0]}, {"color": "CVPurple", "id_name": "object83032638368460", "shape": "CVSphere", "id_string": "ob1066", "world_size": [0.1, 0.1, 0.1], "id": 1066, "camera_size": [41, 41], "camera_position": [256, 254], "world_position": [0.705, 0.6498037994254439, -0.15], "world_orientation": [1.0, 8.100187187665134e-17, -1.2653630886983698e-17, -8.100187187665134e-17, 1.0, -1.9397816686250694e-16, 1.2653630886983698e-17, 1.9397816686250694e-16, 1.0], "world_rotation": [-0.9211093596285536, 0.06008602943210125, 0.38463907325148433, -2.1059189642881336e-16]}], "source": "action wait"}
{"timestamp": 1706069107.525421, "objects": [{"color": "cv_", "id_name": "hand", "shape": "CVCylinder", "id_string": "ob383", "world_size": [0.12, 0.005, 0.12], "id": 383, "camera_size": [49, 51], "camera_position": [246, 421], "world_position": [0.29096116368223085, 0.6676241562120114, -0.17395617604806993], "world_orientation": [-0.00038386449015785363, 0.19682012718695668, 0.9804395392792782, -0.0007155493850183653, -0.9804394145775391, 0.1968198219995386, 0.9999996703185111, -0.0006260007687544526, 0.0005171903969757634], "world_rotation": [0.0, 1.0, 0.0, 0.0]}, {"color": "CVPurple", "id_name": "object83032638368460", "shape": "CVSphere", "id_string": "ob1066", "world_size": [0.1, 0.1, 0.1], "id": 1066, "camera_size": [41, 41], "camera_position": [256, 254], "world_position": [0.705, 0.6498037994254439, -0.15], "world_orientation": [1.0, 8.100187187665134e-17, -1.2653630886983698e-17, -8.100187187665134e-17, 1.0, -1.9397816686250694e-16, 1.2653630886983698e-17, 1.9397816686250694e-16, 1.0], "world_rotation": [-0.9211093596285536, 0.06008602943210125, 0.38463907325148433, -2.1059189642881336e-16]}], "source": "action wait"}
{"timestamp": 1706069107.558623, "objects": [{"color": "cv_", "id_name": "hand", "shape": "CVCylinder", "id_string": "ob383", "world_size": [0.12, 0.005, 0.12], "id": 383, "camera_size": [51, 52], "camera_position": [246, 406], "world_position": [0.3369027208676203, 0.7054930155874779, -0.1739840179452966], "world_orientation": [-0.00022508694595543282, 0.18417617477267473, 0.982893222065333, -0.0007320254503571682, -0.9828930139633896, 0.18417596814108128, 0.9999997067372604, -0.0006780472473484115, 0.0003560580339974027], "world_rotation": [0.0, 1.0, 0.0, 0.0]}, {"color": "CVPurple", "id_name": "object83032638368460", "shape": "CVSphere", "id_string": "ob1066", "world_size": [0.1, 0.1, 0.1], "id": 1066, "camera_size": [41, 41], "camera_position": [256, 254], "world_position": [0.705, 0.6498037994254439, -0.15], "world_orientation": [1.0, 8.100187187665134e-17, -1.2653630886983698e-17, -8.100187187665134e-17, 1.0, -1.9397816686250694e-16, 1.2653630886983698e-17, 1.9397816686250694e-16, 1.0], "world_rotation": [-0.9211093596285536, 0.06008602943210125, 0.38463907325148433, -2.1059189642881336e-16]}], "source": "action wait"}
{"timestamp": 1706069107.592645, "objects": [{"color": "cv_", "id_name": "hand", "shape": "CVCylinder", "id_string": "ob383", "world_size": [0.12, 0.005, 0.12], "id": 383, "camera_size": [51, 52], "camera_position": [246, 388], "world_position": [0.38739643035497157, 0.7385980971122434, -0.17400453937855723], "world_orientation": [-0.0001221532253187232, 0.17517119507379, 0.9845379817432184, -0.000743298619543336, -0.9845377330183315, 0.17517105859783727, 0.9999997162928356, -0.0007104080129277925, 0.00025046896701870014], "world_rotation": [0.0, 1.0, 0.0, 0.0]}, {"color": "CVPurple", "id_name": "object83032638368460", "shape": "CVSphere", "id_string": "ob1066", "world_size": [0.1, 0.1, 0.1], "id": 1066, "camera_size": [41, 41], "camera_position": [256, 254], "world_position": [0.705, 0.6498037994254439, -0.15], "world_orientation": [1.0, 8.100187187665134e-17, -1.2653630886983698e-17, -8.100187187665134e-17, 1.0, -1.9397816686250694e-16, 1.2653630886983698e-17, 1.9397816686250694e-16, 1.0], "world_rotation": [-0.9211093596285536, 0.06008602943210125, 0.38463907325148433, -2.1059189642881336e-16]}], "source": "action wait"}
{"timestamp": 1706069107.626498, "objects": [{"color": "cv_", "id_name": "hand", "shape": "CVCylinder", "id_string": "ob383", "world_size": [0.12, 0.005, 0.12], "id": 383, "camera_size": [52, 53], "camera_position": [245, 368], "world_position": [0.44146313428195016, 0.7664985951077433, -0.1740230446253469], "world_orientation": [-4.9704437715722795e-05, 0.16880864214704402, 0.985648842065946, -0.0007506917706849299, -0.9856485718567973, 0.16880855801327557, 0.9999997169956272, -0.000731527940066678, 0.0001757143665301509], "world_rotation": [0.0, 1.0, 0.0, 0.0]}, {"color": "CVPurple", "id_name": "object83032638368460", "shape": "CVSphere", "id_string": "ob1066", "world_size": [0.1, 0.1, 0.1], "id": 1066, "camera_size": [41, 41], "camera_position": [256, 254], "world_position": [0.705, 0.6498037994254439, -0.15], "world_orientation": [1.0, 8.100187187665134e-17, -1.2653630886983698e-17, -8.100187187665134e-17, 1.0, -1.9397816686250694e-16, 1.2653630886983698e-17, 1.9397816686250694e-16, 1.0], "world_rotation": [-0.9211093596285536, 0.06008602943210125, 0.38463907325148433, -2.1059189642881336e-16]}], "source": "action wait"}
{"timestamp": 1706069107.655329, "objects": [{"color": "cv_", "id_name": "hand", "shape": "CVCylinder", "id_string": "ob383", "world_size": [0.12, 0.005, 0.12], "id": 383, "camera_size": [52, 53], "camera_position": [245, 344], "world_position": [0.49866385110213907, 0.7804765049587258, -0.17403823692920678], "world_orientation": [-6.848887185489423e-06, 0.15228543150849766, 0.9883365556850375, -0.0007644852348362317, -0.9883362676949637, 0.15228538183658666, 0.9999997077576667, -0.0007545257184701933, 0.0001231889674680968], "world_rotation": [0.0, 1.0, 0.0, 0.0]}, {"color": "CVPurple", "id_name": "object83032638368460", "shape": "CVSphere", "id_string": "ob1066", "world_size": [0.1, 0.1, 0.1], "id": 1066, "camera_size": [41, 41], "camera_position": [256, 254], "world_position": [0.705, 0.6498037994254439, -0.15], "world_orientation": [1.0, 8.100187187665134e-17, -1.2653630886983698e-17, -8.100187187665134e-17, 1.0, -1.9397816686250694e-16, 1.2653630886983698e-17, 1.9397816686250694e-16, 1.0], "world_rotation": [-0.9211093596285536, 0.06008602943210125, 0.38463907325148433, -2.1059189642881336e-16]}], "source": "action wait"}
{"timestamp": 1706069107.688098, "objects": [{"color": "cv_", "id_name": "hand", "shape": "CVCylinder", "id_string": "ob383", "world_size": [0.12, 0.005, 0.12], "id": 383, "camera_size": [52, 53], "camera_position": [245, 318], "world_position": [0.5572625489215395, 0.7713678906491783, -0.17405008227464439], "world_orientation": [-9.437534156224016e-07, 0.11271261488520055, 0.9936276296706175, -0.000777014908088317, -0.9936273298012507, 0.11271258013136563, 0.9999996981234255, -0.0007719571084603701, 8.851712128217672e-05], "world_rotation": [0.0, 1.0, 0.0, 0.0]}, {"color": "CVPurple", "id_name": "object83032638368460", "shape": "CVSphere", "id_string": "ob1066", "world_size": [0.1, 0.1, 0.1], "id": 1066, "camera_size": [41, 41], "camera_position": [256, 254], "world_position": [0.705, 0.6498037994254439, -0.15], "world_orientation": [1.0, 8.100187187665134e-17, -1.2653630886983698e-17, -8.100187187665134e-17, 1.0, -1.9397816686250694e-16, 1.2653630886983698e-17, 1.9397816686250694e-16, 1.0], "world_rotation": [-0.9211093596285536, 0.06008602943210125, 0.38463907325148433, -2.1059189642881336e-16]}], "source": "action wait"}
{"timestamp": 1706069107.721496, "objects": [{"color": "cv_", "id_name": "hand", "shape": "CVCylinder", "id_string": "ob383", "world_size": [0.12, 0.005, 0.12], "id": 383, "camera_size": [52, 52], "camera_position": [245, 297], "world_position": [0.6024810957920653, 0.7573645346004252, -0.1740557314359524], "world_orientation": [-1.563655711041953e-05, 0.07903663698459659, 0.9968717117912732, -0.0007751482480634213, -0.9968714133834923, 0.07903660116675107, 0.9999996994503006, -0.0007714875006113619, 7.685274747894213e-05], "world_rotation": [0.0, 1.0, 0.0, 0.0]}, {"color": "CVPurple", "id_name": "object83032638368460", "shape": "CVSphere", "id_string": "ob1066", "world_size": [0.1, 0.1, 0.1], "id": 1066, "camera_size": [41, 41], "camera_position": [256, 254], "world_position": [0.705, 0.6498037994254439, -0.15], "world_orientation": [1.0, 8.100187187665134e-17, -1.2653630886983698e-17, -8.100187187665134e-17, 1.0, -1.9397816686250694e-16, 1.2653630886983698e-17, 1.9397816686250694e-16, 1.0], "world_rotation": [-0.9211093596285536, 0.06008602943210125, 0.38463907325148433, -2.1059189642881336e-16]}], "source": "action wait"}
{"timestamp": 1706069107.755371, "objects": [{"color": "cv_", "id_name": "hand", "shape": "CVCylinder", "id_string": "ob383", "world_size": [0.12, 0.005, 0.12], "id": 383, "camera_size": [51, 51], "camera_position": [246, 284], "world_position": [0.6341969569885721, 0.7450369281717759, -0.17406343440162], "world_orientation": [-2.216748713057968e-05, 0.05523838189987632, 0.9984731947697375, -0.0007712563844469906, -0.9984728989953114, 0.05523834841383335, 0.9999997023360517, -0.0007688543307881113, 6.473658984589569e-05], "world_rotation": [0.0, 1.0, 0.0, 0.0]}, {"color": "CVPurple", "id_name": "object83032638368460", "shape": "CVSphere", "id_string": "ob1066", "world_size": [0.1, 0.1, 0.1], "id": 1066, "camera_size": [41, 41], "camera_position": [256, 254], "world_position": [0.705, 0.6498037994254439, -0.15], "world_orientation": [1.0, 8.100187187665134e-17, -1.2653630886983698e-17, -8.100187187665134e-17, 1.0, -1.9397816686250694e-16, 1.2653630886983698e-17, 1.9397816686250694e-16, 1.0], "world_rotation": [-0.9211093596285536, 0.06008602943210125, 0.38463907325148433, -2.1059189642881336e-16]}], "source": "action wait"}
{"timestamp": 1706069107.789383, "objects": [{"color": "cv_", "id_name": "hand", "shape": "CVCylinder", "id_string": "ob383", "world_size": [0.12, 0.005, 0.12], "id": 383, "camera_size": [51, 50], "camera_position": [246, 274], "world_position": [0.6563795575065895, 0.7351590339386185, -0.1740713220384402], "world_orientation": [-2.3700721881811662e-05, 0.03844451168604759, 0.9992607362242837, -0.0007677649899539564, -0.9992604426907977, 0.038444482182901314, 0.9999997049875545, -0.0007662862471288609, 5.3199543968511745e-05], "world_rotation": [0.0, 1.0, 0.0, 0.0]}, {"color": "CVPurple", "id_name": "object83032638368460", "shape": "CVSphere", "id_string": "ob1066", "world_size": [0.1, 0.1, 0.1], "id": 1066, "camera_size": [41, 41], "camera_position": [256, 254], "world_position": [0.705, 0.6498037994254439, -0.15], "world_orientation": [1.0, 8.100187187665134e-17, -1.2653630886983698e-17, -8.100187187665134e-17, 1.0, -1.9397816686250694e-16, 1.2653630886983698e-17, 1.9397816686250694e-16, 1.0], "world_rotation": [-0.9211093596285536, 0.06008602943210125, 0.38463907325148433, -2.1059189642881336e-16]}], "source": "action wait"}
{"timestamp": 1706069107.822818, "objects": [{"color": "cv_", "id_name": "hand", "shape": "CVCylinder", "id_string": "ob383", "world_size": [0.12, 0.005, 0.12], "id": 383, "camera_size": [51, 51], "camera_position": [246, 268], "world_position": [0.6718947950557361, 0.727629130958806, -0.1740784347595459], "world_orientation": [-2.2660486356409925e-05, 0.026601250925610023, 0.9996461238536842, -0.0007652675697238644, -0.9996458318579946, 0.026601225807935943, 0.9999997069259816, -0.0007643939630712585, 4.3009535381890243e-05], "world_rotation": [0.0, 1.0, 0.0, 0.0]}, {"color": "CVPurple", "id_name": "object83032638368460", "shape": "CVSphere", "id_string": "ob1066", "world_size": [0.1, 0.1, 0.1], "id": 1066, "camera_size": [41, 41], "camera_position": [256, 254], "world_position": [0.705, 0.6498037994254439, -0.15], "world_orientation": [1.0, 8.100187187665134e-17, -1.2653630886983698e-17, -8.100187187665134e-17, 1.0, -1.9397816686250694e-16, 1.2653630886983698e-17, 1.9397816686250694e-16, 1.0], "world_rotation": [-0.9211093596285536, 0.06008602943210125, 0.38463907325148433, -2.1059189642881336e-16]}], "source": "action wait"}
{"timestamp": 1706069107.858205, "objects": [{"color": "cv_", "id_name": "hand", "shape": "CVCylinder", "id_string": "ob383", "world_size": [0.12, 0.005, 0.12], "id": 383, "camera_size": [51, 50], "camera_position": [246, 263], "world_position": [0.682757315617307, 0.7220550260215947, -0.17408444438040166], "world_orientation": [-2.045913058313474e-05, 0.01825187940440223, 0.9998334203654283, -0.0007637029971436082, -0.9998331292872632, 0.018251858463491373, 0.9999997081695355, -0.0007632023626220876, 3.4394731558448865e-05], "world_rotation": [0.0, 1.0, 0.0, 0.0]}, {"color": "CVPurple", "id_name": "object83032638368460", "shape": "CVSphere", "id_string": "ob1066", "world_size": [0.1, 0.1, 0.1], "id": 1066, "camera_size": [41, 41], "camera_position": [256, 254], "world_position": [0.705, 0.6498037994254439, -0.15], "world_orientation": [1.0, 8.100187187665134e-17, -1.2653630886983698e-17, -8.100187187665134e-17, 1.0, -1.9397816686250694e-16, 1.2653630886983698e-17, 1.9397816686250694e-16, 1.0], "world_rotation": [-0.9211093596285536, 0.06008602943210125, 0.38463907325148433, -2.1059189642881336e-16]}], "source": "action wait"}
{"timestamp": 1706069107.896794, "objects": [{"color": "cv_", "id_name": "hand", "shape": "CVCylinder", "id_string": "ob383", "world_size": [0.12, 0.005, 0.12], "id": 383, "camera_size": [51, 51], "camera_position": [246, 260], "world_position": [0.690371590775184, 0.718003407999969, -0.17408932901867474], "world_orientation": [-1.788974040186968e-05, 0.012366516153942344, 0.9999235315553743, -0.0007628335957574442, -0.9999232409488072, 0.012366498911938455, 0.9999997088823889, -0.0007625540296040144, 2.732196118744349e-05], "world_rotation": [0.0, 1.0, 0.0, 0.0]}, {"color": "CVPurple", "id_name": "object83032638368460", "shape": "CVSphere", "id_string": "ob1066", "world_size": [0.1, 0.1, 0.1], "id": 1066, "camera_size": [41, 41], "camera_position": [256, 254], "world_position": [0.705, 0.6498037994254439, -0.15], "world_orientation": [1.0, 8.100187187665134e-17, -1.2653630886983698e-17, -8.100187187665134e-17, 1.0, -1.9397816686250694e-16, 1.2653630886983698e-17, 1.9397816686250694e-16, 1.0], "world_rotation": [-0.9211093596285536, 0.06008602943210125, 0.38463907325148433, -2.1059189642881336e-16]}], "source": "action wait"}
{"timestamp": 1706069107.926974, "objects": [{"color": "cv_", "id_name": "hand", "shape": "CVCylinder", "id_string": "ob383", "world_size": [0.12, 0.005, 0.12], "id": 383, "camera_size": [50, 50], "camera_position": [245, 257], "world_position": [0.6957150443677238, 0.7150928523046329, -0.17409320062197128], "world_orientation": [-1.5395708665078775e-05, 0.00821823596225207, 0.999966229610101, -0.0007624233858438479, -0.99996593919014, 0.008218221836987323, 0.9999997092367342, -0.0007622711131600716, 2.166095956314471e-05], "world_rotation": [0.0, 1.0, 0.0, 0.0]}, {"color": "CVPurple", "id_name": "object83032638368460", "shape": "CVSphere", "id_string": "ob1066", "world_size": [0.1, 0.1, 0.1], "id": 1066, "camera_size": [41, 41], "camera_position": [256, 254], "world_position": [0.705, 0.6498037994254439, -0.15], "world_orientation": [1.0, 8.100187187665134e-17, -1.2653630886983698e-17, -8.100187187665134e-17, 1.0, -1.9397816686250694e-16, 1.2653630886983698e-17, 1.9397816686250694e-16, 1.0], "world_rotation": [-0.9211093596285536, 0.06008602943210125, 0.38463907325148433, -2.1059189642881336e-16]}], "source": "action wait"}
{"timestamp": 1706069107.954082, "objects": [{"color": "cv_", "id_name": "hand", "shape": "CVCylinder", "id_string": "ob383", "world_size": [0.12, 0.005, 0.12], "id": 383, "camera_size": [50, 50], "camera_position": [245, 256], "world_position": [0.6994685522827521, 0.7130180534233905, -0.17409621661763172], "world_orientation": [-1.3155345584126332e-05, 0.005294368106850119, 0.9999859846484281, -0.0007622894489773001, -0.999985694249479, 0.005294356541028318, 0.9999997093708242, -0.0007622091161330998, 1.7190998334254613e-05], "world_rotation": [0.0, 1.0, 0.0, 0.0]}, {"color": "CVPurple", "id_name": "object83032638368460", "shape": "CVSphere", "id_string": "ob1066", "world_size": [0.1, 0.1, 0.1], "id": 1066, "camera_size": [41, 41], "camera_position": [256, 254], "world_position": [0.705, 0.6498037994254439, -0.15], "world_orientation": [1.0, 8.100187187665134e-17, -1.2653630886983698e-17, -8.100187187665134e-17, 1.0, -1.9397816686250694e-16, 1.2653630886983698e-17, 1.9397816686250694e-16, 1.0], "world_rotation": [-0.9211093596285536, 0.06008602943210125, 0.38463907325148433, -2.1059189642881336e-16]}], "source": "action wait"}
{"timestamp": 1706069107.9817, "objects": [{"color": "cv_", "id_name": "hand", "shape": "CVCylinder", "id_string": "ob383", "world_size": [0.12, 0.005, 0.12], "id": 383, "camera_size": [49, 50], "camera_position": [246, 255], "world_position": [0.7021072821185492, 0.7115465382342887, -0.1740985370764523], "world_orientation": [-1.124849313984593e-05, 0.0032334912465579457, 0.99999477219025, -0.0007623067525841849, -0.9999944817269247, 0.0032334817324956746, 0.9999997093809011, -0.0007622663955927881, 1.3713343279627405e-05], "world_rotation": [0.0, 1.0, 0.0, 0.0]}, {"color": "CVPurple", "id_name": "object83032638368460", "shape": "CVSphere", "id_string": "ob1066", "world_size": [0.1, 0.1, 0.1], "id": 1066, "camera_size": [41, 41], "camera_position": [256, 254], "world_position": [0.705, 0.6498037994254439, -0.15], "world_orientation": [1.0, 8.100187187665134e-17, -1.2653630886983698e-17, -8.100187187665134e-17, 1.0, -1.9397816686250694e-16, 1.2653630886983698e-17, 1.9397816686250694e-16, 1.0], "world_rotation": [-0.9211093596285536, 0.06008602943210125, 0.38463907325148433, -2.1059189642881336e-16]}], "source": "action wait"}
{"timestamp": 1706069108.014133, "objects": [{"color": "cv_", "id_name": "hand", "shape": "CVCylinder", "id_string": "ob383", "world_size": [0.12, 0.005, 0.12], "id": 383, "camera_size": [49, 50], "camera_position": [246, 254], "world_position": [0.7039634787186295, 0.7105063921588968, -0.17410030599427342], "world_orientation": [-9.678232562841986e-06, 0.0017808589226159222, 0.9999984142226575, -0.000762396268473308, -0.9999981236590154, 0.0017808510265025113, 0.9999997093290885, -0.0007623778239925524, 1.1035934600822792e-05], "world_rotation": [0.0, 1.0, 0.0, 0.0]}, {"color": "CVPurple", "id_name": "object83032638368460", "shape": "CVSphere", "id_string": "ob1066", "world_size": [0.1, 0.1, 0.1], "id": 1066, "camera_size": [41, 41], "camera_position": [256, 254], "world_position": [0.705, 0.6498037994254439, -0.15], "world_orientation": [1.0, 8.100187187665134e-17, -1.2653630886983698e-17, -8.100187187665134e-17, 1.0, -1.9397816686250694e-16, 1.2653630886983698e-17, 1.9397816686250694e-16, 1.0], "world_rotation": [-0.9211093596285536, 0.06008602943210125, 0.38463907325148433, -2.1059189642881336e-16]}], "source": "action wait"}
{"timestamp": 1706069108.045269, "objects": [{"color": "cv_", "id_name": "hand", "shape": "CVCylinder", "id_string": "ob383", "world_size": [0.12, 0.005, 0.12], "id": 383, "camera_size": [49, 50], "camera_position": [246, 253], "world_position": [0.7052698491166972, 0.709772772918509, -0.174101644967168], "world_orientation": [-8.415056914318034e-06, 0.0007569277589815032, 0.9999997134947364, -0.0007625115464076504, -0.9999994228231116, 0.0007569211223845041, 0.9999997092526219, -0.0007625049584101302, 8.992218213726473e-06], "world_rotation": [0.0, 1.0, 0.0, 0.0]}, {"color": "CVPurple", "id_name": "object83032638368460", "shape": "CVSphere", "id_string": "ob1066", "world_size": [0.1, 0.1, 0.1], "id": 1066, "camera_size": [41, 41], "camera_position": [256, 254], "world_position": [0.705, 0.6498037994254439, -0.15], "world_orientation": [1.0, 8.100187187665134e-17, -1.2653630886983698e-17, -8.100187187665134e-17, 1.0, -1.9397816686250694e-16, 1.2653630886983698e-17, 1.9397816686250694e-16, 1.0], "world_rotation": [-0.9211093596285536, 0.06008602943210125, 0.38463907325148433, -2.1059189642881336e-16]}], "source": "action wait"}
{"timestamp": 1706069108.079101, "objects": [{"color": "cv_", "id_name": "hand", "shape": "CVCylinder", "id_string": "ob383", "world_size": [0.12, 0.005, 0.12], "id": 383, "camera_size": [49, 50], "camera_position": [246, 253], "world_position": [0.7061896127308831, 0.7092560743400307, -0.17410265287196744], "world_orientation": [-7.416427447185064e-06, 3.515940716322089e-05, 0.9999999993544064, -0.0007626274091831994, -0.9999997085817822, 3.515374096931694e-05, 0.9999997091721735, -0.0007626271479760667, 7.443238813860859e-06], "world_rotation": [0.0, 1.0, 0.0, 0.0]}, {"color": "CVPurple", "id_name": "object83032638368460", "shape": "CVSphere", "id_string": "ob1066", "world_size": [0.1, 0.1, 0.1], "id": 1066, "camera_size": [41, 41], "camera_position": [256, 254], "world_position": [0.705, 0.6498037994254439, -0.15], "world_orientation": [1.0, 8.100187187665134e-17, -1.2653630886983698e-17, -8.100187187665134e-17, 1.0, -1.9397816686250694e-16, 1.2653630886983698e-17, 1.9397816686250694e-16, 1.0], "world_rotation": [-0.9211093596285536, 0.06008602943210125, 0.38463907325148433, -2.1059189642881336e-16]}], "source": "action wait"}
{"timestamp": 1706069108.115341, "objects": [{"color": "cv_", "id_name": "hand", "shape": "CVCylinder", "id_string": "ob383", "world_size": [0.12, 0.005, 0.12], "id": 383, "camera_size": [49, 50], "camera_position": [246, 253], "world_position": [0.7068373790760252, 0.7088924709936176, -0.17410340816377912], "world_orientation": [-6.637299731717237e-06, -0.00047362852111272326, 0.9999998878159788, -0.0007627317441407216, -0.9999995969557415, -0.00047363344583241027, 0.9999997090980741, -0.0007627348022219384, 6.2760455489728844e-06], "world_rotation": [0.0, 1.0, 0.0, 0.0]}, {"color": "CVPurple", "id_name": "object83032638368460", "shape": "CVSphere", "id_string": "ob1066", "world_size": [0.1, 0.1, 0.1], "id": 1066, "camera_size": [41, 41], "camera_position": [256, 254], "world_position": [0.705, 0.6498037994254439, -0.15], "world_orientation": [1.0, 8.100187187665134e-17, -1.2653630886983698e-17, -8.100187187665134e-17, 1.0, -1.9397816686250694e-16, 1.2653630886983698e-17, 1.9397816686250694e-16, 1.0], "world_rotation": [-0.9211093596285536, 0.06008602943210125, 0.38463907325148433, -2.1059189642881336e-16]}], "source": "action wait"}
{"timestamp": 1706069108.150446, "objects": [{"color": "cv_", "id_name": "hand", "shape": "CVCylinder", "id_string": "ob383", "world_size": [0.12, 0.005, 0.12], "id": 383, "camera_size": [49, 49], "camera_position": [246, 253], "world_position": [0.7072936952724516, 0.7086367292487082, -0.17410397205255165], "world_orientation": [-6.035583760467263e-06, -0.0008322919836473719, 0.999999653626753, -0.0007628199977284738, -0.999999362694019, -0.0008322963455715449, 0.999999709034569, -0.0007628247569027302, 5.400690945242456e-06], "world_rotation": [0.0, 1.0, 0.0, 0.0]}, {"color": "CVPurple", "id_name": "object83032638368460", "shape": "CVSphere", "id_string": "ob1066", "world_size": [0.1, 0.1, 0.1], "id": 1066, "camera_size": [41, 41], "camera_position": [256, 254], "world_position": [0.705, 0.6498037994254439, -0.15], "world_orientation": [1.0, 8.100187187665134e-17, -1.2653630886983698e-17, -8.100187187665134e-17, 1.0, -1.9397816686250694e-16, 1.2653630886983698e-17, 1.9397816686250694e-16, 1.0], "world_rotation": [-0.9211093596285536, 0.06008602943210125, 0.38463907325148433, -2.1059189642881336e-16]}], "source": "action wait"}
{"timestamp": 1706069108.182451, "objects": [{"color": "cv_", "id_name": "hand", "shape": "CVCylinder", "id_string": "ob383", "world_size": [0.12, 0.005, 0.12], "id": 383, "camera_size": [49, 50], "camera_position": [246, 252], "world_position": [0.7076152080591508, 0.7084568976064896, -0.17410439171808167], "world_orientation": [-5.574686175209862e-06, -0.0010851333609069238, 0.9999994112270827, -0.00076289168758044, -0.9999991202362718, -0.0010851372980267724, 0.9999997089825556, -0.0007628972877107553, 4.7468420502150395e-06], "world_rotation": [0.0, 1.0, 0.0, 0.0]}, {"color": "CVPurple", "id_name": "object83032638368460", "shape": "CVSphere", "id_string": "ob1066", "world_size": [0.1, 0.1, 0.1], "id": 1066, "camera_size": [41, 41], "camera_position": [256, 254], "world_position": [0.705, 0.6498037994254439, -0.15], "world_orientation": [1.0, 8.100187187665134e-17, -1.2653630886983698e-17, -8.100187187665134e-17, 1.0, -1.9397816686250694e-16, 1.2653630886983698e-17, 1.9397816686250694e-16, 1.0], "world_rotation": [-0.9211093596285536, 0.06008602943210125, 0.38463907325148433, -2.1059189642881336e-16]}], "source": "action wait"}
{"timestamp": 1706069109.24681, "objects": [{"color": "cv_", "id_name": "hand", "shape": "CVCylinder", "id_string": "ob383", "world_size": [0.12, 0.005, 0.12], "id": 383, "camera_size": [49, 50], "camera_position": [246, 252], "world_position": [0.7083830372621764, 0.7080306609518033, -0.17410557555650394], "world_orientation": [-4.182481817125401e-06, -0.0016893713540097964, 0.9999985730024494, -0.0007631195444599429, -0.9999982818304576, -0.001689374053849286, 0.9999997088154915, -0.0007631255212668487, 2.893282333180547e-06], "world_rotation": [0.0, 1.0, 0.0, 0.0]}, {"color": "CVPurple", "id_name": "object83032638368460", "shape": "CVSphere", "id_string": "ob1066", "world_size": [0.1, 0.1, 0.1], "id": 1066, "camera_size": [41, 41], "camera_position": [256, 254], "world_position": [0.705, 0.6498037994254439, -0.15], "world_orientation": [1.0, 8.100187187665134e-17, -1.2653630886983698e-17, -8.100187187665134e-17, 1.0, -1.9397816686250694e-16, 1.2653630886983698e-17, 1.9397816686250694e-16, 1.0], "world_rotation": [-0.9211093596285536, 0.06008602943210125, 0.38463907325148433, -2.1059189642881336e-16]}], "source": "action wait"}
{"timestamp": 1706069109.281526, "objects": [{"color": "cv_", "id_name": "hand", "shape": "CVCylinder", "id_string": "ob383", "world_size": [0.12, 0.005, 0.12], "id": 383, "camera_size": [51, 50], "camera_position": [246, 251], "world_position": [0.7110137374416181, 0.7301054881090439, -0.17409372914771531], "world_orientation": [1.6527179758455987e-05, 0.030592416064082875, 0.999531942364132, -0.0007432705915321129, -0.9995316660285046, 0.03059241989626913, 0.9999997236378019, -0.0007434283044794656, 6.219003665957069e-06], "world_rotation": [0.0, 1.0, 0.0, 0.0]}, {"color": "CVPurple", "id_name": "object83032638368460", "shape": "CVSphere", "id_string": "ob1066", "world_size": [0.1, 0.1, 0.1], "id": 1066, "camera_size": [42, 44], "camera_position": [252, 251], "world_position": [0.7104363230906451, 0.6748083101161788, -0.15866241644615542], "world_orientation": [0.9994891605559559, -0.03195962946293889, -3.967643944776937e-06, 0.03195962957237591, 0.9994891600626259, 3.1542084018430624e-05, 2.957543796074675e-06, -3.165277550851681e-05, 0.9999999994946775], "world_rotation": [0.000988666471178311, 0.00010834268763704594, -0.9999995054001132, -0.03196508852495484]}], "source": "action wait"}
{"timestamp": 1706069109.310577, "objects": [{"color": "cv_", "id_name": "hand", "shape": "CVCylinder", "id_string": "ob383", "world_size": [0.12, 0.005, 0.12], "id": 383, "camera_size": [52, 52], "camera_position": [245, 249], "world_position": [0.7147293167844971, 0.7829077636804493, -0.17410822782781266], "world_orientation": [7.616483681273031e-05, 0.10658141543621842, 0.9943039756948223, -0.0007258120299505656, -0.9943037107856305, 0.1065814426381196, 0.999999733697872, -0.0007297955451730844, 1.6270936189026637e-06], "world_rotation": [0.0, 1.0, 0.0, 0.0]}, {"color": "CVPurple", "id_name": "object83032638368460", "shape": "CVSphere", "id_string": "ob1066", "world_size": [0.1, 0.1, 0.1], "id": 1066, "camera_size": [44, 48], "camera_position": [249, 247], "world_position": [0.7187303001470476, 0.729561553227589, -0.16423097217259783], "world_orientation": [0.9941794386974472, -0.10773691872673184, -3.8076843103819204e-06, 0.10773691877716755, 0.9941794372959599, 5.282320133601698e-05, -1.9054875041280726e-06, -5.292596882972032e-05, 0.9999999985976055], "world_rotation": [0.0004907749295750483, 8.82797001776931e-06, -0.9999998795310104, -0.10794644947219477]}], "source": "action wait"}
{"timestamp": 1706069109.334484, "objects": [{"color": "cv_", "id_name": "hand", "shape": "CVCylinder", "id_string": "ob383", "world_size": [0.12, 0.005, 0.12], "id": 383, "camera_size": [56, 55], "camera_position": [244, 250], "world_position": [0.7134292847866556, 0.8529642593903768, -0.1741134368912861], "world_orientation": [0.00015100140228032342, 0.2057417272560751, 0.9786063145434242, -0.0007192756882396284, -0.9786060502095794, 0.205741782668691, 0.9999997299204939, -0.0007349550280997634, 2.141366104858701e-07], "world_rotation": [0.0, 1.0, 0.0, 0.0]}, {"color": "CVPurple", "id_name": "object83032638368460", "shape": "CVSphere", "id_string": "ob1066", "world_size": [0.1, 0.1, 0.1], "id": 1066, "camera_size": [46, 54], "camera_position": [247, 245], "world_position": [0.7229299134743231, 0.8013541285219588, -0.1677912017536116], "world_orientation": [0.9783937709518185, -0.20675016059556608, -7.509212486996952e-06, 0.20675016070310057, 0.9783937695634597, 5.223644473636416e-05, -3.452926626578765e-06, -5.266034303516796e-05, 0.9999999986074828], "world_rotation": [0.00025368005534263623, 9.809631385449325e-06, -0.9999999677750998, -0.2082521871526691]}], "source": "action wait"}
{"timestamp": 1706069109.365097, "objects": [{"color": "cv_", "id_name": "hand", "shape": "CVCylinder", "id_string": "ob383", "world_size": [0.12, 0.005, 0.12], "id": 383, "camera_size": [59, 57], "camera_position": [244, 254], "world_position": [0.7046615035137888, 0.9225470695280682, -0.17411468918234846], "world_orientation": [0.00022605263878934347, 0.3028605640463585, 0.953034851223042, -0.0007089075037802632, -0.9530345875656447, 0.3028606484073699, 0.9999997231751396, -0.0007440760061542956, -7.358569246910354e-07], "world_rotation": [0.0, 1.0, 0.0, 0.0]}, {"color": "CVPurple", "id_name": "object83032638368460", "shape": "CVSphere", "id_string": "ob1066", "world_size": [0.1, 0.1, 0.1], "id": 1066, "camera_size": [49, 62], "camera_position": [246, 246], "world_position": [0.719399990622807, 0.8728346030067453, -0.17006778001475575], "world_orientation": [0.9527478372488498, -0.3037623388749391, -9.94312901795792e-06, 0.3037623390051588, 0.9527478361575029, 4.5818237920065526e-05, -4.44456045723323e-06, -4.667357521242064e-05, 0.9999999989009116], "world_rotation": [0.0001522437119419497, 9.05077389771707e-06, -0.9999999883699677, -0.3086391198124569]}], "source": "action wait"}
{"timestamp": 1706069109.400919, "objects": [{"color": "cv_", "id_name": "hand", "shape": "CVCylinder", "id_string": "ob383", "world_size": [0.12, 0.005, 0.12], "id": 383, "camera_size": [62, 59], "camera_position": [243, 262], "world_position": [0.6886922143575447, 0.9908215108917633, -0.17411508432477307], "world_orientation": [0.00029985123431144396, 0.3969188209809121, 0.9178536700587735, -0.0006878464974068523, -0.9178534123226852, 0.39691893423569374, 0.9999997184781771, -0.0007503590644342976, -2.200257834869726e-06], "world_rotation": [0.0, 1.0, 0.0, 0.0]}, {"color": "CVPurple", "id_name": "object83032638368460", "shape": "CVSphere", "id_string": "ob1066", "world_size": [0.1, 0.1, 0.1], "id": 1066, "camera_size": [52, 68], "camera_position": [244, 251], "world_position": [0.7084118675747061, 0.9432759585041743, -0.1715242900846969], "world_orientation": [0.9174991258020007, -0.39773779556599825, -1.143961780609026e-05, 0.39773779568658946, 0.9174991248937632, 4.124986696590167e-05, -5.910791828201497e-06, -4.239668525035499e-05, 0.999999999083792], "world_rotation": [0.00010515288296914017, 6.9503401587506156e-06, -0.999999994447282, -0.40904990667398594]}], "source": "action wait"}
{"timestamp": 1706069109.432846, "objects": [{"color": "cv_", "id_name": "hand", "shape": "CVCylinder", "id_string": "ob383", "world_size": [0.12, 0.005, 0.12], "id": 383, "camera_size": [66, 59], "camera_position": [242, 275], "world_position": [0.6657858585122015, 1.0571006340177223, -0.17411530576962103], "world_orientation": [0.00037118643055999013, 0.48697098901880387, 0.8734180660340625, -0.0006573764017756286, -0.8734178186570131, 0.4869711304673937, 0.9999997150384097, -0.0007549215011993953, -4.077605963990903e-06], "world_rotation": [0.0, 1.0, 0.0, 0.0]}, {"color": "CVPurple", "id_name": "object83032638368460", "shape": "CVSphere", "id_string": "ob1066", "world_size": [0.1, 0.1, 0.1], "id": 1066, "camera_size": [55, 75], "camera_position": [244, 261], "world_position": [0.6902187102853683, 1.0120528539953635, -0.1724563777341193], "world_orientation": [0.8730000291071303, -0.4877201544203802, -1.2292702989776954e-05, 0.4877201545133537, 0.8730000283172685, 3.7940993866834384e-05, -7.773057329424114e-06, -3.911788775166064e-05, 0.9999999992046854], "world_rotation": [7.899907423494245e-05, 4.633441538971853e-06, -0.9999999968688386, -0.5094763370366635]}], "source": "action wait"}
{"timestamp": 1706069109.468759, "objects": [{"color": "cv_", "id_name": "hand", "shape": "CVCylinder", "id_string": "ob383", "world_size": [0.12, 0.005, 0.12], "id": 383, "camera_size": [71, 61], "camera_position": [242, 290], "world_position": [0.6419187511352306, 1.1084488551179377, -0.17411450248416], "world_orientation": [0.0004330580064675162, 0.5559725602392679, 0.8312005321953041, -0.0006365124569261239, -0.8312002885048514, 0.5559727288647746, 0.9999997036562838, -0.0007698379345585091, -6.074479613212665e-06], "world_rotation": [0.0, 1.0, 0.0, 0.0]}, {"color": "CVPurple", "id_name": "object83032638368460", "shape": "CVSphere", "id_string": "ob1066", "world_size": [0.1, 0.1, 0.1], "id": 1066, "camera_size": [58, 80], "camera_position": [242, 273], "world_position": [0.6698948036250754, 1.065818438380946, -0.1730525230279517], "world_orientation": [0.8307356263551513, -0.5566671528572527, -5.840794247524574e-06, 0.5566671528027466, 0.8307356259988335, 2.6207057364742488e-05, -9.736452142450189e-06, -2.502251451870089e-05, 0.9999999996395377], "world_rotation": [-4.601454528837592e-05, 3.4990908579504818e-06, 0.999999998935209, 0.5903684598565287]}], "source": "action wait"}
{"timestamp": 1706069109.502107, "objects": [{"color": "cv_", "id_name": "hand", "shape": "CVCylinder", "id_string": "ob383", "world_size": [0.12, 0.005, 0.12], "id": 383, "camera_size": [73, 61], "camera_position": [241, 303], "world_position": [0.6222035490640513, 1.1431641216004023, -0.17411530352534468], "world_orientation": [0.00047638636336039204, 0.602494630133714, 0.798122793632704, -0.0006150069234077026, -0.7981225567393692, 0.602494818392903, 0.9999996974112128, -0.000777871359291345, -9.676333472246351e-06], "world_rotation": [0.0, 1.0, 0.0, 0.0]}, {"color": "CVPurple", "id_name": "object83032638368460", "shape": "CVSphere", "id_string": "ob1066", "world_size": [0.1, 0.1, 0.1], "id": 1066, "camera_size": [60, 84], "camera_position": [241, 284], "world_position": [0.6525107831155189, 1.102484969524728, -0.17343526382392296], "world_orientation": [0.7976275585456404, -0.6031502945771628, 5.401065279803626e-08, 0.6031502944302976, 0.7976275583533905, 2.199669019762299e-05, -1.331039055753526e-05, -1.751258975727734e-05, 0.9999999997580715], "world_rotation": [-3.275243359019868e-05, 1.1078831697612911e-05, 0.9999999994022688, 0.6474448199102101]}], "source": "action wait"}
{"timestamp": 1706069109.534657, "objects": [{"color": "cv_", "id_name": "hand", "shape": "CVCylinder", "id_string": "ob383", "world_size": [0.12, 0.005, 0.12], "id": 383, "camera_size": [75, 62], "camera_position": [241, 312], "world_position": [0.6069709955067214, 1.1668029968395337, -0.17411685018924175], "world_orientation": [0.0005053431540298623, 0.6341357834036334, 0.7732215418852199, -0.0005950836021201333, -0.7732213130080172, 0.6341359846166, 0.9999996952518552, -0.0007805877389319768, -1.3378290856965023e-05], "world_rotation": [0.0, 1.0, 0.0, 0.0]}, {"color": "CVPurple", "id_name": "object83032638368460", "shape": "CVSphere", "id_string": "ob1066", "world_size": [0.1, 0.1, 0.1], "id": 1066, "camera_size": [62, 87], "camera_position": [241, 294], "world_position": [0.6388323728376195, 1.127606210300114, -0.17368111388117102], "world_orientation": [0.772706074042113, -0.6347639900986731, 3.5265184272497325e-06, 0.6347639898810149, 0.7727060739020325, 2.2477583264829743e-05, -1.69929226494218e-05, -1.5130058211251334e-05, 0.9999999997411609], "world_rotation": [-2.9623326187162303e-05, 1.616304751732704e-05, 0.9999999994306071, 0.687703049072701]}], "source": "action wait"}
