{"timestamp": 1706200740.80665, "objects": [{"color": "cv_", "id_name": "hand", "shape": "CVCylinder", "id_string": "ob382", "world_size": [0.12, 0.005, 0.12], "id": 382, "camera_size": [48, 50], "camera_position": [246, 426], "world_position": [0.2676445155400115, 0.6334703013849832, -0.17389260400847797], "world_orientation": [-0.0006415509352574169, 0.19791547486691924, 0.98021888026124, -0.0007473674815177016, -0.9802189031248655, 0.19791499033305562, 0.9999995149270049, -0.0006056111687275978, 0.0007767759440618558], "world_rotation": [0.0, 1.0, 0.0, 0.0]}, {"color": "CVBlue", "id_name": "object178867270172395", "shape": "CVCylinder", "id_string": "ob442", "world_size": [0.09, 0.09, 0.09], "id": 442, "camera_size": [37, 37], "camera_position": [256, 254], "world_position": [0.705, 0.6448569618279929, -0.15], "world_orientation": [1.0, -3.248937977869676e-17, -1.2465442788089477e-17, 3.248937977869676e-17, 1.0, -5.775889738434994e-17, 1.2465442788089477e-17, 5.775889738434994e-17, 1.0], "world_rotation": [-0.8565537801950899, 0.18486021419163617, -0.4818115013597369, -6.743172316768561e-17]}], "source": "manual check"}
{"timestamp": 1706200741.829937, "objects": [{"color": "cv_", "id_name": "hand", "shape": "CVCylinder", "id_string": "ob382", "world_size": [0.12, 0.005, 0.12], "id": 382, "camera_size": [48, 50], "camera_position": [246, 426], "world_position": [0.2676445155400115, 0.6334703013849832, -0.17389260400847797], "world_orientation": [-0.0006415509352574169, 0.19791547486691924, 0.98021888026124, -0.0007473674815177016, -0.9802189031248655, 0.19791499033305562, 0.9999995149270049, -0.0006056111687275978, 0.0007767759440618558], "world_rotation": [0.0, 1.0, 0.0, 0.0]}, {"color": "CVBlue", "id_name": "object178867270172395", "shape": "CVCylinder", "id_string": "ob442", "world_size": [0.09, 0.09, 0.09], "id": 442, "camera_size": [37, 37], "camera_position": [256, 254], "world_position": [0.705, 0.6448569696296074, -0.15], "world_orientation": [1.0, -4.331917303826236e-17, -1.1712398707441946e-17, 4.331917303826236e-17, 1.0, -5.775889738434995e-17, 1.1712398707441946e-17, 5.775889738434995e-17, 1.0], "world_rotation": [-0.7896765794068324, 0.16013129347666225, -0.5922574345551229, -7.314247236221149e-17]}], "source": "manual check"}
{"timestamp": 1706200743.337171, "objects": [{"color": "cv_", "id_name": "hand", "shape": "CVCylinder", "id_string": "ob382", "world_size": [0.12, 0.005, 0.12], "id": 382, "camera_size": [48, 50], "camera_position": [246, 426], "world_position": [0.2676445155400115, 0.6334703013849832, -0.17389260400847797], "world_orientation": [-0.0006415509352574169, 0.19791547486691924, 0.98021888026124, -0.0007473674815177016, -0.9802189031248655, 0.19791499033305562, 0.9999995149270049, -0.0006056111687275978, 0.0007767759440618558], "world_rotation": [0.0, 1.0, 0.0, 0.0]}, {"color": "CVBlue", "id_name": "object178867270172395", "shape": "CVCylinder", "id_string": "ob442", "world_size": [0.09, 0.09, 0.09], "id": 442, "camera_size": [37, 37], "camera_position": [256, 254], "world_position": [0.705, 0.6448569696296074, -0.15], "world_orientation": [1.0, -4.331917303826236e-17, -1.1712398707441946e-17, 4.331917303826236e-17, 1.0, -5.775889738434995e-17, 1.1712398707441946e-17, 5.775889738434995e-17, 1.0], "world_rotation": [-0.7896765794068324, 0.16013129347666225, -0.5922574345551229, -7.314247236221149e-17]}], "source": "action wait"}
{"timestamp": 1706200743.375825, "objects": [{"color": "cv_", "id_name": "hand", "shape": "CVCylinder", "id_string": "ob382", "world_size": [0.12, 0.005, 0.12], "id": 382, "camera_size": [49, 51], "camera_position": [246, 421], "world_position": [0.29129394276648934, 0.6679468402032999, -0.1739560173655866], "world_orientation": [-0.00038146343564179257, 0.19987402816040983, 0.9798215283165497, -0.000714740727291538, -0.9798214038276474, 0.19987372450352647, 0.9999996718156162, -0.0006240738341215188, 0.0005166241472739488], "world_rotation": [0.0, 1.0, 0.0, 0.0]}, {"color": "CVBlue", "id_name": "object178867270172395", "shape": "CVCylinder", "id_string": "ob442", "world_size": [0.09, 0.09, 0.09], "id": 442, "camera_size": [37, 37], "camera_position": [256, 254], "world_position": [0.705, 0.6448569696296074, -0.15], "world_orientation": [1.0, -4.331917303826236e-17, -1.1712398707441946e-17, 4.331917303826236e-17, 1.0, -5.775889738434995e-17, 1.1712398707441946e-17, 5.775889738434995e-17, 1.0], "world_rotation": [-0.7896765794068324, 0.16013129347666225, -0.5922574345551229, -7.314247236221149e-17]}], "source": "action wait"}
{"timestamp": 1706200743.410595, "objects": [{"color": "cv_", "id_name": "hand", "shape": "CVCylinder", "id_string": "ob382", "world_size": [0.12, 0.005, 0.12], "id": 382, "camera_size": [51, 52], "camera_position": [246, 406], "world_position": [0.33746661151029045, 0.7061430420080967, -0.17398381982407882], "world_orientation": [-0.00022085226155553359, 0.18955677281230485, 0.9818697373405817, -0.0007309389351926002, -0.9818695295936704, 0.18955656829500167, 0.9999997084762334, -0.0006758228235091955, 0.0003554025318416283], "world_rotation": [0.0, 1.0, 0.0, 0.0]}, {"color": "CVBlue", "id_name": "object178867270172395", "shape": "CVCylinder", "id_string": "ob442", "world_size": [0.09, 0.09, 0.09], "id": 442, "camera_size": [37, 37], "camera_position": [256, 254], "world_position": [0.705, 0.6448569696296074, -0.15], "world_orientation": [1.0, -4.331917303826236e-17, -1.1712398707441946e-17, 4.331917303826236e-17, 1.0, -5.775889738434995e-17, 1.1712398707441946e-17, 5.775889738434995e-17, 1.0], "world_rotation": [-0.7896765794068324, 0.16013129347666225, -0.5922574345551229, -7.314247236221149e-17]}], "source": "action wait"}
{"timestamp": 1706200743.442615, "objects": [{"color": "cv_", "id_name": "hand", "shape": "CVCylinder", "id_string": "ob382", "world_size": [0.12, 0.005, 0.12], "id": 382, "camera_size": [51, 53], "camera_position": [246, 388], "world_position": [0.3881286106054697, 0.739475168383987, -0.17400436080403664], "world_orientation": [-0.00011659169967002959, 0.18219959575426112, 0.9832615591557313, -0.0007420848258970791, -0.9832613108667122, 0.18219946175218554, 0.9999997178582036, -0.0007084205380130138, 0.000249847662747975], "world_rotation": [0.0, 1.0, 0.0, 0.0]}, {"color": "CVBlue", "id_name": "object178867270172395", "shape": "CVCylinder", "id_string": "ob442", "world_size": [0.09, 0.09, 0.09], "id": 442, "camera_size": [37, 37], "camera_position": [256, 254], "world_position": [0.705, 0.6448569696296074, -0.15], "world_orientation": [1.0, -4.331917303826236e-17, -1.1712398707441946e-17, 4.331917303826236e-17, 1.0, -5.775889738434995e-17, 1.1712398707441946e-17, 5.775889738434995e-17, 1.0], "world_rotation": [-0.7896765794068324, 0.16013129347666225, -0.5922574345551229, -7.314247236221149e-17]}], "source": "action wait"}
{"timestamp": 1706200743.471107, "objects": [{"color": "cv_", "id_name": "hand", "shape": "CVCylinder", "id_string": "ob382", "world_size": [0.12, 0.005, 0.12], "id": 382, "camera_size": [52, 54], "camera_position": [245, 367], "world_position": [0.4423168904665504, 0.7675335873506636, -0.174022901705612], "world_orientation": [-4.320500834848374e-05, 0.17700243082367653, 0.9842104132835808, -0.0007494134780028793, -0.9842101435567966, 0.17700234941759654, 0.9999997182563436, -0.0007299331609215029, 0.00017517081476799227], "world_rotation": [0.0, 1.0, 0.0, 0.0]}, {"color": "CVBlue", "id_name": "object178867270172395", "shape": "CVCylinder", "id_string": "ob442", "world_size": [0.09, 0.09, 0.09], "id": 442, "camera_size": [37, 37], "camera_position": [256, 254], "world_position": [0.705, 0.6448569696296074, -0.15], "world_orientation": [1.0, -4.331917303826236e-17, -1.1712398707441946e-17, 4.331917303826236e-17, 1.0, -5.775889738434995e-17, 1.1712398707441946e-17, 5.775889738434995e-17, 1.0], "world_rotation": [-0.7896765794068324, 0.16013129347666225, -0.5922574345551229, -7.314247236221149e-17]}], "source": "action wait"}
{"timestamp": 1706200743.503438, "objects": [{"color": "cv_", "id_name": "hand", "shape": "CVCylinder", "id_string": "ob382", "world_size": [0.12, 0.005, 0.12], "id": 382, "camera_size": [52, 54], "camera_position": [245, 343], "world_position": [0.499684589627939, 0.7792147399925553, -0.1740379580613201], "world_orientation": [-2.1798428356952437e-06, 0.1579092679369714, 0.9874536257945777, -0.0007646953501522898, -0.9874533373489164, 0.15790922012190722, 0.9999997076180922, -0.0007547569788542647, 0.0001229049760207747], "world_rotation": [0.0, 1.0, 0.0, 0.0]}, {"color": "CVBlue", "id_name": "object178867270172395", "shape": "CVCylinder", "id_string": "ob442", "world_size": [0.09, 0.09, 0.09], "id": 442, "camera_size": [37, 37], "camera_position": [256, 254], "world_position": [0.705, 0.6448569696296074, -0.15], "world_orientation": [1.0, -4.331917303826236e-17, -1.1712398707441946e-17, 4.331917303826236e-17, 1.0, -5.775889738434995e-17, 1.1712398707441946e-17, 5.775889738434995e-17, 1.0], "world_rotation": [-0.7896765794068324, 0.16013129347666225, -0.5922574345551229, -7.314247236221149e-17]}], "source": "action wait"}
{"timestamp": 1706200743.536832, "objects": [{"color": "cv_", "id_name": "hand", "shape": "CVCylinder", "id_string": "ob382", "world_size": [0.12, 0.005, 0.12], "id": 382, "camera_size": [52, 52], "camera_position": [245, 317], "world_position": [0.558240064382679, 0.7684885755876446, -0.17404983014364991], "world_orientation": [2.0456407211413077e-06, 0.1166175746596993, 0.9931768932452592, -0.0007769252846597094, -0.9931765933147592, 0.11661754104246819, 0.9999996981914132, -0.0007718627980930894, 8.857145990664695e-05], "world_rotation": [0.0, 1.0, 0.0, 0.0]}, {"color": "CVBlue", "id_name": "object178867270172395", "shape": "CVCylinder", "id_string": "ob442", "world_size": [0.09, 0.09, 0.09], "id": 442, "camera_size": [37, 37], "camera_position": [256, 254], "world_position": [0.705, 0.6448569696296074, -0.15], "world_orientation": [1.0, -4.331917303826236e-17, -1.1712398707441946e-17, 4.331917303826236e-17, 1.0, -5.775889738434995e-17, 1.1712398707441946e-17, 5.775889738434995e-17, 1.0], "world_rotation": [-0.7896765794068324, 0.16013129347666225, -0.5922574345551229, -7.314247236221149e-17]}], "source": "action wait"}
{"timestamp": 1706200743.570978, "objects": [{"color": "cv_", "id_name": "hand", "shape": "CVCylinder", "id_string": "ob382", "world_size": [0.12, 0.005, 0.12], "id": 382, "camera_size": [52, 52], "camera_position": [245, 297], "world_position": [0.6032669296991665, 0.7533976346465769, -0.17405554630695336], "world_orientation": [-1.3555926752049427e-05, 0.08180046274996039, 0.9966487265381567, -0.0007749296261269563, -0.996648428237274, 0.08180042772654823, 0.9999996996501107, -0.0007712237444299041, 7.690009510696127e-05], "world_rotation": [0.0, 1.0, 0.0, 0.0]}, {"color": "CVBlue", "id_name": "object178867270172395", "shape": "CVCylinder", "id_string": "ob442", "world_size": [0.09, 0.09, 0.09], "id": 442, "camera_size": [37, 37], "camera_position": [256, 254], "world_position": [0.705, 0.6448569696296074, -0.15], "world_orientation": [1.0, -4.331917303826236e-17, -1.1712398707441946e-17, 4.331917303826236e-17, 1.0, -5.775889738434995e-17, 1.1712398707441946e-17, 5.775889738434995e-17, 1.0], "world_rotation": [-0.7896765794068324, 0.16013129347666225, -0.5922574345551229, -7.314247236221149e-17]}], "source": "action wait"}
{"timestamp": 1706200743.600857, "objects": [{"color": "cv_", "id_name": "hand", "shape": "CVCylinder", "id_string": "ob382", "world_size": [0.12, 0.005, 0.12], "id": 382, "camera_size": [51, 51], "camera_position": [246, 284], "world_position": [0.6347966213248909, 0.7403162131682814, -0.17406328573162064], "world_orientation": [-2.0689481550792383e-05, 0.0571913276746799, 0.9983632363076842, -0.0007709898575727542, -0.9983629407073843, 0.05719129476365864, 0.9999997025732482, -0.0007685446711292056, 6.47495452214429e-05], "world_rotation": [0.0, 1.0, 0.0, 0.0]}, {"color": "CVBlue", "id_name": "object178867270172395", "shape": "CVCylinder", "id_string": "ob442", "world_size": [0.09, 0.09, 0.09], "id": 442, "camera_size": [37, 37], "camera_position": [256, 254], "world_position": [0.705, 0.6448569696296074, -0.15], "world_orientation": [1.0, -4.331917303826236e-17, -1.1712398707441946e-17, 4.331917303826236e-17, 1.0, -5.775889738434995e-17, 1.1712398707441946e-17, 5.775889738434995e-17, 1.0], "world_rotation": [-0.7896765794068324, 0.16013129347666225, -0.5922574345551229, -7.314247236221149e-17]}], "source": "action wait"}
{"timestamp": 1706200743.634907, "objects": [{"color": "cv_", "id_name": "hand", "shape": "CVCylinder", "id_string": "ob382", "world_size": [0.12, 0.005, 0.12], "id": 382, "camera_size": [51, 51], "camera_position": [246, 274], "world_position": [0.6568237340099002, 0.72991430900093, -0.17407118642394437], "world_orientation": [-2.2639644720462318e-05, 0.039823371590905265, 0.9992067346463289, -0.0007675006973724475, -0.9992064412993067, 0.03982334250982605, 0.9999997052150196, -0.0007659902793346472, 5.318614430153424e-05], "world_rotation": [0.0, 1.0, 0.0, 0.0]}, {"color": "CVBlue", "id_name": "object178867270172395", "shape": "CVCylinder", "id_string": "ob442", "world_size": [0.09, 0.09, 0.09], "id": 442, "camera_size": [37, 37], "camera_position": [256, 254], "world_position": [0.705, 0.6448569696296074, -0.15], "world_orientation": [1.0, -4.331917303826236e-17, -1.1712398707441946e-17, 4.331917303826236e-17, 1.0, -5.775889738434995e-17, 1.1712398707441946e-17, 5.775889738434995e-17, 1.0], "world_rotation": [-0.7896765794068324, 0.16013129347666225, -0.5922574345551229, -7.314247236221149e-17]}], "source": "action wait"}
{"timestamp": 1706200743.667746, "objects": [{"color": "cv_", "id_name": "hand", "shape": "CVCylinder", "id_string": "ob382", "world_size": [0.12, 0.005, 0.12], "id": 382, "camera_size": [51, 50], "camera_position": [246, 267], "world_position": [0.6722178481544534, 0.7220189868434743, -0.17407829941080227], "world_orientation": [-2.1894688685450912e-05, 0.027574407370899962, 0.9996197534956811, -0.0007650309983051321, -0.9996194616721699, 0.027574382564491847, 0.9999997071240543, -0.0007641363654207402, 4.298163331623631e-05], "world_rotation": [0.0, 1.0, 0.0, 0.0]}, {"color": "CVBlue", "id_name": "object178867270172395", "shape": "CVCylinder", "id_string": "ob442", "world_size": [0.09, 0.09, 0.09], "id": 442, "camera_size": [37, 37], "camera_position": [256, 254], "world_position": [0.705, 0.6448569696296074, -0.15], "world_orientation": [1.0, -4.331917303826236e-17, -1.1712398707441946e-17, 4.331917303826236e-17, 1.0, -5.775889738434995e-17, 1.1712398707441946e-17, 5.775889738434995e-17, 1.0], "world_rotation": [-0.7896765794068324, 0.16013129347666225, -0.5922574345551229, -7.314247236221149e-17]}], "source": "action wait"}
{"timestamp": 1706200743.69817, "objects": [{"color": "cv_", "id_name": "hand", "shape": "CVCylinder", "id_string": "ob382", "world_size": [0.12, 0.005, 0.12], "id": 382, "camera_size": [50, 50], "camera_position": [245, 263], "world_position": [0.6829895513974769, 0.7161893403634463, -0.17408430342828163], "world_orientation": [-1.990544063977031e-05, 0.01893857944764832, 0.9998206488227169, -0.0007635036988976293, -0.9998203578919045, 0.018938558736240195, 0.9999997083328952, -0.0007629897832539964, 3.436154024496835e-05], "world_rotation": [0.0, 1.0, 0.0, 0.0]}, {"color": "CVBlue", "id_name": "object178867270172395", "shape": "CVCylinder", "id_string": "ob442", "world_size": [0.09, 0.09, 0.09], "id": 442, "camera_size": [37, 37], "camera_position": [256, 254], "world_position": [0.705, 0.6448569696296074, -0.15], "world_orientation": [1.0, -4.331917303826236e-17, -1.1712398707441946e-17, 4.331917303826236e-17, 1.0, -5.775889738434995e-17, 1.1712398707441946e-17, 5.775889738434995e-17, 1.0], "world_rotation": [-0.7896765794068324, 0.16013129347666225, -0.5922574345551229, -7.314247236221149e-17]}], "source": "action wait"}
{"timestamp": 1706200743.727679, "objects": [{"color": "cv_", "id_name": "hand", "shape": "CVCylinder", "id_string": "ob382", "world_size": [0.12, 0.005, 0.12], "id": 382, "camera_size": [50, 50], "camera_position": [245, 259], "world_position": [0.6905372702368485, 0.7119586137107498, -0.17408918047408928], "world_orientation": [-1.7489717187048927e-05, 0.012851042520252778, 0.9999174217905459, -0.0007626722246465346, -0.9999171313044106, 0.012851025446872054, 0.9999997090125515, -0.0007623844837395541, 2.7289401025316744e-05], "world_rotation": [0.0, 1.0, 0.0, 0.0]}, {"color": "CVBlue", "id_name": "object178867270172395", "shape": "CVCylinder", "id_string": "ob442", "world_size": [0.09, 0.09, 0.09], "id": 442, "camera_size": [37, 37], "camera_position": [256, 254], "world_position": [0.705, 0.6448569696296074, -0.15], "world_orientation": [1.0, -4.331917303826236e-17, -1.1712398707441946e-17, 4.331917303826236e-17, 1.0, -5.775889738434995e-17, 1.1712398707441946e-17, 5.775889738434995e-17, 1.0], "world_rotation": [-0.7896765794068324, 0.16013129347666225, -0.5922574345551229, -7.314247236221149e-17]}], "source": "action wait"}
{"timestamp": 1706200743.766387, "objects": [{"color": "cv_", "id_name": "hand", "shape": "CVCylinder", "id_string": "ob382", "world_size": [0.12, 0.005, 0.12], "id": 382, "camera_size": [49, 50], "camera_position": [246, 257], "world_position": [0.695832642564778, 0.7089223015882465, -0.17409304444411575], "world_orientation": [-1.5107308053110831e-05, 0.008560101944638594, 0.9999633615420451, -0.0007622962925569434, -0.9999630712175205, 0.008560087942673494, 0.9999997093380237, -0.0007621390433111453, 2.1632084135292973e-05], "world_rotation": [0.0, 1.0, 0.0, 0.0]}, {"color": "CVBlue", "id_name": "object178867270172395", "shape": "CVCylinder", "id_string": "ob442", "world_size": [0.09, 0.09, 0.09], "id": 442, "camera_size": [37, 37], "camera_position": [256, 254], "world_position": [0.705, 0.6448569696296074, -0.15], "world_orientation": [1.0, -4.331917303826236e-17, -1.1712398707441946e-17, 4.331917303826236e-17, 1.0, -5.775889738434995e-17, 1.1712398707441946e-17, 5.775889738434995e-17, 1.0], "world_rotation": [-0.7896765794068324, 0.16013129347666225, -0.5922574345551229, -7.314247236221149e-17]}], "source": "action wait"}
{"timestamp": 1706200743.799768, "objects": [{"color": "cv_", "id_name": "hand", "shape": "CVCylinder", "id_string": "ob382", "world_size": [0.12, 0.005, 0.12], "id": 382, "camera_size": [49, 50], "camera_position": [246, 256], "world_position": [0.6995517369549983, 0.7067590905427942, -0.17409605361850775], "world_orientation": [-1.294822039350014e-05, 0.005535577671355756, 0.9999846784887197, -0.0007621913498138407, -0.9999843881637586, 0.005535566195042352, 0.9999997094483027, -0.0007621079961597502, 1.7167187665700295e-05], "world_rotation": [0.0, 1.0, 0.0, 0.0]}, {"color": "CVBlue", "id_name": "object178867270172395", "shape": "CVCylinder", "id_string": "ob442", "world_size": [0.09, 0.09, 0.09], "id": 442, "camera_size": [37, 37], "camera_position": [256, 254], "world_position": [0.705, 0.6448569696296074, -0.15], "world_orientation": [1.0, -4.331917303826236e-17, -1.1712398707441946e-17, 4.331917303826236e-17, 1.0, -5.775889738434995e-17, 1.1712398707441946e-17, 5.775889738434995e-17, 1.0], "world_rotation": [-0.7896765794068324, 0.16013129347666225, -0.5922574345551229, -7.314247236221149e-17]}], "source": "action wait"}
{"timestamp": 1706200743.827899, "objects": [{"color": "cv_", "id_name": "hand", "shape": "CVCylinder", "id_string": "ob382", "world_size": [0.12, 0.005, 0.12], "id": 382, "camera_size": [49, 49], "camera_position": [246, 255], "world_position": [0.7021659856527637, 0.705225357934815, -0.17409836834653228], "world_orientation": [-1.1100485811597875e-05, 0.0034036840060486183, 0.9999942073892059, -0.0007622321782096167, -0.999993916982309, 0.003403674556393447, 0.9999997094394008, -0.0007621899804545152, 1.3694815761379326e-05], "world_rotation": [0.0, 1.0, 0.0, 0.0]}, {"color": "CVBlue", "id_name": "object178867270172395", "shape": "CVCylinder", "id_string": "ob442", "world_size": [0.09, 0.09, 0.09], "id": 442, "camera_size": [37, 37], "camera_position": [256, 254], "world_position": [0.705, 0.6448569696296074, -0.15], "world_orientation": [1.0, -4.331917303826236e-17, -1.1712398707441946e-17, 4.331917303826236e-17, 1.0, -5.775889738434995e-17, 1.1712398707441946e-17, 5.775889738434995e-17, 1.0], "world_rotation": [-0.7896765794068324, 0.16013129347666225, -0.5922574345551229, -7.314247236221149e-17]}], "source": "action wait"}
{"timestamp": 1706200743.86939, "objects": [{"color": "cv_", "id_name": "hand", "shape": "CVCylinder", "id_string": "ob382", "world_size": [0.12, 0.005, 0.12], "id": 382, "camera_size": [49, 50], "camera_position": [246, 254], "world_position": [0.7040048369623986, 0.7041413975086522, -0.1741001326244901], "world_orientation": [-9.573175813476766e-06, 0.001900947632120282, 0.9999981931515949, -0.0007623402441825982, -0.9999979026304496, 0.0019009397818237996, 0.999999709372811, -0.0007623206687189711, 1.1022324617403705e-05], "world_rotation": [0.0, 1.0, 0.0, 0.0]}, {"color": "CVBlue", "id_name": "object178867270172395", "shape": "CVCylinder", "id_string": "ob442", "world_size": [0.09, 0.09, 0.09], "id": 442, "camera_size": [37, 37], "camera_position": [256, 254], "world_position": [0.705, 0.6448569696296074, -0.15], "world_orientation": [1.0, -4.331917303826236e-17, -1.1712398707441946e-17, 4.331917303826236e-17, 1.0, -5.775889738434995e-17, 1.1712398707441946e-17, 5.775889738434995e-17, 1.0], "world_rotation": [-0.7896765794068324, 0.16013129347666225, -0.5922574345551229, -7.314247236221149e-17]}], "source": "action wait"}
{"timestamp": 1706200743.904323, "objects": [{"color": "cv_", "id_name": "hand", "shape": "CVCylinder", "id_string": "ob382", "world_size": [0.12, 0.005, 0.12], "id": 382, "camera_size": [49, 50], "camera_position": [246, 253], "world_position": [0.705298950592363, 0.7033769079596621, -0.17410146793010187], "world_orientation": [-8.341151263494596e-06, 0.0008416671237908107, 0.9999996457633762, -0.0007624698514983939, -0.9999993551234401, 0.0008416605192904074, 0.9999997092850331, -0.0007624625609863216, 8.982891691734502e-06], "world_rotation": [0.0, 1.0, 0.0, 0.0]}, {"color": "CVBlue", "id_name": "object178867270172395", "shape": "CVCylinder", "id_string": "ob442", "world_size": [0.09, 0.09, 0.09], "id": 442, "camera_size": [37, 37], "camera_position": [256, 254], "world_position": [0.705, 0.6448569696296074, -0.15], "world_orientation": [1.0, -4.331917303826236e-17, -1.1712398707441946e-17, 4.331917303826236e-17, 1.0, -5.775889738434995e-17, 1.1712398707441946e-17, 5.775889738434995e-17, 1.0], "world_rotation": [-0.7896765794068324, 0.16013129347666225, -0.5922574345551229, -7.314247236221149e-17]}], "source": "action wait"}
{"timestamp": 1706200743.936775, "objects": [{"color": "cv_", "id_name": "hand", "shape": "CVCylinder", "id_string": "ob382", "world_size": [0.12, 0.005, 0.12], "id": 382, "camera_size": [49, 50], "camera_position": [246, 253], "world_position": [0.7062100681728012, 0.7028384511147873, -0.17410247298408207], "world_orientation": [-7.365060443938342e-06, 9.495920917044608e-05, 0.9999999954642523, -0.0007625966137876744, -0.999999704715069, 9.495356499132503e-05, 0.999999709196038, -0.0007625959109903689, 7.437473840872881e-06], "world_rotation": [0.0, 1.0, 0.0, 0.0]}, {"color": "CVBlue", "id_name": "object178867270172395", "shape": "CVCylinder", "id_string": "ob442", "world_size": [0.09, 0.09, 0.09], "id": 442, "camera_size": [37, 37], "camera_position": [256, 254], "world_position": [0.705, 0.6448569696296074, -0.15], "world_orientation": [1.0, -4.331917303826236e-17, -1.1712398707441946e-17, 4.331917303826236e-17, 1.0, -5.775889738434995e-17, 1.1712398707441946e-17, 5.775889738434995e-17, 1.0], "world_rotation": [-0.7896765794068324, 0.16013129347666225, -0.5922574345551229, -7.314247236221149e-17]}], "source": "action wait"}
{"timestamp": 1706200743.965217, "objects": [{"color": "cv_", "id_name": "hand", "shape": "CVCylinder", "id_string": "ob382", "world_size": [0.12, 0.005, 0.12], "id": 382, "camera_size": [49, 49], "camera_position": [246, 253], "world_position": [0.7068517422714704, 0.7024595078909037, -0.17410322608622159], "world_orientation": [-6.602193136319084e-06, -0.00043142399542830457, 0.9999999069148693, -0.0007627091411218452, -0.999999616071859, -0.00043142890550479726, 0.9999997091155463, -0.0007627119185023133, 6.273139576903211e-06], "world_rotation": [0.0, 1.0, 0.0, 0.0]}, {"color": "CVBlue", "id_name": "object178867270172395", "shape": "CVCylinder", "id_string": "ob442", "world_size": [0.09, 0.09, 0.09], "id": 442, "camera_size": [37, 37], "camera_position": [256, 254], "world_position": [0.705, 0.6448569696296074, -0.15], "world_orientation": [1.0, -4.331917303826236e-17, -1.1712398707441946e-17, 4.331917303826236e-17, 1.0, -5.775889738434995e-17, 1.1712398707441946e-17, 5.775889738434995e-17, 1.0], "world_rotation": [-0.7896765794068324, 0.16013129347666225, -0.5922574345551229, -7.314247236221149e-17]}], "source": "action wait"}
{"timestamp": 1706200743.994182, "objects": [{"color": "cv_", "id_name": "hand", "shape": "CVCylinder", "id_string": "ob382", "world_size": [0.12, 0.005, 0.12], "id": 382, "camera_size": [49, 49], "camera_position": [246, 253], "world_position": [0.7073037686049682, 0.7021929492705834, -0.1741037883082528], "world_orientation": [-6.012189675330024e-06, -0.0008025012204214407, 0.9999996779777707, -0.000762803494531837, -0.9999993870576293, -0.0008025055730780047, 0.9999997090472988, -0.0007628080737082642, 5.400035255264799e-06], "world_rotation": [0.0, 1.0, 0.0, 0.0]}, {"color": "CVBlue", "id_name": "object178867270172395", "shape": "CVCylinder", "id_string": "ob442", "world_size": [0.09, 0.09, 0.09], "id": 442, "camera_size": [37, 37], "camera_position": [256, 254], "world_position": [0.705, 0.6448569696296074, -0.15], "world_orientation": [1.0, -4.331917303826236e-17, -1.1712398707441946e-17, 4.331917303826236e-17, 1.0, -5.775889738434995e-17, 1.1712398707441946e-17, 5.775889738434995e-17, 1.0], "world_rotation": [-0.7896765794068324, 0.16013129347666225, -0.5922574345551229, -7.314247236221149e-17]}], "source": "action wait"}
{"timestamp": 1706200744.029329, "objects": [{"color": "cv_", "id_name": "hand", "shape": "CVCylinder", "id_string": "ob382", "world_size": [0.12, 0.005, 0.12], "id": 382, "camera_size": [49, 49], "camera_position": [246, 253], "world_position": [0.7076222618500817, 0.7020054890920135, -0.1741042067139562], "world_orientation": [-5.559725284005433e-06, -0.0010641007181834425, 0.9999994338292153, -0.0007628796917162139, -0.9999991428475677, -0.0010641046499530343, 0.9999997089917905, -0.0007628851759259331, 4.747939690994566e-06], "world_rotation": [0.0, 1.0, 0.0, 0.0]}, {"color": "CVBlue", "id_name": "object178867270172395", "shape": "CVCylinder", "id_string": "ob442", "world_size": [0.09, 0.09, 0.09], "id": 442, "camera_size": [37, 37], "camera_position": [256, 254], "world_position": [0.705, 0.6448569696296074, -0.15], "world_orientation": [1.0, -4.331917303826236e-17, -1.1712398707441946e-17, 4.331917303826236e-17, 1.0, -5.775889738434995e-17, 1.1712398707441946e-17, 5.775889738434995e-17, 1.0], "world_rotation": [-0.7896765794068324, 0.16013129347666225, -0.5922574345551229, -7.314247236221149e-17]}], "source": "action wait"}
{"timestamp": 1706200745.083289, "objects": [{"color": "cv_", "id_name": "hand", "shape": "CVCylinder", "id_string": "ob382", "world_size": [0.12, 0.005, 0.12], "id": 382, "camera_size": [49, 50], "camera_position": [246, 252], "world_position": [0.7083829159348267, 0.701560987594961, -0.1741053868794898], "world_orientation": [-4.189009939851078e-06, -0.0016893209852298537, 0.9999985730875125, -0.0007631195649777129, -0.999998281915524, -0.0016893236900658332, 0.9999997088154485, -0.0007631255526669702, 2.8998488477854414e-06], "world_rotation": [0.0, 1.0, 0.0, 0.0]}, {"color": "CVBlue", "id_name": "object178867270172395", "shape": "CVCylinder", "id_string": "ob442", "world_size": [0.09, 0.09, 0.09], "id": 442, "camera_size": [37, 37], "camera_position": [256, 254], "world_position": [0.705, 0.6448569696296074, -0.15], "world_orientation": [1.0, -4.331917303826236e-17, -1.1712398707441946e-17, 4.331917303826236e-17, 1.0, -5.775889738434995e-17, 1.1712398707441946e-17, 5.775889738434995e-17, 1.0], "world_rotation": [-0.7896765794068324, 0.16013129347666225, -0.5922574345551229, -7.314247236221149e-17]}], "source": "action wait"}
{"timestamp": 1706200745.115797, "objects": [{"color": "cv_", "id_name": "hand", "shape": "CVCylinder", "id_string": "ob382", "world_size": [0.12, 0.005, 0.12], "id": 382, "camera_size": [51, 51], "camera_position": [246, 251], "world_position": [0.7114044033321691, 0.7251960031171564, -0.17409755205411784], "world_orientation": [1.9344978372009632e-05, 0.03281820884098049, 0.9994613373183786, -0.0007431384056938264, -0.9994610610549537, 0.03281821415336803, 0.9999997236855028, -0.0007433729724107657, 5.053918786372313e-06], "world_rotation": [0.0, 1.0, 0.0, 0.0]}, {"color": "CVBlue", "id_name": "object178867270172395", "shape": "CVCylinder", "id_string": "ob442", "world_size": [0.09, 0.09, 0.09], "id": 442, "camera_size": [38, 38], "camera_position": [252, 251], "world_position": [0.7107671686005661, 0.6726719953886775, -0.15866698024882803], "world_orientation": [0.9994155117026614, -0.034185303273660914, -2.862758038896756e-06, 0.03418530334719104, 0.9994155112038251, 3.162684703962363e-05, 1.7799114312576608e-06, -3.170622576961655e-05, 0.9999999994957736], "world_rotation": [0.0009263197830374607, 6.790443579552062e-05, -0.9999995686602307, -0.034191979925284235]}], "source": "action wait"}
{"timestamp": 1706200745.150249, "objects": [{"color": "cv_", "id_name": "hand", "shape": "CVCylinder", "id_string": "ob382", "world_size": [0.12, 0.005, 0.12], "id": 382, "camera_size": [52, 53], "camera_position": [245, 249], "world_position": [0.7156906981135746, 0.7817661160123283, -0.1741088218874835], "world_orientation": [8.194651822323322e-05, 0.11405817792116081, 0.9934740687778786, -0.000725332703929476, -0.9934738039970052, 0.11405820735128586, 0.999999733588583, -0.000729945905558015, 1.3184074136864847e-06], "world_rotation": [0.0, 1.0, 0.0, 0.0]}, {"color": "CVBlue", "id_name": "object178867270172395", "shape": "CVCylinder", "id_string": "ob442", "world_size": [0.09, 0.09, 0.09], "id": 442, "camera_size": [39, 44], "camera_position": [250, 247], "world_position": [0.7194916039282059, 0.7319821388372019, -0.16423197401555834], "world_orientation": [0.9933408426986694, -0.11521271723114473, -3.8618663120864135e-06, 0.11521271727422286, 0.9933408413042575, 5.2680550168351717e-05, -2.2333197986749577e-06, -5.277467820962528e-05, 0.9999999986049228], "world_rotation": [0.000457654414574689, 7.0675632936054605e-06, -0.9999998952512377, -0.1154691524255701]}], "source": "action wait"}
{"timestamp": 1706200745.185031, "objects": [{"color": "cv_", "id_name": "hand", "shape": "CVCylinder", "id_string": "ob382", "world_size": [0.12, 0.005, 0.12], "id": 382, "camera_size": [56, 55], "camera_position": [244, 249], "world_position": [0.7144353144578078, 0.8519854578744728, -0.17411218093058609], "world_orientation": [0.00015684913553251035, 0.21311531431331865, 0.9770270406715896, -0.0007211125451043132, -0.9770267745565472, 0.21311537203197578, 0.999999727697486, -0.0007379734178066092, 4.343217243078463e-07], "world_rotation": [0.0, 1.0, 0.0, 0.0]}, {"color": "CVBlue", "id_name": "object178867270172395", "shape": "CVCylinder", "id_string": "ob442", "world_size": [0.09, 0.09, 0.09], "id": 442, "camera_size": [41, 49], "camera_position": [248, 245], "world_position": [0.7232350216091654, 0.8044265100370059, -0.1677902693332543], "world_orientation": [0.9768068979056909, -0.21412212437813105, -7.460390797905784e-06, 0.21412212448351958, 0.9768068966727641, 4.9185243179900015e-05, -3.244287574466751e-06, -4.964191954042004e-05, 0.9999999987625774], "world_rotation": [0.0002307728833408853, 9.845089857424122e-06, -0.9999999733234749, -0.21579302735886247]}], "source": "action wait"}
{"timestamp": 1706200745.218854, "objects": [{"color": "cv_", "id_name": "hand", "shape": "CVCylinder", "id_string": "ob382", "world_size": [0.12, 0.005, 0.12], "id": 382, "camera_size": [59, 57], "camera_position": [244, 253], "world_position": [0.705727602317072, 0.9216868759541035, -0.17411311582193076], "world_orientation": [0.0002319395251869882, 0.31003713201962285, 0.9507244200992754, -0.000709432461190478, -0.950724155409444, 0.31003721877636375, 0.999999721454781, -0.0007463846505784437, -5.601035599112308e-07], "world_rotation": [0.0, 1.0, 0.0, 0.0]}, {"color": "CVBlue", "id_name": "object178867270172395", "shape": "CVCylinder", "id_string": "ob442", "world_size": [0.09, 0.09, 0.09], "id": 442, "camera_size": [44, 56], "camera_position": [246, 246], "world_position": [0.7192691124884898, 0.8762706627833913, -0.17006637961455165], "world_orientation": [0.9504306150122772, -0.310936723390375, -9.728412679107247e-06, 0.31093672351312923, 0.9504306140266133, 4.349614676833147e-05, -4.278368120143636e-06, -4.436499028711474e-05, 0.9999999990067217], "world_rotation": [0.00014128459192565043, 8.76391254763593e-06, -0.999999989980929, -0.3161784549808743]}], "source": "action wait"}
{"timestamp": 1706200745.251965, "objects": [{"color": "cv_", "id_name": "hand", "shape": "CVCylinder", "id_string": "ob382", "world_size": [0.12, 0.005, 0.12], "id": 382, "camera_size": [62, 58], "camera_position": [243, 261], "world_position": [0.6898185377789882, 0.990094045712853, -0.17411356923404772], "world_orientation": [0.0003056756010434858, 0.40382670999663484, 0.914835446873218, -0.0006872860981564843, -0.914835188707749, 0.4038268256813514, 0.9999997171000831, -0.0007521936923945467, -2.098312318520439e-06], "world_rotation": [0.0, 1.0, 0.0, 0.0]}, {"color": "CVBlue", "id_name": "object178867270172395", "shape": "CVCylinder", "id_string": "ob442", "world_size": [0.09, 0.09, 0.09], "id": 442, "camera_size": [47, 61], "camera_position": [245, 252], "world_position": [0.7078567806341896, 0.9469179425321416, -0.17152287946740022], "world_orientation": [0.9144747387721945, -0.4046429932971269, -1.1093601452059002e-05, 0.4046429934073839, 0.9144747379399041, 3.9446875073633924e-05, -5.817083325331656e-06, -4.0562118877570435e-05, 0.999999999160438], "world_rotation": [9.886368338626855e-05, 6.519967214946174e-06, -0.999999995091731, -0.4165884037479517]}], "source": "action wait"}
{"timestamp": 1706200745.2828, "objects": [{"color": "cv_", "id_name": "hand", "shape": "CVCylinder", "id_string": "ob382", "world_size": [0.12, 0.005, 0.12], "id": 382, "camera_size": [66, 60], "camera_position": [242, 274], "world_position": [0.666966580999924, 1.0565168752321528, -0.17411399494639673], "world_orientation": [0.00037685491393804615, 0.49354099731457396, 0.8697224511015625, -0.0006558998338271574, -0.869722203788017, 0.4935411411762176, 0.99999971388785, -0.0007564442154362512, -4.045628132529602e-06], "world_rotation": [0.0, 1.0, 0.0, 0.0]}, {"color": "CVBlue", "id_name": "object178867270172395", "shape": "CVCylinder", "id_string": "ob442", "world_size": [0.09, 0.09, 0.09], "id": 442, "camera_size": [50, 67], "camera_position": [243, 262], "world_position": [0.6892502486815463, 1.0157854264919028, -0.17245514433617054], "world_orientation": [0.8692987791102449, -0.49428699406021603, -1.1847107668276333e-05, 0.49428699414145993, 0.869298778378019, 3.651142390116521e-05, -7.748445745619803e-06, -3.759520745948208e-05, 0.999999999263281], "world_rotation": [7.496316111513132e-05, 4.146034550798827e-06, -0.9999999971816675, -0.517014433692745]}], "source": "action wait"}
{"timestamp": 1706200745.312408, "objects": [{"color": "cv_", "id_name": "hand", "shape": "CVCylinder", "id_string": "ob382", "world_size": [0.12, 0.005, 0.12], "id": 382, "camera_size": [70, 60], "camera_position": [241, 288], "world_position": [0.6437790090776003, 1.1065781574825095, -0.1741135002687736], "world_orientation": [0.0004372989050830746, 0.5603892508407065, 0.8282292534750625, -0.0006353324077115068, -0.8282290098169807, 0.5603894214297019, 0.9999997025611556, -0.0007712585661588533, -6.150187158219869e-06], "world_rotation": [0.0, 1.0, 0.0, 0.0]}, {"color": "CVBlue", "id_name": "object178867270172395", "shape": "CVCylinder", "id_string": "ob442", "world_size": [0.09, 0.09, 0.09], "id": 442, "camera_size": [52, 72], "camera_position": [242, 273], "world_position": [0.6691568339553225, 1.0681136410975203, -0.1730515380238227], "world_orientation": [0.8277606600159075, -0.5610813574731065, -5.115205316351036e-06, 0.5610813574105157, 0.8277606596952345, 2.5045626463550653e-05, -9.818468367794049e-06, -2.3601830634312288e-05, 0.9999999996732758], "world_rotation": [-4.335151792738712e-05, 4.19124872409428e-06, 0.9999999990515396, 0.5956915880010172]}], "source": "action wait"}
{"timestamp": 1706200745.343859, "objects": [{"color": "cv_", "id_name": "hand", "shape": "CVCylinder", "id_string": "ob382", "world_size": [0.12, 0.005, 0.12], "id": 382, "camera_size": [72, 61], "camera_position": [241, 301], "world_position": [0.6247078955348887, 1.1404608422441098, -0.17411459807895432], "world_orientation": [0.0004790242537434508, 0.6054856073186702, 0.7958561112825014, -0.0006135409851578647, -0.7958558748467659, 0.6054857967280064, 0.999999697051566, -0.0007783327244901374, -9.744030522099925e-06], "world_rotation": [0.0, 1.0, 0.0, 0.0]}, {"color": "CVBlue", "id_name": "object178867270172395", "shape": "CVCylinder", "id_string": "ob442", "world_size": [0.09, 0.09, 0.09], "id": 442, "camera_size": [53, 76], "camera_position": [242, 284], "world_position": [0.6521196966021843, 1.1038011532837804, -0.17343451303154833], "world_orientation": [0.7953584240648517, -0.606139404154671, 3.102243021148808e-07, 0.6061394040069713, 0.7953584238821374, 2.1674776225735777e-05, -1.3384675458633344e-05, -1.7051176687267122e-05, 0.9999999997650539], "world_rotation": [-3.1944757781832744e-05, 1.1296823520040218e-05, 0.9999999994259571, 0.6511976540089256]}], "source": "action wait"}
{"timestamp": 1706200745.37711, "objects": [{"color": "cv_", "id_name": "hand", "shape": "CVCylinder", "id_string": "ob382", "world_size": [0.12, 0.005, 0.12], "id": 382, "camera_size": [75, 61], "camera_position": [241, 311], "world_position": [0.609999219259478, 1.1635673776339996, -0.1741162581988643], "world_orientation": [0.0005069239957120198, 0.6361795433341092, 0.7715408813998562, -0.0005937931477907102, -0.7715406530178942, 0.6361797451588815, 0.9999996952188337, -0.0007806304670226824, -1.3353417085167557e-05], "world_rotation": [0.0, 1.0, 0.0, 0.0]}, {"color": "CVBlue", "id_name": "object178867270172395", "shape": "CVCylinder", "id_string": "ob442", "world_size": [0.09, 0.09, 0.09], "id": 442, "camera_size": [56, 78], "camera_position": [241, 293], "world_position": [0.63876648083584, 1.1282677477860856, -0.17368046248732646], "world_orientation": [0.7710237584642814, -0.6368063786360043, 3.480204969464075e-06, 0.6368063784192743, 0.7710237583245214, 2.244233180929618e-05, -1.6974740762921378e-05, -1.5087354297544854e-05, 0.999999999742115], "world_rotation": [-2.946710911759357e-05, 1.6060569123193016e-05, 0.9999999994368738, 0.690349091535355]}], "source": "action wait"}
