{"timestamp": 1706068904.89987, "objects": [{"color": "cv_", "id_name": "hand", "shape": "CVCylinder", "id_string": "ob383", "world_size": [0.12, 0.005, 0.12], "id": 383, "camera_size": [48, 50], "camera_position": [246, 426], "world_position": [0.26764451554001234, 0.6334703013849834, -0.1738926040084747], "world_orientation": [-0.0006415492809834909, 0.1979154748669191, 0.9802188802623227, -0.0007473671475047961, -0.9802189031248655, 0.19791499033431673, 0.999999514928316, -0.0006056111687274447, 0.0007767742564049598], "world_rotation": [0.0, 1.0, 0.0, 0.0]}, {"color": "CVGreen", "id_name": "object262387785543004", "shape": "CVCone", "id_string": "ob1010", "world_size": [0.11, 0.11, 0.11], "id": 1010, "camera_size": [45, 45], "camera_position": [256, 254], "world_position": [0.705, 0.654738849708696, -0.15], "world_orientation": [1.0, -5.1619362862653347e-17, 1.4541359828532488e-17, 5.1619362862653347e-17, 1.0, 2.3824321321224633e-17, -1.4541359828532488e-17, -2.3824321321224633e-17, 1.0], "world_rotation": [-0.4059884517598224, 0.2477982093873522, 0.8796416454796148, 5.868226354211375e-17]}], "source": "manual check"}
{"timestamp": 1706068905.914685, "objects": [{"color": "cv_", "id_name": "hand", "shape": "CVCylinder", "id_string": "ob383", "world_size": [0.12, 0.005, 0.12], "id": 383, "camera_size": [48, 50], "camera_position": [246, 426], "world_position": [0.26764451554001234, 0.6334703013849834, -0.1738926040084747], "world_orientation": [-0.0006415492809834909, 0.1979154748669191, 0.9802188802623227, -0.0007473671475047961, -0.9802189031248655, 0.19791499033431673, 0.999999514928316, -0.0006056111687274447, 0.0007767742564049598], "world_rotation": [0.0, 1.0, 0.0, 0.0]}, {"color": "CVGreen", "id_name": "object262387785543004", "shape": "CVCone", "id_string": "ob1010", "world_size": [0.11, 0.11, 0.11], "id": 1010, "camera_size": [45, 45], "camera_position": [256, 254], "world_position": [0.705, 0.6547388572526824, -0.15], "world_orientation": [1.0, -3.838362879530641e-17, 1.4813540171849057e-17, 3.838362879530641e-17, 1.0, 5.294293626938881e-18, -1.4813540171849057e-17, -5.294293626938881e-18, 1.0], "world_rotation": [-0.1276280613210114, 0.35710588544125776, 0.925303444577321, 4.1482206750932463e-17]}], "source": "manual check"}
{"timestamp": 1706068907.593346, "objects": [{"color": "cv_", "id_name": "hand", "shape": "CVCylinder", "id_string": "ob383", "world_size": [0.12, 0.005, 0.12], "id": 383, "camera_size": [48, 50], "camera_position": [246, 426], "world_position": [0.26764451554001234, 0.6334703013849834, -0.1738926040084747], "world_orientation": [-0.0006415492809834909, 0.1979154748669191, 0.9802188802623227, -0.0007473671475047961, -0.9802189031248655, 0.19791499033431673, 0.999999514928316, -0.0006056111687274447, 0.0007767742564049598], "world_rotation": [0.0, 1.0, 0.0, 0.0]}, {"color": "CVGreen", "id_name": "object262387785543004", "shape": "CVCone", "id_string": "ob1010", "world_size": [0.11, 0.11, 0.11], "id": 1010, "camera_size": [45, 45], "camera_position": [256, 254], "world_position": [0.705, 0.6547388572526824, -0.15], "world_orientation": [1.0, -3.838362879530641e-17, 1.4813540171849057e-17, 3.838362879530641e-17, 1.0, 5.294293626938881e-18, -1.4813540171849057e-17, -5.294293626938881e-18, 1.0], "world_rotation": [-0.1276280613210114, 0.35710588544125776, 0.925303444577321, 4.1482206750932463e-17]}], "source": "action wait"}
{"timestamp": 1706068907.621209, "objects": [{"color": "cv_", "id_name": "hand", "shape": "CVCylinder", "id_string": "ob383", "world_size": [0.12, 0.005, 0.12], "id": 383, "camera_size": [49, 51], "camera_position": [246, 421], "world_position": [0.29079630461389283, 0.6674649119625071, -0.17395625224210243], "world_orientation": [-0.0003850751976031402, 0.1953090722324139, 0.9807416673216275, -0.0007159492687790626, -0.9807415425248406, 0.19530876627187344, 0.9999996695668139, -0.0006269527178146031, 0.0005174906307365036], "world_rotation": [0.0, 1.0, 0.0, 0.0]}, {"color": "CVGreen", "id_name": "object262387785543004", "shape": "CVCone", "id_string": "ob1010", "world_size": [0.11, 0.11, 0.11], "id": 1010, "camera_size": [45, 45], "camera_position": [256, 254], "world_position": [0.705, 0.6547388572526824, -0.15], "world_orientation": [1.0, -3.838362879530641e-17, 1.4813540171849057e-17, 3.838362879530641e-17, 1.0, 5.294293626938881e-18, -1.4813540171849057e-17, -5.294293626938881e-18, 1.0], "world_rotation": [-0.1276280613210114, 0.35710588544125776, 0.925303444577321, 4.1482206750932463e-17]}], "source": "action wait"}
{"timestamp": 1706068907.654481, "objects": [{"color": "cv_", "id_name": "hand", "shape": "CVCylinder", "id_string": "ob383", "world_size": [0.12, 0.005, 0.12], "id": 383, "camera_size": [51, 52], "camera_position": [246, 406], "world_position": [0.3366225666717605, 0.7051726052194109, -0.17398411161518168], "world_orientation": [-0.0002272058484358298, 0.18151312792109772, 0.9833884953413893, -0.0007325555563878054, -0.9833882870733885, 0.18151292022669865, 0.9999997058698865, -0.0006791459093083018, 0.00035640002052272153], "world_rotation": [0.0, 1.0, 0.0, 0.0]}, {"color": "CVGreen", "id_name": "object262387785543004", "shape": "CVCone", "id_string": "ob1010", "world_size": [0.11, 0.11, 0.11], "id": 1010, "camera_size": [45, 45], "camera_position": [256, 254], "world_position": [0.705, 0.6547388572526824, -0.15], "world_orientation": [1.0, -3.838362879530641e-17, 1.4813540171849057e-17, 3.838362879530641e-17, 1.0, 5.294293626938881e-18, -1.4813540171849057e-17, -5.294293626938881e-18, 1.0], "world_rotation": [-0.1276280613210114, 0.35710588544125776, 0.925303444577321, 4.1482206750932463e-17]}], "source": "action wait"}
{"timestamp": 1706068907.68704, "objects": [{"color": "cv_", "id_name": "hand", "shape": "CVCylinder", "id_string": "ob383", "world_size": [0.12, 0.005, 0.12], "id": 383, "camera_size": [51, 52], "camera_position": [246, 388], "world_position": [0.3870319485298145, 0.7381661612168501, -0.1740046212067883], "world_orientation": [-0.0001249212182908589, 0.17169196667459546, 0.9851506752644992, -0.0007438832976190246, -0.9851504263333817, 0.1716918289633963, 0.9999997155161239, -0.0007113891805229652, 0.00025078497780234044], "world_rotation": [0.0, 1.0, 0.0, 0.0]}, {"color": "CVGreen", "id_name": "object262387785543004", "shape": "CVCone", "id_string": "ob1010", "world_size": [0.11, 0.11, 0.11], "id": 1010, "camera_size": [45, 45], "camera_position": [256, 254], "world_position": [0.705, 0.6547388572526824, -0.15], "world_orientation": [1.0, -3.838362879530641e-17, 1.4813540171849057e-17, 3.838362879530641e-17, 1.0, 5.294293626938881e-18, -1.4813540171849057e-17, -5.294293626938881e-18, 1.0], "world_rotation": [-0.1276280613210114, 0.35710588544125776, 0.925303444577321, 4.1482206750932463e-17]}], "source": "action wait"}
{"timestamp": 1706068907.721239, "objects": [{"color": "cv_", "id_name": "hand", "shape": "CVCylinder", "id_string": "ob383", "world_size": [0.12, 0.005, 0.12], "id": 383, "camera_size": [52, 53], "camera_position": [245, 368], "world_position": [0.44103756171693786, 0.7659892258083216, -0.17402310648415734], "world_orientation": [-5.293438815465048e-05, 0.16475205272721524, 0.9863350132283247, -0.0007513021464303724, -0.9863347427914839, 0.16475196723421054, 0.9999997163714776, -0.0007323145679553546, 0.00017598959696852768], "world_rotation": [0.0, 1.0, 0.0, 0.0]}, {"color": "CVGreen", "id_name": "object262387785543004", "shape": "CVCone", "id_string": "ob1010", "world_size": [0.11, 0.11, 0.11], "id": 1010, "camera_size": [45, 45], "camera_position": [256, 254], "world_position": [0.705, 0.6547388572526824, -0.15], "world_orientation": [1.0, -3.838362879530641e-17, 1.4813540171849057e-17, 3.838362879530641e-17, 1.0, 5.294293626938881e-18, -1.4813540171849057e-17, -5.294293626938881e-18, 1.0], "world_rotation": [-0.1276280613210114, 0.35710588544125776, 0.925303444577321, 4.1482206750932463e-17]}], "source": "action wait"}
{"timestamp": 1706068907.751843, "objects": [{"color": "cv_", "id_name": "hand", "shape": "CVCylinder", "id_string": "ob383", "world_size": [0.12, 0.005, 0.12], "id": 383, "camera_size": [52, 53], "camera_position": [245, 344], "world_position": [0.4981549037767346, 0.7811412574983656, -0.17403836521578547], "world_orientation": [-9.128028867100267e-06, 0.149559369198268, 0.9887527471525402, -0.0007643463838396161, -0.9887524594099302, 0.14955931861779798, 0.9999997078455998, -0.0007543844050201384, 0.0001233405240083552], "world_rotation": [0.0, 1.0, 0.0, 0.0]}, {"color": "CVGreen", "id_name": "object262387785543004", "shape": "CVCone", "id_string": "ob1010", "world_size": [0.11, 0.11, 0.11], "id": 1010, "camera_size": [45, 45], "camera_position": [256, 254], "world_position": [0.705, 0.6547388572526824, -0.15], "world_orientation": [1.0, -3.838362879530641e-17, 1.4813540171849057e-17, 3.838362879530641e-17, 1.0, 5.294293626938881e-18, -1.4813540171849057e-17, -5.294293626938881e-18, 1.0], "world_rotation": [-0.1276280613210114, 0.35710588544125776, 0.925303444577321, 4.1482206750932463e-17]}], "source": "action wait"}
{"timestamp": 1706068907.78526, "objects": [{"color": "cv_", "id_name": "hand", "shape": "CVCylinder", "id_string": "ob383", "world_size": [0.12, 0.005, 0.12], "id": 383, "camera_size": [52, 53], "camera_position": [245, 318], "world_position": [0.5567905156728687, 0.7728434351869203, -0.1740502061870942], "world_orientation": [-2.3626034596605087e-06, 0.1108477796223282, 0.993837396029762, -0.0007770582485779889, -0.9938370961867832, 0.11084774433203957, 0.9999996980874027, -0.0007720076570662594, 8.848322445427733e-05], "world_rotation": [0.0, 1.0, 0.0, 0.0]}, {"color": "CVGreen", "id_name": "object262387785543004", "shape": "CVCone", "id_string": "ob1010", "world_size": [0.11, 0.11, 0.11], "id": 1010, "camera_size": [45, 45], "camera_position": [256, 254], "world_position": [0.705, 0.6547388572526824, -0.15], "world_orientation": [1.0, -3.838362879530641e-17, 1.4813540171849057e-17, 3.838362879530641e-17, 1.0, 5.294293626938881e-18, -1.4813540171849057e-17, -5.294293626938881e-18, 1.0], "world_rotation": [-0.1276280613210114, 0.35710588544125776, 0.925303444577321, 4.1482206750932463e-17]}], "source": "action wait"}
{"timestamp": 1706068907.815197, "objects": [{"color": "cv_", "id_name": "hand", "shape": "CVCylinder", "id_string": "ob383", "world_size": [0.12, 0.005, 0.12], "id": 383, "camera_size": [52, 52], "camera_position": [245, 298], "world_position": [0.6021306011452426, 0.759367110013052, -0.17405580971938303], "world_orientation": [-1.6637165940106586e-05, 0.07771693934849373, 0.9969754646236322, -0.0007752607767736058, -0.9969751661582515, 0.07771690314503724, 0.9999996993469213, -0.0007716229841147145, 7.683773604571207e-05], "world_rotation": [0.0, 1.0, 0.0, 0.0]}, {"color": "CVGreen", "id_name": "object262387785543004", "shape": "CVCone", "id_string": "ob1010", "world_size": [0.11, 0.11, 0.11], "id": 1010, "camera_size": [45, 45], "camera_position": [256, 254], "world_position": [0.705, 0.6547388572526824, -0.15], "world_orientation": [1.0, -3.838362879530641e-17, 1.4813540171849057e-17, 3.838362879530641e-17, 1.0, 5.294293626938881e-18, -1.4813540171849057e-17, -5.294293626938881e-18, 1.0], "world_rotation": [-0.1276280613210114, 0.35710588544125776, 0.925303444577321, 4.1482206750932463e-17]}], "source": "action wait"}
{"timestamp": 1706068907.845973, "objects": [{"color": "cv_", "id_name": "hand", "shape": "CVCylinder", "id_string": "ob383", "world_size": [0.12, 0.005, 0.12], "id": 383, "camera_size": [51, 51], "camera_position": [246, 284], "world_position": [0.633956291304756, 0.7474014912591403, -0.17406348746052344], "world_orientation": [-2.289141918775529e-05, 0.05430590288151154, 0.9985243454158775, -0.0007713921681299741, -0.9985240495525055, 0.05430586910628226, 0.9999997022150086, -0.0007690107213271915, 6.474878075376983e-05], "world_rotation": [0.0, 1.0, 0.0, 0.0]}, {"color": "CVGreen", "id_name": "object262387785543004", "shape": "CVCone", "id_string": "ob1010", "world_size": [0.11, 0.11, 0.11], "id": 1010, "camera_size": [45, 45], "camera_position": [256, 254], "world_position": [0.705, 0.6547388572526824, -0.15], "world_orientation": [1.0, -3.838362879530641e-17, 1.4813540171849057e-17, 3.838362879530641e-17, 1.0, 5.294293626938881e-18, -1.4813540171849057e-17, -5.294293626938881e-18, 1.0], "world_rotation": [-0.1276280613210114, 0.35710588544125776, 0.925303444577321, 4.1482206750932463e-17]}], "source": "action wait"}
{"timestamp": 1706068907.884601, "objects": [{"color": "cv_", "id_name": "hand", "shape": "CVCylinder", "id_string": "ob383", "world_size": [0.12, 0.005, 0.12], "id": 383, "camera_size": [51, 51], "camera_position": [246, 275], "world_position": [0.656227597587885, 0.7377736152940481, -0.17407136525843386], "world_orientation": [-2.4237812312481364e-05, 0.03778613280066824, 0.99928584878427, -0.0007678981735222577, -0.9992855551577877, 0.03778610307225697, 0.9999997048724182, -0.0007664339256341432, 5.323639809496859e-05], "world_rotation": [0.0, 1.0, 0.0, 0.0]}, {"color": "CVGreen", "id_name": "object262387785543004", "shape": "CVCone", "id_string": "ob1010", "world_size": [0.11, 0.11, 0.11], "id": 1010, "camera_size": [45, 45], "camera_position": [256, 254], "world_position": [0.705, 0.6547388572526824, -0.15], "world_orientation": [1.0, -3.838362879530641e-17, 1.4813540171849057e-17, 3.838362879530641e-17, 1.0, 5.294293626938881e-18, -1.4813540171849057e-17, -5.294293626938881e-18, 1.0], "world_rotation": [-0.1276280613210114, 0.35710588544125776, 0.925303444577321, 4.1482206750932463e-17]}], "source": "action wait"}
{"timestamp": 1706068907.917851, "objects": [{"color": "cv_", "id_name": "hand", "shape": "CVCylinder", "id_string": "ob383", "world_size": [0.12, 0.005, 0.12], "id": 383, "camera_size": [51, 51], "camera_position": [246, 268], "world_position": [0.6718106594659912, 0.7304172804729047, -0.17407847654053535], "world_orientation": [-2.3051083127903585e-05, 0.02613656698260996, 0.9996583813158428, -0.0007653851359185219, -0.9996580892353709, 0.02613654169703509, 0.9999997068270777, -0.0007645211904605347, 4.304774158724793e-05], "world_rotation": [0.0, 1.0, 0.0, 0.0]}, {"color": "CVGreen", "id_name": "object262387785543004", "shape": "CVCone", "id_string": "ob1010", "world_size": [0.11, 0.11, 0.11], "id": 1010, "camera_size": [45, 45], "camera_position": [256, 254], "world_position": [0.705, 0.6547388572526824, -0.15], "world_orientation": [1.0, -3.838362879530641e-17, 1.4813540171849057e-17, 3.838362879530641e-17, 1.0, 5.294293626938881e-18, -1.4813540171849057e-17, -5.294293626938881e-18, 1.0], "world_rotation": [-0.1276280613210114, 0.35710588544125776, 0.925303444577321, 4.1482206750932463e-17]}], "source": "action wait"}
{"timestamp": 1706068907.953533, "objects": [{"color": "cv_", "id_name": "hand", "shape": "CVCylinder", "id_string": "ob383", "world_size": [0.12, 0.005, 0.12], "id": 383, "camera_size": [51, 50], "camera_position": [246, 263], "world_position": [0.6827234632673062, 0.7249641793834727, -0.174084488710958], "world_orientation": [-2.0754419495436402e-05, 0.0179239580949707, 0.9998393527439616, -0.0007638011902777685, -0.9998390615941233, 0.017923937020777714, 0.9999997080884554, -0.0007633064868048072, 3.444141984004606e-05], "world_rotation": [0.0, 1.0, 0.0, 0.0]}, {"color": "CVGreen", "id_name": "object262387785543004", "shape": "CVCone", "id_string": "ob1010", "world_size": [0.11, 0.11, 0.11], "id": 1010, "camera_size": [45, 45], "camera_position": [256, 254], "world_position": [0.705, 0.6547388572526824, -0.15], "world_orientation": [1.0, -3.838362879530641e-17, 1.4813540171849057e-17, 3.838362879530641e-17, 1.0, 5.294293626938881e-18, -1.4813540171849057e-17, -5.294293626938881e-18, 1.0], "world_rotation": [-0.1276280613210114, 0.35710588544125776, 0.925303444577321, 4.1482206750932463e-17]}], "source": "action wait"}
{"timestamp": 1706068907.988663, "objects": [{"color": "cv_", "id_name": "hand", "shape": "CVCylinder", "id_string": "ob383", "world_size": [0.12, 0.005, 0.12], "id": 383, "camera_size": [51, 51], "camera_position": [246, 260], "world_position": [0.6903743274542667, 0.7209971966377265, -0.1740893773994507], "world_orientation": [-1.8113711651901695e-05, 0.012135120744730981, 0.9999263665472595, -0.0007629124770280068, -0.9999260758826604, 0.012135103397027332, 0.9999997088181806, -0.0007626364893847463, 2.737040763852209e-05], "world_rotation": [0.0, 1.0, 0.0, 0.0]}, {"color": "CVGreen", "id_name": "object262387785543004", "shape": "CVCone", "id_string": "ob1010", "world_size": [0.11, 0.11, 0.11], "id": 1010, "camera_size": [45, 45], "camera_position": [256, 254], "world_position": [0.705, 0.6547388572526824, -0.15], "world_orientation": [1.0, -3.838362879530641e-17, 1.4813540171849057e-17, 3.838362879530641e-17, 1.0, 5.294293626938881e-18, -1.4813540171849057e-17, -5.294293626938881e-18, 1.0], "world_rotation": [-0.1276280613210114, 0.35710588544125776, 0.925303444577321, 4.1482206750932463e-17]}], "source": "action wait"}
{"timestamp": 1706068908.01579, "objects": [{"color": "cv_", "id_name": "hand", "shape": "CVCylinder", "id_string": "ob383", "world_size": [0.12, 0.005, 0.12], "id": 383, "camera_size": [51, 50], "camera_position": [246, 257], "world_position": [0.6957440929364059, 0.7181459843150398, -0.17409325328127498], "world_orientation": [-1.5557500587778684e-05, 0.008054954846400226, 0.9999675582039582, -0.0007624850041732459, -0.9999672677382204, 0.008054940643890507, 0.9999997091872491, -0.0007623349530468359, 2.1698773635636606e-05], "world_rotation": [0.0, 1.0, 0.0, 0.0]}, {"color": "CVGreen", "id_name": "object262387785543004", "shape": "CVCone", "id_string": "ob1010", "world_size": [0.11, 0.11, 0.11], "id": 1010, "camera_size": [45, 45], "camera_position": [256, 254], "world_position": [0.705, 0.6547388572526824, -0.15], "world_orientation": [1.0, -3.838362879530641e-17, 1.4813540171849057e-17, 3.838362879530641e-17, 1.0, 5.294293626938881e-18, -1.4813540171849057e-17, -5.294293626938881e-18, 1.0], "world_rotation": [-0.1276280613210114, 0.35710588544125776, 0.925303444577321, 4.1482206750932463e-17]}], "source": "action wait"}
{"timestamp": 1706068908.053983, "objects": [{"color": "cv_", "id_name": "hand", "shape": "CVCylinder", "id_string": "ob383", "world_size": [0.12, 0.005, 0.12], "id": 383, "camera_size": [50, 50], "camera_position": [245, 256], "world_position": [0.6995163779921623, 0.7161128702627888, -0.17409627320319454], "world_orientation": [-1.3283383332666622e-05, 0.005179148160463889, 0.9999865880340015, -0.0007623367745579801, -0.9999862975998466, 0.0051791365296951246, 0.9999997093330548, -0.0007622577536676028, 1.723145642240456e-05], "world_rotation": [0.0, 1.0, 0.0, 0.0]}, {"color": "CVGreen", "id_name": "object262387785543004", "shape": "CVCone", "id_string": "ob1010", "world_size": [0.11, 0.11, 0.11], "id": 1010, "camera_size": [45, 45], "camera_position": [256, 254], "world_position": [0.705, 0.6547388572526824, -0.15], "world_orientation": [1.0, -3.838362879530641e-17, 1.4813540171849057e-17, 3.838362879530641e-17, 1.0, 5.294293626938881e-18, -1.4813540171849057e-17, -5.294293626938881e-18, 1.0], "world_rotation": [-0.1276280613210114, 0.35710588544125776, 0.925303444577321, 4.1482206750932463e-17]}], "source": "action wait"}
{"timestamp": 1706068908.085077, "objects": [{"color": "cv_", "id_name": "hand", "shape": "CVCylinder", "id_string": "ob383", "world_size": [0.12, 0.005, 0.12], "id": 383, "camera_size": [50, 50], "camera_position": [245, 255], "world_position": [0.7021684406839014, 0.7146706742745472, -0.174098597017497], "world_orientation": [-1.1349948240265065e-05, 0.0031521816976704275, 0.9999950317985203, -0.0007623425622998521, -0.9999947413085154, 0.003152172129397306, 0.999999709352456, -0.0007623029978382594, 1.3752930826990964e-05], "world_rotation": [0.0, 1.0, 0.0, 0.0]}, {"color": "CVGreen", "id_name": "object262387785543004", "shape": "CVCone", "id_string": "ob1010", "world_size": [0.11, 0.11, 0.11], "id": 1010, "camera_size": [45, 45], "camera_position": [256, 254], "world_position": [0.705, 0.6547388572526824, -0.15], "world_orientation": [1.0, -3.838362879530641e-17, 1.4813540171849057e-17, 3.838362879530641e-17, 1.0, 5.294293626938881e-18, -1.4813540171849057e-17, -5.294293626938881e-18, 1.0], "world_rotation": [-0.1276280613210114, 0.35710588544125776, 0.925303444577321, 4.1482206750932463e-17]}], "source": "action wait"}
{"timestamp": 1706068908.11508, "objects": [{"color": "cv_", "id_name": "hand", "shape": "CVCylinder", "id_string": "ob383", "world_size": [0.12, 0.005, 0.12], "id": 383, "camera_size": [50, 50], "camera_position": [245, 254], "world_position": [0.7040340730379978, 0.7136511693308872, -0.17410036868697104], "world_orientation": [-9.758249704929923e-06, 0.0017234750158128455, 0.9999985147682204, -0.0007624230581158837, -0.9999982241845841, 0.0017234670750731628, 0.9999997093078863, -0.000762405107719234, 1.107224946858642e-05], "world_rotation": [0.0, 1.0, 0.0, 0.0]}, {"color": "CVGreen", "id_name": "object262387785543004", "shape": "CVCone", "id_string": "ob1010", "world_size": [0.11, 0.11, 0.11], "id": 1010, "camera_size": [45, 45], "camera_position": [256, 254], "world_position": [0.705, 0.6547388572526824, -0.15], "world_orientation": [1.0, -3.838362879530641e-17, 1.4813540171849057e-17, 3.838362879530641e-17, 1.0, 5.294293626938881e-18, -1.4813540171849057e-17, -5.294293626938881e-18, 1.0], "world_rotation": [-0.1276280613210114, 0.35710588544125776, 0.925303444577321, 4.1482206750932463e-17]}], "source": "action wait"}
{"timestamp": 1706068908.144858, "objects": [{"color": "cv_", "id_name": "hand", "shape": "CVCylinder", "id_string": "ob383", "world_size": [0.12, 0.005, 0.12], "id": 383, "camera_size": [50, 50], "camera_position": [245, 253], "world_position": [0.7053471066596454, 0.7129320914359449, -0.17410170985720952], "world_orientation": [-8.477350561161988e-06, 0.0007164245698710422, 0.9999997433319522, -0.0007625314119386025, -0.9999994526454713, 0.0007164178973686699, 0.999999709236948, -0.0007625251428958303, 9.023642160221945e-06], "world_rotation": [0.0, 1.0, 0.0, 0.0]}, {"color": "CVGreen", "id_name": "object262387785543004", "shape": "CVCone", "id_string": "ob1010", "world_size": [0.11, 0.11, 0.11], "id": 1010, "camera_size": [45, 45], "camera_position": [256, 254], "world_position": [0.705, 0.6547388572526824, -0.15], "world_orientation": [1.0, -3.838362879530641e-17, 1.4813540171849057e-17, 3.838362879530641e-17, 1.0, 5.294293626938881e-18, -1.4813540171849057e-17, -5.294293626938881e-18, 1.0], "world_rotation": [-0.1276280613210114, 0.35710588544125776, 0.925303444577321, 4.1482206750932463e-17]}], "source": "action wait"}
{"timestamp": 1706068908.180188, "objects": [{"color": "cv_", "id_name": "hand", "shape": "CVCylinder", "id_string": "ob383", "world_size": [0.12, 0.005, 0.12], "id": 383, "camera_size": [50, 50], "camera_position": [245, 253], "world_position": [0.7062715689963371, 0.7124256418358225, -0.17410271948504297], "world_orientation": [-7.4638733540942006e-06, 6.566353906677454e-06, 0.999999999950587, -0.0007626420388626114, -0.9999997091669969, 6.560659734081413e-06, 0.9999997091606634, -0.0007626419898573303, 7.468878961249344e-06], "world_rotation": [0.0, 1.0, 0.0, 0.0]}, {"color": "CVGreen", "id_name": "object262387785543004", "shape": "CVCone", "id_string": "ob1010", "world_size": [0.11, 0.11, 0.11], "id": 1010, "camera_size": [45, 45], "camera_position": [256, 254], "world_position": [0.705, 0.6547388572526824, -0.15], "world_orientation": [1.0, -3.838362879530641e-17, 1.4813540171849057e-17, 3.838362879530641e-17, 1.0, 5.294293626938881e-18, -1.4813540171849057e-17, -5.294293626938881e-18, 1.0], "world_rotation": [-0.1276280613210114, 0.35710588544125776, 0.925303444577321, 4.1482206750932463e-17]}], "source": "action wait"}
{"timestamp": 1706068908.214037, "objects": [{"color": "cv_", "id_name": "hand", "shape": "CVCylinder", "id_string": "ob383", "world_size": [0.12, 0.005, 0.12], "id": 383, "camera_size": [49, 50], "camera_position": [246, 253], "world_position": [0.7069027701975502, 0.7120937812233422, -0.17409626836226738], "world_orientation": [-8.460966274045599e-06, -0.0004856448160244109, 0.9999998820387556, -0.0007634934650103303, -0.9999995906102686, -0.0004856511343865334, 0.999999708503028, -0.0007634974840259329, 8.09017616724476e-06], "world_rotation": [0.0, 1.0, 0.0, 0.0]}, {"color": "CVGreen", "id_name": "object262387785543004", "shape": "CVCone", "id_string": "ob1010", "world_size": [0.11, 0.11, 0.11], "id": 1010, "camera_size": [45, 45], "camera_position": [256, 254], "world_position": [0.7050976650752975, 0.6546625982560145, -0.14999646360972568], "world_orientation": [0.9999984304128124, 0.001771768281638992, 3.011258586092788e-06, -0.0017717680699169472, 0.9999984280430305, -6.891570493973332e-05, -3.1333565126422985e-06, 6.891026151871275e-05, 0.999999997620779], "world_rotation": [0.038865588214432714, 0.0017327219703235316, -0.9992429452977488, 0.0017731114465206553]}], "source": "action wait"}
{"timestamp": 1706068908.250129, "objects": [{"color": "cv_", "id_name": "hand", "shape": "CVCylinder", "id_string": "ob383", "world_size": [0.12, 0.005, 0.12], "id": 383, "camera_size": [49, 50], "camera_position": [246, 252], "world_position": [0.7073246214664156, 0.7118855637888956, -0.17410065096712754], "world_orientation": [-5.295573995843433e-06, -0.000823979945438107, 0.9999996605144457, -0.0007652228935969461, -0.9999993677421462, -0.0008239837564949807, 0.9999997072028973, -0.0007652269972821515, 4.665042329946269e-06], "world_rotation": [0.0, 1.0, 0.0, 0.0]}, {"color": "CVGreen", "id_name": "object262387785543004", "shape": "CVCone", "id_string": "ob1010", "world_size": [0.11, 0.11, 0.11], "id": 1010, "camera_size": [45, 46], "camera_position": [256, 253], "world_position": [0.7051967312066104, 0.6545958399563125, -0.1499986409795597], "world_orientation": [0.9999936874100401, 0.0035531848680030232, 4.1671080823969245e-06, -0.0035531847465968655, 0.9999936870047588, -2.878863427014833e-05, -4.269373115122757e-06, 2.8773646034428868e-05, 0.9999999995769249], "world_rotation": [0.008099825168699703, 0.0011871319617179584, -0.9999664912135515, 0.00355331135156022]}], "source": "action wait"}
{"timestamp": 1706068908.285106, "objects": [{"color": "cv_", "id_name": "hand", "shape": "CVCylinder", "id_string": "ob383", "world_size": [0.12, 0.005, 0.12], "id": 383, "camera_size": [49, 50], "camera_position": [246, 252], "world_position": [0.7076263434185148, 0.7117319521722157, -0.17410489972790674], "world_orientation": [-2.919415410929811e-06, -0.0010646244192960383, 0.9999994332830009, -0.000766124585149021, -0.9999991398115644, -0.001064626343495838, 0.9999997065222556, -0.0007661272590601282, 2.103777958488045e-06], "world_rotation": [0.0, 1.0, 0.0, 0.0]}, {"color": "CVGreen", "id_name": "object262387785543004", "shape": "CVCone", "id_string": "ob1010", "world_size": [0.11, 0.11, 0.11], "id": 1010, "camera_size": [45, 46], "camera_position": [256, 253], "world_position": [0.7052846838790785, 0.6545052957419366, -0.1500007681474381], "world_orientation": [0.9999868734618191, 0.005123756789473763, 4.518636465916645e-06, -0.0051237568390881645, 0.9999868734108591, 1.1037589880046291e-05, -4.4620232255451196e-06, -1.1060597389196839e-05, 0.9999999999288768], "world_rotation": [-0.002156437961769334, 0.000876372131543762, -0.9999972908699324, 0.005123793114588071]}], "source": "action wait"}
{"timestamp": 1706068909.342123, "objects": [{"color": "cv_", "id_name": "hand", "shape": "CVCylinder", "id_string": "ob383", "world_size": [0.12, 0.005, 0.12], "id": 383, "camera_size": [49, 50], "camera_position": [246, 252], "world_position": [0.7083547716116725, 0.711370499116943, -0.1741138148856896], "world_orientation": [3.4546073818428337e-06, -0.001636513022254791, 0.9999986609057003, -0.0007683849238301194, -0.9999983657086676, -0.0016365098846882241, 0.9999997047862939, -0.0007683782413914763, -4.712073669603008e-06], "world_rotation": [0.0, 1.0, 0.0, 0.0]}, {"color": "CVGreen", "id_name": "object262387785543004", "shape": "CVCone", "id_string": "ob1010", "world_size": [0.11, 0.11, 0.11], "id": 1010, "camera_size": [45, 46], "camera_position": [256, 253], "world_position": [0.7055089842463003, 0.6543013448817381, -0.1500052371222063], "world_orientation": [0.9999661357163132, 0.008229641098377947, -2.068757918711867e-05, -0.008229638269516903, 0.9999661270691781, 0.00013329749232812013, 2.1783868959352835e-05, -0.00013312272701064345, 0.9999999909019013], "world_rotation": [0.016184453259155348, 0.002580048800654959, 0.9998656943914459, -0.008230838054210685]}], "source": "action wait"}
{"timestamp": 1706068909.378181, "objects": [{"color": "cv_", "id_name": "hand", "shape": "CVCylinder", "id_string": "ob383", "world_size": [0.12, 0.005, 0.12], "id": 383, "camera_size": [51, 50], "camera_position": [246, 251], "world_position": [0.7107737240954717, 0.7320279007309806, -0.17409607894940007], "world_orientation": [2.106750094115166e-05, 0.02866972658657356, 0.999588938681102, -0.0007444269626084865, -0.9995886614814062, 0.028669734325731434, 0.9999997226922904, -0.0007447249571346724, 2.836824155289452e-07], "world_rotation": [0.0, 1.0, 0.0, 0.0]}, {"color": "CVGreen", "id_name": "object262387785543004", "shape": "CVCone", "id_string": "ob1010", "world_size": [0.11, 0.11, 0.11], "id": 1010, "camera_size": [46, 48], "camera_position": [252, 251], "world_position": [0.7106542574982935, 0.675663385179395, -0.1586470396938027], "world_orientation": [0.9996939481375477, -0.02473881665515759, -3.174373055603406e-05, 0.024738820222906563, 0.9996939416589573, 0.00011740679663910579, 2.8829509906397306e-05, -0.00011815616651375997, 0.9999999926039899], "world_rotation": [0.004760941139700867, 0.0012242401293595473, -0.9999879172647886, -0.024741641539113512]}], "source": "action wait"}
{"timestamp": 1706068909.413143, "objects": [{"color": "cv_", "id_name": "hand", "shape": "CVCylinder", "id_string": "ob383", "world_size": [0.12, 0.005, 0.12], "id": 383, "camera_size": [52, 53], "camera_position": [245, 250], "world_position": [0.714189672594516, 0.7808919994110677, -0.17411289202771277], "world_orientation": [7.612791774738582e-05, 0.09914081996011326, 0.9950734103683891, -0.000726641461956165, -0.9950731450642957, 0.0991408491190036, 0.9999997330983275, -0.0007306089840712731, -3.713016184331597e-06], "world_rotation": [0.0, 1.0, 0.0, 0.0]}, {"color": "CVGreen", "id_name": "object262387785543004", "shape": "CVCone", "id_string": "ob1010", "world_size": [0.11, 0.11, 0.11], "id": 1010, "camera_size": [48, 53], "camera_position": [249, 248], "world_position": [0.7186537725534281, 0.7250890873295152, -0.16422572326290488], "world_orientation": [0.9952920718900756, -0.09692105180267105, -3.674540089545689e-05, 0.09692105518129576, 0.9952920666713, 0.00010527923246093493, 2.636863205481295e-05, -0.00010834498843088825, 0.9999999937830294], "world_rotation": [0.0011020519904934088, 0.000325594847581133, -0.9999993397344848, -0.09707350389690693]}], "source": "action wait"}
{"timestamp": 1706068909.443773, "objects": [{"color": "cv_", "id_name": "hand", "shape": "CVCylinder", "id_string": "ob383", "world_size": [0.12, 0.005, 0.12], "id": 383, "camera_size": [55, 55], "camera_position": [245, 250], "world_position": [0.7131807782971449, 0.8508218328122051, -0.17411934476736649], "world_orientation": [0.00014960258893893336, 0.19839170672932588, 0.9801228026732622, -0.0007168576992626372, -0.9801225405297952, 0.19839176308622117, 0.9999997318670162, -0.0007322884987013116, -4.4102471014648875e-06], "world_rotation": [0.0, 1.0, 0.0, 0.0]}, {"color": "CVGreen", "id_name": "object262387785543004", "shape": "CVCone", "id_string": "ob1010", "world_size": [0.11, 0.11, 0.11], "id": 1010, "camera_size": [51, 60], "camera_position": [248, 245], "world_position": [0.7235994882980893, 0.7958874270731546, -0.16779199995162505], "world_orientation": [0.9803486289408422, -0.1972728156372438, -4.409495770475983e-05, 0.19727281877216435, 0.9803486256774133, 8.429763960905761e-05, 2.6598798467912487e-05, -9.13398120137462e-05, 0.9999999954747714], "world_rotation": [0.00044516379369706764, 0.00017917762070533463, -0.999999884862282, -0.19857531135389453]}], "source": "action wait"}
{"timestamp": 1706068909.47429, "objects": [{"color": "cv_", "id_name": "hand", "shape": "CVCylinder", "id_string": "ob383", "world_size": [0.12, 0.005, 0.12], "id": 383, "camera_size": [59, 57], "camera_position": [244, 254], "world_position": [0.7046753973370427, 0.9203749579974192, -0.17412028529955315], "world_orientation": [0.0002234783690568804, 0.29569958871504476, 0.9552809551598797, -0.0007079436443034504, -0.9552806928459076, 0.29569967313414364, 0.9999997244365696, -0.0007423675614124745, -4.1459267743142944e-06], "world_rotation": [0.0, 1.0, 0.0, 0.0]}, {"color": "CVGreen", "id_name": "object262387785543004", "shape": "CVCone", "id_string": "ob1010", "world_size": [0.11, 0.11, 0.11], "id": 1010, "camera_size": [54, 67], "camera_position": [246, 246], "world_position": [0.7207968156507265, 0.8668565510817426, -0.17007148630727958], "world_orientation": [0.9554122363319452, -0.295275221510218, -4.7215288021487277e-05, 0.295275224019473, 0.9554122348275651, 6.0183450932616445e-05, 2.733938204125868e-05, -7.144151019339355e-05, 0.9999999970743344], "world_rotation": [0.00022288520448004347, 0.00012624606107931944, -0.9999999671920583, -0.29974358302083437]}], "source": "action wait"}
{"timestamp": 1706068909.505318, "objects": [{"color": "cv_", "id_name": "hand", "shape": "CVCylinder", "id_string": "ob383", "world_size": [0.12, 0.005, 0.12], "id": 383, "camera_size": [62, 59], "camera_position": [243, 262], "world_position": [0.6889528666414491, 0.9886414962218598, -0.17412012288446382], "world_orientation": [0.00029653444568129324, 0.390019013198458, 0.9208067557370674, -0.0006882708951478416, -0.9208064985193525, 0.39001912589987814, 0.9999997191752094, -0.000749418595333344, -4.612109278910548e-06], "world_rotation": [0.0, 1.0, 0.0, 0.0]}, {"color": "CVGreen", "id_name": "object262387785543004", "shape": "CVCone", "id_string": "ob1010", "world_size": [0.11, 0.11, 0.11], "id": 1010, "camera_size": [57, 74], "camera_position": [245, 250], "world_position": [0.710517132387478, 0.9370699864062426, -0.17152947129736484], "world_orientation": [0.9208059467591875, -0.39002103295182855, -4.7624627330693425e-05, 0.3900210349172324, 0.9208059461577421, 4.292594092871362e-05, 2.7111020208202975e-05, -5.8101068116457656e-05, 0.9999999979446292], "world_rotation": [0.00012951481964319206, 9.580976417493948e-05, -0.9999999870232003, -0.4006544410485801]}], "source": "action wait"}
{"timestamp": 1706068909.538696, "objects": [{"color": "cv_", "id_name": "hand", "shape": "CVCylinder", "id_string": "ob383", "world_size": [0.12, 0.005, 0.12], "id": 383, "camera_size": [66, 60], "camera_position": [242, 274], "world_position": [0.6662818754954163, 1.0549343639970412, -0.17411973738899933], "world_orientation": [0.0003675230198991548, 0.48040185363976495, 0.8770484159647673, -0.0006590788250698674, -0.8770481683431334, 0.48040199418930135, 0.9999997152709256, -0.0007546028311936332, -5.712702167713677e-06], "world_rotation": [0.0, 1.0, 0.0, 0.0]}, {"color": "CVGreen", "id_name": "object262387785543004", "shape": "CVCone", "id_string": "ob1010", "world_size": [0.11, 0.11, 0.11], "id": 1010, "camera_size": [60, 83], "camera_position": [243, 260], "world_position": [0.6930093271133692, 1.0058240688720224, -0.17246223760929189], "world_orientation": [0.8769101027019294, -0.48065441808667064, -4.640103389810579e-05, 0.48065441961680655, 0.8769101025667931, 3.0317111837013054e-05, 2.6117481646705162e-05, -4.88882436725348e-05, 0.9999999984639084], "world_rotation": [8.239324544705845e-05, 7.543727077924255e-05, -0.9999999937602857, -0.5014008414752691]}], "source": "action wait"}
{"timestamp": 1706068909.569293, "objects": [{"color": "cv_", "id_name": "hand", "shape": "CVCylinder", "id_string": "ob383", "world_size": [0.12, 0.005, 0.12], "id": 383, "camera_size": [70, 61], "camera_position": [241, 290], "world_position": [0.6419559170001926, 1.1077183524452998, -0.17411828007027344], "world_orientation": [0.00043051278379664974, 0.5515677152724947, 0.8341300079291136, -0.000638347387124245, -0.8341297636996301, 0.5515678832410503, 0.9999997035856344, -0.0007699217359505055, -7.011716751178039e-06], "world_rotation": [0.0, 1.0, 0.0, 0.0]}, {"color": "CVGreen", "id_name": "object262387785543004", "shape": "CVCone", "id_string": "ob1010", "world_size": [0.11, 0.11, 0.11], "id": 1010, "camera_size": [64, 89], "camera_position": [242, 272], "world_position": [0.67268157983262, 1.0611306992040674, -0.17305859575227267], "world_orientation": [0.8338702198811362, -0.5519605556237038, -3.782800640211134e-05, 0.5519605563604643, 0.8338702201633534, 1.2123021724608448e-05, 2.4852218219916213e-05, -3.0988594250839605e-05, 0.9999999992110373], "world_rotation": [3.9053167300686766e-05, 5.677962292118018e-05, -0.9999999976254622, -0.5847135673302963]}], "source": "action wait"}
{"timestamp": 1706068909.604011, "objects": [{"color": "cv_", "id_name": "hand", "shape": "CVCylinder", "id_string": "ob383", "world_size": [0.12, 0.005, 0.12], "id": 383, "camera_size": [73, 61], "camera_position": [241, 303], "world_position": [0.6217374542087571, 1.1433829702591658, -0.1741185155533838], "world_orientation": [0.00047534341536514265, 0.5995226586494627, 0.8003576424415009, -0.0006175451624795016, -0.8003574042618592, 0.5995228470051759, 0.9999996963432588, -0.0007792362280281922, -1.021230440827704e-05], "world_rotation": [0.0, 1.0, 0.0, 0.0]}, {"color": "CVGreen", "id_name": "object262387785543004", "shape": "CVCone", "id_string": "ob1010", "world_size": [0.11, 0.11, 0.11], "id": 1010, "camera_size": [67, 93], "camera_position": [242, 283], "world_position": [0.6550940068465746, 1.098868038698683, -0.17344136345682057], "world_orientation": [0.8000049876768734, -0.5999933489895836, -2.9332400371266935e-05, 0.5999933493159627, 0.80000498796411, 3.0261722919836554e-06, 2.16503833578871e-05, -2.002019806938971e-05, 0.9999999995652264], "world_rotation": [1.920552150191808e-05, 4.248612400931484e-05, -0.9999999989130385, -0.6434927960753757]}], "source": "action wait"}
{"timestamp": 1706068909.63677, "objects": [{"color": "cv_", "id_name": "hand", "shape": "CVCylinder", "id_string": "ob383", "world_size": [0.12, 0.005, 0.12], "id": 383, "camera_size": [75, 62], "camera_position": [241, 313], "world_position": [0.6060735302535548, 1.1676397302297525, -0.17411978503123582], "world_orientation": [0.0005053464653194938, 0.6321147386124762, 0.7748746362179051, -0.0005976677666916134, -0.7748744058472378, 0.632114940462675, 0.9999996937090485, -0.000782554644132839, -1.3785437941560308e-05], "world_rotation": [0.0, 1.0, 0.0, 0.0]}, {"color": "CVGreen", "id_name": "object262387785543004", "shape": "CVCone", "id_string": "ob1010", "world_size": [0.11, 0.11, 0.11], "id": 1010, "camera_size": [68, 96], "camera_position": [241, 292], "world_position": [0.6411837562833023, 1.1247154812380278, -0.17368728496755834], "world_orientation": [0.7744553800276675, -0.6326285353789269, -2.388545586798583e-05, 0.6326285355719277, 0.7744553802380405, 6.858712986026966e-07, 1.806431805130643e-05, -1.5641797684441194e-05, 0.9999999997145075], "world_rotation": [1.2904625745691147e-05, 3.315513886930241e-05, -0.9999999993671036, -0.6849425703726773]}], "source": "action wait"}
