{"timestamp": 1706068839.622494, "objects": [{"color": "cv_", "id_name": "hand", "shape": "CVCylinder", "id_string": "ob383", "world_size": [0.12, 0.005, 0.12], "id": 383, "camera_size": [48, 50], "camera_position": [246, 426], "world_position": [0.26764451554000884, 0.6334703013849516, -0.17389260400847828], "world_orientation": [-0.000641550937775563, 0.19791547486687888, 0.9802188802612467, -0.0007473674820260798, -0.9802189031248735, 0.19791499033301338, 0.999999514927003, -0.0006056111687275731, 0.0007767759466307817], "world_rotation": [0.0, 1.0, 0.0, 0.0]}, {"color": "CVGreen", "id_name": "object157102153908591", "shape": "CVBox", "id_string": "ob968", "world_size": [0.11, 0.11, 0.11], "id": 968, "camera_size": [45, 45], "camera_position": [256, 254], "world_position": [0.705, 0.654738849708696, -0.15], "world_orientation": [1.0, -5.1619362862653347e-17, 1.4541359828532488e-17, 5.1619362862653347e-17, 1.0, 2.3824321321224633e-17, -1.4541359828532488e-17, -2.3824321321224633e-17, 1.0], "world_rotation": [-0.4059884517598224, 0.2477982093873522, 0.8796416454796148, 5.868226354211375e-17]}], "source": "manual check"}
{"timestamp": 1706068840.646069, "objects": [{"color": "cv_", "id_name": "hand", "shape": "CVCylinder", "id_string": "ob383", "world_size": [0.12, 0.005, 0.12], "id": 383, "camera_size": [48, 50], "camera_position": [246, 426], "world_position": [0.26764451554000884, 0.6334703013849516, -0.17389260400847828], "world_orientation": [-0.000641550937775563, 0.19791547486687888, 0.9802188802612467, -0.0007473674820260798, -0.9802189031248735, 0.19791499033301338, 0.999999514927003, -0.0006056111687275731, 0.0007767759466307817], "world_rotation": [0.0, 1.0, 0.0, 0.0]}, {"color": "CVGreen", "id_name": "object157102153908591", "shape": "CVBox", "id_string": "ob968", "world_size": [0.11, 0.11, 0.11], "id": 968, "camera_size": [45, 45], "camera_position": [256, 254], "world_position": [0.705, 0.6547388572526824, -0.15], "world_orientation": [1.0, -3.838362879530641e-17, 1.4813540171849057e-17, 3.838362879530641e-17, 1.0, 5.294293626938881e-18, -1.4813540171849057e-17, -5.294293626938881e-18, 1.0], "world_rotation": [-0.1276280613210114, 0.35710588544125776, 0.925303444577321, 4.1482206750932463e-17]}], "source": "manual check"}
{"timestamp": 1706068842.38435, "objects": [{"color": "cv_", "id_name": "hand", "shape": "CVCylinder", "id_string": "ob383", "world_size": [0.12, 0.005, 0.12], "id": 383, "camera_size": [48, 50], "camera_position": [246, 426], "world_position": [0.26764451554000884, 0.6334703013849516, -0.17389260400847828], "world_orientation": [-0.000641550937775563, 0.19791547486687888, 0.9802188802612467, -0.0007473674820260798, -0.9802189031248735, 0.19791499033301338, 0.999999514927003, -0.0006056111687275731, 0.0007767759466307817], "world_rotation": [0.0, 1.0, 0.0, 0.0]}, {"color": "CVGreen", "id_name": "object157102153908591", "shape": "CVBox", "id_string": "ob968", "world_size": [0.11, 0.11, 0.11], "id": 968, "camera_size": [45, 45], "camera_position": [256, 254], "world_position": [0.705, 0.6547388572526824, -0.15], "world_orientation": [1.0, -3.838362879530641e-17, 1.4813540171849057e-17, 3.838362879530641e-17, 1.0, 5.294293626938881e-18, -1.4813540171849057e-17, -5.294293626938881e-18, 1.0], "world_rotation": [-0.1276280613210114, 0.35710588544125776, 0.925303444577321, 4.1482206750932463e-17]}], "source": "action wait"}
{"timestamp": 1706068842.417879, "objects": [{"color": "cv_", "id_name": "hand", "shape": "CVCylinder", "id_string": "ob383", "world_size": [0.12, 0.005, 0.12], "id": 383, "camera_size": [49, 51], "camera_position": [246, 421], "world_position": [0.2907963041491727, 0.6674649118840088, -0.17395625440239051], "world_orientation": [-0.0003850539442104637, 0.19530907254972352, 0.9807416672667818, -0.0007159465796250109, -0.9807415424606827, 0.19530876660389937, 0.9999996695769231, -0.0006269542312559502, 0.0005174692616376757], "world_rotation": [0.0, 1.0, 0.0, 0.0]}, {"color": "CVGreen", "id_name": "object157102153908591", "shape": "CVBox", "id_string": "ob968", "world_size": [0.11, 0.11, 0.11], "id": 968, "camera_size": [45, 45], "camera_position": [256, 254], "world_position": [0.705, 0.6547388572526824, -0.15], "world_orientation": [1.0, -3.838362879530641e-17, 1.4813540171849057e-17, 3.838362879530641e-17, 1.0, 5.294293626938881e-18, -1.4813540171849057e-17, -5.294293626938881e-18, 1.0], "world_rotation": [-0.1276280613210114, 0.35710588544125776, 0.925303444577321, 4.1482206750932463e-17]}], "source": "action wait"}
{"timestamp": 1706068842.44964, "objects": [{"color": "cv_", "id_name": "hand", "shape": "CVCylinder", "id_string": "ob383", "world_size": [0.12, 0.005, 0.12], "id": 383, "camera_size": [51, 52], "camera_position": [246, 406], "world_position": [0.33662256544650765, 0.7051726052316059, -0.17398411585154247], "world_orientation": [-0.00022718538310191933, 0.18151312939432798, 0.9833884950741897, -0.0007325542351871652, -0.9833882867997928, 0.18151292171429853, 0.999999705875504, -0.0006791483242436072, 0.0003563796563548664], "world_rotation": [0.0, 1.0, 0.0, 0.0]}, {"color": "CVGreen", "id_name": "object157102153908591", "shape": "CVBox", "id_string": "ob968", "world_size": [0.11, 0.11, 0.11], "id": 968, "camera_size": [45, 45], "camera_position": [256, 254], "world_position": [0.705, 0.6547388572526824, -0.15], "world_orientation": [1.0, -3.838362879530641e-17, 1.4813540171849057e-17, 3.838362879530641e-17, 1.0, 5.294293626938881e-18, -1.4813540171849057e-17, -5.294293626938881e-18, 1.0], "world_rotation": [-0.1276280613210114, 0.35710588544125776, 0.925303444577321, 4.1482206750932463e-17]}], "source": "action wait"}
{"timestamp": 1706068842.47913, "objects": [{"color": "cv_", "id_name": "hand", "shape": "CVCylinder", "id_string": "ob383", "world_size": [0.12, 0.005, 0.12], "id": 383, "camera_size": [51, 52], "camera_position": [246, 388], "world_position": [0.3870319467721304, 0.7381661612628037, -0.17400462754539694], "world_orientation": [-0.000124909294295266, 0.17169196897045153, 0.9851506748658896, -0.000743884223939737, -0.985150425931123, 0.17169183126750223, 0.9999997155169245, -0.0007113921397567329, 0.0002507733915724284], "world_rotation": [0.0, 1.0, 0.0, 0.0]}, {"color": "CVGreen", "id_name": "object157102153908591", "shape": "CVBox", "id_string": "ob968", "world_size": [0.11, 0.11, 0.11], "id": 968, "camera_size": [45, 45], "camera_position": [256, 254], "world_position": [0.705, 0.6547388572526824, -0.15], "world_orientation": [1.0, -3.838362879530641e-17, 1.4813540171849057e-17, 3.838362879530641e-17, 1.0, 5.294293626938881e-18, -1.4813540171849057e-17, -5.294293626938881e-18, 1.0], "world_rotation": [-0.1276280613210114, 0.35710588544125776, 0.925303444577321, 4.1482206750932463e-17]}], "source": "action wait"}
{"timestamp": 1706068842.510615, "objects": [{"color": "cv_", "id_name": "hand", "shape": "CVCylinder", "id_string": "ob383", "world_size": [0.12, 0.005, 0.12], "id": 383, "camera_size": [52, 53], "camera_position": [245, 368], "world_position": [0.44103755959301, 0.765989225849618, -0.17402311492327302], "world_orientation": [-5.292530934247858e-05, 0.16475205560481973, 0.9863350127481524, -0.0007513039531098788, -0.9863347423083909, 0.16475197011814505, 0.9999997163706006, -0.00073231784518538, 0.00017598094201120453], "world_rotation": [0.0, 1.0, 0.0, 0.0]}, {"color": "CVGreen", "id_name": "object157102153908591", "shape": "CVBox", "id_string": "ob968", "world_size": [0.11, 0.11, 0.11], "id": 968, "camera_size": [45, 45], "camera_position": [256, 254], "world_position": [0.705, 0.6547388572526824, -0.15], "world_orientation": [1.0, -3.838362879530641e-17, 1.4813540171849057e-17, 3.838362879530641e-17, 1.0, 5.294293626938881e-18, -1.4813540171849057e-17, -5.294293626938881e-18, 1.0], "world_rotation": [-0.1276280613210114, 0.35710588544125776, 0.925303444577321, 4.1482206750932463e-17]}], "source": "action wait"}
{"timestamp": 1706068842.542908, "objects": [{"color": "cv_", "id_name": "hand", "shape": "CVCylinder", "id_string": "ob383", "world_size": [0.12, 0.005, 0.12], "id": 383, "camera_size": [52, 53], "camera_position": [245, 344], "world_position": [0.4981549031094657, 0.7811411952220774, -0.1740383757457845], "world_orientation": [-9.12293913435404e-06, 0.14955928348465708, 0.9887527601176787, -0.0007643490256486352, -0.9887524723724437, 0.14955923290772574, 0.9999997078436269, -0.0007543877890248648, 0.00012333582123301613], "world_rotation": [0.0, 1.0, 0.0, 0.0]}, {"color": "CVGreen", "id_name": "object157102153908591", "shape": "CVBox", "id_string": "ob968", "world_size": [0.11, 0.11, 0.11], "id": 968, "camera_size": [45, 45], "camera_position": [256, 254], "world_position": [0.705, 0.6547388572526824, -0.15], "world_orientation": [1.0, -3.838362879530641e-17, 1.4813540171849057e-17, 3.838362879530641e-17, 1.0, 5.294293626938881e-18, -1.4813540171849057e-17, -5.294293626938881e-18, 1.0], "world_rotation": [-0.1276280613210114, 0.35710588544125776, 0.925303444577321, 4.1482206750932463e-17]}], "source": "action wait"}
{"timestamp": 1706068842.578788, "objects": [{"color": "cv_", "id_name": "hand", "shape": "CVCylinder", "id_string": "ob383", "world_size": [0.12, 0.005, 0.12], "id": 383, "camera_size": [52, 53], "camera_position": [245, 318], "world_position": [0.5567904849180231, 0.7728433536139011, -0.1740502187194359], "world_orientation": [-2.341790648732923e-06, 0.11084767825607687, 0.9938374073357036, -0.0007770584239988196, -0.9938371074907445, 0.11084764298187097, 0.9999996980873153, -0.0007720101474819101, 8.846248061468334e-05], "world_rotation": [0.0, 1.0, 0.0, 0.0]}, {"color": "CVGreen", "id_name": "object157102153908591", "shape": "CVBox", "id_string": "ob968", "world_size": [0.11, 0.11, 0.11], "id": 968, "camera_size": [45, 45], "camera_position": [256, 254], "world_position": [0.705, 0.6547388572526824, -0.15], "world_orientation": [1.0, -3.838362879530641e-17, 1.4813540171849057e-17, 3.838362879530641e-17, 1.0, 5.294293626938881e-18, -1.4813540171849057e-17, -5.294293626938881e-18, 1.0], "world_rotation": [-0.1276280613210114, 0.35710588544125776, 0.925303444577321, 4.1482206750932463e-17]}], "source": "action wait"}
{"timestamp": 1706068842.614914, "objects": [{"color": "cv_", "id_name": "hand", "shape": "CVCylinder", "id_string": "ob383", "world_size": [0.12, 0.005, 0.12], "id": 383, "camera_size": [52, 52], "camera_position": [245, 298], "world_position": [0.6021305220427706, 0.7593670437004193, -0.1740558239184009], "world_orientation": [-1.6619590560096286e-05, 0.07771686819842327, 0.9969754701702636, -0.0007752612629384572, -0.9969751717031547, 0.07771683200851241, 0.9999996993468366, -0.0007716248401955744, 7.682019654381088e-05], "world_rotation": [0.0, 1.0, 0.0, 0.0]}, {"color": "CVGreen", "id_name": "object157102153908591", "shape": "CVBox", "id_string": "ob968", "world_size": [0.11, 0.11, 0.11], "id": 968, "camera_size": [45, 45], "camera_position": [256, 254], "world_position": [0.705, 0.6547388572526824, -0.15], "world_orientation": [1.0, -3.838362879530641e-17, 1.4813540171849057e-17, 3.838362879530641e-17, 1.0, 5.294293626938881e-18, -1.4813540171849057e-17, -5.294293626938881e-18, 1.0], "world_rotation": [-0.1276280613210114, 0.35710588544125776, 0.925303444577321, 4.1482206750932463e-17]}], "source": "action wait"}
{"timestamp": 1706068842.650424, "objects": [{"color": "cv_", "id_name": "hand", "shape": "CVCylinder", "id_string": "ob383", "world_size": [0.12, 0.005, 0.12], "id": 383, "camera_size": [51, 51], "camera_position": [246, 284], "world_position": [0.6339561784830272, 0.7474014408533768, -0.17406350288037892], "world_orientation": [-2.2862890525075812e-05, 0.054305853200573795, 0.9985243481184853, -0.0007713918961143324, -0.9985240522534738, 0.05430581944731577, 0.9999997022158712, -0.0007690120022068941, 6.472024116420695e-05], "world_rotation": [0.0, 1.0, 0.0, 0.0]}, {"color": "CVGreen", "id_name": "object157102153908591", "shape": "CVBox", "id_string": "ob968", "world_size": [0.11, 0.11, 0.11], "id": 968, "camera_size": [45, 45], "camera_position": [256, 254], "world_position": [0.705, 0.6547388572526824, -0.15], "world_orientation": [1.0, -3.838362879530641e-17, 1.4813540171849057e-17, 3.838362879530641e-17, 1.0, 5.294293626938881e-18, -1.4813540171849057e-17, -5.294293626938881e-18, 1.0], "world_rotation": [-0.1276280613210114, 0.35710588544125776, 0.925303444577321, 4.1482206750932463e-17]}], "source": "action wait"}
{"timestamp": 1706068842.688217, "objects": [{"color": "cv_", "id_name": "hand", "shape": "CVCylinder", "id_string": "ob383", "world_size": [0.12, 0.005, 0.12], "id": 383, "camera_size": [51, 51], "camera_position": [246, 275], "world_position": [0.6562274614549816, 0.737773578606935, -0.17407138157051674], "world_orientation": [-2.4216271095257384e-05, 0.037786098302533024, 0.9992858500892744, -0.0007678982969266816, -0.9992855564615499, 0.03778606859063527, 0.9999997048728453, -0.0007664348647462224, 5.3214850471245135e-05], "world_rotation": [0.0, 1.0, 0.0, 0.0]}, {"color": "CVGreen", "id_name": "object157102153908591", "shape": "CVBox", "id_string": "ob968", "world_size": [0.11, 0.11, 0.11], "id": 968, "camera_size": [45, 45], "camera_position": [256, 254], "world_position": [0.705, 0.6547388572526824, -0.15], "world_orientation": [1.0, -3.838362879530641e-17, 1.4813540171849057e-17, 3.838362879530641e-17, 1.0, 5.294293626938881e-18, -1.4813540171849057e-17, -5.294293626938881e-18, 1.0], "world_rotation": [-0.1276280613210114, 0.35710588544125776, 0.925303444577321, 4.1482206750932463e-17]}], "source": "action wait"}
{"timestamp": 1706068842.720323, "objects": [{"color": "cv_", "id_name": "hand", "shape": "CVCylinder", "id_string": "ob383", "world_size": [0.12, 0.005, 0.12], "id": 383, "camera_size": [51, 51], "camera_position": [246, 268], "world_position": [0.671810507217893, 0.7304172546620872, -0.17407849349023571], "world_orientation": [-2.3037477255378158e-05, 0.026136543200782982, 0.9996583819379439, -0.0007653854631140936, -0.9996580898566357, 0.02613651792560291, 0.9999997068271409, -0.0007645218741785687, 4.303413073053347e-05], "world_rotation": [0.0, 1.0, 0.0, 0.0]}, {"color": "CVGreen", "id_name": "object157102153908591", "shape": "CVBox", "id_string": "ob968", "world_size": [0.11, 0.11, 0.11], "id": 968, "camera_size": [45, 45], "camera_position": [256, 254], "world_position": [0.705, 0.6547388572526824, -0.15], "world_orientation": [1.0, -3.838362879530641e-17, 1.4813540171849057e-17, 3.838362879530641e-17, 1.0, 5.294293626938881e-18, -1.4813540171849057e-17, -5.294293626938881e-18, 1.0], "world_rotation": [-0.1276280613210114, 0.35710588544125776, 0.925303444577321, 4.1482206750932463e-17]}], "source": "action wait"}
{"timestamp": 1706068842.752533, "objects": [{"color": "cv_", "id_name": "hand", "shape": "CVCylinder", "id_string": "ob383", "world_size": [0.12, 0.005, 0.12], "id": 383, "camera_size": [51, 50], "camera_position": [246, 263], "world_position": [0.6827232998493133, 0.724964161812985, -0.17408450610732337], "world_orientation": [-2.072316071372225e-05, 0.017923941869612228, 0.9998393530354792, -0.00076380107121428, -0.9998390618846554, 0.01792392081928814, 0.9999997080891945, -0.0007633069285992944, 3.441015156805596e-05], "world_rotation": [0.0, 1.0, 0.0, 0.0]}, {"color": "CVGreen", "id_name": "object157102153908591", "shape": "CVBox", "id_string": "ob968", "world_size": [0.11, 0.11, 0.11], "id": 968, "camera_size": [45, 45], "camera_position": [256, 254], "world_position": [0.705, 0.6547388572526824, -0.15], "world_orientation": [1.0, -3.838362879530641e-17, 1.4813540171849057e-17, 3.838362879530641e-17, 1.0, 5.294293626938881e-18, -1.4813540171849057e-17, -5.294293626938881e-18, 1.0], "world_rotation": [-0.1276280613210114, 0.35710588544125776, 0.925303444577321, 4.1482206750932463e-17]}], "source": "action wait"}
{"timestamp": 1706068842.783653, "objects": [{"color": "cv_", "id_name": "hand", "shape": "CVCylinder", "id_string": "ob383", "world_size": [0.12, 0.005, 0.12], "id": 383, "camera_size": [51, 51], "camera_position": [246, 260], "world_position": [0.69037415626864, 0.7209971851449121, -0.17408939511662558], "world_orientation": [-1.8091848998923563e-05, 0.01213510984518933, 0.9999263666799322, -0.0007629125260134232, -0.9999260760146974, 0.012135092514160792, 0.9999997088185391, -0.0007626368039702159, 2.734853888315698e-05], "world_rotation": [0.0, 1.0, 0.0, 0.0]}, {"color": "CVGreen", "id_name": "object157102153908591", "shape": "CVBox", "id_string": "ob968", "world_size": [0.11, 0.11, 0.11], "id": 968, "camera_size": [45, 45], "camera_position": [256, 254], "world_position": [0.705, 0.6547388572526824, -0.15], "world_orientation": [1.0, -3.838362879530641e-17, 1.4813540171849057e-17, 3.838362879530641e-17, 1.0, 5.294293626938881e-18, -1.4813540171849057e-17, -5.294293626938881e-18, 1.0], "world_rotation": [-0.1276280613210114, 0.35710588544125776, 0.925303444577321, 4.1482206750932463e-17]}], "source": "action wait"}
{"timestamp": 1706068842.809767, "objects": [{"color": "cv_", "id_name": "hand", "shape": "CVCylinder", "id_string": "ob383", "world_size": [0.12, 0.005, 0.12], "id": 383, "camera_size": [51, 50], "camera_position": [246, 257], "world_position": [0.6957439163324259, 0.7181459772301774, -0.1740932712240959], "world_orientation": [-1.554310331309803e-05, 0.00805494769969132, 0.9999675582617505, -0.0007624851059533703, -0.9999672677956226, 0.00805493350815704, 0.9999997091873952, -0.0007623351709477859, 2.1684372203678747e-05], "world_rotation": [0.0, 1.0, 0.0, 0.0]}, {"color": "CVGreen", "id_name": "object157102153908591", "shape": "CVBox", "id_string": "ob968", "world_size": [0.11, 0.11, 0.11], "id": 968, "camera_size": [45, 45], "camera_position": [256, 254], "world_position": [0.705, 0.6547388572526824, -0.15], "world_orientation": [1.0, -3.838362879530641e-17, 1.4813540171849057e-17, 3.838362879530641e-17, 1.0, 5.294293626938881e-18, -1.4813540171849057e-17, -5.294293626938881e-18, 1.0], "world_rotation": [-0.1276280613210114, 0.35710588544125776, 0.925303444577321, 4.1482206750932463e-17]}], "source": "action wait"}
{"timestamp": 1706068842.845287, "objects": [{"color": "cv_", "id_name": "hand", "shape": "CVCylinder", "id_string": "ob383", "world_size": [0.12, 0.005, 0.12], "id": 383, "camera_size": [50, 50], "camera_position": [245, 256], "world_position": [0.6995161975987917, 0.7161128663404476, -0.17409629130360083], "world_orientation": [-1.326315110442993e-05, 0.005179143657947447, 0.9999865880575896, -0.0007623368072170866, -0.9999862976230612, 0.005179132042601614, 0.9999997093332985, -0.0007622578911892058, 1.7211221208418253e-05], "world_rotation": [0.0, 1.0, 0.0, 0.0]}, {"color": "CVGreen", "id_name": "object157102153908591", "shape": "CVBox", "id_string": "ob968", "world_size": [0.11, 0.11, 0.11], "id": 968, "camera_size": [45, 45], "camera_position": [256, 254], "world_position": [0.705, 0.6547388572526824, -0.15], "world_orientation": [1.0, -3.838362879530641e-17, 1.4813540171849057e-17, 3.838362879530641e-17, 1.0, 5.294293626938881e-18, -1.4813540171849057e-17, -5.294293626938881e-18, 1.0], "world_rotation": [-0.1276280613210114, 0.35710588544125776, 0.925303444577321, 4.1482206750932463e-17]}], "source": "action wait"}
{"timestamp": 1706068842.886894, "objects": [{"color": "cv_", "id_name": "hand", "shape": "CVCylinder", "id_string": "ob383", "world_size": [0.12, 0.005, 0.12], "id": 383, "camera_size": [50, 50], "camera_position": [245, 255], "world_position": [0.7021682576349179, 0.7146706726051193, -0.17409861522906178], "world_orientation": [-1.1327324431508158e-05, 0.0031521790581747525, 0.999995031807097, -0.00076234257440343, -0.999994741316772, 0.0031521695071484637, 0.9999997093527033, -0.000762303081292151, 1.3730305163251963e-05], "world_rotation": [0.0, 1.0, 0.0, 0.0]}, {"color": "CVGreen", "id_name": "object157102153908591", "shape": "CVBox", "id_string": "ob968", "world_size": [0.11, 0.11, 0.11], "id": 968, "camera_size": [45, 45], "camera_position": [256, 254], "world_position": [0.705, 0.6547388572526824, -0.15], "world_orientation": [1.0, -3.838362879530641e-17, 1.4813540171849057e-17, 3.838362879530641e-17, 1.0, 5.294293626938881e-18, -1.4813540171849057e-17, -5.294293626938881e-18, 1.0], "world_rotation": [-0.1276280613210114, 0.35710588544125776, 0.925303444577321, 4.1482206750932463e-17]}], "source": "action wait"}
{"timestamp": 1706068842.921448, "objects": [{"color": "cv_", "id_name": "hand", "shape": "CVCylinder", "id_string": "ob383", "world_size": [0.12, 0.005, 0.12], "id": 383, "camera_size": [50, 50], "camera_position": [245, 254], "world_position": [0.7040338881250199, 0.7136511692588662, -0.17410038697678998], "world_orientation": [-9.73588397548039e-06, 0.0017234736889598192, 0.9999985147707252, -0.0007624230658829258, -0.9999982241868357, 0.0017234657652722464, 0.9999997093080985, -0.0007624051540474876, 1.1049882780639139e-05], "world_rotation": [0.0, 1.0, 0.0, 0.0]}, {"color": "CVGreen", "id_name": "object157102153908591", "shape": "CVBox", "id_string": "ob968", "world_size": [0.11, 0.11, 0.11], "id": 968, "camera_size": [45, 45], "camera_position": [256, 254], "world_position": [0.705, 0.6547388572526824, -0.15], "world_orientation": [1.0, -3.838362879530641e-17, 1.4813540171849057e-17, 3.838362879530641e-17, 1.0, 5.294293626938881e-18, -1.4813540171849057e-17, -5.294293626938881e-18, 1.0], "world_rotation": [-0.1276280613210114, 0.35710588544125776, 0.925303444577321, 4.1482206750932463e-17]}], "source": "action wait"}
{"timestamp": 1706068842.952573, "objects": [{"color": "cv_", "id_name": "hand", "shape": "CVCylinder", "id_string": "ob383", "world_size": [0.12, 0.005, 0.12], "id": 383, "camera_size": [50, 50], "camera_position": [245, 253], "world_position": [0.7053469204367602, 0.7129320924930438, -0.1741017282020494], "world_orientation": [-8.45721685325988e-06, 0.0007164241679028444, 0.9999997433324106, -0.0007625314179189304, -0.9999994526457437, 0.0007164175107529977, 0.9999997092371139, -0.0007625251633039705, 9.003508161113511e-06], "world_rotation": [0.0, 1.0, 0.0, 0.0]}, {"color": "CVGreen", "id_name": "object157102153908591", "shape": "CVBox", "id_string": "ob968", "world_size": [0.11, 0.11, 0.11], "id": 968, "camera_size": [45, 45], "camera_position": [256, 254], "world_position": [0.705, 0.6547388572526824, -0.15], "world_orientation": [1.0, -3.838362879530641e-17, 1.4813540171849057e-17, 3.838362879530641e-17, 1.0, 5.294293626938881e-18, -1.4813540171849057e-17, -5.294293626938881e-18, 1.0], "world_rotation": [-0.1276280613210114, 0.35710588544125776, 0.925303444577321, 4.1482206750932463e-17]}], "source": "action wait"}
{"timestamp": 1706068842.986212, "objects": [{"color": "cv_", "id_name": "hand", "shape": "CVCylinder", "id_string": "ob383", "world_size": [0.12, 0.005, 0.12], "id": 383, "camera_size": [50, 50], "camera_position": [245, 253], "world_position": [0.7062713818521077, 0.7124256436894186, -0.174102737868533], "world_orientation": [-7.447206096594861e-06, 6.566603633279546e-06, 0.9999999999507094, -0.0007626420408144122, -0.9999997091669937, 6.56092217172035e-06, 0.9999997091607862, -0.0007626419919166725, 7.452211899062164e-06], "world_rotation": [0.0, 1.0, 0.0, 0.0]}, {"color": "CVGreen", "id_name": "object157102153908591", "shape": "CVBox", "id_string": "ob968", "world_size": [0.11, 0.11, 0.11], "id": 968, "camera_size": [45, 45], "camera_position": [256, 254], "world_position": [0.705, 0.6547388572526824, -0.15], "world_orientation": [1.0, -3.838362879530641e-17, 1.4813540171849057e-17, 3.838362879530641e-17, 1.0, 5.294293626938881e-18, -1.4813540171849057e-17, -5.294293626938881e-18, 1.0], "world_rotation": [-0.1276280613210114, 0.35710588544125776, 0.925303444577321, 4.1482206750932463e-17]}], "source": "action wait"}
{"timestamp": 1706068843.015591, "objects": [{"color": "cv_", "id_name": "hand", "shape": "CVCylinder", "id_string": "ob383", "world_size": [0.12, 0.005, 0.12], "id": 383, "camera_size": [49, 50], "camera_position": [246, 253], "world_position": [0.7069025824252503, 0.7120937836064745, -0.1740962868037785], "world_orientation": [-8.448049873275973e-06, -0.00048564411502981876, 0.9999998820392052, -0.0007634934594116847, -0.999999590610618, -0.00048565042353044196, 0.9999997085031416, -0.0007634974721487298, 8.077260309624698e-06], "world_rotation": [0.0, 1.0, 0.0, 0.0]}, {"color": "CVGreen", "id_name": "object157102153908591", "shape": "CVBox", "id_string": "ob968", "world_size": [0.11, 0.11, 0.11], "id": 968, "camera_size": [45, 45], "camera_position": [256, 254], "world_position": [0.7050976649615143, 0.65466259835256, -0.14999646363290206], "world_orientation": [0.99999843041647, 0.0017717662179306017, 3.010886379662607e-06, -0.0017717660062355573, 0.9999984280467166, -6.891527495729588e-05, -3.132983402756795e-06, 6.890983220287931e-05, 0.9999999976208097], "world_rotation": [0.03886539148137326, 0.0017325138302036937, -0.9992429533105689, 0.0017731093670406198]}], "source": "action wait"}
{"timestamp": 1706068843.047599, "objects": [{"color": "cv_", "id_name": "hand", "shape": "CVCylinder", "id_string": "ob383", "world_size": [0.12, 0.005, 0.12], "id": 383, "camera_size": [49, 50], "camera_position": [246, 252], "world_position": [0.7073244333617363, 0.7118855663997433, -0.1741006694955763], "world_orientation": [-5.289952066071117e-06, -0.000823978972199612, 0.9999996605152773, -0.0007652228724991945, -0.9999993677429679, -0.0008239827789546394, 0.9999997072029431, -0.0007652269715474969, 4.659421165865823e-06], "world_rotation": [0.0, 1.0, 0.0, 0.0]}, {"color": "CVGreen", "id_name": "object157102153908591", "shape": "CVBox", "id_string": "ob968", "world_size": [0.11, 0.11, 0.11], "id": 968, "camera_size": [45, 46], "camera_position": [256, 253], "world_position": [0.7051967307149328, 0.6545958404116528, -0.1499986410811013], "world_orientation": [0.9999936874415489, 0.0035531760027780438, 4.164994340043472e-06, -0.0035531758814405933, 0.9999936870363115, -2.878678701753906e-05, -4.2672525674124375e-06, 2.8771806341828123e-05, 0.999999999576987], "world_rotation": [0.0080993266096926, 0.001186539103390741, -0.9999664959554524, 0.0035533024691665116]}], "source": "action wait"}
{"timestamp": 1706068843.075272, "objects": [{"color": "cv_", "id_name": "hand", "shape": "CVCylinder", "id_string": "ob383", "world_size": [0.12, 0.005, 0.12], "id": 383, "camera_size": [49, 50], "camera_position": [246, 252], "world_position": [0.7076261550639762, 0.7117319549660094, -0.17410491833805206], "world_orientation": [-2.921817387102537e-06, -0.0010646232484920312, 0.9999994332842405, -0.000766124547270647, -0.9999991398128381, -0.0010646251745322572, 0.9999997065222775, -0.0007661272237365189, 2.106180869906484e-06], "world_rotation": [0.0, 1.0, 0.0, 0.0]}, {"color": "CVGreen", "id_name": "object157102153908591", "shape": "CVBox", "id_string": "ob968", "world_size": [0.11, 0.11, 0.11], "id": 968, "camera_size": [45, 46], "camera_position": [256, 253], "world_position": [0.7052846830505437, 0.6545052965383605, -0.150000768298042], "world_orientation": [0.9999868735381214, 0.00512374190200034, 4.513853246440069e-06, -0.005123741951574024, 0.9999868734871098, 1.1040324355857214e-05, -4.457226222773646e-06, -1.1063307254702391e-05, 0.9999999999288682], "world_rotation": [-0.0021569755109847703, 0.0008754397948320825, -0.9999972905272349, 0.005123778228614459]}], "source": "action wait"}
{"timestamp": 1706068844.167057, "objects": [{"color": "cv_", "id_name": "hand", "shape": "CVCylinder", "id_string": "ob383", "world_size": [0.12, 0.005, 0.12], "id": 383, "camera_size": [49, 50], "camera_position": [246, 252], "world_position": [0.7083548360157687, 0.7113706024469485, -0.17411381238245757], "world_orientation": [3.8839393008542954e-06, -0.001636492755035588, 0.9999986609372925, -0.0007683910873031038, -0.9999983657376389, -0.001636489287554119, 0.9999997047799825, -0.0007683837023545648, -5.1413994005296e-06], "world_rotation": [0.0, 1.0, 0.0, 0.0]}, {"color": "CVGreen", "id_name": "object157102153908591", "shape": "CVBox", "id_string": "ob968", "world_size": [0.11, 0.11, 0.11], "id": 968, "camera_size": [45, 46], "camera_position": [256, 253], "world_position": [0.7055090649454878, 0.6543009340779349, -0.15000522631936625], "world_orientation": [0.9999663628641751, 0.008201991967686801, -2.1632265485501624e-05, -0.008201988989203822, 0.9999663540962487, 0.00013435801846793384, 2.2733541036649232e-05, -0.00013417607144569358, 0.9999999907399839], "world_rotation": [0.016367803364846414, 0.002704203393732821, 0.9998623816791065, -0.008203211380326201]}], "source": "action wait"}
{"timestamp": 1706068844.201028, "objects": [{"color": "cv_", "id_name": "hand", "shape": "CVCylinder", "id_string": "ob383", "world_size": [0.12, 0.005, 0.12], "id": 383, "camera_size": [51, 50], "camera_position": [246, 251], "world_position": [0.7107737058147217, 0.7320279989235849, -0.1740960813010392], "world_orientation": [2.240301142543194e-05, 0.028669787646811967, 0.9995889369007602, -0.0007444014967071057, -0.9995886597205423, 0.028669796380539757, 0.99999972268222, -0.0007447377904970323, -1.0519633295328544e-06], "world_rotation": [0.0, 1.0, 0.0, 0.0]}, {"color": "CVGreen", "id_name": "object157102153908591", "shape": "CVBox", "id_string": "ob968", "world_size": [0.11, 0.11, 0.11], "id": 968, "camera_size": [46, 48], "camera_position": [252, 251], "world_position": [0.710653993050449, 0.6756631300464482, -0.1586470465450062], "world_orientation": [0.9996935089792545, -0.024756556577728385, -3.179872572704334e-05, 0.024756560171125604, 0.9996935024231288, 0.00011807400723135593, 2.886587365427804e-05, -0.00011882504567518281, 0.9999999925236849], "world_rotation": [0.00478451325911474, 0.0012252078534620628, -0.9999878035749182, -0.02475938993944773]}], "source": "action wait"}
{"timestamp": 1706068844.235051, "objects": [{"color": "cv_", "id_name": "hand", "shape": "CVCylinder", "id_string": "ob383", "world_size": [0.12, 0.005, 0.12], "id": 383, "camera_size": [52, 53], "camera_position": [245, 250], "world_position": [0.7141895988147983, 0.7808921201645773, -0.17411289740761543], "world_orientation": [7.774952192790151e-05, 0.09914094299900801, 0.9950733979844298, -0.0007264940760782375, -0.9950731327953564, 0.09914097334196835, 0.999999733080649, -0.0007306230921798312, -5.341152572132362e-06], "world_rotation": [0.0, 1.0, 0.0, 0.0]}, {"color": "CVGreen", "id_name": "object157102153908591", "shape": "CVBox", "id_string": "ob968", "world_size": [0.11, 0.11, 0.11], "id": 968, "camera_size": [48, 53], "camera_position": [249, 248], "world_position": [0.7186532882667008, 0.7250889209872643, -0.16422574116149008], "world_orientation": [0.9952909626957416, -0.09693244163712926, -3.653010465857881e-05, 0.09693244500400285, 0.9952909574229533, 0.00010572439162511227, 2.6109959419575416e-05, -0.00010876748388178773, 0.9999999937439522], "world_rotation": [0.0011063980525042707, 0.00032311174836355554, -0.9999993357408531, -0.0970849480045715]}], "source": "action wait"}
{"timestamp": 1706068844.271379, "objects": [{"color": "cv_", "id_name": "hand", "shape": "CVCylinder", "id_string": "ob383", "world_size": [0.12, 0.005, 0.12], "id": 383, "camera_size": [55, 55], "camera_position": [245, 250], "world_position": [0.7131806609185818, 0.850821939899059, -0.17411935301489542], "world_orientation": [0.00015181641320414897, 0.19839182726738205, 0.9801227779341146, -0.0007164349122448893, -0.9801225161125059, 0.19839188524308982, 0.9999997318363606, -0.0007323133208251194, -6.663853537983431e-06], "world_rotation": [0.0, 1.0, 0.0, 0.0]}, {"color": "CVGreen", "id_name": "object157102153908591", "shape": "CVBox", "id_string": "ob968", "world_size": [0.11, 0.11, 0.11], "id": 968, "camera_size": [51, 60], "camera_position": [248, 245], "world_position": [0.7235988613296046, 0.7958872507744614, -0.16779202501342289], "world_orientation": [0.9803471749005759, -0.1972800415437854, -4.327750008517725e-05, 0.19728004461501095, 0.9803471715769264, 8.472201394877526e-05, 2.571301236993615e-05, -9.159477417419891e-05, 0.9999999954746192], "world_rotation": [0.0004468692450358999, 0.00017485424129864375, -0.9999998848669294, -0.19858268207874016]}], "source": "action wait"}
{"timestamp": 1706068844.301131, "objects": [{"color": "cv_", "id_name": "hand", "shape": "CVCylinder", "id_string": "ob383", "world_size": [0.12, 0.005, 0.12], "id": 383, "camera_size": [59, 57], "camera_position": [244, 254], "world_position": [0.7046752494974666, 0.9203750549753298, -0.17412029590509717], "world_orientation": [0.00022648308090485354, 0.2956997055902354, 0.9552809182744424, -0.0007070530851283414, -0.9552806566387643, 0.2956997922348724, 0.9999997243906366, -0.0007424053203987138, -7.279517134785074e-06], "world_rotation": [0.0, 1.0, 0.0, 0.0]}, {"color": "CVGreen", "id_name": "object157102153908591", "shape": "CVBox", "id_string": "ob968", "world_size": [0.11, 0.11, 0.11], "id": 968, "camera_size": [54, 67], "camera_position": [246, 246], "world_position": [0.720796106069476, 0.866856342741877, -0.17007151601208575], "world_orientation": [0.9554108298908944, -0.29527977250522885, -4.5568109692752326e-05, 0.29527977491405544, 0.9554108282959669, 6.084011245820896e-05, 2.5571410859581504e-05, -7.158264350768765e-05, 0.9999999971110141], "world_rotation": [0.00022423268280847, 0.00012046121099659214, -0.9999999676043998, -0.29974834622814633]}], "source": "action wait"}
{"timestamp": 1706068844.333857, "objects": [{"color": "cv_", "id_name": "hand", "shape": "CVCylinder", "id_string": "ob383", "world_size": [0.12, 0.005, 0.12], "id": 383, "camera_size": [62, 59], "camera_position": [243, 262], "world_position": [0.6889526967740855, 0.9886415856265643, -0.17412013451927064], "world_orientation": [0.0003001189030258864, 0.39001912546605144, 0.920806707023434, -0.0006867995466800237, -0.9208064509318684, 0.39001924084414025, 0.999999719117474, -0.0007494617756849397, -8.486463385731397e-06], "world_rotation": [0.0, 1.0, 0.0, 0.0]}, {"color": "CVGreen", "id_name": "object157102153908591", "shape": "CVBox", "id_string": "ob968", "world_size": [0.11, 0.11, 0.11], "id": 968, "camera_size": [57, 74], "camera_position": [245, 250], "world_position": [0.7105163810332269, 0.9370697334551816, -0.17152950391574637], "world_orientation": [0.920804740047122, -0.39002388215470135, -4.534013763010383e-05, 0.3900238840142856, 0.9208047393259073, 4.39699766126031e-05, 2.460007263478963e-05, -5.817149946488139e-05, 0.9999999980054566], "world_rotation": [0.00013094258995561742, 8.966144435956884e-05, -0.9999999874074317, -0.40065753507943586]}], "source": "action wait"}
{"timestamp": 1706068844.365415, "objects": [{"color": "cv_", "id_name": "hand", "shape": "CVCylinder", "id_string": "ob383", "world_size": [0.12, 0.005, 0.12], "id": 383, "camera_size": [66, 60], "camera_position": [242, 274], "world_position": [0.6662816890981507, 1.054934447209982, -0.1741197489945156], "world_orientation": [0.00037139938850901924, 0.480401960324849, 0.8770483558952359, -0.0006570036045981499, -0.8770481098702615, 0.48040210378313875, 0.9999997152043384, -0.0007546449788137059, -1.0109312108868317e-05], "world_rotation": [0.0, 1.0, 0.0, 0.0]}, {"color": "CVGreen", "id_name": "object157102153908591", "shape": "CVBox", "id_string": "ob968", "world_size": [0.11, 0.11, 0.11], "id": 968, "camera_size": [60, 83], "camera_position": [243, 260], "world_position": [0.6930085624542781, 1.0058237645057986, -0.17246227196581101], "world_orientation": [0.876909129181878, -0.48065619442913693, -4.375362895810086e-05, 0.48065619586632397, 0.8769091289090191, 3.180156212500443e-05, 2.3082338828350238e-05, -4.891753300000843e-05, 0.9999999985371403], "world_rotation": [8.396760039736426e-05, 6.952575256910676e-05, -0.9999999940578059, -0.5014028669439918]}], "source": "action wait"}
{"timestamp": 1706068844.394015, "objects": [{"color": "cv_", "id_name": "hand", "shape": "CVCylinder", "id_string": "ob383", "world_size": [0.12, 0.005, 0.12], "id": 383, "camera_size": [70, 61], "camera_position": [241, 290], "world_position": [0.6419557279921111, 1.1077184108086893, -0.17411829097949105], "world_orientation": [0.000434496890899056, 0.5515677904029891, 0.8341299561833371, -0.0006357567370227568, -0.8341297139858856, 0.5515679614147259, 0.9999997035128677, -0.0007699583035503642, -1.1763828659425865e-05], "world_rotation": [0.0, 1.0, 0.0, 0.0]}, {"color": "CVGreen", "id_name": "object157102153908591", "shape": "CVBox", "id_string": "ob968", "world_size": [0.11, 0.11, 0.11], "id": 968, "camera_size": [64, 89], "camera_position": [242, 272], "world_position": [0.6726808244024642, 1.0611303309495688, -0.17305863110863953], "world_orientation": [0.8338694968863577, -0.5519616480673688, -3.5003526764109434e-05, 0.5519616487600976, 0.8338694970449414, 1.400182565843378e-05, 2.1459902491206e-05, -3.0996299662424716e-05, 0.999999999289351], "world_rotation": [4.0762003441664915e-05, 5.1147964081216996e-05, -0.9999999978611724, -0.5847148772367982]}], "source": "action wait"}
{"timestamp": 1706068844.42806, "objects": [{"color": "cv_", "id_name": "hand", "shape": "CVCylinder", "id_string": "ob383", "world_size": [0.12, 0.005, 0.12], "id": 383, "camera_size": [73, 61], "camera_position": [241, 303], "world_position": [0.6217372664456404, 1.1433830119275858, -0.17411852558426055], "world_orientation": [0.00047935467333188323, 0.5995227128189806, 0.800357599472428, -0.00061457737350743, -0.8003573636563972, 0.5995229042627425, 0.9999996962568284, -0.0007792657772783882, -1.5201948401431688e-05], "world_rotation": [0.0, 1.0, 0.0, 0.0]}, {"color": "CVGreen", "id_name": "object157102153908591", "shape": "CVBox", "id_string": "ob968", "world_size": [0.11, 0.11, 0.11], "id": 968, "camera_size": [67, 93], "camera_position": [242, 283], "world_position": [0.6550932653116194, 1.0988676270379507, -0.17344139939496594], "world_orientation": [0.800004477935128, -0.5999940287914717, -2.6425784015457e-05, 0.5999940291028342, 0.8000044781211413, 5.202663946434571e-06, 1.801917824855826e-05, -2.001746707797462e-05, 0.9999999996373051], "world_rotation": [2.1016984990497315e-05, 3.703783711123327e-05, -0.9999999990932426, -0.6434936456781736]}], "source": "action wait"}
{"timestamp": 1706068844.464797, "objects": [{"color": "cv_", "id_name": "hand", "shape": "CVCylinder", "id_string": "ob383", "world_size": [0.12, 0.005, 0.12], "id": 383, "camera_size": [75, 62], "camera_position": [241, 313], "world_position": [0.6060733447924754, 1.1676397608440445, -0.17411979431403068], "world_orientation": [0.0005093726531212033, 0.6321147788336337, 0.7748746007707356, -0.0005944139400826996, -0.774874373012317, 0.6321149837813028, 0.9999996936057371, -0.0007825783508805429, -1.896197894539588e-05], "world_rotation": [0.0, 1.0, 0.0, 0.0]}, {"color": "CVGreen", "id_name": "object157102153908591", "shape": "CVBox", "id_string": "ob968", "world_size": [0.11, 0.11, 0.11], "id": 968, "camera_size": [68, 96], "camera_position": [241, 292], "world_position": [0.6411830281900875, 1.1247150400860386, -0.17368732124885833], "world_orientation": [0.7744550298578927, -0.63262896415676, -2.092260566012432e-05, 0.6326289643423579, 0.774455029982718, 3.0956553098947974e-06, 1.4245215981743043e-05, -1.563369217556232e-05, 0.9999999997763309], "world_rotation": [1.4802790051185507e-05, 2.7794982218484635e-05, -0.9999999995041582, -0.6849431239068579]}], "source": "action wait"}
