{"timestamp": 1706068642.268964, "objects": [{"color": "cv_", "id_name": "hand", "shape": "CVCylinder", "id_string": "ob383", "world_size": [0.12, 0.005, 0.12], "id": 383, "camera_size": [48, 50], "camera_position": [246, 426], "world_position": [0.26764451554000973, 0.6334703013849516, -0.17389260400847448], "world_orientation": [-0.0006415489095611444, 0.19791547486687913, 0.9802188802625739, -0.0007473670725121038, -0.9802189031248736, 0.19791499033455995, 0.9999995149286103, -0.0006056111687282731, 0.0007767738774875156], "world_rotation": [0.0, 1.0, 0.0, 0.0]}, {"color": "CVRed", "id_name": "object123449673237587", "shape": "CVSphere", "id_string": "ob884", "world_size": [0.11, 0.11, 0.11], "id": 884, "camera_size": [45, 45], "camera_position": [256, 254], "world_position": [0.705, 0.654738849708696, -0.15], "world_orientation": [1.0, -5.1619362862653347e-17, 1.4541359828532488e-17, 5.1619362862653347e-17, 1.0, 2.3824321321224633e-17, -1.4541359828532488e-17, -2.3824321321224633e-17, 1.0], "world_rotation": [-0.4059884517598224, 0.2477982093873522, 0.8796416454796148, 5.868226354211375e-17]}], "source": "manual check"}
{"timestamp": 1706068643.289992, "objects": [{"color": "cv_", "id_name": "hand", "shape": "CVCylinder", "id_string": "ob383", "world_size": [0.12, 0.005, 0.12], "id": 383, "camera_size": [48, 50], "camera_position": [246, 426], "world_position": [0.26764451554000973, 0.6334703013849516, -0.17389260400847448], "world_orientation": [-0.0006415489095611444, 0.19791547486687913, 0.9802188802625739, -0.0007473670725121038, -0.9802189031248736, 0.19791499033455995, 0.9999995149286103, -0.0006056111687282731, 0.0007767738774875156], "world_rotation": [0.0, 1.0, 0.0, 0.0]}, {"color": "CVRed", "id_name": "object123449673237587", "shape": "CVSphere", "id_string": "ob884", "world_size": [0.11, 0.11, 0.11], "id": 884, "camera_size": [45, 45], "camera_position": [256, 254], "world_position": [0.705, 0.6547388572526824, -0.15], "world_orientation": [1.0, -3.838362879530641e-17, 1.4813540171849057e-17, 3.838362879530641e-17, 1.0, 5.294293626938881e-18, -1.4813540171849057e-17, -5.294293626938881e-18, 1.0], "world_rotation": [-0.1276280613210114, 0.35710588544125776, 0.925303444577321, 4.1482206750932463e-17]}], "source": "manual check"}
{"timestamp": 1706068644.902933, "objects": [{"color": "cv_", "id_name": "hand", "shape": "CVCylinder", "id_string": "ob383", "world_size": [0.12, 0.005, 0.12], "id": 383, "camera_size": [48, 50], "camera_position": [246, 426], "world_position": [0.26764451554000973, 0.6334703013849516, -0.17389260400847448], "world_orientation": [-0.0006415489095611444, 0.19791547486687913, 0.9802188802625739, -0.0007473670725121038, -0.9802189031248736, 0.19791499033455995, 0.9999995149286103, -0.0006056111687282731, 0.0007767738774875156], "world_rotation": [0.0, 1.0, 0.0, 0.0]}, {"color": "CVRed", "id_name": "object123449673237587", "shape": "CVSphere", "id_string": "ob884", "world_size": [0.11, 0.11, 0.11], "id": 884, "camera_size": [45, 45], "camera_position": [256, 254], "world_position": [0.705, 0.6547388572526824, -0.15], "world_orientation": [1.0, -3.838362879530641e-17, 1.4813540171849057e-17, 3.838362879530641e-17, 1.0, 5.294293626938881e-18, -1.4813540171849057e-17, -5.294293626938881e-18, 1.0], "world_rotation": [-0.1276280613210114, 0.35710588544125776, 0.925303444577321, 4.1482206750932463e-17]}], "source": "action wait"}
{"timestamp": 1706068644.937069, "objects": [{"color": "cv_", "id_name": "hand", "shape": "CVCylinder", "id_string": "ob383", "world_size": [0.12, 0.005, 0.12], "id": 383, "camera_size": [49, 51], "camera_position": [246, 421], "world_position": [0.29079630457144573, 0.6674649119222166, -0.17395625224614128], "world_orientation": [-0.0003850748083719101, 0.19530907185201277, 0.980741667397535, -0.0007159491941537071, -0.9807415426005932, 0.19530876589175494, 0.9999996695670171, -0.0006269527208473984, 0.0005174902341830806], "world_rotation": [0.0, 1.0, 0.0, 0.0]}, {"color": "CVRed", "id_name": "object123449673237587", "shape": "CVSphere", "id_string": "ob884", "world_size": [0.11, 0.11, 0.11], "id": 884, "camera_size": [45, 45], "camera_position": [256, 254], "world_position": [0.705, 0.6547388572526824, -0.15], "world_orientation": [1.0, -3.838362879530641e-17, 1.4813540171849057e-17, 3.838362879530641e-17, 1.0, 5.294293626938881e-18, -1.4813540171849057e-17, -5.294293626938881e-18, 1.0], "world_rotation": [-0.1276280613210114, 0.35710588544125776, 0.925303444577321, 4.1482206750932463e-17]}], "source": "action wait"}
{"timestamp": 1706068644.969201, "objects": [{"color": "cv_", "id_name": "hand", "shape": "CVCylinder", "id_string": "ob383", "world_size": [0.12, 0.005, 0.12], "id": 383, "camera_size": [51, 52], "camera_position": [246, 406], "world_position": [0.33662256659875184, 0.7051726051387254, -0.17398411162308994], "world_orientation": [-0.000227205449566501, 0.18151312725235874, 0.9833884954649169, -0.0007325554873370048, -0.9833882871968207, 0.18151291955825533, 0.9999997058700276, -0.0006791459140468404, 0.000356399615283825], "world_rotation": [0.0, 1.0, 0.0, 0.0]}, {"color": "CVRed", "id_name": "object123449673237587", "shape": "CVSphere", "id_string": "ob884", "world_size": [0.11, 0.11, 0.11], "id": 884, "camera_size": [45, 45], "camera_position": [256, 254], "world_position": [0.705, 0.6547388572526824, -0.15], "world_orientation": [1.0, -3.838362879530641e-17, 1.4813540171849057e-17, 3.838362879530641e-17, 1.0, 5.294293626938881e-18, -1.4813540171849057e-17, -5.294293626938881e-18, 1.0], "world_rotation": [-0.1276280613210114, 0.35710588544125776, 0.925303444577321, 4.1482206750932463e-17]}], "source": "action wait"}
{"timestamp": 1706068645.002719, "objects": [{"color": "cv_", "id_name": "hand", "shape": "CVCylinder", "id_string": "ob383", "world_size": [0.12, 0.005, 0.12], "id": 383, "camera_size": [51, 52], "camera_position": [246, 388], "world_position": [0.3870319484344664, 0.7381661611081793, -0.17400462121860555], "world_orientation": [-0.0001249208147340599, 0.1716919658015533, 0.9851506754167042, -0.0007438832328441733, -0.9851504264855313, 0.17169182809065778, 0.9999997155162226, -0.0007113891862196277, 0.0002507845684864314], "world_rotation": [0.0, 1.0, 0.0, 0.0]}, {"color": "CVRed", "id_name": "object123449673237587", "shape": "CVSphere", "id_string": "ob884", "world_size": [0.11, 0.11, 0.11], "id": 884, "camera_size": [45, 45], "camera_position": [256, 254], "world_position": [0.705, 0.6547388572526824, -0.15], "world_orientation": [1.0, -3.838362879530641e-17, 1.4813540171849057e-17, 3.838362879530641e-17, 1.0, 5.294293626938881e-18, -1.4813540171849057e-17, -5.294293626938881e-18, 1.0], "world_rotation": [-0.1276280613210114, 0.35710588544125776, 0.925303444577321, 4.1482206750932463e-17]}], "source": "action wait"}
{"timestamp": 1706068645.037357, "objects": [{"color": "cv_", "id_name": "hand", "shape": "CVCylinder", "id_string": "ob383", "world_size": [0.12, 0.005, 0.12], "id": 383, "camera_size": [52, 53], "camera_position": [245, 368], "world_position": [0.44103756160542823, 0.76598922568018, -0.17402310649988117], "world_orientation": [-5.293397885091131e-05, 0.1647520517096404, 0.9863350133983169, -0.0007513020842063423, -0.9863347429614495, 0.16475196621694674, 0.9999997163715458, -0.0007323145741967756, 0.0001759891822509836], "world_rotation": [0.0, 1.0, 0.0, 0.0]}, {"color": "CVRed", "id_name": "object123449673237587", "shape": "CVSphere", "id_string": "ob884", "world_size": [0.11, 0.11, 0.11], "id": 884, "camera_size": [45, 45], "camera_position": [256, 254], "world_position": [0.705, 0.6547388572526824, -0.15], "world_orientation": [1.0, -3.838362879530641e-17, 1.4813540171849057e-17, 3.838362879530641e-17, 1.0, 5.294293626938881e-18, -1.4813540171849057e-17, -5.294293626938881e-18, 1.0], "world_rotation": [-0.1276280613210114, 0.35710588544125776, 0.925303444577321, 4.1482206750932463e-17]}], "source": "action wait"}
{"timestamp": 1706068645.072962, "objects": [{"color": "cv_", "id_name": "hand", "shape": "CVCylinder", "id_string": "ob383", "world_size": [0.12, 0.005, 0.12], "id": 383, "camera_size": [52, 53], "camera_position": [245, 344], "world_position": [0.4981549035219416, 0.7811412620947243, -0.17403836523571325], "world_orientation": [-9.127608843370693e-06, 0.14955937484636792, 0.988752746298209, -0.0007643463243504798, -0.9887524585555922, 0.14955932426622043, 0.9999997078456491, -0.0007543844083139931, 0.00012334010412100817], "world_rotation": [0.0, 1.0, 0.0, 0.0]}, {"color": "CVRed", "id_name": "object123449673237587", "shape": "CVSphere", "id_string": "ob884", "world_size": [0.11, 0.11, 0.11], "id": 884, "camera_size": [45, 45], "camera_position": [256, 254], "world_position": [0.705, 0.6547388572526824, -0.15], "world_orientation": [1.0, -3.838362879530641e-17, 1.4813540171849057e-17, 3.838362879530641e-17, 1.0, 5.294293626938881e-18, -1.4813540171849057e-17, -5.294293626938881e-18, 1.0], "world_rotation": [-0.1276280613210114, 0.35710588544125776, 0.925303444577321, 4.1482206750932463e-17]}], "source": "action wait"}
{"timestamp": 1706068645.104905, "objects": [{"color": "cv_", "id_name": "hand", "shape": "CVCylinder", "id_string": "ob383", "world_size": [0.12, 0.005, 0.12], "id": 383, "camera_size": [52, 53], "camera_position": [245, 318], "world_position": [0.5567905176150525, 0.7728434412984566, -0.1740502062121072], "world_orientation": [-2.3621842632627198e-06, 0.11084778651617161, 0.9938373952608572, -0.0007770582081506307, -0.9938370954178728, 0.11084775122620806, 0.9999996980874352, -0.0007720076627412441, 8.848280871516502e-05], "world_rotation": [0.0, 1.0, 0.0, 0.0]}, {"color": "CVRed", "id_name": "object123449673237587", "shape": "CVSphere", "id_string": "ob884", "world_size": [0.11, 0.11, 0.11], "id": 884, "camera_size": [45, 45], "camera_position": [256, 254], "world_position": [0.705, 0.6547388572526824, -0.15], "world_orientation": [1.0, -3.838362879530641e-17, 1.4813540171849057e-17, 3.838362879530641e-17, 1.0, 5.294293626938881e-18, -1.4813540171849057e-17, -5.294293626938881e-18, 1.0], "world_rotation": [-0.1276280613210114, 0.35710588544125776, 0.925303444577321, 4.1482206750932463e-17]}], "source": "action wait"}
{"timestamp": 1706068645.132764, "objects": [{"color": "cv_", "id_name": "hand", "shape": "CVCylinder", "id_string": "ob383", "world_size": [0.12, 0.005, 0.12], "id": 383, "camera_size": [52, 52], "camera_position": [245, 298], "world_position": [0.6021306066433403, 0.7593671150638537, -0.1740558097477231], "world_orientation": [-1.6638606348483314e-05, 0.07771694407860684, 0.996975464254883, -0.0007752609080831447, -0.9969751657895118, 0.07771690787402746, 0.9999996993467954, -0.000771623002718459, 7.683918596300484e-05], "world_rotation": [0.0, 1.0, 0.0, 0.0]}, {"color": "CVRed", "id_name": "object123449673237587", "shape": "CVSphere", "id_string": "ob884", "world_size": [0.11, 0.11, 0.11], "id": 884, "camera_size": [45, 45], "camera_position": [256, 254], "world_position": [0.705, 0.6547388572526824, -0.15], "world_orientation": [1.0, -3.838362879530641e-17, 1.4813540171849057e-17, 3.838362879530641e-17, 1.0, 5.294293626938881e-18, -1.4813540171849057e-17, -5.294293626938881e-18, 1.0], "world_rotation": [-0.1276280613210114, 0.35710588544125776, 0.925303444577321, 4.1482206750932463e-17]}], "source": "action wait"}
{"timestamp": 1706068645.16379, "objects": [{"color": "cv_", "id_name": "hand", "shape": "CVCylinder", "id_string": "ob383", "world_size": [0.12, 0.005, 0.12], "id": 383, "camera_size": [51, 51], "camera_position": [246, 284], "world_position": [0.6339562992856215, 0.7474014951823041, -0.17406348748339148], "world_orientation": [-2.2881630984825167e-05, 0.054305906074489756, 0.998524345242448, -0.0007713915879116772, -0.9985240493788886, 0.05430587230682436, 0.9999997022156804, -0.0007690106733149478, 6.473897794752757e-05], "world_rotation": [0.0, 1.0, 0.0, 0.0]}, {"color": "CVRed", "id_name": "object123449673237587", "shape": "CVSphere", "id_string": "ob884", "world_size": [0.11, 0.11, 0.11], "id": 884, "camera_size": [45, 45], "camera_position": [256, 254], "world_position": [0.705, 0.6547388572526824, -0.15], "world_orientation": [1.0, -3.838362879530641e-17, 1.4813540171849057e-17, 3.838362879530641e-17, 1.0, 5.294293626938881e-18, -1.4813540171849057e-17, -5.294293626938881e-18, 1.0], "world_rotation": [-0.1276280613210114, 0.35710588544125776, 0.925303444577321, 4.1482206750932463e-17]}], "source": "action wait"}
{"timestamp": 1706068645.198725, "objects": [{"color": "cv_", "id_name": "hand", "shape": "CVCylinder", "id_string": "ob383", "world_size": [0.12, 0.005, 0.12], "id": 383, "camera_size": [51, 51], "camera_position": [246, 275], "world_position": [0.6562276072864739, 0.7377736182374269, -0.17407136528978762], "world_orientation": [-2.424134534215176e-05, 0.037786134906716125, 0.9992858487045478, -0.0007678983245874625, -0.9992855550781382, 0.037786105175588364, 0.9999997048722166, -0.0007664339429798383, 5.3239935923953846e-05], "world_rotation": [0.0, 1.0, 0.0, 0.0]}, {"color": "CVRed", "id_name": "object123449673237587", "shape": "CVSphere", "id_string": "ob884", "world_size": [0.11, 0.11, 0.11], "id": 884, "camera_size": [45, 45], "camera_position": [256, 254], "world_position": [0.705, 0.6547388572526824, -0.15], "world_orientation": [1.0, -3.838362879530641e-17, 1.4813540171849057e-17, 3.838362879530641e-17, 1.0, 5.294293626938881e-18, -1.4813540171849057e-17, -5.294293626938881e-18, 1.0], "world_rotation": [-0.1276280613210114, 0.35710588544125776, 0.925303444577321, 4.1482206750932463e-17]}], "source": "action wait"}
{"timestamp": 1706068645.233628, "objects": [{"color": "cv_", "id_name": "hand", "shape": "CVCylinder", "id_string": "ob383", "world_size": [0.12, 0.005, 0.12], "id": 383, "camera_size": [51, 51], "camera_position": [246, 268], "world_position": [0.6718106703526963, 0.7304172826366118, -0.17407847657253825], "world_orientation": [-2.3054369398290673e-05, 0.02613656832157271, 0.9996583812807593, -0.0007653852341648321, -0.9996580892003537, 0.026136543033480803, 0.9999997068269268, -0.0007645212027238779, 4.3051030325860074e-05], "world_rotation": [0.0, 1.0, 0.0, 0.0]}, {"color": "CVRed", "id_name": "object123449673237587", "shape": "CVSphere", "id_string": "ob884", "world_size": [0.11, 0.11, 0.11], "id": 884, "camera_size": [45, 45], "camera_position": [256, 254], "world_position": [0.705, 0.6547388572526824, -0.15], "world_orientation": [1.0, -3.838362879530641e-17, 1.4813540171849057e-17, 3.838362879530641e-17, 1.0, 5.294293626938881e-18, -1.4813540171849057e-17, -5.294293626938881e-18, 1.0], "world_rotation": [-0.1276280613210114, 0.35710588544125776, 0.925303444577321, 4.1482206750932463e-17]}], "source": "action wait"}
{"timestamp": 1706068645.26969, "objects": [{"color": "cv_", "id_name": "hand", "shape": "CVCylinder", "id_string": "ob383", "world_size": [0.12, 0.005, 0.12], "id": 383, "camera_size": [51, 50], "camera_position": [246, 263], "world_position": [0.6827234749778489, 0.7249641809552401, -0.1740844887408462], "world_orientation": [-2.0745144008154226e-05, 0.017923958893084773, 0.9998393527298463, -0.0007638010082963912, -0.9998390615798277, 0.017923937825977874, 0.9999997080887868, -0.000763306471078433, 3.443214319302327e-05], "world_rotation": [0.0, 1.0, 0.0, 0.0]}, {"color": "CVRed", "id_name": "object123449673237587", "shape": "CVSphere", "id_string": "ob884", "world_size": [0.11, 0.11, 0.11], "id": 884, "camera_size": [45, 45], "camera_position": [256, 254], "world_position": [0.705, 0.6547388572526824, -0.15], "world_orientation": [1.0, -3.838362879530641e-17, 1.4813540171849057e-17, 3.838362879530641e-17, 1.0, 5.294293626938881e-18, -1.4813540171849057e-17, -5.294293626938881e-18, 1.0], "world_rotation": [-0.1276280613210114, 0.35710588544125776, 0.925303444577321, 4.1482206750932463e-17]}], "source": "action wait"}
{"timestamp": 1706068645.303017, "objects": [{"color": "cv_", "id_name": "hand", "shape": "CVCylinder", "id_string": "ob383", "world_size": [0.12, 0.005, 0.12], "id": 383, "camera_size": [51, 51], "camera_position": [246, 260], "world_position": [0.6903743397378553, 0.7209971977723727, -0.17408937743222358], "world_orientation": [-1.811596904416427e-05, 0.012135121161674405, 0.9999263665421585, -0.0007629125088466209, -0.9999260758775971, 0.01213510381224822, 0.9999997088181154, -0.0007626364937959131, 2.737266556803059e-05], "world_rotation": [0.0, 1.0, 0.0, 0.0]}, {"color": "CVRed", "id_name": "object123449673237587", "shape": "CVSphere", "id_string": "ob884", "world_size": [0.11, 0.11, 0.11], "id": 884, "camera_size": [45, 45], "camera_position": [256, 254], "world_position": [0.705, 0.6547388572526824, -0.15], "world_orientation": [1.0, -3.838362879530641e-17, 1.4813540171849057e-17, 3.838362879530641e-17, 1.0, 5.294293626938881e-18, -1.4813540171849057e-17, -5.294293626938881e-18, 1.0], "world_rotation": [-0.1276280613210114, 0.35710588544125776, 0.925303444577321, 4.1482206750932463e-17]}], "source": "action wait"}
{"timestamp": 1706068645.338402, "objects": [{"color": "cv_", "id_name": "hand", "shape": "CVCylinder", "id_string": "ob383", "world_size": [0.12, 0.005, 0.12], "id": 383, "camera_size": [51, 50], "camera_position": [246, 257], "world_position": [0.6957441056197963, 0.7181459851324169, -0.1740932533143733], "world_orientation": [-1.5558862249851088e-05, 0.008054954994771883, 0.999967558202742, -0.000762485017499922, -0.9999672677370236, 0.0080549407912238, 0.9999997091872177, -0.0007623349554017515, 2.170013547359699e-05], "world_rotation": [0.0, 1.0, 0.0, 0.0]}, {"color": "CVRed", "id_name": "object123449673237587", "shape": "CVSphere", "id_string": "ob884", "world_size": [0.11, 0.11, 0.11], "id": 884, "camera_size": [45, 45], "camera_position": [256, 254], "world_position": [0.705, 0.6547388572526824, -0.15], "world_orientation": [1.0, -3.838362879530641e-17, 1.4813540171849057e-17, 3.838362879530641e-17, 1.0, 5.294293626938881e-18, -1.4813540171849057e-17, -5.294293626938881e-18, 1.0], "world_rotation": [-0.1276280613210114, 0.35710588544125776, 0.925303444577321, 4.1482206750932463e-17]}], "source": "action wait"}
{"timestamp": 1706068645.367129, "objects": [{"color": "cv_", "id_name": "hand", "shape": "CVCylinder", "id_string": "ob383", "world_size": [0.12, 0.005, 0.12], "id": 383, "camera_size": [50, 50], "camera_position": [245, 256], "world_position": [0.6995163909551959, 0.7161128708524341, -0.17409627323658142], "world_orientation": [-1.3284653445114989e-05, 0.005179148119612531, 0.9999865880341963, -0.000762336782539522, -0.9999862976000572, 0.005179136487875474, 0.9999997093330318, -0.0007622577550716305, 1.7232726527647868e-05], "world_rotation": [0.0, 1.0, 0.0, 0.0]}, {"color": "CVRed", "id_name": "object123449673237587", "shape": "CVSphere", "id_string": "ob884", "world_size": [0.11, 0.11, 0.11], "id": 884, "camera_size": [45, 45], "camera_position": [256, 254], "world_position": [0.705, 0.6547388572526824, -0.15], "world_orientation": [1.0, -3.838362879530641e-17, 1.4813540171849057e-17, 3.838362879530641e-17, 1.0, 5.294293626938881e-18, -1.4813540171849057e-17, -5.294293626938881e-18, 1.0], "world_rotation": [-0.1276280613210114, 0.35710588544125776, 0.925303444577321, 4.1482206750932463e-17]}], "source": "action wait"}
{"timestamp": 1706068645.404023, "objects": [{"color": "cv_", "id_name": "hand", "shape": "CVCylinder", "id_string": "ob383", "world_size": [0.12, 0.005, 0.12], "id": 383, "camera_size": [50, 50], "camera_position": [245, 255], "world_position": [0.7021684538429218, 0.7146706747019185, -0.17409859705112157], "world_orientation": [-1.1351165518933117e-05, 0.0031521815235048167, 0.9999950317990555, -0.0007623425669675401, -0.9999947413090636, 0.0031521719543037637, 0.9999997093524385, -0.0007623029986712453, 1.3754147981203477e-05], "world_rotation": [0.0, 1.0, 0.0, 0.0]}, {"color": "CVRed", "id_name": "object123449673237587", "shape": "CVSphere", "id_string": "ob884", "world_size": [0.11, 0.11, 0.11], "id": 884, "camera_size": [45, 45], "camera_position": [256, 254], "world_position": [0.705, 0.6547388572526824, -0.15], "world_orientation": [1.0, -3.838362879530641e-17, 1.4813540171849057e-17, 3.838362879530641e-17, 1.0, 5.294293626938881e-18, -1.4813540171849057e-17, -5.294293626938881e-18, 1.0], "world_rotation": [-0.1276280613210114, 0.35710588544125776, 0.925303444577321, 4.1482206750932463e-17]}], "source": "action wait"}
{"timestamp": 1706068645.435764, "objects": [{"color": "cv_", "id_name": "hand", "shape": "CVCylinder", "id_string": "ob383", "world_size": [0.12, 0.005, 0.12], "id": 383, "camera_size": [50, 50], "camera_position": [245, 254], "world_position": [0.7040340863345891, 0.7136511696431824, -0.17410036872077916], "world_orientation": [-9.759426547736116e-06, 0.0017234747477216069, 0.999998514768671, -0.000762423060623435, -0.9999982241850458, 0.0017234668060847618, 0.9999997093078729, -0.0007624051082014751, 1.1073426109231008e-05], "world_rotation": [0.0, 1.0, 0.0, 0.0]}, {"color": "CVRed", "id_name": "object123449673237587", "shape": "CVSphere", "id_string": "ob884", "world_size": [0.11, 0.11, 0.11], "id": 884, "camera_size": [45, 45], "camera_position": [256, 254], "world_position": [0.705, 0.6547388572526824, -0.15], "world_orientation": [1.0, -3.838362879530641e-17, 1.4813540171849057e-17, 3.838362879530641e-17, 1.0, 5.294293626938881e-18, -1.4813540171849057e-17, -5.294293626938881e-18, 1.0], "world_rotation": [-0.1276280613210114, 0.35710588544125776, 0.925303444577321, 4.1482206750932463e-17]}], "source": "action wait"}
{"timestamp": 1706068645.45834, "objects": [{"color": "cv_", "id_name": "hand", "shape": "CVCylinder", "id_string": "ob383", "world_size": [0.12, 0.005, 0.12], "id": 383, "camera_size": [50, 50], "camera_position": [245, 253], "world_position": [0.7053471200529157, 0.7129320916668935, -0.1741017098911569], "world_orientation": [-8.478460690280956e-06, 0.0007164242356022629, 0.9999997433321822, -0.000762531412988542, -0.9999994526457107, 0.0007164175622534804, 0.9999997092369377, -0.0007625251431534792, 9.024752034597063e-06], "world_rotation": [0.0, 1.0, 0.0, 0.0]}, {"color": "CVRed", "id_name": "object123449673237587", "shape": "CVSphere", "id_string": "ob884", "world_size": [0.11, 0.11, 0.11], "id": 884, "camera_size": [45, 45], "camera_position": [256, 254], "world_position": [0.705, 0.6547388572526824, -0.15], "world_orientation": [1.0, -3.838362879530641e-17, 1.4813540171849057e-17, 3.838362879530641e-17, 1.0, 5.294293626938881e-18, -1.4813540171849057e-17, -5.294293626938881e-18, 1.0], "world_rotation": [-0.1276280613210114, 0.35710588544125776, 0.925303444577321, 4.1482206750932463e-17]}], "source": "action wait"}
{"timestamp": 1706068645.489573, "objects": [{"color": "cv_", "id_name": "hand", "shape": "CVCylinder", "id_string": "ob383", "world_size": [0.12, 0.005, 0.12], "id": 383, "camera_size": [50, 50], "camera_position": [245, 253], "world_position": [0.7062715824576087, 0.7124256420093873, -0.17410271951909448], "world_orientation": [-7.464844586714763e-06, 6.565973009216326e-06, 0.9999999999505822, -0.0007626420389746583, -0.9999997091669993, 6.560278095987068e-06, 0.999999709160656, -0.0007626419899658567, 7.4698499030997766e-06], "world_rotation": [0.0, 1.0, 0.0, 0.0]}, {"color": "CVRed", "id_name": "object123449673237587", "shape": "CVSphere", "id_string": "ob884", "world_size": [0.11, 0.11, 0.11], "id": 884, "camera_size": [45, 45], "camera_position": [256, 254], "world_position": [0.705, 0.6547388572526824, -0.15], "world_orientation": [1.0, -3.838362879530641e-17, 1.4813540171849057e-17, 3.838362879530641e-17, 1.0, 5.294293626938881e-18, -1.4813540171849057e-17, -5.294293626938881e-18, 1.0], "world_rotation": [-0.1276280613210114, 0.35710588544125776, 0.925303444577321, 4.1482206750932463e-17]}], "source": "action wait"}
{"timestamp": 1706068645.523029, "objects": [{"color": "cv_", "id_name": "hand", "shape": "CVCylinder", "id_string": "ob383", "world_size": [0.12, 0.005, 0.12], "id": 383, "camera_size": [49, 50], "camera_position": [246, 253], "world_position": [0.7069027837049964, 0.7120937813588202, -0.17409626839463987], "world_orientation": [-8.461729955622702e-06, -0.0004856452291835514, 0.9999998820385483, -0.0007634934647099007, -0.9999995906100677, -0.0004856515481286156, 0.9999997085030219, -0.0007634974840997297, 8.09093953321112e-06], "world_rotation": [0.0, 1.0, 0.0, 0.0]}, {"color": "CVRed", "id_name": "object123449673237587", "shape": "CVSphere", "id_string": "ob884", "world_size": [0.11, 0.11, 0.11], "id": 884, "camera_size": [45, 45], "camera_position": [256, 254], "world_position": [0.705097665084518, 0.6546625982489028, -0.14999646360878513], "world_orientation": [0.9999984304125162, 0.0017717684489027305, 3.011280380726455e-06, -0.0017717682371791283, 0.9999984280427331, -6.891572247941268e-05, -3.1333783498460797e-06, 6.891027901922537e-05, 0.9999999976207777], "world_rotation": [0.03886559441613819, 0.0017327341100465327, -0.9992429450354824, 0.0017731116143759813]}], "source": "action wait"}
{"timestamp": 1706068645.558585, "objects": [{"color": "cv_", "id_name": "hand", "shape": "CVCylinder", "id_string": "ob383", "world_size": [0.12, 0.005, 0.12], "id": 383, "camera_size": [49, 50], "camera_position": [246, 252], "world_position": [0.7073246350117227, 0.7118855638912744, -0.174100650999211], "world_orientation": [-5.296276686887338e-06, -0.000823980383503375, 0.999999660514081, -0.0007652228928535171, -0.9999993677417853, -0.0008239841950978775, 0.9999997072028941, -0.0007652269971197646, 4.665744685906763e-06], "world_rotation": [0.0, 1.0, 0.0, 0.0]}, {"color": "CVRed", "id_name": "object123449673237587", "shape": "CVSphere", "id_string": "ob884", "world_size": [0.11, 0.11, 0.11], "id": 884, "camera_size": [45, 46], "camera_position": [256, 253], "world_position": [0.705196731205608, 0.6545958399626698, -0.14999864097811358], "world_orientation": [0.9999936874101009, 0.003553184850879716, 4.1671434528468686e-06, -0.0035531847294724265, 0.9999936870048187, -2.878866108732403e-05, -4.269408580142649e-06, 2.8773672725830703e-05, 0.999999999576924], "world_rotation": [0.008099832736554785, 0.0011871419349025732, -0.9999664911404111, 0.0035533113346955664]}], "source": "action wait"}
{"timestamp": 1706068645.594066, "objects": [{"color": "cv_", "id_name": "hand", "shape": "CVCylinder", "id_string": "ob383", "world_size": [0.12, 0.005, 0.12], "id": 383, "camera_size": [49, 50], "camera_position": [246, 252], "world_position": [0.7076263569899517, 0.7117319522517224, -0.17410489975997678], "world_orientation": [-2.9200973315942126e-06, -0.001064624874795301, 0.9999994332825141, -0.0007661245841337146, -0.9999991398110797, -0.0010646267995173535, 0.9999997065222542, -0.0007661272587717416, 2.104459530646444e-06], "world_rotation": [0.0, 1.0, 0.0, 0.0]}, {"color": "CVRed", "id_name": "object123449673237587", "shape": "CVSphere", "id_string": "ob884", "world_size": [0.11, 0.11, 0.11], "id": 884, "camera_size": [45, 46], "camera_position": [256, 253], "world_position": [0.7052846838714204, 0.6545052957577693, -0.15000076814594426], "world_orientation": [0.9999868734625156, 0.005123756653544982, 4.5186788242268616e-06, -0.005123756703159728, 0.9999868734115559, 1.1037561869702874e-05, -4.4620657283208106e-06, -1.1060569595648316e-05, 0.9999999999288769], "world_rotation": [-0.00215643257339855, 0.0008763804359138203, -0.9999972908742742, 0.005123792978635062]}], "source": "action wait"}
{"timestamp": 1706068646.695049, "objects": [{"color": "cv_", "id_name": "hand", "shape": "CVCylinder", "id_string": "ob383", "world_size": [0.12, 0.005, 0.12], "id": 383, "camera_size": [49, 50], "camera_position": [246, 252], "world_position": [0.708355038608051, 0.7113705989087173, -0.17411380666575696], "world_orientation": [3.3230831490194582e-06, -0.0016364950765411102, 0.9999986609355144, -0.0007683904618043996, -0.9999983657336152, -0.001636492040014844, 0.9999997047824841, -0.0007683839946812792, -4.580544925447929e-06], "world_rotation": [0.0, 1.0, 0.0, 0.0]}, {"color": "CVRed", "id_name": "object123449673237587", "shape": "CVSphere", "id_string": "ob884", "world_size": [0.11, 0.11, 0.11], "id": 884, "camera_size": [45, 46], "camera_position": [256, 253], "world_position": [0.7055090560725458, 0.654300933115008, -0.1500052332646566], "world_orientation": [0.9999663641521208, 0.008201834328335822, -2.1864096580124706e-05, -0.0082018313158405, 0.9999663553724948, 0.00013448463090740638, 2.2966381633150002e-05, -0.00013430078177079557, 0.9999999907179227], "world_rotation": [0.01638343155598234, 0.002732577873593467, 0.9998620485790103, -0.008203056429840596]}], "source": "action wait"}
{"timestamp": 1706068646.729319, "objects": [{"color": "cv_", "id_name": "hand", "shape": "CVCylinder", "id_string": "ob383", "world_size": [0.12, 0.005, 0.12], "id": 383, "camera_size": [51, 50], "camera_position": [246, 251], "world_position": [0.7107739072090136, 0.7320279879535485, -0.17409607183307724], "world_orientation": [2.093714670175349e-05, 0.028669774721319898, 0.999588937303262, -0.0007444340993951285, -0.9995886600982967, 0.028669782363383675, 0.9999997226897154, -0.0007447283537462777, 4.142235070007378e-07], "world_rotation": [0.0, 1.0, 0.0, 0.0]}, {"color": "CVRed", "id_name": "object123449673237587", "shape": "CVSphere", "id_string": "ob884", "world_size": [0.11, 0.11, 0.11], "id": 884, "camera_size": [46, 48], "camera_position": [252, 251], "world_position": [0.7106540568136569, 0.675663120501617, -0.15864704700265603], "world_orientation": [0.9996935067489179, -0.024756645150215993, -3.293869358874163e-05, 0.024756648880805115, 0.9996935002195343, 0.00011813132045963956, 3.000406270464201e-05, -0.00011891056567894622, 0.9999999924800168], "world_rotation": [0.004787380497474085, 0.0012712138299474927, -0.9999877324264388, -0.02475948037077041]}], "source": "action wait"}
{"timestamp": 1706068646.758106, "objects": [{"color": "cv_", "id_name": "hand", "shape": "CVCylinder", "id_string": "ob383", "world_size": [0.12, 0.005, 0.12], "id": 383, "camera_size": [52, 53], "camera_position": [245, 250], "world_position": [0.7141898002933217, 0.7808921027302421, -0.17411288558451807], "world_orientation": [7.600868078662244e-05, 0.09914092121148985, 0.9950734002896559, -0.0007266550300432557, -0.9950731349752109, 0.09914095028328708, 0.9999997330975384, -0.0007306106644260349, -3.5929471938166163e-06], "world_rotation": [0.0, 1.0, 0.0, 0.0]}, {"color": "CVRed", "id_name": "object123449673237587", "shape": "CVSphere", "id_string": "ob884", "world_size": [0.11, 0.11, 0.11], "id": 884, "camera_size": [48, 53], "camera_position": [249, 248], "world_position": [0.7186533993984401, 0.7250889040439513, -0.16422573716988245], "world_orientation": [0.9952909585201173, -0.09693248396655918, -3.7949693973326686e-05, 0.09693248748581154, 0.9952909532937968, 0.00010564723518868586, 2.7530338160881596e-05, -0.00010882829621210725, 0.9999999936992412], "world_rotation": [0.001106313256637427, 0.0003377608024653737, -0.9999993309940854, -0.09708499107314744]}], "source": "action wait"}
{"timestamp": 1706068646.787055, "objects": [{"color": "cv_", "id_name": "hand", "shape": "CVCylinder", "id_string": "ob383", "world_size": [0.12, 0.005, 0.12], "id": 383, "camera_size": [55, 55], "camera_position": [245, 250], "world_position": [0.71318086362105, 0.8508219222832292, -0.1741193387829328], "world_orientation": [0.00014950047148434888, 0.19839180578949875, 0.9801227826375586, -0.0007168787779253945, -0.980122520478205, 0.19839186207167994, 0.9999997318671776, -0.0007322888995526768, -4.305903638706737e-06], "world_rotation": [0.0, 1.0, 0.0, 0.0]}, {"color": "CVRed", "id_name": "object123449673237587", "shape": "CVSphere", "id_string": "ob884", "world_size": [0.11, 0.11, 0.11], "id": 884, "camera_size": [51, 60], "camera_position": [248, 245], "world_position": [0.7235990043030506, 0.7958872327129382, -0.167792018072055], "world_orientation": [0.9803471711768862, -0.19728005959883105, -4.527867805246938e-05, 0.19728006284414634, 0.9803471679384763, 8.43754622023144e-05, 2.7743227584784875e-05, -9.164982613847224e-05, 0.9999999954153114], "world_rotation": [0.00044613040648651886, 0.00018507166073376068, -0.9999998833580637, -0.19858270088816032]}], "source": "action wait"}
{"timestamp": 1706068646.820149, "objects": [{"color": "cv_", "id_name": "hand", "shape": "CVCylinder", "id_string": "ob383", "world_size": [0.12, 0.005, 0.12], "id": 383, "camera_size": [59, 57], "camera_position": [244, 254], "world_position": [0.7046754533693309, 0.920375037434963, -0.17412027969706956], "world_orientation": [0.00022340014214039246, 0.29569968467679886, 0.9552809254739771, -0.0007079672736804307, -0.9552806631421338, 0.2956997690378954, 0.99999972443732, -0.0007423670028409184, -4.064136340668994e-06], "world_rotation": [0.0, 1.0, 0.0, 0.0]}, {"color": "CVRed", "id_name": "object123449673237587", "shape": "CVSphere", "id_string": "ob884", "world_size": [0.11, 0.11, 0.11], "id": 884, "camera_size": [54, 67], "camera_position": [246, 246], "world_position": [0.7207962698749879, 0.8668563239638496, -0.1700715071833827], "world_orientation": [0.9554108289752563, -0.2952797750264401, -4.834406541774353e-05, 0.29527977761252266, 0.9554108275124062, 6.0042970883376385e-05, 2.8458968611717795e-05, -7.164072947126033e-05, 0.9999999970288467], "world_rotation": [0.00022298123090024331, 0.0001300512897089131, -0.9999999666830158, -0.2997483492445507]}], "source": "action wait"}
{"timestamp": 1706068646.851435, "objects": [{"color": "cv_", "id_name": "hand", "shape": "CVCylinder", "id_string": "ob383", "world_size": [0.12, 0.005, 0.12], "id": 383, "camera_size": [62, 59], "camera_position": [243, 262], "world_position": [0.6889529017793895, 0.988641568290852, -0.17412011760014726], "world_orientation": [0.00029647654008449964, 0.3900191053217725, 0.9208067167357464, -0.0006882938008150277, -0.9208064595005889, 0.3900192179798765, 0.9999997191766131, -0.000749417103191385, -4.54978080731573e-06], "world_rotation": [0.0, 1.0, 0.0, 0.0]}, {"color": "CVRed", "id_name": "object123449673237587", "shape": "CVSphere", "id_string": "ob884", "world_size": [0.11, 0.11, 0.11], "id": 884, "camera_size": [57, 74], "camera_position": [245, 250], "world_position": [0.7105165586542874, 0.9370697141896408, -0.17152949400603357], "world_orientation": [0.920804742837199, -0.39002387516435294, -4.868574029379748e-05, 0.39002387718290393, 0.9208047422831219, 4.261606351206967e-05, 2.8208778308865587e-05, -5.8229674595871874e-05, 0.9999999979067851], "world_rotation": [0.00012928149138530877, 9.857667989565539e-05, -0.9999999867844669, -0.40065752783805914]}], "source": "action wait"}
{"timestamp": 1706068646.885887, "objects": [{"color": "cv_", "id_name": "hand", "shape": "CVCylinder", "id_string": "ob383", "world_size": [0.12, 0.005, 0.12], "id": 383, "camera_size": [66, 60], "camera_position": [242, 274], "world_position": [0.6662818952001401, 1.0549344301953796, -0.17411973239107767], "world_orientation": [0.0003674794861632635, 0.4804019411474731, 0.8770483680507974, -0.0006590998901684003, -0.8770481204130061, 0.4804020816642538, 0.9999997152730405, -0.0007546003931765492, -5.664325982347364e-06], "world_rotation": [0.0, 1.0, 0.0, 0.0]}, {"color": "CVRed", "id_name": "object123449673237587", "shape": "CVSphere", "id_string": "ob884", "world_size": [0.11, 0.11, 0.11], "id": 884, "camera_size": [60, 83], "camera_position": [243, 260], "world_position": [0.6930087494101478, 1.0058237449459742, -0.17246226157421018], "world_orientation": [0.876909135805224, -0.4806561820007426, -4.7389918116690384e-05, 0.48065618356735945, 0.8769091357182979, 2.987053325262205e-05, 2.719919566993633e-05, -4.897200068213607e-05, 0.9999999984309734], "world_rotation": [8.201551988324432e-05, 7.759092255841034e-05, -0.9999999936265517, -0.5014028530812162]}], "source": "action wait"}
{"timestamp": 1706068646.923654, "objects": [{"color": "cv_", "id_name": "hand", "shape": "CVCylinder", "id_string": "ob383", "world_size": [0.12, 0.005, 0.12], "id": 383, "camera_size": [70, 61], "camera_position": [241, 290], "world_position": [0.6419559333056368, 1.1077183977896206, -0.17411827531757612], "world_orientation": [0.00043047889355413263, 0.5515677769635967, 0.8341299671534157, -0.0006383658820602099, -0.8341297229094432, 0.5515679449061707, 0.9999997035884176, -0.0007699184708779929, -6.9731897408122335e-06], "world_rotation": [0.0, 1.0, 0.0, 0.0]}, {"color": "CVRed", "id_name": "object123449673237587", "shape": "CVSphere", "id_string": "ob884", "world_size": [0.11, 0.11, 0.11], "id": 884, "camera_size": [64, 89], "camera_position": [242, 272], "world_position": [0.6726810162138378, 1.0611303150613836, -0.17305862059180394], "world_orientation": [0.8338695037043633, -0.5519616375167865, -3.875082604243212e-05, 0.5519616382683442, 0.8338695040268983, 1.1578440412321343e-05, 2.5922277162760065e-05, -3.1043877786925395e-05, 0.9999999991821567], "world_rotation": [3.860985543947364e-05, 5.858478072219825e-05, -0.9999999975385513, -0.5847148648330667]}], "source": "action wait"}
{"timestamp": 1706068646.950932, "objects": [{"color": "cv_", "id_name": "hand", "shape": "CVCylinder", "id_string": "ob383", "world_size": [0.12, 0.005, 0.12], "id": 383, "camera_size": [73, 61], "camera_position": [241, 303], "world_position": [0.6217374707184455, 1.1433830015950353, -0.17411851098672665], "world_orientation": [0.0004753158079078471, 0.5995227031876096, 0.8003576090957742, -0.0006175609495785974, -0.8003573709035388, 0.5995228915219578, 0.9999996963466321, -0.0007792323126187362, -1.0180700491038351e-05], "world_rotation": [0.0, 1.0, 0.0, 0.0]}, {"color": "CVRed", "id_name": "object123449673237587", "shape": "CVSphere", "id_string": "ob884", "world_size": [0.11, 0.11, 0.11], "id": 884, "camera_size": [67, 93], "camera_position": [242, 283], "world_position": [0.6550934597270865, 1.0988676136720785, -0.1734413888919499], "world_orientation": [0.8000044845750114, -0.5999940197598516, -3.0204060376146625e-05, 0.599994020090228, 0.8000044848937511, 2.4189051167171355e-06, 2.2712055158522147e-05, -2.0057390549267332e-05, 0.9999999995409319], "world_rotation": [1.8730433049146545e-05, 4.409720240257414e-05, -0.999999998852304, -0.6434936345812964]}], "source": "action wait"}
{"timestamp": 1706068646.990764, "objects": [{"color": "cv_", "id_name": "hand", "shape": "CVCylinder", "id_string": "ob383", "world_size": [0.12, 0.005, 0.12], "id": 383, "camera_size": [75, 62], "camera_position": [241, 313], "world_position": [0.6060735481215018, 1.1676397522876303, -0.17411978059929853], "world_orientation": [0.0005053231121800954, 0.6321147717345161, 0.7748746092133698, -0.0005976811542987381, -0.774874378831896, 0.6321149735666142, 0.9999996937128481, -0.0007825502565698044, -1.3758846239870652e-05], "world_rotation": [0.0, 1.0, 0.0, 0.0]}, {"color": "CVRed", "id_name": "object123449673237587", "shape": "CVSphere", "id_string": "ob884", "world_size": [0.11, 0.11, 0.11], "id": 884, "camera_size": [68, 96], "camera_position": [241, 292], "world_position": [0.6411832240134838, 1.1247150284097038, -0.17368731080267077], "world_orientation": [0.7744550361868319, -0.6326289562720111, -2.4719202841249322e-05, 0.6326289564660178, 0.7744550364228487, 3.7953161688398206e-08, 1.9119900867697376e-05, -1.5667476515340174e-05, 0.9999999996944798], "world_rotation": [1.2412828648038019e-05, 3.464835369761614e-05, -0.9999999993227067, -0.6849431138794803]}], "source": "action wait"}
