{"timestamp": 1706200730.828233, "objects": [{"color": "cv_", "id_name": "hand", "shape": "CVCylinder", "id_string": "ob382", "world_size": [0.12, 0.005, 0.12], "id": 382, "camera_size": [48, 50], "camera_position": [246, 426], "world_position": [0.2676445155400113, 0.6334703013849857, -0.17389260400847828], "world_orientation": [-0.0006415510547679178, 0.1979154748669229, 0.9802188802611611, -0.0007473675056480157, -0.9802189031248646, 0.19791499033296825, 0.9999995149269103, -0.0006056111687276649, 0.0007767760659840727], "world_rotation": [0.0, 1.0, 0.0, 0.0]}, {"color": "CVPurple", "id_name": "object74317597406820", "shape": "CVSphere", "id_string": "ob435", "world_size": [0.09, 0.09, 0.09], "id": 435, "camera_size": [37, 37], "camera_position": [256, 254], "world_position": [0.705, 0.644856964849591, -0.15], "world_orientation": [1.0, -3.248937977869676e-17, -1.2807790779525605e-17, 3.248937977869676e-17, 1.0, -6.497875955739369e-17, 1.2807790779525605e-17, 6.497875955739369e-17, 1.0], "world_rotation": [-0.8808431718627018, 0.17362065899128884, -0.4404215859313497, -7.376881791566185e-17]}], "source": "manual check"}
{"timestamp": 1706200731.851272, "objects": [{"color": "cv_", "id_name": "hand", "shape": "CVCylinder", "id_string": "ob382", "world_size": [0.12, 0.005, 0.12], "id": 382, "camera_size": [48, 50], "camera_position": [246, 426], "world_position": [0.2676445155400113, 0.6334703013849857, -0.17389260400847828], "world_orientation": [-0.0006415510547679178, 0.1979154748669229, 0.9802188802611611, -0.0007473675056480157, -0.9802189031248646, 0.19791499033296825, 0.9999995149269103, -0.0006056111687276649, 0.0007767760659840727], "world_rotation": [0.0, 1.0, 0.0, 0.0]}, {"color": "CVPurple", "id_name": "object74317597406820", "shape": "CVSphere", "id_string": "ob435", "world_size": [0.09, 0.09, 0.09], "id": 435, "camera_size": [37, 37], "camera_position": [256, 254], "world_position": [0.705, 0.6448569696296074, -0.15], "world_orientation": [1.0, -4.331917303826236e-17, -1.1712398707441946e-17, 4.331917303826236e-17, 1.0, -5.775889738434995e-17, 1.1712398707441946e-17, 5.775889738434995e-17, 1.0], "world_rotation": [-0.7896765794068324, 0.16013129347666225, -0.5922574345551229, -7.314247236221149e-17]}], "source": "manual check"}
{"timestamp": 1706200733.038311, "objects": [{"color": "cv_", "id_name": "hand", "shape": "CVCylinder", "id_string": "ob382", "world_size": [0.12, 0.005, 0.12], "id": 382, "camera_size": [48, 50], "camera_position": [246, 426], "world_position": [0.2676445155400113, 0.6334703013849857, -0.17389260400847828], "world_orientation": [-0.0006415510547679178, 0.1979154748669229, 0.9802188802611611, -0.0007473675056480157, -0.9802189031248646, 0.19791499033296825, 0.9999995149269103, -0.0006056111687276649, 0.0007767760659840727], "world_rotation": [0.0, 1.0, 0.0, 0.0]}, {"color": "CVPurple", "id_name": "object74317597406820", "shape": "CVSphere", "id_string": "ob435", "world_size": [0.09, 0.09, 0.09], "id": 435, "camera_size": [37, 37], "camera_position": [256, 254], "world_position": [0.705, 0.6448569696296074, -0.15], "world_orientation": [1.0, -4.331917303826236e-17, -1.1712398707441946e-17, 4.331917303826236e-17, 1.0, -5.775889738434995e-17, 1.1712398707441946e-17, 5.775889738434995e-17, 1.0], "world_rotation": [-0.7896765794068324, 0.16013129347666225, -0.5922574345551229, -7.314247236221149e-17]}], "source": "action wait"}
{"timestamp": 1706200733.071133, "objects": [{"color": "cv_", "id_name": "hand", "shape": "CVCylinder", "id_string": "ob382", "world_size": [0.12, 0.005, 0.12], "id": 382, "camera_size": [49, 51], "camera_position": [246, 421], "world_position": [0.2911313287482486, 0.6677889515865276, -0.173956095190939], "world_orientation": [-0.0003826361498321784, 0.198381098831476, 0.9801248865404821, -0.0007151370593528418, -0.9801247619468956, 0.19838079442710113, 0.9999996710842276, -0.0006250159657791469, 0.000516900840916497], "world_rotation": [0.0, 1.0, 0.0, 0.0]}, {"color": "CVPurple", "id_name": "object74317597406820", "shape": "CVSphere", "id_string": "ob435", "world_size": [0.09, 0.09, 0.09], "id": 435, "camera_size": [37, 37], "camera_position": [256, 254], "world_position": [0.705, 0.6448569696296074, -0.15], "world_orientation": [1.0, -4.331917303826236e-17, -1.1712398707441946e-17, 4.331917303826236e-17, 1.0, -5.775889738434995e-17, 1.1712398707441946e-17, 5.775889738434995e-17, 1.0], "world_rotation": [-0.7896765794068324, 0.16013129347666225, -0.5922574345551229, -7.314247236221149e-17]}], "source": "action wait"}
{"timestamp": 1706200733.101974, "objects": [{"color": "cv_", "id_name": "hand", "shape": "CVCylinder", "id_string": "ob382", "world_size": [0.12, 0.005, 0.12], "id": 382, "camera_size": [51, 52], "camera_position": [246, 406], "world_position": [0.33719133554498976, 0.705824858457799, -0.17398391710677893], "world_orientation": [-0.00022292028634657922, 0.18692667400392568, 0.9823738437338282, -0.0007314730914118074, -0.9823736358118711, 0.18692646845452937, 0.9999997076267886, -0.000676910330524734, 0.00035572284429591703], "world_rotation": [0.0, 1.0, 0.0, 0.0]}, {"color": "CVPurple", "id_name": "object74317597406820", "shape": "CVSphere", "id_string": "ob435", "world_size": [0.09, 0.09, 0.09], "id": 435, "camera_size": [37, 37], "camera_position": [256, 254], "world_position": [0.705, 0.6448569696296074, -0.15], "world_orientation": [1.0, -4.331917303826236e-17, -1.1712398707441946e-17, 4.331917303826236e-17, 1.0, -5.775889738434995e-17, 1.1712398707441946e-17, 5.775889738434995e-17, 1.0], "world_rotation": [-0.7896765794068324, 0.16013129347666225, -0.5922574345551229, -7.314247236221149e-17]}], "source": "action wait"}
{"timestamp": 1706200733.132417, "objects": [{"color": "cv_", "id_name": "hand", "shape": "CVCylinder", "id_string": "ob382", "world_size": [0.12, 0.005, 0.12], "id": 382, "camera_size": [51, 53], "camera_position": [246, 388], "world_position": [0.3877714234410029, 0.7390457171839091, -0.1740044487465267], "world_orientation": [-0.00011930763064881113, 0.17876424960425744, 0.9838919294460728, -0.0007426832828613734, -0.9838916809416487, 0.17876411439480444, 0.9999997170935753, -0.0007093921652086385, 0.00025015100502298767], "world_rotation": [0.0, 1.0, 0.0, 0.0]}, {"color": "CVPurple", "id_name": "object74317597406820", "shape": "CVSphere", "id_string": "ob435", "world_size": [0.09, 0.09, 0.09], "id": 435, "camera_size": [37, 37], "camera_position": [256, 254], "world_position": [0.705, 0.6448569696296074, -0.15], "world_orientation": [1.0, -4.331917303826236e-17, -1.1712398707441946e-17, 4.331917303826236e-17, 1.0, -5.775889738434995e-17, 1.1712398707441946e-17, 5.775889738434995e-17, 1.0], "world_rotation": [-0.7896765794068324, 0.16013129347666225, -0.5922574345551229, -7.314247236221149e-17]}], "source": "action wait"}
{"timestamp": 1706200733.164567, "objects": [{"color": "cv_", "id_name": "hand", "shape": "CVCylinder", "id_string": "ob382", "world_size": [0.12, 0.005, 0.12], "id": 382, "camera_size": [52, 54], "camera_position": [245, 367], "world_position": [0.44190058692201345, 0.767026697735594, -0.1740229724871537], "world_orientation": [-4.637894270210216e-05, 0.17299762919234662, 0.9849222396427147, -0.0007500452678746412, -0.9849219696770904, 0.1729975464551358, 0.9999997176405052, -0.0007307128217741572, 0.00017543569272736862], "world_rotation": [0.0, 1.0, 0.0, 0.0]}, {"color": "CVPurple", "id_name": "object74317597406820", "shape": "CVSphere", "id_string": "ob435", "world_size": [0.09, 0.09, 0.09], "id": 435, "camera_size": [37, 37], "camera_position": [256, 254], "world_position": [0.705, 0.6448569696296074, -0.15], "world_orientation": [1.0, -4.331917303826236e-17, -1.1712398707441946e-17, 4.331917303826236e-17, 1.0, -5.775889738434995e-17, 1.1712398707441946e-17, 5.775889738434995e-17, 1.0], "world_rotation": [-0.7896765794068324, 0.16013129347666225, -0.5922574345551229, -7.314247236221149e-17]}], "source": "action wait"}
{"timestamp": 1706200733.198853, "objects": [{"color": "cv_", "id_name": "hand", "shape": "CVCylinder", "id_string": "ob382", "world_size": [0.12, 0.005, 0.12], "id": 382, "camera_size": [52, 54], "camera_position": [245, 343], "world_position": [0.499186646982019, 0.7798273345627067, -0.1740380957149185], "world_orientation": [-4.462831185718551e-06, 0.15515437668583432, 0.9878902365016639, -0.0007645980330001494, -0.9878899482755578, 0.1551543279640111, 0.9999997076849227, -0.0007546465040760809, 0.00012303951729499164], "world_rotation": [0.0, 1.0, 0.0, 0.0]}, {"color": "CVPurple", "id_name": "object74317597406820", "shape": "CVSphere", "id_string": "ob435", "world_size": [0.09, 0.09, 0.09], "id": 435, "camera_size": [37, 37], "camera_position": [256, 254], "world_position": [0.705, 0.6448569696296074, -0.15], "world_orientation": [1.0, -4.331917303826236e-17, -1.1712398707441946e-17, 4.331917303826236e-17, 1.0, -5.775889738434995e-17, 1.1712398707441946e-17, 5.775889738434995e-17, 1.0], "world_rotation": [-0.7896765794068324, 0.16013129347666225, -0.5922574345551229, -7.314247236221149e-17]}], "source": "action wait"}
{"timestamp": 1706200733.233266, "objects": [{"color": "cv_", "id_name": "hand", "shape": "CVCylinder", "id_string": "ob382", "world_size": [0.12, 0.005, 0.12], "id": 382, "camera_size": [52, 52], "camera_position": [245, 317], "world_position": [0.5577625583084992, 0.7698912755906416, -0.17404995390409558], "world_orientation": [5.794234778039588e-07, 0.11470169573415835, 0.9933999803681157, -0.0007769702041630401, -0.993399680467409, 0.11470166155968162, 0.9999996981584375, -0.00077190864639814, 8.85442008551138e-05], "world_rotation": [0.0, 1.0, 0.0, 0.0]}, {"color": "CVPurple", "id_name": "object74317597406820", "shape": "CVSphere", "id_string": "ob435", "world_size": [0.09, 0.09, 0.09], "id": 435, "camera_size": [37, 37], "camera_position": [256, 254], "world_position": [0.705, 0.6448569696296074, -0.15], "world_orientation": [1.0, -4.331917303826236e-17, -1.1712398707441946e-17, 4.331917303826236e-17, 1.0, -5.775889738434995e-17, 1.1712398707441946e-17, 5.775889738434995e-17, 1.0], "world_rotation": [-0.7896765794068324, 0.16013129347666225, -0.5922574345551229, -7.314247236221149e-17]}], "source": "action wait"}
{"timestamp": 1706200733.26819, "objects": [{"color": "cv_", "id_name": "hand", "shape": "CVCylinder", "id_string": "ob382", "world_size": [0.12, 0.005, 0.12], "id": 382, "camera_size": [52, 52], "camera_position": [245, 297], "world_position": [0.6028814688221139, 0.7553333779633241, -0.1740556385301056], "world_orientation": [-1.45747234178411e-05, 0.08044437866637297, 0.9967590991451037, -0.0007750365964226477, -0.9967588007921331, 0.08044434325484466, 0.9999996995528808, -0.0007713523256015868, 7.687482127915704e-05], "world_rotation": [0.0, 1.0, 0.0, 0.0]}, {"color": "CVPurple", "id_name": "object74317597406820", "shape": "CVSphere", "id_string": "ob435", "world_size": [0.09, 0.09, 0.09], "id": 435, "camera_size": [37, 37], "camera_position": [256, 254], "world_position": [0.705, 0.6448569696296074, -0.15], "world_orientation": [1.0, -4.331917303826236e-17, -1.1712398707441946e-17, 4.331917303826236e-17, 1.0, -5.775889738434995e-17, 1.1712398707441946e-17, 5.775889738434995e-17, 1.0], "world_rotation": [-0.7896765794068324, 0.16013129347666225, -0.5922574345551229, -7.314247236221149e-17]}], "source": "action wait"}
{"timestamp": 1706200733.302643, "objects": [{"color": "cv_", "id_name": "hand", "shape": "CVCylinder", "id_string": "ob382", "world_size": [0.12, 0.005, 0.12], "id": 382, "camera_size": [51, 51], "camera_position": [246, 284], "world_position": [0.6345013203667421, 0.7426217121851164, -0.17406336080598112], "world_orientation": [-2.1411662285594092e-05, 0.05623308167480407, 0.9984176681464002, -0.0007711200614397158, -0.9984173724610585, 0.05623304848402529, 0.9999997024576516, -0.000768695850560468, 6.474023299561001e-05], "world_rotation": [0.0, 1.0, 0.0, 0.0]}, {"color": "CVPurple", "id_name": "object74317597406820", "shape": "CVSphere", "id_string": "ob435", "world_size": [0.09, 0.09, 0.09], "id": 435, "camera_size": [37, 37], "camera_position": [256, 254], "world_position": [0.705, 0.6448569696296074, -0.15], "world_orientation": [1.0, -4.331917303826236e-17, -1.1712398707441946e-17, 4.331917303826236e-17, 1.0, -5.775889738434995e-17, 1.1712398707441946e-17, 5.775889738434995e-17, 1.0], "world_rotation": [-0.7896765794068324, 0.16013129347666225, -0.5922574345551229, -7.314247236221149e-17]}], "source": "action wait"}
{"timestamp": 1706200733.335438, "objects": [{"color": "cv_", "id_name": "hand", "shape": "CVCylinder", "id_string": "ob382", "world_size": [0.12, 0.005, 0.12], "id": 382, "camera_size": [51, 51], "camera_position": [246, 274], "world_position": [0.6566040171965697, 0.732476978843463, -0.17407125542178423], "world_orientation": [-2.3156805811421428e-05, 0.03914680383883827, 0.9992334698222263, -0.0007676298600312137, -0.9992331763840041, 0.039146774553366306, 0.9999997051040368, -0.0007661349343220108, 5.318930417770927e-05], "world_rotation": [0.0, 1.0, 0.0, 0.0]}, {"color": "CVPurple", "id_name": "object74317597406820", "shape": "CVSphere", "id_string": "ob435", "world_size": [0.09, 0.09, 0.09], "id": 435, "camera_size": [37, 37], "camera_position": [256, 254], "world_position": [0.705, 0.6448569696296074, -0.15], "world_orientation": [1.0, -4.331917303826236e-17, -1.1712398707441946e-17, 4.331917303826236e-17, 1.0, -5.775889738434995e-17, 1.1712398707441946e-17, 5.775889738434995e-17, 1.0], "world_rotation": [-0.7896765794068324, 0.16013129347666225, -0.5922574345551229, -7.314247236221149e-17]}], "source": "action wait"}
{"timestamp": 1706200733.367034, "objects": [{"color": "cv_", "id_name": "hand", "shape": "CVCylinder", "id_string": "ob382", "world_size": [0.12, 0.005, 0.12], "id": 382, "camera_size": [51, 50], "camera_position": [246, 267], "world_position": [0.6720571307537576, 0.7247610584959749, -0.1740783683934495], "world_orientation": [-2.2266775892578658e-05, 0.02709690574394834, 0.9996328111878354, -0.0007651466955250513, -0.9996325192800177, 0.027096880787636418, 0.9999997070273196, -0.0007642623820472558, 4.2991701171051805e-05], "world_rotation": [0.0, 1.0, 0.0, 0.0]}, {"color": "CVPurple", "id_name": "object74317597406820", "shape": "CVSphere", "id_string": "ob435", "world_size": [0.09, 0.09, 0.09], "id": 435, "camera_size": [37, 37], "camera_position": [256, 254], "world_position": [0.705, 0.6448569696296074, -0.15], "world_orientation": [1.0, -4.331917303826236e-17, -1.1712398707441946e-17, 4.331917303826236e-17, 1.0, -5.775889738434995e-17, 1.1712398707441946e-17, 5.775889738434995e-17, 1.0], "world_rotation": [-0.7896765794068324, 0.16013129347666225, -0.5922574345551229, -7.314247236221149e-17]}], "source": "action wait"}
{"timestamp": 1706200733.395523, "objects": [{"color": "cv_", "id_name": "hand", "shape": "CVCylinder", "id_string": "ob382", "world_size": [0.12, 0.005, 0.12], "id": 382, "camera_size": [51, 50], "camera_position": [246, 263], "world_position": [0.6828731251089167, 0.7190568986167146, -0.1740843751708077], "world_orientation": [-2.017339629317602e-05, 0.018601634745829484, 0.9998269744199828, -0.0007636012372021926, -0.9998266834169551, 0.018601613924664858, 0.9999997082530498, -0.0007630938569261819, 3.437413121533168e-05], "world_rotation": [0.0, 1.0, 0.0, 0.0]}, {"color": "CVPurple", "id_name": "object74317597406820", "shape": "CVSphere", "id_string": "ob435", "world_size": [0.09, 0.09, 0.09], "id": 435, "camera_size": [37, 37], "camera_position": [256, 254], "world_position": [0.705, 0.6448569696296074, -0.15], "world_orientation": [1.0, -4.331917303826236e-17, -1.1712398707441946e-17, 4.331917303826236e-17, 1.0, -5.775889738434995e-17, 1.1712398707441946e-17, 5.775889738434995e-17, 1.0], "world_rotation": [-0.7896765794068324, 0.16013129347666225, -0.5922574345551229, -7.314247236221149e-17]}], "source": "action wait"}
{"timestamp": 1706200733.426792, "objects": [{"color": "cv_", "id_name": "hand", "shape": "CVCylinder", "id_string": "ob382", "world_size": [0.12, 0.005, 0.12], "id": 382, "camera_size": [50, 51], "camera_position": [245, 260], "world_position": [0.6904533277519835, 0.7149141384049813, -0.17408925590630808], "world_orientation": [-1.7682277719371085e-05, 0.01261329969285597, 0.9999204490149182, -0.0007627512522157567, -0.9999201584697172, 0.012613282539578606, 0.9999997089488899, -0.0007624675430378131, 2.7301676074926516e-05], "world_rotation": [0.0, 1.0, 0.0, 0.0]}, {"color": "CVPurple", "id_name": "object74317597406820", "shape": "CVSphere", "id_string": "ob435", "world_size": [0.09, 0.09, 0.09], "id": 435, "camera_size": [37, 37], "camera_position": [256, 254], "world_position": [0.705, 0.6448569696296074, -0.15], "world_orientation": [1.0, -4.331917303826236e-17, -1.1712398707441946e-17, 4.331917303826236e-17, 1.0, -5.775889738434995e-17, 1.1712398707441946e-17, 5.775889738434995e-17, 1.0], "world_rotation": [-0.7896765794068324, 0.16013129347666225, -0.5922574345551229, -7.314247236221149e-17]}], "source": "action wait"}
{"timestamp": 1706200733.46012, "objects": [{"color": "cv_", "id_name": "hand", "shape": "CVCylinder", "id_string": "ob382", "world_size": [0.12, 0.005, 0.12], "id": 382, "camera_size": [49, 50], "camera_position": [246, 257], "world_position": [0.6957721781818466, 0.7119395953806053, -0.17409312356996662], "world_orientation": [-1.5245130325886881e-05, 0.008392359191264253, 0.9999647834172917, -0.0007623585686120202, -0.9999644930459306, 0.008392345131612999, 0.9999997092884572, -0.0007622037785535427, 2.1642575958442273e-05], "world_rotation": [0.0, 1.0, 0.0, 0.0]}, {"color": "CVPurple", "id_name": "object74317597406820", "shape": "CVSphere", "id_string": "ob435", "world_size": [0.09, 0.09, 0.09], "id": 435, "camera_size": [37, 37], "camera_position": [256, 254], "world_position": [0.705, 0.6448569696296074, -0.15], "world_orientation": [1.0, -4.331917303826236e-17, -1.1712398707441946e-17, 4.331917303826236e-17, 1.0, -5.775889738434995e-17, 1.1712398707441946e-17, 5.775889738434995e-17, 1.0], "world_rotation": [-0.7896765794068324, 0.16013129347666225, -0.5922574345551229, -7.314247236221149e-17]}], "source": "action wait"}
{"timestamp": 1706200733.495451, "objects": [{"color": "cv_", "id_name": "hand", "shape": "CVCylinder", "id_string": "ob382", "world_size": [0.12, 0.005, 0.12], "id": 382, "camera_size": [49, 50], "camera_position": [246, 256], "world_position": [0.6995080818628507, 0.7098198130917925, -0.17409613603808569], "world_orientation": [-1.3046203770514327e-05, 0.0054172245290532595, 0.9999853266464457, -0.0007622394421135341, -0.9999850362851536, 0.00541721301160122, 0.9999997094103725, -0.0007621575834402585, 1.7175230754037085e-05], "world_rotation": [0.0, 1.0, 0.0, 0.0]}, {"color": "CVPurple", "id_name": "object74317597406820", "shape": "CVSphere", "id_string": "ob435", "world_size": [0.09, 0.09, 0.09], "id": 435, "camera_size": [37, 37], "camera_position": [256, 254], "world_position": [0.705, 0.6448569696296074, -0.15], "world_orientation": [1.0, -4.331917303826236e-17, -1.1712398707441946e-17, 4.331917303826236e-17, 1.0, -5.775889738434995e-17, 1.1712398707441946e-17, 5.775889738434995e-17, 1.0], "world_rotation": [-0.7896765794068324, 0.16013129347666225, -0.5922574345551229, -7.314247236221149e-17]}], "source": "action wait"}
{"timestamp": 1706200733.531489, "objects": [{"color": "cv_", "id_name": "hand", "shape": "CVCylinder", "id_string": "ob382", "world_size": [0.12, 0.005, 0.12], "id": 382, "camera_size": [49, 50], "camera_position": [246, 255], "world_position": [0.7021342906650474, 0.7083166431149873, -0.17409845352971157], "world_orientation": [-1.1169505674376076e-05, 0.0033201769426506973, 0.9999944881349655, -0.0007622687529742467, -0.9999941977003458, 0.0033201674641393335, 0.9999997094107531, -0.0007622274668227913, 1.3700308003650699e-05], "world_rotation": [0.0, 1.0, 0.0, 0.0]}, {"color": "CVPurple", "id_name": "object74317597406820", "shape": "CVSphere", "id_string": "ob435", "world_size": [0.09, 0.09, 0.09], "id": 435, "camera_size": [37, 37], "camera_position": [256, 254], "world_position": [0.705, 0.6448569696296074, -0.15], "world_orientation": [1.0, -4.331917303826236e-17, -1.1712398707441946e-17, 4.331917303826236e-17, 1.0, -5.775889738434995e-17, 1.1712398707441946e-17, 5.775889738434995e-17, 1.0], "world_rotation": [-0.7896765794068324, 0.16013129347666225, -0.5922574345551229, -7.314247236221149e-17]}], "source": "action wait"}
{"timestamp": 1706200733.565319, "objects": [{"color": "cv_", "id_name": "hand", "shape": "CVCylinder", "id_string": "ob382", "world_size": [0.12, 0.005, 0.12], "id": 382, "camera_size": [49, 50], "camera_position": [246, 254], "world_position": [0.703981616879691, 0.7072542056101997, -0.17410022004315767], "world_orientation": [-9.621162304810227e-06, 0.0018420252234500486, 0.9999983034238157, -0.0007623677309454287, -0.9999980128817821, 0.0018420173533876332, 0.9999997093513959, -0.0007623487151829372, 1.1025443776734644e-05], "world_rotation": [0.0, 1.0, 0.0, 0.0]}, {"color": "CVPurple", "id_name": "object74317597406820", "shape": "CVSphere", "id_string": "ob435", "world_size": [0.09, 0.09, 0.09], "id": 435, "camera_size": [37, 37], "camera_position": [256, 254], "world_position": [0.705, 0.6448569696296074, -0.15], "world_orientation": [1.0, -4.331917303826236e-17, -1.1712398707441946e-17, 4.331917303826236e-17, 1.0, -5.775889738434995e-17, 1.1712398707441946e-17, 5.775889738434995e-17, 1.0], "world_rotation": [-0.7896765794068324, 0.16013129347666225, -0.5922574345551229, -7.314247236221149e-17]}], "source": "action wait"}
{"timestamp": 1706200733.598414, "objects": [{"color": "cv_", "id_name": "hand", "shape": "CVCylinder", "id_string": "ob382", "world_size": [0.12, 0.005, 0.12], "id": 382, "camera_size": [49, 50], "camera_position": [246, 253], "world_position": [0.7052817195450828, 0.7065048805264391, -0.1741015571144342], "world_orientation": [-8.373886488689485e-06, 0.0008000895870147141, 0.9999996798932141, -0.0007624903141864946, -0.999999389237695, 0.0008000829694551534, 0.9999997092691572, -0.0007624833703045812, 8.983941935180384e-06], "world_rotation": [0.0, 1.0, 0.0, 0.0]}, {"color": "CVPurple", "id_name": "object74317597406820", "shape": "CVSphere", "id_string": "ob435", "world_size": [0.09, 0.09, 0.09], "id": 435, "camera_size": [37, 37], "camera_position": [256, 254], "world_position": [0.705, 0.6448569696296074, -0.15], "world_orientation": [1.0, -4.331917303826236e-17, -1.1712398707441946e-17, 4.331917303826236e-17, 1.0, -5.775889738434995e-17, 1.1712398707441946e-17, 5.775889738434995e-17, 1.0], "world_rotation": [-0.7896765794068324, 0.16013129347666225, -0.5922574345551229, -7.314247236221149e-17]}], "source": "action wait"}
{"timestamp": 1706200733.628266, "objects": [{"color": "cv_", "id_name": "hand", "shape": "CVCylinder", "id_string": "ob382", "world_size": [0.12, 0.005, 0.12], "id": 382, "camera_size": [49, 50], "camera_position": [246, 253], "world_position": [0.7061970619690728, 0.7059771119810583, -0.17410256354018672], "world_orientation": [-7.386757320318082e-06, 6.561873034908229e-05, 0.9999999978198091, -0.0007626117312268419, -0.9999997070590928, 6.561307804230588e-05, 0.9999997091843494, -0.0007626112448967032, 7.436796770351702e-06], "world_rotation": [0.0, 1.0, 0.0, 0.0]}, {"color": "CVPurple", "id_name": "object74317597406820", "shape": "CVSphere", "id_string": "ob435", "world_size": [0.09, 0.09, 0.09], "id": 435, "camera_size": [37, 37], "camera_position": [256, 254], "world_position": [0.705, 0.6448569696296074, -0.15], "world_orientation": [1.0, -4.331917303826236e-17, -1.1712398707441946e-17, 4.331917303826236e-17, 1.0, -5.775889738434995e-17, 1.1712398707441946e-17, 5.775889738434995e-17, 1.0], "world_rotation": [-0.7896765794068324, 0.16013129347666225, -0.5922574345551229, -7.314247236221149e-17]}], "source": "action wait"}
{"timestamp": 1706200733.659935, "objects": [{"color": "cv_", "id_name": "hand", "shape": "CVCylinder", "id_string": "ob382", "world_size": [0.12, 0.005, 0.12], "id": 382, "camera_size": [49, 50], "camera_position": [246, 253], "world_position": [0.7068417130355136, 0.7056057040907273, -0.17410331769543155], "world_orientation": [-6.615917650375491e-06, -0.00045213105658658783, 0.9999998977668636, -0.0007627202393907626, -0.9999996069153727, -0.00045213597117802113, 0.9999997091069909, -0.0007627231527102211, 6.271065542408541e-06], "world_rotation": [0.0, 1.0, 0.0, 0.0]}, {"color": "CVPurple", "id_name": "object74317597406820", "shape": "CVSphere", "id_string": "ob435", "world_size": [0.09, 0.09, 0.09], "id": 435, "camera_size": [37, 37], "camera_position": [256, 254], "world_position": [0.705, 0.6448569696296074, -0.15], "world_orientation": [1.0, -4.331917303826236e-17, -1.1712398707441946e-17, 4.331917303826236e-17, 1.0, -5.775889738434995e-17, 1.1712398707441946e-17, 5.775889738434995e-17, 1.0], "world_rotation": [-0.7896765794068324, 0.16013129347666225, -0.5922574345551229, -7.314247236221149e-17]}], "source": "action wait"}
{"timestamp": 1706200733.691127, "objects": [{"color": "cv_", "id_name": "hand", "shape": "CVCylinder", "id_string": "ob382", "world_size": [0.12, 0.005, 0.12], "id": 382, "camera_size": [49, 49], "camera_position": [246, 253], "world_position": [0.7072958355880727, 0.7053444589319798, -0.17410388071870175], "world_orientation": [-6.020166018725365e-06, -0.0008171172814805689, 0.9999996661414974, -0.0007628115992824122, -0.9999993752151529, -0.0008171216360131981, 0.9999997090410685, -0.0007628162638195691, 5.396855717493514e-06], "world_rotation": [0.0, 1.0, 0.0, 0.0]}, {"color": "CVPurple", "id_name": "object74317597406820", "shape": "CVSphere", "id_string": "ob435", "world_size": [0.09, 0.09, 0.09], "id": 435, "camera_size": [37, 37], "camera_position": [256, 254], "world_position": [0.705, 0.6448569696296074, -0.15], "world_orientation": [1.0, -4.331917303826236e-17, -1.1712398707441946e-17, 4.331917303826236e-17, 1.0, -5.775889738434995e-17, 1.1712398707441946e-17, 5.775889738434995e-17, 1.0], "world_rotation": [-0.7896765794068324, 0.16013129347666225, -0.5922574345551229, -7.314247236221149e-17]}], "source": "action wait"}
{"timestamp": 1706200733.724003, "objects": [{"color": "cv_", "id_name": "hand", "shape": "CVCylinder", "id_string": "ob382", "world_size": [0.12, 0.005, 0.12], "id": 382, "camera_size": [49, 50], "camera_position": [246, 252], "world_position": [0.7076158042911477, 0.7051607459929534, -0.17410429972977387], "world_orientation": [-5.563561666392781e-06, -0.001074419489392483, 0.9999994227957373, -0.0007628855838769047, -0.9999991318095723, -0.0010744234211141662, 0.999999708987274, -0.0007628911211574398, 4.7438976970318705e-06], "world_rotation": [0.0, 1.0, 0.0, 0.0]}, {"color": "CVPurple", "id_name": "object74317597406820", "shape": "CVSphere", "id_string": "ob435", "world_size": [0.09, 0.09, 0.09], "id": 435, "camera_size": [37, 37], "camera_position": [256, 254], "world_position": [0.705, 0.6448569696296074, -0.15], "world_orientation": [1.0, -4.331917303826236e-17, -1.1712398707441946e-17, 4.331917303826236e-17, 1.0, -5.775889738434995e-17, 1.1712398707441946e-17, 5.775889738434995e-17, 1.0], "world_rotation": [-0.7896765794068324, 0.16013129347666225, -0.5922574345551229, -7.314247236221149e-17]}], "source": "action wait"}
{"timestamp": 1706200734.815914, "objects": [{"color": "cv_", "id_name": "hand", "shape": "CVCylinder", "id_string": "ob382", "world_size": [0.12, 0.005, 0.12], "id": 382, "camera_size": [49, 50], "camera_position": [246, 252], "world_position": [0.7083799657924047, 0.7047252151312096, -0.17410548166474835], "world_orientation": [-4.18229568443323e-06, -0.0016893459850239368, 0.9999985730453077, -0.0007631195567514232, -0.9999982818733059, -0.0016893486847287787, 0.9999997088154828, -0.000763125533170469, 2.893115539791744e-06], "world_rotation": [0.0, 1.0, 0.0, 0.0]}, {"color": "CVPurple", "id_name": "object74317597406820", "shape": "CVSphere", "id_string": "ob435", "world_size": [0.09, 0.09, 0.09], "id": 435, "camera_size": [37, 37], "camera_position": [256, 254], "world_position": [0.705, 0.6448569696296074, -0.15], "world_orientation": [1.0, -4.331917303826236e-17, -1.1712398707441946e-17, 4.331917303826236e-17, 1.0, -5.775889738434995e-17, 1.1712398707441946e-17, 5.775889738434995e-17, 1.0], "world_rotation": [-0.7896765794068324, 0.16013129347666225, -0.5922574345551229, -7.314247236221149e-17]}], "source": "action wait"}
{"timestamp": 1706200734.852147, "objects": [{"color": "cv_", "id_name": "hand", "shape": "CVCylinder", "id_string": "ob382", "world_size": [0.12, 0.005, 0.12], "id": 382, "camera_size": [51, 51], "camera_position": [246, 251], "world_position": [0.7112777167399428, 0.7282090129071542, -0.17409763493078964], "world_orientation": [1.9100779413214247e-05, 0.03261015423238496, 0.9994681473044053, -0.0007431461634154528, -0.9994678710375515, 0.03261015942071098, 0.9999997236844319, -0.0007433737985872935, 5.143495671288666e-06], "world_rotation": [0.0, 1.0, 0.0, 0.0]}, {"color": "CVPurple", "id_name": "object74317597406820", "shape": "CVSphere", "id_string": "ob435", "world_size": [0.09, 0.09, 0.09], "id": 435, "camera_size": [38, 38], "camera_position": [252, 251], "world_position": [0.7106330264741004, 0.6736599175701264, -0.158667002590911], "world_orientation": [0.999422605735027, -0.033977273832507676, -2.9529522805167448e-06, 0.033977273908995125, 0.9994226052364782, 3.162346903838534e-05, 1.8767679942819003e-06, -3.170554309719933e-05, 0.9999999994956181], "world_rotation": [0.0009319315127520885, 7.107277328479647e-05, -0.999999563226063, -0.03398382965808042]}], "source": "action wait"}
{"timestamp": 1706200734.884745, "objects": [{"color": "cv_", "id_name": "hand", "shape": "CVCylinder", "id_string": "ob382", "world_size": [0.12, 0.005, 0.12], "id": 382, "camera_size": [52, 53], "camera_position": [245, 249], "world_position": [0.7153170299940146, 0.7846798208915053, -0.17410890240782997], "world_orientation": [8.157015060902131e-05, 0.11375141988467517, 0.9935092389205702, -0.0007253713340672332, -0.9935089741210813, 0.11375144912177769, 0.9999997335913337, -0.0007299418448811123, 1.471342543723021e-06], "world_rotation": [0.0, 1.0, 0.0, 0.0]}, {"color": "CVPurple", "id_name": "object74317597406820", "shape": "CVSphere", "id_string": "ob435", "world_size": [0.09, 0.09, 0.09], "id": 435, "camera_size": [39, 44], "camera_position": [250, 247], "world_position": [0.7191052725359902, 0.7335989967109812, -0.1642320157779016], "world_orientation": [0.9933763681861528, -0.11490600990917477, -4.0052058423008695e-06, 0.11490600996027633, 0.993376366792132, 5.266756609097334e-05, -2.073143043262022e-06, -5.277893774706363e-05, 0.9999999986050431], "world_rotation": [0.00045883802245966763, 8.407143354326103e-06, -0.999999894698489, -0.11516039455818472]}], "source": "action wait"}
{"timestamp": 1706200734.921473, "objects": [{"color": "cv_", "id_name": "hand", "shape": "CVCylinder", "id_string": "ob382", "world_size": [0.12, 0.005, 0.12], "id": 382, "camera_size": [56, 55], "camera_position": [244, 250], "world_position": [0.7137717361266065, 0.8548357543328974, -0.17411226205280153], "world_orientation": [0.00015651230468915494, 0.21281371577422709, 0.9770927785437088, -0.0007211876630855901, -0.9770925123911881, 0.21281377332642473, 0.9999997276960895, -0.0007379752317089226, 5.516253433101891e-07], "world_rotation": [0.0, 1.0, 0.0, 0.0]}, {"color": "CVPurple", "id_name": "object74317597406820", "shape": "CVSphere", "id_string": "ob435", "world_size": [0.09, 0.09, 0.09], "id": 435, "camera_size": [41, 50], "camera_position": [248, 245], "world_position": [0.7225584976537274, 0.8064449037335276, -0.16779032572454589], "world_orientation": [0.9768729452022012, -0.21382059974363501, -7.5663328554727614e-06, 0.21382059985474558, 0.9768729439702583, 4.91593069008115e-05, -3.119926632928359e-06, -4.964023474615249e-05, 0.9999999987630566], "world_rotation": [0.0002310337242941516, 1.0397515739393014e-05, -0.9999999732576546, -0.2154843538321783]}], "source": "action wait"}
{"timestamp": 1706200734.955966, "objects": [{"color": "cv_", "id_name": "hand", "shape": "CVCylinder", "id_string": "ob382", "world_size": [0.12, 0.005, 0.12], "id": 382, "camera_size": [59, 57], "camera_position": [244, 254], "world_position": [0.704781580908746, 0.9244434405993517, -0.17411319296396777], "world_orientation": [0.00023165062825597518, 0.3097438873708798, 0.9508199990399666, -0.0007095577306088088, -0.9508197342832218, 0.3097439739937011, 0.999999721432868, -0.0007464140669106385, -4.7681901157375176e-07], "world_rotation": [0.0, 1.0, 0.0, 0.0]}, {"color": "CVPurple", "id_name": "object74317597406820", "shape": "CVSphere", "id_string": "ob435", "world_size": [0.09, 0.09, 0.09], "id": 435, "camera_size": [44, 55], "camera_position": [246, 247], "world_position": [0.7183101916937675, 0.8784924074952518, -0.17006644208577978], "world_orientation": [0.9505264701439223, -0.31064357302197393, -9.791664792458878e-06, 0.31064357314806107, 0.9505264691603761, 4.3443226627674876e-05, -4.18812258084638e-06, -4.4335654596263745e-05, 0.9999999990084049], "world_rotation": [0.00014128552455234836, 9.019246881253135e-06, -0.9999999899785269, -0.3158700310093963]}], "source": "action wait"}
{"timestamp": 1706200734.986883, "objects": [{"color": "cv_", "id_name": "hand", "shape": "CVCylinder", "id_string": "ob382", "world_size": [0.12, 0.005, 0.12], "id": 382, "camera_size": [63, 59], "camera_position": [243, 262], "world_position": [0.6886009988725044, 0.9927276230647804, -0.1741136436748867], "world_orientation": [0.00030542614107910003, 0.40354468856596204, 0.9149598849376256, -0.0006874440778477692, -0.9149596266884497, 0.4035448041429513, 0.9999997170677161, -0.0007522368866507421, -2.0381817205633824e-06], "world_rotation": [0.0, 1.0, 0.0, 0.0]}, {"color": "CVPurple", "id_name": "object74317597406820", "shape": "CVSphere", "id_string": "ob435", "world_size": [0.09, 0.09, 0.09], "id": 435, "camera_size": [47, 62], "camera_position": [245, 252], "world_position": [0.7066266392813635, 0.9492063729013707, -0.17152294553746578], "world_orientation": [0.9145994273957659, -0.4043610852735027, -1.1125296316100997e-05, 0.40436108538566606, 0.9145994265658861, 3.938373389031401e-05, -5.750059746928656e-06, -4.051897735840416e-05, 0.9999999991625746], "world_rotation": [9.880118754730621e-05, 6.646579923036781e-06, -0.9999999950970742, -0.41628015159562815]}], "source": "action wait"}
{"timestamp": 1706200735.016487, "objects": [{"color": "cv_", "id_name": "hand", "shape": "CVCylinder", "id_string": "ob382", "world_size": [0.12, 0.005, 0.12], "id": 382, "camera_size": [66, 60], "camera_position": [242, 275], "world_position": [0.6654912852151363, 1.0589999871138802, -0.17411406724306547], "world_orientation": [0.0003766389525915229, 0.4932729892887084, 0.8698744830038877, -0.0006560808687027581, -0.8698742355968403, 0.4932731330639312, 0.9999997138504556, -0.0007564938826504341, -4.0015496609157424e-06], "world_rotation": [0.0, 1.0, 0.0, 0.0]}, {"color": "CVPurple", "id_name": "object74317597406820", "shape": "CVSphere", "id_string": "ob435", "world_size": [0.09, 0.09, 0.09], "id": 435, "camera_size": [50, 68], "camera_position": [243, 262], "world_position": [0.6877628517701088, 1.0180443547553324, -0.17245521221255708], "world_orientation": [0.8694510400330344, -0.49401911789415515, -1.1855614987631625e-05, 0.4940191179764432, 0.8694510393031977, 3.644676267963151e-05, -7.69752077651429e-06, -3.7545576176900876e-05, 0.999999999265539], "world_rotation": [7.48881328293905e-05, 4.208434500266964e-06, -0.9999999971870284, -0.5167063086662468]}], "source": "action wait"}
{"timestamp": 1706200735.044607, "objects": [{"color": "cv_", "id_name": "hand", "shape": "CVCylinder", "id_string": "ob382", "world_size": [0.12, 0.005, 0.12], "id": 382, "camera_size": [71, 60], "camera_position": [242, 289], "world_position": [0.6420874574800339, 1.1089800555166247, -0.1741135846168372], "world_orientation": [0.00043719055038845915, 0.5602091304217764, 0.8283510964901899, -0.0006354304113060811, -0.8283508527929463, 0.5602093009807952, 0.9999997025462634, -0.000771277690577222, -6.173247085452631e-06], "world_rotation": [0.0, 1.0, 0.0, 0.0]}, {"color": "CVPurple", "id_name": "object74317597406820", "shape": "CVSphere", "id_string": "ob435", "world_size": [0.09, 0.09, 0.09], "id": 435, "camera_size": [52, 73], "camera_position": [242, 275], "world_position": [0.6674573468594767, 1.0703705099179779, -0.17305161878754616], "world_orientation": [0.8278826529193242, -0.5609013397821396, -5.0855344574874656e-06, 0.5609013397189736, 0.8278826525990614, 2.504002450171236e-05, -9.83475753463941e-06, -2.3582685004034238e-05, 0.9999999996735672], "world_rotation": [-4.334337076219306e-05, 4.233563673390755e-06, 0.9999999990517144, 0.5954741284921027]}], "source": "action wait"}
{"timestamp": 1706200735.076744, "objects": [{"color": "cv_", "id_name": "hand", "shape": "CVCylinder", "id_string": "ob382", "world_size": [0.12, 0.005, 0.12], "id": 382, "camera_size": [73, 61], "camera_position": [241, 302], "world_position": [0.622864997434569, 1.1427921808620602, -0.17411468470548142], "world_orientation": [0.000478991402746179, 0.6053636642977025, 0.7959488705408746, -0.0006136074476332724, -0.7959486340821087, 0.6053638537183458, 0.9999996970265224, -0.0007783642363636192, -9.796899812741352e-06], "world_rotation": [0.0, 1.0, 0.0, 0.0]}, {"color": "CVPurple", "id_name": "object74317597406820", "shape": "CVSphere", "id_string": "ob435", "world_size": [0.09, 0.09, 0.09], "id": 435, "camera_size": [54, 75], "camera_position": [241, 286], "world_position": [0.6502715332551994, 1.1060388027121233, -0.1734345981684259], "world_orientation": [0.7954512830550706, -0.6060175379359128, 3.6934794699387127e-07, 0.6060175377871962, 0.795451282873079, 2.1677570676491783e-05, -1.3430786308062104e-05, -1.7019620074708377e-05, 0.9999999997649733], "world_rotation": [-3.1927451196807626e-05, 1.1385919866134673e-05, 0.9999999994254994, 0.6510444411911922]}], "source": "action wait"}
{"timestamp": 1706200735.110914, "objects": [{"color": "cv_", "id_name": "hand", "shape": "CVCylinder", "id_string": "ob382", "world_size": [0.12, 0.005, 0.12], "id": 382, "camera_size": [75, 61], "camera_position": [241, 312], "world_position": [0.6080509347077981, 1.165842132046291, -0.17411634590622047], "world_orientation": [0.0005069289331656313, 0.63609627032711, 0.7716095372006471, -0.0005938335498019696, -0.7716093088089954, 0.6360964721809266, 0.9999996951923396, -0.0007806633365700593, -1.3415777510573554e-05], "world_rotation": [0.0, 1.0, 0.0, 0.0]}, {"color": "CVPurple", "id_name": "object74317597406820", "shape": "CVSphere", "id_string": "ob435", "world_size": [0.09, 0.09, 0.09], "id": 435, "camera_size": [56, 78], "camera_position": [241, 294], "world_position": [0.6368146521467589, 1.1304820247269403, -0.1736805497953985], "world_orientation": [0.771092481615775, -0.6367231618082134, 3.546470053706829e-06, 0.6367231615903357, 0.771092481476973, 2.2451979956964726e-05, -1.7030352061249783e-05, -1.5054433317121912e-05, 0.9999999997416658], "world_rotation": [-2.9452684862936536e-05, 1.6158374110681443e-05, 0.9999999994357232, 0.6902411660425072]}], "source": "action wait"}
