{"timestamp": 1706069050.478339, "objects": [{"color": "cv_", "id_name": "hand", "shape": "CVCylinder", "id_string": "ob383", "world_size": [0.12, 0.005, 0.12], "id": 383, "camera_size": [48, 50], "camera_position": [246, 426], "world_position": [0.2676445155400088, 0.6334703013849472, -0.17389260400847809], "world_orientation": [-0.000641550938781634, 0.1979154748668733, 0.9802188802612469, -0.0007473674822302581, -0.9802189031248748, 0.1979149903330072, 0.9999995149270022, -0.0006056111687285996, 0.0007767759476573573], "world_rotation": [0.0, 1.0, 0.0, 0.0]}, {"color": "CVBlue", "id_name": "object50699110620565", "shape": "CVCone", "id_string": "ob1031", "world_size": [0.11, 0.11, 0.11], "id": 1031, "camera_size": [45, 45], "camera_position": [256, 254], "world_position": [0.705, 0.654738849708696, -0.15], "world_orientation": [1.0, -5.1619362862653347e-17, 1.4541359828532488e-17, 5.1619362862653347e-17, 1.0, 2.3824321321224633e-17, -1.4541359828532488e-17, -2.3824321321224633e-17, 1.0], "world_rotation": [-0.4059884517598224, 0.2477982093873522, 0.8796416454796148, 5.868226354211375e-17]}], "source": "manual check"}
{"timestamp": 1706069051.492567, "objects": [{"color": "cv_", "id_name": "hand", "shape": "CVCylinder", "id_string": "ob383", "world_size": [0.12, 0.005, 0.12], "id": 383, "camera_size": [48, 50], "camera_position": [246, 426], "world_position": [0.2676445155400088, 0.6334703013849472, -0.17389260400847809], "world_orientation": [-0.000641550938781634, 0.1979154748668733, 0.9802188802612469, -0.0007473674822302581, -0.9802189031248748, 0.1979149903330072, 0.9999995149270022, -0.0006056111687285996, 0.0007767759476573573], "world_rotation": [0.0, 1.0, 0.0, 0.0]}, {"color": "CVBlue", "id_name": "object50699110620565", "shape": "CVCone", "id_string": "ob1031", "world_size": [0.11, 0.11, 0.11], "id": 1031, "camera_size": [45, 45], "camera_position": [256, 254], "world_position": [0.705, 0.6547388572526824, -0.15], "world_orientation": [1.0, -3.838362879530641e-17, 1.4813540171849057e-17, 3.838362879530641e-17, 1.0, 5.294293626938881e-18, -1.4813540171849057e-17, -5.294293626938881e-18, 1.0], "world_rotation": [-0.1276280613210114, 0.35710588544125776, 0.925303444577321, 4.1482206750932463e-17]}], "source": "manual check"}
{"timestamp": 1706069053.371986, "objects": [{"color": "cv_", "id_name": "hand", "shape": "CVCylinder", "id_string": "ob383", "world_size": [0.12, 0.005, 0.12], "id": 383, "camera_size": [48, 50], "camera_position": [246, 426], "world_position": [0.2676445155400088, 0.6334703013849472, -0.17389260400847809], "world_orientation": [-0.000641550938781634, 0.1979154748668733, 0.9802188802612469, -0.0007473674822302581, -0.9802189031248748, 0.1979149903330072, 0.9999995149270022, -0.0006056111687285996, 0.0007767759476573573], "world_rotation": [0.0, 1.0, 0.0, 0.0]}, {"color": "CVBlue", "id_name": "object50699110620565", "shape": "CVCone", "id_string": "ob1031", "world_size": [0.11, 0.11, 0.11], "id": 1031, "camera_size": [45, 45], "camera_position": [256, 254], "world_position": [0.705, 0.6547388572526824, -0.15], "world_orientation": [1.0, -3.838362879530641e-17, 1.4813540171849057e-17, 3.838362879530641e-17, 1.0, 5.294293626938881e-18, -1.4813540171849057e-17, -5.294293626938881e-18, 1.0], "world_rotation": [-0.1276280613210114, 0.35710588544125776, 0.925303444577321, 4.1482206750932463e-17]}], "source": "action wait"}
{"timestamp": 1706069053.401448, "objects": [{"color": "cv_", "id_name": "hand", "shape": "CVCylinder", "id_string": "ob383", "world_size": [0.12, 0.005, 0.12], "id": 383, "camera_size": [49, 51], "camera_position": [246, 421], "world_position": [0.29079630441401483, 0.667464912216293, -0.17395625485040833], "world_orientation": [-0.0003850523510773853, 0.19530907592613742, 0.9807416665950138, -0.0007159465790800342, -0.9807415417880916, 0.19530876998131202, 0.9999996695775369, -0.0006269545400928956, 0.0005174677012377935], "world_rotation": [0.0, 1.0, 0.0, 0.0]}, {"color": "CVBlue", "id_name": "object50699110620565", "shape": "CVCone", "id_string": "ob1031", "world_size": [0.11, 0.11, 0.11], "id": 1031, "camera_size": [45, 45], "camera_position": [256, 254], "world_position": [0.705, 0.6547388572526824, -0.15], "world_orientation": [1.0, -3.838362879530641e-17, 1.4813540171849057e-17, 3.838362879530641e-17, 1.0, 5.294293626938881e-18, -1.4813540171849057e-17, -5.294293626938881e-18, 1.0], "world_rotation": [-0.1276280613210114, 0.35710588544125776, 0.925303444577321, 4.1482206750932463e-17]}], "source": "action wait"}
{"timestamp": 1706069053.436699, "objects": [{"color": "cv_", "id_name": "hand", "shape": "CVCylinder", "id_string": "ob383", "world_size": [0.12, 0.005, 0.12], "id": 383, "camera_size": [51, 52], "camera_position": [246, 406], "world_position": [0.3366225658067151, 0.7051726059352301, -0.17398411673042138], "world_orientation": [-0.00022718266421004456, 0.18151313553510914, 0.9833884939413569, -0.0007325542381746339, -0.9833882856659906, 0.1815129278569237, 0.9999997058761195, -0.0006791488184700982, 0.00035637698741158337], "world_rotation": [0.0, 1.0, 0.0, 0.0]}, {"color": "CVBlue", "id_name": "object50699110620565", "shape": "CVCone", "id_string": "ob1031", "world_size": [0.11, 0.11, 0.11], "id": 1031, "camera_size": [45, 45], "camera_position": [256, 254], "world_position": [0.705, 0.6547388572526824, -0.15], "world_orientation": [1.0, -3.838362879530641e-17, 1.4813540171849057e-17, 3.838362879530641e-17, 1.0, 5.294293626938881e-18, -1.4813540171849057e-17, -5.294293626938881e-18, 1.0], "world_rotation": [-0.1276280613210114, 0.35710588544125776, 0.925303444577321, 4.1482206750932463e-17]}], "source": "action wait"}
{"timestamp": 1706069053.47181, "objects": [{"color": "cv_", "id_name": "hand", "shape": "CVCylinder", "id_string": "ob383", "world_size": [0.12, 0.005, 0.12], "id": 383, "camera_size": [51, 52], "camera_position": [246, 388], "world_position": [0.38703194720730344, 0.7381661622171805, -0.1740046288604269], "world_orientation": [-0.00012490578225208513, 0.1716919770707589, 0.985150673454614, -0.0007438842271897864, -0.9851504245189655, 0.17169183937030538, 0.9999997155173606, -0.0007113927438857346, 0.0002507699380889046], "world_rotation": [0.0, 1.0, 0.0, 0.0]}, {"color": "CVBlue", "id_name": "object50699110620565", "shape": "CVCone", "id_string": "ob1031", "world_size": [0.11, 0.11, 0.11], "id": 1031, "camera_size": [45, 45], "camera_position": [256, 254], "world_position": [0.705, 0.6547388572526824, -0.15], "world_orientation": [1.0, -3.838362879530641e-17, 1.4813540171849057e-17, 3.838362879530641e-17, 1.0, 5.294293626938881e-18, -1.4813540171849057e-17, -5.294293626938881e-18, 1.0], "world_rotation": [-0.1276280613210114, 0.35710588544125776, 0.925303444577321, 4.1482206750932463e-17]}], "source": "action wait"}
{"timestamp": 1706069053.507592, "objects": [{"color": "cv_", "id_name": "hand", "shape": "CVCylinder", "id_string": "ob383", "world_size": [0.12, 0.005, 0.12], "id": 383, "camera_size": [52, 53], "camera_position": [245, 368], "world_position": [0.4410375600866596, 0.7659892269721595, -0.17402311667453968], "world_orientation": [-5.2921237774699124e-05, 0.16475206509134177, 0.9863350111637937, -0.000751303955338249, -0.986334740723315, 0.16475197960764573, 0.9999997163708145, -0.0007323185164895811, 0.00017597693349295367], "world_rotation": [0.0, 1.0, 0.0, 0.0]}, {"color": "CVBlue", "id_name": "object50699110620565", "shape": "CVCone", "id_string": "ob1031", "world_size": [0.11, 0.11, 0.11], "id": 1031, "camera_size": [45, 45], "camera_position": [256, 254], "world_position": [0.705, 0.6547388572526824, -0.15], "world_orientation": [1.0, -3.838362879530641e-17, 1.4813540171849057e-17, 3.838362879530641e-17, 1.0, 5.294293626938881e-18, -1.4813540171849057e-17, -5.294293626938881e-18, 1.0], "world_rotation": [-0.1276280613210114, 0.35710588544125776, 0.925303444577321, 4.1482206750932463e-17]}], "source": "action wait"}
{"timestamp": 1706069053.542251, "objects": [{"color": "cv_", "id_name": "hand", "shape": "CVCylinder", "id_string": "ob383", "world_size": [0.12, 0.005, 0.12], "id": 383, "camera_size": [52, 53], "camera_position": [245, 344], "world_position": [0.49815490420095515, 0.7811411767280421, -0.1740383779288866], "world_orientation": [-9.11849273793527e-06, 0.14955926579127504, 0.9887527627940303, -0.0007643490391930295, -0.9887524750482356, 0.14955921521770144, 0.999999707843657, -0.0007543884696235329, 0.00012333141337373345], "world_rotation": [0.0, 1.0, 0.0, 0.0]}, {"color": "CVBlue", "id_name": "object50699110620565", "shape": "CVCone", "id_string": "ob1031", "world_size": [0.11, 0.11, 0.11], "id": 1031, "camera_size": [45, 45], "camera_position": [256, 254], "world_position": [0.705, 0.6547388572526824, -0.15], "world_orientation": [1.0, -3.838362879530641e-17, 1.4813540171849057e-17, 3.838362879530641e-17, 1.0, 5.294293626938881e-18, -1.4813540171849057e-17, -5.294293626938881e-18, 1.0], "world_rotation": [-0.1276280613210114, 0.35710588544125776, 0.925303444577321, 4.1482206750932463e-17]}], "source": "action wait"}
{"timestamp": 1706069053.571599, "objects": [{"color": "cv_", "id_name": "hand", "shape": "CVCylinder", "id_string": "ob383", "world_size": [0.12, 0.005, 0.12], "id": 383, "camera_size": [52, 53], "camera_position": [245, 318], "world_position": [0.5567904777451759, 0.7728433280409447, -0.17405022132089235], "world_orientation": [-2.337085771017147e-06, 0.11084765431714812, 0.9938374100057434, -0.0007770584265234482, -0.9938371101603652, 0.11084761904658144, 0.9999996980873245, -0.0007720106736463023, 8.84577864167652e-05], "world_rotation": [0.0, 1.0, 0.0, 0.0]}, {"color": "CVBlue", "id_name": "object50699110620565", "shape": "CVCone", "id_string": "ob1031", "world_size": [0.11, 0.11, 0.11], "id": 1031, "camera_size": [45, 45], "camera_position": [256, 254], "world_position": [0.705, 0.6547388572526824, -0.15], "world_orientation": [1.0, -3.838362879530641e-17, 1.4813540171849057e-17, 3.838362879530641e-17, 1.0, 5.294293626938881e-18, -1.4813540171849057e-17, -5.294293626938881e-18, 1.0], "world_rotation": [-0.1276280613210114, 0.35710588544125776, 0.925303444577321, 4.1482206750932463e-17]}], "source": "action wait"}
{"timestamp": 1706069053.598807, "objects": [{"color": "cv_", "id_name": "hand", "shape": "CVCylinder", "id_string": "ob383", "world_size": [0.12, 0.005, 0.12], "id": 383, "camera_size": [52, 52], "camera_position": [245, 298], "world_position": [0.6021305014403148, 0.7593670210980134, -0.17405582686598728], "world_orientation": [-1.661467435598161e-05, 0.07771685122915005, 0.9969754714931451, -0.0007752612633706908, -0.9969751730256575, 0.07771681504303769, 0.999999699346918, -0.0007716252240057634, 7.681528211031412e-05], "world_rotation": [0.0, 1.0, 0.0, 0.0]}, {"color": "CVBlue", "id_name": "object50699110620565", "shape": "CVCone", "id_string": "ob1031", "world_size": [0.11, 0.11, 0.11], "id": 1031, "camera_size": [45, 45], "camera_position": [256, 254], "world_position": [0.705, 0.6547388572526824, -0.15], "world_orientation": [1.0, -3.838362879530641e-17, 1.4813540171849057e-17, 3.838362879530641e-17, 1.0, 5.294293626938881e-18, -1.4813540171849057e-17, -5.294293626938881e-18, 1.0], "world_rotation": [-0.1276280613210114, 0.35710588544125776, 0.925303444577321, 4.1482206750932463e-17]}], "source": "action wait"}
{"timestamp": 1706069053.63244, "objects": [{"color": "cv_", "id_name": "hand", "shape": "CVCylinder", "id_string": "ob383", "world_size": [0.12, 0.005, 0.12], "id": 383, "camera_size": [51, 51], "camera_position": [246, 284], "world_position": [0.6339561484585584, 0.7474014217687278, -0.17406350608334908], "world_orientation": [-2.2857825163979224e-05, 0.054305841184147746, 0.9985243487721279, -0.0007713918962680432, -0.998524052906788, 0.05430580743478858, 0.9999997022159869, -0.0007690122782177582, 6.471517403322574e-05], "world_rotation": [0.0, 1.0, 0.0, 0.0]}, {"color": "CVBlue", "id_name": "object50699110620565", "shape": "CVCone", "id_string": "ob1031", "world_size": [0.11, 0.11, 0.11], "id": 1031, "camera_size": [45, 45], "camera_position": [256, 254], "world_position": [0.705, 0.6547388572526824, -0.15], "world_orientation": [1.0, -3.838362879530641e-17, 1.4813540171849057e-17, 3.838362879530641e-17, 1.0, 5.294293626938881e-18, -1.4813540171849057e-17, -5.294293626938881e-18, 1.0], "world_rotation": [-0.1276280613210114, 0.35710588544125776, 0.925303444577321, 4.1482206750932463e-17]}], "source": "action wait"}
{"timestamp": 1706069053.665071, "objects": [{"color": "cv_", "id_name": "hand", "shape": "CVCylinder", "id_string": "ob383", "world_size": [0.12, 0.005, 0.12], "id": 383, "camera_size": [51, 51], "camera_position": [246, 275], "world_position": [0.6562274248884081, 0.7377735626959142, -0.17407138495804095], "world_orientation": [-2.4211101239359627e-05, 0.03778608978836936, 0.9992858504113465, -0.0007678982972924416, -0.9992855567833464, 0.03778606008043645, 0.9999997048729703, -0.0007664350609136108, 5.3209677792517416e-05], "world_rotation": [0.0, 1.0, 0.0, 0.0]}, {"color": "CVBlue", "id_name": "object50699110620565", "shape": "CVCone", "id_string": "ob1031", "world_size": [0.11, 0.11, 0.11], "id": 1031, "camera_size": [45, 45], "camera_position": [256, 254], "world_position": [0.705, 0.6547388572526824, -0.15], "world_orientation": [1.0, -3.838362879530641e-17, 1.4813540171849057e-17, 3.838362879530641e-17, 1.0, 5.294293626938881e-18, -1.4813540171849057e-17, -5.294293626938881e-18, 1.0], "world_rotation": [-0.1276280613210114, 0.35710588544125776, 0.925303444577321, 4.1482206750932463e-17]}], "source": "action wait"}
{"timestamp": 1706069053.700201, "objects": [{"color": "cv_", "id_name": "hand", "shape": "CVCylinder", "id_string": "ob383", "world_size": [0.12, 0.005, 0.12], "id": 383, "camera_size": [51, 51], "camera_position": [246, 268], "world_position": [0.6718104661142925, 0.7304172413225637, -0.17407849700962716], "world_orientation": [-2.303223428649388e-05, 0.026136537158170207, 0.9996583820960518, -0.0007653854637176606, -0.9996580900145173, 0.026136511887000256, 0.9999997068272612, -0.0007645220120749754, 4.3028884948756976e-05], "world_rotation": [0.0, 1.0, 0.0, 0.0]}, {"color": "CVBlue", "id_name": "object50699110620565", "shape": "CVCone", "id_string": "ob1031", "world_size": [0.11, 0.11, 0.11], "id": 1031, "camera_size": [45, 45], "camera_position": [256, 254], "world_position": [0.705, 0.6547388572526824, -0.15], "world_orientation": [1.0, -3.838362879530641e-17, 1.4813540171849057e-17, 3.838362879530641e-17, 1.0, 5.294293626938881e-18, -1.4813540171849057e-17, -5.294293626938881e-18, 1.0], "world_rotation": [-0.1276280613210114, 0.35710588544125776, 0.925303444577321, 4.1482206750932463e-17]}], "source": "action wait"}
{"timestamp": 1706069053.734247, "objects": [{"color": "cv_", "id_name": "hand", "shape": "CVCylinder", "id_string": "ob383", "world_size": [0.12, 0.005, 0.12], "id": 383, "camera_size": [51, 50], "camera_position": [246, 263], "world_position": [0.6827232555937152, 0.7249641504453322, -0.17408450972028539], "world_orientation": [-2.0717866606726272e-05, 0.01792393756941732, 0.9998393531126778, -0.0007638010719513374, -0.999839061961671, 0.01792391652313546, 0.9999997080893036, -0.0007633070243753602, 3.4404855043396707e-05], "world_rotation": [0.0, 1.0, 0.0, 0.0]}, {"color": "CVBlue", "id_name": "object50699110620565", "shape": "CVCone", "id_string": "ob1031", "world_size": [0.11, 0.11, 0.11], "id": 1031, "camera_size": [45, 45], "camera_position": [256, 254], "world_position": [0.705, 0.6547388572526824, -0.15], "world_orientation": [1.0, -3.838362879530641e-17, 1.4813540171849057e-17, 3.838362879530641e-17, 1.0, 5.294293626938881e-18, -1.4813540171849057e-17, -5.294293626938881e-18, 1.0], "world_rotation": [-0.1276280613210114, 0.35710588544125776, 0.925303444577321, 4.1482206750932463e-17]}], "source": "action wait"}
{"timestamp": 1706069053.767449, "objects": [{"color": "cv_", "id_name": "hand", "shape": "CVCylinder", "id_string": "ob383", "world_size": [0.12, 0.005, 0.12], "id": 383, "camera_size": [51, 51], "camera_position": [246, 260], "world_position": [0.6903741098175269, 0.7209971752419795, -0.17408939879569738], "world_orientation": [-1.80865191216157e-05, 0.012135106772773992, 0.9999263667173156, -0.000762912526777248, -0.9999260760519343, 0.01213508944581108, 0.9999997088186349, -0.0007626368694965541, 2.734320706581251e-05], "world_rotation": [0.0, 1.0, 0.0, 0.0]}, {"color": "CVBlue", "id_name": "object50699110620565", "shape": "CVCone", "id_string": "ob1031", "world_size": [0.11, 0.11, 0.11], "id": 1031, "camera_size": [45, 45], "camera_position": [256, 254], "world_position": [0.705, 0.6547388572526824, -0.15], "world_orientation": [1.0, -3.838362879530641e-17, 1.4813540171849057e-17, 3.838362879530641e-17, 1.0, 5.294293626938881e-18, -1.4813540171849057e-17, -5.294293626938881e-18, 1.0], "world_rotation": [-0.1276280613210114, 0.35710588544125776, 0.925303444577321, 4.1482206750932463e-17]}], "source": "action wait"}
{"timestamp": 1706069053.798648, "objects": [{"color": "cv_", "id_name": "hand", "shape": "CVCylinder", "id_string": "ob383", "world_size": [0.12, 0.005, 0.12], "id": 383, "camera_size": [51, 50], "camera_position": [246, 257], "world_position": [0.6957438683480738, 0.718145968394145, -0.17409327494975038], "world_orientation": [-1.5537748443853098e-05, 0.008054945492218347, 0.9999675582796153, -0.0007624851066702574, -0.9999672678133709, 0.008054931304766927, 0.9999997091874779, -0.0007623352148456232, 2.1679015832595496e-05], "world_rotation": [0.0, 1.0, 0.0, 0.0]}, {"color": "CVBlue", "id_name": "object50699110620565", "shape": "CVCone", "id_string": "ob1031", "world_size": [0.11, 0.11, 0.11], "id": 1031, "camera_size": [45, 45], "camera_position": [256, 254], "world_position": [0.705, 0.6547388572526824, -0.15], "world_orientation": [1.0, -3.838362879530641e-17, 1.4813540171849057e-17, 3.838362879530641e-17, 1.0, 5.294293626938881e-18, -1.4813540171849057e-17, -5.294293626938881e-18, 1.0], "world_rotation": [-0.1276280613210114, 0.35710588544125776, 0.925303444577321, 4.1482206750932463e-17]}], "source": "action wait"}
{"timestamp": 1706069053.835808, "objects": [{"color": "cv_", "id_name": "hand", "shape": "CVCylinder", "id_string": "ob383", "world_size": [0.12, 0.005, 0.12], "id": 383, "camera_size": [50, 50], "camera_position": [245, 256], "world_position": [0.6995161485413166, 0.7161128582718754, -0.1740962950620243], "world_orientation": [-1.3257778710514863e-05, 0.005179142059750005, 0.9999865880659382, -0.0007623368078477153, -0.999986297631317, 0.0051791304484997734, 0.9999997093333691, -0.0007622579196716619, 1.7205847673128564e-05], "world_rotation": [0.0, 1.0, 0.0, 0.0]}, {"color": "CVBlue", "id_name": "object50699110620565", "shape": "CVCone", "id_string": "ob1031", "world_size": [0.11, 0.11, 0.11], "id": 1031, "camera_size": [45, 45], "camera_position": [256, 254], "world_position": [0.705, 0.6547388572526824, -0.15], "world_orientation": [1.0, -3.838362879530641e-17, 1.4813540171849057e-17, 3.838362879530641e-17, 1.0, 5.294293626938881e-18, -1.4813540171849057e-17, -5.294293626938881e-18, 1.0], "world_rotation": [-0.1276280613210114, 0.35710588544125776, 0.925303444577321, 4.1482206750932463e-17]}], "source": "action wait"}
{"timestamp": 1706069053.868336, "objects": [{"color": "cv_", "id_name": "hand", "shape": "CVCylinder", "id_string": "ob383", "world_size": [0.12, 0.005, 0.12], "id": 383, "camera_size": [50, 50], "camera_position": [245, 255], "world_position": [0.7021682078250127, 0.7146706650841138, -0.1740986190105132], "world_orientation": [-1.1321939792837542e-05, 0.0031521778891468897, 0.9999950318108431, -0.0007623425749335106, -0.9999947413204435, 0.003152168342225638, 0.9999997093527638, -0.0007623030988115673, 1.372491966341022e-05], "world_rotation": [0.0, 1.0, 0.0, 0.0]}, {"color": "CVBlue", "id_name": "object50699110620565", "shape": "CVCone", "id_string": "ob1031", "world_size": [0.11, 0.11, 0.11], "id": 1031, "camera_size": [45, 45], "camera_position": [256, 254], "world_position": [0.705, 0.6547388572526824, -0.15], "world_orientation": [1.0, -3.838362879530641e-17, 1.4813540171849057e-17, 3.838362879530641e-17, 1.0, 5.294293626938881e-18, -1.4813540171849057e-17, -5.294293626938881e-18, 1.0], "world_rotation": [-0.1276280613210114, 0.35710588544125776, 0.925303444577321, 4.1482206750932463e-17]}], "source": "action wait"}
{"timestamp": 1706069053.899769, "objects": [{"color": "cv_", "id_name": "hand", "shape": "CVCylinder", "id_string": "ob383", "world_size": [0.12, 0.005, 0.12], "id": 383, "camera_size": [50, 50], "camera_position": [245, 254], "world_position": [0.7040338377868081, 0.7136511621264385, -0.1741003907744145], "world_orientation": [-9.730490772062507e-06, 0.0017234728222411636, 0.9999985147722714, -0.0007624230663150497, -0.9999982241883221, 0.0017234649026655984, 0.9999997093081505, -0.0007624051637841839, 1.1044488926751488e-05], "world_rotation": [0.0, 1.0, 0.0, 0.0]}, {"color": "CVBlue", "id_name": "object50699110620565", "shape": "CVCone", "id_string": "ob1031", "world_size": [0.11, 0.11, 0.11], "id": 1031, "camera_size": [45, 45], "camera_position": [256, 254], "world_position": [0.705, 0.6547388572526824, -0.15], "world_orientation": [1.0, -3.838362879530641e-17, 1.4813540171849057e-17, 3.838362879530641e-17, 1.0, 5.294293626938881e-18, -1.4813540171849057e-17, -5.294293626938881e-18, 1.0], "world_rotation": [-0.1276280613210114, 0.35710588544125776, 0.925303444577321, 4.1482206750932463e-17]}], "source": "action wait"}
{"timestamp": 1706069053.928767, "objects": [{"color": "cv_", "id_name": "hand", "shape": "CVCylinder", "id_string": "ob383", "world_size": [0.12, 0.005, 0.12], "id": 383, "camera_size": [50, 50], "camera_position": [245, 253], "world_position": [0.7053468697272133, 0.7129320856353895, -0.17410173201102877], "world_orientation": [-8.45181763098097e-06, 0.0007164235141389149, 0.9999997433329247, -0.0007625314182633471, -0.9999994526462088, 0.0007164168611062852, 0.9999997092371592, -0.0007625251675223675, 8.998108443525016e-06], "world_rotation": [0.0, 1.0, 0.0, 0.0]}, {"color": "CVBlue", "id_name": "object50699110620565", "shape": "CVCone", "id_string": "ob1031", "world_size": [0.11, 0.11, 0.11], "id": 1031, "camera_size": [45, 45], "camera_position": [256, 254], "world_position": [0.705, 0.6547388572526824, -0.15], "world_orientation": [1.0, -3.838362879530641e-17, 1.4813540171849057e-17, 3.838362879530641e-17, 1.0, 5.294293626938881e-18, -1.4813540171849057e-17, -5.294293626938881e-18, 1.0], "world_rotation": [-0.1276280613210114, 0.35710588544125776, 0.925303444577321, 4.1482206750932463e-17]}], "source": "action wait"}
{"timestamp": 1706069053.974271, "objects": [{"color": "cv_", "id_name": "hand", "shape": "CVCylinder", "id_string": "ob383", "world_size": [0.12, 0.005, 0.12], "id": 383, "camera_size": [50, 50], "camera_position": [245, 253], "world_position": [0.7062713308813499, 0.712425637025613, -0.17410274168548354], "world_orientation": [-7.441802598871306e-06, 6.566099886948422e-06, 0.9999999999507531, -0.0007626420410841275, -0.9999997091669968, 6.560422546473543e-06, 0.9999997091608261, -0.0007626419922255913, 7.446808018733819e-06], "world_rotation": [0.0, 1.0, 0.0, 0.0]}, {"color": "CVBlue", "id_name": "object50699110620565", "shape": "CVCone", "id_string": "ob1031", "world_size": [0.11, 0.11, 0.11], "id": 1031, "camera_size": [45, 45], "camera_position": [256, 254], "world_position": [0.705, 0.6547388572526824, -0.15], "world_orientation": [1.0, -3.838362879530641e-17, 1.4813540171849057e-17, 3.838362879530641e-17, 1.0, 5.294293626938881e-18, -1.4813540171849057e-17, -5.294293626938881e-18, 1.0], "world_rotation": [-0.1276280613210114, 0.35710588544125776, 0.925303444577321, 4.1482206750932463e-17]}], "source": "action wait"}
{"timestamp": 1706069054.007333, "objects": [{"color": "cv_", "id_name": "hand", "shape": "CVCylinder", "id_string": "ob383", "world_size": [0.12, 0.005, 0.12], "id": 383, "camera_size": [49, 50], "camera_position": [246, 253], "world_position": [0.7069025312765648, 0.7120937770714695, -0.1740962906287525], "world_orientation": [-8.442642906483357e-06, -0.0004856445149645236, 0.9999998820390567, -0.000763493459348364, -0.9999995906104258, -0.000485650819336831, 0.9999997085031872, -0.0007634974694627418, 8.071853039727288e-06], "world_rotation": [0.0, 1.0, 0.0, 0.0]}, {"color": "CVBlue", "id_name": "object50699110620565", "shape": "CVCone", "id_string": "ob1031", "world_size": [0.11, 0.11, 0.11], "id": 1031, "camera_size": [45, 45], "camera_position": [256, 254], "world_position": [0.7050976649283328, 0.6546625983761328, -0.14999646363516325], "world_orientation": [0.9999984304175377, 0.0017717656153282714, 3.0108854717302023e-06, -0.0017717654036334253, 0.9999984280477872, -6.891523220544476e-05, -3.132982377556811e-06, 6.890978945459175e-05, 0.9999999976208127], "world_rotation": [0.03886538060623763, 0.0017325138750636866, -0.9992429537334776, 0.001773108763230465]}], "source": "action wait"}
{"timestamp": 1706069054.040387, "objects": [{"color": "cv_", "id_name": "hand", "shape": "CVCylinder", "id_string": "ob383", "world_size": [0.12, 0.005, 0.12], "id": 383, "camera_size": [49, 50], "camera_position": [246, 252], "world_position": [0.7073243817877002, 0.711885560303963, -0.1741006733436403], "world_orientation": [-5.284527085874282e-06, -0.0008239791839289805, 0.9999996605151317, -0.0007652228852517942, -0.9999993677427871, -0.0008239829865326445, 0.999999707202962, -0.0007652269798309868, 4.653996016565987e-06], "world_rotation": [0.0, 1.0, 0.0, 0.0]}, {"color": "CVBlue", "id_name": "object50699110620565", "shape": "CVCone", "id_string": "ob1031", "world_size": [0.11, 0.11, 0.11], "id": 1031, "camera_size": [45, 46], "camera_position": [256, 253], "world_position": [0.7051967315186792, 0.6545958396221184, -0.1499986410951747], "world_orientation": [0.9999936873900861, 0.003553190486253798, 4.164997019870486e-06, -0.0035531903649173987, 0.9999936869848566, -2.8786521038372985e-05, -4.267254718867119e-06, 2.8771540293013985e-05, 0.9999999995769945], "world_rotation": [0.008099218738694944, 0.0011865349477039266, -0.9999664968340892, 0.003553316950097307]}], "source": "action wait"}
{"timestamp": 1706069054.070893, "objects": [{"color": "cv_", "id_name": "hand", "shape": "CVCylinder", "id_string": "ob383", "world_size": [0.12, 0.005, 0.12], "id": 383, "camera_size": [49, 50], "camera_position": [246, 252], "world_position": [0.7076261032160482, 0.7117319491383967, -0.17410492221054572], "world_orientation": [-2.9163779842958715e-06, -0.001064623338282483, 0.9999994332841606, -0.0007661245673681026, -0.9999991398127315, -0.001064625260155473, 0.9999997065222781, -0.0007661272380432189, 2.10074138158543e-06], "world_rotation": [0.0, 1.0, 0.0, 0.0]}, {"color": "CVBlue", "id_name": "object50699110620565", "shape": "CVCone", "id_string": "ob1031", "world_size": [0.11, 0.11, 0.11], "id": 1031, "camera_size": [45, 46], "camera_position": [256, 253], "world_position": [0.7052846845493224, 0.654505295047056, -0.1500007683245413], "world_orientation": [0.9999868734001679, 0.005123768825943572, 4.513854631476182e-06, -0.005123768875519529, 0.9999868733491508, 1.1040831247904349e-05, -4.457224712721765e-06, -1.1063814267200191e-05, 0.9999999999288626], "world_rotation": [-0.002157063117311166, 0.0008754351822841218, -0.9999972903423037, 0.005123805153932764]}], "source": "action wait"}
{"timestamp": 1706069055.161524, "objects": [{"color": "cv_", "id_name": "hand", "shape": "CVCylinder", "id_string": "ob383", "world_size": [0.12, 0.005, 0.12], "id": 383, "camera_size": [49, 50], "camera_position": [246, 252], "world_position": [0.7083547837247088, 0.7113705971348037, -0.17411381629169986], "world_orientation": [3.889410576719327e-06, -0.0016364925771304704, 0.9999986609375622, -0.0007683911200524564, -0.9999983657379118, -0.0016364891054448847, 0.9999997047799359, -0.0007683837261510978, -5.146870584336152e-06], "world_rotation": [0.0, 1.0, 0.0, 0.0]}, {"color": "CVBlue", "id_name": "object50699110620565", "shape": "CVCone", "id_string": "ob1031", "world_size": [0.11, 0.11, 0.11], "id": 1031, "camera_size": [45, 46], "camera_position": [256, 253], "world_position": [0.7055090676169748, 0.6543009313725656, -0.1500052263650104], "world_orientation": [0.9999663625162537, 0.008202034384448937, -2.1632582241565978e-05, -0.008202031405893316, 0.9999663537481588, 0.00013435932803263103, 2.2733874214649243e-05, -0.00013417737740398255, 0.9999999907398012], "world_rotation": [0.01636787811939641, 0.00270422902032754, 0.9998623803860579, -0.008203253814926455]}], "source": "action wait"}
{"timestamp": 1706069055.192276, "objects": [{"color": "cv_", "id_name": "hand", "shape": "CVCylinder", "id_string": "ob383", "world_size": [0.12, 0.005, 0.12], "id": 383, "camera_size": [51, 50], "camera_position": [246, 251], "world_position": [0.7107736542142421, 0.732027995415044, -0.1740960852001969], "world_orientation": [2.2408476525618765e-05, 0.028669790761181774, 0.9995889368113127, -0.000744401517555265, -0.999588659631085, 0.028669799498978753, 0.999999722682082, -0.000744737968023235, -1.057423263659697e-06], "world_rotation": [0.0, 1.0, 0.0, 0.0]}, {"color": "CVBlue", "id_name": "object50699110620565", "shape": "CVCone", "id_string": "ob1031", "world_size": [0.11, 0.11, 0.11], "id": 1031, "camera_size": [46, 48], "camera_position": [252, 251], "world_position": [0.7106539772149604, 0.6756631282609021, -0.15864704801041984], "world_orientation": [0.9996935095770666, -0.024756532437014617, -3.179909490094716e-05, 0.024756536030475042, 0.9996935030208728, 0.0001180746716740927, 2.8866229135131663e-05, -0.00011882571835668534, 0.9999999925235947], "world_rotation": [0.004784544928940826, 0.0012252236834294067, -0.9999878034039957, -0.02475936579530256]}], "source": "action wait"}
{"timestamp": 1706069055.226184, "objects": [{"color": "cv_", "id_name": "hand", "shape": "CVCylinder", "id_string": "ob383", "world_size": [0.12, 0.005, 0.12], "id": 383, "camera_size": [52, 53], "camera_position": [245, 250], "world_position": [0.7141895477812279, 0.7808921181317356, -0.1741129013146149], "world_orientation": [7.77549859581859e-05, 0.09914094830538014, 0.9950733974553194, -0.0007264940873034582, -0.9950731322662668, 0.09914097865233122, 0.999999733080216, -0.0007306236450875527, -5.346584672804587e-06], "world_rotation": [0.0, 1.0, 0.0, 0.0]}, {"color": "CVBlue", "id_name": "object50699110620565", "shape": "CVCone", "id_string": "ob1031", "world_size": [0.11, 0.11, 0.11], "id": 1031, "camera_size": [48, 53], "camera_position": [249, 248], "world_position": [0.7186532607012798, 0.7250889201669769, -0.1642257435479591], "world_orientation": [0.9952909638704731, -0.09693242957497679, -3.653049266422697e-05, 0.0969324329418914, 0.9952909585977001, 0.00010572434392122827, 2.611035154031972e-05, -0.00010876747369644208, 0.9999999937439431], "world_rotation": [0.0011063978915756957, 0.00032311581264124885, -0.999999335739718, -0.0970849358854722]}], "source": "action wait"}
{"timestamp": 1706069055.256895, "objects": [{"color": "cv_", "id_name": "hand", "shape": "CVCylinder", "id_string": "ob383", "world_size": [0.12, 0.005, 0.12], "id": 383, "camera_size": [55, 55], "camera_position": [245, 250], "world_position": [0.7131806103245268, 0.8508219379213116, -0.17411935690894], "world_orientation": [0.00015182187574148262, 0.19839183248555894, 0.9801227768770298, -0.0007164349169170374, -0.9801225150554538, 0.19839189046526562, 0.999999731835528, -0.0007323144091629984, -6.669202667937327e-06], "world_rotation": [0.0, 1.0, 0.0, 0.0]}, {"color": "CVBlue", "id_name": "object50699110620565", "shape": "CVCone", "id_string": "ob1031", "world_size": [0.11, 0.11, 0.11], "id": 1031, "camera_size": [51, 60], "camera_position": [248, 245], "world_position": [0.7235988262399142, 0.7958872497685472, -0.16779202798780046], "world_orientation": [0.9803471760544209, -0.19728003580989184, -4.327782438622638e-05, 0.19728003888112594, 0.9803471727308551, 8.472119145217228e-05, 2.571349309543827e-05, -9.15940316697083e-05, 0.999999995474675], "world_rotation": [0.00044686529157946203, 0.00017485628669501626, -0.9999998848683386, -0.19858267622962048]}], "source": "action wait"}
{"timestamp": 1706069055.294444, "objects": [{"color": "cv_", "id_name": "hand", "shape": "CVCylinder", "id_string": "ob383", "world_size": [0.12, 0.005, 0.12], "id": 383, "camera_size": [59, 57], "camera_position": [244, 254], "world_position": [0.704675199315406, 0.9203750531099659, -0.17412029974796128], "world_orientation": [0.000226488541731609, 0.29569971066407996, 0.955280916702579, -0.0007070530841953611, -0.9552806550669407, 0.2956997973127698, 0.9999997243894004, -0.0007424069343114581, -7.2847300893581375e-06], "world_rotation": [0.0, 1.0, 0.0, 0.0]}, {"color": "CVBlue", "id_name": "object50699110620565", "shape": "CVCone", "id_string": "ob1031", "world_size": [0.11, 0.11, 0.11], "id": 1031, "camera_size": [54, 67], "camera_position": [246, 246], "world_position": [0.7207960662729932, 0.8668563417415432, -0.17007151933003734], "world_orientation": [0.9554108304346494, -0.2952797707458216, -4.556828990846485e-05, 0.29527977315462245, 0.9554108288398349, 6.083859763092378e-05, 2.557203046930381e-05, -7.158124939225596e-05, 0.999999997111098], "world_rotation": [0.0002242277584050138, 0.00012046256606631862, -0.9999999676053408, -0.29974834438632286]}], "source": "action wait"}
{"timestamp": 1706069055.327907, "objects": [{"color": "cv_", "id_name": "hand", "shape": "CVCylinder", "id_string": "ob383", "world_size": [0.12, 0.005, 0.12], "id": 383, "camera_size": [62, 59], "camera_position": [243, 262], "world_position": [0.6889526469712451, 0.9886415839389697, -0.17412013827327735], "world_orientation": [0.00030012436215252214, 0.39001913034901536, 0.9208067049534149, -0.0006867995416192271, -0.9208064488618987, 0.39001924573119423, 0.9999997191158391, -0.000749463900234398, -8.491488183695512e-06], "world_rotation": [0.0, 1.0, 0.0, 0.0]}, {"color": "CVBlue", "id_name": "object50699110620565", "shape": "CVCone", "id_string": "ob1031", "world_size": [0.11, 0.11, 0.11], "id": 1031, "camera_size": [57, 74], "camera_position": [245, 250], "world_position": [0.7105163383135666, 0.9370697326094843, -0.17152950740721104], "world_orientation": [0.9208047397648484, -0.39002388282112255, -4.534010826884084e-05, 0.3900238846806523, 0.920804739043758, 4.396783292382484e-05, 2.4600881646525173e-05, -5.8169514112301543e-05, 0.9999999980055522], "world_rotation": [0.00013093729641343297, 8.966244369709375e-05, -0.9999999874080353, -0.4006575358028883]}], "source": "action wait"}
{"timestamp": 1706069055.360779, "objects": [{"color": "cv_", "id_name": "hand", "shape": "CVCylinder", "id_string": "ob383", "world_size": [0.12, 0.005, 0.12], "id": 383, "camera_size": [66, 60], "camera_position": [242, 274], "world_position": [0.6662816396413398, 1.0549344457527805, -0.17411975262294596], "world_orientation": [0.00037140484602504986, 0.48040196497069065, 0.8770483533481717, -0.0006570035963354561, -0.877048107323258, 0.48040210843309755, 0.9999997152023168, -0.0007546475934226856, -1.0114098584098133e-05], "world_rotation": [0.0, 1.0, 0.0, 0.0]}, {"color": "CVBlue", "id_name": "object50699110620565", "shape": "CVCone", "id_string": "ob1031", "world_size": [0.11, 0.11, 0.11], "id": 1031, "camera_size": [60, 83], "camera_position": [243, 260], "world_position": [0.6930085179362169, 1.0058237639180228, -0.1724622755087362], "world_orientation": [0.8769091280447696, -0.48065619650370467, -4.375333332336096e-05, 0.48065619794081454, 0.8769091277720367, 3.179884251694013e-05, 2.3083386664294905e-05, -4.8915006106806726e-05, 0.9999999985372399], "world_rotation": [8.396214239056124e-05, 6.952653474227463e-05, -0.9999999940582097, -0.5014028693094993]}], "source": "action wait"}
{"timestamp": 1706069055.390229, "objects": [{"color": "cv_", "id_name": "hand", "shape": "CVCylinder", "id_string": "ob383", "world_size": [0.12, 0.005, 0.12], "id": 383, "camera_size": [70, 61], "camera_position": [241, 290], "world_position": [0.641955679239392, 1.1077184086081049, -0.1741182944738877], "world_orientation": [0.0004345023463008767, 0.5515677935426526, 0.8341299541043955, -0.0006357567276421799, -0.8341297119070145, 0.5515679645585887, 0.9999997035105034, -0.0007699613047949524, -1.176838144687267e-05], "world_rotation": [0.0, 1.0, 0.0, 0.0]}, {"color": "CVBlue", "id_name": "object50699110620565", "shape": "CVCone", "id_string": "ob1031", "world_size": [0.11, 0.11, 0.11], "id": 1031, "camera_size": [64, 89], "camera_position": [242, 272], "world_position": [0.6726807791186179, 1.06113032961553, -0.17305863463462864], "world_orientation": [0.8338694958443494, -0.5519616496416057, -3.500296910253522e-05, 0.5519616503342493, 0.8338694960030195, 1.399866136363651e-05, 2.146118398509328e-05, -3.099335328622543e-05, 0.999999999289415], "world_rotation": [4.0756467912783864e-05, 5.1148619626116453e-05, -0.9999999978613644, -0.5847148791244895]}], "source": "action wait"}
{"timestamp": 1706069055.42151, "objects": [{"color": "cv_", "id_name": "hand", "shape": "CVCylinder", "id_string": "ob383", "world_size": [0.12, 0.005, 0.12], "id": 383, "camera_size": [73, 61], "camera_position": [241, 303], "world_position": [0.6217372182968172, 1.1433830092679584, -0.1741185289675819], "world_orientation": [0.00047936012682281263, 0.5995227149613839, 0.8003575978643547, -0.0006145773628797788, -0.8003573620484148, 0.5995229064093947, 0.9999996962542208, -0.0007792690383059444, -1.5206317427097008e-05], "world_rotation": [0.0, 1.0, 0.0, 0.0]}, {"color": "CVBlue", "id_name": "object50699110620565", "shape": "CVCone", "id_string": "ob1031", "world_size": [0.11, 0.11, 0.11], "id": 1031, "camera_size": [67, 93], "camera_position": [242, 283], "world_position": [0.6550932196830168, 1.098867625230943, -0.17344140288516774], "world_orientation": [0.8000044770493463, -0.5999940299725659, -2.642501979461515e-05, 0.5999940302838507, 0.8000044772354151, 5.199203200697273e-06, 1.8020643265693967e-05, -2.001423996454879e-05, 0.9999999996373433], "world_rotation": [2.101141167771146e-05, 3.703842104105158e-05, -0.999999999093338, -0.6434936471544129]}], "source": "action wait"}
{"timestamp": 1706069055.449569, "objects": [{"color": "cv_", "id_name": "hand", "shape": "CVCylinder", "id_string": "ob383", "world_size": [0.12, 0.005, 0.12], "id": 383, "camera_size": [75, 62], "camera_position": [241, 313], "world_position": [0.6060732971133657, 1.1676397579059676, -0.17411979761138008], "world_orientation": [0.0005093781052007157, 0.6321147803142841, 0.7748745995592901, -0.0005944139288395795, -0.7748743718009833, 0.6321149852662195, 0.9999996936029667, -0.0007825817885459684, -1.8966209231885863e-05], "world_rotation": [0.0, 1.0, 0.0, 0.0]}, {"color": "CVBlue", "id_name": "object50699110620565", "shape": "CVCone", "id_string": "ob1031", "world_size": [0.11, 0.11, 0.11], "id": 1031, "camera_size": [68, 96], "camera_position": [241, 292], "world_position": [0.6411829824191824, 1.1247150379861988, -0.1736873247016523], "world_orientation": [0.7744550291348614, -0.6326289650419146, -2.092168573771284e-05, 0.6326289652274459, 0.7744550292597309, 3.0919944524612653e-06, 1.424681948978738e-05, -1.563027505282881e-05, 0.9999999997763613], "world_rotation": [1.4797195929862521e-05, 2.7795522453336907e-05, -0.999999999504226, -0.6849431250496981]}], "source": "action wait"}
