{"timestamp": 1706200709.036707, "objects": [{"color": "cv_", "id_name": "hand", "shape": "CVCylinder", "id_string": "ob382", "world_size": [0.12, 0.005, 0.12], "id": 382, "camera_size": [48, 50], "camera_position": [246, 426], "world_position": [0.2676445155400115, 0.6334703013849834, -0.17389260400847797], "world_orientation": [-0.0006415509366192867, 0.19791547486691916, 0.9802188802612393, -0.0007473674817924198, -0.9802189031248655, 0.19791499033305454, 0.9999995149270038, -0.0006056111687273477, 0.0007767759454511574], "world_rotation": [0.0, 1.0, 0.0, 0.0]}, {"color": "CVRed", "id_name": "object227753483745096", "shape": "CVBox", "id_string": "ob421", "world_size": [0.09, 0.09, 0.09], "id": 421, "camera_size": [37, 37], "camera_position": [256, 254], "world_position": [0.705, 0.644856964849591, -0.15], "world_orientation": [1.0, -3.248937977869676e-17, -1.2807790779525605e-17, 3.248937977869676e-17, 1.0, -6.497875955739369e-17, 1.2807790779525605e-17, 6.497875955739369e-17, 1.0], "world_rotation": [-0.8808431718627018, 0.17362065899128884, -0.4404215859313497, -7.376881791566185e-17]}], "source": "manual check"}
{"timestamp": 1706200710.056056, "objects": [{"color": "cv_", "id_name": "hand", "shape": "CVCylinder", "id_string": "ob382", "world_size": [0.12, 0.005, 0.12], "id": 382, "camera_size": [48, 50], "camera_position": [246, 426], "world_position": [0.2676445155400115, 0.6334703013849834, -0.17389260400847797], "world_orientation": [-0.0006415509366192867, 0.19791547486691916, 0.9802188802612393, -0.0007473674817924198, -0.9802189031248655, 0.19791499033305454, 0.9999995149270038, -0.0006056111687273477, 0.0007767759454511574], "world_rotation": [0.0, 1.0, 0.0, 0.0]}, {"color": "CVRed", "id_name": "object227753483745096", "shape": "CVBox", "id_string": "ob421", "world_size": [0.09, 0.09, 0.09], "id": 421, "camera_size": [37, 37], "camera_position": [256, 254], "world_position": [0.705, 0.6448569696296074, -0.15], "world_orientation": [1.0, -4.331917303826236e-17, -1.1712398707441946e-17, 4.331917303826236e-17, 1.0, -5.775889738434995e-17, 1.1712398707441946e-17, 5.775889738434995e-17, 1.0], "world_rotation": [-0.7896765794068324, 0.16013129347666225, -0.5922574345551229, -7.314247236221149e-17]}], "source": "manual check"}
{"timestamp": 1706200712.262084, "objects": [{"color": "cv_", "id_name": "hand", "shape": "CVCylinder", "id_string": "ob382", "world_size": [0.12, 0.005, 0.12], "id": 382, "camera_size": [48, 50], "camera_position": [246, 426], "world_position": [0.2676445155400115, 0.6334703013849834, -0.17389260400847797], "world_orientation": [-0.0006415509366192867, 0.19791547486691916, 0.9802188802612393, -0.0007473674817924198, -0.9802189031248655, 0.19791499033305454, 0.9999995149270038, -0.0006056111687273477, 0.0007767759454511574], "world_rotation": [0.0, 1.0, 0.0, 0.0]}, {"color": "CVRed", "id_name": "object227753483745096", "shape": "CVBox", "id_string": "ob421", "world_size": [0.09, 0.09, 0.09], "id": 421, "camera_size": [37, 37], "camera_position": [256, 254], "world_position": [0.705, 0.6448569696296074, -0.15], "world_orientation": [1.0, -4.331917303826236e-17, -1.1712398707441946e-17, 4.331917303826236e-17, 1.0, -5.775889738434995e-17, 1.1712398707441946e-17, 5.775889738434995e-17, 1.0], "world_rotation": [-0.7896765794068324, 0.16013129347666225, -0.5922574345551229, -7.314247236221149e-17]}], "source": "action wait"}
{"timestamp": 1706200712.296498, "objects": [{"color": "cv_", "id_name": "hand", "shape": "CVCylinder", "id_string": "ob382", "world_size": [0.12, 0.005, 0.12], "id": 382, "camera_size": [49, 51], "camera_position": [246, 421], "world_position": [0.29113137072284634, 0.6677889922977707, -0.17395609521532096], "world_orientation": [-0.00038263557025677397, 0.19838148413198942, 0.9801248085543033, -0.0007151369331074864, -0.9801246839606157, 0.19838117972799313, 0.9999996710845397, -0.000625015753818938, 0.0005169004935179025], "world_rotation": [0.0, 1.0, 0.0, 0.0]}, {"color": "CVRed", "id_name": "object227753483745096", "shape": "CVBox", "id_string": "ob421", "world_size": [0.09, 0.09, 0.09], "id": 421, "camera_size": [37, 37], "camera_position": [256, 254], "world_position": [0.705, 0.6448569696296074, -0.15], "world_orientation": [1.0, -4.331917303826236e-17, -1.1712398707441946e-17, 4.331917303826236e-17, 1.0, -5.775889738434995e-17, 1.1712398707441946e-17, 5.775889738434995e-17, 1.0], "world_rotation": [-0.7896765794068324, 0.16013129347666225, -0.5922574345551229, -7.314247236221149e-17]}], "source": "action wait"}
{"timestamp": 1706200712.329769, "objects": [{"color": "cv_", "id_name": "hand", "shape": "CVCylinder", "id_string": "ob382", "world_size": [0.12, 0.005, 0.12], "id": 382, "camera_size": [51, 52], "camera_position": [246, 406], "world_position": [0.33719140665849245, 0.7058249404730259, -0.17398391716893616], "world_orientation": [-0.00022291936467658027, 0.18692735287247464, 0.9823737145582868, -0.0007314729319850688, -0.9823735066362516, 0.1869271473236154, 0.9999997076271105, -0.0006769101003711168, 0.0003557223768487201], "world_rotation": [0.0, 1.0, 0.0, 0.0]}, {"color": "CVRed", "id_name": "object227753483745096", "shape": "CVBox", "id_string": "ob421", "world_size": [0.09, 0.09, 0.09], "id": 421, "camera_size": [37, 37], "camera_position": [256, 254], "world_position": [0.705, 0.6448569696296074, -0.15], "world_orientation": [1.0, -4.331917303826236e-17, -1.1712398707441946e-17, 4.331917303826236e-17, 1.0, -5.775889738434995e-17, 1.1712398707441946e-17, 5.775889738434995e-17, 1.0], "world_rotation": [-0.7896765794068324, 0.16013129347666225, -0.5922574345551229, -7.314247236221149e-17]}], "source": "action wait"}
{"timestamp": 1706200712.360909, "objects": [{"color": "cv_", "id_name": "hand", "shape": "CVCylinder", "id_string": "ob382", "world_size": [0.12, 0.005, 0.12], "id": 382, "camera_size": [51, 53], "camera_position": [246, 388], "world_position": [0.38777151577178265, 0.7390458278480656, -0.17400444885442445], "world_orientation": [-0.00011930646429936091, 0.17876513638154326, 0.9838917683264028, -0.0007426831086268868, -0.9838915198219321, 0.17876500117273764, 0.9999997170938438, -0.0007093919768229627, 0.0002501504656864569], "world_rotation": [0.0, 1.0, 0.0, 0.0]}, {"color": "CVRed", "id_name": "object227753483745096", "shape": "CVBox", "id_string": "ob421", "world_size": [0.09, 0.09, 0.09], "id": 421, "camera_size": [37, 37], "camera_position": [256, 254], "world_position": [0.705, 0.6448569696296074, -0.15], "world_orientation": [1.0, -4.331917303826236e-17, -1.1712398707441946e-17, 4.331917303826236e-17, 1.0, -5.775889738434995e-17, 1.1712398707441946e-17, 5.775889738434995e-17, 1.0], "world_rotation": [-0.7896765794068324, 0.16013129347666225, -0.5922574345551229, -7.314247236221149e-17]}], "source": "action wait"}
{"timestamp": 1706200712.387354, "objects": [{"color": "cv_", "id_name": "hand", "shape": "CVCylinder", "id_string": "ob382", "world_size": [0.12, 0.005, 0.12], "id": 382, "camera_size": [52, 54], "camera_position": [245, 367], "world_position": [0.44190069458035536, 0.7670268283265065, -0.1740229726428173], "world_orientation": [-4.637760284293466e-05, 0.17299866301035322, 0.9849220580562444, -0.0007500450861398622, -0.9849217880906049, 0.1729985802738698, 0.9999997176407035, -0.0007307126904278062, 0.00017543510861952225], "world_rotation": [0.0, 1.0, 0.0, 0.0]}, {"color": "CVRed", "id_name": "object227753483745096", "shape": "CVBox", "id_string": "ob421", "world_size": [0.09, 0.09, 0.09], "id": 421, "camera_size": [37, 37], "camera_position": [256, 254], "world_position": [0.705, 0.6448569696296074, -0.15], "world_orientation": [1.0, -4.331917303826236e-17, -1.1712398707441946e-17, 4.331917303826236e-17, 1.0, -5.775889738434995e-17, 1.1712398707441946e-17, 5.775889738434995e-17, 1.0], "world_rotation": [-0.7896765794068324, 0.16013129347666225, -0.5922574345551229, -7.314247236221149e-17]}], "source": "action wait"}
{"timestamp": 1706200712.417305, "objects": [{"color": "cv_", "id_name": "hand", "shape": "CVCylinder", "id_string": "ob382", "world_size": [0.12, 0.005, 0.12], "id": 382, "camera_size": [52, 54], "camera_position": [245, 343], "world_position": [0.49918675926070577, 0.7798277831647529, -0.17403809593854885], "world_orientation": [-4.461043205120092e-06, 0.15515595311967, 0.9878899889115315, -0.0007645976792323628, -0.9878897006855503, 0.15515590439877971, 0.9999997076852013, -0.0007546462356658833, 0.0001230389003114528], "world_rotation": [0.0, 1.0, 0.0, 0.0]}, {"color": "CVRed", "id_name": "object227753483745096", "shape": "CVBox", "id_string": "ob421", "world_size": [0.09, 0.09, 0.09], "id": 421, "camera_size": [37, 37], "camera_position": [256, 254], "world_position": [0.705, 0.6448569696296074, -0.15], "world_orientation": [1.0, -4.331917303826236e-17, -1.1712398707441946e-17, 4.331917303826236e-17, 1.0, -5.775889738434995e-17, 1.1712398707441946e-17, 5.775889738434995e-17, 1.0], "world_rotation": [-0.7896765794068324, 0.16013129347666225, -0.5922574345551229, -7.314247236221149e-17]}], "source": "action wait"}
{"timestamp": 1706200712.452713, "objects": [{"color": "cv_", "id_name": "hand", "shape": "CVCylinder", "id_string": "ob382", "world_size": [0.12, 0.005, 0.12], "id": 382, "camera_size": [52, 52], "camera_position": [245, 317], "world_position": [0.5577629610786781, 0.7698917055141954, -0.1740499543449907], "world_orientation": [5.81714452273283e-07, 0.1147032069836384, 0.9933998058724042, -0.0007769702277938076, -0.9933995059715283, 0.11470317281047182, 0.9999996981584178, -0.0007719087979526656, 8.854310200965659e-05], "world_rotation": [0.0, 1.0, 0.0, 0.0]}, {"color": "CVRed", "id_name": "object227753483745096", "shape": "CVBox", "id_string": "ob421", "world_size": [0.09, 0.09, 0.09], "id": 421, "camera_size": [37, 37], "camera_position": [256, 254], "world_position": [0.705, 0.6448569696296074, -0.15], "world_orientation": [1.0, -4.331917303826236e-17, -1.1712398707441946e-17, 4.331917303826236e-17, 1.0, -5.775889738434995e-17, 1.1712398707441946e-17, 5.775889738434995e-17, 1.0], "world_rotation": [-0.7896765794068324, 0.16013129347666225, -0.5922574345551229, -7.314247236221149e-17]}], "source": "action wait"}
{"timestamp": 1706200712.489956, "objects": [{"color": "cv_", "id_name": "hand", "shape": "CVCylinder", "id_string": "ob382", "world_size": [0.12, 0.005, 0.12], "id": 382, "camera_size": [52, 52], "camera_position": [245, 297], "world_position": [0.6028823213998551, 0.7553335171001299, -0.17405563884581302], "world_orientation": [-1.4573043941106553e-05, 0.08044544721916415, 0.9967590129059958, -0.0007750366651549757, -0.996758714552881, 0.08044541180860622, 0.999999699552852, -0.0007713524468050108, 7.687397968589397e-05], "world_rotation": [0.0, 1.0, 0.0, 0.0]}, {"color": "CVRed", "id_name": "object227753483745096", "shape": "CVBox", "id_string": "ob421", "world_size": [0.09, 0.09, 0.09], "id": 421, "camera_size": [37, 37], "camera_position": [256, 254], "world_position": [0.705, 0.6448569696296074, -0.15], "world_orientation": [1.0, -4.331917303826236e-17, -1.1712398707441946e-17, 4.331917303826236e-17, 1.0, -5.775889738434995e-17, 1.1712398707441946e-17, 5.775889738434995e-17, 1.0], "world_rotation": [-0.7896765794068324, 0.16013129347666225, -0.5922574345551229, -7.314247236221149e-17]}], "source": "action wait"}
{"timestamp": 1706200712.524037, "objects": [{"color": "cv_", "id_name": "hand", "shape": "CVCylinder", "id_string": "ob382", "world_size": [0.12, 0.005, 0.12], "id": 382, "camera_size": [51, 51], "camera_position": [246, 284], "world_position": [0.6345024793832147, 0.7426215974501932, -0.17406336105750075], "world_orientation": [-2.141039198849602e-05, 0.056233835557986916, 0.9984176256857811, -0.000771120105489453, -0.9984173300003484, 0.0562338023679585, 0.9999997024576448, -0.0007686959170899938, 6.473954761135064e-05], "world_rotation": [0.0, 1.0, 0.0, 0.0]}, {"color": "CVRed", "id_name": "object227753483745096", "shape": "CVBox", "id_string": "ob421", "world_size": [0.09, 0.09, 0.09], "id": 421, "camera_size": [37, 37], "camera_position": [256, 254], "world_position": [0.705, 0.6448569696296074, -0.15], "world_orientation": [1.0, -4.331917303826236e-17, -1.1712398707441946e-17, 4.331917303826236e-17, 1.0, -5.775889738434995e-17, 1.1712398707441946e-17, 5.775889738434995e-17, 1.0], "world_rotation": [-0.7896765794068324, 0.16013129347666225, -0.5922574345551229, -7.314247236221149e-17]}], "source": "action wait"}
{"timestamp": 1706200712.556237, "objects": [{"color": "cv_", "id_name": "hand", "shape": "CVCylinder", "id_string": "ob382", "world_size": [0.12, 0.005, 0.12], "id": 382, "camera_size": [51, 51], "camera_position": [246, 274], "world_position": [0.6566053843602621, 0.7324766615242948, -0.17407125565308842], "world_orientation": [-2.3155791595364322e-05, 0.03914733506645815, 0.9992334490102921, -0.0007676298706116003, -0.9992331555720232, 0.03914730578160664, 0.9999997051040521, -0.0007661349563207019, 5.318869845783656e-05], "world_rotation": [0.0, 1.0, 0.0, 0.0]}, {"color": "CVRed", "id_name": "object227753483745096", "shape": "CVBox", "id_string": "ob421", "world_size": [0.09, 0.09, 0.09], "id": 421, "camera_size": [37, 37], "camera_position": [256, 254], "world_position": [0.705, 0.6448569696296074, -0.15], "world_orientation": [1.0, -4.331917303826236e-17, -1.1712398707441946e-17, 4.331917303826236e-17, 1.0, -5.775889738434995e-17, 1.1712398707441946e-17, 5.775889738434995e-17, 1.0], "world_rotation": [-0.7896765794068324, 0.16013129347666225, -0.5922574345551229, -7.314247236221149e-17]}], "source": "action wait"}
{"timestamp": 1706200712.585982, "objects": [{"color": "cv_", "id_name": "hand", "shape": "CVCylinder", "id_string": "ob382", "world_size": [0.12, 0.005, 0.12], "id": 382, "camera_size": [51, 50], "camera_position": [246, 267], "world_position": [0.6720586399278033, 0.7247605870626963, -0.17407836862677284], "world_orientation": [-2.226591844193909e-05, 0.027097279737112023, 0.9996328010500044, -0.0007651466812013116, -0.9996325091421703, 0.02709725478134683, 0.9999997070273497, -0.0007642623748787727, 4.299112958127924e-05], "world_rotation": [0.0, 1.0, 0.0, 0.0]}, {"color": "CVRed", "id_name": "object227753483745096", "shape": "CVBox", "id_string": "ob421", "world_size": [0.09, 0.09, 0.09], "id": 421, "camera_size": [37, 37], "camera_position": [256, 254], "world_position": [0.705, 0.6448569696296074, -0.15], "world_orientation": [1.0, -4.331917303826236e-17, -1.1712398707441946e-17, 4.331917303826236e-17, 1.0, -5.775889738434995e-17, 1.1712398707441946e-17, 5.775889738434995e-17, 1.0], "world_rotation": [-0.7896765794068324, 0.16013129347666225, -0.5922574345551229, -7.314247236221149e-17]}], "source": "action wait"}
{"timestamp": 1706200712.61537, "objects": [{"color": "cv_", "id_name": "hand", "shape": "CVCylinder", "id_string": "ob382", "world_size": [0.12, 0.005, 0.12], "id": 382, "camera_size": [51, 50], "camera_position": [246, 263], "world_position": [0.6828747317664001, 0.7190563131907742, -0.17408437541624175], "world_orientation": [-2.0172632155012255e-05, 0.018601897812566142, 0.9998269695256455, -0.0007636012089253638, -0.9998266785226186, 0.018601876991909044, 0.9999997082530868, -0.0007630938338243686, 3.4373567462957033e-05], "world_rotation": [0.0, 1.0, 0.0, 0.0]}, {"color": "CVRed", "id_name": "object227753483745096", "shape": "CVBox", "id_string": "ob421", "world_size": [0.09, 0.09, 0.09], "id": 421, "camera_size": [37, 37], "camera_position": [256, 254], "world_position": [0.705, 0.6448569696296074, -0.15], "world_orientation": [1.0, -4.331917303826236e-17, -1.1712398707441946e-17, 4.331917303826236e-17, 1.0, -5.775889738434995e-17, 1.1712398707441946e-17, 5.775889738434995e-17, 1.0], "world_rotation": [-0.7896765794068324, 0.16013129347666225, -0.5922574345551229, -7.314247236221149e-17]}], "source": "action wait"}
{"timestamp": 1706200712.647088, "objects": [{"color": "cv_", "id_name": "hand", "shape": "CVCylinder", "id_string": "ob382", "world_size": [0.12, 0.005, 0.12], "id": 382, "camera_size": [50, 51], "camera_position": [245, 260], "world_position": [0.6904550017300014, 0.7149134701218471, -0.1740892561673629], "world_orientation": [-1.768157108878983e-05, 0.012613484540189044, 0.9999204466831931, -0.0007627512186597248, -0.9999201561380016, 0.01261346738739766, 0.999999708948928, -0.0007624675133504554, 2.730111002881149e-05], "world_rotation": [0.0, 1.0, 0.0, 0.0]}, {"color": "CVRed", "id_name": "object227753483745096", "shape": "CVBox", "id_string": "ob421", "world_size": [0.09, 0.09, 0.09], "id": 421, "camera_size": [37, 37], "camera_position": [256, 254], "world_position": [0.705, 0.6448569696296074, -0.15], "world_orientation": [1.0, -4.331917303826236e-17, -1.1712398707441946e-17, 4.331917303826236e-17, 1.0, -5.775889738434995e-17, 1.1712398707441946e-17, 5.775889738434995e-17, 1.0], "world_rotation": [-0.7896765794068324, 0.16013129347666225, -0.5922574345551229, -7.314247236221149e-17]}], "source": "action wait"}
{"timestamp": 1706200712.680557, "objects": [{"color": "cv_", "id_name": "hand", "shape": "CVCylinder", "id_string": "ob382", "world_size": [0.12, 0.005, 0.12], "id": 382, "camera_size": [49, 50], "camera_position": [246, 257], "world_position": [0.6957738988905221, 0.711938867543221, -0.1740931238467646], "world_orientation": [-1.524445808995106e-05, 0.008392488894834764, 0.9999647823287361, -0.0007623585352852855, -0.9999644919573877, 0.00839247483565892, 0.9999997092884928, -0.0007622037480624798, 2.1642002330715367e-05], "world_rotation": [0.0, 1.0, 0.0, 0.0]}, {"color": "CVRed", "id_name": "object227753483745096", "shape": "CVBox", "id_string": "ob421", "world_size": [0.09, 0.09, 0.09], "id": 421, "camera_size": [37, 37], "camera_position": [256, 254], "world_position": [0.705, 0.6448569696296074, -0.15], "world_orientation": [1.0, -4.331917303826236e-17, -1.1712398707441946e-17, 4.331917303826236e-17, 1.0, -5.775889738434995e-17, 1.1712398707441946e-17, 5.775889738434995e-17, 1.0], "world_rotation": [-0.7896765794068324, 0.16013129347666225, -0.5922574345551229, -7.314247236221149e-17]}], "source": "action wait"}
{"timestamp": 1706200712.715998, "objects": [{"color": "cv_", "id_name": "hand", "shape": "CVCylinder", "id_string": "ob382", "world_size": [0.12, 0.005, 0.12], "id": 382, "camera_size": [49, 50], "camera_position": [246, 256], "world_position": [0.6995098351439337, 0.7098190427628176, -0.17409613632916968], "world_orientation": [-1.3045552278058202e-05, 0.005417315360672504, 0.9999853261543876, -0.0007622394119894078, -0.9999850357931083, 0.005417303843691148, 0.999999709410404, -0.0007621575552858273, 1.717464833716159e-05], "world_rotation": [0.0, 1.0, 0.0, 0.0]}, {"color": "CVRed", "id_name": "object227753483745096", "shape": "CVBox", "id_string": "ob421", "world_size": [0.09, 0.09, 0.09], "id": 421, "camera_size": [37, 37], "camera_position": [256, 254], "world_position": [0.705, 0.6448569696296074, -0.15], "world_orientation": [1.0, -4.331917303826236e-17, -1.1712398707441946e-17, 4.331917303826236e-17, 1.0, -5.775889738434995e-17, 1.1712398707441946e-17, 5.775889738434995e-17, 1.0], "world_rotation": [-0.7896765794068324, 0.16013129347666225, -0.5922574345551229, -7.314247236221149e-17]}], "source": "action wait"}
{"timestamp": 1706200712.750543, "objects": [{"color": "cv_", "id_name": "hand", "shape": "CVCylinder", "id_string": "ob382", "world_size": [0.12, 0.005, 0.12], "id": 382, "camera_size": [49, 50], "camera_position": [246, 255], "world_position": [0.7021360667221439, 0.7083158426157075, -0.1740984538330326], "world_orientation": [-1.116886324036119e-05, 0.003320240373534617, 0.9999944879243677, -0.0007622687272844617, -0.9999941974897595, 0.0033202308954948675, 0.9999997094107799, -0.0007622274423971485, 1.3699713837095912e-05], "world_rotation": [0.0, 1.0, 0.0, 0.0]}, {"color": "CVRed", "id_name": "object227753483745096", "shape": "CVBox", "id_string": "ob421", "world_size": [0.09, 0.09, 0.09], "id": 421, "camera_size": [37, 37], "camera_position": [256, 254], "world_position": [0.705, 0.6448569696296074, -0.15], "world_orientation": [1.0, -4.331917303826236e-17, -1.1712398707441946e-17, 4.331917303826236e-17, 1.0, -5.775889738434995e-17, 1.1712398707441946e-17, 5.775889738434995e-17, 1.0], "world_rotation": [-0.7896765794068324, 0.16013129347666225, -0.5922574345551229, -7.314247236221149e-17]}], "source": "action wait"}
{"timestamp": 1706200712.784277, "objects": [{"color": "cv_", "id_name": "hand", "shape": "CVCylinder", "id_string": "ob382", "world_size": [0.12, 0.005, 0.12], "id": 382, "camera_size": [49, 50], "camera_position": [246, 254], "world_position": [0.703983408900719, 0.7072533837581614, -0.1741002203565909], "world_orientation": [-9.620522684780446e-06, 0.0018420693396287108, 0.9999983033425575, -0.0007623677099036518, -0.9999980128005335, 0.0018420614700413243, 0.9999997093514181, -0.0007623486948330123, 1.1024837751184813e-05], "world_rotation": [0.0, 1.0, 0.0, 0.0]}, {"color": "CVRed", "id_name": "object227753483745096", "shape": "CVBox", "id_string": "ob421", "world_size": [0.09, 0.09, 0.09], "id": 421, "camera_size": [37, 37], "camera_position": [256, 254], "world_position": [0.705, 0.6448569696296074, -0.15], "world_orientation": [1.0, -4.331917303826236e-17, -1.1712398707441946e-17, 4.331917303826236e-17, 1.0, -5.775889738434995e-17, 1.1712398707441946e-17, 5.775889738434995e-17, 1.0], "world_rotation": [-0.7896765794068324, 0.16013129347666225, -0.5922574345551229, -7.314247236221149e-17]}], "source": "action wait"}
{"timestamp": 1706200712.818719, "objects": [{"color": "cv_", "id_name": "hand", "shape": "CVCylinder", "id_string": "ob382", "world_size": [0.12, 0.005, 0.12], "id": 382, "camera_size": [49, 50], "camera_position": [246, 253], "world_position": [0.7052835227750434, 0.7065040435943589, -0.17410155743602335], "world_orientation": [-8.373249030054335e-06, 0.000800120088101859, 0.9999996798688154, -0.0007624902974573703, -0.9999993892133034, 0.0008001134710196581, 0.9999997092691754, -0.0007624833538114794, 8.983327720128562e-06], "world_rotation": [0.0, 1.0, 0.0, 0.0]}, {"color": "CVRed", "id_name": "object227753483745096", "shape": "CVBox", "id_string": "ob421", "world_size": [0.09, 0.09, 0.09], "id": 421, "camera_size": [37, 37], "camera_position": [256, 254], "world_position": [0.705, 0.6448569696296074, -0.15], "world_orientation": [1.0, -4.331917303826236e-17, -1.1712398707441946e-17, 4.331917303826236e-17, 1.0, -5.775889738434995e-17, 1.1712398707441946e-17, 5.775889738434995e-17, 1.0], "world_rotation": [-0.7896765794068324, 0.16013129347666225, -0.5922574345551229, -7.314247236221149e-17]}], "source": "action wait"}
{"timestamp": 1706200712.848712, "objects": [{"color": "cv_", "id_name": "hand", "shape": "CVCylinder", "id_string": "ob382", "world_size": [0.12, 0.005, 0.12], "id": 382, "camera_size": [49, 50], "camera_position": [246, 253], "world_position": [0.7061988730793616, 0.7059762644137166, -0.17410256386824066], "world_orientation": [-7.386127884568218e-06, 6.563963383775359e-05, 0.9999999978184418, -0.0007626117182231887, -0.9999997070577309, 6.563398200501562e-05, 0.9999997091843639, -0.0007626112317789074, 7.4361832751683e-06], "world_rotation": [0.0, 1.0, 0.0, 0.0]}, {"color": "CVRed", "id_name": "object227753483745096", "shape": "CVBox", "id_string": "ob421", "world_size": [0.09, 0.09, 0.09], "id": 421, "camera_size": [37, 37], "camera_position": [256, 254], "world_position": [0.705, 0.6448569696296074, -0.15], "world_orientation": [1.0, -4.331917303826236e-17, -1.1712398707441946e-17, 4.331917303826236e-17, 1.0, -5.775889738434995e-17, 1.1712398707441946e-17, 5.775889738434995e-17, 1.0], "world_rotation": [-0.7896765794068324, 0.16013129347666225, -0.5922574345551229, -7.314247236221149e-17]}], "source": "action wait"}
{"timestamp": 1706200712.884607, "objects": [{"color": "cv_", "id_name": "hand", "shape": "CVCylinder", "id_string": "ob382", "world_size": [0.12, 0.005, 0.12], "id": 382, "camera_size": [49, 50], "camera_position": [246, 253], "world_position": [0.7068435296911216, 0.7056048490294371, -0.17410331802854415], "world_orientation": [-6.615304607077624e-06, -0.0004521169188422067, 0.9999998977732597, -0.0007627202294515069, -0.9999996069217726, -0.0004521218329701113, 0.9999997091070023, -0.0007627231424051371, 6.270463287031485e-06], "world_rotation": [0.0, 1.0, 0.0, 0.0]}, {"color": "CVRed", "id_name": "object227753483745096", "shape": "CVBox", "id_string": "ob421", "world_size": [0.09, 0.09, 0.09], "id": 421, "camera_size": [37, 37], "camera_position": [256, 254], "world_position": [0.705, 0.6448569696296074, -0.15], "world_orientation": [1.0, -4.331917303826236e-17, -1.1712398707441946e-17, 4.331917303826236e-17, 1.0, -5.775889738434995e-17, 1.1712398707441946e-17, 5.775889738434995e-17, 1.0], "world_rotation": [-0.7896765794068324, 0.16013129347666225, -0.5922574345551229, -7.314247236221149e-17]}], "source": "action wait"}
{"timestamp": 1706200712.914888, "objects": [{"color": "cv_", "id_name": "hand", "shape": "CVCylinder", "id_string": "ob382", "world_size": [0.12, 0.005, 0.12], "id": 382, "camera_size": [49, 49], "camera_position": [246, 253], "world_position": [0.7072976561484815, 0.7053435985930484, -0.1741038810557327], "world_orientation": [-6.0195714728965e-06, -0.000817107913308382, 0.9999996661491557, -0.0007628115917796064, -0.9999993752228138, -0.0008171122673901134, 0.9999997090410778, -0.0007628162557803967, 5.396268324363212e-06], "world_rotation": [0.0, 1.0, 0.0, 0.0]}, {"color": "CVRed", "id_name": "object227753483745096", "shape": "CVBox", "id_string": "ob421", "world_size": [0.09, 0.09, 0.09], "id": 421, "camera_size": [37, 37], "camera_position": [256, 254], "world_position": [0.705, 0.6448569696296074, -0.15], "world_orientation": [1.0, -4.331917303826236e-17, -1.1712398707441946e-17, 4.331917303826236e-17, 1.0, -5.775889738434995e-17, 1.1712398707441946e-17, 5.775889738434995e-17, 1.0], "world_rotation": [-0.7896765794068324, 0.16013129347666225, -0.5922574345551229, -7.314247236221149e-17]}], "source": "action wait"}
{"timestamp": 1706200712.950088, "objects": [{"color": "cv_", "id_name": "hand", "shape": "CVCylinder", "id_string": "ob382", "world_size": [0.12, 0.005, 0.12], "id": 382, "camera_size": [49, 50], "camera_position": [246, 252], "world_position": [0.707617627602489, 0.7051598819383518, -0.17410430006981606], "world_orientation": [-5.56298242544721e-06, -0.001074413483652873, 0.9999994228021932, -0.0007628855782680036, -0.9999991318160297, -0.0010744174149343911, 0.9999997089872815, -0.0007628911148977037, 4.743323044343555e-06], "world_rotation": [0.0, 1.0, 0.0, 0.0]}, {"color": "CVRed", "id_name": "object227753483745096", "shape": "CVBox", "id_string": "ob421", "world_size": [0.09, 0.09, 0.09], "id": 421, "camera_size": [37, 37], "camera_position": [256, 254], "world_position": [0.705, 0.6448569696296074, -0.15], "world_orientation": [1.0, -4.331917303826236e-17, -1.1712398707441946e-17, 4.331917303826236e-17, 1.0, -5.775889738434995e-17, 1.1712398707441946e-17, 5.775889738434995e-17, 1.0], "world_rotation": [-0.7896765794068324, 0.16013129347666225, -0.5922574345551229, -7.314247236221149e-17]}], "source": "action wait"}
{"timestamp": 1706200714.036751, "objects": [{"color": "cv_", "id_name": "hand", "shape": "CVCylinder", "id_string": "ob382", "world_size": [0.12, 0.005, 0.12], "id": 382, "camera_size": [49, 50], "camera_position": [246, 252], "world_position": [0.7083817956778793, 0.7047243422392149, -0.17410548201403983], "world_orientation": [-4.1817541313877176e-06, -0.0016893480156791028, 0.9999985730418793, -0.0007631195567669702, -0.9999982818698759, -0.0016893507149700882, 0.9999997088154852, -0.0007631255322770174, 2.8925724380034316e-06], "world_rotation": [0.0, 1.0, 0.0, 0.0]}, {"color": "CVRed", "id_name": "object227753483745096", "shape": "CVBox", "id_string": "ob421", "world_size": [0.09, 0.09, 0.09], "id": 421, "camera_size": [37, 37], "camera_position": [256, 254], "world_position": [0.705, 0.6448569696296074, -0.15], "world_orientation": [1.0, -4.331917303826236e-17, -1.1712398707441946e-17, 4.331917303826236e-17, 1.0, -5.775889738434995e-17, 1.1712398707441946e-17, 5.775889738434995e-17, 1.0], "world_rotation": [-0.7896765794068324, 0.16013129347666225, -0.5922574345551229, -7.314247236221149e-17]}], "source": "action wait"}
{"timestamp": 1706200714.075207, "objects": [{"color": "cv_", "id_name": "hand", "shape": "CVCylinder", "id_string": "ob382", "world_size": [0.12, 0.005, 0.12], "id": 382, "camera_size": [51, 51], "camera_position": [246, 251], "world_position": [0.7112795762552394, 0.7282081641464999, -0.17409763530018388], "world_orientation": [1.91014139240626e-05, 0.03261018436140264, 0.9994681463213579, -0.0007431461684995357, -0.999467870054497, 0.03261018955019198, 0.9999997236844159, -0.0007433738242051408, 5.142884072911296e-06], "world_rotation": [0.0, 1.0, 0.0, 0.0]}, {"color": "CVRed", "id_name": "object227753483745096", "shape": "CVBox", "id_string": "ob421", "world_size": [0.09, 0.09, 0.09], "id": 421, "camera_size": [38, 38], "camera_position": [252, 251], "world_position": [0.7106337161477936, 0.6736596274740803, -0.1586670027378916], "world_orientation": [0.999422604666613, -0.03397730525930073, -2.952883264080881e-06, 0.03397730533578591, 0.999422604168065, 3.162344485746602e-05, 1.8766988423191309e-06, -3.170551664426431e-05, 0.9999999994956191], "world_rotation": [0.0009319299056652041, 7.107067430273186e-05, -0.9999995632277098, -0.033983861102986256]}], "source": "action wait"}
{"timestamp": 1706200714.105403, "objects": [{"color": "cv_", "id_name": "hand", "shape": "CVCylinder", "id_string": "ob382", "world_size": [0.12, 0.005, 0.12], "id": 382, "camera_size": [52, 53], "camera_position": [245, 249], "world_position": [0.7153189546906706, 0.7846789869362744, -0.17410890276576343], "world_orientation": [8.157077933356655e-05, 0.11375146044690654, 0.9935092342763623, -0.000725371326992589, -0.9935089694768764, 0.11375148968445718, 0.9999997335912875, -0.0007299419093106713, 1.470746897004588e-06], "world_rotation": [0.0, 1.0, 0.0, 0.0]}, {"color": "CVRed", "id_name": "object227753483745096", "shape": "CVBox", "id_string": "ob421", "world_size": [0.09, 0.09, 0.09], "id": 421, "camera_size": [39, 44], "camera_position": [250, 247], "world_position": [0.7191064495174956, 0.7335985204048104, -0.16423201599570017], "world_orientation": [0.9933763633992235, -0.11490605129275393, -4.005147390294137e-06, 0.11490605134385247, 0.993376362005206, 5.2667507369262146e-05, -2.0731965593688907e-06, -5.2778872611448264e-05, 0.9999999986050464], "world_rotation": [0.0004588373182583004, 8.406653110621683e-06, -0.9999998946988161, -0.11516043621766633]}], "source": "action wait"}
{"timestamp": 1706200714.138454, "objects": [{"color": "cv_", "id_name": "hand", "shape": "CVCylinder", "id_string": "ob382", "world_size": [0.12, 0.005, 0.12], "id": 382, "camera_size": [56, 55], "camera_position": [244, 250], "world_position": [0.7137737387614285, 0.8548349369126046, -0.17411226240225264], "world_orientation": [0.00015651290943076521, 0.21281375560974805, 0.977092769867316, -0.000721187641742872, -0.9770925037148084, 0.21281381316238113, 0.9999997276960103, -0.0007379753395299843, 5.510599996386952e-07], "world_rotation": [0.0, 1.0, 0.0, 0.0]}, {"color": "CVRed", "id_name": "object227753483745096", "shape": "CVBox", "id_string": "ob421", "world_size": [0.09, 0.09, 0.09], "id": 421, "camera_size": [41, 50], "camera_position": [248, 245], "world_position": [0.7225600223939906, 0.8064443154451183, -0.16779032598741841], "world_orientation": [0.9768729363708945, -0.21382064009084287, -7.566288877361735e-06, 0.21382064020195143, 0.9768729351389568, 4.915920567037858e-05, -3.119949999060142e-06, -4.9640126324593844e-05, 0.9999999987630619], "world_rotation": [0.00023103319044694124, 1.0397356299074619e-05, -0.9999999732577798, -0.21548439513456213]}], "source": "action wait"}
{"timestamp": 1706200714.169442, "objects": [{"color": "cv_", "id_name": "hand", "shape": "CVCylinder", "id_string": "ob382", "world_size": [0.12, 0.005, 0.12], "id": 382, "camera_size": [59, 57], "camera_position": [244, 254], "world_position": [0.7047836592541669, 0.9244426479927361, -0.17411319330535624], "world_orientation": [0.0002316512161837794, 0.30974392611123547, 0.9508199864195701, -0.0007095576996292741, -0.9508197216628451, 0.3097440127344851, 0.9999997214327536, -0.0007464142195812214, -4.773572086107219e-07], "world_rotation": [0.0, 1.0, 0.0, 0.0]}, {"color": "CVRed", "id_name": "object227753483745096", "shape": "CVBox", "id_string": "ob421", "world_size": [0.09, 0.09, 0.09], "id": 421, "camera_size": [44, 55], "camera_position": [246, 247], "world_position": [0.718311964793453, 0.8784917618340682, -0.17006644237562116], "world_orientation": [0.9505264573809711, -0.31064361207484287, -9.791622495145262e-06, 0.3106436122009287, 0.9505264563974315, 4.344307945887535e-05, -4.188118890067655e-06, -4.433550139696462e-05, 0.9999999990084115], "world_rotation": [0.0001412850233295851, 9.019183607798466e-06, -0.9999999899785982, -0.31587007209488743]}], "source": "action wait"}
{"timestamp": 1706200714.198507, "objects": [{"color": "cv_", "id_name": "hand", "shape": "CVCylinder", "id_string": "ob382", "world_size": [0.12, 0.005, 0.12], "id": 382, "camera_size": [63, 59], "camera_position": [243, 262], "world_position": [0.6886031499215475, 0.9927268630743468, -0.17411364400661652], "world_orientation": [0.0003054267198318682, 0.4035447258336265, 0.9149598685004615, -0.000687444040589685, -0.9149596102513102, 0.4035448414110406, 0.999999717067565, -0.0007522370861968009, -2.0386956515068582e-06], "world_rotation": [0.0, 1.0, 0.0, 0.0]}, {"color": "CVRed", "id_name": "object227753483745096", "shape": "CVBox", "id_string": "ob421", "world_size": [0.09, 0.09, 0.09], "id": 421, "camera_size": [47, 62], "camera_position": [245, 252], "world_position": [0.7066285955397988, 0.949205707317529, -0.17152294584087632], "world_orientation": [0.9145994108371086, -0.40436112272650937, -1.1125242574234955e-05, 0.40436112283867165, 0.914599410007237, 3.938353920670169e-05, -5.750031835982719e-06, -4.051877733429977e-05, 0.9999999991625831], "world_rotation": [9.880069033269883e-05, 6.64654736700329e-06, -0.9999999950971233, -0.41628019254578136]}], "source": "action wait"}
{"timestamp": 1706200714.230413, "objects": [{"color": "cv_", "id_name": "hand", "shape": "CVCylinder", "id_string": "ob382", "world_size": [0.12, 0.005, 0.12], "id": 382, "camera_size": [66, 60], "camera_position": [242, 275], "world_position": [0.6654935052602632, 1.0589992670760935, -0.17411406756266837], "world_orientation": [0.000376639525849073, 0.49327302471446705, 0.869874462915028, -0.0006560808266277882, -0.8698742155080088, 0.49327316849011293, 0.9999997138502673, -0.0007564941289860248, -4.002038268926262e-06], "world_rotation": [0.0, 1.0, 0.0, 0.0]}, {"color": "CVRed", "id_name": "object227753483745096", "shape": "CVBox", "id_string": "ob421", "world_size": [0.09, 0.09, 0.09], "id": 421, "camera_size": [50, 68], "camera_position": [243, 262], "world_position": [0.6877649476723791, 1.0180436955550476, -0.17245521251946508], "world_orientation": [0.8694510198447822, -0.49401915342455555, -1.1855540835270558e-05, 0.4940191535068427, 0.8694510191149551, 3.644652134785524e-05, -7.697467560152487e-06, -3.754532940349354e-05, 0.9999999992655486], "world_rotation": [7.488763342892532e-05, 4.208413008130861e-06, -0.9999999971870657, -0.5167063495315518]}], "source": "action wait"}
{"timestamp": 1706200714.261022, "objects": [{"color": "cv_", "id_name": "hand", "shape": "CVCylinder", "id_string": "ob382", "world_size": [0.12, 0.005, 0.12], "id": 382, "camera_size": [71, 60], "camera_position": [242, 289], "world_position": [0.642089732033648, 1.1089793644655863, -0.17411358492611181], "world_orientation": [0.00043719110404419624, 0.5602091537192183, 0.8283510807339697, -0.0006354303833835602, -0.8283508370367464, 0.5602093242786574, 0.9999997025460391, -0.0007712779777843011, -6.17369965673288e-06], "world_rotation": [0.0, 1.0, 0.0, 0.0]}, {"color": "CVRed", "id_name": "object227753483745096", "shape": "CVBox", "id_string": "ob421", "world_size": [0.09, 0.09, 0.09], "id": 421, "camera_size": [52, 73], "camera_position": [242, 275], "world_position": [0.6674595419516067, 1.070369857979412, -0.1730516190946246], "world_orientation": [0.8278826370934967, -0.5609013631408434, -5.085447737117082e-06, 0.5609013630776781, 0.8278826367732414, 2.5039736195169214e-05, -9.834668282780526e-06, -2.3582397400991433e-05, 0.9999999996735749], "world_rotation": [-4.334285557849743e-05, 4.233561240458964e-06, 0.9999999990517369, 0.5954741567070818]}], "source": "action wait"}
{"timestamp": 1706200714.295813, "objects": [{"color": "cv_", "id_name": "hand", "shape": "CVCylinder", "id_string": "ob382", "world_size": [0.12, 0.005, 0.12], "id": 382, "camera_size": [73, 61], "camera_position": [241, 302], "world_position": [0.6228673092649439, 1.1427915134181499, -0.17411468500789154], "world_orientation": [0.0004789919460777793, 0.6053636795559849, 0.7959488589357699, -0.0006136074255565282, -0.7959486224770225, 0.6053638689770461, 0.9999996970262756, -0.0007783645478927863, -9.797330719907038e-06], "world_rotation": [0.0, 1.0, 0.0, 0.0]}, {"color": "CVRed", "id_name": "object227753483745096", "shape": "CVBox", "id_string": "ob421", "world_size": [0.09, 0.09, 0.09], "id": 421, "camera_size": [54, 75], "camera_position": [241, 286], "world_position": [0.6502737942173622, 1.1060381603815927, -0.17343459847522114], "world_orientation": [0.795451271402774, -0.6060175532305759, 3.694483233989003e-07, 0.606017553081862, 0.7954512712207891, 2.1677255368890618e-05, -1.34306753979075e-05, -1.7019308174770253e-05, 0.9999999997649801], "world_rotation": [-3.192693290804329e-05, 1.1385910887816365e-05, 0.9999999994255161, 0.6510444604188366]}], "source": "action wait"}
{"timestamp": 1706200714.331353, "objects": [{"color": "cv_", "id_name": "hand", "shape": "CVCylinder", "id_string": "ob382", "world_size": [0.12, 0.005, 0.12], "id": 382, "camera_size": [75, 61], "camera_position": [241, 312], "world_position": [0.6080532721094586, 1.1658414827817911, -0.17411634620329233], "world_orientation": [0.0005069294739354666, 0.6360962802321878, 0.7716095290347846, -0.0005938335311004362, -0.7716093006431523, 0.6360964820864233, 0.9999996951920765, -0.0007806636662937874, -1.3416196648114525e-05], "world_rotation": [0.0, 1.0, 0.0, 0.0]}, {"color": "CVRed", "id_name": "object227753483745096", "shape": "CVBox", "id_string": "ob421", "world_size": [0.09, 0.09, 0.09], "id": 421, "camera_size": [56, 78], "camera_position": [241, 294], "world_position": [0.6368169569765902, 1.1304813915663858, -0.17368055010116015], "world_orientation": [0.7710924734185757, -0.636723171735288, 3.5465853386556967e-06, 0.6367231715174143, 0.7710924732797805, 2.2451647368337677e-05, -1.7030229383532023e-05, -1.5054103236687135e-05, 0.9999999997416726], "world_rotation": [-2.9452164029198626e-05, 1.6158368053434162e-05, 0.9999999994357387, 0.6902411789165359]}], "source": "action wait"}
