{"timestamp": 1706068405.502393, "objects": [{"color": "cv_", "id_name": "hand", "shape": "CVCylinder", "id_string": "ob383", "world_size": [0.12, 0.005, 0.12], "id": 383, "camera_size": [48, 50], "camera_position": [246, 426], "world_position": [0.26764451554001156, 0.6334703013849782, -0.17389260400847803], "world_orientation": [-0.0006415513938240695, 0.19791547486691155, 0.9802188802609415, -0.0007473675741064158, -0.9802189031248668, 0.19791499033269855, 0.9999995149266416, -0.000605611168727596, 0.0007767764118822916], "world_rotation": [0.0, 1.0, 0.0, 0.0]}, {"color": "CVBlue", "id_name": "object65171555055934", "shape": "CVCone", "id_string": "ob821", "world_size": [0.1, 0.1, 0.1], "id": 821, "camera_size": [41, 41], "camera_position": [256, 254], "world_position": [0.705, 0.6498037932383656, -0.15], "world_orientation": [1.0, 2.1316282072802963e-17, -9.624447840080312e-18, -2.1316282072802963e-17, 1.0, -1.5774048733874193e-16, 9.624447840080312e-18, 1.5774048733874193e-16, 1.0], "world_rotation": [-0.9891858493133231, 0.06035462278252622, 0.13367376342071935, -1.5946496550495827e-16]}], "source": "manual check"}
{"timestamp": 1706068406.51579, "objects": [{"color": "cv_", "id_name": "hand", "shape": "CVCylinder", "id_string": "ob383", "world_size": [0.12, 0.005, 0.12], "id": 383, "camera_size": [48, 50], "camera_position": [246, 426], "world_position": [0.26764451554001156, 0.6334703013849782, -0.17389260400847803], "world_orientation": [-0.0006415513938240695, 0.19791547486691155, 0.9802188802609415, -0.0007473675741064158, -0.9802189031248668, 0.19791499033269855, 0.9999995149266416, -0.000605611168727596, 0.0007767764118822916], "world_rotation": [0.0, 1.0, 0.0, 0.0]}, {"color": "CVBlue", "id_name": "object65171555055934", "shape": "CVCone", "id_string": "ob821", "world_size": [0.1, 0.1, 0.1], "id": 821, "camera_size": [41, 41], "camera_position": [256, 254], "world_position": [0.705, 0.6498037994254439, -0.15], "world_orientation": [1.0, 8.100187187665134e-17, -1.2653630886983698e-17, -8.100187187665134e-17, 1.0, -1.9397816686250694e-16, 1.2653630886983698e-17, 1.9397816686250694e-16, 1.0], "world_rotation": [-0.9211093596285536, 0.06008602943210125, 0.38463907325148433, -2.1059189642881336e-16]}], "source": "manual check"}
{"timestamp": 1706068408.751934, "objects": [{"color": "cv_", "id_name": "hand", "shape": "CVCylinder", "id_string": "ob383", "world_size": [0.12, 0.005, 0.12], "id": 383, "camera_size": [48, 50], "camera_position": [246, 426], "world_position": [0.26764451554001156, 0.6334703013849782, -0.17389260400847803], "world_orientation": [-0.0006415513938240695, 0.19791547486691155, 0.9802188802609415, -0.0007473675741064158, -0.9802189031248668, 0.19791499033269855, 0.9999995149266416, -0.000605611168727596, 0.0007767764118822916], "world_rotation": [0.0, 1.0, 0.0, 0.0]}, {"color": "CVBlue", "id_name": "object65171555055934", "shape": "CVCone", "id_string": "ob821", "world_size": [0.1, 0.1, 0.1], "id": 821, "camera_size": [41, 41], "camera_position": [256, 254], "world_position": [0.705, 0.6498037994254439, -0.15], "world_orientation": [1.0, 8.100187187665134e-17, -1.2653630886983698e-17, -8.100187187665134e-17, 1.0, -1.9397816686250694e-16, 1.2653630886983698e-17, 1.9397816686250694e-16, 1.0], "world_rotation": [-0.9211093596285536, 0.06008602943210125, 0.38463907325148433, -2.1059189642881336e-16]}], "source": "action wait"}
{"timestamp": 1706068408.781076, "objects": [{"color": "cv_", "id_name": "hand", "shape": "CVCylinder", "id_string": "ob383", "world_size": [0.12, 0.005, 0.12], "id": 383, "camera_size": [49, 51], "camera_position": [246, 421], "world_position": [0.2909613169182965, 0.6676243044765073, -0.17395617631800045], "world_orientation": [-0.0003838626258271157, 0.1968215330017516, 0.9804392570660992, -0.0007155491063730809, -0.9804391323640083, 0.1968212278154658, 0.9999996703194262, -0.0006260001209192603, 0.0005171894118677191], "world_rotation": [0.0, 1.0, 0.0, 0.0]}, {"color": "CVBlue", "id_name": "object65171555055934", "shape": "CVCone", "id_string": "ob821", "world_size": [0.1, 0.1, 0.1], "id": 821, "camera_size": [41, 41], "camera_position": [256, 254], "world_position": [0.705, 0.6498037994254439, -0.15], "world_orientation": [1.0, 8.100187187665134e-17, -1.2653630886983698e-17, -8.100187187665134e-17, 1.0, -1.9397816686250694e-16, 1.2653630886983698e-17, 1.9397816686250694e-16, 1.0], "world_rotation": [-0.9211093596285536, 0.06008602943210125, 0.38463907325148433, -2.1059189642881336e-16]}], "source": "action wait"}
{"timestamp": 1706068408.813396, "objects": [{"color": "cv_", "id_name": "hand", "shape": "CVCylinder", "id_string": "ob383", "world_size": [0.12, 0.005, 0.12], "id": 383, "camera_size": [51, 52], "camera_position": [246, 406], "world_position": [0.3369029809548461, 0.7054933140497099, -0.17398401852692924], "world_orientation": [-0.00022508337732214716, 0.18417865226309338, 0.9828927578266226, -0.0007320250442261449, -0.9828925497242047, 0.1841784456335398, 0.999999706738361, -0.0006780466079447393, 0.0003560561607055283], "world_rotation": [0.0, 1.0, 0.0, 0.0]}, {"color": "CVBlue", "id_name": "object65171555055934", "shape": "CVCone", "id_string": "ob821", "world_size": [0.1, 0.1, 0.1], "id": 821, "camera_size": [41, 41], "camera_position": [256, 254], "world_position": [0.705, 0.6498037994254439, -0.15], "world_orientation": [1.0, 8.100187187665134e-17, -1.2653630886983698e-17, -8.100187187665134e-17, 1.0, -1.9397816686250694e-16, 1.2653630886983698e-17, 1.9397816686250694e-16, 1.0], "world_rotation": [-0.9211093596285536, 0.06008602943210125, 0.38463907325148433, -2.1059189642881336e-16]}], "source": "action wait"}
{"timestamp": 1706068408.849007, "objects": [{"color": "cv_", "id_name": "hand", "shape": "CVCylinder", "id_string": "ob383", "world_size": [0.12, 0.005, 0.12], "id": 383, "camera_size": [51, 52], "camera_position": [246, 388], "world_position": [0.3873967684841201, 0.7385984995863089, -0.17400454030313012], "world_orientation": [-0.0001221484374829079, 0.17517443174698005, 0.9845374058622057, -0.0007432981542603996, -0.9845371571368992, 0.17517429527372733, 0.9999997162937663, -0.0007104075701231418, 0.0002504665071797034], "world_rotation": [0.0, 1.0, 0.0, 0.0]}, {"color": "CVBlue", "id_name": "object65171555055934", "shape": "CVCone", "id_string": "ob821", "world_size": [0.1, 0.1, 0.1], "id": 821, "camera_size": [41, 41], "camera_position": [256, 254], "world_position": [0.705, 0.6498037994254439, -0.15], "world_orientation": [1.0, 8.100187187665134e-17, -1.2653630886983698e-17, -8.100187187665134e-17, 1.0, -1.9397816686250694e-16, 1.2653630886983698e-17, 1.9397816686250694e-16, 1.0], "world_rotation": [-0.9211093596285536, 0.06008602943210125, 0.38463907325148433, -2.1059189642881336e-16]}], "source": "action wait"}
{"timestamp": 1706068408.885258, "objects": [{"color": "cv_", "id_name": "hand", "shape": "CVCylinder", "id_string": "ob383", "world_size": [0.12, 0.005, 0.12], "id": 383, "camera_size": [52, 53], "camera_position": [245, 368], "world_position": [0.4414635288995884, 0.7664990698372196, -0.1740230459003791], "world_orientation": [-4.9698792075819367e-05, 0.16881241582430107, 0.9856481957542425, -0.000750691275612644, -0.9856479255447861, 0.16881233169371504, 0.9999997169962794, -0.0007315277324036674, 0.00017571151908643014], "world_rotation": [0.0, 1.0, 0.0, 0.0]}, {"color": "CVBlue", "id_name": "object65171555055934", "shape": "CVCone", "id_string": "ob821", "world_size": [0.1, 0.1, 0.1], "id": 821, "camera_size": [41, 41], "camera_position": [256, 254], "world_position": [0.705, 0.6498037994254439, -0.15], "world_orientation": [1.0, 8.100187187665134e-17, -1.2653630886983698e-17, -8.100187187665134e-17, 1.0, -1.9397816686250694e-16, 1.2653630886983698e-17, 1.9397816686250694e-16, 1.0], "world_rotation": [-0.9211093596285536, 0.06008602943210125, 0.38463907325148433, -2.1059189642881336e-16]}], "source": "action wait"}
{"timestamp": 1706068408.91615, "objects": [{"color": "cv_", "id_name": "hand", "shape": "CVCylinder", "id_string": "ob383", "world_size": [0.12, 0.005, 0.12], "id": 383, "camera_size": [52, 53], "camera_position": [245, 344], "world_position": [0.4986642380965835, 0.7804790128274666, -0.1740382386872645], "world_orientation": [-6.8405361668291335e-06, 0.15229243126932474, 0.9883354771186174, -0.000764483580734853, -0.9883351891291146, 0.1522923816018789, 0.9999997077589883, -0.0007545244829709759, 0.0001231858057821928], "world_rotation": [0.0, 1.0, 0.0, 0.0]}, {"color": "CVBlue", "id_name": "object65171555055934", "shape": "CVCone", "id_string": "ob821", "world_size": [0.1, 0.1, 0.1], "id": 821, "camera_size": [41, 41], "camera_position": [256, 254], "world_position": [0.705, 0.6498037994254439, -0.15], "world_orientation": [1.0, 8.100187187665134e-17, -1.2653630886983698e-17, -8.100187187665134e-17, 1.0, -1.9397816686250694e-16, 1.2653630886983698e-17, 1.9397816686250694e-16, 1.0], "world_rotation": [-0.9211093596285536, 0.06008602943210125, 0.38463907325148433, -2.1059189642881336e-16]}], "source": "action wait"}
{"timestamp": 1706068408.948101, "objects": [{"color": "cv_", "id_name": "hand", "shape": "CVCylinder", "id_string": "ob383", "world_size": [0.12, 0.005, 0.12], "id": 383, "camera_size": [52, 53], "camera_position": [245, 318], "world_position": [0.5572644178835393, 0.771370597597664, -0.1740500852426807], "world_orientation": [-9.324404654150707e-07, 0.11271959390794316, 0.9936268379770944, -0.0007770151742891207, -0.9936265381067647, 0.11271955916071151, 0.9999996981232292, -0.0007719580264112429, 8.85113324982234e-05], "world_rotation": [0.0, 1.0, 0.0, 0.0]}, {"color": "CVBlue", "id_name": "object65171555055934", "shape": "CVCone", "id_string": "ob821", "world_size": [0.1, 0.1, 0.1], "id": 821, "camera_size": [41, 41], "camera_position": [256, 254], "world_position": [0.705, 0.6498037994254439, -0.15], "world_orientation": [1.0, 8.100187187665134e-17, -1.2653630886983698e-17, -8.100187187665134e-17, 1.0, -1.9397816686250694e-16, 1.2653630886983698e-17, 1.9397816686250694e-16, 1.0], "world_rotation": [-0.9211093596285536, 0.06008602943210125, 0.38463907325148433, -2.1059189642881336e-16]}], "source": "action wait"}
{"timestamp": 1706068409.012492, "objects": [{"color": "cv_", "id_name": "hand", "shape": "CVCylinder", "id_string": "ob383", "world_size": [0.12, 0.005, 0.12], "id": 383, "camera_size": [51, 51], "camera_position": [246, 284], "world_position": [0.6342027451245627, 0.7450372014073877, -0.1740634365382346], "world_orientation": [-2.2149754439051952e-05, 0.05524186329694452, 0.9984730021632382, -0.000771256034071044, -0.9984727063880507, 0.05524182982352674, 0.9999997023367149, -0.0007688547348104193, 6.47215456620709e-05], "world_rotation": [0.0, 1.0, 0.0, 0.0]}, {"color": "CVBlue", "id_name": "object65171555055934", "shape": "CVCone", "id_string": "ob821", "world_size": [0.1, 0.1, 0.1], "id": 821, "camera_size": [41, 41], "camera_position": [256, 254], "world_position": [0.705, 0.6498037994254439, -0.15], "world_orientation": [1.0, 8.100187187665134e-17, -1.2653630886983698e-17, -8.100187187665134e-17, 1.0, -1.9397816686250694e-16, 1.2653630886983698e-17, 1.9397816686250694e-16, 1.0], "world_rotation": [-0.9211093596285536, 0.06008602943210125, 0.38463907325148433, -2.1059189642881336e-16]}], "source": "action wait"}
{"timestamp": 1706068409.041611, "objects": [{"color": "cv_", "id_name": "hand", "shape": "CVCylinder", "id_string": "ob383", "world_size": [0.12, 0.005, 0.12], "id": 383, "camera_size": [51, 50], "camera_position": [246, 274], "world_position": [0.6563864353936629, 0.7351583722339774, -0.17407132412576468], "world_orientation": [-2.3697591088123404e-05, 0.03844696515204242, 0.9992606418292587, -0.0007677652263790111, -0.9992603482954974, 0.03844693565056197, 0.9999997049874473, -0.0007662864731263882, 5.319830602840427e-05], "world_rotation": [0.0, 1.0, 0.0, 0.0]}, {"color": "CVBlue", "id_name": "object65171555055934", "shape": "CVCone", "id_string": "ob821", "world_size": [0.1, 0.1, 0.1], "id": 821, "camera_size": [41, 41], "camera_position": [256, 254], "world_position": [0.705, 0.6498037994254439, -0.15], "world_orientation": [1.0, 8.100187187665134e-17, -1.2653630886983698e-17, -8.100187187665134e-17, 1.0, -1.9397816686250694e-16, 1.2653630886983698e-17, 1.9397816686250694e-16, 1.0], "world_rotation": [-0.9211093596285536, 0.06008602943210125, 0.38463907325148433, -2.1059189642881336e-16]}], "source": "action wait"}
{"timestamp": 1706068409.072753, "objects": [{"color": "cv_", "id_name": "hand", "shape": "CVCylinder", "id_string": "ob383", "world_size": [0.12, 0.005, 0.12], "id": 383, "camera_size": [51, 51], "camera_position": [246, 268], "world_position": [0.6719024196480162, 0.7276277518308093, -0.17407843689142805], "world_orientation": [-2.265784647761604e-05, 0.026602978588949718, 0.9996460778779747, -0.000765267627183721, -0.9996457858821711, 0.026602953472786357, 0.9999997069259975, -0.000764394016405907, 4.300821904967277e-05], "world_rotation": [0.0, 1.0, 0.0, 0.0]}, {"color": "CVBlue", "id_name": "object65171555055934", "shape": "CVCone", "id_string": "ob821", "world_size": [0.1, 0.1, 0.1], "id": 821, "camera_size": [41, 41], "camera_position": [256, 254], "world_position": [0.705, 0.6498037994254439, -0.15], "world_orientation": [1.0, 8.100187187665134e-17, -1.2653630886983698e-17, -8.100187187665134e-17, 1.0, -1.9397816686250694e-16, 1.2653630886983698e-17, 1.9397816686250694e-16, 1.0], "world_rotation": [-0.9211093596285536, 0.06008602943210125, 0.38463907325148433, -2.1059189642881336e-16]}], "source": "action wait"}
{"timestamp": 1706068409.108431, "objects": [{"color": "cv_", "id_name": "hand", "shape": "CVCylinder", "id_string": "ob383", "world_size": [0.12, 0.005, 0.12], "id": 383, "camera_size": [51, 50], "camera_position": [246, 263], "world_position": [0.6827654544242687, 0.7220531134909242, -0.1740844465991876], "world_orientation": [-2.045688742353221e-05, 0.018253095085210995, 0.9998333981725785, -0.0007637029484559147, -0.999833107094399, 0.018253074145659846, 0.9999997081696186, -0.0007632023130665247, 3.4393415849543244e-05], "world_rotation": [0.0, 1.0, 0.0, 0.0]}, {"color": "CVBlue", "id_name": "object65171555055934", "shape": "CVCone", "id_string": "ob821", "world_size": [0.1, 0.1, 0.1], "id": 821, "camera_size": [41, 41], "camera_position": [256, 254], "world_position": [0.705, 0.6498037994254439, -0.15], "world_orientation": [1.0, 8.100187187665134e-17, -1.2653630886983698e-17, -8.100187187665134e-17, 1.0, -1.9397816686250694e-16, 1.2653630886983698e-17, 1.9397816686250694e-16, 1.0], "world_rotation": [-0.9211093596285536, 0.06008602943210125, 0.38463907325148433, -2.1059189642881336e-16]}], "source": "action wait"}
{"timestamp": 1706068409.146447, "objects": [{"color": "cv_", "id_name": "hand", "shape": "CVCylinder", "id_string": "ob383", "world_size": [0.12, 0.005, 0.12], "id": 383, "camera_size": [51, 51], "camera_position": [246, 260], "world_position": [0.6903800855096931, 0.7180011065169086, -0.17408933133551985], "world_orientation": [-1.7887643269953035e-05, 0.012367370850703717, 0.9999235209846169, -0.000762833492585403, -0.9999232303780858, 0.0123673536100534, 0.9999997088825051, -0.0007625539290217772, 2.7320514742851973e-05], "world_rotation": [0.0, 1.0, 0.0, 0.0]}, {"color": "CVBlue", "id_name": "object65171555055934", "shape": "CVCone", "id_string": "ob821", "world_size": [0.1, 0.1, 0.1], "id": 821, "camera_size": [41, 41], "camera_position": [256, 254], "world_position": [0.705, 0.6498037994254439, -0.15], "world_orientation": [1.0, 8.100187187665134e-17, -1.2653630886983698e-17, -8.100187187665134e-17, 1.0, -1.9397816686250694e-16, 1.2653630886983698e-17, 1.9397816686250694e-16, 1.0], "world_rotation": [-0.9211093596285536, 0.06008602943210125, 0.38463907325148433, -2.1059189642881336e-16]}], "source": "action wait"}
{"timestamp": 1706068409.182055, "objects": [{"color": "cv_", "id_name": "hand", "shape": "CVCylinder", "id_string": "ob383", "world_size": [0.12, 0.005, 0.12], "id": 383, "camera_size": [50, 50], "camera_position": [245, 257], "world_position": [0.695723786571528, 0.715090270700338, -0.17409320303244216], "world_orientation": [-1.5392868713773362e-05, 0.008218836195548798, 0.999966224676939, -0.0007624232569477613, -0.9999659342570234, 0.008218822072277329, 0.9999997092368763, -0.0007622709946071478, 2.165857620516156e-05], "world_rotation": [0.0, 1.0, 0.0, 0.0]}, {"color": "CVBlue", "id_name": "object65171555055934", "shape": "CVCone", "id_string": "ob821", "world_size": [0.1, 0.1, 0.1], "id": 821, "camera_size": [41, 41], "camera_position": [256, 254], "world_position": [0.705, 0.6498037994254439, -0.15], "world_orientation": [1.0, 8.100187187665134e-17, -1.2653630886983698e-17, -8.100187187665134e-17, 1.0, -1.9397816686250694e-16, 1.2653630886983698e-17, 1.9397816686250694e-16, 1.0], "world_rotation": [-0.9211093596285536, 0.06008602943210125, 0.38463907325148433, -2.1059189642881336e-16]}], "source": "action wait"}
{"timestamp": 1706068409.212135, "objects": [{"color": "cv_", "id_name": "hand", "shape": "CVCylinder", "id_string": "ob383", "world_size": [0.12, 0.005, 0.12], "id": 383, "camera_size": [50, 50], "camera_position": [245, 256], "world_position": [0.6994774671711801, 0.7130152717071331, -0.17409621911061343], "world_orientation": [-1.3152516273245927e-05, 0.005294788981515393, 0.9999859824200801, -0.0007622893243947731, -0.9999856920211824, 0.005294777417730012, 0.9999997093709564, -0.000762208999297473, 1.7188489203220432e-05], "world_rotation": [0.0, 1.0, 0.0, 0.0]}, {"color": "CVBlue", "id_name": "object65171555055934", "shape": "CVCone", "id_string": "ob821", "world_size": [0.1, 0.1, 0.1], "id": 821, "camera_size": [41, 41], "camera_position": [256, 254], "world_position": [0.705, 0.6498037994254439, -0.15], "world_orientation": [1.0, 8.100187187665134e-17, -1.2653630886983698e-17, -8.100187187665134e-17, 1.0, -1.9397816686250694e-16, 1.2653630886983698e-17, 1.9397816686250694e-16, 1.0], "world_rotation": [-0.9211093596285536, 0.06008602943210125, 0.38463907325148433, -2.1059189642881336e-16]}], "source": "action wait"}
{"timestamp": 1706068409.246584, "objects": [{"color": "cv_", "id_name": "hand", "shape": "CVCylinder", "id_string": "ob383", "world_size": [0.12, 0.005, 0.12], "id": 383, "camera_size": [49, 50], "camera_position": [246, 255], "world_position": [0.7021163178451104, 0.7115436143271942, -0.17409853963879723], "world_orientation": [-1.124567404534977e-05, 0.0032337857039857194, 0.9999947712381079, -0.0007623066420115357, -0.9999944807748309, 0.0032337761919883534, 0.9999997093810169, -0.0007622662900989844, 1.3710748299298098e-05], "world_rotation": [0.0, 1.0, 0.0, 0.0]}, {"color": "CVBlue", "id_name": "object65171555055934", "shape": "CVCone", "id_string": "ob821", "world_size": [0.1, 0.1, 0.1], "id": 821, "camera_size": [41, 41], "camera_position": [256, 254], "world_position": [0.705, 0.6498037994254439, -0.15], "world_orientation": [1.0, 8.100187187665134e-17, -1.2653630886983698e-17, -8.100187187665134e-17, 1.0, -1.9397816686250694e-16, 1.2653630886983698e-17, 1.9397816686250694e-16, 1.0], "world_rotation": [-0.9211093596285536, 0.06008602943210125, 0.38463907325148433, -2.1059189642881336e-16]}], "source": "action wait"}
{"timestamp": 1706068409.277537, "objects": [{"color": "cv_", "id_name": "hand", "shape": "CVCylinder", "id_string": "ob383", "world_size": [0.12, 0.005, 0.12], "id": 383, "camera_size": [49, 50], "camera_position": [246, 254], "world_position": [0.7039725991820536, 0.7105033675758211, -0.1741003086131792], "world_orientation": [-9.675414711169161e-06, 0.0017810642772440445, 0.9999984138569554, -0.0007623961752750459, -0.9999981232933548, 0.001781056383220262, 0.9999997093291869, -0.0007623777335469033, 1.103327314650939e-05], "world_rotation": [0.0, 1.0, 0.0, 0.0]}, {"color": "CVBlue", "id_name": "object65171555055934", "shape": "CVCone", "id_string": "ob821", "world_size": [0.1, 0.1, 0.1], "id": 821, "camera_size": [41, 41], "camera_position": [256, 254], "world_position": [0.705, 0.6498037994254439, -0.15], "world_orientation": [1.0, 8.100187187665134e-17, -1.2653630886983698e-17, -8.100187187665134e-17, 1.0, -1.9397816686250694e-16, 1.2653630886983698e-17, 1.9397816686250694e-16, 1.0], "world_rotation": [-0.9211093596285536, 0.06008602943210125, 0.38463907325148433, -2.1059189642881336e-16]}], "source": "action wait"}
{"timestamp": 1706068409.306179, "objects": [{"color": "cv_", "id_name": "hand", "shape": "CVCylinder", "id_string": "ob383", "world_size": [0.12, 0.005, 0.12], "id": 383, "camera_size": [49, 50], "camera_position": [246, 253], "world_position": [0.7052790290943709, 0.7097696772205886, -0.17410164763123906], "world_orientation": [-8.412201367943802e-06, 0.0007570703100610594, 0.9999997133868492, -0.0007625114704796532, -0.9999994227152577, 0.0007570636756006636, 0.999999709252704, -0.000762504883362136, 8.98947130745439e-06], "world_rotation": [0.0, 1.0, 0.0, 0.0]}, {"color": "CVBlue", "id_name": "object65171555055934", "shape": "CVCone", "id_string": "ob821", "world_size": [0.1, 0.1, 0.1], "id": 821, "camera_size": [41, 41], "camera_position": [256, 254], "world_position": [0.705, 0.6498037994254439, -0.15], "world_orientation": [1.0, 8.100187187665134e-17, -1.2653630886983698e-17, -8.100187187665134e-17, 1.0, -1.9397816686250694e-16, 1.2653630886983698e-17, 1.9397816686250694e-16, 1.0], "world_rotation": [-0.9211093596285536, 0.06008602943210125, 0.38463907325148433, -2.1059189642881336e-16]}], "source": "action wait"}
{"timestamp": 1706068409.336419, "objects": [{"color": "cv_", "id_name": "hand", "shape": "CVCylinder", "id_string": "ob383", "world_size": [0.12, 0.005, 0.12], "id": 383, "camera_size": [49, 50], "camera_position": [246, 253], "world_position": [0.7061988345559345, 0.7092529284853406, -0.17410265557156088], "world_orientation": [-7.413449067627659e-06, 3.52576904546995e-05, 0.9999999993509681, -0.0007626273488152504, -0.9999997085783684, 3.525202650406119e-05, 0.9999997091722416, -0.0007626270869815687, 7.440335386549609e-06], "world_rotation": [0.0, 1.0, 0.0, 0.0]}, {"color": "CVBlue", "id_name": "object65171555055934", "shape": "CVCone", "id_string": "ob821", "world_size": [0.1, 0.1, 0.1], "id": 821, "camera_size": [41, 41], "camera_position": [256, 254], "world_position": [0.705, 0.6498037994254439, -0.15], "world_orientation": [1.0, 8.100187187665134e-17, -1.2653630886983698e-17, -8.100187187665134e-17, 1.0, -1.9397816686250694e-16, 1.2653630886983698e-17, 1.9397816686250694e-16, 1.0], "world_rotation": [-0.9211093596285536, 0.06008602943210125, 0.38463907325148433, -2.1059189642881336e-16]}], "source": "action wait"}
{"timestamp": 1706068409.369886, "objects": [{"color": "cv_", "id_name": "hand", "shape": "CVCylinder", "id_string": "ob383", "world_size": [0.12, 0.005, 0.12], "id": 383, "camera_size": [49, 50], "camera_position": [246, 253], "world_position": [0.7068466303506488, 0.7088892897982302, -0.17410341089099324], "world_orientation": [-6.634110316966123e-06, -0.00047356144132834713, 0.9999998878477688, -0.0007627316971004579, -0.9999995969875476, -0.00047356636363457457, 0.9999997090981312, -0.0007627347532502871, 6.27290732187566e-06], "world_rotation": [0.0, 1.0, 0.0, 0.0]}, {"color": "CVBlue", "id_name": "object65171555055934", "shape": "CVCone", "id_string": "ob821", "world_size": [0.1, 0.1, 0.1], "id": 821, "camera_size": [41, 41], "camera_position": [256, 254], "world_position": [0.705, 0.6498037994254439, -0.15], "world_orientation": [1.0, 8.100187187665134e-17, -1.2653630886983698e-17, -8.100187187665134e-17, 1.0, -1.9397816686250694e-16, 1.2653630886983698e-17, 1.9397816686250694e-16, 1.0], "world_rotation": [-0.9211093596285536, 0.06008602943210125, 0.38463907325148433, -2.1059189642881336e-16]}], "source": "action wait"}
{"timestamp": 1706068409.404392, "objects": [{"color": "cv_", "id_name": "hand", "shape": "CVCylinder", "id_string": "ob383", "world_size": [0.12, 0.005, 0.12], "id": 383, "camera_size": [49, 49], "camera_position": [246, 253], "world_position": [0.7073029672844552, 0.7086335231669612, -0.1741039748010524], "world_orientation": [-6.032169284882307e-06, -0.0008322468992190653, 0.9999996536642959, -0.0007628199617109652, -0.9999993627315714, -0.0008322512585515078, 0.9999997090346172, -0.000762824717800046, 5.397310893339048e-06], "world_rotation": [0.0, 1.0, 0.0, 0.0]}, {"color": "CVBlue", "id_name": "object65171555055934", "shape": "CVCone", "id_string": "ob821", "world_size": [0.1, 0.1, 0.1], "id": 821, "camera_size": [41, 41], "camera_position": [256, 254], "world_position": [0.705, 0.6498037994254439, -0.15], "world_orientation": [1.0, 8.100187187665134e-17, -1.2653630886983698e-17, -8.100187187665134e-17, 1.0, -1.9397816686250694e-16, 1.2653630886983698e-17, 1.9397816686250694e-16, 1.0], "world_rotation": [-0.9211093596285536, 0.06008602943210125, 0.38463907325148433, -2.1059189642881336e-16]}], "source": "action wait"}
{"timestamp": 1706068409.441384, "objects": [{"color": "cv_", "id_name": "hand", "shape": "CVCylinder", "id_string": "ob383", "world_size": [0.12, 0.005, 0.12], "id": 383, "camera_size": [49, 50], "camera_position": [246, 252], "world_position": [0.707624494680164, 0.7084536740061145, -0.17410439448287068], "world_orientation": [-5.571085700295644e-06, -0.0010851037814224556, 0.9999994112592001, -0.0007628916603895851, -0.999999120268393, -0.0010851077158039791, 0.9999997089825965, -0.0007628972564726052, 4.743264174095055e-06], "world_rotation": [0.0, 1.0, 0.0, 0.0]}, {"color": "CVBlue", "id_name": "object65171555055934", "shape": "CVCone", "id_string": "ob821", "world_size": [0.1, 0.1, 0.1], "id": 821, "camera_size": [41, 41], "camera_position": [256, 254], "world_position": [0.705, 0.6498037994254439, -0.15], "world_orientation": [1.0, 8.100187187665134e-17, -1.2653630886983698e-17, -8.100187187665134e-17, 1.0, -1.9397816686250694e-16, 1.2653630886983698e-17, 1.9397816686250694e-16, 1.0], "world_rotation": [-0.9211093596285536, 0.06008602943210125, 0.38463907325148433, -2.1059189642881336e-16]}], "source": "action wait"}
{"timestamp": 1706068410.502945, "objects": [{"color": "cv_", "id_name": "hand", "shape": "CVCylinder", "id_string": "ob383", "world_size": [0.12, 0.005, 0.12], "id": 383, "camera_size": [49, 50], "camera_position": [246, 252], "world_position": [0.708392358787322, 0.7080273957072559, -0.17410557837078774], "world_orientation": [-4.178385751744931e-06, -0.0016893788227449898, 0.9999985729898491, -0.0007631195444086446, -0.9999982818178452, -0.0016893815194564843, 0.9999997088155086, -0.0007631255143173425, 2.889180575333957e-06], "world_rotation": [0.0, 1.0, 0.0, 0.0]}, {"color": "CVBlue", "id_name": "object65171555055934", "shape": "CVCone", "id_string": "ob821", "world_size": [0.1, 0.1, 0.1], "id": 821, "camera_size": [41, 41], "camera_position": [256, 254], "world_position": [0.705, 0.6498037994254439, -0.15], "world_orientation": [1.0, 8.100187187665134e-17, -1.2653630886983698e-17, -8.100187187665134e-17, 1.0, -1.9397816686250694e-16, 1.2653630886983698e-17, 1.9397816686250694e-16, 1.0], "world_rotation": [-0.9211093596285536, 0.06008602943210125, 0.38463907325148433, -2.1059189642881336e-16]}], "source": "action wait"}
{"timestamp": 1706068410.531679, "objects": [{"color": "cv_", "id_name": "hand", "shape": "CVCylinder", "id_string": "ob383", "world_size": [0.12, 0.005, 0.12], "id": 383, "camera_size": [51, 50], "camera_position": [246, 251], "world_position": [0.7110231581748049, 0.730102307743048, -0.1740937320953883], "world_orientation": [1.6531744798417793e-05, 0.030592520778440255, 0.9995319391590857, -0.0007432706365421021, -0.9995316628233962, 0.03059252461399105, 0.999999723637693, -0.0007434284884729405, 6.214520025082642e-06], "world_rotation": [0.0, 1.0, 0.0, 0.0]}, {"color": "CVBlue", "id_name": "object65171555055934", "shape": "CVCone", "id_string": "ob821", "world_size": [0.1, 0.1, 0.1], "id": 821, "camera_size": [42, 44], "camera_position": [252, 251], "world_position": [0.7104397827114612, 0.674807219643841, -0.15866241760185334], "world_orientation": [0.9994891570549655, -0.03195973895099207, -3.9672573706048945e-06, 0.03195973906041628, 0.9994891565616401, 3.1541905781646914e-05, 2.9571596484105035e-06, -3.165258533195548e-05, 0.9999999994946845], "world_rotation": [0.0009886573204961422, 0.00010833025878333398, -0.9999995054105066, -0.03196519806868309]}], "source": "action wait"}
{"timestamp": 1706068410.564192, "objects": [{"color": "cv_", "id_name": "hand", "shape": "CVCylinder", "id_string": "ob383", "world_size": [0.12, 0.005, 0.12], "id": 383, "camera_size": [52, 52], "camera_position": [245, 249], "world_position": [0.7147389621193541, 0.7829046276263025, -0.17410823069612827], "world_orientation": [7.616924746524674e-05, 0.10658154712935629, 0.994303961578027, -0.000725812023714026, -0.9943036966688288, 0.1065815743344413, 0.9999997336975407, -0.0007297960088508492, 1.622804085764511e-06], "world_rotation": [0.0, 1.0, 0.0, 0.0]}, {"color": "CVBlue", "id_name": "object65171555055934", "shape": "CVCone", "id_string": "ob821", "world_size": [0.1, 0.1, 0.1], "id": 821, "camera_size": [44, 48], "camera_position": [249, 247], "world_position": [0.7187361338288093, 0.7295597550759645, -0.1642309739119362], "world_orientation": [0.9941794240982407, -0.10773705344585001, -3.807451032233636e-06, 0.10773705349627404, 0.9941794226967774, 5.282275540483844e-05, -1.9056785530358209e-06, -5.29255001032087e-05, 0.9999999985976299], "world_rotation": [0.0004907700710290886, 8.82598970747138e-06, -0.9999998795334124, -0.107946584979796]}], "source": "action wait"}
{"timestamp": 1706068410.602894, "objects": [{"color": "cv_", "id_name": "hand", "shape": "CVCylinder", "id_string": "ob383", "world_size": [0.12, 0.005, 0.12], "id": 383, "camera_size": [56, 55], "camera_position": [244, 250], "world_position": [0.7134392165423381, 0.8529611825210203, -0.17411343970409804], "world_orientation": [0.00015100566964280592, 0.20574185644270243, 0.9786062873826217, -0.0007192756266903467, -0.9786060230488136, 0.20574191185842008, 0.9999997299198938, -0.0007349558458142885, 2.1004490270677444e-07], "world_rotation": [0.0, 1.0, 0.0, 0.0]}, {"color": "CVBlue", "id_name": "object65171555055934", "shape": "CVCone", "id_string": "ob821", "world_size": [0.1, 0.1, 0.1], "id": 821, "camera_size": [46, 54], "camera_position": [247, 245], "world_position": [0.7229374081724661, 0.801351908722545, -0.1677912038707069], "world_orientation": [0.9783937432534743, -0.20675029167106077, -7.509055764684993e-06, 0.20675029177858964, 0.9783937418651584, 5.223563818621046e-05, -3.452920263138729e-06, -5.26595210465709e-05, 0.9999999986075261], "world_rotation": [0.0002536759560955426, 9.80926154203559e-06, -0.9999999677761433, -0.20825232112253517]}], "source": "action wait"}
{"timestamp": 1706068410.627496, "objects": [{"color": "cv_", "id_name": "hand", "shape": "CVCylinder", "id_string": "ob383", "world_size": [0.12, 0.005, 0.12], "id": 383, "camera_size": [59, 57], "camera_position": [244, 254], "world_position": [0.7046717131477259, 0.9225440828133095, -0.17411469193616522], "world_orientation": [0.00022605681161193503, 0.3028606897973691, 0.9530348112602077, -0.0007089074226931104, -0.9530345476028627, 0.3028607741614506, 0.9999997231742537, -0.0007440771927567859, -7.397601473686343e-07], "world_rotation": [0.0, 1.0, 0.0, 0.0]}, {"color": "CVBlue", "id_name": "object65171555055934", "shape": "CVCone", "id_string": "ob821", "world_size": [0.1, 0.1, 0.1], "id": 821, "camera_size": [49, 62], "camera_position": [246, 246], "world_position": [0.7194086427929757, 0.8728321658709415, -0.17006778235720438], "world_orientation": [0.9527477967869717, -0.30376246578323135, -9.942959016171779e-06, 0.3037624659134483, 0.9527477956956814, 4.5817043362797374e-05, -4.444365781430387e-06, -4.667238486842702e-05, 0.9999999989009682], "world_rotation": [0.0001522397227342151, 9.050810730416582e-06, -0.9999999883705746, -0.30863925301465994]}], "source": "action wait"}
{"timestamp": 1706068410.656678, "objects": [{"color": "cv_", "id_name": "hand", "shape": "CVCylinder", "id_string": "ob383", "world_size": [0.12, 0.005, 0.12], "id": 383, "camera_size": [62, 59], "camera_position": [243, 262], "world_position": [0.6887026906108753, 0.9908186430272392, -0.17411508700521533], "world_orientation": [0.00029985535433663867, 0.39691894208370404, 0.9178536176874391, -0.0006878464158978101, -0.917853359951406, 0.3969190553415432, 0.9999997184769978, -0.0007503606252277373, -2.203972762601174e-06], "world_rotation": [0.0, 1.0, 0.0, 0.0]}, {"color": "CVBlue", "id_name": "object65171555055934", "shape": "CVCone", "id_string": "ob821", "world_size": [0.1, 0.1, 0.1], "id": 821, "camera_size": [52, 68], "camera_position": [244, 251], "world_position": [0.7084213491410826, 0.9432734436482512, -0.17152429254265023], "world_orientation": [0.9174990730044674, -0.3977379173590119, -1.1439352512747086e-05, 0.39773791747960124, 0.917499072096299, 4.1248278031496875e-05, -5.910408883065123e-06, -4.2395121102663985e-05, 0.9999999990838604], "world_rotation": [0.00010514888700134727, 6.95048593161266e-06, -0.9999999944477012, -0.4090500394183635]}], "source": "action wait"}
{"timestamp": 1706068410.689641, "objects": [{"color": "cv_", "id_name": "hand", "shape": "CVCylinder", "id_string": "ob383", "world_size": [0.12, 0.005, 0.12], "id": 383, "camera_size": [66, 59], "camera_position": [242, 275], "world_position": [0.6657965877161842, 1.0570979119458312, -0.1741153083560796], "world_orientation": [0.0003711905230281436, 0.48697110427629553, 0.8734180017709281, -0.0006573763279480913, -0.8734177543939327, 0.48697124572794215, 0.999999715036939, -0.0007549234301694956, -4.081116729078422e-06], "world_rotation": [0.0, 1.0, 0.0, 0.0]}, {"color": "CVBlue", "id_name": "object65171555055934", "shape": "CVCone", "id_string": "ob821", "world_size": [0.1, 0.1, 0.1], "id": 821, "camera_size": [55, 75], "camera_position": [244, 261], "world_position": [0.6902288048113988, 1.012050359332593, -0.17245638022545626], "world_orientation": [0.8729999644959275, -0.48772027007190233, -1.2292278339807867e-05, 0.4877202701648744, 0.8729999637061465, 3.793901921242438e-05, -7.772470152028586e-06, -3.9115955738289726e-05, 0.9999999992047653], "world_rotation": [7.899505047305374e-05, 4.633607059771511e-06, -0.9999999968691557, -0.509476469512457]}], "source": "action wait"}
{"timestamp": 1706068410.724735, "objects": [{"color": "cv_", "id_name": "hand", "shape": "CVCylinder", "id_string": "ob383", "world_size": [0.12, 0.005, 0.12], "id": 383, "camera_size": [71, 61], "camera_position": [242, 290], "world_position": [0.6419296835756173, 1.1084462457278923, -0.17411450498755904], "world_orientation": [0.0004330620267779814, 0.5559726357519361, 0.8312004816843682, -0.0006365124547002964, -0.8312002379939265, 0.5559728043805158, 0.9999997036545443, -0.0007698401684435431, -6.077752594816737e-06], "world_rotation": [0.0, 1.0, 0.0, 0.0]}, {"color": "CVBlue", "id_name": "object65171555055934", "shape": "CVCone", "id_string": "ob821", "world_size": [0.1, 0.1, 0.1], "id": 821, "camera_size": [58, 80], "camera_position": [242, 273], "world_position": [0.6699053298513242, 1.0658159751620617, -0.1730525255211343], "world_orientation": [0.8307355755996783, -0.5566672286015794, -5.840236977818013e-06, 0.5566672285470818, 0.8307355752434241, 2.6204739487858286e-05, -9.735627081606877e-06, -2.5020277874385707e-05, 0.9999999996396016], "world_rotation": [-4.6010448144128355e-05, 3.4988498511204205e-06, 0.9999999989353985, 0.5903685510338245]}], "source": "action wait"}
{"timestamp": 1706068410.763514, "objects": [{"color": "cv_", "id_name": "hand", "shape": "CVCylinder", "id_string": "ob383", "world_size": [0.12, 0.005, 0.12], "id": 383, "camera_size": [73, 61], "camera_position": [241, 303], "world_position": [0.62221461989184, 1.143161603781983, -0.17411530596803484], "world_orientation": [0.0004763903439299038, 0.602494679293026, 0.7981227565204705, -0.0006150069635353049, -0.7981225196271312, 0.6024948675552967, 0.9999996974092918, -0.0007778737901868143, -9.679438364669398e-06], "world_rotation": [0.0, 1.0, 0.0, 0.0]}, {"color": "CVBlue", "id_name": "object65171555055934", "shape": "CVCone", "id_string": "ob821", "world_size": [0.1, 0.1, 0.1], "id": 821, "camera_size": [60, 84], "camera_position": [241, 284], "world_position": [0.6525215939263928, 1.1024825455414793, -0.1734352663104902], "world_orientation": [0.797627521267901, -0.6031503438745776, 5.4684833942167485e-08, 0.6031503437277342, 0.7976275210757047, 2.1994150153481882e-05, -1.3309397356839414e-05, -1.7510156292926867e-05, 0.9999999997581274], "world_rotation": [-3.274830797064492e-05, 1.1078566331051543e-05, 0.9999999994024068, 0.6474448817151756]}], "source": "action wait"}
{"timestamp": 1706068410.7993, "objects": [{"color": "cv_", "id_name": "hand", "shape": "CVCylinder", "id_string": "ob383", "world_size": [0.12, 0.005, 0.12], "id": 383, "camera_size": [75, 62], "camera_position": [241, 312], "world_position": [0.6069821609466448, 1.1668005493259381, -0.17411685258443735], "world_orientation": [0.0005053471229320226, 0.6341358149942953, 0.7732215159744368, -0.0005950836728738858, -0.7732212870972237, 0.6341360162103513, 0.9999996952498074, -0.0007805903110107111, -1.3381282936189483e-05], "world_rotation": [0.0, 1.0, 0.0, 0.0]}, {"color": "CVBlue", "id_name": "object65171555055934", "shape": "CVCone", "id_string": "ob821", "world_size": [0.1, 0.1, 0.1], "id": 821, "camera_size": [62, 87], "camera_position": [241, 294], "world_position": [0.6388433718067811, 1.1276038229446042, -0.1736811163554384], "world_orientation": [0.772706048022122, -0.634764021773125, 3.5272970673613126e-06, 0.6347640215555008, 0.7727060478820953, 2.2474891977047344e-05, -1.6991816596893977e-05, -1.512748368760916e-05, 0.9999999997412188], "world_rotation": [-2.9619176859346567e-05, 1.6162788809906542e-05, 0.9999999994307344, 0.6877030900642109]}], "source": "action wait"}
{"timestamp": 1706068410.837149, "objects": [{"color": "cv_", "id_name": "hand", "shape": "CVCylinder", "id_string": "ob383", "world_size": [0.12, 0.005, 0.12], "id": 383, "camera_size": [76, 62], "camera_position": [240, 320], "world_position": [0.5956263042957629, 1.1830288646396725, -0.1741184242667746], "world_orientation": [0.0005243939836362029, 0.6558366188210294, 0.7549026787767742, -0.0005784576351782206, -0.754902457330164, 0.6558368282611495, 0.9999996951988106, -0.0007805961053421481, -1.6492607269111113e-05], "world_rotation": [0.0, 1.0, 0.0, 0.0]}, {"color": "CVBlue", "id_name": "object65171555055934", "shape": "CVCone", "id_string": "ob821", "world_size": [0.1, 0.1, 0.1], "id": 821, "camera_size": [63, 89], "camera_position": [241, 301], "world_position": [0.6285379555290314, 1.1449220379606173, -0.1738389456441684], "world_orientation": [0.7543733951387145, -0.6564455656648065, 5.089316895843059e-06, 0.6564455653771007, 0.7543733950000219, 2.4756411862980815e-05, -2.0090482054173467e-05, -1.533471896145426e-05, 0.9999999996806095], "world_rotation": [-3.0536523440868565e-05, 1.9178893312854615e-05, 0.9999999993498454, 0.7160972738948914]}], "source": "action wait"}
