{"timestamp": 1706068663.834378, "objects": [{"color": "cv_", "id_name": "hand", "shape": "CVCylinder", "id_string": "ob383", "world_size": [0.12, 0.005, 0.12], "id": 383, "camera_size": [48, 50], "camera_position": [246, 426], "world_position": [0.26764451554000884, 0.6334703013849516, -0.17389260400847803], "world_orientation": [-0.0006415509378402135, 0.19791547486687994, 0.9802188802612464, -0.0007473674820394356, -0.9802189031248734, 0.19791499033301457, 0.9999995149270029, -0.0006056111687278685, 0.0007767759466967969], "world_rotation": [0.0, 1.0, 0.0, 0.0]}, {"color": "CVGreen", "id_name": "object168759388696990", "shape": "CVBox", "id_string": "ob898", "world_size": [0.1, 0.1, 0.1], "id": 898, "camera_size": [41, 41], "camera_position": [256, 254], "world_position": [0.705, 0.649803795681077, -0.15], "world_orientation": [1.0, 1.9184653865522657e-17, -9.55897242464241e-18, -1.9184653865522657e-17, 1.0, -1.6626700016786308e-16, 9.55897242464241e-18, 1.6626700016786308e-16, 1.0], "world_rotation": [-0.9917927042003282, 0.05701984820103169, 0.11443761971542243, -1.67642894995807e-16]}], "source": "manual check"}
{"timestamp": 1706068664.855254, "objects": [{"color": "cv_", "id_name": "hand", "shape": "CVCylinder", "id_string": "ob383", "world_size": [0.12, 0.005, 0.12], "id": 383, "camera_size": [48, 50], "camera_position": [246, 426], "world_position": [0.26764451554000884, 0.6334703013849516, -0.17389260400847803], "world_orientation": [-0.0006415509378402135, 0.19791547486687994, 0.9802188802612464, -0.0007473674820394356, -0.9802189031248734, 0.19791499033301457, 0.9999995149270029, -0.0006056111687278685, 0.0007767759466967969], "world_rotation": [0.0, 1.0, 0.0, 0.0]}, {"color": "CVGreen", "id_name": "object168759388696990", "shape": "CVBox", "id_string": "ob898", "world_size": [0.1, 0.1, 0.1], "id": 898, "camera_size": [41, 41], "camera_position": [256, 254], "world_position": [0.705, 0.6498037994254439, -0.15], "world_orientation": [1.0, 8.100187187665134e-17, -1.2653630886983698e-17, -8.100187187665134e-17, 1.0, -1.9397816686250694e-16, 1.2653630886983698e-17, 1.9397816686250694e-16, 1.0], "world_rotation": [-0.9211093596285536, 0.06008602943210125, 0.38463907325148433, -2.1059189642881336e-16]}], "source": "manual check"}
{"timestamp": 1706068666.43223, "objects": [{"color": "cv_", "id_name": "hand", "shape": "CVCylinder", "id_string": "ob383", "world_size": [0.12, 0.005, 0.12], "id": 383, "camera_size": [48, 50], "camera_position": [246, 426], "world_position": [0.26764451554000884, 0.6334703013849516, -0.17389260400847803], "world_orientation": [-0.0006415509378402135, 0.19791547486687994, 0.9802188802612464, -0.0007473674820394356, -0.9802189031248734, 0.19791499033301457, 0.9999995149270029, -0.0006056111687278685, 0.0007767759466967969], "world_rotation": [0.0, 1.0, 0.0, 0.0]}, {"color": "CVGreen", "id_name": "object168759388696990", "shape": "CVBox", "id_string": "ob898", "world_size": [0.1, 0.1, 0.1], "id": 898, "camera_size": [41, 41], "camera_position": [256, 254], "world_position": [0.705, 0.6498037994254439, -0.15], "world_orientation": [1.0, 8.100187187665134e-17, -1.2653630886983698e-17, -8.100187187665134e-17, 1.0, -1.9397816686250694e-16, 1.2653630886983698e-17, 1.9397816686250694e-16, 1.0], "world_rotation": [-0.9211093596285536, 0.06008602943210125, 0.38463907325148433, -2.1059189642881336e-16]}], "source": "action wait"}
{"timestamp": 1706068666.466608, "objects": [{"color": "cv_", "id_name": "hand", "shape": "CVCylinder", "id_string": "ob383", "world_size": [0.12, 0.005, 0.12], "id": 383, "camera_size": [49, 51], "camera_position": [246, 421], "world_position": [0.2908186899175549, 0.6674865115174243, -0.17395624449118802], "world_orientation": [-0.00038488988083392915, 0.19551418364628922, 0.9807007983339794, -0.0007158927778546681, -0.9807006735406891, 0.19551387780505355, 0.9999996696786005, -0.0006268253056341175, 0.0005174289574137883], "world_rotation": [0.0, 1.0, 0.0, 0.0]}, {"color": "CVGreen", "id_name": "object168759388696990", "shape": "CVBox", "id_string": "ob898", "world_size": [0.1, 0.1, 0.1], "id": 898, "camera_size": [41, 41], "camera_position": [256, 254], "world_position": [0.705, 0.6498037994254439, -0.15], "world_orientation": [1.0, 8.100187187665134e-17, -1.2653630886983698e-17, -8.100187187665134e-17, 1.0, -1.9397816686250694e-16, 1.2653630886983698e-17, 1.9397816686250694e-16, 1.0], "world_rotation": [-0.9211093596285536, 0.06008602943210125, 0.38463907325148433, -2.1059189642881336e-16]}], "source": "action wait"}
{"timestamp": 1706068666.494289, "objects": [{"color": "cv_", "id_name": "hand", "shape": "CVCylinder", "id_string": "ob383", "world_size": [0.12, 0.005, 0.12], "id": 383, "camera_size": [51, 52], "camera_position": [246, 406], "world_position": [0.33666063777336275, 0.7052160504456794, -0.17398410397563335], "world_orientation": [-0.00022689606706770342, 0.1818746409054299, 0.983321698892939, -0.000732482806245615, -0.983321490640271, 0.18187443337075723, 0.9999997059935134, -0.0006789996438156012, 0.0003563318262451762], "world_rotation": [0.0, 1.0, 0.0, 0.0]}, {"color": "CVGreen", "id_name": "object168759388696990", "shape": "CVBox", "id_string": "ob898", "world_size": [0.1, 0.1, 0.1], "id": 898, "camera_size": [41, 41], "camera_position": [256, 254], "world_position": [0.705, 0.6498037994254439, -0.15], "world_orientation": [1.0, 8.100187187665134e-17, -1.2653630886983698e-17, -8.100187187665134e-17, 1.0, -1.9397816686250694e-16, 1.2653630886983698e-17, 1.9397816686250694e-16, 1.0], "world_rotation": [-0.9211093596285536, 0.06008602943210125, 0.38463907325148433, -2.1059189642881336e-16]}], "source": "action wait"}
{"timestamp": 1706068666.527063, "objects": [{"color": "cv_", "id_name": "hand", "shape": "CVCylinder", "id_string": "ob383", "world_size": [0.12, 0.005, 0.12], "id": 383, "camera_size": [51, 52], "camera_position": [246, 388], "world_position": [0.3870815066264348, 0.7382247132007261, -0.17400461769327505], "world_orientation": [-0.00012452939980269205, 0.1721643013621551, 0.985068240188927, -0.0007438053220173798, -0.9850679912810107, 0.17216416382986843, 0.9999997156229955, -0.0007112594996138513, 0.000250726649334064], "world_rotation": [0.0, 1.0, 0.0, 0.0]}, {"color": "CVGreen", "id_name": "object168759388696990", "shape": "CVBox", "id_string": "ob898", "world_size": [0.1, 0.1, 0.1], "id": 898, "camera_size": [41, 41], "camera_position": [256, 254], "world_position": [0.705, 0.6498037994254439, -0.15], "world_orientation": [1.0, 8.100187187665134e-17, -1.2653630886983698e-17, -8.100187187665134e-17, 1.0, -1.9397816686250694e-16, 1.2653630886983698e-17, 1.9397816686250694e-16, 1.0], "world_rotation": [-0.9211093596285536, 0.06008602943210125, 0.38463907325148433, -2.1059189642881336e-16]}], "source": "action wait"}
{"timestamp": 1706068666.559133, "objects": [{"color": "cv_", "id_name": "hand", "shape": "CVCylinder", "id_string": "ob383", "world_size": [0.12, 0.005, 0.12], "id": 383, "camera_size": [52, 53], "camera_position": [245, 368], "world_position": [0.44109544802697354, 0.7660582610753222, -0.17402310820471126], "world_orientation": [-5.248139987124351e-05, 0.1653027863420956, 0.9862428636361543, -0.0007512216491244336, -0.9862425932262331, 0.16530270104396078, 0.9999997164558282, -0.0007322116733049667, 0.00017593842366635053], "world_rotation": [0.0, 1.0, 0.0, 0.0]}, {"color": "CVGreen", "id_name": "object168759388696990", "shape": "CVBox", "id_string": "ob898", "world_size": [0.1, 0.1, 0.1], "id": 898, "camera_size": [41, 41], "camera_position": [256, 254], "world_position": [0.705, 0.6498037994254439, -0.15], "world_orientation": [1.0, 8.100187187665134e-17, -1.2653630886983698e-17, -8.100187187665134e-17, 1.0, -1.9397816686250694e-16, 1.2653630886983698e-17, 1.9397816686250694e-16, 1.0], "world_rotation": [-0.9211093596285536, 0.06008602943210125, 0.38463907325148433, -2.1059189642881336e-16]}], "source": "action wait"}
{"timestamp": 1706068666.591686, "objects": [{"color": "cv_", "id_name": "hand", "shape": "CVCylinder", "id_string": "ob383", "world_size": [0.12, 0.005, 0.12], "id": 383, "camera_size": [52, 53], "camera_position": [245, 344], "world_position": [0.498225253259509, 0.7810088174490227, -0.1740383575872244], "world_orientation": [-8.851179126849852e-06, 0.14986913800279628, 0.9887058416920349, -0.0007643926826098554, -0.9887055538961833, 0.1498690875353162, 0.999999707812699, -0.0007544329925039748, 0.00012331008240004519], "world_rotation": [0.0, 1.0, 0.0, 0.0]}, {"color": "CVGreen", "id_name": "object168759388696990", "shape": "CVBox", "id_string": "ob898", "world_size": [0.1, 0.1, 0.1], "id": 898, "camera_size": [41, 41], "camera_position": [256, 254], "world_position": [0.705, 0.6498037994254439, -0.15], "world_orientation": [1.0, 8.100187187665134e-17, -1.2653630886983698e-17, -8.100187187665134e-17, 1.0, -1.9397816686250694e-16, 1.2653630886983698e-17, 1.9397816686250694e-16, 1.0], "world_rotation": [-0.9211093596285536, 0.06008602943210125, 0.38463907325148433, -2.1059189642881336e-16]}], "source": "action wait"}
{"timestamp": 1706068666.625371, "objects": [{"color": "cv_", "id_name": "hand", "shape": "CVCylinder", "id_string": "ob383", "world_size": [0.12, 0.005, 0.12], "id": 383, "camera_size": [52, 53], "camera_position": [245, 318], "world_position": [0.556835587195113, 0.7725881258007969, -0.1740501896644587], "world_orientation": [-2.236410178160996e-06, 0.11103007875332475, 0.993817046345568, -0.0007770491673071118, -0.9938167465049026, 0.11103004350626075, 0.9999996980947494, -0.0007719963995993835, 8.849841212882691e-05], "world_rotation": [0.0, 1.0, 0.0, 0.0]}, {"color": "CVGreen", "id_name": "object168759388696990", "shape": "CVBox", "id_string": "ob898", "world_size": [0.1, 0.1, 0.1], "id": 898, "camera_size": [41, 41], "camera_position": [256, 254], "world_position": [0.705, 0.6498037994254439, -0.15], "world_orientation": [1.0, 8.100187187665134e-17, -1.2653630886983698e-17, -8.100187187665134e-17, 1.0, -1.9397816686250694e-16, 1.2653630886983698e-17, 1.9397816686250694e-16, 1.0], "world_rotation": [-0.9211093596285536, 0.06008602943210125, 0.38463907325148433, -2.1059189642881336e-16]}], "source": "action wait"}
{"timestamp": 1706068666.659588, "objects": [{"color": "cv_", "id_name": "hand", "shape": "CVCylinder", "id_string": "ob383", "world_size": [0.12, 0.005, 0.12], "id": 383, "camera_size": [52, 52], "camera_position": [245, 298], "world_position": [0.6021264432489701, 0.759050942787894, -0.1740558129505451], "world_orientation": [-1.6532836465838137e-05, 0.07784598531256004, 0.9969653967402189, -0.0007752384857927245, -0.9969650982887052, 0.07784594915268629, 0.9999996993659326, -0.0007715989302100905, 7.683186471129861e-05], "world_rotation": [0.0, 1.0, 0.0, 0.0]}, {"color": "CVGreen", "id_name": "object168759388696990", "shape": "CVBox", "id_string": "ob898", "world_size": [0.1, 0.1, 0.1], "id": 898, "camera_size": [41, 41], "camera_position": [256, 254], "world_position": [0.705, 0.6498037994254439, -0.15], "world_orientation": [1.0, 8.100187187665134e-17, -1.2653630886983698e-17, -8.100187187665134e-17, 1.0, -1.9397816686250694e-16, 1.2653630886983698e-17, 1.9397816686250694e-16, 1.0], "world_rotation": [-0.9211093596285536, 0.06008602943210125, 0.38463907325148433, -2.1059189642881336e-16]}], "source": "action wait"}
{"timestamp": 1706068666.690674, "objects": [{"color": "cv_", "id_name": "hand", "shape": "CVCylinder", "id_string": "ob383", "world_size": [0.12, 0.005, 0.12], "id": 383, "camera_size": [51, 51], "camera_position": [246, 284], "world_position": [0.6339144425380139, 0.7470472275624139, -0.17406350206219728], "world_orientation": [-2.280053891813497e-05, 0.054397133228751754, 0.9985193795698853, -0.0007713681725703886, -0.9985190837221664, 0.05439709949793169, 0.9999997022355946, -0.0007689857859111494, 6.472699048102142e-05], "world_rotation": [0.0, 1.0, 0.0, 0.0]}, {"color": "CVGreen", "id_name": "object168759388696990", "shape": "CVBox", "id_string": "ob898", "world_size": [0.1, 0.1, 0.1], "id": 898, "camera_size": [41, 41], "camera_position": [256, 254], "world_position": [0.705, 0.6498037994254439, -0.15], "world_orientation": [1.0, 8.100187187665134e-17, -1.2653630886983698e-17, -8.100187187665134e-17, 1.0, -1.9397816686250694e-16, 1.2653630886983698e-17, 1.9397816686250694e-16, 1.0], "world_rotation": [-0.9211093596285536, 0.06008602943210125, 0.38463907325148433, -2.1059189642881336e-16]}], "source": "action wait"}
{"timestamp": 1706068666.722948, "objects": [{"color": "cv_", "id_name": "hand", "shape": "CVCylinder", "id_string": "ob383", "world_size": [0.12, 0.005, 0.12], "id": 383, "camera_size": [51, 51], "camera_position": [246, 275], "world_position": [0.6561579817139982, 0.7373949026299534, -0.1740713850133328], "world_orientation": [-2.415202403353244e-05, 0.03785058714896904, 0.999283409483595, -0.0007678767261337429, -0.9992831158709009, 0.037850557468510675, 0.9999997048909631, -0.0007664123053807135, 5.31992947733853e-05], "world_rotation": [0.0, 1.0, 0.0, 0.0]}, {"color": "CVGreen", "id_name": "object168759388696990", "shape": "CVBox", "id_string": "ob898", "world_size": [0.1, 0.1, 0.1], "id": 898, "camera_size": [41, 41], "camera_position": [256, 254], "world_position": [0.705, 0.6498037994254439, -0.15], "world_orientation": [1.0, 8.100187187665134e-17, -1.2653630886983698e-17, -8.100187187665134e-17, 1.0, -1.9397816686250694e-16, 1.2653630886983698e-17, 1.9397816686250694e-16, 1.0], "world_rotation": [-0.9211093596285536, 0.06008602943210125, 0.38463907325148433, -2.1059189642881336e-16]}], "source": "action wait"}
{"timestamp": 1706068666.751915, "objects": [{"color": "cv_", "id_name": "hand", "shape": "CVCylinder", "id_string": "ob383", "world_size": [0.12, 0.005, 0.12], "id": 383, "camera_size": [51, 51], "camera_position": [246, 268], "world_position": [0.6717209780665371, 0.7300225168739738, -0.17407849800834108], "world_orientation": [-2.2983472616716565e-05, 0.026182092085537692, 0.9996571900035454, -0.00076536809632372, -0.9996568979343418, 0.026182066839083862, 0.9999997068416757, -0.0007645039656734407, 4.301452491743973e-05], "world_rotation": [0.0, 1.0, 0.0, 0.0]}, {"color": "CVGreen", "id_name": "object168759388696990", "shape": "CVBox", "id_string": "ob898", "world_size": [0.1, 0.1, 0.1], "id": 898, "camera_size": [41, 41], "camera_position": [256, 254], "world_position": [0.705, 0.6498037994254439, -0.15], "world_orientation": [1.0, 8.100187187665134e-17, -1.2653630886983698e-17, -8.100187187665134e-17, 1.0, -1.9397816686250694e-16, 1.2653630886983698e-17, 1.9397816686250694e-16, 1.0], "world_rotation": [-0.9211093596285536, 0.06008602943210125, 0.38463907325148433, -2.1059189642881336e-16]}], "source": "action wait"}
{"timestamp": 1706068666.78411, "objects": [{"color": "cv_", "id_name": "hand", "shape": "CVCylinder", "id_string": "ob383", "world_size": [0.12, 0.005, 0.12], "id": 383, "camera_size": [51, 50], "camera_position": [246, 263], "world_position": [0.6826194361155007, 0.7245586741163494, -0.1740845101203332], "world_orientation": [-2.0690274852853178e-05, 0.017956111289870798, 0.9998387758230115, -0.0007637879941503809, -0.9998384846817151, 0.017956090255730882, 0.9999997080998637, -0.0007632933366173133, 3.440159528172709e-05], "world_rotation": [0.0, 1.0, 0.0, 0.0]}, {"color": "CVGreen", "id_name": "object168759388696990", "shape": "CVBox", "id_string": "ob898", "world_size": [0.1, 0.1, 0.1], "id": 898, "camera_size": [41, 41], "camera_position": [256, 254], "world_position": [0.705, 0.6498037994254439, -0.15], "world_orientation": [1.0, 8.100187187665134e-17, -1.2653630886983698e-17, -8.100187187665134e-17, 1.0, -1.9397816686250694e-16, 1.2653630886983698e-17, 1.9397816686250694e-16, 1.0], "world_rotation": [-0.9211093596285536, 0.06008602943210125, 0.38463907325148433, -2.1059189642881336e-16]}], "source": "action wait"}
{"timestamp": 1706068666.823865, "objects": [{"color": "cv_", "id_name": "hand", "shape": "CVCylinder", "id_string": "ob383", "world_size": [0.12, 0.005, 0.12], "id": 383, "camera_size": [51, 51], "camera_position": [246, 260], "world_position": [0.6902601072364759, 0.7205843921054433, -0.1740893979451049], "world_orientation": [-1.805459278195075e-05, 0.012157831208825203, 0.9999260906758707, -0.0007629026079394094, -0.9999258000175747, 0.012157813899875846, 0.9999997088267789, -0.0007626267179445584, 2.7328494267951603e-05], "world_rotation": [0.0, 1.0, 0.0, 0.0]}, {"color": "CVGreen", "id_name": "object168759388696990", "shape": "CVBox", "id_string": "ob898", "world_size": [0.1, 0.1, 0.1], "id": 898, "camera_size": [41, 41], "camera_position": [256, 254], "world_position": [0.705, 0.6498037994254439, -0.15], "world_orientation": [1.0, 8.100187187665134e-17, -1.2653630886983698e-17, -8.100187187665134e-17, 1.0, -1.9397816686250694e-16, 1.2653630886983698e-17, 1.9397816686250694e-16, 1.0], "world_rotation": [-0.9211093596285536, 0.06008602943210125, 0.38463907325148433, -2.1059189642881336e-16]}], "source": "action wait"}
{"timestamp": 1706068666.857835, "objects": [{"color": "cv_", "id_name": "hand", "shape": "CVCylinder", "id_string": "ob383", "world_size": [0.12, 0.005, 0.12], "id": 383, "camera_size": [51, 50], "camera_position": [246, 257], "world_position": [0.6956226569601888, 0.7177281615405733, -0.17409327268044705], "world_orientation": [-1.551257409936504e-05, 0.008070998363286366, 0.9999674288419498, -0.0007624778565904146, -0.9999671383809143, 0.008070984190520327, 0.9999997091933969, -0.0007623278200637072, 2.166602186401463e-05], "world_rotation": [0.0, 1.0, 0.0, 0.0]}, {"color": "CVGreen", "id_name": "object168759388696990", "shape": "CVBox", "id_string": "ob898", "world_size": [0.1, 0.1, 0.1], "id": 898, "camera_size": [41, 41], "camera_position": [256, 254], "world_position": [0.705, 0.6498037994254439, -0.15], "world_orientation": [1.0, 8.100187187665134e-17, -1.2653630886983698e-17, -8.100187187665134e-17, 1.0, -1.9397816686250694e-16, 1.2653630886983698e-17, 1.9397816686250694e-16, 1.0], "world_rotation": [-0.9211093596285536, 0.06008602943210125, 0.38463907325148433, -2.1059189642881336e-16]}], "source": "action wait"}
{"timestamp": 1706068666.890771, "objects": [{"color": "cv_", "id_name": "hand", "shape": "CVCylinder", "id_string": "ob383", "world_size": [0.12, 0.005, 0.12], "id": 383, "camera_size": [50, 50], "camera_position": [245, 256], "world_position": [0.6993898453464686, 0.7156915675767112, -0.1740962914371139], "world_orientation": [-1.3237385883100048e-05, 0.005190484948164561, 0.9999865292546569, -0.0007623315662459533, -0.999986238823812, 0.0051904733492546, 0.9999997093376353, -0.0007622525887732859, 1.7194074241577416e-05], "world_rotation": [0.0, 1.0, 0.0, 0.0]}, {"color": "CVGreen", "id_name": "object168759388696990", "shape": "CVBox", "id_string": "ob898", "world_size": [0.1, 0.1, 0.1], "id": 898, "camera_size": [41, 41], "camera_position": [256, 254], "world_position": [0.705, 0.6498037994254439, -0.15], "world_orientation": [1.0, 8.100187187665134e-17, -1.2653630886983698e-17, -8.100187187665134e-17, 1.0, -1.9397816686250694e-16, 1.2653630886983698e-17, 1.9397816686250694e-16, 1.0], "world_rotation": [-0.9211093596285536, 0.06008602943210125, 0.38463907325148433, -2.1059189642881336e-16]}], "source": "action wait"}
{"timestamp": 1706068666.92253, "objects": [{"color": "cv_", "id_name": "hand", "shape": "CVCylinder", "id_string": "ob383", "world_size": [0.12, 0.005, 0.12], "id": 383, "camera_size": [50, 50], "camera_position": [245, 255], "world_position": [0.7020383130382758, 0.7142469433901084, -0.17409861419278586], "world_orientation": [-1.1305278454828498e-05, 0.00316019578451574, 0.9999950065049298, -0.0007623388151195847, -0.9999947160172443, 0.003160186248017942, 0.9999997093558186, -0.000762299281599329, 1.371435862821104e-05], "world_rotation": [0.0, 1.0, 0.0, 0.0]}, {"color": "CVGreen", "id_name": "object168759388696990", "shape": "CVBox", "id_string": "ob898", "world_size": [0.1, 0.1, 0.1], "id": 898, "camera_size": [41, 41], "camera_position": [256, 254], "world_position": [0.705, 0.6498037994254439, -0.15], "world_orientation": [1.0, 8.100187187665134e-17, -1.2653630886983698e-17, -8.100187187665134e-17, 1.0, -1.9397816686250694e-16, 1.2653630886983698e-17, 1.9397816686250694e-16, 1.0], "world_rotation": [-0.9211093596285536, 0.06008602943210125, 0.38463907325148433, -2.1059189642881336e-16]}], "source": "action wait"}
{"timestamp": 1706068666.955166, "objects": [{"color": "cv_", "id_name": "hand", "shape": "CVCylinder", "id_string": "ob383", "world_size": [0.12, 0.005, 0.12], "id": 383, "camera_size": [50, 50], "camera_position": [245, 254], "world_position": [0.7039014116927549, 0.7132257366542242, -0.1741003849557027], "world_orientation": [-9.716719793534853e-06, 0.0017291435206770402, 0.9999985049830177, -0.0007624203835609939, -0.9999982144010063, 0.00172913560998235, 0.9999997093103299, -0.0007624024422037319, 1.1035036710001794e-05], "world_rotation": [0.0, 1.0, 0.0, 0.0]}, {"color": "CVGreen", "id_name": "object168759388696990", "shape": "CVBox", "id_string": "ob898", "world_size": [0.1, 0.1, 0.1], "id": 898, "camera_size": [41, 41], "camera_position": [256, 254], "world_position": [0.705, 0.6498037994254439, -0.15], "world_orientation": [1.0, 8.100187187665134e-17, -1.2653630886983698e-17, -8.100187187665134e-17, 1.0, -1.9397816686250694e-16, 1.2653630886983698e-17, 1.9397816686250694e-16, 1.0], "world_rotation": [-0.9211093596285536, 0.06008602943210125, 0.38463907325148433, -2.1059189642881336e-16]}], "source": "action wait"}
{"timestamp": 1706068666.989006, "objects": [{"color": "cv_", "id_name": "hand", "shape": "CVCylinder", "id_string": "ob383", "world_size": [0.12, 0.005, 0.12], "id": 383, "camera_size": [50, 50], "camera_position": [245, 253], "world_position": [0.7052126604532026, 0.7125054624302006, -0.17410172537740437], "world_orientation": [-8.440305939937542e-06, 0.0007204373027409399, 0.9999997404493934, -0.0007625295108409163, -0.9999994497640553, 0.0007204306573366459, 0.999999709238711, -0.0007625232322711377, 8.989656000193338e-06], "world_rotation": [0.0, 1.0, 0.0, 0.0]}, {"color": "CVGreen", "id_name": "object168759388696990", "shape": "CVBox", "id_string": "ob898", "world_size": [0.1, 0.1, 0.1], "id": 898, "camera_size": [41, 41], "camera_position": [256, 254], "world_position": [0.705, 0.6498037994254439, -0.15], "world_orientation": [1.0, 8.100187187665134e-17, -1.2653630886983698e-17, -8.100187187665134e-17, 1.0, -1.9397816686250694e-16, 1.2653630886983698e-17, 1.9397816686250694e-16, 1.0], "world_rotation": [-0.9211093596285536, 0.06008602943210125, 0.38463907325148433, -2.1059189642881336e-16]}], "source": "action wait"}
{"timestamp": 1706068667.014188, "objects": [{"color": "cv_", "id_name": "hand", "shape": "CVCylinder", "id_string": "ob383", "world_size": [0.12, 0.005, 0.12], "id": 383, "camera_size": [49, 50], "camera_position": [246, 253], "world_position": [0.7061358657689146, 0.7119981700886777, -0.17410273440210525], "world_orientation": [-7.432119728356404e-06, 9.410281004852138e-06, 0.9999999999281052, -0.0007626406881792612, -0.9999997091453248, 9.404610231971898e-06, 0.9999997091619299, -0.0007626406182286251, 7.4392942302357e-06], "world_rotation": [0.0, 1.0, 0.0, 0.0]}, {"color": "CVGreen", "id_name": "object168759388696990", "shape": "CVBox", "id_string": "ob898", "world_size": [0.1, 0.1, 0.1], "id": 898, "camera_size": [41, 41], "camera_position": [256, 254], "world_position": [0.705, 0.6498037994254439, -0.15], "world_orientation": [1.0, 8.100187187665134e-17, -1.2653630886983698e-17, -8.100187187665134e-17, 1.0, -1.9397816686250694e-16, 1.2653630886983698e-17, 1.9397816686250694e-16, 1.0], "world_rotation": [-0.9211093596285536, 0.06008602943210125, 0.38463907325148433, -2.1059189642881336e-16]}], "source": "action wait"}
{"timestamp": 1706068667.045135, "objects": [{"color": "cv_", "id_name": "hand", "shape": "CVCylinder", "id_string": "ob383", "world_size": [0.12, 0.005, 0.12], "id": 383, "camera_size": [49, 50], "camera_position": [246, 253], "world_position": [0.7067860573994025, 0.7116411983089068, -0.1741034905498271], "world_orientation": [-6.64611177210991e-06, -0.0004917995465075258, 0.9999998790445103, -0.0007627414971586889, -0.9999995881767999, -0.0004918044727244259, 0.9999997090905766, -0.0007627446734888019, 6.270993113046061e-06], "world_rotation": [0.0, 1.0, 0.0, 0.0]}, {"color": "CVGreen", "id_name": "object168759388696990", "shape": "CVBox", "id_string": "ob898", "world_size": [0.1, 0.1, 0.1], "id": 898, "camera_size": [41, 41], "camera_position": [256, 254], "world_position": [0.705, 0.6498037994254439, -0.15], "world_orientation": [1.0, 8.100187187665134e-17, -1.2653630886983698e-17, -8.100187187665134e-17, 1.0, -1.9397816686250694e-16, 1.2653630886983698e-17, 1.9397816686250694e-16, 1.0], "world_rotation": [-0.9211093596285536, 0.06008602943210125, 0.38463907325148433, -2.1059189642881336e-16]}], "source": "action wait"}
{"timestamp": 1706068667.078331, "objects": [{"color": "cv_", "id_name": "hand", "shape": "CVCylinder", "id_string": "ob383", "world_size": [0.12, 0.005, 0.12], "id": 383, "camera_size": [49, 49], "camera_position": [246, 253], "world_position": [0.7072440814012797, 0.7113901327478944, -0.17410405508721852], "world_orientation": [-6.0394500100484e-06, -0.0008451165904756499, 0.999999642870673, -0.0007628271227843689, -0.999999351932469, -0.0008451209516564392, 0.9999997090291106, -0.000762831954422561, 5.394768239311184e-06], "world_rotation": [0.0, 1.0, 0.0, 0.0]}, {"color": "CVGreen", "id_name": "object168759388696990", "shape": "CVBox", "id_string": "ob898", "world_size": [0.1, 0.1, 0.1], "id": 898, "camera_size": [41, 41], "camera_position": [256, 254], "world_position": [0.705, 0.6498037994254439, -0.15], "world_orientation": [1.0, 8.100187187665134e-17, -1.2653630886983698e-17, -8.100187187665134e-17, 1.0, -1.9397816686250694e-16, 1.2653630886983698e-17, 1.9397816686250694e-16, 1.0], "world_rotation": [-0.9211093596285536, 0.06008602943210125, 0.38463907325148433, -2.1059189642881336e-16]}], "source": "action wait"}
{"timestamp": 1706068667.112483, "objects": [{"color": "cv_", "id_name": "hand", "shape": "CVCylinder", "id_string": "ob383", "world_size": [0.12, 0.005, 0.12], "id": 383, "camera_size": [49, 50], "camera_position": [246, 252], "world_position": [0.7075667962661432, 0.7112135988879005, -0.174104475241058], "world_orientation": [-5.574998162560305e-06, -0.0010941860184222711, 0.9999994013627592, -0.0007628968691610143, -0.999999110367961, -0.0010941899531704746, 0.9999997089786009, -0.0007629025125699015, 4.740242115493186e-06], "world_rotation": [0.0, 1.0, 0.0, 0.0]}, {"color": "CVGreen", "id_name": "object168759388696990", "shape": "CVBox", "id_string": "ob898", "world_size": [0.1, 0.1, 0.1], "id": 898, "camera_size": [41, 41], "camera_position": [256, 254], "world_position": [0.705, 0.6498037994254439, -0.15], "world_orientation": [1.0, 8.100187187665134e-17, -1.2653630886983698e-17, -8.100187187665134e-17, 1.0, -1.9397816686250694e-16, 1.2653630886983698e-17, 1.9397816686250694e-16, 1.0], "world_rotation": [-0.9211093596285536, 0.06008602943210125, 0.38463907325148433, -2.1059189642881336e-16]}], "source": "action wait"}
{"timestamp": 1706068668.209551, "objects": [{"color": "cv_", "id_name": "hand", "shape": "CVCylinder", "id_string": "ob383", "world_size": [0.12, 0.005, 0.12], "id": 383, "camera_size": [49, 50], "camera_position": [246, 252], "world_position": [0.708337483193801, 0.7107952563710731, -0.17410566049397697], "world_orientation": [-4.173776245883307e-06, -0.0016893889676378882, 0.9999985729727298, -0.0007631195374526602, -0.999998281800718, -0.0016893916608288113, 0.9999997088155331, -0.0007631254996034188, 2.884563347306149e-06], "world_rotation": [0.0, 1.0, 0.0, 0.0]}, {"color": "CVGreen", "id_name": "object168759388696990", "shape": "CVBox", "id_string": "ob898", "world_size": [0.1, 0.1, 0.1], "id": 898, "camera_size": [41, 41], "camera_position": [256, 254], "world_position": [0.705, 0.6498037994254439, -0.15], "world_orientation": [1.0, 8.100187187665134e-17, -1.2653630886983698e-17, -8.100187187665134e-17, 1.0, -1.9397816686250694e-16, 1.2653630886983698e-17, 1.9397816686250694e-16, 1.0], "world_rotation": [-0.9211093596285536, 0.06008602943210125, 0.38463907325148433, -2.1059189642881336e-16]}], "source": "action wait"}
{"timestamp": 1706068668.240669, "objects": [{"color": "cv_", "id_name": "hand", "shape": "CVCylinder", "id_string": "ob383", "world_size": [0.12, 0.005, 0.12], "id": 383, "camera_size": [51, 50], "camera_position": [246, 251], "world_position": [0.710863283502589, 0.7326986741670866, -0.17409380143552255], "world_orientation": [1.627361442314689e-05, 0.030354671775513174, 0.9995391906456548, -0.0007432783493300862, -0.9995389143067437, 0.03035467548487116, 0.9999997236361944, -0.0007434298199989689, 6.295859439763489e-06], "world_rotation": [0.0, 1.0, 0.0, 0.0]}, {"color": "CVGreen", "id_name": "object168759388696990", "shape": "CVBox", "id_string": "ob898", "world_size": [0.1, 0.1, 0.1], "id": 898, "camera_size": [42, 43], "camera_position": [252, 252], "world_position": [0.7103031634511667, 0.6756321436946868, -0.15866243450662773], "world_orientation": [0.999496733684726, -0.03172190626667435, -4.046257510965427e-06, 0.031721906378707414, 0.9994967331917588, 3.153890576150931e-05, 3.0437469515424597e-06, -3.1651388294565926e-05, 0.9999999994944626], "world_rotation": [0.0009960035452404852, 0.00011175244055933925, -0.9999994977440388, -0.031727244856961045]}], "source": "action wait"}
{"timestamp": 1706068668.272701, "objects": [{"color": "cv_", "id_name": "hand", "shape": "CVCylinder", "id_string": "ob383", "world_size": [0.12, 0.005, 0.12], "id": 383, "camera_size": [52, 53], "camera_position": [245, 250], "world_position": [0.7143793687897212, 0.785392718957413, -0.17410830084783582], "world_orientation": [7.577580432950488e-05, 0.1062267368567794, 0.9943419304418314, -0.0007258479825514918, -0.9943416655167292, 0.10622676386920353, 0.9999997337013314, -0.0007297905026513764, 1.7574231580695008e-06], "world_rotation": [0.0, 1.0, 0.0, 0.0]}, {"color": "CVGreen", "id_name": "object168759388696990", "shape": "CVBox", "id_string": "ob898", "world_size": [0.1, 0.1, 0.1], "id": 898, "camera_size": [44, 49], "camera_position": [249, 248], "world_position": [0.7183812088863417, 0.7309131382790983, -0.16423101035169502], "world_orientation": [0.9942178048807572, -0.10738229110359691, -3.928235550864294e-06, 0.10738229116092861, 0.9942178034795153, 5.2814748097421805e-05, -1.7658469338300042e-06, -5.2931185852420475e-05, 0.9999999985975857], "world_rotation": [0.0004923806337666113, 1.0068645081049359e-05, -0.9999998787299597, -0.10758975256540187]}], "source": "action wait"}
{"timestamp": 1706068668.303818, "objects": [{"color": "cv_", "id_name": "hand", "shape": "CVCylinder", "id_string": "ob383", "world_size": [0.12, 0.005, 0.12], "id": 383, "camera_size": [56, 55], "camera_position": [244, 250], "world_position": [0.71283262518716, 0.8553931807545871, -0.17411351084418758], "world_orientation": [0.00015063563331281228, 0.20539266094201844, 0.9786796371336552, -0.0007193476537839741, -0.9786793727667513, 0.20539271618008179, 0.9999997299238931, -0.0007349503626581475, 3.247416266076534e-07], "world_rotation": [0.0, 1.0, 0.0, 0.0]}, {"color": "CVGreen", "id_name": "object168759388696990", "shape": "CVBox", "id_string": "ob898", "world_size": [0.1, 0.1, 0.1], "id": 898, "camera_size": [46, 55], "camera_position": [247, 246], "world_position": [0.7223275769769083, 0.8030552675295762, -0.1677912532609258], "world_orientation": [0.9784674523328468, -0.20640117409398612, -7.6086889483204485e-06, 0.2064011742073133, 0.9784674509451032, 5.221909968658842e-05, -3.3332290051454493e-06, -5.266513176656268e-05, 0.9999999986076368], "world_rotation": [0.00025407856445991666, 1.0357159600802358e-05, -0.9999999676684056, -0.20789550730174125]}], "source": "action wait"}
{"timestamp": 1706068668.340166, "objects": [{"color": "cv_", "id_name": "hand", "shape": "CVCylinder", "id_string": "ob383", "world_size": [0.12, 0.005, 0.12], "id": 383, "camera_size": [59, 57], "camera_position": [244, 254], "world_position": [0.7038243536524684, 0.9248941981772398, -0.1741147583794636], "world_orientation": [0.0002257328463385295, 0.302520857709061, 0.9531427383638066, -0.0007090368895583837, -0.9531424746399552, 0.30252094192619494, 0.9999997231556474, -0.0007441022758128831, -6.57115789578021e-07], "world_rotation": [0.0, 1.0, 0.0, 0.0]}, {"color": "CVGreen", "id_name": "object168759388696990", "shape": "CVBox", "id_string": "ob898", "world_size": [0.1, 0.1, 0.1], "id": 898, "camera_size": [49, 61], "camera_position": [246, 247], "world_position": [0.7185532675613464, 0.8747129102087041, -0.1700678361992796], "world_orientation": [0.9528560449526224, -0.30342273727787344, -1.000243748314316e-05, 0.3034227374114606, 0.9528560438633028, 4.5770203687543405e-05, -4.356837479462421e-06, -4.664738222431083e-05, 0.9999999989025199], "world_rotation": [0.00015229179204715327, 9.303191954851449e-06, -0.9999999883603304, -0.3082826956926552]}], "source": "action wait"}
{"timestamp": 1706068668.373782, "objects": [{"color": "cv_", "id_name": "hand", "shape": "CVCylinder", "id_string": "ob383", "world_size": [0.12, 0.005, 0.12], "id": 383, "camera_size": [63, 58], "camera_position": [243, 262], "world_position": [0.6876240606266845, 0.9930618046883541, -0.1741151503444381], "world_orientation": [0.0002995698789622961, 0.39659180473354727, 0.9179950166945763, -0.0006880139188078878, -0.9179947588725741, 0.39659191786940473, 0.9999997184473279, -0.0007504003417158997, -2.142897061176393e-06], "world_rotation": [0.0, 1.0, 0.0, 0.0]}, {"color": "CVGreen", "id_name": "object168759388696990", "shape": "CVBox", "id_string": "ob898", "world_size": [0.1, 0.1, 0.1], "id": 898, "camera_size": [52, 68], "camera_position": [244, 252], "world_position": [0.7073319856084512, 0.9452125739916504, -0.17152434892533497], "world_orientation": [0.917640763479711, -0.39741090708337073, -1.1469344304728884e-05, 0.39741090720589817, 0.9176407625738885, 4.118977401643105e-05, -5.8445276004150325e-06, -4.2355458201193645e-05, 0.9999999990859285], "world_rotation": [0.00010511190087140943, 7.076827248544752e-06, -0.9999999944507034, -0.40869365210875014]}], "source": "action wait"}
{"timestamp": 1706068668.406183, "objects": [{"color": "cv_", "id_name": "hand", "shape": "CVCylinder", "id_string": "ob383", "world_size": [0.12, 0.005, 0.12], "id": 383, "camera_size": [66, 60], "camera_position": [242, 275], "world_position": [0.6644986167894524, 1.0592106436010313, -0.17411536948643622], "world_orientation": [0.0003709385185977981, 0.4866599031188304, 0.8735914383171267, -0.0006575710921839982, -0.8735911908424484, 0.48666004446916683, 0.9999997150023965, -0.0007549694321730577, -4.035138174686352e-06], "world_rotation": [0.0, 1.0, 0.0, 0.0]}, {"color": "CVGreen", "id_name": "object168759388696990", "shape": "CVBox", "id_string": "ob898", "world_size": [0.1, 0.1, 0.1], "id": 898, "camera_size": [56, 75], "camera_position": [243, 262], "world_position": [0.6889187562904587, 1.0139643262583944, -0.17245643788041062], "world_orientation": [0.8731736676181416, -0.48740921824169187, -1.2300653976651272e-05, 0.48740921833574086, 0.8731736668306935, 3.7878534627727084e-05, -7.721739813833167e-06, -3.906999114467126e-05, 0.9999999992069553], "world_rotation": [7.893626407188558e-05, 4.69719691040991e-06, -0.9999999968735012, -0.5091202027311528]}], "source": "action wait"}
{"timestamp": 1706068668.440074, "objects": [{"color": "cv_", "id_name": "hand", "shape": "CVCylinder", "id_string": "ob383", "world_size": [0.12, 0.005, 0.12], "id": 383, "camera_size": [71, 61], "camera_position": [242, 291], "world_position": [0.6404352462123892, 1.110501864017762, -0.1741145771243262], "world_orientation": [0.00043291716436641333, 0.5557635611127855, 0.8313402893652899, -0.0006366216149896524, -0.8313400456323364, 0.5557637296918039, 0.9999997036477801, -0.0007698488555376725, -6.0902793508660215e-06], "world_rotation": [0.0, 1.0, 0.0, 0.0]}, {"color": "CVGreen", "id_name": "object168759388696990", "shape": "CVBox", "id_string": "ob898", "world_size": [0.1, 0.1, 0.1], "id": 898, "camera_size": [58, 80], "camera_position": [242, 274], "world_position": [0.6684029065780734, 1.067742389612149, -0.1730525942229737], "world_orientation": [0.8308755577399614, -0.556458271136668, -5.822271356559345e-06, 0.5564582710818241, 0.8308755573839031, 2.620335495833226e-05, -9.743490639472423e-06, -2.501157821850274e-05, 0.9999999996397427], "world_rotation": [-4.6018664634273194e-05, 3.523372265561036e-06, 0.9999999989349343, 0.5901170391609866]}], "source": "action wait"}
{"timestamp": 1706068668.471755, "objects": [{"color": "cv_", "id_name": "hand", "shape": "CVCylinder", "id_string": "ob383", "world_size": [0.12, 0.005, 0.12], "id": 383, "camera_size": [73, 62], "camera_position": [241, 303], "world_position": [0.6205807748628285, 1.1451641464109081, -0.1741153793347748], "world_orientation": [0.0004763302693016994, 0.6023532104218842, 0.7982295302755491, -0.0006150868846607432, -0.798229293352825, 0.6023533986801888, 0.9999996973887536, -0.0007778996716295823, -9.721214602936466e-06], "world_rotation": [0.0, 1.0, 0.0, 0.0]}, {"color": "CVGreen", "id_name": "object168759388696990", "shape": "CVBox", "id_string": "ob898", "world_size": [0.1, 0.1, 0.1], "id": 898, "camera_size": [61, 84], "camera_position": [242, 285], "world_position": [0.6508823928154096, 1.1044012809607786, -0.17343533842822312], "world_orientation": [0.7977344110494825, -0.6030089629744527, 1.038268281144427e-07, 0.6030089628267611, 0.797734410857885, 2.1995851476516328e-05, -1.3346521822151316e-05, -1.7484239115215757e-05, 0.9999999997580858], "world_rotation": [-3.273590692434699e-05, 1.115269379871498e-05, 0.9999999994019888, 0.6472676418084361]}], "source": "action wait"}
{"timestamp": 1706068668.50294, "objects": [{"color": "cv_", "id_name": "hand", "shape": "CVCylinder", "id_string": "ob383", "world_size": [0.12, 0.005, 0.12], "id": 383, "camera_size": [75, 63], "camera_position": [241, 314], "world_position": [0.605250457290856, 1.1687589156516436, -0.1741169270625424], "world_orientation": [0.0005053326228008395, 0.6340392522527997, 0.7733006991084718, -0.0005951363513851301, -0.7733004702150715, 0.6340394534868258, 0.9999996952257855, -0.0007806201765807607, -1.3434147605726148e-05], "world_rotation": [0.0, 1.0, 0.0, 0.0]}, {"color": "CVGreen", "id_name": "object168759388696990", "shape": "CVBox", "id_string": "ob898", "world_size": [0.1, 0.1, 0.1], "id": 898, "camera_size": [62, 87], "camera_position": [241, 295], "world_position": [0.637108013494319, 1.1295078900121043, -0.1736811906775504], "world_orientation": [0.7727853094708859, -0.6346675235531792, 3.586350954559305e-06, 0.6346675233345601, 0.7727853093317303, 2.2481942391629438e-05, -1.7040038034151952e-05, -1.5097574330483297e-05, 0.9999999997408502], "world_rotation": [-2.960567171986832e-05, 1.6249759295248346e-05, 0.9999999994297247, 0.68757821298963]}], "source": "action wait"}
