{"timestamp": 1706068818.872511, "objects": [{"color": "cv_", "id_name": "hand", "shape": "CVCylinder", "id_string": "ob383", "world_size": [0.12, 0.005, 0.12], "id": 383, "camera_size": [48, 50], "camera_position": [246, 426], "world_position": [0.26764451554000884, 0.6334703013849518, -0.17389260400847828], "world_orientation": [-0.0006415513902983167, 0.197915474866879, 0.9802188802609504, -0.0007473675733945046, -0.9802189031248737, 0.19791499033266857, 0.9999995149266444, -0.0006056111687275931, 0.0007767764082853638], "world_rotation": [0.0, 1.0, 0.0, 0.0]}, {"color": "CVRed", "id_name": "object157724756867610", "shape": "CVSphere", "id_string": "ob954", "world_size": [0.1, 0.1, 0.1], "id": 954, "camera_size": [41, 41], "camera_position": [256, 254], "world_position": [0.705, 0.6498037932383656, -0.15], "world_orientation": [1.0, 2.1316282072802963e-17, -9.624447840080312e-18, -2.1316282072802963e-17, 1.0, -1.5774048733874193e-16, 9.624447840080312e-18, 1.5774048733874193e-16, 1.0], "world_rotation": [-0.9891858493133231, 0.06035462278252622, 0.13367376342071935, -1.5946496550495827e-16]}], "source": "manual check"}
{"timestamp": 1706068819.892807, "objects": [{"color": "cv_", "id_name": "hand", "shape": "CVCylinder", "id_string": "ob383", "world_size": [0.12, 0.005, 0.12], "id": 383, "camera_size": [48, 50], "camera_position": [246, 426], "world_position": [0.26764451554000884, 0.6334703013849518, -0.17389260400847828], "world_orientation": [-0.0006415513902983167, 0.197915474866879, 0.9802188802609504, -0.0007473675733945046, -0.9802189031248737, 0.19791499033266857, 0.9999995149266444, -0.0006056111687275931, 0.0007767764082853638], "world_rotation": [0.0, 1.0, 0.0, 0.0]}, {"color": "CVRed", "id_name": "object157724756867610", "shape": "CVSphere", "id_string": "ob954", "world_size": [0.1, 0.1, 0.1], "id": 954, "camera_size": [41, 41], "camera_position": [256, 254], "world_position": [0.705, 0.6498037994254439, -0.15], "world_orientation": [1.0, 8.100187187665134e-17, -1.2653630886983698e-17, -8.100187187665134e-17, 1.0, -1.9397816686250694e-16, 1.2653630886983698e-17, 1.9397816686250694e-16, 1.0], "world_rotation": [-0.9211093596285536, 0.06008602943210125, 0.38463907325148433, -2.1059189642881336e-16]}], "source": "manual check"}
{"timestamp": 1706068821.140137, "objects": [{"color": "cv_", "id_name": "hand", "shape": "CVCylinder", "id_string": "ob383", "world_size": [0.12, 0.005, 0.12], "id": 383, "camera_size": [48, 50], "camera_position": [246, 426], "world_position": [0.26764451554000884, 0.6334703013849518, -0.17389260400847828], "world_orientation": [-0.0006415513902983167, 0.197915474866879, 0.9802188802609504, -0.0007473675733945046, -0.9802189031248737, 0.19791499033266857, 0.9999995149266444, -0.0006056111687275931, 0.0007767764082853638], "world_rotation": [0.0, 1.0, 0.0, 0.0]}, {"color": "CVRed", "id_name": "object157724756867610", "shape": "CVSphere", "id_string": "ob954", "world_size": [0.1, 0.1, 0.1], "id": 954, "camera_size": [41, 41], "camera_position": [256, 254], "world_position": [0.705, 0.6498037994254439, -0.15], "world_orientation": [1.0, 8.100187187665134e-17, -1.2653630886983698e-17, -8.100187187665134e-17, 1.0, -1.9397816686250694e-16, 1.2653630886983698e-17, 1.9397816686250694e-16, 1.0], "world_rotation": [-0.9211093596285536, 0.06008602943210125, 0.38463907325148433, -2.1059189642881336e-16]}], "source": "action wait"}
{"timestamp": 1706068821.172413, "objects": [{"color": "cv_", "id_name": "hand", "shape": "CVCylinder", "id_string": "ob383", "world_size": [0.12, 0.005, 0.12], "id": 383, "camera_size": [49, 51], "camera_position": [246, 421], "world_position": [0.29096114836099174, 0.6676241413419227, -0.17395617575364933], "world_orientation": [-0.0003838661274297213, 0.19681998606015763, 0.9804395676093838, -0.0007155495138646556, -0.9804394429083669, 0.19681968087166593, 0.9999996703177904, -0.0006260006472786948, 0.0005171919374732108], "world_rotation": [0.0, 1.0, 0.0, 0.0]}, {"color": "CVRed", "id_name": "object157724756867610", "shape": "CVSphere", "id_string": "ob954", "world_size": [0.1, 0.1, 0.1], "id": 954, "camera_size": [41, 41], "camera_position": [256, 254], "world_position": [0.705, 0.6498037994254439, -0.15], "world_orientation": [1.0, 8.100187187665134e-17, -1.2653630886983698e-17, -8.100187187665134e-17, 1.0, -1.9397816686250694e-16, 1.2653630886983698e-17, 1.9397816686250694e-16, 1.0], "world_rotation": [-0.9211093596285536, 0.06008602943210125, 0.38463907325148433, -2.1059189642881336e-16]}], "source": "action wait"}
{"timestamp": 1706068821.20466, "objects": [{"color": "cv_", "id_name": "hand", "shape": "CVCylinder", "id_string": "ob383", "world_size": [0.12, 0.005, 0.12], "id": 383, "camera_size": [51, 52], "camera_position": [246, 406], "world_position": [0.33690269491697505, 0.7054929856323051, -0.17398401736239563], "world_orientation": [-0.0002250894243960124, 0.18417592594951862, 0.9828932686896317, -0.0007320255830935996, -0.9828930605884283, 0.18417571931624996, 0.9999997067366053, -0.0006780470114829737, 0.00035606032283610946], "world_rotation": [0.0, 1.0, 0.0, 0.0]}, {"color": "CVRed", "id_name": "object157724756867610", "shape": "CVSphere", "id_string": "ob954", "world_size": [0.1, 0.1, 0.1], "id": 954, "camera_size": [41, 41], "camera_position": [256, 254], "world_position": [0.705, 0.6498037994254439, -0.15], "world_orientation": [1.0, 8.100187187665134e-17, -1.2653630886983698e-17, -8.100187187665134e-17, 1.0, -1.9397816686250694e-16, 1.2653630886983698e-17, 1.9397816686250694e-16, 1.0], "world_rotation": [-0.9211093596285536, 0.06008602943210125, 0.38463907325148433, -2.1059189642881336e-16]}], "source": "action wait"}
{"timestamp": 1706068821.235944, "objects": [{"color": "cv_", "id_name": "hand", "shape": "CVCylinder", "id_string": "ob383", "world_size": [0.12, 0.005, 0.12], "id": 383, "camera_size": [51, 52], "camera_position": [246, 388], "world_position": [0.3873963966379893, 0.7385980567142428, -0.17400453850090578], "world_orientation": [-0.00012215629555713972, 0.1751708699573041, 0.9845380395882329, -0.0007432987527243784, -0.9845377908639753, 0.175170733479219, 0.9999997162923617, -0.0007104076889440866, 0.00025047177852128416], "world_rotation": [0.0, 1.0, 0.0, 0.0]}, {"color": "CVRed", "id_name": "object157724756867610", "shape": "CVSphere", "id_string": "ob954", "world_size": [0.1, 0.1, 0.1], "id": 954, "camera_size": [41, 41], "camera_position": [256, 254], "world_position": [0.705, 0.6498037994254439, -0.15], "world_orientation": [1.0, 8.100187187665134e-17, -1.2653630886983698e-17, -8.100187187665134e-17, 1.0, -1.9397816686250694e-16, 1.2653630886983698e-17, 1.9397816686250694e-16, 1.0], "world_rotation": [-0.9211093596285536, 0.06008602943210125, 0.38463907325148433, -2.1059189642881336e-16]}], "source": "action wait"}
{"timestamp": 1706068821.265913, "objects": [{"color": "cv_", "id_name": "hand", "shape": "CVCylinder", "id_string": "ob383", "world_size": [0.12, 0.005, 0.12], "id": 383, "camera_size": [52, 53], "camera_position": [245, 368], "world_position": [0.44146309494115715, 0.7664985474587441, -0.1740230434521882], "world_orientation": [-4.970792860085875e-05, 0.16880826306487848, 0.9856489069897764, -0.0007506919043079884, -0.985648636781111, 0.16880817892863673, 0.9999997169953533, -0.0007315275500621106, 0.00017571754852616724], "world_rotation": [0.0, 1.0, 0.0, 0.0]}, {"color": "CVRed", "id_name": "object157724756867610", "shape": "CVSphere", "id_string": "ob954", "world_size": [0.1, 0.1, 0.1], "id": 954, "camera_size": [41, 41], "camera_position": [256, 254], "world_position": [0.705, 0.6498037994254439, -0.15], "world_orientation": [1.0, 8.100187187665134e-17, -1.2653630886983698e-17, -8.100187187665134e-17, 1.0, -1.9397816686250694e-16, 1.2653630886983698e-17, 1.9397816686250694e-16, 1.0], "world_rotation": [-0.9211093596285536, 0.06008602943210125, 0.38463907325148433, -2.1059189642881336e-16]}], "source": "action wait"}
{"timestamp": 1706068821.29713, "objects": [{"color": "cv_", "id_name": "hand", "shape": "CVCylinder", "id_string": "ob383", "world_size": [0.12, 0.005, 0.12], "id": 383, "camera_size": [52, 53], "camera_position": [245, 344], "world_position": [0.4986637841873684, 0.780477293726801, -0.1740382355207425], "world_orientation": [-6.851794312283048e-06, 0.1522862140772316, 0.9883364351045026, -0.0007644848605404453, -0.9883361471151085, 0.15228616440294512, 0.9999997077579329, -0.0007545248082831361, 0.00012319238112290713], "world_rotation": [0.0, 1.0, 0.0, 0.0]}, {"color": "CVRed", "id_name": "object157724756867610", "shape": "CVSphere", "id_string": "ob954", "world_size": [0.1, 0.1, 0.1], "id": 954, "camera_size": [41, 41], "camera_position": [256, 254], "world_position": [0.705, 0.6498037994254439, -0.15], "world_orientation": [1.0, 8.100187187665134e-17, -1.2653630886983698e-17, -8.100187187665134e-17, 1.0, -1.9397816686250694e-16, 1.2653630886983698e-17, 1.9397816686250694e-16, 1.0], "world_rotation": [-0.9211093596285536, 0.06008602943210125, 0.38463907325148433, -2.1059189642881336e-16]}], "source": "action wait"}
{"timestamp": 1706068821.329586, "objects": [{"color": "cv_", "id_name": "hand", "shape": "CVCylinder", "id_string": "ob383", "world_size": [0.12, 0.005, 0.12], "id": 383, "camera_size": [52, 53], "camera_position": [245, 318], "world_position": [0.5572628381448504, 0.771368977151616, -0.17405008078667716], "world_orientation": [-9.459310571575887e-07, 0.11271365957426957, 0.9936275111652662, -0.0007770150191849025, -0.9936272112960427, 0.11271362481842849, 0.999999698123337, -0.000771956880332774, 8.852010919530646e-05], "world_rotation": [0.0, 1.0, 0.0, 0.0]}, {"color": "CVRed", "id_name": "object157724756867610", "shape": "CVSphere", "id_string": "ob954", "world_size": [0.1, 0.1, 0.1], "id": 954, "camera_size": [41, 41], "camera_position": [256, 254], "world_position": [0.705, 0.6498037994254439, -0.15], "world_orientation": [1.0, 8.100187187665134e-17, -1.2653630886983698e-17, -8.100187187665134e-17, 1.0, -1.9397816686250694e-16, 1.2653630886983698e-17, 1.9397816686250694e-16, 1.0], "world_rotation": [-0.9211093596285536, 0.06008602943210125, 0.38463907325148433, -2.1059189642881336e-16]}], "source": "action wait"}
{"timestamp": 1706068821.362959, "objects": [{"color": "cv_", "id_name": "hand", "shape": "CVCylinder", "id_string": "ob383", "world_size": [0.12, 0.005, 0.12], "id": 383, "camera_size": [52, 52], "camera_position": [245, 297], "world_position": [0.6024819629962224, 0.7573654872325767, -0.1740557295146755], "world_orientation": [-1.5639451507309775e-05, 0.07903737575452903, 0.9968716532178277, -0.0007751484187165381, -0.9968713548101643, 0.07903733993421629, 0.9999996994501232, -0.0007714873850103017, 7.685621804859963e-05], "world_rotation": [0.0, 1.0, 0.0, 0.0]}, {"color": "CVRed", "id_name": "object157724756867610", "shape": "CVSphere", "id_string": "ob954", "world_size": [0.1, 0.1, 0.1], "id": 954, "camera_size": [41, 41], "camera_position": [256, 254], "world_position": [0.705, 0.6498037994254439, -0.15], "world_orientation": [1.0, 8.100187187665134e-17, -1.2653630886983698e-17, -8.100187187665134e-17, 1.0, -1.9397816686250694e-16, 1.2653630886983698e-17, 1.9397816686250694e-16, 1.0], "world_rotation": [-0.9211093596285536, 0.06008602943210125, 0.38463907325148433, -2.1059189642881336e-16]}], "source": "action wait"}
{"timestamp": 1706068821.399005, "objects": [{"color": "cv_", "id_name": "hand", "shape": "CVCylinder", "id_string": "ob383", "world_size": [0.12, 0.005, 0.12], "id": 383, "camera_size": [51, 51], "camera_position": [246, 284], "world_position": [0.6341982292028036, 0.7450377250991096, -0.17406343219645973], "world_orientation": [-2.2170873952143357e-05, 0.055238903229095686, 0.9984731659281079, -0.0007712565215713238, -0.9984728701538134, 0.055238869740285475, 0.999999702335871, -0.0007688542468180963, 6.474038050908613e-05], "world_rotation": [0.0, 1.0, 0.0, 0.0]}, {"color": "CVRed", "id_name": "object157724756867610", "shape": "CVSphere", "id_string": "ob954", "world_size": [0.1, 0.1, 0.1], "id": 954, "camera_size": [41, 41], "camera_position": [256, 254], "world_position": [0.705, 0.6498037994254439, -0.15], "world_orientation": [1.0, 8.100187187665134e-17, -1.2653630886983698e-17, -8.100187187665134e-17, 1.0, -1.9397816686250694e-16, 1.2653630886983698e-17, 1.9397816686250694e-16, 1.0], "world_rotation": [-0.9211093596285536, 0.06008602943210125, 0.38463907325148433, -2.1059189642881336e-16]}], "source": "action wait"}
{"timestamp": 1706068821.434452, "objects": [{"color": "cv_", "id_name": "hand", "shape": "CVCylinder", "id_string": "ob383", "world_size": [0.12, 0.005, 0.12], "id": 383, "camera_size": [51, 50], "camera_position": [246, 274], "world_position": [0.6563811106901485, 0.735159691227315, -0.1740713196616152], "world_orientation": [-2.370440426433264e-05, 0.03844487923965827, 0.9992607220832557, -0.0007677650763871645, -0.9992604285499104, 0.03844484973357766, 0.9999997049874009, -0.000766286172361326, 5.320350881020693e-05], "world_rotation": [0.0, 1.0, 0.0, 0.0]}, {"color": "CVRed", "id_name": "object157724756867610", "shape": "CVSphere", "id_string": "ob954", "world_size": [0.1, 0.1, 0.1], "id": 954, "camera_size": [41, 41], "camera_position": [256, 254], "world_position": [0.705, 0.6498037994254439, -0.15], "world_orientation": [1.0, 8.100187187665134e-17, -1.2653630886983698e-17, -8.100187187665134e-17, 1.0, -1.9397816686250694e-16, 1.2653630886983698e-17, 1.9397816686250694e-16, 1.0], "world_rotation": [-0.9211093596285536, 0.06008602943210125, 0.38463907325148433, -2.1059189642881336e-16]}], "source": "action wait"}
{"timestamp": 1706068821.466857, "objects": [{"color": "cv_", "id_name": "hand", "shape": "CVCylinder", "id_string": "ob383", "world_size": [0.12, 0.005, 0.12], "id": 383, "camera_size": [51, 51], "camera_position": [246, 268], "world_position": [0.6718965429706523, 0.7276296754213145, -0.17407843228126682], "world_orientation": [-2.2664349125585045e-05, 0.026601509951649602, 0.999646116960707, -0.00076526761397394, -0.9996458249651564, 0.02660148483094524, 0.9999997069258602, -0.0007643938934057199, 4.301359602812045e-05], "world_rotation": [0.0, 1.0, 0.0, 0.0]}, {"color": "CVRed", "id_name": "object157724756867610", "shape": "CVSphere", "id_string": "ob954", "world_size": [0.1, 0.1, 0.1], "id": 954, "camera_size": [41, 41], "camera_position": [256, 254], "world_position": [0.705, 0.6498037994254439, -0.15], "world_orientation": [1.0, 8.100187187665134e-17, -1.2653630886983698e-17, -8.100187187665134e-17, 1.0, -1.9397816686250694e-16, 1.2653630886983698e-17, 1.9397816686250694e-16, 1.0], "world_rotation": [-0.9211093596285536, 0.06008602943210125, 0.38463907325148433, -2.1059189642881336e-16]}], "source": "action wait"}
{"timestamp": 1706068821.499204, "objects": [{"color": "cv_", "id_name": "hand", "shape": "CVCylinder", "id_string": "ob383", "world_size": [0.12, 0.005, 0.12], "id": 383, "camera_size": [51, 50], "camera_position": [246, 263], "world_position": [0.6827591987549506, 0.7220554841008251, -0.17408444184386318], "world_orientation": [-2.04631069755449e-05, 0.018252061915643762, 0.9998334170336021, -0.0007637030127455255, -0.9998331259555656, 0.01825204097164442, 0.9999997081694423, -0.0007632022993656452, 3.439884688828802e-05], "world_rotation": [0.0, 1.0, 0.0, 0.0]}, {"color": "CVRed", "id_name": "object157724756867610", "shape": "CVSphere", "id_string": "ob954", "world_size": [0.1, 0.1, 0.1], "id": 954, "camera_size": [41, 41], "camera_position": [256, 254], "world_position": [0.705, 0.6498037994254439, -0.15], "world_orientation": [1.0, 8.100187187665134e-17, -1.2653630886983698e-17, -8.100187187665134e-17, 1.0, -1.9397816686250694e-16, 1.2653630886983698e-17, 1.9397816686250694e-16, 1.0], "world_rotation": [-0.9211093596285536, 0.06008602943210125, 0.38463907325148433, -2.1059189642881336e-16]}], "source": "action wait"}
{"timestamp": 1706068821.52852, "objects": [{"color": "cv_", "id_name": "hand", "shape": "CVCylinder", "id_string": "ob383", "world_size": [0.12, 0.005, 0.12], "id": 383, "camera_size": [51, 51], "camera_position": [246, 260], "world_position": [0.6903735680706169, 0.7180038019715463, -0.1740893264500108], "world_orientation": [-1.7893774566656816e-05, 0.012366644747526209, 0.9999235299649175, -0.0007628335941298576, -0.9999232393584642, 0.012366627502408734, 0.999999708882318, -0.0007625539745738347, 2.7326093089493117e-05], "world_rotation": [0.0, 1.0, 0.0, 0.0]}, {"color": "CVRed", "id_name": "object157724756867610", "shape": "CVSphere", "id_string": "ob954", "world_size": [0.1, 0.1, 0.1], "id": 954, "camera_size": [41, 41], "camera_position": [256, 254], "world_position": [0.705, 0.6498037994254439, -0.15], "world_orientation": [1.0, 8.100187187665134e-17, -1.2653630886983698e-17, -8.100187187665134e-17, 1.0, -1.9397816686250694e-16, 1.2653630886983698e-17, 1.9397816686250694e-16, 1.0], "world_rotation": [-0.9211093596285536, 0.06008602943210125, 0.38463907325148433, -2.1059189642881336e-16]}], "source": "action wait"}
{"timestamp": 1706068821.559846, "objects": [{"color": "cv_", "id_name": "hand", "shape": "CVCylinder", "id_string": "ob383", "world_size": [0.12, 0.005, 0.12], "id": 383, "camera_size": [50, 50], "camera_position": [245, 257], "world_position": [0.6957170874028284, 0.715093199606081, -0.17409319803669954], "world_orientation": [-1.539977254215561e-05, 0.008218326570675378, 0.9999662288653677, -0.0007624233753614708, -0.9999659384455041, 0.008218312442286779, 0.9999997092366797, -0.0007622710673171043, 2.166509228616862e-05], "world_rotation": [0.0, 1.0, 0.0, 0.0]}, {"color": "CVRed", "id_name": "object157724756867610", "shape": "CVSphere", "id_string": "ob954", "world_size": [0.1, 0.1, 0.1], "id": 954, "camera_size": [41, 41], "camera_position": [256, 254], "world_position": [0.705, 0.6498037994254439, -0.15], "world_orientation": [1.0, 8.100187187665134e-17, -1.2653630886983698e-17, -8.100187187665134e-17, 1.0, -1.9397816686250694e-16, 1.2653630886983698e-17, 1.9397816686250694e-16, 1.0], "world_rotation": [-0.9211093596285536, 0.06008602943210125, 0.38463907325148433, -2.1059189642881336e-16]}], "source": "action wait"}
{"timestamp": 1706068821.592405, "objects": [{"color": "cv_", "id_name": "hand", "shape": "CVCylinder", "id_string": "ob383", "world_size": [0.12, 0.005, 0.12], "id": 383, "camera_size": [50, 50], "camera_position": [245, 256], "world_position": [0.6994706413218394, 0.7130183671646579, -0.17409621402474393], "world_orientation": [-1.3159419285197821e-05, 0.005294431957193437, 0.9999859843103205, -0.0007622894349561386, -0.9999856939114529, 0.005294420388248304, 0.9999997093707814, -0.0007622090794465826, 1.719512057080945e-05], "world_rotation": [0.0, 1.0, 0.0, 0.0]}, {"color": "CVRed", "id_name": "object157724756867610", "shape": "CVSphere", "id_string": "ob954", "world_size": [0.1, 0.1, 0.1], "id": 954, "camera_size": [41, 41], "camera_position": [256, 254], "world_position": [0.705, 0.6498037994254439, -0.15], "world_orientation": [1.0, 8.100187187665134e-17, -1.2653630886983698e-17, -8.100187187665134e-17, 1.0, -1.9397816686250694e-16, 1.2653630886983698e-17, 1.9397816686250694e-16, 1.0], "world_rotation": [-0.9211093596285536, 0.06008602943210125, 0.38463907325148433, -2.1059189642881336e-16]}], "source": "action wait"}
{"timestamp": 1706068821.62647, "objects": [{"color": "cv_", "id_name": "hand", "shape": "CVCylinder", "id_string": "ob383", "world_size": [0.12, 0.005, 0.12], "id": 383, "camera_size": [49, 50], "camera_position": [246, 255], "world_position": [0.7021094034101066, 0.7115468280358591, -0.17409853448098553], "world_orientation": [-1.1252579413623309e-05, 0.003233536248026849, 0.9999947720446904, -0.0007623067381651398, -0.9999944815814324, 0.0032335267308368416, 0.9999997093808659, -0.0007622663673436173, 1.3717463787517577e-05], "world_rotation": [0.0, 1.0, 0.0, 0.0]}, {"color": "CVRed", "id_name": "object157724756867610", "shape": "CVSphere", "id_string": "ob954", "world_size": [0.1, 0.1, 0.1], "id": 954, "camera_size": [41, 41], "camera_position": [256, 254], "world_position": [0.705, 0.6498037994254439, -0.15], "world_orientation": [1.0, 8.100187187665134e-17, -1.2653630886983698e-17, -8.100187187665134e-17, 1.0, -1.9397816686250694e-16, 1.2653630886983698e-17, 1.9397816686250694e-16, 1.0], "world_rotation": [-0.9211093596285536, 0.06008602943210125, 0.38463907325148433, -2.1059189642881336e-16]}], "source": "action wait"}
{"timestamp": 1706068821.661607, "objects": [{"color": "cv_", "id_name": "hand", "shape": "CVCylinder", "id_string": "ob383", "world_size": [0.12, 0.005, 0.12], "id": 383, "camera_size": [49, 50], "camera_position": [246, 254], "world_position": [0.7039656226540173, 0.7105066649736935, -0.17410030339890348], "world_orientation": [-9.682330768726633e-06, 0.001780890646425512, 0.9999984141661217, -0.0007623962552148503, -0.999998123602535, 0.0017808827471786565, 0.999999709329059, -0.0007623778030855928, 1.1040056960973135e-05], "world_rotation": [0.0, 1.0, 0.0, 0.0]}, {"color": "CVRed", "id_name": "object157724756867610", "shape": "CVSphere", "id_string": "ob954", "world_size": [0.1, 0.1, 0.1], "id": 954, "camera_size": [41, 41], "camera_position": [256, 254], "world_position": [0.705, 0.6498037994254439, -0.15], "world_orientation": [1.0, 8.100187187665134e-17, -1.2653630886983698e-17, -8.100187187665134e-17, 1.0, -1.9397816686250694e-16, 1.2653630886983698e-17, 1.9397816686250694e-16, 1.0], "world_rotation": [-0.9211093596285536, 0.06008602943210125, 0.38463907325148433, -2.1059189642881336e-16]}], "source": "action wait"}
{"timestamp": 1706068821.696298, "objects": [{"color": "cv_", "id_name": "hand", "shape": "CVCylinder", "id_string": "ob383", "world_size": [0.12, 0.005, 0.12], "id": 383, "camera_size": [49, 50], "camera_position": [246, 253], "world_position": [0.7052720089671067, 0.7097730337221548, -0.17410164237318956], "world_orientation": [-8.419155348237028e-06, 0.0007569501293535992, 0.9999997134777688, -0.0007625115349321872, -0.9999994228061897, 0.0007569434896250907, 0.9999997092525962, -0.0007625049436312312, 8.996333694118122e-06], "world_rotation": [0.0, 1.0, 0.0, 0.0]}, {"color": "CVRed", "id_name": "object157724756867610", "shape": "CVSphere", "id_string": "ob954", "world_size": [0.1, 0.1, 0.1], "id": 954, "camera_size": [41, 41], "camera_position": [256, 254], "world_position": [0.705, 0.6498037994254439, -0.15], "world_orientation": [1.0, 8.100187187665134e-17, -1.2653630886983698e-17, -8.100187187665134e-17, 1.0, -1.9397816686250694e-16, 1.2653630886983698e-17, 1.9397816686250694e-16, 1.0], "world_rotation": [-0.9211093596285536, 0.06008602943210125, 0.38463907325148433, -2.1059189642881336e-16]}], "source": "action wait"}
{"timestamp": 1706068821.728652, "objects": [{"color": "cv_", "id_name": "hand", "shape": "CVCylinder", "id_string": "ob383", "world_size": [0.12, 0.005, 0.12], "id": 383, "camera_size": [49, 50], "camera_position": [246, 253], "world_position": [0.7061917837761419, 0.7092563266701305, -0.17410265027989014], "world_orientation": [-7.4204952951328714e-06, 3.517518824997259e-05, 0.9999999993538212, -0.0007626273996235386, -0.9999997085812348, 3.5169518949324134e-05, 0.9999997091721506, -0.0007626271381558816, 7.4473186953722e-06], "world_rotation": [0.0, 1.0, 0.0, 0.0]}, {"color": "CVRed", "id_name": "object157724756867610", "shape": "CVSphere", "id_string": "ob954", "world_size": [0.1, 0.1, 0.1], "id": 954, "camera_size": [41, 41], "camera_position": [256, 254], "world_position": [0.705, 0.6498037994254439, -0.15], "world_orientation": [1.0, 8.100187187665134e-17, -1.2653630886983698e-17, -8.100187187665134e-17, 1.0, -1.9397816686250694e-16, 1.2653630886983698e-17, 1.9397816686250694e-16, 1.0], "world_rotation": [-0.9211093596285536, 0.06008602943210125, 0.38463907325148433, -2.1059189642881336e-16]}], "source": "action wait"}
{"timestamp": 1706068821.760994, "objects": [{"color": "cv_", "id_name": "hand", "shape": "CVCylinder", "id_string": "ob383", "world_size": [0.12, 0.005, 0.12], "id": 383, "camera_size": [49, 50], "camera_position": [246, 253], "world_position": [0.7068395580007037, 0.7088927173546212, -0.1741034055736858], "world_orientation": [-6.6412999359240305e-06, -0.0004736173822278479, 0.999999887821228, -0.0007627317364141985, -0.9999995969610218, -0.00047362231000182487, 0.9999997090980534, -0.000762734796320096, 6.280054251242978e-06], "world_rotation": [0.0, 1.0, 0.0, 0.0]}, {"color": "CVRed", "id_name": "object157724756867610", "shape": "CVSphere", "id_string": "ob954", "world_size": [0.1, 0.1, 0.1], "id": 954, "camera_size": [41, 41], "camera_position": [256, 254], "world_position": [0.705, 0.6498037994254439, -0.15], "world_orientation": [1.0, 8.100187187665134e-17, -1.2653630886983698e-17, -8.100187187665134e-17, 1.0, -1.9397816686250694e-16, 1.2653630886983698e-17, 1.9397816686250694e-16, 1.0], "world_rotation": [-0.9211093596285536, 0.06008602943210125, 0.38463907325148433, -2.1059189642881336e-16]}], "source": "action wait"}
{"timestamp": 1706068821.790286, "objects": [{"color": "cv_", "id_name": "hand", "shape": "CVCylinder", "id_string": "ob383", "world_size": [0.12, 0.005, 0.12], "id": 383, "camera_size": [49, 49], "camera_position": [246, 253], "world_position": [0.7072958797455452, 0.7086369714086714, -0.17410396946430967], "world_orientation": [-6.0395060079854625e-06, -0.0008322841153699202, 0.999999653633278, -0.0007628199916476787, -0.99999936270057, -0.0008322884802883186, 0.99999970903455, -0.0007628247540438849, 5.404619197440868e-06], "world_rotation": [0.0, 1.0, 0.0, 0.0]}, {"color": "CVRed", "id_name": "object157724756867610", "shape": "CVSphere", "id_string": "ob954", "world_size": [0.1, 0.1, 0.1], "id": 954, "camera_size": [41, 41], "camera_position": [256, 254], "world_position": [0.705, 0.6498037994254439, -0.15], "world_orientation": [1.0, 8.100187187665134e-17, -1.2653630886983698e-17, -8.100187187665134e-17, 1.0, -1.9397816686250694e-16, 1.2653630886983698e-17, 1.9397816686250694e-16, 1.0], "world_rotation": [-0.9211093596285536, 0.06008602943210125, 0.38463907325148433, -2.1059189642881336e-16]}], "source": "action wait"}
{"timestamp": 1706068821.821393, "objects": [{"color": "cv_", "id_name": "hand", "shape": "CVCylinder", "id_string": "ob383", "world_size": [0.12, 0.005, 0.12], "id": 383, "camera_size": [49, 50], "camera_position": [246, 252], "world_position": [0.707617396440594, 0.708457136811336, -0.17410438913146392], "world_orientation": [-5.578542537059414e-06, -0.001085127796992774, 0.9999994112330987, -0.0007628916828920896, -0.9999991202423099, -0.001085131737056242, 0.9999997089825378, -0.0007628972871806577, 4.750702658456885e-06], "world_rotation": [0.0, 1.0, 0.0, 0.0]}, {"color": "CVRed", "id_name": "object157724756867610", "shape": "CVSphere", "id_string": "ob954", "world_size": [0.1, 0.1, 0.1], "id": 954, "camera_size": [41, 41], "camera_position": [256, 254], "world_position": [0.705, 0.6498037994254439, -0.15], "world_orientation": [1.0, 8.100187187665134e-17, -1.2653630886983698e-17, -8.100187187665134e-17, 1.0, -1.9397816686250694e-16, 1.2653630886983698e-17, 1.9397816686250694e-16, 1.0], "world_rotation": [-0.9211093596285536, 0.06008602943210125, 0.38463907325148433, -2.1059189642881336e-16]}], "source": "action wait"}
{"timestamp": 1706068822.912294, "objects": [{"color": "cv_", "id_name": "hand", "shape": "CVCylinder", "id_string": "ob383", "world_size": [0.12, 0.005, 0.12], "id": 383, "camera_size": [49, 50], "camera_position": [246, 252], "world_position": [0.7083852366627316, 0.7080308922486902, -0.17410557298336812], "world_orientation": [-4.18615149054701e-06, -0.001689372620403808, 0.9999985730002946, -0.0007631195461578769, -0.9999982818283122, -0.0016893753230433608, 0.9999997088154748, -0.0007631255291679008, 2.8969510310095968e-06], "world_rotation": [0.0, 1.0, 0.0, 0.0]}, {"color": "CVRed", "id_name": "object157724756867610", "shape": "CVSphere", "id_string": "ob954", "world_size": [0.1, 0.1, 0.1], "id": 954, "camera_size": [41, 41], "camera_position": [256, 254], "world_position": [0.705, 0.6498037994254439, -0.15], "world_orientation": [1.0, 8.100187187665134e-17, -1.2653630886983698e-17, -8.100187187665134e-17, 1.0, -1.9397816686250694e-16, 1.2653630886983698e-17, 1.9397816686250694e-16, 1.0], "world_rotation": [-0.9211093596285536, 0.06008602943210125, 0.38463907325148433, -2.1059189642881336e-16]}], "source": "action wait"}
{"timestamp": 1706068822.944231, "objects": [{"color": "cv_", "id_name": "hand", "shape": "CVCylinder", "id_string": "ob383", "world_size": [0.12, 0.005, 0.12], "id": 383, "camera_size": [51, 50], "camera_position": [246, 251], "world_position": [0.7110159221296557, 0.7301056790415653, -0.17409372659326247], "world_orientation": [1.652352675529923e-05, 0.030592357531368193, 0.9995319441556864, -0.0007432706067860146, -0.9995316678200707, 0.03059236136085478, 0.999999723637851, -0.000743428208336421, 6.2226118896863124e-06], "world_rotation": [0.0, 1.0, 0.0, 0.0]}, {"color": "CVRed", "id_name": "object157724756867610", "shape": "CVSphere", "id_string": "ob954", "world_size": [0.1, 0.1, 0.1], "id": 954, "camera_size": [42, 44], "camera_position": [252, 251], "world_position": [0.7104370970984623, 0.674808353045921, -0.1586624155336607], "world_orientation": [0.9994891624016093, -0.03195957174287663, -3.967584582629735e-06, 0.03195957185231211, 0.9994891619082756, 3.154218830800604e-05, 2.9574829591357385e-06, -3.165287767683146e-05, 0.9999999994946743], "world_rotation": [0.0009886714867221708, 0.00010834100282150888, -0.9999995053953368, -0.03196503077551524]}], "source": "action wait"}
{"timestamp": 1706068822.979174, "objects": [{"color": "cv_", "id_name": "hand", "shape": "CVCylinder", "id_string": "ob383", "world_size": [0.12, 0.005, 0.12], "id": 383, "camera_size": [52, 52], "camera_position": [245, 249], "world_position": [0.7147314820328282, 0.7829079276806717, -0.1741082252355638], "world_orientation": [7.616109009487815e-05, 0.10658132327173903, 0.9943039855743985, -0.0007258120456767529, -0.9943037206652036, 0.10658135047093042, 0.9999997336981459, -0.0007297951616302622, 1.6307530239575725e-06], "world_rotation": [0.0, 1.0, 0.0, 0.0]}, {"color": "CVRed", "id_name": "object157724756867610", "shape": "CVSphere", "id_string": "ob954", "world_size": [0.1, 0.1, 0.1], "id": 954, "camera_size": [44, 48], "camera_position": [249, 247], "world_position": [0.7187315598544832, 0.7295616222497024, -0.1642309706151477], "world_orientation": [0.9941794486279517, -0.10773682708955035, -3.8077111650633434e-06, 0.10773682713998689, 0.9941794472264437, 5.282358901331008e-05, -1.9054976944957935e-06, -5.2926357319391565e-05, 0.9999999985975849], "world_rotation": [0.0004907789491528824, 8.828054864562213e-06, -0.9999998795290371, -0.10794635729871416]}], "source": "action wait"}
{"timestamp": 1706068823.013399, "objects": [{"color": "cv_", "id_name": "hand", "shape": "CVCylinder", "id_string": "ob383", "world_size": [0.12, 0.005, 0.12], "id": 383, "camera_size": [56, 55], "camera_position": [244, 250], "world_position": [0.713431427822753, 0.8529644172577973, -0.17411343429095008], "world_orientation": [0.0001509976220048915, 0.20574163645211072, 0.9786063336345855, -0.0007192757097511705, -0.9786060693007307, 0.20574169186197291, 0.9999997299210495, -0.0007349542714106961, 2.1777224091067034e-07], "world_rotation": [0.0, 1.0, 0.0, 0.0]}, {"color": "CVRed", "id_name": "object157724756867610", "shape": "CVSphere", "id_string": "ob954", "world_size": [0.1, 0.1, 0.1], "id": 954, "camera_size": [46, 54], "camera_position": [247, 245], "world_position": [0.7229314753731351, 0.8013542249550393, -0.1677911997898327], "world_orientation": [0.978393790067312, -0.20675007013621685, -7.50933122510768e-06, 0.20675007024375516, 0.978393788678913, 5.223719699529206e-05, -3.45296111471805e-06, -5.266110390899124e-05, 0.9999999986074426], "world_rotation": [0.00025368382566316115, 9.80983942579114e-06, -0.9999999677741414, -0.20825209469587516]}], "source": "action wait"}
{"timestamp": 1706068823.046502, "objects": [{"color": "cv_", "id_name": "hand", "shape": "CVCylinder", "id_string": "ob383", "world_size": [0.12, 0.005, 0.12], "id": 383, "camera_size": [59, 57], "camera_position": [244, 254], "world_position": [0.7046636245583009, 0.9225472191777399, -0.17411468660632767], "world_orientation": [0.00022604884868725758, 0.30286047568507385, 0.953034879303863, -0.000708907546804612, -0.9530346156464388, 0.30286056004328965, 0.9999997231759659, -0.0007440748992173311, -7.323007835482256e-07], "world_rotation": [0.0, 1.0, 0.0, 0.0]}, {"color": "CVRed", "id_name": "object157724756867610", "shape": "CVSphere", "id_string": "ob954", "world_size": [0.1, 0.1, 0.1], "id": 954, "camera_size": [49, 62], "camera_position": [246, 246], "world_position": [0.7194017382121525, 0.8728347125333621, -0.17006777781466986], "world_orientation": [0.9527478653478257, -0.3037622507427333, -9.943353168848837e-06, 0.30376225087295866, 0.9527478642564268, 4.581933168048284e-05, -4.444674823623183e-06, -4.667468579003831e-05, 0.9999999989008593], "world_rotation": [0.00015224738450675816, 9.05095723160005e-06, -0.999999988369407, -0.30863902730945764]}], "source": "action wait"}
{"timestamp": 1706068823.078245, "objects": [{"color": "cv_", "id_name": "hand", "shape": "CVCylinder", "id_string": "ob383", "world_size": [0.12, 0.005, 0.12], "id": 383, "camera_size": [62, 59], "camera_position": [243, 262], "world_position": [0.688694314175835, 0.9908216499804527, -0.17411508180376872], "world_orientation": [0.00029984743967158295, 0.3969187359338325, 0.9178537068379695, -0.0006878465615577709, -0.9178534491018354, 0.396918849185791, 0.9999997184792707, -0.0007503576169474919, -2.1968189764951933e-06], "world_rotation": [0.0, 1.0, 0.0, 0.0]}, {"color": "CVRed", "id_name": "object157724756867610", "shape": "CVSphere", "id_string": "ob954", "world_size": [0.1, 0.1, 0.1], "id": 954, "camera_size": [52, 68], "camera_position": [244, 251], "world_position": [0.7084137269332139, 0.9432760709564787, -0.1715242877668888], "world_orientation": [0.917499162601785, -0.39773771067645897, -1.143997816291112e-05, 0.3977377107970573, 0.9174991616934849, 4.125129133043055e-05, -5.911023801950384e-06, -4.2398135977996884e-05, 0.9999999990837289], "world_rotation": [0.0001051565197186908, 6.950503033791057e-06, -0.9999999944468985, -0.40904981415141056]}], "source": "action wait"}
{"timestamp": 1706068823.108635, "objects": [{"color": "cv_", "id_name": "hand", "shape": "CVCylinder", "id_string": "ob383", "world_size": [0.12, 0.005, 0.12], "id": 383, "camera_size": [66, 59], "camera_position": [242, 275], "world_position": [0.6657879381864885, 1.0571007603635023, -0.1741153033312443], "world_orientation": [0.0003711826372559801, 0.48697090812979366, 0.8734181111350359, -0.0006573764862136136, -0.8734178637579205, 0.4869710495755431, 0.999999715039762, -0.0007549197273421849, -4.074321621037022e-06], "world_rotation": [0.0, 1.0, 0.0, 0.0]}, {"color": "CVRed", "id_name": "object157724756867610", "shape": "CVSphere", "id_string": "ob954", "world_size": [0.1, 0.1, 0.1], "id": 954, "camera_size": [55, 75], "camera_position": [244, 261], "world_position": [0.690220634714227, 1.0120529621937242, -0.17245637538284286], "world_orientation": [0.8730000742335469, -0.4877200736458346, -1.2293228398844445e-05, 0.4877200737388152, 0.873000073443613, 3.794273477101799e-05, -7.773444101794947e-06, -3.9119664532894996e-05, 0.9999999992046127], "world_rotation": [7.900269357296376e-05, 4.633584433667687e-06, -0.9999999968685521, -0.5094762445115801]}], "source": "action wait"}
{"timestamp": 1706068823.138198, "objects": [{"color": "cv_", "id_name": "hand", "shape": "CVCylinder", "id_string": "ob383", "world_size": [0.12, 0.005, 0.12], "id": 383, "camera_size": [71, 61], "camera_position": [242, 290], "world_position": [0.6419208077721013, 1.1084489865828282, -0.1741145001403001], "world_orientation": [0.0004330542308315424, 0.5559725055622042, 0.8312005687696068, -0.0006365125367095032, -0.831200325079081, 0.555972674184821, 0.9999997036578679, -0.000769835901324479, -6.071347587395264e-06], "world_rotation": [0.0, 1.0, 0.0, 0.0]}, {"color": "CVRed", "id_name": "object157724756867610", "shape": "CVSphere", "id_string": "ob954", "world_size": [0.1, 0.1, 0.1], "id": 954, "camera_size": [58, 80], "camera_position": [242, 273], "world_position": [0.6698967608211923, 1.0658185576944135, -0.17305252069449711], "world_orientation": [0.8307356629424203, -0.5566670982566643, -5.841477832473035e-06, 0.5566670982021558, 0.8307356625860465, 2.6209049271481513e-05, -9.736991448380364e-06, -2.5024550435849742e-05, 0.9999999996394815], "world_rotation": [-4.601816760477517e-05, 3.4989616093255993e-06, 0.9999999989350429, 0.5903683941310508]}], "source": "action wait"}
{"timestamp": 1706068823.170756, "objects": [{"color": "cv_", "id_name": "hand", "shape": "CVCylinder", "id_string": "ob383", "world_size": [0.12, 0.005, 0.12], "id": 383, "camera_size": [73, 61], "camera_position": [241, 303], "world_position": [0.6222055880823928, 1.1431642549334184, -0.1741153012586926], "world_orientation": [0.00047638260507867886, 0.6024945927953382, 0.7981228218212989, -0.0006150070103400211, -0.7981225849278691, 0.6024947810516154, 0.9999996974129496, -0.000777869163876197, -9.673317918456711e-06], "world_rotation": [0.0, 1.0, 0.0, 0.0]}, {"color": "CVRed", "id_name": "object157724756867610", "shape": "CVSphere", "id_string": "ob954", "world_size": [0.1, 0.1, 0.1], "id": 954, "camera_size": [60, 84], "camera_position": [241, 284], "world_position": [0.6525127584070972, 1.1024850947685516, -0.1734352615189891], "world_orientation": [0.7976275867415337, -0.6031502572899017, 5.32091663223208e-08, 0.603150257143022, 0.7976275865492352, 2.199883893634198e-05, -1.3311046463449745e-05, -1.751478768956046e-05, 0.9999999997580242], "world_rotation": [-3.2756038921905354e-05, 1.1078711699020326e-05, 0.9999999994021519, 0.647444773162581]}], "source": "action wait"}
{"timestamp": 1706068823.206735, "objects": [{"color": "cv_", "id_name": "hand", "shape": "CVCylinder", "id_string": "ob383", "world_size": [0.12, 0.005, 0.12], "id": 383, "camera_size": [75, 62], "camera_position": [241, 312], "world_position": [0.6069730216050133, 1.1668031304261821, -0.1741168479821396], "world_orientation": [0.0005053394057696075, 0.6341357575655054, 0.7732215630780788, -0.0005950836934475836, -0.7732213342007613, 0.6341359587755552, 0.999999695253695, -0.0007805854321946495, -1.33753607936246e-05], "world_rotation": [0.0, 1.0, 0.0, 0.0]}, {"color": "CVRed", "id_name": "object157724756867610", "shape": "CVSphere", "id_string": "ob954", "world_size": [0.1, 0.1, 0.1], "id": 954, "camera_size": [62, 87], "camera_position": [241, 294], "world_position": [0.638834358067633, 1.1276063385127397, -0.17368111160436678], "world_orientation": [0.7727060952395064, -0.6347639642948275, 3.5256263654572966e-06, 0.6347639640771444, 0.7727060950993766, 2.24798380997956e-05, -1.6993664130564072e-05, -1.5132367352116774e-05, 0.9999999997411134], "world_rotation": [-2.962692240943906e-05, 1.616292956284104e-05, 0.9999999994305027, 0.687703015678643]}], "source": "action wait"}
