{"timestamp": 1706069115.466341, "objects": [{"color": "cv_", "id_name": "hand", "shape": "CVCylinder", "id_string": "ob383", "world_size": [0.12, 0.005, 0.12], "id": 383, "camera_size": [48, 50], "camera_position": [246, 426], "world_position": [0.26764451554000906, 0.6334703013849472, -0.17389260400847825], "world_orientation": [-0.000641550937630323, 0.19791547486687283, 0.980218880261248, -0.0007473674819969402, -0.9802189031248749, 0.1979149903330075, 0.9999995149270031, -0.0006056111687277599, 0.000776775946482643], "world_rotation": [0.0, 1.0, 0.0, 0.0]}, {"color": "CVBlue", "id_name": "object153639122082477", "shape": "CVCylinder", "id_string": "ob1073", "world_size": [0.1, 0.1, 0.1], "id": 1073, "camera_size": [41, 41], "camera_position": [256, 254], "world_position": [0.705, 0.6498037932383656, -0.15], "world_orientation": [1.0, 2.1316282072802963e-17, -9.624447840080312e-18, -2.1316282072802963e-17, 1.0, -1.5774048733874193e-16, 9.624447840080312e-18, 1.5774048733874193e-16, 1.0], "world_rotation": [-0.9891858493133231, 0.06035462278252622, 0.13367376342071935, -1.5946496550495827e-16]}], "source": "manual check"}
{"timestamp": 1706069116.480822, "objects": [{"color": "cv_", "id_name": "hand", "shape": "CVCylinder", "id_string": "ob383", "world_size": [0.12, 0.005, 0.12], "id": 383, "camera_size": [48, 50], "camera_position": [246, 426], "world_position": [0.26764451554000906, 0.6334703013849472, -0.17389260400847825], "world_orientation": [-0.000641550937630323, 0.19791547486687283, 0.980218880261248, -0.0007473674819969402, -0.9802189031248749, 0.1979149903330075, 0.9999995149270031, -0.0006056111687277599, 0.000776775946482643], "world_rotation": [0.0, 1.0, 0.0, 0.0]}, {"color": "CVBlue", "id_name": "object153639122082477", "shape": "CVCylinder", "id_string": "ob1073", "world_size": [0.1, 0.1, 0.1], "id": 1073, "camera_size": [41, 41], "camera_position": [256, 254], "world_position": [0.705, 0.6498037994254439, -0.15], "world_orientation": [1.0, 8.100187187665134e-17, -1.2653630886983698e-17, -8.100187187665134e-17, 1.0, -1.9397816686250694e-16, 1.2653630886983698e-17, 1.9397816686250694e-16, 1.0], "world_rotation": [-0.9211093596285536, 0.06008602943210125, 0.38463907325148433, -2.1059189642881336e-16]}], "source": "manual check"}
{"timestamp": 1706069117.670192, "objects": [{"color": "cv_", "id_name": "hand", "shape": "CVCylinder", "id_string": "ob383", "world_size": [0.12, 0.005, 0.12], "id": 383, "camera_size": [48, 50], "camera_position": [246, 426], "world_position": [0.26764451554000906, 0.6334703013849472, -0.17389260400847825], "world_orientation": [-0.000641550937630323, 0.19791547486687283, 0.980218880261248, -0.0007473674819969402, -0.9802189031248749, 0.1979149903330075, 0.9999995149270031, -0.0006056111687277599, 0.000776775946482643], "world_rotation": [0.0, 1.0, 0.0, 0.0]}, {"color": "CVBlue", "id_name": "object153639122082477", "shape": "CVCylinder", "id_string": "ob1073", "world_size": [0.1, 0.1, 0.1], "id": 1073, "camera_size": [41, 41], "camera_position": [256, 254], "world_position": [0.705, 0.6498037994254439, -0.15], "world_orientation": [1.0, 8.100187187665134e-17, -1.2653630886983698e-17, -8.100187187665134e-17, 1.0, -1.9397816686250694e-16, 1.2653630886983698e-17, 1.9397816686250694e-16, 1.0], "world_rotation": [-0.9211093596285536, 0.06008602943210125, 0.38463907325148433, -2.1059189642881336e-16]}], "source": "action wait"}
{"timestamp": 1706069117.702195, "objects": [{"color": "cv_", "id_name": "hand", "shape": "CVCylinder", "id_string": "ob383", "world_size": [0.12, 0.005, 0.12], "id": 383, "camera_size": [49, 51], "camera_position": [246, 421], "world_position": [0.2909505881915508, 0.6676139241817989, -0.17395615450730234], "world_orientation": [-0.00038403516054455353, 0.19672310215488567, 0.9804590116856258, -0.0007155749688844307, -0.9804588870259425, 0.19672279685972924, 0.9999996702346753, -0.0006260434559048895, 0.0005173008137901019], "world_rotation": [0.0, 1.0, 0.0, 0.0]}, {"color": "CVBlue", "id_name": "object153639122082477", "shape": "CVCylinder", "id_string": "ob1073", "world_size": [0.1, 0.1, 0.1], "id": 1073, "camera_size": [41, 41], "camera_position": [256, 254], "world_position": [0.705, 0.6498037994254439, -0.15], "world_orientation": [1.0, 8.100187187665134e-17, -1.2653630886983698e-17, -8.100187187665134e-17, 1.0, -1.9397816686250694e-16, 1.2653630886983698e-17, 1.9397816686250694e-16, 1.0], "world_rotation": [-0.9211093596285536, 0.06008602943210125, 0.38463907325148433, -2.1059189642881336e-16]}], "source": "action wait"}
{"timestamp": 1706069117.738155, "objects": [{"color": "cv_", "id_name": "hand", "shape": "CVCylinder", "id_string": "ob383", "world_size": [0.12, 0.005, 0.12], "id": 383, "camera_size": [51, 52], "camera_position": [246, 406], "world_position": [0.33688477059093136, 0.7054724184024788, -0.17398397209261676], "world_orientation": [-0.00022538255072682145, 0.18400518370489402, 0.982925247194533, -0.0007320593786606415, -0.982925039138901, 0.18400497689697537, 0.999999706645843, -0.0006780881346919058, 0.00035623687294815333], "world_rotation": [0.0, 1.0, 0.0, 0.0]}, {"color": "CVBlue", "id_name": "object153639122082477", "shape": "CVCylinder", "id_string": "ob1073", "world_size": [0.1, 0.1, 0.1], "id": 1073, "camera_size": [41, 41], "camera_position": [256, 254], "world_position": [0.705, 0.6498037994254439, -0.15], "world_orientation": [1.0, 8.100187187665134e-17, -1.2653630886983698e-17, -8.100187187665134e-17, 1.0, -1.9397816686250694e-16, 1.2653630886983698e-17, 1.9397816686250694e-16, 1.0], "world_rotation": [-0.9211093596285536, 0.06008602943210125, 0.38463907325148433, -2.1059189642881336e-16]}], "source": "action wait"}
{"timestamp": 1706069117.769252, "objects": [{"color": "cv_", "id_name": "hand", "shape": "CVCylinder", "id_string": "ob383", "world_size": [0.12, 0.005, 0.12], "id": 383, "camera_size": [51, 52], "camera_position": [246, 388], "world_position": [0.38737309314115487, 0.7385703224650529, -0.17400446702382497], "world_orientation": [-0.00012253795640105954, 0.1749478054882487, 0.984577701524514, -0.0007433362904211349, -0.9845774528382802, 0.1749476687859648, 0.9999997162177641, -0.0007104346064727354, 0.0002506931617387389], "world_rotation": [0.0, 1.0, 0.0, 0.0]}, {"color": "CVBlue", "id_name": "object153639122082477", "shape": "CVCylinder", "id_string": "ob1073", "world_size": [0.1, 0.1, 0.1], "id": 1073, "camera_size": [41, 41], "camera_position": [256, 254], "world_position": [0.705, 0.6498037994254439, -0.15], "world_orientation": [1.0, 8.100187187665134e-17, -1.2653630886983698e-17, -8.100187187665134e-17, 1.0, -1.9397816686250694e-16, 1.2653630886983698e-17, 1.9397816686250694e-16, 1.0], "world_rotation": [-0.9211093596285536, 0.06008602943210125, 0.38463907325148433, -2.1059189642881336e-16]}], "source": "action wait"}
{"timestamp": 1706069117.80284, "objects": [{"color": "cv_", "id_name": "hand", "shape": "CVCylinder", "id_string": "ob383", "world_size": [0.12, 0.005, 0.12], "id": 383, "camera_size": [52, 53], "camera_position": [245, 368], "world_position": [0.4414358976232188, 0.7664658346195901, -0.17402294524919465], "world_orientation": [-5.015210016095756e-05, 0.1685481885680005, 0.9856934136004016, -0.000750731303995705, -0.9856931434187846, 0.16854810417119695, 0.9999997169435979, -0.0007315378603301687, 0.00017596898264689737], "world_rotation": [0.0, 1.0, 0.0, 0.0]}, {"color": "CVBlue", "id_name": "object153639122082477", "shape": "CVCylinder", "id_string": "ob1073", "world_size": [0.1, 0.1, 0.1], "id": 1073, "camera_size": [41, 41], "camera_position": [256, 254], "world_position": [0.705, 0.6498037994254439, -0.15], "world_orientation": [1.0, 8.100187187665134e-17, -1.2653630886983698e-17, -8.100187187665134e-17, 1.0, -1.9397816686250694e-16, 1.2653630886983698e-17, 1.9397816686250694e-16, 1.0], "world_rotation": [-0.9211093596285536, 0.06008602943210125, 0.38463907325148433, -2.1059189642881336e-16]}], "source": "action wait"}
{"timestamp": 1706069117.831608, "objects": [{"color": "cv_", "id_name": "hand", "shape": "CVCylinder", "id_string": "ob383", "world_size": [0.12, 0.005, 0.12], "id": 383, "camera_size": [52, 53], "camera_position": [245, 344], "world_position": [0.49862986602114123, 0.7805701623524195, -0.17403811979409595], "world_orientation": [-7.2055186697306215e-06, 0.15218315973218402, 0.9883523085631, -0.0007644462916123493, -0.988352020641237, 0.1521831098257993, 0.9999997077849313, -0.0007544456988488244, 0.00012345744104052958], "world_rotation": [0.0, 1.0, 0.0, 0.0]}, {"color": "CVBlue", "id_name": "object153639122082477", "shape": "CVCylinder", "id_string": "ob1073", "world_size": [0.1, 0.1, 0.1], "id": 1073, "camera_size": [41, 41], "camera_position": [256, 254], "world_position": [0.705, 0.6498037994254439, -0.15], "world_orientation": [1.0, 8.100187187665134e-17, -1.2653630886983698e-17, -8.100187187665134e-17, 1.0, -1.9397816686250694e-16, 1.2653630886983698e-17, 1.9397816686250694e-16, 1.0], "world_rotation": [-0.9211093596285536, 0.06008602943210125, 0.38463907325148433, -2.1059189642881336e-16]}], "source": "action wait"}
{"timestamp": 1706069117.876034, "objects": [{"color": "cv_", "id_name": "hand", "shape": "CVCylinder", "id_string": "ob383", "world_size": [0.12, 0.005, 0.12], "id": 383, "camera_size": [52, 53], "camera_position": [245, 318], "world_position": [0.5572557854008132, 0.7715291780373679, -0.1740499543545273], "world_orientation": [-1.2027396303716147e-06, 0.11267830261838824, 0.9936315212983093, -0.0007770217260380141, -0.9936312214454305, 0.11267826767438016, 0.9999996981178498, -0.000771937757107302, 8.874856883598373e-05], "world_rotation": [0.0, 1.0, 0.0, 0.0]}, {"color": "CVBlue", "id_name": "object153639122082477", "shape": "CVCylinder", "id_string": "ob1073", "world_size": [0.1, 0.1, 0.1], "id": 1073, "camera_size": [41, 41], "camera_position": [256, 254], "world_position": [0.705, 0.6498037994254439, -0.15], "world_orientation": [1.0, 8.100187187665134e-17, -1.2653630886983698e-17, -8.100187187665134e-17, 1.0, -1.9397816686250694e-16, 1.2653630886983698e-17, 1.9397816686250694e-16, 1.0], "world_rotation": [-0.9211093596285536, 0.06008602943210125, 0.38463907325148433, -2.1059189642881336e-16]}], "source": "action wait"}
{"timestamp": 1706069117.908383, "objects": [{"color": "cv_", "id_name": "hand", "shape": "CVCylinder", "id_string": "ob383", "world_size": [0.12, 0.005, 0.12], "id": 383, "camera_size": [52, 52], "camera_position": [245, 297], "world_position": [0.6025220365722236, 0.7575467629593415, -0.17405556642817333], "world_orientation": [-1.5924012131827036e-05, 0.07901217590982502, 0.9968736508727777, -0.0007751642510037428, -0.9968733524738996, 0.07901213987630253, 0.9999996994333599, -0.0007714826266505413, 7.712163751839685e-05], "world_rotation": [0.0, 1.0, 0.0, 0.0]}, {"color": "CVBlue", "id_name": "object153639122082477", "shape": "CVCylinder", "id_string": "ob1073", "world_size": [0.1, 0.1, 0.1], "id": 1073, "camera_size": [41, 41], "camera_position": [256, 254], "world_position": [0.705, 0.6498037994254439, -0.15], "world_orientation": [1.0, 8.100187187665134e-17, -1.2653630886983698e-17, -8.100187187665134e-17, 1.0, -1.9397816686250694e-16, 1.2653630886983698e-17, 1.9397816686250694e-16, 1.0], "world_rotation": [-0.9211093596285536, 0.06008602943210125, 0.38463907325148433, -2.1059189642881336e-16]}], "source": "action wait"}
{"timestamp": 1706069117.941054, "objects": [{"color": "cv_", "id_name": "hand", "shape": "CVCylinder", "id_string": "ob383", "world_size": [0.12, 0.005, 0.12], "id": 383, "camera_size": [51, 51], "camera_position": [246, 284], "world_position": [0.634272760928996, 0.7452290533297381, -0.17406324502297296], "world_orientation": [-2.2474825489371905e-05, 0.05522091123087242, 0.9984741611367388, -0.0007712720798207286, -0.9984738653695989, 0.05522087751268784, 0.9999997023170863, -0.0007688541633220685, 6.503087293489495e-05], "world_rotation": [0.0, 1.0, 0.0, 0.0]}, {"color": "CVBlue", "id_name": "object153639122082477", "shape": "CVCylinder", "id_string": "ob1073", "world_size": [0.1, 0.1, 0.1], "id": 1073, "camera_size": [41, 41], "camera_position": [256, 254], "world_position": [0.705, 0.6498037994254439, -0.15], "world_orientation": [1.0, 8.100187187665134e-17, -1.2653630886983698e-17, -8.100187187665134e-17, 1.0, -1.9397816686250694e-16, 1.2653630886983698e-17, 1.9397816686250694e-16, 1.0], "world_rotation": [-0.9211093596285536, 0.06008602943210125, 0.38463907325148433, -2.1059189642881336e-16]}], "source": "action wait"}
{"timestamp": 1706069117.967767, "objects": [{"color": "cv_", "id_name": "hand", "shape": "CVCylinder", "id_string": "ob383", "world_size": [0.12, 0.005, 0.12], "id": 383, "camera_size": [51, 50], "camera_position": [246, 274], "world_position": [0.6564802754538411, 0.7353557355415428, -0.17407111787650464], "world_orientation": [-2.4019335699789542e-05, 0.03843200051312411, 0.9992612174800095, -0.000767777508243018, -0.9992609239535596, 0.0384319707688355, 0.9999997049703413, -0.0007662871772335327, 5.3508809175261264e-05], "world_rotation": [0.0, 1.0, 0.0, 0.0]}, {"color": "CVBlue", "id_name": "object153639122082477", "shape": "CVCylinder", "id_string": "ob1073", "world_size": [0.1, 0.1, 0.1], "id": 1073, "camera_size": [41, 41], "camera_position": [256, 254], "world_position": [0.705, 0.6498037994254439, -0.15], "world_orientation": [1.0, 8.100187187665134e-17, -1.2653630886983698e-17, -8.100187187665134e-17, 1.0, -1.9397816686250694e-16, 1.2653630886983698e-17, 1.9397816686250694e-16, 1.0], "world_rotation": [-0.9211093596285536, 0.06008602943210125, 0.38463907325148433, -2.1059189642881336e-16]}], "source": "action wait"}
{"timestamp": 1706069117.999455, "objects": [{"color": "cv_", "id_name": "hand", "shape": "CVCylinder", "id_string": "ob383", "world_size": [0.12, 0.005, 0.12], "id": 383, "camera_size": [51, 51], "camera_position": [246, 268], "world_position": [0.6720131493920478, 0.7278278912802176, -0.1740782218423015], "world_orientation": [-2.298490765209601e-05, 0.026592254602052348, 0.9996463632039451, -0.0007652766204776976, -0.9996460712151148, 0.026592229238629517, 0.9999997069116513, -0.0007643947705725757, 4.332720336477491e-05], "world_rotation": [0.0, 1.0, 0.0, 0.0]}, {"color": "CVBlue", "id_name": "object153639122082477", "shape": "CVCylinder", "id_string": "ob1073", "world_size": [0.1, 0.1, 0.1], "id": 1073, "camera_size": [41, 41], "camera_position": [256, 254], "world_position": [0.705, 0.6498037994254439, -0.15], "world_orientation": [1.0, 8.100187187665134e-17, -1.2653630886983698e-17, -8.100187187665134e-17, 1.0, -1.9397816686250694e-16, 1.2653630886983698e-17, 1.9397816686250694e-16, 1.0], "world_rotation": [-0.9211093596285536, 0.06008602943210125, 0.38463907325148433, -2.1059189642881336e-16]}], "source": "action wait"}
{"timestamp": 1706069118.032688, "objects": [{"color": "cv_", "id_name": "hand", "shape": "CVCylinder", "id_string": "ob383", "world_size": [0.12, 0.005, 0.12], "id": 383, "camera_size": [51, 50], "camera_position": [246, 263], "world_position": [0.6828881021483757, 0.7222546776089767, -0.17408422641810045], "world_orientation": [-2.078609497195874e-05, 0.018245372953177637, 0.9998335391122554, -0.0007637091667082815, -0.999833248040543, 0.018245351764407676, 0.9999997081580809, -0.0007632027893881955, 3.471678742461666e-05], "world_rotation": [0.0, 1.0, 0.0, 0.0]}, {"color": "CVBlue", "id_name": "object153639122082477", "shape": "CVCylinder", "id_string": "ob1073", "world_size": [0.1, 0.1, 0.1], "id": 1073, "camera_size": [41, 41], "camera_position": [256, 254], "world_position": [0.705, 0.6498037994254439, -0.15], "world_orientation": [1.0, 8.100187187665134e-17, -1.2653630886983698e-17, -8.100187187665134e-17, 1.0, -1.9397816686250694e-16, 1.2653630886983698e-17, 1.9397816686250694e-16, 1.0], "world_rotation": [-0.9211093596285536, 0.06008602943210125, 0.38463907325148433, -2.1059189642881336e-16]}], "source": "action wait"}
{"timestamp": 1706069118.068373, "objects": [{"color": "cv_", "id_name": "hand", "shape": "CVCylinder", "id_string": "ob383", "world_size": [0.12, 0.005, 0.12], "id": 383, "camera_size": [51, 51], "camera_position": [246, 260], "world_position": [0.6905111257460437, 0.7182034233098873, -0.1740891082550464], "world_orientation": [-1.8217399234003948e-05, 0.012361773129234843, 0.999923590197385, -0.0007628376331424358, -0.9999232995966622, 0.012361755638640837, 0.9999997088733936, -0.0007625541458321182, 2.7646027707852498e-05], "world_rotation": [0.0, 1.0, 0.0, 0.0]}, {"color": "CVBlue", "id_name": "object153639122082477", "shape": "CVCylinder", "id_string": "ob1073", "world_size": [0.1, 0.1, 0.1], "id": 1073, "camera_size": [41, 41], "camera_position": [256, 254], "world_position": [0.705, 0.6498037994254439, -0.15], "world_orientation": [1.0, 8.100187187665134e-17, -1.2653630886983698e-17, -8.100187187665134e-17, 1.0, -1.9397816686250694e-16, 1.2653630886983698e-17, 1.9397816686250694e-16, 1.0], "world_rotation": [-0.9211093596285536, 0.06008602943210125, 0.38463907325148433, -2.1059189642881336e-16]}], "source": "action wait"}
{"timestamp": 1706069118.102614, "objects": [{"color": "cv_", "id_name": "hand", "shape": "CVCylinder", "id_string": "ob383", "world_size": [0.12, 0.005, 0.12], "id": 383, "camera_size": [50, 50], "camera_position": [245, 257], "world_position": [0.6958607319396604, 0.7152930015067829, -0.17409297838924293], "world_orientation": [-1.572311165944148e-05, 0.008214741717981875, 0.9999662583163947, -0.0007624259455371992, -0.9999659679015779, 0.008214727344106273, 0.9999997092296884, -0.0007622710589272677, 2.1985708791001593e-05], "world_rotation": [0.0, 1.0, 0.0, 0.0]}, {"color": "CVBlue", "id_name": "object153639122082477", "shape": "CVCylinder", "id_string": "ob1073", "world_size": [0.1, 0.1, 0.1], "id": 1073, "camera_size": [41, 41], "camera_position": [256, 254], "world_position": [0.705, 0.6498037994254439, -0.15], "world_orientation": [1.0, 8.100187187665134e-17, -1.2653630886983698e-17, -8.100187187665134e-17, 1.0, -1.9397816686250694e-16, 1.2653630886983698e-17, 1.9397816686250694e-16, 1.0], "world_rotation": [-0.9211093596285536, 0.06008602943210125, 0.38463907325148433, -2.1059189642881336e-16]}], "source": "action wait"}
{"timestamp": 1706069118.131027, "objects": [{"color": "cv_", "id_name": "hand", "shape": "CVCylinder", "id_string": "ob383", "world_size": [0.12, 0.005, 0.12], "id": 383, "camera_size": [50, 50], "camera_position": [245, 256], "world_position": [0.699618566577982, 0.7132182419116492, -0.1740959936893615], "world_orientation": [-1.3482044594940571e-05, 0.005291758108559046, 0.999985998459156, -0.0007622910279029795, -0.9999857080646423, 0.005291746294454833, 0.9999997093652694, -0.0007622090110948591, 1.7515711638784577e-05], "world_rotation": [0.0, 1.0, 0.0, 0.0]}, {"color": "CVBlue", "id_name": "object153639122082477", "shape": "CVCylinder", "id_string": "ob1073", "world_size": [0.1, 0.1, 0.1], "id": 1073, "camera_size": [41, 41], "camera_position": [256, 254], "world_position": [0.705, 0.6498037994254439, -0.15], "world_orientation": [1.0, 8.100187187665134e-17, -1.2653630886983698e-17, -8.100187187665134e-17, 1.0, -1.9397816686250694e-16, 1.2653630886983698e-17, 1.9397816686250694e-16, 1.0], "world_rotation": [-0.9211093596285536, 0.06008602943210125, 0.38463907325148433, -2.1059189642881336e-16]}], "source": "action wait"}
{"timestamp": 1706069118.166752, "objects": [{"color": "cv_", "id_name": "hand", "shape": "CVCylinder", "id_string": "ob383", "world_size": [0.12, 0.005, 0.12], "id": 383, "camera_size": [49, 50], "camera_position": [246, 255], "world_position": [0.7022603395962043, 0.7117467307522867, -0.17409831388820157], "world_orientation": [-1.1574340819136025e-05, 0.0032315073112732023, 0.9999947785996346, -0.0007623077011508793, -0.9999944881400884, 0.003231497549391319, 0.9999997093764594, -0.0007622663183835401, 1.4037679933065101e-05], "world_rotation": [0.0, 1.0, 0.0, 0.0]}, {"color": "CVBlue", "id_name": "object153639122082477", "shape": "CVCylinder", "id_string": "ob1073", "world_size": [0.1, 0.1, 0.1], "id": 1073, "camera_size": [41, 41], "camera_position": [256, 254], "world_position": [0.705, 0.6498037994254439, -0.15], "world_orientation": [1.0, 8.100187187665134e-17, -1.2653630886983698e-17, -8.100187187665134e-17, 1.0, -1.9397816686250694e-16, 1.2653630886983698e-17, 1.9397816686250694e-16, 1.0], "world_rotation": [-0.9211093596285536, 0.06008602943210125, 0.38463907325148433, -2.1059189642881336e-16]}], "source": "action wait"}
{"timestamp": 1706069118.200781, "objects": [{"color": "cv_", "id_name": "hand", "shape": "CVCylinder", "id_string": "ob383", "world_size": [0.12, 0.005, 0.12], "id": 383, "camera_size": [49, 50], "camera_position": [246, 254], "world_position": [0.7041186771160814, 0.7107065781477182, -0.17410008278001327], "world_orientation": [-1.0003236657473422e-05, 0.0017793182061136413, 0.9999984169620755, -0.0007623968224125054, -0.999998126401638, 0.0017793100626658132, 0.999999709325468, -0.0007623778166501457, 1.1359764462192803e-05], "world_rotation": [0.0, 1.0, 0.0, 0.0]}, {"color": "CVBlue", "id_name": "object153639122082477", "shape": "CVCylinder", "id_string": "ob1073", "world_size": [0.1, 0.1, 0.1], "id": 1073, "camera_size": [41, 41], "camera_position": [256, 254], "world_position": [0.705, 0.6498037994254439, -0.15], "world_orientation": [1.0, 8.100187187665134e-17, -1.2653630886983698e-17, -8.100187187665134e-17, 1.0, -1.9397816686250694e-16, 1.2653630886983698e-17, 1.9397816686250694e-16, 1.0], "world_rotation": [-0.9211093596285536, 0.06008602943210125, 0.38463907325148433, -2.1059189642881336e-16]}], "source": "action wait"}
{"timestamp": 1706069118.231246, "objects": [{"color": "cv_", "id_name": "hand", "shape": "CVCylinder", "id_string": "ob383", "world_size": [0.12, 0.005, 0.12], "id": 383, "camera_size": [49, 50], "camera_position": [246, 253], "world_position": [0.705426554064409, 0.7099729511866366, -0.17410142184279714], "world_orientation": [-8.73929989082254e-06, 0.0007557007833949816, 0.9999997144199345, -0.0007625118590936719, -0.9999994237510311, 0.000755693899914857, 0.9999997092496026, -0.0007625050371002439, 9.315525664439972e-06], "world_rotation": [0.0, 1.0, 0.0, 0.0]}, {"color": "CVBlue", "id_name": "object153639122082477", "shape": "CVCylinder", "id_string": "ob1073", "world_size": [0.1, 0.1, 0.1], "id": 1073, "camera_size": [41, 41], "camera_position": [256, 254], "world_position": [0.705, 0.6498037994254439, -0.15], "world_orientation": [1.0, 8.100187187665134e-17, -1.2653630886983698e-17, -8.100187187665134e-17, 1.0, -1.9397816686250694e-16, 1.2653630886983698e-17, 1.9397816686250694e-16, 1.0], "world_rotation": [-0.9211093596285536, 0.06008602943210125, 0.38463907325148433, -2.1059189642881336e-16]}], "source": "action wait"}
{"timestamp": 1706069118.262385, "objects": [{"color": "cv_", "id_name": "hand", "shape": "CVCylinder", "id_string": "ob383", "world_size": [0.12, 0.005, 0.12], "id": 383, "camera_size": [49, 50], "camera_position": [246, 253], "world_position": [0.7063473780869163, 0.709456246607213, -0.17410242988597502], "world_orientation": [-7.740021533471494e-06, 3.415449453388109e-05, 0.9999999993867813, -0.0007626275778266182, -0.9999997086164836, 3.4148581849271454e-05, 0.9999997091695926, -0.0007626273130485868, 7.766066437959626e-06], "world_rotation": [0.0, 1.0, 0.0, 0.0]}, {"color": "CVBlue", "id_name": "object153639122082477", "shape": "CVCylinder", "id_string": "ob1073", "world_size": [0.1, 0.1, 0.1], "id": 1073, "camera_size": [41, 41], "camera_position": [256, 254], "world_position": [0.705, 0.6498037994254439, -0.15], "world_orientation": [1.0, 8.100187187665134e-17, -1.2653630886983698e-17, -8.100187187665134e-17, 1.0, -1.9397816686250694e-16, 1.2653630886983698e-17, 1.9397816686250694e-16, 1.0], "world_rotation": [-0.9211093596285536, 0.06008602943210125, 0.38463907325148433, -2.1059189642881336e-16]}], "source": "action wait"}
{"timestamp": 1706069118.294133, "objects": [{"color": "cv_", "id_name": "hand", "shape": "CVCylinder", "id_string": "ob383", "world_size": [0.12, 0.005, 0.12], "id": 383, "camera_size": [49, 50], "camera_position": [246, 253], "world_position": [0.7069958909839619, 0.7090926393923768, -0.1741031853276411], "world_orientation": [-6.960361584804295e-06, -0.0004744762768523851, 0.9999998874119017, -0.0007627318289781052, -0.999999596553675, -0.00047448144773660865, 0.999999709095813, -0.0007627350456664085, 6.5984606185859804e-06], "world_rotation": [0.0, 1.0, 0.0, 0.0]}, {"color": "CVBlue", "id_name": "object153639122082477", "shape": "CVCylinder", "id_string": "ob1073", "world_size": [0.1, 0.1, 0.1], "id": 1073, "camera_size": [41, 41], "camera_position": [256, 254], "world_position": [0.705, 0.6498037994254439, -0.15], "world_orientation": [1.0, 8.100187187665134e-17, -1.2653630886983698e-17, -8.100187187665134e-17, 1.0, -1.9397816686250694e-16, 1.2653630886983698e-17, 1.9397816686250694e-16, 1.0], "world_rotation": [-0.9211093596285536, 0.06008602943210125, 0.38463907325148433, -2.1059189642881336e-16]}], "source": "action wait"}
{"timestamp": 1706069118.324905, "objects": [{"color": "cv_", "id_name": "hand", "shape": "CVCylinder", "id_string": "ob383", "world_size": [0.12, 0.005, 0.12], "id": 383, "camera_size": [49, 50], "camera_position": [246, 252], "world_position": [0.7074527328760027, 0.7088368955131588, -0.1741037493587006], "world_orientation": [-6.358219003903907e-06, -0.0008330285292064098, 0.9999996530114611, -0.0007628200353045938, -0.9999993620804899, -0.0008330331370306923, 0.9999997090325411, -0.0007628250672222953, 5.722764096177114e-06], "world_rotation": [0.0, 1.0, 0.0, 0.0]}, {"color": "CVBlue", "id_name": "object153639122082477", "shape": "CVCylinder", "id_string": "ob1073", "world_size": [0.1, 0.1, 0.1], "id": 1073, "camera_size": [41, 41], "camera_position": [256, 254], "world_position": [0.705, 0.6498037994254439, -0.15], "world_orientation": [1.0, 8.100187187665134e-17, -1.2653630886983698e-17, -8.100187187665134e-17, 1.0, -1.9397816686250694e-16, 1.2653630886983698e-17, 1.9397816686250694e-16, 1.0], "world_rotation": [-0.9211093596285536, 0.06008602943210125, 0.38463907325148433, -2.1059189642881336e-16]}], "source": "action wait"}
{"timestamp": 1706069118.357631, "objects": [{"color": "cv_", "id_name": "hand", "shape": "CVCylinder", "id_string": "ob383", "world_size": [0.12, 0.005, 0.12], "id": 383, "camera_size": [49, 50], "camera_position": [246, 252], "world_position": [0.7077746159055243, 0.7086570629278401, -0.17410416915030763], "world_orientation": [-5.896984149985083e-06, -0.0010857912178936129, 0.9999994105111547, -0.0007628916995898598, -0.9999991195219136, -0.0010857954007024286, 0.9999997089806979, -0.0007628976527923662, 5.06863785056514e-06], "world_rotation": [0.0, 1.0, 0.0, 0.0]}, {"color": "CVBlue", "id_name": "object153639122082477", "shape": "CVCylinder", "id_string": "ob1073", "world_size": [0.1, 0.1, 0.1], "id": 1073, "camera_size": [41, 41], "camera_position": [256, 254], "world_position": [0.705, 0.6498037994254439, -0.15], "world_orientation": [1.0, 8.100187187665134e-17, -1.2653630886983698e-17, -8.100187187665134e-17, 1.0, -1.9397816686250694e-16, 1.2653630886983698e-17, 1.9397816686250694e-16, 1.0], "world_rotation": [-0.9211093596285536, 0.06008602943210125, 0.38463907325148433, -2.1059189642881336e-16]}], "source": "action wait"}
{"timestamp": 1706069119.448434, "objects": [{"color": "cv_", "id_name": "hand", "shape": "CVCylinder", "id_string": "ob383", "world_size": [0.12, 0.005, 0.12], "id": 383, "camera_size": [49, 50], "camera_position": [246, 252], "world_position": [0.7085433298797233, 0.7082308283231654, -0.174105353507467], "world_orientation": [-4.503672599653764e-06, -0.0016898403312334187, 0.9999985722086667, -0.0007631195440610704, -0.9999982810376546, -0.0016898432760453026, 0.9999997088140968, -0.0007631260649868237, 3.214114675266938e-06], "world_rotation": [0.0, 1.0, 0.0, 0.0]}, {"color": "CVBlue", "id_name": "object153639122082477", "shape": "CVCylinder", "id_string": "ob1073", "world_size": [0.1, 0.1, 0.1], "id": 1073, "camera_size": [41, 41], "camera_position": [256, 254], "world_position": [0.705, 0.6498037994254439, -0.15], "world_orientation": [1.0, 8.100187187665134e-17, -1.2653630886983698e-17, -8.100187187665134e-17, 1.0, -1.9397816686250694e-16, 1.2653630886983698e-17, 1.9397816686250694e-16, 1.0], "world_rotation": [-0.9211093596285536, 0.06008602943210125, 0.38463907325148433, -2.1059189642881336e-16]}], "source": "action wait"}
{"timestamp": 1706069119.482909, "objects": [{"color": "cv_", "id_name": "hand", "shape": "CVCylinder", "id_string": "ob383", "world_size": [0.12, 0.005, 0.12], "id": 383, "camera_size": [51, 51], "camera_position": [246, 251], "world_position": [0.7111659427727839, 0.7302911809320275, -0.17409350740002055], "world_orientation": [1.6189935338524518e-05, 0.030571757174989556, 0.9995325744572408, -0.0007432720824798354, -0.9995322981227335, 0.030571760762162177, 0.9999997236422107, -0.0007434196129535495, 6.540770345491473e-06], "world_rotation": [0.0, 1.0, 0.0, 0.0]}, {"color": "CVBlue", "id_name": "object153639122082477", "shape": "CVCylinder", "id_string": "ob1073", "world_size": [0.1, 0.1, 0.1], "id": 1073, "camera_size": [42, 44], "camera_position": [252, 251], "world_position": [0.7104849078743376, 0.6748658964004354, -0.1586623363779217], "world_orientation": [0.9994898113158381, -0.03193927143947645, -3.968128119524256e-06, 0.031939271548966024, 0.9994898108222209, 3.155126824508988e-05, 2.9583791027618724e-06, -3.166191026661085e-05, 0.9999999994943859], "world_rotation": [0.0009895834224014652, 0.0001084324010229866, -0.9999995044834094, -0.03194472012236302]}], "source": "action wait"}
{"timestamp": 1706069119.520328, "objects": [{"color": "cv_", "id_name": "hand", "shape": "CVCylinder", "id_string": "ob383", "world_size": [0.12, 0.005, 0.12], "id": 383, "camera_size": [52, 52], "camera_position": [245, 249], "world_position": [0.7148668543823191, 0.7830841628096159, -0.17410800316370456], "world_orientation": [7.581239074685829e-05, 0.10655030734323946, 0.9943073097677311, -0.0007258152001759453, -0.994307044857704, 0.10655033429621556, 0.9999997337223528, -0.0007297611946536811, 1.9550384464219836e-06], "world_rotation": [0.0, 1.0, 0.0, 0.0]}, {"color": "CVBlue", "id_name": "object153639122082477", "shape": "CVCylinder", "id_string": "ob1073", "world_size": [0.1, 0.1, 0.1], "id": 1073, "camera_size": [44, 48], "camera_position": [249, 247], "world_position": [0.7188006187307207, 0.7296558764428993, -0.16423083675232242], "world_orientation": [0.9941827882058765, -0.10770600549933407, -3.816641848207256e-06, 0.10770600555022311, 0.9941827868025789, 5.28571066930247e-05, -1.8985881952797567e-06, -5.296070095665302e-05, 0.9999999985957799], "world_rotation": [0.0004912344226414738, 8.904115476579514e-06, -0.999999879304722, -0.10791535533235902]}], "source": "action wait"}
{"timestamp": 1706069119.55368, "objects": [{"color": "cv_", "id_name": "hand", "shape": "CVCylinder", "id_string": "ob383", "world_size": [0.12, 0.005, 0.12], "id": 383, "camera_size": [56, 55], "camera_position": [244, 250], "world_position": [0.713548867740056, 0.8531365238821438, -0.1741132118008512], "world_orientation": [0.0001506487552508096, 0.20571110440979706, 0.9786127522301423, -0.000719281130749978, -0.9786124878941602, 0.20571115957151487, 0.9999997299697673, -0.0007348878171213904, 5.373626140004389e-07], "world_rotation": [0.0, 1.0, 0.0, 0.0]}, {"color": "CVBlue", "id_name": "object153639122082477", "shape": "CVCylinder", "id_string": "ob1073", "world_size": [0.1, 0.1, 0.1], "id": 1073, "camera_size": [46, 54], "camera_position": [247, 245], "world_position": [0.723005928523256, 0.8014736486658623, -0.16779103149323463], "world_orientation": [0.9784002147219759, -0.20671966470412786, -7.523583856533015e-06, 0.20671966481223555, 0.9784002133300991, 5.230233207195104e-05, -3.450844498918884e-06, -5.272788566266626e-05, 0.9999999986039309], "world_rotation": [0.0002540402105993321, 9.850875171360058e-06, -0.9999999676832654, -0.20822101793054912]}], "source": "action wait"}
{"timestamp": 1706069119.616488, "objects": [{"color": "cv_", "id_name": "hand", "shape": "CVCylinder", "id_string": "ob383", "world_size": [0.12, 0.005, 0.12], "id": 383, "camera_size": [62, 59], "camera_position": [243, 262], "world_position": [0.6887774178950276, 0.9909799650241803, -0.17411486590694947], "world_orientation": [0.00029950406526731404, 0.39689013458711864, 0.9178660748522812, -0.0006878602273558572, -0.9178658171087156, 0.39689024758950414, 0.9999997185727718, -0.0007502338095483153, -1.8996053810938577e-06], "world_rotation": [0.0, 1.0, 0.0, 0.0]}, {"color": "CVBlue", "id_name": "object153639122082477", "shape": "CVCylinder", "id_string": "ob1073", "world_size": [0.1, 0.1, 0.1], "id": 1073, "camera_size": [52, 68], "camera_position": [244, 251], "world_position": [0.7084783967300982, 0.9434123139325521, -0.17152408916354903], "world_orientation": [0.9175115360453895, -0.3977091664672618, -1.146934502570974e-05, 0.3977091665884111, 0.9175115351317267, 4.1373586271333515e-05, -5.931398148239021e-06, -4.252220634300761e-05, 0.9999999990783403], "world_rotation": [0.0001054737974461258, 6.962307274535531e-06, -0.999999994413402, -0.40901870349270375]}], "source": "action wait"}
{"timestamp": 1706069119.647763, "objects": [{"color": "cv_", "id_name": "hand", "shape": "CVCylinder", "id_string": "ob383", "world_size": [0.12, 0.005, 0.12], "id": 383, "camera_size": [66, 59], "camera_position": [242, 275], "world_position": [0.6658550780729389, 1.0572495553311463, -0.17411509452898347], "world_orientation": [0.0003708419955804465, 0.48694370150733773, 0.8734332796719775, -0.000657392626706247, -0.8734330322857409, 0.4869438427037254, 0.9999997151555338, -0.0007547678243402108, -3.7924497062471824e-06], "world_rotation": [0.0, 1.0, 0.0, 0.0]}, {"color": "CVBlue", "id_name": "object153639122082477", "shape": "CVCylinder", "id_string": "ob1073", "world_size": [0.1, 0.1, 0.1], "id": 1073, "camera_size": [55, 75], "camera_position": [244, 261], "world_position": [0.6902755186831638, 1.012187261644292, -0.1724561739571206], "world_orientation": [0.8730152502896944, -0.4876929080983947, -1.2335032736751952e-05, 0.48769290819186484, 0.8730152494935332, 3.809337739114287e-05, -7.809198316989705e-06, -3.9271807385536795e-05, 0.9999999991983708], "world_rotation": [7.931752055482173e-05, 4.640045333743185e-06, -0.9999999968436005, -0.5094451273332227]}], "source": "action wait"}
{"timestamp": 1706069119.681688, "objects": [{"color": "cv_", "id_name": "hand", "shape": "CVCylinder", "id_string": "ob383", "world_size": [0.12, 0.005, 0.12], "id": 383, "camera_size": [71, 60], "camera_position": [242, 289], "world_position": [0.6419732540565927, 1.108594501420062, -0.17411430023004312], "world_orientation": [0.0004327223888586578, 0.5559541113157591, 0.8312128721708049, -0.0006365217755131806, -0.8312126284749255, 0.5559542796883887, 0.9999997037956381, -0.0007696589572266305, -5.807416204095698e-06], "world_rotation": [0.0, 1.0, 0.0, 0.0]}, {"color": "CVBlue", "id_name": "object153639122082477", "shape": "CVCylinder", "id_string": "ob1073", "world_size": [0.1, 0.1, 0.1], "id": 1073, "camera_size": [58, 80], "camera_position": [242, 273], "world_position": [0.6699413318434105, 1.0659546145588874, -0.1730523214653054], "world_orientation": [0.8307479701072604, -0.556648731362892, -5.894883636754847e-06, 0.5566487313080023, 0.8307479697459134, 2.638626259508736e-05, -9.790716985841017e-06, -2.520171358719385e-05, 0.9999999996345078], "world_rotation": [-4.6337998474205036e-05, 3.499364253946377e-06, 0.9999999989202722, 0.5903462851130595]}], "source": "action wait"}
{"timestamp": 1706069119.717601, "objects": [{"color": "cv_", "id_name": "hand", "shape": "CVCylinder", "id_string": "ob383", "world_size": [0.12, 0.005, 0.12], "id": 383, "camera_size": [73, 62], "camera_position": [241, 302], "world_position": [0.6222475025615719, 1.1433064808530178, -0.17411510809904793], "world_orientation": [0.00047605802911200487, 0.6024820331866696, 0.7981323029774007, -0.0006150141038843677, -0.7981320660783153, 0.6024822211942956, 0.9999996975631568, -0.0007776791218936671, -9.422230601097361e-06], "world_rotation": [0.0, 1.0, 0.0, 0.0]}, {"color": "CVBlue", "id_name": "object153639122082477", "shape": "CVCylinder", "id_string": "ob1073", "world_size": [0.1, 0.1, 0.1], "id": 1073, "camera_size": [60, 84], "camera_position": [241, 284], "world_position": [0.6525496021418555, 1.1026211622485502, -0.17343506492746896], "world_orientation": [0.7976370701082293, -0.6031377159398671, -8.079019460975862e-09, 0.6031377157915088, 0.7976370699117314, 2.2190746583032578e-05, -1.3377632083680068e-05, -1.7705034849347834e-05, 0.9999999997537854], "world_rotation": [-3.3073525629919486e-05, 1.10833336271272e-05, 0.9999999993916509, 0.6474290499477563]}], "source": "action wait"}
{"timestamp": 1706069119.745585, "objects": [{"color": "cv_", "id_name": "hand", "shape": "CVCylinder", "id_string": "ob383", "world_size": [0.12, 0.005, 0.12], "id": 383, "camera_size": [75, 62], "camera_position": [241, 312], "world_position": [0.6070074968841592, 1.1669425108535674, -0.17411666004474421], "world_orientation": [0.0005050189449492168, 0.6341270734787373, 0.7732286852136029, -0.0005950886334009968, -0.7732284563304412, 0.6341272744413079, 0.9999996954126456, -0.0007803858886921373, -1.3133205661166273e-05], "world_rotation": [0.0, 1.0, 0.0, 0.0]}, {"color": "CVBlue", "id_name": "object153639122082477", "shape": "CVCylinder", "id_string": "ob1073", "world_size": [0.1, 0.1, 0.1], "id": 1073, "camera_size": [62, 87], "camera_position": [241, 294], "world_position": [0.6388655589688151, 1.1277417111786892, -0.17368091756036313], "world_orientation": [0.7727132189102359, -0.6347552924627159, 3.457454789571486e-06, 0.6347552922426284, 0.7727132187658619, 2.268208195158821e-05, -1.7069192582030887e-05, -1.5332106831027363e-05, 0.9999999997367848], "world_rotation": [-2.9943971494674127e-05, 1.6168945424335267e-05, 0.999999999420962, 0.6876917930581082]}], "source": "action wait"}
{"timestamp": 1706069119.77822, "objects": [{"color": "cv_", "id_name": "hand", "shape": "CVCylinder", "id_string": "ob383", "world_size": [0.12, 0.005, 0.12], "id": 383, "camera_size": [76, 62], "camera_position": [240, 320], "world_position": [0.5956463301615857, 1.1831685092003832, -0.1741182356298647], "world_orientation": [0.0005240680158349034, 0.6558304994454133, 0.7549079952880977, -0.0005784608908912459, -0.7549077738353065, 0.655830708632967, 0.99999969536781, -0.0007803846496921892, -1.625072418884759e-05], "world_rotation": [0.0, 1.0, 0.0, 0.0]}, {"color": "CVBlue", "id_name": "object153639122082477", "shape": "CVCylinder", "id_string": "ob1073", "world_size": [0.1, 0.1, 0.1], "id": 1073, "camera_size": [63, 89], "camera_position": [241, 301], "world_position": [0.6285559399719942, 1.1450590308772393, -0.17383874896489437], "world_orientation": [0.754378712914716, -0.6564394545394114, 5.0136309092363535e-06, 0.6564394542485574, 0.7543787127711853, 2.4970898632608718e-05, -2.017405950936815e-05, -1.554636923292839e-05, 0.9999999996756589], "world_rotation": [-3.0861389856731494e-05, 1.9185082670897153e-05, 0.9999999993397537, 0.7160891730010234]}], "source": "action wait"}
