{"timestamp": 1709221906.958065, "objects": [{"color": "cv_", "id_name": "hand", "shape": "CVCylinder", "id_string": "ob382", "world_size": [0.12, 0.005, 0.12], "id": 382, "camera_size": [48, 50], "camera_position": [246, 426], "world_position": [0.2676445155400121, 0.6334703013849835, -0.17389260400847453], "world_orientation": [-0.0006415492810319001, 0.19791547486691918, 0.9802188802623226, -0.0007473671475150986, -0.9802189031248655, 0.19791499033431684, 0.9999995149283157, -0.0006056111687279631, 0.0007767742564544502], "world_rotation": [0.0, 1.0, 0.0, 0.0]}, {"color": "CVBlue", "id_name": "object124766059236063", "shape": "CVCylinder", "id_string": "ob414", "world_size": [0.09, 0.09, 0.09], "id": 414, "camera_size": [37, 37], "camera_position": [256, 254], "world_position": [0.705, 0.6448569680147468, -0.15], "world_orientation": [1.0, -3.9709241951740497e-17, -1.186110457190733e-17, 3.9709241951740497e-17, 1.0, -6.858869064391555e-17, 1.186110457190733e-17, 6.858869064391555e-17, 1.0], "world_rotation": [-0.8558942882939244, 0.14801057668029707, -0.4955177458543762, -8.013687155295207e-17]}], "source": "manual check"}
{"timestamp": 1709221907.976908, "objects": [{"color": "cv_", "id_name": "hand", "shape": "CVCylinder", "id_string": "ob382", "world_size": [0.12, 0.005, 0.12], "id": 382, "camera_size": [48, 50], "camera_position": [246, 426], "world_position": [0.2676445155400121, 0.6334703013849835, -0.17389260400847453], "world_orientation": [-0.0006415492810319001, 0.19791547486691918, 0.9802188802623226, -0.0007473671475150986, -0.9802189031248655, 0.19791499033431684, 0.9999995149283157, -0.0006056111687279631, 0.0007767742564544502], "world_rotation": [0.0, 1.0, 0.0, 0.0]}, {"color": "CVBlue", "id_name": "object124766059236063", "shape": "CVCylinder", "id_string": "ob414", "world_size": [0.09, 0.09, 0.09], "id": 414, "camera_size": [37, 37], "camera_position": [256, 254], "world_position": [0.705, 0.6448569696296074, -0.15], "world_orientation": [1.0, -4.331917303826236e-17, -1.1712398707441946e-17, 4.331917303826236e-17, 1.0, -5.775889738434995e-17, 1.1712398707441946e-17, 5.775889738434995e-17, 1.0], "world_rotation": [-0.7896765794068324, 0.16013129347666225, -0.5922574345551229, -7.314247236221149e-17]}], "source": "manual check"}
{"timestamp": 1709221909.114426, "objects": [{"color": "cv_", "id_name": "hand", "shape": "CVCylinder", "id_string": "ob382", "world_size": [0.12, 0.005, 0.12], "id": 382, "camera_size": [48, 50], "camera_position": [246, 426], "world_position": [0.2676445155400121, 0.6334703013849835, -0.17389260400847453], "world_orientation": [-0.0006415492810319001, 0.19791547486691918, 0.9802188802623226, -0.0007473671475150986, -0.9802189031248655, 0.19791499033431684, 0.9999995149283157, -0.0006056111687279631, 0.0007767742564544502], "world_rotation": [0.0, 1.0, 0.0, 0.0]}, {"color": "CVBlue", "id_name": "object124766059236063", "shape": "CVCylinder", "id_string": "ob414", "world_size": [0.09, 0.09, 0.09], "id": 414, "camera_size": [37, 37], "camera_position": [256, 254], "world_position": [0.705, 0.6448569696296074, -0.15], "world_orientation": [1.0, -4.331917303826236e-17, -1.1712398707441946e-17, 4.331917303826236e-17, 1.0, -5.775889738434995e-17, 1.1712398707441946e-17, 5.775889738434995e-17, 1.0], "world_rotation": [-0.7896765794068324, 0.16013129347666225, -0.5922574345551229, -7.314247236221149e-17]}], "source": "action wait"}
{"timestamp": 1709221909.153021, "objects": [{"color": "cv_", "id_name": "hand", "shape": "CVCylinder", "id_string": "ob382", "world_size": [0.12, 0.005, 0.12], "id": 382, "camera_size": [49, 51], "camera_position": [246, 421], "world_position": [0.291126251182618, 0.667784027296204, -0.17395609372111254], "world_orientation": [-0.0003827005374890416, 0.19833449369411638, 0.980134318423448, -0.0007151522029561202, -0.9801341938392042, 0.19833418924759363, 0.9999996710487586, -0.0006250426161862032, 0.0005169372328816154], "world_rotation": [0.0, 1.0, 0.0, 0.0]}, {"color": "CVBlue", "id_name": "object124766059236063", "shape": "CVCylinder", "id_string": "ob414", "world_size": [0.09, 0.09, 0.09], "id": 414, "camera_size": [37, 37], "camera_position": [256, 254], "world_position": [0.705, 0.6448569696296074, -0.15], "world_orientation": [1.0, -4.331917303826236e-17, -1.1712398707441946e-17, 4.331917303826236e-17, 1.0, -5.775889738434995e-17, 1.1712398707441946e-17, 5.775889738434995e-17, 1.0], "world_rotation": [-0.7896765794068324, 0.16013129347666225, -0.5922574345551229, -7.314247236221149e-17]}], "source": "action wait"}
{"timestamp": 1709221909.190201, "objects": [{"color": "cv_", "id_name": "hand", "shape": "CVCylinder", "id_string": "ob382", "world_size": [0.12, 0.005, 0.12], "id": 382, "camera_size": [51, 52], "camera_position": [246, 406], "world_position": [0.33718273256004355, 0.7058149384181336, -0.17398391249513898], "world_orientation": [-0.00022301600842279312, 0.1868445598789329, 0.9823894648801502, -0.0007314910592124559, -0.9823892569628992, 0.18684435427572724, 0.9999997075923025, -0.0006769398281377218, 0.0003557636558196511], "world_rotation": [0.0, 1.0, 0.0, 0.0]}, {"color": "CVBlue", "id_name": "object124766059236063", "shape": "CVCylinder", "id_string": "ob414", "world_size": [0.09, 0.09, 0.09], "id": 414, "camera_size": [37, 37], "camera_position": [256, 254], "world_position": [0.705, 0.6448569696296074, -0.15], "world_orientation": [1.0, -4.331917303826236e-17, -1.1712398707441946e-17, 4.331917303826236e-17, 1.0, -5.775889738434995e-17, 1.1712398707441946e-17, 5.775889738434995e-17, 1.0], "world_rotation": [-0.7896765794068324, 0.16013129347666225, -0.5922574345551229, -7.314247236221149e-17]}], "source": "action wait"}
{"timestamp": 1709221909.22324, "objects": [{"color": "cv_", "id_name": "hand", "shape": "CVCylinder", "id_string": "ob382", "world_size": [0.12, 0.005, 0.12], "id": 382, "camera_size": [51, 53], "camera_position": [246, 388], "world_position": [0.387760253343618, 0.7390323320956976, -0.17400444004604054], "world_orientation": [-0.00011941804867257483, 0.17865698744388825, 0.9839114119557736, -0.0007427008593193336, -0.9839111634517603, 0.17865685217879873, 0.9999997170673416, -0.0007094169984847672, 0.0002501854493049747], "world_rotation": [0.0, 1.0, 0.0, 0.0]}, {"color": "CVBlue", "id_name": "object124766059236063", "shape": "CVCylinder", "id_string": "ob414", "world_size": [0.09, 0.09, 0.09], "id": 414, "camera_size": [37, 37], "camera_position": [256, 254], "world_position": [0.705, 0.6448569696296074, -0.15], "world_orientation": [1.0, -4.331917303826236e-17, -1.1712398707441946e-17, 4.331917303826236e-17, 1.0, -5.775889738434995e-17, 1.1712398707441946e-17, 5.775889738434995e-17, 1.0], "world_rotation": [-0.7896765794068324, 0.16013129347666225, -0.5922574345551229, -7.314247236221149e-17]}], "source": "action wait"}
{"timestamp": 1709221909.239737, "objects": [{"color": "cv_", "id_name": "hand", "shape": "CVCylinder", "id_string": "ob382", "world_size": [0.12, 0.005, 0.12], "id": 382, "camera_size": [52, 54], "camera_position": [245, 367], "world_position": [0.44188756227620224, 0.7670109025580352, -0.17402295945412843], "world_orientation": [-4.650301153250022e-05, 0.17287258137150235, 0.9849441956006559, -0.0007500629043961149, -0.9849439256334044, 0.17287249857481232, 0.999999717621515, -0.0007307310122257454, 0.00017546816920698067], "world_rotation": [0.0, 1.0, 0.0, 0.0]}, {"color": "CVBlue", "id_name": "object124766059236063", "shape": "CVCylinder", "id_string": "ob414", "world_size": [0.09, 0.09, 0.09], "id": 414, "camera_size": [37, 37], "camera_position": [256, 254], "world_position": [0.705, 0.6448569696296074, -0.15], "world_orientation": [1.0, -4.331917303826236e-17, -1.1712398707441946e-17, 4.331917303826236e-17, 1.0, -5.775889738434995e-17, 1.1712398707441946e-17, 5.775889738434995e-17, 1.0], "world_rotation": [-0.7896765794068324, 0.16013129347666225, -0.5922574345551229, -7.314247236221149e-17]}], "source": "action wait"}
{"timestamp": 1709221909.274538, "objects": [{"color": "cv_", "id_name": "hand", "shape": "CVCylinder", "id_string": "ob382", "world_size": [0.12, 0.005, 0.12], "id": 382, "camera_size": [52, 54], "camera_position": [245, 343], "world_position": [0.49916805244228035, 0.7799580896954165, -0.17403808871132503], "world_orientation": [-4.43974774726575e-06, 0.15522757185794447, 0.9878787379609784, -0.0007645258120744514, -0.9878784497901401, 0.1552275231410735, 0.9999997077402432, -0.0007545696233248355, 0.0001230614165534846], "world_rotation": [0.0, 1.0, 0.0, 0.0]}, {"color": "CVBlue", "id_name": "object124766059236063", "shape": "CVCylinder", "id_string": "ob414", "world_size": [0.09, 0.09, 0.09], "id": 414, "camera_size": [37, 37], "camera_position": [256, 254], "world_position": [0.705, 0.6448569696296074, -0.15], "world_orientation": [1.0, -4.331917303826236e-17, -1.1712398707441946e-17, 4.331917303826236e-17, 1.0, -5.775889738434995e-17, 1.1712398707441946e-17, 5.775889738434995e-17, 1.0], "world_rotation": [-0.7896765794068324, 0.16013129347666225, -0.5922574345551229, -7.314247236221149e-17]}], "source": "action wait"}
{"timestamp": 1709221909.295722, "objects": [{"color": "cv_", "id_name": "hand", "shape": "CVCylinder", "id_string": "ob382", "world_size": [0.12, 0.005, 0.12], "id": 382, "camera_size": [52, 52], "camera_position": [245, 317], "world_position": [0.5577988843688274, 0.7700807538893819, -0.17404997437714062], "world_orientation": [7.387009839867208e-07, 0.1148289909170428, 0.993385274123, -0.0007769800888044638, -0.9933849742049384, 0.11482895682620924, 0.9999996981506524, -0.0007719254027688594, 8.848602510253202e-05], "world_rotation": [0.0, 1.0, 0.0, 0.0]}, {"color": "CVBlue", "id_name": "object124766059236063", "shape": "CVCylinder", "id_string": "ob414", "world_size": [0.09, 0.09, 0.09], "id": 414, "camera_size": [37, 37], "camera_position": [256, 254], "world_position": [0.705, 0.6448569696296074, -0.15], "world_orientation": [1.0, -4.331917303826236e-17, -1.1712398707441946e-17, 4.331917303826236e-17, 1.0, -5.775889738434995e-17, 1.1712398707441946e-17, 5.775889738434995e-17, 1.0], "world_rotation": [-0.7896765794068324, 0.16013129347666225, -0.5922574345551229, -7.314247236221149e-17]}], "source": "action wait"}
{"timestamp": 1709221909.337298, "objects": [{"color": "cv_", "id_name": "hand", "shape": "CVCylinder", "id_string": "ob382", "world_size": [0.12, 0.005, 0.12], "id": 382, "camera_size": [52, 52], "camera_position": [245, 297], "world_position": [0.6030076445035062, 0.7555113161120138, -0.17405562433859928], "world_orientation": [-1.4497532986989965e-05, 0.08053435770893363, 0.9967518332153853, -0.0007750590161986978, -0.9967515348423822, 0.08053432232828997, 0.9999996995366265, -0.0007713739462519635, 7.686931831268289e-05], "world_rotation": [0.0, 1.0, 0.0, 0.0]}, {"color": "CVBlue", "id_name": "object124766059236063", "shape": "CVCylinder", "id_string": "ob414", "world_size": [0.09, 0.09, 0.09], "id": 414, "camera_size": [37, 37], "camera_position": [256, 254], "world_position": [0.705, 0.6448569696296074, -0.15], "world_orientation": [1.0, -4.331917303826236e-17, -1.1712398707441946e-17, 4.331917303826236e-17, 1.0, -5.775889738434995e-17, 1.1712398707441946e-17, 5.775889738434995e-17, 1.0], "world_rotation": [-0.7896765794068324, 0.16013129347666225, -0.5922574345551229, -7.314247236221149e-17]}], "source": "action wait"}
{"timestamp": 1709221909.377333, "objects": [{"color": "cv_", "id_name": "hand", "shape": "CVCylinder", "id_string": "ob382", "world_size": [0.12, 0.005, 0.12], "id": 382, "camera_size": [51, 51], "camera_position": [246, 284], "world_position": [0.6346908437632582, 0.7427820488499993, -0.1740633266810819], "world_orientation": [-2.1378249013228875e-05, 0.05629652679324322, 0.998414092756101, -0.0007711386247200278, -0.9984137970564351, 0.0562964936081574, 0.9999997024440519, -0.0007687121499304464, 6.475676501995582e-05], "world_rotation": [0.0, 1.0, 0.0, 0.0]}, {"color": "CVBlue", "id_name": "object124766059236063", "shape": "CVCylinder", "id_string": "ob414", "world_size": [0.09, 0.09, 0.09], "id": 414, "camera_size": [37, 37], "camera_position": [256, 254], "world_position": [0.705, 0.6448569696296074, -0.15], "world_orientation": [1.0, -4.331917303826236e-17, -1.1712398707441946e-17, 4.331917303826236e-17, 1.0, -5.775889738434995e-17, 1.1712398707441946e-17, 5.775889738434995e-17, 1.0], "world_rotation": [-0.7896765794068324, 0.16013129347666225, -0.5922574345551229, -7.314247236221149e-17]}], "source": "action wait"}
{"timestamp": 1709221909.408902, "objects": [{"color": "cv_", "id_name": "hand", "shape": "CVCylinder", "id_string": "ob382", "world_size": [0.12, 0.005, 0.12], "id": 382, "camera_size": [51, 51], "camera_position": [246, 274], "world_position": [0.6568376843438111, 0.7326202886655759, -0.17407121219938404], "world_orientation": [-2.3175910813314724e-05, 0.03919148607752428, 0.9992317183125805, -0.0007676429398836177, -0.9992314248666642, 0.03919145676359745, 0.9999997050935536, -0.0007661448761641832, 5.324316597590807e-05], "world_rotation": [0.0, 1.0, 0.0, 0.0]}, {"color": "CVBlue", "id_name": "object124766059236063", "shape": "CVCylinder", "id_string": "ob414", "world_size": [0.09, 0.09, 0.09], "id": 414, "camera_size": [37, 37], "camera_position": [256, 254], "world_position": [0.705, 0.6448569696296074, -0.15], "world_orientation": [1.0, -4.331917303826236e-17, -1.1712398707441946e-17, 4.331917303826236e-17, 1.0, -5.775889738434995e-17, 1.1712398707441946e-17, 5.775889738434995e-17, 1.0], "world_rotation": [-0.7896765794068324, 0.16013129347666225, -0.5922574345551229, -7.314247236221149e-17]}], "source": "action wait"}
{"timestamp": 1709221909.429537, "objects": [{"color": "cv_", "id_name": "hand", "shape": "CVCylinder", "id_string": "ob382", "world_size": [0.12, 0.005, 0.12], "id": 382, "camera_size": [51, 50], "camera_position": [246, 267], "world_position": [0.6723214928007382, 0.7248901378656731, -0.17407832201540718], "world_orientation": [-2.2296112186342875e-05, 0.027128349393698563, 0.9996319583537017, -0.0007651535681147503, -0.9996316664426792, 0.027128324405488236, 0.9999997070214074, -0.0007642671035718542, 4.304525311605291e-05], "world_rotation": [0.0, 1.0, 0.0, 0.0]}, {"color": "CVBlue", "id_name": "object124766059236063", "shape": "CVCylinder", "id_string": "ob414", "world_size": [0.09, 0.09, 0.09], "id": 414, "camera_size": [37, 37], "camera_position": [256, 254], "world_position": [0.705, 0.6448569696296074, -0.15], "world_orientation": [1.0, -4.331917303826236e-17, -1.1712398707441946e-17, 4.331917303826236e-17, 1.0, -5.775889738434995e-17, 1.1712398707441946e-17, 5.775889738434995e-17, 1.0], "world_rotation": [-0.7896765794068324, 0.16013129347666225, -0.5922574345551229, -7.314247236221149e-17]}], "source": "action wait"}
{"timestamp": 1709221909.459366, "objects": [{"color": "cv_", "id_name": "hand", "shape": "CVCylinder", "id_string": "ob382", "world_size": [0.12, 0.005, 0.12], "id": 382, "camera_size": [51, 51], "camera_position": [246, 263], "world_position": [0.6831588522103207, 0.7191748851499327, -0.1740843287275118], "world_orientation": [-2.020541538202281e-05, 0.018623747941673124, 0.9998265627619354, -0.0007636038320242078, -0.99982627175849, 0.018623727089549517, 0.9999997082504221, -0.0007630950945431612, 3.4423070426025043e-05], "world_rotation": [0.0, 1.0, 0.0, 0.0]}, {"color": "CVBlue", "id_name": "object124766059236063", "shape": "CVCylinder", "id_string": "ob414", "world_size": [0.09, 0.09, 0.09], "id": 414, "camera_size": [37, 37], "camera_position": [256, 254], "world_position": [0.705, 0.6448569696296074, -0.15], "world_orientation": [1.0, -4.331917303826236e-17, -1.1712398707441946e-17, 4.331917303826236e-17, 1.0, -5.775889738434995e-17, 1.1712398707441946e-17, 5.775889738434995e-17, 1.0], "world_rotation": [-0.7896765794068324, 0.16013129347666225, -0.5922574345551229, -7.314247236221149e-17]}], "source": "action wait"}
{"timestamp": 1709221909.476036, "objects": [{"color": "cv_", "id_name": "hand", "shape": "CVCylinder", "id_string": "ob382", "world_size": [0.12, 0.005, 0.12], "id": 382, "camera_size": [50, 50], "camera_position": [245, 259], "world_position": [0.6907539565519969, 0.7150238067794467, -0.17408921085044865], "world_orientation": [-1.77328960157573e-05, 0.012628840453986505, 0.9999202528573629, -0.000762751563572277, -0.9999199623135748, 0.012628823257590195, 0.999999708947756, -0.0007624667907052702, 2.7364144518537834e-05], "world_rotation": [0.0, 1.0, 0.0, 0.0]}, {"color": "CVBlue", "id_name": "object124766059236063", "shape": "CVCylinder", "id_string": "ob414", "world_size": [0.09, 0.09, 0.09], "id": 414, "camera_size": [37, 37], "camera_position": [256, 254], "world_position": [0.705, 0.6448569696296074, -0.15], "world_orientation": [1.0, -4.331917303826236e-17, -1.1712398707441946e-17, 4.331917303826236e-17, 1.0, -5.775889738434995e-17, 1.1712398707441946e-17, 5.775889738434995e-17, 1.0], "world_rotation": [-0.7896765794068324, 0.16013129347666225, -0.5922574345551229, -7.314247236221149e-17]}], "source": "action wait"}
{"timestamp": 1709221909.510238, "objects": [{"color": "cv_", "id_name": "hand", "shape": "CVCylinder", "id_string": "ob382", "world_size": [0.12, 0.005, 0.12], "id": 382, "camera_size": [50, 50], "camera_position": [245, 257], "world_position": [0.6960832231939753, 0.7120431704442682, -0.17409308044153862], "world_orientation": [-1.528867242921849e-05, 0.008403271467602665, 0.9999646917741138, -0.0007623574246965898, -0.9999644014047219, 0.008403257371619576, 0.9999997092886647, -0.0007622020325594836, 2.1694424569391775e-05], "world_rotation": [0.0, 1.0, 0.0, 0.0]}, {"color": "CVBlue", "id_name": "object124766059236063", "shape": "CVCylinder", "id_string": "ob414", "world_size": [0.09, 0.09, 0.09], "id": 414, "camera_size": [37, 37], "camera_position": [256, 254], "world_position": [0.705, 0.6448569696296074, -0.15], "world_orientation": [1.0, -4.331917303826236e-17, -1.1712398707441946e-17, 4.331917303826236e-17, 1.0, -5.775889738434995e-17, 1.1712398707441946e-17, 5.775889738434995e-17, 1.0], "world_rotation": [-0.7896765794068324, 0.16013129347666225, -0.5922574345551229, -7.314247236221149e-17]}], "source": "action wait"}
{"timestamp": 1709221909.528072, "objects": [{"color": "cv_", "id_name": "hand", "shape": "CVCylinder", "id_string": "ob382", "world_size": [0.12, 0.005, 0.12], "id": 382, "camera_size": [49, 50], "camera_position": [246, 256], "world_position": [0.6998264217456488, 0.7099189900757782, -0.1740960949090885], "world_orientation": [-1.3095857247245128e-05, 0.005424877637286628, 0.9999852851572963, -0.0007622377709087967, -0.9999849947982206, 0.005424866079797441, 0.9999997094109974, -0.000762155511428484, 1.7230707379329513e-05], "world_rotation": [0.0, 1.0, 0.0, 0.0]}, {"color": "CVBlue", "id_name": "object124766059236063", "shape": "CVCylinder", "id_string": "ob414", "world_size": [0.09, 0.09, 0.09], "id": 414, "camera_size": [37, 37], "camera_position": [256, 254], "world_position": [0.705, 0.6448569696296074, -0.15], "world_orientation": [1.0, -4.331917303826236e-17, -1.1712398707441946e-17, 4.331917303826236e-17, 1.0, -5.775889738434995e-17, 1.1712398707441946e-17, 5.775889738434995e-17, 1.0], "world_rotation": [-0.7896765794068324, 0.16013129347666225, -0.5922574345551229, -7.314247236221149e-17]}], "source": "action wait"}
{"timestamp": 1709221909.561464, "objects": [{"color": "cv_", "id_name": "hand", "shape": "CVCylinder", "id_string": "ob382", "world_size": [0.12, 0.005, 0.12], "id": 382, "camera_size": [49, 49], "camera_position": [246, 255], "world_position": [0.7024577474568392, 0.708412675878171, -0.1740984142429134], "world_orientation": [-1.1221118290182445e-05, 0.0033255351452047607, 0.9999944703297537, -0.0007622669662394316, -0.9999941798972554, 0.0033255256258212084, 0.9999997094115372, -0.0007622254350384076, 1.3755998568744302e-05], "world_rotation": [0.0, 1.0, 0.0, 0.0]}, {"color": "CVBlue", "id_name": "object124766059236063", "shape": "CVCylinder", "id_string": "ob414", "world_size": [0.09, 0.09, 0.09], "id": 414, "camera_size": [37, 37], "camera_position": [256, 254], "world_position": [0.705, 0.6448569696296074, -0.15], "world_orientation": [1.0, -4.331917303826236e-17, -1.1712398707441946e-17, 4.331917303826236e-17, 1.0, -5.775889738434995e-17, 1.1712398707441946e-17, 5.775889738434995e-17, 1.0], "world_rotation": [-0.7896765794068324, 0.16013129347666225, -0.5922574345551229, -7.314247236221149e-17]}], "source": "action wait"}
{"timestamp": 1709221909.58385, "objects": [{"color": "cv_", "id_name": "hand", "shape": "CVCylinder", "id_string": "ob382", "world_size": [0.12, 0.005, 0.12], "id": 382, "camera_size": [49, 50], "camera_position": [246, 254], "world_position": [0.704308667306395, 0.7073480046409472, -0.17410018235085725], "world_orientation": [-9.67176025002277e-06, 0.0018457674638700983, 0.9999982965230123, -0.0007623660563783708, -0.999998005982844, 0.0018457595541656892, 0.9999997093521845, -0.0007623469059618085, 1.107889142715449e-05], "world_rotation": [0.0, 1.0, 0.0, 0.0]}, {"color": "CVBlue", "id_name": "object124766059236063", "shape": "CVCylinder", "id_string": "ob414", "world_size": [0.09, 0.09, 0.09], "id": 414, "camera_size": [37, 37], "camera_position": [256, 254], "world_position": [0.705, 0.6448569696296074, -0.15], "world_orientation": [1.0, -4.331917303826236e-17, -1.1712398707441946e-17, 4.331917303826236e-17, 1.0, -5.775889738434995e-17, 1.1712398707441946e-17, 5.775889738434995e-17, 1.0], "world_rotation": [-0.7896765794068324, 0.16013129347666225, -0.5922574345551229, -7.314247236221149e-17]}], "source": "action wait"}
{"timestamp": 1709221909.62157, "objects": [{"color": "cv_", "id_name": "hand", "shape": "CVCylinder", "id_string": "ob382", "world_size": [0.12, 0.005, 0.12], "id": 382, "camera_size": [49, 50], "camera_position": [246, 253], "world_position": [0.7056112961994545, 0.7065970992178071, -0.17410152075016647], "world_orientation": [-8.42133484849331e-06, 0.0008026938991337417, 0.999999677805741, -0.0007624888581768235, -0.9999993871517765, 0.0008026872446518035, 0.9999997092698689, -0.0007624818528095764, 9.033374842474156e-06], "world_rotation": [0.0, 1.0, 0.0, 0.0]}, {"color": "CVBlue", "id_name": "object124766059236063", "shape": "CVCylinder", "id_string": "ob414", "world_size": [0.09, 0.09, 0.09], "id": 414, "camera_size": [37, 37], "camera_position": [256, 254], "world_position": [0.705, 0.6448569696296074, -0.15], "world_orientation": [1.0, -4.331917303826236e-17, -1.1712398707441946e-17, 4.331917303826236e-17, 1.0, -5.775889738434995e-17, 1.1712398707441946e-17, 5.775889738434995e-17, 1.0], "world_rotation": [-0.7896765794068324, 0.16013129347666225, -0.5922574345551229, -7.314247236221149e-17]}], "source": "action wait"}
{"timestamp": 1709221909.654788, "objects": [{"color": "cv_", "id_name": "hand", "shape": "CVCylinder", "id_string": "ob382", "world_size": [0.12, 0.005, 0.12], "id": 382, "camera_size": [49, 50], "camera_position": [246, 253], "world_position": [0.706528415776019, 0.7060682156262144, -0.17410252825382735], "world_orientation": [-7.429696185039619e-06, 6.742169620930921e-05, 0.9999999976995573, -0.0007626105271100308, -0.9999997069400899, 6.741601064163122e-05, 0.9999997091849496, -0.0007626100244755559, 7.481110503342936e-06], "world_rotation": [0.0, 1.0, 0.0, 0.0]}, {"color": "CVBlue", "id_name": "object124766059236063", "shape": "CVCylinder", "id_string": "ob414", "world_size": [0.09, 0.09, 0.09], "id": 414, "camera_size": [37, 37], "camera_position": [256, 254], "world_position": [0.705, 0.6448569696296074, -0.15], "world_orientation": [1.0, -4.331917303826236e-17, -1.1712398707441946e-17, 4.331917303826236e-17, 1.0, -5.775889738434995e-17, 1.1712398707441946e-17, 5.775889738434995e-17, 1.0], "world_rotation": [-0.7896765794068324, 0.16013129347666225, -0.5922574345551229, -7.314247236221149e-17]}], "source": "action wait"}
{"timestamp": 1709221909.679448, "objects": [{"color": "cv_", "id_name": "hand", "shape": "CVCylinder", "id_string": "ob382", "world_size": [0.12, 0.005, 0.12], "id": 382, "camera_size": [49, 49], "camera_position": [246, 253], "world_position": [0.7071743177202674, 0.7056960223577154, -0.17410328326799937], "world_orientation": [-6.653948720144126e-06, -0.00045089244086987836, 0.9999998983258608, -0.0007627192799820813, -0.9999996074753472, -0.00045089738482268925, 0.9999997091074702, -0.0007627222026816719, 6.310041750819893e-06], "world_rotation": [0.0, 1.0, 0.0, 0.0]}, {"color": "CVBlue", "id_name": "object124766059236063", "shape": "CVCylinder", "id_string": "ob414", "world_size": [0.09, 0.09, 0.09], "id": 414, "camera_size": [37, 37], "camera_position": [256, 254], "world_position": [0.705, 0.6448569696296074, -0.15], "world_orientation": [1.0, -4.331917303826236e-17, -1.1712398707441946e-17, 4.331917303826236e-17, 1.0, -5.775889738434995e-17, 1.1712398707441946e-17, 5.775889738434995e-17, 1.0], "world_rotation": [-0.7896765794068324, 0.16013129347666225, -0.5922574345551229, -7.314247236221149e-17]}], "source": "action wait"}
{"timestamp": 1709221909.720468, "objects": [{"color": "cv_", "id_name": "hand", "shape": "CVCylinder", "id_string": "ob382", "world_size": [0.12, 0.005, 0.12], "id": 382, "camera_size": [49, 50], "camera_position": [246, 252], "world_position": [0.7076293210903358, 0.7054342246208175, -0.17410384696634224], "world_orientation": [-6.053782466512291e-06, -0.0008162761319508977, 0.9999996668282586, -0.000762810857108898, -0.999999375902666, -0.00081628051236735, 0.9999997090414317, -0.0007628155445468707, 5.4311143928759296e-06], "world_rotation": [0.0, 1.0, 0.0, 0.0]}, {"color": "CVBlue", "id_name": "object124766059236063", "shape": "CVCylinder", "id_string": "ob414", "world_size": [0.09, 0.09, 0.09], "id": 414, "camera_size": [37, 37], "camera_position": [256, 254], "world_position": [0.705, 0.6448569696296074, -0.15], "world_orientation": [1.0, -4.331917303826236e-17, -1.1712398707441946e-17, 4.331917303826236e-17, 1.0, -5.775889738434995e-17, 1.1712398707441946e-17, 5.775889738434995e-17, 1.0], "world_rotation": [-0.7896765794068324, 0.16013129347666225, -0.5922574345551229, -7.314247236221149e-17]}], "source": "action wait"}
{"timestamp": 1709221909.761697, "objects": [{"color": "cv_", "id_name": "hand", "shape": "CVCylinder", "id_string": "ob382", "world_size": [0.12, 0.005, 0.12], "id": 382, "camera_size": [49, 50], "camera_position": [246, 252], "world_position": [0.7079499102270489, 0.7052501231454507, -0.17410426650234329], "world_orientation": [-5.593625668437624e-06, -0.0010738582857253837, 0.9999994233983805, -0.0007628850237935359, -0.9999991324127881, -0.0010738622405432655, 0.9999997089875335, -0.0007628905906965327, 4.7743904119870005e-06], "world_rotation": [0.0, 1.0, 0.0, 0.0]}, {"color": "CVBlue", "id_name": "object124766059236063", "shape": "CVCylinder", "id_string": "ob414", "world_size": [0.09, 0.09, 0.09], "id": 414, "camera_size": [37, 37], "camera_position": [256, 254], "world_position": [0.705, 0.6448569696296074, -0.15], "world_orientation": [1.0, -4.331917303826236e-17, -1.1712398707441946e-17, 4.331917303826236e-17, 1.0, -5.775889738434995e-17, 1.1712398707441946e-17, 5.775889738434995e-17, 1.0], "world_rotation": [-0.7896765794068324, 0.16013129347666225, -0.5922574345551229, -7.314247236221149e-17]}], "source": "action wait"}
{"timestamp": 1709221910.853522, "objects": [{"color": "cv_", "id_name": "hand", "shape": "CVCylinder", "id_string": "ob382", "world_size": [0.12, 0.005, 0.12], "id": 382, "camera_size": [49, 50], "camera_position": [246, 252], "world_position": [0.7087155528600715, 0.7048136728409649, -0.17410545009453818], "world_orientation": [-4.2023075297797515e-06, -0.001689451945888733, 0.9999985728662132, -0.0007631196016574116, -0.999998281694235, -0.0016894546608344273, 0.9999997088153648, -0.0007631256121920528, 2.913046413328183e-06], "world_rotation": [0.0, 1.0, 0.0, 0.0]}, {"color": "CVBlue", "id_name": "object124766059236063", "shape": "CVCylinder", "id_string": "ob414", "world_size": [0.09, 0.09, 0.09], "id": 414, "camera_size": [37, 37], "camera_position": [256, 254], "world_position": [0.705, 0.6448569696296074, -0.15], "world_orientation": [1.0, -4.331917303826236e-17, -1.1712398707441946e-17, 4.331917303826236e-17, 1.0, -5.775889738434995e-17, 1.1712398707441946e-17, 5.775889738434995e-17, 1.0], "world_rotation": [-0.7896765794068324, 0.16013129347666225, -0.5922574345551229, -7.314247236221149e-17]}], "source": "action wait"}
{"timestamp": 1709221910.893561, "objects": [{"color": "cv_", "id_name": "hand", "shape": "CVCylinder", "id_string": "ob382", "world_size": [0.12, 0.005, 0.12], "id": 382, "camera_size": [51, 51], "camera_position": [246, 251], "world_position": [0.7116090677045639, 0.7282900112324648, -0.17409760559602258], "world_orientation": [1.895244051646606e-05, 0.032599623131780026, 0.99946849085525, -0.0007431495222722331, -0.9994682145867269, 0.03259962821272834, 0.9999997236847581, -0.0007433723740201333, 5.284032471922902e-06], "world_rotation": [0.0, 1.0, 0.0, 0.0]}, {"color": "CVBlue", "id_name": "object124766059236063", "shape": "CVCylinder", "id_string": "ob414", "world_size": [0.09, 0.09, 0.09], "id": 414, "camera_size": [38, 38], "camera_position": [252, 251], "world_position": [0.710749111606162, 0.6736843075177261, -0.15866699361894956], "world_orientation": [0.9994229613876742, -0.033966810884257626, -3.0732077029221727e-06, 0.033966810964558475, 0.9994229608894357, 3.1621057948908836e-05, 1.997367846571896e-06, -3.170719844260971e-05, 0.999999999495332], "world_rotation": [0.0009322074544998397, 7.464011477941226e-05, -0.9999995627089617, -0.0339733606818611]}], "source": "action wait"}
{"timestamp": 1709221910.924919, "objects": [{"color": "cv_", "id_name": "hand", "shape": "CVCylinder", "id_string": "ob382", "world_size": [0.12, 0.005, 0.12], "id": 382, "camera_size": [52, 53], "camera_position": [245, 249], "world_position": [0.7156409525588229, 0.7847557164358985, -0.1741088701190928], "world_orientation": [8.142383809964567e-05, 0.1137350891983469, 0.9935111085716166, -0.0007253812803863609, -0.9935108437655725, 0.11373511833298758, 0.999999733596043, -0.0007299351098754566, 1.6058385349415336e-06], "world_rotation": [0.0, 1.0, 0.0, 0.0]}, {"color": "CVBlue", "id_name": "object124766059236063", "shape": "CVCylinder", "id_string": "ob414", "world_size": [0.09, 0.09, 0.09], "id": 414, "camera_size": [39, 44], "camera_position": [250, 247], "world_position": [0.719290994973077, 0.733638621829517, -0.16423199639541625], "world_orientation": [0.9933782518284598, -0.11488972441984394, -4.118912868186503e-06, 0.11488972447698262, 0.9933782504345392, 5.266134265477446e-05, -1.9586086864945666e-06, -5.2785853269909986e-05, 0.999999998604909], "world_rotation": [0.000458906074163559, 9.401641289043436e-06, -0.9999998946584067, -0.11514400050198821]}], "source": "action wait"}
{"timestamp": 1709221910.941824, "objects": [{"color": "cv_", "id_name": "hand", "shape": "CVCylinder", "id_string": "ob382", "world_size": [0.12, 0.005, 0.12], "id": 382, "camera_size": [56, 55], "camera_position": [244, 249], "world_position": [0.7140871719402936, 0.8549096409151764, -0.17411222860658096], "world_orientation": [0.0001564188400202981, 0.21279765144306323, 0.9770962772795029, -0.0007211964607580772, -0.9770960111214907, 0.21279770893065747, 0.9999997277043687, -0.0007379639477840707, 6.326884307012354e-07], "world_rotation": [0.0, 1.0, 0.0, 0.0]}, {"color": "CVBlue", "id_name": "object124766059236063", "shape": "CVCylinder", "id_string": "ob414", "world_size": [0.09, 0.09, 0.09], "id": 414, "camera_size": [41, 50], "camera_position": [248, 245], "world_position": [0.7227852310913004, 0.8064954730746955, -0.16779030010079904], "world_orientation": [0.9768764545488736, -0.21380456611083382, -7.627623574306742e-06, 0.21380456622501304, 0.9768764533168334, 4.915749036554745e-05, -3.058850034198708e-06, -4.965161565244873e-05, 0.9999999987626804], "world_rotation": [0.000231073417058826, 1.0684461748782881e-05, -0.9999999732454588, -0.21546794064314795]}], "source": "action wait"}
{"timestamp": 1709221910.959632, "objects": [{"color": "cv_", "id_name": "hand", "shape": "CVCylinder", "id_string": "ob382", "world_size": [0.12, 0.005, 0.12], "id": 382, "camera_size": [59, 57], "camera_position": [244, 253], "world_position": [0.7050887146034039, 0.924514453567313, -0.17411315917714731], "world_orientation": [0.00023161130865076627, 0.30972826941456627, 0.9508250866913743, -0.0007095562369143043, -0.9508248219371489, 0.3097283560123873, 0.9999997214430355, -0.0007464004603389651, -4.521559942302041e-07], "world_rotation": [0.0, 1.0, 0.0, 0.0]}, {"color": "CVBlue", "id_name": "object124766059236063", "shape": "CVCylinder", "id_string": "ob414", "world_size": [0.09, 0.09, 0.09], "id": 414, "camera_size": [44, 55], "camera_position": [246, 247], "world_position": [0.7185603123509561, 0.8785483680572074, -0.17006641281497414], "world_orientation": [0.9505315670429445, -0.3106279767806691, -9.799619167072572e-06, 0.3106279769070762, 0.9505315660588493, 4.345490176318312e-05, -4.18346086224249e-06, -4.434929174498322e-05, 0.9999999990078197], "world_rotation": [0.00014133336204897115, 9.040007126163766e-06, -0.9999999899715796, -0.31585362305250725]}], "source": "action wait"}
{"timestamp": 1709221910.990127, "objects": [{"color": "cv_", "id_name": "hand", "shape": "CVCylinder", "id_string": "ob382", "world_size": [0.12, 0.005, 0.12], "id": 382, "camera_size": [63, 59], "camera_position": [243, 262], "world_position": [0.6889001438434033, 0.9927948954854928, -0.17411361031070685], "world_orientation": [0.0003054103064042413, 0.40352966998296275, 0.9149665087684826, -0.0006874324236525154, -0.9149662505299381, 0.40352978555225605, 0.9999997170805638, -0.0007522198001325369, -2.0407438713229464e-06], "world_rotation": [0.0, 1.0, 0.0, 0.0]}, {"color": "CVBlue", "id_name": "object124766059236063", "shape": "CVCylinder", "id_string": "ob414", "world_size": [0.09, 0.09, 0.09], "id": 414, "camera_size": [47, 62], "camera_position": [245, 252], "world_position": [0.7068890655820789, 0.9492638581124839, -0.1715229145408849], "world_orientation": [0.9146060600155042, -0.40434608302723, -1.1110912953665405e-05, 0.4043460831386804, 0.9146060591846983, 3.9408673460036306e-05, -5.772634440368697e-06, -4.0536065696630806e-05, 0.9999999991617521], "world_rotation": [9.885682353436709e-05, 6.601125509110699e-06, -0.9999999950918768, -0.41626374857834253]}], "source": "action wait"}
{"timestamp": 1709221911.013353, "objects": [{"color": "cv_", "id_name": "hand", "shape": "CVCylinder", "id_string": "ob382", "world_size": [0.12, 0.005, 0.12], "id": 382, "camera_size": [66, 59], "camera_position": [242, 275], "world_position": [0.6657828488564357, 1.0590627068781837, -0.17411403486436805], "world_orientation": [0.0003766333803524405, 0.493258718510252, 0.8698825752714678, -0.0006560600515221063, -0.8698823278825046, 0.4932588622852342, 0.999999713866212, -0.0007564729598421968, -4.019381379195857e-06], "world_rotation": [0.0, 1.0, 0.0, 0.0]}, {"color": "CVBlue", "id_name": "object124766059236063", "shape": "CVCylinder", "id_string": "ob414", "world_size": [0.09, 0.09, 0.09], "id": 414, "camera_size": [50, 68], "camera_position": [243, 262], "world_position": [0.6880307010800244, 1.0181006343939938, -0.17245518078018016], "world_orientation": [0.8694591409304108, -0.4940048604138886, -1.1832435517454897e-05, 0.494004860495032, 0.8694591401993619, 3.6483836814008606e-05, -7.735373501196691e-06, -3.756648607126999e-05, 0.9999999992644616], "world_rotation": [7.494898188707695e-05, 4.146783091310647e-06, -0.9999999971827273, -0.5166899104889033]}], "source": "action wait"}
{"timestamp": 1709221911.04212, "objects": [{"color": "cv_", "id_name": "hand", "shape": "CVCylinder", "id_string": "ob382", "world_size": [0.12, 0.005, 0.12], "id": 382, "camera_size": [71, 60], "camera_position": [242, 289], "world_position": [0.6423720328698821, 1.1090416415638635, -0.17411355469974243], "world_orientation": [0.0004372135882717248, 0.5601995113465323, 0.8283576017224594, -0.000635384059121488, -0.8283573580630891, 0.5601996819258618, 0.9999997025656436, -0.0007712521284701294, -6.22725345232062e-06], "world_rotation": [0.0, 1.0, 0.0, 0.0]}, {"color": "CVBlue", "id_name": "object124766059236063", "shape": "CVCylinder", "id_string": "ob414", "world_size": [0.09, 0.09, 0.09], "id": 414, "camera_size": [52, 72], "camera_position": [242, 274], "world_position": [0.6677267339120412, 1.0704278900528936, -0.17305158881852617], "world_orientation": [0.8278891635617858, -0.5608917300438497, -5.0382637447757385e-06, 0.5608917299789529, 0.8278891632405091, 2.5102735625012874e-05, -9.908792857699471e-06, -2.360820326760206e-05, 0.9999999996722343], "world_rotation": [-4.3422764358856325e-05, 4.341772973000548e-06, 0.9999999990478062, 0.5954625209301423]}], "source": "action wait"}
{"timestamp": 1709221911.062095, "objects": [{"color": "cv_", "id_name": "hand", "shape": "CVCylinder", "id_string": "ob382", "world_size": [0.12, 0.005, 0.12], "id": 382, "camera_size": [73, 61], "camera_position": [241, 302], "world_position": [0.6231445273514017, 1.1428525034202035, -0.1741146564388527], "world_orientation": [0.0004790085620149297, 0.6053571210888343, 0.7959538469646562, -0.0006135600988555312, -0.7959536105444697, 0.6053573105243121, 0.9999996970473555, -0.0007783368558476317, -9.845619358812465e-06], "world_rotation": [0.0, 1.0, 0.0, 0.0]}, {"color": "CVBlue", "id_name": "object124766059236063", "shape": "CVCylinder", "id_string": "ob414", "world_size": [0.09, 0.09, 0.09], "id": 414, "camera_size": [54, 76], "camera_position": [241, 285], "world_position": [0.6505413311360988, 1.106096385248105, -0.17343456937302584], "world_orientation": [0.7954562630326131, -0.606011001221945, 4.076462671716397e-07, 0.6060110010717238, 0.7954562628500558, 2.1740981009851426e-05, -1.349953844557648e-05, -1.704696138630758e-05, 0.9999999997635818], "world_rotation": [-3.200267181646811e-05, 1.1474366536574866e-05, 0.9999999994220841, 0.6510362236015881]}], "source": "action wait"}
{"timestamp": 1709221911.123916, "objects": [{"color": "cv_", "id_name": "hand", "shape": "CVCylinder", "id_string": "ob382", "world_size": [0.12, 0.005, 0.12], "id": 382, "camera_size": [75, 61], "camera_position": [241, 312], "world_position": [0.6083268832617286, 1.1659013082433374, -0.1741163187575524], "world_orientation": [0.000506859175046753, 0.6360917690301305, 0.771613247984958, -0.0005938525666456207, -0.771613019578704, 0.636091970831077, 0.9999996952164064, -0.0007806335593629928, -1.3354408897800308e-05], "world_rotation": [0.0, 1.0, 0.0, 0.0]}, {"color": "CVBlue", "id_name": "object124766059236063", "shape": "CVCylinder", "id_string": "ob414", "world_size": [0.09, 0.09, 0.09], "id": 414, "camera_size": [56, 78], "camera_position": [241, 294], "world_position": [0.6370843609485931, 1.1305394176823285, -0.17368052190205446], "world_orientation": [0.7710961948285437, -0.6367186649602165, 3.4957375063041066e-06, 0.6367186647431609, 0.771096194688928, 2.2448642018142472e-05, -1.6989019264703944e-05, -1.5084261121951286e-05, 0.9999999997419193], "world_rotation": [-2.9473694734296673e-05, 1.608619150832626e-05, 0.9999999994362678, 0.6902353342684769]}], "source": "action wait"}
