{"timestamp": 1706069061.393087, "objects": [{"color": "cv_", "id_name": "hand", "shape": "CVCylinder", "id_string": "ob383", "world_size": [0.12, 0.005, 0.12], "id": 383, "camera_size": [48, 50], "camera_position": [246, 426], "world_position": [0.2676445155400098, 0.6334703013849515, -0.17389260400847456], "world_orientation": [-0.0006415489094231426, 0.19791547486687924, 0.9802188802625741, -0.0007473670724845453, -0.9802189031248735, 0.19791499033456045, 0.9999995149286104, -0.0006056111687285705, 0.0007767738773467895], "world_rotation": [0.0, 1.0, 0.0, 0.0]}, {"color": "CVGreen", "id_name": "object55150845405528", "shape": "CVBox", "id_string": "ob1038", "world_size": [0.1, 0.1, 0.1], "id": 1038, "camera_size": [41, 41], "camera_position": [256, 254], "world_position": [0.705, 0.6498037932383656, -0.15], "world_orientation": [1.0, 2.1316282072802963e-17, -9.624447840080312e-18, -2.1316282072802963e-17, 1.0, -1.5774048733874193e-16, 9.624447840080312e-18, 1.5774048733874193e-16, 1.0], "world_rotation": [-0.9891858493133231, 0.06035462278252622, 0.13367376342071935, -1.5946496550495827e-16]}], "source": "manual check"}
{"timestamp": 1706069062.412467, "objects": [{"color": "cv_", "id_name": "hand", "shape": "CVCylinder", "id_string": "ob383", "world_size": [0.12, 0.005, 0.12], "id": 383, "camera_size": [48, 50], "camera_position": [246, 426], "world_position": [0.2676445155400098, 0.6334703013849515, -0.17389260400847456], "world_orientation": [-0.0006415489094231426, 0.19791547486687924, 0.9802188802625741, -0.0007473670724845453, -0.9802189031248735, 0.19791499033456045, 0.9999995149286104, -0.0006056111687285705, 0.0007767738773467895], "world_rotation": [0.0, 1.0, 0.0, 0.0]}, {"color": "CVGreen", "id_name": "object55150845405528", "shape": "CVBox", "id_string": "ob1038", "world_size": [0.1, 0.1, 0.1], "id": 1038, "camera_size": [41, 41], "camera_position": [256, 254], "world_position": [0.705, 0.6498037994254439, -0.15], "world_orientation": [1.0, 8.100187187665134e-17, -1.2653630886983698e-17, -8.100187187665134e-17, 1.0, -1.9397816686250694e-16, 1.2653630886983698e-17, 1.9397816686250694e-16, 1.0], "world_rotation": [-0.9211093596285536, 0.06008602943210125, 0.38463907325148433, -2.1059189642881336e-16]}], "source": "manual check"}
{"timestamp": 1706069063.784772, "objects": [{"color": "cv_", "id_name": "hand", "shape": "CVCylinder", "id_string": "ob383", "world_size": [0.12, 0.005, 0.12], "id": 383, "camera_size": [48, 50], "camera_position": [246, 426], "world_position": [0.2676445155400098, 0.6334703013849515, -0.17389260400847456], "world_orientation": [-0.0006415489094231426, 0.19791547486687924, 0.9802188802625741, -0.0007473670724845453, -0.9802189031248735, 0.19791499033456045, 0.9999995149286104, -0.0006056111687285705, 0.0007767738773467895], "world_rotation": [0.0, 1.0, 0.0, 0.0]}, {"color": "CVGreen", "id_name": "object55150845405528", "shape": "CVBox", "id_string": "ob1038", "world_size": [0.1, 0.1, 0.1], "id": 1038, "camera_size": [41, 41], "camera_position": [256, 254], "world_position": [0.705, 0.6498037994254439, -0.15], "world_orientation": [1.0, 8.100187187665134e-17, -1.2653630886983698e-17, -8.100187187665134e-17, 1.0, -1.9397816686250694e-16, 1.2653630886983698e-17, 1.9397816686250694e-16, 1.0], "world_rotation": [-0.9211093596285536, 0.06008602943210125, 0.38463907325148433, -2.1059189642881336e-16]}], "source": "action wait"}
{"timestamp": 1706069063.813947, "objects": [{"color": "cv_", "id_name": "hand", "shape": "CVCylinder", "id_string": "ob383", "world_size": [0.12, 0.005, 0.12], "id": 383, "camera_size": [49, 51], "camera_position": [246, 421], "world_position": [0.2909599178531817, 0.6676229508247573, -0.1739561739035479], "world_orientation": [-0.000383896640810084, 0.19680869788142982, 0.9804418335942146, -0.0007155550763464067, -0.9804417089019833, 0.19680839267239514, 0.9999996703020966, -0.0006260060502608383, 0.0005172157413961818], "world_rotation": [0.0, 1.0, 0.0, 0.0]}, {"color": "CVGreen", "id_name": "object55150845405528", "shape": "CVBox", "id_string": "ob1038", "world_size": [0.1, 0.1, 0.1], "id": 1038, "camera_size": [41, 41], "camera_position": [256, 254], "world_position": [0.705, 0.6498037994254439, -0.15], "world_orientation": [1.0, 8.100187187665134e-17, -1.2653630886983698e-17, -8.100187187665134e-17, 1.0, -1.9397816686250694e-16, 1.2653630886983698e-17, 1.9397816686250694e-16, 1.0], "world_rotation": [-0.9211093596285536, 0.06008602943210125, 0.38463907325148433, -2.1059189642881336e-16]}], "source": "action wait"}
{"timestamp": 1706069063.845444, "objects": [{"color": "cv_", "id_name": "hand", "shape": "CVCylinder", "id_string": "ob383", "world_size": [0.12, 0.005, 0.12], "id": 383, "camera_size": [51, 52], "camera_position": [246, 406], "world_position": [0.3369006062971463, 0.7054905891076778, -0.17398401331663643], "world_orientation": [-0.00022512652907529304, 0.1841560327263826, 0.9828969960929403, -0.000732030765821184, -0.9828967879972524, 0.18415582607032166, 0.9999997067244589, -0.0006780524788413445, 0.00035608402398878557], "world_rotation": [0.0, 1.0, 0.0, 0.0]}, {"color": "CVGreen", "id_name": "object55150845405528", "shape": "CVBox", "id_string": "ob1038", "world_size": [0.1, 0.1, 0.1], "id": 1038, "camera_size": [41, 41], "camera_position": [256, 254], "world_position": [0.705, 0.6498037994254439, -0.15], "world_orientation": [1.0, 8.100187187665134e-17, -1.2653630886983698e-17, -8.100187187665134e-17, 1.0, -1.9397816686250694e-16, 1.2653630886983698e-17, 1.9397816686250694e-16, 1.0], "world_rotation": [-0.9211093596285536, 0.06008602943210125, 0.38463907325148433, -2.1059189642881336e-16]}], "source": "action wait"}
{"timestamp": 1706069063.877856, "objects": [{"color": "cv_", "id_name": "hand", "shape": "CVCylinder", "id_string": "ob383", "world_size": [0.12, 0.005, 0.12], "id": 383, "camera_size": [51, 52], "camera_position": [246, 388], "world_position": [0.3873936812660501, 0.7385948250315203, -0.1740045320113824], "world_orientation": [-0.00012219022651310693, 0.17514488085223065, 0.9845426632608698, -0.0007433020932221472, -0.9845424145391354, 0.17514474435576935, 0.9999997162857331, -0.0007104116464831934, 0.0002504870171993272], "world_rotation": [0.0, 1.0, 0.0, 0.0]}, {"color": "CVGreen", "id_name": "object55150845405528", "shape": "CVBox", "id_string": "ob1038", "world_size": [0.1, 0.1, 0.1], "id": 1038, "camera_size": [41, 41], "camera_position": [256, 254], "world_position": [0.705, 0.6498037994254439, -0.15], "world_orientation": [1.0, 8.100187187665134e-17, -1.2653630886983698e-17, -8.100187187665134e-17, 1.0, -1.9397816686250694e-16, 1.2653630886983698e-17, 1.9397816686250694e-16, 1.0], "world_rotation": [-0.9211093596285536, 0.06008602943210125, 0.38463907325148433, -2.1059189642881336e-16]}], "source": "action wait"}
{"timestamp": 1706069063.911742, "objects": [{"color": "cv_", "id_name": "hand", "shape": "CVCylinder", "id_string": "ob383", "world_size": [0.12, 0.005, 0.12], "id": 383, "camera_size": [52, 53], "camera_position": [245, 368], "world_position": [0.44145992591127053, 0.7664947356034351, -0.17402303446036843], "world_orientation": [-4.974283937147085e-05, 0.16877796206619564, 0.9856540960430448, -0.0007506945577517645, -0.9856538258359862, 0.16877787791225618, 0.9999997169916254, -0.0007315296748551026, 0.00017572991752638238], "world_rotation": [0.0, 1.0, 0.0, 0.0]}, {"color": "CVGreen", "id_name": "object55150845405528", "shape": "CVBox", "id_string": "ob1038", "world_size": [0.1, 0.1, 0.1], "id": 1038, "camera_size": [41, 41], "camera_position": [256, 254], "world_position": [0.705, 0.6498037994254439, -0.15], "world_orientation": [1.0, 8.100187187665134e-17, -1.2653630886983698e-17, -8.100187187665134e-17, 1.0, -1.9397816686250694e-16, 1.2653630886983698e-17, 1.9397816686250694e-16, 1.0], "world_rotation": [-0.9211093596285536, 0.06008602943210125, 0.38463907325148433, -2.1059189642881336e-16]}], "source": "action wait"}
{"timestamp": 1706069063.946947, "objects": [{"color": "cv_", "id_name": "hand", "shape": "CVCylinder", "id_string": "ob383", "world_size": [0.12, 0.005, 0.12], "id": 383, "camera_size": [52, 53], "camera_position": [245, 344], "world_position": [0.49865963393188323, 0.7804953810225684, -0.17403822558655743], "world_orientation": [-6.862394798845697e-06, 0.15228458256030855, 0.988336686492685, -0.0007644733694323496, -0.9883363985131852, 0.15228453287991484, 0.9999997077666449, -0.000754512040270571, 0.0001231998625035603], "world_rotation": [0.0, 1.0, 0.0, 0.0]}, {"color": "CVGreen", "id_name": "object55150845405528", "shape": "CVBox", "id_string": "ob1038", "world_size": [0.1, 0.1, 0.1], "id": 1038, "camera_size": [41, 41], "camera_position": [256, 254], "world_position": [0.705, 0.6498037994254439, -0.15], "world_orientation": [1.0, 8.100187187665134e-17, -1.2653630886983698e-17, -8.100187187665134e-17, 1.0, -1.9397816686250694e-16, 1.2653630886983698e-17, 1.9397816686250694e-16, 1.0], "world_rotation": [-0.9211093596285536, 0.06008602943210125, 0.38463907325148433, -2.1059189642881336e-16]}], "source": "action wait"}
{"timestamp": 1706069063.982395, "objects": [{"color": "cv_", "id_name": "hand", "shape": "CVCylinder", "id_string": "ob383", "world_size": [0.12, 0.005, 0.12], "id": 383, "camera_size": [52, 53], "camera_position": [245, 318], "world_position": [0.557265341684184, 0.7713971317619622, -0.17405007226858066], "world_orientation": [-9.50627646141116e-07, 0.11272173792638009, 0.9936265947517472, -0.0007770161331694871, -0.9936262948823622, 0.11272170316437688, 0.999999698122467, -0.0007719567381013337, 8.853117755395088e-05], "world_rotation": [0.0, 1.0, 0.0, 0.0]}, {"color": "CVGreen", "id_name": "object55150845405528", "shape": "CVBox", "id_string": "ob1038", "world_size": [0.1, 0.1, 0.1], "id": 1038, "camera_size": [41, 41], "camera_position": [256, 254], "world_position": [0.705, 0.6498037994254439, -0.15], "world_orientation": [1.0, 8.100187187665134e-17, -1.2653630886983698e-17, -8.100187187665134e-17, 1.0, -1.9397816686250694e-16, 1.2653630886983698e-17, 1.9397816686250694e-16, 1.0], "world_rotation": [-0.9211093596285536, 0.06008602943210125, 0.38463907325148433, -2.1059189642881336e-16]}], "source": "action wait"}
{"timestamp": 1706069064.014922, "objects": [{"color": "cv_", "id_name": "hand", "shape": "CVCylinder", "id_string": "ob383", "world_size": [0.12, 0.005, 0.12], "id": 383, "camera_size": [52, 52], "camera_position": [245, 297], "world_position": [0.6024956182926315, 0.7573942708610142, -0.17405571520572694], "world_orientation": [-1.565268799817363e-05, 0.07904307711524189, 0.9968712011665033, -0.0007751512972230399, -0.9968709027578414, 0.07904304128278948, 0.9999996994476847, -0.0007714887686852187, 7.687405297809868e-05], "world_rotation": [0.0, 1.0, 0.0, 0.0]}, {"color": "CVGreen", "id_name": "object55150845405528", "shape": "CVBox", "id_string": "ob1038", "world_size": [0.1, 0.1, 0.1], "id": 1038, "camera_size": [41, 41], "camera_position": [256, 254], "world_position": [0.705, 0.6498037994254439, -0.15], "world_orientation": [1.0, 8.100187187665134e-17, -1.2653630886983698e-17, -8.100187187665134e-17, 1.0, -1.9397816686250694e-16, 1.2653630886983698e-17, 1.9397816686250694e-16, 1.0], "world_rotation": [-0.9211093596285536, 0.06008602943210125, 0.38463907325148433, -2.1059189642881336e-16]}], "source": "action wait"}
{"timestamp": 1706069064.047372, "objects": [{"color": "cv_", "id_name": "hand", "shape": "CVCylinder", "id_string": "ob383", "world_size": [0.12, 0.005, 0.12], "id": 383, "camera_size": [51, 51], "camera_position": [246, 284], "world_position": [0.6342198430107661, 0.7450657886269177, -0.17406341430888703], "world_orientation": [-2.2178159264758903e-05, 0.05524291389116288, 0.9984729440365135, -0.0007712584384294236, -0.9984726482613514, 0.055242880395439065, 0.999999702334231, -0.0007688554982323171, 6.47508489170191e-05], "world_rotation": [0.0, 1.0, 0.0, 0.0]}, {"color": "CVGreen", "id_name": "object55150845405528", "shape": "CVBox", "id_string": "ob1038", "world_size": [0.1, 0.1, 0.1], "id": 1038, "camera_size": [41, 41], "camera_position": [256, 254], "world_position": [0.705, 0.6498037994254439, -0.15], "world_orientation": [1.0, 8.100187187665134e-17, -1.2653630886983698e-17, -8.100187187665134e-17, 1.0, -1.9397816686250694e-16, 1.2653630886983698e-17, 1.9397816686250694e-16, 1.0], "world_rotation": [-0.9211093596285536, 0.06008602943210125, 0.38463907325148433, -2.1059189642881336e-16]}], "source": "action wait"}
{"timestamp": 1706069064.076119, "objects": [{"color": "cv_", "id_name": "hand", "shape": "CVCylinder", "id_string": "ob383", "world_size": [0.12, 0.005, 0.12], "id": 383, "camera_size": [51, 50], "camera_position": [246, 274], "world_position": [0.6564083187225409, 0.7351866773317872, -0.1740712998619508], "world_orientation": [-2.3734558985192423e-05, 0.038447695808351424, 0.9992606137158111, -0.000767767289479907, -0.9992603201824578, 0.038447666278218495, 0.9999997049849866, -0.0007662870744738451, 5.3235886208836764e-05], "world_rotation": [0.0, 1.0, 0.0, 0.0]}, {"color": "CVGreen", "id_name": "object55150845405528", "shape": "CVBox", "id_string": "ob1038", "world_size": [0.1, 0.1, 0.1], "id": 1038, "camera_size": [41, 41], "camera_position": [256, 254], "world_position": [0.705, 0.6498037994254439, -0.15], "world_orientation": [1.0, 8.100187187665134e-17, -1.2653630886983698e-17, -8.100187187665134e-17, 1.0, -1.9397816686250694e-16, 1.2653630886983698e-17, 1.9397816686250694e-16, 1.0], "world_rotation": [-0.9211093596285536, 0.06008602943210125, 0.38463907325148433, -2.1059189642881336e-16]}], "source": "action wait"}
{"timestamp": 1706069064.106719, "objects": [{"color": "cv_", "id_name": "hand", "shape": "CVCylinder", "id_string": "ob383", "world_size": [0.12, 0.005, 0.12], "id": 383, "camera_size": [51, 51], "camera_position": [246, 268], "world_position": [0.6719276652747728, 0.7276556264309603, -0.17407841152313475], "world_orientation": [-2.268776212984467e-05, 0.026603485254326816, 0.9996460643935875, -0.0007652687567867308, -0.9996457723982202, 0.026603460115099547, 0.9999997069244547, -0.000764394327950663, 4.303854158542229e-05], "world_rotation": [0.0, 1.0, 0.0, 0.0]}, {"color": "CVGreen", "id_name": "object55150845405528", "shape": "CVBox", "id_string": "ob1038", "world_size": [0.1, 0.1, 0.1], "id": 1038, "camera_size": [41, 41], "camera_position": [256, 254], "world_position": [0.705, 0.6498037994254439, -0.15], "world_orientation": [1.0, 8.100187187665134e-17, -1.2653630886983698e-17, -8.100187187665134e-17, 1.0, -1.9397816686250694e-16, 1.2653630886983698e-17, 1.9397816686250694e-16, 1.0], "world_rotation": [-0.9211093596285536, 0.06008602943210125, 0.38463907325148433, -2.1059189642881336e-16]}], "source": "action wait"}
{"timestamp": 1706069064.140167, "objects": [{"color": "cv_", "id_name": "hand", "shape": "CVCylinder", "id_string": "ob383", "world_size": [0.12, 0.005, 0.12], "id": 383, "camera_size": [51, 50], "camera_position": [246, 263], "world_position": [0.6827930577728387, 0.7220805738411756, -0.17408442067725002], "world_orientation": [-2.047988215548624e-05, 0.018253445287430982, 0.999833391778707, -0.0007637034729754385, -0.9998331007009255, 0.018253424330210193, 0.9999997081687474, -0.000763202405719354, 3.441668363765842e-05], "world_rotation": [0.0, 1.0, 0.0, 0.0]}, {"color": "CVGreen", "id_name": "object55150845405528", "shape": "CVBox", "id_string": "ob1038", "world_size": [0.1, 0.1, 0.1], "id": 1038, "camera_size": [41, 41], "camera_position": [256, 254], "world_position": [0.705, 0.6498037994254439, -0.15], "world_orientation": [1.0, 8.100187187665134e-17, -1.2653630886983698e-17, -8.100187187665134e-17, 1.0, -1.9397816686250694e-16, 1.2653630886983698e-17, 1.9397816686250694e-16, 1.0], "world_rotation": [-0.9211093596285536, 0.06008602943210125, 0.38463907325148433, -2.1059189642881336e-16]}], "source": "action wait"}
{"timestamp": 1706069064.173516, "objects": [{"color": "cv_", "id_name": "hand", "shape": "CVCylinder", "id_string": "ob383", "world_size": [0.12, 0.005, 0.12], "id": 383, "camera_size": [51, 51], "camera_position": [246, 260], "world_position": [0.6904093419170526, 0.7180282226477839, -0.17408930517624777], "world_orientation": [-1.7924470301846712e-05, 0.012367611895104645, 0.9999235180026149, -0.0007628339422938037, -0.9999232273967519, 0.0123675946262894, 0.9999997088815026, -0.0007625539166479986, 2.7357528332670537e-05], "world_rotation": [0.0, 1.0, 0.0, 0.0]}, {"color": "CVGreen", "id_name": "object55150845405528", "shape": "CVBox", "id_string": "ob1038", "world_size": [0.1, 0.1, 0.1], "id": 1038, "camera_size": [41, 41], "camera_position": [256, 254], "world_position": [0.705, 0.6498037994254439, -0.15], "world_orientation": [1.0, 8.100187187665134e-17, -1.2653630886983698e-17, -8.100187187665134e-17, 1.0, -1.9397816686250694e-16, 1.2653630886983698e-17, 1.9397816686250694e-16, 1.0], "world_rotation": [-0.9211093596285536, 0.06008602943210125, 0.38463907325148433, -2.1059189642881336e-16]}], "source": "action wait"}
{"timestamp": 1706069064.209066, "objects": [{"color": "cv_", "id_name": "hand", "shape": "CVCylinder", "id_string": "ob383", "world_size": [0.12, 0.005, 0.12], "id": 383, "camera_size": [50, 50], "camera_position": [245, 257], "world_position": [0.6957542026317975, 0.7151171200642572, -0.1740931768026194], "world_orientation": [-1.5421275129368375e-05, 0.008219001133246513, 0.9999662233208461, -0.000762423405984427, -0.9999659329014348, 0.008218986988270524, 0.999999709236325, -0.0007622709065943738, 2.1687108609435753e-05], "world_rotation": [0.0, 1.0, 0.0, 0.0]}, {"color": "CVGreen", "id_name": "object55150845405528", "shape": "CVBox", "id_string": "ob1038", "world_size": [0.1, 0.1, 0.1], "id": 1038, "camera_size": [41, 41], "camera_position": [256, 254], "world_position": [0.705, 0.6498037994254439, -0.15], "world_orientation": [1.0, 8.100187187665134e-17, -1.2653630886983698e-17, -8.100187187665134e-17, 1.0, -1.9397816686250694e-16, 1.2653630886983698e-17, 1.9397816686250694e-16, 1.0], "world_rotation": [-0.9211093596285536, 0.06008602943210125, 0.38463907325148433, -2.1059189642881336e-16]}], "source": "action wait"}
{"timestamp": 1706069064.243205, "objects": [{"color": "cv_", "id_name": "hand", "shape": "CVCylinder", "id_string": "ob383", "world_size": [0.12, 0.005, 0.12], "id": 383, "camera_size": [50, 50], "camera_position": [245, 256], "world_position": [0.6995086973657979, 0.71304192219704, -0.17409619289936212], "world_orientation": [-1.3186434855053081e-05, 0.0052949008704000905, 0.9999859818271909, -0.0007622894010559031, -0.9999856914288194, 0.005294889280727871, 0.9999997093704512, -0.0007622088944391367, 1.7222492989525435e-05], "world_rotation": [0.0, 1.0, 0.0, 0.0]}, {"color": "CVGreen", "id_name": "object55150845405528", "shape": "CVBox", "id_string": "ob1038", "world_size": [0.1, 0.1, 0.1], "id": 1038, "camera_size": [41, 41], "camera_position": [256, 254], "world_position": [0.705, 0.6498037994254439, -0.15], "world_orientation": [1.0, 8.100187187665134e-17, -1.2653630886983698e-17, -8.100187187665134e-17, 1.0, -1.9397816686250694e-16, 1.2653630886983698e-17, 1.9397816686250694e-16, 1.0], "world_rotation": [-0.9211093596285536, 0.06008602943210125, 0.38463907325148433, -2.1059189642881336e-16]}], "source": "action wait"}
{"timestamp": 1706069064.27555, "objects": [{"color": "cv_", "id_name": "hand", "shape": "CVCylinder", "id_string": "ob383", "world_size": [0.12, 0.005, 0.12], "id": 383, "camera_size": [49, 50], "camera_position": [246, 255], "world_position": [0.7021481200251772, 0.7115701199876676, -0.17409851348568284], "world_orientation": [-1.1281690897296198e-05, 0.0032338606177504644, 0.9999947709954431, -0.000762306659483588, -0.999994480532648, 0.003233851078276613, 0.9999997093805979, -0.0007622661900706831, 1.3746822113489834e-05], "world_rotation": [0.0, 1.0, 0.0, 0.0]}, {"color": "CVGreen", "id_name": "object55150845405528", "shape": "CVBox", "id_string": "ob1038", "world_size": [0.1, 0.1, 0.1], "id": 1038, "camera_size": [41, 41], "camera_position": [256, 254], "world_position": [0.705, 0.6498037994254439, -0.15], "world_orientation": [1.0, 8.100187187665134e-17, -1.2653630886983698e-17, -8.100187187665134e-17, 1.0, -1.9397816686250694e-16, 1.2653630886983698e-17, 1.9397816686250694e-16, 1.0], "world_rotation": [-0.9211093596285536, 0.06008602943210125, 0.38463907325148433, -2.1059189642881336e-16]}], "source": "action wait"}
{"timestamp": 1706069064.306996, "objects": [{"color": "cv_", "id_name": "hand", "shape": "CVCylinder", "id_string": "ob383", "world_size": [0.12, 0.005, 0.12], "id": 383, "camera_size": [49, 50], "camera_position": [246, 254], "world_position": [0.7040048034811242, 0.7105297693100645, -0.17410028253191034], "world_orientation": [-9.71090696105205e-06, 0.0017811134169660608, 0.999998413769089, -0.0007623961558058608, -0.999998123205896, 0.001781105495869731, 0.9999997093288577, -0.0007623776503201099, 1.1068802758193715e-05], "world_rotation": [0.0, 1.0, 0.0, 0.0]}, {"color": "CVGreen", "id_name": "object55150845405528", "shape": "CVBox", "id_string": "ob1038", "world_size": [0.1, 0.1, 0.1], "id": 1038, "camera_size": [41, 41], "camera_position": [256, 254], "world_position": [0.705, 0.6498037994254439, -0.15], "world_orientation": [1.0, 8.100187187665134e-17, -1.2653630886983698e-17, -8.100187187665134e-17, 1.0, -1.9397816686250694e-16, 1.2653630886983698e-17, 1.9397816686250694e-16, 1.0], "world_rotation": [-0.9211093596285536, 0.06008602943210125, 0.38463907325148433, -2.1059189642881336e-16]}], "source": "action wait"}
{"timestamp": 1706069064.336263, "objects": [{"color": "cv_", "id_name": "hand", "shape": "CVCylinder", "id_string": "ob383", "world_size": [0.12, 0.005, 0.12], "id": 383, "camera_size": [49, 50], "camera_position": [246, 253], "world_position": [0.705311516244726, 0.7097960050861585, -0.17410162162192083], "world_orientation": [-8.44519363610674e-06, 0.0007571014806074699, 0.9999997133629724, -0.0007625114343015622, -0.9999994226917058, 0.0007570948209815385, 0.9999997092524535, -0.0007625048219255359, 9.022487296881184e-06], "world_rotation": [0.0, 1.0, 0.0, 0.0]}, {"color": "CVGreen", "id_name": "object55150845405528", "shape": "CVBox", "id_string": "ob1038", "world_size": [0.1, 0.1, 0.1], "id": 1038, "camera_size": [41, 41], "camera_position": [256, 254], "world_position": [0.705, 0.6498037994254439, -0.15], "world_orientation": [1.0, 8.100187187665134e-17, -1.2653630886983698e-17, -8.100187187665134e-17, 1.0, -1.9397816686250694e-16, 1.2653630886983698e-17, 1.9397816686250694e-16, 1.0], "world_rotation": [-0.9211093596285536, 0.06008602943210125, 0.38463907325148433, -2.1059189642881336e-16]}], "source": "action wait"}
{"timestamp": 1706069064.36827, "objects": [{"color": "cv_", "id_name": "hand", "shape": "CVCylinder", "id_string": "ob383", "world_size": [0.12, 0.005, 0.12], "id": 383, "camera_size": [49, 50], "camera_position": [246, 253], "world_position": [0.7062315207518672, 0.7092792041700149, -0.17410262962777154], "world_orientation": [-7.4426677532641635e-06, 3.527633061209311e-05, 0.9999999993500936, -0.0007626273109872194, -0.9999997085777408, 3.5270644373369366e-05, 0.9999997091720533, -0.0007626270479842383, 7.469568277825878e-06], "world_rotation": [0.0, 1.0, 0.0, 0.0]}, {"color": "CVGreen", "id_name": "object55150845405528", "shape": "CVBox", "id_string": "ob1038", "world_size": [0.1, 0.1, 0.1], "id": 1038, "camera_size": [41, 41], "camera_position": [256, 254], "world_position": [0.705, 0.6498037994254439, -0.15], "world_orientation": [1.0, 8.100187187665134e-17, -1.2653630886983698e-17, -8.100187187665134e-17, 1.0, -1.9397816686250694e-16, 1.2653630886983698e-17, 1.9397816686250694e-16, 1.0], "world_rotation": [-0.9211093596285536, 0.06008602943210125, 0.38463907325148433, -2.1059189642881336e-16]}], "source": "action wait"}
{"timestamp": 1706069064.40074, "objects": [{"color": "cv_", "id_name": "hand", "shape": "CVCylinder", "id_string": "ob383", "world_size": [0.12, 0.005, 0.12], "id": 383, "camera_size": [49, 50], "camera_position": [246, 253], "world_position": [0.706879456667022, 0.7089155287689825, -0.1741033850037521], "world_orientation": [-6.659185150062627e-06, -0.00047355154093782216, 0.9999998878522904, -0.0007627316670207614, -0.9999995969922498, -0.00047355648237220867, 0.9999997090979875, -0.0007627347349827859, 6.297989710483944e-06], "world_rotation": [0.0, 1.0, 0.0, 0.0]}, {"color": "CVGreen", "id_name": "object55150845405528", "shape": "CVBox", "id_string": "ob1038", "world_size": [0.1, 0.1, 0.1], "id": 1038, "camera_size": [41, 41], "camera_position": [256, 254], "world_position": [0.705, 0.6498037994254439, -0.15], "world_orientation": [1.0, 8.100187187665134e-17, -1.2653630886983698e-17, -8.100187187665134e-17, 1.0, -1.9397816686250694e-16, 1.2653630886983698e-17, 1.9397816686250694e-16, 1.0], "world_rotation": [-0.9211093596285536, 0.06008602943210125, 0.38463907325148433, -2.1059189642881336e-16]}], "source": "action wait"}
{"timestamp": 1706069064.433938, "objects": [{"color": "cv_", "id_name": "hand", "shape": "CVCylinder", "id_string": "ob383", "world_size": [0.12, 0.005, 0.12], "id": 383, "camera_size": [49, 49], "camera_position": [246, 253], "world_position": [0.7073358922687272, 0.7086597363712033, -0.1741039489609438], "world_orientation": [-6.0535247823054494e-06, -0.0008322430961046475, 0.9999996536673321, -0.0007628199436187438, -0.9999993627347368, -0.0008322474717286127, 0.999999709034502, -0.0007628247174603126, 5.418669293320883e-06], "world_rotation": [0.0, 1.0, 0.0, 0.0]}, {"color": "CVGreen", "id_name": "object55150845405528", "shape": "CVBox", "id_string": "ob1038", "world_size": [0.1, 0.1, 0.1], "id": 1038, "camera_size": [41, 41], "camera_position": [256, 254], "world_position": [0.705, 0.6498037994254439, -0.15], "world_orientation": [1.0, 8.100187187665134e-17, -1.2653630886983698e-17, -8.100187187665134e-17, 1.0, -1.9397816686250694e-16, 1.2653630886983698e-17, 1.9397816686250694e-16, 1.0], "world_rotation": [-0.9211093596285536, 0.06008602943210125, 0.38463907325148433, -2.1059189642881336e-16]}], "source": "action wait"}
{"timestamp": 1706069064.470146, "objects": [{"color": "cv_", "id_name": "hand", "shape": "CVCylinder", "id_string": "ob383", "world_size": [0.12, 0.005, 0.12], "id": 383, "camera_size": [49, 50], "camera_position": [246, 252], "world_position": [0.7076574891592999, 0.7084798691545288, -0.17410436868110477], "world_orientation": [-5.5894626998184675e-06, -0.0010851042330191202, 0.9999994112586075, -0.0007628916549157566, -0.9999991202678917, -0.0010851081814202731, 0.9999997089824981, -0.0007628972709419101, 4.761640818868597e-06], "world_rotation": [0.0, 1.0, 0.0, 0.0]}, {"color": "CVGreen", "id_name": "object55150845405528", "shape": "CVBox", "id_string": "ob1038", "world_size": [0.1, 0.1, 0.1], "id": 1038, "camera_size": [41, 41], "camera_position": [256, 254], "world_position": [0.705, 0.6498037994254439, -0.15], "world_orientation": [1.0, 8.100187187665134e-17, -1.2653630886983698e-17, -8.100187187665134e-17, 1.0, -1.9397816686250694e-16, 1.2653630886983698e-17, 1.9397816686250694e-16, 1.0], "world_rotation": [-0.9211093596285536, 0.06008602943210125, 0.38463907325148433, -2.1059189642881336e-16]}], "source": "action wait"}
{"timestamp": 1706069065.519823, "objects": [{"color": "cv_", "id_name": "hand", "shape": "CVCylinder", "id_string": "ob383", "world_size": [0.12, 0.005, 0.12], "id": 383, "camera_size": [49, 50], "camera_position": [246, 252], "world_position": [0.7084255190824417, 0.70805354869968, -0.17410555270247893], "world_orientation": [-4.188593569743509e-06, -0.0016893891180860606, 0.9999985729724136, -0.0007631195897515442, -0.9999982818004047, -0.001689391822584541, 0.9999997088154313, -0.0007631255769349286, 2.899380442542816e-06], "world_rotation": [0.0, 1.0, 0.0, 0.0]}, {"color": "CVGreen", "id_name": "object55150845405528", "shape": "CVBox", "id_string": "ob1038", "world_size": [0.1, 0.1, 0.1], "id": 1038, "camera_size": [41, 41], "camera_position": [256, 254], "world_position": [0.705, 0.6498037994254439, -0.15], "world_orientation": [1.0, 8.100187187665134e-17, -1.2653630886983698e-17, -8.100187187665134e-17, 1.0, -1.9397816686250694e-16, 1.2653630886983698e-17, 1.9397816686250694e-16, 1.0], "world_rotation": [-0.9211093596285536, 0.06008602943210125, 0.38463907325148433, -2.1059189642881336e-16]}], "source": "action wait"}
{"timestamp": 1706069065.555691, "objects": [{"color": "cv_", "id_name": "hand", "shape": "CVCylinder", "id_string": "ob383", "world_size": [0.12, 0.005, 0.12], "id": 383, "camera_size": [51, 50], "camera_position": [246, 251], "world_position": [0.7110552277694884, 0.7301264141239581, -0.17409370641563726], "world_orientation": [1.634306353154322e-05, 0.03058964875949872, 0.9995320270615019, -0.0007432735674215026, -0.9995317507248345, 0.030589652455554308, 0.9999997236386159, -0.000743425664139897, 6.401066456156043e-06], "world_rotation": [0.0, 1.0, 0.0, 0.0]}, {"color": "CVGreen", "id_name": "object55150845405528", "shape": "CVBox", "id_string": "ob1038", "world_size": [0.1, 0.1, 0.1], "id": 1038, "camera_size": [42, 44], "camera_position": [252, 251], "world_position": [0.710450484038042, 0.6748145885019569, -0.15866240850789975], "world_orientation": [0.9994892486759552, -0.031956873501733346, -4.143523464973021e-06, 0.03195687361673088, 0.9994892481832462, 3.153940147818912e-05, 3.1335064894766774e-06, -3.165570674282265e-05, 0.9999999994940487], "world_rotation": [0.0009887556240960195, 0.00011385698192039813, -0.9999995046993289, -0.031962331179120444]}], "source": "action wait"}
{"timestamp": 1706069065.591045, "objects": [{"color": "cv_", "id_name": "hand", "shape": "CVCylinder", "id_string": "ob383", "world_size": [0.12, 0.005, 0.12], "id": 383, "camera_size": [52, 52], "camera_position": [245, 249], "world_position": [0.7147691001635659, 0.7829274095260502, -0.17410820449722486], "world_orientation": [7.59961703882946e-05, 0.10657716075789997, 0.9943044317659289, -0.0007258243664719206, -0.9943041668481384, 0.10657718783782216, 0.9999997337017502, -0.0007297898423934862, 1.792991306304002e-06], "world_rotation": [0.0, 1.0, 0.0, 0.0]}, {"color": "CVGreen", "id_name": "object55150845405528", "shape": "CVBox", "id_string": "ob1038", "world_size": [0.1, 0.1, 0.1], "id": 1038, "camera_size": [44, 48], "camera_position": [249, 247], "world_position": [0.7187524685766249, 0.7295718128602726, -0.1642309582665962], "world_orientation": [0.9941798989295109, -0.10773267168677843, -3.9669584072390554e-06, 0.10773267174567099, 0.9941798975283317, 5.281188995969357e-05, -1.7456956993778756e-06, -5.2931890450320404e-05, 0.9999999985975839], "world_rotation": [0.000490769262403978, 1.0309140230428712e-05, -0.999999879519619, -0.10794217757331306]}], "source": "action wait"}
{"timestamp": 1706069065.621585, "objects": [{"color": "cv_", "id_name": "hand", "shape": "CVCylinder", "id_string": "ob383", "world_size": [0.12, 0.005, 0.12], "id": 383, "camera_size": [56, 55], "camera_position": [244, 250], "world_position": [0.7134670024203021, 0.8529834170483145, -0.17411341351720389], "world_orientation": [0.00015088230862310138, 0.20573753802040262, 0.9786071952953505, -0.0007192925989889284, -0.9786069309493465, 0.2057375933466176, 0.9999997299263066, -0.0007349470759482131, 3.3101545652605255e-07], "world_rotation": [0.0, 1.0, 0.0, 0.0]}, {"color": "CVGreen", "id_name": "object55150845405528", "shape": "CVBox", "id_string": "ob1038", "world_size": [0.1, 0.1, 0.1], "id": 1038, "camera_size": [46, 54], "camera_position": [247, 245], "world_position": [0.7229562834461657, 0.8013672495512874, -0.16779118411624666], "world_orientation": [0.9783946550573511, -0.20674597673753467, -7.619035229193219e-06, 0.2067459768509097, 0.9783946536694071, 5.222148917175884e-05, -3.3421594511423396e-06, -5.266843076590523e-05, 0.9999999986074332], "world_rotation": [0.00025366857963513576, 1.0343310439543118e-05, -0.9999999677726333, -0.20824791090625808]}], "source": "action wait"}
{"timestamp": 1706069065.653582, "objects": [{"color": "cv_", "id_name": "hand", "shape": "CVCylinder", "id_string": "ob383", "world_size": [0.12, 0.005, 0.12], "id": 383, "camera_size": [59, 57], "camera_position": [244, 254], "world_position": [0.7046972005170269, 0.9225655282810968, -0.17411466614885096], "world_orientation": [0.00022600973783964862, 0.30285648736539894, 0.9530361467333178, -0.0007089118924126438, -0.9530358830729854, 0.3028565716956201, 0.9999997231817255, -0.0007440671926905471, -6.968244969743299e-07], "world_rotation": [0.0, 1.0, 0.0, 0.0]}, {"color": "CVGreen", "id_name": "object55150845405528", "shape": "CVBox", "id_string": "ob1038", "world_size": [0.1, 0.1, 0.1], "id": 1038, "camera_size": [49, 62], "camera_position": [246, 246], "world_position": [0.7194283542554437, 0.8728491615645901, -0.17006776018741598], "world_orientation": [0.952749135709472, -0.303758266233718, -9.976986575732764e-06, 0.3037582663655296, 0.9527491346180462, 4.581672131942993e-05, -4.4116425063782045e-06, -4.668243378392533e-05, 0.9999999989006441], "world_rotation": [0.00015225783836950025, 9.16081078617016e-06, -0.999999988366815, -0.3086348451905841]}], "source": "action wait"}
{"timestamp": 1706069065.683453, "objects": [{"color": "cv_", "id_name": "hand", "shape": "CVCylinder", "id_string": "ob383", "world_size": [0.12, 0.005, 0.12], "id": 383, "camera_size": [62, 59], "camera_position": [243, 262], "world_position": [0.6887259681443724, 0.9908390591903351, -0.1741150617186913], "world_orientation": [0.00029981688709515103, 0.39691489691026294, 0.917855366994468, -0.0006878482665062792, -0.9178551092574613, 0.39691501014037817, 0.9999997184872587, -0.0007503470458724466, -2.1712378712250095e-06], "world_rotation": [0.0, 1.0, 0.0, 0.0]}, {"color": "CVGreen", "id_name": "object55150845405528", "shape": "CVBox", "id_string": "ob1038", "world_size": [0.1, 0.1, 0.1], "id": 1038, "camera_size": [52, 68], "camera_position": [244, 251], "world_position": [0.7084408610163135, 0.9432909668603071, -0.1715242691761851], "world_orientation": [0.9175008254777702, -0.3977338747405839, -1.146524574856268e-05, 0.3977338748622539, 0.9175008245692975, 4.125186278418112e-05, -5.887890797223345e-06, -4.2408734774805695e-05, 0.999999999083416], "world_rotation": [0.00010517157626567908, 7.011415513879956e-06, -0.9999999944448899, -0.4090456332962713]}], "source": "action wait"}
{"timestamp": 1706069065.715068, "objects": [{"color": "cv_", "id_name": "hand", "shape": "CVCylinder", "id_string": "ob383", "world_size": [0.12, 0.005, 0.12], "id": 383, "camera_size": [66, 59], "camera_position": [242, 275], "world_position": [0.66581776877909, 1.0571170740031013, -0.1741152838794862], "world_orientation": [0.00037115977984945484, 0.48696725645306316, 0.8734201471130573, -0.0006573740142257551, -0.8734198997383062, 0.4869673978825817, 0.9999997150498711, -0.0007549064204054602, -4.05871753144707e-06], "world_rotation": [0.0, 1.0, 0.0, 0.0]}, {"color": "CVGreen", "id_name": "object55150845405528", "shape": "CVBox", "id_string": "ob1038", "world_size": [0.1, 0.1, 0.1], "id": 1038, "camera_size": [55, 75], "camera_position": [244, 261], "world_position": [0.6902475115755529, 1.0120676180153534, -0.17245635652524016], "world_orientation": [0.8730021127889753, -0.4877164246920781, -1.2311050184251358e-05, 0.4877164247857185, 0.8730021119986972, 3.7948002668886925e-05, -7.760291374101593e-06, -3.913298788728059e-05, 0.9999999992041936], "world_rotation": [7.902234413770983e-05, 4.665373734673626e-06, -0.9999999968668517, -0.509472064731464]}], "source": "action wait"}
{"timestamp": 1706069065.747228, "objects": [{"color": "cv_", "id_name": "hand", "shape": "CVCylinder", "id_string": "ob383", "world_size": [0.12, 0.005, 0.12], "id": 383, "camera_size": [71, 60], "camera_position": [242, 289], "world_position": [0.6419489038281377, 1.108465042384376, -0.17411448159426532], "world_orientation": [0.00043303896686112514, 0.5559700477960552, 0.8312022127201691, -0.0006365036514657677, -0.8312019690368894, 0.5559702164075877, 0.9999997036701336, -0.0007698200116216116, -6.065876396374709e-06], "world_rotation": [0.0, 1.0, 0.0, 0.0]}, {"color": "CVGreen", "id_name": "object55150845405528", "shape": "CVBox", "id_string": "ob1038", "world_size": [0.1, 0.1, 0.1], "id": 1038, "camera_size": [58, 80], "camera_position": [242, 273], "world_position": [0.6699229633192338, 1.0658335288447414, -0.1730525021316413], "world_orientation": [0.8307373085411055, -0.5566646424586579, -5.85275544005336e-06, 0.5566646424043203, 0.8307373081843327, 2.6220592663745117e-05, -9.733974540486647e-06, -2.504044659194952e-05, 0.9999999996391129], "world_rotation": [-4.6043017010332554e-05, 3.4861376136112037e-06, 0.9999999989339436, 0.5903654379622116]}], "source": "action wait"}
{"timestamp": 1706069065.781856, "objects": [{"color": "cv_", "id_name": "hand", "shape": "CVCylinder", "id_string": "ob383", "world_size": [0.12, 0.005, 0.12], "id": 383, "camera_size": [73, 61], "camera_position": [241, 303], "world_position": [0.6222324269503465, 1.1431800110953383, -0.17411528338751023], "world_orientation": [0.00047637405601860295, 0.6024929251082348, 0.7981240807432649, -0.000614992008564699, -0.7981238438618147, 0.6024931133582121, 0.9999996974262484, -0.0007778520196339547, -9.6771585467721e-06], "world_rotation": [0.0, 1.0, 0.0, 0.0]}, {"color": "CVGreen", "id_name": "object55150845405528", "shape": "CVBox", "id_string": "ob1038", "world_size": [0.1, 0.1, 0.1], "id": 1038, "camera_size": [60, 84], "camera_position": [241, 284], "world_position": [0.65253838228192, 1.1025001433609138, -0.17343524327009885], "world_orientation": [0.7976288467515095, -0.6031485910037879, 4.793789278730085e-08, 0.6031485908567684, 0.7976288465588345, 2.2016309580686502e-05, -1.3317342748824654e-05, -1.7531929948083876e-05, 0.9999999997576401], "world_rotation": [-3.27848229273742e-05, 1.1079592023082245e-05, 0.999999999401199, 0.6474426841120995]}], "source": "action wait"}
{"timestamp": 1706069065.817732, "objects": [{"color": "cv_", "id_name": "hand", "shape": "CVCylinder", "id_string": "ob383", "world_size": [0.12, 0.005, 0.12], "id": 383, "camera_size": [75, 62], "camera_position": [241, 312], "world_position": [0.6069989664361203, 1.1668186102327724, -0.17411683063065345], "world_orientation": [0.0005053366266399839, 0.6341346143609453, 0.7732225006453115, -0.0005950625927994876, -0.7732222717847254, 0.6341348155688815, 0.9999996952676559, -0.000780567334579492, -1.3387746660596511e-05], "world_rotation": [0.0, 1.0, 0.0, 0.0]}, {"color": "CVGreen", "id_name": "object55150845405528", "shape": "CVBox", "id_string": "ob1038", "world_size": [0.1, 0.1, 0.1], "id": 1038, "camera_size": [62, 87], "camera_position": [241, 294], "world_position": [0.6388595223394797, 1.1276213573702059, -0.17368109364334508], "world_orientation": [0.7727070335449864, -0.634762822082136, 3.5256466967326053e-06, 0.6347628218640553, 0.7727070334045022, 2.2503231271840926e-05, -1.700850658794536e-05, -1.5150455635127295e-05, 0.9999999997405872], "world_rotation": [-2.9659650488381006e-05, 1.6174666002910876e-05, 0.9999999994293426, 0.6877015374821225]}], "source": "action wait"}
