{"timestamp": 1706068696.296235, "objects": [{"color": "cv_", "id_name": "hand", "shape": "CVCylinder", "id_string": "ob383", "world_size": [0.12, 0.005, 0.12], "id": 383, "camera_size": [48, 50], "camera_position": [246, 426], "world_position": [0.2676445155400098, 0.6334703013849479, -0.17389260400847473], "world_orientation": [-0.0006415492793167212, 0.19791547486687355, 0.9802188802623332, -0.0007473671471683517, -0.9802189031248747, 0.1979149903342725, 0.9999995149283172, -0.0006056111687275713, 0.000776774254704545], "world_rotation": [0.0, 1.0, 0.0, 0.0]}, {"color": "CVYellow", "id_name": "object6833348742156", "shape": "CVCone", "id_string": "ob919", "world_size": [0.11, 0.11, 0.11], "id": 919, "camera_size": [45, 45], "camera_position": [256, 254], "world_position": [0.705, 0.654738849708696, -0.15], "world_orientation": [1.0, -5.1619362862653347e-17, 1.4541359828532488e-17, 5.1619362862653347e-17, 1.0, 2.3824321321224633e-17, -1.4541359828532488e-17, -2.3824321321224633e-17, 1.0], "world_rotation": [-0.4059884517598224, 0.2477982093873522, 0.8796416454796148, 5.868226354211375e-17]}], "source": "manual check"}
{"timestamp": 1706068697.301816, "objects": [{"color": "cv_", "id_name": "hand", "shape": "CVCylinder", "id_string": "ob383", "world_size": [0.12, 0.005, 0.12], "id": 383, "camera_size": [48, 50], "camera_position": [246, 426], "world_position": [0.2676445155400098, 0.6334703013849479, -0.17389260400847473], "world_orientation": [-0.0006415492793167212, 0.19791547486687355, 0.9802188802623332, -0.0007473671471683517, -0.9802189031248747, 0.1979149903342725, 0.9999995149283172, -0.0006056111687275713, 0.000776774254704545], "world_rotation": [0.0, 1.0, 0.0, 0.0]}, {"color": "CVYellow", "id_name": "object6833348742156", "shape": "CVCone", "id_string": "ob919", "world_size": [0.11, 0.11, 0.11], "id": 919, "camera_size": [45, 45], "camera_position": [256, 254], "world_position": [0.705, 0.6547388572526824, -0.15], "world_orientation": [1.0, -3.838362879530641e-17, 1.4813540171849057e-17, 3.838362879530641e-17, 1.0, 5.294293626938881e-18, -1.4813540171849057e-17, -5.294293626938881e-18, 1.0], "world_rotation": [-0.1276280613210114, 0.35710588544125776, 0.925303444577321, 4.1482206750932463e-17]}], "source": "manual check"}
{"timestamp": 1706068699.077637, "objects": [{"color": "cv_", "id_name": "hand", "shape": "CVCylinder", "id_string": "ob383", "world_size": [0.12, 0.005, 0.12], "id": 383, "camera_size": [48, 50], "camera_position": [246, 426], "world_position": [0.2676445155400098, 0.6334703013849479, -0.17389260400847473], "world_orientation": [-0.0006415492793167212, 0.19791547486687355, 0.9802188802623332, -0.0007473671471683517, -0.9802189031248747, 0.1979149903342725, 0.9999995149283172, -0.0006056111687275713, 0.000776774254704545], "world_rotation": [0.0, 1.0, 0.0, 0.0]}, {"color": "CVYellow", "id_name": "object6833348742156", "shape": "CVCone", "id_string": "ob919", "world_size": [0.11, 0.11, 0.11], "id": 919, "camera_size": [45, 45], "camera_position": [256, 254], "world_position": [0.705, 0.6547388572526824, -0.15], "world_orientation": [1.0, -3.838362879530641e-17, 1.4813540171849057e-17, 3.838362879530641e-17, 1.0, 5.294293626938881e-18, -1.4813540171849057e-17, -5.294293626938881e-18, 1.0], "world_rotation": [-0.1276280613210114, 0.35710588544125776, 0.925303444577321, 4.1482206750932463e-17]}], "source": "action wait"}
{"timestamp": 1706068699.10807, "objects": [{"color": "cv_", "id_name": "hand", "shape": "CVCylinder", "id_string": "ob383", "world_size": [0.12, 0.005, 0.12], "id": 383, "camera_size": [49, 51], "camera_position": [246, 421], "world_position": [0.2907963045500263, 0.6674649118927312, -0.173956252194692], "world_orientation": [-0.00038507536493847936, 0.19530907154668092, 0.9807416674581216, -0.0007159492686085658, -0.9807415426614211, 0.19530876558603574, 0.9999996695667495, -0.000626952685327153, 0.0005174907943775664], "world_rotation": [0.0, 1.0, 0.0, 0.0]}, {"color": "CVYellow", "id_name": "object6833348742156", "shape": "CVCone", "id_string": "ob919", "world_size": [0.11, 0.11, 0.11], "id": 919, "camera_size": [45, 45], "camera_position": [256, 254], "world_position": [0.705, 0.6547388572526824, -0.15], "world_orientation": [1.0, -3.838362879530641e-17, 1.4813540171849057e-17, 3.838362879530641e-17, 1.0, 5.294293626938881e-18, -1.4813540171849057e-17, -5.294293626938881e-18, 1.0], "world_rotation": [-0.1276280613210114, 0.35710588544125776, 0.925303444577321, 4.1482206750932463e-17]}], "source": "action wait"}
{"timestamp": 1706068699.14078, "objects": [{"color": "cv_", "id_name": "hand", "shape": "CVCylinder", "id_string": "ob383", "world_size": [0.12, 0.005, 0.12], "id": 383, "camera_size": [51, 52], "camera_position": [246, 406], "world_position": [0.33662256657268425, 0.7051726050753719, -0.17398411152216448], "world_orientation": [-0.00022720613514854799, 0.18151312669242078, 0.9833884955681114, -0.0007325555558961637, -0.9833882873002129, 0.18151291899782734, 0.9999997058698216, -0.0006791458572280582, 0.0003564003015348728], "world_rotation": [0.0, 1.0, 0.0, 0.0]}, {"color": "CVYellow", "id_name": "object6833348742156", "shape": "CVCone", "id_string": "ob919", "world_size": [0.11, 0.11, 0.11], "id": 919, "camera_size": [45, 45], "camera_position": [256, 254], "world_position": [0.705, 0.6547388572526824, -0.15], "world_orientation": [1.0, -3.838362879530641e-17, 1.4813540171849057e-17, 3.838362879530641e-17, 1.0, 5.294293626938881e-18, -1.4813540171849057e-17, -5.294293626938881e-18, 1.0], "world_rotation": [-0.1276280613210114, 0.35710588544125776, 0.925303444577321, 4.1482206750932463e-17]}], "source": "action wait"}
{"timestamp": 1706068699.176059, "objects": [{"color": "cv_", "id_name": "hand", "shape": "CVCylinder", "id_string": "ob383", "world_size": [0.12, 0.005, 0.12], "id": 383, "camera_size": [51, 52], "camera_position": [246, 388], "world_position": [0.38703194840440674, 0.738166161022098, -0.174004621067598], "world_orientation": [-0.00012492158912552772, 0.17169196506111814, 0.985150675545649, -0.0007438832971307319, -0.9851504266146245, 0.17169182734965568, 0.999999715516078, -0.0007113891167833748, 0.00025078534188133087], "world_rotation": [0.0, 1.0, 0.0, 0.0]}, {"color": "CVYellow", "id_name": "object6833348742156", "shape": "CVCone", "id_string": "ob919", "world_size": [0.11, 0.11, 0.11], "id": 919, "camera_size": [45, 45], "camera_position": [256, 254], "world_position": [0.705, 0.6547388572526824, -0.15], "world_orientation": [1.0, -3.838362879530641e-17, 1.4813540171849057e-17, 3.838362879530641e-17, 1.0, 5.294293626938881e-18, -1.4813540171849057e-17, -5.294293626938881e-18, 1.0], "world_rotation": [-0.1276280613210114, 0.35710588544125776, 0.925303444577321, 4.1482206750932463e-17]}], "source": "action wait"}
{"timestamp": 1706068699.218121, "objects": [{"color": "cv_", "id_name": "hand", "shape": "CVCylinder", "id_string": "ob383", "world_size": [0.12, 0.005, 0.12], "id": 383, "camera_size": [52, 53], "camera_position": [245, 368], "world_position": [0.4410375615720012, 0.7659892255789973, -0.1740231062987832], "world_orientation": [-5.293481832408422e-05, 0.1647520508415188, 0.9863350135432781, -0.0007513021460675166, -0.9863347431065129, 0.16475196534819977, 0.9999997163714549, -0.0007323144970626579, 0.00017599001979975258], "world_rotation": [0.0, 1.0, 0.0, 0.0]}, {"color": "CVYellow", "id_name": "object6833348742156", "shape": "CVCone", "id_string": "ob919", "world_size": [0.11, 0.11, 0.11], "id": 919, "camera_size": [45, 45], "camera_position": [256, 254], "world_position": [0.705, 0.6547388572526824, -0.15], "world_orientation": [1.0, -3.838362879530641e-17, 1.4813540171849057e-17, 3.838362879530641e-17, 1.0, 5.294293626938881e-18, -1.4813540171849057e-17, -5.294293626938881e-18, 1.0], "world_rotation": [-0.1276280613210114, 0.35710588544125776, 0.925303444577321, 4.1482206750932463e-17]}], "source": "action wait"}
{"timestamp": 1706068699.25241, "objects": [{"color": "cv_", "id_name": "hand", "shape": "CVCylinder", "id_string": "ob383", "world_size": [0.12, 0.005, 0.12], "id": 383, "camera_size": [52, 53], "camera_position": [245, 344], "world_position": [0.4981549031338492, 0.7811412747459119, -0.174038364985751], "world_orientation": [-9.128482583293645e-06, 0.14955939212383995, 0.9887527436847992, -0.0007643463732176177, -0.9887524559422544, 0.14955934154302208, 0.9999997078456038, -0.0007543843238002957, 0.00012334098852416093], "world_rotation": [0.0, 1.0, 0.0, 0.0]}, {"color": "CVYellow", "id_name": "object6833348742156", "shape": "CVCone", "id_string": "ob919", "world_size": [0.11, 0.11, 0.11], "id": 919, "camera_size": [45, 45], "camera_position": [256, 254], "world_position": [0.705, 0.6547388572526824, -0.15], "world_orientation": [1.0, -3.838362879530641e-17, 1.4813540171849057e-17, 3.838362879530641e-17, 1.0, 5.294293626938881e-18, -1.4813540171849057e-17, -5.294293626938881e-18, 1.0], "world_rotation": [-0.1276280613210114, 0.35710588544125776, 0.925303444577321, 4.1482206750932463e-17]}], "source": "action wait"}
{"timestamp": 1706068699.284083, "objects": [{"color": "cv_", "id_name": "hand", "shape": "CVCylinder", "id_string": "ob383", "world_size": [0.12, 0.005, 0.12], "id": 383, "camera_size": [52, 53], "camera_position": [245, 318], "world_position": [0.5567905231278087, 0.7728434580864116, -0.17405020591697867], "world_orientation": [-2.3630672181488976e-06, 0.11084780737370868, 0.9938373929345067, -0.0007770582493017512, -0.9938370930915694, 0.11084777208305353, 0.999999698087401, -0.0007720076039082085, 8.848370699201917e-05], "world_rotation": [0.0, 1.0, 0.0, 0.0]}, {"color": "CVYellow", "id_name": "object6833348742156", "shape": "CVCone", "id_string": "ob919", "world_size": [0.11, 0.11, 0.11], "id": 919, "camera_size": [45, 45], "camera_position": [256, 254], "world_position": [0.705, 0.6547388572526824, -0.15], "world_orientation": [1.0, -3.838362879530641e-17, 1.4813540171849057e-17, 3.838362879530641e-17, 1.0, 5.294293626938881e-18, -1.4813540171849057e-17, -5.294293626938881e-18, 1.0], "world_rotation": [-0.1276280613210114, 0.35710588544125776, 0.925303444577321, 4.1482206750932463e-17]}], "source": "action wait"}
{"timestamp": 1706068699.318156, "objects": [{"color": "cv_", "id_name": "hand", "shape": "CVCylinder", "id_string": "ob383", "world_size": [0.12, 0.005, 0.12], "id": 383, "camera_size": [52, 52], "camera_position": [245, 298], "world_position": [0.6021306216838531, 0.7593671290806928, -0.17405580940852045], "world_orientation": [-1.6637664478864805e-05, 0.07771695933716162, 0.9969754630654529, -0.0007752607791959937, -0.9969751646001094, 0.07771692313331433, 0.9999996993469111, -0.0007716229462443344, 7.683824873524034e-05], "world_rotation": [0.0, 1.0, 0.0, 0.0]}, {"color": "CVYellow", "id_name": "object6833348742156", "shape": "CVCone", "id_string": "ob919", "world_size": [0.11, 0.11, 0.11], "id": 919, "camera_size": [45, 45], "camera_position": [256, 254], "world_position": [0.705, 0.6547388572526824, -0.15], "world_orientation": [1.0, -3.838362879530641e-17, 1.4813540171849057e-17, 3.838362879530641e-17, 1.0, 5.294293626938881e-18, -1.4813540171849057e-17, -5.294293626938881e-18, 1.0], "world_rotation": [-0.1276280613210114, 0.35710588544125776, 0.925303444577321, 4.1482206750932463e-17]}], "source": "action wait"}
{"timestamp": 1706068699.347613, "objects": [{"color": "cv_", "id_name": "hand", "shape": "CVCylinder", "id_string": "ob383", "world_size": [0.12, 0.005, 0.12], "id": 383, "camera_size": [51, 51], "camera_position": [246, 284], "world_position": [0.6339563209816912, 0.7474015062304078, -0.17406348712032724], "world_orientation": [-2.28919418961278e-05, 0.05430591735337144, 0.9985243446287967, -0.0007713921701116475, -0.9985240487654574, 0.0543058835777358, 0.9999997022149952, -0.0007690106939813799, 6.474931394372959e-05], "world_rotation": [0.0, 1.0, 0.0, 0.0]}, {"color": "CVYellow", "id_name": "object6833348742156", "shape": "CVCone", "id_string": "ob919", "world_size": [0.11, 0.11, 0.11], "id": 919, "camera_size": [45, 45], "camera_position": [256, 254], "world_position": [0.705, 0.6547388572526824, -0.15], "world_orientation": [1.0, -3.838362879530641e-17, 1.4813540171849057e-17, 3.838362879530641e-17, 1.0, 5.294293626938881e-18, -1.4813540171849057e-17, -5.294293626938881e-18, 1.0], "world_rotation": [-0.1276280613210114, 0.35710588544125776, 0.925303444577321, 4.1482206750932463e-17]}], "source": "action wait"}
{"timestamp": 1706068699.380544, "objects": [{"color": "cv_", "id_name": "hand", "shape": "CVCylinder", "id_string": "ob383", "world_size": [0.12, 0.005, 0.12], "id": 383, "camera_size": [51, 51], "camera_position": [246, 275], "world_position": [0.6562276335890507, 0.7377736266985679, -0.17407136489772326], "world_orientation": [-2.423835117339392e-05, 0.03778614337068169, 0.9992858483845715, -0.0007678981746380791, -0.9992855547581174, 0.03778611364185426, 0.9999997048724043, -0.0007664339058245962, 5.3236944720064e-05], "world_rotation": [0.0, 1.0, 0.0, 0.0]}, {"color": "CVYellow", "id_name": "object6833348742156", "shape": "CVCone", "id_string": "ob919", "world_size": [0.11, 0.11, 0.11], "id": 919, "camera_size": [45, 45], "camera_position": [256, 254], "world_position": [0.705, 0.6547388572526824, -0.15], "world_orientation": [1.0, -3.838362879530641e-17, 1.4813540171849057e-17, 3.838362879530641e-17, 1.0, 5.294293626938881e-18, -1.4813540171849057e-17, -5.294293626938881e-18, 1.0], "world_rotation": [-0.1276280613210114, 0.35710588544125776, 0.925303444577321, 4.1482206750932463e-17]}], "source": "action wait"}
{"timestamp": 1706068699.412849, "objects": [{"color": "cv_", "id_name": "hand", "shape": "CVCylinder", "id_string": "ob383", "world_size": [0.12, 0.005, 0.12], "id": 383, "camera_size": [51, 51], "camera_position": [246, 268], "world_position": [0.671810699842456, 0.73041728903624, -0.17407847616559932], "world_orientation": [-2.3051632715530305e-05, 0.02613657479850108, 0.9996583811114798, -0.0007653851362981737, -0.9996580890310316, 0.026136549512503725, 0.9999997068270648, -0.000764521176139162, 4.304829697434404e-05], "world_rotation": [0.0, 1.0, 0.0, 0.0]}, {"color": "CVYellow", "id_name": "object6833348742156", "shape": "CVCone", "id_string": "ob919", "world_size": [0.11, 0.11, 0.11], "id": 919, "camera_size": [45, 45], "camera_position": [256, 254], "world_position": [0.705, 0.6547388572526824, -0.15], "world_orientation": [1.0, -3.838362879530641e-17, 1.4813540171849057e-17, 3.838362879530641e-17, 1.0, 5.294293626938881e-18, -1.4813540171849057e-17, -5.294293626938881e-18, 1.0], "world_rotation": [-0.1276280613210114, 0.35710588544125776, 0.925303444577321, 4.1482206750932463e-17]}], "source": "action wait"}
{"timestamp": 1706068699.447013, "objects": [{"color": "cv_", "id_name": "hand", "shape": "CVCylinder", "id_string": "ob383", "world_size": [0.12, 0.005, 0.12], "id": 383, "camera_size": [51, 50], "camera_position": [246, 263], "world_position": [0.6827235066780616, 0.7249641857884921, -0.1740844883262081], "world_orientation": [-2.075497621716418e-05, 0.01792396396881384, 0.9998393526386505, -0.0007638011901737885, -0.9998390614888317, 0.01792394289419418, 0.9999997080884439, -0.0007633064765198593, 3.4441980954575244e-05], "world_rotation": [0.0, 1.0, 0.0, 0.0]}, {"color": "CVYellow", "id_name": "object6833348742156", "shape": "CVCone", "id_string": "ob919", "world_size": [0.11, 0.11, 0.11], "id": 919, "camera_size": [45, 45], "camera_position": [256, 254], "world_position": [0.705, 0.6547388572526824, -0.15], "world_orientation": [1.0, -3.838362879530641e-17, 1.4813540171849057e-17, 3.838362879530641e-17, 1.0, 5.294293626938881e-18, -1.4813540171849057e-17, -5.294293626938881e-18, 1.0], "world_rotation": [-0.1276280613210114, 0.35710588544125776, 0.925303444577321, 4.1482206750932463e-17]}], "source": "action wait"}
{"timestamp": 1706068699.479434, "objects": [{"color": "cv_", "id_name": "hand", "shape": "CVCylinder", "id_string": "ob383", "world_size": [0.12, 0.005, 0.12], "id": 383, "camera_size": [51, 51], "camera_position": [246, 260], "world_position": [0.6903743729758964, 0.7209972014483665, -0.1740893770079517], "world_orientation": [-1.811427312001478e-05, 0.0121351252498345, 0.9999263664925754, -0.0007629124766632173, -0.999926075827992, 0.012135107901701334, 0.9999997088181707, -0.0007626364820831923, 2.7370972496711517e-05], "world_rotation": [0.0, 1.0, 0.0, 0.0]}, {"color": "CVYellow", "id_name": "object6833348742156", "shape": "CVCone", "id_string": "ob919", "world_size": [0.11, 0.11, 0.11], "id": 919, "camera_size": [45, 45], "camera_position": [256, 254], "world_position": [0.705, 0.6547388572526824, -0.15], "world_orientation": [1.0, -3.838362879530641e-17, 1.4813540171849057e-17, 3.838362879530641e-17, 1.0, 5.294293626938881e-18, -1.4813540171849057e-17, -5.294293626938881e-18, 1.0], "world_rotation": [-0.1276280613210114, 0.35710588544125776, 0.925303444577321, 4.1482206750932463e-17]}], "source": "action wait"}
{"timestamp": 1706068699.51841, "objects": [{"color": "cv_", "id_name": "hand", "shape": "CVCylinder", "id_string": "ob383", "world_size": [0.12, 0.005, 0.12], "id": 383, "camera_size": [51, 50], "camera_position": [246, 257], "world_position": [0.6957441399308737, 0.7181459879682155, -0.17409325288514335], "world_orientation": [-1.5558065168806646e-05, 0.008054958387055128, 0.9999675581754287, -0.0007624850037029723, -0.9999672677097037, 0.008054944184114001, 0.9999997091872406, -0.0007623349479520791, 2.1699340893649135e-05], "world_rotation": [0.0, 1.0, 0.0, 0.0]}, {"color": "CVYellow", "id_name": "object6833348742156", "shape": "CVCone", "id_string": "ob919", "world_size": [0.11, 0.11, 0.11], "id": 919, "camera_size": [45, 45], "camera_position": [256, 254], "world_position": [0.705, 0.6547388572526824, -0.15], "world_orientation": [1.0, -3.838362879530641e-17, 1.4813540171849057e-17, 3.838362879530641e-17, 1.0, 5.294293626938881e-18, -1.4813540171849057e-17, -5.294293626938881e-18, 1.0], "world_rotation": [-0.1276280613210114, 0.35710588544125776, 0.925303444577321, 4.1482206750932463e-17]}], "source": "action wait"}
{"timestamp": 1706068699.551075, "objects": [{"color": "cv_", "id_name": "hand", "shape": "CVCylinder", "id_string": "ob383", "world_size": [0.12, 0.005, 0.12], "id": 383, "camera_size": [50, 50], "camera_position": [245, 256], "world_position": [0.6995164260168617, 0.7161128730850469, -0.17409627280388743], "world_orientation": [-1.3283950054688886e-05, 0.005179151021610774, 0.9999865880191754, -0.0007623367740782378, -0.9999862975850307, 0.005179139390409196, 0.9999997093330475, -0.0007622577502034326, 1.7232025315137418e-05], "world_rotation": [0.0, 1.0, 0.0, 0.0]}, {"color": "CVYellow", "id_name": "object6833348742156", "shape": "CVCone", "id_string": "ob919", "world_size": [0.11, 0.11, 0.11], "id": 919, "camera_size": [45, 45], "camera_position": [256, 254], "world_position": [0.705, 0.6547388572526824, -0.15], "world_orientation": [1.0, -3.838362879530641e-17, 1.4813540171849057e-17, 3.838362879530641e-17, 1.0, 5.294293626938881e-18, -1.4813540171849057e-17, -5.294293626938881e-18, 1.0], "world_rotation": [-0.1276280613210114, 0.35710588544125776, 0.925303444577321, 4.1482206750932463e-17]}], "source": "action wait"}
{"timestamp": 1706068699.58172, "objects": [{"color": "cv_", "id_name": "hand", "shape": "CVCylinder", "id_string": "ob383", "world_size": [0.12, 0.005, 0.12], "id": 383, "camera_size": [50, 50], "camera_position": [245, 255], "world_position": [0.702168489430671, 0.7146706765046741, -0.17409859661601532], "world_orientation": [-1.1350516359403896e-05, 0.0031521840800805426, 0.9999950317910041, -0.0007623425618616434, -0.9999947413010073, 0.0031521745113737183, 0.9999997093524499, -0.0007623029955764772, 1.3753500757888355e-05], "world_rotation": [0.0, 1.0, 0.0, 0.0]}, {"color": "CVYellow", "id_name": "object6833348742156", "shape": "CVCone", "id_string": "ob919", "world_size": [0.11, 0.11, 0.11], "id": 919, "camera_size": [45, 45], "camera_position": [256, 254], "world_position": [0.705, 0.6547388572526824, -0.15], "world_orientation": [1.0, -3.838362879530641e-17, 1.4813540171849057e-17, 3.838362879530641e-17, 1.0, 5.294293626938881e-18, -1.4813540171849057e-17, -5.294293626938881e-18, 1.0], "world_rotation": [-0.1276280613210114, 0.35710588544125776, 0.925303444577321, 4.1482206750932463e-17]}], "source": "action wait"}
{"timestamp": 1706068699.611163, "objects": [{"color": "cv_", "id_name": "hand", "shape": "CVCylinder", "id_string": "ob383", "world_size": [0.12, 0.005, 0.12], "id": 383, "camera_size": [50, 50], "camera_position": [245, 254], "world_position": [0.7040341222916303, 0.7136511711410888, -0.17410036828400105], "world_orientation": [-9.758818746049444e-06, 0.0017234770609343042, 0.99999851476469, -0.0007624230577407222, -0.9999982241810605, 0.0017234691197602512, 0.9999997093078811, -0.000762405106340704, 1.1072820067262185e-05], "world_rotation": [0.0, 1.0, 0.0, 0.0]}, {"color": "CVYellow", "id_name": "object6833348742156", "shape": "CVCone", "id_string": "ob919", "world_size": [0.11, 0.11, 0.11], "id": 919, "camera_size": [45, 45], "camera_position": [256, 254], "world_position": [0.705, 0.6547388572526824, -0.15], "world_orientation": [1.0, -3.838362879530641e-17, 1.4813540171849057e-17, 3.838362879530641e-17, 1.0, 5.294293626938881e-18, -1.4813540171849057e-17, -5.294293626938881e-18, 1.0], "world_rotation": [-0.1276280613210114, 0.35710588544125776, 0.925303444577321, 4.1482206750932463e-17]}], "source": "action wait"}
{"timestamp": 1706068699.644256, "objects": [{"color": "cv_", "id_name": "hand", "shape": "CVCylinder", "id_string": "ob383", "world_size": [0.12, 0.005, 0.12], "id": 383, "camera_size": [50, 50], "camera_position": [245, 253], "world_position": [0.705347156269486, 0.7129320929492982, -0.174101709453222], "world_orientation": [-8.477920252309909e-06, 0.0007164263773533285, 0.9999997433306526, -0.0007625314116301934, -0.999999452644177, 0.0007164197044160634, 0.9999997092369435, -0.0007625251421629734, 9.024213229088138e-06], "world_rotation": [0.0, 1.0, 0.0, 0.0]}, {"color": "CVYellow", "id_name": "object6833348742156", "shape": "CVCone", "id_string": "ob919", "world_size": [0.11, 0.11, 0.11], "id": 919, "camera_size": [45, 45], "camera_position": [256, 254], "world_position": [0.705, 0.6547388572526824, -0.15], "world_orientation": [1.0, -3.838362879530641e-17, 1.4813540171849057e-17, 3.838362879530641e-17, 1.0, 5.294293626938881e-18, -1.4813540171849057e-17, -5.294293626938881e-18, 1.0], "world_rotation": [-0.1276280613210114, 0.35710588544125776, 0.925303444577321, 4.1482206750932463e-17]}], "source": "action wait"}
{"timestamp": 1706068699.677294, "objects": [{"color": "cv_", "id_name": "hand", "shape": "CVCylinder", "id_string": "ob383", "world_size": [0.12, 0.005, 0.12], "id": 383, "camera_size": [50, 50], "camera_position": [245, 253], "world_position": [0.7062716188567271, 0.7124256431397697, -0.17410271908035982], "world_orientation": [-7.464443579703198e-06, 6.5679939511084925e-06, 0.9999999999505718, -0.0007626420386170247, -0.9999997091669864, 6.5622993431411255e-06, 0.9999997091606592, -0.0007626419895957537, 7.469450437457639e-06], "world_rotation": [0.0, 1.0, 0.0, 0.0]}, {"color": "CVYellow", "id_name": "object6833348742156", "shape": "CVCone", "id_string": "ob919", "world_size": [0.11, 0.11, 0.11], "id": 919, "camera_size": [45, 45], "camera_position": [256, 254], "world_position": [0.705, 0.6547388572526824, -0.15], "world_orientation": [1.0, -3.838362879530641e-17, 1.4813540171849057e-17, 3.838362879530641e-17, 1.0, 5.294293626938881e-18, -1.4813540171849057e-17, -5.294293626938881e-18, 1.0], "world_rotation": [-0.1276280613210114, 0.35710588544125776, 0.925303444577321, 4.1482206750932463e-17]}], "source": "action wait"}
{"timestamp": 1706068699.711251, "objects": [{"color": "cv_", "id_name": "hand", "shape": "CVCylinder", "id_string": "ob383", "world_size": [0.12, 0.005, 0.12], "id": 383, "camera_size": [49, 50], "camera_position": [246, 253], "world_position": [0.7069028202273818, 0.7120937823884028, -0.17409626795462324], "world_orientation": [-8.461537400721033e-06, -0.00048564329177522926, 0.9999998820394909, -0.0007634934650821765, -0.9999995906110084, -0.0004856496105738378, 0.9999997085030231, -0.0007634974843628144, 8.090748457412018e-06], "world_rotation": [0.0, 1.0, 0.0, 0.0]}, {"color": "CVYellow", "id_name": "object6833348742156", "shape": "CVCone", "id_string": "ob919", "world_size": [0.11, 0.11, 0.11], "id": 919, "camera_size": [45, 45], "camera_position": [256, 254], "world_position": [0.7050976651091021, 0.6546625982297328, -0.1499964636084124], "world_orientation": [0.9999984304117259, 0.001771768894940608, 3.011259616553685e-06, -0.0017717686832184104, 0.9999984280419422, -6.891573041331609e-05, -3.1333576304948347e-06, 6.891028698850824e-05, 0.9999999976207772], "world_rotation": [0.03886558912518287, 0.0017327219762800676, -0.9992429452623147, 0.0017731120603506907]}], "source": "action wait"}
{"timestamp": 1706068699.748765, "objects": [{"color": "cv_", "id_name": "hand", "shape": "CVCylinder", "id_string": "ob383", "world_size": [0.12, 0.005, 0.12], "id": 383, "camera_size": [49, 50], "camera_position": [246, 252], "world_position": [0.7073246716652452, 0.7118855647982029, -0.17410065055775303], "world_orientation": [-5.296147260794629e-06, -0.0008239785225460226, 0.999999660515615, -0.0007652228917458429, -0.9999993677433198, -0.0008239823340419711, 0.9999997072028957, -0.0007652269958967722, 4.665616684896438e-06], "world_rotation": [0.0, 1.0, 0.0, 0.0]}, {"color": "CVYellow", "id_name": "object6833348742156", "shape": "CVCone", "id_string": "ob919", "world_size": [0.11, 0.11, 0.11], "id": 919, "camera_size": [45, 46], "camera_position": [256, 253], "world_position": [0.7051967310956807, 0.6545958400617712, -0.14999864097726764], "world_orientation": [0.9999936874171457, 0.003553182868293867, 4.167108693612514e-06, -0.0035531827468875047, 0.9999936870118629, -2.8788678509732224e-05, -4.269373825986661e-06, 2.8773690280099275e-05, 0.9999999995769236], "world_rotation": [0.008099842177237936, 0.001187132815699053, -0.9999664910747669, 0.0035533093522644903]}], "source": "action wait"}
{"timestamp": 1706068699.783271, "objects": [{"color": "cv_", "id_name": "hand", "shape": "CVCylinder", "id_string": "ob383", "world_size": [0.12, 0.005, 0.12], "id": 383, "camera_size": [49, 50], "camera_position": [246, 252], "world_position": [0.7076263937329452, 0.7117319530780009, -0.17410489931600268], "world_orientation": [-2.9199905320234784e-06, -0.001064623066148787, 0.9999994332844397, -0.0007661245822280762, -0.9999991398130069, -0.0010646249907895699, 0.999999706522256, -0.0007661272567486277, 2.104354118880979e-06], "world_rotation": [0.0, 1.0, 0.0, 0.0]}, {"color": "CVYellow", "id_name": "object6833348742156", "shape": "CVCone", "id_string": "ob919", "world_size": [0.11, 0.11, 0.11], "id": 919, "camera_size": [45, 46], "camera_position": [256, 253], "world_position": [0.70528468365421, 0.6545052959517546, -0.15000076814379287], "world_orientation": [0.9999868734825326, 0.005123752746894089, 4.51863734997967e-06, -0.005123752796508185, 0.9999868734315733, 1.103751920223687e-05, -4.462024516445977e-06, -1.1060526698806618e-05, 0.9999999999288776], "world_rotation": [-0.002156425867888329, 0.000876373035255758, -0.99999729089522, 0.005123789071814656]}], "source": "action wait"}
{"timestamp": 1706068700.872803, "objects": [{"color": "cv_", "id_name": "hand", "shape": "CVCylinder", "id_string": "ob383", "world_size": [0.12, 0.005, 0.12], "id": 383, "camera_size": [49, 50], "camera_position": [246, 252], "world_position": [0.7083550755313089, 0.7113705995613597, -0.1741138062161711], "world_orientation": [3.3225593032231437e-06, -0.0016364933893141826, 0.999998660938277, -0.0007683904576882667, -0.9999983657363788, -0.001636490353190938, 0.9999997047824891, -0.0007683839914301305, -4.580019777342751e-06], "world_rotation": [0.0, 1.0, 0.0, 0.0]}, {"color": "CVYellow", "id_name": "object6833348742156", "shape": "CVCone", "id_string": "ob919", "world_size": [0.11, 0.11, 0.11], "id": 919, "camera_size": [45, 46], "camera_position": [256, 253], "world_position": [0.7055090556830957, 0.65430093347082, -0.15000523326034], "world_orientation": [0.99996636420372, 0.008201828036780823, -2.1864316966671808e-05, -0.008201825024259153, 0.9999663554241177, 0.00013448449172524503, 2.296660002574416e-05, -0.00013430064093024308, 0.9999999907179365], "world_rotation": [0.01638342705512546, 0.0027326067148998414, 0.9998620485739376, -0.008203050137234276]}], "source": "action wait"}
{"timestamp": 1706068700.904736, "objects": [{"color": "cv_", "id_name": "hand", "shape": "CVCylinder", "id_string": "ob383", "world_size": [0.12, 0.005, 0.12], "id": 383, "camera_size": [51, 50], "camera_position": [246, 251], "world_position": [0.7107739438973452, 0.7320279874016367, -0.17409607138484998], "world_orientation": [2.0936624060623443e-05, 0.02866977461042783, 0.9995889373064536, -0.0007444340927977307, -0.9995886601014933, 0.028669782252102406, 0.9999997226897311, -0.0007447283321676193, 4.14745661371279e-07], "world_rotation": [0.0, 1.0, 0.0, 0.0]}, {"color": "CVYellow", "id_name": "object6833348742156", "shape": "CVCone", "id_string": "ob919", "world_size": [0.11, 0.11, 0.11], "id": 919, "camera_size": [46, 48], "camera_position": [252, 251], "world_position": [0.7106540694963686, 0.6756631197467508, -0.158647046824097], "world_orientation": [0.9996935066786826, -0.02475664798608942, -3.2938906194708535e-05, 0.02475665171670152, 0.9996935001493144, 0.00011813124403229905, 3.000427680021169e-05, -0.00011891049462355573, 0.9999999924800188], "world_rotation": [0.004787376970494596, 0.0012712223021490456, -0.9999877324325538, -0.02475948320740816]}], "source": "action wait"}
{"timestamp": 1706068700.939144, "objects": [{"color": "cv_", "id_name": "hand", "shape": "CVCylinder", "id_string": "ob383", "world_size": [0.12, 0.005, 0.12], "id": 383, "camera_size": [52, 53], "camera_position": [245, 250], "world_position": [0.714189836895714, 0.7808921011509594, -0.17411288513534923], "world_orientation": [7.600814946425884e-05, 0.09914091962562353, 0.9950734004476992, -0.0007266550181746804, -0.9950731351332609, 0.09914094869703295, 0.9999997330975873, -0.0007306105999343928, -3.592420830262776e-06], "world_rotation": [0.0, 1.0, 0.0, 0.0]}, {"color": "CVYellow", "id_name": "object6833348742156", "shape": "CVCone", "id_string": "ob919", "world_size": [0.11, 0.11, 0.11], "id": 919, "camera_size": [48, 53], "camera_position": [249, 248], "world_position": [0.7186534205118584, 0.7250889023232644, -0.16422573688913467], "world_orientation": [0.9952909584917023, -0.09693248425823502, -3.7949910882308476e-05, 0.09693248777751055, 0.9952909532653895, 0.00010564721940165873, 2.7530555546811725e-05, -0.00010882830153301708, 0.9999999936992346], "world_rotation": [0.0011063131993209656, 0.00033776304164004405, -0.9999993309933927, -0.0970849913662826]}], "source": "action wait"}
{"timestamp": 1706068700.961703, "objects": [{"color": "cv_", "id_name": "hand", "shape": "CVCylinder", "id_string": "ob383", "world_size": [0.12, 0.005, 0.12], "id": 383, "camera_size": [55, 55], "camera_position": [245, 250], "world_position": [0.7131809002797723, 0.85082192069366, -0.17411933833532303], "world_orientation": [0.00014949992731841947, 0.19839180422487815, 0.9801227829543445, -0.0007168787590741432, -0.9801225207950027, 0.19839186050666127, 0.9999997318672724, -0.0007322887731111721, -4.3053751983625355e-06], "world_rotation": [0.0, 1.0, 0.0, 0.0]}, {"color": "CVYellow", "id_name": "object6833348742156", "shape": "CVCone", "id_string": "ob919", "world_size": [0.11, 0.11, 0.11], "id": 919, "camera_size": [51, 60], "camera_position": [248, 245], "world_position": [0.7235990309774886, 0.7958872310037093, -0.167792017726173], "world_orientation": [0.9803471712535222, -0.1972800592179493, -4.5278910097808445e-05, 0.19728006246328708, 0.9803471680151147, 8.43755060000494e-05, 2.7743446464963343e-05, -9.164991484259823e-05, 0.9999999954152972], "world_rotation": [0.000446130743169347, 0.000185072803947153, -0.9999998833577017, -0.19858270049972737]}], "source": "action wait"}
{"timestamp": 1706068701.024745, "objects": [{"color": "cv_", "id_name": "hand", "shape": "CVCylinder", "id_string": "ob383", "world_size": [0.12, 0.005, 0.12], "id": 383, "camera_size": [59, 57], "camera_position": [244, 254], "world_position": [0.7046754900754192, 0.9203750358507348, -0.17412027925531773], "world_orientation": [0.0002233995793496591, 0.2956996831548433, 0.955280925945218, -0.0007079672524274691, -0.9552806636133883, 0.2956997675155226, 0.9999997244374608, -0.0007423668161148057, -4.0636061848308046e-06], "world_rotation": [0.0, 1.0, 0.0, 0.0]}, {"color": "CVYellow", "id_name": "object6833348742156", "shape": "CVCone", "id_string": "ob919", "world_size": [0.11, 0.11, 0.11], "id": 919, "camera_size": [54, 67], "camera_position": [246, 246], "world_position": [0.7207963001230115, 0.8668563222671288, -0.17007150679954183], "world_orientation": [0.9554108292173863, -0.29527977424295926, -4.8344323908461105e-05, 0.2952797768290629, 0.9554108277545372, 6.004306132980301e-05, 2.845918892829588e-05, -7.164089218849981e-05, 0.9999999970288286], "world_rotation": [0.0002229816601762225, 0.0001300521008227898, -0.9999999666828147, -0.2997483484245778]}], "source": "action wait"}
{"timestamp": 1706068701.061389, "objects": [{"color": "cv_", "id_name": "hand", "shape": "CVCylinder", "id_string": "ob383", "world_size": [0.12, 0.005, 0.12], "id": 383, "camera_size": [66, 60], "camera_position": [242, 274], "world_position": [0.6662819319930074, 1.0549344286230358, -0.17411973197401617], "world_orientation": [0.0003674788960787736, 0.48040193975352413, 0.877048368814578, -0.0006590998698019339, -0.8770481211767988, 0.48040208026986, 0.9999997152732709, -0.0007546000918273568, -5.663819433373854e-06], "world_rotation": [0.0, 1.0, 0.0, 0.0]}, {"color": "CVYellow", "id_name": "object6833348742156", "shape": "CVCone", "id_string": "ob919", "world_size": [0.11, 0.11, 0.11], "id": 919, "camera_size": [60, 83], "camera_position": [243, 260], "world_position": [0.6930087834566214, 1.0058237432514054, -0.17246226116616847], "world_orientation": [0.8769091364169329, -0.48065618088471035, -4.7390230652262e-05, 0.48065618245134695, 0.8769091363300072, 2.9870694692243106e-05, 2.7199392200608146e-05, -4.897229243755379e-05, 0.999999998430954], "world_rotation": [8.20159915073586e-05, 7.759145229197046e-05, -0.9999999936264717, -0.5014028518085827]}], "source": "action wait"}
{"timestamp": 1706068701.098929, "objects": [{"color": "cv_", "id_name": "hand", "shape": "CVCylinder", "id_string": "ob383", "world_size": [0.12, 0.005, 0.12], "id": 383, "camera_size": [70, 61], "camera_position": [241, 290], "world_position": [0.6419559698536773, 1.107718396835895, -0.17411827491605683], "world_orientation": [0.00043047829619247585, 0.5515677764435826, 0.834129967497583, -0.0006383658625005215, -0.8341297232536216, 0.5515679443856966, 0.9999997035886872, -0.0007699181250727919, -6.972702732313605e-06], "world_rotation": [0.0, 1.0, 0.0, 0.0]}, {"color": "CVYellow", "id_name": "object6833348742156", "shape": "CVCone", "id_string": "ob919", "world_size": [0.11, 0.11, 0.11], "id": 919, "camera_size": [64, 89], "camera_position": [242, 272], "world_position": [0.67268105099487, 1.0611303140022834, -0.17305862018621926], "world_orientation": [0.8338695039366428, -0.5519616371658495, -3.875116118493275e-05, 0.5519616379174225, 0.8338695042591807, 1.1578626085451868e-05, 2.5922454156490257e-05, -3.1044217588981144e-05, 0.9999999991821416], "world_rotation": [3.8610331471000073e-05, 5.858524468319664e-05, -0.9999999975385058, -0.5847148644122523]}], "source": "action wait"}
{"timestamp": 1706068701.136392, "objects": [{"color": "cv_", "id_name": "hand", "shape": "CVCylinder", "id_string": "ob383", "world_size": [0.12, 0.005, 0.12], "id": 383, "camera_size": [73, 61], "camera_position": [241, 303], "world_position": [0.621737507016171, 1.1433830010483341, -0.17411851059805253], "world_orientation": [0.0004753152060427246, 0.5995227032369229, 0.8003576090591925, -0.0006175609316279601, -0.8003573708669648, 0.5995228915708021, 0.9999996963469293, -0.0007792319374204914, -1.0180229497827405e-05], "world_rotation": [0.0, 1.0, 0.0, 0.0]}, {"color": "CVYellow", "id_name": "object6833348742156", "shape": "CVCone", "id_string": "ob919", "world_size": [0.11, 0.11, 0.11], "id": 919, "camera_size": [67, 93], "camera_position": [242, 283], "world_position": [0.6550934948847055, 1.0988676130396915, -0.17344138849081112], "world_orientation": [0.8000044844603283, -0.599994019912747, -3.0204412071748235e-05, 0.5999940202431351, 0.8000044847790722, 2.419105699882302e-06, 2.27122161640475e-05, -2.0057762036297885e-05, 0.9999999995409209], "world_rotation": [1.873090977428669e-05, 4.409762964653215e-05, -0.999999998852276, -0.6434936347724429]}], "source": "action wait"}
{"timestamp": 1706068701.170229, "objects": [{"color": "cv_", "id_name": "hand", "shape": "CVCylinder", "id_string": "ob383", "world_size": [0.12, 0.005, 0.12], "id": 383, "camera_size": [75, 62], "camera_position": [241, 313], "world_position": [0.6060735842096154, 1.1676397520047417, -0.17411978022058214], "world_orientation": [0.0005053225072217119, 0.6321147721562485, 0.7748746088697306, -0.0005976811377963446, -0.774874378488261, 0.6321149739878728, 0.9999996937131638, -0.0007825498613867459, -1.375838747881749e-05], "world_rotation": [0.0, 1.0, 0.0, 0.0]}, {"color": "CVYellow", "id_name": "object6833348742156", "shape": "CVCone", "id_string": "ob919", "world_size": [0.11, 0.11, 0.11], "id": 919, "camera_size": [68, 96], "camera_position": [241, 292], "world_position": [0.6411832593628508, 1.1247150280582594, -0.17368731040606616], "world_orientation": [0.7744550357901693, -0.6326289567575853, -2.471956666310804e-05, 0.6326289569516016, 0.7744550360261901, 3.816332094001583e-08, 1.912004966871645e-05, -1.566786945046209e-05, 0.999999999694471], "world_rotation": [1.2413305295772406e-05, 3.464875882389275e-05, -0.9999999993226866, -0.6849431145064911]}], "source": "action wait"}
{"timestamp": 1706068701.199926, "objects": [{"color": "cv_", "id_name": "hand", "shape": "CVCylinder", "id_string": "ob383", "world_size": [0.12, 0.005, 0.12], "id": 383, "camera_size": [76, 62], "camera_position": [240, 321], "world_position": [0.5943787674926118, 1.1842752572037254, -0.1741212247244717], "world_orientation": [0.0005250396000340513, 0.6544535085651422, 0.7561020628593693, -0.000580832999463819, -0.7561018399510209, 0.6544537189562819, 0.9999996934831757, -0.0007827831479130312, -1.6855213242868805e-05], "world_rotation": [0.0, 1.0, 0.0, 0.0]}, {"color": "CVYellow", "id_name": "object6833348742156", "shape": "CVCone", "id_string": "ob919", "world_size": [0.11, 0.11, 0.11], "id": 919, "camera_size": [69, 98], "camera_position": [241, 299], "world_position": [0.6306734341300825, 1.1425282402319936, -0.1738452146185463], "world_orientation": [0.7556363530292083, -0.654991375139708, -2.175574053401515e-05, 0.6549913753054049, 0.7556363531984815, 6.588724008167502e-07, 1.600787269840303e-05, -1.4747690351226898e-05, 0.9999999997631268], "world_rotation": [1.1760889782206344e-05, 2.882756524945358e-05, -0.9999999995153264, -0.7141712069139415]}], "source": "action wait"}
