{"timestamp": 1706068490.861552, "objects": [{"color": "cv_", "id_name": "hand", "shape": "CVCylinder", "id_string": "ob383", "world_size": [0.12, 0.005, 0.12], "id": 383, "camera_size": [48, 50], "camera_position": [246, 426], "world_position": [0.26764451554000895, 0.6334703013849455, -0.17389260400847803], "world_orientation": [-0.0006415513899844038, 0.1979154748668708, 0.9802188802609522, -0.0007473675733312165, -0.9802189031248753, 0.19791499033266044, 0.9999995149266446, -0.0006056111687276911, 0.0007767764079651294], "world_rotation": [0.0, 1.0, 0.0, 0.0]}, {"color": "CVPurple", "id_name": "object101130155489246", "shape": "CVBox", "id_string": "ob877", "world_size": [0.11, 0.11, 0.11], "id": 877, "camera_size": [45, 45], "camera_position": [256, 254], "world_position": [0.705, 0.654738849708696, -0.15], "world_orientation": [1.0, -5.1619362862653347e-17, 1.4541359828532488e-17, 5.1619362862653347e-17, 1.0, 2.3824321321224633e-17, -1.4541359828532488e-17, -2.3824321321224633e-17, 1.0], "world_rotation": [-0.4059884517598224, 0.2477982093873522, 0.8796416454796148, 5.868226354211375e-17]}], "source": "manual check"}
{"timestamp": 1706068491.889758, "objects": [{"color": "cv_", "id_name": "hand", "shape": "CVCylinder", "id_string": "ob383", "world_size": [0.12, 0.005, 0.12], "id": 383, "camera_size": [48, 50], "camera_position": [246, 426], "world_position": [0.26764451554000895, 0.6334703013849455, -0.17389260400847803], "world_orientation": [-0.0006415513899844038, 0.1979154748668708, 0.9802188802609522, -0.0007473675733312165, -0.9802189031248753, 0.19791499033266044, 0.9999995149266446, -0.0006056111687276911, 0.0007767764079651294], "world_rotation": [0.0, 1.0, 0.0, 0.0]}, {"color": "CVPurple", "id_name": "object101130155489246", "shape": "CVBox", "id_string": "ob877", "world_size": [0.11, 0.11, 0.11], "id": 877, "camera_size": [45, 45], "camera_position": [256, 254], "world_position": [0.705, 0.6547388572526824, -0.15], "world_orientation": [1.0, -3.838362879530641e-17, 1.4813540171849057e-17, 3.838362879530641e-17, 1.0, 5.294293626938881e-18, -1.4813540171849057e-17, -5.294293626938881e-18, 1.0], "world_rotation": [-0.1276280613210114, 0.35710588544125776, 0.925303444577321, 4.1482206750932463e-17]}], "source": "manual check"}
{"timestamp": 1706068493.398338, "objects": [{"color": "cv_", "id_name": "hand", "shape": "CVCylinder", "id_string": "ob383", "world_size": [0.12, 0.005, 0.12], "id": 383, "camera_size": [48, 50], "camera_position": [246, 426], "world_position": [0.26764451554000895, 0.6334703013849455, -0.17389260400847803], "world_orientation": [-0.0006415513899844038, 0.1979154748668708, 0.9802188802609522, -0.0007473675733312165, -0.9802189031248753, 0.19791499033266044, 0.9999995149266446, -0.0006056111687276911, 0.0007767764079651294], "world_rotation": [0.0, 1.0, 0.0, 0.0]}, {"color": "CVPurple", "id_name": "object101130155489246", "shape": "CVBox", "id_string": "ob877", "world_size": [0.11, 0.11, 0.11], "id": 877, "camera_size": [45, 45], "camera_position": [256, 254], "world_position": [0.705, 0.6547388572526824, -0.15], "world_orientation": [1.0, -3.838362879530641e-17, 1.4813540171849057e-17, 3.838362879530641e-17, 1.0, 5.294293626938881e-18, -1.4813540171849057e-17, -5.294293626938881e-18, 1.0], "world_rotation": [-0.1276280613210114, 0.35710588544125776, 0.925303444577321, 4.1482206750932463e-17]}], "source": "action wait"}
{"timestamp": 1706068493.434841, "objects": [{"color": "cv_", "id_name": "hand", "shape": "CVCylinder", "id_string": "ob383", "world_size": [0.12, 0.005, 0.12], "id": 383, "camera_size": [49, 51], "camera_position": [246, 421], "world_position": [0.29079630421816893, 0.6674649119503325, -0.17395625440100562], "world_orientation": [-0.0003850544054214367, 0.1953090731789928, 0.9807416671412854, -0.0007159466704449281, -0.9807415423353681, 0.19530876723283255, 0.9999996695766804, -0.0006269542299162591, 0.0005174697321066612], "world_rotation": [0.0, 1.0, 0.0, 0.0]}, {"color": "CVPurple", "id_name": "object101130155489246", "shape": "CVBox", "id_string": "ob877", "world_size": [0.11, 0.11, 0.11], "id": 877, "camera_size": [45, 45], "camera_position": [256, 254], "world_position": [0.705, 0.6547388572526824, -0.15], "world_orientation": [1.0, -3.838362879530641e-17, 1.4813540171849057e-17, 3.838362879530641e-17, 1.0, 5.294293626938881e-18, -1.4813540171849057e-17, -5.294293626938881e-18, 1.0], "world_rotation": [-0.1276280613210114, 0.35710588544125776, 0.925303444577321, 4.1482206750932463e-17]}], "source": "action wait"}
{"timestamp": 1706068493.46298, "objects": [{"color": "cv_", "id_name": "hand", "shape": "CVCylinder", "id_string": "ob383", "world_size": [0.12, 0.005, 0.12], "id": 383, "camera_size": [51, 52], "camera_position": [246, 406], "world_position": [0.3366225655641393, 0.705172605364901, -0.17398411584884987], "world_orientation": [-0.00022718584753936231, 0.1815131305028725, 0.9833884948694681, -0.0007325543193246522, -0.9833882865951799, 0.18151292282249717, 0.9999997058753368, -0.0006791483222803164, 0.00035638012911485], "world_rotation": [0.0, 1.0, 0.0, 0.0]}, {"color": "CVPurple", "id_name": "object101130155489246", "shape": "CVBox", "id_string": "ob877", "world_size": [0.11, 0.11, 0.11], "id": 877, "camera_size": [45, 45], "camera_position": [256, 254], "world_position": [0.705, 0.6547388572526824, -0.15], "world_orientation": [1.0, -3.838362879530641e-17, 1.4813540171849057e-17, 3.838362879530641e-17, 1.0, 5.294293626938881e-18, -1.4813540171849057e-17, -5.294293626938881e-18, 1.0], "world_rotation": [-0.1276280613210114, 0.35710588544125776, 0.925303444577321, 4.1482206750932463e-17]}], "source": "action wait"}
{"timestamp": 1706068493.492778, "objects": [{"color": "cv_", "id_name": "hand", "shape": "CVCylinder", "id_string": "ob383", "world_size": [0.12, 0.005, 0.12], "id": 383, "camera_size": [51, 52], "camera_position": [246, 388], "world_position": [0.38703194692537013, 0.7381661614424244, -0.174004627541393], "world_orientation": [-0.00012490975854371106, 0.17169197041860063, 0.9851506746134474, -0.0007438843029387883, -0.9851504256787412, 0.17169183271530075, 0.9999997155168076, -0.0007113921375064047, 0.0002507738635362149], "world_rotation": [0.0, 1.0, 0.0, 0.0]}, {"color": "CVPurple", "id_name": "object101130155489246", "shape": "CVBox", "id_string": "ob877", "world_size": [0.11, 0.11, 0.11], "id": 877, "camera_size": [45, 45], "camera_position": [256, 254], "world_position": [0.705, 0.6547388572526824, -0.15], "world_orientation": [1.0, -3.838362879530641e-17, 1.4813540171849057e-17, 3.838362879530641e-17, 1.0, 5.294293626938881e-18, -1.4813540171849057e-17, -5.294293626938881e-18, 1.0], "world_rotation": [-0.1276280613210114, 0.35710588544125776, 0.925303444577321, 4.1482206750932463e-17]}], "source": "action wait"}
{"timestamp": 1706068493.527166, "objects": [{"color": "cv_", "id_name": "hand", "shape": "CVCylinder", "id_string": "ob383", "world_size": [0.12, 0.005, 0.12], "id": 383, "camera_size": [52, 53], "camera_position": [245, 368], "world_position": [0.4410375597720563, 0.7659892260614011, -0.17402311491796182], "world_orientation": [-5.2925776557623075e-05, 0.16475205729321749, 0.9863350124661067, -0.0007513040290581872, -0.986334742026372, 0.16475197180618675, 0.999999716370519, -0.0007323178428199959, 0.00017598141660794727], "world_rotation": [0.0, 1.0, 0.0, 0.0]}, {"color": "CVPurple", "id_name": "object101130155489246", "shape": "CVBox", "id_string": "ob877", "world_size": [0.11, 0.11, 0.11], "id": 877, "camera_size": [45, 45], "camera_position": [256, 254], "world_position": [0.705, 0.6547388572526824, -0.15], "world_orientation": [1.0, -3.838362879530641e-17, 1.4813540171849057e-17, 3.838362879530641e-17, 1.0, 5.294293626938881e-18, -1.4813540171849057e-17, -5.294293626938881e-18, 1.0], "world_rotation": [-0.1276280613210114, 0.35710588544125776, 0.925303444577321, 4.1482206750932463e-17]}], "source": "action wait"}
{"timestamp": 1706068493.568083, "objects": [{"color": "cv_", "id_name": "hand", "shape": "CVCylinder", "id_string": "ob383", "world_size": [0.12, 0.005, 0.12], "id": 383, "camera_size": [52, 53], "camera_position": [245, 344], "world_position": [0.4981549033449872, 0.7811411941588445, -0.17403837573908681], "world_orientation": [-9.123411976514937e-06, 0.14955928349461728, 0.9887527601161678, -0.0007643490956776078, -0.9887524723709382, 0.1495592329173205, 0.999999707843569, -0.0007543877875470498, 0.00012333629923795398], "world_rotation": [0.0, 1.0, 0.0, 0.0]}, {"color": "CVPurple", "id_name": "object101130155489246", "shape": "CVBox", "id_string": "ob877", "world_size": [0.11, 0.11, 0.11], "id": 877, "camera_size": [45, 45], "camera_position": [256, 254], "world_position": [0.705, 0.6547388572526824, -0.15], "world_orientation": [1.0, -3.838362879530641e-17, 1.4813540171849057e-17, 3.838362879530641e-17, 1.0, 5.294293626938881e-18, -1.4813540171849057e-17, -5.294293626938881e-18, 1.0], "world_rotation": [-0.1276280613210114, 0.35710588544125776, 0.925303444577321, 4.1482206750932463e-17]}], "source": "action wait"}
{"timestamp": 1706068493.603773, "objects": [{"color": "cv_", "id_name": "hand", "shape": "CVCylinder", "id_string": "ob383", "world_size": [0.12, 0.005, 0.12], "id": 383, "camera_size": [52, 53], "camera_position": [245, 318], "world_position": [0.5567904847461373, 0.772843351984246, -0.1740502187112216], "world_orientation": [-2.3422552944511846e-06, 0.11084767773169803, 0.9938374073941892, -0.000777058473897916, -0.9938371075492325, 0.11084764245712923, 0.9999996980872755, -0.0007720101456152933, 8.846294752070299e-05], "world_rotation": [0.0, 1.0, 0.0, 0.0]}, {"color": "CVPurple", "id_name": "object101130155489246", "shape": "CVBox", "id_string": "ob877", "world_size": [0.11, 0.11, 0.11], "id": 877, "camera_size": [45, 45], "camera_position": [256, 254], "world_position": [0.705, 0.6547388572526824, -0.15], "world_orientation": [1.0, -3.838362879530641e-17, 1.4813540171849057e-17, 3.838362879530641e-17, 1.0, 5.294293626938881e-18, -1.4813540171849057e-17, -5.294293626938881e-18, 1.0], "world_rotation": [-0.1276280613210114, 0.35710588544125776, 0.925303444577321, 4.1482206750932463e-17]}], "source": "action wait"}
{"timestamp": 1706068493.636111, "objects": [{"color": "cv_", "id_name": "hand", "shape": "CVCylinder", "id_string": "ob383", "world_size": [0.12, 0.005, 0.12], "id": 383, "camera_size": [52, 52], "camera_position": [245, 298], "world_position": [0.6021305211884054, 0.7593670420702829, -0.17405582390787905], "world_orientation": [-1.6618198829168823e-05, 0.07771686786677237, 0.9969754701961399, -0.0007752611387679636, -0.9969751717290201, 0.07771683167794509, 0.9999996993469559, -0.0007716248245871158, 7.681879911580231e-05], "world_rotation": [0.0, 1.0, 0.0, 0.0]}, {"color": "CVPurple", "id_name": "object101130155489246", "shape": "CVBox", "id_string": "ob877", "world_size": [0.11, 0.11, 0.11], "id": 877, "camera_size": [45, 45], "camera_position": [256, 254], "world_position": [0.705, 0.6547388572526824, -0.15], "world_orientation": [1.0, -3.838362879530641e-17, 1.4813540171849057e-17, 3.838362879530641e-17, 1.0, 5.294293626938881e-18, -1.4813540171849057e-17, -5.294293626938881e-18, 1.0], "world_rotation": [-0.1276280613210114, 0.35710588544125776, 0.925303444577321, 4.1482206750932463e-17]}], "source": "action wait"}
{"timestamp": 1706068493.667616, "objects": [{"color": "cv_", "id_name": "hand", "shape": "CVCylinder", "id_string": "ob383", "world_size": [0.12, 0.005, 0.12], "id": 383, "camera_size": [51, 51], "camera_position": [246, 284], "world_position": [0.6339561771431937, 0.7474014392946307, -0.17406350286980388], "world_orientation": [-2.2861534543239835e-05, 0.054305853005846116, 0.9985243481291068, -0.0007713918124242448, -0.9985240522640719, 0.05430581925363637, 0.9999997022159668, -0.0007690119922906302, 6.471888248889863e-05], "world_rotation": [0.0, 1.0, 0.0, 0.0]}, {"color": "CVPurple", "id_name": "object101130155489246", "shape": "CVBox", "id_string": "ob877", "world_size": [0.11, 0.11, 0.11], "id": 877, "camera_size": [45, 45], "camera_position": [256, 254], "world_position": [0.705, 0.6547388572526824, -0.15], "world_orientation": [1.0, -3.838362879530641e-17, 1.4813540171849057e-17, 3.838362879530641e-17, 1.0, 5.294293626938881e-18, -1.4813540171849057e-17, -5.294293626938881e-18, 1.0], "world_rotation": [-0.1276280613210114, 0.35710588544125776, 0.925303444577321, 4.1482206750932463e-17]}], "source": "action wait"}
{"timestamp": 1706068493.699678, "objects": [{"color": "cv_", "id_name": "hand", "shape": "CVCylinder", "id_string": "ob383", "world_size": [0.12, 0.005, 0.12], "id": 383, "camera_size": [51, 51], "camera_position": [246, 275], "world_position": [0.6562274597747129, 0.7377735771336089, -0.17407138155981214], "world_orientation": [-2.421496937279055e-05, 0.03778609820450952, 0.9992858500930124, -0.0007678982414899076, -0.9992855564652614, 0.03778606849361241, 0.9999997048729194, -0.0007664348585412315, 5.3213547508863876e-05], "world_rotation": [0.0, 1.0, 0.0, 0.0]}, {"color": "CVPurple", "id_name": "object101130155489246", "shape": "CVBox", "id_string": "ob877", "world_size": [0.11, 0.11, 0.11], "id": 877, "camera_size": [45, 45], "camera_position": [256, 254], "world_position": [0.705, 0.6547388572526824, -0.15], "world_orientation": [1.0, -3.838362879530641e-17, 1.4813540171849057e-17, 3.838362879530641e-17, 1.0, 5.294293626938881e-18, -1.4813540171849057e-17, -5.294293626938881e-18, 1.0], "world_rotation": [-0.1276280613210114, 0.35710588544125776, 0.925303444577321, 4.1482206750932463e-17]}], "source": "action wait"}
{"timestamp": 1706068493.729804, "objects": [{"color": "cv_", "id_name": "hand", "shape": "CVCylinder", "id_string": "ob383", "world_size": [0.12, 0.005, 0.12], "id": 383, "camera_size": [51, 51], "camera_position": [246, 268], "world_position": [0.6718105052998349, 0.7304172532659349, -0.17407849347937193], "world_orientation": [-2.303621072080307e-05, 0.02613654317091145, 0.9996583819387542, -0.0007653854260880745, -0.9996580898574197, 0.026136517896701295, 0.9999997068271984, -0.0007645218702692862, 4.30328636384221e-05], "world_rotation": [0.0, 1.0, 0.0, 0.0]}, {"color": "CVPurple", "id_name": "object101130155489246", "shape": "CVBox", "id_string": "ob877", "world_size": [0.11, 0.11, 0.11], "id": 877, "camera_size": [45, 45], "camera_position": [256, 254], "world_position": [0.705, 0.6547388572526824, -0.15], "world_orientation": [1.0, -3.838362879530641e-17, 1.4813540171849057e-17, 3.838362879530641e-17, 1.0, 5.294293626938881e-18, -1.4813540171849057e-17, -5.294293626938881e-18, 1.0], "world_rotation": [-0.1276280613210114, 0.35710588544125776, 0.925303444577321, 4.1482206750932463e-17]}], "source": "action wait"}
{"timestamp": 1706068493.762014, "objects": [{"color": "cv_", "id_name": "hand", "shape": "CVCylinder", "id_string": "ob383", "world_size": [0.12, 0.005, 0.12], "id": 383, "camera_size": [51, 50], "camera_position": [246, 263], "world_position": [0.6827232977652057, 0.7249641604793307, -0.17408450609883985], "world_orientation": [-2.073442291079668e-05, 0.01792394188771679, 0.9998393530349211, -0.0007638012940846046, -0.9998390618843148, 0.017923920828788503, 0.9999997080887909, -0.0007633069495704669, 3.442141596114968e-05], "world_rotation": [0.0, 1.0, 0.0, 0.0]}, {"color": "CVPurple", "id_name": "object101130155489246", "shape": "CVBox", "id_string": "ob877", "world_size": [0.11, 0.11, 0.11], "id": 877, "camera_size": [45, 45], "camera_position": [256, 254], "world_position": [0.705, 0.6547388572526824, -0.15], "world_orientation": [1.0, -3.838362879530641e-17, 1.4813540171849057e-17, 3.838362879530641e-17, 1.0, 5.294293626938881e-18, -1.4813540171849057e-17, -5.294293626938881e-18, 1.0], "world_rotation": [-0.1276280613210114, 0.35710588544125776, 0.925303444577321, 4.1482206750932463e-17]}], "source": "action wait"}
{"timestamp": 1706068493.795921, "objects": [{"color": "cv_", "id_name": "hand", "shape": "CVCylinder", "id_string": "ob383", "world_size": [0.12, 0.005, 0.12], "id": 383, "camera_size": [51, 51], "camera_position": [246, 260], "world_position": [0.6903741540684578, 0.7209971838591177, -0.17408939510551713], "world_orientation": [-1.809148139652149e-05, 0.012135109897059014, 0.9999263666793095, -0.0007629125203290061, -0.999926076014069, 0.012135092566310969, 0.99999970881855, -0.0007626368027456878, 2.7348171278508988e-05], "world_rotation": [0.0, 1.0, 0.0, 0.0]}, {"color": "CVPurple", "id_name": "object101130155489246", "shape": "CVBox", "id_string": "ob877", "world_size": [0.11, 0.11, 0.11], "id": 877, "camera_size": [45, 45], "camera_position": [256, 254], "world_position": [0.705, 0.6547388572526824, -0.15], "world_orientation": [1.0, -3.838362879530641e-17, 1.4813540171849057e-17, 3.838362879530641e-17, 1.0, 5.294293626938881e-18, -1.4813540171849057e-17, -5.294293626938881e-18, 1.0], "world_rotation": [-0.1276280613210114, 0.35710588544125776, 0.925303444577321, 4.1482206750932463e-17]}], "source": "action wait"}
{"timestamp": 1706068493.8258, "objects": [{"color": "cv_", "id_name": "hand", "shape": "CVCylinder", "id_string": "ob383", "world_size": [0.12, 0.005, 0.12], "id": 383, "camera_size": [51, 50], "camera_position": [246, 257], "world_position": [0.695743914050978, 0.7181459759798773, -0.17409327121286897], "world_orientation": [-1.5542753037908598e-05, 0.008054947775312024, 0.9999675582611468, -0.000762485102366898, -0.9999672677950142, 0.008054933584044832, 0.9999997091874034, -0.0007623351701812345, 2.168402196871589e-05], "world_rotation": [0.0, 1.0, 0.0, 0.0]}, {"color": "CVPurple", "id_name": "object101130155489246", "shape": "CVBox", "id_string": "ob877", "world_size": [0.11, 0.11, 0.11], "id": 877, "camera_size": [45, 45], "camera_position": [256, 254], "world_position": [0.705, 0.6547388572526824, -0.15], "world_orientation": [1.0, -3.838362879530641e-17, 1.4813540171849057e-17, 3.838362879530641e-17, 1.0, 5.294293626938881e-18, -1.4813540171849057e-17, -5.294293626938881e-18, 1.0], "world_rotation": [-0.1276280613210114, 0.35710588544125776, 0.925303444577321, 4.1482206750932463e-17]}], "source": "action wait"}
{"timestamp": 1706068493.860601, "objects": [{"color": "cv_", "id_name": "hand", "shape": "CVCylinder", "id_string": "ob383", "world_size": [0.12, 0.005, 0.12], "id": 383, "camera_size": [50, 50], "camera_position": [245, 256], "world_position": [0.6995161952603689, 0.7161128651159551, -0.17409629129228335], "world_orientation": [-1.3262836409355433e-05, 0.005179143750277066, 0.9999865880571155, -0.0007623368051257242, -0.9999862976225834, 0.005179132135171089, 0.9999997093333042, -0.0007622578907261611, 1.7210906577204898e-05], "world_rotation": [0.0, 1.0, 0.0, 0.0]}, {"color": "CVPurple", "id_name": "object101130155489246", "shape": "CVBox", "id_string": "ob877", "world_size": [0.11, 0.11, 0.11], "id": 877, "camera_size": [45, 45], "camera_position": [256, 254], "world_position": [0.705, 0.6547388572526824, -0.15], "world_orientation": [1.0, -3.838362879530641e-17, 1.4813540171849057e-17, 3.838362879530641e-17, 1.0, 5.294293626938881e-18, -1.4813540171849057e-17, -5.294293626938881e-18, 1.0], "world_rotation": [-0.1276280613210114, 0.35710588544125776, 0.925303444577321, 4.1482206750932463e-17]}], "source": "action wait"}
{"timestamp": 1706068493.895626, "objects": [{"color": "cv_", "id_name": "hand", "shape": "CVCylinder", "id_string": "ob383", "world_size": [0.12, 0.005, 0.12], "id": 383, "camera_size": [50, 50], "camera_position": [245, 255], "world_position": [0.7021682552565022, 0.7146706713991556, -0.17409861521767436], "world_orientation": [-1.1327035329427038e-05, 0.003152179162257422, 0.9999950318067722, -0.0007623425732152964, -0.999994741316444, 0.003152169611451495, 0.9999997093527074, -0.000762303081013894, 1.3730016138288853e-05], "world_rotation": [0.0, 1.0, 0.0, 0.0]}, {"color": "CVPurple", "id_name": "object101130155489246", "shape": "CVBox", "id_string": "ob877", "world_size": [0.11, 0.11, 0.11], "id": 877, "camera_size": [45, 45], "camera_position": [256, 254], "world_position": [0.705, 0.6547388572526824, -0.15], "world_orientation": [1.0, -3.838362879530641e-17, 1.4813540171849057e-17, 3.838362879530641e-17, 1.0, 5.294293626938881e-18, -1.4813540171849057e-17, -5.294293626938881e-18, 1.0], "world_rotation": [-0.1276280613210114, 0.35710588544125776, 0.925303444577321, 4.1482206750932463e-17]}], "source": "action wait"}
{"timestamp": 1706068493.93034, "objects": [{"color": "cv_", "id_name": "hand", "shape": "CVCylinder", "id_string": "ob383", "world_size": [0.12, 0.005, 0.12], "id": 383, "camera_size": [50, 50], "camera_position": [245, 254], "world_position": [0.7040338857185049, 0.7136511680660963, -0.17410038696534957], "world_orientation": [-9.735617621846216e-06, 0.0017234738013108366, 0.9999985147705341, -0.0007624230652615758, -0.999998224186642, 0.0017234658778262997, 0.9999997093081014, -0.0007624051538839822, 1.104961651206524e-05], "world_rotation": [0.0, 1.0, 0.0, 0.0]}, {"color": "CVPurple", "id_name": "object101130155489246", "shape": "CVBox", "id_string": "ob877", "world_size": [0.11, 0.11, 0.11], "id": 877, "camera_size": [45, 45], "camera_position": [256, 254], "world_position": [0.705, 0.6547388572526824, -0.15], "world_orientation": [1.0, -3.838362879530641e-17, 1.4813540171849057e-17, 3.838362879530641e-17, 1.0, 5.294293626938881e-18, -1.4813540171849057e-17, -5.294293626938881e-18, 1.0], "world_rotation": [-0.1276280613210114, 0.35710588544125776, 0.925303444577321, 4.1482206750932463e-17]}], "source": "action wait"}
{"timestamp": 1706068493.957694, "objects": [{"color": "cv_", "id_name": "hand", "shape": "CVCylinder", "id_string": "ob383", "world_size": [0.12, 0.005, 0.12], "id": 383, "camera_size": [50, 50], "camera_position": [245, 253], "world_position": [0.705346918010486, 0.7129320913096187, -0.17410172819056924], "world_orientation": [-8.456979424940681e-06, 0.0007164242860713367, 0.999999743332328, -0.0007625314176603967, -0.999999452645659, 0.0007164176291024961, 0.9999997092371161, -0.000762525163214468, 9.003270822845519e-06], "world_rotation": [0.0, 1.0, 0.0, 0.0]}, {"color": "CVPurple", "id_name": "object101130155489246", "shape": "CVBox", "id_string": "ob877", "world_size": [0.11, 0.11, 0.11], "id": 877, "camera_size": [45, 45], "camera_position": [256, 254], "world_position": [0.705, 0.6547388572526824, -0.15], "world_orientation": [1.0, -3.838362879530641e-17, 1.4813540171849057e-17, 3.838362879530641e-17, 1.0, 5.294293626938881e-18, -1.4813540171849057e-17, -5.294293626938881e-18, 1.0], "world_rotation": [-0.1276280613210114, 0.35710588544125776, 0.925303444577321, 4.1482206750932463e-17]}], "source": "action wait"}
{"timestamp": 1706068493.986841, "objects": [{"color": "cv_", "id_name": "hand", "shape": "CVCylinder", "id_string": "ob383", "world_size": [0.12, 0.005, 0.12], "id": 383, "camera_size": [50, 50], "camera_position": [245, 253], "world_position": [0.7062713794119313, 0.7124256425125886, -0.17410273785702346], "world_orientation": [-7.447012136663953e-06, 6.5667258942595185e-06, 0.9999999999507101, -0.0007626420407722232, -0.999999709166993, 6.561044580594693e-06, 0.9999997091607875, -0.0007626419918748442, 7.452018032428755e-06], "world_rotation": [0.0, 1.0, 0.0, 0.0]}, {"color": "CVPurple", "id_name": "object101130155489246", "shape": "CVBox", "id_string": "ob877", "world_size": [0.11, 0.11, 0.11], "id": 877, "camera_size": [45, 45], "camera_position": [256, 254], "world_position": [0.705, 0.6547388572526824, -0.15], "world_orientation": [1.0, -3.838362879530641e-17, 1.4813540171849057e-17, 3.838362879530641e-17, 1.0, 5.294293626938881e-18, -1.4813540171849057e-17, -5.294293626938881e-18, 1.0], "world_rotation": [-0.1276280613210114, 0.35710588544125776, 0.925303444577321, 4.1482206750932463e-17]}], "source": "action wait"}
{"timestamp": 1706068494.019552, "objects": [{"color": "cv_", "id_name": "hand", "shape": "CVCylinder", "id_string": "ob383", "world_size": [0.12, 0.005, 0.12], "id": 383, "camera_size": [49, 50], "camera_position": [246, 253], "world_position": [0.7069025799754433, 0.7120937824340439, -0.1740962867925248], "world_orientation": [-8.44790969161376e-06, -0.0004856439899386338, 0.9999998820392672, -0.0007634934594653436, -0.9999995906106787, -0.0004856502983322673, 0.9999997085031427, -0.0007634974721333091, 8.07712022352061e-06], "world_rotation": [0.0, 1.0, 0.0, 0.0]}, {"color": "CVPurple", "id_name": "object101130155489246", "shape": "CVBox", "id_string": "ob877", "world_size": [0.11, 0.11, 0.11], "id": 877, "camera_size": [45, 45], "camera_position": [256, 254], "world_position": [0.7050976649596198, 0.6546625983532798, -0.14999646363301497], "world_orientation": [0.9999984304165311, 0.0017717661834380698, 3.0108809535537564e-06, -0.0017717659717434058, 0.999998428046778, -6.891527290264539e-05, -3.1329779706381544e-06, 6.890983015795395e-05, 0.99999999762081], "world_rotation": [0.038865391082761075, 0.0017325108020491838, -0.9992429533313232, 0.0017731093324852639]}], "source": "action wait"}
{"timestamp": 1706068494.053145, "objects": [{"color": "cv_", "id_name": "hand", "shape": "CVCylinder", "id_string": "ob383", "world_size": [0.12, 0.005, 0.12], "id": 383, "camera_size": [49, 50], "camera_position": [246, 252], "world_position": [0.7073244308506438, 0.7118855652935916, -0.17410066948822137], "world_orientation": [-5.289831039575423e-06, -0.0008239788243552018, 0.9999996605153998, -0.000765222874976546, -0.9999993677430878, -0.000823982631017644, 0.999999707202942, -0.0007652269739244191, 4.659300250494195e-06], "world_rotation": [0.0, 1.0, 0.0, 0.0]}, {"color": "CVPurple", "id_name": "object101130155489246", "shape": "CVBox", "id_string": "ob877", "world_size": [0.11, 0.11, 0.11], "id": 877, "camera_size": [45, 46], "camera_position": [256, 253], "world_position": [0.7051967308642769, 0.654595840264378, -0.1499986410833175], "world_orientation": [0.9999936874319869, 0.0035531786938628363, 4.164984492025988e-06, -0.0035531785725258455, 0.9999936870267508, -2.8786745157764708e-05, -4.267242648151027e-06, 2.8771764505825988e-05, 0.9999999995769882], "world_rotation": [0.008099308699486354, 0.0011865354233742708, -0.9999664961048843, 0.0035533051598276907]}], "source": "action wait"}
{"timestamp": 1706068494.093418, "objects": [{"color": "cv_", "id_name": "hand", "shape": "CVCylinder", "id_string": "ob383", "world_size": [0.12, 0.005, 0.12], "id": 383, "camera_size": [49, 50], "camera_position": [246, 252], "world_position": [0.7076261525144983, 0.7117319538989726, -0.17410491833484618], "world_orientation": [-2.921707550865121e-06, -0.0010646230865622908, 0.9999994332844131, -0.0007661245511379646, -0.9999991398130076, -0.0010646250125184624, 0.9999997065222749, -0.0007661272274865333, 2.106071153682255e-06], "world_rotation": [0.0, 1.0, 0.0, 0.0]}, {"color": "CVPurple", "id_name": "object101130155489246", "shape": "CVBox", "id_string": "ob877", "world_size": [0.11, 0.11, 0.11], "id": 877, "camera_size": [45, 46], "camera_position": [256, 253], "world_position": [0.7052846833265042, 0.6545052962619395, -0.15000076830237538], "world_orientation": [0.9999868735127232, 0.0051237468589368845, 4.513838578387013e-06, -0.005123746908510777, 0.9999868734617104, 1.1040407504007837e-05, -4.4572110740418405e-06, -1.1063390348700812e-05, 0.9999999999288673], "world_rotation": [-0.0021569896468426404, 0.0008754360382113725, -0.9999972905000326, 0.005123783185768986]}], "source": "action wait"}
{"timestamp": 1706068495.184218, "objects": [{"color": "cv_", "id_name": "hand", "shape": "CVCylinder", "id_string": "ob383", "world_size": [0.12, 0.005, 0.12], "id": 383, "camera_size": [49, 50], "camera_position": [246, 252], "world_position": [0.708354833413514, 0.7113706014510324, -0.17411381238466508], "world_orientation": [3.883724694628299e-06, -0.0016364925636491794, 0.9999986609376064, -0.0007683910930972335, -0.9999983657379474, -0.0016364890963326835, 0.9999997047799788, -0.0007683837085008695, -5.1411846570739465e-06], "world_rotation": [0.0, 1.0, 0.0, 0.0]}, {"color": "CVPurple", "id_name": "object101130155489246", "shape": "CVBox", "id_string": "ob877", "world_size": [0.11, 0.11, 0.11], "id": 877, "camera_size": [45, 46], "camera_position": [256, 253], "world_position": [0.7055090654341397, 0.654300933576518, -0.1500052263269543], "world_orientation": [0.999966362800641, 0.008201999713121948, -2.163245371611872e-05, -0.008201996734608507, 0.9999663540326882, 0.0001343582447047208, 2.273373215581324e-05, -0.00013417629595491667, 0.9999999907399495], "world_rotation": [0.016367815378090393, 0.002704223961647605, 0.9998623814268213, -0.008203219129142706]}], "source": "action wait"}
{"timestamp": 1706068495.224622, "objects": [{"color": "cv_", "id_name": "hand", "shape": "CVCylinder", "id_string": "ob383", "world_size": [0.12, 0.005, 0.12], "id": 383, "camera_size": [51, 50], "camera_position": [246, 251], "world_position": [0.7107737033065292, 0.7320279980352375, -0.17409608129949566], "world_orientation": [2.2402800103633422e-05, 0.028669788052932587, 0.9995889368891168, -0.0007444015063781745, -0.9995886597088914, 0.02866979678650287, 0.9999997226822176, -0.0007447377941060002, -1.051751514814364e-06], "world_rotation": [0.0, 1.0, 0.0, 0.0]}, {"color": "CVPurple", "id_name": "object101130155489246", "shape": "CVBox", "id_string": "ob877", "world_size": [0.11, 0.11, 0.11], "id": 877, "camera_size": [46, 48], "camera_position": [252, 251], "world_position": [0.7106539926118038, 0.6756631294827738, -0.15864704654987535], "world_orientation": [0.9996935090949548, -0.024756551905395486, -3.179891905286168e-05, 0.02475655549881973, 0.9996935025388182, 0.00011807414673517387, 2.8866064022568603e-05, -0.00011882518978741333, 0.9999999925236622], "world_rotation": [0.004784519889930751, 0.001225215833895062, -0.9999878035334145, -0.024759385266666666]}], "source": "action wait"}
{"timestamp": 1706068495.255423, "objects": [{"color": "cv_", "id_name": "hand", "shape": "CVCylinder", "id_string": "ob383", "world_size": [0.12, 0.005, 0.12], "id": 383, "camera_size": [52, 53], "camera_position": [245, 250], "world_position": [0.7141895964092535, 0.7808921193544361, -0.1741128974035808], "world_orientation": [7.774932330224232e-05, 0.09914094353741311, 0.995073397930803, -0.0007264940974164632, -0.9950731327417128, 0.09914097388022829, 0.9999997330806489, -0.0007306230937239405, -5.3409524142999205e-06], "world_rotation": [0.0, 1.0, 0.0, 0.0]}, {"color": "CVPurple", "id_name": "object101130155489246", "shape": "CVBox", "id_string": "ob877", "world_size": [0.11, 0.11, 0.11], "id": 877, "camera_size": [48, 53], "camera_position": [249, 248], "world_position": [0.7186532872749732, 0.7250889204044391, -0.1642257411636594], "world_orientation": [0.9952909629584956, -0.09693243893913181, -3.6530293001880826e-05, 0.09693244230602785, 0.9952909576857041, 0.0001057244669221572, 2.611013987207701e-05, -0.00010876757701005456, 0.9999999937439376], "world_rotation": [0.001106398952073838, 0.0003231136596894095, -0.9999993357392403, -0.09708494529397549]}], "source": "action wait"}
{"timestamp": 1706068495.287404, "objects": [{"color": "cv_", "id_name": "hand", "shape": "CVCylinder", "id_string": "ob383", "world_size": [0.12, 0.005, 0.12], "id": 383, "camera_size": [55, 55], "camera_position": [245, 250], "world_position": [0.7131806586216041, 0.8508219390954284, -0.17411935300933634], "world_orientation": [0.0001518162390250207, 0.19839182779528863, 0.9801227778272852, -0.000716434947412753, -0.9801225160056496, 0.19839188577086891, 0.999999731836362, -0.0007323133207418565, -6.663675449654988e-06], "world_rotation": [0.0, 1.0, 0.0, 0.0]}, {"color": "CVPurple", "id_name": "object101130155489246", "shape": "CVBox", "id_string": "ob877", "world_size": [0.11, 0.11, 0.11], "id": 877, "camera_size": [51, 60], "camera_position": [248, 245], "world_position": [0.7235988600192337, 0.7958872501493062, -0.16779202501387003], "world_orientation": [0.9803471752050256, -0.19728004003084218, -4.327766824662453e-05, 0.19728004310208389, 0.9803471718813778, 8.472204215507814e-05, 2.571317180335037e-05, -9.159483496138372e-05, 0.9999999954746095], "world_rotation": [0.00044686947401395934, 0.00017485507291822971, -0.9999998848666817, -0.19858268053552514]}], "source": "action wait"}
{"timestamp": 1706068495.31583, "objects": [{"color": "cv_", "id_name": "hand", "shape": "CVCylinder", "id_string": "ob383", "world_size": [0.12, 0.005, 0.12], "id": 383, "camera_size": [59, 57], "camera_position": [244, 254], "world_position": [0.7046752473013698, 0.9203750541942755, -0.17412029589871314], "world_orientation": [0.00022648294790053022, 0.2956997061028798, 0.9552809181157891, -0.0007070531250373625, -0.9552806564800799, 0.29569979274741814, 0.9999997243906384, -0.0007424053191975705, -7.279377878835628e-06], "world_rotation": [0.0, 1.0, 0.0, 0.0]}, {"color": "CVPurple", "id_name": "object101130155489246", "shape": "CVBox", "id_string": "ob877", "world_size": [0.11, 0.11, 0.11], "id": 877, "camera_size": [54, 67], "camera_position": [246, 246], "world_position": [0.7207961045828606, 0.8668563421160527, -0.17007151601152196], "world_orientation": [0.9554108301259937, -0.29527977174451947, -4.556823711758418e-05, 0.2952797741533552, 0.9554108285310693, 6.08401151070602e-05, 2.5571531877488297e-05, -7.15826836440442e-05, 0.9999999971110081], "world_rotation": [0.000224232755834717, 0.00012046163199731662, -0.9999999676043326, -0.29974834543196]}], "source": "action wait"}
{"timestamp": 1706068495.341803, "objects": [{"color": "cv_", "id_name": "hand", "shape": "CVCylinder", "id_string": "ob383", "world_size": [0.12, 0.005, 0.12], "id": 383, "camera_size": [62, 59], "camera_position": [243, 262], "world_position": [0.6889526946713788, 0.9886415848822948, -0.17412013451247588], "world_orientation": [0.00030011880678890753, 0.3900191259590253, 0.9208067068146601, -0.0006867995848456805, -0.9208064507230651, 0.3900192413370423, 0.9999997191174765, -0.0007494617732984116, -8.486359483523893e-06], "world_rotation": [0.0, 1.0, 0.0, 0.0]}, {"color": "CVPurple", "id_name": "object101130155489246", "shape": "CVBox", "id_string": "ob877", "world_size": [0.11, 0.11, 0.11], "id": 877, "camera_size": [57, 74], "camera_position": [245, 250], "world_position": [0.7105163794581546, 0.937069732858883, -0.17152950391464455], "world_orientation": [0.9208047401711218, -0.39002388186194037, -4.5340227265181686e-05, 0.39002388372152963, 0.92080473944991, 4.396996835906768e-05, 2.4600158408765063e-05, -5.81715268169867e-05, 0.999999998005453], "world_rotation": [0.0001309426145377484, 8.966166929649639e-05, -0.9999999874074084, -0.40065753476150817]}], "source": "action wait"}
{"timestamp": 1706068495.373996, "objects": [{"color": "cv_", "id_name": "hand", "shape": "CVCylinder", "id_string": "ob383", "world_size": [0.12, 0.005, 0.12], "id": 383, "camera_size": [66, 60], "camera_position": [242, 274], "world_position": [0.666281687081579, 1.054934446514336, -0.17411974898758514], "world_orientation": [0.0003713993181505008, 0.4804019607936703, 0.8770483556384693, -0.0006570036388839171, -0.8770481096134684, 0.4804021042519071, 0.9999997152043419, -0.0007546449750889859, -1.0109233526723572e-05], "world_rotation": [0.0, 1.0, 0.0, 0.0]}, {"color": "CVPurple", "id_name": "object101130155489246", "shape": "CVBox", "id_string": "ob877", "world_size": [0.11, 0.11, 0.11], "id": 877, "camera_size": [60, 83], "camera_position": [243, 260], "world_position": [0.6930085608437244, 1.0058237639606085, -0.17246227196449762], "world_orientation": [0.8769091291875283, -0.4806561944188231, -4.375369142321344e-05, 0.48065619585601305, 0.8769091289146712, 3.180155038292097e-05, 2.3082399249058158e-05, -4.891755272724017e-05, 0.999999998537138], "world_rotation": [8.39676087056721e-05, 6.952588040190525e-05, -0.9999999940577962, -0.5014028669322372]}], "source": "action wait"}
{"timestamp": 1706068495.414977, "objects": [{"color": "cv_", "id_name": "hand", "shape": "CVCylinder", "id_string": "ob383", "world_size": [0.12, 0.005, 0.12], "id": 383, "camera_size": [70, 61], "camera_position": [241, 290], "world_position": [0.6419557260720755, 1.1077184100943598, -0.17411829097255355], "world_orientation": [0.00043449683780714547, 0.5515677907602372, 0.8341299559471349, -0.0006357567662125096, -0.8341297137496599, 0.5515679617719333, 0.9999997035128723, -0.0007699582986196563, -1.1763767943995982e-05], "world_rotation": [0.0, 1.0, 0.0, 0.0]}, {"color": "CVPurple", "id_name": "object101130155489246", "shape": "CVBox", "id_string": "ob877", "world_size": [0.11, 0.11, 0.11], "id": 877, "camera_size": [64, 89], "camera_position": [242, 272], "world_position": [0.6726808228016565, 1.0611303303876831, -0.17305863110729033], "world_orientation": [0.8338694968429915, -0.5519616481328813, -3.500357053370149e-05, 0.5519616488256113, 0.8338694970015763, 1.400181489545724e-05, 2.1459944927648757e-05, -3.0996314848329075e-05, 0.9999999992893498], "world_rotation": [4.07620074433802e-05, 5.114804216574778e-05, -0.9999999978611682, -0.584714877315366]}], "source": "action wait"}
{"timestamp": 1706068495.443829, "objects": [{"color": "cv_", "id_name": "hand", "shape": "CVCylinder", "id_string": "ob383", "world_size": [0.12, 0.005, 0.12], "id": 383, "camera_size": [73, 61], "camera_position": [241, 303], "world_position": [0.6217372645989044, 1.1433830112074383, -0.1741185255773622], "world_orientation": [0.0004793546314829214, 0.599522713101474, 0.800357599260846, -0.0006145773974235909, -0.8003573634447961, 0.5995229045452034, 0.9999996962568339, -0.0007792657713358191, -1.5201900293979086e-05], "world_rotation": [0.0, 1.0, 0.0, 0.0]}, {"color": "CVPurple", "id_name": "object101130155489246", "shape": "CVBox", "id_string": "ob877", "world_size": [0.11, 0.11, 0.11], "id": 877, "camera_size": [67, 93], "camera_position": [242, 283], "world_position": [0.6550932637270205, 1.0988676264709554, -0.17344139939365202], "world_orientation": [0.8000044778576679, -0.5999940288947522, -2.6425815284955885e-05, 0.5999940292061152, 0.8000044780436818, 5.2026561360600736e-06, 1.8019207947891194e-05, -2.0017479593478946e-05, 0.9999999996373045], "world_rotation": [2.1016988907860026e-05, 3.703788791272305e-05, -0.9999999990932403, -0.6434936458072754]}], "source": "action wait"}
{"timestamp": 1706068495.479691, "objects": [{"color": "cv_", "id_name": "hand", "shape": "CVCylinder", "id_string": "ob383", "world_size": [0.12, 0.005, 0.12], "id": 383, "camera_size": [75, 62], "camera_position": [241, 313], "world_position": [0.6060733429992498, 1.1676397601242123, -0.1741197943071807], "world_orientation": [0.000509372618884587, 0.6321147790660097, 0.7748746005811938, -0.0005944139593767291, -0.7748743728227595, 0.6321149840136526, 0.9999996936057431, -0.0007825783441952018, -1.8961939985595258e-05], "world_rotation": [0.0, 1.0, 0.0, 0.0]}, {"color": "CVPurple", "id_name": "object101130155489246", "shape": "CVBox", "id_string": "ob877", "world_size": [0.11, 0.11, 0.11], "id": 877, "camera_size": [68, 96], "camera_position": [241, 292], "world_position": [0.6411830266215246, 1.1247150395196592, -0.17368732124759861], "world_orientation": [0.774455029758822, -0.6326289642780402, -2.0922628390107226e-05, 0.6326289644636384, 0.7744550298836477, 3.0956508135593433e-06, 1.4245236427156422e-05, -1.5633703075229076e-05, 0.9999999997763305], "world_rotation": [1.4802795109237748e-05, 2.7795016336946394e-05, -0.9999999995041572, -0.6849431240634596]}], "source": "action wait"}
