{"timestamp": 1706069039.844159, "objects": [{"color": "cv_", "id_name": "hand", "shape": "CVCylinder", "id_string": "ob383", "world_size": [0.12, 0.005, 0.12], "id": 383, "camera_size": [48, 50], "camera_position": [246, 426], "world_position": [0.26764451554001245, 0.6334703013849784, -0.17389260400847442], "world_orientation": [-0.0006415492815956943, 0.19791547486691266, 0.9802188802623237, -0.0007473671476287816, -0.9802189031248667, 0.1979149903343099, 0.9999995149283153, -0.000605611168727818, 0.0007767742570295878], "world_rotation": [0.0, 1.0, 0.0, 0.0]}, {"color": "CVRed", "id_name": "object189558826577914", "shape": "CVSphere", "id_string": "ob1024", "world_size": [0.1, 0.1, 0.1], "id": 1024, "camera_size": [41, 41], "camera_position": [256, 254], "world_position": [0.705, 0.6498037932383656, -0.15], "world_orientation": [1.0, 2.1316282072802963e-17, -9.624447840080312e-18, -2.1316282072802963e-17, 1.0, -1.5774048733874193e-16, 9.624447840080312e-18, 1.5774048733874193e-16, 1.0], "world_rotation": [-0.9891858493133231, 0.06035462278252622, 0.13367376342071935, -1.5946496550495827e-16]}], "source": "manual check"}
{"timestamp": 1706069040.864432, "objects": [{"color": "cv_", "id_name": "hand", "shape": "CVCylinder", "id_string": "ob383", "world_size": [0.12, 0.005, 0.12], "id": 383, "camera_size": [48, 50], "camera_position": [246, 426], "world_position": [0.26764451554001245, 0.6334703013849784, -0.17389260400847442], "world_orientation": [-0.0006415492815956943, 0.19791547486691266, 0.9802188802623237, -0.0007473671476287816, -0.9802189031248667, 0.1979149903343099, 0.9999995149283153, -0.000605611168727818, 0.0007767742570295878], "world_rotation": [0.0, 1.0, 0.0, 0.0]}, {"color": "CVRed", "id_name": "object189558826577914", "shape": "CVSphere", "id_string": "ob1024", "world_size": [0.1, 0.1, 0.1], "id": 1024, "camera_size": [41, 41], "camera_position": [256, 254], "world_position": [0.705, 0.6498037994254439, -0.15], "world_orientation": [1.0, 8.100187187665134e-17, -1.2653630886983698e-17, -8.100187187665134e-17, 1.0, -1.9397816686250694e-16, 1.2653630886983698e-17, 1.9397816686250694e-16, 1.0], "world_rotation": [-0.9211093596285536, 0.06008602943210125, 0.38463907325148433, -2.1059189642881336e-16]}], "source": "manual check"}
{"timestamp": 1706069042.497676, "objects": [{"color": "cv_", "id_name": "hand", "shape": "CVCylinder", "id_string": "ob383", "world_size": [0.12, 0.005, 0.12], "id": 383, "camera_size": [48, 50], "camera_position": [246, 426], "world_position": [0.26764451554001245, 0.6334703013849784, -0.17389260400847442], "world_orientation": [-0.0006415492815956943, 0.19791547486691266, 0.9802188802623237, -0.0007473671476287816, -0.9802189031248667, 0.1979149903343099, 0.9999995149283153, -0.000605611168727818, 0.0007767742570295878], "world_rotation": [0.0, 1.0, 0.0, 0.0]}, {"color": "CVRed", "id_name": "object189558826577914", "shape": "CVSphere", "id_string": "ob1024", "world_size": [0.1, 0.1, 0.1], "id": 1024, "camera_size": [41, 41], "camera_position": [256, 254], "world_position": [0.705, 0.6498037994254439, -0.15], "world_orientation": [1.0, 8.100187187665134e-17, -1.2653630886983698e-17, -8.100187187665134e-17, 1.0, -1.9397816686250694e-16, 1.2653630886983698e-17, 1.9397816686250694e-16, 1.0], "world_rotation": [-0.9211093596285536, 0.06008602943210125, 0.38463907325148433, -2.1059189642881336e-16]}], "source": "action wait"}
{"timestamp": 1706069042.529694, "objects": [{"color": "cv_", "id_name": "hand", "shape": "CVCylinder", "id_string": "ob383", "world_size": [0.12, 0.005, 0.12], "id": 383, "camera_size": [49, 51], "camera_position": [246, 421], "world_position": [0.290959610880596, 0.667622654042703, -0.17395617466801996], "world_orientation": [-0.00038389703486737284, 0.19680588444891473, 0.9804423983433942, -0.0007155558924265978, -0.9804422736499803, 0.19680557923956907, 0.9999996703013614, -0.0006260082570043378, 0.0005172144919949299], "world_rotation": [0.0, 1.0, 0.0, 0.0]}, {"color": "CVRed", "id_name": "object189558826577914", "shape": "CVSphere", "id_string": "ob1024", "world_size": [0.1, 0.1, 0.1], "id": 1024, "camera_size": [41, 41], "camera_position": [256, 254], "world_position": [0.705, 0.6498037994254439, -0.15], "world_orientation": [1.0, 8.100187187665134e-17, -1.2653630886983698e-17, -8.100187187665134e-17, 1.0, -1.9397816686250694e-16, 1.2653630886983698e-17, 1.9397816686250694e-16, 1.0], "world_rotation": [-0.9211093596285536, 0.06008602943210125, 0.38463907325148433, -2.1059189642881336e-16]}], "source": "action wait"}
{"timestamp": 1706069042.566733, "objects": [{"color": "cv_", "id_name": "hand", "shape": "CVCylinder", "id_string": "ob383", "world_size": [0.12, 0.005, 0.12], "id": 383, "camera_size": [51, 52], "camera_position": [246, 406], "world_position": [0.3369000850004601, 0.7054899917808843, -0.173984014712529], "world_orientation": [-0.00022512706441254983, 0.18415107511168355, 0.9828979249408435, -0.0007320318305903201, -0.9828977168435818, 0.18415086845593026, 0.999999706723559, -0.0006780552228536612, 0.0003560813262303997], "world_rotation": [0.0, 1.0, 0.0, 0.0]}, {"color": "CVRed", "id_name": "object189558826577914", "shape": "CVSphere", "id_string": "ob1024", "world_size": [0.1, 0.1, 0.1], "id": 1024, "camera_size": [41, 41], "camera_position": [256, 254], "world_position": [0.705, 0.6498037994254439, -0.15], "world_orientation": [1.0, 8.100187187665134e-17, -1.2653630886983698e-17, -8.100187187665134e-17, 1.0, -1.9397816686250694e-16, 1.2653630886983698e-17, 1.9397816686250694e-16, 1.0], "world_rotation": [-0.9211093596285536, 0.06008602943210125, 0.38463907325148433, -2.1059189642881336e-16]}], "source": "action wait"}
{"timestamp": 1706069042.609283, "objects": [{"color": "cv_", "id_name": "hand", "shape": "CVCylinder", "id_string": "ob383", "world_size": [0.12, 0.005, 0.12], "id": 383, "camera_size": [51, 52], "camera_position": [246, 388], "world_position": [0.3873930034410732, 0.7385940195631326, -0.17400453399147242], "world_orientation": [-0.00012219089141070403, 0.17513840428199492, 0.9845438153860613, -0.0007433032642906028, -0.9845435666627635, 0.17513826778640432, 0.9999997162847816, -0.0007104143307529299, 0.0002504832036490737], "world_rotation": [0.0, 1.0, 0.0, 0.0]}, {"color": "CVRed", "id_name": "object189558826577914", "shape": "CVSphere", "id_string": "ob1024", "world_size": [0.1, 0.1, 0.1], "id": 1024, "camera_size": [41, 41], "camera_position": [256, 254], "world_position": [0.705, 0.6498037994254439, -0.15], "world_orientation": [1.0, 8.100187187665134e-17, -1.2653630886983698e-17, -8.100187187665134e-17, 1.0, -1.9397816686250694e-16, 1.2653630886983698e-17, 1.9397816686250694e-16, 1.0], "world_rotation": [-0.9211093596285536, 0.06008602943210125, 0.38463907325148433, -2.1059189642881336e-16]}], "source": "action wait"}
{"timestamp": 1706069042.640356, "objects": [{"color": "cv_", "id_name": "hand", "shape": "CVCylinder", "id_string": "ob383", "world_size": [0.12, 0.005, 0.12], "id": 383, "camera_size": [52, 53], "camera_position": [245, 368], "world_position": [0.44145913479725735, 0.7664937855269182, -0.1740230370096243], "world_orientation": [-4.974359970937482e-05, 0.16877041106904647, 0.9856553890042702, -0.000750695778092711, -0.9856551187958079, 0.1687703269164064, 0.9999997169906715, -0.0007315320955951845, 0.0001757252687378], "world_rotation": [0.0, 1.0, 0.0, 0.0]}, {"color": "CVRed", "id_name": "object189558826577914", "shape": "CVSphere", "id_string": "ob1024", "world_size": [0.1, 0.1, 0.1], "id": 1024, "camera_size": [41, 41], "camera_position": [256, 254], "world_position": [0.705, 0.6498037994254439, -0.15], "world_orientation": [1.0, 8.100187187665134e-17, -1.2653630886983698e-17, -8.100187187665134e-17, 1.0, -1.9397816686250694e-16, 1.2653630886983698e-17, 1.9397816686250694e-16, 1.0], "world_rotation": [-0.9211093596285536, 0.06008602943210125, 0.38463907325148433, -2.1059189642881336e-16]}], "source": "action wait"}
{"timestamp": 1706069042.672927, "objects": [{"color": "cv_", "id_name": "hand", "shape": "CVCylinder", "id_string": "ob383", "world_size": [0.12, 0.005, 0.12], "id": 383, "camera_size": [52, 53], "camera_position": [245, 344], "world_position": [0.4986586694193061, 0.7804972741559848, -0.17403822890776996], "world_orientation": [-6.860159025343026e-06, 0.1522804440542845, 0.9883373241518142, -0.0007644727944848632, -0.9883370361722648, 0.15228039437685434, 0.9999997077670998, -0.0007545123283664465, 0.00012319440585076838], "world_rotation": [0.0, 1.0, 0.0, 0.0]}, {"color": "CVRed", "id_name": "object189558826577914", "shape": "CVSphere", "id_string": "ob1024", "world_size": [0.1, 0.1, 0.1], "id": 1024, "camera_size": [41, 41], "camera_position": [256, 254], "world_position": [0.705, 0.6498037994254439, -0.15], "world_orientation": [1.0, 8.100187187665134e-17, -1.2653630886983698e-17, -8.100187187665134e-17, 1.0, -1.9397816686250694e-16, 1.2653630886983698e-17, 1.9397816686250694e-16, 1.0], "world_rotation": [-0.9211093596285536, 0.06008602943210125, 0.38463907325148433, -2.1059189642881336e-16]}], "source": "action wait"}
{"timestamp": 1706069042.699812, "objects": [{"color": "cv_", "id_name": "hand", "shape": "CVCylinder", "id_string": "ob383", "world_size": [0.12, 0.005, 0.12], "id": 383, "camera_size": [52, 53], "camera_position": [245, 318], "world_position": [0.5572647661029844, 0.7714007360507671, -0.17405007635450914], "world_orientation": [-9.45622046504797e-07, 0.11271936696003115, 0.9936268637226127, -0.0007770163163520529, -0.9936265638525603, 0.11271933220259137, 0.9999996981223295, -0.0007719576955929057, 8.852438248199326e-05], "world_rotation": [0.0, 1.0, 0.0, 0.0]}, {"color": "CVRed", "id_name": "object189558826577914", "shape": "CVSphere", "id_string": "ob1024", "world_size": [0.1, 0.1, 0.1], "id": 1024, "camera_size": [41, 41], "camera_position": [256, 254], "world_position": [0.705, 0.6498037994254439, -0.15], "world_orientation": [1.0, 8.100187187665134e-17, -1.2653630886983698e-17, -8.100187187665134e-17, 1.0, -1.9397816686250694e-16, 1.2653630886983698e-17, 1.9397816686250694e-16, 1.0], "world_rotation": [-0.9211093596285536, 0.06008602943210125, 0.38463907325148433, -2.1059189642881336e-16]}], "source": "action wait"}
{"timestamp": 1706069042.728134, "objects": [{"color": "cv_", "id_name": "hand", "shape": "CVCylinder", "id_string": "ob383", "world_size": [0.12, 0.005, 0.12], "id": 383, "camera_size": [52, 52], "camera_position": [245, 297], "world_position": [0.6024957824916639, 0.7573986921464868, -0.17405571949982], "world_orientation": [-1.5647194661073445e-05, 0.07904139975664094, 0.9968713341648842, -0.0007751516571148338, -0.9968710357554621, 0.07904136392890097, 0.9999996994474917, -0.000771489691000852, 7.686730715087985e-05], "world_rotation": [0.0, 1.0, 0.0, 0.0]}, {"color": "CVRed", "id_name": "object189558826577914", "shape": "CVSphere", "id_string": "ob1024", "world_size": [0.1, 0.1, 0.1], "id": 1024, "camera_size": [41, 41], "camera_position": [256, 254], "world_position": [0.705, 0.6498037994254439, -0.15], "world_orientation": [1.0, 8.100187187665134e-17, -1.2653630886983698e-17, -8.100187187665134e-17, 1.0, -1.9397816686250694e-16, 1.2653630886983698e-17, 1.9397816686250694e-16, 1.0], "world_rotation": [-0.9211093596285536, 0.06008602943210125, 0.38463907325148433, -2.1059189642881336e-16]}], "source": "action wait"}
{"timestamp": 1706069042.79356, "objects": [{"color": "cv_", "id_name": "hand", "shape": "CVCylinder", "id_string": "ob383", "world_size": [0.12, 0.005, 0.12], "id": 383, "camera_size": [51, 51], "camera_position": [246, 284], "world_position": [0.634220569942536, 0.745070713488281, -0.1740634188052295], "world_orientation": [-2.2172339550788827e-05, 0.055241729163649445, 0.9984730095838331, -0.0007712588081397614, -0.9984727138079703, 0.0552416956727272, 0.9999997023340749, -0.0007688562656978723, 6.474414623746752e-05], "world_rotation": [0.0, 1.0, 0.0, 0.0]}, {"color": "CVRed", "id_name": "object189558826577914", "shape": "CVSphere", "id_string": "ob1024", "world_size": [0.1, 0.1, 0.1], "id": 1024, "camera_size": [41, 41], "camera_position": [256, 254], "world_position": [0.705, 0.6498037994254439, -0.15], "world_orientation": [1.0, 8.100187187665134e-17, -1.2653630886983698e-17, -8.100187187665134e-17, 1.0, -1.9397816686250694e-16, 1.2653630886983698e-17, 1.9397816686250694e-16, 1.0], "world_rotation": [-0.9211093596285536, 0.06008602943210125, 0.38463907325148433, -2.1059189642881336e-16]}], "source": "action wait"}
{"timestamp": 1706069042.82882, "objects": [{"color": "cv_", "id_name": "hand", "shape": "CVCylinder", "id_string": "ob383", "world_size": [0.12, 0.005, 0.12], "id": 383, "camera_size": [51, 51], "camera_position": [246, 268], "world_position": [0.6719291026769196, 0.7276610770646539, -0.17407841637987287], "world_orientation": [-2.2681447153609226e-05, 0.026602896073236734, 0.9996460800733772, -0.000765269008106843, -0.9996457880775312, 0.02660287093899789, 0.9999997069244057, -0.0007643947725446657, 4.3031785005717665e-05], "world_rotation": [0.0, 1.0, 0.0, 0.0]}, {"color": "CVRed", "id_name": "object189558826577914", "shape": "CVSphere", "id_string": "ob1024", "world_size": [0.1, 0.1, 0.1], "id": 1024, "camera_size": [41, 41], "camera_position": [256, 254], "world_position": [0.705, 0.6498037994254439, -0.15], "world_orientation": [1.0, 8.100187187665134e-17, -1.2653630886983698e-17, -8.100187187665134e-17, 1.0, -1.9397816686250694e-16, 1.2653630886983698e-17, 1.9397816686250694e-16, 1.0], "world_rotation": [-0.9211093596285536, 0.06008602943210125, 0.38463907325148433, -2.1059189642881336e-16]}], "source": "action wait"}
{"timestamp": 1706069042.865974, "objects": [{"color": "cv_", "id_name": "hand", "shape": "CVCylinder", "id_string": "ob383", "world_size": [0.12, 0.005, 0.12], "id": 383, "camera_size": [51, 50], "camera_position": [246, 263], "world_position": [0.6827947075447456, 0.72208616177316, -0.17408442567234267], "world_orientation": [-2.0473392468365368e-05, 0.018253030379273876, 0.9998333993535191, -0.0007637036630357712, -0.9998331082753604, 0.018253009427120315, 0.9999997081687351, -0.00076320272848642, 3.440988179111262e-05], "world_rotation": [0.0, 1.0, 0.0, 0.0]}, {"color": "CVRed", "id_name": "object189558826577914", "shape": "CVSphere", "id_string": "ob1024", "world_size": [0.1, 0.1, 0.1], "id": 1024, "camera_size": [41, 41], "camera_position": [256, 254], "world_position": [0.705, 0.6498037994254439, -0.15], "world_orientation": [1.0, 8.100187187665134e-17, -1.2653630886983698e-17, -8.100187187665134e-17, 1.0, -1.9397816686250694e-16, 1.2653630886983698e-17, 1.9397816686250694e-16, 1.0], "world_rotation": [-0.9211093596285536, 0.06008602943210125, 0.38463907325148433, -2.1059189642881336e-16]}], "source": "action wait"}
{"timestamp": 1706069042.899335, "objects": [{"color": "cv_", "id_name": "hand", "shape": "CVCylinder", "id_string": "ob383", "world_size": [0.12, 0.005, 0.12], "id": 383, "camera_size": [51, 51], "camera_position": [246, 260], "world_position": [0.6904111424003315, 0.718033903276137, -0.1740893102816698], "world_orientation": [-1.7917833600418854e-05, 0.012367320065832597, 0.9999235216121984, -0.0007628340819477084, -0.9999232310060424, 0.012367302802159174, 0.9999997088815151, -0.0007625541463536248, 2.7350671315300892e-05], "world_rotation": [0.0, 1.0, 0.0, 0.0]}, {"color": "CVRed", "id_name": "object189558826577914", "shape": "CVSphere", "id_string": "ob1024", "world_size": [0.1, 0.1, 0.1], "id": 1024, "camera_size": [41, 41], "camera_position": [256, 254], "world_position": [0.705, 0.6498037994254439, -0.15], "world_orientation": [1.0, 8.100187187665134e-17, -1.2653630886983698e-17, -8.100187187665134e-17, 1.0, -1.9397816686250694e-16, 1.2653630886983698e-17, 1.9397816686250694e-16, 1.0], "world_rotation": [-0.9211093596285536, 0.06008602943210125, 0.38463907325148433, -2.1059189642881336e-16]}], "source": "action wait"}
{"timestamp": 1706069042.932519, "objects": [{"color": "cv_", "id_name": "hand", "shape": "CVCylinder", "id_string": "ob383", "world_size": [0.12, 0.005, 0.12], "id": 383, "camera_size": [50, 50], "camera_position": [245, 257], "world_position": [0.695756109717298, 0.7151228641315681, -0.17409318199404725], "world_orientation": [-1.5414520939018565e-05, 0.00821879621216549, 0.9999662250052326, -0.0007624235067910774, -0.9999659345855952, 0.008218782072395344, 0.9999997092363521, -0.0007622710673531209, 2.168019926702287e-05], "world_rotation": [0.0, 1.0, 0.0, 0.0]}, {"color": "CVRed", "id_name": "object189558826577914", "shape": "CVSphere", "id_string": "ob1024", "world_size": [0.1, 0.1, 0.1], "id": 1024, "camera_size": [41, 41], "camera_position": [256, 254], "world_position": [0.705, 0.6498037994254439, -0.15], "world_orientation": [1.0, 8.100187187665134e-17, -1.2653630886983698e-17, -8.100187187665134e-17, 1.0, -1.9397816686250694e-16, 1.2653630886983698e-17, 1.9397816686250694e-16, 1.0], "world_rotation": [-0.9211093596285536, 0.06008602943210125, 0.38463907325148433, -2.1059189642881336e-16]}], "source": "action wait"}
{"timestamp": 1706069042.969012, "objects": [{"color": "cv_", "id_name": "hand", "shape": "CVCylinder", "id_string": "ob383", "world_size": [0.12, 0.005, 0.12], "id": 383, "camera_size": [50, 50], "camera_position": [245, 256], "world_position": [0.6995106797056899, 0.7130477101221827, -0.1740961981567865], "world_orientation": [-1.31795858122589e-05, 0.005294757311308178, 0.9999859825874126, -0.0007622894729604003, -0.9999856921888668, 0.005294745726896792, 0.9999997093704868, -0.00076220900507904, 1.721553500189109e-05], "world_rotation": [0.0, 1.0, 0.0, 0.0]}, {"color": "CVRed", "id_name": "object189558826577914", "shape": "CVSphere", "id_string": "ob1024", "world_size": [0.1, 0.1, 0.1], "id": 1024, "camera_size": [41, 41], "camera_position": [256, 254], "world_position": [0.705, 0.6498037994254439, -0.15], "world_orientation": [1.0, 8.100187187665134e-17, -1.2653630886983698e-17, -8.100187187665134e-17, 1.0, -1.9397816686250694e-16, 1.2653630886983698e-17, 1.9397816686250694e-16, 1.0], "world_rotation": [-0.9211093596285536, 0.06008602943210125, 0.38463907325148433, -2.1059189642881336e-16]}], "source": "action wait"}
{"timestamp": 1706069043.001774, "objects": [{"color": "cv_", "id_name": "hand", "shape": "CVCylinder", "id_string": "ob383", "world_size": [0.12, 0.005, 0.12], "id": 383, "camera_size": [49, 50], "camera_position": [246, 255], "world_position": [0.7021501554274929, 0.7115759384569403, -0.17409851879318583], "world_orientation": [-1.1274777397471376e-05, 0.0032337603814846594, 0.9999947713196676, -0.0007623067104047543, -0.999994480856738, 0.0032337508473092207, 0.9999997093806371, -0.0007622662647260515, 1.373983240937177e-05], "world_rotation": [0.0, 1.0, 0.0, 0.0]}, {"color": "CVRed", "id_name": "object189558826577914", "shape": "CVSphere", "id_string": "ob1024", "world_size": [0.1, 0.1, 0.1], "id": 1024, "camera_size": [41, 41], "camera_position": [256, 254], "world_position": [0.705, 0.6498037994254439, -0.15], "world_orientation": [1.0, 8.100187187665134e-17, -1.2653630886983698e-17, -8.100187187665134e-17, 1.0, -1.9397816686250694e-16, 1.2653630886983698e-17, 1.9397816686250694e-16, 1.0], "world_rotation": [-0.9211093596285536, 0.06008602943210125, 0.38463907325148433, -2.1059189642881336e-16]}], "source": "action wait"}
{"timestamp": 1706069043.030792, "objects": [{"color": "cv_", "id_name": "hand", "shape": "CVCylinder", "id_string": "ob383", "world_size": [0.12, 0.005, 0.12], "id": 383, "camera_size": [49, 50], "camera_position": [246, 254], "world_position": [0.7040068762723425, 0.7105356091623409, -0.1741002878771041], "world_orientation": [-9.703949070184995e-06, 0.0017810437665261526, 0.9999984138932096, -0.0007623961916615218, -0.9999981233299118, 0.001781035850754171, 0.9999997093288979, -0.0007623776993389167, 1.1061791844221494e-05], "world_rotation": [0.0, 1.0, 0.0, 0.0]}, {"color": "CVRed", "id_name": "object189558826577914", "shape": "CVSphere", "id_string": "ob1024", "world_size": [0.1, 0.1, 0.1], "id": 1024, "camera_size": [41, 41], "camera_position": [256, 254], "world_position": [0.705, 0.6498037994254439, -0.15], "world_orientation": [1.0, 8.100187187665134e-17, -1.2653630886983698e-17, -8.100187187665134e-17, 1.0, -1.9397816686250694e-16, 1.2653630886983698e-17, 1.9397816686250694e-16, 1.0], "world_rotation": [-0.9211093596285536, 0.06008602943210125, 0.38463907325148433, -2.1059189642881336e-16]}], "source": "action wait"}
{"timestamp": 1706069043.059752, "objects": [{"color": "cv_", "id_name": "hand", "shape": "CVCylinder", "id_string": "ob383", "world_size": [0.12, 0.005, 0.12], "id": 383, "camera_size": [49, 50], "camera_position": [246, 253], "world_position": [0.7053136153707719, 0.7098018599622105, -0.17410162699530954], "world_orientation": [-8.438196833295485e-06, 0.0007570534231620083, 0.9999997133994147, -0.000762511459414758, -0.9999994227280653, 0.0007570467688849486, 0.9999997092524933, -0.000762504852769232, 9.015453873076415e-06], "world_rotation": [0.0, 1.0, 0.0, 0.0]}, {"color": "CVRed", "id_name": "object189558826577914", "shape": "CVSphere", "id_string": "ob1024", "world_size": [0.1, 0.1, 0.1], "id": 1024, "camera_size": [41, 41], "camera_position": [256, 254], "world_position": [0.705, 0.6498037994254439, -0.15], "world_orientation": [1.0, 8.100187187665134e-17, -1.2653630886983698e-17, -8.100187187665134e-17, 1.0, -1.9397816686250694e-16, 1.2653630886983698e-17, 1.9397816686250694e-16, 1.0], "world_rotation": [-0.9211093596285536, 0.06008602943210125, 0.38463907325148433, -2.1059189642881336e-16]}], "source": "action wait"}
{"timestamp": 1706069043.094218, "objects": [{"color": "cv_", "id_name": "hand", "shape": "CVCylinder", "id_string": "ob383", "world_size": [0.12, 0.005, 0.12], "id": 383, "camera_size": [49, 50], "camera_position": [246, 253], "world_position": [0.706233638423209, 0.7092850696278123, -0.17410263502215467], "world_orientation": [-7.435617667649904e-06, 3.524351706661291e-05, 0.9999999993513031, -0.0007626273284910939, -0.9999997085788839, 3.5237836213905264e-05, 0.9999997091720925, -0.0007626270659816467, 7.462493170385617e-06], "world_rotation": [0.0, 1.0, 0.0, 0.0]}, {"color": "CVRed", "id_name": "object189558826577914", "shape": "CVSphere", "id_string": "ob1024", "world_size": [0.1, 0.1, 0.1], "id": 1024, "camera_size": [41, 41], "camera_position": [256, 254], "world_position": [0.705, 0.6498037994254439, -0.15], "world_orientation": [1.0, 8.100187187665134e-17, -1.2653630886983698e-17, -8.100187187665134e-17, 1.0, -1.9397816686250694e-16, 1.2653630886983698e-17, 1.9397816686250694e-16, 1.0], "world_rotation": [-0.9211093596285536, 0.06008602943210125, 0.38463907325148433, -2.1059189642881336e-16]}], "source": "action wait"}
{"timestamp": 1706069043.130481, "objects": [{"color": "cv_", "id_name": "hand", "shape": "CVCylinder", "id_string": "ob383", "world_size": [0.12, 0.005, 0.12], "id": 383, "camera_size": [49, 50], "camera_position": [246, 253], "world_position": [0.706881587397234, 0.7089214016920554, -0.17410339041371156], "world_orientation": [-6.652058945195241e-06, -0.0004735735930413337, 0.9999998878418949, -0.0007627316791922656, -0.9999995969818001, -0.00047357852903393634, 0.9999997090980256, -0.000762734743918356, 6.290846682817199e-06], "world_rotation": [0.0, 1.0, 0.0, 0.0]}, {"color": "CVRed", "id_name": "object189558826577914", "shape": "CVSphere", "id_string": "ob1024", "world_size": [0.1, 0.1, 0.1], "id": 1024, "camera_size": [41, 41], "camera_position": [256, 254], "world_position": [0.705, 0.6498037994254439, -0.15], "world_orientation": [1.0, 8.100187187665134e-17, -1.2653630886983698e-17, -8.100187187665134e-17, 1.0, -1.9397816686250694e-16, 1.2653630886983698e-17, 1.9397816686250694e-16, 1.0], "world_rotation": [-0.9211093596285536, 0.06008602943210125, 0.38463907325148433, -2.1059189642881336e-16]}], "source": "action wait"}
{"timestamp": 1706069043.164732, "objects": [{"color": "cv_", "id_name": "hand", "shape": "CVCylinder", "id_string": "ob383", "world_size": [0.12, 0.005, 0.12], "id": 383, "camera_size": [49, 49], "camera_position": [246, 253], "world_position": [0.7073380321945276, 0.7086656145664958, -0.17410395438242715], "world_orientation": [-6.046319411928438e-06, -0.0008322575513060377, 0.9999996536553453, -0.0007628199520910108, -0.9999993627227044, -0.0008322619214293722, 0.9999997090345392, -0.00076282472001415, 5.411452893695829e-06], "world_rotation": [0.0, 1.0, 0.0, 0.0]}, {"color": "CVRed", "id_name": "object189558826577914", "shape": "CVSphere", "id_string": "ob1024", "world_size": [0.1, 0.1, 0.1], "id": 1024, "camera_size": [41, 41], "camera_position": [256, 254], "world_position": [0.705, 0.6498037994254439, -0.15], "world_orientation": [1.0, 8.100187187665134e-17, -1.2653630886983698e-17, -8.100187187665134e-17, 1.0, -1.9397816686250694e-16, 1.2653630886983698e-17, 1.9397816686250694e-16, 1.0], "world_rotation": [-0.9211093596285536, 0.06008602943210125, 0.38463907325148433, -2.1059189642881336e-16]}], "source": "action wait"}
{"timestamp": 1706069043.197988, "objects": [{"color": "cv_", "id_name": "hand", "shape": "CVCylinder", "id_string": "ob383", "world_size": [0.12, 0.005, 0.12], "id": 383, "camera_size": [49, 50], "camera_position": [246, 252], "world_position": [0.7076596355606453, 0.7084857510756747, -0.17410437411109372], "world_orientation": [-5.582192196463844e-06, -0.001085113325384844, 0.9999994112487819, -0.0007628916608238802, -0.9999991202580272, -0.0010851172682367254, 0.9999997089825342, -0.0007628972690039769, 4.7543633789540984e-06], "world_rotation": [0.0, 1.0, 0.0, 0.0]}, {"color": "CVRed", "id_name": "object189558826577914", "shape": "CVSphere", "id_string": "ob1024", "world_size": [0.1, 0.1, 0.1], "id": 1024, "camera_size": [41, 41], "camera_position": [256, 254], "world_position": [0.705, 0.6498037994254439, -0.15], "world_orientation": [1.0, 8.100187187665134e-17, -1.2653630886983698e-17, -8.100187187665134e-17, 1.0, -1.9397816686250694e-16, 1.2653630886983698e-17, 1.9397816686250694e-16, 1.0], "world_rotation": [-0.9211093596285536, 0.06008602943210125, 0.38463907325148433, -2.1059189642881336e-16]}], "source": "action wait"}
{"timestamp": 1706069044.250577, "objects": [{"color": "cv_", "id_name": "hand", "shape": "CVCylinder", "id_string": "ob383", "world_size": [0.12, 0.005, 0.12], "id": 383, "camera_size": [49, 50], "camera_position": [246, 252], "world_position": [0.7084276809161145, 0.7080594396123914, -0.17410555815591583], "world_orientation": [-4.181150010677253e-06, -0.0016893853394425503, 0.9999985729788283, -0.0007631195897096492, -0.999998281806798, -0.001689388038261776, 0.9999997088154625, -0.0007631255643070179, 2.891939779920491e-06], "world_rotation": [0.0, 1.0, 0.0, 0.0]}, {"color": "CVRed", "id_name": "object189558826577914", "shape": "CVSphere", "id_string": "ob1024", "world_size": [0.1, 0.1, 0.1], "id": 1024, "camera_size": [41, 41], "camera_position": [256, 254], "world_position": [0.705, 0.6498037994254439, -0.15], "world_orientation": [1.0, 8.100187187665134e-17, -1.2653630886983698e-17, -8.100187187665134e-17, 1.0, -1.9397816686250694e-16, 1.2653630886983698e-17, 1.9397816686250694e-16, 1.0], "world_rotation": [-0.9211093596285536, 0.06008602943210125, 0.38463907325148433, -2.1059189642881336e-16]}], "source": "action wait"}
{"timestamp": 1706069044.286717, "objects": [{"color": "cv_", "id_name": "hand", "shape": "CVCylinder", "id_string": "ob383", "world_size": [0.12, 0.005, 0.12], "id": 383, "camera_size": [51, 50], "camera_position": [246, 251], "world_position": [0.7110571585199028, 0.730131911323498, -0.1740937118846947], "world_orientation": [1.6349977433491935e-05, 0.03058910457258382, 0.9995320437155208, -0.0007432735978007959, -0.9995317673787886, 0.03058910827392959, 0.9999997236384804, -0.0007434259094799647, 6.3937519688641616e-06], "world_rotation": [0.0, 1.0, 0.0, 0.0]}, {"color": "CVRed", "id_name": "object189558826577914", "shape": "CVSphere", "id_string": "ob1024", "world_size": [0.1, 0.1, 0.1], "id": 1024, "camera_size": [42, 44], "camera_position": [252, 251], "world_position": [0.710451003809252, 0.6748163155388781, -0.1586624104991961], "world_orientation": [0.9994892661517695, -0.031956326920153474, -4.143627105053645e-06, 0.03195632703515376, 0.9994892656590688, 3.153914442767166e-05, 3.133635602282493e-06, -3.1655451421949044e-05, 0.9999999994940564], "world_rotation": [0.0009887645190401512, 0.00011386257106336462, -0.9999995046898977, -0.03196178431826722]}], "source": "action wait"}
{"timestamp": 1706069044.309554, "objects": [{"color": "cv_", "id_name": "hand", "shape": "CVCylinder", "id_string": "ob383", "world_size": [0.12, 0.005, 0.12], "id": 383, "camera_size": [52, 52], "camera_position": [245, 249], "world_position": [0.7147706023699055, 0.782932656117223, -0.17410820997523035], "world_orientation": [7.600271806852613e-05, 0.10657633934236806, 0.9943045198106903, -0.0007258244544639796, -0.9943042548928462, 0.10657636642728743, 0.9999997337011887, -0.0007297906291933361, 1.785887403394135e-06], "world_rotation": [0.0, 1.0, 0.0, 0.0]}, {"color": "CVRed", "id_name": "object189558826577914", "shape": "CVSphere", "id_string": "ob1024", "world_size": [0.1, 0.1, 0.1], "id": 1024, "camera_size": [44, 48], "camera_position": [249, 247], "world_position": [0.7187530440051313, 0.7295746442894734, -0.164230961551148], "world_orientation": [0.9941799880962965, -0.10773184883361896, -3.9671679788282445e-06, 0.1077318488925252, 0.9941799866951606, 5.281106614808971e-05, -1.7453547865993645e-06, -5.2931095455686946e-05, 0.9999999985976264], "world_rotation": [0.0004907654977615406, 1.0311773853301106e-05, -0.9999998795214395, -0.10794134990277472]}], "source": "action wait"}
{"timestamp": 1706069044.339608, "objects": [{"color": "cv_", "id_name": "hand", "shape": "CVCylinder", "id_string": "ob383", "world_size": [0.12, 0.005, 0.12], "id": 383, "camera_size": [56, 55], "camera_position": [244, 250], "world_position": [0.713467977660225, 0.8529885439708839, -0.1741134189768589], "world_orientation": [0.0001508888746555191, 0.2057367295118735, 0.9786073652708248, -0.0007192927634209833, -0.9786071009247436, 0.20573678484313257, 0.9999997299251977, -0.00073494858801026, 3.2401651980928904e-07], "world_rotation": [0.0, 1.0, 0.0, 0.0]}, {"color": "CVRed", "id_name": "object189558826577914", "shape": "CVSphere", "id_string": "ob1024", "world_size": [0.1, 0.1, 0.1], "id": 1024, "camera_size": [46, 54], "camera_position": [247, 245], "world_position": [0.7229566512091128, 0.8013708251513989, -0.16779118822303463], "world_orientation": [0.9783948260721372, -0.2067451674337792, -7.6191147130795245e-06, 0.20674516754716482, 0.978394824684276, 5.2219916770135564e-05, -3.341713032066868e-06, -5.2666911533734954e-05, 0.9999999986075149], "world_rotation": [0.00025366209570206545, 1.0344622791164795e-05, -0.9999999677742645, -0.20824708373080314]}], "source": "action wait"}
{"timestamp": 1706069044.372425, "objects": [{"color": "cv_", "id_name": "hand", "shape": "CVCylinder", "id_string": "ob383", "world_size": [0.12, 0.005, 0.12], "id": 383, "camera_size": [59, 57], "camera_position": [244, 254], "world_position": [0.7046976616018543, 0.9225704807818788, -0.17411467152656857], "world_orientation": [0.00022601639129704454, 0.3028557005608129, 0.9530363967626894, -0.0007089121946604207, -0.9530361331022059, 0.3028557848962026, 0.9999997231800074, -0.0007440694952062064, -7.036882289904411e-07], "world_rotation": [0.0, 1.0, 0.0, 0.0]}, {"color": "CVRed", "id_name": "object189558826577914", "shape": "CVSphere", "id_string": "ob1024", "world_size": [0.1, 0.1, 0.1], "id": 1024, "camera_size": [49, 62], "camera_position": [246, 246], "world_position": [0.7194284128643594, 0.8728531141842094, -0.17006776476664648], "world_orientation": [0.9527493866778736, -0.30375747906084416, -9.976802020191657e-06, 0.3037574791926584, 0.9527493855865595, 4.581435284161029e-05, -4.4110603291152104e-06, -4.668012480294553e-05, 0.9999999989007544], "world_rotation": [0.0001522505336075311, 9.161489031209725e-06, -0.9999999883679209, -0.30863401897822107]}], "source": "action wait"}
{"timestamp": 1706069044.409385, "objects": [{"color": "cv_", "id_name": "hand", "shape": "CVCylinder", "id_string": "ob383", "world_size": [0.12, 0.005, 0.12], "id": 383, "camera_size": [62, 59], "camera_position": [243, 262], "world_position": [0.6887259351200924, 0.9908437836661395, -0.1741150669680577], "world_orientation": [0.0002998236165241825, 0.39691413952645777, 0.9178556945129067, -0.0006878486659197019, -0.9178554367757085, 0.39691425276183573, 0.9999997184849663, -0.0007503500816907411, -2.177875142055563e-06], "world_rotation": [0.0, 1.0, 0.0, 0.0]}, {"color": "CVRed", "id_name": "object189558826577914", "shape": "CVSphere", "id_string": "ob1024", "world_size": [0.1, 0.1, 0.1], "id": 1024, "camera_size": [52, 68], "camera_position": [244, 251], "world_position": [0.7084405574890335, 0.9432950430128881, -0.17152427399353784], "world_orientation": [0.917501153835908, -0.39773311727631777, -1.1464744275352448e-05, 0.39773311739798545, 0.9175011529275702, 4.124875965266881e-05, -5.8870816697819345e-06, -4.2405693056430325e-05, 0.9999999990835498], "world_rotation": [0.00010516405171956416, 7.011815626434612e-06, -0.9999999944456783, -0.4090448077226812]}], "source": "action wait"}
{"timestamp": 1706069044.446294, "objects": [{"color": "cv_", "id_name": "hand", "shape": "CVCylinder", "id_string": "ob383", "world_size": [0.12, 0.005, 0.12], "id": 383, "camera_size": [66, 59], "camera_position": [242, 275], "world_position": [0.6658172669882988, 1.057121520260336, -0.17411528895278033], "world_orientation": [0.00037116658034716245, 0.4869665359946899, 0.8734205487946238, -0.000657374487498045, -0.8734203014196602, 0.486966677429548, 0.9999997150470359, -0.0007549101420388119, -4.065049455015694e-06], "world_rotation": [0.0, 1.0, 0.0, 0.0]}, {"color": "CVRed", "id_name": "object189558826577914", "shape": "CVSphere", "id_string": "ob1024", "world_size": [0.1, 0.1, 0.1], "id": 1024, "camera_size": [55, 75], "camera_position": [244, 261], "world_position": [0.6902468246511055, 1.0120716396764393, -0.17245636141215015], "world_orientation": [0.8730025152181978, -0.4877157043515825, -1.2310174472031522e-05, 0.4877157044452186, 0.8730025144280749, 3.794421533570563e-05, -7.759176441389983e-06, -3.912926084052233e-05, 0.9999999992043481], "world_rotation": [7.901475720354538e-05, 4.665625871119928e-06, -0.9999999968674501, -0.5094712396010136]}], "source": "action wait"}
{"timestamp": 1706069044.481088, "objects": [{"color": "cv_", "id_name": "hand", "shape": "CVCylinder", "id_string": "ob383", "world_size": [0.12, 0.005, 0.12], "id": 383, "camera_size": [71, 60], "camera_position": [242, 289], "world_position": [0.6419479767428543, 1.1084693799057512, -0.17411448651993328], "world_orientation": [0.0004330460065399021, 0.5559695646678287, 0.8312025358684978, -0.0006365039409768061, -0.831202292185136, 0.5559697332849239, 0.9999997036669007, -0.0007698241625864056, -6.072014282848769e-06], "world_rotation": [0.0, 1.0, 0.0, 0.0]}, {"color": "CVRed", "id_name": "object189558826577914", "shape": "CVSphere", "id_string": "ob1024", "world_size": [0.1, 0.1, 0.1], "id": 1024, "camera_size": [58, 80], "camera_position": [242, 273], "world_position": [0.6699219172445361, 1.0658375900596664, -0.17305250702705766], "world_orientation": [0.8307376321891855, -0.556664159462836, -5.851514242800461e-06, 0.5566641594085083, 0.8307376318325292, 2.6216414680378968e-05, -9.732665357483948e-06, -2.503629051330326e-05, 0.9999999996392297], "world_rotation": [-4.603557124193145e-05, 3.4860795730785647e-06, 0.9999999989342867, 0.5903648565558999]}], "source": "action wait"}
{"timestamp": 1706069044.514462, "objects": [{"color": "cv_", "id_name": "hand", "shape": "CVCylinder", "id_string": "ob383", "world_size": [0.12, 0.005, 0.12], "id": 383, "camera_size": [73, 61], "camera_position": [241, 303], "world_position": [0.6222311965360172, 1.1431842439850366, -0.17411528817403812], "world_orientation": [0.000476381288744591, 0.6024925990496232, 0.7981243268760185, -0.0006149922431494642, -0.7981240899945329, 0.6024927873053254, 0.9999996974226586, -0.0007778565605735438, -9.683107598716826e-06], "world_rotation": [0.0, 1.0, 0.0, 0.0]}, {"color": "CVRed", "id_name": "object189558826577914", "shape": "CVSphere", "id_string": "ob1024", "world_size": [0.1, 0.1, 0.1], "id": 1024, "camera_size": [60, 84], "camera_position": [241, 284], "world_position": [0.6525370752294044, 1.1025041968906262, -0.17343524813187253], "world_orientation": [0.797629093220052, -0.6031482650633716, 4.94936281519453e-08, 0.6031482649163851, 0.7976290930274773, 2.2011780012763757e-05, -1.3315844483388534e-05, -1.752738413579576e-05, 0.9999999997577396], "world_rotation": [-3.277731730319795e-05, 1.1079645652105848e-05, 0.9999999994014445, 0.6474422754753016]}], "source": "action wait"}
{"timestamp": 1706069044.54666, "objects": [{"color": "cv_", "id_name": "hand", "shape": "CVCylinder", "id_string": "ob383", "world_size": [0.12, 0.005, 0.12], "id": 383, "camera_size": [75, 62], "camera_position": [241, 312], "world_position": [0.6069975224110166, 1.1668227544309944, -0.17411683530995306], "world_orientation": [0.0005053439650589782, 0.6341343926035552, 0.7732226825079545, -0.0005950627732852983, -0.7732224536473832, 0.6341345938172878, 0.9999996952638401, -0.0007805721238410156, -1.3393530300065711e-05], "world_rotation": [0.0, 1.0, 0.0, 0.0]}, {"color": "CVRed", "id_name": "object189558826577914", "shape": "CVSphere", "id_string": "ob1024", "world_size": [0.1, 0.1, 0.1], "id": 1024, "camera_size": [62, 87], "camera_position": [241, 294], "world_position": [0.6388580288185689, 1.1276253853094542, -0.17368109846520147], "world_orientation": [0.7727072156349671, -0.6347626004209872, 3.527410507636189e-06, 0.6347626002029607, 0.7727072154945851, 2.2498469799457007e-05, -1.7006842746658272e-05, -1.5145661688975428e-05, 0.9999999997406881], "world_rotation": [-2.9652134080093477e-05, 1.6174750396832445e-05, 0.9999999994295643, 0.6877012506188912]}], "source": "action wait"}
{"timestamp": 1706069044.578279, "objects": [{"color": "cv_", "id_name": "hand", "shape": "CVCylinder", "id_string": "ob383", "world_size": [0.12, 0.005, 0.12], "id": 383, "camera_size": [76, 62], "camera_position": [240, 320], "world_position": [0.5956408092658753, 1.183050720284447, -0.17411840734704975], "world_orientation": [0.0005243752181815807, 0.6558356380472297, 0.7549035308553096, -0.0005784486839351686, -0.7549033094156495, 0.6558358474728417, 0.9999996952138288, -0.0007805770195311786, -1.6485325874102336e-05], "world_rotation": [0.0, 1.0, 0.0, 0.0]}, {"color": "CVRed", "id_name": "object189558826577914", "shape": "CVSphere", "id_string": "ob1024", "world_size": [0.1, 0.1, 0.1], "id": 1024, "camera_size": [63, 89], "camera_position": [241, 301], "world_position": [0.6285520066820107, 1.1449434760853874, -0.17383892797704667], "world_orientation": [0.7543742479573806, -0.6564445856224248, 5.073420001633054e-06, 0.6564445853347334, 0.7543742478181924, 2.476785271461732e-05, -2.0085980209601917e-05, -1.5353811175907657e-05, 0.999999999680407], "world_rotation": [-3.055982542317146e-05, 1.9163384656851618e-05, 0.999999999349431, 0.7160959747484001]}], "source": "action wait"}
