{"timestamp": 1706069071.685193, "objects": [{"color": "cv_", "id_name": "hand", "shape": "CVCylinder", "id_string": "ob383", "world_size": [0.12, 0.005, 0.12], "id": 383, "camera_size": [48, 50], "camera_position": [246, 426], "world_position": [0.2676445155400097, 0.6334703013849474, -0.17389260400847445], "world_orientation": [-0.0006415492796173628, 0.19791547486687333, 0.980218880262333, -0.0007473671472293987, -0.9802189031248747, 0.19791499033427212, 0.999999514928317, -0.0006056111687279084, 0.0007767742550113213], "world_rotation": [0.0, 1.0, 0.0, 0.0]}, {"color": "CVBlue", "id_name": "object115911351124601", "shape": "CVCylinder", "id_string": "ob1045", "world_size": [0.09, 0.09, 0.09], "id": 1045, "camera_size": [37, 37], "camera_position": [256, 254], "world_position": [0.705, 0.644856964849591, -0.15], "world_orientation": [1.0, -3.248937977869676e-17, -1.2807790779525605e-17, 3.248937977869676e-17, 1.0, -6.497875955739369e-17, 1.2807790779525605e-17, 6.497875955739369e-17, 1.0], "world_rotation": [-0.8808431718627018, 0.17362065899128884, -0.4404215859313497, -7.376881791566185e-17]}], "source": "manual check"}
{"timestamp": 1706069072.700853, "objects": [{"color": "cv_", "id_name": "hand", "shape": "CVCylinder", "id_string": "ob383", "world_size": [0.12, 0.005, 0.12], "id": 383, "camera_size": [48, 50], "camera_position": [246, 426], "world_position": [0.2676445155400097, 0.6334703013849474, -0.17389260400847445], "world_orientation": [-0.0006415492796173628, 0.19791547486687333, 0.980218880262333, -0.0007473671472293987, -0.9802189031248747, 0.19791499033427212, 0.999999514928317, -0.0006056111687279084, 0.0007767742550113213], "world_rotation": [0.0, 1.0, 0.0, 0.0]}, {"color": "CVBlue", "id_name": "object115911351124601", "shape": "CVCylinder", "id_string": "ob1045", "world_size": [0.09, 0.09, 0.09], "id": 1045, "camera_size": [37, 37], "camera_position": [256, 254], "world_position": [0.705, 0.6448569696296074, -0.15], "world_orientation": [1.0, -4.331917303826236e-17, -1.1712398707441946e-17, 4.331917303826236e-17, 1.0, -5.775889738434995e-17, 1.1712398707441946e-17, 5.775889738434995e-17, 1.0], "world_rotation": [-0.7896765794068324, 0.16013129347666225, -0.5922574345551229, -7.314247236221149e-17]}], "source": "manual check"}
{"timestamp": 1706069075.102383, "objects": [{"color": "cv_", "id_name": "hand", "shape": "CVCylinder", "id_string": "ob383", "world_size": [0.12, 0.005, 0.12], "id": 383, "camera_size": [48, 50], "camera_position": [246, 426], "world_position": [0.2676445155400097, 0.6334703013849474, -0.17389260400847445], "world_orientation": [-0.0006415492796173628, 0.19791547486687333, 0.980218880262333, -0.0007473671472293987, -0.9802189031248747, 0.19791499033427212, 0.999999514928317, -0.0006056111687279084, 0.0007767742550113213], "world_rotation": [0.0, 1.0, 0.0, 0.0]}, {"color": "CVBlue", "id_name": "object115911351124601", "shape": "CVCylinder", "id_string": "ob1045", "world_size": [0.09, 0.09, 0.09], "id": 1045, "camera_size": [37, 37], "camera_position": [256, 254], "world_position": [0.705, 0.6448569696296074, -0.15], "world_orientation": [1.0, -4.331917303826236e-17, -1.1712398707441946e-17, 4.331917303826236e-17, 1.0, -5.775889738434995e-17, 1.1712398707441946e-17, 5.775889738434995e-17, 1.0], "world_rotation": [-0.7896765794068324, 0.16013129347666225, -0.5922574345551229, -7.314247236221149e-17]}], "source": "action wait"}
{"timestamp": 1706069075.133714, "objects": [{"color": "cv_", "id_name": "hand", "shape": "CVCylinder", "id_string": "ob383", "world_size": [0.12, 0.005, 0.12], "id": 383, "camera_size": [49, 51], "camera_position": [246, 421], "world_position": [0.2911266081956159, 0.6677843738419087, -0.1739560956953049], "world_orientation": [-0.00038269034850258707, 0.19833777451833123, 0.9801336545324891, -0.0007151513295242739, -0.9801335299445432, 0.19833747007821131, 0.9999996710532826, -0.0006250420506053284, 0.0005169291652956475], "world_rotation": [0.0, 1.0, 0.0, 0.0]}, {"color": "CVBlue", "id_name": "object115911351124601", "shape": "CVCylinder", "id_string": "ob1045", "world_size": [0.09, 0.09, 0.09], "id": 1045, "camera_size": [37, 37], "camera_position": [256, 254], "world_position": [0.705, 0.6448569696296074, -0.15], "world_orientation": [1.0, -4.331917303826236e-17, -1.1712398707441946e-17, 4.331917303826236e-17, 1.0, -5.775889738434995e-17, 1.1712398707441946e-17, 5.775889738434995e-17, 1.0], "world_rotation": [-0.7896765794068324, 0.16013129347666225, -0.5922574345551229, -7.314247236221149e-17]}], "source": "action wait"}
{"timestamp": 1706069075.158932, "objects": [{"color": "cv_", "id_name": "hand", "shape": "CVCylinder", "id_string": "ob383", "world_size": [0.12, 0.005, 0.12], "id": 383, "camera_size": [51, 52], "camera_position": [246, 406], "world_position": [0.3371833370884501, 0.7058156366787667, -0.17398391649174746], "world_orientation": [-0.00022299847692711097, 0.1868503412070283, 0.9823883652927168, -0.0007314899047542844, -0.9823881573712202, 0.18685013561487734, 0.9999997075970567, -0.000676939876104235, 0.00035575020113827373], "world_rotation": [0.0, 1.0, 0.0, 0.0]}, {"color": "CVBlue", "id_name": "object115911351124601", "shape": "CVCylinder", "id_string": "ob1045", "world_size": [0.09, 0.09, 0.09], "id": 1045, "camera_size": [37, 37], "camera_position": [256, 254], "world_position": [0.705, 0.6448569696296074, -0.15], "world_orientation": [1.0, -4.331917303826236e-17, -1.1712398707441946e-17, 4.331917303826236e-17, 1.0, -5.775889738434995e-17, 1.1712398707441946e-17, 5.775889738434995e-17, 1.0], "world_rotation": [-0.7896765794068324, 0.16013129347666225, -0.5922574345551229, -7.314247236221149e-17]}], "source": "action wait"}
{"timestamp": 1706069075.190019, "objects": [{"color": "cv_", "id_name": "hand", "shape": "CVCylinder", "id_string": "ob383", "world_size": [0.12, 0.005, 0.12], "id": 383, "camera_size": [51, 53], "camera_position": [246, 388], "world_position": [0.3877610381316452, 0.7390332742753296, -0.17400444615371735], "world_orientation": [-0.00011939530682234664, 0.17866453967896917, 0.9839100406063874, -0.0007426995708283309, -0.9839097920986369, 0.17866440442842768, 0.9999997170710142, -0.0007094178735073778, 0.0002501682884553633], "world_rotation": [0.0, 1.0, 0.0, 0.0]}, {"color": "CVBlue", "id_name": "object115911351124601", "shape": "CVCylinder", "id_string": "ob1045", "world_size": [0.09, 0.09, 0.09], "id": 1045, "camera_size": [37, 37], "camera_position": [256, 254], "world_position": [0.705, 0.6448569696296074, -0.15], "world_orientation": [1.0, -4.331917303826236e-17, -1.1712398707441946e-17, 4.331917303826236e-17, 1.0, -5.775889738434995e-17, 1.1712398707441946e-17, 5.775889738434995e-17, 1.0], "world_rotation": [-0.7896765794068324, 0.16013129347666225, -0.5922574345551229, -7.314247236221149e-17]}], "source": "action wait"}
{"timestamp": 1706069075.221427, "objects": [{"color": "cv_", "id_name": "hand", "shape": "CVCylinder", "id_string": "ob383", "world_size": [0.12, 0.005, 0.12], "id": 383, "camera_size": [52, 54], "camera_position": [245, 367], "world_position": [0.44188847730772396, 0.7670120143667282, -0.1740229676899024], "world_orientation": [-4.647659213275061e-05, 0.17288138606293524, 0.9849426502050183, -0.0007500615432646122, -0.9849423802348658, 0.1728813032833764, 0.999999717623764, -0.000730732670420131, 0.00017544844451294848], "world_rotation": [0.0, 1.0, 0.0, 0.0]}, {"color": "CVBlue", "id_name": "object115911351124601", "shape": "CVCylinder", "id_string": "ob1045", "world_size": [0.09, 0.09, 0.09], "id": 1045, "camera_size": [37, 37], "camera_position": [256, 254], "world_position": [0.705, 0.6448569696296074, -0.15], "world_orientation": [1.0, -4.331917303826236e-17, -1.1712398707441946e-17, 4.331917303826236e-17, 1.0, -5.775889738434995e-17, 1.1712398707441946e-17, 5.775889738434995e-17, 1.0], "world_rotation": [-0.7896765794068324, 0.16013129347666225, -0.5922574345551229, -7.314247236221149e-17]}], "source": "action wait"}
{"timestamp": 1706069075.254108, "objects": [{"color": "cv_", "id_name": "hand", "shape": "CVCylinder", "id_string": "ob383", "world_size": [0.12, 0.005, 0.12], "id": 383, "camera_size": [52, 54], "camera_position": [245, 343], "world_position": [0.4991694007085747, 0.7799473742726477, -0.17403809822864796], "world_orientation": [-4.423256045135204e-06, 0.15522026658605104, 0.9878798858269107, -0.0007645316257491551, -0.987879597649296, 0.15522021788304002, 0.9999997077358713, -0.0007545788363893739, 0.00012304044716483504], "world_rotation": [0.0, 1.0, 0.0, 0.0]}, {"color": "CVBlue", "id_name": "object115911351124601", "shape": "CVCylinder", "id_string": "ob1045", "world_size": [0.09, 0.09, 0.09], "id": 1045, "camera_size": [37, 37], "camera_position": [256, 254], "world_position": [0.705, 0.6448569696296074, -0.15], "world_orientation": [1.0, -4.331917303826236e-17, -1.1712398707441946e-17, 4.331917303826236e-17, 1.0, -5.775889738434995e-17, 1.1712398707441946e-17, 5.775889738434995e-17, 1.0], "world_rotation": [-0.7896765794068324, 0.16013129347666225, -0.5922574345551229, -7.314247236221149e-17]}], "source": "action wait"}
{"timestamp": 1706069075.288032, "objects": [{"color": "cv_", "id_name": "hand", "shape": "CVCylinder", "id_string": "ob383", "world_size": [0.12, 0.005, 0.12], "id": 383, "camera_size": [52, 52], "camera_position": [245, 317], "world_position": [0.5577956302320934, 0.7700654447839377, -0.17404998329905352], "world_orientation": [7.441004527293815e-07, 0.11481750253264192, 0.9933866020395146, -0.0007769792752052406, -0.9933863021212092, 0.1148174684495169, 0.9999996981512805, -0.0007719262377818391, 8.847164070194842e-05], "world_rotation": [0.0, 1.0, 0.0, 0.0]}, {"color": "CVBlue", "id_name": "object115911351124601", "shape": "CVCylinder", "id_string": "ob1045", "world_size": [0.09, 0.09, 0.09], "id": 1045, "camera_size": [37, 37], "camera_position": [256, 254], "world_position": [0.705, 0.6448569696296074, -0.15], "world_orientation": [1.0, -4.331917303826236e-17, -1.1712398707441946e-17, 4.331917303826236e-17, 1.0, -5.775889738434995e-17, 1.1712398707441946e-17, 5.775889738434995e-17, 1.0], "world_rotation": [-0.7896765794068324, 0.16013129347666225, -0.5922574345551229, -7.314247236221149e-17]}], "source": "action wait"}
{"timestamp": 1706069075.323019, "objects": [{"color": "cv_", "id_name": "hand", "shape": "CVCylinder", "id_string": "ob383", "world_size": [0.12, 0.005, 0.12], "id": 383, "camera_size": [52, 52], "camera_position": [245, 297], "world_position": [0.6029968845702964, 0.7554972040229263, -0.17405563753948616], "world_orientation": [-1.448419356840446e-05, 0.08052624213280979, 0.9967524888948992, -0.0007750571752669202, -0.996752190522003, 0.08052620676502663, 0.9999996995382466, -0.0007713738113173759, 7.684959342995988e-05], "world_rotation": [0.0, 1.0, 0.0, 0.0]}, {"color": "CVBlue", "id_name": "object115911351124601", "shape": "CVCylinder", "id_string": "ob1045", "world_size": [0.09, 0.09, 0.09], "id": 1045, "camera_size": [37, 37], "camera_position": [256, 254], "world_position": [0.705, 0.6448569696296074, -0.15], "world_orientation": [1.0, -4.331917303826236e-17, -1.1712398707441946e-17, 4.331917303826236e-17, 1.0, -5.775889738434995e-17, 1.1712398707441946e-17, 5.775889738434995e-17, 1.0], "world_rotation": [-0.7896765794068324, 0.16013129347666225, -0.5922574345551229, -7.314247236221149e-17]}], "source": "action wait"}
{"timestamp": 1706069075.36103, "objects": [{"color": "cv_", "id_name": "hand", "shape": "CVCylinder", "id_string": "ob383", "world_size": [0.12, 0.005, 0.12], "id": 383, "camera_size": [51, 51], "camera_position": [246, 284], "world_position": [0.6346748026428125, 0.7427695735488624, -0.17406334256974204], "world_orientation": [-2.135952171598748e-05, 0.05629080937546626, 0.9984144151221104, -0.0007711370567219616, -0.9984141194222472, 0.056290776206571205, 0.999999702445661, -0.0007687120094095873, 6.473357712802628e-05], "world_rotation": [0.0, 1.0, 0.0, 0.0]}, {"color": "CVBlue", "id_name": "object115911351124601", "shape": "CVCylinder", "id_string": "ob1045", "world_size": [0.09, 0.09, 0.09], "id": 1045, "camera_size": [37, 37], "camera_position": [256, 254], "world_position": [0.705, 0.6448569696296074, -0.15], "world_orientation": [1.0, -4.331917303826236e-17, -1.1712398707441946e-17, 4.331917303826236e-17, 1.0, -5.775889738434995e-17, 1.1712398707441946e-17, 5.775889738434995e-17, 1.0], "world_rotation": [-0.7896765794068324, 0.16013129347666225, -0.5922574345551229, -7.314247236221149e-17]}], "source": "action wait"}
{"timestamp": 1706069075.390117, "objects": [{"color": "cv_", "id_name": "hand", "shape": "CVCylinder", "id_string": "ob383", "world_size": [0.12, 0.005, 0.12], "id": 383, "camera_size": [51, 51], "camera_position": [246, 274], "world_position": [0.6568179685011096, 0.732609353873844, -0.17407122959139906], "world_orientation": [-2.3153900943312687e-05, 0.03918746460985857, 0.99923187603346, -0.0007676419217979268, -0.9992315825870342, 0.03918743531402965, 0.999999705094845, -0.0007661449356449415, 5.321804972652811e-05], "world_rotation": [0.0, 1.0, 0.0, 0.0]}, {"color": "CVBlue", "id_name": "object115911351124601", "shape": "CVCylinder", "id_string": "ob1045", "world_size": [0.09, 0.09, 0.09], "id": 1045, "camera_size": [37, 37], "camera_position": [256, 254], "world_position": [0.705, 0.6448569696296074, -0.15], "world_orientation": [1.0, -4.331917303826236e-17, -1.1712398707441946e-17, 4.331917303826236e-17, 1.0, -5.775889738434995e-17, 1.1712398707441946e-17, 5.775889738434995e-17, 1.0], "world_rotation": [-0.7896765794068324, 0.16013129347666225, -0.5922574345551229, -7.314247236221149e-17]}], "source": "action wait"}
{"timestamp": 1706069075.426704, "objects": [{"color": "cv_", "id_name": "hand", "shape": "CVCylinder", "id_string": "ob383", "world_size": [0.12, 0.005, 0.12], "id": 383, "camera_size": [51, 50], "camera_position": [246, 267], "world_position": [0.6722992245569305, 0.7248804754332303, -0.17407834020340487], "world_orientation": [-2.2272157785548566e-05, 0.02712552467717994, 0.999632035008352, -0.000765153035884868, -0.9996317430966348, 0.027125499708124962, 0.9999997070223484, -0.0007642673429452544, 4.301913346677932e-05], "world_rotation": [0.0, 1.0, 0.0, 0.0]}, {"color": "CVBlue", "id_name": "object115911351124601", "shape": "CVCylinder", "id_string": "ob1045", "world_size": [0.09, 0.09, 0.09], "id": 1045, "camera_size": [37, 37], "camera_position": [256, 254], "world_position": [0.705, 0.6448569696296074, -0.15], "world_orientation": [1.0, -4.331917303826236e-17, -1.1712398707441946e-17, 4.331917303826236e-17, 1.0, -5.775889738434995e-17, 1.1712398707441946e-17, 5.775889738434995e-17, 1.0], "world_rotation": [-0.7896765794068324, 0.16013129347666225, -0.5922574345551229, -7.314247236221149e-17]}], "source": "action wait"}
{"timestamp": 1706069075.461379, "objects": [{"color": "cv_", "id_name": "hand", "shape": "CVCylinder", "id_string": "ob383", "world_size": [0.12, 0.005, 0.12], "id": 383, "camera_size": [51, 51], "camera_position": [246, 263], "world_position": [0.683134808776021, 0.7191662084180045, -0.17408434730019423], "world_orientation": [-2.018034470566029e-05, 0.01862176679380631, 0.9998265996632771, -0.0007636036393918105, -0.9998263086590746, 0.018621745961397266, 0.9999997082510753, -0.0007630954370114562, 3.4396488450555055e-05], "world_rotation": [0.0, 1.0, 0.0, 0.0]}, {"color": "CVBlue", "id_name": "object115911351124601", "shape": "CVCylinder", "id_string": "ob1045", "world_size": [0.09, 0.09, 0.09], "id": 1045, "camera_size": [37, 37], "camera_position": [256, 254], "world_position": [0.705, 0.6448569696296074, -0.15], "world_orientation": [1.0, -4.331917303826236e-17, -1.1712398707441946e-17, 4.331917303826236e-17, 1.0, -5.775889738434995e-17, 1.1712398707441946e-17, 5.775889738434995e-17, 1.0], "world_rotation": [-0.7896765794068324, 0.16013129347666225, -0.5922574345551229, -7.314247236221149e-17]}], "source": "action wait"}
{"timestamp": 1706069075.492548, "objects": [{"color": "cv_", "id_name": "hand", "shape": "CVCylinder", "id_string": "ob383", "world_size": [0.12, 0.005, 0.12], "id": 383, "camera_size": [50, 50], "camera_position": [245, 259], "world_position": [0.6907286756497389, 0.7150158665781579, -0.17408922957638873], "world_orientation": [-1.770720987301618e-05, 0.012627453602855394, 0.9999202703725745, -0.0007627515757801871, -0.999919979828051, 0.012627436426446571, 0.9999997089482019, -0.0007624671652146292, 2.7337403073075113e-05], "world_rotation": [0.0, 1.0, 0.0, 0.0]}, {"color": "CVBlue", "id_name": "object115911351124601", "shape": "CVCylinder", "id_string": "ob1045", "world_size": [0.09, 0.09, 0.09], "id": 1045, "camera_size": [37, 37], "camera_position": [256, 254], "world_position": [0.705, 0.6448569696296074, -0.15], "world_orientation": [1.0, -4.331917303826236e-17, -1.1712398707441946e-17, 4.331917303826236e-17, 1.0, -5.775889738434995e-17, 1.1712398707441946e-17, 5.775889738434995e-17, 1.0], "world_rotation": [-0.7896765794068324, 0.16013129347666225, -0.5922574345551229, -7.314247236221149e-17]}], "source": "action wait"}
{"timestamp": 1706069075.524752, "objects": [{"color": "cv_", "id_name": "hand", "shape": "CVCylinder", "id_string": "ob383", "world_size": [0.12, 0.005, 0.12], "id": 383, "camera_size": [50, 50], "camera_position": [245, 257], "world_position": [0.6960570776442999, 0.7120357686366037, -0.17409309919646307], "world_orientation": [-1.5262670291768156e-05, 0.008402303195183466, 0.9999646999109854, -0.0007623575431484053, -0.9999644095409257, 0.008402289119297857, 0.9999997092889715, -0.000762202390491091, 2.166768630736134e-05], "world_rotation": [0.0, 1.0, 0.0, 0.0]}, {"color": "CVBlue", "id_name": "object115911351124601", "shape": "CVCylinder", "id_string": "ob1045", "world_size": [0.09, 0.09, 0.09], "id": 1045, "camera_size": [37, 37], "camera_position": [256, 254], "world_position": [0.705, 0.6448569696296074, -0.15], "world_orientation": [1.0, -4.331917303826236e-17, -1.1712398707441946e-17, 4.331917303826236e-17, 1.0, -5.775889738434995e-17, 1.1712398707441946e-17, 5.775889738434995e-17, 1.0], "world_rotation": [-0.7896765794068324, 0.16013129347666225, -0.5922574345551229, -7.314247236221149e-17]}], "source": "action wait"}
{"timestamp": 1706069075.559361, "objects": [{"color": "cv_", "id_name": "hand", "shape": "CVCylinder", "id_string": "ob383", "world_size": [0.12, 0.005, 0.12], "id": 383, "camera_size": [49, 50], "camera_position": [246, 256], "world_position": [0.6997996708104762, 0.7099119763815457, -0.1740961136311389], "world_orientation": [-1.3069710651155555e-05, 0.005424204150786698, 0.9999852888110471, -0.0007622379319262124, -0.9999849984513907, 0.005424192613418045, 0.9999997094112166, -0.0007621558258723504, 1.7204048739863633e-05], "world_rotation": [0.0, 1.0, 0.0, 0.0]}, {"color": "CVBlue", "id_name": "object115911351124601", "shape": "CVCylinder", "id_string": "ob1045", "world_size": [0.09, 0.09, 0.09], "id": 1045, "camera_size": [37, 37], "camera_position": [256, 254], "world_position": [0.705, 0.6448569696296074, -0.15], "world_orientation": [1.0, -4.331917303826236e-17, -1.1712398707441946e-17, 4.331917303826236e-17, 1.0, -5.775889738434995e-17, 1.1712398707441946e-17, 5.775889738434995e-17, 1.0], "world_rotation": [-0.7896765794068324, 0.16013129347666225, -0.5922574345551229, -7.314247236221149e-17]}], "source": "action wait"}
{"timestamp": 1706069075.593912, "objects": [{"color": "cv_", "id_name": "hand", "shape": "CVCylinder", "id_string": "ob383", "world_size": [0.12, 0.005, 0.12], "id": 383, "camera_size": [49, 49], "camera_position": [246, 255], "world_position": [0.7024305719545565, 0.7084059394423919, -0.1740984329055752], "world_orientation": [-1.1194923618518252e-05, 0.0033250692580818276, 0.9999944718792713, -0.0007622671327659363, -0.9999941814462816, 0.003325059758797551, 0.9999997094117038, -0.0007622256950715355, 1.3729449490225351e-05], "world_rotation": [0.0, 1.0, 0.0, 0.0]}, {"color": "CVBlue", "id_name": "object115911351124601", "shape": "CVCylinder", "id_string": "ob1045", "world_size": [0.09, 0.09, 0.09], "id": 1045, "camera_size": [37, 37], "camera_position": [256, 254], "world_position": [0.705, 0.6448569696296074, -0.15], "world_orientation": [1.0, -4.331917303826236e-17, -1.1712398707441946e-17, 4.331917303826236e-17, 1.0, -5.775889738434995e-17, 1.1712398707441946e-17, 5.775889738434995e-17, 1.0], "world_rotation": [-0.7896765794068324, 0.16013129347666225, -0.5922574345551229, -7.314247236221149e-17]}], "source": "action wait"}
{"timestamp": 1706069075.628399, "objects": [{"color": "cv_", "id_name": "hand", "shape": "CVCylinder", "id_string": "ob383", "world_size": [0.12, 0.005, 0.12], "id": 383, "camera_size": [49, 50], "camera_position": [246, 254], "world_position": [0.7042811936611217, 0.7073414650956097, -0.17410020094685183], "world_orientation": [-9.645568432182333e-06, 0.0018454477785094707, 0.99999829711328, -0.0007623662092780416, -0.9999980065727029, 0.0018454398888635153, 0.9999997093523209, -0.0007623471107383715, 1.1052456232131184e-05], "world_rotation": [0.0, 1.0, 0.0, 0.0]}, {"color": "CVBlue", "id_name": "object115911351124601", "shape": "CVCylinder", "id_string": "ob1045", "world_size": [0.09, 0.09, 0.09], "id": 1045, "camera_size": [37, 37], "camera_position": [256, 254], "world_position": [0.705, 0.6448569696296074, -0.15], "world_orientation": [1.0, -4.331917303826236e-17, -1.1712398707441946e-17, 4.331917303826236e-17, 1.0, -5.775889738434995e-17, 1.1712398707441946e-17, 5.775889738434995e-17, 1.0], "world_rotation": [-0.7896765794068324, 0.16013129347666225, -0.5922574345551229, -7.314247236221149e-17]}], "source": "action wait"}
{"timestamp": 1706069075.656592, "objects": [{"color": "cv_", "id_name": "hand", "shape": "CVCylinder", "id_string": "ob383", "world_size": [0.12, 0.005, 0.12], "id": 383, "camera_size": [49, 50], "camera_position": [246, 253], "world_position": [0.7055836129815485, 0.7065906989433672, -0.17410153928204597], "world_orientation": [-8.39517039058585e-06, 0.0008024771801010191, 0.9999996779798965, -0.0007624889893973809, -0.9999993873255947, 0.0008024705456308053, 0.9999997092699888, -0.0007624820069839849, 9.007045261514436e-06], "world_rotation": [0.0, 1.0, 0.0, 0.0]}, {"color": "CVBlue", "id_name": "object115911351124601", "shape": "CVCylinder", "id_string": "ob1045", "world_size": [0.09, 0.09, 0.09], "id": 1045, "camera_size": [37, 37], "camera_position": [256, 254], "world_position": [0.705, 0.6448569696296074, -0.15], "world_orientation": [1.0, -4.331917303826236e-17, -1.1712398707441946e-17, 4.331917303826236e-17, 1.0, -5.775889738434995e-17, 1.1712398707441946e-17, 5.775889738434995e-17, 1.0], "world_rotation": [-0.7896765794068324, 0.16013129347666225, -0.5922574345551229, -7.314247236221149e-17]}], "source": "action wait"}
{"timestamp": 1706069075.689995, "objects": [{"color": "cv_", "id_name": "hand", "shape": "CVCylinder", "id_string": "ob383", "world_size": [0.12, 0.005, 0.12], "id": 383, "camera_size": [49, 50], "camera_position": [246, 253], "world_position": [0.7065005851329401, 0.706061913612838, -0.17410254672861153], "world_orientation": [-7.403568838853603e-06, 6.727749720026302e-05, 0.9999999977094629, -0.0007626106349182204, -0.9999997069497173, 6.72718315986727e-05, 0.9999997091850612, -0.0007626101351201404, 7.454873204455833e-06], "world_rotation": [0.0, 1.0, 0.0, 0.0]}, {"color": "CVBlue", "id_name": "object115911351124601", "shape": "CVCylinder", "id_string": "ob1045", "world_size": [0.09, 0.09, 0.09], "id": 1045, "camera_size": [37, 37], "camera_position": [256, 254], "world_position": [0.705, 0.6448569696296074, -0.15], "world_orientation": [1.0, -4.331917303826236e-17, -1.1712398707441946e-17, 4.331917303826236e-17, 1.0, -5.775889738434995e-17, 1.1712398707441946e-17, 5.775889738434995e-17, 1.0], "world_rotation": [-0.7896765794068324, 0.16013129347666225, -0.5922574345551229, -7.314247236221149e-17]}], "source": "action wait"}
{"timestamp": 1706069075.727129, "objects": [{"color": "cv_", "id_name": "hand", "shape": "CVCylinder", "id_string": "ob383", "world_size": [0.12, 0.005, 0.12], "id": 383, "camera_size": [49, 49], "camera_position": [246, 253], "world_position": [0.7071463833110236, 0.7056897895571251, -0.17410330169421762], "world_orientation": [-6.627860263820759e-06, -0.00045098556090060693, 0.9999998982840426, -0.0007627193659021595, -0.9999996074332986, -0.00045099048492862445, 0.9999997091075778, -0.0007627222774236837, 6.28388224126672e-06], "world_rotation": [0.0, 1.0, 0.0, 0.0]}, {"color": "CVBlue", "id_name": "object115911351124601", "shape": "CVCylinder", "id_string": "ob1045", "world_size": [0.09, 0.09, 0.09], "id": 1045, "camera_size": [37, 37], "camera_position": [256, 254], "world_position": [0.705, 0.6448569696296074, -0.15], "world_orientation": [1.0, -4.331917303826236e-17, -1.1712398707441946e-17, 4.331917303826236e-17, 1.0, -5.775889738434995e-17, 1.1712398707441946e-17, 5.775889738434995e-17, 1.0], "world_rotation": [-0.7896765794068324, 0.16013129347666225, -0.5922574345551229, -7.314247236221149e-17]}], "source": "action wait"}
{"timestamp": 1706069075.758128, "objects": [{"color": "cv_", "id_name": "hand", "shape": "CVCylinder", "id_string": "ob383", "world_size": [0.12, 0.005, 0.12], "id": 383, "camera_size": [49, 50], "camera_position": [246, 252], "world_position": [0.70760131361316, 0.7054280405221196, -0.17410386535248307], "world_orientation": [-6.027730263345153e-06, -0.0008163332730679933, 0.9999996667817714, -0.0007628109240748578, -0.9999993758559863, -0.0008163376335951747, 0.999999709041538, -0.0007628155905557526, 5.405018563155488e-06], "world_rotation": [0.0, 1.0, 0.0, 0.0]}, {"color": "CVBlue", "id_name": "object115911351124601", "shape": "CVCylinder", "id_string": "ob1045", "world_size": [0.09, 0.09, 0.09], "id": 1045, "camera_size": [37, 37], "camera_position": [256, 254], "world_position": [0.705, 0.6448569696296074, -0.15], "world_orientation": [1.0, -4.331917303826236e-17, -1.1712398707441946e-17, 4.331917303826236e-17, 1.0, -5.775889738434995e-17, 1.1712398707441946e-17, 5.775889738434995e-17, 1.0], "world_rotation": [-0.7896765794068324, 0.16013129347666225, -0.5922574345551229, -7.314247236221149e-17]}], "source": "action wait"}
{"timestamp": 1706069075.78445, "objects": [{"color": "cv_", "id_name": "hand", "shape": "CVCylinder", "id_string": "ob383", "world_size": [0.12, 0.005, 0.12], "id": 383, "camera_size": [49, 50], "camera_position": [246, 252], "world_position": [0.7079218512815391, 0.7052439732954577, -0.17410428485611565], "world_orientation": [-5.567605008933585e-06, -0.0010738900828694163, 0.9999994233643797, -0.0007628850751114884, -0.999999132378624, -0.0010738940178273686, 0.9999997089876396, -0.0007628906142228363, 4.748345462193152e-06], "world_rotation": [0.0, 1.0, 0.0, 0.0]}, {"color": "CVBlue", "id_name": "object115911351124601", "shape": "CVCylinder", "id_string": "ob1045", "world_size": [0.09, 0.09, 0.09], "id": 1045, "camera_size": [37, 37], "camera_position": [256, 254], "world_position": [0.705, 0.6448569696296074, -0.15], "world_orientation": [1.0, -4.331917303826236e-17, -1.1712398707441946e-17, 4.331917303826236e-17, 1.0, -5.775889738434995e-17, 1.1712398707441946e-17, 5.775889738434995e-17, 1.0], "world_rotation": [-0.7896765794068324, 0.16013129347666225, -0.5922574345551229, -7.314247236221149e-17]}], "source": "action wait"}
{"timestamp": 1706069076.834472, "objects": [{"color": "cv_", "id_name": "hand", "shape": "CVCylinder", "id_string": "ob383", "world_size": [0.12, 0.005, 0.12], "id": 383, "camera_size": [49, 50], "camera_position": [246, 252], "world_position": [0.708687369357383, 0.7048076050084917, -0.17410546833018956], "world_orientation": [-4.176418243387516e-06, -0.0016894219623223552, 0.9999985729169771, -0.0007631195999708532, -0.9999982817449253, -0.0016894246575199891, 0.9999997088154744, -0.0007631255666801535, 2.887180055529937e-06], "world_rotation": [0.0, 1.0, 0.0, 0.0]}, {"color": "CVBlue", "id_name": "object115911351124601", "shape": "CVCylinder", "id_string": "ob1045", "world_size": [0.09, 0.09, 0.09], "id": 1045, "camera_size": [37, 37], "camera_position": [256, 254], "world_position": [0.705, 0.6448569696296074, -0.15], "world_orientation": [1.0, -4.331917303826236e-17, -1.1712398707441946e-17, 4.331917303826236e-17, 1.0, -5.775889738434995e-17, 1.1712398707441946e-17, 5.775889738434995e-17, 1.0], "world_rotation": [-0.7896765794068324, 0.16013129347666225, -0.5922574345551229, -7.314247236221149e-17]}], "source": "action wait"}
{"timestamp": 1706069076.870019, "objects": [{"color": "cv_", "id_name": "hand", "shape": "CVCylinder", "id_string": "ob383", "world_size": [0.12, 0.005, 0.12], "id": 383, "camera_size": [51, 51], "camera_position": [246, 251], "world_position": [0.7115811869841276, 0.7282845025684519, -0.17409762368059095], "world_orientation": [1.8978512135003022e-05, 0.03260043588825141, 0.9994684643447798, -0.0007431493899492644, -0.9994681880762133, 0.03260044098835665, 0.999999723684362, -0.0007433730874166132, 5.258574906882201e-06], "world_rotation": [0.0, 1.0, 0.0, 0.0]}, {"color": "CVBlue", "id_name": "object115911351124601", "shape": "CVCylinder", "id_string": "ob1045", "world_size": [0.09, 0.09, 0.09], "id": 1045, "camera_size": [38, 38], "camera_position": [252, 251], "world_position": [0.7107393059005506, 0.6736826819488081, -0.1586670000648789], "world_orientation": [0.999422934417739, -0.033967604425225915, -3.0736238114138863e-06, 0.033967604505538034, 0.9994229339195256, 3.162029237884546e-05, 1.997784544033527e-06, -3.1706449034437506e-05, 0.999999999495355], "world_rotation": [0.0009321633762568996, 7.465062988381919e-05, -0.9999995627492662, -0.033974154679991674]}], "source": "action wait"}
{"timestamp": 1706069076.903958, "objects": [{"color": "cv_", "id_name": "hand", "shape": "CVCylinder", "id_string": "ob383", "world_size": [0.12, 0.005, 0.12], "id": 383, "camera_size": [52, 53], "camera_position": [245, 249], "world_position": [0.7156135901711411, 0.7847505913826878, -0.17410888854296053], "world_orientation": [8.145082578307751e-05, 0.11373634325088287, 0.9935109650072718, -0.0007253811281826334, -0.9935107002012589, 0.11373637240488889, 0.9999997335939556, -0.0007299380261130601, 1.5799300273781448e-06], "world_rotation": [0.0, 1.0, 0.0, 0.0]}, {"color": "CVBlue", "id_name": "object115911351124601", "shape": "CVCylinder", "id_string": "ob1045", "world_size": [0.09, 0.09, 0.09], "id": 1045, "camera_size": [39, 44], "camera_position": [250, 247], "world_position": [0.7192752336884723, 0.7336359852032787, -0.16423200748047978], "world_orientation": [0.993378108220019, -0.11489096610375138, -4.118613855038098e-06, 0.11489096616087827, 0.9933781068262535, 5.265841304026648e-05, -1.958635113620422e-06, -5.2782906252857206e-05, 0.9999999986050643], "world_rotation": [0.0004588755397261347, 9.400123380565962e-06, -0.9999998946724329, -0.11514525046141712]}], "source": "action wait"}
{"timestamp": 1706069076.935082, "objects": [{"color": "cv_", "id_name": "hand", "shape": "CVCylinder", "id_string": "ob383", "world_size": [0.12, 0.005, 0.12], "id": 383, "camera_size": [56, 55], "camera_position": [244, 249], "world_position": [0.7140603987572706, 0.854904657415424, -0.17411224710972226], "world_orientation": [0.00015644596865822742, 0.21279888510280362, 0.9770960086008246, -0.0007211962764939102, -0.9770957424428591, 0.2127989426100819, 0.9999997277002579, -0.0007379695398863466, 6.070736803117254e-07], "world_rotation": [0.0, 1.0, 0.0, 0.0]}, {"color": "CVBlue", "id_name": "object115911351124601", "shape": "CVCylinder", "id_string": "ob1045", "world_size": [0.09, 0.09, 0.09], "id": 1045, "camera_size": [41, 50], "camera_position": [248, 245], "world_position": [0.7227659023436065, 0.8064920902750474, -0.1677903140762015], "world_orientation": [0.9768761862842351, -0.21380579181257323, -7.626751225047389e-06, 0.21380579192672458, 0.9768761850524732, 4.915193338355363e-05, -3.058576395120991e-06, -4.964599681772203e-05, 0.9999999987629601], "world_rotation": [0.00023104595692815695, 1.0683000371012202e-05, -0.9999999732518192, -0.2154691953571524]}], "source": "action wait"}
{"timestamp": 1706069076.976722, "objects": [{"color": "cv_", "id_name": "hand", "shape": "CVCylinder", "id_string": "ob383", "world_size": [0.12, 0.005, 0.12], "id": 383, "camera_size": [59, 57], "camera_position": [244, 254], "world_position": [0.7050625183051467, 0.9245096713365636, -0.1741131775234366], "world_orientation": [0.0002316384100794063, 0.3097294687994835, 0.9508246959880863, -0.0007095558664659531, -0.9508244312340406, 0.30972955541719904, 0.999999721437021, -0.0007464085027907244, -4.770979112230554e-07], "world_rotation": [0.0, 1.0, 0.0, 0.0]}, {"color": "CVBlue", "id_name": "object115911351124601", "shape": "CVCylinder", "id_string": "ob1045", "world_size": [0.09, 0.09, 0.09], "id": 1045, "camera_size": [44, 55], "camera_position": [246, 247], "world_position": [0.7185388993926934, 0.8785446203361242, -0.1700664284669994], "world_orientation": [0.9505311767745772, -0.3106291710118927, -9.798071978598046e-06, 0.3106291711382634, 0.9505311757908419, 4.344692690816046e-05, -4.182510010196086e-06, -4.4341225538717755e-05, 0.9999999990081812], "world_rotation": [0.0001413069984106732, 9.039012486612943e-06, -0.9999999899753141, -0.3158548794340363]}], "source": "action wait"}
{"timestamp": 1706069077.009218, "objects": [{"color": "cv_", "id_name": "hand", "shape": "CVCylinder", "id_string": "ob383", "world_size": [0.12, 0.005, 0.12], "id": 383, "camera_size": [63, 59], "camera_position": [243, 262], "world_position": [0.6888745027769456, 0.9927903748593191, -0.17411362827000354], "world_orientation": [0.0003054373277357204, 0.4035308233359642, 0.9149660000928109, -0.0006874319136656865, -0.9149657418545598, 0.40353093892525677, 0.9999997170726616, -0.0007522302400270447, -2.0647250523693124e-06], "world_rotation": [0.0, 1.0, 0.0, 0.0]}, {"color": "CVBlue", "id_name": "object115911351124601", "shape": "CVCylinder", "id_string": "ob1045", "world_size": [0.09, 0.09, 0.09], "id": 1045, "camera_size": [47, 62], "camera_position": [245, 252], "world_position": [0.7068665037365212, 0.9492600115193058, -0.1715229310175763], "world_orientation": [0.9146055516218613, -0.4043472329806059, -1.11084838974491e-05, 0.40434723309201653, 0.9146055507914891, 3.939831718184253e-05, -5.770719503085464e-06, -4.0525604346852905e-05, 0.9999999991621871], "world_rotation": [9.883080012253672e-05, 6.600470996297928e-06, -0.9999999950944533, -0.41626500589850557]}], "source": "action wait"}
{"timestamp": 1706069077.035439, "objects": [{"color": "cv_", "id_name": "hand", "shape": "CVCylinder", "id_string": "ob383", "world_size": [0.12, 0.005, 0.12], "id": 383, "camera_size": [66, 59], "camera_position": [242, 275], "world_position": [0.6657577346836351, 1.0590585043488656, -0.17411405223405155], "world_orientation": [0.0003766602972272393, 0.4932598144296813, 0.8698819538281141, -0.0006560594332653789, -0.8698817064395457, 0.4932599582247116, 0.9999997138564795, -0.0007564857041116001, -4.042147792249607e-06], "world_rotation": [0.0, 1.0, 0.0, 0.0]}, {"color": "CVBlue", "id_name": "object115911351124601", "shape": "CVCylinder", "id_string": "ob1045", "world_size": [0.09, 0.09, 0.09], "id": 1045, "camera_size": [50, 68], "camera_position": [243, 262], "world_position": [0.6880075742573913, 1.0180968769500292, -0.17245519747819388], "world_orientation": [0.8694585195761532, -0.49400595400918124, -1.1828899487748265e-05, 0.4940059540902889, 0.869458518845607, 3.647117691386474e-05, -7.732241116980206e-06, -3.7553722264012024e-05, 0.9999999992649652], "world_rotation": [7.492308378333796e-05, 4.146365368323246e-06, -0.9999999971846696, -0.5166911682762547]}], "source": "action wait"}
{"timestamp": 1706069077.071084, "objects": [{"color": "cv_", "id_name": "hand", "shape": "CVCylinder", "id_string": "ob383", "world_size": [0.12, 0.005, 0.12], "id": 383, "camera_size": [71, 60], "camera_position": [242, 289], "world_position": [0.6423474127373114, 1.1090375009190054, -0.17411357135422204], "world_orientation": [0.00043724016305462805, 0.5602002553823757, 0.8283570985333322, -0.0006353836927114988, -0.8283568548742573, 0.5602004259819803, 0.9999997025542572, -0.0007712667177496164, -6.248779369361645e-06], "world_rotation": [0.0, 1.0, 0.0, 0.0]}, {"color": "CVBlue", "id_name": "object115911351124601", "shape": "CVCylinder", "id_string": "ob1045", "world_size": [0.09, 0.09, 0.09], "id": 1045, "camera_size": [52, 72], "camera_position": [242, 274], "world_position": [0.667703386977247, 1.0704240410321366, -0.17305160533605832], "world_orientation": [0.8278886605030684, -0.5608924725694728, -5.033715066373025e-06, 0.5608924725046126, 0.8278886601821804, 2.508818408572756e-05, -9.904417982083409e-06, -2.3593596006649073e-05, 0.9999999996726225], "world_rotation": [-4.339671365696755e-05, 4.341922159381773e-06, 0.9999999990489364, 0.5954634178198067]}], "source": "action wait"}
{"timestamp": 1706069077.102407, "objects": [{"color": "cv_", "id_name": "hand", "shape": "CVCylinder", "id_string": "ob383", "world_size": [0.12, 0.005, 0.12], "id": 383, "camera_size": [73, 61], "camera_position": [241, 302], "world_position": [0.6231202658045171, 1.1428484396434115, -0.17411467252753038], "world_orientation": [0.00047903484707917545, 0.6053576323719205, 0.7959534580958095, -0.0006135598016142592, -0.7959532216759916, 0.6053578218277024, 0.9999996970349467, -0.0007783525374509475, -9.866221003419902e-06], "world_rotation": [0.0, 1.0, 0.0, 0.0]}, {"color": "CVBlue", "id_name": "object115911351124601", "shape": "CVCylinder", "id_string": "ob1045", "world_size": [0.09, 0.09, 0.09], "id": 1045, "camera_size": [54, 76], "camera_position": [241, 285], "world_position": [0.6505178857475525, 1.1060925121673153, -0.17343458566137962], "world_orientation": [0.795455874268474, -0.6060115115174032, 4.1292965788544865e-07, 0.6060115113673037, 0.7954558740862555, 2.1725281758221348e-05, -1.3494238158390595e-05, -1.703126286865135e-05, 0.9999999997639208], "world_rotation": [-3.197673961032795e-05, 1.1474342933808543e-05, 0.9999999994229137, 0.6510368651140949]}], "source": "action wait"}
{"timestamp": 1706069077.134327, "objects": [{"color": "cv_", "id_name": "hand", "shape": "CVCylinder", "id_string": "ob383", "world_size": [0.12, 0.005, 0.12], "id": 383, "camera_size": [75, 61], "camera_position": [241, 312], "world_position": [0.6083028770503739, 1.165897317156043, -0.17411633441526092], "world_orientation": [0.0005068852909361239, 0.6360921257632777, 0.7716129538889664, -0.000593852339565939, -0.7716127254831456, 0.6360923275845028, 0.999999695203304, -0.0007806500024363122, -1.3374343782045496e-05], "world_rotation": [0.0, 1.0, 0.0, 0.0]}, {"color": "CVBlue", "id_name": "object115911351124601", "shape": "CVCylinder", "id_string": "ob1045", "world_size": [0.09, 0.09, 0.09], "id": 1045, "camera_size": [56, 78], "camera_position": [241, 294], "world_position": [0.63706087836748, 1.130535551295935, -0.17368053797680752], "world_orientation": [0.7710959008003447, -0.6367190210419693, 3.5016053183107464e-06, 0.6367190208251055, 0.7710959006610771, 2.243215215140012e-05, -1.698305146438643e-05, -1.5067801860483466e-05, 0.9999999997422687], "world_rotation": [-2.9447804100300844e-05, 1.6086103993823693e-05, 0.9999999994370322, 0.6902357960544806]}], "source": "action wait"}
