{"timestamp": 1706068394.933799, "objects": [{"color": "cv_", "id_name": "hand", "shape": "CVCylinder", "id_string": "ob383", "world_size": [0.12, 0.005, 0.12], "id": 383, "camera_size": [48, 50], "camera_position": [246, 426], "world_position": [0.26764451554011987, 0.6334703013847727, -0.17389260400847487], "world_orientation": [-0.0006415490314419916, 0.19791547486648323, 0.9802188802625742, -0.0007473670971197793, -0.9802189031249534, 0.19791499033407123, 0.9999995149285137, -0.0006056111687274482, 0.0007767740018274212], "world_rotation": [0.0, 1.0, 0.0, 0.0]}, {"color": "CVRed", "id_name": "object115390654901805", "shape": "CVSphere", "id_string": "ob814", "world_size": [0.09, 0.09, 0.09], "id": 814, "camera_size": [37, 37], "camera_position": [256, 254], "world_position": [0.705, 0.6448569618279929, -0.15], "world_orientation": [1.0, -3.248937977869676e-17, -1.2465442788089477e-17, 3.248937977869676e-17, 1.0, -5.775889738434994e-17, 1.2465442788089477e-17, 5.775889738434994e-17, 1.0], "world_rotation": [-0.8565537801950899, 0.18486021419163617, -0.4818115013597369, -6.743172316768561e-17]}], "source": "manual check"}
{"timestamp": 1706068395.946062, "objects": [{"color": "cv_", "id_name": "hand", "shape": "CVCylinder", "id_string": "ob383", "world_size": [0.12, 0.005, 0.12], "id": 383, "camera_size": [48, 50], "camera_position": [246, 426], "world_position": [0.26764451554011987, 0.6334703013847727, -0.17389260400847487], "world_orientation": [-0.0006415490314419916, 0.19791547486648323, 0.9802188802625742, -0.0007473670971197793, -0.9802189031249534, 0.19791499033407123, 0.9999995149285137, -0.0006056111687274482, 0.0007767740018274212], "world_rotation": [0.0, 1.0, 0.0, 0.0]}, {"color": "CVRed", "id_name": "object115390654901805", "shape": "CVSphere", "id_string": "ob814", "world_size": [0.09, 0.09, 0.09], "id": 814, "camera_size": [37, 37], "camera_position": [256, 254], "world_position": [0.705, 0.6448569696296074, -0.15], "world_orientation": [1.0, -4.331917303826236e-17, -1.1712398707441946e-17, 4.331917303826236e-17, 1.0, -5.775889738434995e-17, 1.1712398707441946e-17, 5.775889738434995e-17, 1.0], "world_rotation": [-0.7896765794068324, 0.16013129347666225, -0.5922574345551229, -7.314247236221149e-17]}], "source": "manual check"}
{"timestamp": 1706068397.71912, "objects": [{"color": "cv_", "id_name": "hand", "shape": "CVCylinder", "id_string": "ob383", "world_size": [0.12, 0.005, 0.12], "id": 383, "camera_size": [48, 50], "camera_position": [246, 426], "world_position": [0.26764451554011987, 0.6334703013847727, -0.17389260400847487], "world_orientation": [-0.0006415490314419916, 0.19791547486648323, 0.9802188802625742, -0.0007473670971197793, -0.9802189031249534, 0.19791499033407123, 0.9999995149285137, -0.0006056111687274482, 0.0007767740018274212], "world_rotation": [0.0, 1.0, 0.0, 0.0]}, {"color": "CVRed", "id_name": "object115390654901805", "shape": "CVSphere", "id_string": "ob814", "world_size": [0.09, 0.09, 0.09], "id": 814, "camera_size": [37, 37], "camera_position": [256, 254], "world_position": [0.705, 0.6448569696296074, -0.15], "world_orientation": [1.0, -4.331917303826236e-17, -1.1712398707441946e-17, 4.331917303826236e-17, 1.0, -5.775889738434995e-17, 1.1712398707441946e-17, 5.775889738434995e-17, 1.0], "world_rotation": [-0.7896765794068324, 0.16013129347666225, -0.5922574345551229, -7.314247236221149e-17]}], "source": "action wait"}
{"timestamp": 1706068397.754746, "objects": [{"color": "cv_", "id_name": "hand", "shape": "CVCylinder", "id_string": "ob383", "world_size": [0.12, 0.005, 0.12], "id": 383, "camera_size": [49, 51], "camera_position": [246, 421], "world_position": [0.2912939237227953, 0.6679468212926433, -0.17395601507573258], "world_orientation": [-0.00038148578064774256, 0.1998738483806707, 0.9798215649811448, -0.0007147436161356166, -0.9798214405019282, 0.19987354470837293, 0.9999996718050274, -0.000624072293288667, 0.0005166465042882459], "world_rotation": [0.0, 1.0, 0.0, 0.0]}, {"color": "CVRed", "id_name": "object115390654901805", "shape": "CVSphere", "id_string": "ob814", "world_size": [0.09, 0.09, 0.09], "id": 814, "camera_size": [37, 37], "camera_position": [256, 254], "world_position": [0.705, 0.6448569696296074, -0.15], "world_orientation": [1.0, -4.331917303826236e-17, -1.1712398707441946e-17, 4.331917303826236e-17, 1.0, -5.775889738434995e-17, 1.1712398707441946e-17, 5.775889738434995e-17, 1.0], "world_rotation": [-0.7896765794068324, 0.16013129347666225, -0.5922574345551229, -7.314247236221149e-17]}], "source": "action wait"}
{"timestamp": 1706068397.789678, "objects": [{"color": "cv_", "id_name": "hand", "shape": "CVCylinder", "id_string": "ob383", "world_size": [0.12, 0.005, 0.12], "id": 383, "camera_size": [51, 52], "camera_position": [246, 406], "world_position": [0.33746657977107675, 0.706143003702331, -0.17398381532534796], "world_orientation": [-0.00022087397683447093, 0.1895564551552655, 0.9818697986615416, -0.0007309404197903293, -0.9818695909212787, 0.18955625062282636, 0.9999997084703521, -0.0006758202799045053, 0.000355423916185201], "world_rotation": [0.0, 1.0, 0.0, 0.0]}, {"color": "CVRed", "id_name": "object115390654901805", "shape": "CVSphere", "id_string": "ob814", "world_size": [0.09, 0.09, 0.09], "id": 814, "camera_size": [37, 37], "camera_position": [256, 254], "world_position": [0.705, 0.6448569696296074, -0.15], "world_orientation": [1.0, -4.331917303826236e-17, -1.1712398707441946e-17, 4.331917303826236e-17, 1.0, -5.775889738434995e-17, 1.1712398707441946e-17, 5.775889738434995e-17, 1.0], "world_rotation": [-0.7896765794068324, 0.16013129347666225, -0.5922574345551229, -7.314247236221149e-17]}], "source": "action wait"}
{"timestamp": 1706068397.826507, "objects": [{"color": "cv_", "id_name": "hand", "shape": "CVCylinder", "id_string": "ob383", "world_size": [0.12, 0.005, 0.12], "id": 383, "camera_size": [51, 53], "camera_position": [246, 388], "world_position": [0.3881285696296058, 0.7394751166357783, -0.17400435406469275], "world_orientation": [-0.00011660509673684285, 0.1821991804741528, 0.9832616361059748, -0.000742083943170906, -0.9832613878208719, 0.18219904646291193, 0.9999997178572967, -0.0007084173346523196, 0.00024986037553364636], "world_rotation": [0.0, 1.0, 0.0, 0.0]}, {"color": "CVRed", "id_name": "object115390654901805", "shape": "CVSphere", "id_string": "ob814", "world_size": [0.09, 0.09, 0.09], "id": 814, "camera_size": [37, 37], "camera_position": [256, 254], "world_position": [0.705, 0.6448569696296074, -0.15], "world_orientation": [1.0, -4.331917303826236e-17, -1.1712398707441946e-17, 4.331917303826236e-17, 1.0, -5.775889738434995e-17, 1.1712398707441946e-17, 5.775889738434995e-17, 1.0], "world_rotation": [-0.7896765794068324, 0.16013129347666225, -0.5922574345551229, -7.314247236221149e-17]}], "source": "action wait"}
{"timestamp": 1706068397.860721, "objects": [{"color": "cv_", "id_name": "hand", "shape": "CVCylinder", "id_string": "ob383", "world_size": [0.12, 0.005, 0.12], "id": 383, "camera_size": [52, 54], "camera_position": [245, 367], "world_position": [0.4423168428124471, 0.7675335262713352, -0.1740228927267087], "world_orientation": [-4.32158296674732e-05, 0.1770019465123099, 0.9842105003825378, -0.0007494116484572778, -0.9842102306589449, 0.17700186509878427, 0.9999997182572471, -0.0007299295310680024, 0.00017518078220150145], "world_rotation": [0.0, 1.0, 0.0, 0.0]}, {"color": "CVRed", "id_name": "object115390654901805", "shape": "CVSphere", "id_string": "ob814", "world_size": [0.09, 0.09, 0.09], "id": 814, "camera_size": [37, 37], "camera_position": [256, 254], "world_position": [0.705, 0.6448569696296074, -0.15], "world_orientation": [1.0, -4.331917303826236e-17, -1.1712398707441946e-17, 4.331917303826236e-17, 1.0, -5.775889738434995e-17, 1.1712398707441946e-17, 5.775889738434995e-17, 1.0], "world_rotation": [-0.7896765794068324, 0.16013129347666225, -0.5922574345551229, -7.314247236221149e-17]}], "source": "action wait"}
{"timestamp": 1706068397.890532, "objects": [{"color": "cv_", "id_name": "hand", "shape": "CVCylinder", "id_string": "ob383", "world_size": [0.12, 0.005, 0.12], "id": 383, "camera_size": [52, 54], "camera_position": [245, 343], "world_position": [0.499684508480499, 0.7792157051186781, -0.1740379469193163], "world_orientation": [-2.1866019840656416e-06, 0.1579102035537404, 0.987453476174364, -0.0007646922107050593, -0.987453187731948, 0.15791015573368705, 0.9999997076204781, -0.0007547526950046396, 0.00012291186974827944], "world_rotation": [0.0, 1.0, 0.0, 0.0]}, {"color": "CVRed", "id_name": "object115390654901805", "shape": "CVSphere", "id_string": "ob814", "world_size": [0.09, 0.09, 0.09], "id": 814, "camera_size": [37, 37], "camera_position": [256, 254], "world_position": [0.705, 0.6448569696296074, -0.15], "world_orientation": [1.0, -4.331917303826236e-17, -1.1712398707441946e-17, 4.331917303826236e-17, 1.0, -5.775889738434995e-17, 1.1712398707441946e-17, 5.775889738434995e-17, 1.0], "world_rotation": [-0.7896765794068324, 0.16013129347666225, -0.5922574345551229, -7.314247236221149e-17]}], "source": "action wait"}
{"timestamp": 1706068397.920242, "objects": [{"color": "cv_", "id_name": "hand", "shape": "CVCylinder", "id_string": "ob383", "world_size": [0.12, 0.005, 0.12], "id": 383, "camera_size": [52, 52], "camera_position": [245, 317], "world_position": [0.5582404216223809, 0.7684899075432037, -0.17404981710538353], "world_orientation": [2.0254432043579203e-06, 0.11661883291530457, 0.9931767455017108, -0.0007769251172766447, -0.9931764455731718, 0.11661879928211867, 0.9999996981915843, -0.0007718601642301842, 8.859247795737834e-05], "world_rotation": [0.0, 1.0, 0.0, 0.0]}, {"color": "CVRed", "id_name": "object115390654901805", "shape": "CVSphere", "id_string": "ob814", "world_size": [0.09, 0.09, 0.09], "id": 814, "camera_size": [37, 37], "camera_position": [256, 254], "world_position": [0.705, 0.6448569696296074, -0.15], "world_orientation": [1.0, -4.331917303826236e-17, -1.1712398707441946e-17, 4.331917303826236e-17, 1.0, -5.775889738434995e-17, 1.1712398707441946e-17, 5.775889738434995e-17, 1.0], "world_rotation": [-0.7896765794068324, 0.16013129347666225, -0.5922574345551229, -7.314247236221149e-17]}], "source": "action wait"}
{"timestamp": 1706068397.953504, "objects": [{"color": "cv_", "id_name": "hand", "shape": "CVCylinder", "id_string": "ob383", "world_size": [0.12, 0.005, 0.12], "id": 383, "camera_size": [52, 52], "camera_position": [245, 297], "world_position": [0.603267993788734, 0.753398805097079, -0.17405553127680798], "world_orientation": [-1.3577154821705751e-05, 0.08180134968586998, 0.996648653741744, -0.000774929554236046, -0.9966483554425808, 0.08180131464582627, 0.9999996996498784, -0.0007712218678608163, 7.692193247301329e-05], "world_rotation": [0.0, 1.0, 0.0, 0.0]}, {"color": "CVRed", "id_name": "object115390654901805", "shape": "CVSphere", "id_string": "ob814", "world_size": [0.09, 0.09, 0.09], "id": 814, "camera_size": [37, 37], "camera_position": [256, 254], "world_position": [0.705, 0.6448569696296074, -0.15], "world_orientation": [1.0, -4.331917303826236e-17, -1.1712398707441946e-17, 4.331917303826236e-17, 1.0, -5.775889738434995e-17, 1.1712398707441946e-17, 5.775889738434995e-17, 1.0], "world_rotation": [-0.7896765794068324, 0.16013129347666225, -0.5922574345551229, -7.314247236221149e-17]}], "source": "action wait"}
{"timestamp": 1706068397.987466, "objects": [{"color": "cv_", "id_name": "hand", "shape": "CVCylinder", "id_string": "ob383", "world_size": [0.12, 0.005, 0.12], "id": 383, "camera_size": [51, 51], "camera_position": [246, 284], "world_position": [0.6347981802395896, 0.7403171950204499, -0.17406326926768045], "world_orientation": [-2.0699831498676613e-05, 0.057191950557284536, 0.9983632006253887, -0.0007709890660944392, -0.9983629050263878, 0.05719191763817572, 0.9999997025736442, -0.0007685432486153632, 6.476031245724017e-05], "world_rotation": [0.0, 1.0, 0.0, 0.0]}, {"color": "CVRed", "id_name": "object115390654901805", "shape": "CVSphere", "id_string": "ob814", "world_size": [0.09, 0.09, 0.09], "id": 814, "camera_size": [37, 37], "camera_position": [256, 254], "world_position": [0.705, 0.6448569696296074, -0.15], "world_orientation": [1.0, -4.331917303826236e-17, -1.1712398707441946e-17, 4.331917303826236e-17, 1.0, -5.775889738434995e-17, 1.1712398707441946e-17, 5.775889738434995e-17, 1.0], "world_rotation": [-0.7896765794068324, 0.16013129347666225, -0.5922574345551229, -7.314247236221149e-17]}], "source": "action wait"}
{"timestamp": 1706068398.02108, "objects": [{"color": "cv_", "id_name": "hand", "shape": "CVCylinder", "id_string": "ob383", "world_size": [0.12, 0.005, 0.12], "id": 383, "camera_size": [51, 51], "camera_position": [246, 274], "world_position": [0.6568256359758382, 0.7299151215130537, -0.17407116897871042], "world_orientation": [-2.267009448642822e-05, 0.03982380769054369, 0.9992067172647978, -0.0007675009836684121, -0.9992064239191889, 0.039823778585997, 0.99999970521411, -0.0007659893295658164, 5.3216915617986534e-05], "world_rotation": [0.0, 1.0, 0.0, 0.0]}, {"color": "CVRed", "id_name": "object115390654901805", "shape": "CVSphere", "id_string": "ob814", "world_size": [0.09, 0.09, 0.09], "id": 814, "camera_size": [37, 37], "camera_position": [256, 254], "world_position": [0.705, 0.6448569696296074, -0.15], "world_orientation": [1.0, -4.331917303826236e-17, -1.1712398707441946e-17, 4.331917303826236e-17, 1.0, -5.775889738434995e-17, 1.1712398707441946e-17, 5.775889738434995e-17, 1.0], "world_rotation": [-0.7896765794068324, 0.16013129347666225, -0.5922574345551229, -7.314247236221149e-17]}], "source": "action wait"}
{"timestamp": 1706068398.049321, "objects": [{"color": "cv_", "id_name": "hand", "shape": "CVCylinder", "id_string": "ob383", "world_size": [0.12, 0.005, 0.12], "id": 383, "camera_size": [51, 50], "camera_position": [246, 267], "world_position": [0.6722199877701981, 0.722019662461102, -0.17407828127751152], "world_orientation": [-2.1916839364313428e-05, 0.02757471163388271, 0.9996197451020865, -0.0007650309100203035, -0.9996194532796026, 0.02757468681046343, 0.9999997071236365, -0.0007641356532887236, 4.300400571816274e-05], "world_rotation": [0.0, 1.0, 0.0, 0.0]}, {"color": "CVRed", "id_name": "object115390654901805", "shape": "CVSphere", "id_string": "ob814", "world_size": [0.09, 0.09, 0.09], "id": 814, "camera_size": [37, 37], "camera_position": [256, 254], "world_position": [0.705, 0.6448569696296074, -0.15], "world_orientation": [1.0, -4.331917303826236e-17, -1.1712398707441946e-17, 4.331917303826236e-17, 1.0, -5.775889738434995e-17, 1.1712398707441946e-17, 5.775889738434995e-17, 1.0], "world_rotation": [-0.7896765794068324, 0.16013129347666225, -0.5922574345551229, -7.314247236221149e-17]}], "source": "action wait"}
{"timestamp": 1706068398.088492, "objects": [{"color": "cv_", "id_name": "hand", "shape": "CVCylinder", "id_string": "ob383", "world_size": [0.12, 0.005, 0.12], "id": 383, "camera_size": [50, 50], "camera_position": [245, 263], "world_position": [0.6829918559856019, 0.7161899111435326, -0.17408428482333965], "world_orientation": [-1.9920243699321816e-05, 0.018938790757809063, 0.9998206448197675, -0.0007635034584353563, -0.9998203538896517, 0.01893877003505316, 0.9999997083327841, -0.0007629892552208587, 3.4376497347565886e-05], "world_rotation": [0.0, 1.0, 0.0, 0.0]}, {"color": "CVRed", "id_name": "object115390654901805", "shape": "CVSphere", "id_string": "ob814", "world_size": [0.09, 0.09, 0.09], "id": 814, "camera_size": [37, 37], "camera_position": [256, 254], "world_position": [0.705, 0.6448569696296074, -0.15], "world_orientation": [1.0, -4.331917303826236e-17, -1.1712398707441946e-17, 4.331917303826236e-17, 1.0, -5.775889738434995e-17, 1.1712398707441946e-17, 5.775889738434995e-17, 1.0], "world_rotation": [-0.7896765794068324, 0.16013129347666225, -0.5922574345551229, -7.314247236221149e-17]}], "source": "action wait"}
{"timestamp": 1706068398.123568, "objects": [{"color": "cv_", "id_name": "hand", "shape": "CVCylinder", "id_string": "ob383", "world_size": [0.12, 0.005, 0.12], "id": 383, "camera_size": [50, 50], "camera_position": [245, 259], "world_position": [0.6905396896716142, 0.7119591066769357, -0.17408916155000914], "world_orientation": [-1.7518011258212167e-05, 0.012851188328019323, 0.9999174199161034, -0.0007626722357977642, -0.9999171294307346, 0.012851171233024995, 0.9999997090120477, -0.0007623841272985642, 2.7317804065804135e-05], "world_rotation": [0.0, 1.0, 0.0, 0.0]}, {"color": "CVRed", "id_name": "object115390654901805", "shape": "CVSphere", "id_string": "ob814", "world_size": [0.09, 0.09, 0.09], "id": 814, "camera_size": [37, 37], "camera_position": [256, 254], "world_position": [0.705, 0.6448569696296074, -0.15], "world_orientation": [1.0, -4.331917303826236e-17, -1.1712398707441946e-17, 4.331917303826236e-17, 1.0, -5.775889738434995e-17, 1.1712398707441946e-17, 5.775889738434995e-17, 1.0], "world_rotation": [-0.7896765794068324, 0.16013129347666225, -0.5922574345551229, -7.314247236221149e-17]}], "source": "action wait"}
{"timestamp": 1706068398.154809, "objects": [{"color": "cv_", "id_name": "hand", "shape": "CVCylinder", "id_string": "ob383", "world_size": [0.12, 0.005, 0.12], "id": 383, "camera_size": [49, 50], "camera_position": [246, 257], "world_position": [0.69583514217081, 0.7089227379018052, -0.17409302529896942], "world_orientation": [-1.512638132719712e-05, 0.008560201605408272, 0.9999633606886141, -0.0007622961996756364, -0.9999630703645748, 0.008560187588879794, 0.999999709337806, -0.0007621387850064498, 2.1651231868076978e-05], "world_rotation": [0.0, 1.0, 0.0, 0.0]}, {"color": "CVRed", "id_name": "object115390654901805", "shape": "CVSphere", "id_string": "ob814", "world_size": [0.09, 0.09, 0.09], "id": 814, "camera_size": [37, 37], "camera_position": [256, 254], "world_position": [0.705, 0.6448569696296074, -0.15], "world_orientation": [1.0, -4.331917303826236e-17, -1.1712398707441946e-17, 4.331917303826236e-17, 1.0, -5.775889738434995e-17, 1.1712398707441946e-17, 5.775889738434995e-17, 1.0], "world_rotation": [-0.7896765794068324, 0.16013129347666225, -0.5922574345551229, -7.314247236221149e-17]}], "source": "action wait"}
{"timestamp": 1706068398.186424, "objects": [{"color": "cv_", "id_name": "hand", "shape": "CVCylinder", "id_string": "ob383", "world_size": [0.12, 0.005, 0.12], "id": 383, "camera_size": [49, 50], "camera_position": [246, 256], "world_position": [0.69955429265758, 0.7067594861160565, -0.1740960343238335], "world_orientation": [-1.2972763984863242e-05, 0.005535644824500574, 0.9999846781166623, -0.0007621913143876316, -0.9999843877921505, 0.005535633329463413, 0.9999997094480116, -0.000762107823716895, 1.719178185651123e-05], "world_rotation": [0.0, 1.0, 0.0, 0.0]}, {"color": "CVRed", "id_name": "object115390654901805", "shape": "CVSphere", "id_string": "ob814", "world_size": [0.09, 0.09, 0.09], "id": 814, "camera_size": [37, 37], "camera_position": [256, 254], "world_position": [0.705, 0.6448569696296074, -0.15], "world_orientation": [1.0, -4.331917303826236e-17, -1.1712398707441946e-17, 4.331917303826236e-17, 1.0, -5.775889738434995e-17, 1.1712398707441946e-17, 5.775889738434995e-17, 1.0], "world_rotation": [-0.7896765794068324, 0.16013129347666225, -0.5922574345551229, -7.314247236221149e-17]}], "source": "action wait"}
{"timestamp": 1706068398.218682, "objects": [{"color": "cv_", "id_name": "hand", "shape": "CVCylinder", "id_string": "ob383", "world_size": [0.12, 0.005, 0.12], "id": 383, "camera_size": [49, 49], "camera_position": [246, 255], "world_position": [0.7021685806802516, 0.7052257244458755, -0.17409834894959475], "world_orientation": [-1.1127164524904736e-05, 0.003403728260250674, 0.9999942072382805, -0.0007622321574125824, -0.9999939168317651, 0.0034037187902487154, 0.9999997094391201, -0.0007621898682447081, 1.3721527971913349e-05], "world_rotation": [0.0, 1.0, 0.0, 0.0]}, {"color": "CVRed", "id_name": "object115390654901805", "shape": "CVSphere", "id_string": "ob814", "world_size": [0.09, 0.09, 0.09], "id": 814, "camera_size": [37, 37], "camera_position": [256, 254], "world_position": [0.705, 0.6448569696296074, -0.15], "world_orientation": [1.0, -4.331917303826236e-17, -1.1712398707441946e-17, 4.331917303826236e-17, 1.0, -5.775889738434995e-17, 1.1712398707441946e-17, 5.775889738434995e-17, 1.0], "world_rotation": [-0.7896765794068324, 0.16013129347666225, -0.5922574345551229, -7.314247236221149e-17]}], "source": "action wait"}
{"timestamp": 1706068398.249808, "objects": [{"color": "cv_", "id_name": "hand", "shape": "CVCylinder", "id_string": "ob383", "world_size": [0.12, 0.005, 0.12], "id": 383, "camera_size": [49, 50], "camera_position": [246, 254], "world_position": [0.7040074595975071, 0.7041417433979728, -0.17410011315775628], "world_orientation": [-9.599393890305308e-06, 0.0019009757557096859, 0.9999981930978814, -0.0007623402252160864, -0.9999979025770404, 0.0019009678854186465, 0.9999997093725741, -0.0007623205996027683, 1.1048564042419667e-05], "world_rotation": [0.0, 1.0, 0.0, 0.0]}, {"color": "CVRed", "id_name": "object115390654901805", "shape": "CVSphere", "id_string": "ob814", "world_size": [0.09, 0.09, 0.09], "id": 814, "camera_size": [37, 37], "camera_position": [256, 254], "world_position": [0.705, 0.6448569696296074, -0.15], "world_orientation": [1.0, -4.331917303826236e-17, -1.1712398707441946e-17, 4.331917303826236e-17, 1.0, -5.775889738434995e-17, 1.1712398707441946e-17, 5.775889738434995e-17, 1.0], "world_rotation": [-0.7896765794068324, 0.16013129347666225, -0.5922574345551229, -7.314247236221149e-17]}], "source": "action wait"}
{"timestamp": 1706068398.279768, "objects": [{"color": "cv_", "id_name": "hand", "shape": "CVCylinder", "id_string": "ob383", "world_size": [0.12, 0.005, 0.12], "id": 383, "camera_size": [49, 50], "camera_position": [246, 253], "world_position": [0.7053015926304353, 0.703377239267552, -0.17410144841581676], "world_orientation": [-8.364916321657937e-06, 0.0008416838842007606, 0.9999996457490711, -0.0007624698337695745, -0.999999355109362, 0.0008416772615756511, 0.9999997092848483, -0.0007624625231044119, 9.006669498839725e-06], "world_rotation": [0.0, 1.0, 0.0, 0.0]}, {"color": "CVRed", "id_name": "object115390654901805", "shape": "CVSphere", "id_string": "ob814", "world_size": [0.09, 0.09, 0.09], "id": 814, "camera_size": [37, 37], "camera_position": [256, 254], "world_position": [0.705, 0.6448569696296074, -0.15], "world_orientation": [1.0, -4.331917303826236e-17, -1.1712398707441946e-17, 4.331917303826236e-17, 1.0, -5.775889738434995e-17, 1.1712398707441946e-17, 5.775889738434995e-17, 1.0], "world_rotation": [-0.7896765794068324, 0.16013129347666225, -0.5922574345551229, -7.314247236221149e-17]}], "source": "action wait"}
{"timestamp": 1706068398.312297, "objects": [{"color": "cv_", "id_name": "hand", "shape": "CVCylinder", "id_string": "ob383", "world_size": [0.12, 0.005, 0.12], "id": 383, "camera_size": [49, 50], "camera_position": [246, 253], "world_position": [0.7062127238587831, 0.7028387721358905, -0.1741024534374591], "world_orientation": [-7.38504652454322e-06, 9.496796449011641e-05, 0.9999999954632735, -0.0007625966007096089, -0.9999997047142491, 9.496230506722248e-05, 0.9999997091959006, -0.0007625958959492178, 7.4574665911052555e-06], "world_rotation": [0.0, 1.0, 0.0, 0.0]}, {"color": "CVRed", "id_name": "object115390654901805", "shape": "CVSphere", "id_string": "ob814", "world_size": [0.09, 0.09, 0.09], "id": 814, "camera_size": [37, 37], "camera_position": [256, 254], "world_position": [0.705, 0.6448569696296074, -0.15], "world_orientation": [1.0, -4.331917303826236e-17, -1.1712398707441946e-17, 4.331917303826236e-17, 1.0, -5.775889738434995e-17, 1.1712398707441946e-17, 5.775889738434995e-17, 1.0], "world_rotation": [-0.7896765794068324, 0.16013129347666225, -0.5922574345551229, -7.314247236221149e-17]}], "source": "action wait"}
{"timestamp": 1706068398.346875, "objects": [{"color": "cv_", "id_name": "hand", "shape": "CVCylinder", "id_string": "ob383", "world_size": [0.12, 0.005, 0.12], "id": 383, "camera_size": [49, 49], "camera_position": [246, 253], "world_position": [0.7068544075632393, 0.7024598216656334, -0.17410320651764902], "world_orientation": [-6.617982948147239e-06, -0.00043142087974890064, 0.9999999069161091, -0.0007627091360990639, -0.999999616073202, -0.00043142580186936343, 0.9999997091154458, -0.0007627119202720693, 6.288931761202154e-06], "world_rotation": [0.0, 1.0, 0.0, 0.0]}, {"color": "CVRed", "id_name": "object115390654901805", "shape": "CVSphere", "id_string": "ob814", "world_size": [0.09, 0.09, 0.09], "id": 814, "camera_size": [37, 37], "camera_position": [256, 254], "world_position": [0.705, 0.6448569696296074, -0.15], "world_orientation": [1.0, -4.331917303826236e-17, -1.1712398707441946e-17, 4.331917303826236e-17, 1.0, -5.775889738434995e-17, 1.1712398707441946e-17, 5.775889738434995e-17, 1.0], "world_rotation": [-0.7896765794068324, 0.16013129347666225, -0.5922574345551229, -7.314247236221149e-17]}], "source": "action wait"}
{"timestamp": 1706068398.378958, "objects": [{"color": "cv_", "id_name": "hand", "shape": "CVCylinder", "id_string": "ob383", "world_size": [0.12, 0.005, 0.12], "id": 383, "camera_size": [49, 49], "camera_position": [246, 253], "world_position": [0.7073064406606993, 0.7021932579453647, -0.17410376872480843], "world_orientation": [-6.024203590576126e-06, -0.0008025020780769339, 0.99999967797701, -0.0007628034990495647, -0.9999993870569301, -0.0008025064398975784, 0.9999997090472231, -0.0007628080878718179, 5.412048505294796e-06], "world_rotation": [0.0, 1.0, 0.0, 0.0]}, {"color": "CVRed", "id_name": "object115390654901805", "shape": "CVSphere", "id_string": "ob814", "world_size": [0.09, 0.09, 0.09], "id": 814, "camera_size": [37, 37], "camera_position": [256, 254], "world_position": [0.705, 0.6448569696296074, -0.15], "world_orientation": [1.0, -4.331917303826236e-17, -1.1712398707441946e-17, 4.331917303826236e-17, 1.0, -5.775889738434995e-17, 1.1712398707441946e-17, 5.775889738434995e-17, 1.0], "world_rotation": [-0.7896765794068324, 0.16013129347666225, -0.5922574345551229, -7.314247236221149e-17]}], "source": "action wait"}
{"timestamp": 1706068398.412682, "objects": [{"color": "cv_", "id_name": "hand", "shape": "CVCylinder", "id_string": "ob383", "world_size": [0.12, 0.005, 0.12], "id": 383, "camera_size": [49, 49], "camera_position": [246, 253], "world_position": [0.7076249386703543, 0.7020057941793938, -0.17410418712045012], "world_orientation": [-5.568721094646887e-06, -0.001064104375317252, 0.9999994338252738, -0.0007628797053846825, -0.9999991428436583, -0.0010641083139486124, 0.9999997089917299, -0.0007628851991842322, 4.7569326894057004e-06], "world_rotation": [0.0, 1.0, 0.0, 0.0]}, {"color": "CVRed", "id_name": "object115390654901805", "shape": "CVSphere", "id_string": "ob814", "world_size": [0.09, 0.09, 0.09], "id": 814, "camera_size": [37, 37], "camera_position": [256, 254], "world_position": [0.705, 0.6448569696296074, -0.15], "world_orientation": [1.0, -4.331917303826236e-17, -1.1712398707441946e-17, 4.331917303826236e-17, 1.0, -5.775889738434995e-17, 1.1712398707441946e-17, 5.775889738434995e-17, 1.0], "world_rotation": [-0.7896765794068324, 0.16013129347666225, -0.5922574345551229, -7.314247236221149e-17]}], "source": "action wait"}
{"timestamp": 1706068399.471936, "objects": [{"color": "cv_", "id_name": "hand", "shape": "CVCylinder", "id_string": "ob383", "world_size": [0.12, 0.005, 0.12], "id": 383, "camera_size": [49, 50], "camera_position": [246, 252], "world_position": [0.7083856041313035, 0.7015612841794685, -0.1741053672652836], "world_orientation": [-4.1897984037574e-06, -0.0016893313211546529, 0.9999985730700484, -0.0007631196103460995, -0.9999982818980275, -0.0016893340265894728, 0.9999997088154107, -0.0007631255993972437, 2.9006293460751616e-06], "world_rotation": [0.0, 1.0, 0.0, 0.0]}, {"color": "CVRed", "id_name": "object115390654901805", "shape": "CVSphere", "id_string": "ob814", "world_size": [0.09, 0.09, 0.09], "id": 814, "camera_size": [37, 37], "camera_position": [256, 254], "world_position": [0.705, 0.6448569696296074, -0.15], "world_orientation": [1.0, -4.331917303826236e-17, -1.1712398707441946e-17, 4.331917303826236e-17, 1.0, -5.775889738434995e-17, 1.1712398707441946e-17, 5.775889738434995e-17, 1.0], "world_rotation": [-0.7896765794068324, 0.16013129347666225, -0.5922574345551229, -7.314247236221149e-17]}], "source": "action wait"}
{"timestamp": 1706068399.502133, "objects": [{"color": "cv_", "id_name": "hand", "shape": "CVCylinder", "id_string": "ob383", "world_size": [0.12, 0.005, 0.12], "id": 383, "camera_size": [51, 51], "camera_position": [246, 251], "world_position": [0.711407073347952, 0.7251962590474417, -0.17409753223126367], "world_orientation": [1.921878894415596e-05, 0.032818141157213945, 0.9994613395432679, -0.000743140200059938, -0.9994610632791552, 0.0328181463758054, 0.9999997236866024, -0.0007433706248494429, 5.180048752474294e-06], "world_rotation": [0.0, 1.0, 0.0, 0.0]}, {"color": "CVRed", "id_name": "object115390654901805", "shape": "CVSphere", "id_string": "ob814", "world_size": [0.09, 0.09, 0.09], "id": 814, "camera_size": [38, 38], "camera_position": [252, 251], "world_position": [0.7107681151542936, 0.6726720615159819, -0.15866697309385722], "world_orientation": [0.9994155137944996, -0.03418524210748976, -2.988113399035722e-06, 0.03418524218499143, 0.9994155132959491, 3.1625118940730186e-05, 1.9052545388168178e-06, -3.170878387518427e-05, 0.9999999994954617], "world_rotation": [0.0009263335799925451, 7.157132023376054e-05, -0.9999995683917292, -0.03419191873448599]}], "source": "action wait"}
{"timestamp": 1706068399.529507, "objects": [{"color": "cv_", "id_name": "hand", "shape": "CVCylinder", "id_string": "ob383", "world_size": [0.12, 0.005, 0.12], "id": 383, "camera_size": [52, 53], "camera_position": [245, 249], "world_position": [0.7156933407669277, 0.7817663436282991, -0.1741088018884479], "world_orientation": [8.18330799918291e-05, 0.11405807599348412, 0.9934740804892757, -0.0007253408173426066, -0.993473815702639, 0.11405810534082157, 0.9999997335919875, -0.0007299410276091792, 1.431955835860979e-06], "world_rotation": [0.0, 1.0, 0.0, 0.0]}, {"color": "CVRed", "id_name": "object115390654901805", "shape": "CVSphere", "id_string": "ob814", "world_size": [0.09, 0.09, 0.09], "id": 814, "camera_size": [39, 44], "camera_position": [250, 247], "world_position": [0.7194931408418499, 0.7319822446811578, -0.1642319620924957], "world_orientation": [0.9933408540410533, -0.11521261943552463, -3.974447819245364e-06, 0.11521261948456205, 0.9933408526468178, 5.2672559554668516e-05, -2.120562173097587e-06, -5.277971183682261e-05, 0.9999999986049026], "world_rotation": [0.00045764197029601097, 8.04549649439813e-06, -0.9999998952495431, -0.11546905397753411]}], "source": "action wait"}
{"timestamp": 1706068399.563823, "objects": [{"color": "cv_", "id_name": "hand", "shape": "CVCylinder", "id_string": "ob383", "world_size": [0.12, 0.005, 0.12], "id": 383, "camera_size": [56, 55], "camera_position": [244, 249], "world_position": [0.7144379271510614, 0.8519856778438122, -0.17411216110596908], "world_orientation": [0.00015679025711035137, 0.21311521403328637, 0.9770270625547492, -0.0007211190434425, -0.9770267964349445, 0.21311527170851718, 0.9999997277020332, -0.0007379672190124955, 4.931566704497501e-07], "world_rotation": [0.0, 1.0, 0.0, 0.0]}, {"color": "CVRed", "id_name": "object115390654901805", "shape": "CVSphere", "id_string": "ob814", "world_size": [0.09, 0.09, 0.09], "id": 814, "camera_size": [41, 49], "camera_position": [248, 245], "world_position": [0.7232369249464964, 0.8044266513746785, -0.16779025441353124], "world_orientation": [0.9768069193118325, -0.21412202672308228, -7.518425363253415e-06, 0.21412202683137233, 0.976806918079032, 4.917894324874899e-05, -3.18624509263479e-06, -4.9648192527182154e-05, 0.9999999987624526], "world_rotation": [0.0002307729256694316, 1.0116147834586277e-05, -0.9999999733207598, -0.215792927387191]}], "source": "action wait"}
{"timestamp": 1706068399.599544, "objects": [{"color": "cv_", "id_name": "hand", "shape": "CVCylinder", "id_string": "ob383", "world_size": [0.12, 0.005, 0.12], "id": 383, "camera_size": [59, 57], "camera_position": [244, 253], "world_position": [0.7057301855319966, 0.9216870853316909, -0.1741130963790739], "world_orientation": [0.0002319337403787366, 0.31003703452378756, 0.9507244518946779, -0.0007094264662821866, -0.9507241872093265, 0.3100371212762345, 0.9999997214603757, -0.0007463771575097983, -5.565389887058989e-07], "world_rotation": [0.0, 1.0, 0.0, 0.0]}, {"color": "CVRed", "id_name": "object115390654901805", "shape": "CVSphere", "id_string": "ob814", "world_size": [0.09, 0.09, 0.09], "id": 814, "camera_size": [44, 56], "camera_position": [246, 246], "world_position": [0.7192712401034234, 0.8762708209732197, -0.17006636295471345], "world_orientation": [0.9504306463601238, -0.3109366275702153, -9.73337496692643e-06, 0.31093662769316294, 0.9504306453741603, 4.350241833771163e-05, -4.275597397592174e-06, -4.437249436722891e-05, 0.9999999990064007], "world_rotation": [0.00014130678732439335, 8.776350274660358e-06, -0.9999999899776837, -0.31617835416441087]}], "source": "action wait"}
{"timestamp": 1706068399.635365, "objects": [{"color": "cv_", "id_name": "hand", "shape": "CVCylinder", "id_string": "ob383", "world_size": [0.12, 0.005, 0.12], "id": 383, "camera_size": [62, 58], "camera_position": [243, 261], "world_position": [0.6898210925756804, 0.9900942413880124, -0.1741135502829228], "world_orientation": [0.00030569234426624863, 0.4038266162439545, 0.9148354882519307, -0.0006872682330614399, -0.9148352300999469, 0.40382673194125346, 0.9999997171072433, -0.0007521841099174842, -2.120921096982732e-06], "world_rotation": [0.0, 1.0, 0.0, 0.0]}, {"color": "CVRed", "id_name": "object115390654901805", "shape": "CVSphere", "id_string": "ob814", "world_size": [0.09, 0.09, 0.09], "id": 814, "camera_size": [47, 61], "camera_position": [245, 252], "world_position": [0.7078590423205096, 0.9469181044233391, -0.17152286194172064], "world_orientation": [0.9144747797846492, -0.4046429006113149, -1.107606567551533e-05, 0.4046429007207546, 0.9144747789517215, 3.9465095383476246e-05, -5.840487958600409e-06, -4.057168575349871e-05, 0.9999999991599136], "world_rotation": [9.88980414732944e-05, 6.469380387724049e-06, -0.9999999950886622, -0.416588302394712]}], "source": "action wait"}
{"timestamp": 1706068399.668298, "objects": [{"color": "cv_", "id_name": "hand", "shape": "CVCylinder", "id_string": "ob383", "world_size": [0.12, 0.005, 0.12], "id": 383, "camera_size": [66, 60], "camera_position": [242, 274], "world_position": [0.6669691088214704, 1.0565170542987925, -0.17411397664276687], "world_orientation": [0.00037688071068136045, 0.49354090823357916, 0.869722501641129, -0.0006558714851583227, -0.8697222543491471, 0.493541052114647, 0.9999997138967215, -0.000756432291298504, -4.082132844473928e-06], "world_rotation": [0.0, 1.0, 0.0, 0.0]}, {"color": "CVRed", "id_name": "object115390654901805", "shape": "CVSphere", "id_string": "ob814", "world_size": [0.09, 0.09, 0.09], "id": 814, "camera_size": [50, 67], "camera_position": [243, 262], "world_position": [0.689252587490963, 1.0157855827633278, -0.1724551265708714], "world_orientation": [0.8692988293742164, -0.49428690566197636, -1.1820556671634172e-05, 0.49428690574199835, 0.8692988286411149, 3.6540204184847326e-05, -7.78574839024748e-06, -3.760710310435261e-05, 0.999999999262544], "world_rotation": [7.500432059262713e-05, 4.081443614487054e-06, -0.9999999971788469, -0.5170143320045151]}], "source": "action wait"}
{"timestamp": 1706068399.700934, "objects": [{"color": "cv_", "id_name": "hand", "shape": "CVCylinder", "id_string": "ob383", "world_size": [0.12, 0.005, 0.12], "id": 383, "camera_size": [70, 60], "camera_position": [241, 288], "world_position": [0.6437815091841782, 1.1065783386583974, -0.174113482620416], "world_orientation": [0.00043734952343493175, 0.5603891884333085, 0.8282292956738806, -0.000635281557704133, -0.8282290520553428, 0.5603893590610471, 0.9999997025713242, -0.0007712448162153598, -6.220664662389405e-06], "world_rotation": [0.0, 1.0, 0.0, 0.0]}, {"color": "CVRed", "id_name": "object115390654901805", "shape": "CVSphere", "id_string": "ob814", "world_size": [0.09, 0.09, 0.09], "id": 814, "camera_size": [52, 72], "camera_position": [242, 273], "world_position": [0.6691592128313208, 1.0681138070268341, -0.17305152034154106], "world_orientation": [0.8277607020108458, -0.5610812955186342, -5.063885883468722e-06, 0.5610812954543261, 0.8277607016894667, 2.509695328321523e-05, -9.889745329541584e-06, -2.3615523319577143e-05, 0.9999999996722501], "world_rotation": [-4.340946396565385e-05, 4.300499304024332e-06, 0.9999999990485622, 0.5956915131561232]}], "source": "action wait"}
{"timestamp": 1706068399.732145, "objects": [{"color": "cv_", "id_name": "hand", "shape": "CVCylinder", "id_string": "ob383", "world_size": [0.12, 0.005, 0.12], "id": 383, "camera_size": [72, 61], "camera_position": [241, 301], "world_position": [0.6247103749501645, 1.1404610229272096, -0.1741145808932497], "world_orientation": [0.0004790654327607125, 0.6054855625884545, 0.7958561452883641, -0.0006134899758380427, -0.7958559088927436, 0.6054857520293561, 0.9999996970631344, -0.0007783170611699701, -9.807732245691652e-06], "world_rotation": [0.0, 1.0, 0.0, 0.0]}, {"color": "CVRed", "id_name": "object115390654901805", "shape": "CVSphere", "id_string": "ob814", "world_size": [0.09, 0.09, 0.09], "id": 814, "camera_size": [53, 76], "camera_position": [242, 284], "world_position": [0.6521220981681408, 1.1038013237529076, -0.173434495518892], "world_orientation": [0.7953584579302655, -0.6061393597174385, 3.5206525111976266e-07, 0.6061393595683336, 0.7953584577472341, 2.1726291055728725e-05, -1.3449178224711129e-05, -1.706678874478852e-05, 0.9999999997639222], "world_rotation": [-3.200013261059014e-05, 1.1384546514188903e-05, 0.999999999423192, 0.65119759813945]}], "source": "action wait"}
{"timestamp": 1706068399.758118, "objects": [{"color": "cv_", "id_name": "hand", "shape": "CVCylinder", "id_string": "ob383", "world_size": [0.12, 0.005, 0.12], "id": 383, "camera_size": [75, 61], "camera_position": [241, 311], "world_position": [0.6100016836943164, 1.1635675568118053, -0.17411624127777744], "world_orientation": [0.0005068752245341213, 0.6361795103608139, 0.7715409086202636, -0.0005938101797602087, -0.7715406802243644, 0.636179712147751, 0.9999996952334421, -0.0007806125800791468, -1.3304986118303005e-05], "world_rotation": [0.0, 1.0, 0.0, 0.0]}, {"color": "CVRed", "id_name": "object115390654901805", "shape": "CVSphere", "id_string": "ob814", "world_size": [0.09, 0.09, 0.09], "id": 814, "camera_size": [56, 78], "camera_position": [241, 293], "world_position": [0.638768895185836, 1.1282679200721333, -0.17368044515116154], "world_orientation": [0.7710237855925124, -0.6368063457903138, 3.4320674470591008e-06, 0.6368063455745904, 0.7710237854521858, 2.2425824145683592e-05, -1.6927112760507683e-05, -1.5105281499109714e-05, 0.9999999997426516], "world_rotation": [-2.9468225213334862e-05, 1.5985377920745547e-05, 0.9999999994380455, 0.690349048934939]}], "source": "action wait"}
