{"timestamp": 1706069082.991589, "objects": [{"color": "cv_", "id_name": "hand", "shape": "CVCylinder", "id_string": "ob383", "world_size": [0.12, 0.005, 0.12], "id": 383, "camera_size": [48, 50], "camera_position": [246, 426], "world_position": [0.2676445155400115, 0.6334703013849838, -0.17389260400847814], "world_orientation": [-0.0006415513927988428, 0.1979154748669202, 0.9802188802609405, -0.0007473675738998117, -0.9802189031248653, 0.19791499033270776, 0.9999995149266424, -0.0006056111687279801, 0.0007767764108364602], "world_rotation": [0.0, 1.0, 0.0, 0.0]}, {"color": "CVRed", "id_name": "object50505387334451", "shape": "CVBox", "id_string": "ob1052", "world_size": [0.1, 0.1, 0.1], "id": 1052, "camera_size": [41, 41], "camera_position": [256, 254], "world_position": [0.705, 0.6498037932383656, -0.15], "world_orientation": [1.0, 2.1316282072802963e-17, -9.624447840080312e-18, -2.1316282072802963e-17, 1.0, -1.5774048733874193e-16, 9.624447840080312e-18, 1.5774048733874193e-16, 1.0], "world_rotation": [-0.9891858493133231, 0.06035462278252622, 0.13367376342071935, -1.5946496550495827e-16]}], "source": "manual check"}
{"timestamp": 1706069084.009986, "objects": [{"color": "cv_", "id_name": "hand", "shape": "CVCylinder", "id_string": "ob383", "world_size": [0.12, 0.005, 0.12], "id": 383, "camera_size": [48, 50], "camera_position": [246, 426], "world_position": [0.2676445155400115, 0.6334703013849838, -0.17389260400847814], "world_orientation": [-0.0006415513927988428, 0.1979154748669202, 0.9802188802609405, -0.0007473675738998117, -0.9802189031248653, 0.19791499033270776, 0.9999995149266424, -0.0006056111687279801, 0.0007767764108364602], "world_rotation": [0.0, 1.0, 0.0, 0.0]}, {"color": "CVRed", "id_name": "object50505387334451", "shape": "CVBox", "id_string": "ob1052", "world_size": [0.1, 0.1, 0.1], "id": 1052, "camera_size": [41, 41], "camera_position": [256, 254], "world_position": [0.705, 0.6498037994254439, -0.15], "world_orientation": [1.0, 8.100187187665134e-17, -1.2653630886983698e-17, -8.100187187665134e-17, 1.0, -1.9397816686250694e-16, 1.2653630886983698e-17, 1.9397816686250694e-16, 1.0], "world_rotation": [-0.9211093596285536, 0.06008602943210125, 0.38463907325148433, -2.1059189642881336e-16]}], "source": "manual check"}
{"timestamp": 1706069085.947108, "objects": [{"color": "cv_", "id_name": "hand", "shape": "CVCylinder", "id_string": "ob383", "world_size": [0.12, 0.005, 0.12], "id": 383, "camera_size": [48, 50], "camera_position": [246, 426], "world_position": [0.2676445155400115, 0.6334703013849838, -0.17389260400847814], "world_orientation": [-0.0006415513927988428, 0.1979154748669202, 0.9802188802609405, -0.0007473675738998117, -0.9802189031248653, 0.19791499033270776, 0.9999995149266424, -0.0006056111687279801, 0.0007767764108364602], "world_rotation": [0.0, 1.0, 0.0, 0.0]}, {"color": "CVRed", "id_name": "object50505387334451", "shape": "CVBox", "id_string": "ob1052", "world_size": [0.1, 0.1, 0.1], "id": 1052, "camera_size": [41, 41], "camera_position": [256, 254], "world_position": [0.705, 0.6498037994254439, -0.15], "world_orientation": [1.0, 8.100187187665134e-17, -1.2653630886983698e-17, -8.100187187665134e-17, 1.0, -1.9397816686250694e-16, 1.2653630886983698e-17, 1.9397816686250694e-16, 1.0], "world_rotation": [-0.9211093596285536, 0.06008602943210125, 0.38463907325148433, -2.1059189642881336e-16]}], "source": "action wait"}
{"timestamp": 1706069085.97804, "objects": [{"color": "cv_", "id_name": "hand", "shape": "CVCylinder", "id_string": "ob383", "world_size": [0.12, 0.005, 0.12], "id": 383, "camera_size": [49, 51], "camera_position": [246, 421], "world_position": [0.2909522026612056, 0.6676154901516614, -0.17395618131796006], "world_orientation": [-0.00038392602726218473, 0.196737963688727, 0.9804560297353567, -0.0007155711232243077, -0.9804559050262589, 0.19673765846199232, 0.9999996702793323, -0.0006260533148438845, 0.0005172025461805154], "world_rotation": [0.0, 1.0, 0.0, 0.0]}, {"color": "CVRed", "id_name": "object50505387334451", "shape": "CVBox", "id_string": "ob1052", "world_size": [0.1, 0.1, 0.1], "id": 1052, "camera_size": [41, 41], "camera_position": [256, 254], "world_position": [0.705, 0.6498037994254439, -0.15], "world_orientation": [1.0, 8.100187187665134e-17, -1.2653630886983698e-17, -8.100187187665134e-17, 1.0, -1.9397816686250694e-16, 1.2653630886983698e-17, 1.9397816686250694e-16, 1.0], "world_rotation": [-0.9211093596285536, 0.06008602943210125, 0.38463907325148433, -2.1059189642881336e-16]}], "source": "action wait"}
{"timestamp": 1706069086.007228, "objects": [{"color": "cv_", "id_name": "hand", "shape": "CVCylinder", "id_string": "ob383", "world_size": [0.12, 0.005, 0.12], "id": 383, "camera_size": [51, 52], "camera_position": [246, 406], "world_position": [0.336887506291416, 0.7054755725053995, -0.1739840252461228], "world_orientation": [-0.00022519535731801058, 0.18403138485225778, 0.9829203419791511, -0.0007320544463466935, -0.9829201338657051, 0.18403117816748446, 0.9999997066916264, -0.0006781082398256576, 0.0003560700443098142], "world_rotation": [0.0, 1.0, 0.0, 0.0]}, {"color": "CVRed", "id_name": "object50505387334451", "shape": "CVBox", "id_string": "ob1052", "world_size": [0.1, 0.1, 0.1], "id": 1052, "camera_size": [41, 41], "camera_position": [256, 254], "world_position": [0.705, 0.6498037994254439, -0.15], "world_orientation": [1.0, 8.100187187665134e-17, -1.2653630886983698e-17, -8.100187187665134e-17, 1.0, -1.9397816686250694e-16, 1.2653630886983698e-17, 1.9397816686250694e-16, 1.0], "world_rotation": [-0.9211093596285536, 0.06008602943210125, 0.38463907325148433, -2.1059189642881336e-16]}], "source": "action wait"}
{"timestamp": 1706069086.047559, "objects": [{"color": "cv_", "id_name": "hand", "shape": "CVCylinder", "id_string": "ob383", "world_size": [0.12, 0.005, 0.12], "id": 383, "camera_size": [51, 52], "camera_position": [246, 388], "world_position": [0.38737664816288314, 0.7385745759269902, -0.17400454713119914], "world_orientation": [-0.00012229559698843738, 0.17498203986233835, 0.9845716178975513, -0.0007433308061810124, -0.9845713691592324, 0.17498190332496477, 0.9999997162515096, -0.000710462898145729, 0.00025047828412754386], "world_rotation": [0.0, 1.0, 0.0, 0.0]}, {"color": "CVRed", "id_name": "object50505387334451", "shape": "CVBox", "id_string": "ob1052", "world_size": [0.1, 0.1, 0.1], "id": 1052, "camera_size": [41, 41], "camera_position": [256, 254], "world_position": [0.705, 0.6498037994254439, -0.15], "world_orientation": [1.0, 8.100187187665134e-17, -1.2653630886983698e-17, -8.100187187665134e-17, 1.0, -1.9397816686250694e-16, 1.2653630886983698e-17, 1.9397816686250694e-16, 1.0], "world_rotation": [-0.9211093596285536, 0.06008602943210125, 0.38463907325148433, -2.1059189642881336e-16]}], "source": "action wait"}
{"timestamp": 1706069086.080904, "objects": [{"color": "cv_", "id_name": "hand", "shape": "CVCylinder", "id_string": "ob383", "world_size": [0.12, 0.005, 0.12], "id": 383, "camera_size": [52, 53], "camera_position": [245, 368], "world_position": [0.44144004596497405, 0.7664708514240912, -0.17402305239049107], "world_orientation": [-4.9870818513420164e-05, 0.16858810524976095, 0.9856865872482983, -0.0007507254886278011, -0.9856863170248872, 0.1685880210488109, 0.999999716962031, -0.00073157242224488, 0.00017572037111839196], "world_rotation": [0.0, 1.0, 0.0, 0.0]}, {"color": "CVRed", "id_name": "object50505387334451", "shape": "CVBox", "id_string": "ob1052", "world_size": [0.1, 0.1, 0.1], "id": 1052, "camera_size": [41, 41], "camera_position": [256, 254], "world_position": [0.705, 0.6498037994254439, -0.15], "world_orientation": [1.0, 8.100187187665134e-17, -1.2653630886983698e-17, -8.100187187665134e-17, 1.0, -1.9397816686250694e-16, 1.2653630886983698e-17, 1.9397816686250694e-16, 1.0], "world_rotation": [-0.9211093596285536, 0.06008602943210125, 0.38463907325148433, -2.1059189642881336e-16]}], "source": "action wait"}
{"timestamp": 1706069086.110312, "objects": [{"color": "cv_", "id_name": "hand", "shape": "CVCylinder", "id_string": "ob383", "world_size": [0.12, 0.005, 0.12], "id": 383, "camera_size": [52, 53], "camera_position": [245, 344], "world_position": [0.4986344011675837, 0.780579388800225, -0.1740382540211032], "world_orientation": [-6.892688758238177e-06, 0.15223250741777583, 0.9883447089137412, -0.0007644385216011388, -0.9883444209616481, 0.15223245773399124, 0.9999997077930761, -0.0007544794771645908, 0.000123184743390124], "world_rotation": [0.0, 1.0, 0.0, 0.0]}, {"color": "CVRed", "id_name": "object50505387334451", "shape": "CVBox", "id_string": "ob1052", "world_size": [0.1, 0.1, 0.1], "id": 1052, "camera_size": [41, 41], "camera_position": [256, 254], "world_position": [0.705, 0.6498037994254439, -0.15], "world_orientation": [1.0, 8.100187187665134e-17, -1.2653630886983698e-17, -8.100187187665134e-17, 1.0, -1.9397816686250694e-16, 1.2653630886983698e-17, 1.9397816686250694e-16, 1.0], "world_rotation": [-0.9211093596285536, 0.06008602943210125, 0.38463907325148433, -2.1059189642881336e-16]}], "source": "action wait"}
{"timestamp": 1706069086.148177, "objects": [{"color": "cv_", "id_name": "hand", "shape": "CVCylinder", "id_string": "ob383", "world_size": [0.12, 0.005, 0.12], "id": 383, "camera_size": [52, 53], "camera_position": [245, 318], "world_position": [0.5572675574257336, 0.7715352689998287, -0.17405011907116985], "world_orientation": [-8.634111963402487e-07, 0.1127231846729758, 0.9936264306249288, -0.000777022813170267, -0.9936261307427201, 0.1127231499772729, 0.9999996981173558, -0.0007719730779350625, 8.844639399076966e-05], "world_rotation": [0.0, 1.0, 0.0, 0.0]}, {"color": "CVRed", "id_name": "object50505387334451", "shape": "CVBox", "id_string": "ob1052", "world_size": [0.1, 0.1, 0.1], "id": 1052, "camera_size": [41, 41], "camera_position": [256, 254], "world_position": [0.705, 0.6498037994254439, -0.15], "world_orientation": [1.0, 8.100187187665134e-17, -1.2653630886983698e-17, -8.100187187665134e-17, 1.0, -1.9397816686250694e-16, 1.2653630886983698e-17, 1.9397816686250694e-16, 1.0], "world_rotation": [-0.9211093596285536, 0.06008602943210125, 0.38463907325148433, -2.1059189642881336e-16]}], "source": "action wait"}
{"timestamp": 1706069086.182578, "objects": [{"color": "cv_", "id_name": "hand", "shape": "CVCylinder", "id_string": "ob383", "world_size": [0.12, 0.005, 0.12], "id": 383, "camera_size": [52, 52], "camera_position": [245, 297], "world_position": [0.6025448368819929, 0.7575437476160053, -0.1740557482485874], "world_orientation": [-1.5589893734610644e-05, 0.07904404809044949, 0.9968711241772579, -0.0007751661064837313, -0.9968708257523802, 0.07904401230501397, 0.9999996994371861, -0.0007715084202426813, 7.681337723999158e-05], "world_rotation": [0.0, 1.0, 0.0, 0.0]}, {"color": "CVRed", "id_name": "object50505387334451", "shape": "CVBox", "id_string": "ob1052", "world_size": [0.1, 0.1, 0.1], "id": 1052, "camera_size": [41, 41], "camera_position": [256, 254], "world_position": [0.705, 0.6498037994254439, -0.15], "world_orientation": [1.0, 8.100187187665134e-17, -1.2653630886983698e-17, -8.100187187665134e-17, 1.0, -1.9397816686250694e-16, 1.2653630886983698e-17, 1.9397816686250694e-16, 1.0], "world_rotation": [-0.9211093596285536, 0.06008602943210125, 0.38463907325148433, -2.1059189642881336e-16]}], "source": "action wait"}
{"timestamp": 1706069086.213901, "objects": [{"color": "cv_", "id_name": "hand", "shape": "CVCylinder", "id_string": "ob383", "world_size": [0.12, 0.005, 0.12], "id": 383, "camera_size": [51, 51], "camera_position": [246, 284], "world_position": [0.6343029954440361, 0.7452184062200984, -0.17406344018417477], "world_orientation": [-2.2132507268391955e-05, 0.05524353843269609, 0.9984729094830702, -0.0007712724172428494, -0.9984726136942264, 0.05524350497098266, 0.9999997023244611, -0.0007688719371735525, 6.47065198042953e-05], "world_rotation": [0.0, 1.0, 0.0, 0.0]}, {"color": "CVRed", "id_name": "object50505387334451", "shape": "CVBox", "id_string": "ob1052", "world_size": [0.1, 0.1, 0.1], "id": 1052, "camera_size": [41, 41], "camera_position": [256, 254], "world_position": [0.705, 0.6498037994254439, -0.15], "world_orientation": [1.0, 8.100187187665134e-17, -1.2653630886983698e-17, -8.100187187665134e-17, 1.0, -1.9397816686250694e-16, 1.2653630886983698e-17, 1.9397816686250694e-16, 1.0], "world_rotation": [-0.9211093596285536, 0.06008602943210125, 0.38463907325148433, -2.1059189642881336e-16]}], "source": "action wait"}
{"timestamp": 1706069086.235702, "objects": [{"color": "cv_", "id_name": "hand", "shape": "CVCylinder", "id_string": "ob383", "world_size": [0.12, 0.005, 0.12], "id": 383, "camera_size": [51, 51], "camera_position": [246, 274], "world_position": [0.6565155181623472, 0.7353391241401476, -0.17407132336973546], "world_orientation": [-2.3691662166622e-05, 0.038448086260567636, 0.9992605986936566, -0.0007677776756324311, -0.9992603051500736, 0.03844805676263884, 0.9999997049780296, -0.0007662990814446539, 5.3193719868162974e-05], "world_rotation": [0.0, 1.0, 0.0, 0.0]}, {"color": "CVRed", "id_name": "object50505387334451", "shape": "CVBox", "id_string": "ob1052", "world_size": [0.1, 0.1, 0.1], "id": 1052, "camera_size": [41, 41], "camera_position": [256, 254], "world_position": [0.705, 0.6498037994254439, -0.15], "world_orientation": [1.0, 8.100187187665134e-17, -1.2653630886983698e-17, -8.100187187665134e-17, 1.0, -1.9397816686250694e-16, 1.2653630886983698e-17, 1.9397816686250694e-16, 1.0], "world_rotation": [-0.9211093596285536, 0.06008602943210125, 0.38463907325148433, -2.1059189642881336e-16]}], "source": "action wait"}
{"timestamp": 1706069086.271401, "objects": [{"color": "cv_", "id_name": "hand", "shape": "CVCylinder", "id_string": "ob383", "world_size": [0.12, 0.005, 0.12], "id": 383, "camera_size": [51, 51], "camera_position": [246, 268], "world_position": [0.6720517874428653, 0.7278067962979369, -0.17407843513923282], "world_orientation": [-2.2657277695070836e-05, 0.02660372065004077, 0.9996460581296873, -0.0007652760949246283, -0.9996457661274054, 0.0266036955337313, 0.9999997069195303, -0.0007644024643552153, 4.300844316975315e-05], "world_rotation": [0.0, 1.0, 0.0, 0.0]}, {"color": "CVRed", "id_name": "object50505387334451", "shape": "CVBox", "id_string": "ob1052", "world_size": [0.1, 0.1, 0.1], "id": 1052, "camera_size": [41, 41], "camera_position": [256, 254], "world_position": [0.705, 0.6498037994254439, -0.15], "world_orientation": [1.0, 8.100187187665134e-17, -1.2653630886983698e-17, -8.100187187665134e-17, 1.0, -1.9397816686250694e-16, 1.2653630886983698e-17, 1.9397816686250694e-16, 1.0], "world_rotation": [-0.9211093596285536, 0.06008602943210125, 0.38463907325148433, -2.1059189642881336e-16]}], "source": "action wait"}
{"timestamp": 1706069086.307517, "objects": [{"color": "cv_", "id_name": "hand", "shape": "CVCylinder", "id_string": "ob383", "world_size": [0.12, 0.005, 0.12], "id": 383, "camera_size": [51, 51], "camera_position": [246, 263], "world_position": [0.6829290599333971, 0.7222302900627497, -0.17408444552967958], "world_orientation": [-2.045823208717725e-05, 0.018253579552567352, 0.9998333893279315, -0.000763708278121894, -0.9998330982457405, 0.01825355861166559, 0.9999997081655209, -0.0007632076006342787, 3.4395227382375954e-05], "world_rotation": [0.0, 1.0, 0.0, 0.0]}, {"color": "CVRed", "id_name": "object50505387334451", "shape": "CVBox", "id_string": "ob1052", "world_size": [0.1, 0.1, 0.1], "id": 1052, "camera_size": [41, 41], "camera_position": [256, 254], "world_position": [0.705, 0.6498037994254439, -0.15], "world_orientation": [1.0, 8.100187187665134e-17, -1.2653630886983698e-17, -8.100187187665134e-17, 1.0, -1.9397816686250694e-16, 1.2653630886983698e-17, 1.9397816686250694e-16, 1.0], "world_rotation": [-0.9211093596285536, 0.06008602943210125, 0.38463907325148433, -2.1059189642881336e-16]}], "source": "action wait"}
{"timestamp": 1706069086.338822, "objects": [{"color": "cv_", "id_name": "hand", "shape": "CVCylinder", "id_string": "ob383", "world_size": [0.12, 0.005, 0.12], "id": 383, "camera_size": [51, 51], "camera_position": [246, 260], "world_position": [0.6905536799891938, 0.7181766531932297, -0.1740893316588647], "world_orientation": [-1.788903365803286e-05, 0.012367681065385546, 0.9999235171477103, -0.000762836621640069, -0.9999232265388366, 0.012367663823499337, 0.9999997088800934, -0.0007625570321653633, 2.7322180296811152e-05], "world_rotation": [0.0, 1.0, 0.0, 0.0]}, {"color": "CVRed", "id_name": "object50505387334451", "shape": "CVBox", "id_string": "ob1052", "world_size": [0.1, 0.1, 0.1], "id": 1052, "camera_size": [41, 41], "camera_position": [256, 254], "world_position": [0.705, 0.6498037994254439, -0.15], "world_orientation": [1.0, 8.100187187665134e-17, -1.2653630886983698e-17, -8.100187187665134e-17, 1.0, -1.9397816686250694e-16, 1.2653630886983698e-17, 1.9397816686250694e-16, 1.0], "world_rotation": [-0.9211093596285536, 0.06008602943210125, 0.38463907325148433, -2.1059189642881336e-16]}], "source": "action wait"}
{"timestamp": 1706069086.376875, "objects": [{"color": "cv_", "id_name": "hand", "shape": "CVCylinder", "id_string": "ob383", "world_size": [0.12, 0.005, 0.12], "id": 383, "camera_size": [50, 50], "camera_position": [245, 257], "world_position": [0.6959043916650045, 0.7152645236825071, -0.17409320494119437], "world_orientation": [-1.5393412148154845e-05, 0.00821902891657511, 0.999966223092916, -0.0007624249541460721, -0.9999659326717212, 0.008219014792796691, 0.9999997092355738, -0.0007622726831074192, 2.165928048094196e-05], "world_rotation": [0.0, 1.0, 0.0, 0.0]}, {"color": "CVRed", "id_name": "object50505387334451", "shape": "CVBox", "id_string": "ob1052", "world_size": [0.1, 0.1, 0.1], "id": 1052, "camera_size": [41, 41], "camera_position": [256, 254], "world_position": [0.705, 0.6498037994254439, -0.15], "world_orientation": [1.0, 8.100187187665134e-17, -1.2653630886983698e-17, -8.100187187665134e-17, 1.0, -1.9397816686250694e-16, 1.2653630886983698e-17, 1.9397816686250694e-16, 1.0], "world_rotation": [-0.9211093596285536, 0.06008602943210125, 0.38463907325148433, -2.1059189642881336e-16]}], "source": "action wait"}
{"timestamp": 1706069086.412885, "objects": [{"color": "cv_", "id_name": "hand", "shape": "CVCylinder", "id_string": "ob383", "world_size": [0.12, 0.005, 0.12], "id": 383, "camera_size": [50, 50], "camera_position": [245, 256], "world_position": [0.6996629955600194, 0.7131885477532389, -0.17409622253996365], "world_orientation": [-1.31518497492842e-05, 0.005294902667915455, 0.9999859818181285, -0.0007622901438095597, -0.999985691418596, 0.00529489110459101, 0.9999997093703406, -0.0007622098202758157, 1.718791368152079e-05], "world_rotation": [0.0, 1.0, 0.0, 0.0]}, {"color": "CVRed", "id_name": "object50505387334451", "shape": "CVBox", "id_string": "ob1052", "world_size": [0.1, 0.1, 0.1], "id": 1052, "camera_size": [41, 41], "camera_position": [256, 254], "world_position": [0.705, 0.6498037994254439, -0.15], "world_orientation": [1.0, 8.100187187665134e-17, -1.2653630886983698e-17, -8.100187187665134e-17, 1.0, -1.9397816686250694e-16, 1.2653630886983698e-17, 1.9397816686250694e-16, 1.0], "world_rotation": [-0.9211093596285536, 0.06008602943210125, 0.38463907325148433, -2.1059189642881336e-16]}], "source": "action wait"}
{"timestamp": 1706069086.442003, "objects": [{"color": "cv_", "id_name": "hand", "shape": "CVCylinder", "id_string": "ob383", "world_size": [0.12, 0.005, 0.12], "id": 383, "camera_size": [49, 50], "camera_position": [246, 255], "world_position": [0.7023053058766476, 0.7117161738504051, -0.17409854441181555], "world_orientation": [-1.1243739806204201e-05, 0.0032338463230118797, 0.9999947710420978, -0.0007623069539653085, -0.9999944805785571, 0.003233836812467051, 0.999999709380801, -0.0007622666074750018, 1.3708861287718032e-05], "world_rotation": [0.0, 1.0, 0.0, 0.0]}, {"color": "CVRed", "id_name": "object50505387334451", "shape": "CVBox", "id_string": "ob1052", "world_size": [0.1, 0.1, 0.1], "id": 1052, "camera_size": [41, 41], "camera_position": [256, 254], "world_position": [0.705, 0.6498037994254439, -0.15], "world_orientation": [1.0, 8.100187187665134e-17, -1.2653630886983698e-17, -8.100187187665134e-17, 1.0, -1.9397816686250694e-16, 1.2653630886983698e-17, 1.9397816686250694e-16, 1.0], "world_rotation": [-0.9211093596285536, 0.06008602943210125, 0.38463907325148433, -2.1059189642881336e-16]}], "source": "action wait"}
{"timestamp": 1706069086.474756, "objects": [{"color": "cv_", "id_name": "hand", "shape": "CVCylinder", "id_string": "ob383", "world_size": [0.12, 0.005, 0.12], "id": 383, "camera_size": [49, 50], "camera_position": [246, 254], "world_position": [0.7041640197281934, 0.7106754109951294, -0.17410031451848618], "world_orientation": [-9.672302951712765e-06, 0.0017810893175105012, 0.9999984138123869, -0.0007623962138230252, -0.9999981232487227, 0.001781081425851347, 0.9999997093291877, -0.0007623777773608425, 1.103018055172192e-05], "world_rotation": [0.0, 1.0, 0.0, 0.0]}, {"color": "CVRed", "id_name": "object50505387334451", "shape": "CVBox", "id_string": "ob1052", "world_size": [0.1, 0.1, 0.1], "id": 1052, "camera_size": [41, 41], "camera_position": [256, 254], "world_position": [0.705, 0.6498037994254439, -0.15], "world_orientation": [1.0, 8.100187187665134e-17, -1.2653630886983698e-17, -8.100187187665134e-17, 1.0, -1.9397816686250694e-16, 1.2653630886983698e-17, 1.9397816686250694e-16, 1.0], "world_rotation": [-0.9211093596285536, 0.06008602943210125, 0.38463907325148433, -2.1059189642881336e-16]}], "source": "action wait"}
{"timestamp": 1706069086.504155, "objects": [{"color": "cv_", "id_name": "hand", "shape": "CVCylinder", "id_string": "ob383", "world_size": [0.12, 0.005, 0.12], "id": 383, "camera_size": [49, 50], "camera_position": [246, 253], "world_position": [0.7054721608037257, 0.7099413531683056, -0.1741016544619859], "world_orientation": [-8.408065529963193e-06, 0.0007570715278288712, 0.9999997133859622, -0.0007625113764887707, -0.999999422714405, 0.0007570648965225389, 0.9999997092528105, -0.0007625047924914307, 8.985336329258256e-06], "world_rotation": [0.0, 1.0, 0.0, 0.0]}, {"color": "CVRed", "id_name": "object50505387334451", "shape": "CVBox", "id_string": "ob1052", "world_size": [0.1, 0.1, 0.1], "id": 1052, "camera_size": [41, 41], "camera_position": [256, 254], "world_position": [0.705, 0.6498037994254439, -0.15], "world_orientation": [1.0, 8.100187187665134e-17, -1.2653630886983698e-17, -8.100187187665134e-17, 1.0, -1.9397816686250694e-16, 1.2653630886983698e-17, 1.9397816686250694e-16, 1.0], "world_rotation": [-0.9211093596285536, 0.06008602943210125, 0.38463907325148433, -2.1059189642881336e-16]}], "source": "action wait"}
{"timestamp": 1706069086.534005, "objects": [{"color": "cv_", "id_name": "hand", "shape": "CVCylinder", "id_string": "ob383", "world_size": [0.12, 0.005, 0.12], "id": 383, "camera_size": [49, 50], "camera_position": [246, 253], "world_position": [0.7063931704774418, 0.7094243447380802, -0.17410266314288012], "world_orientation": [-7.408459655606873e-06, 3.524297697451959e-05, 0.9999999993515236, -0.0007626272028204788, -0.999999708578998, 3.5237316834325684e-05, 0.9999997091723898, -0.0007626269412720833, 7.435334749939834e-06], "world_rotation": [0.0, 1.0, 0.0, 0.0]}, {"color": "CVRed", "id_name": "object50505387334451", "shape": "CVBox", "id_string": "ob1052", "world_size": [0.1, 0.1, 0.1], "id": 1052, "camera_size": [41, 41], "camera_position": [256, 254], "world_position": [0.705, 0.6498037994254439, -0.15], "world_orientation": [1.0, 8.100187187665134e-17, -1.2653630886983698e-17, -8.100187187665134e-17, 1.0, -1.9397816686250694e-16, 1.2653630886983698e-17, 1.9397816686250694e-16, 1.0], "world_rotation": [-0.9211093596285536, 0.06008602943210125, 0.38463907325148433, -2.1059189642881336e-16]}], "source": "action wait"}
{"timestamp": 1706069086.56549, "objects": [{"color": "cv_", "id_name": "hand", "shape": "CVCylinder", "id_string": "ob383", "world_size": [0.12, 0.005, 0.12], "id": 383, "camera_size": [49, 49], "camera_position": [246, 253], "world_position": [0.7070418140046828, 0.7090605234054643, -0.17410341904590723], "world_orientation": [-6.6284299775301864e-06, -0.0004735867956263769, 0.9999998878357993, -0.0007627315422723025, -0.9999995969756605, -0.00047359171359168253, 0.9999997090982871, -0.0007627345958910316, 6.267207719447965e-06], "world_rotation": [0.0, 1.0, 0.0, 0.0]}, {"color": "CVRed", "id_name": "object50505387334451", "shape": "CVBox", "id_string": "ob1052", "world_size": [0.1, 0.1, 0.1], "id": 1052, "camera_size": [41, 41], "camera_position": [256, 254], "world_position": [0.705, 0.6498037994254439, -0.15], "world_orientation": [1.0, 8.100187187665134e-17, -1.2653630886983698e-17, -8.100187187665134e-17, 1.0, -1.9397816686250694e-16, 1.2653630886983698e-17, 1.9397816686250694e-16, 1.0], "world_rotation": [-0.9211093596285536, 0.06008602943210125, 0.38463907325148433, -2.1059189642881336e-16]}], "source": "action wait"}
{"timestamp": 1706069086.607168, "objects": [{"color": "cv_", "id_name": "hand", "shape": "CVCylinder", "id_string": "ob383", "world_size": [0.12, 0.005, 0.12], "id": 383, "camera_size": [49, 50], "camera_position": [246, 252], "world_position": [0.7074987478820468, 0.7088046287100913, -0.1741039834105267], "world_orientation": [-6.0259401173218004e-06, -0.0008322793514376996, 0.9999996536373246, -0.0007628198190292817, -0.9999993627046753, -0.0008322837060081714, 0.9999997090347635, -0.0007628245701091319, 5.391057093136938e-06], "world_rotation": [0.0, 1.0, 0.0, 0.0]}, {"color": "CVRed", "id_name": "object50505387334451", "shape": "CVBox", "id_string": "ob1052", "world_size": [0.1, 0.1, 0.1], "id": 1052, "camera_size": [41, 41], "camera_position": [256, 254], "world_position": [0.705, 0.6498037994254439, -0.15], "world_orientation": [1.0, 8.100187187665134e-17, -1.2653630886983698e-17, -8.100187187665134e-17, 1.0, -1.9397816686250694e-16, 1.2653630886983698e-17, 1.9397816686250694e-16, 1.0], "world_rotation": [-0.9211093596285536, 0.06008602943210125, 0.38463907325148433, -2.1059189642881336e-16]}], "source": "action wait"}
{"timestamp": 1706069086.643985, "objects": [{"color": "cv_", "id_name": "hand", "shape": "CVCylinder", "id_string": "ob383", "world_size": [0.12, 0.005, 0.12], "id": 383, "camera_size": [49, 50], "camera_position": [246, 252], "world_position": [0.7078206957193912, 0.7086246899226507, -0.1741044034431745], "world_orientation": [-5.564426223160535e-06, -0.0010851409614801761, 0.9999994112188922, -0.0007628915382568674, -0.9999991202281466, -0.001085144890769834, 0.9999997089827268, -0.0007628971272898152, 4.736576470769788e-06], "world_rotation": [0.0, 1.0, 0.0, 0.0]}, {"color": "CVRed", "id_name": "object50505387334451", "shape": "CVBox", "id_string": "ob1052", "world_size": [0.1, 0.1, 0.1], "id": 1052, "camera_size": [41, 41], "camera_position": [256, 254], "world_position": [0.705, 0.6498037994254439, -0.15], "world_orientation": [1.0, 8.100187187665134e-17, -1.2653630886983698e-17, -8.100187187665134e-17, 1.0, -1.9397816686250694e-16, 1.2653630886983698e-17, 1.9397816686250694e-16, 1.0], "world_rotation": [-0.9211093596285536, 0.06008602943210125, 0.38463907325148433, -2.1059189642881336e-16]}], "source": "action wait"}
{"timestamp": 1706069087.694129, "objects": [{"color": "cv_", "id_name": "hand", "shape": "CVCylinder", "id_string": "ob383", "world_size": [0.12, 0.005, 0.12], "id": 383, "camera_size": [49, 50], "camera_position": [246, 252], "world_position": [0.7085895629416935, 0.7081982034314951, -0.17410558841863377], "world_orientation": [-4.170355120362769e-06, -0.0016894252493776115, 0.9999985729114492, -0.0007631195438352414, -0.9999982817394226, -0.0016894279399472195, 0.9999997088155427, -0.0007631255003109015, 2.8811145293208395e-06], "world_rotation": [0.0, 1.0, 0.0, 0.0]}, {"color": "CVRed", "id_name": "object50505387334451", "shape": "CVBox", "id_string": "ob1052", "world_size": [0.1, 0.1, 0.1], "id": 1052, "camera_size": [41, 41], "camera_position": [256, 254], "world_position": [0.705, 0.6498037994254439, -0.15], "world_orientation": [1.0, 8.100187187665134e-17, -1.2653630886983698e-17, -8.100187187665134e-17, 1.0, -1.9397816686250694e-16, 1.2653630886983698e-17, 1.9397816686250694e-16, 1.0], "world_rotation": [-0.9211093596285536, 0.06008602943210125, 0.38463907325148433, -2.1059189642881336e-16]}], "source": "action wait"}
{"timestamp": 1706069087.725623, "objects": [{"color": "cv_", "id_name": "hand", "shape": "CVCylinder", "id_string": "ob383", "world_size": [0.12, 0.005, 0.12], "id": 383, "camera_size": [51, 51], "camera_position": [246, 251], "world_position": [0.7112132940750286, 0.7302599968810981, -0.1740937437255716], "world_orientation": [1.6527112109321717e-05, 0.030574141280930594, 0.9995325015284837, -0.0007432722493720814, -0.9995322251916945, 0.03057414511810859, 0.9999997236365707, -0.0007434300730559577, 6.205529620200729e-06], "world_rotation": [0.0, 1.0, 0.0, 0.0]}, {"color": "CVRed", "id_name": "object50505387334451", "shape": "CVBox", "id_string": "ob1052", "world_size": [0.1, 0.1, 0.1], "id": 1052, "camera_size": [42, 44], "camera_position": [252, 251], "world_position": [0.7105027764686074, 0.6748555941459535, -0.15866242288434743], "world_orientation": [0.9994897436163173, -0.03194138992062857, -3.965740539910021e-06, 0.031941390030009405, 0.9994897431230365, 3.154041224045104e-05, 2.9562723878976176e-06, -3.165098980910445e-05, 0.9999999994947378], "world_rotation": [0.0009891769082676382, 0.0001083548572248453, -0.9999995048940119, -0.03194683967283875]}], "source": "action wait"}
{"timestamp": 1706069087.758887, "objects": [{"color": "cv_", "id_name": "hand", "shape": "CVCylinder", "id_string": "ob383", "world_size": [0.12, 0.005, 0.12], "id": 383, "camera_size": [52, 52], "camera_position": [245, 249], "world_position": [0.7149165056499127, 0.7830538420724624, -0.17410824035757053], "world_orientation": [7.614968018119422e-05, 0.10655351462916197, 0.9943069660428812, -0.0007258148978710321, -0.9943067011323842, 0.10655354182743078, 0.9999997336969448, -0.0007297968271435365, 1.6219910455039117e-06], "world_rotation": [0.0, 1.0, 0.0, 0.0]}, {"color": "CVRed", "id_name": "object50505387334451", "shape": "CVBox", "id_string": "ob1052", "world_size": [0.1, 0.1, 0.1], "id": 1052, "camera_size": [44, 48], "camera_position": [249, 247], "world_position": [0.7188314914739076, 0.7296389308513019, -0.16423097952405244], "world_orientation": [0.9941824590947278, -0.1077090433242273, -3.8131119117081395e-06, 0.10770904337499325, 0.994182457693334, 5.282126561169689e-05, -1.8983990143690007e-06, -5.292468237462447e-05, 0.9999999985976871], "world_rotation": [0.0004908869856828221, 8.88835610745495e-06, -0.9999998794754751, -0.10791841091464212]}], "source": "action wait"}
{"timestamp": 1706069087.792425, "objects": [{"color": "cv_", "id_name": "hand", "shape": "CVCylinder", "id_string": "ob383", "world_size": [0.12, 0.005, 0.12], "id": 383, "camera_size": [56, 55], "camera_position": [244, 250], "world_position": [0.7136014047713564, 0.8531068327690622, -0.17411344835260598], "world_orientation": [0.00015098524430704074, 0.20571425882800817, 0.9786120890926594, -0.0007192802704216592, -0.9786118247570056, 0.20571431423616748, 0.9999997299196379, -0.0007349561940731722, 2.1026227715413179e-07], "world_rotation": [0.0, 1.0, 0.0, 0.0]}, {"color": "CVRed", "id_name": "object50505387334451", "shape": "CVBox", "id_string": "ob1052", "world_size": [0.1, 0.1, 0.1], "id": 1052, "camera_size": [46, 54], "camera_position": [247, 245], "world_position": [0.7230465085072517, 0.80145254098814, -0.16779120992194857], "world_orientation": [0.9783995708893272, -0.2067227119285547, -7.515619638129773e-06, 0.20672271203647472, 0.9783995695010886, 5.223379664123875e-05, -3.4446330775214238e-06, -5.265917349393714e-05, 0.9999999986075732], "world_rotation": [0.00025370450529691666, 9.846490475944475e-06, -0.9999999677685348, -0.20822413241045765]}], "source": "action wait"}
{"timestamp": 1706069087.825905, "objects": [{"color": "cv_", "id_name": "hand", "shape": "CVCylinder", "id_string": "ob383", "world_size": [0.12, 0.005, 0.12], "id": 383, "camera_size": [59, 57], "camera_position": [244, 254], "world_position": [0.7048188994585384, 0.9226845888439934, -0.17411469961165102], "world_orientation": [0.0002260384483571621, 0.30283383336776465, 0.953043345433147, -0.0007089164824906272, -0.9530430817714244, 0.3028339177256193, 0.9999997231719822, -0.0007440802449784231, -7.404834904710599e-07], "world_rotation": [0.0, 1.0, 0.0, 0.0]}, {"color": "CVRed", "id_name": "object50505387334451", "shape": "CVBox", "id_string": "ob1052", "world_size": [0.1, 0.1, 0.1], "id": 1052, "camera_size": [49, 62], "camera_position": [246, 246], "world_position": [0.7195213855383027, 0.8729436189395275, -0.1700677885086635], "world_orientation": [0.9527563540077923, -0.3037356248430879, -9.947729298008318e-06, 0.3037356249735798, 0.9527563529167112, 4.581218688550052e-05, -4.437030923322691e-06, -4.6669331921551635e-05, 0.9999999989011431], "world_rotation": [0.00015224015582537, 9.071537644392353e-06, -0.9999999883703209, -0.30861108100542134]}], "source": "action wait"}
{"timestamp": 1706069087.855992, "objects": [{"color": "cv_", "id_name": "hand", "shape": "CVCylinder", "id_string": "ob383", "world_size": [0.12, 0.005, 0.12], "id": 383, "camera_size": [62, 59], "camera_position": [243, 262], "world_position": [0.6888354547352822, 0.9909524373254515, -0.17411509412916015], "world_orientation": [0.00029983935576281226, 0.3968930905291156, 0.9178647965722445, -0.0006878585550116349, -0.9178645388302574, 0.39689320378223597, 0.9999997184734449, -0.0007503653551951299, -2.2056042544709305e-06], "world_rotation": [0.0, 1.0, 0.0, 0.0]}, {"color": "CVRed", "id_name": "object50505387334451", "shape": "CVBox", "id_string": "ob1052", "world_size": [0.1, 0.1, 0.1], "id": 1052, "camera_size": [52, 68], "camera_position": [244, 251], "world_position": [0.7085316279687336, 0.9433883560179149, -0.17152429882696002], "world_orientation": [0.9175102729738163, -0.39771208035033256, -1.1442198536781831e-05, 0.39771208047110684, 0.917510272065913, 4.124170590092734e-05, -5.903989958539496e-06, -4.2390389424292644e-05, 0.9999999990840989], "world_rotation": [0.00010514150685913295, 6.9625852724627265e-06, -0.9999999944483929, -0.4090218793339628]}], "source": "action wait"}
{"timestamp": 1706069087.890524, "objects": [{"color": "cv_", "id_name": "hand", "shape": "CVCylinder", "id_string": "ob383", "world_size": [0.12, 0.005, 0.12], "id": 383, "camera_size": [66, 59], "camera_position": [242, 275], "world_position": [0.6659156697048825, 1.0572235276492843, -0.17411531513058603], "world_orientation": [0.00037117695420735964, 0.4869465138017667, 0.8734317116546516, -0.0006573907503231702, -0.8734314642706953, 0.48694665525019315, 0.9999997150324946, -0.0007549293046380721, -4.083496540982199e-06], "world_rotation": [0.0, 1.0, 0.0, 0.0]}, {"color": "CVRed", "id_name": "object50505387334451", "shape": "CVBox", "id_string": "ob1052", "world_size": [0.1, 0.1, 0.1], "id": 1052, "camera_size": [55, 75], "camera_position": [244, 261], "world_position": [0.6903330855017757, 1.0121635591774025, -0.17245638660246806], "world_orientation": [0.8730136939154695, -0.4876956941423022, -1.2293290329096748e-05, 0.4876956942353948, 0.8730136931259783, 3.793147162117923e-05, -7.766804591255414e-06, -3.911007891714159e-05, 0.9999999992050392], "world_rotation": [7.89852680833186e-05, 4.640686577314938e-06, -0.9999999968698957, -0.5094483186101088]}], "source": "action wait"}
{"timestamp": 1706069087.925499, "objects": [{"color": "cv_", "id_name": "hand", "shape": "CVCylinder", "id_string": "ob383", "world_size": [0.12, 0.005, 0.12], "id": 383, "camera_size": [71, 60], "camera_position": [242, 289], "world_position": [0.6420360172367198, 1.1085693732317996, -0.1741145128830717], "world_orientation": [0.00043305635332053073, 0.5559561016598046, 0.831211540758084, -0.0006365206918791791, -0.8312112970646206, 0.555956270288914, 0.999999703651758, -0.0007698437400383894, -6.08377066217103e-06], "world_rotation": [0.0, 1.0, 0.0, 0.0]}, {"color": "CVRed", "id_name": "object50505387334451", "shape": "CVBox", "id_string": "ob1052", "world_size": [0.1, 0.1, 0.1], "id": 1052, "camera_size": [58, 80], "camera_position": [242, 273], "world_position": [0.670002170357683, 1.0659309982085754, -0.17305253314189648], "world_orientation": [0.8307466473545319, -0.5566507054474168, -5.83940278896631e-06, 0.5566507053929441, 0.8307466469983844, 2.620075971471564e-05, -9.733607091047946e-06, -2.5016700972693325e-05, 0.9999999996397108], "world_rotation": [-4.6005026252715236e-05, 3.4978885861622618e-06, 0.9999999989356511, 0.5903486613785677]}], "source": "action wait"}
{"timestamp": 1706069087.956068, "objects": [{"color": "cv_", "id_name": "hand", "shape": "CVCylinder", "id_string": "ob383", "world_size": [0.12, 0.005, 0.12], "id": 383, "camera_size": [73, 62], "camera_position": [241, 302], "world_position": [0.6223117776719725, 1.1432821228001497, -0.17411531427149202], "world_orientation": [0.0004763912955514026, 0.6024834768833208, 0.7981312129806216, -0.0006150133470470359, -0.7981309760849686, 0.602483665149719, 0.9999996974049126, -0.0007778793224672393, -9.687270057781876e-06], "world_rotation": [0.0, 1.0, 0.0, 0.0]}, {"color": "CVRed", "id_name": "object50505387334451", "shape": "CVBox", "id_string": "ob1052", "world_size": [0.1, 0.1, 0.1], "id": 1052, "camera_size": [60, 84], "camera_position": [241, 284], "world_position": [0.6526126562472673, 1.1025977886191483, -0.17343527459618904], "world_orientation": [0.7976359861435198, -0.6031391494579433, 5.817042859467601e-08, 0.6031391493111024, 0.7976359859514471, 2.1989607478997734e-05, -1.3309191978962056e-05, -1.7504617383601623e-05, 0.999999999758227], "world_rotation": [-3.2740558193999474e-05, 1.1081491238972183e-05, 0.9999999994026283, 0.6474308471475644]}], "source": "action wait"}
{"timestamp": 1706069087.988983, "objects": [{"color": "cv_", "id_name": "hand", "shape": "CVCylinder", "id_string": "ob383", "world_size": [0.12, 0.005, 0.12], "id": 383, "camera_size": [75, 62], "camera_position": [241, 312], "world_position": [0.6070728207335979, 1.1669187642595036, -0.17411686120586578], "world_orientation": [0.0005053518885903884, 0.6341281524305818, 0.7732278001432988, -0.0005950881432245263, -0.7732275712646544, 0.6341283536526863, 0.9999996952447388, -0.0007805966570040181, -1.3389868651935548e-05], "world_rotation": [0.0, 1.0, 0.0, 0.0]}, {"color": "CVRed", "id_name": "object50505387334451", "shape": "CVBox", "id_string": "ob1052", "world_size": [0.1, 0.1, 0.1], "id": 1052, "camera_size": [62, 87], "camera_position": [241, 294], "world_position": [0.6389301117894997, 1.1277186079172017, -0.1736811251042735], "world_orientation": [0.7727123378867665, -0.6347563649661914, 3.5319768898263e-06, 0.6347563647485759, 0.7727123377468867, 2.2470296579857712e-05, -1.699236589614838e-05, -1.5121130592268742e-05, 0.9999999997413055], "world_rotation": [-2.9610909974238332e-05, 1.6167102774074474e-05, 0.9999999994309094, 0.6876931810232463]}], "source": "action wait"}
