{"timestamp": 1706068437.829451, "objects": [{"color": "cv_", "id_name": "hand", "shape": "CVCylinder", "id_string": "ob383", "world_size": [0.12, 0.005, 0.12], "id": 383, "camera_size": [48, 50], "camera_position": [246, 426], "world_position": [0.2676445155400089, 0.6334703013849476, -0.17389260400847828], "world_orientation": [-0.0006415509380691572, 0.19791547486687347, 0.9802188802612475, -0.0007473674820855904, -0.9802189031248747, 0.19791499033300788, 0.9999995149270027, -0.0006056111687278043, 0.0007767759469303427], "world_rotation": [0.0, 1.0, 0.0, 0.0]}, {"color": "CVRed", "id_name": "object150465673586203", "shape": "CVBox", "id_string": "ob842", "world_size": [0.1, 0.1, 0.1], "id": 842, "camera_size": [41, 41], "camera_position": [256, 254], "world_position": [0.705, 0.6498037932383656, -0.15], "world_orientation": [1.0, 2.1316282072802963e-17, -9.624447840080312e-18, -2.1316282072802963e-17, 1.0, -1.5774048733874193e-16, 9.624447840080312e-18, 1.5774048733874193e-16, 1.0], "world_rotation": [-0.9891858493133231, 0.06035462278252622, 0.13367376342071935, -1.5946496550495827e-16]}], "source": "manual check"}
{"timestamp": 1706068438.849214, "objects": [{"color": "cv_", "id_name": "hand", "shape": "CVCylinder", "id_string": "ob383", "world_size": [0.12, 0.005, 0.12], "id": 383, "camera_size": [48, 50], "camera_position": [246, 426], "world_position": [0.2676445155400089, 0.6334703013849476, -0.17389260400847828], "world_orientation": [-0.0006415509380691572, 0.19791547486687347, 0.9802188802612475, -0.0007473674820855904, -0.9802189031248747, 0.19791499033300788, 0.9999995149270027, -0.0006056111687278043, 0.0007767759469303427], "world_rotation": [0.0, 1.0, 0.0, 0.0]}, {"color": "CVRed", "id_name": "object150465673586203", "shape": "CVBox", "id_string": "ob842", "world_size": [0.1, 0.1, 0.1], "id": 842, "camera_size": [41, 41], "camera_position": [256, 254], "world_position": [0.705, 0.6498037994254439, -0.15], "world_orientation": [1.0, 8.100187187665134e-17, -1.2653630886983698e-17, -8.100187187665134e-17, 1.0, -1.9397816686250694e-16, 1.2653630886983698e-17, 1.9397816686250694e-16, 1.0], "world_rotation": [-0.9211093596285536, 0.06008602943210125, 0.38463907325148433, -2.1059189642881336e-16]}], "source": "manual check"}
{"timestamp": 1706068439.928929, "objects": [{"color": "cv_", "id_name": "hand", "shape": "CVCylinder", "id_string": "ob383", "world_size": [0.12, 0.005, 0.12], "id": 383, "camera_size": [48, 50], "camera_position": [246, 426], "world_position": [0.2676445155400089, 0.6334703013849476, -0.17389260400847828], "world_orientation": [-0.0006415509380691572, 0.19791547486687347, 0.9802188802612475, -0.0007473674820855904, -0.9802189031248747, 0.19791499033300788, 0.9999995149270027, -0.0006056111687278043, 0.0007767759469303427], "world_rotation": [0.0, 1.0, 0.0, 0.0]}, {"color": "CVRed", "id_name": "object150465673586203", "shape": "CVBox", "id_string": "ob842", "world_size": [0.1, 0.1, 0.1], "id": 842, "camera_size": [41, 41], "camera_position": [256, 254], "world_position": [0.705, 0.6498037994254439, -0.15], "world_orientation": [1.0, 8.100187187665134e-17, -1.2653630886983698e-17, -8.100187187665134e-17, 1.0, -1.9397816686250694e-16, 1.2653630886983698e-17, 1.9397816686250694e-16, 1.0], "world_rotation": [-0.9211093596285536, 0.06008602943210125, 0.38463907325148433, -2.1059189642881336e-16]}], "source": "action wait"}
{"timestamp": 1706068439.963242, "objects": [{"color": "cv_", "id_name": "hand", "shape": "CVCylinder", "id_string": "ob383", "world_size": [0.12, 0.005, 0.12], "id": 383, "camera_size": [49, 51], "camera_position": [246, 421], "world_position": [0.29095378863986904, 0.6676170237837458, -0.17395618006458835], "world_orientation": [-0.0003839158967086724, 0.19675250456452953, 0.9804531118601078, -0.0007155672008810501, -0.9804529871527528, 0.19675219934431637, 0.9999996702860284, -0.0006260437918084639, 0.0005172011267014506], "world_rotation": [0.0, 1.0, 0.0, 0.0]}, {"color": "CVRed", "id_name": "object150465673586203", "shape": "CVBox", "id_string": "ob842", "world_size": [0.1, 0.1, 0.1], "id": 842, "camera_size": [41, 41], "camera_position": [256, 254], "world_position": [0.705, 0.6498037994254439, -0.15], "world_orientation": [1.0, 8.100187187665134e-17, -1.2653630886983698e-17, -8.100187187665134e-17, 1.0, -1.9397816686250694e-16, 1.2653630886983698e-17, 1.9397816686250694e-16, 1.0], "world_rotation": [-0.9211093596285536, 0.06008602943210125, 0.38463907325148433, -2.1059189642881336e-16]}], "source": "action wait"}
{"timestamp": 1706068439.9984, "objects": [{"color": "cv_", "id_name": "hand", "shape": "CVCylinder", "id_string": "ob383", "world_size": [0.12, 0.005, 0.12], "id": 383, "camera_size": [51, 52], "camera_position": [246, 406], "world_position": [0.3368901992431985, 0.705478659327124, -0.1739840233247379], "world_orientation": [-0.0002251777347252292, 0.18405700900264504, 0.9829155440484132, -0.0007320492427771241, -0.9829153359376089, 0.18405680232624896, 0.9999997066994041, -0.0006780970859261999, 0.0003560694428417522], "world_rotation": [0.0, 1.0, 0.0, 0.0]}, {"color": "CVRed", "id_name": "object150465673586203", "shape": "CVBox", "id_string": "ob842", "world_size": [0.1, 0.1, 0.1], "id": 842, "camera_size": [41, 41], "camera_position": [256, 254], "world_position": [0.705, 0.6498037994254439, -0.15], "world_orientation": [1.0, 8.100187187665134e-17, -1.2653630886983698e-17, -8.100187187665134e-17, 1.0, -1.9397816686250694e-16, 1.2653630886983698e-17, 1.9397816686250694e-16, 1.0], "world_rotation": [-0.9211093596285536, 0.06008602943210125, 0.38463907325148433, -2.1059189642881336e-16]}], "source": "action wait"}
{"timestamp": 1706068440.032486, "objects": [{"color": "cv_", "id_name": "hand", "shape": "CVCylinder", "id_string": "ob383", "world_size": [0.12, 0.005, 0.12], "id": 383, "camera_size": [51, 52], "camera_position": [246, 388], "world_position": [0.3873801497005341, 0.7385787383023628, -0.17400454481752234], "world_orientation": [-0.0001222725323886967, 0.1750155155787589, 0.9845656678739763, -0.000743325042428016, -0.9845654191386172, 0.1750153790507583, 0.9999997162586145, -0.0007104527432423847, 0.0002504787226439816], "world_rotation": [0.0, 1.0, 0.0, 0.0]}, {"color": "CVRed", "id_name": "object150465673586203", "shape": "CVBox", "id_string": "ob842", "world_size": [0.1, 0.1, 0.1], "id": 842, "camera_size": [41, 41], "camera_position": [256, 254], "world_position": [0.705, 0.6498037994254439, -0.15], "world_orientation": [1.0, 8.100187187665134e-17, -1.2653630886983698e-17, -8.100187187665134e-17, 1.0, -1.9397816686250694e-16, 1.2653630886983698e-17, 1.9397816686250694e-16, 1.0], "world_rotation": [-0.9211093596285536, 0.06008602943210125, 0.38463907325148433, -2.1059189642881336e-16]}], "source": "action wait"}
{"timestamp": 1706068440.063763, "objects": [{"color": "cv_", "id_name": "hand", "shape": "CVCylinder", "id_string": "ob383", "world_size": [0.12, 0.005, 0.12], "id": 383, "camera_size": [52, 53], "camera_position": [245, 368], "world_position": [0.4414441327932529, 0.7664757609779602, -0.174023049762285], "world_orientation": [-4.984390311929185e-05, 0.1686271347706268, 0.9856799109927289, -0.000750719457542321, -0.9856796407723344, 0.1686270505797271, 0.9999997169679006, -0.0007315640577187317, 0.00017572179166365593], "world_rotation": [0.0, 1.0, 0.0, 0.0]}, {"color": "CVRed", "id_name": "object150465673586203", "shape": "CVBox", "id_string": "ob842", "world_size": [0.1, 0.1, 0.1], "id": 842, "camera_size": [41, 41], "camera_position": [256, 254], "world_position": [0.705, 0.6498037994254439, -0.15], "world_orientation": [1.0, 8.100187187665134e-17, -1.2653630886983698e-17, -8.100187187665134e-17, 1.0, -1.9397816686250694e-16, 1.2653630886983698e-17, 1.9397816686250694e-16, 1.0], "world_rotation": [-0.9211093596285536, 0.06008602943210125, 0.38463907325148433, -2.1059189642881336e-16]}], "source": "action wait"}
{"timestamp": 1706068440.096181, "objects": [{"color": "cv_", "id_name": "hand", "shape": "CVCylinder", "id_string": "ob383", "world_size": [0.12, 0.005, 0.12], "id": 383, "camera_size": [52, 53], "camera_position": [245, 344], "world_position": [0.4986391876378742, 0.7805767905281549, -0.1740382505085825], "world_orientation": [-6.871330289399429e-06, 0.15226415934921364, 0.9883398331193892, -0.0007644374834351328, -0.9883395451670395, 0.15226410967244974, 0.9999997077940168, -0.0007544777578200297, 0.0001231876382436118], "world_rotation": [0.0, 1.0, 0.0, 0.0]}, {"color": "CVRed", "id_name": "object150465673586203", "shape": "CVBox", "id_string": "ob842", "world_size": [0.1, 0.1, 0.1], "id": 842, "camera_size": [41, 41], "camera_position": [256, 254], "world_position": [0.705, 0.6498037994254439, -0.15], "world_orientation": [1.0, 8.100187187665134e-17, -1.2653630886983698e-17, -8.100187187665134e-17, 1.0, -1.9397816686250694e-16, 1.2653630886983698e-17, 1.9397816686250694e-16, 1.0], "world_rotation": [-0.9211093596285536, 0.06008602943210125, 0.38463907325148433, -2.1059189642881336e-16]}], "source": "action wait"}
{"timestamp": 1706068440.124725, "objects": [{"color": "cv_", "id_name": "hand", "shape": "CVCylinder", "id_string": "ob383", "world_size": [0.12, 0.005, 0.12], "id": 383, "camera_size": [52, 53], "camera_position": [245, 318], "world_position": [0.5572738208138092, 0.7715260224430845, -0.17405011618320404], "world_orientation": [-8.4649018874401e-07, 0.1127474993903153, 0.9936236719103035, -0.0007770226342764399, -0.993623372027585, 0.11274746470035252, 0.9999996981175092, -0.0007719726434048238, 8.844845142047518e-05], "world_rotation": [0.0, 1.0, 0.0, 0.0]}, {"color": "CVRed", "id_name": "object150465673586203", "shape": "CVBox", "id_string": "ob842", "world_size": [0.1, 0.1, 0.1], "id": 842, "camera_size": [41, 41], "camera_position": [256, 254], "world_position": [0.705, 0.6498037994254439, -0.15], "world_orientation": [1.0, 8.100187187665134e-17, -1.2653630886983698e-17, -8.100187187665134e-17, 1.0, -1.9397816686250694e-16, 1.2653630886983698e-17, 1.9397816686250694e-16, 1.0], "world_rotation": [-0.9211093596285536, 0.06008602943210125, 0.38463907325148433, -2.1059189642881336e-16]}], "source": "action wait"}
{"timestamp": 1706068440.157938, "objects": [{"color": "cv_", "id_name": "hand", "shape": "CVCylinder", "id_string": "ob383", "world_size": [0.12, 0.005, 0.12], "id": 383, "camera_size": [52, 52], "camera_position": [245, 297], "world_position": [0.6025528794913073, 0.7575284677531187, -0.17405574436014154], "world_orientation": [-1.5580426114272224e-05, 0.0790612508454651, 0.9968697599847238, -0.0007751656358007483, -0.9968694615600995, 0.0790612150622203, 0.9999996994376985, -0.0007715073738896464, 7.681721577063077e-05], "world_rotation": [0.0, 1.0, 0.0, 0.0]}, {"color": "CVRed", "id_name": "object150465673586203", "shape": "CVBox", "id_string": "ob842", "world_size": [0.1, 0.1, 0.1], "id": 842, "camera_size": [41, 41], "camera_position": [256, 254], "world_position": [0.705, 0.6498037994254439, -0.15], "world_orientation": [1.0, 8.100187187665134e-17, -1.2653630886983698e-17, -8.100187187665134e-17, 1.0, -1.9397816686250694e-16, 1.2653630886983698e-17, 1.9397816686250694e-16, 1.0], "world_rotation": [-0.9211093596285536, 0.06008602943210125, 0.38463907325148433, -2.1059189642881336e-16]}], "source": "action wait"}
{"timestamp": 1706068440.192291, "objects": [{"color": "cv_", "id_name": "hand", "shape": "CVCylinder", "id_string": "ob383", "world_size": [0.12, 0.005, 0.12], "id": 383, "camera_size": [51, 51], "camera_position": [246, 284], "world_position": [0.6343120326223332, 0.7451986491634229, -0.17406343566790458], "world_orientation": [-2.2139280852053144e-05, 0.0552556882410962, 0.9984722371838163, -0.0007712722866485655, -0.9984719413959182, 0.05525565477058392, 0.9999997023244117, -0.000768870645068587, 6.472263175389332e-05], "world_rotation": [0.0, 1.0, 0.0, 0.0]}, {"color": "CVRed", "id_name": "object150465673586203", "shape": "CVBox", "id_string": "ob842", "world_size": [0.1, 0.1, 0.1], "id": 842, "camera_size": [41, 41], "camera_position": [256, 254], "world_position": [0.705, 0.6498037994254439, -0.15], "world_orientation": [1.0, 8.100187187665134e-17, -1.2653630886983698e-17, -8.100187187665134e-17, 1.0, -1.9397816686250694e-16, 1.2653630886983698e-17, 1.9397816686250694e-16, 1.0], "world_rotation": [-0.9211093596285536, 0.06008602943210125, 0.38463907325148433, -2.1059189642881336e-16]}], "source": "action wait"}
{"timestamp": 1706068440.228465, "objects": [{"color": "cv_", "id_name": "hand", "shape": "CVCylinder", "id_string": "ob383", "world_size": [0.12, 0.005, 0.12], "id": 383, "camera_size": [51, 51], "camera_position": [246, 274], "world_position": [0.6565251172822145, 0.735316107104673, -0.17407131847925825], "world_orientation": [-2.3688317969688456e-05, 0.03845665982998362, 0.9992602687756502, -0.0007677765821057207, -0.99925997523298, 0.0384566303321571, 0.9999997049789484, -0.0007662976609076095, 5.319691087154711e-05], "world_rotation": [0.0, 1.0, 0.0, 0.0]}, {"color": "CVRed", "id_name": "object150465673586203", "shape": "CVBox", "id_string": "ob842", "world_size": [0.1, 0.1, 0.1], "id": 842, "camera_size": [41, 41], "camera_position": [256, 254], "world_position": [0.705, 0.6498037994254439, -0.15], "world_orientation": [1.0, 8.100187187665134e-17, -1.2653630886983698e-17, -8.100187187665134e-17, 1.0, -1.9397816686250694e-16, 1.2653630886983698e-17, 1.9397816686250694e-16, 1.0], "world_rotation": [-0.9211093596285536, 0.06008602943210125, 0.38463907325148433, -2.1059189642881336e-16]}], "source": "action wait"}
{"timestamp": 1706068440.263661, "objects": [{"color": "cv_", "id_name": "hand", "shape": "CVCylinder", "id_string": "ob383", "world_size": [0.12, 0.005, 0.12], "id": 383, "camera_size": [51, 51], "camera_position": [246, 268], "world_position": [0.6720617110940653, 0.7277814331684382, -0.17407843004230153], "world_orientation": [-2.2656349443523774e-05, 0.026609767712450872, 0.9996458971800861, -0.0007652750034905988, -0.9996456051787503, 0.02660974259513152, 0.9999997069203864, -0.0007644011378273693, 4.301211023001626e-05], "world_rotation": [0.0, 1.0, 0.0, 0.0]}, {"color": "CVRed", "id_name": "object150465673586203", "shape": "CVBox", "id_string": "ob842", "world_size": [0.1, 0.1, 0.1], "id": 842, "camera_size": [41, 41], "camera_position": [256, 254], "world_position": [0.705, 0.6498037994254439, -0.15], "world_orientation": [1.0, 8.100187187665134e-17, -1.2653630886983698e-17, -8.100187187665134e-17, 1.0, -1.9397816686250694e-16, 1.2653630886983698e-17, 1.9397816686250694e-16, 1.0], "world_rotation": [-0.9211093596285536, 0.06008602943210125, 0.38463907325148433, -2.1059189642881336e-16]}], "source": "action wait"}
{"timestamp": 1706068440.294109, "objects": [{"color": "cv_", "id_name": "hand", "shape": "CVCylinder", "id_string": "ob383", "world_size": [0.12, 0.005, 0.12], "id": 383, "camera_size": [51, 51], "camera_position": [246, 263], "world_position": [0.6829391763357872, 0.7222032510188903, -0.1740844403226883], "world_orientation": [-2.0458803963597318e-05, 0.018257843291525425, 0.999833311477358, -0.0007637072763800818, -0.9998330203960406, 0.018257822348980383, 0.9999997081662743, -0.0007632064419345659, 3.4399035533730025e-05], "world_rotation": [0.0, 1.0, 0.0, 0.0]}, {"color": "CVRed", "id_name": "object150465673586203", "shape": "CVBox", "id_string": "ob842", "world_size": [0.1, 0.1, 0.1], "id": 842, "camera_size": [41, 41], "camera_position": [256, 254], "world_position": [0.705, 0.6498037994254439, -0.15], "world_orientation": [1.0, 8.100187187665134e-17, -1.2653630886983698e-17, -8.100187187665134e-17, 1.0, -1.9397816686250694e-16, 1.2653630886983698e-17, 1.9397816686250694e-16, 1.0], "world_rotation": [-0.9211093596285536, 0.06008602943210125, 0.38463907325148433, -2.1059189642881336e-16]}], "source": "action wait"}
{"timestamp": 1706068440.325176, "objects": [{"color": "cv_", "id_name": "hand", "shape": "CVCylinder", "id_string": "ob383", "world_size": [0.12, 0.005, 0.12], "id": 383, "camera_size": [51, 51], "camera_position": [246, 260], "world_position": [0.6905639144755389, 0.7181484227036, -0.17408932639895588], "world_orientation": [-1.789069984256482e-05, 0.012370686591388734, 0.9999234799689326, -0.0007628357564806008, -0.9999231893608161, 0.012370669347382105, 0.9999997088807235, -0.0007625560643330305, 2.7326127710969708e-05], "world_rotation": [0.0, 1.0, 0.0, 0.0]}, {"color": "CVRed", "id_name": "object150465673586203", "shape": "CVBox", "id_string": "ob842", "world_size": [0.1, 0.1, 0.1], "id": 842, "camera_size": [41, 41], "camera_position": [256, 254], "world_position": [0.705, 0.6498037994254439, -0.15], "world_orientation": [1.0, 8.100187187665134e-17, -1.2653630886983698e-17, -8.100187187665134e-17, 1.0, -1.9397816686250694e-16, 1.2653630886983698e-17, 1.9397816686250694e-16, 1.0], "world_rotation": [-0.9211093596285536, 0.06008602943210125, 0.38463907325148433, -2.1059189642881336e-16]}], "source": "action wait"}
{"timestamp": 1706068440.356675, "objects": [{"color": "cv_", "id_name": "hand", "shape": "CVCylinder", "id_string": "ob383", "world_size": [0.12, 0.005, 0.12], "id": 383, "camera_size": [50, 50], "camera_position": [245, 257], "world_position": [0.6959147007558905, 0.7152354488205197, -0.17409319966133324], "world_orientation": [-1.539663502293991e-05, 0.008221146897217518, 0.9999662056822912, -0.0007624242442931413, -0.9999659152617371, 0.008221132770382625, 0.9999997092360655, -0.0007622719009056393, 2.166411194336651e-05], "world_rotation": [0.0, 1.0, 0.0, 0.0]}, {"color": "CVRed", "id_name": "object150465673586203", "shape": "CVBox", "id_string": "ob842", "world_size": [0.1, 0.1, 0.1], "id": 842, "camera_size": [41, 41], "camera_position": [256, 254], "world_position": [0.705, 0.6498037994254439, -0.15], "world_orientation": [1.0, 8.100187187665134e-17, -1.2653630886983698e-17, -8.100187187665134e-17, 1.0, -1.9397816686250694e-16, 1.2653630886983698e-17, 1.9397816686250694e-16, 1.0], "world_rotation": [-0.9211093596285536, 0.06008602943210125, 0.38463907325148433, -2.1059189642881336e-16]}], "source": "action wait"}
{"timestamp": 1706068440.386998, "objects": [{"color": "cv_", "id_name": "hand", "shape": "CVCylinder", "id_string": "ob383", "world_size": [0.12, 0.005, 0.12], "id": 383, "camera_size": [50, 50], "camera_position": [245, 256], "world_position": [0.6996733531293979, 0.7131588757215566, -0.1740962172581892], "world_orientation": [-1.3155594318357777e-05, 0.005296394629642765, 0.9999859739170633, -0.0007622895723408545, -0.999985683518048, 0.005296383063040738, 0.999999709370727, -0.0007622092033375277, 1.7192792374074416e-05], "world_rotation": [0.0, 1.0, 0.0, 0.0]}, {"color": "CVRed", "id_name": "object150465673586203", "shape": "CVBox", "id_string": "ob842", "world_size": [0.1, 0.1, 0.1], "id": 842, "camera_size": [41, 41], "camera_position": [256, 254], "world_position": [0.705, 0.6498037994254439, -0.15], "world_orientation": [1.0, 8.100187187665134e-17, -1.2653630886983698e-17, -8.100187187665134e-17, 1.0, -1.9397816686250694e-16, 1.2653630886983698e-17, 1.9397816686250694e-16, 1.0], "world_rotation": [-0.9211093596285536, 0.06008602943210125, 0.38463907325148433, -2.1059189642881336e-16]}], "source": "action wait"}
{"timestamp": 1706068440.420407, "objects": [{"color": "cv_", "id_name": "hand", "shape": "CVCylinder", "id_string": "ob383", "world_size": [0.12, 0.005, 0.12], "id": 383, "camera_size": [49, 50], "camera_position": [246, 255], "world_position": [0.702315695708177, 0.7116860800512899, -0.1740985391372396], "world_orientation": [-1.1247822039780668e-05, 0.003234896746511386, 0.9999947676445743, -0.000762306504579496, -0.9999944771814421, 0.003234887232555835, 0.9999997093810976, -0.000762266130485373, 1.3713742751974392e-05], "world_rotation": [0.0, 1.0, 0.0, 0.0]}, {"color": "CVRed", "id_name": "object150465673586203", "shape": "CVBox", "id_string": "ob842", "world_size": [0.1, 0.1, 0.1], "id": 842, "camera_size": [41, 41], "camera_position": [256, 254], "world_position": [0.705, 0.6498037994254439, -0.15], "world_orientation": [1.0, 8.100187187665134e-17, -1.2653630886983698e-17, -8.100187187665134e-17, 1.0, -1.9397816686250694e-16, 1.2653630886983698e-17, 1.9397816686250694e-16, 1.0], "world_rotation": [-0.9211093596285536, 0.06008602943210125, 0.38463907325148433, -2.1059189642881336e-16]}], "source": "action wait"}
{"timestamp": 1706068440.454159, "objects": [{"color": "cv_", "id_name": "hand", "shape": "CVCylinder", "id_string": "ob383", "world_size": [0.12, 0.005, 0.12], "id": 383, "camera_size": [49, 50], "camera_position": [246, 254], "world_position": [0.704174431442907, 0.7106450195739924, -0.17410030925500689], "world_orientation": [-9.676610435254804e-06, 0.0017818283225132946, 0.9999984124958362, -0.0007623958669468421, -0.9999981219324897, 0.001781820427359303, 0.9999997093294104, -0.0007623774146584548, 1.1035050810985546e-05], "world_rotation": [0.0, 1.0, 0.0, 0.0]}, {"color": "CVRed", "id_name": "object150465673586203", "shape": "CVBox", "id_string": "ob842", "world_size": [0.1, 0.1, 0.1], "id": 842, "camera_size": [41, 41], "camera_position": [256, 254], "world_position": [0.705, 0.6498037994254439, -0.15], "world_orientation": [1.0, 8.100187187665134e-17, -1.2653630886983698e-17, -8.100187187665134e-17, 1.0, -1.9397816686250694e-16, 1.2653630886983698e-17, 1.9397816686250694e-16, 1.0], "world_rotation": [-0.9211093596285536, 0.06008602943210125, 0.38463907325148433, -2.1059189642881336e-16]}], "source": "action wait"}
{"timestamp": 1706068440.489683, "objects": [{"color": "cv_", "id_name": "hand", "shape": "CVCylinder", "id_string": "ob383", "world_size": [0.12, 0.005, 0.12], "id": 383, "camera_size": [49, 50], "camera_position": [246, 253], "world_position": [0.7054825875779366, 0.7099107518474357, -0.17410164921057802], "world_orientation": [-8.412557495272643e-06, 0.0007575908879915655, 0.9999997129925965, -0.0007625111127464718, -0.9999994223212844, 0.0007575842531115413, 0.9999997092529738, -0.0007625045206794261, 8.990224106891179e-06], "world_rotation": [0.0, 1.0, 0.0, 0.0]}, {"color": "CVRed", "id_name": "object150465673586203", "shape": "CVBox", "id_string": "ob842", "world_size": [0.1, 0.1, 0.1], "id": 842, "camera_size": [41, 41], "camera_position": [256, 254], "world_position": [0.705, 0.6498037994254439, -0.15], "world_orientation": [1.0, 8.100187187665134e-17, -1.2653630886983698e-17, -8.100187187665134e-17, 1.0, -1.9397816686250694e-16, 1.2653630886983698e-17, 1.9397816686250694e-16, 1.0], "world_rotation": [-0.9211093596285536, 0.06008602943210125, 0.38463907325148433, -2.1059189642881336e-16]}], "source": "action wait"}
{"timestamp": 1706068440.522996, "objects": [{"color": "cv_", "id_name": "hand", "shape": "CVCylinder", "id_string": "ob383", "world_size": [0.12, 0.005, 0.12], "id": 383, "camera_size": [49, 50], "camera_position": [246, 253], "world_position": [0.7064036077250352, 0.7093935954359364, -0.1741026579029873], "world_orientation": [-7.413169666279007e-06, 3.560741964715236e-05, 0.9999999993385783, -0.0007626270047286106, -0.999999708566241, 3.560175581047526e-05, 0.9999997091725061, -0.0007626267403027202, 7.4403226859873005e-06], "world_rotation": [0.0, 1.0, 0.0, 0.0]}, {"color": "CVRed", "id_name": "object150465673586203", "shape": "CVBox", "id_string": "ob842", "world_size": [0.1, 0.1, 0.1], "id": 842, "camera_size": [41, 41], "camera_position": [256, 254], "world_position": [0.705, 0.6498037994254439, -0.15], "world_orientation": [1.0, 8.100187187665134e-17, -1.2653630886983698e-17, -8.100187187665134e-17, 1.0, -1.9397816686250694e-16, 1.2653630886983698e-17, 1.9397816686250694e-16, 1.0], "world_rotation": [-0.9211093596285536, 0.06008602943210125, 0.38463907325148433, -2.1059189642881336e-16]}], "source": "action wait"}
{"timestamp": 1706068440.557773, "objects": [{"color": "cv_", "id_name": "hand", "shape": "CVCylinder", "id_string": "ob383", "world_size": [0.12, 0.005, 0.12], "id": 383, "camera_size": [49, 49], "camera_position": [246, 253], "world_position": [0.7070522585903096, 0.7090296697965158, -0.17410341381626215], "world_orientation": [-6.633413814384196e-06, -0.00047333161859800654, 0.999999887956582, -0.000762731394888933, -0.9999995970965883, -0.0004733365404379424, 0.9999997090983663, -0.0007627344492674351, 6.2723862564251356e-06], "world_rotation": [0.0, 1.0, 0.0, 0.0]}, {"color": "CVRed", "id_name": "object150465673586203", "shape": "CVBox", "id_string": "ob842", "world_size": [0.1, 0.1, 0.1], "id": 842, "camera_size": [41, 41], "camera_position": [256, 254], "world_position": [0.705, 0.6498037994254439, -0.15], "world_orientation": [1.0, 8.100187187665134e-17, -1.2653630886983698e-17, -8.100187187665134e-17, 1.0, -1.9397816686250694e-16, 1.2653630886983698e-17, 1.9397816686250694e-16, 1.0], "world_rotation": [-0.9211093596285536, 0.06008602943210125, 0.38463907325148433, -2.1059189642881336e-16]}], "source": "action wait"}
{"timestamp": 1706068440.596779, "objects": [{"color": "cv_", "id_name": "hand", "shape": "CVCylinder", "id_string": "ob383", "world_size": [0.12, 0.005, 0.12], "id": 383, "camera_size": [49, 50], "camera_position": [246, 252], "world_position": [0.7075091976349039, 0.7087737015868444, -0.1741039781896179], "world_orientation": [-6.03119060796084e-06, -0.0008321012418196043, 0.999999653785514, -0.0007628197101556191, -0.9999993628529769, -0.0008321056004464834, 0.999999709034815, -0.0007628244646442561, 5.39644353746485e-06], "world_rotation": [0.0, 1.0, 0.0, 0.0]}, {"color": "CVRed", "id_name": "object150465673586203", "shape": "CVBox", "id_string": "ob842", "world_size": [0.1, 0.1, 0.1], "id": 842, "camera_size": [41, 41], "camera_position": [256, 254], "world_position": [0.705, 0.6498037994254439, -0.15], "world_orientation": [1.0, 8.100187187665134e-17, -1.2653630886983698e-17, -8.100187187665134e-17, 1.0, -1.9397816686250694e-16, 1.2653630886983698e-17, 1.9397816686250694e-16, 1.0], "world_rotation": [-0.9211093596285536, 0.06008602943210125, 0.38463907325148433, -2.1059189642881336e-16]}], "source": "action wait"}
{"timestamp": 1706068440.624053, "objects": [{"color": "cv_", "id_name": "hand", "shape": "CVCylinder", "id_string": "ob383", "world_size": [0.12, 0.005, 0.12], "id": 383, "camera_size": [49, 50], "camera_position": [246, 252], "world_position": [0.70783114912289, 0.7085937109895428, -0.17410439822949997], "world_orientation": [-5.569889672404826e-06, -0.0010850172096470614, 0.9999994113531423, -0.0007628914583013165, -0.9999991203624842, -0.001085021143140408, 0.9999997089827573, -0.0007628970526761023, 4.742134411935221e-06], "world_rotation": [0.0, 1.0, 0.0, 0.0]}, {"color": "CVRed", "id_name": "object150465673586203", "shape": "CVBox", "id_string": "ob842", "world_size": [0.1, 0.1, 0.1], "id": 842, "camera_size": [41, 41], "camera_position": [256, 254], "world_position": [0.705, 0.6498037994254439, -0.15], "world_orientation": [1.0, 8.100187187665134e-17, -1.2653630886983698e-17, -8.100187187665134e-17, 1.0, -1.9397816686250694e-16, 1.2653630886983698e-17, 1.9397816686250694e-16, 1.0], "world_rotation": [-0.9211093596285536, 0.06008602943210125, 0.38463907325148433, -2.1059189642881336e-16]}], "source": "action wait"}
{"timestamp": 1706068441.678332, "objects": [{"color": "cv_", "id_name": "hand", "shape": "CVCylinder", "id_string": "ob383", "world_size": [0.12, 0.005, 0.12], "id": 383, "camera_size": [49, 50], "camera_position": [246, 252], "world_position": [0.7086000252289291, 0.7081671007834414, -0.174105583231264], "world_orientation": [-4.176355753656226e-06, -0.001689431616878035, 0.9999985729006668, -0.000763119543971391, -0.9999982817286572, -0.0016894343120250161, 0.9999997088155176, -0.000763125510603072, 2.8871102928646427e-06], "world_rotation": [0.0, 1.0, 0.0, 0.0]}, {"color": "CVRed", "id_name": "object150465673586203", "shape": "CVBox", "id_string": "ob842", "world_size": [0.1, 0.1, 0.1], "id": 842, "camera_size": [41, 41], "camera_position": [256, 254], "world_position": [0.705, 0.6498037994254439, -0.15], "world_orientation": [1.0, 8.100187187665134e-17, -1.2653630886983698e-17, -8.100187187665134e-17, 1.0, -1.9397816686250694e-16, 1.2653630886983698e-17, 1.9397816686250694e-16, 1.0], "world_rotation": [-0.9211093596285536, 0.06008602943210125, 0.38463907325148433, -2.1059189642881336e-16]}], "source": "action wait"}
{"timestamp": 1706068441.709555, "objects": [{"color": "cv_", "id_name": "hand", "shape": "CVCylinder", "id_string": "ob383", "world_size": [0.12, 0.005, 0.12], "id": 383, "camera_size": [51, 51], "camera_position": [246, 251], "world_position": [0.7112249154365493, 0.730230695373124, -0.17409373878646417], "world_orientation": [1.6524249805749846e-05, 0.03057662893083716, 0.9995324254320993, -0.0007432722178809741, -0.9995321490953416, 0.030576632765199684, 0.9999997236366415, -0.000743429938613254, 6.210239880574397e-06], "world_rotation": [0.0, 1.0, 0.0, 0.0]}, {"color": "CVRed", "id_name": "object150465673586203", "shape": "CVBox", "id_string": "ob842", "world_size": [0.1, 0.1, 0.1], "id": 842, "camera_size": [42, 44], "camera_position": [252, 251], "world_position": [0.7105078254339785, 0.6748461985919398, -0.1586624212577556], "world_orientation": [0.999489663986761, -0.03194388154114173, -3.964530094920906e-06, 0.03194388165048353, 0.9994896634934709, 3.1540584292846744e-05, 2.9549781620930456e-06, -3.1651130476955445e-05, 0.9999999994947371], "world_rotation": [0.0009891046474504253, 0.00010830720134777433, -0.9999995049706507, -0.03194933256423211]}], "source": "action wait"}
{"timestamp": 1706068441.743508, "objects": [{"color": "cv_", "id_name": "hand", "shape": "CVCylinder", "id_string": "ob383", "world_size": [0.12, 0.005, 0.12], "id": 383, "camera_size": [52, 52], "camera_position": [245, 249], "world_position": [0.7149303620596296, 0.7830256669543751, -0.17410823528248162], "world_orientation": [7.614802435936292e-05, 0.10655720141936462, 0.9943065709463814, -0.0007258145207828495, -0.9943063060360613, 0.10655722861544342, 0.9999997336973444, -0.0007297962697432832, 1.6263032718580623e-06], "world_rotation": [0.0, 1.0, 0.0, 0.0]}, {"color": "CVRed", "id_name": "object150465673586203", "shape": "CVBox", "id_string": "ob842", "world_size": [0.1, 0.1, 0.1], "id": 842, "camera_size": [44, 48], "camera_position": [249, 247], "world_position": [0.718841247399618, 0.7296235057970701, -0.1642309765438915], "world_orientation": [0.9941820594318467, -0.10771273225261346, -3.8116847440253356e-06, 0.10771273230329731, 0.9941820580304169, 5.282199276816069e-05, -1.9000925807081015e-06, -5.2925244532001865e-05, 0.9999999985976541], "world_rotation": [0.0004908761588310635, 8.873565327453566e-06, -0.9999998794809211, -0.10792212142966483]}], "source": "action wait"}
{"timestamp": 1706068441.775927, "objects": [{"color": "cv_", "id_name": "hand", "shape": "CVCylinder", "id_string": "ob383", "world_size": [0.12, 0.005, 0.12], "id": 383, "camera_size": [56, 55], "camera_position": [244, 250], "world_position": [0.7136180313159707, 0.8530792754752592, -0.1741134432195869], "world_orientation": [0.0001509832203979456, 0.20571788678171107, 0.9786113264530174, -0.0007192794607250265, -0.9786110621177536, 0.205717942187403, 0.9999997299205259, -0.0007349549845559236, 2.148009907036706e-07], "world_rotation": [0.0, 1.0, 0.0, 0.0]}, {"color": "CVRed", "id_name": "object150465673586203", "shape": "CVBox", "id_string": "ob842", "world_size": [0.1, 0.1, 0.1], "id": 842, "camera_size": [46, 54], "camera_position": [247, 245], "world_position": [0.7230605755599648, 0.8014331688691785, -0.16779120608775622], "world_orientation": [0.9783988041644837, -0.20672634073344115, -7.514629924247361e-06, 0.20672634084129882, 0.9783988027761712, 5.2235259687842746e-05, -3.4460991713391524e-06, -5.26603875608228e-05, 0.999999998607504], "world_rotation": [0.0002537065268706345, 9.84037787897668e-06, -0.9999999677680821, -0.20822784133123076]}], "source": "action wait"}
{"timestamp": 1706068441.811877, "objects": [{"color": "cv_", "id_name": "hand", "shape": "CVCylinder", "id_string": "ob383", "world_size": [0.12, 0.005, 0.12], "id": 383, "camera_size": [59, 57], "camera_position": [244, 254], "world_position": [0.7048382254070993, 0.922657939720832, -0.17411469455321793], "world_orientation": [0.00022603587352748442, 0.30283736402222666, 0.9530422235451339, -0.0007089150605900044, -0.953041959884155, 0.3028374483771876, 0.9999997231735721, -0.0007440781128303402, -7.357036455788355e-07], "world_rotation": [0.0, 1.0, 0.0, 0.0]}, {"color": "CVRed", "id_name": "object150465673586203", "shape": "CVBox", "id_string": "ob842", "world_size": [0.1, 0.1, 0.1], "id": 842, "camera_size": [49, 62], "camera_position": [246, 246], "world_position": [0.7195391352181919, 0.8729222398730311, -0.1700677842142869], "world_orientation": [0.9527552284525165, -0.3037391554565246, -9.94738118125626e-06, 0.3037391555869856, 0.9527552273613258, 4.581455768453263e-05, -4.43825563971659e-06, -4.667146853347454e-05, 0.999999998901038], "world_rotation": [0.00015224580608232254, 9.068843080178902e-06, -0.9999999883694852, -0.30861478669134074]}], "source": "action wait"}
{"timestamp": 1706068441.84585, "objects": [{"color": "cv_", "id_name": "hand", "shape": "CVCylinder", "id_string": "ob383", "world_size": [0.12, 0.005, 0.12], "id": 383, "camera_size": [62, 59], "camera_position": [243, 262], "world_position": [0.6888573738543753, 0.9909269772241002, -0.17411508918956187], "world_orientation": [0.0002998363558206253, 0.39689648929333055, 0.9178633269091804, -0.0006878567297809026, -0.9178630691681366, 0.39689660254324155, 0.9999997184755999, -0.0007503624973779127, -2.200796614406861e-06], "world_rotation": [0.0, 1.0, 0.0, 0.0]}, {"color": "CVRed", "id_name": "object150465673586203", "shape": "CVBox", "id_string": "ob842", "world_size": [0.1, 0.1, 0.1], "id": 842, "camera_size": [52, 68], "camera_position": [244, 251], "world_position": [0.7085525965204225, 0.9433663064549173, -0.17152429430169258], "world_orientation": [0.9175088000038636, -0.39771547843218563, -1.144239149578754e-05, 0.3977154785529467, 0.917508799095829, 4.124476549355523e-05, -5.90518676100827e-06, -4.2393251503969925e-05, 0.9999999990839705], "world_rotation": [0.00010514805313857841, 6.961263772059385e-06, -0.9999999944477138, -0.4090255829272264]}], "source": "action wait"}
{"timestamp": 1706068441.87891, "objects": [{"color": "cv_", "id_name": "hand", "shape": "CVCylinder", "id_string": "ob383", "world_size": [0.12, 0.005, 0.12], "id": 383, "camera_size": [66, 59], "camera_position": [242, 275], "world_position": [0.6659400488977967, 1.0571995196951298, -0.17411531035127512], "world_orientation": [0.00037117360153765517, 0.4869497470007899, 0.8734299091089246, -0.0006573886352720433, -0.8734296617260278, 0.48694988844576126, 0.9999997150351293, -0.000754925839817813, -4.07880360525161e-06], "world_rotation": [0.0, 1.0, 0.0, 0.0]}, {"color": "CVRed", "id_name": "object150465673586203", "shape": "CVBox", "id_string": "ob842", "world_size": [0.1, 0.1, 0.1], "id": 842, "camera_size": [55, 75], "camera_position": [244, 261], "world_position": [0.6903569104434242, 1.0121417773953199, -0.172456382006052], "world_orientation": [0.8730118883804878, -0.4876989261780194, -1.2293977537320314e-05, 0.48769892627110784, 0.8730118875908492, 3.793509406366832e-05, -7.768116103457693e-06, -3.9113547748966745e-05, 0.9999999992048934], "world_rotation": [7.899201477424055e-05, 4.640015772363878e-06, -0.9999999968693658, -0.5094520207734897]}], "source": "action wait"}
{"timestamp": 1706068441.910746, "objects": [{"color": "cv_", "id_name": "hand", "shape": "CVCylinder", "id_string": "ob383", "world_size": [0.12, 0.005, 0.12], "id": 383, "camera_size": [71, 60], "camera_position": [242, 289], "world_position": [0.6420625738694347, 1.1085460494235466, -0.1741145081537064], "world_orientation": [0.00043305186173079696, 0.5559582721682979, 0.8312100890110311, -0.0006365194834706905, -0.8312098453180302, 0.5559584407933057, 0.9999997036544722, -0.0007698402543435167, -6.078698771607905e-06], "world_rotation": [0.0, 1.0, 0.0, 0.0]}, {"color": "CVRed", "id_name": "object150465673586203", "shape": "CVBox", "id_string": "ob842", "world_size": [0.1, 0.1, 0.1], "id": 842, "camera_size": [58, 80], "camera_position": [242, 273], "world_position": [0.6700283748419985, 1.0659091197695247, -0.17305252846727634], "world_orientation": [0.8307451936347661, -0.5566528749756191, -5.840639611915825e-06, 0.5566528749211435, 0.8307451932785214, 2.6204162517628958e-05, -9.73453911849532e-06, -2.5020190896095797e-05, 0.9999999996396144], "world_rotation": [-4.601103817521837e-05, 3.4976011781085613e-06, 0.9999999989353756, 0.5903512729211632]}], "source": "action wait"}
{"timestamp": 1706068441.940248, "objects": [{"color": "cv_", "id_name": "hand", "shape": "CVCylinder", "id_string": "ob383", "world_size": [0.12, 0.005, 0.12], "id": 383, "camera_size": [73, 62], "camera_position": [241, 302], "world_position": [0.622339873568766, 1.1432594219762993, -0.17411530967063513], "world_orientation": [0.00047638592344672595, 0.6024849438535049, 0.7981301056132957, -0.0006150124533116167, -0.7981298687179401, 0.6024851321152804, 0.9999996974080214, -0.000777875390340812, -9.68209113642975e-06], "world_rotation": [0.0, 1.0, 0.0, 0.0]}, {"color": "CVRed", "id_name": "object150465673586203", "shape": "CVBox", "id_string": "ob842", "world_size": [0.1, 0.1, 0.1], "id": 842, "camera_size": [60, 84], "camera_position": [241, 284], "world_position": [0.6526405292079301, 1.1025760243191491, -0.1734352699455791], "world_orientation": [0.7976348774598581, -0.6031406156607216, 5.64139741177741e-08, 0.6031406155138626, 0.7976348772676983, 2.19932450367713e-05, -1.3310017105176972e-05, -1.7508553750776725e-05, 0.9999999997581471], "world_rotation": [-3.274675734238132e-05, 1.1080692234838314e-05, 0.9999999994024339, 0.6474326853343215]}], "source": "action wait"}
{"timestamp": 1706068441.973625, "objects": [{"color": "cv_", "id_name": "hand", "shape": "CVCylinder", "id_string": "ob383", "world_size": [0.12, 0.005, 0.12], "id": 383, "camera_size": [75, 62], "camera_position": [241, 312], "world_position": [0.6071019946586816, 1.1668965761797718, -0.17411685670193588], "world_orientation": [0.0005053460573017455, 0.6341291520054663, 0.773226980389452, -0.0005950875347157175, -0.7732267515109443, 0.6341293532227148, 0.9999996952480479, -0.0007805925060061003, -1.3384736517488702e-05], "world_rotation": [0.0, 1.0, 0.0, 0.0]}, {"color": "CVRed", "id_name": "object150465673586203", "shape": "CVBox", "id_string": "ob842", "world_size": [0.1, 0.1, 0.1], "id": 842, "camera_size": [62, 87], "camera_position": [241, 294], "world_position": [0.6389591452688684, 1.1276970259711954, -0.17368112048675655], "world_orientation": [0.7727115172447954, -0.6347573639626292, 3.5299841201412564e-06, 0.6347573637449795, 0.772711517104825, 2.2474065378578052e-05, -1.699323788206028e-05, -1.5125285743177267e-05, 0.9999999997412279], "world_rotation": [-2.9617105087268688e-05, 1.6166194485650235e-05, 0.9999999994307407, 0.6876944738679573]}], "source": "action wait"}
