{"timestamp": 1706068427.259983, "objects": [{"color": "cv_", "id_name": "hand", "shape": "CVCylinder", "id_string": "ob383", "world_size": [0.12, 0.005, 0.12], "id": 383, "camera_size": [48, 50], "camera_position": [246, 426], "world_position": [0.26764451554000873, 0.6334703013849515, -0.17389260400847834], "world_orientation": [-0.0006415513913148204, 0.19791547486687902, 0.9802188802609496, -0.0007473675736003157, -0.9802189031248737, 0.19791499033266768, 0.9999995149266436, -0.000605611168728152, 0.000776776409322493], "world_rotation": [0.0, 1.0, 0.0, 0.0]}, {"color": "CVBlue", "id_name": "object226837429605435", "shape": "CVCylinder", "id_string": "ob835", "world_size": [0.1, 0.1, 0.1], "id": 835, "camera_size": [41, 41], "camera_position": [256, 254], "world_position": [0.705, 0.6498037932383656, -0.15], "world_orientation": [1.0, 2.1316282072802963e-17, -9.624447840080312e-18, -2.1316282072802963e-17, 1.0, -1.5774048733874193e-16, 9.624447840080312e-18, 1.5774048733874193e-16, 1.0], "world_rotation": [-0.9891858493133231, 0.06035462278252622, 0.13367376342071935, -1.5946496550495827e-16]}], "source": "manual check"}
{"timestamp": 1706068428.273146, "objects": [{"color": "cv_", "id_name": "hand", "shape": "CVCylinder", "id_string": "ob383", "world_size": [0.12, 0.005, 0.12], "id": 383, "camera_size": [48, 50], "camera_position": [246, 426], "world_position": [0.26764451554000873, 0.6334703013849515, -0.17389260400847834], "world_orientation": [-0.0006415513913148204, 0.19791547486687902, 0.9802188802609496, -0.0007473675736003157, -0.9802189031248737, 0.19791499033266768, 0.9999995149266436, -0.000605611168728152, 0.000776776409322493], "world_rotation": [0.0, 1.0, 0.0, 0.0]}, {"color": "CVBlue", "id_name": "object226837429605435", "shape": "CVCylinder", "id_string": "ob835", "world_size": [0.1, 0.1, 0.1], "id": 835, "camera_size": [41, 41], "camera_position": [256, 254], "world_position": [0.705, 0.6498037994254439, -0.15], "world_orientation": [1.0, 8.100187187665134e-17, -1.2653630886983698e-17, -8.100187187665134e-17, 1.0, -1.9397816686250694e-16, 1.2653630886983698e-17, 1.9397816686250694e-16, 1.0], "world_rotation": [-0.9211093596285536, 0.06008602943210125, 0.38463907325148433, -2.1059189642881336e-16]}], "source": "manual check"}
{"timestamp": 1706068430.020462, "objects": [{"color": "cv_", "id_name": "hand", "shape": "CVCylinder", "id_string": "ob383", "world_size": [0.12, 0.005, 0.12], "id": 383, "camera_size": [48, 50], "camera_position": [246, 426], "world_position": [0.26764451554000873, 0.6334703013849515, -0.17389260400847834], "world_orientation": [-0.0006415513913148204, 0.19791547486687902, 0.9802188802609496, -0.0007473675736003157, -0.9802189031248737, 0.19791499033266768, 0.9999995149266436, -0.000605611168728152, 0.000776776409322493], "world_rotation": [0.0, 1.0, 0.0, 0.0]}, {"color": "CVBlue", "id_name": "object226837429605435", "shape": "CVCylinder", "id_string": "ob835", "world_size": [0.1, 0.1, 0.1], "id": 835, "camera_size": [41, 41], "camera_position": [256, 254], "world_position": [0.705, 0.6498037994254439, -0.15], "world_orientation": [1.0, 8.100187187665134e-17, -1.2653630886983698e-17, -8.100187187665134e-17, 1.0, -1.9397816686250694e-16, 1.2653630886983698e-17, 1.9397816686250694e-16, 1.0], "world_rotation": [-0.9211093596285536, 0.06008602943210125, 0.38463907325148433, -2.1059189642881336e-16]}], "source": "action wait"}
{"timestamp": 1706068430.049988, "objects": [{"color": "cv_", "id_name": "hand", "shape": "CVCylinder", "id_string": "ob383", "world_size": [0.12, 0.005, 0.12], "id": 383, "camera_size": [49, 51], "camera_position": [246, 421], "world_position": [0.29095363980106426, 0.6676168798081568, -0.17395617990438098], "world_orientation": [-0.0003839182488613595, 0.19675113935788094, 0.9804533858211485, -0.0007155676526025405, -0.9804532611143021, 0.19675083413613495, 0.9999996702848022, -0.0006260444920749829, 0.0005172026500350348], "world_rotation": [0.0, 1.0, 0.0, 0.0]}, {"color": "CVBlue", "id_name": "object226837429605435", "shape": "CVCylinder", "id_string": "ob835", "world_size": [0.1, 0.1, 0.1], "id": 835, "camera_size": [41, 41], "camera_position": [256, 254], "world_position": [0.705, 0.6498037994254439, -0.15], "world_orientation": [1.0, 8.100187187665134e-17, -1.2653630886983698e-17, -8.100187187665134e-17, 1.0, -1.9397816686250694e-16, 1.2653630886983698e-17, 1.9397816686250694e-16, 1.0], "world_rotation": [-0.9211093596285536, 0.06008602943210125, 0.38463907325148433, -2.1059189642881336e-16]}], "source": "action wait"}
{"timestamp": 1706068430.079147, "objects": [{"color": "cv_", "id_name": "hand", "shape": "CVCylinder", "id_string": "ob383", "world_size": [0.12, 0.005, 0.12], "id": 383, "camera_size": [51, 52], "camera_position": [246, 406], "world_position": [0.336889946576927, 0.7054783695169817, -0.1739840229599073], "world_orientation": [-0.00022518148681787177, 0.18405460309932947, 0.9829159945647675, -0.0007320498069374907, -0.982915786454411, 0.18405439642069793, 0.9999997066981462, -0.0006780978214158202, 0.0003560715748758076], "world_rotation": [0.0, 1.0, 0.0, 0.0]}, {"color": "CVBlue", "id_name": "object226837429605435", "shape": "CVCylinder", "id_string": "ob835", "world_size": [0.1, 0.1, 0.1], "id": 835, "camera_size": [41, 41], "camera_position": [256, 254], "world_position": [0.705, 0.6498037994254439, -0.15], "world_orientation": [1.0, 8.100187187665134e-17, -1.2653630886983698e-17, -8.100187187665134e-17, 1.0, -1.9397816686250694e-16, 1.2653630886983698e-17, 1.9397816686250694e-16, 1.0], "world_rotation": [-0.9211093596285536, 0.06008602943210125, 0.38463907325148433, -2.1059189642881336e-16]}], "source": "action wait"}
{"timestamp": 1706068430.110866, "objects": [{"color": "cv_", "id_name": "hand", "shape": "CVCylinder", "id_string": "ob383", "world_size": [0.12, 0.005, 0.12], "id": 383, "camera_size": [51, 52], "camera_position": [246, 388], "world_position": [0.3873798211917593, 0.7385783475076613, -0.17400454421892478], "world_orientation": [-0.00012227728391786107, 0.17501237242992487, 0.9845662265915458, -0.0007433256545794662, -0.9845659778565062, 0.17501223589918916, 0.9999997162575784, -0.0007104533140001481, 0.0002504812399066282], "world_rotation": [0.0, 1.0, 0.0, 0.0]}, {"color": "CVBlue", "id_name": "object226837429605435", "shape": "CVCylinder", "id_string": "ob835", "world_size": [0.1, 0.1, 0.1], "id": 835, "camera_size": [41, 41], "camera_position": [256, 254], "world_position": [0.705, 0.6498037994254439, -0.15], "world_orientation": [1.0, 8.100187187665134e-17, -1.2653630886983698e-17, -8.100187187665134e-17, 1.0, -1.9397816686250694e-16, 1.2653630886983698e-17, 1.9397816686250694e-16, 1.0], "world_rotation": [-0.9211093596285536, 0.06008602943210125, 0.38463907325148433, -2.1059189642881336e-16]}], "source": "action wait"}
{"timestamp": 1706068430.143443, "objects": [{"color": "cv_", "id_name": "hand", "shape": "CVCylinder", "id_string": "ob383", "world_size": [0.12, 0.005, 0.12], "id": 383, "camera_size": [52, 53], "camera_position": [245, 368], "world_position": [0.44144374938426784, 0.7664753000333365, -0.17402304892261602], "world_orientation": [-4.98493636075554e-05, 0.16862347013158904, 0.9856805379207921, -0.0007507200927962543, -0.9856802677005795, 0.16862338593758774, 0.9999997169671516, -0.0007315644164173133, 0.00017572456121063204], "world_rotation": [0.0, 1.0, 0.0, 0.0]}, {"color": "CVBlue", "id_name": "object226837429605435", "shape": "CVCylinder", "id_string": "ob835", "world_size": [0.1, 0.1, 0.1], "id": 835, "camera_size": [41, 41], "camera_position": [256, 254], "world_position": [0.705, 0.6498037994254439, -0.15], "world_orientation": [1.0, 8.100187187665134e-17, -1.2653630886983698e-17, -8.100187187665134e-17, 1.0, -1.9397816686250694e-16, 1.2653630886983698e-17, 1.9397816686250694e-16, 1.0], "world_rotation": [-0.9211093596285536, 0.06008602943210125, 0.38463907325148433, -2.1059189642881336e-16]}], "source": "action wait"}
{"timestamp": 1706068430.181834, "objects": [{"color": "cv_", "id_name": "hand", "shape": "CVCylinder", "id_string": "ob383", "world_size": [0.12, 0.005, 0.12], "id": 383, "camera_size": [52, 53], "camera_position": [245, 344], "world_position": [0.498639015074838, 0.7805669175928542, -0.17403824878576207], "world_orientation": [-6.8871556739067584e-06, 0.15224674295982996, 0.9883425161403765, -0.0007644436348856987, -0.9883422281844598, 0.15224669327544274, 0.9999997077892055, -0.000754483598873326, 0.00012319092037273865], "world_rotation": [0.0, 1.0, 0.0, 0.0]}, {"color": "CVBlue", "id_name": "object226837429605435", "shape": "CVCylinder", "id_string": "ob835", "world_size": [0.1, 0.1, 0.1], "id": 835, "camera_size": [41, 41], "camera_position": [256, 254], "world_position": [0.705, 0.6498037994254439, -0.15], "world_orientation": [1.0, 8.100187187665134e-17, -1.2653630886983698e-17, -8.100187187665134e-17, 1.0, -1.9397816686250694e-16, 1.2653630886983698e-17, 1.9397816686250694e-16, 1.0], "world_rotation": [-0.9211093596285536, 0.06008602943210125, 0.38463907325148433, -2.1059189642881336e-16]}], "source": "action wait"}
{"timestamp": 1706068430.216916, "objects": [{"color": "cv_", "id_name": "hand", "shape": "CVCylinder", "id_string": "ob383", "world_size": [0.12, 0.005, 0.12], "id": 383, "camera_size": [52, 53], "camera_position": [245, 318], "world_position": [0.5572686011186216, 0.7715136850815091, -0.17405011127839237], "world_orientation": [-8.735624301570758e-07, 0.1127282441947245, 0.9936258566281433, -0.0007770218751818866, -0.9936255567477331, 0.11272820948974116, 0.9999996981180758, -0.0007719705512181069, 8.846030564656817e-05], "world_rotation": [0.0, 1.0, 0.0, 0.0]}, {"color": "CVBlue", "id_name": "object226837429605435", "shape": "CVCylinder", "id_string": "ob835", "world_size": [0.1, 0.1, 0.1], "id": 835, "camera_size": [41, 41], "camera_position": [256, 254], "world_position": [0.705, 0.6498037994254439, -0.15], "world_orientation": [1.0, 8.100187187665134e-17, -1.2653630886983698e-17, -8.100187187665134e-17, 1.0, -1.9397816686250694e-16, 1.2653630886983698e-17, 1.9397816686250694e-16, 1.0], "world_rotation": [-0.9211093596285536, 0.06008602943210125, 0.38463907325148433, -2.1059189642881336e-16]}], "source": "action wait"}
{"timestamp": 1706068430.253152, "objects": [{"color": "cv_", "id_name": "hand", "shape": "CVCylinder", "id_string": "ob383", "world_size": [0.12, 0.005, 0.12], "id": 383, "camera_size": [52, 52], "camera_position": [245, 297], "world_position": [0.602539603203356, 0.7575192500577016, -0.17405574212007247], "world_orientation": [-1.5598321797097418e-05, 0.07904763486084777, 0.9968708397679203, -0.000775163945972724, -0.9968705413454856, 0.07904759906800231, 0.9999996994387296, -0.0007715053238924209, 7.682438405289125e-05], "world_rotation": [0.0, 1.0, 0.0, 0.0]}, {"color": "CVBlue", "id_name": "object226837429605435", "shape": "CVCylinder", "id_string": "ob835", "world_size": [0.1, 0.1, 0.1], "id": 835, "camera_size": [41, 41], "camera_position": [256, 254], "world_position": [0.705, 0.6498037994254439, -0.15], "world_orientation": [1.0, 8.100187187665134e-17, -1.2653630886983698e-17, -8.100187187665134e-17, 1.0, -1.9397816686250694e-16, 1.2653630886983698e-17, 1.9397816686250694e-16, 1.0], "world_rotation": [-0.9211093596285536, 0.06008602943210125, 0.38463907325148433, -2.1059189642881336e-16]}], "source": "action wait"}
{"timestamp": 1706068430.292418, "objects": [{"color": "cv_", "id_name": "hand", "shape": "CVCylinder", "id_string": "ob383", "world_size": [0.12, 0.005, 0.12], "id": 383, "camera_size": [51, 51], "camera_position": [246, 284], "world_position": [0.6342931670086878, 0.7451924943866522, -0.17406343488944115], "world_orientation": [-2.2151003299007916e-05, 0.05524608002926455, 0.9984727688578859, -0.0007712709802323828, -0.998472473071429, 0.055246046552670125, 0.9999997023251599, -0.0007688693158132645, 6.472686534352518e-05], "world_rotation": [0.0, 1.0, 0.0, 0.0]}, {"color": "CVBlue", "id_name": "object226837429605435", "shape": "CVCylinder", "id_string": "ob835", "world_size": [0.1, 0.1, 0.1], "id": 835, "camera_size": [41, 41], "camera_position": [256, 254], "world_position": [0.705, 0.6498037994254439, -0.15], "world_orientation": [1.0, 8.100187187665134e-17, -1.2653630886983698e-17, -8.100187187665134e-17, 1.0, -1.9397816686250694e-16, 1.2653630886983698e-17, 1.9397816686250694e-16, 1.0], "world_rotation": [-0.9211093596285536, 0.06008602943210125, 0.38463907325148433, -2.1059189642881336e-16]}], "source": "action wait"}
{"timestamp": 1706068430.346104, "objects": [{"color": "cv_", "id_name": "hand", "shape": "CVCylinder", "id_string": "ob383", "world_size": [0.12, 0.005, 0.12], "id": 383, "camera_size": [51, 51], "camera_position": [246, 268], "world_position": [0.6720363435668366, 0.7277798765743967, -0.17407842996899137], "world_orientation": [-2.2662048770998895e-05, 0.026604995781612257, 0.9996460241935101, -0.0007652748015637637, -0.999645732192454, 0.026604970661338878, 0.9999997069204118, -0.0007644009896563689, 4.3014153204418185e-05], "world_rotation": [0.0, 1.0, 0.0, 0.0]}, {"color": "CVBlue", "id_name": "object226837429605435", "shape": "CVCylinder", "id_string": "ob835", "world_size": [0.1, 0.1, 0.1], "id": 835, "camera_size": [41, 41], "camera_position": [256, 254], "world_position": [0.705, 0.6498037994254439, -0.15], "world_orientation": [1.0, 8.100187187665134e-17, -1.2653630886983698e-17, -8.100187187665134e-17, 1.0, -1.9397816686250694e-16, 1.2653630886983698e-17, 1.9397816686250694e-16, 1.0], "world_rotation": [-0.9211093596285536, 0.06008602943210125, 0.38463907325148433, -2.1059189642881336e-16]}], "source": "action wait"}
{"timestamp": 1706068430.378712, "objects": [{"color": "cv_", "id_name": "hand", "shape": "CVCylinder", "id_string": "ob383", "world_size": [0.12, 0.005, 0.12], "id": 383, "camera_size": [51, 51], "camera_position": [246, 263], "world_position": [0.6829119738459933, 0.7222032137950333, -0.17408444014166322], "world_orientation": [-2.046320113628765e-05, 0.018254482818344412, 0.9998333728368404, -0.0007637073914386216, -0.999833081755516, 0.018254461873417803, 0.9999997081660963, -0.0007632065923179072, 3.4400868910307274e-05], "world_rotation": [0.0, 1.0, 0.0, 0.0]}, {"color": "CVBlue", "id_name": "object226837429605435", "shape": "CVCylinder", "id_string": "ob835", "world_size": [0.1, 0.1, 0.1], "id": 835, "camera_size": [41, 41], "camera_position": [256, 254], "world_position": [0.705, 0.6498037994254439, -0.15], "world_orientation": [1.0, 8.100187187665134e-17, -1.2653630886983698e-17, -8.100187187665134e-17, 1.0, -1.9397816686250694e-16, 1.2653630886983698e-17, 1.9397816686250694e-16, 1.0], "world_rotation": [-0.9211093596285536, 0.06008602943210125, 0.38463907325148433, -2.1059189642881336e-16]}], "source": "action wait"}
{"timestamp": 1706068430.416565, "objects": [{"color": "cv_", "id_name": "hand", "shape": "CVCylinder", "id_string": "ob383", "world_size": [0.12, 0.005, 0.12], "id": 383, "camera_size": [51, 51], "camera_position": [246, 260], "world_position": [0.6905354378908778, 0.7181495014037979, -0.17408932601451324], "world_orientation": [-1.789435760767877e-05, 0.012368321076469527, 0.9999235092313518, -0.0007628360370854591, -0.9999232186230805, 0.012368303830353474, 0.999999708880444, -0.0007625563643192495, 2.732798469000536e-05], "world_rotation": [0.0, 1.0, 0.0, 0.0]}, {"color": "CVBlue", "id_name": "object226837429605435", "shape": "CVCylinder", "id_string": "ob835", "world_size": [0.1, 0.1, 0.1], "id": 835, "camera_size": [41, 41], "camera_position": [256, 254], "world_position": [0.705, 0.6498037994254439, -0.15], "world_orientation": [1.0, 8.100187187665134e-17, -1.2653630886983698e-17, -8.100187187665134e-17, 1.0, -1.9397816686250694e-16, 1.2653630886983698e-17, 1.9397816686250694e-16, 1.0], "world_rotation": [-0.9211093596285536, 0.06008602943210125, 0.38463907325148433, -2.1059189642881336e-16]}], "source": "action wait"}
{"timestamp": 1706068430.449966, "objects": [{"color": "cv_", "id_name": "hand", "shape": "CVCylinder", "id_string": "ob383", "world_size": [0.12, 0.005, 0.12], "id": 383, "camera_size": [50, 50], "camera_position": [245, 257], "world_position": [0.6958853363758476, 0.7152373347880884, -0.174093199048461], "world_orientation": [-1.5399893384643806e-05, 0.008219482585010533, 0.9999662193638733, -0.0007624245864885464, -0.9999659289431055, 0.008219468456167818, 0.9999997092357544, -0.000762272252363453, 2.166610430539362e-05], "world_rotation": [0.0, 1.0, 0.0, 0.0]}, {"color": "CVBlue", "id_name": "object226837429605435", "shape": "CVCylinder", "id_string": "ob835", "world_size": [0.1, 0.1, 0.1], "id": 835, "camera_size": [41, 41], "camera_position": [256, 254], "world_position": [0.705, 0.6498037994254439, -0.15], "world_orientation": [1.0, 8.100187187665134e-17, -1.2653630886983698e-17, -8.100187187665134e-17, 1.0, -1.9397816686250694e-16, 1.2653630886983698e-17, 1.9397816686250694e-16, 1.0], "world_rotation": [-0.9211093596285536, 0.06008602943210125, 0.38463907325148433, -2.1059189642881336e-16]}], "source": "action wait"}
{"timestamp": 1706068430.483471, "objects": [{"color": "cv_", "id_name": "hand", "shape": "CVCylinder", "id_string": "ob383", "world_size": [0.12, 0.005, 0.12], "id": 383, "camera_size": [50, 50], "camera_position": [245, 256], "world_position": [0.6996433683163115, 0.7131613399597265, -0.1740962164271089], "world_orientation": [-1.315865151282571e-05, 0.00529522444738694, 0.9999859801141723, -0.0007622899139090531, -0.9999856897149356, 0.005295212878788658, 0.9999997093704263, -0.0007622095488309061, 1.7194959397265705e-05], "world_rotation": [0.0, 1.0, 0.0, 0.0]}, {"color": "CVBlue", "id_name": "object226837429605435", "shape": "CVCylinder", "id_string": "ob835", "world_size": [0.1, 0.1, 0.1], "id": 835, "camera_size": [41, 41], "camera_position": [256, 254], "world_position": [0.705, 0.6498037994254439, -0.15], "world_orientation": [1.0, 8.100187187665134e-17, -1.2653630886983698e-17, -8.100187187665134e-17, 1.0, -1.9397816686250694e-16, 1.2653630886983698e-17, 1.9397816686250694e-16, 1.0], "world_rotation": [-0.9211093596285536, 0.06008602943210125, 0.38463907325148433, -2.1059189642881336e-16]}], "source": "action wait"}
{"timestamp": 1706068430.517874, "objects": [{"color": "cv_", "id_name": "hand", "shape": "CVCylinder", "id_string": "ob383", "world_size": [0.12, 0.005, 0.12], "id": 383, "camera_size": [49, 50], "camera_position": [246, 255], "world_position": [0.702285276309513, 0.7116889558519718, -0.1740985381135417], "world_orientation": [-1.1250804728259421e-05, 0.003234074762706137, 0.9999947703032495, -0.0007623068133126358, -0.9999944798399152, 0.0032340652467115075, 0.9999997093808288, -0.0007622664408429635, 1.371609984875486e-05], "world_rotation": [0.0, 1.0, 0.0, 0.0]}, {"color": "CVBlue", "id_name": "object226837429605435", "shape": "CVCylinder", "id_string": "ob835", "world_size": [0.1, 0.1, 0.1], "id": 835, "camera_size": [41, 41], "camera_position": [256, 254], "world_position": [0.705, 0.6498037994254439, -0.15], "world_orientation": [1.0, 8.100187187665134e-17, -1.2653630886983698e-17, -8.100187187665134e-17, 1.0, -1.9397816686250694e-16, 1.2653630886983698e-17, 1.9397816686250694e-16, 1.0], "world_rotation": [-0.9211093596285536, 0.06008602943210125, 0.38463907325148433, -2.1059189642881336e-16]}], "source": "action wait"}
{"timestamp": 1706068430.549034, "objects": [{"color": "cv_", "id_name": "hand", "shape": "CVCylinder", "id_string": "ob383", "world_size": [0.12, 0.005, 0.12], "id": 383, "camera_size": [49, 50], "camera_position": [246, 254], "world_position": [0.7041437071026406, 0.7106481870376364, -0.17410030806896484], "world_orientation": [-9.67958585158207e-06, 0.001781251705244159, 0.9999984135230757, -0.0007623961297240319, -0.9999981229595574, 0.0017812438079864274, 0.9999997093291813, -0.0007623776784981739, 1.1037587089115888e-05], "world_rotation": [0.0, 1.0, 0.0, 0.0]}, {"color": "CVBlue", "id_name": "object226837429605435", "shape": "CVCylinder", "id_string": "ob835", "world_size": [0.1, 0.1, 0.1], "id": 835, "camera_size": [41, 41], "camera_position": [256, 254], "world_position": [0.705, 0.6498037994254439, -0.15], "world_orientation": [1.0, 8.100187187665134e-17, -1.2653630886983698e-17, -8.100187187665134e-17, 1.0, -1.9397816686250694e-16, 1.2653630886983698e-17, 1.9397816686250694e-16, 1.0], "world_rotation": [-0.9211093596285536, 0.06008602943210125, 0.38463907325148433, -2.1059189642881336e-16]}], "source": "action wait"}
{"timestamp": 1706068430.581922, "objects": [{"color": "cv_", "id_name": "hand", "shape": "CVCylinder", "id_string": "ob383", "world_size": [0.12, 0.005, 0.12], "id": 383, "camera_size": [49, 50], "camera_position": [246, 253], "world_position": [0.7054516489842219, 0.7099141254210583, -0.17410164789175453], "world_orientation": [-8.415548495426792e-06, 0.0007571871782502468, 0.9999997132983367, -0.000762511327544755, -0.999999422626885, 0.0007571805412049513, 0.9999997092527848, -0.0007625047368423043, 8.992907437367716e-06], "world_rotation": [0.0, 1.0, 0.0, 0.0]}, {"color": "CVBlue", "id_name": "object226837429605435", "shape": "CVCylinder", "id_string": "ob835", "world_size": [0.1, 0.1, 0.1], "id": 835, "camera_size": [41, 41], "camera_position": [256, 254], "world_position": [0.705, 0.6498037994254439, -0.15], "world_orientation": [1.0, 8.100187187665134e-17, -1.2653630886983698e-17, -8.100187187665134e-17, 1.0, -1.9397816686250694e-16, 1.2653630886983698e-17, 1.9397816686250694e-16, 1.0], "world_rotation": [-0.9211093596285536, 0.06008602943210125, 0.38463907325148433, -2.1059189642881336e-16]}], "source": "action wait"}
{"timestamp": 1706068430.60805, "objects": [{"color": "cv_", "id_name": "hand", "shape": "CVCylinder", "id_string": "ob383", "world_size": [0.12, 0.005, 0.12], "id": 383, "camera_size": [49, 50], "camera_position": [246, 253], "world_position": [0.7063725184493532, 0.7093971143929173, -0.1741026564778057], "world_orientation": [-7.416160352808538e-06, 3.532555999403667e-05, 0.9999999993485527, -0.0007626271752985992, -0.9999997085761059, 3.531989395726102e-05, 0.9999997091723538, -0.0007626269128641772, 7.443098423960884e-06], "world_rotation": [0.0, 1.0, 0.0, 0.0]}, {"color": "CVBlue", "id_name": "object226837429605435", "shape": "CVCylinder", "id_string": "ob835", "world_size": [0.1, 0.1, 0.1], "id": 835, "camera_size": [41, 41], "camera_position": [256, 254], "world_position": [0.705, 0.6498037994254439, -0.15], "world_orientation": [1.0, 8.100187187665134e-17, -1.2653630886983698e-17, -8.100187187665134e-17, 1.0, -1.9397816686250694e-16, 1.2653630886983698e-17, 1.9397816686250694e-16, 1.0], "world_rotation": [-0.9211093596285536, 0.06008602943210125, 0.38463907325148433, -2.1059189642881336e-16]}], "source": "action wait"}
{"timestamp": 1706068430.639327, "objects": [{"color": "cv_", "id_name": "hand", "shape": "CVCylinder", "id_string": "ob383", "world_size": [0.12, 0.005, 0.12], "id": 383, "camera_size": [49, 50], "camera_position": [246, 253], "world_position": [0.7070210632656956, 0.7090332911812061, -0.17410341230717902], "world_orientation": [-6.636370767836345e-06, -0.00047352760609966173, 0.9999998878637761, -0.0007627315274693123, -0.9999995970036989, -0.0004735325301387802, 0.9999997090982456, -0.0007627345844773099, 6.275193659468487e-06], "world_rotation": [0.0, 1.0, 0.0, 0.0]}, {"color": "CVBlue", "id_name": "object226837429605435", "shape": "CVCylinder", "id_string": "ob835", "world_size": [0.1, 0.1, 0.1], "id": 835, "camera_size": [41, 41], "camera_position": [256, 254], "world_position": [0.705, 0.6498037994254439, -0.15], "world_orientation": [1.0, 8.100187187665134e-17, -1.2653630886983698e-17, -8.100187187665134e-17, 1.0, -1.9397816686250694e-16, 1.2653630886983698e-17, 1.9397816686250694e-16, 1.0], "world_rotation": [-0.9211093596285536, 0.06008602943210125, 0.38463907325148433, -2.1059189642881336e-16]}], "source": "action wait"}
{"timestamp": 1706068430.671386, "objects": [{"color": "cv_", "id_name": "hand", "shape": "CVCylinder", "id_string": "ob383", "world_size": [0.12, 0.005, 0.12], "id": 383, "camera_size": [49, 50], "camera_position": [246, 252], "world_position": [0.7074779276342995, 0.7087773950829864, -0.17410397661511426], "world_orientation": [-6.034102003102656e-06, -0.000832236710081763, 0.9999996536727641, -0.0007628198115511485, -0.9999993627401645, -0.0008322410708906866, 0.9999997090347201, -0.0007628245691937734, 5.399251507825395e-06], "world_rotation": [0.0, 1.0, 0.0, 0.0]}, {"color": "CVBlue", "id_name": "object226837429605435", "shape": "CVCylinder", "id_string": "ob835", "world_size": [0.1, 0.1, 0.1], "id": 835, "camera_size": [41, 41], "camera_position": [256, 254], "world_position": [0.705, 0.6498037994254439, -0.15], "world_orientation": [1.0, 8.100187187665134e-17, -1.2653630886983698e-17, -8.100187187665134e-17, 1.0, -1.9397816686250694e-16, 1.2653630886983698e-17, 1.9397816686250694e-16, 1.0], "world_rotation": [-0.9211093596285536, 0.06008602943210125, 0.38463907325148433, -2.1059189642881336e-16]}], "source": "action wait"}
{"timestamp": 1706068430.705245, "objects": [{"color": "cv_", "id_name": "hand", "shape": "CVCylinder", "id_string": "ob383", "world_size": [0.12, 0.005, 0.12], "id": 383, "camera_size": [49, 50], "camera_position": [246, 252], "world_position": [0.7077998265174817, 0.7085974552325138, -0.17410439660445157], "world_orientation": [-5.572764228255279e-06, -0.001085110024995803, 0.9999994112524158, -0.0007628915348652283, -0.9999991202617123, -0.0010851139606555009, 0.9999997089826828, -0.0007628971327993305, 4.744938073578512e-06], "world_rotation": [0.0, 1.0, 0.0, 0.0]}, {"color": "CVBlue", "id_name": "object226837429605435", "shape": "CVCylinder", "id_string": "ob835", "world_size": [0.1, 0.1, 0.1], "id": 835, "camera_size": [41, 41], "camera_position": [256, 254], "world_position": [0.705, 0.6498037994254439, -0.15], "world_orientation": [1.0, 8.100187187665134e-17, -1.2653630886983698e-17, -8.100187187665134e-17, 1.0, -1.9397816686250694e-16, 1.2653630886983698e-17, 1.9397816686250694e-16, 1.0], "world_rotation": [-0.9211093596285536, 0.06008602943210125, 0.38463907325148433, -2.1059189642881336e-16]}], "source": "action wait"}
{"timestamp": 1706068431.769934, "objects": [{"color": "cv_", "id_name": "hand", "shape": "CVCylinder", "id_string": "ob383", "world_size": [0.12, 0.005, 0.12], "id": 383, "camera_size": [49, 50], "camera_position": [246, 252], "world_position": [0.7085685769810367, 0.7081709655130888, -0.17410558144897034], "world_orientation": [-4.17917461293168e-06, -0.0016894225767646002, 0.9999985729159275, -0.0007631195438996606, -0.9999982817439264, -0.0016894252740653714, 0.9999997088155058, -0.0007631255152674945, 2.889936046168773e-06], "world_rotation": [0.0, 1.0, 0.0, 0.0]}, {"color": "CVBlue", "id_name": "object226837429605435", "shape": "CVCylinder", "id_string": "ob835", "world_size": [0.1, 0.1, 0.1], "id": 835, "camera_size": [41, 41], "camera_position": [256, 254], "world_position": [0.705, 0.6498037994254439, -0.15], "world_orientation": [1.0, 8.100187187665134e-17, -1.2653630886983698e-17, -8.100187187665134e-17, 1.0, -1.9397816686250694e-16, 1.2653630886983698e-17, 1.9397816686250694e-16, 1.0], "world_rotation": [-0.9211093596285536, 0.06008602943210125, 0.38463907325148433, -2.1059189642881336e-16]}], "source": "action wait"}
{"timestamp": 1706068431.806047, "objects": [{"color": "cv_", "id_name": "hand", "shape": "CVCylinder", "id_string": "ob383", "world_size": [0.12, 0.005, 0.12], "id": 383, "camera_size": [51, 51], "camera_position": [246, 251], "world_position": [0.7111934061486482, 0.7302347180465962, -0.17409373661032734], "world_orientation": [1.652049868441229e-05, 0.030576876439039696, 0.999532417860624, -0.0007432720516513423, -0.9995321415240123, 0.030576880270546114, 0.999999723636827, -0.0007434296562259232, 6.214168255254293e-06], "world_rotation": [0.0, 1.0, 0.0, 0.0]}, {"color": "CVBlue", "id_name": "object226837429605435", "shape": "CVCylinder", "id_string": "ob835", "world_size": [0.1, 0.1, 0.1], "id": 835, "camera_size": [42, 44], "camera_position": [252, 251], "world_position": [0.7104964576194457, 0.6748477473619151, -0.15866242020822466], "world_orientation": [0.9994896562615058, -0.03194412325500287, -3.965650635055631e-06, 0.031944123364380766, 0.999489655768211, 3.1540835665952384e-05, 2.9560824460498475e-06, -3.1651418231069635e-05, 0.9999999994947246], "world_rotation": [0.0009891056017107352, 0.0001083412054778849, -0.9999995049660235, -0.03194957440179824]}], "source": "action wait"}
{"timestamp": 1706068431.835212, "objects": [{"color": "cv_", "id_name": "hand", "shape": "CVCylinder", "id_string": "ob383", "world_size": [0.12, 0.005, 0.12], "id": 383, "camera_size": [52, 52], "camera_position": [245, 249], "world_position": [0.7148986128466517, 0.7830298204546081, -0.1741082334185491], "world_orientation": [7.614510395390871e-05, 0.10655766259357119, 0.9943065215236787, -0.0007258144739608257, -0.9943062566133851, 0.10655768978739581, 0.9999997336976008, -0.0007297959112417861, 1.6295405504165549e-06], "world_rotation": [0.0, 1.0, 0.0, 0.0]}, {"color": "CVBlue", "id_name": "object226837429605435", "shape": "CVCylinder", "id_string": "ob835", "world_size": [0.1, 0.1, 0.1], "id": 835, "camera_size": [44, 48], "camera_position": [249, 247], "world_position": [0.7188224031592312, 0.7296260771976097, -0.1642309753902765], "world_orientation": [0.9941820098719066, -0.10771318968688891, -3.812160324164231e-06, 0.10771318973759668, 0.9941820084704593, 5.282230650991105e-05, -1.8996779131120049e-06, -5.292560680040011e-05, 0.9999999985976357], "world_rotation": [0.0004908772121971248, 8.877660134611976e-06, -0.9999998794803677, -0.10792258154097929]}], "source": "action wait"}
{"timestamp": 1706068431.866459, "objects": [{"color": "cv_", "id_name": "hand", "shape": "CVCylinder", "id_string": "ob383", "world_size": [0.12, 0.005, 0.12], "id": 383, "camera_size": [56, 55], "camera_position": [244, 250], "world_position": [0.7135859551957413, 0.8530833727684214, -0.17411344152803557], "world_orientation": [0.000150980684302819, 0.20571834207589126, 0.9786112307440477, -0.0007192795410500266, -0.9786109664086995, 0.20571839747959633, 0.9999997299208511, -0.0007349545413414312, 2.176412997461208e-07], "world_rotation": [0.0, 1.0, 0.0, 0.0]}, {"color": "CVBlue", "id_name": "object226837429605435", "shape": "CVCylinder", "id_string": "ob835", "world_size": [0.1, 0.1, 0.1], "id": 835, "camera_size": [46, 54], "camera_position": [247, 245], "world_position": [0.7230367662530653, 0.8014362570076116, -0.16779120483870502], "world_orientation": [0.9783987084761037, -0.20672679360890936, -7.51476483945064e-06, 0.20672679371677208, 0.978398707087768, 5.2235688835861686e-05, -3.4460802620032633e-06, -5.266083373416187e-05, 0.9999999986074806], "world_rotation": [0.00025370808817372175, 9.840728369589163e-06, -0.9999999677676826, -0.20822830420545832]}], "source": "action wait"}
{"timestamp": 1706068431.901486, "objects": [{"color": "cv_", "id_name": "hand", "shape": "CVCylinder", "id_string": "ob383", "world_size": [0.12, 0.005, 0.12], "id": 383, "camera_size": [59, 57], "camera_position": [244, 254], "world_position": [0.7048058352840827, 0.9226619430635197, -0.17411469297581386], "world_orientation": [0.0002260335188277977, 0.30283780698530266, 0.9530420827902518, -0.0007089150943021809, -0.9530418191292068, 0.3028378913383887, 0.9999997231740806, -0.0007440774322090413, -7.331034701081509e-07], "world_rotation": [0.0, 1.0, 0.0, 0.0]}, {"color": "CVBlue", "id_name": "object226837429605435", "shape": "CVCylinder", "id_string": "ob835", "world_size": [0.1, 0.1, 0.1], "id": 835, "camera_size": [49, 62], "camera_position": [246, 246], "world_position": [0.7195120432627091, 0.8729256014844167, -0.17006778289937086], "world_orientation": [0.9527550877390251, -0.303739596839879, -9.947399701283342e-06, 0.30373959697033737, 0.9527550866478006, 4.5815270939080234e-05, -4.438476259829542e-06, -4.6672151659521235e-05, 0.9999999989010051], "world_rotation": [0.00015224788349177659, 9.068497215233869e-06, -0.9999999883691721, -0.3086152499619408]}], "source": "action wait"}
{"timestamp": 1706068431.93321, "objects": [{"color": "cv_", "id_name": "hand", "shape": "CVCylinder", "id_string": "ob383", "world_size": [0.12, 0.005, 0.12], "id": 383, "camera_size": [62, 59], "camera_position": [243, 262], "world_position": [0.6888246833244781, 0.9909308547368146, -0.17411508768930853], "world_orientation": [0.00029983404875314834, 0.39689691551894507, 0.9178631426041087, -0.0006878567139126661, -0.9178628848630195, 0.39689702876700517, 0.9999997184763025, -0.0007503615681667091, -2.198336897304033e-06], "world_rotation": [0.0, 1.0, 0.0, 0.0]}, {"color": "CVBlue", "id_name": "object226837429605435", "shape": "CVCylinder", "id_string": "ob835", "world_size": [0.1, 0.1, 0.1], "id": 835, "camera_size": [52, 68], "camera_position": [244, 251], "world_position": [0.7085233039199994, 0.943369778128212, -0.171524292944225], "world_orientation": [0.917508615704325, -0.3977159036013063, -1.1442450071597448e-05, 0.3977159037220636, 0.9175086147962479, 4.124575828457043e-05, -5.905547510802395e-06, -4.239418295837138e-05, 0.9999999990839289], "world_rotation": [0.0001051503598529426, 6.960876443554537e-06, -0.9999999944474739, -0.4090260463225201]}], "source": "action wait"}
{"timestamp": 1706068431.965468, "objects": [{"color": "cv_", "id_name": "hand", "shape": "CVCylinder", "id_string": "ob383", "world_size": [0.12, 0.005, 0.12], "id": 383, "camera_size": [66, 59], "camera_position": [242, 275], "world_position": [0.6659070733778681, 1.057203241304657, -0.17411530891742263], "world_orientation": [0.00037117127890323856, 0.48695015225836563, 0.8734296831728564, -0.0006573885764280737, -0.8734294357899288, 0.4869502937014685, 0.9999997150360301, -0.0007549246593066444, -4.0764533288116185e-06], "world_rotation": [0.0, 1.0, 0.0, 0.0]}, {"color": "CVBlue", "id_name": "object226837429605435", "shape": "CVCylinder", "id_string": "ob835", "world_size": [0.1, 0.1, 0.1], "id": 835, "camera_size": [55, 75], "camera_position": [244, 261], "world_position": [0.6903261162693967, 1.0121452448345118, -0.17245638063387123], "world_orientation": [0.8730116623994602, -0.4876993306981103, -1.229416150271248e-05, 0.4876993307911958, 0.873011661609771, 3.793635000775948e-05, -7.76858614633164e-06, -3.911473032315362e-05, 0.9999999992048436], "world_rotation": [7.899444927680414e-05, 4.639718630843816e-06, -0.999999996869175, -0.5094524841351483]}], "source": "action wait"}
{"timestamp": 1706068431.998311, "objects": [{"color": "cv_", "id_name": "hand", "shape": "CVCylinder", "id_string": "ob383", "world_size": [0.12, 0.005, 0.12], "id": 383, "camera_size": [71, 60], "camera_position": [242, 289], "world_position": [0.642029421599715, 1.1085495364280458, -0.17411450670391151], "world_orientation": [0.00043304948564718893, 0.5559585469657985, 0.8312099052127692, -0.0006365194573185769, -0.8312096615197188, 0.5559587155888965, 0.9999997036555178, -0.000769838913610792, -6.0764837792753025e-06], "world_rotation": [0.0, 1.0, 0.0, 0.0]}, {"color": "CVBlue", "id_name": "object226837429605435", "shape": "CVCylinder", "id_string": "ob835", "world_size": [0.1, 0.1, 0.1], "id": 835, "camera_size": [58, 80], "camera_position": [242, 273], "world_position": [0.6699966190167702, 1.0659124468467516, -0.17305252702731952], "world_orientation": [0.8307450098276482, -0.5566531492880866, -5.840892873888231e-06, 0.5566531492336029, 0.8307450094713649, 2.620561285587514e-05, -9.735144319407757e-06, -2.502153352207953e-05, 0.999999999639575], "world_rotation": [-4.6013524212908306e-05, 3.4979155750256387e-06, 0.9999999989352601, 0.5903516031217597]}], "source": "action wait"}
{"timestamp": 1706068432.033036, "objects": [{"color": "cv_", "id_name": "hand", "shape": "CVCylinder", "id_string": "ob383", "world_size": [0.12, 0.005, 0.12], "id": 383, "camera_size": [73, 62], "camera_position": [241, 302], "world_position": [0.6223066157050288, 1.143262735810475, -0.17411530820141755], "world_orientation": [0.000476383444239277, 0.6024851325170515, 0.7981299631981776, -0.0006150124053176392, -0.798129726302791, 0.6024853207768418, 0.999999697409232, -0.0007778738606379499, -9.679957447949293e-06], "world_rotation": [0.0, 1.0, 0.0, 0.0]}, {"color": "CVBlue", "id_name": "object226837429605435", "shape": "CVCylinder", "id_string": "ob835", "world_size": [0.1, 0.1, 0.1], "id": 835, "camera_size": [60, 84], "camera_position": [241, 284], "world_position": [0.6526081654988239, 1.102579237420554, -0.1734352684489105], "world_orientation": [0.797634735042514, -0.603140804003224, 5.6032652797812966e-08, 0.6031408038563497, 0.7976347348503209, 2.1994880679149517e-05, -1.3310703606934554e-05, -1.751008524355446e-05, 0.999999999758111], "world_rotation": [-3.274937265203876e-05, 1.1080941767371899e-05, 0.9999999994023457, 0.6474329214606122]}], "source": "action wait"}
{"timestamp": 1706068432.0691, "objects": [{"color": "cv_", "id_name": "hand", "shape": "CVCylinder", "id_string": "ob383", "world_size": [0.12, 0.005, 0.12], "id": 383, "camera_size": [75, 62], "camera_position": [241, 312], "world_position": [0.6070686712977811, 1.166899766045707, -0.17411685521925613], "world_orientation": [0.0005053434814431148, 0.6341292837176015, 0.7732268723730235, -0.000595087494385114, -0.773226643494478, 0.6341294849327993, 0.9999996952493734, -0.0007805908436734292, -1.3382637403836714e-05], "world_rotation": [0.0, 1.0, 0.0, 0.0]}, {"color": "CVBlue", "id_name": "object226837429605435", "shape": "CVCylinder", "id_string": "ob835", "world_size": [0.1, 0.1, 0.1], "id": 835, "camera_size": [62, 87], "camera_position": [241, 294], "world_position": [0.6389263946229671, 1.1277001524223447, -0.17368111895228622], "world_orientation": [0.772711409223879, -0.6347574954601086, 3.529481204343831e-06, 0.634757495242437, 0.7727114090838737, 2.2475809540055214e-05, -1.6993958966827433e-05, -1.5126949814369019e-05, 0.9999999997411904], "world_rotation": [-2.9619783624773254e-05, 1.6166362988851996e-05, 0.9999999994306586, 0.687694644044701]}], "source": "action wait"}
{"timestamp": 1706068432.104057, "objects": [{"color": "cv_", "id_name": "hand", "shape": "CVCylinder", "id_string": "ob383", "world_size": [0.12, 0.005, 0.12], "id": 383, "camera_size": [76, 62], "camera_position": [240, 320], "world_position": [0.5957089462359507, 1.18312653731968, -0.17411842713751052], "world_orientation": [0.0005243921380359313, 0.6558321117929762, 0.7549065943241261, -0.0005784601605579482, -0.7549063728767645, 0.6558323212330194, 0.9999996951983178, -0.0007805967028834741, -1.6494218202456166e-05], "world_rotation": [0.0, 1.0, 0.0, 0.0]}, {"color": "CVBlue", "id_name": "object226837429605435", "shape": "CVCylinder", "id_string": "ob835", "world_size": [0.1, 0.1, 0.1], "id": 835, "camera_size": [63, 89], "camera_position": [241, 301], "world_position": [0.6286183515571128, 1.145017834250055, -0.17383894850296056], "world_orientation": [0.7543773139880635, -0.6564410621786465, 5.091667855320356e-06, 0.6564410618908836, 0.7543773138493993, 2.4757504713108255e-05, -2.0092881410475527e-05, -1.5334120052779254e-05, 0.9999999996805706], "world_rotation": [-3.05371091622045e-05, 1.9182643123630496e-05, 0.9999999993497556, 0.7160913040734933]}], "source": "action wait"}
