{"timestamp": 1709221940.38975, "objects": [{"color": "cv_", "id_name": "hand", "shape": "CVCylinder", "id_string": "ob382", "world_size": [0.12, 0.005, 0.12], "id": 382, "camera_size": [48, 50], "camera_position": [246, 426], "world_position": [0.26764451554001223, 0.6334703013849834, -0.1738926040084745], "world_orientation": [-0.0006415488248237315, 0.19791547486691907, 0.9802188802626214, -0.0007473670554023832, -0.9802189031248656, 0.1979149903346647, 0.9999995149286773, -0.0006056111687277737, 0.0007767737910400482], "world_rotation": [0.0, 1.0, 0.0, 0.0]}, {"color": "CVPurple", "id_name": "object25008587744047", "shape": "CVSphere", "id_string": "ob435", "world_size": [0.1, 0.1, 0.1], "id": 435, "camera_size": [41, 41], "camera_position": [256, 254], "world_position": [0.705, 0.649803795681077, -0.15], "world_orientation": [1.0, 1.9184653865522657e-17, -9.55897242464241e-18, -1.9184653865522657e-17, 1.0, -1.6626700016786308e-16, 9.55897242464241e-18, 1.6626700016786308e-16, 1.0], "world_rotation": [-0.9917927042003282, 0.05701984820103169, 0.11443761971542243, -1.67642894995807e-16]}], "source": "manual check"}
{"timestamp": 1709221941.423066, "objects": [{"color": "cv_", "id_name": "hand", "shape": "CVCylinder", "id_string": "ob382", "world_size": [0.12, 0.005, 0.12], "id": 382, "camera_size": [48, 50], "camera_position": [246, 426], "world_position": [0.26764451554001223, 0.6334703013849834, -0.1738926040084745], "world_orientation": [-0.0006415488248237315, 0.19791547486691907, 0.9802188802626214, -0.0007473670554023832, -0.9802189031248656, 0.1979149903346647, 0.9999995149286773, -0.0006056111687277737, 0.0007767737910400482], "world_rotation": [0.0, 1.0, 0.0, 0.0]}, {"color": "CVPurple", "id_name": "object25008587744047", "shape": "CVSphere", "id_string": "ob435", "world_size": [0.1, 0.1, 0.1], "id": 435, "camera_size": [41, 41], "camera_position": [256, 254], "world_position": [0.705, 0.6498037994254439, -0.15], "world_orientation": [1.0, 8.100187187665134e-17, -1.2653630886983698e-17, -8.100187187665134e-17, 1.0, -1.9397816686250694e-16, 1.2653630886983698e-17, 1.9397816686250694e-16, 1.0], "world_rotation": [-0.9211093596285536, 0.06008602943210125, 0.38463907325148433, -2.1059189642881336e-16]}], "source": "manual check"}
{"timestamp": 1709221942.36691, "objects": [{"color": "cv_", "id_name": "hand", "shape": "CVCylinder", "id_string": "ob382", "world_size": [0.12, 0.005, 0.12], "id": 382, "camera_size": [48, 50], "camera_position": [246, 426], "world_position": [0.26764451554001223, 0.6334703013849834, -0.1738926040084745], "world_orientation": [-0.0006415488248237315, 0.19791547486691907, 0.9802188802626214, -0.0007473670554023832, -0.9802189031248656, 0.1979149903346647, 0.9999995149286773, -0.0006056111687277737, 0.0007767737910400482], "world_rotation": [0.0, 1.0, 0.0, 0.0]}, {"color": "CVPurple", "id_name": "object25008587744047", "shape": "CVSphere", "id_string": "ob435", "world_size": [0.1, 0.1, 0.1], "id": 435, "camera_size": [41, 41], "camera_position": [256, 254], "world_position": [0.705, 0.6498037994254439, -0.15], "world_orientation": [1.0, 8.100187187665134e-17, -1.2653630886983698e-17, -8.100187187665134e-17, 1.0, -1.9397816686250694e-16, 1.2653630886983698e-17, 1.9397816686250694e-16, 1.0], "world_rotation": [-0.9211093596285536, 0.06008602943210125, 0.38463907325148433, -2.1059189642881336e-16]}], "source": "action wait"}
{"timestamp": 1709221942.41423, "objects": [{"color": "cv_", "id_name": "hand", "shape": "CVCylinder", "id_string": "ob382", "world_size": [0.12, 0.005, 0.12], "id": 382, "camera_size": [49, 51], "camera_position": [246, 421], "world_position": [0.29095835177575763, 0.6676214362463667, -0.17395617486786016], "world_orientation": [-0.00038390707378120734, 0.19679433845404648, 0.9804447159160954, -0.0007155588418110171, -0.980444591222433, 0.1967940332383594, 0.999999670295397, -0.000626015263942796, 0.0005172175429203874], "world_rotation": [0.0, 1.0, 0.0, 0.0]}, {"color": "CVPurple", "id_name": "object25008587744047", "shape": "CVSphere", "id_string": "ob435", "world_size": [0.1, 0.1, 0.1], "id": 435, "camera_size": [41, 41], "camera_position": [256, 254], "world_position": [0.705, 0.6498037994254439, -0.15], "world_orientation": [1.0, 8.100187187665134e-17, -1.2653630886983698e-17, -8.100187187665134e-17, 1.0, -1.9397816686250694e-16, 1.2653630886983698e-17, 1.9397816686250694e-16, 1.0], "world_rotation": [-0.9211093596285536, 0.06008602943210125, 0.38463907325148433, -2.1059189642881336e-16]}], "source": "action wait"}
{"timestamp": 1709221942.436222, "objects": [{"color": "cv_", "id_name": "hand", "shape": "CVCylinder", "id_string": "ob382", "world_size": [0.12, 0.005, 0.12], "id": 382, "camera_size": [51, 52], "camera_position": [246, 406], "world_position": [0.33689794738013923, 0.705487540525999, -0.1739840146775522], "world_orientation": [-0.00022514504596080146, 0.1841307283861172, 0.9829017367843574, -0.000732035802932396, -0.9829015286865271, 0.18413052172106453, 0.9999997067166029, -0.0006780631873152016, 0.0003560856954501536], "world_rotation": [0.0, 1.0, 0.0, 0.0]}, {"color": "CVPurple", "id_name": "object25008587744047", "shape": "CVSphere", "id_string": "ob435", "world_size": [0.1, 0.1, 0.1], "id": 435, "camera_size": [41, 41], "camera_position": [256, 254], "world_position": [0.705, 0.6498037994254439, -0.15], "world_orientation": [1.0, 8.100187187665134e-17, -1.2653630886983698e-17, -8.100187187665134e-17, 1.0, -1.9397816686250694e-16, 1.2653630886983698e-17, 1.9397816686250694e-16, 1.0], "world_rotation": [-0.9211093596285536, 0.06008602943210125, 0.38463907325148433, -2.1059189642881336e-16]}], "source": "action wait"}
{"timestamp": 1709221942.470551, "objects": [{"color": "cv_", "id_name": "hand", "shape": "CVCylinder", "id_string": "ob382", "world_size": [0.12, 0.005, 0.12], "id": 382, "camera_size": [51, 52], "camera_position": [246, 388], "world_position": [0.38739022417070457, 0.7385907141248182, -0.174004533493444], "world_orientation": [-0.00012221460279655436, 0.17511182303710807, 0.9845485434940277, -0.0007433076906521761, -0.9845482947698395, 0.17511168653027864, 0.9999997162785939, -0.0007104212989854691, 0.0002504881435673484], "world_rotation": [0.0, 1.0, 0.0, 0.0]}, {"color": "CVPurple", "id_name": "object25008587744047", "shape": "CVSphere", "id_string": "ob435", "world_size": [0.1, 0.1, 0.1], "id": 435, "camera_size": [41, 41], "camera_position": [256, 254], "world_position": [0.705, 0.6498037994254439, -0.15], "world_orientation": [1.0, 8.100187187665134e-17, -1.2653630886983698e-17, -8.100187187665134e-17, 1.0, -1.9397816686250694e-16, 1.2653630886983698e-17, 1.9397816686250694e-16, 1.0], "world_rotation": [-0.9211093596285536, 0.06008602943210125, 0.38463907325148433, -2.1059189642881336e-16]}], "source": "action wait"}
{"timestamp": 1709221942.514472, "objects": [{"color": "cv_", "id_name": "hand", "shape": "CVCylinder", "id_string": "ob382", "world_size": [0.12, 0.005, 0.12], "id": 382, "camera_size": [52, 53], "camera_position": [245, 368], "world_position": [0.44145589109583866, 0.7664898866789159, -0.17402303598681132], "world_orientation": [-4.977135664056829e-05, 0.16873941986000396, 0.985660695020412, -0.0007507004244066435, -0.9856604248107822, 0.16873933569473817, 0.9999997169858026, -0.0007315375164169153, 0.0001757304106332077], "world_rotation": [0.0, 1.0, 0.0, 0.0]}, {"color": "CVPurple", "id_name": "object25008587744047", "shape": "CVSphere", "id_string": "ob435", "world_size": [0.1, 0.1, 0.1], "id": 435, "camera_size": [41, 41], "camera_position": [256, 254], "world_position": [0.705, 0.6498037994254439, -0.15], "world_orientation": [1.0, 8.100187187665134e-17, -1.2653630886983698e-17, -8.100187187665134e-17, 1.0, -1.9397816686250694e-16, 1.2653630886983698e-17, 1.9397816686250694e-16, 1.0], "world_rotation": [-0.9211093596285536, 0.06008602943210125, 0.38463907325148433, -2.1059189642881336e-16]}], "source": "action wait"}
{"timestamp": 1709221942.550239, "objects": [{"color": "cv_", "id_name": "hand", "shape": "CVCylinder", "id_string": "ob382", "world_size": [0.12, 0.005, 0.12], "id": 382, "camera_size": [52, 53], "camera_position": [245, 344], "world_position": [0.49865446385721457, 0.7805142273478156, -0.17403822884488662], "world_orientation": [-6.868533570523956e-06, 0.15227656892724245, 0.9883379212134734, -0.0007644646663761488, -0.9883376332408935, 0.15227651924562433, 0.999999707773256, -0.000754503502823197, 0.00012319848667521194], "world_rotation": [0.0, 1.0, 0.0, 0.0]}, {"color": "CVPurple", "id_name": "object25008587744047", "shape": "CVSphere", "id_string": "ob435", "world_size": [0.1, 0.1, 0.1], "id": 435, "camera_size": [41, 41], "camera_position": [256, 254], "world_position": [0.705, 0.6498037994254439, -0.15], "world_orientation": [1.0, 8.100187187665134e-17, -1.2653630886983698e-17, -8.100187187665134e-17, 1.0, -1.9397816686250694e-16, 1.2653630886983698e-17, 1.9397816686250694e-16, 1.0], "world_rotation": [-0.9211093596285536, 0.06008602943210125, 0.38463907325148433, -2.1059189642881336e-16]}], "source": "action wait"}
{"timestamp": 1709221942.590614, "objects": [{"color": "cv_", "id_name": "hand", "shape": "CVCylinder", "id_string": "ob382", "world_size": [0.12, 0.005, 0.12], "id": 382, "camera_size": [52, 53], "camera_position": [245, 318], "world_position": [0.557266614290597, 0.771427514447113, -0.17405007925581142], "world_orientation": [-9.340709695869287e-07, 0.1127250379784229, 0.993626220372576, -0.0007770175662292218, -0.9936259205007345, 0.11272500322807791, 0.9999996981213691, -0.0007719597343426917, 8.851745179046233e-05], "world_rotation": [0.0, 1.0, 0.0, 0.0]}, {"color": "CVPurple", "id_name": "object25008587744047", "shape": "CVSphere", "id_string": "ob435", "world_size": [0.1, 0.1, 0.1], "id": 435, "camera_size": [41, 41], "camera_position": [256, 254], "world_position": [0.705, 0.6498037994254439, -0.15], "world_orientation": [1.0, 8.100187187665134e-17, -1.2653630886983698e-17, -8.100187187665134e-17, 1.0, -1.9397816686250694e-16, 1.2653630886983698e-17, 1.9397816686250694e-16, 1.0], "world_rotation": [-0.9211093596285536, 0.06008602943210125, 0.38463907325148433, -2.1059189642881336e-16]}], "source": "action wait"}
{"timestamp": 1709221942.624087, "objects": [{"color": "cv_", "id_name": "hand", "shape": "CVCylinder", "id_string": "ob382", "world_size": [0.12, 0.005, 0.12], "id": 382, "camera_size": [52, 52], "camera_position": [245, 297], "world_position": [0.6025078298831117, 0.757426504610468, -0.1740557184951025], "world_orientation": [-1.5642734697992396e-05, 0.07904540111734432, 0.9968710168911038, -0.0007751545561329967, -0.9968707184792458, 0.0790453652916245, 0.9999996994453144, -0.0007714926249420492, 7.686618699522962e-05], "world_rotation": [0.0, 1.0, 0.0, 0.0]}, {"color": "CVPurple", "id_name": "object25008587744047", "shape": "CVSphere", "id_string": "ob435", "world_size": [0.1, 0.1, 0.1], "id": 435, "camera_size": [41, 41], "camera_position": [256, 254], "world_position": [0.705, 0.6498037994254439, -0.15], "world_orientation": [1.0, 8.100187187665134e-17, -1.2653630886983698e-17, -8.100187187665134e-17, 1.0, -1.9397816686250694e-16, 1.2653630886983698e-17, 1.9397816686250694e-16, 1.0], "world_rotation": [-0.9211093596285536, 0.06008602943210125, 0.38463907325148433, -2.1059189642881336e-16]}], "source": "action wait"}
{"timestamp": 1709221942.642183, "objects": [{"color": "cv_", "id_name": "hand", "shape": "CVCylinder", "id_string": "ob382", "world_size": [0.12, 0.005, 0.12], "id": 382, "camera_size": [51, 51], "camera_position": [246, 284], "world_position": [0.6342399166520372, 0.7450981933794874, -0.1740634155691813], "world_orientation": [-2.2183958794157734e-05, 0.05524454250651569, 0.9984728539279965, -0.000771262155662588, -0.9984725581504064, 0.05524450900560976, 0.9999997023312354, -0.0007688587837800403, 6.47580990296585e-05], "world_rotation": [0.0, 1.0, 0.0, 0.0]}, {"color": "CVPurple", "id_name": "object25008587744047", "shape": "CVSphere", "id_string": "ob435", "world_size": [0.1, 0.1, 0.1], "id": 435, "camera_size": [41, 41], "camera_position": [256, 254], "world_position": [0.705, 0.6498037994254439, -0.15], "world_orientation": [1.0, 8.100187187665134e-17, -1.2653630886983698e-17, -8.100187187665134e-17, 1.0, -1.9397816686250694e-16, 1.2653630886983698e-17, 1.9397816686250694e-16, 1.0], "world_rotation": [-0.9211093596285536, 0.06008602943210125, 0.38463907325148433, -2.1059189642881336e-16]}], "source": "action wait"}
{"timestamp": 1709221942.675568, "objects": [{"color": "cv_", "id_name": "hand", "shape": "CVCylinder", "id_string": "ob382", "world_size": [0.12, 0.005, 0.12], "id": 382, "camera_size": [51, 50], "camera_position": [246, 274], "world_position": [0.6564339463639282, 0.735218646159309, -0.17407130029600232], "world_orientation": [-2.3729422928658748e-05, 0.03844883479287358, 0.9992605698915499, -0.00076776946049548, -0.9992602763562933, 0.03844880526622619, 0.9999997049834416, -0.0007662893806791264, 5.32317108594493e-05], "world_rotation": [0.0, 1.0, 0.0, 0.0]}, {"color": "CVPurple", "id_name": "object25008587744047", "shape": "CVSphere", "id_string": "ob435", "world_size": [0.1, 0.1, 0.1], "id": 435, "camera_size": [41, 41], "camera_position": [256, 254], "world_position": [0.705, 0.6498037994254439, -0.15], "world_orientation": [1.0, 8.100187187665134e-17, -1.2653630886983698e-17, -8.100187187665134e-17, 1.0, -1.9397816686250694e-16, 1.2653630886983698e-17, 1.9397816686250694e-16, 1.0], "world_rotation": [-0.9211093596285536, 0.06008602943210125, 0.38463907325148433, -2.1059189642881336e-16]}], "source": "action wait"}
{"timestamp": 1709221942.69399, "objects": [{"color": "cv_", "id_name": "hand", "shape": "CVCylinder", "id_string": "ob382", "world_size": [0.12, 0.005, 0.12], "id": 382, "camera_size": [51, 51], "camera_position": [246, 268], "world_position": [0.671957192839393, 0.727687018381492, -0.17407841178808459], "world_orientation": [-2.2684084202581934e-05, 0.026604280682739404, 0.9996460432246939, -0.0007652701999250797, -0.9996457512280852, 0.026604255546029066, 0.9999997069234338, -0.0007643958341802787, 4.3035511590927896e-05], "world_rotation": [0.0, 1.0, 0.0, 0.0]}, {"color": "CVPurple", "id_name": "object25008587744047", "shape": "CVSphere", "id_string": "ob435", "world_size": [0.1, 0.1, 0.1], "id": 435, "camera_size": [41, 41], "camera_position": [256, 254], "world_position": [0.705, 0.6498037994254439, -0.15], "world_orientation": [1.0, 8.100187187665134e-17, -1.2653630886983698e-17, -8.100187187665134e-17, 1.0, -1.9397816686250694e-16, 1.2653630886983698e-17, 1.9397816686250694e-16, 1.0], "world_rotation": [-0.9211093596285536, 0.06008602943210125, 0.38463907325148433, -2.1059189642881336e-16]}], "source": "action wait"}
{"timestamp": 1709221942.727475, "objects": [{"color": "cv_", "id_name": "hand", "shape": "CVCylinder", "id_string": "ob382", "world_size": [0.12, 0.005, 0.12], "id": 382, "camera_size": [51, 50], "camera_position": [246, 263], "world_position": [0.6828253188782402, 0.7221114302302357, -0.17408442109110922], "world_orientation": [-2.0476742804276237e-05, 0.018254000114642836, 0.9998333816494215, -0.0007637043454411542, -0.9998330905708777, 0.018253979159626486, 0.9999997081681454, -0.0007632033162467348, 3.44139842524314e-05], "world_rotation": [0.0, 1.0, 0.0, 0.0]}, {"color": "CVPurple", "id_name": "object25008587744047", "shape": "CVSphere", "id_string": "ob435", "world_size": [0.1, 0.1, 0.1], "id": 435, "camera_size": [41, 41], "camera_position": [256, 254], "world_position": [0.705, 0.6498037994254439, -0.15], "world_orientation": [1.0, 8.100187187665134e-17, -1.2653630886983698e-17, -8.100187187665134e-17, 1.0, -1.9397816686250694e-16, 1.2653630886983698e-17, 1.9397816686250694e-16, 1.0], "world_rotation": [-0.9211093596285536, 0.06008602943210125, 0.38463907325148433, -2.1059189642881336e-16]}], "source": "action wait"}
{"timestamp": 1709221942.745131, "objects": [{"color": "cv_", "id_name": "hand", "shape": "CVCylinder", "id_string": "ob382", "world_size": [0.12, 0.005, 0.12], "id": 382, "camera_size": [51, 51], "camera_position": [246, 260], "world_position": [0.6904435190003286, 0.718058640772965, -0.1740893058715101], "world_orientation": [-1.7921534154999458e-05, 0.012367998394584542, 0.9999235132221516, -0.0007628344229896557, -0.9999232226158483, 0.012367981127882758, 0.9999997088811885, -0.000762554423046759, 2.735489310572592e-05], "world_rotation": [0.0, 1.0, 0.0, 0.0]}, {"color": "CVPurple", "id_name": "object25008587744047", "shape": "CVSphere", "id_string": "ob435", "world_size": [0.1, 0.1, 0.1], "id": 435, "camera_size": [41, 41], "camera_position": [256, 254], "world_position": [0.705, 0.6498037994254439, -0.15], "world_orientation": [1.0, 8.100187187665134e-17, -1.2653630886983698e-17, -8.100187187665134e-17, 1.0, -1.9397816686250694e-16, 1.2653630886983698e-17, 1.9397816686250694e-16, 1.0], "world_rotation": [-0.9211093596285536, 0.06008602943210125, 0.38463907325148433, -2.1059189642881336e-16]}], "source": "action wait"}
{"timestamp": 1709221942.77817, "objects": [{"color": "cv_", "id_name": "hand", "shape": "CVCylinder", "id_string": "ob382", "world_size": [0.12, 0.005, 0.12], "id": 382, "camera_size": [50, 50], "camera_position": [245, 257], "world_position": [0.6957897235320206, 0.7151472011930232, -0.17409317781315375], "world_orientation": [-1.5419117455133455e-05, 0.008219269927417167, 0.999966221111549, -0.0007624236450052072, -0.9999659306919126, 0.008219255784002694, 0.999999709236176, -0.0007622711575120063, 2.168515787418053e-05], "world_rotation": [0.0, 1.0, 0.0, 0.0]}, {"color": "CVPurple", "id_name": "object25008587744047", "shape": "CVSphere", "id_string": "ob435", "world_size": [0.1, 0.1, 0.1], "id": 435, "camera_size": [41, 41], "camera_position": [256, 254], "world_position": [0.705, 0.6498037994254439, -0.15], "world_orientation": [1.0, 8.100187187665134e-17, -1.2653630886983698e-17, -8.100187187665134e-17, 1.0, -1.9397816686250694e-16, 1.2653630886983698e-17, 1.9397816686250694e-16, 1.0], "world_rotation": [-0.9211093596285536, 0.06008602943210125, 0.38463907325148433, -2.1059189642881336e-16]}], "source": "action wait"}
{"timestamp": 1709221942.799401, "objects": [{"color": "cv_", "id_name": "hand", "shape": "CVCylinder", "id_string": "ob382", "world_size": [0.12, 0.005, 0.12], "id": 382, "camera_size": [50, 50], "camera_position": [245, 256], "world_position": [0.6995451615606875, 0.7130717531816014, -0.17409619421020983], "world_orientation": [-1.3184147544023285e-05, 0.0052950873737595315, 0.9999859808396728, -0.0007622894909220811, -0.9999856904411958, 0.0052950757857749995, 0.9999997093704129, -0.0007622089932034239, 1.7220348343586324e-05], "world_rotation": [0.0, 1.0, 0.0, 0.0]}, {"color": "CVPurple", "id_name": "object25008587744047", "shape": "CVSphere", "id_string": "ob435", "world_size": [0.1, 0.1, 0.1], "id": 435, "camera_size": [41, 41], "camera_position": [256, 254], "world_position": [0.705, 0.6498037994254439, -0.15], "world_orientation": [1.0, 8.100187187665134e-17, -1.2653630886983698e-17, -8.100187187665134e-17, 1.0, -1.9397816686250694e-16, 1.2653630886983698e-17, 1.9397816686250694e-16, 1.0], "world_rotation": [-0.9211093596285536, 0.06008602943210125, 0.38463907325148433, -2.1059189642881336e-16]}], "source": "action wait"}
{"timestamp": 1709221942.839113, "objects": [{"color": "cv_", "id_name": "hand", "shape": "CVCylinder", "id_string": "ob382", "world_size": [0.12, 0.005, 0.12], "id": 382, "camera_size": [49, 50], "camera_position": [246, 255], "world_position": [0.7021852468886276, 0.7115997692463314, -0.17409851506091165], "world_orientation": [-1.1279221151756974e-05, 0.0032339895903708274, 0.9999947705783808, -0.000762306667784017, -0.9999944801155469, 0.003233980052742057, 0.9999997093806196, -0.0007622662045851991, 1.3744450720408608e-05], "world_rotation": [0.0, 1.0, 0.0, 0.0]}, {"color": "CVPurple", "id_name": "object25008587744047", "shape": "CVSphere", "id_string": "ob435", "world_size": [0.1, 0.1, 0.1], "id": 435, "camera_size": [41, 41], "camera_position": [256, 254], "world_position": [0.705, 0.6498037994254439, -0.15], "world_orientation": [1.0, 8.100187187665134e-17, -1.2653630886983698e-17, -8.100187187665134e-17, 1.0, -1.9397816686250694e-16, 1.2653630886983698e-17, 1.9397816686250694e-16, 1.0], "world_rotation": [-0.9211093596285536, 0.06008602943210125, 0.38463907325148433, -2.1059189642881336e-16]}], "source": "action wait"}
{"timestamp": 1709221942.880498, "objects": [{"color": "cv_", "id_name": "hand", "shape": "CVCylinder", "id_string": "ob382", "world_size": [0.12, 0.005, 0.12], "id": 382, "camera_size": [49, 50], "camera_position": [246, 254], "world_position": [0.7040423961888709, 0.7105592883354623, -0.17410028432941532], "world_orientation": [-9.708253507635683e-06, 0.0017812021653502753, 0.9999984136110397, -0.0007623961243437831, -0.999998123047842, 0.0017811942462514314, 0.9999997093289076, -0.0007623776226020462, 1.1066216913609552e-05], "world_rotation": [0.0, 1.0, 0.0, 0.0]}, {"color": "CVPurple", "id_name": "object25008587744047", "shape": "CVSphere", "id_string": "ob435", "world_size": [0.1, 0.1, 0.1], "id": 435, "camera_size": [41, 41], "camera_position": [256, 254], "world_position": [0.705, 0.6498037994254439, -0.15], "world_orientation": [1.0, 8.100187187665134e-17, -1.2653630886983698e-17, -8.100187187665134e-17, 1.0, -1.9397816686250694e-16, 1.2653630886983698e-17, 1.9397816686250694e-16, 1.0], "world_rotation": [-0.9211093596285536, 0.06008602943210125, 0.38463907325148433, -2.1059189642881336e-16]}], "source": "action wait"}
{"timestamp": 1709221942.921872, "objects": [{"color": "cv_", "id_name": "hand", "shape": "CVCylinder", "id_string": "ob382", "world_size": [0.12, 0.005, 0.12], "id": 382, "camera_size": [49, 50], "camera_position": [246, 253], "world_position": [0.705349436616965, 0.7098254315996427, -0.17410162360081163], "world_orientation": [-8.442398928053456e-06, 0.0007571621008575117, 0.9999997133170984, -0.000762511387416167, -0.9999994226458426, 0.0007571554433453786, 0.9999997092525129, -0.0007625047766092288, 9.019738778188073e-06], "world_rotation": [0.0, 1.0, 0.0, 0.0]}, {"color": "CVPurple", "id_name": "object25008587744047", "shape": "CVSphere", "id_string": "ob435", "world_size": [0.1, 0.1, 0.1], "id": 435, "camera_size": [41, 41], "camera_position": [256, 254], "world_position": [0.705, 0.6498037994254439, -0.15], "world_orientation": [1.0, 8.100187187665134e-17, -1.2653630886983698e-17, -8.100187187665134e-17, 1.0, -1.9397816686250694e-16, 1.2653630886983698e-17, 1.9397816686250694e-16, 1.0], "world_rotation": [-0.9211093596285536, 0.06008602943210125, 0.38463907325148433, -2.1059189642881336e-16]}], "source": "action wait"}
{"timestamp": 1709221942.956163, "objects": [{"color": "cv_", "id_name": "hand", "shape": "CVCylinder", "id_string": "ob382", "world_size": [0.12, 0.005, 0.12], "id": 382, "camera_size": [49, 50], "camera_position": [246, 253], "world_position": [0.7062696717010339, 0.7093085653428346, -0.1741026317516509], "world_orientation": [-7.439814430994059e-06, 3.5317277759267844e-05, 0.9999999993486695, -0.000762627261832627, -0.999999708576333, 3.531159368501408e-05, 0.999999709172112, -0.000762626998624538, 7.46674618205358e-06], "world_rotation": [0.0, 1.0, 0.0, 0.0]}, {"color": "CVPurple", "id_name": "object25008587744047", "shape": "CVSphere", "id_string": "ob435", "world_size": [0.1, 0.1, 0.1], "id": 435, "camera_size": [41, 41], "camera_position": [256, 254], "world_position": [0.705, 0.6498037994254439, -0.15], "world_orientation": [1.0, 8.100187187665134e-17, -1.2653630886983698e-17, -8.100187187665134e-17, 1.0, -1.9397816686250694e-16, 1.2653630886983698e-17, 1.9397816686250694e-16, 1.0], "world_rotation": [-0.9211093596285536, 0.06008602943210125, 0.38463907325148433, -2.1059189642881336e-16]}], "source": "action wait"}
{"timestamp": 1709221942.977639, "objects": [{"color": "cv_", "id_name": "hand", "shape": "CVCylinder", "id_string": "ob382", "world_size": [0.12, 0.005, 0.12], "id": 382, "camera_size": [49, 50], "camera_position": [246, 253], "world_position": [0.7069177699323131, 0.7089448439624758, -0.17410338724178956], "world_orientation": [-6.656356154090945e-06, -0.00047352435603682943, 0.9999998878651822, -0.0007627316219333318, -0.9999995970051586, -0.00047352929532105546, 0.9999997090980407, -0.0007627346883845365, 6.295181471873145e-06], "world_rotation": [0.0, 1.0, 0.0, 0.0]}, {"color": "CVPurple", "id_name": "object25008587744047", "shape": "CVSphere", "id_string": "ob435", "world_size": [0.1, 0.1, 0.1], "id": 435, "camera_size": [41, 41], "camera_position": [256, 254], "world_position": [0.705, 0.6498037994254439, -0.15], "world_orientation": [1.0, 8.100187187665134e-17, -1.2653630886983698e-17, -8.100187187665134e-17, 1.0, -1.9397816686250694e-16, 1.2653630886983698e-17, 1.9397816686250694e-16, 1.0], "world_rotation": [-0.9211093596285536, 0.06008602943210125, 0.38463907325148433, -2.1059189642881336e-16]}], "source": "action wait"}
{"timestamp": 1709221943.018625, "objects": [{"color": "cv_", "id_name": "hand", "shape": "CVCylinder", "id_string": "ob382", "world_size": [0.12, 0.005, 0.12], "id": 382, "camera_size": [49, 49], "camera_position": [246, 253], "world_position": [0.7073743198313452, 0.7086890192851514, -0.17410395128783912], "world_orientation": [-6.050749757297822e-06, -0.0008322255404238775, 0.9999996536819593, -0.0007628199050763673, -0.9999993627493785, -0.0008322299139358846, 0.999999709034548, -0.0007628246765133607, 5.415907694069654e-06], "world_rotation": [0.0, 1.0, 0.0, 0.0]}, {"color": "CVPurple", "id_name": "object25008587744047", "shape": "CVSphere", "id_string": "ob435", "world_size": [0.1, 0.1, 0.1], "id": 435, "camera_size": [41, 41], "camera_position": [256, 254], "world_position": [0.705, 0.6498037994254439, -0.15], "world_orientation": [1.0, 8.100187187665134e-17, -1.2653630886983698e-17, -8.100187187665134e-17, 1.0, -1.9397816686250694e-16, 1.2653630886983698e-17, 1.9397816686250694e-16, 1.0], "world_rotation": [-0.9211093596285536, 0.06008602943210125, 0.38463907325148433, -2.1059189642881336e-16]}], "source": "action wait"}
{"timestamp": 1709221943.05614, "objects": [{"color": "cv_", "id_name": "hand", "shape": "CVCylinder", "id_string": "ob382", "world_size": [0.12, 0.005, 0.12], "id": 382, "camera_size": [49, 50], "camera_position": [246, 252], "world_position": [0.7076959972254562, 0.7085091294387484, -0.17410437107654364], "world_orientation": [-5.586734010425066e-06, -0.0010850934160352144, 0.9999994112703603, -0.0007628916233834274, -0.9999991202796558, -0.0010850973623576772, 0.9999997089825373, -0.0007628972363971986, 4.758920418343726e-06], "world_rotation": [0.0, 1.0, 0.0, 0.0]}, {"color": "CVPurple", "id_name": "object25008587744047", "shape": "CVSphere", "id_string": "ob435", "world_size": [0.1, 0.1, 0.1], "id": 435, "camera_size": [41, 41], "camera_position": [256, 254], "world_position": [0.705, 0.6498037994254439, -0.15], "world_orientation": [1.0, 8.100187187665134e-17, -1.2653630886983698e-17, -8.100187187665134e-17, 1.0, -1.9397816686250694e-16, 1.2653630886983698e-17, 1.9397816686250694e-16, 1.0], "world_rotation": [-0.9211093596285536, 0.06008602943210125, 0.38463907325148433, -2.1059189642881336e-16]}], "source": "action wait"}
{"timestamp": 1709221944.117006, "objects": [{"color": "cv_", "id_name": "hand", "shape": "CVCylinder", "id_string": "ob382", "world_size": [0.12, 0.005, 0.12], "id": 382, "camera_size": [49, 50], "camera_position": [246, 252], "world_position": [0.7084642209253106, 0.7080827551527407, -0.17410555531713315], "world_orientation": [-4.1859228200719396e-06, -0.0016893953702475078, 0.9999985729618623, -0.0007631195914472473, -0.9999982817898446, -0.0016893980727060627, 0.9999997088154413, -0.000763125574136797, 2.896704923404324e-06], "world_rotation": [0.0, 1.0, 0.0, 0.0]}, {"color": "CVPurple", "id_name": "object25008587744047", "shape": "CVSphere", "id_string": "ob435", "world_size": [0.1, 0.1, 0.1], "id": 435, "camera_size": [41, 41], "camera_position": [256, 254], "world_position": [0.705, 0.6498037994254439, -0.15], "world_orientation": [1.0, 8.100187187665134e-17, -1.2653630886983698e-17, -8.100187187665134e-17, 1.0, -1.9397816686250694e-16, 1.2653630886983698e-17, 1.9397816686250694e-16, 1.0], "world_rotation": [-0.9211093596285536, 0.06008602943210125, 0.38463907325148433, -2.1059189642881336e-16]}], "source": "action wait"}
{"timestamp": 1709221944.166296, "objects": [{"color": "cv_", "id_name": "hand", "shape": "CVCylinder", "id_string": "ob382", "world_size": [0.12, 0.005, 0.12], "id": 382, "camera_size": [51, 51], "camera_position": [246, 251], "world_position": [0.7110927072628651, 0.7301533159294634, -0.17409370936401175], "world_orientation": [1.634355897287095e-05, 0.030586419297376696, 0.9995321258906356, -0.0007432738739369609, -0.9995318495537491, 0.030586422994691453, 0.9999997236383802, -0.0007434260063435119, 6.398178632943671e-06], "world_rotation": [0.0, 1.0, 0.0, 0.0]}, {"color": "CVPurple", "id_name": "object25008587744047", "shape": "CVSphere", "id_string": "ob435", "world_size": [0.1, 0.1, 0.1], "id": 435, "camera_size": [42, 44], "camera_position": [252, 251], "world_position": [0.7104630303259775, 0.6748227986511316, -0.15866240980076307], "world_orientation": [0.9994893517948102, -0.031953648173945685, -4.143205656653122e-06, 0.03195364828893374, 0.9994893513021106, 3.153907681303751e-05, 3.133301369864657e-06, -3.1655361976411e-05, 0.9999999994940603], "world_rotation": [0.0009888449516918848, 0.00011386029177497862, -0.9999995046106248, -0.03195910420454819]}], "source": "action wait"}
{"timestamp": 1709221944.249291, "objects": [{"color": "cv_", "id_name": "hand", "shape": "CVCylinder", "id_string": "ob382", "world_size": [0.12, 0.005, 0.12], "id": 382, "camera_size": [56, 55], "camera_position": [244, 250], "world_position": [0.7134996942545396, 0.8530082142399413, -0.1741134158812733], "world_orientation": [0.00015087997058196796, 0.2057326766350705, 0.9786082173167177, -0.0007192933996815201, -0.9786079529704007, 0.20573273196088016, 0.9999997299260835, -0.0007349473801362844, 3.2981724740963227e-07], "world_rotation": [0.0, 1.0, 0.0, 0.0]}, {"color": "CVPurple", "id_name": "object25008587744047", "shape": "CVSphere", "id_string": "ob435", "world_size": [0.1, 0.1, 0.1], "id": 435, "camera_size": [46, 54], "camera_position": [247, 245], "world_position": [0.7229785846599078, 0.8013843478840526, -0.1677911858138477], "world_orientation": [0.9783956817502928, -0.20674111800586012, -7.620160277267285e-06, 0.2067411181193032, 0.9783956803623755, 5.2220922905020206e-05, -3.3406800857344323e-06, -5.266812592325725e-05, 0.9999999986074544], "world_rotation": [0.00025367243446975903, 1.0349852254152405e-05, -0.9999999677715876, -0.20824294488460884]}], "source": "action wait"}
{"timestamp": 1709221944.271963, "objects": [{"color": "cv_", "id_name": "hand", "shape": "CVCylinder", "id_string": "ob382", "world_size": [0.12, 0.005, 0.12], "id": 382, "camera_size": [59, 57], "camera_position": [244, 254], "world_position": [0.704727323672328, 0.9225894430559545, -0.17411466831997535], "world_orientation": [0.00022600774457950682, 0.30285175655939267, 0.9530376500796753, -0.0007089134661684664, -0.9530373864185888, 0.30285184088944056, 0.9999997231810602, -0.0007440680854084447, -6.981417262354551e-07], "world_rotation": [0.0, 1.0, 0.0, 0.0]}, {"color": "CVPurple", "id_name": "object25008587744047", "shape": "CVSphere", "id_string": "ob435", "world_size": [0.1, 0.1, 0.1], "id": 435, "camera_size": [49, 62], "camera_position": [246, 246], "world_position": [0.7194517451671597, 0.872868106532312, -0.1700677619664962], "world_orientation": [0.9527506432143861, -0.3037535378477386, -9.97778207218462e-06, 0.30375353797959803, 0.9527506421230144, 4.581550675961835e-05, -4.41028399028365e-06, -4.668154014003492e-05, 0.9999999989006916], "world_rotation": [0.00015225673824072387, 9.164499046454488e-06, -0.9999999883669487, -0.3086298823077659]}], "source": "action wait"}
{"timestamp": 1709221944.296052, "objects": [{"color": "cv_", "id_name": "hand", "shape": "CVCylinder", "id_string": "ob382", "world_size": [0.12, 0.005, 0.12], "id": 382, "camera_size": [62, 59], "camera_position": [243, 262], "world_position": [0.6887536216484793, 0.9908618230269026, -0.17411506376905006], "world_orientation": [0.0002998152993853312, 0.39691034314118295, 0.9178573362011848, -0.0006878503822885098, -0.9178570784631487, 0.39691045637139016, 0.9999997184862794, -0.000750348346898639, -2.172663507943444e-06], "world_rotation": [0.0, 1.0, 0.0, 0.0]}, {"color": "CVPurple", "id_name": "object25008587744047", "shape": "CVSphere", "id_string": "ob435", "world_size": [0.1, 0.1, 0.1], "id": 435, "camera_size": [52, 68], "camera_position": [244, 251], "world_position": [0.7084641281812686, 0.9433104992842194, -0.17152427101179285], "world_orientation": [0.9175027984814388, -0.39772932334348576, -1.1465669090948077e-05, 0.39772932346518797, 0.9175027975730333, 4.125022823078257e-05, -5.886641895001993e-06, -4.240743265035954e-05, 0.9999999990834787], "world_rotation": [0.00010516908798724367, 7.013597988202184e-06, -0.9999999944451361, -0.40904067265515814]}], "source": "action wait"}
{"timestamp": 1709221944.323643, "objects": [{"color": "cv_", "id_name": "hand", "shape": "CVCylinder", "id_string": "ob382", "world_size": [0.12, 0.005, 0.12], "id": 382, "camera_size": [66, 59], "camera_position": [242, 275], "world_position": [0.6658430793239483, 1.0571384356508475, -0.17411528583972405], "world_orientation": [0.0003711586178181363, 0.48696292485274195, 0.8734225621428284, -0.0006573765325521445, -0.8734223147668732, 0.4869630662826203, 0.9999997150486469, -0.0007549080339643464, -4.060220098765673e-06], "world_rotation": [0.0, 1.0, 0.0, 0.0]}, {"color": "CVPurple", "id_name": "object25008587744047", "shape": "CVSphere", "id_string": "ob435", "world_size": [0.1, 0.1, 0.1], "id": 435, "camera_size": [55, 75], "camera_position": [244, 261], "world_position": [0.6902699425566251, 1.0120868531843707, -0.17245635838687023], "world_orientation": [0.8730045313253086, -0.4877120955378444, -1.2311096944257446e-05, 0.48771209563150547, 0.8730045305351056, 3.7946082814336706e-05, -7.759120158639098e-06, -3.913137313316777e-05, 0.9999999992042659], "world_rotation": [7.90194219128658e-05, 4.66666380900436e-06, -0.9999999968670767, -0.5094671058106429]}], "source": "action wait"}
{"timestamp": 1709221944.358721, "objects": [{"color": "cv_", "id_name": "hand", "shape": "CVCylinder", "id_string": "ob382", "world_size": [0.12, 0.005, 0.12], "id": 382, "camera_size": [71, 60], "camera_position": [242, 289], "world_position": [0.6419720194494952, 1.1084860028187673, -0.17411448373098162], "world_orientation": [0.00043303918694182766, 0.5559671357503921, 0.8312041605060501, -0.0006365050881887134, -0.8312039168222564, 0.5559673043629567, 0.9999997036691237, -0.000769821306933409, -6.0679575522479845e-06], "world_rotation": [0.0, 1.0, 0.0, 0.0]}, {"color": "CVPurple", "id_name": "object25008587744047", "shape": "CVSphere", "id_string": "ob435", "world_size": [0.1, 0.1, 0.1], "id": 435, "camera_size": [58, 80], "camera_position": [242, 273], "world_position": [0.6699442324972404, 1.0658531004711345, -0.17305250421665097], "world_orientation": [0.8307392586084517, -0.5566617322687353, -5.852432921407898e-06, 0.5566617322144045, 0.8307392582517164, 2.6219206473467387e-05, -9.733383110133671e-06, -2.503914959476974e-05, 0.9999999996391511], "world_rotation": [-4.604084765014333e-05, 3.485914299300771e-06, 0.9999999989340443, 0.5903619348252584]}], "source": "action wait"}
{"timestamp": 1709221944.38105, "objects": [{"color": "cv_", "id_name": "hand", "shape": "CVCylinder", "id_string": "ob382", "world_size": [0.12, 0.005, 0.12], "id": 382, "camera_size": [73, 62], "camera_position": [241, 302], "world_position": [0.6222539598042687, 1.143200541043687, -0.17411528558072661], "world_orientation": [0.00047637544370306443, 0.6024909524736808, 0.798125569853387, -0.0006149931249199754, -0.7981253329715472, 0.6024911407253334, 0.9999996974249007, -0.0007778537227729417, -9.67951602667613e-06], "world_rotation": [0.0, 1.0, 0.0, 0.0]}, {"color": "CVPurple", "id_name": "object25008587744047", "shape": "CVSphere", "id_string": "ob435", "world_size": [0.1, 0.1, 0.1], "id": 435, "camera_size": [60, 84], "camera_position": [241, 284], "world_position": [0.6525587299653258, 1.1025197688085324, -0.17343524547329284], "world_orientation": [0.7976303373771204, -0.6031466197332609, 4.8769441338154905e-08, 0.6031466195862477, 0.7976303371844835, 2.201475948459837e-05, -1.33170277533151e-05, -1.753022491129414e-05, 0.9999999997576742], "world_rotation": [-3.278223161934001e-05, 1.1080056449782271e-05, 0.9999999994012788, 0.6474402127010669]}], "source": "action wait"}
{"timestamp": 1709221944.426455, "objects": [{"color": "cv_", "id_name": "hand", "shape": "CVCylinder", "id_string": "ob382", "world_size": [0.12, 0.005, 0.12], "id": 382, "camera_size": [75, 62], "camera_position": [241, 312], "world_position": [0.6070193771812855, 1.1668387559959479, -0.17411683286777718], "world_orientation": [0.0005053386916040838, 0.6341332653847648, 0.7732236069632524, -0.0005950633746078264, -0.7732233781024344, 0.6341334665947226, 0.9999996952661472, -0.0007805692251973693, -1.3390209356563195e-05], "world_rotation": [0.0, 1.0, 0.0, 0.0]}, {"color": "CVPurple", "id_name": "object25008587744047", "shape": "CVSphere", "id_string": "ob435", "world_size": [0.1, 0.1, 0.1], "id": 435, "camera_size": [62, 87], "camera_position": [241, 294], "world_position": [0.6388791713206692, 1.1276409148838964, -0.17368109592668401], "world_orientation": [0.7727081408886208, -0.6347614740924449, 3.5267252518410875e-06, 0.6347614738743752, 0.7727081407481792, 2.250162959010713e-05, -1.7008296880378358e-05, -1.5148563048727439e-05, 0.9999999997406195], "world_rotation": [-2.965696104796665e-05, 1.6175384740693226e-05, 0.9999999994294108, 0.687699792980383]}], "source": "action wait"}
{"timestamp": 1709221944.461984, "objects": [{"color": "cv_", "id_name": "hand", "shape": "CVCylinder", "id_string": "ob382", "world_size": [0.12, 0.005, 0.12], "id": 382, "camera_size": [76, 62], "camera_position": [240, 320], "world_position": [0.5956620224237696, 1.183066481041337, -0.1741184050056911], "world_orientation": [0.0005243702622918079, 0.6558348594339138, 0.754904207291976, -0.0005784490612290207, -0.7549039858521556, 0.6558350688558919, 0.9999996952162093, -0.0007805740371020513, -1.6482142305087736e-05], "world_rotation": [0.0, 1.0, 0.0, 0.0]}, {"color": "CVPurple", "id_name": "object25008587744047", "shape": "CVSphere", "id_string": "ob435", "world_size": [0.1, 0.1, 0.1], "id": 435, "camera_size": [63, 89], "camera_position": [241, 301], "world_position": [0.6285727615420055, 1.1449589297920666, -0.17383892551749372], "world_orientation": [0.7543749249434487, -0.6564438076414724, 5.072686768595952e-06, 0.6564438073537261, 0.754374924804195, 2.4771144142802475e-05, -2.0087571880351813e-05, -1.5356796187599964e-05, 0.9999999996803293], "world_rotation": [-3.0564642278567585e-05, 1.916406122291531e-05, 0.9999999993492705, 0.7160949434558708]}], "source": "action wait"}
