{"timestamp": 1709221929.067501, "objects": [{"color": "cv_", "id_name": "hand", "shape": "CVCylinder", "id_string": "ob382", "world_size": [0.12, 0.005, 0.12], "id": 382, "camera_size": [48, 50], "camera_position": [246, 426], "world_position": [0.2676445155400089, 0.6334703013849474, -0.17389260400847803], "world_orientation": [-0.0006415513906926919, 0.1979154748668737, 0.9802188802609512, -0.0007473675734743648, -0.9802189031248747, 0.19791499033266294, 0.9999995149266441, -0.0006056111687278248, 0.0007767764086877399], "world_rotation": [0.0, 1.0, 0.0, 0.0]}, {"color": "CVYellow", "id_name": "object73549706055137", "shape": "CVCone", "id_string": "ob428", "world_size": [0.09, 0.09, 0.09], "id": 428, "camera_size": [37, 37], "camera_position": [256, 254], "world_position": [0.705, 0.6448569667806435, -0.15], "world_orientation": [1.0, -5.053903521130611e-17, -1.3537563024626779e-17, 5.053903521130611e-17, 1.0, -6.136882847087181e-17, 1.3537563024626779e-17, 6.136882847087181e-17, 1.0], "world_rotation": [-0.7609763537112164, 0.16786641696290353, -0.6266864089386478, -8.064485600844401e-17]}], "source": "manual check"}
{"timestamp": 1709221930.105055, "objects": [{"color": "cv_", "id_name": "hand", "shape": "CVCylinder", "id_string": "ob382", "world_size": [0.12, 0.005, 0.12], "id": 382, "camera_size": [48, 50], "camera_position": [246, 426], "world_position": [0.2676445155400089, 0.6334703013849474, -0.17389260400847803], "world_orientation": [-0.0006415513906926919, 0.1979154748668737, 0.9802188802609512, -0.0007473675734743648, -0.9802189031248747, 0.19791499033266294, 0.9999995149266441, -0.0006056111687278248, 0.0007767764086877399], "world_rotation": [0.0, 1.0, 0.0, 0.0]}, {"color": "CVYellow", "id_name": "object73549706055137", "shape": "CVCone", "id_string": "ob428", "world_size": [0.09, 0.09, 0.09], "id": 428, "camera_size": [37, 37], "camera_position": [256, 254], "world_position": [0.705, 0.6448569696296074, -0.15], "world_orientation": [1.0, -4.331917303826236e-17, -1.1712398707441946e-17, 4.331917303826236e-17, 1.0, -5.775889738434995e-17, 1.1712398707441946e-17, 5.775889738434995e-17, 1.0], "world_rotation": [-0.7896765794068324, 0.16013129347666225, -0.5922574345551229, -7.314247236221149e-17]}], "source": "manual check"}
{"timestamp": 1709221931.472226, "objects": [{"color": "cv_", "id_name": "hand", "shape": "CVCylinder", "id_string": "ob382", "world_size": [0.12, 0.005, 0.12], "id": 382, "camera_size": [48, 50], "camera_position": [246, 426], "world_position": [0.2676445155400089, 0.6334703013849474, -0.17389260400847803], "world_orientation": [-0.0006415513906926919, 0.1979154748668737, 0.9802188802609512, -0.0007473675734743648, -0.9802189031248747, 0.19791499033266294, 0.9999995149266441, -0.0006056111687278248, 0.0007767764086877399], "world_rotation": [0.0, 1.0, 0.0, 0.0]}, {"color": "CVYellow", "id_name": "object73549706055137", "shape": "CVCone", "id_string": "ob428", "world_size": [0.09, 0.09, 0.09], "id": 428, "camera_size": [37, 37], "camera_position": [256, 254], "world_position": [0.705, 0.6448569696296074, -0.15], "world_orientation": [1.0, -4.331917303826236e-17, -1.1712398707441946e-17, 4.331917303826236e-17, 1.0, -5.775889738434995e-17, 1.1712398707441946e-17, 5.775889738434995e-17, 1.0], "world_rotation": [-0.7896765794068324, 0.16013129347666225, -0.5922574345551229, -7.314247236221149e-17]}], "source": "action wait"}
{"timestamp": 1709221931.532997, "objects": [{"color": "cv_", "id_name": "hand", "shape": "CVCylinder", "id_string": "ob382", "world_size": [0.12, 0.005, 0.12], "id": 382, "camera_size": [49, 51], "camera_position": [246, 421], "world_position": [0.2911318352910176, 0.6677894426829682, -0.1739560943124524], "world_orientation": [-0.00038263509537777614, 0.19838574609422738, 0.980123945905323, -0.0007151358987184924, -0.9801238213133601, 0.19838544169052064, 0.9999996710854612, -0.0006250125865079867, 0.0005169025406767312], "world_rotation": [0.0, 1.0, 0.0, 0.0]}, {"color": "CVYellow", "id_name": "object73549706055137", "shape": "CVCone", "id_string": "ob428", "world_size": [0.09, 0.09, 0.09], "id": 428, "camera_size": [37, 37], "camera_position": [256, 254], "world_position": [0.705, 0.6448569696296074, -0.15], "world_orientation": [1.0, -4.331917303826236e-17, -1.1712398707441946e-17, 4.331917303826236e-17, 1.0, -5.775889738434995e-17, 1.1712398707441946e-17, 5.775889738434995e-17, 1.0], "world_rotation": [-0.7896765794068324, 0.16013129347666225, -0.5922574345551229, -7.314247236221149e-17]}], "source": "action wait"}
{"timestamp": 1709221931.576391, "objects": [{"color": "cv_", "id_name": "hand", "shape": "CVCylinder", "id_string": "ob382", "world_size": [0.12, 0.005, 0.12], "id": 382, "camera_size": [51, 52], "camera_position": [246, 406], "world_position": [0.3371921939672323, 0.705825847709185, -0.1739839155549864], "world_orientation": [-0.00022291803779474854, 0.18693486160993072, 0.9823722857564867, -0.0007314714984624535, -0.9823720778365211, 0.18693465606088996, 0.9999997076284549, -0.0006769062211856428, 0.0003557259793127805], "world_rotation": [0.0, 1.0, 0.0, 0.0]}, {"color": "CVYellow", "id_name": "object73549706055137", "shape": "CVCone", "id_string": "ob428", "world_size": [0.09, 0.09, 0.09], "id": 428, "camera_size": [37, 37], "camera_position": [256, 254], "world_position": [0.705, 0.6448569696296074, -0.15], "world_orientation": [1.0, -4.331917303826236e-17, -1.1712398707441946e-17, 4.331917303826236e-17, 1.0, -5.775889738434995e-17, 1.1712398707441946e-17, 5.775889738434995e-17, 1.0], "world_rotation": [-0.7896765794068324, 0.16013129347666225, -0.5922574345551229, -7.314247236221149e-17]}], "source": "action wait"}
{"timestamp": 1709221931.618423, "objects": [{"color": "cv_", "id_name": "hand", "shape": "CVCylinder", "id_string": "ob382", "world_size": [0.12, 0.005, 0.12], "id": 382, "camera_size": [51, 53], "camera_position": [246, 388], "world_position": [0.3877725380692968, 0.7390470519777996, -0.17400444660367326], "world_orientation": [-0.00011930448583293991, 0.178774944524941, 0.983889986216215, -0.0007426814919491432, -0.9838897377137444, 0.1787748093154658, 0.9999997170952806, -0.0007093882461719131, 0.0002501553017975763], "world_rotation": [0.0, 1.0, 0.0, 0.0]}, {"color": "CVYellow", "id_name": "object73549706055137", "shape": "CVCone", "id_string": "ob428", "world_size": [0.09, 0.09, 0.09], "id": 428, "camera_size": [37, 37], "camera_position": [256, 254], "world_position": [0.705, 0.6448569696296074, -0.15], "world_orientation": [1.0, -4.331917303826236e-17, -1.1712398707441946e-17, 4.331917303826236e-17, 1.0, -5.775889738434995e-17, 1.1712398707441946e-17, 5.775889738434995e-17, 1.0], "world_rotation": [-0.7896765794068324, 0.16013129347666225, -0.5922574345551229, -7.314247236221149e-17]}], "source": "action wait"}
{"timestamp": 1709221931.702671, "objects": [{"color": "cv_", "id_name": "hand", "shape": "CVCylinder", "id_string": "ob382", "world_size": [0.12, 0.005, 0.12], "id": 382, "camera_size": [52, 54], "camera_position": [245, 367], "world_position": [0.4419018866256381, 0.7670282728870476, -0.17402296977783002], "world_orientation": [-4.6375165157531276e-05, 0.17301009737808348, 0.9849200495748729, -0.0007500433777606498, -0.9849197796110145, 0.17301001464054697, 0.9999997176420979, -0.0007307093928047547, 0.00017544089527095854], "world_rotation": [0.0, 1.0, 0.0, 0.0]}, {"color": "CVYellow", "id_name": "object73549706055137", "shape": "CVCone", "id_string": "ob428", "world_size": [0.09, 0.09, 0.09], "id": 428, "camera_size": [37, 37], "camera_position": [256, 254], "world_position": [0.705, 0.6448569696296074, -0.15], "world_orientation": [1.0, -4.331917303826236e-17, -1.1712398707441946e-17, 4.331917303826236e-17, 1.0, -5.775889738434995e-17, 1.1712398707441946e-17, 5.775889738434995e-17, 1.0], "world_rotation": [-0.7896765794068324, 0.16013129347666225, -0.5922574345551229, -7.314247236221149e-17]}], "source": "action wait"}
{"timestamp": 1709221931.760185, "objects": [{"color": "cv_", "id_name": "hand", "shape": "CVCylinder", "id_string": "ob382", "world_size": [0.12, 0.005, 0.12], "id": 382, "camera_size": [52, 54], "camera_position": [245, 343], "world_position": [0.4991881450530227, 0.7798274782232237, -0.17403809232502315], "world_orientation": [-4.460231240511763e-06, 0.15516587729449643, 0.9878884301901382, -0.0007645971731592843, -0.9878881419649284, 0.1551658285713857, 0.9999997076855919, -0.0007546446256443801, 0.00012304560070349184], "world_rotation": [0.0, 1.0, 0.0, 0.0]}, {"color": "CVYellow", "id_name": "object73549706055137", "shape": "CVCone", "id_string": "ob428", "world_size": [0.09, 0.09, 0.09], "id": 428, "camera_size": [37, 37], "camera_position": [256, 254], "world_position": [0.705, 0.6448569696296074, -0.15], "world_orientation": [1.0, -4.331917303826236e-17, -1.1712398707441946e-17, 4.331917303826236e-17, 1.0, -5.775889738434995e-17, 1.1712398707441946e-17, 5.775889738434995e-17, 1.0], "world_rotation": [-0.7896765794068324, 0.16013129347666225, -0.5922574345551229, -7.314247236221149e-17]}], "source": "action wait"}
{"timestamp": 1709221931.824744, "objects": [{"color": "cv_", "id_name": "hand", "shape": "CVCylinder", "id_string": "ob382", "world_size": [0.12, 0.005, 0.12], "id": 382, "camera_size": [52, 52], "camera_position": [245, 317], "world_position": [0.5577649943861707, 0.7698895881240914, -0.1740499505373442], "world_orientation": [5.814197826403065e-07, 0.11471109730774405, 0.9933988947820082, -0.0007769702623549646, -0.993398594881403, 0.11471106313196494, 0.9999996981583913, -0.000771908095183613, 8.854952977551628e-05], "world_rotation": [0.0, 1.0, 0.0, 0.0]}, {"color": "CVYellow", "id_name": "object73549706055137", "shape": "CVCone", "id_string": "ob428", "world_size": [0.09, 0.09, 0.09], "id": 428, "camera_size": [37, 37], "camera_position": [256, 254], "world_position": [0.705, 0.6448569696296074, -0.15], "world_orientation": [1.0, -4.331917303826236e-17, -1.1712398707441946e-17, 4.331917303826236e-17, 1.0, -5.775889738434995e-17, 1.1712398707441946e-17, 5.775889738434995e-17, 1.0], "world_rotation": [-0.7896765794068324, 0.16013129347666225, -0.5922574345551229, -7.314247236221149e-17]}], "source": "action wait"}
{"timestamp": 1709221931.873367, "objects": [{"color": "cv_", "id_name": "hand", "shape": "CVCylinder", "id_string": "ob382", "world_size": [0.12, 0.005, 0.12], "id": 382, "camera_size": [52, 52], "camera_position": [245, 297], "world_position": [0.6028852209280126, 0.7553295156900466, -0.17405563421415654], "world_orientation": [-1.4576147350754723e-05, 0.08045103208646658, 0.9967585621522186, -0.0007750366426653226, -0.9967582637995581, 0.08045099667184488, 0.9999996995528241, -0.0007713517439766953, 7.688139313387243e-05], "world_rotation": [0.0, 1.0, 0.0, 0.0]}, {"color": "CVYellow", "id_name": "object73549706055137", "shape": "CVCone", "id_string": "ob428", "world_size": [0.09, 0.09, 0.09], "id": 428, "camera_size": [37, 37], "camera_position": [256, 254], "world_position": [0.705, 0.6448569696296074, -0.15], "world_orientation": [1.0, -4.331917303826236e-17, -1.1712398707441946e-17, 4.331917303826236e-17, 1.0, -5.775889738434995e-17, 1.1712398707441946e-17, 5.775889738434995e-17, 1.0], "world_rotation": [-0.7896765794068324, 0.16013129347666225, -0.5922574345551229, -7.314247236221149e-17]}], "source": "action wait"}
{"timestamp": 1709221931.904289, "objects": [{"color": "cv_", "id_name": "hand", "shape": "CVCylinder", "id_string": "ob382", "world_size": [0.12, 0.005, 0.12], "id": 382, "camera_size": [51, 51], "camera_position": [246, 284], "world_position": [0.6345059082651017, 0.7426161650718234, -0.17406335587013075], "world_orientation": [-2.141538956772045e-05, 0.05623778195312089, 0.9984174034051962, -0.0007711199560524202, -0.9984171077203331, 0.05623774875809184, 0.999999702457653, -0.0007686952309380689, 6.474756726146794e-05], "world_rotation": [0.0, 1.0, 0.0, 0.0]}, {"color": "CVYellow", "id_name": "object73549706055137", "shape": "CVCone", "id_string": "ob428", "world_size": [0.09, 0.09, 0.09], "id": 428, "camera_size": [37, 37], "camera_position": [256, 254], "world_position": [0.705, 0.6448569696296074, -0.15], "world_orientation": [1.0, -4.331917303826236e-17, -1.1712398707441946e-17, 4.331917303826236e-17, 1.0, -5.775889738434995e-17, 1.1712398707441946e-17, 5.775889738434995e-17, 1.0], "world_rotation": [-0.7896765794068324, 0.16013129347666225, -0.5922574345551229, -7.314247236221149e-17]}], "source": "action wait"}
{"timestamp": 1709221931.920719, "objects": [{"color": "cv_", "id_name": "hand", "shape": "CVCylinder", "id_string": "ob382", "world_size": [0.12, 0.005, 0.12], "id": 382, "camera_size": [51, 51], "camera_position": [246, 274], "world_position": [0.6566091410597107, 0.7324701719823821, -0.1740712501110612], "world_orientation": [-2.3162020953993182e-05, 0.03915012174915543, 0.9992333398313665, -0.0007676296318928468, -0.9992330463936938, 0.0391500924587257, 0.9999997051040911, -0.0007661343255682807, 5.3197050305735745e-05], "world_rotation": [0.0, 1.0, 0.0, 0.0]}, {"color": "CVYellow", "id_name": "object73549706055137", "shape": "CVCone", "id_string": "ob428", "world_size": [0.09, 0.09, 0.09], "id": 428, "camera_size": [37, 37], "camera_position": [256, 254], "world_position": [0.705, 0.6448569696296074, -0.15], "world_orientation": [1.0, -4.331917303826236e-17, -1.1712398707441946e-17, 4.331917303826236e-17, 1.0, -5.775889738434995e-17, 1.1712398707441946e-17, 5.775889738434995e-17, 1.0], "world_rotation": [-0.7896765794068324, 0.16013129347666225, -0.5922574345551229, -7.314247236221149e-17]}], "source": "action wait"}
{"timestamp": 1709221931.955193, "objects": [{"color": "cv_", "id_name": "hand", "shape": "CVCylinder", "id_string": "ob382", "world_size": [0.12, 0.005, 0.12], "id": 382, "camera_size": [51, 50], "camera_position": [246, 267], "world_position": [0.6720626038391182, 0.7247533295955408, -0.17407836286006445], "world_orientation": [-2.2272961717037908e-05, 0.027099247130058433, 0.9996327477173301, -0.0007651464053785314, -0.9996324558100587, 0.027099222168347686, 0.999999707027404, -0.0007642618236770142, 4.299966694976866e-05], "world_rotation": [0.0, 1.0, 0.0, 0.0]}, {"color": "CVYellow", "id_name": "object73549706055137", "shape": "CVCone", "id_string": "ob428", "world_size": [0.09, 0.09, 0.09], "id": 428, "camera_size": [37, 37], "camera_position": [256, 254], "world_position": [0.705, 0.6448569696296074, -0.15], "world_orientation": [1.0, -4.331917303826236e-17, -1.1712398707441946e-17, 4.331917303826236e-17, 1.0, -5.775889738434995e-17, 1.1712398707441946e-17, 5.775889738434995e-17, 1.0], "world_rotation": [-0.7896765794068324, 0.16013129347666225, -0.5922574345551229, -7.314247236221149e-17]}], "source": "action wait"}
{"timestamp": 1709221931.974186, "objects": [{"color": "cv_", "id_name": "hand", "shape": "CVCylinder", "id_string": "ob382", "world_size": [0.12, 0.005, 0.12], "id": 382, "camera_size": [51, 50], "camera_position": [246, 263], "world_position": [0.6828788295308825, 0.7190485038327805, -0.1740843695088128], "world_orientation": [-2.0180222095029115e-05, 0.01860328694736025, 0.9998269436795115, -0.000763600935279487, -0.9998266526769835, 0.018603266120516396, 0.9999997082531425, -0.0007630933712696547, 3.438221122019896e-05], "world_rotation": [0.0, 1.0, 0.0, 0.0]}, {"color": "CVYellow", "id_name": "object73549706055137", "shape": "CVCone", "id_string": "ob428", "world_size": [0.09, 0.09, 0.09], "id": 428, "camera_size": [37, 37], "camera_position": [256, 254], "world_position": [0.705, 0.6448569696296074, -0.15], "world_orientation": [1.0, -4.331917303826236e-17, -1.1712398707441946e-17, 4.331917303826236e-17, 1.0, -5.775889738434995e-17, 1.1712398707441946e-17, 5.775889738434995e-17, 1.0], "world_rotation": [-0.7896765794068324, 0.16013129347666225, -0.5922574345551229, -7.314247236221149e-17]}], "source": "action wait"}
{"timestamp": 1709221932.007577, "objects": [{"color": "cv_", "id_name": "hand", "shape": "CVCylinder", "id_string": "ob382", "world_size": [0.12, 0.005, 0.12], "id": 382, "camera_size": [50, 51], "camera_position": [245, 260], "world_position": [0.690459187733667, 0.714905266866017, -0.17408925017309015], "world_orientation": [-1.7689516792568245e-05, 0.01261446572113858, 0.9999204343054757, -0.0007627509699162195, -0.9999201437607077, 0.012614448562010544, 0.9999997089489772, -0.0007624671376062426, 2.7309800138424632e-05], "world_rotation": [0.0, 1.0, 0.0, 0.0]}, {"color": "CVYellow", "id_name": "object73549706055137", "shape": "CVCone", "id_string": "ob428", "world_size": [0.09, 0.09, 0.09], "id": 428, "camera_size": [37, 37], "camera_position": [256, 254], "world_position": [0.705, 0.6448569696296074, -0.15], "world_orientation": [1.0, -4.331917303826236e-17, -1.1712398707441946e-17, 4.331917303826236e-17, 1.0, -5.775889738434995e-17, 1.1712398707441946e-17, 5.775889738434995e-17, 1.0], "world_rotation": [-0.7896765794068324, 0.16013129347666225, -0.5922574345551229, -7.314247236221149e-17]}], "source": "action wait"}
{"timestamp": 1709221932.025052, "objects": [{"color": "cv_", "id_name": "hand", "shape": "CVCylinder", "id_string": "ob382", "world_size": [0.12, 0.005, 0.12], "id": 382, "camera_size": [49, 50], "camera_position": [246, 257], "world_position": [0.6957781440888805, 0.7119303844263998, -0.1740931177998987], "world_orientation": [-1.5252639700995818e-05, 0.008393182330504304, 0.9999647765085148, -0.0007623583218247094, -0.999964486137516, 0.008393168264895683, 0.9999997092885309, -0.0007622034509317386, 2.1650710417466534e-05], "world_rotation": [0.0, 1.0, 0.0, 0.0]}, {"color": "CVYellow", "id_name": "object73549706055137", "shape": "CVCone", "id_string": "ob428", "world_size": [0.09, 0.09, 0.09], "id": 428, "camera_size": [37, 37], "camera_position": [256, 254], "world_position": [0.705, 0.6448569696296074, -0.15], "world_orientation": [1.0, -4.331917303826236e-17, -1.1712398707441946e-17, 4.331917303826236e-17, 1.0, -5.775889738434995e-17, 1.1712398707441946e-17, 5.775889738434995e-17, 1.0], "world_rotation": [-0.7896765794068324, 0.16013129347666225, -0.5922574345551229, -7.314247236221149e-17]}], "source": "action wait"}
{"timestamp": 1709221932.058891, "objects": [{"color": "cv_", "id_name": "hand", "shape": "CVCylinder", "id_string": "ob382", "world_size": [0.12, 0.005, 0.12], "id": 382, "camera_size": [49, 50], "camera_position": [246, 256], "world_position": [0.6995141206187545, 0.7098103614033111, -0.1740961302512395], "world_orientation": [-1.3053886435372388e-05, 0.005417805858014075, 0.9999853234969406, -0.0007622392359491988, -0.9999850331359444, 0.0054177943345414025, 0.9999997094104294, -0.000762157325671119, 1.7183355257728964e-05], "world_rotation": [0.0, 1.0, 0.0, 0.0]}, {"color": "CVYellow", "id_name": "object73549706055137", "shape": "CVCone", "id_string": "ob428", "world_size": [0.09, 0.09, 0.09], "id": 428, "camera_size": [37, 37], "camera_position": [256, 254], "world_position": [0.705, 0.6448569696296074, -0.15], "world_orientation": [1.0, -4.331917303826236e-17, -1.1712398707441946e-17, 4.331917303826236e-17, 1.0, -5.775889738434995e-17, 1.1712398707441946e-17, 5.775889738434995e-17, 1.0], "world_rotation": [-0.7896765794068324, 0.16013129347666225, -0.5922574345551229, -7.314247236221149e-17]}], "source": "action wait"}
{"timestamp": 1709221932.086371, "objects": [{"color": "cv_", "id_name": "hand", "shape": "CVCylinder", "id_string": "ob382", "world_size": [0.12, 0.005, 0.12], "id": 382, "camera_size": [49, 50], "camera_position": [246, 255], "world_position": [0.7021403799032668, 0.7083070211076673, -0.17409844773739505], "world_orientation": [-1.117730883432647e-05, 0.0033205877498077257, 0.9999944867708341, -0.0007622685863097906, -0.9999941963364523, 0.003320578265231553, 0.9999997094107927, -0.0007622272686199711, 1.3708423695115481e-05], "world_rotation": [0.0, 1.0, 0.0, 0.0]}, {"color": "CVYellow", "id_name": "object73549706055137", "shape": "CVCone", "id_string": "ob428", "world_size": [0.09, 0.09, 0.09], "id": 428, "camera_size": [37, 37], "camera_position": [256, 254], "world_position": [0.705, 0.6448569696296074, -0.15], "world_orientation": [1.0, -4.331917303826236e-17, -1.1712398707441946e-17, 4.331917303826236e-17, 1.0, -5.775889738434995e-17, 1.1712398707441946e-17, 5.775889738434995e-17, 1.0], "world_rotation": [-0.7896765794068324, 0.16013129347666225, -0.5922574345551229, -7.314247236221149e-17]}], "source": "action wait"}
{"timestamp": 1709221932.122939, "objects": [{"color": "cv_", "id_name": "hand", "shape": "CVCylinder", "id_string": "ob382", "world_size": [0.12, 0.005, 0.12], "id": 382, "camera_size": [49, 50], "camera_position": [246, 254], "world_position": [0.7039877412978717, 0.7072444633011372, -0.1741002142513977], "world_orientation": [-9.629048355650478e-06, 0.0018423157816100072, 0.999998302888481, -0.0007623675994347362, -0.999998012346637, 0.0018423079054527148, 0.9999997093514202, -0.000762348565940366, 1.1033551076632351e-05], "world_rotation": [0.0, 1.0, 0.0, 0.0]}, {"color": "CVYellow", "id_name": "object73549706055137", "shape": "CVCone", "id_string": "ob428", "world_size": [0.09, 0.09, 0.09], "id": 428, "camera_size": [37, 37], "camera_position": [256, 254], "world_position": [0.705, 0.6448569696296074, -0.15], "world_orientation": [1.0, -4.331917303826236e-17, -1.1712398707441946e-17, 4.331917303826236e-17, 1.0, -5.775889738434995e-17, 1.1712398707441946e-17, 5.775889738434995e-17, 1.0], "world_rotation": [-0.7896765794068324, 0.16013129347666225, -0.5922574345551229, -7.314247236221149e-17]}], "source": "action wait"}
{"timestamp": 1709221932.145305, "objects": [{"color": "cv_", "id_name": "hand", "shape": "CVCylinder", "id_string": "ob382", "world_size": [0.12, 0.005, 0.12], "id": 382, "camera_size": [49, 50], "camera_position": [246, 253], "world_position": [0.7052878685793708, 0.7064950533358588, -0.17410155132614458], "world_orientation": [-8.381821340251082e-06, 0.0008002953472494277, 0.9999996797284999, -0.0007624902122968045, -0.9999993890731309, 0.0008002887235807693, 0.9999997092691685, -0.0007624832602161983, 8.992033589160517e-06], "world_rotation": [0.0, 1.0, 0.0, 0.0]}, {"color": "CVYellow", "id_name": "object73549706055137", "shape": "CVCone", "id_string": "ob428", "world_size": [0.09, 0.09, 0.09], "id": 428, "camera_size": [37, 37], "camera_position": [256, 254], "world_position": [0.705, 0.6448569696296074, -0.15], "world_orientation": [1.0, -4.331917303826236e-17, -1.1712398707441946e-17, 4.331917303826236e-17, 1.0, -5.775889738434995e-17, 1.1712398707441946e-17, 5.775889738434995e-17, 1.0], "world_rotation": [-0.7896765794068324, 0.16013129347666225, -0.5922574345551229, -7.314247236221149e-17]}], "source": "action wait"}
{"timestamp": 1709221932.181281, "objects": [{"color": "cv_", "id_name": "hand", "shape": "CVCylinder", "id_string": "ob382", "world_size": [0.12, 0.005, 0.12], "id": 382, "camera_size": [49, 50], "camera_position": [246, 253], "world_position": [0.7062032282777304, 0.7059672249418102, -0.17410255775650055], "world_orientation": [-7.394701032788988e-06, 6.5764691598832e-05, 0.999999997810162, -0.0007626116534047826, -0.9999997070495649, 6.575903319223731e-05, 0.99999970918435, -0.000762611165466783, 7.444851787068508e-06], "world_rotation": [0.0, 1.0, 0.0, 0.0]}, {"color": "CVYellow", "id_name": "object73549706055137", "shape": "CVCone", "id_string": "ob428", "world_size": [0.09, 0.09, 0.09], "id": 428, "camera_size": [37, 37], "camera_position": [256, 254], "world_position": [0.705, 0.6448569696296074, -0.15], "world_orientation": [1.0, -4.331917303826236e-17, -1.1712398707441946e-17, 4.331917303826236e-17, 1.0, -5.775889738434995e-17, 1.1712398707441946e-17, 5.775889738434995e-17, 1.0], "world_rotation": [-0.7896765794068324, 0.16013129347666225, -0.5922574345551229, -7.314247236221149e-17]}], "source": "action wait"}
{"timestamp": 1709221932.214767, "objects": [{"color": "cv_", "id_name": "hand", "shape": "CVCylinder", "id_string": "ob382", "world_size": [0.12, 0.005, 0.12], "id": 382, "camera_size": [49, 50], "camera_position": [246, 253], "world_position": [0.706847891491139, 0.7055957748711081, -0.1741033119165089], "world_orientation": [-6.623832673998705e-06, -0.00045202726578822766, 0.9999998978137327, -0.0007627201806472058, -0.999999606962337, -0.0004520321864464761, 0.9999997091069831, -0.0007627230968936339, 6.279059753127849e-06], "world_rotation": [0.0, 1.0, 0.0, 0.0]}, {"color": "CVYellow", "id_name": "object73549706055137", "shape": "CVCone", "id_string": "ob428", "world_size": [0.09, 0.09, 0.09], "id": 428, "camera_size": [37, 37], "camera_position": [256, 254], "world_position": [0.705, 0.6448569696296074, -0.15], "world_orientation": [1.0, -4.331917303826236e-17, -1.1712398707441946e-17, 4.331917303826236e-17, 1.0, -5.775889738434995e-17, 1.1712398707441946e-17, 5.775889738434995e-17, 1.0], "world_rotation": [-0.7896765794068324, 0.16013129347666225, -0.5922574345551229, -7.314247236221149e-17]}], "source": "action wait"}
{"timestamp": 1709221932.238942, "objects": [{"color": "cv_", "id_name": "hand", "shape": "CVCylinder", "id_string": "ob382", "world_size": [0.12, 0.005, 0.12], "id": 382, "camera_size": [49, 49], "camera_position": [246, 253], "world_position": [0.7073020225971985, 0.7053344999916976, -0.17410387494420904], "world_orientation": [-6.0280385994863685e-06, -0.0008170432298426602, 0.999999666201956, -0.0007628115553828565, -0.999999375275688, -0.0008170475904019131, 0.9999997090410546, -0.0007628162259526538, 5.404784817016901e-06], "world_rotation": [0.0, 1.0, 0.0, 0.0]}, {"color": "CVYellow", "id_name": "object73549706055137", "shape": "CVCone", "id_string": "ob428", "world_size": [0.09, 0.09, 0.09], "id": 428, "camera_size": [37, 37], "camera_position": [256, 254], "world_position": [0.705, 0.6448569696296074, -0.15], "world_orientation": [1.0, -4.331917303826236e-17, -1.1712398707441946e-17, 4.331917303826236e-17, 1.0, -5.775889738434995e-17, 1.1712398707441946e-17, 5.775889738434995e-17, 1.0], "world_rotation": [-0.7896765794068324, 0.16013129347666225, -0.5922574345551229, -7.314247236221149e-17]}], "source": "action wait"}
{"timestamp": 1709221932.279283, "objects": [{"color": "cv_", "id_name": "hand", "shape": "CVCylinder", "id_string": "ob382", "world_size": [0.12, 0.005, 0.12], "id": 382, "camera_size": [49, 50], "camera_position": [246, 252], "world_position": [0.7076219973291346, 0.7051507661139027, -0.17410429395916294], "world_orientation": [-5.571396050918745e-06, -0.0010743664104874205, 0.9999994228527213, -0.0007628855513420775, -0.9999991318666184, -0.001074370348201181, 0.9999997089872552, -0.0007628910967878588, 4.751772603159732e-06], "world_rotation": [0.0, 1.0, 0.0, 0.0]}, {"color": "CVYellow", "id_name": "object73549706055137", "shape": "CVCone", "id_string": "ob428", "world_size": [0.09, 0.09, 0.09], "id": 428, "camera_size": [37, 37], "camera_position": [256, 254], "world_position": [0.705, 0.6448569696296074, -0.15], "world_orientation": [1.0, -4.331917303826236e-17, -1.1712398707441946e-17, 4.331917303826236e-17, 1.0, -5.775889738434995e-17, 1.1712398707441946e-17, 5.775889738434995e-17, 1.0], "world_rotation": [-0.7896765794068324, 0.16013129347666225, -0.5922574345551229, -7.314247236221149e-17]}], "source": "action wait"}
{"timestamp": 1709221933.38018, "objects": [{"color": "cv_", "id_name": "hand", "shape": "CVCylinder", "id_string": "ob382", "world_size": [0.12, 0.005, 0.12], "id": 382, "camera_size": [49, 50], "camera_position": [246, 252], "world_position": [0.7083861716036506, 0.7047151862432872, -0.17410547590272935], "world_orientation": [-4.1900305870776625e-06, -0.0016893417295835236, 0.9999985730524641, -0.0007631195549051827, -0.9999982818804862, -0.0016893444351923346, 0.999999708815452, -0.0007631255443788339, 2.900853679705469e-06], "world_rotation": [0.0, 1.0, 0.0, 0.0]}, {"color": "CVYellow", "id_name": "object73549706055137", "shape": "CVCone", "id_string": "ob428", "world_size": [0.09, 0.09, 0.09], "id": 428, "camera_size": [37, 37], "camera_position": [256, 254], "world_position": [0.705, 0.6448569696296074, -0.15], "world_orientation": [1.0, -4.331917303826236e-17, -1.1712398707441946e-17, 4.331917303826236e-17, 1.0, -5.775889738434995e-17, 1.1712398707441946e-17, 5.775889738434995e-17, 1.0], "world_rotation": [-0.7896765794068324, 0.16013129347666225, -0.5922574345551229, -7.314247236221149e-17]}], "source": "action wait"}
{"timestamp": 1709221933.41945, "objects": [{"color": "cv_", "id_name": "hand", "shape": "CVCylinder", "id_string": "ob382", "world_size": [0.12, 0.005, 0.12], "id": 382, "camera_size": [51, 51], "camera_position": [246, 251], "world_position": [0.7112842978115251, 0.728199401920036, -0.17409762923695332], "world_orientation": [1.9093906433096206e-05, 0.032610728857114926, 0.9994681285557988, -0.0007431461638267827, -0.9994678522889769, 0.03261073404017292, 0.9999997236845628, -0.0007433735719082066, 5.150792395638133e-06], "world_rotation": [0.0, 1.0, 0.0, 0.0]}, {"color": "CVYellow", "id_name": "object73549706055137", "shape": "CVCone", "id_string": "ob428", "world_size": [0.09, 0.09, 0.09], "id": 428, "camera_size": [38, 38], "camera_position": [252, 251], "world_position": [0.7106356612086537, 0.6736567251108189, -0.15866700057422578], "world_orientation": [0.9994225862927959, -0.03397784571013574, -2.9525366396096686e-06, 0.033977845786610186, 0.9994225857942384, 3.162371761419161e-05, 1.8763260051350091e-06, -3.170577848078839e-05, 0.9999999994956117], "world_rotation": [0.0009319229492044355, 7.105895664232682e-05, -0.9999995632350253, -0.03398440186604269]}], "source": "action wait"}
{"timestamp": 1709221933.464823, "objects": [{"color": "cv_", "id_name": "hand", "shape": "CVCylinder", "id_string": "ob382", "world_size": [0.12, 0.005, 0.12], "id": 382, "camera_size": [52, 53], "camera_position": [245, 249], "world_position": [0.7153243831835197, 0.7846704804989887, -0.17410889664050075], "world_orientation": [8.156353584929524e-05, 0.11375224616546561, 0.9935091443160959, -0.0007253712315708588, -0.9935088795166672, 0.11375227539751968, 0.9999997335919476, -0.0007299409893821231, 1.4785097843462267e-06], "world_rotation": [0.0, 1.0, 0.0, 0.0]}, {"color": "CVYellow", "id_name": "object73549706055137", "shape": "CVCone", "id_string": "ob428", "world_size": [0.09, 0.09, 0.09], "id": 428, "camera_size": [39, 44], "camera_position": [250, 247], "world_position": [0.7191101210905305, 0.7335937663588289, -0.16423201233138043], "world_orientation": [0.993376272821043, -0.11490683434911322, -4.004781217997065e-06, 0.11490683440018928, 0.9933762714269747, 5.266848570903074e-05, -2.0737143285714834e-06, -5.277980076099071e-05, 0.9999999986049962], "world_rotation": [0.0004588424872194007, 8.402749482164107e-06, -0.9999998946964774, -0.11516122449566943]}], "source": "action wait"}
{"timestamp": 1709221933.498808, "objects": [{"color": "cv_", "id_name": "hand", "shape": "CVCylinder", "id_string": "ob382", "world_size": [0.12, 0.005, 0.12], "id": 382, "camera_size": [56, 55], "camera_position": [244, 250], "world_position": [0.7137800016452549, 0.8548266135503685, -0.17411225626977264], "world_orientation": [0.00015650550707774078, 0.21281452801388806, 0.9770926016362278, -0.0007211874402425337, -0.9770923354838277, 0.21281458556084798, 0.999999727697314, -0.000737973566880953, 5.588332784841499e-07], "world_rotation": [0.0, 1.0, 0.0, 0.0]}, {"color": "CVYellow", "id_name": "object73549706055137", "shape": "CVCone", "id_string": "ob428", "world_size": [0.09, 0.09, 0.09], "id": 428, "camera_size": [41, 50], "camera_position": [248, 245], "world_position": [0.7225651733751919, 0.8064383985375533, -0.16779032137655134], "world_orientation": [0.9768727676950535, -0.21382141071127295, -7.566213032493279e-06, 0.21382141082237108, 0.9768727664630243, 4.9161047118041415e-05, -3.120456990122698e-06, -4.964190650617837e-05, 0.999999998762972], "world_rotation": [0.0002310408266120361, 1.039595592305214e-05, -0.9999999732560299, -0.21548518399958075]}], "source": "action wait"}
{"timestamp": 1709221933.538356, "objects": [{"color": "cv_", "id_name": "hand", "shape": "CVCylinder", "id_string": "ob382", "world_size": [0.12, 0.005, 0.12], "id": 382, "camera_size": [59, 57], "camera_position": [244, 254], "world_position": [0.7047907343078913, 0.9244345953077691, -0.17411318724772126], "world_orientation": [0.00023164365690933145, 0.3097446771584914, 0.9508197417561323, -0.0007095573769350815, -0.9508194769995763, 0.30974476377588916, 0.9999997214347338, -0.0007464115716883637, -4.6968006813499444e-07], "world_rotation": [0.0, 1.0, 0.0, 0.0]}, {"color": "CVYellow", "id_name": "object73549706055137", "shape": "CVCone", "id_string": "ob428", "world_size": [0.09, 0.09, 0.09], "id": 428, "camera_size": [44, 55], "camera_position": [246, 247], "world_position": [0.71831834015445, 0.878485255451993, -0.17006643722325585], "world_orientation": [0.9505262123328655, -0.3106443618871186, -9.791908253254205e-06, 0.3106443620132051, 0.9505262113492046, 4.344578260250677e-05, -4.188721959397481e-06, -4.433815627122184e-05, 0.9999999990082913], "world_rotation": [0.00014129330634365703, 9.018651107206253e-06, -0.9999999899774327, -0.3158708609343113]}], "source": "action wait"}
{"timestamp": 1709221933.561809, "objects": [{"color": "cv_", "id_name": "hand", "shape": "CVCylinder", "id_string": "ob382", "world_size": [0.12, 0.005, 0.12], "id": 382, "camera_size": [63, 59], "camera_position": [243, 262], "world_position": [0.6886110053368727, 0.9927191650833649, -0.1741136380857776], "world_orientation": [0.00030541904013679354, 0.403545448176127, 0.9149595499122015, -0.0006874436465988129, -0.9149592916632397, 0.40354556374755945, 0.9999997170701813, -0.0007522336282134852, -2.0312341610083406e-06], "world_rotation": [0.0, 1.0, 0.0, 0.0]}, {"color": "CVYellow", "id_name": "object73549706055137", "shape": "CVCone", "id_string": "ob428", "world_size": [0.09, 0.09, 0.09], "id": 428, "camera_size": [47, 62], "camera_position": [245, 252], "world_position": [0.7066360143741213, 0.9491990063209502, -0.1715229404192145], "world_orientation": [0.9145990918751139, -0.4043618441661264, -1.1125925650570385e-05, 0.4043618442782957, 0.9145990910450967, 3.938703013643829e-05, -5.750850655149992e-06, -4.052224180981204e-05, 0.999999999162438], "world_rotation": [9.880911452971519e-05, 6.646367660382915e-06, -0.9999999950962923, -0.416280981350233]}], "source": "action wait"}
{"timestamp": 1709221933.58769, "objects": [{"color": "cv_", "id_name": "hand", "shape": "CVCylinder", "id_string": "ob382", "world_size": [0.12, 0.005, 0.12], "id": 382, "camera_size": [66, 60], "camera_position": [242, 275], "world_position": [0.6655021012263135, 1.0589920026908037, -0.17411406183748043], "world_orientation": [0.0003766317507365524, 0.4932737112027592, 0.8698740736363979, -0.0006560803883166428, -0.8698738262295658, 0.4932738549723264, 0.9999997138534832, -0.000756489915608887, -3.994894099960375e-06], "world_rotation": [0.0, 1.0, 0.0, 0.0]}, {"color": "CVYellow", "id_name": "object73549706055137", "shape": "CVCone", "id_string": "ob428", "world_size": [0.09, 0.09, 0.09], "id": 428, "camera_size": [50, 68], "camera_position": [243, 262], "world_position": [0.6877732746384394, 1.0180370777099168, -0.17245520702256023], "world_orientation": [0.8694506301880622, -0.4940198392018293, -1.1856666046739847e-05, 0.4940198392841257, 0.8694506294580677, 3.645074194938128e-05, -7.698603919008656e-06, -3.754954881356794e-05, 0.9999999992653816], "world_rotation": [7.489607165183947e-05, 4.208395883861575e-06, -0.999999997186434, -0.5167071382795445]}], "source": "action wait"}
{"timestamp": 1709221933.611267, "objects": [{"color": "cv_", "id_name": "hand", "shape": "CVCylinder", "id_string": "ob382", "world_size": [0.12, 0.005, 0.12], "id": 382, "camera_size": [71, 60], "camera_position": [242, 289], "world_position": [0.6420989409261655, 1.108972354082672, -0.17411357937200794], "world_orientation": [0.0004371830366093651, 0.5602096165628294, 0.8283507677195211, -0.0006354301806548431, -0.828350524022309, 0.5602097871159089, 0.9999997025496948, -0.0007712732938473037, -6.166699611421039e-06], "world_rotation": [0.0, 1.0, 0.0, 0.0]}, {"color": "CVYellow", "id_name": "object73549706055137", "shape": "CVCone", "id_string": "ob428", "world_size": [0.09, 0.09, 0.09], "id": 428, "camera_size": [52, 73], "camera_position": [242, 275], "world_position": [0.6674685793136191, 1.070363265441433, -0.17305161359676752], "world_orientation": [0.8278823238441373, -0.5609018254922631, -5.087032062179052e-06, 0.5609018254290897, 0.8278823235237581, 2.50443341612804e-05, -9.835948825823774e-06, -2.3587087134262475e-05, 0.9999999996734518], "world_rotation": [-4.335109910675412e-05, 4.2332869528811555e-06, 0.9999999990513808, 0.5954747151820188]}], "source": "action wait"}
{"timestamp": 1709221933.638345, "objects": [{"color": "cv_", "id_name": "hand", "shape": "CVCylinder", "id_string": "ob382", "world_size": [0.12, 0.005, 0.12], "id": 382, "camera_size": [73, 61], "camera_position": [241, 302], "world_position": [0.622876944746999, 1.142784719382401, -0.17411467961506097], "world_orientation": [0.000478983680204269, 0.6053639942791678, 0.7959486195760411, -0.000613607322761148, -0.795948383117218, 0.6053641836937008, 0.9999996970302979, -0.0007783594660830151, -9.790505971974909e-06], "world_rotation": [0.0, 1.0, 0.0, 0.0]}, {"color": "CVYellow", "id_name": "object73549706055137", "shape": "CVCone", "id_string": "ob428", "world_size": [0.09, 0.09, 0.09], "id": 428, "camera_size": [54, 76], "camera_position": [241, 285], "world_position": [0.6502833205271182, 1.1060316360943094, -0.17343459302425027], "world_orientation": [0.7954510318881319, -0.606017867614455, 3.675148592638179e-07, 0.6060178674657077, 0.7954510317060371, 2.1682184624217698e-05, -1.3432131365160035e-05, -1.7024395561649935e-05, 0.9999999997648741], "world_rotation": [-3.193518065790469e-05, 1.138551101843537e-05, 0.9999999994252572, 0.6510448556461474]}], "source": "action wait"}
{"timestamp": 1709221933.659724, "objects": [{"color": "cv_", "id_name": "hand", "shape": "CVCylinder", "id_string": "ob382", "world_size": [0.12, 0.005, 0.12], "id": 382, "camera_size": [75, 61], "camera_position": [241, 312], "world_position": [0.6080632035753571, 1.1658348601886277, -0.17411634093626727], "world_orientation": [0.0005069211145348713, 0.6360964964493097, 0.7716093507960469, -0.0005938335060888452, -0.771609122404265, 0.6360966982969549, 0.9999996951963289, -0.0007806583333668437, -1.3409543616619848e-05], "world_rotation": [0.0, 1.0, 0.0, 0.0]}, {"color": "CVYellow", "id_name": "object73549706055137", "shape": "CVCone", "id_string": "ob428", "world_size": [0.09, 0.09, 0.09], "id": 428, "camera_size": [56, 78], "camera_position": [241, 294], "world_position": [0.636826819141064, 1.130474943038934, -0.17368054470304725], "world_orientation": [0.771092295072396, -0.6367233877182635, 3.544435176463378e-06, 0.6367233875003343, 0.7710922949334866, 2.2456801133049202e-05, -1.703185714921255e-05, -1.5059441553334182e-05, 0.9999999997415645], "world_rotation": [-2.9460393159160968e-05, 1.6157952349856614e-05, 0.999999999435503, 0.6902414590166931]}], "source": "action wait"}
