{"timestamp": 1706068728.511325, "objects": [{"color": "cv_", "id_name": "hand", "shape": "CVCylinder", "id_string": "ob383", "world_size": [0.12, 0.005, 0.12], "id": 383, "camera_size": [48, 50], "camera_position": [246, 426], "world_position": [0.2676445155400123, 0.6334703013849835, -0.17389260400847473], "world_orientation": [-0.0006415492808802686, 0.19791547486691966, 0.9802188802623228, -0.0007473671474840576, -0.9802189031248654, 0.19791499033431742, 0.9999995149283161, -0.0006056111687275454, 0.0007767742562996751], "world_rotation": [0.0, 1.0, 0.0, 0.0]}, {"color": "CVGreen", "id_name": "object203616543187530", "shape": "CVCone", "id_string": "ob940", "world_size": [0.11, 0.11, 0.11], "id": 940, "camera_size": [45, 45], "camera_position": [256, 254], "world_position": [0.705, 0.654738849708696, -0.15], "world_orientation": [1.0, -5.1619362862653347e-17, 1.4541359828532488e-17, 5.1619362862653347e-17, 1.0, 2.3824321321224633e-17, -1.4541359828532488e-17, -2.3824321321224633e-17, 1.0], "world_rotation": [-0.4059884517598224, 0.2477982093873522, 0.8796416454796148, 5.868226354211375e-17]}], "source": "manual check"}
{"timestamp": 1706068729.527757, "objects": [{"color": "cv_", "id_name": "hand", "shape": "CVCylinder", "id_string": "ob383", "world_size": [0.12, 0.005, 0.12], "id": 383, "camera_size": [48, 50], "camera_position": [246, 426], "world_position": [0.2676445155400123, 0.6334703013849835, -0.17389260400847473], "world_orientation": [-0.0006415492808802686, 0.19791547486691966, 0.9802188802623228, -0.0007473671474840576, -0.9802189031248654, 0.19791499033431742, 0.9999995149283161, -0.0006056111687275454, 0.0007767742562996751], "world_rotation": [0.0, 1.0, 0.0, 0.0]}, {"color": "CVGreen", "id_name": "object203616543187530", "shape": "CVCone", "id_string": "ob940", "world_size": [0.11, 0.11, 0.11], "id": 940, "camera_size": [45, 45], "camera_position": [256, 254], "world_position": [0.705, 0.6547388572526824, -0.15], "world_orientation": [1.0, -3.838362879530641e-17, 1.4813540171849057e-17, 3.838362879530641e-17, 1.0, 5.294293626938881e-18, -1.4813540171849057e-17, -5.294293626938881e-18, 1.0], "world_rotation": [-0.1276280613210114, 0.35710588544125776, 0.925303444577321, 4.1482206750932463e-17]}], "source": "manual check"}
{"timestamp": 1706068730.416551, "objects": [{"color": "cv_", "id_name": "hand", "shape": "CVCylinder", "id_string": "ob383", "world_size": [0.12, 0.005, 0.12], "id": 383, "camera_size": [48, 50], "camera_position": [246, 426], "world_position": [0.2676445155400123, 0.6334703013849835, -0.17389260400847473], "world_orientation": [-0.0006415492808802686, 0.19791547486691966, 0.9802188802623228, -0.0007473671474840576, -0.9802189031248654, 0.19791499033431742, 0.9999995149283161, -0.0006056111687275454, 0.0007767742562996751], "world_rotation": [0.0, 1.0, 0.0, 0.0]}, {"color": "CVGreen", "id_name": "object203616543187530", "shape": "CVCone", "id_string": "ob940", "world_size": [0.11, 0.11, 0.11], "id": 940, "camera_size": [45, 45], "camera_position": [256, 254], "world_position": [0.705, 0.6547388572526824, -0.15], "world_orientation": [1.0, -3.838362879530641e-17, 1.4813540171849057e-17, 3.838362879530641e-17, 1.0, 5.294293626938881e-18, -1.4813540171849057e-17, -5.294293626938881e-18, 1.0], "world_rotation": [-0.1276280613210114, 0.35710588544125776, 0.925303444577321, 4.1482206750932463e-17]}], "source": "action wait"}
{"timestamp": 1706068730.444886, "objects": [{"color": "cv_", "id_name": "hand", "shape": "CVCylinder", "id_string": "ob383", "world_size": [0.12, 0.005, 0.12], "id": 383, "camera_size": [49, 51], "camera_position": [246, 421], "world_position": [0.29079630456934474, 0.6674649119195636, -0.17395625224231034], "world_orientation": [-0.00038507519715723815, 0.1953090718246629, 0.980741667402829, -0.0007159492688651105, -0.9807415426060415, 0.19530876586412257, 0.999999669566814, -0.0006269527182012331, 0.0005174906300553347], "world_rotation": [0.0, 1.0, 0.0, 0.0]}, {"color": "CVGreen", "id_name": "object203616543187530", "shape": "CVCone", "id_string": "ob940", "world_size": [0.11, 0.11, 0.11], "id": 940, "camera_size": [45, 45], "camera_position": [256, 254], "world_position": [0.705, 0.6547388572526824, -0.15], "world_orientation": [1.0, -3.838362879530641e-17, 1.4813540171849057e-17, 3.838362879530641e-17, 1.0, 5.294293626938881e-18, -1.4813540171849057e-17, -5.294293626938881e-18, 1.0], "world_rotation": [-0.1276280613210114, 0.35710588544125776, 0.925303444577321, 4.1482206750932463e-17]}], "source": "action wait"}
{"timestamp": 1706068730.476033, "objects": [{"color": "cv_", "id_name": "hand", "shape": "CVCylinder", "id_string": "ob383", "world_size": [0.12, 0.005, 0.12], "id": 383, "camera_size": [51, 52], "camera_position": [246, 406], "world_position": [0.3366225665959482, 0.7051726051330548, -0.1739841116155746], "world_orientation": [-0.0002272058477671798, 0.1815131272025036, 0.983388495474027, -0.0007325555565119749, -0.9833882872060259, 0.1815129195081052, 0.9999997058698864, -0.0006791459098122111, 0.0003564000193914433], "world_rotation": [0.0, 1.0, 0.0, 0.0]}, {"color": "CVGreen", "id_name": "object203616543187530", "shape": "CVCone", "id_string": "ob940", "world_size": [0.11, 0.11, 0.11], "id": 940, "camera_size": [45, 45], "camera_position": [256, 254], "world_position": [0.705, 0.6547388572526824, -0.15], "world_orientation": [1.0, -3.838362879530641e-17, 1.4813540171849057e-17, 3.838362879530641e-17, 1.0, 5.294293626938881e-18, -1.4813540171849057e-17, -5.294293626938881e-18, 1.0], "world_rotation": [-0.1276280613210114, 0.35710588544125776, 0.925303444577321, 4.1482206750932463e-17]}], "source": "action wait"}
{"timestamp": 1706068730.509098, "objects": [{"color": "cv_", "id_name": "hand", "shape": "CVCylinder", "id_string": "ob383", "world_size": [0.12, 0.005, 0.12], "id": 383, "camera_size": [51, 52], "camera_position": [246, 388], "world_position": [0.38703194843110467, 0.7381661611004734, -0.17400462120736032], "world_orientation": [-0.00012492121747058405, 0.17169196573574294, 0.9851506754281225, -0.000743883297759081, -0.9851504264970044, 0.17169182802454458, 0.9999997155161239, -0.0007113891810407759, 0.00025078497634033604], "world_rotation": [0.0, 1.0, 0.0, 0.0]}, {"color": "CVGreen", "id_name": "object203616543187530", "shape": "CVCone", "id_string": "ob940", "world_size": [0.11, 0.11, 0.11], "id": 940, "camera_size": [45, 45], "camera_position": [256, 254], "world_position": [0.705, 0.6547388572526824, -0.15], "world_orientation": [1.0, -3.838362879530641e-17, 1.4813540171849057e-17, 3.838362879530641e-17, 1.0, 5.294293626938881e-18, -1.4813540171849057e-17, -5.294293626938881e-18, 1.0], "world_rotation": [-0.1276280613210114, 0.35710588544125776, 0.925303444577321, 4.1482206750932463e-17]}], "source": "action wait"}
{"timestamp": 1706068730.543417, "objects": [{"color": "cv_", "id_name": "hand", "shape": "CVCylinder", "id_string": "ob383", "world_size": [0.12, 0.005, 0.12], "id": 383, "camera_size": [52, 53], "camera_position": [245, 368], "world_position": [0.44103756160162644, 0.7659892256711117, -0.17402310648490646], "world_orientation": [-5.29343872266916e-05, 0.16475205163254322, 0.9863350134111728, -0.0007513021465773729, -0.9863347429743315, 0.16475196613953957, 0.9999997163714773, -0.0007323145684485495, 0.00017598959526471774], "world_rotation": [0.0, 1.0, 0.0, 0.0]}, {"color": "CVGreen", "id_name": "object203616543187530", "shape": "CVCone", "id_string": "ob940", "world_size": [0.11, 0.11, 0.11], "id": 940, "camera_size": [45, 45], "camera_position": [256, 254], "world_position": [0.705, 0.6547388572526824, -0.15], "world_orientation": [1.0, -3.838362879530641e-17, 1.4813540171849057e-17, 3.838362879530641e-17, 1.0, 5.294293626938881e-18, -1.4813540171849057e-17, -5.294293626938881e-18, 1.0], "world_rotation": [-0.1276280613210114, 0.35710588544125776, 0.925303444577321, 4.1482206750932463e-17]}], "source": "action wait"}
{"timestamp": 1706068730.579482, "objects": [{"color": "cv_", "id_name": "hand", "shape": "CVCylinder", "id_string": "ob383", "world_size": [0.12, 0.005, 0.12], "id": 383, "camera_size": [52, 53], "camera_position": [245, 344], "world_position": [0.4981549036240684, 0.7811412582180948, -0.17403836521677055], "world_orientation": [-9.12802695082414e-06, 0.14955936923501734, 0.9887527471469816, -0.0007643463834685502, -0.9887524594043715, 0.14955931865454872, 0.9999997078456, -0.0007543844049352587, 0.00012334052208617455], "world_rotation": [0.0, 1.0, 0.0, 0.0]}, {"color": "CVGreen", "id_name": "object203616543187530", "shape": "CVCone", "id_string": "ob940", "world_size": [0.11, 0.11, 0.11], "id": 940, "camera_size": [45, 45], "camera_position": [256, 254], "world_position": [0.705, 0.6547388572526824, -0.15], "world_orientation": [1.0, -3.838362879530641e-17, 1.4813540171849057e-17, 3.838362879530641e-17, 1.0, 5.294293626938881e-18, -1.4813540171849057e-17, -5.294293626938881e-18, 1.0], "world_rotation": [-0.1276280613210114, 0.35710588544125776, 0.925303444577321, 4.1482206750932463e-17]}], "source": "action wait"}
{"timestamp": 1706068730.614932, "objects": [{"color": "cv_", "id_name": "hand", "shape": "CVCylinder", "id_string": "ob383", "world_size": [0.12, 0.005, 0.12], "id": 383, "camera_size": [52, 53], "camera_position": [245, 318], "world_position": [0.5567905157953229, 0.7728434362865366, -0.17405020618841052], "world_orientation": [-2.3626005761723187e-06, 0.1108477800194749, 0.9938373959854662, -0.0007770582486279188, -0.993837096142487, 0.11084774472918825, 0.9999996980874027, -0.0007720076574001513, 8.848322190259585e-05], "world_rotation": [0.0, 1.0, 0.0, 0.0]}, {"color": "CVGreen", "id_name": "object203616543187530", "shape": "CVCone", "id_string": "ob940", "world_size": [0.11, 0.11, 0.11], "id": 940, "camera_size": [45, 45], "camera_position": [256, 254], "world_position": [0.705, 0.6547388572526824, -0.15], "world_orientation": [1.0, -3.838362879530641e-17, 1.4813540171849057e-17, 3.838362879530641e-17, 1.0, 5.294293626938881e-18, -1.4813540171849057e-17, -5.294293626938881e-18, 1.0], "world_rotation": [-0.1276280613210114, 0.35710588544125776, 0.925303444577321, 4.1482206750932463e-17]}], "source": "action wait"}
{"timestamp": 1706068730.647444, "objects": [{"color": "cv_", "id_name": "hand", "shape": "CVCylinder", "id_string": "ob383", "world_size": [0.12, 0.005, 0.12], "id": 383, "camera_size": [52, 52], "camera_position": [245, 298], "world_position": [0.6021306017279694, 0.759367111111618, -0.17405580972067872], "world_orientation": [-1.6637163333802694e-05, 0.07771693961590424, 0.996975464602787, -0.0007752607768945988, -0.9969751661374059, 0.07771690341244972, 0.9999996993469212, -0.0007716229844172864, 7.68377336636611e-05], "world_rotation": [0.0, 1.0, 0.0, 0.0]}, {"color": "CVGreen", "id_name": "object203616543187530", "shape": "CVCone", "id_string": "ob940", "world_size": [0.11, 0.11, 0.11], "id": 940, "camera_size": [45, 45], "camera_position": [256, 254], "world_position": [0.705, 0.6547388572526824, -0.15], "world_orientation": [1.0, -3.838362879530641e-17, 1.4813540171849057e-17, 3.838362879530641e-17, 1.0, 5.294293626938881e-18, -1.4813540171849057e-17, -5.294293626938881e-18, 1.0], "world_rotation": [-0.1276280613210114, 0.35710588544125776, 0.925303444577321, 4.1482206750932463e-17]}], "source": "action wait"}
{"timestamp": 1706068730.678776, "objects": [{"color": "cv_", "id_name": "hand", "shape": "CVCylinder", "id_string": "ob383", "world_size": [0.12, 0.005, 0.12], "id": 383, "camera_size": [51, 51], "camera_position": [246, 284], "world_position": [0.6339562922148301, 0.7474014923086129, -0.1740634874618335], "world_orientation": [-2.289141676654045e-05, 0.054305903056719056, 0.9985243454063487, -0.0007713921682385115, -0.9985240495429764, 0.05430586928149163, 0.9999997022150087, -0.0007690107215556928, 6.474877847695836e-05], "world_rotation": [0.0, 1.0, 0.0, 0.0]}, {"color": "CVGreen", "id_name": "object203616543187530", "shape": "CVCone", "id_string": "ob940", "world_size": [0.11, 0.11, 0.11], "id": 940, "camera_size": [45, 45], "camera_position": [256, 254], "world_position": [0.705, 0.6547388572526824, -0.15], "world_orientation": [1.0, -3.838362879530641e-17, 1.4813540171849057e-17, 3.838362879530641e-17, 1.0, 5.294293626938881e-18, -1.4813540171849057e-17, -5.294293626938881e-18, 1.0], "world_rotation": [-0.1276280613210114, 0.35710588544125776, 0.925303444577321, 4.1482206750932463e-17]}], "source": "action wait"}
{"timestamp": 1706068730.709512, "objects": [{"color": "cv_", "id_name": "hand", "shape": "CVCylinder", "id_string": "ob383", "world_size": [0.12, 0.005, 0.12], "id": 383, "camera_size": [51, 51], "camera_position": [246, 275], "world_position": [0.6562275987274835, 0.7377736162852573, -0.17407136525978198], "world_orientation": [-2.423780999251002e-05, 0.0377861329107435, 0.9992858487801077, -0.0007678981735981696, -0.9992855551536253, 0.03778610318233395, 0.9999997048724183, -0.000766433925791799, 5.3236395863948856e-05], "world_rotation": [0.0, 1.0, 0.0, 0.0]}, {"color": "CVGreen", "id_name": "object203616543187530", "shape": "CVCone", "id_string": "ob940", "world_size": [0.11, 0.11, 0.11], "id": 940, "camera_size": [45, 45], "camera_position": [256, 254], "world_position": [0.705, 0.6547388572526824, -0.15], "world_orientation": [1.0, -3.838362879530641e-17, 1.4813540171849057e-17, 3.838362879530641e-17, 1.0, 5.294293626938881e-18, -1.4813540171849057e-17, -5.294293626938881e-18, 1.0], "world_rotation": [-0.1276280613210114, 0.35710588544125776, 0.925303444577321, 4.1482206750932463e-17]}], "source": "action wait"}
{"timestamp": 1706068730.740577, "objects": [{"color": "cv_", "id_name": "hand", "shape": "CVCylinder", "id_string": "ob383", "world_size": [0.12, 0.005, 0.12], "id": 383, "camera_size": [51, 51], "camera_position": [246, 268], "world_position": [0.6718106607658964, 0.7304172814116106, -0.17407847654192815], "world_orientation": [-2.3051080856506417e-05, 0.026136567046776044, 0.9996583813141654, -0.0007653851359641885, -0.9996580892336933, 0.02613654176120288, 0.9999997068270777, -0.0007645211905627893, 4.304773936689406e-05], "world_rotation": [0.0, 1.0, 0.0, 0.0]}, {"color": "CVGreen", "id_name": "object203616543187530", "shape": "CVCone", "id_string": "ob940", "world_size": [0.11, 0.11, 0.11], "id": 940, "camera_size": [45, 45], "camera_position": [256, 254], "world_position": [0.705, 0.6547388572526824, -0.15], "world_orientation": [1.0, -3.838362879530641e-17, 1.4813540171849057e-17, 3.838362879530641e-17, 1.0, 5.294293626938881e-18, -1.4813540171849057e-17, -5.294293626938881e-18, 1.0], "world_rotation": [-0.1276280613210114, 0.35710588544125776, 0.925303444577321, 4.1482206750932463e-17]}], "source": "action wait"}
{"timestamp": 1706068730.807821, "objects": [{"color": "cv_", "id_name": "hand", "shape": "CVCylinder", "id_string": "ob383", "world_size": [0.12, 0.005, 0.12], "id": 383, "camera_size": [51, 51], "camera_position": [246, 260], "world_position": [0.6903743289443539, 0.7209971975014641, -0.17408937740092445], "world_orientation": [-1.8113709403866743e-05, 0.012135120753825519, 0.9999263665471492, -0.0007629124770369586, -0.9999260758825501, 0.012135103406123563, 0.9999997088181807, -0.000762636489420729, 2.7370405397698166e-05], "world_rotation": [0.0, 1.0, 0.0, 0.0]}, {"color": "CVGreen", "id_name": "object203616543187530", "shape": "CVCone", "id_string": "ob940", "world_size": [0.11, 0.11, 0.11], "id": 940, "camera_size": [45, 45], "camera_position": [256, 254], "world_position": [0.705, 0.6547388572526824, -0.15], "world_orientation": [1.0, -3.838362879530641e-17, 1.4813540171849057e-17, 3.838362879530641e-17, 1.0, 5.294293626938881e-18, -1.4813540171849057e-17, -5.294293626938881e-18, 1.0], "world_rotation": [-0.1276280613210114, 0.35710588544125776, 0.925303444577321, 4.1482206750932463e-17]}], "source": "action wait"}
{"timestamp": 1706068730.842848, "objects": [{"color": "cv_", "id_name": "hand", "shape": "CVCylinder", "id_string": "ob383", "world_size": [0.12, 0.005, 0.12], "id": 383, "camera_size": [51, 50], "camera_position": [246, 257], "world_position": [0.6957440944812724, 0.7181459851546826, -0.1740932532827802], "world_orientation": [-1.555749833299128e-05, 0.008054954839491459, 0.999967558204014, -0.0007624850041731472, -0.999967267738276, 0.00805494063698345, 0.9999997091872491, -0.0007623349530650491, 2.1698771375655165e-05], "world_rotation": [0.0, 1.0, 0.0, 0.0]}, {"color": "CVGreen", "id_name": "object203616543187530", "shape": "CVCone", "id_string": "ob940", "world_size": [0.11, 0.11, 0.11], "id": 940, "camera_size": [45, 45], "camera_position": [256, 254], "world_position": [0.705, 0.6547388572526824, -0.15], "world_orientation": [1.0, -3.838362879530641e-17, 1.4813540171849057e-17, 3.838362879530641e-17, 1.0, 5.294293626938881e-18, -1.4813540171849057e-17, -5.294293626938881e-18, 1.0], "world_rotation": [-0.1276280613210114, 0.35710588544125776, 0.925303444577321, 4.1482206750932463e-17]}], "source": "action wait"}
{"timestamp": 1706068730.877459, "objects": [{"color": "cv_", "id_name": "hand", "shape": "CVCylinder", "id_string": "ob383", "world_size": [0.12, 0.005, 0.12], "id": 383, "camera_size": [50, 50], "camera_position": [245, 256], "world_position": [0.6995163795754338, 0.7161128710849161, -0.17409627320472545], "world_orientation": [-1.3283381074511735e-05, 0.0051791481422960505, 0.9999865880340956, -0.0007623367745527472, -0.9999862975999406, 0.005179136511529017, 0.9999997093330547, -0.0007622577536743783, 1.7231454150404808e-05], "world_rotation": [0.0, 1.0, 0.0, 0.0]}, {"color": "CVGreen", "id_name": "object203616543187530", "shape": "CVCone", "id_string": "ob940", "world_size": [0.11, 0.11, 0.11], "id": 940, "camera_size": [45, 45], "camera_position": [256, 254], "world_position": [0.705, 0.6547388572526824, -0.15], "world_orientation": [1.0, -3.838362879530641e-17, 1.4813540171849057e-17, 3.838362879530641e-17, 1.0, 5.294293626938881e-18, -1.4813540171849057e-17, -5.294293626938881e-18, 1.0], "world_rotation": [-0.1276280613210114, 0.35710588544125776, 0.925303444577321, 4.1482206750932463e-17]}], "source": "action wait"}
{"timestamp": 1706068730.910624, "objects": [{"color": "cv_", "id_name": "hand", "shape": "CVCylinder", "id_string": "ob383", "world_size": [0.12, 0.005, 0.12], "id": 383, "camera_size": [50, 50], "camera_position": [245, 255], "world_position": [0.70216844229413, 0.7146706750841012, -0.17409859701904828], "world_orientation": [-1.1349945974405844e-05, 0.003152181671583256, 0.9999950317986026, -0.0007623425622931485, -0.9999947413085974, 0.0031521721033118872, 0.9999997093524561, -0.0007623029978390571, 1.3752928541236105e-05], "world_rotation": [0.0, 1.0, 0.0, 0.0]}, {"color": "CVGreen", "id_name": "object203616543187530", "shape": "CVCone", "id_string": "ob940", "world_size": [0.11, 0.11, 0.11], "id": 940, "camera_size": [45, 45], "camera_position": [256, 254], "world_position": [0.705, 0.6547388572526824, -0.15], "world_orientation": [1.0, -3.838362879530641e-17, 1.4813540171849057e-17, 3.838362879530641e-17, 1.0, 5.294293626938881e-18, -1.4813540171849057e-17, -5.294293626938881e-18, 1.0], "world_rotation": [-0.1276280613210114, 0.35710588544125776, 0.925303444577321, 4.1482206750932463e-17]}], "source": "action wait"}
{"timestamp": 1706068730.94261, "objects": [{"color": "cv_", "id_name": "hand", "shape": "CVCylinder", "id_string": "ob383", "world_size": [0.12, 0.005, 0.12], "id": 383, "camera_size": [50, 50], "camera_position": [245, 254], "world_position": [0.7040340746671677, 0.7136511701314884, -0.1741003686885381], "world_orientation": [-9.758247431488319e-06, 0.0017234749841546744, 0.9999985147682748, -0.0007624230581093005, -0.9999982241846386, 0.0017234670434167674, 0.9999997093078863, -0.000762405107716919, 1.107224717100112e-05], "world_rotation": [0.0, 1.0, 0.0, 0.0]}, {"color": "CVGreen", "id_name": "object203616543187530", "shape": "CVCone", "id_string": "ob940", "world_size": [0.11, 0.11, 0.11], "id": 940, "camera_size": [45, 45], "camera_position": [256, 254], "world_position": [0.705, 0.6547388572526824, -0.15], "world_orientation": [1.0, -3.838362879530641e-17, 1.4813540171849057e-17, 3.838362879530641e-17, 1.0, 5.294293626938881e-18, -1.4813540171849057e-17, -5.294293626938881e-18, 1.0], "world_rotation": [-0.1276280613210114, 0.35710588544125776, 0.925303444577321, 4.1482206750932463e-17]}], "source": "action wait"}
{"timestamp": 1706068730.972008, "objects": [{"color": "cv_", "id_name": "hand", "shape": "CVCylinder", "id_string": "ob383", "world_size": [0.12, 0.005, 0.12], "id": 383, "camera_size": [50, 50], "camera_position": [245, 253], "world_position": [0.7053471083021338, 0.7129320922302054, -0.17410170985878884], "world_orientation": [-8.477348283602772e-06, 0.0007164245342927049, 0.9999997433319778, -0.0007625314119322807, -0.9999994526454968, 0.0007164178617920855, 0.9999997092369479, -0.0007625251428914618, 9.023639855530056e-06], "world_rotation": [0.0, 1.0, 0.0, 0.0]}, {"color": "CVGreen", "id_name": "object203616543187530", "shape": "CVCone", "id_string": "ob940", "world_size": [0.11, 0.11, 0.11], "id": 940, "camera_size": [45, 45], "camera_position": [256, 254], "world_position": [0.705, 0.6547388572526824, -0.15], "world_orientation": [1.0, -3.838362879530641e-17, 1.4813540171849057e-17, 3.838362879530641e-17, 1.0, 5.294293626938881e-18, -1.4813540171849057e-17, -5.294293626938881e-18, 1.0], "world_rotation": [-0.1276280613210114, 0.35710588544125776, 0.925303444577321, 4.1482206750932463e-17]}], "source": "action wait"}
{"timestamp": 1706068731.002381, "objects": [{"color": "cv_", "id_name": "hand", "shape": "CVCylinder", "id_string": "ob383", "world_size": [0.12, 0.005, 0.12], "id": 383, "camera_size": [50, 50], "camera_position": [245, 253], "world_position": [0.706271570648196, 0.712425642625608, -0.17410271948663153], "world_orientation": [-7.463871079432257e-06, 6.566315570152669e-06, 0.9999999999505871, -0.0007626420388570053, -0.9999997091669971, 6.560621399294279e-06, 0.9999997091606634, -0.0007626419898520257, 7.468876657350975e-06], "world_rotation": [0.0, 1.0, 0.0, 0.0]}, {"color": "CVGreen", "id_name": "object203616543187530", "shape": "CVCone", "id_string": "ob940", "world_size": [0.11, 0.11, 0.11], "id": 940, "camera_size": [45, 45], "camera_position": [256, 254], "world_position": [0.705, 0.6547388572526824, -0.15], "world_orientation": [1.0, -3.838362879530641e-17, 1.4813540171849057e-17, 3.838362879530641e-17, 1.0, 5.294293626938881e-18, -1.4813540171849057e-17, -5.294293626938881e-18, 1.0], "world_rotation": [-0.1276280613210114, 0.35710588544125776, 0.925303444577321, 4.1482206750932463e-17]}], "source": "action wait"}
{"timestamp": 1706068731.03465, "objects": [{"color": "cv_", "id_name": "hand", "shape": "CVCylinder", "id_string": "ob383", "world_size": [0.12, 0.005, 0.12], "id": 383, "camera_size": [49, 50], "camera_position": [246, 253], "world_position": [0.7069027718558627, 0.7120937820101488, -0.17409626836385814], "world_orientation": [-8.460964000558795e-06, -0.00048564485626654397, 0.9999998820387359, -0.0007634934650097128, -0.999999590610249, -0.0004856511746269161, 0.9999997085030281, -0.0007634974840245364, 8.090173863034403e-06], "world_rotation": [0.0, 1.0, 0.0, 0.0]}, {"color": "CVGreen", "id_name": "object203616543187530", "shape": "CVCone", "id_string": "ob940", "world_size": [0.11, 0.11, 0.11], "id": 940, "camera_size": [45, 45], "camera_position": [256, 254], "world_position": [0.7050976650765733, 0.6546625982555053, -0.14999646360975297], "world_orientation": [0.9999984304127714, 0.0017717683048674862, 3.0112586074772448e-06, -0.0017717680931454414, 0.9999984280429894, -6.891570444359539e-05, -3.1333565347450087e-06, 6.891026102246505e-05, 0.9999999976207792], "world_rotation": [0.03886558742624135, 0.0017327219599230976, -0.9992429453284235, 0.0017731114697123538]}], "source": "action wait"}
{"timestamp": 1706068731.069221, "objects": [{"color": "cv_", "id_name": "hand", "shape": "CVCylinder", "id_string": "ob383", "world_size": [0.12, 0.005, 0.12], "id": 383, "camera_size": [49, 50], "camera_position": [246, 252], "world_position": [0.7073246231658266, 0.7118855645312183, -0.1741006509662205], "world_orientation": [-5.29557373764244e-06, -0.0008239800009540741, 0.9999996605143999, -0.0007652228920037046, -0.9999993677421016, -0.0008239838120107323, 0.9999997072028985, -0.0007652269956889574, 4.665042030576429e-06], "world_rotation": [0.0, 1.0, 0.0, 0.0]}, {"color": "CVGreen", "id_name": "object203616543187530", "shape": "CVCone", "id_string": "ob940", "world_size": [0.11, 0.11, 0.11], "id": 940, "camera_size": [45, 46], "camera_position": [256, 253], "world_position": [0.7051967311061127, 0.6545958400550905, -0.14999864097831217], "world_orientation": [0.9999936874164749, 0.003553183057040913, 4.1671076810179085e-06, -0.003553182935634666, 0.9999936870111928, -2.878865800185137e-05, -4.269372745960482e-06, 2.8773669775140074e-05, 0.9999999995769242], "world_rotation": [0.008099835976291683, 0.00118713245823659, -0.9999664911254196, 0.003553309540839119]}], "source": "action wait"}
{"timestamp": 1706068731.105008, "objects": [{"color": "cv_", "id_name": "hand", "shape": "CVCylinder", "id_string": "ob383", "world_size": [0.12, 0.005, 0.12], "id": 383, "camera_size": [49, 50], "camera_position": [246, 252], "world_position": [0.7076263451436922, 0.7117319528882895, -0.17410489972425244], "world_orientation": [-2.9194167728756667e-06, -0.001064624484265643, 0.9999994332829317, -0.0007661245826399522, -0.9999991398114972, -0.0010646264084664622, 0.9999997065222574, -0.0007661272565526484, 2.1037792733297107e-06], "world_rotation": [0.0, 1.0, 0.0, 0.0]}, {"color": "CVGreen", "id_name": "object203616543187530", "shape": "CVCone", "id_string": "ob940", "world_size": [0.11, 0.11, 0.11], "id": 940, "camera_size": [45, 46], "camera_position": [256, 253], "world_position": [0.7052846836933895, 0.6545052959273118, -0.15000076814479735], "world_orientation": [0.9999868734789101, 0.005123753453909563, 4.518636259359456e-06, -0.005123753503523734, 0.9999868734279505, 1.1037538960602403e-05, -4.4620233167828195e-06, -1.1060546454479564e-05, 0.9999999999288773], "world_rotation": [-0.0021564294262675144, 0.0008763726908244694, -0.9999972908878486, 0.005123789778879134]}], "source": "action wait"}
{"timestamp": 1706068732.190094, "objects": [{"color": "cv_", "id_name": "hand", "shape": "CVCylinder", "id_string": "ob383", "world_size": [0.12, 0.005, 0.12], "id": 383, "camera_size": [49, 50], "camera_position": [246, 252], "world_position": [0.7083550267411169, 0.7113705995478447, -0.1741138066249486], "world_orientation": [3.323132760361803e-06, -0.0016364946652911788, 0.9999986609361872, -0.0007683904582045441, -0.999998365734291, -0.0016364916287269326, 0.9999997047824868, -0.0007683839910021049, -4.580594214830476e-06], "world_rotation": [0.0, 1.0, 0.0, 0.0]}, {"color": "CVGreen", "id_name": "object203616543187530", "shape": "CVCone", "id_string": "ob940", "world_size": [0.11, 0.11, 0.11], "id": 940, "camera_size": [45, 46], "camera_position": [256, 253], "world_position": [0.7055090557458091, 0.6543009334253788, -0.1500052332618037], "world_orientation": [0.999966364194968, 0.008201829103817481, -2.1864326525494424e-05, -0.008201826091293737, 0.9999663554153614, 0.00013448452578793758, 2.296661000693153e-05, -0.00013430067488888283, 0.9999999907179318], "world_rotation": [0.016383429069253615, 0.0027326075503328554, 0.9998620485386513, -0.008203051204742523]}], "source": "action wait"}
{"timestamp": 1706068732.220853, "objects": [{"color": "cv_", "id_name": "hand", "shape": "CVCylinder", "id_string": "ob383", "world_size": [0.12, 0.005, 0.12], "id": 383, "camera_size": [51, 50], "camera_position": [246, 251], "world_position": [0.7107738953470136, 0.7320279889557529, -0.17409607179444228], "world_orientation": [2.0937200384146948e-05, 0.028669775618978273, 0.9995889372775147, -0.0007444340944864646, -0.9995886600725529, 0.028669783261081758, 0.9999997226897179, -0.0007447283503783133, 4.1417037473643674e-07], "world_rotation": [0.0, 1.0, 0.0, 0.0]}, {"color": "CVGreen", "id_name": "object203616543187530", "shape": "CVCone", "id_string": "ob940", "world_size": [0.11, 0.11, 0.11], "id": 940, "camera_size": [46, 48], "camera_position": [252, 251], "world_position": [0.7106540523324039, 0.6756631212935932, -0.15864704699138468], "world_orientation": [0.9996935066504176, -0.024756649127444914, -3.293891560036384e-05, 0.024756652858058233, 0.9996935001210491, 0.00011813124762984202, 3.0004285978160772e-05, -0.00011891049848710454, 0.999999992480018], "world_rotation": [0.004787376900468573, 0.0012712226188626736, -0.9999877324324864, -0.024759484349129873]}], "source": "action wait"}
{"timestamp": 1706068732.251214, "objects": [{"color": "cv_", "id_name": "hand", "shape": "CVCylinder", "id_string": "ob383", "world_size": [0.12, 0.005, 0.12], "id": 383, "camera_size": [52, 53], "camera_position": [245, 250], "world_position": [0.7141897883720913, 0.7808921040543987, -0.17411288554724405], "world_orientation": [7.60087276232777e-05, 0.09914092253220774, 0.9950734001580668, -0.0007266550192210611, -0.9950731348436298, 0.09914095160403882, 0.9999997330975425, -0.0007306106583053478, -3.5929939029323244e-06], "world_rotation": [0.0, 1.0, 0.0, 0.0]}, {"color": "CVGreen", "id_name": "object203616543187530", "shape": "CVCone", "id_string": "ob940", "world_size": [0.11, 0.11, 0.11], "id": 940, "camera_size": [48, 53], "camera_position": [249, 248], "world_position": [0.7186533921969184, 0.7250889052271922, -0.16422573714887573], "world_orientation": [0.9952909582003318, -0.09693248724998896, -3.7949918144754193e-05, 0.096932490769264, 0.9952909529740243, 0.00010564717398854414, 2.7530566849936773e-05, -0.00010882825712047595, 0.9999999936992392], "world_rotation": [0.0011063127018349423, 0.00033776312698080547, -0.9999993309939141, -0.09708499437214248]}], "source": "action wait"}
{"timestamp": 1706068732.281922, "objects": [{"color": "cv_", "id_name": "hand", "shape": "CVCylinder", "id_string": "ob383", "world_size": [0.12, 0.005, 0.12], "id": 383, "camera_size": [55, 55], "camera_position": [245, 250], "world_position": [0.7131808515818432, 0.8508219236211517, -0.17411933874662608], "world_orientation": [0.0001495005058339472, 0.19839180709348225, 0.9801227823736071, -0.0007168787602509272, -0.9801225202142668, 0.19839186337568807, 0.999999731867185, -0.0007322888890499388, -4.305939837734035e-06], "world_rotation": [0.0, 1.0, 0.0, 0.0]}, {"color": "CVGreen", "id_name": "object203616543187530", "shape": "CVCone", "id_string": "ob940", "world_size": [0.11, 0.11, 0.11], "id": 940, "camera_size": [51, 60], "camera_position": [248, 245], "world_position": [0.7235989952664145, 0.7958872339533016, -0.16779201804479058], "world_orientation": [0.9803471706654002, -0.19728006214051405, -4.5278908520047404e-05, 0.19728006538584866, 0.9803471674270027, 8.437539690528275e-05, 2.774346616721016e-05, -9.164980766329889e-05, 0.9999999954153066], "world_rotation": [0.0004461301884207196, 0.00018507284714139904, -0.9999998833579412, -0.19858270348083076]}], "source": "action wait"}
{"timestamp": 1706068732.31473, "objects": [{"color": "cv_", "id_name": "hand", "shape": "CVCylinder", "id_string": "ob383", "world_size": [0.12, 0.005, 0.12], "id": 383, "camera_size": [59, 57], "camera_position": [244, 254], "world_position": [0.7046754412208124, 0.9203750387665226, -0.17412027966176177], "world_orientation": [0.0002234001580936147, 0.29569968594828333, 0.9552809250803953, -0.000707967252765029, -0.9552806627485675, 0.29569977030939154, 0.9999997244373312, -0.0007423669875836084, -4.064156777059227e-06], "world_rotation": [0.0, 1.0, 0.0, 0.0]}, {"color": "CVGreen", "id_name": "object203616543187530", "shape": "CVCone", "id_string": "ob940", "world_size": [0.11, 0.11, 0.11], "id": 940, "camera_size": [54, 67], "camera_position": [246, 246], "world_position": [0.7207962596309209, 0.8668563252237561, -0.17007150715240327], "world_orientation": [0.9554108283436479, -0.2952797770700402, -4.834430730755841e-05, 0.2952797796561379, 0.9554108268808104, 6.0042892592089114e-05, 2.8459222680461943e-05, -7.164072615696098e-05, 0.9999999970288397], "world_rotation": [0.00022298109117349505, 0.00013005212862004953, -0.9999999666829378, -0.29974835138355804]}], "source": "action wait"}
{"timestamp": 1706068732.348499, "objects": [{"color": "cv_", "id_name": "hand", "shape": "CVCylinder", "id_string": "ob383", "world_size": [0.12, 0.005, 0.12], "id": 383, "camera_size": [62, 59], "camera_position": [243, 262], "world_position": [0.6889528895278477, 0.9886415696032221, -0.17412011756597143], "world_orientation": [0.0002964765401250825, 0.3900191065476519, 0.9208067162165101, -0.0006882937792789084, -0.9208064589813685, 0.3900192192057556, 0.9999997191766279, -0.000749417083382668, -4.549788246480749e-06], "world_rotation": [0.0, 1.0, 0.0, 0.0]}, {"color": "CVGreen", "id_name": "object203616543187530", "shape": "CVCone", "id_string": "ob940", "world_size": [0.11, 0.11, 0.11], "id": 940, "camera_size": [57, 74], "camera_position": [245, 250], "world_position": [0.7105165476054811, 0.9370697154452798, -0.17152949397307488], "world_orientation": [0.9208047421162385, -0.39002387686643275, -4.868598927428685e-05, 0.3900238788849955, 0.9208047415621741, 4.261596658901635e-05, 2.8209045265949955e-05, -5.8229682509144085e-05, 0.999999997906777], "world_rotation": [0.00012928137671299456, 9.857734088338e-05, -0.9999999867844167, -0.40065752968655666]}], "source": "action wait"}
{"timestamp": 1706068732.384361, "objects": [{"color": "cv_", "id_name": "hand", "shape": "CVCylinder", "id_string": "ob383", "world_size": [0.12, 0.005, 0.12], "id": 383, "camera_size": [66, 60], "camera_position": [242, 274], "world_position": [0.6662818828511181, 1.0549344314770939, -0.17411973235824096], "world_orientation": [0.000367479474726588, 0.4804019423152172, 0.8770483674111721, -0.000659099868952081, -0.8770481197733963, 0.4804020828319888, 0.9999997152730588, -0.0007546003690821532, -5.664325139490141e-06], "world_rotation": [0.0, 1.0, 0.0, 0.0]}, {"color": "CVGreen", "id_name": "object203616543187530", "shape": "CVCone", "id_string": "ob940", "world_size": [0.11, 0.11, 0.11], "id": 940, "camera_size": [60, 83], "camera_position": [243, 260], "world_position": [0.6930087378159776, 1.005823746178958, -0.17246226154050684], "world_orientation": [0.8769091350061543, -0.4806561834585409, -4.7390167426546184e-05, 0.4806561850251668, 0.8769091349192406, 2.9870415341720283e-05, 2.7199470885217874e-05, -4.897201716253011e-05, 0.9999999984309652], "world_rotation": [8.201541412195592e-05, 7.759146795751697e-05, -0.999999993626518, -0.5014028547436679]}], "source": "action wait"}
{"timestamp": 1706068732.419228, "objects": [{"color": "cv_", "id_name": "hand", "shape": "CVCylinder", "id_string": "ob383", "world_size": [0.12, 0.005, 0.12], "id": 383, "camera_size": [70, 61], "camera_position": [241, 290], "world_position": [0.641955920957067, 1.1077183988686792, -0.17411827528604346], "world_orientation": [0.00043047887415284455, 0.551567777851755, 0.8341299665661317, -0.0006383658621534281, -0.8341297223221742, 0.5515679457943136, 0.9999997035884387, -0.0007699184435794562, -6.973183717783924e-06], "world_rotation": [0.0, 1.0, 0.0, 0.0]}, {"color": "CVGreen", "id_name": "object203616543187530", "shape": "CVCone", "id_string": "ob940", "world_size": [0.11, 0.11, 0.11], "id": 940, "camera_size": [64, 89], "camera_position": [242, 272], "world_position": [0.6726810043211483, 1.061130316089378, -0.1730586205580314], "world_orientation": [0.8338695029997519, -0.5519616385812525, -3.8751072273637e-05, 0.5519616393328143, 0.8338695033222977, 1.1578304282153571e-05, 2.5922557586454324e-05, -3.104390021540035e-05, 0.9999999991821487], "world_rotation": [3.8609752367191574e-05, 5.8585257684849155e-05, -0.9999999975385273, -0.5847148661096229]}], "source": "action wait"}
{"timestamp": 1706068732.451987, "objects": [{"color": "cv_", "id_name": "hand", "shape": "CVCylinder", "id_string": "ob383", "world_size": [0.12, 0.005, 0.12], "id": 383, "camera_size": [73, 61], "camera_position": [241, 303], "world_position": [0.6217374583939604, 1.143383002535295, -0.17411851095626496], "world_orientation": [0.00047531578317434094, 0.5995227038884295, 0.8003576085708269, -0.0006175609311900148, -0.800357370378605, 0.5995228922227581, 0.9999996963466552, -0.0007792322830818835, -1.018069103745851e-05], "world_rotation": [0.0, 1.0, 0.0, 0.0]}, {"color": "CVGreen", "id_name": "object203616543187530", "shape": "CVCone", "id_string": "ob940", "world_size": [0.11, 0.11, 0.11], "id": 940, "camera_size": [67, 93], "camera_position": [242, 283], "world_position": [0.6550934476678264, 1.0988676145570684, -0.17344138885835067], "world_orientation": [0.8000044839683669, -0.5999940205687113, -3.0204303351847156e-05, 0.5999940208990893, 0.8000044842871151, 2.4187558889282724e-06, 2.2712339055673747e-05, -2.005741697329812e-05, 0.9999999995409249], "world_rotation": [1.8730330686410667e-05, 4.409764140821038e-05, -0.9999999988522864, -0.6434936355923795]}], "source": "action wait"}
{"timestamp": 1706068732.48375, "objects": [{"color": "cv_", "id_name": "hand", "shape": "CVCylinder", "id_string": "ob383", "world_size": [0.12, 0.005, 0.12], "id": 383, "camera_size": [75, 62], "camera_position": [241, 313], "world_position": [0.60607353582445, 1.1676397531346134, -0.1741197805696495], "world_orientation": [0.0005053230837557772, 0.6321147723097672, 0.7748746087441193, -0.000597681137432649, -0.774874378362658, 0.6321149741418429, 0.9999996937128726, -0.0007825502255434724, -1.3758834294965101e-05], "world_rotation": [0.0, 1.0, 0.0, 0.0]}, {"color": "CVGreen", "id_name": "object203616543187530", "shape": "CVCone", "id_string": "ob940", "world_size": [0.11, 0.11, 0.11], "id": 940, "camera_size": [68, 96], "camera_position": [241, 292], "world_position": [0.6411832118600365, 1.1247150291972736, -0.1736873107693028], "world_orientation": [0.7744550356624044, -0.632628956913998, -2.4719443036680416e-05, 0.6326289571080053, 0.7744550358984286, 3.779442819163484e-08, 1.9120187294677458e-05, -1.5667505553818864e-05, 0.9999999996944738], "world_rotation": [1.2412726130634642e-05, 3.464876987989551e-05, -0.9999999993226935, -0.6849431147084445]}], "source": "action wait"}
{"timestamp": 1706068732.51393, "objects": [{"color": "cv_", "id_name": "hand", "shape": "CVCylinder", "id_string": "ob383", "world_size": [0.12, 0.005, 0.12], "id": 383, "camera_size": [76, 62], "camera_position": [240, 321], "world_position": [0.5943787192946219, 1.1842752580971894, -0.17412122506670813], "world_orientation": [0.0005250401761576891, 0.6544535083868437, 0.7561020630132976, -0.0005808329992252188, -0.756101840104959, 0.6544537187784345, 0.9999996934828733, -0.0007827835247749116, -1.6855649191549314e-05], "world_rotation": [0.0, 1.0, 0.0, 0.0]}, {"color": "CVGreen", "id_name": "object203616543187530", "shape": "CVCone", "id_string": "ob940", "world_size": [0.11, 0.11, 0.11], "id": 940, "camera_size": [69, 98], "camera_position": [241, 299], "world_position": [0.6306733864795999, 1.142528241117623, -0.1738452149780876], "world_orientation": [0.7556363531820229, -0.6549913749634164, -2.175560593595942e-05, 0.6549913751291054, 0.7556363533512995, 6.584904030654042e-07, 1.6008021199892238e-05, -1.4747313535538687e-05, 0.99999999976313], "world_rotation": [1.176031053084426e-05, 2.8827575870660653e-05, -0.999999999515333, -0.7141712066806285]}], "source": "action wait"}
