{"timestamp": 1706068416.603929, "objects": [{"color": "cv_", "id_name": "hand", "shape": "CVCylinder", "id_string": "ob383", "world_size": [0.12, 0.005, 0.12], "id": 383, "camera_size": [48, 50], "camera_position": [246, 426], "world_position": [0.2676445155400099, 0.6334703013849471, -0.17389260400847473], "world_orientation": [-0.000641549278615598, 0.19791547486687255, 0.9802188802623337, -0.000747367147026943, -0.9802189031248747, 0.1979149903342721, 0.9999995149283177, -0.0006056111687277227, 0.000776774253989303], "world_rotation": [0.0, 1.0, 0.0, 0.0]}, {"color": "CVGreen", "id_name": "object26163601911326", "shape": "CVBox", "id_string": "ob828", "world_size": [0.11, 0.11, 0.11], "id": 828, "camera_size": [45, 45], "camera_position": [256, 254], "world_position": [0.705, 0.654738849708696, -0.15], "world_orientation": [1.0, -5.1619362862653347e-17, 1.4541359828532488e-17, 5.1619362862653347e-17, 1.0, 2.3824321321224633e-17, -1.4541359828532488e-17, -2.3824321321224633e-17, 1.0], "world_rotation": [-0.4059884517598224, 0.2477982093873522, 0.8796416454796148, 5.868226354211375e-17]}], "source": "manual check"}
{"timestamp": 1706068417.620206, "objects": [{"color": "cv_", "id_name": "hand", "shape": "CVCylinder", "id_string": "ob383", "world_size": [0.12, 0.005, 0.12], "id": 383, "camera_size": [48, 50], "camera_position": [246, 426], "world_position": [0.2676445155400099, 0.6334703013849471, -0.17389260400847473], "world_orientation": [-0.000641549278615598, 0.19791547486687255, 0.9802188802623337, -0.000747367147026943, -0.9802189031248747, 0.1979149903342721, 0.9999995149283177, -0.0006056111687277227, 0.000776774253989303], "world_rotation": [0.0, 1.0, 0.0, 0.0]}, {"color": "CVGreen", "id_name": "object26163601911326", "shape": "CVBox", "id_string": "ob828", "world_size": [0.11, 0.11, 0.11], "id": 828, "camera_size": [45, 45], "camera_position": [256, 254], "world_position": [0.705, 0.6547388572526824, -0.15], "world_orientation": [1.0, -3.838362879530641e-17, 1.4813540171849057e-17, 3.838362879530641e-17, 1.0, 5.294293626938881e-18, -1.4813540171849057e-17, -5.294293626938881e-18, 1.0], "world_rotation": [-0.1276280613210114, 0.35710588544125776, 0.925303444577321, 4.1482206750932463e-17]}], "source": "manual check"}
{"timestamp": 1706068419.392794, "objects": [{"color": "cv_", "id_name": "hand", "shape": "CVCylinder", "id_string": "ob383", "world_size": [0.12, 0.005, 0.12], "id": 383, "camera_size": [48, 50], "camera_position": [246, 426], "world_position": [0.2676445155400099, 0.6334703013849471, -0.17389260400847473], "world_orientation": [-0.000641549278615598, 0.19791547486687255, 0.9802188802623337, -0.000747367147026943, -0.9802189031248747, 0.1979149903342721, 0.9999995149283177, -0.0006056111687277227, 0.000776774253989303], "world_rotation": [0.0, 1.0, 0.0, 0.0]}, {"color": "CVGreen", "id_name": "object26163601911326", "shape": "CVBox", "id_string": "ob828", "world_size": [0.11, 0.11, 0.11], "id": 828, "camera_size": [45, 45], "camera_position": [256, 254], "world_position": [0.705, 0.6547388572526824, -0.15], "world_orientation": [1.0, -3.838362879530641e-17, 1.4813540171849057e-17, 3.838362879530641e-17, 1.0, 5.294293626938881e-18, -1.4813540171849057e-17, -5.294293626938881e-18, 1.0], "world_rotation": [-0.1276280613210114, 0.35710588544125776, 0.925303444577321, 4.1482206750932463e-17]}], "source": "action wait"}
{"timestamp": 1706068419.42526, "objects": [{"color": "cv_", "id_name": "hand", "shape": "CVCylinder", "id_string": "ob383", "world_size": [0.12, 0.005, 0.12], "id": 383, "camera_size": [49, 51], "camera_position": [246, 421], "world_position": [0.2907963046935127, 0.667464912040157, -0.17395625224716932], "world_orientation": [-0.00038507517650407814, 0.19530907297268288, 0.9807416671742156, -0.0007159492681099017, -0.9807415423774181, 0.195308767012156, 0.9999996695668224, -0.0006269527208885563, 0.0005174906103863107], "world_rotation": [0.0, 1.0, 0.0, 0.0]}, {"color": "CVGreen", "id_name": "object26163601911326", "shape": "CVBox", "id_string": "ob828", "world_size": [0.11, 0.11, 0.11], "id": 828, "camera_size": [45, 45], "camera_position": [256, 254], "world_position": [0.705, 0.6547388572526824, -0.15], "world_orientation": [1.0, -3.838362879530641e-17, 1.4813540171849057e-17, 3.838362879530641e-17, 1.0, 5.294293626938881e-18, -1.4813540171849057e-17, -5.294293626938881e-18, 1.0], "world_rotation": [-0.1276280613210114, 0.35710588544125776, 0.925303444577321, 4.1482206750932463e-17]}], "source": "action wait"}
{"timestamp": 1706068419.461601, "objects": [{"color": "cv_", "id_name": "hand", "shape": "CVCylinder", "id_string": "ob383", "world_size": [0.12, 0.005, 0.12], "id": 383, "camera_size": [51, 52], "camera_position": [246, 406], "world_position": [0.33662256680616487, 0.7051726053760258, -0.1739841116251473], "world_orientation": [-0.00022720581410281377, 0.181513129228044, 0.983388495100162, -0.0007325555557362809, -0.9833882868321498, 0.18151292153366827, 0.9999997058698948, -0.0006791459144258226, 0.00035639998754437546], "world_rotation": [0.0, 1.0, 0.0, 0.0]}, {"color": "CVGreen", "id_name": "object26163601911326", "shape": "CVBox", "id_string": "ob828", "world_size": [0.11, 0.11, 0.11], "id": 828, "camera_size": [45, 45], "camera_position": [256, 254], "world_position": [0.705, 0.6547388572526824, -0.15], "world_orientation": [1.0, -3.838362879530641e-17, 1.4813540171849057e-17, 3.838362879530641e-17, 1.0, 5.294293626938881e-18, -1.4813540171849057e-17, -5.294293626938881e-18, 1.0], "world_rotation": [-0.1276280613210114, 0.35710588544125776, 0.925303444577321, 4.1482206750932463e-17]}], "source": "action wait"}
{"timestamp": 1706068419.494333, "objects": [{"color": "cv_", "id_name": "hand", "shape": "CVCylinder", "id_string": "ob383", "world_size": [0.12, 0.005, 0.12], "id": 383, "camera_size": [51, 52], "camera_position": [246, 388], "world_position": [0.38703194870440394, 0.7381661614279968, -0.17400462122172639], "world_orientation": [-0.00012492117464242794, 0.17169196838308895, 0.9851506749667486, -0.0007438832969740644, -0.9851504260356208, 0.17169183067192062, 0.99999971551613, -0.0007113891869467389, 0.0002507849359250586], "world_rotation": [0.0, 1.0, 0.0, 0.0]}, {"color": "CVGreen", "id_name": "object26163601911326", "shape": "CVBox", "id_string": "ob828", "world_size": [0.11, 0.11, 0.11], "id": 828, "camera_size": [45, 45], "camera_position": [256, 254], "world_position": [0.705, 0.6547388572526824, -0.15], "world_orientation": [1.0, -3.838362879530641e-17, 1.4813540171849057e-17, 3.838362879530641e-17, 1.0, 5.294293626938881e-18, -1.4813540171849057e-17, -5.294293626938881e-18, 1.0], "world_rotation": [-0.1276280613210114, 0.35710588544125776, 0.925303444577321, 4.1482206750932463e-17]}], "source": "action wait"}
{"timestamp": 1706068419.520349, "objects": [{"color": "cv_", "id_name": "hand", "shape": "CVCylinder", "id_string": "ob383", "world_size": [0.12, 0.005, 0.12], "id": 383, "camera_size": [52, 53], "camera_position": [245, 368], "world_position": [0.4410375619207117, 0.7659892260572417, -0.1740231065040728], "world_orientation": [-5.2934337920958575e-05, 0.16475205471977816, 0.9863350128955004, -0.0007513021457802608, -0.9863347424586515, 0.16475196922680987, 0.9999997163714806, -0.0007323145752346989, 0.0001759895487935835], "world_rotation": [0.0, 1.0, 0.0, 0.0]}, {"color": "CVGreen", "id_name": "object26163601911326", "shape": "CVBox", "id_string": "ob828", "world_size": [0.11, 0.11, 0.11], "id": 828, "camera_size": [45, 45], "camera_position": [256, 254], "world_position": [0.705, 0.6547388572526824, -0.15], "world_orientation": [1.0, -3.838362879530641e-17, 1.4813540171849057e-17, 3.838362879530641e-17, 1.0, 5.294293626938881e-18, -1.4813540171849057e-17, -5.294293626938881e-18, 1.0], "world_rotation": [-0.1276280613210114, 0.35710588544125776, 0.925303444577321, 4.1482206750932463e-17]}], "source": "action wait"}
{"timestamp": 1706068419.548207, "objects": [{"color": "cv_", "id_name": "hand", "shape": "CVCylinder", "id_string": "ob383", "world_size": [0.12, 0.005, 0.12], "id": 383, "camera_size": [52, 53], "camera_position": [245, 344], "world_position": [0.49815490415880637, 0.7811412521502243, -0.17403836524025693], "world_orientation": [-9.127979876235366e-06, 0.14955936336218253, 0.9887527480353107, -0.0007643463865457709, -0.9887524602926923, 0.14955931278175064, 0.9999997078455981, -0.0007543844157509111, 0.00012334047152051477], "world_rotation": [0.0, 1.0, 0.0, 0.0]}, {"color": "CVGreen", "id_name": "object26163601911326", "shape": "CVBox", "id_string": "ob828", "world_size": [0.11, 0.11, 0.11], "id": 828, "camera_size": [45, 45], "camera_position": [256, 254], "world_position": [0.705, 0.6547388572526824, -0.15], "world_orientation": [1.0, -3.838362879530641e-17, 1.4813540171849057e-17, 3.838362879530641e-17, 1.0, 5.294293626938881e-18, -1.4813540171849057e-17, -5.294293626938881e-18, 1.0], "world_rotation": [-0.1276280613210114, 0.35710588544125776, 0.925303444577321, 4.1482206750932463e-17]}], "source": "action wait"}
{"timestamp": 1706068419.579644, "objects": [{"color": "cv_", "id_name": "hand", "shape": "CVCylinder", "id_string": "ob383", "world_size": [0.12, 0.005, 0.12], "id": 383, "camera_size": [52, 53], "camera_position": [245, 318], "world_position": [0.5567905135673591, 0.772843427944239, -0.17405020621493986], "world_orientation": [-2.3625575051804163e-06, 0.11084777217864064, 0.9938373968599946, -0.0007770582478863989, -0.9938370970170121, 0.11084773688838974, 0.9999996980874033, -0.0007720076621356072, 8.848317292413165e-05], "world_rotation": [0.0, 1.0, 0.0, 0.0]}, {"color": "CVGreen", "id_name": "object26163601911326", "shape": "CVBox", "id_string": "ob828", "world_size": [0.11, 0.11, 0.11], "id": 828, "camera_size": [45, 45], "camera_position": [256, 254], "world_position": [0.705, 0.6547388572526824, -0.15], "world_orientation": [1.0, -3.838362879530641e-17, 1.4813540171849057e-17, 3.838362879530641e-17, 1.0, 5.294293626938881e-18, -1.4813540171849057e-17, -5.294293626938881e-18, 1.0], "world_rotation": [-0.1276280613210114, 0.35710588544125776, 0.925303444577321, 4.1482206750932463e-17]}], "source": "action wait"}
{"timestamp": 1706068419.6139, "objects": [{"color": "cv_", "id_name": "hand", "shape": "CVCylinder", "id_string": "ob383", "world_size": [0.12, 0.005, 0.12], "id": 383, "camera_size": [52, 52], "camera_position": [245, 298], "world_position": [0.6021305950009264, 0.7593671038456256, -0.17405580975254295], "world_orientation": [-1.6637113495122348e-05, 0.07771693421590146, 0.9969754650237326, -0.0007752607756612823, -0.9969751665583484, 0.07771689801248713, 0.999999699346923, -0.0007716229874771907, 7.683767970047785e-05], "world_rotation": [0.0, 1.0, 0.0, 0.0]}, {"color": "CVGreen", "id_name": "object26163601911326", "shape": "CVBox", "id_string": "ob828", "world_size": [0.11, 0.11, 0.11], "id": 828, "camera_size": [45, 45], "camera_position": [256, 254], "world_position": [0.705, 0.6547388572526824, -0.15], "world_orientation": [1.0, -3.838362879530641e-17, 1.4813540171849057e-17, 3.838362879530641e-17, 1.0, 5.294293626938881e-18, -1.4813540171849057e-17, -5.294293626938881e-18, 1.0], "world_rotation": [-0.1276280613210114, 0.35710588544125776, 0.925303444577321, 4.1482206750932463e-17]}], "source": "action wait"}
{"timestamp": 1706068419.652216, "objects": [{"color": "cv_", "id_name": "hand", "shape": "CVCylinder", "id_string": "ob383", "world_size": [0.12, 0.005, 0.12], "id": 383, "camera_size": [51, 51], "camera_position": [246, 284], "world_position": [0.6339562823348314, 0.7474014862802635, -0.17406348749736095], "world_orientation": [-2.2891362326957962e-05, 0.054305899390853264, 0.9985243456057223, -0.0007713921672472333, -0.9985240497423471, 0.05430586561566885, 0.9999997022150107, -0.0007690107237599778, 6.474872124063748e-05], "world_rotation": [0.0, 1.0, 0.0, 0.0]}, {"color": "CVGreen", "id_name": "object26163601911326", "shape": "CVBox", "id_string": "ob828", "world_size": [0.11, 0.11, 0.11], "id": 828, "camera_size": [45, 45], "camera_position": [256, 254], "world_position": [0.705, 0.6547388572526824, -0.15], "world_orientation": [1.0, -3.838362879530641e-17, 1.4813540171849057e-17, 3.838362879530641e-17, 1.0, 5.294293626938881e-18, -1.4813540171849057e-17, -5.294293626938881e-18, 1.0], "world_rotation": [-0.1276280613210114, 0.35710588544125776, 0.925303444577321, 4.1482206750932463e-17]}], "source": "action wait"}
{"timestamp": 1706068419.688958, "objects": [{"color": "cv_", "id_name": "hand", "shape": "CVCylinder", "id_string": "ob383", "world_size": [0.12, 0.005, 0.12], "id": 383, "camera_size": [51, 51], "camera_position": [246, 275], "world_position": [0.6562275866601285, 0.737773611362686, -0.1740713652977012], "world_orientation": [-2.4237752636688204e-05, 0.0377861304709914, 0.9992858488723638, -0.0007678981729810808, -0.9992855552458787, 0.03778610074262658, 0.9999997048724201, -0.0007664339274723806, 5.323633665454207e-05], "world_rotation": [0.0, 1.0, 0.0, 0.0]}, {"color": "CVGreen", "id_name": "object26163601911326", "shape": "CVBox", "id_string": "ob828", "world_size": [0.11, 0.11, 0.11], "id": 828, "camera_size": [45, 45], "camera_position": [256, 254], "world_position": [0.705, 0.6547388572526824, -0.15], "world_orientation": [1.0, -3.838362879530641e-17, 1.4813540171849057e-17, 3.838362879530641e-17, 1.0, 5.294293626938881e-18, -1.4813540171849057e-17, -5.294293626938881e-18, 1.0], "world_rotation": [-0.1276280613210114, 0.35710588544125776, 0.925303444577321, 4.1482206750932463e-17]}], "source": "action wait"}
{"timestamp": 1706068419.720379, "objects": [{"color": "cv_", "id_name": "hand", "shape": "CVCylinder", "id_string": "ob383", "world_size": [0.12, 0.005, 0.12], "id": 383, "camera_size": [51, 51], "camera_position": [246, 268], "world_position": [0.6718106471825607, 0.7304172773809269, -0.17407847658139414], "world_orientation": [-2.305102164461683e-05, 0.026136565472249455, 0.9996583813553336, -0.0007653851356600081, -0.999658089274859, 0.026136540186722033, 0.9999997068270794, -0.0007645211918741095, 4.304767896312911e-05], "world_rotation": [0.0, 1.0, 0.0, 0.0]}, {"color": "CVGreen", "id_name": "object26163601911326", "shape": "CVBox", "id_string": "ob828", "world_size": [0.11, 0.11, 0.11], "id": 828, "camera_size": [45, 45], "camera_position": [256, 254], "world_position": [0.705, 0.6547388572526824, -0.15], "world_orientation": [1.0, -3.838362879530641e-17, 1.4813540171849057e-17, 3.838362879530641e-17, 1.0, 5.294293626938881e-18, -1.4813540171849057e-17, -5.294293626938881e-18, 1.0], "world_rotation": [-0.1276280613210114, 0.35710588544125776, 0.925303444577321, 4.1482206750932463e-17]}], "source": "action wait"}
{"timestamp": 1706068419.756836, "objects": [{"color": "cv_", "id_name": "hand", "shape": "CVCylinder", "id_string": "ob383", "world_size": [0.12, 0.005, 0.12], "id": 383, "camera_size": [51, 50], "camera_position": [246, 263], "world_position": [0.6827234500431179, 0.7249641769312386, -0.17408448875285262], "world_orientation": [-2.0754356893670106e-05, 0.017923957162254478, 0.9998393527606836, -0.0007638011902096847, -0.999839061610843, 0.017923936088109535, 0.9999997080884567, -0.0007633064878909341, 3.444135653507171e-05], "world_rotation": [0.0, 1.0, 0.0, 0.0]}, {"color": "CVGreen", "id_name": "object26163601911326", "shape": "CVBox", "id_string": "ob828", "world_size": [0.11, 0.11, 0.11], "id": 828, "camera_size": [45, 45], "camera_position": [256, 254], "world_position": [0.705, 0.6547388572526824, -0.15], "world_orientation": [1.0, -3.838362879530641e-17, 1.4813540171849057e-17, 3.838362879530641e-17, 1.0, 5.294293626938881e-18, -1.4813540171849057e-17, -5.294293626938881e-18, 1.0], "world_rotation": [-0.1276280613210114, 0.35710588544125776, 0.925303444577321, 4.1482206750932463e-17]}], "source": "action wait"}
{"timestamp": 1706068419.789498, "objects": [{"color": "cv_", "id_name": "hand", "shape": "CVCylinder", "id_string": "ob383", "world_size": [0.12, 0.005, 0.12], "id": 383, "camera_size": [51, 51], "camera_position": [246, 260], "world_position": [0.6903743135753269, 0.7209971946589999, -0.17408937744201547], "world_orientation": [-1.8113648382053598e-05, 0.012135120219081337, 0.9999263665536399, -0.0007629124770709755, -0.9999260758890391, 0.012135102871426103, 0.9999997088181817, -0.0007626364902098865, 2.7370343972962425e-05], "world_rotation": [0.0, 1.0, 0.0, 0.0]}, {"color": "CVGreen", "id_name": "object26163601911326", "shape": "CVBox", "id_string": "ob828", "world_size": [0.11, 0.11, 0.11], "id": 828, "camera_size": [45, 45], "camera_position": [256, 254], "world_position": [0.705, 0.6547388572526824, -0.15], "world_orientation": [1.0, -3.838362879530641e-17, 1.4813540171849057e-17, 3.838362879530641e-17, 1.0, 5.294293626938881e-18, -1.4813540171849057e-17, -5.294293626938881e-18, 1.0], "world_rotation": [-0.1276280613210114, 0.35710588544125776, 0.925303444577321, 4.1482206750932463e-17]}], "source": "action wait"}
{"timestamp": 1706068419.816965, "objects": [{"color": "cv_", "id_name": "hand", "shape": "CVCylinder", "id_string": "ob383", "world_size": [0.12, 0.005, 0.12], "id": 383, "camera_size": [51, 50], "camera_position": [246, 257], "world_position": [0.6957440786004803, 0.7181459826804694, -0.17409325332427072], "world_orientation": [-1.5557436866935965e-05, 0.008054954607550806, 0.9999675582058832, -0.000762485004269212, -0.9999672677401441, 0.008054940405089731, 0.9999997091872499, -0.0007623349536612507, 2.1698709735563466e-05], "world_rotation": [0.0, 1.0, 0.0, 0.0]}, {"color": "CVGreen", "id_name": "object26163601911326", "shape": "CVBox", "id_string": "ob828", "world_size": [0.11, 0.11, 0.11], "id": 828, "camera_size": [45, 45], "camera_position": [256, 254], "world_position": [0.705, 0.6547388572526824, -0.15], "world_orientation": [1.0, -3.838362879530641e-17, 1.4813540171849057e-17, 3.838362879530641e-17, 1.0, 5.294293626938881e-18, -1.4813540171849057e-17, -5.294293626938881e-18, 1.0], "world_rotation": [-0.1276280613210114, 0.35710588544125776, 0.925303444577321, 4.1482206750932463e-17]}], "source": "action wait"}
{"timestamp": 1706068419.844092, "objects": [{"color": "cv_", "id_name": "hand", "shape": "CVCylinder", "id_string": "ob383", "world_size": [0.12, 0.005, 0.12], "id": 383, "camera_size": [50, 50], "camera_position": [245, 256], "world_position": [0.699516363336514, 0.7161128688754571, -0.17409627324646593], "world_orientation": [-1.3283319454911823e-05, 0.005179148123662071, 0.9999865880341929, -0.0007623367746732948, -0.9999862976000369, 0.005179136492941988, 0.9999997093330555, -0.0007622577541143821, 1.723139251806942e-05], "world_rotation": [0.0, 1.0, 0.0, 0.0]}, {"color": "CVGreen", "id_name": "object26163601911326", "shape": "CVBox", "id_string": "ob828", "world_size": [0.11, 0.11, 0.11], "id": 828, "camera_size": [45, 45], "camera_position": [256, 254], "world_position": [0.705, 0.6547388572526824, -0.15], "world_orientation": [1.0, -3.838362879530641e-17, 1.4813540171849057e-17, 3.838362879530641e-17, 1.0, 5.294293626938881e-18, -1.4813540171849057e-17, -5.294293626938881e-18, 1.0], "world_rotation": [-0.1276280613210114, 0.35710588544125776, 0.925303444577321, 4.1482206750932463e-17]}], "source": "action wait"}
{"timestamp": 1706068419.875997, "objects": [{"color": "cv_", "id_name": "hand", "shape": "CVCylinder", "id_string": "ob383", "world_size": [0.12, 0.005, 0.12], "id": 383, "camera_size": [50, 50], "camera_position": [245, 255], "world_position": [0.702168425804135, 0.7146706730634789, -0.17409859706094324], "world_orientation": [-1.1349884254306996e-05, 0.0031521818032085253, 0.9999950317981883, -0.0007623425624136631, -0.9999947413081824, 0.003152172234984196, 0.9999997093524567, -0.000762302998152313, 1.375286692218053e-05], "world_rotation": [0.0, 1.0, 0.0, 0.0]}, {"color": "CVGreen", "id_name": "object26163601911326", "shape": "CVBox", "id_string": "ob828", "world_size": [0.11, 0.11, 0.11], "id": 828, "camera_size": [45, 45], "camera_position": [256, 254], "world_position": [0.705, 0.6547388572526824, -0.15], "world_orientation": [1.0, -3.838362879530641e-17, 1.4813540171849057e-17, 3.838362879530641e-17, 1.0, 5.294293626938881e-18, -1.4813540171849057e-17, -5.294293626938881e-18, 1.0], "world_rotation": [-0.1276280613210114, 0.35710588544125776, 0.925303444577321, 4.1482206750932463e-17]}], "source": "action wait"}
{"timestamp": 1706068419.909988, "objects": [{"color": "cv_", "id_name": "hand", "shape": "CVCylinder", "id_string": "ob383", "world_size": [0.12, 0.005, 0.12], "id": 383, "camera_size": [50, 50], "camera_position": [245, 254], "world_position": [0.7040340580008969, 0.7136511682448494, -0.1741003687305271], "world_orientation": [-9.758185663855426e-06, 0.0017234752216280622, 0.9999985147678663, -0.0007624230582183304, -0.9999982241842293, 0.0017234672809371724, 0.9999997093078868, -0.000762405107929774, 1.1072185584716994e-05], "world_rotation": [0.0, 1.0, 0.0, 0.0]}, {"color": "CVGreen", "id_name": "object26163601911326", "shape": "CVBox", "id_string": "ob828", "world_size": [0.11, 0.11, 0.11], "id": 828, "camera_size": [45, 45], "camera_position": [256, 254], "world_position": [0.705, 0.6547388572526824, -0.15], "world_orientation": [1.0, -3.838362879530641e-17, 1.4813540171849057e-17, 3.838362879530641e-17, 1.0, 5.294293626938881e-18, -1.4813540171849057e-17, -5.294293626938881e-18, 1.0], "world_rotation": [-0.1276280613210114, 0.35710588544125776, 0.925303444577321, 4.1482206750932463e-17]}], "source": "action wait"}
{"timestamp": 1706068419.945742, "objects": [{"color": "cv_", "id_name": "hand", "shape": "CVCylinder", "id_string": "ob383", "world_size": [0.12, 0.005, 0.12], "id": 383, "camera_size": [50, 50], "camera_position": [245, 253], "world_position": [0.7053470915119683, 0.7129320904383012, -0.17410170990083357], "world_orientation": [-8.477286558919108e-06, 0.0007164248463320599, 0.9999997433317547, -0.0007625314120255952, -0.9999994526452731, 0.0007164181738784177, 0.9999997092369484, -0.0007625251430261813, 9.023578368884955e-06], "world_rotation": [0.0, 1.0, 0.0, 0.0]}, {"color": "CVGreen", "id_name": "object26163601911326", "shape": "CVBox", "id_string": "ob828", "world_size": [0.11, 0.11, 0.11], "id": 828, "camera_size": [45, 45], "camera_position": [256, 254], "world_position": [0.705, 0.6547388572526824, -0.15], "world_orientation": [1.0, -3.838362879530641e-17, 1.4813540171849057e-17, 3.838362879530641e-17, 1.0, 5.294293626938881e-18, -1.4813540171849057e-17, -5.294293626938881e-18, 1.0], "world_rotation": [-0.1276280613210114, 0.35710588544125776, 0.925303444577321, 4.1482206750932463e-17]}], "source": "action wait"}
{"timestamp": 1706068419.980128, "objects": [{"color": "cv_", "id_name": "hand", "shape": "CVCylinder", "id_string": "ob383", "world_size": [0.12, 0.005, 0.12], "id": 383, "camera_size": [50, 50], "camera_position": [245, 253], "world_position": [0.7062715537708811, 0.7124256409005366, -0.17410271952870818], "world_orientation": [-7.463809538713721e-06, 6.5666801411866336e-06, 0.9999999999505852, -0.0007626420389343499, -0.9999997091669948, 6.560986017149498e-06, 0.9999997091606638, -0.0007626419899270511, 7.468815394688035e-06], "world_rotation": [0.0, 1.0, 0.0, 0.0]}, {"color": "CVGreen", "id_name": "object26163601911326", "shape": "CVBox", "id_string": "ob828", "world_size": [0.11, 0.11, 0.11], "id": 828, "camera_size": [45, 45], "camera_position": [256, 254], "world_position": [0.705, 0.6547388572526824, -0.15], "world_orientation": [1.0, -3.838362879530641e-17, 1.4813540171849057e-17, 3.838362879530641e-17, 1.0, 5.294293626938881e-18, -1.4813540171849057e-17, -5.294293626938881e-18, 1.0], "world_rotation": [-0.1276280613210114, 0.35710588544125776, 0.925303444577321, 4.1482206750932463e-17]}], "source": "action wait"}
{"timestamp": 1706068420.01389, "objects": [{"color": "cv_", "id_name": "hand", "shape": "CVCylinder", "id_string": "ob383", "world_size": [0.12, 0.005, 0.12], "id": 383, "camera_size": [49, 50], "camera_position": [246, 253], "world_position": [0.7069027549194123, 0.7120937803294195, -0.1740962684066541], "world_orientation": [-8.460902656368783e-06, -0.00048564445536190994, 0.9999998820389312, -0.0007634934649916506, -0.9999995906104436, -0.0004856507736755569, 0.9999997085030287, -0.000763497483973439, 8.090112824968229e-06], "world_rotation": [0.0, 1.0, 0.0, 0.0]}, {"color": "CVGreen", "id_name": "object26163601911326", "shape": "CVBox", "id_string": "ob828", "world_size": [0.11, 0.11, 0.11], "id": 828, "camera_size": [45, 45], "camera_position": [256, 254], "world_position": [0.7050976650647863, 0.6546625982638137, -0.14999646361004884], "world_orientation": [0.9999984304131506, 0.0017717680908806044, 3.011258247678929e-06, -0.0017717678791586034, 0.9999984280433689, -6.89156986221752e-05, -3.133356149892089e-06, 6.891025520236178e-05, 0.9999999976207794], "world_rotation": [0.038865588835338444, 0.0017327219591146425, -0.9992429452736179, 0.0017731112556602846]}], "source": "action wait"}
{"timestamp": 1706068420.048651, "objects": [{"color": "cv_", "id_name": "hand", "shape": "CVCylinder", "id_string": "ob383", "world_size": [0.12, 0.005, 0.12], "id": 383, "camera_size": [49, 50], "camera_position": [246, 252], "world_position": [0.7073246061105951, 0.7118855629712197, -0.1741006510139296], "world_orientation": [-5.295508341636391e-06, -0.0008239795449118335, 0.999999660514776, -0.0007652228952833977, -0.999999367742475, -0.000823983355918588, 0.9999997072028963, -0.0007652269989126368, 4.664976980884338e-06], "world_rotation": [0.0, 1.0, 0.0, 0.0]}, {"color": "CVGreen", "id_name": "object26163601911326", "shape": "CVBox", "id_string": "ob828", "world_size": [0.11, 0.11, 0.11], "id": 828, "camera_size": [45, 46], "camera_position": [256, 253], "world_position": [0.7051967313049334, 0.6545958398550165, -0.1499986409811438], "world_orientation": [0.9999936874037476, 0.003553186638945424, 4.167108112195534e-06, -0.003553186517539395, 0.9999936869984669, -2.8788603924872066e-05, -4.269373088055222e-06, 2.8773615681677455e-05, 0.9999999995769258], "world_rotation": [0.008099812591434784, 0.0011871313705460167, -0.9999664913161305, 0.0035533131222087017]}], "source": "action wait"}
{"timestamp": 1706068420.081027, "objects": [{"color": "cv_", "id_name": "hand", "shape": "CVCylinder", "id_string": "ob383", "world_size": [0.12, 0.005, 0.12], "id": 383, "camera_size": [49, 50], "camera_position": [246, 252], "world_position": [0.7076263280114445, 0.7117319514028968, -0.17410489977760363], "world_orientation": [-2.9193479925423164e-06, -0.001064623992065205, 0.9999994332834559, -0.0007661245878132489, -0.9999991398120174, -0.0010646259162134955, 0.9999997065222536, -0.0007661272616516807, 2.1037108646349087e-06], "world_rotation": [0.0, 1.0, 0.0, 0.0]}, {"color": "CVGreen", "id_name": "object26163601911326", "shape": "CVBox", "id_string": "ob828", "world_size": [0.11, 0.11, 0.11], "id": 828, "camera_size": [45, 46], "camera_position": [256, 253], "world_position": [0.7052846840665653, 0.6545052955478821, -0.1500007681505088], "world_orientation": [0.9999868734445699, 0.005123760155944533, 4.518636300255792e-06, -0.005123760205559196, 0.9999868733936093, 1.1037649316580024e-05, -4.462022718112217e-06, -1.106065683912304e-05, 0.9999999999288761], "world_rotation": [-0.0021564481463300835, 0.0008763714900376759, -0.9999972908485321, 0.0051237964812219355]}], "source": "action wait"}
{"timestamp": 1706068421.166922, "objects": [{"color": "cv_", "id_name": "hand", "shape": "CVCylinder", "id_string": "ob383", "world_size": [0.12, 0.005, 0.12], "id": 383, "camera_size": [49, 50], "camera_position": [246, 252], "world_position": [0.7083550094785107, 0.7113705982075802, -0.17411380668559354], "world_orientation": [3.3232079515490048e-06, -0.0016364940930929126, 0.9999986609371232, -0.0007683904665927311, -0.999998365735221, -0.001636491056471025, 0.99999970478248, -0.0007683839992698497, -4.580668979955197e-06], "world_rotation": [0.0, 1.0, 0.0, 0.0]}, {"color": "CVGreen", "id_name": "object26163601911326", "shape": "CVBox", "id_string": "ob828", "world_size": [0.11, 0.11, 0.11], "id": 828, "camera_size": [45, 46], "camera_position": [256, 253], "world_position": [0.7055090564116798, 0.6543009327388958, -0.15000523327136925], "world_orientation": [0.9999663641085189, 0.008201839643442883, -2.1864406037015428e-05, -0.008201836630901576, 0.9999663553288745, 0.0001344848214330168, 2.2966693356136896e-05, -0.00013430096962980972, 0.9999999907178903], "world_rotation": [0.016383443997857017, 0.002732613965067789, 0.9998620482765045, -0.008203061748318719]}], "source": "action wait"}
{"timestamp": 1706068421.200208, "objects": [{"color": "cv_", "id_name": "hand", "shape": "CVCylinder", "id_string": "ob383", "world_size": [0.12, 0.005, 0.12], "id": 383, "camera_size": [51, 50], "camera_position": [246, 251], "world_position": [0.7107738782787492, 0.7320279882002242, -0.17409607185017464], "world_orientation": [2.0937273148240483e-05, 0.028669777117177178, 0.9995889372345426, -0.0007444340999815504, -0.9995886600295765, 0.02866978475933444, 0.9999997226897123, -0.0007447283579566486, 4.140989143243131e-07], "world_rotation": [0.0, 1.0, 0.0, 0.0]}, {"color": "CVGreen", "id_name": "object26163601911326", "shape": "CVBox", "id_string": "ob828", "world_size": [0.11, 0.11, 0.11], "id": 828, "camera_size": [46, 48], "camera_position": [252, 251], "world_position": [0.7106540469128779, 0.675663120972787, -0.15864704702330396], "world_orientation": [0.9996935067893888, -0.024756643515553206, -3.293900926200982e-05, 0.02475664724618324, 0.999693500260001, 0.0001181314320886556, 3.0004375712034488e-05, -0.000118910685039699, 0.9999999924799932], "world_rotation": [0.004787385478535473, 0.0012712266108872113, -0.9999877323863448, -0.024759478736599772]}], "source": "action wait"}
{"timestamp": 1706068421.238808, "objects": [{"color": "cv_", "id_name": "hand", "shape": "CVCylinder", "id_string": "ob383", "world_size": [0.12, 0.005, 0.12], "id": 383, "camera_size": [52, 53], "camera_position": [245, 250], "world_position": [0.7141897714495188, 0.7808921037828529, -0.1741128855999731], "world_orientation": [7.600879878141263e-05, 0.099140924729417, 0.9950733999391497, -0.0007266550223169172, -0.9950731346247105, 0.09914095380129952, 0.999999733097535, -0.0007306106684485683, -3.5930627903026053e-06], "world_rotation": [0.0, 1.0, 0.0, 0.0]}, {"color": "CVGreen", "id_name": "object26163601911326", "shape": "CVBox", "id_string": "ob828", "world_size": [0.11, 0.11, 0.11], "id": 828, "camera_size": [48, 53], "camera_position": [249, 248], "world_position": [0.7186533829010711, 0.7250889052657096, -0.1642257371895231], "world_orientation": [0.9952909584275997, -0.09693248491638717, -3.795002319875322e-05, 0.0969324884356765, 0.9952909532012839, 0.00010564727848870917, 2.7530661534933653e-05, -0.00010882837124714172, 0.9999999936992243], "world_rotation": [0.0011063138561935779, 0.0003377641654105778, -0.9999993309922863, -0.09708499202766381]}], "source": "action wait"}
{"timestamp": 1706068421.274536, "objects": [{"color": "cv_", "id_name": "hand", "shape": "CVCylinder", "id_string": "ob383", "world_size": [0.12, 0.005, 0.12], "id": 383, "camera_size": [55, 55], "camera_position": [245, 250], "world_position": [0.7131808347565801, 0.8508219233736691, -0.17411933879716607], "world_orientation": [0.0001495005751565052, 0.19839180925601563, 0.9801227819358668, -0.0007168787620634536, -0.9801225197765253, 0.1983918655382719, 0.9999997318671733, -0.000732288904588968, -4.306005807027175e-06], "world_rotation": [0.0, 1.0, 0.0, 0.0]}, {"color": "CVGreen", "id_name": "object26163601911326", "shape": "CVBox", "id_string": "ob828", "world_size": [0.11, 0.11, 0.11], "id": 828, "camera_size": [51, 60], "camera_position": [248, 245], "world_position": [0.7235989834643496, 0.7958872339615461, -0.16779201809096642], "world_orientation": [0.9803471708051287, -0.19728006144613408, -4.52790181800545e-05, 0.19728006469147996, 0.9803471675667302, 8.437544014416565e-05, 2.774356520683335e-05, -9.16498716664981e-05, 0.9999999954152978], "world_rotation": [0.00044613046179247333, 0.00018507337673523208, -0.9999998833577213, -0.19858270277258058]}], "source": "action wait"}
{"timestamp": 1706068421.312796, "objects": [{"color": "cv_", "id_name": "hand", "shape": "CVCylinder", "id_string": "ob383", "world_size": [0.12, 0.005, 0.12], "id": 383, "camera_size": [59, 57], "camera_position": [244, 254], "world_position": [0.7046754244864482, 0.920375038554709, -0.17412027971042734], "world_orientation": [0.0002234002258398979, 0.29569968805279445, 0.9552809244289446, -0.0007079672536995139, -0.9552806620971163, 0.2956997724139524, 0.9999997244373156, -0.0007423670085178175, -4.06421958198741e-06], "world_rotation": [0.0, 1.0, 0.0, 0.0]}, {"color": "CVGreen", "id_name": "object26163601911326", "shape": "CVBox", "id_string": "ob828", "world_size": [0.11, 0.11, 0.11], "id": 828, "camera_size": [54, 67], "camera_position": [246, 246], "world_position": [0.7207962462470733, 0.8668563252467412, -0.17007150720175082], "world_orientation": [0.9554108282441255, -0.29527977739203887, -4.8344414385757645e-05, 0.29527977997814425, 0.955410826781291, 6.004289085186132e-05, 2.845932547384195e-05, -7.16407561219472e-05, 0.9999999970288345], "world_rotation": [0.00022298113872356646, 0.00013005248385570878, -0.999999966682881, -0.299748351720606]}], "source": "action wait"}
{"timestamp": 1706068421.342315, "objects": [{"color": "cv_", "id_name": "hand", "shape": "CVCylinder", "id_string": "ob383", "world_size": [0.12, 0.005, 0.12], "id": 383, "camera_size": [62, 59], "camera_position": [243, 262], "world_position": [0.6889528728760008, 0.9886415694424641, -0.17412011761275847], "world_orientation": [0.00029647660667062487, 0.3900191085741512, 0.9208067153581397, -0.0006882937798529814, -0.9208064581229979, 0.3900192212323039, 0.9999997191766079, -0.0007494171098753321, -4.5498476488330265e-06], "world_rotation": [0.0, 1.0, 0.0, 0.0]}, {"color": "CVGreen", "id_name": "object26163601911326", "shape": "CVBox", "id_string": "ob828", "world_size": [0.11, 0.11, 0.11], "id": 828, "camera_size": [57, 74], "camera_position": [245, 250], "world_position": [0.710516533225925, 0.937069715519187, -0.17152949402388978], "world_orientation": [0.9208047417238054, -0.3900238777929125, -4.8686089635445626e-05, 0.39002387981148, 0.9208047411697459, 4.2615930639633e-05, 2.8209151641510106e-05, -5.8229688578412836e-05, 0.9999999979067737], "world_rotation": [0.00012928133810039704, 9.857760568005718e-05, -0.9999999867843956, -0.40065753069273136]}], "source": "action wait"}
{"timestamp": 1706068421.37623, "objects": [{"color": "cv_", "id_name": "hand", "shape": "CVCylinder", "id_string": "ob383", "world_size": [0.12, 0.005, 0.12], "id": 383, "camera_size": [66, 60], "camera_position": [242, 274], "world_position": [0.6662818662731484, 1.0549344313794564, -0.17411973240299444], "world_orientation": [0.0003674795404221928, 0.4804019442440806, 0.8770483663546127, -0.0006590998694650373, -0.8770481187168366, 0.48040208476090135, 0.9999997152730343, -0.0007546004011048056, -5.664380851693915e-06], "world_rotation": [0.0, 1.0, 0.0, 0.0]}, {"color": "CVGreen", "id_name": "object26163601911326", "shape": "CVBox", "id_string": "ob828", "world_size": [0.11, 0.11, 0.11], "id": 828, "camera_size": [60, 83], "camera_position": [243, 260], "world_position": [0.6930087228111954, 1.0058237463283166, -0.17246226159153877], "world_orientation": [0.8769091343166653, -0.48065618471643534, -4.739025858804903e-05, 0.48065618628306395, 0.8769091342297574, 2.9870352558292155e-05, 2.7199580932566878e-05, -4.897200596352543e-05, 0.9999999984309628], "world_rotation": [8.201533694749208e-05, 7.7591677060876e-05, -0.9999999936265082, -0.5014028561781387]}], "source": "action wait"}
{"timestamp": 1706068421.406614, "objects": [{"color": "cv_", "id_name": "hand", "shape": "CVCylinder", "id_string": "ob383", "world_size": [0.12, 0.005, 0.12], "id": 383, "camera_size": [70, 61], "camera_position": [241, 290], "world_position": [0.6419559045738734, 1.107718398524262, -0.17411827532878754], "world_orientation": [0.0004304789390573241, 0.5515677792815102, 0.8341299656206737, -0.000638365863120314, -0.8341297213767155, 0.5515679472241185, 0.9999997035884101, -0.0007699184801971049, -6.973236003528736e-06], "world_rotation": [0.0, 1.0, 0.0, 0.0]}, {"color": "CVGreen", "id_name": "object26163601911326", "shape": "CVBox", "id_string": "ob828", "world_size": [0.11, 0.11, 0.11], "id": 828, "camera_size": [64, 89], "camera_position": [242, 272], "world_position": [0.6726809890333524, 1.061130315992915, -0.17305862060854876], "world_orientation": [0.8338695023238777, -0.5519616396023161, -3.875115393463286e-05, 0.5519616403538783, 0.8338695026464279, 1.1578222240282118e-05, 2.5922670927021355e-05, -3.1043876908664905e-05, 0.9999999991821464], "world_rotation": [3.860965686467353e-05, 5.8585434220598465e-05, -0.9999999975385205, -0.5847148673341159]}], "source": "action wait"}
{"timestamp": 1706068421.432776, "objects": [{"color": "cv_", "id_name": "hand", "shape": "CVCylinder", "id_string": "ob383", "world_size": [0.12, 0.005, 0.12], "id": 383, "camera_size": [73, 61], "camera_position": [241, 303], "world_position": [0.6217374421829783, 1.1433830020358322, -0.1741185109974327], "world_orientation": [0.00047531584743249774, 0.5995227049849249, 0.8003576077494384, -0.0006175609323671521, -0.8003573695572161, 0.5995228933193033, 0.999999696346624, -0.0007792323225622002, -1.0180740693655728e-05], "world_rotation": [0.0, 1.0, 0.0, 0.0]}, {"color": "CVGreen", "id_name": "object26163601911326", "shape": "CVBox", "id_string": "ob828", "world_size": [0.11, 0.11, 0.11], "id": 828, "camera_size": [67, 93], "camera_position": [242, 283], "world_position": [0.6550934322441431, 1.0988676143022622, -0.1734413889082398], "world_orientation": [0.8000044833343848, -0.5999940214140305, -3.0204377421663e-05, 0.5999940217444077, 0.8000044836531366, 2.4186615873409764e-06, 2.2712454871053606e-05, -2.005738599705101e-05, 0.9999999995409229], "world_rotation": [1.8730226260786357e-05, 4.409779958532154e-05, -0.9999999988522815, -0.6434936366490258]}], "source": "action wait"}
{"timestamp": 1706068421.462878, "objects": [{"color": "cv_", "id_name": "hand", "shape": "CVCylinder", "id_string": "ob383", "world_size": [0.12, 0.005, 0.12], "id": 383, "camera_size": [75, 62], "camera_position": [241, 313], "world_position": [0.6060735197492836, 1.167639752539388, -0.17411978060961908], "world_orientation": [0.0005053231476027716, 0.6321147731835205, 0.7748746080313013, -0.0005976811388256687, -0.7748743776498397, 0.632114975015646, 0.9999996937128396, -0.0007825502669970444, -1.3758882005387469e-05], "world_rotation": [0.0, 1.0, 0.0, 0.0]}, {"color": "CVGreen", "id_name": "object26163601911326", "shape": "CVBox", "id_string": "ob828", "world_size": [0.11, 0.11, 0.11], "id": 828, "camera_size": [68, 96], "camera_position": [241, 292], "world_position": [0.6411831963735664, 1.1247150288427972, -0.17368731081860594], "world_orientation": [0.7744550350759278, -0.6326289576319513, -2.4719511346731087e-05, 0.6326289578259576, 0.7744550353119548, 3.769208900689069e-08, 1.912030492594749e-05, -1.5667469529363338e-05, 0.9999999996944722], "world_rotation": [1.2412616760472202e-05, 3.4648916799796796e-05, -0.9999999993226897, -0.6849431156354903]}], "source": "action wait"}
