{"timestamp": 1706068915.371144, "objects": [{"color": "cv_", "id_name": "hand", "shape": "CVCylinder", "id_string": "ob383", "world_size": [0.12, 0.005, 0.12], "id": 383, "camera_size": [48, 50], "camera_position": [246, 426], "world_position": [0.2676445155400088, 0.6334703013849516, -0.17389260400847803], "world_orientation": [-0.0006415513920102924, 0.19791547486687994, 0.980218880260949, -0.000747367573740511, -0.9802189031248733, 0.19791499033266813, 0.999999514926643, -0.0006056111687279286, 0.0007767764100319553], "world_rotation": [0.0, 1.0, 0.0, 0.0]}, {"color": "CVPurple", "id_name": "object16413773191529", "shape": "CVBox", "id_string": "ob1017", "world_size": [0.09, 0.09, 0.09], "id": 1017, "camera_size": [37, 37], "camera_position": [256, 254], "world_position": [0.705, 0.6448569618279929, -0.15], "world_orientation": [1.0, -3.248937977869676e-17, -1.2465442788089477e-17, 3.248937977869676e-17, 1.0, -5.775889738434994e-17, 1.2465442788089477e-17, 5.775889738434994e-17, 1.0], "world_rotation": [-0.8565537801950899, 0.18486021419163617, -0.4818115013597369, -6.743172316768561e-17]}], "source": "manual check"}
{"timestamp": 1706068916.392951, "objects": [{"color": "cv_", "id_name": "hand", "shape": "CVCylinder", "id_string": "ob383", "world_size": [0.12, 0.005, 0.12], "id": 383, "camera_size": [48, 50], "camera_position": [246, 426], "world_position": [0.2676445155400088, 0.6334703013849516, -0.17389260400847803], "world_orientation": [-0.0006415513920102924, 0.19791547486687994, 0.980218880260949, -0.000747367573740511, -0.9802189031248733, 0.19791499033266813, 0.999999514926643, -0.0006056111687279286, 0.0007767764100319553], "world_rotation": [0.0, 1.0, 0.0, 0.0]}, {"color": "CVPurple", "id_name": "object16413773191529", "shape": "CVBox", "id_string": "ob1017", "world_size": [0.09, 0.09, 0.09], "id": 1017, "camera_size": [37, 37], "camera_position": [256, 254], "world_position": [0.705, 0.6448569696296074, -0.15], "world_orientation": [1.0, -4.331917303826236e-17, -1.1712398707441946e-17, 4.331917303826236e-17, 1.0, -5.775889738434995e-17, 1.1712398707441946e-17, 5.775889738434995e-17, 1.0], "world_rotation": [-0.7896765794068324, 0.16013129347666225, -0.5922574345551229, -7.314247236221149e-17]}], "source": "manual check"}
{"timestamp": 1706068917.77312, "objects": [{"color": "cv_", "id_name": "hand", "shape": "CVCylinder", "id_string": "ob383", "world_size": [0.12, 0.005, 0.12], "id": 383, "camera_size": [48, 50], "camera_position": [246, 426], "world_position": [0.2676445155400088, 0.6334703013849516, -0.17389260400847803], "world_orientation": [-0.0006415513920102924, 0.19791547486687994, 0.980218880260949, -0.000747367573740511, -0.9802189031248733, 0.19791499033266813, 0.999999514926643, -0.0006056111687279286, 0.0007767764100319553], "world_rotation": [0.0, 1.0, 0.0, 0.0]}, {"color": "CVPurple", "id_name": "object16413773191529", "shape": "CVBox", "id_string": "ob1017", "world_size": [0.09, 0.09, 0.09], "id": 1017, "camera_size": [37, 37], "camera_position": [256, 254], "world_position": [0.705, 0.6448569696296074, -0.15], "world_orientation": [1.0, -4.331917303826236e-17, -1.1712398707441946e-17, 4.331917303826236e-17, 1.0, -5.775889738434995e-17, 1.1712398707441946e-17, 5.775889738434995e-17, 1.0], "world_rotation": [-0.7896765794068324, 0.16013129347666225, -0.5922574345551229, -7.314247236221149e-17]}], "source": "action wait"}
{"timestamp": 1706068917.807132, "objects": [{"color": "cv_", "id_name": "hand", "shape": "CVCylinder", "id_string": "ob383", "world_size": [0.12, 0.005, 0.12], "id": 383, "camera_size": [49, 51], "camera_position": [246, 421], "world_position": [0.2912939488807017, 0.6679468462451276, -0.17395601792869858], "world_orientation": [-0.0003814618442863534, 0.19987408551775548, 0.9798215166168286, -0.0007147408041742234, -0.979821392127074, 0.1998737818618182, 0.9999996718161682, -0.0006240741972807009, 0.0005166226399289938], "world_rotation": [0.0, 1.0, 0.0, 0.0]}, {"color": "CVPurple", "id_name": "object16413773191529", "shape": "CVBox", "id_string": "ob1017", "world_size": [0.09, 0.09, 0.09], "id": 1017, "camera_size": [37, 37], "camera_position": [256, 254], "world_position": [0.705, 0.6448569696296074, -0.15], "world_orientation": [1.0, -4.331917303826236e-17, -1.1712398707441946e-17, 4.331917303826236e-17, 1.0, -5.775889738434995e-17, 1.1712398707441946e-17, 5.775889738434995e-17, 1.0], "world_rotation": [-0.7896765794068324, 0.16013129347666225, -0.5922574345551229, -7.314247236221149e-17]}], "source": "action wait"}
{"timestamp": 1706068917.83957, "objects": [{"color": "cv_", "id_name": "hand", "shape": "CVCylinder", "id_string": "ob383", "world_size": [0.12, 0.005, 0.12], "id": 383, "camera_size": [51, 52], "camera_position": [246, 406], "world_position": [0.3374666217353556, 0.7061430542333675, -0.17398382093184245], "world_orientation": [-0.00022084921824804367, 0.1895568740882508, 0.981869717789236, -0.0007309390061209081, -0.9818695100412163, 0.18955666957295783, 0.9999997084768536, -0.0006758234333724795, 0.00035539962686407107], "world_rotation": [0.0, 1.0, 0.0, 0.0]}, {"color": "CVPurple", "id_name": "object16413773191529", "shape": "CVBox", "id_string": "ob1017", "world_size": [0.09, 0.09, 0.09], "id": 1017, "camera_size": [37, 37], "camera_position": [256, 254], "world_position": [0.705, 0.6448569696296074, -0.15], "world_orientation": [1.0, -4.331917303826236e-17, -1.1712398707441946e-17, 4.331917303826236e-17, 1.0, -5.775889738434995e-17, 1.1712398707441946e-17, 5.775889738434995e-17, 1.0], "world_rotation": [-0.7896765794068324, 0.16013129347666225, -0.5922574345551229, -7.314247236221149e-17]}], "source": "action wait"}
{"timestamp": 1706068917.871287, "objects": [{"color": "cv_", "id_name": "hand", "shape": "CVCylinder", "id_string": "ob383", "world_size": [0.12, 0.005, 0.12], "id": 383, "camera_size": [51, 53], "camera_position": [246, 388], "world_position": [0.38812862381984475, 0.7394751848971064, -0.17400436246426645], "world_orientation": [-0.00011658763039752448, 0.18219972812620547, 0.9832615346275176, -0.0007420848910646777, -0.9832612863374539, 0.18219959412696293, 0.9999997178586297, -0.0007084213098737903, 0.00024984376883467927], "world_rotation": [0.0, 1.0, 0.0, 0.0]}, {"color": "CVPurple", "id_name": "object16413773191529", "shape": "CVBox", "id_string": "ob1017", "world_size": [0.09, 0.09, 0.09], "id": 1017, "camera_size": [37, 37], "camera_position": [256, 254], "world_position": [0.705, 0.6448569696296074, -0.15], "world_orientation": [1.0, -4.331917303826236e-17, -1.1712398707441946e-17, 4.331917303826236e-17, 1.0, -5.775889738434995e-17, 1.1712398707441946e-17, 5.775889738434995e-17, 1.0], "world_rotation": [-0.7896765794068324, 0.16013129347666225, -0.5922574345551229, -7.314247236221149e-17]}], "source": "action wait"}
{"timestamp": 1706068917.900687, "objects": [{"color": "cv_", "id_name": "hand", "shape": "CVCylinder", "id_string": "ob383", "world_size": [0.12, 0.005, 0.12], "id": 383, "camera_size": [52, 54], "camera_position": [245, 367], "world_position": [0.4423169058408312, 0.7675336068423523, -0.17402290391845254], "world_orientation": [-4.3200218388572186e-05, 0.17700258518426684, 0.9842103855232517, -0.0007494135388425438, -0.9842101157955967, 0.17700250378163027, 0.9999997182565049, -0.0007299340411621653, 0.00017516622569025474], "world_rotation": [0.0, 1.0, 0.0, 0.0]}, {"color": "CVPurple", "id_name": "object16413773191529", "shape": "CVBox", "id_string": "ob1017", "world_size": [0.09, 0.09, 0.09], "id": 1017, "camera_size": [37, 37], "camera_position": [256, 254], "world_position": [0.705, 0.6448569696296074, -0.15], "world_orientation": [1.0, -4.331917303826236e-17, -1.1712398707441946e-17, 4.331917303826236e-17, 1.0, -5.775889738434995e-17, 1.1712398707441946e-17, 5.775889738434995e-17, 1.0], "world_rotation": [-0.7896765794068324, 0.16013129347666225, -0.5922574345551229, -7.314247236221149e-17]}], "source": "action wait"}
{"timestamp": 1706068917.931782, "objects": [{"color": "cv_", "id_name": "hand", "shape": "CVCylinder", "id_string": "ob383", "world_size": [0.12, 0.005, 0.12], "id": 383, "camera_size": [52, 54], "camera_position": [245, 343], "world_position": [0.49968457820668283, 0.7792158285180785, -0.17403796089757292], "world_orientation": [-2.173421645732991e-06, 0.15791095885221204, 0.9874533553893323, -0.0007646947652647149, -0.9874530669434052, 0.1579109110415721, 0.9999997076185535, -0.0007547572048174485, 0.00012289983548247562], "world_rotation": [0.0, 1.0, 0.0, 0.0]}, {"color": "CVPurple", "id_name": "object16413773191529", "shape": "CVBox", "id_string": "ob1017", "world_size": [0.09, 0.09, 0.09], "id": 1017, "camera_size": [37, 37], "camera_position": [256, 254], "world_position": [0.705, 0.6448569696296074, -0.15], "world_orientation": [1.0, -4.331917303826236e-17, -1.1712398707441946e-17, 4.331917303826236e-17, 1.0, -5.775889738434995e-17, 1.1712398707441946e-17, 5.775889738434995e-17, 1.0], "world_rotation": [-0.7896765794068324, 0.16013129347666225, -0.5922574345551229, -7.314247236221149e-17]}], "source": "action wait"}
{"timestamp": 1706068917.96431, "objects": [{"color": "cv_", "id_name": "hand", "shape": "CVCylinder", "id_string": "ob383", "world_size": [0.12, 0.005, 0.12], "id": 383, "camera_size": [52, 52], "camera_position": [245, 317], "world_position": [0.5582405953759112, 0.7684899727061146, -0.17404983382918157], "world_orientation": [2.0536545647018416e-06, 0.11661951061074106, 0.9931766659264071, -0.0007769254257318633, -0.9931763659951538, 0.1166194769990984, 0.9999996981912873, -0.000771863700123411, 8.85650217527159e-05], "world_rotation": [0.0, 1.0, 0.0, 0.0]}, {"color": "CVPurple", "id_name": "object16413773191529", "shape": "CVBox", "id_string": "ob1017", "world_size": [0.09, 0.09, 0.09], "id": 1017, "camera_size": [37, 37], "camera_position": [256, 254], "world_position": [0.705, 0.6448569696296074, -0.15], "world_orientation": [1.0, -4.331917303826236e-17, -1.1712398707441946e-17, 4.331917303826236e-17, 1.0, -5.775889738434995e-17, 1.1712398707441946e-17, 5.775889738434995e-17, 1.0], "world_rotation": [-0.7896765794068324, 0.16013129347666225, -0.5922574345551229, -7.314247236221149e-17]}], "source": "action wait"}
{"timestamp": 1706068917.998391, "objects": [{"color": "cv_", "id_name": "hand", "shape": "CVCylinder", "id_string": "ob383", "world_size": [0.12, 0.005, 0.12], "id": 383, "camera_size": [52, 52], "camera_position": [245, 297], "world_position": [0.6032683245128005, 0.7533987298288048, -0.17405555011626048], "world_orientation": [-1.3548630292896819e-05, 0.08180183055477044, 0.9966486142740195, -0.0007749298554083864, -0.9966483159724471, 0.08180179553655845, 0.9999996996500318, -0.0007712244642676444, 7.689390028949124e-05], "world_rotation": [0.0, 1.0, 0.0, 0.0]}, {"color": "CVPurple", "id_name": "object16413773191529", "shape": "CVBox", "id_string": "ob1017", "world_size": [0.09, 0.09, 0.09], "id": 1017, "camera_size": [37, 37], "camera_position": [256, 254], "world_position": [0.705, 0.6448569696296074, -0.15], "world_orientation": [1.0, -4.331917303826236e-17, -1.1712398707441946e-17, 4.331917303826236e-17, 1.0, -5.775889738434995e-17, 1.1712398707441946e-17, 5.775889738434995e-17, 1.0], "world_rotation": [-0.7896765794068324, 0.16013129347666225, -0.5922574345551229, -7.314247236221149e-17]}], "source": "action wait"}
{"timestamp": 1706068918.033682, "objects": [{"color": "cv_", "id_name": "hand", "shape": "CVCylinder", "id_string": "ob383", "world_size": [0.12, 0.005, 0.12], "id": 383, "camera_size": [51, 51], "camera_position": [246, 284], "world_position": [0.634798615948233, 0.7403170034126803, -0.17406328968708445], "world_orientation": [-2.0682665308399945e-05, 0.057192291489590305, 0.998363181095135, -0.0007709900358329723, -0.9983628854942885, 0.05719225858351073, 0.9999997025732519, -0.0007685451764246942, 6.474349228232028e-05], "world_rotation": [0.0, 1.0, 0.0, 0.0]}, {"color": "CVPurple", "id_name": "object16413773191529", "shape": "CVBox", "id_string": "ob1017", "world_size": [0.09, 0.09, 0.09], "id": 1017, "camera_size": [37, 37], "camera_position": [256, 254], "world_position": [0.705, 0.6448569696296074, -0.15], "world_orientation": [1.0, -4.331917303826236e-17, -1.1712398707441946e-17, 4.331917303826236e-17, 1.0, -5.775889738434995e-17, 1.1712398707441946e-17, 5.775889738434995e-17, 1.0], "world_rotation": [-0.7896765794068324, 0.16013129347666225, -0.5922574345551229, -7.314247236221149e-17]}], "source": "action wait"}
{"timestamp": 1706068918.069134, "objects": [{"color": "cv_", "id_name": "hand", "shape": "CVCylinder", "id_string": "ob383", "world_size": [0.12, 0.005, 0.12], "id": 383, "camera_size": [51, 51], "camera_position": [246, 274], "world_position": [0.6568261419740651, 0.7299148395570214, -0.17407119053635137], "world_orientation": [-2.2633092645559225e-05, 0.03982404958140195, 0.9992067076249446, -0.0007675008011995016, -0.9992064142775139, 0.03982402050513701, 0.9999997052150882, -0.0007659906079207975, 5.318012130749325e-05], "world_rotation": [0.0, 1.0, 0.0, 0.0]}, {"color": "CVPurple", "id_name": "object16413773191529", "shape": "CVBox", "id_string": "ob1017", "world_size": [0.09, 0.09, 0.09], "id": 1017, "camera_size": [37, 37], "camera_position": [256, 254], "world_position": [0.705, 0.6448569696296074, -0.15], "world_orientation": [1.0, -4.331917303826236e-17, -1.1712398707441946e-17, 4.331917303826236e-17, 1.0, -5.775889738434995e-17, 1.1712398707441946e-17, 5.775889738434995e-17, 1.0], "world_rotation": [-0.7896765794068324, 0.16013129347666225, -0.5922574345551229, -7.314247236221149e-17]}], "source": "action wait"}
{"timestamp": 1706068918.101858, "objects": [{"color": "cv_", "id_name": "hand", "shape": "CVCylinder", "id_string": "ob383", "world_size": [0.12, 0.005, 0.12], "id": 383, "camera_size": [51, 50], "camera_position": [246, 267], "world_position": [0.6722205411953244, 0.722019312842124, -0.17407830366781982], "world_orientation": [-2.1888279602089458e-05, 0.027574883569150256, 0.9996197403598286, -0.0007650310418148448, -0.9996194485360205, 0.027574858767498666, 0.9999997071241612, -0.0007641365651678249, 4.297559189044706e-05], "world_rotation": [0.0, 1.0, 0.0, 0.0]}, {"color": "CVPurple", "id_name": "object16413773191529", "shape": "CVBox", "id_string": "ob1017", "world_size": [0.09, 0.09, 0.09], "id": 1017, "camera_size": [37, 37], "camera_position": [256, 254], "world_position": [0.705, 0.6448569696296074, -0.15], "world_orientation": [1.0, -4.331917303826236e-17, -1.1712398707441946e-17, 4.331917303826236e-17, 1.0, -5.775889738434995e-17, 1.1712398707441946e-17, 5.775889738434995e-17, 1.0], "world_rotation": [-0.7896765794068324, 0.16013129347666225, -0.5922574345551229, -7.314247236221149e-17]}], "source": "action wait"}
{"timestamp": 1706068918.133272, "objects": [{"color": "cv_", "id_name": "hand", "shape": "CVCylinder", "id_string": "ob383", "world_size": [0.12, 0.005, 0.12], "id": 383, "camera_size": [50, 50], "camera_position": [245, 263], "world_position": [0.6829924416972761, 0.7161895119520465, -0.17408430780897485], "world_orientation": [-1.9899108843126027e-05, 0.018938913330937456, 0.9998206424983777, -0.0007635037029555679, -0.9998203515673516, 0.01893889262426315, 0.999999708333018, -0.0007629898957535805, 3.435546445790763e-05], "world_rotation": [0.0, 1.0, 0.0, 0.0]}, {"color": "CVPurple", "id_name": "object16413773191529", "shape": "CVBox", "id_string": "ob1017", "world_size": [0.09, 0.09, 0.09], "id": 1017, "camera_size": [37, 37], "camera_position": [256, 254], "world_position": [0.705, 0.6448569696296074, -0.15], "world_orientation": [1.0, -4.331917303826236e-17, -1.1712398707441946e-17, 4.331917303826236e-17, 1.0, -5.775889738434995e-17, 1.1712398707441946e-17, 5.775889738434995e-17, 1.0], "world_rotation": [-0.7896765794068324, 0.16013129347666225, -0.5922574345551229, -7.314247236221149e-17]}], "source": "action wait"}
{"timestamp": 1706068918.163884, "objects": [{"color": "cv_", "id_name": "hand", "shape": "CVCylinder", "id_string": "ob383", "world_size": [0.12, 0.005, 0.12], "id": 383, "camera_size": [50, 50], "camera_position": [245, 259], "world_position": [0.6905402975448147, 0.7119586716672306, -0.1740891849560615], "world_orientation": [-1.748341056428415e-05, 0.012851276087114179, 0.9999174187888034, -0.000762672206510276, -0.9999171283025137, 0.012851259018474162, 0.9999997090126755, -0.0007623845402783882, 2.728327277457404e-05], "world_rotation": [0.0, 1.0, 0.0, 0.0]}, {"color": "CVPurple", "id_name": "object16413773191529", "shape": "CVBox", "id_string": "ob1017", "world_size": [0.09, 0.09, 0.09], "id": 1017, "camera_size": [37, 37], "camera_position": [256, 254], "world_position": [0.705, 0.6448569696296074, -0.15], "world_orientation": [1.0, -4.331917303826236e-17, -1.1712398707441946e-17, 4.331917303826236e-17, 1.0, -5.775889738434995e-17, 1.1712398707441946e-17, 5.775889738434995e-17, 1.0], "world_rotation": [-0.7896765794068324, 0.16013129347666225, -0.5922574345551229, -7.314247236221149e-17]}], "source": "action wait"}
{"timestamp": 1706068918.19417, "objects": [{"color": "cv_", "id_name": "hand", "shape": "CVCylinder", "id_string": "ob383", "world_size": [0.12, 0.005, 0.12], "id": 383, "camera_size": [49, 50], "camera_position": [246, 257], "world_position": [0.6958357653612431, 0.7089222772438546, -0.17409304900674713], "world_orientation": [-1.5101003915887263e-05, 0.008560264816560794, 0.9999633601478757, -0.0007622962644566298, -0.9999630698232385, 0.00856025081935365, 0.9999997093381402, -0.0007621390656534616, 2.1625904125934778e-05], "world_rotation": [0.0, 1.0, 0.0, 0.0]}, {"color": "CVPurple", "id_name": "object16413773191529", "shape": "CVBox", "id_string": "ob1017", "world_size": [0.09, 0.09, 0.09], "id": 1017, "camera_size": [37, 37], "camera_position": [256, 254], "world_position": [0.705, 0.6448569696296074, -0.15], "world_orientation": [1.0, -4.331917303826236e-17, -1.1712398707441946e-17, 4.331917303826236e-17, 1.0, -5.775889738434995e-17, 1.1712398707441946e-17, 5.775889738434995e-17, 1.0], "world_rotation": [-0.7896765794068324, 0.16013129347666225, -0.5922574345551229, -7.314247236221149e-17]}], "source": "action wait"}
{"timestamp": 1706068918.23021, "objects": [{"color": "cv_", "id_name": "hand", "shape": "CVCylinder", "id_string": "ob383", "world_size": [0.12, 0.005, 0.12], "id": 383, "camera_size": [49, 50], "camera_position": [246, 256], "world_position": [0.6995549264927897, 0.7067590072008388, -0.17409605824416252], "world_orientation": [-1.2941903141602483e-05, 0.005535690728248292, 0.9999846778629503, -0.0007621913192441374, -0.9999843875379053, 0.00553567925671701, 0.9999997094484079, -0.0007621079986198943, 1.7160956506087946e-05], "world_rotation": [0.0, 1.0, 0.0, 0.0]}, {"color": "CVPurple", "id_name": "object16413773191529", "shape": "CVBox", "id_string": "ob1017", "world_size": [0.09, 0.09, 0.09], "id": 1017, "camera_size": [37, 37], "camera_position": [256, 254], "world_position": [0.705, 0.6448569696296074, -0.15], "world_orientation": [1.0, -4.331917303826236e-17, -1.1712398707441946e-17, 4.331917303826236e-17, 1.0, -5.775889738434995e-17, 1.1712398707441946e-17, 5.775889738434995e-17, 1.0], "world_rotation": [-0.7896765794068324, 0.16013129347666225, -0.5922574345551229, -7.314247236221149e-17]}], "source": "action wait"}
{"timestamp": 1706068918.262197, "objects": [{"color": "cv_", "id_name": "hand", "shape": "CVCylinder", "id_string": "ob383", "world_size": [0.12, 0.005, 0.12], "id": 383, "camera_size": [49, 49], "camera_position": [246, 255], "world_position": [0.7021692219439957, 0.7052252325855828, -0.17409837302076764], "world_orientation": [-1.1094162261373077e-05, 0.0034037619619496544, 0.9999942071239344, -0.0007622321493454522, -0.9999939167169732, 0.0034037525170919963, 0.999999709439493, -0.0007621899720467155, 1.3688551568926632e-05], "world_rotation": [0.0, 1.0, 0.0, 0.0]}, {"color": "CVPurple", "id_name": "object16413773191529", "shape": "CVBox", "id_string": "ob1017", "world_size": [0.09, 0.09, 0.09], "id": 1017, "camera_size": [37, 37], "camera_position": [256, 254], "world_position": [0.705, 0.6448569696296074, -0.15], "world_orientation": [1.0, -4.331917303826236e-17, -1.1712398707441946e-17, 4.331917303826236e-17, 1.0, -5.775889738434995e-17, 1.1712398707441946e-17, 5.775889738434995e-17, 1.0], "world_rotation": [-0.7896765794068324, 0.16013129347666225, -0.5922574345551229, -7.314247236221149e-17]}], "source": "action wait"}
{"timestamp": 1706068918.298957, "objects": [{"color": "cv_", "id_name": "hand", "shape": "CVCylinder", "id_string": "ob383", "world_size": [0.12, 0.005, 0.12], "id": 383, "camera_size": [49, 50], "camera_position": [246, 254], "world_position": [0.7040081060613924, 0.704141242383088, -0.17410013733580124], "world_orientation": [-9.566848264850293e-06, 0.0019010008547725946, 0.9999981930504804, -0.0007623402189005647, -0.9999979025292851, 0.0019009930092845305, 0.999999709372891, -0.0007623206548789738, 1.1016037606789183e-05], "world_rotation": [0.0, 1.0, 0.0, 0.0]}, {"color": "CVPurple", "id_name": "object16413773191529", "shape": "CVBox", "id_string": "ob1017", "world_size": [0.09, 0.09, 0.09], "id": 1017, "camera_size": [37, 37], "camera_position": [256, 254], "world_position": [0.705, 0.6448569696296074, -0.15], "world_orientation": [1.0, -4.331917303826236e-17, -1.1712398707441946e-17, 4.331917303826236e-17, 1.0, -5.775889738434995e-17, 1.1712398707441946e-17, 5.775889738434995e-17, 1.0], "world_rotation": [-0.7896765794068324, 0.16013129347666225, -0.5922574345551229, -7.314247236221149e-17]}], "source": "action wait"}
{"timestamp": 1706068918.333695, "objects": [{"color": "cv_", "id_name": "hand", "shape": "CVCylinder", "id_string": "ob383", "world_size": [0.12, 0.005, 0.12], "id": 383, "camera_size": [49, 50], "camera_position": [246, 253], "world_position": [0.705302242742783, 0.7033767317897894, -0.17410147266949644], "world_orientation": [-8.334809817124483e-06, 0.0008417029182103858, 0.9999996457333016, -0.000762469830343718, -0.9999993550933246, 0.0008416963185348675, 0.9999997092851022, -0.0007624625448476908, 8.976577523562627e-06], "world_rotation": [0.0, 1.0, 0.0, 0.0]}, {"color": "CVPurple", "id_name": "object16413773191529", "shape": "CVBox", "id_string": "ob1017", "world_size": [0.09, 0.09, 0.09], "id": 1017, "camera_size": [37, 37], "camera_position": [256, 254], "world_position": [0.705, 0.6448569696296074, -0.15], "world_orientation": [1.0, -4.331917303826236e-17, -1.1712398707441946e-17, 4.331917303826236e-17, 1.0, -5.775889738434995e-17, 1.1712398707441946e-17, 5.775889738434995e-17, 1.0], "world_rotation": [-0.7896765794068324, 0.16013129347666225, -0.5922574345551229, -7.314247236221149e-17]}], "source": "action wait"}
{"timestamp": 1706068918.366722, "objects": [{"color": "cv_", "id_name": "hand", "shape": "CVCylinder", "id_string": "ob383", "world_size": [0.12, 0.005, 0.12], "id": 383, "camera_size": [49, 50], "camera_position": [246, 253], "world_position": [0.7062133765351027, 0.7028382601006152, -0.17410247774462595], "world_orientation": [-7.3586762394412545e-06, 9.498272242406989e-05, 0.9999999954620663, -0.0007625965966258086, -0.9999997047128487, 9.497708310678726e-05, 0.9999997091960982, -0.0007625958942599788, 7.431107567742149e-06], "world_rotation": [0.0, 1.0, 0.0, 0.0]}, {"color": "CVPurple", "id_name": "object16413773191529", "shape": "CVBox", "id_string": "ob1017", "world_size": [0.09, 0.09, 0.09], "id": 1017, "camera_size": [37, 37], "camera_position": [256, 254], "world_position": [0.705, 0.6448569696296074, -0.15], "world_orientation": [1.0, -4.331917303826236e-17, -1.1712398707441946e-17, 4.331917303826236e-17, 1.0, -5.775889738434995e-17, 1.1712398707441946e-17, 5.775889738434995e-17, 1.0], "world_rotation": [-0.7896765794068324, 0.16013129347666225, -0.5922574345551229, -7.314247236221149e-17]}], "source": "action wait"}
{"timestamp": 1706068918.398524, "objects": [{"color": "cv_", "id_name": "hand", "shape": "CVCylinder", "id_string": "ob383", "world_size": [0.12, 0.005, 0.12], "id": 383, "camera_size": [49, 49], "camera_position": [246, 253], "world_position": [0.7068550620435048, 0.7024593064187408, -0.1741032308626201], "world_orientation": [-6.595733806613425e-06, -0.0004314091366570436, 0.9999999069213222, -0.0007627091275379219, -0.9999996160782819, -0.00043141404181116616, 0.9999997091155993, -0.0007627119020385359, 6.266691588500711e-06], "world_rotation": [0.0, 1.0, 0.0, 0.0]}, {"color": "CVPurple", "id_name": "object16413773191529", "shape": "CVBox", "id_string": "ob1017", "world_size": [0.09, 0.09, 0.09], "id": 1017, "camera_size": [37, 37], "camera_position": [256, 254], "world_position": [0.705, 0.6448569696296074, -0.15], "world_orientation": [1.0, -4.331917303826236e-17, -1.1712398707441946e-17, 4.331917303826236e-17, 1.0, -5.775889738434995e-17, 1.1712398707441946e-17, 5.775889738434995e-17, 1.0], "world_rotation": [-0.7896765794068324, 0.16013129347666225, -0.5922574345551229, -7.314247236221149e-17]}], "source": "action wait"}
{"timestamp": 1706068918.427507, "objects": [{"color": "cv_", "id_name": "hand", "shape": "CVCylinder", "id_string": "ob383", "world_size": [0.12, 0.005, 0.12], "id": 383, "camera_size": [49, 49], "camera_position": [246, 253], "world_position": [0.7073070964112269, 0.7021927404362494, -0.17410379309649304], "world_orientation": [-6.005649430004882e-06, -0.0008024924606402236, 0.9999996779848396, -0.000762803484005047, -0.999999387064671, -0.000802496808310331, 0.9999997090473461, -0.0007628080578856492, 5.393501704430169e-06], "world_rotation": [0.0, 1.0, 0.0, 0.0]}, {"color": "CVPurple", "id_name": "object16413773191529", "shape": "CVBox", "id_string": "ob1017", "world_size": [0.09, 0.09, 0.09], "id": 1017, "camera_size": [37, 37], "camera_position": [256, 254], "world_position": [0.705, 0.6448569696296074, -0.15], "world_orientation": [1.0, -4.331917303826236e-17, -1.1712398707441946e-17, 4.331917303826236e-17, 1.0, -5.775889738434995e-17, 1.1712398707441946e-17, 5.775889738434995e-17, 1.0], "world_rotation": [-0.7896765794068324, 0.16013129347666225, -0.5922574345551229, -7.314247236221149e-17]}], "source": "action wait"}
{"timestamp": 1706068918.457778, "objects": [{"color": "cv_", "id_name": "hand", "shape": "CVCylinder", "id_string": "ob383", "world_size": [0.12, 0.005, 0.12], "id": 383, "camera_size": [49, 49], "camera_position": [246, 253], "world_position": [0.7076255953158691, 0.7020052750771714, -0.17410421151101368], "world_orientation": [-5.553117925413587e-06, -0.0010640962566316838, 0.9999994338339996, -0.0007628796836928733, -0.9999991428523267, -0.001064100183361863, 0.9999997089918332, -0.0007628851608505226, 4.741335750257525e-06], "world_rotation": [0.0, 1.0, 0.0, 0.0]}, {"color": "CVPurple", "id_name": "object16413773191529", "shape": "CVBox", "id_string": "ob1017", "world_size": [0.09, 0.09, 0.09], "id": 1017, "camera_size": [37, 37], "camera_position": [256, 254], "world_position": [0.705, 0.6448569696296074, -0.15], "world_orientation": [1.0, -4.331917303826236e-17, -1.1712398707441946e-17, 4.331917303826236e-17, 1.0, -5.775889738434995e-17, 1.1712398707441946e-17, 5.775889738434995e-17, 1.0], "world_rotation": [-0.7896765794068324, 0.16013129347666225, -0.5922574345551229, -7.314247236221149e-17]}], "source": "action wait"}
{"timestamp": 1706068919.544045, "objects": [{"color": "cv_", "id_name": "hand", "shape": "CVCylinder", "id_string": "ob383", "world_size": [0.12, 0.005, 0.12], "id": 383, "camera_size": [49, 50], "camera_position": [246, 252], "world_position": [0.7083862645886021, 0.7015607603398508, -0.17410539170844683], "world_orientation": [-4.182212689899812e-06, -0.0016893281664591558, 0.9999985730754096, -0.0007631195667772182, -0.9999982819034, -0.001689330866105902, 0.9999997088154757, -0.0007631255430044927, 2.893046126285196e-06], "world_rotation": [0.0, 1.0, 0.0, 0.0]}, {"color": "CVPurple", "id_name": "object16413773191529", "shape": "CVBox", "id_string": "ob1017", "world_size": [0.09, 0.09, 0.09], "id": 1017, "camera_size": [37, 37], "camera_position": [256, 254], "world_position": [0.705, 0.6448569696296074, -0.15], "world_orientation": [1.0, -4.331917303826236e-17, -1.1712398707441946e-17, 4.331917303826236e-17, 1.0, -5.775889738434995e-17, 1.1712398707441946e-17, 5.775889738434995e-17, 1.0], "world_rotation": [-0.7896765794068324, 0.16013129347666225, -0.5922574345551229, -7.314247236221149e-17]}], "source": "action wait"}
{"timestamp": 1706068919.578907, "objects": [{"color": "cv_", "id_name": "hand", "shape": "CVCylinder", "id_string": "ob383", "world_size": [0.12, 0.005, 0.12], "id": 383, "camera_size": [51, 51], "camera_position": [246, 251], "world_position": [0.711407752989191, 0.7251957557671553, -0.17409755693250803], "world_orientation": [1.9351832807845406e-05, 0.03281817242336013, 0.9994613385140505, -0.0007431384217905462, -0.9994610622505792, 0.03281817774085308, 0.9999997236853583, -0.0007433732136330603, 5.047041486448092e-06], "world_rotation": [0.0, 1.0, 0.0, 0.0]}, {"color": "CVPurple", "id_name": "object16413773191529", "shape": "CVBox", "id_string": "ob1017", "world_size": [0.09, 0.09, 0.09], "id": 1017, "camera_size": [38, 38], "camera_position": [252, 251], "world_position": [0.7107683734196478, 0.6726718935035337, -0.15866698204759375], "world_orientation": [0.9994155127911583, -0.03418527145118763, -2.862672250794172e-06, 0.03418527152471461, 0.9994155122923296, 3.162660042008824e-05, 1.7798351336135904e-06, -3.17059763048632e-05, 0.9999999994957817], "world_rotation": [0.0009263133895221435, 6.790212831239629e-05, -0.9999995686663095, -0.03419194808397698]}], "source": "action wait"}
{"timestamp": 1706068919.615632, "objects": [{"color": "cv_", "id_name": "hand", "shape": "CVCylinder", "id_string": "ob383", "world_size": [0.12, 0.005, 0.12], "id": 383, "camera_size": [52, 53], "camera_position": [245, 249], "world_position": [0.7156940602774872, 0.7817658541651872, -0.17410882677018596], "world_orientation": [8.195329111264887e-05, 0.11405812038993991, 0.9934740753823282, -0.0007253327165401448, -0.9934738106014385, 0.114058149825024, 0.9999997335880189, -0.0007299466906659704, 1.3116378932926996e-06], "world_rotation": [0.0, 1.0, 0.0, 0.0]}, {"color": "CVPurple", "id_name": "object16413773191529", "shape": "CVBox", "id_string": "ob1017", "world_size": [0.09, 0.09, 0.09], "id": 1017, "camera_size": [39, 44], "camera_position": [250, 247], "world_position": [0.7194935918315347, 0.7319819699172729, -0.1642319769561406], "world_orientation": [0.993340849031572, -0.11521266263012096, -3.861802711406078e-06, 0.11521266267319756, 0.993340847637202, 5.267975985168939e-05, -2.233289020472712e-06, -5.277388595095612e-05, 0.9999999986049647], "world_rotation": [0.00045764776340454194, 7.0674242000520154e-06, -0.9999998952542826, -0.11546909745815247]}], "source": "action wait"}
{"timestamp": 1706068919.647647, "objects": [{"color": "cv_", "id_name": "hand", "shape": "CVCylinder", "id_string": "ob383", "world_size": [0.12, 0.005, 0.12], "id": 383, "camera_size": [56, 55], "camera_position": [244, 249], "world_position": [0.7144386935284832, 0.8519851983807702, -0.17411218579100401], "world_orientation": [0.0001568558685141414, 0.21311525766870237, 0.9770270530261889, -0.0007211125581738208, -0.9770267869111372, 0.21311531539234357, 0.9999997276964205, -0.0007379748655025548, 4.277034212590847e-07], "world_rotation": [0.0, 1.0, 0.0, 0.0]}, {"color": "CVPurple", "id_name": "object16413773191529", "shape": "CVBox", "id_string": "ob1017", "world_size": [0.09, 0.09, 0.09], "id": 1017, "camera_size": [41, 49], "camera_position": [248, 245], "world_position": [0.7232375202136575, 0.8044263096099491, -0.16779027299389418], "world_orientation": [0.9768069099164364, -0.21412206958613067, -7.460254253901485e-06, 0.21412206969151726, 0.9768069086835823, 4.918378432501467e-05, -3.2441057940030057e-06, -4.9640465465784364e-05, 0.99999999876265], "world_rotation": [0.0002307661403641379, 9.845198009118221e-06, -0.9999999733250299, -0.21579297126554903]}], "source": "action wait"}
{"timestamp": 1706068919.680602, "objects": [{"color": "cv_", "id_name": "hand", "shape": "CVCylinder", "id_string": "ob383", "world_size": [0.12, 0.005, 0.12], "id": 383, "camera_size": [59, 57], "camera_position": [244, 253], "world_position": [0.7057309975053206, 0.9216866207973224, -0.1741131206151502], "world_orientation": [0.00023194623847137328, 0.3100370769544142, 0.9507244380547422, -0.0007094324900070281, -0.9507241733648979, 0.3100371637161812, 0.9999997214532036, -0.0007463867593102506, -5.665203370871862e-07], "world_rotation": [0.0, 1.0, 0.0, 0.0]}, {"color": "CVPurple", "id_name": "object16413773191529", "shape": "CVBox", "id_string": "ob1017", "world_size": [0.09, 0.09, 0.09], "id": 1017, "camera_size": [44, 56], "camera_position": [246, 246], "world_position": [0.7192719432713062, 0.8762704449297426, -0.1700663836939061], "world_orientation": [0.9504306326465093, -0.31093666948836995, -9.728117024008276e-06, 0.3109366696111202, 0.9504306316609411, 4.34940184228997e-05, -4.277984823082502e-06, -4.436287575504786e-05, 0.9999999990068172], "world_rotation": [0.0001412777936822463, 8.764054999074015e-06, -0.9999999899818881, -0.31617839826731264]}], "source": "action wait"}
{"timestamp": 1706068919.711478, "objects": [{"color": "cv_", "id_name": "hand", "shape": "CVCylinder", "id_string": "ob383", "world_size": [0.12, 0.005, 0.12], "id": 383, "camera_size": [62, 58], "camera_position": [243, 261], "world_position": [0.6898219483640283, 0.9900937964963096, -0.17411357391538196], "world_orientation": [0.00030568230458702015, 0.40382665705413684, 0.9148354702408564, -0.000687286144480986, -0.9148352120753735, 0.4038267727439108, 0.9999997170980023, -0.0007521964417227655, -2.104469778680131e-06], "world_rotation": [0.0, 1.0, 0.0, 0.0]}, {"color": "CVPurple", "id_name": "object16413773191529", "shape": "CVBox", "id_string": "ob1017", "world_size": [0.09, 0.09, 0.09], "id": 1017, "camera_size": [47, 61], "camera_position": [245, 252], "world_position": [0.7078598291361514, 0.9469177165996333, -0.17152288375582442], "world_orientation": [0.9144747618768095, -0.4046429410817598, -1.1093072314542995e-05, 0.4046429411920117, 0.9144747610446345, 3.944409656489944e-05, -5.816440588241304e-06, -4.0559364221844636e-05, 0.9999999991605535], "world_rotation": [9.885685904879693e-05, 6.520108426432554e-06, -0.9999999950924049, -0.41658834664889827]}], "source": "action wait"}
{"timestamp": 1706068919.741691, "objects": [{"color": "cv_", "id_name": "hand", "shape": "CVCylinder", "id_string": "ob383", "world_size": [0.12, 0.005, 0.12], "id": 383, "camera_size": [66, 60], "camera_position": [242, 274], "world_position": [0.6669700062062347, 1.0565166334798508, -0.17411399947085374], "world_orientation": [0.0003768616147158582, 0.4935409470187757, 0.8697224796399904, -0.0006558998982493432, -0.8697222323264315, 0.4935410908855029, 0.9999997138852826, -0.0007564475783409144, -4.051467896829484e-06], "world_rotation": [0.0, 1.0, 0.0, 0.0]}, {"color": "CVPurple", "id_name": "object16413773191529", "shape": "CVBox", "id_string": "ob1017", "world_size": [0.09, 0.09, 0.09], "id": 1017, "camera_size": [50, 67], "camera_position": [243, 262], "world_position": [0.6892534413475299, 1.0157851989666338, -0.1724551486824798], "world_orientation": [0.8692988074501331, -0.4942869442190864, -1.1846275999497448e-05, 0.4942869443003253, 0.869298806718042, 3.650802211076816e-05, -7.747485098198727e-06, -3.759183964838373e-05, 0.9999999992634152], "world_rotation": [7.495632082831081e-05, 4.146165438263626e-06, -0.9999999971821797, -0.517014376357585]}], "source": "action wait"}
{"timestamp": 1706068919.773764, "objects": [{"color": "cv_", "id_name": "hand", "shape": "CVCylinder", "id_string": "ob383", "world_size": [0.12, 0.005, 0.12], "id": 383, "camera_size": [70, 60], "camera_position": [241, 288], "world_position": [0.6437824407247574, 1.1065779323308298, -0.17411350464375722], "world_orientation": [0.00043730560979850474, 0.5603892152602922, 0.8282292775456308, -0.0006353324791415433, -0.8282290338875422, 0.5603893858544697, 0.9999997025581782, -0.0007712623823064673, -6.1557333010033074e-06], "world_rotation": [0.0, 1.0, 0.0, 0.0]}, {"color": "CVPurple", "id_name": "object16413773191529", "shape": "CVBox", "id_string": "ob1017", "world_size": [0.09, 0.09, 0.09], "id": 1017, "camera_size": [52, 72], "camera_position": [242, 273], "world_position": [0.6691601166058998, 1.0681134246600754, -0.17305154236049253], "world_orientation": [0.8277606839417309, -0.5610813221754615, -5.114098885120377e-06, 0.5610813221128826, 0.82776068362116, 2.5041760202600732e-05, -9.817213934822614e-06, -2.359800991628896e-05, 0.9999999996733782], "world_rotation": [-4.334467050773889e-05, 4.191117098025975e-06, 0.9999999990518371, 0.5956915453584911]}], "source": "action wait"}
{"timestamp": 1706068919.807252, "objects": [{"color": "cv_", "id_name": "hand", "shape": "CVCylinder", "id_string": "ob383", "world_size": [0.12, 0.005, 0.12], "id": 383, "camera_size": [72, 61], "camera_position": [241, 301], "world_position": [0.6247113302251907, 1.1404606288719368, -0.17411460233072312], "world_orientation": [0.0004790309656434378, 0.6054855814752477, 0.7958561309400808, -0.0006135410682018171, -0.7958558945043522, 0.6054857708898165, 0.9999996970482998, -0.0007783368542247277, -9.74934721781339e-06], "world_rotation": [0.0, 1.0, 0.0, 0.0]}, {"color": "CVPurple", "id_name": "object16413773191529", "shape": "CVBox", "id_string": "ob1017", "world_size": [0.09, 0.09, 0.09], "id": 1017, "camera_size": [53, 76], "camera_position": [242, 284], "world_position": [0.6521230357624864, 1.1038009452081772, -0.17343451733519608], "world_orientation": [0.7953584436242408, -0.6061393784894101, 3.1155051280270407e-07, 0.6061393783417438, 0.7953584434416159, 2.1670588649002746e-05, -1.3383191466122383e-05, -1.704704262613968e-05, 0.9999999997651443], "world_rotation": [-3.193789467542239e-05, 1.1296693845287057e-05, 0.9999999994261778, 0.6511976217399801]}], "source": "action wait"}
{"timestamp": 1706068919.842283, "objects": [{"color": "cv_", "id_name": "hand", "shape": "CVCylinder", "id_string": "ob383", "world_size": [0.12, 0.005, 0.12], "id": 383, "camera_size": [75, 61], "camera_position": [241, 311], "world_position": [0.6100026554238414, 1.163567172444, -0.17411626235519517], "world_orientation": [0.0005069307150890618, 0.6361795239542931, 0.7715408973752066, -0.0005937932370237673, -0.7715406689932696, 0.6361797257843179, 0.9999996952153746, -0.0007806348102657012, -1.3358564195484365e-05], "world_rotation": [0.0, 1.0, 0.0, 0.0]}, {"color": "CVPurple", "id_name": "object16413773191529", "shape": "CVBox", "id_string": "ob1017", "world_size": [0.09, 0.09, 0.09], "id": 1017, "camera_size": [56, 78], "camera_position": [241, 293], "world_position": [0.6387698556890065, 1.1282675457615747, -0.17368046675362636], "world_orientation": [0.7710237743763585, -0.6368063593701874, 3.4816989746145562e-06, 0.6368063591535097, 0.7710237742366902, 2.2437926717961086e-05, -1.6973087109243184e-05, -1.5083006899569689e-05, 0.9999999997422088], "world_rotation": [-2.9460237834230845e-05, 1.606044425816772e-05, 0.9999999994370781, 0.690349066547901]}], "source": "action wait"}
