{"timestamp": 1706068882.193501, "objects": [{"color": "cv_", "id_name": "hand", "shape": "CVCylinder", "id_string": "ob383", "world_size": [0.12, 0.005, 0.12], "id": 383, "camera_size": [48, 50], "camera_position": [246, 426], "world_position": [0.2676445155400099, 0.6334703013849456, -0.1738926040084747], "world_orientation": [-0.0006415492796943944, 0.19791547486687056, 0.9802188802623334, -0.000747367147244423, -0.9802189031248754, 0.19791499033426918, 0.9999995149283168, -0.0006056111687273926, 0.0007767742550898012], "world_rotation": [0.0, 1.0, 0.0, 0.0]}, {"color": "CVPurple", "id_name": "object4788198581806", "shape": "CVSphere", "id_string": "ob996", "world_size": [0.11, 0.11, 0.11], "id": 996, "camera_size": [45, 45], "camera_position": [256, 254], "world_position": [0.705, 0.654738849708696, -0.15], "world_orientation": [1.0, -5.1619362862653347e-17, 1.4541359828532488e-17, 5.1619362862653347e-17, 1.0, 2.3824321321224633e-17, -1.4541359828532488e-17, -2.3824321321224633e-17, 1.0], "world_rotation": [-0.4059884517598224, 0.2477982093873522, 0.8796416454796148, 5.868226354211375e-17]}], "source": "manual check"}
{"timestamp": 1706068883.211302, "objects": [{"color": "cv_", "id_name": "hand", "shape": "CVCylinder", "id_string": "ob383", "world_size": [0.12, 0.005, 0.12], "id": 383, "camera_size": [48, 50], "camera_position": [246, 426], "world_position": [0.2676445155400099, 0.6334703013849456, -0.1738926040084747], "world_orientation": [-0.0006415492796943944, 0.19791547486687056, 0.9802188802623334, -0.000747367147244423, -0.9802189031248754, 0.19791499033426918, 0.9999995149283168, -0.0006056111687273926, 0.0007767742550898012], "world_rotation": [0.0, 1.0, 0.0, 0.0]}, {"color": "CVPurple", "id_name": "object4788198581806", "shape": "CVSphere", "id_string": "ob996", "world_size": [0.11, 0.11, 0.11], "id": 996, "camera_size": [45, 45], "camera_position": [256, 254], "world_position": [0.705, 0.6547388572526824, -0.15], "world_orientation": [1.0, -3.838362879530641e-17, 1.4813540171849057e-17, 3.838362879530641e-17, 1.0, 5.294293626938881e-18, -1.4813540171849057e-17, -5.294293626938881e-18, 1.0], "world_rotation": [-0.1276280613210114, 0.35710588544125776, 0.925303444577321, 4.1482206750932463e-17]}], "source": "manual check"}
{"timestamp": 1706068885.181828, "objects": [{"color": "cv_", "id_name": "hand", "shape": "CVCylinder", "id_string": "ob383", "world_size": [0.12, 0.005, 0.12], "id": 383, "camera_size": [48, 50], "camera_position": [246, 426], "world_position": [0.2676445155400099, 0.6334703013849456, -0.1738926040084747], "world_orientation": [-0.0006415492796943944, 0.19791547486687056, 0.9802188802623334, -0.000747367147244423, -0.9802189031248754, 0.19791499033426918, 0.9999995149283168, -0.0006056111687273926, 0.0007767742550898012], "world_rotation": [0.0, 1.0, 0.0, 0.0]}, {"color": "CVPurple", "id_name": "object4788198581806", "shape": "CVSphere", "id_string": "ob996", "world_size": [0.11, 0.11, 0.11], "id": 996, "camera_size": [45, 45], "camera_position": [256, 254], "world_position": [0.705, 0.6547388572526824, -0.15], "world_orientation": [1.0, -3.838362879530641e-17, 1.4813540171849057e-17, 3.838362879530641e-17, 1.0, 5.294293626938881e-18, -1.4813540171849057e-17, -5.294293626938881e-18, 1.0], "world_rotation": [-0.1276280613210114, 0.35710588544125776, 0.925303444577321, 4.1482206750932463e-17]}], "source": "action wait"}
{"timestamp": 1706068885.209846, "objects": [{"color": "cv_", "id_name": "hand", "shape": "CVCylinder", "id_string": "ob383", "world_size": [0.12, 0.005, 0.12], "id": 383, "camera_size": [49, 51], "camera_position": [246, 421], "world_position": [0.2907963046453788, 0.6674649119933265, -0.17395625224489436], "world_orientation": [-0.0003850751861041165, 0.19530907252680624, 0.9807416672630056, -0.0007159492684432178, -0.9807415424662128, 0.19530876656627302, 0.9999996695668186, -0.0006269527195757496, 0.000517490619581534], "world_rotation": [0.0, 1.0, 0.0, 0.0]}, {"color": "CVPurple", "id_name": "object4788198581806", "shape": "CVSphere", "id_string": "ob996", "world_size": [0.11, 0.11, 0.11], "id": 996, "camera_size": [45, 45], "camera_position": [256, 254], "world_position": [0.705, 0.6547388572526824, -0.15], "world_orientation": [1.0, -3.838362879530641e-17, 1.4813540171849057e-17, 3.838362879530641e-17, 1.0, 5.294293626938881e-18, -1.4813540171849057e-17, -5.294293626938881e-18, 1.0], "world_rotation": [-0.1276280613210114, 0.35710588544125776, 0.925303444577321, 4.1482206750932463e-17]}], "source": "action wait"}
{"timestamp": 1706068885.238333, "objects": [{"color": "cv_", "id_name": "hand", "shape": "CVCylinder", "id_string": "ob383", "world_size": [0.12, 0.005, 0.12], "id": 383, "camera_size": [51, 52], "camera_position": [246, 406], "world_position": [0.3366225667247524, 0.7051726052816579, -0.1739841116206689], "world_orientation": [-0.00022720582972693694, 0.18151312844120265, 0.9833884952453931, -0.0007325555560711877, -0.983388286977386, 0.1815129207468161, 0.999999705869891, -0.0006791459122043534, 0.0003564000024263385], "world_rotation": [0.0, 1.0, 0.0, 0.0]}, {"color": "CVPurple", "id_name": "object4788198581806", "shape": "CVSphere", "id_string": "ob996", "world_size": [0.11, 0.11, 0.11], "id": 996, "camera_size": [45, 45], "camera_position": [256, 254], "world_position": [0.705, 0.6547388572526824, -0.15], "world_orientation": [1.0, -3.838362879530641e-17, 1.4813540171849057e-17, 3.838362879530641e-17, 1.0, 5.294293626938881e-18, -1.4813540171849057e-17, -5.294293626938881e-18, 1.0], "world_rotation": [-0.1276280613210114, 0.35710588544125776, 0.925303444577321, 4.1482206750932463e-17]}], "source": "action wait"}
{"timestamp": 1706068885.271511, "objects": [{"color": "cv_", "id_name": "hand", "shape": "CVCylinder", "id_string": "ob383", "world_size": [0.12, 0.005, 0.12], "id": 383, "camera_size": [51, 52], "camera_position": [246, 388], "world_position": [0.387031948598591, 0.7381661613007897, -0.17400462121500912], "world_orientation": [-0.00012492119450830034, 0.17169196735463985, 0.9851506751459843, -0.0007438832973102142, -0.9851504262148608, 0.1716918296434576, 0.9999997155161271, -0.0007113891841288963, 0.0002507849548109903], "world_rotation": [0.0, 1.0, 0.0, 0.0]}, {"color": "CVPurple", "id_name": "object4788198581806", "shape": "CVSphere", "id_string": "ob996", "world_size": [0.11, 0.11, 0.11], "id": 996, "camera_size": [45, 45], "camera_position": [256, 254], "world_position": [0.705, 0.6547388572526824, -0.15], "world_orientation": [1.0, -3.838362879530641e-17, 1.4813540171849057e-17, 3.838362879530641e-17, 1.0, 5.294293626938881e-18, -1.4813540171849057e-17, -5.294293626938881e-18, 1.0], "world_rotation": [-0.1276280613210114, 0.35710588544125776, 0.925303444577321, 4.1482206750932463e-17]}], "source": "action wait"}
{"timestamp": 1706068885.308206, "objects": [{"color": "cv_", "id_name": "hand", "shape": "CVCylinder", "id_string": "ob383", "world_size": [0.12, 0.005, 0.12], "id": 383, "camera_size": [52, 53], "camera_position": [245, 368], "world_position": [0.4410375617971851, 0.7659892259072776, -0.17402310649511377], "world_orientation": [-5.29343607853505e-05, 0.1647520535204072, 0.9863350130958357, -0.000751302146120297, -0.9863347426589902, 0.16475196802742254, 0.9999997163714792, -0.0007323145720171348, 0.00017598957051106405], "world_rotation": [0.0, 1.0, 0.0, 0.0]}, {"color": "CVPurple", "id_name": "object4788198581806", "shape": "CVSphere", "id_string": "ob996", "world_size": [0.11, 0.11, 0.11], "id": 996, "camera_size": [45, 45], "camera_position": [256, 254], "world_position": [0.705, 0.6547388572526824, -0.15], "world_orientation": [1.0, -3.838362879530641e-17, 1.4813540171849057e-17, 3.838362879530641e-17, 1.0, 5.294293626938881e-18, -1.4813540171849057e-17, -5.294293626938881e-18, 1.0], "world_rotation": [-0.1276280613210114, 0.35710588544125776, 0.925303444577321, 4.1482206750932463e-17]}], "source": "action wait"}
{"timestamp": 1706068885.350432, "objects": [{"color": "cv_", "id_name": "hand", "shape": "CVCylinder", "id_string": "ob383", "world_size": [0.12, 0.005, 0.12], "id": 383, "camera_size": [52, 53], "camera_position": [245, 344], "world_position": [0.4981549039766038, 0.7811412535968201, -0.17403836522918292], "world_orientation": [-9.128003172885782e-06, 0.1495593643420744, 0.9887527478870914, -0.0007643463859141238, -0.9887524601444765, 0.14955931376162473, 0.9999997078455984, -0.0007543844115199015, 0.00012334049520829033], "world_rotation": [0.0, 1.0, 0.0, 0.0]}, {"color": "CVPurple", "id_name": "object4788198581806", "shape": "CVSphere", "id_string": "ob996", "world_size": [0.11, 0.11, 0.11], "id": 996, "camera_size": [45, 45], "camera_position": [256, 254], "world_position": [0.705, 0.6547388572526824, -0.15], "world_orientation": [1.0, -3.838362879530641e-17, 1.4813540171849057e-17, 3.838362879530641e-17, 1.0, 5.294293626938881e-18, -1.4813540171849057e-17, -5.294293626938881e-18, 1.0], "world_rotation": [-0.1276280613210114, 0.35710588544125776, 0.925303444577321, 4.1482206750932463e-17]}], "source": "action wait"}
{"timestamp": 1706068885.384163, "objects": [{"color": "cv_", "id_name": "hand", "shape": "CVCylinder", "id_string": "ob383", "world_size": [0.12, 0.005, 0.12], "id": 383, "camera_size": [52, 53], "camera_position": [245, 318], "world_position": [0.5567905140082833, 0.7728434300049746, -0.17405020620205439], "world_orientation": [-2.3625805240837924e-06, 0.11084777371194197, 0.9938373966889776, -0.0007770582481075466, -0.9938370968459969, 0.11084773842167289, 0.9999996980874032, -0.0007720076596672865, 8.848319701674599e-05], "world_rotation": [0.0, 1.0, 0.0, 0.0]}, {"color": "CVPurple", "id_name": "object4788198581806", "shape": "CVSphere", "id_string": "ob996", "world_size": [0.11, 0.11, 0.11], "id": 996, "camera_size": [45, 45], "camera_position": [256, 254], "world_position": [0.705, 0.6547388572526824, -0.15], "world_orientation": [1.0, -3.838362879530641e-17, 1.4813540171849057e-17, 3.838362879530641e-17, 1.0, 5.294293626938881e-18, -1.4813540171849057e-17, -5.294293626938881e-18, 1.0], "world_rotation": [-0.1276280613210114, 0.35710588544125776, 0.925303444577321, 4.1482206750932463e-17]}], "source": "action wait"}
{"timestamp": 1706068885.41707, "objects": [{"color": "cv_", "id_name": "hand", "shape": "CVCylinder", "id_string": "ob383", "world_size": [0.12, 0.005, 0.12], "id": 383, "camera_size": [52, 52], "camera_position": [245, 298], "world_position": [0.6021305964643744, 0.7593671057339346, -0.174055809737546], "world_orientation": [-1.6637138510751026e-05, 0.07771693527471088, 0.9969754649411952, -0.0007752607759850988, -0.9969751664758127, 0.07771689907127688, 0.9999996993469223, -0.000771622985774287, 7.683770548508467e-05], "world_rotation": [0.0, 1.0, 0.0, 0.0]}, {"color": "CVPurple", "id_name": "object4788198581806", "shape": "CVSphere", "id_string": "ob996", "world_size": [0.11, 0.11, 0.11], "id": 996, "camera_size": [45, 45], "camera_position": [256, 254], "world_position": [0.705, 0.6547388572526824, -0.15], "world_orientation": [1.0, -3.838362879530641e-17, 1.4813540171849057e-17, 3.838362879530641e-17, 1.0, 5.294293626938881e-18, -1.4813540171849057e-17, -5.294293626938881e-18, 1.0], "world_rotation": [-0.1276280613210114, 0.35710588544125776, 0.925303444577321, 4.1482206750932463e-17]}], "source": "action wait"}
{"timestamp": 1706068885.44796, "objects": [{"color": "cv_", "id_name": "hand", "shape": "CVCylinder", "id_string": "ob383", "world_size": [0.12, 0.005, 0.12], "id": 383, "camera_size": [51, 51], "camera_position": [246, 284], "world_position": [0.633956284518034, 0.7474014879386278, -0.17406348748086606], "world_orientation": [-2.2891388708877963e-05, 0.05430590011251761, 0.9985243455664732, -0.0007713921675089316, -0.9985240497030996, 0.05430586633731264, 0.9999997022150098, -0.0007690107225418014, 6.47487481536186e-05], "world_rotation": [0.0, 1.0, 0.0, 0.0]}, {"color": "CVPurple", "id_name": "object4788198581806", "shape": "CVSphere", "id_string": "ob996", "world_size": [0.11, 0.11, 0.11], "id": 996, "camera_size": [45, 45], "camera_position": [256, 254], "world_position": [0.705, 0.6547388572526824, -0.15], "world_orientation": [1.0, -3.838362879530641e-17, 1.4813540171849057e-17, 3.838362879530641e-17, 1.0, 5.294293626938881e-18, -1.4813540171849057e-17, -5.294293626938881e-18, 1.0], "world_rotation": [-0.1276280613210114, 0.35710588544125776, 0.925303444577321, 4.1482206750932463e-17]}], "source": "action wait"}
{"timestamp": 1706068885.478328, "objects": [{"color": "cv_", "id_name": "hand", "shape": "CVCylinder", "id_string": "ob383", "world_size": [0.12, 0.005, 0.12], "id": 383, "camera_size": [51, 51], "camera_position": [246, 275], "world_position": [0.6562275893442681, 0.7377736128060807, -0.17407136528017977], "world_orientation": [-2.4237779905479582e-05, 0.03778613095431058, 0.9992858488540873, -0.0007678981731512761, -0.9992855552276037, 0.0377861012259247, 0.9999997048724193, -0.0007664339265863243, 5.323636428097938e-05], "world_rotation": [0.0, 1.0, 0.0, 0.0]}, {"color": "CVPurple", "id_name": "object4788198581806", "shape": "CVSphere", "id_string": "ob996", "world_size": [0.11, 0.11, 0.11], "id": 996, "camera_size": [45, 45], "camera_position": [256, 254], "world_position": [0.705, 0.6547388572526824, -0.15], "world_orientation": [1.0, -3.838362879530641e-17, 1.4813540171849057e-17, 3.838362879530641e-17, 1.0, 5.294293626938881e-18, -1.4813540171849057e-17, -5.294293626938881e-18, 1.0], "world_rotation": [-0.1276280613210114, 0.35710588544125776, 0.925303444577321, 4.1482206750932463e-17]}], "source": "action wait"}
{"timestamp": 1706068885.507355, "objects": [{"color": "cv_", "id_name": "hand", "shape": "CVCylinder", "id_string": "ob383", "world_size": [0.12, 0.005, 0.12], "id": 383, "camera_size": [51, 51], "camera_position": [246, 268], "world_position": [0.6718106502146991, 0.7304172786472889, -0.17407847656317516], "world_orientation": [-2.305104949921705e-05, 0.026136565787408483, 0.999658381347093, -0.0007653851357535364, -0.9996580892666195, 0.026136540501859627, 0.9999997068270786, -0.0007645211912260116, 4.304770705167817e-05], "world_rotation": [0.0, 1.0, 0.0, 0.0]}, {"color": "CVPurple", "id_name": "object4788198581806", "shape": "CVSphere", "id_string": "ob996", "world_size": [0.11, 0.11, 0.11], "id": 996, "camera_size": [45, 45], "camera_position": [256, 254], "world_position": [0.705, 0.6547388572526824, -0.15], "world_orientation": [1.0, -3.838362879530641e-17, 1.4813540171849057e-17, 3.838362879530641e-17, 1.0, 5.294293626938881e-18, -1.4813540171849057e-17, -5.294293626938881e-18, 1.0], "world_rotation": [-0.1276280613210114, 0.35710588544125776, 0.925303444577321, 4.1482206750932463e-17]}], "source": "action wait"}
{"timestamp": 1706068885.542485, "objects": [{"color": "cv_", "id_name": "hand", "shape": "CVCylinder", "id_string": "ob383", "world_size": [0.12, 0.005, 0.12], "id": 383, "camera_size": [51, 50], "camera_position": [246, 263], "world_position": [0.6827234533173153, 0.7249641780606613, -0.1740844887341615], "world_orientation": [-2.075438511842739e-05, 0.01792395735888861, 0.999839352757158, -0.0007638011902492733, -0.9998390616073185, 0.017923936284722095, 0.9999997080884561, -0.0007633064874178437, 3.444138490611239e-05], "world_rotation": [0.0, 1.0, 0.0, 0.0]}, {"color": "CVPurple", "id_name": "object4788198581806", "shape": "CVSphere", "id_string": "ob996", "world_size": [0.11, 0.11, 0.11], "id": 996, "camera_size": [45, 45], "camera_position": [256, 254], "world_position": [0.705, 0.6547388572526824, -0.15], "world_orientation": [1.0, -3.838362879530641e-17, 1.4813540171849057e-17, 3.838362879530641e-17, 1.0, 5.294293626938881e-18, -1.4813540171849057e-17, -5.294293626938881e-18, 1.0], "world_rotation": [-0.1276280613210114, 0.35710588544125776, 0.925303444577321, 4.1482206750932463e-17]}], "source": "action wait"}
{"timestamp": 1706068885.578662, "objects": [{"color": "cv_", "id_name": "hand", "shape": "CVCylinder", "id_string": "ob383", "world_size": [0.12, 0.005, 0.12], "id": 383, "camera_size": [51, 51], "camera_position": [246, 260], "world_position": [0.6903743170182749, 0.7209971956861893, -0.17408937742300618], "world_orientation": [-1.8113676831740408e-05, 0.01213512033221716, 0.9999263665522665, -0.0007629124770776947, -0.9999260758876664, 0.01213510298454019, 0.9999997088181811, -0.000762636489868268, 2.7370372506916352e-05], "world_rotation": [0.0, 1.0, 0.0, 0.0]}, {"color": "CVPurple", "id_name": "object4788198581806", "shape": "CVSphere", "id_string": "ob996", "world_size": [0.11, 0.11, 0.11], "id": 996, "camera_size": [45, 45], "camera_position": [256, 254], "world_position": [0.705, 0.6547388572526824, -0.15], "world_orientation": [1.0, -3.838362879530641e-17, 1.4813540171849057e-17, 3.838362879530641e-17, 1.0, 5.294293626938881e-18, -1.4813540171849057e-17, -5.294293626938881e-18, 1.0], "world_rotation": [-0.1276280613210114, 0.35710588544125776, 0.925303444577321, 4.1482206750932463e-17]}], "source": "action wait"}
{"timestamp": 1706068885.614726, "objects": [{"color": "cv_", "id_name": "hand", "shape": "CVCylinder", "id_string": "ob383", "world_size": [0.12, 0.005, 0.12], "id": 383, "camera_size": [51, 50], "camera_position": [246, 257], "world_position": [0.6957440821613451, 0.7181459836329658, -0.17409325330504716], "world_orientation": [-1.5557465479437537e-05, 0.008054954661876342, 0.9999675582054453, -0.0007624850042590213, -0.9999672677397067, 0.008054940459393428, 0.9999997091872495, -0.0007623349534194095, 2.1698738388461988e-05], "world_rotation": [0.0, 1.0, 0.0, 0.0]}, {"color": "CVPurple", "id_name": "object4788198581806", "shape": "CVSphere", "id_string": "ob996", "world_size": [0.11, 0.11, 0.11], "id": 996, "camera_size": [45, 45], "camera_position": [256, 254], "world_position": [0.705, 0.6547388572526824, -0.15], "world_orientation": [1.0, -3.838362879530641e-17, 1.4813540171849057e-17, 3.838362879530641e-17, 1.0, 5.294293626938881e-18, -1.4813540171849057e-17, -5.294293626938881e-18, 1.0], "world_rotation": [-0.1276280613210114, 0.35710588544125776, 0.925303444577321, 4.1482206750932463e-17]}], "source": "action wait"}
{"timestamp": 1706068885.649156, "objects": [{"color": "cv_", "id_name": "hand", "shape": "CVCylinder", "id_string": "ob383", "world_size": [0.12, 0.005, 0.12], "id": 383, "camera_size": [50, 50], "camera_position": [245, 256], "world_position": [0.6995163669799432, 0.7161128697741254, -0.1740962732270985], "world_orientation": [-1.3283348116525706e-05, 0.005179148136569143, 0.9999865880341257, -0.0007623367746547498, -0.9999862975999702, 0.0051791365058272395, 0.999999709333055, -0.0007622577539471723, 1.7231421189033234e-05], "world_rotation": [0.0, 1.0, 0.0, 0.0]}, {"color": "CVPurple", "id_name": "object4788198581806", "shape": "CVSphere", "id_string": "ob996", "world_size": [0.11, 0.11, 0.11], "id": 996, "camera_size": [45, 45], "camera_position": [256, 254], "world_position": [0.705, 0.6547388572526824, -0.15], "world_orientation": [1.0, -3.838362879530641e-17, 1.4813540171849057e-17, 3.838362879530641e-17, 1.0, 5.294293626938881e-18, -1.4813540171849057e-17, -5.294293626938881e-18, 1.0], "world_rotation": [-0.1276280613210114, 0.35710588544125776, 0.925303444577321, 4.1482206750932463e-17]}], "source": "action wait"}
{"timestamp": 1706068885.682082, "objects": [{"color": "cv_", "id_name": "hand", "shape": "CVCylinder", "id_string": "ob383", "world_size": [0.12, 0.005, 0.12], "id": 383, "camera_size": [50, 50], "camera_position": [245, 255], "world_position": [0.7021684295054698, 0.7146706739237009, -0.17409859704147937], "world_orientation": [-1.1349912955522334e-05, 0.0031521817869460665, 0.9999950317982392, -0.0007623425623929341, -0.9999947413082337, 0.0031521722186998373, 0.9999997093524564, -0.0007623029980413363, 1.3752895610782603e-05], "world_rotation": [0.0, 1.0, 0.0, 0.0]}, {"color": "CVPurple", "id_name": "object4788198581806", "shape": "CVSphere", "id_string": "ob996", "world_size": [0.11, 0.11, 0.11], "id": 996, "camera_size": [45, 45], "camera_position": [256, 254], "world_position": [0.705, 0.6547388572526824, -0.15], "world_orientation": [1.0, -3.838362879530641e-17, 1.4813540171849057e-17, 3.838362879530641e-17, 1.0, 5.294293626938881e-18, -1.4813540171849057e-17, -5.294293626938881e-18, 1.0], "world_rotation": [-0.1276280613210114, 0.35710588544125776, 0.925303444577321, 4.1482206750932463e-17]}], "source": "action wait"}
{"timestamp": 1706068885.711131, "objects": [{"color": "cv_", "id_name": "hand", "shape": "CVCylinder", "id_string": "ob383", "world_size": [0.12, 0.005, 0.12], "id": 383, "camera_size": [50, 50], "camera_position": [245, 254], "world_position": [0.7040340617428957, 0.7136511690777719, -0.17410036871099857], "world_orientation": [-9.758214387284078e-06, 0.0017234751848225597, 0.9999985147679293, -0.0007624230581982606, -0.9999982241842926, 0.0017234672441097988, 0.9999997093078865, -0.0007624051078606077, 1.1072214279999311e-05], "world_rotation": [0.0, 1.0, 0.0, 0.0]}, {"color": "CVPurple", "id_name": "object4788198581806", "shape": "CVSphere", "id_string": "ob996", "world_size": [0.11, 0.11, 0.11], "id": 996, "camera_size": [45, 45], "camera_position": [256, 254], "world_position": [0.705, 0.6547388572526824, -0.15], "world_orientation": [1.0, -3.838362879530641e-17, 1.4813540171849057e-17, 3.838362879530641e-17, 1.0, 5.294293626938881e-18, -1.4813540171849057e-17, -5.294293626938881e-18, 1.0], "world_rotation": [-0.1276280613210114, 0.35710588544125776, 0.925303444577321, 4.1482206750932463e-17]}], "source": "action wait"}
{"timestamp": 1706068885.738109, "objects": [{"color": "cv_", "id_name": "hand", "shape": "CVCylinder", "id_string": "ob383", "world_size": [0.12, 0.005, 0.12], "id": 383, "camera_size": [50, 50], "camera_position": [245, 253], "world_position": [0.7053470952825519, 0.7129320912519146, -0.17410170988126203], "world_orientation": [-8.477315265107245e-06, 0.0007164247950592118, 0.9999997433317912, -0.0007625314120078266, -0.99999945264531, 0.0007164181225836868, 0.9999997092369483, -0.0007625251429883091, 9.023607035947808e-06], "world_rotation": [0.0, 1.0, 0.0, 0.0]}, {"color": "CVPurple", "id_name": "object4788198581806", "shape": "CVSphere", "id_string": "ob996", "world_size": [0.11, 0.11, 0.11], "id": 996, "camera_size": [45, 45], "camera_position": [256, 254], "world_position": [0.705, 0.6547388572526824, -0.15], "world_orientation": [1.0, -3.838362879530641e-17, 1.4813540171849057e-17, 3.838362879530641e-17, 1.0, 5.294293626938881e-18, -1.4813540171849057e-17, -5.294293626938881e-18, 1.0], "world_rotation": [-0.1276280613210114, 0.35710588544125776, 0.925303444577321, 4.1482206750932463e-17]}], "source": "action wait"}
{"timestamp": 1706068885.772977, "objects": [{"color": "cv_", "id_name": "hand", "shape": "CVCylinder", "id_string": "ob383", "world_size": [0.12, 0.005, 0.12], "id": 383, "camera_size": [50, 50], "camera_position": [245, 253], "world_position": [0.7062715575615732, 0.7124256417005268, -0.17410271950910802], "world_orientation": [-7.463838163133917e-06, 6.566618677259968e-06, 0.9999999999505855, -0.0007626420389185407, -0.9999997091669951, 6.56092453140512e-06, 0.9999997091606636, -0.0007626419899115132, 7.468843972224827e-06], "world_rotation": [0.0, 1.0, 0.0, 0.0]}, {"color": "CVPurple", "id_name": "object4788198581806", "shape": "CVSphere", "id_string": "ob996", "world_size": [0.11, 0.11, 0.11], "id": 996, "camera_size": [45, 45], "camera_position": [256, 254], "world_position": [0.705, 0.6547388572526824, -0.15], "world_orientation": [1.0, -3.838362879530641e-17, 1.4813540171849057e-17, 3.838362879530641e-17, 1.0, 5.294293626938881e-18, -1.4813540171849057e-17, -5.294293626938881e-18, 1.0], "world_rotation": [-0.1276280613210114, 0.35710588544125776, 0.925303444577321, 4.1482206750932463e-17]}], "source": "action wait"}
{"timestamp": 1706068885.807852, "objects": [{"color": "cv_", "id_name": "hand", "shape": "CVCylinder", "id_string": "ob383", "world_size": [0.12, 0.005, 0.12], "id": 383, "camera_size": [49, 50], "camera_position": [246, 253], "world_position": [0.7069027587238138, 0.7120937811203636, -0.1740962683869174], "world_orientation": [-8.46093115542471e-06, -0.00048564452387336014, 0.9999998820388977, -0.0007634934649937728, -0.9999995906104103, -0.00048565084220873907, 0.9999997085030284, -0.0007634974839899565, 8.090141271703048e-06], "world_rotation": [0.0, 1.0, 0.0, 0.0]}, {"color": "CVPurple", "id_name": "object4788198581806", "shape": "CVSphere", "id_string": "ob996", "world_size": [0.11, 0.11, 0.11], "id": 996, "camera_size": [45, 45], "camera_position": [256, 254], "world_position": [0.705097665067504, 0.6546625982621532, -0.14999646361001379], "world_orientation": [0.999998430413063, 0.0017717681402646408, 3.011258330377607e-06, -0.0017717679285426315, 0.9999984280432814, -6.891569933148275e-05, -3.133356237245719e-06, 6.891025591136716e-05, 0.9999999976207794], "world_rotation": [0.03886558815303071, 0.0017327219588180592, -0.9992429453001569, 0.0017731113050347173]}], "source": "action wait"}
{"timestamp": 1706068885.840695, "objects": [{"color": "cv_", "id_name": "hand", "shape": "CVCylinder", "id_string": "ob383", "world_size": [0.12, 0.005, 0.12], "id": 383, "camera_size": [49, 50], "camera_position": [246, 252], "world_position": [0.7073246099612363, 0.711885563713359, -0.17410065099174063], "world_orientation": [-5.295538814736929e-06, -0.0008239796323573971, 0.9999996605147039, -0.0007652228937025827, -0.9999993677424043, -0.0008239834433874409, 0.9999997072028972, -0.0007652269973573394, 4.665007388352922e-06], "world_rotation": [0.0, 1.0, 0.0, 0.0]}, {"color": "CVPurple", "id_name": "object4788198581806", "shape": "CVSphere", "id_string": "ob996", "world_size": [0.11, 0.11, 0.11], "id": 996, "camera_size": [45, 46], "camera_position": [256, 253], "world_position": [0.7051967312062785, 0.6545958399525562, -0.14999864097985272], "world_orientation": [0.9999936874100641, 0.003553184861291125, 4.167107788904289e-06, -0.003553184739885001, 0.9999936870047827, -2.8788628509873127e-05, -4.269372800972092e-06, 2.8773640275261433e-05, 0.9999999995769251], "world_rotation": [0.008099823563158077, 0.0011871318784719915, -0.9999664912266554, 0.003553311344801507]}], "source": "action wait"}
{"timestamp": 1706068885.870517, "objects": [{"color": "cv_", "id_name": "hand", "shape": "CVCylinder", "id_string": "ob383", "world_size": [0.12, 0.005, 0.12], "id": 383, "camera_size": [49, 50], "camera_position": [246, 252], "world_position": [0.7076263318914858, 0.711731952115704, -0.17410489975268625], "world_orientation": [-2.9193800939236315e-06, -0.0010646240915505442, 0.99999943328335, -0.0007661245853223846, -0.9999991398119134, -0.001064626015723394, 0.9999997065222554, -0.0007661272591952033, 2.103742892422678e-06], "world_rotation": [0.0, 1.0, 0.0, 0.0]}, {"color": "CVPurple", "id_name": "object4788198581806", "shape": "CVSphere", "id_string": "ob996", "world_size": [0.11, 0.11, 0.11], "id": 996, "camera_size": [45, 46], "camera_position": [256, 253], "world_position": [0.7052846838833662, 0.6545052957315463, -0.15000076814783117], "world_orientation": [0.9999868734614308, 0.005123756865260784, 4.518636165298976e-06, -0.0051237569148752165, 0.9999868734104707, 1.1037597668557612e-05, -4.462022884186426e-06, -1.1060605176403909e-05, 0.9999999999288767], "world_rotation": [-0.0021564394498128727, 0.0008763720559314569, -0.9999972908667897, 0.00512379319039241]}], "source": "action wait"}
{"timestamp": 1706068886.93895, "objects": [{"color": "cv_", "id_name": "hand", "shape": "CVCylinder", "id_string": "ob383", "world_size": [0.12, 0.005, 0.12], "id": 383, "camera_size": [49, 50], "camera_position": [246, 252], "world_position": [0.7083547600351573, 0.7113704991027449, -0.1741138149101676], "world_orientation": [3.454642782422076e-06, -0.001636512660259355, 0.9999986609062926, -0.0007683849240383656, -0.9999983657092599, -0.0016365095226656705, 0.9999997047862934, -0.0007683782415434953, -4.7121087923153485e-06], "world_rotation": [0.0, 1.0, 0.0, 0.0]}, {"color": "CVPurple", "id_name": "object4788198581806", "shape": "CVSphere", "id_string": "ob996", "world_size": [0.11, 0.11, 0.11], "id": 996, "camera_size": [45, 46], "camera_position": [256, 253], "world_position": [0.7055089842534634, 0.6543013448648237, -0.15000523712249658], "world_orientation": [0.9999661357155609, 0.008229641189779363, -2.0687582150163816e-05, -0.008229638360917722, 0.9999661270684246, 0.00013329750155658814, 2.178387201041237e-05, -0.00013312273621242306, 0.9999999909019], "world_rotation": [0.016184454198742936, 0.0025800491373024668, 0.9998656943753687, -0.008230838145759527]}], "source": "action wait"}
{"timestamp": 1706068886.971841, "objects": [{"color": "cv_", "id_name": "hand", "shape": "CVCylinder", "id_string": "ob383", "world_size": [0.12, 0.005, 0.12], "id": 383, "camera_size": [51, 50], "camera_position": [246, 251], "world_position": [0.7107737125767224, 0.7320279010869728, -0.17409607897384155], "world_orientation": [2.1067536973499926e-05, 0.02866972748479761, 0.9995889386553386, -0.0007444269630112642, -0.9995886614556428, 0.028669735223982074, 0.9999997226922894, -0.0007447249585700689, 2.8364707875590106e-07], "world_rotation": [0.0, 1.0, 0.0, 0.0]}, {"color": "CVPurple", "id_name": "object4788198581806", "shape": "CVSphere", "id_string": "ob996", "world_size": [0.11, 0.11, 0.11], "id": 996, "camera_size": [46, 48], "camera_position": [252, 251], "world_position": [0.710654253439265, 0.6756633855383323, -0.1586470397069482], "world_orientation": [0.9996939481225018, -0.024738817263161274, -3.1743733738898176e-05, 0.02473882083091075, 0.9996939416439109, 0.0001174068012662621, 2.8829512901955782e-05, -0.00011815617123577419, 0.9999999926039892], "world_rotation": [0.004760941211644634, 0.0012242402241424578, -0.9999879172643303, -0.024741642147322284]}], "source": "action wait"}
{"timestamp": 1706068887.005148, "objects": [{"color": "cv_", "id_name": "hand", "shape": "CVCylinder", "id_string": "ob383", "world_size": [0.12, 0.005, 0.12], "id": 383, "camera_size": [52, 53], "camera_position": [245, 250], "world_position": [0.7141896610833393, 0.7808920000855719, -0.1741128920522786], "world_orientation": [7.612795406459219e-05, 0.09914082129515306, 0.9950734102353741, -0.0007266414620741057, -0.9950731449312809, 0.09914085045406956, 0.9999997330983246, -0.0007306089877941337, -3.7130513306937534e-06], "world_rotation": [0.0, 1.0, 0.0, 0.0]}, {"color": "CVPurple", "id_name": "object4788198581806", "shape": "CVSphere", "id_string": "ob996", "world_size": [0.11, 0.11, 0.11], "id": 996, "camera_size": [48, 53], "camera_position": [249, 248], "world_position": [0.7186537658623824, 0.7250890880112311, -0.16422572328048576], "world_orientation": [0.9952920717780578, -0.09692105295299228, -3.674540428523087e-05, 0.09692105633161732, 0.9952920665592823, 0.00010527923231069403, 2.6368635317968548e-05, -0.00010834498864037102, 0.9999999937830293], "world_rotation": [0.0011020519777191705, 0.0003255948780381272, -0.9999993397344887, -0.09707350505266996]}], "source": "action wait"}
{"timestamp": 1706068887.031175, "objects": [{"color": "cv_", "id_name": "hand", "shape": "CVCylinder", "id_string": "ob383", "world_size": [0.12, 0.005, 0.12], "id": 383, "camera_size": [55, 55], "camera_position": [245, 250], "world_position": [0.7131807667465327, 0.8508218335008569, -0.17411934479185853], "world_orientation": [0.00014960262513736793, 0.19839170804560005, 0.9801228024068229, -0.0007168576992580777, -0.980122540263356, 0.19839176440252151, 0.9999997318670109, -0.0007322885058842374, -4.4102815978297086e-06], "world_rotation": [0.0, 1.0, 0.0, 0.0]}, {"color": "CVPurple", "id_name": "object4788198581806", "shape": "CVSphere", "id_string": "ob996", "world_size": [0.11, 0.11, 0.11], "id": 996, "camera_size": [51, 60], "camera_position": [248, 245], "world_position": [0.7235994798620028, 0.795887427778323, -0.1677919999720027], "world_orientation": [0.9803486286993854, -0.1972728168371633, -4.409496076552515e-05, 0.19727281997208396, 0.9803486254359571, 8.429763419006926e-05, 2.6598802425751332e-05, -9.133980733761035e-05, 0.9999999954747718], "world_rotation": [0.00044516376540264024, 0.0001791776374045601, -0.9999998848622915, -0.1985753125778651]}], "source": "action wait"}
{"timestamp": 1706068887.062276, "objects": [{"color": "cv_", "id_name": "hand", "shape": "CVCylinder", "id_string": "ob383", "world_size": [0.12, 0.005, 0.12], "id": 383, "camera_size": [59, 57], "camera_position": [244, 254], "world_position": [0.7046753857500981, 0.9203749586920642, -0.17412028532374527], "world_orientation": [0.00022347840503866352, 0.2956995899973648, 0.9552809547629392, -0.0007079436440174074, -0.9552806924489674, 0.29569967441649025, 0.9999997244365618, -0.0007423675717845895, -4.14596023508201e-06], "world_rotation": [0.0, 1.0, 0.0, 0.0]}, {"color": "CVPurple", "id_name": "object4788198581806", "shape": "CVSphere", "id_string": "ob996", "world_size": [0.11, 0.11, 0.11], "id": 996, "camera_size": [54, 67], "camera_position": [246, 246], "world_position": [0.7207968060853984, 0.8668565518016997, -0.17007148632924912], "world_orientation": [0.9554122359580747, -0.29527522271993767, -4.72152902982753e-05, 0.2952752252291925, 0.9554122344536955, 6.0183441005203096e-05, 2.733938705739154e-05, -7.144150141551689e-05, 0.999999997074335], "world_rotation": [0.00022288517189257212, 0.00012624607291146088, -0.9999999671920642, -0.2997435842870081]}], "source": "action wait"}
{"timestamp": 1706068887.090233, "objects": [{"color": "cv_", "id_name": "hand", "shape": "CVCylinder", "id_string": "ob383", "world_size": [0.12, 0.005, 0.12], "id": 383, "camera_size": [62, 59], "camera_position": [243, 262], "world_position": [0.6889528550193921, 0.988641496919553, -0.174120122908102], "world_orientation": [0.00029653448143591115, 0.3900190144340787, 0.9208067552136937, -0.0006882708946612415, -0.920806497995979, 0.39001912713552545, 0.999999719175199, -0.0007494186088364528, -4.612141386138348e-06], "world_rotation": [0.0, 1.0, 0.0, 0.0]}, {"color": "CVPurple", "id_name": "object4788198581806", "shape": "CVSphere", "id_string": "ob996", "world_size": [0.11, 0.11, 0.11], "id": 996, "camera_size": [57, 74], "camera_position": [245, 250], "world_position": [0.7105171220860244, 0.9370699871376584, -0.171529471320052], "world_orientation": [0.9208059462548385, -0.39002103414255274, -4.762462838892433e-05, 0.39002103610795635, 0.9208059456533939, 4.2925926875566695e-05, 2.7111026588518823e-05, -5.810105562402685e-05, 0.9999999979446298], "world_rotation": [0.0001295147852168311, 9.580977341851904e-05, -0.9999999870232037, -0.40065444234171116]}], "source": "action wait"}
{"timestamp": 1706068887.12282, "objects": [{"color": "cv_", "id_name": "hand", "shape": "CVCylinder", "id_string": "ob383", "world_size": [0.12, 0.005, 0.12], "id": 383, "camera_size": [66, 60], "camera_position": [242, 274], "world_position": [0.6662818638389826, 1.05493436469468, -0.17411973741184508], "world_orientation": [0.0003675230554509379, 0.48040185481635844, 0.8770484153202753, -0.0006590788244327059, -0.8770481676986417, 0.4804019953659211, 0.9999997152709129, -0.0007546028477216235, -5.712732642100084e-06], "world_rotation": [0.0, 1.0, 0.0, 0.0]}, {"color": "CVPurple", "id_name": "object4788198581806", "shape": "CVSphere", "id_string": "ob996", "world_size": [0.11, 0.11, 0.11], "id": 996, "camera_size": [60, 83], "camera_position": [243, 260], "world_position": [0.6930093163270423, 1.0058240696113718, -0.17246223763205729], "world_orientation": [0.8769101020721114, -0.4806544192357159, -4.6401033331532506e-05, 0.48065442076585124, 0.8769101019369762, 3.031709398827651e-05, 2.6117489664885544e-05, -4.888822778269406e-05, 0.999999998463909], "world_rotation": [8.23932101535892e-05, 7.5437278350426e-05, -0.999999993760288, -0.5014008427856017]}], "source": "action wait"}
{"timestamp": 1706068887.157491, "objects": [{"color": "cv_", "id_name": "hand", "shape": "CVCylinder", "id_string": "ob383", "world_size": [0.12, 0.005, 0.12], "id": 383, "camera_size": [70, 61], "camera_position": [241, 290], "world_position": [0.6419559053989351, 1.107718352958245, -0.17411828009223448], "world_orientation": [0.0004305128190637858, 0.5515677161515085, 0.8341300073478483, -0.0006383473865962945, -0.8341297631183655, 0.5515678841200911, 0.9999997035856194, -0.0007699217549697354, -7.011745648388299e-06], "world_rotation": [0.0, 1.0, 0.0, 0.0]}, {"color": "CVPurple", "id_name": "object4788198581806", "shape": "CVSphere", "id_string": "ob996", "world_size": [0.11, 0.11, 0.11], "id": 996, "camera_size": [64, 89], "camera_position": [242, 272], "world_position": [0.6726815687976262, 1.0611306997576546, -0.1730585957747397], "world_orientation": [0.8338702193104938, -0.5519605564857974, -3.7828004138584065e-05, 0.5519605572225572, 0.8338702195927116, 1.2123000863728789e-05, 2.4852227814773555e-05, -3.0988575631888884e-05, 0.9999999992110375], "world_rotation": [3.905313147641936e-05, 5.677962947366965e-05, -0.9999999976254633, -0.5847135683641416]}], "source": "action wait"}
{"timestamp": 1706068887.199673, "objects": [{"color": "cv_", "id_name": "hand", "shape": "CVCylinder", "id_string": "ob383", "world_size": [0.12, 0.005, 0.12], "id": 383, "camera_size": [73, 61], "camera_position": [241, 303], "world_position": [0.6217374426697097, 1.1433829706495429, -0.1741185155746249], "world_orientation": [0.0004753434503557397, 0.5995226593295715, 0.800357641932032, -0.000617545161934203, -0.8003574037523906, 0.599522847685312, 0.9999996963432425, -0.0007792362485780982, -1.0212332078009047e-05], "world_rotation": [0.0, 1.0, 0.0, 0.0]}, {"color": "CVPurple", "id_name": "object4788198581806", "shape": "CVSphere", "id_string": "ob996", "world_size": [0.11, 0.11, 0.11], "id": 996, "camera_size": [67, 93], "camera_position": [242, 283], "world_position": [0.6550939956790738, 1.098868039126381, -0.17344136347893718], "world_orientation": [0.8000049871746848, -0.5999933496591799, -2.93323968498445e-05, 0.5999933499855584, 0.8000049874619217, 3.0261495336802256e-06, 2.1650394178805595e-05, -2.0020177767924572e-05, 0.9999999995652264], "world_rotation": [1.920548559694646e-05, 4.24861300448809e-05, -0.999999998913039, -0.6434927969123652]}], "source": "action wait"}
{"timestamp": 1706068887.233513, "objects": [{"color": "cv_", "id_name": "hand", "shape": "CVCylinder", "id_string": "ob383", "world_size": [0.12, 0.005, 0.12], "id": 383, "camera_size": [75, 62], "camera_position": [241, 313], "world_position": [0.6060735187683545, 1.1676397305401272, -0.17411978505191472], "world_orientation": [0.0005053465001140128, 0.6321147391595336, 0.7748746357716126, -0.0005976677661719711, -0.7748744054009463, 0.6321149410097594, 0.9999996937090312, -0.000782554665734049, -1.378546467892578e-05], "world_rotation": [0.0, 1.0, 0.0, 0.0]}, {"color": "CVPurple", "id_name": "object4788198581806", "shape": "CVSphere", "id_string": "ob996", "world_size": [0.11, 0.11, 0.11], "id": 996, "camera_size": [68, 96], "camera_position": [241, 292], "world_position": [0.6411837450448591, 1.1247154815822695, -0.17368728498935196], "world_orientation": [0.774455379586197, -0.6326285359193695, -2.3885451399980057e-05, 0.6326285361123697, 0.7744553797965702, 6.85847235670108e-07, 1.8064329803017746e-05, -1.5641776234791567e-05, 0.9999999997145076], "world_rotation": [1.2904589763651134e-05, 3.3155144597678744e-05, -0.9999999993671039, -0.6849425710705124]}], "source": "action wait"}
