{"timestamp": 1706068458.338893, "objects": [{"color": "cv_", "id_name": "hand", "shape": "CVCylinder", "id_string": "ob383", "world_size": [0.12, 0.005, 0.12], "id": 383, "camera_size": [48, 50], "camera_position": [246, 426], "world_position": [0.267644515540009, 0.6334703013849453, -0.17389260400847836], "world_orientation": [-0.0006415513901547447, 0.1979154748668699, 0.9802188802609524, -0.0007473675733656239, -0.9802189031248754, 0.19791499033265963, 0.9999995149266445, -0.0006056111687277056, 0.0007767764081389101], "world_rotation": [0.0, 1.0, 0.0, 0.0]}, {"color": "CVPurple", "id_name": "object137921147571691", "shape": "CVSphere", "id_string": "ob856", "world_size": [0.1, 0.1, 0.1], "id": 856, "camera_size": [41, 41], "camera_position": [256, 254], "world_position": [0.705, 0.6498037932383656, -0.15], "world_orientation": [1.0, 2.1316282072802963e-17, -9.624447840080312e-18, -2.1316282072802963e-17, 1.0, -1.5774048733874193e-16, 9.624447840080312e-18, 1.5774048733874193e-16, 1.0], "world_rotation": [-0.9891858493133231, 0.06035462278252622, 0.13367376342071935, -1.5946496550495827e-16]}], "source": "manual check"}
{"timestamp": 1706068459.367684, "objects": [{"color": "cv_", "id_name": "hand", "shape": "CVCylinder", "id_string": "ob383", "world_size": [0.12, 0.005, 0.12], "id": 383, "camera_size": [48, 50], "camera_position": [246, 426], "world_position": [0.267644515540009, 0.6334703013849453, -0.17389260400847836], "world_orientation": [-0.0006415513901547447, 0.1979154748668699, 0.9802188802609524, -0.0007473675733656239, -0.9802189031248754, 0.19791499033265963, 0.9999995149266445, -0.0006056111687277056, 0.0007767764081389101], "world_rotation": [0.0, 1.0, 0.0, 0.0]}, {"color": "CVPurple", "id_name": "object137921147571691", "shape": "CVSphere", "id_string": "ob856", "world_size": [0.1, 0.1, 0.1], "id": 856, "camera_size": [41, 41], "camera_position": [256, 254], "world_position": [0.705, 0.6498037994254439, -0.15], "world_orientation": [1.0, 8.100187187665134e-17, -1.2653630886983698e-17, -8.100187187665134e-17, 1.0, -1.9397816686250694e-16, 1.2653630886983698e-17, 1.9397816686250694e-16, 1.0], "world_rotation": [-0.9211093596285536, 0.06008602943210125, 0.38463907325148433, -2.1059189642881336e-16]}], "source": "manual check"}
{"timestamp": 1706068461.266314, "objects": [{"color": "cv_", "id_name": "hand", "shape": "CVCylinder", "id_string": "ob383", "world_size": [0.12, 0.005, 0.12], "id": 383, "camera_size": [48, 50], "camera_position": [246, 426], "world_position": [0.267644515540009, 0.6334703013849453, -0.17389260400847836], "world_orientation": [-0.0006415513901547447, 0.1979154748668699, 0.9802188802609524, -0.0007473675733656239, -0.9802189031248754, 0.19791499033265963, 0.9999995149266445, -0.0006056111687277056, 0.0007767764081389101], "world_rotation": [0.0, 1.0, 0.0, 0.0]}, {"color": "CVPurple", "id_name": "object137921147571691", "shape": "CVSphere", "id_string": "ob856", "world_size": [0.1, 0.1, 0.1], "id": 856, "camera_size": [41, 41], "camera_position": [256, 254], "world_position": [0.705, 0.6498037994254439, -0.15], "world_orientation": [1.0, 8.100187187665134e-17, -1.2653630886983698e-17, -8.100187187665134e-17, 1.0, -1.9397816686250694e-16, 1.2653630886983698e-17, 1.9397816686250694e-16, 1.0], "world_rotation": [-0.9211093596285536, 0.06008602943210125, 0.38463907325148433, -2.1059189642881336e-16]}], "source": "action wait"}
{"timestamp": 1706068461.298333, "objects": [{"color": "cv_", "id_name": "hand", "shape": "CVCylinder", "id_string": "ob383", "world_size": [0.12, 0.005, 0.12], "id": 383, "camera_size": [49, 51], "camera_position": [246, 421], "world_position": [0.2909525736183176, 0.6676158488293724, -0.1739561808371193], "world_orientation": [-0.00038392442904926406, 0.196741364361157, 0.9804553473521082, -0.0007155702271004856, -0.9804552226438035, 0.19674105913545412, 0.9999996702805871, -0.0006260509567677945, 0.0005172029743382921], "world_rotation": [0.0, 1.0, 0.0, 0.0]}, {"color": "CVPurple", "id_name": "object137921147571691", "shape": "CVSphere", "id_string": "ob856", "world_size": [0.1, 0.1, 0.1], "id": 856, "camera_size": [41, 41], "camera_position": [256, 254], "world_position": [0.705, 0.6498037994254439, -0.15], "world_orientation": [1.0, 8.100187187665134e-17, -1.2653630886983698e-17, -8.100187187665134e-17, 1.0, -1.9397816686250694e-16, 1.2653630886983698e-17, 1.9397816686250694e-16, 1.0], "world_rotation": [-0.9211093596285536, 0.06008602943210125, 0.38463907325148433, -2.1059189642881336e-16]}], "source": "action wait"}
{"timestamp": 1706068461.335089, "objects": [{"color": "cv_", "id_name": "hand", "shape": "CVCylinder", "id_string": "ob383", "world_size": [0.12, 0.005, 0.12], "id": 383, "camera_size": [51, 52], "camera_position": [246, 406], "world_position": [0.3368881362095877, 0.705476294417972, -0.17398402442846025], "world_orientation": [-0.00022519247740008827, 0.1840373774931689, 0.9829192199635659, -0.0007320532476428939, -0.9829190118511674, 0.1840371708095066, 0.9999997066931524, -0.0006781054207169417, 0.0003560711272443917], "world_rotation": [0.0, 1.0, 0.0, 0.0]}, {"color": "CVPurple", "id_name": "object137921147571691", "shape": "CVSphere", "id_string": "ob856", "world_size": [0.1, 0.1, 0.1], "id": 856, "camera_size": [41, 41], "camera_position": [256, 254], "world_position": [0.705, 0.6498037994254439, -0.15], "world_orientation": [1.0, 8.100187187665134e-17, -1.2653630886983698e-17, -8.100187187665134e-17, 1.0, -1.9397816686250694e-16, 1.2653630886983698e-17, 1.9397816686250694e-16, 1.0], "world_rotation": [-0.9211093596285536, 0.06008602943210125, 0.38463907325148433, -2.1059189642881336e-16]}], "source": "action wait"}
{"timestamp": 1706068461.373049, "objects": [{"color": "cv_", "id_name": "hand", "shape": "CVCylinder", "id_string": "ob383", "world_size": [0.12, 0.005, 0.12], "id": 383, "camera_size": [51, 52], "camera_position": [246, 388], "world_position": [0.38737746723858363, 0.7385755493737229, -0.17400454603899831], "world_orientation": [-0.00012229177522695697, 0.17498986869591446, 0.9845702264940314, -0.0007433294752066018, -0.9845699777567863, 0.17498973215961153, 0.9999997162529664, -0.0007104602647718617, 0.00025047993767967144], "world_rotation": [0.0, 1.0, 0.0, 0.0]}, {"color": "CVPurple", "id_name": "object137921147571691", "shape": "CVSphere", "id_string": "ob856", "world_size": [0.1, 0.1, 0.1], "id": 856, "camera_size": [41, 41], "camera_position": [256, 254], "world_position": [0.705, 0.6498037994254439, -0.15], "world_orientation": [1.0, 8.100187187665134e-17, -1.2653630886983698e-17, -8.100187187665134e-17, 1.0, -1.9397816686250694e-16, 1.2653630886983698e-17, 1.9397816686250694e-16, 1.0], "world_rotation": [-0.9211093596285536, 0.06008602943210125, 0.38463907325148433, -2.1059189642881336e-16]}], "source": "action wait"}
{"timestamp": 1706068461.407856, "objects": [{"color": "cv_", "id_name": "hand", "shape": "CVCylinder", "id_string": "ob383", "world_size": [0.12, 0.005, 0.12], "id": 383, "camera_size": [52, 53], "camera_position": [245, 368], "world_position": [0.44144100196062636, 0.7664719996112577, -0.1740230510419359], "world_orientation": [-4.986633028983338e-05, 0.16859723291471626, 0.9856850260437409, -0.0007507240948718708, -0.9856847558213407, 0.16859714871479217, 0.9999997169633013, -0.0007315701779020016, 0.00017572248667366343], "world_rotation": [0.0, 1.0, 0.0, 0.0]}, {"color": "CVPurple", "id_name": "object137921147571691", "shape": "CVSphere", "id_string": "ob856", "world_size": [0.1, 0.1, 0.1], "id": 856, "camera_size": [41, 41], "camera_position": [256, 254], "world_position": [0.705, 0.6498037994254439, -0.15], "world_orientation": [1.0, 8.100187187665134e-17, -1.2653630886983698e-17, -8.100187187665134e-17, 1.0, -1.9397816686250694e-16, 1.2653630886983698e-17, 1.9397816686250694e-16, 1.0], "world_rotation": [-0.9211093596285536, 0.06008602943210125, 0.38463907325148433, -2.1059189642881336e-16]}], "source": "action wait"}
{"timestamp": 1706068461.436154, "objects": [{"color": "cv_", "id_name": "hand", "shape": "CVCylinder", "id_string": "ob383", "world_size": [0.12, 0.005, 0.12], "id": 383, "camera_size": [52, 53], "camera_position": [245, 344], "world_position": [0.4986355603739024, 0.780577333679172, -0.17403825218440272], "world_orientation": [-6.891188322952421e-06, 0.15223784302238175, 0.9883438870678587, -0.0007644391510776289, -0.9883435991153741, 0.15223779333809712, 0.9999997077926054, -0.0007544796626994786, 0.00012318742935162283], "world_rotation": [0.0, 1.0, 0.0, 0.0]}, {"color": "CVPurple", "id_name": "object137921147571691", "shape": "CVSphere", "id_string": "ob856", "world_size": [0.1, 0.1, 0.1], "id": 856, "camera_size": [41, 41], "camera_position": [256, 254], "world_position": [0.705, 0.6498037994254439, -0.15], "world_orientation": [1.0, 8.100187187665134e-17, -1.2653630886983698e-17, -8.100187187665134e-17, 1.0, -1.9397816686250694e-16, 1.2653630886983698e-17, 1.9397816686250694e-16, 1.0], "world_rotation": [-0.9211093596285536, 0.06008602943210125, 0.38463907325148433, -2.1059189642881336e-16]}], "source": "action wait"}
{"timestamp": 1706068461.465843, "objects": [{"color": "cv_", "id_name": "hand", "shape": "CVCylinder", "id_string": "ob383", "world_size": [0.12, 0.005, 0.12], "id": 383, "camera_size": [52, 53], "camera_position": [245, 318], "world_position": [0.5572683603810861, 0.77153121663104, -0.17405011679438642], "world_orientation": [-8.647082954320886e-07, 0.11272644165990257, 0.9936260611265935, -0.0007770226647260826, -0.9936257612447278, 0.11272640696222846, 0.9999996981174698, -0.0007719724942989803, 8.84501965223732e-05], "world_rotation": [0.0, 1.0, 0.0, 0.0]}, {"color": "CVPurple", "id_name": "object137921147571691", "shape": "CVSphere", "id_string": "ob856", "world_size": [0.1, 0.1, 0.1], "id": 856, "camera_size": [41, 41], "camera_position": [256, 254], "world_position": [0.705, 0.6498037994254439, -0.15], "world_orientation": [1.0, 8.100187187665134e-17, -1.2653630886983698e-17, -8.100187187665134e-17, 1.0, -1.9397816686250694e-16, 1.2653630886983698e-17, 1.9397816686250694e-16, 1.0], "world_rotation": [-0.9211093596285536, 0.06008602943210125, 0.38463907325148433, -2.1059189642881336e-16]}], "source": "action wait"}
{"timestamp": 1706068461.495817, "objects": [{"color": "cv_", "id_name": "hand", "shape": "CVCylinder", "id_string": "ob383", "world_size": [0.12, 0.005, 0.12], "id": 383, "camera_size": [52, 52], "camera_position": [245, 297], "world_position": [0.6025449280856054, 0.7575386485838737, -0.17405574599270224], "world_orientation": [-1.559178889158356e-05, 0.07904635151434089, 0.996870941531133, -0.0007751657512232905, -0.9968706431067577, 0.07904631572678106, 0.9999996994374319, -0.000771507738797509, 7.681702107300397e-05], "world_rotation": [0.0, 1.0, 0.0, 0.0]}, {"color": "CVPurple", "id_name": "object137921147571691", "shape": "CVSphere", "id_string": "ob856", "world_size": [0.1, 0.1, 0.1], "id": 856, "camera_size": [41, 41], "camera_position": [256, 254], "world_position": [0.705, 0.6498037994254439, -0.15], "world_orientation": [1.0, 8.100187187665134e-17, -1.2653630886983698e-17, -8.100187187665134e-17, 1.0, -1.9397816686250694e-16, 1.2653630886983698e-17, 1.9397816686250694e-16, 1.0], "world_rotation": [-0.9211093596285536, 0.06008602943210125, 0.38463907325148433, -2.1059189642881336e-16]}], "source": "action wait"}
{"timestamp": 1706068461.528045, "objects": [{"color": "cv_", "id_name": "hand", "shape": "CVCylinder", "id_string": "ob383", "world_size": [0.12, 0.005, 0.12], "id": 383, "camera_size": [51, 51], "camera_position": [246, 284], "world_position": [0.634302533542258, 0.745212637418789, -0.17406343790361165], "world_orientation": [-2.2146058851043485e-05, 0.055245164539923085, 0.9984728195121333, -0.0007712727151638478, -0.9984725237239916, 0.05524513106728923, 0.9999997023239312, -0.0007688713805989229, 6.472131932630526e-05], "world_rotation": [0.0, 1.0, 0.0, 0.0]}, {"color": "CVPurple", "id_name": "object137921147571691", "shape": "CVSphere", "id_string": "ob856", "world_size": [0.1, 0.1, 0.1], "id": 856, "camera_size": [41, 41], "camera_position": [256, 254], "world_position": [0.705, 0.6498037994254439, -0.15], "world_orientation": [1.0, 8.100187187665134e-17, -1.2653630886983698e-17, -8.100187187665134e-17, 1.0, -1.9397816686250694e-16, 1.2653630886983698e-17, 1.9397816686250694e-16, 1.0], "world_rotation": [-0.9211093596285536, 0.06008602943210125, 0.38463907325148433, -2.1059189642881336e-16]}], "source": "action wait"}
{"timestamp": 1706068461.562131, "objects": [{"color": "cv_", "id_name": "hand", "shape": "CVCylinder", "id_string": "ob383", "world_size": [0.12, 0.005, 0.12], "id": 383, "camera_size": [51, 51], "camera_position": [246, 274], "world_position": [0.6565146449698201, 0.7353329174939143, -0.1740713210140233], "world_orientation": [-2.3692109371957335e-05, 0.03844923277242504, 0.9992605545791827, -0.0007677772369051478, -0.9992602610359933, 0.038449203273840125, 0.9999997049783559, -0.0007662985648142302, 5.319502909502879e-05], "world_rotation": [0.0, 1.0, 0.0, 0.0]}, {"color": "CVPurple", "id_name": "object137921147571691", "shape": "CVSphere", "id_string": "ob856", "world_size": [0.1, 0.1, 0.1], "id": 856, "camera_size": [41, 41], "camera_position": [256, 254], "world_position": [0.705, 0.6498037994254439, -0.15], "world_orientation": [1.0, 8.100187187665134e-17, -1.2653630886983698e-17, -8.100187187665134e-17, 1.0, -1.9397816686250694e-16, 1.2653630886983698e-17, 1.9397816686250694e-16, 1.0], "world_rotation": [-0.9211093596285536, 0.06008602943210125, 0.38463907325148433, -2.1059189642881336e-16]}], "source": "action wait"}
{"timestamp": 1706068461.598931, "objects": [{"color": "cv_", "id_name": "hand", "shape": "CVCylinder", "id_string": "ob383", "world_size": [0.12, 0.005, 0.12], "id": 383, "camera_size": [51, 51], "camera_position": [246, 268], "world_position": [0.6720506152114855, 0.7278002979494458, -0.17407843270645867], "world_orientation": [-2.265819152484518e-05, 0.026604528133977113, 0.9996460366396573, -0.0007652757525869368, -0.9996457446376964, 0.026604503016747976, 0.9999997069197716, -0.0007644020630855387, 4.300996502932084e-05], "world_rotation": [0.0, 1.0, 0.0, 0.0]}, {"color": "CVPurple", "id_name": "object137921147571691", "shape": "CVSphere", "id_string": "ob856", "world_size": [0.1, 0.1, 0.1], "id": 856, "camera_size": [41, 41], "camera_position": [256, 254], "world_position": [0.705, 0.6498037994254439, -0.15], "world_orientation": [1.0, 8.100187187665134e-17, -1.2653630886983698e-17, -8.100187187665134e-17, 1.0, -1.9397816686250694e-16, 1.2653630886983698e-17, 1.9397816686250694e-16, 1.0], "world_rotation": [-0.9211093596285536, 0.06008602943210125, 0.38463907325148433, -2.1059189642881336e-16]}], "source": "action wait"}
{"timestamp": 1706068461.633588, "objects": [{"color": "cv_", "id_name": "hand", "shape": "CVCylinder", "id_string": "ob383", "world_size": [0.12, 0.005, 0.12], "id": 383, "camera_size": [51, 51], "camera_position": [246, 263], "world_position": [0.6829276730261232, 0.7222235943179545, -0.17408444302365642], "world_orientation": [-2.0459372768834303e-05, 0.018254147567208792, 0.9998333789577186, -0.0007637080177164049, -0.9998330878757773, 0.018254126625280063, 0.9999997081656964, -0.0007632072999096533, 3.4396796705491795e-05], "world_rotation": [0.0, 1.0, 0.0, 0.0]}, {"color": "CVPurple", "id_name": "object137921147571691", "shape": "CVSphere", "id_string": "ob856", "world_size": [0.1, 0.1, 0.1], "id": 856, "camera_size": [41, 41], "camera_position": [256, 254], "world_position": [0.705, 0.6498037994254439, -0.15], "world_orientation": [1.0, 8.100187187665134e-17, -1.2653630886983698e-17, -8.100187187665134e-17, 1.0, -1.9397816686250694e-16, 1.2653630886983698e-17, 1.9397816686250694e-16, 1.0], "world_rotation": [-0.9211093596285536, 0.06008602943210125, 0.38463907325148433, -2.1059189642881336e-16]}], "source": "action wait"}
{"timestamp": 1706068461.666528, "objects": [{"color": "cv_", "id_name": "hand", "shape": "CVCylinder", "id_string": "ob383", "world_size": [0.12, 0.005, 0.12], "id": 383, "camera_size": [51, 51], "camera_position": [246, 260], "world_position": [0.6905521401261762, 0.7181698222294386, -0.17408932908894442], "world_orientation": [-1.7890421201287478e-05, 0.012368079997359463, 0.9999235122133652, -0.0007628364291545428, -0.9999232216046829, 0.012368062754304519, 0.9999997088802153, -0.0007625568116327534, 2.7323869584507963e-05], "world_rotation": [0.0, 1.0, 0.0, 0.0]}, {"color": "CVPurple", "id_name": "object137921147571691", "shape": "CVSphere", "id_string": "ob856", "world_size": [0.1, 0.1, 0.1], "id": 856, "camera_size": [41, 41], "camera_position": [256, 254], "world_position": [0.705, 0.6498037994254439, -0.15], "world_orientation": [1.0, 8.100187187665134e-17, -1.2653630886983698e-17, -8.100187187665134e-17, 1.0, -1.9397816686250694e-16, 1.2653630886983698e-17, 1.9397816686250694e-16, 1.0], "world_rotation": [-0.9211093596285536, 0.06008602943210125, 0.38463907325148433, -2.1059189642881336e-16]}], "source": "action wait"}
{"timestamp": 1706068461.69965, "objects": [{"color": "cv_", "id_name": "hand", "shape": "CVCylinder", "id_string": "ob383", "world_size": [0.12, 0.005, 0.12], "id": 383, "camera_size": [50, 50], "camera_position": [245, 257], "world_position": [0.6959027433224674, 0.715257599237023, -0.17409320231833192], "world_orientation": [-1.539579399428969e-05, 0.008219308485649791, 0.9999662207949764, -0.0007624248208912362, -0.9999659303739387, 0.008219294359977413, 0.9999997092356387, -0.0007622725242244927, 2.1661874265733767e-05], "world_rotation": [0.0, 1.0, 0.0, 0.0]}, {"color": "CVPurple", "id_name": "object137921147571691", "shape": "CVSphere", "id_string": "ob856", "world_size": [0.1, 0.1, 0.1], "id": 856, "camera_size": [41, 41], "camera_position": [256, 254], "world_position": [0.705, 0.6498037994254439, -0.15], "world_orientation": [1.0, 8.100187187665134e-17, -1.2653630886983698e-17, -8.100187187665134e-17, 1.0, -1.9397816686250694e-16, 1.2653630886983698e-17, 1.9397816686250694e-16, 1.0], "world_rotation": [-0.9211093596285536, 0.06008602943210125, 0.38463907325148433, -2.1059189642881336e-16]}], "source": "action wait"}
{"timestamp": 1706068461.731875, "objects": [{"color": "cv_", "id_name": "hand", "shape": "CVCylinder", "id_string": "ob383", "world_size": [0.12, 0.005, 0.12], "id": 383, "camera_size": [50, 50], "camera_position": [245, 256], "world_position": [0.6996612705017716, 0.7131815582441609, -0.17409621987457866], "world_orientation": [-1.3154376441200455e-05, 0.005295097980945361, 0.9999859807838982, -0.0007622900472700644, -0.9999856903844848, 0.0052950864156400095, 0.9999997093703809, -0.0007622097070015309, 1.7190588697692214e-05], "world_rotation": [0.0, 1.0, 0.0, 0.0]}, {"color": "CVPurple", "id_name": "object137921147571691", "shape": "CVSphere", "id_string": "ob856", "world_size": [0.1, 0.1, 0.1], "id": 856, "camera_size": [41, 41], "camera_position": [256, 254], "world_position": [0.705, 0.6498037994254439, -0.15], "world_orientation": [1.0, 8.100187187665134e-17, -1.2653630886983698e-17, -8.100187187665134e-17, 1.0, -1.9397816686250694e-16, 1.2653630886983698e-17, 1.9397816686250694e-16, 1.0], "world_rotation": [-0.9211093596285536, 0.06008602943210125, 0.38463907325148433, -2.1059189642881336e-16]}], "source": "action wait"}
{"timestamp": 1706068461.763895, "objects": [{"color": "cv_", "id_name": "hand", "shape": "CVCylinder", "id_string": "ob383", "world_size": [0.12, 0.005, 0.12], "id": 383, "camera_size": [49, 50], "camera_position": [246, 255], "world_position": [0.7023035266631773, 0.7117091388378023, -0.1740985417130148], "world_orientation": [-1.124636461532717e-05, 0.0032339821640004966, 0.999994770602768, -0.000762306884542996, -0.9999944801393175, 0.003233972651416317, 0.9999997093808243, -0.0007622665277022514, 1.3711589405433444e-05], "world_rotation": [0.0, 1.0, 0.0, 0.0]}, {"color": "CVPurple", "id_name": "object137921147571691", "shape": "CVSphere", "id_string": "ob856", "world_size": [0.1, 0.1, 0.1], "id": 856, "camera_size": [41, 41], "camera_position": [256, 254], "world_position": [0.705, 0.6498037994254439, -0.15], "world_orientation": [1.0, 8.100187187665134e-17, -1.2653630886983698e-17, -8.100187187665134e-17, 1.0, -1.9397816686250694e-16, 1.2653630886983698e-17, 1.9397816686250694e-16, 1.0], "world_rotation": [-0.9211093596285536, 0.06008602943210125, 0.38463907325148433, -2.1059189642881336e-16]}], "source": "action wait"}
{"timestamp": 1706068461.796117, "objects": [{"color": "cv_", "id_name": "hand", "shape": "CVCylinder", "id_string": "ob383", "world_size": [0.12, 0.005, 0.12], "id": 383, "camera_size": [49, 50], "camera_position": [246, 254], "world_position": [0.7041622023281927, 0.7106683440503673, -0.17410031179382482], "world_orientation": [-9.675001178647649e-06, 0.0017811831813416585, 0.9999984136451762, -0.0007623961642516165, -0.9999981230815805, 0.001781175287598733, 0.9999997093291993, -0.0007623777219481485, 1.1032950245109525e-05], "world_rotation": [0.0, 1.0, 0.0, 0.0]}, {"color": "CVPurple", "id_name": "object137921147571691", "shape": "CVSphere", "id_string": "ob856", "world_size": [0.1, 0.1, 0.1], "id": 856, "camera_size": [41, 41], "camera_position": [256, 254], "world_position": [0.705, 0.6498037994254439, -0.15], "world_orientation": [1.0, 8.100187187665134e-17, -1.2653630886983698e-17, -8.100187187665134e-17, 1.0, -1.9397816686250694e-16, 1.2653630886983698e-17, 1.9397816686250694e-16, 1.0], "world_rotation": [-0.9211093596285536, 0.06008602943210125, 0.38463907325148433, -2.1059189642881336e-16]}], "source": "action wait"}
{"timestamp": 1706068461.829569, "objects": [{"color": "cv_", "id_name": "hand", "shape": "CVCylinder", "id_string": "ob383", "world_size": [0.12, 0.005, 0.12], "id": 383, "camera_size": [49, 50], "camera_position": [246, 253], "world_position": [0.7054703164955708, 0.7099342637622342, -0.1741016517175278], "world_orientation": [-8.410842662295587e-06, 0.0007571357634624559, 0.9999997133373058, -0.0007625113413480279, -0.9999994226658008, 0.0007571291300202134, 0.9999997092528138, -0.0007625047546708635, 8.988162413373712e-06], "world_rotation": [0.0, 1.0, 0.0, 0.0]}, {"color": "CVPurple", "id_name": "object137921147571691", "shape": "CVSphere", "id_string": "ob856", "world_size": [0.1, 0.1, 0.1], "id": 856, "camera_size": [41, 41], "camera_position": [256, 254], "world_position": [0.705, 0.6498037994254439, -0.15], "world_orientation": [1.0, 8.100187187665134e-17, -1.2653630886983698e-17, -8.100187187665134e-17, 1.0, -1.9397816686250694e-16, 1.2653630886983698e-17, 1.9397816686250694e-16, 1.0], "world_rotation": [-0.9211093596285536, 0.06008602943210125, 0.38463907325148433, -2.1059189642881336e-16]}], "source": "action wait"}
{"timestamp": 1706068461.864096, "objects": [{"color": "cv_", "id_name": "hand", "shape": "CVCylinder", "id_string": "ob383", "world_size": [0.12, 0.005, 0.12], "id": 383, "camera_size": [49, 50], "camera_position": [246, 253], "world_position": [0.7063913072159527, 0.7094172395071414, -0.17410266038339], "world_orientation": [-7.411356159303328e-06, 3.528630082389746e-05, 0.9999999993499744, -0.0007626271780702451, -0.9999997085774894, 3.5280638462335986e-05, 0.9999997091723873, -0.0007626269160975268, 7.43826429185373e-06], "world_rotation": [0.0, 1.0, 0.0, 0.0]}, {"color": "CVPurple", "id_name": "object137921147571691", "shape": "CVSphere", "id_string": "ob856", "world_size": [0.1, 0.1, 0.1], "id": 856, "camera_size": [41, 41], "camera_position": [256, 254], "world_position": [0.705, 0.6498037994254439, -0.15], "world_orientation": [1.0, 8.100187187665134e-17, -1.2653630886983698e-17, -8.100187187665134e-17, 1.0, -1.9397816686250694e-16, 1.2653630886983698e-17, 1.9397816686250694e-16, 1.0], "world_rotation": [-0.9211093596285536, 0.06008602943210125, 0.38463907325148433, -2.1059189642881336e-16]}], "source": "action wait"}
{"timestamp": 1706068461.897645, "objects": [{"color": "cv_", "id_name": "hand", "shape": "CVCylinder", "id_string": "ob383", "world_size": [0.12, 0.005, 0.12], "id": 383, "camera_size": [49, 49], "camera_position": [246, 253], "world_position": [0.7070399373957876, 0.7090534070132797, -0.17410341627507414], "world_orientation": [-6.631488617870997e-06, -0.0004735582312611096, 0.9999998878493063, -0.0007627315248832936, -0.9999995969892, -0.0004735631515675233, 0.99999970909828, -0.0007627345797714635, 6.27028815382294e-06], "world_rotation": [0.0, 1.0, 0.0, 0.0]}, {"color": "CVPurple", "id_name": "object137921147571691", "shape": "CVSphere", "id_string": "ob856", "world_size": [0.1, 0.1, 0.1], "id": 856, "camera_size": [41, 41], "camera_position": [256, 254], "world_position": [0.705, 0.6498037994254439, -0.15], "world_orientation": [1.0, 8.100187187665134e-17, -1.2653630886983698e-17, -8.100187187665134e-17, 1.0, -1.9397816686250694e-16, 1.2653630886983698e-17, 1.9397816686250694e-16, 1.0], "world_rotation": [-0.9211093596285536, 0.06008602943210125, 0.38463907325148433, -2.1059189642881336e-16]}], "source": "action wait"}
{"timestamp": 1706068461.931891, "objects": [{"color": "cv_", "id_name": "hand", "shape": "CVCylinder", "id_string": "ob383", "world_size": [0.12, 0.005, 0.12], "id": 383, "camera_size": [49, 50], "camera_position": [246, 252], "world_position": [0.7074968618743791, 0.7087975044403605, -0.17410398063117546], "world_orientation": [-6.029158944265412e-06, -0.0008322612041516845, 0.9999996536524087, -0.0007628198067913496, -0.9999993627197861, -0.0008322655611827368, 0.9999997090347534, -0.0007628245604522889, 5.394289771414926e-06], "world_rotation": [0.0, 1.0, 0.0, 0.0]}, {"color": "CVPurple", "id_name": "object137921147571691", "shape": "CVSphere", "id_string": "ob856", "world_size": [0.1, 0.1, 0.1], "id": 856, "camera_size": [41, 41], "camera_position": [256, 254], "world_position": [0.705, 0.6498037994254439, -0.15], "world_orientation": [1.0, 8.100187187665134e-17, -1.2653630886983698e-17, -8.100187187665134e-17, 1.0, -1.9397816686250694e-16, 1.2653630886983698e-17, 1.9397816686250694e-16, 1.0], "world_rotation": [-0.9211093596285536, 0.06008602943210125, 0.38463907325148433, -2.1059189642881336e-16]}], "source": "action wait"}
{"timestamp": 1706068461.964532, "objects": [{"color": "cv_", "id_name": "hand", "shape": "CVCylinder", "id_string": "ob383", "world_size": [0.12, 0.005, 0.12], "id": 383, "camera_size": [49, 50], "camera_position": [246, 252], "world_position": [0.7078188030934768, 0.7086175600905154, -0.1741044006574524], "world_orientation": [-5.567773991056101e-06, -0.0010851301663658609, 0.9999994112305878, -0.0007628915296207312, -0.9999991202398645, -0.0010851340982125969, 0.9999997089827146, -0.0007628971222353286, 4.739932480658025e-06], "world_rotation": [0.0, 1.0, 0.0, 0.0]}, {"color": "CVPurple", "id_name": "object137921147571691", "shape": "CVSphere", "id_string": "ob856", "world_size": [0.1, 0.1, 0.1], "id": 856, "camera_size": [41, 41], "camera_position": [256, 254], "world_position": [0.705, 0.6498037994254439, -0.15], "world_orientation": [1.0, 8.100187187665134e-17, -1.2653630886983698e-17, -8.100187187665134e-17, 1.0, -1.9397816686250694e-16, 1.2653630886983698e-17, 1.9397816686250694e-16, 1.0], "world_rotation": [-0.9211093596285536, 0.06008602943210125, 0.38463907325148433, -2.1059189642881336e-16]}], "source": "action wait"}
{"timestamp": 1706068463.02325, "objects": [{"color": "cv_", "id_name": "hand", "shape": "CVCylinder", "id_string": "ob383", "world_size": [0.12, 0.005, 0.12], "id": 383, "camera_size": [49, 50], "camera_position": [246, 252], "world_position": [0.7085876545492955, 0.7081910602184415, -0.17410558561471154], "world_orientation": [-4.174037790962864e-06, -0.001689432088648546, 0.9999985728998794, -0.0007631195438386943, -0.9999982817278633, -0.001689434782026478, 0.9999997088155272, -0.0007631255065556911, 2.8847919743577607e-06], "world_rotation": [0.0, 1.0, 0.0, 0.0]}, {"color": "CVPurple", "id_name": "object137921147571691", "shape": "CVSphere", "id_string": "ob856", "world_size": [0.1, 0.1, 0.1], "id": 856, "camera_size": [41, 41], "camera_position": [256, 254], "world_position": [0.705, 0.6498037994254439, -0.15], "world_orientation": [1.0, 8.100187187665134e-17, -1.2653630886983698e-17, -8.100187187665134e-17, 1.0, -1.9397816686250694e-16, 1.2653630886983698e-17, 1.9397816686250694e-16, 1.0], "world_rotation": [-0.9211093596285536, 0.06008602943210125, 0.38463907325148433, -2.1059189642881336e-16]}], "source": "action wait"}
{"timestamp": 1706068463.052743, "objects": [{"color": "cv_", "id_name": "hand", "shape": "CVCylinder", "id_string": "ob383", "world_size": [0.12, 0.005, 0.12], "id": 383, "camera_size": [51, 51], "camera_position": [246, 251], "world_position": [0.7112116637402229, 0.7302533219208761, -0.1740937409228492], "world_orientation": [1.6524072323014002e-05, 0.030574785689765557, 0.9995324818168642, -0.0007432722180375845, -0.9995322054801148, 0.030574789524505736, 0.9999997236366444, -0.0007434299447943606, 6.209046323449344e-06], "world_rotation": [0.0, 1.0, 0.0, 0.0]}, {"color": "CVPurple", "id_name": "object137921147571691", "shape": "CVSphere", "id_string": "ob856", "world_size": [0.1, 0.1, 0.1], "id": 856, "camera_size": [42, 44], "camera_position": [252, 251], "world_position": [0.7105023999581978, 0.6748534908218122, -0.15866242186955462], "world_orientation": [0.999489722883324, -0.031942038677740286, -3.965600645544237e-06, 0.03194203878711677, 0.9994897223900385, 3.1540547884056265e-05, 2.9561076878951647e-06, -3.165112283385779e-05, 0.999999999494734], "world_rotation": [0.0009891610232164996, 0.00010834788857022799, -0.99999950491048, -0.03194748876095188]}], "source": "action wait"}
{"timestamp": 1706068463.086019, "objects": [{"color": "cv_", "id_name": "hand", "shape": "CVCylinder", "id_string": "ob383", "world_size": [0.12, 0.005, 0.12], "id": 383, "camera_size": [52, 52], "camera_position": [245, 249], "world_position": [0.7149153940352706, 0.7830474645251823, -0.1741082375586227], "world_orientation": [7.614705660755603e-05, 0.10655448640852554, 0.9943068619032261, -0.0007258147989325578, -0.994306596992779, 0.1065545136046209, 0.9999997336972164, -0.0007297964476291318, 1.625302401876234e-06], "world_rotation": [0.0, 1.0, 0.0, 0.0]}, {"color": "CVPurple", "id_name": "object137921147571691", "shape": "CVSphere", "id_string": "ob856", "world_size": [0.1, 0.1, 0.1], "id": 856, "camera_size": [44, 48], "camera_position": [249, 247], "world_position": [0.7188312103808164, 0.7296354818147238, -0.16423097785379898], "world_orientation": [0.9941823535235608, -0.1077100177690833, -3.812835637293577e-06, 0.10771001781983248, 0.9941823521221452, 5.2821682930916904e-05, -1.8987705049422923e-06, -5.292506564777124e-05, 0.9999999985976661], "world_rotation": [0.0004908862610878387, 8.885268709698022e-06, -0.999999879475858, -0.10791939106166443]}], "source": "action wait"}
{"timestamp": 1706068463.11427, "objects": [{"color": "cv_", "id_name": "hand", "shape": "CVCylinder", "id_string": "ob383", "world_size": [0.12, 0.005, 0.12], "id": 383, "camera_size": [56, 55], "camera_position": [244, 250], "world_position": [0.7136009318437574, 0.8531005999855378, -0.17411344556604147], "world_orientation": [0.00015098258371220468, 0.20571521530994236, 0.9786118880303077, -0.0007192800839089096, -0.9786116236947372, 0.20571527071588813, 0.9999997299201738, -0.000734955464018734, 2.135459336975871e-07], "world_rotation": [0.0, 1.0, 0.0, 0.0]}, {"color": "CVPurple", "id_name": "object137921147571691", "shape": "CVSphere", "id_string": "ob856", "world_size": [0.1, 0.1, 0.1], "id": 856, "camera_size": [46, 54], "camera_position": [247, 245], "world_position": [0.7230465840653999, 0.8014481890845666, -0.16779120783322798], "world_orientation": [0.9783993684698462, -0.20672366995901648, -7.515431389895407e-06, 0.2067236700669225, 0.9783993670815665, 5.223458943038485e-05, -3.4450327106330016e-06, -5.265990687002557e-05, 0.999999998607533], "world_rotation": [0.000253707020857507, 9.845022942485454e-06, -0.999999967767911, -0.20822511159191237]}], "source": "action wait"}
{"timestamp": 1706068463.147628, "objects": [{"color": "cv_", "id_name": "hand", "shape": "CVCylinder", "id_string": "ob383", "world_size": [0.12, 0.005, 0.12], "id": 383, "camera_size": [59, 57], "camera_position": [244, 254], "world_position": [0.7048190495695108, 0.9226785672690959, -0.17411469687545195], "world_orientation": [0.00022603567705360255, 0.30283476417610933, 0.9530430496647424, -0.0007089161391313684, -0.9530427860031911, 0.3028348485316439, 0.999999723172852, -0.0007440790792178271, -7.37219580352429e-07], "world_rotation": [0.0, 1.0, 0.0, 0.0]}, {"color": "CVPurple", "id_name": "object137921147571691", "shape": "CVSphere", "id_string": "ob856", "world_size": [0.1, 0.1, 0.1], "id": 856, "camera_size": [49, 62], "camera_position": [246, 246], "world_position": [0.7195219028628583, 0.872938809435309, -0.17006778618401905], "world_orientation": [0.9527560570089342, -0.3037365564660126, -9.947729126240263e-06, 0.303736556596498, 0.9527560559177953, 4.581341825906859e-05, -4.4374507342913875e-06, -4.667050072937021e-05, 0.9999999989010867], "world_rotation": [0.00015224363996388962, 9.070818459904742e-06, -0.9999999883697972, -0.3086120588243923]}], "source": "action wait"}
{"timestamp": 1706068463.182992, "objects": [{"color": "cv_", "id_name": "hand", "shape": "CVCylinder", "id_string": "ob383", "world_size": [0.12, 0.005, 0.12], "id": 383, "camera_size": [62, 59], "camera_position": [243, 262], "world_position": [0.6888362035502673, 0.9909466918946831, -0.17411509146192847], "world_orientation": [0.00029983648555275045, 0.3968939865366915, 0.9178644091308337, -0.0006878581062951499, -0.9178641513890663, 0.39689409978740564, 0.9999997184746141, -0.0007503638063175232, -2.2024153878256215e-06], "world_rotation": [0.0, 1.0, 0.0, 0.0]}, {"color": "CVPurple", "id_name": "object137921147571691", "shape": "CVSphere", "id_string": "ob856", "world_size": [0.1, 0.1, 0.1], "id": 856, "camera_size": [52, 68], "camera_position": [244, 251], "world_position": [0.7085326270679598, 0.9433833962328215, -0.17152429638266306], "world_orientation": [0.9175098844394135, -0.39771297668676286, -1.1442401615223969e-05, 0.39771297680753537, 0.9175098835314407, 4.124331536198501e-05, -5.904485147741829e-06, -4.2391941119891234e-05, 0.9999999990840303], "world_rotation": [0.00010514524406718776, 6.962202342540661e-06, -0.9999999944480028, -0.40902285625684487]}], "source": "action wait"}
{"timestamp": 1706068463.214986, "objects": [{"color": "cv_", "id_name": "hand", "shape": "CVCylinder", "id_string": "ob383", "world_size": [0.12, 0.005, 0.12], "id": 383, "camera_size": [66, 59], "camera_position": [242, 275], "world_position": [0.6659169865025043, 1.0572181191711276, -0.1741153125534674], "world_orientation": [0.00037117399422816446, 0.48694736613090384, 0.8734312364737373, -0.0006573902253904373, -0.8734309890900271, 0.4869475075768523, 0.9999997150339384, -0.0007549274087754089, -4.08043012863097e-06], "world_rotation": [0.0, 1.0, 0.0, 0.0]}, {"color": "CVPurple", "id_name": "object137921147571691", "shape": "CVSphere", "id_string": "ob856", "world_size": [0.1, 0.1, 0.1], "id": 856, "camera_size": [55, 75], "camera_position": [244, 261], "world_position": [0.6903345766759246, 1.0121586649339471, -0.1724563841223189], "world_orientation": [0.8730132177726212, -0.48769654647450467, -1.2293713784030973e-05, 0.4876965465675981, 0.8730132169830503, 3.7933418372648995e-05, -7.767422517047698e-06, -3.911197739158374e-05, 0.9999999992049602], "world_rotation": [7.898907227521641e-05, 4.6404790900224074e-06, -0.9999999968695962, -0.5094492949207792]}], "source": "action wait"}
{"timestamp": 1706068463.249114, "objects": [{"color": "cv_", "id_name": "hand", "shape": "CVCylinder", "id_string": "ob383", "world_size": [0.12, 0.005, 0.12], "id": 383, "camera_size": [71, 60], "camera_position": [242, 289], "world_position": [0.6420378475750889, 1.108564100419336, -0.1741145103587226], "world_orientation": [0.00043305310368057766, 0.5559566726312904, 0.8312111588650344, -0.0006365203974700292, -0.8312109151716622, 0.5559568412577289, 0.9999997036533528, -0.0007698416928415002, -6.0807043883651655e-06], "world_rotation": [0.0, 1.0, 0.0, 0.0]}, {"color": "CVPurple", "id_name": "object137921147571691", "shape": "CVSphere", "id_string": "ob856", "world_size": [0.1, 0.1, 0.1], "id": 856, "camera_size": [58, 80], "camera_position": [242, 273], "world_position": [0.6700041128463249, 1.0659260598739635, -0.17305253063791173], "world_orientation": [0.8307462648150815, -0.5566512763496412, -5.8400482908427635e-06, 0.5566512762951645, 0.8307462644588766, 2.6202802596963574e-05, -9.734225207660392e-06, -2.5018750719837423e-05, 0.9999999996396536], "world_rotation": [-4.600865518595184e-05, 3.497860400500346e-06, 0.9999999989354845, 0.5903493485946392]}], "source": "action wait"}
{"timestamp": 1706068463.281046, "objects": [{"color": "cv_", "id_name": "hand", "shape": "CVCylinder", "id_string": "ob383", "world_size": [0.12, 0.005, 0.12], "id": 383, "camera_size": [73, 62], "camera_position": [241, 302], "world_position": [0.6223139738119718, 1.1432769793279594, -0.1741153118114304], "world_orientation": [0.0004763878130643783, 0.6024838616534564, 0.7981309225320053, -0.0006150131286184169, -0.7981306856363979, 0.6024840499170295, 0.9999996974067059, -0.0007778770546597394, -9.684247171803608e-06], "world_rotation": [0.0, 1.0, 0.0, 0.0]}, {"color": "CVPurple", "id_name": "object137921147571691", "shape": "CVSphere", "id_string": "ob856", "world_size": [0.1, 0.1, 0.1], "id": 856, "camera_size": [60, 84], "camera_position": [241, 284], "world_position": [0.6526149246903362, 1.1025928621595722, -0.17343527210119883], "world_orientation": [0.7976356952608287, -0.6031395341426156, 5.731829719234091e-08, 0.6031395339957598, 0.7976356950687061, 2.1991817443487256e-05, -1.3309853647635514e-05, -1.7506887665527157e-05, 0.9999999997581783], "world_rotation": [-3.274425141635907e-05, 1.1081326278396228e-05, 0.999999999402509, 0.6474313294287225]}], "source": "action wait"}
{"timestamp": 1706068463.31141, "objects": [{"color": "cv_", "id_name": "hand", "shape": "CVCylinder", "id_string": "ob383", "world_size": [0.12, 0.005, 0.12], "id": 383, "camera_size": [75, 62], "camera_position": [241, 312], "world_position": [0.6070752742753234, 1.166913729901121, -0.1741168587951109], "world_orientation": [0.0005053482783885135, 0.6341284135560005, 0.7732275859952664, -0.0005950879975271192, -0.7732273571166193, 0.6341286147752078, 0.99999969524665, -0.0007805942595362535, -1.3386905923192535e-05], "world_rotation": [0.0, 1.0, 0.0, 0.0]}, {"color": "CVPurple", "id_name": "object137921147571691", "shape": "CVSphere", "id_string": "ob856", "world_size": [0.1, 0.1, 0.1], "id": 856, "camera_size": [62, 87], "camera_position": [241, 294], "world_position": [0.6389326120872506, 1.1277137141416596, -0.17368112262377716], "world_orientation": [0.772712123446472, -0.6347566260121877, 3.531003812761195e-06, 0.6347566257945476, 0.7727121233065407, 2.247261043298234e-05, -1.699308782968835e-05, -1.5123530461199144e-05, 0.999999999741257], "world_rotation": [-2.9614610811880948e-05, 1.616689829866525e-05, 0.9999999994308032, 0.6876935188541248]}], "source": "action wait"}
