{"timestamp": 1706068674.243687, "objects": [{"color": "cv_", "id_name": "hand", "shape": "CVCylinder", "id_string": "ob383", "world_size": [0.12, 0.005, 0.12], "id": 383, "camera_size": [48, 50], "camera_position": [246, 426], "world_position": [0.2676445155400089, 0.633470301384951, -0.17389260400847822], "world_orientation": [-0.0006415509392189027, 0.19791547486687794, 0.9802188802612459, -0.0007473674823172779, -0.9802189031248738, 0.19791499033301133, 0.9999995149270019, -0.0006056111687273532, 0.0007767759481032022], "world_rotation": [0.0, 1.0, 0.0, 0.0]}, {"color": "CVBlue", "id_name": "object161828951364691", "shape": "CVCylinder", "id_string": "ob905", "world_size": [0.11, 0.11, 0.11], "id": 905, "camera_size": [45, 45], "camera_position": [256, 254], "world_position": [0.705, 0.654738849708696, -0.15], "world_orientation": [1.0, -5.1619362862653347e-17, 1.4541359828532488e-17, 5.1619362862653347e-17, 1.0, 2.3824321321224633e-17, -1.4541359828532488e-17, -2.3824321321224633e-17, 1.0], "world_rotation": [-0.4059884517598224, 0.2477982093873522, 0.8796416454796148, 5.868226354211375e-17]}], "source": "manual check"}
{"timestamp": 1706068675.253357, "objects": [{"color": "cv_", "id_name": "hand", "shape": "CVCylinder", "id_string": "ob383", "world_size": [0.12, 0.005, 0.12], "id": 383, "camera_size": [48, 50], "camera_position": [246, 426], "world_position": [0.2676445155400089, 0.633470301384951, -0.17389260400847822], "world_orientation": [-0.0006415509392189027, 0.19791547486687794, 0.9802188802612459, -0.0007473674823172779, -0.9802189031248738, 0.19791499033301133, 0.9999995149270019, -0.0006056111687273532, 0.0007767759481032022], "world_rotation": [0.0, 1.0, 0.0, 0.0]}, {"color": "CVBlue", "id_name": "object161828951364691", "shape": "CVCylinder", "id_string": "ob905", "world_size": [0.11, 0.11, 0.11], "id": 905, "camera_size": [45, 45], "camera_position": [256, 254], "world_position": [0.705, 0.6547388572526824, -0.15], "world_orientation": [1.0, -3.838362879530641e-17, 1.4813540171849057e-17, 3.838362879530641e-17, 1.0, 5.294293626938881e-18, -1.4813540171849057e-17, -5.294293626938881e-18, 1.0], "world_rotation": [-0.1276280613210114, 0.35710588544125776, 0.925303444577321, 4.1482206750932463e-17]}], "source": "manual check"}
{"timestamp": 1706068677.4193, "objects": [{"color": "cv_", "id_name": "hand", "shape": "CVCylinder", "id_string": "ob383", "world_size": [0.12, 0.005, 0.12], "id": 383, "camera_size": [48, 50], "camera_position": [246, 426], "world_position": [0.2676445155400089, 0.633470301384951, -0.17389260400847822], "world_orientation": [-0.0006415509392189027, 0.19791547486687794, 0.9802188802612459, -0.0007473674823172779, -0.9802189031248738, 0.19791499033301133, 0.9999995149270019, -0.0006056111687273532, 0.0007767759481032022], "world_rotation": [0.0, 1.0, 0.0, 0.0]}, {"color": "CVBlue", "id_name": "object161828951364691", "shape": "CVCylinder", "id_string": "ob905", "world_size": [0.11, 0.11, 0.11], "id": 905, "camera_size": [45, 45], "camera_position": [256, 254], "world_position": [0.705, 0.6547388572526824, -0.15], "world_orientation": [1.0, -3.838362879530641e-17, 1.4813540171849057e-17, 3.838362879530641e-17, 1.0, 5.294293626938881e-18, -1.4813540171849057e-17, -5.294293626938881e-18, 1.0], "world_rotation": [-0.1276280613210114, 0.35710588544125776, 0.925303444577321, 4.1482206750932463e-17]}], "source": "action wait"}
{"timestamp": 1706068677.45179, "objects": [{"color": "cv_", "id_name": "hand", "shape": "CVCylinder", "id_string": "ob383", "world_size": [0.12, 0.005, 0.12], "id": 383, "camera_size": [49, 51], "camera_position": [246, 421], "world_position": [0.2907963042602061, 0.6674649119314977, -0.17395625405437348], "world_orientation": [-0.0003850551811701197, 0.19530907282942322, 0.9807416672105954, -0.0007159465797349217, -0.9807415424051363, 0.19530876688282384, 0.9999996695764467, -0.0006269539896270519, 0.0005174704749757252], "world_rotation": [0.0, 1.0, 0.0, 0.0]}, {"color": "CVBlue", "id_name": "object161828951364691", "shape": "CVCylinder", "id_string": "ob905", "world_size": [0.11, 0.11, 0.11], "id": 905, "camera_size": [45, 45], "camera_position": [256, 254], "world_position": [0.705, 0.6547388572526824, -0.15], "world_orientation": [1.0, -3.838362879530641e-17, 1.4813540171849057e-17, 3.838362879530641e-17, 1.0, 5.294293626938881e-18, -1.4813540171849057e-17, -5.294293626938881e-18, 1.0], "world_rotation": [-0.1276280613210114, 0.35710588544125776, 0.925303444577321, 4.1482206750932463e-17]}], "source": "action wait"}
{"timestamp": 1706068677.484223, "objects": [{"color": "cv_", "id_name": "hand", "shape": "CVCylinder", "id_string": "ob383", "world_size": [0.12, 0.005, 0.12], "id": 383, "camera_size": [51, 52], "camera_position": [246, 406], "world_position": [0.3366225657054671, 0.7051726052997073, -0.17398411516894233], "world_orientation": [-0.00022718749240619807, 0.18151312973999728, 0.9833884950098991, -0.0007325542322698526, -0.9833882867362559, 0.18151292205853617, 0.9999997058750268, -0.0006791479383834697, 0.00035638173032924355], "world_rotation": [0.0, 1.0, 0.0, 0.0]}, {"color": "CVBlue", "id_name": "object161828951364691", "shape": "CVCylinder", "id_string": "ob905", "world_size": [0.11, 0.11, 0.11], "id": 905, "camera_size": [45, 45], "camera_position": [256, 254], "world_position": [0.705, 0.6547388572526824, -0.15], "world_orientation": [1.0, -3.838362879530641e-17, 1.4813540171849057e-17, 3.838362879530641e-17, 1.0, 5.294293626938881e-18, -1.4813540171849057e-17, -5.294293626938881e-18, 1.0], "world_rotation": [-0.1276280613210114, 0.35710588544125776, 0.925303444577321, 4.1482206750932463e-17]}], "source": "action wait"}
{"timestamp": 1706068677.516714, "objects": [{"color": "cv_", "id_name": "hand", "shape": "CVCylinder", "id_string": "ob383", "world_size": [0.12, 0.005, 0.12], "id": 383, "camera_size": [51, 52], "camera_position": [246, 388], "world_position": [0.38703194713546857, 0.7381661613498246, -0.17400462652416324], "world_orientation": [-0.00012491201816136103, 0.17169196936228742, 0.9851506747972552, -0.0007438842206865006, -0.985150425863174, 0.1716918316574011, 0.9999997155165866, -0.0007113916687864886, 0.00025077607471471063], "world_rotation": [0.0, 1.0, 0.0, 0.0]}, {"color": "CVBlue", "id_name": "object161828951364691", "shape": "CVCylinder", "id_string": "ob905", "world_size": [0.11, 0.11, 0.11], "id": 905, "camera_size": [45, 45], "camera_position": [256, 254], "world_position": [0.705, 0.6547388572526824, -0.15], "world_orientation": [1.0, -3.838362879530641e-17, 1.4813540171849057e-17, 3.838362879530641e-17, 1.0, 5.294293626938881e-18, -1.4813540171849057e-17, -5.294293626938881e-18, 1.0], "world_rotation": [-0.1276280613210114, 0.35710588544125776, 0.925303444577321, 4.1482206750932463e-17]}], "source": "action wait"}
{"timestamp": 1706068677.547493, "objects": [{"color": "cv_", "id_name": "hand", "shape": "CVCylinder", "id_string": "ob383", "world_size": [0.12, 0.005, 0.12], "id": 383, "camera_size": [52, 53], "camera_position": [245, 368], "world_position": [0.4410375600288346, 0.7659892259542933, -0.17402311356335465], "world_orientation": [-5.2928466758103534e-05, 0.16475205602933993, 0.9863350126770735, -0.0007513039505849895, -0.9863347422378695, 0.16475197054035323, 0.9999997163704355, -0.0007323173224287999, 0.0001759840561791616], "world_rotation": [0.0, 1.0, 0.0, 0.0]}, {"color": "CVBlue", "id_name": "object161828951364691", "shape": "CVCylinder", "id_string": "ob905", "world_size": [0.11, 0.11, 0.11], "id": 905, "camera_size": [45, 45], "camera_position": [256, 254], "world_position": [0.705, 0.6547388572526824, -0.15], "world_orientation": [1.0, -3.838362879530641e-17, 1.4813540171849057e-17, 3.838362879530641e-17, 1.0, 5.294293626938881e-18, -1.4813540171849057e-17, -5.294293626938881e-18, 1.0], "world_rotation": [-0.1276280613210114, 0.35710588544125776, 0.925303444577321, 4.1482206750932463e-17]}], "source": "action wait"}
{"timestamp": 1706068677.57583, "objects": [{"color": "cv_", "id_name": "hand", "shape": "CVCylinder", "id_string": "ob383", "world_size": [0.12, 0.005, 0.12], "id": 383, "camera_size": [52, 53], "camera_position": [245, 344], "world_position": [0.4981549040964469, 0.7811411772028303, -0.1740383740483001], "world_orientation": [-9.126422104520914e-06, 0.1495592580076272, 0.9887527639713157, -0.0007643490340555301, -0.9887524762265025, 0.14955920742807471, 0.9999997078435887, -0.0007543872796049203, 0.00012333924684753962], "world_rotation": [0.0, 1.0, 0.0, 0.0]}, {"color": "CVBlue", "id_name": "object161828951364691", "shape": "CVCylinder", "id_string": "ob905", "world_size": [0.11, 0.11, 0.11], "id": 905, "camera_size": [45, 45], "camera_position": [256, 254], "world_position": [0.705, 0.6547388572526824, -0.15], "world_orientation": [1.0, -3.838362879530641e-17, 1.4813540171849057e-17, 3.838362879530641e-17, 1.0, 5.294293626938881e-18, -1.4813540171849057e-17, -5.294293626938881e-18, 1.0], "world_rotation": [-0.1276280613210114, 0.35710588544125776, 0.925303444577321, 4.1482206750932463e-17]}], "source": "action wait"}
{"timestamp": 1706068677.609139, "objects": [{"color": "cv_", "id_name": "hand", "shape": "CVCylinder", "id_string": "ob383", "world_size": [0.12, 0.005, 0.12], "id": 383, "camera_size": [52, 53], "camera_position": [245, 318], "world_position": [0.5567904773990066, 0.7728433298629152, -0.1740502166884582], "world_orientation": [-2.345511231330805e-06, 0.11084764787055225, 0.9938374107247446, -0.0007770584197978996, -0.9938371108801166, 0.1108476125934835, 0.9999996980873099, -0.0007720097335938269, 8.84661541986904e-05], "world_rotation": [0.0, 1.0, 0.0, 0.0]}, {"color": "CVBlue", "id_name": "object161828951364691", "shape": "CVCylinder", "id_string": "ob905", "world_size": [0.11, 0.11, 0.11], "id": 905, "camera_size": [45, 45], "camera_position": [256, 254], "world_position": [0.705, 0.6547388572526824, -0.15], "world_orientation": [1.0, -3.838362879530641e-17, 1.4813540171849057e-17, 3.838362879530641e-17, 1.0, 5.294293626938881e-18, -1.4813540171849057e-17, -5.294293626938881e-18, 1.0], "world_rotation": [-0.1276280613210114, 0.35710588544125776, 0.925303444577321, 4.1482206750932463e-17]}], "source": "action wait"}
{"timestamp": 1706068677.650691, "objects": [{"color": "cv_", "id_name": "hand", "shape": "CVCylinder", "id_string": "ob383", "world_size": [0.12, 0.005, 0.12], "id": 383, "camera_size": [52, 52], "camera_position": [245, 298], "world_position": [0.602130500766494, 0.7593670241525055, -0.17405582162718558], "world_orientation": [-1.6623450262064375e-05, 0.0777168461253617, 0.9969754718908524, -0.0007752612572656193, -0.9969751734240437, 0.07771680993247966, 0.9999996993467769, -0.0007716245362769697, 7.682402704618565e-05], "world_rotation": [0.0, 1.0, 0.0, 0.0]}, {"color": "CVBlue", "id_name": "object161828951364691", "shape": "CVCylinder", "id_string": "ob905", "world_size": [0.11, 0.11, 0.11], "id": 905, "camera_size": [45, 45], "camera_position": [256, 254], "world_position": [0.705, 0.6547388572526824, -0.15], "world_orientation": [1.0, -3.838362879530641e-17, 1.4813540171849057e-17, 3.838362879530641e-17, 1.0, 5.294293626938881e-18, -1.4813540171849057e-17, -5.294293626938881e-18, 1.0], "world_rotation": [-0.1276280613210114, 0.35710588544125776, 0.925303444577321, 4.1482206750932463e-17]}], "source": "action wait"}
{"timestamp": 1706068677.686047, "objects": [{"color": "cv_", "id_name": "hand", "shape": "CVCylinder", "id_string": "ob383", "world_size": [0.12, 0.005, 0.12], "id": 383, "camera_size": [51, 51], "camera_position": [246, 284], "world_position": [0.6339561476054227, 0.7474014257392512, -0.1740635003956373], "world_orientation": [-2.286684914879779e-05, 0.05430583703542109, 0.9985243489975543, -0.0007713918916220628, -0.998524053132802, 0.05430580327912392, 0.999999702215784, -0.0007690117837927708, 6.472418125169036e-05], "world_rotation": [0.0, 1.0, 0.0, 0.0]}, {"color": "CVBlue", "id_name": "object161828951364691", "shape": "CVCylinder", "id_string": "ob905", "world_size": [0.11, 0.11, 0.11], "id": 905, "camera_size": [45, 45], "camera_position": [256, 254], "world_position": [0.705, 0.6547388572526824, -0.15], "world_orientation": [1.0, -3.838362879530641e-17, 1.4813540171849057e-17, 3.838362879530641e-17, 1.0, 5.294293626938881e-18, -1.4813540171849057e-17, -5.294293626938881e-18, 1.0], "world_rotation": [-0.1276280613210114, 0.35710588544125776, 0.925303444577321, 4.1482206750932463e-17]}], "source": "action wait"}
{"timestamp": 1706068677.71869, "objects": [{"color": "cv_", "id_name": "hand", "shape": "CVCylinder", "id_string": "ob383", "world_size": [0.12, 0.005, 0.12], "id": 383, "camera_size": [51, 51], "camera_position": [246, 275], "world_position": [0.6562274239366747, 0.7377735673341106, -0.1740713789445032], "world_orientation": [-2.4220300645226144e-05, 0.03778608631611565, 0.9992858505424203, -0.0007678982940320818, -0.9992855569149123, 0.03778605660113317, 0.99999970487275, -0.0007664347102311975, 5.321886783958339e-05], "world_rotation": [0.0, 1.0, 0.0, 0.0]}, {"color": "CVBlue", "id_name": "object161828951364691", "shape": "CVCylinder", "id_string": "ob905", "world_size": [0.11, 0.11, 0.11], "id": 905, "camera_size": [45, 45], "camera_position": [256, 254], "world_position": [0.705, 0.6547388572526824, -0.15], "world_orientation": [1.0, -3.838362879530641e-17, 1.4813540171849057e-17, 3.838362879530641e-17, 1.0, 5.294293626938881e-18, -1.4813540171849057e-17, -5.294293626938881e-18, 1.0], "world_rotation": [-0.1276280613210114, 0.35710588544125776, 0.925303444577321, 4.1482206750932463e-17]}], "source": "action wait"}
{"timestamp": 1706068677.751172, "objects": [{"color": "cv_", "id_name": "hand", "shape": "CVCylinder", "id_string": "ob383", "world_size": [0.12, 0.005, 0.12], "id": 383, "camera_size": [51, 51], "camera_position": [246, 268], "world_position": [0.6718104651073993, 0.7304172464415928, -0.17407849076238205], "world_orientation": [-2.3041557606996965e-05, 0.026136534164091486, 0.9996583821741185, -0.0007653854615354035, -0.9996580900929869, 0.026136508885794645, 0.9999997068270481, -0.0007645217663432908, 4.3038202734670784e-05], "world_rotation": [0.0, 1.0, 0.0, 0.0]}, {"color": "CVBlue", "id_name": "object161828951364691", "shape": "CVCylinder", "id_string": "ob905", "world_size": [0.11, 0.11, 0.11], "id": 905, "camera_size": [45, 45], "camera_position": [256, 254], "world_position": [0.705, 0.6547388572526824, -0.15], "world_orientation": [1.0, -3.838362879530641e-17, 1.4813540171849057e-17, 3.838362879530641e-17, 1.0, 5.294293626938881e-18, -1.4813540171849057e-17, -5.294293626938881e-18, 1.0], "world_rotation": [-0.1276280613210114, 0.35710588544125776, 0.925303444577321, 4.1482206750932463e-17]}], "source": "action wait"}
{"timestamp": 1706068677.78291, "objects": [{"color": "cv_", "id_name": "hand", "shape": "CVCylinder", "id_string": "ob383", "world_size": [0.12, 0.005, 0.12], "id": 383, "camera_size": [51, 50], "camera_position": [246, 263], "world_position": [0.6827232545551701, 0.7249641559079989, -0.1740845033066241], "world_orientation": [-2.072727737838435e-05, 0.017923934912993853, 0.9998393531601039, -0.0007638010705368688, -0.9998390620094221, 0.017923913859529506, 0.9999997080891098, -0.0007633068543746658, 3.441426224716144e-05], "world_rotation": [0.0, 1.0, 0.0, 0.0]}, {"color": "CVBlue", "id_name": "object161828951364691", "shape": "CVCylinder", "id_string": "ob905", "world_size": [0.11, 0.11, 0.11], "id": 905, "camera_size": [45, 45], "camera_position": [256, 254], "world_position": [0.705, 0.6547388572526824, -0.15], "world_orientation": [1.0, -3.838362879530641e-17, 1.4813540171849057e-17, 3.838362879530641e-17, 1.0, 5.294293626938881e-18, -1.4813540171849057e-17, -5.294293626938881e-18, 1.0], "world_rotation": [-0.1276280613210114, 0.35710588544125776, 0.925303444577321, 4.1482206750932463e-17]}], "source": "action wait"}
{"timestamp": 1706068677.816152, "objects": [{"color": "cv_", "id_name": "hand", "shape": "CVCylinder", "id_string": "ob383", "world_size": [0.12, 0.005, 0.12], "id": 383, "camera_size": [51, 51], "camera_position": [246, 260], "world_position": [0.6903741087602479, 0.720997180949021, -0.1740893922640756], "world_orientation": [-1.8095991574522427e-05, 0.012135104354648915, 0.9999263667464904, -0.0007629125258810013, -0.9999260760813691, 0.0121350870204627, 0.999999708818464, -0.0007626367537174573, 2.7352676963317636e-05], "world_rotation": [0.0, 1.0, 0.0, 0.0]}, {"color": "CVBlue", "id_name": "object161828951364691", "shape": "CVCylinder", "id_string": "ob905", "world_size": [0.11, 0.11, 0.11], "id": 905, "camera_size": [45, 45], "camera_position": [256, 254], "world_position": [0.705, 0.6547388572526824, -0.15], "world_orientation": [1.0, -3.838362879530641e-17, 1.4813540171849057e-17, 3.838362879530641e-17, 1.0, 5.294293626938881e-18, -1.4813540171849057e-17, -5.294293626938881e-18, 1.0], "world_rotation": [-0.1276280613210114, 0.35710588544125776, 0.925303444577321, 4.1482206750932463e-17]}], "source": "action wait"}
{"timestamp": 1706068677.846422, "objects": [{"color": "cv_", "id_name": "hand", "shape": "CVCylinder", "id_string": "ob383", "world_size": [0.12, 0.005, 0.12], "id": 383, "camera_size": [51, 50], "camera_position": [246, 257], "world_position": [0.6957438672793291, 0.7181459742744091, -0.1740932683347545], "world_orientation": [-1.5547264396672865e-05, 0.008054943242224133, 0.9999675582975915, -0.000762485106113153, -0.9999672678315539, 0.008054929047519017, 0.9999997091873306, -0.0007623351376869915, 2.1688529754145437e-05], "world_rotation": [0.0, 1.0, 0.0, 0.0]}, {"color": "CVBlue", "id_name": "object161828951364691", "shape": "CVCylinder", "id_string": "ob905", "world_size": [0.11, 0.11, 0.11], "id": 905, "camera_size": [45, 45], "camera_position": [256, 254], "world_position": [0.705, 0.6547388572526824, -0.15], "world_orientation": [1.0, -3.838362879530641e-17, 1.4813540171849057e-17, 3.838362879530641e-17, 1.0, 5.294293626938881e-18, -1.4813540171849057e-17, -5.294293626938881e-18, 1.0], "world_rotation": [-0.1276280613210114, 0.35710588544125776, 0.925303444577321, 4.1482206750932463e-17]}], "source": "action wait"}
{"timestamp": 1706068677.873184, "objects": [{"color": "cv_", "id_name": "hand", "shape": "CVCylinder", "id_string": "ob383", "world_size": [0.12, 0.005, 0.12], "id": 383, "camera_size": [50, 50], "camera_position": [245, 256], "world_position": [0.6995161474653199, 0.7161128642746635, -0.17409628838820565], "world_orientation": [-1.3267325308930618e-05, 0.005179139928362156, 0.9999865880768504, -0.000762336807505452, -0.9999862976423939, 0.005179128309835588, 0.9999997093332429, -0.0007622578699230174, 1.721539251427223e-05], "world_rotation": [0.0, 1.0, 0.0, 0.0]}, {"color": "CVBlue", "id_name": "object161828951364691", "shape": "CVCylinder", "id_string": "ob905", "world_size": [0.11, 0.11, 0.11], "id": 905, "camera_size": [45, 45], "camera_position": [256, 254], "world_position": [0.705, 0.6547388572526824, -0.15], "world_orientation": [1.0, -3.838362879530641e-17, 1.4813540171849057e-17, 3.838362879530641e-17, 1.0, 5.294293626938881e-18, -1.4813540171849057e-17, -5.294293626938881e-18, 1.0], "world_rotation": [-0.1276280613210114, 0.35710588544125776, 0.925303444577321, 4.1482206750932463e-17]}], "source": "action wait"}
{"timestamp": 1706068677.911646, "objects": [{"color": "cv_", "id_name": "hand", "shape": "CVCylinder", "id_string": "ob383", "world_size": [0.12, 0.005, 0.12], "id": 383, "camera_size": [50, 50], "camera_position": [245, 255], "world_position": [0.7021682067442907, 0.7146706711734446, -0.1740986122952399], "world_orientation": [-1.1331507998249386e-05, 0.0031521758414204304, 0.9999950318171894, -0.0007623425747254126, -0.9999947413269216, 0.0031521662872059284, 0.9999997093526557, -0.0007623030684710012, 1.373448625685434e-05], "world_rotation": [0.0, 1.0, 0.0, 0.0]}, {"color": "CVBlue", "id_name": "object161828951364691", "shape": "CVCylinder", "id_string": "ob905", "world_size": [0.11, 0.11, 0.11], "id": 905, "camera_size": [45, 45], "camera_position": [256, 254], "world_position": [0.705, 0.6547388572526824, -0.15], "world_orientation": [1.0, -3.838362879530641e-17, 1.4813540171849057e-17, 3.838362879530641e-17, 1.0, 5.294293626938881e-18, -1.4813540171849057e-17, -5.294293626938881e-18, 1.0], "world_rotation": [-0.1276280613210114, 0.35710588544125776, 0.925303444577321, 4.1482206750932463e-17]}], "source": "action wait"}
{"timestamp": 1706068677.951386, "objects": [{"color": "cv_", "id_name": "hand", "shape": "CVCylinder", "id_string": "ob383", "world_size": [0.12, 0.005, 0.12], "id": 383, "camera_size": [50, 50], "camera_position": [245, 254], "world_position": [0.7040338367029296, 0.713651168276841, -0.17410038402994563], "world_orientation": [-9.740074206506903e-06, 0.0017234708335261309, 0.9999985147756055, -0.0007624230661876896, -0.9999982241917621, 0.0017234629066447407, 0.9999997093080574, -0.0007624051471620948, 1.1054070827749308e-05], "world_rotation": [0.0, 1.0, 0.0, 0.0]}, {"color": "CVBlue", "id_name": "object161828951364691", "shape": "CVCylinder", "id_string": "ob905", "world_size": [0.11, 0.11, 0.11], "id": 905, "camera_size": [45, 45], "camera_position": [256, 254], "world_position": [0.705, 0.6547388572526824, -0.15], "world_orientation": [1.0, -3.838362879530641e-17, 1.4813540171849057e-17, 3.838362879530641e-17, 1.0, 5.294293626938881e-18, -1.4813540171849057e-17, -5.294293626938881e-18, 1.0], "world_rotation": [-0.1276280613210114, 0.35710588544125776, 0.925303444577321, 4.1482206750932463e-17]}], "source": "action wait"}
{"timestamp": 1706068677.984491, "objects": [{"color": "cv_", "id_name": "hand", "shape": "CVCylinder", "id_string": "ob383", "world_size": [0.12, 0.005, 0.12], "id": 383, "camera_size": [50, 50], "camera_position": [245, 253], "world_position": [0.7053468686411851, 0.7129320918288646, -0.17410172524600567], "world_orientation": [-8.461411789795994e-06, 0.0007164215670475686, 0.9999997433342385, -0.0007625314181836707, -0.9999994526476091, 0.000716414906699714, 0.9999997092370781, -0.0007625251605868125, 9.007701112325076e-06], "world_rotation": [0.0, 1.0, 0.0, 0.0]}, {"color": "CVBlue", "id_name": "object161828951364691", "shape": "CVCylinder", "id_string": "ob905", "world_size": [0.11, 0.11, 0.11], "id": 905, "camera_size": [45, 45], "camera_position": [256, 254], "world_position": [0.705, 0.6547388572526824, -0.15], "world_orientation": [1.0, -3.838362879530641e-17, 1.4813540171849057e-17, 3.838362879530641e-17, 1.0, 5.294293626938881e-18, -1.4813540171849057e-17, -5.294293626938881e-18, 1.0], "world_rotation": [-0.1276280613210114, 0.35710588544125776, 0.925303444577321, 4.1482206750932463e-17]}], "source": "action wait"}
{"timestamp": 1706068678.015913, "objects": [{"color": "cv_", "id_name": "hand", "shape": "CVCylinder", "id_string": "ob383", "world_size": [0.12, 0.005, 0.12], "id": 383, "camera_size": [50, 50], "camera_position": [245, 253], "world_position": [0.7062713297938359, 0.712425643249454, -0.17410273490599212], "world_orientation": [-7.4514042885638595e-06, 6.564182152063874e-06, 0.9999999999506941, -0.0007626420410316532, -0.9999997091670094, 6.5584974895236625e-06, 0.9999997091607546, -0.0007626419921244255, 7.4564082430883725e-06], "world_rotation": [0.0, 1.0, 0.0, 0.0]}, {"color": "CVBlue", "id_name": "object161828951364691", "shape": "CVCylinder", "id_string": "ob905", "world_size": [0.11, 0.11, 0.11], "id": 905, "camera_size": [45, 45], "camera_position": [256, 254], "world_position": [0.705, 0.6547388572526824, -0.15], "world_orientation": [1.0, -3.838362879530641e-17, 1.4813540171849057e-17, 3.838362879530641e-17, 1.0, 5.294293626938881e-18, -1.4813540171849057e-17, -5.294293626938881e-18, 1.0], "world_rotation": [-0.1276280613210114, 0.35710588544125776, 0.925303444577321, 4.1482206750932463e-17]}], "source": "action wait"}
{"timestamp": 1706068678.048821, "objects": [{"color": "cv_", "id_name": "hand", "shape": "CVCylinder", "id_string": "ob383", "world_size": [0.12, 0.005, 0.12], "id": 383, "camera_size": [49, 50], "camera_position": [246, 253], "world_position": [0.7069025301899, 0.7120937833150573, -0.17409628383891515], "world_orientation": [-8.452249916632783e-06, -0.00048564641253232656, 0.9999998820380538, -0.0007634934593386146, -0.9999995906095006, -0.0004856527242390157, 0.9999997085031062, -0.00076349747413398, 8.081458597160014e-06], "world_rotation": [0.0, 1.0, 0.0, 0.0]}, {"color": "CVBlue", "id_name": "object161828951364691", "shape": "CVCylinder", "id_string": "ob905", "world_size": [0.11, 0.11, 0.11], "id": 905, "camera_size": [45, 45], "camera_position": [256, 254], "world_position": [0.7050976649240023, 0.654662598381134, -0.14999646363298028], "world_orientation": [0.9999984304176756, 0.0017717655374911454, 3.0108852166983562e-06, -0.0017717653257961913, 0.9999984280479224, -6.891527217710318e-05, -3.132982187985232e-06, 6.890982942688302e-05, 0.9999999976208099], "world_rotation": [0.038865404820497974, 0.0017325138241696299, -0.9992429527917562, 0.0017731086870052325]}], "source": "action wait"}
{"timestamp": 1706068678.078206, "objects": [{"color": "cv_", "id_name": "hand", "shape": "CVCylinder", "id_string": "ob383", "world_size": [0.12, 0.005, 0.12], "id": 383, "camera_size": [49, 50], "camera_position": [246, 252], "world_position": [0.7073243809929578, 0.7118855662231192, -0.17410066652570283], "world_orientation": [-5.294154187490547e-06, -0.0008239811781484021, 0.9999996605134375, -0.0007652228726093634, -0.9999993677411475, -0.0008239849881183333, 0.9999997072029209, -0.0007652269751304293, 4.663621596485837e-06], "world_rotation": [0.0, 1.0, 0.0, 0.0]}, {"color": "CVBlue", "id_name": "object161828951364691", "shape": "CVCylinder", "id_string": "ob905", "world_size": [0.11, 0.11, 0.11], "id": 905, "camera_size": [45, 46], "camera_position": [256, 253], "world_position": [0.705196730712886, 0.6545958404205531, -0.14999864107877214], "world_orientation": [0.9999936874416746, 0.0035531759674154602, 4.1649928800978505e-06, -0.0035531758460778744, 0.999993687036436, -2.8786828459673817e-05, -4.2672512537098965e-06, 2.877184778903961e-05, 0.9999999995769857], "world_rotation": [0.00809933835326365, 0.00118653872479491, -0.9999664958607832, 0.003553302434138853]}], "source": "action wait"}
{"timestamp": 1706068678.112076, "objects": [{"color": "cv_", "id_name": "hand", "shape": "CVCylinder", "id_string": "ob383", "world_size": [0.12, 0.005, 0.12], "id": 383, "camera_size": [49, 50], "camera_position": [246, 252], "world_position": [0.7076261026007047, 0.7117319548698428, -0.17410491536475872], "world_orientation": [-2.926020845454071e-06, -0.001064625390125853, 0.9999994332819481, -0.0007661245474436984, -0.9999991398105544, -0.0010646273193858718, 0.9999997065222651, -0.0007661272283891977, 2.110382683693354e-06], "world_rotation": [0.0, 1.0, 0.0, 0.0]}, {"color": "CVBlue", "id_name": "object161828951364691", "shape": "CVCylinder", "id_string": "ob905", "world_size": [0.11, 0.11, 0.11], "id": 905, "camera_size": [45, 46], "camera_position": [256, 253], "world_position": [0.7052846830702137, 0.6545052965424604, -0.1500007682940722], "world_orientation": [0.9999868735362846, 0.00512374226050104, 4.513851432254048e-06, -0.005123742310074383, 0.9999868734852737, 1.104025247729459e-05, -4.457224772932415e-06, -1.1063235369385795e-05, 0.999999999928869], "world_rotation": [-0.002156961330981959, 0.0008754394150869587, -0.9999972905581532, 0.005123778586962245]}], "source": "action wait"}
{"timestamp": 1706068679.164425, "objects": [{"color": "cv_", "id_name": "hand", "shape": "CVCylinder", "id_string": "ob383", "world_size": [0.12, 0.005, 0.12], "id": 383, "camera_size": [49, 50], "camera_position": [246, 252], "world_position": [0.7083545304484488, 0.7113705027819629, -0.1741138156969165], "world_orientation": [4.019332033100587e-06, -0.001636513167526701, 0.9999986609033521, -0.0007683855179997094, -0.9999983657086835, -0.0016365095960350535, 0.9999997047837268, -0.0007683779113821699, -5.276798481928196e-06], "world_rotation": [0.0, 1.0, 0.0, 0.0]}, {"color": "CVBlue", "id_name": "object161828951364691", "shape": "CVCylinder", "id_string": "ob905", "world_size": [0.11, 0.11, 0.11], "id": 905, "camera_size": [45, 46], "camera_position": [256, 253], "world_position": [0.7055089934985634, 0.6543013458113772, -0.15000522917528364], "world_orientation": [0.9999661343648776, 0.008229805895214376, -2.0452166305434986e-05, -0.00822980310081227, 0.9999661257319158, 0.0001331526367782552, 2.154729385839172e-05, -0.00013297981017796365, 0.9999999909260421], "world_rotation": [0.016166653788010674, 0.002551326377214096, 0.9998660560490168, -0.008230999918728304]}], "source": "action wait"}
{"timestamp": 1706068679.196693, "objects": [{"color": "cv_", "id_name": "hand", "shape": "CVCylinder", "id_string": "ob383", "world_size": [0.12, 0.005, 0.12], "id": 383, "camera_size": [51, 50], "camera_position": [246, 251], "world_position": [0.7107734841975362, 0.7320279129146346, -0.17409608398844204], "world_orientation": [2.2535441648912852e-05, 0.028669738621449305, 0.9995889383039068, -0.0007443940966364393, -0.9995886611293487, 0.028669747453807896, 0.999999722684753, -0.0007447341901577007, -1.1845877635028507e-06], "world_rotation": [0.0, 1.0, 0.0, 0.0]}, {"color": "CVBlue", "id_name": "object161828951364691", "shape": "CVCylinder", "id_string": "ob905", "world_size": [0.11, 0.11, 0.11], "id": 905, "camera_size": [46, 48], "camera_position": [252, 251], "world_position": [0.7106541802623767, 0.6756633958500928, -0.15864703714406567], "world_orientation": [0.9996939504613778, -0.02473872418841882, -3.0601531444243756e-05, 0.024738727619323213, 0.9996939439586292, 0.0001173380516698136, 2.768937196360379e-05, -0.00011805918336437063, 0.9999999926476639], "world_rotation": [0.004757609758895142, 0.0011781165180963856, -0.9999879885232882, -0.02474154721107758]}], "source": "action wait"}
{"timestamp": 1706068679.236673, "objects": [{"color": "cv_", "id_name": "hand", "shape": "CVCylinder", "id_string": "ob383", "world_size": [0.12, 0.005, 0.12], "id": 383, "camera_size": [52, 53], "camera_position": [245, 250], "world_position": [0.7141894325339319, 0.7808920189642009, -0.17411289976436564], "world_orientation": [7.787398158358106e-05, 0.09914084214095469, 0.9950734080233606, -0.0007264794812438649, -0.9950731428456261, 0.09914087257479605, 0.9999997330815675, -0.0007306209077457928, -5.466520031247782e-06], "world_rotation": [0.0, 1.0, 0.0, 0.0]}, {"color": "CVBlue", "id_name": "object161828951364691", "shape": "CVCylinder", "id_string": "ob905", "world_size": [0.11, 0.11, 0.11], "id": 905, "camera_size": [48, 53], "camera_position": [249, 248], "world_position": [0.7186536389551769, 0.725089106342349, -0.1642257244634771], "world_orientation": [0.9952920762114881, -0.09692100795557912, -3.5319965148928e-05, 0.09692101118162802, 0.9952920709484816, 0.00010534995699768604, 2.4943057238612062e-05, -0.00010827722416615186, 0.9999999938269435], "world_rotation": [0.0011020677666288502, 0.00031088709840722744, -0.99999934439771, -0.09707345931162856]}], "source": "action wait"}
{"timestamp": 1706068679.270873, "objects": [{"color": "cv_", "id_name": "hand", "shape": "CVCylinder", "id_string": "ob383", "world_size": [0.12, 0.005, 0.12], "id": 383, "camera_size": [55, 55], "camera_position": [245, 250], "world_position": [0.7131805368379688, 0.8508218525499233, -0.17411935514953533], "world_orientation": [0.0001519260377448469, 0.1983917285988047, 0.9801227978891507, -0.0007164113431712025, -0.9801225360855446, 0.19839178665465979, 0.9999997318365973, -0.0007323119681763722, -6.776048651957055e-06], "world_rotation": [0.0, 1.0, 0.0, 0.0]}, {"color": "CVBlue", "id_name": "object161828951364691", "shape": "CVCylinder", "id_string": "ob905", "world_size": [0.11, 0.11, 0.11], "id": 905, "camera_size": [51, 60], "camera_position": [248, 245], "world_position": [0.7235993169313167, 0.7958874472452694, -0.1677920036577876], "world_orientation": [0.9803486328253714, -0.19727279677199133, -4.208540952527257e-05, 0.19727279973222722, 0.9803486294790978, 8.464197040552334e-05, 2.456081532297779e-05, -9.128094653162823e-05, 0.9999999955322776], "world_rotation": [0.0004458873663726392, 0.0001689189230922165, -0.9999998863254206, -0.19857529172696395]}], "source": "action wait"}
{"timestamp": 1706068679.304531, "objects": [{"color": "cv_", "id_name": "hand", "shape": "CVCylinder", "id_string": "ob383", "world_size": [0.12, 0.005, 0.12], "id": 383, "camera_size": [59, 57], "camera_position": [244, 254], "world_position": [0.7046751545707958, 0.9203749776338273, -0.174120297840836], "world_orientation": [0.00022656785818493455, 0.2956996100085776, 0.9552809478408856, -0.0007070258962995395, -0.955280686226022, 0.2956996967159807, 0.999999724390656, -0.0007424044153161944, -7.368617241469811e-06], "world_rotation": [0.0, 1.0, 0.0, 0.0]}, {"color": "CVBlue", "id_name": "object161828951364691", "shape": "CVCylinder", "id_string": "ob905", "world_size": [0.11, 0.11, 0.11], "id": 905, "camera_size": [54, 67], "camera_position": [246, 246], "world_position": [0.7207966196305768, 0.8668565719734626, -0.17007149164705465], "world_orientation": [0.9554122373585092, -0.2952752186205411, -4.443196423860489e-05, 0.2952752209516895, 0.955412235725095, 6.098119723044368e-05, 2.4444605946901384e-05, -7.138184014061032e-05, 0.9999999971535473], "world_rotation": [0.00022413501756420398, 0.00011663113490674989, -0.9999999680803358, -0.29974357962856396]}], "source": "action wait"}
{"timestamp": 1706068679.338339, "objects": [{"color": "cv_", "id_name": "hand", "shape": "CVCylinder", "id_string": "ob383", "world_size": [0.12, 0.005, 0.12], "id": 383, "camera_size": [62, 59], "camera_position": [243, 262], "world_position": [0.6889526226271239, 0.9886415156179599, -0.17412013630215653], "world_orientation": [0.0003001815272035097, 0.39001903370805396, 0.9208067458682557, -0.0006867725177162106, -0.9208064897974924, 0.3900191491328725, 0.9999997191172404, -0.0007494613110155207, -8.554744628913005e-06], "world_rotation": [0.0, 1.0, 0.0, 0.0]}, {"color": "CVBlue", "id_name": "object161828951364691", "shape": "CVCylinder", "id_string": "ob905", "world_size": [0.11, 0.11, 0.11], "id": 905, "camera_size": [57, 74], "camera_position": [245, 250], "world_position": [0.7105169200770828, 0.9370700077729964, -0.17152947759734818], "world_orientation": [0.920805944006282, -0.3900210398459862, -4.42736421638179e-05, 0.39002104165110835, 0.9208059432412876, 4.428212920028976e-05, 2.349647075609025e-05, -5.8042899815301646e-05, 0.9999999980394688], "world_rotation": [0.0001311788558286792, 8.688007184302245e-05, -0.9999999876219803, -0.4006544481950154]}], "source": "action wait"}
{"timestamp": 1706068679.370698, "objects": [{"color": "cv_", "id_name": "hand", "shape": "CVCylinder", "id_string": "ob383", "world_size": [0.12, 0.005, 0.12], "id": 383, "camera_size": [66, 60], "camera_position": [242, 274], "world_position": [0.6662816302858667, 1.054934383028097, -0.1741197506589156], "world_orientation": [0.0003714462771626731, 0.48040187316438837, 0.8770484036173888, -0.0006569779632221786, -0.877048157612254, 0.4804020166578267, 0.999999715203769, -0.0007546450144849475, -1.0162828877299513e-05], "world_rotation": [0.0, 1.0, 0.0, 0.0]}, {"color": "CVBlue", "id_name": "object161828951364691", "shape": "CVCylinder", "id_string": "ob905", "world_size": [0.11, 0.11, 0.11], "id": 905, "camera_size": [60, 83], "camera_position": [243, 260], "world_position": [0.6930091038561554, 1.0058240905083136, -0.17246224436688526], "world_orientation": [0.8769100960384604, -0.48065443058118545, -4.276090063748295e-05, 0.4806544319799945, 0.8769100957212355, 3.225155471471582e-05, 2.199561280438173e-05, -4.8834930349133473e-05, 0.9999999985656713], "world_rotation": [8.43500853361277e-05, 6.736285868835375e-05, -0.9999999941736541, -0.5014008554221538]}], "source": "action wait"}
{"timestamp": 1706068679.402316, "objects": [{"color": "cv_", "id_name": "hand", "shape": "CVCylinder", "id_string": "ob383", "world_size": [0.12, 0.005, 0.12], "id": 383, "camera_size": [70, 61], "camera_position": [241, 290], "world_position": [0.6419556727494716, 1.1077183669037463, -0.17411829255408068], "world_orientation": [0.0004345331475146151, 0.5515677283387926, 0.834129997204349, -0.0006357333947933844, -0.8341297550253101, 0.5515678993781885, 0.9999997035119533, -0.0007699588302066705, -1.1807003490941562e-05], "world_rotation": [0.0, 1.0, 0.0, 0.0]}, {"color": "CVBlue", "id_name": "object161828951364691", "shape": "CVCylinder", "id_string": "ob905", "world_size": [0.11, 0.11, 0.11], "id": 905, "camera_size": [64, 89], "camera_position": [242, 272], "world_position": [0.6726813508780998, 1.061130716584479, -0.17305860266329665], "world_orientation": [0.8338702134191175, -0.5519605656304118, -3.4078022288744616e-05, 0.5519605663059577, 0.8338702135413458, 1.4550502857758774e-05, 2.0385343935406755e-05, -3.094295540443731e-05, 0.9999999993134858], "world_rotation": [4.121078657892728e-05, 4.933628366737209e-05, -0.9999999979338009, -0.584713579089812]}], "source": "action wait"}
{"timestamp": 1706068679.433526, "objects": [{"color": "cv_", "id_name": "hand", "shape": "CVCylinder", "id_string": "ob383", "world_size": [0.12, 0.005, 0.12], "id": 383, "camera_size": [73, 61], "camera_position": [241, 303], "world_position": [0.6217372111898367, 1.1433829816472418, -0.17411852709495157], "world_orientation": [0.00047938396378938326, 0.5995226674442933, 0.8003576334436338, -0.0006145566312833937, -0.8003573976442239, 0.5995228589105784, 0.9999996962555351, -0.0007792667355180414, -1.5237870847734406e-05], "world_rotation": [0.0, 1.0, 0.0, 0.0]}, {"color": "CVBlue", "id_name": "object161828951364691", "shape": "CVCylinder", "id_string": "ob905", "world_size": [0.11, 0.11, 0.11], "id": 905, "camera_size": [67, 93], "camera_position": [242, 283], "world_position": [0.6550937748315196, 1.0988680531605326, -0.17344137039378196], "world_orientation": [0.8000049817386652, -0.5999933570802262, -2.555226596833556e-05, 0.5999933573848147, 0.80000498189717, 5.814375976854994e-06, 1.695335311175011e-05, -1.9982719594317004e-05, 0.9999999996566374], "world_rotation": [2.1497817632528964e-05, 3.542174136698409e-05, -0.9999999991415721, -0.6434928060035997]}], "source": "action wait"}
{"timestamp": 1706068679.461621, "objects": [{"color": "cv_", "id_name": "hand", "shape": "CVCylinder", "id_string": "ob383", "world_size": [0.12, 0.005, 0.12], "id": 383, "camera_size": [75, 62], "camera_position": [241, 313], "world_position": [0.6060732883437114, 1.1676397395904332, -0.17411979578130057], "world_orientation": [0.0005093971633689358, 0.632114744575342, 0.7748746287013016, -0.0005943956043932153, -0.7748744009577065, 0.6321149495418545, 0.9999996936041509, -0.000782579635475648, -1.8992596166823302e-05], "world_rotation": [0.0, 1.0, 0.0, 0.0]}, {"color": "CVBlue", "id_name": "object161828951364691", "shape": "CVCylinder", "id_string": "ob905", "world_size": [0.11, 0.11, 0.11], "id": 905, "camera_size": [68, 96], "camera_position": [241, 292], "world_position": [0.641183522611279, 1.1247154937471573, -0.17368729188569448], "world_orientation": [0.7744553746753493, -0.6326285420631539, -2.0087632474193528e-05, 0.632628542244657, 0.7744553747785289, 3.7481540425994917e-06, 1.3185785708817064e-05, -1.5610787692697792e-05, 0.9999999997912193], "world_rotation": [1.5300401765328206e-05, 2.629775290751557e-05, -0.9999999995371629, -0.6849425788572123]}], "source": "action wait"}
