{"timestamp": 1709221873.974289, "objects": [{"color": "cv_", "id_name": "hand", "shape": "CVCylinder", "id_string": "ob382", "world_size": [0.12, 0.005, 0.12], "id": 382, "camera_size": [48, 50], "camera_position": [246, 426], "world_position": [0.26764451788350746, 0.6334703010498701, -0.17389260020074782], "world_orientation": [-0.0006415638466518701, 0.19791547296320902, 0.9802188806371667, -0.0007473690005271817, -0.9802189035099005, 0.19791498842034616, 0.9999995149175863, -0.0006056101038389374, 0.0007767888995144973], "world_rotation": [0.0, 1.0, 0.0, 0.0]}, {"color": "CVRed", "id_name": "object246010061660649", "shape": "CVSphere", "id_string": "ob393", "world_size": [0.11, 0.11, 0.11], "id": 393, "camera_size": [45, 45], "camera_position": [256, 254], "world_position": [0.705, 0.6547388545032035, -0.15], "world_orientation": [1.0, -4.897221604918397e-17, 1.4640341299624373e-17, 4.897221604918397e-17, 1.0, 1.0588587253877655e-17, -1.4640341299624373e-17, -1.0588587253877655e-17, 1.0], "world_rotation": [-0.20285038077759815, 0.2804716754121498, 0.9381830110963879, 5.219900112234351e-17]}], "source": "manual check"}
{"timestamp": 1709221875.006568, "objects": [{"color": "cv_", "id_name": "hand", "shape": "CVCylinder", "id_string": "ob382", "world_size": [0.12, 0.005, 0.12], "id": 382, "camera_size": [48, 50], "camera_position": [246, 426], "world_position": [0.26764451788350746, 0.6334703010498701, -0.17389260020074782], "world_orientation": [-0.0006415638466518701, 0.19791547296320902, 0.9802188806371667, -0.0007473690005271817, -0.9802189035099005, 0.19791498842034616, 0.9999995149175863, -0.0006056101038389374, 0.0007767888995144973], "world_rotation": [0.0, 1.0, 0.0, 0.0]}, {"color": "CVRed", "id_name": "object246010061660649", "shape": "CVSphere", "id_string": "ob393", "world_size": [0.11, 0.11, 0.11], "id": 393, "camera_size": [45, 45], "camera_position": [256, 254], "world_position": [0.705, 0.6547388572526824, -0.15], "world_orientation": [1.0, -3.838362879530641e-17, 1.4813540171849057e-17, 3.838362879530641e-17, 1.0, 5.294293626938881e-18, -1.4813540171849057e-17, -5.294293626938881e-18, 1.0], "world_rotation": [-0.1276280613210114, 0.35710588544125776, 0.925303444577321, 4.1482206750932463e-17]}], "source": "manual check"}
{"timestamp": 1709221875.88376, "objects": [{"color": "cv_", "id_name": "hand", "shape": "CVCylinder", "id_string": "ob382", "world_size": [0.12, 0.005, 0.12], "id": 382, "camera_size": [48, 50], "camera_position": [246, 426], "world_position": [0.26764451788350746, 0.6334703010498701, -0.17389260020074782], "world_orientation": [-0.0006415638466518701, 0.19791547296320902, 0.9802188806371667, -0.0007473690005271817, -0.9802189035099005, 0.19791498842034616, 0.9999995149175863, -0.0006056101038389374, 0.0007767888995144973], "world_rotation": [0.0, 1.0, 0.0, 0.0]}, {"color": "CVRed", "id_name": "object246010061660649", "shape": "CVSphere", "id_string": "ob393", "world_size": [0.11, 0.11, 0.11], "id": 393, "camera_size": [45, 45], "camera_position": [256, 254], "world_position": [0.705, 0.6547388572526824, -0.15], "world_orientation": [1.0, -3.838362879530641e-17, 1.4813540171849057e-17, 3.838362879530641e-17, 1.0, 5.294293626938881e-18, -1.4813540171849057e-17, -5.294293626938881e-18, 1.0], "world_rotation": [-0.1276280613210114, 0.35710588544125776, 0.925303444577321, 4.1482206750932463e-17]}], "source": "action wait"}
{"timestamp": 1709221875.923048, "objects": [{"color": "cv_", "id_name": "hand", "shape": "CVCylinder", "id_string": "ob382", "world_size": [0.12, 0.005, 0.12], "id": 382, "camera_size": [49, 51], "camera_position": [246, 421], "world_position": [0.2907963067891885, 0.6674649117051511, -0.17395624956111116], "world_orientation": [-0.0003850845968721765, 0.19530907178803408, 0.9807416674064325, -0.0007159511193916318, -0.9807415426133493, 0.19530876582064313, 0.9999996695618695, -0.0006269526972622983, 0.0005175002101474703], "world_rotation": [0.0, 1.0, 0.0, 0.0]}, {"color": "CVRed", "id_name": "object246010061660649", "shape": "CVSphere", "id_string": "ob393", "world_size": [0.11, 0.11, 0.11], "id": 393, "camera_size": [45, 45], "camera_position": [256, 254], "world_position": [0.705, 0.6547388572526824, -0.15], "world_orientation": [1.0, -3.838362879530641e-17, 1.4813540171849057e-17, 3.838362879530641e-17, 1.0, 5.294293626938881e-18, -1.4813540171849057e-17, -5.294293626938881e-18, 1.0], "world_rotation": [-0.1276280613210114, 0.35710588544125776, 0.925303444577321, 4.1482206750932463e-17]}], "source": "action wait"}
{"timestamp": 1709221875.964787, "objects": [{"color": "cv_", "id_name": "hand", "shape": "CVCylinder", "id_string": "ob382", "world_size": [0.12, 0.005, 0.12], "id": 382, "camera_size": [51, 52], "camera_position": [246, 406], "world_position": [0.33662256843596183, 0.7051726051588544, -0.17398410966211708], "world_orientation": [-0.0002272116211677515, 0.18151312919165552, 0.9833884951055369, -0.000732557421489273, -0.9833882868383272, 0.1815129214926711, 0.9999997058672087, -0.00067914669514178, 0.00035640603677742705], "world_rotation": [0.0, 1.0, 0.0, 0.0]}, {"color": "CVRed", "id_name": "object246010061660649", "shape": "CVSphere", "id_string": "ob393", "world_size": [0.11, 0.11, 0.11], "id": 393, "camera_size": [45, 45], "camera_position": [256, 254], "world_position": [0.705, 0.6547388572526824, -0.15], "world_orientation": [1.0, -3.838362879530641e-17, 1.4813540171849057e-17, 3.838362879530641e-17, 1.0, 5.294293626938881e-18, -1.4813540171849057e-17, -5.294293626938881e-18, 1.0], "world_rotation": [-0.1276280613210114, 0.35710588544125776, 0.925303444577321, 4.1482206750932463e-17]}], "source": "action wait"}
{"timestamp": 1709221876.004717, "objects": [{"color": "cv_", "id_name": "hand", "shape": "CVCylinder", "id_string": "ob382", "world_size": [0.12, 0.005, 0.12], "id": 382, "camera_size": [51, 52], "camera_position": [246, 388], "world_position": [0.3870319500081408, 0.7381661612739914, -0.17400461992711827], "world_orientation": [-0.00012492443550533096, 0.17169196916293625, 0.9851506748304236, -0.0007438851650736984, -0.9851504258987845, 0.17169183144897956, 0.999999715514333, -0.000711390467244349, 0.00025078846966626275], "world_rotation": [0.0, 1.0, 0.0, 0.0]}, {"color": "CVRed", "id_name": "object246010061660649", "shape": "CVSphere", "id_string": "ob393", "world_size": [0.11, 0.11, 0.11], "id": 393, "camera_size": [45, 45], "camera_position": [256, 254], "world_position": [0.705, 0.6547388572526824, -0.15], "world_orientation": [1.0, -3.838362879530641e-17, 1.4813540171849057e-17, 3.838362879530641e-17, 1.0, 5.294293626938881e-18, -1.4813540171849057e-17, -5.294293626938881e-18, 1.0], "world_rotation": [-0.1276280613210114, 0.35710588544125776, 0.925303444577321, 4.1482206750932463e-17]}], "source": "action wait"}
{"timestamp": 1709221876.041235, "objects": [{"color": "cv_", "id_name": "hand", "shape": "CVCylinder", "id_string": "ob382", "world_size": [0.12, 0.005, 0.12], "id": 382, "camera_size": [52, 53], "camera_position": [245, 368], "world_position": [0.4410375630004984, 0.7659892259292884, -0.17402310582239172], "world_orientation": [-5.2935802486051847e-05, 0.16475205607709134, 0.9863350126687036, -0.0007513040113977503, -0.9863347422307464, 0.16475197058272195, 0.9999997163700014, -0.0007323161738263957, 0.00017599130171702272], "world_rotation": [0.0, 1.0, 0.0, 0.0]}, {"color": "CVRed", "id_name": "object246010061660649", "shape": "CVSphere", "id_string": "ob393", "world_size": [0.11, 0.11, 0.11], "id": 393, "camera_size": [45, 45], "camera_position": [256, 254], "world_position": [0.705, 0.6547388572526824, -0.15], "world_orientation": [1.0, -3.838362879530641e-17, 1.4813540171849057e-17, 3.838362879530641e-17, 1.0, 5.294293626938881e-18, -1.4813540171849057e-17, -5.294293626938881e-18, 1.0], "world_rotation": [-0.1276280613210114, 0.35710588544125776, 0.925303444577321, 4.1482206750932463e-17]}], "source": "action wait"}
{"timestamp": 1709221876.074273, "objects": [{"color": "cv_", "id_name": "hand", "shape": "CVCylinder", "id_string": "ob382", "world_size": [0.12, 0.005, 0.12], "id": 382, "camera_size": [52, 53], "camera_position": [245, 344], "world_position": [0.4981549065471423, 0.7811411986909702, -0.17403836511022674], "world_orientation": [-9.12824982971071e-06, 0.1495592889172476, 0.9887527592958932, -0.0007643482854345947, -0.9887524715518717, 0.14955923833639953, 0.9999997078441443, -0.0007543862621949602, 0.0001233409656351995], "world_rotation": [0.0, 1.0, 0.0, 0.0]}, {"color": "CVRed", "id_name": "object246010061660649", "shape": "CVSphere", "id_string": "ob393", "world_size": [0.11, 0.11, 0.11], "id": 393, "camera_size": [45, 45], "camera_position": [256, 254], "world_position": [0.705, 0.6547388572526824, -0.15], "world_orientation": [1.0, -3.838362879530641e-17, 1.4813540171849057e-17, 3.838362879530641e-17, 1.0, 5.294293626938881e-18, -1.4813540171849057e-17, -5.294293626938881e-18, 1.0], "world_rotation": [-0.1276280613210114, 0.35710588544125776, 0.925303444577321, 4.1482206750932463e-17]}], "source": "action wait"}
{"timestamp": 1709221876.090879, "objects": [{"color": "cv_", "id_name": "hand", "shape": "CVCylinder", "id_string": "ob382", "world_size": [0.12, 0.005, 0.12], "id": 382, "camera_size": [52, 53], "camera_position": [245, 318], "world_position": [0.5567904905904358, 0.7728433576688929, -0.1740502065694069], "world_orientation": [-2.36205272463337e-06, 0.11084768375330545, 0.9938374067225222, -0.0007770601210064083, -0.9938371068780458, 0.11084764846330511, 0.9999996980859491, -0.0007720095875387448, 8.848281019716886e-05], "world_rotation": [0.0, 1.0, 0.0, 0.0]}, {"color": "CVRed", "id_name": "object246010061660649", "shape": "CVSphere", "id_string": "ob393", "world_size": [0.11, 0.11, 0.11], "id": 393, "camera_size": [45, 45], "camera_position": [256, 254], "world_position": [0.705, 0.6547388572526824, -0.15], "world_orientation": [1.0, -3.838362879530641e-17, 1.4813540171849057e-17, 3.838362879530641e-17, 1.0, 5.294293626938881e-18, -1.4813540171849057e-17, -5.294293626938881e-18, 1.0], "world_rotation": [-0.1276280613210114, 0.35710588544125776, 0.925303444577321, 4.1482206750932463e-17]}], "source": "action wait"}
{"timestamp": 1709221876.125493, "objects": [{"color": "cv_", "id_name": "hand", "shape": "CVCylinder", "id_string": "ob382", "world_size": [0.12, 0.005, 0.12], "id": 382, "camera_size": [52, 52], "camera_position": [245, 298], "world_position": [0.6021305312158417, 0.7593670460636236, -0.17405581055333252], "world_orientation": [-1.663598575475323e-05, 0.07771687072338361, 0.9969754699731628, -0.0007752626467680704, -0.9969751715062459, 0.07771683452071468, 0.999999699345491, -0.0007716249454625903, 7.683665164695437e-05], "world_rotation": [0.0, 1.0, 0.0, 0.0]}, {"color": "CVRed", "id_name": "object246010061660649", "shape": "CVSphere", "id_string": "ob393", "world_size": [0.11, 0.11, 0.11], "id": 393, "camera_size": [45, 45], "camera_position": [256, 254], "world_position": [0.705, 0.6547388572526824, -0.15], "world_orientation": [1.0, -3.838362879530641e-17, 1.4813540171849057e-17, 3.838362879530641e-17, 1.0, 5.294293626938881e-18, -1.4813540171849057e-17, -5.294293626938881e-18, 1.0], "world_rotation": [-0.1276280613210114, 0.35710588544125776, 0.925303444577321, 4.1482206750932463e-17]}], "source": "action wait"}
{"timestamp": 1709221876.1773, "objects": [{"color": "cv_", "id_name": "hand", "shape": "CVCylinder", "id_string": "ob382", "world_size": [0.12, 0.005, 0.12], "id": 382, "camera_size": [51, 51], "camera_position": [246, 275], "world_position": [0.6562274746998855, 0.737773578117809, -0.1740713667186807], "world_orientation": [-2.4235876030341696e-05, 0.03778609722876895, 0.9992858501294013, -0.000767900045859243, -0.9992855565013801, 0.03778606750175249, 0.9999997048710275, -0.0007664358716935626, 5.323450666146973e-05], "world_rotation": [0.0, 1.0, 0.0, 0.0]}, {"color": "CVRed", "id_name": "object246010061660649", "shape": "CVSphere", "id_string": "ob393", "world_size": [0.11, 0.11, 0.11], "id": 393, "camera_size": [45, 45], "camera_position": [256, 254], "world_position": [0.705, 0.6547388572526824, -0.15], "world_orientation": [1.0, -3.838362879530641e-17, 1.4813540171849057e-17, 3.838362879530641e-17, 1.0, 5.294293626938881e-18, -1.4813540171849057e-17, -5.294293626938881e-18, 1.0], "world_rotation": [-0.1276280613210114, 0.35710588544125776, 0.925303444577321, 4.1482206750932463e-17]}], "source": "action wait"}
{"timestamp": 1709221876.198495, "objects": [{"color": "cv_", "id_name": "hand", "shape": "CVCylinder", "id_string": "ob382", "world_size": [0.12, 0.005, 0.12], "id": 382, "camera_size": [51, 51], "camera_position": [246, 268], "world_position": [0.6718105216012669, 0.7304172531794806, -0.17407847819781772], "world_orientation": [-2.3048929534107157e-05, 0.02613654107575539, 0.9996583819932399, -0.000765387009165355, -0.9996580899112426, 0.026136515791753887, 0.9999997068256936, -0.0007645231204704866, 4.3045617876837895e-05], "world_rotation": [0.0, 1.0, 0.0, 0.0]}, {"color": "CVRed", "id_name": "object246010061660649", "shape": "CVSphere", "id_string": "ob393", "world_size": [0.11, 0.11, 0.11], "id": 393, "camera_size": [45, 45], "camera_position": [256, 254], "world_position": [0.705, 0.6547388572526824, -0.15], "world_orientation": [1.0, -3.838362879530641e-17, 1.4813540171849057e-17, 3.838362879530641e-17, 1.0, 5.294293626938881e-18, -1.4813540171849057e-17, -5.294293626938881e-18, 1.0], "world_rotation": [-0.1276280613210114, 0.35710588544125776, 0.925303444577321, 4.1482206750932463e-17]}], "source": "action wait"}
{"timestamp": 1709221876.241162, "objects": [{"color": "cv_", "id_name": "hand", "shape": "CVCylinder", "id_string": "ob382", "world_size": [0.12, 0.005, 0.12], "id": 382, "camera_size": [51, 50], "camera_position": [246, 263], "world_position": [0.6827233150184165, 0.7249641595887034, -0.17408449051016459], "world_orientation": [-2.0752113743307752e-05, 0.017923939003427557, 0.9998393530862603, -0.0007638030638417629, -0.999839061934912, 0.017923917930935652, 0.9999997080870722, -0.0007633084020535782, 3.443913346557696e-05], "world_rotation": [0.0, 1.0, 0.0, 0.0]}, {"color": "CVRed", "id_name": "object246010061660649", "shape": "CVSphere", "id_string": "ob393", "world_size": [0.11, 0.11, 0.11], "id": 393, "camera_size": [45, 45], "camera_position": [256, 254], "world_position": [0.705, 0.6547388572526824, -0.15], "world_orientation": [1.0, -3.838362879530641e-17, 1.4813540171849057e-17, 3.838362879530641e-17, 1.0, 5.294293626938881e-18, -1.4813540171849057e-17, -5.294293626938881e-18, 1.0], "world_rotation": [-0.1276280613210114, 0.35710588544125776, 0.925303444577321, 4.1482206750932463e-17]}], "source": "action wait"}
{"timestamp": 1709221876.278832, "objects": [{"color": "cv_", "id_name": "hand", "shape": "CVCylinder", "id_string": "ob382", "world_size": [0.12, 0.005, 0.12], "id": 382, "camera_size": [51, 51], "camera_position": [246, 260], "world_position": [0.6903741719824864, 0.720997182378443, -0.17408937929978607], "world_orientation": [-1.8111299135361873e-05, 0.012135106456653449, 0.9999263667207033, -0.0007629143504753286, -0.9999260760546094, 0.012135089110742552, 0.9999997088167949, -0.000762638392361324, 2.7368007137369474e-05], "world_rotation": [0.0, 1.0, 0.0, 0.0]}, {"color": "CVRed", "id_name": "object246010061660649", "shape": "CVSphere", "id_string": "ob393", "world_size": [0.11, 0.11, 0.11], "id": 393, "camera_size": [45, 45], "camera_position": [256, 254], "world_position": [0.705, 0.6547388572526824, -0.15], "world_orientation": [1.0, -3.838362879530641e-17, 1.4813540171849057e-17, 3.838362879530641e-17, 1.0, 5.294293626938881e-18, -1.4813540171849057e-17, -5.294293626938881e-18, 1.0], "world_rotation": [-0.1276280613210114, 0.35710588544125776, 0.925303444577321, 4.1482206750932463e-17]}], "source": "action wait"}
{"timestamp": 1709221876.312659, "objects": [{"color": "cv_", "id_name": "hand", "shape": "CVCylinder", "id_string": "ob382", "world_size": [0.12, 0.005, 0.12], "id": 382, "camera_size": [51, 50], "camera_position": [246, 257], "world_position": [0.6957439324254566, 0.718145974072617, -0.17409325525316602], "world_orientation": [-1.5555014218589826e-05, 0.008054943943047791, 0.9999675582918258, -0.0007624868772665882, -0.9999672678246059, 0.008054929742396053, 0.9999997091858596, -0.0007623368463435393, 2.1696294123195106e-05], "world_rotation": [0.0, 1.0, 0.0, 0.0]}, {"color": "CVRed", "id_name": "object246010061660649", "shape": "CVSphere", "id_string": "ob393", "world_size": [0.11, 0.11, 0.11], "id": 393, "camera_size": [45, 45], "camera_position": [256, 254], "world_position": [0.705, 0.6547388572526824, -0.15], "world_orientation": [1.0, -3.838362879530641e-17, 1.4813540171849057e-17, 3.838362879530641e-17, 1.0, 5.294293626938881e-18, -1.4813540171849057e-17, -5.294293626938881e-18, 1.0], "world_rotation": [-0.1276280613210114, 0.35710588544125776, 0.925303444577321, 4.1482206750932463e-17]}], "source": "action wait"}
{"timestamp": 1709221876.333303, "objects": [{"color": "cv_", "id_name": "hand", "shape": "CVCylinder", "id_string": "ob382", "world_size": [0.12, 0.005, 0.12], "id": 382, "camera_size": [50, 50], "camera_position": [245, 256], "world_position": [0.6995162139566193, 0.7161128629032318, -0.17409627522548465], "world_orientation": [-1.3280843321537084e-05, 0.005179139641899671, 0.9999865880781547, -0.0007623386471761884, -0.9999862976425284, 0.005179128013037273, 0.9999997093316609, -0.0007622596395625281, 1.7228919651182574e-05], "world_rotation": [0.0, 1.0, 0.0, 0.0]}, {"color": "CVRed", "id_name": "object246010061660649", "shape": "CVSphere", "id_string": "ob393", "world_size": [0.11, 0.11, 0.11], "id": 393, "camera_size": [45, 45], "camera_position": [256, 254], "world_position": [0.705, 0.6547388572526824, -0.15], "world_orientation": [1.0, -3.838362879530641e-17, 1.4813540171849057e-17, 3.838362879530641e-17, 1.0, 5.294293626938881e-18, -1.4813540171849057e-17, -5.294293626938881e-18, 1.0], "world_rotation": [-0.1276280613210114, 0.35710588544125776, 0.925303444577321, 4.1482206750932463e-17]}], "source": "action wait"}
{"timestamp": 1709221876.374355, "objects": [{"color": "cv_", "id_name": "hand", "shape": "CVCylinder", "id_string": "ob382", "world_size": [0.12, 0.005, 0.12], "id": 382, "camera_size": [50, 50], "camera_position": [245, 255], "world_position": [0.7021682741781422, 0.7146706689690772, -0.17409859907517894], "world_orientation": [-1.1347371184630687e-05, 0.0031521748593204496, 0.9999950318201053, -0.0007623444344401018, -0.9999947413286376, 0.0031521652929880992, 0.999999709351058, -0.0007623048781865622, 1.3750354473285062e-05], "world_rotation": [0.0, 1.0, 0.0, 0.0]}, {"color": "CVRed", "id_name": "object246010061660649", "shape": "CVSphere", "id_string": "ob393", "world_size": [0.11, 0.11, 0.11], "id": 393, "camera_size": [45, 45], "camera_position": [256, 254], "world_position": [0.705, 0.6547388572526824, -0.15], "world_orientation": [1.0, -3.838362879530641e-17, 1.4813540171849057e-17, 3.838362879530641e-17, 1.0, 5.294293626938881e-18, -1.4813540171849057e-17, -5.294293626938881e-18, 1.0], "world_rotation": [-0.1276280613210114, 0.35710588544125776, 0.925303444577321, 4.1482206750932463e-17]}], "source": "action wait"}
{"timestamp": 1709221876.413196, "objects": [{"color": "cv_", "id_name": "hand", "shape": "CVCylinder", "id_string": "ob382", "world_size": [0.12, 0.005, 0.12], "id": 382, "camera_size": [50, 50], "camera_position": [245, 254], "world_position": [0.7040339047982972, 0.713651165482002, -0.17410037076945817], "world_orientation": [-9.755646733687782e-06, 0.0017234693612740786, 0.9999985147779912, -0.00076242492981794, -0.9999982241928991, 0.0017234614224999139, 0.9999997093064847, -0.0007624069839672394, 1.1069645416718155e-05], "world_rotation": [0.0, 1.0, 0.0, 0.0]}, {"color": "CVRed", "id_name": "object246010061660649", "shape": "CVSphere", "id_string": "ob393", "world_size": [0.11, 0.11, 0.11], "id": 393, "camera_size": [45, 45], "camera_position": [256, 254], "world_position": [0.705, 0.6547388572526824, -0.15], "world_orientation": [1.0, -3.838362879530641e-17, 1.4813540171849057e-17, 3.838362879530641e-17, 1.0, 5.294293626938881e-18, -1.4813540171849057e-17, -5.294293626938881e-18, 1.0], "world_rotation": [-0.1276280613210114, 0.35710588544125776, 0.925303444577321, 4.1482206750932463e-17]}], "source": "action wait"}
{"timestamp": 1709221876.444129, "objects": [{"color": "cv_", "id_name": "hand", "shape": "CVCylinder", "id_string": "ob382", "world_size": [0.12, 0.005, 0.12], "id": 382, "camera_size": [50, 50], "camera_position": [245, 253], "world_position": [0.7053469372013985, 0.7129320886166911, -0.17410171195706078], "world_orientation": [-8.474728370373263e-06, 0.0007164197494200243, 0.9999997433354278, -0.0007625332832619974, -0.9999994526474965, 0.0007164130789017032, 0.9999997092355433, -0.000762527016140815, 9.021017635793373e-06], "world_rotation": [0.0, 1.0, 0.0, 0.0]}, {"color": "CVRed", "id_name": "object246010061660649", "shape": "CVSphere", "id_string": "ob393", "world_size": [0.11, 0.11, 0.11], "id": 393, "camera_size": [45, 45], "camera_position": [256, 254], "world_position": [0.705, 0.6547388572526824, -0.15], "world_orientation": [1.0, -3.838362879530641e-17, 1.4813540171849057e-17, 3.838362879530641e-17, 1.0, 5.294293626938881e-18, -1.4813540171849057e-17, -5.294293626938881e-18, 1.0], "world_rotation": [-0.1276280613210114, 0.35710588544125776, 0.925303444577321, 4.1482206750932463e-17]}], "source": "action wait"}
{"timestamp": 1709221876.463677, "objects": [{"color": "cv_", "id_name": "hand", "shape": "CVCylinder", "id_string": "ob382", "world_size": [0.12, 0.005, 0.12], "id": 382, "camera_size": [50, 50], "camera_position": [245, 253], "world_position": [0.7062713986809949, 0.7124256397428939, -0.1741027215970399], "world_orientation": [-7.4612350876395265e-06, 6.562121154635209e-06, 0.9999999999506344, -0.0007626439098746138, -0.9999997091655977, 6.556428981361816e-06, 0.9999997091592561, -0.0007626438609182447, 7.466237479754695e-06], "world_rotation": [0.0, 1.0, 0.0, 0.0]}, {"color": "CVRed", "id_name": "object246010061660649", "shape": "CVSphere", "id_string": "ob393", "world_size": [0.11, 0.11, 0.11], "id": 393, "camera_size": [45, 45], "camera_position": [256, 254], "world_position": [0.705, 0.6547388572526824, -0.15], "world_orientation": [1.0, -3.838362879530641e-17, 1.4813540171849057e-17, 3.838362879530641e-17, 1.0, 5.294293626938881e-18, -1.4813540171849057e-17, -5.294293626938881e-18, 1.0], "world_rotation": [-0.1276280613210114, 0.35710588544125776, 0.925303444577321, 4.1482206750932463e-17]}], "source": "action wait"}
{"timestamp": 1709221876.503641, "objects": [{"color": "cv_", "id_name": "hand", "shape": "CVCylinder", "id_string": "ob382", "world_size": [0.12, 0.005, 0.12], "id": 382, "camera_size": [49, 50], "camera_position": [246, 253], "world_position": [0.7069025993028683, 0.7120937796121847, -0.17409627049134302], "world_orientation": [-8.458312348362216e-06, -0.0004856486422518516, 0.9999998820369198, -0.0007634953348714214, -0.9999995906069837, -0.00048565495860173046, 0.9999997085016229, -0.0007634993526288648, 8.087518413222393e-06], "world_rotation": [0.0, 1.0, 0.0, 0.0]}, {"color": "CVRed", "id_name": "object246010061660649", "shape": "CVSphere", "id_string": "ob393", "world_size": [0.11, 0.11, 0.11], "id": 393, "camera_size": [45, 45], "camera_position": [256, 254], "world_position": [0.7050976649599793, 0.6546625983471316, -0.14999646361589694], "world_orientation": [0.9999984304165189, 0.0017717661897099749, 3.011256271071383e-06, -0.0017717659779884639, 0.9999984280467451, -6.891558703285887e-05, -3.1333538445628083e-06, 6.891014362267993e-05, 0.9999999976207873], "world_rotation": [0.03886556763999886, 0.0017327226123506473, -0.9992429460968787, 0.0017731093515856902]}], "source": "action wait"}
{"timestamp": 1709221876.538005, "objects": [{"color": "cv_", "id_name": "hand", "shape": "CVCylinder", "id_string": "ob382", "world_size": [0.12, 0.005, 0.12], "id": 382, "camera_size": [49, 50], "camera_position": [246, 252], "world_position": [0.707324450102105, 0.7118855625897134, -0.17410065309611325], "world_orientation": [-5.292913739040277e-06, -0.0008239834589322798, 0.9999996605115647, -0.0007652247652327261, -0.9999993677378206, -0.0008239872679611761, 0.9999997072014791, -0.0007652288667416699, 4.6623778439985195e-06], "world_rotation": [0.0, 1.0, 0.0, 0.0]}, {"color": "CVRed", "id_name": "object246010061660649", "shape": "CVSphere", "id_string": "ob393", "world_size": [0.11, 0.11, 0.11], "id": 393, "camera_size": [45, 46], "camera_position": [256, 253], "world_position": [0.7051967312742005, 0.6545958398922648, -0.1499986409859619], "world_orientation": [0.9999936874057097, 0.0035531860867763073, 4.167107795316632e-06, -0.0035531859653706735, 0.9999936870004317, -2.878851359432377e-05, -4.269372434329626e-06, 2.877352535518266e-05, 0.9999999995769285], "world_rotation": [0.008099788430752382, 0.0011871314186820668, -0.9999664915117765, 0.0035533125693225746]}], "source": "action wait"}
{"timestamp": 1709221876.55497, "objects": [{"color": "cv_", "id_name": "hand", "shape": "CVCylinder", "id_string": "ob382", "world_size": [0.12, 0.005, 0.12], "id": 382, "camera_size": [49, 50], "camera_position": [246, 252], "world_position": [0.7076261717264344, 0.7117319512580506, -0.17410490185959232], "world_orientation": [-2.916750659610654e-06, -0.001064627713961589, 0.999999433279501, -0.000766126457728315, -0.9999991398066244, -0.0010646296361228162, 0.9999997065208287, -0.0007661291288083177, 2.1011086917207128e-06], "world_rotation": [0.0, 1.0, 0.0, 0.0]}, {"color": "CVRed", "id_name": "object246010061660649", "shape": "CVSphere", "id_string": "ob393", "world_size": [0.11, 0.11, 0.11], "id": 393, "camera_size": [45, 46], "camera_position": [256, 253], "world_position": [0.7052846840767037, 0.6545052955753466, -0.15000076815544028], "world_orientation": [0.9999868734435892, 0.005123760347350217, 4.518637995035903e-06, -0.0051237603969653, 0.9999868733926275, 1.1037739043266991e-05, -4.462023951014757e-06, -1.1060746574169992e-05, 0.9999999999288751], "world_rotation": [-0.002156465578341475, 0.0008763717429622477, -0.999997290810719, 0.005123796672824608]}], "source": "action wait"}
{"timestamp": 1709221877.600276, "objects": [{"color": "cv_", "id_name": "hand", "shape": "CVCylinder", "id_string": "ob382", "world_size": [0.12, 0.005, 0.12], "id": 382, "camera_size": [49, 50], "camera_position": [246, 252], "world_position": [0.7083545991899738, 0.7113704988413265, -0.174113817022155], "world_orientation": [3.4572764591569363e-06, -0.0016365158043011453, 0.9999986609011382, -0.0007683867970383824, -0.9999983657026787, -0.0016365126646740468, 0.9999997047848451, -0.0007683801102161417, -4.714747945752539e-06], "world_rotation": [0.0, 1.0, 0.0, 0.0]}, {"color": "CVRed", "id_name": "object246010061660649", "shape": "CVSphere", "id_string": "ob393", "world_size": [0.11, 0.11, 0.11], "id": 393, "camera_size": [45, 46], "camera_position": [256, 253], "world_position": [0.7055089845745267, 0.6543013445918072, -0.15000523713330124], "world_orientation": [0.9999661356720427, 0.008229646477564403, -2.068759368204462e-05, -0.008229643648697597, 0.9999661270248846, 0.00013329766625721367, 2.178388560128011e-05, -0.00013312290069737525, 0.9999999909018777], "world_rotation": [0.016184463794559543, 0.0025800490052988946, 0.9998656942203853, -0.008230843435707246]}], "source": "action wait"}
{"timestamp": 1709221877.644544, "objects": [{"color": "cv_", "id_name": "hand", "shape": "CVCylinder", "id_string": "ob382", "world_size": [0.12, 0.005, 0.12], "id": 382, "camera_size": [51, 50], "camera_position": [246, 251], "world_position": [0.710773552542149, 0.7320279059939531, -0.17409608109228594], "world_orientation": [2.1070236502845455e-05, 0.02866973188126666, 0.9995889385291844, -0.0007444288391399042, -0.9995886613280904, 0.028669739622459764, 0.9999997226908359, -0.0007447269113210568, 2.810057234689711e-07], "world_rotation": [0.0, 1.0, 0.0, 0.0]}, {"color": "CVRed", "id_name": "object246010061660649", "shape": "CVSphere", "id_string": "ob393", "world_size": [0.11, 0.11, 0.11], "id": 393, "camera_size": [46, 48], "camera_position": [252, 251], "world_position": [0.7106541969962732, 0.6756633904853374, -0.1586470405972297], "world_orientation": [0.999693948047716, -0.024738820285246963, -3.1743735631820966e-05, 0.024738823852977907, 0.999693941569202, 0.00011740615123870891, 2.8829530518028967e-05, -0.00011815552154114325, 0.9999999926040655], "world_rotation": [0.004760914362098375, 0.0012242404690407417, -0.9999879173918605, -0.024741645167204458]}], "source": "action wait"}
{"timestamp": 1709221877.684102, "objects": [{"color": "cv_", "id_name": "hand", "shape": "CVCylinder", "id_string": "ob382", "world_size": [0.12, 0.005, 0.12], "id": 382, "camera_size": [52, 53], "camera_position": [245, 250], "world_position": [0.7141895011603961, 0.7808920094380555, -0.1741128941832176], "world_orientation": [7.613079364776126e-05, 0.09914083193339497, 0.995073409175251, -0.0007266433289273617, -0.9950731438698038, 0.09914086109439024, 0.9999997330967518, -0.0007306111270085683, -3.715684031272047e-06], "world_rotation": [0.0, 1.0, 0.0, 0.0]}, {"color": "CVRed", "id_name": "object246010061660649", "shape": "CVSphere", "id_string": "ob393", "world_size": [0.11, 0.11, 0.11], "id": 393, "camera_size": [48, 53], "camera_position": [249, 248], "world_position": [0.71865367268525, 0.7250890974174732, -0.16422572469368169], "world_orientation": [0.9952920708272041, -0.09692106271744054, -3.674531167976153e-05, 0.09692106609602115, 0.9952920656085672, 0.0001052779289822241, 2.6368668405532175e-05, -0.00010834368273115015, 0.9999999937831701], "world_rotation": [0.0011020384060844825, 0.0003255945381976082, -0.9999993397495561, -0.09707351486182296]}], "source": "action wait"}
{"timestamp": 1709221877.735813, "objects": [{"color": "cv_", "id_name": "hand", "shape": "CVCylinder", "id_string": "ob382", "world_size": [0.12, 0.005, 0.12], "id": 382, "camera_size": [59, 57], "camera_position": [244, 254], "world_position": [0.7046752247873418, 0.920374968116142, -0.1741202874315056], "world_orientation": [0.0002234816226434185, 0.2956996002189309, 0.9552809515981822, -0.0007079454363679344, -0.9552806892828923, 0.29569968464044966, 0.9999997244345739, -0.0007423702354719747, -4.14849600959393e-06], "world_rotation": [0.0, 1.0, 0.0, 0.0]}, {"color": "CVRed", "id_name": "object246010061660649", "shape": "CVSphere", "id_string": "ob393", "world_size": [0.11, 0.11, 0.11], "id": 393, "camera_size": [54, 67], "camera_position": [246, 246], "world_position": [0.7207966728152656, 0.8668565614164048, -0.17007148827327256], "world_orientation": [0.9554122329050265, -0.29527523259867333, -4.721473383967853e-05, 0.2952752351078266, 0.9554122314007935, 6.018118068142893e-05, 2.7339522088990096e-05, -7.143917784876937e-05, 0.9999999970744974], "world_rotation": [0.0002228774023724258, 0.0001262453550707985, -0.9999999671938863, -0.29974359462615474]}], "source": "action wait"}
{"timestamp": 1709221877.766962, "objects": [{"color": "cv_", "id_name": "hand", "shape": "CVCylinder", "id_string": "ob382", "world_size": [0.12, 0.005, 0.12], "id": 382, "camera_size": [62, 59], "camera_position": [243, 262], "world_position": [0.6889526935916793, 0.9886415062839757, -0.174120124974204], "world_orientation": [0.0002965378798952392, 0.39001902428050994, 0.9208067510420221, -0.0006882726202784743, -0.9208064938230287, 0.3900191369845086, 0.9999997191730037, -0.000749421523309951, -4.614589671571582e-06], "world_rotation": [0.0, 1.0, 0.0, 0.0]}, {"color": "CVRed", "id_name": "object246010061660649", "shape": "CVSphere", "id_string": "ob393", "world_size": [0.11, 0.11, 0.11], "id": 393, "camera_size": [57, 74], "camera_position": [245, 250], "world_position": [0.710516978582096, 0.9370699967558576, -0.1715294733674693], "world_orientation": [0.9208059421740712, -0.39002104377699487, -4.7623780919590896e-05, 0.39002104574227936, 0.9208059415727532, 4.292335597685553e-05, 2.7111248330413685e-05, -5.809835807800157e-05, 0.9999999979447807], "world_rotation": [0.0001295080279658665, 9.580896888052841e-05, -0.999999987024156, -0.40065445280429696]}], "source": "action wait"}
{"timestamp": 1709221877.790535, "objects": [{"color": "cv_", "id_name": "hand", "shape": "CVCylinder", "id_string": "ob382", "world_size": [0.12, 0.005, 0.12], "id": 382, "camera_size": [66, 60], "camera_position": [242, 274], "world_position": [0.6662817019668837, 1.0549343739594672, -0.1741197394174244], "world_orientation": [0.00036752662560396774, 0.48040186419025316, 0.8770484101842434, -0.0006590804661927094, -0.8770481625613898, 0.48040200474251665, 0.9999997152685188, -0.0007546060027943399, -5.715067067494436e-06], "world_rotation": [0.0, 1.0, 0.0, 0.0]}, {"color": "CVRed", "id_name": "object246010061660649", "shape": "CVSphere", "id_string": "ob393", "world_size": [0.11, 0.11, 0.11], "id": 393, "camera_size": [60, 83], "camera_position": [243, 260], "world_position": [0.693009166113063, 1.0058240791899236, -0.1724622397162645], "world_orientation": [0.8769100970054936, -0.48065442847940926, -4.6399876688949817e-05, 0.4806544300094148, 0.8769100968704652, 3.031428723018052e-05, 2.611782395870155e-05, -4.8885210838104297e-05, 0.9999999984640477], "world_rotation": [8.238715047175254e-05, 7.543642145272686e-05, -0.9999999937608519, -0.5014008533264285]}], "source": "action wait"}
{"timestamp": 1709221877.817848, "objects": [{"color": "cv_", "id_name": "hand", "shape": "CVCylinder", "id_string": "ob382", "world_size": [0.12, 0.005, 0.12], "id": 382, "camera_size": [70, 61], "camera_position": [241, 290], "world_position": [0.6419557443476481, 1.1077183595362023, -0.17411828203222415], "world_orientation": [0.0004305165221112154, 0.5515677216764945, 0.834130003692545, -0.0006383489493018769, -0.8341297594618838, 0.5515678896479373, 0.9999997035830277, -0.0007699251009978681, -7.013967431469861e-06], "world_rotation": [0.0, 1.0, 0.0, 0.0]}, {"color": "CVRed", "id_name": "object246010061660649", "shape": "CVSphere", "id_string": "ob393", "world_size": [0.11, 0.11, 0.11], "id": 393, "camera_size": [64, 89], "camera_position": [242, 272], "world_position": [0.6726814151846784, 1.061130706593254, -0.17305859785756653], "world_orientation": [0.8338702157060438, -0.5519605619312911, -3.782657716495986e-05, 0.5519605626679329, 0.8338702159883179, 1.2120037806231108e-05, 2.485267319248804e-05, -3.098531735562057e-05, 0.9999999992111274], "world_rotation": [3.9047495422426486e-05, 5.67787397232626e-05, -0.9999999976257339, -0.5847135748942768]}], "source": "action wait"}
{"timestamp": 1709221877.840778, "objects": [{"color": "cv_", "id_name": "hand", "shape": "CVCylinder", "id_string": "ob382", "world_size": [0.12, 0.005, 0.12], "id": 382, "camera_size": [73, 61], "camera_position": [241, 303], "world_position": [0.621737282530397, 1.143382975443418, -0.17411851746025564], "world_orientation": [0.0004753472417121627, 0.5995226623238694, 0.8003576396868464, -0.0006175466606736624, -0.8003574015060752, 0.5995228506825783, 0.9999996963405147, -0.0007792397211487176, -1.0214465073027575e-05], "world_rotation": [0.0, 1.0, 0.0, 0.0]}, {"color": "CVRed", "id_name": "object246010061660649", "shape": "CVSphere", "id_string": "ob393", "world_size": [0.11, 0.11, 0.11], "id": 393, "camera_size": [67, 93], "camera_position": [242, 283], "world_position": [0.6550938402783815, 1.0988680441038996, -0.17344136554857537], "world_orientation": [0.8000049849654224, -0.5999933526049939, -2.933077284304453e-05, 0.5999933529312738, 0.8000049852526853, 3.0230961751240007e-06, 2.165092688638971e-05, -2.0016760752292944e-05, 0.9999999995652835], "world_rotation": [1.9200093464435846e-05, 4.2485220410206895e-05, -0.9999999989131813, -0.6434928005944414]}], "source": "action wait"}
{"timestamp": 1709221877.868246, "objects": [{"color": "cv_", "id_name": "hand", "shape": "CVCylinder", "id_string": "ob382", "world_size": [0.12, 0.005, 0.12], "id": 382, "camera_size": [75, 62], "camera_position": [241, 313], "world_position": [0.6060733594150417, 1.1676397341679192, -0.17411978689533744], "world_orientation": [0.0005053503513820917, 0.6321147404848544, 0.7748746346879526, -0.000597669217025046, -0.7748744043162032, 0.6321149423381134, 0.9999996937062179, -0.0007825582244310063, -1.3787530482096766e-05], "world_rotation": [0.0, 1.0, 0.0, 0.0]}, {"color": "CVRed", "id_name": "object246010061660649", "shape": "CVSphere", "id_string": "ob393", "world_size": [0.11, 0.11, 0.11], "id": 393, "camera_size": [68, 96], "camera_position": [241, 292], "world_position": [0.6411835887025973, 1.1247154853268215, -0.17368728704332065], "world_orientation": [0.7744553785276057, -0.6326285372153495, -2.388368590704062e-05, 0.6326285374082659, 0.7744553787379959, 6.827394392131558e-07, 1.8064928562067818e-05, -1.5638252514121068e-05, 0.9999999997145519], "world_rotation": [1.2899348496321549e-05, 3.315422239788083e-05, -0.9999999993672022, -0.6849425727437861]}], "source": "action wait"}
{"timestamp": 1709221877.888167, "objects": [{"color": "cv_", "id_name": "hand", "shape": "CVCylinder", "id_string": "ob382", "world_size": [0.12, 0.005, 0.12], "id": 382, "camera_size": [76, 62], "camera_position": [240, 321], "world_position": [0.5943785419596767, 1.1842752445655949, -0.17412123126398923], "world_orientation": [0.000525064599741004, 0.6544534831188275, 0.7561020848673812, -0.0005808229616764882, -0.756101861967319, 0.654453693529375, 0.9999996934758798, -0.0007827919189045039, -1.6880711172213612e-05], "world_rotation": [0.0, 1.0, 0.0, 0.0]}, {"color": "CVRed", "id_name": "object246010061660649", "shape": "CVSphere", "id_string": "ob393", "world_size": [0.11, 0.11, 0.11], "id": 393, "camera_size": [69, 98], "camera_position": [241, 299], "world_position": [0.630673750745296, 1.142528715527108, -0.17384519097018827], "world_orientation": [0.7556365848583404, -0.654991107714328, -2.094711916321391e-05, 0.6549911078785025, 0.7556365850052013, 1.3301900131828292e-06, 1.495714695998281e-05, -1.4725317026350628e-05, 0.9999999997797244], "world_rotation": [1.2256278628203466e-05, 2.740820881355689e-05, -0.9999999995492869, -0.7141708529760413]}], "source": "action wait"}
{"timestamp": 1709221877.921754, "objects": [{"color": "cv_", "id_name": "hand", "shape": "CVCylinder", "id_string": "ob382", "world_size": [0.12, 0.005, 0.12], "id": 382, "camera_size": [78, 63], "camera_position": [240, 328], "world_position": [0.5858349673977503, 1.1957670520173287, -0.17412250107618846], "world_orientation": [0.0005378837993577265, 0.6698739374770318, 0.7424746585372702, -0.0005673889459719605, -0.7424744419922924, 0.6698741531496927, 0.9999996943753546, -0.0007815863685060721, -1.9285906465127436e-05], "world_rotation": [0.0, 1.0, 0.0, 0.0]}, {"color": "CVRed", "id_name": "object246010061660649", "shape": "CVSphere", "id_string": "ob393", "world_size": [0.11, 0.11, 0.11], "id": 393, "camera_size": [70, 99], "camera_position": [240, 305], "world_position": [0.6229405499786481, 1.1548744541423293, -0.173946511593831], "world_orientation": [0.7419776044067979, -0.670424667036464, -1.9692534399334087e-05, 0.6704246672084173, 0.741977604506315, 3.090856949626868e-06, 1.2539232758965178e-05, -1.549570745621211e-05, 0.9999999998013254], "world_rotation": [1.3861784410811924e-05, 2.403832132567078e-05, -0.9999999996150051, -0.7347809848477348]}], "source": "action wait"}
