{"timestamp": 1706068469.379822, "objects": [{"color": "cv_", "id_name": "hand", "shape": "CVCylinder", "id_string": "ob383", "world_size": [0.12, 0.005, 0.12], "id": 383, "camera_size": [48, 50], "camera_position": [246, 426], "world_position": [0.26764451554000884, 0.6334703013849475, -0.17389260400847806], "world_orientation": [-0.0006415509382312051, 0.19791547486687347, 0.9802188802612473, -0.0007473674821184793, -0.9802189031248747, 0.19791499033300777, 0.9999995149270026, -0.0006056111687279715, 0.0007767759470956941], "world_rotation": [0.0, 1.0, 0.0, 0.0]}, {"color": "CVBlue", "id_name": "object80732360290927", "shape": "CVCylinder", "id_string": "ob863", "world_size": [0.09, 0.09, 0.09], "id": 863, "camera_size": [37, 37], "camera_position": [256, 254], "world_position": [0.705, 0.644856964849591, -0.15], "world_orientation": [1.0, -3.248937977869676e-17, -1.2807790779525605e-17, 3.248937977869676e-17, 1.0, -6.497875955739369e-17, 1.2807790779525605e-17, 6.497875955739369e-17, 1.0], "world_rotation": [-0.8808431718627018, 0.17362065899128884, -0.4404215859313497, -7.376881791566185e-17]}], "source": "manual check"}
{"timestamp": 1706068470.411626, "objects": [{"color": "cv_", "id_name": "hand", "shape": "CVCylinder", "id_string": "ob383", "world_size": [0.12, 0.005, 0.12], "id": 383, "camera_size": [48, 50], "camera_position": [246, 426], "world_position": [0.26764451554000884, 0.6334703013849475, -0.17389260400847806], "world_orientation": [-0.0006415509382312051, 0.19791547486687347, 0.9802188802612473, -0.0007473674821184793, -0.9802189031248747, 0.19791499033300777, 0.9999995149270026, -0.0006056111687279715, 0.0007767759470956941], "world_rotation": [0.0, 1.0, 0.0, 0.0]}, {"color": "CVBlue", "id_name": "object80732360290927", "shape": "CVCylinder", "id_string": "ob863", "world_size": [0.09, 0.09, 0.09], "id": 863, "camera_size": [37, 37], "camera_position": [256, 254], "world_position": [0.705, 0.6448569696296074, -0.15], "world_orientation": [1.0, -4.331917303826236e-17, -1.1712398707441946e-17, 4.331917303826236e-17, 1.0, -5.775889738434995e-17, 1.1712398707441946e-17, 5.775889738434995e-17, 1.0], "world_rotation": [-0.7896765794068324, 0.16013129347666225, -0.5922574345551229, -7.314247236221149e-17]}], "source": "manual check"}
{"timestamp": 1706068472.380015, "objects": [{"color": "cv_", "id_name": "hand", "shape": "CVCylinder", "id_string": "ob383", "world_size": [0.12, 0.005, 0.12], "id": 383, "camera_size": [48, 50], "camera_position": [246, 426], "world_position": [0.26764451554000884, 0.6334703013849475, -0.17389260400847806], "world_orientation": [-0.0006415509382312051, 0.19791547486687347, 0.9802188802612473, -0.0007473674821184793, -0.9802189031248747, 0.19791499033300777, 0.9999995149270026, -0.0006056111687279715, 0.0007767759470956941], "world_rotation": [0.0, 1.0, 0.0, 0.0]}, {"color": "CVBlue", "id_name": "object80732360290927", "shape": "CVCylinder", "id_string": "ob863", "world_size": [0.09, 0.09, 0.09], "id": 863, "camera_size": [37, 37], "camera_position": [256, 254], "world_position": [0.705, 0.6448569696296074, -0.15], "world_orientation": [1.0, -4.331917303826236e-17, -1.1712398707441946e-17, 4.331917303826236e-17, 1.0, -5.775889738434995e-17, 1.1712398707441946e-17, 5.775889738434995e-17, 1.0], "world_rotation": [-0.7896765794068324, 0.16013129347666225, -0.5922574345551229, -7.314247236221149e-17]}], "source": "action wait"}
{"timestamp": 1706068472.415579, "objects": [{"color": "cv_", "id_name": "hand", "shape": "CVCylinder", "id_string": "ob383", "world_size": [0.12, 0.005, 0.12], "id": 383, "camera_size": [49, 51], "camera_position": [246, 421], "world_position": [0.2911316626570591, 0.6677892754011081, -0.17395609512419852], "world_orientation": [-0.00038263329482683835, 0.19838416335432263, 0.9801242662652359, -0.0007151362238095937, -0.9801241416716476, 0.19838385895177457, 0.9999996710859175, -0.0006250140970501733, 0.0005168998311124144], "world_rotation": [0.0, 1.0, 0.0, 0.0]}, {"color": "CVBlue", "id_name": "object80732360290927", "shape": "CVCylinder", "id_string": "ob863", "world_size": [0.09, 0.09, 0.09], "id": 863, "camera_size": [37, 37], "camera_position": [256, 254], "world_position": [0.705, 0.6448569696296074, -0.15], "world_orientation": [1.0, -4.331917303826236e-17, -1.1712398707441946e-17, 4.331917303826236e-17, 1.0, -5.775889738434995e-17, 1.1712398707441946e-17, 5.775889738434995e-17, 1.0], "world_rotation": [-0.7896765794068324, 0.16013129347666225, -0.5922574345551229, -7.314247236221149e-17]}], "source": "action wait"}
{"timestamp": 1706068472.449349, "objects": [{"color": "cv_", "id_name": "hand", "shape": "CVCylinder", "id_string": "ob383", "world_size": [0.12, 0.005, 0.12], "id": 383, "camera_size": [51, 52], "camera_position": [246, 406], "world_position": [0.33719190130637566, 0.7058255107814281, -0.17398391708952052], "world_orientation": [-0.00022291536013909573, 0.18693207333595932, 0.9823728163314891, -0.0007314719791238506, -0.9823726084096622, 0.18693186778915047, 0.9999997076287003, -0.000676908203570062, 0.00035572151743962764], "world_rotation": [0.0, 1.0, 0.0, 0.0]}, {"color": "CVBlue", "id_name": "object80732360290927", "shape": "CVCylinder", "id_string": "ob863", "world_size": [0.09, 0.09, 0.09], "id": 863, "camera_size": [37, 37], "camera_position": [256, 254], "world_position": [0.705, 0.6448569696296074, -0.15], "world_orientation": [1.0, -4.331917303826236e-17, -1.1712398707441946e-17, 4.331917303826236e-17, 1.0, -5.775889738434995e-17, 1.1712398707441946e-17, 5.775889738434995e-17, 1.0], "world_rotation": [-0.7896765794068324, 0.16013129347666225, -0.5922574345551229, -7.314247236221149e-17]}], "source": "action wait"}
{"timestamp": 1706068472.483473, "objects": [{"color": "cv_", "id_name": "hand", "shape": "CVCylinder", "id_string": "ob383", "world_size": [0.12, 0.005, 0.12], "id": 383, "camera_size": [51, 53], "camera_position": [246, 388], "world_position": [0.3877721580211642, 0.739046597369063, -0.17400444883902838], "world_orientation": [-0.00011930121084094239, 0.17877130247797532, 0.983890647977482, -0.0007426820439754154, -0.9838903994732998, 0.17877116727160536, 0.9999997170952613, -0.0007093903007695566, 0.0002501495523208569], "world_rotation": [0.0, 1.0, 0.0, 0.0]}, {"color": "CVBlue", "id_name": "object80732360290927", "shape": "CVCylinder", "id_string": "ob863", "world_size": [0.09, 0.09, 0.09], "id": 863, "camera_size": [37, 37], "camera_position": [256, 254], "world_position": [0.705, 0.6448569696296074, -0.15], "world_orientation": [1.0, -4.331917303826236e-17, -1.1712398707441946e-17, 4.331917303826236e-17, 1.0, -5.775889738434995e-17, 1.1712398707441946e-17, 5.775889738434995e-17, 1.0], "world_rotation": [-0.7896765794068324, 0.16013129347666225, -0.5922574345551229, -7.314247236221149e-17]}], "source": "action wait"}
{"timestamp": 1706068472.509671, "objects": [{"color": "cv_", "id_name": "hand", "shape": "CVCylinder", "id_string": "ob383", "world_size": [0.12, 0.005, 0.12], "id": 383, "camera_size": [52, 54], "camera_position": [245, 367], "world_position": [0.4419014434560651, 0.7670277364133083, -0.17402297270556188], "world_orientation": [-4.6371466686742914e-05, 0.1730058515115422, 0.9849207953903976, -0.0007500439646690884, -0.9849205254251048, 0.17300576877776908, 0.9999997176418293, -0.0007307113670164455, 0.00017543420411293], "world_rotation": [0.0, 1.0, 0.0, 0.0]}, {"color": "CVBlue", "id_name": "object80732360290927", "shape": "CVCylinder", "id_string": "ob863", "world_size": [0.09, 0.09, 0.09], "id": 863, "camera_size": [37, 37], "camera_position": [256, 254], "world_position": [0.705, 0.6448569696296074, -0.15], "world_orientation": [1.0, -4.331917303826236e-17, -1.1712398707441946e-17, 4.331917303826236e-17, 1.0, -5.775889738434995e-17, 1.1712398707441946e-17, 5.775889738434995e-17, 1.0], "world_rotation": [-0.7896765794068324, 0.16013129347666225, -0.5922574345551229, -7.314247236221149e-17]}], "source": "action wait"}
{"timestamp": 1706068472.540885, "objects": [{"color": "cv_", "id_name": "hand", "shape": "CVCylinder", "id_string": "ob383", "world_size": [0.12, 0.005, 0.12], "id": 383, "camera_size": [52, 54], "camera_position": [245, 343], "world_position": [0.4991876109838413, 0.7798282896557661, -0.17403809604040282], "world_orientation": [-4.454772805557567e-06, 0.1551631881302318, 0.9878888525686568, -0.0007645969029082633, -0.9878885643428467, 0.155163139412058, 0.9999997076858229, -0.0007546455405580086, 0.00012303811220151968], "world_rotation": [0.0, 1.0, 0.0, 0.0]}, {"color": "CVBlue", "id_name": "object80732360290927", "shape": "CVCylinder", "id_string": "ob863", "world_size": [0.09, 0.09, 0.09], "id": 863, "camera_size": [37, 37], "camera_position": [256, 254], "world_position": [0.705, 0.6448569696296074, -0.15], "world_orientation": [1.0, -4.331917303826236e-17, -1.1712398707441946e-17, 4.331917303826236e-17, 1.0, -5.775889738434995e-17, 1.1712398707441946e-17, 5.775889738434995e-17, 1.0], "world_rotation": [-0.7896765794068324, 0.16013129347666225, -0.5922574345551229, -7.314247236221149e-17]}], "source": "action wait"}
{"timestamp": 1706068472.571242, "objects": [{"color": "cv_", "id_name": "hand", "shape": "CVCylinder", "id_string": "ob383", "world_size": [0.12, 0.005, 0.12], "id": 383, "camera_size": [52, 52], "camera_position": [245, 317], "world_position": [0.5577645600566358, 0.7698912853843662, -0.1740499549720092], "world_orientation": [5.883728325129217e-07, 0.11470933729824286, 0.9933990980146155, -0.0007769702762434312, -0.9933987981133235, 0.1147093031283609, 0.9999996981583763, -0.0007719090634423029, 8.854125662405942e-05], "world_rotation": [0.0, 1.0, 0.0, 0.0]}, {"color": "CVBlue", "id_name": "object80732360290927", "shape": "CVCylinder", "id_string": "ob863", "world_size": [0.09, 0.09, 0.09], "id": 863, "camera_size": [37, 37], "camera_position": [256, 254], "world_position": [0.705, 0.6448569696296074, -0.15], "world_orientation": [1.0, -4.331917303826236e-17, -1.1712398707441946e-17, 4.331917303826236e-17, 1.0, -5.775889738434995e-17, 1.1712398707441946e-17, 5.775889738434995e-17, 1.0], "world_rotation": [-0.7896765794068324, 0.16013129347666225, -0.5922574345551229, -7.314247236221149e-17]}], "source": "action wait"}
{"timestamp": 1706068472.610514, "objects": [{"color": "cv_", "id_name": "hand", "shape": "CVCylinder", "id_string": "ob383", "world_size": [0.12, 0.005, 0.12], "id": 383, "camera_size": [52, 52], "camera_position": [245, 297], "world_position": [0.6028850098072948, 0.7553317357612122, -0.17405563912411345], "world_orientation": [-1.4568534098239451e-05, 0.08044978442775907, 0.9967586628533934, -0.000775036753091991, -0.9967583645000183, 0.08044974901937481, 0.9999996995528495, -0.0007713525627627557, 7.687284793115725e-05], "world_rotation": [0.0, 1.0, 0.0, 0.0]}, {"color": "CVBlue", "id_name": "object80732360290927", "shape": "CVCylinder", "id_string": "ob863", "world_size": [0.09, 0.09, 0.09], "id": 863, "camera_size": [37, 37], "camera_position": [256, 254], "world_position": [0.705, 0.6448569696296074, -0.15], "world_orientation": [1.0, -4.331917303826236e-17, -1.1712398707441946e-17, 4.331917303826236e-17, 1.0, -5.775889738434995e-17, 1.1712398707441946e-17, 5.775889738434995e-17, 1.0], "world_rotation": [-0.7896765794068324, 0.16013129347666225, -0.5922574345551229, -7.314247236221149e-17]}], "source": "action wait"}
{"timestamp": 1706068472.644109, "objects": [{"color": "cv_", "id_name": "hand", "shape": "CVCylinder", "id_string": "ob383", "world_size": [0.12, 0.005, 0.12], "id": 383, "camera_size": [51, 51], "camera_position": [246, 284], "world_position": [0.6345058798289726, 0.7426187338182509, -0.17406336114615492], "world_orientation": [-2.1407320267374185e-05, 0.05623689834842589, 0.9984174531757123, -0.0007711200948873528, -0.9984171574901906, 0.05623686515985233, 0.9999997024577187, -0.0007686958806470815, 6.473883824182663e-05], "world_rotation": [0.0, 1.0, 0.0, 0.0]}, {"color": "CVBlue", "id_name": "object80732360290927", "shape": "CVCylinder", "id_string": "ob863", "world_size": [0.09, 0.09, 0.09], "id": 863, "camera_size": [37, 37], "camera_position": [256, 254], "world_position": [0.705, 0.6448569696296074, -0.15], "world_orientation": [1.0, -4.331917303826236e-17, -1.1712398707441946e-17, 4.331917303826236e-17, 1.0, -5.775889738434995e-17, 1.1712398707441946e-17, 5.775889738434995e-17, 1.0], "world_rotation": [-0.7896765794068324, 0.16013129347666225, -0.5922574345551229, -7.314247236221149e-17]}], "source": "action wait"}
{"timestamp": 1706068472.680948, "objects": [{"color": "cv_", "id_name": "hand", "shape": "CVCylinder", "id_string": "ob383", "world_size": [0.12, 0.005, 0.12], "id": 383, "camera_size": [51, 51], "camera_position": [246, 274], "world_position": [0.6566092527047839, 0.7324729762774992, -0.17407125566681678], "world_orientation": [-2.315363597066664e-05, 0.03914949592218298, 0.9992333643513653, -0.0007676297670196821, -0.9992330709131246, 0.03914946663835391, 0.9999997051041816, -0.0007661348221766888, 5.3188197207835395e-05], "world_rotation": [0.0, 1.0, 0.0, 0.0]}, {"color": "CVBlue", "id_name": "object80732360290927", "shape": "CVCylinder", "id_string": "ob863", "world_size": [0.09, 0.09, 0.09], "id": 863, "camera_size": [37, 37], "camera_position": [256, 254], "world_position": [0.705, 0.6448569696296074, -0.15], "world_orientation": [1.0, -4.331917303826236e-17, -1.1712398707441946e-17, 4.331917303826236e-17, 1.0, -5.775889738434995e-17, 1.1712398707441946e-17, 5.775889738434995e-17, 1.0], "world_rotation": [-0.7896765794068324, 0.16013129347666225, -0.5922574345551229, -7.314247236221149e-17]}], "source": "action wait"}
{"timestamp": 1706068472.713859, "objects": [{"color": "cv_", "id_name": "hand", "shape": "CVCylinder", "id_string": "ob383", "world_size": [0.12, 0.005, 0.12], "id": 383, "camera_size": [51, 50], "camera_position": [246, 267], "world_position": [0.6720628193411182, 0.7247562947907713, -0.17407836862566708], "world_orientation": [-2.2264346284083994e-05, 0.027098803504600654, 0.9996327597437562, -0.0007651465228789797, -0.9996324678360134, 0.027098778549598822, 0.9999997070275058, -0.000764262193684702, 4.299071869681432e-05], "world_rotation": [0.0, 1.0, 0.0, 0.0]}, {"color": "CVBlue", "id_name": "object80732360290927", "shape": "CVCylinder", "id_string": "ob863", "world_size": [0.09, 0.09, 0.09], "id": 863, "camera_size": [37, 37], "camera_position": [256, 254], "world_position": [0.705, 0.6448569696296074, -0.15], "world_orientation": [1.0, -4.331917303826236e-17, -1.1712398707441946e-17, 4.331917303826236e-17, 1.0, -5.775889738434995e-17, 1.1712398707441946e-17, 5.775889738434995e-17, 1.0], "world_rotation": [-0.7896765794068324, 0.16013129347666225, -0.5922574345551229, -7.314247236221149e-17]}], "source": "action wait"}
{"timestamp": 1706068472.746213, "objects": [{"color": "cv_", "id_name": "hand", "shape": "CVCylinder", "id_string": "ob383", "world_size": [0.12, 0.005, 0.12], "id": 383, "camera_size": [51, 50], "camera_position": [246, 263], "world_position": [0.6828791205518558, 0.7190515799198538, -0.17408437542975663], "world_orientation": [-2.0171431679200205e-05, 0.01860297199434839, 0.9998269495398145, -0.0007636010313338464, -0.9998266585369046, 0.018602951174300806, 0.9999997082532467, -0.000763093641665686, 3.437318373485025e-05], "world_rotation": [0.0, 1.0, 0.0, 0.0]}, {"color": "CVBlue", "id_name": "object80732360290927", "shape": "CVCylinder", "id_string": "ob863", "world_size": [0.09, 0.09, 0.09], "id": 863, "camera_size": [37, 37], "camera_position": [256, 254], "world_position": [0.705, 0.6448569696296074, -0.15], "world_orientation": [1.0, -4.331917303826236e-17, -1.1712398707441946e-17, 4.331917303826236e-17, 1.0, -5.775889738434995e-17, 1.1712398707441946e-17, 5.775889738434995e-17, 1.0], "world_rotation": [-0.7896765794068324, 0.16013129347666225, -0.5922574345551229, -7.314247236221149e-17]}], "source": "action wait"}
{"timestamp": 1706068472.777707, "objects": [{"color": "cv_", "id_name": "hand", "shape": "CVCylinder", "id_string": "ob383", "world_size": [0.12, 0.005, 0.12], "id": 383, "camera_size": [50, 51], "camera_position": [245, 260], "world_position": [0.6904595330217442, 0.7149084199024435, -0.17408925620794818], "world_orientation": [-1.7680607011539015e-05, 0.012614241600375255, 0.999920437132997, -0.000762751045791845, -0.9999201465879238, 0.012614224448103695, 0.9999997089490769, -0.000762467331986971, 2.7300721127667874e-05], "world_rotation": [0.0, 1.0, 0.0, 0.0]}, {"color": "CVBlue", "id_name": "object80732360290927", "shape": "CVCylinder", "id_string": "ob863", "world_size": [0.09, 0.09, 0.09], "id": 863, "camera_size": [37, 37], "camera_position": [256, 254], "world_position": [0.705, 0.6448569696296074, -0.15], "world_orientation": [1.0, -4.331917303826236e-17, -1.1712398707441946e-17, 4.331917303826236e-17, 1.0, -5.775889738434995e-17, 1.1712398707441946e-17, 5.775889738434995e-17, 1.0], "world_rotation": [-0.7896765794068324, 0.16013129347666225, -0.5922574345551229, -7.314247236221149e-17]}], "source": "action wait"}
{"timestamp": 1706068472.800771, "objects": [{"color": "cv_", "id_name": "hand", "shape": "CVCylinder", "id_string": "ob383", "world_size": [0.12, 0.005, 0.12], "id": 383, "camera_size": [49, 50], "camera_position": [246, 257], "world_position": [0.6957785280827391, 0.7119335911301282, -0.1740931239177325], "world_orientation": [-1.5243644186906862e-05, 0.008393022317275615, 0.9999647778517066, -0.0007623583803397795, -0.9999644874804664, 0.008393008258568643, 0.9999997092886235, -0.0007622035884086813, 2.1641593747016232e-05], "world_rotation": [0.0, 1.0, 0.0, 0.0]}, {"color": "CVBlue", "id_name": "object80732360290927", "shape": "CVCylinder", "id_string": "ob863", "world_size": [0.09, 0.09, 0.09], "id": 863, "camera_size": [37, 37], "camera_position": [256, 254], "world_position": [0.705, 0.6448569696296074, -0.15], "world_orientation": [1.0, -4.331917303826236e-17, -1.1712398707441946e-17, 4.331917303826236e-17, 1.0, -5.775889738434995e-17, 1.1712398707441946e-17, 5.775889738434995e-17, 1.0], "world_rotation": [-0.7896765794068324, 0.16013129347666225, -0.5922574345551229, -7.314247236221149e-17]}], "source": "action wait"}
{"timestamp": 1706068472.831234, "objects": [{"color": "cv_", "id_name": "hand", "shape": "CVCylinder", "id_string": "ob383", "world_size": [0.12, 0.005, 0.12], "id": 383, "camera_size": [49, 50], "camera_position": [246, 256], "world_position": [0.6995145320870755, 0.7098136056745765, -0.17409613642922844], "world_orientation": [-1.3044833164544186e-05, 0.005417691086314899, 0.9999853241188722, -0.0007622392803728963, -0.9999850337576852, 0.00541767956977478, 0.9999997094105137, -0.0007621574211140688, 1.7174214887691942e-05], "world_rotation": [0.0, 1.0, 0.0, 0.0]}, {"color": "CVBlue", "id_name": "object80732360290927", "shape": "CVCylinder", "id_string": "ob863", "world_size": [0.09, 0.09, 0.09], "id": 863, "camera_size": [37, 37], "camera_position": [256, 254], "world_position": [0.705, 0.6448569696296074, -0.15], "world_orientation": [1.0, -4.331917303826236e-17, -1.1712398707441946e-17, 4.331917303826236e-17, 1.0, -5.775889738434995e-17, 1.1712398707441946e-17, 5.775889738434995e-17, 1.0], "world_rotation": [-0.7896765794068324, 0.16013129347666225, -0.5922574345551229, -7.314247236221149e-17]}], "source": "action wait"}
{"timestamp": 1706068472.863845, "objects": [{"color": "cv_", "id_name": "hand", "shape": "CVCylinder", "id_string": "ob383", "world_size": [0.12, 0.005, 0.12], "id": 383, "camera_size": [49, 50], "camera_position": [246, 255], "world_position": [0.702140810812997, 0.7083102917457954, -0.17409845395884876], "world_orientation": [-1.1168203611806976e-05, 0.0033205049042026166, 0.9999944870460299, -0.0007622686196129053, -0.9999941966114972, 0.0033204954265902867, 0.9999997094108691, -0.0007622273332924391, 1.3699255488492305e-05], "world_rotation": [0.0, 1.0, 0.0, 0.0]}, {"color": "CVBlue", "id_name": "object80732360290927", "shape": "CVCylinder", "id_string": "ob863", "world_size": [0.09, 0.09, 0.09], "id": 863, "camera_size": [37, 37], "camera_position": [256, 254], "world_position": [0.705, 0.6448569696296074, -0.15], "world_orientation": [1.0, -4.331917303826236e-17, -1.1712398707441946e-17, 4.331917303826236e-17, 1.0, -5.775889738434995e-17, 1.1712398707441946e-17, 5.775889738434995e-17, 1.0], "world_rotation": [-0.7896765794068324, 0.16013129347666225, -0.5922574345551229, -7.314247236221149e-17]}], "source": "action wait"}
{"timestamp": 1706068472.897508, "objects": [{"color": "cv_", "id_name": "hand", "shape": "CVCylinder", "id_string": "ob383", "world_size": [0.12, 0.005, 0.12], "id": 383, "camera_size": [49, 50], "camera_position": [246, 254], "world_position": [0.7039881859368453, 0.7072477524793143, -0.17410022050418353], "world_orientation": [-9.619900005159497e-06, 0.0018422554651308768, 0.9999983029996896, -0.0007623676242185868, -0.9999980124577253, 0.001842247595965041, 0.9999997093514894, -0.0007623486082432016, 1.1024356807722543e-05], "world_rotation": [0.0, 1.0, 0.0, 0.0]}, {"color": "CVBlue", "id_name": "object80732360290927", "shape": "CVCylinder", "id_string": "ob863", "world_size": [0.09, 0.09, 0.09], "id": 863, "camera_size": [37, 37], "camera_position": [256, 254], "world_position": [0.705, 0.6448569696296074, -0.15], "world_orientation": [1.0, -4.331917303826236e-17, -1.1712398707441946e-17, 4.331917303826236e-17, 1.0, -5.775889738434995e-17, 1.1712398707441946e-17, 5.775889738434995e-17, 1.0], "world_rotation": [-0.7896765794068324, 0.16013129347666225, -0.5922574345551229, -7.314247236221149e-17]}], "source": "action wait"}
{"timestamp": 1706068472.940482, "objects": [{"color": "cv_", "id_name": "hand", "shape": "CVCylinder", "id_string": "ob383", "world_size": [0.12, 0.005, 0.12], "id": 383, "camera_size": [49, 50], "camera_position": [246, 253], "world_position": [0.7052883229011283, 0.7064983555675153, -0.17410155760147988], "world_orientation": [-8.372648958065724e-06, 0.0008002509285825914, 0.9999996797641238, -0.000762490230682842, -0.9999993891086582, 0.0008002443119204794, 0.9999997092692313, -0.0007624832863417874, 8.98282735879101e-06], "world_rotation": [0.0, 1.0, 0.0, 0.0]}, {"color": "CVBlue", "id_name": "object80732360290927", "shape": "CVCylinder", "id_string": "ob863", "world_size": [0.09, 0.09, 0.09], "id": 863, "camera_size": [37, 37], "camera_position": [256, 254], "world_position": [0.705, 0.6448569696296074, -0.15], "world_orientation": [1.0, -4.331917303826236e-17, -1.1712398707441946e-17, 4.331917303826236e-17, 1.0, -5.775889738434995e-17, 1.1712398707441946e-17, 5.775889738434995e-17, 1.0], "world_rotation": [-0.7896765794068324, 0.16013129347666225, -0.5922574345551229, -7.314247236221149e-17]}], "source": "action wait"}
{"timestamp": 1706068472.975558, "objects": [{"color": "cv_", "id_name": "hand", "shape": "CVCylinder", "id_string": "ob383", "world_size": [0.12, 0.005, 0.12], "id": 383, "camera_size": [49, 50], "camera_position": [246, 253], "world_position": [0.7062036894228616, 0.7059705363722448, -0.17410256404804608], "world_orientation": [-7.385541319001098e-06, 6.573149122395069e-05, 0.9999999978124126, -0.000762611667028697, -0.9999997070517368, 6.572583981218884e-05, 0.9999997091844073, -0.0007626111799398967, 7.435666757882748e-06], "world_rotation": [0.0, 1.0, 0.0, 0.0]}, {"color": "CVBlue", "id_name": "object80732360290927", "shape": "CVCylinder", "id_string": "ob863", "world_size": [0.09, 0.09, 0.09], "id": 863, "camera_size": [37, 37], "camera_position": [256, 254], "world_position": [0.705, 0.6448569696296074, -0.15], "world_orientation": [1.0, -4.331917303826236e-17, -1.1712398707441946e-17, 4.331917303826236e-17, 1.0, -5.775889738434995e-17, 1.1712398707441946e-17, 5.775889738434995e-17, 1.0], "world_rotation": [-0.7896765794068324, 0.16013129347666225, -0.5922574345551229, -7.314247236221149e-17]}], "source": "action wait"}
{"timestamp": 1706068473.00751, "objects": [{"color": "cv_", "id_name": "hand", "shape": "CVCylinder", "id_string": "ob383", "world_size": [0.12, 0.005, 0.12], "id": 383, "camera_size": [49, 50], "camera_position": [246, 253], "world_position": [0.706848357442282, 0.705599092787868, -0.17410331821969757], "world_orientation": [-6.614725826343063e-06, -0.00045205255002562085, 0.9999998978023635, -0.0007627201907077979, -0.9999996069509028, -0.00045205746373055836, 0.9999997091070358, -0.0007627231029961659, 6.269933619629863e-06], "world_rotation": [0.0, 1.0, 0.0, 0.0]}, {"color": "CVBlue", "id_name": "object80732360290927", "shape": "CVCylinder", "id_string": "ob863", "world_size": [0.09, 0.09, 0.09], "id": 863, "camera_size": [37, 37], "camera_position": [256, 254], "world_position": [0.705, 0.6448569696296074, -0.15], "world_orientation": [1.0, -4.331917303826236e-17, -1.1712398707441946e-17, 4.331917303826236e-17, 1.0, -5.775889738434995e-17, 1.1712398707441946e-17, 5.775889738434995e-17, 1.0], "world_rotation": [-0.7896765794068324, 0.16013129347666225, -0.5922574345551229, -7.314247236221149e-17]}], "source": "action wait"}
{"timestamp": 1706068473.038093, "objects": [{"color": "cv_", "id_name": "hand", "shape": "CVCylinder", "id_string": "ob383", "world_size": [0.12, 0.005, 0.12], "id": 383, "camera_size": [49, 49], "camera_position": [246, 253], "world_position": [0.7073024919325132, 0.7053378224840248, -0.1741038812557555], "world_orientation": [-6.018996977056146e-06, -0.0008170629281243281, 0.9999996661859158, -0.0007628115627655349, -0.9999993752595934, -0.0008170672817808019, 0.9999997090411035, -0.0007628162260541791, 5.395728168029333e-06], "world_rotation": [0.0, 1.0, 0.0, 0.0]}, {"color": "CVBlue", "id_name": "object80732360290927", "shape": "CVCylinder", "id_string": "ob863", "world_size": [0.09, 0.09, 0.09], "id": 863, "camera_size": [37, 37], "camera_position": [256, 254], "world_position": [0.705, 0.6448569696296074, -0.15], "world_orientation": [1.0, -4.331917303826236e-17, -1.1712398707441946e-17, 4.331917303826236e-17, 1.0, -5.775889738434995e-17, 1.1712398707441946e-17, 5.775889738434995e-17, 1.0], "world_rotation": [-0.7896765794068324, 0.16013129347666225, -0.5922574345551229, -7.314247236221149e-17]}], "source": "action wait"}
{"timestamp": 1706068473.065491, "objects": [{"color": "cv_", "id_name": "hand", "shape": "CVCylinder", "id_string": "ob383", "world_size": [0.12, 0.005, 0.12], "id": 383, "camera_size": [49, 50], "camera_position": [246, 252], "world_position": [0.7076224690471274, 0.7051540918347831, -0.17410430027670626], "world_orientation": [-5.562410132056989e-06, -0.0010743821671071571, 0.9999994228358428, -0.0007628855567268127, -0.9999991318496932, -0.001074386097961071, 0.9999997089873012, -0.0007628910925931168, 4.7427746657219936e-06], "world_rotation": [0.0, 1.0, 0.0, 0.0]}, {"color": "CVBlue", "id_name": "object80732360290927", "shape": "CVCylinder", "id_string": "ob863", "world_size": [0.09, 0.09, 0.09], "id": 863, "camera_size": [37, 37], "camera_position": [256, 254], "world_position": [0.705, 0.6448569696296074, -0.15], "world_orientation": [1.0, -4.331917303826236e-17, -1.1712398707441946e-17, 4.331917303826236e-17, 1.0, -5.775889738434995e-17, 1.1712398707441946e-17, 5.775889738434995e-17, 1.0], "world_rotation": [-0.7896765794068324, 0.16013129347666225, -0.5922574345551229, -7.314247236221149e-17]}], "source": "action wait"}
{"timestamp": 1706068474.121662, "objects": [{"color": "cv_", "id_name": "hand", "shape": "CVCylinder", "id_string": "ob383", "world_size": [0.12, 0.005, 0.12], "id": 383, "camera_size": [49, 50], "camera_position": [246, 252], "world_position": [0.7083866489931679, 0.7047185197096536, -0.17410548223546543], "world_orientation": [-4.181191026693322e-06, -0.0016893480379483888, 0.999998573041844, -0.000763119554972999, -0.9999982818698404, -0.0016893507368096557, 0.9999997088154888, -0.0007631255295318319, 2.8920093203128757e-06], "world_rotation": [0.0, 1.0, 0.0, 0.0]}, {"color": "CVBlue", "id_name": "object80732360290927", "shape": "CVCylinder", "id_string": "ob863", "world_size": [0.09, 0.09, 0.09], "id": 863, "camera_size": [37, 37], "camera_position": [256, 254], "world_position": [0.705, 0.6448569696296074, -0.15], "world_orientation": [1.0, -4.331917303826236e-17, -1.1712398707441946e-17, 4.331917303826236e-17, 1.0, -5.775889738434995e-17, 1.1712398707441946e-17, 5.775889738434995e-17, 1.0], "world_rotation": [-0.7896765794068324, 0.16013129347666225, -0.5922574345551229, -7.314247236221149e-17]}], "source": "action wait"}
{"timestamp": 1706068474.161386, "objects": [{"color": "cv_", "id_name": "hand", "shape": "CVCylinder", "id_string": "ob383", "world_size": [0.12, 0.005, 0.12], "id": 383, "camera_size": [51, 51], "camera_position": [246, 251], "world_position": [0.7112846444010027, 0.7282025713491754, -0.17409763558402042], "world_orientation": [1.9102493025328036e-05, 0.03261049705237798, 0.9994681361189519, -0.0007431461730042471, -0.9994678598520804, 0.032610502241883006, 0.9999997236843919, -0.0007433738622884692, 5.142038262746724e-06], "world_rotation": [0.0, 1.0, 0.0, 0.0]}, {"color": "CVBlue", "id_name": "object80732360290927", "shape": "CVCylinder", "id_string": "ob863", "world_size": [0.09, 0.09, 0.09], "id": 863, "camera_size": [38, 38], "camera_position": [252, 251], "world_position": [0.7106356919409703, 0.6736577611298018, -0.15866700288160332], "world_orientation": [0.9994225940360097, -0.0339776179508716, -2.9526084710212324e-06, 0.033977618027347854, 0.9994225935374622, 3.1623413151556585e-05, 1.8764153654425727e-06, -3.170547620701382e-05, 0.9999999994956209], "world_rotation": [0.0009319202676181249, 7.106180499283657e-05, -0.999999563237322, -0.033984173975015304]}], "source": "action wait"}
{"timestamp": 1706068474.194661, "objects": [{"color": "cv_", "id_name": "hand", "shape": "CVCylinder", "id_string": "ob383", "world_size": [0.12, 0.005, 0.12], "id": 383, "camera_size": [52, 53], "camera_position": [245, 249], "world_position": [0.7153244691624924, 0.7846735417240273, -0.17410890301887713], "world_orientation": [8.157198261270675e-05, 0.1137519066672302, 0.9935091831863365, -0.0007253712683059852, -0.9935089183868784, 0.11375193590554032, 0.9999997335912321, -0.0007299419872196864, 1.4698725956112445e-06], "world_rotation": [0.0, 1.0, 0.0, 0.0]}, {"color": "CVBlue", "id_name": "object80732360290927", "shape": "CVCylinder", "id_string": "ob863", "world_size": [0.09, 0.09, 0.09], "id": 863, "camera_size": [39, 44], "camera_position": [250, 247], "world_position": [0.7191099961722339, 0.7335954612994064, -0.16423201616142005], "world_orientation": [0.993376311789585, -0.11490649746329581, -4.0048520789427845e-06, 0.11490649751437823, 0.9933763103955704, 5.266746223606574e-05, -2.0735084339665333e-06, -5.277879291283472e-05, 0.9999999986050498], "world_rotation": [0.0004588349934504084, 8.403978381610709e-06, -0.9999998946999054, -0.11516088536311044]}], "source": "action wait"}
{"timestamp": 1706068474.228221, "objects": [{"color": "cv_", "id_name": "hand", "shape": "CVCylinder", "id_string": "ob383", "world_size": [0.12, 0.005, 0.12], "id": 383, "camera_size": [56, 55], "camera_position": [244, 250], "world_position": [0.7137797816938067, 0.8548296067741887, -0.17411226263409232], "world_orientation": [0.0001565140007814579, 0.2128141942092876, 0.9770926743387339, -0.0007211875080553316, -0.9770924081862985, 0.2128142517626067, 0.9999997276959358, -0.0007379754409124131, 5.50296462568785e-07], "world_rotation": [0.0, 1.0, 0.0, 0.0]}, {"color": "CVBlue", "id_name": "object80732360290927", "shape": "CVCylinder", "id_string": "ob863", "world_size": [0.09, 0.09, 0.09], "id": 863, "camera_size": [41, 50], "camera_position": [248, 245], "world_position": [0.7225648130306183, 0.8064405151842997, -0.16779032616601175], "world_orientation": [0.9768728403891366, -0.21382107859800614, -7.56609281064186e-06, 0.21382107870910466, 0.9768728391572024, 4.915914493407015e-05, -3.1201508274999576e-06, -4.964002366923098e-05, 0.9999999987630663], "world_rotation": [0.00023103233456532205, 1.0396406874955538e-05, -0.9999999732579872, -0.21548484402318566]}], "source": "action wait"}
{"timestamp": 1706068474.262942, "objects": [{"color": "cv_", "id_name": "hand", "shape": "CVCylinder", "id_string": "ob383", "world_size": [0.12, 0.005, 0.12], "id": 383, "camera_size": [59, 57], "camera_position": [244, 254], "world_position": [0.7047902163514957, 0.924437488561418, -0.17411319352797425], "world_orientation": [0.00023165220651258673, 0.3097443525929617, 0.9508198474863797, -0.0007095574906645072, -0.9508195827297723, 0.30974443921683137, 0.9999997214326727, -0.0007464143278562543, -4.780287608827069e-07], "world_rotation": [0.0, 1.0, 0.0, 0.0]}, {"color": "CVBlue", "id_name": "object80732360290927", "shape": "CVCylinder", "id_string": "ob863", "world_size": [0.09, 0.09, 0.09], "id": 863, "camera_size": [44, 55], "camera_position": [246, 247], "world_position": [0.7183177271796234, 0.8784875850025329, -0.17006644256640935], "world_orientation": [0.9505263180431817, -0.3106440384288726, -9.79150476018364e-06, 0.3106440385549531, 0.9505263170596457, 4.344300501265787e-05, -4.188227560448436e-06, -4.433539218164666e-05, 0.9999999990084159], "world_rotation": [0.0001412845338040078, 9.018806816292392e-06, -0.9999999899786708, -0.31587052064004595]}], "source": "action wait"}
{"timestamp": 1706068474.298012, "objects": [{"color": "cv_", "id_name": "hand", "shape": "CVCylinder", "id_string": "ob383", "world_size": [0.12, 0.005, 0.12], "id": 383, "camera_size": [63, 59], "camera_position": [243, 262], "world_position": [0.6886102009888501, 0.992721927493334, -0.17411364422041745], "world_orientation": [0.00030542763842221146, 0.4035451360270709, 0.9149596875834751, -0.0006874437855601433, -0.9149594293344658, 0.40354525160505955, 0.9999997170674598, -0.0007522372244617331, -2.0393017984572848e-06], "world_rotation": [0.0, 1.0, 0.0, 0.0]}, {"color": "CVBlue", "id_name": "object80732360290927", "shape": "CVCylinder", "id_string": "ob863", "world_size": [0.09, 0.09, 0.09], "id": 863, "camera_size": [47, 62], "camera_position": [245, 252], "world_position": [0.7066351443454524, 0.9492014047522542, -0.17152294603761606], "world_orientation": [0.914599229553325, -0.4043615327608391, -1.112516457857293e-05, 0.4043615328729985, 0.9145992287234583, 3.938342453221542e-05, -5.750074966233112e-06, -4.051863833679187e-05, 0.9999999991625883], "world_rotation": [9.880027647614745e-05, 6.646390852935438e-06, -0.9999999950971654, -0.4162806408670349]}], "source": "action wait"}
{"timestamp": 1706068474.326388, "objects": [{"color": "cv_", "id_name": "hand", "shape": "CVCylinder", "id_string": "ob383", "world_size": [0.12, 0.005, 0.12], "id": 383, "camera_size": [66, 60], "camera_position": [242, 275], "world_position": [0.6655010251033732, 1.058994605272465, -0.17411406776633812], "world_orientation": [0.00037664039011437724, 0.49327341455899504, 0.8698742418483987, -0.0006560805407531332, -0.8698739944415348, 0.4932735583351827, 0.9999997138501294, -0.0007564943084237327, -4.002592053313938e-06], "world_rotation": [0.0, 1.0, 0.0, 0.0]}, {"color": "CVBlue", "id_name": "object80732360290927", "shape": "CVCylinder", "id_string": "ob863", "world_size": [0.09, 0.09, 0.09], "id": 863, "camera_size": [50, 68], "camera_position": [243, 262], "world_position": [0.6877721519588245, 1.0180394436580984, -0.17245521271647063], "world_orientation": [0.869450798443253, -0.4940195430808761, -1.1855476346248468e-05, 0.4940195431631617, 0.8694507977134326, 3.6446354892333595e-05, -7.697458224355623e-06, -3.754514937004094e-05, 0.9999999992655555], "world_rotation": [7.488722367808056e-05, 4.2083538678648425e-06, -0.9999999971870968, -0.5167067976952168]}], "source": "action wait"}
{"timestamp": 1706068474.355009, "objects": [{"color": "cv_", "id_name": "hand", "shape": "CVCylinder", "id_string": "ob383", "world_size": [0.12, 0.005, 0.12], "id": 383, "camera_size": [71, 60], "camera_position": [242, 289], "world_position": [0.6420976357925053, 1.108974871796607, -0.17411358510894032], "world_orientation": [0.0004371917957891561, 0.5602094156645465, 0.8283509035813995, -0.0006354302327810618, -0.8283506598842425, 0.560209586224441, 0.9999997025458324, -0.0007712782425069845, -6.17411313554615e-06], "world_rotation": [0.0, 1.0, 0.0, 0.0]}, {"color": "CVBlue", "id_name": "object80732360290927", "shape": "CVCylinder", "id_string": "ob863", "world_size": [0.09, 0.09, 0.09], "id": 863, "camera_size": [52, 73], "camera_position": [242, 275], "world_position": [0.6674672440467009, 1.0703656299055417, -0.17305161928029653], "world_orientation": [0.827882459721762, -0.560901624938976, -5.08543093734662e-06, 0.5609016248758132, 0.827882459401514, 2.5039431066306553e-05, -9.834518501111754e-06, -2.3582132257158816e-05, 0.9999999996735827], "world_rotation": [-4.3342326994852215e-05, 4.233440721486535e-06, 0.9999999990517605, 0.5954744729332441]}], "source": "action wait"}
{"timestamp": 1706068474.390801, "objects": [{"color": "cv_", "id_name": "hand", "shape": "CVCylinder", "id_string": "ob383", "world_size": [0.12, 0.005, 0.12], "id": 383, "camera_size": [73, 61], "camera_position": [241, 302], "world_position": [0.6228754791857671, 1.1427871631143325, -0.1741146851862088], "world_orientation": [0.00047899252550612817, 0.6053638567846382, 0.7959487241430748, -0.0006136073313454749, -0.795948487684364, 0.6053640462060966, 0.999999697026056, -0.0007783648258521986, -9.797675633576622e-06], "world_rotation": [0.0, 1.0, 0.0, 0.0]}, {"color": "CVBlue", "id_name": "object80732360290927", "shape": "CVCylinder", "id_string": "ob863", "world_size": [0.09, 0.09, 0.09], "id": 863, "camera_size": [54, 76], "camera_position": [241, 285], "world_position": [0.6502818353508133, 1.1060339806815107, -0.1734345986603626], "world_orientation": [0.7954511364644186, -0.6060177303489798, 3.694384284810701e-07, 0.6060177302002707, 0.7954511362824395, 2.1676901737575977e-05, -1.3430457009725321e-05, -1.7019029884305487e-05, 0.9999999997649878], "world_rotation": [-3.192640220453321e-05, 1.1385719213219406e-05, 0.9999999994255351, 0.651044683082897]}], "source": "action wait"}
{"timestamp": 1706068474.424073, "objects": [{"color": "cv_", "id_name": "hand", "shape": "CVCylinder", "id_string": "ob383", "world_size": [0.12, 0.005, 0.12], "id": 383, "camera_size": [75, 61], "camera_position": [241, 312], "world_position": [0.608061626242117, 1.1658372444682843, -0.17411634637882858], "world_orientation": [0.0005069300040289897, 0.6360964011113218, 0.7716094293845788, -0.0005938334790059905, -0.7716092009929623, 0.6360966029659345, 0.9999996951918386, -0.0007806639653896646, -1.3416516512542687e-05], "world_rotation": [0.0, 1.0, 0.0, 0.0]}, {"color": "CVBlue", "id_name": "object80732360290927", "shape": "CVCylinder", "id_string": "ob863", "world_size": [0.09, 0.09, 0.09], "id": 863, "camera_size": [56, 78], "camera_position": [241, 294], "world_position": [0.6368252289390113, 1.130477263185145, -0.17368055028653973], "world_orientation": [0.7710923736702356, -0.6367232925337531, 3.5465847117844094e-06, 0.6367232923158861, 0.7710923735314463, 2.2451262047984087e-05, -1.7029985916070707e-05, -1.5053803850307966e-05, 0.9999999997416813], "world_rotation": [-2.9451620761587325e-05, 1.6158173307814477e-05, 0.9999999994357578, 0.6902413355753912]}], "source": "action wait"}
