{"timestamp": 1706068860.63579, "objects": [{"color": "cv_", "id_name": "hand", "shape": "CVCylinder", "id_string": "ob383", "world_size": [0.12, 0.005, 0.12], "id": 383, "camera_size": [48, 50], "camera_position": [246, 426], "world_position": [0.26764451554000884, 0.6334703013849473, -0.17389260400847814], "world_orientation": [-0.0006415509380288769, 0.19791547486687341, 0.9802188802612475, -0.0007473674820779018, -0.9802189031248748, 0.19791499033300777, 0.9999995149270028, -0.0006056111687282395, 0.0007767759468893371], "world_rotation": [0.0, 1.0, 0.0, 0.0]}, {"color": "CVRed", "id_name": "object245365880550023", "shape": "CVBox", "id_string": "ob982", "world_size": [0.1, 0.1, 0.1], "id": 982, "camera_size": [41, 41], "camera_position": [256, 254], "world_position": [0.705, 0.6498037932383656, -0.15], "world_orientation": [1.0, 2.1316282072802963e-17, -9.624447840080312e-18, -2.1316282072802963e-17, 1.0, -1.5774048733874193e-16, 9.624447840080312e-18, 1.5774048733874193e-16, 1.0], "world_rotation": [-0.9891858493133231, 0.06035462278252622, 0.13367376342071935, -1.5946496550495827e-16]}], "source": "manual check"}
{"timestamp": 1706068861.664519, "objects": [{"color": "cv_", "id_name": "hand", "shape": "CVCylinder", "id_string": "ob383", "world_size": [0.12, 0.005, 0.12], "id": 383, "camera_size": [48, 50], "camera_position": [246, 426], "world_position": [0.26764451554000884, 0.6334703013849473, -0.17389260400847814], "world_orientation": [-0.0006415509380288769, 0.19791547486687341, 0.9802188802612475, -0.0007473674820779018, -0.9802189031248748, 0.19791499033300777, 0.9999995149270028, -0.0006056111687282395, 0.0007767759468893371], "world_rotation": [0.0, 1.0, 0.0, 0.0]}, {"color": "CVRed", "id_name": "object245365880550023", "shape": "CVBox", "id_string": "ob982", "world_size": [0.1, 0.1, 0.1], "id": 982, "camera_size": [41, 41], "camera_position": [256, 254], "world_position": [0.705, 0.6498037994254439, -0.15], "world_orientation": [1.0, 8.100187187665134e-17, -1.2653630886983698e-17, -8.100187187665134e-17, 1.0, -1.9397816686250694e-16, 1.2653630886983698e-17, 1.9397816686250694e-16, 1.0], "world_rotation": [-0.9211093596285536, 0.06008602943210125, 0.38463907325148433, -2.1059189642881336e-16]}], "source": "manual check"}
{"timestamp": 1706068863.067206, "objects": [{"color": "cv_", "id_name": "hand", "shape": "CVCylinder", "id_string": "ob383", "world_size": [0.12, 0.005, 0.12], "id": 383, "camera_size": [48, 50], "camera_position": [246, 426], "world_position": [0.26764451554000884, 0.6334703013849473, -0.17389260400847814], "world_orientation": [-0.0006415509380288769, 0.19791547486687341, 0.9802188802612475, -0.0007473674820779018, -0.9802189031248748, 0.19791499033300777, 0.9999995149270028, -0.0006056111687282395, 0.0007767759468893371], "world_rotation": [0.0, 1.0, 0.0, 0.0]}, {"color": "CVRed", "id_name": "object245365880550023", "shape": "CVBox", "id_string": "ob982", "world_size": [0.1, 0.1, 0.1], "id": 982, "camera_size": [41, 41], "camera_position": [256, 254], "world_position": [0.705, 0.6498037994254439, -0.15], "world_orientation": [1.0, 8.100187187665134e-17, -1.2653630886983698e-17, -8.100187187665134e-17, 1.0, -1.9397816686250694e-16, 1.2653630886983698e-17, 1.9397816686250694e-16, 1.0], "world_rotation": [-0.9211093596285536, 0.06008602943210125, 0.38463907325148433, -2.1059189642881336e-16]}], "source": "action wait"}
{"timestamp": 1706068863.098487, "objects": [{"color": "cv_", "id_name": "hand", "shape": "CVCylinder", "id_string": "ob383", "world_size": [0.12, 0.005, 0.12], "id": 383, "camera_size": [49, 51], "camera_position": [246, 421], "world_position": [0.2909612360330658, 0.6676242261181201, -0.1739561756091503], "world_orientation": [-0.0003838654030571073, 0.1968207897451578, 0.9804394062722308, -0.0007155492104835802, -0.9804392815712796, 0.1968204845571742, 0.9999996703182856, -0.0006260000684509383, 0.0005171916807027105], "world_rotation": [0.0, 1.0, 0.0, 0.0]}, {"color": "CVRed", "id_name": "object245365880550023", "shape": "CVBox", "id_string": "ob982", "world_size": [0.1, 0.1, 0.1], "id": 982, "camera_size": [41, 41], "camera_position": [256, 254], "world_position": [0.705, 0.6498037994254439, -0.15], "world_orientation": [1.0, 8.100187187665134e-17, -1.2653630886983698e-17, -8.100187187665134e-17, 1.0, -1.9397816686250694e-16, 1.2653630886983698e-17, 1.9397816686250694e-16, 1.0], "world_rotation": [-0.9211093596285536, 0.06008602943210125, 0.38463907325148433, -2.1059189642881336e-16]}], "source": "action wait"}
{"timestamp": 1706068863.133612, "objects": [{"color": "cv_", "id_name": "hand", "shape": "CVCylinder", "id_string": "ob383", "world_size": [0.12, 0.005, 0.12], "id": 383, "camera_size": [51, 52], "camera_position": [246, 406], "world_position": [0.3369028437831261, 0.7054931562665, -0.1739840171086043], "world_orientation": [-0.00022508847436927896, 0.18417734217046827, 0.9828930033153155, -0.0007320252139138636, -0.9828927952143219, 0.18417713553767553, 0.9999997067370894, -0.0006780463105547436, 0.00035606029804419686], "world_rotation": [0.0, 1.0, 0.0, 0.0]}, {"color": "CVRed", "id_name": "object245365880550023", "shape": "CVBox", "id_string": "ob982", "world_size": [0.1, 0.1, 0.1], "id": 982, "camera_size": [41, 41], "camera_position": [256, 254], "world_position": [0.705, 0.6498037994254439, -0.15], "world_orientation": [1.0, 8.100187187665134e-17, -1.2653630886983698e-17, -8.100187187665134e-17, 1.0, -1.9397816686250694e-16, 1.2653630886983698e-17, 1.9397816686250694e-16, 1.0], "world_rotation": [-0.9211093596285536, 0.06008602943210125, 0.38463907325148433, -2.1059189642881336e-16]}], "source": "action wait"}
{"timestamp": 1706068863.171121, "objects": [{"color": "cv_", "id_name": "hand", "shape": "CVCylinder", "id_string": "ob383", "world_size": [0.12, 0.005, 0.12], "id": 383, "camera_size": [51, 52], "camera_position": [246, 388], "world_position": [0.387396590195938, 0.738598286809013, -0.17400453815217795], "world_orientation": [-0.0001221551797968356, 0.17517272010269813, 0.9845377104052104, -0.0007432983568751798, -0.984537461681211, 0.1751725836250374, 0.9999997162927922, -0.0007104070239779488, 0.0002504719456705023], "world_rotation": [0.0, 1.0, 0.0, 0.0]}, {"color": "CVRed", "id_name": "object245365880550023", "shape": "CVBox", "id_string": "ob982", "world_size": [0.1, 0.1, 0.1], "id": 982, "camera_size": [41, 41], "camera_position": [256, 254], "world_position": [0.705, 0.6498037994254439, -0.15], "world_orientation": [1.0, 8.100187187665134e-17, -1.2653630886983698e-17, -8.100187187665134e-17, 1.0, -1.9397816686250694e-16, 1.2653630886983698e-17, 1.9397816686250694e-16, 1.0], "world_rotation": [-0.9211093596285536, 0.06008602943210125, 0.38463907325148433, -2.1059189642881336e-16]}], "source": "action wait"}
{"timestamp": 1706068863.208605, "objects": [{"color": "cv_", "id_name": "hand", "shape": "CVCylinder", "id_string": "ob383", "world_size": [0.12, 0.005, 0.12], "id": 383, "camera_size": [52, 53], "camera_position": [245, 368], "world_position": [0.44146332084541084, 0.7664988188637173, -0.1740230430128174], "world_orientation": [-4.970669235458374e-05, 0.16881042014455297, 0.9856485375527445, -0.0007506914963486561, -0.9856482673443447, 0.16881033600869594, 0.9999997169957211, -0.0007315269720913711, 0.00017571786209269406], "world_rotation": [0.0, 1.0, 0.0, 0.0]}, {"color": "CVRed", "id_name": "object245365880550023", "shape": "CVBox", "id_string": "ob982", "world_size": [0.1, 0.1, 0.1], "id": 982, "camera_size": [41, 41], "camera_position": [256, 254], "world_position": [0.705, 0.6498037994254439, -0.15], "world_orientation": [1.0, 8.100187187665134e-17, -1.2653630886983698e-17, -8.100187187665134e-17, 1.0, -1.9397816686250694e-16, 1.2653630886983698e-17, 1.9397816686250694e-16, 1.0], "world_rotation": [-0.9211093596285536, 0.06008602943210125, 0.38463907325148433, -2.1059189642881336e-16]}], "source": "action wait"}
{"timestamp": 1706068863.245104, "objects": [{"color": "cv_", "id_name": "hand", "shape": "CVCylinder", "id_string": "ob383", "world_size": [0.12, 0.005, 0.12], "id": 383, "camera_size": [52, 53], "camera_position": [245, 344], "world_position": [0.4986640156620128, 0.7804783647131381, -0.1740382350434569], "world_orientation": [-6.8496508996894235e-06, 0.1522896975278369, 0.988335898356405, -0.0007644840163817392, -0.9883356103675589, 0.15228964785425655, 0.9999997077585929, -0.0007545238661866029, 0.00012319279352280573], "world_rotation": [0.0, 1.0, 0.0, 0.0]}, {"color": "CVRed", "id_name": "object245365880550023", "shape": "CVBox", "id_string": "ob982", "world_size": [0.1, 0.1, 0.1], "id": 982, "camera_size": [41, 41], "camera_position": [256, 254], "world_position": [0.705, 0.6498037994254439, -0.15], "world_orientation": [1.0, 8.100187187665134e-17, -1.2653630886983698e-17, -8.100187187665134e-17, 1.0, -1.9397816686250694e-16, 1.2653630886983698e-17, 1.9397816686250694e-16, 1.0], "world_rotation": [-0.9211093596285536, 0.06008602943210125, 0.38463907325148433, -2.1059189642881336e-16]}], "source": "action wait"}
{"timestamp": 1706068863.276318, "objects": [{"color": "cv_", "id_name": "hand", "shape": "CVCylinder", "id_string": "ob383", "world_size": [0.12, 0.005, 0.12], "id": 383, "camera_size": [52, 53], "camera_position": [245, 318], "world_position": [0.5572637405625894, 0.7713700514644453, -0.17405008061641417], "world_orientation": [-9.427090688489444e-07, 0.112717040973983, 0.9936271275851826, -0.0007770150590856642, -0.9936268277157615, 0.1127170062196052, 0.999999698123309, -0.0007719569819060689, 8.851953927430289e-05], "world_rotation": [0.0, 1.0, 0.0, 0.0]}, {"color": "CVRed", "id_name": "object245365880550023", "shape": "CVBox", "id_string": "ob982", "world_size": [0.1, 0.1, 0.1], "id": 982, "camera_size": [41, 41], "camera_position": [256, 254], "world_position": [0.705, 0.6498037994254439, -0.15], "world_orientation": [1.0, 8.100187187665134e-17, -1.2653630886983698e-17, -8.100187187665134e-17, 1.0, -1.9397816686250694e-16, 1.2653630886983698e-17, 1.9397816686250694e-16, 1.0], "world_rotation": [-0.9211093596285536, 0.06008602943210125, 0.38463907325148433, -2.1059189642881336e-16]}], "source": "action wait"}
{"timestamp": 1706068863.306403, "objects": [{"color": "cv_", "id_name": "hand", "shape": "CVCylinder", "id_string": "ob383", "world_size": [0.12, 0.005, 0.12], "id": 383, "camera_size": [52, 52], "camera_position": [245, 297], "world_position": [0.6024839107378682, 0.7573659217173847, -0.17405572889791623], "world_orientation": [-1.563770316681206e-05, 0.07903976723484345, 0.9968714636054761, -0.0007751485698698277, -0.9968711651976474, 0.07903973141515215, 0.9999996994500333, -0.0007714874894999015, 7.685633791223977e-05], "world_rotation": [0.0, 1.0, 0.0, 0.0]}, {"color": "CVRed", "id_name": "object245365880550023", "shape": "CVBox", "id_string": "ob982", "world_size": [0.1, 0.1, 0.1], "id": 982, "camera_size": [41, 41], "camera_position": [256, 254], "world_position": [0.705, 0.6498037994254439, -0.15], "world_orientation": [1.0, 8.100187187665134e-17, -1.2653630886983698e-17, -8.100187187665134e-17, 1.0, -1.9397816686250694e-16, 1.2653630886983698e-17, 1.9397816686250694e-16, 1.0], "world_rotation": [-0.9211093596285536, 0.06008602943210125, 0.38463907325148433, -2.1059189642881336e-16]}], "source": "action wait"}
{"timestamp": 1706068863.337407, "objects": [{"color": "cv_", "id_name": "hand", "shape": "CVCylinder", "id_string": "ob383", "world_size": [0.12, 0.005, 0.12], "id": 383, "camera_size": [51, 51], "camera_position": [246, 284], "world_position": [0.6342008915933421, 0.7450375951256201, -0.1740634313152426], "world_orientation": [-2.2170113475833655e-05, 0.055240591245047536, 0.9984730725399578, -0.0007712566204320144, -0.9984727767655945, 0.05524055775631548, 0.9999997023358116, -0.0007688542780859575, 6.474092647812945e-05], "world_rotation": [0.0, 1.0, 0.0, 0.0]}, {"color": "CVRed", "id_name": "object245365880550023", "shape": "CVBox", "id_string": "ob982", "world_size": [0.1, 0.1, 0.1], "id": 982, "camera_size": [41, 41], "camera_position": [256, 254], "world_position": [0.705, 0.6498037994254439, -0.15], "world_orientation": [1.0, 8.100187187665134e-17, -1.2653630886983698e-17, -8.100187187665134e-17, 1.0, -1.9397816686250694e-16, 1.2653630886983698e-17, 1.9397816686250694e-16, 1.0], "world_rotation": [-0.9211093596285536, 0.06008602943210125, 0.38463907325148433, -2.1059189642881336e-16]}], "source": "action wait"}
{"timestamp": 1706068863.372358, "objects": [{"color": "cv_", "id_name": "hand", "shape": "CVCylinder", "id_string": "ob383", "world_size": [0.12, 0.005, 0.12], "id": 383, "camera_size": [51, 50], "camera_position": [246, 274], "world_position": [0.6563842597995125, 0.7351591084751069, -0.1740713186497405], "world_orientation": [-2.370427063801113e-05, 0.03844606956607434, 0.9992606762867375, -0.0007677651009188771, -0.9992603827534015, 0.03844604005974517, 0.9999997049873853, -0.000766286138635364, 5.3204289031338476e-05], "world_rotation": [0.0, 1.0, 0.0, 0.0]}, {"color": "CVRed", "id_name": "object245365880550023", "shape": "CVBox", "id_string": "ob982", "world_size": [0.1, 0.1, 0.1], "id": 982, "camera_size": [41, 41], "camera_position": [256, 254], "world_position": [0.705, 0.6498037994254439, -0.15], "world_orientation": [1.0, 8.100187187665134e-17, -1.2653630886983698e-17, -8.100187187665134e-17, 1.0, -1.9397816686250694e-16, 1.2653630886983698e-17, 1.9397816686250694e-16, 1.0], "world_rotation": [-0.9211093596285536, 0.06008602943210125, 0.38463907325148433, -2.1059189642881336e-16]}], "source": "action wait"}
{"timestamp": 1706068863.405744, "objects": [{"color": "cv_", "id_name": "hand", "shape": "CVCylinder", "id_string": "ob383", "world_size": [0.12, 0.005, 0.12], "id": 383, "camera_size": [51, 51], "camera_position": [246, 268], "world_position": [0.671900024816592, 0.7276287472018991, -0.17407843121409772], "world_orientation": [-2.2664601806946028e-05, 0.02660234885098016, 0.9996460946364603, -0.0007652675824107671, -0.9996458026409657, 0.02660232372983896, 0.9999997069258787, -0.0007643938190346855, 4.301448925685368e-05], "world_rotation": [0.0, 1.0, 0.0, 0.0]}, {"color": "CVRed", "id_name": "object245365880550023", "shape": "CVBox", "id_string": "ob982", "world_size": [0.1, 0.1, 0.1], "id": 982, "camera_size": [41, 41], "camera_position": [256, 254], "world_position": [0.705, 0.6498037994254439, -0.15], "world_orientation": [1.0, 8.100187187665134e-17, -1.2653630886983698e-17, -8.100187187665134e-17, 1.0, -1.9397816686250694e-16, 1.2653630886983698e-17, 1.9397816686250694e-16, 1.0], "world_rotation": [-0.9211093596285536, 0.06008602943210125, 0.38463907325148433, -2.1059189642881336e-16]}], "source": "action wait"}
{"timestamp": 1706068863.440179, "objects": [{"color": "cv_", "id_name": "hand", "shape": "CVCylinder", "id_string": "ob383", "world_size": [0.12, 0.005, 0.12], "id": 383, "camera_size": [51, 50], "camera_position": [246, 263], "world_position": [0.682762909348896, 0.7220542998946681, -0.17408444076214494], "world_orientation": [-2.0463589343456676e-05, 0.018252652903316, 0.9998334062448768, -0.0007637029494457065, -0.9998331151669175, 0.01825263195877863, 0.9999997081694807, -0.000763202206939072, 3.439977913860682e-05], "world_rotation": [0.0, 1.0, 0.0, 0.0]}, {"color": "CVRed", "id_name": "object245365880550023", "shape": "CVBox", "id_string": "ob982", "world_size": [0.1, 0.1, 0.1], "id": 982, "camera_size": [41, 41], "camera_position": [256, 254], "world_position": [0.705, 0.6498037994254439, -0.15], "world_orientation": [1.0, 8.100187187665134e-17, -1.2653630886983698e-17, -8.100187187665134e-17, 1.0, -1.9397816686250694e-16, 1.2653630886983698e-17, 1.9397816686250694e-16, 1.0], "world_rotation": [-0.9211093596285536, 0.06008602943210125, 0.38463907325148433, -2.1059189642881336e-16]}], "source": "action wait"}
{"timestamp": 1706068863.473333, "objects": [{"color": "cv_", "id_name": "hand", "shape": "CVCylinder", "id_string": "ob383", "world_size": [0.12, 0.005, 0.12], "id": 383, "camera_size": [51, 51], "camera_position": [246, 260], "world_position": [0.6903774368044551, 0.7180024314903989, -0.17408932537434088], "world_orientation": [-1.7894403412347403e-05, 0.012367060929116575, 0.9999235248176562, -0.0007628335187479043, -0.9999232342112846, 0.012367043683400665, 0.9999997088823641, -0.0007625538800471318, 2.7327038339852558e-05], "world_rotation": [0.0, 1.0, 0.0, 0.0]}, {"color": "CVRed", "id_name": "object245365880550023", "shape": "CVBox", "id_string": "ob982", "world_size": [0.1, 0.1, 0.1], "id": 982, "camera_size": [41, 41], "camera_position": [256, 254], "world_position": [0.705, 0.6498037994254439, -0.15], "world_orientation": [1.0, 8.100187187665134e-17, -1.2653630886983698e-17, -8.100187187665134e-17, 1.0, -1.9397816686250694e-16, 1.2653630886983698e-17, 1.9397816686250694e-16, 1.0], "world_rotation": [-0.9211093596285536, 0.06008602943210125, 0.38463907325148433, -2.1059189642881336e-16]}], "source": "action wait"}
{"timestamp": 1706068863.508661, "objects": [{"color": "cv_", "id_name": "hand", "shape": "CVCylinder", "id_string": "ob383", "world_size": [0.12, 0.005, 0.12], "id": 383, "camera_size": [50, 50], "camera_position": [245, 257], "world_position": [0.695721065993231, 0.7150916951444953, -0.17409319697623374], "world_orientation": [-1.5400490737874502e-05, 0.008218619520872102, 0.999966226457672, -0.0007624233003702684, -0.9999659360378854, 0.008218605391852566, 0.9999997092367258, -0.0007622709800788249, 2.1666033156099762e-05], "world_rotation": [0.0, 1.0, 0.0, 0.0]}, {"color": "CVRed", "id_name": "object245365880550023", "shape": "CVBox", "id_string": "ob982", "world_size": [0.1, 0.1, 0.1], "id": 982, "camera_size": [41, 41], "camera_position": [256, 254], "world_position": [0.705, 0.6498037994254439, -0.15], "world_orientation": [1.0, 8.100187187665134e-17, -1.2653630886983698e-17, -8.100187187665134e-17, 1.0, -1.9397816686250694e-16, 1.2653630886983698e-17, 1.9397816686250694e-16, 1.0], "world_rotation": [-0.9211093596285536, 0.06008602943210125, 0.38463907325148433, -2.1059189642881336e-16]}], "source": "action wait"}
{"timestamp": 1706068863.53903, "objects": [{"color": "cv_", "id_name": "hand", "shape": "CVCylinder", "id_string": "ob383", "world_size": [0.12, 0.005, 0.12], "id": 383, "camera_size": [50, 50], "camera_position": [245, 256], "world_position": [0.6994746965250568, 0.7130167670670866, -0.17409621298238914], "world_orientation": [-1.3160194488425462e-05, 0.005294638042219486, 0.9999859832191705, -0.000762289367130433, -0.9999856928203704, 0.00529462647262479, 0.9999997093708228, -0.0007622090039736911, 1.7196052485913625e-05], "world_rotation": [0.0, 1.0, 0.0, 0.0]}, {"color": "CVRed", "id_name": "object245365880550023", "shape": "CVBox", "id_string": "ob982", "world_size": [0.1, 0.1, 0.1], "id": 982, "camera_size": [41, 41], "camera_position": [256, 254], "world_position": [0.705, 0.6498037994254439, -0.15], "world_orientation": [1.0, 8.100187187665134e-17, -1.2653630886983698e-17, -8.100187187665134e-17, 1.0, -1.9397816686250694e-16, 1.2653630886983698e-17, 1.9397816686250694e-16, 1.0], "world_rotation": [-0.9211093596285536, 0.06008602943210125, 0.38463907325148433, -2.1059189642881336e-16]}], "source": "action wait"}
{"timestamp": 1706068863.568761, "objects": [{"color": "cv_", "id_name": "hand", "shape": "CVCylinder", "id_string": "ob383", "world_size": [0.12, 0.005, 0.12], "id": 383, "camera_size": [49, 50], "camera_position": [246, 255], "world_position": [0.7021135122030285, 0.7115451600159279, -0.1740985334564319], "world_orientation": [-1.1253377622011897e-05, 0.003233681104097572, 0.999994771576271, -0.000762306680303285, -0.9999944811130697, 0.0032336715862578747, 0.9999997093809011, -0.0007622663049138455, 1.3718372223882596e-05], "world_rotation": [0.0, 1.0, 0.0, 0.0]}, {"color": "CVRed", "id_name": "object245365880550023", "shape": "CVBox", "id_string": "ob982", "world_size": [0.1, 0.1, 0.1], "id": 982, "camera_size": [41, 41], "camera_position": [256, 254], "world_position": [0.705, 0.6498037994254439, -0.15], "world_orientation": [1.0, 8.100187187665134e-17, -1.2653630886983698e-17, -8.100187187665134e-17, 1.0, -1.9397816686250694e-16, 1.2653630886983698e-17, 1.9397816686250694e-16, 1.0], "world_rotation": [-0.9211093596285536, 0.06008602943210125, 0.38463907325148433, -2.1059189642881336e-16]}], "source": "action wait"}
{"timestamp": 1706068863.601188, "objects": [{"color": "cv_", "id_name": "hand", "shape": "CVCylinder", "id_string": "ob383", "world_size": [0.12, 0.005, 0.12], "id": 383, "camera_size": [49, 50], "camera_position": [246, 254], "world_position": [0.7039697690169591, 0.7105049488751333, -0.1741003023903554], "world_orientation": [-9.683134258446739e-06, 0.0017809923437771766, 0.9999984139849966, -0.000762396207836171, -0.9999981234214558, 0.0017809844438887324, 0.9999997093290873, -0.0007623777531532326, 1.1040937896731153e-05], "world_rotation": [0.0, 1.0, 0.0, 0.0]}, {"color": "CVRed", "id_name": "object245365880550023", "shape": "CVBox", "id_string": "ob982", "world_size": [0.1, 0.1, 0.1], "id": 982, "camera_size": [41, 41], "camera_position": [256, 254], "world_position": [0.705, 0.6498037994254439, -0.15], "world_orientation": [1.0, 8.100187187665134e-17, -1.2653630886983698e-17, -8.100187187665134e-17, 1.0, -1.9397816686250694e-16, 1.2653630886983698e-17, 1.9397816686250694e-16, 1.0], "world_rotation": [-0.9211093596285536, 0.06008602943210125, 0.38463907325148433, -2.1059189642881336e-16]}], "source": "action wait"}
{"timestamp": 1706068863.635436, "objects": [{"color": "cv_", "id_name": "hand", "shape": "CVCylinder", "id_string": "ob383", "world_size": [0.12, 0.005, 0.12], "id": 383, "camera_size": [49, 50], "camera_position": [246, 253], "world_position": [0.7052761817131263, 0.7097712836663426, -0.1741016413783165], "world_orientation": [-8.419965397219804e-06, 0.0007570214047345718, 0.9999997134238076, -0.0007625114973091459, -0.9999994227522649, 0.0007570147643680226, 0.9999997092526183, -0.0007625049047537586, 8.997198061997993e-06], "world_rotation": [0.0, 1.0, 0.0, 0.0]}, {"color": "CVRed", "id_name": "object245365880550023", "shape": "CVBox", "id_string": "ob982", "world_size": [0.1, 0.1, 0.1], "id": 982, "camera_size": [41, 41], "camera_position": [256, 254], "world_position": [0.705, 0.6498037994254439, -0.15], "world_orientation": [1.0, 8.100187187665134e-17, -1.2653630886983698e-17, -8.100187187665134e-17, 1.0, -1.9397816686250694e-16, 1.2653630886983698e-17, 1.9397816686250694e-16, 1.0], "world_rotation": [-0.9211093596285536, 0.06008602943210125, 0.38463907325148433, -2.1059189642881336e-16]}], "source": "action wait"}
{"timestamp": 1706068863.663877, "objects": [{"color": "cv_", "id_name": "hand", "shape": "CVCylinder", "id_string": "ob383", "world_size": [0.12, 0.005, 0.12], "id": 383, "camera_size": [49, 50], "camera_position": [246, 253], "world_position": [0.7061959750719303, 0.7092545526652749, -0.1741026492963237], "world_orientation": [-7.421337171724849e-06, 3.5225019115963636e-05, 0.9999999993520609, -0.0007626273704409059, -0.9999997085795032, 3.5219349158997656e-05, 0.9999997091721665, -0.0007626271085724889, 7.448198573061769e-06], "world_rotation": [0.0, 1.0, 0.0, 0.0]}, {"color": "CVRed", "id_name": "object245365880550023", "shape": "CVBox", "id_string": "ob982", "world_size": [0.1, 0.1, 0.1], "id": 982, "camera_size": [41, 41], "camera_position": [256, 254], "world_position": [0.705, 0.6498037994254439, -0.15], "world_orientation": [1.0, 8.100187187665134e-17, -1.2653630886983698e-17, -8.100187187665134e-17, 1.0, -1.9397816686250694e-16, 1.2653630886983698e-17, 1.9397816686250694e-16, 1.0], "world_rotation": [-0.9211093596285536, 0.06008602943210125, 0.38463907325148433, -2.1059189642881336e-16]}], "source": "action wait"}
{"timestamp": 1706068863.698366, "objects": [{"color": "cv_", "id_name": "hand", "shape": "CVCylinder", "id_string": "ob383", "world_size": [0.12, 0.005, 0.12], "id": 383, "camera_size": [49, 50], "camera_position": [246, 253], "world_position": [0.7068437623502523, 0.7088909264746684, -0.17410340459925716], "world_orientation": [-6.6422080369236425e-06, -0.0004735826680389096, 0.9999998878376625, -0.000762731714160011, -0.9999995969774791, -0.0004735875965154661, 0.9999997090980645, -0.0007627347742779668, 6.2809888401387345e-06], "world_rotation": [0.0, 1.0, 0.0, 0.0]}, {"color": "CVRed", "id_name": "object245365880550023", "shape": "CVBox", "id_string": "ob982", "world_size": [0.1, 0.1, 0.1], "id": 982, "camera_size": [41, 41], "camera_position": [256, 254], "world_position": [0.705, 0.6498037994254439, -0.15], "world_orientation": [1.0, 8.100187187665134e-17, -1.2653630886983698e-17, -8.100187187665134e-17, 1.0, -1.9397816686250694e-16, 1.2653630886983698e-17, 1.9397816686250694e-16, 1.0], "world_rotation": [-0.9211093596285536, 0.06008602943210125, 0.38463907325148433, -2.1059189642881336e-16]}], "source": "action wait"}
{"timestamp": 1706068863.733035, "objects": [{"color": "cv_", "id_name": "hand", "shape": "CVCylinder", "id_string": "ob383", "world_size": [0.12, 0.005, 0.12], "id": 383, "camera_size": [49, 49], "camera_position": [246, 253], "world_position": [0.707300093287106, 0.7086351686447423, -0.17410396849714346], "world_orientation": [-6.040489476230986e-06, -0.0008322600575117222, 0.9999996536532948, -0.0007628199748772251, -0.999999362720605, -0.0008322644231872299, 0.9999997090345568, -0.0007628247379619179, 5.405621030953233e-06], "world_rotation": [0.0, 1.0, 0.0, 0.0]}, {"color": "CVRed", "id_name": "object245365880550023", "shape": "CVBox", "id_string": "ob982", "world_size": [0.1, 0.1, 0.1], "id": 982, "camera_size": [41, 41], "camera_position": [256, 254], "world_position": [0.705, 0.6498037994254439, -0.15], "world_orientation": [1.0, 8.100187187665134e-17, -1.2653630886983698e-17, -8.100187187665134e-17, 1.0, -1.9397816686250694e-16, 1.2653630886983698e-17, 1.9397816686250694e-16, 1.0], "world_rotation": [-0.9211093596285536, 0.06008602943210125, 0.38463907325148433, -2.1059189642881336e-16]}], "source": "action wait"}
{"timestamp": 1706068863.765665, "objects": [{"color": "cv_", "id_name": "hand", "shape": "CVCylinder", "id_string": "ob383", "world_size": [0.12, 0.005, 0.12], "id": 383, "camera_size": [49, 50], "camera_position": [246, 252], "world_position": [0.7076216164578499, 0.7084553256809824, -0.1741043881699969], "world_orientation": [-5.5795888997114666e-06, -0.0010851112513837326, 0.9999994112510469, -0.0007628916703710065, -0.9999991202602724, -0.0010851151922502277, 0.9999997089825414, -0.0007628972757164021, 4.7517616563829154e-06], "world_rotation": [0.0, 1.0, 0.0, 0.0]}, {"color": "CVRed", "id_name": "object245365880550023", "shape": "CVBox", "id_string": "ob982", "world_size": [0.1, 0.1, 0.1], "id": 982, "camera_size": [41, 41], "camera_position": [256, 254], "world_position": [0.705, 0.6498037994254439, -0.15], "world_orientation": [1.0, 8.100187187665134e-17, -1.2653630886983698e-17, -8.100187187665134e-17, 1.0, -1.9397816686250694e-16, 1.2653630886983698e-17, 1.9397816686250694e-16, 1.0], "world_rotation": [-0.9211093596285536, 0.06008602943210125, 0.38463907325148433, -2.1059189642881336e-16]}], "source": "action wait"}
{"timestamp": 1706068864.824944, "objects": [{"color": "cv_", "id_name": "hand", "shape": "CVCylinder", "id_string": "ob383", "world_size": [0.12, 0.005, 0.12], "id": 383, "camera_size": [49, 50], "camera_position": [246, 252], "world_position": [0.7083894704667879, 0.7080290621266879, -0.17410557203331503], "world_orientation": [-4.187367791983533e-06, -0.0016893726951561514, 0.9999985730001633, -0.0007631195444489313, -0.9999982818281855, -0.0016893753987238735, 0.9999997088154711, -0.0007631255295139641, 2.8981672761978253e-06], "world_rotation": [0.0, 1.0, 0.0, 0.0]}, {"color": "CVRed", "id_name": "object245365880550023", "shape": "CVBox", "id_string": "ob982", "world_size": [0.1, 0.1, 0.1], "id": 982, "camera_size": [41, 41], "camera_position": [256, 254], "world_position": [0.705, 0.6498037994254439, -0.15], "world_orientation": [1.0, 8.100187187665134e-17, -1.2653630886983698e-17, -8.100187187665134e-17, 1.0, -1.9397816686250694e-16, 1.2653630886983698e-17, 1.9397816686250694e-16, 1.0], "world_rotation": [-0.9211093596285536, 0.06008602943210125, 0.38463907325148433, -2.1059189642881336e-16]}], "source": "action wait"}
{"timestamp": 1706068864.860614, "objects": [{"color": "cv_", "id_name": "hand", "shape": "CVCylinder", "id_string": "ob383", "world_size": [0.12, 0.005, 0.12], "id": 383, "camera_size": [51, 50], "camera_position": [246, 251], "world_position": [0.7110202140901313, 0.7301039071524743, -0.17409372569675205], "world_orientation": [1.6522560435609628e-05, 0.03059243559892482, 0.9995319417663102, -0.0007432706233614713, -0.9995316654306879, 0.030592439427671286, 0.9999997236378545, -0.000743428194856009, 6.223636328783964e-06], "world_rotation": [0.0, 1.0, 0.0, 0.0]}, {"color": "CVRed", "id_name": "object245365880550023", "shape": "CVBox", "id_string": "ob982", "world_size": [0.1, 0.1, 0.1], "id": 982, "camera_size": [42, 44], "camera_position": [252, 251], "world_position": [0.7104386829931657, 0.6748077525094557, -0.15866241524449798], "world_orientation": [0.9994891599039016, -0.03195964985498277, -3.96739552735783e-06, 0.03195964996441228, 0.9994891594105669, 3.154220790180927e-05, 2.957290900493122e-06, -3.16528914496183e-05, 0.9999999994946744], "world_rotation": [0.0009886695923384075, 0.00010833477560693238, -0.9999995053978845, -0.03196510892749871]}], "source": "action wait"}
{"timestamp": 1706068864.890395, "objects": [{"color": "cv_", "id_name": "hand", "shape": "CVCylinder", "id_string": "ob383", "world_size": [0.12, 0.005, 0.12], "id": 383, "camera_size": [52, 52], "camera_position": [245, 249], "world_position": [0.714735901113953, 0.7829061876181767, -0.17410822429076528], "world_orientation": [7.61600849552057e-05, 0.10658142561268104, 0.9943039746043512, -0.0007258120300396475, -0.9943037096951665, 0.10658145281111167, 0.9999997336982338, -0.0007297950387851293, 1.631825887212678e-06], "world_rotation": [0.0, 1.0, 0.0, 0.0]}, {"color": "CVRed", "id_name": "object245365880550023", "shape": "CVBox", "id_string": "ob982", "world_size": [0.1, 0.1, 0.1], "id": 982, "camera_size": [44, 48], "camera_position": [249, 247], "world_position": [0.7187342498177582, 0.729560632156476, -0.1642309700533902], "world_orientation": [0.9941794375355982, -0.10773692944809563, -3.807586986966797e-06, 0.10773692949852517, 0.9941794361340833, 5.282372677923538e-05, -1.905641441465788e-06, -5.2926480708688676e-05, 0.9999999985975783], "world_rotation": [0.0004907796948782293, 8.82680305476076e-06, -0.999999879528682, -0.1079464602565788]}], "source": "action wait"}
{"timestamp": 1706068864.916311, "objects": [{"color": "cv_", "id_name": "hand", "shape": "CVCylinder", "id_string": "ob383", "world_size": [0.12, 0.005, 0.12], "id": 383, "camera_size": [56, 55], "camera_position": [244, 250], "world_position": [0.7134360083622181, 0.852962711083883, -0.174113433324984], "world_orientation": [0.0001509965629806151, 0.20574173698067166, 0.9786063124996762, -0.0007192756533213728, -0.9786060481658575, 0.2057417923897285, 0.99999972992125, -0.0007349539982802136, 2.1887249757738565e-07], "world_rotation": [0.0, 1.0, 0.0, 0.0]}, {"color": "CVRed", "id_name": "object245365880550023", "shape": "CVBox", "id_string": "ob982", "world_size": [0.1, 0.1, 0.1], "id": 982, "camera_size": [46, 54], "camera_position": [247, 245], "world_position": [0.7229349511463863, 0.8013529994336668, -0.16779119905933362], "world_orientation": [0.9783937688246301, -0.20675017066195348, -7.509279281303599e-06, 0.20675017076948785, 0.9783937674362162, 5.223748820449479e-05, -3.453077554465745e-06, -5.266137773209313e-05, 0.9999999986074278], "world_rotation": [0.0002536850687788164, 9.809427441052136e-06, -0.9999999677738302, -0.20825219744162485]}], "source": "action wait"}
{"timestamp": 1706068864.948359, "objects": [{"color": "cv_", "id_name": "hand", "shape": "CVCylinder", "id_string": "ob383", "world_size": [0.12, 0.005, 0.12], "id": 383, "camera_size": [59, 57], "camera_position": [244, 254], "world_position": [0.7046683618915838, 0.9225455642529473, -0.17411468564160468], "world_orientation": [0.0002260477479810227, 0.3028605735339392, 0.9530348482091876, -0.0007089074631700241, -0.953034584551816, 0.30286065789130867, 0.999999723176274, -0.0007440744862252228, -7.312007073565609e-07], "world_rotation": [0.0, 1.0, 0.0, 0.0]}, {"color": "CVRed", "id_name": "object245365880550023", "shape": "CVBox", "id_string": "ob982", "world_size": [0.1, 0.1, 0.1], "id": 982, "camera_size": [49, 62], "camera_position": [246, 246], "world_position": [0.7194057702620106, 0.8728333660857885, -0.17006777698868908], "world_orientation": [0.9527478341565817, -0.3037623485738021, -9.94337237830588e-06, 0.30376234870402635, 0.9527478330651628, 4.581976031361632e-05, -4.444791517161845e-06, -4.667509954804458e-05, 0.9999999989008395], "world_rotation": [0.00015224872206894512, 9.050793855507408e-06, -0.9999999883692048, -0.3086391299925872]}], "source": "action wait"}
{"timestamp": 1706068864.980693, "objects": [{"color": "cv_", "id_name": "hand", "shape": "CVCylinder", "id_string": "ob383", "world_size": [0.12, 0.005, 0.12], "id": 383, "camera_size": [62, 59], "camera_position": [243, 262], "world_position": [0.6886992019935749, 0.9908200625183661, -0.17411508085620897], "world_orientation": [0.0002998463210254049, 0.39691883015147733, 0.9178536660946375, -0.0006878464578970527, -0.917853408358567, 0.3969189434025697, 0.9999997184796775, -0.0007503570780157624, -2.195756344132031e-06], "world_rotation": [0.0, 1.0, 0.0, 0.0]}, {"color": "CVRed", "id_name": "object245365880550023", "shape": "CVBox", "id_string": "ob982", "world_size": [0.1, 0.1, 0.1], "id": 982, "camera_size": [52, 68], "camera_position": [244, 251], "world_position": [0.7084181650200082, 0.943274681955223, -0.1715242868942235], "world_orientation": [0.9174991217709796, -0.3977378048647203, -1.1440055579841777e-05, 0.3977378049853184, 0.9174991208626556, 4.125184667219209e-05, -5.911178004888953e-06, -4.239867568840366e-05, 0.9999999990837052], "world_rotation": [0.0001051578714171182, 6.950404859417267e-06, -0.9999999944467569, -0.4090499168090741]}], "source": "action wait"}
{"timestamp": 1706068865.021788, "objects": [{"color": "cv_", "id_name": "hand", "shape": "CVCylinder", "id_string": "ob383", "world_size": [0.12, 0.005, 0.12], "id": 383, "camera_size": [66, 59], "camera_position": [242, 275], "world_position": [0.6657929687760132, 1.0570992555817165, -0.17411530241311832], "world_orientation": [0.00037118150962104447, 0.4869709977829582, 0.873418061149732, -0.0006573763654397021, -0.8734178137726888, 0.48697113922783086, 0.99999971504026, -0.0007549190731486093, -4.073318048456923e-06], "world_rotation": [0.0, 1.0, 0.0, 0.0]}, {"color": "CVRed", "id_name": "object245365880550023", "shape": "CVBox", "id_string": "ob982", "world_size": [0.1, 0.1, 0.1], "id": 982, "camera_size": [55, 75], "camera_position": [244, 261], "world_position": [0.6902253790005356, 1.0120515856245966, -0.17245637449694376], "world_orientation": [0.8730000241685879, -0.487720163260161, -1.2293365492708141e-05, 0.4877201633531416, 0.8730000233786266, 3.79434093262364e-05, -7.773657428702918e-06, -3.912031948510649e-05, 0.9999999992045855], "world_rotation": [7.900404203871338e-05, 4.633505429843971e-06, -0.9999999968684461, -0.5094763471626379]}], "source": "action wait"}
{"timestamp": 1706068865.056954, "objects": [{"color": "cv_", "id_name": "hand", "shape": "CVCylinder", "id_string": "ob383", "world_size": [0.12, 0.005, 0.12], "id": 383, "camera_size": [71, 61], "camera_position": [242, 290], "world_position": [0.6419259551262069, 1.1084475412176602, -0.17411449925791925], "world_orientation": [0.0004330530641431801, 0.5559725657338934, 0.8312005285226396, -0.0006365124413136254, -0.8312002848321678, 0.5559727343555934, 0.999999703658434, -0.000769835173823965, -6.070375144056816e-06], "world_rotation": [0.0, 1.0, 0.0, 0.0]}, {"color": "CVRed", "id_name": "object245365880550023", "shape": "CVBox", "id_string": "ob982", "world_size": [0.1, 0.1, 0.1], "id": 982, "camera_size": [58, 80], "camera_position": [242, 273], "world_position": [0.6699017250326048, 1.0658171949558, -0.1730525198171861], "world_orientation": [0.8307356226430468, -0.5566671583969582, -5.84168202219106e-06, 0.5566671583424476, 0.8307356222866522, 2.6209789932044963e-05, -9.737235933747035e-06, -2.5025278689774093e-05, 0.9999999996394608], "world_rotation": [-4.6019482016240765e-05, 3.4989974249746938e-06, 0.999999998934982, 0.590368466525112]}], "source": "action wait"}
{"timestamp": 1706068865.090455, "objects": [{"color": "cv_", "id_name": "hand", "shape": "CVCylinder", "id_string": "ob383", "world_size": [0.12, 0.005, 0.12], "id": 383, "camera_size": [73, 61], "camera_position": [241, 303], "world_position": [0.622210815518868, 1.1431628585373808, -0.17411530041031809], "world_orientation": [0.00047638141649059213, 0.602494633414738, 0.7981227911588458, -0.0006150069228366033, -0.7981225542654627, 0.6024948216700777, 0.9999996974135698, -0.0007778683784118622, -9.672382411583627e-06], "world_rotation": [0.0, 1.0, 0.0, 0.0]}, {"color": "CVRed", "id_name": "object245365880550023", "shape": "CVBox", "id_string": "ob982", "world_size": [0.1, 0.1, 0.1], "id": 982, "camera_size": [60, 84], "camera_position": [241, 284], "world_position": [0.6525178687114332, 1.1024837515713761, -0.17343526065777168], "world_orientation": [0.7976275560441237, -0.6031502978852581, 5.295834236206427e-08, 0.603150297738372, 0.7976275558518081, 2.1999635791752336e-05, -1.3311327914342823e-05, -1.7515573890472837e-05, 0.9999999997580067], "world_rotation": [-3.2757349040494266e-05, 1.1078736342499662e-05, 0.9999999994021089, 0.6474448240577365]}], "source": "action wait"}
{"timestamp": 1706068865.123577, "objects": [{"color": "cv_", "id_name": "hand", "shape": "CVCylinder", "id_string": "ob383", "world_size": [0.12, 0.005, 0.12], "id": 383, "camera_size": [75, 62], "camera_position": [241, 312], "world_position": [0.6069783040509297, 1.1668017719811972, -0.1741168471597983], "world_orientation": [0.0005053382127614178, 0.634135785159211, 0.773221540448662, -0.0005950836097653477, -0.7732213115713867, 0.6341359863683197, 0.9999996952543476, -0.0007805846114376303, -1.3374463544087398e-05], "world_rotation": [0.0, 1.0, 0.0, 0.0]}, {"color": "CVRed", "id_name": "object245365880550023", "shape": "CVBox", "id_string": "ob982", "world_size": [0.1, 0.1, 0.1], "id": 982, "camera_size": [62, 87], "camera_position": [241, 294], "world_position": [0.6388395656157979, 1.1276050143004306, -0.17368111075782922], "world_orientation": [0.7727060725864807, -0.6347639918706387, 3.525351176511437e-06, 0.6347639916529457, 0.7727060724463335, 2.2480675931714417e-05, -1.6993983855961447e-05, -1.5133188823503666e-05, 0.9999999997410955], "world_rotation": [-2.9628228146179217e-05, 1.6162963941791028e-05, 0.9999999994304632, 0.6877030513659915]}], "source": "action wait"}
