{"timestamp": 1706069125.518171, "objects": [{"color": "cv_", "id_name": "hand", "shape": "CVCylinder", "id_string": "ob383", "world_size": [0.12, 0.005, 0.12], "id": 383, "camera_size": [48, 50], "camera_position": [246, 426], "world_position": [0.2676445155400088, 0.6334703013849479, -0.17389260400847806], "world_orientation": [-0.000641550938672277, 0.19791547486687375, 0.9802188802612469, -0.0007473674822077664, -0.9802189031248747, 0.19791499033300772, 0.9999995149270023, -0.0006056111687281973, 0.0007767759475457126], "world_rotation": [0.0, 1.0, 0.0, 0.0]}, {"color": "CVGreen", "id_name": "object111227256590725", "shape": "CVCone", "id_string": "ob1080", "world_size": [0.11, 0.11, 0.11], "id": 1080, "camera_size": [45, 45], "camera_position": [256, 254], "world_position": [0.705, 0.654738849708696, -0.15], "world_orientation": [1.0, -5.1619362862653347e-17, 1.4541359828532488e-17, 5.1619362862653347e-17, 1.0, 2.3824321321224633e-17, -1.4541359828532488e-17, -2.3824321321224633e-17, 1.0], "world_rotation": [-0.4059884517598224, 0.2477982093873522, 0.8796416454796148, 5.868226354211375e-17]}], "source": "manual check"}
{"timestamp": 1706069126.529245, "objects": [{"color": "cv_", "id_name": "hand", "shape": "CVCylinder", "id_string": "ob383", "world_size": [0.12, 0.005, 0.12], "id": 383, "camera_size": [48, 50], "camera_position": [246, 426], "world_position": [0.2676445155400088, 0.6334703013849479, -0.17389260400847806], "world_orientation": [-0.000641550938672277, 0.19791547486687375, 0.9802188802612469, -0.0007473674822077664, -0.9802189031248747, 0.19791499033300772, 0.9999995149270023, -0.0006056111687281973, 0.0007767759475457126], "world_rotation": [0.0, 1.0, 0.0, 0.0]}, {"color": "CVGreen", "id_name": "object111227256590725", "shape": "CVCone", "id_string": "ob1080", "world_size": [0.11, 0.11, 0.11], "id": 1080, "camera_size": [45, 45], "camera_position": [256, 254], "world_position": [0.705, 0.6547388572526824, -0.15], "world_orientation": [1.0, -3.838362879530641e-17, 1.4813540171849057e-17, 3.838362879530641e-17, 1.0, 5.294293626938881e-18, -1.4813540171849057e-17, -5.294293626938881e-18, 1.0], "world_rotation": [-0.1276280613210114, 0.35710588544125776, 0.925303444577321, 4.1482206750932463e-17]}], "source": "manual check"}
{"timestamp": 1706069128.300471, "objects": [{"color": "cv_", "id_name": "hand", "shape": "CVCylinder", "id_string": "ob383", "world_size": [0.12, 0.005, 0.12], "id": 383, "camera_size": [48, 50], "camera_position": [246, 426], "world_position": [0.2676445155400088, 0.6334703013849479, -0.17389260400847806], "world_orientation": [-0.000641550938672277, 0.19791547486687375, 0.9802188802612469, -0.0007473674822077664, -0.9802189031248747, 0.19791499033300772, 0.9999995149270023, -0.0006056111687281973, 0.0007767759475457126], "world_rotation": [0.0, 1.0, 0.0, 0.0]}, {"color": "CVGreen", "id_name": "object111227256590725", "shape": "CVCone", "id_string": "ob1080", "world_size": [0.11, 0.11, 0.11], "id": 1080, "camera_size": [45, 45], "camera_position": [256, 254], "world_position": [0.705, 0.6547388572526824, -0.15], "world_orientation": [1.0, -3.838362879530641e-17, 1.4813540171849057e-17, 3.838362879530641e-17, 1.0, 5.294293626938881e-18, -1.4813540171849057e-17, -5.294293626938881e-18, 1.0], "world_rotation": [-0.1276280613210114, 0.35710588544125776, 0.925303444577321, 4.1482206750932463e-17]}], "source": "action wait"}
{"timestamp": 1706069128.330767, "objects": [{"color": "cv_", "id_name": "hand", "shape": "CVCylinder", "id_string": "ob383", "world_size": [0.12, 0.005, 0.12], "id": 383, "camera_size": [49, 51], "camera_position": [246, 421], "world_position": [0.2907963040112702, 0.6674649116968214, -0.17395625408646137], "world_orientation": [-0.00038505506882761085, 0.19530907061643643, 0.9807416676513432, -0.0007159465802168331, -0.980741542845825, 0.19530876466990738, 0.9999996695764897, -0.0006269540132088061, 0.0005174703634761904], "world_rotation": [0.0, 1.0, 0.0, 0.0]}, {"color": "CVGreen", "id_name": "object111227256590725", "shape": "CVCone", "id_string": "ob1080", "world_size": [0.11, 0.11, 0.11], "id": 1080, "camera_size": [45, 45], "camera_position": [256, 254], "world_position": [0.705, 0.6547388572526824, -0.15], "world_orientation": [1.0, -3.838362879530641e-17, 1.4813540171849057e-17, 3.838362879530641e-17, 1.0, 5.294293626938881e-18, -1.4813540171849057e-17, -5.294293626938881e-18, 1.0], "world_rotation": [-0.1276280613210114, 0.35710588544125776, 0.925303444577321, 4.1482206750932463e-17]}], "source": "action wait"}
{"timestamp": 1706069128.36396, "objects": [{"color": "cv_", "id_name": "hand", "shape": "CVCylinder", "id_string": "ob383", "world_size": [0.12, 0.005, 0.12], "id": 383, "camera_size": [51, 52], "camera_position": [246, 406], "world_position": [0.3366225652755966, 0.7051726048302303, -0.17398411523179863], "world_orientation": [-0.0002271873012343109, 0.18151312585306517, 0.9833884957273903, -0.0007325542332239887, -0.9833882874536776, 0.18151291817173434, 0.9999997058750695, -0.0006791479754305579, 0.0003563815398218378], "world_rotation": [0.0, 1.0, 0.0, 0.0]}, {"color": "CVGreen", "id_name": "object111227256590725", "shape": "CVCone", "id_string": "ob1080", "world_size": [0.11, 0.11, 0.11], "id": 1080, "camera_size": [45, 45], "camera_position": [256, 254], "world_position": [0.705, 0.6547388572526824, -0.15], "world_orientation": [1.0, -3.838362879530641e-17, 1.4813540171849057e-17, 3.838362879530641e-17, 1.0, 5.294293626938881e-18, -1.4813540171849057e-17, -5.294293626938881e-18, 1.0], "world_rotation": [-0.1276280613210114, 0.35710588544125776, 0.925303444577321, 4.1482206750932463e-17]}], "source": "action wait"}
{"timestamp": 1706069128.39943, "objects": [{"color": "cv_", "id_name": "hand", "shape": "CVCylinder", "id_string": "ob383", "world_size": [0.12, 0.005, 0.12], "id": 383, "camera_size": [51, 52], "camera_position": [246, 388], "world_position": [0.3870319465734359, 0.738166160717566, -0.1740046266181179], "world_orientation": [-0.0001249117714821266, 0.17169196428928007, 0.9851506756814096, -0.0007438842217552669, -0.9851504267472653, 0.1716918265845703, 0.9999997155166165, -0.0007113917134835589, 0.00025077582821875937], "world_rotation": [0.0, 1.0, 0.0, 0.0]}, {"color": "CVGreen", "id_name": "object111227256590725", "shape": "CVCone", "id_string": "ob1080", "world_size": [0.11, 0.11, 0.11], "id": 1080, "camera_size": [45, 45], "camera_position": [256, 254], "world_position": [0.705, 0.6547388572526824, -0.15], "world_orientation": [1.0, -3.838362879530641e-17, 1.4813540171849057e-17, 3.838362879530641e-17, 1.0, 5.294293626938881e-18, -1.4813540171849057e-17, -5.294293626938881e-18, 1.0], "world_rotation": [-0.1276280613210114, 0.35710588544125776, 0.925303444577321, 4.1482206750932463e-17]}], "source": "action wait"}
{"timestamp": 1706069128.434872, "objects": [{"color": "cv_", "id_name": "hand", "shape": "CVCylinder", "id_string": "ob383", "world_size": [0.12, 0.005, 0.12], "id": 383, "camera_size": [52, 53], "camera_position": [245, 368], "world_position": [0.4410375593712652, 0.7659892252086664, -0.1740231136884004], "world_orientation": [-5.2928180920816996e-05, 0.16475205011725502, 0.9863350136646114, -0.0007513039516256964, -0.9863347432253561, 0.16475196462847905, 0.9999997163704497, -0.0007323173716023884, 0.00017598377002986683], "world_rotation": [0.0, 1.0, 0.0, 0.0]}, {"color": "CVGreen", "id_name": "object111227256590725", "shape": "CVCone", "id_string": "ob1080", "world_size": [0.11, 0.11, 0.11], "id": 1080, "camera_size": [45, 45], "camera_position": [256, 254], "world_position": [0.705, 0.6547388572526824, -0.15], "world_orientation": [1.0, -3.838362879530641e-17, 1.4813540171849057e-17, 3.838362879530641e-17, 1.0, 5.294293626938881e-18, -1.4813540171849057e-17, -5.294293626938881e-18, 1.0], "world_rotation": [-0.1276280613210114, 0.35710588544125776, 0.925303444577321, 4.1482206750932463e-17]}], "source": "action wait"}
{"timestamp": 1706069128.469285, "objects": [{"color": "cv_", "id_name": "hand", "shape": "CVCylinder", "id_string": "ob383", "world_size": [0.12, 0.005, 0.12], "id": 383, "camera_size": [52, 53], "camera_position": [245, 344], "world_position": [0.49815490254236555, 0.781141206192074, -0.17403837420626772], "world_orientation": [-9.126077264253364e-06, 0.14955929409032837, 0.9887527585134301, -0.0007643490174845083, -0.9887524707685886, 0.14955924351102748, 0.9999997078436045, -0.0007543873102932886, 0.00012333893093748928], "world_rotation": [0.0, 1.0, 0.0, 0.0]}, {"color": "CVGreen", "id_name": "object111227256590725", "shape": "CVCone", "id_string": "ob1080", "world_size": [0.11, 0.11, 0.11], "id": 1080, "camera_size": [45, 45], "camera_position": [256, 254], "world_position": [0.705, 0.6547388572526824, -0.15], "world_orientation": [1.0, -3.838362879530641e-17, 1.4813540171849057e-17, 3.838362879530641e-17, 1.0, 5.294293626938881e-18, -1.4813540171849057e-17, -5.294293626938881e-18, 1.0], "world_rotation": [-0.1276280613210114, 0.35710588544125776, 0.925303444577321, 4.1482206750932463e-17]}], "source": "action wait"}
{"timestamp": 1706069128.502354, "objects": [{"color": "cv_", "id_name": "hand", "shape": "CVCylinder", "id_string": "ob383", "world_size": [0.12, 0.005, 0.12], "id": 383, "camera_size": [52, 53], "camera_position": [245, 318], "world_position": [0.5567904894446364, 0.7728433685972645, -0.17405021688452285], "world_orientation": [-2.345113294813082e-06, 0.11084769222673656, 0.9938374057774778, -0.0007770584224092585, -0.9938371059328144, 0.11084765694996145, 0.9999996980873087, -0.0007720097763510691, 8.846579345981893e-05], "world_rotation": [0.0, 1.0, 0.0, 0.0]}, {"color": "CVGreen", "id_name": "object111227256590725", "shape": "CVCone", "id_string": "ob1080", "world_size": [0.11, 0.11, 0.11], "id": 1080, "camera_size": [45, 45], "camera_position": [256, 254], "world_position": [0.705, 0.6547388572526824, -0.15], "world_orientation": [1.0, -3.838362879530641e-17, 1.4813540171849057e-17, 3.838362879530641e-17, 1.0, 5.294293626938881e-18, -1.4813540171849057e-17, -5.294293626938881e-18, 1.0], "world_rotation": [-0.1276280613210114, 0.35710588544125776, 0.925303444577321, 4.1482206750932463e-17]}], "source": "action wait"}
{"timestamp": 1706069128.532699, "objects": [{"color": "cv_", "id_name": "hand", "shape": "CVCylinder", "id_string": "ob383", "world_size": [0.12, 0.005, 0.12], "id": 383, "camera_size": [52, 52], "camera_position": [245, 298], "world_position": [0.6021305348302082, 0.7593670565987698, -0.17405582183984428], "world_orientation": [-1.6623061364251584e-05, 0.07771687751753088, 0.9969754694437567, -0.0007752612625507929, -0.9969751709769151, 0.07771684132493914, 0.9999996993467791, -0.000771624569351078, 7.682366403192228e-05], "world_rotation": [0.0, 1.0, 0.0, 0.0]}, {"color": "CVGreen", "id_name": "object111227256590725", "shape": "CVCone", "id_string": "ob1080", "world_size": [0.11, 0.11, 0.11], "id": 1080, "camera_size": [45, 45], "camera_position": [256, 254], "world_position": [0.705, 0.6547388572526824, -0.15], "world_orientation": [1.0, -3.838362879530641e-17, 1.4813540171849057e-17, 3.838362879530641e-17, 1.0, 5.294293626938881e-18, -1.4813540171849057e-17, -5.294293626938881e-18, 1.0], "world_rotation": [-0.1276280613210114, 0.35710588544125776, 0.925303444577321, 4.1482206750932463e-17]}], "source": "action wait"}
{"timestamp": 1706069128.56192, "objects": [{"color": "cv_", "id_name": "hand", "shape": "CVCylinder", "id_string": "ob383", "world_size": [0.12, 0.005, 0.12], "id": 383, "camera_size": [51, 51], "camera_position": [246, 284], "world_position": [0.6339561970547274, 0.7474014514039007, -0.17406350062197878], "world_orientation": [-2.286646590306694e-05, 0.05430585921560527, 0.9985243477912693, -0.0007713918958868509, -0.9985240519264896, 0.054305825459595974, 0.9999997022157895, -0.0007690118074260249, 6.472381588524296e-05], "world_rotation": [0.0, 1.0, 0.0, 0.0]}, {"color": "CVGreen", "id_name": "object111227256590725", "shape": "CVCone", "id_string": "ob1080", "world_size": [0.11, 0.11, 0.11], "id": 1080, "camera_size": [45, 45], "camera_position": [256, 254], "world_position": [0.705, 0.6547388572526824, -0.15], "world_orientation": [1.0, -3.838362879530641e-17, 1.4813540171849057e-17, 3.838362879530641e-17, 1.0, 5.294293626938881e-18, -1.4813540171849057e-17, -5.294293626938881e-18, 1.0], "world_rotation": [-0.1276280613210114, 0.35710588544125776, 0.925303444577321, 4.1482206750932463e-17]}], "source": "action wait"}
{"timestamp": 1706069128.594056, "objects": [{"color": "cv_", "id_name": "hand", "shape": "CVCylinder", "id_string": "ob383", "world_size": [0.12, 0.005, 0.12], "id": 383, "camera_size": [51, 51], "camera_position": [246, 275], "world_position": [0.6562274840371044, 0.73777358707473, -0.1740713791820804], "world_orientation": [-2.4219919799380646e-05, 0.03778610198167338, 0.9992858499500662, -0.0007678982965854707, -0.9992855563225365, 0.037786072266978034, 0.9999997048727572, -0.0007664347263391322, 5.321849937752097e-05], "world_rotation": [0.0, 1.0, 0.0, 0.0]}, {"color": "CVGreen", "id_name": "object111227256590725", "shape": "CVCone", "id_string": "ob1080", "world_size": [0.11, 0.11, 0.11], "id": 1080, "camera_size": [45, 45], "camera_position": [256, 254], "world_position": [0.705, 0.6547388572526824, -0.15], "world_orientation": [1.0, -3.838362879530641e-17, 1.4813540171849057e-17, 3.838362879530641e-17, 1.0, 5.294293626938881e-18, -1.4813540171849057e-17, -5.294293626938881e-18, 1.0], "world_rotation": [-0.1276280613210114, 0.35710588544125776, 0.925303444577321, 4.1482206750932463e-17]}], "source": "action wait"}
{"timestamp": 1706069128.628508, "objects": [{"color": "cv_", "id_name": "hand", "shape": "CVCylinder", "id_string": "ob383", "world_size": [0.12, 0.005, 0.12], "id": 383, "camera_size": [51, 51], "camera_position": [246, 268], "world_position": [0.671810532578317, 0.730417261455729, -0.17407849100884037], "world_orientation": [-2.30411773355089e-05, 0.02613654523165111, 0.9996583818847609, -0.0007653854626492948, -0.9996580898036121, 0.02613651995364172, 0.9999997068270559, -0.0007645217769192844, 4.303783108659626e-05], "world_rotation": [0.0, 1.0, 0.0, 0.0]}, {"color": "CVGreen", "id_name": "object111227256590725", "shape": "CVCone", "id_string": "ob1080", "world_size": [0.11, 0.11, 0.11], "id": 1080, "camera_size": [45, 45], "camera_position": [256, 254], "world_position": [0.705, 0.6547388572526824, -0.15], "world_orientation": [1.0, -3.838362879530641e-17, 1.4813540171849057e-17, 3.838362879530641e-17, 1.0, 5.294293626938881e-18, -1.4813540171849057e-17, -5.294293626938881e-18, 1.0], "world_rotation": [-0.1276280613210114, 0.35710588544125776, 0.925303444577321, 4.1482206750932463e-17]}], "source": "action wait"}
{"timestamp": 1706069128.663751, "objects": [{"color": "cv_", "id_name": "hand", "shape": "CVCylinder", "id_string": "ob383", "world_size": [0.12, 0.005, 0.12], "id": 383, "camera_size": [51, 50], "camera_position": [246, 263], "world_position": [0.6827233271384002, 0.7249641673284503, -0.17408450355993696], "world_orientation": [-2.0726896755692657e-05, 0.017923942738499055, 0.9998393530198254, -0.0007638010706883432, -0.9998390618691306, 0.01792392168532297, 0.9999997080891174, -0.0007633068610790158, 3.4413887662662894e-05], "world_rotation": [0.0, 1.0, 0.0, 0.0]}, {"color": "CVGreen", "id_name": "object111227256590725", "shape": "CVCone", "id_string": "ob1080", "world_size": [0.11, 0.11, 0.11], "id": 1080, "camera_size": [45, 45], "camera_position": [256, 254], "world_position": [0.705, 0.6547388572526824, -0.15], "world_orientation": [1.0, -3.838362879530641e-17, 1.4813540171849057e-17, 3.838362879530641e-17, 1.0, 5.294293626938881e-18, -1.4813540171849057e-17, -5.294293626938881e-18, 1.0], "world_rotation": [-0.1276280613210114, 0.35710588544125776, 0.925303444577321, 4.1482206750932463e-17]}], "source": "action wait"}
{"timestamp": 1706069128.699354, "objects": [{"color": "cv_", "id_name": "hand", "shape": "CVCylinder", "id_string": "ob383", "world_size": [0.12, 0.005, 0.12], "id": 383, "camera_size": [51, 51], "camera_position": [246, 260], "world_position": [0.6903741849003876, 0.7209971897133675, -0.17408939252259542], "world_orientation": [-1.809561020362624e-05, 0.012135109895282454, 0.9999263666792563, -0.0007629125254885214, -0.9999260760141249, 0.012135092561385445, 0.9999997088184714, -0.0007626367578014151, 2.7352299841652468e-05], "world_rotation": [0.0, 1.0, 0.0, 0.0]}, {"color": "CVGreen", "id_name": "object111227256590725", "shape": "CVCone", "id_string": "ob1080", "world_size": [0.11, 0.11, 0.11], "id": 1080, "camera_size": [45, 45], "camera_position": [256, 254], "world_position": [0.705, 0.6547388572526824, -0.15], "world_orientation": [1.0, -3.838362879530641e-17, 1.4813540171849057e-17, 3.838362879530641e-17, 1.0, 5.294293626938881e-18, -1.4813540171849057e-17, -5.294293626938881e-18, 1.0], "world_rotation": [-0.1276280613210114, 0.35710588544125776, 0.925303444577321, 4.1482206750932463e-17]}], "source": "action wait"}
{"timestamp": 1706069128.73451, "objects": [{"color": "cv_", "id_name": "hand", "shape": "CVCylinder", "id_string": "ob383", "world_size": [0.12, 0.005, 0.12], "id": 383, "camera_size": [51, 50], "camera_position": [246, 257], "world_position": [0.6957439459014584, 0.718145981109898, -0.17409326859718613], "world_orientation": [-1.554688214532484e-05, 0.008054947172934115, 0.9999675582659349, -0.0007624851054706827, -0.9999672677998894, 0.008054932978519268, 0.9999997091873369, -0.000762335140038297, 2.168815050674982e-05], "world_rotation": [0.0, 1.0, 0.0, 0.0]}, {"color": "CVGreen", "id_name": "object111227256590725", "shape": "CVCone", "id_string": "ob1080", "world_size": [0.11, 0.11, 0.11], "id": 1080, "camera_size": [45, 45], "camera_position": [256, 254], "world_position": [0.705, 0.6547388572526824, -0.15], "world_orientation": [1.0, -3.838362879530641e-17, 1.4813540171849057e-17, 3.838362879530641e-17, 1.0, 5.294293626938881e-18, -1.4813540171849057e-17, -5.294293626938881e-18, 1.0], "world_rotation": [-0.1276280613210114, 0.35710588544125776, 0.925303444577321, 4.1482206750932463e-17]}], "source": "action wait"}
{"timestamp": 1706069128.766752, "objects": [{"color": "cv_", "id_name": "hand", "shape": "CVCylinder", "id_string": "ob383", "world_size": [0.12, 0.005, 0.12], "id": 383, "camera_size": [50, 50], "camera_position": [245, 256], "world_position": [0.6995162278236613, 0.7161128697252014, -0.17409628865355325], "world_orientation": [-1.3266942230471954e-05, 0.005179142724822369, 0.9999865880623721, -0.0007623368067975439, -0.9999862976279094, 0.005179131106586993, 0.9999997093332484, -0.0007622578711509899, 1.7215011569048667e-05], "world_rotation": [0.0, 1.0, 0.0, 0.0]}, {"color": "CVGreen", "id_name": "object111227256590725", "shape": "CVCone", "id_string": "ob1080", "world_size": [0.11, 0.11, 0.11], "id": 1080, "camera_size": [45, 45], "camera_position": [256, 254], "world_position": [0.705, 0.6547388572526824, -0.15], "world_orientation": [1.0, -3.838362879530641e-17, 1.4813540171849057e-17, 3.838362879530641e-17, 1.0, 5.294293626938881e-18, -1.4813540171849057e-17, -5.294293626938881e-18, 1.0], "world_rotation": [-0.1276280613210114, 0.35710588544125776, 0.925303444577321, 4.1482206750932463e-17]}], "source": "action wait"}
{"timestamp": 1706069128.79802, "objects": [{"color": "cv_", "id_name": "hand", "shape": "CVCylinder", "id_string": "ob383", "world_size": [0.12, 0.005, 0.12], "id": 383, "camera_size": [50, 50], "camera_position": [245, 255], "world_position": [0.7021682883195536, 0.7146706756369197, -0.17409861256274842], "world_orientation": [-1.1331124173489503e-05, 0.0031521778387820715, 0.9999950318108979, -0.0007623425740527484, -0.9999947413206252, 0.003152168284859594, 0.9999997093526606, -0.0007623030689807878, 1.373410395459495e-05], "world_rotation": [0.0, 1.0, 0.0, 0.0]}, {"color": "CVGreen", "id_name": "object111227256590725", "shape": "CVCone", "id_string": "ob1080", "world_size": [0.11, 0.11, 0.11], "id": 1080, "camera_size": [45, 45], "camera_position": [256, 254], "world_position": [0.705, 0.6547388572526824, -0.15], "world_orientation": [1.0, -3.838362879530641e-17, 1.4813540171849057e-17, 3.838362879530641e-17, 1.0, 5.294293626938881e-18, -1.4813540171849057e-17, -5.294293626938881e-18, 1.0], "world_rotation": [-0.1276280613210114, 0.35710588544125776, 0.925303444577321, 4.1482206750932463e-17]}], "source": "action wait"}
{"timestamp": 1706069128.829394, "objects": [{"color": "cv_", "id_name": "hand", "shape": "CVCylinder", "id_string": "ob383", "world_size": [0.12, 0.005, 0.12], "id": 383, "camera_size": [50, 50], "camera_position": [245, 254], "world_position": [0.7040339191324377, 0.713651172040272, -0.17410038429904878], "world_orientation": [-9.739689748795675e-06, 0.001723472267900234, 0.9999985147731373, -0.0007624230655976606, -0.99999822418929, 0.0017234643413115225, 0.9999997093080616, -0.0007624051472188102, 1.1053687463279737e-05], "world_rotation": [0.0, 1.0, 0.0, 0.0]}, {"color": "CVGreen", "id_name": "object111227256590725", "shape": "CVCone", "id_string": "ob1080", "world_size": [0.11, 0.11, 0.11], "id": 1080, "camera_size": [45, 45], "camera_position": [256, 254], "world_position": [0.705, 0.6547388572526824, -0.15], "world_orientation": [1.0, -3.838362879530641e-17, 1.4813540171849057e-17, 3.838362879530641e-17, 1.0, 5.294293626938881e-18, -1.4813540171849057e-17, -5.294293626938881e-18, 1.0], "world_rotation": [-0.1276280613210114, 0.35710588544125776, 0.925303444577321, 4.1482206750932463e-17]}], "source": "action wait"}
{"timestamp": 1706069128.856991, "objects": [{"color": "cv_", "id_name": "hand", "shape": "CVCylinder", "id_string": "ob383", "world_size": [0.12, 0.005, 0.12], "id": 383, "camera_size": [50, 50], "camera_position": [245, 253], "world_position": [0.7053469516710386, 0.7129320950974137, -0.17410172551628186], "world_orientation": [-8.46102682669262e-06, 0.0007164226047699732, 0.9999997433334983, -0.0007625314176919999, -0.9999994526468658, 0.0007164159447154094, 0.9999997092370818, -0.0007625251603615886, 9.00731694036983e-06], "world_rotation": [0.0, 1.0, 0.0, 0.0]}, {"color": "CVGreen", "id_name": "object111227256590725", "shape": "CVCone", "id_string": "ob1080", "world_size": [0.11, 0.11, 0.11], "id": 1080, "camera_size": [45, 45], "camera_position": [256, 254], "world_position": [0.705, 0.6547388572526824, -0.15], "world_orientation": [1.0, -3.838362879530641e-17, 1.4813540171849057e-17, 3.838362879530641e-17, 1.0, 5.294293626938881e-18, -1.4813540171849057e-17, -5.294293626938881e-18, 1.0], "world_rotation": [-0.1276280613210114, 0.35710588544125776, 0.925303444577321, 4.1482206750932463e-17]}], "source": "action wait"}
{"timestamp": 1706069128.890481, "objects": [{"color": "cv_", "id_name": "hand", "shape": "CVCylinder", "id_string": "ob383", "world_size": [0.12, 0.005, 0.12], "id": 383, "camera_size": [50, 50], "camera_position": [245, 253], "world_position": [0.7062714132459624, 0.7124256461688969, -0.17410273517712913], "world_orientation": [-7.451018954639824e-06, 6.564940405246479e-06, 0.999999999950692, -0.0007626420406357592, -0.9999997091670049, 6.559256036368899e-06, 0.9999997091607579, -0.0007626419917254056, 7.45602348754951e-06], "world_rotation": [0.0, 1.0, 0.0, 0.0]}, {"color": "CVGreen", "id_name": "object111227256590725", "shape": "CVCone", "id_string": "ob1080", "world_size": [0.11, 0.11, 0.11], "id": 1080, "camera_size": [45, 45], "camera_position": [256, 254], "world_position": [0.705, 0.6547388572526824, -0.15], "world_orientation": [1.0, -3.838362879530641e-17, 1.4813540171849057e-17, 3.838362879530641e-17, 1.0, 5.294293626938881e-18, -1.4813540171849057e-17, -5.294293626938881e-18, 1.0], "world_rotation": [-0.1276280613210114, 0.35710588544125776, 0.925303444577321, 4.1482206750932463e-17]}], "source": "action wait"}
{"timestamp": 1706069128.924158, "objects": [{"color": "cv_", "id_name": "hand", "shape": "CVCylinder", "id_string": "ob383", "world_size": [0.12, 0.005, 0.12], "id": 383, "camera_size": [49, 50], "camera_position": [246, 253], "world_position": [0.706902613927615, 0.7120937860029891, -0.17409628410671354], "world_orientation": [-8.451864986864158e-06, -0.0004856458475523744, 0.9999998820383315, -0.0007634934594535323, -0.9999995906097752, -0.00048565215896535796, 0.9999997085031093, -0.0007634974740573899, 8.081074098853776e-06], "world_rotation": [0.0, 1.0, 0.0, 0.0]}, {"color": "CVGreen", "id_name": "object111227256590725", "shape": "CVCone", "id_string": "ob1080", "world_size": [0.11, 0.11, 0.11], "id": 1080, "camera_size": [45, 45], "camera_position": [256, 254], "world_position": [0.7050976649814698, 0.6546625983372605, -0.14999646363123023], "world_orientation": [0.9999984304158284, 0.0017717665801728513, 3.0108869544735767e-06, -0.0017717663684776682, 0.9999984280460725, -6.891530651304989e-05, -3.132984058442608e-06, 6.890986375643023e-05, 0.9999999976208077], "world_rotation": [0.038865401316596694, 0.0017325138223120993, -0.9992429529280432, 0.0017731097302365864]}], "source": "action wait"}
{"timestamp": 1706069128.959636, "objects": [{"color": "cv_", "id_name": "hand", "shape": "CVCylinder", "id_string": "ob383", "world_size": [0.12, 0.005, 0.12], "id": 383, "camera_size": [49, 50], "camera_position": [246, 252], "world_position": [0.70732446505018, 0.7118855686103354, -0.17410066678868322], "world_orientation": [-5.293774409697243e-06, -0.0008239807955787714, 0.9999996605137547, -0.0007652228679340354, -0.9999993677414666, -0.0008239846052581994, 0.9999997072029263, -0.0007652269701403702, 4.663242115486868e-06], "world_rotation": [0.0, 1.0, 0.0, 0.0]}, {"color": "CVGreen", "id_name": "object111227256590725", "shape": "CVCone", "id_string": "ob1080", "world_size": [0.11, 0.11, 0.11], "id": 1080, "camera_size": [45, 46], "camera_position": [256, 253], "world_position": [0.7051967304451562, 0.6545958406922613, -0.14999864107439376], "world_orientation": [0.999993687458812, 0.0035531711443225716, 4.164993683807149e-06, -0.0035531710229846024, 0.999993687053571, -2.8786913361582525e-05, -4.267252220314745e-06, 2.8771932708138167e-05, 0.9999999995769833], "world_rotation": [0.00809937324134605, 0.0011865405841800282, -0.9999664955759966, 0.0035532976118656944]}], "source": "action wait"}
{"timestamp": 1706069128.994303, "objects": [{"color": "cv_", "id_name": "hand", "shape": "CVCylinder", "id_string": "ob383", "world_size": [0.12, 0.005, 0.12], "id": 383, "camera_size": [49, 50], "camera_position": [246, 252], "world_position": [0.7076261868737034, 0.7117319570602731, -0.17410491562093508], "world_orientation": [-2.925645560483564e-06, -0.0010646251321260235, 0.9999994332822237, -0.000766124540056085, -0.999999139810835, -0.0010646270610985943, 0.9999997065222719, -0.00076612722060147, 2.1100076045402763e-06], "world_rotation": [0.0, 1.0, 0.0, 0.0]}, {"color": "CVGreen", "id_name": "object111227256590725", "shape": "CVCone", "id_string": "ob1080", "world_size": [0.11, 0.11, 0.11], "id": 1080, "camera_size": [45, 46], "camera_position": [256, 253], "world_position": [0.7052846825418929, 0.6545052970734435, -0.15000076828612754], "world_orientation": [0.9999868735849088, 0.005123732770632747, 4.513852903548718e-06, -0.005123732820205415, 0.9999868735338998, 1.1040097398856181e-05, -4.457227143778026e-06, -1.1063080258222601e-05, 0.9999999999288707], "world_rotation": [-0.0021569350562913635, 0.0008754414115057335, -0.9999972906130786, 0.005123769096661902]}], "source": "action wait"}
{"timestamp": 1706069130.096001, "objects": [{"color": "cv_", "id_name": "hand", "shape": "CVCylinder", "id_string": "ob383", "world_size": [0.12, 0.005, 0.12], "id": 383, "camera_size": [49, 50], "camera_position": [246, 252], "world_position": [0.7083548680408611, 0.711370604312664, -0.17411380965140857], "world_orientation": [3.8800988338065785e-06, -0.001636494772793847, 0.9999986609340051, -0.0007683910757370294, -0.9999983657343409, -0.001636491308262826, 0.9999997047800062, -0.0007683836970630212, -5.137560471242359e-06], "world_rotation": [0.0, 1.0, 0.0, 0.0]}, {"color": "CVGreen", "id_name": "object111227256590725", "shape": "CVCone", "id_string": "ob1080", "world_size": [0.11, 0.11, 0.11], "id": 1080, "camera_size": [45, 46], "camera_position": [256, 253], "world_position": [0.7055090640372261, 0.6543009350411941, -0.15000522630015717], "world_orientation": [0.999966362981475, 0.008201977667069814, -2.1632148745083896e-05, -0.008201974688614576, 0.9999663542136165, 0.0001343574926877192, 2.2733418068857366e-05, -0.00013417554696578104, 0.9999999907400571], "world_rotation": [0.01636776789695667, 0.0027041934994834023, 0.9998623822864768, -0.00820319707229037]}], "source": "action wait"}
{"timestamp": 1706069130.128051, "objects": [{"color": "cv_", "id_name": "hand", "shape": "CVCylinder", "id_string": "ob383", "world_size": [0.12, 0.005, 0.12], "id": 383, "camera_size": [51, 50], "camera_position": [246, 251], "world_position": [0.7107737375310165, 0.7320279997257033, -0.17409607857015488], "world_orientation": [2.2399172662321076e-05, 0.028669783984557645, 0.9995889370058854, -0.0007444014891461346, -0.9995886598256692, 0.02866979271542749, 0.9999997226823115, -0.00074473767287877, -1.0481290907688959e-06], "world_rotation": [0.0, 1.0, 0.0, 0.0]}, {"color": "CVGreen", "id_name": "object111227256590725", "shape": "CVCone", "id_string": "ob1080", "world_size": [0.11, 0.11, 0.11], "id": 1080, "camera_size": [46, 48], "camera_position": [252, 251], "world_position": [0.7106540033911763, 0.6756631302430116, -0.15864704552771675], "world_orientation": [0.999693508811375, -0.024756563357045586, -3.179858941748785e-05, 0.02475656695042028, 0.9996935022552712, 0.00011807378953464633, 2.886574197012458e-05, -0.00011882482486638943, 0.999999992523715], "world_rotation": [0.004784503092956418, 0.0012252021055083712, -0.9999878036306015, -0.02475939671953587]}], "source": "action wait"}
{"timestamp": 1706069130.16205, "objects": [{"color": "cv_", "id_name": "hand", "shape": "CVCylinder", "id_string": "ob383", "world_size": [0.12, 0.005, 0.12], "id": 383, "camera_size": [52, 53], "camera_position": [245, 250], "world_position": [0.7141896303252352, 0.7808921200779712, -0.174112894666637], "world_orientation": [7.774568279146355e-05, 0.0991409380857951, 0.9950733984742419, -0.0007264940722690792, -0.9950731332851508, 0.09914096842595178, 0.9999997330809502, -0.0007306227077473595, -5.337336335750608e-06], "world_rotation": [0.0, 1.0, 0.0, 0.0]}, {"color": "CVGreen", "id_name": "object111227256590725", "shape": "CVCone", "id_string": "ob1080", "world_size": [0.11, 0.11, 0.11], "id": 1080, "camera_size": [48, 53], "camera_position": [249, 248], "world_position": [0.7186533058034946, 0.7250889204595727, -0.1642257394949614], "world_orientation": [0.9952909625262581, -0.09693244337741788, -3.652996906393806e-05, 0.09693244674428148, 0.9952909572534464, 0.00010572457447791106, 2.6109806548903908e-05, -0.00010876765277565963, 0.9999999937439379], "world_rotation": [0.0011063998470283935, 0.0003231102545921627, -0.9999993357393503, -0.09708494975323646]}], "source": "action wait"}
{"timestamp": 1706069130.184858, "objects": [{"color": "cv_", "id_name": "hand", "shape": "CVCylinder", "id_string": "ob383", "world_size": [0.12, 0.005, 0.12], "id": 383, "camera_size": [55, 55], "camera_position": [245, 250], "world_position": [0.7131806923225728, 0.8508219397573192, -0.17411935028009917], "world_orientation": [0.000151812574583207, 0.19839182242949976, 0.9801227789139705, -0.0007164349109934922, -0.9801225170923373, 0.19839188040239766, 0.9999997318369443, -0.0007323125580144707, -6.660095082212119e-06], "world_rotation": [0.0, 1.0, 0.0, 0.0]}, {"color": "CVGreen", "id_name": "object111227256590725", "shape": "CVCone", "id_string": "ob1080", "world_size": [0.11, 0.11, 0.11], "id": 1080, "camera_size": [51, 60], "camera_position": [248, 245], "world_position": [0.7235988835493439, 0.7958872502534273, -0.1677920229324816], "world_orientation": [0.9803471750299073, -0.19728004090111514, -4.327741490419646e-05, 0.1972800439723497, 0.9803471717061958, 8.472266962610937e-05, 2.5712799570994013e-05, -9.1595400144258e-05, 0.9999999954745673], "world_rotation": [0.0004468724947852718, 0.00017485348664746277, -0.9999998848656091, -0.1985826814234566]}], "source": "action wait"}
{"timestamp": 1706069130.215252, "objects": [{"color": "cv_", "id_name": "hand", "shape": "CVCylinder", "id_string": "ob383", "world_size": [0.12, 0.005, 0.12], "id": 383, "camera_size": [59, 57], "camera_position": [244, 254], "world_position": [0.7046752808031347, 0.9203750547680014, -0.1741202932044724], "world_orientation": [0.00022647924316566626, 0.295699700879909, 0.955280919733397, -0.0007070530862689215, -0.9552806580976902, 0.29569978752169795, 0.999999724391505, -0.0007424041866337278, -7.275854340372364e-06], "world_rotation": [0.0, 1.0, 0.0, 0.0]}, {"color": "CVGreen", "id_name": "object111227256590725", "shape": "CVCone", "id_string": "ob1080", "world_size": [0.11, 0.11, 0.11], "id": 1080, "camera_size": [54, 67], "camera_position": [246, 246], "world_position": [0.7207961312669796, 0.8668563421713096, -0.17007151368895004], "world_orientation": [0.9554108305377146, -0.2952797704123683, -4.556812295562484e-05, 0.2952797728212239, 0.9554108289427089, 6.0841204579139764e-05, 2.5571101206656482e-05, -7.158369079209742e-05, 0.999999997110947], "world_rotation": [0.0002242363070725516, 0.00012046070997025824, -0.9999999676036474, -0.29974834403785927]}], "source": "action wait"}
{"timestamp": 1706069130.256722, "objects": [{"color": "cv_", "id_name": "hand", "shape": "CVCylinder", "id_string": "ob383", "world_size": [0.12, 0.005, 0.12], "id": 383, "camera_size": [62, 59], "camera_position": [243, 262], "world_position": [0.688952727993489, 0.9886415853347137, -0.17412013188000072], "world_orientation": [0.0003001150662326085, 0.3900191209289702, 0.9208067089464217, -0.0006867995495868891, -0.9208064528548218, 0.39001923630418495, 0.9999997191186235, -0.0007494602818965986, -8.482933001169656e-06], "world_rotation": [0.0, 1.0, 0.0, 0.0]}, {"color": "CVGreen", "id_name": "object111227256590725", "shape": "CVCone", "id_string": "ob1080", "world_size": [0.11, 0.11, 0.11], "id": 1080, "camera_size": [57, 74], "camera_position": [245, 250], "world_position": [0.7105164081262071, 0.9370697327878539, -0.17152950147024693], "world_orientation": [0.9208047412846899, -0.3900238792329175, -4.534029122974157e-05, 0.3900238810925475, 0.9208047405633921, 4.397147492475546e-05, 2.4599629877124755e-05, -5.817293894728587e-05, 0.9999999980053838], "world_rotation": [0.00013094635710910236, 8.966107433848585e-05, -0.9999999874069716, -0.4006575319065791]}], "source": "action wait"}
{"timestamp": 1706069130.290359, "objects": [{"color": "cv_", "id_name": "hand", "shape": "CVCylinder", "id_string": "ob383", "world_size": [0.12, 0.005, 0.12], "id": 383, "camera_size": [66, 60], "camera_position": [242, 274], "world_position": [0.6662817202439646, 1.0549344468194988, -0.17411974644286218], "world_orientation": [0.0003713955526103119, 0.4804019560055777, 0.8770483582627348, -0.000657003608883117, -0.8770481122377191, 0.48040209946097395, 0.9999997152057603, -0.000754643139748245, -1.010594949969093e-05], "world_rotation": [0.0, 1.0, 0.0, 0.0]}, {"color": "CVGreen", "id_name": "object111227256590725", "shape": "CVCone", "id_string": "ob1080", "world_size": [0.11, 0.11, 0.11], "id": 1080, "camera_size": [60, 83], "camera_position": [243, 260], "world_position": [0.6930085907572929, 1.0058237637109266, -0.1724622694839317], "world_orientation": [0.8769091310092926, -0.4806561910951718, -4.375396080247247e-05, 0.48065619253241837, 0.8769091307363495, 3.1803439009894464e-05, 2.3081727875344966e-05, -4.8919338272802676e-05, 0.9999999985370661], "world_rotation": [8.397143132431983e-05, 6.952546271008884e-05, -0.9999999940575044, -0.5014028631422405]}], "source": "action wait"}
{"timestamp": 1706069130.328639, "objects": [{"color": "cv_", "id_name": "hand", "shape": "CVCylinder", "id_string": "ob383", "world_size": [0.12, 0.005, 0.12], "id": 383, "camera_size": [70, 61], "camera_position": [241, 290], "world_position": [0.641955758836985, 1.107718410874431, -0.1741182885216534], "world_orientation": [0.00043449305615316436, 0.5515677870159946, 0.834129958424982, -0.00063575674163312, -0.8341297162274826, 0.55156795802478, 0.9999997035145309, -0.0007699561922252696, -1.1760630568266928e-05], "world_rotation": [0.0, 1.0, 0.0, 0.0]}, {"color": "CVGreen", "id_name": "object111227256590725", "shape": "CVCone", "id_string": "ob1080", "world_size": [0.11, 0.11, 0.11], "id": 1080, "camera_size": [64, 89], "camera_position": [242, 272], "world_position": [0.6726808532796621, 1.0611303306052482, -0.17305862863855345], "world_orientation": [0.8338694987310139, -0.5519616452805441, -3.500403384324724e-05, 0.5519616459733353, 0.8338694988895412, 1.400399718635257e-05, 2.1459126832497842e-05, -3.0998390249839426e-05, 0.9999999992893028], "world_rotation": [4.076586452743256e-05, 5.11477210439494e-05, -0.9999999978610274, -0.5847148738948922]}], "source": "action wait"}
{"timestamp": 1706069130.357185, "objects": [{"color": "cv_", "id_name": "hand", "shape": "CVCylinder", "id_string": "ob383", "world_size": [0.12, 0.005, 0.12], "id": 383, "camera_size": [73, 61], "camera_position": [241, 303], "world_position": [0.6217372970149191, 1.1433830122839481, -0.17411852320427407], "world_orientation": [0.0004793508396385095, 0.5995227100596611, 0.8003576015416436, -0.0006145773786074097, -0.8003573657255513, 0.5995229015004364, 0.999999696258663, -0.0007792634829207933, -1.5198879706822364e-05], "world_rotation": [0.0, 1.0, 0.0, 0.0]}, {"color": "CVGreen", "id_name": "object111227256590725", "shape": "CVCone", "id_string": "ob1080", "world_size": [0.11, 0.11, 0.11], "id": 1080, "camera_size": [67, 93], "camera_position": [242, 283], "world_position": [0.6550932944772427, 1.0988676269876922, -0.1734413969499886], "world_orientation": [0.8000044797279303, -0.599994026401003, -2.642642904630846e-05, 0.599994026712421, 0.8000044799139079, 5.205032642094935e-06, 1.8018273132694595e-05, -2.0019749005930743e-05, 0.9999999996372759], "world_rotation": [2.1020860632490646e-05, 3.703762051912551e-05, -0.9999999990931691, -0.6434936426901942]}], "source": "action wait"}
{"timestamp": 1706069130.393273, "objects": [{"color": "cv_", "id_name": "hand", "shape": "CVCylinder", "id_string": "ob383", "world_size": [0.12, 0.005, 0.12], "id": 383, "camera_size": [75, 62], "camera_position": [241, 313], "world_position": [0.6060733751410511, 1.1676397613824319, -0.1741197919943391], "world_orientation": [0.0005093688201995105, 0.6321147764967733, 0.7748746026795814, -0.0005944139453880705, -0.7748743749210867, 0.6321149814414441, 0.9999996936076864, -0.0007825759320871004, -1.8959007920329163e-05], "world_rotation": [0.0, 1.0, 0.0, 0.0]}, {"color": "CVGreen", "id_name": "object111227256590725", "shape": "CVCone", "id_string": "ob1080", "world_size": [0.11, 0.11, 0.11], "id": 1080, "camera_size": [68, 96], "camera_position": [241, 292], "world_position": [0.6411830574983917, 1.1247150402232873, -0.17368731883015429], "world_orientation": [0.7744550315799076, -0.6326289620486703, -2.0923354711628674e-05, 0.6326289622343156, 0.7744550317047042, 3.098157484140209e-06, 1.4244213183108219e-05, -1.5636103829897456e-05, 0.9999999997763074], "world_rotation": [1.480667375813043e-05, 2.7794781761376258e-05, -0.9999999995041063, -0.684943121184901]}], "source": "action wait"}
