{"timestamp": 1706068738.201798, "objects": [{"color": "cv_", "id_name": "hand", "shape": "CVCylinder", "id_string": "ob383", "world_size": [0.12, 0.005, 0.12], "id": 383, "camera_size": [48, 50], "camera_position": [246, 426], "world_position": [0.26764451554000895, 0.6334703013849516, -0.17389260400847825], "world_orientation": [-0.000641551391294544, 0.19791547486687908, 0.9802188802609496, -0.0007473675735956858, -0.9802189031248736, 0.1979149903326677, 0.9999995149266436, -0.0006056111687276264, 0.0007767764093017013], "world_rotation": [0.0, 1.0, 0.0, 0.0]}, {"color": "CVPurple", "id_name": "object160101867619940", "shape": "CVBox", "id_string": "ob947", "world_size": [0.11, 0.11, 0.11], "id": 947, "camera_size": [45, 45], "camera_position": [256, 254], "world_position": [0.705, 0.654738849708696, -0.15], "world_orientation": [1.0, -5.1619362862653347e-17, 1.4541359828532488e-17, 5.1619362862653347e-17, 1.0, 2.3824321321224633e-17, -1.4541359828532488e-17, -2.3824321321224633e-17, 1.0], "world_rotation": [-0.4059884517598224, 0.2477982093873522, 0.8796416454796148, 5.868226354211375e-17]}], "source": "manual check"}
{"timestamp": 1706068739.225553, "objects": [{"color": "cv_", "id_name": "hand", "shape": "CVCylinder", "id_string": "ob383", "world_size": [0.12, 0.005, 0.12], "id": 383, "camera_size": [48, 50], "camera_position": [246, 426], "world_position": [0.26764451554000895, 0.6334703013849516, -0.17389260400847825], "world_orientation": [-0.000641551391294544, 0.19791547486687908, 0.9802188802609496, -0.0007473675735956858, -0.9802189031248736, 0.1979149903326677, 0.9999995149266436, -0.0006056111687276264, 0.0007767764093017013], "world_rotation": [0.0, 1.0, 0.0, 0.0]}, {"color": "CVPurple", "id_name": "object160101867619940", "shape": "CVBox", "id_string": "ob947", "world_size": [0.11, 0.11, 0.11], "id": 947, "camera_size": [45, 45], "camera_position": [256, 254], "world_position": [0.705, 0.6547388572526824, -0.15], "world_orientation": [1.0, -3.838362879530641e-17, 1.4813540171849057e-17, 3.838362879530641e-17, 1.0, 5.294293626938881e-18, -1.4813540171849057e-17, -5.294293626938881e-18, 1.0], "world_rotation": [-0.1276280613210114, 0.35710588544125776, 0.925303444577321, 4.1482206750932463e-17]}], "source": "manual check"}
{"timestamp": 1706068740.829565, "objects": [{"color": "cv_", "id_name": "hand", "shape": "CVCylinder", "id_string": "ob383", "world_size": [0.12, 0.005, 0.12], "id": 383, "camera_size": [48, 50], "camera_position": [246, 426], "world_position": [0.26764451554000895, 0.6334703013849516, -0.17389260400847825], "world_orientation": [-0.000641551391294544, 0.19791547486687908, 0.9802188802609496, -0.0007473675735956858, -0.9802189031248736, 0.1979149903326677, 0.9999995149266436, -0.0006056111687276264, 0.0007767764093017013], "world_rotation": [0.0, 1.0, 0.0, 0.0]}, {"color": "CVPurple", "id_name": "object160101867619940", "shape": "CVBox", "id_string": "ob947", "world_size": [0.11, 0.11, 0.11], "id": 947, "camera_size": [45, 45], "camera_position": [256, 254], "world_position": [0.705, 0.6547388572526824, -0.15], "world_orientation": [1.0, -3.838362879530641e-17, 1.4813540171849057e-17, 3.838362879530641e-17, 1.0, 5.294293626938881e-18, -1.4813540171849057e-17, -5.294293626938881e-18, 1.0], "world_rotation": [-0.1276280613210114, 0.35710588544125776, 0.925303444577321, 4.1482206750932463e-17]}], "source": "action wait"}
{"timestamp": 1706068740.858501, "objects": [{"color": "cv_", "id_name": "hand", "shape": "CVCylinder", "id_string": "ob383", "world_size": [0.12, 0.005, 0.12], "id": 383, "camera_size": [49, 51], "camera_position": [246, 421], "world_position": [0.29079630441007004, 0.6674649121642703, -0.17395625456900085], "world_orientation": [-0.0003850538081587199, 0.19530907529349362, 0.9807416667204291, -0.0007159466702053016, -0.9807415419142037, 0.1953087693477079, 0.9999996695769106, -0.0006269543452162411, 0.0005174691476512006], "world_rotation": [0.0, 1.0, 0.0, 0.0]}, {"color": "CVPurple", "id_name": "object160101867619940", "shape": "CVBox", "id_string": "ob947", "world_size": [0.11, 0.11, 0.11], "id": 947, "camera_size": [45, 45], "camera_position": [256, 254], "world_position": [0.705, 0.6547388572526824, -0.15], "world_orientation": [1.0, -3.838362879530641e-17, 1.4813540171849057e-17, 3.838362879530641e-17, 1.0, 5.294293626938881e-18, -1.4813540171849057e-17, -5.294293626938881e-18, 1.0], "world_rotation": [-0.1276280613210114, 0.35710588544125776, 0.925303444577321, 4.1482206750932463e-17]}], "source": "action wait"}
{"timestamp": 1706068740.887748, "objects": [{"color": "cv_", "id_name": "hand", "shape": "CVCylinder", "id_string": "ob383", "world_size": [0.12, 0.005, 0.12], "id": 383, "camera_size": [51, 52], "camera_position": [246, 406], "world_position": [0.3366225658566944, 0.7051726058084251, -0.1739841161784381], "world_orientation": [-0.00022718482753501833, 0.18151313430091123, 0.9833884941686645, -0.0007325543203256587, -0.983388285894013, 0.18151292662122775, 0.9999997058755677, -0.0006791485070322739, 0.0003563791288591967], "world_rotation": [0.0, 1.0, 0.0, 0.0]}, {"color": "CVPurple", "id_name": "object160101867619940", "shape": "CVBox", "id_string": "ob947", "world_size": [0.11, 0.11, 0.11], "id": 947, "camera_size": [45, 45], "camera_position": [256, 254], "world_position": [0.705, 0.6547388572526824, -0.15], "world_orientation": [1.0, -3.838362879530641e-17, 1.4813540171849057e-17, 3.838362879530641e-17, 1.0, 5.294293626938881e-18, -1.4813540171849057e-17, -5.294293626938881e-18, 1.0], "world_rotation": [-0.1276280613210114, 0.35710588544125776, 0.925303444577321, 4.1482206750932463e-17]}], "source": "action wait"}
{"timestamp": 1706068740.917322, "objects": [{"color": "cv_", "id_name": "hand", "shape": "CVCylinder", "id_string": "ob383", "world_size": [0.12, 0.005, 0.12], "id": 383, "camera_size": [51, 52], "camera_position": [246, 388], "world_position": [0.38703194729356843, 0.7381661620424412, -0.17400462803457464], "world_orientation": [-0.000124908440684852, 0.17169197540984385, 0.9851506737437411, -0.0007438843039989211, -0.9851504248087043, 0.17169183770748048, 0.9999997155169714, -0.000711392363545872, 0.00025077256903324784], "world_rotation": [0.0, 1.0, 0.0, 0.0]}, {"color": "CVPurple", "id_name": "object160101867619940", "shape": "CVBox", "id_string": "ob947", "world_size": [0.11, 0.11, 0.11], "id": 947, "camera_size": [45, 45], "camera_position": [256, 254], "world_position": [0.705, 0.6547388572526824, -0.15], "world_orientation": [1.0, -3.838362879530641e-17, 1.4813540171849057e-17, 3.838362879530641e-17, 1.0, 5.294293626938881e-18, -1.4813540171849057e-17, -5.294293626938881e-18, 1.0], "world_rotation": [-0.1276280613210114, 0.35710588544125776, 0.925303444577321, 4.1482206750932463e-17]}], "source": "action wait"}
{"timestamp": 1706068740.952959, "objects": [{"color": "cv_", "id_name": "hand", "shape": "CVCylinder", "id_string": "ob383", "world_size": [0.12, 0.005, 0.12], "id": 383, "camera_size": [52, 53], "camera_position": [245, 368], "world_position": [0.44103756019664897, 0.7659892267678203, -0.17402311557477385], "world_orientation": [-5.29242485877947e-05, 0.16475206312856938, 0.986335011491483, -0.0007513040297164262, -0.9863347410514796, 0.1647519776426558, 0.9999997163705993, -0.0007323180941641537, 0.000175979913959195], "world_rotation": [0.0, 1.0, 0.0, 0.0]}, {"color": "CVPurple", "id_name": "object160101867619940", "shape": "CVBox", "id_string": "ob947", "world_size": [0.11, 0.11, 0.11], "id": 947, "camera_size": [45, 45], "camera_position": [256, 254], "world_position": [0.705, 0.6547388572526824, -0.15], "world_orientation": [1.0, -3.838362879530641e-17, 1.4813540171849057e-17, 3.838362879530641e-17, 1.0, 5.294293626938881e-18, -1.4813540171849057e-17, -5.294293626938881e-18, 1.0], "world_rotation": [-0.1276280613210114, 0.35710588544125776, 0.925303444577321, 4.1482206750932463e-17]}], "source": "action wait"}
{"timestamp": 1706068740.989103, "objects": [{"color": "cv_", "id_name": "hand", "shape": "CVCylinder", "id_string": "ob383", "world_size": [0.12, 0.005, 0.12], "id": 383, "camera_size": [52, 53], "camera_position": [245, 344], "world_position": [0.4981549040512697, 0.7811411864593257, -0.1740383765578033], "world_orientation": [-9.121744375212892e-06, 0.14955927783142078, 0.9887527609728013, -0.0007643491012143912, -0.9887524732273617, 0.14955922725538293, 0.99999970784358, -0.0007543880431331455, 0.00012333464690027394], "world_rotation": [0.0, 1.0, 0.0, 0.0]}, {"color": "CVPurple", "id_name": "object160101867619940", "shape": "CVBox", "id_string": "ob947", "world_size": [0.11, 0.11, 0.11], "id": 947, "camera_size": [45, 45], "camera_position": [256, 254], "world_position": [0.705, 0.6547388572526824, -0.15], "world_orientation": [1.0, -3.838362879530641e-17, 1.4813540171849057e-17, 3.838362879530641e-17, 1.0, 5.294293626938881e-18, -1.4813540171849057e-17, -5.294293626938881e-18, 1.0], "world_rotation": [-0.1276280613210114, 0.35710588544125776, 0.925303444577321, 4.1482206750932463e-17]}], "source": "action wait"}
{"timestamp": 1706068741.023328, "objects": [{"color": "cv_", "id_name": "hand", "shape": "CVCylinder", "id_string": "ob383", "world_size": [0.12, 0.005, 0.12], "id": 383, "camera_size": [52, 53], "camera_position": [245, 318], "world_position": [0.5567904821115345, 0.7728433410854103, -0.1740502196867206], "world_orientation": [-2.34049167804725e-06, 0.11084766920122589, 0.9938374083456397, -0.0007770584748635162, -0.993837108500526, 0.11084763392802102, 0.9999996980872788, -0.0007720103428269589, 8.846118825386259e-05], "world_rotation": [0.0, 1.0, 0.0, 0.0]}, {"color": "CVPurple", "id_name": "object160101867619940", "shape": "CVBox", "id_string": "ob947", "world_size": [0.11, 0.11, 0.11], "id": 947, "camera_size": [45, 45], "camera_position": [256, 254], "world_position": [0.705, 0.6547388572526824, -0.15], "world_orientation": [1.0, -3.838362879530641e-17, 1.4813540171849057e-17, 3.838362879530641e-17, 1.0, 5.294293626938881e-18, -1.4813540171849057e-17, -5.294293626938881e-18, 1.0], "world_rotation": [-0.1276280613210114, 0.35710588544125776, 0.925303444577321, 4.1482206750932463e-17]}], "source": "action wait"}
{"timestamp": 1706068741.055765, "objects": [{"color": "cv_", "id_name": "hand", "shape": "CVCylinder", "id_string": "ob383", "world_size": [0.12, 0.005, 0.12], "id": 383, "camera_size": [52, 52], "camera_position": [245, 298], "world_position": [0.6021305130941028, 0.7593670321429148, -0.1740558250133529], "world_orientation": [-1.6616355753702384e-05, 0.07771686192450497, 0.9969754706593861, -0.0007752611388472091, -0.9969751721921243, 0.07771682573710159, 0.9999996993469866, -0.0007716249683619591, 7.681695702236749e-05], "world_rotation": [0.0, 1.0, 0.0, 0.0]}, {"color": "CVPurple", "id_name": "object160101867619940", "shape": "CVBox", "id_string": "ob947", "world_size": [0.11, 0.11, 0.11], "id": 947, "camera_size": [45, 45], "camera_position": [256, 254], "world_position": [0.705, 0.6547388572526824, -0.15], "world_orientation": [1.0, -3.838362879530641e-17, 1.4813540171849057e-17, 3.838362879530641e-17, 1.0, 5.294293626938881e-18, -1.4813540171849057e-17, -5.294293626938881e-18, 1.0], "world_rotation": [-0.1276280613210114, 0.35710588544125776, 0.925303444577321, 4.1482206750932463e-17]}], "source": "action wait"}
{"timestamp": 1706068741.088235, "objects": [{"color": "cv_", "id_name": "hand", "shape": "CVCylinder", "id_string": "ob383", "world_size": [0.12, 0.005, 0.12], "id": 383, "camera_size": [51, 51], "camera_position": [246, 284], "world_position": [0.63395616520809, 0.7474014306297964, -0.17406350407114982], "world_orientation": [-2.2859635414042525e-05, 0.05430584890268262, 0.9985243483523055, -0.0007713918123883428, -0.9985240524871476, 0.0543058151519345, 0.9999997022160101, -0.0007690120956544851, 6.471698300071974e-05], "world_rotation": [0.0, 1.0, 0.0, 0.0]}, {"color": "CVPurple", "id_name": "object160101867619940", "shape": "CVBox", "id_string": "ob947", "world_size": [0.11, 0.11, 0.11], "id": 947, "camera_size": [45, 45], "camera_position": [256, 254], "world_position": [0.705, 0.6547388572526824, -0.15], "world_orientation": [1.0, -3.838362879530641e-17, 1.4813540171849057e-17, 3.838362879530641e-17, 1.0, 5.294293626938881e-18, -1.4813540171849057e-17, -5.294293626938881e-18, 1.0], "world_rotation": [-0.1276280613210114, 0.35710588544125776, 0.925303444577321, 4.1482206750932463e-17]}], "source": "action wait"}
{"timestamp": 1706068741.119145, "objects": [{"color": "cv_", "id_name": "hand", "shape": "CVCylinder", "id_string": "ob383", "world_size": [0.12, 0.005, 0.12], "id": 383, "camera_size": [51, 51], "camera_position": [246, 275], "world_position": [0.6562274451675496, 0.7377735696405368, -0.17407138283041496], "world_orientation": [-2.4213030978922064e-05, 0.0377860954015853, 0.9992858501990466, -0.0007678982415504691, -0.9992855565711922, 0.0377860656921747, 0.9999997048729664, -0.0007664349319952873, 5.321160835236107e-05], "world_rotation": [0.0, 1.0, 0.0, 0.0]}, {"color": "CVPurple", "id_name": "object160101867619940", "shape": "CVBox", "id_string": "ob947", "world_size": [0.11, 0.11, 0.11], "id": 947, "camera_size": [45, 45], "camera_position": [256, 254], "world_position": [0.705, 0.6547388572526824, -0.15], "world_orientation": [1.0, -3.838362879530641e-17, 1.4813540171849057e-17, 3.838362879530641e-17, 1.0, 5.294293626938881e-18, -1.4813540171849057e-17, -5.294293626938881e-18, 1.0], "world_rotation": [-0.1276280613210114, 0.35710588544125776, 0.925303444577321, 4.1482206750932463e-17]}], "source": "action wait"}
{"timestamp": 1706068741.150243, "objects": [{"color": "cv_", "id_name": "hand", "shape": "CVCylinder", "id_string": "ob383", "world_size": [0.12, 0.005, 0.12], "id": 383, "camera_size": [51, 51], "camera_position": [246, 268], "world_position": [0.6718104888369242, 0.7304172467347129, -0.17407849479944384], "world_orientation": [-2.3034244888322613e-05, 0.026136541285406146, 0.999658381988097, -0.0007653854262606456, -0.9996580899066777, 0.02613651601269946, 0.9999997068272436, -0.0007645219219029773, 4.303089704058644e-05], "world_rotation": [0.0, 1.0, 0.0, 0.0]}, {"color": "CVPurple", "id_name": "object160101867619940", "shape": "CVBox", "id_string": "ob947", "world_size": [0.11, 0.11, 0.11], "id": 947, "camera_size": [45, 45], "camera_position": [256, 254], "world_position": [0.705, 0.6547388572526824, -0.15], "world_orientation": [1.0, -3.838362879530641e-17, 1.4813540171849057e-17, 3.838362879530641e-17, 1.0, 5.294293626938881e-18, -1.4813540171849057e-17, -5.294293626938881e-18, 1.0], "world_rotation": [-0.1276280613210114, 0.35710588544125776, 0.925303444577321, 4.1482206750932463e-17]}], "source": "action wait"}
{"timestamp": 1706068741.183414, "objects": [{"color": "cv_", "id_name": "hand", "shape": "CVCylinder", "id_string": "ob383", "world_size": [0.12, 0.005, 0.12], "id": 383, "camera_size": [51, 50], "camera_position": [246, 263], "world_position": [0.682723280011733, 0.7249641546908414, -0.17408450745400356], "world_orientation": [-2.0732437907677104e-05, 0.0179239406488711, 0.9998393530571709, -0.0007638012943265415, -0.999839061906496, 0.017923919591458334, 0.9999997080888318, -0.0007633069854340504, 3.441943033605715e-05], "world_rotation": [0.0, 1.0, 0.0, 0.0]}, {"color": "CVPurple", "id_name": "object160101867619940", "shape": "CVBox", "id_string": "ob947", "world_size": [0.11, 0.11, 0.11], "id": 947, "camera_size": [45, 45], "camera_position": [256, 254], "world_position": [0.705, 0.6547388572526824, -0.15], "world_orientation": [1.0, -3.838362879530641e-17, 1.4813540171849057e-17, 3.838362879530641e-17, 1.0, 5.294293626938881e-18, -1.4813540171849057e-17, -5.294293626938881e-18, 1.0], "world_rotation": [-0.1276280613210114, 0.35710588544125776, 0.925303444577321, 4.1482206750932463e-17]}], "source": "action wait"}
{"timestamp": 1706068741.218096, "objects": [{"color": "cv_", "id_name": "hand", "shape": "CVCylinder", "id_string": "ob383", "world_size": [0.12, 0.005, 0.12], "id": 383, "camera_size": [51, 51], "camera_position": [246, 260], "world_position": [0.6903741354153944, 0.7209971786245783, -0.17408939648546715], "world_orientation": [-1.8089482946914602e-05, 0.01213510911379746, 0.9999263666888513, -0.0007629125205937215, -0.9999260760235559, 0.012135091784573709, 0.9999997088185859, -0.0007626368272831758, 2.734617238245951e-05], "world_rotation": [0.0, 1.0, 0.0, 0.0]}, {"color": "CVPurple", "id_name": "object160101867619940", "shape": "CVBox", "id_string": "ob947", "world_size": [0.11, 0.11, 0.11], "id": 947, "camera_size": [45, 45], "camera_position": [256, 254], "world_position": [0.705, 0.6547388572526824, -0.15], "world_orientation": [1.0, -3.838362879530641e-17, 1.4813540171849057e-17, 3.838362879530641e-17, 1.0, 5.294293626938881e-18, -1.4813540171849057e-17, -5.294293626938881e-18, 1.0], "world_rotation": [-0.1276280613210114, 0.35710588544125776, 0.925303444577321, 4.1482206750932463e-17]}], "source": "action wait"}
{"timestamp": 1706068741.254093, "objects": [{"color": "cv_", "id_name": "hand", "shape": "CVCylinder", "id_string": "ob383", "world_size": [0.12, 0.005, 0.12], "id": 383, "camera_size": [51, 50], "camera_position": [246, 257], "world_position": [0.6957438947693684, 0.7181459711498192, -0.1740932726102796], "world_orientation": [-1.5540745242941692e-05, 0.008054947312946556, 0.9999675582649024, -0.0007624851026238621, -0.999967267798726, 0.00805493312321011, 0.9999997091874345, -0.0007623351866208703, 2.16820138890493e-05], "world_rotation": [0.0, 1.0, 0.0, 0.0]}, {"color": "CVPurple", "id_name": "object160101867619940", "shape": "CVBox", "id_string": "ob947", "world_size": [0.11, 0.11, 0.11], "id": 947, "camera_size": [45, 45], "camera_position": [256, 254], "world_position": [0.705, 0.6547388572526824, -0.15], "world_orientation": [1.0, -3.838362879530641e-17, 1.4813540171849057e-17, 3.838362879530641e-17, 1.0, 5.294293626938881e-18, -1.4813540171849057e-17, -5.294293626938881e-18, 1.0], "world_rotation": [-0.1276280613210114, 0.35710588544125776, 0.925303444577321, 4.1482206750932463e-17]}], "source": "action wait"}
{"timestamp": 1706068741.286912, "objects": [{"color": "cv_", "id_name": "hand", "shape": "CVCylinder", "id_string": "ob383", "world_size": [0.12, 0.005, 0.12], "id": 383, "camera_size": [50, 50], "camera_position": [245, 256], "world_position": [0.6995161755386856, 0.7161128605772833, -0.17409629270197366], "world_orientation": [-1.326082202335578e-05, 0.005179143513917808, 0.9999865880583664, -0.0007623368053553011, -0.9999862976237995, 0.005179131900347405, 0.9999997093333308, -0.0007622579013925739, 1.7208892039826864e-05], "world_rotation": [0.0, 1.0, 0.0, 0.0]}, {"color": "CVPurple", "id_name": "object160101867619940", "shape": "CVBox", "id_string": "ob947", "world_size": [0.11, 0.11, 0.11], "id": 947, "camera_size": [45, 45], "camera_position": [256, 254], "world_position": [0.705, 0.6547388572526824, -0.15], "world_orientation": [1.0, -3.838362879530641e-17, 1.4813540171849057e-17, 3.838362879530641e-17, 1.0, 5.294293626938881e-18, -1.4813540171849057e-17, -5.294293626938881e-18, 1.0], "world_rotation": [-0.1276280613210114, 0.35710588544125776, 0.925303444577321, 4.1482206750932463e-17]}], "source": "action wait"}
{"timestamp": 1706068741.320441, "objects": [{"color": "cv_", "id_name": "hand", "shape": "CVCylinder", "id_string": "ob383", "world_size": [0.12, 0.005, 0.12], "id": 383, "camera_size": [50, 50], "camera_position": [245, 255], "world_position": [0.7021682352261872, 0.7146706670685621, -0.17409861663599216], "world_orientation": [-1.1325016358114681e-05, 0.0031521790850708147, 0.9999950318070385, -0.0007623425734109443, -0.9999947413166824, 0.0031521695358039817, 0.9999997093527303, -0.0007623030875747405, 1.372799711937044e-05], "world_rotation": [0.0, 1.0, 0.0, 0.0]}, {"color": "CVPurple", "id_name": "object160101867619940", "shape": "CVBox", "id_string": "ob947", "world_size": [0.11, 0.11, 0.11], "id": 947, "camera_size": [45, 45], "camera_position": [256, 254], "world_position": [0.705, 0.6547388572526824, -0.15], "world_orientation": [1.0, -3.838362879530641e-17, 1.4813540171849057e-17, 3.838362879530641e-17, 1.0, 5.294293626938881e-18, -1.4813540171849057e-17, -5.294293626938881e-18, 1.0], "world_rotation": [-0.1276280613210114, 0.35710588544125776, 0.925303444577321, 4.1482206750932463e-17]}], "source": "action wait"}
{"timestamp": 1706068741.350119, "objects": [{"color": "cv_", "id_name": "hand", "shape": "CVCylinder", "id_string": "ob383", "world_size": [0.12, 0.005, 0.12], "id": 383, "camera_size": [50, 50], "camera_position": [245, 254], "world_position": [0.7040338654714581, 0.7136511638832352, -0.17410038838972514], "world_orientation": [-9.733595452047432e-06, 0.0017234738362308913, 0.9999985147704935, -0.0007624230654224517, -0.9999982241865791, 0.001723465914288069, 0.9999997093081211, -0.0007624051575296133, 1.1047594372757946e-05], "world_rotation": [0.0, 1.0, 0.0, 0.0]}, {"color": "CVPurple", "id_name": "object160101867619940", "shape": "CVBox", "id_string": "ob947", "world_size": [0.11, 0.11, 0.11], "id": 947, "camera_size": [45, 45], "camera_position": [256, 254], "world_position": [0.705, 0.6547388572526824, -0.15], "world_orientation": [1.0, -3.838362879530641e-17, 1.4813540171849057e-17, 3.838362879530641e-17, 1.0, 5.294293626938881e-18, -1.4813540171849057e-17, -5.294293626938881e-18, 1.0], "world_rotation": [-0.1276280613210114, 0.35710588544125776, 0.925303444577321, 4.1482206750932463e-17]}], "source": "action wait"}
{"timestamp": 1706068741.380095, "objects": [{"color": "cv_", "id_name": "hand", "shape": "CVCylinder", "id_string": "ob383", "world_size": [0.12, 0.005, 0.12], "id": 383, "camera_size": [50, 50], "camera_position": [245, 253], "world_position": [0.7053468976110909, 0.7129320872312457, -0.17410172961919695], "world_orientation": [-8.454954985021684e-06, 0.0007164243999500028, 0.9999997433322636, -0.0007625314177885818, -0.9999994526455764, 0.0007164177445248254, 0.9999997092371331, -0.0007625251647919736, 9.0012464709618e-06], "world_rotation": [0.0, 1.0, 0.0, 0.0]}, {"color": "CVPurple", "id_name": "object160101867619940", "shape": "CVBox", "id_string": "ob947", "world_size": [0.11, 0.11, 0.11], "id": 947, "camera_size": [45, 45], "camera_position": [256, 254], "world_position": [0.705, 0.6547388572526824, -0.15], "world_orientation": [1.0, -3.838362879530641e-17, 1.4813540171849057e-17, 3.838362879530641e-17, 1.0, 5.294293626938881e-18, -1.4813540171849057e-17, -5.294293626938881e-18, 1.0], "world_rotation": [-0.1276280613210114, 0.35710588544125776, 0.925303444577321, 4.1482206750932463e-17]}], "source": "action wait"}
{"timestamp": 1706068741.411794, "objects": [{"color": "cv_", "id_name": "hand", "shape": "CVCylinder", "id_string": "ob383", "world_size": [0.12, 0.005, 0.12], "id": 383, "camera_size": [50, 50], "camera_position": [245, 253], "world_position": [0.7062713589053639, 0.712425638507935, -0.1741027392886355], "world_orientation": [-7.444986014165048e-06, 6.566895388231511e-06, 0.9999999999507241, -0.0007626420408731942, -0.9999997091669919, 6.561215619742444e-06, 0.9999997091608026, -0.0007626419919878461, 7.449992039782987e-06], "world_rotation": [0.0, 1.0, 0.0, 0.0]}, {"color": "CVPurple", "id_name": "object160101867619940", "shape": "CVBox", "id_string": "ob947", "world_size": [0.11, 0.11, 0.11], "id": 947, "camera_size": [45, 45], "camera_position": [256, 254], "world_position": [0.705, 0.6547388572526824, -0.15], "world_orientation": [1.0, -3.838362879530641e-17, 1.4813540171849057e-17, 3.838362879530641e-17, 1.0, 5.294293626938881e-18, -1.4813540171849057e-17, -5.294293626938881e-18, 1.0], "world_rotation": [-0.1276280613210114, 0.35710588544125776, 0.925303444577321, 4.1482206750932463e-17]}], "source": "action wait"}
{"timestamp": 1706068741.443889, "objects": [{"color": "cv_", "id_name": "hand", "shape": "CVCylinder", "id_string": "ob383", "world_size": [0.12, 0.005, 0.12], "id": 383, "camera_size": [49, 50], "camera_position": [246, 253], "world_position": [0.7069025593956864, 0.7120937784783936, -0.17409628822706036], "world_orientation": [-8.445882156591583e-06, -0.00048564378195935297, 0.9999998820393853, -0.0007634934594436231, -0.9999995906107805, -0.00048565008880502964, 0.9999997085031599, -0.0007634974711252355, 8.075092848130651e-06], "world_rotation": [0.0, 1.0, 0.0, 0.0]}, {"color": "CVPurple", "id_name": "object160101867619940", "shape": "CVBox", "id_string": "ob947", "world_size": [0.11, 0.11, 0.11], "id": 947, "camera_size": [45, 45], "camera_position": [256, 254], "world_position": [0.7050976649459311, 0.654662598362144, -0.14999646363376734], "world_orientation": [0.9999984304169718, 0.0017717659347031307, 3.010880625788427e-06, -0.0017717657230085344, 0.9999984280472196, -6.891525866586865e-05, -3.1329776005116036e-06, 6.890981592255943e-05, 0.999999997620811], "world_rotation": [0.03886538851399651, 0.001732510848647222, -0.9992429534311541, 0.0017731090833843753]}], "source": "action wait"}
{"timestamp": 1706068741.479042, "objects": [{"color": "cv_", "id_name": "hand", "shape": "CVCylinder", "id_string": "ob383", "world_size": [0.12, 0.005, 0.12], "id": 383, "camera_size": [49, 50], "camera_position": [246, 252], "world_position": [0.7073244100366516, 0.7118855615844955, -0.17410067093634646], "world_orientation": [-5.287792812014562e-06, -0.0008239785194255607, 0.9999996605156618, -0.0007652228828269843, -0.9999993677433344, -0.000823982324528466, 0.9999997072029467, -0.0007652269800939697, 4.657262251091304e-06], "world_rotation": [0.0, 1.0, 0.0, 0.0]}, {"color": "CVPurple", "id_name": "object160101867619940", "shape": "CVBox", "id_string": "ob947", "world_size": [0.11, 0.11, 0.11], "id": 947, "camera_size": [45, 46], "camera_position": [256, 253], "world_position": [0.7051967313578386, 0.654595839777665, -0.1499986410910121], "world_orientation": [0.9999936874003861, 0.003553187587486556, 4.164986319930692e-06, -0.0035531874661501317, 0.9999936869951541, -2.8786599474446007e-05, -4.267244214289722e-06, 2.877161877898071e-05, 0.9999999995769925], "world_rotation": [0.008099247425479001, 0.001186532931659402, -0.9999664966041326, 0.00355331405203177]}], "source": "action wait"}
{"timestamp": 1706068741.515177, "objects": [{"color": "cv_", "id_name": "hand", "shape": "CVCylinder", "id_string": "ob383", "world_size": [0.12, 0.005, 0.12], "id": 383, "camera_size": [49, 50], "camera_position": [246, 252], "world_position": [0.7076261315513583, 0.7117319503383266, -0.17410491979753495], "world_orientation": [-2.91966078923044e-06, -0.001064622719828545, 0.9999994332848094, -0.0007661245635096118, -0.9999991398133902, -0.0010646246442168154, 0.9999997065222713, -0.0007661272376783632, 2.104024661598005e-06], "world_rotation": [0.0, 1.0, 0.0, 0.0]}, {"color": "CVPurple", "id_name": "object160101867619940", "shape": "CVBox", "id_string": "ob947", "world_size": [0.11, 0.11, 0.11], "id": 947, "camera_size": [45, 46], "camera_position": [256, 253], "world_position": [0.7052846842428906, 0.6545052953452033, -0.15000076831746628], "world_orientation": [0.9999868734283808, 0.005123763319779063, 4.513839547405373e-06, -0.005123763369354256, 0.999986873377365, 1.1040696933926933e-05, -4.457210377961919e-06, -1.1063679853156133e-05, 0.9999999999288641], "world_rotation": [-0.002157039211852496, 0.0008754332522874641, -0.9999972903955587, 0.005123799647407804]}], "source": "action wait"}
{"timestamp": 1706068742.575131, "objects": [{"color": "cv_", "id_name": "hand", "shape": "CVCylinder", "id_string": "ob383", "world_size": [0.12, 0.005, 0.12], "id": 383, "camera_size": [49, 50], "camera_position": [246, 252], "world_position": [0.7083545593306979, 0.7113704984131701, -0.1741138201617975], "world_orientation": [4.0253967805676055e-06, -0.0016365104869267848, 0.9999986609077147, -0.0007683855437669255, -0.9999983657130582, -0.0016365069107757667, 0.9999997047836826, -0.0007683779272384917, -5.282861201932456e-06], "world_rotation": [0.0, 1.0, 0.0, 0.0]}, {"color": "CVPurple", "id_name": "object160101867619940", "shape": "CVBox", "id_string": "ob947", "world_size": [0.11, 0.11, 0.11], "id": 947, "camera_size": [45, 46], "camera_position": [256, 253], "world_position": [0.7055089955950958, 0.6543013436476389, -0.15000522921548118], "world_orientation": [0.9999661340910238, 0.008229839168954582, -2.0452536821608738e-05, -0.008229836374479021, 0.9999661254579225, 0.00013315374582571518, 2.1547677914179052e-05, -0.00013298091542159434, 0.999999990925887], "world_rotation": [0.016166722915984855, 0.0025513618965038497, 0.9998660548406625, -0.008231033207964077]}], "source": "action wait"}
{"timestamp": 1706068742.607413, "objects": [{"color": "cv_", "id_name": "hand", "shape": "CVCylinder", "id_string": "ob383", "world_size": [0.12, 0.005, 0.12], "id": 383, "camera_size": [51, 50], "camera_position": [246, 251], "world_position": [0.710773513295041, 0.7320279077161608, -0.17409608844843932], "world_orientation": [2.2541501535827317e-05, 0.02866974034317685, 0.9995889382543884, -0.0007443941168750354, -0.9995886610798225, 0.028669749180048047, 0.9999997226846014, -0.0007447343841254553, -1.1906432947540726e-06], "world_rotation": [0.0, 1.0, 0.0, 0.0]}, {"color": "CVPurple", "id_name": "object160101867619940", "shape": "CVBox", "id_string": "ob947", "world_size": [0.11, 0.11, 0.11], "id": 947, "camera_size": [46, 48], "camera_position": [252, 251], "world_position": [0.7106541925421038, 0.6756633920900363, -0.15864703878200828], "world_orientation": [0.9996939509880411, -0.02473870290539013, -3.0601941788314504e-05, 0.024738706336357285, 0.9996939444852435, 0.00011733856354589182, 2.7689772032361345e-05, -0.00011805970464567723, 0.9999999926475913], "world_rotation": [0.004757634732405129, 0.0011781339107345239, -0.9999879883839812, -0.024741525924756178]}], "source": "action wait"}
{"timestamp": 1706068742.638844, "objects": [{"color": "cv_", "id_name": "hand", "shape": "CVCylinder", "id_string": "ob383", "world_size": [0.12, 0.005, 0.12], "id": 383, "camera_size": [52, 53], "camera_position": [245, 250], "world_position": [0.7141894620592432, 0.7808920129881252, -0.1741129042373558], "world_orientation": [7.788005035260122e-05, 0.09914084285347222, 0.9950734079518962, -0.0007264795076194988, -0.9950731427741757, 0.09914087329174742, 0.9999997330810757, -0.0007306215356584384, -5.4725557622026486e-06], "world_rotation": [0.0, 1.0, 0.0, 0.0]}, {"color": "CVPurple", "id_name": "object160101867619940", "shape": "CVBox", "id_string": "ob947", "world_size": [0.11, 0.11, 0.11], "id": 947, "camera_size": [48, 53], "camera_position": [249, 248], "world_position": [0.7186536580318396, 0.7250891013739258, -0.16422572716901643], "world_orientation": [0.9952920775697389, -0.09692099400741037, -3.5320372178205905e-05, 0.09692099723349813, 0.9952920723067655, 0.00010534974515367995, 2.494348440117068e-05, -0.0001082770524196187, 0.9999999938269513], "world_rotation": [0.0011020659463496932, 0.00031089144660816683, -0.9999993443983642, -0.0970734452974288]}], "source": "action wait"}
{"timestamp": 1706068742.669501, "objects": [{"color": "cv_", "id_name": "hand", "shape": "CVCylinder", "id_string": "ob383", "world_size": [0.12, 0.005, 0.12], "id": 383, "camera_size": [55, 55], "camera_position": [245, 250], "world_position": [0.7131805669832643, 0.8508218465919211, -0.17411935961056788], "world_orientation": [0.00015193212907632875, 0.19839172928515658, 0.9801227977492786, -0.0007164113787029412, -0.9801225359456875, 0.19839178734547247, 0.9999997318356464, -0.0007323132114766634, -6.782011341047016e-06], "world_rotation": [0.0, 1.0, 0.0, 0.0]}, {"color": "CVPurple", "id_name": "object160101867619940", "shape": "CVBox", "id_string": "ob947", "world_size": [0.11, 0.11, 0.11], "id": 947, "camera_size": [51, 60], "camera_position": [248, 245], "world_position": [0.7235993407273433, 0.7958874420681363, -0.16779200704503738], "world_orientation": [0.980348634547567, -0.19727278821346195, -4.208571585118503e-05, 0.1972727911737004, 0.9803486312013955, 8.464093683826658e-05, 2.456132032075575e-05, -9.127999349072803e-05, 0.9999999955323522], "world_rotation": [0.00044588235053816196, 0.00016892098677043585, -0.9999998863273083, -0.1985752829964968]}], "source": "action wait"}
{"timestamp": 1706068742.698874, "objects": [{"color": "cv_", "id_name": "hand", "shape": "CVCylinder", "id_string": "ob383", "world_size": [0.12, 0.005, 0.12], "id": 383, "camera_size": [59, 57], "camera_position": [244, 254], "world_position": [0.7046751852863854, 0.9203749717940503, -0.17412030224489047], "world_orientation": [0.0002265739871257836, 0.2956996106711511, 0.9552809476343375, -0.0007070259343638686, -0.9552806860194907, 0.29569969738310437, 0.9999997243892403, -0.0007424062640094009, -7.3744603294314446e-06], "world_rotation": [0.0, 1.0, 0.0, 0.0]}, {"color": "CVPurple", "id_name": "object160101867619940", "shape": "CVBox", "id_string": "ob947", "world_size": [0.11, 0.11, 0.11], "id": 947, "camera_size": [54, 67], "camera_position": [246, 246], "world_position": [0.7207966466051327, 0.8668565668027997, -0.1700714954330242], "world_orientation": [0.9554122389363559, -0.2952752135151386, -4.4432071515646755e-05, 0.2952752158462512, 0.9554122373030711, 6.097942189166582e-05, 2.4445233035682772e-05, -7.138017550583973e-05, 0.9999999971536507], "world_rotation": [0.00022412919641073882, 0.00011663238045115225, -0.999999968081495, -0.29974357428452225]}], "source": "action wait"}
{"timestamp": 1706068742.733141, "objects": [{"color": "cv_", "id_name": "hand", "shape": "CVCylinder", "id_string": "ob383", "world_size": [0.12, 0.005, 0.12], "id": 383, "camera_size": [62, 59], "camera_position": [243, 262], "world_position": [0.688952653871145, 0.9886415099689503, -0.17412014060544834], "world_orientation": [0.00030018768939844734, 0.39001903434283713, 0.9208067455973767, -0.0006867725530917818, -0.9208064895266395, 0.39001914977227425, 0.9999997191153663, -0.0007494637469695262, -8.560404503598402e-06], "world_rotation": [0.0, 1.0, 0.0, 0.0]}, {"color": "CVPurple", "id_name": "object160101867619940", "shape": "CVBox", "id_string": "ob947", "world_size": [0.11, 0.11, 0.11], "id": 947, "camera_size": [57, 74], "camera_position": [245, 250], "world_position": [0.7105169492305691, 0.9370700027529972, -0.17152948158537304], "world_orientation": [0.9208059452447906, -0.3900210369219924, -4.427348458761193e-05, 0.39002103872704785, 0.9208059444799349, 4.42796766990177e-05, 2.3497282370392387e-05, -5.804058000489906e-05, 0.9999999980395844], "world_rotation": [0.00013117273879403602, 8.68809109595744e-05, -0.9999999876227098, -0.4006544450191978]}], "source": "action wait"}
{"timestamp": 1706068742.764001, "objects": [{"color": "cv_", "id_name": "hand", "shape": "CVCylinder", "id_string": "ob383", "world_size": [0.12, 0.005, 0.12], "id": 383, "camera_size": [66, 60], "camera_position": [242, 274], "world_position": [0.6662816620194718, 1.0549343776320637, -0.1741197548189369], "world_orientation": [0.0003714524628049988, 0.4804018737666363, 0.8770484032848888, -0.0006569779943134899, -0.8770481572797932, 0.48040201726474313, 0.9999997152014508, -0.0007546480133555825, -1.0168238528023457e-05], "world_rotation": [0.0, 1.0, 0.0, 0.0]}, {"color": "CVPurple", "id_name": "object160101867619940", "shape": "CVBox", "id_string": "ob947", "world_size": [0.11, 0.11, 0.11], "id": 947, "camera_size": [60, 83], "camera_position": [243, 260], "world_position": [0.693009134533778, 1.005824085745031, -0.17246224841592805], "world_orientation": [0.8769100968975301, -0.4806544290139335, -4.27604258813373e-05, 0.48065443041265177, 0.8769100965804448, 3.2248478169729784e-05, 2.199667532818468e-05, -4.8832004262812226e-05, 0.9999999985657908], "world_rotation": [8.434384138365524e-05, 6.73634703324001e-05, -0.9999999941741397, -0.5014008536345924]}], "source": "action wait"}
{"timestamp": 1706068742.797524, "objects": [{"color": "cv_", "id_name": "hand", "shape": "CVCylinder", "id_string": "ob383", "world_size": [0.12, 0.005, 0.12], "id": 383, "camera_size": [70, 61], "camera_position": [241, 290], "world_position": [0.6419557046972357, 1.1077183621170976, -0.17411829656115185], "world_orientation": [0.0004345393490006472, 0.5515677293795201, 0.8341299965129381, -0.0006357334203109663, -0.8341297543339526, 0.5515679004236911, 0.9999997035092423, -0.0007699622720470333, -1.1812161298244387e-05], "world_rotation": [0.0, 1.0, 0.0, 0.0]}, {"color": "CVPurple", "id_name": "object160101867619940", "shape": "CVBox", "id_string": "ob947", "world_size": [0.11, 0.11, 0.11], "id": 947, "camera_size": [64, 89], "camera_position": [242, 272], "world_position": [0.6726813824440592, 1.061130712459914, -0.1730586066944646], "world_orientation": [0.8338702136043247, -0.5519605653506593, -3.407724362354449e-05, 0.5519605660261085, 0.8338702137266473, 1.4546944873341169e-05, 2.0386658507165806e-05, -3.0939558707884546e-05, 0.999999999313564], "world_rotation": [4.120448661991212e-05, 4.933676914968065e-05, -0.9999999979340368, -0.5847135787541111]}], "source": "action wait"}
{"timestamp": 1706068742.838493, "objects": [{"color": "cv_", "id_name": "hand", "shape": "CVCylinder", "id_string": "ob383", "world_size": [0.12, 0.005, 0.12], "id": 383, "camera_size": [73, 61], "camera_position": [241, 303], "world_position": [0.6217372432266378, 1.1433829772945423, -0.1741185309750578], "world_orientation": [0.00047939017576818695, 0.5995226687613784, 0.8003576324533263, -0.0006145566516191106, -0.8003573966539947, 0.5995228602325041, 0.9999996962525445, -0.0007792704760422906, -1.52428291750714e-05], "world_rotation": [0.0, 1.0, 0.0, 0.0]}, {"color": "CVPurple", "id_name": "object160101867619940", "shape": "CVBox", "id_string": "ob947", "world_size": [0.11, 0.11, 0.11], "id": 947, "camera_size": [67, 93], "camera_position": [242, 283], "world_position": [0.6550938069101827, 1.0988680494960044, -0.17344137438491017], "world_orientation": [0.8000049813590006, -0.599993357586498, -2.5551249426615124e-05, 0.5999933578910004, 0.8000049815175656, 5.8104971392537215e-06, 1.6954867137462357e-05, -1.9979006597360512e-05, 0.999999999656686], "world_rotation": [2.1491491015562436e-05, 3.542215591168456e-05, -0.9999999991416934, -0.6434928066362907]}], "source": "action wait"}
{"timestamp": 1706068742.873298, "objects": [{"color": "cv_", "id_name": "hand", "shape": "CVCylinder", "id_string": "ob383", "world_size": [0.12, 0.005, 0.12], "id": 383, "camera_size": [75, 62], "camera_position": [241, 313], "world_position": [0.6060733204148301, 1.1676397355397745, -0.17411979956313425], "world_orientation": [0.0005094033824607364, 0.6321147460677352, 0.7748746274797725, -0.0005943956201996167, -0.774874399736283, 0.6321149510391147, 0.9999996936009734, -0.0007825835789411696, -1.8997403681128006e-05], "world_rotation": [0.0, 1.0, 0.0, 0.0]}, {"color": "CVPurple", "id_name": "object160101867619940", "shape": "CVBox", "id_string": "ob947", "world_size": [0.11, 0.11, 0.11], "id": 947, "camera_size": [68, 96], "camera_position": [241, 292], "world_position": [0.6411835549907753, 1.1247154904057795, -0.17368729583462295], "world_orientation": [0.7744553738666535, -0.6326285430531863, -2.008643731473222e-05, 0.6326285432346166, 0.7744553739698816, 3.744059427407327e-06, 1.3187450461638281e-05, -1.5606860520824203e-05, 0.9999999997912585], "world_rotation": [1.5294061696229237e-05, 2.629812401098408e-05, -0.9999999995372502, -0.6849425801354535]}], "source": "action wait"}
