{"timestamp": 1706068685.40059, "objects": [{"color": "cv_", "id_name": "hand", "shape": "CVCylinder", "id_string": "ob383", "world_size": [0.12, 0.005, 0.12], "id": 383, "camera_size": [48, 50], "camera_position": [246, 426], "world_position": [0.26764451554000895, 0.6334703013849516, -0.17389260400847825], "world_orientation": [-0.0006415513902628328, 0.1979154748668795, 0.9802188802609504, -0.0007473675733873418, -0.9802189031248735, 0.19791499033266896, 0.9999995149266443, -0.0006056111687275948, 0.0007767764082491645], "world_rotation": [0.0, 1.0, 0.0, 0.0]}, {"color": "CVRed", "id_name": "object17900202730488", "shape": "CVBox", "id_string": "ob912", "world_size": [0.1, 0.1, 0.1], "id": 912, "camera_size": [41, 41], "camera_position": [256, 254], "world_position": [0.705, 0.6498037932383656, -0.15], "world_orientation": [1.0, 2.1316282072802963e-17, -9.624447840080312e-18, -2.1316282072802963e-17, 1.0, -1.5774048733874193e-16, 9.624447840080312e-18, 1.5774048733874193e-16, 1.0], "world_rotation": [-0.9891858493133231, 0.06035462278252622, 0.13367376342071935, -1.5946496550495827e-16]}], "source": "manual check"}
{"timestamp": 1706068686.423878, "objects": [{"color": "cv_", "id_name": "hand", "shape": "CVCylinder", "id_string": "ob383", "world_size": [0.12, 0.005, 0.12], "id": 383, "camera_size": [48, 50], "camera_position": [246, 426], "world_position": [0.26764451554000895, 0.6334703013849516, -0.17389260400847825], "world_orientation": [-0.0006415513902628328, 0.1979154748668795, 0.9802188802609504, -0.0007473675733873418, -0.9802189031248735, 0.19791499033266896, 0.9999995149266443, -0.0006056111687275948, 0.0007767764082491645], "world_rotation": [0.0, 1.0, 0.0, 0.0]}, {"color": "CVRed", "id_name": "object17900202730488", "shape": "CVBox", "id_string": "ob912", "world_size": [0.1, 0.1, 0.1], "id": 912, "camera_size": [41, 41], "camera_position": [256, 254], "world_position": [0.705, 0.6498037994254439, -0.15], "world_orientation": [1.0, 8.100187187665134e-17, -1.2653630886983698e-17, -8.100187187665134e-17, 1.0, -1.9397816686250694e-16, 1.2653630886983698e-17, 1.9397816686250694e-16, 1.0], "world_rotation": [-0.9211093596285536, 0.06008602943210125, 0.38463907325148433, -2.1059189642881336e-16]}], "source": "manual check"}
{"timestamp": 1706068688.292668, "objects": [{"color": "cv_", "id_name": "hand", "shape": "CVCylinder", "id_string": "ob383", "world_size": [0.12, 0.005, 0.12], "id": 383, "camera_size": [48, 50], "camera_position": [246, 426], "world_position": [0.26764451554000895, 0.6334703013849516, -0.17389260400847825], "world_orientation": [-0.0006415513902628328, 0.1979154748668795, 0.9802188802609504, -0.0007473675733873418, -0.9802189031248735, 0.19791499033266896, 0.9999995149266443, -0.0006056111687275948, 0.0007767764082491645], "world_rotation": [0.0, 1.0, 0.0, 0.0]}, {"color": "CVRed", "id_name": "object17900202730488", "shape": "CVBox", "id_string": "ob912", "world_size": [0.1, 0.1, 0.1], "id": 912, "camera_size": [41, 41], "camera_position": [256, 254], "world_position": [0.705, 0.6498037994254439, -0.15], "world_orientation": [1.0, 8.100187187665134e-17, -1.2653630886983698e-17, -8.100187187665134e-17, 1.0, -1.9397816686250694e-16, 1.2653630886983698e-17, 1.9397816686250694e-16, 1.0], "world_rotation": [-0.9211093596285536, 0.06008602943210125, 0.38463907325148433, -2.1059189642881336e-16]}], "source": "action wait"}
{"timestamp": 1706068688.32702, "objects": [{"color": "cv_", "id_name": "hand", "shape": "CVCylinder", "id_string": "ob383", "world_size": [0.12, 0.005, 0.12], "id": 383, "camera_size": [49, 51], "camera_position": [246, 421], "world_position": [0.290952483960245, 0.6676157619283924, -0.1739561797277978], "world_orientation": [-0.0003839291672138164, 0.19674053984000495, 0.980455512800993, -0.0007155704453071412, -0.9804553880947453, 0.1967402346113278, 0.9999996702786119, -0.0006260506734673577, 0.0005172071363452231], "world_rotation": [0.0, 1.0, 0.0, 0.0]}, {"color": "CVRed", "id_name": "object17900202730488", "shape": "CVBox", "id_string": "ob912", "world_size": [0.1, 0.1, 0.1], "id": 912, "camera_size": [41, 41], "camera_position": [256, 254], "world_position": [0.705, 0.6498037994254439, -0.15], "world_orientation": [1.0, 8.100187187665134e-17, -1.2653630886983698e-17, -8.100187187665134e-17, 1.0, -1.9397816686250694e-16, 1.2653630886983698e-17, 1.9397816686250694e-16, 1.0], "world_rotation": [-0.9211093596285536, 0.06008602943210125, 0.38463907325148433, -2.1059189642881336e-16]}], "source": "action wait"}
{"timestamp": 1706068688.360156, "objects": [{"color": "cv_", "id_name": "hand", "shape": "CVCylinder", "id_string": "ob383", "world_size": [0.12, 0.005, 0.12], "id": 383, "camera_size": [51, 52], "camera_position": [246, 406], "world_position": [0.3368879842102503, 0.7054761194150234, -0.17398402222141196], "world_orientation": [-0.0002252005986580178, 0.18403592400956223, 0.9829194921043314, -0.000732053528972712, -0.9829192839943283, 0.18403571732060037, 0.9999997066911176, -0.000678104729176273, 0.0003560781588174119], "world_rotation": [0.0, 1.0, 0.0, 0.0]}, {"color": "CVRed", "id_name": "object17900202730488", "shape": "CVBox", "id_string": "ob912", "world_size": [0.1, 0.1, 0.1], "id": 912, "camera_size": [41, 41], "camera_position": [256, 254], "world_position": [0.705, 0.6498037994254439, -0.15], "world_orientation": [1.0, 8.100187187665134e-17, -1.2653630886983698e-17, -8.100187187665134e-17, 1.0, -1.9397816686250694e-16, 1.2653630886983698e-17, 1.9397816686250694e-16, 1.0], "world_rotation": [-0.9211093596285536, 0.06008602943210125, 0.38463907325148433, -2.1059189642881336e-16]}], "source": "action wait"}
{"timestamp": 1706068688.391466, "objects": [{"color": "cv_", "id_name": "hand", "shape": "CVCylinder", "id_string": "ob383", "world_size": [0.12, 0.005, 0.12], "id": 383, "camera_size": [51, 52], "camera_position": [246, 388], "world_position": [0.38737726968934283, 0.738575313377927, -0.1740045427047546], "world_orientation": [-0.00012230228931297808, 0.17498796964314958, 0.9845705640137319, -0.0007433297873054191, -0.9845703152786356, 0.17498783309977847, 0.9999997162514485, -0.0007104592153457811, 0.0002504889738044495], "world_rotation": [0.0, 1.0, 0.0, 0.0]}, {"color": "CVRed", "id_name": "object17900202730488", "shape": "CVBox", "id_string": "ob912", "world_size": [0.1, 0.1, 0.1], "id": 912, "camera_size": [41, 41], "camera_position": [256, 254], "world_position": [0.705, 0.6498037994254439, -0.15], "world_orientation": [1.0, 8.100187187665134e-17, -1.2653630886983698e-17, -8.100187187665134e-17, 1.0, -1.9397816686250694e-16, 1.2653630886983698e-17, 1.9397816686250694e-16, 1.0], "world_rotation": [-0.9211093596285536, 0.06008602943210125, 0.38463907325148433, -2.1059189642881336e-16]}], "source": "action wait"}
{"timestamp": 1706068688.426982, "objects": [{"color": "cv_", "id_name": "hand", "shape": "CVCylinder", "id_string": "ob383", "world_size": [0.12, 0.005, 0.12], "id": 383, "camera_size": [52, 53], "camera_position": [245, 368], "world_position": [0.4414407714297357, 0.7664717212596779, -0.1740230465760653], "world_orientation": [-4.9878532872557114e-05, 0.16859501868861912, 0.9856854047745235, -0.0007507244244870501, -0.9856851345538373, 0.16859493448031693, 0.9999997169624453, -0.0007315688402433101, 0.00017573292676265187], "world_rotation": [0.0, 1.0, 0.0, 0.0]}, {"color": "CVRed", "id_name": "object17900202730488", "shape": "CVBox", "id_string": "ob912", "world_size": [0.1, 0.1, 0.1], "id": 912, "camera_size": [41, 41], "camera_position": [256, 254], "world_position": [0.705, 0.6498037994254439, -0.15], "world_orientation": [1.0, 8.100187187665134e-17, -1.2653630886983698e-17, -8.100187187665134e-17, 1.0, -1.9397816686250694e-16, 1.2653630886983698e-17, 1.9397816686250694e-16, 1.0], "world_rotation": [-0.9211093596285536, 0.06008602943210125, 0.38463907325148433, -2.1059189642881336e-16]}], "source": "action wait"}
{"timestamp": 1706068688.461298, "objects": [{"color": "cv_", "id_name": "hand", "shape": "CVCylinder", "id_string": "ob383", "world_size": [0.12, 0.005, 0.12], "id": 383, "camera_size": [52, 53], "camera_position": [245, 344], "world_position": [0.49863502435851637, 0.780587210040226, -0.17403824729762876], "world_orientation": [-6.893884224005596e-06, 0.15224993753586927, 0.9883420240345943, -0.0007644334366030078, -0.9883417360873612, 0.1522498878467311, 0.999999707796955, -0.0007544720968723289, 0.00012319845647589217], "world_rotation": [0.0, 1.0, 0.0, 0.0]}, {"color": "CVRed", "id_name": "object17900202730488", "shape": "CVBox", "id_string": "ob912", "world_size": [0.1, 0.1, 0.1], "id": 912, "camera_size": [41, 41], "camera_position": [256, 254], "world_position": [0.705, 0.6498037994254439, -0.15], "world_orientation": [1.0, 8.100187187665134e-17, -1.2653630886983698e-17, -8.100187187665134e-17, 1.0, -1.9397816686250694e-16, 1.2653630886983698e-17, 1.9397816686250694e-16, 1.0], "world_rotation": [-0.9211093596285536, 0.06008602943210125, 0.38463907325148433, -2.1059189642881336e-16]}], "source": "action wait"}
{"timestamp": 1706068688.494137, "objects": [{"color": "cv_", "id_name": "hand", "shape": "CVCylinder", "id_string": "ob383", "world_size": [0.12, 0.005, 0.12], "id": 383, "camera_size": [52, 53], "camera_position": [245, 318], "world_position": [0.5572724598158567, 0.7715444411847237, -0.1740501135085849], "world_orientation": [-8.568314511366515e-07, 0.1127413846466236, 0.9936243657374892, -0.000777023449211156, -0.993624065854843, 0.11274134995045092, 0.9999996981168671, -0.000771972831551437, 8.845406791759484e-05], "world_rotation": [0.0, 1.0, 0.0, 0.0]}, {"color": "CVRed", "id_name": "object17900202730488", "shape": "CVBox", "id_string": "ob912", "world_size": [0.1, 0.1, 0.1], "id": 912, "camera_size": [41, 41], "camera_position": [256, 254], "world_position": [0.705, 0.6498037994254439, -0.15], "world_orientation": [1.0, 8.100187187665134e-17, -1.2653630886983698e-17, -8.100187187665134e-17, 1.0, -1.9397816686250694e-16, 1.2653630886983698e-17, 1.9397816686250694e-16, 1.0], "world_rotation": [-0.9211093596285536, 0.06008602943210125, 0.38463907325148433, -2.1059189642881336e-16]}], "source": "action wait"}
{"timestamp": 1706068688.528597, "objects": [{"color": "cv_", "id_name": "hand", "shape": "CVCylinder", "id_string": "ob383", "world_size": [0.12, 0.005, 0.12], "id": 383, "camera_size": [52, 52], "camera_position": [245, 297], "world_position": [0.6025565121668245, 0.7575497616700333, -0.1740557391904116], "world_orientation": [-1.5592281282434152e-05, 0.07905691967847195, 0.9968701034777965, -0.0007751674626533157, -0.996869805052518, 0.0790568838872371, 0.9999996994360978, -0.0007715085915372781, 7.682582623508413e-05], "world_rotation": [0.0, 1.0, 0.0, 0.0]}, {"color": "CVRed", "id_name": "object17900202730488", "shape": "CVBox", "id_string": "ob912", "world_size": [0.1, 0.1, 0.1], "id": 912, "camera_size": [41, 41], "camera_position": [256, 254], "world_position": [0.705, 0.6498037994254439, -0.15], "world_orientation": [1.0, 8.100187187665134e-17, -1.2653630886983698e-17, -8.100187187665134e-17, 1.0, -1.9397816686250694e-16, 1.2653630886983698e-17, 1.9397816686250694e-16, 1.0], "world_rotation": [-0.9211093596285536, 0.06008602943210125, 0.38463907325148433, -2.1059189642881336e-16]}], "source": "action wait"}
{"timestamp": 1706068688.55422, "objects": [{"color": "cv_", "id_name": "hand", "shape": "CVCylinder", "id_string": "ob383", "world_size": [0.12, 0.005, 0.12], "id": 383, "camera_size": [51, 51], "camera_position": [246, 284], "world_position": [0.634319345471318, 0.7452214644658418, -0.1740634289742775], "world_orientation": [-2.2152211961021784e-05, 0.05525262330185522, 0.9984724067932688, -0.0007712741028282618, -0.9984721110047087, 0.055252589822190945, 0.9999997023227247, -0.0007688719426674646, 6.473328330657527e-05], "world_rotation": [0.0, 1.0, 0.0, 0.0]}, {"color": "CVRed", "id_name": "object17900202730488", "shape": "CVBox", "id_string": "ob912", "world_size": [0.1, 0.1, 0.1], "id": 912, "camera_size": [41, 41], "camera_position": [256, 254], "world_position": [0.705, 0.6498037994254439, -0.15], "world_orientation": [1.0, 8.100187187665134e-17, -1.2653630886983698e-17, -8.100187187665134e-17, 1.0, -1.9397816686250694e-16, 1.2653630886983698e-17, 1.9397816686250694e-16, 1.0], "world_rotation": [-0.9211093596285536, 0.06008602943210125, 0.38463907325148433, -2.1059189642881336e-16]}], "source": "action wait"}
{"timestamp": 1706068688.583565, "objects": [{"color": "cv_", "id_name": "hand", "shape": "CVCylinder", "id_string": "ob383", "world_size": [0.12, 0.005, 0.12], "id": 383, "camera_size": [51, 51], "camera_position": [246, 274], "world_position": [0.6565350749758716, 0.7353397448712247, -0.17407131098482917], "world_orientation": [-2.3701720993022828e-05, 0.038454492354339585, 0.9992603521885568, -0.0007677780624773733, -0.9992600586454014, 0.03845446284680031, 0.9999997049774942, -0.000766298740164805, 5.320869874322879e-05], "world_rotation": [0.0, 1.0, 0.0, 0.0]}, {"color": "CVRed", "id_name": "object17900202730488", "shape": "CVBox", "id_string": "ob912", "world_size": [0.1, 0.1, 0.1], "id": 912, "camera_size": [41, 41], "camera_position": [256, 254], "world_position": [0.705, 0.6498037994254439, -0.15], "world_orientation": [1.0, 8.100187187665134e-17, -1.2653630886983698e-17, -8.100187187665134e-17, 1.0, -1.9397816686250694e-16, 1.2653630886983698e-17, 1.9397816686250694e-16, 1.0], "world_rotation": [-0.9211093596285536, 0.06008602943210125, 0.38463907325148433, -2.1059189642881336e-16]}], "source": "action wait"}
{"timestamp": 1706068688.616788, "objects": [{"color": "cv_", "id_name": "hand", "shape": "CVCylinder", "id_string": "ob383", "world_size": [0.12, 0.005, 0.12], "id": 383, "camera_size": [51, 51], "camera_position": [246, 268], "world_position": [0.6720735483765204, 0.7278055288699116, -0.17407842216808767], "world_orientation": [-2.266986609764191e-05, 0.026608235465364546, 0.9996459379657864, -0.0007652761038781609, -0.9996456459641526, 0.026608210338113246, 0.9999997069192381, -0.0007644019440989771, 4.302447970747878e-05], "world_rotation": [0.0, 1.0, 0.0, 0.0]}, {"color": "CVRed", "id_name": "object17900202730488", "shape": "CVBox", "id_string": "ob912", "world_size": [0.1, 0.1, 0.1], "id": 912, "camera_size": [41, 41], "camera_position": [256, 254], "world_position": [0.705, 0.6498037994254439, -0.15], "world_orientation": [1.0, 8.100187187665134e-17, -1.2653630886983698e-17, -8.100187187665134e-17, 1.0, -1.9397816686250694e-16, 1.2653630886983698e-17, 1.9397816686250694e-16, 1.0], "world_rotation": [-0.9211093596285536, 0.06008602943210125, 0.38463907325148433, -2.1059189642881336e-16]}], "source": "action wait"}
{"timestamp": 1706068688.653879, "objects": [{"color": "cv_", "id_name": "hand", "shape": "CVCylinder", "id_string": "ob383", "world_size": [0.12, 0.005, 0.12], "id": 383, "camera_size": [51, 51], "camera_position": [246, 263], "world_position": [0.6829523421715675, 0.7222276109872318, -0.17408443230322243], "world_orientation": [-2.0472245851246496e-05, 0.018256760382331278, 0.9998333312513787, -0.0007637080523738443, -0.9998330401699089, 0.018256739429815837, 0.9999997081654065, -0.0007632070096507499, 3.441166272317457e-05], "world_rotation": [0.0, 1.0, 0.0, 0.0]}, {"color": "CVRed", "id_name": "object17900202730488", "shape": "CVBox", "id_string": "ob912", "world_size": [0.1, 0.1, 0.1], "id": 912, "camera_size": [41, 41], "camera_position": [256, 254], "world_position": [0.705, 0.6498037994254439, -0.15], "world_orientation": [1.0, 8.100187187665134e-17, -1.2653630886983698e-17, -8.100187187665134e-17, 1.0, -1.9397816686250694e-16, 1.2653630886983698e-17, 1.9397816686250694e-16, 1.0], "world_rotation": [-0.9211093596285536, 0.06008602943210125, 0.38463907325148433, -2.1059189642881336e-16]}], "source": "action wait"}
{"timestamp": 1706068688.690321, "objects": [{"color": "cv_", "id_name": "hand", "shape": "CVCylinder", "id_string": "ob383", "world_size": [0.12, 0.005, 0.12], "id": 383, "camera_size": [51, 51], "camera_position": [246, 260], "world_position": [0.6905780169567831, 0.7181729412641127, -0.1740893183579702], "world_orientation": [-1.790396528065673e-05, 0.012369921435829073, 0.9999234894346266, -0.0007628362854078155, -0.9999231988264559, 0.012369904181914724, 0.9999997088800826, -0.0007625564500376925, 2.7338815154374578e-05], "world_rotation": [0.0, 1.0, 0.0, 0.0]}, {"color": "CVRed", "id_name": "object17900202730488", "shape": "CVBox", "id_string": "ob912", "world_size": [0.1, 0.1, 0.1], "id": 912, "camera_size": [41, 41], "camera_position": [256, 254], "world_position": [0.705, 0.6498037994254439, -0.15], "world_orientation": [1.0, 8.100187187665134e-17, -1.2653630886983698e-17, -8.100187187665134e-17, 1.0, -1.9397816686250694e-16, 1.2653630886983698e-17, 1.9397816686250694e-16, 1.0], "world_rotation": [-0.9211093596285536, 0.06008602943210125, 0.38463907325148433, -2.1059189642881336e-16]}], "source": "action wait"}
{"timestamp": 1706068688.725413, "objects": [{"color": "cv_", "id_name": "hand", "shape": "CVCylinder", "id_string": "ob383", "world_size": [0.12, 0.005, 0.12], "id": 383, "camera_size": [50, 50], "camera_position": [245, 257], "world_position": [0.695929462803496, 0.7152600663354554, -0.17409319165875606], "world_orientation": [-1.5409695689915676e-05, 0.008220606411352133, 0.9999662101255078, -0.0007624245965847559, -0.9999659197049605, 0.008220592274710791, 0.9999997092355958, -0.000762272157528324, 2.167676305016437e-05], "world_rotation": [0.0, 1.0, 0.0, 0.0]}, {"color": "CVRed", "id_name": "object17900202730488", "shape": "CVBox", "id_string": "ob912", "world_size": [0.1, 0.1, 0.1], "id": 912, "camera_size": [41, 41], "camera_position": [256, 254], "world_position": [0.705, 0.6498037994254439, -0.15], "world_orientation": [1.0, 8.100187187665134e-17, -1.2653630886983698e-17, -8.100187187665134e-17, 1.0, -1.9397816686250694e-16, 1.2653630886983698e-17, 1.9397816686250694e-16, 1.0], "world_rotation": [-0.9211093596285536, 0.06008602943210125, 0.38463907325148433, -2.1059189642881336e-16]}], "source": "action wait"}
{"timestamp": 1706068688.760555, "objects": [{"color": "cv_", "id_name": "hand", "shape": "CVCylinder", "id_string": "ob383", "world_size": [0.12, 0.005, 0.12], "id": 383, "camera_size": [50, 50], "camera_position": [245, 256], "world_position": [0.6996885794047769, 0.7131835572095522, -0.17409620931844116], "world_orientation": [-1.3168450655446115e-05, 0.0052960129837547444, 0.9999859759381968, -0.0007622898030967222, -0.9999856855392224, 0.005296001407460335, 0.9999997093703819, -0.0007622093725645784, 1.7205358851126235e-05], "world_rotation": [0.0, 1.0, 0.0, 0.0]}, {"color": "CVRed", "id_name": "object17900202730488", "shape": "CVBox", "id_string": "ob912", "world_size": [0.1, 0.1, 0.1], "id": 912, "camera_size": [41, 41], "camera_position": [256, 254], "world_position": [0.705, 0.6498037994254439, -0.15], "world_orientation": [1.0, 8.100187187665134e-17, -1.2653630886983698e-17, -8.100187187665134e-17, 1.0, -1.9397816686250694e-16, 1.2653630886983698e-17, 1.9397816686250694e-16, 1.0], "world_rotation": [-0.9211093596285536, 0.06008602943210125, 0.38463907325148433, -2.1059189642881336e-16]}], "source": "action wait"}
{"timestamp": 1706068688.791622, "objects": [{"color": "cv_", "id_name": "hand", "shape": "CVCylinder", "id_string": "ob383", "world_size": [0.12, 0.005, 0.12], "id": 383, "camera_size": [49, 49], "camera_position": [246, 255], "world_position": [0.7023312486792839, 0.7117108041490351, -0.1740985312658637], "world_orientation": [-1.1260506873989328e-05, 0.0032346273917315082, 0.9999947685157347, -0.0007623066538978008, -0.9999944780526602, 0.003234617868182926, 0.999999709380841, -0.0007622662424661582, 1.372622267802569e-05], "world_rotation": [0.0, 1.0, 0.0, 0.0]}, {"color": "CVRed", "id_name": "object17900202730488", "shape": "CVBox", "id_string": "ob912", "world_size": [0.1, 0.1, 0.1], "id": 912, "camera_size": [41, 41], "camera_position": [256, 254], "world_position": [0.705, 0.6498037994254439, -0.15], "world_orientation": [1.0, 8.100187187665134e-17, -1.2653630886983698e-17, -8.100187187665134e-17, 1.0, -1.9397816686250694e-16, 1.2653630886983698e-17, 1.9397816686250694e-16, 1.0], "world_rotation": [-0.9211093596285536, 0.06008602943210125, 0.38463907325148433, -2.1059189642881336e-16]}], "source": "action wait"}
{"timestamp": 1706068688.820651, "objects": [{"color": "cv_", "id_name": "hand", "shape": "CVCylinder", "id_string": "ob383", "world_size": [0.12, 0.005, 0.12], "id": 383, "camera_size": [49, 50], "camera_position": [246, 254], "world_position": [0.70419021433006, 0.7106697727227012, -0.17410030144820707], "world_orientation": [-9.689154827697112e-06, 0.0017816383463874267, 0.9999984128342019, -0.0007623959626246246, -0.9999981222709199, 0.0017816304417240156, 0.9999997093292161, -0.0007623774900830047, 1.1047450516597746e-05], "world_rotation": [0.0, 1.0, 0.0, 0.0]}, {"color": "CVRed", "id_name": "object17900202730488", "shape": "CVBox", "id_string": "ob912", "world_size": [0.1, 0.1, 0.1], "id": 912, "camera_size": [41, 41], "camera_position": [256, 254], "world_position": [0.705, 0.6498037994254439, -0.15], "world_orientation": [1.0, 8.100187187665134e-17, -1.2653630886983698e-17, -8.100187187665134e-17, 1.0, -1.9397816686250694e-16, 1.2653630886983698e-17, 1.9397816686250694e-16, 1.0], "world_rotation": [-0.9211093596285536, 0.06008602943210125, 0.38463907325148433, -2.1059189642881336e-16]}], "source": "action wait"}
{"timestamp": 1706068688.846803, "objects": [{"color": "cv_", "id_name": "hand", "shape": "CVCylinder", "id_string": "ob383", "world_size": [0.12, 0.005, 0.12], "id": 383, "camera_size": [49, 50], "camera_position": [246, 253], "world_position": [0.7054985322893021, 0.7099355251464993, -0.17410164146054263], "world_orientation": [-8.42497934664587e-06, 0.0007574570212329726, 0.9999997130938992, -0.0007625111735258288, -0.9999994224226515, 0.0007574503769195969, 0.9999997092528229, -0.0007625045732533183, 9.002543923089289e-06], "world_rotation": [0.0, 1.0, 0.0, 0.0]}, {"color": "CVRed", "id_name": "object17900202730488", "shape": "CVBox", "id_string": "ob912", "world_size": [0.1, 0.1, 0.1], "id": 912, "camera_size": [41, 41], "camera_position": [256, 254], "world_position": [0.705, 0.6498037994254439, -0.15], "world_orientation": [1.0, 8.100187187665134e-17, -1.2653630886983698e-17, -8.100187187665134e-17, 1.0, -1.9397816686250694e-16, 1.2653630886983698e-17, 1.9397816686250694e-16, 1.0], "world_rotation": [-0.9211093596285536, 0.06008602943210125, 0.38463907325148433, -2.1059189642881336e-16]}], "source": "action wait"}
{"timestamp": 1706068688.877475, "objects": [{"color": "cv_", "id_name": "hand", "shape": "CVCylinder", "id_string": "ob383", "world_size": [0.12, 0.005, 0.12], "id": 383, "camera_size": [49, 50], "camera_position": [246, 253], "world_position": [0.7064196663514771, 0.7094183828806951, -0.17410265020074686], "world_orientation": [-7.425463932792553e-06, 3.551321177044988e-05, 0.9999999993418373, -0.0007626270430268333, -0.9999997085695616, 3.550753858493631e-05, 0.9999997091723856, -0.0007626267788653404, 7.452545104831789e-06], "world_rotation": [0.0, 1.0, 0.0, 0.0]}, {"color": "CVRed", "id_name": "object17900202730488", "shape": "CVBox", "id_string": "ob912", "world_size": [0.1, 0.1, 0.1], "id": 912, "camera_size": [41, 41], "camera_position": [256, 254], "world_position": [0.705, 0.6498037994254439, -0.15], "world_orientation": [1.0, 8.100187187665134e-17, -1.2653630886983698e-17, -8.100187187665134e-17, 1.0, -1.9397816686250694e-16, 1.2653630886983698e-17, 1.9397816686250694e-16, 1.0], "world_rotation": [-0.9211093596285536, 0.06008602943210125, 0.38463907325148433, -2.1059189642881336e-16]}], "source": "action wait"}
{"timestamp": 1706068688.910438, "objects": [{"color": "cv_", "id_name": "hand", "shape": "CVCylinder", "id_string": "ob383", "world_size": [0.12, 0.005, 0.12], "id": 383, "camera_size": [49, 49], "camera_position": [246, 253], "world_position": [0.7070683974191492, 0.709054467251302, -0.1741034061531344], "world_orientation": [-6.645564574055678e-06, -0.0004733977967105767, 0.999999887925175, -0.0007627314188564523, -0.9999995970652388, -0.00047340272779921314, 0.9999997090982674, -0.0007627344794022485, 6.284486523522431e-06], "world_rotation": [0.0, 1.0, 0.0, 0.0]}, {"color": "CVRed", "id_name": "object17900202730488", "shape": "CVBox", "id_string": "ob912", "world_size": [0.1, 0.1, 0.1], "id": 912, "camera_size": [41, 41], "camera_position": [256, 254], "world_position": [0.705, 0.6498037994254439, -0.15], "world_orientation": [1.0, 8.100187187665134e-17, -1.2653630886983698e-17, -8.100187187665134e-17, 1.0, -1.9397816686250694e-16, 1.2653630886983698e-17, 1.9397816686250694e-16, 1.0], "world_rotation": [-0.9211093596285536, 0.06008602943210125, 0.38463907325148433, -2.1059189642881336e-16]}], "source": "action wait"}
{"timestamp": 1706068688.944706, "objects": [{"color": "cv_", "id_name": "hand", "shape": "CVCylinder", "id_string": "ob383", "world_size": [0.12, 0.005, 0.12], "id": 383, "camera_size": [49, 50], "camera_position": [246, 252], "world_position": [0.7075253929394626, 0.7087985061608344, -0.17410397055785878], "world_orientation": [-6.043204551347295e-06, -0.0008321476104516583, 0.9999996537468572, -0.0007628197250801157, -0.9999993628143731, -0.0008321519782296973, 0.999999709034731, -0.0007628244898163998, 5.408422089637521e-06], "world_rotation": [0.0, 1.0, 0.0, 0.0]}, {"color": "CVRed", "id_name": "object17900202730488", "shape": "CVBox", "id_string": "ob912", "world_size": [0.1, 0.1, 0.1], "id": 912, "camera_size": [41, 41], "camera_position": [256, 254], "world_position": [0.705, 0.6498037994254439, -0.15], "world_orientation": [1.0, 8.100187187665134e-17, -1.2653630886983698e-17, -8.100187187665134e-17, 1.0, -1.9397816686250694e-16, 1.2653630886983698e-17, 1.9397816686250694e-16, 1.0], "world_rotation": [-0.9211093596285536, 0.06008602943210125, 0.38463907325148433, -2.1059189642881336e-16]}], "source": "action wait"}
{"timestamp": 1706068688.981091, "objects": [{"color": "cv_", "id_name": "hand", "shape": "CVCylinder", "id_string": "ob383", "world_size": [0.12, 0.005, 0.12], "id": 383, "camera_size": [49, 50], "camera_position": [246, 252], "world_position": [0.7078473842016757, 0.7086185206417301, -0.17410439062252384], "world_orientation": [-5.581792599297478e-06, -0.0010850495790984188, 0.9999994113179541, -0.0007628914675521378, -0.9999991203273452, -0.001085053521663109, 0.9999997089826839, -0.0007628970749957316, 4.754012623745925e-06], "world_rotation": [0.0, 1.0, 0.0, 0.0]}, {"color": "CVRed", "id_name": "object17900202730488", "shape": "CVBox", "id_string": "ob912", "world_size": [0.1, 0.1, 0.1], "id": 912, "camera_size": [41, 41], "camera_position": [256, 254], "world_position": [0.705, 0.6498037994254439, -0.15], "world_orientation": [1.0, 8.100187187665134e-17, -1.2653630886983698e-17, -8.100187187665134e-17, 1.0, -1.9397816686250694e-16, 1.2653630886983698e-17, 1.9397816686250694e-16, 1.0], "world_rotation": [-0.9211093596285536, 0.06008602943210125, 0.38463907325148433, -2.1059189642881336e-16]}], "source": "action wait"}
{"timestamp": 1706068690.042138, "objects": [{"color": "cv_", "id_name": "hand", "shape": "CVCylinder", "id_string": "ob383", "world_size": [0.12, 0.005, 0.12], "id": 383, "camera_size": [49, 50], "camera_position": [246, 252], "world_position": [0.7086163551573998, 0.7081919231264304, -0.1741055757053268], "world_orientation": [-4.18794709678783e-06, -0.0016894302749326188, 0.9999985729028853, -0.0007631195437993922, -0.9999982817309098, -0.0016894329789256465, 0.9999997088154692, -0.0007631255300099966, 2.8987026404439623e-06], "world_rotation": [0.0, 1.0, 0.0, 0.0]}, {"color": "CVRed", "id_name": "object17900202730488", "shape": "CVBox", "id_string": "ob912", "world_size": [0.1, 0.1, 0.1], "id": 912, "camera_size": [41, 41], "camera_position": [256, 254], "world_position": [0.705, 0.6498037994254439, -0.15], "world_orientation": [1.0, 8.100187187665134e-17, -1.2653630886983698e-17, -8.100187187665134e-17, 1.0, -1.9397816686250694e-16, 1.2653630886983698e-17, 1.9397816686250694e-16, 1.0], "world_rotation": [-0.9211093596285536, 0.06008602943210125, 0.38463907325148433, -2.1059189642881336e-16]}], "source": "action wait"}
{"timestamp": 1706068690.07532, "objects": [{"color": "cv_", "id_name": "hand", "shape": "CVCylinder", "id_string": "ob383", "world_size": [0.12, 0.005, 0.12], "id": 383, "camera_size": [51, 51], "camera_position": [246, 251], "world_position": [0.7112402523748361, 0.7302537678287525, -0.1740937313175325], "world_orientation": [1.6510595025319245e-05, 0.030574191023842075, 0.9995325000071974, -0.0007432723829009132, -0.9995322236704113, 0.030574194848726192, 0.9999997236367445, -0.0007434297012169718, 6.2220800581972075e-06], "world_rotation": [0.0, 1.0, 0.0, 0.0]}, {"color": "CVRed", "id_name": "object17900202730488", "shape": "CVBox", "id_string": "ob912", "world_size": [0.1, 0.1, 0.1], "id": 912, "camera_size": [42, 44], "camera_position": [252, 251], "world_position": [0.7105125882639247, 0.6748533849123081, -0.15866241859403118], "world_orientation": [0.9994897419239537, -0.03194144287708292, -3.964715477985692e-06, 0.031941442986432554, 0.9994897414306562, 3.154083943570187e-05, 2.955232526807369e-06, -3.165138420105202e-05, 0.9999999994947283], "world_rotation": [0.0009891881291091886, 0.00010832235402478923, -0.9999995048864339, -0.03194689265658114]}], "source": "action wait"}
{"timestamp": 1706068690.103395, "objects": [{"color": "cv_", "id_name": "hand", "shape": "CVCylinder", "id_string": "ob383", "world_size": [0.12, 0.005, 0.12], "id": 383, "camera_size": [52, 52], "camera_position": [245, 249], "world_position": [0.7149438842503439, 0.7830476188454307, -0.17410822760232997], "world_orientation": [7.613259260016349e-05, 0.10655350962905459, 0.9943069665800193, -0.0007258149030303963, -0.9943067016695463, 0.1065535368148543, 0.999999733698242, -0.0007297950115394713, 1.6389782215501068e-06], "world_rotation": [0.0, 1.0, 0.0, 0.0]}, {"color": "CVRed", "id_name": "object17900202730488", "shape": "CVBox", "id_string": "ob912", "world_size": [0.1, 0.1, 0.1], "id": 912, "camera_size": [44, 48], "camera_position": [249, 247], "world_position": [0.7188478951931181, 0.729635280375513, -0.16423097188581345], "world_orientation": [0.9941824594145751, -0.10770904037196748, -3.812707459762426e-06, 0.10770904042270844, 0.994182458013082, 5.28231554581936e-05, -1.899004509789825e-06, -5.2926517669368846e-05, 0.9999999985975889], "world_rotation": [0.0004909042917434298, 8.883668038674591e-06, -0.9999998794670212, -0.10791840794600986]}], "source": "action wait"}
{"timestamp": 1706068690.13674, "objects": [{"color": "cv_", "id_name": "hand", "shape": "CVCylinder", "id_string": "ob383", "world_size": [0.12, 0.005, 0.12], "id": 383, "camera_size": [56, 55], "camera_position": [244, 250], "world_position": [0.7136293284703443, 0.8531007175016346, -0.1741134354727213], "world_orientation": [0.00015096779585287943, 0.2057142526971484, 0.9786120903841206, -0.0007192801347584112, -0.9786118260485707, 0.20571430809248545, 0.9999997299223699, -0.0007349524719161187, 2.2730502806423668e-07], "world_rotation": [0.0, 1.0, 0.0, 0.0]}, {"color": "CVRed", "id_name": "object17900202730488", "shape": "CVBox", "id_string": "ob912", "world_size": [0.1, 0.1, 0.1], "id": 912, "camera_size": [46, 54], "camera_position": [247, 245], "world_position": [0.7230674086146529, 0.8014480720591591, -0.1677912001886976], "world_orientation": [0.9783995719119811, -0.20672270708841928, -7.5158521993534874e-06, 0.20672270719633856, 0.9783995705235431, 5.2237569732257616e-05, -3.4451852628064916e-06, -5.2662913177301014e-05, 0.9999999986073743], "world_rotation": [0.0002537226823750181, 9.845717632076696e-06, -0.9999999677639306, -0.20822412746443733]}], "source": "action wait"}
{"timestamp": 1706068690.174432, "objects": [{"color": "cv_", "id_name": "hand", "shape": "CVCylinder", "id_string": "ob383", "world_size": [0.12, 0.005, 0.12], "id": 383, "camera_size": [59, 57], "camera_position": [244, 254], "world_position": [0.7048473506012585, 0.9226786415174206, -0.17411468681385456], "world_orientation": [0.00022602079171671894, 0.30283382750242693, 0.953043347301072, -0.0007089163309278834, -0.9530430836394499, 0.30283391184714503, 0.9999997231760805, -0.0007440747534985053, -7.237064300321465e-07], "world_rotation": [0.0, 1.0, 0.0, 0.0]}, {"color": "CVRed", "id_name": "object17900202730488", "shape": "CVBox", "id_string": "ob912", "world_size": [0.1, 0.1, 0.1], "id": 912, "camera_size": [49, 62], "camera_position": [246, 246], "world_position": [0.7195453417924949, 0.872938725093205, -0.17006777756796518], "world_orientation": [0.9527563556210027, -0.3037356197827486, -9.948620969799368e-06, 0.3037356199132577, 0.9527563545296611, 4.581768301361436e-05, -4.437850499366288e-06, -4.66748392485936e-05, 0.9999999989008824], "world_rotation": [0.00015225827190202445, 9.07165647724674e-06, -0.9999999883675617, -0.3086110756950472]}], "source": "action wait"}
{"timestamp": 1706068690.207182, "objects": [{"color": "cv_", "id_name": "hand", "shape": "CVCylinder", "id_string": "ob383", "world_size": [0.12, 0.005, 0.12], "id": 383, "camera_size": [62, 59], "camera_position": [243, 262], "world_position": [0.6888644115445014, 0.9909467121692307, -0.1741150815878475], "world_orientation": [0.0002998216108003385, 0.39689308504045995, 0.9178647989513857, -0.000687858413175697, -0.9178645412094668, 0.39689319828026637, 0.9999997184788629, -0.0007503581821408016, -2.18937756509466e-06], "world_rotation": [0.0, 1.0, 0.0, 0.0]}, {"color": "CVRed", "id_name": "object17900202730488", "shape": "CVBox", "id_string": "ob912", "world_size": [0.1, 0.1, 0.1], "id": 912, "camera_size": [52, 68], "camera_position": [244, 251], "world_position": [0.7085577081473762, 0.9433833049310322, -0.17152428728905783], "world_orientation": [0.9175102751377476, -0.3977120753581591, -1.144379862498397e-05, 0.39771207547895915, 0.9175102742295322, 4.124884598914533e-05, -5.905361329835479e-06, -4.239757693512095e-05, 0.9999999990837861], "world_rotation": [0.00010515952070565703, 6.9628729006556e-06, -0.9999999944464968, -0.4090218738937986]}], "source": "action wait"}
{"timestamp": 1706068690.270277, "objects": [{"color": "cv_", "id_name": "hand", "shape": "CVCylinder", "id_string": "ob383", "world_size": [0.12, 0.005, 0.12], "id": 383, "camera_size": [66, 59], "camera_position": [242, 275], "world_position": [0.6420658165633699, 1.1085641818087102, -0.17411450122377797], "world_orientation": [0.00043303850673063083, 0.5559560967644754, 0.8312115440416243, -0.0006365206415231429, -0.8312113003480922, 0.5559562653798469, 0.9999997036595185, -0.000769833776222545, -6.068968908632944e-06], "world_rotation": [0.0, 1.0, 0.0, 0.0]}, {"color": "CVRed", "id_name": "object17900202730488", "shape": "CVBox", "id_string": "ob912", "world_size": [0.1, 0.1, 0.1], "id": 912, "camera_size": [55, 75], "camera_position": [244, 261], "world_position": [0.670030791446159, 1.0659260826697514, -0.17305252153845035], "world_orientation": [0.8307466505113426, -0.5566507007361523, -5.842631068636264e-06, 0.5566507006816646, 0.8307466501549172, 2.6210605187040182e-05, -9.736405555723926e-06, -2.502667714518969e-05, 0.999999999639434], "world_rotation": [-4.602283102527463e-05, 3.4975025433196473e-06, 0.9999999989348333, 0.5903486557079858]}], "source": "action wait"}
{"timestamp": 1706068690.302372, "objects": [{"color": "cv_", "id_name": "hand", "shape": "CVCylinder", "id_string": "ob383", "world_size": [0.12, 0.005, 0.12], "id": 383, "camera_size": [73, 62], "camera_position": [241, 302], "world_position": [0.6223418176337738, 1.1432771355472005, -0.1741153030213976], "world_orientation": [0.0004763734415373834, 0.6024834718837101, 0.7981312167653227, -0.0006150133552945203, -0.798130979869492, 0.6024836601362216, 0.9999996974134129, -0.0007778685722373318, -9.673020124819719e-06], "world_rotation": [0.0, 1.0, 0.0, 0.0]}, {"color": "CVRed", "id_name": "object17900202730488", "shape": "CVBox", "id_string": "ob912", "world_size": [0.1, 0.1, 0.1], "id": 912, "camera_size": [60, 84], "camera_position": [241, 284], "world_position": [0.6526419420924223, 1.1025929778155221, -0.17343526316198704], "world_orientation": [0.7976359898385199, -0.6031391445714013, 5.4352381210923726e-08, 0.6031391444244858, 0.7976359896462109, 2.200021260767021e-05, -1.3312542827955966e-05, -1.751537931127593e-05, 0.999999999757994], "world_rotation": [-3.2758271665662555e-05, 1.1081104023103048e-05, 0.9999999994020522, 0.6474308410216725]}], "source": "action wait"}
{"timestamp": 1706068690.336848, "objects": [{"color": "cv_", "id_name": "hand", "shape": "CVCylinder", "id_string": "ob383", "world_size": [0.12, 0.005, 0.12], "id": 383, "camera_size": [75, 62], "camera_position": [241, 312], "world_position": [0.6071030223036862, 1.166913929855785, -0.17411685027046928], "world_orientation": [0.0005053340640160763, 0.6341281471305221, 0.7732278045015548, -0.0005950881819762969, -0.7732275756226427, 0.6341283483387146, 0.9999996952537233, -0.0007805853838082183, -1.3376066982287743e-05], "world_rotation": [0.0, 1.0, 0.0, 0.0]}, {"color": "CVRed", "id_name": "object17900202730488", "shape": "CVBox", "id_string": "ob912", "world_size": [0.1, 0.1, 0.1], "id": 912, "camera_size": [62, 87], "camera_position": [241, 294], "world_position": [0.6389598306378895, 1.1277138863145204, -0.1736811138307013], "world_orientation": [0.7727123421829121, -0.6347563597363585, 3.5277500993589318e-06, 0.6347563595186178, 0.772712342042792, 2.2481427897204455e-05, -1.6996165375122245e-05, -1.5132414995704598e-05, 0.9999999997410702], "world_rotation": [-2.9628567166745594e-05, 1.6166766312381034e-05, 0.9999999994303919, 0.6876931742554406]}], "source": "action wait"}
{"timestamp": 1706068690.372551, "objects": [{"color": "cv_", "id_name": "hand", "shape": "CVCylinder", "id_string": "ob383", "world_size": [0.12, 0.005, 0.12], "id": 383, "camera_size": [76, 62], "camera_position": [240, 320], "world_position": [0.5957426945384741, 1.1831405036233278, -0.1741184223475111], "world_orientation": [0.0005243830585103105, 0.6558313268954667, 0.7549072762167148, -0.0005784606301542413, -0.7549070547690547, 0.6558315363286606, 0.9999996952028073, -0.0007805910855959177, -1.648786763944803e-05], "world_rotation": [0.0, 1.0, 0.0, 0.0]}, {"color": "CVRed", "id_name": "object17900202730488", "shape": "CVBox", "id_string": "ob912", "world_size": [0.1, 0.1, 0.1], "id": 912, "camera_size": [63, 89], "camera_position": [241, 301], "world_position": [0.6286515118416144, 1.1450315204156032, -0.17383894349593773], "world_orientation": [0.7543779964505385, -0.6564402778969044, 5.08983329618879e-06, 0.6564402776090525, 0.754377996311748, 2.4763333658239773e-05, -2.0095307871808393e-05, -1.5339742448605135e-05, 0.9999999996804356], "world_rotation": [-3.054586794859043e-05, 1.9183116884466226e-05, 0.9999999993494789, 0.7160902644329362]}], "source": "action wait"}
