{"timestamp": 1706069093.719296, "objects": [{"color": "cv_", "id_name": "hand", "shape": "CVCylinder", "id_string": "ob383", "world_size": [0.12, 0.005, 0.12], "id": 383, "camera_size": [48, 50], "camera_position": [246, 426], "world_position": [0.26764451554000995, 0.6334703013849475, -0.1738926040084748], "world_orientation": [-0.0006415492794274766, 0.19791547486687358, 0.9802188802623331, -0.0007473671471906575, -0.9802189031248746, 0.19791499033427254, 0.9999995149283172, -0.0006056111687275147, 0.0007767742548175242], "world_rotation": [0.0, 1.0, 0.0, 0.0]}, {"color": "CVYellow", "id_name": "object237055243215053", "shape": "CVCone", "id_string": "ob1059", "world_size": [0.1, 0.1, 0.1], "id": 1059, "camera_size": [41, 41], "camera_position": [256, 254], "world_position": [0.705, 0.6498037932383656, -0.15], "world_orientation": [1.0, 2.1316282072802963e-17, -9.624447840080312e-18, -2.1316282072802963e-17, 1.0, -1.5774048733874193e-16, 9.624447840080312e-18, 1.5774048733874193e-16, 1.0], "world_rotation": [-0.9891858493133231, 0.06035462278252622, 0.13367376342071935, -1.5946496550495827e-16]}], "source": "manual check"}
{"timestamp": 1706069094.72897, "objects": [{"color": "cv_", "id_name": "hand", "shape": "CVCylinder", "id_string": "ob383", "world_size": [0.12, 0.005, 0.12], "id": 383, "camera_size": [48, 50], "camera_position": [246, 426], "world_position": [0.26764451554000995, 0.6334703013849475, -0.1738926040084748], "world_orientation": [-0.0006415492794274766, 0.19791547486687358, 0.9802188802623331, -0.0007473671471906575, -0.9802189031248746, 0.19791499033427254, 0.9999995149283172, -0.0006056111687275147, 0.0007767742548175242], "world_rotation": [0.0, 1.0, 0.0, 0.0]}, {"color": "CVYellow", "id_name": "object237055243215053", "shape": "CVCone", "id_string": "ob1059", "world_size": [0.1, 0.1, 0.1], "id": 1059, "camera_size": [41, 41], "camera_position": [256, 254], "world_position": [0.705, 0.6498037994254439, -0.15], "world_orientation": [1.0, 8.100187187665134e-17, -1.2653630886983698e-17, -8.100187187665134e-17, 1.0, -1.9397816686250694e-16, 1.2653630886983698e-17, 1.9397816686250694e-16, 1.0], "world_rotation": [-0.9211093596285536, 0.06008602943210125, 0.38463907325148433, -2.1059189642881336e-16]}], "source": "manual check"}
{"timestamp": 1706069096.305723, "objects": [{"color": "cv_", "id_name": "hand", "shape": "CVCylinder", "id_string": "ob383", "world_size": [0.12, 0.005, 0.12], "id": 383, "camera_size": [48, 50], "camera_position": [246, 426], "world_position": [0.26764451554000995, 0.6334703013849475, -0.1738926040084748], "world_orientation": [-0.0006415492794274766, 0.19791547486687358, 0.9802188802623331, -0.0007473671471906575, -0.9802189031248746, 0.19791499033427254, 0.9999995149283172, -0.0006056111687275147, 0.0007767742548175242], "world_rotation": [0.0, 1.0, 0.0, 0.0]}, {"color": "CVYellow", "id_name": "object237055243215053", "shape": "CVCone", "id_string": "ob1059", "world_size": [0.1, 0.1, 0.1], "id": 1059, "camera_size": [41, 41], "camera_position": [256, 254], "world_position": [0.705, 0.6498037994254439, -0.15], "world_orientation": [1.0, 8.100187187665134e-17, -1.2653630886983698e-17, -8.100187187665134e-17, 1.0, -1.9397816686250694e-16, 1.2653630886983698e-17, 1.9397816686250694e-16, 1.0], "world_rotation": [-0.9211093596285536, 0.06008602943210125, 0.38463907325148433, -2.1059189642881336e-16]}], "source": "action wait"}
{"timestamp": 1706069096.344562, "objects": [{"color": "cv_", "id_name": "hand", "shape": "CVCylinder", "id_string": "ob383", "world_size": [0.12, 0.005, 0.12], "id": 383, "camera_size": [49, 51], "camera_position": [246, 421], "world_position": [0.29096105395712396, 0.667624049761151, -0.17395617418877762], "world_orientation": [-0.0003838858864974778, 0.19681911702219684, 0.9804397420577303, -0.0007155524056862667, -0.9804396173648523, 0.1968188118199507, 0.9999996703081362, -0.0006260000520052328, 0.0005172113243400622], "world_rotation": [0.0, 1.0, 0.0, 0.0]}, {"color": "CVYellow", "id_name": "object237055243215053", "shape": "CVCone", "id_string": "ob1059", "world_size": [0.1, 0.1, 0.1], "id": 1059, "camera_size": [41, 41], "camera_position": [256, 254], "world_position": [0.705, 0.6498037994254439, -0.15], "world_orientation": [1.0, 8.100187187665134e-17, -1.2653630886983698e-17, -8.100187187665134e-17, 1.0, -1.9397816686250694e-16, 1.2653630886983698e-17, 1.9397816686250694e-16, 1.0], "world_rotation": [-0.9211093596285536, 0.06008602943210125, 0.38463907325148433, -2.1059189642881336e-16]}], "source": "action wait"}
{"timestamp": 1706069096.376594, "objects": [{"color": "cv_", "id_name": "hand", "shape": "CVCylinder", "id_string": "ob383", "world_size": [0.12, 0.005, 0.12], "id": 383, "camera_size": [51, 52], "camera_position": [246, 406], "world_position": [0.3369025349675949, 0.7054928011665415, -0.17398401426169202], "world_orientation": [-0.0002251074402257828, 0.18417439383903056, 0.9828935557732923, -0.0007320271761875643, -0.9828933476771016, 0.1841741871933035, 0.9999997067313838, -0.000678045814291222, 0.00035607726695900975], "world_rotation": [0.0, 1.0, 0.0, 0.0]}, {"color": "CVYellow", "id_name": "object237055243215053", "shape": "CVCone", "id_string": "ob1059", "world_size": [0.1, 0.1, 0.1], "id": 1059, "camera_size": [41, 41], "camera_position": [256, 254], "world_position": [0.705, 0.6498037994254439, -0.15], "world_orientation": [1.0, 8.100187187665134e-17, -1.2653630886983698e-17, -8.100187187665134e-17, 1.0, -1.9397816686250694e-16, 1.2653630886983698e-17, 1.9397816686250694e-16, 1.0], "world_rotation": [-0.9211093596285536, 0.06008602943210125, 0.38463907325148433, -2.1059189642881336e-16]}], "source": "action wait"}
{"timestamp": 1706069096.410025, "objects": [{"color": "cv_", "id_name": "hand", "shape": "CVCylinder", "id_string": "ob383", "world_size": [0.12, 0.005, 0.12], "id": 383, "camera_size": [51, 52], "camera_position": [246, 388], "world_position": [0.38739618880064774, 0.7385978079444295, -0.17400453382767728], "world_orientation": [-0.00012216514496267574, 0.17516886811906032, 0.9845383957558815, -0.0007432980945143431, -0.9845381470340305, 0.17516873163535912, 0.9999997162917698, -0.0007104060000486864, 0.00025047893134525086], "world_rotation": [0.0, 1.0, 0.0, 0.0]}, {"color": "CVYellow", "id_name": "object237055243215053", "shape": "CVCone", "id_string": "ob1059", "world_size": [0.1, 0.1, 0.1], "id": 1059, "camera_size": [41, 41], "camera_position": [256, 254], "world_position": [0.705, 0.6498037994254439, -0.15], "world_orientation": [1.0, 8.100187187665134e-17, -1.2653630886983698e-17, -8.100187187665134e-17, 1.0, -1.9397816686250694e-16, 1.2653630886983698e-17, 1.9397816686250694e-16, 1.0], "world_rotation": [-0.9211093596285536, 0.06008602943210125, 0.38463907325148433, -2.1059189642881336e-16]}], "source": "action wait"}
{"timestamp": 1706069096.443854, "objects": [{"color": "cv_", "id_name": "hand", "shape": "CVCylinder", "id_string": "ob383", "world_size": [0.12, 0.005, 0.12], "id": 383, "camera_size": [52, 53], "camera_position": [245, 368], "world_position": [0.4414628524290921, 0.7664982540360569, -0.1740230372036088], "world_orientation": [-4.97135267786452e-05, 0.1688059289672232, 0.985649306738496, -0.0007506903596803936, -0.9856490365317452, 0.16880584482779745, 0.9999997169962347, -0.0007315254987073142, 0.0001757210733049749], "world_rotation": [0.0, 1.0, 0.0, 0.0]}, {"color": "CVYellow", "id_name": "object237055243215053", "shape": "CVCone", "id_string": "ob1059", "world_size": [0.1, 0.1, 0.1], "id": 1059, "camera_size": [41, 41], "camera_position": [256, 254], "world_position": [0.705, 0.6498037994254439, -0.15], "world_orientation": [1.0, 8.100187187665134e-17, -1.2653630886983698e-17, -8.100187187665134e-17, 1.0, -1.9397816686250694e-16, 1.2653630886983698e-17, 1.9397816686250694e-16, 1.0], "world_rotation": [-0.9211093596285536, 0.06008602943210125, 0.38463907325148433, -2.1059189642881336e-16]}], "source": "action wait"}
{"timestamp": 1706069096.474535, "objects": [{"color": "cv_", "id_name": "hand", "shape": "CVCylinder", "id_string": "ob383", "world_size": [0.12, 0.005, 0.12], "id": 383, "camera_size": [52, 53], "camera_position": [245, 344], "world_position": [0.4986634154495688, 0.780480551620512, -0.17403822794610005], "world_orientation": [-6.8496690926193225e-06, 0.15228875008448756, 0.9883360443446282, -0.0007644804225750551, -0.9883357563584483, 0.15228870041161227, 0.9999997077613402, -0.0007545204296227011, 0.00012319154090189023], "world_rotation": [0.0, 1.0, 0.0, 0.0]}, {"color": "CVYellow", "id_name": "object237055243215053", "shape": "CVCone", "id_string": "ob1059", "world_size": [0.1, 0.1, 0.1], "id": 1059, "camera_size": [41, 41], "camera_position": [256, 254], "world_position": [0.705, 0.6498037994254439, -0.15], "world_orientation": [1.0, 8.100187187665134e-17, -1.2653630886983698e-17, -8.100187187665134e-17, 1.0, -1.9397816686250694e-16, 1.2653630886983698e-17, 1.9397816686250694e-16, 1.0], "world_rotation": [-0.9211093596285536, 0.06008602943210125, 0.38463907325148433, -2.1059189642881336e-16]}], "source": "action wait"}
{"timestamp": 1706069096.504598, "objects": [{"color": "cv_", "id_name": "hand", "shape": "CVCylinder", "id_string": "ob383", "world_size": [0.12, 0.005, 0.12], "id": 383, "camera_size": [52, 53], "camera_position": [245, 318], "world_position": [0.5572638868936043, 0.7713735797294985, -0.17405007252483318], "world_orientation": [-9.550599235605668e-07, 0.11271740922181865, 0.9936270858110747, -0.0007770150417635927, -0.9936267859427734, 0.11271737445779685, 0.9999996981233108, -0.0007719555397322118, 8.85320955566084e-05], "world_rotation": [0.0, 1.0, 0.0, 0.0]}, {"color": "CVYellow", "id_name": "object237055243215053", "shape": "CVCone", "id_string": "ob1059", "world_size": [0.1, 0.1, 0.1], "id": 1059, "camera_size": [41, 41], "camera_position": [256, 254], "world_position": [0.705, 0.6498037994254439, -0.15], "world_orientation": [1.0, 8.100187187665134e-17, -1.2653630886983698e-17, -8.100187187665134e-17, 1.0, -1.9397816686250694e-16, 1.2653630886983698e-17, 1.9397816686250694e-16, 1.0], "world_rotation": [-0.9211093596285536, 0.06008602943210125, 0.38463907325148433, -2.1059189642881336e-16]}], "source": "action wait"}
{"timestamp": 1706069096.536544, "objects": [{"color": "cv_", "id_name": "hand", "shape": "CVCylinder", "id_string": "ob383", "world_size": [0.12, 0.005, 0.12], "id": 383, "camera_size": [52, 52], "camera_position": [245, 297], "world_position": [0.6024853246975765, 0.7573696679500992, -0.17405571921205365], "world_orientation": [-1.5650912586837662e-05, 0.07904002601052815, 0.9968714430874747, -0.0007751487628462227, -0.9968711446805216, 0.07903999018055358, 0.999999699449677, -0.0007714866178491429, 7.686972152352182e-05], "world_rotation": [0.0, 1.0, 0.0, 0.0]}, {"color": "CVYellow", "id_name": "object237055243215053", "shape": "CVCone", "id_string": "ob1059", "world_size": [0.1, 0.1, 0.1], "id": 1059, "camera_size": [41, 41], "camera_position": [256, 254], "world_position": [0.705, 0.6498037994254439, -0.15], "world_orientation": [1.0, 8.100187187665134e-17, -1.2653630886983698e-17, -8.100187187665134e-17, 1.0, -1.9397816686250694e-16, 1.2653630886983698e-17, 1.9397816686250694e-16, 1.0], "world_rotation": [-0.9211093596285536, 0.06008602943210125, 0.38463907325148433, -2.1059189642881336e-16]}], "source": "action wait"}
{"timestamp": 1706069096.568472, "objects": [{"color": "cv_", "id_name": "hand", "shape": "CVCylinder", "id_string": "ob383", "world_size": [0.12, 0.005, 0.12], "id": 383, "camera_size": [51, 51], "camera_position": [246, 284], "world_position": [0.6342032167732499, 0.7450413636892231, -0.17406342052452634], "world_orientation": [-2.2172162323493606e-05, 0.05524077202146259, 0.9984730625384284, -0.0007712561010183028, -0.9984727667646033, 0.0552407385311354, 0.9999997023361666, -0.0007688536345639517, 6.474308270719053e-05], "world_rotation": [0.0, 1.0, 0.0, 0.0]}, {"color": "CVYellow", "id_name": "object237055243215053", "shape": "CVCone", "id_string": "ob1059", "world_size": [0.1, 0.1, 0.1], "id": 1059, "camera_size": [41, 41], "camera_position": [256, 254], "world_position": [0.705, 0.6498037994254439, -0.15], "world_orientation": [1.0, 8.100187187665134e-17, -1.2653630886983698e-17, -8.100187187665134e-17, 1.0, -1.9397816686250694e-16, 1.2653630886983698e-17, 1.9397816686250694e-16, 1.0], "world_rotation": [-0.9211093596285536, 0.06008602943210125, 0.38463907325148433, -2.1059189642881336e-16]}], "source": "action wait"}
{"timestamp": 1706069096.603716, "objects": [{"color": "cv_", "id_name": "hand", "shape": "CVCylinder", "id_string": "ob383", "world_size": [0.12, 0.005, 0.12], "id": 383, "camera_size": [51, 50], "camera_position": [246, 274], "world_position": [0.656387228773424, 0.7351628283283286, -0.17407130714944535], "world_orientation": [-2.372613860729928e-05, 0.03844619543240813, 0.9992606714435646, -0.0007677655711844392, -0.9992603779110354, 0.03844616590925985, 0.9999997049865056, -0.0007662857611120833, 5.322625542750889e-05], "world_rotation": [0.0, 1.0, 0.0, 0.0]}, {"color": "CVYellow", "id_name": "object237055243215053", "shape": "CVCone", "id_string": "ob1059", "world_size": [0.1, 0.1, 0.1], "id": 1059, "camera_size": [41, 41], "camera_position": [256, 254], "world_position": [0.705, 0.6498037994254439, -0.15], "world_orientation": [1.0, 8.100187187665134e-17, -1.2653630886983698e-17, -8.100187187665134e-17, 1.0, -1.9397816686250694e-16, 1.2653630886983698e-17, 1.9397816686250694e-16, 1.0], "world_rotation": [-0.9211093596285536, 0.06008602943210125, 0.38463907325148433, -2.1059189642881336e-16]}], "source": "action wait"}
{"timestamp": 1706069096.638553, "objects": [{"color": "cv_", "id_name": "hand", "shape": "CVCylinder", "id_string": "ob383", "world_size": [0.12, 0.005, 0.12], "id": 383, "camera_size": [51, 51], "camera_position": [246, 268], "world_position": [0.6719034458924876, 0.7276324014926742, -0.17407841924258405], "world_orientation": [-2.267805139001046e-05, 0.02660243619820166, 0.9996460923116874, -0.0007652676428493736, -0.9996458003167273, 0.026602411066751593, 0.9999997069255275, -0.0007643935179020384, 4.302800247521333e-05], "world_rotation": [0.0, 1.0, 0.0, 0.0]}, {"color": "CVYellow", "id_name": "object237055243215053", "shape": "CVCone", "id_string": "ob1059", "world_size": [0.1, 0.1, 0.1], "id": 1059, "camera_size": [41, 41], "camera_position": [256, 254], "world_position": [0.705, 0.6498037994254439, -0.15], "world_orientation": [1.0, 8.100187187665134e-17, -1.2653630886983698e-17, -8.100187187665134e-17, 1.0, -1.9397816686250694e-16, 1.2653630886983698e-17, 1.9397816686250694e-16, 1.0], "world_rotation": [-0.9211093596285536, 0.06008602943210125, 0.38463907325148433, -2.1059189642881336e-16]}], "source": "action wait"}
{"timestamp": 1706069096.673014, "objects": [{"color": "cv_", "id_name": "hand", "shape": "CVCylinder", "id_string": "ob383", "world_size": [0.12, 0.005, 0.12], "id": 383, "camera_size": [51, 50], "camera_position": [246, 263], "world_position": [0.682766647333626, 0.7220578930372582, -0.1740844284872371], "world_orientation": [-2.046956114728342e-05, 0.018252713282024075, 0.9998334051424975, -0.0007637028210463785, -0.9998331140648429, 0.01825269233291588, 0.9999997081694565, -0.0007632019674822802, 3.440579369103241e-05], "world_rotation": [0.0, 1.0, 0.0, 0.0]}, {"color": "CVYellow", "id_name": "object237055243215053", "shape": "CVCone", "id_string": "ob1059", "world_size": [0.1, 0.1, 0.1], "id": 1059, "camera_size": [41, 41], "camera_position": [256, 254], "world_position": [0.705, 0.6498037994254439, -0.15], "world_orientation": [1.0, 8.100187187665134e-17, -1.2653630886983698e-17, -8.100187187665134e-17, 1.0, -1.9397816686250694e-16, 1.2653630886983698e-17, 1.9397816686250694e-16, 1.0], "world_rotation": [-0.9211093596285536, 0.06008602943210125, 0.38463907325148433, -2.1059189642881336e-16]}], "source": "action wait"}
{"timestamp": 1706069096.70616, "objects": [{"color": "cv_", "id_name": "hand", "shape": "CVCylinder", "id_string": "ob383", "world_size": [0.12, 0.005, 0.12], "id": 383, "camera_size": [51, 51], "camera_position": [246, 260], "world_position": [0.6903813969254359, 0.7180059744929816, -0.17408931290852095], "world_orientation": [-1.7913913069805036e-05, 0.01236710244587722, 0.9999235243038265, -0.000762833602802014, -0.9999232336979248, 0.012367085185269737, 0.9999997088819508, -0.0007625537216825981, 2.7346579200321773e-05], "world_rotation": [0.0, 1.0, 0.0, 0.0]}, {"color": "CVYellow", "id_name": "object237055243215053", "shape": "CVCone", "id_string": "ob1059", "world_size": [0.1, 0.1, 0.1], "id": 1059, "camera_size": [41, 41], "camera_position": [256, 254], "world_position": [0.705, 0.6498037994254439, -0.15], "world_orientation": [1.0, 8.100187187665134e-17, -1.2653630886983698e-17, -8.100187187665134e-17, 1.0, -1.9397816686250694e-16, 1.2653630886983698e-17, 1.9397816686250694e-16, 1.0], "world_rotation": [-0.9211093596285536, 0.06008602943210125, 0.38463907325148433, -2.1059189642881336e-16]}], "source": "action wait"}
{"timestamp": 1706069096.738059, "objects": [{"color": "cv_", "id_name": "hand", "shape": "CVCylinder", "id_string": "ob383", "world_size": [0.12, 0.005, 0.12], "id": 383, "camera_size": [50, 50], "camera_position": [245, 257], "world_position": [0.6957251819198287, 0.7150951995524363, -0.17409318438603016], "world_orientation": [-1.5410689294975244e-05, 0.008218647852237658, 0.999966226224662, -0.0007624232604909138, -0.999965935805127, 0.008218633715436699, 0.9999997092365992, -0.0007622708557687259, 2.1676252634949104e-05], "world_rotation": [0.0, 1.0, 0.0, 0.0]}, {"color": "CVYellow", "id_name": "object237055243215053", "shape": "CVCone", "id_string": "ob1059", "world_size": [0.1, 0.1, 0.1], "id": 1059, "camera_size": [41, 41], "camera_position": [256, 254], "world_position": [0.705, 0.6498037994254439, -0.15], "world_orientation": [1.0, 8.100187187665134e-17, -1.2653630886983698e-17, -8.100187187665134e-17, 1.0, -1.9397816686250694e-16, 1.2653630886983698e-17, 1.9397816686250694e-16, 1.0], "world_rotation": [-0.9211093596285536, 0.06008602943210125, 0.38463907325148433, -2.1059189642881336e-16]}], "source": "action wait"}
{"timestamp": 1706069096.768627, "objects": [{"color": "cv_", "id_name": "hand", "shape": "CVCylinder", "id_string": "ob383", "world_size": [0.12, 0.005, 0.12], "id": 383, "camera_size": [50, 50], "camera_position": [245, 256], "world_position": [0.6994789218220834, 0.7130202428105725, -0.1740962003148189], "world_orientation": [-1.3175918241464458e-05, 0.005294657158222368, 0.9999859831177496, -0.0007622893666466357, -0.9999856927192206, 0.005294645576637368, 0.9999997093706162, -0.0007622089199094623, 1.721179058202156e-05], "world_rotation": [0.0, 1.0, 0.0, 0.0]}, {"color": "CVYellow", "id_name": "object237055243215053", "shape": "CVCone", "id_string": "ob1059", "world_size": [0.1, 0.1, 0.1], "id": 1059, "camera_size": [41, 41], "camera_position": [256, 254], "world_position": [0.705, 0.6498037994254439, -0.15], "world_orientation": [1.0, 8.100187187665134e-17, -1.2653630886983698e-17, -8.100187187665134e-17, 1.0, -1.9397816686250694e-16, 1.2653630886983698e-17, 1.9397816686250694e-16, 1.0], "world_rotation": [-0.9211093596285536, 0.06008602943210125, 0.38463907325148433, -2.1059189642881336e-16]}], "source": "action wait"}
{"timestamp": 1706069096.805982, "objects": [{"color": "cv_", "id_name": "hand", "shape": "CVCylinder", "id_string": "ob383", "world_size": [0.12, 0.005, 0.12], "id": 383, "camera_size": [49, 50], "camera_position": [246, 255], "world_position": [0.7021178143343656, 0.7115486149283567, -0.1740985207401504], "world_orientation": [-1.1271295452366194e-05, 0.00323369377953058, 0.9999947715350808, -0.0007623066827059448, -0.9999944810721235, 0.003233684248029003, 0.9999997093806976, -0.0007622662492020011, 1.373629962522566e-05], "world_rotation": [0.0, 1.0, 0.0, 0.0]}, {"color": "CVYellow", "id_name": "object237055243215053", "shape": "CVCone", "id_string": "ob1059", "world_size": [0.1, 0.1, 0.1], "id": 1059, "camera_size": [41, 41], "camera_position": [256, 254], "world_position": [0.705, 0.6498037994254439, -0.15], "world_orientation": [1.0, 8.100187187665134e-17, -1.2653630886983698e-17, -8.100187187665134e-17, 1.0, -1.9397816686250694e-16, 1.2653630886983698e-17, 1.9397816686250694e-16, 1.0], "world_rotation": [-0.9211093596285536, 0.06008602943210125, 0.38463907325148433, -2.1059189642881336e-16]}], "source": "action wait"}
{"timestamp": 1706069096.840361, "objects": [{"color": "cv_", "id_name": "hand", "shape": "CVCylinder", "id_string": "ob383", "world_size": [0.12, 0.005, 0.12], "id": 383, "camera_size": [49, 50], "camera_position": [246, 254], "world_position": [0.7039741251619562, 0.7105083888564473, -0.17410028964382968], "world_orientation": [-9.700645890039727e-06, 0.0017810005175166938, 0.9999984139702693, -0.0007623962043060214, -0.999998123406925, 0.0017809926042754584, 0.9999997093289203, -0.0007623777183447478, 1.1058455720662018e-05], "world_rotation": [0.0, 1.0, 0.0, 0.0]}, {"color": "CVYellow", "id_name": "object237055243215053", "shape": "CVCone", "id_string": "ob1059", "world_size": [0.1, 0.1, 0.1], "id": 1059, "camera_size": [41, 41], "camera_position": [256, 254], "world_position": [0.705, 0.6498037994254439, -0.15], "world_orientation": [1.0, 8.100187187665134e-17, -1.2653630886983698e-17, -8.100187187665134e-17, 1.0, -1.9397816686250694e-16, 1.2653630886983698e-17, 1.9397816686250694e-16, 1.0], "world_rotation": [-0.9211093596285536, 0.06008602943210125, 0.38463907325148433, -2.1059189642881336e-16]}], "source": "action wait"}
{"timestamp": 1706069096.869456, "objects": [{"color": "cv_", "id_name": "hand", "shape": "CVCylinder", "id_string": "ob383", "world_size": [0.12, 0.005, 0.12], "id": 383, "camera_size": [49, 50], "camera_position": [246, 253], "world_position": [0.7052805758503365, 0.7097747130404011, -0.17410162861334752], "world_orientation": [-8.435052743296894e-06, 0.0007570264314919829, 0.9999997134198749, -0.0007625114897901775, -0.999999422748474, 0.0007570197796198609, 0.9999997092524967, -0.0007625048857681222, 9.012289226602235e-06], "world_rotation": [0.0, 1.0, 0.0, 0.0]}, {"color": "CVYellow", "id_name": "object237055243215053", "shape": "CVCone", "id_string": "ob1059", "world_size": [0.1, 0.1, 0.1], "id": 1059, "camera_size": [41, 41], "camera_position": [256, 254], "world_position": [0.705, 0.6498037994254439, -0.15], "world_orientation": [1.0, 8.100187187665134e-17, -1.2653630886983698e-17, -8.100187187665134e-17, 1.0, -1.9397816686250694e-16, 1.2653630886983698e-17, 1.9397816686250694e-16, 1.0], "world_rotation": [-0.9211093596285536, 0.06008602943210125, 0.38463907325148433, -2.1059189642881336e-16]}], "source": "action wait"}
{"timestamp": 1706069096.908992, "objects": [{"color": "cv_", "id_name": "hand", "shape": "CVCylinder", "id_string": "ob383", "world_size": [0.12, 0.005, 0.12], "id": 383, "camera_size": [49, 50], "camera_position": [246, 253], "world_position": [0.7062003959442726, 0.7092579745473317, -0.17410263652038083], "world_orientation": [-7.432609005495305e-06, 3.5227845517923254e-05, 0.9999999993518777, -0.0007626273640164444, -0.999999708579409, 3.522216696398652e-05, 0.9999997091720877, -0.000762627101729918, 7.459472558811871e-06], "world_rotation": [0.0, 1.0, 0.0, 0.0]}, {"color": "CVYellow", "id_name": "object237055243215053", "shape": "CVCone", "id_string": "ob1059", "world_size": [0.1, 0.1, 0.1], "id": 1059, "camera_size": [41, 41], "camera_position": [256, 254], "world_position": [0.705, 0.6498037994254439, -0.15], "world_orientation": [1.0, 8.100187187665134e-17, -1.2653630886983698e-17, -8.100187187665134e-17, 1.0, -1.9397816686250694e-16, 1.2653630886983698e-17, 1.9397816686250694e-16, 1.0], "world_rotation": [-0.9211093596285536, 0.06008602943210125, 0.38463907325148433, -2.1059189642881336e-16]}], "source": "action wait"}
{"timestamp": 1706069096.943987, "objects": [{"color": "cv_", "id_name": "hand", "shape": "CVCylinder", "id_string": "ob383", "world_size": [0.12, 0.005, 0.12], "id": 383, "camera_size": [49, 50], "camera_position": [246, 253], "world_position": [0.7068482020429865, 0.7088943430848029, -0.17410339181701237], "world_orientation": [-6.6491624236345915e-06, -0.0004735813804213422, 0.9999998878382262, -0.0007627317134191765, -0.999999596978087, -0.0004735863142026335, 0.9999997090980187, -0.0007627347768225, 6.287944206508566e-06], "world_rotation": [0.0, 1.0, 0.0, 0.0]}, {"color": "CVYellow", "id_name": "object237055243215053", "shape": "CVCone", "id_string": "ob1059", "world_size": [0.1, 0.1, 0.1], "id": 1059, "camera_size": [41, 41], "camera_position": [256, 254], "world_position": [0.705, 0.6498037994254439, -0.15], "world_orientation": [1.0, 8.100187187665134e-17, -1.2653630886983698e-17, -8.100187187665134e-17, 1.0, -1.9397816686250694e-16, 1.2653630886983698e-17, 1.9397816686250694e-16, 1.0], "world_rotation": [-0.9211093596285536, 0.06008602943210125, 0.38463907325148433, -2.1059189642881336e-16]}], "source": "action wait"}
{"timestamp": 1706069096.978765, "objects": [{"color": "cv_", "id_name": "hand", "shape": "CVCylinder", "id_string": "ob383", "world_size": [0.12, 0.005, 0.12], "id": 383, "camera_size": [49, 49], "camera_position": [246, 253], "world_position": [0.7073045462325016, 0.7086385815539101, -0.17410395571147008], "world_orientation": [-6.043513523157861e-06, -0.000832259846236117, 0.9999996536534522, -0.0007628199821505805, -0.9999993627207733, -0.0008322642142185684, 0.9999997090345331, -0.0007628247477508869, 5.40864523106587e-06], "world_rotation": [0.0, 1.0, 0.0, 0.0]}, {"color": "CVYellow", "id_name": "object237055243215053", "shape": "CVCone", "id_string": "ob1059", "world_size": [0.1, 0.1, 0.1], "id": 1059, "camera_size": [41, 41], "camera_position": [256, 254], "world_position": [0.705, 0.6498037994254439, -0.15], "world_orientation": [1.0, 8.100187187665134e-17, -1.2653630886983698e-17, -8.100187187665134e-17, 1.0, -1.9397816686250694e-16, 1.2653630886983698e-17, 1.9397816686250694e-16, 1.0], "world_rotation": [-0.9211093596285536, 0.06008602943210125, 0.38463907325148433, -2.1059189642881336e-16]}], "source": "action wait"}
{"timestamp": 1706069097.006043, "objects": [{"color": "cv_", "id_name": "hand", "shape": "CVCylinder", "id_string": "ob383", "world_size": [0.12, 0.005, 0.12], "id": 383, "camera_size": [49, 50], "camera_position": [246, 252], "world_position": [0.7076260787375438, 0.7084587359957218, -0.17410437538261953], "world_orientation": [-5.579458010321541e-06, -0.0010851117931300282, 0.9999994112504599, -0.0007628916858257128, -0.9999991202596729, -0.0010851157338965384, 0.9999997089825303, -0.000762897291031601, 4.751630337040993e-06], "world_rotation": [0.0, 1.0, 0.0, 0.0]}, {"color": "CVYellow", "id_name": "object237055243215053", "shape": "CVCone", "id_string": "ob1059", "world_size": [0.1, 0.1, 0.1], "id": 1059, "camera_size": [41, 41], "camera_position": [256, 254], "world_position": [0.705, 0.6498037994254439, -0.15], "world_orientation": [1.0, 8.100187187665134e-17, -1.2653630886983698e-17, -8.100187187665134e-17, 1.0, -1.9397816686250694e-16, 1.2653630886983698e-17, 1.9397816686250694e-16, 1.0], "world_rotation": [-0.9211093596285536, 0.06008602943210125, 0.38463907325148433, -2.1059189642881336e-16]}], "source": "action wait"}
{"timestamp": 1706069098.088883, "objects": [{"color": "cv_", "id_name": "hand", "shape": "CVCylinder", "id_string": "ob383", "world_size": [0.12, 0.005, 0.12], "id": 383, "camera_size": [49, 50], "camera_position": [246, 252], "world_position": [0.7083939567060548, 0.7080324654713005, -0.17410555925458798], "world_orientation": [-4.178635836390923e-06, -0.0016893763264745863, 0.9999985729940652, -0.0007631195915870491, -0.9999982818220261, -0.0016893790233777901, 0.9999997088154716, -0.0007631255619109563, 2.8894324848184036e-06], "world_rotation": [0.0, 1.0, 0.0, 0.0]}, {"color": "CVYellow", "id_name": "object237055243215053", "shape": "CVCone", "id_string": "ob1059", "world_size": [0.1, 0.1, 0.1], "id": 1059, "camera_size": [41, 41], "camera_position": [256, 254], "world_position": [0.705, 0.6498037994254439, -0.15], "world_orientation": [1.0, 8.100187187665134e-17, -1.2653630886983698e-17, -8.100187187665134e-17, 1.0, -1.9397816686250694e-16, 1.2653630886983698e-17, 1.9397816686250694e-16, 1.0], "world_rotation": [-0.9211093596285536, 0.06008602943210125, 0.38463907325148433, -2.1059189642881336e-16]}], "source": "action wait"}
{"timestamp": 1706069098.125258, "objects": [{"color": "cv_", "id_name": "hand", "shape": "CVCylinder", "id_string": "ob383", "world_size": [0.12, 0.005, 0.12], "id": 383, "camera_size": [51, 50], "camera_position": [246, 251], "world_position": [0.7110245580913549, 0.7301070438950028, -0.17409371271322144], "world_orientation": [1.6354540453947477e-05, 0.03059205920826951, 0.9995319532891016, -0.0007432733277464167, -0.9995316769525301, 0.03059206291219246, 0.9999997236386066, -0.0007434257602408958, 6.391380405037347e-06], "world_rotation": [0.0, 1.0, 0.0, 0.0]}, {"color": "CVYellow", "id_name": "object237055243215053", "shape": "CVCone", "id_string": "ob1059", "world_size": [0.1, 0.1, 0.1], "id": 1059, "camera_size": [42, 44], "camera_position": [252, 251], "world_position": [0.7104401367418244, 0.6748087111567737, -0.15866241061636993], "world_orientation": [0.99948917186815, -0.03195927566682875, -4.143855170628284e-06, 0.03195927578183521, 0.9994891713754456, 3.153927487026217e-05, 3.133765990880623e-06, -3.1655598331598366e-05, 0.9999999994940515], "world_rotation": [0.0009886776291703125, 0.00011385767343779536, -0.9999995047763653, -0.03196473457057695]}], "source": "action wait"}
{"timestamp": 1706069098.155588, "objects": [{"color": "cv_", "id_name": "hand", "shape": "CVCylinder", "id_string": "ob383", "world_size": [0.12, 0.005, 0.12], "id": 383, "camera_size": [52, 52], "camera_position": [245, 249], "world_position": [0.7147399935439686, 0.7829091523835243, -0.17410821115568562], "world_orientation": [7.6009681039648e-05, 0.10658085284159766, 0.9943040360121678, -0.0007258239880105554, -0.9943037710945288, 0.10658087993039674, 0.999999733700998, -0.0007297908994021076, 1.78222715804848e-06], "world_rotation": [0.0, 1.0, 0.0, 0.0]}, {"color": "CVYellow", "id_name": "object237055243215053", "shape": "CVCone", "id_string": "ob1059", "world_size": [0.1, 0.1, 0.1], "id": 1059, "camera_size": [44, 48], "camera_position": [249, 247], "world_position": [0.7187364758474969, 0.7295622013481092, -0.16423096229104642], "world_orientation": [0.9941794994501185, -0.10773635810338508, -3.96622872342983e-06, 0.10773635816223556, 0.9941794980489929, 5.281090031759125e-05, -1.7465107869712112e-06, -5.2930821481553744e-05, 0.9999999985976391], "world_rotation": [0.0004907429158240435, 1.03016182629763e-05, -0.9999998795326265, -0.1079458855706063]}], "source": "action wait"}
{"timestamp": 1706069098.185139, "objects": [{"color": "cv_", "id_name": "hand", "shape": "CVCylinder", "id_string": "ob383", "world_size": [0.12, 0.005, 0.12], "id": 383, "camera_size": [56, 55], "camera_position": [244, 250], "world_position": [0.7134397942398647, 0.8529656044852721, -0.17411342032592778], "world_orientation": [0.0001508959735967833, 0.20574117307669282, 0.9786064310699331, -0.0007192920239543076, -0.9786061667241416, 0.2057412284119693, 0.9999997299246582, -0.0007349493234294634, 3.202544978719371e-07], "world_rotation": [0.0, 1.0, 0.0, 0.0]}, {"color": "CVYellow", "id_name": "object237055243215053", "shape": "CVCone", "id_string": "ob1059", "world_size": [0.1, 0.1, 0.1], "id": 1059, "camera_size": [46, 54], "camera_position": [247, 245], "world_position": [0.7229375325192273, 0.8013549957063706, -0.16779118931812262], "world_orientation": [0.9783938877808387, -0.2067496077265017, -7.617972426255764e-06, 0.20674960783982255, 0.9783938863930068, 5.2219418433514606e-05, -3.3429666282760303e-06, -5.26661726304837e-05, 0.9999999986075494], "world_rotation": [0.00025365365576465206, 1.0338606457497004e-05, -0.9999999677764676, -0.2082516220770769]}], "source": "action wait"}
{"timestamp": 1706069098.222209, "objects": [{"color": "cv_", "id_name": "hand", "shape": "CVCylinder", "id_string": "ob383", "world_size": [0.12, 0.005, 0.12], "id": 383, "camera_size": [59, 57], "camera_position": [244, 254], "world_position": [0.704671848185321, 0.9225483547906813, -0.17411467300407446], "world_orientation": [0.00022602316419856677, 0.3028600247736544, 0.9530350226028584, -0.0007089107461286038, -0.9530347589430749, 0.3028601091128862, 0.9999997231795035, -0.0007440701691315412, -7.07205672286313e-07], "world_rotation": [0.0, 1.0, 0.0, 0.0]}, {"color": "CVYellow", "id_name": "object237055243215053", "shape": "CVCone", "id_string": "ob1059", "world_size": [0.1, 0.1, 0.1], "id": 1059, "camera_size": [49, 62], "camera_position": [246, 246], "world_position": [0.7194084761062862, 0.8728355775127616, -0.1700677660927387], "world_orientation": [0.9527480088863292, -0.3037618005339345, -9.975845007232731e-06, 0.3037618006657007, 0.9527480077950369, 4.581396844479538e-05, -4.412067087682866e-06, -4.667944785751888e-05, 0.9999999989007814], "world_rotation": [0.00015224662061497047, 9.158126275009954e-06, -0.9999999883685474, -0.3086385547733801]}], "source": "action wait"}
{"timestamp": 1706069098.256876, "objects": [{"color": "cv_", "id_name": "hand", "shape": "CVCylinder", "id_string": "ob383", "world_size": [0.12, 0.005, 0.12], "id": 383, "camera_size": [62, 59], "camera_position": [243, 262], "world_position": [0.6887024002498655, 0.9908227188795589, -0.1741150684752501], "world_orientation": [0.0002998300152976588, 0.3969183019258222, 0.9178538945269469, -0.0006878467203062932, -0.9178536367907089, 0.39691841516482845, 0.999999718484386, -0.0007503508455617075, -2.1811177502942266e-06], "world_rotation": [0.0, 1.0, 0.0, 0.0]}, {"color": "CVYellow", "id_name": "object237055243215053", "shape": "CVCone", "id_string": "ob1059", "world_size": [0.1, 0.1, 0.1], "id": 1059, "camera_size": [52, 68], "camera_position": [244, 251], "world_position": [0.7084208547491609, 0.9432769617832456, -0.17152427542147847], "world_orientation": [0.917499350521937, -0.39773727718231483, -1.1463956325914436e-05, 0.39773727730394787, 0.9174993496136227, 4.124829486561394e-05, -5.887812015237077e-06, -4.240492652553872e-05, 0.999999999083578], "world_rotation": [0.00010516140391261862, 7.009833624795834e-06, -0.9999999944459707, -0.40904934167880913]}], "source": "action wait"}
{"timestamp": 1706069098.289661, "objects": [{"color": "cv_", "id_name": "hand", "shape": "CVCylinder", "id_string": "ob383", "world_size": [0.12, 0.005, 0.12], "id": 383, "camera_size": [66, 59], "camera_position": [242, 275], "world_position": [0.6657958937661588, 1.0571017484657512, -0.17411529042887222], "world_orientation": [0.00037117258980157104, 0.4869704953281434, 0.8734183412951498, -0.0006573721723375642, -0.8734180939213172, 0.4869706367664077, 0.9999997150463272, -0.0007549110647827176, -4.068003521687792e-06], "world_rotation": [0.0, 1.0, 0.0, 0.0]}, {"color": "CVYellow", "id_name": "object237055243215053", "shape": "CVCone", "id_string": "ob1059", "world_size": [0.1, 0.1, 0.1], "id": 1059, "camera_size": [55, 75], "camera_position": [244, 261], "world_position": [0.690227970121776, 1.0120538307365605, -0.1724563628602737], "world_orientation": [0.8730003046262041, -0.48771966125124655, -1.230951052405882e-05, 0.4877196613448581, 0.8730003038361113, 3.794356686381428e-05, -7.75961714990636e-06, -3.912833573482955e-05, 0.9999999992043809], "world_rotation": [7.90125029531326e-05, 4.664455547876737e-06, -0.9999999968676335, -0.5094757721247111]}], "source": "action wait"}
{"timestamp": 1706069098.318993, "objects": [{"color": "cv_", "id_name": "hand", "shape": "CVCylinder", "id_string": "ob383", "world_size": [0.12, 0.005, 0.12], "id": 383, "camera_size": [71, 61], "camera_position": [242, 290], "world_position": [0.6419286246368301, 1.1084499862433748, -0.17411448772053212], "world_orientation": [0.00043305075116302635, 0.5559722272336707, 0.8312007549394299, -0.0006365026145741595, -0.831200511256578, 0.5559723958536301, 0.9999997036656904, -0.0007698257174053805, -6.074229501387206e-06], "world_rotation": [0.0, 1.0, 0.0, 0.0]}, {"color": "CVYellow", "id_name": "object237055243215053", "shape": "CVCone", "id_string": "ob1059", "world_size": [0.1, 0.1, 0.1], "id": 1059, "camera_size": [58, 80], "camera_position": [242, 273], "world_position": [0.6699041803974132, 1.065819478135584, -0.17305250826021107], "world_orientation": [0.8307358492572554, -0.556666820211689, -5.850980553042781e-06, 0.5566668201573611, 0.8307358489006414, 2.621493612454573e-05, -9.732365837870263e-06, -2.5034733963914085e-05, 0.9999999996392716], "world_rotation": [-4.603262506005022e-05, 3.4862732427675077e-06, 0.9999999989344217, 0.5903680594343226]}], "source": "action wait"}
{"timestamp": 1706069098.357635, "objects": [{"color": "cv_", "id_name": "hand", "shape": "CVCylinder", "id_string": "ob383", "world_size": [0.12, 0.005, 0.12], "id": 383, "camera_size": [73, 61], "camera_position": [241, 303], "world_position": [0.6222133009287198, 1.1431652526620382, -0.17411528922941766], "world_orientation": [0.0004763849675866571, 0.6024944034284088, 0.7981229647709732, -0.0006149912098033437, -0.7981227278899016, 0.6024945916864272, 0.9999996974215416, -0.0007778579742080788, -9.684907791315318e-06], "world_rotation": [0.0, 1.0, 0.0, 0.0]}, {"color": "CVYellow", "id_name": "object237055243215053", "shape": "CVCone", "id_string": "ob1059", "world_size": [0.1, 0.1, 0.1], "id": 1059, "camera_size": [60, 84], "camera_position": [241, 284], "world_position": [0.6525202166088158, 1.102486040250243, -0.17343524922997908], "world_orientation": [0.797627729787341, -0.6031500681209365, 4.972717716626361e-08, 0.6031500679739663, 0.7976277295947969, 2.2010220301424907e-05, -1.3315129649583543e-05, -1.7525969100856806e-05, 0.9999999997577739], "world_rotation": [-3.277475331024103e-05, 1.1079213554610704e-05, 0.9999999994015333, 0.6474445359984914]}], "source": "action wait"}
{"timestamp": 1706069098.381745, "objects": [{"color": "cv_", "id_name": "hand", "shape": "CVCylinder", "id_string": "ob383", "world_size": [0.12, 0.005, 0.12], "id": 383, "camera_size": [75, 62], "camera_position": [241, 312], "world_position": [0.6069806589974089, 1.166804120851696, -0.17411683625270802], "world_orientation": [0.0005053470275387397, 0.6341356272215061, 0.7732216699710173, -0.0005950620450494922, -0.7732214411107341, 0.6341358284372539, 0.9999996952627257, -0.0007805735241661622, -1.3395113720881998e-05], "world_rotation": [0.0, 1.0, 0.0, 0.0]}, {"color": "CVYellow", "id_name": "object237055243215053", "shape": "CVCone", "id_string": "ob1059", "world_size": [0.1, 0.1, 0.1], "id": 1059, "camera_size": [62, 87], "camera_position": [241, 294], "world_position": [0.6388418321184097, 1.1276072945474067, -0.17368109946048968], "world_orientation": [0.7727062021996772, -0.6347638340908436, 3.5275442440331525e-06, 0.6347638338728433, 0.772706202059323, 2.2496800963584075e-05, -1.7005910949826294e-05, -1.5144260125714525e-05, 0.9999999997407252], "world_rotation": [-2.9649657914274482e-05, 1.6174090333205317e-05, 0.9999999994296483, 0.6877028471752598]}], "source": "action wait"}
