{"timestamp": 1706069136.393662, "objects": [{"color": "cv_", "id_name": "hand", "shape": "CVCylinder", "id_string": "ob383", "world_size": [0.12, 0.005, 0.12], "id": 383, "camera_size": [48, 50], "camera_position": [246, 426], "world_position": [0.2676445155400096, 0.6334703013849521, -0.17389260400847453], "world_orientation": [-0.0006415489095464564, 0.19791547486687963, 0.980218880262574, -0.0007473670725087502, -0.9802189031248735, 0.19791499033456075, 0.9999995149286102, -0.0006056111687278925, 0.0007767738774724547], "world_rotation": [0.0, 1.0, 0.0, 0.0]}, {"color": "CVPurple", "id_name": "object35556623427370", "shape": "CVBox", "id_string": "ob1087", "world_size": [0.11, 0.11, 0.11], "id": 1087, "camera_size": [45, 45], "camera_position": [256, 254], "world_position": [0.705, 0.654738849708696, -0.15], "world_orientation": [1.0, -5.1619362862653347e-17, 1.4541359828532488e-17, 5.1619362862653347e-17, 1.0, 2.3824321321224633e-17, -1.4541359828532488e-17, -2.3824321321224633e-17, 1.0], "world_rotation": [-0.4059884517598224, 0.2477982093873522, 0.8796416454796148, 5.868226354211375e-17]}], "source": "manual check"}
{"timestamp": 1706069137.40568, "objects": [{"color": "cv_", "id_name": "hand", "shape": "CVCylinder", "id_string": "ob383", "world_size": [0.12, 0.005, 0.12], "id": 383, "camera_size": [48, 50], "camera_position": [246, 426], "world_position": [0.2676445155400096, 0.6334703013849521, -0.17389260400847453], "world_orientation": [-0.0006415489095464564, 0.19791547486687963, 0.980218880262574, -0.0007473670725087502, -0.9802189031248735, 0.19791499033456075, 0.9999995149286102, -0.0006056111687278925, 0.0007767738774724547], "world_rotation": [0.0, 1.0, 0.0, 0.0]}, {"color": "CVPurple", "id_name": "object35556623427370", "shape": "CVBox", "id_string": "ob1087", "world_size": [0.11, 0.11, 0.11], "id": 1087, "camera_size": [45, 45], "camera_position": [256, 254], "world_position": [0.705, 0.6547388572526824, -0.15], "world_orientation": [1.0, -3.838362879530641e-17, 1.4813540171849057e-17, 3.838362879530641e-17, 1.0, 5.294293626938881e-18, -1.4813540171849057e-17, -5.294293626938881e-18, 1.0], "world_rotation": [-0.1276280613210114, 0.35710588544125776, 0.925303444577321, 4.1482206750932463e-17]}], "source": "manual check"}
{"timestamp": 1706069138.819606, "objects": [{"color": "cv_", "id_name": "hand", "shape": "CVCylinder", "id_string": "ob383", "world_size": [0.12, 0.005, 0.12], "id": 383, "camera_size": [48, 50], "camera_position": [246, 426], "world_position": [0.2676445155400096, 0.6334703013849521, -0.17389260400847453], "world_orientation": [-0.0006415489095464564, 0.19791547486687963, 0.980218880262574, -0.0007473670725087502, -0.9802189031248735, 0.19791499033456075, 0.9999995149286102, -0.0006056111687278925, 0.0007767738774724547], "world_rotation": [0.0, 1.0, 0.0, 0.0]}, {"color": "CVPurple", "id_name": "object35556623427370", "shape": "CVBox", "id_string": "ob1087", "world_size": [0.11, 0.11, 0.11], "id": 1087, "camera_size": [45, 45], "camera_position": [256, 254], "world_position": [0.705, 0.6547388572526824, -0.15], "world_orientation": [1.0, -3.838362879530641e-17, 1.4813540171849057e-17, 3.838362879530641e-17, 1.0, 5.294293626938881e-18, -1.4813540171849057e-17, -5.294293626938881e-18, 1.0], "world_rotation": [-0.1276280613210114, 0.35710588544125776, 0.925303444577321, 4.1482206750932463e-17]}], "source": "action wait"}
{"timestamp": 1706069138.851344, "objects": [{"color": "cv_", "id_name": "hand", "shape": "CVCylinder", "id_string": "ob383", "world_size": [0.12, 0.005, 0.12], "id": 383, "camera_size": [49, 51], "camera_position": [246, 421], "world_position": [0.29079630440853627, 0.6674649117800274, -0.17395625233358586], "world_orientation": [-0.00038507449912019765, 0.19530907054463142, 0.980741667658014, -0.0007159491945196898, -0.9807415428609115, 0.19530876458456742, 0.999999669567136, -0.0006269527822957578, 0.0005174899301227818], "world_rotation": [0.0, 1.0, 0.0, 0.0]}, {"color": "CVPurple", "id_name": "object35556623427370", "shape": "CVBox", "id_string": "ob1087", "world_size": [0.11, 0.11, 0.11], "id": 1087, "camera_size": [45, 45], "camera_position": [256, 254], "world_position": [0.705, 0.6547388572526824, -0.15], "world_orientation": [1.0, -3.838362879530641e-17, 1.4813540171849057e-17, 3.838362879530641e-17, 1.0, 5.294293626938881e-18, -1.4813540171849057e-17, -5.294293626938881e-18, 1.0], "world_rotation": [-0.1276280613210114, 0.35710588544125776, 0.925303444577321, 4.1482206750932463e-17]}], "source": "action wait"}
{"timestamp": 1706069138.883011, "objects": [{"color": "cv_", "id_name": "hand", "shape": "CVCylinder", "id_string": "ob383", "world_size": [0.12, 0.005, 0.12], "id": 383, "camera_size": [51, 52], "camera_position": [246, 406], "world_position": [0.3366225663040486, 0.7051726048596263, -0.1739841117945581], "world_orientation": [-0.00022720492202706405, 0.18151312498504207, 0.9833884958835384, -0.0007325554885634988, -0.9833882876152528, 0.18151291729129723, 0.9999997058701466, -0.00067914601182991, 0.0003563990951644809], "world_rotation": [0.0, 1.0, 0.0, 0.0]}, {"color": "CVPurple", "id_name": "object35556623427370", "shape": "CVBox", "id_string": "ob1087", "world_size": [0.11, 0.11, 0.11], "id": 1087, "camera_size": [45, 45], "camera_position": [256, 254], "world_position": [0.705, 0.6547388572526824, -0.15], "world_orientation": [1.0, -3.838362879530641e-17, 1.4813540171849057e-17, 3.838362879530641e-17, 1.0, 5.294293626938881e-18, -1.4813540171849057e-17, -5.294293626938881e-18, 1.0], "world_rotation": [-0.1276280613210114, 0.35710588544125776, 0.925303444577321, 4.1482206750932463e-17]}], "source": "action wait"}
{"timestamp": 1706069138.914077, "objects": [{"color": "cv_", "id_name": "hand", "shape": "CVCylinder", "id_string": "ob383", "world_size": [0.12, 0.005, 0.12], "id": 383, "camera_size": [51, 52], "camera_position": [246, 388], "world_position": [0.3870319480442269, 0.7381661607332423, -0.17400462147509022], "world_orientation": [-0.00012492013342453308, 0.17169196285418487, 0.9851506759304575, -0.0007438832341958847, -0.9851504269991125, 0.17169182514377468, 0.9999997155163066, -0.0007113893052768426, 0.0002507838953977971], "world_rotation": [0.0, 1.0, 0.0, 0.0]}, {"color": "CVPurple", "id_name": "object35556623427370", "shape": "CVBox", "id_string": "ob1087", "world_size": [0.11, 0.11, 0.11], "id": 1087, "camera_size": [45, 45], "camera_position": [256, 254], "world_position": [0.705, 0.6547388572526824, -0.15], "world_orientation": [1.0, -3.838362879530641e-17, 1.4813540171849057e-17, 3.838362879530641e-17, 1.0, 5.294293626938881e-18, -1.4813540171849057e-17, -5.294293626938881e-18, 1.0], "world_rotation": [-0.1276280613210114, 0.35710588544125776, 0.925303444577321, 4.1482206750932463e-17]}], "source": "action wait"}
{"timestamp": 1706069138.944896, "objects": [{"color": "cv_", "id_name": "hand", "shape": "CVCylinder", "id_string": "ob383", "world_size": [0.12, 0.005, 0.12], "id": 383, "camera_size": [52, 53], "camera_position": [245, 368], "world_position": [0.4410375611467185, 0.765989225237605, -0.17402310684138844], "world_orientation": [-5.2933189065220005e-05, 0.16475204828117185, 0.986335013971032, -0.0007513020853931467, -0.9863347435340243, 0.16475196278905746, 0.9999997163715868, -0.0007323147060978383, 0.00017598840090793778], "world_rotation": [0.0, 1.0, 0.0, 0.0]}, {"color": "CVPurple", "id_name": "object35556623427370", "shape": "CVBox", "id_string": "ob1087", "world_size": [0.11, 0.11, 0.11], "id": 1087, "camera_size": [45, 45], "camera_position": [256, 254], "world_position": [0.705, 0.6547388572526824, -0.15], "world_orientation": [1.0, -3.838362879530641e-17, 1.4813540171849057e-17, 3.838362879530641e-17, 1.0, 5.294293626938881e-18, -1.4813540171849057e-17, -5.294293626938881e-18, 1.0], "world_rotation": [-0.1276280613210114, 0.35710588544125776, 0.925303444577321, 4.1482206750932463e-17]}], "source": "action wait"}
{"timestamp": 1706069138.979729, "objects": [{"color": "cv_", "id_name": "hand", "shape": "CVCylinder", "id_string": "ob383", "world_size": [0.12, 0.005, 0.12], "id": 383, "camera_size": [52, 53], "camera_position": [245, 344], "world_position": [0.49815490291262887, 0.7811412651288594, -0.17403836566189287], "world_orientation": [-9.126738681033327e-06, 0.14955937610351397, 0.9887527461080603, -0.0007643463233758698, -0.988752458365337, 0.14955932552402262, 0.9999997078456577, -0.0007543845373344172, 0.00012333924455925428], "world_rotation": [0.0, 1.0, 0.0, 0.0]}, {"color": "CVPurple", "id_name": "object35556623427370", "shape": "CVBox", "id_string": "ob1087", "world_size": [0.11, 0.11, 0.11], "id": 1087, "camera_size": [45, 45], "camera_position": [256, 254], "world_position": [0.705, 0.6547388572526824, -0.15], "world_orientation": [1.0, -3.838362879530641e-17, 1.4813540171849057e-17, 3.838362879530641e-17, 1.0, 5.294293626938881e-18, -1.4813540171849057e-17, -5.294293626938881e-18, 1.0], "world_rotation": [-0.1276280613210114, 0.35710588544125776, 0.925303444577321, 4.1482206750932463e-17]}], "source": "action wait"}
{"timestamp": 1706069139.01746, "objects": [{"color": "cv_", "id_name": "hand", "shape": "CVCylinder", "id_string": "ob383", "world_size": [0.12, 0.005, 0.12], "id": 383, "camera_size": [52, 53], "camera_position": [245, 318], "world_position": [0.5567905182643247, 0.7728434457430823, -0.1740502067214958], "world_orientation": [-2.361255989667447e-06, 0.11084778906832041, 0.9938373949762053, -0.0007770582091864296, -0.993837095133138, 0.1108477537790727, 0.9999996980874366, -0.0007720077664404812, 8.848188825974318e-05], "world_rotation": [0.0, 1.0, 0.0, 0.0]}, {"color": "CVPurple", "id_name": "object35556623427370", "shape": "CVBox", "id_string": "ob1087", "world_size": [0.11, 0.11, 0.11], "id": 1087, "camera_size": [45, 45], "camera_position": [256, 254], "world_position": [0.705, 0.6547388572526824, -0.15], "world_orientation": [1.0, -3.838362879530641e-17, 1.4813540171849057e-17, 3.838362879530641e-17, 1.0, 5.294293626938881e-18, -1.4813540171849057e-17, -5.294293626938881e-18, 1.0], "world_rotation": [-0.1276280613210114, 0.35710588544125776, 0.925303444577321, 4.1482206750932463e-17]}], "source": "action wait"}
{"timestamp": 1706069139.049098, "objects": [{"color": "cv_", "id_name": "hand", "shape": "CVCylinder", "id_string": "ob383", "world_size": [0.12, 0.005, 0.12], "id": 383, "camera_size": [52, 52], "camera_position": [245, 298], "world_position": [0.602130609381003, 0.7593671192667998, -0.1740558103229295], "world_orientation": [-1.6637641334128613e-05, 0.0777169457788634, 0.9969754641223596, -0.0007752609093345923, -0.9969751656569134, 0.07771690957502805, 0.9999996993468105, -0.0007716230788330126, 7.683822528085355e-05], "world_rotation": [0.0, 1.0, 0.0, 0.0]}, {"color": "CVPurple", "id_name": "object35556623427370", "shape": "CVBox", "id_string": "ob1087", "world_size": [0.11, 0.11, 0.11], "id": 1087, "camera_size": [45, 45], "camera_position": [256, 254], "world_position": [0.705, 0.6547388572526824, -0.15], "world_orientation": [1.0, -3.838362879530641e-17, 1.4813540171849057e-17, 3.838362879530641e-17, 1.0, 5.294293626938881e-18, -1.4813540171849057e-17, -5.294293626938881e-18, 1.0], "world_rotation": [-0.1276280613210114, 0.35710588544125776, 0.925303444577321, 4.1482206750932463e-17]}], "source": "action wait"}
{"timestamp": 1706069139.082277, "objects": [{"color": "cv_", "id_name": "hand", "shape": "CVCylinder", "id_string": "ob383", "world_size": [0.12, 0.005, 0.12], "id": 383, "camera_size": [51, 51], "camera_position": [246, 284], "world_position": [0.6339563034981748, 0.7474014989933035, -0.17406348810745517], "world_orientation": [-2.288063990797323e-05, 0.05430590716952833, 0.998524345182916, -0.0007713915889263277, -0.9985240493192916, 0.05430587340262466, 0.9999997022157021, -0.0007690107280783995, 6.473798923189764e-05], "world_rotation": [0.0, 1.0, 0.0, 0.0]}, {"color": "CVPurple", "id_name": "object35556623427370", "shape": "CVBox", "id_string": "ob1087", "world_size": [0.11, 0.11, 0.11], "id": 1087, "camera_size": [45, 45], "camera_position": [256, 254], "world_position": [0.705, 0.6547388572526824, -0.15], "world_orientation": [1.0, -3.838362879530641e-17, 1.4813540171849057e-17, 3.838362879530641e-17, 1.0, 5.294293626938881e-18, -1.4813540171849057e-17, -5.294293626938881e-18, 1.0], "world_rotation": [-0.1276280613210114, 0.35710588544125776, 0.925303444577321, 4.1482206750932463e-17]}], "source": "action wait"}
{"timestamp": 1706069139.152445, "objects": [{"color": "cv_", "id_name": "hand", "shape": "CVCylinder", "id_string": "ob383", "world_size": [0.12, 0.005, 0.12], "id": 383, "camera_size": [51, 51], "camera_position": [246, 268], "world_position": [0.6718106763101513, 0.7304172857399032, -0.174078477257788], "world_orientation": [-2.3053346533822638e-05, 0.026136568687186747, 0.9996583812712236, -0.0007653852346078188, -0.9996580891907738, 0.026136543399876727, 0.9999997068269499, -0.0007645212298851099, 4.30500081023133e-05], "world_rotation": [0.0, 1.0, 0.0, 0.0]}, {"color": "CVPurple", "id_name": "object35556623427370", "shape": "CVBox", "id_string": "ob1087", "world_size": [0.11, 0.11, 0.11], "id": 1087, "camera_size": [45, 45], "camera_position": [256, 254], "world_position": [0.705, 0.6547388572526824, -0.15], "world_orientation": [1.0, -3.838362879530641e-17, 1.4813540171849057e-17, 3.838362879530641e-17, 1.0, 5.294293626938881e-18, -1.4813540171849057e-17, -5.294293626938881e-18, 1.0], "world_rotation": [-0.1276280613210114, 0.35710588544125776, 0.925303444577321, 4.1482206750932463e-17]}], "source": "action wait"}
{"timestamp": 1706069139.182698, "objects": [{"color": "cv_", "id_name": "hand", "shape": "CVCylinder", "id_string": "ob383", "world_size": [0.12, 0.005, 0.12], "id": 383, "camera_size": [51, 50], "camera_position": [246, 263], "world_position": [0.6827234814339252, 0.7249641838058006, -0.174084489444376], "world_orientation": [-2.0744111745419196e-05, 0.01792395904611799, 0.9998393527271243, -0.0007638010085519921, -0.99983906157707, 0.017923937979798958, 0.999999708088808, -0.0007633064898309366, 3.443111121783007e-05], "world_rotation": [0.0, 1.0, 0.0, 0.0]}, {"color": "CVPurple", "id_name": "object35556623427370", "shape": "CVBox", "id_string": "ob1087", "world_size": [0.11, 0.11, 0.11], "id": 1087, "camera_size": [45, 45], "camera_position": [256, 254], "world_position": [0.705, 0.6547388572526824, -0.15], "world_orientation": [1.0, -3.838362879530641e-17, 1.4813540171849057e-17, 3.838362879530641e-17, 1.0, 5.294293626938881e-18, -1.4813540171849057e-17, -5.294293626938881e-18, 1.0], "world_rotation": [-0.1276280613210114, 0.35710588544125776, 0.925303444577321, 4.1482206750932463e-17]}], "source": "action wait"}
{"timestamp": 1706069139.214544, "objects": [{"color": "cv_", "id_name": "hand", "shape": "CVCylinder", "id_string": "ob383", "world_size": [0.12, 0.005, 0.12], "id": 383, "camera_size": [51, 51], "camera_position": [246, 260], "world_position": [0.6903743465418354, 0.72099720043309, -0.17408937814874376], "world_orientation": [-1.811493010537516e-05, 0.012135121164990175, 0.9999263665421372, -0.0007629125089792248, -0.9999260758775471, 0.012135103816356315, 0.9999997088181342, -0.0007626365065360464, 2.737162671018144e-05], "world_rotation": [0.0, 1.0, 0.0, 0.0]}, {"color": "CVPurple", "id_name": "object35556623427370", "shape": "CVBox", "id_string": "ob1087", "world_size": [0.11, 0.11, 0.11], "id": 1087, "camera_size": [45, 45], "camera_position": [256, 254], "world_position": [0.705, 0.6547388572526824, -0.15], "world_orientation": [1.0, -3.838362879530641e-17, 1.4813540171849057e-17, 3.838362879530641e-17, 1.0, 5.294293626938881e-18, -1.4813540171849057e-17, -5.294293626938881e-18, 1.0], "world_rotation": [-0.1276280613210114, 0.35710588544125776, 0.925303444577321, 4.1482206750932463e-17]}], "source": "action wait"}
{"timestamp": 1706069139.249771, "objects": [{"color": "cv_", "id_name": "hand", "shape": "CVCylinder", "id_string": "ob383", "world_size": [0.12, 0.005, 0.12], "id": 383, "camera_size": [51, 50], "camera_position": [246, 257], "world_position": [0.6957441126670205, 0.7181459876539241, -0.17409325404009673], "world_orientation": [-1.5557818570860933e-05, 0.008054954892665734, 0.9999675582035806, -0.0007624850175580496, -0.9999672677378395, 0.0080549406899133, 0.9999997091872339, -0.000762334963868865, 2.169909175139534e-05], "world_rotation": [0.0, 1.0, 0.0, 0.0]}, {"color": "CVPurple", "id_name": "object35556623427370", "shape": "CVBox", "id_string": "ob1087", "world_size": [0.11, 0.11, 0.11], "id": 1087, "camera_size": [45, 45], "camera_position": [256, 254], "world_position": [0.705, 0.6547388572526824, -0.15], "world_orientation": [1.0, -3.838362879530641e-17, 1.4813540171849057e-17, 3.838362879530641e-17, 1.0, 5.294293626938881e-18, -1.4813540171849057e-17, -5.294293626938881e-18, 1.0], "world_rotation": [-0.1276280613210114, 0.35710588544125776, 0.925303444577321, 4.1482206750932463e-17]}], "source": "action wait"}
{"timestamp": 1706069139.284928, "objects": [{"color": "cv_", "id_name": "hand", "shape": "CVCylinder", "id_string": "ob383", "world_size": [0.12, 0.005, 0.12], "id": 383, "camera_size": [50, 50], "camera_position": [245, 256], "world_position": [0.6995163981728028, 0.7161128732733993, -0.1740962739688127], "world_orientation": [-1.3283606403483288e-05, 0.00517914794328014, 0.9999865880351234, -0.0007623367825553837, -0.9999862976009662, 0.005179136312341274, 0.9999997093330457, -0.000762257760513302, 1.723167936603265e-05], "world_rotation": [0.0, 1.0, 0.0, 0.0]}, {"color": "CVPurple", "id_name": "object35556623427370", "shape": "CVBox", "id_string": "ob1087", "world_size": [0.11, 0.11, 0.11], "id": 1087, "camera_size": [45, 45], "camera_position": [256, 254], "world_position": [0.705, 0.6547388572526824, -0.15], "world_orientation": [1.0, -3.838362879530641e-17, 1.4813540171849057e-17, 3.838362879530641e-17, 1.0, 5.294293626938881e-18, -1.4813540171849057e-17, -5.294293626938881e-18, 1.0], "world_rotation": [-0.1276280613210114, 0.35710588544125776, 0.925303444577321, 4.1482206750932463e-17]}], "source": "action wait"}
{"timestamp": 1706069139.318145, "objects": [{"color": "cv_", "id_name": "hand", "shape": "CVCylinder", "id_string": "ob383", "world_size": [0.12, 0.005, 0.12], "id": 383, "camera_size": [50, 50], "camera_position": [245, 255], "world_position": [0.702168461180056, 0.7146706770509792, -0.17409859778794884], "world_orientation": [-1.1350116092062827e-05, 0.0031521812949127782, 0.999995031799788, -0.0007623425669617835, -0.9999947413097818, 0.003152171726511762, 0.9999997093524506, -0.000762303001976606, 1.3753098385576374e-05], "world_rotation": [0.0, 1.0, 0.0, 0.0]}, {"color": "CVPurple", "id_name": "object35556623427370", "shape": "CVBox", "id_string": "ob1087", "world_size": [0.11, 0.11, 0.11], "id": 1087, "camera_size": [45, 45], "camera_position": [256, 254], "world_position": [0.705, 0.6547388572526824, -0.15], "world_orientation": [1.0, -3.838362879530641e-17, 1.4813540171849057e-17, 3.838362879530641e-17, 1.0, 5.294293626938881e-18, -1.4813540171849057e-17, -5.294293626938881e-18, 1.0], "world_rotation": [-0.1276280613210114, 0.35710588544125776, 0.925303444577321, 4.1482206750932463e-17]}], "source": "action wait"}
{"timestamp": 1706069139.352623, "objects": [{"color": "cv_", "id_name": "hand", "shape": "CVCylinder", "id_string": "ob383", "world_size": [0.12, 0.005, 0.12], "id": 383, "camera_size": [50, 50], "camera_position": [245, 254], "world_position": [0.7040340937556745, 0.7136511719411501, -0.17410036946085025], "world_orientation": [-9.75837542923034e-06, 0.0017234744823320179, 0.9999985147691385, -0.0007624230606076526, -0.9999982241855019, 0.0017234665414966512, 0.9999997093078832, -0.0007624051100001993, 1.107237479022994e-05], "world_rotation": [0.0, 1.0, 0.0, 0.0]}, {"color": "CVPurple", "id_name": "object35556623427370", "shape": "CVBox", "id_string": "ob1087", "world_size": [0.11, 0.11, 0.11], "id": 1087, "camera_size": [45, 45], "camera_position": [256, 254], "world_position": [0.705, 0.6547388572526824, -0.15], "world_orientation": [1.0, -3.838362879530641e-17, 1.4813540171849057e-17, 3.838362879530641e-17, 1.0, 5.294293626938881e-18, -1.4813540171849057e-17, -5.294293626938881e-18, 1.0], "world_rotation": [-0.1276280613210114, 0.35710588544125776, 0.925303444577321, 4.1482206750932463e-17]}], "source": "action wait"}
{"timestamp": 1706069139.383297, "objects": [{"color": "cv_", "id_name": "hand", "shape": "CVCylinder", "id_string": "ob383", "world_size": [0.12, 0.005, 0.12], "id": 383, "camera_size": [50, 50], "camera_position": [245, 253], "world_position": [0.7053471275330195, 0.7129320939287104, -0.1741017106335163], "world_orientation": [-8.477408370731344e-06, 0.0007164239443034831, 0.9999997433323998, -0.000762531412970019, -0.9999994526459188, 0.0007164172717572133, 0.9999997092369467, -0.0007625251438914847, 9.023699493487457e-06], "world_rotation": [0.0, 1.0, 0.0, 0.0]}, {"color": "CVPurple", "id_name": "object35556623427370", "shape": "CVBox", "id_string": "ob1087", "world_size": [0.11, 0.11, 0.11], "id": 1087, "camera_size": [45, 45], "camera_position": [256, 254], "world_position": [0.705, 0.6547388572526824, -0.15], "world_orientation": [1.0, -3.838362879530641e-17, 1.4813540171849057e-17, 3.838362879530641e-17, 1.0, 5.294293626938881e-18, -1.4813540171849057e-17, -5.294293626938881e-18, 1.0], "world_rotation": [-0.1276280613210114, 0.35710588544125776, 0.925303444577321, 4.1482206750932463e-17]}], "source": "action wait"}
{"timestamp": 1706069139.416216, "objects": [{"color": "cv_", "id_name": "hand", "shape": "CVCylinder", "id_string": "ob383", "world_size": [0.12, 0.005, 0.12], "id": 383, "camera_size": [50, 50], "camera_position": [245, 253], "world_position": [0.7062715899792319, 0.7124256442456968, -0.17410272026306772], "world_orientation": [-7.463791418832603e-06, 6.565663465126005e-06, 0.9999999999505921, -0.0007626420389573033, -0.9999997091670014, 6.559969355188163e-06, 0.9999997091606638, -0.0007626419899577238, 7.468796499452476e-06], "world_rotation": [0.0, 1.0, 0.0, 0.0]}, {"color": "CVPurple", "id_name": "object35556623427370", "shape": "CVBox", "id_string": "ob1087", "world_size": [0.11, 0.11, 0.11], "id": 1087, "camera_size": [45, 45], "camera_position": [256, 254], "world_position": [0.705, 0.6547388572526824, -0.15], "world_orientation": [1.0, -3.838362879530641e-17, 1.4813540171849057e-17, 3.838362879530641e-17, 1.0, 5.294293626938881e-18, -1.4813540171849057e-17, -5.294293626938881e-18, 1.0], "world_rotation": [-0.1276280613210114, 0.35710588544125776, 0.925303444577321, 4.1482206750932463e-17]}], "source": "action wait"}
{"timestamp": 1706069139.447647, "objects": [{"color": "cv_", "id_name": "hand", "shape": "CVCylinder", "id_string": "ob383", "world_size": [0.12, 0.005, 0.12], "id": 383, "camera_size": [49, 50], "camera_position": [246, 253], "world_position": [0.7069027912549216, 0.712093783578215, -0.1740962691396835], "world_orientation": [-8.460676166356733e-06, -0.00048564555132687656, 0.9999998820384008, -0.0007634934647141838, -0.9999995906099118, -0.00048565186946725945, 0.9999997085030308, -0.0007634974835948445, 8.089885498418846e-06], "world_rotation": [0.0, 1.0, 0.0, 0.0]}, {"color": "CVPurple", "id_name": "object35556623427370", "shape": "CVBox", "id_string": "ob1087", "world_size": [0.11, 0.11, 0.11], "id": 1087, "camera_size": [45, 45], "camera_position": [256, 254], "world_position": [0.7050976650905999, 0.6546625982457602, -0.14999646360909025], "world_orientation": [0.9999984304123202, 0.0017717685594607804, 3.011280516712533e-06, -0.0017717683477371856, 0.9999984280425376, -6.891571694520387e-05, -3.133378483645802e-06, 6.891027348443787e-05, 0.9999999976207781], "world_rotation": [0.038865588877962744, 0.0017327340783748093, -0.9992429452509448, 0.0017731117246356422]}], "source": "action wait"}
{"timestamp": 1706069139.473104, "objects": [{"color": "cv_", "id_name": "hand", "shape": "CVCylinder", "id_string": "ob383", "world_size": [0.12, 0.005, 0.12], "id": 383, "camera_size": [49, 50], "camera_position": [246, 252], "world_position": [0.7073246426845988, 0.7118855659793697, -0.17410065173806283], "world_orientation": [-5.295228142292072e-06, -0.0008239807537757468, 0.9999996605137814, -0.0007652228883671529, -0.9999993677414843, -0.0008239845645677341, 0.9999997072029031, -0.000765226991771145, 4.6646958623301065e-06], "world_rotation": [0.0, 1.0, 0.0, 0.0]}, {"color": "CVPurple", "id_name": "object35556623427370", "shape": "CVBox", "id_string": "ob1087", "world_size": [0.11, 0.11, 0.11], "id": 1087, "camera_size": [45, 46], "camera_position": [256, 253], "world_position": [0.7051967309269627, 0.6545958402388949, -0.1499986409752424], "world_orientation": [0.9999936874279408, 0.0035531798301079547, 4.167142483153699e-06, -0.0035531797087004604, 0.9999936870226569, -2.878871622635901e-05, -4.2694076619087045e-06, 2.8773727889398793e-05, 0.9999999995769225], "world_rotation": [0.008099859701284254, 0.0011871433464575214, -0.999966490920318, 0.0035533063145058467]}], "source": "action wait"}
{"timestamp": 1706069139.506893, "objects": [{"color": "cv_", "id_name": "hand", "shape": "CVCylinder", "id_string": "ob383", "world_size": [0.12, 0.005, 0.12], "id": 383, "camera_size": [49, 50], "camera_position": [246, 252], "world_position": [0.7076263647404758, 0.7117319542615604, -0.17410490049164423], "world_orientation": [-2.9190530649648604e-06, -0.0010646252753199617, 0.9999994332820906, -0.0007661245770638715, -0.9999991398106596, -0.0010646271992418744, 0.9999997065222628, -0.0007661272505909924, 2.1034149655912235e-06], "world_rotation": [0.0, 1.0, 0.0, 0.0]}, {"color": "CVPurple", "id_name": "object35556623427370", "shape": "CVBox", "id_string": "ob1087", "world_size": [0.11, 0.11, 0.11], "id": 1087, "camera_size": [45, 46], "camera_position": [256, 253], "world_position": [0.7052846833548524, 0.6545052962771493, -0.15000076813942242], "world_orientation": [0.9999868735100566, 0.0051237473750958985, 4.518678459413253e-06, -0.005123747424710074, 0.9999868734590984, 1.103743511884168e-05, -4.462066115577784e-06, -1.1060442803180061e-05, 0.9999999999288783], "world_rotation": [-0.0021564117366005137, 0.0008763820251546691, -0.9999972909178146, 0.005123783699815667]}], "source": "action wait"}
{"timestamp": 1706069140.632992, "objects": [{"color": "cv_", "id_name": "hand", "shape": "CVCylinder", "id_string": "ob383", "world_size": [0.12, 0.005, 0.12], "id": 383, "camera_size": [49, 50], "camera_position": [246, 252], "world_position": [0.7083550464726311, 0.7113706007739615, -0.1741138073881816], "world_orientation": [3.3241193326410814e-06, -0.001636495541398035, 0.9999986609347502, -0.0007683904502392742, -0.9999983657328647, -0.00163649250407548, 0.9999997047824896, -0.0007683839814183067, -4.581581445654973e-06], "world_rotation": [0.0, 1.0, 0.0, 0.0]}, {"color": "CVPurple", "id_name": "object35556623427370", "shape": "CVBox", "id_string": "ob1087", "world_size": [0.11, 0.11, 0.11], "id": 1087, "camera_size": [45, 46], "camera_position": [256, 253], "world_position": [0.7055090551495256, 0.6543009340568552, -0.1500052332532889], "world_orientation": [0.9999663642721351, 0.008201819696489728, -2.1863990264956533e-05, -0.008201816684017345, 0.9999663554925566, 0.00013448425925969423, 2.2966270308238768e-05, -0.0001343004113436131, 0.999999990717975], "world_rotation": [0.016383415556080513, 0.0027325694832575514, 0.99986204886411, -0.00820304179315578]}], "source": "action wait"}
{"timestamp": 1706069140.665939, "objects": [{"color": "cv_", "id_name": "hand", "shape": "CVCylinder", "id_string": "ob383", "world_size": [0.12, 0.005, 0.12], "id": 383, "camera_size": [52, 53], "camera_position": [245, 250], "world_position": [0.7141898077716309, 0.7808921040684255, -0.17411288632432712], "world_orientation": [7.600972391930853e-05, 0.09914091984428493, 0.9950734004257932, -0.0007266550257101711, -0.9950731351113552, 0.09914094891684457, 0.9999997330974622, -0.0007306107635265305, -3.593986620547283e-06], "world_rotation": [0.0, 1.0, 0.0, 0.0]}, {"color": "CVPurple", "id_name": "object35556623427370", "shape": "CVBox", "id_string": "ob1087", "world_size": [0.11, 0.11, 0.11], "id": 1087, "camera_size": [48, 53], "camera_position": [249, 248], "world_position": [0.7186534029788215, 0.725088904954968, -0.1642257376073091], "world_orientation": [0.9952909580537462, -0.09693248875525542, -3.79495483054406e-05, 0.09693249227448517, 0.9952909528274484, 0.00010564699116522562, 2.7530216309143427e-05, -0.0001088280393502704, 0.9999999936992725], "world_rotation": [0.0011063106183073722, 0.00033775940585376306, -0.9999993309974761, -0.09708499588416222]}], "source": "action wait"}
{"timestamp": 1706069140.696209, "objects": [{"color": "cv_", "id_name": "hand", "shape": "CVCylinder", "id_string": "ob383", "world_size": [0.12, 0.005, 0.12], "id": 383, "camera_size": [55, 55], "camera_position": [245, 250], "world_position": [0.7131808709059563, 0.8508219236053178, -0.17411933952480424], "world_orientation": [0.0001495015169678528, 0.1983918044469989, 0.9801227829091415, -0.0007168787751795997, -0.9801225207497947, 0.19839186072994597, 0.9999997318670231, -0.0007322891042709857, -4.306929888389037e-06], "world_rotation": [0.0, 1.0, 0.0, 0.0]}, {"color": "CVPurple", "id_name": "object35556623427370", "shape": "CVBox", "id_string": "ob1087", "world_size": [0.11, 0.11, 0.11], "id": 1087, "camera_size": [51, 60], "camera_position": [248, 245], "world_position": [0.7235990089311839, 0.795887233696249, -0.16779201862464768], "world_orientation": [0.9803471706658904, -0.19728006213817026, -4.527850944468605e-05, 0.1972800653834624, 0.9803471674275013, 8.437518388092828e-05, 2.7743116960488307e-05, -9.164952009579566e-05, 0.9999999954153425], "world_rotation": [0.0004461289196926027, 0.00018507095064704664, -0.9999998833588585, -0.19858270347823373]}], "source": "action wait"}
{"timestamp": 1706069140.728559, "objects": [{"color": "cv_", "id_name": "hand", "shape": "CVCylinder", "id_string": "ob383", "world_size": [0.12, 0.005, 0.12], "id": 383, "camera_size": [59, 57], "camera_position": [244, 254], "world_position": [0.7046754604745172, 0.9203750387130055, -0.17412028043193298], "world_orientation": [0.00022340118939145467, 0.2956996833719752, 0.95528092587763, -0.0007079672717574584, -0.9552806635457926, 0.2956997677338499, 0.9999997244370875, -0.0007423673106702861, -4.065138341930647e-06], "world_rotation": [0.0, 1.0, 0.0, 0.0]}, {"color": "CVPurple", "id_name": "object35556623427370", "shape": "CVBox", "id_string": "ob1087", "world_size": [0.11, 0.11, 0.11], "id": 1087, "camera_size": [54, 67], "camera_position": [246, 246], "world_position": [0.720796275125093, 0.866856324943815, -0.17007150780333763], "world_orientation": [0.9554108286299695, -0.2952797761436855, -4.8343872145373405e-05, 0.29527977872974487, 0.9554108271671378, 6.0042640173723106e-05, 2.8458881525300724e-05, -7.16403564715328e-05, 0.9999999970288759], "world_rotation": [0.00022298003845901916, 0.00013005081448275548, -0.9999999666833435, -0.29974835041382475]}], "source": "action wait"}
{"timestamp": 1706069140.766875, "objects": [{"color": "cv_", "id_name": "hand", "shape": "CVCylinder", "id_string": "ob383", "world_size": [0.12, 0.005, 0.12], "id": 383, "camera_size": [62, 59], "camera_position": [243, 262], "world_position": [0.6889529087186379, 0.9886415694990075, -0.17412011831971289], "world_orientation": [0.0002964775885699618, 0.3900191040663062, 0.9208067172671771, -0.000688293799123569, -0.9208064600320258, 0.3900192167251963, 0.9999997191763034, -0.0007494175105571532, -4.5507479408919275e-06], "world_rotation": [0.0, 1.0, 0.0, 0.0]}, {"color": "CVPurple", "id_name": "object35556623427370", "shape": "CVBox", "id_string": "ob1087", "world_size": [0.11, 0.11, 0.11], "id": 1087, "camera_size": [57, 74], "camera_position": [245, 250], "world_position": [0.7105165642604131, 0.9370697151106603, -0.17152949466016193], "world_orientation": [0.92080474273589, -0.3900238754035605, -4.868551684742014e-05, 0.3900238774220873, 0.9208047421818294, 4.261567013139314e-05, 2.820872597111212e-05, -5.822922522698416e-05, 0.9999999979068126], "world_rotation": [0.00012928041092404274, 9.857632628746806e-05, -0.9999999867846416, -0.40065752809775307]}], "source": "action wait"}
{"timestamp": 1706069140.797353, "objects": [{"color": "cv_", "id_name": "hand", "shape": "CVCylinder", "id_string": "ob383", "world_size": [0.12, 0.005, 0.12], "id": 383, "camera_size": [66, 60], "camera_position": [242, 274], "world_position": [0.6662819019868976, 1.0549344313122822, -0.17411973308761824], "world_orientation": [0.00036748053545308606, 0.48040193995306685, 0.8770483687045921, -0.0006590998883681312, -0.8770481210668079, 0.4804020804706398, 0.9999997152726561, -0.0007546008956709238, -5.665248152359255e-06], "world_rotation": [0.0, 1.0, 0.0, 0.0]}, {"color": "CVPurple", "id_name": "object35556623427370", "shape": "CVBox", "id_string": "ob1087", "world_size": [0.11, 0.11, 0.11], "id": 1087, "camera_size": [60, 83], "camera_position": [243, 260], "world_position": [0.6930087552082012, 1.0058237457686012, -0.17246226223873165], "world_orientation": [0.8769091359602554, -0.4806561817179289, -4.738965719936401e-05, 0.4806561832845203, 0.8769091358733451, 2.9870072290524153e-05, 2.7199188449226474e-05, -4.8971471039962016e-05, 0.9999999984309996], "world_rotation": [8.201448946077081e-05, 7.759064367493102e-05, -0.9999999936266578, -0.5014028527586315]}], "source": "action wait"}
{"timestamp": 1706069140.83417, "objects": [{"color": "cv_", "id_name": "hand", "shape": "CVCylinder", "id_string": "ob383", "world_size": [0.12, 0.005, 0.12], "id": 383, "camera_size": [70, 61], "camera_position": [241, 290], "world_position": [0.6419559398972253, 1.1077183989892805, -0.174118275989114], "world_orientation": [0.0004304799434810648, 0.5515677760558575, 0.8341299677531155, -0.0006383658797994221, -0.8341297235091524, 0.5515679439992401, 0.999999703587967, -0.0007699190480906493, -6.974067600683326e-06], "world_rotation": [0.0, 1.0, 0.0, 0.0]}, {"color": "CVPurple", "id_name": "object35556623427370", "shape": "CVBox", "id_string": "ob1087", "world_size": [0.11, 0.11, 0.11], "id": 1087, "camera_size": [64, 89], "camera_position": [242, 272], "world_position": [0.6726810220580088, 1.0611303159630112, -0.17305862125342975], "world_orientation": [0.8338695039377266, -0.5519616371642567, -3.875052888745841e-05, 0.5519616379157918, 0.83386950426027, 1.1577923784404039e-05, 2.5922314546205577e-05, -3.104328295755455e-05, 0.9999999991821741], "world_rotation": [3.860884863937699e-05, 5.858454544296921e-05, -0.9999999975386038, -0.5847148644102544]}], "source": "action wait"}
{"timestamp": 1706069140.86955, "objects": [{"color": "cv_", "id_name": "hand", "shape": "CVCylinder", "id_string": "ob383", "world_size": [0.12, 0.005, 0.12], "id": 383, "camera_size": [73, 61], "camera_position": [241, 303], "world_position": [0.6217374771565843, 1.1433830028372824, -0.1741185116373689], "world_orientation": [0.000475316858299467, 0.599522702471873, 0.8003576096312863, -0.0006175609470221937, -0.8003573714390636, 0.59952289080704, 0.9999996963461344, -0.0007792329402974152, -1.0181543408890517e-05], "world_rotation": [0.0, 1.0, 0.0, 0.0]}, {"color": "CVPurple", "id_name": "object35556623427370", "shape": "CVBox", "id_string": "ob1087", "world_size": [0.11, 0.11, 0.11], "id": 1087, "camera_size": [67, 93], "camera_position": [242, 283], "world_position": [0.6550934655752197, 1.0988676146156238, -0.17344138954690969], "world_orientation": [0.8000044848559064, -0.5999940193853357, -3.0203734963644783e-05, 0.5999940197156931, 0.8000044851746496, 2.418350210092923e-06, 2.2712127777107192e-05, -2.0056751365291215e-05, 0.999999999540943], "world_rotation": [1.8729437975421324e-05, 4.409699176640464e-05, -0.9999999988523316, -0.6434936341131215]}], "source": "action wait"}
{"timestamp": 1706069140.904219, "objects": [{"color": "cv_", "id_name": "hand", "shape": "CVCylinder", "id_string": "ob383", "world_size": [0.12, 0.005, 0.12], "id": 383, "camera_size": [75, 62], "camera_position": [241, 313], "world_position": [0.6060735544454404, 1.1676397535499639, -0.17411978123371044], "world_orientation": [0.0005053241628337771, 0.6321147711474598, 0.7748746096915843, -0.0005976811514973644, -0.7748743793101271, 0.6321149729803801, 0.999999693712319, -0.0007825509185225958, -1.3759662727813481e-05], "world_rotation": [0.0, 1.0, 0.0, 0.0]}, {"color": "CVPurple", "id_name": "object35556623427370", "shape": "CVBox", "id_string": "ob1087", "world_size": [0.11, 0.11, 0.11], "id": 1087, "camera_size": [68, 96], "camera_position": [241, 292], "world_position": [0.641183229849973, 1.1247150293735297, -0.17368731145057872], "world_orientation": [0.7744550364934758, -0.6326289558966357, -2.4718856161388255e-05, 0.6326289560906257, 0.7744550367294954, 3.737183476363065e-08, 1.9120000151572595e-05, -1.566680697478908e-05, 0.9999999996944884], "world_rotation": [1.2411840028924303e-05, 3.464815818809224e-05, -0.9999999993227258, -0.6849431133947577]}], "source": "action wait"}
{"timestamp": 1706069140.935024, "objects": [{"color": "cv_", "id_name": "hand", "shape": "CVCylinder", "id_string": "ob383", "world_size": [0.12, 0.005, 0.12], "id": 383, "camera_size": [76, 62], "camera_position": [240, 321], "world_position": [0.5943787378083347, 1.1842752585846525, -0.17412122571802865], "world_orientation": [0.000525041257925855, 0.6544535073964755, 0.7561020638697721, -0.0005808330118111086, -0.756101840961442, 0.6544537177889135, 0.9999996934822981, -0.0007827842422362488, -1.6856459906497833e-05], "world_rotation": [0.0, 1.0, 0.0, 0.0]}, {"color": "CVPurple", "id_name": "object35556623427370", "shape": "CVBox", "id_string": "ob1087", "world_size": [0.11, 0.11, 0.11], "id": 1087, "camera_size": [69, 98], "camera_position": [241, 299], "world_position": [0.630673404506738, 1.1425282413697901, -0.17384521565293876], "world_orientation": [0.7556363539616593, -0.6549913740640024, -2.1755005593916936e-05, 0.6549913742296755, 0.7556363541309327, 6.58056288358873e-07, 1.6007851918561802e-05, -1.4746592264770971e-05, 0.9999999997631435], "world_rotation": [1.1759428561734508e-05, 2.8826988403752255e-05, -0.9999999995153604, -0.7141712054903205]}], "source": "action wait"}
{"timestamp": 1706069140.970472, "objects": [{"color": "cv_", "id_name": "hand", "shape": "CVCylinder", "id_string": "ob383", "world_size": [0.12, 0.005, 0.12], "id": 383, "camera_size": [78, 63], "camera_position": [240, 328], "world_position": [0.5858351640978288, 1.1957670624152132, -0.17412249561222862], "world_orientation": [0.0005378623638183571, 0.6698739574140367, 0.7424746405652753, -0.0005673975976033802, -0.742474424013117, 0.669874173070105, 0.9999996943819752, -0.0007815784335265615, -1.9264174640060548e-05], "world_rotation": [0.0, 1.0, 0.0, 0.0]}, {"color": "CVPurple", "id_name": "object35556623427370", "shape": "CVBox", "id_string": "ob1087", "world_size": [0.11, 0.11, 0.11], "id": 1087, "camera_size": [70, 99], "camera_position": [240, 305], "world_position": [0.6229402133694334, 1.1548739673513115, -0.17394653646137237], "world_orientation": [0.7419774491192853, -0.6704248388738034, -2.048104458960487e-05, 0.6704248390489678, 0.7419774492398012, 2.4008097984231265e-06, 1.3586910700087182e-05, -1.5512347752595156e-05, 0.9999999997873814], "world_rotation": [1.3359556882907742e-05, 2.5407736479776926e-05, -0.9999999995879848, -0.7347812164680386]}], "source": "action wait"}
