{"timestamp": 1706200698.014175, "objects": [{"color": "cv_", "id_name": "hand", "shape": "CVCylinder", "id_string": "ob382", "world_size": [0.12, 0.005, 0.12], "id": 382, "camera_size": [48, 50], "camera_position": [246, 426], "world_position": [0.2676445155400115, 0.6334703013849834, -0.1738926040084784], "world_orientation": [-0.000641551246557132, 0.19791547486691935, 0.9802188802610363, -0.0007473675443721292, -0.9802189031248655, 0.1979149903328184, 0.9999995149267582, -0.0006056111687278151, 0.0007767762616435851], "world_rotation": [0.0, 1.0, 0.0, 0.0]}, {"color": "CVBlue", "id_name": "object172309870012408", "shape": "CVCylinder", "id_string": "ob414", "world_size": [0.09, 0.09, 0.09], "id": 414, "camera_size": [37, 37], "camera_position": [256, 254], "world_position": [0.705, 0.644856964849591, -0.15], "world_orientation": [1.0, -3.248937977869676e-17, -1.2807790779525605e-17, 3.248937977869676e-17, 1.0, -6.497875955739369e-17, 1.2807790779525605e-17, 6.497875955739369e-17, 1.0], "world_rotation": [-0.8808431718627018, 0.17362065899128884, -0.4404215859313497, -7.376881791566185e-17]}], "source": "manual check"}
{"timestamp": 1706200699.043158, "objects": [{"color": "cv_", "id_name": "hand", "shape": "CVCylinder", "id_string": "ob382", "world_size": [0.12, 0.005, 0.12], "id": 382, "camera_size": [48, 50], "camera_position": [246, 426], "world_position": [0.2676445155400115, 0.6334703013849834, -0.1738926040084784], "world_orientation": [-0.000641551246557132, 0.19791547486691935, 0.9802188802610363, -0.0007473675443721292, -0.9802189031248655, 0.1979149903328184, 0.9999995149267582, -0.0006056111687278151, 0.0007767762616435851], "world_rotation": [0.0, 1.0, 0.0, 0.0]}, {"color": "CVBlue", "id_name": "object172309870012408", "shape": "CVCylinder", "id_string": "ob414", "world_size": [0.09, 0.09, 0.09], "id": 414, "camera_size": [37, 37], "camera_position": [256, 254], "world_position": [0.705, 0.6448569696296074, -0.15], "world_orientation": [1.0, -4.331917303826236e-17, -1.1712398707441946e-17, 4.331917303826236e-17, 1.0, -5.775889738434995e-17, 1.1712398707441946e-17, 5.775889738434995e-17, 1.0], "world_rotation": [-0.7896765794068324, 0.16013129347666225, -0.5922574345551229, -7.314247236221149e-17]}], "source": "manual check"}
{"timestamp": 1706200701.014407, "objects": [{"color": "cv_", "id_name": "hand", "shape": "CVCylinder", "id_string": "ob382", "world_size": [0.12, 0.005, 0.12], "id": 382, "camera_size": [48, 50], "camera_position": [246, 426], "world_position": [0.2676445155400115, 0.6334703013849834, -0.1738926040084784], "world_orientation": [-0.000641551246557132, 0.19791547486691935, 0.9802188802610363, -0.0007473675443721292, -0.9802189031248655, 0.1979149903328184, 0.9999995149267582, -0.0006056111687278151, 0.0007767762616435851], "world_rotation": [0.0, 1.0, 0.0, 0.0]}, {"color": "CVBlue", "id_name": "object172309870012408", "shape": "CVCylinder", "id_string": "ob414", "world_size": [0.09, 0.09, 0.09], "id": 414, "camera_size": [37, 37], "camera_position": [256, 254], "world_position": [0.705, 0.6448569696296074, -0.15], "world_orientation": [1.0, -4.331917303826236e-17, -1.1712398707441946e-17, 4.331917303826236e-17, 1.0, -5.775889738434995e-17, 1.1712398707441946e-17, 5.775889738434995e-17, 1.0], "world_rotation": [-0.7896765794068324, 0.16013129347666225, -0.5922574345551229, -7.314247236221149e-17]}], "source": "action wait"}
{"timestamp": 1706200701.049774, "objects": [{"color": "cv_", "id_name": "hand", "shape": "CVCylinder", "id_string": "ob382", "world_size": [0.12, 0.005, 0.12], "id": 382, "camera_size": [49, 51], "camera_position": [246, 421], "world_position": [0.29113162900419265, 0.6677892426799568, -0.17395609463438072], "world_orientation": [-0.0003826356444495634, 0.1983838534440024, 0.9801243289923336, -0.0007151363699544225, -0.9801242043997722, 0.19838354903994967, 0.999999671084914, -0.0006250139376047816, 0.0005169019654010656], "world_rotation": [0.0, 1.0, 0.0, 0.0]}, {"color": "CVBlue", "id_name": "object172309870012408", "shape": "CVCylinder", "id_string": "ob414", "world_size": [0.09, 0.09, 0.09], "id": 414, "camera_size": [37, 37], "camera_position": [256, 254], "world_position": [0.705, 0.6448569696296074, -0.15], "world_orientation": [1.0, -4.331917303826236e-17, -1.1712398707441946e-17, 4.331917303826236e-17, 1.0, -5.775889738434995e-17, 1.1712398707441946e-17, 5.775889738434995e-17, 1.0], "world_rotation": [-0.7896765794068324, 0.16013129347666225, -0.5922574345551229, -7.314247236221149e-17]}], "source": "action wait"}
{"timestamp": 1706200701.084734, "objects": [{"color": "cv_", "id_name": "hand", "shape": "CVCylinder", "id_string": "ob382", "world_size": [0.12, 0.005, 0.12], "id": 382, "camera_size": [51, 52], "camera_position": [246, 406], "world_position": [0.3371918443872625, 0.7058254448253878, -0.17398391611661534], "world_orientation": [-0.0002229191626293453, 0.18693152710035735, 0.9823729202716123, -0.0007314721455025482, -0.982372712350911, 0.186931321551031, 0.9999997076277309, -0.000676907854005616, 0.0003557249076177757], "world_rotation": [0.0, 1.0, 0.0, 0.0]}, {"color": "CVBlue", "id_name": "object172309870012408", "shape": "CVCylinder", "id_string": "ob414", "world_size": [0.09, 0.09, 0.09], "id": 414, "camera_size": [37, 37], "camera_position": [256, 254], "world_position": [0.705, 0.6448569696296074, -0.15], "world_orientation": [1.0, -4.331917303826236e-17, -1.1712398707441946e-17, 4.331917303826236e-17, 1.0, -5.775889738434995e-17, 1.1712398707441946e-17, 5.775889738434995e-17, 1.0], "world_rotation": [-0.7896765794068324, 0.16013129347666225, -0.5922574345551229, -7.314247236221149e-17]}], "source": "action wait"}
{"timestamp": 1706200701.118388, "objects": [{"color": "cv_", "id_name": "hand", "shape": "CVCylinder", "id_string": "ob382", "world_size": [0.12, 0.005, 0.12], "id": 382, "camera_size": [51, 53], "camera_position": [246, 388], "world_position": [0.38777208415646436, 0.7390465083671172, -0.17400444737108506], "world_orientation": [-0.00011930603865558538, 0.17877058887302208, 0.9838907776374682, -0.0007426822195864278, -0.9838905291342712, 0.1787704536633635, 0.999999717094555, -0.0007093897919114691, 0.0002501538192431699], "world_rotation": [0.0, 1.0, 0.0, 0.0]}, {"color": "CVBlue", "id_name": "object172309870012408", "shape": "CVCylinder", "id_string": "ob414", "world_size": [0.09, 0.09, 0.09], "id": 414, "camera_size": [37, 37], "camera_position": [256, 254], "world_position": [0.705, 0.6448569696296074, -0.15], "world_orientation": [1.0, -4.331917303826236e-17, -1.1712398707441946e-17, 4.331917303826236e-17, 1.0, -5.775889738434995e-17, 1.1712398707441946e-17, 5.775889738434995e-17, 1.0], "world_rotation": [-0.7896765794068324, 0.16013129347666225, -0.5922574345551229, -7.314247236221149e-17]}], "source": "action wait"}
{"timestamp": 1706200701.15084, "objects": [{"color": "cv_", "id_name": "hand", "shape": "CVCylinder", "id_string": "ob382", "world_size": [0.12, 0.005, 0.12], "id": 382, "camera_size": [52, 54], "camera_position": [245, 367], "world_position": [0.4419013573458002, 0.7670276313878386, -0.17402297074101453], "world_orientation": [-4.637701994076346e-05, 0.17300501953688932, 0.9849209415299346, -0.0007500441458459824, -0.9849206715654137, 0.1730049367992545, 0.9999997176414358, -0.0007307107329121438, 0.00017543908773129464], "world_rotation": [0.0, 1.0, 0.0, 0.0]}, {"color": "CVBlue", "id_name": "object172309870012408", "shape": "CVCylinder", "id_string": "ob414", "world_size": [0.09, 0.09, 0.09], "id": 414, "camera_size": [37, 37], "camera_position": [256, 254], "world_position": [0.705, 0.6448569696296074, -0.15], "world_orientation": [1.0, -4.331917303826236e-17, -1.1712398707441946e-17, 4.331917303826236e-17, 1.0, -5.775889738434995e-17, 1.1712398707441946e-17, 5.775889738434995e-17, 1.0], "world_rotation": [-0.7896765794068324, 0.16013129347666225, -0.5922574345551229, -7.314247236221149e-17]}], "source": "action wait"}
{"timestamp": 1706200701.181986, "objects": [{"color": "cv_", "id_name": "hand", "shape": "CVCylinder", "id_string": "ob382", "world_size": [0.12, 0.005, 0.12], "id": 382, "camera_size": [52, 54], "camera_position": [245, 343], "world_position": [0.49918754525455117, 0.7798270403017888, -0.17403809350437208], "world_orientation": [-4.4620368451724885e-06, 0.15516065237952523, 0.9878892508440662, -0.0007645977477143353, -0.9878889626183871, 0.15516060365650564, 0.9999997076851445, -0.000754645563856433, 0.0001230434822938308], "world_rotation": [0.0, 1.0, 0.0, 0.0]}, {"color": "CVBlue", "id_name": "object172309870012408", "shape": "CVCylinder", "id_string": "ob414", "world_size": [0.09, 0.09, 0.09], "id": 414, "camera_size": [37, 37], "camera_position": [256, 254], "world_position": [0.705, 0.6448569696296074, -0.15], "world_orientation": [1.0, -4.331917303826236e-17, -1.1712398707441946e-17, 4.331917303826236e-17, 1.0, -5.775889738434995e-17, 1.1712398707441946e-17, 5.775889738434995e-17, 1.0], "world_rotation": [-0.7896765794068324, 0.16013129347666225, -0.5922574345551229, -7.314247236221149e-17]}], "source": "action wait"}
{"timestamp": 1706200701.212813, "objects": [{"color": "cv_", "id_name": "hand", "shape": "CVCylinder", "id_string": "ob382", "world_size": [0.12, 0.005, 0.12], "id": 382, "camera_size": [52, 52], "camera_position": [245, 317], "world_position": [0.5577638276798593, 0.76988978033906, -0.1740499515659886], "world_orientation": [5.794068279147243e-07, 0.11470663280696053, 0.9933994103027007, -0.0007769702073309753, -0.9933991104021627, 0.1147065986309802, 0.999999698158435, -0.0007719082075721248, 8.854805404725439e-05], "world_rotation": [0.0, 1.0, 0.0, 0.0]}, {"color": "CVBlue", "id_name": "object172309870012408", "shape": "CVCylinder", "id_string": "ob414", "world_size": [0.09, 0.09, 0.09], "id": 414, "camera_size": [37, 37], "camera_position": [256, 254], "world_position": [0.705, 0.6448569696296074, -0.15], "world_orientation": [1.0, -4.331917303826236e-17, -1.1712398707441946e-17, 4.331917303826236e-17, 1.0, -5.775889738434995e-17, 1.1712398707441946e-17, 5.775889738434995e-17, 1.0], "world_rotation": [-0.7896765794068324, 0.16013129347666225, -0.5922574345551229, -7.314247236221149e-17]}], "source": "action wait"}
{"timestamp": 1706200701.243004, "objects": [{"color": "cv_", "id_name": "hand", "shape": "CVCylinder", "id_string": "ob382", "world_size": [0.12, 0.005, 0.12], "id": 382, "camera_size": [52, 52], "camera_position": [245, 297], "world_position": [0.6028832221364782, 0.7553306897239155, -0.17405563570671648], "world_orientation": [-1.4576459781402234e-05, 0.0804478736643404, 0.9967588170718196, -0.0007750365569697492, -0.996758518719137, 0.08044783825042967, 0.9999996995528861, -0.0007713518770341544, 7.687925348061965e-05], "world_rotation": [0.0, 1.0, 0.0, 0.0]}, {"color": "CVBlue", "id_name": "object172309870012408", "shape": "CVCylinder", "id_string": "ob414", "world_size": [0.09, 0.09, 0.09], "id": 414, "camera_size": [37, 37], "camera_position": [256, 254], "world_position": [0.705, 0.6448569696296074, -0.15], "world_orientation": [1.0, -4.331917303826236e-17, -1.1712398707441946e-17, 4.331917303826236e-17, 1.0, -5.775889738434995e-17, 1.1712398707441946e-17, 5.775889738434995e-17, 1.0], "world_rotation": [-0.7896765794068324, 0.16013129347666225, -0.5922574345551229, -7.314247236221149e-17]}], "source": "action wait"}
{"timestamp": 1706200701.281723, "objects": [{"color": "cv_", "id_name": "hand", "shape": "CVCylinder", "id_string": "ob382", "world_size": [0.12, 0.005, 0.12], "id": 382, "camera_size": [51, 51], "camera_position": [246, 284], "world_position": [0.6345033629790202, 0.7426181245795949, -0.17406335765358236], "world_orientation": [-2.1414556806444297e-05, 0.05623555180985184, 0.9984175290198276, -0.0007711199456974562, -0.9984172333348444, 0.05623551861612401, 0.999999702457679, -0.000768695412053561, 6.474501821804558e-05], "world_rotation": [0.0, 1.0, 0.0, 0.0]}, {"color": "CVBlue", "id_name": "object172309870012408", "shape": "CVCylinder", "id_string": "ob414", "world_size": [0.09, 0.09, 0.09], "id": 414, "camera_size": [37, 37], "camera_position": [256, 254], "world_position": [0.705, 0.6448569696296074, -0.15], "world_orientation": [1.0, -4.331917303826236e-17, -1.1712398707441946e-17, 4.331917303826236e-17, 1.0, -5.775889738434995e-17, 1.1712398707441946e-17, 5.775889738434995e-17, 1.0], "world_rotation": [-0.7896765794068324, 0.16013129347666225, -0.5922574345551229, -7.314247236221149e-17]}], "source": "action wait"}
{"timestamp": 1706200701.318547, "objects": [{"color": "cv_", "id_name": "hand", "shape": "CVCylinder", "id_string": "ob382", "world_size": [0.12, 0.005, 0.12], "id": 382, "camera_size": [51, 51], "camera_position": [246, 274], "world_position": [0.656606235213179, 0.732472729878883, -0.17407125205754934], "world_orientation": [-2.3160457840467973e-05, 0.03914854856074901, 0.9992334014679353, -0.0007676296941143967, -0.9992331080300857, 0.03914851927197551, 0.9999997051040795, -0.0007661345326879523, 5.319428462841924e-05], "world_rotation": [0.0, 1.0, 0.0, 0.0]}, {"color": "CVBlue", "id_name": "object172309870012408", "shape": "CVCylinder", "id_string": "ob414", "world_size": [0.09, 0.09, 0.09], "id": 414, "camera_size": [37, 37], "camera_position": [256, 254], "world_position": [0.705, 0.6448569696296074, -0.15], "world_orientation": [1.0, -4.331917303826236e-17, -1.1712398707441946e-17, 4.331917303826236e-17, 1.0, -5.775889738434995e-17, 1.1712398707441946e-17, 5.775889738434995e-17, 1.0], "world_rotation": [-0.7896765794068324, 0.16013129347666225, -0.5922574345551229, -7.314247236221149e-17]}], "source": "action wait"}
{"timestamp": 1706200701.354213, "objects": [{"color": "cv_", "id_name": "hand", "shape": "CVCylinder", "id_string": "ob382", "world_size": [0.12, 0.005, 0.12], "id": 382, "camera_size": [51, 50], "camera_position": [246, 267], "world_position": [0.6720594575108382, 0.7247563305400908, -0.17407836489363296], "world_orientation": [-2.227093038361319e-05, 0.02709813797804328, 0.9996327777849868, -0.0007651465116227915, -0.9996324858775191, 0.02709811301820431, 0.9999997070273678, -0.0007642620326377799, 4.299679124792328e-05], "world_rotation": [0.0, 1.0, 0.0, 0.0]}, {"color": "CVBlue", "id_name": "object172309870012408", "shape": "CVCylinder", "id_string": "ob414", "world_size": [0.09, 0.09, 0.09], "id": 414, "camera_size": [37, 37], "camera_position": [256, 254], "world_position": [0.705, 0.6448569696296074, -0.15], "world_orientation": [1.0, -4.331917303826236e-17, -1.1712398707441946e-17, 4.331917303826236e-17, 1.0, -5.775889738434995e-17, 1.1712398707441946e-17, 5.775889738434995e-17, 1.0], "world_rotation": [-0.7896765794068324, 0.16013129347666225, -0.5922574345551229, -7.314247236221149e-17]}], "source": "action wait"}
{"timestamp": 1706200701.387735, "objects": [{"color": "cv_", "id_name": "hand", "shape": "CVCylinder", "id_string": "ob382", "world_size": [0.12, 0.005, 0.12], "id": 382, "camera_size": [51, 50], "camera_position": [246, 263], "world_position": [0.6828755209357186, 0.7190518270810189, -0.17408437158507117], "world_orientation": [-2.0177888673265526e-05, 0.018602505253542588, 0.9998269582238443, -0.0007636010586628627, -0.9998266672211255, 0.01860248442870263, 0.9999997082530955, -0.000763093564919902, 3.437928388950751e-05], "world_rotation": [0.0, 1.0, 0.0, 0.0]}, {"color": "CVBlue", "id_name": "object172309870012408", "shape": "CVCylinder", "id_string": "ob414", "world_size": [0.09, 0.09, 0.09], "id": 414, "camera_size": [37, 37], "camera_position": [256, 254], "world_position": [0.705, 0.6448569696296074, -0.15], "world_orientation": [1.0, -4.331917303826236e-17, -1.1712398707441946e-17, 4.331917303826236e-17, 1.0, -5.775889738434995e-17, 1.1712398707441946e-17, 5.775889738434995e-17, 1.0], "world_rotation": [-0.7896765794068324, 0.16013129347666225, -0.5922574345551229, -7.314247236221149e-17]}], "source": "action wait"}
{"timestamp": 1706200701.419143, "objects": [{"color": "cv_", "id_name": "hand", "shape": "CVCylinder", "id_string": "ob382", "world_size": [0.12, 0.005, 0.12], "id": 382, "camera_size": [50, 51], "camera_position": [245, 260], "world_position": [0.6904557684870488, 0.7149088219540095, -0.17408925226680755], "world_orientation": [-1.7686992977738578e-05, 0.012613914999414352, 0.9999204412529819, -0.0007627510921099685, -0.9999201507080422, 0.01261389784236733, 0.9999997089489286, -0.0007624673066665941, 2.730685812582665e-05], "world_rotation": [0.0, 1.0, 0.0, 0.0]}, {"color": "CVBlue", "id_name": "object172309870012408", "shape": "CVCylinder", "id_string": "ob414", "world_size": [0.09, 0.09, 0.09], "id": 414, "camera_size": [37, 37], "camera_position": [256, 254], "world_position": [0.705, 0.6448569696296074, -0.15], "world_orientation": [1.0, -4.331917303826236e-17, -1.1712398707441946e-17, 4.331917303826236e-17, 1.0, -5.775889738434995e-17, 1.1712398707441946e-17, 5.775889738434995e-17, 1.0], "world_rotation": [-0.7896765794068324, 0.16013129347666225, -0.5922574345551229, -7.314247236221149e-17]}], "source": "action wait"}
{"timestamp": 1706200701.449334, "objects": [{"color": "cv_", "id_name": "hand", "shape": "CVCylinder", "id_string": "ob382", "world_size": [0.12, 0.005, 0.12], "id": 382, "camera_size": [49, 50], "camera_position": [246, 257], "world_position": [0.6957746487229918, 0.7119341050593532, -0.17409311989734538], "world_orientation": [-1.5249994675961249e-05, 0.008392794489196519, 0.9999647797638174, -0.0007623584324692391, -0.9999644893926717, 0.008392780425714178, 0.9999997092884869, -0.0007622035921687635, 2.1647770790576454e-05], "world_rotation": [0.0, 1.0, 0.0, 0.0]}, {"color": "CVBlue", "id_name": "object172309870012408", "shape": "CVCylinder", "id_string": "ob414", "world_size": [0.09, 0.09, 0.09], "id": 414, "camera_size": [37, 37], "camera_position": [256, 254], "world_position": [0.705, 0.6448569696296074, -0.15], "world_orientation": [1.0, -4.331917303826236e-17, -1.1712398707441946e-17, 4.331917303826236e-17, 1.0, -5.775889738434995e-17, 1.1712398707441946e-17, 5.775889738434995e-17, 1.0], "world_rotation": [-0.7896765794068324, 0.16013129347666225, -0.5922574345551229, -7.314247236221149e-17]}], "source": "action wait"}
{"timestamp": 1706200701.479443, "objects": [{"color": "cv_", "id_name": "hand", "shape": "CVCylinder", "id_string": "ob382", "world_size": [0.12, 0.005, 0.12], "id": 382, "camera_size": [49, 50], "camera_position": [246, 256], "world_position": [0.6995105725257141, 0.70981419967, -0.17409613234546353], "world_orientation": [-1.305116636850008e-05, 0.005417532868211557, 0.9999853249759664, -0.000762239330583432, -0.9999850346148482, 0.005417521346889624, 0.9999997094103927, -0.0007621574397309044, 1.7180427680014513e-05], "world_rotation": [0.0, 1.0, 0.0, 0.0]}, {"color": "CVBlue", "id_name": "object172309870012408", "shape": "CVCylinder", "id_string": "ob414", "world_size": [0.09, 0.09, 0.09], "id": 414, "camera_size": [37, 37], "camera_position": [256, 254], "world_position": [0.705, 0.6448569696296074, -0.15], "world_orientation": [1.0, -4.331917303826236e-17, -1.1712398707441946e-17, 4.331917303826236e-17, 1.0, -5.775889738434995e-17, 1.1712398707441946e-17, 5.775889738434995e-17, 1.0], "world_rotation": [-0.7896765794068324, 0.16013129347666225, -0.5922574345551229, -7.314247236221149e-17]}], "source": "action wait"}
{"timestamp": 1706200701.511531, "objects": [{"color": "cv_", "id_name": "hand", "shape": "CVCylinder", "id_string": "ob382", "world_size": [0.12, 0.005, 0.12], "id": 382, "camera_size": [49, 50], "camera_position": [246, 255], "world_position": [0.7021367950942973, 0.708310942693421, -0.17409844982533196], "world_orientation": [-1.1174538481277558e-05, 0.0033203957421217537, 0.9999944874084284, -0.0007622686641027812, -0.9999941969739476, 0.003320386259711903, 0.9999997094107644, -0.0007622273582432976, 1.3705507262144643e-05], "world_rotation": [0.0, 1.0, 0.0, 0.0]}, {"color": "CVBlue", "id_name": "object172309870012408", "shape": "CVCylinder", "id_string": "ob414", "world_size": [0.09, 0.09, 0.09], "id": 414, "camera_size": [37, 37], "camera_position": [256, 254], "world_position": [0.705, 0.6448569696296074, -0.15], "world_orientation": [1.0, -4.331917303826236e-17, -1.1712398707441946e-17, 4.331917303826236e-17, 1.0, -5.775889738434995e-17, 1.1712398707441946e-17, 5.775889738434995e-17, 1.0], "world_rotation": [-0.7896765794068324, 0.16013129347666225, -0.5922574345551229, -7.314247236221149e-17]}], "source": "action wait"}
{"timestamp": 1706200701.547612, "objects": [{"color": "cv_", "id_name": "hand", "shape": "CVCylinder", "id_string": "ob382", "world_size": [0.12, 0.005, 0.12], "id": 382, "camera_size": [49, 50], "camera_position": [246, 254], "world_position": [0.7039841308226121, 0.7072484437747815, -0.1741002163321303], "world_orientation": [-9.626244795637612e-06, 0.0018421808743040067, 0.9999983031370413, -0.0007623676615818929, -0.999998012595118, 0.0018421730003225082, 0.9999997093513998, -0.0007623486347405619, 1.103064479011117e-05], "world_rotation": [0.0, 1.0, 0.0, 0.0]}, {"color": "CVBlue", "id_name": "object172309870012408", "shape": "CVCylinder", "id_string": "ob414", "world_size": [0.09, 0.09, 0.09], "id": 414, "camera_size": [37, 37], "camera_position": [256, 254], "world_position": [0.705, 0.6448569696296074, -0.15], "world_orientation": [1.0, -4.331917303826236e-17, -1.1712398707441946e-17, 4.331917303826236e-17, 1.0, -5.775889738434995e-17, 1.1712398707441946e-17, 5.775889738434995e-17, 1.0], "world_rotation": [-0.7896765794068324, 0.16013129347666225, -0.5922574345551229, -7.314247236221149e-17]}], "source": "action wait"}
{"timestamp": 1706200701.582628, "objects": [{"color": "cv_", "id_name": "hand", "shape": "CVCylinder", "id_string": "ob382", "world_size": [0.12, 0.005, 0.12], "id": 382, "camera_size": [49, 50], "camera_position": [246, 253], "world_position": [0.7052842401113196, 0.7064990753714229, -0.17410155339987232], "world_orientation": [-8.378999580324245e-06, 0.0008002007016718476, 0.9999996798042634, -0.0007624902608988185, -0.9999993891488316, 0.000800194080181855, 0.999999709269155, -0.0007624833119272049, 8.98913970415667e-06], "world_rotation": [0.0, 1.0, 0.0, 0.0]}, {"color": "CVBlue", "id_name": "object172309870012408", "shape": "CVCylinder", "id_string": "ob414", "world_size": [0.09, 0.09, 0.09], "id": 414, "camera_size": [37, 37], "camera_position": [256, 254], "world_position": [0.705, 0.6448569696296074, -0.15], "world_orientation": [1.0, -4.331917303826236e-17, -1.1712398707441946e-17, 4.331917303826236e-17, 1.0, -5.775889738434995e-17, 1.1712398707441946e-17, 5.775889738434995e-17, 1.0], "world_rotation": [-0.7896765794068324, 0.16013129347666225, -0.5922574345551229, -7.314247236221149e-17]}], "source": "action wait"}
{"timestamp": 1706200701.616984, "objects": [{"color": "cv_", "id_name": "hand", "shape": "CVCylinder", "id_string": "ob382", "world_size": [0.12, 0.005, 0.12], "id": 382, "camera_size": [49, 50], "camera_position": [246, 253], "world_position": [0.7061995871706689, 0.7059712762842713, -0.17410255982394418], "world_orientation": [-7.391878274760061e-06, 6.569843515159119e-05, 0.999999997814538, -0.000762611690795492, -0.9999997070538911, 6.569277891663464e-05, 0.9999997091843424, -0.0007626112035361947, 7.441978504416221e-06], "world_rotation": [0.0, 1.0, 0.0, 0.0]}, {"color": "CVBlue", "id_name": "object172309870012408", "shape": "CVCylinder", "id_string": "ob414", "world_size": [0.09, 0.09, 0.09], "id": 414, "camera_size": [37, 37], "camera_position": [256, 254], "world_position": [0.705, 0.6448569696296074, -0.15], "world_orientation": [1.0, -4.331917303826236e-17, -1.1712398707441946e-17, 4.331917303826236e-17, 1.0, -5.775889738434995e-17, 1.1712398707441946e-17, 5.775889738434995e-17, 1.0], "world_rotation": [-0.7896765794068324, 0.16013129347666225, -0.5922574345551229, -7.314247236221149e-17]}], "source": "action wait"}
{"timestamp": 1706200701.650221, "objects": [{"color": "cv_", "id_name": "hand", "shape": "CVCylinder", "id_string": "ob382", "world_size": [0.12, 0.005, 0.12], "id": 382, "camera_size": [49, 50], "camera_position": [246, 253], "world_position": [0.7068442414930848, 0.7055998468671939, -0.17410331397857726], "world_orientation": [-6.621024700792193e-06, -0.00045207350430983716, 0.9999998977928493, -0.0007627202090318486, -0.9999996069414139, -0.00045207842281307087, 0.9999997091069802, -0.0007627231242991826, 6.27621650100092e-06], "world_rotation": [0.0, 1.0, 0.0, 0.0]}, {"color": "CVBlue", "id_name": "object172309870012408", "shape": "CVCylinder", "id_string": "ob414", "world_size": [0.09, 0.09, 0.09], "id": 414, "camera_size": [37, 37], "camera_position": [256, 254], "world_position": [0.705, 0.6448569696296074, -0.15], "world_orientation": [1.0, -4.331917303826236e-17, -1.1712398707441946e-17, 4.331917303826236e-17, 1.0, -5.775889738434995e-17, 1.1712398707441946e-17, 5.775889738434995e-17, 1.0], "world_rotation": [-0.7896765794068324, 0.16013129347666225, -0.5922574345551229, -7.314247236221149e-17]}], "source": "action wait"}
{"timestamp": 1706200701.682267, "objects": [{"color": "cv_", "id_name": "hand", "shape": "CVCylinder", "id_string": "ob382", "world_size": [0.12, 0.005, 0.12], "id": 382, "camera_size": [49, 49], "camera_position": [246, 253], "world_position": [0.7072983663384248, 0.7053385865381969, -0.17410387700182167], "world_orientation": [-6.025250823992073e-06, -0.0008170753529533129, 0.9999996661757263, -0.00076281157669259, -0.9999993752494268, -0.0008170797113767936, 0.9999997090410551, -0.0007628162451581625, 5.401972521814308e-06], "world_rotation": [0.0, 1.0, 0.0, 0.0]}, {"color": "CVBlue", "id_name": "object172309870012408", "shape": "CVCylinder", "id_string": "ob414", "world_size": [0.09, 0.09, 0.09], "id": 414, "camera_size": [37, 37], "camera_position": [256, 254], "world_position": [0.705, 0.6448569696296074, -0.15], "world_orientation": [1.0, -4.331917303826236e-17, -1.1712398707441946e-17, 4.331917303826236e-17, 1.0, -5.775889738434995e-17, 1.1712398707441946e-17, 5.775889738434995e-17, 1.0], "world_rotation": [-0.7896765794068324, 0.16013129347666225, -0.5922574345551229, -7.314247236221149e-17]}], "source": "action wait"}
{"timestamp": 1706200701.712957, "objects": [{"color": "cv_", "id_name": "hand", "shape": "CVCylinder", "id_string": "ob382", "world_size": [0.12, 0.005, 0.12], "id": 382, "camera_size": [49, 50], "camera_position": [246, 252], "world_position": [0.7076183366587043, 0.7051548629092476, -0.17410429601316324], "world_orientation": [-5.56862625590234e-06, -0.0010743885801111543, 0.9999994228289181, -0.0007628855671942579, -0.99999913184279, -0.0010743925157054683, 0.9999997089872587, -0.0007628911097695277, 4.7489858804981725e-06], "world_rotation": [0.0, 1.0, 0.0, 0.0]}, {"color": "CVBlue", "id_name": "object172309870012408", "shape": "CVCylinder", "id_string": "ob414", "world_size": [0.09, 0.09, 0.09], "id": 414, "camera_size": [37, 37], "camera_position": [256, 254], "world_position": [0.705, 0.6448569696296074, -0.15], "world_orientation": [1.0, -4.331917303826236e-17, -1.1712398707441946e-17, 4.331917303826236e-17, 1.0, -5.775889738434995e-17, 1.1712398707441946e-17, 5.775889738434995e-17, 1.0], "world_rotation": [-0.7896765794068324, 0.16013129347666225, -0.5922574345551229, -7.314247236221149e-17]}], "source": "action wait"}
{"timestamp": 1706200702.739967, "objects": [{"color": "cv_", "id_name": "hand", "shape": "CVCylinder", "id_string": "ob382", "world_size": [0.12, 0.005, 0.12], "id": 382, "camera_size": [49, 50], "camera_position": [246, 252], "world_position": [0.7083824959813058, 0.7047193098881522, -0.17410547792766404], "world_orientation": [-4.18733691879688e-06, -0.0016893365434131496, 0.9999985730612366, -0.0007631195513310725, -0.9999982818892535, -0.0016893392469678318, 0.9999997088154661, -0.0007631255362391652, 2.8981639797953478e-06], "world_rotation": [0.0, 1.0, 0.0, 0.0]}, {"color": "CVBlue", "id_name": "object172309870012408", "shape": "CVCylinder", "id_string": "ob414", "world_size": [0.09, 0.09, 0.09], "id": 414, "camera_size": [37, 37], "camera_position": [256, 254], "world_position": [0.705, 0.6448569696296074, -0.15], "world_orientation": [1.0, -4.331917303826236e-17, -1.1712398707441946e-17, 4.331917303826236e-17, 1.0, -5.775889738434995e-17, 1.1712398707441946e-17, 5.775889738434995e-17, 1.0], "world_rotation": [-0.7896765794068324, 0.16013129347666225, -0.5922574345551229, -7.314247236221149e-17]}], "source": "action wait"}
{"timestamp": 1706200702.771583, "objects": [{"color": "cv_", "id_name": "hand", "shape": "CVCylinder", "id_string": "ob382", "world_size": [0.12, 0.005, 0.12], "id": 382, "camera_size": [51, 51], "camera_position": [246, 251], "world_position": [0.7112804703174855, 0.7282033627925562, -0.17409763122122124], "world_orientation": [1.9096228068734865e-05, 0.03261051237738197, 0.9994681356190495, -0.0007431461563327215, -0.9994678593522226, 0.03261051756222568, 0.9999997236845242, -0.0007433736412434867, 5.148310740112653e-06], "world_rotation": [0.0, 1.0, 0.0, 0.0]}, {"color": "CVBlue", "id_name": "object172309870012408", "shape": "CVCylinder", "id_string": "ob414", "world_size": [0.09, 0.09, 0.09], "id": 414, "camera_size": [38, 38], "camera_position": [252, 251], "world_position": [0.7106341765075622, 0.6736580468403636, -0.15866700126586544], "world_orientation": [0.999422593764998, -0.03397762592243902, -2.952737293690987e-06, 0.03397762599891977, 0.9994225932664437, 3.1623636170314316e-05, 1.8765362831929926e-06, -3.170570348905423e-05, 0.9999999994956135], "world_rotation": [0.0009319266754005968, 7.106546339046905e-05, -0.9999995632310903, -0.03398418195140582]}], "source": "action wait"}
{"timestamp": 1706200702.803236, "objects": [{"color": "cv_", "id_name": "hand", "shape": "CVCylinder", "id_string": "ob382", "world_size": [0.12, 0.005, 0.12], "id": 382, "camera_size": [52, 53], "camera_position": [245, 249], "world_position": [0.7153202399575282, 0.7846743361117532, -0.17410889866202472], "world_orientation": [8.156577853125515e-05, 0.11375193381271875, 0.9935091800788208, -0.0007253712690533748, -0.9935089152793706, 0.1137519630464931, 0.9999997335917374, -0.0007299412821956182, 1.4760564349058895e-06], "world_rotation": [0.0, 1.0, 0.0, 0.0]}, {"color": "CVBlue", "id_name": "object172309870012408", "shape": "CVCylinder", "id_string": "ob414", "world_size": [0.09, 0.09, 0.09], "id": 414, "camera_size": [39, 44], "camera_position": [250, 247], "world_position": [0.7191074693312619, 0.7335959321234035, -0.16423201353692318], "world_orientation": [0.9933763091911703, -0.11490651992680441, -4.0049685337156275e-06, 0.11490651997789152, 0.9933763077971182, 5.2668164318697556e-05, -2.07347461792855e-06, -5.277950367961206e-05, 0.9999999986050125], "world_rotation": [0.00045884105156998893, 8.404630621466047e-06, -0.9999998946971203, -0.11516090797672938]}], "source": "action wait"}
{"timestamp": 1706200702.833486, "objects": [{"color": "cv_", "id_name": "hand", "shape": "CVCylinder", "id_string": "ob382", "world_size": [0.12, 0.005, 0.12], "id": 382, "camera_size": [56, 55], "camera_position": [244, 250], "world_position": [0.7137754848781318, 0.8548303878905374, -0.17411225830346203], "world_orientation": [0.0001565078353012275, 0.21281422100538133, 0.9770926685034385, -0.0007211875281483411, -0.9770924023509902, 0.21281427855414325, 0.9999997276968863, -0.000737974148427827, 5.56345220852095e-07], "world_rotation": [0.0, 1.0, 0.0, 0.0]}, {"color": "CVBlue", "id_name": "object172309870012408", "shape": "CVCylinder", "id_string": "ob414", "world_size": [0.09, 0.09, 0.09], "id": 414, "camera_size": [41, 50], "camera_position": [248, 245], "world_position": [0.7225616062235105, 0.8064410894595432, -0.16779032290563448], "world_orientation": [0.9768728351699558, -0.2138211024425883, -7.5662732903132685e-06, 0.21382110255369177, 0.976872833937957, 4.916043406136463e-05, -3.1202513760997676e-06, -4.964132149686826e-05, 0.9999999987630016], "world_rotation": [0.00023103835814520886, 1.039659262665715e-05, -0.9999999732565936, -0.21548486843258918]}], "source": "action wait"}
{"timestamp": 1706200702.864949, "objects": [{"color": "cv_", "id_name": "hand", "shape": "CVCylinder", "id_string": "ob382", "world_size": [0.12, 0.005, 0.12], "id": 382, "camera_size": [59, 57], "camera_position": [244, 254], "world_position": [0.7047858541330063, 0.9244382490567871, -0.17411318926107314], "world_orientation": [0.00023164606044691083, 0.309744378638044, 0.950819839003286, -0.0007095575152167662, -0.9508195742466552, 0.309744465257319, 0.9999997214340789, -0.0007464124475042971, -4.7215691079276744e-07], "world_rotation": [0.0, 1.0, 0.0, 0.0]}, {"color": "CVBlue", "id_name": "object172309870012408", "shape": "CVCylinder", "id_string": "ob414", "world_size": [0.09, 0.09, 0.09], "id": 414, "camera_size": [44, 55], "camera_position": [246, 247], "world_position": [0.7183140630534579, 0.8784882134073752, -0.170066438936359], "world_orientation": [0.9505263101336721, -0.31064406263082955, -9.791828143146283e-06, 0.31064406275691653, 0.9505263091500514, 4.344488293074782e-05, -4.188504669391845e-06, -4.433727754255754e-05, 0.9999999990083311], "world_rotation": [0.00014129058001672174, 9.018880594409982e-06, -0.9999999899778159, -0.3158705461019671]}], "source": "action wait"}
{"timestamp": 1706200702.898234, "objects": [{"color": "cv_", "id_name": "hand", "shape": "CVCylinder", "id_string": "ob382", "world_size": [0.12, 0.005, 0.12], "id": 382, "camera_size": [63, 59], "camera_position": [243, 262], "world_position": [0.6886057760404507, 0.9927226606789232, -0.1741136400558903], "world_orientation": [0.0003054214974944748, 0.40354516105972776, 0.9149596765448123, -0.0006874438135657199, -0.914959418295766, 0.40354527663309003, 0.9999997170693161, -0.0007522347719991155, -2.033651217203915e-06], "world_rotation": [0.0, 1.0, 0.0, 0.0]}, {"color": "CVBlue", "id_name": "object172309870012408", "shape": "CVCylinder", "id_string": "ob414", "world_size": [0.09, 0.09, 0.09], "id": 414, "camera_size": [47, 62], "camera_position": [245, 252], "world_position": [0.7066311666460579, 0.9492020537360152, -0.17152294222360864], "world_orientation": [0.9145992189901997, -0.40436155665287404, -1.1125703478447015e-05, 0.4043615567650412, 0.9145992181602308, 3.9385873048610345e-05, -5.75057323319835e-06, -4.052109550815724e-05, 0.999999999162486], "world_rotation": [9.880633660541413e-05, 6.646440703512352e-06, -0.9999999950965662, -0.4162806669902599]}], "source": "action wait"}
{"timestamp": 1706200702.931546, "objects": [{"color": "cv_", "id_name": "hand", "shape": "CVCylinder", "id_string": "ob382", "world_size": [0.12, 0.005, 0.12], "id": 382, "camera_size": [66, 60], "camera_position": [242, 275], "world_position": [0.6654965406193085, 1.0589953048448586, -0.17411406374370733], "world_orientation": [0.0003766342484095716, 0.49327343833076526, 0.8698742283709684, -0.0006560805725806675, -0.8698739809640519, 0.4932735821023002, 0.9999997138524218, -0.0007564913066783317, -3.997213172067041e-06], "world_rotation": [0.0, 1.0, 0.0, 0.0]}, {"color": "CVBlue", "id_name": "object172309870012408", "shape": "CVCylinder", "id_string": "ob414", "world_size": [0.09, 0.09, 0.09], "id": 414, "camera_size": [50, 68], "camera_position": [243, 262], "world_position": [0.6877679541571112, 1.0180400897233437, -0.17245520885270355], "world_orientation": [0.8694507853340423, -0.49401956615244036, -1.1856292925101575e-05, 0.49401956623473364, 0.8694507846041032, 3.644934868670924e-05, -7.698228238521478e-06, -3.754815552858431e-05, 0.9999999992654368], "world_rotation": [7.489329276698661e-05, 4.208400799708998e-06, -0.9999999971866419, -0.5167068242312705]}], "source": "action wait"}
{"timestamp": 1706200702.965412, "objects": [{"color": "cv_", "id_name": "hand", "shape": "CVCylinder", "id_string": "ob382", "world_size": [0.12, 0.005, 0.12], "id": 382, "camera_size": [71, 60], "camera_position": [242, 289], "world_position": [0.6420931088061269, 1.1089755371268404, -0.17411358122026352], "world_orientation": [0.00043718565793674836, 0.5602094344839502, 0.8283508908571736, -0.0006354302645976481, -0.8283506471599503, 0.5602096050391054, 0.9999997025484955, -0.0007712748305186682, -6.1689934962062185e-06], "world_rotation": [0.0, 1.0, 0.0, 0.0]}, {"color": "CVBlue", "id_name": "object172309870012408", "shape": "CVCylinder", "id_string": "ob414", "world_size": [0.09, 0.09, 0.09], "id": 414, "camera_size": [52, 73], "camera_position": [242, 275], "world_position": [0.6674629007741463, 1.0703662612885307, -0.1730516154254501], "world_orientation": [0.8278824472632904, -0.5609016433274846, -5.086495460256595e-06, 0.5609016432643135, 0.8278824469429519, 2.5042836467722773e-05, -9.835547820325722e-06, -2.3585548403427106e-05, 0.999999999673492], "world_rotation": [-4.334840645080104e-05, 4.233409201352004e-06, 0.9999999990514971, 0.5954744951449145]}], "source": "action wait"}
{"timestamp": 1706200702.997874, "objects": [{"color": "cv_", "id_name": "hand", "shape": "CVCylinder", "id_string": "ob382", "world_size": [0.12, 0.005, 0.12], "id": 382, "camera_size": [73, 61], "camera_position": [241, 302], "world_position": [0.6228709243371475, 1.1427878020952076, -0.17411468140671366], "world_orientation": [0.000478986382570082, 0.605363872316906, 0.7959487123336062, -0.000613607362955104, -0.7959484758748072, 0.6053640617335788, 0.9999996970289788, -0.0007783611324902991, -9.792751850263441e-06], "world_rotation": [0.0, 1.0, 0.0, 0.0]}, {"color": "CVBlue", "id_name": "object172309870012408", "shape": "CVCylinder", "id_string": "ob414", "world_size": [0.09, 0.09, 0.09], "id": 414, "camera_size": [54, 75], "camera_position": [241, 286], "world_position": [0.6502773983171072, 1.1060345982005066, -0.17343459483415946], "world_orientation": [0.7954511248358147, -0.6060177456125371, 3.681719603156088e-07, 0.6060177454638, 0.795451124653756, 2.16805852968461e-05, -1.3431682225054014e-05, -1.702272722014161e-05, 0.9999999997649084], "world_rotation": [-3.193249106952832e-05, 1.1385684890451996e-05, 0.9999999994253411, 0.6510447022715815]}], "source": "action wait"}
{"timestamp": 1706200703.027618, "objects": [{"color": "cv_", "id_name": "hand", "shape": "CVCylinder", "id_string": "ob382", "world_size": [0.12, 0.005, 0.12], "id": 382, "camera_size": [75, 61], "camera_position": [241, 312], "world_position": [0.608057052822681, 1.1658378639435751, -0.174116342683883], "world_orientation": [0.0005069238526670738, 0.6360964144617454, 0.7716094183828491, -0.0005938335135664993, -0.7716091899911198, 0.6360966163115527, 0.9999996951949365, -0.000780660079428477, -1.3411734576248308e-05], "world_rotation": [0.0, 1.0, 0.0, 0.0]}, {"color": "CVBlue", "id_name": "object172309870012408", "shape": "CVCylinder", "id_string": "ob414", "world_size": [0.09, 0.09, 0.09], "id": 414, "camera_size": [56, 78], "camera_position": [241, 294], "world_position": [0.6368207311599745, 1.1304778691737043, -0.17368054649296172], "world_orientation": [0.7710923627867838, -0.6367233057139712, 3.545161752212428e-06, 0.6367233054960596, 0.7710923626479118, 2.2455131967285387e-05, -1.703135300793591e-05, -1.5057693655956225e-05, 0.9999999997415996], "world_rotation": [-2.9457713634672006e-05, 1.6158129102077302e-05, 0.9999999994355789, 0.6902413526684272]}], "source": "action wait"}
