{"timestamp": 1709221884.645662, "objects": [{"color": "cv_", "id_name": "hand", "shape": "CVCylinder", "id_string": "ob382", "world_size": [0.12, 0.005, 0.12], "id": 382, "camera_size": [48, 50], "camera_position": [246, 426], "world_position": [0.26764451554000995, 0.6334703013849518, -0.17389260400847475], "world_orientation": [-0.0006415492797657366, 0.1979154748668789, 0.9802188802623317, -0.0007473671472591257, -0.9802189031248736, 0.19791499033427767, 0.9999995149283168, -0.0006056111687276782, 0.0007767742551626472], "world_rotation": [0.0, 1.0, 0.0, 0.0]}, {"color": "CVBlue", "id_name": "object134867607357763", "shape": "CVCone", "id_string": "ob400", "world_size": [0.09, 0.09, 0.09], "id": 400, "camera_size": [37, 37], "camera_position": [256, 254], "world_position": [0.705, 0.6448569618279929, -0.15], "world_orientation": [1.0, -3.248937977869676e-17, -1.2465442788089477e-17, 3.248937977869676e-17, 1.0, -5.775889738434994e-17, 1.2465442788089477e-17, 5.775889738434994e-17, 1.0], "world_rotation": [-0.8565537801950899, 0.18486021419163617, -0.4818115013597369, -6.743172316768561e-17]}], "source": "manual check"}
{"timestamp": 1709221885.67202, "objects": [{"color": "cv_", "id_name": "hand", "shape": "CVCylinder", "id_string": "ob382", "world_size": [0.12, 0.005, 0.12], "id": 382, "camera_size": [48, 50], "camera_position": [246, 426], "world_position": [0.26764451554000995, 0.6334703013849518, -0.17389260400847475], "world_orientation": [-0.0006415492797657366, 0.1979154748668789, 0.9802188802623317, -0.0007473671472591257, -0.9802189031248736, 0.19791499033427767, 0.9999995149283168, -0.0006056111687276782, 0.0007767742551626472], "world_rotation": [0.0, 1.0, 0.0, 0.0]}, {"color": "CVBlue", "id_name": "object134867607357763", "shape": "CVCone", "id_string": "ob400", "world_size": [0.09, 0.09, 0.09], "id": 400, "camera_size": [37, 37], "camera_position": [256, 254], "world_position": [0.705, 0.6448569696296074, -0.15], "world_orientation": [1.0, -4.331917303826236e-17, -1.1712398707441946e-17, 4.331917303826236e-17, 1.0, -5.775889738434995e-17, 1.1712398707441946e-17, 5.775889738434995e-17, 1.0], "world_rotation": [-0.7896765794068324, 0.16013129347666225, -0.5922574345551229, -7.314247236221149e-17]}], "source": "manual check"}
{"timestamp": 1709221886.946332, "objects": [{"color": "cv_", "id_name": "hand", "shape": "CVCylinder", "id_string": "ob382", "world_size": [0.12, 0.005, 0.12], "id": 382, "camera_size": [48, 50], "camera_position": [246, 426], "world_position": [0.26764451554000995, 0.6334703013849518, -0.17389260400847475], "world_orientation": [-0.0006415492797657366, 0.1979154748668789, 0.9802188802623317, -0.0007473671472591257, -0.9802189031248736, 0.19791499033427767, 0.9999995149283168, -0.0006056111687276782, 0.0007767742551626472], "world_rotation": [0.0, 1.0, 0.0, 0.0]}, {"color": "CVBlue", "id_name": "object134867607357763", "shape": "CVCone", "id_string": "ob400", "world_size": [0.09, 0.09, 0.09], "id": 400, "camera_size": [37, 37], "camera_position": [256, 254], "world_position": [0.705, 0.6448569696296074, -0.15], "world_orientation": [1.0, -4.331917303826236e-17, -1.1712398707441946e-17, 4.331917303826236e-17, 1.0, -5.775889738434995e-17, 1.1712398707441946e-17, 5.775889738434995e-17, 1.0], "world_rotation": [-0.7896765794068324, 0.16013129347666225, -0.5922574345551229, -7.314247236221149e-17]}], "source": "action wait"}
{"timestamp": 1709221886.964178, "objects": [{"color": "cv_", "id_name": "hand", "shape": "CVCylinder", "id_string": "ob382", "world_size": [0.12, 0.005, 0.12], "id": 382, "camera_size": [49, 51], "camera_position": [246, 421], "world_position": [0.2911288004594922, 0.667786499573564, -0.17395609447690685], "world_orientation": [-0.0003826751485126884, 0.19835789247892122, 0.9801295832955208, -0.0007151460036701917, -0.9801294587092952, 0.1983575880484977, 0.9999996710629081, -0.0006250292351079302, 0.0005169260402764116], "world_rotation": [0.0, 1.0, 0.0, 0.0]}, {"color": "CVBlue", "id_name": "object134867607357763", "shape": "CVCone", "id_string": "ob400", "world_size": [0.09, 0.09, 0.09], "id": 400, "camera_size": [37, 37], "camera_position": [256, 254], "world_position": [0.705, 0.6448569696296074, -0.15], "world_orientation": [1.0, -4.331917303826236e-17, -1.1712398707441946e-17, 4.331917303826236e-17, 1.0, -5.775889738434995e-17, 1.1712398707441946e-17, 5.775889738434995e-17, 1.0], "world_rotation": [-0.7896765794068324, 0.16013129347666225, -0.5922574345551229, -7.314247236221149e-17]}], "source": "action wait"}
{"timestamp": 1709221886.997777, "objects": [{"color": "cv_", "id_name": "hand", "shape": "CVCylinder", "id_string": "ob382", "world_size": [0.12, 0.005, 0.12], "id": 382, "camera_size": [51, 52], "camera_position": [246, 406], "world_position": [0.33718705189213233, 0.7058199188213774, -0.1739839148469287], "world_orientation": [-0.0002229716298504831, 0.18688578653422724, 0.9823816229323182, -0.0007314827468030639, -0.9823814150135339, 0.18688558095529464, 0.999999707608279, -0.0006769250253705177, 0.00035574691371332505], "world_rotation": [0.0, 1.0, 0.0, 0.0]}, {"color": "CVBlue", "id_name": "object134867607357763", "shape": "CVCone", "id_string": "ob400", "world_size": [0.09, 0.09, 0.09], "id": 400, "camera_size": [37, 37], "camera_position": [256, 254], "world_position": [0.705, 0.6448569696296074, -0.15], "world_orientation": [1.0, -4.331917303826236e-17, -1.1712398707441946e-17, 4.331917303826236e-17, 1.0, -5.775889738434995e-17, 1.1712398707441946e-17, 5.775889738434995e-17, 1.0], "world_rotation": [-0.7896765794068324, 0.16013129347666225, -0.5922574345551229, -7.314247236221149e-17]}], "source": "action wait"}
{"timestamp": 1709221887.016704, "objects": [{"color": "cv_", "id_name": "hand", "shape": "CVCylinder", "id_string": "ob382", "world_size": [0.12, 0.005, 0.12], "id": 382, "camera_size": [51, 53], "camera_position": [246, 388], "world_position": [0.3877658616103987, 0.7390390521129153, -0.1740044444690097], "world_orientation": [-0.00011936002393726703, 0.17871084010991306, 0.9839016319634774, -0.0007426915735966761, -0.9839013834589379, 0.17871070487470814, 0.9999997170811656, -0.0007094045372958931, 0.0002501655277420079], "world_rotation": [0.0, 1.0, 0.0, 0.0]}, {"color": "CVBlue", "id_name": "object134867607357763", "shape": "CVCone", "id_string": "ob400", "world_size": [0.09, 0.09, 0.09], "id": 400, "camera_size": [37, 37], "camera_position": [256, 254], "world_position": [0.705, 0.6448569696296074, -0.15], "world_orientation": [1.0, -4.331917303826236e-17, -1.1712398707441946e-17, 4.331917303826236e-17, 1.0, -5.775889738434995e-17, 1.1712398707441946e-17, 5.775889738434995e-17, 1.0], "world_rotation": [-0.7896765794068324, 0.16013129347666225, -0.5922574345551229, -7.314247236221149e-17]}], "source": "action wait"}
{"timestamp": 1709221887.051131, "objects": [{"color": "cv_", "id_name": "hand", "shape": "CVCylinder", "id_string": "ob382", "world_size": [0.12, 0.005, 0.12], "id": 382, "camera_size": [52, 54], "camera_position": [245, 367], "world_position": [0.44189410171642646, 0.7670188325400934, -0.1740229660714423], "world_orientation": [-4.643534627984029e-05, 0.17293536364992937, 0.984933174303224, -0.0007500531210714364, -0.9849329043365258, 0.1729352808871924, 0.9999997176319972, -0.0007307218917812298, 0.00017544640972495053], "world_rotation": [0.0, 1.0, 0.0, 0.0]}, {"color": "CVBlue", "id_name": "object134867607357763", "shape": "CVCone", "id_string": "ob400", "world_size": [0.09, 0.09, 0.09], "id": 400, "camera_size": [37, 37], "camera_position": [256, 254], "world_position": [0.705, 0.6448569696296074, -0.15], "world_orientation": [1.0, -4.331917303826236e-17, -1.1712398707441946e-17, 4.331917303826236e-17, 1.0, -5.775889738434995e-17, 1.1712398707441946e-17, 5.775889738434995e-17, 1.0], "world_rotation": [-0.7896765794068324, 0.16013129347666225, -0.5922574345551229, -7.314247236221149e-17]}], "source": "action wait"}
{"timestamp": 1709221887.070448, "objects": [{"color": "cv_", "id_name": "hand", "shape": "CVCylinder", "id_string": "ob382", "world_size": [0.12, 0.005, 0.12], "id": 382, "camera_size": [52, 54], "camera_position": [245, 343], "world_position": [0.49917733655659025, 0.7798944040559945, -0.17403809245222793], "world_orientation": [-4.441217375710472e-06, 0.1551936207400601, 0.9878840721774321, -0.0007645596082749869, -0.9878837839795983, 0.15519357202782583, 0.999999707714398, -0.000754607010856701, 0.00012304218050680627], "world_rotation": [0.0, 1.0, 0.0, 0.0]}, {"color": "CVBlue", "id_name": "object134867607357763", "shape": "CVCone", "id_string": "ob400", "world_size": [0.09, 0.09, 0.09], "id": 400, "camera_size": [37, 37], "camera_position": [256, 254], "world_position": [0.705, 0.6448569696296074, -0.15], "world_orientation": [1.0, -4.331917303826236e-17, -1.1712398707441946e-17, 4.331917303826236e-17, 1.0, -5.775889738434995e-17, 1.1712398707441946e-17, 5.775889738434995e-17, 1.0], "world_rotation": [-0.7896765794068324, 0.16013129347666225, -0.5922574345551229, -7.314247236221149e-17]}], "source": "action wait"}
{"timestamp": 1709221887.104183, "objects": [{"color": "cv_", "id_name": "hand", "shape": "CVCylinder", "id_string": "ob382", "world_size": [0.12, 0.005, 0.12], "id": 382, "camera_size": [52, 52], "camera_position": [245, 317], "world_position": [0.5577815517100901, 0.7699881846502399, -0.1740499649054131], "world_orientation": [6.642799228622973e-07, 0.11476836899922586, 0.9933922797549901, -0.0007769751829850811, -0.99339197984522, 0.11476833486968152, 0.9999996981545163, -0.00077191738663956, 8.851228415673316e-05], "world_rotation": [0.0, 1.0, 0.0, 0.0]}, {"color": "CVBlue", "id_name": "object134867607357763", "shape": "CVCone", "id_string": "ob400", "world_size": [0.09, 0.09, 0.09], "id": 400, "camera_size": [37, 37], "camera_position": [256, 254], "world_position": [0.705, 0.6448569696296074, -0.15], "world_orientation": [1.0, -4.331917303826236e-17, -1.1712398707441946e-17, 4.331917303826236e-17, 1.0, -5.775889738434995e-17, 1.1712398707441946e-17, 5.775889738434995e-17, 1.0], "world_rotation": [-0.7896765794068324, 0.16013129347666225, -0.5922574345551229, -7.314247236221149e-17]}], "source": "action wait"}
{"timestamp": 1709221887.121999, "objects": [{"color": "cv_", "id_name": "hand", "shape": "CVCylinder", "id_string": "ob382", "world_size": [0.12, 0.005, 0.12], "id": 382, "camera_size": [52, 52], "camera_position": [245, 297], "world_position": [0.6029467290464213, 0.7554240488798747, -0.17405563174542069], "world_orientation": [-1.4532081264694188e-05, 0.0804915087109986, 0.9967552943497446, -0.0007750479993970453, -0.996754995986374, 0.08049147331737871, 0.9999996995446636, -0.0007713634881431567, 7.686970739796568e-05], "world_rotation": [0.0, 1.0, 0.0, 0.0]}, {"color": "CVBlue", "id_name": "object134867607357763", "shape": "CVCone", "id_string": "ob400", "world_size": [0.09, 0.09, 0.09], "id": 400, "camera_size": [37, 37], "camera_position": [256, 254], "world_position": [0.705, 0.6448569696296074, -0.15], "world_orientation": [1.0, -4.331917303826236e-17, -1.1712398707441946e-17, 4.331917303826236e-17, 1.0, -5.775889738434995e-17, 1.1712398707441946e-17, 5.775889738434995e-17, 1.0], "world_rotation": [-0.7896765794068324, 0.16013129347666225, -0.5922574345551229, -7.314247236221149e-17]}], "source": "action wait"}
{"timestamp": 1709221887.155291, "objects": [{"color": "cv_", "id_name": "hand", "shape": "CVCylinder", "id_string": "ob382", "world_size": [0.12, 0.005, 0.12], "id": 382, "camera_size": [51, 51], "camera_position": [246, 284], "world_position": [0.6345991870616725, 0.7427031111462372, -0.1740633438012046], "world_orientation": [-2.138585393037754e-05, 0.056266315566414954, 0.9984157957861173, -0.000771129127890109, -0.99841550009324, 0.05626628238504559, 0.9999997024512124, -0.0007687041993803056, 6.474056289952228e-05], "world_rotation": [0.0, 1.0, 0.0, 0.0]}, {"color": "CVBlue", "id_name": "object134867607357763", "shape": "CVCone", "id_string": "ob400", "world_size": [0.09, 0.09, 0.09], "id": 400, "camera_size": [37, 37], "camera_position": [256, 254], "world_position": [0.705, 0.6448569696296074, -0.15], "world_orientation": [1.0, -4.331917303826236e-17, -1.1712398707441946e-17, 4.331917303826236e-17, 1.0, -5.775889738434995e-17, 1.1712398707441946e-17, 5.775889738434995e-17, 1.0], "world_rotation": [-0.7896765794068324, 0.16013129347666225, -0.5922574345551229, -7.314247236221149e-17]}], "source": "action wait"}
{"timestamp": 1709221887.176372, "objects": [{"color": "cv_", "id_name": "hand", "shape": "CVCylinder", "id_string": "ob382", "world_size": [0.12, 0.005, 0.12], "id": 382, "camera_size": [51, 51], "camera_position": [246, 274], "world_position": [0.6567245990013982, 0.7325494635796886, -0.17407123377183834], "world_orientation": [-2.316749107522977e-05, 0.039170211206301646, 0.999232552520844, -0.00076763663461083, -0.9992322590786861, 0.039170181905408934, 0.9999997050985888, -0.0007661400389713331, 5.3218193552066225e-05], "world_rotation": [0.0, 1.0, 0.0, 0.0]}, {"color": "CVBlue", "id_name": "object134867607357763", "shape": "CVCone", "id_string": "ob400", "world_size": [0.09, 0.09, 0.09], "id": 400, "camera_size": [37, 37], "camera_position": [256, 254], "world_position": [0.705, 0.6448569696296074, -0.15], "world_orientation": [1.0, -4.331917303826236e-17, -1.1712398707441946e-17, 4.331917303826236e-17, 1.0, -5.775889738434995e-17, 1.1712398707441946e-17, 5.775889738434995e-17, 1.0], "world_rotation": [-0.7896765794068324, 0.16013129347666225, -0.5922574345551229, -7.314247236221149e-17]}], "source": "action wait"}
{"timestamp": 1709221887.219793, "objects": [{"color": "cv_", "id_name": "hand", "shape": "CVCylinder", "id_string": "ob382", "world_size": [0.12, 0.005, 0.12], "id": 382, "camera_size": [51, 50], "camera_position": [246, 267], "world_position": [0.6721935039778402, 0.7248261124711182, -0.17407834514099566], "world_orientation": [-2.2278532202756138e-05, 0.027113379610476496, 0.999632364496951, -0.000765150119240353, -0.9996320725874338, 0.027113354640221788, 0.9999997070244382, -0.0007642647771472375, 4.301614096238602e-05], "world_rotation": [0.0, 1.0, 0.0, 0.0]}, {"color": "CVBlue", "id_name": "object134867607357763", "shape": "CVCone", "id_string": "ob400", "world_size": [0.09, 0.09, 0.09], "id": 400, "camera_size": [37, 37], "camera_position": [256, 254], "world_position": [0.705, 0.6448569696296074, -0.15], "world_orientation": [1.0, -4.331917303826236e-17, -1.1712398707441946e-17, 4.331917303826236e-17, 1.0, -5.775889738434995e-17, 1.1712398707441946e-17, 5.775889738434995e-17, 1.0], "world_rotation": [-0.7896765794068324, 0.16013129347666225, -0.5922574345551229, -7.314247236221149e-17]}], "source": "action wait"}
{"timestamp": 1709221887.26582, "objects": [{"color": "cv_", "id_name": "hand", "shape": "CVCylinder", "id_string": "ob382", "world_size": [0.12, 0.005, 0.12], "id": 382, "camera_size": [51, 51], "camera_position": [246, 263], "world_position": [0.6830204882544295, 0.7191161680623005, -0.17408435190084576], "world_orientation": [-2.0182853230808856e-05, 0.018613221796985283, 0.9998267587772337, -0.0007636024065601649, -0.9998264677738803, 0.018613200965191444, 0.9999997082519659, -0.0007630944516426704, 3.4392451813745277e-05], "world_rotation": [0.0, 1.0, 0.0, 0.0]}, {"color": "CVBlue", "id_name": "object134867607357763", "shape": "CVCone", "id_string": "ob400", "world_size": [0.09, 0.09, 0.09], "id": 400, "camera_size": [37, 37], "camera_position": [256, 254], "world_position": [0.705, 0.6448569696296074, -0.15], "world_orientation": [1.0, -4.331917303826236e-17, -1.1712398707441946e-17, 4.331917303826236e-17, 1.0, -5.775889738434995e-17, 1.1712398707441946e-17, 5.775889738434995e-17, 1.0], "world_rotation": [-0.7896765794068324, 0.16013129347666225, -0.5922574345551229, -7.314247236221149e-17]}], "source": "action wait"}
{"timestamp": 1709221887.309621, "objects": [{"color": "cv_", "id_name": "hand", "shape": "CVCylinder", "id_string": "ob382", "world_size": [0.12, 0.005, 0.12], "id": 382, "camera_size": [50, 50], "camera_position": [245, 259], "world_position": [0.6906083553514221, 0.7149690735702248, -0.1740892333638514], "world_orientation": [-1.7707816887576366e-05, 0.012621444333024449, 0.9999203462423303, -0.0007627513823290451, -0.9999200556978676, 0.012621427157904153, 0.9999997089483388, -0.0007624671283946623, 2.7333425360885485e-05], "world_rotation": [0.0, 1.0, 0.0, 0.0]}, {"color": "CVBlue", "id_name": "object134867607357763", "shape": "CVCone", "id_string": "ob400", "world_size": [0.09, 0.09, 0.09], "id": 400, "camera_size": [37, 37], "camera_position": [256, 254], "world_position": [0.705, 0.6448569696296074, -0.15], "world_orientation": [1.0, -4.331917303826236e-17, -1.1712398707441946e-17, 4.331917303826236e-17, 1.0, -5.775889738434995e-17, 1.1712398707441946e-17, 5.775889738434995e-17, 1.0], "world_rotation": [-0.7896765794068324, 0.16013129347666225, -0.5922574345551229, -7.314247236221149e-17]}], "source": "action wait"}
{"timestamp": 1709221887.34284, "objects": [{"color": "cv_", "id_name": "hand", "shape": "CVCylinder", "id_string": "ob382", "world_size": [0.12, 0.005, 0.12], "id": 382, "camera_size": [50, 50], "camera_position": [245, 257], "world_position": [0.6959325628118432, 0.7119913570078644, -0.17409310202771527], "world_orientation": [-1.526250403974263e-05, 0.008398079516571367, 0.9999647353919485, -0.0007623579114078485, -0.999964445021545, 0.00839806544203094, 0.9999997092886932, -0.0007622028516475161, 2.1664303742198204e-05], "world_rotation": [0.0, 1.0, 0.0, 0.0]}, {"color": "CVBlue", "id_name": "object134867607357763", "shape": "CVCone", "id_string": "ob400", "world_size": [0.09, 0.09, 0.09], "id": 400, "camera_size": [37, 37], "camera_position": [256, 254], "world_position": [0.705, 0.6448569696296074, -0.15], "world_orientation": [1.0, -4.331917303826236e-17, -1.1712398707441946e-17, 4.331917303826236e-17, 1.0, -5.775889738434995e-17, 1.1712398707441946e-17, 5.775889738434995e-17, 1.0], "world_rotation": [-0.7896765794068324, 0.16013129347666225, -0.5922574345551229, -7.314247236221149e-17]}], "source": "action wait"}
{"timestamp": 1709221887.380876, "objects": [{"color": "cv_", "id_name": "hand", "shape": "CVCylinder", "id_string": "ob382", "world_size": [0.12, 0.005, 0.12], "id": 382, "camera_size": [49, 50], "camera_position": [246, 256], "world_position": [0.6996722180441152, 0.7098692847273702, -0.17409611553147955], "world_orientation": [-1.3069376253411687e-05, 0.005421237707779698, 0.9999853048974807, -0.0007622385489577504, -0.9999850145373139, 0.00542122617151664, 0.9999997094107508, -0.0007621564957398941, 1.7201456767061013e-05], "world_rotation": [0.0, 1.0, 0.0, 0.0]}, {"color": "CVBlue", "id_name": "object134867607357763", "shape": "CVCone", "id_string": "ob400", "world_size": [0.09, 0.09, 0.09], "id": 400, "camera_size": [37, 37], "camera_position": [256, 254], "world_position": [0.705, 0.6448569696296074, -0.15], "world_orientation": [1.0, -4.331917303826236e-17, -1.1712398707441946e-17, 4.331917303826236e-17, 1.0, -5.775889738434995e-17, 1.1712398707441946e-17, 5.775889738434995e-17, 1.0], "world_rotation": [-0.7896765794068324, 0.16013129347666225, -0.5922574345551229, -7.314247236221149e-17]}], "source": "action wait"}
{"timestamp": 1709221887.452589, "objects": [{"color": "cv_", "id_name": "hand", "shape": "CVCylinder", "id_string": "ob382", "world_size": [0.12, 0.005, 0.12], "id": 382, "camera_size": [49, 49], "camera_position": [246, 255], "world_position": [0.7023010582482144, 0.7083644778823386, -0.17409843397583755], "world_orientation": [-1.1194729840105769e-05, 0.003322988015647419, 0.9999944787974211, -0.0007622678127643355, -0.9999941883638909, 0.0033229785171059825, 0.9999997094111877, -0.0007622264042829223, 1.3727671587304609e-05], "world_rotation": [0.0, 1.0, 0.0, 0.0]}, {"color": "CVBlue", "id_name": "object134867607357763", "shape": "CVCone", "id_string": "ob400", "world_size": [0.09, 0.09, 0.09], "id": 400, "camera_size": [37, 37], "camera_position": [256, 254], "world_position": [0.705, 0.6448569696296074, -0.15], "world_orientation": [1.0, -4.331917303826236e-17, -1.1712398707441946e-17, 4.331917303826236e-17, 1.0, -5.775889738434995e-17, 1.1712398707441946e-17, 5.775889738434995e-17, 1.0], "world_rotation": [-0.7896765794068324, 0.16013129347666225, -0.5922574345551229, -7.314247236221149e-17]}], "source": "action wait"}
{"timestamp": 1709221887.470271, "objects": [{"color": "cv_", "id_name": "hand", "shape": "CVCylinder", "id_string": "ob382", "world_size": [0.12, 0.005, 0.12], "id": 382, "camera_size": [49, 50], "camera_position": [246, 253], "world_position": [0.7054516342267302, 0.7065507299140857, -0.174101539070309], "world_orientation": [-8.395569753450059e-06, 0.0008014580680337795, 0.9999996787971882, -0.0007624895516708044, -0.9999993881424545, 0.0008014514335502031, 0.9999997092695567, -0.000762482578115953, 9.00666801990034e-06], "world_rotation": [0.0, 1.0, 0.0, 0.0]}, {"color": "CVBlue", "id_name": "object134867607357763", "shape": "CVCone", "id_string": "ob400", "world_size": [0.09, 0.09, 0.09], "id": 400, "camera_size": [37, 37], "camera_position": [256, 254], "world_position": [0.705, 0.6448569696296074, -0.15], "world_orientation": [1.0, -4.331917303826236e-17, -1.1712398707441946e-17, 4.331917303826236e-17, 1.0, -5.775889738434995e-17, 1.1712398707441946e-17, 5.775889738434995e-17, 1.0], "world_rotation": [-0.7896765794068324, 0.16013129347666225, -0.5922574345551229, -7.314247236221149e-17]}], "source": "action wait"}
{"timestamp": 1709221887.504322, "objects": [{"color": "cv_", "id_name": "hand", "shape": "CVCylinder", "id_string": "ob382", "world_size": [0.12, 0.005, 0.12], "id": 382, "camera_size": [49, 50], "camera_position": [246, 253], "world_position": [0.706367890527505, 0.7060223809618513, -0.17410254605252398], "world_orientation": [-7.40427704796867e-06, 6.65674158847606e-05, 0.999999997756978, -0.0007626111021635637, -0.9999997069968772, 6.656174994609566e-05, 0.9999997091846995, -0.0007626106076117171, 7.455039929253001e-06], "world_rotation": [0.0, 1.0, 0.0, 0.0]}, {"color": "CVBlue", "id_name": "object134867607357763", "shape": "CVCone", "id_string": "ob400", "world_size": [0.09, 0.09, 0.09], "id": 400, "camera_size": [37, 37], "camera_position": [256, 254], "world_position": [0.705, 0.6448569696296074, -0.15], "world_orientation": [1.0, -4.331917303826236e-17, -1.1712398707441946e-17, 4.331917303826236e-17, 1.0, -5.775889738434995e-17, 1.1712398707441946e-17, 5.775889738434995e-17, 1.0], "world_rotation": [-0.7896765794068324, 0.16013129347666225, -0.5922574345551229, -7.314247236221149e-17]}], "source": "action wait"}
{"timestamp": 1709221887.521466, "objects": [{"color": "cv_", "id_name": "hand", "shape": "CVCylinder", "id_string": "ob382", "world_size": [0.12, 0.005, 0.12], "id": 382, "camera_size": [49, 49], "camera_position": [246, 253], "world_position": [0.7070131848394543, 0.7056505642604047, -0.1741033006510687], "world_orientation": [-6.628846876544441e-06, -0.0004514780216428036, 0.999999898061822, -0.0007627197411971949, -0.9999996072107956, -0.0004514829462824937, 0.9999997091072852, -0.0007627226562585926, 6.284493073345662e-06], "world_rotation": [0.0, 1.0, 0.0, 0.0]}, {"color": "CVBlue", "id_name": "object134867607357763", "shape": "CVCone", "id_string": "ob400", "world_size": [0.09, 0.09, 0.09], "id": 400, "camera_size": [37, 37], "camera_position": [256, 254], "world_position": [0.705, 0.6448569696296074, -0.15], "world_orientation": [1.0, -4.331917303826236e-17, -1.1712398707441946e-17, 4.331917303826236e-17, 1.0, -5.775889738434995e-17, 1.1712398707441946e-17, 5.775889738434995e-17, 1.0], "world_rotation": [-0.7896765794068324, 0.16013129347666225, -0.5922574345551229, -7.314247236221149e-17]}], "source": "action wait"}
{"timestamp": 1709221887.57501, "objects": [{"color": "cv_", "id_name": "hand", "shape": "CVCylinder", "id_string": "ob382", "world_size": [0.12, 0.005, 0.12], "id": 382, "camera_size": [49, 49], "camera_position": [246, 253], "world_position": [0.707467760339501, 0.7053890314629387, -0.17410386402268285], "world_orientation": [-6.02895528587255e-06, -0.0008166724761618879, 0.9999996665048037, -0.0007628112181991348, -0.9999993755787994, -0.0008166768375264695, 0.9999997090413062, -0.0007628158875137348, 5.405984595218411e-06], "world_rotation": [0.0, 1.0, 0.0, 0.0]}, {"color": "CVBlue", "id_name": "object134867607357763", "shape": "CVCone", "id_string": "ob400", "world_size": [0.09, 0.09, 0.09], "id": 400, "camera_size": [37, 37], "camera_position": [256, 254], "world_position": [0.705, 0.6448569696296074, -0.15], "world_orientation": [1.0, -4.331917303826236e-17, -1.1712398707441946e-17, 4.331917303826236e-17, 1.0, -5.775889738434995e-17, 1.1712398707441946e-17, 5.775889738434995e-17, 1.0], "world_rotation": [-0.7896765794068324, 0.16013129347666225, -0.5922574345551229, -7.314247236221149e-17]}], "source": "action wait"}
{"timestamp": 1709221888.674092, "objects": [{"color": "cv_", "id_name": "hand", "shape": "CVCylinder", "id_string": "ob382", "world_size": [0.12, 0.005, 0.12], "id": 382, "camera_size": [49, 50], "camera_position": [246, 252], "world_position": [0.7085529712531533, 0.7047691067298445, -0.1741054660942209], "world_orientation": [-4.178519415871593e-06, -0.0016893974073440988, 0.9999985729584518, -0.0007631196019301457, -0.9999982817864045, -0.0016894001041523707, 0.9999997088154642, -0.0007631255721182693, 2.8892999596521383e-06], "world_rotation": [0.0, 1.0, 0.0, 0.0]}, {"color": "CVBlue", "id_name": "object134867607357763", "shape": "CVCone", "id_string": "ob400", "world_size": [0.09, 0.09, 0.09], "id": 400, "camera_size": [37, 37], "camera_position": [256, 254], "world_position": [0.705, 0.6448569696296074, -0.15], "world_orientation": [1.0, -4.331917303826236e-17, -1.1712398707441946e-17, 4.331917303826236e-17, 1.0, -5.775889738434995e-17, 1.1712398707441946e-17, 5.775889738434995e-17, 1.0], "world_rotation": [-0.7896765794068324, 0.16013129347666225, -0.5922574345551229, -7.314247236221149e-17]}], "source": "action wait"}
{"timestamp": 1709221888.696706, "objects": [{"color": "cv_", "id_name": "hand", "shape": "CVCylinder", "id_string": "ob382", "world_size": [0.12, 0.005, 0.12], "id": 382, "camera_size": [51, 51], "camera_position": [246, 251], "world_position": [0.7114486053801446, 0.7282491401640724, -0.17409762044700736], "world_orientation": [1.897807484601994e-05, 0.03260483961285074, 0.9994683206953852, -0.0007431487412270967, -0.9994680444272808, 0.03260484471141711, 0.9999997236848525, -0.0007433724016047633, 5.262266163230006e-06], "world_rotation": [0.0, 1.0, 0.0, 0.0]}, {"color": "CVBlue", "id_name": "object134867607357763", "shape": "CVCone", "id_string": "ob400", "world_size": [0.09, 0.09, 0.09], "id": 400, "camera_size": [38, 38], "camera_position": [252, 251], "world_position": [0.710692944036454, 0.6736719565532426, -0.15866699822982014], "world_orientation": [0.9994227852782482, -0.033971992246718916, -3.07535130954939e-06, 0.033971992327084866, 0.9994227847800181, 3.162091705065371e-05, 1.999350621087702e-06, -3.1707140802907894e-05, 0.9999999994953299], "world_rotation": [0.0009320623535158105, 7.468946285702051e-05, -0.9999995628405312, -0.03397854503418158]}], "source": "action wait"}
{"timestamp": 1709221888.737391, "objects": [{"color": "cv_", "id_name": "hand", "shape": "CVCylinder", "id_string": "ob382", "world_size": [0.12, 0.005, 0.12], "id": 382, "camera_size": [52, 53], "camera_position": [245, 249], "world_position": [0.7154842242602358, 0.7847173709629413, -0.1741088863947081], "world_orientation": [8.14551510567531e-05, 0.11374316738633089, 0.9935101837615876, -0.0007253802956486003, -0.9935099189559751, 0.11374319654167662, 0.9999997335942071, -0.0007299376800831878, 1.5805518621796555e-06], "world_rotation": [0.0, 1.0, 0.0, 0.0]}, {"color": "CVBlue", "id_name": "object134867607357763", "shape": "CVCone", "id_string": "ob400", "world_size": [0.09, 0.09, 0.09], "id": 400, "camera_size": [39, 44], "camera_position": [250, 247], "world_position": [0.7192012279078464, 0.7336185495616903, -0.16423200622269948], "world_orientation": [0.9933773201985961, -0.11489777934364911, -4.117526512051134e-06, 0.11489777940070811, 0.9933773188048066, 5.2658901822246535e-05, -1.960133435402269e-06, -5.2783253429642444e-05, 0.9999999986050431], "world_rotation": [0.00045885196704074563, 9.388313948397631e-06, -0.9999998946833605, -0.1151521091207548]}], "source": "action wait"}
{"timestamp": 1709221888.771355, "objects": [{"color": "cv_", "id_name": "hand", "shape": "CVCylinder", "id_string": "ob382", "world_size": [0.12, 0.005, 0.12], "id": 382, "camera_size": [56, 55], "camera_position": [244, 250], "world_position": [0.7139347144681141, 0.8548723041465348, -0.1741122455154147], "world_orientation": [0.00015645084103040773, 0.2128055977921521, 0.9770945466388905, -0.000721195193864668, -0.977094280481326, 0.21280565530119813, 0.9999997277002763, -0.0007379695147355322, 6.07152408312665e-07], "world_rotation": [0.0, 1.0, 0.0, 0.0]}, {"color": "CVBlue", "id_name": "object134867607357763", "shape": "CVCone", "id_string": "ob400", "world_size": [0.09, 0.09, 0.09], "id": 400, "camera_size": [41, 50], "camera_position": [248, 245], "world_position": [0.7226757546679551, 0.8064698826787231, -0.16779031305894174], "world_orientation": [0.9768747187807498, -0.2138124967088893, -7.625106861394081e-06, 0.21381249682294934, 0.9768747175489719, 4.9152341035104134e-05, -3.0606106442973247e-06, -4.964602246265933e-05, 0.9999999987629525], "world_rotation": [0.00023103972487492752, 1.0674062938446899e-05, -0.9999999732533545, -0.21547605897125247]}], "source": "action wait"}
{"timestamp": 1709221888.790426, "objects": [{"color": "cv_", "id_name": "hand", "shape": "CVCylinder", "id_string": "ob382", "world_size": [0.12, 0.005, 0.12], "id": 382, "camera_size": [59, 57], "camera_position": [244, 254], "world_position": [0.704940434333092, 0.9244785610662858, -0.17411317631586326], "world_orientation": [0.00023164300369454, 0.3097359949799391, 0.9508225700704133, -0.0007095537495788332, -0.9508223053173555, 0.3097360815992652, 0.999999721437459, -0.0007464079160721101, -4.769981654646004e-07], "world_rotation": [0.0, 1.0, 0.0, 0.0]}, {"color": "CVBlue", "id_name": "object134867607357763", "shape": "CVCone", "id_string": "ob400", "world_size": [0.09, 0.09, 0.09], "id": 400, "camera_size": [44, 55], "camera_position": [246, 247], "world_position": [0.71843966046589, 0.878520057231243, -0.17006642760323412], "world_orientation": [0.9505290459614119, -0.3106356912650476, -9.796642402066972e-06, 0.31063569139134345, 0.9505290449776324, 4.3448042021495104e-05, -4.1845194210358595e-06, -4.43418127174629e-05, 0.9999999990081467], "world_rotation": [0.00014130677238589939, 9.033287354675617e-06, -0.9999999899753979, -0.31586173903068204]}], "source": "action wait"}
{"timestamp": 1709221888.825308, "objects": [{"color": "cv_", "id_name": "hand", "shape": "CVCylinder", "id_string": "ob382", "world_size": [0.12, 0.005, 0.12], "id": 382, "camera_size": [63, 59], "camera_position": [243, 262], "world_position": [0.6887558828732969, 0.9927608833116232, -0.17411362725454374], "world_orientation": [0.00030544142085361687, 0.40353709908473057, 0.9149632322491538, -0.0006874290378118364, -0.9149629740122815, 0.40353721467532494, 0.9999997170733882, -0.0007522292745961737, -2.0644710650841953e-06], "world_rotation": [0.0, 1.0, 0.0, 0.0]}, {"color": "CVBlue", "id_name": "object134867607357763", "shape": "CVCone", "id_string": "ob400", "world_size": [0.09, 0.09, 0.09], "id": 400, "camera_size": [47, 62], "camera_position": [245, 252], "world_position": [0.7067626007550142, 0.9492347742318081, -0.1715229301962333], "world_orientation": [0.914602779245, -0.404353503847743, -1.1107450159973475e-05, 0.40435350395909714, 0.9146027784145698, 3.9399873619103e-05, -5.772572171629459e-06, -4.052657030616966e-05, 0.9999999991621374], "world_rotation": [9.883238646581584e-05, 6.596799472086501e-06, -0.9999999950943208, -0.4162718622713888]}], "source": "action wait"}
{"timestamp": 1709221888.862369, "objects": [{"color": "cv_", "id_name": "hand", "shape": "CVCylinder", "id_string": "ob382", "world_size": [0.12, 0.005, 0.12], "id": 382, "camera_size": [66, 59], "camera_position": [242, 275], "world_position": [0.6656424021930628, 1.0590309835487823, -0.17411405131417665], "world_orientation": [0.0003766637934718763, 0.49326577772400343, 0.8698785723597983, -0.0006560559768331763, -0.8698783249728732, 0.4932659215199688, 0.9999997138574303, -0.000756484449705996, -4.041708099668401e-06], "world_rotation": [0.0, 1.0, 0.0, 0.0]}, {"color": "CVBlue", "id_name": "object134867607357763", "shape": "CVCone", "id_string": "ob400", "world_size": [0.09, 0.09, 0.09], "id": 400, "camera_size": [50, 68], "camera_position": [243, 262], "world_position": [0.6879017500293073, 1.0180721523975729, -0.17245519665462378], "world_orientation": [0.8694551338270741, -0.4940119129351393, -1.1828321474603578e-05, 0.494011913016206, 0.8694551330964629, 3.6473009739160434e-05, -7.733906489735411e-06, -3.755497728327749e-05, 0.9999999992649053], "world_rotation": [7.4925305311067e-05, 4.144044774829163e-06, -0.9999999971845127, -0.5166980218954959]}], "source": "action wait"}
{"timestamp": 1709221888.884571, "objects": [{"color": "cv_", "id_name": "hand", "shape": "CVCylinder", "id_string": "ob382", "world_size": [0.12, 0.005, 0.12], "id": 382, "camera_size": [71, 60], "camera_position": [242, 289], "world_position": [0.6422350901429137, 1.1090105136510713, -0.17411356992579913], "world_orientation": [0.0004372417041076715, 0.5602042700249253, 0.8283543835011272, -0.0006353816975155009, -0.8283541398427738, 0.560204440624525, 0.9999997025548512, -0.0007712659586008143, -6.247435665110901e-06], "world_rotation": [0.0, 1.0, 0.0, 0.0]}, {"color": "CVBlue", "id_name": "object134867607357763", "shape": "CVCone", "id_string": "ob400", "world_size": [0.09, 0.09, 0.09], "id": 400, "camera_size": [52, 72], "camera_position": [242, 274], "world_position": [0.6675971539553938, 1.0703988782879617, -0.1730516039738869], "world_orientation": [0.827885942722044, -0.5608964840484341, -5.033634460029656e-06, 0.5608964839835603, 0.8278859424011323, 2.508921520328403e-05, -9.905177386412065e-06, -2.359435645101615e-05, 0.999999999672597], "world_rotation": [-4.339800033994119e-05, 4.342639917145597e-06, 0.9999999990488774, 0.5954682632607082]}], "source": "action wait"}
{"timestamp": 1709221888.920282, "objects": [{"color": "cv_", "id_name": "hand", "shape": "CVCylinder", "id_string": "ob382", "world_size": [0.12, 0.005, 0.12], "id": 382, "camera_size": [73, 61], "camera_position": [241, 302], "world_position": [0.6230101116699523, 1.1428220274503222, -0.17411467080827306], "world_orientation": [0.0004790347758442408, 0.6053603585255114, 0.795951384728708, -0.000613558235320305, -0.7959511483094597, 0.6053605479804123, 0.9999996970359418, -0.0007783512814217014, -9.864446603107954e-06], "world_rotation": [0.0, 1.0, 0.0, 0.0]}, {"color": "CVBlue", "id_name": "object134867607357763", "shape": "CVCone", "id_string": "ob400", "world_size": [0.09, 0.09, 0.09], "id": 400, "camera_size": [54, 76], "camera_position": [241, 285], "world_position": [0.6504116333635551, 1.1060672875069781, -0.17343458395084843], "world_orientation": [0.7954537990807409, -0.6060142354168311, 4.123543098192399e-07, 0.6060142352667246, 0.795453798898495, 2.172648250824101e-05, -1.349456648776671e-05, -1.7032520470117534e-05, 0.999999999763895], "world_rotation": [-3.1978624177144837e-05, 1.1474087553171489e-05, 0.9999999994228564, 0.6510402894435927]}], "source": "action wait"}
{"timestamp": 1709221888.954611, "objects": [{"color": "cv_", "id_name": "hand", "shape": "CVCylinder", "id_string": "ob382", "world_size": [0.12, 0.005, 0.12], "id": 382, "camera_size": [75, 61], "camera_position": [241, 312], "world_position": [0.6081942601309087, 1.1658714194526882, -0.17411633249800518], "world_orientation": [0.0005068842941746242, 0.6360939965579884, 0.7716114116647046, -0.0005938511924760869, -0.7716111832592766, 0.6360941983778665, 0.9999996952044903, -0.0007806485157186342, -1.3372411620278866e-05], "world_rotation": [0.0, 1.0, 0.0, 0.0]}, {"color": "CVBlue", "id_name": "object134867607357763", "shape": "CVCone", "id_string": "ob400", "world_size": [0.09, 0.09, 0.09], "id": 400, "camera_size": [56, 78], "camera_position": [241, 294], "world_position": [0.6369547628847568, 1.130510425646346, -0.17368053603473288], "world_orientation": [0.7710943573375696, -0.6367208902414822, 3.5007346145176995e-06, 0.6367208900246094, 0.7710943571982686, 2.2433416760052647e-05, -1.6983221797922158e-05, -1.5069290219982989e-05, 0.9999999997422435], "world_rotation": [-2.94498794841524e-05, 1.6085506788246554e-05, 0.9999999994369805, 0.6902382201387115]}], "source": "action wait"}
{"timestamp": 1709221888.975302, "objects": [{"color": "cv_", "id_name": "hand", "shape": "CVCylinder", "id_string": "ob382", "world_size": [0.12, 0.005, 0.12], "id": 382, "camera_size": [76, 62], "camera_position": [240, 319], "world_position": [0.5971645403107415, 1.18171025504774, -0.17411793270384615], "world_orientation": [0.0005252574520624472, 0.6571853125868707, 0.7537288564362559, -0.0005775694401335172, -0.7537286353223973, 0.6571855222907595, 0.999999695259029, -0.0007805223465951719, -1.6331429480668145e-05], "world_rotation": [0.0, 1.0, 0.0, 0.0]}, {"color": "CVBlue", "id_name": "object134867607357763", "shape": "CVCone", "id_string": "ob400", "world_size": [0.09, 0.09, 0.09], "id": 400, "camera_size": [57, 80], "camera_position": [241, 301], "world_position": [0.6268432680921519, 1.1473653986876842, -0.17383840332963874], "world_orientation": [0.7531984893323094, -0.6577933076915263, 4.875251971220721e-06, 0.6577933074076832, 0.7531984891904762, 2.471528809870387e-05, -1.9929583528141763e-05, -1.5408609540761448e-05, 0.9999999996826934], "world_rotation": [-3.04988642732933e-05, 1.8854581825877302e-05, 0.999999999357162, 0.7178852372815362]}], "source": "action wait"}
{"timestamp": 1709221889.057516, "objects": [{"color": "cv_", "id_name": "hand", "shape": "CVCylinder", "id_string": "ob382", "world_size": [0.12, 0.005, 0.12], "id": 382, "camera_size": [76, 62], "camera_position": [240, 325], "world_position": [0.5891202406139422, 1.1926692210523397, -0.17411924960556072], "world_orientation": [0.0005372535562638274, 0.671759537267, 0.7407690837564986, -0.0005648062192806968, -0.7407688686682918, 0.6717597518501935, 0.9999996961762294, -0.0007792963011929878, -1.8566744551528394e-05], "world_rotation": [0.0, 1.0, 0.0, 0.0]}, {"color": "CVBlue", "id_name": "object134867607357763", "shape": "CVCone", "id_string": "ob400", "world_size": [0.09, 0.09, 0.09], "id": 400, "camera_size": [57, 82], "camera_position": [241, 306], "world_position": [0.619426971711425, 1.1590525634186306, -0.1739396752517948], "world_orientation": [0.740229462223482, -0.6723543286319092, 5.125352746415569e-06, 0.6723543282863601, 0.7402294620512451, 2.7311572055616317e-05, -2.2156990799637992e-05, -1.6770777192159852e-05, 0.9999999996139044], "world_rotation": [-3.2782081819895496e-05, 2.028866504682357e-05, 0.9999999992568527, 0.737384751260565]}], "source": "action wait"}
