{"timestamp": 1706200674.890699, "objects": [{"color": "cv_", "id_name": "hand", "shape": "CVCylinder", "id_string": "ob382", "world_size": [0.12, 0.005, 0.12], "id": 382, "camera_size": [48, 50], "camera_position": [246, 426], "world_position": [0.26764451554000873, 0.6334703013849515, -0.17389260400847828], "world_orientation": [-0.0006415513920220024, 0.19791547486687885, 0.9802188802609493, -0.0007473675737422073, -0.9802189031248736, 0.197914990332667, 0.9999995149266431, -0.0006056111687272748, 0.0007767764100437688], "world_rotation": [0.0, 1.0, 0.0, 0.0]}, {"color": "CVBlue", "id_name": "object107123326808168", "shape": "CVCone", "id_string": "ob400", "world_size": [0.11, 0.11, 0.11], "id": 400, "camera_size": [45, 45], "camera_position": [256, 254], "world_position": [0.705, 0.654738849708696, -0.15], "world_orientation": [1.0, -5.1619362862653347e-17, 1.4541359828532488e-17, 5.1619362862653347e-17, 1.0, 2.3824321321224633e-17, -1.4541359828532488e-17, -2.3824321321224633e-17, 1.0], "world_rotation": [-0.4059884517598224, 0.2477982093873522, 0.8796416454796148, 5.868226354211375e-17]}], "source": "manual check"}
{"timestamp": 1706200675.911044, "objects": [{"color": "cv_", "id_name": "hand", "shape": "CVCylinder", "id_string": "ob382", "world_size": [0.12, 0.005, 0.12], "id": 382, "camera_size": [48, 50], "camera_position": [246, 426], "world_position": [0.26764451554000873, 0.6334703013849515, -0.17389260400847828], "world_orientation": [-0.0006415513920220024, 0.19791547486687885, 0.9802188802609493, -0.0007473675737422073, -0.9802189031248736, 0.197914990332667, 0.9999995149266431, -0.0006056111687272748, 0.0007767764100437688], "world_rotation": [0.0, 1.0, 0.0, 0.0]}, {"color": "CVBlue", "id_name": "object107123326808168", "shape": "CVCone", "id_string": "ob400", "world_size": [0.11, 0.11, 0.11], "id": 400, "camera_size": [45, 45], "camera_position": [256, 254], "world_position": [0.705, 0.6547388572526824, -0.15], "world_orientation": [1.0, -3.838362879530641e-17, 1.4813540171849057e-17, 3.838362879530641e-17, 1.0, 5.294293626938881e-18, -1.4813540171849057e-17, -5.294293626938881e-18, 1.0], "world_rotation": [-0.1276280613210114, 0.35710588544125776, 0.925303444577321, 4.1482206750932463e-17]}], "source": "manual check"}
{"timestamp": 1706200678.321622, "objects": [{"color": "cv_", "id_name": "hand", "shape": "CVCylinder", "id_string": "ob382", "world_size": [0.12, 0.005, 0.12], "id": 382, "camera_size": [48, 50], "camera_position": [246, 426], "world_position": [0.26764451554000873, 0.6334703013849515, -0.17389260400847828], "world_orientation": [-0.0006415513920220024, 0.19791547486687885, 0.9802188802609493, -0.0007473675737422073, -0.9802189031248736, 0.197914990332667, 0.9999995149266431, -0.0006056111687272748, 0.0007767764100437688], "world_rotation": [0.0, 1.0, 0.0, 0.0]}, {"color": "CVBlue", "id_name": "object107123326808168", "shape": "CVCone", "id_string": "ob400", "world_size": [0.11, 0.11, 0.11], "id": 400, "camera_size": [45, 45], "camera_position": [256, 254], "world_position": [0.705, 0.6547388572526824, -0.15], "world_orientation": [1.0, -3.838362879530641e-17, 1.4813540171849057e-17, 3.838362879530641e-17, 1.0, 5.294293626938881e-18, -1.4813540171849057e-17, -5.294293626938881e-18, 1.0], "world_rotation": [-0.1276280613210114, 0.35710588544125776, 0.925303444577321, 4.1482206750932463e-17]}], "source": "action wait"}
{"timestamp": 1706200678.354841, "objects": [{"color": "cv_", "id_name": "hand", "shape": "CVCylinder", "id_string": "ob382", "world_size": [0.12, 0.005, 0.12], "id": 382, "camera_size": [49, 51], "camera_position": [246, 421], "world_position": [0.2907963037037914, 0.6674649114941931, -0.1739562546351477], "world_orientation": [-0.00038505358016570644, 0.19530906896207476, 0.9807416679813844, -0.0007159466720330517, -0.9807415431750379, 0.1953087630164317, 0.9999996695769972, -0.0006269543948784837, 0.0005174689203584875], "world_rotation": [0.0, 1.0, 0.0, 0.0]}, {"color": "CVBlue", "id_name": "object107123326808168", "shape": "CVCone", "id_string": "ob400", "world_size": [0.11, 0.11, 0.11], "id": 400, "camera_size": [45, 45], "camera_position": [256, 254], "world_position": [0.705, 0.6547388572526824, -0.15], "world_orientation": [1.0, -3.838362879530641e-17, 1.4813540171849057e-17, 3.838362879530641e-17, 1.0, 5.294293626938881e-18, -1.4813540171849057e-17, -5.294293626938881e-18, 1.0], "world_rotation": [-0.1276280613210114, 0.35710588544125776, 0.925303444577321, 4.1482206750932463e-17]}], "source": "action wait"}
{"timestamp": 1706200678.383605, "objects": [{"color": "cv_", "id_name": "hand", "shape": "CVCylinder", "id_string": "ob382", "world_size": [0.12, 0.005, 0.12], "id": 382, "camera_size": [51, 52], "camera_position": [246, 406], "world_position": [0.3366225646420841, 0.7051726044658998, -0.17398411630794666], "world_orientation": [-0.00022718443833664198, 0.18151312316942347, 0.9833884962233963, -0.000732554323249655, -0.9833882879486018, 0.1815129154900053, 0.999999705875654, -0.0006791485845862787, 0.0003563787389691677], "world_rotation": [0.0, 1.0, 0.0, 0.0]}, {"color": "CVBlue", "id_name": "object107123326808168", "shape": "CVCone", "id_string": "ob400", "world_size": [0.11, 0.11, 0.11], "id": 400, "camera_size": [45, 45], "camera_position": [256, 254], "world_position": [0.705, 0.6547388572526824, -0.15], "world_orientation": [1.0, -3.838362879530641e-17, 1.4813540171849057e-17, 3.838362879530641e-17, 1.0, 5.294293626938881e-18, -1.4813540171849057e-17, -5.294293626938881e-18, 1.0], "world_rotation": [-0.1276280613210114, 0.35710588544125776, 0.925303444577321, 4.1482206750932463e-17]}], "source": "action wait"}
{"timestamp": 1706200678.42547, "objects": [{"color": "cv_", "id_name": "hand", "shape": "CVCylinder", "id_string": "ob382", "world_size": [0.12, 0.005, 0.12], "id": 382, "camera_size": [51, 52], "camera_position": [246, 388], "world_position": [0.38703194570737703, 0.7381661602340696, -0.17400462822808915], "world_orientation": [-0.00012490793798409662, 0.1716919608772168, 0.9851506762765497, -0.0007438843072028163, -0.9851504273413827, 0.17169182317521342, 0.9999997155170318, -0.0007113924567111205, 0.00025077206385322654], "world_rotation": [0.0, 1.0, 0.0, 0.0]}, {"color": "CVBlue", "id_name": "object107123326808168", "shape": "CVCone", "id_string": "ob400", "world_size": [0.11, 0.11, 0.11], "id": 400, "camera_size": [45, 45], "camera_position": [256, 254], "world_position": [0.705, 0.6547388572526824, -0.15], "world_orientation": [1.0, -3.838362879530641e-17, 1.4813540171849057e-17, 3.838362879530641e-17, 1.0, 5.294293626938881e-18, -1.4813540171849057e-17, -5.294293626938881e-18, 1.0], "world_rotation": [-0.1276280613210114, 0.35710588544125776, 0.925303444577321, 4.1482206750932463e-17]}], "source": "action wait"}
{"timestamp": 1706200678.453855, "objects": [{"color": "cv_", "id_name": "hand", "shape": "CVCylinder", "id_string": "ob382", "world_size": [0.12, 0.005, 0.12], "id": 382, "camera_size": [52, 53], "camera_position": [245, 368], "world_position": [0.44103755834162944, 0.7659892246353457, -0.17402311583226993], "world_orientation": [-5.292366582630539e-05, 0.16475204618983907, 0.9863350143208679, -0.000751304032879326, -0.9863347438807581, 0.1647519607043564, 0.9999997163706277, -0.0007323181963171047, 0.00017597932710598611], "world_rotation": [0.0, 1.0, 0.0, 0.0]}, {"color": "CVBlue", "id_name": "object107123326808168", "shape": "CVCone", "id_string": "ob400", "world_size": [0.11, 0.11, 0.11], "id": 400, "camera_size": [45, 45], "camera_position": [256, 254], "world_position": [0.705, 0.6547388572526824, -0.15], "world_orientation": [1.0, -3.838362879530641e-17, 1.4813540171849057e-17, 3.838362879530641e-17, 1.0, 5.294293626938881e-18, -1.4813540171849057e-17, -5.294293626938881e-18, 1.0], "world_rotation": [-0.1276280613210114, 0.35710588544125776, 0.925303444577321, 4.1482206750932463e-17]}], "source": "action wait"}
{"timestamp": 1706200678.482934, "objects": [{"color": "cv_", "id_name": "hand", "shape": "CVCylinder", "id_string": "ob382", "world_size": [0.12, 0.005, 0.12], "id": 382, "camera_size": [52, 53], "camera_position": [245, 344], "world_position": [0.49815490147090763, 0.7811412026320455, -0.17403837688011287], "world_orientation": [-9.121085603684419e-06, 0.14955928561675685, 0.9887527597951933, -0.000764349093309531, -0.9887524720496785, 0.1495592350412149, 0.999999707843592, -0.0007543881328714349, 0.00012333400029602352], "world_rotation": [0.0, 1.0, 0.0, 0.0]}, {"color": "CVBlue", "id_name": "object107123326808168", "shape": "CVCone", "id_string": "ob400", "world_size": [0.11, 0.11, 0.11], "id": 400, "camera_size": [45, 45], "camera_position": [256, 254], "world_position": [0.705, 0.6547388572526824, -0.15], "world_orientation": [1.0, -3.838362879530641e-17, 1.4813540171849057e-17, 3.838362879530641e-17, 1.0, 5.294293626938881e-18, -1.4813540171849057e-17, -5.294293626938881e-18, 1.0], "world_rotation": [-0.1276280613210114, 0.35710588544125776, 0.925303444577321, 4.1482206750932463e-17]}], "source": "action wait"}
{"timestamp": 1706200678.513818, "objects": [{"color": "cv_", "id_name": "hand", "shape": "CVCylinder", "id_string": "ob382", "world_size": [0.12, 0.005, 0.12], "id": 382, "camera_size": [52, 53], "camera_position": [245, 318], "world_position": [0.5567904866018641, 0.7728433643328453, -0.17405022007523885], "world_orientation": [-2.3397726801100165e-06, 0.11084768317606761, 0.993837406786957, -0.000777058477260916, -0.9938371069417785, 0.11084764790341335, 0.9999996980872787, -0.0007720104236649178, 8.84604848083999e-05], "world_rotation": [0.0, 1.0, 0.0, 0.0]}, {"color": "CVBlue", "id_name": "object107123326808168", "shape": "CVCone", "id_string": "ob400", "world_size": [0.11, 0.11, 0.11], "id": 400, "camera_size": [45, 45], "camera_position": [256, 254], "world_position": [0.705, 0.6547388572526824, -0.15], "world_orientation": [1.0, -3.838362879530641e-17, 1.4813540171849057e-17, 3.838362879530641e-17, 1.0, 5.294293626938881e-18, -1.4813540171849057e-17, -5.294293626938881e-18, 1.0], "world_rotation": [-0.1276280613210114, 0.35710588544125776, 0.925303444577321, 4.1482206750932463e-17]}], "source": "action wait"}
{"timestamp": 1706200678.544301, "objects": [{"color": "cv_", "id_name": "hand", "shape": "CVCylinder", "id_string": "ob382", "world_size": [0.12, 0.005, 0.12], "id": 382, "camera_size": [52, 52], "camera_position": [245, 298], "world_position": [0.602130529232521, 0.7593670534662005, -0.17405582544787826], "world_orientation": [-1.661561876181726e-05, 0.07771687038681534, 0.996975469999739, -0.0007752611426222402, -0.996975171532418, 0.0777168341999778, 0.999999699346996, -0.0007716250287502276, 7.681622910267843e-05], "world_rotation": [0.0, 1.0, 0.0, 0.0]}, {"color": "CVBlue", "id_name": "object107123326808168", "shape": "CVCone", "id_string": "ob400", "world_size": [0.11, 0.11, 0.11], "id": 400, "camera_size": [45, 45], "camera_position": [256, 254], "world_position": [0.705, 0.6547388572526824, -0.15], "world_orientation": [1.0, -3.838362879530641e-17, 1.4813540171849057e-17, 3.838362879530641e-17, 1.0, 5.294293626938881e-18, -1.4813540171849057e-17, -5.294293626938881e-18, 1.0], "world_rotation": [-0.1276280613210114, 0.35710588544125776, 0.925303444577321, 4.1482206750932463e-17]}], "source": "action wait"}
{"timestamp": 1706200678.576925, "objects": [{"color": "cv_", "id_name": "hand", "shape": "CVCylinder", "id_string": "ob382", "world_size": [0.12, 0.005, 0.12], "id": 382, "camera_size": [51, 51], "camera_position": [246, 284], "world_position": [0.633956189547227, 0.7474014493593073, -0.17406350454047478], "world_orientation": [-2.2858885346705887e-05, 0.05430585345071002, 0.9985243481049731, -0.0007713918155004431, -0.9985240522397645, 0.05430581970053717, 0.9999997022160249, -0.0007690121392002451, 6.47162377121046e-05], "world_rotation": [0.0, 1.0, 0.0, 0.0]}, {"color": "CVBlue", "id_name": "object107123326808168", "shape": "CVCone", "id_string": "ob400", "world_size": [0.11, 0.11, 0.11], "id": 400, "camera_size": [45, 45], "camera_position": [256, 254], "world_position": [0.705, 0.6547388572526824, -0.15], "world_orientation": [1.0, -3.838362879530641e-17, 1.4813540171849057e-17, 3.838362879530641e-17, 1.0, 5.294293626938881e-18, -1.4813540171849057e-17, -5.294293626938881e-18, 1.0], "world_rotation": [-0.1276280613210114, 0.35710588544125776, 0.925303444577321, 4.1482206750932463e-17]}], "source": "action wait"}
{"timestamp": 1706200678.610546, "objects": [{"color": "cv_", "id_name": "hand", "shape": "CVCylinder", "id_string": "ob382", "world_size": [0.12, 0.005, 0.12], "id": 382, "camera_size": [51, 51], "camera_position": [246, 275], "world_position": [0.6562274752148978, 0.737773585938001, -0.17407138332569044], "world_orientation": [-2.421227083319619e-05, 0.03778609718360517, 0.9992858501316814, -0.0007678982436068066, -0.999285556503785, 0.037786067474776495, 0.9999997048729833, -0.0007664349626781829, 5.3210850194195136e-05], "world_rotation": [0.0, 1.0, 0.0, 0.0]}, {"color": "CVBlue", "id_name": "object107123326808168", "shape": "CVCone", "id_string": "ob400", "world_size": [0.11, 0.11, 0.11], "id": 400, "camera_size": [45, 45], "camera_position": [256, 254], "world_position": [0.705, 0.6547388572526824, -0.15], "world_orientation": [1.0, -3.838362879530641e-17, 1.4813540171849057e-17, 3.838362879530641e-17, 1.0, 5.294293626938881e-18, -1.4813540171849057e-17, -5.294293626938881e-18, 1.0], "world_rotation": [-0.1276280613210114, 0.35710588544125776, 0.925303444577321, 4.1482206750932463e-17]}], "source": "action wait"}
{"timestamp": 1706200678.645729, "objects": [{"color": "cv_", "id_name": "hand", "shape": "CVCylinder", "id_string": "ob382", "world_size": [0.12, 0.005, 0.12], "id": 382, "camera_size": [51, 51], "camera_position": [246, 268], "world_position": [0.6718105228500029, 0.7304172610267059, -0.17407849531377004], "world_orientation": [-2.3033477054285382e-05, 0.026136541116479867, 0.9996583819925313, -0.0007653854274111705, -0.9996580899110781, 0.02613651584436018, 0.9999997068272602, -0.0007645219431288874, 4.303012936995779e-05], "world_rotation": [0.0, 1.0, 0.0, 0.0]}, {"color": "CVBlue", "id_name": "object107123326808168", "shape": "CVCone", "id_string": "ob400", "world_size": [0.11, 0.11, 0.11], "id": 400, "camera_size": [45, 45], "camera_position": [256, 254], "world_position": [0.705, 0.6547388572526824, -0.15], "world_orientation": [1.0, -3.838362879530641e-17, 1.4813540171849057e-17, 3.838362879530641e-17, 1.0, 5.294293626938881e-18, -1.4813540171849057e-17, -5.294293626938881e-18, 1.0], "world_rotation": [-0.1276280613210114, 0.35710588544125776, 0.925303444577321, 4.1482206750932463e-17]}], "source": "action wait"}
{"timestamp": 1706200678.681858, "objects": [{"color": "cv_", "id_name": "hand", "shape": "CVCylinder", "id_string": "ob382", "world_size": [0.12, 0.005, 0.12], "id": 382, "camera_size": [51, 50], "camera_position": [246, 263], "world_position": [0.6827233167833878, 0.7249641674304863, -0.17408450798217706], "world_orientation": [-2.0731664253350107e-05, 0.017923939105127174, 0.9998393530848614, -0.000763801294841778, -0.9998390619341594, 0.017923918048305416, 0.9999997080888475, -0.0007633069998692643, 3.4418655636935606e-05], "world_rotation": [0.0, 1.0, 0.0, 0.0]}, {"color": "CVBlue", "id_name": "object107123326808168", "shape": "CVCone", "id_string": "ob400", "world_size": [0.11, 0.11, 0.11], "id": 400, "camera_size": [45, 45], "camera_position": [256, 254], "world_position": [0.705, 0.6547388572526824, -0.15], "world_orientation": [1.0, -3.838362879530641e-17, 1.4813540171849057e-17, 3.838362879530641e-17, 1.0, 5.294293626938881e-18, -1.4813540171849057e-17, -5.294293626938881e-18, 1.0], "world_rotation": [-0.1276280613210114, 0.35710588544125776, 0.925303444577321, 4.1482206750932463e-17]}], "source": "action wait"}
{"timestamp": 1706200678.715981, "objects": [{"color": "cv_", "id_name": "hand", "shape": "CVCylinder", "id_string": "ob382", "world_size": [0.12, 0.005, 0.12], "id": 382, "camera_size": [51, 51], "camera_position": [246, 260], "world_position": [0.6903741741102254, 0.7209971902048322, -0.1740893970236408], "world_orientation": [-1.8088704886053234e-05, 0.012135106601637705, 0.9999263667193528, -0.0007629125207155931, -0.999926076054036, 0.012135089273008067, 0.9999997088185998, -0.0007626368369155789, 2.734539246458667e-05], "world_rotation": [0.0, 1.0, 0.0, 0.0]}, {"color": "CVBlue", "id_name": "object107123326808168", "shape": "CVCone", "id_string": "ob400", "world_size": [0.11, 0.11, 0.11], "id": 400, "camera_size": [45, 45], "camera_position": [256, 254], "world_position": [0.705, 0.6547388572526824, -0.15], "world_orientation": [1.0, -3.838362879530641e-17, 1.4813540171849057e-17, 3.838362879530641e-17, 1.0, 5.294293626938881e-18, -1.4813540171849057e-17, -5.294293626938881e-18, 1.0], "world_rotation": [-0.1276280613210114, 0.35710588544125776, 0.925303444577321, 4.1482206750932463e-17]}], "source": "action wait"}
{"timestamp": 1706200678.747824, "objects": [{"color": "cv_", "id_name": "hand", "shape": "CVCylinder", "id_string": "ob382", "world_size": [0.12, 0.005, 0.12], "id": 382, "camera_size": [51, 50], "camera_position": [246, 257], "world_position": [0.6957439348080655, 0.7181459818828113, -0.17409327315564405], "world_orientation": [-1.553996392145771e-05, 0.008054944118758029, 0.9999675582906443, -0.0007624851025297032, -0.999967267824451, 0.008054929929618123, 0.9999997091874466, -0.0007623351928894628, 2.168123015725982e-05], "world_rotation": [0.0, 1.0, 0.0, 0.0]}, {"color": "CVBlue", "id_name": "object107123326808168", "shape": "CVCone", "id_string": "ob400", "world_size": [0.11, 0.11, 0.11], "id": 400, "camera_size": [45, 45], "camera_position": [256, 254], "world_position": [0.705, 0.6547388572526824, -0.15], "world_orientation": [1.0, -3.838362879530641e-17, 1.4813540171849057e-17, 3.838362879530641e-17, 1.0, 5.294293626938881e-18, -1.4813540171849057e-17, -5.294293626938881e-18, 1.0], "world_rotation": [-0.1276280613210114, 0.35710588544125776, 0.925303444577321, 4.1482206750932463e-17]}], "source": "action wait"}
{"timestamp": 1706200678.808152, "objects": [{"color": "cv_", "id_name": "hand", "shape": "CVCylinder", "id_string": "ob382", "world_size": [0.12, 0.005, 0.12], "id": 382, "camera_size": [50, 50], "camera_position": [245, 256], "world_position": [0.6995162165183455, 0.7161128706996085, -0.17409629325249382], "world_orientation": [-1.3260038245378671e-05, 0.005179139839420548, 0.9999865880774078, -0.0007623368051617545, -0.9999862976428275, 0.00517912822644868, 0.9999997093333413, -0.0007622579053215514, 1.7208105470634815e-05], "world_rotation": [0.0, 1.0, 0.0, 0.0]}, {"color": "CVBlue", "id_name": "object107123326808168", "shape": "CVCone", "id_string": "ob400", "world_size": [0.11, 0.11, 0.11], "id": 400, "camera_size": [45, 45], "camera_position": [256, 254], "world_position": [0.705, 0.6547388572526824, -0.15], "world_orientation": [1.0, -3.838362879530641e-17, 1.4813540171849057e-17, 3.838362879530641e-17, 1.0, 5.294293626938881e-18, -1.4813540171849057e-17, -5.294293626938881e-18, 1.0], "world_rotation": [-0.1276280613210114, 0.35710588544125776, 0.925303444577321, 4.1482206750932463e-17]}], "source": "action wait"}
{"timestamp": 1706200678.840026, "objects": [{"color": "cv_", "id_name": "hand", "shape": "CVCylinder", "id_string": "ob382", "world_size": [0.12, 0.005, 0.12], "id": 382, "camera_size": [50, 50], "camera_position": [245, 254], "world_position": [0.7040339075744996, 0.7136511732596117, -0.17410038894657157], "world_orientation": [-9.732808544101864e-06, 0.0017234695852595078, 0.9999985147778278, -0.0007624230652050078, -0.9999982241939047, 0.0017234616639178546, 0.9999997093081288, -0.0007624051587153384, 1.104680422486768e-05], "world_rotation": [0.0, 1.0, 0.0, 0.0]}, {"color": "CVBlue", "id_name": "object107123326808168", "shape": "CVCone", "id_string": "ob400", "world_size": [0.11, 0.11, 0.11], "id": 400, "camera_size": [45, 45], "camera_position": [256, 254], "world_position": [0.705, 0.6547388572526824, -0.15], "world_orientation": [1.0, -3.838362879530641e-17, 1.4813540171849057e-17, 3.838362879530641e-17, 1.0, 5.294293626938881e-18, -1.4813540171849057e-17, -5.294293626938881e-18, 1.0], "world_rotation": [-0.1276280613210114, 0.35710588544125776, 0.925303444577321, 4.1482206750932463e-17]}], "source": "action wait"}
{"timestamp": 1706200678.87382, "objects": [{"color": "cv_", "id_name": "hand", "shape": "CVCylinder", "id_string": "ob382", "world_size": [0.12, 0.005, 0.12], "id": 382, "camera_size": [50, 50], "camera_position": [245, 253], "world_position": [0.7053469400399054, 0.7129320963885283, -0.17410173017792638], "world_orientation": [-8.454167084573212e-06, 0.0007164199811995936, 0.999999743335436, -0.0007625314175958507, -0.9999994526487418, 0.0007164133263764972, 0.9999997092371399, -0.0007625251652034784, 9.000455201397247e-06], "world_rotation": [0.0, 1.0, 0.0, 0.0]}, {"color": "CVBlue", "id_name": "object107123326808168", "shape": "CVCone", "id_string": "ob400", "world_size": [0.11, 0.11, 0.11], "id": 400, "camera_size": [45, 45], "camera_position": [256, 254], "world_position": [0.705, 0.6547388572526824, -0.15], "world_orientation": [1.0, -3.838362879530641e-17, 1.4813540171849057e-17, 3.838362879530641e-17, 1.0, 5.294293626938881e-18, -1.4813540171849057e-17, -5.294293626938881e-18, 1.0], "world_rotation": [-0.1276280613210114, 0.35710588544125776, 0.925303444577321, 4.1482206750932463e-17]}], "source": "action wait"}
{"timestamp": 1706200678.910387, "objects": [{"color": "cv_", "id_name": "hand", "shape": "CVCylinder", "id_string": "ob382", "world_size": [0.12, 0.005, 0.12], "id": 382, "camera_size": [50, 50], "camera_position": [245, 253], "world_position": [0.7062714015633498, 0.7124256475106389, -0.17410273984870872], "world_orientation": [-7.4441973355859825e-06, 6.56235846377326e-06, 0.9999999999507597, -0.0007626420407104893, -0.9999997091670215, 6.5566792980892946e-06, 0.9999997091608086, -0.0007626419918641121, 7.449199901383133e-06], "world_rotation": [0.0, 1.0, 0.0, 0.0]}, {"color": "CVBlue", "id_name": "object107123326808168", "shape": "CVCone", "id_string": "ob400", "world_size": [0.11, 0.11, 0.11], "id": 400, "camera_size": [45, 45], "camera_position": [256, 254], "world_position": [0.705, 0.6547388572526824, -0.15], "world_orientation": [1.0, -3.838362879530641e-17, 1.4813540171849057e-17, 3.838362879530641e-17, 1.0, 5.294293626938881e-18, -1.4813540171849057e-17, -5.294293626938881e-18, 1.0], "world_rotation": [-0.1276280613210114, 0.35710588544125776, 0.925303444577321, 4.1482206750932463e-17]}], "source": "action wait"}
{"timestamp": 1706200678.944739, "objects": [{"color": "cv_", "id_name": "hand", "shape": "CVCylinder", "id_string": "ob382", "world_size": [0.12, 0.005, 0.12], "id": 382, "camera_size": [49, 50], "camera_position": [246, 253], "world_position": [0.7069026022098313, 0.7120937873784947, -0.1740962887868762], "world_orientation": [-8.445092952178987e-06, -0.00048564840062554146, 0.9999998820371488, -0.000763493459478663, -0.9999995906085377, -0.00048565470686732576, 0.9999997085031664, -0.000763497470814291, 8.074300117683585e-06], "world_rotation": [0.0, 1.0, 0.0, 0.0]}, {"color": "CVBlue", "id_name": "object107123326808168", "shape": "CVCone", "id_string": "ob400", "world_size": [0.11, 0.11, 0.11], "id": 400, "camera_size": [45, 45], "camera_position": [256, 254], "world_position": [0.7050976649772098, 0.6546625983431944, -0.14999646363369462], "world_orientation": [0.9999984304159649, 0.0017717665030365759, 3.010881365671744e-06, -0.0017717662913419206, 0.9999984280462125, -6.891526071600656e-05, -3.132978383188721e-06, 6.890981796960272e-05, 0.9999999976208107], "world_rotation": [0.038865377219521546, 0.0017325107230156723, -0.9992429538706684, 0.0017731096513693677]}], "source": "action wait"}
{"timestamp": 1706200678.979287, "objects": [{"color": "cv_", "id_name": "hand", "shape": "CVCylinder", "id_string": "ob382", "world_size": [0.12, 0.005, 0.12], "id": 382, "camera_size": [49, 50], "camera_position": [246, 252], "world_position": [0.7073244533740265, 0.7118855699332477, -0.17410067146836114], "world_orientation": [-5.287026048436485e-06, -0.0008239833529740907, 0.9999996605116832, -0.0007652228649406218, -0.9999993677393659, -0.000823987157488725, 0.9999997072029644, -0.0007652269615983228, 4.6564918039788485e-06], "world_rotation": [0.0, 1.0, 0.0, 0.0]}, {"color": "CVBlue", "id_name": "object107123326808168", "shape": "CVCone", "id_string": "ob400", "world_size": [0.11, 0.11, 0.11], "id": 400, "camera_size": [45, 46], "camera_position": [256, 253], "world_position": [0.7051967302742579, 0.6545958408779569, -0.14999864107669206], "world_orientation": [0.9999936874697432, 0.0035531680678781334, 4.164982689930957e-06, -0.003553167946540655, 0.9999936870645034, -2.8786872609934396e-05, -4.267240993195499e-06, 2.8771892008938305e-05, 0.9999999995769845], "world_rotation": [0.008099368793011185, 0.0011865384847473094, -0.9999664956145176, 0.0035532945351621193]}], "source": "action wait"}
{"timestamp": 1706200679.01079, "objects": [{"color": "cv_", "id_name": "hand", "shape": "CVCylinder", "id_string": "ob382", "world_size": [0.12, 0.005, 0.12], "id": 382, "camera_size": [49, 50], "camera_position": [246, 252], "world_position": [0.7076261752205583, 0.7117319583552325, -0.17410492029812022], "world_orientation": [-2.9189122928269475e-06, -0.0010646276903044755, 0.9999994332795199, -0.0007661245352921401, -0.9999991398081206, -0.0010646296141177485, 0.9999997065222952, -0.0007661272086745041, 2.1032723878689268e-06], "world_rotation": [0.0, 1.0, 0.0, 0.0]}, {"color": "CVBlue", "id_name": "object107123326808168", "shape": "CVCone", "id_string": "ob400", "world_size": [0.11, 0.11, 0.11], "id": 400, "camera_size": [45, 46], "camera_position": [256, 253], "world_position": [0.7052846822291424, 0.6545052974200658, -0.15000076828717884], "world_orientation": [0.9999868736136575, 0.005123727159819713, 4.513838052848013e-06, -0.005123727209392281, 0.9999868735626481, 1.1040111585749236e-05, -4.457212282656091e-06, -1.1063094343829526e-05, 0.9999999999288708], "world_rotation": [-0.002156940177225184, 0.0008754394707359558, -0.9999972906037321, 0.005123763485807856]}], "source": "action wait"}
{"timestamp": 1706200680.094054, "objects": [{"color": "cv_", "id_name": "hand", "shape": "CVCylinder", "id_string": "ob382", "world_size": [0.12, 0.005, 0.12], "id": 382, "camera_size": [49, 50], "camera_position": [246, 252], "world_position": [0.7083548564024263, 0.7113706055688147, -0.1741138143303381], "world_orientation": [3.886498543380257e-06, -0.0016364973274377655, 0.9999986609297997, -0.0007683910674117681, -0.9999983657301746, -0.0016364938579886035, 0.9999997047799879, -0.0007683836782515562, -5.143962119674655e-06], "world_rotation": [0.0, 1.0, 0.0, 0.0]}, {"color": "CVBlue", "id_name": "object107123326808168", "shape": "CVCone", "id_string": "ob400", "world_size": [0.11, 0.11, 0.11], "id": 400, "camera_size": [45, 46], "camera_position": [256, 253], "world_position": [0.7055090634663405, 0.6543009356641706, -0.15000522630243748], "world_orientation": [0.9999663630546318, 0.008201968747786793, -2.163221801217302e-05, -0.008201965769323848, 0.9999663542867836, 0.00013435742640281945, 2.273348559316028e-05, -0.00013417548031775705, 0.9999999907400645], "world_rotation": [0.016367777590497096, 0.0027042047774563024, 0.9998623820972912, -0.0082031881530279]}], "source": "action wait"}
{"timestamp": 1706200680.123218, "objects": [{"color": "cv_", "id_name": "hand", "shape": "CVCylinder", "id_string": "ob382", "world_size": [0.12, 0.005, 0.12], "id": 382, "camera_size": [51, 50], "camera_position": [246, 251], "world_position": [0.7107737258450322, 0.7320280013268907, -0.17409608326556336], "world_orientation": [2.2405579175980263e-05, 0.028669781870954363, 0.9995889370663634, -0.0007444014903997482, -0.9995886598861529, 0.028669790606596014, 0.9999997226821671, -0.0007447378578030511, -1.0545345079462687e-06], "world_rotation": [0.0, 1.0, 0.0, 0.0]}, {"color": "CVBlue", "id_name": "object107123326808168", "shape": "CVCone", "id_string": "ob400", "world_size": [0.11, 0.11, 0.11], "id": 400, "camera_size": [46, 48], "camera_position": [252, 251], "world_position": [0.7106539986594353, 0.6756631314281218, -0.1586470472439355], "world_orientation": [0.999693508681919, -0.02475656858452588, -3.179864382053682e-05, 0.024756572177899998, 0.9996935021258456, 0.00011807354677576942, 2.8865801745032596e-05, -0.00011882458367968999, 0.9999999925237418], "world_rotation": [0.00478449230895392, 0.0012252041528457397, -0.9999878036796896, -0.024759401947466706]}], "source": "action wait"}
{"timestamp": 1706200680.154722, "objects": [{"color": "cv_", "id_name": "hand", "shape": "CVCylinder", "id_string": "ob382", "world_size": [0.12, 0.005, 0.12], "id": 382, "camera_size": [52, 53], "camera_position": [245, 250], "world_position": [0.7141896185144982, 0.7808921219944056, -0.17411289939044514], "world_orientation": [7.775210505260492e-05, 0.09914093642119465, 0.9950733986395872, -0.0007264940892089992, -0.9950731334505181, 0.09914096676604418, 0.9999997330804387, -0.000730623361304126, -5.343726498039459e-06], "world_rotation": [0.0, 1.0, 0.0, 0.0]}, {"color": "CVBlue", "id_name": "object107123326808168", "shape": "CVCone", "id_string": "ob400", "world_size": [0.11, 0.11, 0.11], "id": 400, "camera_size": [48, 53], "camera_position": [249, 248], "world_position": [0.7186532983187192, 0.7250889220748952, -0.16422574234110765], "world_orientation": [0.9952909622327634, -0.09693244639098403, -3.6529974161824025e-05, 0.09693244975783, 0.9952909569600276, 0.00010572387915555145, 2.610987869275446e-05, -0.00010876696130080507, 0.9999999937440112], "world_rotation": [0.0011063926592236875, 0.0003231106429799237, -0.9999993357471775, -0.09708495278029164]}], "source": "action wait"}
{"timestamp": 1706200680.186163, "objects": [{"color": "cv_", "id_name": "hand", "shape": "CVCylinder", "id_string": "ob382", "world_size": [0.12, 0.005, 0.12], "id": 382, "camera_size": [55, 55], "camera_position": [245, 250], "world_position": [0.7131806803165196, 0.8508219416479106, -0.17411935500035128], "world_orientation": [0.00015181902274002474, 0.19839182079468387, 0.9801227792438836, -0.0007164349450091168, -0.9801225174222684, 0.19839187877230455, 0.9999997318359412, -0.0007323138706048386, -6.6664095388161195e-06], "world_rotation": [0.0, 1.0, 0.0, 0.0]}, {"color": "CVBlue", "id_name": "object107123326808168", "shape": "CVCone", "id_string": "ob400", "world_size": [0.11, 0.11, 0.11], "id": 400, "camera_size": [51, 60], "camera_position": [248, 245], "world_position": [0.7235988741762611, 0.7958872518970307, -0.16779202649996935], "world_orientation": [0.9803471747652592, -0.197280042216262, -4.327729451900816e-05, 0.19728004528745108, 0.9803471714416673, 8.47213281797025e-05, 2.571294606944815e-05, -9.159406134595996e-05, 0.9999999954746863], "world_rotation": [0.0004468656988134201, 0.00017485355166560395, -0.9999998848686347, -0.19858268276433608]}], "source": "action wait"}
{"timestamp": 1706200680.22025, "objects": [{"color": "cv_", "id_name": "hand", "shape": "CVCylinder", "id_string": "ob382", "world_size": [0.12, 0.005, 0.12], "id": 382, "camera_size": [59, 57], "camera_position": [244, 254], "world_position": [0.7046752686198983, 0.9203750566009434, -0.17412029787007946], "world_orientation": [0.0002264857336508459, 0.2956996992879957, 0.9552809202246222, -0.0007070531271908681, -0.9552806585889327, 0.2956997859346042, 0.9999997243900061, -0.0007424061449486111, -7.282043711545277e-06], "world_rotation": [0.0, 1.0, 0.0, 0.0]}, {"color": "CVBlue", "id_name": "object107123326808168", "shape": "CVCone", "id_string": "ob400", "world_size": [0.11, 0.11, 0.11], "id": 400, "camera_size": [54, 67], "camera_position": [246, 246], "world_position": [0.7207961206393388, 0.866856343778485, -0.1700715176781667], "world_orientation": [0.955410830460826, -0.29527977066119965, -4.556779862866535e-05, 0.29527977306998154, 0.9554108288659533, 6.0839235581703916e-05, 2.5571372727641777e-05, -7.158171383008851e-05, 0.9999999971110816], "world_rotation": [0.00022422962515412944, 0.00012046062045209597, -0.9999999676051564, -0.2997483442977987]}], "source": "action wait"}
{"timestamp": 1706200680.256669, "objects": [{"color": "cv_", "id_name": "hand", "shape": "CVCylinder", "id_string": "ob382", "world_size": [0.12, 0.005, 0.12], "id": 382, "camera_size": [62, 59], "camera_position": [243, 262], "world_position": [0.6889527156483112, 0.9886415870881349, -0.17412013644229232], "world_orientation": [0.00030012159437020505, 0.3900191193952471, 0.9208067095939215, -0.0006867995903957863, -0.9208064535023468, 0.3900192347753551, 0.9999997191166363, -0.0007494628655588233, -8.488929483839902e-06], "world_rotation": [0.0, 1.0, 0.0, 0.0]}, {"color": "CVBlue", "id_name": "object107123326808168", "shape": "CVCone", "id_string": "ob400", "world_size": [0.11, 0.11, 0.11], "id": 400, "camera_size": [57, 74], "camera_position": [245, 250], "world_position": [0.710516396654615, 0.9370697343164687, -0.1715295056728855], "world_orientation": [0.9208047414530983, -0.3900238788353915, -4.53397062705701e-05, 0.39002388069492416, 0.9208047407319359, 4.396890194041621e-05, 2.460009479440032e-05, -5.817034157243733e-05, 0.9999999980055234], "world_rotation": [0.00013093972898300683, 8.966092053951996e-05, -0.9999999874078533, -0.40065753147443683]}], "source": "action wait"}
{"timestamp": 1706200680.290724, "objects": [{"color": "cv_", "id_name": "hand", "shape": "CVCylinder", "id_string": "ob382", "world_size": [0.12, 0.005, 0.12], "id": 382, "camera_size": [66, 60], "camera_position": [242, 274], "world_position": [0.6662817077509725, 1.0549344484747447, -0.17411975085533923], "world_orientation": [0.0003714021073191969, 0.48040195454501267, 0.8770483590599816, -0.0006570036471255619, -0.8770481130350034, 0.48040209800535605, 0.9999997152033007, -0.0007546463221677881, -1.0111681178709501e-05], "world_rotation": [0.0, 1.0, 0.0, 0.0]}, {"color": "CVBlue", "id_name": "object107123326808168", "shape": "CVCone", "id_string": "ob400", "world_size": [0.11, 0.11, 0.11], "id": 400, "camera_size": [60, 83], "camera_position": [243, 260], "world_position": [0.6930085787101121, 1.0058237651301671, -0.17246227375059708], "world_orientation": [0.8769091314298584, -0.48065619032797324, -4.375306665502374e-05, 0.48065619176510344, 0.8769091311570486, 3.18002881210313e-05, 2.3082458326326497e-05, -4.891614543188123e-05, 0.9999999985372054], "world_rotation": [8.396483242789023e-05, 6.952529253674698e-05, -0.9999999940580703, -0.5014028622669744]}], "source": "action wait"}
{"timestamp": 1706200680.323597, "objects": [{"color": "cv_", "id_name": "hand", "shape": "CVCylinder", "id_string": "ob382", "world_size": [0.12, 0.005, 0.12], "id": 382, "camera_size": [70, 61], "camera_position": [241, 290], "world_position": [0.641955746305606, 1.1077184122741253, -0.1741182927730771], "world_orientation": [0.0004344996286406241, 0.5515677854142897, 0.8341299594806847, -0.0006357567758221658, -0.8341297172832365, 0.5515679564281363, 0.9999997035116535, -0.0007699598458943047, -1.1766095494809358e-05], "world_rotation": [0.0, 1.0, 0.0, 0.0]}, {"color": "CVBlue", "id_name": "object107123326808168", "shape": "CVCone", "id_string": "ob400", "world_size": [0.11, 0.11, 0.11], "id": 400, "camera_size": [64, 89], "camera_position": [242, 272], "world_position": [0.6726808409141409, 1.0611303317502616, -0.17305863288563558], "world_orientation": [0.8338694995113299, -0.5519616441017663, -3.5002844774216916e-05, 0.5519616447944433, 0.8338694996699435, 1.400039289788121e-05, 2.1460124776915747e-05, -3.099472839277953e-05, 0.9999999992893951], "world_rotation": [4.0759282503605464e-05, 5.1147548021051116e-05, -0.9999999978613046, -0.5847148724810164]}], "source": "action wait"}
{"timestamp": 1706200680.359805, "objects": [{"color": "cv_", "id_name": "hand", "shape": "CVCylinder", "id_string": "ob382", "world_size": [0.12, 0.005, 0.12], "id": 382, "camera_size": [73, 61], "camera_position": [241, 303], "world_position": [0.6217372844829414, 1.1433830135049634, -0.17411852732174404], "world_orientation": [0.0004793574236714088, 0.5995227083780482, 0.8003576027973436, -0.0006145774081691282, -0.8003573669813286, 0.5995228998239551, 0.9999996962554889, -0.0007792674538273393, -1.5204133198575307e-05], "world_rotation": [0.0, 1.0, 0.0, 0.0]}, {"color": "CVBlue", "id_name": "object107123326808168", "shape": "CVCone", "id_string": "ob400", "world_size": [0.11, 0.11, 0.11], "id": 400, "camera_size": [67, 93], "camera_position": [242, 283], "world_position": [0.6550932819352219, 1.0988676279389114, -0.17344140115413617], "world_orientation": [0.8000044807936613, -0.599994024980069, -2.6425010495994744e-05, 0.5999940252913882, 0.8000044809796915, 5.201124618679437e-06, 1.8019483112346773e-05, -2.0015771415968847e-05, 0.9999999996373335], "world_rotation": [2.101428927236399e-05, 3.7037446796232856e-05, -0.9999999990933135, -0.6434936409138666]}], "source": "action wait"}
{"timestamp": 1706200680.388312, "objects": [{"color": "cv_", "id_name": "hand", "shape": "CVCylinder", "id_string": "ob382", "world_size": [0.12, 0.005, 0.12], "id": 382, "camera_size": [75, 62], "camera_position": [241, 313], "world_position": [0.6060733626206266, 1.167639762480804, -0.17411979600797406], "world_orientation": [0.0005093754120711885, 0.6321147747699342, 0.7748746040839416, -0.0005944139707645685, -0.7748743763255522, 0.632114979719764, 0.9999996936043136, -0.0007825801185293365, -1.8964101493773628e-05], "world_rotation": [0.0, 1.0, 0.0, 0.0]}, {"color": "CVBlue", "id_name": "object107123326808168", "shape": "CVCone", "id_string": "ob400", "world_size": [0.11, 0.11, 0.11], "id": 400, "camera_size": [68, 96], "camera_position": [241, 292], "world_position": [0.6411830448572705, 1.1247150410403022, -0.17368732298918496], "world_orientation": [0.7744550328577757, -0.6326289604843756, -2.0921763916511542e-05, 0.6326289606699373, 0.7744550329826141, 3.0940440003613407e-06, 1.42455835243749e-05, -1.563191170984774e-05, 0.9999999997763533], "world_rotation": [1.4800109438430507e-05, 2.7794607593815415e-05, -0.9999999995042084, -0.6849431191648985]}], "source": "action wait"}
{"timestamp": 1706200680.422068, "objects": [{"color": "cv_", "id_name": "hand", "shape": "CVCylinder", "id_string": "ob382", "world_size": [0.12, 0.005, 0.12], "id": 382, "camera_size": [76, 62], "camera_position": [240, 321], "world_position": [0.5943785466752214, 1.184275266352311, -0.17412123978870495], "world_orientation": [0.0005290979866807449, 0.6544535094907851, 0.7561020592291197, -0.0005773548025266996, -0.7561018391227411, 0.6544537229908934, 0.9999996933583293, -0.0007828093023065008, -2.2200084069978868e-05], "world_rotation": [0.0, 1.0, 0.0, 0.0]}, {"color": "CVBlue", "id_name": "object107123326808168", "shape": "CVCone", "id_string": "ob400", "world_size": [0.11, 0.11, 0.11], "id": 400, "camera_size": [69, 98], "camera_position": [241, 299], "world_position": [0.6306732187851803, 1.1425282519167095, -0.17384522711653244], "world_orientation": [0.755636350732666, -0.6549913779045753, -1.7946743125462655e-05, 0.6549913780581734, 0.7556363508024851, 3.918996307080201e-06, 1.0994302692936788e-05, -1.4716298079419711e-05, 0.999999999831278], "world_rotation": [1.422560281442088e-05, 2.2092692195126254e-05, -0.9999999996547726, -0.7141712104440547]}], "source": "action wait"}
