{"timestamp": 1706200762.399505, "objects": [{"color": "cv_", "id_name": "hand", "shape": "CVCylinder", "id_string": "ob382", "world_size": [0.12, 0.005, 0.12], "id": 382, "camera_size": [48, 50], "camera_position": [246, 426], "world_position": [0.26764451554000956, 0.633470301384957, -0.17389260400847475], "world_orientation": [-0.0006415488255943416, 0.19791547486688624, 0.9802188802626275, -0.0007473670555578975, -0.9802189031248721, 0.1979149903346311, 0.9999995149286767, -0.0006056111687277223, 0.0007767737918261726], "world_rotation": [0.0, 1.0, 0.0, 0.0]}, {"color": "CVPurple", "id_name": "object9429716152850", "shape": "CVBox", "id_string": "ob456", "world_size": [0.09, 0.09, 0.09], "id": 456, "camera_size": [37, 37], "camera_position": [256, 254], "world_position": [0.705, 0.644856964849591, -0.15], "world_orientation": [1.0, -3.248937977869676e-17, -1.2807790779525605e-17, 3.248937977869676e-17, 1.0, -6.497875955739369e-17, 1.2807790779525605e-17, 6.497875955739369e-17, 1.0], "world_rotation": [-0.8808431718627018, 0.17362065899128884, -0.4404215859313497, -7.376881791566185e-17]}], "source": "manual check"}
{"timestamp": 1706200763.415242, "objects": [{"color": "cv_", "id_name": "hand", "shape": "CVCylinder", "id_string": "ob382", "world_size": [0.12, 0.005, 0.12], "id": 382, "camera_size": [48, 50], "camera_position": [246, 426], "world_position": [0.26764451554000956, 0.633470301384957, -0.17389260400847475], "world_orientation": [-0.0006415488255943416, 0.19791547486688624, 0.9802188802626275, -0.0007473670555578975, -0.9802189031248721, 0.1979149903346311, 0.9999995149286767, -0.0006056111687277223, 0.0007767737918261726], "world_rotation": [0.0, 1.0, 0.0, 0.0]}, {"color": "CVPurple", "id_name": "object9429716152850", "shape": "CVBox", "id_string": "ob456", "world_size": [0.09, 0.09, 0.09], "id": 456, "camera_size": [37, 37], "camera_position": [256, 254], "world_position": [0.705, 0.6448569696296074, -0.15], "world_orientation": [1.0, -4.331917303826236e-17, -1.1712398707441946e-17, 4.331917303826236e-17, 1.0, -5.775889738434995e-17, 1.1712398707441946e-17, 5.775889738434995e-17, 1.0], "world_rotation": [-0.7896765794068324, 0.16013129347666225, -0.5922574345551229, -7.314247236221149e-17]}], "source": "manual check"}
{"timestamp": 1706200765.115724, "objects": [{"color": "cv_", "id_name": "hand", "shape": "CVCylinder", "id_string": "ob382", "world_size": [0.12, 0.005, 0.12], "id": 382, "camera_size": [48, 50], "camera_position": [246, 426], "world_position": [0.26764451554000956, 0.633470301384957, -0.17389260400847475], "world_orientation": [-0.0006415488255943416, 0.19791547486688624, 0.9802188802626275, -0.0007473670555578975, -0.9802189031248721, 0.1979149903346311, 0.9999995149286767, -0.0006056111687277223, 0.0007767737918261726], "world_rotation": [0.0, 1.0, 0.0, 0.0]}, {"color": "CVPurple", "id_name": "object9429716152850", "shape": "CVBox", "id_string": "ob456", "world_size": [0.09, 0.09, 0.09], "id": 456, "camera_size": [37, 37], "camera_position": [256, 254], "world_position": [0.705, 0.6448569696296074, -0.15], "world_orientation": [1.0, -4.331917303826236e-17, -1.1712398707441946e-17, 4.331917303826236e-17, 1.0, -5.775889738434995e-17, 1.1712398707441946e-17, 5.775889738434995e-17, 1.0], "world_rotation": [-0.7896765794068324, 0.16013129347666225, -0.5922574345551229, -7.314247236221149e-17]}], "source": "action wait"}
{"timestamp": 1706200765.146242, "objects": [{"color": "cv_", "id_name": "hand", "shape": "CVCylinder", "id_string": "ob382", "world_size": [0.12, 0.005, 0.12], "id": 382, "camera_size": [49, 51], "camera_position": [246, 421], "world_position": [0.29112787064344114, 0.6677855979767872, -0.17395609504836007], "world_orientation": [-0.0003826809425284998, 0.19834935983518273, 0.9801313100846587, -0.0007151481696295586, -0.9801311854974241, 0.19834905540110284, 0.9999996710591418, -0.0006250347089334191, 0.000516926707501485], "world_rotation": [0.0, 1.0, 0.0, 0.0]}, {"color": "CVPurple", "id_name": "object9429716152850", "shape": "CVBox", "id_string": "ob456", "world_size": [0.09, 0.09, 0.09], "id": 456, "camera_size": [37, 37], "camera_position": [256, 254], "world_position": [0.705, 0.6448569696296074, -0.15], "world_orientation": [1.0, -4.331917303826236e-17, -1.1712398707441946e-17, 4.331917303826236e-17, 1.0, -5.775889738434995e-17, 1.1712398707441946e-17, 5.775889738434995e-17, 1.0], "world_rotation": [-0.7896765794068324, 0.16013129347666225, -0.5922574345551229, -7.314247236221149e-17]}], "source": "action wait"}
{"timestamp": 1706200765.178624, "objects": [{"color": "cv_", "id_name": "hand", "shape": "CVCylinder", "id_string": "ob382", "world_size": [0.12, 0.005, 0.12], "id": 382, "camera_size": [51, 52], "camera_position": [246, 406], "world_position": [0.3371854763139402, 0.7058181026145988, -0.17398391565189256], "world_orientation": [-0.0002229822267480509, 0.18687075311858564, 0.9823844827295569, -0.0007314856959155969, -0.9823842748094002, 0.1868705475346123, 0.9999997076037589, -0.0006769313862035088, 0.0003557475160109155], "world_rotation": [0.0, 1.0, 0.0, 0.0]}, {"color": "CVPurple", "id_name": "object9429716152850", "shape": "CVBox", "id_string": "ob456", "world_size": [0.09, 0.09, 0.09], "id": 456, "camera_size": [37, 37], "camera_position": [256, 254], "world_position": [0.705, 0.6448569696296074, -0.15], "world_orientation": [1.0, -4.331917303826236e-17, -1.1712398707441946e-17, 4.331917303826236e-17, 1.0, -5.775889738434995e-17, 1.1712398707441946e-17, 5.775889738434995e-17, 1.0], "world_rotation": [-0.7896765794068324, 0.16013129347666225, -0.5922574345551229, -7.314247236221149e-17]}], "source": "action wait"}
{"timestamp": 1706200765.213194, "objects": [{"color": "cv_", "id_name": "hand", "shape": "CVCylinder", "id_string": "ob382", "world_size": [0.12, 0.005, 0.12], "id": 382, "camera_size": [51, 53], "camera_position": [246, 388], "world_position": [0.38776381581039815, 0.7390366015246829, -0.1740044453441909], "world_orientation": [-0.00011937410460730578, 0.17869120274108974, 0.983905198590172, -0.0007426948832218587, -0.983904950084108, 0.17869106750002778, 0.9999997170770268, -0.0007094102703844595, 0.000250165814387977], "world_rotation": [0.0, 1.0, 0.0, 0.0]}, {"color": "CVPurple", "id_name": "object9429716152850", "shape": "CVBox", "id_string": "ob456", "world_size": [0.09, 0.09, 0.09], "id": 456, "camera_size": [37, 37], "camera_position": [256, 254], "world_position": [0.705, 0.6448569696296074, -0.15], "world_orientation": [1.0, -4.331917303826236e-17, -1.1712398707441946e-17, 4.331917303826236e-17, 1.0, -5.775889738434995e-17, 1.1712398707441946e-17, 5.775889738434995e-17, 1.0], "world_rotation": [-0.7896765794068324, 0.16013129347666225, -0.5922574345551229, -7.314247236221149e-17]}], "source": "action wait"}
{"timestamp": 1706200765.248593, "objects": [{"color": "cv_", "id_name": "hand", "shape": "CVCylinder", "id_string": "ob382", "world_size": [0.12, 0.005, 0.12], "id": 382, "camera_size": [52, 54], "camera_position": [245, 367], "world_position": [0.44189171622132317, 0.767015940702992, -0.17402296697181932], "world_orientation": [-4.6451886538540685e-05, 0.17291247018638164, 0.9849371936810316, -0.0007500566134408184, -0.9849369237127592, 0.17291238741722048, 0.9999997176286097, -0.0007307265493431837, 0.00017544632003803007], "world_rotation": [0.0, 1.0, 0.0, 0.0]}, {"color": "CVPurple", "id_name": "object9429716152850", "shape": "CVBox", "id_string": "ob456", "world_size": [0.09, 0.09, 0.09], "id": 456, "camera_size": [37, 37], "camera_position": [256, 254], "world_position": [0.705, 0.6448569696296074, -0.15], "world_orientation": [1.0, -4.331917303826236e-17, -1.1712398707441946e-17, 4.331917303826236e-17, 1.0, -5.775889738434995e-17, 1.1712398707441946e-17, 5.775889738434995e-17, 1.0], "world_rotation": [-0.7896765794068324, 0.16013129347666225, -0.5922574345551229, -7.314247236221149e-17]}], "source": "action wait"}
{"timestamp": 1706200765.281945, "objects": [{"color": "cv_", "id_name": "hand", "shape": "CVCylinder", "id_string": "ob382", "world_size": [0.12, 0.005, 0.12], "id": 382, "camera_size": [52, 54], "camera_position": [245, 343], "world_position": [0.49917450538453617, 0.7798971563475576, -0.1740380938027759], "world_orientation": [-4.453339562128809e-06, 0.15517680564751368, 0.9878867136312753, -0.0007645594110497892, -0.9878864254342526, 0.15517675693106164, 0.9999997077144949, -0.0007546070291673916, 0.00012304128083614332], "world_rotation": [0.0, 1.0, 0.0, 0.0]}, {"color": "CVPurple", "id_name": "object9429716152850", "shape": "CVBox", "id_string": "ob456", "world_size": [0.09, 0.09, 0.09], "id": 456, "camera_size": [37, 37], "camera_position": [256, 254], "world_position": [0.705, 0.6448569696296074, -0.15], "world_orientation": [1.0, -4.331917303826236e-17, -1.1712398707441946e-17, 4.331917303826236e-17, 1.0, -5.775889738434995e-17, 1.1712398707441946e-17, 5.775889738434995e-17, 1.0], "world_rotation": [-0.7896765794068324, 0.16013129347666225, -0.5922574345551229, -7.314247236221149e-17]}], "source": "action wait"}
{"timestamp": 1706200765.3141, "objects": [{"color": "cv_", "id_name": "hand", "shape": "CVCylinder", "id_string": "ob382", "world_size": [0.12, 0.005, 0.12], "id": 382, "camera_size": [52, 52], "camera_position": [245, 317], "world_position": [0.5577784643229395, 0.7699952207938573, -0.17404996608320297], "world_orientation": [6.560407612441592e-07, 0.11475616389729192, 0.9933936897560541, -0.0007769753223200105, -0.9933933898464865, 0.11475612976506011, 0.9999996981544136, -0.0007719176669879317, 8.851100087702039e-05], "world_rotation": [0.0, 1.0, 0.0, 0.0]}, {"color": "CVPurple", "id_name": "object9429716152850", "shape": "CVBox", "id_string": "ob456", "world_size": [0.09, 0.09, 0.09], "id": 456, "camera_size": [37, 37], "camera_position": [256, 254], "world_position": [0.705, 0.6448569696296074, -0.15], "world_orientation": [1.0, -4.331917303826236e-17, -1.1712398707441946e-17, 4.331917303826236e-17, 1.0, -5.775889738434995e-17, 1.1712398707441946e-17, 5.775889738434995e-17, 1.0], "world_rotation": [-0.7896765794068324, 0.16013129347666225, -0.5922574345551229, -7.314247236221149e-17]}], "source": "action wait"}
{"timestamp": 1706200765.346625, "objects": [{"color": "cv_", "id_name": "hand", "shape": "CVCylinder", "id_string": "ob382", "world_size": [0.12, 0.005, 0.12], "id": 382, "camera_size": [52, 52], "camera_position": [245, 297], "world_position": [0.6029435740549742, 0.7554343195318161, -0.17405563304632996], "world_orientation": [-1.4537062615635375e-05, 0.0804828723331674, 0.9967559917300106, -0.0007750484408332975, -0.9967556933663759, 0.08048283693825635, 0.999999699544249, -0.0007713641932418748, 7.686802464295723e-05], "world_rotation": [0.0, 1.0, 0.0, 0.0]}, {"color": "CVPurple", "id_name": "object9429716152850", "shape": "CVBox", "id_string": "ob456", "world_size": [0.09, 0.09, 0.09], "id": 456, "camera_size": [37, 37], "camera_position": [256, 254], "world_position": [0.705, 0.6448569696296074, -0.15], "world_orientation": [1.0, -4.331917303826236e-17, -1.1712398707441946e-17, 4.331917303826236e-17, 1.0, -5.775889738434995e-17, 1.1712398707441946e-17, 5.775889738434995e-17, 1.0], "world_rotation": [-0.7896765794068324, 0.16013129347666225, -0.5922574345551229, -7.314247236221149e-17]}], "source": "action wait"}
{"timestamp": 1706200765.376471, "objects": [{"color": "cv_", "id_name": "hand", "shape": "CVCylinder", "id_string": "ob382", "world_size": [0.12, 0.005, 0.12], "id": 382, "camera_size": [51, 51], "camera_position": [246, 284], "world_position": [0.6345961325361956, 0.7427156902892299, -0.17406334519824762], "world_orientation": [-2.1399998462523862e-05, 0.0562602152388022, 0.9984161395547069, -0.00077113044253181, -0.998415843861532, 0.05626018204828149, 0.9999997024498961, -0.00076870511171673, 6.475006219801287e-05], "world_rotation": [0.0, 1.0, 0.0, 0.0]}, {"color": "CVPurple", "id_name": "object9429716152850", "shape": "CVBox", "id_string": "ob456", "world_size": [0.09, 0.09, 0.09], "id": 456, "camera_size": [37, 37], "camera_position": [256, 254], "world_position": [0.705, 0.6448569696296074, -0.15], "world_orientation": [1.0, -4.331917303826236e-17, -1.1712398707441946e-17, 4.331917303826236e-17, 1.0, -5.775889738434995e-17, 1.1712398707441946e-17, 5.775889738434995e-17, 1.0], "world_rotation": [-0.7896765794068324, 0.16013129347666225, -0.5922574345551229, -7.314247236221149e-17]}], "source": "action wait"}
{"timestamp": 1706200765.406837, "objects": [{"color": "cv_", "id_name": "hand", "shape": "CVCylinder", "id_string": "ob382", "world_size": [0.12, 0.005, 0.12], "id": 382, "camera_size": [51, 51], "camera_position": [246, 274], "world_position": [0.6567216892525531, 0.7325636806927852, -0.1740712352275931], "world_orientation": [-2.316672345824289e-05, 0.03916590620020045, 0.9992327212690846, -0.00076763720151405, -0.9992324278263254, 0.03916587690112992, 0.9999997050981716, -0.0007661408647774499, 5.3214147956623044e-05], "world_rotation": [0.0, 1.0, 0.0, 0.0]}, {"color": "CVPurple", "id_name": "object9429716152850", "shape": "CVBox", "id_string": "ob456", "world_size": [0.09, 0.09, 0.09], "id": 456, "camera_size": [37, 37], "camera_position": [256, 254], "world_position": [0.705, 0.6448569696296074, -0.15], "world_orientation": [1.0, -4.331917303826236e-17, -1.1712398707441946e-17, 4.331917303826236e-17, 1.0, -5.775889738434995e-17, 1.1712398707441946e-17, 5.775889738434995e-17, 1.0], "world_rotation": [-0.7896765794068324, 0.16013129347666225, -0.5922574345551229, -7.314247236221149e-17]}], "source": "action wait"}
{"timestamp": 1706200765.439903, "objects": [{"color": "cv_", "id_name": "hand", "shape": "CVCylinder", "id_string": "ob382", "world_size": [0.12, 0.005, 0.12], "id": 382, "camera_size": [51, 50], "camera_position": [246, 267], "world_position": [0.6721907326541035, 0.7248414881723406, -0.17407834664761956], "world_orientation": [-2.227700039632002e-05, 0.027110343205317956, 0.9996324468498535, -0.0007651506863670119, -0.9996321549397612, 0.027110318237096226, 0.9999997070240383, -0.0007642655162521453, 4.301230362333556e-05], "world_rotation": [0.0, 1.0, 0.0, 0.0]}, {"color": "CVPurple", "id_name": "object9429716152850", "shape": "CVBox", "id_string": "ob456", "world_size": [0.09, 0.09, 0.09], "id": 456, "camera_size": [37, 37], "camera_position": [256, 254], "world_position": [0.705, 0.6448569696296074, -0.15], "world_orientation": [1.0, -4.331917303826236e-17, -1.1712398707441946e-17, 4.331917303826236e-17, 1.0, -5.775889738434995e-17, 1.1712398707441946e-17, 5.775889738434995e-17, 1.0], "world_rotation": [-0.7896765794068324, 0.16013129347666225, -0.5922574345551229, -7.314247236221149e-17]}], "source": "action wait"}
{"timestamp": 1706200765.481589, "objects": [{"color": "cv_", "id_name": "hand", "shape": "CVCylinder", "id_string": "ob382", "world_size": [0.12, 0.005, 0.12], "id": 382, "camera_size": [51, 51], "camera_position": [246, 263], "world_position": [0.6830178321780357, 0.7191323618925649, -0.17408435344549353], "world_orientation": [-2.018065178018111e-05, 0.01861108100031567, 0.999826798629013, -0.0007636029174752565, -0.9998265076251495, 0.0186110601708073, 0.9999997082516204, -0.0007630950770788484, 3.4388626340558076e-05], "world_rotation": [0.0, 1.0, 0.0, 0.0]}, {"color": "CVPurple", "id_name": "object9429716152850", "shape": "CVBox", "id_string": "ob456", "world_size": [0.09, 0.09, 0.09], "id": 456, "camera_size": [37, 37], "camera_position": [256, 254], "world_position": [0.705, 0.6448569696296074, -0.15], "world_orientation": [1.0, -4.331917303826236e-17, -1.1712398707441946e-17, 4.331917303826236e-17, 1.0, -5.775889738434995e-17, 1.1712398707441946e-17, 5.775889738434995e-17, 1.0], "world_rotation": [-0.7896765794068324, 0.16013129347666225, -0.5922574345551229, -7.314247236221149e-17]}], "source": "action wait"}
{"timestamp": 1706200765.519138, "objects": [{"color": "cv_", "id_name": "hand", "shape": "CVCylinder", "id_string": "ob382", "world_size": [0.12, 0.005, 0.12], "id": 382, "camera_size": [50, 50], "camera_position": [245, 259], "world_position": [0.69060578898474, 0.7149858445930801, -0.1740892349359977], "world_orientation": [-1.770522425601279e-05, 0.012619935545858448, 0.9999203652858278, -0.0007627518177281563, -0.9999200747409364, 0.01261991837314148, 0.9999997089480526, -0.0007624676377206397, 2.7329687938962058e-05], "world_rotation": [0.0, 1.0, 0.0, 0.0]}, {"color": "CVPurple", "id_name": "object9429716152850", "shape": "CVBox", "id_string": "ob456", "world_size": [0.09, 0.09, 0.09], "id": 456, "camera_size": [37, 37], "camera_position": [256, 254], "world_position": [0.705, 0.6448569696296074, -0.15], "world_orientation": [1.0, -4.331917303826236e-17, -1.1712398707441946e-17, 4.331917303826236e-17, 1.0, -5.775889738434995e-17, 1.1712398707441946e-17, 5.775889738434995e-17, 1.0], "world_rotation": [-0.7896765794068324, 0.16013129347666225, -0.5922574345551229, -7.314247236221149e-17]}], "source": "action wait"}
{"timestamp": 1706200765.552975, "objects": [{"color": "cv_", "id_name": "hand", "shape": "CVCylinder", "id_string": "ob382", "world_size": [0.12, 0.005, 0.12], "id": 382, "camera_size": [50, 50], "camera_position": [245, 257], "world_position": [0.6959300636766131, 0.7120085350454544, -0.17409310361928493], "world_orientation": [-1.5260444784022625e-05, 0.008397016632023791, 0.9999647443179188, -0.0007623582749612537, -0.9999644539471785, 0.008397002559353736, 0.9999997092884475, -0.0007622032555067559, 2.1661437450223995e-05], "world_rotation": [0.0, 1.0, 0.0, 0.0]}, {"color": "CVPurple", "id_name": "object9429716152850", "shape": "CVBox", "id_string": "ob456", "world_size": [0.09, 0.09, 0.09], "id": 456, "camera_size": [37, 37], "camera_position": [256, 254], "world_position": [0.705, 0.6448569696296074, -0.15], "world_orientation": [1.0, -4.331917303826236e-17, -1.1712398707441946e-17, 4.331917303826236e-17, 1.0, -5.775889738434995e-17, 1.1712398707441946e-17, 5.775889738434995e-17, 1.0], "world_rotation": [-0.7896765794068324, 0.16013129347666225, -0.5922574345551229, -7.314247236221149e-17]}], "source": "action wait"}
{"timestamp": 1706200765.586108, "objects": [{"color": "cv_", "id_name": "hand", "shape": "CVCylinder", "id_string": "ob382", "world_size": [0.12, 0.005, 0.12], "id": 382, "camera_size": [49, 50], "camera_position": [246, 256], "world_position": [0.6996697681429186, 0.7098867497058619, -0.17409611713645265], "world_orientation": [-1.3067133892161217e-05, 0.0054204893919495, 0.9999853089540874, -0.0007622388372902909, -0.9999850185936539, 0.005420477857607843, 0.9999997094105603, -0.0007621568090949586, 1.7198645660149064e-05], "world_rotation": [0.0, 1.0, 0.0, 0.0]}, {"color": "CVPurple", "id_name": "object9429716152850", "shape": "CVBox", "id_string": "ob456", "world_size": [0.09, 0.09, 0.09], "id": 456, "camera_size": [37, 37], "camera_position": [256, 254], "world_position": [0.705, 0.6448569696296074, -0.15], "world_orientation": [1.0, -4.331917303826236e-17, -1.1712398707441946e-17, 4.331917303826236e-17, 1.0, -5.775889738434995e-17, 1.1712398707441946e-17, 5.775889738434995e-17, 1.0], "world_rotation": [-0.7896765794068324, 0.16013129347666225, -0.5922574345551229, -7.314247236221149e-17]}], "source": "action wait"}
{"timestamp": 1706200765.616131, "objects": [{"color": "cv_", "id_name": "hand", "shape": "CVCylinder", "id_string": "ob382", "world_size": [0.12, 0.005, 0.12], "id": 382, "camera_size": [49, 49], "camera_position": [246, 255], "world_position": [0.7022986438749562, 0.7083821451281027, -0.17409843558991142], "world_orientation": [-1.1192339744898922e-05, 0.0033224616080096084, 0.9999944805465654, -0.0007622680368107966, -0.9999941901128262, 0.003322452111439817, 0.9999997094110435, -0.0007622266434954118, 1.372488100634987e-05], "world_rotation": [0.0, 1.0, 0.0, 0.0]}, {"color": "CVPurple", "id_name": "object9429716152850", "shape": "CVBox", "id_string": "ob456", "world_size": [0.09, 0.09, 0.09], "id": 456, "camera_size": [37, 37], "camera_position": [256, 254], "world_position": [0.705, 0.6448569696296074, -0.15], "world_orientation": [1.0, -4.331917303826236e-17, -1.1712398707441946e-17, 4.331917303826236e-17, 1.0, -5.775889738434995e-17, 1.1712398707441946e-17, 5.775889738434995e-17, 1.0], "world_rotation": [-0.7896765794068324, 0.16013129347666225, -0.5922574345551229, -7.314247236221149e-17]}], "source": "action wait"}
{"timestamp": 1706200765.64669, "objects": [{"color": "cv_", "id_name": "hand", "shape": "CVCylinder", "id_string": "ob382", "world_size": [0.12, 0.005, 0.12], "id": 382, "camera_size": [49, 50], "camera_position": [246, 254], "world_position": [0.7041478434943138, 0.7073186874294493, -0.1741002029333591], "world_orientation": [-9.643152251707236e-06, 0.0018436199370768752, 0.9999983004848245, -0.0007623670244730075, -0.9999980099435848, 0.0018436120497949118, 0.9999997093517227, -0.0007623479505873366, 1.1048648107344093e-05], "world_rotation": [0.0, 1.0, 0.0, 0.0]}, {"color": "CVPurple", "id_name": "object9429716152850", "shape": "CVBox", "id_string": "ob456", "world_size": [0.09, 0.09, 0.09], "id": 456, "camera_size": [37, 37], "camera_position": [256, 254], "world_position": [0.705, 0.6448569696296074, -0.15], "world_orientation": [1.0, -4.331917303826236e-17, -1.1712398707441946e-17, 4.331917303826236e-17, 1.0, -5.775889738434995e-17, 1.1712398707441946e-17, 5.775889738434995e-17, 1.0], "world_rotation": [-0.7896765794068324, 0.16013129347666225, -0.5922574345551229, -7.314247236221149e-17]}], "source": "action wait"}
{"timestamp": 1706200765.671808, "objects": [{"color": "cv_", "id_name": "hand", "shape": "CVCylinder", "id_string": "ob382", "world_size": [0.12, 0.005, 0.12], "id": 382, "camera_size": [49, 50], "camera_position": [246, 253], "world_position": [0.7054492632812717, 0.7065686402337918, -0.17410154069450257], "world_orientation": [-8.393026000211442e-06, 0.0008011986267522205, 0.9999996790051074, -0.0007624896815383621, -0.9999993883502499, 0.0008011919942824752, 0.9999997092694791, -0.0007624827123581709, 9.003926552745397e-06], "world_rotation": [0.0, 1.0, 0.0, 0.0]}, {"color": "CVPurple", "id_name": "object9429716152850", "shape": "CVBox", "id_string": "ob456", "world_size": [0.09, 0.09, 0.09], "id": 456, "camera_size": [37, 37], "camera_position": [256, 254], "world_position": [0.705, 0.6448569696296074, -0.15], "world_orientation": [1.0, -4.331917303826236e-17, -1.1712398707441946e-17, 4.331917303826236e-17, 1.0, -5.775889738434995e-17, 1.1712398707441946e-17, 5.775889738434995e-17, 1.0], "world_rotation": [-0.7896765794068324, 0.16013129347666225, -0.5922574345551229, -7.314247236221149e-17]}], "source": "action wait"}
{"timestamp": 1706200765.704208, "objects": [{"color": "cv_", "id_name": "hand", "shape": "CVCylinder", "id_string": "ob382", "world_size": [0.12, 0.005, 0.12], "id": 382, "camera_size": [49, 50], "camera_position": [246, 253], "world_position": [0.7063655323378877, 0.7060403621243776, -0.17410254767933905], "world_orientation": [-7.401791094343977e-06, 6.63858722208059e-05, 0.9999999977690648, -0.00076261119965462, -0.9999997070088703, 6.638020823001301e-05, 0.9999997091846435, -0.0007626107066211884, 7.4524155357038566e-06], "world_rotation": [0.0, 1.0, 0.0, 0.0]}, {"color": "CVPurple", "id_name": "object9429716152850", "shape": "CVBox", "id_string": "ob456", "world_size": [0.09, 0.09, 0.09], "id": 456, "camera_size": [37, 37], "camera_position": [256, 254], "world_position": [0.705, 0.6448569696296074, -0.15], "world_orientation": [1.0, -4.331917303826236e-17, -1.1712398707441946e-17, 4.331917303826236e-17, 1.0, -5.775889738434995e-17, 1.1712398707441946e-17, 5.775889738434995e-17, 1.0], "world_rotation": [-0.7896765794068324, 0.16013129347666225, -0.5922574345551229, -7.314247236221149e-17]}], "source": "action wait"}
{"timestamp": 1706200765.738524, "objects": [{"color": "cv_", "id_name": "hand", "shape": "CVCylinder", "id_string": "ob382", "world_size": [0.12, 0.005, 0.12], "id": 382, "camera_size": [49, 49], "camera_position": [246, 253], "world_position": [0.7070108356474109, 0.7056685953629205, -0.17410330227956433], "world_orientation": [-6.626517418122761e-06, -0.0004516046142666367, 0.9999998980046757, -0.0007627198137922484, -0.9999996071535788, -0.0004516095370931694, 0.9999997091072452, -0.000762722728597194, 6.282067027982256e-06], "world_rotation": [0.0, 1.0, 0.0, 0.0]}, {"color": "CVPurple", "id_name": "object9429716152850", "shape": "CVBox", "id_string": "ob456", "world_size": [0.09, 0.09, 0.09], "id": 456, "camera_size": [37, 37], "camera_position": [256, 254], "world_position": [0.705, 0.6448569696296074, -0.15], "world_orientation": [1.0, -4.331917303826236e-17, -1.1712398707441946e-17, 4.331917303826236e-17, 1.0, -5.775889738434995e-17, 1.1712398707441946e-17, 5.775889738434995e-17, 1.0], "world_rotation": [-0.7896765794068324, 0.16013129347666225, -0.5922574345551229, -7.314247236221149e-17]}], "source": "action wait"}
{"timestamp": 1706200765.780779, "objects": [{"color": "cv_", "id_name": "hand", "shape": "CVCylinder", "id_string": "ob382", "world_size": [0.12, 0.005, 0.12], "id": 382, "camera_size": [49, 49], "camera_position": [246, 253], "world_position": [0.7074654174830542, 0.7054070977719797, -0.17410386565223493], "world_orientation": [-6.026805374009637e-06, -0.0008167603047071653, 0.9999996664330855, -0.0007628112718250436, -0.9999993755070283, -0.0008167646644064872, 0.9999997090412782, -0.0007628159398584492, 5.4037676438663016e-06], "world_rotation": [0.0, 1.0, 0.0, 0.0]}, {"color": "CVPurple", "id_name": "object9429716152850", "shape": "CVBox", "id_string": "ob456", "world_size": [0.09, 0.09, 0.09], "id": 456, "camera_size": [37, 37], "camera_position": [256, 254], "world_position": [0.705, 0.6448569696296074, -0.15], "world_orientation": [1.0, -4.331917303826236e-17, -1.1712398707441946e-17, 4.331917303826236e-17, 1.0, -5.775889738434995e-17, 1.1712398707441946e-17, 5.775889738434995e-17, 1.0], "world_rotation": [-0.7896765794068324, 0.16013129347666225, -0.5922574345551229, -7.314247236221149e-17]}], "source": "action wait"}
{"timestamp": 1706200765.814462, "objects": [{"color": "cv_", "id_name": "hand", "shape": "CVCylinder", "id_string": "ob382", "world_size": [0.12, 0.005, 0.12], "id": 382, "camera_size": [49, 50], "camera_position": [246, 252], "world_position": [0.7077857096919861, 0.7052232073994319, -0.1741042849347821], "world_orientation": [-5.567027285920852e-06, -0.0010741818327832013, 0.9999994230510327, -0.0007628853407419029, -0.9999991320650706, -0.0010741857672167793, 0.9999997089874402, -0.0007628908806178127, 4.747544880945817e-06], "world_rotation": [0.0, 1.0, 0.0, 0.0]}, {"color": "CVPurple", "id_name": "object9429716152850", "shape": "CVBox", "id_string": "ob456", "world_size": [0.09, 0.09, 0.09], "id": 456, "camera_size": [37, 37], "camera_position": [256, 254], "world_position": [0.705, 0.6448569696296074, -0.15], "world_orientation": [1.0, -4.331917303826236e-17, -1.1712398707441946e-17, 4.331917303826236e-17, 1.0, -5.775889738434995e-17, 1.1712398707441946e-17, 5.775889738434995e-17, 1.0], "world_rotation": [-0.7896765794068324, 0.16013129347666225, -0.5922574345551229, -7.314247236221149e-17]}], "source": "action wait"}
{"timestamp": 1706200766.90038, "objects": [{"color": "cv_", "id_name": "hand", "shape": "CVCylinder", "id_string": "ob382", "world_size": [0.12, 0.005, 0.12], "id": 382, "camera_size": [49, 50], "camera_position": [246, 252], "world_position": [0.7085506433951579, 0.7047872572136649, -0.17410546772508842], "world_orientation": [-4.176914165184067e-06, -0.001689392401849158, 0.999998572966915, -0.0007631196019465892, -0.9999982817948628, -0.0016893950974338687, 0.9999997088154708, -0.0007631255694083473, 2.8876985315216154e-06], "world_rotation": [0.0, 1.0, 0.0, 0.0]}, {"color": "CVPurple", "id_name": "object9429716152850", "shape": "CVBox", "id_string": "ob456", "world_size": [0.09, 0.09, 0.09], "id": 456, "camera_size": [37, 37], "camera_position": [256, 254], "world_position": [0.705, 0.6448569696296074, -0.15], "world_orientation": [1.0, -4.331917303826236e-17, -1.1712398707441946e-17, 4.331917303826236e-17, 1.0, -5.775889738434995e-17, 1.1712398707441946e-17, 5.775889738434995e-17, 1.0], "world_rotation": [-0.7896765794068324, 0.16013129347666225, -0.5922574345551229, -7.314247236221149e-17]}], "source": "action wait"}
{"timestamp": 1706200766.930927, "objects": [{"color": "cv_", "id_name": "hand", "shape": "CVCylinder", "id_string": "ob382", "world_size": [0.12, 0.005, 0.12], "id": 382, "camera_size": [51, 51], "camera_position": [246, 251], "world_position": [0.7114455771907524, 0.728266445125165, -0.17409762199482381], "world_orientation": [1.897822915943287e-05, 0.03260368474791798, 0.9994683583689307, -0.0007431487748357269, -0.9994680821008066, 0.03260368984691812, 0.9999997236848245, -0.00074337244630666, 5.261254076288509e-06], "world_rotation": [0.0, 1.0, 0.0, 0.0]}, {"color": "CVPurple", "id_name": "object9429716152850", "shape": "CVBox", "id_string": "ob456", "world_size": [0.09, 0.09, 0.09], "id": 456, "camera_size": [38, 38], "camera_position": [252, 251], "world_position": [0.7106913538529371, 0.6736776452863124, -0.15866699873640047], "world_orientation": [0.9994228246404099, -0.033970834230610564, -3.0759067496930617e-06, 0.03397083431099458, 0.999422824142183, 3.162085452889728e-05, 1.9999446031447463e-06, -3.170709486936391e-05, 0.9999999994953304], "world_rotation": [0.000932092529832342, 7.47089266820538e-05, -0.9999995628109505, -0.03397738634979344]}], "source": "action wait"}
{"timestamp": 1706200766.961702, "objects": [{"color": "cv_", "id_name": "hand", "shape": "CVCylinder", "id_string": "ob382", "world_size": [0.12, 0.005, 0.12], "id": 382, "camera_size": [52, 53], "camera_position": [245, 249], "world_position": [0.7154797849014018, 0.7847341210324671, -0.1741088879528636], "world_orientation": [8.145461734154454e-05, 0.11374147073132464, 0.9935103780036827, -0.0007253805040209759, -0.9935101131979689, 0.11374149988673257, 0.9999997335940995, -0.000729937829095816, 1.5798592720691242e-06], "world_rotation": [0.0, 1.0, 0.0, 0.0]}, {"color": "CVPurple", "id_name": "object9429716152850", "shape": "CVBox", "id_string": "ob456", "world_size": [0.09, 0.09, 0.09], "id": 456, "camera_size": [39, 44], "camera_position": [250, 247], "world_position": [0.7191976653546472, 0.7336278608824025, -0.16423200712086755], "world_orientation": [0.9933775166484081, -0.11489608087520432, -4.118327553824683e-06, 0.11489608093230848, 0.9933775152546299, 5.265865514986691e-05, -1.959219108455539e-06, -5.278310377874968e-05, 0.9999999986050527], "world_rotation": [0.0004588570253841675, 9.395917602196225e-06, -0.9999998946809681, -0.11515039932919209]}], "source": "action wait"}
{"timestamp": 1706200766.992104, "objects": [{"color": "cv_", "id_name": "hand", "shape": "CVCylinder", "id_string": "ob382", "world_size": [0.12, 0.005, 0.12], "id": 382, "camera_size": [56, 55], "camera_position": [244, 250], "world_position": [0.713928614830116, 0.8548886873709829, -0.17411224708372852], "world_orientation": [0.0001564505591014762, 0.21280392971435594, 0.9770949099352375, -0.0007211956077424663, -0.977094643777466, 0.21280398722364802, 0.9999997277000219, -0.0007379698601732665, 6.062561067058476e-07], "world_rotation": [0.0, 1.0, 0.0, 0.0]}, {"color": "CVPurple", "id_name": "object9429716152850", "shape": "CVBox", "id_string": "ob456", "world_size": [0.09, 0.09, 0.09], "id": 456, "camera_size": [41, 50], "camera_position": [248, 245], "world_position": [0.7226701894330471, 0.8064814945202103, -0.16779031421541998], "world_orientation": [0.9768750840772432, -0.21381082772144383, -7.625642710282906e-06, 0.213810827835534, 0.9768750828454876, 4.9151863935205e-05, -3.0599003576802713e-06, -4.9645676194920203e-05, 0.999999998762972], "world_rotation": [0.00023103960289134128, 1.0677060366686626e-05, -0.9999999732533509, -0.21547435047462304]}], "source": "action wait"}
{"timestamp": 1706200767.025442, "objects": [{"color": "cv_", "id_name": "hand", "shape": "CVCylinder", "id_string": "ob382", "world_size": [0.12, 0.005, 0.12], "id": 382, "camera_size": [59, 57], "camera_position": [244, 254], "world_position": [0.7049327179318023, 0.9244944036110752, -0.17411317785320504], "world_orientation": [0.0002316430092715188, 0.309734373075236, 0.9508230984137938, -0.0007095544326740207, -0.9508228336603738, 0.3097344596950181, 0.9999997214369729, -0.0007464085664874309, -4.780651056541138e-07], "world_rotation": [0.0, 1.0, 0.0, 0.0]}, {"color": "CVPurple", "id_name": "object9429716152850", "shape": "CVBox", "id_string": "ob456", "world_size": [0.09, 0.09, 0.09], "id": 456, "camera_size": [44, 55], "camera_position": [246, 247], "world_position": [0.7184322605911718, 0.8785328328449774, -0.17006642889576162], "world_orientation": [0.9505295761011311, -0.3106340690604062, -9.796878801127725e-06, 0.3106340691867174, 0.9505295751173849, 4.3447271980500485e-05, -4.183979840564594e-06, -4.4341161345699064e-05, 0.999999999008178], "world_rotation": [0.00014130522240181868, 9.034583553783593e-06, -0.9999999899756052, -0.31586003239765426]}], "source": "action wait"}
{"timestamp": 1706200767.06456, "objects": [{"color": "cv_", "id_name": "hand", "shape": "CVCylinder", "id_string": "ob382", "world_size": [0.12, 0.005, 0.12], "id": 382, "camera_size": [63, 59], "camera_position": [243, 262], "world_position": [0.6887466128360382, 0.9927760177816496, -0.174113628753934], "world_orientation": [0.0003054416583047109, 0.40353553921853946, 0.914963920213795, -0.00068742988970498, -0.9149636619764797, 0.4035356548097543, 0.9999997170727302, -0.0007522301463469605, -2.06562698512802e-06], "world_rotation": [0.0, 1.0, 0.0, 0.0]}, {"color": "CVPurple", "id_name": "object9429716152850", "shape": "CVBox", "id_string": "ob456", "world_size": [0.09, 0.09, 0.09], "id": 456, "camera_size": [47, 62], "camera_position": [245, 252], "world_position": [0.7067535092860929, 0.9492479300780862, -0.1715229315591523], "world_orientation": [0.9146034688196654, -0.4043519441027337, -1.1107442149114434e-05, 0.40435194421409437, 0.9146034679892746, 3.9398912157993335e-05, -5.772121616547125e-06, -4.052569755566199e-05, 0.9999999991621754], "world_rotation": [9.883049961331848e-05, 6.597372145074539e-06, -0.9999999950945033, -0.416270156892249]}], "source": "action wait"}
{"timestamp": 1706200767.099013, "objects": [{"color": "cv_", "id_name": "hand", "shape": "CVCylinder", "id_string": "ob382", "world_size": [0.12, 0.005, 0.12], "id": 382, "camera_size": [66, 59], "camera_position": [242, 275], "world_position": [0.665631657783941, 1.0590452527597092, -0.17411405276642003], "world_orientation": [0.0003766642235735375, 0.4932642953279007, 0.8698794129525839, -0.0006560569421877468, -0.8698791655651756, 0.493264439124617, 0.9999997138566349, -0.0007564854947132023, -4.042895216670019e-06], "world_rotation": [0.0, 1.0, 0.0, 0.0]}, {"color": "CVPurple", "id_name": "object9429716152850", "shape": "CVBox", "id_string": "ob456", "world_size": [0.09, 0.09, 0.09], "id": 456, "camera_size": [50, 68], "camera_position": [243, 262], "world_position": [0.6878910976177026, 1.0180851371409465, -0.17245519804135176], "world_orientation": [0.869455975862209, -0.4940104309603086, -1.1828107171274035e-05, 0.4940104310413769, 0.8694559751316411, 3.6471913284418384e-05, -7.733487145020912e-06, -3.755393127835054e-05, 0.9999999992649478], "world_rotation": [7.492336164277728e-05, 4.1442647338739925e-06, -0.9999999971846575, -0.5166963174093969]}], "source": "action wait"}
{"timestamp": 1706200767.129305, "objects": [{"color": "cv_", "id_name": "hand", "shape": "CVCylinder", "id_string": "ob382", "world_size": [0.12, 0.005, 0.12], "id": 382, "camera_size": [71, 60], "camera_position": [242, 289], "world_position": [0.642223112450631, 1.10902430379504, -0.1741135714043985], "world_orientation": [0.00043724273804106914, 0.5602032750378659, 0.8283550563952858, -0.0006353821852180203, -0.8283548127367676, 0.5602034456385586, 0.9999997025540892, -0.0007712669342999867, -6.248945330152418e-06], "world_rotation": [0.0, 1.0, 0.0, 0.0]}, {"color": "CVPurple", "id_name": "object9429716152850", "shape": "CVBox", "id_string": "ob456", "world_size": [0.09, 0.09, 0.09], "id": 456, "camera_size": [52, 72], "camera_position": [242, 274], "world_position": [0.6675852341839035, 1.0704118378587921, -0.17305160542347647], "world_orientation": [0.8278866165721118, -0.5608954894411691, -5.033136274036368e-06, 0.5608954893762923, 0.8278866162512255, 2.5088358303689596e-05, -9.90508085098012e-06, -2.3593379504913615e-05, 0.9999999996726211], "world_rotation": [-4.339644254727569e-05, 4.343005661755305e-06, 0.9999999990489435, 0.5954670618791545]}], "source": "action wait"}
{"timestamp": 1706200767.162071, "objects": [{"color": "cv_", "id_name": "hand", "shape": "CVCylinder", "id_string": "ob382", "world_size": [0.12, 0.005, 0.12], "id": 382, "camera_size": [73, 61], "camera_position": [241, 302], "world_position": [0.6229972723206291, 1.1428354041425028, -0.17411467226563604], "world_orientation": [0.0004790362327058691, 0.6053596861782412, 0.7959518960807047, -0.0006135585327937655, -0.795951659661399, 0.6053598756344787, 0.9999996970350614, -0.000778352391788985, -9.866083595664977e-06], "world_rotation": [0.0, 1.0, 0.0, 0.0]}, {"color": "CVPurple", "id_name": "object9429716152850", "shape": "CVBox", "id_string": "ob456", "world_size": [0.09, 0.09, 0.09], "id": 456, "camera_size": [54, 76], "camera_position": [241, 285], "world_position": [0.6503988301506856, 1.106080127900017, -0.17343458541123954], "world_orientation": [0.7954543110714142, -0.6060135633776947, 4.13070835018836e-07, 0.6060135632275879, 0.7954543108891924, 2.172561649363772e-05, -1.3494597244304944e-05, -1.703140877195319e-05, 0.9999999997639135], "world_rotation": [-3.19770279001735e-05, 1.1474716832659587e-05, 0.9999999994229003, 0.6510394445938377]}], "source": "action wait"}
{"timestamp": 1706200767.193078, "objects": [{"color": "cv_", "id_name": "hand", "shape": "CVCylinder", "id_string": "ob382", "world_size": [0.12, 0.005, 0.12], "id": 382, "camera_size": [75, 61], "camera_position": [241, 312], "world_position": [0.6081808214619323, 1.165884465879552, -0.1741163339352943], "world_orientation": [0.00050688596791707, 0.6360935386668141, 0.7716117891355379, -0.0005938513290172047, -0.7716115607301455, 0.6360937404881364, 0.9999996952035609, -0.0007806496777968541, -1.3374079499649552e-05], "world_rotation": [0.0, 1.0, 0.0, 0.0]}, {"color": "CVPurple", "id_name": "object9429716152850", "shape": "CVBox", "id_string": "ob456", "world_size": [0.09, 0.09, 0.09], "id": 456, "camera_size": [56, 78], "camera_position": [241, 294], "world_position": [0.6369413464786957, 1.1305231260760193, -0.17368053749421275], "world_orientation": [0.7710947352387951, -0.6367204325877661, 3.501536223444877e-06, 0.636720432370896, 0.7710947350995206, 2.243255681487954e-05, -1.698328342587834e-05, -1.5068126799744592e-05, 0.99999999974226], "world_rotation": [-2.9448311755512224e-05, 1.6086196227459332e-05, 0.9999999994370155, 0.6902376266268788]}], "source": "action wait"}
