{"timestamp": 1706068652.887183, "objects": [{"color": "cv_", "id_name": "hand", "shape": "CVCylinder", "id_string": "ob383", "world_size": [0.12, 0.005, 0.12], "id": 383, "camera_size": [48, 50], "camera_position": [246, 426], "world_position": [0.2676445155400088, 0.6334703013849516, -0.17389260400847806], "world_orientation": [-0.0006415513913852798, 0.19791547486687927, 0.9802188802609495, -0.0007473675736143618, -0.9802189031248735, 0.19791499033266796, 0.9999995149266435, -0.0006056111687279743, 0.0007767764093943388], "world_rotation": [0.0, 1.0, 0.0, 0.0]}, {"color": "CVBlue", "id_name": "object160821222020656", "shape": "CVCone", "id_string": "ob891", "world_size": [0.11, 0.11, 0.11], "id": 891, "camera_size": [45, 45], "camera_position": [256, 254], "world_position": [0.705, 0.654738849708696, -0.15], "world_orientation": [1.0, -5.1619362862653347e-17, 1.4541359828532488e-17, 5.1619362862653347e-17, 1.0, 2.3824321321224633e-17, -1.4541359828532488e-17, -2.3824321321224633e-17, 1.0], "world_rotation": [-0.4059884517598224, 0.2477982093873522, 0.8796416454796148, 5.868226354211375e-17]}], "source": "manual check"}
{"timestamp": 1706068653.894688, "objects": [{"color": "cv_", "id_name": "hand", "shape": "CVCylinder", "id_string": "ob383", "world_size": [0.12, 0.005, 0.12], "id": 383, "camera_size": [48, 50], "camera_position": [246, 426], "world_position": [0.2676445155400088, 0.6334703013849516, -0.17389260400847806], "world_orientation": [-0.0006415513913852798, 0.19791547486687927, 0.9802188802609495, -0.0007473675736143618, -0.9802189031248735, 0.19791499033266796, 0.9999995149266435, -0.0006056111687279743, 0.0007767764093943388], "world_rotation": [0.0, 1.0, 0.0, 0.0]}, {"color": "CVBlue", "id_name": "object160821222020656", "shape": "CVCone", "id_string": "ob891", "world_size": [0.11, 0.11, 0.11], "id": 891, "camera_size": [45, 45], "camera_position": [256, 254], "world_position": [0.705, 0.6547388572526824, -0.15], "world_orientation": [1.0, -3.838362879530641e-17, 1.4813540171849057e-17, 3.838362879530641e-17, 1.0, 5.294293626938881e-18, -1.4813540171849057e-17, -5.294293626938881e-18, 1.0], "world_rotation": [-0.1276280613210114, 0.35710588544125776, 0.925303444577321, 4.1482206750932463e-17]}], "source": "manual check"}
{"timestamp": 1706068655.779849, "objects": [{"color": "cv_", "id_name": "hand", "shape": "CVCylinder", "id_string": "ob383", "world_size": [0.12, 0.005, 0.12], "id": 383, "camera_size": [48, 50], "camera_position": [246, 426], "world_position": [0.2676445155400088, 0.6334703013849516, -0.17389260400847806], "world_orientation": [-0.0006415513913852798, 0.19791547486687927, 0.9802188802609495, -0.0007473675736143618, -0.9802189031248735, 0.19791499033266796, 0.9999995149266435, -0.0006056111687279743, 0.0007767764093943388], "world_rotation": [0.0, 1.0, 0.0, 0.0]}, {"color": "CVBlue", "id_name": "object160821222020656", "shape": "CVCone", "id_string": "ob891", "world_size": [0.11, 0.11, 0.11], "id": 891, "camera_size": [45, 45], "camera_position": [256, 254], "world_position": [0.705, 0.6547388572526824, -0.15], "world_orientation": [1.0, -3.838362879530641e-17, 1.4813540171849057e-17, 3.838362879530641e-17, 1.0, 5.294293626938881e-18, -1.4813540171849057e-17, -5.294293626938881e-18, 1.0], "world_rotation": [-0.1276280613210114, 0.35710588544125776, 0.925303444577321, 4.1482206750932463e-17]}], "source": "action wait"}
{"timestamp": 1706068655.811839, "objects": [{"color": "cv_", "id_name": "hand", "shape": "CVCylinder", "id_string": "ob383", "world_size": [0.12, 0.005, 0.12], "id": 383, "camera_size": [49, 51], "camera_position": [246, 421], "world_position": [0.2907963042128737, 0.6674649119727205, -0.17395625456143418], "world_orientation": [-0.0003850538368901287, 0.1953090734705465, 0.9807416670834473, -0.0007159466707006054, -0.9807415422772358, 0.1953087675247426, 0.9999996695768992, -0.0006269543410523513, 0.0005174691747606782], "world_rotation": [0.0, 1.0, 0.0, 0.0]}, {"color": "CVBlue", "id_name": "object160821222020656", "shape": "CVCone", "id_string": "ob891", "world_size": [0.11, 0.11, 0.11], "id": 891, "camera_size": [45, 45], "camera_position": [256, 254], "world_position": [0.705, 0.6547388572526824, -0.15], "world_orientation": [1.0, -3.838362879530641e-17, 1.4813540171849057e-17, 3.838362879530641e-17, 1.0, 5.294293626938881e-18, -1.4813540171849057e-17, -5.294293626938881e-18, 1.0], "world_rotation": [-0.1276280613210114, 0.35710588544125776, 0.925303444577321, 4.1482206750932463e-17]}], "source": "action wait"}
{"timestamp": 1706068655.886366, "objects": [{"color": "cv_", "id_name": "hand", "shape": "CVCylinder", "id_string": "ob383", "world_size": [0.12, 0.005, 0.12], "id": 383, "camera_size": [51, 52], "camera_position": [246, 388], "world_position": [0.3870319468594859, 0.7381661615223232, -0.17400462801219935], "world_orientation": [-0.00012490850404884993, 0.1716919712063055, 0.9851506744763253, -0.0007438843046412193, -0.9851504255413036, 0.17169183350389775, 0.9999997155169631, -0.0007113923543695728, 0.0002507726285311563], "world_rotation": [0.0, 1.0, 0.0, 0.0]}, {"color": "CVBlue", "id_name": "object160821222020656", "shape": "CVCone", "id_string": "ob891", "world_size": [0.11, 0.11, 0.11], "id": 891, "camera_size": [45, 45], "camera_position": [256, 254], "world_position": [0.705, 0.6547388572526824, -0.15], "world_orientation": [1.0, -3.838362879530641e-17, 1.4813540171849057e-17, 3.838362879530641e-17, 1.0, 5.294293626938881e-18, -1.4813540171849057e-17, -5.294293626938881e-18, 1.0], "world_rotation": [-0.1276280613210114, 0.35710588544125776, 0.925303444577321, 4.1482206750932463e-17]}], "source": "action wait"}
{"timestamp": 1706068655.916193, "objects": [{"color": "cv_", "id_name": "hand", "shape": "CVCylinder", "id_string": "ob383", "world_size": [0.12, 0.005, 0.12], "id": 383, "camera_size": [52, 53], "camera_position": [245, 368], "world_position": [0.44103755968983904, 0.7659892261546434, -0.1740231155449208], "world_orientation": [-5.292432205936553e-05, 0.16475205822658748, 0.9863350123102794, -0.0007513040304042531, -0.9863347418702881, 0.16475197274062156, 0.9999997163705949, -0.0007323180836125957, 0.0001759799829005348], "world_rotation": [0.0, 1.0, 0.0, 0.0]}, {"color": "CVBlue", "id_name": "object160821222020656", "shape": "CVCone", "id_string": "ob891", "world_size": [0.11, 0.11, 0.11], "id": 891, "camera_size": [45, 45], "camera_position": [256, 254], "world_position": [0.705, 0.6547388572526824, -0.15], "world_orientation": [1.0, -3.838362879530641e-17, 1.4813540171849057e-17, 3.838362879530641e-17, 1.0, 5.294293626938881e-18, -1.4813540171849057e-17, -5.294293626938881e-18, 1.0], "world_rotation": [-0.1276280613210114, 0.35710588544125776, 0.925303444577321, 4.1482206750932463e-17]}], "source": "action wait"}
{"timestamp": 1706068655.945481, "objects": [{"color": "cv_", "id_name": "hand", "shape": "CVCylinder", "id_string": "ob383", "world_size": [0.12, 0.005, 0.12], "id": 383, "camera_size": [52, 53], "camera_position": [245, 344], "world_position": [0.4981549033909033, 0.7811411892267575, -0.17403837652076318], "world_orientation": [-9.121821389284444e-06, 0.14955927734228172, 0.9887527610467881, -0.0007643490998515932, -0.9887524733013587, 0.14955922676618624, 0.9999997078435803, -0.0007543880303285241, 0.00012333472247111067], "world_rotation": [0.0, 1.0, 0.0, 0.0]}, {"color": "CVBlue", "id_name": "object160821222020656", "shape": "CVCone", "id_string": "ob891", "world_size": [0.11, 0.11, 0.11], "id": 891, "camera_size": [45, 45], "camera_position": [256, 254], "world_position": [0.705, 0.6547388572526824, -0.15], "world_orientation": [1.0, -3.838362879530641e-17, 1.4813540171849057e-17, 3.838362879530641e-17, 1.0, 5.294293626938881e-18, -1.4813540171849057e-17, -5.294293626938881e-18, 1.0], "world_rotation": [-0.1276280613210114, 0.35710588544125776, 0.925303444577321, 4.1482206750932463e-17]}], "source": "action wait"}
{"timestamp": 1706068655.976845, "objects": [{"color": "cv_", "id_name": "hand", "shape": "CVCylinder", "id_string": "ob383", "world_size": [0.12, 0.005, 0.12], "id": 383, "camera_size": [52, 53], "camera_position": [245, 318], "world_position": [0.5567904824426361, 0.7728433454330927, -0.1740502196429988], "world_orientation": [-2.340570181260355e-06, 0.11084767024630075, 0.9938374082290772, -0.0007770584750202568, -0.9938371083839702, 0.11084763497303499, 0.9999996980872786, -0.0007720103341878166, 8.846126710245472e-05], "world_rotation": [0.0, 1.0, 0.0, 0.0]}, {"color": "CVBlue", "id_name": "object160821222020656", "shape": "CVCone", "id_string": "ob891", "world_size": [0.11, 0.11, 0.11], "id": 891, "camera_size": [45, 45], "camera_position": [256, 254], "world_position": [0.705, 0.6547388572526824, -0.15], "world_orientation": [1.0, -3.838362879530641e-17, 1.4813540171849057e-17, 3.838362879530641e-17, 1.0, 5.294293626938881e-18, -1.4813540171849057e-17, -5.294293626938881e-18, 1.0], "world_rotation": [-0.1276280613210114, 0.35710588544125776, 0.925303444577321, 4.1482206750932463e-17]}], "source": "action wait"}
{"timestamp": 1706068656.01096, "objects": [{"color": "cv_", "id_name": "hand", "shape": "CVCylinder", "id_string": "ob383", "world_size": [0.12, 0.005, 0.12], "id": 383, "camera_size": [52, 52], "camera_position": [245, 298], "world_position": [0.6021305150986264, 0.7593670366353678, -0.17405582496320374], "world_orientation": [-1.6616438801704392e-05, 0.07771686266807798, 0.9969754706014211, -0.0007752611392715939, -0.9969751721341654, 0.07771682648061023, 0.9999996993469847, -0.0007716249622735412, 7.681704042764561e-05], "world_rotation": [0.0, 1.0, 0.0, 0.0]}, {"color": "CVBlue", "id_name": "object160821222020656", "shape": "CVCone", "id_string": "ob891", "world_size": [0.11, 0.11, 0.11], "id": 891, "camera_size": [45, 45], "camera_position": [256, 254], "world_position": [0.705, 0.6547388572526824, -0.15], "world_orientation": [1.0, -3.838362879530641e-17, 1.4813540171849057e-17, 3.838362879530641e-17, 1.0, 5.294293626938881e-18, -1.4813540171849057e-17, -5.294293626938881e-18, 1.0], "world_rotation": [-0.1276280613210114, 0.35710588544125776, 0.925303444577321, 4.1482206750932463e-17]}], "source": "action wait"}
{"timestamp": 1706068656.083067, "objects": [{"color": "cv_", "id_name": "hand", "shape": "CVCylinder", "id_string": "ob383", "world_size": [0.12, 0.005, 0.12], "id": 383, "camera_size": [51, 51], "camera_position": [246, 275], "world_position": [0.6562274492110748, 0.7377735739234136, -0.17407138277234022], "world_orientation": [-2.421311935249766e-05, 0.03778609577929974, 0.9992858501847619, -0.0007678982418372305, -0.999285556556912, 0.037786066069821274, 0.9999997048729641, -0.0007664349289224408, 5.3211696963334806e-05], "world_rotation": [0.0, 1.0, 0.0, 0.0]}, {"color": "CVBlue", "id_name": "object160821222020656", "shape": "CVCone", "id_string": "ob891", "world_size": [0.11, 0.11, 0.11], "id": 891, "camera_size": [45, 45], "camera_position": [256, 254], "world_position": [0.705, 0.6547388572526824, -0.15], "world_orientation": [1.0, -3.838362879530641e-17, 1.4813540171849057e-17, 3.838362879530641e-17, 1.0, 5.294293626938881e-18, -1.4813540171849057e-17, -5.294293626938881e-18, 1.0], "world_rotation": [-0.1276280613210114, 0.35710588544125776, 0.925303444577321, 4.1482206750932463e-17]}], "source": "action wait"}
{"timestamp": 1706068656.111086, "objects": [{"color": "cv_", "id_name": "hand", "shape": "CVCylinder", "id_string": "ob383", "world_size": [0.12, 0.005, 0.12], "id": 383, "camera_size": [51, 51], "camera_position": [246, 268], "world_position": [0.6718104934704073, 0.7304172508796664, -0.1740784947390842], "world_orientation": [-2.3034334695316557e-05, 0.0261365415565204, 0.9996583819810064, -0.0007653854264422978, -0.9996580898995909, 0.026136516283744967, 0.9999997068272414, -0.0007645219197256549, 4.303098702896589e-05], "world_rotation": [0.0, 1.0, 0.0, 0.0]}, {"color": "CVBlue", "id_name": "object160821222020656", "shape": "CVCone", "id_string": "ob891", "world_size": [0.11, 0.11, 0.11], "id": 891, "camera_size": [45, 45], "camera_position": [256, 254], "world_position": [0.705, 0.6547388572526824, -0.15], "world_orientation": [1.0, -3.838362879530641e-17, 1.4813540171849057e-17, 3.838362879530641e-17, 1.0, 5.294293626938881e-18, -1.4813540171849057e-17, -5.294293626938881e-18, 1.0], "world_rotation": [-0.1276280613210114, 0.35710588544125776, 0.925303444577321, 4.1482206750932463e-17]}], "source": "action wait"}
{"timestamp": 1706068656.145728, "objects": [{"color": "cv_", "id_name": "hand", "shape": "CVCylinder", "id_string": "ob383", "world_size": [0.12, 0.005, 0.12], "id": 383, "camera_size": [51, 50], "camera_position": [246, 263], "world_position": [0.6827232850579772, 0.7249641587187762, -0.17408450739205814], "world_orientation": [-2.073252867073775e-05, 0.01792394084502534, 0.9998393530536526, -0.0007638012944284387, -0.9998390619029808, 0.01792391978754325, 0.9999997080888298, -0.0007633069839023492, 3.441952123608697e-05], "world_rotation": [0.0, 1.0, 0.0, 0.0]}, {"color": "CVBlue", "id_name": "object160821222020656", "shape": "CVCone", "id_string": "ob891", "world_size": [0.11, 0.11, 0.11], "id": 891, "camera_size": [45, 45], "camera_position": [256, 254], "world_position": [0.705, 0.6547388572526824, -0.15], "world_orientation": [1.0, -3.838362879530641e-17, 1.4813540171849057e-17, 3.838362879530641e-17, 1.0, 5.294293626938881e-18, -1.4813540171849057e-17, -5.294293626938881e-18, 1.0], "world_rotation": [-0.1276280613210114, 0.35710588544125776, 0.925303444577321, 4.1482206750932463e-17]}], "source": "action wait"}
{"timestamp": 1706068656.181253, "objects": [{"color": "cv_", "id_name": "hand", "shape": "CVCylinder", "id_string": "ob383", "world_size": [0.12, 0.005, 0.12], "id": 383, "camera_size": [51, 51], "camera_position": [246, 260], "world_position": [0.6903741407505796, 0.7209971825607069, -0.1740893964224244], "world_orientation": [-1.808957434155206e-05, 0.012135109257277876, 0.9999263666871083, -0.0007629125206418108, -0.9999260760218155, 0.012135091927984357, 0.9999997088185842, -0.0007626368262182551, 2.7346263880355862e-05], "world_rotation": [0.0, 1.0, 0.0, 0.0]}, {"color": "CVBlue", "id_name": "object160821222020656", "shape": "CVCone", "id_string": "ob891", "world_size": [0.11, 0.11, 0.11], "id": 891, "camera_size": [45, 45], "camera_position": [256, 254], "world_position": [0.705, 0.6547388572526824, -0.15], "world_orientation": [1.0, -3.838362879530641e-17, 1.4813540171849057e-17, 3.838362879530641e-17, 1.0, 5.294293626938881e-18, -1.4813540171849057e-17, -5.294293626938881e-18, 1.0], "world_rotation": [-0.1276280613210114, 0.35710588544125776, 0.925303444577321, 4.1482206750932463e-17]}], "source": "action wait"}
{"timestamp": 1706068656.209344, "objects": [{"color": "cv_", "id_name": "hand", "shape": "CVCylinder", "id_string": "ob383", "world_size": [0.12, 0.005, 0.12], "id": 383, "camera_size": [51, 50], "camera_position": [246, 257], "world_position": [0.6957439003070317, 0.7181459750169311, -0.17409327254647913], "world_orientation": [-1.554083706018275e-05, 0.00805494741942672, 0.9999675582640433, -0.0007624851026388457, -0.9999672677978688, 0.008054933229620222, 0.9999997091874331, -0.0007623351858939627, 2.1682105784581886e-05], "world_rotation": [0.0, 1.0, 0.0, 0.0]}, {"color": "CVBlue", "id_name": "object160821222020656", "shape": "CVCone", "id_string": "ob891", "world_size": [0.11, 0.11, 0.11], "id": 891, "camera_size": [45, 45], "camera_position": [256, 254], "world_position": [0.705, 0.6547388572526824, -0.15], "world_orientation": [1.0, -3.838362879530641e-17, 1.4813540171849057e-17, 3.838362879530641e-17, 1.0, 5.294293626938881e-18, -1.4813540171849057e-17, -5.294293626938881e-18, 1.0], "world_rotation": [-0.1276280613210114, 0.35710588544125776, 0.925303444577321, 4.1482206750932463e-17]}], "source": "action wait"}
{"timestamp": 1706068656.242015, "objects": [{"color": "cv_", "id_name": "hand", "shape": "CVCylinder", "id_string": "ob383", "world_size": [0.12, 0.005, 0.12], "id": 383, "camera_size": [50, 50], "camera_position": [245, 256], "world_position": [0.6995161812183951, 0.7161128643938162, -0.17409629263765053], "world_orientation": [-1.3260914116489016e-05, 0.005179143594409481, 0.9999865880579483, -0.0007623368053530699, -0.999986297623383, 0.005179131980768854, 0.9999997093333296, -0.0007622579009119948, 1.7208984193042915e-05], "world_rotation": [0.0, 1.0, 0.0, 0.0]}, {"color": "CVBlue", "id_name": "object160821222020656", "shape": "CVCone", "id_string": "ob891", "world_size": [0.11, 0.11, 0.11], "id": 891, "camera_size": [45, 45], "camera_position": [256, 254], "world_position": [0.705, 0.6547388572526824, -0.15], "world_orientation": [1.0, -3.838362879530641e-17, 1.4813540171849057e-17, 3.838362879530641e-17, 1.0, 5.294293626938881e-18, -1.4813540171849057e-17, -5.294293626938881e-18, 1.0], "world_rotation": [-0.1276280613210114, 0.35710588544125776, 0.925303444577321, 4.1482206750932463e-17]}], "source": "action wait"}
{"timestamp": 1706068656.273895, "objects": [{"color": "cv_", "id_name": "hand", "shape": "CVCylinder", "id_string": "ob383", "world_size": [0.12, 0.005, 0.12], "id": 383, "camera_size": [50, 50], "camera_position": [245, 255], "world_position": [0.7021682410056472, 0.7146706708486154, -0.17409861657130873], "world_orientation": [-1.1325108635141252e-05, 0.0031521791473090874, 0.9999950318068411, -0.0007623425733997458, -0.9999947413164864, 0.003152169597971877, 0.9999997093527292, -0.0007623030872718148, 1.3728089443321118e-05], "world_rotation": [0.0, 1.0, 0.0, 0.0]}, {"color": "CVBlue", "id_name": "object160821222020656", "shape": "CVCone", "id_string": "ob891", "world_size": [0.11, 0.11, 0.11], "id": 891, "camera_size": [45, 45], "camera_position": [256, 254], "world_position": [0.705, 0.6547388572526824, -0.15], "world_orientation": [1.0, -3.838362879530641e-17, 1.4813540171849057e-17, 3.838362879530641e-17, 1.0, 5.294293626938881e-18, -1.4813540171849057e-17, -5.294293626938881e-18, 1.0], "world_rotation": [-0.1276280613210114, 0.35710588544125776, 0.925303444577321, 4.1482206750932463e-17]}], "source": "action wait"}
{"timestamp": 1706068656.348077, "objects": [{"color": "cv_", "id_name": "hand", "shape": "CVCylinder", "id_string": "ob383", "world_size": [0.12, 0.005, 0.12], "id": 383, "camera_size": [50, 50], "camera_position": [245, 254], "world_position": [0.7053469035099605, 0.712932090966793, -0.1741017295540944], "world_orientation": [-8.455047460831419e-06, 0.0007164244403601026, 0.9999997433322338, -0.0007625314177752157, -0.9999994526455475, 0.0007164177848643693, 0.9999997092371324, -0.000762525164711992, 9.001338977525056e-06], "world_rotation": [0.0, 1.0, 0.0, 0.0]}, {"color": "CVBlue", "id_name": "object160821222020656", "shape": "CVCone", "id_string": "ob891", "world_size": [0.11, 0.11, 0.11], "id": 891, "camera_size": [45, 45], "camera_position": [256, 254], "world_position": [0.705, 0.6547388572526824, -0.15], "world_orientation": [1.0, -3.838362879530641e-17, 1.4813540171849057e-17, 3.838362879530641e-17, 1.0, 5.294293626938881e-18, -1.4813540171849057e-17, -5.294293626938881e-18, 1.0], "world_rotation": [-0.1276280613210114, 0.35710588544125776, 0.925303444577321, 4.1482206750932463e-17]}], "source": "action wait"}
{"timestamp": 1706068656.377405, "objects": [{"color": "cv_", "id_name": "hand", "shape": "CVCylinder", "id_string": "ob383", "world_size": [0.12, 0.005, 0.12], "id": 383, "camera_size": [50, 50], "camera_position": [245, 253], "world_position": [0.7062713648389263, 0.712425642230446, -0.17410273922341535], "world_orientation": [-7.445078534357185e-06, 6.566929470046342e-06, 0.9999999999507231, -0.0007626420408609027, -0.9999997091669915, 6.5612496309816195e-06, 0.9999997091608019, -0.0007626419919746928, 7.450084585940386e-06], "world_rotation": [0.0, 1.0, 0.0, 0.0]}, {"color": "CVBlue", "id_name": "object160821222020656", "shape": "CVCone", "id_string": "ob891", "world_size": [0.11, 0.11, 0.11], "id": 891, "camera_size": [45, 45], "camera_position": [256, 254], "world_position": [0.705, 0.6547388572526824, -0.15], "world_orientation": [1.0, -3.838362879530641e-17, 1.4813540171849057e-17, 3.838362879530641e-17, 1.0, 5.294293626938881e-18, -1.4813540171849057e-17, -5.294293626938881e-18, 1.0], "world_rotation": [-0.1276280613210114, 0.35710588544125776, 0.925303444577321, 4.1482206750932463e-17]}], "source": "action wait"}
{"timestamp": 1706068656.404971, "objects": [{"color": "cv_", "id_name": "hand", "shape": "CVCylinder", "id_string": "ob383", "world_size": [0.12, 0.005, 0.12], "id": 383, "camera_size": [49, 50], "camera_position": [246, 253], "world_position": [0.7069025653532739, 0.7120937821922015, -0.17409628816182215], "world_orientation": [-8.44597465064557e-06, -0.0004856437522439749, 0.9999998820393988, -0.0007634934594429476, -0.9999995906107949, -0.0004856500591602749, 0.999999708503159, -0.0007634974711692402, 8.075185364834669e-06], "world_rotation": [0.0, 1.0, 0.0, 0.0]}, {"color": "CVBlue", "id_name": "object160821222020656", "shape": "CVCone", "id_string": "ob891", "world_size": [0.11, 0.11, 0.11], "id": 891, "camera_size": [45, 45], "camera_position": [256, 254], "world_position": [0.7050976649506254, 0.65466259836077, -0.14999646363391309], "world_orientation": [0.9999984304168202, 0.001771766020258903, 3.0108806970184255e-06, -0.0017717658085643101, 0.9999984280470682, -6.891525596336609e-05, -3.1329776728516813e-06, 6.890981321966674e-05, 0.999999997620811], "world_rotation": [0.03886538511811748, 0.0017325108057015728, -0.9992429535633106, 0.001773109168770597]}], "source": "action wait"}
{"timestamp": 1706068656.435965, "objects": [{"color": "cv_", "id_name": "hand", "shape": "CVCylinder", "id_string": "ob383", "world_size": [0.12, 0.005, 0.12], "id": 383, "camera_size": [49, 50], "camera_position": [246, 252], "world_position": [0.7073244161837554, 0.7118855650920355, -0.17410067085922323], "world_orientation": [-5.2878948586736e-06, -0.000823978558569942, 0.999999660515629, -0.0007652228753007392, -0.9999993677433079, -0.0008239823637508765, 0.9999997072029518, -0.0007652269726519951, 4.657364273935437e-06], "world_rotation": [0.0, 1.0, 0.0, 0.0]}, {"color": "CVBlue", "id_name": "object160821222020656", "shape": "CVCone", "id_string": "ob891", "world_size": [0.11, 0.11, 0.11], "id": 891, "camera_size": [45, 46], "camera_position": [256, 253], "world_position": [0.7051967308800262, 0.6545958402453184, -0.14999864108509683], "world_orientation": [0.9999936874309809, 0.003553178976980179, 4.164984369495808e-06, -0.003553178855643334, 0.9999936870257459, -2.8786711923181223e-05, -4.267242415678357e-06, 2.8771731270679633e-05, 0.999999999576989], "world_rotation": [0.008099298701545871, 0.0011865352789733853, -0.9999664961860346, 0.0035533054426680174]}], "source": "action wait"}
{"timestamp": 1706068656.466431, "objects": [{"color": "cv_", "id_name": "hand", "shape": "CVCylinder", "id_string": "ob383", "world_size": [0.12, 0.005, 0.12], "id": 383, "camera_size": [49, 50], "camera_position": [246, 252], "world_position": [0.7076261378169568, 0.7117319537246479, -0.17410491970741332], "world_orientation": [-2.91977051478013e-06, -0.0010646228012899616, 0.9999994332847224, -0.000766124551655853, -0.9999991398133123, -0.001064624725762231, 0.9999997065222801, -0.0007661272259416041, 2.1041343372669617e-06], "world_rotation": [0.0, 1.0, 0.0, 0.0]}, {"color": "CVBlue", "id_name": "object160821222020656", "shape": "CVCone", "id_string": "ob891", "world_size": [0.11, 0.11, 0.11], "id": 891, "camera_size": [45, 46], "camera_position": [256, 253], "world_position": [0.7052846833609372, 0.6545052962221477, -0.15000076830496198], "world_orientation": [0.9999868735095594, 0.005123747476374127, 4.513838514020694e-06, -0.005123747525948234, 0.9999868734585463, 1.1040455959585417e-05, -4.4572107545713255e-06, -1.1063438806064568e-05, 0.9999999999288668], "world_rotation": [-0.0021569988440787494, 0.0008754358952431195, -0.9999972904803192, 0.005123783803317123]}], "source": "action wait"}
{"timestamp": 1706068657.564705, "objects": [{"color": "cv_", "id_name": "hand", "shape": "CVCylinder", "id_string": "ob383", "world_size": [0.12, 0.005, 0.12], "id": 383, "camera_size": [49, 50], "camera_position": [246, 252], "world_position": [0.7083548186498738, 0.7113706013358505, -0.1741138137598344], "world_orientation": [3.885662950808495e-06, -0.0016364922331567732, 0.9999986609381397, -0.0007683910938455141, -0.9999983657384902, -0.001636488764351034, 0.9999997047799707, -0.000768383706078914, -5.143122657365814e-06], "world_rotation": [0.0, 1.0, 0.0, 0.0]}, {"color": "CVBlue", "id_name": "object160821222020656", "shape": "CVCone", "id_string": "ob891", "world_size": [0.11, 0.11, 0.11], "id": 891, "camera_size": [45, 46], "camera_position": [256, 253], "world_position": [0.7055090654942754, 0.6543009335064315, -0.15000522633091737], "world_orientation": [0.9999663627929857, 0.008202000646391844, -2.1632465453336903e-05, -0.008201997667874836, 0.9999663540250218, 0.00013435833173081223, 2.2733744731651192e-05, -0.00013417638286059486, 0.9999999907399375], "world_rotation": [0.016367824114829545, 0.0027042251354889874, 0.9998623812806254, -0.008203220063770148]}], "source": "action wait"}
{"timestamp": 1706068657.590316, "objects": [{"color": "cv_", "id_name": "hand", "shape": "CVCylinder", "id_string": "ob383", "world_size": [0.12, 0.005, 0.12], "id": 383, "camera_size": [51, 50], "camera_position": [246, 251], "world_position": [0.7107736886241542, 0.732027998393613, -0.17409608267766336], "world_orientation": [2.2404738804719443e-05, 0.02866978907608577, 0.9995889368597276, -0.0007444015071721768, -0.9995886596795038, 0.02866979781109962, 0.9999997226821735, -0.0007447378504829199, -1.0536886333743216e-06], "world_rotation": [0.0, 1.0, 0.0, 0.0]}, {"color": "CVBlue", "id_name": "object160821222020656", "shape": "CVCone", "id_string": "ob891", "world_size": [0.11, 0.11, 0.11], "id": 891, "camera_size": [46, 48], "camera_position": [252, 251], "world_position": [0.7106539874798234, 0.6756631298763472, -0.15864704705946023], "world_orientation": [0.9996935090896458, -0.02475655211975307, -3.179893259407751e-05, 0.024756555713178842, 0.99969350253351, 0.00011807414376609775, 2.8866077607659863e-05, -0.00011882518716067047, 0.9999999925236622], "world_rotation": [0.00478451973548811, 0.001225216371140891, -0.9999878035334955, -0.024759385481091353]}], "source": "action wait"}
{"timestamp": 1706068657.623784, "objects": [{"color": "cv_", "id_name": "hand", "shape": "CVCylinder", "id_string": "ob383", "world_size": [0.12, 0.005, 0.12], "id": 383, "camera_size": [52, 53], "camera_position": [245, 250], "world_position": [0.7141895817457412, 0.7808921201188644, -0.17411289878890338], "world_orientation": [7.775126290152296e-05, 0.09914094512247201, 0.9950733977727292, -0.0007264940978793027, -0.995073132583649, 0.09914097546670395, 0.9999997330804978, -0.0007306232864867711, -5.342881247719957e-06], "world_rotation": [0.0, 1.0, 0.0, 0.0]}, {"color": "CVBlue", "id_name": "object160821222020656", "shape": "CVCone", "id_string": "ob891", "world_size": [0.11, 0.11, 0.11], "id": 891, "camera_size": [48, 53], "camera_position": [249, 248], "world_position": [0.7186532787864738, 0.7250889211991535, -0.16422574200262802], "world_orientation": [0.9952909628542971, -0.09693244000902829, -3.6530299590382705e-05, 0.09693244337592086, 0.9952909575815231, 0.00010572430657266934, 2.6110161855700452e-05, -0.00010876741808236518, 0.9999999937439541], "world_rotation": [0.0011063972929593218, 0.0003231138035051575, -0.9999993357410294, -0.09708494636875871]}], "source": "action wait"}
{"timestamp": 1706068657.659278, "objects": [{"color": "cv_", "id_name": "hand", "shape": "CVCylinder", "id_string": "ob383", "world_size": [0.12, 0.005, 0.12], "id": 383, "camera_size": [55, 55], "camera_position": [245, 250], "world_position": [0.7131806439184188, 0.8508219398762241, -0.17411935439283005], "world_orientation": [0.00015181817889106143, 0.1983918293578865, 0.9801227775106911, -0.0007164349478005786, -0.9801225156890679, 0.19839188733488688, 0.999999731836067, -0.0007323137059862816, -6.665575511535381e-06], "world_rotation": [0.0, 1.0, 0.0, 0.0]}, {"color": "CVBlue", "id_name": "object160821222020656", "shape": "CVCone", "id_string": "ob891", "world_size": [0.11, 0.11, 0.11], "id": 891, "camera_size": [51, 60], "camera_position": [248, 245], "world_position": [0.7235988493097558, 0.7958872509662638, -0.16779202606308458], "world_orientation": [0.9803471749559176, -0.1972800412687425, -4.327764644642685e-05, 0.1972800443399727, 0.980347171632303, 8.472167503910852e-05, 2.571322274058504e-05, -9.159447079200406e-05, 0.9999999954746416], "world_rotation": [0.0004468676177910356, 0.00017485514566807625, -0.9999998848674985, -0.19858268179807134]}], "source": "action wait"}
{"timestamp": 1706068657.696929, "objects": [{"color": "cv_", "id_name": "hand", "shape": "CVCylinder", "id_string": "ob383", "world_size": [0.12, 0.005, 0.12], "id": 383, "camera_size": [59, 57], "camera_position": [244, 254], "world_position": [0.7046752325618654, 0.9203750549827203, -0.17412029726571301], "world_orientation": [0.0002264848879400454, 0.2956997076249007, 0.9552809176441994, -0.0007070531250814253, -0.9552806560085043, 0.295699794270879, 0.9999997243901989, -0.0007424058929205474, -7.281229965073588e-06], "world_rotation": [0.0, 1.0, 0.0, 0.0]}, {"color": "CVBlue", "id_name": "object160821222020656", "shape": "CVCone", "id_string": "ob891", "world_size": [0.11, 0.11, 0.11], "id": 891, "camera_size": [54, 67], "camera_position": [246, 246], "world_position": [0.7207960924391625, 0.8668563429484238, -0.17007151718361313], "world_orientation": [0.9554108297182025, -0.2952797730639845, -4.556816632901909e-05, 0.29527977547280077, 0.9554108281233166, 6.083954997651908e-05, 2.557163101808768e-05, -7.158212284508813e-05, 0.9999999971110457], "world_rotation": [0.00022423084828595609, 0.00012046167946784856, -0.9999999676047547, -0.29974834681286416]}], "source": "action wait"}
{"timestamp": 1706068657.731292, "objects": [{"color": "cv_", "id_name": "hand", "shape": "CVCylinder", "id_string": "ob383", "world_size": [0.12, 0.005, 0.12], "id": 383, "camera_size": [62, 59], "camera_position": [243, 262], "world_position": [0.6889526798965767, 0.9886415856760272, -0.1741201358489062], "world_orientation": [0.00030012074690033224, 0.39001912742541683, 0.9208067061929197, -0.0006867995846072842, -0.9208064501013409, 0.3900192428048872, 0.9999997191168946, -0.0007494625297732001, -8.488144849908732e-06], "world_rotation": [0.0, 1.0, 0.0, 0.0]}, {"color": "CVBlue", "id_name": "object160821222020656", "shape": "CVCone", "id_string": "ob891", "world_size": [0.11, 0.11, 0.11], "id": 891, "camera_size": [57, 74], "camera_position": [245, 250], "world_position": [0.7105163663823065, 0.93706973370542, -0.17152950514883147], "world_orientation": [0.9208047396029724, -0.3900238832032965, -4.534008824687295e-05, 0.3900238850628591, 0.9208047388818011, 4.396921407411908e-05, 2.46003245044547e-05, -5.8170778083204834e-05, 0.9999999980054923], "world_rotation": [0.00013094068725838794, 8.966170370062523e-05, -0.9999999874076575, -0.4006575362181098]}], "source": "action wait"}
{"timestamp": 1706068657.762649, "objects": [{"color": "cv_", "id_name": "hand", "shape": "CVCylinder", "id_string": "ob383", "world_size": [0.12, 0.005, 0.12], "id": 383, "camera_size": [66, 60], "camera_position": [242, 274], "world_position": [0.6662816722719156, 1.0549344473105893, -0.17411975027994797], "world_orientation": [0.00037140125824577816, 0.4804019621898465, 0.8770483548728946, -0.000657003638417409, -0.8770481088479133, 0.48040210564954683, 0.9999997152036217, -0.000754645906721789, -1.0110934106109472e-05], "world_rotation": [0.0, 1.0, 0.0, 0.0]}, {"color": "CVBlue", "id_name": "object160821222020656", "shape": "CVCone", "id_string": "ob891", "world_size": [0.11, 0.11, 0.11], "id": 891, "camera_size": [60, 83], "camera_position": [243, 260], "world_position": [0.6930085471564204, 1.0058237648190105, -0.17246227321717436], "world_orientation": [0.8769091284641037, -0.48065619573865925, -4.375346601548837e-05, 0.4806561971758164, 0.8769091281912873, 3.180061658302322e-05, 2.3082650350049364e-05, -4.891662556070596e-05, 0.9999999985371777], "world_rotation": [8.396567261490091e-05, 6.952590693828785e-05, -0.999999994057957, -0.5014028684372307]}], "source": "action wait"}
{"timestamp": 1706068657.792431, "objects": [{"color": "cv_", "id_name": "hand", "shape": "CVCylinder", "id_string": "ob383", "world_size": [0.12, 0.005, 0.12], "id": 383, "camera_size": [70, 61], "camera_position": [241, 290], "world_position": [0.6419557113410382, 1.1077184106554474, -0.17411829221759573], "world_orientation": [0.00043449877769592677, 0.5515677917784356, 0.8341299552728415, -0.0006357567658451336, -0.8341297130753895, 0.5515679627916247, 0.9999997035120296, -0.0007699593683080864, -1.176538532520635e-05], "world_rotation": [0.0, 1.0, 0.0, 0.0]}, {"color": "CVBlue", "id_name": "object160821222020656", "shape": "CVCone", "id_string": "ob891", "world_size": [0.11, 0.11, 0.11], "id": 891, "camera_size": [64, 89], "camera_position": [242, 272], "world_position": [0.6726808088037833, 1.0611303310090625, -0.17305863235403185], "world_orientation": [0.83386949619982, -0.5519616491045642, -3.500326036184005e-05, 0.5519616497972615, 0.8338694963584317, 1.4000740265752963e-05, 2.1460279403060934e-05, -3.0995247569432284e-05, 0.9999999992893756], "world_rotation": [4.076006710222672e-05, 5.1148064091326686e-05, -0.9999999978612462, -0.5847148784805647]}], "source": "action wait"}
{"timestamp": 1706068657.824417, "objects": [{"color": "cv_", "id_name": "hand", "shape": "CVCylinder", "id_string": "ob383", "world_size": [0.12, 0.005, 0.12], "id": 383, "camera_size": [73, 61], "camera_position": [241, 303], "world_position": [0.6217372499531354, 1.1433830116130286, -0.17411852678309017], "world_orientation": [0.00047935657111522814, 0.5995227138677252, 0.8003575986857099, -0.0006145773969917997, -0.8003573628696895, 0.5995229053129657, 0.9999996962559042, -0.0007792669338587925, -1.5203452205245097e-05], "world_rotation": [0.0, 1.0, 0.0, 0.0]}, {"color": "CVBlue", "id_name": "object160821222020656", "shape": "CVCone", "id_string": "ob891", "world_size": [0.11, 0.11, 0.11], "id": 891, "camera_size": [67, 93], "camera_position": [242, 283], "world_position": [0.6550932495649364, 1.0988676269322724, -0.1734414006276931], "world_orientation": [0.8000044773044201, -0.5999940296324437, -2.6425438510102675e-05, 0.599994029943778, 0.8000044774904509, 5.201486941811782e-06, 1.8019608017432532e-05, -2.0016318186797907e-05, 0.9999999996373206], "world_rotation": [2.1015046695256234e-05, 3.7037907279620666e-05, -0.9999999990932806, -0.6434936467293365]}], "source": "action wait"}
{"timestamp": 1706068657.85653, "objects": [{"color": "cv_", "id_name": "hand", "shape": "CVCylinder", "id_string": "ob383", "world_size": [0.12, 0.005, 0.12], "id": 383, "camera_size": [75, 62], "camera_position": [241, 313], "world_position": [0.6060733284263502, 1.167639760428638, -0.17411979548244175], "world_orientation": [0.0005093745583276206, 0.6321147796641248, 0.7748746000919985, -0.0005944139589426168, -0.7748743723336011, 0.6321149846132847, 0.9999996936047555, -0.0007825795698244752, -1.8963442480015452e-05], "world_rotation": [0.0, 1.0, 0.0, 0.0]}, {"color": "CVBlue", "id_name": "object160821222020656", "shape": "CVCone", "id_string": "ob891", "world_size": [0.11, 0.11, 0.11], "id": 891, "camera_size": [68, 96], "camera_position": [241, 292], "world_position": [0.641183012372385, 1.1247150398751962, -0.1736873224683401], "world_orientation": [0.7744550292846755, -0.6326289648584974, -2.092220138780409e-05, 0.6326289650440714, 0.7744550294095144, 3.0944174251412525e-06, 1.4245685998596392e-05, -1.563247774801691e-05, 0.999999999776343], "world_rotation": [1.4800851843161466e-05, 2.779503414902275e-05, -0.9999999995041854, -0.684943124812925]}], "source": "action wait"}
{"timestamp": 1706068657.892826, "objects": [{"color": "cv_", "id_name": "hand", "shape": "CVCylinder", "id_string": "ob383", "world_size": [0.12, 0.005, 0.12], "id": 383, "camera_size": [76, 62], "camera_position": [240, 321], "world_position": [0.5943785127303121, 1.1842752642043517, -0.17412123927302017], "world_orientation": [0.0005290971320954402, 0.6544535139771968, 0.7561020553464484, -0.0005773547903571627, -0.7561018352400591, 0.6544537274766348, 0.9999996933587886, -0.0007828087339502552, -2.2199441236287798e-05], "world_rotation": [0.0, 1.0, 0.0, 0.0]}, {"color": "CVBlue", "id_name": "object160821222020656", "shape": "CVCone", "id_string": "ob891", "world_size": [0.11, 0.11, 0.11], "id": 891, "camera_size": [69, 98], "camera_position": [241, 299], "world_position": [0.6306731862578946, 1.1425282506556584, -0.1738452266006682], "world_orientation": [0.7556363471263826, -0.6549913820649822, -1.7947187750358164e-05, 0.6549913822185911, 0.7556363471962013, 3.919377893476242e-06, 1.0994388650842109e-05, -1.4716877705977941e-05, 0.9999999998312686], "world_rotation": [1.4226336484062217e-05, 2.2093097085163842e-05, -0.9999999996547532, -0.7141712159499108]}], "source": "action wait"}
{"timestamp": 1706068657.928283, "objects": [{"color": "cv_", "id_name": "hand", "shape": "CVCylinder", "id_string": "ob383", "world_size": [0.12, 0.005, 0.12], "id": 383, "camera_size": [78, 63], "camera_position": [240, 328], "world_position": [0.5858349397319451, 1.1957670671891671, -0.17412250864621195], "world_orientation": [0.0005419089073685916, 0.6698739626795586, 0.742474632872209, -0.0005637754882261824, -0.7424744192399915, 0.6698741814187472, 0.9999996942459208, -0.0007815997843701659, -2.4694980919283318e-05], "world_rotation": [0.0, 1.0, 0.0, 0.0]}, {"color": "CVBlue", "id_name": "object160821222020656", "shape": "CVCone", "id_string": "ob891", "world_size": [0.11, 0.11, 0.11], "id": 891, "camera_size": [70, 99], "camera_position": [240, 305], "world_position": [0.6229399947253793, 1.1548739758146027, -0.17394654734216766], "world_orientation": [0.7419774426377101, -0.6704248461525233, -1.6678404586691337e-05, 0.6704248463062786, 0.7419774426635539, 5.801310277073576e-06, 8.485657432951221e-06, -1.548605819499739e-05, 0.9999999998440878], "world_rotation": [1.5876028898215596e-05, 1.8767250463319875e-05, -0.9999999996978709, -0.734781226164216]}], "source": "action wait"}
{"timestamp": 1706068657.960299, "objects": [{"color": "cv_", "id_name": "hand", "shape": "CVCylinder", "id_string": "ob383", "world_size": [0.12, 0.005, 0.12], "id": 383, "camera_size": [78, 63], "camera_position": [240, 332], "world_position": [0.5796769918540488, 1.2037520384214946, -0.1741235055260267], "world_orientation": [0.0005501655936058154, 0.6805789716232432, 0.7326745257630215, -0.0005533434970844606, -0.7326743172892032, 0.6805791934784475, 0.9999996955643508, -0.0007798519402862546, -2.6498252490483934e-05], "world_rotation": [0.0, 1.0, 0.0, 0.0]}, {"color": "CVBlue", "id_name": "object160821222020656", "shape": "CVCone", "id_string": "ob891", "world_size": [0.11, 0.11, 0.11], "id": 891, "camera_size": [70, 101], "camera_position": [240, 309], "world_position": [0.6173416429832214, 1.1634702433061541, -0.17401151782076926], "world_orientation": [0.7321560562611005, -0.6811369238341061, -1.6431787611562676e-05, 0.6811369239996288, 0.7321560562492352, 7.867085465688239e-06, 6.6720704211678745e-06, -1.6952231538382325e-05, 0.9999999998340527], "world_rotation": [1.8219036529145156e-05, 1.695977505720507e-05, -0.9999999996902162, -0.7493143592368072]}], "source": "action wait"}
