{"timestamp": 1706068707.226108, "objects": [{"color": "cv_", "id_name": "hand", "shape": "CVCylinder", "id_string": "ob383", "world_size": [0.12, 0.005, 0.12], "id": 383, "camera_size": [48, 50], "camera_position": [246, 426], "world_position": [0.2676445155400087, 0.6334703013849516, -0.17389260400847828], "world_orientation": [-0.0006415513912950176, 0.19791547486687946, 0.9802188802609497, -0.0007473675735958592, -0.9802189031248735, 0.19791499033266813, 0.9999995149266435, -0.000605611168727701, 0.0007767764093022001], "world_rotation": [0.0, 1.0, 0.0, 0.0]}, {"color": "CVPurple", "id_name": "object79752078020980", "shape": "CVSphere", "id_string": "ob926", "world_size": [0.11, 0.11, 0.11], "id": 926, "camera_size": [45, 45], "camera_position": [256, 254], "world_position": [0.705, 0.654738849708696, -0.15], "world_orientation": [1.0, -5.1619362862653347e-17, 1.4541359828532488e-17, 5.1619362862653347e-17, 1.0, 2.3824321321224633e-17, -1.4541359828532488e-17, -2.3824321321224633e-17, 1.0], "world_rotation": [-0.4059884517598224, 0.2477982093873522, 0.8796416454796148, 5.868226354211375e-17]}], "source": "manual check"}
{"timestamp": 1706068708.248471, "objects": [{"color": "cv_", "id_name": "hand", "shape": "CVCylinder", "id_string": "ob383", "world_size": [0.12, 0.005, 0.12], "id": 383, "camera_size": [48, 50], "camera_position": [246, 426], "world_position": [0.2676445155400087, 0.6334703013849516, -0.17389260400847828], "world_orientation": [-0.0006415513912950176, 0.19791547486687946, 0.9802188802609497, -0.0007473675735958592, -0.9802189031248735, 0.19791499033266813, 0.9999995149266435, -0.000605611168727701, 0.0007767764093022001], "world_rotation": [0.0, 1.0, 0.0, 0.0]}, {"color": "CVPurple", "id_name": "object79752078020980", "shape": "CVSphere", "id_string": "ob926", "world_size": [0.11, 0.11, 0.11], "id": 926, "camera_size": [45, 45], "camera_position": [256, 254], "world_position": [0.705, 0.6547388572526824, -0.15], "world_orientation": [1.0, -3.838362879530641e-17, 1.4813540171849057e-17, 3.838362879530641e-17, 1.0, 5.294293626938881e-18, -1.4813540171849057e-17, -5.294293626938881e-18, 1.0], "world_rotation": [-0.1276280613210114, 0.35710588544125776, 0.925303444577321, 4.1482206750932463e-17]}], "source": "manual check"}
{"timestamp": 1706068709.896217, "objects": [{"color": "cv_", "id_name": "hand", "shape": "CVCylinder", "id_string": "ob383", "world_size": [0.12, 0.005, 0.12], "id": 383, "camera_size": [48, 50], "camera_position": [246, 426], "world_position": [0.2676445155400087, 0.6334703013849516, -0.17389260400847828], "world_orientation": [-0.0006415513912950176, 0.19791547486687946, 0.9802188802609497, -0.0007473675735958592, -0.9802189031248735, 0.19791499033266813, 0.9999995149266435, -0.000605611168727701, 0.0007767764093022001], "world_rotation": [0.0, 1.0, 0.0, 0.0]}, {"color": "CVPurple", "id_name": "object79752078020980", "shape": "CVSphere", "id_string": "ob926", "world_size": [0.11, 0.11, 0.11], "id": 926, "camera_size": [45, 45], "camera_position": [256, 254], "world_position": [0.705, 0.6547388572526824, -0.15], "world_orientation": [1.0, -3.838362879530641e-17, 1.4813540171849057e-17, 3.838362879530641e-17, 1.0, 5.294293626938881e-18, -1.4813540171849057e-17, -5.294293626938881e-18, 1.0], "world_rotation": [-0.1276280613210114, 0.35710588544125776, 0.925303444577321, 4.1482206750932463e-17]}], "source": "action wait"}
{"timestamp": 1706068709.929239, "objects": [{"color": "cv_", "id_name": "hand", "shape": "CVCylinder", "id_string": "ob383", "world_size": [0.12, 0.005, 0.12], "id": 383, "camera_size": [49, 51], "camera_position": [246, 421], "world_position": [0.29079630435218967, 0.6674649121075796, -0.17395625456404848], "world_orientation": [-0.000385053826271221, 0.19530907475263987, 0.9807416668281299, -0.0007159466703466079, -0.9807415420219135, 0.19530876880684278, 0.9999996695769037, -0.0006269543421026654, 0.0005174691650967326], "world_rotation": [0.0, 1.0, 0.0, 0.0]}, {"color": "CVPurple", "id_name": "object79752078020980", "shape": "CVSphere", "id_string": "ob926", "world_size": [0.11, 0.11, 0.11], "id": 926, "camera_size": [45, 45], "camera_position": [256, 254], "world_position": [0.705, 0.6547388572526824, -0.15], "world_orientation": [1.0, -3.838362879530641e-17, 1.4813540171849057e-17, 3.838362879530641e-17, 1.0, 5.294293626938881e-18, -1.4813540171849057e-17, -5.294293626938881e-18, 1.0], "world_rotation": [-0.1276280613210114, 0.35710588544125776, 0.925303444577321, 4.1482206750932463e-17]}], "source": "action wait"}
{"timestamp": 1706068709.961141, "objects": [{"color": "cv_", "id_name": "hand", "shape": "CVCylinder", "id_string": "ob383", "world_size": [0.12, 0.005, 0.12], "id": 383, "camera_size": [51, 52], "camera_position": [246, 406], "world_position": [0.3366225657592467, 0.7051726056940115, -0.17398411616870382], "world_orientation": [-0.0002271848584622731, 0.18151313334552954, 0.983388494345001, -0.000732554320470687, -0.9833882860703601, 0.18151292566582514, 0.9999997058755606, -0.0006791485019074262, 0.000356379158639216], "world_rotation": [0.0, 1.0, 0.0, 0.0]}, {"color": "CVPurple", "id_name": "object79752078020980", "shape": "CVSphere", "id_string": "ob926", "world_size": [0.11, 0.11, 0.11], "id": 926, "camera_size": [45, 45], "camera_position": [256, 254], "world_position": [0.705, 0.6547388572526824, -0.15], "world_orientation": [1.0, -3.838362879530641e-17, 1.4813540171849057e-17, 3.838362879530641e-17, 1.0, 5.294293626938881e-18, -1.4813540171849057e-17, -5.294293626938881e-18, 1.0], "world_rotation": [-0.1276280613210114, 0.35710588544125776, 0.925303444577321, 4.1482206750932463e-17]}], "source": "action wait"}
{"timestamp": 1706068709.998076, "objects": [{"color": "cv_", "id_name": "hand", "shape": "CVCylinder", "id_string": "ob383", "world_size": [0.12, 0.005, 0.12], "id": 383, "camera_size": [51, 52], "camera_position": [246, 388], "world_position": [0.3870319471670814, 0.7381661618881825, -0.1740046280199901], "world_orientation": [-0.00012490848064604932, 0.1716919741607276, 0.9851506739614319, -0.0007438843041588446, -0.985150425026405, 0.17169183645833577, 0.9999997155169664, -0.0007113923571603753, 0.00025077260752649034], "world_rotation": [0.0, 1.0, 0.0, 0.0]}, {"color": "CVPurple", "id_name": "object79752078020980", "shape": "CVSphere", "id_string": "ob926", "world_size": [0.11, 0.11, 0.11], "id": 926, "camera_size": [45, 45], "camera_position": [256, 254], "world_position": [0.705, 0.6547388572526824, -0.15], "world_orientation": [1.0, -3.838362879530641e-17, 1.4813540171849057e-17, 3.838362879530641e-17, 1.0, 5.294293626938881e-18, -1.4813540171849057e-17, -5.294293626938881e-18, 1.0], "world_rotation": [-0.1276280613210114, 0.35710588544125776, 0.925303444577321, 4.1482206750932463e-17]}], "source": "action wait"}
{"timestamp": 1706068710.023254, "objects": [{"color": "cv_", "id_name": "hand", "shape": "CVCylinder", "id_string": "ob383", "world_size": [0.12, 0.005, 0.12], "id": 383, "camera_size": [52, 53], "camera_position": [245, 368], "world_position": [0.4410375600490598, 0.7659892265859781, -0.17402311555533523], "world_orientation": [-5.292429492169686e-05, 0.16475206167165357, 0.9863350117348358, -0.0007513040298955711, -0.9863347412948401, 0.1647519761857066, 0.9999997163705967, -0.0007323180869671878, 0.00017597995860773997], "world_rotation": [0.0, 1.0, 0.0, 0.0]}, {"color": "CVPurple", "id_name": "object79752078020980", "shape": "CVSphere", "id_string": "ob926", "world_size": [0.11, 0.11, 0.11], "id": 926, "camera_size": [45, 45], "camera_position": [256, 254], "world_position": [0.705, 0.6547388572526824, -0.15], "world_orientation": [1.0, -3.838362879530641e-17, 1.4813540171849057e-17, 3.838362879530641e-17, 1.0, 5.294293626938881e-18, -1.4813540171849057e-17, -5.294293626938881e-18, 1.0], "world_rotation": [-0.1276280613210114, 0.35710588544125776, 0.925303444577321, 4.1482206750932463e-17]}], "source": "action wait"}
{"timestamp": 1706068710.051415, "objects": [{"color": "cv_", "id_name": "hand", "shape": "CVCylinder", "id_string": "ob383", "world_size": [0.12, 0.005, 0.12], "id": 383, "camera_size": [52, 53], "camera_position": [245, 344], "world_position": [0.4981549038474331, 0.7811411876813192, -0.1740383765336428], "world_orientation": [-9.121793724214048e-06, 0.14955927825611318, 0.9887527609085618, -0.0007643491005516362, -0.9887524731631286, 0.14955922768003813, 0.9999997078435799, -0.0007543880350442711, 0.00012333469591912713], "world_rotation": [0.0, 1.0, 0.0, 0.0]}, {"color": "CVPurple", "id_name": "object79752078020980", "shape": "CVSphere", "id_string": "ob926", "world_size": [0.11, 0.11, 0.11], "id": 926, "camera_size": [45, 45], "camera_position": [256, 254], "world_position": [0.705, 0.6547388572526824, -0.15], "world_orientation": [1.0, -3.838362879530641e-17, 1.4813540171849057e-17, 3.838362879530641e-17, 1.0, 5.294293626938881e-18, -1.4813540171849057e-17, -5.294293626938881e-18, 1.0], "world_rotation": [-0.1276280613210114, 0.35710588544125776, 0.925303444577321, 4.1482206750932463e-17]}], "source": "action wait"}
{"timestamp": 1706068710.084475, "objects": [{"color": "cv_", "id_name": "hand", "shape": "CVCylinder", "id_string": "ob383", "world_size": [0.12, 0.005, 0.12], "id": 383, "camera_size": [52, 53], "camera_position": [245, 318], "world_position": [0.5567904823949545, 0.7728433428996797, -0.1740502196581339], "world_orientation": [-2.340542703971435e-06, 0.11084767018275471, 0.9938374082361648, -0.0007770584749157986, -0.9938371083910554, 0.11084763490951019, 0.9999996980872786, -0.0007720103371354504, 8.846123973356402e-05], "world_rotation": [0.0, 1.0, 0.0, 0.0]}, {"color": "CVPurple", "id_name": "object79752078020980", "shape": "CVSphere", "id_string": "ob926", "world_size": [0.11, 0.11, 0.11], "id": 926, "camera_size": [45, 45], "camera_position": [256, 254], "world_position": [0.705, 0.6547388572526824, -0.15], "world_orientation": [1.0, -3.838362879530641e-17, 1.4813540171849057e-17, 3.838362879530641e-17, 1.0, 5.294293626938881e-18, -1.4813540171849057e-17, -5.294293626938881e-18, 1.0], "world_rotation": [-0.1276280613210114, 0.35710588544125776, 0.925303444577321, 4.1482206750932463e-17]}], "source": "action wait"}
{"timestamp": 1706068710.118761, "objects": [{"color": "cv_", "id_name": "hand", "shape": "CVCylinder", "id_string": "ob383", "world_size": [0.12, 0.005, 0.12], "id": 383, "camera_size": [52, 52], "camera_position": [245, 298], "world_position": [0.6021305141851214, 0.7593670339008969, -0.17405582498068703], "world_orientation": [-1.661640966190021e-05, 0.07771686262213878, 0.9969754706050027, -0.0007752611390187615, -0.996975172137745, 0.07771682643469362, 0.9999996993469855, -0.0007716249642896661, 7.68170113207796e-05], "world_rotation": [0.0, 1.0, 0.0, 0.0]}, {"color": "CVPurple", "id_name": "object79752078020980", "shape": "CVSphere", "id_string": "ob926", "world_size": [0.11, 0.11, 0.11], "id": 926, "camera_size": [45, 45], "camera_position": [256, 254], "world_position": [0.705, 0.6547388572526824, -0.15], "world_orientation": [1.0, -3.838362879530641e-17, 1.4813540171849057e-17, 3.838362879530641e-17, 1.0, 5.294293626938881e-18, -1.4813540171849057e-17, -5.294293626938881e-18, 1.0], "world_rotation": [-0.1276280613210114, 0.35710588544125776, 0.925303444577321, 4.1482206750932463e-17]}], "source": "action wait"}
{"timestamp": 1706068710.16073, "objects": [{"color": "cv_", "id_name": "hand", "shape": "CVCylinder", "id_string": "ob383", "world_size": [0.12, 0.005, 0.12], "id": 383, "camera_size": [51, 51], "camera_position": [246, 284], "world_position": [0.6339561668710855, 0.7474014322630302, -0.17406350403551565], "world_orientation": [-2.285969134051622e-05, 0.05430584939852034, 0.9985243483253374, -0.0007713918125427381, -0.9985240524601833, 0.054305815647729044, 0.9999997022160089, -0.0007690120927393838, 6.471703923490222e-05], "world_rotation": [0.0, 1.0, 0.0, 0.0]}, {"color": "CVPurple", "id_name": "object79752078020980", "shape": "CVSphere", "id_string": "ob926", "world_size": [0.11, 0.11, 0.11], "id": 926, "camera_size": [45, 45], "camera_position": [256, 254], "world_position": [0.705, 0.6547388572526824, -0.15], "world_orientation": [1.0, -3.838362879530641e-17, 1.4813540171849057e-17, 3.838362879530641e-17, 1.0, 5.294293626938881e-18, -1.4813540171849057e-17, -5.294293626938881e-18, 1.0], "world_rotation": [-0.1276280613210114, 0.35710588544125776, 0.925303444577321, 4.1482206750932463e-17]}], "source": "action wait"}
{"timestamp": 1706068710.19609, "objects": [{"color": "cv_", "id_name": "hand", "shape": "CVCylinder", "id_string": "ob383", "world_size": [0.12, 0.005, 0.12], "id": 383, "camera_size": [51, 51], "camera_position": [246, 275], "world_position": [0.6562274472304084, 0.7377735711442629, -0.17407138279267484], "world_orientation": [-2.4213088277300573e-05, 0.03778609575478871, 0.9992858501856896, -0.0007678982416542621, -0.999285556557838, 0.03778606604533408, 0.9999997048729649, -0.0007664349299151178, 5.321166588462597e-05], "world_rotation": [0.0, 1.0, 0.0, 0.0]}, {"color": "CVPurple", "id_name": "object79752078020980", "shape": "CVSphere", "id_string": "ob926", "world_size": [0.11, 0.11, 0.11], "id": 926, "camera_size": [45, 45], "camera_position": [256, 254], "world_position": [0.705, 0.6547388572526824, -0.15], "world_orientation": [1.0, -3.838362879530641e-17, 1.4813540171849057e-17, 3.838362879530641e-17, 1.0, 5.294293626938881e-18, -1.4813540171849057e-17, -5.294293626938881e-18, 1.0], "world_rotation": [-0.1276280613210114, 0.35710588544125776, 0.925303444577321, 4.1482206750932463e-17]}], "source": "action wait"}
{"timestamp": 1706068710.228447, "objects": [{"color": "cv_", "id_name": "hand", "shape": "CVCylinder", "id_string": "ob383", "world_size": [0.12, 0.005, 0.12], "id": 383, "camera_size": [51, 51], "camera_position": [246, 268], "world_position": [0.671810491178466, 0.7304172481270745, -0.1740784947602238], "world_orientation": [-2.3034303116637655e-05, 0.026136541538008783, 0.9996583819814912, -0.0007653854263182278, -0.9996580899000744, 0.02613651626525751, 0.999999706827242, -0.0007645219204277811, 4.3030955443683913e-05], "world_rotation": [0.0, 1.0, 0.0, 0.0]}, {"color": "CVPurple", "id_name": "object79752078020980", "shape": "CVSphere", "id_string": "ob926", "world_size": [0.11, 0.11, 0.11], "id": 926, "camera_size": [45, 45], "camera_position": [256, 254], "world_position": [0.705, 0.6547388572526824, -0.15], "world_orientation": [1.0, -3.838362879530641e-17, 1.4813540171849057e-17, 3.838362879530641e-17, 1.0, 5.294293626938881e-18, -1.4813540171849057e-17, -5.294293626938881e-18, 1.0], "world_rotation": [-0.1276280613210114, 0.35710588544125776, 0.925303444577321, 4.1482206750932463e-17]}], "source": "action wait"}
{"timestamp": 1706068710.258877, "objects": [{"color": "cv_", "id_name": "hand", "shape": "CVCylinder", "id_string": "ob383", "world_size": [0.12, 0.005, 0.12], "id": 383, "camera_size": [51, 50], "camera_position": [246, 263], "world_position": [0.6827232825475706, 0.7249641559951285, -0.1740845074137495], "world_orientation": [-2.0732496764662087e-05, 0.01792394083059603, 0.9998393530539119, -0.0007638012943500763, -0.999839061903239, 0.017923919773138293, 0.9999997080888305, -0.0007633069843963777, 3.441948932272588e-05], "world_rotation": [0.0, 1.0, 0.0, 0.0]}, {"color": "CVPurple", "id_name": "object79752078020980", "shape": "CVSphere", "id_string": "ob926", "world_size": [0.11, 0.11, 0.11], "id": 926, "camera_size": [45, 45], "camera_position": [256, 254], "world_position": [0.705, 0.6547388572526824, -0.15], "world_orientation": [1.0, -3.838362879530641e-17, 1.4813540171849057e-17, 3.838362879530641e-17, 1.0, 5.294293626938881e-18, -1.4813540171849057e-17, -5.294293626938881e-18, 1.0], "world_rotation": [-0.1276280613210114, 0.35710588544125776, 0.925303444577321, 4.1482206750932463e-17]}], "source": "action wait"}
{"timestamp": 1706068710.290377, "objects": [{"color": "cv_", "id_name": "hand", "shape": "CVCylinder", "id_string": "ob383", "world_size": [0.12, 0.005, 0.12], "id": 383, "camera_size": [51, 51], "camera_position": [246, 260], "world_position": [0.6903741380869077, 0.7209971798622808, -0.17408939644449287], "world_orientation": [-1.8089542229016088e-05, 0.012135109245614485, 0.9999263666872504, -0.0007629125205964721, -0.9999260760219566, 0.012135091916345493, 0.9999997088185848, -0.0007626368265629274, 2.734623176074725e-05], "world_rotation": [0.0, 1.0, 0.0, 0.0]}, {"color": "CVPurple", "id_name": "object79752078020980", "shape": "CVSphere", "id_string": "ob926", "world_size": [0.11, 0.11, 0.11], "id": 926, "camera_size": [45, 45], "camera_position": [256, 254], "world_position": [0.705, 0.6547388572526824, -0.15], "world_orientation": [1.0, -3.838362879530641e-17, 1.4813540171849057e-17, 3.838362879530641e-17, 1.0, 5.294293626938881e-18, -1.4813540171849057e-17, -5.294293626938881e-18, 1.0], "world_rotation": [-0.1276280613210114, 0.35710588544125776, 0.925303444577321, 4.1482206750932463e-17]}], "source": "action wait"}
{"timestamp": 1706068710.319825, "objects": [{"color": "cv_", "id_name": "hand", "shape": "CVCylinder", "id_string": "ob383", "world_size": [0.12, 0.005, 0.12], "id": 383, "camera_size": [51, 50], "camera_position": [246, 257], "world_position": [0.6957438975357956, 0.7181459723385117, -0.1740932725688049], "world_orientation": [-1.5540804811636887e-05, 0.008054947409629634, 0.9999675582641226, -0.0007624851026152258, -0.9999672677979475, 0.008054933219847765, 0.9999997091874336, -0.000762335186130316, 2.1682073529432465e-05], "world_rotation": [0.0, 1.0, 0.0, 0.0]}, {"color": "CVPurple", "id_name": "object79752078020980", "shape": "CVSphere", "id_string": "ob926", "world_size": [0.11, 0.11, 0.11], "id": 926, "camera_size": [45, 45], "camera_position": [256, 254], "world_position": [0.705, 0.6547388572526824, -0.15], "world_orientation": [1.0, -3.838362879530641e-17, 1.4813540171849057e-17, 3.838362879530641e-17, 1.0, 5.294293626938881e-18, -1.4813540171849057e-17, -5.294293626938881e-18, 1.0], "world_rotation": [-0.1276280613210114, 0.35710588544125776, 0.925303444577321, 4.1482206750932463e-17]}], "source": "action wait"}
{"timestamp": 1706068710.350278, "objects": [{"color": "cv_", "id_name": "hand", "shape": "CVCylinder", "id_string": "ob383", "world_size": [0.12, 0.005, 0.12], "id": 383, "camera_size": [50, 50], "camera_position": [245, 256], "world_position": [0.6995161783716215, 0.7161128617304989, -0.17409629266015175], "world_orientation": [-1.3260881785670869e-05, 0.0051791435858700215, 0.9999865880579929, -0.0007623368053422483, -0.9999862976234272, 0.005179131972254031, 0.9999997093333299, -0.0007622579010687661, 1.720895185610232e-05], "world_rotation": [0.0, 1.0, 0.0, 0.0]}, {"color": "CVPurple", "id_name": "object79752078020980", "shape": "CVSphere", "id_string": "ob926", "world_size": [0.11, 0.11, 0.11], "id": 926, "camera_size": [45, 45], "camera_position": [256, 254], "world_position": [0.705, 0.6547388572526824, -0.15], "world_orientation": [1.0, -3.838362879530641e-17, 1.4813540171849057e-17, 3.838362879530641e-17, 1.0, 5.294293626938881e-18, -1.4813540171849057e-17, -5.294293626938881e-18, 1.0], "world_rotation": [-0.1276280613210114, 0.35710588544125776, 0.925303444577321, 4.1482206750932463e-17]}], "source": "action wait"}
{"timestamp": 1706068710.384534, "objects": [{"color": "cv_", "id_name": "hand", "shape": "CVCylinder", "id_string": "ob383", "world_size": [0.12, 0.005, 0.12], "id": 383, "camera_size": [50, 50], "camera_position": [245, 255], "world_position": [0.7021682381057928, 0.7146706681963725, -0.17409861659392944], "world_orientation": [-1.1325076250913782e-05, 0.003152179139615838, 0.9999950318068658, -0.0007623425733961151, -0.9999947413165106, 0.003152169590303334, 0.9999997093527296, -0.0007623030873703701, 1.3728057053387891e-05], "world_rotation": [0.0, 1.0, 0.0, 0.0]}, {"color": "CVPurple", "id_name": "object79752078020980", "shape": "CVSphere", "id_string": "ob926", "world_size": [0.11, 0.11, 0.11], "id": 926, "camera_size": [45, 45], "camera_position": [256, 254], "world_position": [0.705, 0.6547388572526824, -0.15], "world_orientation": [1.0, -3.838362879530641e-17, 1.4813540171849057e-17, 3.838362879530641e-17, 1.0, 5.294293626938881e-18, -1.4813540171849057e-17, -5.294293626938881e-18, 1.0], "world_rotation": [-0.1276280613210114, 0.35710588544125776, 0.925303444577321, 4.1482206750932463e-17]}], "source": "action wait"}
{"timestamp": 1706068710.421735, "objects": [{"color": "cv_", "id_name": "hand", "shape": "CVCylinder", "id_string": "ob383", "world_size": [0.12, 0.005, 0.12], "id": 383, "camera_size": [50, 50], "camera_position": [245, 254], "world_position": [0.7040338683838476, 0.7136511649929802, -0.17410038834749544], "world_orientation": [-9.733655432762062e-06, 0.001723473878522049, 0.9999985147704201, -0.0007624230654086244, -0.9999982241865063, 0.0017234659565334757, 0.9999997093081205, -0.0007624051574119439, 1.10476543855853e-05], "world_rotation": [0.0, 1.0, 0.0, 0.0]}, {"color": "CVPurple", "id_name": "object79752078020980", "shape": "CVSphere", "id_string": "ob926", "world_size": [0.11, 0.11, 0.11], "id": 926, "camera_size": [45, 45], "camera_position": [256, 254], "world_position": [0.705, 0.6547388572526824, -0.15], "world_orientation": [1.0, -3.838362879530641e-17, 1.4813540171849057e-17, 3.838362879530641e-17, 1.0, 5.294293626938881e-18, -1.4813540171849057e-17, -5.294293626938881e-18, 1.0], "world_rotation": [-0.1276280613210114, 0.35710588544125776, 0.925303444577321, 4.1482206750932463e-17]}], "source": "action wait"}
{"timestamp": 1706068710.462649, "objects": [{"color": "cv_", "id_name": "hand", "shape": "CVCylinder", "id_string": "ob383", "world_size": [0.12, 0.005, 0.12], "id": 383, "camera_size": [50, 50], "camera_position": [245, 253], "world_position": [0.7053469005465304, 0.7129320883282043, -0.17410172957685174], "world_orientation": [-8.455015024775392e-06, 0.000716424433615438, 0.999999743332239, -0.0007625314177770079, -0.9999994526455522, 0.0007164177781444512, 0.9999997092371327, -0.0007625251647370826, 9.001306536345087e-06], "world_rotation": [0.0, 1.0, 0.0, 0.0]}, {"color": "CVPurple", "id_name": "object79752078020980", "shape": "CVSphere", "id_string": "ob926", "world_size": [0.11, 0.11, 0.11], "id": 926, "camera_size": [45, 45], "camera_position": [256, 254], "world_position": [0.705, 0.6547388572526824, -0.15], "world_orientation": [1.0, -3.838362879530641e-17, 1.4813540171849057e-17, 3.838362879530641e-17, 1.0, 5.294293626938881e-18, -1.4813540171849057e-17, -5.294293626938881e-18, 1.0], "world_rotation": [-0.1276280613210114, 0.35710588544125776, 0.925303444577321, 4.1482206750932463e-17]}], "source": "action wait"}
{"timestamp": 1706068710.48879, "objects": [{"color": "cv_", "id_name": "hand", "shape": "CVCylinder", "id_string": "ob383", "world_size": [0.12, 0.005, 0.12], "id": 383, "camera_size": [50, 50], "camera_position": [245, 253], "world_position": [0.70627136185702, 0.7124256395958705, -0.17410273924621014], "world_orientation": [-7.445046094532231e-06, 6.5669229810993654e-06, 0.9999999999507234, -0.0007626420408634998, -0.9999997091669915, 6.561243166770352e-06, 0.9999997091608023, -0.0007626419919775512, 7.45005214117612e-06], "world_rotation": [0.0, 1.0, 0.0, 0.0]}, {"color": "CVPurple", "id_name": "object79752078020980", "shape": "CVSphere", "id_string": "ob926", "world_size": [0.11, 0.11, 0.11], "id": 926, "camera_size": [45, 45], "camera_position": [256, 254], "world_position": [0.705, 0.6547388572526824, -0.15], "world_orientation": [1.0, -3.838362879530641e-17, 1.4813540171849057e-17, 3.838362879530641e-17, 1.0, 5.294293626938881e-18, -1.4813540171849057e-17, -5.294293626938881e-18, 1.0], "world_rotation": [-0.1276280613210114, 0.35710588544125776, 0.925303444577321, 4.1482206750932463e-17]}], "source": "action wait"}
{"timestamp": 1706068710.520506, "objects": [{"color": "cv_", "id_name": "hand", "shape": "CVCylinder", "id_string": "ob383", "world_size": [0.12, 0.005, 0.12], "id": 383, "camera_size": [49, 50], "camera_position": [246, 253], "world_position": [0.7069025623584712, 0.7120937795603278, -0.17409628818453224], "world_orientation": [-8.445942261665824e-06, -0.00048564375856312075, 0.999999882039396, -0.0007634934594456387, -0.9999995906107918, -0.00048565006545468883, 0.9999997085031593, -0.0007634974711562525, 8.075152971042263e-06], "world_rotation": [0.0, 1.0, 0.0, 0.0]}, {"color": "CVPurple", "id_name": "object79752078020980", "shape": "CVSphere", "id_string": "ob926", "world_size": [0.11, 0.11, 0.11], "id": 926, "camera_size": [45, 45], "camera_position": [256, 254], "world_position": [0.7050976649481137, 0.6546625983610872, -0.14999646363376967], "world_orientation": [0.9999984304169016, 0.0017717659744104796, 3.0108806719429295e-06, -0.0017717657627158803, 0.9999984280471492, -6.891525865100774e-05, -3.1329776493787927e-06, 6.890981590749223e-05, 0.999999997620811], "world_rotation": [0.03886538763586746, 0.001732510836674112, -0.9992429534653295, 0.0017731091230612254]}], "source": "action wait"}
{"timestamp": 1706068710.554593, "objects": [{"color": "cv_", "id_name": "hand", "shape": "CVCylinder", "id_string": "ob383", "world_size": [0.12, 0.005, 0.12], "id": 383, "camera_size": [49, 50], "camera_position": [246, 252], "world_position": [0.7073244130574502, 0.7118855626040106, -0.1741006708903857], "world_orientation": [-5.287855687723059e-06, -0.0008239785181291305, 0.9999996605156625, -0.0007652228806475225, -0.9999993677433371, -0.0008239823232801294, 0.9999997072029481, -0.0007652269779663108, 4.657325129548649e-06], "world_rotation": [0.0, 1.0, 0.0, 0.0]}, {"color": "CVPurple", "id_name": "object79752078020980", "shape": "CVSphere", "id_string": "ob926", "world_size": [0.11, 0.11, 0.11], "id": 926, "camera_size": [45, 46], "camera_position": [256, 253], "world_position": [0.7051967312197843, 0.6545958399128753, -0.1499986410892616], "world_orientation": [0.999993687409226, 0.0035531850996686075, 4.164985782815618e-06, -0.003553184978332058, 0.9999936870039928, -2.8786632759591294e-05, -4.267243723868501e-06, 2.8771652076440373e-05, 0.9999999995769914], "world_rotation": [0.00809926246441201, 0.0011865336176946205, -0.9999664964815105, 0.0035533115645504307]}], "source": "action wait"}
{"timestamp": 1706068710.590233, "objects": [{"color": "cv_", "id_name": "hand", "shape": "CVCylinder", "id_string": "ob383", "world_size": [0.12, 0.005, 0.12], "id": 383, "camera_size": [49, 50], "camera_position": [246, 252], "world_position": [0.7076261346086765, 0.7117319513208522, -0.1741049197478083], "world_orientation": [-2.9197258950055402e-06, -0.0010646227323057014, 0.999999433284796, -0.0007661245600760342, -0.9999991398133794, -0.0010646246567438166, 0.9999997065222739, -0.0007661272343141286, 2.1040897614145446e-06], "world_rotation": [0.0, 1.0, 0.0, 0.0]}, {"color": "CVPurple", "id_name": "object79752078020980", "shape": "CVSphere", "id_string": "ob926", "world_size": [0.11, 0.11, 0.11], "id": 926, "camera_size": [45, 46], "camera_position": [256, 253], "world_position": [0.7052846839875583, 0.6545052955990753, -0.15000076831380516], "world_orientation": [0.9999868734518825, 0.005123758732983596, 4.513839275374062e-06, -0.005123758782558471, 0.9999868734008676, 1.1040626384025086e-05, -4.457210518162455e-06, -1.1063609282341917e-05, 0.9999999999288649], "world_rotation": [-0.002157027371717767, 0.0008754340231336185, -0.9999972904204235, 0.005123795060412136]}], "source": "action wait"}
{"timestamp": 1706068711.639807, "objects": [{"color": "cv_", "id_name": "hand", "shape": "CVCylinder", "id_string": "ob383", "world_size": [0.12, 0.005, 0.12], "id": 383, "camera_size": [49, 50], "camera_position": [246, 252], "world_position": [0.7083545624402882, 0.711370499327945, -0.17411382010673365], "world_orientation": [4.025326501876376e-06, -0.0016365105284704099, 0.999998660907647, -0.0007683855381505966, -0.9999983657129945, -0.0016365069523734388, 0.9999997047836872, -0.0007683779217369608, -5.28279094608479e-06], "world_rotation": [0.0, 1.0, 0.0, 0.0]}, {"color": "CVPurple", "id_name": "object79752078020980", "shape": "CVSphere", "id_string": "ob926", "world_size": [0.11, 0.11, 0.11], "id": 926, "camera_size": [45, 46], "camera_position": [256, 253], "world_position": [0.705508995139201, 0.6543013441077575, -0.1500052292090442], "world_orientation": [0.9999661341508328, 0.008229831901979743, -2.0452486244550646e-05, -0.008229829107515185, 0.9999661255177563, 0.00013315355018967952, 2.154762476238257e-05, -0.00013298072036501603, 0.9999999909259141], "world_rotation": [0.016166713460705848, 0.0025513578486216757, 0.999866055003873, -0.008231025938431424]}], "source": "action wait"}
{"timestamp": 1706068711.679862, "objects": [{"color": "cv_", "id_name": "hand", "shape": "CVCylinder", "id_string": "ob383", "world_size": [0.12, 0.005, 0.12], "id": 383, "camera_size": [51, 50], "camera_position": [246, 251], "world_position": [0.7107735163143738, 0.7320279085086254, -0.17409608839664853], "world_orientation": [2.254143255282378e-05, 0.028669740069570918, 0.9995889382622374, -0.0007443941134262065, -0.9995886610876739, 0.02866974890639079, 0.9999997226846054, -0.0007447343786999906, -1.1905746428475693e-06], "world_rotation": [0.0, 1.0, 0.0, 0.0]}, {"color": "CVPurple", "id_name": "object79752078020980", "shape": "CVSphere", "id_string": "ob926", "world_size": [0.11, 0.11, 0.11], "id": 926, "camera_size": [46, 48], "camera_position": [252, 251], "world_position": [0.7106541931958426, 0.6756633925839706, -0.15864703875833286], "world_orientation": [0.9996939508790901, -0.024738707308189684, -3.060188252950911e-05, 0.024738710739146446, 0.9996939443763051, 0.00011733844191201746, 2.7689715280804854e-05, -0.0001180595817049922, 0.9999999926476074], "world_rotation": [0.004757628942729453, 0.001178131356410653, -0.9999879884145361, -0.024741530328195212]}], "source": "action wait"}
{"timestamp": 1706068711.713953, "objects": [{"color": "cv_", "id_name": "hand", "shape": "CVCylinder", "id_string": "ob383", "world_size": [0.12, 0.005, 0.12], "id": 383, "camera_size": [52, 53], "camera_position": [245, 250], "world_position": [0.7141894649837528, 0.7808920136886001, -0.17411290418755415], "world_orientation": [7.787998194015315e-05, 0.09914084242807487, 0.9950734079942846, -0.0007264795057593154, -0.9950731428165649, 0.09914087286630022, 0.9999997330810825, -0.0007306215270226079, -5.472488183575637e-06], "world_rotation": [0.0, 1.0, 0.0, 0.0]}, {"color": "CVPurple", "id_name": "object79752078020980", "shape": "CVSphere", "id_string": "ob926", "world_size": [0.11, 0.11, 0.11], "id": 926, "camera_size": [48, 53], "camera_position": [249, 248], "world_position": [0.7186536593605013, 0.7250891018657987, -0.16422572713502664], "world_orientation": [0.995292077320961, -0.09692099656216113, -3.532030620419528e-05, 0.09692099978824006, 0.9952920720579933, 0.00010534967763430821, 2.4943425003876664e-05, -0.00010827697888788163, 0.9999999938269607], "world_rotation": [0.0011020651896416767, 0.0003108907916435055, -0.999999344399402, -0.09707344786416024]}], "source": "action wait"}
{"timestamp": 1706068711.785183, "objects": [{"color": "cv_", "id_name": "hand", "shape": "CVCylinder", "id_string": "ob383", "world_size": [0.12, 0.005, 0.12], "id": 383, "camera_size": [55, 55], "camera_position": [245, 250], "world_position": [0.7046751880233225, 0.9203749724705528, -0.1741203021980185], "world_orientation": [0.0002265739193835192, 0.2956996102666025, 0.9552809477595785, -0.0007070259345219823, -0.9552806861447312, 0.2956996969785055, 0.9999997243892557, -0.0007424062441259534, -7.374395884203024e-06], "world_rotation": [0.0, 1.0, 0.0, 0.0]}, {"color": "CVPurple", "id_name": "object79752078020980", "shape": "CVSphere", "id_string": "ob926", "world_size": [0.11, 0.11, 0.11], "id": 926, "camera_size": [51, 60], "camera_position": [248, 245], "world_position": [0.7207966485705369, 0.8668565673376537, -0.17007149538861382], "world_orientation": [0.9554122386990216, -0.29527521428308307, -4.443200647077122e-05, 0.29527521661419115, 0.9554122370657349, 6.0979427567632226e-05, 2.444516915766641e-05, -7.138016174223644e-05, 0.9999999971536533], "world_rotation": [0.00022412918213275522, 0.00011663216183812126, -0.9999999680815238, -0.29974357508829436]}], "source": "action wait"}
{"timestamp": 1706068711.822674, "objects": [{"color": "cv_", "id_name": "hand", "shape": "CVCylinder", "id_string": "ob383", "world_size": [0.12, 0.005, 0.12], "id": 383, "camera_size": [62, 59], "camera_position": [243, 262], "world_position": [0.688952656524243, 0.988641510613506, -0.17412014056015693], "world_orientation": [0.00030018762192901614, 0.3900190339539906, 0.9208067457620994, -0.0006867725538949379, -0.920806489691361, 0.3900191493833773, 0.9999997191153861, -0.0007494637213910937, -8.560342380558574e-06], "world_rotation": [0.0, 1.0, 0.0, 0.0]}, {"color": "CVPurple", "id_name": "object79752078020980", "shape": "CVSphere", "id_string": "ob926", "world_size": [0.11, 0.11, 0.11], "id": 926, "camera_size": [57, 74], "camera_position": [245, 250], "world_position": [0.7105169513233761, 0.9370700032629145, -0.17152948153904823], "world_orientation": [0.9208059451030549, -0.39002103725662496, -4.4273425116868257e-05, 0.3900210390616776, 0.9208059443381961, 4.4279706287843715e-05, 2.3497216048020784e-05, -5.804058406416395e-05, 0.9999999980395857], "world_rotation": [0.00013117278181774386, 8.688074962050939e-05, -0.9999999876227184, -0.40065444538260536]}], "source": "action wait"}
{"timestamp": 1706068711.849519, "objects": [{"color": "cv_", "id_name": "hand", "shape": "CVCylinder", "id_string": "ob383", "world_size": [0.12, 0.005, 0.12], "id": 383, "camera_size": [66, 60], "camera_position": [242, 274], "world_position": [0.666281664595151, 1.054934378233967, -0.174119754775466], "world_orientation": [0.0003714523955760428, 0.4804018733969564, 0.8770484034874085, -0.0006569779956196916, -0.8770481574823118, 0.48040201689501244, 0.9999997152014751, -0.0007546479821999735, -1.0168179255587343e-05], "world_rotation": [0.0, 1.0, 0.0, 0.0]}, {"color": "CVPurple", "id_name": "object79752078020980", "shape": "CVSphere", "id_string": "ob926", "world_size": [0.11, 0.11, 0.11], "id": 926, "camera_size": [60, 83], "camera_position": [243, 260], "world_position": [0.6930091366890933, 1.005824086210335, -0.17246224836907909], "world_orientation": [0.8769100968583585, -0.48065442908540296, -4.276037359477336e-05, 0.48065443048411977, 0.8769100965412697, 3.2248526669279186e-05, 2.1996606162065696e-05, -4.883202166258096e-05, 0.9999999985657915], "world_rotation": [8.434390992277397e-05, 6.7363343981426e-05, -0.9999999941741422, -0.5014008537160917]}], "source": "action wait"}
{"timestamp": 1706068711.879688, "objects": [{"color": "cv_", "id_name": "hand", "shape": "CVCylinder", "id_string": "ob383", "world_size": [0.12, 0.005, 0.12], "id": 383, "camera_size": [70, 61], "camera_position": [241, 290], "world_position": [0.6419557071799716, 1.1077183627499863, -0.1741182965194899], "world_orientation": [0.0004345392820383414, 0.5515677291252128, 0.8341299966811339, -0.0006357334218848831, -0.8341297545021462, 0.5515679001693319, 0.9999997035092704, -0.0007699622364219816, -1.1812104809630558e-05], "world_rotation": [0.0, 1.0, 0.0, 0.0]}, {"color": "CVPurple", "id_name": "object79752078020980", "shape": "CVSphere", "id_string": "ob926", "world_size": [0.11, 0.11, 0.11], "id": 926, "camera_size": [64, 89], "camera_position": [242, 272], "world_position": [0.6726813846050834, 1.0611307129551069, -0.17305860664787706], "world_orientation": [0.8338702135948812, -0.5519605653649291, -3.4077198511898365e-05, 0.5519605660403781, 0.8338702137172009, 1.4547006918846277e-05, 2.0386586642706243e-05, -3.0939585546282315e-05, 0.9999999993135646], "world_rotation": [4.1204567135380386e-05, 4.9336663184218035e-05, -0.9999999979340387, -0.5847135787712224]}], "source": "action wait"}
{"timestamp": 1706068711.904663, "objects": [{"color": "cv_", "id_name": "hand", "shape": "CVCylinder", "id_string": "ob383", "world_size": [0.12, 0.005, 0.12], "id": 383, "camera_size": [73, 61], "camera_position": [241, 303], "world_position": [0.621737245637408, 1.1433829779419855, -0.17411853093484675], "world_orientation": [0.0004793901090238282, 0.5995226685835462, 0.8003576325865748, -0.0006145566534095093, -0.8003573967872409, 0.5995228600546197, 0.9999996962525756, -0.0007792704374570958, -1.5242774855510476e-05], "world_rotation": [0.0, 1.0, 0.0, 0.0]}, {"color": "CVPurple", "id_name": "object79752078020980", "shape": "CVSphere", "id_string": "ob926", "world_size": [0.11, 0.11, 0.11], "id": 926, "camera_size": [67, 93], "camera_position": [242, 283], "world_position": [0.6550938090637406, 1.0988680500057546, -0.1734413743387812], "world_orientation": [0.8000049813686609, -0.5999933575736186, -2.5551210065315884e-05, 0.5999933578781215, 0.8000049815272239, 5.810567881418182e-06, 1.6954793203719728e-05, -1.997903957465343e-05, 0.9999999996566865], "world_rotation": [2.1491577449861726e-05, 3.542206149886495e-05, -0.9999999991416949, -0.6434928066201908]}], "source": "action wait"}
{"timestamp": 1706068711.937587, "objects": [{"color": "cv_", "id_name": "hand", "shape": "CVCylinder", "id_string": "ob383", "world_size": [0.12, 0.005, 0.12], "id": 383, "camera_size": [75, 62], "camera_position": [241, 313], "world_position": [0.6060733227724789, 1.1676397361929802, -0.17411979952402842], "world_orientation": [0.0005094033158795218, 0.6321147459407054, 0.7748746275834426, -0.000594395622114718, -0.7748743998399503, 0.6321149509120328, 0.9999996936010063, -0.0007825835383350368, -1.899735100679983e-05], "world_rotation": [0.0, 1.0, 0.0, 0.0]}, {"color": "CVPurple", "id_name": "object79752078020980", "shape": "CVSphere", "id_string": "ob926", "world_size": [0.11, 0.11, 0.11], "id": 926, "camera_size": [68, 96], "camera_position": [241, 292], "world_position": [0.6411835571333186, 1.124715490921534, -0.17368729578895903], "world_orientation": [0.7744553738869203, -0.6326285430283769, -2.008640227567434e-05, 0.6326285432098078, 0.7744553739901466, 3.7441358673953747e-06, 1.3187374967833277e-05, -1.560689755305314e-05, 0.999999999791259], "world_rotation": [1.529415137995996e-05, 2.629803665201242e-05, -0.9999999995372513, -0.6849425801034185]}], "source": "action wait"}
{"timestamp": 1706068711.973455, "objects": [{"color": "cv_", "id_name": "hand", "shape": "CVCylinder", "id_string": "ob383", "world_size": [0.12, 0.005, 0.12], "id": 383, "camera_size": [76, 62], "camera_position": [240, 321], "world_position": [0.594378505519774, 1.1842752462744457, -0.17412124323546418], "world_orientation": [0.0005291226120976699, 0.6544534880272792, 0.7561020777898902, -0.0005773384230969268, -0.7561018576968866, 0.6544537015463068, 0.9999996933547562, -0.0007828130333507364, -2.2229445188010788e-05], "world_rotation": [0.0, 1.0, 0.0, 0.0]}, {"color": "CVPurple", "id_name": "object79752078020980", "shape": "CVSphere", "id_string": "ob926", "world_size": [0.11, 0.11, 0.11], "id": 926, "camera_size": [69, 98], "camera_position": [241, 299], "world_position": [0.63067371897685, 1.142528720916195, -0.17384519966112472], "world_orientation": [0.7556365795163137, -0.6549911139879195, -1.7139136601384487e-05, 0.6549911141367243, 0.7556365795677252, 4.595812102160551e-06, 9.940742469740877e-06, -1.4698745914858611e-05, 0.9999999998425644], "world_rotation": [1.4728870053775916e-05, 2.0671943848558354e-05, -0.9999999996778655, -0.7141708611568109]}], "source": "action wait"}
