{"timestamp": 1706068829.175278, "objects": [{"color": "cv_", "id_name": "hand", "shape": "CVCylinder", "id_string": "ob383", "world_size": [0.12, 0.005, 0.12], "id": 383, "camera_size": [48, 50], "camera_position": [246, 426], "world_position": [0.26764451554000884, 0.633470301384947, -0.1738926040084783], "world_orientation": [-0.0006415510947160944, 0.19791547486687278, 0.980218880261145, -0.0007473675137142777, -0.9802189031248748, 0.19791499033288762, 0.9999995149268786, -0.0006056111687280644, 0.0007767761067384375], "world_rotation": [0.0, 1.0, 0.0, 0.0]}, {"color": "CVBlue", "id_name": "object98434084781893", "shape": "CVCone", "id_string": "ob961", "world_size": [0.11, 0.11, 0.11], "id": 961, "camera_size": [45, 45], "camera_position": [256, 254], "world_position": [0.705, 0.654738849708696, -0.15], "world_orientation": [1.0, -5.1619362862653347e-17, 1.4541359828532488e-17, 5.1619362862653347e-17, 1.0, 2.3824321321224633e-17, -1.4541359828532488e-17, -2.3824321321224633e-17, 1.0], "world_rotation": [-0.4059884517598224, 0.2477982093873522, 0.8796416454796148, 5.868226354211375e-17]}], "source": "manual check"}
{"timestamp": 1706068830.198947, "objects": [{"color": "cv_", "id_name": "hand", "shape": "CVCylinder", "id_string": "ob383", "world_size": [0.12, 0.005, 0.12], "id": 383, "camera_size": [48, 50], "camera_position": [246, 426], "world_position": [0.26764451554000884, 0.633470301384947, -0.1738926040084783], "world_orientation": [-0.0006415510947160944, 0.19791547486687278, 0.980218880261145, -0.0007473675137142777, -0.9802189031248748, 0.19791499033288762, 0.9999995149268786, -0.0006056111687280644, 0.0007767761067384375], "world_rotation": [0.0, 1.0, 0.0, 0.0]}, {"color": "CVBlue", "id_name": "object98434084781893", "shape": "CVCone", "id_string": "ob961", "world_size": [0.11, 0.11, 0.11], "id": 961, "camera_size": [45, 45], "camera_position": [256, 254], "world_position": [0.705, 0.6547388572526824, -0.15], "world_orientation": [1.0, -3.838362879530641e-17, 1.4813540171849057e-17, 3.838362879530641e-17, 1.0, 5.294293626938881e-18, -1.4813540171849057e-17, -5.294293626938881e-18, 1.0], "world_rotation": [-0.1276280613210114, 0.35710588544125776, 0.925303444577321, 4.1482206750932463e-17]}], "source": "manual check"}
{"timestamp": 1706068831.70732, "objects": [{"color": "cv_", "id_name": "hand", "shape": "CVCylinder", "id_string": "ob383", "world_size": [0.12, 0.005, 0.12], "id": 383, "camera_size": [48, 50], "camera_position": [246, 426], "world_position": [0.26764451554000884, 0.633470301384947, -0.1738926040084783], "world_orientation": [-0.0006415510947160944, 0.19791547486687278, 0.980218880261145, -0.0007473675137142777, -0.9802189031248748, 0.19791499033288762, 0.9999995149268786, -0.0006056111687280644, 0.0007767761067384375], "world_rotation": [0.0, 1.0, 0.0, 0.0]}, {"color": "CVBlue", "id_name": "object98434084781893", "shape": "CVCone", "id_string": "ob961", "world_size": [0.11, 0.11, 0.11], "id": 961, "camera_size": [45, 45], "camera_position": [256, 254], "world_position": [0.705, 0.6547388572526824, -0.15], "world_orientation": [1.0, -3.838362879530641e-17, 1.4813540171849057e-17, 3.838362879530641e-17, 1.0, 5.294293626938881e-18, -1.4813540171849057e-17, -5.294293626938881e-18, 1.0], "world_rotation": [-0.1276280613210114, 0.35710588544125776, 0.925303444577321, 4.1482206750932463e-17]}], "source": "action wait"}
{"timestamp": 1706068831.739697, "objects": [{"color": "cv_", "id_name": "hand", "shape": "CVCylinder", "id_string": "ob383", "world_size": [0.12, 0.005, 0.12], "id": 383, "camera_size": [49, 51], "camera_position": [246, 421], "world_position": [0.29079630371533316, 0.667464911498272, -0.1739562545939939], "world_orientation": [-0.00038505342566572684, 0.19530906898058983, 0.980741667977758, -0.00071594661215288, -0.9807415431713689, 0.1953087630350745, 0.9999996695770995, -0.0006269543663169297, 0.0005174687571506418], "world_rotation": [0.0, 1.0, 0.0, 0.0]}, {"color": "CVBlue", "id_name": "object98434084781893", "shape": "CVCone", "id_string": "ob961", "world_size": [0.11, 0.11, 0.11], "id": 961, "camera_size": [45, 45], "camera_position": [256, 254], "world_position": [0.705, 0.6547388572526824, -0.15], "world_orientation": [1.0, -3.838362879530641e-17, 1.4813540171849057e-17, 3.838362879530641e-17, 1.0, 5.294293626938881e-18, -1.4813540171849057e-17, -5.294293626938881e-18, 1.0], "world_rotation": [-0.1276280613210114, 0.35710588544125776, 0.925303444577321, 4.1482206750932463e-17]}], "source": "action wait"}
{"timestamp": 1706068831.772942, "objects": [{"color": "cv_", "id_name": "hand", "shape": "CVCylinder", "id_string": "ob383", "world_size": [0.12, 0.005, 0.12], "id": 383, "camera_size": [51, 52], "camera_position": [246, 406], "world_position": [0.3366225646700057, 0.7051726044708662, -0.1739841162272269], "world_orientation": [-0.00022718438629914148, 0.18151312318463877, 0.9833884962206, -0.0007325542672635801, -0.9833882879458248, 0.181512915505276, 0.9999997058757069, -0.0006791485389701696, 0.0003563786776444071], "world_rotation": [0.0, 1.0, 0.0, 0.0]}, {"color": "CVBlue", "id_name": "object98434084781893", "shape": "CVCone", "id_string": "ob961", "world_size": [0.11, 0.11, 0.11], "id": 961, "camera_size": [45, 45], "camera_position": [256, 254], "world_position": [0.705, 0.6547388572526824, -0.15], "world_orientation": [1.0, -3.838362879530641e-17, 1.4813540171849057e-17, 3.838362879530641e-17, 1.0, 5.294293626938881e-18, -1.4813540171849057e-17, -5.294293626938881e-18, 1.0], "world_rotation": [-0.1276280613210114, 0.35710588544125776, 0.925303444577321, 4.1482206750932463e-17]}], "source": "action wait"}
{"timestamp": 1706068831.805113, "objects": [{"color": "cv_", "id_name": "hand", "shape": "CVCylinder", "id_string": "ob383", "world_size": [0.12, 0.005, 0.12], "id": 383, "camera_size": [51, 52], "camera_position": [246, 388], "world_position": [0.38703194574682664, 0.7381661602402014, -0.17400462810732445], "world_orientation": [-0.00012490795960759722, 0.1716919608900275, 0.9851506762743144, -0.0007438842544562928, -0.9851504273391903, 0.17169182318802198, 0.9999997155170683, -0.000711392401032006, 0.00025077207610872915], "world_rotation": [0.0, 1.0, 0.0, 0.0]}, {"color": "CVBlue", "id_name": "object98434084781893", "shape": "CVCone", "id_string": "ob961", "world_size": [0.11, 0.11, 0.11], "id": 961, "camera_size": [45, 45], "camera_position": [256, 254], "world_position": [0.705, 0.6547388572526824, -0.15], "world_orientation": [1.0, -3.838362879530641e-17, 1.4813540171849057e-17, 3.838362879530641e-17, 1.0, 5.294293626938881e-18, -1.4813540171849057e-17, -5.294293626938881e-18, 1.0], "world_rotation": [-0.1276280613210114, 0.35710588544125776, 0.925303444577321, 4.1482206750932463e-17]}], "source": "action wait"}
{"timestamp": 1706068831.836362, "objects": [{"color": "cv_", "id_name": "hand", "shape": "CVCylinder", "id_string": "ob383", "world_size": [0.12, 0.005, 0.12], "id": 383, "camera_size": [52, 53], "camera_position": [245, 368], "world_position": [0.44103755838906, 0.7659892246428212, -0.1740231156714536], "world_orientation": [-5.2923737207571344e-05, 0.16475204620094988, 0.9863350143190082, -0.000751303982139444, -0.9863347438789482, 0.16475196071542383, 0.9999997163706621, -0.0007323181345083975, 0.00017597938916056116], "world_rotation": [0.0, 1.0, 0.0, 0.0]}, {"color": "CVBlue", "id_name": "object98434084781893", "shape": "CVCone", "id_string": "ob961", "world_size": [0.11, 0.11, 0.11], "id": 961, "camera_size": [45, 45], "camera_position": [256, 254], "world_position": [0.705, 0.6547388572526824, -0.15], "world_orientation": [1.0, -3.838362879530641e-17, 1.4813540171849057e-17, 3.838362879530641e-17, 1.0, 5.294293626938881e-18, -1.4813540171849057e-17, -5.294293626938881e-18, 1.0], "world_rotation": [-0.1276280613210114, 0.35710588544125776, 0.925303444577321, 4.1482206750932463e-17]}], "source": "action wait"}
{"timestamp": 1706068831.867734, "objects": [{"color": "cv_", "id_name": "hand", "shape": "CVCylinder", "id_string": "ob383", "world_size": [0.12, 0.005, 0.12], "id": 383, "camera_size": [52, 53], "camera_position": [245, 344], "world_position": [0.49815490153084074, 0.7811412023935294, -0.17403837667950628], "world_orientation": [-9.121190827919221e-06, 0.1495592852729871, 0.988752759847191, -0.0007643490470927897, -0.9887524721017242, 0.14955923469737156, 0.9999997078436265, -0.0007543880714801293, 0.00012333409716231764], "world_rotation": [0.0, 1.0, 0.0, 0.0]}, {"color": "CVBlue", "id_name": "object98434084781893", "shape": "CVCone", "id_string": "ob961", "world_size": [0.11, 0.11, 0.11], "id": 961, "camera_size": [45, 45], "camera_position": [256, 254], "world_position": [0.705, 0.6547388572526824, -0.15], "world_orientation": [1.0, -3.838362879530641e-17, 1.4813540171849057e-17, 3.838362879530641e-17, 1.0, 5.294293626938881e-18, -1.4813540171849057e-17, -5.294293626938881e-18, 1.0], "world_rotation": [-0.1276280613210114, 0.35710588544125776, 0.925303444577321, 4.1482206750932463e-17]}], "source": "action wait"}
{"timestamp": 1706068831.900503, "objects": [{"color": "cv_", "id_name": "hand", "shape": "CVCylinder", "id_string": "ob383", "world_size": [0.12, 0.005, 0.12], "id": 383, "camera_size": [52, 53], "camera_position": [245, 318], "world_position": [0.5567904865315174, 0.7728433640339113, -0.17405021983571065], "world_orientation": [-2.3399104004076586e-06, 0.11084768279538273, 0.9938374068294165, -0.0007770584436876068, -0.993837106984276, 0.11084764752262523, 0.9999996980873044, -0.0007720103750664196, 8.846061766270357e-05], "world_rotation": [0.0, 1.0, 0.0, 0.0]}, {"color": "CVBlue", "id_name": "object98434084781893", "shape": "CVCone", "id_string": "ob961", "world_size": [0.11, 0.11, 0.11], "id": 961, "camera_size": [45, 45], "camera_position": [256, 254], "world_position": [0.705, 0.6547388572526824, -0.15], "world_orientation": [1.0, -3.838362879530641e-17, 1.4813540171849057e-17, 3.838362879530641e-17, 1.0, 5.294293626938881e-18, -1.4813540171849057e-17, -5.294293626938881e-18, 1.0], "world_rotation": [-0.1276280613210114, 0.35710588544125776, 0.925303444577321, 4.1482206750932463e-17]}], "source": "action wait"}
{"timestamp": 1706068831.929993, "objects": [{"color": "cv_", "id_name": "hand", "shape": "CVCylinder", "id_string": "ob383", "world_size": [0.12, 0.005, 0.12], "id": 383, "camera_size": [52, 52], "camera_position": [245, 298], "world_position": [0.6021305289489338, 0.7593670532559851, -0.17405582517707427], "world_orientation": [-1.661577054515721e-05, 0.07771687016776672, 0.9969754700168119, -0.0007752611187241342, -0.996975171549521, 0.07771683398081394, 0.9999996993470119, -0.0007716249931451608, 7.68163784000781e-05], "world_rotation": [0.0, 1.0, 0.0, 0.0]}, {"color": "CVBlue", "id_name": "object98434084781893", "shape": "CVCone", "id_string": "ob961", "world_size": [0.11, 0.11, 0.11], "id": 961, "camera_size": [45, 45], "camera_position": [256, 254], "world_position": [0.705, 0.6547388572526824, -0.15], "world_orientation": [1.0, -3.838362879530641e-17, 1.4813540171849057e-17, 3.838362879530641e-17, 1.0, 5.294293626938881e-18, -1.4813540171849057e-17, -5.294293626938881e-18, 1.0], "world_rotation": [-0.1276280613210114, 0.35710588544125776, 0.925303444577321, 4.1482206750932463e-17]}], "source": "action wait"}
{"timestamp": 1706068831.966379, "objects": [{"color": "cv_", "id_name": "hand", "shape": "CVCylinder", "id_string": "ob383", "world_size": [0.12, 0.005, 0.12], "id": 383, "camera_size": [51, 51], "camera_position": [246, 284], "world_position": [0.6339561891158441, 0.7474014492349768, -0.17406350425296638], "world_orientation": [-2.2870240078934542e-05, 0.054305853346380724, 0.9985243481103873, -0.0007713924675033041, -0.9985240522454121, 0.054305819587433767, 0.9999997022152622, -0.0007690121736196968, 6.472761101256386e-05], "world_rotation": [0.0, 1.0, 0.0, 0.0]}, {"color": "CVBlue", "id_name": "object98434084781893", "shape": "CVCone", "id_string": "ob961", "world_size": [0.11, 0.11, 0.11], "id": 961, "camera_size": [45, 45], "camera_position": [256, 254], "world_position": [0.705, 0.6547388572526824, -0.15], "world_orientation": [1.0, -3.838362879530641e-17, 1.4813540171849057e-17, 3.838362879530641e-17, 1.0, 5.294293626938881e-18, -1.4813540171849057e-17, -5.294293626938881e-18, 1.0], "world_rotation": [-0.1276280613210114, 0.35710588544125776, 0.925303444577321, 4.1482206750932463e-17]}], "source": "action wait"}
{"timestamp": 1706068832.001075, "objects": [{"color": "cv_", "id_name": "hand", "shape": "CVCylinder", "id_string": "ob383", "world_size": [0.12, 0.005, 0.12], "id": 383, "camera_size": [51, 51], "camera_position": [246, 275], "world_position": [0.6562274746818468, 0.73777358588554, -0.1740713830138523], "world_orientation": [-2.4210262595643828e-05, 0.03778609716038233, 0.9992858501326082, -0.0007678981397467598, -0.9992855565046844, 0.037786067453098406, 0.9999997048731115, -0.000766434934776941, 5.320883944913821e-05], "world_rotation": [0.0, 1.0, 0.0, 0.0]}, {"color": "CVBlue", "id_name": "object98434084781893", "shape": "CVCone", "id_string": "ob961", "world_size": [0.11, 0.11, 0.11], "id": 961, "camera_size": [45, 45], "camera_position": [256, 254], "world_position": [0.705, 0.6547388572526824, -0.15], "world_orientation": [1.0, -3.838362879530641e-17, 1.4813540171849057e-17, 3.838362879530641e-17, 1.0, 5.294293626938881e-18, -1.4813540171849057e-17, -5.294293626938881e-18, 1.0], "world_rotation": [-0.1276280613210114, 0.35710588544125776, 0.925303444577321, 4.1482206750932463e-17]}], "source": "action wait"}
{"timestamp": 1706068832.033259, "objects": [{"color": "cv_", "id_name": "hand", "shape": "CVCylinder", "id_string": "ob383", "world_size": [0.12, 0.005, 0.12], "id": 383, "camera_size": [51, 51], "camera_position": [246, 268], "world_position": [0.6718105222469337, 0.7304172610303602, -0.17407849499008327], "world_orientation": [-2.303168865666619e-05, 0.026136541150479628, 0.9996583819916834, -0.00076538536045455, -0.9996580899102047, 0.02613651587973011, 0.9999997068273527, -0.0007645219229361585, 4.302833985979813e-05], "world_rotation": [0.0, 1.0, 0.0, 0.0]}, {"color": "CVBlue", "id_name": "object98434084781893", "shape": "CVCone", "id_string": "ob961", "world_size": [0.11, 0.11, 0.11], "id": 961, "camera_size": [45, 45], "camera_position": [256, 254], "world_position": [0.705, 0.6547388572526824, -0.15], "world_orientation": [1.0, -3.838362879530641e-17, 1.4813540171849057e-17, 3.838362879530641e-17, 1.0, 5.294293626938881e-18, -1.4813540171849057e-17, -5.294293626938881e-18, 1.0], "world_rotation": [-0.1276280613210114, 0.35710588544125776, 0.925303444577321, 4.1482206750932463e-17]}], "source": "action wait"}
{"timestamp": 1706068832.065475, "objects": [{"color": "cv_", "id_name": "hand", "shape": "CVCylinder", "id_string": "ob383", "world_size": [0.12, 0.005, 0.12], "id": 383, "camera_size": [51, 50], "camera_position": [246, 263], "world_position": [0.6827233161319175, 0.7249641674762846, -0.17408450765020003], "world_orientation": [-2.072991155912416e-05, 0.017923939179469783, 0.9998393530835649, -0.0007638012498992992, -0.999839061932837, 0.01792391812398736, 0.999999708088918, -0.0007633069863465871, 3.441690247599413e-05], "world_rotation": [0.0, 1.0, 0.0, 0.0]}, {"color": "CVBlue", "id_name": "object98434084781893", "shape": "CVCone", "id_string": "ob961", "world_size": [0.11, 0.11, 0.11], "id": 961, "camera_size": [45, 45], "camera_position": [256, 254], "world_position": [0.705, 0.6547388572526824, -0.15], "world_orientation": [1.0, -3.838362879530641e-17, 1.4813540171849057e-17, 3.838362879530641e-17, 1.0, 5.294293626938881e-18, -1.4813540171849057e-17, -5.294293626938881e-18, 1.0], "world_rotation": [-0.1276280613210114, 0.35710588544125776, 0.925303444577321, 4.1482206750932463e-17]}], "source": "action wait"}
{"timestamp": 1706068832.095673, "objects": [{"color": "cv_", "id_name": "hand", "shape": "CVCylinder", "id_string": "ob383", "world_size": [0.12, 0.005, 0.12], "id": 383, "camera_size": [51, 51], "camera_position": [246, 260], "world_position": [0.6903741734251687, 0.7209971902815508, -0.17408939668575873], "world_orientation": [-1.808705530939894e-05, 0.012135106704413343, 0.9999263667181355, -0.0007629124918140854, -0.9999260760527956, 0.012135089377042494, 0.9999997088186517, -0.0007626368280311508, 2.7343742737539738e-05], "world_rotation": [0.0, 1.0, 0.0, 0.0]}, {"color": "CVBlue", "id_name": "object98434084781893", "shape": "CVCone", "id_string": "ob961", "world_size": [0.11, 0.11, 0.11], "id": 961, "camera_size": [45, 45], "camera_position": [256, 254], "world_position": [0.705, 0.6547388572526824, -0.15], "world_orientation": [1.0, -3.838362879530641e-17, 1.4813540171849057e-17, 3.838362879530641e-17, 1.0, 5.294293626938881e-18, -1.4813540171849057e-17, -5.294293626938881e-18, 1.0], "world_rotation": [-0.1276280613210114, 0.35710588544125776, 0.925303444577321, 4.1482206750932463e-17]}], "source": "action wait"}
{"timestamp": 1706068832.126743, "objects": [{"color": "cv_", "id_name": "hand", "shape": "CVCylinder", "id_string": "ob383", "world_size": [0.12, 0.005, 0.12], "id": 383, "camera_size": [51, 50], "camera_position": [246, 257], "world_position": [0.6957439340996171, 0.718145981981883, -0.17409327281359266], "world_orientation": [-1.553919801816916e-05, 0.008054944241569575, 0.999967558289667, -0.0007624850909298395, -0.999967267823466, 0.00805493005301378, 0.9999997091874675, -0.0007623351874566132, 2.1680464279231426e-05], "world_rotation": [0.0, 1.0, 0.0, 0.0]}, {"color": "CVBlue", "id_name": "object98434084781893", "shape": "CVCone", "id_string": "ob961", "world_size": [0.11, 0.11, 0.11], "id": 961, "camera_size": [45, 45], "camera_position": [256, 254], "world_position": [0.705, 0.6547388572526824, -0.15], "world_orientation": [1.0, -3.838362879530641e-17, 1.4813540171849057e-17, 3.838362879530641e-17, 1.0, 5.294293626938881e-18, -1.4813540171849057e-17, -5.294293626938881e-18, 1.0], "world_rotation": [-0.1276280613210114, 0.35710588544125776, 0.925303444577321, 4.1482206750932463e-17]}], "source": "action wait"}
{"timestamp": 1706068832.16464, "objects": [{"color": "cv_", "id_name": "hand", "shape": "CVCylinder", "id_string": "ob383", "world_size": [0.12, 0.005, 0.12], "id": 383, "camera_size": [50, 50], "camera_position": [245, 256], "world_position": [0.6995162157935509, 0.7161128708146859, -0.17409629290746792], "world_orientation": [-1.3259334239358433e-05, 0.005179139976352196, 0.999986588076708, -0.0007623367980620534, -0.999986297642121, 0.005179128363917019, 0.999999709333356, -0.0007622579018657193, 1.7207401541869372e-05], "world_rotation": [0.0, 1.0, 0.0, 0.0]}, {"color": "CVBlue", "id_name": "object98434084781893", "shape": "CVCone", "id_string": "ob961", "world_size": [0.11, 0.11, 0.11], "id": 961, "camera_size": [45, 45], "camera_position": [256, 254], "world_position": [0.705, 0.6547388572526824, -0.15], "world_orientation": [1.0, -3.838362879530641e-17, 1.4813540171849057e-17, 3.838362879530641e-17, 1.0, 5.294293626938881e-18, -1.4813540171849057e-17, -5.294293626938881e-18, 1.0], "world_rotation": [-0.1276280613210114, 0.35710588544125776, 0.925303444577321, 4.1482206750932463e-17]}], "source": "action wait"}
{"timestamp": 1706068832.199727, "objects": [{"color": "cv_", "id_name": "hand", "shape": "CVCylinder", "id_string": "ob383", "world_size": [0.12, 0.005, 0.12], "id": 383, "camera_size": [50, 50], "camera_position": [245, 255], "world_position": [0.7021682761295462, 0.7146706768811509, -0.17409861684306407], "world_orientation": [-1.1323553215701396e-05, 0.0031521752192019067, 0.9999950318192411, -0.0007623425689306742, -0.9999947413288681, 0.003152165671051619, 0.9999997093527502, -0.0007623030877596331, 1.3726531023550299e-05], "world_rotation": [0.0, 1.0, 0.0, 0.0]}, {"color": "CVBlue", "id_name": "object98434084781893", "shape": "CVCone", "id_string": "ob961", "world_size": [0.11, 0.11, 0.11], "id": 961, "camera_size": [45, 45], "camera_position": [256, 254], "world_position": [0.705, 0.6547388572526824, -0.15], "world_orientation": [1.0, -3.838362879530641e-17, 1.4813540171849057e-17, 3.838362879530641e-17, 1.0, 5.294293626938881e-18, -1.4813540171849057e-17, -5.294293626938881e-18, 1.0], "world_rotation": [-0.1276280613210114, 0.35710588544125776, 0.925303444577321, 4.1482206750932463e-17]}], "source": "action wait"}
{"timestamp": 1706068832.237993, "objects": [{"color": "cv_", "id_name": "hand", "shape": "CVCylinder", "id_string": "ob383", "world_size": [0.12, 0.005, 0.12], "id": 383, "camera_size": [50, 50], "camera_position": [245, 254], "world_position": [0.7040339068302284, 0.7136511733941484, -0.17410038859794288], "world_orientation": [-9.73214491421875e-06, 0.0017234697391521195, 0.9999985147775688, -0.0007624230628544601, -0.9999982241936404, 0.0017234618183163963, 0.9999997093081371, -0.0007624051575068229, 1.1046140709440656e-05], "world_rotation": [0.0, 1.0, 0.0, 0.0]}, {"color": "CVBlue", "id_name": "object98434084781893", "shape": "CVCone", "id_string": "ob961", "world_size": [0.11, 0.11, 0.11], "id": 961, "camera_size": [45, 45], "camera_position": [256, 254], "world_position": [0.705, 0.6547388572526824, -0.15], "world_orientation": [1.0, -3.838362879530641e-17, 1.4813540171849057e-17, 3.838362879530641e-17, 1.0, 5.294293626938881e-18, -1.4813540171849057e-17, -5.294293626938881e-18, 1.0], "world_rotation": [-0.1276280613210114, 0.35710588544125776, 0.925303444577321, 4.1482206750932463e-17]}], "source": "action wait"}
{"timestamp": 1706068832.274026, "objects": [{"color": "cv_", "id_name": "hand", "shape": "CVCylinder", "id_string": "ob383", "world_size": [0.12, 0.005, 0.12], "id": 383, "camera_size": [50, 50], "camera_position": [245, 253], "world_position": [0.7053469392899924, 0.7129320965287677, -0.1741017298282468], "world_orientation": [-8.45354116446044e-06, 0.0007164201400329356, 0.9999997433353276, -0.0007625314165760903, -0.9999994526486284, 0.0007164134856870747, 0.999999709237146, -0.0007625251646306987, 8.999829402010953e-06], "world_rotation": [0.0, 1.0, 0.0, 0.0]}, {"color": "CVBlue", "id_name": "object98434084781893", "shape": "CVCone", "id_string": "ob961", "world_size": [0.11, 0.11, 0.11], "id": 961, "camera_size": [45, 45], "camera_position": [256, 254], "world_position": [0.705, 0.6547388572526824, -0.15], "world_orientation": [1.0, -3.838362879530641e-17, 1.4813540171849057e-17, 3.838362879530641e-17, 1.0, 5.294293626938881e-18, -1.4813540171849057e-17, -5.294293626938881e-18, 1.0], "world_rotation": [-0.1276280613210114, 0.35710588544125776, 0.925303444577321, 4.1482206750932463e-17]}], "source": "action wait"}
{"timestamp": 1706068832.29934, "objects": [{"color": "cv_", "id_name": "hand", "shape": "CVCylinder", "id_string": "ob383", "world_size": [0.12, 0.005, 0.12], "id": 383, "camera_size": [50, 50], "camera_position": [245, 253], "world_position": [0.7062714008094692, 0.7124256476549008, -0.17410273949828917], "world_orientation": [-7.443680729807548e-06, 6.562520779003129e-06, 0.9999999999507625, -0.0007626420405841862, -0.9999997091670207, 6.556842007198236e-06, 0.9999997091608126, -0.000762641991739982, 7.44868341954252e-06], "world_rotation": [0.0, 1.0, 0.0, 0.0]}, {"color": "CVBlue", "id_name": "object98434084781893", "shape": "CVCone", "id_string": "ob961", "world_size": [0.11, 0.11, 0.11], "id": 961, "camera_size": [45, 45], "camera_position": [256, 254], "world_position": [0.705, 0.6547388572526824, -0.15], "world_orientation": [1.0, -3.838362879530641e-17, 1.4813540171849057e-17, 3.838362879530641e-17, 1.0, 5.294293626938881e-18, -1.4813540171849057e-17, -5.294293626938881e-18, 1.0], "world_rotation": [-0.1276280613210114, 0.35710588544125776, 0.925303444577321, 4.1482206750932463e-17]}], "source": "action wait"}
{"timestamp": 1706068832.330582, "objects": [{"color": "cv_", "id_name": "hand", "shape": "CVCylinder", "id_string": "ob383", "world_size": [0.12, 0.005, 0.12], "id": 383, "camera_size": [49, 50], "camera_position": [246, 253], "world_position": [0.7069026014531318, 0.7120937875254395, -0.17409628843693145], "world_orientation": [-8.444761874201965e-06, -0.00048564823589975864, 0.9999998820372316, -0.0007634934598348487, -0.9999995906086177, -0.00048565454188880653, 0.999999708503169, -0.0007634974710083619, 8.073969165445433e-06], "world_rotation": [0.0, 1.0, 0.0, 0.0]}, {"color": "CVBlue", "id_name": "object98434084781893", "shape": "CVCone", "id_string": "ob961", "world_size": [0.11, 0.11, 0.11], "id": 961, "camera_size": [45, 45], "camera_position": [256, 254], "world_position": [0.7050976649764721, 0.6546625983436395, -0.14999646363415514], "world_orientation": [0.9999984304159886, 0.0017717664896715923, 3.010861777320502e-06, -0.0017717662779783135, 0.9999984280462366, -6.891525233661437e-05, -3.1329587791010442e-06, 6.89098096249715e-05, 0.9999999976208114], "world_rotation": [0.03886537280408664, 0.0017324996845151925, -0.9992429540615447, 0.001773109637656225]}], "source": "action wait"}
{"timestamp": 1706068832.361025, "objects": [{"color": "cv_", "id_name": "hand", "shape": "CVCylinder", "id_string": "ob383", "world_size": [0.12, 0.005, 0.12], "id": 383, "camera_size": [49, 50], "camera_position": [246, 252], "world_position": [0.7073244526222302, 0.7118855700741091, -0.17410067111780292], "world_orientation": [-5.286745324833908e-06, -0.0008239831891719991, 0.9999996605118197, -0.0007652228652714207, -0.9999993677395007, -0.0008239869934718889, 0.9999997072029655, -0.0007652269616970606, 4.656211205667568e-06], "world_rotation": [0.0, 1.0, 0.0, 0.0]}, {"color": "CVBlue", "id_name": "object98434084781893", "shape": "CVCone", "id_string": "ob961", "world_size": [0.11, 0.11, 0.11], "id": 961, "camera_size": [45, 46], "camera_position": [256, 253], "world_position": [0.7051967302530427, 0.6545958408971647, -0.14999864107712604], "world_orientation": [0.9999936874711026, 0.0035531676853138273, 4.164952212346037e-06, -0.0035531675639772597, 0.9999936870658628, -2.8786864925610224e-05, -4.267210477491801e-06, 2.877188443458715e-05, 0.9999999995769848], "world_rotation": [0.008099367518100767, 0.0011865300298661596, -0.9999664956348763, 0.0035532941525106927]}], "source": "action wait"}
{"timestamp": 1706068832.391596, "objects": [{"color": "cv_", "id_name": "hand", "shape": "CVCylinder", "id_string": "ob383", "world_size": [0.12, 0.005, 0.12], "id": 383, "camera_size": [49, 50], "camera_position": [246, 252], "world_position": [0.7076261744717687, 0.7117319584928095, -0.1741049199464288], "world_orientation": [-2.9186362869335036e-06, -0.0010646275268921563, 0.9999994332796946, -0.0007661245356435389, -0.9999991398082947, -0.0010646294504939992, 0.9999997065222958, -0.0007661272087317229, 2.102996507040505e-06], "world_rotation": [0.0, 1.0, 0.0, 0.0]}, {"color": "CVBlue", "id_name": "object98434084781893", "shape": "CVCone", "id_string": "ob961", "world_size": [0.11, 0.11, 0.11], "id": 961, "camera_size": [45, 46], "camera_position": [256, 253], "world_position": [0.7052846821906258, 0.6545052974557493, -0.15000076828704792], "world_orientation": [0.9999868736172055, 0.005123726467388942, 4.51380616073692e-06, -0.0051237265169611435, 0.9999868735661962, 1.1040108700492691e-05, -4.457180413407427e-06, -1.1063091292118051e-05, 0.9999999999288708], "world_rotation": [-0.0021569398893726013, 0.0008754333669001232, -0.9999972906096964, 0.005123762793335375]}], "source": "action wait"}
{"timestamp": 1706068833.483674, "objects": [{"color": "cv_", "id_name": "hand", "shape": "CVCylinder", "id_string": "ob383", "world_size": [0.12, 0.005, 0.12], "id": 383, "camera_size": [49, 50], "camera_position": [246, 252], "world_position": [0.7083548556565831, 0.7113706057009448, -0.1741138139764316], "world_orientation": [3.8865080478263595e-06, -0.001636497164585129, 0.9999986609300662, -0.0007683910674822533, -0.9999983657304413, -0.001636493695128709, 0.9999997047799877, -0.0007683836783073217, -5.143971499081209e-06], "world_rotation": [0.0, 1.0, 0.0, 0.0]}, {"color": "CVBlue", "id_name": "object98434084781893", "shape": "CVCone", "id_string": "ob961", "world_size": [0.11, 0.11, 0.11], "id": 961, "camera_size": [45, 46], "camera_position": [256, 253], "world_position": [0.7055090633945387, 0.6543009357296883, -0.15000522630160662], "world_orientation": [0.9999663630640931, 0.00820196759396096, -2.163233565054777e-05, -0.008201964615482856, 0.9999663542962511, 0.00013435739930013933, 2.2733602850458556e-05, -0.00013417545227735461, 0.9999999907400656], "world_rotation": [0.01636777653159633, 0.002704219475319789, 0.9998623820748739, -0.008203186999180774]}], "source": "action wait"}
{"timestamp": 1706068833.519252, "objects": [{"color": "cv_", "id_name": "hand", "shape": "CVCylinder", "id_string": "ob383", "world_size": [0.12, 0.005, 0.12], "id": 383, "camera_size": [51, 50], "camera_position": [246, 251], "world_position": [0.7107737250918142, 0.7320280014794566, -0.17409608291123174], "world_orientation": [2.2405576851279783e-05, 0.028669782054555105, 0.9995889370610973, -0.0007444014756526048, -0.999588659880898, 0.028669790790194914, 0.9999997226821781, -0.0007447378429954929, -1.0545324701724145e-06], "world_rotation": [0.0, 1.0, 0.0, 0.0]}, {"color": "CVBlue", "id_name": "object98434084781893", "shape": "CVCone", "id_string": "ob961", "world_size": [0.11, 0.11, 0.11], "id": 961, "camera_size": [46, 48], "camera_position": [252, 251], "world_position": [0.7106539983329966, 0.6756631315376885, -0.158647047114813], "world_orientation": [0.9996935086616661, -0.024756569402191505, -3.179877228010346e-05, 0.024756572995580695, 0.9996935021055972, 0.00011807354042404465, 2.8865930225284726e-05, -0.00011882458053374046, 0.9999999925237385], "world_rotation": [0.004784491959088057, 0.001225209301635706, -0.999987803675055, -0.02475940276551531]}], "source": "action wait"}
{"timestamp": 1706068833.560606, "objects": [{"color": "cv_", "id_name": "hand", "shape": "CVCylinder", "id_string": "ob383", "world_size": [0.12, 0.005, 0.12], "id": 383, "camera_size": [52, 53], "camera_position": [245, 250], "world_position": [0.7141896177482366, 0.7808921221665173, -0.1741128990344871], "world_orientation": [7.775207009212599e-05, 0.09914093662552029, 0.9950733986192326, -0.0007264940422768982, -0.9950731334301975, 0.09914096697034391, 0.9999997330804754, -0.0007306233111383196, -5.343696212675286e-06], "world_rotation": [0.0, 1.0, 0.0, 0.0]}, {"color": "CVBlue", "id_name": "object98434084781893", "shape": "CVCone", "id_string": "ob961", "world_size": [0.11, 0.11, 0.11], "id": 961, "camera_size": [48, 53], "camera_position": [249, 248], "world_position": [0.7186532978211436, 0.7250889222181345, -0.16422574212683527], "world_orientation": [0.9952909621735051, -0.09693244699938133, -3.653013380428922e-05, 0.09693245036624526, 0.995290956900771, 0.00010572390237075199, 2.6110035266663548e-05, -0.00010876699989718002, 0.9999999937440031], "world_rotation": [0.0011063929711165354, 0.00032311227206775154, -0.9999993357463058, -0.09708495339166177]}], "source": "action wait"}
{"timestamp": 1706068833.593076, "objects": [{"color": "cv_", "id_name": "hand", "shape": "CVCylinder", "id_string": "ob383", "world_size": [0.12, 0.005, 0.12], "id": 383, "camera_size": [55, 55], "camera_position": [245, 250], "world_position": [0.7131806795321871, 0.8508219418225, -0.17411935464490105], "world_orientation": [0.0001518189275616408, 0.19839182099639058, 0.9801227792030697, -0.0007164348617656697, -0.9801225173815151, 0.1983918789739409, 0.9999997318360152, -0.0007323137701347712, -6.6663326164577635e-06], "world_rotation": [0.0, 1.0, 0.0, 0.0]}, {"color": "CVBlue", "id_name": "object98434084781893", "shape": "CVCone", "id_string": "ob961", "world_size": [0.11, 0.11, 0.11], "id": 961, "camera_size": [51, 60], "camera_position": [248, 245], "world_position": [0.7235988735588986, 0.7958872520510936, -0.16779202623132283], "world_orientation": [0.9803471746733946, -0.19728004267271887, -4.327751200217849e-05, 0.1972800457439291, 0.9803471713498038, 8.472137927142761e-05, 2.5713149156434033e-05, -9.159415435065039e-05, 0.9999999954746724], "world_rotation": [0.00044686606298704627, 0.00017485461718253322, -0.9999998848682857, -0.19858268323002448]}], "source": "action wait"}
{"timestamp": 1706068833.622538, "objects": [{"color": "cv_", "id_name": "hand", "shape": "CVCylinder", "id_string": "ob383", "world_size": [0.12, 0.005, 0.12], "id": 383, "camera_size": [59, 57], "camera_position": [244, 254], "world_position": [0.7046752678186324, 0.9203750567751255, -0.1741202975187961], "world_orientation": [0.00022648553808502045, 0.2956996994848015, 0.955280920163749, -0.0007070530303055382, -0.9552806585281299, 0.2956997861312641, 0.9999997243901187, -0.0007424059945686398, -7.281885387334524e-06], "world_rotation": [0.0, 1.0, 0.0, 0.0]}, {"color": "CVBlue", "id_name": "object98434084781893", "shape": "CVCone", "id_string": "ob961", "world_size": [0.11, 0.11, 0.11], "id": 961, "camera_size": [54, 67], "camera_position": [246, 246], "world_position": [0.7207961199401738, 0.8668563439369881, -0.17007151737770584], "world_orientation": [0.9554108303509018, -0.2952797710168236, -4.5568113339644536e-05, 0.2952797734256296, 0.9554108287560329, 6.083929067289592e-05, 2.557165711195993e-05, -7.1581859402115e-05, 0.9999999971110639], "world_rotation": [0.00022422996466891574, 0.00012046163476062626, -0.9999999676049582, -0.29974834467009354]}], "source": "action wait"}
{"timestamp": 1706068833.65315, "objects": [{"color": "cv_", "id_name": "hand", "shape": "CVCylinder", "id_string": "ob383", "world_size": [0.12, 0.005, 0.12], "id": 383, "camera_size": [62, 59], "camera_position": [243, 262], "world_position": [0.6889527148310362, 0.9886415872597238, -0.1741201360988321], "world_orientation": [0.0003001213092329728, 0.3900191195850844, 0.9208067095136065, -0.0006867994961011214, -0.9208064534221, 0.3900192349649781, 0.9999997191167865, -0.0007494626675244084, -8.488703549894445e-06], "world_rotation": [0.0, 1.0, 0.0, 0.0]}, {"color": "CVBlue", "id_name": "object98434084781893", "shape": "CVCone", "id_string": "ob961", "world_size": [0.11, 0.11, 0.11], "id": 961, "camera_size": [57, 74], "camera_position": [245, 250], "world_position": [0.7105163958982069, 0.937069734475018, -0.17152950535629866], "world_orientation": [0.9208047413312309, -0.3900238791230604, -4.5340106374313766e-05, 0.39002388098261737, 0.9208047406100759, 4.3968944224963195e-05, 2.46004467016676e-05, -5.817053656594911e-05, 0.9999999980055035], "world_rotation": [0.00013094003307041947, 8.966188453101327e-05, -0.999999987407727, -0.40065753178691393]}], "source": "action wait"}
{"timestamp": 1706068833.687633, "objects": [{"color": "cv_", "id_name": "hand", "shape": "CVCylinder", "id_string": "ob383", "world_size": [0.12, 0.005, 0.12], "id": 383, "camera_size": [66, 60], "camera_position": [242, 274], "world_position": [0.6662817069185335, 1.0549344486418368, -0.1741197505232302], "world_orientation": [0.0003714017590257631, 0.4804019547259177, 0.8770483589610385, -0.0006570035609317069, -0.8770481129361221, 0.4804020981859974, 0.9999997152034866, -0.0007546460792528164, -1.0111416960726427e-05], "world_rotation": [0.0, 1.0, 0.0, 0.0]}, {"color": "CVBlue", "id_name": "object98434084781893", "shape": "CVCone", "id_string": "ob961", "world_size": [0.11, 0.11, 0.11], "id": 961, "camera_size": [60, 83], "camera_position": [243, 260], "world_position": [0.693008577912476, 1.0058237652854756, -0.17246227342913864], "world_orientation": [0.8769091312980818, -0.4806561905683445, -4.3753524621294614e-05, 0.4806561920054976, 0.8769091310252816, 3.180031196567923e-05, 2.3082848446644407e-05, -4.8916386472122e-05, 0.9999999985371848], "world_rotation": [8.39651079309605e-05, 6.952617471944648e-05, -0.9999999940579857, -0.5014028625411459]}], "source": "action wait"}
{"timestamp": 1706068833.7202, "objects": [{"color": "cv_", "id_name": "hand", "shape": "CVCylinder", "id_string": "ob383", "world_size": [0.12, 0.005, 0.12], "id": 383, "camera_size": [70, 61], "camera_position": [241, 290], "world_position": [0.6419557454647092, 1.10771841242851, -0.17411829245318391], "world_orientation": [0.0004344992379584499, 0.5515677855763617, 0.8341299593737181, -0.0006357567012404291, -0.8341297171763229, 0.5515679565899066, 0.9999997035118706, -0.0007699595681979717, -1.1765810602588696e-05], "world_rotation": [0.0, 1.0, 0.0, 0.0]}, {"color": "CVBlue", "id_name": "object98434084781893", "shape": "CVCone", "id_string": "ob961", "world_size": [0.11, 0.11, 0.11], "id": 961, "camera_size": [64, 89], "camera_position": [242, 272], "world_position": [0.6726808400909925, 1.0611303318931677, -0.17305863256560428], "world_orientation": [0.8338694993801923, -0.5519616442998501, -3.50033399456235e-05, 0.5519616449925424, 0.8338694995388163, 1.4000396806544877e-05, 2.1460535520453243e-05, -3.099500497281714e-05, 0.9999999992893776], "world_rotation": [4.075953657248228e-05, 5.114836863484213e-05, -0.9999999978612524, -0.5847148727186077]}], "source": "action wait"}
{"timestamp": 1706068833.753467, "objects": [{"color": "cv_", "id_name": "hand", "shape": "CVCylinder", "id_string": "ob383", "world_size": [0.12, 0.005, 0.12], "id": 383, "camera_size": [73, 61], "camera_position": [241, 303], "world_position": [0.6217372836374194, 1.143383013650074, -0.17411852701202984], "world_orientation": [0.0004793570052871138, 0.5995227085267677, 0.800357602686193, -0.000614577345771325, -0.8003573668702205, 0.5995228999723476, 0.9999996962557277, -0.0007792671530586321, -1.5203835605862647e-05], "world_rotation": [0.0, 1.0, 0.0, 0.0]}, {"color": "CVBlue", "id_name": "object98434084781893", "shape": "CVCone", "id_string": "ob961", "world_size": [0.11, 0.11, 0.11], "id": 961, "camera_size": [67, 93], "camera_position": [242, 283], "world_position": [0.6550932810966398, 1.0988676280725869, -0.1734414008373008], "world_orientation": [0.8000044806656615, -0.5999940251507149, -2.6425529311136258e-05, 0.5999940254620443, 0.8000044808517014, 5.20111068447976e-06, 1.8019906522951575e-05, -2.0016071558375734e-05, 0.9999999996373201], "world_rotation": [2.101452777560053e-05, 3.7038231981637425e-05, -0.9999999990932795, -0.6434936411272045]}], "source": "action wait"}
{"timestamp": 1706068833.822505, "objects": [{"color": "cv_", "id_name": "hand", "shape": "CVCylinder", "id_string": "ob383", "world_size": [0.12, 0.005, 0.12], "id": 383, "camera_size": [75, 62], "camera_position": [241, 313], "world_position": [0.6060733617724668, 1.1676397626193544, -0.17411979570615294], "world_orientation": [0.0005093749748967536, 0.6321147749092879, 0.7748746039705492, -0.0005944139192061728, -0.7748743762121919, 0.6321149798587749, 0.9999996936045669, -0.0007825798022369441, -1.8963795188752825e-05], "world_rotation": [0.0, 1.0, 0.0, 0.0]}, {"color": "CVBlue", "id_name": "object98434084781893", "shape": "CVCone", "id_string": "ob961", "world_size": [0.11, 0.11, 0.11], "id": 961, "camera_size": [68, 96], "camera_position": [241, 292], "world_position": [0.6306732179312018, 1.1425282520390574, -0.1738452268060232], "world_orientation": [0.7556363506104534, -0.6549913780455517, -1.7947288167082853e-05, 0.6549913781991574, 0.7556363506802796, 3.918956287049618e-06, 1.0994740756226937e-05, -1.4716624838443098e-05, 0.9999999998312683], "world_rotation": [1.4225821698967191e-05, 2.2093442662012548e-05, -0.999999999654753, -0.7141712106306434]}], "source": "action wait"}
