{"timestamp": 1706200862.325394, "objects": [{"color": "cv_", "id_name": "hand", "shape": "CVCylinder", "id_string": "ob382", "world_size": [0.12, 0.005, 0.12], "id": 382, "camera_size": [48, 50], "camera_position": [246, 426], "world_position": [0.26764451555797725, 0.6334703012687588, -0.17389260400876527], "world_orientation": [-0.0006415488570455809, 0.19791547470500734, 0.9802188802952919, -0.0007473670596590234, -0.9802189031575583, 0.19791499017272993, 0.9999995149286535, -0.0006056111666513305, 0.0007767738233669349], "world_rotation": [0.0, 1.0, 0.0, 0.0]}, {"color": "CVBlue", "id_name": "object159792957637822", "shape": "CVCylinder", "id_string": "ob512", "world_size": [0.09, 0.09, 0.09], "id": 512, "camera_size": [37, 37], "camera_position": [256, 254], "world_position": [0.705, 0.6448569696296074, -0.15], "world_orientation": [1.0, -4.331917303826236e-17, -1.1712398707441946e-17, 4.331917303826236e-17, 1.0, -5.775889738434995e-17, 1.1712398707441946e-17, 5.775889738434995e-17, 1.0], "world_rotation": [-0.7896765794068324, 0.16013129347666225, -0.5922574345551229, -7.314247236221149e-17]}], "source": "action wait"}
{"timestamp": 1706200862.363326, "objects": [{"color": "cv_", "id_name": "hand", "shape": "CVCylinder", "id_string": "ob382", "world_size": [0.12, 0.005, 0.12], "id": 382, "camera_size": [49, 51], "camera_position": [246, 421], "world_position": [0.2912772558539787, 0.6679306184123333, -0.17395601761781282], "world_orientation": [-0.0003816011840220392, 0.19972075663571937, 0.9798527816715081, -0.0007147793724194037, -0.9798526571821474, 0.19972045289237186, 0.9999996717354387, -0.0006241649950496942, 0.000516669211235486], "world_rotation": [0.0, 1.0, 0.0, 0.0]}, {"color": "CVBlue", "id_name": "object159792957637822", "shape": "CVCylinder", "id_string": "ob512", "world_size": [0.09, 0.09, 0.09], "id": 512, "camera_size": [37, 37], "camera_position": [256, 254], "world_position": [0.705, 0.6448569696296074, -0.15], "world_orientation": [1.0, -4.331917303826236e-17, -1.1712398707441946e-17, 4.331917303826236e-17, 1.0, -5.775889738434995e-17, 1.1712398707441946e-17, 5.775889738434995e-17, 1.0], "world_rotation": [-0.7896765794068324, 0.16013129347666225, -0.5922574345551229, -7.314247236221149e-17]}], "source": "action wait"}
{"timestamp": 1706200862.399457, "objects": [{"color": "cv_", "id_name": "hand", "shape": "CVCylinder", "id_string": "ob382", "world_size": [0.12, 0.005, 0.12], "id": 382, "camera_size": [51, 52], "camera_position": [246, 406], "world_position": [0.3374383891730686, 0.7061103395662346, -0.17398381462122892], "world_orientation": [-0.00022110685265550883, 0.18928677390996737, 0.9819218239424748, -0.0007309929987368419, -0.9819216161932592, 0.18928656925850232, 0.9999997083804553, -0.0006759254210304477, 0.000355476904592998], "world_rotation": [0.0, 1.0, 0.0, 0.0]}, {"color": "CVBlue", "id_name": "object159792957637822", "shape": "CVCylinder", "id_string": "ob512", "world_size": [0.09, 0.09, 0.09], "id": 512, "camera_size": [37, 37], "camera_position": [256, 254], "world_position": [0.705, 0.6448569696296074, -0.15], "world_orientation": [1.0, -4.331917303826236e-17, -1.1712398707441946e-17, 4.331917303826236e-17, 1.0, -5.775889738434995e-17, 1.1712398707441946e-17, 5.775889738434995e-17, 1.0], "world_rotation": [-0.7896765794068324, 0.16013129347666225, -0.5922574345551229, -7.314247236221149e-17]}], "source": "action wait"}
{"timestamp": 1706200862.43111, "objects": [{"color": "cv_", "id_name": "hand", "shape": "CVCylinder", "id_string": "ob382", "world_size": [0.12, 0.005, 0.12], "id": 382, "camera_size": [51, 53], "camera_position": [246, 388], "world_position": [0.3880920125426645, 0.7394310185074842, -0.17400434710021542], "world_orientation": [-0.00011692283080429911, 0.18184695074789012, 0.9833268392720429, -0.0007421449841739364, -0.983326590975063, 0.18184681658523386, 0.9999997177748974, -0.0007085090370017511, 0.00024993013100724134], "world_rotation": [0.0, 1.0, 0.0, 0.0]}, {"color": "CVBlue", "id_name": "object159792957637822", "shape": "CVCylinder", "id_string": "ob512", "world_size": [0.09, 0.09, 0.09], "id": 512, "camera_size": [37, 37], "camera_position": [256, 254], "world_position": [0.705, 0.6448569696296074, -0.15], "world_orientation": [1.0, -4.331917303826236e-17, -1.1712398707441946e-17, 4.331917303826236e-17, 1.0, -5.775889738434995e-17, 1.1712398707441946e-17, 5.775889738434995e-17, 1.0], "world_rotation": [-0.7896765794068324, 0.16013129347666225, -0.5922574345551229, -7.314247236221149e-17]}], "source": "action wait"}
{"timestamp": 1706200862.461139, "objects": [{"color": "cv_", "id_name": "hand", "shape": "CVCylinder", "id_string": "ob382", "world_size": [0.12, 0.005, 0.12], "id": 382, "camera_size": [52, 54], "camera_position": [245, 367], "world_position": [0.4422742526280015, 0.767481466528271, -0.17402287870595173], "world_orientation": [-4.358523672033319e-05, 0.17659134434964308, 0.9842842552845762, -0.0007494758813779013, -0.9842839855448227, 0.17659126276773354, 0.9999997181930756, -0.0007300005377656385, 0.00017525120396058415], "world_rotation": [0.0, 1.0, 0.0, 0.0]}, {"color": "CVBlue", "id_name": "object159792957637822", "shape": "CVCylinder", "id_string": "ob512", "world_size": [0.09, 0.09, 0.09], "id": 512, "camera_size": [37, 37], "camera_position": [256, 254], "world_position": [0.705, 0.6448569696296074, -0.15], "world_orientation": [1.0, -4.331917303826236e-17, -1.1712398707441946e-17, 4.331917303826236e-17, 1.0, -5.775889738434995e-17, 1.1712398707441946e-17, 5.775889738434995e-17, 1.0], "world_rotation": [-0.7896765794068324, 0.16013129347666225, -0.5922574345551229, -7.314247236221149e-17]}], "source": "action wait"}
{"timestamp": 1706200862.492163, "objects": [{"color": "cv_", "id_name": "hand", "shape": "CVCylinder", "id_string": "ob382", "world_size": [0.12, 0.005, 0.12], "id": 382, "camera_size": [52, 54], "camera_position": [245, 343], "world_position": [0.4996330702751665, 0.7792958598704538, -0.17403793574023202], "world_orientation": [-2.443272200631163e-06, 0.15765243885109656, 0.9874946625265028, -0.0007646697596489938, -0.9874943741200886, 0.15765239091537359, 0.9999997076370519, -0.000754722118544995, 0.00012296477007733012], "world_rotation": [0.0, 1.0, 0.0, 0.0]}, {"color": "CVBlue", "id_name": "object159792957637822", "shape": "CVCylinder", "id_string": "ob512", "world_size": [0.09, 0.09, 0.09], "id": 512, "camera_size": [37, 37], "camera_position": [256, 254], "world_position": [0.705, 0.6448569696296074, -0.15], "world_orientation": [1.0, -4.331917303826236e-17, -1.1712398707441946e-17, 4.331917303826236e-17, 1.0, -5.775889738434995e-17, 1.1712398707441946e-17, 5.775889738434995e-17, 1.0], "world_rotation": [-0.7896765794068324, 0.16013129347666225, -0.5922574345551229, -7.314247236221149e-17]}], "source": "action wait"}
{"timestamp": 1706200862.525762, "objects": [{"color": "cv_", "id_name": "hand", "shape": "CVCylinder", "id_string": "ob382", "world_size": [0.12, 0.005, 0.12], "id": 382, "camera_size": [52, 52], "camera_position": [245, 317], "world_position": [0.5581996569362025, 0.7686564327369811, -0.17404980427150019], "world_orientation": [1.8907300363432839e-06, 0.11645142105025624, 0.9931963887025572, -0.0007769265609897385, -0.9931960887791649, 0.11645138736351829, 0.9999996981907265, -0.0007718608327983161, 8.859633640231428e-05], "world_rotation": [0.0, 1.0, 0.0, 0.0]}, {"color": "CVBlue", "id_name": "object159792957637822", "shape": "CVCylinder", "id_string": "ob512", "world_size": [0.09, 0.09, 0.09], "id": 512, "camera_size": [37, 37], "camera_position": [256, 254], "world_position": [0.705, 0.6448569696296074, -0.15], "world_orientation": [1.0, -4.331917303826236e-17, -1.1712398707441946e-17, 4.331917303826236e-17, 1.0, -5.775889738434995e-17, 1.1712398707441946e-17, 5.775889738434995e-17, 1.0], "world_rotation": [-0.7896765794068324, 0.16013129347666225, -0.5922574345551229, -7.314247236221149e-17]}], "source": "action wait"}
{"timestamp": 1706200862.559596, "objects": [{"color": "cv_", "id_name": "hand", "shape": "CVCylinder", "id_string": "ob382", "world_size": [0.12, 0.005, 0.12], "id": 382, "camera_size": [52, 52], "camera_position": [245, 297], "world_position": [0.6032503213355895, 0.7536156453083791, -0.17405550630039837], "world_orientation": [-1.3668203953282926e-05, 0.08168283101870931, 0.9966583742335934, -0.0007749389221279507, -0.9966580759300397, 0.0816827959431985, 0.9999996996413786, -0.0007712329091443005, 7.692173087988921e-05], "world_rotation": [0.0, 1.0, 0.0, 0.0]}, {"color": "CVBlue", "id_name": "object159792957637822", "shape": "CVCylinder", "id_string": "ob512", "world_size": [0.09, 0.09, 0.09], "id": 512, "camera_size": [37, 37], "camera_position": [256, 254], "world_position": [0.705, 0.6448569696296074, -0.15], "world_orientation": [1.0, -4.331917303826236e-17, -1.1712398707441946e-17, 4.331917303826236e-17, 1.0, -5.775889738434995e-17, 1.1712398707441946e-17, 5.775889738434995e-17, 1.0], "world_rotation": [-0.7896765794068324, 0.16013129347666225, -0.5922574345551229, -7.314247236221149e-17]}], "source": "action wait"}
{"timestamp": 1706200862.59563, "objects": [{"color": "cv_", "id_name": "hand", "shape": "CVCylinder", "id_string": "ob382", "world_size": [0.12, 0.005, 0.12], "id": 382, "camera_size": [51, 51], "camera_position": [246, 284], "world_position": [0.6347992781070803, 0.7405674439447577, -0.17406323681398375], "world_orientation": [-2.076909992453783e-05, 0.057108180993418974, 0.9983679958974384, -0.0007710013279737567, -0.9983677002907362, 0.05710814804508288, 0.9999997025627543, -0.000768556965810461, 6.476568191324563e-05], "world_rotation": [0.0, 1.0, 0.0, 0.0]}, {"color": "CVBlue", "id_name": "object159792957637822", "shape": "CVCylinder", "id_string": "ob512", "world_size": [0.09, 0.09, 0.09], "id": 512, "camera_size": [37, 37], "camera_position": [256, 254], "world_position": [0.705, 0.6448569696296074, -0.15], "world_orientation": [1.0, -4.331917303826236e-17, -1.1712398707441946e-17, 4.331917303826236e-17, 1.0, -5.775889738434995e-17, 1.1712398707441946e-17, 5.775889738434995e-17, 1.0], "world_rotation": [-0.7896765794068324, 0.16013129347666225, -0.5922574345551229, -7.314247236221149e-17]}], "source": "action wait"}
{"timestamp": 1706200862.630566, "objects": [{"color": "cv_", "id_name": "hand", "shape": "CVCylinder", "id_string": "ob382", "world_size": [0.12, 0.005, 0.12], "id": 382, "camera_size": [51, 51], "camera_position": [246, 274], "world_position": [0.6568410714417867, 0.7301878613231986, -0.1740711325501654], "world_orientation": [-2.2711160796496455e-05, 0.03976464619257965, 0.9992090734162608, -0.0007675124616648997, -0.9992087800623214, 0.03976461707333429, 0.9999997052043688, -0.0007660023150435623, 5.321305276014559e-05], "world_rotation": [0.0, 1.0, 0.0, 0.0]}, {"color": "CVBlue", "id_name": "object159792957637822", "shape": "CVCylinder", "id_string": "ob512", "world_size": [0.09, 0.09, 0.09], "id": 512, "camera_size": [37, 37], "camera_position": [256, 254], "world_position": [0.705, 0.6448569696296074, -0.15], "world_orientation": [1.0, -4.331917303826236e-17, -1.1712398707441946e-17, 4.331917303826236e-17, 1.0, -5.775889738434995e-17, 1.1712398707441946e-17, 5.775889738434995e-17, 1.0], "world_rotation": [-0.7896765794068324, 0.16013129347666225, -0.5922574345551229, -7.314247236221149e-17]}], "source": "action wait"}
{"timestamp": 1706200862.663031, "objects": [{"color": "cv_", "id_name": "hand", "shape": "CVCylinder", "id_string": "ob382", "world_size": [0.12, 0.005, 0.12], "id": 382, "camera_size": [51, 50], "camera_position": [246, 267], "world_position": [0.6722460280247211, 0.7223077250405568, -0.17407824295621976], "world_orientation": [-2.1948457691842167e-05, 0.027532944773159262, 0.9996208963754126, -0.0007650410686139181, -0.9996206045454885, 0.027532919937335563, 0.9999997071151714, -0.0007641467336438166, 4.300396403848025e-05], "world_rotation": [0.0, 1.0, 0.0, 0.0]}, {"color": "CVBlue", "id_name": "object159792957637822", "shape": "CVCylinder", "id_string": "ob512", "world_size": [0.09, 0.09, 0.09], "id": 512, "camera_size": [37, 37], "camera_position": [256, 254], "world_position": [0.705, 0.6448569696296074, -0.15], "world_orientation": [1.0, -4.331917303826236e-17, -1.1712398707441946e-17, 4.331917303826236e-17, 1.0, -5.775889738434995e-17, 1.1712398707441946e-17, 5.775889738434995e-17, 1.0], "world_rotation": [-0.7896765794068324, 0.16013129347666225, -0.5922574345551229, -7.314247236221149e-17]}], "source": "action wait"}
{"timestamp": 1706200862.695829, "objects": [{"color": "cv_", "id_name": "hand", "shape": "CVCylinder", "id_string": "ob382", "world_size": [0.12, 0.005, 0.12], "id": 382, "camera_size": [51, 50], "camera_position": [246, 263], "world_position": [0.6830255956768301, 0.7164885138410393, -0.17408424576540985], "world_orientation": [-1.9944463800245636e-05, 0.018909308733557582, 0.9998212028385064, -0.0007635118184461064, -0.9998209119022332, 0.018909288000613325, 0.9999997083259182, -0.0007629981690905412, 3.43783726812512e-05], "world_rotation": [0.0, 1.0, 0.0, 0.0]}, {"color": "CVBlue", "id_name": "object159792957637822", "shape": "CVCylinder", "id_string": "ob512", "world_size": [0.09, 0.09, 0.09], "id": 512, "camera_size": [37, 37], "camera_position": [256, 254], "world_position": [0.705, 0.6448569696296074, -0.15], "world_orientation": [1.0, -4.331917303826236e-17, -1.1712398707441946e-17, 4.331917303826236e-17, 1.0, -5.775889738434995e-17, 1.1712398707441946e-17, 5.775889738434995e-17, 1.0], "world_rotation": [-0.7896765794068324, 0.16013129347666225, -0.5922574345551229, -7.314247236221149e-17]}], "source": "action wait"}
{"timestamp": 1706200862.725464, "objects": [{"color": "cv_", "id_name": "hand", "shape": "CVCylinder", "id_string": "ob382", "world_size": [0.12, 0.005, 0.12], "id": 382, "camera_size": [50, 50], "camera_position": [245, 259], "world_position": [0.6905789565282645, 0.7122650133863792, -0.17408912236110116], "world_orientation": [-1.7526201458624022e-05, 0.012830378701754595, 0.9999176871498984, -0.0007626786726506359, -0.9999173966594901, 0.012830361606385805, 0.999999709006995, -0.0007623910268934195, 2.7310209934064982e-05], "world_rotation": [0.0, 1.0, 0.0, 0.0]}, {"color": "CVBlue", "id_name": "object159792957637822", "shape": "CVCylinder", "id_string": "ob512", "world_size": [0.09, 0.09, 0.09], "id": 512, "camera_size": [37, 37], "camera_position": [256, 254], "world_position": [0.705, 0.6448569696296074, -0.15], "world_orientation": [1.0, -4.331917303826236e-17, -1.1712398707441946e-17, 4.331917303826236e-17, 1.0, -5.775889738434995e-17, 1.1712398707441946e-17, 5.775889738434995e-17, 1.0], "world_rotation": [-0.7896765794068324, 0.16013129347666225, -0.5922574345551229, -7.314247236221149e-17]}], "source": "action wait"}
{"timestamp": 1706200862.757797, "objects": [{"color": "cv_", "id_name": "hand", "shape": "CVCylinder", "id_string": "ob382", "world_size": [0.12, 0.005, 0.12], "id": 382, "camera_size": [49, 50], "camera_position": [246, 257], "world_position": [0.69587834862246, 0.7092337339741842, -0.17409298627385866], "world_orientation": [-1.5131461255695813e-05, 0.00854551296065944, 0.9999634863230149, -0.0007623011465745768, -0.9999631959951091, 0.008545498944416906, 0.9999997093339582, -0.0007621440062709218, 2.1645158685667695e-05], "world_rotation": [0.0, 1.0, 0.0, 0.0]}, {"color": "CVBlue", "id_name": "object159792957637822", "shape": "CVCylinder", "id_string": "ob512", "world_size": [0.09, 0.09, 0.09], "id": 512, "camera_size": [37, 37], "camera_position": [256, 254], "world_position": [0.705, 0.6448569696296074, -0.15], "world_orientation": [1.0, -4.331917303826236e-17, -1.1712398707441946e-17, 4.331917303826236e-17, 1.0, -5.775889738434995e-17, 1.1712398707441946e-17, 5.775889738434995e-17, 1.0], "world_rotation": [-0.7896765794068324, 0.16013129347666225, -0.5922574345551229, -7.314247236221149e-17]}], "source": "action wait"}
{"timestamp": 1706200862.786655, "objects": [{"color": "cv_", "id_name": "hand", "shape": "CVCylinder", "id_string": "ob382", "world_size": [0.12, 0.005, 0.12], "id": 382, "camera_size": [49, 50], "camera_position": [246, 256], "world_position": [0.6996002943088594, 0.7070740426046372, -0.1740959955808408], "world_orientation": [-1.2968834904913578e-05, 0.005525275952732658, 0.9999847354622249, -0.0007621949857930219, -0.9999844451347285, 0.005525264463637156, 0.9999997094452644, -0.0007621116949965988, 1.7179970803095782e-05], "world_rotation": [0.0, 1.0, 0.0, 0.0]}, {"color": "CVBlue", "id_name": "object159792957637822", "shape": "CVCylinder", "id_string": "ob512", "world_size": [0.09, 0.09, 0.09], "id": 512, "camera_size": [37, 37], "camera_position": [256, 254], "world_position": [0.705, 0.6448569696296074, -0.15], "world_orientation": [1.0, -4.331917303826236e-17, -1.1712398707441946e-17, 4.331917303826236e-17, 1.0, -5.775889738434995e-17, 1.1712398707441946e-17, 5.775889738434995e-17, 1.0], "world_rotation": [-0.7896765794068324, 0.16013129347666225, -0.5922574345551229, -7.314247236221149e-17]}], "source": "action wait"}
{"timestamp": 1706200862.821319, "objects": [{"color": "cv_", "id_name": "hand", "shape": "CVCylinder", "id_string": "ob382", "world_size": [0.12, 0.005, 0.12], "id": 382, "camera_size": [49, 49], "camera_position": [246, 255], "world_position": [0.7022165596907912, 0.7055427788595515, -0.1740983105167827], "world_orientation": [-1.1117201205363475e-05, 0.0033964078477363505, 0.9999942321284356, -0.000762234848295688, -0.9999939417196636, 0.0033963983874173193, 0.9999997094371799, -0.0007621926933790962, 1.3705994275177082e-05], "world_rotation": [0.0, 1.0, 0.0, 0.0]}, {"color": "CVBlue", "id_name": "object159792957637822", "shape": "CVCylinder", "id_string": "ob512", "world_size": [0.09, 0.09, 0.09], "id": 512, "camera_size": [37, 37], "camera_position": [256, 254], "world_position": [0.705, 0.6448569696296074, -0.15], "world_orientation": [1.0, -4.331917303826236e-17, -1.1712398707441946e-17, 4.331917303826236e-17, 1.0, -5.775889738434995e-17, 1.1712398707441946e-17, 5.775889738434995e-17, 1.0], "world_rotation": [-0.7896765794068324, 0.16013129347666225, -0.5922574345551229, -7.314247236221149e-17]}], "source": "action wait"}
{"timestamp": 1706200862.855099, "objects": [{"color": "cv_", "id_name": "hand", "shape": "CVCylinder", "id_string": "ob382", "world_size": [0.12, 0.005, 0.12], "id": 382, "camera_size": [49, 50], "camera_position": [246, 254], "world_position": [0.7040568347317483, 0.7044605538501801, -0.17410007501833477], "world_orientation": [-9.585814836425788e-06, 0.0018958065861745292, 0.9999982029111353, -0.0007623421723480754, -0.9999979123886191, 0.001895798727715356, 0.9999997093712201, -0.0007623226295762373, 1.1031048136590686e-05], "world_rotation": [0.0, 1.0, 0.0, 0.0]}, {"color": "CVBlue", "id_name": "object159792957637822", "shape": "CVCylinder", "id_string": "ob512", "world_size": [0.09, 0.09, 0.09], "id": 512, "camera_size": [37, 37], "camera_position": [256, 254], "world_position": [0.705, 0.6448569696296074, -0.15], "world_orientation": [1.0, -4.331917303826236e-17, -1.1712398707441946e-17, 4.331917303826236e-17, 1.0, -5.775889738434995e-17, 1.1712398707441946e-17, 5.775889738434995e-17, 1.0], "world_rotation": [-0.7896765794068324, 0.16013129347666225, -0.5922574345551229, -7.314247236221149e-17]}], "source": "action wait"}
{"timestamp": 1706200862.887378, "objects": [{"color": "cv_", "id_name": "hand", "shape": "CVCylinder", "id_string": "ob382", "world_size": [0.12, 0.005, 0.12], "id": 382, "camera_size": [49, 50], "camera_position": [246, 253], "world_position": [0.7053519522924274, 0.7036972859503837, -0.17410141053394987], "world_orientation": [-8.34963538024273e-06, 0.000838032787586747, 0.9999996488156037, -0.000762471221817497, -0.9999993581746749, 0.0008380261776614603, 0.9999997092839177, -0.0007624639568368441, 8.988605905074246e-06], "world_rotation": [0.0, 1.0, 0.0, 0.0]}, {"color": "CVBlue", "id_name": "object159792957637822", "shape": "CVCylinder", "id_string": "ob512", "world_size": [0.09, 0.09, 0.09], "id": 512, "camera_size": [37, 37], "camera_position": [256, 254], "world_position": [0.705, 0.6448569696296074, -0.15], "world_orientation": [1.0, -4.331917303826236e-17, -1.1712398707441946e-17, 4.331917303826236e-17, 1.0, -5.775889738434995e-17, 1.1712398707441946e-17, 5.775889738434995e-17, 1.0], "world_rotation": [-0.7896765794068324, 0.16013129347666225, -0.5922574345551229, -7.314247236221149e-17]}], "source": "action wait"}
{"timestamp": 1706200862.920369, "objects": [{"color": "cv_", "id_name": "hand", "shape": "CVCylinder", "id_string": "ob382", "world_size": [0.12, 0.005, 0.12], "id": 382, "camera_size": [49, 50], "camera_position": [246, 253], "world_position": [0.7062637772634205, 0.7031596899544716, -0.17410241577192595], "world_orientation": [-7.369449701627033e-06, 9.238812040640648e-05, 0.9999999957050633, -0.0007625975710925832, -0.9999997049551681, 9.238247362047736e-05, 0.9999997091952756, -0.0007625968870096513, 7.439902483893034e-06], "world_rotation": [0.0, 1.0, 0.0, 0.0]}, {"color": "CVBlue", "id_name": "object159792957637822", "shape": "CVCylinder", "id_string": "ob512", "world_size": [0.09, 0.09, 0.09], "id": 512, "camera_size": [37, 37], "camera_position": [256, 254], "world_position": [0.705, 0.6448569696296074, -0.15], "world_orientation": [1.0, -4.331917303826236e-17, -1.1712398707441946e-17, 4.331917303826236e-17, 1.0, -5.775889738434995e-17, 1.1712398707441946e-17, 5.775889738434995e-17, 1.0], "world_rotation": [-0.7896765794068324, 0.16013129347666225, -0.5922574345551229, -7.314247236221149e-17]}], "source": "action wait"}
{"timestamp": 1706200862.952337, "objects": [{"color": "cv_", "id_name": "hand", "shape": "CVCylinder", "id_string": "ob382", "world_size": [0.12, 0.005, 0.12], "id": 382, "camera_size": [49, 49], "camera_position": [246, 253], "world_position": [0.7069059495864053, 0.7027813537528536, -0.17410316902864495], "world_orientation": [-6.602835652438897e-06, -0.00043324478268523525, 0.9999999061276762, -0.0007627097960500911, -0.9999996152841615, -0.00043324969272633444, 0.9999997091150424, -0.0007627125851296306, 6.272393072745919e-06], "world_rotation": [0.0, 1.0, 0.0, 0.0]}, {"color": "CVBlue", "id_name": "object159792957637822", "shape": "CVCylinder", "id_string": "ob512", "world_size": [0.09, 0.09, 0.09], "id": 512, "camera_size": [37, 37], "camera_position": [256, 254], "world_position": [0.705, 0.6448569696296074, -0.15], "world_orientation": [1.0, -4.331917303826236e-17, -1.1712398707441946e-17, 4.331917303826236e-17, 1.0, -5.775889738434995e-17, 1.1712398707441946e-17, 5.775889738434995e-17, 1.0], "world_rotation": [-0.7896765794068324, 0.16013129347666225, -0.5922574345551229, -7.314247236221149e-17]}], "source": "action wait"}
{"timestamp": 1706200862.982443, "objects": [{"color": "cv_", "id_name": "hand", "shape": "CVCylinder", "id_string": "ob382", "world_size": [0.12, 0.005, 0.12], "id": 382, "camera_size": [49, 49], "camera_position": [246, 253], "world_position": [0.7073583267429382, 0.702515223366076, -0.1741037313769574], "world_orientation": [-6.009723642943821e-06, -0.0008037925461800646, 0.9999996769406608, -0.0007628039296024575, -0.9999993860201687, -0.0008037968965821866, 0.9999997090469819, -0.0007628085137691052, 5.39658384064735e-06], "world_rotation": [0.0, 1.0, 0.0, 0.0]}, {"color": "CVBlue", "id_name": "object159792957637822", "shape": "CVCylinder", "id_string": "ob512", "world_size": [0.09, 0.09, 0.09], "id": 512, "camera_size": [37, 37], "camera_position": [256, 254], "world_position": [0.705, 0.6448569696296074, -0.15], "world_orientation": [1.0, -4.331917303826236e-17, -1.1712398707441946e-17, 4.331917303826236e-17, 1.0, -5.775889738434995e-17, 1.1712398707441946e-17, 5.775889738434995e-17, 1.0], "world_rotation": [-0.7896765794068324, 0.16013129347666225, -0.5922574345551229, -7.314247236221149e-17]}], "source": "action wait"}
{"timestamp": 1706200863.014117, "objects": [{"color": "cv_", "id_name": "hand", "shape": "CVCylinder", "id_string": "ob382", "world_size": [0.12, 0.005, 0.12], "id": 382, "camera_size": [49, 49], "camera_position": [246, 253], "world_position": [0.7076770669937635, 0.7023280653817429, -0.1741041498837853], "world_orientation": [-5.554855199439735e-06, -0.0010650184238395108, 0.9999994328522895, -0.0007628799675009345, -0.9999991418704046, -0.0010650223516280545, 0.9999997089916071, -0.0007628854508806202, 4.742369212451387e-06], "world_rotation": [0.0, 1.0, 0.0, 0.0]}, {"color": "CVBlue", "id_name": "object159792957637822", "shape": "CVCylinder", "id_string": "ob512", "world_size": [0.09, 0.09, 0.09], "id": 512, "camera_size": [37, 37], "camera_position": [256, 254], "world_position": [0.705, 0.6448569696296074, -0.15], "world_orientation": [1.0, -4.331917303826236e-17, -1.1712398707441946e-17, 4.331917303826236e-17, 1.0, -5.775889738434995e-17, 1.1712398707441946e-17, 5.775889738434995e-17, 1.0], "world_rotation": [-0.7896765794068324, 0.16013129347666225, -0.5922574345551229, -7.314247236221149e-17]}], "source": "action wait"}
{"timestamp": 1706200864.084017, "objects": [{"color": "cv_", "id_name": "hand", "shape": "CVCylinder", "id_string": "ob382", "world_size": [0.12, 0.005, 0.12], "id": 382, "camera_size": [49, 50], "camera_position": [246, 252], "world_position": [0.7084383091036327, 0.7018842891515331, -0.1741053303885142], "world_orientation": [-4.177693476188457e-06, -0.0016893430255379986, 0.9999985730503266, -0.0007631194312641241, -0.9999982818784072, -0.0016893457217312976, 0.999999708815598, -0.0007631253999000665, 2.8885158099081663e-06], "world_rotation": [0.0, 1.0, 0.0, 0.0]}, {"color": "CVBlue", "id_name": "object159792957637822", "shape": "CVCylinder", "id_string": "ob512", "world_size": [0.09, 0.09, 0.09], "id": 512, "camera_size": [37, 37], "camera_position": [256, 254], "world_position": [0.705, 0.6448569696296074, -0.15], "world_orientation": [1.0, -4.331917303826236e-17, -1.1712398707441946e-17, 4.331917303826236e-17, 1.0, -5.775889738434995e-17, 1.1712398707441946e-17, 5.775889738434995e-17, 1.0], "world_rotation": [-0.7896765794068324, 0.16013129347666225, -0.5922574345551229, -7.314247236221149e-17]}], "source": "action wait"}
{"timestamp": 1706200864.114567, "objects": [{"color": "cv_", "id_name": "hand", "shape": "CVCylinder", "id_string": "ob382", "world_size": [0.12, 0.005, 0.12], "id": 382, "camera_size": [51, 51], "camera_position": [246, 251], "world_position": [0.7114469585027178, 0.7255033155038564, -0.17409749441232503], "world_orientation": [1.921646929292847e-05, 0.03279612756945104, 0.9994620621350147, -0.0007431381507339802, -0.9994617858725522, 0.03279613279241352, 0.9999997236881699, -0.0007433686144628767, 5.165926875857239e-06], "world_rotation": [0.0, 1.0, 0.0, 0.0]}, {"color": "CVBlue", "id_name": "object159792957637822", "shape": "CVCylinder", "id_string": "ob512", "world_size": [0.09, 0.09, 0.09], "id": 512, "camera_size": [38, 38], "camera_position": [252, 251], "world_position": [0.710773277663938, 0.6727723973822252, -0.15866695878243373], "world_orientation": [0.9994162662421998, -0.034163236989298455, -2.9855258920901056e-06, 0.03416323706673289, 0.9994162657435824, 3.162712885444044e-05, 1.903298040008116e-06, -3.171066226048614e-05, 0.9999999994954059], "world_rotation": [0.000926987154168152, 7.155091619506879e-05, -0.9999995677875478, -0.034169900766479244]}], "source": "action wait"}
{"timestamp": 1706200864.139269, "objects": [{"color": "cv_", "id_name": "hand", "shape": "CVCylinder", "id_string": "ob382", "world_size": [0.12, 0.005, 0.12], "id": 382, "camera_size": [52, 53], "camera_position": [245, 249], "world_position": [0.7157079016255181, 0.7820629106039284, -0.17410876327922103], "world_orientation": [8.183627028449928e-05, 0.1140254431605922, 0.9934778264334114, -0.0007253337173532615, -0.9934775616529169, 0.11402547251896587, 0.9999997335968763, -0.00072993438434368, 1.404000303918873e-06], "world_rotation": [0.0, 1.0, 0.0, 0.0]}, {"color": "CVBlue", "id_name": "object159792957637822", "shape": "CVCylinder", "id_string": "ob512", "world_size": [0.09, 0.09, 0.09], "id": 512, "camera_size": [39, 44], "camera_position": [250, 247], "world_position": [0.719484637214012, 0.7321464265553825, -0.16423193808942194], "world_orientation": [0.9933446373605372, -0.11517999570845136, -3.95777580183065e-06, 0.11517999575663657, 0.9933446359658933, 5.268100495655672e-05, -2.136362561708979e-06, -5.2786250364420065e-05, 0.999999998604524], "world_rotation": [0.0004578366390499556, 7.906811584699844e-06, -0.9999998951615415, -0.1154362116167631]}], "source": "action wait"}
{"timestamp": 1706200864.172736, "objects": [{"color": "cv_", "id_name": "hand", "shape": "CVCylinder", "id_string": "ob382", "world_size": [0.12, 0.005, 0.12], "id": 382, "camera_size": [56, 55], "camera_position": [244, 249], "world_position": [0.7144228361480206, 0.8522758109576682, -0.17411212220198236], "world_orientation": [0.00015671589510166215, 0.21308312904572804, 0.9770340605916509, -0.0007211200081395164, -0.977033794473066, 0.2130831866748213, 0.9999997277129941, -0.0007379523320575807, 5.417821068916304e-07], "world_rotation": [0.0, 1.0, 0.0, 0.0]}, {"color": "CVBlue", "id_name": "object159792957637822", "shape": "CVCylinder", "id_string": "ob512", "world_size": [0.09, 0.09, 0.09], "id": 512, "camera_size": [41, 49], "camera_position": [248, 245], "world_position": [0.7232065583014341, 0.8046318533258732, -0.16779022459870035], "world_orientation": [0.9768139497603642, -0.21408995188030294, -7.5793415312745085e-06, 0.21408995199165265, 0.9768139485272861, 4.91807311918648e-05, -3.1254938459033445e-06, -4.9663085152187075e-05, 0.9999999987619048], "world_rotation": [0.00023084645685418558, 1.0401813644643027e-05, -0.9999999733008574, -0.21576009108984198]}], "source": "action wait"}
{"timestamp": 1706200864.206873, "objects": [{"color": "cv_", "id_name": "hand", "shape": "CVCylinder", "id_string": "ob382", "world_size": [0.12, 0.005, 0.12], "id": 382, "camera_size": [59, 57], "camera_position": [244, 253], "world_position": [0.7056861927637744, 0.9219676870900368, -0.17411305747862404], "world_orientation": [0.00023184302524912137, 0.31000583887042954, 0.9507346244431477, -0.0007094363949264065, -0.9507343597531839, 0.3100059255638599, 0.9999997214743678, -0.0007463584561247701, -4.917054386332106e-07], "world_rotation": [0.0, 1.0, 0.0, 0.0]}, {"color": "CVBlue", "id_name": "object159792957637822", "shape": "CVCylinder", "id_string": "ob512", "world_size": [0.09, 0.09, 0.09], "id": 512, "camera_size": [44, 56], "camera_position": [246, 246], "world_position": [0.7192169805036328, 0.8764968109586857, -0.17006632951938902], "world_orientation": [0.950440847820889, -0.3109054433380931, -9.810902479537711e-06, 0.3109054434645386, 0.9504408468348583, 4.349662138753225e-05, -4.1986538953338685e-06, -4.439122869509836e-05, 0.9999999990058951], "world_rotation": [0.00014134176655073214, 9.02565176491883e-06, -0.9999999899705213, -0.31614554371027537]}], "source": "action wait"}
{"timestamp": 1706200864.244254, "objects": [{"color": "cv_", "id_name": "hand", "shape": "CVCylinder", "id_string": "ob382", "world_size": [0.12, 0.005, 0.12], "id": 382, "camera_size": [62, 58], "camera_position": [243, 261], "world_position": [0.689749306303076, 0.9903623166914631, -0.17411351219437254], "world_orientation": [0.0003056280010551155, 0.40379661523080806, 0.9148487307307517, -0.0006872720769834325, -0.9148484725795347, 0.40379673088818424, 0.9999997171242687, -0.0007521615749891034, -2.085171513782371e-06], "world_rotation": [0.0, 1.0, 0.0, 0.0]}, {"color": "CVBlue", "id_name": "object159792957637822", "shape": "CVCylinder", "id_string": "ob512", "world_size": [0.09, 0.09, 0.09], "id": 512, "camera_size": [47, 61], "camera_position": [245, 252], "world_position": [0.7077802231357367, 0.9471509234662512, -0.1715228267728258], "world_orientation": [0.9144880485280031, -0.4046129125171612, -1.1127651799412422e-05, 0.4046129126287122, 0.9144880476947133, 3.946671839406107e-05, -5.792639307444443e-06, -4.0594233891267544e-05, 0.9999999991592767], "world_rotation": [9.893524082394567e-05, 6.592736291850667e-06, -0.9999999950841769, -0.41655550993880097]}], "source": "action wait"}
{"timestamp": 1706200864.283914, "objects": [{"color": "cv_", "id_name": "hand", "shape": "CVCylinder", "id_string": "ob382", "world_size": [0.12, 0.005, 0.12], "id": 382, "camera_size": [66, 60], "camera_position": [242, 274], "world_position": [0.6668709293919911, 1.0567697894519754, -0.1741139396461416], "world_orientation": [0.00037676150621682007, 0.4935123986761241, 0.8697386793765732, -0.0006559054798171307, -0.8697384320631114, 0.49351254247526727, 0.9999997139193437, -0.0007564028946520209, -3.986475028898153e-06], "world_rotation": [0.0, 1.0, 0.0, 0.0]}, {"color": "CVBlue", "id_name": "object159792957637822", "shape": "CVCylinder", "id_string": "ob512", "world_size": [0.09, 0.09, 0.09], "id": 512, "camera_size": [50, 67], "camera_position": [243, 262], "world_position": [0.6891494778719551, 1.0160154037533642, -0.17245509100614254], "world_orientation": [0.8693150311691755, -0.4942584105921396, -1.1927588749833431e-05, 0.49425841067642307, 0.8693150304362743, 3.651295331164316e-05, -7.678002092744933e-06, -3.7636570204884384e-05, 0.9999999992622685], "world_rotation": [7.50108867263182e-05, 4.2989522825117995e-06, -0.9999999971774429, -0.5169815529409625]}], "source": "action wait"}
{"timestamp": 1706200864.31649, "objects": [{"color": "cv_", "id_name": "hand", "shape": "CVCylinder", "id_string": "ob382", "world_size": [0.12, 0.005, 0.12], "id": 382, "camera_size": [70, 60], "camera_position": [241, 288], "world_position": [0.6436610952441931, 1.106823054087401, -0.17411344859155053], "world_orientation": [0.00043724273452711395, 0.5603700250934548, 0.8282422615367754, -0.000635309950930526, -0.8282420178996271, 0.5603701956446472, 0.9999997025999845, -0.0007712083472267753, -6.134151611115623e-06], "world_rotation": [0.0, 1.0, 0.0, 0.0]}, {"color": "CVBlue", "id_name": "object159792957637822", "shape": "CVCylinder", "id_string": "ob512", "world_size": [0.09, 0.09, 0.09], "id": 512, "camera_size": [52, 73], "camera_position": [242, 274], "world_position": [0.6690356232547474, 1.0683436922249774, -0.17305148642032203], "world_orientation": [0.8277736836027653, -0.5610621433567123, -5.165414075230332e-06, 0.5610621432950568, 0.8277736832809753, 2.5071996407106276e-05, -9.791154207678038e-06, -2.3652057113240843e-05, 0.9999999996723568], "world_rotation": [-4.3421262736755505e-05, 4.122306399632553e-06, 0.9999999990488002, 0.5956683760217688]}], "source": "action wait"}
{"timestamp": 1706200864.348406, "objects": [{"color": "cv_", "id_name": "hand", "shape": "CVCylinder", "id_string": "ob382", "world_size": [0.12, 0.005, 0.12], "id": 382, "camera_size": [72, 61], "camera_position": [241, 301], "world_position": [0.6245743690389638, 1.140698712355753, -0.17411454854134872], "world_orientation": [0.0004789882077262627, 0.6054725854817892, 0.7958660181213254, -0.0006135020557035316, -0.7958657817186369, 0.6054727748665596, 0.9999996970927164, -0.0007782797574424676, -9.751648510349939e-06], "world_rotation": [0.0, 1.0, 0.0, 0.0]}, {"color": "CVBlue", "id_name": "object159792957637822", "shape": "CVCylinder", "id_string": "ob512", "world_size": [0.09, 0.09, 0.09], "id": 512, "camera_size": [53, 76], "camera_position": [242, 284], "world_position": [0.6519840398972683, 1.104029429080101, -0.1734344625473722], "world_orientation": [0.795368341228169, -0.6061263909217904, 2.755718786189721e-07, 0.6061263907741513, 0.7953683410443075, 2.1714675035634224e-05, -1.3381018757324107e-05, -1.7104133675214955e-05, 0.9999999997641985], "world_rotation": [-3.202204133875097e-05, 1.1265464459457964e-05, 0.9999999994238391, 0.6511812926427111]}], "source": "action wait"}
{"timestamp": 1706200864.375161, "objects": [{"color": "cv_", "id_name": "hand", "shape": "CVCylinder", "id_string": "ob382", "world_size": [0.12, 0.005, 0.12], "id": 382, "camera_size": [75, 61], "camera_position": [241, 311], "world_position": [0.6098548064297673, 1.163799584342047, -0.17411621012552422], "world_orientation": [0.0005068217175926916, 0.6361706448481971, 0.7715482186909486, -0.0005938042977554918, -0.7715479903012483, 0.6361708465959133, 0.9999996952640549, -0.0007805738493384632, -1.3276414632367555e-05], "world_rotation": [0.0, 1.0, 0.0, 0.0]}, {"color": "CVBlue", "id_name": "object159792957637822", "shape": "CVCylinder", "id_string": "ob512", "world_size": [0.09, 0.09, 0.09], "id": 512, "camera_size": [56, 78], "camera_position": [241, 293], "world_position": [0.6386206856900516, 1.1284937586505177, -0.17368041289476696], "world_orientation": [0.7710311027360066, -0.6367974863347833, 3.3763098485952663e-06, 0.6367974861198379, 0.7710311025946749, 2.2429779891116607e-05, -1.688646735896919e-05, -1.5144032299626426e-05, 0.9999999997427529], "world_rotation": [-2.950216747261434e-05, 1.5909906708511115e-05, 0.9999999994382484, 0.6903375584810714]}], "source": "action wait"}
{"timestamp": 1706200864.410889, "objects": [{"color": "cv_", "id_name": "hand", "shape": "CVCylinder", "id_string": "ob382", "world_size": [0.12, 0.005, 0.12], "id": 382, "camera_size": [76, 62], "camera_position": [240, 318], "world_position": [0.5988922238345077, 1.1796777252732855, -0.17411781119318942], "world_orientation": [0.0005251838556205585, 0.6572380496438494, 0.7536828711615161, -0.0005775346619842977, -0.7536826500589325, 0.6572382592742598, 0.9999996953177697, -0.0007804489053066412, -1.624420522748774e-05], "world_rotation": [0.0, 1.0, 0.0, 0.0]}, {"color": "CVBlue", "id_name": "object159792957637822", "shape": "CVCylinder", "id_string": "ob512", "world_size": [0.09, 0.09, 0.09], "id": 512, "camera_size": [56, 80], "camera_position": [241, 300], "world_position": [0.628574529951715, 1.1453684701757834, -0.17383828016597075], "world_orientation": [0.7531524619478415, -0.6578460070862011, 4.758896197485436e-06, 0.6578460068041884, 0.7531524618037481, 2.471311117768268e-05, -1.9841595897520566e-05, -1.5482119665551003e-05, 0.9999999996833075], "world_rotation": [-3.055063829003234e-05, 1.8697758912805033e-05, 0.9999999993585262, 0.7179552068921057]}], "source": "action wait"}
{"timestamp": 1706200864.442646, "objects": [{"color": "cv_", "id_name": "hand", "shape": "CVCylinder", "id_string": "ob382", "world_size": [0.12, 0.005, 0.12], "id": 382, "camera_size": [76, 62], "camera_position": [240, 324], "world_position": [0.5908948331414567, 1.1906658319303998, -0.17411912961617498], "world_orientation": [0.0005371416344421722, 0.6717960322627446, 0.7407359870526733, -0.000564810842952751, -0.740735771948223, 0.6717962467482103, 0.999999696233742, -0.0007792254512431346, -1.8442339958906472e-05], "world_rotation": [0.0, 1.0, 0.0, 0.0]}, {"color": "CVBlue", "id_name": "object159792957637822", "shape": "CVCylinder", "id_string": "ob512", "world_size": [0.09, 0.09, 0.09], "id": 512, "camera_size": [57, 81], "camera_position": [241, 305], "world_position": [0.6212039642411873, 1.1570721461770244, -0.17393955315595439], "world_orientation": [0.7401963365012367, -0.6723907966393586, 4.983649663825838e-06, 0.6723907962968761, 0.7401963363264135, 2.7280175860115393e-05, -2.203181840174304e-05, -1.6841726064842374e-05, 0.9999999996154777], "world_rotation": [-3.280971581115223e-05, 2.0089112007095822e-05, 0.9999999992599752, 0.7374340181768104]}], "source": "action wait"}
