{"timestamp": 1706069873.810761, "objects": [{"color": "cv_", "id_name": "hand", "shape": "CVCylinder", "id_string": "ob383", "world_size": [0.12, 0.005, 0.12], "id": 383, "camera_size": [48, 50], "camera_position": [246, 426], "world_position": [0.2676445155579764, 0.633470301268755, -0.17389260400876877], "world_orientation": [-0.0006415517416836047, 0.19791547470500276, 0.9802188802934049, -0.000747367642093121, -0.9802189031575593, 0.19791499017052586, 0.9999995149263675, -0.000605611166651137, 0.0007767767662163725], "world_rotation": [0.0, 1.0, 0.0, 0.0]}, {"color": "CVRed", "id_name": "object168180624620960", "shape": "CVSphere", "id_string": "ob1304", "world_size": [0.1, 0.1, 0.1], "id": 1304, "camera_size": [41, 41], "camera_position": [256, 254], "world_position": [0.705, 0.6498037994254439, -0.15], "world_orientation": [1.0, 8.100187187665134e-17, -1.2653630886983698e-17, -8.100187187665134e-17, 1.0, -1.9397816686250694e-16, 1.2653630886983698e-17, 1.9397816686250694e-16, 1.0], "world_rotation": [-0.9211093596285536, 0.06008602943210125, 0.38463907325148433, -2.1059189642881336e-16]}], "source": "action wait"}
{"timestamp": 1706069873.84273, "objects": [{"color": "cv_", "id_name": "hand", "shape": "CVCylinder", "id_string": "ob383", "world_size": [0.12, 0.005, 0.12], "id": 383, "camera_size": [49, 51], "camera_position": [246, 421], "world_position": [0.2907378132595538, 0.6674085106738027, -0.17395628336296678], "world_orientation": [-0.00038547653831365666, 0.19477325850887917, 0.9808482192356123, -0.0007160879041865835, -0.980848094392372, 0.19477295229309072, 0.9999996693129213, -0.0006272931422307868, 0.0005175687025155612], "world_rotation": [0.0, 1.0, 0.0, 0.0]}, {"color": "CVRed", "id_name": "object168180624620960", "shape": "CVSphere", "id_string": "ob1304", "world_size": [0.1, 0.1, 0.1], "id": 1304, "camera_size": [41, 41], "camera_position": [256, 254], "world_position": [0.705, 0.6498037994254439, -0.15], "world_orientation": [1.0, 8.100187187665134e-17, -1.2653630886983698e-17, -8.100187187665134e-17, 1.0, -1.9397816686250694e-16, 1.2653630886983698e-17, 1.9397816686250694e-16, 1.0], "world_rotation": [-0.9211093596285536, 0.06008602943210125, 0.38463907325148433, -2.1059189642881336e-16]}], "source": "action wait"}
{"timestamp": 1706069873.881478, "objects": [{"color": "cv_", "id_name": "hand", "shape": "CVCylinder", "id_string": "ob383", "world_size": [0.12, 0.005, 0.12], "id": 383, "camera_size": [51, 52], "camera_position": [246, 406], "world_position": [0.33652304123291016, 0.7050591829068213, -0.1739841529080278], "world_orientation": [-0.00022793147768055693, 0.180568708537765, 0.9835623465465956, -0.0007327419397988276, -0.9835621382110062, 0.18056850048400827, 0.9999997055682024, -0.0006795401365840547, 0.0003564950373144381], "world_rotation": [0.0, 1.0, 0.0, 0.0]}, {"color": "CVRed", "id_name": "object168180624620960", "shape": "CVSphere", "id_string": "ob1304", "world_size": [0.1, 0.1, 0.1], "id": 1304, "camera_size": [41, 41], "camera_position": [256, 254], "world_position": [0.705, 0.6498037994254439, -0.15], "world_orientation": [1.0, 8.100187187665134e-17, -1.2653630886983698e-17, -8.100187187665134e-17, 1.0, -1.9397816686250694e-16, 1.2653630886983698e-17, 1.9397816686250694e-16, 1.0], "world_rotation": [-0.9211093596285536, 0.06008602943210125, 0.38463907325148433, -2.1059189642881336e-16]}], "source": "action wait"}
{"timestamp": 1706069873.913061, "objects": [{"color": "cv_", "id_name": "hand", "shape": "CVCylinder", "id_string": "ob383", "world_size": [0.12, 0.005, 0.12], "id": 383, "camera_size": [51, 52], "camera_position": [246, 388], "world_position": [0.38690235216755936, 0.7380133227121686, -0.17400466230759257], "world_orientation": [-0.00012588671210185754, 0.17045800393691338, 0.985364933943957, -0.0007440910075937667, -0.9853646849344769, 0.17045786579841835, 0.9999997152405136, -0.0007117428062689511, 0.0002508805883099451], "world_rotation": [0.0, 1.0, 0.0, 0.0]}, {"color": "CVRed", "id_name": "object168180624620960", "shape": "CVSphere", "id_string": "ob1304", "world_size": [0.1, 0.1, 0.1], "id": 1304, "camera_size": [41, 41], "camera_position": [256, 254], "world_position": [0.705, 0.6498037994254439, -0.15], "world_orientation": [1.0, 8.100187187665134e-17, -1.2653630886983698e-17, -8.100187187665134e-17, 1.0, -1.9397816686250694e-16, 1.2653630886983698e-17, 1.9397816686250694e-16, 1.0], "world_rotation": [-0.9211093596285536, 0.06008602943210125, 0.38463907325148433, -2.1059189642881336e-16]}], "source": "action wait"}
{"timestamp": 1706069873.948049, "objects": [{"color": "cv_", "id_name": "hand", "shape": "CVCylinder", "id_string": "ob383", "world_size": [0.12, 0.005, 0.12], "id": 383, "camera_size": [52, 53], "camera_position": [245, 368], "world_position": [0.44088615411142296, 0.7658090426032779, -0.17402314448014755], "world_orientation": [-5.4047995641414264e-05, 0.16331325121761336, 0.9865742643387505, -0.0007515161947559864, -0.9865739938161171, 0.1633131652657721, 0.9999997161510714, -0.0007325997877358761, 0.00017605490002641421], "world_rotation": [0.0, 1.0, 0.0, 0.0]}, {"color": "CVRed", "id_name": "object168180624620960", "shape": "CVSphere", "id_string": "ob1304", "world_size": [0.1, 0.1, 0.1], "id": 1304, "camera_size": [41, 41], "camera_position": [256, 254], "world_position": [0.705, 0.6498037994254439, -0.15], "world_orientation": [1.0, 8.100187187665134e-17, -1.2653630886983698e-17, -8.100187187665134e-17, 1.0, -1.9397816686250694e-16, 1.2653630886983698e-17, 1.9397816686250694e-16, 1.0], "world_rotation": [-0.9211093596285536, 0.06008602943210125, 0.38463907325148433, -2.1059189642881336e-16]}], "source": "action wait"}
{"timestamp": 1706069873.980168, "objects": [{"color": "cv_", "id_name": "hand", "shape": "CVCylinder", "id_string": "ob383", "world_size": [0.12, 0.005, 0.12], "id": 383, "camera_size": [52, 53], "camera_position": [245, 344], "world_position": [0.4979749951001914, 0.7813402670324611, -0.17403842800250666], "world_orientation": [-9.95411042167113e-06, 0.14854008258542237, 0.988906387767028, -0.000764320449503988, -0.988906100093581, 0.14854003168154703, 0.9999997078575406, -0.0007543627909383784, 0.00012337590320845947], "world_rotation": [0.0, 1.0, 0.0, 0.0]}, {"color": "CVRed", "id_name": "object168180624620960", "shape": "CVSphere", "id_string": "ob1304", "world_size": [0.1, 0.1, 0.1], "id": 1304, "camera_size": [41, 41], "camera_position": [256, 254], "world_position": [0.705, 0.6498037994254439, -0.15], "world_orientation": [1.0, 8.100187187665134e-17, -1.2653630886983698e-17, -8.100187187665134e-17, 1.0, -1.9397816686250694e-16, 1.2653630886983698e-17, 1.9397816686250694e-16, 1.0], "world_rotation": [-0.9211093596285536, 0.06008602943210125, 0.38463907325148433, -2.1059189642881336e-16]}], "source": "action wait"}
{"timestamp": 1706069874.016175, "objects": [{"color": "cv_", "id_name": "hand", "shape": "CVCylinder", "id_string": "ob383", "world_size": [0.12, 0.005, 0.12], "id": 383, "camera_size": [52, 53], "camera_position": [245, 318], "world_position": [0.556605284025473, 0.7733184338551321, -0.17405026083310907], "world_orientation": [-2.907604993950115e-06, 0.11012480848903795, 0.9939177664911713, -0.0007770702502889088, -0.9939174666614004, 0.11012477299504606, 0.9999996980766405, -0.0007720237282342984, 8.846463188563599e-05], "world_rotation": [0.0, 1.0, 0.0, 0.0]}, {"color": "CVRed", "id_name": "object168180624620960", "shape": "CVSphere", "id_string": "ob1304", "world_size": [0.1, 0.1, 0.1], "id": 1304, "camera_size": [41, 41], "camera_position": [256, 254], "world_position": [0.705, 0.6498037994254439, -0.15], "world_orientation": [1.0, 8.100187187665134e-17, -1.2653630886983698e-17, -8.100187187665134e-17, 1.0, -1.9397816686250694e-16, 1.2653630886983698e-17, 1.9397816686250694e-16, 1.0], "world_rotation": [-0.9211093596285536, 0.06008602943210125, 0.38463907325148433, -2.1059189642881336e-16]}], "source": "action wait"}
{"timestamp": 1706069874.045839, "objects": [{"color": "cv_", "id_name": "hand", "shape": "CVCylinder", "id_string": "ob383", "world_size": [0.12, 0.005, 0.12], "id": 383, "camera_size": [52, 52], "camera_position": [245, 298], "world_position": [0.6019590658860113, 0.7600381049729064, -0.1740558614734056], "world_orientation": [-1.70077836365068e-05, 0.07720538773232062, 0.9970152094205171, -0.0007752947113725574, -0.9970149109388133, 0.07720535139341651, 0.9999996993143777, -0.0007716675271099684, 7.681394268634569e-05], "world_rotation": [0.0, 1.0, 0.0, 0.0]}, {"color": "CVRed", "id_name": "object168180624620960", "shape": "CVSphere", "id_string": "ob1304", "world_size": [0.1, 0.1, 0.1], "id": 1304, "camera_size": [41, 41], "camera_position": [256, 254], "world_position": [0.705, 0.6498037994254439, -0.15], "world_orientation": [1.0, 8.100187187665134e-17, -1.2653630886983698e-17, -8.100187187665134e-17, 1.0, -1.9397816686250694e-16, 1.2653630886983698e-17, 1.9397816686250694e-16, 1.0], "world_rotation": [-0.9211093596285536, 0.06008602943210125, 0.38463907325148433, -2.1059189642881336e-16]}], "source": "action wait"}
{"timestamp": 1706069874.075747, "objects": [{"color": "cv_", "id_name": "hand", "shape": "CVCylinder", "id_string": "ob383", "world_size": [0.12, 0.005, 0.12], "id": 383, "camera_size": [51, 51], "camera_position": [246, 284], "world_position": [0.6338030654061587, 0.7482103594565672, -0.17406353828807333], "world_orientation": [-2.3135441779400373e-05, 0.0539445065326869, 0.9985439347768812, -0.0007714351989221964, -0.9985436388839738, 0.053944472674095904, 0.9999997021761984, -0.000769063909750625, 6.471643934977715e-05], "world_rotation": [0.0, 1.0, 0.0, 0.0]}, {"color": "CVRed", "id_name": "object168180624620960", "shape": "CVSphere", "id_string": "ob1304", "world_size": [0.1, 0.1, 0.1], "id": 1304, "camera_size": [41, 41], "camera_position": [256, 254], "world_position": [0.705, 0.6498037994254439, -0.15], "world_orientation": [1.0, 8.100187187665134e-17, -1.2653630886983698e-17, -8.100187187665134e-17, 1.0, -1.9397816686250694e-16, 1.2653630886983698e-17, 1.9397816686250694e-16, 1.0], "world_rotation": [-0.9211093596285536, 0.06008602943210125, 0.38463907325148433, -2.1059189642881336e-16]}], "source": "action wait"}
{"timestamp": 1706069874.108355, "objects": [{"color": "cv_", "id_name": "hand", "shape": "CVCylinder", "id_string": "ob383", "world_size": [0.12, 0.005, 0.12], "id": 383, "camera_size": [51, 51], "camera_position": [246, 275], "world_position": [0.6560914922277611, 0.738679353947215, -0.17407141671853707], "world_orientation": [-2.439804442065869e-05, 0.03753101035244315, 0.9992954631472417, -0.0007679423071058283, -0.9992951694878642, 0.03753098057383978, 0.9999997048346307, -0.0007664855809188391, 5.320249861296021e-05], "world_rotation": [0.0, 1.0, 0.0, 0.0]}, {"color": "CVRed", "id_name": "object168180624620960", "shape": "CVSphere", "id_string": "ob1304", "world_size": [0.1, 0.1, 0.1], "id": 1304, "camera_size": [41, 41], "camera_position": [256, 254], "world_position": [0.705, 0.6498037994254439, -0.15], "world_orientation": [1.0, 8.100187187665134e-17, -1.2653630886983698e-17, -8.100187187665134e-17, 1.0, -1.9397816686250694e-16, 1.2653630886983698e-17, 1.9397816686250694e-16, 1.0], "world_rotation": [-0.9211093596285536, 0.06008602943210125, 0.38463907325148433, -2.1059189642881336e-16]}], "source": "action wait"}
{"timestamp": 1706069874.174834, "objects": [{"color": "cv_", "id_name": "hand", "shape": "CVCylinder", "id_string": "ob383", "world_size": [0.12, 0.005, 0.12], "id": 383, "camera_size": [51, 50], "camera_position": [246, 263], "world_position": [0.6826123836634413, 0.7259858328952874, -0.17408454308907825], "world_orientation": [-2.0816142449234658e-05, 0.017796936049009067, 0.9998416217751468, -0.0007638359814424433, -0.9998413305981982, 0.017796914963493834, 0.9999997080605983, -0.0007633445433389407, 3.4406779678398276e-05], "world_rotation": [0.0, 1.0, 0.0, 0.0]}, {"color": "CVRed", "id_name": "object168180624620960", "shape": "CVSphere", "id_string": "ob1304", "world_size": [0.1, 0.1, 0.1], "id": 1304, "camera_size": [41, 41], "camera_position": [256, 254], "world_position": [0.705, 0.6498037994254439, -0.15], "world_orientation": [1.0, 8.100187187665134e-17, -1.2653630886983698e-17, -8.100187187665134e-17, 1.0, -1.9397816686250694e-16, 1.2653630886983698e-17, 1.9397816686250694e-16, 1.0], "world_rotation": [-0.9211093596285536, 0.06008602943210125, 0.38463907325148433, -2.1059189642881336e-16]}], "source": "action wait"}
{"timestamp": 1706069874.210306, "objects": [{"color": "cv_", "id_name": "hand", "shape": "CVCylinder", "id_string": "ob383", "world_size": [0.12, 0.005, 0.12], "id": 383, "camera_size": [51, 51], "camera_position": [246, 260], "world_position": [0.690271407922308, 0.7220525082351128, -0.1740894332094221], "world_orientation": [-1.8148973952817423e-05, 0.012045508918726284, 0.999927450061005, -0.0007629411020745832, -0.9999271593739849, 0.01204549156939667, 0.9999997087957024, -0.0007626671374317877, 2.733766582006359e-05], "world_rotation": [0.0, 1.0, 0.0, 0.0]}, {"color": "CVRed", "id_name": "object168180624620960", "shape": "CVSphere", "id_string": "ob1304", "world_size": [0.1, 0.1, 0.1], "id": 1304, "camera_size": [41, 41], "camera_position": [256, 254], "world_position": [0.705, 0.6498037994254439, -0.15], "world_orientation": [1.0, 8.100187187665134e-17, -1.2653630886983698e-17, -8.100187187665134e-17, 1.0, -1.9397816686250694e-16, 1.2653630886983698e-17, 1.9397816686250694e-16, 1.0], "world_rotation": [-0.9211093596285536, 0.06008602943210125, 0.38463907325148433, -2.1059189642881336e-16]}], "source": "action wait"}
{"timestamp": 1706069874.242301, "objects": [{"color": "cv_", "id_name": "hand", "shape": "CVCylinder", "id_string": "ob383", "world_size": [0.12, 0.005, 0.12], "id": 383, "camera_size": [51, 50], "camera_position": [246, 257], "world_position": [0.6956471410855326, 0.7192249846231641, -0.17409331029881536], "world_orientation": [-1.5575612726352473e-05, 0.007991738534537923, 0.9999680654263896, -0.0007625078404827416, -0.9999677749427375, 0.007991724336088664, 0.9999997091695545, -0.0007623590141170712, 2.1668874093381006e-05], "world_rotation": [0.0, 1.0, 0.0, 0.0]}, {"color": "CVRed", "id_name": "object168180624620960", "shape": "CVSphere", "id_string": "ob1304", "world_size": [0.1, 0.1, 0.1], "id": 1304, "camera_size": [41, 41], "camera_position": [256, 254], "world_position": [0.705, 0.6498037994254439, -0.15], "world_orientation": [1.0, 8.100187187665134e-17, -1.2653630886983698e-17, -8.100187187665134e-17, 1.0, -1.9397816686250694e-16, 1.2653630886983698e-17, 1.9397816686250694e-16, 1.0], "world_rotation": [-0.9211093596285536, 0.06008602943210125, 0.38463907325148433, -2.1059189642881336e-16]}], "source": "action wait"}
{"timestamp": 1706069874.273265, "objects": [{"color": "cv_", "id_name": "hand", "shape": "CVCylinder", "id_string": "ob383", "world_size": [0.12, 0.005, 0.12], "id": 383, "camera_size": [50, 50], "camera_position": [245, 256], "world_position": [0.6994237309245102, 0.7172085505615542, -0.17409633118644186], "world_orientation": [-1.3285378743115865e-05, 0.005134554116326932, 0.99998681800188, -0.0007623545469133263, -0.999986527553694, 0.0051345424966833435, 0.9999997093194797, -0.0007622762832157572, 1.719955043388487e-05], "world_rotation": [0.0, 1.0, 0.0, 0.0]}, {"color": "CVRed", "id_name": "object168180624620960", "shape": "CVSphere", "id_string": "ob1304", "world_size": [0.1, 0.1, 0.1], "id": 1304, "camera_size": [41, 41], "camera_position": [256, 254], "world_position": [0.705, 0.6498037994254439, -0.15], "world_orientation": [1.0, 8.100187187665134e-17, -1.2653630886983698e-17, -8.100187187665134e-17, 1.0, -1.9397816686250694e-16, 1.2653630886983698e-17, 1.9397816686250694e-16, 1.0], "world_rotation": [-0.9211093596285536, 0.06008602943210125, 0.38463907325148433, -2.1059189642881336e-16]}], "source": "action wait"}
{"timestamp": 1706069874.303868, "objects": [{"color": "cv_", "id_name": "hand", "shape": "CVCylinder", "id_string": "ob383", "world_size": [0.12, 0.005, 0.12], "id": 383, "camera_size": [50, 50], "camera_position": [245, 255], "world_position": [0.7020788711593525, 0.7157781038967179, -0.1740986557491328], "world_orientation": [-1.1343214991101649e-05, 0.0031207253309372563, 0.999995130460514, -0.0007623561693570523, -0.999994839959743, 0.0031207157767480765, 0.999999709342159, -0.0007623170580839628, 1.3722260668929892e-05], "world_rotation": [0.0, 1.0, 0.0, 0.0]}, {"color": "CVRed", "id_name": "object168180624620960", "shape": "CVSphere", "id_string": "ob1304", "world_size": [0.1, 0.1, 0.1], "id": 1304, "camera_size": [41, 41], "camera_position": [256, 254], "world_position": [0.705, 0.6498037994254439, -0.15], "world_orientation": [1.0, 8.100187187665134e-17, -1.2653630886983698e-17, -8.100187187665134e-17, 1.0, -1.9397816686250694e-16, 1.2653630886983698e-17, 1.9397816686250694e-16, 1.0], "world_rotation": [-0.9211093596285536, 0.06008602943210125, 0.38463907325148433, -2.1059189642881336e-16]}], "source": "action wait"}
{"timestamp": 1706069874.334508, "objects": [{"color": "cv_", "id_name": "hand", "shape": "CVCylinder", "id_string": "ob383", "world_size": [0.12, 0.005, 0.12], "id": 383, "camera_size": [50, 50], "camera_position": [245, 254], "world_position": [0.7039466907050941, 0.7147668775712542, -0.17410042798644404], "world_orientation": [-9.748004228489123e-06, 0.0017012869070456183, 0.999998552762871, -0.0007624333356917518, -0.9999982621711098, 0.0017012789804511654, 0.9999997093001503, -0.0007624156481955733, 1.1045105139998035e-05], "world_rotation": [0.0, 1.0, 0.0, 0.0]}, {"color": "CVRed", "id_name": "object168180624620960", "shape": "CVSphere", "id_string": "ob1304", "world_size": [0.1, 0.1, 0.1], "id": 1304, "camera_size": [41, 41], "camera_position": [256, 254], "world_position": [0.705, 0.6498037994254439, -0.15], "world_orientation": [1.0, 8.100187187665134e-17, -1.2653630886983698e-17, -8.100187187665134e-17, 1.0, -1.9397816686250694e-16, 1.2653630886983698e-17, 1.9397816686250694e-16, 1.0], "world_rotation": [-0.9211093596285536, 0.06008602943210125, 0.38463907325148433, -2.1059189642881336e-16]}], "source": "action wait"}
{"timestamp": 1706069874.371811, "objects": [{"color": "cv_", "id_name": "hand", "shape": "CVCylinder", "id_string": "ob383", "world_size": [0.12, 0.005, 0.12], "id": 383, "camera_size": [50, 50], "camera_position": [245, 253], "world_position": [0.7052612726746084, 0.7140536341623898, -0.17410176958141355], "world_orientation": [-8.466801930747324e-06, 0.0007007749240018643, 0.9999997544213794, -0.0007625390837653003, -0.9999994637288493, 0.0007007682640231747, 0.9999997092311873, -0.0007625329632362817, 9.001165659084324e-06], "world_rotation": [0.0, 1.0, 0.0, 0.0]}, {"color": "CVRed", "id_name": "object168180624620960", "shape": "CVSphere", "id_string": "ob1304", "world_size": [0.1, 0.1, 0.1], "id": 1304, "camera_size": [41, 41], "camera_position": [256, 254], "world_position": [0.705, 0.6498037994254439, -0.15], "world_orientation": [1.0, 8.100187187665134e-17, -1.2653630886983698e-17, -8.100187187665134e-17, 1.0, -1.9397816686250694e-16, 1.2653630886983698e-17, 1.9397816686250694e-16, 1.0], "world_rotation": [-0.9211093596285536, 0.06008602943210125, 0.38463907325148433, -2.1059189642881336e-16]}], "source": "action wait"}
{"timestamp": 1706069874.400699, "objects": [{"color": "cv_", "id_name": "hand", "shape": "CVCylinder", "id_string": "ob383", "world_size": [0.12, 0.005, 0.12], "id": 383, "camera_size": [50, 50], "camera_position": [245, 253], "world_position": [0.7061868282911521, 0.7135512972442346, -0.17410277952378037], "world_orientation": [-7.454628630164095e-06, -4.4706130588450515e-06, 0.9999999999622212, -0.0007626477049446945, -0.9999997091741782, -4.476297013861059e-06, 0.9999997091564111, -0.0007626477382854047, 7.45121695974091e-06], "world_rotation": [0.0, 1.0, 0.0, 0.0]}, {"color": "CVRed", "id_name": "object168180624620960", "shape": "CVSphere", "id_string": "ob1304", "world_size": [0.1, 0.1, 0.1], "id": 1304, "camera_size": [41, 41], "camera_position": [256, 254], "world_position": [0.705, 0.6498037994254439, -0.15], "world_orientation": [1.0, 8.100187187665134e-17, -1.2653630886983698e-17, -8.100187187665134e-17, 1.0, -1.9397816686250694e-16, 1.2653630886983698e-17, 1.9397816686250694e-16, 1.0], "world_rotation": [-0.9211093596285536, 0.06008602943210125, 0.38463907325148433, -2.1059189642881336e-16]}], "source": "action wait"}
{"timestamp": 1706069874.445083, "objects": [{"color": "cv_", "id_name": "hand", "shape": "CVCylinder", "id_string": "ob383", "world_size": [0.12, 0.005, 0.12], "id": 383, "camera_size": [50, 50], "camera_position": [245, 253], "world_position": [0.7068386757722855, 0.7131978193477586, -0.1741035363803476], "world_orientation": [-6.66513953450038e-06, -0.0005016012922799597, 0.9999998741758519, -0.0007627466027961572, -0.999999583304318, -0.0005016062301912324, 0.9999997090865558, -0.0007627498501000835, 6.282542075884884e-06], "world_rotation": [0.0, 1.0, 0.0, 0.0]}, {"color": "CVRed", "id_name": "object168180624620960", "shape": "CVSphere", "id_string": "ob1304", "world_size": [0.1, 0.1, 0.1], "id": 1304, "camera_size": [41, 41], "camera_position": [256, 254], "world_position": [0.705, 0.6498037994254439, -0.15], "world_orientation": [1.0, 8.100187187665134e-17, -1.2653630886983698e-17, -8.100187187665134e-17, 1.0, -1.9397816686250694e-16, 1.2653630886983698e-17, 1.9397816686250694e-16, 1.0], "world_rotation": [-0.9211093596285536, 0.06008602943210125, 0.38463907325148433, -2.1059189642881336e-16]}], "source": "action wait"}
{"timestamp": 1706069874.47468, "objects": [{"color": "cv_", "id_name": "hand", "shape": "CVCylinder", "id_string": "ob383", "world_size": [0.12, 0.005, 0.12], "id": 383, "camera_size": [50, 50], "camera_position": [245, 252], "world_position": [0.7072978657814005, 0.7129492177955166, -0.17410410146015987], "world_orientation": [-6.055611402411885e-06, -0.0008520402817016999, 0.9999996369952782, -0.0007628308124657964, -0.9999993460543164, -0.0008520446532164647, 0.9999997090261982, -0.0007628356952062936, 5.405644862390792e-06], "world_rotation": [0.0, 1.0, 0.0, 0.0]}, {"color": "CVRed", "id_name": "object168180624620960", "shape": "CVSphere", "id_string": "ob1304", "world_size": [0.1, 0.1, 0.1], "id": 1304, "camera_size": [41, 41], "camera_position": [256, 254], "world_position": [0.705, 0.6498037994254439, -0.15], "world_orientation": [1.0, 8.100187187665134e-17, -1.2653630886983698e-17, -8.100187187665134e-17, 1.0, -1.9397816686250694e-16, 1.2653630886983698e-17, 1.9397816686250694e-16, 1.0], "world_rotation": [-0.9211093596285536, 0.06008602943210125, 0.38463907325148433, -2.1059189642881336e-16]}], "source": "action wait"}
{"timestamp": 1706069874.511548, "objects": [{"color": "cv_", "id_name": "hand", "shape": "CVCylinder", "id_string": "ob383", "world_size": [0.12, 0.005, 0.12], "id": 383, "camera_size": [50, 50], "camera_position": [245, 252], "world_position": [0.7076214014932175, 0.7127744219348477, -0.17410452202603707], "world_orientation": [-5.5889441763205945e-06, -0.001099079092579458, 0.9999993959967736, -0.0007628995170851407, -0.9999991050000023, -0.0010990830365558146, 0.999999708976503, -0.0007629051990054803, 4.750452265612225e-06], "world_rotation": [0.0, 1.0, 0.0, 0.0]}, {"color": "CVRed", "id_name": "object168180624620960", "shape": "CVSphere", "id_string": "ob1304", "world_size": [0.1, 0.1, 0.1], "id": 1304, "camera_size": [41, 41], "camera_position": [256, 254], "world_position": [0.705, 0.6498037994254439, -0.15], "world_orientation": [1.0, 8.100187187665134e-17, -1.2653630886983698e-17, -8.100187187665134e-17, 1.0, -1.9397816686250694e-16, 1.2653630886983698e-17, 1.9397816686250694e-16, 1.0], "world_rotation": [-0.9211093596285536, 0.06008602943210125, 0.38463907325148433, -2.1059189642881336e-16]}], "source": "action wait"}
{"timestamp": 1706069875.603659, "objects": [{"color": "cv_", "id_name": "hand", "shape": "CVCylinder", "id_string": "ob383", "world_size": [0.12, 0.005, 0.12], "id": 383, "camera_size": [50, 50], "camera_position": [245, 252], "world_position": [0.7083940405604058, 0.7123602430834095, -0.17410570849930138], "world_orientation": [-4.181675256353834e-06, -0.0016894164284161476, 0.9999985729263042, -0.0007631194343548523, -0.999998281754394, -0.0016894191276267067, 0.9999997088155789, -0.0007631254099297092, 2.8924415623296117e-06], "world_rotation": [0.0, 1.0, 0.0, 0.0]}, {"color": "CVRed", "id_name": "object168180624620960", "shape": "CVSphere", "id_string": "ob1304", "world_size": [0.1, 0.1, 0.1], "id": 1304, "camera_size": [41, 41], "camera_position": [256, 254], "world_position": [0.705, 0.6498037994254439, -0.15], "world_orientation": [1.0, 8.100187187665134e-17, -1.2653630886983698e-17, -8.100187187665134e-17, 1.0, -1.9397816686250694e-16, 1.2653630886983698e-17, 1.9397816686250694e-16, 1.0], "world_rotation": [-0.9211093596285536, 0.06008602943210125, 0.38463907325148433, -2.1059189642881336e-16]}], "source": "action wait"}
{"timestamp": 1706069875.625076, "objects": [{"color": "cv_", "id_name": "hand", "shape": "CVCylinder", "id_string": "ob383", "world_size": [0.12, 0.005, 0.12], "id": 383, "camera_size": [51, 50], "camera_position": [246, 251], "world_position": [0.7108608159719456, 0.7341655585516603, -0.17409384338782574], "world_orientation": [1.611710856791073e-05, 0.030218737061154237, 0.9995433095522513, -0.000743283571829363, -0.9995430332109464, 0.030218740691709402, 0.9999997236348472, -0.0007434311600470053, 6.351347234813137e-06], "world_rotation": [0.0, 1.0, 0.0, 0.0]}, {"color": "CVRed", "id_name": "object168180624620960", "shape": "CVSphere", "id_string": "ob1304", "world_size": [0.1, 0.1, 0.1], "id": 1304, "camera_size": [42, 43], "camera_position": [252, 252], "world_position": [0.7102577118249039, 0.6760974306612331, -0.15866244583905173], "world_orientation": [0.999501037979366, -0.03158599470403237, -4.0898675725128786e-06, 0.03158599481750574, 0.99950103748662, 3.1536626939562925e-05, 3.091711150413498e-06, -3.165007389641084e-05, 0.9999999994943573], "world_rotation": [0.0010002323703622075, 0.00011368290184389312, -0.9999994933055733, -0.031591265225792094]}], "source": "action wait"}
{"timestamp": 1706069875.654129, "objects": [{"color": "cv_", "id_name": "hand", "shape": "CVCylinder", "id_string": "ob383", "world_size": [0.12, 0.005, 0.12], "id": 383, "camera_size": [53, 53], "camera_position": [245, 250], "world_position": [0.7142641488732526, 0.786797488288087, -0.1741083422143587], "world_orientation": [7.553624365981718e-05, 0.10602398277994404, 0.9943635700133799, -0.0007258704209945019, -0.9943633050778301, 0.10602400967151969, 0.9999997337031685, -0.0007297877586158713, 1.8492041176508777e-06], "world_rotation": [0.0, 1.0, 0.0, 0.0]}, {"color": "CVRed", "id_name": "object168180624620960", "shape": "CVSphere", "id_string": "ob1304", "world_size": [0.1, 0.1, 0.1], "id": 1304, "camera_size": [44, 49], "camera_position": [249, 248], "world_position": [0.7182326450680051, 0.7316763233942084, -0.16423103204977396], "world_orientation": [0.9942396788897273, -0.10717957317157023, -4.001516821604644e-06, 0.10717957323307595, 0.994239677488658, 5.280932705710219e-05, -1.6816143392803825e-06, -5.2934009240860415e-05, 0.9999999985975816], "world_rotation": [0.0004932997970896822, 1.0822501576588312e-05, -0.9999998782690844, -0.10738585793213469]}], "source": "action wait"}
{"timestamp": 1706069875.685849, "objects": [{"color": "cv_", "id_name": "hand", "shape": "CVCylinder", "id_string": "ob383", "world_size": [0.12, 0.005, 0.12], "id": 383, "camera_size": [56, 55], "camera_position": [244, 250], "world_position": [0.7125777020760694, 0.8567656624644662, -0.17411355218661734], "world_orientation": [0.0001504049758215829, 0.20519310671777297, 0.9787214957963536, -0.0007193930020251042, -0.9787212314074569, 0.20519316184020406, 0.9999997299259895, -0.000734947467553056, 4.099418910960116e-07], "world_rotation": [0.0, 1.0, 0.0, 0.0]}, {"color": "CVRed", "id_name": "object168180624620960", "shape": "CVSphere", "id_string": "ob1304", "world_size": [0.1, 0.1, 0.1], "id": 1304, "camera_size": [46, 55], "camera_position": [247, 246], "world_position": [0.7220477561939654, 0.8040157494656026, -0.1677912819307793], "world_orientation": [0.9785095151677801, -0.20620166989434924, -7.674511319528823e-06, 0.20620167001146406, 0.9785095137804505, 5.220756295311033e-05, -3.255704322271028e-06, -5.266809416394807e-05, 0.9999999986077361], "world_rotation": [0.0002543035993448041, 1.0714769805527031e-05, -0.9999999676074361, -0.20769161712364842]}], "source": "action wait"}
{"timestamp": 1706069875.720211, "objects": [{"color": "cv_", "id_name": "hand", "shape": "CVCylinder", "id_string": "ob383", "world_size": [0.12, 0.005, 0.12], "id": 383, "camera_size": [59, 57], "camera_position": [244, 254], "world_position": [0.7034332931033003, 0.9262198128250926, -0.17411479687391276], "world_orientation": [0.0002255639214487708, 0.3023266495011505, 0.9532043569572717, -0.0007091069316372734, -0.9532040931983445, 0.30232673364636764, 0.9999997231441002, -0.0007441178203855612, -6.265304224433503e-07], "world_rotation": [0.0, 1.0, 0.0, 0.0]}, {"color": "CVRed", "id_name": "object168180624620960", "shape": "CVSphere", "id_string": "ob1304", "world_size": [0.1, 0.1, 0.1], "id": 1304, "camera_size": [49, 61], "camera_position": [246, 247], "world_position": [0.7181428774039684, 0.8757731074050124, -0.17006786724445927], "world_orientation": [0.9529178459222888, -0.30322859169712485, -1.0010172686136277e-05, 0.3032285918313801, 0.9529178448338812, 4.5750512699542354e-05, -4.333991352815687e-06, -4.663185057909426e-05, 0.9999999989033437], "world_rotation": [0.00015233121927129558, 9.359574626834054e-06, -0.9999999883537989, -0.3080789510814246]}], "source": "action wait"}
{"timestamp": 1706069875.765008, "objects": [{"color": "cv_", "id_name": "hand", "shape": "CVCylinder", "id_string": "ob383", "world_size": [0.12, 0.005, 0.12], "id": 383, "camera_size": [63, 59], "camera_position": [243, 263], "world_position": [0.6871022872943809, 0.9943263763551633, -0.1741151870069087], "world_orientation": [0.00029944159886292383, 0.39640484630884937, 0.9180757638439142, -0.0006880966236645524, -0.9180755059826097, 0.3964049594011304, 0.9999997184288432, -0.0007504249682097099, -2.145161038456326e-06], "world_rotation": [0.0, 1.0, 0.0, 0.0]}, {"color": "CVRed", "id_name": "object168180624620960", "shape": "CVSphere", "id_string": "ob1304", "world_size": [0.1, 0.1, 0.1], "id": 1304, "camera_size": [52, 68], "camera_position": [244, 252], "world_position": [0.706794639332238, 0.9463052025862473, -0.1715243813676696], "world_orientation": [0.917721676274206, -0.3972240233993199, -1.1441946663590894e-05, 0.3972240235209667, 0.9177216753692584, 4.117348725876213e-05, -5.854575804709784e-06, -4.2330817835789714e-05, 0.999999999086913], "world_rotation": [0.00010510983689231006, 7.033022297100188e-06, -0.9999999944512294, -0.40849000439184296]}], "source": "action wait"}
{"timestamp": 1706069875.790171, "objects": [{"color": "cv_", "id_name": "hand", "shape": "CVCylinder", "id_string": "ob383", "world_size": [0.12, 0.005, 0.12], "id": 383, "camera_size": [67, 60], "camera_position": [243, 276], "world_position": [0.6638529320583123, 1.0604009047168863, -0.17411540484424257], "world_orientation": [0.0003708307967865351, 0.48648204685022395, 0.8736904947273587, -0.000657664702632797, -0.8736902472103438, 0.4864821881699963, 0.999999714980789, -0.000754997976869648, -4.049179839189232e-06], "world_rotation": [0.0, 1.0, 0.0, 0.0]}, {"color": "CVRed", "id_name": "object168180624620960", "shape": "CVSphere", "id_string": "ob1304", "world_size": [0.1, 0.1, 0.1], "id": 1304, "camera_size": [56, 76], "camera_position": [243, 262], "world_position": [0.6882601284748924, 1.0150421531312388, -0.17245647104058515], "world_orientation": [0.8732728756500617, -0.487231448598678, -1.2259937544819268e-05, 0.4872314486913884, 0.8732728748634077, 3.7866742160100905e-05, -7.743596730968453e-06, -3.904142594847897e-05, 0.999999999207902], "world_rotation": [7.892364920419593e-05, 4.63469754702413e-06, -0.9999999968747887, -0.5089166240472265]}], "source": "action wait"}
{"timestamp": 1706069875.8238, "objects": [{"color": "cv_", "id_name": "hand", "shape": "CVCylinder", "id_string": "ob383", "world_size": [0.12, 0.005, 0.12], "id": 383, "camera_size": [71, 61], "camera_position": [242, 291], "world_position": [0.6396782346516139, 1.1116596432114272, -0.17411461890505595], "world_orientation": [0.0004328883065781744, 0.5556440683530683, 0.8314201596736541, -0.0006366507447646807, -0.8314199159423286, 0.5556442369450805, 0.9999997036417279, -0.0007698561566597789, -6.160749526083238e-06], "world_rotation": [0.0, 1.0, 0.0, 0.0]}, {"color": "CVRed", "id_name": "object168180624620960", "shape": "CVSphere", "id_string": "ob1304", "world_size": [0.1, 0.1, 0.1], "id": 1304, "camera_size": [58, 81], "camera_position": [242, 275], "world_position": [0.6676374651028113, 1.0688270700917955, -0.17305263386474853], "world_orientation": [0.8309555272213198, -0.5563388461605787, -5.749313197279008e-06, 0.5563388461035869, 0.8309555268650094, 2.624165220271726e-05, -9.821826930849996e-06, -2.5004212211329743e-05, 0.9999999996391606], "world_rotation": [-4.605634202576088e-05, 3.6601018943206746e-06, 0.9999999989327083, 0.5899733121877957]}], "source": "action wait"}
{"timestamp": 1706069875.862494, "objects": [{"color": "cv_", "id_name": "hand", "shape": "CVCylinder", "id_string": "ob383", "world_size": [0.12, 0.005, 0.12], "id": 383, "camera_size": [73, 61], "camera_position": [241, 304], "world_position": [0.6197447578431771, 1.1462917435939688, -0.17411542192577664], "world_orientation": [0.00047632992593095295, 0.602272352063618, 0.7982905404986076, -0.0006151090808515501, -0.7982903035776842, 0.6022725403458703, 0.9999996973752645, -0.0007779161951518522, -9.786368273883617e-06], "world_rotation": [0.0, 1.0, 0.0, 0.0]}, {"color": "CVRed", "id_name": "object168180624620960", "shape": "CVSphere", "id_string": "ob1304", "world_size": [0.1, 0.1, 0.1], "id": 1304, "camera_size": [61, 85], "camera_position": [242, 286], "world_position": [0.6500408404681178, 1.1054814560186643, -0.17343538023340765], "world_orientation": [0.797795487215161, -0.6029281554041852, 1.7431255979661556e-07, 0.6029281552548691, 0.7977954870239538, 2.2026642762814594e-05, -1.3419548864268086e-05, -1.746765824455804e-05, 0.9999999997573985], "world_rotation": [-3.27520788626092e-05, 1.127320170384165e-05, 0.9999999994001082, 0.6471663493537665]}], "source": "action wait"}
{"timestamp": 1706069875.889237, "objects": [{"color": "cv_", "id_name": "hand", "shape": "CVCylinder", "id_string": "ob383", "world_size": [0.12, 0.005, 0.12], "id": 383, "camera_size": [75, 62], "camera_position": [241, 314], "world_position": [0.6043589814092576, 1.1698613903043555, -0.17411697037605073], "world_orientation": [0.0005053530740984034, 0.6339840545968253, 0.7733459530735518, -0.0005951448948776364, -0.7733457241881225, 0.633984255863269, 0.9999996952103658, -0.0007806387885765495, -1.3500265531676604e-05], "world_rotation": [0.0, 1.0, 0.0, 0.0]}, {"color": "CVRed", "id_name": "object168180624620960", "shape": "CVSphere", "id_string": "ob1304", "world_size": [0.1, 0.1, 0.1], "id": 1304, "camera_size": [62, 87], "camera_position": [241, 295], "world_position": [0.6362128651212073, 1.130579635182889, -0.17368123388431056], "world_orientation": [0.7728306079486625, -0.6346123631039087, 3.6569895218220737e-06, 0.6346123628836824, 0.7728306078102105, 2.251421823488895e-05, -1.7114034672385313e-05, -1.5078906204473717e-05, 0.9999999997398682], "world_rotation": [-2.961896632496447e-05, 1.636512727574928e-05, 0.9999999994274498, 0.6875068363325564]}], "source": "action wait"}
{"timestamp": 1706069875.921631, "objects": [{"color": "cv_", "id_name": "hand", "shape": "CVCylinder", "id_string": "ob383", "world_size": [0.12, 0.005, 0.12], "id": 383, "camera_size": [76, 62], "camera_position": [240, 322], "world_position": [0.5928956710274371, 1.1860356983563556, -0.17411854251728484], "world_orientation": [0.0005244109083294346, 0.6557322476653886, 0.7549933406096354, -0.0005785064707991414, -0.7549931191541408, 0.655732457150143, 0.9999996951616849, -0.0007806417864281685, -1.6581279011485224e-05], "world_rotation": [0.0, 1.0, 0.0, 0.0]}, {"color": "CVRed", "id_name": "object168180624620960", "shape": "CVSphere", "id_string": "ob1304", "world_size": [0.1, 0.1, 0.1], "id": 1304, "camera_size": [63, 89], "camera_position": [241, 303], "world_position": [0.625802330068457, 1.1478738103647148, -0.17383906448226785], "world_orientation": [0.7544641408404671, -0.6563412680602201, 5.192118877320234e-06, 0.6563412677704539, 0.7544641407034199, 2.4781517482477264e-05, -2.0182400116113057e-05, -1.5288964409784955e-05, 0.9999999996794592], "world_rotation": [-3.052564559392867e-05, 1.9330278482613647e-05, 0.9999999993472627, 0.7159590249431418]}], "source": "action wait"}
{"timestamp": 1706069875.949683, "objects": [{"color": "cv_", "id_name": "hand", "shape": "CVCylinder", "id_string": "ob383", "world_size": [0.12, 0.005, 0.12], "id": 383, "camera_size": [78, 64], "camera_position": [240, 328], "world_position": [0.5845314093167628, 1.1972149124389748, -0.17411986545975375], "world_orientation": [0.0005368054057383931, 0.6707523251242565, 0.7416812187054218, -0.0005653825136118967, -0.7416810034512399, 0.6707525396613685, 0.9999996960912386, -0.0007793971809334163, -1.8906736395814012e-05], "world_rotation": [0.0, 1.0, 0.0, 0.0]}, {"color": "CVRed", "id_name": "object168180624620960", "shape": "CVSphere", "id_string": "ob1304", "world_size": [0.1, 0.1, 0.1], "id": 1304, "camera_size": [64, 91], "camera_position": [240, 308], "world_position": [0.6181581410209707, 1.159858563109918, -0.17394032417548214], "world_orientation": [0.7411424017233631, -0.6713478534542613, 5.4846005734967774e-06, 0.6713478530996241, 0.7411424015561918, 2.745990164952381e-05, -2.2500016069090806e-05, -1.6669622639489384e-05, 0.9999999996079365], "world_rotation": [-3.2866362825316056e-05, 2.0842113730458903e-05, 0.9999999992427043, 0.7360259094417766]}], "source": "action wait"}
{"timestamp": 1706069875.982229, "objects": [{"color": "cv_", "id_name": "hand", "shape": "CVCylinder", "id_string": "ob383", "world_size": [0.12, 0.005, 0.12], "id": 383, "camera_size": [78, 63], "camera_position": [240, 333], "world_position": [0.5785070748479703, 1.2049861173503273, -0.17412088082452754], "world_orientation": [0.0005448229959160383, 0.6811833717458865, 0.7321126397111366, -0.0005553526215364255, -0.732112429365595, 0.6811835893148578, 0.9999996973756387, -0.0007777051576229219, -2.0574715867720886e-05], "world_rotation": [0.0, 1.0, 0.0, 0.0]}, {"color": "CVRed", "id_name": "object168180624620960", "shape": "CVSphere", "id_string": "ob1304", "world_size": [0.1, 0.1, 0.1], "id": 1304, "camera_size": [64, 92], "camera_position": [240, 311], "world_position": [0.6126311118949388, 1.168202729864617, -0.17400525009313472], "world_orientation": [0.731567072314328, -0.6817694762010386, 5.0994429939546885e-06, 0.6817694757919097, 0.7315670720994842, 2.997019832203436e-05, -2.4163350992080275e-05, -1.8448565666311247e-05, 0.9999999995378914], "world_rotation": [-3.550963019860942e-05, 2.146091530284224e-05, 0.9999999991392475, 0.7501786653393678]}], "source": "action wait"}
