{"timestamp": 1706069934.930762, "objects": [{"color": "cv_", "id_name": "hand", "shape": "CVCylinder", "id_string": "ob383", "world_size": [0.12, 0.005, 0.12], "id": 383, "camera_size": [48, 50], "camera_position": [246, 426], "world_position": [0.2676445155579764, 0.6334703012687586, -0.1738926040087686], "world_orientation": [-0.0006415515441194472, 0.19791547470500753, 0.9802188802935331, -0.0007473676022027564, -0.9802189031575582, 0.19791499017068118, 0.9999995149265242, -0.000605611166650751, 0.000776776564665333], "world_rotation": [0.0, 1.0, 0.0, 0.0]}, {"color": "CVGreen", "id_name": "object164049393728123", "shape": "CVCone", "id_string": "ob1360", "world_size": [0.11, 0.11, 0.11], "id": 1360, "camera_size": [45, 45], "camera_position": [256, 254], "world_position": [0.705, 0.6547388572526824, -0.15], "world_orientation": [1.0, -3.838362879530641e-17, 1.4813540171849057e-17, 3.838362879530641e-17, 1.0, 5.294293626938881e-18, -1.4813540171849057e-17, -5.294293626938881e-18, 1.0], "world_rotation": [-0.1276280613210114, 0.35710588544125776, 0.925303444577321, 4.1482206750932463e-17]}], "source": "action wait"}
{"timestamp": 1706069934.968622, "objects": [{"color": "cv_", "id_name": "hand", "shape": "CVCylinder", "id_string": "ob383", "world_size": [0.12, 0.005, 0.12], "id": 383, "camera_size": [49, 51], "camera_position": [246, 421], "world_position": [0.29079242536316247, 0.6674611707484538, -0.17395626083263394], "world_orientation": [-0.00038508156402411713, 0.19527354486313628, 0.9807487417217388, -0.0007159590153608713, -0.980748616911052, 0.19527323889808149, 0.9999996695573841, -0.0006269797791928734, 0.0005174760662212642], "world_rotation": [0.0, 1.0, 0.0, 0.0]}, {"color": "CVGreen", "id_name": "object164049393728123", "shape": "CVCone", "id_string": "ob1360", "world_size": [0.11, 0.11, 0.11], "id": 1360, "camera_size": [45, 45], "camera_position": [256, 254], "world_position": [0.705, 0.6547388572526824, -0.15], "world_orientation": [1.0, -3.838362879530641e-17, 1.4813540171849057e-17, 3.838362879530641e-17, 1.0, 5.294293626938881e-18, -1.4813540171849057e-17, -5.294293626938881e-18, 1.0], "world_rotation": [-0.1276280613210114, 0.35710588544125776, 0.925303444577321, 4.1482206750932463e-17]}], "source": "action wait"}
{"timestamp": 1706069935.003029, "objects": [{"color": "cv_", "id_name": "hand", "shape": "CVCylinder", "id_string": "ob383", "world_size": [0.12, 0.005, 0.12], "id": 383, "camera_size": [51, 52], "camera_position": [246, 406], "world_position": [0.33661596669523314, 0.7051650813247378, -0.17398412714820655], "world_orientation": [-0.00022720295682928266, 0.18145051251836322, 0.9834000507858639, -0.0007325657420241999, -0.983399842496691, 0.18145030483555966, 0.9999997058630818, -0.0006791791421346562, 0.0003563557813048096], "world_rotation": [0.0, 1.0, 0.0, 0.0]}, {"color": "CVGreen", "id_name": "object164049393728123", "shape": "CVCone", "id_string": "ob1360", "world_size": [0.11, 0.11, 0.11], "id": 1360, "camera_size": [45, 45], "camera_position": [256, 254], "world_position": [0.705, 0.6547388572526824, -0.15], "world_orientation": [1.0, -3.838362879530641e-17, 1.4813540171849057e-17, 3.838362879530641e-17, 1.0, 5.294293626938881e-18, -1.4813540171849057e-17, -5.294293626938881e-18, 1.0], "world_rotation": [-0.1276280613210114, 0.35710588544125776, 0.925303444577321, 4.1482206750932463e-17]}], "source": "action wait"}
{"timestamp": 1706069935.025838, "objects": [{"color": "cv_", "id_name": "hand", "shape": "CVCylinder", "id_string": "ob383", "world_size": [0.12, 0.005, 0.12], "id": 383, "camera_size": [51, 52], "camera_position": [246, 388], "world_position": [0.387023355745524, 0.7381560217454874, -0.17400464308677147], "world_orientation": [-0.00012494966259862805, 0.17161015710511676, 0.9851649295249698, -0.000743899776566603, -0.9851646805778262, 0.17161001939022233, 0.9999997155003117, -0.0007114213569338396, 0.0002507567519697617], "world_rotation": [0.0, 1.0, 0.0, 0.0]}, {"color": "CVGreen", "id_name": "object164049393728123", "shape": "CVCone", "id_string": "ob1360", "world_size": [0.11, 0.11, 0.11], "id": 1360, "camera_size": [45, 45], "camera_position": [256, 254], "world_position": [0.705, 0.6547388572526824, -0.15], "world_orientation": [1.0, -3.838362879530641e-17, 1.4813540171849057e-17, 3.838362879530641e-17, 1.0, 5.294293626938881e-18, -1.4813540171849057e-17, -5.294293626938881e-18, 1.0], "world_rotation": [-0.1276280613210114, 0.35710588544125776, 0.925303444577321, 4.1482206750932463e-17]}], "source": "action wait"}
{"timestamp": 1706069935.056496, "objects": [{"color": "cv_", "id_name": "hand", "shape": "CVCylinder", "id_string": "ob383", "world_size": [0.12, 0.005, 0.12], "id": 383, "camera_size": [52, 53], "camera_position": [245, 368], "world_position": [0.44102752398310896, 0.7659772713468537, -0.1740231345116168], "world_orientation": [-5.296397190184469e-05, 0.16465666443410068, 0.9863509416289182, -0.0007513188067144348, -0.9863506711768144, 0.16465657894265384, 0.999999716357394, -0.0007323431460460062, 0.00017595069787420124], "world_rotation": [0.0, 1.0, 0.0, 0.0]}, {"color": "CVGreen", "id_name": "object164049393728123", "shape": "CVCone", "id_string": "ob1360", "world_size": [0.11, 0.11, 0.11], "id": 1360, "camera_size": [45, 45], "camera_position": [256, 254], "world_position": [0.705, 0.6547388572526824, -0.15], "world_orientation": [1.0, -3.838362879530641e-17, 1.4813540171849057e-17, 3.838362879530641e-17, 1.0, 5.294293626938881e-18, -1.4813540171849057e-17, -5.294293626938881e-18, 1.0], "world_rotation": [-0.1276280613210114, 0.35710588544125776, 0.925303444577321, 4.1482206750932463e-17]}], "source": "action wait"}
{"timestamp": 1706069935.089123, "objects": [{"color": "cv_", "id_name": "hand", "shape": "CVCylinder", "id_string": "ob383", "world_size": [0.12, 0.005, 0.12], "id": 383, "camera_size": [52, 53], "camera_position": [245, 344], "world_position": [0.49814349416470555, 0.7811355553770389, -0.1740383999098097], "world_orientation": [-9.156190071861376e-06, 0.14946478873298089, 0.9887670488265523, -0.0007643585584089582, -0.9887667610733925, 0.14946473815728945, 0.9999997078360366, -0.0007544040284920374, 0.00012329802685038204], "world_rotation": [0.0, 1.0, 0.0, 0.0]}, {"color": "CVGreen", "id_name": "object164049393728123", "shape": "CVCone", "id_string": "ob1360", "world_size": [0.11, 0.11, 0.11], "id": 1360, "camera_size": [45, 45], "camera_position": [256, 254], "world_position": [0.705, 0.6547388572526824, -0.15], "world_orientation": [1.0, -3.838362879530641e-17, 1.4813540171849057e-17, 3.838362879530641e-17, 1.0, 5.294293626938881e-18, -1.4813540171849057e-17, -5.294293626938881e-18, 1.0], "world_rotation": [-0.1276280613210114, 0.35710588544125776, 0.925303444577321, 4.1482206750932463e-17]}], "source": "action wait"}
{"timestamp": 1706069935.123458, "objects": [{"color": "cv_", "id_name": "hand", "shape": "CVCylinder", "id_string": "ob383", "world_size": [0.12, 0.005, 0.12], "id": 383, "camera_size": [52, 53], "camera_position": [245, 318], "world_position": [0.556769620195294, 0.7728502667125676, -0.17405024116376305], "world_orientation": [-2.3908366870987474e-06, 0.11076812373564228, 0.9938462772272024, -0.0007770596166948154, -0.9938459773828368, 0.11076808844746851, 0.9999996980862725, -0.0007720129788264013, 8.844955919647704e-05], "world_rotation": [0.0, 1.0, 0.0, 0.0]}, {"color": "CVGreen", "id_name": "object164049393728123", "shape": "CVCone", "id_string": "ob1360", "world_size": [0.11, 0.11, 0.11], "id": 1360, "camera_size": [45, 45], "camera_position": [256, 254], "world_position": [0.705, 0.6547388572526824, -0.15], "world_orientation": [1.0, -3.838362879530641e-17, 1.4813540171849057e-17, 3.838362879530641e-17, 1.0, 5.294293626938881e-18, -1.4813540171849057e-17, -5.294293626938881e-18, 1.0], "world_rotation": [-0.1276280613210114, 0.35710588544125776, 0.925303444577321, 4.1482206750932463e-17]}], "source": "action wait"}
{"timestamp": 1706069935.158903, "objects": [{"color": "cv_", "id_name": "hand", "shape": "CVCylinder", "id_string": "ob383", "world_size": [0.12, 0.005, 0.12], "id": 383, "camera_size": [52, 52], "camera_position": [245, 298], "world_position": [0.6020958877478002, 0.7593917047911413, -0.17405585467875645], "world_orientation": [-1.664821974754016e-05, 0.07766059344644015, 0.9969798553373, -0.0007752622949182559, -0.996979556869551, 0.07766055725120621, 0.9999996993455602, -0.0007716279806135466, 7.680526464696193e-05], "world_rotation": [0.0, 1.0, 0.0, 0.0]}, {"color": "CVGreen", "id_name": "object164049393728123", "shape": "CVCone", "id_string": "ob1360", "world_size": [0.11, 0.11, 0.11], "id": 1360, "camera_size": [45, 45], "camera_position": [256, 254], "world_position": [0.705, 0.6547388572526824, -0.15], "world_orientation": [1.0, -3.838362879530641e-17, 1.4813540171849057e-17, 3.838362879530641e-17, 1.0, 5.294293626938881e-18, -1.4813540171849057e-17, -5.294293626938881e-18, 1.0], "world_rotation": [-0.1276280613210114, 0.35710588544125776, 0.925303444577321, 4.1482206750932463e-17]}], "source": "action wait"}
{"timestamp": 1706069935.193186, "objects": [{"color": "cv_", "id_name": "hand", "shape": "CVCylinder", "id_string": "ob383", "world_size": [0.12, 0.005, 0.12], "id": 383, "camera_size": [51, 51], "camera_position": [246, 284], "world_position": [0.6339125284672291, 0.7474401633506687, -0.1740635389446506], "world_orientation": [-2.2882502505952192e-05, 0.05426611574212829, 0.9985265084907127, -0.000771394199228838, -0.9985262126238559, 0.05426608198541363, 0.999999702213646, -0.000769015812669271, 6.47093454611664e-05], "world_rotation": [0.0, 1.0, 0.0, 0.0]}, {"color": "CVGreen", "id_name": "object164049393728123", "shape": "CVCone", "id_string": "ob1360", "world_size": [0.11, 0.11, 0.11], "id": 1360, "camera_size": [45, 45], "camera_position": [256, 254], "world_position": [0.705, 0.6547388572526824, -0.15], "world_orientation": [1.0, -3.838362879530641e-17, 1.4813540171849057e-17, 3.838362879530641e-17, 1.0, 5.294293626938881e-18, -1.4813540171849057e-17, -5.294293626938881e-18, 1.0], "world_rotation": [-0.1276280613210114, 0.35710588544125776, 0.925303444577321, 4.1482206750932463e-17]}], "source": "action wait"}
{"timestamp": 1706069935.227356, "objects": [{"color": "cv_", "id_name": "hand", "shape": "CVCylinder", "id_string": "ob383", "world_size": [0.12, 0.005, 0.12], "id": 383, "camera_size": [51, 51], "camera_position": [246, 275], "world_position": [0.6561778783418399, 0.7378229556353708, -0.17407142069435078], "world_orientation": [-2.4221024790048257e-05, 0.03775806188153364, 0.9992869098393575, -0.0007679010144629213, -0.9992866162089699, 0.037758032174086034, 0.9999997048706435, -0.0007664388935721855, 5.319819992692208e-05], "world_rotation": [0.0, 1.0, 0.0, 0.0]}, {"color": "CVGreen", "id_name": "object164049393728123", "shape": "CVCone", "id_string": "ob1360", "world_size": [0.11, 0.11, 0.11], "id": 1360, "camera_size": [45, 45], "camera_position": [256, 254], "world_position": [0.705, 0.6547388572526824, -0.15], "world_orientation": [1.0, -3.838362879530641e-17, 1.4813540171849057e-17, 3.838362879530641e-17, 1.0, 5.294293626938881e-18, -1.4813540171849057e-17, -5.294293626938881e-18, 1.0], "world_rotation": [-0.1276280613210114, 0.35710588544125776, 0.925303444577321, 4.1482206750932463e-17]}], "source": "action wait"}
{"timestamp": 1706069935.259967, "objects": [{"color": "cv_", "id_name": "hand", "shape": "CVCylinder", "id_string": "ob383", "world_size": [0.12, 0.005, 0.12], "id": 383, "camera_size": [51, 51], "camera_position": [246, 268], "world_position": [0.6717569750928767, 0.7304744950090718, -0.1740785343221274], "world_orientation": [-2.303088734992476e-05, 0.026116770982263327, 0.9996588986964696, -0.0007653883129507916, -0.9996586066121992, 0.02611674571777595, 0.9999997068251114, -0.0007645257461713196, 4.3012496039478685e-05], "world_rotation": [0.0, 1.0, 0.0, 0.0]}, {"color": "CVGreen", "id_name": "object164049393728123", "shape": "CVCone", "id_string": "ob1360", "world_size": [0.11, 0.11, 0.11], "id": 1360, "camera_size": [45, 45], "camera_position": [256, 254], "world_position": [0.705, 0.6547388572526824, -0.15], "world_orientation": [1.0, -3.838362879530641e-17, 1.4813540171849057e-17, 3.838362879530641e-17, 1.0, 5.294293626938881e-18, -1.4813540171849057e-17, -5.294293626938881e-18, 1.0], "world_rotation": [-0.1276280613210114, 0.35710588544125776, 0.925303444577321, 4.1482206750932463e-17]}], "source": "action wait"}
{"timestamp": 1706069935.294031, "objects": [{"color": "cv_", "id_name": "hand", "shape": "CVCylinder", "id_string": "ob383", "world_size": [0.12, 0.005, 0.12], "id": 383, "camera_size": [51, 50], "camera_position": [246, 263], "world_position": [0.6826671073776956, 0.7250271111553231, -0.17408454784319005], "world_orientation": [-2.072171745956876e-05, 0.017910001324283605, 0.9998396028479642, -0.0007638040576847637, -0.9998393116945177, 0.017909980279017867, 0.9999997080869433, -0.0007633104201384621, 3.439811940690154e-05], "world_rotation": [0.0, 1.0, 0.0, 0.0]}, {"color": "CVGreen", "id_name": "object164049393728123", "shape": "CVCone", "id_string": "ob1360", "world_size": [0.11, 0.11, 0.11], "id": 1360, "camera_size": [45, 45], "camera_position": [256, 254], "world_position": [0.705, 0.6547388572526824, -0.15], "world_orientation": [1.0, -3.838362879530641e-17, 1.4813540171849057e-17, 3.838362879530641e-17, 1.0, 5.294293626938881e-18, -1.4813540171849057e-17, -5.294293626938881e-18, 1.0], "world_rotation": [-0.1276280613210114, 0.35710588544125776, 0.925303444577321, 4.1482206750932463e-17]}], "source": "action wait"}
{"timestamp": 1706069935.321251, "objects": [{"color": "cv_", "id_name": "hand", "shape": "CVCylinder", "id_string": "ob383", "world_size": [0.12, 0.005, 0.12], "id": 383, "camera_size": [51, 51], "camera_position": [246, 260], "world_position": [0.6903161518621259, 0.7210642359954575, -0.17408943728113302], "world_orientation": [-1.808481641900745e-05, 0.012125282683392134, 0.9999264858942318, -0.00076291512846314, -0.9999261952266497, 0.01212526536051238, 0.9999997088166808, -0.0007626397602419462, 2.7334043269650632e-05], "world_rotation": [0.0, 1.0, 0.0, 0.0]}, {"color": "CVGreen", "id_name": "object164049393728123", "shape": "CVCone", "id_string": "ob1360", "world_size": [0.11, 0.11, 0.11], "id": 1360, "camera_size": [45, 45], "camera_position": [256, 254], "world_position": [0.705, 0.6547388572526824, -0.15], "world_orientation": [1.0, -3.838362879530641e-17, 1.4813540171849057e-17, 3.838362879530641e-17, 1.0, 5.294293626938881e-18, -1.4813540171849057e-17, -5.294293626938881e-18, 1.0], "world_rotation": [-0.1276280613210114, 0.35710588544125776, 0.925303444577321, 4.1482206750932463e-17]}], "source": "action wait"}
{"timestamp": 1706069935.360538, "objects": [{"color": "cv_", "id_name": "hand", "shape": "CVCylinder", "id_string": "ob383", "world_size": [0.12, 0.005, 0.12], "id": 383, "camera_size": [51, 50], "camera_position": [246, 257], "world_position": [0.6956846665437529, 0.7182159544897597, -0.17409331355040553], "world_orientation": [-1.553316891478154e-05, 0.008048021337489351, 0.9999676140312105, -0.0007624872731745184, -0.999967323563117, 0.008048007155493368, 0.9999997091858972, -0.0007623375682312353, 2.1669175190607666e-05], "world_rotation": [0.0, 1.0, 0.0, 0.0]}, {"color": "CVGreen", "id_name": "object164049393728123", "shape": "CVCone", "id_string": "ob1360", "world_size": [0.11, 0.11, 0.11], "id": 1360, "camera_size": [45, 45], "camera_position": [256, 254], "world_position": [0.705, 0.6547388572526824, -0.15], "world_orientation": [1.0, -3.838362879530641e-17, 1.4813540171849057e-17, 3.838362879530641e-17, 1.0, 5.294293626938881e-18, -1.4813540171849057e-17, -5.294293626938881e-18, 1.0], "world_rotation": [-0.1276280613210114, 0.35710588544125776, 0.925303444577321, 4.1482206750932463e-17]}], "source": "action wait"}
{"timestamp": 1706069935.392708, "objects": [{"color": "cv_", "id_name": "hand", "shape": "CVCylinder", "id_string": "ob383", "world_size": [0.12, 0.005, 0.12], "id": 383, "camera_size": [50, 50], "camera_position": [245, 256], "world_position": [0.6994560856661051, 0.7161849220752672, -0.174096333648267], "world_orientation": [-1.3257777202272985e-05, 0.0051742627881310255, 0.999986613324814, -0.0007623385716974043, -0.9999863228887915, 0.005174251178268734, 0.9999997093320246, -0.0007622597674496118, 1.7202135978036762e-05], "world_rotation": [0.0, 1.0, 0.0, 0.0]}, {"color": "CVGreen", "id_name": "object164049393728123", "shape": "CVCone", "id_string": "ob1360", "world_size": [0.11, 0.11, 0.11], "id": 1360, "camera_size": [45, 45], "camera_position": [256, 254], "world_position": [0.705, 0.6547388572526824, -0.15], "world_orientation": [1.0, -3.838362879530641e-17, 1.4813540171849057e-17, 3.838362879530641e-17, 1.0, 5.294293626938881e-18, -1.4813540171849057e-17, -5.294293626938881e-18, 1.0], "world_rotation": [-0.1276280613210114, 0.35710588544125776, 0.925303444577321, 4.1482206750932463e-17]}], "source": "action wait"}
{"timestamp": 1706069935.42594, "objects": [{"color": "cv_", "id_name": "hand", "shape": "CVCylinder", "id_string": "ob383", "world_size": [0.12, 0.005, 0.12], "id": 383, "camera_size": [50, 50], "camera_position": [245, 255], "world_position": [0.7021075456007434, 0.7147442000997488, -0.17409865752020567], "world_orientation": [-1.1324990731630902e-05, 0.0031487405161124762, 0.9999950426401657, -0.0007623439349767667, -0.9999947521487385, 0.0031487309678453613, 0.9999997093516925, -0.0007623044964148806, 1.3725354535403353e-05], "world_rotation": [0.0, 1.0, 0.0, 0.0]}, {"color": "CVGreen", "id_name": "object164049393728123", "shape": "CVCone", "id_string": "ob1360", "world_size": [0.11, 0.11, 0.11], "id": 1360, "camera_size": [45, 45], "camera_position": [256, 254], "world_position": [0.705, 0.6547388572526824, -0.15], "world_orientation": [1.0, -3.838362879530641e-17, 1.4813540171849057e-17, 3.838362879530641e-17, 1.0, 5.294293626938881e-18, -1.4813540171849057e-17, -5.294293626938881e-18, 1.0], "world_rotation": [-0.1276280613210114, 0.35710588544125776, 0.925303444577321, 4.1482206750932463e-17]}], "source": "action wait"}
{"timestamp": 1706069935.459677, "objects": [{"color": "cv_", "id_name": "hand", "shape": "CVCylinder", "id_string": "ob383", "world_size": [0.12, 0.005, 0.12], "id": 383, "camera_size": [50, 50], "camera_position": [245, 254], "world_position": [0.7039727566970271, 0.7137257368049506, -0.17410042918427007], "world_orientation": [-9.73513852710591e-06, 0.001721052163183474, 0.9999985189412426, -0.0007624240645104344, -0.9999982283565644, 0.0017210442407568007, 0.9999997093073443, -0.0007624061807118828, 1.1047292865765367e-05], "world_rotation": [0.0, 1.0, 0.0, 0.0]}, {"color": "CVGreen", "id_name": "object164049393728123", "shape": "CVCone", "id_string": "ob1360", "world_size": [0.11, 0.11, 0.11], "id": 1360, "camera_size": [45, 45], "camera_position": [256, 254], "world_position": [0.705, 0.6547388572526824, -0.15], "world_orientation": [1.0, -3.838362879530641e-17, 1.4813540171849057e-17, 3.838362879530641e-17, 1.0, 5.294293626938881e-18, -1.4813540171849057e-17, -5.294293626938881e-18, 1.0], "world_rotation": [-0.1276280613210114, 0.35710588544125776, 0.925303444577321, 4.1482206750932463e-17]}], "source": "action wait"}
{"timestamp": 1706069935.494068, "objects": [{"color": "cv_", "id_name": "hand", "shape": "CVCylinder", "id_string": "ob383", "world_size": [0.12, 0.005, 0.12], "id": 383, "camera_size": [50, 50], "camera_position": [245, 253], "world_position": [0.7052854950461961, 0.7130073940427137, -0.17410177031861498], "world_orientation": [-8.456811174503226e-06, 0.0007147197679455852, 0.9999997445520352, -0.0007625321129538414, -0.9999994538648233, 0.0007147131115942894, 0.9999997092365874, -0.0007625258739731045, 9.001803331127137e-06], "world_rotation": [0.0, 1.0, 0.0, 0.0]}, {"color": "CVGreen", "id_name": "object164049393728123", "shape": "CVCone", "id_string": "ob1360", "world_size": [0.11, 0.11, 0.11], "id": 1360, "camera_size": [45, 45], "camera_position": [256, 254], "world_position": [0.705, 0.6547388572526824, -0.15], "world_orientation": [1.0, -3.838362879530641e-17, 1.4813540171849057e-17, 3.838362879530641e-17, 1.0, 5.294293626938881e-18, -1.4813540171849057e-17, -5.294293626938881e-18, 1.0], "world_rotation": [-0.1276280613210114, 0.35710588544125776, 0.925303444577321, 4.1482206750932463e-17]}], "source": "action wait"}
{"timestamp": 1706069935.521617, "objects": [{"color": "cv_", "id_name": "hand", "shape": "CVCylinder", "id_string": "ob383", "world_size": [0.12, 0.005, 0.12], "id": 383, "camera_size": [50, 50], "camera_position": [245, 253], "world_position": [0.7062097499838905, 0.7125014628110617, -0.17410277989868406], "world_orientation": [-7.446235623123764e-06, 5.367875579791737e-06, 0.9999999999578699, -0.0007626424920731804, -0.9999997091737959, 5.362195203582241e-06, 0.9999997091604491, -0.0007626424521132398, 7.450327227936907e-06], "world_rotation": [0.0, 1.0, 0.0, 0.0]}, {"color": "CVGreen", "id_name": "object164049393728123", "shape": "CVCone", "id_string": "ob1360", "world_size": [0.11, 0.11, 0.11], "id": 1360, "camera_size": [45, 45], "camera_position": [256, 254], "world_position": [0.705, 0.6547388572526824, -0.15], "world_orientation": [1.0, -3.838362879530641e-17, 1.4813540171849057e-17, 3.838362879530641e-17, 1.0, 5.294293626938881e-18, -1.4813540171849057e-17, -5.294293626938881e-18, 1.0], "world_rotation": [-0.1276280613210114, 0.35710588544125776, 0.925303444577321, 4.1482206750932463e-17]}], "source": "action wait"}
{"timestamp": 1706069935.555903, "objects": [{"color": "cv_", "id_name": "hand", "shape": "CVCylinder", "id_string": "ob383", "world_size": [0.12, 0.005, 0.12], "id": 383, "camera_size": [49, 50], "camera_position": [246, 253], "world_position": [0.7068606809005231, 0.7121454508361655, -0.1741035364745284], "world_orientation": [-6.6577135043623316e-06, -0.0004946598758726226, 0.9999998776336335, -0.0007627427163210006, -0.9999995867650519, -0.0004946648101143222, 0.9999997090895696, -0.0007627459163239008, 6.280412536148425e-06], "world_rotation": [0.0, 1.0, 0.0, 0.0]}, {"color": "CVGreen", "id_name": "object164049393728123", "shape": "CVCone", "id_string": "ob1360", "world_size": [0.11, 0.11, 0.11], "id": 1360, "camera_size": [45, 45], "camera_position": [256, 254], "world_position": [0.705, 0.6547388572526824, -0.15], "world_orientation": [1.0, -3.838362879530641e-17, 1.4813540171849057e-17, 3.838362879530641e-17, 1.0, 5.294293626938881e-18, -1.4813540171849057e-17, -5.294293626938881e-18, 1.0], "world_rotation": [-0.1276280613210114, 0.35710588544125776, 0.925303444577321, 4.1482206750932463e-17]}], "source": "action wait"}
{"timestamp": 1706069935.587052, "objects": [{"color": "cv_", "id_name": "hand", "shape": "CVCylinder", "id_string": "ob383", "world_size": [0.12, 0.005, 0.12], "id": 383, "camera_size": [49, 49], "camera_position": [246, 253], "world_position": [0.7072799272953725, 0.7119386080568609, -0.17410675605367612], "world_orientation": [-3.832903959311406e-06, -0.0008326479762430178, 0.9999996533412683, -0.000764455058331181, -0.9999993611504646, -0.0008326506630343426, 0.9999997077968438, -0.0007644579847965327, 3.1963795537709243e-06], "world_rotation": [0.0, 1.0, 0.0, 0.0]}, {"color": "CVGreen", "id_name": "object164049393728123", "shape": "CVCone", "id_string": "ob1360", "world_size": [0.11, 0.11, 0.11], "id": 1360, "camera_size": [45, 46], "camera_position": [256, 253], "world_position": [0.7051612891730846, 0.6546059701464613, -0.15000160851662422], "world_orientation": [0.9999957541217583, 0.002914058728306146, 4.28939405107828e-07, -0.0029140587400814776, 0.9999957536523831, 3.064084994133186e-05, -3.396483474687004e-07, -3.064196979863619e-05, 0.9999999995304774], "world_rotation": [-0.010514446890937409, 0.00013186852595524945, -0.9999447129803074, 0.002914223977661452]}], "source": "action wait"}
{"timestamp": 1706069935.622291, "objects": [{"color": "cv_", "id_name": "hand", "shape": "CVCylinder", "id_string": "ob383", "world_size": [0.12, 0.005, 0.12], "id": 383, "camera_size": [49, 50], "camera_position": [246, 252], "world_position": [0.7075788208827115, 0.7117895583652785, -0.17410846720129908], "world_orientation": [-1.8180385048166703e-06, -0.0010717880228613707, 0.9999994256333996, -0.0007655117912198707, -0.9999991326295348, -0.0010717891005535317, 0.9999997069941533, -0.0007655133000896816, 9.975705590879322e-07], "world_rotation": [0.0, 1.0, 0.0, 0.0]}, {"color": "CVGreen", "id_name": "object164049393728123", "shape": "CVCone", "id_string": "ob1360", "world_size": [0.11, 0.11, 0.11], "id": 1360, "camera_size": [45, 46], "camera_position": [256, 253], "world_position": [0.7052501167036045, 0.6545236762679021, -0.15000246596078481], "world_orientation": [0.9999898619888461, 0.0045028789685290435, 7.234813468820516e-07, -0.004502878997660532, 0.9999898608752131, 4.719644562065071e-05, -5.109541290408778e-07, -4.7199224891520635e-05, 0.9999999988859862], "world_rotation": [-0.010481126071368327, 0.00013706427190905463, -0.9999450620957442, 0.004503141594735881]}], "source": "action wait"}
{"timestamp": 1706069936.676253, "objects": [{"color": "cv_", "id_name": "hand", "shape": "CVCylinder", "id_string": "ob383", "world_size": [0.12, 0.005, 0.12], "id": 383, "camera_size": [49, 50], "camera_position": [246, 252], "world_position": [0.7083034098213524, 0.7114367582771014, -0.1741128752659116], "world_orientation": [3.2505124819469544e-06, -0.001640425753040047, 0.9999986544954863, -0.0007679966467813613, -0.999998359595793, -0.0016404227728919179, 0.999999705085249, -0.0007679902812240819, -4.510348627066061e-06], "world_rotation": [0.0, 1.0, 0.0, 0.0]}, {"color": "CVGreen", "id_name": "object164049393728123", "shape": "CVCone", "id_string": "ob1360", "world_size": [0.11, 0.11, 0.11], "id": 1360, "camera_size": [45, 46], "camera_position": [256, 253], "world_position": [0.7054648609804925, 0.6543334125770514, -0.1500046972636493], "world_orientation": [0.9999717161687051, 0.007521061372000374, -2.232607249798919e-05, -0.007521058567047637, 0.9999717088536499, 0.00012316794300486556, 2.3251794526206727e-05, -0.00012299654364471526, 0.9999999921656021], "world_rotation": [0.01636274684723365, 0.003029596633146458, 0.9998615314431563, -0.0075221724818149895]}], "source": "action wait"}
{"timestamp": 1706069936.710035, "objects": [{"color": "cv_", "id_name": "hand", "shape": "CVCylinder", "id_string": "ob383", "world_size": [0.12, 0.005, 0.12], "id": 383, "camera_size": [51, 50], "camera_position": [246, 251], "world_position": [0.7107163778009848, 0.7320939942989906, -0.17409540104369248], "world_orientation": [2.1891712046241438e-05, 0.02866172911440755, 0.9995891680110011, -0.0007441630757251534, -0.9995888910079727, 0.02866173746945848, 0.9999997228709965, -0.000744484804232386, -5.537116728045634e-07], "world_rotation": [0.0, 1.0, 0.0, 0.0]}, {"color": "CVGreen", "id_name": "object164049393728123", "shape": "CVCone", "id_string": "ob1360", "world_size": [0.11, 0.11, 0.11], "id": 1360, "camera_size": [46, 48], "camera_position": [252, 251], "world_position": [0.7105945664025028, 0.6757069758318088, -0.15864654109476145], "world_orientation": [0.9996827641549674, -0.02518670355327121, -3.186854066612517e-05, 0.02518670694447156, 0.9996827584253941, 0.00011090666576570996, 2.9065057327381337e-05, -0.00011167414579038163, 0.9999999933420538], "world_rotation": [0.004418570704209744, 0.0012096254349775863, -0.9999895064645622, -0.025189633342449128]}], "source": "action wait"}
{"timestamp": 1706069936.74825, "objects": [{"color": "cv_", "id_name": "hand", "shape": "CVCylinder", "id_string": "ob383", "world_size": [0.12, 0.005, 0.12], "id": 383, "camera_size": [52, 53], "camera_position": [245, 250], "world_position": [0.7141251142632449, 0.7809590476683258, -0.1741123877522731], "world_orientation": [7.728893063602794e-05, 0.09913249226680804, 0.9950742399456397, -0.0007263559086144235, -0.9950739748553991, 0.09913252227483596, 0.9999997332167221, -0.0007304399003327305, -4.902731926251548e-06], "world_rotation": [0.0, 1.0, 0.0, 0.0]}, {"color": "CVGreen", "id_name": "object164049393728123", "shape": "CVCone", "id_string": "ob1360", "world_size": [0.11, 0.11, 0.11], "id": 1360, "camera_size": [48, 53], "camera_position": [249, 248], "world_position": [0.7185808917781327, 0.7251401200076675, -0.1642252328971804], "world_orientation": [0.9952645511434067, -0.09720325062825241, -3.6119444895814346e-05, 0.09720325383129941, 0.9952645463431914, 0.00010117751417085866, 2.6113619670506987e-05, -0.00010420932079751879, 0.9999999942292483], "world_rotation": [0.0010564806480850538, 0.00032011802701701453, -0.999999390686359, -0.09735703662119982]}], "source": "action wait"}
{"timestamp": 1706069936.782838, "objects": [{"color": "cv_", "id_name": "hand", "shape": "CVCylinder", "id_string": "ob383", "world_size": [0.12, 0.005, 0.12], "id": 383, "camera_size": [55, 55], "camera_position": [245, 250], "world_position": [0.7131078959468965, 0.8508887235437581, -0.17411895270275707], "world_orientation": [0.0001513629586717524, 0.1983836935213685, 0.9801244243635981, -0.000716369755520819, -0.980124162587254, 0.19838375116679247, 0.9999997319517783, -0.000732159445790647, -6.238415087234602e-06], "world_rotation": [0.0, 1.0, 0.0, 0.0]}, {"color": "CVGreen", "id_name": "object164049393728123", "shape": "CVCone", "id_string": "ob1360", "world_size": [0.11, 0.11, 0.11], "id": 1360, "camera_size": [51, 60], "camera_position": [248, 245], "world_position": [0.7235147013746857, 0.7959414153574903, -0.16779151438049456], "world_orientation": [0.9803133596677513, -0.19744800591383024, -4.263306243220889e-05, 0.19744800885415395, 0.9803133565808336, 8.190695558719692e-05, 2.562139548307425e-05, -8.871229610043679e-05, 0.9999999957368363], "world_rotation": [0.00043206116758100866, 0.0001728415784724923, -0.9999998917244622, -0.19875401512411386]}], "source": "action wait"}
{"timestamp": 1706069936.811313, "objects": [{"color": "cv_", "id_name": "hand", "shape": "CVCylinder", "id_string": "ob383", "world_size": [0.12, 0.005, 0.12], "id": 383, "camera_size": [59, 57], "camera_position": [244, 254], "world_position": [0.7045948831852693, 0.9204404713743918, -0.17411996704104443], "world_orientation": [0.00022601670765275754, 0.2956918941862338, 0.9552833363086602, -0.0007070448685165186, -0.9552830746764956, 0.29569198048674794, 0.999999724501963, -0.0007422595088255638, -6.842498968023213e-06], "world_rotation": [0.0, 1.0, 0.0, 0.0]}, {"color": "CVGreen", "id_name": "object164049393728123", "shape": "CVCone", "id_string": "ob1360", "world_size": [0.11, 0.11, 0.11], "id": 1360, "camera_size": [54, 67], "camera_position": [246, 246], "world_position": [0.7207024033304257, 0.8669105078350207, -0.1700710048295175], "world_orientation": [0.9553792812329075, -0.2953818325020618, -4.4929021569940823e-05, 0.29538183482249797, 0.955379279740707, 5.915253545918499e-05, 2.5451671945867502e-05, -6.978432363820893e-05, 0.9999999972411803], "world_rotation": [0.00021825454448705804, 0.00011913510466679624, -0.9999999690858898, -0.2998551706437436]}], "source": "action wait"}
{"timestamp": 1706069936.849902, "objects": [{"color": "cv_", "id_name": "hand", "shape": "CVCylinder", "id_string": "ob383", "world_size": [0.12, 0.005, 0.12], "id": 383, "camera_size": [62, 59], "camera_position": [243, 262], "world_position": [0.6888653192476324, 0.988704635218817, -0.17411985386289738], "world_orientation": [0.0002996394882201085, 0.3900116671143447, 0.9208098662215054, -0.0006868393292570852, -0.9208096100970999, 0.3900117821355695, 0.9999997192339172, -0.0007493113616879874, -8.03556847392127e-06], "world_rotation": [0.0, 1.0, 0.0, 0.0]}, {"color": "CVGreen", "id_name": "object164049393728123", "shape": "CVCone", "id_string": "ob1360", "world_size": [0.11, 0.11, 0.11], "id": 1360, "camera_size": [57, 75], "camera_position": [245, 251], "world_position": [0.7104147734979057, 0.9371218175363647, -0.17152899431722113], "world_orientation": [0.9207791818297089, -0.39008421693499157, -4.480208366601064e-05, 0.3900842187399151, 0.920779181150616, 4.3007808311345954e-05, 2.4476158684609046e-05, -5.7077280353986156e-05, 0.999999998071551], "world_rotation": [0.00012828651207938158, 8.879908278714024e-05, -0.9999999878286467, -0.4007230597495409]}], "source": "action wait"}
{"timestamp": 1706069936.876767, "objects": [{"color": "cv_", "id_name": "hand", "shape": "CVCylinder", "id_string": "ob383", "world_size": [0.12, 0.005, 0.12], "id": 383, "camera_size": [66, 60], "camera_position": [242, 274], "world_position": [0.6661878401108268, 1.054994284113449, -0.17411950260474196], "world_orientation": [0.0003709138952966955, 0.48039489958248643, 0.877052223575093, -0.0006570844407894972, -0.8770519774854795, 0.48039504267722016, 0.9999997153314195, -0.0007544825664318003, -9.650751396029624e-06], "world_rotation": [0.0, 1.0, 0.0, 0.0]}, {"color": "CVGreen", "id_name": "object164049393728123", "shape": "CVCone", "id_string": "ob1360", "world_size": [0.11, 0.11, 0.11], "id": 1360, "camera_size": [60, 83], "camera_position": [243, 260], "world_position": [0.6929003178170473, 1.0058722669986981, -0.17246176625955367], "world_orientation": [0.876890342494231, -0.48069046730905096, -4.334232103980831e-05, 0.4806904687147536, 0.8768903422360926, 3.1302696898792044e-05, 2.295955472959018e-05, -4.8283273220385625e-05, 0.9999999985707924], "world_rotation": [8.278297049073303e-05, 6.89652487376763e-05, -0.9999999941953871, -0.5014419509998649]}], "source": "action wait"}
{"timestamp": 1706069936.904537, "objects": [{"color": "cv_", "id_name": "hand", "shape": "CVCylinder", "id_string": "ob383", "world_size": [0.12, 0.005, 0.12], "id": 383, "camera_size": [70, 61], "camera_position": [241, 290], "world_position": [0.6418564522450129, 1.1077759855899574, -0.174118069352743], "world_orientation": [0.00043401184505651005, 0.5515623932801957, 0.8341335252540454, -0.0006358680237877794, -0.8341332829664284, 0.5515625639213607, 0.9999997036527435, -0.0007697835223101308, -1.1302836152062902e-05], "world_rotation": [0.0, 1.0, 0.0, 0.0]}, {"color": "CVGreen", "id_name": "object164049393728123", "shape": "CVCone", "id_string": "ob1360", "world_size": [0.11, 0.11, 0.11], "id": 1360, "camera_size": [64, 89], "camera_position": [242, 272], "world_position": [0.6725674131221282, 1.0611761358025507, -0.1730581304371239], "world_orientation": [0.8338564138362236, -0.5519814126388457, -3.471911719361198e-05, 0.5519814133182284, 0.8338564139953054, 1.3787720264432117e-05, 2.1340193251517547e-05, -3.066128635236755e-05, 0.9999999993022408], "world_rotation": [4.02631370172522e-05, 5.0780070677481464e-05, -0.9999999979001322, -0.5847385796248459]}], "source": "action wait"}
{"timestamp": 1706069936.939465, "objects": [{"color": "cv_", "id_name": "hand", "shape": "CVCylinder", "id_string": "ob383", "world_size": [0.12, 0.005, 0.12], "id": 383, "camera_size": [73, 61], "camera_position": [241, 303], "world_position": [0.6216342630100886, 1.1434386482651016, -0.1741183208810203], "world_orientation": [0.0004788710906117849, 0.5995184297500307, 0.8003608080563019, -0.0006147113268192164, -0.8003605721296824, 0.5995186208202645, 0.9999996964061857, -0.0007790829900487219, -1.4738770653689049e-05], "world_rotation": [0.0, 1.0, 0.0, 0.0]}, {"color": "CVGreen", "id_name": "object164049393728123", "shape": "CVCone", "id_string": "ob1360", "world_size": [0.11, 0.11, 0.11], "id": 1360, "camera_size": [67, 93], "camera_position": [242, 283], "world_position": [0.6549764202762961, 1.0989111934381055, -0.1734409029736136], "world_orientation": [0.7999961012203025, -0.6000051977636106, -2.6248164038920126e-05, 0.6000051980706006, 0.7999961014040453, 5.156330402381147e-06, 1.7904603857334744e-05, -1.9874079081670516e-05, 0.9999999996422231], "world_rotation": [2.0858493850183233e-05, 3.679365446335976e-05, -0.9999999991055751, -0.6435076068763254]}], "source": "action wait"}
{"timestamp": 1706069936.977858, "objects": [{"color": "cv_", "id_name": "hand", "shape": "CVCylinder", "id_string": "ob383", "world_size": [0.12, 0.005, 0.12], "id": 383, "camera_size": [75, 62], "camera_position": [241, 313], "world_position": [0.6059677834187258, 1.1676938591064367, -0.174119601146225], "world_orientation": [0.0005088913534049833, 0.6321112430249027, 0.7748774854588968, -0.0005945633054680611, -0.774877257575522, 0.6321114475997996, 0.9999996937619864, -0.000782389769159122, -1.8498186253425468e-05], "world_rotation": [0.0, 1.0, 0.0, 0.0]}, {"color": "CVGreen", "id_name": "object164049393728123", "shape": "CVCone", "id_string": "ob1360", "world_size": [0.11, 0.11, 0.11], "id": 1360, "camera_size": [68, 96], "camera_position": [241, 292], "world_position": [0.6410638900769673, 1.1247568541274389, -0.1736868281847862], "world_orientation": [0.7744500968059135, -0.632635003081296, -2.0824023564955257e-05, 0.6326350032661278, 0.7744500969284872, 3.1501363547263063e-06, 1.4134280545841919e-05, -1.5613629620899e-05, 0.9999999997782185], "world_rotation": [1.4829851235126747e-05, 2.7629125734614963e-05, -0.9999999995083535, -0.6849509215716705]}], "source": "action wait"}
{"timestamp": 1706069937.007021, "objects": [{"color": "cv_", "id_name": "hand", "shape": "CVCylinder", "id_string": "ob383", "world_size": [0.12, 0.005, 0.12], "id": 383, "camera_size": [76, 62], "camera_position": [240, 321], "world_position": [0.594271204685836, 1.1843281960573668, -0.17412105277645448], "world_orientation": [0.0005286160840979045, 0.6544504831640632, 0.756104679030199, -0.0005775146164750409, -0.7561044587889996, 0.6544506962913721, 0.9999996935209048, -0.000782614668033847, -2.173425838709314e-05], "world_rotation": [0.0, 1.0, 0.0, 0.0]}, {"color": "CVGreen", "id_name": "object164049393728123", "shape": "CVCone", "id_string": "ob1360", "world_size": [0.11, 0.11, 0.11], "id": 1360, "camera_size": [69, 98], "camera_position": [241, 299], "world_position": [0.6305525188806208, 1.1425687409587648, -0.17384473486779367], "world_orientation": [0.7556337908894688, -0.6549943310788555, -1.7904562602162523e-05, 0.6549943312331177, 0.7556337909570929, 4.036534418578257e-06, 1.0885385353127212e-05, -1.4777528812391042e-05, 0.9999999998315665], "world_rotation": [1.4362004623216183e-05, 2.1977249707304296e-05, -0.9999999996553666, -0.7141751186456966]}], "source": "action wait"}
{"timestamp": 1706069937.042254, "objects": [{"color": "cv_", "id_name": "hand", "shape": "CVCylinder", "id_string": "ob383", "world_size": [0.12, 0.005, 0.12], "id": 383, "camera_size": [78, 63], "camera_position": [240, 328], "world_position": [0.5857264109922314, 1.1958191369464901, -0.17412232744528885], "world_orientation": [0.0005414289635140382, 0.6698712772332123, 0.7424770560715139, -0.0005639430417693212, -0.7424768422974034, 0.6698714956021958, 0.9999996944114149, -0.0007814025989964047, -2.4229221480946824e-05], "world_rotation": [0.0, 1.0, 0.0, 0.0]}, {"color": "CVGreen", "id_name": "object164049393728123", "shape": "CVCone", "id_string": "ob1360", "world_size": [0.11, 0.11, 0.11], "id": 1360, "camera_size": [70, 99], "camera_position": [240, 305], "world_position": [0.6228182775823663, 1.1549134870212527, -0.1739460574911699], "world_orientation": [0.741976473000739, -0.6704259192747168, -1.6674366985373907e-05, 0.6704259194297123, 0.7419764730241476, 5.955792927544714e-06, 8.379070057258999e-06, -1.559798604738011e-05, 0.9999999998432472], "world_rotation": [1.607469098838214e-05, 1.8684716917888644e-05, -0.9999999996962429, -0.7347826724677625]}], "source": "action wait"}
