{"timestamp": 1706069683.182591, "objects": [{"color": "cv_", "id_name": "hand", "shape": "CVCylinder", "id_string": "ob383", "world_size": [0.12, 0.005, 0.12], "id": 383, "camera_size": [48, 50], "camera_position": [246, 426], "world_position": [0.2676445155579772, 0.6334703012687553, -0.17389260400876522], "world_orientation": [-0.0006415489485031316, 0.19791547470500265, 0.980218880295233, -0.0007473670781248574, -0.9802189031575592, 0.19791499017265538, 0.999999514928581, -0.0006056111666510746, 0.0007767739166700258], "world_rotation": [0.0, 1.0, 0.0, 0.0]}, {"color": "CVYellow", "id_name": "object175516500188381", "shape": "CVCone", "id_string": "ob1269", "world_size": [0.09, 0.09, 0.09], "id": 1269, "camera_size": [37, 37], "camera_position": [256, 254], "world_position": [0.705, 0.6448569696296074, -0.15], "world_orientation": [1.0, -4.331917303826236e-17, -1.1712398707441946e-17, 4.331917303826236e-17, 1.0, -5.775889738434995e-17, 1.1712398707441946e-17, 5.775889738434995e-17, 1.0], "world_rotation": [-0.7896765794068324, 0.16013129347666225, -0.5922574345551229, -7.314247236221149e-17]}], "source": "action wait"}
{"timestamp": 1706069683.21562, "objects": [{"color": "cv_", "id_name": "hand", "shape": "CVCylinder", "id_string": "ob383", "world_size": [0.12, 0.005, 0.12], "id": 383, "camera_size": [49, 51], "camera_position": [246, 421], "world_position": [0.2910255095753053, 0.6676864197719763, -0.1739561412672507], "world_orientation": [-0.00038342224442131865, 0.19741022669386896, 0.9803208940872667, -0.000715395161664201, -0.9803207694369469, 0.19740992178792655, 0.9999996705985184, -0.0006256254692256752, 0.0005171031107106042], "world_rotation": [0.0, 1.0, 0.0, 0.0]}, {"color": "CVYellow", "id_name": "object175516500188381", "shape": "CVCone", "id_string": "ob1269", "world_size": [0.09, 0.09, 0.09], "id": 1269, "camera_size": [37, 37], "camera_position": [256, 254], "world_position": [0.705, 0.6448569696296074, -0.15], "world_orientation": [1.0, -4.331917303826236e-17, -1.1712398707441946e-17, 4.331917303826236e-17, 1.0, -5.775889738434995e-17, 1.1712398707441946e-17, 5.775889738434995e-17, 1.0], "world_rotation": [-0.7896765794068324, 0.16013129347666225, -0.5922574345551229, -7.314247236221149e-17]}], "source": "action wait"}
{"timestamp": 1706069683.248123, "objects": [{"color": "cv_", "id_name": "hand", "shape": "CVCylinder", "id_string": "ob383", "world_size": [0.12, 0.005, 0.12], "id": 383, "camera_size": [51, 52], "camera_position": [246, 406], "world_position": [0.3370119245846454, 0.7056183620620224, -0.1739839715404395], "world_orientation": [-0.000224288003974077, 0.18521601660796716, 0.9826978054757062, -0.000731816268447466, -0.9826975974495412, 0.18521581037224902, 0.9999997070698774, -0.000677612556602205, 0.0003559513767732505], "world_rotation": [0.0, 1.0, 0.0, 0.0]}, {"color": "CVYellow", "id_name": "object175516500188381", "shape": "CVCone", "id_string": "ob1269", "world_size": [0.09, 0.09, 0.09], "id": 1269, "camera_size": [37, 37], "camera_position": [256, 254], "world_position": [0.705, 0.6448569696296074, -0.15], "world_orientation": [1.0, -4.331917303826236e-17, -1.1712398707441946e-17, 4.331917303826236e-17, 1.0, -5.775889738434995e-17, 1.1712398707441946e-17, 5.775889738434995e-17, 1.0], "world_rotation": [-0.7896765794068324, 0.16013129347666225, -0.5922574345551229, -7.314247236221149e-17]}], "source": "action wait"}
{"timestamp": 1706069683.278916, "objects": [{"color": "cv_", "id_name": "hand", "shape": "CVCylinder", "id_string": "ob383", "world_size": [0.12, 0.005, 0.12], "id": 383, "camera_size": [51, 52], "camera_position": [246, 388], "world_position": [0.38753837711817, 0.7387671435747425, -0.17400449272232815], "world_orientation": [-0.0001210903934781675, 0.17652962132253197, 0.9842953205887144, -0.0007430635382398523, -0.9842950719526387, 0.17652948531712243, 0.9999997165968072, -0.0007100179387523291, 0.00025036140258585094], "world_rotation": [0.0, 1.0, 0.0, 0.0]}, {"color": "CVYellow", "id_name": "object175516500188381", "shape": "CVCone", "id_string": "ob1269", "world_size": [0.09, 0.09, 0.09], "id": 1269, "camera_size": [37, 37], "camera_position": [256, 254], "world_position": [0.705, 0.6448569696296074, -0.15], "world_orientation": [1.0, -4.331917303826236e-17, -1.1712398707441946e-17, 4.331917303826236e-17, 1.0, -5.775889738434995e-17, 1.1712398707441946e-17, 5.775889738434995e-17, 1.0], "world_rotation": [-0.7896765794068324, 0.16013129347666225, -0.5922574345551229, -7.314247236221149e-17]}], "source": "action wait"}
{"timestamp": 1706069683.308275, "objects": [{"color": "cv_", "id_name": "hand", "shape": "CVCylinder", "id_string": "ob383", "world_size": [0.12, 0.005, 0.12], "id": 383, "camera_size": [52, 54], "camera_position": [245, 367], "world_position": [0.44162877138280654, 0.7666980082061903, -0.17402300086983713], "world_orientation": [-4.847601851123878e-05, 0.17039241122588258, 0.9853762854091352, -0.0007504473484379553, -0.9853760152977457, 0.1703923275993214, 0.9999997172393865, -0.0007312130789723483, 0.00017563763915693842], "world_rotation": [0.0, 1.0, 0.0, 0.0]}, {"color": "CVYellow", "id_name": "object175516500188381", "shape": "CVCone", "id_string": "ob1269", "world_size": [0.09, 0.09, 0.09], "id": 1269, "camera_size": [37, 37], "camera_position": [256, 254], "world_position": [0.705, 0.6448569696296074, -0.15], "world_orientation": [1.0, -4.331917303826236e-17, -1.1712398707441946e-17, 4.331917303826236e-17, 1.0, -5.775889738434995e-17, 1.1712398707441946e-17, 5.775889738434995e-17, 1.0], "world_rotation": [-0.7896765794068324, 0.16013129347666225, -0.5922574345551229, -7.314247236221149e-17]}], "source": "action wait"}
{"timestamp": 1706069683.34114, "objects": [{"color": "cv_", "id_name": "hand", "shape": "CVCylinder", "id_string": "ob383", "world_size": [0.12, 0.005, 0.12], "id": 383, "camera_size": [52, 53], "camera_position": [245, 344], "world_position": [0.49886158849316986, 0.78023599613779, -0.1740381634277935], "world_orientation": [-5.962219356144001e-06, 0.15337707503042353, 0.9881677351642099, -0.000764522157044792, -0.9881674470917426, 0.15337702570482914, 0.9999997077351189, -0.000754561660938661, 0.00012315184332405797], "world_rotation": [0.0, 1.0, 0.0, 0.0]}, {"color": "CVYellow", "id_name": "object175516500188381", "shape": "CVCone", "id_string": "ob1269", "world_size": [0.09, 0.09, 0.09], "id": 1269, "camera_size": [37, 37], "camera_position": [256, 254], "world_position": [0.705, 0.6448569696296074, -0.15], "world_orientation": [1.0, -4.331917303826236e-17, -1.1712398707441946e-17, 4.331917303826236e-17, 1.0, -5.775889738434995e-17, 1.1712398707441946e-17, 5.775889738434995e-17, 1.0], "world_rotation": [-0.7896765794068324, 0.16013129347666225, -0.5922574345551229, -7.314247236221149e-17]}], "source": "action wait"}
{"timestamp": 1706069683.373465, "objects": [{"color": "cv_", "id_name": "hand", "shape": "CVCylinder", "id_string": "ob383", "world_size": [0.12, 0.005, 0.12], "id": 383, "camera_size": [52, 53], "camera_position": [245, 318], "world_position": [0.5574543891710856, 0.7708162348030909, -0.17405001108949808], "world_orientation": [-3.8820978215968393e-07, 0.1134728120964152, 0.993541101774245, -0.0007769971084768081, -0.9935408018959468, 0.11347277754357057, 0.9999996981376258, -0.0007719345119895391, 8.855374914832076e-05], "world_rotation": [0.0, 1.0, 0.0, 0.0]}, {"color": "CVYellow", "id_name": "object175516500188381", "shape": "CVCone", "id_string": "ob1269", "world_size": [0.09, 0.09, 0.09], "id": 1269, "camera_size": [37, 37], "camera_position": [256, 254], "world_position": [0.705, 0.6448569696296074, -0.15], "world_orientation": [1.0, -4.331917303826236e-17, -1.1712398707441946e-17, 4.331917303826236e-17, 1.0, -5.775889738434995e-17, 1.1712398707441946e-17, 5.775889738434995e-17, 1.0], "world_rotation": [-0.7896765794068324, 0.16013129347666225, -0.5922574345551229, -7.314247236221149e-17]}], "source": "action wait"}
{"timestamp": 1706069683.408138, "objects": [{"color": "cv_", "id_name": "hand", "shape": "CVCylinder", "id_string": "ob383", "world_size": [0.12, 0.005, 0.12], "id": 383, "camera_size": [52, 52], "camera_position": [245, 297], "world_position": [0.6026394915543691, 0.7566020832030632, -0.1740556690748411], "world_orientation": [-1.525648134379607e-05, 0.0795746305092964, 0.9968289110707759, -0.0007751054598928908, -0.9968286126860822, 0.079574594826911, 0.9999996994893378, -0.0007714335032289694, 7.688682770951444e-05], "world_rotation": [0.0, 1.0, 0.0, 0.0]}, {"color": "CVYellow", "id_name": "object175516500188381", "shape": "CVCone", "id_string": "ob1269", "world_size": [0.09, 0.09, 0.09], "id": 1269, "camera_size": [37, 37], "camera_position": [256, 254], "world_position": [0.705, 0.6448569696296074, -0.15], "world_orientation": [1.0, -4.331917303826236e-17, -1.1712398707441946e-17, 4.331917303826236e-17, 1.0, -5.775889738434995e-17, 1.1712398707441946e-17, 5.775889738434995e-17, 1.0], "world_rotation": [-0.7896765794068324, 0.16013129347666225, -0.5922574345551229, -7.314247236221149e-17]}], "source": "action wait"}
{"timestamp": 1706069683.443324, "objects": [{"color": "cv_", "id_name": "hand", "shape": "CVCylinder", "id_string": "ob383", "world_size": [0.12, 0.005, 0.12], "id": 383, "camera_size": [51, 51], "camera_position": [246, 284], "world_position": [0.6343220721041308, 0.7441280477868728, -0.1740633761896417], "world_orientation": [-2.1901511911909363e-05, 0.05561851142439503, 0.9984520923445742, -0.0007712041203695233, -0.9984517966058392, 0.05561847803362513, 0.99999970238222, -0.0007687922388488696, 6.476082909652692e-05], "world_rotation": [0.0, 1.0, 0.0, 0.0]}, {"color": "CVYellow", "id_name": "object175516500188381", "shape": "CVCone", "id_string": "ob1269", "world_size": [0.09, 0.09, 0.09], "id": 1269, "camera_size": [37, 37], "camera_position": [256, 254], "world_position": [0.705, 0.6448569696296074, -0.15], "world_orientation": [1.0, -4.331917303826236e-17, -1.1712398707441946e-17, 4.331917303826236e-17, 1.0, -5.775889738434995e-17, 1.1712398707441946e-17, 5.775889738434995e-17, 1.0], "world_rotation": [-0.7896765794068324, 0.16013129347666225, -0.5922574345551229, -7.314247236221149e-17]}], "source": "action wait"}
{"timestamp": 1706069683.477571, "objects": [{"color": "cv_", "id_name": "hand", "shape": "CVCylinder", "id_string": "ob383", "world_size": [0.12, 0.005, 0.12], "id": 383, "camera_size": [51, 50], "camera_position": [246, 274], "world_position": [0.6564765869777908, 0.7341481951645086, -0.17407126441703238], "world_orientation": [-2.353109820858122e-05, 0.03871288886530205, 0.999250374872079, -0.0007677138509653841, -0.9992500813766684, 0.03871285941602127, 0.9999997050308217, -0.0007662273972751512, 5.323387279296119e-05], "world_rotation": [0.0, 1.0, 0.0, 0.0]}, {"color": "CVYellow", "id_name": "object175516500188381", "shape": "CVCone", "id_string": "ob1269", "world_size": [0.09, 0.09, 0.09], "id": 1269, "camera_size": [37, 37], "camera_position": [256, 254], "world_position": [0.705, 0.6448569696296074, -0.15], "world_orientation": [1.0, -4.331917303826236e-17, -1.1712398707441946e-17, 4.331917303826236e-17, 1.0, -5.775889738434995e-17, 1.1712398707441946e-17, 5.775889738434995e-17, 1.0], "world_rotation": [-0.7896765794068324, 0.16013129347666225, -0.5922574345551229, -7.314247236221149e-17]}], "source": "action wait"}
{"timestamp": 1706069683.511319, "objects": [{"color": "cv_", "id_name": "hand", "shape": "CVCylinder", "id_string": "ob383", "world_size": [0.12, 0.005, 0.12], "id": 383, "camera_size": [51, 51], "camera_position": [246, 268], "world_position": [0.6719698245490316, 0.726547105461314, -0.17407837590536449], "world_orientation": [-2.2548905260585092e-05, 0.0267906579296357, 0.9996410656526892, -0.0007652216637028385, -0.9996407736920443, 0.026790632843903373, 0.9999997069636333, -0.0007643428999229077, 4.304159693358329e-05], "world_rotation": [0.0, 1.0, 0.0, 0.0]}, {"color": "CVYellow", "id_name": "object175516500188381", "shape": "CVCone", "id_string": "ob1269", "world_size": [0.09, 0.09, 0.09], "id": 1269, "camera_size": [37, 37], "camera_position": [256, 254], "world_position": [0.705, 0.6448569696296074, -0.15], "world_orientation": [1.0, -4.331917303826236e-17, -1.1712398707441946e-17, 4.331917303826236e-17, 1.0, -5.775889738434995e-17, 1.1712398707441946e-17, 5.775889738434995e-17, 1.0], "world_rotation": [-0.7896765794068324, 0.16013129347666225, -0.5922574345551229, -7.314247236221149e-17]}], "source": "action wait"}
{"timestamp": 1706069683.544869, "objects": [{"color": "cv_", "id_name": "hand", "shape": "CVCylinder", "id_string": "ob383", "world_size": [0.12, 0.005, 0.12], "id": 383, "camera_size": [51, 50], "camera_position": [246, 263], "world_position": [0.6828157955138892, 0.7209231762583672, -0.17408438360238046], "world_orientation": [-2.0387964135119397e-05, 0.018385529601139667, 0.9998309716575181, -0.0007636642036673855, -0.9998306806093086, 0.01838550867696941, 0.999999708200615, -0.0007631602796816751, 3.4424882879682985e-05], "world_rotation": [0.0, 1.0, 0.0, 0.0]}, {"color": "CVYellow", "id_name": "object175516500188381", "shape": "CVCone", "id_string": "ob1269", "world_size": [0.09, 0.09, 0.09], "id": 1269, "camera_size": [37, 37], "camera_position": [256, 254], "world_position": [0.705, 0.6448569696296074, -0.15], "world_orientation": [1.0, -4.331917303826236e-17, -1.1712398707441946e-17, 4.331917303826236e-17, 1.0, -5.775889738434995e-17, 1.1712398707441946e-17, 5.775889738434995e-17, 1.0], "world_rotation": [-0.7896765794068324, 0.16013129347666225, -0.5922574345551229, -7.314247236221149e-17]}], "source": "action wait"}
{"timestamp": 1706069683.580764, "objects": [{"color": "cv_", "id_name": "hand", "shape": "CVCylinder", "id_string": "ob383", "world_size": [0.12, 0.005, 0.12], "id": 383, "camera_size": [50, 51], "camera_position": [245, 260], "world_position": [0.6904179173021981, 0.7168366157672108, -0.17408926622931029], "world_orientation": [-1.7855818545175042e-05, 0.012460815510083807, 0.9999223608650792, -0.0007628022167320857, -0.9999220702831384, 0.012460798267399549, 0.9999997089069316, -0.000762520495675432, 2.7359564740041813e-05], "world_rotation": [0.0, 1.0, 0.0, 0.0]}, {"color": "CVYellow", "id_name": "object175516500188381", "shape": "CVCone", "id_string": "ob1269", "world_size": [0.09, 0.09, 0.09], "id": 1269, "camera_size": [37, 37], "camera_position": [256, 254], "world_position": [0.705, 0.6448569696296074, -0.15], "world_orientation": [1.0, -4.331917303826236e-17, -1.1712398707441946e-17, 4.331917303826236e-17, 1.0, -5.775889738434995e-17, 1.1712398707441946e-17, 5.775889738434995e-17, 1.0], "world_rotation": [-0.7896765794068324, 0.16013129347666225, -0.5922574345551229, -7.314247236221149e-17]}], "source": "action wait"}
{"timestamp": 1706069683.612194, "objects": [{"color": "cv_", "id_name": "hand", "shape": "CVCylinder", "id_string": "ob383", "world_size": [0.12, 0.005, 0.12], "id": 383, "camera_size": [50, 50], "camera_position": [245, 257], "world_position": [0.6957525796169459, 0.7139015162773463, -0.1740931360060782], "world_orientation": [-1.5377297471698785e-05, 0.008284768550249252, 0.9999656805978931, -0.000762398550901088, -0.9999653901974039, 0.008284754420234538, 0.9999997092559519, -0.0007622449887058365, 2.1693060804096926e-05], "world_rotation": [0.0, 1.0, 0.0, 0.0]}, {"color": "CVYellow", "id_name": "object175516500188381", "shape": "CVCone", "id_string": "ob1269", "world_size": [0.09, 0.09, 0.09], "id": 1269, "camera_size": [37, 37], "camera_position": [256, 254], "world_position": [0.705, 0.6448569696296074, -0.15], "world_orientation": [1.0, -4.331917303826236e-17, -1.1712398707441946e-17, 4.331917303826236e-17, 1.0, -5.775889738434995e-17, 1.1712398707441946e-17, 5.775889738434995e-17, 1.0], "world_rotation": [-0.7896765794068324, 0.16013129347666225, -0.5922574345551229, -7.314247236221149e-17]}], "source": "action wait"}
{"timestamp": 1706069683.643059, "objects": [{"color": "cv_", "id_name": "hand", "shape": "CVCylinder", "id_string": "ob383", "world_size": [0.12, 0.005, 0.12], "id": 383, "camera_size": [49, 50], "camera_position": [246, 256], "world_position": [0.6994997899725944, 0.7118094574956201, -0.17409615046031937], "world_orientation": [-1.3152276942331322e-05, 0.005341309666794225, 0.9999857350172857, -0.0007622702348788076, -0.999985444633472, 0.005341298090010321, 0.9999997093855111, -0.0007621891108757357, 1.7223606880753615e-05], "world_rotation": [0.0, 1.0, 0.0, 0.0]}, {"color": "CVYellow", "id_name": "object175516500188381", "shape": "CVCone", "id_string": "ob1269", "world_size": [0.09, 0.09, 0.09], "id": 1269, "camera_size": [37, 37], "camera_position": [256, 254], "world_position": [0.705, 0.6448569696296074, -0.15], "world_orientation": [1.0, -4.331917303826236e-17, -1.1712398707441946e-17, 4.331917303826236e-17, 1.0, -5.775889738434995e-17, 1.1712398707441946e-17, 5.775889738434995e-17, 1.0], "world_rotation": [-0.7896765794068324, 0.16013129347666225, -0.5922574345551229, -7.314247236221149e-17]}], "source": "action wait"}
{"timestamp": 1706069683.672981, "objects": [{"color": "cv_", "id_name": "hand", "shape": "CVCylinder", "id_string": "ob383", "world_size": [0.12, 0.005, 0.12], "id": 383, "camera_size": [49, 50], "camera_position": [246, 255], "world_position": [0.7021340374124223, 0.7103257941372294, -0.17409846967093115], "world_orientation": [-1.125389295159988e-05, 0.003266610790966011, 0.9999946645494115, -0.0007622921003711536, -0.9999943740976447, 0.0032666012633689647, 0.9999997093920097, -0.0007622512712187621, 1.374394123960297e-05], "world_rotation": [0.0, 1.0, 0.0, 0.0]}, {"color": "CVYellow", "id_name": "object175516500188381", "shape": "CVCone", "id_string": "ob1269", "world_size": [0.09, 0.09, 0.09], "id": 1269, "camera_size": [37, 37], "camera_position": [256, 254], "world_position": [0.705, 0.6448569696296074, -0.15], "world_orientation": [1.0, -4.331917303826236e-17, -1.1712398707441946e-17, 4.331917303826236e-17, 1.0, -5.775889738434995e-17, 1.1712398707441946e-17, 5.775889738434995e-17, 1.0], "world_rotation": [-0.7896765794068324, 0.16013129347666225, -0.5922574345551229, -7.314247236221149e-17]}], "source": "action wait"}
{"timestamp": 1706069683.710948, "objects": [{"color": "cv_", "id_name": "hand", "shape": "CVCylinder", "id_string": "ob383", "world_size": [0.12, 0.005, 0.12], "id": 383, "camera_size": [49, 50], "camera_position": [246, 254], "world_position": [0.7039870570780078, 0.7092770923056363, -0.17410023760459556], "world_orientation": [-9.687625847452427e-06, 0.0018042268200084105, 0.9999983723345414, -0.0007623852235680698, -0.999998081779608, 0.00180421891006612, 0.9999997093374183, -0.000762366504062577, 1.1063123132355537e-05], "world_rotation": [0.0, 1.0, 0.0, 0.0]}, {"color": "CVYellow", "id_name": "object175516500188381", "shape": "CVCone", "id_string": "ob1269", "world_size": [0.09, 0.09, 0.09], "id": 1269, "camera_size": [37, 37], "camera_position": [256, 254], "world_position": [0.705, 0.6448569696296074, -0.15], "world_orientation": [1.0, -4.331917303826236e-17, -1.1712398707441946e-17, 4.331917303826236e-17, 1.0, -5.775889738434995e-17, 1.1712398707441946e-17, 5.775889738434995e-17, 1.0], "world_rotation": [-0.7896765794068324, 0.16013129347666225, -0.5922574345551229, -7.314247236221149e-17]}], "source": "action wait"}
{"timestamp": 1706069683.749225, "objects": [{"color": "cv_", "id_name": "hand", "shape": "CVCylinder", "id_string": "ob383", "world_size": [0.12, 0.005, 0.12], "id": 383, "camera_size": [49, 50], "camera_position": [246, 253], "world_position": [0.7052911820851524, 0.7085374446115041, -0.17410157581532337], "world_orientation": [-8.425689083706113e-06, 0.0007734157635586085, 0.9999997008784874, -0.0007625032984297171, -0.9999994102133573, 0.0007734091141362676, 0.9999997092588216, -0.0007624965538442365, 9.0154161854827e-06], "world_rotation": [0.0, 1.0, 0.0, 0.0]}, {"color": "CVYellow", "id_name": "object175516500188381", "shape": "CVCone", "id_string": "ob1269", "world_size": [0.09, 0.09, 0.09], "id": 1269, "camera_size": [37, 37], "camera_position": [256, 254], "world_position": [0.705, 0.6448569696296074, -0.15], "world_orientation": [1.0, -4.331917303826236e-17, -1.1712398707441946e-17, 4.331917303826236e-17, 1.0, -5.775889738434995e-17, 1.1712398707441946e-17, 5.775889738434995e-17, 1.0], "world_rotation": [-0.7896765794068324, 0.16013129347666225, -0.5922574345551229, -7.314247236221149e-17]}], "source": "action wait"}
{"timestamp": 1706069683.782761, "objects": [{"color": "cv_", "id_name": "hand", "shape": "CVCylinder", "id_string": "ob383", "world_size": [0.12, 0.005, 0.12], "id": 383, "camera_size": [49, 50], "camera_position": [246, 253], "world_position": [0.7062093615992805, 0.7080164969180759, -0.17410258313727875], "world_orientation": [-7.4266620330780755e-06, 4.679358229049494e-05, 0.9999999988776027, -0.0007626212968213806, -0.9999997081097822, 4.678790495416129e-05, 0.9999997091767588, -0.0007626209484878175, 7.46234564808168e-06], "world_rotation": [0.0, 1.0, 0.0, 0.0]}, {"color": "CVYellow", "id_name": "object175516500188381", "shape": "CVCone", "id_string": "ob1269", "world_size": [0.09, 0.09, 0.09], "id": 1269, "camera_size": [37, 37], "camera_position": [256, 254], "world_position": [0.705, 0.6448569696296074, -0.15], "world_orientation": [1.0, -4.331917303826236e-17, -1.1712398707441946e-17, 4.331917303826236e-17, 1.0, -5.775889738434995e-17, 1.1712398707441946e-17, 5.775889738434995e-17, 1.0], "world_rotation": [-0.7896765794068324, 0.16013129347666225, -0.5922574345551229, -7.314247236221149e-17]}], "source": "action wait"}
{"timestamp": 1706069683.810586, "objects": [{"color": "cv_", "id_name": "hand", "shape": "CVCylinder", "id_string": "ob383", "world_size": [0.12, 0.005, 0.12], "id": 383, "camera_size": [49, 50], "camera_position": [246, 253], "world_position": [0.7068560116822709, 0.7076498978863625, -0.17410333798747998], "world_orientation": [-6.646356031140535e-06, -0.00046541876827003157, 0.9999998916705922, -0.0007627272427487541, -0.9999996008138857, -0.00046542370225684596, 0.9999997091014474, -0.0007627302534949724, 6.291365804525437e-06], "world_rotation": [0.0, 1.0, 0.0, 0.0]}, {"color": "CVYellow", "id_name": "object175516500188381", "shape": "CVCone", "id_string": "ob1269", "world_size": [0.09, 0.09, 0.09], "id": 1269, "camera_size": [37, 37], "camera_position": [256, 254], "world_position": [0.705, 0.6448569696296074, -0.15], "world_orientation": [1.0, -4.331917303826236e-17, -1.1712398707441946e-17, 4.331917303826236e-17, 1.0, -5.775889738434995e-17, 1.1712398707441946e-17, 5.775889738434995e-17, 1.0], "world_rotation": [-0.7896765794068324, 0.16013129347666225, -0.5922574345551229, -7.314247236221149e-17]}], "source": "action wait"}
{"timestamp": 1706069683.842471, "objects": [{"color": "cv_", "id_name": "hand", "shape": "CVCylinder", "id_string": "ob383", "world_size": [0.12, 0.005, 0.12], "id": 383, "camera_size": [49, 49], "camera_position": [246, 253], "world_position": [0.7073115418517125, 0.7073920437698498, -0.1741039015439889], "world_orientation": [-6.043338091883304e-06, -0.0008264981942361554, 0.9999996584320482, -0.0007628166994668454, -0.9999993675018976, -0.0008265025637432556, 0.9999997090370383, -0.0007628214337479002, 5.412867645204868e-06], "world_rotation": [0.0, 1.0, 0.0, 0.0]}, {"color": "CVYellow", "id_name": "object175516500188381", "shape": "CVCone", "id_string": "ob1269", "world_size": [0.09, 0.09, 0.09], "id": 1269, "camera_size": [37, 37], "camera_position": [256, 254], "world_position": [0.705, 0.6448569696296074, -0.15], "world_orientation": [1.0, -4.331917303826236e-17, -1.1712398707441946e-17, 4.331917303826236e-17, 1.0, -5.775889738434995e-17, 1.1712398707441946e-17, 5.775889738434995e-17, 1.0], "world_rotation": [-0.7896765794068324, 0.16013129347666225, -0.5922574345551229, -7.314247236221149e-17]}], "source": "action wait"}
{"timestamp": 1706069683.874662, "objects": [{"color": "cv_", "id_name": "hand", "shape": "CVCylinder", "id_string": "ob383", "world_size": [0.12, 0.005, 0.12], "id": 383, "camera_size": [49, 50], "camera_position": [246, 252], "world_position": [0.7076325013790898, 0.7072107224228201, -0.17410432096089098], "world_orientation": [-5.581325050600152e-06, -0.0010810440584742317, 0.9999994156561256, -0.0007628892803675346, -0.9999991246671988, -0.00108104800183737, 0.9999997089843551, -0.0007628948682585104, 4.756603241632154e-06], "world_rotation": [0.0, 1.0, 0.0, 0.0]}, {"color": "CVYellow", "id_name": "object175516500188381", "shape": "CVCone", "id_string": "ob1269", "world_size": [0.09, 0.09, 0.09], "id": 1269, "camera_size": [37, 37], "camera_position": [256, 254], "world_position": [0.705, 0.6448569696296074, -0.15], "world_orientation": [1.0, -4.331917303826236e-17, -1.1712398707441946e-17, 4.331917303826236e-17, 1.0, -5.775889738434995e-17, 1.1712398707441946e-17, 5.775889738434995e-17, 1.0], "world_rotation": [-0.7896765794068324, 0.16013129347666225, -0.5922574345551229, -7.314247236221149e-17]}], "source": "action wait"}
{"timestamp": 1706069684.925126, "objects": [{"color": "cv_", "id_name": "hand", "shape": "CVCylinder", "id_string": "ob383", "world_size": [0.12, 0.005, 0.12], "id": 383, "camera_size": [49, 50], "camera_position": [246, 252], "world_position": [0.7083990160974986, 0.7067809193408229, -0.17410550409339323], "world_orientation": [-4.18602624716792e-06, -0.0016893654569493982, 0.999998573012397, -0.0007631195198905004, -0.999998281840434, -0.0016893681594953803, 0.9999997088154955, -0.000763125502668228, 2.89683129884371e-06], "world_rotation": [0.0, 1.0, 0.0, 0.0]}, {"color": "CVYellow", "id_name": "object175516500188381", "shape": "CVCone", "id_string": "ob1269", "world_size": [0.09, 0.09, 0.09], "id": 1269, "camera_size": [37, 37], "camera_position": [256, 254], "world_position": [0.705, 0.6448569696296074, -0.15], "world_orientation": [1.0, -4.331917303826236e-17, -1.1712398707441946e-17, 4.331917303826236e-17, 1.0, -5.775889738434995e-17, 1.1712398707441946e-17, 5.775889738434995e-17, 1.0], "world_rotation": [-0.7896765794068324, 0.16013129347666225, -0.5922574345551229, -7.314247236221149e-17]}], "source": "action wait"}
{"timestamp": 1706069684.957353, "objects": [{"color": "cv_", "id_name": "hand", "shape": "CVCylinder", "id_string": "ob383", "world_size": [0.12, 0.005, 0.12], "id": 383, "camera_size": [51, 51], "camera_position": [246, 251], "world_position": [0.7112170345788431, 0.7301661733653321, -0.1740976496668219], "world_orientation": [1.8813369086013465e-05, 0.03247494080457179, 0.999472549831058, -0.0007431522571465317, -0.9994722735618695, 0.03247494581658789, 0.9999997236853517, -0.0007433712445049993, 5.330384786245635e-06], "world_rotation": [0.0, 1.0, 0.0, 0.0]}, {"color": "CVYellow", "id_name": "object175516500188381", "shape": "CVCone", "id_string": "ob1269", "world_size": [0.09, 0.09, 0.09], "id": 1269, "camera_size": [38, 39], "camera_position": [252, 252], "world_position": [0.7105540786375316, 0.674301438467107, -0.15866700313017582], "world_orientation": [0.9994271927956905, -0.03384207869967652, -3.1321873620195592e-06, 0.033842078781908445, 0.9994271922976008, 3.162046757151514e-05, 2.0602908688974046e-06, -3.1708354871351714e-05, 0.9999999994951677], "world_rotation": [0.0009356516634385759, 7.671626767589264e-05, -0.9999995593351924, -0.033848556805368385]}], "source": "action wait"}
{"timestamp": 1706069684.991953, "objects": [{"color": "cv_", "id_name": "hand", "shape": "CVCylinder", "id_string": "ob383", "world_size": [0.12, 0.005, 0.12], "id": 383, "camera_size": [53, 53], "camera_position": [245, 249], "world_position": [0.7150961989311615, 0.7865720694832918, -0.17410891502450934], "world_orientation": [8.121623266287978e-05, 0.11355247163981425, 0.9935319972645132, -0.0007254011152780566, -0.9935317324496776, 0.11355250067155861, 0.9999997335985374, -0.0007299315251944307, 1.6801852299299972e-06], "world_rotation": [0.0, 1.0, 0.0, 0.0]}, {"color": "CVYellow", "id_name": "object175516500188381", "shape": "CVCone", "id_string": "ob1269", "world_size": [0.09, 0.09, 0.09], "id": 1269, "camera_size": [39, 44], "camera_position": [250, 247], "world_position": [0.7188676421309971, 0.7346487228753351, -0.16423201913734034], "world_orientation": [0.9933993568391349, -0.1147070957436954, -4.19996161171286e-06, 0.11470709580538026, 0.9933993554453895, 5.265529897794903e-05, -1.8676972633056017e-06, -5.27895055378406e-05, 0.9999999986048901], "world_rotation": [0.00045962628841922674, 1.016617187535678e-05, -0.9999998943201566, -0.11496015641872553]}], "source": "action wait"}
{"timestamp": 1706069685.027294, "objects": [{"color": "cv_", "id_name": "hand", "shape": "CVCylinder", "id_string": "ob383", "world_size": [0.12, 0.005, 0.12], "id": 383, "camera_size": [56, 55], "camera_position": [244, 250], "world_position": [0.7133625572596312, 0.8566859558572165, -0.17411227509158475], "world_orientation": [0.0001562427657272782, 0.21261811012705112, 0.9771353615718753, -0.0007212356236205536, -0.9771350953956335, 0.21261816753359028, 0.9999997277036498, -0.0007379648824045931, 6.774654571657633e-07], "world_rotation": [0.0, 1.0, 0.0, 0.0]}, {"color": "CVYellow", "id_name": "object175516500188381", "shape": "CVCone", "id_string": "ob1269", "world_size": [0.09, 0.09, 0.09], "id": 1269, "camera_size": [41, 49], "camera_position": [248, 246], "world_position": [0.7221354276477918, 0.8077546462004812, -0.16779033244172198], "world_orientation": [0.9769157287298175, -0.21362504277667174, -7.678226867901332e-06, 0.2136250428936279, 0.976915727498269, 4.914492524930612e-05, -2.997606172086782e-06, -4.965071200730073e-05, 0.9999999987629106], "world_rotation": [0.00023123607910896797, 1.095522441628936e-05, -0.9999999732049291, -0.21528417152975232]}], "source": "action wait"}
{"timestamp": 1706069685.061939, "objects": [{"color": "cv_", "id_name": "hand", "shape": "CVCylinder", "id_string": "ob383", "world_size": [0.12, 0.005, 0.12], "id": 383, "camera_size": [59, 57], "camera_position": [244, 254], "world_position": [0.7041889948669705, 0.9262318931887773, -0.17411320389824803], "world_orientation": [0.00023142607502253556, 0.3095536956768929, 0.9508819358546828, -0.0007096335162538551, -0.9508816710585885, 0.3095537821850984, 0.9999997214310834, -0.0007464165085025435, -3.8913541090836785e-07], "world_rotation": [0.0, 1.0, 0.0, 0.0]}, {"color": "CVYellow", "id_name": "object175516500188381", "shape": "CVCone", "id_string": "ob1269", "world_size": [0.09, 0.09, 0.09], "id": 1269, "camera_size": [44, 56], "camera_position": [246, 247], "world_position": [0.7177057226957593, 0.8799334092096285, -0.17006644925146522], "world_orientation": [0.9505885859192204, -0.3104534429231456, -9.862183801024217e-06, 0.31045344305266526, 0.9505885849365773, 4.3416830433718467e-05, -4.104025145158246e-06, -4.433329236412919e-05, 0.9999999990088583], "world_rotation": [0.00014132573482391337, 9.273787629307977e-06, -0.9999999899705166, -0.3156700114519394]}], "source": "action wait"}
{"timestamp": 1706069685.096283, "objects": [{"color": "cv_", "id_name": "hand", "shape": "CVCylinder", "id_string": "ob383", "world_size": [0.12, 0.005, 0.12], "id": 383, "camera_size": [63, 58], "camera_position": [243, 262], "world_position": [0.6878321939528729, 0.994435332674267, -0.17411365383721844], "world_orientation": [0.0003052557571759171, 0.40336177148532437, 0.9150405390599606, -0.0006875273842701609, -0.9150402807708717, 0.4033618869859428, 0.9999997170624694, -0.0007522439665490355, -1.9990500888250315e-06], "world_rotation": [0.0, 1.0, 0.0, 0.0]}, {"color": "CVYellow", "id_name": "object175516500188381", "shape": "CVCone", "id_string": "ob1269", "world_size": [0.09, 0.09, 0.09], "id": 1269, "camera_size": [47, 61], "camera_position": [245, 253], "world_position": [0.7058474098851426, 0.9506898584625985, -0.17152295331669365], "world_orientation": [0.9146802438855908, -0.4041782420184686, -1.1147043612495814e-05, 0.4041782421317854, 0.9146802430563612, 3.9365161843193056e-05, -5.71456134971673e-06, -4.051192832759248e-05, 0.9999999991630637], "world_rotation": [9.88141882265954e-05, 6.720404107161959e-06, -0.9999999950952962, -0.41608024421452783]}], "source": "action wait"}
{"timestamp": 1706069685.128187, "objects": [{"color": "cv_", "id_name": "hand", "shape": "CVCylinder", "id_string": "ob383", "world_size": [0.12, 0.005, 0.12], "id": 383, "camera_size": [67, 60], "camera_position": [243, 275], "world_position": [0.6645552882029616, 1.0606091236616468, -0.1741140773376763], "world_orientation": [0.00037650477002283965, 0.49309915629349527, 0.8699730342411777, -0.0006561655654785016, -0.8699727867982456, 0.4930993000169896, 0.9999997138454136, -0.0007565005865153731, -3.994217292803176e-06], "world_rotation": [0.0, 1.0, 0.0, 0.0]}, {"color": "CVYellow", "id_name": "object175516500188381", "shape": "CVCone", "id_string": "ob1269", "world_size": [0.09, 0.09, 0.09], "id": 1269, "camera_size": [50, 68], "camera_position": [243, 263], "world_position": [0.6868175654695963, 1.0195078552407901, -0.17245522070272246], "world_orientation": [0.8695497397020574, -0.4938453705804118, -1.1848210005097058e-05, 0.49384537066260825, 0.8695497389724918, 3.644149369964824e-05, -7.693855043383111e-06, -3.753887502253887e-05, 0.9999999992658187], "world_rotation": [7.490236105777318e-05, 4.206129283742372e-06, -0.9999999971859724, -0.5165064843586912]}], "source": "action wait"}
{"timestamp": 1706069685.159443, "objects": [{"color": "cv_", "id_name": "hand", "shape": "CVCylinder", "id_string": "ob383", "world_size": [0.12, 0.005, 0.12], "id": 383, "camera_size": [71, 60], "camera_position": [242, 290], "world_position": [0.6410110365544439, 1.110535574788926, -0.17411360391628233], "world_orientation": [0.00043715456361352714, 0.5600923041975887, 0.8284300934143589, -0.0006354354863111035, -0.8284298497370316, 0.5600924747632501, 0.999999702558771, -0.0007712608606719443, -6.249363748812552e-06], "world_rotation": [0.0, 1.0, 0.0, 0.0]}, {"color": "CVYellow", "id_name": "object175516500188381", "shape": "CVCone", "id_string": "ob1269", "world_size": [0.09, 0.09, 0.09], "id": 1269, "camera_size": [52, 72], "camera_position": [242, 275], "world_position": [0.6663748571982865, 1.0718318150980768, -0.17305163586883548], "world_orientation": [0.8279617469769791, -0.5607845803136667, -5.025303398752061e-06, 0.5607845802485388, 0.8279617466559013, 2.509939107562819e-05, -9.914592510968153e-06, -2.3599448340126244e-05, 0.9999999996723835], "world_rotation": [-4.3420273204529035e-05, 4.359329125196218e-06, 0.9999999990478382, 0.5953331013916695]}], "source": "action wait"}
{"timestamp": 1706069685.190834, "objects": [{"color": "cv_", "id_name": "hand", "shape": "CVCylinder", "id_string": "ob383", "world_size": [0.12, 0.005, 0.12], "id": 383, "camera_size": [73, 61], "camera_position": [241, 303], "world_position": [0.6216903576269941, 1.1443012456270139, -0.1741147064361324], "world_orientation": [0.0004789200011534479, 0.6052845730944301, 0.796009017668472, -0.0006136463359561527, -0.796008781197557, 0.605284762483374, 0.9999996970368575, -0.000778350996227095, -9.79386591860483e-06], "world_rotation": [0.0, 1.0, 0.0, 0.0]}, {"color": "CVYellow", "id_name": "object175516500188381", "shape": "CVCone", "id_string": "ob1269", "world_size": [0.09, 0.09, 0.09], "id": 1269, "camera_size": [54, 76], "camera_position": [241, 286], "world_position": [0.6490928885462979, 1.107487005526597, -0.1734346185072779], "world_orientation": [0.7955114948084521, -0.6059384965716322, 3.640321476934203e-07, 0.6059384964228778, 0.7955114946261881, 2.168848883285124e-05, -1.343148207419209e-05, -1.7032861079334957e-05, 0.9999999997647386], "world_rotation": [-3.195155128263697e-05, 1.138359280166004e-05, 0.999999999424756, 0.6509450782583192]}], "source": "action wait"}
{"timestamp": 1706069685.220263, "objects": [{"color": "cv_", "id_name": "hand", "shape": "CVCylinder", "id_string": "ob383", "world_size": [0.12, 0.005, 0.12], "id": 383, "camera_size": [75, 61], "camera_position": [241, 313], "world_position": [0.6068079334072669, 1.1673140002961913, -0.17411636917207315], "world_orientation": [0.0005068586429242807, 0.6360422602102687, 0.7716540587082588, -0.0005938741190699776, -0.7716538302981213, 0.6360424620257434, 0.9999996952038771, -0.0007806489934867851, -1.3390376258082376e-05], "world_rotation": [0.0, 1.0, 0.0, 0.0]}, {"color": "CVYellow", "id_name": "object175516500188381", "shape": "CVCone", "id_string": "ob1269", "world_size": [0.09, 0.09, 0.09], "id": 1269, "camera_size": [56, 78], "camera_position": [241, 295], "world_position": [0.6355689746219899, 1.131914606194629, -0.1736805719337937], "world_orientation": [0.7711370467650562, -0.6366691881142528, 3.5221911419547432e-06, 0.6366691878968009, 0.7711370466258703, 2.2449014406816924e-05, -1.7008687851212075e-05, -1.506879609849337e-05, 0.999999999741818], "world_rotation": [-2.9464132386930077e-05, 1.6123663095667254e-05, 0.9999999994359462, 0.6901711716701795]}], "source": "action wait"}
{"timestamp": 1706069685.255072, "objects": [{"color": "cv_", "id_name": "hand", "shape": "CVCylinder", "id_string": "ob383", "world_size": [0.12, 0.005, 0.12], "id": 383, "camera_size": [76, 62], "camera_position": [240, 320], "world_position": [0.5957318346133954, 1.1831249319364716, -0.17411796944315014], "world_orientation": [0.0005252471342840743, 0.6571497393429846, 0.7537598717077577, -0.0005775766085979419, -0.7537596505980326, 0.6571499490493727, 0.9999996952603083, -0.0007805201979313385, -1.6355778624312888e-05], "world_rotation": [0.0, 1.0, 0.0, 0.0]}, {"color": "CVYellow", "id_name": "object175516500188381", "shape": "CVCone", "id_string": "ob1269", "world_size": [0.09, 0.09, 0.09], "id": 1269, "camera_size": [57, 80], "camera_position": [241, 302], "world_position": [0.6254108157044652, 1.148755302451106, -0.1738384394539101], "world_orientation": [0.7532295335270358, -0.657757759208239, 4.899013084377093e-06, 0.6577577589235911, 0.7532295333853191, 2.4737613854228974e-05, -1.9961438796510263e-05, -1.5410737476675603e-05, 0.9999999996820252], "world_rotation": [-3.051910125853396e-05, 1.8897878073057544e-05, 0.9999999993557273, 0.7178380415546463]}], "source": "action wait"}
{"timestamp": 1706069685.296473, "objects": [{"color": "cv_", "id_name": "hand", "shape": "CVCylinder", "id_string": "ob383", "world_size": [0.12, 0.005, 0.12], "id": 383, "camera_size": [77, 62], "camera_position": [241, 326], "world_position": [0.5876551482512937, 1.1940632420504063, -0.17411928579600228], "world_orientation": [0.0005372514320794634, 0.6717349433783582, 0.7407913857526779, -0.0005648017852609831, -0.7407911706750113, 0.6717351579669547, 0.9999996961798749, -0.0007792909727749573, -1.859402207417907e-05], "world_rotation": [0.0, 1.0, 0.0, 0.0]}, {"color": "CVYellow", "id_name": "object175516500188381", "shape": "CVCone", "id_string": "ob1269", "world_size": [0.09, 0.09, 0.09], "id": 1269, "camera_size": [57, 82], "camera_position": [241, 307], "world_position": [0.6179619688409166, 1.1604306048096775, -0.17393971086702437], "world_orientation": [0.740251784113132, -0.6723297524956179, 5.1484435928754e-06, 0.672329752149085, 0.7402517839409403, 2.7338718092782694e-05, -2.2191778123013368e-05, -1.6776083038796888e-05, 0.9999999996130442], "world_rotation": [-3.2807414030346865e-05, 2.0332449665573878e-05, 0.9999999992551325, 0.7373515510620311]}], "source": "action wait"}
