{"timestamp": 1706069472.678096, "objects": [{"color": "cv_", "id_name": "hand", "shape": "CVCylinder", "id_string": "ob383", "world_size": [0.12, 0.005, 0.12], "id": 383, "camera_size": [48, 50], "camera_position": [246, 426], "world_position": [0.2676445155730215, 0.6334703011721006, -0.17389260400900883], "world_orientation": [-0.0006415518766625735, 0.19791547456950398, 0.9802188803206748, -0.0007473676674883484, -0.9802189031849188, 0.1979149900349256, 0.9999995149262619, -0.0006056111649370328, 0.0007767769034677027], "world_rotation": [0.0, 1.0, 0.0, 0.0]}, {"color": "CVPurple", "id_name": "object157188724952816", "shape": "CVBox", "id_string": "ob1227", "world_size": [0.11, 0.11, 0.11], "id": 1227, "camera_size": [45, 45], "camera_position": [256, 254], "world_position": [0.705, 0.6547388572526824, -0.15], "world_orientation": [1.0, -3.838362879530641e-17, 1.4813540171849057e-17, 3.838362879530641e-17, 1.0, 5.294293626938881e-18, -1.4813540171849057e-17, -5.294293626938881e-18, 1.0], "world_rotation": [-0.1276280613210114, 0.35710588544125776, 0.925303444577321, 4.1482206750932463e-17]}], "source": "action wait"}
{"timestamp": 1706069472.710884, "objects": [{"color": "cv_", "id_name": "hand", "shape": "CVCylinder", "id_string": "ob383", "world_size": [0.12, 0.005, 0.12], "id": 383, "camera_size": [49, 51], "camera_position": [246, 421], "world_position": [0.2907923612810253, 0.6674611085641129, -0.1739562593556781], "world_orientation": [-0.000385084740090591, 0.1952729542654501, 0.9807488593122025, -0.0007159586447813316, -0.9807487345032073, 0.19527264829867114, 0.9999996695564265, -0.000626979107167399, 0.0005174787312191107], "world_rotation": [0.0, 1.0, 0.0, 0.0]}, {"color": "CVPurple", "id_name": "object157188724952816", "shape": "CVBox", "id_string": "ob1227", "world_size": [0.11, 0.11, 0.11], "id": 1227, "camera_size": [45, 45], "camera_position": [256, 254], "world_position": [0.705, 0.6547388572526824, -0.15], "world_orientation": [1.0, -3.838362879530641e-17, 1.4813540171849057e-17, 3.838362879530641e-17, 1.0, 5.294293626938881e-18, -1.4813540171849057e-17, -5.294293626938881e-18, 1.0], "world_rotation": [-0.1276280613210114, 0.35710588544125776, 0.925303444577321, 4.1482206750932463e-17]}], "source": "action wait"}
{"timestamp": 1706069472.742052, "objects": [{"color": "cv_", "id_name": "hand", "shape": "CVCylinder", "id_string": "ob383", "world_size": [0.12, 0.005, 0.12], "id": 383, "camera_size": [51, 52], "camera_position": [246, 406], "world_position": [0.33661585798233656, 0.7051649562372571, -0.17398412424165138], "world_orientation": [-0.0002272448311256506, 0.18144947103410497, 0.9834002429434469, -0.0007325719445837219, -0.9834000346647641, 0.18144926332087147, 0.9999997058490233, -0.0006791780210762418, 0.0003563973666459195], "world_rotation": [0.0, 1.0, 0.0, 0.0]}, {"color": "CVPurple", "id_name": "object157188724952816", "shape": "CVBox", "id_string": "ob1227", "world_size": [0.11, 0.11, 0.11], "id": 1227, "camera_size": [45, 45], "camera_position": [256, 254], "world_position": [0.705, 0.6547388572526824, -0.15], "world_orientation": [1.0, -3.838362879530641e-17, 1.4813540171849057e-17, 3.838362879530641e-17, 1.0, 5.294293626938881e-18, -1.4813540171849057e-17, -5.294293626938881e-18, 1.0], "world_rotation": [-0.1276280613210114, 0.35710588544125776, 0.925303444577321, 4.1482206750932463e-17]}], "source": "action wait"}
{"timestamp": 1706069472.77421, "objects": [{"color": "cv_", "id_name": "hand", "shape": "CVCylinder", "id_string": "ob383", "world_size": [0.12, 0.005, 0.12], "id": 383, "camera_size": [51, 52], "camera_position": [246, 388], "world_position": [0.38702321432309106, 0.738155853184567, -0.1740046386960996], "world_orientation": [-0.00012495808858939699, 0.17160879612525606, 0.9851651665979245, -0.0007438992134953542, -0.985164917653104, 0.1716086584048523, 0.9999997154996778, -0.0007114197026558498, 0.00025076397352214645], "world_rotation": [0.0, 1.0, 0.0, 0.0]}, {"color": "CVPurple", "id_name": "object157188724952816", "shape": "CVBox", "id_string": "ob1227", "world_size": [0.11, 0.11, 0.11], "id": 1227, "camera_size": [45, 45], "camera_position": [256, 254], "world_position": [0.705, 0.6547388572526824, -0.15], "world_orientation": [1.0, -3.838362879530641e-17, 1.4813540171849057e-17, 3.838362879530641e-17, 1.0, 5.294293626938881e-18, -1.4813540171849057e-17, -5.294293626938881e-18, 1.0], "world_rotation": [-0.1276280613210114, 0.35710588544125776, 0.925303444577321, 4.1482206750932463e-17]}], "source": "action wait"}
{"timestamp": 1706069472.806482, "objects": [{"color": "cv_", "id_name": "hand", "shape": "CVCylinder", "id_string": "ob383", "world_size": [0.12, 0.005, 0.12], "id": 383, "camera_size": [52, 53], "camera_position": [245, 368], "world_position": [0.44102735882831695, 0.7659770726397522, -0.1740231286462339], "world_orientation": [-5.2971655965205804e-05, 0.16465507743026653, 0.9863512065539519, -0.000751317821056676, -0.9863509361037845, 0.16465499193380087, 0.9999997163577274, -0.0007323411917193663, 0.00017595693644949372], "world_rotation": [0.0, 1.0, 0.0, 0.0]}, {"color": "CVPurple", "id_name": "object157188724952816", "shape": "CVBox", "id_string": "ob1227", "world_size": [0.11, 0.11, 0.11], "id": 1227, "camera_size": [45, 45], "camera_position": [256, 254], "world_position": [0.705, 0.6547388572526824, -0.15], "world_orientation": [1.0, -3.838362879530641e-17, 1.4813540171849057e-17, 3.838362879530641e-17, 1.0, 5.294293626938881e-18, -1.4813540171849057e-17, -5.294293626938881e-18, 1.0], "world_rotation": [-0.1276280613210114, 0.35710588544125776, 0.925303444577321, 4.1482206750932463e-17]}], "source": "action wait"}
{"timestamp": 1706069472.838807, "objects": [{"color": "cv_", "id_name": "hand", "shape": "CVCylinder", "id_string": "ob383", "world_size": [0.12, 0.005, 0.12], "id": 383, "camera_size": [52, 53], "camera_position": [245, 344], "world_position": [0.4981432780550624, 0.7811364919215931, -0.17403839265937143], "world_orientation": [-9.1613471220312e-06, 0.14946468883051475, 0.9887670639280352, -0.0007643565739292426, -0.9887667761770031, 0.14946463825120668, 0.9999997078375062, -0.0007544013079649238, 0.00012330275313759642], "world_rotation": [0.0, 1.0, 0.0, 0.0]}, {"color": "CVPurple", "id_name": "object157188724952816", "shape": "CVBox", "id_string": "ob1227", "world_size": [0.11, 0.11, 0.11], "id": 1227, "camera_size": [45, 45], "camera_position": [256, 254], "world_position": [0.705, 0.6547388572526824, -0.15], "world_orientation": [1.0, -3.838362879530641e-17, 1.4813540171849057e-17, 3.838362879530641e-17, 1.0, 5.294293626938881e-18, -1.4813540171849057e-17, -5.294293626938881e-18, 1.0], "world_rotation": [-0.1276280613210114, 0.35710588544125776, 0.925303444577321, 4.1482206750932463e-17]}], "source": "action wait"}
{"timestamp": 1706069472.871692, "objects": [{"color": "cv_", "id_name": "hand", "shape": "CVCylinder", "id_string": "ob383", "world_size": [0.12, 0.005, 0.12], "id": 383, "camera_size": [52, 53], "camera_position": [245, 318], "world_position": [0.5567697451017116, 0.772851726914132, -0.1740502326784544], "world_orientation": [-2.393479813860078e-06, 0.1107685300925238, 0.9938462319370202, -0.0007770582788501594, -0.9938459320939352, 0.11076849480230537, 0.9999996980873058, -0.0007720113202747042, 8.845235352141474e-05], "world_rotation": [0.0, 1.0, 0.0, 0.0]}, {"color": "CVPurple", "id_name": "object157188724952816", "shape": "CVBox", "id_string": "ob1227", "world_size": [0.11, 0.11, 0.11], "id": 1227, "camera_size": [45, 45], "camera_position": [256, 254], "world_position": [0.705, 0.6547388572526824, -0.15], "world_orientation": [1.0, -3.838362879530641e-17, 1.4813540171849057e-17, 3.838362879530641e-17, 1.0, 5.294293626938881e-18, -1.4813540171849057e-17, -5.294293626938881e-18, 1.0], "world_rotation": [-0.1276280613210114, 0.35710588544125776, 0.925303444577321, 4.1482206750932463e-17]}], "source": "action wait"}
{"timestamp": 1706069472.906061, "objects": [{"color": "cv_", "id_name": "hand", "shape": "CVCylinder", "id_string": "ob383", "world_size": [0.12, 0.005, 0.12], "id": 383, "camera_size": [52, 52], "camera_position": [245, 298], "world_position": [0.6020965867859768, 0.7593932008747658, -0.17405584484328318], "world_orientation": [-1.6651881987954598e-05, 0.07766088104787361, 0.9969798329342388, -0.0007752614700862079, -0.9969795344674182, 0.07766084484979091, 0.9999996993461387, -0.0007716268517037158, 7.680907436211331e-05], "world_rotation": [0.0, 1.0, 0.0, 0.0]}, {"color": "CVPurple", "id_name": "object157188724952816", "shape": "CVBox", "id_string": "ob1227", "world_size": [0.11, 0.11, 0.11], "id": 1227, "camera_size": [45, 45], "camera_position": [256, 254], "world_position": [0.705, 0.6547388572526824, -0.15], "world_orientation": [1.0, -3.838362879530641e-17, 1.4813540171849057e-17, 3.838362879530641e-17, 1.0, 5.294293626938881e-18, -1.4813540171849057e-17, -5.294293626938881e-18, 1.0], "world_rotation": [-0.1276280613210114, 0.35710588544125776, 0.925303444577321, 4.1482206750932463e-17]}], "source": "action wait"}
{"timestamp": 1706069472.941697, "objects": [{"color": "cv_", "id_name": "hand", "shape": "CVCylinder", "id_string": "ob383", "world_size": [0.12, 0.005, 0.12], "id": 383, "camera_size": [51, 51], "camera_position": [246, 284], "world_position": [0.6339136374641138, 0.7474416246948425, -0.17406352814611464], "world_orientation": [-2.2886522964860863e-05, 0.05426631889085816, 0.9985264974502394, -0.0007713936387427317, -0.9985262015840807, 0.05426628513102776, 0.9999997022139863, -0.0007690150216686844, 6.471348603434525e-05], "world_rotation": [0.0, 1.0, 0.0, 0.0]}, {"color": "CVPurple", "id_name": "object157188724952816", "shape": "CVBox", "id_string": "ob1227", "world_size": [0.11, 0.11, 0.11], "id": 1227, "camera_size": [45, 45], "camera_position": [256, 254], "world_position": [0.705, 0.6547388572526824, -0.15], "world_orientation": [1.0, -3.838362879530641e-17, 1.4813540171849057e-17, 3.838362879530641e-17, 1.0, 5.294293626938881e-18, -1.4813540171849057e-17, -5.294293626938881e-18, 1.0], "world_rotation": [-0.1276280613210114, 0.35710588544125776, 0.925303444577321, 4.1482206750932463e-17]}], "source": "action wait"}
{"timestamp": 1706069472.973302, "objects": [{"color": "cv_", "id_name": "hand", "shape": "CVCylinder", "id_string": "ob383", "world_size": [0.12, 0.005, 0.12], "id": 383, "camera_size": [51, 51], "camera_position": [246, 275], "world_position": [0.6561792756100085, 0.7378243630857939, -0.17407140923126208], "world_orientation": [-2.4224886750565308e-05, 0.037758205394394485, 0.9992869044166194, -0.000767900606240035, -0.9992866107867542, 0.037758175683966465, 0.9999997048708633, -0.000766438332179749, 5.320215379093439e-05], "world_rotation": [0.0, 1.0, 0.0, 0.0]}, {"color": "CVPurple", "id_name": "object157188724952816", "shape": "CVBox", "id_string": "ob1227", "world_size": [0.11, 0.11, 0.11], "id": 1227, "camera_size": [45, 45], "camera_position": [256, 254], "world_position": [0.705, 0.6547388572526824, -0.15], "world_orientation": [1.0, -3.838362879530641e-17, 1.4813540171849057e-17, 3.838362879530641e-17, 1.0, 5.294293626938881e-18, -1.4813540171849057e-17, -5.294293626938881e-18, 1.0], "world_rotation": [-0.1276280613210114, 0.35710588544125776, 0.925303444577321, 4.1482206750932463e-17]}], "source": "action wait"}
{"timestamp": 1706069473.008358, "objects": [{"color": "cv_", "id_name": "hand", "shape": "CVCylinder", "id_string": "ob383", "world_size": [0.12, 0.005, 0.12], "id": 383, "camera_size": [51, 51], "camera_position": [246, 268], "world_position": [0.6717585741120626, 0.730475850245024, -0.17407852240432037], "world_orientation": [-2.303454483792771e-05, 0.026116872486523716, 0.9996588960445121, -0.0007653880139434331, -0.9996586039606302, 0.026116847219223305, 0.999999706825256, -0.0007645253473764397, 4.301622209879928e-05], "world_rotation": [0.0, 1.0, 0.0, 0.0]}, {"color": "CVPurple", "id_name": "object157188724952816", "shape": "CVBox", "id_string": "ob1227", "world_size": [0.11, 0.11, 0.11], "id": 1227, "camera_size": [45, 45], "camera_position": [256, 254], "world_position": [0.705, 0.6547388572526824, -0.15], "world_orientation": [1.0, -3.838362879530641e-17, 1.4813540171849057e-17, 3.838362879530641e-17, 1.0, 5.294293626938881e-18, -1.4813540171849057e-17, -5.294293626938881e-18, 1.0], "world_rotation": [-0.1276280613210114, 0.35710588544125776, 0.925303444577321, 4.1482206750932463e-17]}], "source": "action wait"}
{"timestamp": 1706069473.036579, "objects": [{"color": "cv_", "id_name": "hand", "shape": "CVCylinder", "id_string": "ob383", "world_size": [0.12, 0.005, 0.12], "id": 383, "camera_size": [51, 50], "camera_position": [246, 263], "world_position": [0.6826688474769277, 0.7250284227913897, -0.17408453561575887], "world_orientation": [-2.0725364915416883e-05, 0.017910073274530303, 0.9998396015590503, -0.0007638038446933106, -0.9998393104058934, 0.017910052226466786, 0.9999997080870304, -0.0007633101393797584, 3.440181739113681e-05], "world_rotation": [0.0, 1.0, 0.0, 0.0]}, {"color": "CVPurple", "id_name": "object157188724952816", "shape": "CVBox", "id_string": "ob1227", "world_size": [0.11, 0.11, 0.11], "id": 1227, "camera_size": [45, 45], "camera_position": [256, 254], "world_position": [0.705, 0.6547388572526824, -0.15], "world_orientation": [1.0, -3.838362879530641e-17, 1.4813540171849057e-17, 3.838362879530641e-17, 1.0, 5.294293626938881e-18, -1.4813540171849057e-17, -5.294293626938881e-18, 1.0], "world_rotation": [-0.1276280613210114, 0.35710588544125776, 0.925303444577321, 4.1482206750932463e-17]}], "source": "action wait"}
{"timestamp": 1706069473.067369, "objects": [{"color": "cv_", "id_name": "hand", "shape": "CVCylinder", "id_string": "ob383", "world_size": [0.12, 0.005, 0.12], "id": 383, "camera_size": [51, 51], "camera_position": [246, 260], "world_position": [0.6903179906839019, 0.721065513700142, -0.17408942484348813], "world_orientation": [-1.8088776585034567e-05, 0.012125333855097988, 0.9999264852736419, -0.000762914983897055, -0.9999261946062793, 0.012125316529187122, 0.9999997088167193, -0.000762639566269418, 2.733804041893338e-05], "world_rotation": [0.0, 1.0, 0.0, 0.0]}, {"color": "CVPurple", "id_name": "object157188724952816", "shape": "CVBox", "id_string": "ob1227", "world_size": [0.11, 0.11, 0.11], "id": 1227, "camera_size": [45, 45], "camera_position": [256, 254], "world_position": [0.705, 0.6547388572526824, -0.15], "world_orientation": [1.0, -3.838362879530641e-17, 1.4813540171849057e-17, 3.838362879530641e-17, 1.0, 5.294293626938881e-18, -1.4813540171849057e-17, -5.294293626938881e-18, 1.0], "world_rotation": [-0.1276280613210114, 0.35710588544125776, 0.925303444577321, 4.1482206750932463e-17]}], "source": "action wait"}
{"timestamp": 1706069473.101164, "objects": [{"color": "cv_", "id_name": "hand", "shape": "CVCylinder", "id_string": "ob383", "world_size": [0.12, 0.005, 0.12], "id": 383, "camera_size": [51, 50], "camera_position": [246, 257], "world_position": [0.6956865745286768, 0.7182172068002852, -0.1740933009702915], "world_orientation": [-1.5537740978999543e-05, 0.008048057904832527, 0.9999676137368346, -0.0007624871808164768, -0.999967323268911, 0.008048043719342526, 0.9999997091858965, -0.0007623374382876004, 2.167377423968653e-05], "world_rotation": [0.0, 1.0, 0.0, 0.0]}, {"color": "CVPurple", "id_name": "object157188724952816", "shape": "CVBox", "id_string": "ob1227", "world_size": [0.11, 0.11, 0.11], "id": 1227, "camera_size": [45, 45], "camera_position": [256, 254], "world_position": [0.705, 0.6547388572526824, -0.15], "world_orientation": [1.0, -3.838362879530641e-17, 1.4813540171849057e-17, 3.838362879530641e-17, 1.0, 5.294293626938881e-18, -1.4813540171849057e-17, -5.294293626938881e-18, 1.0], "world_rotation": [-0.1276280613210114, 0.35710588544125776, 0.925303444577321, 4.1482206750932463e-17]}], "source": "action wait"}
{"timestamp": 1706069473.134842, "objects": [{"color": "cv_", "id_name": "hand", "shape": "CVCylinder", "id_string": "ob383", "world_size": [0.12, 0.005, 0.12], "id": 383, "camera_size": [50, 50], "camera_position": [245, 256], "world_position": [0.6994580421633263, 0.716186155823649, -0.17409632097171032], "world_orientation": [-1.3263111070537895e-05, 0.005174289091840224, 0.9999866131886386, -0.000762338516954464, -0.99998632275275, 0.0051742774779054285, 0.9999997093319956, -0.000762259684655996, 1.7207489540621734e-05], "world_rotation": [0.0, 1.0, 0.0, 0.0]}, {"color": "CVPurple", "id_name": "object157188724952816", "shape": "CVBox", "id_string": "ob1227", "world_size": [0.11, 0.11, 0.11], "id": 1227, "camera_size": [45, 45], "camera_position": [256, 254], "world_position": [0.705, 0.6547388572526824, -0.15], "world_orientation": [1.0, -3.838362879530641e-17, 1.4813540171849057e-17, 3.838362879530641e-17, 1.0, 5.294293626938881e-18, -1.4813540171849057e-17, -5.294293626938881e-18, 1.0], "world_rotation": [-0.1276280613210114, 0.35710588544125776, 0.925303444577321, 4.1482206750932463e-17]}], "source": "action wait"}
{"timestamp": 1706069473.168672, "objects": [{"color": "cv_", "id_name": "hand", "shape": "CVCylinder", "id_string": "ob383", "world_size": [0.12, 0.005, 0.12], "id": 383, "camera_size": [50, 50], "camera_position": [245, 255], "world_position": [0.7021095361611727, 0.7147454204802345, -0.1740986447784306], "world_orientation": [-1.1331075410045108e-05, 0.0031487596068180026, 0.9999950425799846, -0.0007623439062162945, -0.9999947520886632, 0.003148750053907371, 0.9999997093516455, -0.0007623044482333776, 1.3731453644329137e-05], "world_rotation": [0.0, 1.0, 0.0, 0.0]}, {"color": "CVPurple", "id_name": "object157188724952816", "shape": "CVBox", "id_string": "ob1227", "world_size": [0.11, 0.11, 0.11], "id": 1227, "camera_size": [45, 45], "camera_position": [256, 254], "world_position": [0.705, 0.6547388572526824, -0.15], "world_orientation": [1.0, -3.838362879530641e-17, 1.4813540171849057e-17, 3.838362879530641e-17, 1.0, 5.294293626938881e-18, -1.4813540171849057e-17, -5.294293626938881e-18, 1.0], "world_rotation": [-0.1276280613210114, 0.35710588544125776, 0.925303444577321, 4.1482206750932463e-17]}], "source": "action wait"}
{"timestamp": 1706069473.201882, "objects": [{"color": "cv_", "id_name": "hand", "shape": "CVCylinder", "id_string": "ob383", "world_size": [0.12, 0.005, 0.12], "id": 383, "camera_size": [50, 50], "camera_position": [245, 254], "world_position": [0.7039747711958846, 0.7137269476504358, -0.17410041639844237], "world_orientation": [-9.741869677277459e-06, 0.0017210661845366048, 0.9999985189170455, -0.0007624240534145846, -0.99999822833245, 0.0017210582569741398, 0.9999997093072872, -0.0007624061578764458, 1.1054034674897132e-05], "world_rotation": [0.0, 1.0, 0.0, 0.0]}, {"color": "CVPurple", "id_name": "object157188724952816", "shape": "CVBox", "id_string": "ob1227", "world_size": [0.11, 0.11, 0.11], "id": 1227, "camera_size": [45, 45], "camera_position": [256, 254], "world_position": [0.705, 0.6547388572526824, -0.15], "world_orientation": [1.0, -3.838362879530641e-17, 1.4813540171849057e-17, 3.838362879530641e-17, 1.0, 5.294293626938881e-18, -1.4813540171849057e-17, -5.294293626938881e-18, 1.0], "world_rotation": [-0.1276280613210114, 0.35710588544125776, 0.925303444577321, 4.1482206750932463e-17]}], "source": "action wait"}
{"timestamp": 1706069473.235494, "objects": [{"color": "cv_", "id_name": "hand", "shape": "CVCylinder", "id_string": "ob383", "world_size": [0.12, 0.005, 0.12], "id": 383, "camera_size": [50, 50], "camera_position": [245, 253], "world_position": [0.7052875263797873, 0.7130085981297278, -0.17410175750307227], "world_orientation": [-8.464057264857468e-06, 0.0007147302262356281, 0.9999997445444991, -0.0007625321139129708, -0.9999994538573518, 0.0007147235643559363, 0.9999997092365254, -0.0007625258696591355, 9.009057392928278e-06], "world_rotation": [0.0, 1.0, 0.0, 0.0]}, {"color": "CVPurple", "id_name": "object157188724952816", "shape": "CVBox", "id_string": "ob1227", "world_size": [0.11, 0.11, 0.11], "id": 1227, "camera_size": [45, 45], "camera_position": [256, 254], "world_position": [0.705, 0.6547388572526824, -0.15], "world_orientation": [1.0, -3.838362879530641e-17, 1.4813540171849057e-17, 3.838362879530641e-17, 1.0, 5.294293626938881e-18, -1.4813540171849057e-17, -5.294293626938881e-18, 1.0], "world_rotation": [-0.1276280613210114, 0.35710588544125776, 0.925303444577321, 4.1482206750932463e-17]}], "source": "action wait"}
{"timestamp": 1706069473.268823, "objects": [{"color": "cv_", "id_name": "hand", "shape": "CVCylinder", "id_string": "ob383", "world_size": [0.12, 0.005, 0.12], "id": 383, "camera_size": [50, 50], "camera_position": [245, 253], "world_position": [0.7062117931629808, 0.7125026621272473, -0.17410276706313002], "world_orientation": [-7.453873780773705e-06, 5.3758292869600305e-06, 0.9999999999577702, -0.0007626425013675031, -0.9999997091737461, 5.370143083158565e-06, 0.9999997091603852, -0.0007626424613072832, 7.457971449250088e-06], "world_rotation": [0.0, 1.0, 0.0, 0.0]}, {"color": "CVPurple", "id_name": "object157188724952816", "shape": "CVBox", "id_string": "ob1227", "world_size": [0.11, 0.11, 0.11], "id": 1227, "camera_size": [45, 45], "camera_position": [256, 254], "world_position": [0.705, 0.6547388572526824, -0.15], "world_orientation": [1.0, -3.838362879530641e-17, 1.4813540171849057e-17, 3.838362879530641e-17, 1.0, 5.294293626938881e-18, -1.4813540171849057e-17, -5.294293626938881e-18, 1.0], "world_rotation": [-0.1276280613210114, 0.35710588544125776, 0.925303444577321, 4.1482206750932463e-17]}], "source": "action wait"}
{"timestamp": 1706069473.299274, "objects": [{"color": "cv_", "id_name": "hand", "shape": "CVCylinder", "id_string": "ob383", "world_size": [0.12, 0.005, 0.12], "id": 383, "camera_size": [49, 50], "camera_position": [246, 253], "world_position": [0.7068627324180737, 0.7121466467935083, -0.17410352362552362], "world_orientation": [-6.66564225875721e-06, -0.0004946536828871749, 0.9999998776366441, -0.0007627427314611493, -0.9999995867681006, -0.0004946586231783923, 0.9999997090895051, -0.0007627459353471796, 6.288346003452592e-06], "world_rotation": [0.0, 1.0, 0.0, 0.0]}, {"color": "CVPurple", "id_name": "object157188724952816", "shape": "CVBox", "id_string": "ob1227", "world_size": [0.11, 0.11, 0.11], "id": 1227, "camera_size": [45, 45], "camera_position": [256, 254], "world_position": [0.705, 0.6547388572526824, -0.15], "world_orientation": [1.0, -3.838362879530641e-17, 1.4813540171849057e-17, 3.838362879530641e-17, 1.0, 5.294293626938881e-18, -1.4813540171849057e-17, -5.294293626938881e-18, 1.0], "world_rotation": [-0.1276280613210114, 0.35710588544125776, 0.925303444577321, 4.1482206750932463e-17]}], "source": "action wait"}
{"timestamp": 1706069473.329504, "objects": [{"color": "cv_", "id_name": "hand", "shape": "CVCylinder", "id_string": "ob383", "world_size": [0.12, 0.005, 0.12], "id": 383, "camera_size": [49, 49], "camera_position": [246, 253], "world_position": [0.707282026972076, 0.7119397551385728, -0.1741067391672606], "world_orientation": [-3.842659962782815e-06, -0.0008326575724470049, 0.9999996533332406, -0.0007644533053738256, -0.9999993611438082, -0.0008326602666879498, 0.9999997077981464, -0.0007644562399939247, 3.2061296747458785e-06], "world_rotation": [0.0, 1.0, 0.0, 0.0]}, {"color": "CVPurple", "id_name": "object157188724952816", "shape": "CVBox", "id_string": "ob1227", "world_size": [0.11, 0.11, 0.11], "id": 1227, "camera_size": [45, 46], "camera_position": [256, 253], "world_position": [0.705161195900908, 0.6546061090516131, -0.15000160647679425], "world_orientation": [0.9999957589775567, 0.002912391923577019, 4.2925130593280904e-07, -0.0029123919353493664, 0.9999957585093812, 3.060167090874423e-05, -3.4012542606502565e-07, -3.060279127441273e-05, 0.9999999995316767], "world_rotation": [-0.010507013587721777, 0.00013207945121692196, -0.9999447910862309, 0.002912556846197702]}], "source": "action wait"}
{"timestamp": 1706069473.363452, "objects": [{"color": "cv_", "id_name": "hand", "shape": "CVCylinder", "id_string": "ob383", "world_size": [0.12, 0.005, 0.12], "id": 383, "camera_size": [49, 50], "camera_position": [246, 252], "world_position": [0.7075809637384645, 0.7117906599684661, -0.17410844619571703], "world_orientation": [-1.8282843338444903e-06, -0.0010718135328509632, 0.9999994256060393, -0.0007655084085079125, -0.999999132604774, -0.0010718146183755159, 0.9999997069967241, -0.0007655099283867458, 1.0078004766132003e-06], "world_rotation": [0.0, 1.0, 0.0, 0.0]}, {"color": "CVPurple", "id_name": "object157188724952816", "shape": "CVBox", "id_string": "ob1227", "world_size": [0.11, 0.11, 0.11], "id": 1227, "camera_size": [45, 46], "camera_position": [256, 253], "world_position": [0.705249871061305, 0.6545239510117014, -0.15000246184687543], "world_orientation": [0.9999898817920266, 0.004498478969992624, 7.247571513911777e-07, -0.0044984789991483675, 0.9999898806821536, 4.7116732569196e-05, -5.127961867464219e-07, -4.711951613712184e-05, 0.9999999988897441], "world_rotation": [-0.010473660014119753, 0.00013754487355907677, -0.9999451402588626, 0.0044987409582428394]}], "source": "action wait"}
{"timestamp": 1706069474.458226, "objects": [{"color": "cv_", "id_name": "hand", "shape": "CVCylinder", "id_string": "ob383", "world_size": [0.12, 0.005, 0.12], "id": 383, "camera_size": [49, 50], "camera_position": [246, 252], "world_position": [0.7083059672389233, 0.7114377485016978, -0.1741128274597732], "world_orientation": [3.2269463617474718e-06, -0.0016405009405491531, 0.9999986543722201, -0.0007679909330462075, -0.999998359476809, -0.0016404979785030486, 0.9999997050897134, -0.000767984605817662, -4.4868309155047965e-06], "world_rotation": [0.0, 1.0, 0.0, 0.0]}, {"color": "CVPurple", "id_name": "object157188724952816", "shape": "CVBox", "id_string": "ob1227", "world_size": [0.11, 0.11, 0.11], "id": 1227, "camera_size": [45, 46], "camera_position": [256, 253], "world_position": [0.7054644689114534, 0.654333926993069, -0.15000467391700742], "world_orientation": [0.9999719582459047, 0.007488803346853557, -2.3372701937589955e-05, -0.0074888003993588415, 0.9999719508843529, 0.00012374619156434877, 2.4298757247517997e-05, -0.0001235676880044703, 0.9999999920702984], "world_rotation": [0.0165099119238317, 0.0031823996040936317, 0.9998586375788466, -0.007489930687427106]}], "source": "action wait"}
{"timestamp": 1706069474.495305, "objects": [{"color": "cv_", "id_name": "hand", "shape": "CVCylinder", "id_string": "ob383", "world_size": [0.12, 0.005, 0.12], "id": 383, "camera_size": [51, 50], "camera_position": [246, 251], "world_position": [0.7107187271558165, 0.7320949201079615, -0.17409536163728792], "world_orientation": [2.1872173501281278e-05, 0.028661494453386307, 0.9995891747399562, -0.0007441589658791006, -0.9995888977399787, 0.02866150279395394, 0.9999997228744824, -0.0007444801359407267, -5.344737280042154e-07], "world_rotation": [0.0, 1.0, 0.0, 0.0]}, {"color": "CVPurple", "id_name": "object157188724952816", "shape": "CVBox", "id_string": "ob1227", "world_size": [0.11, 0.11, 0.11], "id": 1227, "camera_size": [46, 48], "camera_position": [252, 251], "world_position": [0.7105947131848855, 0.6757075681930382, -0.15864652236423848], "world_orientation": [0.999682248601549, -0.02520715667455884, -3.291406050031352e-05, 0.025207160192643553, 0.9996822428648232, 0.00011124648014703113, 3.0099394368182016e-05, -0.00011204080141801355, 0.9999999932704426], "world_rotation": [0.0044289981697332855, 0.0012498986701122898, -0.9999894108081981, -0.02521009564986188]}], "source": "action wait"}
{"timestamp": 1706069474.525083, "objects": [{"color": "cv_", "id_name": "hand", "shape": "CVCylinder", "id_string": "ob383", "world_size": [0.12, 0.005, 0.12], "id": 383, "camera_size": [52, 53], "camera_position": [245, 250], "world_position": [0.714127282744968, 0.780959946586485, -0.1741123538903234], "world_orientation": [7.726953466626589e-05, 0.09913219145078302, 0.9950742699153589, -0.0007263520577846032, -0.9950740048278451, 0.09913222144470465, 0.9999997332210181, -0.0007304341442233383, -4.884034058180375e-06], "world_rotation": [0.0, 1.0, 0.0, 0.0]}, {"color": "CVPurple", "id_name": "object157188724952816", "shape": "CVBox", "id_string": "ob1227", "world_size": [0.11, 0.11, 0.11], "id": 1227, "camera_size": [48, 53], "camera_position": [249, 248], "world_position": [0.7185813408060874, 0.7251407330176403, -0.16422521745216737], "world_orientation": [0.9952632928217251, -0.09721613333270057, -3.7168476587147196e-05, 0.09721613664874088, 0.9952632880352501, 0.00010131315919884588, 2.7143146626353292e-05, -0.0001044466441293366, 0.9999999941770741], "world_rotation": [0.0010582588830324695, 0.0003307659972797139, -0.9999993853408069, -0.09736998121634974]}], "source": "action wait"}
{"timestamp": 1706069474.555339, "objects": [{"color": "cv_", "id_name": "hand", "shape": "CVCylinder", "id_string": "ob383", "world_size": [0.12, 0.005, 0.12], "id": 383, "camera_size": [55, 55], "camera_position": [245, 250], "world_position": [0.7131098971161347, 0.8508896206110381, -0.1741189224740074], "world_orientation": [0.00015134085706703114, 0.19838340078080308, 0.9801244836196004, -0.0007163657503977596, -0.9801242218460682, 0.19838345841009836, 0.9999997319579924, -0.0007321511338153247, -6.2177659991068905e-06], "world_rotation": [0.0, 1.0, 0.0, 0.0]}, {"color": "CVPurple", "id_name": "object157188724952816", "shape": "CVBox", "id_string": "ob1227", "world_size": [0.11, 0.11, 0.11], "id": 1227, "camera_size": [51, 60], "camera_position": [248, 245], "world_position": [0.7235153047543095, 0.7959420097558509, -0.1677915010292615], "world_orientation": [0.9803117441893958, -0.1974560262362185, -4.367317713960919e-05, 0.1974560292675594, 0.9803117411340883, 8.18568334452019e-05, 2.6650203270218187e-05, -8.886874731197272e-05, 0.9999999956960562], "world_rotation": [0.00043231286489516397, 0.0001780735020449319, -0.9999998906977015, -0.19876219677140552]}], "source": "action wait"}
{"timestamp": 1706069474.588057, "objects": [{"color": "cv_", "id_name": "hand", "shape": "CVCylinder", "id_string": "ob383", "world_size": [0.12, 0.005, 0.12], "id": 383, "camera_size": [59, 57], "camera_position": [244, 254], "world_position": [0.7045967427658675, 0.9204413479001238, -0.17411993938302833], "world_orientation": [0.00022598946832335588, 0.29569161125625865, 0.9552834238912752, -0.0007070416653145061, -0.9552831622613276, 0.29569169753660984, 0.9999997245103839, -0.0007422483923896002, -6.817644695081246e-06], "world_rotation": [0.0, 1.0, 0.0, 0.0]}, {"color": "CVPurple", "id_name": "object157188724952816", "shape": "CVBox", "id_string": "ob1227", "world_size": [0.11, 0.11, 0.11], "id": 1227, "camera_size": [54, 67], "camera_position": [246, 246], "world_position": [0.7207030844808708, 0.866911041731526, -0.1700709930069829], "world_orientation": [0.9553777651228744, -0.2953867359883517, -4.594529302608718e-05, 0.2953867383744688, 0.9553777636712653, 5.8949003995298756e-05, 2.6482357422548537e-05, -6.989019794388304e-05, 0.9999999972070225], "world_rotation": [0.00021808561741201244, 0.00012259800299949333, -0.999999968704196, -0.2998603033026021]}], "source": "action wait"}
{"timestamp": 1706069474.621624, "objects": [{"color": "cv_", "id_name": "hand", "shape": "CVCylinder", "id_string": "ob383", "world_size": [0.12, 0.005, 0.12], "id": 383, "camera_size": [62, 59], "camera_position": [243, 262], "world_position": [0.6888670562986057, 0.9887054755201856, -0.17411982818949612], "world_orientation": [0.00029960766498450124, 0.39001139586385025, 0.9208099811207402, -0.00068683763271625, -0.9208097249973847, 0.39001151086129193, 0.9999997192446173, -0.0007492973857008807, -8.007147733522603e-06], "world_rotation": [0.0, 1.0, 0.0, 0.0]}, {"color": "CVPurple", "id_name": "object157188724952816", "shape": "CVBox", "id_string": "ob1227", "world_size": [0.11, 0.11, 0.11], "id": 1227, "camera_size": [57, 75], "camera_position": [245, 251], "world_position": [0.7104154888610488, 0.9371222619276637, -0.17152898375032485], "world_orientation": [0.9207779410820208, -0.390087145546708, -4.5781832350599585e-05, 0.390087147399236, 0.9207779404464935, 4.267365036481926e-05, 2.5508458840781146e-05, -5.7151860305727735e-05, 0.9999999980414919], "world_rotation": [0.00012795283097533788, 9.137738958429084e-05, -0.9999999876391228, -0.4007262404377237]}], "source": "action wait"}
{"timestamp": 1706069474.65125, "objects": [{"color": "cv_", "id_name": "hand", "shape": "CVCylinder", "id_string": "ob383", "world_size": [0.12, 0.005, 0.12], "id": 383, "camera_size": [66, 60], "camera_position": [242, 274], "world_position": [0.6661894693857532, 1.0549950751086647, -0.17411947862297658], "world_orientation": [0.00037087894925807974, 0.48039464211887095, 0.8770523646124481, -0.0006570844485051735, -0.877052118522534, 0.4803947851873112, 0.9999997153443758, -0.0007544657824710164, -9.620319680196829e-06], "world_rotation": [0.0, 1.0, 0.0, 0.0]}, {"color": "CVPurple", "id_name": "object157188724952816", "shape": "CVBox", "id_string": "ob1227", "world_size": [0.11, 0.11, 0.11], "id": 1227, "camera_size": [60, 83], "camera_position": [243, 260], "world_position": [0.6929010447717484, 1.0058726020539739, -0.1724617568575898], "world_orientation": [0.8768894142561331, -0.4806921605407003, -4.427470660974846e-05, 0.4806921619809338, 0.8768894140415158, 3.085487075419926e-05, 2.3992327049842242e-05, -4.8338813983909996e-05, 0.9999999985438637], "world_rotation": [8.237463667188182e-05, 7.100909766949898e-05, -0.9999999940860638, -0.5014438820307946]}], "source": "action wait"}
{"timestamp": 1706069474.682481, "objects": [{"color": "cv_", "id_name": "hand", "shape": "CVCylinder", "id_string": "ob383", "world_size": [0.12, 0.005, 0.12], "id": 383, "camera_size": [70, 61], "camera_position": [241, 290], "world_position": [0.64185797980921, 1.1077767717027887, -0.17411804679482962], "world_orientation": [0.0004339749500596553, 0.5515622079059388, 0.8341336478500724, -0.0006358696137204701, -0.8341334055608531, 0.5515623785187744, 0.9999997036677447, -0.000769764496122263, -1.1271354936897157e-05], "world_rotation": [0.0, 1.0, 0.0, 0.0]}, {"color": "CVPurple", "id_name": "object157188724952816", "shape": "CVBox", "id_string": "ob1227", "world_size": [0.11, 0.11, 0.11], "id": 1227, "camera_size": [64, 89], "camera_position": [242, 272], "world_position": [0.6725681318537288, 1.0611764181345729, -0.17305812209287624], "world_orientation": [0.8338557506155394, -0.551982414482313, -3.560437338678247e-05, 0.551982415177198, 0.8338557508103382, 1.3254226331436786e-05, 2.2372811650045597e-05, -3.070510085933541e-05, 0.9999999992783271], "world_rotation": [3.981949960204644e-05, 5.251723909428638e-05, -0.9999999978281735, -0.5847397811402658]}], "source": "action wait"}
{"timestamp": 1706069474.71745, "objects": [{"color": "cv_", "id_name": "hand", "shape": "CVCylinder", "id_string": "ob383", "world_size": [0.12, 0.005, 0.12], "id": 383, "camera_size": [73, 61], "camera_position": [241, 303], "world_position": [0.6216357171065773, 1.1434394242656718, -0.1741182993882558], "world_orientation": [0.00047883296973437765, 0.5995182923227572, 0.8003609110203922, -0.0006147142875711375, -0.8003606750909378, 0.5995184833633767, 0.9999996964226199, -0.0007790625030173057, -1.470661896084617e-05], "world_rotation": [0.0, 1.0, 0.0, 0.0]}, {"color": "CVPurple", "id_name": "object157188724952816", "shape": "CVBox", "id_string": "ob1227", "world_size": [0.11, 0.11, 0.11], "id": 1227, "camera_size": [67, 93], "camera_position": [242, 283], "world_position": [0.6549771313458681, 1.0989114340131054, -0.17344089545518396], "world_orientation": [0.799995657634875, -0.6000057891647033, -2.7095860195510844e-05, 0.6000057894776811, 0.7999956578459766, 4.5659640144344035e-06, 1.893696566023196e-05, -1.9910424372648978e-05, 0.9999999996224832], "world_rotation": [2.0396793497337975e-05, 3.8360318043244964e-05, -0.9999999990562285, -0.6435083461722525]}], "source": "action wait"}
{"timestamp": 1706069474.752968, "objects": [{"color": "cv_", "id_name": "hand", "shape": "CVCylinder", "id_string": "ob383", "world_size": [0.12, 0.005, 0.12], "id": 383, "camera_size": [75, 62], "camera_position": [241, 313], "world_position": [0.6059691855174547, 1.1676946242129551, -0.17411958042699344], "world_orientation": [0.0005088524676780384, 0.6321111375449625, 0.7748775715303545, -0.000594567313507542, -0.7748773436431529, 0.6321113420895412, 0.9999996937793911, -0.0007823682922716446, -1.846562757180433e-05], "world_rotation": [0.0, 1.0, 0.0, 0.0]}, {"color": "CVPurple", "id_name": "object157188724952816", "shape": "CVBox", "id_string": "ob1227", "world_size": [0.11, 0.11, 0.11], "id": 1227, "camera_size": [68, 96], "camera_position": [241, 292], "world_position": [0.6410645948560955, 1.1247570624909626, -0.17368682128161528], "world_orientation": [0.7744498142355721, -0.6326353489665697, -2.164334617980339e-05, 0.6326353491549999, 0.7744498143799716, 2.521675140774055e-06, 1.5166384598846287e-05, -1.5645256711677377e-05, 0.9999999997626033], "world_rotation": [1.435813843619523e-05, 2.9092375895471337e-05, -0.9999999994737387, -0.6849513682228313]}], "source": "action wait"}
{"timestamp": 1706069474.785111, "objects": [{"color": "cv_", "id_name": "hand", "shape": "CVCylinder", "id_string": "ob383", "world_size": [0.12, 0.005, 0.12], "id": 383, "camera_size": [76, 62], "camera_position": [240, 321], "world_position": [0.5942725702203573, 1.1843289515915705, -0.17412103260772965], "world_orientation": [0.0005285767143037755, 0.6544503991872365, 0.7561047517443092, -0.000577519393591265, -0.7561045314985403, 0.6544506122838631, 0.9999996935389567, -0.0007825925120339851, -2.170145125500584e-05], "world_rotation": [0.0, 1.0, 0.0, 0.0]}, {"color": "CVPurple", "id_name": "object157188724952816", "shape": "CVBox", "id_string": "ob1227", "world_size": [0.11, 0.11, 0.11], "id": 1227, "camera_size": [69, 98], "camera_position": [241, 299], "world_position": [0.6305532186091112, 1.1425689251565498, -0.17384472841027546], "world_orientation": [0.7556336195236998, -0.6549945287524988, -1.8703069448132887e-05, 0.6549945289111133, 0.755633619610105, 3.382297872825617e-06, 1.1917281463599831e-05, -1.4806186146322162e-05, 0.9999999998193778], "world_rotation": [1.3884454916642802e-05, 2.3374508910042485e-05, -0.9999999996304271, -0.7141753802700173]}], "source": "action wait"}
{"timestamp": 1706069474.819108, "objects": [{"color": "cv_", "id_name": "hand", "shape": "CVCylinder", "id_string": "ob383", "world_size": [0.12, 0.005, 0.12], "id": 383, "camera_size": [78, 63], "camera_position": [240, 328], "world_position": [0.5857277508876138, 1.1958198847942132, -0.17412230766349776], "world_orientation": [0.0005413892580355779, 0.6698712078761098, 0.7424771186752308, -0.0005639483929320456, -0.7424769048959979, 0.6698714262142175, 0.999999694429894, -0.0007813799722830815, -2.4196229496501982e-05], "world_rotation": [0.0, 1.0, 0.0, 0.0]}, {"color": "CVPurple", "id_name": "object157188724952816", "shape": "CVBox", "id_string": "ob1227", "world_size": [0.11, 0.11, 0.11], "id": 1227, "camera_size": [70, 99], "camera_position": [240, 305], "world_position": [0.6228189733111674, 1.1549136534131015, -0.17394605135098715], "world_orientation": [0.7419763759094791, -0.6704260267079863, -1.745788493141958e-05, 0.6704260268692374, 0.7419763759503456, 5.283942711082652e-06, 9.410845476029079e-06, -1.5624781095394366e-05, 0.9999999998336513], "world_rotation": [1.5593609857221172e-05, 2.0038549612617655e-05, -0.999999999677648, -0.7347828172821532]}], "source": "action wait"}
