{"timestamp": 1706069458.402576, "objects": [{"color": "cv_", "id_name": "hand", "shape": "CVCylinder", "id_string": "ob383", "world_size": [0.12, 0.005, 0.12], "id": 383, "camera_size": [48, 50], "camera_position": [246, 426], "world_position": [0.2676445155647257, 0.6334703012252931, -0.17389260400887324], "world_orientation": [-0.0006415497509767631, 0.197915474644169, 0.9802188803069906, -0.0007473672393155326, -0.9802189031698425, 0.1979149901112105, 0.9999995149279457, -0.0006056111658798668, 0.0007767747351343936], "world_rotation": [0.0, 1.0, 0.0, 0.0]}, {"color": "CVBlue", "id_name": "object10416365256134", "shape": "CVCylinder", "id_string": "ob1213", "world_size": [0.09, 0.09, 0.09], "id": 1213, "camera_size": [37, 37], "camera_position": [256, 254], "world_position": [0.705, 0.6448569696296074, -0.15], "world_orientation": [1.0, -4.331917303826236e-17, -1.1712398707441946e-17, 4.331917303826236e-17, 1.0, -5.775889738434995e-17, 1.1712398707441946e-17, 5.775889738434995e-17, 1.0], "world_rotation": [-0.7896765794068324, 0.16013129347666225, -0.5922574345551229, -7.314247236221149e-17]}], "source": "action wait"}
{"timestamp": 1706069458.43798, "objects": [{"color": "cv_", "id_name": "hand", "shape": "CVCylinder", "id_string": "ob383", "world_size": [0.12, 0.005, 0.12], "id": 383, "camera_size": [49, 51], "camera_position": [246, 421], "world_position": [0.29102454034344993, 0.6676854813757505, -0.17395614167616855], "world_orientation": [-0.00038342766259203315, 0.1974013363532467, 0.9803226843183728, -0.000715397142490524, -0.9803225596668506, 0.19740103144402055, 0.9999996705950238, -0.0006256310310004522, 0.0005171031395906517], "world_rotation": [0.0, 1.0, 0.0, 0.0]}, {"color": "CVBlue", "id_name": "object10416365256134", "shape": "CVCylinder", "id_string": "ob1213", "world_size": [0.09, 0.09, 0.09], "id": 1213, "camera_size": [37, 37], "camera_position": [256, 254], "world_position": [0.705, 0.6448569696296074, -0.15], "world_orientation": [1.0, -4.331917303826236e-17, -1.1712398707441946e-17, 4.331917303826236e-17, 1.0, -5.775889738434995e-17, 1.1712398707441946e-17, 5.775889738434995e-17, 1.0], "world_rotation": [-0.7896765794068324, 0.16013129347666225, -0.5922574345551229, -7.314247236221149e-17]}], "source": "action wait"}
{"timestamp": 1706069458.47148, "objects": [{"color": "cv_", "id_name": "hand", "shape": "CVCylinder", "id_string": "ob383", "world_size": [0.12, 0.005, 0.12], "id": 383, "camera_size": [51, 52], "camera_position": [246, 406], "world_position": [0.33701028028545454, 0.7056164726750147, -0.17398397201164628], "world_orientation": [-0.0002242939832352139, 0.18520035108939825, 0.9827007579362971, -0.0007318181120837133, -0.9827005499077236, 0.18520014485228894, 0.9999997070671871, -0.0006776189352318026, 0.0003559467919581482], "world_rotation": [0.0, 1.0, 0.0, 0.0]}, {"color": "CVBlue", "id_name": "object10416365256134", "shape": "CVCylinder", "id_string": "ob1213", "world_size": [0.09, 0.09, 0.09], "id": 1213, "camera_size": [37, 37], "camera_position": [256, 254], "world_position": [0.705, 0.6448569696296074, -0.15], "world_orientation": [1.0, -4.331917303826236e-17, -1.1712398707441946e-17, 4.331917303826236e-17, 1.0, -5.775889738434995e-17, 1.1712398707441946e-17, 5.775889738434995e-17, 1.0], "world_rotation": [-0.7896765794068324, 0.16013129347666225, -0.5922574345551229, -7.314247236221149e-17]}], "source": "action wait"}
{"timestamp": 1706069458.50484, "objects": [{"color": "cv_", "id_name": "hand", "shape": "CVCylinder", "id_string": "ob383", "world_size": [0.12, 0.005, 0.12], "id": 383, "camera_size": [51, 52], "camera_position": [246, 388], "world_position": [0.38753624034408796, 0.7387645952055975, -0.17400449309243804], "world_orientation": [-0.00012112668566015076, 0.1765091567053716, 0.9842989906159025, -0.0007430705818089865, -0.9842987419810844, 0.1765090206775998, 0.9999997165871781, -0.0007100236709674574, 0.0002503836060837216], "world_rotation": [0.0, 1.0, 0.0, 0.0]}, {"color": "CVBlue", "id_name": "object10416365256134", "shape": "CVCylinder", "id_string": "ob1213", "world_size": [0.09, 0.09, 0.09], "id": 1213, "camera_size": [37, 37], "camera_position": [256, 254], "world_position": [0.705, 0.6448569696296074, -0.15], "world_orientation": [1.0, -4.331917303826236e-17, -1.1712398707441946e-17, 4.331917303826236e-17, 1.0, -5.775889738434995e-17, 1.1712398707441946e-17, 5.775889738434995e-17, 1.0], "world_rotation": [-0.7896765794068324, 0.16013129347666225, -0.5922574345551229, -7.314247236221149e-17]}], "source": "action wait"}
{"timestamp": 1706069458.536101, "objects": [{"color": "cv_", "id_name": "hand", "shape": "CVCylinder", "id_string": "ob383", "world_size": [0.12, 0.005, 0.12], "id": 383, "camera_size": [52, 54], "camera_position": [245, 367], "world_position": [0.44162627841789326, 0.7666950018147887, -0.17402300107937782], "world_orientation": [-4.848730968117532e-05, 0.17036855217843838, 0.9853804108452754, -0.0007504495760671534, -0.985380140732215, 0.17036846854976995, 0.9999997172371673, -0.0007312176028895179, 0.00017563143979526792], "world_rotation": [0.0, 1.0, 0.0, 0.0]}, {"color": "CVBlue", "id_name": "object10416365256134", "shape": "CVCylinder", "id_string": "ob1213", "world_size": [0.09, 0.09, 0.09], "id": 1213, "camera_size": [37, 37], "camera_position": [256, 254], "world_position": [0.705, 0.6448569696296074, -0.15], "world_orientation": [1.0, -4.331917303826236e-17, -1.1712398707441946e-17, 4.331917303826236e-17, 1.0, -5.775889738434995e-17, 1.1712398707441946e-17, 5.775889738434995e-17, 1.0], "world_rotation": [-0.7896765794068324, 0.16013129347666225, -0.5922574345551229, -7.314247236221149e-17]}], "source": "action wait"}
{"timestamp": 1706069458.565666, "objects": [{"color": "cv_", "id_name": "hand", "shape": "CVCylinder", "id_string": "ob383", "world_size": [0.12, 0.005, 0.12], "id": 383, "camera_size": [52, 53], "camera_position": [245, 344], "world_position": [0.49885846025210345, 0.7802451872199704, -0.1740381643710579], "world_orientation": [-5.976535223023928e-06, 0.1533685752824221, 0.9881690544032034, -0.0007645192335937368, -0.9881687663342809, 0.15336852594886347, 0.9999997077372685, -0.0007545576357362652, 0.00012315905107098535], "world_rotation": [0.0, 1.0, 0.0, 0.0]}, {"color": "CVBlue", "id_name": "object10416365256134", "shape": "CVCylinder", "id_string": "ob1213", "world_size": [0.09, 0.09, 0.09], "id": 1213, "camera_size": [37, 37], "camera_position": [256, 254], "world_position": [0.705, 0.6448569696296074, -0.15], "world_orientation": [1.0, -4.331917303826236e-17, -1.1712398707441946e-17, 4.331917303826236e-17, 1.0, -5.775889738434995e-17, 1.1712398707441946e-17, 5.775889738434995e-17, 1.0], "world_rotation": [-0.7896765794068324, 0.16013129347666225, -0.5922574345551229, -7.314247236221149e-17]}], "source": "action wait"}
{"timestamp": 1706069458.597293, "objects": [{"color": "cv_", "id_name": "hand", "shape": "CVCylinder", "id_string": "ob383", "world_size": [0.12, 0.005, 0.12], "id": 383, "camera_size": [52, 53], "camera_position": [245, 318], "world_position": [0.5574540580970679, 0.7708318142559805, -0.17405001345936177], "world_orientation": [-3.883957406227672e-07, 0.11347069579163342, 0.9935413434761594, -0.0007769981345470592, -0.9935410435970118, 0.11347066123919312, 0.9999996981368285, -0.0007719356989551553, 8.855240606572624e-05], "world_rotation": [0.0, 1.0, 0.0, 0.0]}, {"color": "CVBlue", "id_name": "object10416365256134", "shape": "CVCylinder", "id_string": "ob1213", "world_size": [0.09, 0.09, 0.09], "id": 1213, "camera_size": [37, 37], "camera_position": [256, 254], "world_position": [0.705, 0.6448569696296074, -0.15], "world_orientation": [1.0, -4.331917303826236e-17, -1.1712398707441946e-17, 4.331917303826236e-17, 1.0, -5.775889738434995e-17, 1.1712398707441946e-17, 5.775889738434995e-17, 1.0], "world_rotation": [-0.7896765794068324, 0.16013129347666225, -0.5922574345551229, -7.314247236221149e-17]}], "source": "action wait"}
{"timestamp": 1706069458.63015, "objects": [{"color": "cv_", "id_name": "hand", "shape": "CVCylinder", "id_string": "ob383", "world_size": [0.12, 0.005, 0.12], "id": 383, "camera_size": [52, 52], "camera_position": [245, 297], "world_position": [0.6026440097321686, 0.7566194337496033, -0.17405566968925434], "world_orientation": [-1.5255698754223633e-05, 0.07957312541898053, 0.9968290312176502, -0.0007751070038334554, -0.9968287328316513, 0.07957308973753069, 0.9999996994881531, -0.0007714352206356811, 7.688500568719597e-05], "world_rotation": [0.0, 1.0, 0.0, 0.0]}, {"color": "CVBlue", "id_name": "object10416365256134", "shape": "CVCylinder", "id_string": "ob1213", "world_size": [0.09, 0.09, 0.09], "id": 1213, "camera_size": [37, 37], "camera_position": [256, 254], "world_position": [0.705, 0.6448569696296074, -0.15], "world_orientation": [1.0, -4.331917303826236e-17, -1.1712398707441946e-17, 4.331917303826236e-17, 1.0, -5.775889738434995e-17, 1.1712398707441946e-17, 5.775889738434995e-17, 1.0], "world_rotation": [-0.7896765794068324, 0.16013129347666225, -0.5922574345551229, -7.314247236221149e-17]}], "source": "action wait"}
{"timestamp": 1706069458.664953, "objects": [{"color": "cv_", "id_name": "hand", "shape": "CVCylinder", "id_string": "ob383", "world_size": [0.12, 0.005, 0.12], "id": 383, "camera_size": [51, 51], "camera_position": [246, 284], "world_position": [0.6343301185152569, 0.7441461509415883, -0.17406337581792045], "world_orientation": [-2.1899645294490475e-05, 0.055617439747063985, 0.9984521520415425, -0.0007712054603687522, -0.9984518563016204, 0.05561740635795975, 0.9999997023812274, -0.0007687937501002336, 6.475821472168102e-05], "world_rotation": [0.0, 1.0, 0.0, 0.0]}, {"color": "CVBlue", "id_name": "object10416365256134", "shape": "CVCylinder", "id_string": "ob1213", "world_size": [0.09, 0.09, 0.09], "id": 1213, "camera_size": [37, 37], "camera_position": [256, 254], "world_position": [0.705, 0.6448569696296074, -0.15], "world_orientation": [1.0, -4.331917303826236e-17, -1.1712398707441946e-17, 4.331917303826236e-17, 1.0, -5.775889738434995e-17, 1.1712398707441946e-17, 5.775889738434995e-17, 1.0], "world_rotation": [-0.7896765794068324, 0.16013129347666225, -0.5922574345551229, -7.314247236221149e-17]}], "source": "action wait"}
{"timestamp": 1706069458.700513, "objects": [{"color": "cv_", "id_name": "hand", "shape": "CVCylinder", "id_string": "ob383", "world_size": [0.12, 0.005, 0.12], "id": 383, "camera_size": [51, 50], "camera_position": [246, 274], "world_position": [0.6564871471697997, 0.7341665845466796, -0.17407126362397488], "world_orientation": [-2.3527703060638157e-05, 0.038712125136977575, 0.9992504044601764, -0.0007677148137819319, -0.999250110963825, 0.038712095690471286, 0.9999997050301626, -0.0007662285314897893, 5.322993183508209e-05], "world_rotation": [0.0, 1.0, 0.0, 0.0]}, {"color": "CVBlue", "id_name": "object10416365256134", "shape": "CVCylinder", "id_string": "ob1213", "world_size": [0.09, 0.09, 0.09], "id": 1213, "camera_size": [37, 37], "camera_position": [256, 254], "world_position": [0.705, 0.6448569696296074, -0.15], "world_orientation": [1.0, -4.331917303826236e-17, -1.1712398707441946e-17, 4.331917303826236e-17, 1.0, -5.775889738434995e-17, 1.1712398707441946e-17, 5.775889738434995e-17, 1.0], "world_rotation": [-0.7896765794068324, 0.16013129347666225, -0.5922574345551229, -7.314247236221149e-17]}], "source": "action wait"}
{"timestamp": 1706069458.733776, "objects": [{"color": "cv_", "id_name": "hand", "shape": "CVCylinder", "id_string": "ob383", "world_size": [0.12, 0.005, 0.12], "id": 383, "camera_size": [51, 51], "camera_position": [246, 268], "world_position": [0.6719821605096765, 0.7265655779076582, -0.17407837499722334], "world_orientation": [-2.2543699204714612e-05, 0.02679011286366286, 0.9996410802605774, -0.0007652222781079797, -0.9996407882992249, 0.02679008778204248, 0.9999997069632806, -0.0007643436770470534, 4.30359924408574e-05], "world_rotation": [0.0, 1.0, 0.0, 0.0]}, {"color": "CVBlue", "id_name": "object10416365256134", "shape": "CVCylinder", "id_string": "ob1213", "world_size": [0.09, 0.09, 0.09], "id": 1213, "camera_size": [37, 37], "camera_position": [256, 254], "world_position": [0.705, 0.6448569696296074, -0.15], "world_orientation": [1.0, -4.331917303826236e-17, -1.1712398707441946e-17, 4.331917303826236e-17, 1.0, -5.775889738434995e-17, 1.1712398707441946e-17, 5.775889738434995e-17, 1.0], "world_rotation": [-0.7896765794068324, 0.16013129347666225, -0.5922574345551229, -7.314247236221149e-17]}], "source": "action wait"}
{"timestamp": 1706069458.767026, "objects": [{"color": "cv_", "id_name": "hand", "shape": "CVCylinder", "id_string": "ob383", "world_size": [0.12, 0.005, 0.12], "id": 383, "camera_size": [51, 50], "camera_position": [246, 263], "world_position": [0.6828293814232539, 0.7209416503609962, -0.17408438273277077], "world_orientation": [-2.0380842879868167e-05, 0.018385139764887534, 0.9998309788261448, -0.0007636645566975365, -0.9998306877774127, 0.018385118846253257, 0.9999997082004906, -0.0007631607769995734, 3.441747176280788e-05], "world_rotation": [0.0, 1.0, 0.0, 0.0]}, {"color": "CVBlue", "id_name": "object10416365256134", "shape": "CVCylinder", "id_string": "ob1213", "world_size": [0.09, 0.09, 0.09], "id": 1213, "camera_size": [37, 37], "camera_position": [256, 254], "world_position": [0.705, 0.6448569696296074, -0.15], "world_orientation": [1.0, -4.331917303826236e-17, -1.1712398707441946e-17, 4.331917303826236e-17, 1.0, -5.775889738434995e-17, 1.1712398707441946e-17, 5.775889738434995e-17, 1.0], "world_rotation": [-0.7896765794068324, 0.16013129347666225, -0.5922574345551229, -7.314247236221149e-17]}], "source": "action wait"}
{"timestamp": 1706069458.799004, "objects": [{"color": "cv_", "id_name": "hand", "shape": "CVCylinder", "id_string": "ob383", "world_size": [0.12, 0.005, 0.12], "id": 383, "camera_size": [50, 51], "camera_position": [245, 260], "world_position": [0.6904323819037308, 0.7168550641749648, -0.17408926546559522], "world_orientation": [-1.7846895743169103e-05, 0.01246053586243925, 0.9999223643501076, -0.0007628023959750625, -0.9999220737677812, 0.012460518626635133, 0.9999997089069542, -0.0007625207937388295, 2.7350431613197684e-05], "world_rotation": [0.0, 1.0, 0.0, 0.0]}, {"color": "CVBlue", "id_name": "object10416365256134", "shape": "CVCylinder", "id_string": "ob1213", "world_size": [0.09, 0.09, 0.09], "id": 1213, "camera_size": [37, 37], "camera_position": [256, 254], "world_position": [0.705, 0.6448569696296074, -0.15], "world_orientation": [1.0, -4.331917303826236e-17, -1.1712398707441946e-17, 4.331917303826236e-17, 1.0, -5.775889738434995e-17, 1.1712398707441946e-17, 5.775889738434995e-17, 1.0], "world_rotation": [-0.7896765794068324, 0.16013129347666225, -0.5922574345551229, -7.314247236221149e-17]}], "source": "action wait"}
{"timestamp": 1706069458.827988, "objects": [{"color": "cv_", "id_name": "hand", "shape": "CVCylinder", "id_string": "ob383", "world_size": [0.12, 0.005, 0.12], "id": 383, "camera_size": [50, 50], "camera_position": [245, 257], "world_position": [0.6957676617578761, 0.7139199341405615, -0.17409313536910162], "world_orientation": [-1.5366986800160362e-05, 0.008284567112667634, 0.9999656822669525, -0.0007623986257395511, -0.9999653918661796, 0.00828455299056904, 0.9999997092560533, -0.0007622451533309341, 2.1682597559337004e-05], "world_rotation": [0.0, 1.0, 0.0, 0.0]}, {"color": "CVBlue", "id_name": "object10416365256134", "shape": "CVCylinder", "id_string": "ob1213", "world_size": [0.09, 0.09, 0.09], "id": 1213, "camera_size": [37, 37], "camera_position": [256, 254], "world_position": [0.705, 0.6448569696296074, -0.15], "world_orientation": [1.0, -4.331917303826236e-17, -1.1712398707441946e-17, 4.331917303826236e-17, 1.0, -5.775889738434995e-17, 1.1712398707441946e-17, 5.775889738434995e-17, 1.0], "world_rotation": [-0.7896765794068324, 0.16013129347666225, -0.5922574345551229, -7.314247236221149e-17]}], "source": "action wait"}
{"timestamp": 1706069458.858313, "objects": [{"color": "cv_", "id_name": "hand", "shape": "CVCylinder", "id_string": "ob383", "world_size": [0.12, 0.005, 0.12], "id": 383, "camera_size": [49, 50], "camera_position": [246, 256], "world_position": [0.6995153061865156, 0.7118278482390615, -0.17409614994743414], "world_orientation": [-1.3141297353257046e-05, 0.005341163735218529, 0.9999857357968963, -0.0007622702529845189, -0.9999854454128781, 0.005341152166845216, 0.9999997093856418, -0.0007621891901383512, 1.7212516319142745e-05], "world_rotation": [0.0, 1.0, 0.0, 0.0]}, {"color": "CVBlue", "id_name": "object10416365256134", "shape": "CVCylinder", "id_string": "ob1213", "world_size": [0.09, 0.09, 0.09], "id": 1213, "camera_size": [37, 37], "camera_position": [256, 254], "world_position": [0.705, 0.6448569696296074, -0.15], "world_orientation": [1.0, -4.331917303826236e-17, -1.1712398707441946e-17, 4.331917303826236e-17, 1.0, -5.775889738434995e-17, 1.1712398707441946e-17, 5.775889738434995e-17, 1.0], "world_rotation": [-0.7896765794068324, 0.16013129347666225, -0.5922574345551229, -7.314247236221149e-17]}], "source": "action wait"}
{"timestamp": 1706069458.890746, "objects": [{"color": "cv_", "id_name": "hand", "shape": "CVCylinder", "id_string": "ob383", "world_size": [0.12, 0.005, 0.12], "id": 383, "camera_size": [49, 50], "camera_position": [246, 255], "world_position": [0.7021498588361766, 0.7103441633644072, -0.17409846926891487], "world_orientation": [-1.1243010144393926e-05, 0.0032665042465406064, 0.9999946648975694, -0.0007622920899730193, -0.9999943744456598, 0.0032664947272701013, 0.99999970939214, -0.0007622512978336286, 1.3732977245596079e-05], "world_rotation": [0.0, 1.0, 0.0, 0.0]}, {"color": "CVBlue", "id_name": "object10416365256134", "shape": "CVCylinder", "id_string": "ob1213", "world_size": [0.09, 0.09, 0.09], "id": 1213, "camera_size": [37, 37], "camera_position": [256, 254], "world_position": [0.705, 0.6448569696296074, -0.15], "world_orientation": [1.0, -4.331917303826236e-17, -1.1712398707441946e-17, 4.331917303826236e-17, 1.0, -5.775889738434995e-17, 1.1712398707441946e-17, 5.775889738434995e-17, 1.0], "world_rotation": [-0.7896765794068324, 0.16013129347666225, -0.5922574345551229, -7.314247236221149e-17]}], "source": "action wait"}
{"timestamp": 1706069458.924936, "objects": [{"color": "cv_", "id_name": "hand", "shape": "CVCylinder", "id_string": "ob383", "world_size": [0.12, 0.005, 0.12], "id": 383, "camera_size": [49, 50], "camera_position": [246, 254], "world_position": [0.7040030931791468, 0.7092954454160092, -0.17410023729662988], "world_orientation": [-9.677291573202833e-06, 0.0018041482200411637, 0.9999983724764506, -0.0007623851991986629, -0.9999980819214211, 0.0018041403180004676, 0.9999997093375369, -0.0007623664992072835, 1.105272891188202e-05], "world_rotation": [0.0, 1.0, 0.0, 0.0]}, {"color": "CVBlue", "id_name": "object10416365256134", "shape": "CVCylinder", "id_string": "ob1213", "world_size": [0.09, 0.09, 0.09], "id": 1213, "camera_size": [37, 37], "camera_position": [256, 254], "world_position": [0.705, 0.6448569696296074, -0.15], "world_orientation": [1.0, -4.331917303826236e-17, -1.1712398707441946e-17, 4.331917303826236e-17, 1.0, -5.775889738434995e-17, 1.1712398707441946e-17, 5.775889738434995e-17, 1.0], "world_rotation": [-0.7896765794068324, 0.16013129347666225, -0.5922574345551229, -7.314247236221149e-17]}], "source": "action wait"}
{"timestamp": 1706069458.960471, "objects": [{"color": "cv_", "id_name": "hand", "shape": "CVCylinder", "id_string": "ob383", "world_size": [0.12, 0.005, 0.12], "id": 383, "camera_size": [49, 50], "camera_position": [246, 253], "world_position": [0.7053073692355372, 0.7085557860447811, -0.1741015755845631], "world_orientation": [-8.415999310947998e-06, 0.0007733569860319743, 0.9999997009240268, -0.0007625032673574439, -0.9999994102588325, 0.0007733503440154196, 0.999999709258927, -0.0007624965307954229, 9.005681576734384e-06], "world_rotation": [0.0, 1.0, 0.0, 0.0]}, {"color": "CVBlue", "id_name": "object10416365256134", "shape": "CVCylinder", "id_string": "ob1213", "world_size": [0.09, 0.09, 0.09], "id": 1213, "camera_size": [37, 37], "camera_position": [256, 254], "world_position": [0.705, 0.6448569696296074, -0.15], "world_orientation": [1.0, -4.331917303826236e-17, -1.1712398707441946e-17, 4.331917303826236e-17, 1.0, -5.775889738434995e-17, 1.1712398707441946e-17, 5.775889738434995e-17, 1.0], "world_rotation": [-0.7896765794068324, 0.16013129347666225, -0.5922574345551229, -7.314247236221149e-17]}], "source": "action wait"}
{"timestamp": 1706069458.996014, "objects": [{"color": "cv_", "id_name": "hand", "shape": "CVCylinder", "id_string": "ob383", "world_size": [0.12, 0.005, 0.12], "id": 383, "camera_size": [49, 50], "camera_position": [246, 253], "world_position": [0.7062256550611673, 0.7080348300631012, -0.1741025829684941], "world_orientation": [-7.4175370949374645e-06, 4.674886318141329e-05, 0.9999999988797621, -0.0007626212629486812, -0.9999997081118992, 4.67431928171878e-05, 0.9999997091768525, -0.0007626209153753657, 7.453186607291767e-06], "world_rotation": [0.0, 1.0, 0.0, 0.0]}, {"color": "CVBlue", "id_name": "object10416365256134", "shape": "CVCylinder", "id_string": "ob1213", "world_size": [0.09, 0.09, 0.09], "id": 1213, "camera_size": [37, 37], "camera_position": [256, 254], "world_position": [0.705, 0.6448569696296074, -0.15], "world_orientation": [1.0, -4.331917303826236e-17, -1.1712398707441946e-17, 4.331917303826236e-17, 1.0, -5.775889738434995e-17, 1.1712398707441946e-17, 5.775889738434995e-17, 1.0], "world_rotation": [-0.7896765794068324, 0.16013129347666225, -0.5922574345551229, -7.314247236221149e-17]}], "source": "action wait"}
{"timestamp": 1706069459.031513, "objects": [{"color": "cv_", "id_name": "hand", "shape": "CVCylinder", "id_string": "ob383", "world_size": [0.12, 0.005, 0.12], "id": 383, "camera_size": [49, 50], "camera_position": [246, 253], "world_position": [0.70687237998782, 0.7076682252251096, -0.1741033378676504], "world_orientation": [-6.6376733612251145e-06, -0.00046545351877808283, 0.9999998916544758, -0.0007627272082434912, -0.9999996007977409, -0.0004654584461320271, 0.9999997091015312, -0.0007627302151668957, 6.282656648870306e-06], "world_rotation": [0.0, 1.0, 0.0, 0.0]}, {"color": "CVBlue", "id_name": "object10416365256134", "shape": "CVCylinder", "id_string": "ob1213", "world_size": [0.09, 0.09, 0.09], "id": 1213, "camera_size": [37, 37], "camera_position": [256, 254], "world_position": [0.705, 0.6448569696296074, -0.15], "world_orientation": [1.0, -4.331917303826236e-17, -1.1712398707441946e-17, 4.331917303826236e-17, 1.0, -5.775889738434995e-17, 1.1712398707441946e-17, 5.775889738434995e-17, 1.0], "world_rotation": [-0.7896765794068324, 0.16013129347666225, -0.5922574345551229, -7.314247236221149e-17]}], "source": "action wait"}
{"timestamp": 1706069459.059785, "objects": [{"color": "cv_", "id_name": "hand", "shape": "CVCylinder", "id_string": "ob383", "world_size": [0.12, 0.005, 0.12], "id": 383, "camera_size": [49, 49], "camera_position": [246, 253], "world_position": [0.7073279628593403, 0.7074103670752413, -0.17410390146236185], "world_orientation": [-6.034984484140165e-06, -0.0008265258774515818, 0.9999996584092182, -0.0007628166654726719, -0.999999367479048, -0.0008265302405781116, 0.9999997090371147, -0.0007628213929990773, 5.404492953485521e-06], "world_rotation": [0.0, 1.0, 0.0, 0.0]}, {"color": "CVBlue", "id_name": "object10416365256134", "shape": "CVCylinder", "id_string": "ob1213", "world_size": [0.09, 0.09, 0.09], "id": 1213, "camera_size": [37, 37], "camera_position": [256, 254], "world_position": [0.705, 0.6448569696296074, -0.15], "world_orientation": [1.0, -4.331917303826236e-17, -1.1712398707441946e-17, 4.331917303826236e-17, 1.0, -5.775889738434995e-17, 1.1712398707441946e-17, 5.775889738434995e-17, 1.0], "world_rotation": [-0.7896765794068324, 0.16013129347666225, -0.5922574345551229, -7.314247236221149e-17]}], "source": "action wait"}
{"timestamp": 1706069459.089254, "objects": [{"color": "cv_", "id_name": "hand", "shape": "CVCylinder", "id_string": "ob383", "world_size": [0.12, 0.005, 0.12], "id": 383, "camera_size": [49, 50], "camera_position": [246, 252], "world_position": [0.7076489595047735, 0.7072290429414605, -0.1741043209087941], "world_orientation": [-5.573210021072544e-06, -0.001081066732160251, 0.9999994156316594, -0.0007628892474067206, -0.9999991246427189, -0.0010810706693257352, 0.9999997089844256, -0.000762894826632648, 4.748470957192264e-06], "world_rotation": [0.0, 1.0, 0.0, 0.0]}, {"color": "CVBlue", "id_name": "object10416365256134", "shape": "CVCylinder", "id_string": "ob1213", "world_size": [0.09, 0.09, 0.09], "id": 1213, "camera_size": [37, 37], "camera_position": [256, 254], "world_position": [0.705, 0.6448569696296074, -0.15], "world_orientation": [1.0, -4.331917303826236e-17, -1.1712398707441946e-17, 4.331917303826236e-17, 1.0, -5.775889738434995e-17, 1.1712398707441946e-17, 5.775889738434995e-17, 1.0], "world_rotation": [-0.7896765794068324, 0.16013129347666225, -0.5922574345551229, -7.314247236221149e-17]}], "source": "action wait"}
{"timestamp": 1706069460.183077, "objects": [{"color": "cv_", "id_name": "hand", "shape": "CVCylinder", "id_string": "ob383", "world_size": [0.12, 0.005, 0.12], "id": 383, "camera_size": [49, 50], "camera_position": [246, 252], "world_position": [0.7084155644475956, 0.706799232811418, -0.17410550414014067], "world_orientation": [-4.178475736120458e-06, -0.0016893772968110796, 0.9999985729924266, -0.000763119495748367, -0.9999982818204601, -0.0016893799935915458, 0.9999997088155453, -0.0007631254658047443, 2.889271806241375e-06], "world_rotation": [0.0, 1.0, 0.0, 0.0]}, {"color": "CVBlue", "id_name": "object10416365256134", "shape": "CVCylinder", "id_string": "ob1213", "world_size": [0.09, 0.09, 0.09], "id": 1213, "camera_size": [37, 37], "camera_position": [256, 254], "world_position": [0.705, 0.6448569696296074, -0.15], "world_orientation": [1.0, -4.331917303826236e-17, -1.1712398707441946e-17, 4.331917303826236e-17, 1.0, -5.775889738434995e-17, 1.1712398707441946e-17, 5.775889738434995e-17, 1.0], "world_rotation": [-0.7896765794068324, 0.16013129347666225, -0.5922574345551229, -7.314247236221149e-17]}], "source": "action wait"}
{"timestamp": 1706069460.209456, "objects": [{"color": "cv_", "id_name": "hand", "shape": "CVCylinder", "id_string": "ob383", "world_size": [0.12, 0.005, 0.12], "id": 383, "camera_size": [51, 51], "camera_position": [246, 251], "world_position": [0.7112328372390451, 0.7301834554109446, -0.1740976497881785], "world_orientation": [1.8820826644374466e-05, 0.03247350661861465, 0.9994725964295705, -0.0007431520417920731, -0.9994723201605096, 0.032473511636572056, 0.9999997236853716, -0.0007433712790852544, 5.321857474509549e-06], "world_rotation": [0.0, 1.0, 0.0, 0.0]}, {"color": "CVBlue", "id_name": "object10416365256134", "shape": "CVCylinder", "id_string": "ob1213", "world_size": [0.09, 0.09, 0.09], "id": 1213, "camera_size": [38, 39], "camera_position": [252, 252], "world_position": [0.710559225212886, 0.6743070001628315, -0.1586670032225224], "world_orientation": [0.999427241099702, -0.03384065215142699, -3.1311731408917543e-06, 0.03384065223362743, 0.9994272406016109, 3.1620443205650625e-05, 2.059323312650944e-06, -3.170829325671742e-05, 0.9999999994951717], "world_rotation": [0.0009356898353080745, 7.669022063417473e-05, -0.9999995593014739, -0.03384712944004416]}], "source": "action wait"}
{"timestamp": 1706069460.244566, "objects": [{"color": "cv_", "id_name": "hand", "shape": "CVCylinder", "id_string": "ob383", "world_size": [0.12, 0.005, 0.12], "id": 383, "camera_size": [53, 53], "camera_position": [245, 249], "world_position": [0.715110550258476, 0.786588662810625, -0.17410891499961215], "world_orientation": [8.122479902750225e-05, 0.11355032791502381, 0.9935322422714438, -0.000725400071191883, -0.9935319774574185, 0.11355035695359417, 0.999999733598599, -0.0007299314641985122, 1.669980757430552e-06], "world_rotation": [0.0, 1.0, 0.0, 0.0]}, {"color": "CVBlue", "id_name": "object10416365256134", "shape": "CVCylinder", "id_string": "ob1213", "world_size": [0.09, 0.09, 0.09], "id": 1213, "camera_size": [39, 44], "camera_position": [250, 247], "world_position": [0.7188751180672691, 0.7346578096672794, -0.1642320190852525], "world_orientation": [0.9933996037817445, -0.11470495712329226, -4.197222999446647e-06, 0.11470495718483487, 0.9933996023879856, 5.265565060619666e-05, -1.870344486298882e-06, -5.278954473351249e-05, 0.9999999986048829], "world_rotation": [0.0004596365615401344, 1.0142884514170876e-05, -0.999999894315671, -0.11495800358874007]}], "source": "action wait"}
{"timestamp": 1706069460.283403, "objects": [{"color": "cv_", "id_name": "hand", "shape": "CVCylinder", "id_string": "ob383", "world_size": [0.12, 0.005, 0.12], "id": 383, "camera_size": [56, 55], "camera_position": [244, 250], "world_position": [0.7133752112812461, 0.8567021610328623, -0.17411227500322465], "world_orientation": [0.00015625323083091522, 0.2126160020126548, 0.9771358202793932, -0.0007212332089493639, -0.9771355541050502, 0.2126160594274927, 0.999999727703756, -0.0007379647494518402, 6.651341173361828e-07], "world_rotation": [0.0, 1.0, 0.0, 0.0]}, {"color": "CVBlue", "id_name": "object10416365256134", "shape": "CVCylinder", "id_string": "ob1213", "world_size": [0.09, 0.09, 0.09], "id": 1213, "camera_size": [41, 49], "camera_position": [248, 246], "world_position": [0.7221436476864956, 0.8077660336625673, -0.16779033232430662], "world_orientation": [0.9769161889476541, -0.21362293817169828, -7.673478784039768e-06, 0.2136229382884179, 0.9769161877160631, 4.914607334657025e-05, -3.002382947671894e-06, -4.965082576021371e-05, 0.9999999987628906], "world_rotation": [0.00023124131068972715, 1.0933038722111726e-05, -0.9999999732039622, -0.21528201719403375]}], "source": "action wait"}
{"timestamp": 1706069460.313382, "objects": [{"color": "cv_", "id_name": "hand", "shape": "CVCylinder", "id_string": "ob383", "world_size": [0.12, 0.005, 0.12], "id": 383, "camera_size": [59, 57], "camera_position": [244, 254], "world_position": [0.7041999946640605, 0.9262475337526179, -0.17411320375281095], "world_orientation": [0.0002314373371492407, 0.3095516459697449, 0.9508826031189026, -0.0007096298107327577, -0.950882338325765, 0.30955173248692613, 0.9999997214311066, -0.0007464164703572813, -4.026003823707962e-07], "world_rotation": [0.0, 1.0, 0.0, 0.0]}, {"color": "CVBlue", "id_name": "object10416365256134", "shape": "CVCylinder", "id_string": "ob1213", "world_size": [0.09, 0.09, 0.09], "id": 1213, "camera_size": [44, 56], "camera_position": [246, 247], "world_position": [0.7177138525334387, 0.8799459495530981, -0.1700664490850961], "world_orientation": [0.9505892545074585, -0.31045139574143366, -9.856477042278033e-06, 0.31045139587069465, 0.9505892535247563, 4.341870718159155e-05, -4.109937091810742e-06, -4.433331354756942e-05, 0.9999999990088329], "world_rotation": [0.00014132972348405393, 9.255136183088746e-06, -0.9999999899701258, -0.3156678578588361]}], "source": "action wait"}
{"timestamp": 1706069460.353829, "objects": [{"color": "cv_", "id_name": "hand", "shape": "CVCylinder", "id_string": "ob383", "world_size": [0.12, 0.005, 0.12], "id": 383, "camera_size": [63, 58], "camera_position": [243, 262], "world_position": [0.6878416041948365, 0.9944502369852606, -0.1741136536739511], "world_orientation": [0.00030526887684439275, 0.4033598002470492, 0.9150414080005195, -0.0006875216155027772, -0.9150411497160452, 0.40335991575808133, 0.9999997170624305, -0.0007522439755281627, -2.0150025450034373e-06], "world_rotation": [0.0, 1.0, 0.0, 0.0]}, {"color": "CVBlue", "id_name": "object10416365256134", "shape": "CVCylinder", "id_string": "ob1213", "world_size": [0.09, 0.09, 0.09], "id": 1213, "camera_size": [47, 61], "camera_position": [245, 253], "world_position": [0.7058549529625598, 0.9507027585360754, -0.17152295313275565], "world_orientation": [0.9146811140727503, -0.4041762727258359, -1.1139264653745624e-05, 0.40417627283882007, 0.9146811132434278, 3.9368557334695295e-05, -5.722961771929308e-06, -4.051190235225215e-05, 0.9999999991630167], "world_rotation": [9.881883805949149e-05, 6.700421598184938e-06, -0.9999999950949706, -0.4160780912307334]}], "source": "action wait"}
{"timestamp": 1706069460.382635, "objects": [{"color": "cv_", "id_name": "hand", "shape": "CVCylinder", "id_string": "ob383", "world_size": [0.12, 0.005, 0.12], "id": 383, "camera_size": [67, 60], "camera_position": [243, 275], "world_position": [0.6645631906504987, 1.0606231307220255, -0.17411407693230424], "world_orientation": [0.0003764395823626519, 0.49309728301789785, 0.8699740960359728, -0.0006561999225609022, -0.8699738485671011, 0.49309742669274653, 0.9999997138474104, -0.0007564983238172641, -3.922193289215675e-06], "world_rotation": [0.0, 1.0, 0.0, 0.0]}, {"color": "CVBlue", "id_name": "object10416365256134", "shape": "CVCylinder", "id_string": "ob1213", "world_size": [0.09, 0.09, 0.09], "id": 1213, "camera_size": [50, 68], "camera_position": [243, 263], "world_position": [0.6868242446861226, 1.0195205565035588, -0.17245522051878767], "world_orientation": [0.8695508027040854, -0.4938434988684485, -1.1918472013331051e-05, 0.4938434989535693, 0.8695508019753806, 3.6404242705444446e-05, -7.614281693799734e-06, -3.754119838759715e-05, 0.9999999992663408], "world_rotation": [7.486728189007538e-05, 4.357848505568091e-06, -0.9999999971879495, -0.5165043318534867]}], "source": "action wait"}
{"timestamp": 1706069460.411321, "objects": [{"color": "cv_", "id_name": "hand", "shape": "CVCylinder", "id_string": "ob383", "world_size": [0.12, 0.005, 0.12], "id": 383, "camera_size": [71, 60], "camera_position": [242, 290], "world_position": [0.6410176426686692, 1.1105491548957702, -0.17411360368248896], "world_orientation": [0.0004370765259807594, 0.5600910422885759, 0.8284309466166793, -0.0006354856296149914, -0.8284307029004542, 0.5600912127947324, 0.9999997025610183, -0.0007712586832240046, -6.157804988540462e-06], "world_rotation": [0.0, 1.0, 0.0, 0.0]}, {"color": "CVBlue", "id_name": "object10416365256134", "shape": "CVCylinder", "id_string": "ob1213", "world_size": [0.09, 0.09, 0.09], "id": 1213, "camera_size": [52, 72], "camera_position": [242, 275], "world_position": [0.6663806789291278, 1.0718445484728052, -0.1730516358089379], "world_orientation": [0.8279626009446337, -0.5607833194834703, -5.1085862913728716e-06, 0.5607833194208383, 0.8279626006240015, 2.504568644766887e-05, -9.815484793548713e-06, -2.3601701671679547e-05, 0.999999999673308], "world_rotation": [-4.3374496339052834e-05, 4.196717639805195e-06, 0.9999999990505204, 0.5953315785800073]}], "source": "action wait"}
{"timestamp": 1706069460.441562, "objects": [{"color": "cv_", "id_name": "hand", "shape": "CVCylinder", "id_string": "ob383", "world_size": [0.12, 0.005, 0.12], "id": 383, "camera_size": [73, 61], "camera_position": [241, 303], "world_position": [0.6216960498989037, 1.1443144431780807, -0.1741147064885973], "world_orientation": [0.0004789402104658107, 0.6052837157403934, 0.7960096695868573, -0.0006136309460591724, -0.7960094331283231, 0.6052839051451708, 0.9999996970366226, -0.0007783509675426951, -9.820106310743165e-06], "world_rotation": [0.0, 1.0, 0.0, 0.0]}, {"color": "CVBlue", "id_name": "object10416365256134", "shape": "CVCylinder", "id_string": "ob1213", "world_size": [0.09, 0.09, 0.09], "id": 1213, "camera_size": [54, 76], "camera_position": [241, 286], "world_position": [0.6490980773067625, 1.1074996548856582, -0.17343461851553926], "world_orientation": [0.7955121472320252, -0.6059376400308445, 3.789196050069564e-07, 0.6059376398816844, 0.7955121470497682, 2.169981833272079e-05, -1.3450171858165228e-05, -1.703286742524476e-05, 0.9999999997644872], "world_rotation": [-3.1960950419301066e-05, 1.1411315738866064e-05, 0.9999999994241398, 0.6509440015419269]}], "source": "action wait"}
{"timestamp": 1706069460.472496, "objects": [{"color": "cv_", "id_name": "hand", "shape": "CVCylinder", "id_string": "ob383", "world_size": [0.12, 0.005, 0.12], "id": 383, "camera_size": [75, 61], "camera_position": [241, 313], "world_position": [0.6068129865156648, 1.1673268854537828, -0.1741163692584178], "world_orientation": [0.0005068796957880719, 0.6360416716397098, 0.7716545438282196, -0.0005938566468905531, -0.7716543154321578, 0.6360418734715593, 0.9999996952035821, -0.0007806488912894752, -1.3418330256671693e-05], "world_rotation": [0.0, 1.0, 0.0, 0.0]}, {"color": "CVBlue", "id_name": "object10416365256134", "shape": "CVCylinder", "id_string": "ob1213", "world_size": [0.09, 0.09, 0.09], "id": 1213, "camera_size": [56, 78], "camera_position": [241, 295], "world_position": [0.6355737040416973, 1.131927136681073, -0.17368057198557432], "world_orientation": [0.7711375322305186, -0.6366686001154048, 3.537891954305845e-06, 0.6366685998974945, 0.7711375320914031, 2.246206294949326e-05, -1.7029091444207413e-05, -1.5068875074542286e-05, 0.9999999997414697], "world_rotation": [-2.9474469137049682e-05, 1.6152032145678565e-05, 0.9999999994351837, 0.6901704091618684]}], "source": "action wait"}
{"timestamp": 1706069460.50675, "objects": [{"color": "cv_", "id_name": "hand", "shape": "CVCylinder", "id_string": "ob383", "world_size": [0.12, 0.005, 0.12], "id": 383, "camera_size": [76, 62], "camera_position": [240, 320], "world_position": [0.5957364408083423, 1.1831375761424814, -0.1741179695232304], "world_orientation": [0.0005252438838194621, 0.6571493313438872, 0.7537602274152866, -0.0005775789478356714, -0.753760006303796, 0.6571495410478961, 0.9999996952606645, -0.0007805198162611079, -1.6352213809755577e-05], "world_rotation": [0.0, 1.0, 0.0, 0.0]}, {"color": "CVBlue", "id_name": "object10416365256134", "shape": "CVCylinder", "id_string": "ob1213", "world_size": [0.09, 0.09, 0.09], "id": 1213, "camera_size": [57, 80], "camera_position": [241, 302], "world_position": [0.6254152134648302, 1.1487677172100041, -0.17383843952682176], "world_orientation": [0.7532298894773356, -0.6577573515925497, 4.890401650783719e-06, 0.6577573513081748, 0.7532298893355549, 2.473058972827941e-05, -1.9950323897221215e-05, -1.54111217310886e-05, 0.999999999682241], "world_rotation": [-3.051407281500572e-05, 1.8882894639822344e-05, 0.9999999993561638, 0.7178375003972356]}], "source": "action wait"}
{"timestamp": 1706069460.540954, "objects": [{"color": "cv_", "id_name": "hand", "shape": "CVCylinder", "id_string": "ob383", "world_size": [0.12, 0.005, 0.12], "id": 383, "camera_size": [77, 62], "camera_position": [241, 326], "world_position": [0.5876594416038562, 1.194075706464435, -0.17411928588648065], "world_orientation": [0.0005372502870270401, 0.6717346579925549, 0.7407916445355971, -0.0005648023355633861, -0.740791429457563, 0.6717348725803524, 0.9999996961801794, -0.0007792906040994507, -1.8593104389660114e-05], "world_rotation": [0.0, 1.0, 0.0, 0.0]}, {"color": "CVBlue", "id_name": "object10416365256134", "shape": "CVCylinder", "id_string": "ob1213", "world_size": [0.09, 0.09, 0.09], "id": 1213, "camera_size": [57, 82], "camera_position": [241, 307], "world_position": [0.6179661277233166, 1.1604429207217366, -0.17393971094529034], "world_orientation": [0.7402520430700614, -0.6723294673775354, 5.141937614635773e-06, 0.6723294670312321, 0.7402520428978163, 2.7333296304772572e-05, -2.2183310369947348e-05, -1.6776452257491344e-05, 0.9999999996132258], "world_rotation": [-3.280367043321508e-05, 2.032132257854189e-05, 0.9999999992554814, 0.7373511658982816]}], "source": "action wait"}
