{"timestamp": 1706200806.292731, "objects": [{"color": "cv_", "id_name": "hand", "shape": "CVCylinder", "id_string": "ob382", "world_size": [0.12, 0.005, 0.12], "id": 382, "camera_size": [48, 50], "camera_position": [246, 426], "world_position": [0.26764451554001234, 0.633470301384984, -0.17389260400847467], "world_orientation": [-0.0006415488232149059, 0.19791547486692002, 0.9802188802626223, -0.0007473670550771047, -0.9802189031248653, 0.1979149903346667, 0.9999995149286786, -0.0006056111687273406, 0.0007767737893986696], "world_rotation": [0.0, 1.0, 0.0, 0.0]}, {"color": "CVRed", "id_name": "object273591615172731", "shape": "CVSphere", "id_string": "ob463", "world_size": [0.11, 0.11, 0.11], "id": 463, "camera_size": [45, 45], "camera_position": [256, 254], "world_position": [0.705, 0.6547388572526824, -0.15], "world_orientation": [1.0, -3.838362879530641e-17, 1.4813540171849057e-17, 3.838362879530641e-17, 1.0, 5.294293626938881e-18, -1.4813540171849057e-17, -5.294293626938881e-18, 1.0], "world_rotation": [-0.1276280613210114, 0.35710588544125776, 0.925303444577321, 4.1482206750932463e-17]}], "source": "action wait"}
{"timestamp": 1706200806.323046, "objects": [{"color": "cv_", "id_name": "hand", "shape": "CVCylinder", "id_string": "ob382", "world_size": [0.12, 0.005, 0.12], "id": 382, "camera_size": [49, 51], "camera_position": [246, 421], "world_position": [0.29051772919132707, 0.6671967440061813, -0.17395638323208037], "world_orientation": [-0.0003870878491221332, 0.19275850706556852, 0.9812461506252395, -0.0007166151150589144, -0.9812460256553077, 0.19275819982153944, 0.9999996683128319, -0.0006285614661621316, 0.0005179620732503586], "world_rotation": [0.0, 1.0, 0.0, 0.0]}, {"color": "CVRed", "id_name": "object273591615172731", "shape": "CVSphere", "id_string": "ob463", "world_size": [0.11, 0.11, 0.11], "id": 463, "camera_size": [45, 45], "camera_position": [256, 254], "world_position": [0.705, 0.6547388572526824, -0.15], "world_orientation": [1.0, -3.838362879530641e-17, 1.4813540171849057e-17, 3.838362879530641e-17, 1.0, 5.294293626938881e-18, -1.4813540171849057e-17, -5.294293626938881e-18, 1.0], "world_rotation": [-0.1276280613210114, 0.35710588544125776, 0.925303444577321, 4.1482206750932463e-17]}], "source": "action wait"}
{"timestamp": 1706200806.355796, "objects": [{"color": "cv_", "id_name": "hand", "shape": "CVCylinder", "id_string": "ob382", "world_size": [0.12, 0.005, 0.12], "id": 382, "camera_size": [51, 52], "camera_position": [246, 406], "world_position": [0.33614796985199774, 0.7046336060234955, -0.17398427468041006], "world_orientation": [-0.00023075807111312368, 0.1770169917188863, 0.9842077684074173, -0.0007334346986172957, -0.984207559855259, 0.17701678224761583, 0.9999997044120841, -0.000681004076772876, 0.00035694424205905844], "world_rotation": [0.0, 1.0, 0.0, 0.0]}, {"color": "CVRed", "id_name": "object273591615172731", "shape": "CVSphere", "id_string": "ob463", "world_size": [0.11, 0.11, 0.11], "id": 463, "camera_size": [45, 45], "camera_position": [256, 254], "world_position": [0.705, 0.6547388572526824, -0.15], "world_orientation": [1.0, -3.838362879530641e-17, 1.4813540171849057e-17, 3.838362879530641e-17, 1.0, 5.294293626938881e-18, -1.4813540171849057e-17, -5.294293626938881e-18, 1.0], "world_rotation": [-0.1276280613210114, 0.35710588544125776, 0.925303444577321, 4.1482206750932463e-17]}], "source": "action wait"}
{"timestamp": 1706200806.388304, "objects": [{"color": "cv_", "id_name": "hand", "shape": "CVCylinder", "id_string": "ob382", "world_size": [0.12, 0.005, 0.12], "id": 382, "camera_size": [51, 53], "camera_position": [246, 389], "world_position": [0.3864134305545659, 0.7374401467605692, -0.17400476673541046], "world_orientation": [-0.00012958696374049588, 0.16581696145978841, 0.9861565385370934, -0.000744849179507716, -0.9861562892623408, 0.1658168216678589, 0.9999997142034185, -0.0007130501901387826, 0.00025130162699130664], "world_rotation": [0.0, 1.0, 0.0, 0.0]}, {"color": "CVRed", "id_name": "object273591615172731", "shape": "CVSphere", "id_string": "ob463", "world_size": [0.11, 0.11, 0.11], "id": 463, "camera_size": [45, 45], "camera_position": [256, 254], "world_position": [0.705, 0.6547388572526824, -0.15], "world_orientation": [1.0, -3.838362879530641e-17, 1.4813540171849057e-17, 3.838362879530641e-17, 1.0, 5.294293626938881e-18, -1.4813540171849057e-17, -5.294293626938881e-18, 1.0], "world_rotation": [-0.1276280613210114, 0.35710588544125776, 0.925303444577321, 4.1482206750932463e-17]}], "source": "action wait"}
{"timestamp": 1706200806.418685, "objects": [{"color": "cv_", "id_name": "hand", "shape": "CVCylinder", "id_string": "ob382", "world_size": [0.12, 0.005, 0.12], "id": 382, "camera_size": [52, 53], "camera_position": [245, 368], "world_position": [0.4403145309700207, 0.7651335778561076, -0.17402322051495042], "world_orientation": [-5.838697143993463e-05, 0.15790148510671323, 0.9874548686355523, -0.0007523049266222537, -0.9874545978231263, 0.15790139731891356, 0.999999715314089, -0.0007336477781163785, 0.00017644454856849891], "world_rotation": [0.0, 1.0, 0.0, 0.0]}, {"color": "CVRed", "id_name": "object273591615172731", "shape": "CVSphere", "id_string": "ob463", "world_size": [0.11, 0.11, 0.11], "id": 463, "camera_size": [45, 45], "camera_position": [256, 254], "world_position": [0.705, 0.6547388572526824, -0.15], "world_orientation": [1.0, -3.838362879530641e-17, 1.4813540171849057e-17, 3.838362879530641e-17, 1.0, 5.294293626938881e-18, -1.4813540171849057e-17, -5.294293626938881e-18, 1.0], "world_rotation": [-0.1276280613210114, 0.35710588544125776, 0.925303444577321, 4.1482206750932463e-17]}], "source": "action wait"}
{"timestamp": 1706200806.448774, "objects": [{"color": "cv_", "id_name": "hand", "shape": "CVCylinder", "id_string": "ob382", "world_size": [0.12, 0.005, 0.12], "id": 382, "camera_size": [52, 54], "camera_position": [245, 344], "world_position": [0.49729728525975986, 0.7820489452940901, -0.17403858894322702], "world_orientation": [-1.3233394800993325e-05, 0.14465169732075295, 0.9894826356672979, -0.0007641038794029429, -0.9894823483595062, 0.14465164510028353, 0.9999997079850267, -0.0007541532881873257, 0.00012362313364987595], "world_rotation": [0.0, 1.0, 0.0, 0.0]}, {"color": "CVRed", "id_name": "object273591615172731", "shape": "CVSphere", "id_string": "ob463", "world_size": [0.11, 0.11, 0.11], "id": 463, "camera_size": [45, 45], "camera_position": [256, 254], "world_position": [0.705, 0.6547388572526824, -0.15], "world_orientation": [1.0, -3.838362879530641e-17, 1.4813540171849057e-17, 3.838362879530641e-17, 1.0, 5.294293626938881e-18, -1.4813540171849057e-17, -5.294293626938881e-18, 1.0], "world_rotation": [-0.1276280613210114, 0.35710588544125776, 0.925303444577321, 4.1482206750932463e-17]}], "source": "action wait"}
{"timestamp": 1706200806.485636, "objects": [{"color": "cv_", "id_name": "hand", "shape": "CVCylinder", "id_string": "ob382", "world_size": [0.12, 0.005, 0.12], "id": 382, "camera_size": [52, 53], "camera_position": [245, 319], "world_position": [0.5559545068719399, 0.7751439777725728, -0.17405040852589926], "world_orientation": [-5.00524834739923e-06, 0.10744352662334977, 0.9942111891151121, -0.000777097332091503, -0.9942108893531716, 0.1074434903161294, 0.9999996980472965, -0.0007720610812448518, 8.847035030081007e-05], "world_rotation": [0.0, 1.0, 0.0, 0.0]}, {"color": "CVRed", "id_name": "object273591615172731", "shape": "CVSphere", "id_string": "ob463", "world_size": [0.11, 0.11, 0.11], "id": 463, "camera_size": [45, 45], "camera_position": [256, 254], "world_position": [0.705, 0.6547388572526824, -0.15], "world_orientation": [1.0, -3.838362879530641e-17, 1.4813540171849057e-17, 3.838362879530641e-17, 1.0, 5.294293626938881e-18, -1.4813540171849057e-17, -5.294293626938881e-18, 1.0], "world_rotation": [-0.1276280613210114, 0.35710588544125776, 0.925303444577321, 4.1482206750932463e-17]}], "source": "action wait"}
{"timestamp": 1706200806.519122, "objects": [{"color": "cv_", "id_name": "hand", "shape": "CVCylinder", "id_string": "ob382", "world_size": [0.12, 0.005, 0.12], "id": 382, "camera_size": [52, 52], "camera_position": [245, 298], "world_position": [0.6014435494748223, 0.7626032047247306, -0.17405595263243356], "world_orientation": [-1.8483885833248858e-05, 0.07530828136084164, 0.9971602992582598, -0.000775426072184951, -0.9971600007188806, 0.07530824444062509, 0.999999699186331, -0.0007718321052003892, 7.682739642979728e-05], "world_rotation": [0.0, 1.0, 0.0, 0.0]}, {"color": "CVRed", "id_name": "object273591615172731", "shape": "CVSphere", "id_string": "ob463", "world_size": [0.11, 0.11, 0.11], "id": 463, "camera_size": [45, 45], "camera_position": [256, 254], "world_position": [0.705, 0.6547388572526824, -0.15], "world_orientation": [1.0, -3.838362879530641e-17, 1.4813540171849057e-17, 3.838362879530641e-17, 1.0, 5.294293626938881e-18, -1.4813540171849057e-17, -5.294293626938881e-18, 1.0], "world_rotation": [-0.1276280613210114, 0.35710588544125776, 0.925303444577321, 4.1482206750932463e-17]}], "source": "action wait"}
{"timestamp": 1706200806.550611, "objects": [{"color": "cv_", "id_name": "hand", "shape": "CVCylinder", "id_string": "ob382", "world_size": [0.12, 0.005, 0.12], "id": 382, "camera_size": [52, 52], "camera_position": [245, 284], "world_position": [0.6334155217867209, 0.7512862689172006, -0.1740635978856676], "world_orientation": [-2.420773641393208e-05, 0.05260420268594223, 0.9986154401338694, -0.0007716074833745811, -0.9986151441321277, 0.05260416838864975, 0.9999997020178942, -0.0007692657187784087, 6.476400863792058e-05], "world_rotation": [0.0, 1.0, 0.0, 0.0]}, {"color": "CVRed", "id_name": "object273591615172731", "shape": "CVSphere", "id_string": "ob463", "world_size": [0.11, 0.11, 0.11], "id": 463, "camera_size": [45, 45], "camera_position": [256, 254], "world_position": [0.705, 0.6547388572526824, -0.15], "world_orientation": [1.0, -3.838362879530641e-17, 1.4813540171849057e-17, 3.838362879530641e-17, 1.0, 5.294293626938881e-18, -1.4813540171849057e-17, -5.294293626938881e-18, 1.0], "world_rotation": [-0.1276280613210114, 0.35710588544125776, 0.925303444577321, 4.1482206750932463e-17]}], "source": "action wait"}
{"timestamp": 1706200806.586346, "objects": [{"color": "cv_", "id_name": "hand", "shape": "CVCylinder", "id_string": "ob382", "world_size": [0.12, 0.005, 0.12], "id": 382, "camera_size": [51, 51], "camera_position": [246, 275], "world_position": [0.6558095284025066, 0.742109547463937, -0.17407146371590573], "world_orientation": [-2.5187354008587406e-05, 0.0365847673617967, 0.9993305530016985, -0.0007681169230482107, -0.9993302592221276, 0.03658473724694666, 0.9999997046809512, -0.0007666812367517323, 5.32718639472764e-05], "world_rotation": [0.0, 1.0, 0.0, 0.0]}, {"color": "CVRed", "id_name": "object273591615172731", "shape": "CVSphere", "id_string": "ob463", "world_size": [0.11, 0.11, 0.11], "id": 463, "camera_size": [45, 45], "camera_position": [256, 254], "world_position": [0.705, 0.6547388572526824, -0.15], "world_orientation": [1.0, -3.838362879530641e-17, 1.4813540171849057e-17, 3.838362879530641e-17, 1.0, 5.294293626938881e-18, -1.4813540171849057e-17, -5.294293626938881e-18, 1.0], "world_rotation": [-0.1276280613210114, 0.35710588544125776, 0.925303444577321, 4.1482206750932463e-17]}], "source": "action wait"}
{"timestamp": 1706200806.619596, "objects": [{"color": "cv_", "id_name": "hand", "shape": "CVCylinder", "id_string": "ob382", "world_size": [0.12, 0.005, 0.12], "id": 382, "camera_size": [51, 51], "camera_position": [246, 268], "world_position": [0.6714883781815487, 0.735067975834238, -0.17407857422360282], "world_orientation": [-2.3741365264100364e-05, 0.02528872289913065, 0.9996801888256457, -0.0007655833530703995, -0.9996798966017747, 0.02528869732498956, 0.9999997066591956, -0.0007647381227592958, 4.309439084475882e-05], "world_rotation": [0.0, 1.0, 0.0, 0.0]}, {"color": "CVRed", "id_name": "object273591615172731", "shape": "CVSphere", "id_string": "ob463", "world_size": [0.11, 0.11, 0.11], "id": 463, "camera_size": [45, 45], "camera_position": [256, 254], "world_position": [0.705, 0.6547388572526824, -0.15], "world_orientation": [1.0, -3.838362879530641e-17, 1.4813540171849057e-17, 3.838362879530641e-17, 1.0, 5.294293626938881e-18, -1.4813540171849057e-17, -5.294293626938881e-18, 1.0], "world_rotation": [-0.1276280613210114, 0.35710588544125776, 0.925303444577321, 4.1482206750932463e-17]}], "source": "action wait"}
{"timestamp": 1706200806.656718, "objects": [{"color": "cv_", "id_name": "hand", "shape": "CVCylinder", "id_string": "ob382", "world_size": [0.12, 0.005, 0.12], "id": 382, "camera_size": [51, 50], "camera_position": [246, 263], "world_position": [0.6824730907536779, 0.7298350792233197, -0.17408459076980734], "world_orientation": [-2.1259000081679005e-05, 0.01732570333409175, 0.9998498985107884, -0.0007639693810643816, -0.9998496072372707, 0.017325682043152636, 0.9999997079493772, -0.000763486381446958, 3.4492109734945564e-05], "world_rotation": [0.0, 1.0, 0.0, 0.0]}, {"color": "CVRed", "id_name": "object273591615172731", "shape": "CVSphere", "id_string": "ob463", "world_size": [0.11, 0.11, 0.11], "id": 463, "camera_size": [45, 45], "camera_position": [256, 254], "world_position": [0.705, 0.6547388572526824, -0.15], "world_orientation": [1.0, -3.838362879530641e-17, 1.4813540171849057e-17, 3.838362879530641e-17, 1.0, 5.294293626938881e-18, -1.4813540171849057e-17, -5.294293626938881e-18, 1.0], "world_rotation": [-0.1276280613210114, 0.35710588544125776, 0.925303444577321, 4.1482206750932463e-17]}], "source": "action wait"}
{"timestamp": 1706200806.688543, "objects": [{"color": "cv_", "id_name": "hand", "shape": "CVCylinder", "id_string": "ob382", "world_size": [0.12, 0.005, 0.12], "id": 382, "camera_size": [51, 51], "camera_position": [246, 260], "world_position": [0.6901766936500143, 0.7260224848491481, -0.17408948561165316], "world_orientation": [-1.848416850305444e-05, 0.011713011257184134, 0.9999314001598434, -0.0007630493006705591, -0.9999311093936789, 0.011712993745904, 0.9999997087070078, -0.0007627804506607875, 2.7420500166388658e-05], "world_rotation": [0.0, 1.0, 0.0, 0.0]}, {"color": "CVRed", "id_name": "object273591615172731", "shape": "CVSphere", "id_string": "ob463", "world_size": [0.11, 0.11, 0.11], "id": 463, "camera_size": [45, 45], "camera_position": [256, 254], "world_position": [0.705, 0.6547388572526824, -0.15], "world_orientation": [1.0, -3.838362879530641e-17, 1.4813540171849057e-17, 3.838362879530641e-17, 1.0, 5.294293626938881e-18, -1.4813540171849057e-17, -5.294293626938881e-18, 1.0], "world_rotation": [-0.1276280613210114, 0.35710588544125776, 0.925303444577321, 4.1482206750932463e-17]}], "source": "action wait"}
{"timestamp": 1706200806.712055, "objects": [{"color": "cv_", "id_name": "hand", "shape": "CVCylinder", "id_string": "ob382", "world_size": [0.12, 0.005, 0.12], "id": 382, "camera_size": [51, 51], "camera_position": [246, 258], "world_position": [0.6955845770482212, 0.7232796969880277, -0.17409336773598633], "world_orientation": [-1.5830788882940132e-05, 0.007757135803129225, 0.9999699128441406, -0.0007625931191104817, -0.9999696222976648, 0.007757121476439416, 0.9999997091005183, -0.0007624473735003957, 2.1745846367786483e-05], "world_rotation": [0.0, 1.0, 0.0, 0.0]}, {"color": "CVRed", "id_name": "object273591615172731", "shape": "CVSphere", "id_string": "ob463", "world_size": [0.11, 0.11, 0.11], "id": 463, "camera_size": [45, 45], "camera_position": [256, 254], "world_position": [0.705, 0.6547388572526824, -0.15], "world_orientation": [1.0, -3.838362879530641e-17, 1.4813540171849057e-17, 3.838362879530641e-17, 1.0, 5.294293626938881e-18, -1.4813540171849057e-17, -5.294293626938881e-18, 1.0], "world_rotation": [-0.1276280613210114, 0.35710588544125776, 0.925303444577321, 4.1482206750932463e-17]}], "source": "action wait"}
{"timestamp": 1706200806.743989, "objects": [{"color": "cv_", "id_name": "hand", "shape": "CVCylinder", "id_string": "ob382", "world_size": [0.12, 0.005, 0.12], "id": 382, "camera_size": [51, 50], "camera_position": [246, 256], "world_position": [0.6993841535823067, 0.721322822469989, -0.1740963932508074], "world_orientation": [-1.3486175257302188e-05, 0.004969022790879024, 0.9999876542391045, -0.0007624204223595252, -0.9999873637422296, 0.0049690110651135965, 0.9999997092665691, -0.0007623439967455819, 1.727448929781717e-05], "world_rotation": [0.0, 1.0, 0.0, 0.0]}, {"color": "CVRed", "id_name": "object273591615172731", "shape": "CVSphere", "id_string": "ob463", "world_size": [0.11, 0.11, 0.11], "id": 463, "camera_size": [45, 45], "camera_position": [256, 254], "world_position": [0.705, 0.6547388572526824, -0.15], "world_orientation": [1.0, -3.838362879530641e-17, 1.4813540171849057e-17, 3.838362879530641e-17, 1.0, 5.294293626938881e-18, -1.4813540171849057e-17, -5.294293626938881e-18, 1.0], "world_rotation": [-0.1276280613210114, 0.35710588544125776, 0.925303444577321, 4.1482206750932463e-17]}], "source": "action wait"}
{"timestamp": 1706200806.78102, "objects": [{"color": "cv_", "id_name": "hand", "shape": "CVCylinder", "id_string": "ob382", "world_size": [0.12, 0.005, 0.12], "id": 382, "camera_size": [51, 50], "camera_position": [246, 255], "world_position": [0.7020556354552819, 0.7199342839182095, -0.17409872176511162], "world_orientation": [-1.1501621386878136e-05, 0.0030039266814635476, 0.9999954881359241, -0.0007624062646737356, -0.9999951975980215, 0.0030039170397576642, 0.9999997093021579, -0.0007623682748841942, 1.37917786724025e-05], "world_rotation": [0.0, 1.0, 0.0, 0.0]}, {"color": "CVRed", "id_name": "object273591615172731", "shape": "CVSphere", "id_string": "ob463", "world_size": [0.11, 0.11, 0.11], "id": 463, "camera_size": [45, 45], "camera_position": [256, 254], "world_position": [0.705, 0.6547388572526824, -0.15], "world_orientation": [1.0, -3.838362879530641e-17, 1.4813540171849057e-17, 3.838362879530641e-17, 1.0, 5.294293626938881e-18, -1.4813540171849057e-17, -5.294293626938881e-18, 1.0], "world_rotation": [-0.1276280613210114, 0.35710588544125776, 0.925303444577321, 4.1482206750932463e-17]}], "source": "action wait"}
{"timestamp": 1706200806.818915, "objects": [{"color": "cv_", "id_name": "hand", "shape": "CVCylinder", "id_string": "ob382", "world_size": [0.12, 0.005, 0.12], "id": 382, "camera_size": [51, 50], "camera_position": [246, 254], "world_position": [0.7039350289340914, 0.7189525682114646, -0.17410049723697069], "world_orientation": [-9.872878116523881e-06, 0.0016188705889397539, 0.9999986895794127, -0.0007624709812769191, -0.9999983989596761, 0.0016188625906707935, 0.9999997092702224, -0.0007624539992865586, 1.110720415652249e-05], "world_rotation": [0.0, 1.0, 0.0, 0.0]}, {"color": "CVRed", "id_name": "object273591615172731", "shape": "CVSphere", "id_string": "ob463", "world_size": [0.11, 0.11, 0.11], "id": 463, "camera_size": [45, 45], "camera_position": [256, 254], "world_position": [0.705, 0.6547388572526824, -0.15], "world_orientation": [1.0, -3.838362879530641e-17, 1.4813540171849057e-17, 3.838362879530641e-17, 1.0, 5.294293626938881e-18, -1.4813540171849057e-17, -5.294293626938881e-18, 1.0], "world_rotation": [-0.1276280613210114, 0.35710588544125776, 0.925303444577321, 4.1482206750932463e-17]}], "source": "action wait"}
{"timestamp": 1706200806.853679, "objects": [{"color": "cv_", "id_name": "hand", "shape": "CVCylinder", "id_string": "ob382", "world_size": [0.12, 0.005, 0.12], "id": 382, "camera_size": [51, 50], "camera_position": [246, 253], "world_position": [0.7052577878375006, 0.7182601168709857, -0.17410184140884344], "world_orientation": [-8.565135586020698e-06, 0.0006426161967148902, 0.9999997934855098, -0.000762567116967773, -0.9999995027721016, 0.0006426094784060066, 0.9999997092089731, -0.0007625614554496511, 9.055169308006888e-06], "world_rotation": [0.0, 1.0, 0.0, 0.0]}, {"color": "CVRed", "id_name": "object273591615172731", "shape": "CVSphere", "id_string": "ob463", "world_size": [0.11, 0.11, 0.11], "id": 463, "camera_size": [45, 45], "camera_position": [256, 254], "world_position": [0.705, 0.6547388572526824, -0.15], "world_orientation": [1.0, -3.838362879530641e-17, 1.4813540171849057e-17, 3.838362879530641e-17, 1.0, 5.294293626938881e-18, -1.4813540171849057e-17, -5.294293626938881e-18, 1.0], "world_rotation": [-0.1276280613210114, 0.35710588544125776, 0.925303444577321, 4.1482206750932463e-17]}], "source": "action wait"}
{"timestamp": 1706200806.88629, "objects": [{"color": "cv_", "id_name": "hand", "shape": "CVCylinder", "id_string": "ob382", "world_size": [0.12, 0.005, 0.12], "id": 382, "camera_size": [50, 50], "camera_position": [245, 253], "world_position": [0.7061891111161374, 0.7177724350245598, -0.17410285336666065], "world_orientation": [-7.53217762427539e-06, -4.551504197161095e-05, 0.9999999989358237, -0.0007626684335206345, -0.9999997081323173, -4.552077328942304e-05, 0.9999997091400212, -0.0007626687755799128, 7.49746254047857e-06], "world_rotation": [0.0, 1.0, 0.0, 0.0]}, {"color": "CVRed", "id_name": "object273591615172731", "shape": "CVSphere", "id_string": "ob463", "world_size": [0.11, 0.11, 0.11], "id": 463, "camera_size": [45, 45], "camera_position": [256, 254], "world_position": [0.705, 0.6547388572526824, -0.15], "world_orientation": [1.0, -3.838362879530641e-17, 1.4813540171849057e-17, 3.838362879530641e-17, 1.0, 5.294293626938881e-18, -1.4813540171849057e-17, -5.294293626938881e-18, 1.0], "world_rotation": [-0.1276280613210114, 0.35710588544125776, 0.925303444577321, 4.1482206750932463e-17]}], "source": "action wait"}
{"timestamp": 1706200806.919476, "objects": [{"color": "cv_", "id_name": "hand", "shape": "CVCylinder", "id_string": "ob382", "world_size": [0.12, 0.005, 0.12], "id": 382, "camera_size": [50, 50], "camera_position": [245, 253], "world_position": [0.7068450226917782, 0.717429289499281, -0.17410361177885775], "world_orientation": [-6.726687611429783e-06, -0.0005305711883880391, 0.9999998592244729, -0.000762761846834639, -0.9999995683415561, -0.0005305761649149236, 0.9999997090745161, -0.0007627653084768925, 6.321985248630452e-06], "world_rotation": [0.0, 1.0, 0.0, 0.0]}, {"color": "CVRed", "id_name": "object273591615172731", "shape": "CVSphere", "id_string": "ob463", "world_size": [0.11, 0.11, 0.11], "id": 463, "camera_size": [45, 45], "camera_position": [256, 254], "world_position": [0.705, 0.6547388572526824, -0.15], "world_orientation": [1.0, -3.838362879530641e-17, 1.4813540171849057e-17, 3.838362879530641e-17, 1.0, 5.294293626938881e-18, -1.4813540171849057e-17, -5.294293626938881e-18, 1.0], "world_rotation": [-0.1276280613210114, 0.35710588544125776, 0.925303444577321, 4.1482206750932463e-17]}], "source": "action wait"}
{"timestamp": 1706200806.952771, "objects": [{"color": "cv_", "id_name": "hand", "shape": "CVCylinder", "id_string": "ob382", "world_size": [0.12, 0.005, 0.12], "id": 382, "camera_size": [50, 51], "camera_position": [245, 253], "world_position": [0.7073070746096363, 0.7171879741082243, -0.1741041780475985], "world_orientation": [-6.105131796780994e-06, -0.0008724913153029042, 0.9999996193607437, -0.0007628419767755786, -0.9999993284114441, -0.0008724957187042753, 0.9999997090173807, -0.0007628470131096708, 5.439554697323267e-06], "world_rotation": [0.0, 1.0, 0.0, 0.0]}, {"color": "CVRed", "id_name": "object273591615172731", "shape": "CVSphere", "id_string": "ob463", "world_size": [0.11, 0.11, 0.11], "id": 463, "camera_size": [45, 45], "camera_position": [256, 254], "world_position": [0.705, 0.6547388572526824, -0.15], "world_orientation": [1.0, -3.838362879530641e-17, 1.4813540171849057e-17, 3.838362879530641e-17, 1.0, 5.294293626938881e-18, -1.4813540171849057e-17, -5.294293626938881e-18, 1.0], "world_rotation": [-0.1276280613210114, 0.35710588544125776, 0.925303444577321, 4.1482206750932463e-17]}], "source": "action wait"}
{"timestamp": 1706200806.981636, "objects": [{"color": "cv_", "id_name": "hand", "shape": "CVCylinder", "id_string": "ob382", "world_size": [0.12, 0.005, 0.12], "id": 382, "camera_size": [50, 50], "camera_position": [245, 252], "world_position": [0.7076326249425312, 0.7170183170188631, -0.17410459951524115], "world_orientation": [-5.629605458599332e-06, -0.0011135198703913474, 0.9999993800207109, -0.0007629076690386676, -0.9999990890178568, -0.001113523841225167, 0.9999997089700556, -0.0007629134647519509, 4.7800874817447546e-06], "world_rotation": [0.0, 1.0, 0.0, 0.0]}, {"color": "CVRed", "id_name": "object273591615172731", "shape": "CVSphere", "id_string": "ob463", "world_size": [0.11, 0.11, 0.11], "id": 463, "camera_size": [45, 45], "camera_position": [256, 254], "world_position": [0.705, 0.6547388572526824, -0.15], "world_orientation": [1.0, -3.838362879530641e-17, 1.4813540171849057e-17, 3.838362879530641e-17, 1.0, 5.294293626938881e-18, -1.4813540171849057e-17, -5.294293626938881e-18, 1.0], "world_rotation": [-0.1276280613210114, 0.35710588544125776, 0.925303444577321, 4.1482206750932463e-17]}], "source": "action wait"}
{"timestamp": 1706200808.061148, "objects": [{"color": "cv_", "id_name": "hand", "shape": "CVCylinder", "id_string": "ob382", "world_size": [0.12, 0.005, 0.12], "id": 382, "camera_size": [50, 50], "camera_position": [245, 252], "world_position": [0.7084100530550484, 0.7166164438090086, -0.17410578864086068], "world_orientation": [-4.199465759604016e-06, -0.0016894576914702935, 0.9999985728565184, -0.0007631195642710338, -0.9999982816845603, -0.00168946040424558, 0.9999997088154051, -0.000763125570021407, 2.910200326591638e-06], "world_rotation": [0.0, 1.0, 0.0, 0.0]}, {"color": "CVRed", "id_name": "object273591615172731", "shape": "CVSphere", "id_string": "ob463", "world_size": [0.11, 0.11, 0.11], "id": 463, "camera_size": [45, 45], "camera_position": [256, 254], "world_position": [0.705, 0.6547388572526824, -0.15], "world_orientation": [1.0, -3.838362879530641e-17, 1.4813540171849057e-17, 3.838362879530641e-17, 1.0, 5.294293626938881e-18, -1.4813540171849057e-17, -5.294293626938881e-18, 1.0], "world_rotation": [-0.1276280613210114, 0.35710588544125776, 0.925303444577321, 4.1482206750932463e-17]}], "source": "action wait"}
{"timestamp": 1706200808.092781, "objects": [{"color": "cv_", "id_name": "hand", "shape": "CVCylinder", "id_string": "ob382", "world_size": [0.12, 0.005, 0.12], "id": 382, "camera_size": [51, 50], "camera_position": [246, 251], "world_position": [0.7105937842821367, 0.7369179913067376, -0.17408900723131635], "world_orientation": [1.2930325181883877e-05, 0.028066375286346323, 0.9996060616118195, -0.0007434319480650625, -0.9996057851888805, 0.02806637714170447, 0.9999997235708346, -0.0007435019890652041, 7.940212198486106e-06], "world_rotation": [0.0, 1.0, 0.0, 0.0]}, {"color": "CVRed", "id_name": "object273591615172731", "shape": "CVSphere", "id_string": "ob463", "world_size": [0.11, 0.11, 0.11], "id": 463, "camera_size": [46, 48], "camera_position": [252, 251], "world_position": [0.7100202070033866, 0.677485246958229, -0.1586568287219219], "world_orientation": [0.9995667338127802, -0.029433732748898104, -5.596177976275968e-06, 0.029433732910636033, 0.9995667333295238, 3.143071774045448e-05, 4.668629992798214e-06, -3.158181628109158e-05, 0.9999999994903964], "world_rotation": [0.0010704129396132299, 0.00017437139203106778, -0.9999994119052052, -0.029438001764216477]}], "source": "action wait"}
{"timestamp": 1706200808.129685, "objects": [{"color": "cv_", "id_name": "hand", "shape": "CVCylinder", "id_string": "ob382", "world_size": [0.12, 0.005, 0.12], "id": 382, "camera_size": [52, 53], "camera_position": [245, 250], "world_position": [0.7136298700447501, 0.7855800236636553, -0.17410746346247843], "world_orientation": [6.960314804390087e-05, 0.09828387615913856, 0.9951584169580926, -0.0007262967355323438, -0.9951581519236382, 0.09828390078227957, 0.9999997338241916, -0.0007296211784709991, 2.1171182348169915e-06], "world_rotation": [0.0, 1.0, 0.0, 0.0]}, {"color": "CVRed", "id_name": "object273591615172731", "shape": "CVSphere", "id_string": "ob463", "world_size": [0.11, 0.11, 0.11], "id": 463, "camera_size": [48, 53], "camera_position": [249, 248], "world_position": [0.7176999576528919, 0.7277928966539767, -0.1642297627283647], "world_orientation": [0.9950435218163737, -0.09944038252288975, -3.869013563540466e-06, 0.09944038258804061, 0.9950435204069862, 5.297938931808307e-05, -1.4184538628516336e-06, -5.3101534319742916e-05, 0.9999999985891077], "world_rotation": [0.0005333894832934764, 1.232175143000122e-05, -0.9999998576719068, -0.09960501455727068]}], "source": "action wait"}
{"timestamp": 1706200808.163673, "objects": [{"color": "cv_", "id_name": "hand", "shape": "CVCylinder", "id_string": "ob382", "world_size": [0.12, 0.005, 0.12], "id": 382, "camera_size": [56, 55], "camera_position": [244, 250], "world_position": [0.7121351151929397, 0.8554187886505749, -0.1741149779446294], "world_orientation": [0.00014442061031716362, 0.1975500082822743, 0.9802927998156269, -0.0007168578620691731, -0.9802925377075805, 0.19755006107221984, 0.9999997326287108, -0.0007312609010661462, 4.083000430502006e-08], "world_rotation": [0.0, 1.0, 0.0, 0.0]}, {"color": "CVRed", "id_name": "object273591615172731", "shape": "CVSphere", "id_string": "ob463", "world_size": [0.11, 0.11, 0.11], "id": 463, "camera_size": [51, 60], "camera_position": [248, 245], "world_position": [0.7222103578296672, 0.7991784788354556, -0.16779235951936058], "world_orientation": [0.9800886978475154, -0.19856017801521336, -7.62420016386763e-06, 0.19856017812826038, 0.9800886962569911, 5.5954850996169366e-05, -3.6380127760067474e-06, -5.635457959371045e-05, 0.9999999984054633], "world_rotation": [0.0002828095421336761, 1.003773079516934e-05, -0.9999999599590026, -0.19988863660536893]}], "source": "action wait"}
{"timestamp": 1706200808.19884, "objects": [{"color": "cv_", "id_name": "hand", "shape": "CVCylinder", "id_string": "ob382", "world_size": [0.12, 0.005, 0.12], "id": 382, "camera_size": [59, 58], "camera_position": [244, 254], "world_position": [0.7031609213028115, 0.9248252780303745, -0.17411661640889217], "world_orientation": [0.0002194259050010172, 0.2948812157463889, 0.9555338928851262, -0.0007080366809723211, -0.9555336305630695, 0.2948812973842496, 0.9999997252681276, -0.0007412576416215951, -8.821143666161004e-07], "world_rotation": [0.0, 1.0, 0.0, 0.0]}, {"color": "CVRed", "id_name": "object273591615172731", "shape": "CVSphere", "id_string": "ob463", "world_size": [0.11, 0.11, 0.11], "id": 463, "camera_size": [54, 68], "camera_position": [246, 246], "world_position": [0.7189753036767792, 0.8704261119176671, -0.1700695071995173], "world_orientation": [0.9552544290352535, -0.2957853541060938, -1.0240340834314646e-05, 0.29578535424751645, 0.9552544278080488, 4.863937282043876e-05, -4.604683188949146e-06, -4.949191915351411e-05, 0.9999999987646736], "world_rotation": [0.00016588260580458074, 9.52660009697903e-06, -0.9999999861961023, -0.3002775597794427]}], "source": "action wait"}
{"timestamp": 1706200808.233314, "objects": [{"color": "cv_", "id_name": "hand", "shape": "CVCylinder", "id_string": "ob382", "world_size": [0.12, 0.005, 0.12], "id": 382, "camera_size": [63, 59], "camera_position": [243, 263], "world_position": [0.6869915294637545, 0.9928931209799315, -0.17411693879545842], "world_orientation": [0.0002933271235920159, 0.3892313857183526, 0.9211399689140458, -0.0006882254583473446, -0.9211397118146917, 0.3892314962379912, 0.9999997201524194, -0.0007481241325110309, -2.3163132533127642e-06], "world_rotation": [0.0, 1.0, 0.0, 0.0]}, {"color": "CVRed", "id_name": "object273591615172731", "shape": "CVSphere", "id_string": "ob463", "world_size": [0.11, 0.11, 0.11], "id": 463, "camera_size": [57, 75], "camera_position": [245, 252], "world_position": [0.7082770295297854, 0.9407044063459356, -0.17152602711200224], "world_orientation": [0.9207922835470874, -0.39005329176900005, -1.18451488762071e-05, 0.3900532919020593, 0.9207922825416124, 4.345312900293361e-05, -6.042114334489302e-06, -4.463154519411196e-05, 0.9999999989857592], "world_rotation": [0.00011291363959342386, 7.438771350007332e-06, -0.9999999935975874, -0.4006894707706587]}], "source": "action wait"}
{"timestamp": 1706200808.264366, "objects": [{"color": "cv_", "id_name": "hand", "shape": "CVCylinder", "id_string": "ob382", "world_size": [0.12, 0.005, 0.12], "id": 382, "camera_size": [66, 60], "camera_position": [242, 276], "world_position": [0.6638989972145084, 1.0589398726222692, -0.17411690994388537], "world_orientation": [0.00036484306276785174, 0.47965239045193936, 0.8774585182350673, -0.0006588000596015507, -0.8774582709296764, 0.4796525291912723, 0.9999997164359704, -0.000753067621925778, -4.139539598724306e-06], "world_rotation": [0.0, 1.0, 0.0, 0.0]}, {"color": "CVRed", "id_name": "object273591615172731", "shape": "CVSphere", "id_string": "ob463", "world_size": [0.11, 0.11, 0.11], "id": 463, "camera_size": [61, 83], "camera_position": [244, 261], "world_position": [0.690371560320056, 1.0093730556332332, -0.1724578962116238], "world_orientation": [0.877046758020459, -0.48040502087513126, -1.2797155534346966e-05, 0.4804050209814229, 0.8770467571568143, 3.970585117985859e-05, -7.851186502694437e-06, -4.097170582471828e-05, 0.9999999991298393], "world_rotation": [8.396826969376887e-05, 5.147707453799918e-06, -0.9999999964614154, -0.5011164568056115]}], "source": "action wait"}
{"timestamp": 1706200808.291504, "objects": [{"color": "cv_", "id_name": "hand", "shape": "CVCylinder", "id_string": "ob382", "world_size": [0.12, 0.005, 0.12], "id": 382, "camera_size": [71, 60], "camera_position": [242, 291], "world_position": [0.6391761917311667, 1.1116348500700892, -0.17411574225396703], "world_orientation": [0.00042832134799688387, 0.5510555522741818, 0.8344684504812744, -0.0006375925418063995, -0.8344682069205722, 0.5510557187023071, 0.9999997050082433, -0.0007680797886556591, -6.071636997245662e-06], "world_rotation": [0.0, 1.0, 0.0, 0.0]}, {"color": "CVRed", "id_name": "object273591615172731", "shape": "CVSphere", "id_string": "ob463", "world_size": [0.11, 0.11, 0.11], "id": 463, "camera_size": [64, 89], "camera_position": [242, 274], "world_position": [0.6696782165618304, 1.0646960523758706, -0.17305373380691882], "world_orientation": [0.8340076491629782, -0.5517528804578202, -6.643901469875921e-06, 0.5517528804116579, 0.8340076487594674, 2.771540349053575e-05, -9.750989065473038e-06, -2.6780650283920405e-05, 0.9999999995938575], "world_rotation": [-4.9384475949494104e-05, 2.8156514464843646e-06, 0.9999999987766228, 0.5844645368756599]}], "source": "action wait"}
{"timestamp": 1706200808.323081, "objects": [{"color": "cv_", "id_name": "hand", "shape": "CVCylinder", "id_string": "ob382", "world_size": [0.12, 0.005, 0.12], "id": 382, "camera_size": [73, 62], "camera_position": [241, 304], "world_position": [0.6186735273606208, 1.1472095875516584, -0.17411616571523786], "world_orientation": [0.0004734750471105788, 0.5991677551132548, 0.8006233677915744, -0.0006165177346984445, -0.8006231304761687, 0.5991679421100756, 0.9999996978635858, -0.0007772895746752811, -9.67752733274647e-06], "world_rotation": [0.0, 1.0, 0.0, 0.0]}, {"color": "CVRed", "id_name": "object273591615172731", "shape": "CVSphere", "id_string": "ob463", "world_size": [0.11, 0.11, 0.11], "id": 463, "camera_size": [67, 93], "camera_position": [242, 285], "world_position": [0.6518280180866849, 1.1024127425033585, -0.17343617662380112], "world_orientation": [0.8001308585243747, -0.5998254823171583, -1.888688910038717e-07, 0.5998254821691029, 0.8001308583198017, 2.2472667594594397e-05, -1.332855885101192e-05, -1.8094363189408852e-05, 0.9999999997474718], "world_rotation": [-3.3815694697288993e-05, 1.0952927426965565e-05, 0.9999999993682662, 0.6432829799117087]}], "source": "action wait"}
{"timestamp": 1706200808.356843, "objects": [{"color": "cv_", "id_name": "hand", "shape": "CVCylinder", "id_string": "ob382", "world_size": [0.12, 0.005, 0.12], "id": 382, "camera_size": [75, 62], "camera_position": [241, 315], "world_position": [0.6028091354434051, 1.1713883924383088, -0.17411756682659862], "world_orientation": [0.0005036507423607265, 0.6318643116041373, 0.7750788592504374, -0.0005964271226704982, -0.7750786298912586, 0.6318645121864155, 0.9999996953052621, -0.000780517084499586, -1.3507914043948208e-05], "world_rotation": [0.0, 1.0, 0.0, 0.0]}, {"color": "CVRed", "id_name": "object273591615172731", "shape": "CVSphere", "id_string": "ob463", "world_size": [0.11, 0.11, 0.11], "id": 463, "camera_size": [68, 96], "camera_position": [241, 294], "world_position": [0.6377320807053979, 1.1282273199472468, -0.17368190041765177], "world_orientation": [0.7745652289162206, -0.6324940364466355, 3.661267819584574e-06, 0.6324940362250105, 0.7745652287757203, 2.2614404161580316e-05, -1.7139366516279234e-05, -1.5200601075308599e-05, 0.9999999997375919], "world_rotation": [-2.9893566612857768e-05, 1.64433442283981e-05, 0.9999999994179957, 0.6847689133266904]}], "source": "action wait"}
{"timestamp": 1706200808.391028, "objects": [{"color": "cv_", "id_name": "hand", "shape": "CVCylinder", "id_string": "ob382", "world_size": [0.12, 0.005, 0.12], "id": 382, "camera_size": [76, 63], "camera_position": [240, 324], "world_position": [0.5909734051564733, 1.1879617946189658, -0.17411910122502852], "world_orientation": [0.0005234495917749007, 0.6542732121333135, 0.7562580841784643, -0.000579428894991134, -0.7562578623910429, 0.654273421310912, 0.9999996951312938, -0.0007806769413380389, -1.6758065015936134e-05], "world_rotation": [0.0, 1.0, 0.0, 0.0]}, {"color": "CVRed", "id_name": "object273591615172731", "shape": "CVSphere", "id_string": "ob463", "world_size": [0.11, 0.11, 0.11], "id": 463, "camera_size": [69, 98], "camera_position": [241, 302], "world_position": [0.6270914546840347, 1.1460076447501455, -0.1738396827905459], "world_orientation": [0.7557300542238283, -0.6548832606759629, 5.4100318385904814e-06, 0.6548832603812937, 0.7557300540892526, 2.487211484999332e-05, -2.0376855326873218e-05, -1.5253665415023996e-05, 0.9999999996760549], "world_rotation": [-3.0635826762483155e-05, 1.9688155662697252e-05, 0.9999999993369113, 0.7140281382623491]}], "source": "action wait"}
{"timestamp": 1706200808.426095, "objects": [{"color": "cv_", "id_name": "hand", "shape": "CVCylinder", "id_string": "ob382", "world_size": [0.12, 0.005, 0.12], "id": 382, "camera_size": [78, 63], "camera_position": [240, 330], "world_position": [0.582330867567947, 1.1994063649971993, -0.1741204315168763], "world_orientation": [0.0005363426722350123, 0.6697412810075462, 0.7425943232013755, -0.0005658582075849649, -0.7425941078598266, 0.6697414954863986, 0.9999996960704672, -0.0007794140360853813, -1.9306307378408108e-05], "world_rotation": [0.0, 1.0, 0.0, 0.0]}, {"color": "CVRed", "id_name": "object273591615172731", "shape": "CVSphere", "id_string": "ob463", "world_size": [0.11, 0.11, 0.11], "id": 463, "camera_size": [70, 100], "camera_position": [240, 307], "world_position": [0.619266240683951, 1.1583249800914859, -0.17394092790533655], "world_orientation": [0.7420563117640246, -0.6703375494010684, 5.843183735146228e-06, 0.6703375490347896, 0.7420563116001818, 2.771939425636595e-05, -2.2917322187199186e-05, -1.6652446002633933e-05, 0.9999999995987462], "world_rotation": [-3.3096639354498045e-05, 2.1452256354675386e-05, 0.9999999992222066, 0.7346635783111217]}], "source": "action wait"}
