{"timestamp": 1706069442.801188, "objects": [{"color": "cv_", "id_name": "hand", "shape": "CVCylinder", "id_string": "ob383", "world_size": [0.12, 0.005, 0.12], "id": 383, "camera_size": [48, 50], "camera_position": [246, 426], "world_position": [0.267644515573022, 0.6334703011721021, -0.17389260400900516], "world_orientation": [-0.0006415483332177003, 0.19791547456950692, 0.9802188803229934, -0.0007473669520351794, -0.9802189031849182, 0.19791499003763022, 0.9999995149290699, -0.0006056111649371731, 0.0007767732885168036], "world_rotation": [0.0, 1.0, 0.0, 0.0]}, {"color": "CVYellow", "id_name": "object68623449418478", "shape": "CVCone", "id_string": "ob1199", "world_size": [0.1, 0.1, 0.1], "id": 1199, "camera_size": [41, 41], "camera_position": [256, 254], "world_position": [0.705, 0.6498037994254439, -0.15], "world_orientation": [1.0, 8.100187187665134e-17, -1.2653630886983698e-17, -8.100187187665134e-17, 1.0, -1.9397816686250694e-16, 1.2653630886983698e-17, 1.9397816686250694e-16, 1.0], "world_rotation": [-0.9211093596285536, 0.06008602943210125, 0.38463907325148433, -2.1059189642881336e-16]}], "source": "action wait"}
{"timestamp": 1706069442.836161, "objects": [{"color": "cv_", "id_name": "hand", "shape": "CVCylinder", "id_string": "ob383", "world_size": [0.12, 0.005, 0.12], "id": 383, "camera_size": [49, 51], "camera_position": [246, 421], "world_position": [0.29095680409708014, 0.6676199379066827, -0.17395616794461954], "world_orientation": [-0.00038391511351471556, 0.19678013052055748, 0.9804475676146572, -0.0007155563860057586, -0.9804474429222676, 0.1967798253029144, 0.9999996702940678, -0.0006260187691821753, 0.0005172158703781753], "world_rotation": [0.0, 1.0, 0.0, 0.0]}, {"color": "CVYellow", "id_name": "object68623449418478", "shape": "CVCone", "id_string": "ob1199", "world_size": [0.1, 0.1, 0.1], "id": 1199, "camera_size": [41, 41], "camera_position": [256, 254], "world_position": [0.705, 0.6498037994254439, -0.15], "world_orientation": [1.0, 8.100187187665134e-17, -1.2653630886983698e-17, -8.100187187665134e-17, 1.0, -1.9397816686250694e-16, 1.2653630886983698e-17, 1.9397816686250694e-16, 1.0], "world_rotation": [-0.9211093596285536, 0.06008602943210125, 0.38463907325148433, -2.1059189642881336e-16]}], "source": "action wait"}
{"timestamp": 1706069442.865994, "objects": [{"color": "cv_", "id_name": "hand", "shape": "CVCylinder", "id_string": "ob383", "world_size": [0.12, 0.005, 0.12], "id": 383, "camera_size": [51, 52], "camera_position": [246, 406], "world_position": [0.33689532122067417, 0.705484524249691, -0.17398400057339194], "world_orientation": [-0.00022518682481063615, 0.18410568787735893, 0.9829064273785671, -0.0007320360052080354, -0.9829062192902117, 0.18410548118920694, 0.9999997067070476, -0.0006780647658525541, 0.0003561095228988341], "world_rotation": [0.0, 1.0, 0.0, 0.0]}, {"color": "CVYellow", "id_name": "object68623449418478", "shape": "CVCone", "id_string": "ob1199", "world_size": [0.1, 0.1, 0.1], "id": 1199, "camera_size": [41, 41], "camera_position": [256, 254], "world_position": [0.705, 0.6498037994254439, -0.15], "world_orientation": [1.0, 8.100187187665134e-17, -1.2653630886983698e-17, -8.100187187665134e-17, 1.0, -1.9397816686250694e-16, 1.2653630886983698e-17, 1.9397816686250694e-16, 1.0], "world_rotation": [-0.9211093596285536, 0.06008602943210125, 0.38463907325148433, -2.1059189642881336e-16]}], "source": "action wait"}
{"timestamp": 1706069442.900709, "objects": [{"color": "cv_", "id_name": "hand", "shape": "CVCylinder", "id_string": "ob383", "world_size": [0.12, 0.005, 0.12], "id": 383, "camera_size": [51, 52], "camera_position": [246, 388], "world_position": [0.3873868102156995, 0.7385866467684541, -0.1740045118450473], "world_orientation": [-0.00012227934667705275, 0.1750791086028776, 0.9845543615151899, -0.0007433091925481898, -0.984554112801617, 0.17507897205794093, 0.9999997162695626, -0.0007104197651578338, 0.00025052854452967105], "world_rotation": [0.0, 1.0, 0.0, 0.0]}, {"color": "CVYellow", "id_name": "object68623449418478", "shape": "CVCone", "id_string": "ob1199", "world_size": [0.1, 0.1, 0.1], "id": 1199, "camera_size": [41, 41], "camera_position": [256, 254], "world_position": [0.705, 0.6498037994254439, -0.15], "world_orientation": [1.0, 8.100187187665134e-17, -1.2653630886983698e-17, -8.100187187665134e-17, 1.0, -1.9397816686250694e-16, 1.2653630886983698e-17, 1.9397816686250694e-16, 1.0], "world_rotation": [-0.9211093596285536, 0.06008602943210125, 0.38463907325148433, -2.1059189642881336e-16]}], "source": "action wait"}
{"timestamp": 1706069442.932031, "objects": [{"color": "cv_", "id_name": "hand", "shape": "CVCylinder", "id_string": "ob383", "world_size": [0.12, 0.005, 0.12], "id": 383, "camera_size": [52, 53], "camera_position": [245, 368], "world_position": [0.44145190685683006, 0.7664850892252492, -0.17402300671869772], "world_orientation": [-4.9843201489797e-05, 0.16870127729700793, 0.9856672240436999, -0.0007507011278951021, -0.9856669538429246, 0.16870119308951761, 0.9999997169816959, -0.0007315328892604274, 0.0001757730357268559], "world_rotation": [0.0, 1.0, 0.0, 0.0]}, {"color": "CVYellow", "id_name": "object68623449418478", "shape": "CVCone", "id_string": "ob1199", "world_size": [0.1, 0.1, 0.1], "id": 1199, "camera_size": [41, 41], "camera_position": [256, 254], "world_position": [0.705, 0.6498037994254439, -0.15], "world_orientation": [1.0, 8.100187187665134e-17, -1.2653630886983698e-17, -8.100187187665134e-17, 1.0, -1.9397816686250694e-16, 1.2653630886983698e-17, 1.9397816686250694e-16, 1.0], "world_rotation": [-0.9211093596285536, 0.06008602943210125, 0.38463907325148433, -2.1059189642881336e-16]}], "source": "action wait"}
{"timestamp": 1706069442.972752, "objects": [{"color": "cv_", "id_name": "hand", "shape": "CVCylinder", "id_string": "ob383", "world_size": [0.12, 0.005, 0.12], "id": 383, "camera_size": [52, 53], "camera_position": [245, 344], "world_position": [0.4986485243372666, 0.7805633624737519, -0.17403819578274066], "world_orientation": [-6.882675041008225e-06, 0.15231215955913222, 0.988332436988214, -0.0007644317302019649, -0.988332149044016, 0.15231210986053323, 0.9999997077983366, -0.0007544643600649781, 0.00012323461667745187], "world_rotation": [0.0, 1.0, 0.0, 0.0]}, {"color": "CVYellow", "id_name": "object68623449418478", "shape": "CVCone", "id_string": "ob1199", "world_size": [0.1, 0.1, 0.1], "id": 1199, "camera_size": [41, 41], "camera_position": [256, 254], "world_position": [0.705, 0.6498037994254439, -0.15], "world_orientation": [1.0, 8.100187187665134e-17, -1.2653630886983698e-17, -8.100187187665134e-17, 1.0, -1.9397816686250694e-16, 1.2653630886983698e-17, 1.9397816686250694e-16, 1.0], "world_rotation": [-0.9211093596285536, 0.06008602943210125, 0.38463907325148433, -2.1059189642881336e-16]}], "source": "action wait"}
{"timestamp": 1706069443.00586, "objects": [{"color": "cv_", "id_name": "hand", "shape": "CVCylinder", "id_string": "ob383", "world_size": [0.12, 0.005, 0.12], "id": 383, "camera_size": [52, 53], "camera_position": [245, 318], "world_position": [0.5572818424212582, 0.7714973718946541, -0.17405005105889085], "world_orientation": [-8.736745597226877e-07, 0.11277943912123477, 0.9936200471562238, -0.000777013964852989, -0.9936197472837186, 0.11277940440141403, 0.9999996981242221, -0.0007719581199021135, 8.849929944112975e-05], "world_rotation": [0.0, 1.0, 0.0, 0.0]}, {"color": "CVYellow", "id_name": "object68623449418478", "shape": "CVCone", "id_string": "ob1199", "world_size": [0.1, 0.1, 0.1], "id": 1199, "camera_size": [41, 41], "camera_position": [256, 254], "world_position": [0.705, 0.6498037994254439, -0.15], "world_orientation": [1.0, 8.100187187665134e-17, -1.2653630886983698e-17, -8.100187187665134e-17, 1.0, -1.9397816686250694e-16, 1.2653630886983698e-17, 1.9397816686250694e-16, 1.0], "world_rotation": [-0.9211093596285536, 0.06008602943210125, 0.38463907325148433, -2.1059189642881336e-16]}], "source": "action wait"}
{"timestamp": 1706069443.036899, "objects": [{"color": "cv_", "id_name": "hand", "shape": "CVCylinder", "id_string": "ob383", "world_size": [0.12, 0.005, 0.12], "id": 383, "camera_size": [52, 52], "camera_position": [245, 297], "world_position": [0.6025576569329124, 0.7574904998879298, -0.17405567226644436], "world_orientation": [-1.560489251553419e-05, 0.07908385420873149, 0.9968679670648364, -0.0007751565771709255, -0.9968676686498923, 0.07908381840054036, 0.999999699444339, -0.0007714946667558225, 7.685838255980935e-05], "world_rotation": [0.0, 1.0, 0.0, 0.0]}, {"color": "CVYellow", "id_name": "object68623449418478", "shape": "CVCone", "id_string": "ob1199", "world_size": [0.1, 0.1, 0.1], "id": 1199, "camera_size": [41, 41], "camera_position": [256, 254], "world_position": [0.705, 0.6498037994254439, -0.15], "world_orientation": [1.0, 8.100187187665134e-17, -1.2653630886983698e-17, -8.100187187665134e-17, 1.0, -1.9397816686250694e-16, 1.2653630886983698e-17, 1.9397816686250694e-16, 1.0], "world_rotation": [-0.9211093596285536, 0.06008602943210125, 0.38463907325148433, -2.1059189642881336e-16]}], "source": "action wait"}
{"timestamp": 1706069443.065383, "objects": [{"color": "cv_", "id_name": "hand", "shape": "CVCylinder", "id_string": "ob383", "world_size": [0.12, 0.005, 0.12], "id": 383, "camera_size": [51, 51], "camera_position": [246, 284], "world_position": [0.6343140848662169, 0.7451543950872981, -0.1740633582022465], "world_orientation": [-2.2156919723808647e-05, 0.055271659228380544, 0.9984713532171131, -0.0007712639008232683, -0.99847105743734, 0.05527162574011802, 0.9999997023304888, -0.0007688602617683592, 6.475207856802443e-05], "world_rotation": [0.0, 1.0, 0.0, 0.0]}, {"color": "CVYellow", "id_name": "object68623449418478", "shape": "CVCone", "id_string": "ob1199", "world_size": [0.1, 0.1, 0.1], "id": 1199, "camera_size": [41, 41], "camera_position": [256, 254], "world_position": [0.705, 0.6498037994254439, -0.15], "world_orientation": [1.0, 8.100187187665134e-17, -1.2653630886983698e-17, -8.100187187665134e-17, 1.0, -1.9397816686250694e-16, 1.2653630886983698e-17, 1.9397816686250694e-16, 1.0], "world_rotation": [-0.9211093596285536, 0.06008602943210125, 0.38463907325148433, -2.1059189642881336e-16]}], "source": "action wait"}
{"timestamp": 1706069443.089327, "objects": [{"color": "cv_", "id_name": "hand", "shape": "CVCylinder", "id_string": "ob383", "world_size": [0.12, 0.005, 0.12], "id": 383, "camera_size": [51, 51], "camera_position": [246, 274], "world_position": [0.6565250496278001, 0.735267568499846, -0.1740712369130107], "world_orientation": [-2.3716445729784755e-05, 0.03846793540342543, 0.9992598347693797, -0.0007677701683161142, -0.9992595412334543, 0.03846790588107383, 0.999999704983206, -0.0007662895695306448, 5.3233417919472076e-05], "world_rotation": [0.0, 1.0, 0.0, 0.0]}, {"color": "CVYellow", "id_name": "object68623449418478", "shape": "CVCone", "id_string": "ob1199", "world_size": [0.1, 0.1, 0.1], "id": 1199, "camera_size": [41, 41], "camera_position": [256, 254], "world_position": [0.705, 0.6498037994254439, -0.15], "world_orientation": [1.0, 8.100187187665134e-17, -1.2653630886983698e-17, -8.100187187665134e-17, 1.0, -1.9397816686250694e-16, 1.2653630886983698e-17, 1.9397816686250694e-16, 1.0], "world_rotation": [-0.9211093596285536, 0.06008602943210125, 0.38463907325148433, -2.1059189642881336e-16]}], "source": "action wait"}
{"timestamp": 1706069443.122763, "objects": [{"color": "cv_", "id_name": "hand", "shape": "CVCylinder", "id_string": "ob383", "world_size": [0.12, 0.005, 0.12], "id": 383, "camera_size": [51, 51], "camera_position": [246, 268], "world_position": [0.672060057910147, 0.727729948552317, -0.17407834539064812], "world_orientation": [-2.2680847512780773e-05, 0.026617724884010072, 0.9996456853343479, -0.0007652697895203961, -0.9996453933382519, 0.026617699745864493, 0.9999997069238213, -0.0007643949312220852, 4.3042545453030615e-05], "world_rotation": [0.0, 1.0, 0.0, 0.0]}, {"color": "CVYellow", "id_name": "object68623449418478", "shape": "CVCone", "id_string": "ob1199", "world_size": [0.1, 0.1, 0.1], "id": 1199, "camera_size": [41, 41], "camera_position": [256, 254], "world_position": [0.705, 0.6498037994254439, -0.15], "world_orientation": [1.0, 8.100187187665134e-17, -1.2653630886983698e-17, -8.100187187665134e-17, 1.0, -1.9397816686250694e-16, 1.2653630886983698e-17, 1.9397816686250694e-16, 1.0], "world_rotation": [-0.9211093596285536, 0.06008602943210125, 0.38463907325148433, -2.1059189642881336e-16]}], "source": "action wait"}
{"timestamp": 1706069443.156398, "objects": [{"color": "cv_", "id_name": "hand", "shape": "CVCylinder", "id_string": "ob383", "world_size": [0.12, 0.005, 0.12], "id": 383, "camera_size": [51, 51], "camera_position": [246, 263], "world_position": [0.6829363637639454, 0.7221497264178178, -0.17408435338543718], "world_orientation": [-2.0479477610764355e-05, 0.018263457193606895, 0.9998332089463365, -0.0007637031515212363, -0.9998329178689961, 0.018263436233791223, 0.9999997081690011, -0.000763201747034818, 3.442391567280492e-05], "world_rotation": [0.0, 1.0, 0.0, 0.0]}, {"color": "CVYellow", "id_name": "object68623449418478", "shape": "CVCone", "id_string": "ob1199", "world_size": [0.1, 0.1, 0.1], "id": 1199, "camera_size": [41, 41], "camera_position": [256, 254], "world_position": [0.705, 0.6498037994254439, -0.15], "world_orientation": [1.0, 8.100187187665134e-17, -1.2653630886983698e-17, -8.100187187665134e-17, 1.0, -1.9397816686250694e-16, 1.2653630886983698e-17, 1.9397816686250694e-16, 1.0], "world_rotation": [-0.9211093596285536, 0.06008602943210125, 0.38463907325148433, -2.1059189642881336e-16]}], "source": "action wait"}
{"timestamp": 1706069443.19784, "objects": [{"color": "cv_", "id_name": "hand", "shape": "CVCylinder", "id_string": "ob383", "world_size": [0.12, 0.005, 0.12], "id": 383, "camera_size": [51, 51], "camera_position": [246, 260], "world_position": [0.6905602657190539, 0.7180934778669481, -0.17408923778669347], "world_orientation": [-1.791744864714296e-05, 0.012374646468918532, 0.9999234309704591, -0.0007628326861858723, -0.9999231403654835, 0.012374629203447562, 0.9999997088825866, -0.0007625525550444407, 2.735585632544315e-05], "world_rotation": [0.0, 1.0, 0.0, 0.0]}, {"color": "CVYellow", "id_name": "object68623449418478", "shape": "CVCone", "id_string": "ob1199", "world_size": [0.1, 0.1, 0.1], "id": 1199, "camera_size": [41, 41], "camera_position": [256, 254], "world_position": [0.705, 0.6498037994254439, -0.15], "world_orientation": [1.0, 8.100187187665134e-17, -1.2653630886983698e-17, -8.100187187665134e-17, 1.0, -1.9397816686250694e-16, 1.2653630886983698e-17, 1.9397816686250694e-16, 1.0], "world_rotation": [-0.9211093596285536, 0.06008602943210125, 0.38463907325148433, -2.1059189642881336e-16]}], "source": "action wait"}
{"timestamp": 1706069443.234902, "objects": [{"color": "cv_", "id_name": "hand", "shape": "CVCylinder", "id_string": "ob383", "world_size": [0.12, 0.005, 0.12], "id": 383, "camera_size": [50, 50], "camera_position": [245, 257], "world_position": [0.6959104541503226, 0.7151795112550334, -0.17409310982724632], "world_orientation": [-1.5417680390813455e-05, 0.008223939483827825, 0.9999661827190265, -0.0007624218509194427, -0.9999658923007927, 0.008223925340191469, 0.999999709237566, -0.0007622692740333847, 2.1687265692684946e-05], "world_rotation": [0.0, 1.0, 0.0, 0.0]}, {"color": "CVYellow", "id_name": "object68623449418478", "shape": "CVCone", "id_string": "ob1199", "world_size": [0.1, 0.1, 0.1], "id": 1199, "camera_size": [41, 41], "camera_position": [256, 254], "world_position": [0.705, 0.6498037994254439, -0.15], "world_orientation": [1.0, 8.100187187665134e-17, -1.2653630886983698e-17, -8.100187187665134e-17, 1.0, -1.9397816686250694e-16, 1.2653630886983698e-17, 1.9397816686250694e-16, 1.0], "world_rotation": [-0.9211093596285536, 0.06008602943210125, 0.38463907325148433, -2.1059189642881336e-16]}], "source": "action wait"}
{"timestamp": 1706069443.268344, "objects": [{"color": "cv_", "id_name": "hand", "shape": "CVCylinder", "id_string": "ob383", "world_size": [0.12, 0.005, 0.12], "id": 383, "camera_size": [50, 50], "camera_position": [245, 256], "world_position": [0.6996686814789512, 0.7131022422295941, -0.17409612653904968], "world_orientation": [-1.3178278850015827e-05, 0.005298363500682708, 0.9999859634867619, -0.0007622877637075525, -0.9999856730895383, 0.005298351916249699, 0.9999997093718069, -0.0007622072406866185, 1.721696771060602e-05], "world_rotation": [0.0, 1.0, 0.0, 0.0]}, {"color": "CVYellow", "id_name": "object68623449418478", "shape": "CVCone", "id_string": "ob1199", "world_size": [0.1, 0.1, 0.1], "id": 1199, "camera_size": [41, 41], "camera_position": [256, 254], "world_position": [0.705, 0.6498037994254439, -0.15], "world_orientation": [1.0, 8.100187187665134e-17, -1.2653630886983698e-17, -8.100187187665134e-17, 1.0, -1.9397816686250694e-16, 1.2653630886983698e-17, 1.9397816686250694e-16, 1.0], "world_rotation": [-0.9211093596285536, 0.06008602943210125, 0.38463907325148433, -2.1059189642881336e-16]}], "source": "action wait"}
{"timestamp": 1706069443.293269, "objects": [{"color": "cv_", "id_name": "hand", "shape": "CVCylinder", "id_string": "ob383", "world_size": [0.12, 0.005, 0.12], "id": 383, "camera_size": [49, 50], "camera_position": [246, 255], "world_position": [0.7023107229790058, 0.711628957681637, -0.17409844777857744], "world_orientation": [-1.1270560604242006e-05, 0.003236284375474251, 0.9999947631544955, -0.0007623051229469792, -0.9999944726927419, 0.0032362748438017675, 0.9999997093818948, -0.0007622646562414147, 1.373753446749332e-05], "world_rotation": [0.0, 1.0, 0.0, 0.0]}, {"color": "CVYellow", "id_name": "object68623449418478", "shape": "CVCone", "id_string": "ob1199", "world_size": [0.1, 0.1, 0.1], "id": 1199, "camera_size": [41, 41], "camera_position": [256, 254], "world_position": [0.705, 0.6498037994254439, -0.15], "world_orientation": [1.0, 8.100187187665134e-17, -1.2653630886983698e-17, -8.100187187665134e-17, 1.0, -1.9397816686250694e-16, 1.2653630886983698e-17, 1.9397816686250694e-16, 1.0], "world_rotation": [-0.9211093596285536, 0.06008602943210125, 0.38463907325148433, -2.1059189642881336e-16]}], "source": "action wait"}
{"timestamp": 1706069443.325853, "objects": [{"color": "cv_", "id_name": "hand", "shape": "CVCylinder", "id_string": "ob383", "world_size": [0.12, 0.005, 0.12], "id": 383, "camera_size": [49, 50], "camera_position": [246, 254], "world_position": [0.7041692459584633, 0.7105875532687509, -0.17410021743541912], "world_orientation": [-9.698259993649959e-06, 0.0017828058154119063, 0.9999984107534214, -0.0007623947989548672, -0.9999981201911362, 0.0017827979034805903, 0.999999709330015, -0.0007623762972843103, 1.1057443644356321e-05], "world_rotation": [0.0, 1.0, 0.0, 0.0]}, {"color": "CVYellow", "id_name": "object68623449418478", "shape": "CVCone", "id_string": "ob1199", "world_size": [0.1, 0.1, 0.1], "id": 1199, "camera_size": [41, 41], "camera_position": [256, 254], "world_position": [0.705, 0.6498037994254439, -0.15], "world_orientation": [1.0, 8.100187187665134e-17, -1.2653630886983698e-17, -8.100187187665134e-17, 1.0, -1.9397816686250694e-16, 1.2653630886983698e-17, 1.9397816686250694e-16, 1.0], "world_rotation": [-0.9211093596285536, 0.06008602943210125, 0.38463907325148433, -2.1059189642881336e-16]}], "source": "action wait"}
{"timestamp": 1706069443.353225, "objects": [{"color": "cv_", "id_name": "hand", "shape": "CVCylinder", "id_string": "ob383", "world_size": [0.12, 0.005, 0.12], "id": 383, "camera_size": [49, 50], "camera_position": [246, 253], "world_position": [0.7054772519858739, 0.7098530433263099, -0.1741015570593793], "world_orientation": [-8.432283376566648e-06, 0.0007582789836904846, 0.9999997124708985, -0.0007625102759861854, -0.9999994218004066, 0.0007582723335768776, 0.9999997092534457, -0.0007625036627754553, 9.010474018516713e-06], "world_rotation": [0.0, 1.0, 0.0, 0.0]}, {"color": "CVYellow", "id_name": "object68623449418478", "shape": "CVCone", "id_string": "ob1199", "world_size": [0.1, 0.1, 0.1], "id": 1199, "camera_size": [41, 41], "camera_position": [256, 254], "world_position": [0.705, 0.6498037994254439, -0.15], "world_orientation": [1.0, 8.100187187665134e-17, -1.2653630886983698e-17, -8.100187187665134e-17, 1.0, -1.9397816686250694e-16, 1.2653630886983698e-17, 1.9397816686250694e-16, 1.0], "world_rotation": [-0.9211093596285536, 0.06008602943210125, 0.38463907325148433, -2.1059189642881336e-16]}], "source": "action wait"}
{"timestamp": 1706069443.385039, "objects": [{"color": "cv_", "id_name": "hand", "shape": "CVCylinder", "id_string": "ob383", "world_size": [0.12, 0.005, 0.12], "id": 383, "camera_size": [49, 50], "camera_position": [246, 253], "world_position": [0.7063981663309836, 0.7093357162124285, -0.17410256551351214], "world_orientation": [-7.430435653562549e-06, 3.609131428059531e-05, 0.9999999993211028, -0.0007626263389702372, -0.9999997085494046, 3.608563714068539e-05, 0.9999997091728856, -0.0007626260703208518, 7.4579576752003516e-06], "world_rotation": [0.0, 1.0, 0.0, 0.0]}, {"color": "CVYellow", "id_name": "object68623449418478", "shape": "CVCone", "id_string": "ob1199", "world_size": [0.1, 0.1, 0.1], "id": 1199, "camera_size": [41, 41], "camera_position": [256, 254], "world_position": [0.705, 0.6498037994254439, -0.15], "world_orientation": [1.0, 8.100187187665134e-17, -1.2653630886983698e-17, -8.100187187665134e-17, 1.0, -1.9397816686250694e-16, 1.2653630886983698e-17, 1.9397816686250694e-16, 1.0], "world_rotation": [-0.9211093596285536, 0.06008602943210125, 0.38463907325148433, -2.1059189642881336e-16]}], "source": "action wait"}
{"timestamp": 1706069443.420686, "objects": [{"color": "cv_", "id_name": "hand", "shape": "CVCylinder", "id_string": "ob383", "world_size": [0.12, 0.005, 0.12], "id": 383, "camera_size": [49, 49], "camera_position": [246, 253], "world_position": [0.7070467426681509, 0.7089716702106738, -0.17410332125572772], "world_orientation": [-6.6481013960140145e-06, -0.0004729918092981601, 0.9999998881172694, -0.0007627308557789179, -0.9999995972577805, -0.00047299674243628703, 0.99999970909868, -0.0007627339149731779, 6.28733327142461e-06], "world_rotation": [0.0, 1.0, 0.0, 0.0]}, {"color": "CVYellow", "id_name": "object68623449418478", "shape": "CVCone", "id_string": "ob1199", "world_size": [0.1, 0.1, 0.1], "id": 1199, "camera_size": [41, 41], "camera_position": [256, 254], "world_position": [0.705, 0.6498037994254439, -0.15], "world_orientation": [1.0, 8.100187187665134e-17, -1.2653630886983698e-17, -8.100187187665134e-17, 1.0, -1.9397816686250694e-16, 1.2653630886983698e-17, 1.9397816686250694e-16, 1.0], "world_rotation": [-0.9211093596285536, 0.06008602943210125, 0.38463907325148433, -2.1059189642881336e-16]}], "source": "action wait"}
{"timestamp": 1706069443.455366, "objects": [{"color": "cv_", "id_name": "hand", "shape": "CVCylinder", "id_string": "ob383", "world_size": [0.12, 0.005, 0.12], "id": 383, "camera_size": [49, 50], "camera_position": [246, 252], "world_position": [0.7075036292327326, 0.7087156171050515, -0.17410388550635625], "world_orientation": [-6.043600253815716e-06, -0.0008318630995046325, 0.9999996539835696, -0.0007628192645420497, -0.9999993630514401, -0.0008318674676647648, 0.9999997090350801, -0.0007628240280688535, 5.4090352069533875e-06], "world_rotation": [0.0, 1.0, 0.0, 0.0]}, {"color": "CVYellow", "id_name": "object68623449418478", "shape": "CVCone", "id_string": "ob1199", "world_size": [0.1, 0.1, 0.1], "id": 1199, "camera_size": [41, 41], "camera_position": [256, 254], "world_position": [0.705, 0.6498037994254439, -0.15], "world_orientation": [1.0, 8.100187187665134e-17, -1.2653630886983698e-17, -8.100187187665134e-17, 1.0, -1.9397816686250694e-16, 1.2653630886983698e-17, 1.9397816686250694e-16, 1.0], "world_rotation": [-0.9211093596285536, 0.06008602943210125, 0.38463907325148433, -2.1059189642881336e-16]}], "source": "action wait"}
{"timestamp": 1706069443.490054, "objects": [{"color": "cv_", "id_name": "hand", "shape": "CVCylinder", "id_string": "ob383", "world_size": [0.12, 0.005, 0.12], "id": 383, "camera_size": [49, 50], "camera_position": [246, 252], "world_position": [0.707825543772721, 0.7085355666141302, -0.1741043054582239], "world_orientation": [-5.580493272113678e-06, -0.0010848508035757373, 0.999999411533623, -0.0007628910812127899, -0.9999991205433034, -0.0010848547452051744, 0.9999997089829858, -0.0007628966863020096, 4.752865362180933e-06], "world_rotation": [0.0, 1.0, 0.0, 0.0]}, {"color": "CVYellow", "id_name": "object68623449418478", "shape": "CVCone", "id_string": "ob1199", "world_size": [0.1, 0.1, 0.1], "id": 1199, "camera_size": [41, 41], "camera_position": [256, 254], "world_position": [0.705, 0.6498037994254439, -0.15], "world_orientation": [1.0, 8.100187187665134e-17, -1.2653630886983698e-17, -8.100187187665134e-17, 1.0, -1.9397816686250694e-16, 1.2653630886983698e-17, 1.9397816686250694e-16, 1.0], "world_rotation": [-0.9211093596285536, 0.06008602943210125, 0.38463907325148433, -2.1059189642881336e-16]}], "source": "action wait"}
{"timestamp": 1706069444.544201, "objects": [{"color": "cv_", "id_name": "hand", "shape": "CVCylinder", "id_string": "ob383", "world_size": [0.12, 0.005, 0.12], "id": 383, "camera_size": [49, 50], "camera_position": [246, 252], "world_position": [0.7085943319568792, 0.7081088128108864, -0.17410549023739877], "world_orientation": [-4.182099178420343e-06, -0.0016894371358632547, 0.9999985728913187, -0.0007631193433018456, -0.999998281719479, -0.0016894398353909925, 0.9999997088156467, -0.0007631253196529178, 2.8928498350946975e-06], "world_rotation": [0.0, 1.0, 0.0, 0.0]}, {"color": "CVYellow", "id_name": "object68623449418478", "shape": "CVCone", "id_string": "ob1199", "world_size": [0.1, 0.1, 0.1], "id": 1199, "camera_size": [41, 41], "camera_position": [256, 254], "world_position": [0.705, 0.6498037994254439, -0.15], "world_orientation": [1.0, 8.100187187665134e-17, -1.2653630886983698e-17, -8.100187187665134e-17, 1.0, -1.9397816686250694e-16, 1.2653630886983698e-17, 1.9397816686250694e-16, 1.0], "world_rotation": [-0.9211093596285536, 0.06008602943210125, 0.38463907325148433, -2.1059189642881336e-16]}], "source": "action wait"}
{"timestamp": 1706069444.577085, "objects": [{"color": "cv_", "id_name": "hand", "shape": "CVCylinder", "id_string": "ob383", "world_size": [0.12, 0.005, 0.12], "id": 383, "camera_size": [51, 51], "camera_position": [246, 251], "world_position": [0.7112214644488614, 0.7301761031592624, -0.17409364551381148], "world_orientation": [1.6360471580314037e-05, 0.030581757628330083, 0.9995322685299846, -0.0007432710724046294, -0.9995319921950899, 0.030581761339524734, 0.9999997236401859, -0.0007434237531709413, 6.377721036851109e-06], "world_rotation": [0.0, 1.0, 0.0, 0.0]}, {"color": "CVYellow", "id_name": "object68623449418478", "shape": "CVCone", "id_string": "ob1199", "world_size": [0.1, 0.1, 0.1], "id": 1199, "camera_size": [42, 44], "camera_position": [252, 251], "world_position": [0.7105082746323071, 0.6748289107917276, -0.15866238747768957], "world_orientation": [0.9994894999567615, -0.03194901343007233, -4.126527667377177e-06, 0.03194901354454288, 0.9994894994639275, 3.1541691234741404e-05, 3.1166951559248508e-06, -3.1657427688339224e-05, 0.9999999994940467], "world_rotation": [0.0009890616439548854, 0.00011335591374091646, -0.9999995044536278, -0.031954467095545815]}], "source": "action wait"}
{"timestamp": 1706069444.608621, "objects": [{"color": "cv_", "id_name": "hand", "shape": "CVCylinder", "id_string": "ob383", "world_size": [0.12, 0.005, 0.12], "id": 383, "camera_size": [52, 52], "camera_position": [245, 249], "world_position": [0.7149311316876386, 0.7829734128063774, -0.17410814168069616], "world_orientation": [7.602737605231567e-05, 0.10656488198707051, 0.9943057478195124, -0.0007258129242926612, -0.9943054829103516, 0.10656490909305785, 0.9999997337076831, -0.0007297818128837998, 1.7517317622386949e-06], "world_rotation": [0.0, 1.0, 0.0, 0.0]}, {"color": "CVYellow", "id_name": "object68623449418478", "shape": "CVCone", "id_string": "ob1199", "world_size": [0.1, 0.1, 0.1], "id": 1199, "camera_size": [44, 48], "camera_position": [249, 247], "world_position": [0.7188447346616341, 0.729595147761713, -0.16423092037164086], "world_orientation": [0.9941812271348665, -0.10772041402234633, -3.932616790604063e-06, 0.10772041407941776, 0.9941812257331332, 5.282351494703747e-05, -1.7804371189889803e-06, -5.2939770020722216e-05, 0.9999999985971054], "world_rotation": [0.0004909156409672971, 9.989654380438117e-06, -0.9999998794510128, -0.10792984816364437]}], "source": "action wait"}
{"timestamp": 1706069444.638518, "objects": [{"color": "cv_", "id_name": "hand", "shape": "CVCylinder", "id_string": "ob383", "world_size": [0.12, 0.005, 0.12], "id": 383, "camera_size": [56, 55], "camera_position": [244, 250], "world_position": [0.7136240069562226, 0.8530281960339188, -0.17411334962363068], "world_orientation": [0.0001508029219998175, 0.20572544601802628, 0.9786097373923697, -0.0007192881069233755, -0.9786094730503794, 0.20572550128916503, 0.9999997299415126, -0.0007349263521503043, 3.986985800056693e-07], "world_rotation": [0.0, 1.0, 0.0, 0.0]}, {"color": "CVYellow", "id_name": "object68623449418478", "shape": "CVCone", "id_string": "ob1199", "world_size": [0.1, 0.1, 0.1], "id": 1199, "camera_size": [46, 54], "camera_position": [247, 245], "world_position": [0.7230684251091315, 0.8013974355043403, -0.16779113571957238], "world_orientation": [0.9783972070138786, -0.2067338996106463, -7.695249923220008e-06, 0.20673389972803669, 0.9783972056254187, 5.2226531885992794e-05, -3.2679835784633904e-06, -5.268916195528578e-05, 0.9999999986065863], "world_rotation": [0.0002537457345541113, 1.070764448659603e-05, -0.9999999677492238, -0.2082355671095759]}], "source": "action wait"}
{"timestamp": 1706069444.669401, "objects": [{"color": "cv_", "id_name": "hand", "shape": "CVCylinder", "id_string": "ob383", "world_size": [0.12, 0.005, 0.12], "id": 383, "camera_size": [59, 57], "camera_position": [244, 254], "world_position": [0.7048492780007967, 0.9226085777218463, -0.17411460243101493], "world_orientation": [0.00022592220251498884, 0.30284472042181876, 0.9530398859815831, -0.0007089096018274217, -0.9530396223239377, 0.30284480469016295, 0.9999997232031292, -0.0007440384913929148, -6.232803892557926e-07], "world_rotation": [0.0, 1.0, 0.0, 0.0]}, {"color": "CVYellow", "id_name": "object68623449418478", "shape": "CVCone", "id_string": "ob1199", "world_size": [0.1, 0.1, 0.1], "id": 1199, "camera_size": [49, 62], "camera_position": [246, 246], "world_position": [0.7195515155953897, 0.8728827652294251, -0.1700677056464324], "world_orientation": [0.952752883645299, -0.30374651043976814, -1.0061390424219087e-05, 0.30374651057552055, 0.9527528825533572, 4.581991116325913e-05, -4.331619395330675e-06, -4.671116472206107e-05, 0.9999999988996521], "world_rotation": [0.0001523162762482234, 9.431830101671737e-06, -0.9999999883553963, -0.30862250640684963]}], "source": "action wait"}
{"timestamp": 1706069444.701945, "objects": [{"color": "cv_", "id_name": "hand", "shape": "CVCylinder", "id_string": "ob383", "world_size": [0.12, 0.005, 0.12], "id": 383, "camera_size": [62, 59], "camera_position": [243, 262], "world_position": [0.6888733046863252, 0.9908798615480416, -0.1741149993876839], "world_orientation": [0.00029978134976148783, 0.39690357072786986, 0.9178602647868623, -0.0006878257419026306, -0.9178600070680767, 0.3969036839344518, 0.9999997185134061, -0.0007503122396853435, -2.1568188107641818e-06], "world_rotation": [0.0, 1.0, 0.0, 0.0]}, {"color": "CVYellow", "id_name": "object68623449418478", "shape": "CVCone", "id_string": "ob1199", "world_size": [0.1, 0.1, 0.1], "id": 1199, "camera_size": [52, 68], "camera_position": [244, 251], "world_position": [0.7085694983149665, 0.9433255973554432, -0.1715242116155884], "world_orientation": [0.9175057313253209, -0.3977225576365893, -1.1497741002952002e-05, 0.39772255775950965, 0.9175057304156509, 4.127561847131638e-05, -5.8670012894005405e-06, -4.2443527471580506e-05, 0.9999999990820628], "world_rotation": [0.00010524817345245087, 7.078728089769153e-06, -0.9999999944363569, -0.4090332986263948]}], "source": "action wait"}
{"timestamp": 1706069444.73694, "objects": [{"color": "cv_", "id_name": "hand", "shape": "CVCylinder", "id_string": "ob383", "world_size": [0.12, 0.005, 0.12], "id": 383, "camera_size": [66, 59], "camera_position": [242, 275], "world_position": [0.6659606076335289, 1.0571551456744581, -0.17411522332141643], "world_orientation": [0.00037104953218683993, 0.48695648330325636, 0.873426153541998, -0.0006573843738379968, -0.8734259061607286, 0.4869566246526435, 0.9999997150839744, -0.0007548617328127175, -3.966691017631422e-06], "world_rotation": [0.0, 1.0, 0.0, 0.0]}, {"color": "CVYellow", "id_name": "object68623449418478", "shape": "CVCone", "id_string": "ob1199", "world_size": [0.1, 0.1, 0.1], "id": 1199, "camera_size": [55, 75], "camera_position": [244, 261], "world_position": [0.6903782032346975, 1.0121015941633662, -0.1724562981266971], "world_orientation": [0.8730081268489311, -0.48770565949300243, -1.2418386687308959e-05, 0.4877056595909232, 0.8730081260581717, 3.793918934412539e-05, -7.661804869153219e-06, -3.917773809387099e-05, 0.9999999992032008], "world_rotation": [7.906093120642728e-05, 4.876488215966768e-06, -0.9999999968627945, -0.5094597335380314]}], "source": "action wait"}
{"timestamp": 1706069444.77188, "objects": [{"color": "cv_", "id_name": "hand", "shape": "CVCylinder", "id_string": "ob383", "world_size": [0.12, 0.005, 0.12], "id": 383, "camera_size": [71, 60], "camera_position": [242, 289], "world_position": [0.6420872920689993, 1.108502831557369, -0.17411442402475397], "world_orientation": [0.0004329584068910215, 0.5559627965630193, 0.8312070628819539, -0.0006364959776485656, -0.8312068192055657, 0.555962965114617, 0.9999997037099003, -0.0007697687917839742, -6.009896505069947e-06], "world_rotation": [0.0, 1.0, 0.0, 0.0]}, {"color": "CVYellow", "id_name": "object68623449418478", "shape": "CVCone", "id_string": "ob1199", "world_size": [0.1, 0.1, 0.1], "id": 1199, "camera_size": [58, 80], "camera_position": [242, 273], "world_position": [0.6700535682371146, 1.065868627091628, -0.17305244470785083], "world_orientation": [0.8307421635874791, -0.5566573969712381, -5.9329244395676084e-06, 0.5566573969188369, 0.8307421632297304, 2.6228470449597146e-05, -9.671541603804849e-06, -2.509170256353445e-05, 0.9999999996384339], "world_rotation": [-4.6096731346753374e-05, 3.3580952851446523e-06, 0.9999999989319073, 0.5903567162350397]}], "source": "action wait"}
{"timestamp": 1706069444.807407, "objects": [{"color": "cv_", "id_name": "hand", "shape": "CVCylinder", "id_string": "ob383", "world_size": [0.12, 0.005, 0.12], "id": 383, "camera_size": [73, 62], "camera_position": [241, 302], "world_position": [0.622367548426069, 1.143217290946214, -0.17411522806714755], "world_orientation": [0.0004763196925929224, 0.6024880040881387, 0.7981277955624908, -0.0006149651822537023, -0.7981275587025422, 0.6024881922970319, 0.9999996974686419, -0.0007777977958057002, -9.654728170881319e-06], "world_rotation": [0.0, 1.0, 0.0, 0.0]}, {"color": "CVYellow", "id_name": "object68623449418478", "shape": "CVCone", "id_string": "ob1199", "world_size": [0.1, 0.1, 0.1], "id": 1199, "camera_size": [60, 84], "camera_position": [241, 284], "world_position": [0.6526685133662399, 1.1025356614868862, -0.17343518690099452], "world_orientation": [0.7976325647990539, -0.6031436740711811, -7.674105015945743e-09, 0.6031436739247954, 0.7976325646051846, 2.2042150062887335e-05, -1.3288462257293264e-05, -1.7586165276239855e-05, 0.9999999997570718], "world_rotation": [-3.285147223103747e-05, 1.1009638927548695e-05, 0.9999999993997842, 0.6474365196911396]}], "source": "action wait"}
{"timestamp": 1706069444.839664, "objects": [{"color": "cv_", "id_name": "hand", "shape": "CVCylinder", "id_string": "ob383", "world_size": [0.12, 0.005, 0.12], "id": 383, "camera_size": [75, 62], "camera_position": [241, 312], "world_position": [0.6071317473332558, 1.1668553552759895, -0.17411677699516598], "world_orientation": [0.0005052767264952029, 0.6341312397554031, 0.7732252682509186, -0.000595038228670891, -0.7732250394094264, 0.6341314409172578, 0.9999996953124217, -0.0007805104526180398, -1.3360287107452949e-05], "world_rotation": [0.0, 1.0, 0.0, 0.0]}, {"color": "CVYellow", "id_name": "object68623449418478", "shape": "CVCone", "id_string": "ob1199", "world_size": [0.1, 0.1, 0.1], "id": 1199, "camera_size": [62, 87], "camera_position": [241, 294], "world_position": [0.6389891006865043, 1.127656950959344, -0.1736810382258933], "world_orientation": [0.7727098033446167, -0.6347594503456636, 3.4634265080539803e-06, 0.6347594501281468, 0.7727098032027337, 2.2525659843666843e-05, -1.6974599076484872e-05, -1.5207355482195941e-05, 0.9999999997402997], "world_rotation": [-2.9722295028631162e-05, 1.6099032133538763e-05, 0.9999999994287032, 0.6876971739528701]}], "source": "action wait"}
{"timestamp": 1706069444.871962, "objects": [{"color": "cv_", "id_name": "hand", "shape": "CVCylinder", "id_string": "ob383", "world_size": [0.12, 0.005, 0.12], "id": 383, "camera_size": [76, 62], "camera_position": [240, 320], "world_position": [0.5957735215148595, 1.1830829260813653, -0.17411835033622083], "world_orientation": [0.0005243134203699068, 0.6558334528685495, 0.7549054293048588, -0.0005784180715753612, -0.754905207888681, 0.6558336622460622, 0.9999996952639395, -0.000780513333286301, -1.6461010519807644e-05], "world_rotation": [0.0, 1.0, 0.0, 0.0]}, {"color": "CVYellow", "id_name": "object68623449418478", "shape": "CVCone", "id_string": "ob1199", "world_size": [0.1, 0.1, 0.1], "id": 1199, "camera_size": [63, 89], "camera_position": [241, 301], "world_position": [0.628682693664792, 1.1449750049741065, -0.17383886851261016], "world_orientation": [0.7543761477753771, -0.6564424023800121, 5.014086691596474e-06, 0.6564424020925766, 0.7543761476344933, 2.4800589650580292e-05, -2.006266605297972e-05, -1.5417514171030634e-05, 0.9999999996798948], "world_rotation": [-3.063338356754044e-05, 1.9100497349658626e-05, 0.9999999993483834, 0.7160930806426484]}], "source": "action wait"}
{"timestamp": 1706069444.90295, "objects": [{"color": "cv_", "id_name": "hand", "shape": "CVCylinder", "id_string": "ob383", "world_size": [0.12, 0.005, 0.12], "id": 383, "camera_size": [77, 62], "camera_position": [241, 326], "world_position": [0.5874829204558657, 1.1943020955893286, -0.17411967521432614], "world_orientation": [0.0005366825091070615, 0.670822319005544, 0.7416179126045357, -0.0005653228334444704, -0.7416176973743069, 0.6708225334254396, 0.9999996961909431, -0.0007792722600911218, -1.8782072506520144e-05], "world_rotation": [0.0, 1.0, 0.0, 0.0]}, {"color": "CVYellow", "id_name": "object68623449418478", "shape": "CVCone", "id_string": "ob1199", "world_size": [0.1, 0.1, 0.1], "id": 1199, "camera_size": [63, 91], "camera_position": [241, 306], "world_position": [0.6211114935666461, 1.1569806808491463, -0.17394012937316086], "world_orientation": [0.7410790393480623, -0.6714177964656572, 5.306073070274363e-06, 0.671417796113771, 0.7410790391767542, 2.746972194931357e-05, -2.2375879713452985e-05, -1.6794643266493436e-05, 0.9999999996086302], "world_rotation": [-3.296335413431116e-05, 2.0614550966460734e-05, 0.9999999992442288, 0.7361202853694716]}], "source": "action wait"}
