{"timestamp": 1706069659.852277, "objects": [{"color": "cv_", "id_name": "hand", "shape": "CVCylinder", "id_string": "ob383", "world_size": [0.12, 0.005, 0.12], "id": 383, "camera_size": [48, 50], "camera_position": [246, 426], "world_position": [0.26764451557302116, 0.6334703011721018, -0.17389260400900877], "world_orientation": [-0.0006415518776901097, 0.19791547456950656, 0.9802188803206738, -0.0007473676676959941, -0.9802189031849182, 0.1979149900349274, 0.9999995149262613, -0.0006056111649372043, 0.0007767769045160109], "world_rotation": [0.0, 1.0, 0.0, 0.0]}, {"color": "CVGreen", "id_name": "object61748254087931", "shape": "CVBox", "id_string": "ob1248", "world_size": [0.11, 0.11, 0.11], "id": 1248, "camera_size": [45, 45], "camera_position": [256, 254], "world_position": [0.705, 0.6547388572526824, -0.15], "world_orientation": [1.0, -3.838362879530641e-17, 1.4813540171849057e-17, 3.838362879530641e-17, 1.0, 5.294293626938881e-18, -1.4813540171849057e-17, -5.294293626938881e-18, 1.0], "world_rotation": [-0.1276280613210114, 0.35710588544125776, 0.925303444577321, 4.1482206750932463e-17]}], "source": "action wait"}
{"timestamp": 1706069659.885512, "objects": [{"color": "cv_", "id_name": "hand", "shape": "CVCylinder", "id_string": "ob383", "world_size": [0.12, 0.005, 0.12], "id": 383, "camera_size": [49, 51], "camera_position": [246, 421], "world_position": [0.2906260513958836, 0.6673008836373857, -0.17395634069910082], "world_orientation": [-0.0003862828570269784, 0.19374988058583234, 0.9810508827571228, -0.0007163583538339036, -0.9810507578418156, 0.19374957385426292, 0.9999996688080769, -0.0006279418564633067, 0.0005177574351400295], "world_rotation": [0.0, 1.0, 0.0, 0.0]}, {"color": "CVGreen", "id_name": "object61748254087931", "shape": "CVBox", "id_string": "ob1248", "world_size": [0.11, 0.11, 0.11], "id": 1248, "camera_size": [45, 45], "camera_position": [256, 254], "world_position": [0.705, 0.6547388572526824, -0.15], "world_orientation": [1.0, -3.838362879530641e-17, 1.4813540171849057e-17, 3.838362879530641e-17, 1.0, 5.294293626938881e-18, -1.4813540171849057e-17, -5.294293626938881e-18, 1.0], "world_rotation": [-0.1276280613210114, 0.35710588544125776, 0.925303444577321, 4.1482206750932463e-17]}], "source": "action wait"}
{"timestamp": 1706069659.917955, "objects": [{"color": "cv_", "id_name": "hand", "shape": "CVCylinder", "id_string": "ob383", "world_size": [0.12, 0.005, 0.12], "id": 383, "camera_size": [51, 52], "camera_position": [246, 406], "world_position": [0.3363326900568756, 0.7048428344073707, -0.17398422768344138], "world_orientation": [-0.00022932377149331484, 0.17876474717262714, 0.9838918195507648, -0.0007330944648170455, -0.9838916110898018, 0.1787645384286834, 0.9999997049915132, -0.0006802906887300026, 0.00035668118165284193], "world_rotation": [0.0, 1.0, 0.0, 0.0]}, {"color": "CVGreen", "id_name": "object61748254087931", "shape": "CVBox", "id_string": "ob1248", "world_size": [0.11, 0.11, 0.11], "id": 1248, "camera_size": [45, 45], "camera_position": [256, 254], "world_position": [0.705, 0.6547388572526824, -0.15], "world_orientation": [1.0, -3.838362879530641e-17, 1.4813540171849057e-17, 3.838362879530641e-17, 1.0, 5.294293626938881e-18, -1.4813540171849057e-17, -5.294293626938881e-18, 1.0], "world_rotation": [-0.1276280613210114, 0.35710588544125776, 0.925303444577321, 4.1482206750932463e-17]}], "source": "action wait"}
{"timestamp": 1706069659.950973, "objects": [{"color": "cv_", "id_name": "hand", "shape": "CVCylinder", "id_string": "ob383", "world_size": [0.12, 0.005, 0.12], "id": 383, "camera_size": [51, 52], "camera_position": [246, 388], "world_position": [0.38665432426397855, 0.7377218812677118, -0.1740047346936198], "world_orientation": [-0.00012773282806511873, 0.16810084415104007, 0.9857697955811144, -0.0007444814467836131, -0.9857695464255751, 0.16810070519570036, 0.9999997147158095, -0.0007124153451357228, 0.00025106309164494114], "world_rotation": [0.0, 1.0, 0.0, 0.0]}, {"color": "CVGreen", "id_name": "object61748254087931", "shape": "CVBox", "id_string": "ob1248", "world_size": [0.11, 0.11, 0.11], "id": 1248, "camera_size": [45, 45], "camera_position": [256, 254], "world_position": [0.705, 0.6547388572526824, -0.15], "world_orientation": [1.0, -3.838362879530641e-17, 1.4813540171849057e-17, 3.838362879530641e-17, 1.0, 5.294293626938881e-18, -1.4813540171849057e-17, -5.294293626938881e-18, 1.0], "world_rotation": [-0.1276280613210114, 0.35710588544125776, 0.925303444577321, 4.1482206750932463e-17]}], "source": "action wait"}
{"timestamp": 1706069659.983729, "objects": [{"color": "cv_", "id_name": "hand", "shape": "CVCylinder", "id_string": "ob383", "world_size": [0.12, 0.005, 0.12], "id": 383, "camera_size": [52, 53], "camera_position": [245, 368], "world_position": [0.44059625353031356, 0.7654655390559125, -0.17402320888465303], "world_orientation": [-5.6218515264042814e-05, 0.1605647046828572, 0.9870253149993599, -0.0007519241171821653, -0.9870250443194155, 0.1605646178221645, 0.99999971572476, -0.0007331414341997193, 0.00017622155633975408], "world_rotation": [0.0, 1.0, 0.0, 0.0]}, {"color": "CVGreen", "id_name": "object61748254087931", "shape": "CVBox", "id_string": "ob1248", "world_size": [0.11, 0.11, 0.11], "id": 1248, "camera_size": [45, 45], "camera_position": [256, 254], "world_position": [0.705, 0.6547388572526824, -0.15], "world_orientation": [1.0, -3.838362879530641e-17, 1.4813540171849057e-17, 3.838362879530641e-17, 1.0, 5.294293626938881e-18, -1.4813540171849057e-17, -5.294293626938881e-18, 1.0], "world_rotation": [-0.1276280613210114, 0.35710588544125776, 0.925303444577321, 4.1482206750932463e-17]}], "source": "action wait"}
{"timestamp": 1706069660.014267, "objects": [{"color": "cv_", "id_name": "hand", "shape": "CVCylinder", "id_string": "ob383", "world_size": [0.12, 0.005, 0.12], "id": 383, "camera_size": [52, 54], "camera_position": [245, 344], "world_position": [0.4976295053892423, 0.7817652286828081, -0.17403854048229403], "world_orientation": [-1.1501496193840262e-05, 0.14665713998798224, 0.9891873852603768, -0.0007642415630309932, -0.9891870977399188, 0.14665708847413367, 0.9999997079012318, -0.0007542913374973598, 0.00012345861353413597], "world_rotation": [0.0, 1.0, 0.0, 0.0]}, {"color": "CVGreen", "id_name": "object61748254087931", "shape": "CVBox", "id_string": "ob1248", "world_size": [0.11, 0.11, 0.11], "id": 1248, "camera_size": [45, 45], "camera_position": [256, 254], "world_position": [0.705, 0.6547388572526824, -0.15], "world_orientation": [1.0, -3.838362879530641e-17, 1.4813540171849057e-17, 3.838362879530641e-17, 1.0, 5.294293626938881e-18, -1.4813540171849057e-17, -5.294293626938881e-18, 1.0], "world_rotation": [-0.1276280613210114, 0.35710588544125776, 0.925303444577321, 4.1482206750932463e-17]}], "source": "action wait"}
{"timestamp": 1706069660.043191, "objects": [{"color": "cv_", "id_name": "hand", "shape": "CVCylinder", "id_string": "ob383", "world_size": [0.12, 0.005, 0.12], "id": 383, "camera_size": [52, 52], "camera_position": [245, 318], "world_position": [0.5562704006227619, 0.7742837713821481, -0.17405036840500504], "world_orientation": [-3.9007937054609125e-06, 0.10881915775369198, 0.9940615629278506, -0.0007770990599602737, -0.9940612631168179, 0.10881912188419643, 0.999999698050872, -0.000772059825148547, 8.844089311447303e-05], "world_rotation": [0.0, 1.0, 0.0, 0.0]}, {"color": "CVGreen", "id_name": "object61748254087931", "shape": "CVBox", "id_string": "ob1248", "world_size": [0.11, 0.11, 0.11], "id": 1248, "camera_size": [45, 45], "camera_position": [256, 254], "world_position": [0.705, 0.6547388572526824, -0.15], "world_orientation": [1.0, -3.838362879530641e-17, 1.4813540171849057e-17, 3.838362879530641e-17, 1.0, 5.294293626938881e-18, -1.4813540171849057e-17, -5.294293626938881e-18, 1.0], "world_rotation": [-0.1276280613210114, 0.35710588544125776, 0.925303444577321, 4.1482206750932463e-17]}], "source": "action wait"}
{"timestamp": 1706069660.076534, "objects": [{"color": "cv_", "id_name": "hand", "shape": "CVCylinder", "id_string": "ob383", "world_size": [0.12, 0.005, 0.12], "id": 383, "camera_size": [52, 52], "camera_position": [245, 298], "world_position": [0.6016842168794072, 0.7613662519382322, -0.17405594967721824], "world_orientation": [-1.7701276477609604e-05, 0.07628156057960424, 0.9970863168262841, -0.000775368512442178, -0.9970860183070981, 0.07628152397643277, 0.9999996992451222, -0.0007717590539083774, 7.679601543577936e-05], "world_rotation": [0.0, 1.0, 0.0, 0.0]}, {"color": "CVGreen", "id_name": "object61748254087931", "shape": "CVBox", "id_string": "ob1248", "world_size": [0.11, 0.11, 0.11], "id": 1248, "camera_size": [45, 45], "camera_position": [256, 254], "world_position": [0.705, 0.6547388572526824, -0.15], "world_orientation": [1.0, -3.838362879530641e-17, 1.4813540171849057e-17, 3.838362879530641e-17, 1.0, 5.294293626938881e-18, -1.4813540171849057e-17, -5.294293626938881e-18, 1.0], "world_rotation": [-0.1276280613210114, 0.35710588544125776, 0.925303444577321, 4.1482206750932463e-17]}], "source": "action wait"}
{"timestamp": 1706069660.113944, "objects": [{"color": "cv_", "id_name": "hand", "shape": "CVCylinder", "id_string": "ob383", "world_size": [0.12, 0.005, 0.12], "id": 383, "camera_size": [51, 52], "camera_position": [246, 284], "world_position": [0.6335865947522175, 0.7497900097756338, -0.17406361672278414], "world_orientation": [-2.363239766916603e-05, 0.05329181856179172, 0.9985789811106015, -0.000771525580583638, -0.9985786851581462, 0.05329178450855793, 0.9999997020948498, -0.0007691698155163546, 6.47148098482376e-05], "world_rotation": [0.0, 1.0, 0.0, 0.0]}, {"color": "CVGreen", "id_name": "object61748254087931", "shape": "CVBox", "id_string": "ob1248", "world_size": [0.11, 0.11, 0.11], "id": 1248, "camera_size": [45, 45], "camera_position": [256, 254], "world_position": [0.705, 0.6547388572526824, -0.15], "world_orientation": [1.0, -3.838362879530641e-17, 1.4813540171849057e-17, 3.838362879530641e-17, 1.0, 5.294293626938881e-18, -1.4813540171849057e-17, -5.294293626938881e-18, 1.0], "world_rotation": [-0.1276280613210114, 0.35710588544125776, 0.925303444577321, 4.1482206750932463e-17]}], "source": "action wait"}
{"timestamp": 1706069660.148889, "objects": [{"color": "cv_", "id_name": "hand", "shape": "CVCylinder", "id_string": "ob383", "world_size": [0.12, 0.005, 0.12], "id": 383, "camera_size": [51, 51], "camera_position": [246, 275], "world_position": [0.6559237895813642, 0.7404338934511936, -0.17407149261222216], "world_orientation": [-2.4761570829805217e-05, 0.03707022044204763, 0.9993126628554462, -0.0007680319808290629, -0.9993123691329081, 0.03707019051544077, 0.999999704756827, -0.0007665861677726548, 5.3215658845638315e-05], "world_rotation": [0.0, 1.0, 0.0, 0.0]}, {"color": "CVGreen", "id_name": "object61748254087931", "shape": "CVBox", "id_string": "ob1248", "world_size": [0.11, 0.11, 0.11], "id": 1248, "camera_size": [45, 45], "camera_position": [256, 254], "world_position": [0.705, 0.6547388572526824, -0.15], "world_orientation": [1.0, -3.838362879530641e-17, 1.4813540171849057e-17, 3.838362879530641e-17, 1.0, 5.294293626938881e-18, -1.4813540171849057e-17, -5.294293626938881e-18, 1.0], "world_rotation": [-0.1276280613210114, 0.35710588544125776, 0.925303444577321, 4.1482206750932463e-17]}], "source": "action wait"}
{"timestamp": 1706069660.184492, "objects": [{"color": "cv_", "id_name": "hand", "shape": "CVCylinder", "id_string": "ob383", "world_size": [0.12, 0.005, 0.12], "id": 383, "camera_size": [51, 51], "camera_position": [246, 268], "world_position": [0.6715589482236541, 0.7332676265631269, -0.17407860648850002], "world_orientation": [-2.3423410362949146e-05, 0.025631335166950035, 0.9996714630861999, -0.0007655058498474196, -0.9996711709166419, 0.025631309739142894, 0.9999997067260258, -0.0007646539802322535, 4.303664507446399e-05], "world_rotation": [0.0, 1.0, 0.0, 0.0]}, {"color": "CVGreen", "id_name": "object61748254087931", "shape": "CVBox", "id_string": "ob1248", "world_size": [0.11, 0.11, 0.11], "id": 1248, "camera_size": [45, 45], "camera_position": [256, 254], "world_position": [0.705, 0.6547388572526824, -0.15], "world_orientation": [1.0, -3.838362879530641e-17, 1.4813540171849057e-17, 3.838362879530641e-17, 1.0, 5.294293626938881e-18, -1.4813540171849057e-17, -5.294293626938881e-18, 1.0], "world_rotation": [-0.1276280613210114, 0.35710588544125776, 0.925303444577321, 4.1482206750932463e-17]}], "source": "action wait"}
{"timestamp": 1706069660.217261, "objects": [{"color": "cv_", "id_name": "hand", "shape": "CVCylinder", "id_string": "ob383", "world_size": [0.12, 0.005, 0.12], "id": 383, "camera_size": [51, 50], "camera_position": [246, 263], "world_position": [0.6825111569272794, 0.7279477195488901, -0.1740846229874309], "world_orientation": [-2.100793244605307e-05, 0.017567467615142485, 0.9998456799127843, -0.0007639032155993961, -0.9998453886862625, 0.017567446447736678, 0.9999997080052294, -0.0007634162742607022, 3.44245293835349e-05], "world_rotation": [0.0, 1.0, 0.0, 0.0]}, {"color": "CVGreen", "id_name": "object61748254087931", "shape": "CVBox", "id_string": "ob1248", "world_size": [0.11, 0.11, 0.11], "id": 1248, "camera_size": [45, 45], "camera_position": [256, 254], "world_position": [0.705, 0.6547388572526824, -0.15], "world_orientation": [1.0, -3.838362879530641e-17, 1.4813540171849057e-17, 3.838362879530641e-17, 1.0, 5.294293626938881e-18, -1.4813540171849057e-17, -5.294293626938881e-18, 1.0], "world_rotation": [-0.1276280613210114, 0.35710588544125776, 0.925303444577321, 4.1482206750932463e-17]}], "source": "action wait"}
{"timestamp": 1706069660.250431, "objects": [{"color": "cv_", "id_name": "hand", "shape": "CVCylinder", "id_string": "ob383", "world_size": [0.12, 0.005, 0.12], "id": 383, "camera_size": [51, 51], "camera_position": [246, 260], "world_position": [0.6901910566729644, 0.7240742279003831, -0.17408951626605443], "world_orientation": [-1.8293940510343663e-05, 0.01188360158369597, 0.9999293873462926, -0.0007629954744412169, -0.9999290966189529, 0.011883584169384976, 0.9999997087515765, -0.0007627241997244824, 2.7359777636898983e-05], "world_rotation": [0.0, 1.0, 0.0, 0.0]}, {"color": "CVGreen", "id_name": "object61748254087931", "shape": "CVBox", "id_string": "ob1248", "world_size": [0.11, 0.11, 0.11], "id": 1248, "camera_size": [45, 45], "camera_position": [256, 254], "world_position": [0.705, 0.6547388572526824, -0.15], "world_orientation": [1.0, -3.838362879530641e-17, 1.4813540171849057e-17, 3.838362879530641e-17, 1.0, 5.294293626938881e-18, -1.4813540171849057e-17, -5.294293626938881e-18, 1.0], "world_rotation": [-0.1276280613210114, 0.35710588544125776, 0.925303444577321, 4.1482206750932463e-17]}], "source": "action wait"}
{"timestamp": 1706069660.286118, "objects": [{"color": "cv_", "id_name": "hand", "shape": "CVCylinder", "id_string": "ob383", "world_size": [0.12, 0.005, 0.12], "id": 383, "camera_size": [51, 50], "camera_position": [246, 257], "world_position": [0.6955818707713094, 0.7212887226798131, -0.17409339632044138], "world_orientation": [-1.5686111876290677e-05, 0.007877503572533851, 0.9999689718643328, -0.0007625505737167056, -0.9999686813488724, 0.007877489322101867, 0.999999709135242, -0.0007624033460155768, 2.169261547748344e-05], "world_rotation": [0.0, 1.0, 0.0, 0.0]}, {"color": "CVGreen", "id_name": "object61748254087931", "shape": "CVBox", "id_string": "ob1248", "world_size": [0.11, 0.11, 0.11], "id": 1248, "camera_size": [45, 45], "camera_position": [256, 254], "world_position": [0.705, 0.6547388572526824, -0.15], "world_orientation": [1.0, -3.838362879530641e-17, 1.4813540171849057e-17, 3.838362879530641e-17, 1.0, 5.294293626938881e-18, -1.4813540171849057e-17, -5.294293626938881e-18, 1.0], "world_rotation": [-0.1276280613210114, 0.35710588544125776, 0.925303444577321, 4.1482206750932463e-17]}], "source": "action wait"}
{"timestamp": 1706069660.30945, "objects": [{"color": "cv_", "id_name": "hand", "shape": "CVCylinder", "id_string": "ob383", "world_size": [0.12, 0.005, 0.12], "id": 383, "camera_size": [51, 50], "camera_position": [246, 256], "world_position": [0.6993692548551801, 0.7193018336664475, -0.1740964197594278], "world_orientation": [-1.3369726541833843e-05, 0.005053954840135763, 0.999987228599308, -0.0007623874316875532, -0.9999869381265674, 0.005053943179039582, 0.9999997092932851, -0.000762310125094291, 1.722262355896001e-05], "world_rotation": [0.0, 1.0, 0.0, 0.0]}, {"color": "CVGreen", "id_name": "object61748254087931", "shape": "CVBox", "id_string": "ob1248", "world_size": [0.11, 0.11, 0.11], "id": 1248, "camera_size": [45, 45], "camera_position": [256, 254], "world_position": [0.705, 0.6547388572526824, -0.15], "world_orientation": [1.0, -3.838362879530641e-17, 1.4813540171849057e-17, 3.838362879530641e-17, 1.0, 5.294293626938881e-18, -1.4813540171849057e-17, -5.294293626938881e-18, 1.0], "world_rotation": [-0.1276280613210114, 0.35710588544125776, 0.925303444577321, 4.1482206750932463e-17]}], "source": "action wait"}
{"timestamp": 1706069660.33698, "objects": [{"color": "cv_", "id_name": "hand", "shape": "CVCylinder", "id_string": "ob383", "world_size": [0.12, 0.005, 0.12], "id": 383, "camera_size": [50, 50], "camera_position": [245, 255], "world_position": [0.7020320741789883, 0.7178921806732602, -0.17409874641318793], "world_orientation": [-1.1407061568354635e-05, 0.0030638571291217807, 0.9999953063136703, -0.0007623810680369014, -0.9999950157942507, 0.003063847542439363, 0.9999997093224509, -0.00076234254016211, 1.3742831383990489e-05], "world_rotation": [0.0, 1.0, 0.0, 0.0]}, {"color": "CVGreen", "id_name": "object61748254087931", "shape": "CVBox", "id_string": "ob1248", "world_size": [0.11, 0.11, 0.11], "id": 1248, "camera_size": [45, 45], "camera_position": [256, 254], "world_position": [0.705, 0.6547388572526824, -0.15], "world_orientation": [1.0, -3.838362879530641e-17, 1.4813540171849057e-17, 3.838362879530641e-17, 1.0, 5.294293626938881e-18, -1.4813540171849057e-17, -5.294293626938881e-18, 1.0], "world_rotation": [-0.1276280613210114, 0.35710588544125776, 0.925303444577321, 4.1482206750932463e-17]}], "source": "action wait"}
{"timestamp": 1706069660.370131, "objects": [{"color": "cv_", "id_name": "hand", "shape": "CVCylinder", "id_string": "ob383", "world_size": [0.12, 0.005, 0.12], "id": 383, "camera_size": [50, 50], "camera_position": [245, 254], "world_position": [0.7039053347086855, 0.7168955986676521, -0.17410052031339893], "world_orientation": [-9.795478946324232e-06, 0.0016611614841096007, 0.9999986202223342, -0.0007624519449722796, -0.9999983296165911, 0.0016611535327739394, 0.999999709285498, -0.0007624346211640115, 1.1062018388955979e-05], "world_rotation": [0.0, 1.0, 0.0, 0.0]}, {"color": "CVGreen", "id_name": "object61748254087931", "shape": "CVBox", "id_string": "ob1248", "world_size": [0.11, 0.11, 0.11], "id": 1248, "camera_size": [45, 45], "camera_position": [256, 254], "world_position": [0.705, 0.6547388572526824, -0.15], "world_orientation": [1.0, -3.838362879530641e-17, 1.4813540171849057e-17, 3.838362879530641e-17, 1.0, 5.294293626938881e-18, -1.4813540171849057e-17, -5.294293626938881e-18, 1.0], "world_rotation": [-0.1276280613210114, 0.35710588544125776, 0.925303444577321, 4.1482206750932463e-17]}], "source": "action wait"}
{"timestamp": 1706069660.404916, "objects": [{"color": "cv_", "id_name": "hand", "shape": "CVCylinder", "id_string": "ob383", "world_size": [0.12, 0.005, 0.12], "id": 383, "camera_size": [50, 50], "camera_position": [245, 253], "world_position": [0.7052237616319856, 0.7161926737898398, -0.17410186320461618], "world_orientation": [-8.501384652591895e-06, 0.0006724618155228606, 0.9999997738613912, -0.0007625528429480172, -0.9999994831584916, 0.0006724551372800724, 0.9999997092204019, -0.0007625469537059683, 9.014167928288896e-06], "world_rotation": [0.0, 1.0, 0.0, 0.0]}, {"color": "CVGreen", "id_name": "object61748254087931", "shape": "CVBox", "id_string": "ob1248", "world_size": [0.11, 0.11, 0.11], "id": 1248, "camera_size": [45, 45], "camera_position": [256, 254], "world_position": [0.705, 0.6547388572526824, -0.15], "world_orientation": [1.0, -3.838362879530641e-17, 1.4813540171849057e-17, 3.838362879530641e-17, 1.0, 5.294293626938881e-18, -1.4813540171849057e-17, -5.294293626938881e-18, 1.0], "world_rotation": [-0.1276280613210114, 0.35710588544125776, 0.925303444577321, 4.1482206750932463e-17]}], "source": "action wait"}
{"timestamp": 1706069660.440614, "objects": [{"color": "cv_", "id_name": "hand", "shape": "CVCylinder", "id_string": "ob383", "world_size": [0.12, 0.005, 0.12], "id": 383, "camera_size": [50, 50], "camera_position": [245, 253], "world_position": [0.7061520296369863, 0.7156976099504673, -0.17410287414344744], "world_orientation": [-7.479394710321568e-06, -2.444994913568406e-05, 0.9999999996731294, -0.0007626577813043977, -0.9999997088774728, -2.445564624396282e-05, 0.9999997091485415, -0.0007626579639689027, 7.460745589304712e-06], "world_rotation": [0.0, 1.0, 0.0, 0.0]}, {"color": "CVGreen", "id_name": "object61748254087931", "shape": "CVBox", "id_string": "ob1248", "world_size": [0.11, 0.11, 0.11], "id": 1248, "camera_size": [45, 45], "camera_position": [256, 254], "world_position": [0.705, 0.6547388572526824, -0.15], "world_orientation": [1.0, -3.838362879530641e-17, 1.4813540171849057e-17, 3.838362879530641e-17, 1.0, 5.294293626938881e-18, -1.4813540171849057e-17, -5.294293626938881e-18, 1.0], "world_rotation": [-0.1276280613210114, 0.35710588544125776, 0.925303444577321, 4.1482206750932463e-17]}], "source": "action wait"}
{"timestamp": 1706069660.480558, "objects": [{"color": "cv_", "id_name": "hand", "shape": "CVCylinder", "id_string": "ob383", "world_size": [0.12, 0.005, 0.12], "id": 383, "camera_size": [50, 50], "camera_position": [245, 253], "world_position": [0.7068057884320278, 0.7153492598169324, -0.17410363175830879], "world_orientation": [-6.6826257932144264e-06, -0.0005157010228423812, 0.99999986700389, -0.000762753915040056, -0.9999995761268191, -0.0005157059700360559, 0.9999997090808617, -0.0007627572598671404, 6.28926998682948e-06], "world_rotation": [0.0, 1.0, 0.0, 0.0]}, {"color": "CVGreen", "id_name": "object61748254087931", "shape": "CVBox", "id_string": "ob1248", "world_size": [0.11, 0.11, 0.11], "id": 1248, "camera_size": [45, 45], "camera_position": [256, 254], "world_position": [0.705, 0.6547388572526824, -0.15], "world_orientation": [1.0, -3.838362879530641e-17, 1.4813540171849057e-17, 3.838362879530641e-17, 1.0, 5.294293626938881e-18, -1.4813540171849057e-17, -5.294293626938881e-18, 1.0], "world_rotation": [-0.1276280613210114, 0.35710588544125776, 0.925303444577321, 4.1482206750932463e-17]}], "source": "action wait"}
{"timestamp": 1706069660.510757, "objects": [{"color": "cv_", "id_name": "hand", "shape": "CVCylinder", "id_string": "ob383", "world_size": [0.12, 0.005, 0.12], "id": 383, "camera_size": [50, 50], "camera_position": [245, 252], "world_position": [0.7072663243536692, 0.7151042741636923, -0.1741041974107843], "world_orientation": [-6.067779387095523e-06, -0.0008619918579682157, 0.9999996284665406, -0.0007628360689170271, -0.9999993375215912, -0.0008619962358983005, 0.9999997090221147, -0.0007628410159012586, 5.4102168873156894e-06], "world_rotation": [0.0, 1.0, 0.0, 0.0]}, {"color": "CVGreen", "id_name": "object61748254087931", "shape": "CVBox", "id_string": "ob1248", "world_size": [0.11, 0.11, 0.11], "id": 1248, "camera_size": [45, 45], "camera_position": [256, 254], "world_position": [0.705, 0.6547388572526824, -0.15], "world_orientation": [1.0, -3.838362879530641e-17, 1.4813540171849057e-17, 3.838362879530641e-17, 1.0, 5.294293626938881e-18, -1.4813540171849057e-17, -5.294293626938881e-18, 1.0], "world_rotation": [-0.1276280613210114, 0.35710588544125776, 0.925303444577321, 4.1482206750932463e-17]}], "source": "action wait"}
{"timestamp": 1706069660.548153, "objects": [{"color": "cv_", "id_name": "hand", "shape": "CVCylinder", "id_string": "ob383", "world_size": [0.12, 0.005, 0.12], "id": 383, "camera_size": [50, 50], "camera_position": [245, 252], "world_position": [0.7075908074629665, 0.714932028428195, -0.17410461840657637], "world_orientation": [-5.597259098786557e-06, -0.001106104079318908, 0.9999993882510311, -0.000762903255725417, -0.9999990972514194, -0.0011061080276122822, 0.9999997089736042, -0.000762908980193725, 4.753403642949177e-06], "world_rotation": [0.0, 1.0, 0.0, 0.0]}, {"color": "CVGreen", "id_name": "object61748254087931", "shape": "CVBox", "id_string": "ob1248", "world_size": [0.11, 0.11, 0.11], "id": 1248, "camera_size": [45, 45], "camera_position": [256, 254], "world_position": [0.705, 0.6547388572526824, -0.15], "world_orientation": [1.0, -3.838362879530641e-17, 1.4813540171849057e-17, 3.838362879530641e-17, 1.0, 5.294293626938881e-18, -1.4813540171849057e-17, -5.294293626938881e-18, 1.0], "world_rotation": [-0.1276280613210114, 0.35710588544125776, 0.925303444577321, 4.1482206750932463e-17]}], "source": "action wait"}
{"timestamp": 1706069661.604428, "objects": [{"color": "cv_", "id_name": "hand", "shape": "CVCylinder", "id_string": "ob383", "world_size": [0.12, 0.005, 0.12], "id": 383, "camera_size": [50, 50], "camera_position": [245, 252], "world_position": [0.7083656962965283, 0.7145239562620661, -0.1741058061044612], "world_orientation": [-4.1802160949341574e-06, -0.0016894287603575694, 0.9999985729054766, -0.0007631191305906963, -0.9999982817337937, -0.0016894314584500988, 0.9999997088158169, -0.0007631251037365032, 2.8909735057747754e-06], "world_rotation": [0.0, 1.0, 0.0, 0.0]}, {"color": "CVGreen", "id_name": "object61748254087931", "shape": "CVBox", "id_string": "ob1248", "world_size": [0.11, 0.11, 0.11], "id": 1248, "camera_size": [45, 45], "camera_position": [256, 254], "world_position": [0.705, 0.6547388572526824, -0.15], "world_orientation": [1.0, -3.838362879530641e-17, 1.4813540171849057e-17, 3.838362879530641e-17, 1.0, 5.294293626938881e-18, -1.4813540171849057e-17, -5.294293626938881e-18, 1.0], "world_rotation": [-0.1276280613210114, 0.35710588544125776, 0.925303444577321, 4.1482206750932463e-17]}], "source": "action wait"}
{"timestamp": 1706069661.634515, "objects": [{"color": "cv_", "id_name": "hand", "shape": "CVCylinder", "id_string": "ob383", "world_size": [0.12, 0.005, 0.12], "id": 383, "camera_size": [51, 50], "camera_position": [246, 251], "world_position": [0.7106264456255961, 0.7349892704741481, -0.17408903539473464], "world_orientation": [1.341205613691526e-05, 0.0282951550170621, 0.9995996118560058, -0.0007434225953107899, -0.999599335435812, 0.028295157167396785, 0.9999997235714427, -0.0007435044339543373, 7.628575176569954e-06], "world_rotation": [0.0, 1.0, 0.0, 0.0]}, {"color": "CVGreen", "id_name": "object61748254087931", "shape": "CVBox", "id_string": "ob1248", "world_size": [0.11, 0.11, 0.11], "id": 1248, "camera_size": [46, 48], "camera_position": [252, 251], "world_position": [0.7100938187670043, 0.6768957555681949, -0.15865684546176428], "world_orientation": [0.9995599716553549, -0.029662485333257178, -5.310399612575728e-06, 0.029662485485878482, 0.999559971170637, 3.143493903008935e-05, 4.375624465718933e-06, -3.157862641733616e-05, 0.9999999994918222], "world_rotation": [0.0010621754750315927, 0.00016327051411039325, -0.9999994225628329, -0.029666854089270698]}], "source": "action wait"}
{"timestamp": 1706069661.66521, "objects": [{"color": "cv_", "id_name": "hand", "shape": "CVCylinder", "id_string": "ob383", "world_size": [0.12, 0.005, 0.12], "id": 383, "camera_size": [52, 53], "camera_position": [245, 250], "world_position": [0.7138007043102177, 0.7837522209389314, -0.17410748978494014], "world_orientation": [6.998411109937719e-05, 0.09862890201396421, 0.9951242810773657, -0.0007262746226971065, -0.9951240160496941, 0.09862892682322313, 0.999999733813663, -0.0007296359695489285, 1.9887989007238423e-06], "world_rotation": [0.0, 1.0, 0.0, 0.0]}, {"color": "CVGreen", "id_name": "object61748254087931", "shape": "CVBox", "id_string": "ob1248", "world_size": [0.11, 0.11, 0.11], "id": 1248, "camera_size": [48, 53], "camera_position": [249, 248], "world_position": [0.7179079953476475, 0.7268232052112229, -0.1642297827888396], "world_orientation": [0.995008986128768, -0.09978535718599972, -3.776765342937715e-06, 0.09978535724577227, 0.9950089847197852, 5.2973920576765414e-05, -1.5281061368940205e-06, -5.308639288333172e-05, 0.9999999985897501], "world_rotation": [0.0005314421947027348, 1.1267479272989087e-05, -0.9999998587211086, -0.09995171355187649]}], "source": "action wait"}
{"timestamp": 1706069661.696228, "objects": [{"color": "cv_", "id_name": "hand", "shape": "CVCylinder", "id_string": "ob383", "world_size": [0.12, 0.005, 0.12], "id": 383, "camera_size": [56, 55], "camera_position": [244, 250], "world_position": [0.7124872920120936, 0.8536338439921558, -0.17411500342990002], "world_orientation": [0.00014478630527008915, 0.19788991539083567, 0.980224239867355, -0.0007168157664613293, -0.9802239777717621, 0.1978899683573202, 0.9999997326060057, -0.0007312919471732551, -7.239670246240969e-08], "world_rotation": [0.0, 1.0, 0.0, 0.0]}, {"color": "CVGreen", "id_name": "object61748254087931", "shape": "CVBox", "id_string": "ob1248", "world_size": [0.11, 0.11, 0.11], "id": 1248, "camera_size": [51, 60], "camera_position": [248, 245], "world_position": [0.7225930117307323, 0.7979452726010765, -0.16779238238424155], "world_orientation": [0.9800197891076844, -0.1989000072911106, -7.5449325211475575e-06, 0.19890000739919408, 0.9800197875182332, 5.5940305058084055e-05, -3.732343917705414e-06, -5.632329309992574e-05, 0.9999999984068781], "world_rotation": [0.00028221113508439965, 9.584183787454046e-06, -0.9999999601325084, -0.20023538195331372]}], "source": "action wait"}
{"timestamp": 1706069661.735337, "objects": [{"color": "cv_", "id_name": "hand", "shape": "CVCylinder", "id_string": "ob383", "world_size": [0.12, 0.005, 0.12], "id": 383, "camera_size": [59, 57], "camera_position": [244, 254], "world_position": [0.7036900207969874, 0.9231020366479757, -0.17411664626516646], "world_orientation": [0.00021982306150917046, 0.29521231005001775, 0.9554316530619831, -0.0007079293124632574, -0.9554313907915715, 0.29521239189128246, 0.9999997252569175, -0.0007412725650390301, -1.0364057009393793e-06], "world_rotation": [0.0, 1.0, 0.0, 0.0]}, {"color": "CVGreen", "id_name": "object61748254087931", "shape": "CVBox", "id_string": "ob1248", "world_size": [0.11, 0.11, 0.11], "id": 1248, "camera_size": [54, 68], "camera_position": [246, 246], "world_position": [0.7195302778414089, 0.8690591852480757, -0.17006953495944982], "world_orientation": [0.9551518773447636, -0.29611634723920344, -1.012350058502456e-05, 0.2961163473743159, 0.9551518761169663, 4.866141184870187e-05, -4.739958951482674e-06, -4.9476772897413536e-05, 0.9999999987647908], "world_rotation": [0.00016570882406060917, 9.090247141654704e-06, -0.9999999862289765, -0.30062407572298655]}], "source": "action wait"}
{"timestamp": 1706069661.769862, "objects": [{"color": "cv_", "id_name": "hand", "shape": "CVCylinder", "id_string": "ob383", "world_size": [0.12, 0.005, 0.12], "id": 383, "camera_size": [62, 58], "camera_position": [243, 262], "world_position": [0.6876904343693309, 0.9912501208855493, -0.17411696998684467], "world_orientation": [0.0002936668434736089, 0.38955041874407587, 0.9210050950000767, -0.0006880930259670472, -0.9210048379622946, 0.38955052942851415, 0.9999997201438472, -0.0007481352571006088, -2.4216571874992207e-06], "world_rotation": [0.0, 1.0, 0.0, 0.0]}, {"color": "CVGreen", "id_name": "object61748254087931", "shape": "CVBox", "id_string": "ob1248", "world_size": [0.11, 0.11, 0.11], "id": 1248, "camera_size": [57, 75], "camera_position": [245, 251], "world_position": [0.7089985073057002, 0.9392932842352752, -0.1715260572251968], "world_orientation": [0.9206571261831059, -0.39037220171213705, -1.1776400214816537e-05, 0.3903722018416633, 0.9206571251771472, 4.3472319489451394e-05, -6.128358305922052e-06, -4.4620280011298704e-05, 0.9999999989857371], "world_rotation": [0.00011283154709366169, 7.234175291024038e-06, -0.9999999936083543, -0.40103583916360563]}], "source": "action wait"}
{"timestamp": 1706069661.801491, "objects": [{"color": "cv_", "id_name": "hand", "shape": "CVCylinder", "id_string": "ob383", "world_size": [0.12, 0.005, 0.12], "id": 383, "camera_size": [66, 60], "camera_position": [242, 275], "world_position": [0.6647587872142686, 1.0573944124755097, -0.17411694041864145], "world_orientation": [0.0003651202498928106, 0.4799561986880279, 0.87729237659297, -0.0006586630636950383, -0.877292129343839, 0.4799563375499087, 0.9999997164250457, -0.0007530818624270278, -4.187701227228666e-06], "world_rotation": [0.0, 1.0, 0.0, 0.0]}, {"color": "CVGreen", "id_name": "object61748254087931", "shape": "CVBox", "id_string": "ob1248", "world_size": [0.11, 0.11, 0.11], "id": 1248, "camera_size": [61, 83], "camera_position": [244, 261], "world_position": [0.6912513928052777, 1.0079804251410869, -0.17245792671883955], "world_orientation": [0.8768803567677369, -0.48070868491384094, -1.2778592884320952e-05, 0.4807086850190971, 0.8768803559043261, 3.970281127289957e-05, -7.880189118018132e-06, -4.0957395895478605e-05, 0.9999999991301973], "world_rotation": [8.389718077288803e-05, 5.094981536834136e-06, -0.999999996467652, -0.5014627243682416]}], "source": "action wait"}
{"timestamp": 1706069661.832676, "objects": [{"color": "cv_", "id_name": "hand", "shape": "CVCylinder", "id_string": "ob383", "world_size": [0.12, 0.005, 0.12], "id": 383, "camera_size": [71, 61], "camera_position": [242, 291], "world_position": [0.6401907586265266, 1.1101199447126036, -0.17411576060999406], "world_orientation": [0.00042846113510848044, 0.5512595808271296, 0.8343336808300101, -0.0006375704774716158, -0.8343334372463992, 0.5512597473029349, 0.9999997049624274, -0.000768139900326574, -6.012617422292126e-06], "world_rotation": [0.0, 1.0, 0.0, 0.0]}, {"color": "CVGreen", "id_name": "object61748254087931", "shape": "CVBox", "id_string": "ob1248", "world_size": [0.11, 0.11, 0.11], "id": 1248, "camera_size": [64, 89], "camera_position": [242, 273], "world_position": [0.6707058930561695, 1.0632810996659459, -0.17305375533947462], "world_orientation": [0.8338727097200506, -0.5519567953558329, -6.682786043381009e-06, 0.5519567953115342, 0.8338727093187129, 2.762047679391098e-05, -9.672716953575848e-06, -2.6720570996155555e-05, 0.999999999596225], "world_rotation": [-4.922581638946615e-05, 2.708482739807333e-06, 0.9999999987847414, 0.5847090566851408]}], "source": "action wait"}
{"timestamp": 1706069661.859574, "objects": [{"color": "cv_", "id_name": "hand", "shape": "CVCylinder", "id_string": "ob383", "world_size": [0.12, 0.005, 0.12], "id": 383, "camera_size": [73, 61], "camera_position": [241, 304], "world_position": [0.6197996608152577, 1.1457269332255922, -0.1741161814815232], "world_orientation": [0.0004735327878409667, 0.5993057306710984, 0.8005200915351716, -0.0006165308731507653, -0.8005198541778807, 0.5993059176720247, 0.9999996978281451, -0.0007773363529738206, -9.581912855487791e-06], "world_rotation": [0.0, 1.0, 0.0, 0.0]}, {"color": "CVGreen", "id_name": "object61748254087931", "shape": "CVBox", "id_string": "ob1248", "world_size": [0.11, 0.11, 0.11], "id": 1248, "camera_size": [67, 94], "camera_position": [242, 284], "world_position": [0.6529628075250032, 1.100995253968623, -0.17343619498214558], "world_orientation": [0.8000274694335687, -0.5999633723417244, -2.5662496707374427e-07, 0.5999633721962693, 0.8000274692300434, 2.2366340946455888e-05, -1.3213678318231213e-05, -1.8047652728516835e-05, 0.9999999997498407], "world_rotation": [-3.3680384101493575e-05, 1.079820364204139e-05, 0.9999999993745152, 0.6434553253846444]}], "source": "action wait"}
{"timestamp": 1706069661.889013, "objects": [{"color": "cv_", "id_name": "hand", "shape": "CVCylinder", "id_string": "ob383", "world_size": [0.12, 0.005, 0.12], "id": 383, "camera_size": [75, 62], "camera_position": [241, 314], "world_position": [0.6040142906417826, 1.1699342884846093, -0.17411757984862677], "world_orientation": [0.0005037635754156341, 0.6319584466911736, 0.7750021083054802, -0.000596392759825204, -0.7750018789502818, 0.6319586473332007, 0.9999996952689217, -0.000780563393938111, -1.3522275376314642e-05], "world_rotation": [0.0, 1.0, 0.0, 0.0]}, {"color": "CVGreen", "id_name": "object61748254087931", "shape": "CVBox", "id_string": "ob1248", "world_size": [0.11, 0.11, 0.11], "id": 1248, "camera_size": [68, 96], "camera_position": [241, 293], "world_position": [0.6389430202695084, 1.1268156318089555, -0.17368191584373424], "world_orientation": [0.7744884018539255, -0.6325881087881597, 3.6840204380338902e-06, 0.632588108566833, 0.774488401714427, 2.257585821003278e-05, -1.7134450550290438e-05, -1.5154272824751696e-05, 0.9999999997383795], "world_rotation": [-2.98220362470757e-05, 1.6454997091054984e-05, 0.9999999994199396, 0.6848903711491162]}], "source": "action wait"}
{"timestamp": 1706069661.921525, "objects": [{"color": "cv_", "id_name": "hand", "shape": "CVCylinder", "id_string": "ob383", "world_size": [0.12, 0.005, 0.12], "id": 383, "camera_size": [76, 63], "camera_position": [240, 323], "world_position": [0.5922342667710363, 1.1865306718233577, -0.1741191121525499], "world_orientation": [0.0005235341084197705, 0.6543379311548883, 0.7562020879129981, -0.0005794186328133943, -0.7562018661171016, 0.6543381403793161, 0.9999996950929961, -0.0007807259148377516, -1.6761880294751147e-05], "world_rotation": [0.0, 1.0, 0.0, 0.0]}, {"color": "CVGreen", "id_name": "object61748254087931", "shape": "CVBox", "id_string": "ob1248", "world_size": [0.11, 0.11, 0.11], "id": 1248, "camera_size": [69, 98], "camera_position": [241, 301], "world_position": [0.6283562256030549, 1.1446041060995, -0.17383969633030066], "world_orientation": [0.7556740060056555, -0.654947934280198, 5.428293592442133e-06, 0.6549479339861901, 0.7556740058721878, 2.4825432328478003e-05, -2.036138598520059e-05, -1.5204684225042824e-05, 0.999999999677116], "world_rotation": [-3.055977005259899e-05, 1.9688343314445098e-05, 0.9999999993392348, 0.7141137190871845]}], "source": "action wait"}
{"timestamp": 1706069661.953571, "objects": [{"color": "cv_", "id_name": "hand", "shape": "CVCylinder", "id_string": "ob383", "world_size": [0.12, 0.005, 0.12], "id": 383, "camera_size": [78, 63], "camera_position": [240, 329], "world_position": [0.5836309326096284, 1.1979928204217485, -0.174120441360612], "world_orientation": [0.0005364445781835212, 0.6697860482742285, 0.7425539453564349, -0.000565836704330007, -0.7425537300206838, 0.669786262819113, 0.9999996960279731, -0.0007794674864588767, -1.934939231732033e-05], "world_rotation": [0.0, 1.0, 0.0, 0.0]}, {"color": "CVGreen", "id_name": "object61748254087931", "shape": "CVBox", "id_string": "ob1248", "world_size": [0.11, 0.11, 0.11], "id": 1248, "camera_size": [70, 100], "camera_position": [240, 306], "world_position": [0.6205689731346803, 1.1569293685538082, -0.17394094060742402], "world_orientation": [0.7420158981493439, -0.670382284117705, 5.8950258655020555e-06, 0.6703822837510907, 0.7420158979871007, 2.769600890152336e-05, -2.294111661959521e-05, -1.659895801772906e-05, 0.99999999959909], "world_rotation": [-3.3037095360629775e-05, 2.1507237850510723e-05, 0.9999999992229943, 0.7347238647522801]}], "source": "action wait"}
