{"timestamp": 1709222385.716358, "objects": [{"color": "cv_", "id_name": "hand", "shape": "CVCylinder", "id_string": "ob383", "world_size": [0.12, 0.005, 0.12], "id": 383, "camera_size": [48, 50], "camera_position": [246, 426], "world_position": [0.26764451788350746, 0.6334703010498701, -0.17389260020074782], "world_orientation": [-0.0006415638466518701, 0.19791547296320902, 0.9802188806371667, -0.0007473690005271817, -0.9802189035099005, 0.19791498842034616, 0.9999995149175863, -0.0006056101038389374, 0.0007767888995144973], "world_rotation": [0.0, 1.0, 0.0, 0.0]}, {"color": "CVRed", "id_name": "object221280919824282", "shape": "CVSphere", "id_string": "ob394", "world_size": [0.09, 0.09, 0.09], "id": 394, "camera_size": [37, 37], "camera_position": [256, 254], "world_position": [0.705, 0.6448569696296074, -0.15], "world_orientation": [1.0, -4.331917303826236e-17, -1.1712398707441946e-17, 4.331917303826236e-17, 1.0, -5.775889738434995e-17, 1.1712398707441946e-17, 5.775889738434995e-17, 1.0], "world_rotation": [-0.7896765794068324, 0.16013129347666225, -0.5922574345551229, -7.314247236221149e-17]}], "source": "action wait"}
{"timestamp": 1709222385.754623, "objects": [{"color": "cv_", "id_name": "hand", "shape": "CVCylinder", "id_string": "ob383", "world_size": [0.12, 0.005, 0.12], "id": 383, "camera_size": [49, 51], "camera_position": [246, 421], "world_position": [0.29112605209492537, 0.6677838320937348, -0.17395609234136503], "world_orientation": [-0.0003827070917221151, 0.19833264884229526, 0.9801346917329684, -0.0007151545347096766, -0.9801345671500821, 0.19833234439070485, 0.9999996710445826, -0.0006250445747031935, 0.0005169429428913009], "world_rotation": [0.0, 1.0, 0.0, 0.0]}, {"color": "CVRed", "id_name": "object221280919824282", "shape": "CVSphere", "id_string": "ob394", "world_size": [0.09, 0.09, 0.09], "id": 394, "camera_size": [37, 37], "camera_position": [256, 254], "world_position": [0.705, 0.6448569696296074, -0.15], "world_orientation": [1.0, -4.331917303826236e-17, -1.1712398707441946e-17, 4.331917303826236e-17, 1.0, -5.775889738434995e-17, 1.1712398707441946e-17, 5.775889738434995e-17, 1.0], "world_rotation": [-0.7896765794068324, 0.16013129347666225, -0.5922574345551229, -7.314247236221149e-17]}], "source": "action wait"}
{"timestamp": 1709222385.792906, "objects": [{"color": "cv_", "id_name": "hand", "shape": "CVCylinder", "id_string": "ob383", "world_size": [0.12, 0.005, 0.12], "id": 383, "camera_size": [51, 52], "camera_position": [246, 406], "world_position": [0.33718239303329667, 0.7058145457520387, -0.17398391303088442], "world_orientation": [-0.00022301701071191578, 0.18684131203107837, 0.9823900825954617, -0.0007314935818159827, -0.9823898746761799, 0.18684110642698418, 0.9999997075902336, -0.0006769432952250913, 0.00035576287377317217], "world_rotation": [0.0, 1.0, 0.0, 0.0]}, {"color": "CVRed", "id_name": "object221280919824282", "shape": "CVSphere", "id_string": "ob394", "world_size": [0.09, 0.09, 0.09], "id": 394, "camera_size": [37, 37], "camera_position": [256, 254], "world_position": [0.705, 0.6448569696296074, -0.15], "world_orientation": [1.0, -4.331917303826236e-17, -1.1712398707441946e-17, 4.331917303826236e-17, 1.0, -5.775889738434995e-17, 1.1712398707441946e-17, 5.775889738434995e-17, 1.0], "world_rotation": [-0.7896765794068324, 0.16013129347666225, -0.5922574345551229, -7.314247236221149e-17]}], "source": "action wait"}
{"timestamp": 1709222385.827696, "objects": [{"color": "cv_", "id_name": "hand", "shape": "CVCylinder", "id_string": "ob383", "world_size": [0.12, 0.005, 0.12], "id": 383, "camera_size": [51, 53], "camera_position": [246, 388], "world_position": [0.387759811574069, 0.7390318024358213, -0.1740044424225107], "world_orientation": [-0.00011941516015120929, 0.17865274597208067, 0.9839121821060326, -0.000742703462853339, -0.9839119335988668, 0.1786526107094601, 0.9999997170657529, -0.0007094211546747256, 0.0002501800142075405], "world_rotation": [0.0, 1.0, 0.0, 0.0]}, {"color": "CVRed", "id_name": "object221280919824282", "shape": "CVSphere", "id_string": "ob394", "world_size": [0.09, 0.09, 0.09], "id": 394, "camera_size": [37, 37], "camera_position": [256, 254], "world_position": [0.705, 0.6448569696296074, -0.15], "world_orientation": [1.0, -4.331917303826236e-17, -1.1712398707441946e-17, 4.331917303826236e-17, 1.0, -5.775889738434995e-17, 1.1712398707441946e-17, 5.775889738434995e-17, 1.0], "world_rotation": [-0.7896765794068324, 0.16013129347666225, -0.5922574345551229, -7.314247236221149e-17]}], "source": "action wait"}
{"timestamp": 1709222385.851815, "objects": [{"color": "cv_", "id_name": "hand", "shape": "CVCylinder", "id_string": "ob383", "world_size": [0.12, 0.005, 0.12], "id": 383, "camera_size": [52, 54], "camera_position": [245, 367], "world_position": [0.4418870466644587, 0.7670102775794967, -0.17402296360623035], "world_orientation": [-4.649737928833024e-05, 0.17286763716862458, 0.9849450633704047, -0.0007500655430798242, -0.9849447933998211, 0.1728675543769425, 0.9999997176197976, -0.0007307354656185022, 0.00017545940979100957], "world_rotation": [0.0, 1.0, 0.0, 0.0]}, {"color": "CVRed", "id_name": "object221280919824282", "shape": "CVSphere", "id_string": "ob394", "world_size": [0.09, 0.09, 0.09], "id": 394, "camera_size": [37, 37], "camera_position": [256, 254], "world_position": [0.705, 0.6448569696296074, -0.15], "world_orientation": [1.0, -4.331917303826236e-17, -1.1712398707441946e-17, 4.331917303826236e-17, 1.0, -5.775889738434995e-17, 1.1712398707441946e-17, 5.775889738434995e-17, 1.0], "world_rotation": [-0.7896765794068324, 0.16013129347666225, -0.5922574345551229, -7.314247236221149e-17]}], "source": "action wait"}
{"timestamp": 1709222385.882339, "objects": [{"color": "cv_", "id_name": "hand", "shape": "CVCylinder", "id_string": "ob383", "world_size": [0.12, 0.005, 0.12], "id": 383, "camera_size": [52, 54], "camera_position": [245, 343], "world_position": [0.49916696588801057, 0.7799761511186258, -0.17403809587614516], "world_orientation": [-4.4124917564452054e-06, 0.15524885317275522, 0.9878753937461314, -0.0007645172519510132, -0.9878751055794478, 0.15524880447129621, 0.9999997077469082, -0.0007545627472272035, 0.00012304941735636417], "world_rotation": [0.0, 1.0, 0.0, 0.0]}, {"color": "CVRed", "id_name": "object221280919824282", "shape": "CVSphere", "id_string": "ob394", "world_size": [0.09, 0.09, 0.09], "id": 394, "camera_size": [37, 37], "camera_position": [256, 254], "world_position": [0.705, 0.6448569696296074, -0.15], "world_orientation": [1.0, -4.331917303826236e-17, -1.1712398707441946e-17, 4.331917303826236e-17, 1.0, -5.775889738434995e-17, 1.1712398707441946e-17, 5.775889738434995e-17, 1.0], "world_rotation": [-0.7896765794068324, 0.16013129347666225, -0.5922574345551229, -7.314247236221149e-17]}], "source": "action wait"}
{"timestamp": 1709222385.913737, "objects": [{"color": "cv_", "id_name": "hand", "shape": "CVCylinder", "id_string": "ob383", "world_size": [0.12, 0.005, 0.12], "id": 383, "camera_size": [52, 52], "camera_position": [245, 317], "world_position": [0.5578062401087146, 0.7701050742911597, -0.17404998806396954], "world_orientation": [7.881975547566412e-07, 0.11485563692667927, 0.9933821936523451, -0.0007769833820309046, -0.9933818937282765, 0.11485560286571729, 0.9999996981480558, -0.0007719319853789331, 8.845794004543274e-05], "world_rotation": [0.0, 1.0, 0.0, 0.0]}, {"color": "CVRed", "id_name": "object221280919824282", "shape": "CVSphere", "id_string": "ob394", "world_size": [0.09, 0.09, 0.09], "id": 394, "camera_size": [37, 37], "camera_position": [256, 254], "world_position": [0.705, 0.6448569696296074, -0.15], "world_orientation": [1.0, -4.331917303826236e-17, -1.1712398707441946e-17, 4.331917303826236e-17, 1.0, -5.775889738434995e-17, 1.1712398707441946e-17, 5.775889738434995e-17, 1.0], "world_rotation": [-0.7896765794068324, 0.16013129347666225, -0.5922574345551229, -7.314247236221149e-17]}], "source": "action wait"}
{"timestamp": 1709222385.947296, "objects": [{"color": "cv_", "id_name": "hand", "shape": "CVCylinder", "id_string": "ob383", "world_size": [0.12, 0.005, 0.12], "id": 383, "camera_size": [52, 52], "camera_position": [245, 297], "world_position": [0.6030286014890553, 0.755531927771837, -0.1740556345799382], "world_orientation": [-1.4461090198626138e-05, 0.08055320528859755, 0.9967503102124474, -0.0007750640326847973, -0.9967500118334427, 0.0805531699300375, 0.9999996995332661, -0.000771380428357276, 7.684798396366431e-05], "world_rotation": [0.0, 1.0, 0.0, 0.0]}, {"color": "CVRed", "id_name": "object221280919824282", "shape": "CVSphere", "id_string": "ob394", "world_size": [0.09, 0.09, 0.09], "id": 394, "camera_size": [37, 37], "camera_position": [256, 254], "world_position": [0.705, 0.6448569696296074, -0.15], "world_orientation": [1.0, -4.331917303826236e-17, -1.1712398707441946e-17, 4.331917303826236e-17, 1.0, -5.775889738434995e-17, 1.1712398707441946e-17, 5.775889738434995e-17, 1.0], "world_rotation": [-0.7896765794068324, 0.16013129347666225, -0.5922574345551229, -7.314247236221149e-17]}], "source": "action wait"}
{"timestamp": 1709222385.980659, "objects": [{"color": "cv_", "id_name": "hand", "shape": "CVCylinder", "id_string": "ob383", "world_size": [0.12, 0.005, 0.12], "id": 383, "camera_size": [51, 51], "camera_position": [246, 284], "world_position": [0.6347213000229657, 0.742798598686951, -0.17406333526255496], "world_orientation": [-2.135056182509163e-05, 0.0563098300817992, 0.9984133425492232, -0.0007711430627760265, -0.998413046844795, 0.05630979691376956, 0.9999997024412209, -0.0007687172770898318, 6.473961431769843e-05], "world_rotation": [0.0, 1.0, 0.0, 0.0]}, {"color": "CVRed", "id_name": "object221280919824282", "shape": "CVSphere", "id_string": "ob394", "world_size": [0.09, 0.09, 0.09], "id": 394, "camera_size": [37, 37], "camera_position": [256, 254], "world_position": [0.705, 0.6448569696296074, -0.15], "world_orientation": [1.0, -4.331917303826236e-17, -1.1712398707441946e-17, 4.331917303826236e-17, 1.0, -5.775889738434995e-17, 1.1712398707441946e-17, 5.775889738434995e-17, 1.0], "world_rotation": [-0.7896765794068324, 0.16013129347666225, -0.5922574345551229, -7.314247236221149e-17]}], "source": "action wait"}
{"timestamp": 1709222386.020295, "objects": [{"color": "cv_", "id_name": "hand", "shape": "CVCylinder", "id_string": "ob383", "world_size": [0.12, 0.005, 0.12], "id": 383, "camera_size": [51, 51], "camera_position": [246, 274], "world_position": [0.656874714511832, 0.7326332709080359, -0.1740712203945927], "world_orientation": [-2.3153427630204163e-05, 0.039200867592830466, 0.9992313503107717, -0.0007676463552432957, -0.999231056861317, 0.03920083829319214, 0.9999997050914526, -0.0007661486703387873, 5.322802709128052e-05], "world_rotation": [0.0, 1.0, 0.0, 0.0]}, {"color": "CVRed", "id_name": "object221280919824282", "shape": "CVSphere", "id_string": "ob394", "world_size": [0.09, 0.09, 0.09], "id": 394, "camera_size": [37, 37], "camera_position": [256, 254], "world_position": [0.705, 0.6448569696296074, -0.15], "world_orientation": [1.0, -4.331917303826236e-17, -1.1712398707441946e-17, 4.331917303826236e-17, 1.0, -5.775889738434995e-17, 1.1712398707441946e-17, 5.775889738434995e-17, 1.0], "world_rotation": [-0.7896765794068324, 0.16013129347666225, -0.5922574345551229, -7.314247236221149e-17]}], "source": "action wait"}
{"timestamp": 1709222386.055445, "objects": [{"color": "cv_", "id_name": "hand", "shape": "CVCylinder", "id_string": "ob383", "world_size": [0.12, 0.005, 0.12], "id": 383, "camera_size": [51, 50], "camera_position": [246, 267], "world_position": [0.6723630709726651, 0.7249002662640353, -0.174078330447399], "world_orientation": [-2.2276614848618682e-05, 0.027134962663583784, 0.9996317788590949, -0.0007651561155963214, -0.9996314869454516, 0.027134937688233822, 0.9999997070198927, -0.0007642698943830004, 4.303088825412876e-05], "world_rotation": [0.0, 1.0, 0.0, 0.0]}, {"color": "CVRed", "id_name": "object221280919824282", "shape": "CVSphere", "id_string": "ob394", "world_size": [0.09, 0.09, 0.09], "id": 394, "camera_size": [37, 37], "camera_position": [256, 254], "world_position": [0.705, 0.6448569696296074, -0.15], "world_orientation": [1.0, -4.331917303826236e-17, -1.1712398707441946e-17, 4.331917303826236e-17, 1.0, -5.775889738434995e-17, 1.1712398707441946e-17, 5.775889738434995e-17, 1.0], "world_rotation": [-0.7896765794068324, 0.16013129347666225, -0.5922574345551229, -7.314247236221149e-17]}], "source": "action wait"}
{"timestamp": 1709222386.088781, "objects": [{"color": "cv_", "id_name": "hand", "shape": "CVCylinder", "id_string": "ob383", "world_size": [0.12, 0.005, 0.12], "id": 383, "camera_size": [51, 51], "camera_position": [246, 263], "world_position": [0.683203584426561, 0.7191828405931958, -0.17408433765874906], "world_orientation": [-2.0187557957294342e-05, 0.01862840925383543, 0.9998264759252649, -0.0007636057970722342, -0.9998261849198025, 0.01862838841391443, 0.9999997082492821, -0.000763097231412439, 3.440881035212274e-05], "world_rotation": [0.0, 1.0, 0.0, 0.0]}, {"color": "CVRed", "id_name": "object221280919824282", "shape": "CVSphere", "id_string": "ob394", "world_size": [0.09, 0.09, 0.09], "id": 394, "camera_size": [37, 37], "camera_position": [256, 254], "world_position": [0.705, 0.6448569696296074, -0.15], "world_orientation": [1.0, -4.331917303826236e-17, -1.1712398707441946e-17, 4.331917303826236e-17, 1.0, -5.775889738434995e-17, 1.1712398707441946e-17, 5.775889738434995e-17, 1.0], "world_rotation": [-0.7896765794068324, 0.16013129347666225, -0.5922574345551229, -7.314247236221149e-17]}], "source": "action wait"}
{"timestamp": 1709222386.121193, "objects": [{"color": "cv_", "id_name": "hand", "shape": "CVCylinder", "id_string": "ob383", "world_size": [0.12, 0.005, 0.12], "id": 383, "camera_size": [50, 50], "camera_position": [245, 259], "world_position": [0.690800882933162, 0.7150301548515351, -0.1740892203521684], "world_orientation": [-1.771588247113684e-05, 0.012632126102292075, 0.9999202113550278, -0.0007627531978911376, -0.9999199208095848, 0.012632108917868628, 0.999999708946811, -0.0007624685498904362, 2.7349658378667213e-05], "world_rotation": [0.0, 1.0, 0.0, 0.0]}, {"color": "CVRed", "id_name": "object221280919824282", "shape": "CVSphere", "id_string": "ob394", "world_size": [0.09, 0.09, 0.09], "id": 394, "camera_size": [37, 37], "camera_position": [256, 254], "world_position": [0.705, 0.6448569696296074, -0.15], "world_orientation": [1.0, -4.331917303826236e-17, -1.1712398707441946e-17, 4.331917303826236e-17, 1.0, -5.775889738434995e-17, 1.1712398707441946e-17, 5.775889738434995e-17, 1.0], "world_rotation": [-0.7896765794068324, 0.16013129347666225, -0.5922574345551229, -7.314247236221149e-17]}], "source": "action wait"}
{"timestamp": 1709222386.149791, "objects": [{"color": "cv_", "id_name": "hand", "shape": "CVCylinder", "id_string": "ob383", "world_size": [0.12, 0.005, 0.12], "id": 383, "camera_size": [50, 50], "camera_position": [245, 257], "world_position": [0.6961316805095626, 0.7120483506674075, -0.17409309049033692], "world_orientation": [-1.5272040396079265e-05, 0.008405587835475138, 0.9999646723059294, -0.0007623589068301951, -0.9999643819350797, 0.008405573751464248, 0.9999997092877887, -0.0007622036041864223, 2.1679571189438575e-05], "world_rotation": [0.0, 1.0, 0.0, 0.0]}, {"color": "CVRed", "id_name": "object221280919824282", "shape": "CVSphere", "id_string": "ob394", "world_size": [0.09, 0.09, 0.09], "id": 394, "camera_size": [37, 37], "camera_position": [256, 254], "world_position": [0.705, 0.6448569696296074, -0.15], "world_orientation": [1.0, -4.331917303826236e-17, -1.1712398707441946e-17, 4.331917303826236e-17, 1.0, -5.775889738434995e-17, 1.1712398707441946e-17, 5.775889738434995e-17, 1.0], "world_rotation": [-0.7896765794068324, 0.16013129347666225, -0.5922574345551229, -7.314247236221149e-17]}], "source": "action wait"}
{"timestamp": 1709222386.178506, "objects": [{"color": "cv_", "id_name": "hand", "shape": "CVCylinder", "id_string": "ob383", "world_size": [0.12, 0.005, 0.12], "id": 383, "camera_size": [49, 49], "camera_position": [246, 256], "world_position": [0.699875949913847, 0.7099233315151842, -0.1740961054405593], "world_orientation": [-1.3079352566557154e-05, 0.005426511127172674, 0.999985276294565, -0.0007622392122636274, -0.9999849859341251, 0.005426499581763485, 0.9999997094101146, -0.0007621570141771183, 1.721545575957856e-05], "world_rotation": [0.0, 1.0, 0.0, 0.0]}, {"color": "CVRed", "id_name": "object221280919824282", "shape": "CVSphere", "id_string": "ob394", "world_size": [0.09, 0.09, 0.09], "id": 394, "camera_size": [37, 37], "camera_position": [256, 254], "world_position": [0.705, 0.6448569696296074, -0.15], "world_orientation": [1.0, -4.331917303826236e-17, -1.1712398707441946e-17, 4.331917303826236e-17, 1.0, -5.775889738434995e-17, 1.1712398707441946e-17, 5.775889738434995e-17, 1.0], "world_rotation": [-0.7896765794068324, 0.16013129347666225, -0.5922574345551229, -7.314247236221149e-17]}], "source": "action wait"}
{"timestamp": 1709222386.209531, "objects": [{"color": "cv_", "id_name": "hand", "shape": "CVCylinder", "id_string": "ob383", "world_size": [0.12, 0.005, 0.12], "id": 383, "camera_size": [49, 49], "camera_position": [246, 255], "world_position": [0.7025080261532569, 0.7084164194085822, -0.17409842518023919], "world_orientation": [-1.1204607391158967e-05, 0.0033266875466259607, 0.9999944664969023, -0.0007622684284621926, -0.9999941760630734, 0.003326678039472639, 0.9999997094106078, -0.0007622269363264971, 1.3740371024748909e-05], "world_rotation": [0.0, 1.0, 0.0, 0.0]}, {"color": "CVRed", "id_name": "object221280919824282", "shape": "CVSphere", "id_string": "ob394", "world_size": [0.09, 0.09, 0.09], "id": 394, "camera_size": [37, 37], "camera_position": [256, 254], "world_position": [0.705, 0.6448569696296074, -0.15], "world_orientation": [1.0, -4.331917303826236e-17, -1.1712398707441946e-17, 4.331917303826236e-17, 1.0, -5.775889738434995e-17, 1.1712398707441946e-17, 5.775889738434995e-17, 1.0], "world_rotation": [-0.7896765794068324, 0.16013129347666225, -0.5922574345551229, -7.314247236221149e-17]}], "source": "action wait"}
{"timestamp": 1709222386.247978, "objects": [{"color": "cv_", "id_name": "hand", "shape": "CVCylinder", "id_string": "ob383", "world_size": [0.12, 0.005, 0.12], "id": 383, "camera_size": [49, 50], "camera_position": [246, 254], "world_position": [0.7043594728319721, 0.7073513240834313, -0.17410019361908585], "world_orientation": [-9.655179350640953e-06, 0.001846580934450962, 0.9999982950213617, -0.0007623675684511619, -0.9999980044798635, 0.0018465730371338771, 0.999999709351192, -0.0007623484396372448, 1.1062933500847247e-05], "world_rotation": [0.0, 1.0, 0.0, 0.0]}, {"color": "CVRed", "id_name": "object221280919824282", "shape": "CVSphere", "id_string": "ob394", "world_size": [0.09, 0.09, 0.09], "id": 394, "camera_size": [37, 37], "camera_position": [256, 254], "world_position": [0.705, 0.6448569696296074, -0.15], "world_orientation": [1.0, -4.331917303826236e-17, -1.1712398707441946e-17, 4.331917303826236e-17, 1.0, -5.775889738434995e-17, 1.1712398707441946e-17, 5.775889738434995e-17, 1.0], "world_rotation": [-0.7896765794068324, 0.16013129347666225, -0.5922574345551229, -7.314247236221149e-17]}], "source": "action wait"}
{"timestamp": 1709222386.284193, "objects": [{"color": "cv_", "id_name": "hand", "shape": "CVCylinder", "id_string": "ob383", "world_size": [0.12, 0.005, 0.12], "id": 383, "camera_size": [49, 50], "camera_position": [246, 253], "world_position": [0.7056624719582807, 0.7066001188485638, -0.174101532282536], "world_orientation": [-8.404658525371048e-06, 0.0008032685833411147, 0.9999996773444203, -0.000762490429478697, -0.9999993866891111, 0.0008032619413933642, 0.9999997092688111, -0.0007624834323149333, 9.017137978165913e-06], "world_rotation": [0.0, 1.0, 0.0, 0.0]}, {"color": "CVRed", "id_name": "object221280919824282", "shape": "CVSphere", "id_string": "ob394", "world_size": [0.09, 0.09, 0.09], "id": 394, "camera_size": [37, 37], "camera_position": [256, 254], "world_position": [0.705, 0.6448569696296074, -0.15], "world_orientation": [1.0, -4.331917303826236e-17, -1.1712398707441946e-17, 4.331917303826236e-17, 1.0, -5.775889738434995e-17, 1.1712398707441946e-17, 5.775889738434995e-17, 1.0], "world_rotation": [-0.7896765794068324, 0.16013129347666225, -0.5922574345551229, -7.314247236221149e-17]}], "source": "action wait"}
{"timestamp": 1709222386.313448, "objects": [{"color": "cv_", "id_name": "hand", "shape": "CVCylinder", "id_string": "ob383", "world_size": [0.12, 0.005, 0.12], "id": 383, "camera_size": [49, 50], "camera_position": [246, 253], "world_position": [0.7065798519445826, 0.7060710237583111, -0.1741025399938467], "world_orientation": [-7.412918136163128e-06, 6.782814247249511e-05, 0.999999997672196, -0.0007626121563225717, -0.9999997069113629, 6.78224695695804e-05, 0.9999997091838315, -0.0007626116517852888, 7.464642529875951e-06], "world_rotation": [0.0, 1.0, 0.0, 0.0]}, {"color": "CVRed", "id_name": "object221280919824282", "shape": "CVSphere", "id_string": "ob394", "world_size": [0.09, 0.09, 0.09], "id": 394, "camera_size": [37, 37], "camera_position": [256, 254], "world_position": [0.705, 0.6448569696296074, -0.15], "world_orientation": [1.0, -4.331917303826236e-17, -1.1712398707441946e-17, 4.331917303826236e-17, 1.0, -5.775889738434995e-17, 1.1712398707441946e-17, 5.775889738434995e-17, 1.0], "world_rotation": [-0.7896765794068324, 0.16013129347666225, -0.5922574345551229, -7.314247236221149e-17]}], "source": "action wait"}
{"timestamp": 1709222386.34599, "objects": [{"color": "cv_", "id_name": "hand", "shape": "CVCylinder", "id_string": "ob383", "world_size": [0.12, 0.005, 0.12], "id": 383, "camera_size": [49, 49], "camera_position": [246, 253], "world_position": [0.7072259371706405, 0.7056986814960502, -0.17410329516939316], "world_orientation": [-6.637072283555811e-06, -0.00045060453207768314, 0.9999998984557473, -0.0007627209606991424, -0.999999607603847, -0.00045060946325277363, 0.9999997091063005, -0.000762723873977132, 6.293384157956829e-06], "world_rotation": [0.0, 1.0, 0.0, 0.0]}, {"color": "CVRed", "id_name": "object221280919824282", "shape": "CVSphere", "id_string": "ob394", "world_size": [0.09, 0.09, 0.09], "id": 394, "camera_size": [37, 37], "camera_position": [256, 254], "world_position": [0.705, 0.6448569696296074, -0.15], "world_orientation": [1.0, -4.331917303826236e-17, -1.1712398707441946e-17, 4.331917303826236e-17, 1.0, -5.775889738434995e-17, 1.1712398707441946e-17, 5.775889738434995e-17, 1.0], "world_rotation": [-0.7896765794068324, 0.16013129347666225, -0.5922574345551229, -7.314247236221149e-17]}], "source": "action wait"}
{"timestamp": 1709222386.384265, "objects": [{"color": "cv_", "id_name": "hand", "shape": "CVCylinder", "id_string": "ob383", "world_size": [0.12, 0.005, 0.12], "id": 383, "camera_size": [49, 50], "camera_position": [246, 252], "world_position": [0.7076810696003795, 0.7054367788874946, -0.17410385899203032], "world_orientation": [-6.03681825651611e-06, -0.0008160717458952704, 0.9999996669951758, -0.0007628125811159134, -0.9999993760681769, -0.0008160761134399708, 0.9999997090402192, -0.0007628172535991644, 5.414304695455084e-06], "world_rotation": [0.0, 1.0, 0.0, 0.0]}, {"color": "CVRed", "id_name": "object221280919824282", "shape": "CVSphere", "id_string": "ob394", "world_size": [0.09, 0.09, 0.09], "id": 394, "camera_size": [37, 37], "camera_position": [256, 254], "world_position": [0.705, 0.6448569696296074, -0.15], "world_orientation": [1.0, -4.331917303826236e-17, -1.1712398707441946e-17, 4.331917303826236e-17, 1.0, -5.775889738434995e-17, 1.1712398707441946e-17, 5.775889738434995e-17, 1.0], "world_rotation": [-0.7896765794068324, 0.16013129347666225, -0.5922574345551229, -7.314247236221149e-17]}], "source": "action wait"}
{"timestamp": 1709222386.413351, "objects": [{"color": "cv_", "id_name": "hand", "shape": "CVCylinder", "id_string": "ob383", "world_size": [0.12, 0.005, 0.12], "id": 383, "camera_size": [49, 50], "camera_position": [246, 252], "world_position": [0.7080017496484736, 0.7052526036331097, -0.1741042786230818], "world_orientation": [-5.576587916092087e-06, -0.0010737127529308692, 0.9999994235547468, -0.0007628867828439948, -0.9999991325677319, -0.0010737166948015374, 0.9999997089862869, -0.0007628923307574193, 4.757461811361768e-06], "world_rotation": [0.0, 1.0, 0.0, 0.0]}, {"color": "CVRed", "id_name": "object221280919824282", "shape": "CVSphere", "id_string": "ob394", "world_size": [0.09, 0.09, 0.09], "id": 394, "camera_size": [37, 37], "camera_position": [256, 254], "world_position": [0.705, 0.6448569696296074, -0.15], "world_orientation": [1.0, -4.331917303826236e-17, -1.1712398707441946e-17, 4.331917303826236e-17, 1.0, -5.775889738434995e-17, 1.1712398707441946e-17, 5.775889738434995e-17, 1.0], "world_rotation": [-0.7896765794068324, 0.16013129347666225, -0.5922574345551229, -7.314247236221149e-17]}], "source": "action wait"}
{"timestamp": 1709222387.445504, "objects": [{"color": "cv_", "id_name": "hand", "shape": "CVCylinder", "id_string": "ob383", "world_size": [0.12, 0.005, 0.12], "id": 383, "camera_size": [49, 50], "camera_position": [246, 252], "world_position": [0.7087676032823783, 0.7048159817232227, -0.17410546248001119], "world_orientation": [-4.1850443597632786e-06, -0.001689441954023599, 0.9999985728831665, -0.000763121466325011, -0.999998281709715, -0.0016894446558036096, 0.9999997088140142, -0.0007631274476627135, 2.8957877477803825e-06], "world_rotation": [0.0, 1.0, 0.0, 0.0]}, {"color": "CVRed", "id_name": "object221280919824282", "shape": "CVSphere", "id_string": "ob394", "world_size": [0.09, 0.09, 0.09], "id": 394, "camera_size": [37, 37], "camera_position": [256, 254], "world_position": [0.705, 0.6448569696296074, -0.15], "world_orientation": [1.0, -4.331917303826236e-17, -1.1712398707441946e-17, 4.331917303826236e-17, 1.0, -5.775889738434995e-17, 1.1712398707441946e-17, 5.775889738434995e-17, 1.0], "world_rotation": [-0.7896765794068324, 0.16013129347666225, -0.5922574345551229, -7.314247236221149e-17]}], "source": "action wait"}
{"timestamp": 1709222387.478678, "objects": [{"color": "cv_", "id_name": "hand", "shape": "CVCylinder", "id_string": "ob383", "world_size": [0.12, 0.005, 0.12], "id": 383, "camera_size": [51, 51], "camera_position": [246, 251], "world_position": [0.7116609040493448, 0.7282917061212977, -0.1740976184545672], "world_orientation": [1.897011030263257e-05, 0.032598761469298375, 0.9994685189593532, -0.0007431516087613624, -0.9994682426891901, 0.032598766563609105, 0.9999997236828725, -0.0007433750399687618, 5.265799222070433e-06], "world_rotation": [0.0, 1.0, 0.0, 0.0]}, {"color": "CVRed", "id_name": "object221280919824282", "shape": "CVSphere", "id_string": "ob394", "world_size": [0.09, 0.09, 0.09], "id": 394, "camera_size": [38, 38], "camera_position": [252, 251], "world_position": [0.7107675938634996, 0.6736845254381364, -0.15866699863846184], "world_orientation": [0.9994229908880199, -0.033965942869392786, -3.072166807304287e-06, 0.03396594294965815, 0.9994229903898257, 3.161959672626546e-05, 1.9964047215749166e-06, -3.1705700973345994e-05, 0.9999999994953814], "world_rotation": [0.0009321877237148977, 7.461252181402746e-05, -0.999999562729414, -0.03397249216474873]}], "source": "action wait"}
{"timestamp": 1709222387.505331, "objects": [{"color": "cv_", "id_name": "hand", "shape": "CVCylinder", "id_string": "ob383", "world_size": [0.12, 0.005, 0.12], "id": 383, "camera_size": [52, 53], "camera_position": [245, 249], "world_position": [0.7156925249163841, 0.7847569760874672, -0.17410888263832333], "world_orientation": [8.14403377595206e-05, 0.11373367772209063, 0.99351127015212, -0.0007253833052280149, -0.9935110053446129, 0.11373370686914812, 0.9999997335932305, -0.0007299390004266006, 1.5886392191107138e-06], "world_rotation": [0.0, 1.0, 0.0, 0.0]}, {"color": "CVRed", "id_name": "object221280919824282", "shape": "CVSphere", "id_string": "ob394", "world_size": [0.09, 0.09, 0.09], "id": 394, "camera_size": [39, 44], "camera_position": [250, 247], "world_position": [0.719321182840878, 0.7336389328699086, -0.16423200402019736], "world_orientation": [0.9933784155212159, -0.11488830906404808, -4.118555524825837e-06, 0.11488830912117602, 0.9933784141274612, 5.265821367744886e-05, -1.958528971988015e-06, -5.2782706747350676e-05, 0.999999998605075], "world_rotation": [0.0004588844163140113, 9.40054885644398e-06, -0.9999998946683556, -0.11514257571039839]}], "source": "action wait"}
{"timestamp": 1709222387.534176, "objects": [{"color": "cv_", "id_name": "hand", "shape": "CVCylinder", "id_string": "ob383", "world_size": [0.12, 0.005, 0.12], "id": 383, "camera_size": [56, 55], "camera_position": [244, 249], "world_position": [0.7141384722925913, 0.8549108205275185, -0.17411224088620514], "world_orientation": [0.00015643515770715085, 0.21279626243595104, 0.9770965797818203, -0.0007211984050742236, -0.9770963136224451, 0.21279631993596415, 0.9999997277004139, -0.0007379693208111023, 6.161091583774056e-07], "world_rotation": [0.0, 1.0, 0.0, 0.0]}, {"color": "CVRed", "id_name": "object221280919824282", "shape": "CVSphere", "id_string": "ob394", "world_size": [0.09, 0.09, 0.09], "id": 394, "camera_size": [41, 50], "camera_position": [248, 245], "world_position": [0.7228228239098307, 0.8064960365542387, -0.1677903094010195], "world_orientation": [0.9768767590457859, -0.21380317485488273, -7.62719263839171e-06, 0.21380317496905735, 0.9768767578139919, 4.9152563129944686e-05, -3.0581468336223934e-06, -4.9646714571362536e-05, 0.9999999987629258], "world_rotation": [0.00023105193620054167, 1.068516799254844e-05, -0.9999999732504147, -0.21546651645401055]}], "source": "action wait"}
{"timestamp": 1709222387.566479, "objects": [{"color": "cv_", "id_name": "hand", "shape": "CVCylinder", "id_string": "ob383", "world_size": [0.12, 0.005, 0.12], "id": 383, "camera_size": [59, 57], "camera_position": [244, 253], "world_position": [0.7051397443513496, 0.9245155282971388, -0.17411317117549702], "world_orientation": [0.00023162772271598695, 0.30972691913877004, 0.950825526534392, -0.0007095583351881421, -0.9508252617787308, 0.30972700574921974, 0.9999997214377447, -0.0007464075386677007, -4.6817297910901303e-07], "world_rotation": [0.0, 1.0, 0.0, 0.0]}, {"color": "CVRed", "id_name": "object221280919824282", "shape": "CVSphere", "id_string": "ob394", "world_size": [0.09, 0.09, 0.09], "id": 394, "camera_size": [44, 55], "camera_position": [246, 247], "world_position": [0.7186025486472631, 0.878549037320083, -0.1700664230933388], "world_orientation": [0.9505320086889257, -0.31062662532658475, -9.798654532469084e-06, 0.3106266254529791, 0.9505320077051373, 4.3448077345524985e-05, -4.182194877211983e-06, -4.434251122431408e-05, 0.9999999990081255], "world_rotation": [0.0001413120777710861, 9.040531525431987e-06, -0.9999999899745828, -0.3158522012641401]}], "source": "action wait"}
{"timestamp": 1709222387.598494, "objects": [{"color": "cv_", "id_name": "hand", "shape": "CVCylinder", "id_string": "ob383", "world_size": [0.12, 0.005, 0.12], "id": 383, "camera_size": [63, 59], "camera_position": [243, 262], "world_position": [0.6889509119067596, 0.9927958361982384, -0.1741136219789807], "world_orientation": [0.0003054269330538241, 0.4035283716700732, 0.9149670813595906, -0.0006874346198775902, -0.9149668231195923, 0.40352848725224405, 0.999999717073976, -0.0007522285160364219, -2.056137842115517e-06], "world_rotation": [0.0, 1.0, 0.0, 0.0]}, {"color": "CVRed", "id_name": "object221280919824282", "shape": "CVSphere", "id_string": "ob394", "world_size": [0.09, 0.09, 0.09], "id": 394, "camera_size": [47, 62], "camera_position": [245, 252], "world_position": [0.7069341862594883, 0.949264526123715, -0.1715229253199514], "world_orientation": [0.9146066342046978, -0.40434478424401826, -1.1109135173433675e-05, 0.40434478435544713, 0.9146066333742487, 3.94001247068776e-05, -5.770746203116215e-06, -4.0527536311480225e-05, 0.9999999991621087], "world_rotation": [9.883602278269838e-05, 6.601283300058249e-06, -0.9999999950939318, -0.416262328531275]}], "source": "action wait"}
{"timestamp": 1709222387.629353, "objects": [{"color": "cv_", "id_name": "hand", "shape": "CVCylinder", "id_string": "ob383", "world_size": [0.12, 0.005, 0.12], "id": 383, "camera_size": [66, 59], "camera_position": [242, 275], "world_position": [0.6658333685349838, 1.0590634865088642, -0.17411404612332765], "world_orientation": [0.00037665027287399035, 0.4932574849755733, 0.8698832747272154, -0.0006560622975122819, -0.869883027336825, 0.4932576287636944, 0.999999713858376, -0.00075648324025621, -4.034040756155435e-06], "world_rotation": [0.0, 1.0, 0.0, 0.0]}, {"color": "CVRed", "id_name": "object221280919824282", "shape": "CVSphere", "id_string": "ob394", "world_size": [0.09, 0.09, 0.09], "id": 394, "camera_size": [50, 68], "camera_position": [243, 262], "world_position": [0.6880775881715926, 1.018101224368037, -0.17245519170523432], "world_orientation": [0.8694598417903674, -0.49400362688337507, -1.1829641811791096e-05, 0.49400362696449285, 0.8694598410597202, 3.6473720479856685e-05, -7.732751713506322e-06, -3.755632119863789e-05, 0.9999999992648638], "world_rotation": [7.492864164886352e-05, 4.1466194410955165e-06, -0.999999997184252, -0.51668849175543]}], "source": "action wait"}
{"timestamp": 1709222387.668014, "objects": [{"color": "cv_", "id_name": "hand", "shape": "CVCylinder", "id_string": "ob383", "world_size": [0.12, 0.005, 0.12], "id": 383, "camera_size": [71, 60], "camera_position": [242, 289], "world_position": [0.642422246585851, 1.1090425425949018, -0.17411356572195544], "world_orientation": [0.0004372309394171848, 0.5601986843816777, 0.8283581609703274, -0.0006353859894103532, -0.828357917309747, 0.5601988549746447, 0.9999997025568308, -0.0007712634413153737, -6.2413150162582495e-06], "world_rotation": [0.0, 1.0, 0.0, 0.0]}, {"color": "CVRed", "id_name": "object221280919824282", "shape": "CVSphere", "id_string": "ob394", "world_size": [0.09, 0.09, 0.09], "id": 394, "camera_size": [52, 72], "camera_position": [242, 274], "world_position": [0.6677746222730505, 1.0704286626755286, -0.1730515998625996], "world_orientation": [0.8278897237550799, -0.5608909031847374, -5.034596942064453e-06, 0.5608909031198644, 0.8278897234341015, 2.5091628035430743e-05, -9.90557484120031e-06, -2.3596960628497012e-05, 0.9999999996725315], "world_rotation": [-4.340290450778453e-05, 4.342179439108588e-06, 0.9999999990486667, 0.5954615221741002]}], "source": "action wait"}
{"timestamp": 1709222387.704166, "objects": [{"color": "cv_", "id_name": "hand", "shape": "CVCylinder", "id_string": "ob383", "world_size": [0.12, 0.005, 0.12], "id": 383, "camera_size": [73, 61], "camera_position": [241, 302], "world_position": [0.6231945025403013, 1.1428534659142193, -0.17411466724751598], "world_orientation": [0.00047902632331986683, 0.6053565626090068, 0.7959542717015776, -0.000613561927866151, -0.7959540352802753, 0.6053567520584928, 0.9999996970377253, -0.0007783490566740297, -9.859195450597321e-06], "world_rotation": [0.0, 1.0, 0.0, 0.0]}, {"color": "CVRed", "id_name": "object221280919824282", "shape": "CVSphere", "id_string": "ob394", "world_size": [0.09, 0.09, 0.09], "id": 394, "camera_size": [54, 76], "camera_position": [241, 285], "world_position": [0.6505898175169476, 1.106097261685377, -0.1734345804407886], "world_orientation": [0.7954566884072269, -0.6060104428704494, 4.1208536742457856e-07, 0.6060104427203135, 0.7954566882249325, 2.1729064733239387e-05, -1.349583620378857e-05, -1.7034801838937333e-05, 0.9999999997638391], "world_rotation": [-3.1982837103425416e-05, 1.1474985067113978e-05, 0.9999999994227113, 0.651035521675272]}], "source": "action wait"}
{"timestamp": 1709222387.739742, "objects": [{"color": "cv_", "id_name": "hand", "shape": "CVCylinder", "id_string": "ob383", "world_size": [0.12, 0.005, 0.12], "id": 383, "camera_size": [75, 61], "camera_position": [241, 312], "world_position": [0.6083766816019937, 1.1659022990100678, -0.17411632939430566], "world_orientation": [0.000506877199041106, 0.6360913885378857, 0.7716135616378508, -0.0005938542943784732, -0.7716133332305887, 0.6360915903530385, 0.9999996952062448, -0.0007806463508311172, -1.336760238980583e-05], "world_rotation": [0.0, 1.0, 0.0, 0.0]}, {"color": "CVRed", "id_name": "object221280919824282", "shape": "CVSphere", "id_string": "ob394", "world_size": [0.09, 0.09, 0.09], "id": 394, "camera_size": [56, 78], "camera_position": [241, 294], "world_position": [0.6371332058582728, 1.1305403511223464, -0.1736805329503449], "world_orientation": [0.7710965089140182, -0.6367182845877435, 3.500729551015691e-06, 0.6367182843708242, 0.7710965087746743, 2.2436194165476923e-05, -1.698493539667254e-05, -1.5071492480547359e-05, 0.9999999997421812], "world_rotation": [-2.9453910417835475e-05, 1.6086914288086553e-05, 0.999999999436839, 0.6902348409802285]}], "source": "action wait"}
{"timestamp": 1709222387.76928, "objects": [{"color": "cv_", "id_name": "hand", "shape": "CVCylinder", "id_string": "ob383", "world_size": [0.12, 0.005, 0.12], "id": 383, "camera_size": [76, 62], "camera_position": [240, 319], "world_position": [0.5973455682423279, 1.1817406694812571, -0.17411792987605365], "world_orientation": [0.0005252512055193714, 0.6571835019161641, 0.7537304351824851, -0.0005775720165645619, -0.7537302140670175, 0.6571837116157505, 0.9999996952608221, -0.0007805201441683341, -1.6326903119889636e-05], "world_rotation": [0.0, 1.0, 0.0, 0.0]}, {"color": "CVRed", "id_name": "object221280919824282", "shape": "CVSphere", "id_string": "ob394", "world_size": [0.09, 0.09, 0.09], "id": 394, "camera_size": [57, 80], "camera_position": [241, 301], "world_position": [0.6270217442209642, 1.1473951916021263, -0.17383840049804258], "world_orientation": [0.7532000691969405, -0.6577914986817293, 4.875350863440848e-06, 0.6577914983978255, 0.7532000690550625, 2.4718268286857546e-05, -1.9931581348240387e-05, -1.541083703441175e-05, 0.9999999996826192], "world_rotation": [-3.050290660836196e-05, 1.8856227429815635e-05, 0.9999999993570076, 0.7178828355138004]}], "source": "action wait"}
{"timestamp": 1709222387.804073, "objects": [{"color": "cv_", "id_name": "hand", "shape": "CVCylinder", "id_string": "ob383", "world_size": [0.12, 0.005, 0.12], "id": 383, "camera_size": [76, 62], "camera_position": [240, 325], "world_position": [0.5893002853483791, 1.192699272604806, -0.17411924691554437], "world_orientation": [0.0005372478016994958, 0.6717582676054261, 0.7407702351394503, -0.0005648084105487016, -0.7407700200497968, 0.6717584821845446, 0.9999996961780834, -0.000779294026917565, -1.8562345436958253e-05], "world_rotation": [0.0, 1.0, 0.0, 0.0]}, {"color": "CVRed", "id_name": "object221280919824282", "shape": "CVSphere", "id_string": "ob394", "world_size": [0.09, 0.09, 0.09], "id": 394, "camera_size": [57, 82], "camera_position": [241, 306], "world_position": [0.6196053785468986, 1.159082209808025, -0.17393967254124504], "world_orientation": [0.7402306144007932, -0.672353060138462, 5.125432560573606e-06, 0.6723530597928427, 0.7402306142285051, 2.7314688935025808e-05, -2.2159116784694964e-05, -1.677306870767717e-05, 0.999999999613819], "world_rotation": [-3.278616565839986e-05, 2.029034368221764e-05, 0.9999999992566846, 0.7373830376130431]}], "source": "action wait"}
