{"timestamp": 1706069707.698436, "objects": [{"color": "cv_", "id_name": "hand", "shape": "CVCylinder", "id_string": "ob383", "world_size": [0.12, 0.005, 0.12], "id": 383, "camera_size": [48, 50], "camera_position": [246, 426], "world_position": [0.2676445155579771, 0.6334703012687551, -0.1738926040087652], "world_orientation": [-0.000641549450458393, 0.1979154747050027, 0.9802188802949046, -0.000747367179474002, -0.9802189031575592, 0.19791499017227282, 0.9999995149281833, -0.0006056111666509505, 0.0007767744287546261], "world_rotation": [0.0, 1.0, 0.0, 0.0]}, {"color": "CVGreen", "id_name": "object140664994806508", "shape": "CVCone", "id_string": "ob1290", "world_size": [0.11, 0.11, 0.11], "id": 1290, "camera_size": [45, 45], "camera_position": [256, 254], "world_position": [0.705, 0.6547388572526824, -0.15], "world_orientation": [1.0, -3.838362879530641e-17, 1.4813540171849057e-17, 3.838362879530641e-17, 1.0, 5.294293626938881e-18, -1.4813540171849057e-17, -5.294293626938881e-18, 1.0], "world_rotation": [-0.1276280613210114, 0.35710588544125776, 0.925303444577321, 4.1482206750932463e-17]}], "source": "action wait"}
{"timestamp": 1706069707.730123, "objects": [{"color": "cv_", "id_name": "hand", "shape": "CVCylinder", "id_string": "ob383", "world_size": [0.12, 0.005, 0.12], "id": 383, "camera_size": [49, 51], "camera_position": [246, 421], "world_position": [0.2907917927239664, 0.6674605584569074, -0.17395624935867568], "world_orientation": [-0.0003851194701248691, 0.19526772378538337, 0.9807499007038791, -0.00071595885249286, -0.9807497759110946, 0.19526741779738735, 0.9999996695429031, -0.00062697528901594, 0.0005175094894746688], "world_rotation": [0.0, 1.0, 0.0, 0.0]}, {"color": "CVGreen", "id_name": "object140664994806508", "shape": "CVCone", "id_string": "ob1290", "world_size": [0.11, 0.11, 0.11], "id": 1290, "camera_size": [45, 45], "camera_position": [256, 254], "world_position": [0.705, 0.6547388572526824, -0.15], "world_orientation": [1.0, -3.838362879530641e-17, 1.4813540171849057e-17, 3.838362879530641e-17, 1.0, 5.294293626938881e-18, -1.4813540171849057e-17, -5.294293626938881e-18, 1.0], "world_rotation": [-0.1276280613210114, 0.35710588544125776, 0.925303444577321, 4.1482206750932463e-17]}], "source": "action wait"}
{"timestamp": 1706069707.764856, "objects": [{"color": "cv_", "id_name": "hand", "shape": "CVCylinder", "id_string": "ob383", "world_size": [0.12, 0.005, 0.12], "id": 383, "camera_size": [51, 52], "camera_position": [246, 406], "world_position": [0.3366148929205114, 0.7051638489343123, -0.17398410443412335], "world_orientation": [-0.00022728152383277094, 0.18144024762843688, 0.9834019447223198, -0.0007325675701211416, -0.9834017364577375, 0.18144003989379526, 0.9999997058438889, -0.0006791704043465826, 0.000356426286529674], "world_rotation": [0.0, 1.0, 0.0, 0.0]}, {"color": "CVGreen", "id_name": "object140664994806508", "shape": "CVCone", "id_string": "ob1290", "world_size": [0.11, 0.11, 0.11], "id": 1290, "camera_size": [45, 45], "camera_position": [256, 254], "world_position": [0.705, 0.6547388572526824, -0.15], "world_orientation": [1.0, -3.838362879530641e-17, 1.4813540171849057e-17, 3.838362879530641e-17, 1.0, 5.294293626938881e-18, -1.4813540171849057e-17, -5.294293626938881e-18, 1.0], "world_rotation": [-0.1276280613210114, 0.35710588544125776, 0.925303444577321, 4.1482206750932463e-17]}], "source": "action wait"}
{"timestamp": 1706069707.802701, "objects": [{"color": "cv_", "id_name": "hand", "shape": "CVCylinder", "id_string": "ob383", "world_size": [0.12, 0.005, 0.12], "id": 383, "camera_size": [51, 52], "camera_position": [246, 388], "world_position": [0.3870219586992625, 0.7381543607629917, -0.1740046088697331], "world_orientation": [-0.0001250215426728862, 0.17159674336570094, 0.9851672660192784, -0.0007438965269821877, -0.9851670170905977, 0.1715966056038744, 0.999999715493745, -0.0007114092353385467, 0.00025081732169873234], "world_rotation": [0.0, 1.0, 0.0, 0.0]}, {"color": "CVGreen", "id_name": "object140664994806508", "shape": "CVCone", "id_string": "ob1290", "world_size": [0.11, 0.11, 0.11], "id": 1290, "camera_size": [45, 45], "camera_position": [256, 254], "world_position": [0.705, 0.6547388572526824, -0.15], "world_orientation": [1.0, -3.838362879530641e-17, 1.4813540171849057e-17, 3.838362879530641e-17, 1.0, 5.294293626938881e-18, -1.4813540171849057e-17, -5.294293626938881e-18, 1.0], "world_rotation": [-0.1276280613210114, 0.35710588544125776, 0.925303444577321, 4.1482206750932463e-17]}], "source": "action wait"}
{"timestamp": 1706069707.84082, "objects": [{"color": "cv_", "id_name": "hand", "shape": "CVCylinder", "id_string": "ob383", "world_size": [0.12, 0.005, 0.12], "id": 383, "camera_size": [52, 53], "camera_position": [245, 368], "world_position": [0.4410258924142381, 0.7659753131302546, -0.17402308877084224], "world_orientation": [-5.306986187196283e-05, 0.16464102306964273, 0.9863535525896234, -0.000751318892140404, -0.9863532821547374, 0.16464093750492229, 0.9999997163517158, -0.0007323285865788322, 0.00017604354349487494], "world_rotation": [0.0, 1.0, 0.0, 0.0]}, {"color": "CVGreen", "id_name": "object140664994806508", "shape": "CVCone", "id_string": "ob1290", "world_size": [0.11, 0.11, 0.11], "id": 1290, "camera_size": [45, 45], "camera_position": [256, 254], "world_position": [0.705, 0.6547388572526824, -0.15], "world_orientation": [1.0, -3.838362879530641e-17, 1.4813540171849057e-17, 3.838362879530641e-17, 1.0, 5.294293626938881e-18, -1.4813540171849057e-17, -5.294293626938881e-18, 1.0], "world_rotation": [-0.1276280613210114, 0.35710588544125776, 0.925303444577321, 4.1482206750932463e-17]}], "source": "action wait"}
{"timestamp": 1706069707.872676, "objects": [{"color": "cv_", "id_name": "hand", "shape": "CVCylinder", "id_string": "ob383", "world_size": [0.12, 0.005, 0.12], "id": 383, "camera_size": [52, 53], "camera_position": [245, 344], "world_position": [0.4981417533247988, 0.7811304777639703, -0.17403834251839095], "world_orientation": [-9.266117551041962e-06, 0.14944335506512854, 0.988770288561007, -0.0007643588066628657, -0.9887700008201217, 0.14944330441271514, 0.9999997078348342, -0.0007543905186026044, 0.00012339040360023426], "world_rotation": [0.0, 1.0, 0.0, 0.0]}, {"color": "CVGreen", "id_name": "object140664994806508", "shape": "CVCone", "id_string": "ob1290", "world_size": [0.11, 0.11, 0.11], "id": 1290, "camera_size": [45, 45], "camera_position": [256, 254], "world_position": [0.705, 0.6547388572526824, -0.15], "world_orientation": [1.0, -3.838362879530641e-17, 1.4813540171849057e-17, 3.838362879530641e-17, 1.0, 5.294293626938881e-18, -1.4813540171849057e-17, -5.294293626938881e-18, 1.0], "world_rotation": [-0.1276280613210114, 0.35710588544125776, 0.925303444577321, 4.1482206750932463e-17]}], "source": "action wait"}
{"timestamp": 1706069707.901321, "objects": [{"color": "cv_", "id_name": "hand", "shape": "CVCylinder", "id_string": "ob383", "world_size": [0.12, 0.005, 0.12], "id": 383, "camera_size": [52, 53], "camera_position": [245, 318], "world_position": [0.5567643189572871, 0.7728459798703572, -0.17405017048256197], "world_orientation": [-2.5068944521237124e-06, 0.11074810283154636, 0.9938485084322101, -0.000777055603482916, -0.9938482086005019, 0.11074806746017081, 0.9999996980891068, -0.0007719979187748387, 8.854890644115133e-05], "world_rotation": [0.0, 1.0, 0.0, 0.0]}, {"color": "CVGreen", "id_name": "object140664994806508", "shape": "CVCone", "id_string": "ob1290", "world_size": [0.11, 0.11, 0.11], "id": 1290, "camera_size": [45, 45], "camera_position": [256, 254], "world_position": [0.705, 0.6547388572526824, -0.15], "world_orientation": [1.0, -3.838362879530641e-17, 1.4813540171849057e-17, 3.838362879530641e-17, 1.0, 5.294293626938881e-18, -1.4813540171849057e-17, -5.294293626938881e-18, 1.0], "world_rotation": [-0.1276280613210114, 0.35710588544125776, 0.925303444577321, 4.1482206750932463e-17]}], "source": "action wait"}
{"timestamp": 1706069707.934236, "objects": [{"color": "cv_", "id_name": "hand", "shape": "CVCylinder", "id_string": "ob383", "world_size": [0.12, 0.005, 0.12], "id": 383, "camera_size": [52, 52], "camera_position": [245, 298], "world_position": [0.6020850873442536, 0.7593913777812978, -0.17405577695255503], "world_orientation": [-1.6744926299458453e-05, 0.07764643545154329, 0.9969809580835919, -0.0007752575282521363, -0.9969806596264381, 0.07764639918629307, 0.9999996993476411, -0.0007716168100469007, 7.689035129357407e-05], "world_rotation": [0.0, 1.0, 0.0, 0.0]}, {"color": "CVGreen", "id_name": "object140664994806508", "shape": "CVCone", "id_string": "ob1290", "world_size": [0.11, 0.11, 0.11], "id": 1290, "camera_size": [45, 45], "camera_position": [256, 254], "world_position": [0.705, 0.6547388572526824, -0.15], "world_orientation": [1.0, -3.838362879530641e-17, 1.4813540171849057e-17, 3.838362879530641e-17, 1.0, 5.294293626938881e-18, -1.4813540171849057e-17, -5.294293626938881e-18, 1.0], "world_rotation": [-0.1276280613210114, 0.35710588544125776, 0.925303444577321, 4.1482206750932463e-17]}], "source": "action wait"}
{"timestamp": 1706069707.965171, "objects": [{"color": "cv_", "id_name": "hand", "shape": "CVCylinder", "id_string": "ob383", "world_size": [0.12, 0.005, 0.12], "id": 383, "camera_size": [51, 51], "camera_position": [246, 284], "world_position": [0.6338979900870509, 0.7474432283836223, -0.1740634556686045], "world_orientation": [-2.297153132565273e-05, 0.05425612292929281, 0.9985270515098679, -0.0007713906520396186, -0.9985267556511656, 0.05425608910730449, 0.999999702214341, -0.0007690080878932059, 6.479035469089549e-05], "world_rotation": [0.0, 1.0, 0.0, 0.0]}, {"color": "CVGreen", "id_name": "object140664994806508", "shape": "CVCone", "id_string": "ob1290", "world_size": [0.11, 0.11, 0.11], "id": 1290, "camera_size": [45, 45], "camera_position": [256, 254], "world_position": [0.705, 0.6547388572526824, -0.15], "world_orientation": [1.0, -3.838362879530641e-17, 1.4813540171849057e-17, 3.838362879530641e-17, 1.0, 5.294293626938881e-18, -1.4813540171849057e-17, -5.294293626938881e-18, 1.0], "world_rotation": [-0.1276280613210114, 0.35710588544125776, 0.925303444577321, 4.1482206750932463e-17]}], "source": "action wait"}
{"timestamp": 1706069707.997248, "objects": [{"color": "cv_", "id_name": "hand", "shape": "CVCylinder", "id_string": "ob383", "world_size": [0.12, 0.005, 0.12], "id": 383, "camera_size": [51, 51], "camera_position": [246, 275], "world_position": [0.6561608054773614, 0.7378287020590018, -0.1740713330737735], "world_orientation": [-2.4311271185731557e-05, 0.037751015668234356, 0.9992871760535001, -0.0007678989506319927, -0.9992868824292891, 0.03775098589379894, 0.9999997048700383, -0.0007664337994162556, 5.328289970838948e-05], "world_rotation": [0.0, 1.0, 0.0, 0.0]}, {"color": "CVGreen", "id_name": "object140664994806508", "shape": "CVCone", "id_string": "ob1290", "world_size": [0.11, 0.11, 0.11], "id": 1290, "camera_size": [45, 45], "camera_position": [256, 254], "world_position": [0.705, 0.6547388572526824, -0.15], "world_orientation": [1.0, -3.838362879530641e-17, 1.4813540171849057e-17, 3.838362879530641e-17, 1.0, 5.294293626938881e-18, -1.4813540171849057e-17, -5.294293626938881e-18, 1.0], "world_rotation": [-0.1276280613210114, 0.35710588544125776, 0.925303444577321, 4.1482206750932463e-17]}], "source": "action wait"}
{"timestamp": 1706069708.031115, "objects": [{"color": "cv_", "id_name": "hand", "shape": "CVCylinder", "id_string": "ob383", "world_size": [0.12, 0.005, 0.12], "id": 383, "camera_size": [51, 51], "camera_position": [246, 268], "world_position": [0.6717381754330016, 0.7304822705363887, -0.17407844338424994], "world_orientation": [-2.312367640817335e-05, 0.02611180543850719, 0.999659028410206, -0.0007653872926508587, -0.9996587363305854, 0.026111780104575103, 0.999999706823751, -0.0007645225169756428, 4.310142920869061e-05], "world_rotation": [0.0, 1.0, 0.0, 0.0]}, {"color": "CVGreen", "id_name": "object140664994806508", "shape": "CVCone", "id_string": "ob1290", "world_size": [0.11, 0.11, 0.11], "id": 1290, "camera_size": [45, 45], "camera_position": [256, 254], "world_position": [0.705, 0.6547388572526824, -0.15], "world_orientation": [1.0, -3.838362879530641e-17, 1.4813540171849057e-17, 3.838362879530641e-17, 1.0, 5.294293626938881e-18, -1.4813540171849057e-17, -5.294293626938881e-18, 1.0], "world_rotation": [-0.1276280613210114, 0.35710588544125776, 0.925303444577321, 4.1482206750932463e-17]}], "source": "action wait"}
{"timestamp": 1706069708.067261, "objects": [{"color": "cv_", "id_name": "hand", "shape": "CVCylinder", "id_string": "ob383", "world_size": [0.12, 0.005, 0.12], "id": 383, "camera_size": [51, 50], "camera_position": [246, 263], "world_position": [0.6826471235776708, 0.7250363828212308, -0.1740844544125357], "world_orientation": [-2.0815108166069705e-05, 0.017906503651300976, 0.9998396654932817, -0.0007638036481014505, -0.9998393743432908, 0.017906482535781868, 0.9999997080853167, -0.0007633084586498051, 3.4488817539627385e-05], "world_rotation": [0.0, 1.0, 0.0, 0.0]}, {"color": "CVGreen", "id_name": "object140664994806508", "shape": "CVCone", "id_string": "ob1290", "world_size": [0.11, 0.11, 0.11], "id": 1290, "camera_size": [45, 45], "camera_position": [256, 254], "world_position": [0.705, 0.6547388572526824, -0.15], "world_orientation": [1.0, -3.838362879530641e-17, 1.4813540171849057e-17, 3.838362879530641e-17, 1.0, 5.294293626938881e-18, -1.4813540171849057e-17, -5.294293626938881e-18, 1.0], "world_rotation": [-0.1276280613210114, 0.35710588544125776, 0.925303444577321, 4.1482206750932463e-17]}], "source": "action wait"}
{"timestamp": 1706069708.103556, "objects": [{"color": "cv_", "id_name": "hand", "shape": "CVCylinder", "id_string": "ob383", "world_size": [0.12, 0.005, 0.12], "id": 383, "camera_size": [51, 51], "camera_position": [246, 260], "world_position": [0.6902953509269565, 0.7210745930491386, -0.17408934199739395], "world_orientation": [-1.817603370413897e-05, 0.012122820103332169, 0.9999265157512197, -0.0007629150446987349, -0.9999262250861563, 0.012122802711604663, 0.9999997088150908, -0.0007626386379894765, 2.7423374610195645e-05], "world_rotation": [0.0, 1.0, 0.0, 0.0]}, {"color": "CVGreen", "id_name": "object140664994806508", "shape": "CVCone", "id_string": "ob1290", "world_size": [0.11, 0.11, 0.11], "id": 1290, "camera_size": [45, 45], "camera_position": [256, 254], "world_position": [0.705, 0.6547388572526824, -0.15], "world_orientation": [1.0, -3.838362879530641e-17, 1.4813540171849057e-17, 3.838362879530641e-17, 1.0, 5.294293626938881e-18, -1.4813540171849057e-17, -5.294293626938881e-18, 1.0], "world_rotation": [-0.1276280613210114, 0.35710588544125776, 0.925303444577321, 4.1482206750932463e-17]}], "source": "action wait"}
{"timestamp": 1706069708.136865, "objects": [{"color": "cv_", "id_name": "hand", "shape": "CVCylinder", "id_string": "ob383", "world_size": [0.12, 0.005, 0.12], "id": 383, "camera_size": [51, 50], "camera_position": [246, 257], "world_position": [0.6956632986922671, 0.7182270907394952, -0.1740932168994647], "world_orientation": [-1.561977789181183e-05, 0.008046288517905929, 0.9999676279745806, -0.0007624873558383629, -0.9999673375082797, 0.00804627427038629, 0.9999997091844852, -0.0007623369915617198, 2.175446096764348e-05], "world_rotation": [0.0, 1.0, 0.0, 0.0]}, {"color": "CVGreen", "id_name": "object140664994806508", "shape": "CVCone", "id_string": "ob1290", "world_size": [0.11, 0.11, 0.11], "id": 1290, "camera_size": [45, 45], "camera_position": [256, 254], "world_position": [0.705, 0.6547388572526824, -0.15], "world_orientation": [1.0, -3.838362879530641e-17, 1.4813540171849057e-17, 3.838362879530641e-17, 1.0, 5.294293626938881e-18, -1.4813540171849057e-17, -5.294293626938881e-18, 1.0], "world_rotation": [-0.1276280613210114, 0.35710588544125776, 0.925303444577321, 4.1482206750932463e-17]}], "source": "action wait"}
{"timestamp": 1706069708.170061, "objects": [{"color": "cv_", "id_name": "hand", "shape": "CVCylinder", "id_string": "ob383", "world_size": [0.12, 0.005, 0.12], "id": 383, "camera_size": [50, 50], "camera_position": [245, 256], "world_position": [0.6994343228018121, 0.7161966138687148, -0.1740962359940064], "world_orientation": [-1.333816829031636e-05, 0.005173044417823122, 0.9999866196272551, -0.0007623387398291113, -0.9999863291924764, 0.005173032747032871, 0.9999997093308274, -0.0007622595406716295, 1.728159810971439e-05], "world_rotation": [0.0, 1.0, 0.0, 0.0]}, {"color": "CVGreen", "id_name": "object140664994806508", "shape": "CVCone", "id_string": "ob1290", "world_size": [0.11, 0.11, 0.11], "id": 1290, "camera_size": [45, 45], "camera_position": [256, 254], "world_position": [0.705, 0.6547388572526824, -0.15], "world_orientation": [1.0, -3.838362879530641e-17, 1.4813540171849057e-17, 3.838362879530641e-17, 1.0, 5.294293626938881e-18, -1.4813540171849057e-17, -5.294293626938881e-18, 1.0], "world_rotation": [-0.1276280613210114, 0.35710588544125776, 0.925303444577321, 4.1482206750932463e-17]}], "source": "action wait"}
{"timestamp": 1706069708.200505, "objects": [{"color": "cv_", "id_name": "hand", "shape": "CVCylinder", "id_string": "ob383", "world_size": [0.12, 0.005, 0.12], "id": 383, "camera_size": [50, 50], "camera_position": [245, 255], "world_position": [0.7020855065912167, 0.7147562861753756, -0.17409855913249278], "world_orientation": [-1.1398579765250321e-05, 0.0031478847994086878, 0.9999950453334068, -0.0007623441500426884, -0.9999947548428201, 0.0031478751952899453, 0.9999997093506924, -0.000762304491575473, 1.37982915401107e-05], "world_rotation": [0.0, 1.0, 0.0, 0.0]}, {"color": "CVGreen", "id_name": "object140664994806508", "shape": "CVCone", "id_string": "ob1290", "world_size": [0.11, 0.11, 0.11], "id": 1290, "camera_size": [45, 45], "camera_position": [256, 254], "world_position": [0.705, 0.6547388572526824, -0.15], "world_orientation": [1.0, -3.838362879530641e-17, 1.4813540171849057e-17, 3.838362879530641e-17, 1.0, 5.294293626938881e-18, -1.4813540171849057e-17, -5.294293626938881e-18, 1.0], "world_rotation": [-0.1276280613210114, 0.35710588544125776, 0.925303444577321, 4.1482206750932463e-17]}], "source": "action wait"}
{"timestamp": 1706069708.232609, "objects": [{"color": "cv_", "id_name": "hand", "shape": "CVCylinder", "id_string": "ob383", "world_size": [0.12, 0.005, 0.12], "id": 383, "camera_size": [50, 50], "camera_position": [245, 254], "world_position": [0.7039505241624082, 0.7137381018648431, -0.17410033026186927], "world_orientation": [-9.802333733892737e-06, 0.0017204520939888123, 0.9999985199731583, -0.0007624243080378315, -0.9999982293890338, 0.001720444120503802, 0.9999997093065022, -0.0007624063152623061, 1.1114030875409735e-05], "world_rotation": [0.0, 1.0, 0.0, 0.0]}, {"color": "CVGreen", "id_name": "object140664994806508", "shape": "CVCone", "id_string": "ob1290", "world_size": [0.11, 0.11, 0.11], "id": 1290, "camera_size": [45, 45], "camera_position": [256, 254], "world_position": [0.705, 0.6547388572526824, -0.15], "world_orientation": [1.0, -3.838362879530641e-17, 1.4813540171849057e-17, 3.838362879530641e-17, 1.0, 5.294293626938881e-18, -1.4813540171849057e-17, -5.294293626938881e-18, 1.0], "world_rotation": [-0.1276280613210114, 0.35710588544125776, 0.925303444577321, 4.1482206750932463e-17]}], "source": "action wait"}
{"timestamp": 1706069708.265334, "objects": [{"color": "cv_", "id_name": "hand", "shape": "CVCylinder", "id_string": "ob383", "world_size": [0.12, 0.005, 0.12], "id": 383, "camera_size": [50, 50], "camera_position": [245, 253], "world_position": [0.7052631266405827, 0.7130199561103675, -0.1741016710071963], "world_orientation": [-8.518624216454515e-06, 0.0007142999164692153, 0.9999997448514988, -0.0007625323745002338, -0.9999994541646429, 0.0007142932131035317, 0.9999997092358631, -0.0007625260951461724, 9.063296378463268e-06], "world_rotation": [0.0, 1.0, 0.0, 0.0]}, {"color": "CVGreen", "id_name": "object140664994806508", "shape": "CVCone", "id_string": "ob1290", "world_size": [0.11, 0.11, 0.11], "id": 1290, "camera_size": [45, 45], "camera_position": [256, 254], "world_position": [0.705, 0.6547388572526824, -0.15], "world_orientation": [1.0, -3.838362879530641e-17, 1.4813540171849057e-17, 3.838362879530641e-17, 1.0, 5.294293626938881e-18, -1.4813540171849057e-17, -5.294293626938881e-18, 1.0], "world_rotation": [-0.1276280613210114, 0.35710588544125776, 0.925303444577321, 4.1482206750932463e-17]}], "source": "action wait"}
{"timestamp": 1706069708.291455, "objects": [{"color": "cv_", "id_name": "hand", "shape": "CVCylinder", "id_string": "ob383", "world_size": [0.12, 0.005, 0.12], "id": 383, "camera_size": [50, 50], "camera_position": [245, 253], "world_position": [0.7061872860590521, 0.7125141638168205, -0.17410268030463102], "world_orientation": [-7.503817068658251e-06, 5.075070556243562e-06, 0.9999999999589684, -0.0007626427645301792, -0.9999997091751156, 5.069346349044825e-06, 0.999999709159811, -0.0007626427264597994, 7.507685352565016e-06], "world_rotation": [0.0, 1.0, 0.0, 0.0]}, {"color": "CVGreen", "id_name": "object140664994806508", "shape": "CVCone", "id_string": "ob1290", "world_size": [0.11, 0.11, 0.11], "id": 1290, "camera_size": [45, 45], "camera_position": [256, 254], "world_position": [0.705, 0.6547388572526824, -0.15], "world_orientation": [1.0, -3.838362879530641e-17, 1.4813540171849057e-17, 3.838362879530641e-17, 1.0, 5.294293626938881e-18, -1.4813540171849057e-17, -5.294293626938881e-18, 1.0], "world_rotation": [-0.1276280613210114, 0.35710588544125776, 0.925303444577321, 4.1482206750932463e-17]}], "source": "action wait"}
{"timestamp": 1706069708.326645, "objects": [{"color": "cv_", "id_name": "hand", "shape": "CVCylinder", "id_string": "ob383", "world_size": [0.12, 0.005, 0.12], "id": 383, "camera_size": [49, 50], "camera_position": [246, 253], "world_position": [0.7068381497601286, 0.7121582497459249, -0.17410343667534484], "world_orientation": [-6.712095993432761e-06, -0.0004948631160154916, 0.9999998775327147, -0.0007627429946554984, -0.9999995866642626, -0.0004948680916798358, 0.9999997090889936, -0.0007627462228469499, 6.334639844393477e-06], "world_rotation": [0.0, 1.0, 0.0, 0.0]}, {"color": "CVGreen", "id_name": "object140664994806508", "shape": "CVCone", "id_string": "ob1290", "world_size": [0.11, 0.11, 0.11], "id": 1290, "camera_size": [45, 45], "camera_position": [256, 254], "world_position": [0.705, 0.6547388572526824, -0.15], "world_orientation": [1.0, -3.838362879530641e-17, 1.4813540171849057e-17, 3.838362879530641e-17, 1.0, 5.294293626938881e-18, -1.4813540171849057e-17, -5.294293626938881e-18, 1.0], "world_rotation": [-0.1276280613210114, 0.35710588544125776, 0.925303444577321, 4.1482206750932463e-17]}], "source": "action wait"}
{"timestamp": 1706069708.368469, "objects": [{"color": "cv_", "id_name": "hand", "shape": "CVCylinder", "id_string": "ob383", "world_size": [0.12, 0.005, 0.12], "id": 383, "camera_size": [49, 49], "camera_position": [246, 253], "world_position": [0.7072578131167747, 0.7119509650124851, -0.1741066119048002], "world_orientation": [-3.904360152756129e-06, -0.0008329471110040238, 0.999999653091873, -0.0007644358917219653, -0.9999993609159513, -0.0008329498522705694, 0.999999707811219, -0.0007644388786695154, 3.2676229903419608e-06], "world_rotation": [0.0, 1.0, 0.0, 0.0]}, {"color": "CVGreen", "id_name": "object140664994806508", "shape": "CVCone", "id_string": "ob1290", "world_size": [0.11, 0.11, 0.11], "id": 1290, "camera_size": [45, 46], "camera_position": [256, 253], "world_position": [0.7051602490769976, 0.6546074878596988, -0.15000158618369697], "world_orientation": [0.9999958081347093, 0.0028954641807760143, 4.3334762092072274e-07, -0.0028954641925470442, 0.9999958076783887, 3.0211865148903163e-05, -3.458684308148372e-07, -3.0212993247353578e-05, 0.9999999995435277], "world_rotation": [-0.010433831122322353, 0.00013455072808437541, -0.9999455570500887, 0.0028956258793221253]}], "source": "action wait"}
{"timestamp": 1706069708.400755, "objects": [{"color": "cv_", "id_name": "hand", "shape": "CVCylinder", "id_string": "ob383", "world_size": [0.12, 0.005, 0.12], "id": 383, "camera_size": [49, 50], "camera_position": [246, 252], "world_position": [0.7075570954197146, 0.7118014885907921, -0.17410828415286653], "world_orientation": [-2.2630827750751465e-06, -0.0010722051320755698, 0.9999994251853515, -0.0007654746198267473, -0.9999991322104834, -0.0010722065502792892, 0.9999997070216996, -0.0007654766063132509, 1.442334995701444e-06], "world_rotation": [0.0, 1.0, 0.0, 0.0]}, {"color": "CVGreen", "id_name": "object140664994806508", "shape": "CVCone", "id_string": "ob1290", "world_size": [0.11, 0.11, 0.11], "id": 1290, "camera_size": [45, 46], "camera_position": [256, 253], "world_position": [0.7052474287290733, 0.6545266689710847, -0.1500024244455358], "world_orientation": [0.9999900776527808, 0.004454727332441803, 6.157403637295983e-07, -0.0044547273562123525, 0.9999900765769341, 4.6387924598804476e-05, -4.0908869787270737e-07, -4.6390207277152454e-05, 0.9999999989238907], "world_rotation": [-0.010412882099853228, 0.00011502089959340393, -0.9999457778582631, 0.004454983638521407]}], "source": "action wait"}
{"timestamp": 1706069709.489888, "objects": [{"color": "cv_", "id_name": "hand", "shape": "CVCylinder", "id_string": "ob383", "world_size": [0.12, 0.005, 0.12], "id": 383, "camera_size": [49, 50], "camera_position": [246, 252], "world_position": [0.7082828497141823, 0.7114478852485596, -0.1741126020787852], "world_orientation": [2.555203741488584e-06, -0.0016411071390617234, 0.999998653379508, -0.0007679284142030533, -0.9999983585293216, -0.0016411046929637688, 0.9999997051396674, -0.000767923186738422, -3.815452349677024e-06], "world_rotation": [0.0, 1.0, 0.0, 0.0]}, {"color": "CVGreen", "id_name": "object140664994806508", "shape": "CVCone", "id_string": "ob1290", "world_size": [0.11, 0.11, 0.11], "id": 1290, "camera_size": [45, 46], "camera_position": [256, 253], "world_position": [0.7054581507812886, 0.654339016993988, -0.15000461148130498], "world_orientation": [0.9999727160571614, 0.007386921335351876, -2.3118159889608777e-05, -0.007386918469461998, 0.9999727089411478, 0.0001216898864629761, 2.4016442589157928e-05, -0.00012151579432080102, 0.9999999923285611], "world_rotation": [0.01645960019397489, 0.0031899613101232633, 0.9998594429760087, -0.007388025541662918]}], "source": "action wait"}
{"timestamp": 1706069709.520245, "objects": [{"color": "cv_", "id_name": "hand", "shape": "CVCylinder", "id_string": "ob383", "world_size": [0.12, 0.005, 0.12], "id": 383, "camera_size": [51, 50], "camera_position": [246, 251], "world_position": [0.7106947772140539, 0.7321055388692218, -0.1740951718300122], "world_orientation": [2.042170653559291e-05, 0.028660975306053597, 0.9995891896561605, -0.0007441498165324052, -0.9995889126632744, 0.028660982566959734, 0.9999997229119638, -0.0007444294182657763, 9.147480853901577e-07], "world_rotation": [0.0, 1.0, 0.0, 0.0]}, {"color": "CVGreen", "id_name": "object140664994806508", "shape": "CVCone", "id_string": "ob1290", "world_size": [0.11, 0.11, 0.11], "id": 1290, "camera_size": [46, 48], "camera_position": [252, 251], "world_position": [0.7105805544875405, 0.6757148733850286, -0.15864642629645453], "world_orientation": [0.9996806060768789, -0.025272212431516387, -3.335536617110972e-05, 0.025272215958421204, 0.9996806005000815, 0.00010992882933818994, 3.0566567756452805e-05, -0.00011073668275537188, 0.999999993401536], "world_rotation": [0.004365728127781183, 0.0012646551891235573, -0.999989670479234, -0.025275166267623144]}], "source": "action wait"}
{"timestamp": 1706069709.551682, "objects": [{"color": "cv_", "id_name": "hand", "shape": "CVCylinder", "id_string": "ob383", "world_size": [0.12, 0.005, 0.12], "id": 383, "camera_size": [52, 53], "camera_position": [245, 250], "world_position": [0.7141022399133479, 0.7809711397440108, -0.1741121876317046], "world_orientation": [7.562540075580931e-05, 0.09913220243866325, 0.9950742689470262, -0.0007264661751328851, -0.9950740037694841, 0.09913223123215442, 0.999999733263812, -0.0007303847128501515, -3.2366783782553258e-06], "world_rotation": [0.0, 1.0, 0.0, 0.0]}, {"color": "CVGreen", "id_name": "object140664994806508", "shape": "CVCone", "id_string": "ob1290", "world_size": [0.11, 0.11, 0.11], "id": 1290, "camera_size": [48, 53], "camera_position": [249, 248], "world_position": [0.7185616269287805, 0.7251495771822588, -0.16422509077619565], "world_orientation": [0.9952592089347291, -0.097257933387204, -3.773416973309608e-05, 0.0972579367377706, 0.9952592042550482, 0.00010043465592520762, 2.778721266604562e-05, -0.00010362846369850757, 0.9999999942445061], "world_rotation": [0.0010490814740342662, 0.00033684317163632194, -0.9999993929821851, -0.09741197959059746]}], "source": "action wait"}
{"timestamp": 1706069709.585719, "objects": [{"color": "cv_", "id_name": "hand", "shape": "CVCylinder", "id_string": "ob383", "world_size": [0.12, 0.005, 0.12], "id": 383, "camera_size": [55, 55], "camera_position": [245, 250], "world_position": [0.713083525511847, 0.8509008085387748, -0.17411877079251858], "world_orientation": [0.00014920668154121602, 0.19838344299387847, 0.9801244754026197, -0.0007167305326873847, -0.9801242133510609, 0.19838349906256725, 0.999999732017319, -0.0007320852809231586, -4.05361059852583e-06], "world_rotation": [0.0, 1.0, 0.0, 0.0]}, {"color": "CVGreen", "id_name": "object140664994806508", "shape": "CVCone", "id_string": "ob1290", "world_size": [0.11, 0.11, 0.11], "id": 1290, "camera_size": [51, 60], "camera_position": [248, 245], "world_position": [0.723491420338568, 0.7959513227486409, -0.16779135458014624], "world_orientation": [0.980306427592543, -0.1974824195271382, -4.470406658072241e-05, 0.1974824226304821, 0.980306424627972, 8.114873925208937e-05, 2.7798234306999313e-05, -8.837889804964994e-05, 0.9999999957082143], "world_rotation": [0.0004292220489884948, 0.00018356644756405748, -0.99999989103589, -0.19878912018106926]}], "source": "action wait"}
{"timestamp": 1706069709.622254, "objects": [{"color": "cv_", "id_name": "hand", "shape": "CVCylinder", "id_string": "ob383", "world_size": [0.12, 0.005, 0.12], "id": 383, "camera_size": [59, 57], "camera_position": [244, 254], "world_position": [0.7045691518505899, 0.9204523296729354, -0.1741197976495931], "world_orientation": [0.00022314694451887668, 0.2956916697619461, 0.9552834064500614, -0.0007078288945365926, -0.9552831442206345, 0.29569175393675495, 0.9999997245918109, -0.0007421599089673566, -3.869407051486683e-06], "world_rotation": [0.0, 1.0, 0.0, 0.0]}, {"color": "CVGreen", "id_name": "object140664994806508", "shape": "CVCone", "id_string": "ob1290", "world_size": [0.11, 0.11, 0.11], "id": 1290, "camera_size": [54, 67], "camera_position": [246, 246], "world_position": [0.7206762039191524, 0.8669203611125039, -0.17007083472034082], "world_orientation": [0.9553726638032789, -0.295403234547966, -4.770772253682926e-05, 0.2954032370343595, 0.9553726624575432, 5.812406932664507e-05, 2.8408615815615132e-05, -6.962316261259977e-05, 0.9999999971727829], "world_rotation": [0.00021622516684796113, 0.00012883463469439807, -0.9999999683241566, -0.29987757266684756]}], "source": "action wait"}
{"timestamp": 1706069709.656817, "objects": [{"color": "cv_", "id_name": "hand", "shape": "CVCylinder", "id_string": "ob383", "world_size": [0.12, 0.005, 0.12], "id": 383, "camera_size": [62, 59], "camera_position": [243, 262], "world_position": [0.6888383392995746, 0.9887160922905002, -0.17411969481050155], "world_orientation": [0.0002962410484716166, 0.3900114628156623, 0.9208099538523834, -0.0006881487589849558, -0.9208096967257874, 0.39001157529879704, 0.999999719346224, -0.0007491916649872953, -4.395725873895908e-06], "world_rotation": [0.0, 1.0, 0.0, 0.0]}, {"color": "CVGreen", "id_name": "object140664994806508", "shape": "CVCone", "id_string": "ob1290", "world_size": [0.11, 0.11, 0.11], "id": 1290, "camera_size": [57, 75], "camera_position": [245, 251], "world_position": [0.7103863959574178, 0.9371312663660266, -0.17152881921707042], "world_orientation": [0.9207736155469842, -0.3900973552810505, -4.811719361165575e-05, 0.3900973572368517, 0.9207736150380367, 4.1552491785936936e-05, 2.8095525156257803e-05, -5.7030828162284356e-05, 0.999999997979063], "world_rotation": [0.00012635732735577685, 9.768422750510912e-05, -0.9999999872458089, -0.4007373288479432]}], "source": "action wait"}
{"timestamp": 1706069709.690964, "objects": [{"color": "cv_", "id_name": "hand", "shape": "CVCylinder", "id_string": "ob383", "world_size": [0.12, 0.005, 0.12], "id": 383, "camera_size": [66, 60], "camera_position": [242, 274], "world_position": [0.6661597110957611, 1.0550051919120564, -0.1741193531995445], "world_orientation": [0.0003672509049664287, 0.48039471223103697, 0.8770523277360547, -0.0006589376916225991, -0.8770520802205141, 0.48039485257649034, 0.9999997154639052, -0.0007543482806207026, -5.547987417955907e-06], "world_rotation": [0.0, 1.0, 0.0, 0.0]}, {"color": "CVGreen", "id_name": "object140664994806508", "shape": "CVCone", "id_string": "ob1290", "world_size": [0.11, 0.11, 0.11], "id": 1290, "camera_size": [60, 83], "camera_position": [243, 260], "world_position": [0.6928702746146098, 1.0058810580965978, -0.17246159014557533], "world_orientation": [0.8768859863092207, -0.4806984135730702, -4.693441046778364e-05, 0.480698415103856, 0.8768859862343862, 2.9366462427362952e-05, 2.7039714910285393e-05, -4.831233609572826e-05, 0.9999999984673862], "world_rotation": [8.079785133729976e-05, 7.694442368759418e-05, -0.9999999937756314, -0.501451013191274]}], "source": "action wait"}
{"timestamp": 1706069709.722803, "objects": [{"color": "cv_", "id_name": "hand", "shape": "CVCylinder", "id_string": "ob383", "world_size": [0.12, 0.005, 0.12], "id": 383, "camera_size": [70, 61], "camera_position": [241, 290], "world_position": [0.6418274617976722, 1.1077862873881457, -0.1741179285945659], "world_orientation": [0.0004302529035744574, 0.5515621547960038, 0.8341336848966284, -0.0006381836386503483, -0.8341334407925084, 0.5515623225649978, 0.9999997038019973, -0.0007696417609341028, -6.890391979484126e-06], "world_rotation": [0.0, 1.0, 0.0, 0.0]}, {"color": "CVGreen", "id_name": "object140664994806508", "shape": "CVCone", "id_string": "ob1290", "world_size": [0.11, 0.11, 0.11], "id": 1290, "camera_size": [64, 89], "camera_position": [242, 272], "world_position": [0.6725362299119977, 1.0611842034791024, -0.17305795549272388], "world_orientation": [0.8338532948235889, -0.5519861241332793, -3.842088986839274e-05, 0.5519861248707671, 0.833853295142231, 1.1427913256749105e-05, 2.572933607353178e-05, -3.073700123463903e-05, 0.9999999991966192], "world_rotation": [3.819381730608346e-05, 5.8108549236362465e-05, -0.9999999975823144, -0.5847442301273333]}], "source": "action wait"}
{"timestamp": 1706069709.753165, "objects": [{"color": "cv_", "id_name": "hand", "shape": "CVCylinder", "id_string": "ob383", "world_size": [0.12, 0.005, 0.12], "id": 383, "camera_size": [73, 61], "camera_position": [241, 303], "world_position": [0.6216047102366127, 1.1434484735640782, -0.17411818691280095], "world_orientation": [0.00047509009718045076, 0.5995181596241241, 0.8003610126501057, -0.0006173635978227515, -0.8003607746104016, 0.5995183477819729, 0.9999996965757478, -0.0007789389844359955, -1.0122790202942538e-05], "world_rotation": [0.0, 1.0, 0.0, 0.0]}, {"color": "CVGreen", "id_name": "object140664994806508", "shape": "CVCone", "id_string": "ob1290", "world_size": [0.11, 0.11, 0.11], "id": 1290, "camera_size": [67, 93], "camera_position": [242, 283], "world_position": [0.6549445214919196, 1.098918701689191, -0.17344072966698676], "world_orientation": [0.7999940247106674, -0.6000079662206029, -2.9984063950324047e-05, 0.6000079665480335, 0.7999940250231423, 2.4831504743633906e-06, 2.2497161940228535e-05, -1.9977182781628292e-05, 0.9999999995473949], "world_rotation": [1.871669585149471e-05, 4.373377419255449e-05, -0.9999999988685212, -0.6435110676594947]}], "source": "action wait"}
{"timestamp": 1706069709.784647, "objects": [{"color": "cv_", "id_name": "hand", "shape": "CVCylinder", "id_string": "ob383", "world_size": [0.12, 0.005, 0.12], "id": 383, "camera_size": [75, 62], "camera_position": [241, 313], "world_position": [0.6059378583691338, 1.1677033269384258, -0.17411947218551527], "world_orientation": [0.0005050942562044576, 0.6321109533155209, 0.7748777242754727, -0.0005974740876360809, -0.7748774940538578, 0.6321111549668529, 0.9999996939522068, -0.0007822450749975902, -1.3716256391230684e-05], "world_rotation": [0.0, 1.0, 0.0, 0.0]}, {"color": "CVGreen", "id_name": "object140664994806508", "shape": "CVCone", "id_string": "ob1290", "world_size": [0.11, 0.11, 0.11], "id": 1290, "camera_size": [68, 96], "camera_position": [241, 292], "world_position": [0.6410315359815513, 1.1247639456160352, -0.1736866564334125], "world_orientation": [0.7744487962826732, -0.6326365949989674, -2.4585181854130156e-05, 0.6326365951945703, 0.7744487965130861, 2.3253238663703935e-07, 1.8892856001677423e-05, -1.5733570167364026e-05, 0.9999999996977574], "world_rotation": [1.2618699793094837e-05, 3.436256941477315e-05, -0.9999999993299912, -0.6849529772718888]}], "source": "action wait"}
{"timestamp": 1706069709.817574, "objects": [{"color": "cv_", "id_name": "hand", "shape": "CVCylinder", "id_string": "ob383", "world_size": [0.12, 0.005, 0.12], "id": 383, "camera_size": [76, 62], "camera_position": [240, 321], "world_position": [0.5942410297423772, 1.1843374020470354, -0.1741209274278935], "world_orientation": [0.0005248073065006731, 0.6544501810927502, 0.7561049431427873, -0.0005806198958695465, -0.7561047203982331, 0.654450391299483, 0.9999996937288669, -0.0007824699204502411, -1.6822485746248874e-05], "world_rotation": [0.0, 1.0, 0.0, 0.0]}, {"color": "CVGreen", "id_name": "object140664994806508", "shape": "CVCone", "id_string": "ob1290", "world_size": [0.11, 0.11, 0.11], "id": 1290, "camera_size": [69, 98], "camera_position": [241, 299], "world_position": [0.6305198711302714, 1.1425755276981402, -0.17384456442107474], "world_orientation": [0.755633035020677, -0.654995202971174, -2.1683891773367975e-05, 0.6549952031401635, 0.755633035184742, 9.330551156423647e-07, 1.5773918330474042e-05, -1.4907892365840884e-05, 0.9999999997644692], "world_rotation": [1.2092414875672635e-05, 2.8593957567202792e-05, -0.9999999995180796, -0.7141762726306711]}], "source": "action wait"}
{"timestamp": 1706069709.850108, "objects": [{"color": "cv_", "id_name": "hand", "shape": "CVCylinder", "id_string": "ob383", "world_size": [0.12, 0.005, 0.12], "id": 383, "camera_size": [78, 63], "camera_position": [240, 328], "world_position": [0.5856960663077633, 1.1958281538491355, -0.174122204672776], "world_orientation": [0.0005376254840179394, 0.6698709671968383, 0.7424773385535827, -0.0005671799313749454, -0.7424771221678206, 0.6698711826644858, 0.9999996946328356, -0.0007812580647379433, -1.923725297243562e-05], "world_rotation": [0.0, 1.0, 0.0, 0.0]}, {"color": "CVGreen", "id_name": "object140664994806508", "shape": "CVCone", "id_string": "ob1290", "world_size": [0.11, 0.11, 0.11], "id": 1290, "camera_size": [70, 99], "camera_position": [240, 305], "world_position": [0.6227854381215007, 1.1549200533805328, -0.17394588807906985], "world_orientation": [0.741976087349727, -0.670426345979088, -2.0452838626740192e-05, 0.6704263461581919, 0.7419760874647815, 2.726041950568491e-06, 1.3347906837911901e-05, -1.5734779809522584e-05, 0.9999999997871252], "world_rotation": [1.3767971575646982e-05, 2.5208395858035343e-05, -0.99999999958749, -0.7347832476739351]}], "source": "action wait"}
