{"timestamp": 1706200814.32381, "objects": [{"color": "cv_", "id_name": "hand", "shape": "CVCylinder", "id_string": "ob382", "world_size": [0.12, 0.005, 0.12], "id": 382, "camera_size": [48, 50], "camera_position": [246, 426], "world_position": [0.26764451557300234, 0.6334703011721677, -0.17389260400900883], "world_orientation": [-0.0006415504536154796, 0.19791547456967382, 0.980218880321572, -0.0007473673801631929, -0.9802189031848845, 0.1979149900361803, 0.9999995149273897, -0.0006056111649377037, 0.000776775451704052], "world_rotation": [0.0, 1.0, 0.0, 0.0]}, {"color": "CVBlue", "id_name": "object2894092153310", "shape": "CVCone", "id_string": "ob470", "world_size": [0.1, 0.1, 0.1], "id": 470, "camera_size": [41, 41], "camera_position": [256, 254], "world_position": [0.705, 0.6498037994254439, -0.15], "world_orientation": [1.0, 8.100187187665134e-17, -1.2653630886983698e-17, -8.100187187665134e-17, 1.0, -1.9397816686250694e-16, 1.2653630886983698e-17, 1.9397816686250694e-16, 1.0], "world_rotation": [-0.9211093596285536, 0.06008602943210125, 0.38463907325148433, -2.1059189642881336e-16]}], "source": "action wait"}
{"timestamp": 1706200814.355062, "objects": [{"color": "cv_", "id_name": "hand", "shape": "CVCylinder", "id_string": "ob382", "world_size": [0.12, 0.005, 0.12], "id": 382, "camera_size": [49, 51], "camera_position": [246, 421], "world_position": [0.2907375943059909, 0.667408298746903, -0.17395627889347384], "world_orientation": [-0.0003854950205963259, 0.19477124305741678, 0.9808486194471896, -0.000716088524393607, -0.9808484946124968, 0.19477093682996988, 0.9999996693053524, -0.0006272912142488963, 0.000517585662668242], "world_rotation": [0.0, 1.0, 0.0, 0.0]}, {"color": "CVBlue", "id_name": "object2894092153310", "shape": "CVCone", "id_string": "ob470", "world_size": [0.1, 0.1, 0.1], "id": 470, "camera_size": [41, 41], "camera_position": [256, 254], "world_position": [0.705, 0.6498037994254439, -0.15], "world_orientation": [1.0, 8.100187187665134e-17, -1.2653630886983698e-17, -8.100187187665134e-17, 1.0, -1.9397816686250694e-16, 1.2653630886983698e-17, 1.9397816686250694e-16, 1.0], "world_rotation": [-0.9211093596285536, 0.06008602943210125, 0.38463907325148433, -2.1059189642881336e-16]}], "source": "action wait"}
{"timestamp": 1706200814.388475, "objects": [{"color": "cv_", "id_name": "hand", "shape": "CVCylinder", "id_string": "ob382", "world_size": [0.12, 0.005, 0.12], "id": 382, "camera_size": [51, 52], "camera_position": [246, 406], "world_position": [0.3365226694611757, 0.7050587565218915, -0.17398414406601354], "world_orientation": [-0.0002279452533633264, 0.1805651541781459, 0.9835629990689888, -0.0007327394389541937, -0.9835627907392582, 0.18056494611667254, 0.9999997055668947, -0.000679536477723107, 0.0003565056793013966], "world_rotation": [0.0, 1.0, 0.0, 0.0]}, {"color": "CVBlue", "id_name": "object2894092153310", "shape": "CVCone", "id_string": "ob470", "world_size": [0.1, 0.1, 0.1], "id": 470, "camera_size": [41, 41], "camera_position": [256, 254], "world_position": [0.705, 0.6498037994254439, -0.15], "world_orientation": [1.0, 8.100187187665134e-17, -1.2653630886983698e-17, -8.100187187665134e-17, 1.0, -1.9397816686250694e-16, 1.2653630886983698e-17, 1.9397816686250694e-16, 1.0], "world_rotation": [-0.9211093596285536, 0.06008602943210125, 0.38463907325148433, -2.1059189642881336e-16]}], "source": "action wait"}
{"timestamp": 1706200814.422917, "objects": [{"color": "cv_", "id_name": "hand", "shape": "CVCylinder", "id_string": "ob382", "world_size": [0.12, 0.005, 0.12], "id": 382, "camera_size": [51, 52], "camera_position": [246, 388], "world_position": [0.38690186829616696, 0.7380127481839416, -0.17400464900516918], "world_orientation": [-0.00012589614570727276, 0.170453359033144, 0.9853657374520784, -0.0007440864413366021, -0.985365488447564, 0.17045322089025416, 0.9999997152427238, -0.0007117378814625701, 0.0002508857504457757], "world_rotation": [0.0, 1.0, 0.0, 0.0]}, {"color": "CVBlue", "id_name": "object2894092153310", "shape": "CVCone", "id_string": "ob470", "world_size": [0.1, 0.1, 0.1], "id": 470, "camera_size": [41, 41], "camera_position": [256, 254], "world_position": [0.705, 0.6498037994254439, -0.15], "world_orientation": [1.0, 8.100187187665134e-17, -1.2653630886983698e-17, -8.100187187665134e-17, 1.0, -1.9397816686250694e-16, 1.2653630886983698e-17, 1.9397816686250694e-16, 1.0], "world_rotation": [-0.9211093596285536, 0.06008602943210125, 0.38463907325148433, -2.1059189642881336e-16]}], "source": "action wait"}
{"timestamp": 1706200814.454435, "objects": [{"color": "cv_", "id_name": "hand", "shape": "CVCylinder", "id_string": "ob382", "world_size": [0.12, 0.005, 0.12], "id": 382, "camera_size": [52, 53], "camera_position": [245, 368], "world_position": [0.4408855888628354, 0.7658083653829666, -0.17402312671490955], "world_orientation": [-5.409394298207377e-05, 0.16330783478715097, 0.9865751609335084, -0.000751516970614615, -0.9865748904179247, 0.1633077488029975, 0.9999997161480039, -0.0007325940161763979, 0.0001760963351471034], "world_rotation": [0.0, 1.0, 0.0, 0.0]}, {"color": "CVBlue", "id_name": "object2894092153310", "shape": "CVCone", "id_string": "ob470", "world_size": [0.1, 0.1, 0.1], "id": 470, "camera_size": [41, 41], "camera_position": [256, 254], "world_position": [0.705, 0.6498037994254439, -0.15], "world_orientation": [1.0, 8.100187187665134e-17, -1.2653630886983698e-17, -8.100187187665134e-17, 1.0, -1.9397816686250694e-16, 1.2653630886983698e-17, 1.9397816686250694e-16, 1.0], "world_rotation": [-0.9211093596285536, 0.06008602943210125, 0.38463907325148433, -2.1059189642881336e-16]}], "source": "action wait"}
{"timestamp": 1706200814.48468, "objects": [{"color": "cv_", "id_name": "hand", "shape": "CVCylinder", "id_string": "ob382", "world_size": [0.12, 0.005, 0.12], "id": 382, "camera_size": [52, 53], "camera_position": [245, 344], "world_position": [0.4979742932590809, 0.7813421049315338, -0.1740384059701306], "world_orientation": [-9.984314431018177e-06, 0.1485378006845426, 0.9889067305201803, -0.0007643169852126466, -0.9889064428529561, 0.14853774975897382, 0.9999997078598871, -0.0007543551633295275, 0.00012340351687804442], "world_rotation": [0.0, 1.0, 0.0, 0.0]}, {"color": "CVBlue", "id_name": "object2894092153310", "shape": "CVCone", "id_string": "ob470", "world_size": [0.1, 0.1, 0.1], "id": 470, "camera_size": [41, 41], "camera_position": [256, 254], "world_position": [0.705, 0.6498037994254439, -0.15], "world_orientation": [1.0, 8.100187187665134e-17, -1.2653630886983698e-17, -8.100187187665134e-17, 1.0, -1.9397816686250694e-16, 1.2653630886983698e-17, 1.9397816686250694e-16, 1.0], "world_rotation": [-0.9211093596285536, 0.06008602943210125, 0.38463907325148433, -2.1059189642881336e-16]}], "source": "action wait"}
{"timestamp": 1706200814.518235, "objects": [{"color": "cv_", "id_name": "hand", "shape": "CVCylinder", "id_string": "ob382", "world_size": [0.12, 0.005, 0.12], "id": 382, "camera_size": [52, 53], "camera_position": [245, 318], "world_position": [0.5566050879549822, 0.7733216427232612, -0.1740502347585657], "world_orientation": [-2.944072412861818e-06, 0.11012391364876498, 0.9939178656378059, -0.0007770690384894556, -0.9939175658121654, 0.11012387812699663, 0.9999996980774755, -0.0007720185875174033, 8.850004898031016e-05], "world_rotation": [0.0, 1.0, 0.0, 0.0]}, {"color": "CVBlue", "id_name": "object2894092153310", "shape": "CVCone", "id_string": "ob470", "world_size": [0.1, 0.1, 0.1], "id": 470, "camera_size": [41, 41], "camera_position": [256, 254], "world_position": [0.705, 0.6498037994254439, -0.15], "world_orientation": [1.0, 8.100187187665134e-17, -1.2653630886983698e-17, -8.100187187665134e-17, 1.0, -1.9397816686250694e-16, 1.2653630886983698e-17, 1.9397816686250694e-16, 1.0], "world_rotation": [-0.9211093596285536, 0.06008602943210125, 0.38463907325148433, -2.1059189642881336e-16]}], "source": "action wait"}
{"timestamp": 1706200814.553346, "objects": [{"color": "cv_", "id_name": "hand", "shape": "CVCylinder", "id_string": "ob382", "world_size": [0.12, 0.005, 0.12], "id": 382, "camera_size": [52, 52], "camera_position": [245, 298], "world_position": [0.6019597696837375, 0.760041777167017, -0.17405583159022922], "world_orientation": [-1.7038273133387e-05, 0.07720475330653899, 0.9970152585475178, -0.0007752933707802486, -0.997014960069168, 0.07720471694440016, 0.9999996993148981, -0.0007716638854644674, 7.68437466394069e-05], "world_rotation": [0.0, 1.0, 0.0, 0.0]}, {"color": "CVBlue", "id_name": "object2894092153310", "shape": "CVCone", "id_string": "ob470", "world_size": [0.1, 0.1, 0.1], "id": 470, "camera_size": [41, 41], "camera_position": [256, 254], "world_position": [0.705, 0.6498037994254439, -0.15], "world_orientation": [1.0, 8.100187187665134e-17, -1.2653630886983698e-17, -8.100187187665134e-17, 1.0, -1.9397816686250694e-16, 1.2653630886983698e-17, 1.9397816686250694e-16, 1.0], "world_rotation": [-0.9211093596285536, 0.06008602943210125, 0.38463907325148433, -2.1059189642881336e-16]}], "source": "action wait"}
{"timestamp": 1706200814.586758, "objects": [{"color": "cv_", "id_name": "hand", "shape": "CVCylinder", "id_string": "ob382", "world_size": [0.12, 0.005, 0.12], "id": 382, "camera_size": [51, 51], "camera_position": [246, 284], "world_position": [0.6338044295066089, 0.748214266466277, -0.1740635056518625], "world_orientation": [-2.3169616085153635e-05, 0.053944056891958254, 0.9985439590670039, -0.0007714344745329213, -0.9985436631768504, 0.05394402300726521, 0.999999702175966, -0.0007690613720580262, 6.475017850307586e-05], "world_rotation": [0.0, 1.0, 0.0, 0.0]}, {"color": "CVBlue", "id_name": "object2894092153310", "shape": "CVCone", "id_string": "ob470", "world_size": [0.1, 0.1, 0.1], "id": 470, "camera_size": [41, 41], "camera_position": [256, 254], "world_position": [0.705, 0.6498037994254439, -0.15], "world_orientation": [1.0, 8.100187187665134e-17, -1.2653630886983698e-17, -8.100187187665134e-17, 1.0, -1.9397816686250694e-16, 1.2653630886983698e-17, 1.9397816686250694e-16, 1.0], "world_rotation": [-0.9211093596285536, 0.06008602943210125, 0.38463907325148433, -2.1059189642881336e-16]}], "source": "action wait"}
{"timestamp": 1706200814.618208, "objects": [{"color": "cv_", "id_name": "hand", "shape": "CVCylinder", "id_string": "ob382", "world_size": [0.12, 0.005, 0.12], "id": 382, "camera_size": [51, 51], "camera_position": [246, 275], "world_position": [0.6560933294658027, 0.7386833811533714, -0.17407138214161424], "world_orientation": [-2.4443493885841478e-05, 0.037530691702592614, 0.9992954751137626, -0.0007679422535840358, -0.9992951814568358, 0.037530661889249375, 0.9999997048335618, -0.0007664838386511062, 5.3247669623125375e-05], "world_rotation": [0.0, 1.0, 0.0, 0.0]}, {"color": "CVBlue", "id_name": "object2894092153310", "shape": "CVCone", "id_string": "ob470", "world_size": [0.1, 0.1, 0.1], "id": 470, "camera_size": [41, 41], "camera_position": [256, 254], "world_position": [0.705, 0.6498037994254439, -0.15], "world_orientation": [1.0, 8.100187187665134e-17, -1.2653630886983698e-17, -8.100187187665134e-17, 1.0, -1.9397816686250694e-16, 1.2653630886983698e-17, 1.9397816686250694e-16, 1.0], "world_rotation": [-0.9211093596285536, 0.06008602943210125, 0.38463907325148433, -2.1059189642881336e-16]}], "source": "action wait"}
{"timestamp": 1706200814.647477, "objects": [{"color": "cv_", "id_name": "hand", "shape": "CVCylinder", "id_string": "ob382", "world_size": [0.12, 0.005, 0.12], "id": 382, "camera_size": [51, 51], "camera_position": [246, 268], "world_position": [0.6716908327884767, 0.7313951743030565, -0.17407849343740908], "world_orientation": [-2.320943117177992e-05, 0.02595630764823841, 0.9996630780190855, -0.0007654258976052751, -0.999662785909702, 0.02595628229251513, 0.9999997067922158, -0.0007645655782486228, 4.3069234705106096e-05], "world_rotation": [0.0, 1.0, 0.0, 0.0]}, {"color": "CVBlue", "id_name": "object2894092153310", "shape": "CVCone", "id_string": "ob470", "world_size": [0.1, 0.1, 0.1], "id": 470, "camera_size": [41, 41], "camera_position": [256, 254], "world_position": [0.705, 0.6498037994254439, -0.15], "world_orientation": [1.0, 8.100187187665134e-17, -1.2653630886983698e-17, -8.100187187665134e-17, 1.0, -1.9397816686250694e-16, 1.2653630886983698e-17, 1.9397816686250694e-16, 1.0], "world_rotation": [-0.9211093596285536, 0.06008602943210125, 0.38463907325148433, -2.1059189642881336e-16]}], "source": "action wait"}
{"timestamp": 1706200814.685872, "objects": [{"color": "cv_", "id_name": "hand", "shape": "CVCylinder", "id_string": "ob382", "world_size": [0.12, 0.005, 0.12], "id": 382, "camera_size": [51, 50], "camera_position": [246, 263], "world_position": [0.6826147932876432, 0.7259899563502655, -0.17408450620487137], "world_orientation": [-2.0867756348507627e-05, 0.017796775781778813, 0.9998416246267756, -0.0007638360503831223, -0.9998413334515484, 0.01779675465690869, 0.9999997080594699, -0.0007633436992239415, 3.445826425671247e-05], "world_rotation": [0.0, 1.0, 0.0, 0.0]}, {"color": "CVBlue", "id_name": "object2894092153310", "shape": "CVCone", "id_string": "ob470", "world_size": [0.1, 0.1, 0.1], "id": 470, "camera_size": [41, 41], "camera_position": [256, 254], "world_position": [0.705, 0.6498037994254439, -0.15], "world_orientation": [1.0, 8.100187187665134e-17, -1.2653630886983698e-17, -8.100187187665134e-17, 1.0, -1.9397816686250694e-16, 1.2653630886983698e-17, 1.9397816686250694e-16, 1.0], "world_rotation": [-0.9211093596285536, 0.06008602943210125, 0.38463907325148433, -2.1059189642881336e-16]}], "source": "action wait"}
{"timestamp": 1706200814.719659, "objects": [{"color": "cv_", "id_name": "hand", "shape": "CVCylinder", "id_string": "ob382", "world_size": [0.12, 0.005, 0.12], "id": 382, "camera_size": [51, 51], "camera_position": [246, 260], "world_position": [0.6902739843551106, 0.722056650358447, -0.1740893956674783], "world_orientation": [-1.819374041364206e-05, 0.012045395088584444, 0.9999274514314266, -0.0007629410453709222, -0.9999271607456724, 0.012045377705147586, 0.9999997087949322, -0.0007626665446153701, 2.738234151631626e-05], "world_rotation": [0.0, 1.0, 0.0, 0.0]}, {"color": "CVBlue", "id_name": "object2894092153310", "shape": "CVCone", "id_string": "ob470", "world_size": [0.1, 0.1, 0.1], "id": 470, "camera_size": [41, 41], "camera_position": [256, 254], "world_position": [0.705, 0.6498037994254439, -0.15], "world_orientation": [1.0, 8.100187187665134e-17, -1.2653630886983698e-17, -8.100187187665134e-17, 1.0, -1.9397816686250694e-16, 1.2653630886983698e-17, 1.9397816686250694e-16, 1.0], "world_rotation": [-0.9211093596285536, 0.06008602943210125, 0.38463907325148433, -2.1059189642881336e-16]}], "source": "action wait"}
{"timestamp": 1706200814.757791, "objects": [{"color": "cv_", "id_name": "hand", "shape": "CVCylinder", "id_string": "ob382", "world_size": [0.12, 0.005, 0.12], "id": 382, "camera_size": [51, 50], "camera_position": [246, 257], "world_position": [0.6956498349030756, 0.7192291375875175, -0.1740932723027367], "world_orientation": [-1.562093871578586e-05, 0.007991657554684783, 0.9999680660728696, -0.0007625077979212862, -0.9999677755902321, 0.007991643321705266, 0.9999997091688799, -0.0007623586110826413, 2.1714136544386443e-05], "world_rotation": [0.0, 1.0, 0.0, 0.0]}, {"color": "CVBlue", "id_name": "object2894092153310", "shape": "CVCone", "id_string": "ob470", "world_size": [0.1, 0.1, 0.1], "id": 470, "camera_size": [41, 41], "camera_position": [256, 254], "world_position": [0.705, 0.6498037994254439, -0.15], "world_orientation": [1.0, 8.100187187665134e-17, -1.2653630886983698e-17, -8.100187187665134e-17, 1.0, -1.9397816686250694e-16, 1.2653630886983698e-17, 1.9397816686250694e-16, 1.0], "world_rotation": [-0.9211093596285536, 0.06008602943210125, 0.38463907325148433, -2.1059189642881336e-16]}], "source": "action wait"}
{"timestamp": 1706200814.790142, "objects": [{"color": "cv_", "id_name": "hand", "shape": "CVCylinder", "id_string": "ob382", "world_size": [0.12, 0.005, 0.12], "id": 382, "camera_size": [50, 50], "camera_position": [245, 256], "world_position": [0.6994265073253279, 0.717212710124852, -0.17409629287615194], "world_orientation": [-1.332760322475439e-05, 0.005134496373270854, 0.9999868182978053, -0.0007623544931135976, -0.9999865278503866, 0.005134484721458204, 0.9999997093189587, -0.0007622760136089372, 1.7241730053694357e-05], "world_rotation": [0.0, 1.0, 0.0, 0.0]}, {"color": "CVBlue", "id_name": "object2894092153310", "shape": "CVCone", "id_string": "ob470", "world_size": [0.1, 0.1, 0.1], "id": 470, "camera_size": [41, 41], "camera_position": [256, 254], "world_position": [0.705, 0.6498037994254439, -0.15], "world_orientation": [1.0, 8.100187187665134e-17, -1.2653630886983698e-17, -8.100187187665134e-17, 1.0, -1.9397816686250694e-16, 1.2653630886983698e-17, 1.9397816686250694e-16, 1.0], "world_rotation": [-0.9211093596285536, 0.06008602943210125, 0.38463907325148433, -2.1059189642881336e-16]}], "source": "action wait"}
{"timestamp": 1706200814.820846, "objects": [{"color": "cv_", "id_name": "hand", "shape": "CVCylinder", "id_string": "ob382", "world_size": [0.12, 0.005, 0.12], "id": 382, "camera_size": [50, 50], "camera_position": [245, 255], "world_position": [0.7020817056608505, 0.715782267663715, -0.1740986172217122], "world_orientation": [-1.1379681347701997e-05, 0.003120684023302258, 0.9999951305890092, -0.000762356108118421, -0.9999948400887855, 0.0031206744413269727, 0.9999997093417914, -0.0007623168836128775, 1.375869515659388e-05], "world_rotation": [0.0, 1.0, 0.0, 0.0]}, {"color": "CVBlue", "id_name": "object2894092153310", "shape": "CVCone", "id_string": "ob470", "world_size": [0.1, 0.1, 0.1], "id": 470, "camera_size": [41, 41], "camera_position": [256, 254], "world_position": [0.705, 0.6498037994254439, -0.15], "world_orientation": [1.0, 8.100187187665134e-17, -1.2653630886983698e-17, -8.100187187665134e-17, 1.0, -1.9397816686250694e-16, 1.2653630886983698e-17, 1.9397816686250694e-16, 1.0], "world_rotation": [-0.9211093596285536, 0.06008602943210125, 0.38463907325148433, -2.1059189642881336e-16]}], "source": "action wait"}
{"timestamp": 1706200814.851113, "objects": [{"color": "cv_", "id_name": "hand", "shape": "CVCylinder", "id_string": "ob382", "world_size": [0.12, 0.005, 0.12], "id": 382, "camera_size": [50, 50], "camera_position": [245, 254], "world_position": [0.7039495660885727, 0.7147710441241959, -0.1741003893091249], "world_orientation": [-9.777407202473905e-06, 0.0017012572233433957, 0.9999985528130841, -0.0007624332795317067, -0.9999982622216905, 0.0017012492743408998, 0.9999997092999061, -0.0007624155423417226, 1.1074485335993235e-05], "world_rotation": [0.0, 1.0, 0.0, 0.0]}, {"color": "CVBlue", "id_name": "object2894092153310", "shape": "CVCone", "id_string": "ob470", "world_size": [0.1, 0.1, 0.1], "id": 470, "camera_size": [41, 41], "camera_position": [256, 254], "world_position": [0.705, 0.6498037994254439, -0.15], "world_orientation": [1.0, 8.100187187665134e-17, -1.2653630886983698e-17, -8.100187187665134e-17, 1.0, -1.9397816686250694e-16, 1.2653630886983698e-17, 1.9397816686250694e-16, 1.0], "world_rotation": [-0.9211093596285536, 0.06008602943210125, 0.38463907325148433, -2.1059189642881336e-16]}], "source": "action wait"}
{"timestamp": 1706200814.883835, "objects": [{"color": "cv_", "id_name": "hand", "shape": "CVCylinder", "id_string": "ob382", "world_size": [0.12, 0.005, 0.12], "id": 382, "camera_size": [50, 50], "camera_position": [245, 253], "world_position": [0.7052641768297016, 0.7140578026202996, -0.17410173080068753], "world_orientation": [-8.48926892331684e-06, 0.0007007534606881129, 0.9999997544362297, -0.0007625390433053385, -0.9999994637439328, 0.0007007467835842173, 0.9999997092310275, -0.0007625329072258473, 9.023616244765406e-06], "world_rotation": [0.0, 1.0, 0.0, 0.0]}, {"color": "CVBlue", "id_name": "object2894092153310", "shape": "CVCone", "id_string": "ob470", "world_size": [0.1, 0.1, 0.1], "id": 470, "camera_size": [41, 41], "camera_position": [256, 254], "world_position": [0.705, 0.6498037994254439, -0.15], "world_orientation": [1.0, 8.100187187665134e-17, -1.2653630886983698e-17, -8.100187187665134e-17, 1.0, -1.9397816686250694e-16, 1.2653630886983698e-17, 1.9397816686250694e-16, 1.0], "world_rotation": [-0.9211093596285536, 0.06008602943210125, 0.38463907325148433, -2.1059189642881336e-16]}], "source": "action wait"}
{"timestamp": 1706200814.913877, "objects": [{"color": "cv_", "id_name": "hand", "shape": "CVCylinder", "id_string": "ob382", "world_size": [0.12, 0.005, 0.12], "id": 382, "camera_size": [50, 50], "camera_position": [245, 253], "world_position": [0.70618975269893, 0.7135554670345894, -0.17410274067175027], "world_orientation": [-7.471201050959204e-06, -4.486263399573488e-06, 0.9999999999620274, -0.0007626476849752333, -0.9999997091741233, -4.491959988835813e-06, 0.9999997091563027, -0.000762647718506955, 7.467777440109038e-06], "world_rotation": [0.0, 1.0, 0.0, 0.0]}, {"color": "CVBlue", "id_name": "object2894092153310", "shape": "CVCone", "id_string": "ob470", "world_size": [0.1, 0.1, 0.1], "id": 470, "camera_size": [41, 41], "camera_position": [256, 254], "world_position": [0.705, 0.6498037994254439, -0.15], "world_orientation": [1.0, 8.100187187665134e-17, -1.2653630886983698e-17, -8.100187187665134e-17, 1.0, -1.9397816686250694e-16, 1.2653630886983698e-17, 1.9397816686250694e-16, 1.0], "world_rotation": [-0.9211093596285536, 0.06008602943210125, 0.38463907325148433, -2.1059189642881336e-16]}], "source": "action wait"}
{"timestamp": 1706200814.951396, "objects": [{"color": "cv_", "id_name": "hand", "shape": "CVCylinder", "id_string": "ob382", "world_size": [0.12, 0.005, 0.12], "id": 382, "camera_size": [50, 50], "camera_position": [245, 253], "world_position": [0.706841614438914, 0.7132019900844007, -0.1741034974791581], "world_orientation": [-6.677089155389531e-06, -0.0005016128323430448, 0.9999998741699836, -0.000762746603176993, -0.9999995832985247, -0.0005016177793655004, 0.9999997090864756, -0.0007627498565475862, 6.2944828894210174e-06], "world_rotation": [0.0, 1.0, 0.0, 0.0]}, {"color": "CVBlue", "id_name": "object2894092153310", "shape": "CVCone", "id_string": "ob470", "world_size": [0.1, 0.1, 0.1], "id": 470, "camera_size": [41, 41], "camera_position": [256, 254], "world_position": [0.705, 0.6498037994254439, -0.15], "world_orientation": [1.0, 8.100187187665134e-17, -1.2653630886983698e-17, -8.100187187665134e-17, 1.0, -1.9397816686250694e-16, 1.2653630886983698e-17, 1.9397816686250694e-16, 1.0], "world_rotation": [-0.9211093596285536, 0.06008602943210125, 0.38463907325148433, -2.1059189642881336e-16]}], "source": "action wait"}
{"timestamp": 1706200814.986002, "objects": [{"color": "cv_", "id_name": "hand", "shape": "CVCylinder", "id_string": "ob382", "world_size": [0.12, 0.005, 0.12], "id": 382, "camera_size": [50, 50], "camera_position": [245, 252], "world_position": [0.707300814488741, 0.7129533892105947, -0.17410406252508098], "world_orientation": [-6.064082817564205e-06, -0.0008520489156548675, 0.9999996369878703, -0.0007628308305268175, -0.9999993460469406, -0.0008520532936294946, 0.9999997090261331, -0.0007628357205320764, 5.414109670324184e-06], "world_rotation": [0.0, 1.0, 0.0, 0.0]}, {"color": "CVBlue", "id_name": "object2894092153310", "shape": "CVCone", "id_string": "ob470", "world_size": [0.1, 0.1, 0.1], "id": 470, "camera_size": [41, 41], "camera_position": [256, 254], "world_position": [0.705, 0.6498037994254439, -0.15], "world_orientation": [1.0, 8.100187187665134e-17, -1.2653630886983698e-17, -8.100187187665134e-17, 1.0, -1.9397816686250694e-16, 1.2653630886983698e-17, 1.9397816686250694e-16, 1.0], "world_rotation": [-0.9211093596285536, 0.06008602943210125, 0.38463907325148433, -2.1059189642881336e-16]}], "source": "action wait"}
{"timestamp": 1706200815.019209, "objects": [{"color": "cv_", "id_name": "hand", "shape": "CVCylinder", "id_string": "ob382", "world_size": [0.12, 0.005, 0.12], "id": 382, "camera_size": [50, 50], "camera_position": [245, 252], "world_position": [0.7076243572721354, 0.7127785938389348, -0.17410448306759888], "world_orientation": [-5.594856926326928e-06, -0.001099085671957542, 0.9999993959895093, -0.0007628995494004891, -0.9999991049927414, -0.001099089620443049, 0.9999997089764452, -0.0007629052378506948, 4.756359955364313e-06], "world_rotation": [0.0, 1.0, 0.0, 0.0]}, {"color": "CVBlue", "id_name": "object2894092153310", "shape": "CVCone", "id_string": "ob470", "world_size": [0.1, 0.1, 0.1], "id": 470, "camera_size": [41, 41], "camera_position": [256, 254], "world_position": [0.705, 0.6498037994254439, -0.15], "world_orientation": [1.0, 8.100187187665134e-17, -1.2653630886983698e-17, -8.100187187665134e-17, 1.0, -1.9397816686250694e-16, 1.2653630886983698e-17, 1.9397816686250694e-16, 1.0], "world_rotation": [-0.9211093596285536, 0.06008602943210125, 0.38463907325148433, -2.1059189642881336e-16]}], "source": "action wait"}
{"timestamp": 1706200816.111434, "objects": [{"color": "cv_", "id_name": "hand", "shape": "CVCylinder", "id_string": "ob382", "world_size": [0.12, 0.005, 0.12], "id": 382, "camera_size": [50, 50], "camera_position": [245, 252], "world_position": [0.7083970132051276, 0.7123644162559297, -0.17410566948922535], "world_orientation": [-4.181088229419288e-06, -0.0016894180538160315, 0.9999985729235606, -0.0007631195072674576, -0.9999982817515931, -0.0016894207525783042, 0.9999997088155257, -0.0007631254818551766, 2.8918531728379174e-06], "world_rotation": [0.0, 1.0, 0.0, 0.0]}, {"color": "CVBlue", "id_name": "object2894092153310", "shape": "CVCone", "id_string": "ob470", "world_size": [0.1, 0.1, 0.1], "id": 470, "camera_size": [41, 41], "camera_position": [256, 254], "world_position": [0.705, 0.6498037994254439, -0.15], "world_orientation": [1.0, 8.100187187665134e-17, -1.2653630886983698e-17, -8.100187187665134e-17, 1.0, -1.9397816686250694e-16, 1.2653630886983698e-17, 1.9397816686250694e-16, 1.0], "world_rotation": [-0.9211093596285536, 0.06008602943210125, 0.38463907325148433, -2.1059189642881336e-16]}], "source": "action wait"}
{"timestamp": 1706200816.139054, "objects": [{"color": "cv_", "id_name": "hand", "shape": "CVCylinder", "id_string": "ob382", "world_size": [0.12, 0.005, 0.12], "id": 382, "camera_size": [51, 50], "camera_position": [246, 251], "world_position": [0.7108636243602049, 0.7341694354869375, -0.17409380408662747], "world_orientation": [1.5946421913084473e-05, 0.03021832348294858, 0.9995433220584246, -0.000743285221727814, -0.9995430457169934, 0.03021832698671398, 0.9999997236363574, -0.0007434276539547424, 6.521698143343755e-06], "world_rotation": [0.0, 1.0, 0.0, 0.0]}, {"color": "CVBlue", "id_name": "object2894092153310", "shape": "CVCone", "id_string": "ob470", "world_size": [0.1, 0.1, 0.1], "id": 470, "camera_size": [42, 43], "camera_position": [252, 252], "world_position": [0.710258596879582, 0.6760986367876474, -0.15866243161713153], "world_orientation": [0.9995010510191426, -0.031585582050593385, -4.2608239414683544e-06, 0.031585582169472985, 0.9995010505269906, 3.153502569543917e-05, 3.262645864037375e-06, -3.165387193122002e-05, 0.9999999994936938], "world_rotation": [0.0010002802124436134, 0.00011909652261743785, -0.9999994926276289, -0.03159085239027367]}], "source": "action wait"}
{"timestamp": 1706200816.168957, "objects": [{"color": "cv_", "id_name": "hand", "shape": "CVCylinder", "id_string": "ob382", "world_size": [0.12, 0.005, 0.12], "id": 382, "camera_size": [53, 53], "camera_position": [245, 250], "world_position": [0.7142666534009936, 0.7868011749084514, -0.174108302662008], "world_orientation": [7.53926552523994e-05, 0.10602335852758263, 0.9943636365849664, -0.0007258778463187888, -0.9943633716442901, 0.10602338531452188, 0.9999997337086145, -0.0007297799195200521, 1.9923122739031204e-06], "world_rotation": [0.0, 1.0, 0.0, 0.0]}, {"color": "CVBlue", "id_name": "object2894092153310", "shape": "CVCone", "id_string": "ob470", "world_size": [0.1, 0.1, 0.1], "id": 470, "camera_size": [44, 49], "camera_position": [249, 248], "world_position": [0.718233900606144, 0.7316782989721465, -0.16423100839052146], "world_orientation": [0.9942397461161148, -0.10717894954598559, -4.14520577275964e-06, 0.10717894961511068, 0.9942397447152062, 5.2801924824337464e-05, -1.5379265073780569e-06, -5.2942051132454325e-05, 0.999999998597387], "world_rotation": [0.0004933056514193411, 1.2163204426574174e-05, -0.9999998782507878, -0.10738523069920194]}], "source": "action wait"}
{"timestamp": 1706200816.202285, "objects": [{"color": "cv_", "id_name": "hand", "shape": "CVCylinder", "id_string": "ob382", "world_size": [0.12, 0.005, 0.12], "id": 382, "camera_size": [56, 55], "camera_position": [244, 250], "world_position": [0.712579832236584, 0.8567692605307431, -0.174113512854774], "world_orientation": [0.00015031833573449417, 0.20519249218803698, 0.9787216246482245, -0.0007193989833879208, -0.9787213602550058, 0.2051925472469561, 0.9999997299347139, -0.0007349355439992671, 4.955042580169007e-07], "world_rotation": [0.0, 1.0, 0.0, 0.0]}, {"color": "CVBlue", "id_name": "object2894092153310", "shape": "CVCone", "id_string": "ob470", "world_size": [0.1, 0.1, 0.1], "id": 470, "camera_size": [46, 55], "camera_position": [247, 246], "world_position": [0.7220490760817887, 0.8040182481753982, -0.16779125231111028], "world_orientation": [0.9785096445655386, -0.20620105584595463, -7.761247269590829e-06, 0.20620105596765823, 0.9785096431782457, 5.220158070623275e-05, -3.1695657620675316e-06, -5.268012756523082e-05, 0.999999998607379], "world_rotation": [0.00025431902958000867, 1.1133990896785579e-05, -0.9999999675989323, -0.20769098959339213]}], "source": "action wait"}
{"timestamp": 1706200816.237719, "objects": [{"color": "cv_", "id_name": "hand", "shape": "CVCylinder", "id_string": "ob382", "world_size": [0.12, 0.005, 0.12], "id": 382, "camera_size": [59, 57], "camera_position": [244, 254], "world_position": [0.7034350580827604, 0.9262232835832744, -0.1741147581448364], "world_orientation": [0.00022551889358541862, 0.3023260514409557, 0.9532045466537332, -0.0007091042755796107, -0.953204282896808, 0.3023261355528312, 0.9999997231561394, -0.0007441016751261539, -5.848795434299968e-07], "world_rotation": [0.0, 1.0, 0.0, 0.0]}, {"color": "CVBlue", "id_name": "object2894092153310", "shape": "CVCone", "id_string": "ob470", "world_size": [0.1, 0.1, 0.1], "id": 470, "camera_size": [49, 61], "camera_position": [246, 247], "world_position": [0.7181441133771147, 0.8757758692075074, -0.17006783415913154], "world_orientation": [0.9529180361022674, -0.30322799404060446, -1.0055291466801311e-05, 0.3032279941769534, 0.9529180350135423, 4.575315064439343e-05, -4.291767504904265e-06, -4.6648048319889374e-05, 0.9999999989027701], "world_rotation": [0.0001523625781306412, 9.503614453009468e-06, -0.9999999883476629, -0.30807832389875245]}], "source": "action wait"}
{"timestamp": 1706200816.272685, "objects": [{"color": "cv_", "id_name": "hand", "shape": "CVCylinder", "id_string": "ob382", "world_size": [0.12, 0.005, 0.12], "id": 382, "camera_size": [63, 59], "camera_position": [243, 263], "world_position": [0.687103701586663, 0.994329681708646, -0.17411514919239846], "world_orientation": [0.00029941244069593985, 0.3964042705863882, 0.918076012437458, -0.000688086210492639, -0.9180757545839766, 0.39640438365692837, 0.999999718444739, -0.0007504038483557671, -2.1229900523837184e-06], "world_rotation": [0.0, 1.0, 0.0, 0.0]}, {"color": "CVBlue", "id_name": "object2894092153310", "shape": "CVCone", "id_string": "ob470", "world_size": [0.1, 0.1, 0.1], "id": 470, "camera_size": [52, 68], "camera_position": [244, 252], "world_position": [0.7067957052110463, 0.9463080478007744, -0.17152434655682158], "world_orientation": [0.9177219253123763, -0.39722344803568316, -1.1471190275512325e-05, 0.397223448158508, 0.9177219244068185, 4.1183869339053003e-05, -5.83183576742973e-06, -4.235196561737043e-05, 0.9999999990861503], "world_rotation": [0.00010514967695473835, 7.098466245862737e-06, -0.9999999944465787, -0.4084893774467234]}], "source": "action wait"}
{"timestamp": 1706200816.308295, "objects": [{"color": "cv_", "id_name": "hand", "shape": "CVCylinder", "id_string": "ob382", "world_size": [0.12, 0.005, 0.12], "id": 382, "camera_size": [67, 60], "camera_position": [243, 276], "world_position": [0.6638540139684739, 1.0604040090351292, -0.17411536832316582], "world_orientation": [0.00037081543464668814, 0.48648149917036965, 0.8736907996888045, -0.0006576435372860113, -0.8736905521877957, 0.48648164047861325, 0.9999997150004051, -0.0007549720089634476, -4.046527917114347e-06], "world_rotation": [0.0, 1.0, 0.0, 0.0]}, {"color": "CVBlue", "id_name": "object2894092153310", "shape": "CVCone", "id_string": "ob470", "world_size": [0.1, 0.1, 0.1], "id": 470, "camera_size": [56, 76], "camera_position": [243, 262], "world_position": [0.6882609782387737, 1.0150449555850891, -0.1724564357503836], "world_orientation": [0.8732731810270586, -0.4872309012657112, -1.2275379318962176e-05, 0.4872309013588615, 0.8732731802394605, 3.788786578142017e-05, -7.740379455199853e-06, -3.906740120336691e-05, 0.9999999992069124], "world_rotation": [7.897207108243405e-05, 4.653850810116292e-06, -0.9999999968708768, -0.5089159972892421]}], "source": "action wait"}
{"timestamp": 1706200816.334182, "objects": [{"color": "cv_", "id_name": "hand", "shape": "CVCylinder", "id_string": "ob382", "world_size": [0.12, 0.005, 0.12], "id": 382, "camera_size": [71, 61], "camera_position": [242, 291], "world_position": [0.6396790109643128, 1.1116626736425068, -0.17411458374540903], "world_orientation": [0.00043288513572650354, 0.5556436999964843, 0.8314204058505398, -0.0006366169518681373, -0.8314201621452846, 0.5556438685859548, 0.9999997036646141, -0.000769826295962079, -6.177231119005741e-06], "world_rotation": [0.0, 1.0, 0.0, 0.0]}, {"color": "CVBlue", "id_name": "object2894092153310", "shape": "CVCone", "id_string": "ob470", "world_size": [0.1, 0.1, 0.1], "id": 470, "camera_size": [58, 81], "camera_position": [242, 275], "world_position": [0.6676380923719354, 1.0688299037932998, -0.17305259877724025], "world_orientation": [0.8309557736664761, -0.5563384780664149, -5.752680216789267e-06, 0.5563384780091764, 0.8309557733092906, 2.627531528535752e-05, -9.837746078427826e-06, -2.5034062297556885e-05, 0.9999999996382574], "world_rotation": [-4.6113453907577266e-05, 3.6713853333277418e-06, 0.999999998930035, 0.5899728692125296]}], "source": "action wait"}
{"timestamp": 1706200816.364705, "objects": [{"color": "cv_", "id_name": "hand", "shape": "CVCylinder", "id_string": "ob382", "world_size": [0.12, 0.005, 0.12], "id": 382, "camera_size": [73, 61], "camera_position": [241, 304], "world_position": [0.6197453156093721, 1.1462947016046543, -0.17411538767349374], "world_orientation": [0.00047622627486497215, 0.6022721023968737, 0.7982907289221042, -0.0006151443065315578, -0.7982904919728285, 0.6022722905989134, 0.9999996974029628, -0.000777881886259749, -9.682652479610267e-06], "world_rotation": [0.0, 1.0, 0.0, 0.0]}, {"color": "CVBlue", "id_name": "object2894092153310", "shape": "CVCone", "id_string": "ob470", "world_size": [0.1, 0.1, 0.1], "id": 470, "camera_size": [61, 85], "camera_position": [242, 286], "world_position": [0.6500413023858665, 1.1054842861249843, -0.17343534551442982], "world_orientation": [0.7977956758168426, -0.6029279058460825, 7.039094943390818e-08, 0.602927905699057, 0.7977956756248655, 2.1991213975579612e-05, -1.3315274184370819e-05, -1.7502054747957974e-05, 0.9999999997581909], "world_rotation": [-3.275123635994095e-05, 1.1100551987761374e-05, 0.9999999994020673, 0.6471660365441387]}], "source": "action wait"}
{"timestamp": 1706200816.394419, "objects": [{"color": "cv_", "id_name": "hand", "shape": "CVCylinder", "id_string": "ob382", "world_size": [0.12, 0.005, 0.12], "id": 382, "camera_size": [75, 62], "camera_position": [241, 314], "world_position": [0.604359385042073, 1.1698642863368067, -0.17411693710645898], "world_orientation": [0.0005053184534781512, 0.633983883739497, 0.773346093163885, -0.0005951281776001747, -0.773345864291083, 0.6339840849787401, 0.99999969523781, -0.0007806039084300886, -1.3484262789032395e-05], "world_rotation": [0.0, 1.0, 0.0, 0.0]}, {"color": "CVBlue", "id_name": "object2894092153310", "shape": "CVCone", "id_string": "ob470", "world_size": [0.1, 0.1, 0.1], "id": 470, "camera_size": [62, 87], "camera_position": [241, 295], "world_position": [0.6362132069835996, 1.1305824481592384, -0.17368119954493091], "world_orientation": [0.7728307481596342, -0.6346121923552217, 3.6220506419259718e-06, 0.6346121921352413, 0.7728307480203362, 2.2530674746177456e-05, -1.709747300288129e-05, -1.5113800722732201e-05, 0.9999999997396247], "world_rotation": [-2.9659432884634258e-05, 1.6324555284407924e-05, 0.9999999994269134, 0.6875066153938324]}], "source": "action wait"}
{"timestamp": 1706200816.429085, "objects": [{"color": "cv_", "id_name": "hand", "shape": "CVCylinder", "id_string": "ob382", "world_size": [0.12, 0.005, 0.12], "id": 382, "camera_size": [76, 62], "camera_position": [240, 322], "world_position": [0.5928959662979959, 1.1860385453475575, -0.17411850987866867], "world_orientation": [0.0005243729377073412, 0.6557321297176697, 0.7549934430767935, -0.0005784915714725556, -0.7549932216323335, 0.6557323391725711, 0.9999996951902155, -0.0007806056363786298, -1.656250339054796e-05], "world_rotation": [0.0, 1.0, 0.0, 0.0]}, {"color": "CVBlue", "id_name": "object2894092153310", "shape": "CVCone", "id_string": "ob470", "world_size": [0.1, 0.1, 0.1], "id": 470, "camera_size": [63, 89], "camera_position": [241, 303], "world_position": [0.6258025854338123, 1.1478766034461187, -0.17383903047153454], "world_orientation": [0.7544642433909161, -0.6563411501787855, 5.153798985437659e-06, 0.6563411498893111, 0.7544642432528726, 2.4796113270316643e-05, -2.0163066555228715e-05, -1.5325130485124387e-05, 0.9999999996792955], "world_rotation": [-3.056432141056346e-05, 1.9286361614550097e-05, 0.9999999993469292, 0.7159588686983906]}], "source": "action wait"}
{"timestamp": 1706200816.495841, "objects": [{"color": "cv_", "id_name": "hand", "shape": "CVCylinder", "id_string": "ob382", "world_size": [0.12, 0.005, 0.12], "id": 382, "camera_size": [78, 64], "camera_position": [240, 328], "world_position": [0.5785072404962519, 1.204988899774077, -0.17412084901286215], "world_orientation": [0.0005448561062716606, 0.6811833142959437, 0.732112693139941, -0.0005552709100453573, -0.7321124828586447, 0.6811835318889963, 0.9999996974029741, -0.0007776678882170078, -2.0654677925902615e-05], "world_rotation": [0.0, 1.0, 0.0, 0.0]}, {"color": "CVBlue", "id_name": "object2894092153310", "shape": "CVCone", "id_string": "ob470", "world_size": [0.1, 0.1, 0.1], "id": 470, "camera_size": [64, 91], "camera_position": [240, 308], "world_position": [0.6126312607623468, 1.1682054895579612, -0.1740052165473809], "world_orientation": [0.7315671257840797, -0.6817694188255157, 5.132169446307818e-06, 0.6817694184138134, 0.7315671255685255, 3.0051552032742334e-05, -2.4242755613933507e-05, -1.8485771367333597e-05, 0.9999999995352826], "world_rotation": [-3.559658297400013e-05, 2.1543152444625334e-05, 0.999999999134388, 0.7501785869138938]}], "source": "action wait"}
