{"timestamp": 1706200837.520003, "objects": [{"color": "cv_", "id_name": "hand", "shape": "CVCylinder", "id_string": "ob382", "world_size": [0.12, 0.005, 0.12], "id": 382, "camera_size": [48, 50], "camera_position": [246, 426], "world_position": [0.26764451557302193, 0.6334703011720998, -0.17389260400900874], "world_orientation": [-0.000641551876535511, 0.19791547456950045, 0.9802188803206757, -0.0007473676674629272, -0.9802189031849196, 0.19791499003492222, 0.9999995149262622, -0.0006056111649372644, 0.0007767769033381202], "world_rotation": [0.0, 1.0, 0.0, 0.0]}, {"color": "CVRed", "id_name": "object105548792063493", "shape": "CVBox", "id_string": "ob491", "world_size": [0.09, 0.09, 0.09], "id": 491, "camera_size": [37, 37], "camera_position": [256, 254], "world_position": [0.705, 0.6448569696296074, -0.15], "world_orientation": [1.0, -4.331917303826236e-17, -1.1712398707441946e-17, 4.331917303826236e-17, 1.0, -5.775889738434995e-17, 1.1712398707441946e-17, 5.775889738434995e-17, 1.0], "world_rotation": [-0.7896765794068324, 0.16013129347666225, -0.5922574345551229, -7.314247236221149e-17]}], "source": "action wait"}
{"timestamp": 1706200837.552021, "objects": [{"color": "cv_", "id_name": "hand", "shape": "CVCylinder", "id_string": "ob382", "world_size": [0.12, 0.005, 0.12], "id": 382, "camera_size": [49, 51], "camera_position": [246, 421], "world_position": [0.2910255947850411, 0.6676865036378419, -0.1739561498290889], "world_orientation": [-0.00038340404444705395, 0.19741102622635723, 0.9803207330897349, -0.0007153975195304165, -0.9803206084287776, 0.19741072133048027, 0.9999996706038098, -0.0006256309518216022, 0.0005170862446171085], "world_rotation": [0.0, 1.0, 0.0, 0.0]}, {"color": "CVRed", "id_name": "object105548792063493", "shape": "CVBox", "id_string": "ob491", "world_size": [0.09, 0.09, 0.09], "id": 491, "camera_size": [37, 37], "camera_position": [256, 254], "world_position": [0.705, 0.6448569696296074, -0.15], "world_orientation": [1.0, -4.331917303826236e-17, -1.1712398707441946e-17, 4.331917303826236e-17, 1.0, -5.775889738434995e-17, 1.1712398707441946e-17, 5.775889738434995e-17, 1.0], "world_rotation": [-0.7896765794068324, 0.16013129347666225, -0.5922574345551229, -7.314247236221149e-17]}], "source": "action wait"}
{"timestamp": 1706200837.583599, "objects": [{"color": "cv_", "id_name": "hand", "shape": "CVCylinder", "id_string": "ob382", "world_size": [0.12, 0.005, 0.12], "id": 382, "camera_size": [51, 52], "camera_position": [246, 406], "world_position": [0.337012067388776, 0.7056185317024739, -0.17398398836793944], "world_orientation": [-0.00022424393246387028, 0.1852174291985862, 0.982697539243752, -0.0007318176772112168, -0.9826973312012427, 0.1852172229919315, 0.9999997070787302, -0.0006776215921270837, 0.00035590930278588486], "world_rotation": [0.0, 1.0, 0.0, 0.0]}, {"color": "CVRed", "id_name": "object105548792063493", "shape": "CVBox", "id_string": "ob491", "world_size": [0.09, 0.09, 0.09], "id": 491, "camera_size": [37, 37], "camera_position": [256, 254], "world_position": [0.705, 0.6448569696296074, -0.15], "world_orientation": [1.0, -4.331917303826236e-17, -1.1712398707441946e-17, 4.331917303826236e-17, 1.0, -5.775889738434995e-17, 1.1712398707441946e-17, 5.775889738434995e-17, 1.0], "world_rotation": [-0.7896765794068324, 0.16013129347666225, -0.5922574345551229, -7.314247236221149e-17]}], "source": "action wait"}
{"timestamp": 1706200837.615297, "objects": [{"color": "cv_", "id_name": "hand", "shape": "CVCylinder", "id_string": "ob382", "world_size": [0.12, 0.005, 0.12], "id": 382, "camera_size": [51, 52], "camera_position": [246, 388], "world_position": [0.3875385620260877, 0.7387673725365227, -0.17400451794268157], "world_orientation": [-0.00012106083935418617, 0.17653146817791654, 0.984294989364074, -0.0007430702697668865, -0.984294740716075, 0.1765313321913395, 0.9999997165953836, -0.0007100293120298608, 0.0002503348331647309], "world_rotation": [0.0, 1.0, 0.0, 0.0]}, {"color": "CVRed", "id_name": "object105548792063493", "shape": "CVBox", "id_string": "ob491", "world_size": [0.09, 0.09, 0.09], "id": 491, "camera_size": [37, 37], "camera_position": [256, 254], "world_position": [0.705, 0.6448569696296074, -0.15], "world_orientation": [1.0, -4.331917303826236e-17, -1.1712398707441946e-17, 4.331917303826236e-17, 1.0, -5.775889738434995e-17, 1.1712398707441946e-17, 5.775889738434995e-17, 1.0], "world_rotation": [-0.7896765794068324, 0.16013129347666225, -0.5922574345551229, -7.314247236221149e-17]}], "source": "action wait"}
{"timestamp": 1706200837.655407, "objects": [{"color": "cv_", "id_name": "hand", "shape": "CVCylinder", "id_string": "ob382", "world_size": [0.12, 0.005, 0.12], "id": 382, "camera_size": [52, 54], "camera_position": [245, 367], "world_position": [0.4416289868174157, 0.7666982782867783, -0.1740230344764103], "world_orientation": [-4.8421398749846045e-05, 0.1703945652380922, 0.985375912935104, -0.0007504512968341112, -0.9853756428114182, 0.17039448165018622, 0.9999997172390697, -0.000731225892590778, 0.00017558608937578938], "world_rotation": [0.0, 1.0, 0.0, 0.0]}, {"color": "CVRed", "id_name": "object105548792063493", "shape": "CVBox", "id_string": "ob491", "world_size": [0.09, 0.09, 0.09], "id": 491, "camera_size": [37, 37], "camera_position": [256, 254], "world_position": [0.705, 0.6448569696296074, -0.15], "world_orientation": [1.0, -4.331917303826236e-17, -1.1712398707441946e-17, 4.331917303826236e-17, 1.0, -5.775889738434995e-17, 1.1712398707441946e-17, 5.775889738434995e-17, 1.0], "world_rotation": [-0.7896765794068324, 0.16013129347666225, -0.5922574345551229, -7.314247236221149e-17]}], "source": "action wait"}
{"timestamp": 1706200837.694145, "objects": [{"color": "cv_", "id_name": "hand", "shape": "CVCylinder", "id_string": "ob382", "world_size": [0.12, 0.005, 0.12], "id": 382, "camera_size": [52, 53], "camera_position": [245, 344], "world_position": [0.498861647615398, 0.780242979240668, -0.17403820584052096], "world_orientation": [-5.906581762158769e-06, 0.1533889952959439, 0.9881658849035486, -0.000764523922927645, -0.988165596823493, 0.15338894600863928, 0.9999997077340992, -0.0007545704544790018, 0.00012310623731019127], "world_rotation": [0.0, 1.0, 0.0, 0.0]}, {"color": "CVRed", "id_name": "object105548792063493", "shape": "CVBox", "id_string": "ob491", "world_size": [0.09, 0.09, 0.09], "id": 491, "camera_size": [37, 37], "camera_position": [256, 254], "world_position": [0.705, 0.6448569696296074, -0.15], "world_orientation": [1.0, -4.331917303826236e-17, -1.1712398707441946e-17, 4.331917303826236e-17, 1.0, -5.775889738434995e-17, 1.1712398707441946e-17, 5.775889738434995e-17, 1.0], "world_rotation": [-0.7896765794068324, 0.16013129347666225, -0.5922574345551229, -7.314247236221149e-17]}], "source": "action wait"}
{"timestamp": 1706200837.725588, "objects": [{"color": "cv_", "id_name": "hand", "shape": "CVCylinder", "id_string": "ob382", "world_size": [0.12, 0.005, 0.12], "id": 382, "camera_size": [52, 53], "camera_position": [245, 318], "world_position": [0.5574579911590343, 0.7708250265826946, -0.1740500637026668], "world_orientation": [-3.2809545836041333e-07, 0.11348610938118595, 0.9935395829947663, -0.0007770031818428922, -0.9935392831069197, 0.11348607487019478, 0.9999996981329283, -0.0007719461830083339, 8.850504381104542e-05], "world_rotation": [0.0, 1.0, 0.0, 0.0]}, {"color": "CVRed", "id_name": "object105548792063493", "shape": "CVBox", "id_string": "ob491", "world_size": [0.09, 0.09, 0.09], "id": 491, "camera_size": [37, 37], "camera_position": [256, 254], "world_position": [0.705, 0.6448569696296074, -0.15], "world_orientation": [1.0, -4.331917303826236e-17, -1.1712398707441946e-17, 4.331917303826236e-17, 1.0, -5.775889738434995e-17, 1.1712398707441946e-17, 5.775889738434995e-17, 1.0], "world_rotation": [-0.7896765794068324, 0.16013129347666225, -0.5922574345551229, -7.314247236221149e-17]}], "source": "action wait"}
{"timestamp": 1706200837.750772, "objects": [{"color": "cv_", "id_name": "hand", "shape": "CVCylinder", "id_string": "ob382", "world_size": [0.12, 0.005, 0.12], "id": 382, "camera_size": [52, 52], "camera_position": [245, 297], "world_position": [0.6026487476668849, 0.7566087436540054, -0.17405572623987736], "world_orientation": [-1.521491682695844e-05, 0.07958403479440372, 0.9968281603036452, -0.0007751118687547178, -0.9968278619111488, 0.07958399914077506, 0.9999996994850037, -0.0007714424742328944, 7.68531829426959e-05], "world_rotation": [0.0, 1.0, 0.0, 0.0]}, {"color": "CVRed", "id_name": "object105548792063493", "shape": "CVBox", "id_string": "ob491", "world_size": [0.09, 0.09, 0.09], "id": 491, "camera_size": [37, 37], "camera_position": [256, 254], "world_position": [0.705, 0.6448569696296074, -0.15], "world_orientation": [1.0, -4.331917303826236e-17, -1.1712398707441946e-17, 4.331917303826236e-17, 1.0, -5.775889738434995e-17, 1.1712398707441946e-17, 5.775889738434995e-17, 1.0], "world_rotation": [-0.7896765794068324, 0.16013129347666225, -0.5922574345551229, -7.314247236221149e-17]}], "source": "action wait"}
{"timestamp": 1706200837.7796, "objects": [{"color": "cv_", "id_name": "hand", "shape": "CVCylinder", "id_string": "ob382", "world_size": [0.12, 0.005, 0.12], "id": 382, "camera_size": [51, 51], "camera_position": [246, 284], "world_position": [0.634335252138849, 0.7441326007431946, -0.17406343706941196], "world_orientation": [-2.1867305950687778e-05, 0.05562514868396349, 0.9984517225963948, -0.0007712089738646035, -0.9984514268519354, 0.055625115317210795, 0.9999997023792256, -0.0007687985570221099, 6.473205666588138e-05], "world_rotation": [0.0, 1.0, 0.0, 0.0]}, {"color": "CVRed", "id_name": "object105548792063493", "shape": "CVBox", "id_string": "ob491", "world_size": [0.09, 0.09, 0.09], "id": 491, "camera_size": [37, 37], "camera_position": [256, 254], "world_position": [0.705, 0.6448569696296074, -0.15], "world_orientation": [1.0, -4.331917303826236e-17, -1.1712398707441946e-17, 4.331917303826236e-17, 1.0, -5.775889738434995e-17, 1.1712398707441946e-17, 5.775889738434995e-17, 1.0], "world_rotation": [-0.7896765794068324, 0.16013129347666225, -0.5922574345551229, -7.314247236221149e-17]}], "source": "action wait"}
{"timestamp": 1706200837.811195, "objects": [{"color": "cv_", "id_name": "hand", "shape": "CVCylinder", "id_string": "ob382", "world_size": [0.12, 0.005, 0.12], "id": 382, "camera_size": [51, 50], "camera_position": [246, 274], "world_position": [0.6564924698466462, 0.7341509685747905, -0.1740713283217594], "world_orientation": [-2.3495978089512395e-05, 0.03871756876794705, 0.9992501935534656, -0.0007677169489771037, -0.9992499000539501, 0.0387175393440369, 0.9999997050292693, -0.0007662316034038629, 5.320248752433269e-05], "world_rotation": [0.0, 1.0, 0.0, 0.0]}, {"color": "CVRed", "id_name": "object105548792063493", "shape": "CVBox", "id_string": "ob491", "world_size": [0.09, 0.09, 0.09], "id": 491, "camera_size": [37, 37], "camera_position": [256, 254], "world_position": [0.705, 0.6448569696296074, -0.15], "world_orientation": [1.0, -4.331917303826236e-17, -1.1712398707441946e-17, 4.331917303826236e-17, 1.0, -5.775889738434995e-17, 1.1712398707441946e-17, 5.775889738434995e-17, 1.0], "world_rotation": [-0.7896765794068324, 0.16013129347666225, -0.5922574345551229, -7.314247236221149e-17]}], "source": "action wait"}
{"timestamp": 1706200837.843807, "objects": [{"color": "cv_", "id_name": "hand", "shape": "CVCylinder", "id_string": "ob382", "world_size": [0.12, 0.005, 0.12], "id": 382, "camera_size": [51, 51], "camera_position": [246, 268], "world_position": [0.6719875708746531, 0.7265484831607109, -0.17407844218961724], "world_orientation": [-2.251156251941563e-05, 0.02679395601433486, 0.9996409772585014, -0.0007652234798764, -0.9996406852949442, 0.026793930956103863, 0.9999997069630848, -0.0007643455739933095, 4.300683804528704e-05], "world_rotation": [0.0, 1.0, 0.0, 0.0]}, {"color": "CVRed", "id_name": "object105548792063493", "shape": "CVBox", "id_string": "ob491", "world_size": [0.09, 0.09, 0.09], "id": 491, "camera_size": [37, 37], "camera_position": [256, 254], "world_position": [0.705, 0.6448569696296074, -0.15], "world_orientation": [1.0, -4.331917303826236e-17, -1.1712398707441946e-17, 4.331917303826236e-17, 1.0, -5.775889738434995e-17, 1.1712398707441946e-17, 5.775889738434995e-17, 1.0], "world_rotation": [-0.7896765794068324, 0.16013129347666225, -0.5922574345551229, -7.314247236221149e-17]}], "source": "action wait"}
{"timestamp": 1706200837.87878, "objects": [{"color": "cv_", "id_name": "hand", "shape": "CVCylinder", "id_string": "ob382", "world_size": [0.12, 0.005, 0.12], "id": 382, "camera_size": [51, 50], "camera_position": [246, 263], "world_position": [0.6828348309180675, 0.7209235029740426, -0.1740844517171774], "world_orientation": [-2.0350103972639207e-05, 0.018387853153764285, 0.9998309289286209, -0.0007636652048929923, -0.9998306378783932, 0.018387832257776585, 0.9999997082006216, -0.0007631618969007121, 3.4388821082438074e-05], "world_rotation": [0.0, 1.0, 0.0, 0.0]}, {"color": "CVRed", "id_name": "object105548792063493", "shape": "CVBox", "id_string": "ob491", "world_size": [0.09, 0.09, 0.09], "id": 491, "camera_size": [37, 37], "camera_position": [256, 254], "world_position": [0.705, 0.6448569696296074, -0.15], "world_orientation": [1.0, -4.331917303826236e-17, -1.1712398707441946e-17, 4.331917303826236e-17, 1.0, -5.775889738434995e-17, 1.1712398707441946e-17, 5.775889738434995e-17, 1.0], "world_rotation": [-0.7896765794068324, 0.16013129347666225, -0.5922574345551229, -7.314247236221149e-17]}], "source": "action wait"}
{"timestamp": 1706200837.914122, "objects": [{"color": "cv_", "id_name": "hand", "shape": "CVCylinder", "id_string": "ob382", "world_size": [0.12, 0.005, 0.12], "id": 382, "camera_size": [50, 51], "camera_position": [245, 260], "world_position": [0.6904378478792306, 0.7168361701752073, -0.17408933573116053], "world_orientation": [-1.7819912718188074e-05, 0.012462452107483108, 0.9999223404694585, -0.0007628027241817453, -0.9999220498861772, 0.01246243489168833, 0.9999997089071851, -0.0007625214057786612, 2.7324916071905237e-05], "world_rotation": [0.0, 1.0, 0.0, 0.0]}, {"color": "CVRed", "id_name": "object105548792063493", "shape": "CVBox", "id_string": "ob491", "world_size": [0.09, 0.09, 0.09], "id": 491, "camera_size": [37, 37], "camera_position": [256, 254], "world_position": [0.705, 0.6448569696296074, -0.15], "world_orientation": [1.0, -4.331917303826236e-17, -1.1712398707441946e-17, 4.331917303826236e-17, 1.0, -5.775889738434995e-17, 1.1712398707441946e-17, 5.775889738434995e-17, 1.0], "world_rotation": [-0.7896765794068324, 0.16013129347666225, -0.5922574345551229, -7.314247236221149e-17]}], "source": "action wait"}
{"timestamp": 1706200837.948541, "objects": [{"color": "cv_", "id_name": "hand", "shape": "CVCylinder", "id_string": "ob382", "world_size": [0.12, 0.005, 0.12], "id": 382, "camera_size": [50, 50], "camera_position": [245, 257], "world_position": [0.6957731340080716, 0.7139005118168289, -0.17409320654779756], "world_orientation": [-1.5345543418984192e-05, 0.008285921018736611, 0.9999656710494544, -0.0007623987593549665, -0.9999653806481342, 0.008285906912587028, 0.9999997092562809, -0.0007622454352617639, 2.1662188071382266e-05], "world_rotation": [0.0, 1.0, 0.0, 0.0]}, {"color": "CVRed", "id_name": "object105548792063493", "shape": "CVBox", "id_string": "ob491", "world_size": [0.09, 0.09, 0.09], "id": 491, "camera_size": [37, 37], "camera_position": [256, 254], "world_position": [0.705, 0.6448569696296074, -0.15], "world_orientation": [1.0, -4.331917303826236e-17, -1.1712398707441946e-17, 4.331917303826236e-17, 1.0, -5.775889738434995e-17, 1.1712398707441946e-17, 5.775889738434995e-17, 1.0], "world_rotation": [-0.7896765794068324, 0.16013129347666225, -0.5922574345551229, -7.314247236221149e-17]}], "source": "action wait"}
{"timestamp": 1706200837.980866, "objects": [{"color": "cv_", "id_name": "hand", "shape": "CVCylinder", "id_string": "ob382", "world_size": [0.12, 0.005, 0.12], "id": 382, "camera_size": [49, 50], "camera_position": [246, 256], "world_position": [0.699520780339459, 0.7118080526236639, -0.17409622177567854], "world_orientation": [-1.3126163925653556e-05, 0.005342120980201286, 0.9999857306837617, -0.0007622702565054408, -0.9999854402994914, 0.0053421094230844774, 0.9999997093858378, -0.0007621892580264586, 1.7198112742865327e-05], "world_rotation": [0.0, 1.0, 0.0, 0.0]}, {"color": "CVRed", "id_name": "object105548792063493", "shape": "CVBox", "id_string": "ob491", "world_size": [0.09, 0.09, 0.09], "id": 491, "camera_size": [37, 37], "camera_position": [256, 254], "world_position": [0.705, 0.6448569696296074, -0.15], "world_orientation": [1.0, -4.331917303826236e-17, -1.1712398707441946e-17, 4.331917303826236e-17, 1.0, -5.775889738434995e-17, 1.1712398707441946e-17, 5.775889738434995e-17, 1.0], "world_rotation": [-0.7896765794068324, 0.16013129347666225, -0.5922574345551229, -7.314247236221149e-17]}], "source": "action wait"}
{"timestamp": 1706200838.011349, "objects": [{"color": "cv_", "id_name": "hand", "shape": "CVCylinder", "id_string": "ob382", "world_size": [0.12, 0.005, 0.12], "id": 382, "camera_size": [49, 50], "camera_position": [246, 255], "world_position": [0.7021553331721646, 0.710324104255194, -0.1740985415586587], "world_orientation": [-1.1233982811773637e-05, 0.0032671817065588445, 0.9999946626845037, -0.0007622919991357883, -0.9999943722325457, 0.0032671721939738978, 0.9999997093923108, -0.0007622512271869709, 1.3724466064528844e-05], "world_rotation": [0.0, 1.0, 0.0, 0.0]}, {"color": "CVRed", "id_name": "object105548792063493", "shape": "CVBox", "id_string": "ob491", "world_size": [0.09, 0.09, 0.09], "id": 491, "camera_size": [37, 37], "camera_position": [256, 254], "world_position": [0.705, 0.6448569696296074, -0.15], "world_orientation": [1.0, -4.331917303826236e-17, -1.1712398707441946e-17, 4.331917303826236e-17, 1.0, -5.775889738434995e-17, 1.1712398707441946e-17, 5.775889738434995e-17, 1.0], "world_rotation": [-0.7896765794068324, 0.16013129347666225, -0.5922574345551229, -7.314247236221149e-17]}], "source": "action wait"}
{"timestamp": 1706200838.041605, "objects": [{"color": "cv_", "id_name": "hand", "shape": "CVCylinder", "id_string": "ob382", "world_size": [0.12, 0.005, 0.12], "id": 382, "camera_size": [49, 50], "camera_position": [246, 254], "world_position": [0.7040085671317742, 0.7092752004323541, -0.1741003099140533], "world_orientation": [-9.673557692197116e-06, 0.0018046283361422696, 0.9999983716101695, -0.0007623850377097086, -0.9999980810552256, 0.001804620436810444, 0.9999997093376961, -0.0007623663391501073, 1.1049360771640896e-05], "world_rotation": [0.0, 1.0, 0.0, 0.0]}, {"color": "CVRed", "id_name": "object105548792063493", "shape": "CVBox", "id_string": "ob491", "world_size": [0.09, 0.09, 0.09], "id": 491, "camera_size": [37, 37], "camera_position": [256, 254], "world_position": [0.705, 0.6448569696296074, -0.15], "world_orientation": [1.0, -4.331917303826236e-17, -1.1712398707441946e-17, 4.331917303826236e-17, 1.0, -5.775889738434995e-17, 1.1712398707441946e-17, 5.775889738434995e-17, 1.0], "world_rotation": [-0.7896765794068324, 0.16013129347666225, -0.5922574345551229, -7.314247236221149e-17]}], "source": "action wait"}
{"timestamp": 1706200838.07371, "objects": [{"color": "cv_", "id_name": "hand", "shape": "CVCylinder", "id_string": "ob382", "world_size": [0.12, 0.005, 0.12], "id": 382, "camera_size": [49, 50], "camera_position": [246, 253], "world_position": [0.7053128427047719, 0.7085354099926773, -0.17410164843458498], "world_orientation": [-8.416541033288088e-06, 0.0007736979073520529, 0.9999997006603102, -0.0007625030533290352, -0.9999994099952862, 0.0007736912648252937, 0.9999997092590857, -0.0007624963132777005, 9.006483084563981e-06], "world_rotation": [0.0, 1.0, 0.0, 0.0]}, {"color": "CVRed", "id_name": "object105548792063493", "shape": "CVBox", "id_string": "ob491", "world_size": [0.09, 0.09, 0.09], "id": 491, "camera_size": [37, 37], "camera_position": [256, 254], "world_position": [0.705, 0.6448569696296074, -0.15], "world_orientation": [1.0, -4.331917303826236e-17, -1.1712398707441946e-17, 4.331917303826236e-17, 1.0, -5.775889738434995e-17, 1.1712398707441946e-17, 5.775889738434995e-17, 1.0], "world_rotation": [-0.7896765794068324, 0.16013129347666225, -0.5922574345551229, -7.314247236221149e-17]}], "source": "action wait"}
{"timestamp": 1706200838.106753, "objects": [{"color": "cv_", "id_name": "hand", "shape": "CVCylinder", "id_string": "ob382", "world_size": [0.12, 0.005, 0.12], "id": 382, "camera_size": [49, 50], "camera_position": [246, 253], "world_position": [0.7062311281106569, 0.7080143616105004, -0.17410265598361485], "world_orientation": [-7.421382905621562e-06, 4.6991604211404126e-05, 0.9999999988683562, -0.0007626210106841249, -0.9999997081007158, 4.698593084560405e-05, 0.9999997091770164, -0.0007626206611208878, 7.457217524386846e-06], "world_rotation": [0.0, 1.0, 0.0, 0.0]}, {"color": "CVRed", "id_name": "object105548792063493", "shape": "CVBox", "id_string": "ob491", "world_size": [0.09, 0.09, 0.09], "id": 491, "camera_size": [37, 37], "camera_position": [256, 254], "world_position": [0.705, 0.6448569696296074, -0.15], "world_orientation": [1.0, -4.331917303826236e-17, -1.1712398707441946e-17, 4.331917303826236e-17, 1.0, -5.775889738434995e-17, 1.1712398707441946e-17, 5.775889738434995e-17, 1.0], "world_rotation": [-0.7896765794068324, 0.16013129347666225, -0.5922574345551229, -7.314247236221149e-17]}], "source": "action wait"}
{"timestamp": 1706200838.142047, "objects": [{"color": "cv_", "id_name": "hand", "shape": "CVCylinder", "id_string": "ob382", "world_size": [0.12, 0.005, 0.12], "id": 382, "camera_size": [49, 50], "camera_position": [246, 253], "world_position": [0.7068778527195599, 0.7076476916405829, -0.17410341099996868], "world_orientation": [-6.644001809715983e-06, -0.0004652800291733891, 0.99999989173517, -0.0007627269287774012, -0.9999996008786889, -0.0004652849614029203, 0.9999997091017023, -0.000762729937555395, 6.2891175506444675e-06], "world_rotation": [0.0, 1.0, 0.0, 0.0]}, {"color": "CVRed", "id_name": "object105548792063493", "shape": "CVBox", "id_string": "ob491", "world_size": [0.09, 0.09, 0.09], "id": 491, "camera_size": [37, 37], "camera_position": [256, 254], "world_position": [0.705, 0.6448569696296074, -0.15], "world_orientation": [1.0, -4.331917303826236e-17, -1.1712398707441946e-17, 4.331917303826236e-17, 1.0, -5.775889738434995e-17, 1.1712398707441946e-17, 5.775889738434995e-17, 1.0], "world_rotation": [-0.7896765794068324, 0.16013129347666225, -0.5922574345551229, -7.314247236221149e-17]}], "source": "action wait"}
{"timestamp": 1706200838.185453, "objects": [{"color": "cv_", "id_name": "hand", "shape": "CVCylinder", "id_string": "ob382", "world_size": [0.12, 0.005, 0.12], "id": 382, "camera_size": [49, 49], "camera_position": [246, 253], "world_position": [0.7073334353674264, 0.7073897875828088, -0.17410397467788757], "world_orientation": [-6.043144266760038e-06, -0.0008264012346792776, 0.9999996585121815, -0.0007628163670245366, -0.9999993675822839, -0.0008264056040649378, 0.9999997090372931, -0.0007628211006206897, 5.412748057789853e-06], "world_rotation": [0.0, 1.0, 0.0, 0.0]}, {"color": "CVRed", "id_name": "object105548792063493", "shape": "CVBox", "id_string": "ob491", "world_size": [0.09, 0.09, 0.09], "id": 491, "camera_size": [37, 37], "camera_position": [256, 254], "world_position": [0.705, 0.6448569696296074, -0.15], "world_orientation": [1.0, -4.331917303826236e-17, -1.1712398707441946e-17, 4.331917303826236e-17, 1.0, -5.775889738434995e-17, 1.1712398707441946e-17, 5.775889738434995e-17, 1.0], "world_rotation": [-0.7896765794068324, 0.16013129347666225, -0.5922574345551229, -7.314247236221149e-17]}], "source": "action wait"}
{"timestamp": 1706200838.218282, "objects": [{"color": "cv_", "id_name": "hand", "shape": "CVCylinder", "id_string": "ob382", "world_size": [0.12, 0.005, 0.12], "id": 382, "camera_size": [49, 50], "camera_position": [246, 252], "world_position": [0.7076544318625672, 0.707208431091525, -0.17410439418340642], "world_orientation": [-5.582703887914823e-06, -0.0010809765439957907, 0.9999994157291017, -0.0007628889359106379, -0.9999991247404447, -0.0010809804884288421, 0.9999997089846101, -0.0007628945249711749, 4.758033956570453e-06], "world_rotation": [0.0, 1.0, 0.0, 0.0]}, {"color": "CVRed", "id_name": "object105548792063493", "shape": "CVBox", "id_string": "ob491", "world_size": [0.09, 0.09, 0.09], "id": 491, "camera_size": [37, 37], "camera_position": [256, 254], "world_position": [0.705, 0.6448569696296074, -0.15], "world_orientation": [1.0, -4.331917303826236e-17, -1.1712398707441946e-17, 4.331917303826236e-17, 1.0, -5.775889738434995e-17, 1.1712398707441946e-17, 5.775889738434995e-17, 1.0], "world_rotation": [-0.7896765794068324, 0.16013129347666225, -0.5922574345551229, -7.314247236221149e-17]}], "source": "action wait"}
{"timestamp": 1706200839.309064, "objects": [{"color": "cv_", "id_name": "hand", "shape": "CVCylinder", "id_string": "ob382", "world_size": [0.12, 0.005, 0.12], "id": 382, "camera_size": [49, 50], "camera_position": [246, 252], "world_position": [0.7084210365582717, 0.7067785436631958, -0.1741055775598008], "world_orientation": [-4.191326535991869e-06, -0.0016893695965373903, 0.9999985730053815, -0.0007631191573747282, -0.9999982818337105, -0.0016893723031258803, 0.9999997088157498, -0.0007631251491191251, 2.9021290319554655e-06], "world_rotation": [0.0, 1.0, 0.0, 0.0]}, {"color": "CVRed", "id_name": "object105548792063493", "shape": "CVBox", "id_string": "ob491", "world_size": [0.09, 0.09, 0.09], "id": 491, "camera_size": [37, 37], "camera_position": [256, 254], "world_position": [0.705, 0.6448569696296074, -0.15], "world_orientation": [1.0, -4.331917303826236e-17, -1.1712398707441946e-17, 4.331917303826236e-17, 1.0, -5.775889738434995e-17, 1.1712398707441946e-17, 5.775889738434995e-17, 1.0], "world_rotation": [-0.7896765794068324, 0.16013129347666225, -0.5922574345551229, -7.314247236221149e-17]}], "source": "action wait"}
{"timestamp": 1706200839.344949, "objects": [{"color": "cv_", "id_name": "hand", "shape": "CVCylinder", "id_string": "ob382", "world_size": [0.12, 0.005, 0.12], "id": 382, "camera_size": [51, 51], "camera_position": [246, 251], "world_position": [0.711239095779962, 0.7301637046160621, -0.17409772372773305], "world_orientation": [1.8921098058942616e-05, 0.03247479701816817, 0.9994725545009333, -0.0007431533476872, -0.9994722782303664, 0.03247480211030114, 0.9999997236825088, -0.0007433758337143709, 5.222641136285279e-06], "world_rotation": [0.0, 1.0, 0.0, 0.0]}, {"color": "CVRed", "id_name": "object105548792063493", "shape": "CVBox", "id_string": "ob491", "world_size": [0.09, 0.09, 0.09], "id": 491, "camera_size": [38, 39], "camera_position": [252, 252], "world_position": [0.7105620391181232, 0.6743004904052752, -0.15866703018475706], "world_orientation": [0.9994271975719996, -0.033841937655295966, -3.0190432258896525e-06, 0.033841937733938336, 0.9994271970737194, 3.161931954545761e-05, 1.947254868334962e-06, -3.170337819531688e-05, 0.9999999994955522], "world_rotation": [0.0009355650735650801, 7.337487516545818e-05, -0.9999995596669634, -0.03384841566705834]}], "source": "action wait"}
{"timestamp": 1706200839.375877, "objects": [{"color": "cv_", "id_name": "hand", "shape": "CVCylinder", "id_string": "ob382", "world_size": [0.12, 0.005, 0.12], "id": 382, "camera_size": [53, 53], "camera_position": [245, 249], "world_position": [0.7151184102659929, 0.7865695276352938, -0.17410898922229054], "world_orientation": [8.128884417718386e-05, 0.11355220636686471, 0.9935320275770384, -0.0007254047248851601, -0.9935317627594563, 0.11355223545167577, 0.999999733590019, -0.00072994335710305, 1.6082583720360231e-06], "world_rotation": [0.0, 1.0, 0.0, 0.0]}, {"color": "CVRed", "id_name": "object105548792063493", "shape": "CVBox", "id_string": "ob491", "world_size": [0.09, 0.09, 0.09], "id": 491, "camera_size": [39, 44], "camera_position": [250, 247], "world_position": [0.7188808215534439, 0.7346471536620536, -0.16423206375036664], "world_orientation": [0.9933993872646035, -0.11470683225214051, -4.121859178759493e-06, 0.11470683230970921, 0.9933993858711718, 5.265216910821871e-05, -1.944911152780605e-06, -5.277743793987895e-05, 0.9999999986053797], "world_rotation": [0.0004595610994294096, 9.489181039659318e-06, -0.9999998943567702, -0.11495989117007689]}], "source": "action wait"}
{"timestamp": 1706200839.403365, "objects": [{"color": "cv_", "id_name": "hand", "shape": "CVCylinder", "id_string": "ob382", "world_size": [0.12, 0.005, 0.12], "id": 382, "camera_size": [56, 55], "camera_position": [244, 250], "world_position": [0.7133849601678612, 0.8566834488626753, -0.1741123490882619], "world_orientation": [0.000156336544917807, 0.21261784877910855, 0.9771354184244008, -0.0007212383250388377, -0.9771351522461217, 0.21261790625492397, 0.9999997276870446, -0.0007379874613723666, 5.862075073200975e-07], "world_rotation": [0.0, 1.0, 0.0, 0.0]}, {"color": "CVRed", "id_name": "object105548792063493", "shape": "CVBox", "id_string": "ob491", "world_size": [0.09, 0.09, 0.09], "id": 491, "camera_size": [41, 49], "camera_position": [248, 246], "world_position": [0.7221520462024871, 0.8077527599187881, -0.1677903880893072], "world_orientation": [0.9769157856183421, -0.2136247826265854, -7.579041377882594e-06, 0.21362478273862334, 0.9769157843871763, 4.9143304510882046e-05, -3.094142591112254e-06, -4.9627941001846964e-05, 0.9999999987637469], "world_rotation": [0.00023117927055935197, 1.0497140384085488e-05, -0.9999999732229772, -0.21528390522592175]}], "source": "action wait"}
{"timestamp": 1706200839.434533, "objects": [{"color": "cv_", "id_name": "hand", "shape": "CVCylinder", "id_string": "ob382", "world_size": [0.12, 0.005, 0.12], "id": 382, "camera_size": [59, 57], "camera_position": [244, 254], "world_position": [0.7042115818881752, 0.9262294425696866, -0.17411327688155245], "world_orientation": [0.0002315214161793601, 0.30955344167030874, 0.9508820185216988, -0.0007096366508366415, -0.9508817537233292, 0.3095535282497521, 0.99999972140679, -0.0007464490022084592, -4.790226388236079e-07], "world_rotation": [0.0, 1.0, 0.0, 0.0]}, {"color": "CVRed", "id_name": "object105548792063493", "shape": "CVBox", "id_string": "ob491", "world_size": [0.09, 0.09, 0.09], "id": 491, "camera_size": [44, 56], "camera_position": [246, 247], "world_position": [0.7177246039099784, 0.8799313536876036, -0.17006651129149616], "world_orientation": [0.9505886686088957, -0.31045318973571356, -9.761581955836904e-06, 0.31045318986078135, 0.9505886676267361, 4.341534666466105e-05, -4.199183670197606e-06, -4.430065083943081e-05, 0.9999999990099098], "world_rotation": [0.00014127088963441015, 8.958513574180404e-06, -0.9999999899811404, -0.31566974509807016]}], "source": "action wait"}
{"timestamp": 1706200839.468309, "objects": [{"color": "cv_", "id_name": "hand", "shape": "CVCylinder", "id_string": "ob382", "world_size": [0.12, 0.005, 0.12], "id": 382, "camera_size": [63, 58], "camera_position": [243, 262], "world_position": [0.687854957142487, 0.9944329570366173, -0.17411372491832647], "world_orientation": [0.0003053036846169742, 0.4033615273157616, 0.9150406466770512, -0.000687550532735956, -0.915040388370676, 0.40336164285254955, 0.9999997170319225, -0.000752284479894091, -2.0337691513016893e-06], "world_rotation": [0.0, 1.0, 0.0, 0.0]}, {"color": "CVRed", "id_name": "object105548792063493", "shape": "CVBox", "id_string": "ob491", "world_size": [0.09, 0.09, 0.09], "id": 491, "camera_size": [47, 61], "camera_position": [245, 253], "world_position": [0.7058677976969393, 0.9506877331447164, -0.17152301852069765], "world_orientation": [0.9146803515384871, -0.40417799839470714, -1.1094056500818353e-05, 0.4041779985059988, 0.9146803507104101, 3.934420458871725e-05, -5.754546368129963e-06, -4.047134443602328e-05, 0.9999999991644778], "world_rotation": [9.873811654759573e-05, 6.605394315148216e-06, -0.9999999951035766, -0.4160799778612207]}], "source": "action wait"}
{"timestamp": 1706200839.497763, "objects": [{"color": "cv_", "id_name": "hand", "shape": "CVCylinder", "id_string": "ob382", "world_size": [0.12, 0.005, 0.12], "id": 382, "camera_size": [67, 60], "camera_position": [243, 275], "world_position": [0.6645782184731728, 1.060606840587412, -0.17411414614313475], "world_orientation": [0.0003766011780732488, 0.4930989243639328, 0.8699731656566684, -0.0006561697769970275, -0.8699729182109778, 0.4930990681604453, 0.9999997138063473, -0.0007565517880785195, -4.076214652216979e-06], "world_rotation": [0.0, 1.0, 0.0, 0.0]}, {"color": "CVRed", "id_name": "object105548792063493", "shape": "CVBox", "id_string": "ob491", "world_size": [0.09, 0.09, 0.09], "id": 491, "camera_size": [50, 68], "camera_position": [243, 263], "world_position": [0.6868389720658288, 1.0195057294697576, -0.17245528675141195], "world_orientation": [0.8695498711728974, -0.4938451390924144, -1.174699444961763e-05, 0.4938451391708258, 0.8695498704441718, 3.643998157783515e-05, -7.781110269057605e-06, -3.748757739535964e-05, 0.999999999267068], "world_rotation": [7.484892824449886e-05, 4.0153115371273355e-06, -0.9999999971907576, -0.5165062181378807]}], "source": "action wait"}
{"timestamp": 1706200839.53386, "objects": [{"color": "cv_", "id_name": "hand", "shape": "CVCylinder", "id_string": "ob382", "world_size": [0.12, 0.005, 0.12], "id": 382, "camera_size": [71, 60], "camera_position": [242, 290], "world_position": [0.6410340672025143, 1.1105334273801193, -0.1741136702573353], "world_orientation": [0.0004372223088730292, 0.5600921471397747, 0.8284301995636141, -0.0006354590385375491, -0.8284299558685784, 0.5600923177578816, 0.9999997025141872, -0.0007713183144624089, -6.292440730066363e-06], "world_rotation": [0.0, 1.0, 0.0, 0.0]}, {"color": "CVRed", "id_name": "object105548792063493", "shape": "CVBox", "id_string": "ob491", "world_size": [0.09, 0.09, 0.09], "id": 491, "camera_size": [52, 72], "camera_position": [242, 275], "world_position": [0.6663969125185458, 1.0718297669539438, -0.17305170165658984], "world_orientation": [0.8279618531520396, -0.5607844235537466, -4.953034341131508e-06, 0.5607844234871192, 0.8279618528321635, 2.5078882150853893e-05, -9.962922980114365e-06, -2.3541942248105936e-05, 0.9999999996732586], "world_rotation": [-4.335072651230388e-05, 4.466857872740851e-06, 0.9999999990503808, 0.5953329120567317]}], "source": "action wait"}
{"timestamp": 1706200839.569314, "objects": [{"color": "cv_", "id_name": "hand", "shape": "CVCylinder", "id_string": "ob382", "world_size": [0.12, 0.005, 0.12], "id": 382, "camera_size": [73, 61], "camera_position": [241, 303], "world_position": [0.6217134484778002, 1.144299197874383, -0.17411477092284053], "world_orientation": [0.00047904144627659644, 0.6052844653652777, 0.7960090995125386, -0.0006136333635178183, -0.7960088630529426, 0.6052846548486567, 0.999999696986648, -0.0007784141775924618, -9.898494638166473e-06], "world_rotation": [0.0, 1.0, 0.0, 0.0]}, {"color": "CVRed", "id_name": "object105548792063493", "shape": "CVBox", "id_string": "ob491", "world_size": [0.09, 0.09, 0.09], "id": 491, "camera_size": [54, 76], "camera_position": [241, 286], "world_position": [0.6491153549793396, 1.1074850204727342, -0.173434683704114], "world_orientation": [0.7955115766666138, -0.6059383891033466, 4.897868028680895e-07, 0.6059383889522352, 0.7955115764857696, 2.170472969158047e-05, -1.3541360016931371e-05, -1.696958311181188e-05, 0.9999999997643324], "world_rotation": [-3.191274350776694e-05, 1.157803092342996e-05, 0.999999999423763, 0.6509449431642851]}], "source": "action wait"}
{"timestamp": 1706200839.605618, "objects": [{"color": "cv_", "id_name": "hand", "shape": "CVCylinder", "id_string": "ob382", "world_size": [0.12, 0.005, 0.12], "id": 382, "camera_size": [75, 61], "camera_position": [241, 313], "world_position": [0.606831061748712, 1.1673120237648813, -0.1741164320914553], "world_orientation": [0.0005069519689847454, 0.6360421850926862, 0.7716541205632368, -0.0005938825928656511, -0.7716538921477564, 0.6360423869811547, 0.9999996951515371, -0.0007807148903534466, -1.3457077943742177e-05], "world_rotation": [0.0, 1.0, 0.0, 0.0]}, {"color": "CVRed", "id_name": "object105548792063493", "shape": "CVBox", "id_string": "ob491", "world_size": [0.09, 0.09, 0.09], "id": 491, "camera_size": [56, 78], "camera_position": [241, 295], "world_position": [0.6355917031098139, 1.1319126692520585, -0.17368063649983437], "world_orientation": [0.771137108629757, -0.6366691131828497, 3.6196692801979006e-06, 0.6366691129640185, 0.7711371084923087, 2.244395934220156e-05, -1.708063699314165e-05, -1.500283828350243e-05, 0.9999999997415834], "world_rotation": [-2.9408366791812333e-05, 1.6256722555398456e-05, 0.9999999994354335, 0.6901710744996913]}], "source": "action wait"}
{"timestamp": 1706200839.638717, "objects": [{"color": "cv_", "id_name": "hand", "shape": "CVCylinder", "id_string": "ob382", "world_size": [0.12, 0.005, 0.12], "id": 382, "camera_size": [76, 62], "camera_position": [240, 320], "world_position": [0.5957549870027112, 1.1831230058277078, -0.1741180312085148], "world_orientation": [0.0005253158999373519, 0.6571496860384938, 0.7537599181322358, -0.0005776067292900146, -0.7537596970001403, 0.6571498957990658, 0.9999996952067893, -0.0007805880898877483, -1.6387872758977855e-05], "world_rotation": [0.0, 1.0, 0.0, 0.0]}, {"color": "CVRed", "id_name": "object105548792063493", "shape": "CVBox", "id_string": "ob491", "world_size": [0.09, 0.09, 0.09], "id": 491, "camera_size": [57, 80], "camera_position": [241, 302], "world_position": [0.6254337119665143, 1.1487534013020384, -0.1738385034587786], "world_orientation": [0.7532295799593036, -0.6577577060359021, 4.97181689173785e-06, 0.6577577057506663, 0.7532295798194505, 2.4711013355338314e-05, -1.9998779006732812e-05, -1.5342815337888327e-05, 0.9999999996823234], "world_rotation": [-3.04472515552282e-05, 1.8981606493295235e-05, 0.9999999993563317, 0.7178379709612555]}], "source": "action wait"}
{"timestamp": 1706200839.668951, "objects": [{"color": "cv_", "id_name": "hand", "shape": "CVCylinder", "id_string": "ob382", "world_size": [0.12, 0.005, 0.12], "id": 382, "camera_size": [77, 62], "camera_position": [241, 326], "world_position": [0.5876783164647321, 1.1940613514658125, -0.17411934674323967], "world_orientation": [0.0005373279924306069, 0.6717349048278436, 0.7407914206539897, -0.0005648262097340112, -0.740791205558725, 0.6717351194765717, 0.9999996961249444, -0.0007793604935249725, -1.863437105265784e-05], "world_rotation": [0.0, 1.0, 0.0, 0.0]}, {"color": "CVRed", "id_name": "object105548792063493", "shape": "CVBox", "id_string": "ob491", "world_size": [0.09, 0.09, 0.09], "id": 491, "camera_size": [57, 82], "camera_position": [241, 307], "world_position": [0.6179849729277863, 1.1604287299161544, -0.17393977441198744], "world_orientation": [0.7402518190209547, -0.672329714060613, 5.22896048124839e-06, 0.6723297137131952, 0.7402518188509004, 2.7317883057885742e-05, -2.2237372011993185e-05, -1.6706527122026305e-05, 0.9999999996131956], "world_rotation": [-3.27401937158307e-05, 2.0426237235597663e-05, 0.9999999992554242, 0.7373514991396402]}], "source": "action wait"}
