{"timestamp": 1706069276.678539, "objects": [{"color": "cv_", "id_name": "hand", "shape": "CVCylinder", "id_string": "ob383", "world_size": [0.12, 0.005, 0.12], "id": 383, "camera_size": [48, 50], "camera_position": [246, 426], "world_position": [0.26764451557300206, 0.6334703011721676, -0.1738926040090089], "world_orientation": [-0.0006415504505745555, 0.19791547456967412, 0.980218880321574, -0.0007473673795497307, -0.9802189031848844, 0.1979149900361831, 0.999999514927392, -0.0006056111649382199, 0.0007767754486018672], "world_rotation": [0.0, 1.0, 0.0, 0.0]}, {"color": "CVGreen", "id_name": "object239225215070036", "shape": "CVBox", "id_string": "ob1108", "world_size": [0.11, 0.11, 0.11], "id": 1108, "camera_size": [45, 45], "camera_position": [256, 254], "world_position": [0.705, 0.6547388572526824, -0.15], "world_orientation": [1.0, -3.838362879530641e-17, 1.4813540171849057e-17, 3.838362879530641e-17, 1.0, 5.294293626938881e-18, -1.4813540171849057e-17, -5.294293626938881e-18, 1.0], "world_rotation": [-0.1276280613210114, 0.35710588544125776, 0.925303444577321, 4.1482206750932463e-17]}], "source": "action wait"}
{"timestamp": 1706069276.719332, "objects": [{"color": "cv_", "id_name": "hand", "shape": "CVCylinder", "id_string": "ob383", "world_size": [0.12, 0.005, 0.12], "id": 383, "camera_size": [49, 51], "camera_position": [246, 421], "world_position": [0.2904500712140411, 0.6671317880159715, -0.17395642029499883], "world_orientation": [-0.00038754972499052145, 0.19213958368904485, 0.9813675306351903, -0.0007167742866754166, -0.9813674056105567, 0.19213927615099283, 0.9999996680198613, -0.0006289554881055452, 0.0005180493812002865], "world_rotation": [0.0, 1.0, 0.0, 0.0]}, {"color": "CVGreen", "id_name": "object239225215070036", "shape": "CVBox", "id_string": "ob1108", "world_size": [0.11, 0.11, 0.11], "id": 1108, "camera_size": [45, 45], "camera_position": [256, 254], "world_position": [0.705, 0.6547388572526824, -0.15], "world_orientation": [1.0, -3.838362879530641e-17, 1.4813540171849057e-17, 3.838362879530641e-17, 1.0, 5.294293626938881e-18, -1.4813540171849057e-17, -5.294293626938881e-18, 1.0], "world_rotation": [-0.1276280613210114, 0.35710588544125776, 0.925303444577321, 4.1482206750932463e-17]}], "source": "action wait"}
{"timestamp": 1706069276.752725, "objects": [{"color": "cv_", "id_name": "hand", "shape": "CVCylinder", "id_string": "ob383", "world_size": [0.12, 0.005, 0.12], "id": 383, "camera_size": [51, 52], "camera_position": [246, 406], "world_position": [0.3360324770862595, 0.7045031589310635, -0.17398432465008196], "world_orientation": [-0.00023159150315667907, 0.17592575704944985, 0.9844034103821225, -0.0007336460871204131, -0.9844032017510358, 0.175925547166205, 0.9999997040643536, -0.0006814608482632443, 0.0003570466604892179], "world_rotation": [0.0, 1.0, 0.0, 0.0]}, {"color": "CVGreen", "id_name": "object239225215070036", "shape": "CVBox", "id_string": "ob1108", "world_size": [0.11, 0.11, 0.11], "id": 1108, "camera_size": [45, 45], "camera_position": [256, 254], "world_position": [0.705, 0.6547388572526824, -0.15], "world_orientation": [1.0, -3.838362879530641e-17, 1.4813540171849057e-17, 3.838362879530641e-17, 1.0, 5.294293626938881e-18, -1.4813540171849057e-17, -5.294293626938881e-18, 1.0], "world_rotation": [-0.1276280613210114, 0.35710588544125776, 0.925303444577321, 4.1482206750932463e-17]}], "source": "action wait"}
{"timestamp": 1706069276.788195, "objects": [{"color": "cv_", "id_name": "hand", "shape": "CVCylinder", "id_string": "ob383", "world_size": [0.12, 0.005, 0.12], "id": 383, "camera_size": [51, 53], "camera_position": [246, 389], "world_position": [0.38626271428502557, 0.7372645528578106, -0.1740048176042566], "world_orientation": [-0.00013069482010631396, 0.16439091174934783, 0.9863952610658073, -0.0007450820639321994, -0.9863950117009329, 0.1643907714691878, 0.9999997138857502, -0.0007134603946638364, 0.0002514014384263382], "world_rotation": [0.0, 1.0, 0.0, 0.0]}, {"color": "CVGreen", "id_name": "object239225215070036", "shape": "CVBox", "id_string": "ob1108", "world_size": [0.11, 0.11, 0.11], "id": 1108, "camera_size": [45, 45], "camera_position": [256, 254], "world_position": [0.705, 0.6547388572526824, -0.15], "world_orientation": [1.0, -3.838362879530641e-17, 1.4813540171849057e-17, 3.838362879530641e-17, 1.0, 5.294293626938881e-18, -1.4813540171849057e-17, -5.294293626938881e-18, 1.0], "world_rotation": [-0.1276280613210114, 0.35710588544125776, 0.925303444577321, 4.1482206750932463e-17]}], "source": "action wait"}
{"timestamp": 1706069276.822366, "objects": [{"color": "cv_", "id_name": "hand", "shape": "CVCylinder", "id_string": "ob383", "world_size": [0.12, 0.005, 0.12], "id": 383, "camera_size": [52, 53], "camera_position": [245, 368], "world_position": [0.44013818974652047, 0.7649267306328875, -0.17402326884595554], "world_orientation": [-5.966756019191331e-05, 0.15623852408999434, 0.9877193528679908, -0.0007525431859042387, -0.9877190819584573, 0.1562384357765267, 0.9999997150592274, -0.0007339791023158681, 0.00017651102445553476], "world_rotation": [0.0, 1.0, 0.0, 0.0]}, {"color": "CVGreen", "id_name": "object239225215070036", "shape": "CVBox", "id_string": "ob1108", "world_size": [0.11, 0.11, 0.11], "id": 1108, "camera_size": [45, 45], "camera_position": [256, 254], "world_position": [0.705, 0.6547388572526824, -0.15], "world_orientation": [1.0, -3.838362879530641e-17, 1.4813540171849057e-17, 3.838362879530641e-17, 1.0, 5.294293626938881e-18, -1.4813540171849057e-17, -5.294293626938881e-18, 1.0], "world_rotation": [-0.1276280613210114, 0.35710588544125776, 0.925303444577321, 4.1482206750932463e-17]}], "source": "action wait"}
{"timestamp": 1706069276.855366, "objects": [{"color": "cv_", "id_name": "hand", "shape": "CVCylinder", "id_string": "ob383", "world_size": [0.12, 0.005, 0.12], "id": 383, "camera_size": [52, 54], "camera_position": [245, 344], "world_position": [0.4970932886617711, 0.7820811096827366, -0.1740386701471523], "world_orientation": [-1.4421517472023639e-05, 0.14319352363568538, 0.9896947077663981, -0.0007640038943597353, -0.9896944206036287, 0.14319347095484988, 0.9999997080449922, -0.0007540655438177853, 0.00012367330508386855], "world_rotation": [0.0, 1.0, 0.0, 0.0]}, {"color": "CVGreen", "id_name": "object239225215070036", "shape": "CVBox", "id_string": "ob1108", "world_size": [0.11, 0.11, 0.11], "id": 1108, "camera_size": [45, 45], "camera_position": [256, 254], "world_position": [0.705, 0.6547388572526824, -0.15], "world_orientation": [1.0, -3.838362879530641e-17, 1.4813540171849057e-17, 3.838362879530641e-17, 1.0, 5.294293626938881e-18, -1.4813540171849057e-17, -5.294293626938881e-18, 1.0], "world_rotation": [-0.1276280613210114, 0.35710588544125776, 0.925303444577321, 4.1482206750932463e-17]}], "source": "action wait"}
{"timestamp": 1706069276.886877, "objects": [{"color": "cv_", "id_name": "hand", "shape": "CVCylinder", "id_string": "ob383", "world_size": [0.12, 0.005, 0.12], "id": 383, "camera_size": [52, 53], "camera_position": [245, 319], "world_position": [0.55574674551171, 0.7755672737808331, -0.17405049017279234], "world_orientation": [-5.762504194096198e-06, 0.10642624424964715, 0.994320599455582, -0.0007770779067013472, -0.9943202997383301, 0.10642620766617916, 0.9999996980583148, -0.0007720512885472512, 8.843125799752015e-05], "world_rotation": [0.0, 1.0, 0.0, 0.0]}, {"color": "CVGreen", "id_name": "object239225215070036", "shape": "CVBox", "id_string": "ob1108", "world_size": [0.11, 0.11, 0.11], "id": 1108, "camera_size": [45, 45], "camera_position": [256, 254], "world_position": [0.705, 0.6547388572526824, -0.15], "world_orientation": [1.0, -3.838362879530641e-17, 1.4813540171849057e-17, 3.838362879530641e-17, 1.0, 5.294293626938881e-18, -1.4813540171849057e-17, -5.294293626938881e-18, 1.0], "world_rotation": [-0.1276280613210114, 0.35710588544125776, 0.925303444577321, 4.1482206750932463e-17]}], "source": "action wait"}
{"timestamp": 1706069276.916193, "objects": [{"color": "cv_", "id_name": "hand", "shape": "CVCylinder", "id_string": "ob383", "world_size": [0.12, 0.005, 0.12], "id": 383, "camera_size": [52, 52], "camera_position": [245, 298], "world_position": [0.6012657180343374, 0.7632926280710254, -0.17405602320851313], "world_orientation": [-1.899735668297643e-05, 0.07458861561064818, 0.9972143892164751, -0.0007754520748598331, -0.997214090669752, 0.07458857850756735, 0.999999699156545, -0.0007718749813679367, 7.678432850633337e-05], "world_rotation": [0.0, 1.0, 0.0, 0.0]}, {"color": "CVGreen", "id_name": "object239225215070036", "shape": "CVBox", "id_string": "ob1108", "world_size": [0.11, 0.11, 0.11], "id": 1108, "camera_size": [45, 45], "camera_position": [256, 254], "world_position": [0.705, 0.6547388572526824, -0.15], "world_orientation": [1.0, -3.838362879530641e-17, 1.4813540171849057e-17, 3.838362879530641e-17, 1.0, 5.294293626938881e-18, -1.4813540171849057e-17, -5.294293626938881e-18, 1.0], "world_rotation": [-0.1276280613210114, 0.35710588544125776, 0.925303444577321, 4.1482206750932463e-17]}], "source": "action wait"}
{"timestamp": 1706069276.94712, "objects": [{"color": "cv_", "id_name": "hand", "shape": "CVCylinder", "id_string": "ob383", "world_size": [0.12, 0.005, 0.12], "id": 383, "camera_size": [52, 52], "camera_position": [245, 284], "world_position": [0.6332702188147867, 0.7521609647378247, -0.17406366289901987], "world_orientation": [-2.4550406831332095e-05, 0.05209581116792348, 0.9986420909695494, -0.0007716542685379247, -0.9986417949365107, 0.052095776754686324, 0.9999997019734393, -0.0007693274597251199, 6.471701740551964e-05], "world_rotation": [0.0, 1.0, 0.0, 0.0]}, {"color": "CVGreen", "id_name": "object239225215070036", "shape": "CVBox", "id_string": "ob1108", "world_size": [0.11, 0.11, 0.11], "id": 1108, "camera_size": [45, 45], "camera_position": [256, 254], "world_position": [0.705, 0.6547388572526824, -0.15], "world_orientation": [1.0, -3.838362879530641e-17, 1.4813540171849057e-17, 3.838362879530641e-17, 1.0, 5.294293626938881e-18, -1.4813540171849057e-17, -5.294293626938881e-18, 1.0], "world_rotation": [-0.1276280613210114, 0.35710588544125776, 0.925303444577321, 4.1482206750932463e-17]}], "source": "action wait"}
{"timestamp": 1706069276.981601, "objects": [{"color": "cv_", "id_name": "hand", "shape": "CVCylinder", "id_string": "ob383", "world_size": [0.12, 0.005, 0.12], "id": 383, "camera_size": [51, 51], "camera_position": [246, 275], "world_position": [0.6556926146096164, 0.7431134797453407, -0.1740715275471513], "world_orientation": [-2.5415359116603882e-05, 0.03622587606051446, 0.9993436272162384, -0.0007681696092736065, -0.9993433333975851, 0.03622584587355632, 0.9999997046347119, -0.000766744710766946, 5.322628675846039e-05], "world_rotation": [0.0, 1.0, 0.0, 0.0]}, {"color": "CVGreen", "id_name": "object239225215070036", "shape": "CVBox", "id_string": "ob1108", "world_size": [0.11, 0.11, 0.11], "id": 1108, "camera_size": [45, 45], "camera_position": [256, 254], "world_position": [0.705, 0.6547388572526824, -0.15], "world_orientation": [1.0, -3.838362879530641e-17, 1.4813540171849057e-17, 3.838362879530641e-17, 1.0, 5.294293626938881e-18, -1.4813540171849057e-17, -5.294293626938881e-18, 1.0], "world_rotation": [-0.1276280613210114, 0.35710588544125776, 0.925303444577321, 4.1482206750932463e-17]}], "source": "action wait"}
{"timestamp": 1706069277.009801, "objects": [{"color": "cv_", "id_name": "hand", "shape": "CVCylinder", "id_string": "ob383", "world_size": [0.12, 0.005, 0.12], "id": 383, "camera_size": [51, 51], "camera_position": [246, 268], "world_position": [0.6713940810071343, 0.7361622635824752, -0.17407863917801703], "world_orientation": [-2.3888747891674564e-05, 0.02503545309941275, 0.9996865636375407, -0.0007656335634135677, -0.9996862713751341, 0.02503542748443548, 0.9999997066172442, -0.0007647955209992932, 4.3049236476198616e-05], "world_rotation": [0.0, 1.0, 0.0, 0.0]}, {"color": "CVGreen", "id_name": "object239225215070036", "shape": "CVBox", "id_string": "ob1108", "world_size": [0.11, 0.11, 0.11], "id": 1108, "camera_size": [45, 45], "camera_position": [256, 254], "world_position": [0.705, 0.6547388572526824, -0.15], "world_orientation": [1.0, -3.838362879530641e-17, 1.4813540171849057e-17, 3.838362879530641e-17, 1.0, 5.294293626938881e-18, -1.4813540171849057e-17, -5.294293626938881e-18, 1.0], "world_rotation": [-0.1276280613210114, 0.35710588544125776, 0.925303444577321, 4.1482206750932463e-17]}], "source": "action wait"}
{"timestamp": 1706069277.088882, "objects": [{"color": "cv_", "id_name": "hand", "shape": "CVCylinder", "id_string": "ob383", "world_size": [0.12, 0.005, 0.12], "id": 383, "camera_size": [51, 50], "camera_position": [246, 263], "world_position": [0.690112263807692, 0.7272245026683832, -0.17408955485957422], "world_orientation": [-1.8537268103418927e-05, 0.011586926062534536, 0.99993286914712, -0.000763085781338166, -0.9999325783523745, 0.011586908546416102, 0.9999997086781877, -0.0007628197651090004, 2.7377836818369633e-05], "world_rotation": [0.0, 1.0, 0.0, 0.0]}, {"color": "CVGreen", "id_name": "object239225215070036", "shape": "CVBox", "id_string": "ob1108", "world_size": [0.11, 0.11, 0.11], "id": 1108, "camera_size": [45, 45], "camera_position": [256, 254], "world_position": [0.705, 0.6547388572526824, -0.15], "world_orientation": [1.0, -3.838362879530641e-17, 1.4813540171849057e-17, 3.838362879530641e-17, 1.0, 5.294293626938881e-18, -1.4813540171849057e-17, -5.294293626938881e-18, 1.0], "world_rotation": [-0.1276280613210114, 0.35710588544125776, 0.925303444577321, 4.1482206750932463e-17]}], "source": "action wait"}
{"timestamp": 1706069277.121456, "objects": [{"color": "cv_", "id_name": "hand", "shape": "CVCylinder", "id_string": "ob383", "world_size": [0.12, 0.005, 0.12], "id": 383, "camera_size": [51, 51], "camera_position": [246, 258], "world_position": [0.695529360219531, 0.7245129348874536, -0.17409343904907146], "world_orientation": [-1.5858639299425745e-05, 0.007668178329633671, 0.9999705989625938, -0.0007626223763243117, -0.9999703083931414, 0.007668164006921355, 0.9999997090777651, -0.0007624783477885682, 2.1706092811133106e-05], "world_rotation": [0.0, 1.0, 0.0, 0.0]}, {"color": "CVGreen", "id_name": "object239225215070036", "shape": "CVBox", "id_string": "ob1108", "world_size": [0.11, 0.11, 0.11], "id": 1108, "camera_size": [45, 45], "camera_position": [256, 254], "world_position": [0.705, 0.6547388572526824, -0.15], "world_orientation": [1.0, -3.838362879530641e-17, 1.4813540171849057e-17, 3.838362879530641e-17, 1.0, 5.294293626938881e-18, -1.4813540171849057e-17, -5.294293626938881e-18, 1.0], "world_rotation": [-0.1276280613210114, 0.35710588544125776, 0.925303444577321, 4.1482206750932463e-17]}], "source": "action wait"}
{"timestamp": 1706069277.152086, "objects": [{"color": "cv_", "id_name": "hand", "shape": "CVCylinder", "id_string": "ob383", "world_size": [0.12, 0.005, 0.12], "id": 383, "camera_size": [51, 50], "camera_position": [246, 256], "world_position": [0.6993355522071412, 0.7225780218419764, -0.17409646632285902], "world_orientation": [-1.3492028429762207e-05, 0.0049062598100918006, 0.9999879641438898, -0.0007624432704031705, -0.999987673628962, 0.004906248097703218, 0.99999970924907, -0.0007623678985072102, 1.7232606897433754e-05], "world_rotation": [0.0, 1.0, 0.0, 0.0]}, {"color": "CVGreen", "id_name": "object239225215070036", "shape": "CVBox", "id_string": "ob1108", "world_size": [0.11, 0.11, 0.11], "id": 1108, "camera_size": [45, 45], "camera_position": [256, 254], "world_position": [0.705, 0.6547388572526824, -0.15], "world_orientation": [1.0, -3.838362879530641e-17, 1.4813540171849057e-17, 3.838362879530641e-17, 1.0, 5.294293626938881e-18, -1.4813540171849057e-17, -5.294293626938881e-18, 1.0], "world_rotation": [-0.1276280613210114, 0.35710588544125776, 0.925303444577321, 4.1482206750932463e-17]}], "source": "action wait"}
{"timestamp": 1706069277.182313, "objects": [{"color": "cv_", "id_name": "hand", "shape": "CVCylinder", "id_string": "ob383", "world_size": [0.12, 0.005, 0.12], "id": 383, "camera_size": [51, 50], "camera_position": [246, 255], "world_position": [0.7020117500262009, 0.7212049434109294, -0.1740987962687513], "world_orientation": [-1.1494197123744889e-05, 0.002959643904116432, 0.9999956201783308, -0.0007624237892706826, -0.9999953296265389, 0.002959634280695474, 0.9999997092888823, -0.0007623864313709278, 1.3750646362185152e-05], "world_rotation": [0.0, 1.0, 0.0, 0.0]}, {"color": "CVGreen", "id_name": "object239225215070036", "shape": "CVBox", "id_string": "ob1108", "world_size": [0.11, 0.11, 0.11], "id": 1108, "camera_size": [45, 45], "camera_position": [256, 254], "world_position": [0.705, 0.6547388572526824, -0.15], "world_orientation": [1.0, -3.838362879530641e-17, 1.4813540171849057e-17, 3.838362879530641e-17, 1.0, 5.294293626938881e-18, -1.4813540171849057e-17, -5.294293626938881e-18, 1.0], "world_rotation": [-0.1276280613210114, 0.35710588544125776, 0.925303444577321, 4.1482206750932463e-17]}], "source": "action wait"}
{"timestamp": 1706069277.213832, "objects": [{"color": "cv_", "id_name": "hand", "shape": "CVCylinder", "id_string": "ob383", "world_size": [0.12, 0.005, 0.12], "id": 383, "camera_size": [51, 50], "camera_position": [246, 254], "world_position": [0.7038944892919098, 0.7202341170753619, -0.17410057287235695], "world_orientation": [-9.858133496666954e-06, 0.0015876254096075472, 0.9999987396733939, -0.0007624842296861757, -0.9999984490431426, 0.0015876174315145575, 0.999999709260266, -0.0007624676177627594, 1.1068657544966738e-05], "world_rotation": [0.0, 1.0, 0.0, 0.0]}, {"color": "CVGreen", "id_name": "object239225215070036", "shape": "CVBox", "id_string": "ob1108", "world_size": [0.11, 0.11, 0.11], "id": 1108, "camera_size": [45, 45], "camera_position": [256, 254], "world_position": [0.705, 0.6547388572526824, -0.15], "world_orientation": [1.0, -3.838362879530641e-17, 1.4813540171849057e-17, 3.838362879530641e-17, 1.0, 5.294293626938881e-18, -1.4813540171849057e-17, -5.294293626938881e-18, 1.0], "world_rotation": [-0.1276280613210114, 0.35710588544125776, 0.925303444577321, 4.1482206750932463e-17]}], "source": "action wait"}
{"timestamp": 1706069277.243651, "objects": [{"color": "cv_", "id_name": "hand", "shape": "CVCylinder", "id_string": "ob383", "world_size": [0.12, 0.005, 0.12], "id": 383, "camera_size": [51, 50], "camera_position": [246, 253], "world_position": [0.7052196144092279, 0.7195493387758741, -0.17410191792163413], "world_orientation": [-8.546906736678504e-06, 0.0006205688731286596, 0.9999998074105935, -0.0007625770119397652, -0.9999995166893272, 0.0006205621750405665, 0.9999997092015833, -0.0007625715611888337, 9.020134163205036e-06], "world_rotation": [0.0, 1.0, 0.0, 0.0]}, {"color": "CVGreen", "id_name": "object239225215070036", "shape": "CVBox", "id_string": "ob1108", "world_size": [0.11, 0.11, 0.11], "id": 1108, "camera_size": [45, 45], "camera_position": [256, 254], "world_position": [0.705, 0.6547388572526824, -0.15], "world_orientation": [1.0, -3.838362879530641e-17, 1.4813540171849057e-17, 3.838362879530641e-17, 1.0, 5.294293626938881e-18, -1.4813540171849057e-17, -5.294293626938881e-18, 1.0], "world_rotation": [-0.1276280613210114, 0.35710588544125776, 0.925303444577321, 4.1482206750932463e-17]}], "source": "action wait"}
{"timestamp": 1706069277.277962, "objects": [{"color": "cv_", "id_name": "hand", "shape": "CVCylinder", "id_string": "ob383", "world_size": [0.12, 0.005, 0.12], "id": 383, "camera_size": [51, 50], "camera_position": [246, 253], "world_position": [0.7061526076632403, 0.7190670652229681, -0.17410293055037604], "world_orientation": [-7.512811319022839e-06, -6.10733992521381e-05, 0.9999999981067987, -0.0007626757458686349, -0.9999997072974817, -6.107911133002646e-05, 0.99999970913459, -0.0007626762033009546, 7.466229920040962e-06], "world_rotation": [0.0, 1.0, 0.0, 0.0]}, {"color": "CVGreen", "id_name": "object239225215070036", "shape": "CVBox", "id_string": "ob1108", "world_size": [0.11, 0.11, 0.11], "id": 1108, "camera_size": [45, 45], "camera_position": [256, 254], "world_position": [0.705, 0.6547388572526824, -0.15], "world_orientation": [1.0, -3.838362879530641e-17, 1.4813540171849057e-17, 3.838362879530641e-17, 1.0, 5.294293626938881e-18, -1.4813540171849057e-17, -5.294293626938881e-18, 1.0], "world_rotation": [-0.1276280613210114, 0.35710588544125776, 0.925303444577321, 4.1482206750932463e-17]}], "source": "action wait"}
{"timestamp": 1706069277.319871, "objects": [{"color": "cv_", "id_name": "hand", "shape": "CVCylinder", "id_string": "ob383", "world_size": [0.12, 0.005, 0.12], "id": 383, "camera_size": [51, 50], "camera_position": [246, 253], "world_position": [0.7068096962696039, 0.7187277325234235, -0.17410368947045712], "world_orientation": [-6.7074238598782425e-06, -0.0005415516590769407, 0.9999998533383948, -0.0007627671980223243, -0.99999956245122, -0.0005415566177497847, 0.9999997090705639, -0.0007627707186037919, 6.294343083838695e-06], "world_rotation": [0.0, 1.0, 0.0, 0.0]}, {"color": "CVGreen", "id_name": "object239225215070036", "shape": "CVBox", "id_string": "ob1108", "world_size": [0.11, 0.11, 0.11], "id": 1108, "camera_size": [45, 45], "camera_position": [256, 254], "world_position": [0.705, 0.6547388572526824, -0.15], "world_orientation": [1.0, -3.838362879530641e-17, 1.4813540171849057e-17, 3.838362879530641e-17, 1.0, 5.294293626938881e-18, -1.4813540171849057e-17, -5.294293626938881e-18, 1.0], "world_rotation": [-0.1276280613210114, 0.35710588544125776, 0.925303444577321, 4.1482206750932463e-17]}], "source": "action wait"}
{"timestamp": 1706069277.352453, "objects": [{"color": "cv_", "id_name": "hand", "shape": "CVCylinder", "id_string": "ob383", "world_size": [0.12, 0.005, 0.12], "id": 383, "camera_size": [51, 51], "camera_position": [246, 253], "world_position": [0.7072725770946245, 0.7184891055885189, -0.17410425612072933], "world_orientation": [-6.086413631062468e-06, -0.0008802421370766877, 0.999999612568293, -0.00076284585552731, -0.9999993216158989, -0.0008802465239649234, 0.9999997090145358, -0.0007628509175214433, 5.414920436370705e-06], "world_rotation": [0.0, 1.0, 0.0, 0.0]}, {"color": "CVGreen", "id_name": "object239225215070036", "shape": "CVBox", "id_string": "ob1108", "world_size": [0.11, 0.11, 0.11], "id": 1108, "camera_size": [45, 45], "camera_position": [256, 254], "world_position": [0.705, 0.6547388572526824, -0.15], "world_orientation": [1.0, -3.838362879530641e-17, 1.4813540171849057e-17, 3.838362879530641e-17, 1.0, 5.294293626938881e-18, -1.4813540171849057e-17, -5.294293626938881e-18, 1.0], "world_rotation": [-0.1276280613210114, 0.35710588544125776, 0.925303444577321, 4.1482206750932463e-17]}], "source": "action wait"}
{"timestamp": 1706069277.384306, "objects": [{"color": "cv_", "id_name": "hand", "shape": "CVCylinder", "id_string": "ob383", "world_size": [0.12, 0.005, 0.12], "id": 383, "camera_size": [51, 50], "camera_position": [246, 252], "world_position": [0.7075987108902245, 0.7183213443773118, -0.17410467787327755], "world_orientation": [-5.611474573257613e-06, -0.0011189922061734755, 0.9999993739122811, -0.0007629104525303144, -0.9999990829071953, -0.001118996161595786, 0.9999997089680341, -0.0007629162541003262, 4.757778576988815e-06], "world_rotation": [0.0, 1.0, 0.0, 0.0]}, {"color": "CVGreen", "id_name": "object239225215070036", "shape": "CVBox", "id_string": "ob1108", "world_size": [0.11, 0.11, 0.11], "id": 1108, "camera_size": [45, 45], "camera_position": [256, 254], "world_position": [0.705, 0.6547388572526824, -0.15], "world_orientation": [1.0, -3.838362879530641e-17, 1.4813540171849057e-17, 3.838362879530641e-17, 1.0, 5.294293626938881e-18, -1.4813540171849057e-17, -5.294293626938881e-18, 1.0], "world_rotation": [-0.1276280613210114, 0.35710588544125776, 0.925303444577321, 4.1482206750932463e-17]}], "source": "action wait"}
{"timestamp": 1706069278.433426, "objects": [{"color": "cv_", "id_name": "hand", "shape": "CVCylinder", "id_string": "ob383", "world_size": [0.12, 0.005, 0.12], "id": 383, "camera_size": [50, 50], "camera_position": [245, 252], "world_position": [0.7083775233706252, 0.7179240099628352, -0.17410586779206114], "world_orientation": [-4.183207776631694e-06, -0.0016894707082566835, 0.9999985728345949, -0.0007631193889281809, -0.9999982816627236, -0.001689473408620828, 0.9999997088156071, -0.0007631253672492551, 2.893932734336576e-06], "world_rotation": [0.0, 1.0, 0.0, 0.0]}, {"color": "CVGreen", "id_name": "object239225215070036", "shape": "CVBox", "id_string": "ob1108", "world_size": [0.11, 0.11, 0.11], "id": 1108, "camera_size": [45, 45], "camera_position": [256, 254], "world_position": [0.705, 0.6547388572526824, -0.15], "world_orientation": [1.0, -3.838362879530641e-17, 1.4813540171849057e-17, 3.838362879530641e-17, 1.0, 5.294293626938881e-18, -1.4813540171849057e-17, -5.294293626938881e-18, 1.0], "world_rotation": [-0.1276280613210114, 0.35710588544125776, 0.925303444577321, 4.1482206750932463e-17]}], "source": "action wait"}
{"timestamp": 1706069278.462598, "objects": [{"color": "cv_", "id_name": "hand", "shape": "CVCylinder", "id_string": "ob383", "world_size": [0.12, 0.005, 0.12], "id": 383, "camera_size": [51, 51], "camera_position": [246, 252], "world_position": [0.7105137806149271, 0.7381241266921944, -0.17408907947719449], "world_orientation": [1.3037508037427483e-05, 0.02792482480259819, 0.9996100259550058, -0.0007434329533007909, -0.999609749530751, 0.027924826776782683, 0.9999997235686955, -0.0007435071038987212, 7.727814829925732e-06], "world_rotation": [0.0, 1.0, 0.0, 0.0]}, {"color": "CVGreen", "id_name": "object239225215070036", "shape": "CVBox", "id_string": "ob1108", "world_size": [0.11, 0.11, 0.11], "id": 1108, "camera_size": [46, 48], "camera_position": [252, 251], "world_position": [0.7099532559625832, 0.6778545150877157, -0.1586568502239677], "world_orientation": [0.9995708915394956, -0.02929219619321958, -5.395899688319122e-06, 0.029292196348706015, 0.9995708910553145, 3.1431727014770215e-05, 4.4728799450898935e-06, -3.157629714792808e-05, 0.9999999994914655], "world_rotation": [0.0010755080678248792, 0.00016845397481295518, -0.9999994074526516, -0.02929640419769089]}], "source": "action wait"}
{"timestamp": 1706069278.493542, "objects": [{"color": "cv_", "id_name": "hand", "shape": "CVCylinder", "id_string": "ob383", "world_size": [0.12, 0.005, 0.12], "id": 383, "camera_size": [53, 53], "camera_position": [245, 250], "world_position": [0.7134638055736015, 0.7867236912161333, -0.17410753736899456], "world_orientation": [6.942419279036958e-05, 0.0980707754247158, 0.9951794401955238, -0.0007263149133866886, -0.9951791751534524, 0.09807079997400249, 0.9999997338234287, -0.0007296221550346609, 2.140755841939752e-06], "world_rotation": [0.0, 1.0, 0.0, 0.0]}, {"color": "CVGreen", "id_name": "object239225215070036", "shape": "CVBox", "id_string": "ob1108", "world_size": [0.11, 0.11, 0.11], "id": 1108, "camera_size": [48, 53], "camera_position": [249, 248], "world_position": [0.7175354625779866, 0.7284003500549499, -0.16422980453224525], "world_orientation": [0.9950647921923778, -0.09922731138123476, -3.8976334354095e-06, 0.099227311448213, 0.9950647907831859, 5.297521870062763e-05, -1.378190722540862e-06, -5.310052667449213e-05, 0.9999999985892175], "world_rotation": [0.0005345087390825538, 1.2695306951498508e-05, -0.9999998570696084, -0.0993908843923035]}], "source": "action wait"}
{"timestamp": 1706069278.52604, "objects": [{"color": "cv_", "id_name": "hand", "shape": "CVCylinder", "id_string": "ob383", "world_size": [0.12, 0.005, 0.12], "id": 383, "camera_size": [56, 56], "camera_position": [244, 250], "world_position": [0.7118557362399215, 0.8565353972722263, -0.17411505251292736], "world_orientation": [0.0001442335363684184, 0.19734006775251509, 0.9803350839667626, -0.000716899345471658, -0.9803348218396886, 0.19734012046179225, 0.9999997326259721, -0.0007312646434805266, 7.580722848806489e-08], "world_rotation": [0.0, 1.0, 0.0, 0.0]}, {"color": "CVGreen", "id_name": "object239225215070036", "shape": "CVBox", "id_string": "ob1108", "world_size": [0.11, 0.11, 0.11], "id": 1108, "camera_size": [51, 60], "camera_position": [248, 245], "world_position": [0.7219278640541713, 0.7999503389881345, -0.16779241374991097], "world_orientation": [0.9801311976854531, -0.19835028425735707, -7.661924534909498e-06, 0.1983502843729148, 0.980131196095507, 5.594260072245909e-05, -3.586539496601201e-06, -5.635083315808603e-05, 0.9999999984058602], "world_rotation": [0.00028306848604587367, 1.0273201495246093e-05, -0.9999999598833459, -0.19967448333612003]}], "source": "action wait"}
{"timestamp": 1706069278.559445, "objects": [{"color": "cv_", "id_name": "hand", "shape": "CVCylinder", "id_string": "ob383", "world_size": [0.12, 0.005, 0.12], "id": 383, "camera_size": [59, 57], "camera_position": [244, 255], "world_position": [0.7027710360712491, 0.9259030396904125, -0.1741166875111829], "world_orientation": [0.00021925315801435224, 0.29467671243058424, 0.9555969794213225, -0.0007081190439221216, -0.9555967170555265, 0.29467679399660873, 0.9999997252476985, -0.0007412852371202364, -8.514061296590385e-07], "world_rotation": [0.0, 1.0, 0.0, 0.0]}, {"color": "CVGreen", "id_name": "object239225215070036", "shape": "CVBox", "id_string": "ob1108", "world_size": [0.11, 0.11, 0.11], "id": 1108, "camera_size": [54, 67], "camera_position": [246, 247], "world_position": [0.7185794896331388, 0.8712812583499029, -0.17006956665731843], "world_orientation": [0.9553177084474281, -0.2955809124780342, -1.0266810793448386e-05, 0.29558091262120345, 0.9553177072220179, 4.8601267760536844e-05, -4.557540924569377e-06, -4.946432504867262e-05, 0.9999999987662547], "world_rotation": [0.0001658862045749961, 9.657710541609883e-06, -0.9999999861942478, -0.30006354888193987]}], "source": "action wait"}
{"timestamp": 1706069278.594946, "objects": [{"color": "cv_", "id_name": "hand", "shape": "CVCylinder", "id_string": "ob383", "world_size": [0.12, 0.005, 0.12], "id": 383, "camera_size": [63, 59], "camera_position": [243, 263], "world_position": [0.6864956234655567, 0.9939204599836908, -0.17411700691395318], "world_orientation": [0.0002931300884121422, 0.38903432574241653, 0.9212232126194467, -0.0006883527434514257, -0.9212229554480483, 0.38903443616994116, 0.9999997201225869, -0.0007481642244077832, -2.245320955722037e-06], "world_rotation": [0.0, 1.0, 0.0, 0.0]}, {"color": "CVGreen", "id_name": "object239225215070036", "shape": "CVBox", "id_string": "ob1108", "world_size": [0.11, 0.11, 0.11], "id": 1108, "camera_size": [57, 75], "camera_position": [245, 252], "world_position": [0.7077736140380521, 0.941586903397619, -0.17152608924723745], "world_orientation": [0.9208757025462846, -0.3898563072700761, -1.1900708074188236e-05, 0.38985630740623894, 0.9208757015435572, 4.3384717314587005e-05, -5.954732787537855e-06, -4.459149814216491e-05, 0.9999999989880699], "world_rotation": [0.0001128315910737247, 7.6258548812845e-06, -0.9999999936054392, -0.4004755511036541]}], "source": "action wait"}
{"timestamp": 1706069278.629385, "objects": [{"color": "cv_", "id_name": "hand", "shape": "CVCylinder", "id_string": "ob383", "world_size": [0.12, 0.005, 0.12], "id": 383, "camera_size": [66, 60], "camera_position": [242, 276], "world_position": [0.6633026773567375, 1.0599059906203792, -0.17411697543828664], "world_orientation": [0.0003646461877603562, 0.4794647277226889, 0.8775610758818816, -0.0006589634786160633, -0.8775608284822755, 0.4794648663673245, 0.9999997164001057, -0.000753115734947191, -4.049465779528137e-06], "world_rotation": [0.0, 1.0, 0.0, 0.0]}, {"color": "CVGreen", "id_name": "object239225215070036", "shape": "CVBox", "id_string": "ob1108", "world_size": [0.11, 0.11, 0.11], "id": 1108, "camera_size": [61, 83], "camera_position": [244, 262], "world_position": [0.6897669771419112, 1.0102437413208627, -0.1724579593062336], "world_orientation": [0.8771494762006566, -0.48021744682545786, -1.285894859919826e-05, 0.48021744693517, 0.8771494753402599, 3.96153301388315e-05, -7.744752677203158e-06, -4.09236575473697e-05, 0.9999999991326367], "world_rotation": [8.385679021566125e-05, 5.3248751551667505e-06, -0.9999999964698422, -0.5009025992582234]}], "source": "action wait"}
{"timestamp": 1706069278.662696, "objects": [{"color": "cv_", "id_name": "hand", "shape": "CVCylinder", "id_string": "ob383", "world_size": [0.12, 0.005, 0.12], "id": 383, "camera_size": [71, 61], "camera_position": [242, 292], "world_position": [0.6384833419831379, 1.1125810798392255, -0.17411581194503412], "world_orientation": [0.00042815070434388354, 0.5509295282610611, 0.8345516590223873, -0.0006377403177733598, -0.8345514153722784, 0.5509296945957934, 0.9999997049870872, -0.0007681081770084671, -5.963803878376807e-06], "world_rotation": [0.0, 1.0, 0.0, 0.0]}, {"color": "CVGreen", "id_name": "object239225215070036", "shape": "CVBox", "id_string": "ob1108", "world_size": [0.11, 0.11, 0.11], "id": 1108, "camera_size": [64, 89], "camera_position": [242, 274], "world_position": [0.6689799037954853, 1.0655798820048112, -0.17305380190314001], "world_orientation": [0.8340909627115396, -0.5516269263530161, -6.7276468455187045e-06, 0.5516269263100387, 0.834090962309649, 2.7624316361756116e-05, -9.626847295780682e-06, -2.6752343779118197e-05, 0.9999999995958181], "world_rotation": [-4.9287532459899045e-05, 2.627863423936718e-06, 0.9999999987819166, 0.584313521695609]}], "source": "action wait"}
{"timestamp": 1706069278.697148, "objects": [{"color": "cv_", "id_name": "hand", "shape": "CVCylinder", "id_string": "ob383", "world_size": [0.12, 0.005, 0.12], "id": 383, "camera_size": [73, 62], "camera_position": [241, 305], "world_position": [0.6179111736126849, 1.148135113064853, -0.17411623443399318], "world_orientation": [0.00047336606886919097, 0.5990825350966787, 0.8006871374430222, -0.0006166554136272082, -0.8006869000394479, 0.5990827220353802, 0.9999996978302873, -0.0007773334909833388, -9.590521789352765e-06], "world_rotation": [0.0, 1.0, 0.0, 0.0]}, {"color": "CVGreen", "id_name": "object239225215070036", "shape": "CVBox", "id_string": "ob1108", "world_size": [0.11, 0.11, 0.11], "id": 1108, "camera_size": [67, 94], "camera_position": [242, 285], "world_position": [0.6510620038467632, 1.1032975928795226, -0.17343624570690042], "world_orientation": [0.8001946979635736, -0.5997403149288251, -2.428474488963978e-07, 0.5997403147830551, 0.8001946977600221, 2.2375638868387197e-05, -1.322524746068875e-05, -1.8050512991476482e-05, 0.9999999997496359], "world_rotation": [-3.370304682973196e-05, 1.082335110886871e-05, 0.9999999993734798, 0.6431765423309681]}], "source": "action wait"}
{"timestamp": 1706069278.728703, "objects": [{"color": "cv_", "id_name": "hand", "shape": "CVCylinder", "id_string": "ob383", "world_size": [0.12, 0.005, 0.12], "id": 383, "camera_size": [75, 63], "camera_position": [241, 316], "world_position": [0.6019975889291688, 1.1722957022024068, -0.17411763544383954], "world_orientation": [0.0005036809914523742, 0.6318061736241419, 0.77512625118485, -0.0005964698016610955, -0.7751260218078145, 0.6318063742478132, 0.999999695264571, -0.0007805682622936638, -1.3562940094323527e-05], "world_rotation": [0.0, 1.0, 0.0, 0.0]}, {"color": "CVGreen", "id_name": "object239225215070036", "shape": "CVBox", "id_string": "ob1108", "world_size": [0.11, 0.11, 0.11], "id": 1108, "camera_size": [68, 96], "camera_position": [241, 295], "world_position": [0.6369180405681367, 1.1291081592377823, -0.17368197032545585], "world_orientation": [0.7746126679302842, -0.6324359372047489, 3.725355224048027e-06, 0.6324359369824272, 0.7746126677911015, 2.259893769811969e-05, -1.717808769151141e-05, -1.5149374901017572e-05, 0.9999999997377049], "world_rotation": [-2.9843586016512533e-05, 1.6526134646506436e-05, 0.9999999994181237, 0.6846939067797264]}], "source": "action wait"}
{"timestamp": 1706069278.756464, "objects": [{"color": "cv_", "id_name": "hand", "shape": "CVCylinder", "id_string": "ob383", "world_size": [0.12, 0.005, 0.12], "id": 383, "camera_size": [76, 63], "camera_position": [240, 324], "world_position": [0.5901271977117916, 1.1888544874634042, -0.17411916954769413], "world_orientation": [0.0005234855564591535, 0.6542332453954507, 0.7562926593470336, -0.0005794679080187698, -0.7562924375408134, 0.6542334546135029, 0.9999996950898614, -0.000780729089204356, -1.6800997445740395e-05], "world_rotation": [0.0, 1.0, 0.0, 0.0]}, {"color": "CVGreen", "id_name": "object239225215070036", "shape": "CVBox", "id_string": "ob1108", "world_size": [0.11, 0.11, 0.11], "id": 1108, "camera_size": [69, 98], "camera_position": [241, 302], "world_position": [0.6262435234419846, 1.1468831260331473, -0.1738397530147874], "world_orientation": [0.7557646615267637, -0.654843321991958, 5.465645237385355e-06, 0.6548433216969035, 0.7557646613936458, 2.484982807151011e-05, -2.0403485487407028e-05, -1.5201480618996826e-05, 0.9999999996763065], "world_rotation": [-3.058083310001374e-05, 1.9752152801059952e-05, 0.9999999993373326, 0.7139752916541718]}], "source": "action wait"}
{"timestamp": 1706069278.789435, "objects": [{"color": "cv_", "id_name": "hand", "shape": "CVCylinder", "id_string": "ob383", "world_size": [0.12, 0.005, 0.12], "id": 383, "camera_size": [78, 64], "camera_position": [240, 330], "world_position": [0.5814602758719386, 1.2002878972849191, -0.1741204993465701], "world_orientation": [0.0005363407022585489, 0.6697136389479545, 0.7426192524744696, -0.0005659297619102246, -0.7426190370850939, 0.6697138534346688, 0.9999996960310317, -0.0007794651352062786, -1.9285935622424414e-05], "world_rotation": [0.0, 1.0, 0.0, 0.0]}, {"color": "CVGreen", "id_name": "object239225215070036", "shape": "CVBox", "id_string": "ob1108", "world_size": [0.11, 0.11, 0.11], "id": 1108, "camera_size": [70, 100], "camera_position": [240, 308], "world_position": [0.6183944437572445, 1.1591953246949678, -0.1739409979736245], "world_orientation": [0.7420812631627355, -0.6703099274429418, 5.851244615969709e-06, 0.6703099270779711, 0.7420812630001064, 2.765668696079674e-05, -2.288065082474519e-05, -1.660136184291837e-05, 0.9999999996004354], "world_rotation": [-3.301312345940844e-05, 2.143179912006229e-05, 0.9999999992254057, 0.7346263554011806]}], "source": "action wait"}
{"timestamp": 1706069278.827121, "objects": [{"color": "cv_", "id_name": "hand", "shape": "CVCylinder", "id_string": "ob383", "world_size": [0.12, 0.005, 0.12], "id": 383, "camera_size": [78, 64], "camera_position": [240, 335], "world_position": [0.5752156614824148, 1.208229656839677, -0.1741215359882727], "world_orientation": [0.000544622563713209, 0.6804597044377274, 0.7327852987217907, -0.0005555250022516781, -0.7327850884530036, 0.6804599220622003, 0.9999996973890718, -0.0007776743819800495, -2.107891468362737e-05], "world_rotation": [0.0, 1.0, 0.0, 0.0]}, {"color": "CVGreen", "id_name": "object239225215070036", "shape": "CVBox", "id_string": "ob1108", "world_size": [0.11, 0.11, 0.11], "id": 1108, "camera_size": [72, 101], "camera_position": [240, 312], "world_position": [0.6127145602978077, 1.1677644091554782, -0.1740059205784911], "world_orientation": [0.7322403054040958, -0.6810463531300205, 5.47868849406166e-06, 0.6810463527052711, 0.7322403051914231, 3.033181493617428e-05, -2.466908848103663e-05, -1.8478936615835737e-05, 0.9999999995249826], "world_rotation": [-3.583511702221548e-05, 2.2133425147349772e-05, 0.9999999991129779, 0.7491906623902352]}], "source": "action wait"}
