{"timestamp": 1706069309.505625, "objects": [{"color": "cv_", "id_name": "hand", "shape": "CVCylinder", "id_string": "ob383", "world_size": [0.12, 0.005, 0.12], "id": 383, "camera_size": [48, 50], "camera_position": [246, 426], "world_position": [0.2676445155579772, 0.6334703012687554, -0.17389260400876508], "world_orientation": [-0.0006415488691910988, 0.19791547470500326, 0.9802188802952848, -0.000747367062110727, -0.9802189031575591, 0.19791499017271635, 0.9999995149286438, -0.0006056111666507616, 0.0007767738357574285], "world_rotation": [0.0, 1.0, 0.0, 0.0]}, {"color": "CVPurple", "id_name": "object141601757225740", "shape": "CVSphere", "id_string": "ob1136", "world_size": [0.11, 0.11, 0.11], "id": 1136, "camera_size": [45, 45], "camera_position": [256, 254], "world_position": [0.705, 0.6547388572526824, -0.15], "world_orientation": [1.0, -3.838362879530641e-17, 1.4813540171849057e-17, 3.838362879530641e-17, 1.0, 5.294293626938881e-18, -1.4813540171849057e-17, -5.294293626938881e-18, 1.0], "world_rotation": [-0.1276280613210114, 0.35710588544125776, 0.925303444577321, 4.1482206750932463e-17]}], "source": "action wait"}
{"timestamp": 1706069309.539119, "objects": [{"color": "cv_", "id_name": "hand", "shape": "CVCylinder", "id_string": "ob383", "world_size": [0.12, 0.005, 0.12], "id": 383, "camera_size": [49, 51], "camera_position": [246, 421], "world_position": [0.29105897958046795, 0.6677188309135346, -0.17395612145606965], "world_orientation": [-0.00038317685733328763, 0.19771724202135632, 0.9802590195366552, -0.0007153104685277184, -0.9802588949078985, 0.19771693727366701, 0.9999996707531608, -0.0006254289838774785, 0.0005170417357505436], "world_rotation": [0.0, 1.0, 0.0, 0.0]}, {"color": "CVPurple", "id_name": "object141601757225740", "shape": "CVSphere", "id_string": "ob1136", "world_size": [0.11, 0.11, 0.11], "id": 1136, "camera_size": [45, 45], "camera_position": [256, 254], "world_position": [0.705, 0.6547388572526824, -0.15], "world_orientation": [1.0, -3.838362879530641e-17, 1.4813540171849057e-17, 3.838362879530641e-17, 1.0, 5.294293626938881e-18, -1.4813540171849057e-17, -5.294293626938881e-18, 1.0], "world_rotation": [-0.1276280613210114, 0.35710588544125776, 0.925303444577321, 4.1482206750932463e-17]}], "source": "action wait"}
{"timestamp": 1706069309.564875, "objects": [{"color": "cv_", "id_name": "hand", "shape": "CVCylinder", "id_string": "ob383", "world_size": [0.12, 0.005, 0.12], "id": 383, "camera_size": [51, 52], "camera_position": [246, 406], "world_position": [0.3370686960516418, 0.705683625746527, -0.1739839440433789], "world_orientation": [-0.0002238857298081168, 0.18575699178210395, 0.9825956899352059, -0.0007317076268918996, -0.9825954819529487, 0.1857567857430828, 0.9999997072395216, -0.000677384466934091, 0.000355908914219081], "world_rotation": [0.0, 1.0, 0.0, 0.0]}, {"color": "CVPurple", "id_name": "object141601757225740", "shape": "CVSphere", "id_string": "ob1136", "world_size": [0.11, 0.11, 0.11], "id": 1136, "camera_size": [45, 45], "camera_position": [256, 254], "world_position": [0.705, 0.6547388572526824, -0.15], "world_orientation": [1.0, -3.838362879530641e-17, 1.4813540171849057e-17, 3.838362879530641e-17, 1.0, 5.294293626938881e-18, -1.4813540171849057e-17, -5.294293626938881e-18, 1.0], "world_rotation": [-0.1276280613210114, 0.35710588544125776, 0.925303444577321, 4.1482206750932463e-17]}], "source": "action wait"}
{"timestamp": 1706069309.593957, "objects": [{"color": "cv_", "id_name": "hand", "shape": "CVCylinder", "id_string": "ob383", "world_size": [0.12, 0.005, 0.12], "id": 383, "camera_size": [51, 52], "camera_position": [246, 388], "world_position": [0.3876121421797592, 0.7388551759004038, -0.17400446342836054], "world_orientation": [-0.00012057244008197979, 0.17723631396991268, 0.9841683161292306, -0.0007429444642296705, -0.9841680675455926, 0.17723617818351123, 0.9999997167478649, -0.0007098126038643495, 0.0002503402836795803], "world_rotation": [0.0, 1.0, 0.0, 0.0]}, {"color": "CVPurple", "id_name": "object141601757225740", "shape": "CVSphere", "id_string": "ob1136", "world_size": [0.11, 0.11, 0.11], "id": 1136, "camera_size": [45, 45], "camera_position": [256, 254], "world_position": [0.705, 0.6547388572526824, -0.15], "world_orientation": [1.0, -3.838362879530641e-17, 1.4813540171849057e-17, 3.838362879530641e-17, 1.0, 5.294293626938881e-18, -1.4813540171849057e-17, -5.294293626938881e-18, 1.0], "world_rotation": [-0.1276280613210114, 0.35710588544125776, 0.925303444577321, 4.1482206750932463e-17]}], "source": "action wait"}
{"timestamp": 1706069309.658826, "objects": [{"color": "cv_", "id_name": "hand", "shape": "CVCylinder", "id_string": "ob383", "world_size": [0.12, 0.005, 0.12], "id": 383, "camera_size": [52, 53], "camera_position": [245, 344], "world_position": [0.4989659006599674, 0.7800539894746565, -0.17403811284906281], "world_orientation": [-5.5808972540449866e-06, 0.15386382733363022, 0.9880920618075525, -0.0007645752406647469, -0.9880917736723315, 0.15386377814731914, 0.9999997076967349, -0.0007546120280187885, 0.0001231549114800576], "world_rotation": [0.0, 1.0, 0.0, 0.0]}, {"color": "CVPurple", "id_name": "object141601757225740", "shape": "CVSphere", "id_string": "ob1136", "world_size": [0.11, 0.11, 0.11], "id": 1136, "camera_size": [45, 45], "camera_position": [256, 254], "world_position": [0.705, 0.6547388572526824, -0.15], "world_orientation": [1.0, -3.838362879530641e-17, 1.4813540171849057e-17, 3.838362879530641e-17, 1.0, 5.294293626938881e-18, -1.4813540171849057e-17, -5.294293626938881e-18, 1.0], "world_rotation": [-0.1276280613210114, 0.35710588544125776, 0.925303444577321, 4.1482206750932463e-17]}], "source": "action wait"}
{"timestamp": 1706069309.692856, "objects": [{"color": "cv_", "id_name": "hand", "shape": "CVCylinder", "id_string": "ob383", "world_size": [0.12, 0.005, 0.12], "id": 383, "camera_size": [52, 53], "camera_position": [245, 318], "world_position": [0.5575278257846485, 0.770454905966235, -0.1740499439772592], "world_orientation": [-2.2454260390424236e-07, 0.11377293131723912, 0.9935067790908286, -0.0007769808985269671, -0.993506479220976, 0.11377289680158431, 0.999999698150271, -0.0007719102430484832, 8.862247893515856e-05], "world_rotation": [0.0, 1.0, 0.0, 0.0]}, {"color": "CVPurple", "id_name": "object141601757225740", "shape": "CVSphere", "id_string": "ob1136", "world_size": [0.11, 0.11, 0.11], "id": 1136, "camera_size": [45, 45], "camera_position": [256, 254], "world_position": [0.705, 0.6547388572526824, -0.15], "world_orientation": [1.0, -3.838362879530641e-17, 1.4813540171849057e-17, 3.838362879530641e-17, 1.0, 5.294293626938881e-18, -1.4813540171849057e-17, -5.294293626938881e-18, 1.0], "world_rotation": [-0.1276280613210114, 0.35710588544125776, 0.925303444577321, 4.1482206750932463e-17]}], "source": "action wait"}
{"timestamp": 1706069309.731557, "objects": [{"color": "cv_", "id_name": "hand", "shape": "CVCylinder", "id_string": "ob383", "world_size": [0.12, 0.005, 0.12], "id": 383, "camera_size": [52, 52], "camera_position": [245, 297], "world_position": [0.602650994861332, 0.7561453908842652, -0.17405562091915786], "world_orientation": [-1.5128551592108142e-05, 0.07978708851736588, 0.9968119282377439, -0.0007750709232728473, -0.9968116298774551, 0.07978705287272932, 0.9999996995180503, -0.0007713928790032091, 7.692096853301373e-05], "world_rotation": [0.0, 1.0, 0.0, 0.0]}, {"color": "CVPurple", "id_name": "object141601757225740", "shape": "CVSphere", "id_string": "ob1136", "world_size": [0.11, 0.11, 0.11], "id": 1136, "camera_size": [45, 45], "camera_position": [256, 254], "world_position": [0.705, 0.6547388572526824, -0.15], "world_orientation": [1.0, -3.838362879530641e-17, 1.4813540171849057e-17, 3.838362879530641e-17, 1.0, 5.294293626938881e-18, -1.4813540171849057e-17, -5.294293626938881e-18, 1.0], "world_rotation": [-0.1276280613210114, 0.35710588544125776, 0.925303444577321, 4.1482206750932463e-17]}], "source": "action wait"}
{"timestamp": 1706069309.770428, "objects": [{"color": "cv_", "id_name": "hand", "shape": "CVCylinder", "id_string": "ob383", "world_size": [0.12, 0.005, 0.12], "id": 383, "camera_size": [51, 51], "camera_position": [246, 284], "world_position": [0.6342852149340154, 0.7436099922307808, -0.17406333801299256], "world_orientation": [-2.1794493078737774e-05, 0.05576869512286815, 0.9984437150732597, -0.0007711669677417191, -0.9984434193611751, 0.05576866177229532, 0.9999997024132098, -0.000768751362501115, 6.476754370597718e-05], "world_rotation": [0.0, 1.0, 0.0, 0.0]}, {"color": "CVPurple", "id_name": "object141601757225740", "shape": "CVSphere", "id_string": "ob1136", "world_size": [0.11, 0.11, 0.11], "id": 1136, "camera_size": [45, 45], "camera_position": [256, 254], "world_position": [0.705, 0.6547388572526824, -0.15], "world_orientation": [1.0, -3.838362879530641e-17, 1.4813540171849057e-17, 3.838362879530641e-17, 1.0, 5.294293626938881e-18, -1.4813540171849057e-17, -5.294293626938881e-18, 1.0], "world_rotation": [-0.1276280613210114, 0.35710588544125776, 0.925303444577321, 4.1482206750932463e-17]}], "source": "action wait"}
{"timestamp": 1706069309.804968, "objects": [{"color": "cv_", "id_name": "hand", "shape": "CVCylinder", "id_string": "ob383", "world_size": [0.12, 0.005, 0.12], "id": 383, "camera_size": [51, 50], "camera_position": [246, 274], "world_position": [0.6564036606908921, 0.733589843342147, -0.17407122959406715], "world_orientation": [-2.3439025462702487e-05, 0.03881897542465288, 0.9992462592362267, -0.0007676805704454108, -0.9992459657645396, 0.03881894601653251, 0.9999997050585335, -0.0007661920600421006, 5.3221924833539955e-05], "world_rotation": [0.0, 1.0, 0.0, 0.0]}, {"color": "CVPurple", "id_name": "object141601757225740", "shape": "CVSphere", "id_string": "ob1136", "world_size": [0.11, 0.11, 0.11], "id": 1136, "camera_size": [45, 45], "camera_position": [256, 254], "world_position": [0.705, 0.6547388572526824, -0.15], "world_orientation": [1.0, -3.838362879530641e-17, 1.4813540171849057e-17, 3.838362879530641e-17, 1.0, 5.294293626938881e-18, -1.4813540171849057e-17, -5.294293626938881e-18, 1.0], "world_rotation": [-0.1276280613210114, 0.35710588544125776, 0.925303444577321, 4.1482206750932463e-17]}], "source": "action wait"}
{"timestamp": 1706069309.83603, "objects": [{"color": "cv_", "id_name": "hand", "shape": "CVCylinder", "id_string": "ob383", "world_size": [0.12, 0.005, 0.12], "id": 383, "camera_size": [51, 51], "camera_position": [246, 268], "world_position": [0.6718706216353919, 0.7259618130881498, -0.1740783409754209], "world_orientation": [-2.2468454112360802e-05, 0.026865571893351817, 0.9996390551304065, -0.0007651943126573292, -0.9996387631890833, 0.0268655468484084, 0.9999997069863733, -0.0007643144923897091, 4.3017720499104374e-05], "world_rotation": [0.0, 1.0, 0.0, 0.0]}, {"color": "CVPurple", "id_name": "object141601757225740", "shape": "CVSphere", "id_string": "ob1136", "world_size": [0.11, 0.11, 0.11], "id": 1136, "camera_size": [45, 45], "camera_position": [256, 254], "world_position": [0.705, 0.6547388572526824, -0.15], "world_orientation": [1.0, -3.838362879530641e-17, 1.4813540171849057e-17, 3.838362879530641e-17, 1.0, 5.294293626938881e-18, -1.4813540171849057e-17, -5.294293626938881e-18, 1.0], "world_rotation": [-0.1276280613210114, 0.35710588544125776, 0.925303444577321, 4.1482206750932463e-17]}], "source": "action wait"}
{"timestamp": 1706069309.858065, "objects": [{"color": "cv_", "id_name": "hand", "shape": "CVCylinder", "id_string": "ob383", "world_size": [0.12, 0.005, 0.12], "id": 383, "camera_size": [51, 50], "camera_position": [246, 263], "world_position": [0.6826977040825276, 0.7203196055996987, -0.17408434698389777], "world_orientation": [-2.0317165223674652e-05, 0.01843842540273951, 0.9998299975775286, -0.0007636427936327807, -0.9998297065443278, 0.018438404517938652, 0.9999997082184057, -0.0007631383563972618, 3.4394076028507806e-05], "world_rotation": [0.0, 1.0, 0.0, 0.0]}, {"color": "CVPurple", "id_name": "object141601757225740", "shape": "CVSphere", "id_string": "ob1136", "world_size": [0.11, 0.11, 0.11], "id": 1136, "camera_size": [45, 45], "camera_position": [256, 254], "world_position": [0.705, 0.6547388572526824, -0.15], "world_orientation": [1.0, -3.838362879530641e-17, 1.4813540171849057e-17, 3.838362879530641e-17, 1.0, 5.294293626938881e-18, -1.4813540171849057e-17, -5.294293626938881e-18, 1.0], "world_rotation": [-0.1276280613210114, 0.35710588544125776, 0.925303444577321, 4.1482206750932463e-17]}], "source": "action wait"}
{"timestamp": 1706069309.88943, "objects": [{"color": "cv_", "id_name": "hand", "shape": "CVCylinder", "id_string": "ob383", "world_size": [0.12, 0.005, 0.12], "id": 383, "camera_size": [50, 51], "camera_position": [245, 260], "world_position": [0.6902863559448644, 0.7162205010224053, -0.17408922737393895], "world_orientation": [-1.779363168749318e-05, 0.012498165271622213, 0.9999218947238979, -0.0007627859567618677, -0.9999216041532987, 0.012498148065946948, 0.9999997089204432, -0.0007625039917109868, 2.7325661695522258e-05], "world_rotation": [0.0, 1.0, 0.0, 0.0]}, {"color": "CVPurple", "id_name": "object141601757225740", "shape": "CVSphere", "id_string": "ob1136", "world_size": [0.11, 0.11, 0.11], "id": 1136, "camera_size": [45, 45], "camera_position": [256, 254], "world_position": [0.705, 0.6547388572526824, -0.15], "world_orientation": [1.0, -3.838362879530641e-17, 1.4813540171849057e-17, 3.838362879530641e-17, 1.0, 5.294293626938881e-18, -1.4813540171849057e-17, -5.294293626938881e-18, 1.0], "world_rotation": [-0.1276280613210114, 0.35710588544125776, 0.925303444577321, 4.1482206750932463e-17]}], "source": "action wait"}
{"timestamp": 1706069309.921615, "objects": [{"color": "cv_", "id_name": "hand", "shape": "CVCylinder", "id_string": "ob383", "world_size": [0.12, 0.005, 0.12], "id": 383, "camera_size": [50, 50], "camera_position": [245, 257], "world_position": [0.6956114594422909, 0.713276718357353, -0.17409309489201433], "world_orientation": [-1.5323303696894803e-05, 0.008311143996782816, 0.9999654617288846, -0.0007623864437669893, -0.9999651713368256, 0.008311129900527103, 0.9999997092660112, -0.0007622327582901335, 2.165907352242146e-05], "world_rotation": [0.0, 1.0, 0.0, 0.0]}, {"color": "CVPurple", "id_name": "object141601757225740", "shape": "CVSphere", "id_string": "ob1136", "world_size": [0.11, 0.11, 0.11], "id": 1136, "camera_size": [45, 45], "camera_position": [256, 254], "world_position": [0.705, 0.6547388572526824, -0.15], "world_orientation": [1.0, -3.838362879530641e-17, 1.4813540171849057e-17, 3.838362879530641e-17, 1.0, 5.294293626938881e-18, -1.4813540171849057e-17, -5.294293626938881e-18, 1.0], "world_rotation": [-0.1276280613210114, 0.35710588544125776, 0.925303444577321, 4.1482206750932463e-17]}], "source": "action wait"}
{"timestamp": 1706069309.957461, "objects": [{"color": "cv_", "id_name": "hand", "shape": "CVCylinder", "id_string": "ob383", "world_size": [0.12, 0.005, 0.12], "id": 383, "camera_size": [49, 50], "camera_position": [246, 256], "world_position": [0.6992510134984822, 0.711329983472598, -0.1741093184412766], "world_orientation": [-5.546971655010603e-06, 0.0054069894557490705, 0.9999853821102869, -0.000768193910108048, -0.9999850870920391, 0.005406983599353422, 0.9999997049236302, -0.0007681526883497862, 9.700505305822111e-06], "world_rotation": [0.0, 1.0, 0.0, 0.0]}, {"color": "CVPurple", "id_name": "object141601757225740", "shape": "CVSphere", "id_string": "ob1136", "world_size": [0.11, 0.11, 0.11], "id": 1136, "camera_size": [45, 46], "camera_position": [256, 253], "world_position": [0.7051883537609831, 0.6542556678970768, -0.15000707145103304], "world_orientation": [0.9999944658455389, 0.0033269020369060607, 1.0642711317416552e-06, -0.003326902151849388, 0.9999944563801678, 0.0001375899875377167, -6.065168220302307e-07, -0.00013759276681939167, 0.9999999905339313], "world_rotation": [-0.041321881517471334, 0.0002508881853002531, -0.9991458547994755, 0.003329752334060293]}], "source": "action wait"}
{"timestamp": 1706069309.993052, "objects": [{"color": "cv_", "id_name": "hand", "shape": "CVCylinder", "id_string": "ob383", "world_size": [0.12, 0.005, 0.12], "id": 383, "camera_size": [49, 50], "camera_position": [246, 255], "world_position": [0.7016821607629824, 0.7100698301497028, -0.17413098768038093], "world_orientation": [1.0412950999785114e-05, 0.0034038511787177475, 0.9999942068275813, -0.0007768421702226162, -0.9999939051140851, 0.00340385824099066, 0.9999996982038611, -0.0007768731140514179, -7.768632396879086e-06], "world_rotation": [0.0, 1.0, 0.0, 0.0]}, {"color": "CVPurple", "id_name": "object141601757225740", "shape": "CVSphere", "id_string": "ob1136", "world_size": [0.11, 0.11, 0.11], "id": 1136, "camera_size": [45, 46], "camera_position": [256, 253], "world_position": [0.7057583532435497, 0.6538456698685585, -0.15001761266024974], "world_orientation": [0.9999087631782597, 0.013507969839164767, 8.375387330801839e-06, -0.013507971905222807, 0.9999087054724, 0.00033972859370965134, -3.785579106437792e-06, -0.00033981073244926683, 0.9999999422571663], "world_rotation": [-0.025145315972327408, 0.00044999800868293876, -0.9996837052720444, 0.013512655937062362]}], "source": "action wait"}
{"timestamp": 1706069310.026704, "objects": [{"color": "cv_", "id_name": "hand", "shape": "CVCylinder", "id_string": "ob383", "world_size": [0.12, 0.005, 0.12], "id": 383, "camera_size": [49, 50], "camera_position": [246, 254], "world_position": [0.7033830652268277, 0.7091650178116066, -0.1741455815698452], "world_orientation": [2.1423356699506535e-05, 0.0019908797566258393, 0.9999980179674531, -0.0007822416729072972, -0.9999977122131111, 0.0019908959061804613, 0.9999996938194557, -0.0007822827741523556, -1.9865958575686845e-05], "world_rotation": [0.0, 1.0, 0.0, 0.0]}, {"color": "CVPurple", "id_name": "object141601757225740", "shape": "CVSphere", "id_string": "ob1136", "world_size": [0.11, 0.11, 0.11], "id": 1136, "camera_size": [45, 47], "camera_position": [256, 253], "world_position": [0.7063952571320444, 0.6533276178275127, -0.15002479627739343], "world_orientation": [0.9996939949360044, 0.02473693903060559, 1.8338169372492678e-05, -0.024736944999894487, 0.9996938785835292, 0.000482363651358302, -6.4003554318787335e-06, -0.0004826696759254648, 0.9999998834945031], "world_rotation": [-0.019502201812507967, 0.0004999368308206831, -0.9998096889846735, 0.024744175583424188]}], "source": "action wait"}
{"timestamp": 1706069310.065604, "objects": [{"color": "cv_", "id_name": "hand", "shape": "CVCylinder", "id_string": "ob383", "world_size": [0.12, 0.005, 0.12], "id": 383, "camera_size": [49, 50], "camera_position": [246, 254], "world_position": [0.7045842559677451, 0.708525229557907, -0.17415614398868456], "world_orientation": [2.892568656322866e-05, 0.0009955784577210856, 0.9999995039932966, -0.0007860037404339916, -0.9999991954881741, 0.0009956008862893472, 0.9999996906806645, -0.000786032149010402, -2.8143134900145712e-05], "world_rotation": [0.0, 1.0, 0.0, 0.0]}, {"color": "CVPurple", "id_name": "object141601757225740", "shape": "CVSphere", "id_string": "ob1136", "world_size": [0.11, 0.11, 0.11], "id": 1136, "camera_size": [45, 47], "camera_position": [256, 253], "world_position": [0.7068678675798281, 0.6529378960472837, -0.15003000652807622], "world_orientation": [0.999457284466001, 0.03294140026277675, 2.6011049639678204e-05, -0.032941409875719856, 0.9994571106072023, 0.0005895524594831586, -6.576244972994331e-06, -0.000590089340852768, 0.9999998258756463], "world_rotation": [-0.017902281425731414, 0.0004945458179704668, -0.9998396190110629, 0.03295265252431127]}], "source": "action wait"}
{"timestamp": 1706069310.098029, "objects": [{"color": "cv_", "id_name": "hand", "shape": "CVCylinder", "id_string": "ob383", "world_size": [0.12, 0.005, 0.12], "id": 383, "camera_size": [49, 50], "camera_position": [246, 253], "world_position": [0.7054446114154805, 0.70807143686784, -0.17416150091778393], "world_orientation": [3.253269667130107e-05, 0.00029348811872124204, 0.999999956403173, -0.0007885399145223674, -0.9999996460271986, 0.0002935136809609267, 0.999999688573165, -0.0007885494289364397, -3.230125805919854e-05], "world_rotation": [0.0, 1.0, 0.0, 0.0]}, {"color": "CVPurple", "id_name": "object141601757225740", "shape": "CVSphere", "id_string": "ob1136", "world_size": [0.11, 0.11, 0.11], "id": 1136, "camera_size": [45, 47], "camera_position": [256, 253], "world_position": [0.7071362013609226, 0.6526778976990016, -0.15003266896850856], "world_orientation": [0.9992958926796012, 0.037519565285377324, 3.308285527981714e-05, -0.037519578864512626, 0.9992956816258245, 0.0006495273732223512, -8.689569732719387e-06, -0.0006503112910418002, 0.9999997885098357], "world_rotation": [-0.01731954047421962, 0.0005565915413975606, -0.9998498505893862, 0.03753401884551655]}], "source": "action wait"}
{"timestamp": 1706069310.128026, "objects": [{"color": "cv_", "id_name": "hand", "shape": "CVCylinder", "id_string": "ob383", "world_size": [0.12, 0.005, 0.12], "id": 383, "camera_size": [49, 50], "camera_position": [246, 253], "world_position": [0.7060681287953707, 0.7077473719483547, -0.17416279689231542], "world_orientation": [3.7229144669737824e-05, -0.00020271372974269724, 0.9999999787605672, -0.0007901294031134387, -0.9999996673072551, -0.00020268425076399097, 0.9999996871547098, -0.0007901218405706046, -3.7389302361789114e-05], "world_rotation": [0.0, 1.0, 0.0, 0.0]}, {"color": "CVPurple", "id_name": "object141601757225740", "shape": "CVSphere", "id_string": "ob1136", "world_size": [0.11, 0.11, 0.11], "id": 1136, "camera_size": [45, 47], "camera_position": [256, 253], "world_position": [0.7072393772736839, 0.6525137441061578, -0.15003337597164793], "world_orientation": [0.9992309055179734, 0.03921218819669548, 4.1887441881199905e-05, -0.0392122075189873, 0.9992306790208796, 0.0006729672799306656, -1.5466697362540263e-05, -0.0006740922035725715, 0.9999997726802153], "world_rotation": [-0.01717399849023408, 0.0007312222755145332, -0.9998522486296868, 0.03922805254596693]}], "source": "action wait"}
{"timestamp": 1706069310.16083, "objects": [{"color": "cv_", "id_name": "hand", "shape": "CVCylinder", "id_string": "ob383", "world_size": [0.12, 0.005, 0.12], "id": 383, "camera_size": [49, 50], "camera_position": [246, 253], "world_position": [0.706494166851024, 0.707523262708266, -0.1741661972181272], "world_orientation": [3.940296280437697e-05, -0.0005506737202751097, 0.9999998476029186, -0.0007914016052184568, -0.9999995352381349, -0.0005506423646908647, 0.9999996860654037, -0.0007913797876709112, -3.983874855719229e-05], "world_rotation": [0.0, 1.0, 0.0, 0.0]}, {"color": "CVPurple", "id_name": "object141601757225740", "shape": "CVSphere", "id_string": "ob1136", "world_size": [0.11, 0.11, 0.11], "id": 1136, "camera_size": [45, 47], "camera_position": [256, 253], "world_position": [0.7073784835600455, 0.6523898740203551, -0.1500351143563648], "world_orientation": [0.9991384210632603, 0.04150196833032247, 4.668966024557379e-05, -0.041501991146896566, 0.9991381642988992, 0.0007165000130826116, -1.6913260577871203e-05, -0.0007178204056293292, 0.9999997422238702], "world_rotation": [-0.017277560110601536, 0.0007661490929089238, -0.9998504382817421, 0.04152011630647589]}], "source": "action wait"}
{"timestamp": 1706069310.230186, "objects": [{"color": "cv_", "id_name": "hand", "shape": "CVCylinder", "id_string": "ob383", "world_size": [0.12, 0.005, 0.12], "id": 383, "camera_size": [49, 49], "camera_position": [246, 253], "world_position": [0.7070098763647424, 0.7072540903118272, -0.17417008475290907], "world_orientation": [4.123755024333037e-05, -0.000968629039872481, 0.9999995300285134, -0.000792898919571147, -0.9999992165662015, -0.0009685960390188533, 0.9999996848053342, -0.0007928586044037965, -4.200554285525902e-05], "world_rotation": [0.0, 1.0, 0.0, 0.0]}, {"color": "CVPurple", "id_name": "object141601757225740", "shape": "CVSphere", "id_string": "ob1136", "world_size": [0.11, 0.11, 0.11], "id": 1136, "camera_size": [45, 47], "camera_position": [256, 253], "world_position": [0.7075338469061045, 0.6522487435132072, -0.15003719618937278], "world_orientation": [0.9990356742442953, 0.0439057944695742, 5.290786274340115e-05, -0.04390582237243386, 0.9990353712129151, 0.0007783490690214963, -1.868279204589471e-05, -0.000779921450191027, 0.9999996956866961], "world_rotation": [-0.017742808533950855, 0.000815146834317675, -0.9998422516982196, 0.04392686086988889]}], "source": "action wait"}
{"timestamp": 1706069311.323645, "objects": [{"color": "cv_", "id_name": "hand", "shape": "CVCylinder", "id_string": "ob383", "world_size": [0.12, 0.005, 0.12], "id": 383, "camera_size": [49, 50], "camera_position": [246, 252], "world_position": [0.7075691422128956, 0.7069921751126609, -0.17416930297864258], "world_orientation": [4.7285964866994155e-05, -0.0013802528854515441, 0.9999990463325501, -0.0007947819409851711, -0.9999987316634865, -0.0013802148690611052, 0.9999996830428017, -0.0007947159182360534, -4.83829049594602e-05], "world_rotation": [0.0, 1.0, 0.0, 0.0]}, {"color": "CVPurple", "id_name": "object141601757225740", "shape": "CVSphere", "id_string": "ob1136", "world_size": [0.11, 0.11, 0.11], "id": 1136, "camera_size": [45, 47], "camera_position": [256, 253], "world_position": [0.7077779484288254, 0.6521119539587038, -0.15003697165337437], "world_orientation": [0.9990845368385975, 0.04277909399271713, -0.00019330589053118748, -0.04277884054194288, 0.9990838860797996, 0.001165923485209833, 0.00024300595067612405, -0.0011565867233432573, 0.9999993016273858], "world_rotation": [0.027135119923151537, 0.005097662904322521, 0.999618776884303, -0.04280835539974638]}], "source": "action wait"}
{"timestamp": 1706069311.35922, "objects": [{"color": "cv_", "id_name": "hand", "shape": "CVCylinder", "id_string": "ob383", "world_size": [0.12, 0.005, 0.12], "id": 383, "camera_size": [51, 50], "camera_position": [246, 251], "world_position": [0.7103458075881421, 0.7277841792192795, -0.17413456469443753], "world_orientation": [5.4287018135475296e-05, 0.02937757026556241, 0.9995683845631632, -0.0007603414307057279, -0.9995680958886332, 0.029377603075836933, 0.9999997094668721, -0.0007616080780782598, -3.1926587542385166e-05], "world_rotation": [0.0, 1.0, 0.0, 0.0]}, {"color": "CVPurple", "id_name": "object141601757225740", "shape": "CVSphere", "id_string": "ob1136", "world_size": [0.11, 0.11, 0.11], "id": 1136, "camera_size": [46, 46], "camera_position": [252, 250], "world_position": [0.7125708771066714, 0.6728612404204415, -0.1586806016557559], "world_orientation": [0.9999949673002402, -0.003161629982716223, -0.0002635717055035392, 0.0031618325840245417, 0.9999947035276036, 0.0007718364145976339, 0.0002611300483531459, -0.000772665899783379, 0.9999996673991973], "world_rotation": [0.23650723539614477, 0.08034676287415383, -0.9683019804280671, -0.0032652384953932158]}], "source": "action wait"}
{"timestamp": 1706069311.392005, "objects": [{"color": "cv_", "id_name": "hand", "shape": "CVCylinder", "id_string": "ob383", "world_size": [0.12, 0.005, 0.12], "id": 383, "camera_size": [52, 52], "camera_position": [245, 249], "world_position": [0.7142036203473249, 0.7767024375428512, -0.17414205145337436], "world_orientation": [0.00010796969277002198, 0.10003621511890831, 0.9949837908263778, -0.0007355002392511007, -0.9949835195582613, 0.1000362676575527, 0.9999997236909336, -0.0007426117012889654, -3.385140476381496e-05], "world_rotation": [0.0, 1.0, 0.0, 0.0]}, {"color": "CVPurple", "id_name": "object141601757225740", "shape": "CVSphere", "id_string": "ob1136", "world_size": [0.11, 0.11, 0.11], "id": 1136, "camera_size": [48, 51], "camera_position": [249, 247], "world_position": [0.7205151150446187, 0.7219119017565285, -0.16426169198834487], "world_orientation": [0.9964986390518847, -0.08360842061728002, -0.00030719639629595507, 0.08360856774557386, 0.9964985475267115, 0.0005021719706955301, 0.00026413495736623914, -0.000526097936079005, 0.999999826726828], "world_rotation": [0.006149162679571238, 0.003416621856248497, -0.9999752569406064, -0.08370828712511894]}], "source": "action wait"}
{"timestamp": 1706069311.415405, "objects": [{"color": "cv_", "id_name": "hand", "shape": "CVCylinder", "id_string": "ob383", "world_size": [0.12, 0.005, 0.12], "id": 383, "camera_size": [55, 55], "camera_position": [245, 250], "world_position": [0.7137060746670325, 0.8466443038950326, -0.17414253253203527], "world_orientation": [0.00018167859782349858, 0.19926190679981823, 0.9799462533687181, -0.0007204013161389067, -0.979945989176272, 0.19926198663890174, 0.9999997240073774, -0.0007421562090045802, -3.448667334093965e-05], "world_rotation": [0.0, 1.0, 0.0, 0.0]}, {"color": "CVPurple", "id_name": "object141601757225740", "shape": "CVSphere", "id_string": "ob1136", "world_size": [0.11, 0.11, 0.11], "id": 1136, "camera_size": [51, 59], "camera_position": [248, 244], "world_position": [0.7256342154690116, 0.7925001150511204, -0.1678295552941496], "world_orientation": [0.9819419902383221, -0.1891819731689517, -0.00032990105366162756, 0.18918207202156218, 0.9819419809118822, 0.0002995805022364048, 0.00026726846360138724, -0.0003565820394964146, 0.9999999007084038], "world_rotation": [0.001734204785386619, 0.0015782891717494988, -0.9999972507647472, -0.19032958919945314]}], "source": "action wait"}
{"timestamp": 1706069311.445766, "objects": [{"color": "cv_", "id_name": "hand", "shape": "CVCylinder", "id_string": "ob383", "world_size": [0.12, 0.005, 0.12], "id": 383, "camera_size": [59, 57], "camera_position": [244, 253], "world_position": [0.7056768386964198, 0.9162870500665293, -0.17413958641774685], "world_orientation": [0.00025623443578176125, 0.2965400055908887, 0.9550203973884902, -0.0007072996132610517, -0.955020136111264, 0.2965401142329319, 0.9999997170355455, -0.0007514693465866762, -3.4966414465369e-05], "world_rotation": [0.0, 1.0, 0.0, 0.0]}, {"color": "CVPurple", "id_name": "object141601757225740", "shape": "CVSphere", "id_string": "ob1136", "world_size": [0.11, 0.11, 0.11], "id": 1136, "camera_size": [54, 67], "camera_position": [246, 245], "world_position": [0.723075492081424, 0.8634487358732588, -0.1701100224908827], "world_orientation": [0.9568673200013225, -0.2905250860509906, -0.0003260192498125713, 0.2905251450689146, 0.9568673458339929, 0.00015019752352671438, 0.0002683210258117002, -0.00023843589165489868, 0.9999999355760745], "world_rotation": [0.0006688460035492183, 0.0010228716898001886, -0.999999253188986, -0.2947758049635425]}], "source": "action wait"}
{"timestamp": 1706069311.478723, "objects": [{"color": "cv_", "id_name": "hand", "shape": "CVCylinder", "id_string": "ob383", "world_size": [0.12, 0.005, 0.12], "id": 383, "camera_size": [62, 59], "camera_position": [243, 261], "world_position": [0.6903975010798657, 0.9847081641748291, -0.1741367933096804], "world_orientation": [0.00032968283082270694, 0.3908243261297859, 0.920465228791631, -0.0006842131586671783, -0.9204649751982418, 0.39082446351994676, 0.9999997115807507, -0.000758642537123032, -3.605435203079919e-05], "world_rotation": [0.0, 1.0, 0.0, 0.0]}, {"color": "CVPurple", "id_name": "object141601757225740", "shape": "CVSphere", "id_string": "ob1136", "world_size": [0.11, 0.11, 0.11], "id": 1136, "camera_size": [57, 75], "camera_position": [245, 249], "world_position": [0.7130713633446707, 0.9337765700386959, -0.17156852678588697], "world_orientation": [0.9219211554840345, -0.3873774482357414, -0.0003093046204840794, 0.3873774792861978, 0.9219211932099529, 4.5301304220400355e-05, 0.00026760578115138443, -0.00016158187494650197, 0.9999999511392206], "world_rotation": [0.0002670303951420373, 0.0007446357559402541, -0.9999996871061306, -0.3977853757159205]}], "source": "action wait"}
{"timestamp": 1706069311.5134, "objects": [{"color": "cv_", "id_name": "hand", "shape": "CVCylinder", "id_string": "ob383", "world_size": [0.12, 0.005, 0.12], "id": 383, "camera_size": [66, 60], "camera_position": [242, 273], "world_position": [0.6681380024438673, 1.0512104681492063, -0.17413452060604495], "world_orientation": [0.00040059851666581495, 0.48116596041478277, 0.8766294302947786, -0.0006521781392999945, -0.8766291884937281, 0.481166125724269, 0.9999997070922088, -0.0007644729869403916, -3.73704318182421e-05], "world_rotation": [0.0, 1.0, 0.0, 0.0]}, {"color": "CVPurple", "id_name": "object141601757225740", "shape": "CVSphere", "id_string": "ob1136", "world_size": [0.11, 0.11, 0.11], "id": 1136, "camera_size": [60, 82], "camera_position": [243, 258], "world_position": [0.6958457803303172, 1.0027426271625342, -0.17250145504833592], "world_orientation": [0.877642286965518, -0.4793161105983532, -0.0002867940072352619, 0.47931612254463873, 0.8776423267875104, -2.999629346256254e-05, 0.00026608026653351165, -0.00011113897592207256, 0.999999958424709], "world_rotation": [8.464421064577374e-05, 0.0005767323074741229, -0.9999998301075871, -0.49987541128932167]}], "source": "action wait"}
{"timestamp": 1706069311.552231, "objects": [{"color": "cv_", "id_name": "hand", "shape": "CVCylinder", "id_string": "ob383", "world_size": [0.12, 0.005, 0.12], "id": 383, "camera_size": [70, 60], "camera_position": [241, 288], "world_position": [0.644187053871977, 1.1040767932297675, -0.1741316711005234], "world_orientation": [0.0004631176421642499, 0.5521238258996668, 0.8337619962531058, -0.0006294879852684095, -0.833761759514569, 0.5521240187820549, 0.9999996946334163, -0.0007805415329754329, -3.85744654083313e-05], "world_rotation": [0.0, 1.0, 0.0, 0.0]}, {"color": "CVPurple", "id_name": "object141601757225740", "shape": "CVSphere", "id_string": "ob1136", "world_size": [0.11, 0.11, 0.11], "id": 1136, "camera_size": [64, 89], "camera_position": [242, 270], "world_position": [0.6757849797755144, 1.0581399796543056, -0.1730977519244005], "world_orientation": [0.8343487549492399, -0.5512368719253387, -0.00025718596613916997, 0.551236868557478, 0.8343487919368073, -9.020274953796169e-05, 0.0002643058816456879, -6.650983484148913e-05, 0.9999999628594207], "world_rotation": [-2.1490681519551045e-05, 0.0004730196921468308, -0.9999998878952545, -0.5838460250822741]}], "source": "action wait"}
{"timestamp": 1706069311.588507, "objects": [{"color": "cv_", "id_name": "hand", "shape": "CVCylinder", "id_string": "ob383", "world_size": [0.12, 0.005, 0.12], "id": 383, "camera_size": [72, 61], "camera_position": [241, 301], "world_position": [0.6242350204236424, 1.1398248102668682, -0.17413095363405617], "world_orientation": [0.0005074855462369797, 0.5999402550883305, 0.8000446442436633, -0.0006072617714031557, -0.8000444148634391, 0.5999404682791102, 0.9999996868457317, -0.0007902976441193814, -4.169019484930653e-05], "world_rotation": [0.0, 1.0, 0.0, 0.0]}, {"color": "CVPurple", "id_name": "object141601757225740", "shape": "CVSphere", "id_string": "ob1136", "world_size": [0.11, 0.11, 0.11], "id": 1136, "camera_size": [66, 93], "camera_position": [241, 281], "world_position": [0.6583881443854425, 1.0959658348669161, -0.1734804182221648], "world_orientation": [0.8002810818901378, -0.5996249964178619, -0.0002316023091842094, 0.5996249845285493, 0.8002811144781959, -0.0001254538709112878, 0.0002605722310054507, -3.8476171521166745e-05, 0.9999999653108478], "world_rotation": [-7.252674022801163e-05, 0.00041040192225676273, -0.9999999131550633, -0.6430324943104623]}], "source": "action wait"}
{"timestamp": 1706069311.622476, "objects": [{"color": "cv_", "id_name": "hand", "shape": "CVCylinder", "id_string": "ob383", "world_size": [0.12, 0.005, 0.12], "id": 383, "camera_size": [75, 62], "camera_position": [241, 311], "world_position": [0.6087580220826507, 1.1641539419474847, -0.17413156815453826], "world_orientation": [0.0005371537651621845, 0.632439917320356, 0.7746092320942566, -0.0005864011125286284, -0.7746090114530676, 0.6324401438155525, 0.999999683799734, -0.000793949319965309, -4.5220675905889916e-05], "world_rotation": [0.0, 1.0, 0.0, 0.0]}, {"color": "CVPurple", "id_name": "object141601757225740", "shape": "CVSphere", "id_string": "ob1136", "world_size": [0.11, 0.11, 0.11], "id": 1136, "camera_size": [68, 96], "camera_position": [241, 290], "world_position": [0.6446124208289883, 1.1218893592532475, -0.17372623382307673], "world_orientation": [0.7745875509365809, -0.6324666634877779, -0.00021333238711873084, 0.6324666474418718, 0.774587579968695, -0.00014433253166693674, 0.000256530132203374, -2.3127437447386173e-05, 0.9999999668287061], "world_rotation": [-9.581934814595804e-05, 0.00037145237673021504, -0.9999999264208894, -0.684733623453196]}], "source": "action wait"}
{"timestamp": 1706069311.654161, "objects": [{"color": "cv_", "id_name": "hand", "shape": "CVCylinder", "id_string": "ob383", "world_size": [0.12, 0.005, 0.12], "id": 383, "camera_size": [76, 62], "camera_position": [240, 319], "world_position": [0.5971940592960889, 1.1808471757842642, -0.17413256639281066], "world_orientation": [0.000556636539205833, 0.6547163880015612, 0.7558744217381301, -0.0005688690382772418, -0.7558742092165828, 0.6547166228447411, 0.9999996832718402, -0.000794432750453399, -4.8299321905952855e-05], "world_rotation": [0.0, 1.0, 0.0, 0.0]}, {"color": "CVPurple", "id_name": "object141601757225740", "shape": "CVSphere", "id_string": "ob1136", "world_size": [0.11, 0.11, 0.11], "id": 1136, "camera_size": [69, 98], "camera_position": [241, 297], "world_position": [0.6341973757326479, 1.139763307817144, -0.1738840457283995], "world_orientation": [0.7556723811824565, -0.6549497781132767, -0.00020116512126454816, 0.6549497601144828, 0.7556724078061904, -0.00015429315017983716, 0.0002530691960272883, -1.5157975719076773e-05, 0.9999999678631084], "world_rotation": [-0.00010621819555615919, 0.00034677032410686254, -0.9999999342340165, -0.7141162037873924]}], "source": "action wait"}
{"timestamp": 1706069311.680479, "objects": [{"color": "cv_", "id_name": "hand", "shape": "CVCylinder", "id_string": "ob383", "world_size": [0.12, 0.005, 0.12], "id": 383, "camera_size": [76, 62], "camera_position": [240, 325], "world_position": [0.5887420862504598, 1.1923829497089156, -0.1741335341152663], "world_orientation": [0.0005692933507281539, 0.6700944672331306, 0.7422756097896707, -0.0005549594221015602, -0.7422754040643372, 0.6700947071430763, 0.9999996839625104, -0.0007934133045836638, -5.06972136532152e-05], "world_rotation": [0.0, 1.0, 0.0, 0.0]}, {"color": "CVPurple", "id_name": "object141601757225740", "shape": "CVSphere", "id_string": "ob1136", "world_size": [0.11, 0.11, 0.11], "id": 1136, "camera_size": [70, 99], "camera_position": [240, 303], "world_position": [0.6265310258822637, 1.1521555304658015, -0.1739852927514949], "world_orientation": [0.741951151254748, -0.670453914703162, -0.00019341912881125256, 0.6704538958431353, 0.7419511763785783, -0.00015943401782118088, 0.000250400711540693, -1.13863553704944e-05, 0.9999999685849168], "world_rotation": [-0.0001104085249370329, 0.0003309845836125225, -0.9999999391295799, -0.7348204459112918]}], "source": "action wait"}
