{"timestamp": 1706069911.332082, "objects": [{"color": "cv_", "id_name": "hand", "shape": "CVCylinder", "id_string": "ob383", "world_size": [0.12, 0.005, 0.12], "id": 383, "camera_size": [48, 50], "camera_position": [246, 426], "world_position": [0.2676445155730212, 0.6334703011721019, -0.17389260400900883], "world_orientation": [-0.0006415518785112942, 0.19791547456950684, 0.9802188803206732, -0.0007473676678616409, -0.9802189031849182, 0.19791499003492705, 0.9999995149262606, -0.0006056111649370495, 0.0007767769053537358], "world_rotation": [0.0, 1.0, 0.0, 0.0]}, {"color": "CVYellow", "id_name": "object203533364719882", "shape": "CVCone", "id_string": "ob1339", "world_size": [0.09, 0.09, 0.09], "id": 1339, "camera_size": [37, 37], "camera_position": [256, 254], "world_position": [0.705, 0.6448569696296074, -0.15], "world_orientation": [1.0, -4.331917303826236e-17, -1.1712398707441946e-17, 4.331917303826236e-17, 1.0, -5.775889738434995e-17, 1.1712398707441946e-17, 5.775889738434995e-17, 1.0], "world_rotation": [-0.7896765794068324, 0.16013129347666225, -0.5922574345551229, -7.314247236221149e-17]}], "source": "action wait"}
{"timestamp": 1706069911.367644, "objects": [{"color": "cv_", "id_name": "hand", "shape": "CVCylinder", "id_string": "ob383", "world_size": [0.12, 0.005, 0.12], "id": 383, "camera_size": [49, 51], "camera_position": [246, 421], "world_position": [0.2911377841154693, 0.6677952105998353, -0.17395608656946973], "world_orientation": [-0.00038260921960478115, 0.19844032913078619, 0.9801128962444329, -0.0007151212908313653, -0.9801127716651764, 0.1984400247438644, 0.9999996711058083, -0.0006249746165174671, 0.0005169090870129302], "world_rotation": [0.0, 1.0, 0.0, 0.0]}, {"color": "CVYellow", "id_name": "object203533364719882", "shape": "CVCone", "id_string": "ob1339", "world_size": [0.09, 0.09, 0.09], "id": 1339, "camera_size": [37, 37], "camera_position": [256, 254], "world_position": [0.705, 0.6448569696296074, -0.15], "world_orientation": [1.0, -4.331917303826236e-17, -1.1712398707441946e-17, 4.331917303826236e-17, 1.0, -5.775889738434995e-17, 1.1712398707441946e-17, 5.775889738434995e-17, 1.0], "world_rotation": [-0.7896765794068324, 0.16013129347666225, -0.5922574345551229, -7.314247236221149e-17]}], "source": "action wait"}
{"timestamp": 1706069911.40638, "objects": [{"color": "cv_", "id_name": "hand", "shape": "CVCylinder", "id_string": "ob383", "world_size": [0.12, 0.005, 0.12], "id": 383, "camera_size": [51, 52], "camera_position": [246, 406], "world_position": [0.33720227432992633, 0.705837467043411, -0.17398390238281092], "world_orientation": [-0.00022285086590940274, 0.18703102765904425, 0.9823539815312469, -0.0007314478377472314, -0.9823537736235222, 0.1870308221435345, 0.9999997076607333, -0.0006768607150272538, 0.0003557218298546478], "world_rotation": [0.0, 1.0, 0.0, 0.0]}, {"color": "CVYellow", "id_name": "object203533364719882", "shape": "CVCone", "id_string": "ob1339", "world_size": [0.09, 0.09, 0.09], "id": 1339, "camera_size": [37, 37], "camera_position": [256, 254], "world_position": [0.705, 0.6448569696296074, -0.15], "world_orientation": [1.0, -4.331917303826236e-17, -1.1712398707441946e-17, 4.331917303826236e-17, 1.0, -5.775889738434995e-17, 1.1712398707441946e-17, 5.775889738434995e-17, 1.0], "world_rotation": [-0.7896765794068324, 0.16013129347666225, -0.5922574345551229, -7.314247236221149e-17]}], "source": "action wait"}
{"timestamp": 1706069911.437421, "objects": [{"color": "cv_", "id_name": "hand", "shape": "CVCylinder", "id_string": "ob383", "world_size": [0.12, 0.005, 0.12], "id": 383, "camera_size": [51, 53], "camera_position": [246, 388], "world_position": [0.38778562648544634, 0.7390627302004492, -0.1740044290097673], "world_orientation": [-0.0001192309265338624, 0.1789005600221834, 0.9838671533330784, -0.0007426573195452861, -0.9838669048466141, 0.17890042483920954, 0.9999997171220061, -0.0007093456794724111, 0.00025016917302251375], "world_rotation": [0.0, 1.0, 0.0, 0.0]}, {"color": "CVYellow", "id_name": "object203533364719882", "shape": "CVCone", "id_string": "ob1339", "world_size": [0.09, 0.09, 0.09], "id": 1339, "camera_size": [37, 37], "camera_position": [256, 254], "world_position": [0.705, 0.6448569696296074, -0.15], "world_orientation": [1.0, -4.331917303826236e-17, -1.1712398707441946e-17, 4.331917303826236e-17, 1.0, -5.775889738434995e-17, 1.1712398707441946e-17, 5.775889738434995e-17, 1.0], "world_rotation": [-0.7896765794068324, 0.16013129347666225, -0.5922574345551229, -7.314247236221149e-17]}], "source": "action wait"}
{"timestamp": 1706069911.470037, "objects": [{"color": "cv_", "id_name": "hand", "shape": "CVCylinder", "id_string": "ob383", "world_size": [0.12, 0.005, 0.12], "id": 383, "camera_size": [52, 54], "camera_position": [245, 367], "world_position": [0.44191714790813236, 0.7670467744801439, -0.1740229480485306], "world_orientation": [-4.6295169660618125e-05, 0.1731565405430561, 0.9848943142915986, -0.0007500188683662224, -0.9848940443439138, 0.1731564578281328, 0.9999997176641874, -0.0007306730114726218, 0.00017546650946936843], "world_rotation": [0.0, 1.0, 0.0, 0.0]}, {"color": "CVYellow", "id_name": "object203533364719882", "shape": "CVCone", "id_string": "ob1339", "world_size": [0.09, 0.09, 0.09], "id": 1339, "camera_size": [37, 37], "camera_position": [256, 254], "world_position": [0.705, 0.6448569696296074, -0.15], "world_orientation": [1.0, -4.331917303826236e-17, -1.1712398707441946e-17, 4.331917303826236e-17, 1.0, -5.775889738434995e-17, 1.1712398707441946e-17, 5.775889738434995e-17, 1.0], "world_rotation": [-0.7896765794068324, 0.16013129347666225, -0.5922574345551229, -7.314247236221149e-17]}], "source": "action wait"}
{"timestamp": 1706069911.500935, "objects": [{"color": "cv_", "id_name": "hand", "shape": "CVCylinder", "id_string": "ob383", "world_size": [0.12, 0.005, 0.12], "id": 383, "camera_size": [52, 54], "camera_position": [245, 343], "world_position": [0.4992079460230872, 0.7797474124479359, -0.17403805942887754], "world_orientation": [-4.476197261668488e-06, 0.15518436274899897, 0.9878855265354132, -0.000764633384439948, -0.987885238285753, 0.15518431400398944, 0.999999707657833, -0.0007546756179929175, 0.0001230811136997974], "world_rotation": [0.0, 1.0, 0.0, 0.0]}, {"color": "CVYellow", "id_name": "object203533364719882", "shape": "CVCone", "id_string": "ob1339", "world_size": [0.09, 0.09, 0.09], "id": 1339, "camera_size": [37, 37], "camera_position": [256, 254], "world_position": [0.705, 0.6448569696296074, -0.15], "world_orientation": [1.0, -4.331917303826236e-17, -1.1712398707441946e-17, 4.331917303826236e-17, 1.0, -5.775889738434995e-17, 1.1712398707441946e-17, 5.775889738434995e-17, 1.0], "world_rotation": [-0.7896765794068324, 0.16013129347666225, -0.5922574345551229, -7.314247236221149e-17]}], "source": "action wait"}
{"timestamp": 1706069911.531315, "objects": [{"color": "cv_", "id_name": "hand", "shape": "CVCylinder", "id_string": "ob383", "world_size": [0.12, 0.005, 0.12], "id": 383, "camera_size": [52, 52], "camera_position": [245, 317], "world_position": [0.557756022197969, 0.7697630523474235, -0.17404989723525016], "world_orientation": [4.662269483486831e-07, 0.11468448469705363, 0.9934019674681313, -0.0007769628612239673, -0.9934016675825281, 0.11468445044104697, 0.9999996981642019, -0.0007718899039712044, 8.864243474066134e-05], "world_rotation": [0.0, 1.0, 0.0, 0.0]}, {"color": "CVYellow", "id_name": "object203533364719882", "shape": "CVCone", "id_string": "ob1339", "world_size": [0.09, 0.09, 0.09], "id": 1339, "camera_size": [37, 37], "camera_position": [256, 254], "world_position": [0.705, 0.6448569696296074, -0.15], "world_orientation": [1.0, -4.331917303826236e-17, -1.1712398707441946e-17, 4.331917303826236e-17, 1.0, -5.775889738434995e-17, 1.1712398707441946e-17, 5.775889738434995e-17, 1.0], "world_rotation": [-0.7896765794068324, 0.16013129347666225, -0.5922574345551229, -7.314247236221149e-17]}], "source": "action wait"}
{"timestamp": 1706069911.56394, "objects": [{"color": "cv_", "id_name": "hand", "shape": "CVCylinder", "id_string": "ob383", "world_size": [0.12, 0.005, 0.12], "id": 383, "camera_size": [52, 52], "camera_position": [245, 297], "world_position": [0.6028279871690999, 0.755198046169961, -0.17405559421414013], "world_orientation": [-1.4648966337226842e-05, 0.08043225359752205, 0.9967600776348498, -0.0007750207662477042, -0.9967597792993682, 0.08043221813357372, 0.9999996995640648, -0.0007713315102781111, 7.693816726783188e-05], "world_rotation": [0.0, 1.0, 0.0, 0.0]}, {"color": "CVYellow", "id_name": "object203533364719882", "shape": "CVCone", "id_string": "ob1339", "world_size": [0.09, 0.09, 0.09], "id": 1339, "camera_size": [37, 37], "camera_position": [256, 254], "world_position": [0.705, 0.6448569696296074, -0.15], "world_orientation": [1.0, -4.331917303826236e-17, -1.1712398707441946e-17, 4.331917303826236e-17, 1.0, -5.775889738434995e-17, 1.1712398707441946e-17, 5.775889738434995e-17, 1.0], "world_rotation": [-0.7896765794068324, 0.16013129347666225, -0.5922574345551229, -7.314247236221149e-17]}], "source": "action wait"}
{"timestamp": 1706069911.5966, "objects": [{"color": "cv_", "id_name": "hand", "shape": "CVCylinder", "id_string": "ob383", "world_size": [0.12, 0.005, 0.12], "id": 383, "camera_size": [51, 51], "camera_position": [246, 284], "world_position": [0.6344141372864776, 0.7424862222531862, -0.17406332263557497], "world_orientation": [-2.145619522479286e-05, 0.05622457912708306, 0.9984181469913367, -0.0007711050832265124, -0.9984178513201095, 0.056224545905560364, 0.9999997024682471, -0.0007686789434976265, 6.477730710139139e-05], "world_rotation": [0.0, 1.0, 0.0, 0.0]}, {"color": "CVYellow", "id_name": "object203533364719882", "shape": "CVCone", "id_string": "ob1339", "world_size": [0.09, 0.09, 0.09], "id": 1339, "camera_size": [37, 37], "camera_position": [256, 254], "world_position": [0.705, 0.6448569696296074, -0.15], "world_orientation": [1.0, -4.331917303826236e-17, -1.1712398707441946e-17, 4.331917303826236e-17, 1.0, -5.775889738434995e-17, 1.1712398707441946e-17, 5.775889738434995e-17, 1.0], "world_rotation": [-0.7896765794068324, 0.16013129347666225, -0.5922574345551229, -7.314247236221149e-17]}], "source": "action wait"}
{"timestamp": 1706069911.629834, "objects": [{"color": "cv_", "id_name": "hand", "shape": "CVCylinder", "id_string": "ob383", "world_size": [0.12, 0.005, 0.12], "id": 383, "camera_size": [51, 50], "camera_position": [246, 274], "world_position": [0.6564930444416357, 0.7323437583734724, -0.17407121890379237], "world_orientation": [-2.319991447160605e-05, 0.039140854675021874, 0.9992337028728929, -0.0007676191515045882, -0.9992334094449942, 0.03914082535883991, 0.9999997051112577, -0.0007661228633537499, 5.3227399291478113e-05], "world_rotation": [0.0, 1.0, 0.0, 0.0]}, {"color": "CVYellow", "id_name": "object203533364719882", "shape": "CVCone", "id_string": "ob1339", "world_size": [0.09, 0.09, 0.09], "id": 1339, "camera_size": [37, 37], "camera_position": [256, 254], "world_position": [0.705, 0.6448569696296074, -0.15], "world_orientation": [1.0, -4.331917303826236e-17, -1.1712398707441946e-17, 4.331917303826236e-17, 1.0, -5.775889738434995e-17, 1.1712398707441946e-17, 5.775889738434995e-17, 1.0], "world_rotation": [-0.7896765794068324, 0.16013129347666225, -0.5922574345551229, -7.314247236221149e-17]}], "source": "action wait"}
{"timestamp": 1706069911.669916, "objects": [{"color": "cv_", "id_name": "hand", "shape": "CVCylinder", "id_string": "ob383", "world_size": [0.12, 0.005, 0.12], "id": 383, "camera_size": [51, 51], "camera_position": [246, 268], "world_position": [0.6719294619317461, 0.7246305910481898, -0.17407833126780553], "world_orientation": [-2.2300063743295232e-05, 0.027092750563400252, 0.9996329238123445, -0.0007651393948388038, -0.9996326319114344, 0.027092725583175124, 0.999999707032164, -0.000764254360879606, 4.302160218247561e-05], "world_rotation": [0.0, 1.0, 0.0, 0.0]}, {"color": "CVYellow", "id_name": "object203533364719882", "shape": "CVCone", "id_string": "ob1339", "world_size": [0.09, 0.09, 0.09], "id": 1339, "camera_size": [37, 37], "camera_position": [256, 254], "world_position": [0.705, 0.6448569696296074, -0.15], "world_orientation": [1.0, -4.331917303826236e-17, -1.1712398707441946e-17, 4.331917303826236e-17, 1.0, -5.775889738434995e-17, 1.1712398707441946e-17, 5.775889738434995e-17, 1.0], "world_rotation": [-0.7896765794068324, 0.16013129347666225, -0.5922574345551229, -7.314247236221149e-17]}], "source": "action wait"}
{"timestamp": 1706069911.733671, "objects": [{"color": "cv_", "id_name": "hand", "shape": "CVCylinder", "id_string": "ob383", "world_size": [0.12, 0.005, 0.12], "id": 383, "camera_size": [50, 50], "camera_position": [245, 260], "world_position": [0.6903057629056947, 0.7147881794367332, -0.17408921532079197], "world_orientation": [-1.771186676881343e-05, 0.012611284449414957, 0.9999204744332549, -0.0007627485938595626, -0.9999201838908547, 0.012611267274235134, 0.9999997089503938, -0.000762464566759967, 2.7329692557445225e-05], "world_rotation": [0.0, 1.0, 0.0, 0.0]}, {"color": "CVYellow", "id_name": "object203533364719882", "shape": "CVCone", "id_string": "ob1339", "world_size": [0.09, 0.09, 0.09], "id": 1339, "camera_size": [37, 37], "camera_position": [256, 254], "world_position": [0.705, 0.6448569696296074, -0.15], "world_orientation": [1.0, -4.331917303826236e-17, -1.1712398707441946e-17, 4.331917303826236e-17, 1.0, -5.775889738434995e-17, 1.1712398707441946e-17, 5.775889738434995e-17, 1.0], "world_rotation": [-0.7896765794068324, 0.16013129347666225, -0.5922574345551229, -7.314247236221149e-17]}], "source": "action wait"}
{"timestamp": 1706069911.764008, "objects": [{"color": "cv_", "id_name": "hand", "shape": "CVCylinder", "id_string": "ob383", "world_size": [0.12, 0.005, 0.12], "id": 383, "camera_size": [49, 50], "camera_position": [246, 257], "world_position": [0.6956188647654447, 0.711815177825435, -0.17409308115875038], "world_orientation": [-1.5266976607501336e-05, 0.008390961504355116, 0.9999647951462852, -0.0007623570497018269, -0.9999645047765351, 0.0083909474284913, 0.999999709289282, -0.0007622021066357085, 2.166334335974397e-05], "world_rotation": [0.0, 1.0, 0.0, 0.0]}, {"color": "CVYellow", "id_name": "object203533364719882", "shape": "CVCone", "id_string": "ob1339", "world_size": [0.09, 0.09, 0.09], "id": 1339, "camera_size": [37, 37], "camera_position": [256, 254], "world_position": [0.705, 0.6448569696296074, -0.15], "world_orientation": [1.0, -4.331917303826236e-17, -1.1712398707441946e-17, 4.331917303826236e-17, 1.0, -5.775889738434995e-17, 1.1712398707441946e-17, 5.775889738434995e-17, 1.0], "world_rotation": [-0.7896765794068324, 0.16013129347666225, -0.5922574345551229, -7.314247236221149e-17]}], "source": "action wait"}
{"timestamp": 1706069911.792243, "objects": [{"color": "cv_", "id_name": "hand", "shape": "CVCylinder", "id_string": "ob383", "world_size": [0.12, 0.005, 0.12], "id": 383, "camera_size": [49, 50], "camera_position": [246, 256], "world_position": [0.6993507337102696, 0.7096965359455195, -0.17409609200531725], "world_orientation": [-1.3067881769873062e-05, 0.005416259320337623, 0.9999853318745258, -0.0007622386732258397, -0.9999850415141812, 0.00541624778665701, 0.9999997094106756, -0.0007621567137279981, 1.719616861269639e-05], "world_rotation": [0.0, 1.0, 0.0, 0.0]}, {"color": "CVYellow", "id_name": "object203533364719882", "shape": "CVCone", "id_string": "ob1339", "world_size": [0.09, 0.09, 0.09], "id": 1339, "camera_size": [37, 37], "camera_position": [256, 254], "world_position": [0.705, 0.6448569696296074, -0.15], "world_orientation": [1.0, -4.331917303826236e-17, -1.1712398707441946e-17, 4.331917303826236e-17, 1.0, -5.775889738434995e-17, 1.1712398707441946e-17, 5.775889738434995e-17, 1.0], "world_rotation": [-0.7896765794068324, 0.16013129347666225, -0.5922574345551229, -7.314247236221149e-17]}], "source": "action wait"}
{"timestamp": 1706069911.825914, "objects": [{"color": "cv_", "id_name": "hand", "shape": "CVCylinder", "id_string": "ob383", "world_size": [0.12, 0.005, 0.12], "id": 383, "camera_size": [49, 50], "camera_position": [246, 255], "world_position": [0.7019741083258408, 0.7081941929358448, -0.1740984081276931], "world_orientation": [-1.1189762352294344e-05, 0.0033195145981011146, 0.999994490333633, -0.0007622684055137301, -0.9999941998995495, 0.00331950510434671, 0.9999997094107915, -0.0007622270611962825, 1.372005855068822e-05], "world_rotation": [0.0, 1.0, 0.0, 0.0]}, {"color": "CVYellow", "id_name": "object203533364719882", "shape": "CVCone", "id_string": "ob1339", "world_size": [0.09, 0.09, 0.09], "id": 1339, "camera_size": [37, 37], "camera_position": [256, 254], "world_position": [0.705, 0.6448569696296074, -0.15], "world_orientation": [1.0, -4.331917303826236e-17, -1.1712398707441946e-17, 4.331917303826236e-17, 1.0, -5.775889738434995e-17, 1.1712398707441946e-17, 5.775889738434995e-17, 1.0], "world_rotation": [-0.7896765794068324, 0.16013129347666225, -0.5922574345551229, -7.314247236221149e-17]}], "source": "action wait"}
{"timestamp": 1706069911.858035, "objects": [{"color": "cv_", "id_name": "hand", "shape": "CVCylinder", "id_string": "ob383", "world_size": [0.12, 0.005, 0.12], "id": 383, "camera_size": [49, 50], "camera_position": [246, 254], "world_position": [0.7038194422685357, 0.7071323474928917, -0.17410017352189908], "world_orientation": [-9.639211697556891e-06, 0.0018415749919217302, 0.9999983042528796, -0.0007623676057466799, -0.9999980137111372, 0.0018415671082315796, 0.9999997093513175, -0.0007623485617091452, 1.104314966905733e-05], "world_rotation": [0.0, 1.0, 0.0, 0.0]}, {"color": "CVYellow", "id_name": "object203533364719882", "shape": "CVCone", "id_string": "ob1339", "world_size": [0.09, 0.09, 0.09], "id": 1339, "camera_size": [37, 37], "camera_position": [256, 254], "world_position": [0.705, 0.6448569696296074, -0.15], "world_orientation": [1.0, -4.331917303826236e-17, -1.1712398707441946e-17, 4.331917303826236e-17, 1.0, -5.775889738434995e-17, 1.1712398707441946e-17, 5.775889738434995e-17, 1.0], "world_rotation": [-0.7896765794068324, 0.16013129347666225, -0.5922574345551229, -7.314247236221149e-17]}], "source": "action wait"}
{"timestamp": 1706069911.892003, "objects": [{"color": "cv_", "id_name": "hand", "shape": "CVCylinder", "id_string": "ob383", "world_size": [0.12, 0.005, 0.12], "id": 383, "camera_size": [49, 49], "camera_position": [246, 254], "world_position": [0.7051181436665294, 0.7063834427958745, -0.17410150969830185], "world_orientation": [-8.389220428546053e-06, 0.0007997879300715835, 0.9999996801343929, -0.0007624902950488024, -0.9999993894790241, 0.0007997813009079924, 0.9999997092690434, -0.0007624833416131162, 8.999045841892333e-06], "world_rotation": [0.0, 1.0, 0.0, 0.0]}, {"color": "CVYellow", "id_name": "object203533364719882", "shape": "CVCone", "id_string": "ob1339", "world_size": [0.09, 0.09, 0.09], "id": 1339, "camera_size": [37, 37], "camera_position": [256, 254], "world_position": [0.705, 0.6448569696296074, -0.15], "world_orientation": [1.0, -4.331917303826236e-17, -1.1712398707441946e-17, 4.331917303826236e-17, 1.0, -5.775889738434995e-17, 1.1712398707441946e-17, 5.775889738434995e-17, 1.0], "world_rotation": [-0.7896765794068324, 0.16013129347666225, -0.5922574345551229, -7.314247236221149e-17]}], "source": "action wait"}
{"timestamp": 1706069911.929336, "objects": [{"color": "cv_", "id_name": "hand", "shape": "CVCylinder", "id_string": "ob383", "world_size": [0.12, 0.005, 0.12], "id": 383, "camera_size": [49, 50], "camera_position": [246, 253], "world_position": [0.7060325000451173, 0.7058559711366099, -0.17410251541983052], "world_orientation": [-7.399114399775907e-06, 6.54211590172275e-05, 0.9999999978326625, -0.0007626117535555021, -0.9999997070720202, 6.541549734408354e-05, 0.999999709184241, -0.0007626112678862895, 7.449003177530305e-06], "world_rotation": [0.0, 1.0, 0.0, 0.0]}, {"color": "CVYellow", "id_name": "object203533364719882", "shape": "CVCone", "id_string": "ob1339", "world_size": [0.09, 0.09, 0.09], "id": 1339, "camera_size": [37, 37], "camera_position": [256, 254], "world_position": [0.705, 0.6448569696296074, -0.15], "world_orientation": [1.0, -4.331917303826236e-17, -1.1712398707441946e-17, 4.331917303826236e-17, 1.0, -5.775889738434995e-17, 1.1712398707441946e-17, 5.775889738434995e-17, 1.0], "world_rotation": [-0.7896765794068324, 0.16013129347666225, -0.5922574345551229, -7.314247236221149e-17]}], "source": "action wait"}
{"timestamp": 1706069911.962627, "objects": [{"color": "cv_", "id_name": "hand", "shape": "CVCylinder", "id_string": "ob383", "world_size": [0.12, 0.005, 0.12], "id": 383, "camera_size": [49, 50], "camera_position": [246, 253], "world_position": [0.7066764569891114, 0.7054847721854565, -0.17410326902742362], "world_orientation": [-6.625394645632271e-06, -0.00045225569722393775, 0.9999998977104391, -0.0007627202694275617, -0.9999996068589843, -0.0004522606190076366, 0.9999997091069052, -0.0007627231878146843, 6.2804474540451964e-06], "world_rotation": [0.0, 1.0, 0.0, 0.0]}, {"color": "CVYellow", "id_name": "object203533364719882", "shape": "CVCone", "id_string": "ob1339", "world_size": [0.09, 0.09, 0.09], "id": 1339, "camera_size": [37, 37], "camera_position": [256, 254], "world_position": [0.705, 0.6448569696296074, -0.15], "world_orientation": [1.0, -4.331917303826236e-17, -1.1712398707441946e-17, 4.331917303826236e-17, 1.0, -5.775889738434995e-17, 1.1712398707441946e-17, 5.775889738434995e-17, 1.0], "world_rotation": [-0.7896765794068324, 0.16013129347666225, -0.5922574345551229, -7.314247236221149e-17]}], "source": "action wait"}
{"timestamp": 1706069912.000277, "objects": [{"color": "cv_", "id_name": "hand", "shape": "CVCylinder", "id_string": "ob383", "world_size": [0.12, 0.005, 0.12], "id": 383, "camera_size": [49, 49], "camera_position": [246, 253], "world_position": [0.7071300907693707, 0.7052236737492871, -0.17410383162870144], "world_orientation": [-6.0272041848708824e-06, -0.0008171908123536625, 0.9999996660813689, -0.0007628116207246274, -0.9999993751550457, -0.0008171951722338136, 0.9999997090410098, -0.0007628162914101472, 5.403837771153953e-06], "world_rotation": [0.0, 1.0, 0.0, 0.0]}, {"color": "CVYellow", "id_name": "object203533364719882", "shape": "CVCone", "id_string": "ob1339", "world_size": [0.09, 0.09, 0.09], "id": 1339, "camera_size": [37, 37], "camera_position": [256, 254], "world_position": [0.705, 0.6448569696296074, -0.15], "world_orientation": [1.0, -4.331917303826236e-17, -1.1712398707441946e-17, 4.331917303826236e-17, 1.0, -5.775889738434995e-17, 1.1712398707441946e-17, 5.775889738434995e-17, 1.0], "world_rotation": [-0.7896765794068324, 0.16013129347666225, -0.5922574345551229, -7.314247236221149e-17]}], "source": "action wait"}
{"timestamp": 1706069912.025788, "objects": [{"color": "cv_", "id_name": "hand", "shape": "CVCylinder", "id_string": "ob383", "world_size": [0.12, 0.005, 0.12], "id": 383, "camera_size": [49, 49], "camera_position": [246, 253], "world_position": [0.7074497152149086, 0.7050400637064416, -0.17410425031698584], "world_orientation": [-5.568712587604619e-06, -0.0010744571966745803, 0.9999994227551945, -0.0007628855899603787, -0.9999991317690491, -0.001074461132314895, 0.9999997089872407, -0.0007628911329542329, 4.749019840667592e-06], "world_rotation": [0.0, 1.0, 0.0, 0.0]}, {"color": "CVYellow", "id_name": "object203533364719882", "shape": "CVCone", "id_string": "ob1339", "world_size": [0.09, 0.09, 0.09], "id": 1339, "camera_size": [37, 37], "camera_position": [256, 254], "world_position": [0.705, 0.6448569696296074, -0.15], "world_orientation": [1.0, -4.331917303826236e-17, -1.1712398707441946e-17, 4.331917303826236e-17, 1.0, -5.775889738434995e-17, 1.1712398707441946e-17, 5.775889738434995e-17, 1.0], "world_rotation": [-0.7896765794068324, 0.16013129347666225, -0.5922574345551229, -7.314247236221149e-17]}], "source": "action wait"}
{"timestamp": 1706069913.063701, "objects": [{"color": "cv_", "id_name": "hand", "shape": "CVCylinder", "id_string": "ob383", "world_size": [0.12, 0.005, 0.12], "id": 383, "camera_size": [49, 50], "camera_position": [246, 252], "world_position": [0.7082130492152393, 0.7046047771840107, -0.17410543124943814], "world_orientation": [-4.1826640339069445e-06, -0.0016892947114038434, 0.9999985731319239, -0.0007631194608823897, -0.9999982819599964, -0.0016892974114044574, 0.9999997088155544, -0.0007631254377754827, 2.8935231788485046e-06], "world_rotation": [0.0, 1.0, 0.0, 0.0]}, {"color": "CVYellow", "id_name": "object203533364719882", "shape": "CVCone", "id_string": "ob1339", "world_size": [0.09, 0.09, 0.09], "id": 1339, "camera_size": [37, 37], "camera_position": [256, 254], "world_position": [0.705, 0.6448569696296074, -0.15], "world_orientation": [1.0, -4.331917303826236e-17, -1.1712398707441946e-17, 4.331917303826236e-17, 1.0, -5.775889738434995e-17, 1.1712398707441946e-17, 5.775889738434995e-17, 1.0], "world_rotation": [-0.7896765794068324, 0.16013129347666225, -0.5922574345551229, -7.314247236221149e-17]}], "source": "action wait"}
{"timestamp": 1706069913.093435, "objects": [{"color": "cv_", "id_name": "hand", "shape": "CVCylinder", "id_string": "ob383", "world_size": [0.12, 0.005, 0.12], "id": 383, "camera_size": [51, 50], "camera_position": [246, 251], "world_position": [0.711115879940972, 0.7280959409715477, -0.1740975832285376], "world_orientation": [1.8989167163127613e-05, 0.032620412405079006, 0.999467812555229, -0.0007431453082176144, -0.9994675362895389, 0.0326204175076046, 0.9999997236871931, -0.0007433692501762758, 5.262650310641298e-06], "world_rotation": [0.0, 1.0, 0.0, 0.0]}, {"color": "CVYellow", "id_name": "object203533364719882", "shape": "CVCone", "id_string": "ob1339", "world_size": [0.09, 0.09, 0.09], "id": 1339, "camera_size": [38, 39], "camera_position": [252, 252], "world_position": [0.71057848554373, 0.6736239232298655, -0.1586669831582276], "world_orientation": [0.999422258069787, -0.03398749866127766, -3.0720939598955302e-06, 0.033987498741538856, 0.9994222575714498, 3.162405831576674e-05, 1.9954964411991026e-06, -3.171020056087006e-05, 0.9999999994952408], "world_rotation": [0.0009317283358544284, 7.455076691432672e-05, -0.9999995631621502, -0.03399406040433315]}], "source": "action wait"}
{"timestamp": 1706069913.122901, "objects": [{"color": "cv_", "id_name": "hand", "shape": "CVCylinder", "id_string": "ob383", "world_size": [0.12, 0.005, 0.12], "id": 383, "camera_size": [52, 52], "camera_position": [245, 249], "world_position": [0.7151648418831138, 0.784571690667464, -0.1741088518288539], "world_orientation": [8.14920646257216e-05, 0.11376693522488088, 0.9935074623819296, -0.0007253709605385163, -0.9935071975823755, 0.11376696440085088, 0.9999997335979711, -0.0007299325671057133, 1.5602783304860475e-06], "world_rotation": [0.0, 1.0, 0.0, 0.0]}, {"color": "CVYellow", "id_name": "object203533364719882", "shape": "CVCone", "id_string": "ob1339", "world_size": [0.09, 0.09, 0.09], "id": 1339, "camera_size": [39, 44], "camera_position": [250, 247], "world_position": [0.7190221576296358, 0.7335402356332477, -0.16423198563056432], "world_orientation": [0.9933745760295498, -0.11492150225846737, -4.095029528319599e-06, 0.1149215023142903, 0.9933745746353964, 5.2666614661284124e-05, -1.984628259928734e-06, -5.278828295548067e-05, 0.9999999986047292], "world_rotation": [0.0004588126869849107, 9.181924201241117e-06, -0.9999998947032998, -0.11517599022486687]}], "source": "action wait"}
{"timestamp": 1706069913.150493, "objects": [{"color": "cv_", "id_name": "hand", "shape": "CVCylinder", "id_string": "ob383", "world_size": [0.12, 0.005, 0.12], "id": 383, "camera_size": [56, 55], "camera_position": [244, 250], "world_position": [0.7136307652681382, 0.854730171074803, -0.17411221235161387], "world_orientation": [0.00015645604017131622, 0.2128289743635267, 0.9770894550617547, -0.000721185231343716, -0.977089188910163, 0.212829031870048, 0.9999997277066478, -0.0007379608722523805, 6.176077223677442e-07], "world_rotation": [0.0, 1.0, 0.0, 0.0]}, {"color": "CVYellow", "id_name": "object203533364719882", "shape": "CVCone", "id_string": "ob1339", "world_size": [0.09, 0.09, 0.09], "id": 1339, "camera_size": [41, 50], "camera_position": [248, 245], "world_position": [0.722461976776241, 0.8063710147985964, -0.16779028863977716], "world_orientation": [0.9768696088706759, -0.2138358417257761, -7.634235762182046e-06, 0.21383584184023888, 0.9768696076385249, 4.915923808851881e-05, -3.054354161633461e-06, -4.9654638914924855e-05, 0.9999999987625439], "world_rotation": [0.00023105077599780354, 1.0708872375768996e-05, -0.999999973250429, -0.21549995669219385]}], "source": "action wait"}
{"timestamp": 1706069913.181713, "objects": [{"color": "cv_", "id_name": "hand", "shape": "CVCylinder", "id_string": "ob383", "world_size": [0.12, 0.005, 0.12], "id": 383, "camera_size": [59, 57], "camera_position": [244, 254], "world_position": [0.7046515534067347, 0.9243415661912738, -0.17411314447757664], "world_orientation": [0.00023161373442342733, 0.3097587227049795, 0.9508151660881612, -0.0007095473752596186, -0.9508149013377776, 0.30975880929612765, 0.9999997214487615, -0.0007463928000467579, -4.333013847638478e-07], "world_rotation": [0.0, 1.0, 0.0, 0.0]}, {"color": "CVYellow", "id_name": "object203533364719882", "shape": "CVCone", "id_string": "ob1339", "world_size": [0.09, 0.09, 0.09], "id": 1339, "camera_size": [44, 55], "camera_position": [246, 247], "world_position": [0.7182088444851698, 0.8784109396638414, -0.17006640105142165], "world_orientation": [0.9505216258282451, -0.3106583955665859, -9.839936017401207e-06, 0.3106583956947705, 0.9505216248441989, 4.344992024342118e-05, -4.14501053869419e-06, -4.435694756878933e-05, 0.99999999900764], "world_rotation": [0.00014132382734000204, 9.165896530875329e-06, -0.9999999899717811, -0.31588562508926354]}], "source": "action wait"}
{"timestamp": 1706069913.214521, "objects": [{"color": "cv_", "id_name": "hand", "shape": "CVCylinder", "id_string": "ob383", "world_size": [0.12, 0.005, 0.12], "id": 383, "camera_size": [63, 59], "camera_position": [243, 262], "world_position": [0.6884814933322086, 0.9926305944290128, -0.17411359656869957], "world_orientation": [0.0003054062992297113, 0.40355895539767156, 0.9149535923998182, -0.0006874225428275827, -0.9149533341649992, 0.4035590709556645, 0.99999971708858, -0.0007522092074380495, -2.01698845444348e-06], "world_rotation": [0.0, 1.0, 0.0, 0.0]}, {"color": "CVYellow", "id_name": "object203533364719882", "shape": "CVCone", "id_string": "ob1339", "world_size": [0.09, 0.09, 0.09], "id": 1339, "camera_size": [47, 62], "camera_position": [245, 252], "world_position": [0.7065257084336714, 0.9491225498566009, -0.17152290248916569], "world_orientation": [0.9145931243565377, -0.4043753414283418, -1.1156120520431591e-05, 0.4043753415416456, 0.9145931235258004, 3.940047736579462e-05, -5.7292703740210494e-06, -4.054666574085043e-05, 0.9999999991615717], "world_rotation": [9.885264321587776e-05, 6.71016449697958e-06, -0.9999999950915641, -0.4162957389734647]}], "source": "action wait"}
{"timestamp": 1706069913.250735, "objects": [{"color": "cv_", "id_name": "hand", "shape": "CVCylinder", "id_string": "ob383", "world_size": [0.12, 0.005, 0.12], "id": 383, "camera_size": [66, 60], "camera_position": [242, 275], "world_position": [0.6653817651468339, 1.0589088708244583, -0.1741140218729322], "world_orientation": [0.0003766384593196675, 0.4932865465478178, 0.8698667950545064, -0.0006560429700745906, -0.8698665476738857, 0.4932866903186597, 0.9999997138755052, -0.0007564607348414809, -4.008025234041801e-06], "world_rotation": [0.0, 1.0, 0.0, 0.0]}, {"color": "CVYellow", "id_name": "object203533364719882", "shape": "CVCone", "id_string": "ob1339", "world_size": [0.09, 0.09, 0.09], "id": 1339, "camera_size": [50, 68], "camera_position": [243, 262], "world_position": [0.6876654233813861, 1.0179618569855151, -0.17245516858136076], "world_orientation": [0.8694433421986633, -0.49403266548438163, -1.1866572203433705e-05, 0.49403266556682335, 0.869443341467538, 3.647878621617835e-05, -7.704399799694308e-06, -3.757871210394815e-05, 0.9999999992642414], "world_rotation": [7.49520257255248e-05, 4.21244654701444e-06, -0.9999999971822244, -0.5167218905128088]}], "source": "action wait"}
{"timestamp": 1706069913.294994, "objects": [{"color": "cv_", "id_name": "hand", "shape": "CVCylinder", "id_string": "ob383", "world_size": [0.12, 0.005, 0.12], "id": 383, "camera_size": [71, 60], "camera_position": [242, 289], "world_position": [0.6419866301987283, 1.108891480627519, -0.17411353988043837], "world_orientation": [0.00043721981637260664, 0.5602182553085168, 0.8283449252925462, -0.000635367366238666, -0.828344681642229, 0.5602184258870321, 0.999999702573527, -0.0007712419308152598, -6.224312206147757e-06], "world_rotation": [0.0, 1.0, 0.0, 0.0]}, {"color": "CVYellow", "id_name": "object203533364719882", "shape": "CVCone", "id_string": "ob1339", "world_size": [0.09, 0.09, 0.09], "id": 1339, "camera_size": [52, 73], "camera_position": [242, 275], "world_position": [0.6673642683624949, 1.0702875301574188, -0.17305157437656107], "world_orientation": [0.8278764753636337, -0.5609104576613372, -5.063234036670281e-06, 0.5609104575970658, 0.8278764750422134, 2.509840244371311e-05, -9.886224054679195e-06, -2.361839787278898e-05, 0.999999999672217], "world_rotation": [-4.342653948370509e-05, 4.299251286740047e-06, 0.9999999990478261, 0.5954851420274441]}], "source": "action wait"}
{"timestamp": 1706069913.324756, "objects": [{"color": "cv_", "id_name": "hand", "shape": "CVCylinder", "id_string": "ob383", "world_size": [0.12, 0.005, 0.12], "id": 383, "camera_size": [73, 61], "camera_position": [241, 302], "world_position": [0.6227703295865584, 1.1427059497983003, -0.17411464059965318], "world_orientation": [0.00047893757324001467, 0.6053698568498136, 0.7959441607527737, -0.0006135963763700126, -0.7959439243006247, 0.6053700462266106, 0.999999697059098, -0.0007783229136828106, -9.75470101248537e-06], "world_rotation": [0.0, 1.0, 0.0, 0.0]}, {"color": "CVYellow", "id_name": "object203533364719882", "shape": "CVCone", "id_string": "ob1339", "world_size": [0.09, 0.09, 0.09], "id": 1339, "camera_size": [54, 75], "camera_position": [241, 286], "world_position": [0.6501818348004187, 1.1059561974744272, -0.1734345536106545], "world_orientation": [0.7954465690567185, -0.6060237254231872, 3.108715241509399e-07, 0.6060237252753643, 0.7954465688738148, 2.1685140419181152e-05, -1.3388991270403532e-05, -1.7060975026802836e-05, 0.999999999764829], "world_rotation": [-3.1967490547816615e-05, 1.1303074626973939e-05, 0.99999999942516, 0.6510522198024007]}], "source": "action wait"}
{"timestamp": 1706069913.350494, "objects": [{"color": "cv_", "id_name": "hand", "shape": "CVCylinder", "id_string": "ob383", "world_size": [0.12, 0.005, 0.12], "id": 383, "camera_size": [75, 62], "camera_position": [241, 312], "world_position": [0.6079605890532422, 1.1657578455960738, -0.1741163024569496], "world_orientation": [0.0005068538292473784, 0.6361005150923623, 0.7716060379483995, -0.0005938385604966717, -0.7716058095507206, 0.6361007168863602, 0.9999996952274335, -0.0007806195029867185, -1.3350345026128632e-05], "world_rotation": [0.0, 1.0, 0.0, 0.0]}, {"color": "CVYellow", "id_name": "object203533364719882", "shape": "CVCone", "id_string": "ob1339", "world_size": [0.09, 0.09, 0.09], "id": 1339, "camera_size": [56, 78], "camera_position": [241, 294], "world_position": [0.6367274966585447, 1.1304000859527414, -0.17368050530572382], "world_orientation": [0.7710889795048727, -0.636727402955225, 3.4682612482249774e-06, 0.636727402738654, 0.7710889793648561, 2.2444433794105455e-05, -1.696532406658573e-05, -1.5098318573260042e-05, 0.9999999997421093], "world_rotation": [-2.9481024515637554e-05, 1.604578757874855e-05, 0.999999999436701, 0.690246666234479]}], "source": "action wait"}
{"timestamp": 1706069913.381764, "objects": [{"color": "cv_", "id_name": "hand", "shape": "CVCylinder", "id_string": "ob383", "world_size": [0.12, 0.005, 0.12], "id": 383, "camera_size": [76, 62], "camera_position": [240, 319], "world_position": [0.5969351617189617, 1.1815986524599678, -0.17411790282239073], "world_orientation": [0.0005252211375990666, 0.6571898300283013, 0.7537249176258729, -0.0005775610995567631, -0.7537246965166751, 0.6571900397023852, 0.9999996952829202, -0.0007804922924586218, -1.6304861691825815e-05], "world_rotation": [0.0, 1.0, 0.0, 0.0]}, {"color": "CVYellow", "id_name": "object203533364719882", "shape": "CVCone", "id_string": "ob1339", "world_size": [0.09, 0.09, 0.09], "id": 1339, "camera_size": [57, 80], "camera_position": [241, 301], "world_position": [0.6266180022586357, 1.1472558928770484, -0.17383837249417014], "world_orientation": [0.7531945476574068, -0.6577978210329858, 4.838450250449656e-06, 0.6577978207495513, 0.7531945475147195, 2.472323482191581e-05, -1.9907184341802966e-05, -1.5438683637769814e-05, 0.9999999996826757], "world_rotation": [-3.052755509242223e-05, 1.8809453140796366e-05, 0.9999999993571363, 0.717891229531333]}], "source": "action wait"}
{"timestamp": 1706069913.416027, "objects": [{"color": "cv_", "id_name": "hand", "shape": "CVCylinder", "id_string": "ob383", "world_size": [0.12, 0.005, 0.12], "id": 383, "camera_size": [76, 62], "camera_position": [240, 325], "world_position": [0.5888938759587552, 1.1925591079661748, -0.1741192199464554], "world_orientation": [0.00053717502442969, 0.6717626963611946, 0.7407662190060575, -0.0005648356806891566, -0.7407660038925226, 0.6717629108828186, 0.9999996962017774, -0.000779265449608274, -1.8485456376372033e-05], "world_rotation": [0.0, 1.0, 0.0, 0.0]}, {"color": "CVYellow", "id_name": "object203533364719882", "shape": "CVCone", "id_string": "ob1339", "world_size": [0.09, 0.09, 0.09], "id": 1339, "camera_size": [57, 82], "camera_position": [241, 306], "world_position": [0.6192032507222996, 1.158943810324997, -0.17393964449472332], "world_orientation": [0.7402265954459814, -0.6723574848017798, 5.047363786691938e-06, 0.6723574844581792, 0.7402265952725069, 2.7282626822640397e-05, -2.2079871260180782e-05, -1.6801693148980813e-05, 0.9999999996150913], "world_rotation": [-3.2783393467555556e-05, 2.0173223059831322e-05, 0.999999999259145, 0.7373890150403519]}], "source": "action wait"}
{"timestamp": 1706069913.45025, "objects": [{"color": "cv_", "id_name": "hand", "shape": "CVCylinder", "id_string": "ob383", "world_size": [0.12, 0.005, 0.12], "id": 383, "camera_size": [78, 62], "camera_position": [240, 329], "world_position": [0.5831035601844411, 1.200184402159949, -0.17412021913532086], "world_orientation": [0.0005449643343906968, 0.6818874218022467, 0.7314569344819687, -0.0005551289304496875, -0.7314567241039843, 0.6818876392741977, 0.9999996974228267, -0.0007776573491753056, -2.008239163423501e-05], "world_rotation": [0.0, 1.0, 0.0, 0.0]}, {"color": "CVYellow", "id_name": "object203533364719882", "shape": "CVCone", "id_string": "ob1339", "world_size": [0.09, 0.09, 0.09], "id": 1339, "camera_size": [57, 83], "camera_position": [241, 310], "world_position": [0.6138457224519406, 1.1670850087483247, -0.17400457482196652], "world_orientation": [0.7309108072455129, -0.6824729971433473, 4.678627554487395e-06, 0.6824729967488428, 0.7309108070264431, 2.967503729256711e-05, -2.3672071083025418e-05, -1.8496768494768202e-05, 0.9999999995487513], "world_rotation": [-3.529209650968017e-05, 2.077056435976525e-05, 0.9999999991615258, 0.7511407597285035]}], "source": "action wait"}
