{"timestamp": 1706069919.381076, "objects": [{"color": "cv_", "id_name": "hand", "shape": "CVCylinder", "id_string": "ob383", "world_size": [0.12, 0.005, 0.12], "id": 383, "camera_size": [48, 50], "camera_position": [246, 426], "world_position": [0.2676445155579772, 0.6334703012687553, -0.1738926040087653], "world_orientation": [-0.0006415489759315863, 0.19791547470500298, 0.980218880295215, -0.000747367083663195, -0.9802189031575592, 0.19791499017263484, 0.9999995149285593, -0.0006056111666513554, 0.0007767739446520387], "world_rotation": [0.0, 1.0, 0.0, 0.0]}, {"color": "CVPurple", "id_name": "object271840372443095", "shape": "CVSphere", "id_string": "ob1346", "world_size": [0.1, 0.1, 0.1], "id": 1346, "camera_size": [41, 41], "camera_position": [256, 254], "world_position": [0.705, 0.6498037994254439, -0.15], "world_orientation": [1.0, 8.100187187665134e-17, -1.2653630886983698e-17, -8.100187187665134e-17, 1.0, -1.9397816686250694e-16, 1.2653630886983698e-17, 1.9397816686250694e-16, 1.0], "world_rotation": [-0.9211093596285536, 0.06008602943210125, 0.38463907325148433, -2.1059189642881336e-16]}], "source": "action wait"}
{"timestamp": 1706069919.411503, "objects": [{"color": "cv_", "id_name": "hand", "shape": "CVCylinder", "id_string": "ob383", "world_size": [0.12, 0.005, 0.12], "id": 383, "camera_size": [49, 51], "camera_position": [246, 421], "world_position": [0.2908249078910413, 0.6674925116620283, -0.17395623786780898], "world_orientation": [-0.00038486733250589733, 0.19557115170476763, 0.9806894393731417, -0.0007158796374838246, -0.9806893145941864, 0.19557084587721615, 0.9999996696966861, -0.0006267867705742568, 0.0005174406857100324], "world_rotation": [0.0, 1.0, 0.0, 0.0]}, {"color": "CVPurple", "id_name": "object271840372443095", "shape": "CVSphere", "id_string": "ob1346", "world_size": [0.1, 0.1, 0.1], "id": 1346, "camera_size": [41, 41], "camera_position": [256, 254], "world_position": [0.705, 0.6498037994254439, -0.15], "world_orientation": [1.0, 8.100187187665134e-17, -1.2653630886983698e-17, -8.100187187665134e-17, 1.0, -1.9397816686250694e-16, 1.2653630886983698e-17, 1.9397816686250694e-16, 1.0], "world_rotation": [-0.9211093596285536, 0.06008602943210125, 0.38463907325148433, -2.1059189642881336e-16]}], "source": "action wait"}
{"timestamp": 1706069919.440999, "objects": [{"color": "cv_", "id_name": "hand", "shape": "CVCylinder", "id_string": "ob383", "world_size": [0.12, 0.005, 0.12], "id": 383, "camera_size": [51, 52], "camera_position": [246, 406], "world_position": [0.33667121195614136, 0.7052281196954879, -0.1739840930856486], "world_orientation": [-0.00022683830579260433, 0.18197504491556457, 0.9833031229343072, -0.0007324626841001398, -0.9833029146959091, 0.1819748374060174, 0.9999997060213567, -0.0006789539808947348, 0.0003563406970890723], "world_rotation": [0.0, 1.0, 0.0, 0.0]}, {"color": "CVPurple", "id_name": "object271840372443095", "shape": "CVSphere", "id_string": "ob1346", "world_size": [0.1, 0.1, 0.1], "id": 1346, "camera_size": [41, 41], "camera_position": [256, 254], "world_position": [0.705, 0.6498037994254439, -0.15], "world_orientation": [1.0, 8.100187187665134e-17, -1.2653630886983698e-17, -8.100187187665134e-17, 1.0, -1.9397816686250694e-16, 1.2653630886983698e-17, 1.9397816686250694e-16, 1.0], "world_rotation": [-0.9211093596285536, 0.06008602943210125, 0.38463907325148433, -2.1059189642881336e-16]}], "source": "action wait"}
{"timestamp": 1706069919.471901, "objects": [{"color": "cv_", "id_name": "hand", "shape": "CVCylinder", "id_string": "ob383", "world_size": [0.12, 0.005, 0.12], "id": 383, "camera_size": [51, 52], "camera_position": [246, 388], "world_position": [0.38709527009785943, 0.7382409799997184, -0.17400460360006037], "world_orientation": [-0.00012444091221444146, 0.172295482196963, 0.9850453042012715, -0.0007437809216994795, -0.9850450553068361, 0.17229534470058355, 0.9999997156521596, -0.0007112173144100257, 0.0002507299978082427], "world_rotation": [0.0, 1.0, 0.0, 0.0]}, {"color": "CVPurple", "id_name": "object271840372443095", "shape": "CVSphere", "id_string": "ob1346", "world_size": [0.1, 0.1, 0.1], "id": 1346, "camera_size": [41, 41], "camera_position": [256, 254], "world_position": [0.705, 0.6498037994254439, -0.15], "world_orientation": [1.0, 8.100187187665134e-17, -1.2653630886983698e-17, -8.100187187665134e-17, 1.0, -1.9397816686250694e-16, 1.2653630886983698e-17, 1.9397816686250694e-16, 1.0], "world_rotation": [-0.9211093596285536, 0.06008602943210125, 0.38463907325148433, -2.1059189642881336e-16]}], "source": "action wait"}
{"timestamp": 1706069919.503926, "objects": [{"color": "cv_", "id_name": "hand", "shape": "CVCylinder", "id_string": "ob383", "world_size": [0.12, 0.005, 0.12], "id": 383, "camera_size": [52, 53], "camera_position": [245, 368], "world_position": [0.44111152337159215, 0.766077441113134, -0.17402309122164564], "world_orientation": [-5.239258949203819e-05, 0.16545573947802517, 0.9862172151857808, -0.0007511985454572217, -0.9862169447903762, 0.1654556542070452, 0.9999997164778409, -0.0007321762873827199, 0.00017596057037235524], "world_rotation": [0.0, 1.0, 0.0, 0.0]}, {"color": "CVPurple", "id_name": "object271840372443095", "shape": "CVSphere", "id_string": "ob1346", "world_size": [0.1, 0.1, 0.1], "id": 1346, "camera_size": [41, 41], "camera_position": [256, 254], "world_position": [0.705, 0.6498037994254439, -0.15], "world_orientation": [1.0, 8.100187187665134e-17, -1.2653630886983698e-17, -8.100187187665134e-17, 1.0, -1.9397816686250694e-16, 1.2653630886983698e-17, 1.9397816686250694e-16, 1.0], "world_rotation": [-0.9211093596285536, 0.06008602943210125, 0.38463907325148433, -2.1059189642881336e-16]}], "source": "action wait"}
{"timestamp": 1706069919.538392, "objects": [{"color": "cv_", "id_name": "hand", "shape": "CVCylinder", "id_string": "ob383", "world_size": [0.12, 0.005, 0.12], "id": 383, "camera_size": [52, 53], "camera_position": [245, 344], "world_position": [0.4982439217497553, 0.7810037079062627, -0.17403833585478515], "world_orientation": [-8.767846490658361e-06, 0.1500004297003008, 0.9886859314326516, -0.0007643840043160249, -0.9886856436397706, 0.15000037925854212, 0.9999997078200668, -0.0007544205309808227, 0.00012332657305480634], "world_rotation": [0.0, 1.0, 0.0, 0.0]}, {"color": "CVPurple", "id_name": "object271840372443095", "shape": "CVSphere", "id_string": "ob1346", "world_size": [0.1, 0.1, 0.1], "id": 1346, "camera_size": [41, 41], "camera_position": [256, 254], "world_position": [0.705, 0.6498037994254439, -0.15], "world_orientation": [1.0, 8.100187187665134e-17, -1.2653630886983698e-17, -8.100187187665134e-17, 1.0, -1.9397816686250694e-16, 1.2653630886983698e-17, 1.9397816686250694e-16, 1.0], "world_rotation": [-0.9211093596285536, 0.06008602943210125, 0.38463907325148433, -2.1059189642881336e-16]}], "source": "action wait"}
{"timestamp": 1706069919.57978, "objects": [{"color": "cv_", "id_name": "hand", "shape": "CVCylinder", "id_string": "ob383", "world_size": [0.12, 0.005, 0.12], "id": 383, "camera_size": [52, 53], "camera_position": [245, 318], "world_position": [0.5568625574892376, 0.7725585572578219, -0.17405017021752933], "world_orientation": [-2.1758716772115196e-06, 0.11113387983538321, 0.9938054441126795, -0.0007770488534685112, -0.9938051442705788, 0.11113384460376467, 0.999999698095127, -0.0007719935679339839, 8.851884637407954e-05], "world_rotation": [0.0, 1.0, 0.0, 0.0]}, {"color": "CVPurple", "id_name": "object271840372443095", "shape": "CVSphere", "id_string": "ob1346", "world_size": [0.1, 0.1, 0.1], "id": 1346, "camera_size": [41, 41], "camera_position": [256, 254], "world_position": [0.705, 0.6498037994254439, -0.15], "world_orientation": [1.0, 8.100187187665134e-17, -1.2653630886983698e-17, -8.100187187665134e-17, 1.0, -1.9397816686250694e-16, 1.2653630886983698e-17, 1.9397816686250694e-16, 1.0], "world_rotation": [-0.9211093596285536, 0.06008602943210125, 0.38463907325148433, -2.1059189642881336e-16]}], "source": "action wait"}
{"timestamp": 1706069919.616461, "objects": [{"color": "cv_", "id_name": "hand", "shape": "CVCylinder", "id_string": "ob383", "world_size": [0.12, 0.005, 0.12], "id": 383, "camera_size": [52, 52], "camera_position": [245, 298], "world_position": [0.6021644345549648, 0.7589964805270866, -0.17405578687828946], "world_orientation": [-1.6502082186377298e-05, 0.07791941828924143, 0.9969596601573946, -0.0007752370704297018, -0.9969593617072731, 0.07791938213122339, 0.999999699367538, -0.0007715942542295176, 7.685792688790124e-05], "world_rotation": [0.0, 1.0, 0.0, 0.0]}, {"color": "CVPurple", "id_name": "object271840372443095", "shape": "CVSphere", "id_string": "ob1346", "world_size": [0.1, 0.1, 0.1], "id": 1346, "camera_size": [41, 41], "camera_position": [256, 254], "world_position": [0.705, 0.6498037994254439, -0.15], "world_orientation": [1.0, 8.100187187665134e-17, -1.2653630886983698e-17, -8.100187187665134e-17, 1.0, -1.9397816686250694e-16, 1.2653630886983698e-17, 1.9397816686250694e-16, 1.0], "world_rotation": [-0.9211093596285536, 0.06008602943210125, 0.38463907325148433, -2.1059189642881336e-16]}], "source": "action wait"}
{"timestamp": 1706069919.650368, "objects": [{"color": "cv_", "id_name": "hand", "shape": "CVCylinder", "id_string": "ob383", "world_size": [0.12, 0.005, 0.12], "id": 383, "camera_size": [51, 51], "camera_position": [246, 284], "world_position": [0.6339591770280384, 0.7469739124757879, -0.17406347175150014], "world_orientation": [-2.278790074079744e-05, 0.054448994064541595, 0.9985165529554686, -0.0007713650398845494, -0.9985162571110924, 0.05444896032827734, 0.9999997022382991, -0.0007689799831928241, 6.475413983377242e-05], "world_rotation": [0.0, 1.0, 0.0, 0.0]}, {"color": "CVPurple", "id_name": "object271840372443095", "shape": "CVSphere", "id_string": "ob1346", "world_size": [0.1, 0.1, 0.1], "id": 1346, "camera_size": [41, 41], "camera_position": [256, 254], "world_position": [0.705, 0.6498037994254439, -0.15], "world_orientation": [1.0, 8.100187187665134e-17, -1.2653630886983698e-17, -8.100187187665134e-17, 1.0, -1.9397816686250694e-16, 1.2653630886983698e-17, 1.9397816686250694e-16, 1.0], "world_rotation": [-0.9211093596285536, 0.06008602943210125, 0.38463907325148433, -2.1059189642881336e-16]}], "source": "action wait"}
{"timestamp": 1706069919.682986, "objects": [{"color": "cv_", "id_name": "hand", "shape": "CVCylinder", "id_string": "ob383", "world_size": [0.12, 0.005, 0.12], "id": 383, "camera_size": [51, 51], "camera_position": [246, 275], "world_position": [0.656206897053104, 0.7373076823775104, -0.1740713522378098], "world_orientation": [-2.416940037848425e-05, 0.037887182615084405, 0.9992820226589345, -0.0007678733574233962, -0.9992817290508346, 0.03788715291073539, 0.9999997048931301, -0.0007664063319844087, 5.324459831866964e-05], "world_rotation": [0.0, 1.0, 0.0, 0.0]}, {"color": "CVPurple", "id_name": "object271840372443095", "shape": "CVSphere", "id_string": "ob1346", "world_size": [0.1, 0.1, 0.1], "id": 1346, "camera_size": [41, 41], "camera_position": [256, 254], "world_position": [0.705, 0.6498037994254439, -0.15], "world_orientation": [1.0, 8.100187187665134e-17, -1.2653630886983698e-17, -8.100187187665134e-17, 1.0, -1.9397816686250694e-16, 1.2653630886983698e-17, 1.9397816686250694e-16, 1.0], "world_rotation": [-0.9211093596285536, 0.06008602943210125, 0.38463907325148433, -2.1059189642881336e-16]}], "source": "action wait"}
{"timestamp": 1706069919.71154, "objects": [{"color": "cv_", "id_name": "hand", "shape": "CVCylinder", "id_string": "ob383", "world_size": [0.12, 0.005, 0.12], "id": 383, "camera_size": [51, 51], "camera_position": [246, 268], "world_position": [0.6717725389276098, 0.7299252057054917, -0.17407846382364786], "world_orientation": [-2.2997965617283436e-05, 0.02620790431384546, 0.9996565136198383, -0.0007653639137562034, -0.999656221555108, 0.026207879048950233, 0.9999997068445435, -0.000764498293775039, 4.304864362979444e-05], "world_rotation": [0.0, 1.0, 0.0, 0.0]}, {"color": "CVPurple", "id_name": "object271840372443095", "shape": "CVSphere", "id_string": "ob1346", "world_size": [0.1, 0.1, 0.1], "id": 1346, "camera_size": [41, 41], "camera_position": [256, 254], "world_position": [0.705, 0.6498037994254439, -0.15], "world_orientation": [1.0, 8.100187187665134e-17, -1.2653630886983698e-17, -8.100187187665134e-17, 1.0, -1.9397816686250694e-16, 1.2653630886983698e-17, 1.9397816686250694e-16, 1.0], "world_rotation": [-0.9211093596285536, 0.06008602943210125, 0.38463907325148433, -2.1059189642881336e-16]}], "source": "action wait"}
{"timestamp": 1706069919.742423, "objects": [{"color": "cv_", "id_name": "hand", "shape": "CVCylinder", "id_string": "ob383", "world_size": [0.12, 0.005, 0.12], "id": 383, "camera_size": [51, 50], "camera_position": [246, 263], "world_position": [0.6826727074685278, 0.7244541151087357, -0.17408447517632733], "world_orientation": [-2.0712143450545914e-05, 0.0179743130103956, 0.9998384487720061, -0.000763784005881372, -0.9998381576348896, 0.01797429195440077, 0.9999997081024573, -0.000763288329524279, 3.443728414267969e-05], "world_rotation": [0.0, 1.0, 0.0, 0.0]}, {"color": "CVPurple", "id_name": "object271840372443095", "shape": "CVSphere", "id_string": "ob1346", "world_size": [0.1, 0.1, 0.1], "id": 1346, "camera_size": [41, 41], "camera_position": [256, 254], "world_position": [0.705, 0.6498037994254439, -0.15], "world_orientation": [1.0, 8.100187187665134e-17, -1.2653630886983698e-17, -8.100187187665134e-17, 1.0, -1.9397816686250694e-16, 1.2653630886983698e-17, 1.9397816686250694e-16, 1.0], "world_rotation": [-0.9211093596285536, 0.06008602943210125, 0.38463907325148433, -2.1059189642881336e-16]}], "source": "action wait"}
{"timestamp": 1706069919.769236, "objects": [{"color": "cv_", "id_name": "hand", "shape": "CVCylinder", "id_string": "ob383", "world_size": [0.12, 0.005, 0.12], "id": 383, "camera_size": [51, 51], "camera_position": [246, 260], "world_position": [0.690314507012071, 0.7204746620034036, -0.17408936262580393], "world_orientation": [-1.8090095036266303e-05, 0.01217066390080368, 0.9999259345636368, -0.0007628991763735261, -0.9999256439091511, 0.012170646561143087, 0.9999997088287552, -0.0007626225037605443, 2.7373739393727235e-05], "world_rotation": [0.0, 1.0, 0.0, 0.0]}, {"color": "CVPurple", "id_name": "object271840372443095", "shape": "CVSphere", "id_string": "ob1346", "world_size": [0.1, 0.1, 0.1], "id": 1346, "camera_size": [41, 41], "camera_position": [256, 254], "world_position": [0.705, 0.6498037994254439, -0.15], "world_orientation": [1.0, 8.100187187665134e-17, -1.2653630886983698e-17, -8.100187187665134e-17, 1.0, -1.9397816686250694e-16, 1.2653630886983698e-17, 1.9397816686250694e-16, 1.0], "world_rotation": [-0.9211093596285536, 0.06008602943210125, 0.38463907325148433, -2.1059189642881336e-16]}], "source": "action wait"}
{"timestamp": 1706069919.802169, "objects": [{"color": "cv_", "id_name": "hand", "shape": "CVCylinder", "id_string": "ob383", "world_size": [0.12, 0.005, 0.12], "id": 383, "camera_size": [51, 50], "camera_position": [246, 257], "world_position": [0.6956778141522983, 0.7176147582191518, -0.17409323720468814], "world_orientation": [-1.5546734192435292e-05, 0.008080044085136554, 0.9999673557901185, -0.0007624748817838262, -0.99996706533222, 0.008080029883766392, 0.9999997091951346, -0.000762324373317246, 2.1707052824899546e-05], "world_rotation": [0.0, 1.0, 0.0, 0.0]}, {"color": "CVPurple", "id_name": "object271840372443095", "shape": "CVSphere", "id_string": "ob1346", "world_size": [0.1, 0.1, 0.1], "id": 1346, "camera_size": [41, 41], "camera_position": [256, 254], "world_position": [0.705, 0.6498037994254439, -0.15], "world_orientation": [1.0, 8.100187187665134e-17, -1.2653630886983698e-17, -8.100187187665134e-17, 1.0, -1.9397816686250694e-16, 1.2653630886983698e-17, 1.9397816686250694e-16, 1.0], "world_rotation": [-0.9211093596285536, 0.06008602943210125, 0.38463907325148433, -2.1059189642881336e-16]}], "source": "action wait"}
{"timestamp": 1706069919.844325, "objects": [{"color": "cv_", "id_name": "hand", "shape": "CVCylinder", "id_string": "ob383", "world_size": [0.12, 0.005, 0.12], "id": 383, "camera_size": [50, 50], "camera_position": [245, 256], "world_position": [0.6994455180966498, 0.7155755626171808, -0.17409625592778538], "world_orientation": [-1.3274821955496978e-05, 0.0051968598186011294, 0.9999864961447253, -0.0007623291262664761, -0.999986205716459, 0.005196848189346086, 0.999999709338999, -0.0007622498446501921, 1.7236356444048938e-05], "world_rotation": [0.0, 1.0, 0.0, 0.0]}, {"color": "CVPurple", "id_name": "object271840372443095", "shape": "CVSphere", "id_string": "ob1346", "world_size": [0.1, 0.1, 0.1], "id": 1346, "camera_size": [41, 41], "camera_position": [256, 254], "world_position": [0.705, 0.6498037994254439, -0.15], "world_orientation": [1.0, 8.100187187665134e-17, -1.2653630886983698e-17, -8.100187187665134e-17, 1.0, -1.9397816686250694e-16, 1.2653630886983698e-17, 1.9397816686250694e-16, 1.0], "world_rotation": [-0.9211093596285536, 0.06008602943210125, 0.38463907325148433, -2.1059189642881336e-16]}], "source": "action wait"}
{"timestamp": 1706069919.874312, "objects": [{"color": "cv_", "id_name": "hand", "shape": "CVCylinder", "id_string": "ob383", "world_size": [0.12, 0.005, 0.12], "id": 383, "camera_size": [50, 50], "camera_position": [245, 255], "world_position": [0.702094340539599, 0.7141290993147883, -0.17409857871257972], "world_orientation": [-1.134215496463012e-05, 0.0031646870380117494, 0.999994992301115, -0.0007623368496707264, -0.9999947018154772, 0.0031646774721254024, 0.9999997093568994, -0.0007622971378553988, 1.3754652418917286e-05], "world_rotation": [0.0, 1.0, 0.0, 0.0]}, {"color": "CVPurple", "id_name": "object271840372443095", "shape": "CVSphere", "id_string": "ob1346", "world_size": [0.1, 0.1, 0.1], "id": 1346, "camera_size": [41, 41], "camera_position": [256, 254], "world_position": [0.705, 0.6498037994254439, -0.15], "world_orientation": [1.0, 8.100187187665134e-17, -1.2653630886983698e-17, -8.100187187665134e-17, 1.0, -1.9397816686250694e-16, 1.2653630886983698e-17, 1.9397816686250694e-16, 1.0], "world_rotation": [-0.9211093596285536, 0.06008602943210125, 0.38463907325148433, -2.1059189642881336e-16]}], "source": "action wait"}
{"timestamp": 1706069919.913248, "objects": [{"color": "cv_", "id_name": "hand", "shape": "CVCylinder", "id_string": "ob383", "world_size": [0.12, 0.005, 0.12], "id": 383, "camera_size": [50, 50], "camera_position": [245, 254], "world_position": [0.7039576852790649, 0.7131065941466999, -0.17410034953294454], "world_orientation": [-9.750356712180786e-06, 0.0017323063653913973, 0.9999984995086677, -0.0007624188275117062, -0.9999982089282398, 0.001732298428150012, 0.9999997093111889, -0.0007624007929816403, 1.1071082236949788e-05], "world_rotation": [0.0, 1.0, 0.0, 0.0]}, {"color": "CVPurple", "id_name": "object271840372443095", "shape": "CVSphere", "id_string": "ob1346", "world_size": [0.1, 0.1, 0.1], "id": 1346, "camera_size": [41, 41], "camera_position": [256, 254], "world_position": [0.705, 0.6498037994254439, -0.15], "world_orientation": [1.0, 8.100187187665134e-17, -1.2653630886983698e-17, -8.100187187665134e-17, 1.0, -1.9397816686250694e-16, 1.2653630886983698e-17, 1.9397816686250694e-16, 1.0], "world_rotation": [-0.9211093596285536, 0.06008602943210125, 0.38463907325148433, -2.1059189642881336e-16]}], "source": "action wait"}
{"timestamp": 1706069919.94499, "objects": [{"color": "cv_", "id_name": "hand", "shape": "CVCylinder", "id_string": "ob383", "world_size": [0.12, 0.005, 0.12], "id": 383, "camera_size": [50, 50], "camera_position": [245, 253], "world_position": [0.7052691057525866, 0.7123854039748858, -0.1741016900210592], "world_orientation": [-8.469287155166276e-06, 0.000722663292243772, 0.9999997388429847, -0.0007625282989424406, -0.9999994481588462, 0.0007226566241045093, 0.9999997092393902, -0.0007625219794167253, 9.020333692772375e-06], "world_rotation": [0.0, 1.0, 0.0, 0.0]}, {"color": "CVPurple", "id_name": "object271840372443095", "shape": "CVSphere", "id_string": "ob1346", "world_size": [0.1, 0.1, 0.1], "id": 1346, "camera_size": [41, 41], "camera_position": [256, 254], "world_position": [0.705, 0.6498037994254439, -0.15], "world_orientation": [1.0, 8.100187187665134e-17, -1.2653630886983698e-17, -8.100187187665134e-17, 1.0, -1.9397816686250694e-16, 1.2653630886983698e-17, 1.9397816686250694e-16, 1.0], "world_rotation": [-0.9211093596285536, 0.06008602943210125, 0.38463907325148433, -2.1059189642881336e-16]}], "source": "action wait"}
{"timestamp": 1706069919.974363, "objects": [{"color": "cv_", "id_name": "hand", "shape": "CVCylinder", "id_string": "ob383", "world_size": [0.12, 0.005, 0.12], "id": 383, "camera_size": [49, 50], "camera_position": [246, 253], "world_position": [0.706192431389132, 0.7118774658385238, -0.1741026991108274], "world_orientation": [-7.456087881821141e-06, 1.0975550978319729e-05, 0.9999999999119721, -0.0007626397582699262, -0.9999997091300883, 1.096986147809889e-05, 0.9999997091624606, -0.000762639676410882, 7.464456104978847e-06], "world_rotation": [0.0, 1.0, 0.0, 0.0]}, {"color": "CVPurple", "id_name": "object271840372443095", "shape": "CVSphere", "id_string": "ob1346", "world_size": [0.1, 0.1, 0.1], "id": 1346, "camera_size": [41, 41], "camera_position": [256, 254], "world_position": [0.705, 0.6498037994254439, -0.15], "world_orientation": [1.0, 8.100187187665134e-17, -1.2653630886983698e-17, -8.100187187665134e-17, 1.0, -1.9397816686250694e-16, 1.2653630886983698e-17, 1.9397816686250694e-16, 1.0], "world_rotation": [-0.9211093596285536, 0.06008602943210125, 0.38463907325148433, -2.1059189642881336e-16]}], "source": "action wait"}
{"timestamp": 1706069920.006847, "objects": [{"color": "cv_", "id_name": "hand", "shape": "CVCylinder", "id_string": "ob383", "world_size": [0.12, 0.005, 0.12], "id": 383, "camera_size": [49, 50], "camera_position": [246, 253], "world_position": [0.7068427075762517, 0.7115200388821595, -0.17410345531730514], "world_orientation": [-6.665415800762397e-06, -0.0004907002558345624, 0.9999998795844083, -0.0007627407927440331, -0.9999995887173618, -0.0004907051970907853, 0.9999997090909853, -0.0007627439716527016, 6.291135957621704e-06], "world_rotation": [0.0, 1.0, 0.0, 0.0]}, {"color": "CVPurple", "id_name": "object271840372443095", "shape": "CVSphere", "id_string": "ob1346", "world_size": [0.1, 0.1, 0.1], "id": 1346, "camera_size": [41, 41], "camera_position": [256, 254], "world_position": [0.705, 0.6498037994254439, -0.15], "world_orientation": [1.0, 8.100187187665134e-17, -1.2653630886983698e-17, -8.100187187665134e-17, 1.0, -1.9397816686250694e-16, 1.2653630886983698e-17, 1.9397816686250694e-16, 1.0], "world_rotation": [-0.9211093596285536, 0.06008602943210125, 0.38463907325148433, -2.1059189642881336e-16]}], "source": "action wait"}
{"timestamp": 1706069920.031981, "objects": [{"color": "cv_", "id_name": "hand", "shape": "CVCylinder", "id_string": "ob383", "world_size": [0.12, 0.005, 0.12], "id": 383, "camera_size": [49, 49], "camera_position": [246, 253], "world_position": [0.7073007911201422, 0.711268652556078, -0.17410401990523655], "world_orientation": [-6.054872861447155e-06, -0.0008443459403166921, 0.9999996435215723, -0.0007628265947232794, -0.9999993525838577, -0.0008443503134838199, 0.9999997090294201, -0.0007628314352262169, 5.410779403368466e-06], "world_rotation": [0.0, 1.0, 0.0, 0.0]}, {"color": "CVPurple", "id_name": "object271840372443095", "shape": "CVSphere", "id_string": "ob1346", "world_size": [0.1, 0.1, 0.1], "id": 1346, "camera_size": [41, 41], "camera_position": [256, 254], "world_position": [0.705, 0.6498037994254439, -0.15], "world_orientation": [1.0, 8.100187187665134e-17, -1.2653630886983698e-17, -8.100187187665134e-17, 1.0, -1.9397816686250694e-16, 1.2653630886983698e-17, 1.9397816686250694e-16, 1.0], "world_rotation": [-0.9211093596285536, 0.06008602943210125, 0.38463907325148433, -2.1059189642881336e-16]}], "source": "action wait"}
{"timestamp": 1706069920.065353, "objects": [{"color": "cv_", "id_name": "hand", "shape": "CVCylinder", "id_string": "ob383", "world_size": [0.12, 0.005, 0.12], "id": 383, "camera_size": [49, 50], "camera_position": [246, 252], "world_position": [0.7076235479688198, 0.7110918926710722, -0.17410444010116966], "world_orientation": [-5.587420769444886e-06, -0.0010936471506474152, 0.9999994019521665, -0.0007628964763719833, -0.9999991109577293, -0.0010936510950277979, 0.9999997089788312, -0.0007629021308125989, 4.753076244732346e-06], "world_rotation": [0.0, 1.0, 0.0, 0.0]}, {"color": "CVPurple", "id_name": "object271840372443095", "shape": "CVSphere", "id_string": "ob1346", "world_size": [0.1, 0.1, 0.1], "id": 1346, "camera_size": [41, 41], "camera_position": [256, 254], "world_position": [0.705, 0.6498037994254439, -0.15], "world_orientation": [1.0, 8.100187187665134e-17, -1.2653630886983698e-17, -8.100187187665134e-17, 1.0, -1.9397816686250694e-16, 1.2653630886983698e-17, 1.9397816686250694e-16, 1.0], "world_rotation": [-0.9211093596285536, 0.06008602943210125, 0.38463907325148433, -2.1059189642881336e-16]}], "source": "action wait"}
{"timestamp": 1706069921.160188, "objects": [{"color": "cv_", "id_name": "hand", "shape": "CVCylinder", "id_string": "ob383", "world_size": [0.12, 0.005, 0.12], "id": 383, "camera_size": [49, 50], "camera_position": [246, 252], "world_position": [0.7083943357904906, 0.7106730107838701, -0.17410562550841432], "world_orientation": [-4.178227341340992e-06, -0.0016894048062226499, 0.9999985729459534, -0.0007631195288554093, -0.999998281773961, -0.001689407502805656, 0.9999997088155211, -0.0007631254985715817, 2.8890023627949566e-06], "world_rotation": [0.0, 1.0, 0.0, 0.0]}, {"color": "CVPurple", "id_name": "object271840372443095", "shape": "CVSphere", "id_string": "ob1346", "world_size": [0.1, 0.1, 0.1], "id": 1346, "camera_size": [41, 41], "camera_position": [256, 254], "world_position": [0.705, 0.6498037994254439, -0.15], "world_orientation": [1.0, 8.100187187665134e-17, -1.2653630886983698e-17, -8.100187187665134e-17, 1.0, -1.9397816686250694e-16, 1.2653630886983698e-17, 1.9397816686250694e-16, 1.0], "world_rotation": [-0.9211093596285536, 0.06008602943210125, 0.38463907325148433, -2.1059189642881336e-16]}], "source": "action wait"}
{"timestamp": 1706069921.193622, "objects": [{"color": "cv_", "id_name": "hand", "shape": "CVCylinder", "id_string": "ob383", "world_size": [0.12, 0.005, 0.12], "id": 383, "camera_size": [51, 50], "camera_position": [246, 251], "world_position": [0.7109246004814924, 0.7325833292502596, -0.17409376735635454], "world_orientation": [1.6107902509529702e-05, 0.030364183238858155, 0.9995389017525895, -0.0007432804310038984, -0.9995386254131536, 0.030364186822378268, 0.9999997236373301, -0.0007434268090612939, 6.468632472553261e-06], "world_rotation": [0.0, 1.0, 0.0, 0.0]}, {"color": "CVPurple", "id_name": "object271840372443095", "shape": "CVSphere", "id_string": "ob1346", "world_size": [0.1, 0.1, 0.1], "id": 1346, "camera_size": [42, 43], "camera_position": [252, 252], "world_position": [0.7103285653511753, 0.6755950372729008, -0.15866242295988037], "world_orientation": [0.9994964314600343, -0.0317314273377654, -4.214875820737731e-06, 0.03173142745512438, 0.9994964309676607, 3.1536778177051305e-05, 3.212046354606972e-06, -3.165464127404756e-05, 0.9999999994938332], "world_rotation": [0.0009957224253244528, 0.00011702780259356228, -0.9999994974205462, -0.031736770741262826]}], "source": "action wait"}
{"timestamp": 1706069921.232949, "objects": [{"color": "cv_", "id_name": "hand", "shape": "CVCylinder", "id_string": "ob383", "world_size": [0.12, 0.005, 0.12], "id": 383, "camera_size": [52, 52], "camera_position": [245, 249], "world_position": [0.7144494263499364, 0.7852816822535095, -0.1741082659860321], "world_orientation": [7.563667637576955e-05, 0.10624075560646591, 0.9943404327126903, -0.0007258563235794441, -0.9943401677813758, 0.10624078251360587, 0.9999997337058099, -0.0007297839905604481, 1.9069388013132916e-06], "world_rotation": [0.0, 1.0, 0.0, 0.0]}, {"color": "CVPurple", "id_name": "object271840372443095", "shape": "CVSphere", "id_string": "ob1346", "world_size": [0.1, 0.1, 0.1], "id": 1346, "camera_size": [44, 49], "camera_position": [249, 248], "world_position": [0.7184286821569329, 0.7308522132435209, -0.16423098981450776], "world_orientation": [0.9942162901622104, -0.10739631445955164, -4.073897234310377e-06, 0.10739631452458931, 0.9942162887611964, 5.280576567792263e-05, -1.620809626933003e-06, -5.293787400019607e-05, 0.9999999985974772], "world_rotation": [0.0004923056594495981, 1.1420723893310957e-05, -0.9999998787523451, -0.10760385749264963]}], "source": "action wait"}
{"timestamp": 1706069921.264057, "objects": [{"color": "cv_", "id_name": "hand", "shape": "CVCylinder", "id_string": "ob383", "world_size": [0.12, 0.005, 0.12], "id": 383, "camera_size": [56, 55], "camera_position": [244, 250], "world_position": [0.7129135581623207, 0.8552846085482521, -0.17411347585745152], "world_orientation": [0.000150547867937533, 0.20540645559177872, 0.9786767420024662, -0.0007193559915210662, -0.9786764776286891, 0.20540651076160982, 0.9999997299311121, -0.0007349404903776985, 4.2270741990402716e-07], "world_rotation": [0.0, 1.0, 0.0, 0.0]}, {"color": "CVPurple", "id_name": "object271840372443095", "shape": "CVSphere", "id_string": "ob1346", "world_size": [0.1, 0.1, 0.1], "id": 1346, "camera_size": [46, 55], "camera_position": [247, 246], "world_position": [0.7223943028698308, 0.802978862197843, -0.16779122706491936], "world_orientation": [0.9784645421272699, -0.20641496975834048, -7.70296239606591e-06, 0.20641496987664518, 0.978464540739723, 5.220945284328957e-05, -3.2397370665451276e-06, -5.2675105121969506e-05, 0.9999999986074187], "world_rotation": [0.000254062374126348, 1.081129239114967e-05, -0.9999999676677125, -0.2079096065831579]}], "source": "action wait"}
{"timestamp": 1706069921.295374, "objects": [{"color": "cv_", "id_name": "hand", "shape": "CVCylinder", "id_string": "ob383", "world_size": [0.12, 0.005, 0.12], "id": 383, "camera_size": [59, 57], "camera_position": [244, 254], "world_position": [0.7039158769195221, 0.9247892323148553, -0.17411472405071887], "world_orientation": [0.00022571998497793896, 0.3025342829052487, 0.95313847719914, -0.0007090268963128924, -0.9531382134815296, 0.30253436710909143, 0.9999997231656361, -0.0007440888690443102, -6.373995919576633e-07], "world_rotation": [0.0, 1.0, 0.0, 0.0]}, {"color": "CVPurple", "id_name": "object271840372443095", "shape": "CVSphere", "id_string": "ob1346", "world_size": [0.1, 0.1, 0.1], "id": 1346, "camera_size": [49, 61], "camera_position": [246, 247], "world_position": [0.7186359336379702, 0.8746286509847779, -0.1700678068588669], "world_orientation": [0.9528517702759522, -0.3034361609656137, -1.0021681392681294e-05, 0.3034361611000484, 0.9528517691861726, 4.577822827295812e-05, -4.341592997717408e-06, -4.666080637954779e-05, 0.9999999989019599], "world_rotation": [0.00015232039790750743, 9.359610122748721e-06, -0.9999999883554469, -0.3082967835708808]}], "source": "action wait"}
{"timestamp": 1706069921.320757, "objects": [{"color": "cv_", "id_name": "hand", "shape": "CVCylinder", "id_string": "ob383", "world_size": [0.12, 0.005, 0.12], "id": 383, "camera_size": [63, 58], "camera_position": [243, 262], "world_position": [0.6877257514543117, 0.9929615464090056, -0.17411511688852774], "world_orientation": [0.0002995895252817115, 0.39660472898363736, 0.917989433051346, -0.0006879864657575326, -0.9179891752483936, 0.39660484213054864, 0.99999971846033, -0.0007503829620262657, -2.1612554297613542e-06], "world_rotation": [0.0, 1.0, 0.0, 0.0]}, {"color": "CVPurple", "id_name": "object271840372443095", "shape": "CVSphere", "id_string": "ob1346", "world_size": [0.1, 0.1, 0.1], "id": 1346, "camera_size": [52, 69], "camera_position": [244, 252], "world_position": [0.7074282295601115, 0.9451257112433945, -0.17152431801737658], "world_orientation": [0.9176351676262549, -0.39742382792718717, -1.1455874757631419e-05, 0.39742382804898563, 0.9176351667194572, 4.1214617808283396e-05, -5.867357632787679e-06, -4.237282032098378e-05, 0.9999999990850591], "world_rotation": [0.00010516158289773185, 7.030928570759412e-06, -0.9999999944458036, -0.40870773265681865]}], "source": "action wait"}
{"timestamp": 1706069921.352413, "objects": [{"color": "cv_", "id_name": "hand", "shape": "CVCylinder", "id_string": "ob383", "world_size": [0.12, 0.005, 0.12], "id": 383, "camera_size": [66, 60], "camera_position": [242, 275], "world_position": [0.664609947908117, 1.0591161241782707, -0.17411533716611263], "world_orientation": [0.0003709717029491698, 0.48667219837658077, 0.8735845887533168, -0.0006575281053609681, -0.873584341309237, 0.48667233974831314, 0.9999997150183525, -0.0007549480861703393, -4.0744222343099474e-06], "world_rotation": [0.0, 1.0, 0.0, 0.0]}, {"color": "CVPurple", "id_name": "object271840372443095", "shape": "CVSphere", "id_string": "ob1346", "world_size": [0.1, 0.1, 0.1], "id": 1346, "camera_size": [56, 75], "camera_position": [243, 262], "world_position": [0.6890268073741379, 1.0138785450536092, -0.172456406511989], "world_orientation": [0.8731668069756691, -0.4874215085993633, -1.2273367867225667e-05, 0.48742150869202694, 0.873166806186877, 3.79182978970878e-05, -7.765496542736518e-06, -3.909130258332776e-05, 0.9999999992057838], "world_rotation": [7.899692450305926e-05, 4.624202287359449e-06, -0.9999999968690513, -0.5091342782901584]}], "source": "action wait"}
{"timestamp": 1706069921.387948, "objects": [{"color": "cv_", "id_name": "hand", "shape": "CVCylinder", "id_string": "ob383", "world_size": [0.12, 0.005, 0.12], "id": 383, "camera_size": [71, 60], "camera_position": [242, 290], "world_position": [0.6405550842415632, 1.1104101587914896, -0.1741145455465716], "world_orientation": [0.00043297612792747223, 0.5557718168091264, 0.8313347702173629, -0.0006365545691850842, -0.8313345265347107, 0.5557719854307059, 0.9999997036649326, -0.0007698259487667527, -6.168914896760277e-06], "world_rotation": [0.0, 1.0, 0.0, 0.0]}, {"color": "CVPurple", "id_name": "object271840372443095", "shape": "CVSphere", "id_string": "ob1346", "world_size": [0.1, 0.1, 0.1], "id": 1346, "camera_size": [58, 81], "camera_position": [242, 274], "world_position": [0.6685206554043791, 1.0676563554101415, -0.17305256266218663], "world_orientation": [0.8308700313029318, -0.556466522846987, -5.7661902644746554e-06, 0.5564665227900985, 0.8308700309457924, 2.6268520802104902e-05, -9.826597747597676e-06, -2.503441854734495e-05, 0.999999999638358], "world_rotation": [-4.609705812557021e-05, 3.648384325274128e-06, 0.9999999989308752, 0.5901269705387162]}], "source": "action wait"}
{"timestamp": 1706069921.425841, "objects": [{"color": "cv_", "id_name": "hand", "shape": "CVCylinder", "id_string": "ob383", "world_size": [0.12, 0.005, 0.12], "id": 383, "camera_size": [73, 62], "camera_position": [241, 303], "world_position": [0.6207066134372923, 1.1450749740978672, -0.17411534861892194], "world_orientation": [0.00047637647900899873, 0.6023587916385655, 0.7982253185668677, -0.0006150188302435631, -0.7982250816962165, 0.6023589799304954, 0.9999996974085985, -0.000777873251654607, -9.793654454124583e-06], "world_rotation": [0.0, 1.0, 0.0, 0.0]}, {"color": "CVPurple", "id_name": "object271840372443095", "shape": "CVSphere", "id_string": "ob1346", "world_size": [0.1, 0.1, 0.1], "id": 1346, "camera_size": [61, 84], "camera_position": [242, 285], "world_position": [0.6510069037738488, 1.1043157819401321, -0.17343530713378916], "world_orientation": [0.7977301944849078, -0.6030145411240504, 1.4913353109035953e-07, 0.6030145409746622, 0.7977301942927384, 2.2063260159442643e-05, -1.3423435021479122e-05, -1.7510599130168915e-05, 0.9999999997565951], "world_rotation": [-3.2813354050247954e-05, 1.1253931390099086e-05, 0.9999999993983163, 0.6472746343182662]}], "source": "action wait"}
{"timestamp": 1706069921.461927, "objects": [{"color": "cv_", "id_name": "hand", "shape": "CVCylinder", "id_string": "ob383", "world_size": [0.12, 0.005, 0.12], "id": 383, "camera_size": [75, 62], "camera_position": [241, 313], "world_position": [0.6053804922621742, 1.1686718146486212, -0.1741168969257668], "world_orientation": [0.0005053001297408362, 0.6340430565672576, 0.7732975799073912, -0.0005951250360345804, -0.773297351021398, 0.6340432577746417, 0.9999996952489388, -0.0007805908905227196, -1.3412354911778507e-05], "world_rotation": [0.0, 1.0, 0.0, 0.0]}, {"color": "CVPurple", "id_name": "object271840372443095", "shape": "CVSphere", "id_string": "ob1346", "world_size": [0.1, 0.1, 0.1], "id": 1346, "camera_size": [62, 87], "camera_position": [241, 295], "world_position": [0.6372372074535424, 1.1294231657588858, -0.17368115968040967], "world_orientation": [0.7727821869963029, -0.6346713255288744, 3.5542595827256524e-06, 0.6346713253105408, 0.7727821868564254, 2.249361452943177e-05, -1.7022720642324146e-05, -1.5126877989639915e-05, 0.9999999997407023], "world_rotation": [-2.9637775483812278e-05, 1.6210737266018112e-05, 0.9999999994294073, 0.6875831328343488]}], "source": "action wait"}
{"timestamp": 1706069921.493539, "objects": [{"color": "cv_", "id_name": "hand", "shape": "CVCylinder", "id_string": "ob383", "world_size": [0.12, 0.005, 0.12], "id": 383, "camera_size": [76, 63], "camera_position": [240, 322], "world_position": [0.593958983895867, 1.184867300591468, -0.17411846942698503], "world_orientation": [0.0005243630554787482, 0.6557728242743168, 0.7549580968415875, -0.0005784837122175634, -0.7549578753918097, 0.655773033709438, 0.9999996951999439, -0.0007805941140861133, -1.651812054008798e-05], "world_rotation": [0.0, 1.0, 0.0, 0.0]}, {"color": "CVPurple", "id_name": "object271840372443095", "shape": "CVSphere", "id_string": "ob1346", "world_size": [0.1, 0.1, 0.1], "id": 1346, "camera_size": [63, 89], "camera_position": [241, 302], "world_position": [0.6268675727232075, 1.1467268505494221, -0.17383899003827566], "world_orientation": [0.754428864445254, -0.6563818160687728, 5.109242419550219e-06, 0.6563818157804174, 0.7544288643066659, 2.4774109003875103e-05, -2.011583461549799e-05, -1.5336689106829728e-05, 0.9999999996800696], "world_rotation": [-3.0554470821282276e-05, 1.9215246680077455e-05, 0.9999999993485993, 0.7160127703157664]}], "source": "action wait"}
{"timestamp": 1706069921.525637, "objects": [{"color": "cv_", "id_name": "hand", "shape": "CVCylinder", "id_string": "ob383", "world_size": [0.12, 0.005, 0.12], "id": 383, "camera_size": [78, 63], "camera_position": [240, 328], "world_position": [0.5856240250847224, 1.1960624051081095, -0.17411979308901823], "world_orientation": [0.0005367898968580533, 0.6707803950127054, 0.7416558322586061, -0.0005653336459840152, -0.7416556170340978, 0.67078060952866, 0.9999996961271916, -0.0007793512499193697, -1.8898515804280582e-05], "world_rotation": [0.0, 1.0, 0.0, 0.0]}, {"color": "CVPurple", "id_name": "object271840372443095", "shape": "CVSphere", "id_string": "ob1346", "world_size": [0.1, 0.1, 0.1], "id": 1346, "camera_size": [64, 91], "camera_position": [240, 307], "world_position": [0.6192520857049503, 1.1587199352261983, -0.1739402501287786], "world_orientation": [0.7411169928096545, -0.6713759028585524, 5.4440995602852496e-06, 0.6713759025039899, 0.7411169926411442, 2.7486346345528802e-05, -2.2488385287769847e-05, -1.6715561091314857e-05, 0.9999999996074314], "world_rotation": [-3.291889627465099e-05, 2.0802418373464787e-05, 0.9999999992418027, 0.7360637562654373]}], "source": "action wait"}
