{"timestamp": 1706069651.823385, "objects": [{"color": "cv_", "id_name": "hand", "shape": "CVCylinder", "id_string": "ob383", "world_size": [0.12, 0.005, 0.12], "id": 383, "camera_size": [48, 50], "camera_position": [246, 426], "world_position": [0.2676445155647245, 0.6334703012252928, -0.17389260400887688], "world_orientation": [-0.0006415504565812834, 0.197915474644168, 0.9802188803065289, -0.000747367381783659, -0.9802189031698427, 0.19791499011067168, 0.9999995149273866, -0.0006056111658801052, 0.0007767754549779284], "world_rotation": [0.0, 1.0, 0.0, 0.0]}, {"color": "CVBlue", "id_name": "object102412500796156", "shape": "CVCone", "id_string": "ob1241", "world_size": [0.11, 0.11, 0.11], "id": 1241, "camera_size": [45, 45], "camera_position": [256, 254], "world_position": [0.705, 0.6547388545032035, -0.15], "world_orientation": [1.0, -4.897221604918397e-17, 1.4640341299624373e-17, 4.897221604918397e-17, 1.0, 1.0588587253877655e-17, -1.4640341299624373e-17, -1.0588587253877655e-17, 1.0], "world_rotation": [-0.20285038077759815, 0.2804716754121498, 0.9381830110963879, 5.219900112234351e-17]}], "source": "action wait"}
{"timestamp": 1706069651.853861, "objects": [{"color": "cv_", "id_name": "hand", "shape": "CVCylinder", "id_string": "ob383", "world_size": [0.12, 0.005, 0.12], "id": 383, "camera_size": [49, 51], "camera_position": [246, 421], "world_position": [0.2907924006912955, 0.6674611467308801, -0.17395625985945745], "world_orientation": [-0.0003850826515851301, 0.19527331660443742, 0.9807487871690971, -0.0007159585600868465, -0.9807486623591871, 0.19527301063896532, 0.9999996695572914, -0.0006269792407489356, 0.0005174768980197697], "world_rotation": [0.0, 1.0, 0.0, 0.0]}, {"color": "CVBlue", "id_name": "object102412500796156", "shape": "CVCone", "id_string": "ob1241", "world_size": [0.11, 0.11, 0.11], "id": 1241, "camera_size": [45, 45], "camera_position": [256, 254], "world_position": [0.705, 0.6547388556955969, -0.15], "world_orientation": [1.0, -4.897221604918398e-17, 1.4146695862742246e-17, 4.897221604918398e-17, 1.0, 5.294293626938863e-18, -1.4146695862742246e-17, -5.294293626938863e-18, 1.0], "world_rotation": [-0.10330576830065501, 0.27603971143196315, 0.9555783567810491, 5.1248770654613044e-17]}], "source": "action wait"}
{"timestamp": 1706069651.885866, "objects": [{"color": "cv_", "id_name": "hand", "shape": "CVCylinder", "id_string": "ob383", "world_size": [0.12, 0.005, 0.12], "id": 383, "camera_size": [51, 52], "camera_position": [246, 406], "world_position": [0.33661592492121933, 0.7051650329865168, -0.17398412524369972], "world_orientation": [-0.00022724265599727894, 0.18145010983421367, 0.9834001250772378, -0.0007325721015813083, -0.9833999167978082, 0.1814499021222663, 0.9999997058494025, -0.000679178338634759, 0.00035639569729447045], "world_rotation": [0.0, 1.0, 0.0, 0.0]}, {"color": "CVBlue", "id_name": "object102412500796156", "shape": "CVCone", "id_string": "ob1241", "world_size": [0.11, 0.11, 0.11], "id": 1241, "camera_size": [45, 45], "camera_position": [256, 254], "world_position": [0.705, 0.6547388564567225, -0.15], "world_orientation": [1.0, -3.838362879530639e-17, 1.4108543902771826e-17, 3.838362879530639e-17, 1.0, 2.6471468134694703e-18, -1.4108543902771826e-17, -2.6471468134694703e-18, 1.0], "world_rotation": [-0.0645960483009439, 0.3442786696839726, 0.9366427003636638, 4.0980011674039034e-17]}], "source": "action wait"}
{"timestamp": 1706069651.92058, "objects": [{"color": "cv_", "id_name": "hand", "shape": "CVCylinder", "id_string": "ob383", "world_size": [0.12, 0.005, 0.12], "id": 383, "camera_size": [51, 52], "camera_position": [246, 388], "world_position": [0.3870233014327999, 0.7381559566041693, -0.17400464020923775], "world_orientation": [-0.0001249561628524711, 0.17160963082303984, 0.985165021199361, -0.0007438995743390105, -0.9851647722539174, 0.17160949310370469, 0.9999997154996498, -0.0007114201761568749, 0.00025076274104043363], "world_rotation": [0.0, 1.0, 0.0, 0.0]}, {"color": "CVBlue", "id_name": "object102412500796156", "shape": "CVCone", "id_string": "ob1241", "world_size": [0.11, 0.11, 0.11], "id": 1241, "camera_size": [45, 45], "camera_position": [256, 254], "world_position": [0.705, 0.6547388569425623, -0.15], "world_orientation": [1.0, -3.5736481981837e-17, 1.53352332396395e-17, 3.5736481981837e-17, 1.0, 5.294293626938874e-18, -1.53352332396395e-17, -5.294293626938874e-18, 1.0], "world_rotation": [-0.1348981710815024, 0.39074049588211773, 0.9105626548001309, 3.9246593074565725e-17]}], "source": "action wait"}
{"timestamp": 1706069651.955947, "objects": [{"color": "cv_", "id_name": "hand", "shape": "CVCylinder", "id_string": "ob383", "world_size": [0.12, 0.005, 0.12], "id": 383, "camera_size": [52, 53], "camera_position": [245, 368], "world_position": [0.44102746056921877, 0.7659771945588002, -0.1740231306723896], "world_orientation": [-5.297030215634742e-05, 0.16465605071409373, 0.9863510440798372, -0.0007513183763109433, -0.9863507736291093, 0.164655965218255, 0.9999997163573822, -0.0007323417886815033, 0.0001759564151839853], "world_rotation": [0.0, 1.0, 0.0, 0.0]}, {"color": "CVBlue", "id_name": "object102412500796156", "shape": "CVCone", "id_string": "ob1241", "world_size": [0.11, 0.11, 0.11], "id": 1241, "camera_size": [45, 45], "camera_position": [256, 254], "world_position": [0.705, 0.6547388572526824, -0.15], "world_orientation": [1.0, -3.838362879530641e-17, 1.4813540171849057e-17, 3.838362879530641e-17, 1.0, 5.294293626938881e-18, -1.4813540171849057e-17, -5.294293626938881e-18, 1.0], "world_rotation": [-0.1276280613210114, 0.35710588544125776, 0.925303444577321, 4.1482206750932463e-17]}], "source": "action wait"}
{"timestamp": 1706069651.990239, "objects": [{"color": "cv_", "id_name": "hand", "shape": "CVCylinder", "id_string": "ob383", "world_size": [0.12, 0.005, 0.12], "id": 383, "camera_size": [52, 53], "camera_position": [245, 344], "world_position": [0.49814341195050804, 0.7811358866952298, -0.17403839514413447], "world_orientation": [-9.161587289477799e-06, 0.1494647058763824, 0.9887670613513336, -0.000764357711924492, -0.9887667735994737, 0.14946465529674777, 0.9999997078366342, -0.0007544023951549343, 0.00012330317370282026], "world_rotation": [0.0, 1.0, 0.0, 0.0]}, {"color": "CVBlue", "id_name": "object102412500796156", "shape": "CVCone", "id_string": "ob1241", "world_size": [0.11, 0.11, 0.11], "id": 1241, "camera_size": [45, 45], "camera_position": [256, 254], "world_position": [0.705, 0.6547388572526824, -0.15], "world_orientation": [1.0, -3.838362879530641e-17, 1.4813540171849057e-17, 3.838362879530641e-17, 1.0, 5.294293626938881e-18, -1.4813540171849057e-17, -5.294293626938881e-18, 1.0], "world_rotation": [-0.1276280613210114, 0.35710588544125776, 0.925303444577321, 4.1482206750932463e-17]}], "source": "action wait"}
{"timestamp": 1706069652.023218, "objects": [{"color": "cv_", "id_name": "hand", "shape": "CVCylinder", "id_string": "ob383", "world_size": [0.12, 0.005, 0.12], "id": 383, "camera_size": [52, 53], "camera_position": [245, 318], "world_position": [0.556769654433359, 0.7728507915644678, -0.17405023553177432], "world_orientation": [-2.3953142406981328e-06, 0.1107682297812327, 0.9938462654079828, -0.0007770589958029435, -0.9938459655644961, 0.11076819448962516, 0.9999996980867443, -0.0007720118563471273, 8.845402279545349e-05], "world_rotation": [0.0, 1.0, 0.0, 0.0]}, {"color": "CVBlue", "id_name": "object102412500796156", "shape": "CVCone", "id_string": "ob1241", "world_size": [0.11, 0.11, 0.11], "id": 1241, "camera_size": [45, 45], "camera_position": [256, 254], "world_position": [0.705, 0.6547388572526824, -0.15], "world_orientation": [1.0, -3.838362879530641e-17, 1.4813540171849057e-17, 3.838362879530641e-17, 1.0, 5.294293626938881e-18, -1.4813540171849057e-17, -5.294293626938881e-18, 1.0], "world_rotation": [-0.1276280613210114, 0.35710588544125776, 0.925303444577321, 4.1482206750932463e-17]}], "source": "action wait"}
{"timestamp": 1706069652.054069, "objects": [{"color": "cv_", "id_name": "hand", "shape": "CVCylinder", "id_string": "ob383", "world_size": [0.12, 0.005, 0.12], "id": 383, "camera_size": [52, 52], "camera_position": [245, 298], "world_position": [0.6020961191305532, 0.7593922521734199, -0.17405584822725953], "world_orientation": [-1.6653155747816192e-05, 0.07766067012987503, 0.9969798493638933, -0.0007752618927707733, -0.9969795508968367, 0.07766063393084018, 0.9999996993457898, -0.000771627190440223, 7.681021385759768e-05], "world_rotation": [0.0, 1.0, 0.0, 0.0]}, {"color": "CVBlue", "id_name": "object102412500796156", "shape": "CVCone", "id_string": "ob1241", "world_size": [0.11, 0.11, 0.11], "id": 1241, "camera_size": [45, 45], "camera_position": [256, 254], "world_position": [0.705, 0.6547388572526824, -0.15], "world_orientation": [1.0, -3.838362879530641e-17, 1.4813540171849057e-17, 3.838362879530641e-17, 1.0, 5.294293626938881e-18, -1.4813540171849057e-17, -5.294293626938881e-18, 1.0], "world_rotation": [-0.1276280613210114, 0.35710588544125776, 0.925303444577321, 4.1482206750932463e-17]}], "source": "action wait"}
{"timestamp": 1706069652.083126, "objects": [{"color": "cv_", "id_name": "hand", "shape": "CVCylinder", "id_string": "ob383", "world_size": [0.12, 0.005, 0.12], "id": 383, "camera_size": [51, 51], "camera_position": [246, 284], "world_position": [0.6339129010688973, 0.7474407060681404, -0.17406353189899793], "world_orientation": [-2.2887574245068465e-05, 0.05426617153094366, 0.998526505458685, -0.0007713939180580885, -0.9985262095923747, 0.05426613777033043, 0.9999997022137468, -0.0007690152530737618, 6.471443743334269e-05], "world_rotation": [0.0, 1.0, 0.0, 0.0]}, {"color": "CVBlue", "id_name": "object102412500796156", "shape": "CVCone", "id_string": "ob1241", "world_size": [0.11, 0.11, 0.11], "id": 1241, "camera_size": [45, 45], "camera_position": [256, 254], "world_position": [0.705, 0.6547388572526824, -0.15], "world_orientation": [1.0, -3.838362879530641e-17, 1.4813540171849057e-17, 3.838362879530641e-17, 1.0, 5.294293626938881e-18, -1.4813540171849057e-17, -5.294293626938881e-18, 1.0], "world_rotation": [-0.1276280613210114, 0.35710588544125776, 0.925303444577321, 4.1482206750932463e-17]}], "source": "action wait"}
{"timestamp": 1706069652.11047, "objects": [{"color": "cv_", "id_name": "hand", "shape": "CVCylinder", "id_string": "ob383", "world_size": [0.12, 0.005, 0.12], "id": 383, "camera_size": [51, 51], "camera_position": [246, 275], "world_position": [0.6561783504679702, 0.7378234849909581, -0.17407141322932213], "world_orientation": [-2.4225994966542193e-05, 0.03775810292691676, 0.9992869082883362, -0.0007679008083049955, -0.999286614658372, 0.03775807321565876, 0.9999997048706813, -0.0007664384977118777, 5.320319025486708e-05], "world_rotation": [0.0, 1.0, 0.0, 0.0]}, {"color": "CVBlue", "id_name": "object102412500796156", "shape": "CVCone", "id_string": "ob1241", "world_size": [0.11, 0.11, 0.11], "id": 1241, "camera_size": [45, 45], "camera_position": [256, 254], "world_position": [0.705, 0.6547388572526824, -0.15], "world_orientation": [1.0, -3.838362879530641e-17, 1.4813540171849057e-17, 3.838362879530641e-17, 1.0, 5.294293626938881e-18, -1.4813540171849057e-17, -5.294293626938881e-18, 1.0], "world_rotation": [-0.1276280613210114, 0.35710588544125776, 0.925303444577321, 4.1482206750932463e-17]}], "source": "action wait"}
{"timestamp": 1706069652.142619, "objects": [{"color": "cv_", "id_name": "hand", "shape": "CVCylinder", "id_string": "ob383", "world_size": [0.12, 0.005, 0.12], "id": 383, "camera_size": [51, 51], "camera_position": [246, 268], "world_position": [0.6717575169845658, 0.7304750100693786, -0.17407852656387485], "world_orientation": [-2.3035743266348312e-05, 0.02611680165336728, 0.9996588978950537, -0.0007653881629700063, -0.9996586058111077, 0.0261167763851649, 0.9999997068251144, -0.0007645254681010979, 4.3017369837956834e-05], "world_rotation": [0.0, 1.0, 0.0, 0.0]}, {"color": "CVBlue", "id_name": "object102412500796156", "shape": "CVCone", "id_string": "ob1241", "world_size": [0.11, 0.11, 0.11], "id": 1241, "camera_size": [45, 45], "camera_position": [256, 254], "world_position": [0.705, 0.6547388572526824, -0.15], "world_orientation": [1.0, -3.838362879530641e-17, 1.4813540171849057e-17, 3.838362879530641e-17, 1.0, 5.294293626938881e-18, -1.4813540171849057e-17, -5.294293626938881e-18, 1.0], "world_rotation": [-0.1276280613210114, 0.35710588544125776, 0.925303444577321, 4.1482206750932463e-17]}], "source": "action wait"}
{"timestamp": 1706069652.176912, "objects": [{"color": "cv_", "id_name": "hand", "shape": "CVCylinder", "id_string": "ob383", "world_size": [0.12, 0.005, 0.12], "id": 383, "camera_size": [51, 50], "camera_position": [246, 263], "world_position": [0.6826676981105718, 0.7250276138084847, -0.1740845398810368], "world_orientation": [-2.072655605346769e-05, 0.017910024706236736, 0.9998396024290257, -0.0007638039522917738, -0.9998393112758265, 0.01791000365727448, 0.9999997080869236, -0.0007633102272987896, 3.440297318625661e-05], "world_rotation": [0.0, 1.0, 0.0, 0.0]}, {"color": "CVBlue", "id_name": "object102412500796156", "shape": "CVCone", "id_string": "ob1241", "world_size": [0.11, 0.11, 0.11], "id": 1241, "camera_size": [45, 45], "camera_position": [256, 254], "world_position": [0.705, 0.6547388572526824, -0.15], "world_orientation": [1.0, -3.838362879530641e-17, 1.4813540171849057e-17, 3.838362879530641e-17, 1.0, 5.294293626938881e-18, -1.4813540171849057e-17, -5.294293626938881e-18, 1.0], "world_rotation": [-0.1276280613210114, 0.35710588544125776, 0.925303444577321, 4.1482206750932463e-17]}], "source": "action wait"}
{"timestamp": 1706069652.211198, "objects": [{"color": "cv_", "id_name": "hand", "shape": "CVCylinder", "id_string": "ob383", "world_size": [0.12, 0.005, 0.12], "id": 383, "camera_size": [51, 51], "camera_position": [246, 260], "world_position": [0.6903167767996099, 0.7210647288053936, -0.17408942917764297], "world_orientation": [-1.8089784727850194e-05, 0.012125300947773286, 0.9999264856726647, -0.0007629150581309942, -0.9999261950052724, 0.012125283621101128, 0.9999997088166445, -0.0007626396291735937, 2.7339024289178382e-05], "world_rotation": [0.0, 1.0, 0.0, 0.0]}, {"color": "CVBlue", "id_name": "object102412500796156", "shape": "CVCone", "id_string": "ob1241", "world_size": [0.11, 0.11, 0.11], "id": 1241, "camera_size": [45, 45], "camera_position": [256, 254], "world_position": [0.705, 0.6547388572526824, -0.15], "world_orientation": [1.0, -3.838362879530641e-17, 1.4813540171849057e-17, 3.838362879530641e-17, 1.0, 5.294293626938881e-18, -1.4813540171849057e-17, -5.294293626938881e-18, 1.0], "world_rotation": [-0.1276280613210114, 0.35710588544125776, 0.925303444577321, 4.1482206750932463e-17]}], "source": "action wait"}
{"timestamp": 1706069652.245328, "objects": [{"color": "cv_", "id_name": "hand", "shape": "CVCylinder", "id_string": "ob383", "world_size": [0.12, 0.005, 0.12], "id": 383, "camera_size": [51, 50], "camera_position": [246, 257], "world_position": [0.6956853154575849, 0.7182164398544795, -0.17409330534912193], "world_orientation": [-1.5538394740995007e-05, 0.008048036010235361, 0.9999676139130389, -0.0007624872291820635, -0.9999673234450924, 0.008048021824252242, 0.9999997091858495, -0.0007623374818647194, 2.167441167795509e-05], "world_rotation": [0.0, 1.0, 0.0, 0.0]}, {"color": "CVBlue", "id_name": "object102412500796156", "shape": "CVCone", "id_string": "ob1241", "world_size": [0.11, 0.11, 0.11], "id": 1241, "camera_size": [45, 45], "camera_position": [256, 254], "world_position": [0.705, 0.6547388572526824, -0.15], "world_orientation": [1.0, -3.838362879530641e-17, 1.4813540171849057e-17, 3.838362879530641e-17, 1.0, 5.294293626938881e-18, -1.4813540171849057e-17, -5.294293626938881e-18, 1.0], "world_rotation": [-0.1276280613210114, 0.35710588544125776, 0.925303444577321, 4.1482206750932463e-17]}], "source": "action wait"}
{"timestamp": 1706069652.278491, "objects": [{"color": "cv_", "id_name": "hand", "shape": "CVCylinder", "id_string": "ob383", "world_size": [0.12, 0.005, 0.12], "id": 383, "camera_size": [50, 50], "camera_position": [245, 256], "world_position": [0.6994567514036714, 0.7161854019645507, -0.1740963253793867], "world_orientation": [-1.3263321188214368e-05, 0.005174274940535358, 0.9999866132618598, -0.0007623385464805506, -0.9999863228259521, 0.00517426332644399, 0.9999997093319702, -0.0007622597133380269, 1.7207689021086642e-05], "world_rotation": [0.0, 1.0, 0.0, 0.0]}, {"color": "CVBlue", "id_name": "object102412500796156", "shape": "CVCone", "id_string": "ob1241", "world_size": [0.11, 0.11, 0.11], "id": 1241, "camera_size": [45, 45], "camera_position": [256, 254], "world_position": [0.705, 0.6547388572526824, -0.15], "world_orientation": [1.0, -3.838362879530641e-17, 1.4813540171849057e-17, 3.838362879530641e-17, 1.0, 5.294293626938881e-18, -1.4813540171849057e-17, -5.294293626938881e-18, 1.0], "world_rotation": [-0.1276280613210114, 0.35710588544125776, 0.925303444577321, 4.1482206750932463e-17]}], "source": "action wait"}
{"timestamp": 1706069652.309802, "objects": [{"color": "cv_", "id_name": "hand", "shape": "CVCylinder", "id_string": "ob383", "world_size": [0.12, 0.005, 0.12], "id": 383, "camera_size": [50, 50], "camera_position": [245, 255], "world_position": [0.7021082231541028, 0.7147446760320127, -0.17409864920462972], "world_orientation": [-1.1330847318002232e-05, 0.0031487508999476247, 0.9999950426074032, -0.0007623439226616083, -0.9999947521160658, 0.00314874134721317, 0.9999997093516355, -0.0007623044655164002, 1.37312189679464e-05], "world_rotation": [0.0, 1.0, 0.0, 0.0]}, {"color": "CVBlue", "id_name": "object102412500796156", "shape": "CVCone", "id_string": "ob1241", "world_size": [0.11, 0.11, 0.11], "id": 1241, "camera_size": [45, 45], "camera_position": [256, 254], "world_position": [0.705, 0.6547388572526824, -0.15], "world_orientation": [1.0, -3.838362879530641e-17, 1.4813540171849057e-17, 3.838362879530641e-17, 1.0, 5.294293626938881e-18, -1.4813540171849057e-17, -5.294293626938881e-18, 1.0], "world_rotation": [-0.1276280613210114, 0.35710588544125776, 0.925303444577321, 4.1482206750932463e-17]}], "source": "action wait"}
{"timestamp": 1706069652.345703, "objects": [{"color": "cv_", "id_name": "hand", "shape": "CVCylinder", "id_string": "ob383", "world_size": [0.12, 0.005, 0.12], "id": 383, "camera_size": [50, 50], "camera_position": [245, 254], "world_position": [0.703973442555404, 0.7137262099094308, -0.17410042083645177], "world_orientation": [-9.74126478191773e-06, 0.0017210613059041216, 0.9999985189254479, -0.0007624240609356066, -0.9999982283408401, 0.0017210533788041844, 0.9999997093072873, -0.0007624061664924161, 1.1053426074048189e-05], "world_rotation": [0.0, 1.0, 0.0, 0.0]}, {"color": "CVBlue", "id_name": "object102412500796156", "shape": "CVCone", "id_string": "ob1241", "world_size": [0.11, 0.11, 0.11], "id": 1241, "camera_size": [45, 45], "camera_position": [256, 254], "world_position": [0.705, 0.6547388572526824, -0.15], "world_orientation": [1.0, -3.838362879530641e-17, 1.4813540171849057e-17, 3.838362879530641e-17, 1.0, 5.294293626938881e-18, -1.4813540171849057e-17, -5.294293626938881e-18, 1.0], "world_rotation": [-0.1276280613210114, 0.35710588544125776, 0.925303444577321, 4.1482206750932463e-17]}], "source": "action wait"}
{"timestamp": 1706069652.37702, "objects": [{"color": "cv_", "id_name": "hand", "shape": "CVCylinder", "id_string": "ob383", "world_size": [0.12, 0.005, 0.12], "id": 383, "camera_size": [50, 50], "camera_position": [245, 253], "world_position": [0.7052861867456297, 0.71300786514109, -0.1741017619485425], "world_orientation": [-8.4631531090297e-06, 0.0007147280396115411, 0.9999997445460697, -0.0007625321153118517, -0.9999994538589132, 0.0007147213784219338, 0.9999997092365318, -0.000762525871723948, 9.008151571236283e-06], "world_rotation": [0.0, 1.0, 0.0, 0.0]}, {"color": "CVBlue", "id_name": "object102412500796156", "shape": "CVCone", "id_string": "ob1241", "world_size": [0.11, 0.11, 0.11], "id": 1241, "camera_size": [45, 45], "camera_position": [256, 254], "world_position": [0.705, 0.6547388572526824, -0.15], "world_orientation": [1.0, -3.838362879530641e-17, 1.4813540171849057e-17, 3.838362879530641e-17, 1.0, 5.294293626938881e-18, -1.4813540171849057e-17, -5.294293626938881e-18, 1.0], "world_rotation": [-0.1276280613210114, 0.35710588544125776, 0.925303444577321, 4.1482206750932463e-17]}], "source": "action wait"}
{"timestamp": 1706069652.409169, "objects": [{"color": "cv_", "id_name": "hand", "shape": "CVCylinder", "id_string": "ob383", "world_size": [0.12, 0.005, 0.12], "id": 383, "camera_size": [50, 50], "camera_position": [245, 253], "world_position": [0.7062104457934962, 0.7125019324930117, -0.17410277151325698], "world_orientation": [-7.452742498863806e-06, 5.3755358353990035e-06, 0.9999999999577801, -0.0007626424984999283, -0.9999997091737499, 5.369850494520372e-06, 0.9999997091603958, -0.0007626424584479818, 7.456839943855188e-06], "world_rotation": [0.0, 1.0, 0.0, 0.0]}, {"color": "CVBlue", "id_name": "object102412500796156", "shape": "CVCone", "id_string": "ob1241", "world_size": [0.11, 0.11, 0.11], "id": 1241, "camera_size": [45, 45], "camera_position": [256, 254], "world_position": [0.705, 0.6547388572526824, -0.15], "world_orientation": [1.0, -3.838362879530641e-17, 1.4813540171849057e-17, 3.838362879530641e-17, 1.0, 5.294293626938881e-18, -1.4813540171849057e-17, -5.294293626938881e-18, 1.0], "world_rotation": [-0.1276280613210114, 0.35710588544125776, 0.925303444577321, 4.1482206750932463e-17]}], "source": "action wait"}
{"timestamp": 1706069652.442089, "objects": [{"color": "cv_", "id_name": "hand", "shape": "CVCylinder", "id_string": "ob383", "world_size": [0.12, 0.005, 0.12], "id": 383, "camera_size": [49, 50], "camera_position": [246, 253], "world_position": [0.7068613796034809, 0.712145919521103, -0.17410352807851118], "world_orientation": [-6.664343122626078e-06, -0.0004946526448335696, 0.9999998776371662, -0.0007627427255710026, -0.9999995867686193, -0.0004946575841341362, 0.9999997090895184, -0.0007627459288078669, 6.287047662543191e-06], "world_rotation": [0.0, 1.0, 0.0, 0.0]}, {"color": "CVBlue", "id_name": "object102412500796156", "shape": "CVCone", "id_string": "ob1241", "world_size": [0.11, 0.11, 0.11], "id": 1241, "camera_size": [45, 45], "camera_position": [256, 254], "world_position": [0.705, 0.6547388572526824, -0.15], "world_orientation": [1.0, -3.838362879530641e-17, 1.4813540171849057e-17, 3.838362879530641e-17, 1.0, 5.294293626938881e-18, -1.4813540171849057e-17, -5.294293626938881e-18, 1.0], "world_rotation": [-0.1276280613210114, 0.35710588544125776, 0.925303444577321, 4.1482206750932463e-17]}], "source": "action wait"}
{"timestamp": 1706069652.484916, "objects": [{"color": "cv_", "id_name": "hand", "shape": "CVCylinder", "id_string": "ob383", "world_size": [0.12, 0.005, 0.12], "id": 383, "camera_size": [49, 49], "camera_position": [246, 253], "world_position": [0.707280644632503, 0.7119390577864388, -0.17410674606844453], "world_orientation": [-3.84012128974382e-06, -0.0008326467557323444, 0.9999996533422568, -0.0007644543742677872, -0.9999993611519993, -0.0008326494480391509, 0.9999997077973389, -0.0007644573067390062, 3.2035983822198423e-06], "world_rotation": [0.0, 1.0, 0.0, 0.0]}, {"color": "CVBlue", "id_name": "object102412500796156", "shape": "CVCone", "id_string": "ob1241", "world_size": [0.11, 0.11, 0.11], "id": 1241, "camera_size": [45, 46], "camera_position": [256, 253], "world_position": [0.7051612524960154, 0.6546060246417423, -0.15000160771377574], "world_orientation": [0.9999957560316014, 0.0029134032679735827, 4.2910499856636177e-07, -0.0029134032797490557, 0.9999957555626986, 3.062543262651333e-05, -3.3987894175958534e-07, -3.0626552809055254e-05, 0.9999999995309494], "world_rotation": [-0.010511521255675465, 0.0001319661881411507, -0.9999447437262804, 0.0029135683887199534]}], "source": "action wait"}
{"timestamp": 1706069652.517338, "objects": [{"color": "cv_", "id_name": "hand", "shape": "CVCylinder", "id_string": "ob383", "world_size": [0.12, 0.005, 0.12], "id": 383, "camera_size": [49, 50], "camera_position": [246, 252], "world_position": [0.707579554970131, 0.711789990415989, -0.17410845559516144], "world_orientation": [-1.8251254301241473e-06, -0.0010717929129742145, 0.9999994256281454, -0.0007655104686003582, -0.9999991326253002, -0.0010717939960887114, 0.9999997069951528, -0.0007655119850715303, 1.0046551523752685e-06], "world_rotation": [0.0, 1.0, 0.0, 0.0]}, {"color": "CVBlue", "id_name": "object102412500796156", "shape": "CVCone", "id_string": "ob1241", "world_size": [0.11, 0.11, 0.11], "id": 1241, "camera_size": [45, 46], "camera_position": [256, 253], "world_position": [0.705250020237971, 0.654523784044689, -0.1500024643415847], "world_orientation": [0.9999898697681475, 0.004501151026006692, 7.241325878106294e-07, -0.004501151055154791, 0.9999898686559949, 4.7165079156133796e-05, -5.118281069388243e-07, -4.7167860793108306e-05, 0.9999999988874655], "world_rotation": [-0.010478182086363613, 0.00013728630972533685, -0.9999450929189234, 0.0045014134010164025]}], "source": "action wait"}
{"timestamp": 1706069653.569225, "objects": [{"color": "cv_", "id_name": "hand", "shape": "CVCylinder", "id_string": "ob383", "world_size": [0.12, 0.005, 0.12], "id": 383, "camera_size": [49, 50], "camera_position": [246, 252], "world_position": [0.7083041695672728, 0.711437157646795, -0.17411287676338585], "world_orientation": [2.5794534911146463e-06, -0.0016404436681066769, 0.9999986544680538, -0.0007679933080547918, -0.9999983595681231, -0.0016404412033332412, 0.9999997050897692, -0.0007679880432538236, -3.839299018687441e-06], "world_rotation": [0.0, 1.0, 0.0, 0.0]}, {"color": "CVBlue", "id_name": "object102412500796156", "shape": "CVCone", "id_string": "ob1241", "world_size": [0.11, 0.11, 0.11], "id": 1241, "camera_size": [45, 46], "camera_position": [256, 253], "world_position": [0.7054646452662084, 0.6543336144599342, -0.15000469714684603], "world_orientation": [0.9999717421397555, 0.00751760658702738, -2.2653587749596088e-05, -0.007517603742469843, 0.9999717348357644, 0.00012314025732925357, 2.3578667451844526e-05, -0.00012296647695302475, 0.9999999921616459], "world_rotation": [0.01636642270387135, 0.003074505999954335, 0.9998613341962647, -0.0075187185841560315]}], "source": "action wait"}
{"timestamp": 1706069653.606952, "objects": [{"color": "cv_", "id_name": "hand", "shape": "CVCylinder", "id_string": "ob383", "world_size": [0.12, 0.005, 0.12], "id": 383, "camera_size": [51, 50], "camera_position": [246, 251], "world_position": [0.7107170998101026, 0.7320943585352722, -0.1740954005970388], "world_orientation": [2.1267994269341455e-05, 0.028661636213795874, 0.9995891706882486, -0.0007441799733630428, -0.9995888936724902, 0.02866164410452854, 0.9999997228718815, -0.0007444838180996851, 7.016481214900306e-08], "world_rotation": [0.0, 1.0, 0.0, 0.0]}, {"color": "CVBlue", "id_name": "object102412500796156", "shape": "CVCone", "id_string": "ob1241", "world_size": [0.11, 0.11, 0.11], "id": 1241, "camera_size": [46, 48], "camera_position": [252, 251], "world_position": [0.7105946266336245, 0.675707210355618, -0.15864653901706405], "world_orientation": [0.9996827105035768, -0.02518883258103655, -3.2146951196665934e-05, 0.02518883600254238, 0.9996827047850748, 0.00011088026939966357, 2.934380658042877e-05, -0.00011165483253649695, 0.9999999933360697], "world_rotation": [0.004417289868889634, 0.0012205827260322656, -0.9999894988088739, -0.025191763276312236]}], "source": "action wait"}
{"timestamp": 1706069653.636017, "objects": [{"color": "cv_", "id_name": "hand", "shape": "CVCylinder", "id_string": "ob383", "world_size": [0.12, 0.005, 0.12], "id": 383, "camera_size": [52, 53], "camera_position": [245, 250], "world_position": [0.7141257945029647, 0.7809593875365158, -0.17411238431038567], "world_orientation": [7.56974280184951e-05, 0.09913235494910509, 0.9950742537480025, -0.0007265003996519025, -0.9950739885456937, 0.09913238379527681, 0.9999997332334989, -0.0007304259095182363, -3.3048461316453475e-06], "world_rotation": [0.0, 1.0, 0.0, 0.0]}, {"color": "CVBlue", "id_name": "object102412500796156", "shape": "CVCone", "id_string": "ob1241", "world_size": [0.11, 0.11, 0.11], "id": 1241, "camera_size": [48, 53], "camera_position": [249, 248], "world_position": [0.7185811117719574, 0.7251403687429183, -0.1642252292718059], "world_orientation": [0.995264426303849, -0.09720452838153731, -3.736566972007002e-05, 0.09720453171116183, 0.9952644215497511, 0.00010105470345392953, 2.7365746869789226e-05, -0.00010420826388559411, 0.9999999941958768], "world_rotation": [0.001055829607180764, 0.00033296481599272634, -0.9999993871789483, -0.09735832086102768]}], "source": "action wait"}
{"timestamp": 1706069653.66719, "objects": [{"color": "cv_", "id_name": "hand", "shape": "CVCylinder", "id_string": "ob383", "world_size": [0.12, 0.005, 0.12], "id": 383, "camera_size": [55, 55], "camera_position": [245, 250], "world_position": [0.7131085313513136, 0.8508890618194905, -0.1741189474557215], "world_orientation": [0.00014927266563841257, 0.19838355928747206, 0.9801244518540007, -0.0007167706322009776, -0.9801241897733473, 0.19838361540460112, 0.9999997319787303, -0.0007321376740817644, -4.1102412549631535e-06], "world_rotation": [0.0, 1.0, 0.0, 0.0]}, {"color": "CVBlue", "id_name": "object102412500796156", "shape": "CVCone", "id_string": "ob1241", "world_size": [0.11, 0.11, 0.11], "id": 1241, "camera_size": [51, 60], "camera_position": [248, 245], "world_position": [0.7235150082738054, 0.795941681645121, -0.1677915097731017], "world_orientation": [0.9803132070593232, -0.19744876321533789, -4.43824047380453e-05, 0.19744876630183955, 0.9803132040489603, 8.156680098004441e-05, 2.7403393419209552e-05, -8.872426331935287e-05, 0.9999999956885296], "world_rotation": [0.000431228440098026, 0.00018178333600710441, -0.9999998904984195, -0.19875478795538626]}], "source": "action wait"}
{"timestamp": 1706069653.698057, "objects": [{"color": "cv_", "id_name": "hand", "shape": "CVCylinder", "id_string": "ob383", "world_size": [0.12, 0.005, 0.12], "id": 383, "camera_size": [59, 57], "camera_position": [244, 254], "world_position": [0.7045954770152353, 0.9204408014464881, -0.17411996007771044], "world_orientation": [0.00022322589483892094, 0.29569176411537323, 0.9552833772261183, -0.0007078745454653146, -0.9552831149631092, 0.29569184834893075, 0.9999997245418759, -0.0007422268638890059, -3.931255040689638e-06], "world_rotation": [0.0, 1.0, 0.0, 0.0]}, {"color": "CVBlue", "id_name": "object102412500796156", "shape": "CVCone", "id_string": "ob1241", "world_size": [0.11, 0.11, 0.11], "id": 1241, "camera_size": [54, 67], "camera_position": [246, 246], "world_position": [0.7207027544899263, 0.8669107748371132, -0.17007099951956753], "world_orientation": [0.955379149689595, -0.2953822575796166, -4.7387295244012444e-05, 0.29538226005205914, 0.955379148314219, 5.842033330938894e-05, 2.8016503829658086e-05, -6.98109347286373e-05, 0.9999999971707545], "world_rotation": [0.00021705986081688814, 0.00012763765329952087, -0.9999999682968226, -0.2998556158979858]}], "source": "action wait"}
{"timestamp": 1706069653.730971, "objects": [{"color": "cv_", "id_name": "hand", "shape": "CVCylinder", "id_string": "ob383", "world_size": [0.12, 0.005, 0.12], "id": 383, "camera_size": [62, 59], "camera_position": [243, 262], "world_position": [0.6888658745780273, 0.9887049513150266, -0.1741198461803553], "world_orientation": [0.00029633572874274074, 0.3900115422099945, 0.9208099201942372, -0.0006881985080451741, -0.920809663030777, 0.39001165476426514, 0.9999997192839353, -0.0007492744012038001, -4.463441057789887e-06], "world_rotation": [0.0, 1.0, 0.0, 0.0]}, {"color": "CVBlue", "id_name": "object102412500796156", "shape": "CVCone", "id_string": "ob1241", "world_size": [0.11, 0.11, 0.11], "id": 1241, "camera_size": [57, 75], "camera_position": [245, 251], "world_position": [0.7104151429490694, 0.9371220731006312, -0.1715289885730921], "world_orientation": [0.9207790899733285, -0.3900844334044201, -4.7785371139702464e-05, 0.39008443534766035, 0.9207790894421218, 4.178078561894442e-05, 2.770173644131161e-05, -5.711120327949158e-05, 0.9999999979854621], "world_rotation": [0.000126757156818162, 9.67573940010766e-05, -0.9999999872853149, -0.4007232951485924]}], "source": "action wait"}
{"timestamp": 1706069653.756838, "objects": [{"color": "cv_", "id_name": "hand", "shape": "CVCylinder", "id_string": "ob383", "world_size": [0.12, 0.005, 0.12], "id": 383, "camera_size": [66, 60], "camera_position": [242, 274], "world_position": [0.6661883598716327, 1.0549945813976278, -0.17411949502736285], "world_orientation": [0.00036735806469896675, 0.4803947809050255, 0.877052290075834, -0.0006589916243994686, -0.8770520425201936, 0.48039492133160144, 0.9999997153890051, -0.0007544470619120888, -5.616003958370299e-06], "world_rotation": [0.0, 1.0, 0.0, 0.0]}, {"color": "CVBlue", "id_name": "object102412500796156", "shape": "CVCone", "id_string": "ob1241", "world_size": [0.11, 0.11, 0.11], "id": 1241, "camera_size": [60, 83], "camera_position": [243, 260], "world_position": [0.6929006902172523, 1.0058725024092572, -0.1724617603020041], "world_orientation": [0.8768902939069663, -0.48069055563931995, -4.659309320416633e-05, 0.4806905571588186, 0.8768902938136187, 2.9560283022163887e-05, 2.6647682318707212e-05, -4.8317985199341885e-05, 0.9999999984776367], "world_rotation": [8.100665459644839e-05, 7.618287284306944e-05, -0.9999999938170459, -0.5014420520034121]}], "source": "action wait"}
{"timestamp": 1706069653.791547, "objects": [{"color": "cv_", "id_name": "hand", "shape": "CVCylinder", "id_string": "ob383", "world_size": [0.12, 0.005, 0.12], "id": 383, "camera_size": [70, 61], "camera_position": [241, 290], "world_position": [0.641856934126223, 1.1077762871325336, -0.17411806241039576], "world_orientation": [0.00043036926686323713, 0.5515623110431348, 0.8341335815198009, -0.0006382405318762643, -0.8341333373726642, 0.5515624789020412, 0.9999997037156151, -0.0007697534003994749, -6.955930107681616e-06], "world_rotation": [0.0, 1.0, 0.0, 0.0]}, {"color": "CVBlue", "id_name": "object102412500796156", "shape": "CVCone", "id_string": "ob1241", "world_size": [0.11, 0.11, 0.11], "id": 1241, "camera_size": [64, 89], "camera_position": [242, 272], "world_position": [0.6725677756457109, 1.0611763742538123, -0.17305812440768592], "world_orientation": [0.833856385428884, -0.5519814553316196, -3.8071830304529485e-05, 0.551981456062917, 0.8338563857331648, 1.1605425303916171e-05, 2.5340459266983277e-05, -3.069220232176293e-05, 0.9999999992079249], "world_rotation": [3.831435557144146e-05, 5.7440597655815726e-05, -0.999999997616294, -0.5847386310430573]}], "source": "action wait"}
{"timestamp": 1706069653.833717, "objects": [{"color": "cv_", "id_name": "hand", "shape": "CVCylinder", "id_string": "ob383", "world_size": [0.12, 0.005, 0.12], "id": 383, "camera_size": [73, 61], "camera_position": [241, 303], "world_position": [0.6216347165370821, 1.143438950008229, -0.17411831471047612], "world_orientation": [0.00047521290782828035, 0.5995183716769601, 0.8003608537369244, -0.0006174220275137399, -0.8003606156529007, 0.5995185599310083, 0.9999996964813201, -0.000779059379218774, -1.0185846902612699e-05], "world_rotation": [0.0, 1.0, 0.0, 0.0]}, {"color": "CVBlue", "id_name": "object102412500796156", "shape": "CVCone", "id_string": "ob1241", "world_size": [0.11, 0.11, 0.11], "id": 1241, "camera_size": [67, 93], "camera_position": [242, 283], "world_position": [0.6549767730153233, 1.0989114314686335, -0.17344089693058992], "world_orientation": [0.7999960879011834, -0.6000052153647967, -2.962846793002e-05, 0.6000052156889227, 0.7999960882023432, 2.652924246931182e-06, 2.2110890059318146e-05, -1.9899564309927116e-05, 0.999999999557558], "world_rotation": [1.8793577079251062e-05, 4.311575682444543e-05, -0.9999999988939167, -0.6435076290473715]}], "source": "action wait"}
{"timestamp": 1706069653.868607, "objects": [{"color": "cv_", "id_name": "hand", "shape": "CVCylinder", "id_string": "ob383", "world_size": [0.12, 0.005, 0.12], "id": 383, "camera_size": [75, 62], "camera_position": [241, 313], "world_position": [0.605968216413954, 1.1676941593458259, -0.17411959561484888], "world_orientation": [0.0005052221957237514, 0.632111201011166, 0.7748775221328555, -0.0005975328102019807, -0.7748772918669955, 0.6321114027633201, 0.99999969385249, -0.0007823714542085512, -1.3778024512654118e-05], "world_rotation": [0.0, 1.0, 0.0, 0.0]}, {"color": "CVBlue", "id_name": "object102412500796156", "shape": "CVCone", "id_string": "ob1241", "world_size": [0.11, 0.11, 0.11], "id": 1241, "camera_size": [68, 96], "camera_position": [241, 292], "world_position": [0.6410642345598949, 1.1247570902788482, -0.17368682214598768], "world_orientation": [0.7744500935692344, -0.6326350069224632, -2.4224347884907835e-05, 0.6326350071155286, 0.7744500937902813, 3.994953496662721e-07, 1.850781374817366e-05, -1.5634559707467222e-05, 0.9999999997065109], "world_rotation": [1.2672437399769245e-05, 3.377315603086479e-05, -0.9999999993493917, -0.6849509266667037]}], "source": "action wait"}
{"timestamp": 1706069653.895999, "objects": [{"color": "cv_", "id_name": "hand", "shape": "CVCylinder", "id_string": "ob383", "world_size": [0.12, 0.005, 0.12], "id": 383, "camera_size": [76, 62], "camera_position": [240, 321], "world_position": [0.5942716230046329, 1.1843284944001267, -0.17412104774148593], "world_orientation": [0.000524939144095503, 0.654450451937083, 0.7561047086206002, -0.000580678373890915, -0.7561044858324316, 0.6544506622478892, 0.9999996936257136, -0.0007826004231862437, -1.6883617416133455e-05], "world_rotation": [0.0, 1.0, 0.0, 0.0]}, {"color": "CVBlue", "id_name": "object102412500796156", "shape": "CVCone", "id_string": "ob1241", "world_size": [0.11, 0.11, 0.11], "id": 1241, "camera_size": [69, 98], "camera_position": [241, 299], "world_position": [0.6305528567965023, 1.1425689749471137, -0.17384472883862045], "world_orientation": [0.7556337939341723, -0.6549943274640899, -2.1319327251733694e-05, 0.6549943276302592, 0.7556337940900844, 1.099546609550372e-06, 1.5389407346637793e-05, -1.4794892994960778e-05, 0.9999999997721388], "world_rotation": [1.2133265074693285e-05, 2.8022177473447607e-05, -0.9999999995337706, -0.7141751139752234]}], "source": "action wait"}
{"timestamp": 1706069653.929463, "objects": [{"color": "cv_", "id_name": "hand", "shape": "CVCylinder", "id_string": "ob383", "world_size": [0.12, 0.005, 0.12], "id": 383, "camera_size": [78, 63], "camera_position": [240, 328], "world_position": [0.5857268188928241, 1.1958194335341314, -0.17412232278708972], "world_orientation": [0.0005377599447783448, 0.6698712533280653, 0.7424770803054656, -0.0005672382280523014, -0.7424768638766627, 0.6698714689018103, 0.9999996945274706, -0.0007813914275271925, -1.9297734556012518e-05], "world_rotation": [0.0, 1.0, 0.0, 0.0]}, {"color": "CVBlue", "id_name": "object102412500796156", "shape": "CVCone", "id_string": "ob1241", "world_size": [0.11, 0.11, 0.11], "id": 1241, "camera_size": [70, 99], "camera_position": [240, 305], "world_position": [0.6228186104401975, 1.1549137190448515, -0.17394605147599781], "world_orientation": [0.7419764797433177, -0.6704259117190097, -2.0086037554476968e-05, 0.6704259118945586, 0.7419764798509326, 2.8928198102232e-06, 1.2963946080116756e-05, -1.5612604303129715e-05, 0.9999999997940914], "world_rotation": [1.380124468645409e-05, 2.464849809603672e-05, -0.9999999996009885, -0.7347826623844651]}], "source": "action wait"}
