{"timestamp": 1706069450.569633, "objects": [{"color": "cv_", "id_name": "hand", "shape": "CVCylinder", "id_string": "ob383", "world_size": [0.12, 0.005, 0.12], "id": 383, "camera_size": [48, 50], "camera_position": [246, 426], "world_position": [0.2676445155647255, 0.6334703012252935, -0.17389260400887327], "world_orientation": [-0.0006415497569158897, 0.19791547464416848, 0.9802188803069868, -0.0007473672405149028, -0.9802189031698426, 0.19791499011120545, 0.9999995149279409, -0.00060561116588007, 0.000776774741193411], "world_rotation": [0.0, 1.0, 0.0, 0.0]}, {"color": "CVPurple", "id_name": "object129642581334485", "shape": "CVSphere", "id_string": "ob1206", "world_size": [0.1, 0.1, 0.1], "id": 1206, "camera_size": [41, 41], "camera_position": [256, 254], "world_position": [0.705, 0.6498037994254439, -0.15], "world_orientation": [1.0, 8.100187187665134e-17, -1.2653630886983698e-17, -8.100187187665134e-17, 1.0, -1.9397816686250694e-16, 1.2653630886983698e-17, 1.9397816686250694e-16, 1.0], "world_rotation": [-0.9211093596285536, 0.06008602943210125, 0.38463907325148433, -2.1059189642881336e-16]}], "source": "action wait"}
{"timestamp": 1706069450.598646, "objects": [{"color": "cv_", "id_name": "hand", "shape": "CVCylinder", "id_string": "ob383", "world_size": [0.12, 0.005, 0.12], "id": 383, "camera_size": [49, 51], "camera_position": [246, 421], "world_position": [0.290941336120345, 0.667604983352394, -0.17395619135863358], "world_orientation": [-0.00038401114134076127, 0.19663834064601984, 0.9804760147619234, -0.0007156021004823565, -0.9804758900464369, 0.19663803536264648, 0.9999996702244842, -0.0006261194992458602, 0.0005172284751959165], "world_rotation": [0.0, 1.0, 0.0, 0.0]}, {"color": "CVPurple", "id_name": "object129642581334485", "shape": "CVSphere", "id_string": "ob1206", "world_size": [0.1, 0.1, 0.1], "id": 1206, "camera_size": [41, 41], "camera_position": [256, 254], "world_position": [0.705, 0.6498037994254439, -0.15], "world_orientation": [1.0, 8.100187187665134e-17, -1.2653630886983698e-17, -8.100187187665134e-17, 1.0, -1.9397816686250694e-16, 1.2653630886983698e-17, 1.9397816686250694e-16, 1.0], "world_rotation": [-0.9211093596285536, 0.06008602943210125, 0.38463907325148433, -2.1059189642881336e-16]}], "source": "action wait"}
{"timestamp": 1706069450.627909, "objects": [{"color": "cv_", "id_name": "hand", "shape": "CVCylinder", "id_string": "ob383", "world_size": [0.12, 0.005, 0.12], "id": 383, "camera_size": [51, 52], "camera_position": [246, 406], "world_position": [0.33686905354562174, 0.7054544258233334, -0.1739840412587389], "world_orientation": [-0.00022531408778958865, 0.1838558271941437, 0.9829531952439643, -0.0007320911891057593, -0.9829529871109576, 0.1838556204529426, 0.9999997066379834, -0.000678186112134409, 0.0003560723867859653], "world_rotation": [0.0, 1.0, 0.0, 0.0]}, {"color": "CVPurple", "id_name": "object129642581334485", "shape": "CVSphere", "id_string": "ob1206", "world_size": [0.1, 0.1, 0.1], "id": 1206, "camera_size": [41, 41], "camera_position": [256, 254], "world_position": [0.705, 0.6498037994254439, -0.15], "world_orientation": [1.0, 8.100187187665134e-17, -1.2653630886983698e-17, -8.100187187665134e-17, 1.0, -1.9397816686250694e-16, 1.2653630886983698e-17, 1.9397816686250694e-16, 1.0], "world_rotation": [-0.9211093596285536, 0.06008602943210125, 0.38463907325148433, -2.1059189642881336e-16]}], "source": "action wait"}
{"timestamp": 1706069450.664725, "objects": [{"color": "cv_", "id_name": "hand", "shape": "CVCylinder", "id_string": "ob383", "world_size": [0.12, 0.005, 0.12], "id": 383, "camera_size": [51, 52], "camera_position": [246, 388], "world_position": [0.38735265349829046, 0.7385460617425946, -0.17400456724932267], "world_orientation": [-0.00012243796762266305, 0.1747526884113795, 0.9846123515891618, -0.0007433692955217747, -0.9846121028273443, 0.17475255182115526, 0.9999997162054771, -0.0007105342428813132, 0.00025045968764218226], "world_rotation": [0.0, 1.0, 0.0, 0.0]}, {"color": "CVPurple", "id_name": "object129642581334485", "shape": "CVSphere", "id_string": "ob1206", "world_size": [0.1, 0.1, 0.1], "id": 1206, "camera_size": [41, 41], "camera_position": [256, 254], "world_position": [0.705, 0.6498037994254439, -0.15], "world_orientation": [1.0, 8.100187187665134e-17, -1.2653630886983698e-17, -8.100187187665134e-17, 1.0, -1.9397816686250694e-16, 1.2653630886983698e-17, 1.9397816686250694e-16, 1.0], "world_rotation": [-0.9211093596285536, 0.06008602943210125, 0.38463907325148433, -2.1059189642881336e-16]}], "source": "action wait"}
{"timestamp": 1706069450.700757, "objects": [{"color": "cv_", "id_name": "hand", "shape": "CVCylinder", "id_string": "ob383", "world_size": [0.12, 0.005, 0.12], "id": 383, "camera_size": [52, 53], "camera_position": [245, 368], "world_position": [0.4414120395467749, 0.7664372193046985, -0.17402307608525894], "world_orientation": [-5.003745442212428e-05, 0.1683207025646321, 0.9857322854530036, -0.0007507657590248209, -0.9857320152065603, 0.16832061830800413, 0.9999997169234741, -0.0007316317122168012, 0.00017569294080427438], "world_rotation": [0.0, 1.0, 0.0, 0.0]}, {"color": "CVPurple", "id_name": "object129642581334485", "shape": "CVSphere", "id_string": "ob1206", "world_size": [0.1, 0.1, 0.1], "id": 1206, "camera_size": [41, 41], "camera_position": [256, 254], "world_position": [0.705, 0.6498037994254439, -0.15], "world_orientation": [1.0, 8.100187187665134e-17, -1.2653630886983698e-17, -8.100187187665134e-17, 1.0, -1.9397816686250694e-16, 1.2653630886983698e-17, 1.9397816686250694e-16, 1.0], "world_rotation": [-0.9211093596285536, 0.06008602943210125, 0.38463907325148433, -2.1059189642881336e-16]}], "source": "action wait"}
{"timestamp": 1706069450.741462, "objects": [{"color": "cv_", "id_name": "hand", "shape": "CVCylinder", "id_string": "ob383", "world_size": [0.12, 0.005, 0.12], "id": 383, "camera_size": [52, 53], "camera_position": [245, 344], "world_position": [0.4986061357099055, 0.7804308801348435, -0.1740382737217132], "world_orientation": [-7.200127160755346e-06, 0.1517781758107824, 0.9884145816891359, -0.0007645438861369234, -0.9884142936725449, 0.1517781260144251, 0.9999997077103596, -0.0007545935035917979, 0.00012315778496751456], "world_rotation": [0.0, 1.0, 0.0, 0.0]}, {"color": "CVPurple", "id_name": "object129642581334485", "shape": "CVSphere", "id_string": "ob1206", "world_size": [0.1, 0.1, 0.1], "id": 1206, "camera_size": [41, 41], "camera_position": [256, 254], "world_position": [0.705, 0.6498037994254439, -0.15], "world_orientation": [1.0, 8.100187187665134e-17, -1.2653630886983698e-17, -8.100187187665134e-17, 1.0, -1.9397816686250694e-16, 1.2653630886983698e-17, 1.9397816686250694e-16, 1.0], "world_rotation": [-0.9211093596285536, 0.06008602943210125, 0.38463907325148433, -2.1059189642881336e-16]}], "source": "action wait"}
{"timestamp": 1706069450.776731, "objects": [{"color": "cv_", "id_name": "hand", "shape": "CVCylinder", "id_string": "ob383", "world_size": [0.12, 0.005, 0.12], "id": 383, "camera_size": [52, 53], "camera_position": [245, 318], "world_position": [0.5571484893190614, 0.7713815297196487, -0.17405008885930567], "world_orientation": [-1.3496476761660556e-06, 0.1122775666674398, 0.9936768831070879, -0.000777012873403024, -0.9936765832599774, 0.11227753173174007, 0.9999996981245409, -0.000771948195067765, 8.858222798682709e-05], "world_rotation": [0.0, 1.0, 0.0, 0.0]}, {"color": "CVPurple", "id_name": "object129642581334485", "shape": "CVSphere", "id_string": "ob1206", "world_size": [0.1, 0.1, 0.1], "id": 1206, "camera_size": [41, 41], "camera_position": [256, 254], "world_position": [0.705, 0.6498037994254439, -0.15], "world_orientation": [1.0, 8.100187187665134e-17, -1.2653630886983698e-17, -8.100187187665134e-17, 1.0, -1.9397816686250694e-16, 1.2653630886983698e-17, 1.9397816686250694e-16, 1.0], "world_rotation": [-0.9211093596285536, 0.06008602943210125, 0.38463907325148433, -2.1059189642881336e-16]}], "source": "action wait"}
{"timestamp": 1706069450.806561, "objects": [{"color": "cv_", "id_name": "hand", "shape": "CVCylinder", "id_string": "ob383", "world_size": [0.12, 0.005, 0.12], "id": 383, "camera_size": [52, 51], "camera_position": [245, 298], "world_position": [0.6022838972173179, 0.7574732770933672, -0.1740557717313156], "world_orientation": [-1.589836101663796e-05, 0.07872888417169543, 0.9968960640630105, -0.0007751432164803292, -0.9968957656681604, 0.07872884824437937, 0.9999996994500729, -0.000771485561942868, 7.687516928569736e-05], "world_rotation": [0.0, 1.0, 0.0, 0.0]}, {"color": "CVPurple", "id_name": "object129642581334485", "shape": "CVSphere", "id_string": "ob1206", "world_size": [0.1, 0.1, 0.1], "id": 1206, "camera_size": [41, 41], "camera_position": [256, 254], "world_position": [0.705, 0.6498037994254439, -0.15], "world_orientation": [1.0, 8.100187187665134e-17, -1.2653630886983698e-17, -8.100187187665134e-17, 1.0, -1.9397816686250694e-16, 1.2653630886983698e-17, 1.9397816686250694e-16, 1.0], "world_rotation": [-0.9211093596285536, 0.06008602943210125, 0.38463907325148433, -2.1059189642881336e-16]}], "source": "action wait"}
{"timestamp": 1706069450.836039, "objects": [{"color": "cv_", "id_name": "hand", "shape": "CVCylinder", "id_string": "ob383", "world_size": [0.12, 0.005, 0.12], "id": 383, "camera_size": [51, 51], "camera_position": [246, 284], "world_position": [0.6339448921260052, 0.7452220002225157, -0.1740634944438499], "world_orientation": [-2.2325450722370295e-05, 0.05502107700627523, 0.9984851929731576, -0.0007712577131859899, -0.9984848972006415, 0.05502104346306557, 0.9999997023315128, -0.0007688610369883327, 6.472705539875783e-05], "world_rotation": [0.0, 1.0, 0.0, 0.0]}, {"color": "CVPurple", "id_name": "object129642581334485", "shape": "CVSphere", "id_string": "ob1206", "world_size": [0.1, 0.1, 0.1], "id": 1206, "camera_size": [41, 41], "camera_position": [256, 254], "world_position": [0.705, 0.6498037994254439, -0.15], "world_orientation": [1.0, 8.100187187665134e-17, -1.2653630886983698e-17, -8.100187187665134e-17, 1.0, -1.9397816686250694e-16, 1.2653630886983698e-17, 1.9397816686250694e-16, 1.0], "world_rotation": [-0.9211093596285536, 0.06008602943210125, 0.38463907325148433, -2.1059189642881336e-16]}], "source": "action wait"}
{"timestamp": 1706069450.86795, "objects": [{"color": "cv_", "id_name": "hand", "shape": "CVCylinder", "id_string": "ob383", "world_size": [0.12, 0.005, 0.12], "id": 383, "camera_size": [51, 51], "camera_position": [246, 275], "world_position": [0.6560911509544454, 0.7354023662235709, -0.17407139163794283], "world_orientation": [-2.3804785760541327e-05, 0.038291208468630704, 0.9992666224723731, -0.0007677731620168443, -0.9992663289336315, 0.03829117893033957, 0.9999997049788085, -0.0007662985811229327, 5.318628308177236e-05], "world_rotation": [0.0, 1.0, 0.0, 0.0]}, {"color": "CVPurple", "id_name": "object129642581334485", "shape": "CVSphere", "id_string": "ob1206", "world_size": [0.1, 0.1, 0.1], "id": 1206, "camera_size": [41, 41], "camera_position": [256, 254], "world_position": [0.705, 0.6498037994254439, -0.15], "world_orientation": [1.0, 8.100187187665134e-17, -1.2653630886983698e-17, -8.100187187665134e-17, 1.0, -1.9397816686250694e-16, 1.2653630886983698e-17, 1.9397816686250694e-16, 1.0], "world_rotation": [-0.9211093596285536, 0.06008602943210125, 0.38463907325148433, -2.1059189642881336e-16]}], "source": "action wait"}
{"timestamp": 1706069450.890902, "objects": [{"color": "cv_", "id_name": "hand", "shape": "CVCylinder", "id_string": "ob383", "world_size": [0.12, 0.005, 0.12], "id": 383, "camera_size": [51, 51], "camera_position": [246, 268], "world_position": [0.6715820736698181, 0.727915650845284, -0.17407850823504445], "world_orientation": [-2.2720111550790177e-05, 0.02649315136812437, 0.9996489946047975, -0.0007652792642941894, -0.9996487026000154, 0.026493126235946088, 0.9999997069156792, -0.0007644087203605023, 4.298678942288166e-05], "world_rotation": [0.0, 1.0, 0.0, 0.0]}, {"color": "CVPurple", "id_name": "object129642581334485", "shape": "CVSphere", "id_string": "ob1206", "world_size": [0.1, 0.1, 0.1], "id": 1206, "camera_size": [41, 41], "camera_position": [256, 254], "world_position": [0.705, 0.6498037994254439, -0.15], "world_orientation": [1.0, 8.100187187665134e-17, -1.2653630886983698e-17, -8.100187187665134e-17, 1.0, -1.9397816686250694e-16, 1.2653630886983698e-17, 1.9397816686250694e-16, 1.0], "world_rotation": [-0.9211093596285536, 0.06008602943210125, 0.38463907325148433, -2.1059189642881336e-16]}], "source": "action wait"}
{"timestamp": 1706069450.923992, "objects": [{"color": "cv_", "id_name": "hand", "shape": "CVCylinder", "id_string": "ob383", "world_size": [0.12, 0.005, 0.12], "id": 383, "camera_size": [51, 50], "camera_position": [246, 263], "world_position": [0.6824281478376226, 0.7223729877855251, -0.17408451869114613], "world_orientation": [-2.0490592315903934e-05, 0.01817567743122414, 0.9998348085209136, -0.0007637158534941281, -0.9998345174324218, 0.018175656488044156, 0.9999997081590728, -0.0007632172641759168, 3.436825448266842e-05], "world_rotation": [0.0, 1.0, 0.0, 0.0]}, {"color": "CVPurple", "id_name": "object129642581334485", "shape": "CVSphere", "id_string": "ob1206", "world_size": [0.1, 0.1, 0.1], "id": 1206, "camera_size": [41, 41], "camera_position": [256, 254], "world_position": [0.705, 0.6498037994254439, -0.15], "world_orientation": [1.0, 8.100187187665134e-17, -1.2653630886983698e-17, -8.100187187665134e-17, 1.0, -1.9397816686250694e-16, 1.2653630886983698e-17, 1.9397816686250694e-16, 1.0], "world_rotation": [-0.9211093596285536, 0.06008602943210125, 0.38463907325148433, -2.1059189642881336e-16]}], "source": "action wait"}
{"timestamp": 1706069450.958758, "objects": [{"color": "cv_", "id_name": "hand", "shape": "CVCylinder", "id_string": "ob383", "world_size": [0.12, 0.005, 0.12], "id": 383, "camera_size": [51, 50], "camera_position": [246, 260], "world_position": [0.6900311877521373, 0.7183439979320745, -0.17408940264699763], "world_orientation": [-1.7913787391318334e-05, 0.012312812442093223, 0.9999241942911783, -0.0007628461211112202, -0.9999239036747907, 0.012312795197018011, 0.9999997088724035, -0.0007625677242252542, 2.730520542971651e-05], "world_rotation": [0.0, 1.0, 0.0, 0.0]}, {"color": "CVPurple", "id_name": "object129642581334485", "shape": "CVSphere", "id_string": "ob1206", "world_size": [0.1, 0.1, 0.1], "id": 1206, "camera_size": [41, 41], "camera_position": [256, 254], "world_position": [0.705, 0.6498037994254439, -0.15], "world_orientation": [1.0, 8.100187187665134e-17, -1.2653630886983698e-17, -8.100187187665134e-17, 1.0, -1.9397816686250694e-16, 1.2653630886983698e-17, 1.9397816686250694e-16, 1.0], "world_rotation": [-0.9211093596285536, 0.06008602943210125, 0.38463907325148433, -2.1059189642881336e-16]}], "source": "action wait"}
{"timestamp": 1706069450.993825, "objects": [{"color": "cv_", "id_name": "hand", "shape": "CVCylinder", "id_string": "ob383", "world_size": [0.12, 0.005, 0.12], "id": 383, "camera_size": [50, 50], "camera_position": [245, 257], "world_position": [0.6953669023229078, 0.7154496051442957, -0.17409327290787097], "world_orientation": [-1.5407286011199164e-05, 0.008180397589254722, 0.9999665398691586, -0.0007624344758395519, -0.9999662494404603, 0.008180383465914272, 0.9999997092281004, -0.0007622829271748585, 2.1643783155165107e-05], "world_rotation": [0.0, 1.0, 0.0, 0.0]}, {"color": "CVPurple", "id_name": "object129642581334485", "shape": "CVSphere", "id_string": "ob1206", "world_size": [0.1, 0.1, 0.1], "id": 1206, "camera_size": [41, 41], "camera_position": [256, 254], "world_position": [0.705, 0.6498037994254439, -0.15], "world_orientation": [1.0, 8.100187187665134e-17, -1.2653630886983698e-17, -8.100187187665134e-17, 1.0, -1.9397816686250694e-16, 1.2653630886983698e-17, 1.9397816686250694e-16, 1.0], "world_rotation": [-0.9211093596285536, 0.06008602943210125, 0.38463907325148433, -2.1059189642881336e-16]}], "source": "action wait"}
{"timestamp": 1706069451.030578, "objects": [{"color": "cv_", "id_name": "hand", "shape": "CVCylinder", "id_string": "ob383", "world_size": [0.12, 0.005, 0.12], "id": 383, "camera_size": [50, 50], "camera_position": [245, 256], "world_position": [0.6991150446066324, 0.7133862937908759, -0.17409628737330143], "world_orientation": [-1.3165665075303427e-05, 0.00526771663941651, 0.9999861253977839, -0.0007622988034548833, -0.9999858349915738, 0.005267705073308038, 0.9999997093635576, -0.0007622188740218684, 1.7181052675079512e-05], "world_rotation": [0.0, 1.0, 0.0, 0.0]}, {"color": "CVPurple", "id_name": "object129642581334485", "shape": "CVSphere", "id_string": "ob1206", "world_size": [0.1, 0.1, 0.1], "id": 1206, "camera_size": [41, 41], "camera_position": [256, 254], "world_position": [0.705, 0.6498037994254439, -0.15], "world_orientation": [1.0, 8.100187187665134e-17, -1.2653630886983698e-17, -8.100187187665134e-17, 1.0, -1.9397816686250694e-16, 1.2653630886983698e-17, 1.9397816686250694e-16, 1.0], "world_rotation": [-0.9211093596285536, 0.06008602943210125, 0.38463907325148433, -2.1059189642881336e-16]}], "source": "action wait"}
{"timestamp": 1706069451.062781, "objects": [{"color": "cv_", "id_name": "hand", "shape": "CVCylinder", "id_string": "ob383", "world_size": [0.12, 0.005, 0.12], "id": 383, "camera_size": [49, 50], "camera_position": [246, 255], "world_position": [0.7017500358599947, 0.711922916194045, -0.17409860635305333], "world_orientation": [-1.1258054568290682e-05, 0.003214727583501452, 0.9999948326865596, -0.0007623143177279541, -0.99999454221742, 0.0032147180674973377, 0.9999997093750264, -0.0007622741871398743, 1.3708625989140157e-05], "world_rotation": [0.0, 1.0, 0.0, 0.0]}, {"color": "CVPurple", "id_name": "object129642581334485", "shape": "CVSphere", "id_string": "ob1206", "world_size": [0.1, 0.1, 0.1], "id": 1206, "camera_size": [41, 41], "camera_position": [256, 254], "world_position": [0.705, 0.6498037994254439, -0.15], "world_orientation": [1.0, 8.100187187665134e-17, -1.2653630886983698e-17, -8.100187187665134e-17, 1.0, -1.9397816686250694e-16, 1.2653630886983698e-17, 1.9397816686250694e-16, 1.0], "world_rotation": [-0.9211093596285536, 0.06008602943210125, 0.38463907325148433, -2.1059189642881336e-16]}], "source": "action wait"}
{"timestamp": 1706069451.102644, "objects": [{"color": "cv_", "id_name": "hand", "shape": "CVCylinder", "id_string": "ob383", "world_size": [0.12, 0.005, 0.12], "id": 383, "camera_size": [49, 50], "camera_position": [246, 254], "world_position": [0.7036036179710878, 0.7108885220163453, -0.17410037395221026], "world_orientation": [-9.686916357025945e-06, 0.001767656865882374, 0.9999984376464638, -0.0007624021909957175, -0.9999981470782977, 0.001767648966919326, 0.9999997093244891, -0.0007623838767866328, 1.103456387577066e-05], "world_rotation": [0.0, 1.0, 0.0, 0.0]}, {"color": "CVPurple", "id_name": "object129642581334485", "shape": "CVSphere", "id_string": "ob1206", "world_size": [0.1, 0.1, 0.1], "id": 1206, "camera_size": [41, 41], "camera_position": [256, 254], "world_position": [0.705, 0.6498037994254439, -0.15], "world_orientation": [1.0, 8.100187187665134e-17, -1.2653630886983698e-17, -8.100187187665134e-17, 1.0, -1.9397816686250694e-16, 1.2653630886983698e-17, 1.9397816686250694e-16, 1.0], "world_rotation": [-0.9211093596285536, 0.06008602943210125, 0.38463907325148433, -2.1059189642881336e-16]}], "source": "action wait"}
{"timestamp": 1706069451.131815, "objects": [{"color": "cv_", "id_name": "hand", "shape": "CVCylinder", "id_string": "ob383", "world_size": [0.12, 0.005, 0.12], "id": 383, "camera_size": [49, 49], "camera_position": [246, 254], "world_position": [0.704908155101508, 0.7101589625198843, -0.17410171180391376], "world_orientation": [-8.422460883106458e-06, 0.0007476471661828332, 0.9999997204763494, -0.0007625160591416935, -0.9999994298012889, 0.0007476405265972873, 0.9999997092491186, -0.0007625095490276943, 8.992549051780843e-06], "world_rotation": [0.0, 1.0, 0.0, 0.0]}, {"color": "CVPurple", "id_name": "object129642581334485", "shape": "CVSphere", "id_string": "ob1206", "world_size": [0.1, 0.1, 0.1], "id": 1206, "camera_size": [41, 41], "camera_position": [256, 254], "world_position": [0.705, 0.6498037994254439, -0.15], "world_orientation": [1.0, 8.100187187665134e-17, -1.2653630886983698e-17, -8.100187187665134e-17, 1.0, -1.9397816686250694e-16, 1.2653630886983698e-17, 1.9397816686250694e-16, 1.0], "world_rotation": [-0.9211093596285536, 0.06008602943210125, 0.38463907325148433, -2.1059189642881336e-16]}], "source": "action wait"}
{"timestamp": 1706069451.163624, "objects": [{"color": "cv_", "id_name": "hand", "shape": "CVCylinder", "id_string": "ob383", "world_size": [0.12, 0.005, 0.12], "id": 383, "camera_size": [49, 50], "camera_position": [246, 253], "world_position": [0.7058266307727589, 0.7096451266701351, -0.17410271878449743], "world_orientation": [-7.42213964965199e-06, 2.864386258781965e-05, 0.9999999995622206, -0.0007626307641591908, -0.9999997087870433, 2.863819390724384e-05, 0.9999997091695724, -0.0007626305512690112, 7.443982179406837e-06], "world_rotation": [0.0, 1.0, 0.0, 0.0]}, {"color": "CVPurple", "id_name": "object129642581334485", "shape": "CVSphere", "id_string": "ob1206", "world_size": [0.1, 0.1, 0.1], "id": 1206, "camera_size": [41, 41], "camera_position": [256, 254], "world_position": [0.705, 0.6498037994254439, -0.15], "world_orientation": [1.0, 8.100187187665134e-17, -1.2653630886983698e-17, -8.100187187665134e-17, 1.0, -1.9397816686250694e-16, 1.2653630886983698e-17, 1.9397816686250694e-16, 1.0], "world_rotation": [-0.9211093596285536, 0.06008602943210125, 0.38463907325148433, -2.1059189642881336e-16]}], "source": "action wait"}
{"timestamp": 1706069451.192222, "objects": [{"color": "cv_", "id_name": "hand", "shape": "CVCylinder", "id_string": "ob383", "world_size": [0.12, 0.005, 0.12], "id": 383, "camera_size": [49, 50], "camera_position": [246, 253], "world_position": [0.706473491056433, 0.7092835407931142, -0.17410347333081996], "world_orientation": [-6.641177402572667e-06, -0.00047819437965442523, 0.9999998856430085, -0.0007627341772516453, -0.9999995947809172, -0.00047819930601898316, 0.9999997090961925, -0.0007627372658344517, 6.276439515072849e-06], "world_rotation": [0.0, 1.0, 0.0, 0.0]}, {"color": "CVPurple", "id_name": "object129642581334485", "shape": "CVSphere", "id_string": "ob1206", "world_size": [0.1, 0.1, 0.1], "id": 1206, "camera_size": [41, 41], "camera_position": [256, 254], "world_position": [0.705, 0.6498037994254439, -0.15], "world_orientation": [1.0, 8.100187187665134e-17, -1.2653630886983698e-17, -8.100187187665134e-17, 1.0, -1.9397816686250694e-16, 1.2653630886983698e-17, 1.9397816686250694e-16, 1.0], "world_rotation": [-0.9211093596285536, 0.06008602943210125, 0.38463907325148433, -2.1059189642881336e-16]}], "source": "action wait"}
{"timestamp": 1706069451.226948, "objects": [{"color": "cv_", "id_name": "hand", "shape": "CVCylinder", "id_string": "ob383", "world_size": [0.12, 0.005, 0.12], "id": 383, "camera_size": [49, 50], "camera_position": [246, 253], "world_position": [0.7069291692335535, 0.7090292203351377, -0.1741040366278196], "world_orientation": [-6.037837995332514e-06, -0.0008354830587403107, 0.9999996509657407, -0.0007628217129468195, -0.9999993600316966, -0.0008354874214649181, 0.9999997090332471, -0.0007628264912339677, 5.400509513665183e-06], "world_rotation": [0.0, 1.0, 0.0, 0.0]}, {"color": "CVPurple", "id_name": "object129642581334485", "shape": "CVSphere", "id_string": "ob1206", "world_size": [0.1, 0.1, 0.1], "id": 1206, "camera_size": [41, 41], "camera_position": [256, 254], "world_position": [0.705, 0.6498037994254439, -0.15], "world_orientation": [1.0, 8.100187187665134e-17, -1.2653630886983698e-17, -8.100187187665134e-17, 1.0, -1.9397816686250694e-16, 1.2653630886983698e-17, 1.9397816686250694e-16, 1.0], "world_rotation": [-0.9211093596285536, 0.06008602943210125, 0.38463907325148433, -2.1059189642881336e-16]}], "source": "action wait"}
{"timestamp": 1706069451.259486, "objects": [{"color": "cv_", "id_name": "hand", "shape": "CVCylinder", "id_string": "ob383", "world_size": [0.12, 0.005, 0.12], "id": 383, "camera_size": [49, 49], "camera_position": [246, 253], "world_position": [0.7072502324481226, 0.7088503897855016, -0.17410445582933964], "world_orientation": [-5.575679131046739e-06, -0.0010873550174960152, 0.9999994088138142, -0.0007628928528783645, -0.9999991178221103, -0.0010873589547324553, 0.9999997089816611, -0.0007628984646316446, 4.7461388412806076e-06], "world_rotation": [0.0, 1.0, 0.0, 0.0]}, {"color": "CVPurple", "id_name": "object129642581334485", "shape": "CVSphere", "id_string": "ob1206", "world_size": [0.1, 0.1, 0.1], "id": 1206, "camera_size": [41, 41], "camera_position": [256, 254], "world_position": [0.705, 0.6498037994254439, -0.15], "world_orientation": [1.0, 8.100187187665134e-17, -1.2653630886983698e-17, -8.100187187665134e-17, 1.0, -1.9397816686250694e-16, 1.2653630886983698e-17, 1.9397816686250694e-16, 1.0], "world_rotation": [-0.9211093596285536, 0.06008602943210125, 0.38463907325148433, -2.1059189642881336e-16]}], "source": "action wait"}
{"timestamp": 1706069452.347704, "objects": [{"color": "cv_", "id_name": "hand", "shape": "CVCylinder", "id_string": "ob383", "world_size": [0.12, 0.005, 0.12], "id": 383, "camera_size": [49, 50], "camera_position": [246, 252], "world_position": [0.7080169876386877, 0.7084265373962999, -0.1741056381783031], "world_orientation": [-4.180471425830933e-06, -0.0016892756774129737, 0.9999985731640869, -0.0007631191315582535, -0.9999982819924045, -0.0016892783757449438, 0.999999708815815, -0.0007631251046928152, 2.8913456562030556e-06], "world_rotation": [0.0, 1.0, 0.0, 0.0]}, {"color": "CVPurple", "id_name": "object129642581334485", "shape": "CVSphere", "id_string": "ob1206", "world_size": [0.1, 0.1, 0.1], "id": 1206, "camera_size": [41, 41], "camera_position": [256, 254], "world_position": [0.705, 0.6498037994254439, -0.15], "world_orientation": [1.0, 8.100187187665134e-17, -1.2653630886983698e-17, -8.100187187665134e-17, 1.0, -1.9397816686250694e-16, 1.2653630886983698e-17, 1.9397816686250694e-16, 1.0], "world_rotation": [-0.9211093596285536, 0.06008602943210125, 0.38463907325148433, -2.1059189642881336e-16]}], "source": "action wait"}
{"timestamp": 1706069452.380251, "objects": [{"color": "cv_", "id_name": "hand", "shape": "CVCylinder", "id_string": "ob383", "world_size": [0.12, 0.005, 0.12], "id": 383, "camera_size": [51, 50], "camera_position": [246, 251], "world_position": [0.7106335676277239, 0.7304813750949535, -0.1740937858451838], "world_orientation": [1.6475000594119135e-05, 0.030564986523393248, 0.9995327815171443, -0.0007432716861184397, -0.9995325051811332, 0.03056499032436454, 0.9999997236378493, -0.0007434279740830079, 6.250790453139832e-06], "world_rotation": [0.0, 1.0, 0.0, 0.0]}, {"color": "CVPurple", "id_name": "object129642581334485", "shape": "CVSphere", "id_string": "ob1206", "world_size": [0.1, 0.1, 0.1], "id": 1206, "camera_size": [42, 43], "camera_position": [252, 252], "world_position": [0.7102890825311122, 0.6749308293400605, -0.1586624330795294], "world_orientation": [0.9994900391846961, -0.03193213983700339, -4.000587069824816e-06, 0.03193213994749417, 0.9994900386914942, 3.154122723039884e-05, 2.9913680466561716e-06, -3.165288974663052e-05, 0.9999999994945732], "world_rotation": [0.0009895059628662192, 0.00010948141394816492, -0.9999995044457619, -0.031937584878547656]}], "source": "action wait"}
{"timestamp": 1706069452.411534, "objects": [{"color": "cv_", "id_name": "hand", "shape": "CVCylinder", "id_string": "ob383", "world_size": [0.12, 0.005, 0.12], "id": 383, "camera_size": [52, 53], "camera_position": [245, 250], "world_position": [0.7143209751168518, 0.7832713968307028, -0.17410828846162432], "world_orientation": [7.609021082210924e-05, 0.10654151878938357, 0.9943082514916244, -0.000725824196975961, -0.9943079865747666, 0.10654154594743251, 0.9999997336947221, -0.0007297997568782596, 1.673307999729597e-06], "world_rotation": [0.0, 1.0, 0.0, 0.0]}, {"color": "CVPurple", "id_name": "object129642581334485", "shape": "CVSphere", "id_string": "ob1206", "world_size": [0.1, 0.1, 0.1], "id": 1206, "camera_size": [44, 48], "camera_position": [249, 247], "world_position": [0.7184698970017074, 0.7297629191832189, -0.1642310076276724], "world_orientation": [0.9941837650842533, -0.10769698801754955, -3.853084786026903e-06, 0.1076969880704619, 0.9941837636831772, 5.281385852895142e-05, -1.8572191547904586e-06, -5.2921646347175235e-05, 0.9999999985979252], "world_rotation": [0.0004908934504672627, 9.266115176113307e-06, -0.9999998794688724, -0.10790628507362077]}], "source": "action wait"}
{"timestamp": 1706069452.440481, "objects": [{"color": "cv_", "id_name": "hand", "shape": "CVCylinder", "id_string": "ob383", "world_size": [0.12, 0.005, 0.12], "id": 383, "camera_size": [56, 55], "camera_position": [244, 250], "world_position": [0.7129857991575765, 0.8533201802238114, -0.17411349954932118], "world_orientation": [0.0001509521245167382, 0.2057024787537844, 0.9786145653156839, -0.0007193000902420231, -0.9786143009661376, 0.20570253414077938, 0.9999997299103817, -0.0007349687796910662, 2.3790371771043397e-07], "world_rotation": [0.0, 1.0, 0.0, 0.0]}, {"color": "CVPurple", "id_name": "object129642581334485", "shape": "CVSphere", "id_string": "ob1206", "world_size": [0.1, 0.1, 0.1], "id": 1206, "camera_size": [46, 54], "camera_position": [247, 245], "world_position": [0.7225804029042425, 0.8016059280471021, -0.1677912488614713], "world_orientation": [0.9784020673605893, -0.2067108960065521, -7.529514775065029e-06, 0.20671089611527518, 0.9784020659731426, 5.2217875095229256e-05, -3.427110936794154e-06, -5.264650969281622e-05, 0.9999999986083001], "world_rotation": [0.00025364986415274746, 9.92304659375394e-06, -0.9999999677816392, -0.2082120556373434]}], "source": "action wait"}
{"timestamp": 1706069452.471247, "objects": [{"color": "cv_", "id_name": "hand", "shape": "CVCylinder", "id_string": "ob383", "world_size": [0.12, 0.005, 0.12], "id": 383, "camera_size": [59, 57], "camera_position": [244, 254], "world_position": [0.7041838068133732, 0.9228915676512757, -0.17411475181374492], "world_orientation": [0.00022605748440852433, 0.30282236721717787, 0.9530469887738999, -0.0007089336933692424, -0.9530467251004003, 0.3028224515923821, 0.9999997231554779, -0.0007441024033355351, -7.62365973399961e-07], "world_rotation": [0.0, 1.0, 0.0, 0.0]}, {"color": "CVPurple", "id_name": "object129642581334485", "shape": "CVSphere", "id_string": "ob1206", "world_size": [0.1, 0.1, 0.1], "id": 1206, "camera_size": [49, 61], "camera_position": [246, 247], "world_position": [0.7189817661587736, 0.8731121232799195, -0.17006783338995612], "world_orientation": [0.9527600158243933, -0.30372413823747196, -9.909942820151475e-06, 0.3037241383662646, 0.952760014734012, 4.580082520709695e-05, -4.469018899249857e-06, -4.664708379339342e-05, 0.9999999989020387], "world_rotation": [0.00015219058393419634, 8.957015876466846e-06, -0.999999988378899, -0.3085990248411192]}], "source": "action wait"}
{"timestamp": 1706069452.510871, "objects": [{"color": "cv_", "id_name": "hand", "shape": "CVCylinder", "id_string": "ob383", "world_size": [0.12, 0.005, 0.12], "id": 383, "camera_size": [62, 59], "camera_position": [243, 262], "world_position": [0.688181662833187, 0.9911510330573541, -0.17411514600457367], "world_orientation": [0.0002999330461664925, 0.3968820495558827, 0.91786957068011, -0.0006878514528657304, -0.9178693129450262, 0.3968821628823911, 0.9999997184502337, -0.0007503959938162107, -2.30344461051984e-06], "world_rotation": [0.0, 1.0, 0.0, 0.0]}, {"color": "CVPurple", "id_name": "object129642581334485", "shape": "CVSphere", "id_string": "ob1206", "world_size": [0.1, 0.1, 0.1], "id": 1206, "camera_size": [52, 69], "camera_position": [244, 252], "world_position": [0.7079387461376189, 0.9435622077331911, -0.1715243465289751], "world_orientation": [0.9175150633243896, -0.3977010289708373, -1.1330431707945091e-05, 0.3977010290867981, 0.9175150624165251, 4.1256536961725503e-05, -6.011925445730194e-06, -4.235961847323004e-05, 0.9999999990847599], "world_rotation": [0.00010512438850768049, 6.686563328357452e-06, -0.9999999944520763, -0.40900983439570443]}], "source": "action wait"}
{"timestamp": 1706069452.545372, "objects": [{"color": "cv_", "id_name": "hand", "shape": "CVCylinder", "id_string": "ob383", "world_size": [0.12, 0.005, 0.12], "id": 383, "camera_size": [66, 60], "camera_position": [242, 275], "world_position": [0.6652441387899819, 1.057411849674674, -0.1741153655205166], "world_orientation": [0.00037125755229850223, 0.4869360072817194, 0.8734375690227476, -0.0006573868327724952, -0.8734373216437833, 0.4869361487939529, 0.9999997150051504, -0.0007549650798514153, -4.1648825293246925e-06], "world_rotation": [0.0, 1.0, 0.0, 0.0]}, {"color": "CVPurple", "id_name": "object129642581334485", "shape": "CVSphere", "id_string": "ob1206", "world_size": [0.1, 0.1, 0.1], "id": 1206, "camera_size": [55, 75], "camera_position": [244, 262], "world_position": [0.6897003590875114, 1.012335905722955, -0.17245643509306602], "world_orientation": [0.8730195653107806, -0.48768518373623576, -1.2195479115767091e-05, 0.4876851838254092, 0.8730195645215293, 3.794491224344762e-05, -7.858279632522702e-06, -3.9074205266942176e-05, 0.999999999205727], "world_rotation": [7.896397084735263e-05, 4.446720562694869e-06, -0.9999999968724591, -0.509436279424414]}], "source": "action wait"}
{"timestamp": 1706069452.575088, "objects": [{"color": "cv_", "id_name": "hand", "shape": "CVCylinder", "id_string": "ob383", "world_size": [0.12, 0.005, 0.12], "id": 383, "camera_size": [71, 60], "camera_position": [242, 290], "world_position": [0.64135002777662, 1.1087502000368425, -0.17411456096894695], "world_orientation": [0.00043314693129191666, 0.5559490854551984, 0.8312162334586977, -0.0006365058275214996, -0.8312159897786568, 0.5559492541560065, 0.99999970362199, -0.0007698816899187375, -6.173822515415502e-06], "world_rotation": [0.0, 1.0, 0.0, 0.0]}, {"color": "CVPurple", "id_name": "object129642581334485", "shape": "CVSphere", "id_string": "ob1206", "world_size": [0.1, 0.1, 0.1], "id": 1206, "camera_size": [58, 81], "camera_position": [242, 274], "world_position": [0.6693410077292758, 1.066101535836603, -0.1730525807180175], "world_orientation": [0.8307513495810507, -0.5566436877719672, -5.73481448181791e-06, 0.5566436877146465, 0.8307513492253211, 2.6224945945814316e-05, -9.833745754571442e-06, -2.4978657518693823e-05, 0.9999999996396821], "world_rotation": [-4.59931591226595e-05, 3.6818267759469937e-06, 0.9999999989355368, 0.5903402139692617]}], "source": "action wait"}
{"timestamp": 1706069452.611832, "objects": [{"color": "cv_", "id_name": "hand", "shape": "CVCylinder", "id_string": "ob383", "world_size": [0.12, 0.005, 0.12], "id": 383, "camera_size": [73, 61], "camera_position": [241, 303], "world_position": [0.6216158861245418, 1.143456791380371, -0.1741153598373049], "world_orientation": [0.00047646505224804245, 0.6024787754186565, 0.7981347618986969, -0.0006150076653343987, -0.7981345250092899, 0.6024789637437702, 0.9999996973732671, -0.0007779191674761332, -9.754143075246134e-06], "world_rotation": [0.0, 1.0, 0.0, 0.0]}, {"color": "CVPurple", "id_name": "object129642581334485", "shape": "CVSphere", "id_string": "ob1206", "world_size": [0.1, 0.1, 0.1], "id": 1206, "camera_size": [60, 85], "camera_position": [241, 285], "world_position": [0.6519326473234791, 1.1027658372309752, -0.1734353206556358], "world_orientation": [0.7976395414617707, -0.6031344476123343, 1.4375662145510774e-07, 0.6031344474638032, 0.7976395412705848, 2.200418795142798e-05, -1.3386149710834553e-05, -1.746470581736504e-05, 0.9999999997578977], "world_rotation": [-3.271981388750945e-05, 1.1216326956140358e-05, 0.9999999994018038, 0.6474249524342317]}], "source": "action wait"}
{"timestamp": 1706069452.646832, "objects": [{"color": "cv_", "id_name": "hand", "shape": "CVCylinder", "id_string": "ob383", "world_size": [0.12, 0.005, 0.12], "id": 383, "camera_size": [75, 62], "camera_position": [241, 313], "world_position": [0.6063701335773591, 1.1670886702154077, -0.1741169048818202], "world_orientation": [0.0005054086665323878, 0.6341249933225196, 0.7732303908963964, -0.0005950943340020134, -0.7732301620145029, 0.6341251945899639, 0.9999996952123602, -0.0007806373935129521, -1.3433034530552086e-05], "world_rotation": [0.0, 1.0, 0.0, 0.0]}, {"color": "CVPurple", "id_name": "object129642581334485", "shape": "CVSphere", "id_string": "ob1206", "world_size": [0.1, 0.1, 0.1], "id": 1206, "camera_size": [62, 87], "camera_position": [241, 294], "world_position": [0.6382375844899021, 1.1278842579521882, -0.17368116988687748], "world_orientation": [0.7727149329137515, -0.634753205930575, 3.599099749235037e-06, 0.6347532057119077, 0.7727149327749788, 2.247257172574708e-05, -1.7045615069203343e-05, -1.508035164995626e-05, 0.9999999997410152], "world_rotation": [-2.9580727603984483e-05, 1.62620012135002e-05, 0.999999999430264, 0.6876890927872035]}], "source": "action wait"}
{"timestamp": 1706069452.677001, "objects": [{"color": "cv_", "id_name": "hand", "shape": "CVCylinder", "id_string": "ob383", "world_size": [0.12, 0.005, 0.12], "id": 383, "camera_size": [76, 63], "camera_position": [240, 321], "world_position": [0.595005006021715, 1.1833115781202588, -0.17411847539784286], "world_orientation": [0.000524442052038008, 0.6558292120737904, 0.7549091134376411, -0.0005784793551510886, -0.7549088919769245, 0.6558294215539648, 0.9999996951610385, -0.0007806438647657924, -1.652230871991707e-05], "world_rotation": [0.0, 1.0, 0.0, 0.0]}, {"color": "CVPurple", "id_name": "object129642581334485", "shape": "CVSphere", "id_string": "ob1206", "world_size": [0.1, 0.1, 0.1], "id": 1206, "camera_size": [63, 89], "camera_position": [241, 301], "world_position": [0.6279206314048064, 1.1451997888200474, -0.17383899846353731], "world_orientation": [0.7543798365525362, -0.656438163254163, 5.144879764721259e-06, 0.6564381629659147, 0.7543798364151912, 2.4741152066112204e-05, -2.0122229974356885e-05, -1.528693083032104e-05, 0.9999999996807029], "world_rotation": [-3.0488845042747623e-05, 1.9245613023887718e-05, 0.9999999993500184, 0.716087461274935]}], "source": "action wait"}
{"timestamp": 1706069452.709183, "objects": [{"color": "cv_", "id_name": "hand", "shape": "CVCylinder", "id_string": "ob383", "world_size": [0.12, 0.005, 0.12], "id": 383, "camera_size": [77, 63], "camera_position": [241, 327], "world_position": [0.5867096002452781, 1.1945273195497152, -0.17411979830323673], "world_orientation": [0.0005368753684183795, 0.6708194413835872, 0.7416205153760586, -0.0005653280909941174, -0.7416203001462008, 0.6708196559547202, 0.9999996960844479, -0.0007794054601326265, -1.892459766790427e-05], "world_rotation": [0.0, 1.0, 0.0, 0.0]}, {"color": "CVPurple", "id_name": "object129642581334485", "shape": "CVSphere", "id_string": "ob1206", "world_size": [0.1, 0.1, 0.1], "id": 1206, "camera_size": [64, 90], "camera_position": [240, 306], "world_position": [0.6203422971710701, 1.157203416076611, -0.1739402580156364], "world_orientation": [0.7410816452308253, -0.6714149202033889, 5.5000260091385615e-06, 0.6714149198483551, 0.7410816450639411, 2.7465430887593782e-05, -2.2516668410492342e-05, -1.6661327187061893e-05, 0.9999999996076999], "world_rotation": [-3.2861019859021e-05, 2.086392003124281e-05, 0.9999999992424251, 0.7361164041942869]}], "source": "action wait"}
