{"timestamp": 1706069412.939066, "objects": [{"color": "cv_", "id_name": "hand", "shape": "CVCylinder", "id_string": "ob383", "world_size": [0.12, 0.005, 0.12], "id": 383, "camera_size": [48, 50], "camera_position": [246, 426], "world_position": [0.26764451555797375, 0.6334703012687195, -0.17389260400876883], "world_orientation": [-0.000641550472746949, 0.19791547470495785, 0.9802188802942443, -0.000747367385883486, -0.9802189031575682, 0.19791499017144856, 0.999999514927373, -0.0006056111666512331, 0.0007767754716727966], "world_rotation": [0.0, 1.0, 0.0, 0.0]}, {"color": "CVBlue", "id_name": "object104262872674660", "shape": "CVCone", "id_string": "ob1171", "world_size": [0.09, 0.09, 0.09], "id": 1171, "camera_size": [37, 37], "camera_position": [256, 254], "world_position": [0.705, 0.6448569696296074, -0.15], "world_orientation": [1.0, -4.331917303826236e-17, -1.1712398707441946e-17, 4.331917303826236e-17, 1.0, -5.775889738434995e-17, 1.1712398707441946e-17, 5.775889738434995e-17, 1.0], "world_rotation": [-0.7896765794068324, 0.16013129347666225, -0.5922574345551229, -7.314247236221149e-17]}], "source": "action wait"}
{"timestamp": 1706069412.971769, "objects": [{"color": "cv_", "id_name": "hand", "shape": "CVCylinder", "id_string": "ob383", "world_size": [0.12, 0.005, 0.12], "id": 383, "camera_size": [49, 51], "camera_position": [246, 421], "world_position": [0.29102227931788216, 0.6676832924959476, -0.17395614260029083], "world_orientation": [-0.00038344366143451883, 0.19738059748509576, 0.9803268601376711, -0.0007154024503596254, -0.9803267354846505, 0.1973802925657525, 0.9999996705850921, -0.0006256440158197061, 0.0005171066359510968], "world_rotation": [0.0, 1.0, 0.0, 0.0]}, {"color": "CVBlue", "id_name": "object104262872674660", "shape": "CVCone", "id_string": "ob1171", "world_size": [0.09, 0.09, 0.09], "id": 1171, "camera_size": [37, 37], "camera_position": [256, 254], "world_position": [0.705, 0.6448569696296074, -0.15], "world_orientation": [1.0, -4.331917303826236e-17, -1.1712398707441946e-17, 4.331917303826236e-17, 1.0, -5.775889738434995e-17, 1.1712398707441946e-17, 5.775889738434995e-17, 1.0], "world_rotation": [-0.7896765794068324, 0.16013129347666225, -0.5922574345551229, -7.314247236221149e-17]}], "source": "action wait"}
{"timestamp": 1706069413.006126, "objects": [{"color": "cv_", "id_name": "hand", "shape": "CVCylinder", "id_string": "ob383", "world_size": [0.12, 0.005, 0.12], "id": 383, "camera_size": [51, 52], "camera_position": [246, 406], "world_position": [0.33700644441267613, 0.7056120654202357, -0.17398397305845395], "world_orientation": [-0.00022432542762599046, 0.1851638072389455, 0.9827076443006237, -0.000731825791118357, -0.9827074362703697, 0.18516360098553125, 0.9999997070545142, -0.0006776338952567926, 0.0003559539155921453], "world_rotation": [0.0, 1.0, 0.0, 0.0]}, {"color": "CVBlue", "id_name": "object104262872674660", "shape": "CVCone", "id_string": "ob1171", "world_size": [0.09, 0.09, 0.09], "id": 1171, "camera_size": [37, 37], "camera_position": [256, 254], "world_position": [0.705, 0.6448569696296074, -0.15], "world_orientation": [1.0, -4.331917303826236e-17, -1.1712398707441946e-17, 4.331917303826236e-17, 1.0, -5.775889738434995e-17, 1.1712398707441946e-17, 5.775889738434995e-17, 1.0], "world_rotation": [-0.7896765794068324, 0.16013129347666225, -0.5922574345551229, -7.314247236221149e-17]}], "source": "action wait"}
{"timestamp": 1706069413.04776, "objects": [{"color": "cv_", "id_name": "hand", "shape": "CVCylinder", "id_string": "ob383", "world_size": [0.12, 0.005, 0.12], "id": 383, "camera_size": [51, 52], "camera_position": [246, 388], "world_position": [0.38753125555565443, 0.7387586507689727, -0.17400449385806213], "world_orientation": [-0.00012116997113467053, 0.17646141759654368, 0.9843075502187599, -0.0007430795408094512, -0.9843073015818207, 0.17646128154785343, 0.9999997165752769, -0.0007100369940405883, 0.0002503933564789621], "world_rotation": [0.0, 1.0, 0.0, 0.0]}, {"color": "CVBlue", "id_name": "object104262872674660", "shape": "CVCone", "id_string": "ob1171", "world_size": [0.09, 0.09, 0.09], "id": 1171, "camera_size": [37, 37], "camera_position": [256, 254], "world_position": [0.705, 0.6448569696296074, -0.15], "world_orientation": [1.0, -4.331917303826236e-17, -1.1712398707441946e-17, 4.331917303826236e-17, 1.0, -5.775889738434995e-17, 1.1712398707441946e-17, 5.775889738434995e-17, 1.0], "world_rotation": [-0.7896765794068324, 0.16013129347666225, -0.5922574345551229, -7.314247236221149e-17]}], "source": "action wait"}
{"timestamp": 1706069413.081532, "objects": [{"color": "cv_", "id_name": "hand", "shape": "CVCylinder", "id_string": "ob383", "world_size": [0.12, 0.005, 0.12], "id": 383, "camera_size": [52, 54], "camera_position": [245, 367], "world_position": [0.44162046264113125, 0.7666879889815843, -0.17402300145295418], "world_orientation": [-4.853956241140003e-05, 0.17031289458782725, 0.9853900322111171, -0.0007504593361504409, -0.9853897620953734, 0.17031281093449316, 0.999999717227308, -0.0007312282401069006, 0.00017564328966744477], "world_rotation": [0.0, 1.0, 0.0, 0.0]}, {"color": "CVBlue", "id_name": "object104262872674660", "shape": "CVCone", "id_string": "ob1171", "world_size": [0.09, 0.09, 0.09], "id": 1171, "camera_size": [37, 37], "camera_position": [256, 254], "world_position": [0.705, 0.6448569696296074, -0.15], "world_orientation": [1.0, -4.331917303826236e-17, -1.1712398707441946e-17, 4.331917303826236e-17, 1.0, -5.775889738434995e-17, 1.1712398707441946e-17, 5.775889738434995e-17, 1.0], "world_rotation": [-0.7896765794068324, 0.16013129347666225, -0.5922574345551229, -7.314247236221149e-17]}], "source": "action wait"}
{"timestamp": 1706069413.105646, "objects": [{"color": "cv_", "id_name": "hand", "shape": "CVCylinder", "id_string": "ob383", "world_size": [0.12, 0.005, 0.12], "id": 383, "camera_size": [52, 53], "camera_position": [245, 344], "world_position": [0.49885093369793526, 0.7802750329271152, -0.17403816698201127], "world_orientation": [-5.996490714170429e-06, 0.15336074294904636, 0.9881702699869891, -0.0007645065851573083, -0.9881699819296771, 0.15336069360427118, 0.999999707746819, -0.000754543052686914, 0.00012317085001024226], "world_rotation": [0.0, 1.0, 0.0, 0.0]}, {"color": "CVBlue", "id_name": "object104262872674660", "shape": "CVCone", "id_string": "ob1171", "world_size": [0.09, 0.09, 0.09], "id": 1171, "camera_size": [37, 37], "camera_position": [256, 254], "world_position": [0.705, 0.6448569696296074, -0.15], "world_orientation": [1.0, -4.331917303826236e-17, -1.1712398707441946e-17, 4.331917303826236e-17, 1.0, -5.775889738434995e-17, 1.1712398707441946e-17, 5.775889738434995e-17, 1.0], "world_rotation": [-0.7896765794068324, 0.16013129347666225, -0.5922574345551229, -7.314247236221149e-17]}], "source": "action wait"}
{"timestamp": 1706069413.133964, "objects": [{"color": "cv_", "id_name": "hand", "shape": "CVCylinder", "id_string": "ob383", "world_size": [0.12, 0.005, 0.12], "id": 383, "camera_size": [52, 53], "camera_position": [245, 318], "world_position": [0.5574571367334188, 0.7708791301957352, -0.17405002174963785], "world_orientation": [-3.6293522633609054e-07, 0.11347985847930216, 0.9935402969781275, -0.0007770002970354425, -0.9935399970953749, 0.1134798239435587, 0.9999996981351578, -0.0007719399200434184, 8.853447441008072e-05], "world_rotation": [0.0, 1.0, 0.0, 0.0]}, {"color": "CVBlue", "id_name": "object104262872674660", "shape": "CVCone", "id_string": "ob1171", "world_size": [0.09, 0.09, 0.09], "id": 1171, "camera_size": [37, 37], "camera_position": [256, 254], "world_position": [0.705, 0.6448569696296074, -0.15], "world_orientation": [1.0, -4.331917303826236e-17, -1.1712398707441946e-17, 4.331917303826236e-17, 1.0, -5.775889738434995e-17, 1.1712398707441946e-17, 5.775889738434995e-17, 1.0], "world_rotation": [-0.7896765794068324, 0.16013129347666225, -0.5922574345551229, -7.314247236221149e-17]}], "source": "action wait"}
{"timestamp": 1706069413.166801, "objects": [{"color": "cv_", "id_name": "hand", "shape": "CVCylinder", "id_string": "ob383", "world_size": [0.12, 0.005, 0.12], "id": 383, "camera_size": [52, 52], "camera_position": [245, 297], "world_position": [0.6026649503266305, 0.7566687639019144, -0.17405567156114796], "world_orientation": [-1.5244857360564966e-05, 0.07957959112083422, 0.9968285150639679, -0.0007751123323404563, -0.9968282166732563, 0.07957955544540274, 0.9999996994841882, -0.0007714408962834895, 7.687962645693168e-05], "world_rotation": [0.0, 1.0, 0.0, 0.0]}, {"color": "CVBlue", "id_name": "object104262872674660", "shape": "CVCone", "id_string": "ob1171", "world_size": [0.09, 0.09, 0.09], "id": 1171, "camera_size": [37, 37], "camera_position": [256, 254], "world_position": [0.705, 0.6448569696296074, -0.15], "world_orientation": [1.0, -4.331917303826236e-17, -1.1712398707441946e-17, 4.331917303826236e-17, 1.0, -5.775889738434995e-17, 1.1712398707441946e-17, 5.775889738434995e-17, 1.0], "world_rotation": [-0.7896765794068324, 0.16013129347666225, -0.5922574345551229, -7.314247236221149e-17]}], "source": "action wait"}
{"timestamp": 1706069413.199111, "objects": [{"color": "cv_", "id_name": "hand", "shape": "CVCylinder", "id_string": "ob383", "world_size": [0.12, 0.005, 0.12], "id": 383, "camera_size": [51, 51], "camera_position": [246, 284], "world_position": [0.6343638511123949, 0.7441950451906685, -0.17406337408130973], "world_orientation": [-2.1899226950027498e-05, 0.05562198602171459, 0.9984518987870292, -0.0007712104721903668, -0.9984516030433791, 0.05562195263126079, 0.9999997023773716, -0.0007687984825591909, 6.476157635802215e-05], "world_rotation": [0.0, 1.0, 0.0, 0.0]}, {"color": "CVBlue", "id_name": "object104262872674660", "shape": "CVCone", "id_string": "ob1171", "world_size": [0.09, 0.09, 0.09], "id": 1171, "camera_size": [37, 37], "camera_position": [256, 254], "world_position": [0.705, 0.6448569696296074, -0.15], "world_orientation": [1.0, -4.331917303826236e-17, -1.1712398707441946e-17, 4.331917303826236e-17, 1.0, -5.775889738434995e-17, 1.1712398707441946e-17, 5.775889738434995e-17, 1.0], "world_rotation": [-0.7896765794068324, 0.16013129347666225, -0.5922574345551229, -7.314247236221149e-17]}], "source": "action wait"}
{"timestamp": 1706069413.235105, "objects": [{"color": "cv_", "id_name": "hand", "shape": "CVCylinder", "id_string": "ob383", "world_size": [0.12, 0.005, 0.12], "id": 383, "camera_size": [51, 51], "camera_position": [246, 274], "world_position": [0.6565298939509872, 0.7342142617243627, -0.17407126034084108], "world_orientation": [-2.35340168701503e-05, 0.03871531692994306, 0.9992502808011436, -0.0007677185814739235, -0.9992499873023354, 0.038715287477460905, 0.9999997050271213, -0.0007662318818858106, 5.323883425381791e-05], "world_rotation": [0.0, 1.0, 0.0, 0.0]}, {"color": "CVBlue", "id_name": "object104262872674660", "shape": "CVCone", "id_string": "ob1171", "world_size": [0.09, 0.09, 0.09], "id": 1171, "camera_size": [37, 37], "camera_position": [256, 254], "world_position": [0.705, 0.6448569696296074, -0.15], "world_orientation": [1.0, -4.331917303826236e-17, -1.1712398707441946e-17, 4.331917303826236e-17, 1.0, -5.775889738434995e-17, 1.1712398707441946e-17, 5.775889738434995e-17, 1.0], "world_rotation": [-0.7896765794068324, 0.16013129347666225, -0.5922574345551229, -7.314247236221149e-17]}], "source": "action wait"}
{"timestamp": 1706069413.277511, "objects": [{"color": "cv_", "id_name": "hand", "shape": "CVCylinder", "id_string": "ob383", "world_size": [0.12, 0.005, 0.12], "id": 383, "camera_size": [51, 51], "camera_position": [246, 268], "world_position": [0.6720312257305799, 0.7266119567490569, -0.17407837128445255], "world_orientation": [-2.2554446350162876e-05, 0.026792351510420042, 0.9996410202626937, -0.0007652247996160777, -0.9996407282999328, 0.02679232641982275, 0.9999997069611086, -0.0007643458133300512, 4.304851499205718e-05], "world_rotation": [0.0, 1.0, 0.0, 0.0]}, {"color": "CVBlue", "id_name": "object104262872674660", "shape": "CVCone", "id_string": "ob1171", "world_size": [0.09, 0.09, 0.09], "id": 1171, "camera_size": [37, 37], "camera_position": [256, 254], "world_position": [0.705, 0.6448569696296074, -0.15], "world_orientation": [1.0, -4.331917303826236e-17, -1.1712398707441946e-17, 4.331917303826236e-17, 1.0, -5.775889738434995e-17, 1.1712398707441946e-17, 5.775889738434995e-17, 1.0], "world_rotation": [-0.7896765794068324, 0.16013129347666225, -0.5922574345551229, -7.314247236221149e-17]}], "source": "action wait"}
{"timestamp": 1706069413.308521, "objects": [{"color": "cv_", "id_name": "hand", "shape": "CVCylinder", "id_string": "ob383", "world_size": [0.12, 0.005, 0.12], "id": 383, "camera_size": [51, 50], "camera_position": [246, 263], "world_position": [0.6828828698501452, 0.7209869035274468, -0.17408437915209163], "world_orientation": [-2.0394613306655534e-05, 0.018386708673228842, 0.9998309499751573, -0.000763666106954828, -0.999830658925749, 0.01838668774357541, 0.999999708199026, -0.0007631620197943169, 3.443246589349737e-05], "world_rotation": [0.0, 1.0, 0.0, 0.0]}, {"color": "CVBlue", "id_name": "object104262872674660", "shape": "CVCone", "id_string": "ob1171", "world_size": [0.09, 0.09, 0.09], "id": 1171, "camera_size": [37, 37], "camera_position": [256, 254], "world_position": [0.705, 0.6448569696296074, -0.15], "world_orientation": [1.0, -4.331917303826236e-17, -1.1712398707441946e-17, 4.331917303826236e-17, 1.0, -5.775889738434995e-17, 1.1712398707441946e-17, 5.775889738434995e-17, 1.0], "world_rotation": [-0.7896765794068324, 0.16013129347666225, -0.5922574345551229, -7.314247236221149e-17]}], "source": "action wait"}
{"timestamp": 1706069413.340438, "objects": [{"color": "cv_", "id_name": "hand", "shape": "CVCylinder", "id_string": "ob383", "world_size": [0.12, 0.005, 0.12], "id": 383, "camera_size": [50, 51], "camera_position": [245, 260], "world_position": [0.6904889679107347, 0.7168994247303455, -0.1740892622649661], "world_orientation": [-1.786273002015187e-05, 0.012461634528216253, 0.999922350658194, -0.0007628032726621937, -0.9999220600756512, 0.01246161727999496, 0.9999997089060028, -0.0007625214429854189, 2.7367113401537507e-05], "world_rotation": [0.0, 1.0, 0.0, 0.0]}, {"color": "CVBlue", "id_name": "object104262872674660", "shape": "CVCone", "id_string": "ob1171", "world_size": [0.09, 0.09, 0.09], "id": 1171, "camera_size": [37, 37], "camera_position": [256, 254], "world_position": [0.705, 0.6448569696296074, -0.15], "world_orientation": [1.0, -4.331917303826236e-17, -1.1712398707441946e-17, 4.331917303826236e-17, 1.0, -5.775889738434995e-17, 1.1712398707441946e-17, 5.775889738434995e-17, 1.0], "world_rotation": [-0.7896765794068324, 0.16013129347666225, -0.5922574345551229, -7.314247236221149e-17]}], "source": "action wait"}
{"timestamp": 1706069413.371146, "objects": [{"color": "cv_", "id_name": "hand", "shape": "CVCylinder", "id_string": "ob383", "world_size": [0.12, 0.005, 0.12], "id": 383, "camera_size": [50, 50], "camera_position": [245, 257], "world_position": [0.6958264190174678, 0.7139636197220185, -0.17409313262674764], "world_orientation": [-1.5384014997403215e-05, 0.008285335725920344, 0.9999656758985485, -0.0007623990686031287, -0.9999653854978182, 0.008285321590609273, 0.999999709255454, -0.0007622454384289274, 2.1700214728255514e-05], "world_rotation": [0.0, 1.0, 0.0, 0.0]}, {"color": "CVBlue", "id_name": "object104262872674660", "shape": "CVCone", "id_string": "ob1171", "world_size": [0.09, 0.09, 0.09], "id": 1171, "camera_size": [37, 37], "camera_position": [256, 254], "world_position": [0.705, 0.6448569696296074, -0.15], "world_orientation": [1.0, -4.331917303826236e-17, -1.1712398707441946e-17, 4.331917303826236e-17, 1.0, -5.775889738434995e-17, 1.1712398707441946e-17, 5.775889738434995e-17, 1.0], "world_rotation": [-0.7896765794068324, 0.16013129347666225, -0.5922574345551229, -7.314247236221149e-17]}], "source": "action wait"}
{"timestamp": 1706069413.401888, "objects": [{"color": "cv_", "id_name": "hand", "shape": "CVCylinder", "id_string": "ob383", "world_size": [0.12, 0.005, 0.12], "id": 383, "camera_size": [49, 50], "camera_position": [246, 256], "world_position": [0.6995755869389081, 0.7118710374968273, -0.17409614765547876], "world_orientation": [-1.3158552105606982e-05, 0.005341700723046835, 0.9999857329283445, -0.0007622704333506558, -0.999985442544492, 0.005341689141363131, 0.9999997093852773, -0.0007621892690892368, 1.7230181075922742e-05], "world_rotation": [0.0, 1.0, 0.0, 0.0]}, {"color": "CVBlue", "id_name": "object104262872674660", "shape": "CVCone", "id_string": "ob1171", "world_size": [0.09, 0.09, 0.09], "id": 1171, "camera_size": [37, 37], "camera_position": [256, 254], "world_position": [0.705, 0.6448569696296074, -0.15], "world_orientation": [1.0, -4.331917303826236e-17, -1.1712398707441946e-17, 4.331917303826236e-17, 1.0, -5.775889738434995e-17, 1.1712398707441946e-17, 5.775889738434995e-17, 1.0], "world_rotation": [-0.7896765794068324, 0.16013129347666225, -0.5922574345551229, -7.314247236221149e-17]}], "source": "action wait"}
{"timestamp": 1706069413.433599, "objects": [{"color": "cv_", "id_name": "hand", "shape": "CVCylinder", "id_string": "ob383", "world_size": [0.12, 0.005, 0.12], "id": 383, "camera_size": [49, 50], "camera_position": [246, 255], "world_position": [0.7022112095606035, 0.7103869939641716, -0.1740984673804818], "world_orientation": [-1.1259594744058218e-05, 0.0032668786844671817, 0.9999946636742032, -0.0007622921234154847, -0.9999943732224995, 0.003266869152445828, 0.999999709391928, -0.000762251271954016, 1.3749847278512446e-05], "world_rotation": [0.0, 1.0, 0.0, 0.0]}, {"color": "CVBlue", "id_name": "object104262872674660", "shape": "CVCone", "id_string": "ob1171", "world_size": [0.09, 0.09, 0.09], "id": 1171, "camera_size": [37, 37], "camera_position": [256, 254], "world_position": [0.705, 0.6448569696296074, -0.15], "world_orientation": [1.0, -4.331917303826236e-17, -1.1712398707441946e-17, 4.331917303826236e-17, 1.0, -5.775889738434995e-17, 1.1712398707441946e-17, 5.775889738434995e-17, 1.0], "world_rotation": [-0.7896765794068324, 0.16013129347666225, -0.5922574345551229, -7.314247236221149e-17]}], "source": "action wait"}
{"timestamp": 1706069413.461947, "objects": [{"color": "cv_", "id_name": "hand", "shape": "CVCylinder", "id_string": "ob383", "world_size": [0.12, 0.005, 0.12], "id": 383, "camera_size": [49, 50], "camera_position": [246, 254], "world_position": [0.7040651959459893, 0.7093380197194813, -0.1741002357513417], "world_orientation": [-9.692727650523748e-06, 0.0018044085763917793, 0.9999983720065452, -0.0007623851602698282, -0.999998081451718, 0.0018044006625079164, 0.9999997093374171, -0.0007623664295479455, 1.1068363376627397e-05], "world_rotation": [0.0, 1.0, 0.0, 0.0]}, {"color": "CVBlue", "id_name": "object104262872674660", "shape": "CVCone", "id_string": "ob1171", "world_size": [0.09, 0.09, 0.09], "id": 1171, "camera_size": [37, 37], "camera_position": [256, 254], "world_position": [0.705, 0.6448569696296074, -0.15], "world_orientation": [1.0, -4.331917303826236e-17, -1.1712398707441946e-17, 4.331917303826236e-17, 1.0, -5.775889738434995e-17, 1.1712398707441946e-17, 5.775889738434995e-17, 1.0], "world_rotation": [-0.7896765794068324, 0.16013129347666225, -0.5922574345551229, -7.314247236221149e-17]}], "source": "action wait"}
{"timestamp": 1706069413.497456, "objects": [{"color": "cv_", "id_name": "hand", "shape": "CVCylinder", "id_string": "ob383", "world_size": [0.12, 0.005, 0.12], "id": 383, "camera_size": [49, 50], "camera_position": [246, 253], "world_position": [0.705370000917565, 0.7085981785270078, -0.17410157432157056], "world_orientation": [-8.430248335839227e-06, 0.0007735372687762607, 0.9999997007844678, -0.0007625032008409826, -0.9999994101194536, 0.0007735306158431026, 0.9999997092588577, -0.0007624964516333252, 9.020068006776046e-06], "world_rotation": [0.0, 1.0, 0.0, 0.0]}, {"color": "CVBlue", "id_name": "object104262872674660", "shape": "CVCone", "id_string": "ob1171", "world_size": [0.09, 0.09, 0.09], "id": 1171, "camera_size": [37, 37], "camera_position": [256, 254], "world_position": [0.705, 0.6448569696296074, -0.15], "world_orientation": [1.0, -4.331917303826236e-17, -1.1712398707441946e-17, 4.331917303826236e-17, 1.0, -5.775889738434995e-17, 1.1712398707441946e-17, 5.775889738434995e-17, 1.0], "world_rotation": [-0.7896765794068324, 0.16013129347666225, -0.5922574345551229, -7.314247236221149e-17]}], "source": "action wait"}
{"timestamp": 1706069413.531897, "objects": [{"color": "cv_", "id_name": "hand", "shape": "CVCylinder", "id_string": "ob383", "world_size": [0.12, 0.005, 0.12], "id": 383, "camera_size": [49, 50], "camera_position": [246, 253], "world_position": [0.7062886589188869, 0.7080770941683733, -0.17410258193252653], "world_orientation": [-7.430769589830831e-06, 4.687293553346674e-05, 0.9999999988738558, -0.0007626211932698373, -0.9999997081061456, 4.686725504231892e-05, 0.9999997091768075, -0.0007626208441516057, 7.466513715227734e-06], "world_rotation": [0.0, 1.0, 0.0, 0.0]}, {"color": "CVBlue", "id_name": "object104262872674660", "shape": "CVCone", "id_string": "ob1171", "world_size": [0.09, 0.09, 0.09], "id": 1171, "camera_size": [37, 37], "camera_position": [256, 254], "world_position": [0.705, 0.6448569696296074, -0.15], "world_orientation": [1.0, -4.331917303826236e-17, -1.1712398707441946e-17, 4.331917303826236e-17, 1.0, -5.775889738434995e-17, 1.1712398707441946e-17, 5.775889738434995e-17, 1.0], "world_rotation": [-0.7896765794068324, 0.16013129347666225, -0.5922574345551229, -7.314247236221149e-17]}], "source": "action wait"}
{"timestamp": 1706069413.565937, "objects": [{"color": "cv_", "id_name": "hand", "shape": "CVCylinder", "id_string": "ob383", "world_size": [0.12, 0.005, 0.12], "id": 383, "camera_size": [49, 50], "camera_position": [246, 253], "world_position": [0.7069356458346152, 0.7077103989653432, -0.1741033370112846], "world_orientation": [-6.6501027181043926e-06, -0.00046536891035795, 0.9999998916937709, -0.0007627271471636714, -0.999999600837161, -0.0004653738472163809, 0.9999997091014954, -0.0007627301593398048, 6.2951505626186605e-06], "world_rotation": [0.0, 1.0, 0.0, 0.0]}, {"color": "CVBlue", "id_name": "object104262872674660", "shape": "CVCone", "id_string": "ob1171", "world_size": [0.09, 0.09, 0.09], "id": 1171, "camera_size": [37, 37], "camera_position": [256, 254], "world_position": [0.705, 0.6448569696296074, -0.15], "world_orientation": [1.0, -4.331917303826236e-17, -1.1712398707441946e-17, 4.331917303826236e-17, 1.0, -5.775889738434995e-17, 1.1712398707441946e-17, 5.775889738434995e-17, 1.0], "world_rotation": [-0.7896765794068324, 0.16013129347666225, -0.5922574345551229, -7.314247236221149e-17]}], "source": "action wait"}
{"timestamp": 1706069413.599491, "objects": [{"color": "cv_", "id_name": "hand", "shape": "CVCylinder", "id_string": "ob383", "world_size": [0.12, 0.005, 0.12], "id": 383, "camera_size": [49, 49], "camera_position": [246, 253], "world_position": [0.7073914131890677, 0.7074524773295745, -0.17410390074633014], "world_orientation": [-6.0468028001802014e-06, -0.0008264689792936614, 0.9999996584561729, -0.0007628166174985869, -0.9999993675261037, -0.0008264733514517684, 0.9999997090370798, -0.0007628213544850236, 5.416354704846944e-06], "world_rotation": [0.0, 1.0, 0.0, 0.0]}, {"color": "CVBlue", "id_name": "object104262872674660", "shape": "CVCone", "id_string": "ob1171", "world_size": [0.09, 0.09, 0.09], "id": 1171, "camera_size": [37, 37], "camera_position": [256, 254], "world_position": [0.705, 0.6448569696296074, -0.15], "world_orientation": [1.0, -4.331917303826236e-17, -1.1712398707441946e-17, 4.331917303826236e-17, 1.0, -5.775889738434995e-17, 1.1712398707441946e-17, 5.775889738434995e-17, 1.0], "world_rotation": [-0.7896765794068324, 0.16013129347666225, -0.5922574345551229, -7.314247236221149e-17]}], "source": "action wait"}
{"timestamp": 1706069413.631833, "objects": [{"color": "cv_", "id_name": "hand", "shape": "CVCylinder", "id_string": "ob383", "world_size": [0.12, 0.005, 0.12], "id": 383, "camera_size": [49, 50], "camera_position": [246, 252], "world_position": [0.7077125397735551, 0.7072711086453762, -0.17410432030135645], "world_orientation": [-5.584572446145062e-06, -0.001081029293681824, 0.9999994156720688, -0.000762889213202237, -0.9999991246832087, -0.0010810332395263795, 0.9999997089843882, -0.0007628948045335656, 4.759861970933421e-06], "world_rotation": [0.0, 1.0, 0.0, 0.0]}, {"color": "CVBlue", "id_name": "object104262872674660", "shape": "CVCone", "id_string": "ob1171", "world_size": [0.09, 0.09, 0.09], "id": 1171, "camera_size": [37, 37], "camera_position": [256, 254], "world_position": [0.705, 0.6448569696296074, -0.15], "world_orientation": [1.0, -4.331917303826236e-17, -1.1712398707441946e-17, 4.331917303826236e-17, 1.0, -5.775889738434995e-17, 1.1712398707441946e-17, 5.775889738434995e-17, 1.0], "world_rotation": [-0.7896765794068324, 0.16013129347666225, -0.5922574345551229, -7.314247236221149e-17]}], "source": "action wait"}
{"timestamp": 1706069414.714419, "objects": [{"color": "cv_", "id_name": "hand", "shape": "CVCylinder", "id_string": "ob383", "world_size": [0.12, 0.005, 0.12], "id": 383, "camera_size": [49, 50], "camera_position": [246, 252], "world_position": [0.7084794547885518, 0.7068411939149631, -0.1741055038715027], "world_orientation": [-4.188603437196763e-06, -0.0016893858072137935, 0.9999985729780069, -0.000763119521222996, -0.9999982818060503, -0.0016893885117205676, 0.9999997088154837, -0.0007631255084135479, 2.899392952365412e-06], "world_rotation": [0.0, 1.0, 0.0, 0.0]}, {"color": "CVBlue", "id_name": "object104262872674660", "shape": "CVCone", "id_string": "ob1171", "world_size": [0.09, 0.09, 0.09], "id": 1171, "camera_size": [37, 37], "camera_position": [256, 254], "world_position": [0.705, 0.6448569696296074, -0.15], "world_orientation": [1.0, -4.331917303826236e-17, -1.1712398707441946e-17, 4.331917303826236e-17, 1.0, -5.775889738434995e-17, 1.1712398707441946e-17, 5.775889738434995e-17, 1.0], "world_rotation": [-0.7896765794068324, 0.16013129347666225, -0.5922574345551229, -7.314247236221149e-17]}], "source": "action wait"}
{"timestamp": 1706069414.746803, "objects": [{"color": "cv_", "id_name": "hand", "shape": "CVCylinder", "id_string": "ob383", "world_size": [0.12, 0.005, 0.12], "id": 383, "camera_size": [51, 51], "camera_position": [246, 251], "world_position": [0.7112949583001892, 0.730222802668522, -0.1740976499000642], "world_orientation": [1.880687233524337e-05, 0.03246988091176288, 0.9994727142247943, -0.0007431527394926608, -0.9994724379553073, 0.03246988592034553, 0.9999997236851156, -0.0007433715426239122, 5.333130407690993e-06], "world_rotation": [0.0, 1.0, 0.0, 0.0]}, {"color": "CVBlue", "id_name": "object104262872674660", "shape": "CVCone", "id_string": "ob1171", "world_size": [0.09, 0.09, 0.09], "id": 1171, "camera_size": [38, 39], "camera_position": [252, 252], "world_position": [0.7105802901549119, 0.6743194933197545, -0.15866700352078497], "world_orientation": [0.9994273636700274, -0.03383703204727657, -3.132209372813097e-06, 0.03383703212951114, 0.9994273631719468, 3.162018408287047e-05, 2.0604825722201336e-06, -3.170806188588842e-05, 0.9999999994951766], "world_rotation": [0.0009357826934844532, 7.673086756824716e-05, -0.9999995592114652, -0.033843507262947055]}], "source": "action wait"}
{"timestamp": 1706069414.787756, "objects": [{"color": "cv_", "id_name": "hand", "shape": "CVCylinder", "id_string": "ob383", "world_size": [0.12, 0.005, 0.12], "id": 383, "camera_size": [53, 53], "camera_position": [245, 249], "world_position": [0.7151693048379455, 0.7866262505258382, -0.1741089145560653], "world_orientation": [8.120531117696726e-05, 0.1135448369830096, 0.9935328698136762, -0.0007254020861371191, -0.9935326049983735, 0.11354486600881533, 0.9999997335987201, -0.0007299312625857578, 1.6855372646350514e-06], "world_rotation": [0.0, 1.0, 0.0, 0.0]}, {"color": "CVBlue", "id_name": "object104262872674660", "shape": "CVCone", "id_string": "ob1171", "world_size": [0.09, 0.09, 0.09], "id": 1171, "camera_size": [39, 44], "camera_position": [250, 247], "world_position": [0.7189074538900602, 0.7346781968500694, -0.16423201875666438], "world_orientation": [0.993400237305096, -0.11469947037593127, -4.202363293362647e-06, 0.11469947043775365, 0.9934002359113473, 5.265527890883984e-05, -1.8649039163292472e-06, -5.278977540774327e-05, 0.9999999986048809], "world_rotation": [0.0004596579338927667, 1.0189493995418927e-05, -0.9999998943053736, -0.11495248038855244]}], "source": "action wait"}
{"timestamp": 1706069414.82268, "objects": [{"color": "cv_", "id_name": "hand", "shape": "CVCylinder", "id_string": "ob383", "world_size": [0.12, 0.005, 0.12], "id": 383, "camera_size": [56, 55], "camera_position": [244, 250], "world_position": [0.7134300471389935, 0.8567388427626861, -0.17411227429915], "world_orientation": [0.00015623194354983747, 0.21261060177463334, 0.97713699531059, -0.0007212372087216147, -0.977136729133627, 0.2126106591752303, 0.9999997277041972, -0.0007379641355390837, 6.827066625374839e-07], "world_rotation": [0.0, 1.0, 0.0, 0.0]}, {"color": "CVBlue", "id_name": "object104262872674660", "shape": "CVCone", "id_string": "ob1171", "world_size": [0.09, 0.09, 0.09], "id": 1171, "camera_size": [41, 49], "camera_position": [248, 246], "world_position": [0.72218148966289, 0.8077916723938942, -0.16779033167883856], "world_orientation": [0.9769173690660918, -0.21361754131623586, -7.680623762282783e-06, 0.21361754143331987, 0.9769173678345259, 4.914514813379974e-05, -2.9949309627879077e-06, -4.9651464782008165e-05, 0.9999999987628813], "world_rotation": [0.00023124648292567555, 1.0967481049949839e-05, -0.999999973202389, -0.21527649281855815]}], "source": "action wait"}
{"timestamp": 1706069414.858372, "objects": [{"color": "cv_", "id_name": "hand", "shape": "CVCylinder", "id_string": "ob383", "world_size": [0.12, 0.005, 0.12], "id": 383, "camera_size": [59, 57], "camera_position": [244, 254], "world_position": [0.7042510084655984, 0.9262829038785549, -0.17411320286233162], "world_orientation": [0.00023141592704148232, 0.3095463954812918, 0.9508843123593996, -0.0007096363395692651, -0.9508840475618581, 0.30954648198395657, 0.9999997214314283, -0.0007464160488675425, -3.8434235882912396e-07], "world_rotation": [0.0, 1.0, 0.0, 0.0]}, {"color": "CVBlue", "id_name": "object104262872674660", "shape": "CVCone", "id_string": "ob1171", "world_size": [0.09, 0.09, 0.09], "id": 1171, "camera_size": [44, 56], "camera_position": [246, 247], "world_position": [0.7177539081771094, 0.8799742089729243, -0.1700664482337294], "world_orientation": [0.9505909682706835, -0.31044614822043476, -9.864107962842616e-06, 0.310446148350048, 0.9505909672880413, 4.341665743282418e-05, -4.1018021387941495e-06, -4.433375675211843e-05, 0.9999999990088466], "world_rotation": [0.00014132952492644976, 9.28068490796283e-06, -0.999999989969917, -0.31566233758174395]}], "source": "action wait"}
{"timestamp": 1706069414.889412, "objects": [{"color": "cv_", "id_name": "hand", "shape": "CVCylinder", "id_string": "ob383", "world_size": [0.12, 0.005, 0.12], "id": 383, "camera_size": [63, 58], "camera_position": [243, 262], "world_position": [0.6878889445657166, 0.9944838983821671, -0.17411365271684784], "world_orientation": [0.00030524634553394077, 0.40335475089936357, 0.9150436337965425, -0.0006875310810754558, -0.91504337550554, 0.40335486639489093, 0.9999997170628006, -0.0007522435376959099, -1.9947184348610703e-06], "world_rotation": [0.0, 1.0, 0.0, 0.0]}, {"color": "CVBlue", "id_name": "object104262872674660", "shape": "CVCone", "id_string": "ob1171", "world_size": [0.09, 0.09, 0.09], "id": 1171, "camera_size": [47, 61], "camera_position": [245, 253], "world_position": [0.705895202616172, 0.9507318177052986, -0.1715229522002474], "world_orientation": [0.9146833440016792, -0.40417122619208845, -1.1148525364001166e-05, 0.40417122630547286, 0.9146833431724515, 3.936493233828024e-05, -5.712802520743868e-06, -4.051236111544404e-05, 0.9999999991630563], "world_rotation": [9.881615497878737e-05, 6.724529683923635e-06, -0.9999999950950742, -0.4160725739773548]}], "source": "action wait"}
{"timestamp": 1706069414.917431, "objects": [{"color": "cv_", "id_name": "hand", "shape": "CVCylinder", "id_string": "ob383", "world_size": [0.12, 0.005, 0.12], "id": 383, "camera_size": [67, 60], "camera_position": [243, 275], "world_position": [0.6646070465239943, 1.0606547110361704, -0.1741140762231894], "world_orientation": [0.00037649608955518785, 0.49309248472501355, 0.8699768156441912, -0.0006561699220806635, -0.869976568199031, 0.49309262844385604, 0.9999997138458231, -0.0007565000657309639, -3.990318650520013e-06], "world_rotation": [0.0, 1.0, 0.0, 0.0]}, {"color": "CVBlue", "id_name": "object104262872674660", "shape": "CVCone", "id_string": "ob1171", "world_size": [0.09, 0.09, 0.09], "id": 1171, "camera_size": [50, 68], "camera_position": [243, 263], "world_position": [0.6868634904491973, 1.0195491323980002, -0.17245521957812848], "world_orientation": [0.8695535261347208, -0.4938387034713527, -1.1849340660959382e-05, 0.49383870355359805, 0.8695535254051512, 3.644138649226303e-05, -7.69253111257381e-06, -3.753939915155862e-05, 0.9999999992658093], "world_rotation": [7.490379440638561e-05, 4.20867127983489e-06, -0.9999999971858544, -0.5164988170635608]}], "source": "action wait"}
{"timestamp": 1706069414.953113, "objects": [{"color": "cv_", "id_name": "hand", "shape": "CVCylinder", "id_string": "ob383", "world_size": [0.12, 0.005, 0.12], "id": 383, "camera_size": [71, 60], "camera_position": [242, 290], "world_position": [0.6410584543554868, 1.1105798471875565, -0.17411360333724177], "world_orientation": [0.0004371482796653173, 0.5600878151226492, 0.8284331284132226, -0.0006354380496606064, -0.8284328847348034, 0.5600879856848007, 0.9999997025598892, -0.000771259430796571, -6.2469014992695165e-06], "world_rotation": [0.0, 1.0, 0.0, 0.0]}, {"color": "CVBlue", "id_name": "object104262872674660", "shape": "CVCone", "id_string": "ob1171", "world_size": [0.09, 0.09, 0.09], "id": 1171, "camera_size": [52, 72], "camera_position": [242, 275], "world_position": [0.6664185367832702, 1.0718732899982264, -0.1730516352299306], "world_orientation": [0.827964785223027, -0.5607800945159586, -5.025875363748718e-06, 0.5607800944508332, 0.8279647849019132, 2.510066824202339e-05, -9.914707294685565e-06, -2.3600880251142475e-05, 0.9999999996723485], "world_rotation": [-4.3423035986729676e-05, 4.358956366652974e-06, 0.9999999990477197, 0.5953276835212999]}], "source": "action wait"}
{"timestamp": 1706069414.978633, "objects": [{"color": "cv_", "id_name": "hand", "shape": "CVCylinder", "id_string": "ob383", "world_size": [0.12, 0.005, 0.12], "id": 383, "camera_size": [73, 61], "camera_position": [241, 303], "world_position": [0.6217347038015809, 1.1443443153415933, -0.1741147061333666], "world_orientation": [0.00047891551795513685, 0.6052815278796372, 0.7960113332406884, -0.0006136483285589967, -0.7960110967689034, 0.6052817172660158, 0.9999996970377819, -0.0007783498312904496, -9.79206881561692e-06], "world_rotation": [0.0, 1.0, 0.0, 0.0]}, {"color": "CVBlue", "id_name": "object104262872674660", "shape": "CVCone", "id_string": "ob1171", "world_size": [0.09, 0.09, 0.09], "id": 1171, "camera_size": [54, 76], "camera_position": [241, 286], "world_position": [0.6491348373529514, 1.1075282627962428, -0.17343461815354555], "world_orientation": [0.7955138125330045, -0.6059354537152216, 3.640292296215217e-07, 0.6059354535664491, 0.7955138123507162, 2.168988824539292e-05, -1.3432262555267918e-05, -1.703402747514516e-05, 0.9999999997647081], "world_rotation": [-3.1953828964440024e-05, 1.1384291589191086e-05, 0.9999999994246753, 0.6509412532325834]}], "source": "action wait"}
{"timestamp": 1706069415.01155, "objects": [{"color": "cv_", "id_name": "hand", "shape": "CVCylinder", "id_string": "ob383", "world_size": [0.12, 0.005, 0.12], "id": 383, "camera_size": [75, 61], "camera_position": [241, 313], "world_position": [0.6068501260446438, 1.1673560765748452, -0.17411636905731956], "world_orientation": [0.0005068551678403428, 0.6360401740413938, 0.7716557782478093, -0.0005938755665784708, -0.7716555498370411, 0.6360403758547927, 0.9999996952047788, -0.0007806478639676488, -1.3388884501595579e-05], "world_rotation": [0.0, 1.0, 0.0, 0.0]}, {"color": "CVBlue", "id_name": "object104262872674660", "shape": "CVCone", "id_string": "ob1171", "world_size": [0.09, 0.09, 0.09], "id": 1171, "camera_size": [56, 78], "camera_position": [241, 295], "world_position": [0.635609628239868, 1.131955509231408, -0.1736805717686306], "world_orientation": [0.7711387677640107, -0.6366671036255889, 3.522369538237552e-06, 0.6366671034081084, 0.7711387676248039, 2.2450568373801427e-05, -1.7009774046132057e-05, -1.5069926820332242e-05, 0.9999999997417826], "world_rotation": [-2.9466337247291185e-05, 1.6124709019337084e-05, 0.9999999994358643, 0.6901684685367865]}], "source": "action wait"}
{"timestamp": 1706069415.04553, "objects": [{"color": "cv_", "id_name": "hand", "shape": "CVCylinder", "id_string": "ob383", "world_size": [0.12, 0.005, 0.12], "id": 383, "camera_size": [76, 62], "camera_position": [240, 320], "world_position": [0.5957725190363384, 1.1831662369418126, -0.17411796942953783], "world_orientation": [0.0005252441848559077, 0.6571482973312276, 0.7537611288950997, -0.0005775776476448575, -0.7537609077849166, 0.6571485070357534, 0.9999996952612573, -0.0007805190116206769, -1.635436585882006e-05], "world_rotation": [0.0, 1.0, 0.0, 0.0]}, {"color": "CVBlue", "id_name": "object104262872674660", "shape": "CVCone", "id_string": "ob1171", "world_size": [0.09, 0.09, 0.09], "id": 1171, "camera_size": [57, 80], "camera_position": [241, 302], "world_position": [0.6254505110313907, 1.1487958481983118, -0.17383843938705304], "world_orientation": [0.7532307917213227, -0.6577563183876441, 4.899157199072485e-06, 0.6577563181029613, 0.753230791579583, 2.4739265481452192e-05, -1.9962604237824695e-05, -1.5411924924128696e-05, 0.9999999996819835], "world_rotation": [-3.05213262616925e-05, 1.88989149410233e-05, 0.9999999993556398, 0.7178361286990177]}], "source": "action wait"}
{"timestamp": 1706069415.0817, "objects": [{"color": "cv_", "id_name": "hand", "shape": "CVCylinder", "id_string": "ob383", "world_size": [0.12, 0.005, 0.12], "id": 383, "camera_size": [77, 62], "camera_position": [241, 326], "world_position": [0.587694775782084, 1.1941039692126323, -0.1741192858186854], "world_orientation": [0.0005372487172758473, 0.6717339386870905, 0.7407922967875298, -0.0005648025650271414, -0.7407920817094964, 0.671734153273878, 0.999999696180893, -0.0007792897015747514, -1.859254407975816e-05], "world_rotation": [0.0, 1.0, 0.0, 0.0]}, {"color": "CVBlue", "id_name": "object104262872674660", "shape": "CVCone", "id_string": "ob1171", "world_size": [0.09, 0.09, 0.09], "id": 1171, "camera_size": [57, 82], "camera_position": [241, 307], "world_position": [0.6180009599314401, 1.1604708405216686, -0.1739397108326108], "world_orientation": [0.740252695851957, -0.6723287486471212, 5.148439772290094e-06, 0.6723287483005516, 0.7402526956797365, 2.7340392825960344e-05, -2.219287851618116e-05, -1.6777355427264073e-05, 0.9999999996129982], "world_rotation": [-3.2809654741452255e-05, 2.0333295527052042e-05, 0.9999999992550417, 0.737350194972308]}], "source": "action wait"}
