{"timestamp": 1706069317.415272, "objects": [{"color": "cv_", "id_name": "hand", "shape": "CVCylinder", "id_string": "ob383", "world_size": [0.12, 0.005, 0.12], "id": 383, "camera_size": [48, 50], "camera_position": [246, 426], "world_position": [0.267644515573112, 0.6334703011718684, -0.17389260400900824], "world_orientation": [-0.0006415504528893029, 0.1979154745688228, 0.9802188803217443, -0.0007473673800079221, -0.9802189031850563, 0.19791499003532997, 0.9999995149273903, -0.0006056111649298988, 0.0007767754509609836], "world_rotation": [0.0, 1.0, 0.0, 0.0]}, {"color": "CVBlue", "id_name": "object14208066599858", "shape": "CVCylinder", "id_string": "ob1143", "world_size": [0.09, 0.09, 0.09], "id": 1143, "camera_size": [37, 37], "camera_position": [256, 254], "world_position": [0.705, 0.6448569696296074, -0.15], "world_orientation": [1.0, -4.331917303826236e-17, -1.1712398707441946e-17, 4.331917303826236e-17, 1.0, -5.775889738434995e-17, 1.1712398707441946e-17, 5.775889738434995e-17, 1.0], "world_rotation": [-0.7896765794068324, 0.16013129347666225, -0.5922574345551229, -7.314247236221149e-17]}], "source": "action wait"}
{"timestamp": 1706069317.446705, "objects": [{"color": "cv_", "id_name": "hand", "shape": "CVCylinder", "id_string": "ob383", "world_size": [0.12, 0.005, 0.12], "id": 383, "camera_size": [49, 51], "camera_position": [246, 421], "world_position": [0.29102327072971756, 0.667684253535947, -0.17395615009823803], "world_orientation": [-0.000383415576425037, 0.19738970754011248, 0.9803250258713815, -0.0007154015016925371, -0.9803249012072653, 0.19738940263767246, 0.9999996705965395, -0.0006256438240629265, 0.000517084730273477], "world_rotation": [0.0, 1.0, 0.0, 0.0]}, {"color": "CVBlue", "id_name": "object14208066599858", "shape": "CVCylinder", "id_string": "ob1143", "world_size": [0.09, 0.09, 0.09], "id": 1143, "camera_size": [37, 37], "camera_position": [256, 254], "world_position": [0.705, 0.6448569696296074, -0.15], "world_orientation": [1.0, -4.331917303826236e-17, -1.1712398707441946e-17, 4.331917303826236e-17, 1.0, -5.775889738434995e-17, 1.1712398707441946e-17, 5.775889738434995e-17, 1.0], "world_rotation": [-0.7896765794068324, 0.16013129347666225, -0.5922574345551229, -7.314247236221149e-17]}], "source": "action wait"}
{"timestamp": 1706069317.478236, "objects": [{"color": "cv_", "id_name": "hand", "shape": "CVCylinder", "id_string": "ob383", "world_size": [0.12, 0.005, 0.12], "id": 383, "camera_size": [51, 52], "camera_position": [246, 406], "world_position": [0.33700812476450237, 0.705614001148787, -0.1739839881159987], "world_orientation": [-0.00022430125773245283, 0.1851798634601561, 0.9827046188238985, -0.0007318295802091197, -0.9827044107858435, 0.18517965721837218, 0.9999997070571629, -0.0006776362786431924, 0.0003559419370581473], "world_rotation": [0.0, 1.0, 0.0, 0.0]}, {"color": "CVBlue", "id_name": "object14208066599858", "shape": "CVCylinder", "id_string": "ob1143", "world_size": [0.09, 0.09, 0.09], "id": 1143, "camera_size": [37, 37], "camera_position": [256, 254], "world_position": [0.705, 0.6448569696296074, -0.15], "world_orientation": [1.0, -4.331917303826236e-17, -1.1712398707441946e-17, 4.331917303826236e-17, 1.0, -5.775889738434995e-17, 1.1712398707441946e-17, 5.775889738434995e-17, 1.0], "world_rotation": [-0.7896765794068324, 0.16013129347666225, -0.5922574345551229, -7.314247236221149e-17]}], "source": "action wait"}
{"timestamp": 1706069317.506948, "objects": [{"color": "cv_", "id_name": "hand", "shape": "CVCylinder", "id_string": "ob383", "world_size": [0.12, 0.005, 0.12], "id": 383, "camera_size": [51, 52], "camera_position": [246, 388], "world_position": [0.38753343860401646, 0.7387612617795574, -0.17400451672596992], "world_orientation": [-0.00012109262905349205, 0.17648239406364208, 0.9843037894482274, -0.0007430762052320386, -0.9843035407971921, 0.17648225806540402, 0.9999997165871242, -0.0007100420240485625, 0.00025033177121329246], "world_rotation": [0.0, 1.0, 0.0, 0.0]}, {"color": "CVBlue", "id_name": "object14208066599858", "shape": "CVCylinder", "id_string": "ob1143", "world_size": [0.09, 0.09, 0.09], "id": 1143, "camera_size": [37, 37], "camera_position": [256, 254], "world_position": [0.705, 0.6448569696296074, -0.15], "world_orientation": [1.0, -4.331917303826236e-17, -1.1712398707441946e-17, 4.331917303826236e-17, 1.0, -5.775889738434995e-17, 1.1712398707441946e-17, 5.775889738434995e-17, 1.0], "world_rotation": [-0.7896765794068324, 0.16013129347666225, -0.5922574345551229, -7.314247236221149e-17]}], "source": "action wait"}
{"timestamp": 1706069317.545619, "objects": [{"color": "cv_", "id_name": "hand", "shape": "CVCylinder", "id_string": "ob383", "world_size": [0.12, 0.005, 0.12], "id": 383, "camera_size": [52, 54], "camera_position": [245, 367], "world_position": [0.441623009351326, 0.7666910692321939, -0.17402303219273255], "world_orientation": [-4.8454694210318666e-05, 0.17033735117964333, 0.985385804873018, -0.0007504566872206445, -0.9853855347463831, 0.17033726758212844, 0.9999997172334117, -0.0007312357265462376, 0.00017557735904204298], "world_rotation": [0.0, 1.0, 0.0, 0.0]}, {"color": "CVBlue", "id_name": "object14208066599858", "shape": "CVCylinder", "id_string": "ob1143", "world_size": [0.09, 0.09, 0.09], "id": 1143, "camera_size": [37, 37], "camera_position": [256, 254], "world_position": [0.705, 0.6448569696296074, -0.15], "world_orientation": [1.0, -4.331917303826236e-17, -1.1712398707441946e-17, 4.331917303826236e-17, 1.0, -5.775889738434995e-17, 1.1712398707441946e-17, 5.775889738434995e-17, 1.0], "world_rotation": [-0.7896765794068324, 0.16013129347666225, -0.5922574345551229, -7.314247236221149e-17]}], "source": "action wait"}
{"timestamp": 1706069317.574849, "objects": [{"color": "cv_", "id_name": "hand", "shape": "CVCylinder", "id_string": "ob383", "world_size": [0.12, 0.005, 0.12], "id": 383, "camera_size": [52, 53], "camera_position": [245, 344], "world_position": [0.49885327017544656, 0.7802972185659208, -0.17403820682284551], "world_orientation": [-5.874367376456955e-06, 0.15341456561150701, 0.9881619153882244, -0.0007644914779444501, -0.98816162732996, 0.15341451634504957, 0.9999997077590933, -0.0007545401499139738, 0.00012308895242921632], "world_rotation": [0.0, 1.0, 0.0, 0.0]}, {"color": "CVBlue", "id_name": "object14208066599858", "shape": "CVCylinder", "id_string": "ob1143", "world_size": [0.09, 0.09, 0.09], "id": 1143, "camera_size": [37, 37], "camera_position": [256, 254], "world_position": [0.705, 0.6448569696296074, -0.15], "world_orientation": [1.0, -4.331917303826236e-17, -1.1712398707441946e-17, 4.331917303826236e-17, 1.0, -5.775889738434995e-17, 1.1712398707441946e-17, 5.775889738434995e-17, 1.0], "world_rotation": [-0.7896765794068324, 0.16013129347666225, -0.5922574345551229, -7.314247236221149e-17]}], "source": "action wait"}
{"timestamp": 1706069317.61058, "objects": [{"color": "cv_", "id_name": "hand", "shape": "CVCylinder", "id_string": "ob383", "world_size": [0.12, 0.005, 0.12], "id": 383, "camera_size": [52, 53], "camera_position": [245, 318], "world_position": [0.5574719617378857, 0.770904415683677, -0.17405007655157467], "world_orientation": [-2.2919106241127477e-07, 0.11353503442569093, 0.9935339933580051, -0.0007770040331538627, -0.9935336934624489, 0.11353499997620606, 0.9999996981322944, -0.0007719538987077067, 8.84448886961736e-05], "world_rotation": [0.0, 1.0, 0.0, 0.0]}, {"color": "CVBlue", "id_name": "object14208066599858", "shape": "CVCylinder", "id_string": "ob1143", "world_size": [0.09, 0.09, 0.09], "id": 1143, "camera_size": [37, 37], "camera_position": [256, 254], "world_position": [0.705, 0.6448569696296074, -0.15], "world_orientation": [1.0, -4.331917303826236e-17, -1.1712398707441946e-17, 4.331917303826236e-17, 1.0, -5.775889738434995e-17, 1.1712398707441946e-17, 5.775889738434995e-17, 1.0], "world_rotation": [-0.7896765794068324, 0.16013129347666225, -0.5922574345551229, -7.314247236221149e-17]}], "source": "action wait"}
{"timestamp": 1706069317.646368, "objects": [{"color": "cv_", "id_name": "hand", "shape": "CVCylinder", "id_string": "ob383", "world_size": [0.12, 0.005, 0.12], "id": 383, "camera_size": [52, 52], "camera_position": [245, 297], "world_position": [0.6026994517309575, 0.7566842560477778, -0.17405572549234477], "world_orientation": [-1.5149394460988037e-05, 0.07961861158027195, 0.9968253991850957, -0.0007751189877459832, -0.9968251007833092, 0.07961857596629282, 0.9999996994804803, -0.00077145212116245, 7.681519427461348e-05], "world_rotation": [0.0, 1.0, 0.0, 0.0]}, {"color": "CVBlue", "id_name": "object14208066599858", "shape": "CVCylinder", "id_string": "ob1143", "world_size": [0.09, 0.09, 0.09], "id": 1143, "camera_size": [37, 37], "camera_position": [256, 254], "world_position": [0.705, 0.6448569696296074, -0.15], "world_orientation": [1.0, -4.331917303826236e-17, -1.1712398707441946e-17, 4.331917303826236e-17, 1.0, -5.775889738434995e-17, 1.1712398707441946e-17, 5.775889738434995e-17, 1.0], "world_rotation": [-0.7896765794068324, 0.16013129347666225, -0.5922574345551229, -7.314247236221149e-17]}], "source": "action wait"}
{"timestamp": 1706069317.679294, "objects": [{"color": "cv_", "id_name": "hand", "shape": "CVCylinder", "id_string": "ob383", "world_size": [0.12, 0.005, 0.12], "id": 383, "camera_size": [51, 51], "camera_position": [246, 284], "world_position": [0.6344119001965308, 0.7442015119156403, -0.17406342860004767], "world_orientation": [-2.1823567463116862e-05, 0.055649524297629996, 0.9984503642991871, -0.0007712155098780344, -0.9984500685476865, 0.05564949095686029, 0.9999997023751405, -0.0007688059363711027, 6.470751868555469e-05], "world_rotation": [0.0, 1.0, 0.0, 0.0]}, {"color": "CVBlue", "id_name": "object14208066599858", "shape": "CVCylinder", "id_string": "ob1143", "world_size": [0.09, 0.09, 0.09], "id": 1143, "camera_size": [37, 37], "camera_position": [256, 254], "world_position": [0.705, 0.6448569696296074, -0.15], "world_orientation": [1.0, -4.331917303826236e-17, -1.1712398707441946e-17, 4.331917303826236e-17, 1.0, -5.775889738434995e-17, 1.1712398707441946e-17, 5.775889738434995e-17, 1.0], "world_rotation": [-0.7896765794068324, 0.16013129347666225, -0.5922574345551229, -7.314247236221149e-17]}], "source": "action wait"}
{"timestamp": 1706069317.709003, "objects": [{"color": "cv_", "id_name": "hand", "shape": "CVCylinder", "id_string": "ob383", "world_size": [0.12, 0.005, 0.12], "id": 383, "camera_size": [51, 51], "camera_position": [246, 274], "world_position": [0.6565872195444793, 0.7342133377445325, -0.17407131643879226], "world_orientation": [-2.346436161262252e-05, 0.03873473195799494, 0.9992495283909651, -0.0007677212505216325, -0.9992492348869771, 0.03873470255304041, 0.9999997050267091, -0.0007662362124521516, 5.318422224631461e-05], "world_rotation": [0.0, 1.0, 0.0, 0.0]}, {"color": "CVBlue", "id_name": "object14208066599858", "shape": "CVCylinder", "id_string": "ob1143", "world_size": [0.09, 0.09, 0.09], "id": 1143, "camera_size": [37, 37], "camera_position": [256, 254], "world_position": [0.705, 0.6448569696296074, -0.15], "world_orientation": [1.0, -4.331917303826236e-17, -1.1712398707441946e-17, 4.331917303826236e-17, 1.0, -5.775889738434995e-17, 1.1712398707441946e-17, 5.775889738434995e-17, 1.0], "world_rotation": [-0.7896765794068324, 0.16013129347666225, -0.5922574345551229, -7.314247236221149e-17]}], "source": "action wait"}
{"timestamp": 1706069317.739895, "objects": [{"color": "cv_", "id_name": "hand", "shape": "CVCylinder", "id_string": "ob383", "world_size": [0.12, 0.005, 0.12], "id": 383, "camera_size": [51, 50], "camera_position": [246, 267], "world_position": [0.6720949187107493, 0.7266053294293533, -0.17407842924239744], "world_orientation": [-2.2486634131798583e-05, 0.02680603100647291, 0.9996406535330741, -0.0007652257023030084, -0.9996403615670488, 0.026806005963673524, 0.9999997069619452, -0.0007643479443021855, 4.299121097719544e-05], "world_rotation": [0.0, 1.0, 0.0, 0.0]}, {"color": "CVBlue", "id_name": "object14208066599858", "shape": "CVCylinder", "id_string": "ob1143", "world_size": [0.09, 0.09, 0.09], "id": 1143, "camera_size": [37, 37], "camera_position": [256, 254], "world_position": [0.705, 0.6448569696296074, -0.15], "world_orientation": [1.0, -4.331917303826236e-17, -1.1712398707441946e-17, 4.331917303826236e-17, 1.0, -5.775889738434995e-17, 1.1712398707441946e-17, 5.775889738434995e-17, 1.0], "world_rotation": [-0.7896765794068324, 0.16013129347666225, -0.5922574345551229, -7.314247236221149e-17]}], "source": "action wait"}
{"timestamp": 1706069317.778409, "objects": [{"color": "cv_", "id_name": "hand", "shape": "CVCylinder", "id_string": "ob383", "world_size": [0.12, 0.005, 0.12], "id": 383, "camera_size": [51, 51], "camera_position": [246, 263], "world_position": [0.6829509533043968, 0.7209760216867861, -0.17408443890494815], "world_orientation": [-2.0329011525146778e-05, 0.0183963424935268, 0.9998307727658678, -0.0007636659627213303, -0.9998304817145139, 0.018396321611138765, 0.9999997082004718, -0.0007631627506089816, 3.437422598720877e-05], "world_rotation": [0.0, 1.0, 0.0, 0.0]}, {"color": "CVBlue", "id_name": "object14208066599858", "shape": "CVCylinder", "id_string": "ob1143", "world_size": [0.09, 0.09, 0.09], "id": 1143, "camera_size": [37, 37], "camera_position": [256, 254], "world_position": [0.705, 0.6448569696296074, -0.15], "world_orientation": [1.0, -4.331917303826236e-17, -1.1712398707441946e-17, 4.331917303826236e-17, 1.0, -5.775889738434995e-17, 1.1712398707441946e-17, 5.775889738434995e-17, 1.0], "world_rotation": [-0.7896765794068324, 0.16013129347666225, -0.5922574345551229, -7.314247236221149e-17]}], "source": "action wait"}
{"timestamp": 1706069317.810263, "objects": [{"color": "cv_", "id_name": "hand", "shape": "CVCylinder", "id_string": "ob383", "world_size": [0.12, 0.005, 0.12], "id": 383, "camera_size": [50, 51], "camera_position": [245, 260], "world_position": [0.6905600931416235, 0.7168854342315047, -0.1740893235997377], "world_orientation": [-1.780132129962282e-05, 0.012468416015231413, 0.9999222661213141, -0.0007628026066791616, -0.9999219755377172, 0.01246839881188305, 0.9999997089076058, -0.0007625213571008947, 2.73108725990482e-05], "world_rotation": [0.0, 1.0, 0.0, 0.0]}, {"color": "CVBlue", "id_name": "object14208066599858", "shape": "CVCylinder", "id_string": "ob1143", "world_size": [0.09, 0.09, 0.09], "id": 1143, "camera_size": [37, 37], "camera_position": [256, 254], "world_position": [0.705, 0.6448569696296074, -0.15], "world_orientation": [1.0, -4.331917303826236e-17, -1.1712398707441946e-17, 4.331917303826236e-17, 1.0, -5.775889738434995e-17, 1.1712398707441946e-17, 5.775889738434995e-17, 1.0], "world_rotation": [-0.7896765794068324, 0.16013129347666225, -0.5922574345551229, -7.314247236221149e-17]}], "source": "action wait"}
{"timestamp": 1706069317.83783, "objects": [{"color": "cv_", "id_name": "hand", "shape": "CVCylinder", "id_string": "ob383", "world_size": [0.12, 0.005, 0.12], "id": 383, "camera_size": [50, 50], "camera_position": [245, 257], "world_position": [0.6958996604963757, 0.7139473875713777, -0.1740931952860125], "world_orientation": [-1.53288403945447e-05, 0.008290106676677662, 0.9999656363577282, -0.000762398198870445, -0.9999653459565323, 0.008290092582056489, 0.9999997092569642, -0.0007622449225857539, 2.1648671587353536e-05], "world_rotation": [0.0, 1.0, 0.0, 0.0]}, {"color": "CVBlue", "id_name": "object14208066599858", "shape": "CVCylinder", "id_string": "ob1143", "world_size": [0.09, 0.09, 0.09], "id": 1143, "camera_size": [37, 37], "camera_position": [256, 254], "world_position": [0.705, 0.6448569696296074, -0.15], "world_orientation": [1.0, -4.331917303826236e-17, -1.1712398707441946e-17, 4.331917303826236e-17, 1.0, -5.775889738434995e-17, 1.1712398707441946e-17, 5.775889738434995e-17, 1.0], "world_rotation": [-0.7896765794068324, 0.16013129347666225, -0.5922574345551229, -7.314247236221149e-17]}], "source": "action wait"}
{"timestamp": 1706069317.878322, "objects": [{"color": "cv_", "id_name": "hand", "shape": "CVCylinder", "id_string": "ob383", "world_size": [0.12, 0.005, 0.12], "id": 383, "camera_size": [49, 50], "camera_position": [246, 256], "world_position": [0.6996503057886078, 0.7118532027269324, -0.17409621138832676], "world_orientation": [-1.3110959526521755e-05, 0.005345054633640616, 0.9999857150075027, -0.000762269529351695, -0.9999854246235592, 0.005345043087273032, 0.9999997093865914, -0.0007621885616939644, 1.7185140709661715e-05], "world_rotation": [0.0, 1.0, 0.0, 0.0]}, {"color": "CVBlue", "id_name": "object14208066599858", "shape": "CVCylinder", "id_string": "ob1143", "world_size": [0.09, 0.09, 0.09], "id": 1143, "camera_size": [37, 37], "camera_position": [256, 254], "world_position": [0.705, 0.6448569696296074, -0.15], "world_orientation": [1.0, -4.331917303826236e-17, -1.1712398707441946e-17, 4.331917303826236e-17, 1.0, -5.775889738434995e-17, 1.1712398707441946e-17, 5.775889738434995e-17, 1.0], "world_rotation": [-0.7896765794068324, 0.16013129347666225, -0.5922574345551229, -7.314247236221149e-17]}], "source": "action wait"}
{"timestamp": 1706069317.91211, "objects": [{"color": "cv_", "id_name": "hand", "shape": "CVCylinder", "id_string": "ob383", "world_size": [0.12, 0.005, 0.12], "id": 383, "camera_size": [49, 49], "camera_position": [246, 255], "world_position": [0.7022869625175663, 0.7103680199202452, -0.17409853196466227], "world_orientation": [-1.1219924319158985e-05, 0.003269233884826587, 0.9999946559776807, -0.0007622912641347955, -0.9999943655261095, 0.003269224382371751, 0.9999997093930287, -0.0007622505099834547, 1.3711969531970584e-05], "world_rotation": [0.0, 1.0, 0.0, 0.0]}, {"color": "CVBlue", "id_name": "object14208066599858", "shape": "CVCylinder", "id_string": "ob1143", "world_size": [0.09, 0.09, 0.09], "id": 1143, "camera_size": [37, 37], "camera_position": [256, 254], "world_position": [0.705, 0.6448569696296074, -0.15], "world_orientation": [1.0, -4.331917303826236e-17, -1.1712398707441946e-17, 4.331917303826236e-17, 1.0, -5.775889738434995e-17, 1.1712398707441946e-17, 5.775889738434995e-17, 1.0], "world_rotation": [-0.7896765794068324, 0.16013129347666225, -0.5922574345551229, -7.314247236221149e-17]}], "source": "action wait"}
{"timestamp": 1706069317.942626, "objects": [{"color": "cv_", "id_name": "hand", "shape": "CVCylinder", "id_string": "ob383", "world_size": [0.12, 0.005, 0.12], "id": 383, "camera_size": [49, 50], "camera_position": [246, 254], "world_position": [0.704141674195604, 0.7093182388260706, -0.17410030100021323], "world_orientation": [-9.66032270303524e-06, 0.0018060598974087645, 0.9999983690258327, -0.0007623843756237301, -0.9999980784712584, 0.001806052007758206, 0.9999997093383289, -0.0007623656851496793, 1.1037215988037512e-05], "world_rotation": [0.0, 1.0, 0.0, 0.0]}, {"color": "CVBlue", "id_name": "object14208066599858", "shape": "CVCylinder", "id_string": "ob1143", "world_size": [0.09, 0.09, 0.09], "id": 1143, "camera_size": [37, 37], "camera_position": [256, 254], "world_position": [0.705, 0.6448569696296074, -0.15], "world_orientation": [1.0, -4.331917303826236e-17, -1.1712398707441946e-17, 4.331917303826236e-17, 1.0, -5.775889738434995e-17, 1.1712398707441946e-17, 5.775889738434995e-17, 1.0], "world_rotation": [-0.7896765794068324, 0.16013129347666225, -0.5922574345551229, -7.314247236221149e-17]}], "source": "action wait"}
{"timestamp": 1706069317.973432, "objects": [{"color": "cv_", "id_name": "hand", "shape": "CVCylinder", "id_string": "ob383", "world_size": [0.12, 0.005, 0.12], "id": 383, "camera_size": [49, 50], "camera_position": [246, 253], "world_position": [0.7054469886253556, 0.7085778276293848, -0.17410164008353635], "world_orientation": [-8.403864639701317e-06, 0.0007746924943039507, 0.9999996998904122, -0.0007625024970462588, -0.9999994092257047, 0.0007746858611587641, 0.9999997092596162, -0.0007624957578572044, 8.994564636628444e-06], "world_rotation": [0.0, 1.0, 0.0, 0.0]}, {"color": "CVBlue", "id_name": "object14208066599858", "shape": "CVCylinder", "id_string": "ob1143", "world_size": [0.09, 0.09, 0.09], "id": 1143, "camera_size": [37, 37], "camera_position": [256, 254], "world_position": [0.705, 0.6448569696296074, -0.15], "world_orientation": [1.0, -4.331917303826236e-17, -1.1712398707441946e-17, 4.331917303826236e-17, 1.0, -5.775889738434995e-17, 1.1712398707441946e-17, 5.775889738434995e-17, 1.0], "world_rotation": [-0.7896765794068324, 0.16013129347666225, -0.5922574345551229, -7.314247236221149e-17]}], "source": "action wait"}
{"timestamp": 1706069318.003915, "objects": [{"color": "cv_", "id_name": "hand", "shape": "CVCylinder", "id_string": "ob383", "world_size": [0.12, 0.005, 0.12], "id": 383, "camera_size": [49, 50], "camera_position": [246, 253], "world_position": [0.7063660048715252, 0.7080563412396305, -0.17410264808716827], "world_orientation": [-7.409066777814836e-06, 4.767850277735794e-05, 0.999999998835933, -0.0007626205658840913, -0.9999997080685439, 4.767283860765558e-05, 0.9999997091774468, -0.0007626202117854655, 7.445425222008048e-06], "world_rotation": [0.0, 1.0, 0.0, 0.0]}, {"color": "CVBlue", "id_name": "object14208066599858", "shape": "CVCylinder", "id_string": "ob1143", "world_size": [0.09, 0.09, 0.09], "id": 1143, "camera_size": [37, 37], "camera_position": [256, 254], "world_position": [0.705, 0.6448569696296074, -0.15], "world_orientation": [1.0, -4.331917303826236e-17, -1.1712398707441946e-17, 4.331917303826236e-17, 1.0, -5.775889738434995e-17, 1.1712398707441946e-17, 5.775889738434995e-17, 1.0], "world_rotation": [-0.7896765794068324, 0.16013129347666225, -0.5922574345551229, -7.314247236221149e-17]}], "source": "action wait"}
{"timestamp": 1706069318.033334, "objects": [{"color": "cv_", "id_name": "hand", "shape": "CVCylinder", "id_string": "ob383", "world_size": [0.12, 0.005, 0.12], "id": 383, "camera_size": [49, 49], "camera_position": [246, 253], "world_position": [0.7070132439027441, 0.7076893627720134, -0.17410340346443162], "world_orientation": [-6.6319070052769195e-06, -0.0004648097966147681, 0.9999998919539297, -0.0007627265871742851, -0.9999996010976352, -0.0004648147197538504, 0.9999997091020433, -0.0007627295873730419, 6.27738157030048e-06], "world_rotation": [0.0, 1.0, 0.0, 0.0]}, {"color": "CVBlue", "id_name": "object14208066599858", "shape": "CVCylinder", "id_string": "ob1143", "world_size": [0.09, 0.09, 0.09], "id": 1143, "camera_size": [37, 37], "camera_position": [256, 254], "world_position": [0.705, 0.6448569696296074, -0.15], "world_orientation": [1.0, -4.331917303826236e-17, -1.1712398707441946e-17, 4.331917303826236e-17, 1.0, -5.775889738434995e-17, 1.1712398707441946e-17, 5.775889738434995e-17, 1.0], "world_rotation": [-0.7896765794068324, 0.16013129347666225, -0.5922574345551229, -7.314247236221149e-17]}], "source": "action wait"}
{"timestamp": 1706069318.065746, "objects": [{"color": "cv_", "id_name": "hand", "shape": "CVCylinder", "id_string": "ob383", "world_size": [0.12, 0.005, 0.12], "id": 383, "camera_size": [49, 49], "camera_position": [246, 253], "world_position": [0.7074691887877679, 0.7074312416791085, -0.1741039674251728], "world_orientation": [-6.031178105918265e-06, -0.0008260835811794734, 0.9999996587747128, -0.0007628161143711292, -0.9999993678449446, -0.0008260879415281184, 0.9999997090375581, -0.0007628208363628494, 5.401024426101399e-06], "world_rotation": [0.0, 1.0, 0.0, 0.0]}, {"color": "CVBlue", "id_name": "object14208066599858", "shape": "CVCylinder", "id_string": "ob1143", "world_size": [0.09, 0.09, 0.09], "id": 1143, "camera_size": [37, 37], "camera_position": [256, 254], "world_position": [0.705, 0.6448569696296074, -0.15], "world_orientation": [1.0, -4.331917303826236e-17, -1.1712398707441946e-17, 4.331917303826236e-17, 1.0, -5.775889738434995e-17, 1.1712398707441946e-17, 5.775889738434995e-17, 1.0], "world_rotation": [-0.7896765794068324, 0.16013129347666225, -0.5922574345551229, -7.314247236221149e-17]}], "source": "action wait"}
{"timestamp": 1706069318.101627, "objects": [{"color": "cv_", "id_name": "hand", "shape": "CVCylinder", "id_string": "ob383", "world_size": [0.12, 0.005, 0.12], "id": 383, "camera_size": [49, 50], "camera_position": [246, 252], "world_position": [0.707790440436239, 0.707249732600578, -0.17410438715008492], "world_orientation": [-5.570807017901881e-06, -0.0010807663445232382, 0.9999994159563668, -0.0007628887565235022, -0.9999991249677909, -0.0010807702799405345, 0.9999997089848134, -0.0007628943317262068, 4.746297650964388e-06], "world_rotation": [0.0, 1.0, 0.0, 0.0]}, {"color": "CVBlue", "id_name": "object14208066599858", "shape": "CVCylinder", "id_string": "ob1143", "world_size": [0.09, 0.09, 0.09], "id": 1143, "camera_size": [37, 37], "camera_position": [256, 254], "world_position": [0.705, 0.6448569696296074, -0.15], "world_orientation": [1.0, -4.331917303826236e-17, -1.1712398707441946e-17, 4.331917303826236e-17, 1.0, -5.775889738434995e-17, 1.1712398707441946e-17, 5.775889738434995e-17, 1.0], "world_rotation": [-0.7896765794068324, 0.16013129347666225, -0.5922574345551229, -7.314247236221149e-17]}], "source": "action wait"}
{"timestamp": 1706069319.193213, "objects": [{"color": "cv_", "id_name": "hand", "shape": "CVCylinder", "id_string": "ob383", "world_size": [0.12, 0.005, 0.12], "id": 383, "camera_size": [49, 50], "camera_position": [246, 252], "world_position": [0.7085576542257483, 0.7068194842484634, -0.17410557121525885], "world_orientation": [-4.179400148184602e-06, -0.0016894153955753762, 0.9999985729280587, -0.0007631192172911502, -0.9999982817563073, -0.0016894180930493888, 0.999999708815754, -0.0007631251890197205, 2.8901676129691917e-06], "world_rotation": [0.0, 1.0, 0.0, 0.0]}, {"color": "CVBlue", "id_name": "object14208066599858", "shape": "CVCylinder", "id_string": "ob1143", "world_size": [0.09, 0.09, 0.09], "id": 1143, "camera_size": [37, 37], "camera_position": [256, 254], "world_position": [0.705, 0.6448569696296074, -0.15], "world_orientation": [1.0, -4.331917303826236e-17, -1.1712398707441946e-17, 4.331917303826236e-17, 1.0, -5.775889738434995e-17, 1.1712398707441946e-17, 5.775889738434995e-17, 1.0], "world_rotation": [-0.7896765794068324, 0.16013129347666225, -0.5922574345551229, -7.314247236221149e-17]}], "source": "action wait"}
{"timestamp": 1706069319.225458, "objects": [{"color": "cv_", "id_name": "hand", "shape": "CVCylinder", "id_string": "ob383", "world_size": [0.12, 0.005, 0.12], "id": 383, "camera_size": [51, 51], "camera_position": [246, 251], "world_position": [0.7113738139850267, 0.730201390891887, -0.17409771836648588], "world_orientation": [1.8934483299420597e-05, 0.03247021603516738, 0.9994727033351712, -0.0007431532423814921, -0.999472427064636, 0.03247022113851745, 0.9999997236823338, -0.0007433761870155552, 5.2058523492960866e-06], "world_rotation": [0.0, 1.0, 0.0, 0.0]}, {"color": "CVBlue", "id_name": "object14208066599858", "shape": "CVCylinder", "id_string": "ob1143", "world_size": [0.09, 0.09, 0.09], "id": 1143, "camera_size": [38, 38], "camera_position": [252, 251], "world_position": [0.7106091093517242, 0.6743119765356217, -0.158667028895843], "world_orientation": [0.999427351680866, -0.033837386173964104, -3.0140621435886566e-06, 0.033837386252450516, 0.9994273511825816, 3.161915912368803e-05, 1.942426446702286e-06, -3.1703040450304914e-05, 0.9999999994955723], "world_rotation": [0.000935683555546443, 7.323979423313584e-05, -0.9999995595660113, -0.03384386157881613]}], "source": "action wait"}
{"timestamp": 1706069319.258645, "objects": [{"color": "cv_", "id_name": "hand", "shape": "CVCylinder", "id_string": "ob383", "world_size": [0.12, 0.005, 0.12], "id": 383, "camera_size": [53, 53], "camera_position": [245, 249], "world_position": [0.7152497257270524, 0.7866049909674844, -0.17410898281238193], "world_orientation": [8.130107369162928e-05, 0.11354513988497898, 0.9935328351889716, -0.0007254033925053768, -0.9935325703725494, 0.11354516898060249, 0.9999997335899913, -0.0007299434333625067, 1.5907649565726434e-06], "world_rotation": [0.0, 1.0, 0.0, 0.0]}, {"color": "CVBlue", "id_name": "object14208066599858", "shape": "CVCylinder", "id_string": "ob1143", "world_size": [0.09, 0.09, 0.09], "id": 1143, "camera_size": [39, 44], "camera_position": [250, 247], "world_position": [0.7189558567802009, 0.7346658310951494, -0.1642320597861785], "world_orientation": [0.9934002009382437, -0.11469978534816874, -4.115972647951422e-06, 0.11469978540543546, 0.9934001995447928, 5.2652762380238275e-05, -1.950452493205601e-06, -5.2777365907936986e-05, 0.9999999986053727], "world_rotation": [0.00045959160604536783, 9.439947593755044e-06, -0.9999998943432159, -0.11495279744671973]}], "source": "action wait"}
{"timestamp": 1706069319.289716, "objects": [{"color": "cv_", "id_name": "hand", "shape": "CVCylinder", "id_string": "ob383", "world_size": [0.12, 0.005, 0.12], "id": 383, "camera_size": [56, 55], "camera_position": [244, 250], "world_position": [0.7135123644484092, 0.8567179802401435, -0.17411234195721054], "world_orientation": [0.00015629999846089723, 0.21261089769867286, 0.9771369309109522, -0.0007212431205369905, -0.9771366647295646, 0.2126109551494083, 0.9999997276892987, -0.0007379843812050363, 6.176881235110008e-07], "world_rotation": [0.0, 1.0, 0.0, 0.0]}, {"color": "CVBlue", "id_name": "object14208066599858", "shape": "CVCylinder", "id_string": "ob1143", "world_size": [0.09, 0.09, 0.09], "id": 1143, "camera_size": [41, 50], "camera_position": [248, 245], "world_position": [0.7222433209778457, 0.8077765033205565, -0.16779038257245088], "world_orientation": [0.9769173027047147, -0.21361784480247312, -7.621778656995077e-06, 0.21361784491665972, 0.9769173014737242, 4.9137140349604836e-05, -3.0507225832175606e-06, -4.963107054409803e-05, 0.9999999987637251], "world_rotation": [0.00023117967582177954, 1.0699143497054439e-05, -0.9999999732207426, -0.21527680347009978]}], "source": "action wait"}
{"timestamp": 1706069319.320882, "objects": [{"color": "cv_", "id_name": "hand", "shape": "CVCylinder", "id_string": "ob383", "world_size": [0.12, 0.005, 0.12], "id": 383, "camera_size": [59, 57], "camera_position": [244, 254], "world_position": [0.7043351635624691, 0.9262626421108823, -0.1741132695292839], "world_orientation": [0.00023150287131928617, 0.30954668360695686, 0.9508842185431173, -0.00070963941634819, -0.9508839537432898, 0.3095467701744408, 0.999999721409121, -0.0007464458879648714, -4.6583769519286183e-07], "world_rotation": [0.0, 1.0, 0.0, 0.0]}, {"color": "CVBlue", "id_name": "object14208066599858", "shape": "CVCylinder", "id_string": "ob1143", "world_size": [0.09, 0.09, 0.09], "id": 1143, "camera_size": [44, 56], "camera_position": [246, 247], "world_position": [0.7178249572406874, 0.8799575929988657, -0.17006650486243582], "world_orientation": [0.9505908726409213, -0.31044644104257935, -9.78612526641508e-06, 0.31044644116876124, 0.9505908716588702, 4.341060002723834e-05, -4.174064934814646e-06, -4.430378792354874e-05, 0.9999999990098758], "world_rotation": [0.00014127136835507056, 9.038693204827752e-06, -0.9999999899803513, -0.31566264561876234]}], "source": "action wait"}
{"timestamp": 1706069319.351652, "objects": [{"color": "cv_", "id_name": "hand", "shape": "CVCylinder", "id_string": "ob383", "world_size": [0.12, 0.005, 0.12], "id": 383, "camera_size": [63, 59], "camera_position": [243, 262], "world_position": [0.6879748626135582, 0.9944644260300957, -0.17411371758598604], "world_orientation": [0.00030529223511309076, 0.403355028449626, 0.9150435114359604, -0.0006875515212411886, -0.9150432531296389, 0.40335514397963723, 0.9999997170347384, -0.0007522807517397767, -2.0282365618152458e-06], "world_rotation": [0.0, 1.0, 0.0, 0.0]}, {"color": "CVBlue", "id_name": "object14208066599858", "shape": "CVCylinder", "id_string": "ob1143", "world_size": [0.09, 0.09, 0.09], "id": 1143, "camera_size": [47, 61], "camera_position": [245, 253], "world_position": [0.7059727373013607, 0.9507146811413111, -0.17152301167540573], "world_orientation": [0.9146832201102245, -0.40417150657280443, -1.1111260991244688e-05, 0.4041715066848187, 0.9146832192821934, 3.9340646132436996e-05, -5.737084243138285e-06, -4.047508398163394e-05, 0.9999999991644267], "world_rotation": [9.873992650912496e-05, 6.648386432056523e-06, -0.9999999951031131, -0.41607288050617086]}], "source": "action wait"}
{"timestamp": 1706069319.387596, "objects": [{"color": "cv_", "id_name": "hand", "shape": "CVCylinder", "id_string": "ob383", "world_size": [0.12, 0.005, 0.12], "id": 383, "camera_size": [67, 60], "camera_position": [243, 275], "world_position": [0.6646946367732626, 1.0606362055933356, -0.17411413876429854], "world_orientation": [0.0003765164379374228, 0.49309274891718263, 0.8699766658943607, -0.0006562101249169306, -0.8699764184188239, 0.4930928926515045, 0.999999713811781, -0.0007565450761148854, -3.987967789529154e-06], "world_rotation": [0.0, 1.0, 0.0, 0.0]}, {"color": "CVBlue", "id_name": "object14208066599858", "shape": "CVCylinder", "id_string": "ob1143", "world_size": [0.09, 0.09, 0.09], "id": 1143, "camera_size": [50, 68], "camera_position": [243, 263], "world_position": [0.6869457193961539, 1.019532124781981, -0.17245527980920225], "world_orientation": [0.8695533751557162, -0.4938389693160955, -1.1837194563009511e-05, 0.4938389693982299, 0.8695533744279238, 3.639650274067444e-05, -7.680938924140323e-06, -3.749436976558067e-05, 0.9999999992675879], "world_rotation": [7.481271920987137e-05, 4.208108194267742e-06, -0.9999999971926744, -0.516499122785216]}], "source": "action wait"}
{"timestamp": 1706069319.421494, "objects": [{"color": "cv_", "id_name": "hand", "shape": "CVCylinder", "id_string": "ob383", "world_size": [0.12, 0.005, 0.12], "id": 383, "camera_size": [71, 60], "camera_position": [242, 290], "world_position": [0.6411473055816119, 1.1105621760790063, -0.17411366394959074], "world_orientation": [0.0004372254197011145, 0.5600879848123462, 0.8284330136485251, -0.000635450159495457, -0.8284327699612147, 0.5600881554340211, 0.9999997025184694, -0.0007713126694836156, -6.303866259452084e-06], "world_rotation": [0.0, 1.0, 0.0, 0.0]}, {"color": "CVBlue", "id_name": "object14208066599858", "shape": "CVCylinder", "id_string": "ob1143", "world_size": [0.09, 0.09, 0.09], "id": 1143, "camera_size": [52, 72], "camera_position": [242, 275], "world_position": [0.6665039566213828, 1.0718565785909795, -0.17305169530754785], "world_orientation": [0.8279646695888608, -0.5607802652448122, -4.956482431086455e-06, 0.5607802651782234, 0.8279646692688462, 2.5083295715075155e-05, -9.962424887522556e-06, -2.354758018098776e-05, 0.9999999996731308], "world_rotation": [-4.3360010031309196e-05, 4.463372520600612e-06, 0.9999999990499939, 0.595327889721928]}], "source": "action wait"}
{"timestamp": 1706069319.462998, "objects": [{"color": "cv_", "id_name": "hand", "shape": "CVCylinder", "id_string": "ob383", "world_size": [0.12, 0.005, 0.12], "id": 383, "camera_size": [73, 61], "camera_position": [241, 303], "world_position": [0.6218244008032051, 1.1443273023766511, -0.1741147651437539], "world_orientation": [0.00047905057576224714, 0.6052816342713302, 0.7960112522598994, -0.0006136192278139927, -0.7960110158120712, 0.6052818237625166, 0.9999996969909488, -0.0007784084161148972, -9.917086405777703e-06], "world_rotation": [0.0, 1.0, 0.0, 0.0]}, {"color": "CVBlue", "id_name": "object14208066599858", "shape": "CVCylinder", "id_string": "ob1143", "world_size": [0.09, 0.09, 0.09], "id": 1143, "camera_size": [54, 76], "camera_position": [241, 286], "world_position": [0.6492223379818881, 1.1075118643807467, -0.17343467778897695], "world_orientation": [0.7955137309626855, -0.6059355608062515, 4.916866910105846e-07, 0.6059355606549919, 0.7955137307817206, 2.171334153992812e-05, -1.3548029296915574e-05, -1.6975330889311183e-05, 0.9999999997641447], "world_rotation": [-3.192474160146471e-05, 1.1585155988287505e-05, 0.9999999994232974, 0.6509413878507699]}], "source": "action wait"}
{"timestamp": 1706069319.494811, "objects": [{"color": "cv_", "id_name": "hand", "shape": "CVCylinder", "id_string": "ob383", "world_size": [0.12, 0.005, 0.12], "id": 383, "camera_size": [75, 61], "camera_position": [241, 313], "world_position": [0.6069403957316194, 1.1673395595778775, -0.1741164266667754], "world_orientation": [0.000506944987298474, 0.636040237782418, 0.7716557256500238, -0.0005938803736329256, -0.7716554972366916, 0.6360404396659824, 0.9999996951563945, -0.0007807087032728328, -1.3455072185111376e-05], "world_rotation": [0.0, 1.0, 0.0, 0.0]}, {"color": "CVBlue", "id_name": "object14208066599858", "shape": "CVCylinder", "id_string": "ob1143", "world_size": [0.09, 0.09, 0.09], "id": 1143, "camera_size": [56, 78], "camera_position": [241, 295], "world_position": [0.6356984918595575, 1.1319393854705155, -0.17368063089963773], "world_orientation": [0.7711387147782977, -0.6366671678020465, 3.6050451637924017e-06, 0.6366671675835051, 0.7711387146406605, 2.2439856288898247e-05, -1.7066709643166186e-05, -1.5009028044988374e-05, 0.9999999997417283], "world_rotation": [-2.9410095425893656e-05, 1.623434962902755e-05, 0.9999999994357461, 0.6901685517591678]}], "source": "action wait"}
{"timestamp": 1706069319.526385, "objects": [{"color": "cv_", "id_name": "hand", "shape": "CVCylinder", "id_string": "ob383", "world_size": [0.12, 0.005, 0.12], "id": 383, "camera_size": [76, 62], "camera_position": [240, 320], "world_position": [0.595863180297729, 1.1831500840745652, -0.17411802602684076], "world_orientation": [0.0005253139729701197, 0.6571483320652095, 0.7537610985644876, -0.0005776000466941754, -0.7537608774379538, 0.6571485418245652, 0.9999996952116615, -0.0007805817570645309, -1.6392213910006104e-05], "world_rotation": [0.0, 1.0, 0.0, 0.0]}, {"color": "CVBlue", "id_name": "object14208066599858", "shape": "CVCylinder", "id_string": "ob1143", "world_size": [0.09, 0.09, 0.09], "id": 1143, "camera_size": [57, 80], "camera_position": [241, 302], "world_position": [0.6255402719380825, 1.148779946685622, -0.17383849805268306], "world_orientation": [0.753230761141959, -0.6577563534051828, 4.961988220101716e-06, 0.6577563531201026, 0.7532307610019123, 2.471078660540391e-05, -1.9991199050453853e-05, -1.53491453273259e-05, 0.9999999996823778], "world_rotation": [-3.0451953605800316e-05, 1.896841218691569e-05, 0.9999999993564389, 0.7178361751878437]}], "source": "action wait"}
{"timestamp": 1706069319.557051, "objects": [{"color": "cv_", "id_name": "hand", "shape": "CVCylinder", "id_string": "ob383", "world_size": [0.12, 0.005, 0.12], "id": 383, "camera_size": [77, 63], "camera_position": [241, 326], "world_position": [0.5877857070195721, 1.194088079480043, -0.17411934169324172], "world_orientation": [0.0005373310510388505, 0.6717339535088012, 0.7407922832878171, -0.0005648147217149816, -0.740792068201838, 0.6717341681599751, 0.9999996961297897, -0.0007793540139299485, -1.8645354590043785e-05], "world_rotation": [0.0, 1.0, 0.0, 0.0]}, {"color": "CVBlue", "id_name": "object14208066599858", "shape": "CVCylinder", "id_string": "ob1143", "world_size": [0.09, 0.09, 0.09], "id": 1143, "camera_size": [57, 82], "camera_position": [241, 307], "world_position": [0.6180913144032979, 1.1604551111941397, -0.1739397691054617], "world_orientation": [0.7402526821973873, -0.6723287636806003, 5.223950967927911e-06, 0.672328763333174, 0.7402526820271517, 2.7322036523084043e-05, -2.2236434751588278e-05, -1.671299832532783e-05, 0.9999999996131084], "world_rotation": [-3.274814138988259e-05, 2.0421843590203524e-05, 0.9999999992552537, 0.7373502152801144]}], "source": "action wait"}
