{"timestamp": 1706069284.793094, "objects": [{"color": "cv_", "id_name": "hand", "shape": "CVCylinder", "id_string": "ob383", "world_size": [0.12, 0.005, 0.12], "id": 383, "camera_size": [48, 50], "camera_position": [246, 426], "world_position": [0.26764451557300206, 0.6334703011721698, -0.17389260400900888], "world_orientation": [-0.0006415504542940717, 0.19791547456967726, 0.9802188803215709, -0.0007473673803005311, -0.9802189031848837, 0.19791499003618335, 0.9999995149273891, -0.0006056111649380188, 0.0007767754523964047], "world_rotation": [0.0, 1.0, 0.0, 0.0]}, {"color": "CVBlue", "id_name": "object49945109535008", "shape": "CVCylinder", "id_string": "ob1115", "world_size": [0.11, 0.11, 0.11], "id": 1115, "camera_size": [45, 45], "camera_position": [256, 254], "world_position": [0.705, 0.6547388572526824, -0.15], "world_orientation": [1.0, -3.838362879530641e-17, 1.4813540171849057e-17, 3.838362879530641e-17, 1.0, 5.294293626938881e-18, -1.4813540171849057e-17, -5.294293626938881e-18, 1.0], "world_rotation": [-0.1276280613210114, 0.35710588544125776, 0.925303444577321, 4.1482206750932463e-17]}], "source": "action wait"}
{"timestamp": 1706069284.824166, "objects": [{"color": "cv_", "id_name": "hand", "shape": "CVCylinder", "id_string": "ob383", "world_size": [0.12, 0.005, 0.12], "id": 383, "camera_size": [49, 51], "camera_position": [246, 421], "world_position": [0.29079313565511655, 0.6674618533252427, -0.17395624587753444], "world_orientation": [-0.00038509361983723577, 0.19528002118696805, 0.9807474522159724, -0.0007159502999959262, -0.980747327419009, 0.19527971521804074, 0.9999996695589815, -0.000626965460220469, 0.0005174903282139296], "world_rotation": [0.0, 1.0, 0.0, 0.0]}, {"color": "CVBlue", "id_name": "object49945109535008", "shape": "CVCylinder", "id_string": "ob1115", "world_size": [0.11, 0.11, 0.11], "id": 1115, "camera_size": [45, 45], "camera_position": [256, 254], "world_position": [0.705, 0.6547388572526824, -0.15], "world_orientation": [1.0, -3.838362879530641e-17, 1.4813540171849057e-17, 3.838362879530641e-17, 1.0, 5.294293626938881e-18, -1.4813540171849057e-17, -5.294293626938881e-18, 1.0], "world_rotation": [-0.1276280613210114, 0.35710588544125776, 0.925303444577321, 4.1482206750932463e-17]}], "source": "action wait"}
{"timestamp": 1706069284.861338, "objects": [{"color": "cv_", "id_name": "hand", "shape": "CVCylinder", "id_string": "ob383", "world_size": [0.12, 0.005, 0.12], "id": 383, "camera_size": [51, 52], "camera_position": [246, 406], "world_position": [0.3366171778552028, 0.7051664531002346, -0.1739840980685052], "world_orientation": [-0.0002272678037069948, 0.1814619212383557, 0.9833979456404363, -0.0007325605998580504, -0.9833977373802759, 0.1814617135109265, 0.9999997058521132, -0.000679158183871278, 0.0003564264978190321], "world_rotation": [0.0, 1.0, 0.0, 0.0]}, {"color": "CVBlue", "id_name": "object49945109535008", "shape": "CVCylinder", "id_string": "ob1115", "world_size": [0.11, 0.11, 0.11], "id": 1115, "camera_size": [45, 45], "camera_position": [256, 254], "world_position": [0.705, 0.6547388572526824, -0.15], "world_orientation": [1.0, -3.838362879530641e-17, 1.4813540171849057e-17, 3.838362879530641e-17, 1.0, 5.294293626938881e-18, -1.4813540171849057e-17, -5.294293626938881e-18, 1.0], "world_rotation": [-0.1276280613210114, 0.35710588544125776, 0.925303444577321, 4.1482206750932463e-17]}], "source": "action wait"}
{"timestamp": 1706069284.902193, "objects": [{"color": "cv_", "id_name": "hand", "shape": "CVCylinder", "id_string": "ob383", "world_size": [0.12, 0.005, 0.12], "id": 383, "camera_size": [51, 52], "camera_position": [246, 388], "world_position": [0.3870249336259505, 0.7381578702462174, -0.1740045998234875], "world_orientation": [-0.00012501342473564088, 0.17162506083127055, 0.9851623332559494, -0.0007438902528499479, -0.9851620843336556, 0.17162492306963767, 0.9999997154994272, -0.0007113972377814142, 0.00025082869597983543], "world_rotation": [0.0, 1.0, 0.0, 0.0]}, {"color": "CVBlue", "id_name": "object49945109535008", "shape": "CVCylinder", "id_string": "ob1115", "world_size": [0.11, 0.11, 0.11], "id": 1115, "camera_size": [45, 45], "camera_position": [256, 254], "world_position": [0.705, 0.6547388572526824, -0.15], "world_orientation": [1.0, -3.838362879530641e-17, 1.4813540171849057e-17, 3.838362879530641e-17, 1.0, 5.294293626938881e-18, -1.4813540171849057e-17, -5.294293626938881e-18, 1.0], "world_rotation": [-0.1276280613210114, 0.35710588544125776, 0.925303444577321, 4.1482206750932463e-17]}], "source": "action wait"}
{"timestamp": 1706069284.931187, "objects": [{"color": "cv_", "id_name": "hand", "shape": "CVCylinder", "id_string": "ob383", "world_size": [0.12, 0.005, 0.12], "id": 383, "camera_size": [52, 53], "camera_position": [245, 368], "world_position": [0.44102936764781775, 0.765979450823937, -0.17402307710587253], "world_orientation": [-5.3039030553548086e-05, 0.16467404067186822, 0.986348040762317, -0.0007513086535496058, -0.9863477703323651, 0.1646739551224762, 0.999999716361044, -0.0007323176714996467, 0.00017603596129925594], "world_rotation": [0.0, 1.0, 0.0, 0.0]}, {"color": "CVBlue", "id_name": "object49945109535008", "shape": "CVCylinder", "id_string": "ob1115", "world_size": [0.11, 0.11, 0.11], "id": 1115, "camera_size": [45, 45], "camera_position": [256, 254], "world_position": [0.705, 0.6547388572526824, -0.15], "world_orientation": [1.0, -3.838362879530641e-17, 1.4813540171849057e-17, 3.838362879530641e-17, 1.0, 5.294293626938881e-18, -1.4813540171849057e-17, -5.294293626938881e-18, 1.0], "world_rotation": [-0.1276280613210114, 0.35710588544125776, 0.925303444577321, 4.1482206750932463e-17]}], "source": "action wait"}
{"timestamp": 1706069284.965448, "objects": [{"color": "cv_", "id_name": "hand", "shape": "CVCylinder", "id_string": "ob383", "world_size": [0.12, 0.005, 0.12], "id": 383, "camera_size": [52, 53], "camera_position": [245, 344], "world_position": [0.498145867349891, 0.7811264911973582, -0.17403832766146576], "world_orientation": [-9.24062510830291e-06, 0.14946757500625402, 0.9887666276409013, -0.000764353768807448, -0.9887663399019115, 0.14946752436664518, 0.9999997078389208, -0.000754386324950167, 0.00012338292333769705], "world_rotation": [0.0, 1.0, 0.0, 0.0]}, {"color": "CVBlue", "id_name": "object49945109535008", "shape": "CVCylinder", "id_string": "ob1115", "world_size": [0.11, 0.11, 0.11], "id": 1115, "camera_size": [45, 45], "camera_position": [256, 254], "world_position": [0.705, 0.6547388572526824, -0.15], "world_orientation": [1.0, -3.838362879530641e-17, 1.4813540171849057e-17, 3.838362879530641e-17, 1.0, 5.294293626938881e-18, -1.4813540171849057e-17, -5.294293626938881e-18, 1.0], "world_rotation": [-0.1276280613210114, 0.35710588544125776, 0.925303444577321, 4.1482206750932463e-17]}], "source": "action wait"}
{"timestamp": 1706069284.99582, "objects": [{"color": "cv_", "id_name": "hand", "shape": "CVCylinder", "id_string": "ob383", "world_size": [0.12, 0.005, 0.12], "id": 383, "camera_size": [52, 53], "camera_position": [245, 318], "world_position": [0.5567688326572132, 0.7728358352275276, -0.1740501533581521], "world_orientation": [-2.4725383629145814e-06, 0.11076566793034388, 0.993846550933207, -0.0007770494216965454, -0.9938462511038542, 0.11076563258073925, 0.9999996980939958, -0.0007719940153822186, 8.852772119220082e-05], "world_rotation": [0.0, 1.0, 0.0, 0.0]}, {"color": "CVBlue", "id_name": "object49945109535008", "shape": "CVCylinder", "id_string": "ob1115", "world_size": [0.11, 0.11, 0.11], "id": 1115, "camera_size": [45, 45], "camera_position": [256, 254], "world_position": [0.705, 0.6547388572526824, -0.15], "world_orientation": [1.0, -3.838362879530641e-17, 1.4813540171849057e-17, 3.838362879530641e-17, 1.0, 5.294293626938881e-18, -1.4813540171849057e-17, -5.294293626938881e-18, 1.0], "world_rotation": [-0.1276280613210114, 0.35710588544125776, 0.925303444577321, 4.1482206750932463e-17]}], "source": "action wait"}
{"timestamp": 1706069285.027534, "objects": [{"color": "cv_", "id_name": "hand", "shape": "CVCylinder", "id_string": "ob383", "world_size": [0.12, 0.005, 0.12], "id": 383, "camera_size": [52, 52], "camera_position": [245, 298], "world_position": [0.6020897353374808, 0.7593765882429095, -0.17405575763476627], "world_orientation": [-1.670780150801015e-05, 0.07765886362228812, 0.9969799900809165, -0.0007752518846273429, -0.9969796916257154, 0.07765882738239734, 0.9999996993526373, -0.0007716131079730735, 7.686251917678773e-05], "world_rotation": [0.0, 1.0, 0.0, 0.0]}, {"color": "CVBlue", "id_name": "object49945109535008", "shape": "CVCylinder", "id_string": "ob1115", "world_size": [0.11, 0.11, 0.11], "id": 1115, "camera_size": [45, 45], "camera_position": [256, 254], "world_position": [0.705, 0.6547388572526824, -0.15], "world_orientation": [1.0, -3.838362879530641e-17, 1.4813540171849057e-17, 3.838362879530641e-17, 1.0, 5.294293626938881e-18, -1.4813540171849057e-17, -5.294293626938881e-18, 1.0], "world_rotation": [-0.1276280613210114, 0.35710588544125776, 0.925303444577321, 4.1482206750932463e-17]}], "source": "action wait"}
{"timestamp": 1706069285.061834, "objects": [{"color": "cv_", "id_name": "hand", "shape": "CVCylinder", "id_string": "ob383", "world_size": [0.12, 0.005, 0.12], "id": 383, "camera_size": [51, 51], "camera_position": [246, 284], "world_position": [0.633902529924571, 0.7474251230032006, -0.17406343473003066], "world_orientation": [-2.2930017131738325e-05, 0.054264902519243714, 0.9985265744229301, -0.0007713856955693873, -0.9985262785656476, 0.05426486872689974, 0.9999997022191173, -0.000769004821786544, 6.475539424919651e-05], "world_rotation": [0.0, 1.0, 0.0, 0.0]}, {"color": "CVBlue", "id_name": "object49945109535008", "shape": "CVCylinder", "id_string": "ob1115", "world_size": [0.11, 0.11, 0.11], "id": 1115, "camera_size": [45, 45], "camera_position": [256, 254], "world_position": [0.705, 0.6547388572526824, -0.15], "world_orientation": [1.0, -3.838362879530641e-17, 1.4813540171849057e-17, 3.838362879530641e-17, 1.0, 5.294293626938881e-18, -1.4813540171849057e-17, -5.294293626938881e-18, 1.0], "world_rotation": [-0.1276280613210114, 0.35710588544125776, 0.925303444577321, 4.1482206750932463e-17]}], "source": "action wait"}
{"timestamp": 1706069285.096757, "objects": [{"color": "cv_", "id_name": "hand", "shape": "CVCylinder", "id_string": "ob383", "world_size": [0.12, 0.005, 0.12], "id": 383, "camera_size": [51, 51], "camera_position": [246, 275], "world_position": [0.6561651676791974, 0.7378082431856455, -0.17407131095706607], "world_orientation": [-2.42641536288696e-05, 0.03775721300680884, 0.9992869419126869, -0.0007678947431398616, -0.9992866482893756, 0.03775718326688896, 0.9999997048744137, -0.0007664310434880624, 5.324041013728975e-05], "world_rotation": [0.0, 1.0, 0.0, 0.0]}, {"color": "CVBlue", "id_name": "object49945109535008", "shape": "CVCylinder", "id_string": "ob1115", "world_size": [0.11, 0.11, 0.11], "id": 1115, "camera_size": [45, 45], "camera_position": [256, 254], "world_position": [0.705, 0.6547388572526824, -0.15], "world_orientation": [1.0, -3.838362879530641e-17, 1.4813540171849057e-17, 3.838362879530641e-17, 1.0, 5.294293626938881e-18, -1.4813540171849057e-17, -5.294293626938881e-18, 1.0], "world_rotation": [-0.1276280613210114, 0.35710588544125776, 0.925303444577321, 4.1482206750932463e-17]}], "source": "action wait"}
{"timestamp": 1706069285.1294, "objects": [{"color": "cv_", "id_name": "hand", "shape": "CVCylinder", "id_string": "ob383", "world_size": [0.12, 0.005, 0.12], "id": 383, "camera_size": [51, 51], "camera_position": [246, 268], "world_position": [0.6717423624991357, 0.7304601464456965, -0.17407842041945515], "world_orientation": [-2.3071397255534606e-05, 0.026116178347197642, 0.9996589141783551, -0.0007653838554816727, -0.9996586220992209, 0.026116153052104484, 0.9999997068275892, -0.0007645202577589745, 4.3052422464570183e-05], "world_rotation": [0.0, 1.0, 0.0, 0.0]}, {"color": "CVBlue", "id_name": "object49945109535008", "shape": "CVCylinder", "id_string": "ob1115", "world_size": [0.11, 0.11, 0.11], "id": 1115, "camera_size": [45, 45], "camera_position": [256, 254], "world_position": [0.705, 0.6547388572526824, -0.15], "world_orientation": [1.0, -3.838362879530641e-17, 1.4813540171849057e-17, 3.838362879530641e-17, 1.0, 5.294293626938881e-18, -1.4813540171849057e-17, -5.294293626938881e-18, 1.0], "world_rotation": [-0.1276280613210114, 0.35710588544125776, 0.925303444577321, 4.1482206750932463e-17]}], "source": "action wait"}
{"timestamp": 1706069285.164349, "objects": [{"color": "cv_", "id_name": "hand", "shape": "CVCylinder", "id_string": "ob383", "world_size": [0.12, 0.005, 0.12], "id": 383, "camera_size": [51, 50], "camera_position": [246, 263], "world_position": [0.68265116291106, 0.7250130825442356, -0.1740844308424104], "world_orientation": [-2.075894054381036e-05, 0.017909588626346146, 0.9998396102397131, -0.0007638009291476871, -0.9998393190899271, 0.017909567552895564, 0.9999997080885609, -0.0007633066396521202, 3.4434965412178384e-05], "world_rotation": [0.0, 1.0, 0.0, 0.0]}, {"color": "CVBlue", "id_name": "object49945109535008", "shape": "CVCylinder", "id_string": "ob1115", "world_size": [0.11, 0.11, 0.11], "id": 1115, "camera_size": [45, 45], "camera_position": [256, 254], "world_position": [0.705, 0.6547388572526824, -0.15], "world_orientation": [1.0, -3.838362879530641e-17, 1.4813540171849057e-17, 3.838362879530641e-17, 1.0, 5.294293626938881e-18, -1.4813540171849057e-17, -5.294293626938881e-18, 1.0], "world_rotation": [-0.1276280613210114, 0.35710588544125776, 0.925303444577321, 4.1482206750932463e-17]}], "source": "action wait"}
{"timestamp": 1706069285.200538, "objects": [{"color": "cv_", "id_name": "hand", "shape": "CVCylinder", "id_string": "ob383", "world_size": [0.12, 0.005, 0.12], "id": 383, "camera_size": [51, 51], "camera_position": [246, 260], "world_position": [0.6902992744705656, 0.7210504628014386, -0.17408931799803187], "world_orientation": [-1.81177276547183e-05, 0.012124996242630554, 0.9999264893670254, -0.0007629129469424046, -0.9999261987020024, 0.01212497889479435, 0.9999997088177492, -0.0007626371876636766, 2.7366707158399863e-05], "world_rotation": [0.0, 1.0, 0.0, 0.0]}, {"color": "CVBlue", "id_name": "object49945109535008", "shape": "CVCylinder", "id_string": "ob1115", "world_size": [0.11, 0.11, 0.11], "id": 1115, "camera_size": [45, 45], "camera_position": [256, 254], "world_position": [0.705, 0.6547388572526824, -0.15], "world_orientation": [1.0, -3.838362879530641e-17, 1.4813540171849057e-17, 3.838362879530641e-17, 1.0, 5.294293626938881e-18, -1.4813540171849057e-17, -5.294293626938881e-18, 1.0], "world_rotation": [-0.1276280613210114, 0.35710588544125776, 0.925303444577321, 4.1482206750932463e-17]}], "source": "action wait"}
{"timestamp": 1706069285.232777, "objects": [{"color": "cv_", "id_name": "hand", "shape": "CVCylinder", "id_string": "ob383", "world_size": [0.12, 0.005, 0.12], "id": 383, "camera_size": [51, 50], "camera_position": [246, 257], "world_position": [0.6956671351131437, 0.7182023751386349, -0.17409319259715922], "world_orientation": [-1.5561252201267115e-05, 0.0080478234552254, 0.9999676156233666, -0.0007624857650638562, -0.9999673251570289, 0.0080478092519107, 0.9999997091866104, -0.0007623358384485845, 2.1697094564518575e-05], "world_rotation": [0.0, 1.0, 0.0, 0.0]}, {"color": "CVBlue", "id_name": "object49945109535008", "shape": "CVCylinder", "id_string": "ob1115", "world_size": [0.11, 0.11, 0.11], "id": 1115, "camera_size": [45, 45], "camera_position": [256, 254], "world_position": [0.705, 0.6547388572526824, -0.15], "world_orientation": [1.0, -3.838362879530641e-17, 1.4813540171849057e-17, 3.838362879530641e-17, 1.0, 5.294293626938881e-18, -1.4813540171849057e-17, -5.294293626938881e-18, 1.0], "world_rotation": [-0.1276280613210114, 0.35710588544125776, 0.925303444577321, 4.1482206750932463e-17]}], "source": "action wait"}
{"timestamp": 1706069285.261834, "objects": [{"color": "cv_", "id_name": "hand", "shape": "CVCylinder", "id_string": "ob383", "world_size": [0.12, 0.005, 0.12], "id": 383, "camera_size": [50, 50], "camera_position": [245, 256], "world_position": [0.6994380952676301, 0.716171485554545, -0.1740962114785735], "world_orientation": [-1.3281150419839315e-05, 0.0051741270134832255, 0.9999866140270376, -0.0007623375434619381, -0.9999863235921997, 0.005174115385861612, 0.9999997093324984, -0.0007622586206278229, 1.722540005879513e-05], "world_rotation": [0.0, 1.0, 0.0, 0.0]}, {"color": "CVBlue", "id_name": "object49945109535008", "shape": "CVCylinder", "id_string": "ob1115", "world_size": [0.11, 0.11, 0.11], "id": 1115, "camera_size": [45, 45], "camera_position": [256, 254], "world_position": [0.705, 0.6547388572526824, -0.15], "world_orientation": [1.0, -3.838362879530641e-17, 1.4813540171849057e-17, 3.838362879530641e-17, 1.0, 5.294293626938881e-18, -1.4813540171849057e-17, -5.294293626938881e-18, 1.0], "world_rotation": [-0.1276280613210114, 0.35710588544125776, 0.925303444577321, 4.1482206750932463e-17]}], "source": "action wait"}
{"timestamp": 1706069285.29116, "objects": [{"color": "cv_", "id_name": "hand", "shape": "CVCylinder", "id_string": "ob383", "world_size": [0.12, 0.005, 0.12], "id": 383, "camera_size": [50, 50], "camera_position": [245, 255], "world_position": [0.7020892328369771, 0.714730866912601, -0.1740985344674322], "world_orientation": [-1.1344200616812257e-05, 0.003148648298479336, 0.9999950429303146, -0.000762343248268928, -0.999994752439674, 0.00314863873560471, 0.9999997093519982, -0.0007623037504911939, 1.3744491859319759e-05], "world_rotation": [0.0, 1.0, 0.0, 0.0]}, {"color": "CVBlue", "id_name": "object49945109535008", "shape": "CVCylinder", "id_string": "ob1115", "world_size": [0.11, 0.11, 0.11], "id": 1115, "camera_size": [45, 45], "camera_position": [256, 254], "world_position": [0.705, 0.6547388572526824, -0.15], "world_orientation": [1.0, -3.838362879530641e-17, 1.4813540171849057e-17, 3.838362879530641e-17, 1.0, 5.294293626938881e-18, -1.4813540171849057e-17, -5.294293626938881e-18, 1.0], "world_rotation": [-0.1276280613210114, 0.35710588544125776, 0.925303444577321, 4.1482206750932463e-17]}], "source": "action wait"}
{"timestamp": 1706069285.32069, "objects": [{"color": "cv_", "id_name": "hand", "shape": "CVCylinder", "id_string": "ob383", "world_size": [0.12, 0.005, 0.12], "id": 383, "camera_size": [50, 50], "camera_position": [245, 254], "world_position": [0.703954217342676, 0.7137124775057385, -0.17410030549190844], "world_orientation": [-9.750909760128017e-06, 0.0017209904949705025, 0.9999985190472215, -0.0007624236196711568, -0.9999982284630562, 0.0017209825605426377, 0.9999997093075298, -0.0007624057094124927, 1.106301628899108e-05], "world_rotation": [0.0, 1.0, 0.0, 0.0]}, {"color": "CVBlue", "id_name": "object49945109535008", "shape": "CVCylinder", "id_string": "ob1115", "world_size": [0.11, 0.11, 0.11], "id": 1115, "camera_size": [45, 45], "camera_position": [256, 254], "world_position": [0.705, 0.6547388572526824, -0.15], "world_orientation": [1.0, -3.838362879530641e-17, 1.4813540171849057e-17, 3.838362879530641e-17, 1.0, 5.294293626938881e-18, -1.4813540171849057e-17, -5.294293626938881e-18, 1.0], "world_rotation": [-0.1276280613210114, 0.35710588544125776, 0.925303444577321, 4.1482206750932463e-17]}], "source": "action wait"}
{"timestamp": 1706069285.35186, "objects": [{"color": "cv_", "id_name": "hand", "shape": "CVCylinder", "id_string": "ob383", "world_size": [0.12, 0.005, 0.12], "id": 383, "camera_size": [50, 50], "camera_position": [245, 253], "world_position": [0.7052667963235412, 0.712994187175687, -0.17410164616377358], "world_orientation": [-8.46987107215632e-06, 0.0007146795285152795, 0.9999997445806839, -0.0007625318382872757, -0.9999994538937987, 0.0007146728622196563, 0.9999997092366864, -0.000762525590335277, 9.014832341736757e-06], "world_rotation": [0.0, 1.0, 0.0, 0.0]}, {"color": "CVBlue", "id_name": "object49945109535008", "shape": "CVCylinder", "id_string": "ob1115", "world_size": [0.11, 0.11, 0.11], "id": 1115, "camera_size": [45, 45], "camera_position": [256, 254], "world_position": [0.705, 0.6547388572526824, -0.15], "world_orientation": [1.0, -3.838362879530641e-17, 1.4813540171849057e-17, 3.838362879530641e-17, 1.0, 5.294293626938881e-18, -1.4813540171849057e-17, -5.294293626938881e-18, 1.0], "world_rotation": [-0.1276280613210114, 0.35710588544125776, 0.925303444577321, 4.1482206750932463e-17]}], "source": "action wait"}
{"timestamp": 1706069285.385943, "objects": [{"color": "cv_", "id_name": "hand", "shape": "CVCylinder", "id_string": "ob383", "world_size": [0.12, 0.005, 0.12], "id": 383, "camera_size": [50, 50], "camera_position": [245, 253], "world_position": [0.7061909391174648, 0.7124882929666642, -0.17410265540981323], "world_orientation": [-7.457225124027304e-06, 5.342669323531744e-06, 0.9999999999579229, -0.0007626423363752124, -0.9999997091740493, 5.336980574711036e-06, 0.9999997091604861, -0.0007626422965444241, 7.461297501452365e-06], "world_rotation": [0.0, 1.0, 0.0, 0.0]}, {"color": "CVBlue", "id_name": "object49945109535008", "shape": "CVCylinder", "id_string": "ob1115", "world_size": [0.11, 0.11, 0.11], "id": 1115, "camera_size": [45, 45], "camera_position": [256, 254], "world_position": [0.705, 0.6547388572526824, -0.15], "world_orientation": [1.0, -3.838362879530641e-17, 1.4813540171849057e-17, 3.838362879530641e-17, 1.0, 5.294293626938881e-18, -1.4813540171849057e-17, -5.294293626938881e-18, 1.0], "world_rotation": [-0.1276280613210114, 0.35710588544125776, 0.925303444577321, 4.1482206750932463e-17]}], "source": "action wait"}
{"timestamp": 1706069285.423857, "objects": [{"color": "cv_", "id_name": "hand", "shape": "CVCylinder", "id_string": "ob383", "world_size": [0.12, 0.005, 0.12], "id": 383, "camera_size": [49, 50], "camera_position": [246, 253], "world_position": [0.7068334813719752, 0.7121436680545141, -0.17409991752252754], "world_orientation": [-7.742063626296753e-06, -0.0004903200482186512, 0.9999998797631483, -0.0007630924670147828, -0.9999995886351571, -0.0004903258133835012, 0.9999997088149313, -0.0007630961713969573, 7.36790090661299e-06], "world_rotation": [0.0, 1.0, 0.0, 0.0]}, {"color": "CVBlue", "id_name": "object49945109535008", "shape": "CVCylinder", "id_string": "ob1115", "world_size": [0.11, 0.11, 0.11], "id": 1115, "camera_size": [45, 46], "camera_position": [256, 253], "world_position": [0.7051432063741085, 0.654758524035294, -0.14999817827601936], "world_orientation": [0.9999965901802829, 0.0026114403419740806, 2.6735483727762096e-06, -0.002611440245939678, 0.9999965895605402, -3.531473557624223e-05, -2.765761579950073e-06, 3.5307633347540516e-05, 0.9999999993728608], "world_rotation": [0.01352048436438749, 0.0010413429383579764, -0.9999080518264851, 0.002611683402202455]}], "source": "action wait"}
{"timestamp": 1706069285.460872, "objects": [{"color": "cv_", "id_name": "hand", "shape": "CVCylinder", "id_string": "ob383", "world_size": [0.12, 0.005, 0.12], "id": 383, "camera_size": [49, 49], "camera_position": [246, 253], "world_position": [0.7072495306474573, 0.7119450759871316, -0.17410431755555308], "world_orientation": [-4.512635651772134e-06, -0.000825931395356593, 0.999999658908425, -0.0007651707609845254, -0.9999993661726653, -0.000825934606514517, 0.9999997072466285, -0.0007651742271335465, 3.88065423761469e-06], "world_rotation": [0.0, 1.0, 0.0, 0.0]}, {"color": "CVBlue", "id_name": "object49945109535008", "shape": "CVCylinder", "id_string": "ob1115", "world_size": [0.11, 0.11, 0.11], "id": 1115, "camera_size": [45, 46], "camera_position": [256, 253], "world_position": [0.7052191301462479, 0.6546540221675992, -0.1500003904778753], "world_orientation": [0.9999921169239439, 0.003970651176707491, 4.3820533274627414e-06, -0.003970651201949097, 0.9999921169168177, 5.766635149351506e-06, -4.3591214867304445e-06, -5.7839892958397254e-06, 0.9999999999737718], "world_rotation": [-0.0014544975973822727, 0.0011007212489568506, -0.9999983364233518, 0.0039706682285426485]}], "source": "action wait"}
{"timestamp": 1706069285.497707, "objects": [{"color": "cv_", "id_name": "hand", "shape": "CVCylinder", "id_string": "ob383", "world_size": [0.12, 0.005, 0.12], "id": 383, "camera_size": [49, 50], "camera_position": [246, 252], "world_position": [0.7075520216993101, 0.7117897270885203, -0.17410691167785403], "world_orientation": [-2.5861469493022646e-06, -0.001067033578382313, 0.9999994307161653, -0.0007659821514298066, -0.9999991373531913, -0.0010670352462971455, 0.9999997066322848, -0.0007659844748788586, 1.7688160427142998e-06], "world_rotation": [0.0, 1.0, 0.0, 0.0]}, {"color": "CVBlue", "id_name": "object49945109535008", "shape": "CVCylinder", "id_string": "ob1115", "world_size": [0.11, 0.11, 0.11], "id": 1115, "camera_size": [45, 46], "camera_position": [256, 253], "world_position": [0.7052884942592769, 0.6545524721332661, -0.15000168975567243], "world_orientation": [0.9999864521336208, 0.005205336461960538, 4.64021534730355e-06, -0.005205336600603323, 0.999986451682044, 3.0384692239921915e-05, -4.481989933789188e-06, -3.0408434474953405e-05, 0.9999999995276194], "world_rotation": [-0.005839398329342293, 0.0008762206051378553, -0.9999825666803409, 0.005205450787566391]}], "source": "action wait"}
{"timestamp": 1706069286.585394, "objects": [{"color": "cv_", "id_name": "hand", "shape": "CVCylinder", "id_string": "ob383", "world_size": [0.12, 0.005, 0.12], "id": 383, "camera_size": [49, 50], "camera_position": [246, 252], "world_position": [0.7082807241974471, 0.7114257057262674, -0.1741129996720995], "world_orientation": [2.8257788029600226e-06, -0.0016396535229766395, 0.9999986557632664, -0.0007680629573194348, -0.9999983608108174, -0.001639650868976862, 0.9999997050356108, -0.0007680572915706819, -4.085131304453738e-06], "world_rotation": [0.0, 1.0, 0.0, 0.0]}, {"color": "CVBlue", "id_name": "object49945109535008", "shape": "CVCylinder", "id_string": "ob1115", "world_size": [0.11, 0.11, 0.11], "id": 1115, "camera_size": [45, 46], "camera_position": [256, 253], "world_position": [0.7054805220196124, 0.6543277695889681, -0.1500047481880792], "world_orientation": [0.9999699239880543, 0.007755692615791478, -1.874498228560871e-05, -0.007755690240514871, 0.9999699165397743, 0.00012362981005506805, 1.970325317661498e-05, -0.00012348071148725293, 0.9999999921821479], "world_rotation": [0.01592884486033668, 0.0024783889168659636, 0.9998700563022138, -0.007756777146550309]}], "source": "action wait"}
{"timestamp": 1706069286.61718, "objects": [{"color": "cv_", "id_name": "hand", "shape": "CVCylinder", "id_string": "ob383", "world_size": [0.12, 0.005, 0.12], "id": 383, "camera_size": [51, 50], "camera_position": [246, 251], "world_position": [0.7106954551898883, 0.7320840377849057, -0.17409546560697772], "world_orientation": [2.058969977648904e-05, 0.02866479413104686, 0.9995890801491826, -0.0007442327569258926, -0.9995888030943815, 0.028664801515892006, 0.9999997228467956, -0.0007445171365701645, 7.520454075870726e-07], "world_rotation": [0.0, 1.0, 0.0, 0.0]}, {"color": "CVBlue", "id_name": "object49945109535008", "shape": "CVCylinder", "id_string": "ob1115", "world_size": [0.11, 0.11, 0.11], "id": 1115, "camera_size": [46, 48], "camera_position": [252, 251], "world_position": [0.7106005516685436, 0.6757006977287259, -0.1586465713821553], "world_orientation": [0.9996864709658166, -0.025039147589261398, -2.9256020919453563e-05, 0.025039150699882832, 0.9996864651209657, 0.00011129320196285203, 2.6460161226844508e-05, -0.00011199085422941048, 0.9999999933789544], "world_rotation": [0.004458651875561504, 0.001112569631088271, -0.9999894412503906, -0.02504203077078179]}], "source": "action wait"}
{"timestamp": 1706069286.645917, "objects": [{"color": "cv_", "id_name": "hand", "shape": "CVCylinder", "id_string": "ob383", "world_size": [0.12, 0.005, 0.12], "id": 383, "camera_size": [52, 53], "camera_position": [245, 250], "world_position": [0.7141057948420435, 0.7809497888961972, -0.1741124124792165], "world_orientation": [7.573722912400708e-05, 0.09913683661741172, 0.995073807257213, -0.0007265216863978094, -0.9950735420393577, 0.09913686549153186, 0.9999997332150201, -0.0007304510520355212, -3.3390511248328673e-06], "world_rotation": [0.0, 1.0, 0.0, 0.0]}, {"color": "CVBlue", "id_name": "object49945109535008", "shape": "CVCylinder", "id_string": "ob1115", "world_size": [0.11, 0.11, 0.11], "id": 1115, "camera_size": [48, 53], "camera_position": [249, 248], "world_position": [0.7185811193139355, 0.7251337503386139, -0.16422524095231908], "world_orientation": [0.9952734972621416, -0.0971116084862459, -3.383489185060122e-05, 0.09711161146238982, 0.9952734923593617, 0.00010161681711432836, 2.3806798416524052e-05, -0.00010442228582129259, 0.9999999942646113], "world_rotation": [0.0010608359699773966, 0.00029678045348881634, -0.9999993932740197, -0.09726495843853356]}], "source": "action wait"}
{"timestamp": 1706069286.676724, "objects": [{"color": "cv_", "id_name": "hand", "shape": "CVCylinder", "id_string": "ob383", "world_size": [0.12, 0.005, 0.12], "id": 383, "camera_size": [55, 55], "camera_position": [245, 250], "world_position": [0.7130900933840637, 0.850879497621086, -0.17411895127172194], "world_orientation": [0.00014927765659143805, 0.1983879385497456, 0.9801235654519096, -0.0007167775975890715, -0.9801233033659263, 0.19838799466938656, 0.9999997319729926, -0.0007321455095254116, -4.110479912367588e-06], "world_rotation": [0.0, 1.0, 0.0, 0.0]}, {"color": "CVBlue", "id_name": "object49945109535008", "shape": "CVCylinder", "id_string": "ob1115", "world_size": [0.11, 0.11, 0.11], "id": 1115, "camera_size": [51, 60], "camera_position": [248, 245], "world_position": [0.7235116140129724, 0.7959349267480967, -0.16779150816941504], "world_orientation": [0.9803246941011774, -0.19739172337375013, -4.097528290375914e-05, 0.19739172617934422, 0.9803246909293166, 8.240314696607107e-05, 2.3903382357315804e-05, -8.887002166554799e-05, 0.9999999957653738], "world_rotation": [0.00043384075597479205, 0.0001643398636714657, -0.9999998923872981, -0.19869660244208878]}], "source": "action wait"}
{"timestamp": 1706069286.709912, "objects": [{"color": "cv_", "id_name": "hand", "shape": "CVCylinder", "id_string": "ob383", "world_size": [0.12, 0.005, 0.12], "id": 383, "camera_size": [59, 57], "camera_position": [244, 254], "world_position": [0.7045784040605604, 0.9204314665163394, -0.1741199489360695], "world_orientation": [0.00022319733913573285, 0.29569600726880246, 0.9552820638263005, -0.0007078776856483417, -0.9552818015604749, 0.2956960914800126, 0.999999724546027, -0.0007422214372941524, -3.899750951736311e-06], "world_rotation": [0.0, 1.0, 0.0, 0.0]}, {"color": "CVBlue", "id_name": "object49945109535008", "shape": "CVCylinder", "id_string": "ob1115", "world_size": [0.11, 0.11, 0.11], "id": 1115, "camera_size": [54, 67], "camera_position": [246, 246], "world_position": [0.7206974469869529, 0.8669043597673678, -0.1700709899083388], "world_orientation": [0.9553896849388344, -0.29534818090885356, -4.4116957626303405e-05, 0.29534818318234207, 0.955389683399254, 5.9541270285350556e-05, 2.4563480311351647e-05, -6.991497874124012e-05, 0.9999999972542656], "world_rotation": [0.0002191586962648591, 0.00011627028706991459, -0.9999999692253426, -0.29981994748534313]}], "source": "action wait"}
{"timestamp": 1706069286.742858, "objects": [{"color": "cv_", "id_name": "hand", "shape": "CVCylinder", "id_string": "ob383", "world_size": [0.12, 0.005, 0.12], "id": 383, "camera_size": [62, 59], "camera_position": [243, 262], "world_position": [0.6888500120400765, 0.9886960137767732, -0.17411982611239601], "world_orientation": [0.00029628135445709813, 0.3900156167403361, 0.9208081944227116, -0.0006882047716930562, -0.9208079372538193, 0.39001572925275585, 0.9999997192957362, -0.0007492589817385431, -4.407614368421085e-06], "world_rotation": [0.0, 1.0, 0.0, 0.0]}, {"color": "CVBlue", "id_name": "object49945109535008", "shape": "CVCylinder", "id_string": "ob1115", "world_size": [0.11, 0.11, 0.11], "id": 1115, "camera_size": [57, 75], "camera_position": [245, 251], "world_position": [0.7104088247064267, 0.9371163348199594, -0.17152897437644912], "world_orientation": [0.920787380200945, -0.3900648644360802, -4.4667021871769855e-05, 0.39006486623769393, 0.9207873795083036, 4.318797612868052e-05, 2.428271796584461e-05, -5.718997930735675e-05, 0.999999998069828], "world_rotation": [0.00012866828460234462, 8.838240139626052e-05, -0.9999999878165117, -0.4007020423217769]}], "source": "action wait"}
{"timestamp": 1706069286.777692, "objects": [{"color": "cv_", "id_name": "hand", "shape": "CVCylinder", "id_string": "ob383", "world_size": [0.12, 0.005, 0.12], "id": 383, "camera_size": [66, 60], "camera_position": [242, 274], "world_position": [0.6661735810014775, 1.0549861809413945, -0.17411946998652378], "world_orientation": [0.0003672865908898334, 0.4803986523029897, 0.8770501695832635, -0.0006590042803561586, -0.8770499220170564, 0.4803987926746216, 0.9999997154069188, -0.000754423850671661, -5.543907752344118e-06], "world_rotation": [0.0, 1.0, 0.0, 0.0]}, {"color": "CVBlue", "id_name": "object49945109535008", "shape": "CVCylinder", "id_string": "ob1115", "world_size": [0.11, 0.11, 0.11], "id": 1115, "camera_size": [60, 83], "camera_position": [243, 260], "world_position": [0.6928938906555056, 1.005867675295575, -0.1724617438094646], "world_orientation": [0.8768960736863257, -0.4806800121168194, -4.364493551526009e-05, 0.4806800135359249, 0.8768960734377614, 3.12496266734551e-05, 2.32510016507334e-05, -4.8381923128366035e-05, 0.9999999985592902], "world_rotation": [8.28321827525343e-05, 6.958468730705153e-05, -0.9999999941484004, -0.501430028039442]}], "source": "action wait"}
{"timestamp": 1706069286.813304, "objects": [{"color": "cv_", "id_name": "hand", "shape": "CVCylinder", "id_string": "ob383", "world_size": [0.12, 0.005, 0.12], "id": 383, "camera_size": [70, 61], "camera_position": [241, 290], "world_position": [0.6418433044466054, 1.1077677088323072, -0.17411803463515232], "world_orientation": [0.00043028651098110047, 0.5515650427190087, 0.8341317752632951, -0.0006382613590470538, -0.8341315310990053, 0.5515652105135594, 0.9999997037379341, -0.0007697251505144335, -6.8728924467288945e-06], "world_rotation": [0.0, 1.0, 0.0, 0.0]}, {"color": "CVBlue", "id_name": "object49945109535008", "shape": "CVCylinder", "id_string": "ob1115", "world_size": [0.11, 0.11, 0.11], "id": 1115, "camera_size": [64, 89], "camera_position": [242, 272], "world_position": [0.6725609654224644, 1.0611716644358002, -0.17305810686940679], "world_orientation": [0.8338603855640894, -0.5519754126246217, -3.528153893236723e-05, 0.5519754133154314, 0.8338603857436351, 1.3517954375184668e-05, 2.1958299219689443e-05, -3.0746628681927155e-05, 0.999999999286239], "world_rotation": [4.009651691173407e-05, 5.1849988861921835e-05, -0.9999999978519241, -0.5847313841802506]}], "source": "action wait"}
{"timestamp": 1706069286.846866, "objects": [{"color": "cv_", "id_name": "hand", "shape": "CVCylinder", "id_string": "ob383", "world_size": [0.12, 0.005, 0.12], "id": 383, "camera_size": [73, 61], "camera_position": [241, 303], "world_position": [0.6216219480960304, 1.1434303290853343, -0.17411828552230932], "world_orientation": [0.00047512286319915427, 0.5995203463743438, 0.800359374619584, -0.0006174494707359702, -0.8003591365128032, 0.5995205345579343, 0.9999996965071619, -0.0007790273851833589, -1.0095403962771697e-05], "world_rotation": [0.0, 1.0, 0.0, 0.0]}, {"color": "CVBlue", "id_name": "object49945109535008", "shape": "CVCylinder", "id_string": "ob1115", "world_size": [0.11, 0.11, 0.11], "id": 1115, "camera_size": [67, 93], "camera_position": [242, 283], "world_position": [0.6549700374785079, 1.0989068697928186, -0.17344087902843303], "world_orientation": [0.7999986477968564, -0.6000018023276035, -2.695976494499036e-05, 0.600001802640687, 0.7999986480024133, 4.7156165122543945e-06, 1.8738397100016693e-05, -1.994839439909546e-05, 0.999999999625467], "world_rotation": [2.055328066194271e-05, 3.8081687265786365e-05, -0.999999999063674, -0.6435033626026174]}], "source": "action wait"}
{"timestamp": 1706069286.882887, "objects": [{"color": "cv_", "id_name": "hand", "shape": "CVCylinder", "id_string": "ob383", "world_size": [0.12, 0.005, 0.12], "id": 383, "camera_size": [75, 62], "camera_position": [241, 313], "world_position": [0.6059560717075733, 1.1676855573727698, -0.1741195656711313], "world_orientation": [0.0005051279248491064, 0.6321126718742587, 0.7748763223261922, -0.000597565318167456, -0.7748760920332223, 0.6321128735526687, 0.9999996938806882, -0.000782337080179398, -1.3682942497191973e-05], "world_rotation": [0.0, 1.0, 0.0, 0.0]}, {"color": "CVBlue", "id_name": "object49945109535008", "shape": "CVCylinder", "id_string": "ob1115", "world_size": [0.11, 0.11, 0.11], "id": 1115, "camera_size": [68, 96], "camera_position": [241, 292], "world_position": [0.6410575927049261, 1.1247526745836511, -0.17368680416106036], "world_orientation": [0.7744516186585875, -0.6326331400492329, -2.1645821613103087e-05, 0.6326331402383469, 0.7744516188023579, 2.5642718717262023e-06, 1.5141398222424682e-05, -1.5679768601875528e-05, 0.9999999997624415], "world_rotation": [1.4419131172805242e-05, 2.9074686008223846e-05, -0.9999999994733757, -0.6849485159861175]}], "source": "action wait"}
{"timestamp": 1706069286.914241, "objects": [{"color": "cv_", "id_name": "hand", "shape": "CVCylinder", "id_string": "ob383", "world_size": [0.12, 0.005, 0.12], "id": 383, "camera_size": [76, 62], "camera_position": [240, 321], "world_position": [0.5942599239281516, 1.1843199307569543, -0.17412101740976701], "world_orientation": [0.0005248424224495483, 0.6544515839719733, 0.756103728847442, -0.0005807145588659596, -0.7561035060290127, 0.6544517942073628, 0.9999996936554695, -0.0007825645084028238, -1.678563284093669e-05], "world_rotation": [0.0, 1.0, 0.0, 0.0]}, {"color": "CVBlue", "id_name": "object49945109535008", "shape": "CVCylinder", "id_string": "ob1115", "world_size": [0.11, 0.11, 0.11], "id": 1115, "camera_size": [69, 98], "camera_position": [241, 299], "world_position": [0.6305463044131803, 1.1425646842730846, -0.17384471089645648], "world_orientation": [0.755634618990558, -0.6549933757140672, -1.880651954028127e-05, 0.6549933758736423, 0.755634619078911, 3.3344703226492344e-06, 1.202680125617014e-05, -1.4837786933912822e-05, 0.9999999998175981], "world_rotation": [1.3872092391587193e-05, 2.3537124133182125e-05, -0.9999999996267844, -0.7141738543521999]}], "source": "action wait"}
{"timestamp": 1706069286.94376, "objects": [{"color": "cv_", "id_name": "hand", "shape": "CVCylinder", "id_string": "ob383", "world_size": [0.12, 0.005, 0.12], "id": 383, "camera_size": [78, 63], "camera_position": [240, 328], "world_position": [0.5857154358606089, 1.1958109094048641, -0.17412229227112003], "world_orientation": [0.0005376616193487395, 0.6698721551491587, 0.742476266742449, -0.0005672771693937047, -0.7424760502810641, 0.6698723706465615, 0.9999996945582514, -0.0007813544984984979, -1.9197695492583344e-05], "world_rotation": [0.0, 1.0, 0.0, 0.0]}, {"color": "CVBlue", "id_name": "object49945109535008", "shape": "CVCylinder", "id_string": "ob1115", "world_size": [0.11, 0.11, 0.11], "id": 1115, "camera_size": [70, 99], "camera_position": [240, 305], "world_position": [0.6228121350438505, 1.1549095281781294, -0.1739460336248627], "world_orientation": [0.741976847714584, -0.6704255045454617, -1.7620785157285627e-05, 0.6704255047082359, 0.7419768477586847, 5.176190104493552e-06, 9.603964763607493e-06, -1.565403699933216e-05, 0.9999999998313576], "world_rotation": [1.5535079552658365e-05, 2.030408279824403e-05, -0.9999999996732029, -0.7347821135419345]}], "source": "action wait"}
