{"timestamp": 1706069465.287414, "objects": [{"color": "cv_", "id_name": "hand", "shape": "CVCylinder", "id_string": "ob383", "world_size": [0.12, 0.005, 0.12], "id": 383, "camera_size": [48, 50], "camera_position": [246, 426], "world_position": [0.26764451555797625, 0.6334703012687588, -0.17389260400876888], "world_orientation": [-0.0006415515350985541, 0.19791547470500742, 0.9802188802935391, -0.0007473676003817029, -0.9802189031575583, 0.19791499017068798, 0.9999995149265313, -0.0006056111666510902, 0.0007767765554624684], "world_rotation": [0.0, 1.0, 0.0, 0.0]}, {"color": "CVGreen", "id_name": "object126390183056273", "shape": "CVCone", "id_string": "ob1220", "world_size": [0.11, 0.11, 0.11], "id": 1220, "camera_size": [45, 45], "camera_position": [256, 254], "world_position": [0.705, 0.654738849708696, -0.15], "world_orientation": [1.0, -5.1619362862653347e-17, 1.4541359828532488e-17, 5.1619362862653347e-17, 1.0, 2.3824321321224633e-17, -1.4541359828532488e-17, -2.3824321321224633e-17, 1.0], "world_rotation": [-0.4059884517598224, 0.2477982093873522, 0.8796416454796148, 5.868226354211375e-17]}], "source": "action wait"}
{"timestamp": 1706069465.32262, "objects": [{"color": "cv_", "id_name": "hand", "shape": "CVCylinder", "id_string": "ob383", "world_size": [0.12, 0.005, 0.12], "id": 383, "camera_size": [49, 51], "camera_position": [246, 421], "world_position": [0.29079232611517974, 0.667461074767174, -0.17395625947198304], "world_orientation": [-0.0003850817762953471, 0.19527263258293426, 0.9807489233622212, -0.0007159581730930916, -0.9807487985518878, 0.1952723266182984, 0.9999996695579054, -0.0006269793930382155, 0.0005174755267254726], "world_rotation": [0.0, 1.0, 0.0, 0.0]}, {"color": "CVGreen", "id_name": "object126390183056273", "shape": "CVCone", "id_string": "ob1220", "world_size": [0.11, 0.11, 0.11], "id": 1220, "camera_size": [45, 45], "camera_position": [256, 254], "world_position": [0.705, 0.6547388526351784, -0.15], "world_orientation": [1.0, -5.161936286265336e-17, 1.4791987631444557e-17, 5.161936286265336e-17, 1.0, 1.8530027694285844e-17, -1.4791987631444557e-17, -1.8530027694285844e-17, 1.0], "world_rotation": [-0.32620844195650495, 0.2604028077184905, 0.908723516878834, 5.680425553412425e-17]}], "source": "action wait"}
{"timestamp": 1706069465.36039, "objects": [{"color": "cv_", "id_name": "hand", "shape": "CVCylinder", "id_string": "ob383", "world_size": [0.12, 0.005, 0.12], "id": 383, "camera_size": [51, 52], "camera_position": [246, 406], "world_position": [0.3366157981546349, 0.7051648881724423, -0.1739841244569713], "world_orientation": [-0.00022723928747591586, 0.18144890398851218, 0.9834003475714628, -0.0007325710792098784, -0.9834001392912725, 0.1814486962794721, 0.9999997058509168, -0.0006791783814601028, 0.00035639136637300334], "world_rotation": [0.0, 1.0, 0.0, 0.0]}, {"color": "CVGreen", "id_name": "object126390183056273", "shape": "CVCone", "id_string": "ob1220", "world_size": [0.11, 0.11, 0.11], "id": 1220, "camera_size": [45, 45], "camera_position": [256, 254], "world_position": [0.705, 0.6547388545032035, -0.15], "world_orientation": [1.0, -4.897221604918397e-17, 1.4640341299624373e-17, 4.897221604918397e-17, 1.0, 1.0588587253877655e-17, -1.4640341299624373e-17, -1.0588587253877655e-17, 1.0], "world_rotation": [-0.20285038077759815, 0.2804716754121498, 0.9381830110963879, 5.219900112234351e-17]}], "source": "action wait"}
{"timestamp": 1706069465.390623, "objects": [{"color": "cv_", "id_name": "hand", "shape": "CVCylinder", "id_string": "ob383", "world_size": [0.12, 0.005, 0.12], "id": 383, "camera_size": [51, 52], "camera_position": [246, 388], "world_position": [0.38702313643134634, 0.738155761425726, -0.17400463900556265], "world_orientation": [-0.0001249502489824897, 0.17160805521870023, 0.9851652956593074, -0.0007438980265999857, -0.9851650467132618, 0.17160791750435875, 0.9999997155015402, -0.0007114200672965129, 0.000250755511501942], "world_rotation": [0.0, 1.0, 0.0, 0.0]}, {"color": "CVGreen", "id_name": "object126390183056273", "shape": "CVCone", "id_string": "ob1220", "world_size": [0.11, 0.11, 0.11], "id": 1220, "camera_size": [45, 45], "camera_position": [256, 254], "world_position": [0.705, 0.6547388556955969, -0.15], "world_orientation": [1.0, -4.897221604918398e-17, 1.4146695862742246e-17, 4.897221604918398e-17, 1.0, 5.294293626938863e-18, -1.4146695862742246e-17, -5.294293626938863e-18, 1.0], "world_rotation": [-0.10330576830065501, 0.27603971143196315, 0.9555783567810491, 5.1248770654613044e-17]}], "source": "action wait"}
{"timestamp": 1706069465.4206, "objects": [{"color": "cv_", "id_name": "hand", "shape": "CVCylinder", "id_string": "ob383", "world_size": [0.12, 0.005, 0.12], "id": 383, "camera_size": [52, 53], "camera_position": [245, 368], "world_position": [0.44102726783859103, 0.7659769644398448, -0.17402312905193804], "world_orientation": [-5.298341261598434e-05, 0.16465421352741402, 0.9863513507672744, -0.0007513200115249613, -0.9863510803174967, 0.16465412802218993, 0.999999716355459, -0.0007323415706225032, 0.0001759682518781531], "world_rotation": [0.0, 1.0, 0.0, 0.0]}, {"color": "CVGreen", "id_name": "object126390183056273", "shape": "CVCone", "id_string": "ob1220", "world_size": [0.11, 0.11, 0.11], "id": 1220, "camera_size": [45, 45], "camera_position": [256, 254], "world_position": [0.705, 0.6547388564567225, -0.15], "world_orientation": [1.0, -3.838362879530639e-17, 1.4108543902771826e-17, 3.838362879530639e-17, 1.0, 2.6471468134694703e-18, -1.4108543902771826e-17, -2.6471468134694703e-18, 1.0], "world_rotation": [-0.0645960483009439, 0.3442786696839726, 0.9366427003636638, 4.0980011674039034e-17]}], "source": "action wait"}
{"timestamp": 1706069465.450191, "objects": [{"color": "cv_", "id_name": "hand", "shape": "CVCylinder", "id_string": "ob383", "world_size": [0.12, 0.005, 0.12], "id": 383, "camera_size": [52, 53], "camera_position": [245, 344], "world_position": [0.49814299814780383, 0.7811428588766647, -0.17403839359970608], "world_orientation": [-9.163251346303388e-06, 0.14947300547720468, 0.9887658067255594, -0.0007643542767948457, -0.9887655189769208, 0.14947295489432305, 0.9999997078392445, -0.0007543977148643243, 0.00012331063797523905], "world_rotation": [0.0, 1.0, 0.0, 0.0]}, {"color": "CVGreen", "id_name": "object126390183056273", "shape": "CVCone", "id_string": "ob1220", "world_size": [0.11, 0.11, 0.11], "id": 1220, "camera_size": [45, 45], "camera_position": [256, 254], "world_position": [0.705, 0.6547388569425623, -0.15], "world_orientation": [1.0, -3.5736481981837e-17, 1.53352332396395e-17, 3.5736481981837e-17, 1.0, 5.294293626938874e-18, -1.53352332396395e-17, -5.294293626938874e-18, 1.0], "world_rotation": [-0.1348981710815024, 0.39074049588211773, 0.9105626548001309, 3.9246593074565725e-17]}], "source": "action wait"}
{"timestamp": 1706069465.483081, "objects": [{"color": "cv_", "id_name": "hand", "shape": "CVCylinder", "id_string": "ob383", "world_size": [0.12, 0.005, 0.12], "id": 383, "camera_size": [52, 53], "camera_position": [245, 318], "world_position": [0.5567724850018405, 0.7728601669281886, -0.17405023546845647], "world_orientation": [-2.385044573217091e-06, 0.11077858477177867, 0.9938451112473581, -0.0007770594904511633, -0.993844811402949, 0.11077854948493156, 0.9999996980863844, -0.0007720125639552528, 8.845191481011844e-05], "world_rotation": [0.0, 1.0, 0.0, 0.0]}, {"color": "CVGreen", "id_name": "object126390183056273", "shape": "CVCone", "id_string": "ob1220", "world_size": [0.11, 0.11, 0.11], "id": 1220, "camera_size": [45, 45], "camera_position": [256, 254], "world_position": [0.705, 0.6547388572526824, -0.15], "world_orientation": [1.0, -3.838362879530641e-17, 1.4813540171849057e-17, 3.838362879530641e-17, 1.0, 5.294293626938881e-18, -1.4813540171849057e-17, -5.294293626938881e-18, 1.0], "world_rotation": [-0.1276280613210114, 0.35710588544125776, 0.925303444577321, 4.1482206750932463e-17]}], "source": "action wait"}
{"timestamp": 1706069465.515334, "objects": [{"color": "cv_", "id_name": "hand", "shape": "CVCylinder", "id_string": "ob383", "world_size": [0.12, 0.005, 0.12], "id": 383, "camera_size": [52, 52], "camera_position": [245, 298], "world_position": [0.6021042082818989, 0.759400182301178, -0.17405584598606938], "world_orientation": [-1.6644976554571714e-05, 0.07766798908153523, 0.9969792792204738, -0.0007752627702754412, -0.9969789807523776, 0.07766795288655318, 0.9999996993452458, -0.0007716281366612243, 7.68077921374891e-05], "world_rotation": [0.0, 1.0, 0.0, 0.0]}, {"color": "CVGreen", "id_name": "object126390183056273", "shape": "CVCone", "id_string": "ob1220", "world_size": [0.11, 0.11, 0.11], "id": 1220, "camera_size": [45, 45], "camera_position": [256, 254], "world_position": [0.705, 0.6547388572526824, -0.15], "world_orientation": [1.0, -3.838362879530641e-17, 1.4813540171849057e-17, 3.838362879530641e-17, 1.0, 5.294293626938881e-18, -1.4813540171849057e-17, -5.294293626938881e-18, 1.0], "world_rotation": [-0.1276280613210114, 0.35710588544125776, 0.925303444577321, 4.1482206750932463e-17]}], "source": "action wait"}
{"timestamp": 1706069465.549667, "objects": [{"color": "cv_", "id_name": "hand", "shape": "CVCylinder", "id_string": "ob383", "world_size": [0.12, 0.005, 0.12], "id": 383, "camera_size": [51, 51], "camera_position": [246, 284], "world_position": [0.6339246673174228, 0.7474470569116188, -0.17406352838082267], "world_orientation": [-2.2880194047675543e-05, 0.054271333154477255, 0.9985262249305886, -0.000771394507808441, -0.9985259290635218, 0.05427129939797195, 0.9999997022134608, -0.000769015907953073, 6.471107534579824e-05], "world_rotation": [0.0, 1.0, 0.0, 0.0]}, {"color": "CVGreen", "id_name": "object126390183056273", "shape": "CVCone", "id_string": "ob1220", "world_size": [0.11, 0.11, 0.11], "id": 1220, "camera_size": [45, 45], "camera_position": [256, 254], "world_position": [0.705, 0.6547388572526824, -0.15], "world_orientation": [1.0, -3.838362879530641e-17, 1.4813540171849057e-17, 3.838362879530641e-17, 1.0, 5.294293626938881e-18, -1.4813540171849057e-17, -5.294293626938881e-18, 1.0], "world_rotation": [-0.1276280613210114, 0.35710588544125776, 0.925303444577321, 4.1482206750932463e-17]}], "source": "action wait"}
{"timestamp": 1706069465.586321, "objects": [{"color": "cv_", "id_name": "hand", "shape": "CVCylinder", "id_string": "ob383", "world_size": [0.12, 0.005, 0.12], "id": 383, "camera_size": [51, 51], "camera_position": [246, 275], "world_position": [0.656192663607698, 0.7378284496486357, -0.1740714090967628], "world_orientation": [-2.4218240918312197e-05, 0.037761738951139316, 0.999286770894553, -0.0007679010304183688, -0.9992864772641141, 0.03776170924474405, 0.9999997048706986, -0.0007664388188817771, 5.3198238904140904e-05], "world_rotation": [0.0, 1.0, 0.0, 0.0]}, {"color": "CVGreen", "id_name": "object126390183056273", "shape": "CVCone", "id_string": "ob1220", "world_size": [0.11, 0.11, 0.11], "id": 1220, "camera_size": [45, 45], "camera_position": [256, 254], "world_position": [0.705, 0.6547388572526824, -0.15], "world_orientation": [1.0, -3.838362879530641e-17, 1.4813540171849057e-17, 3.838362879530641e-17, 1.0, 5.294293626938881e-18, -1.4813540171849057e-17, -5.294293626938881e-18, 1.0], "world_rotation": [-0.1276280613210114, 0.35710588544125776, 0.925303444577321, 4.1482206750932463e-17]}], "source": "action wait"}
{"timestamp": 1706069465.620697, "objects": [{"color": "cv_", "id_name": "hand", "shape": "CVCylinder", "id_string": "ob383", "world_size": [0.12, 0.005, 0.12], "id": 383, "camera_size": [51, 51], "camera_position": [246, 268], "world_position": [0.671773593223195, 0.7304788661701055, -0.17407852218753758], "world_orientation": [-2.30270574015947e-05, 0.02611936094553057, 0.9996588310286423, -0.0007653881170305361, -0.9996585389444226, 0.026119335683222958, 0.9999997068253496, -0.0007645255389122276, 4.3010643050781694e-05], "world_rotation": [0.0, 1.0, 0.0, 0.0]}, {"color": "CVGreen", "id_name": "object126390183056273", "shape": "CVCone", "id_string": "ob1220", "world_size": [0.11, 0.11, 0.11], "id": 1220, "camera_size": [45, 45], "camera_position": [256, 254], "world_position": [0.705, 0.6547388572526824, -0.15], "world_orientation": [1.0, -3.838362879530641e-17, 1.4813540171849057e-17, 3.838362879530641e-17, 1.0, 5.294293626938881e-18, -1.4813540171849057e-17, -5.294293626938881e-18, 1.0], "world_rotation": [-0.1276280613210114, 0.35710588544125776, 0.925303444577321, 4.1482206750932463e-17]}], "source": "action wait"}
{"timestamp": 1706069465.652613, "objects": [{"color": "cv_", "id_name": "hand", "shape": "CVCylinder", "id_string": "ob383", "world_size": [0.12, 0.005, 0.12], "id": 383, "camera_size": [51, 50], "camera_position": [246, 263], "world_position": [0.6826849976081016, 0.7250306259440013, -0.17408453545815294], "world_orientation": [-2.0716860721312467e-05, 0.017911824815004713, 0.999839570182441, -0.0007638037606879953, -0.9998392790290925, 0.01791180377292537, 0.9999997080872709, -0.0007633101474463148, 3.439465024219903e-05], "world_rotation": [0.0, 1.0, 0.0, 0.0]}, {"color": "CVGreen", "id_name": "object126390183056273", "shape": "CVCone", "id_string": "ob1220", "world_size": [0.11, 0.11, 0.11], "id": 1220, "camera_size": [45, 45], "camera_position": [256, 254], "world_position": [0.705, 0.6547388572526824, -0.15], "world_orientation": [1.0, -3.838362879530641e-17, 1.4813540171849057e-17, 3.838362879530641e-17, 1.0, 5.294293626938881e-18, -1.4813540171849057e-17, -5.294293626938881e-18, 1.0], "world_rotation": [-0.1276280613210114, 0.35710588544125776, 0.925303444577321, 4.1482206750932463e-17]}], "source": "action wait"}
{"timestamp": 1706069465.684807, "objects": [{"color": "cv_", "id_name": "hand", "shape": "CVCylinder", "id_string": "ob383", "world_size": [0.12, 0.005, 0.12], "id": 383, "camera_size": [51, 51], "camera_position": [246, 260], "world_position": [0.6903349275528089, 0.7210671166831742, -0.1740894248051435], "world_orientation": [-1.8079379718830016e-05, 0.012126566029438629, 0.9999264703314288, -0.0007629148155102013, -0.9999261796639591, 0.0121265487103406, 0.9999997088170178, -0.0007626394781582247, 2.7329581978434383e-05], "world_rotation": [0.0, 1.0, 0.0, 0.0]}, {"color": "CVGreen", "id_name": "object126390183056273", "shape": "CVCone", "id_string": "ob1220", "world_size": [0.11, 0.11, 0.11], "id": 1220, "camera_size": [45, 45], "camera_position": [256, 254], "world_position": [0.705, 0.6547388572526824, -0.15], "world_orientation": [1.0, -3.838362879530641e-17, 1.4813540171849057e-17, 3.838362879530641e-17, 1.0, 5.294293626938881e-18, -1.4813540171849057e-17, -5.294293626938881e-18, 1.0], "world_rotation": [-0.1276280613210114, 0.35710588544125776, 0.925303444577321, 4.1482206750932463e-17]}], "source": "action wait"}
{"timestamp": 1706069465.712892, "objects": [{"color": "cv_", "id_name": "hand", "shape": "CVCylinder", "id_string": "ob383", "world_size": [0.12, 0.005, 0.12], "id": 383, "camera_size": [51, 50], "camera_position": [246, 257], "world_position": [0.6957040602941739, 0.7182183741856937, -0.17409330106767074], "world_orientation": [-1.552777959605975e-05, 0.008048924121779185, 0.9999676067650242, -0.0007624869936513665, -0.9999673162970398, 0.008048909943635522, 0.999999709186194, -0.0007623373125318116, 2.166447204683448e-05], "world_rotation": [0.0, 1.0, 0.0, 0.0]}, {"color": "CVGreen", "id_name": "object126390183056273", "shape": "CVCone", "id_string": "ob1220", "world_size": [0.11, 0.11, 0.11], "id": 1220, "camera_size": [45, 45], "camera_position": [256, 254], "world_position": [0.705, 0.6547388572526824, -0.15], "world_orientation": [1.0, -3.838362879530641e-17, 1.4813540171849057e-17, 3.838362879530641e-17, 1.0, 5.294293626938881e-18, -1.4813540171849057e-17, -5.294293626938881e-18, 1.0], "world_rotation": [-0.1276280613210114, 0.35710588544125776, 0.925303444577321, 4.1482206750932463e-17]}], "source": "action wait"}
{"timestamp": 1706069465.780832, "objects": [{"color": "cv_", "id_name": "hand", "shape": "CVCylinder", "id_string": "ob383", "world_size": [0.12, 0.005, 0.12], "id": 383, "camera_size": [50, 50], "camera_position": [245, 255], "world_position": [0.7021276749312307, 0.7147460524163987, -0.17409864512154377], "world_orientation": [-1.1320944541442742e-05, 0.003149186327682683, 0.9999950412363603, -0.0007623437670347376, -0.9999947507450098, 0.0031491767823728332, 0.9999997093518663, -0.0007623043350968823, 1.3721647683423498e-05], "world_rotation": [0.0, 1.0, 0.0, 0.0]}, {"color": "CVGreen", "id_name": "object126390183056273", "shape": "CVCone", "id_string": "ob1220", "world_size": [0.11, 0.11, 0.11], "id": 1220, "camera_size": [45, 45], "camera_position": [256, 254], "world_position": [0.705, 0.6547388572526824, -0.15], "world_orientation": [1.0, -3.838362879530641e-17, 1.4813540171849057e-17, 3.838362879530641e-17, 1.0, 5.294293626938881e-18, -1.4813540171849057e-17, -5.294293626938881e-18, 1.0], "world_rotation": [-0.1276280613210114, 0.35710588544125776, 0.925303444577321, 4.1482206750932463e-17]}], "source": "action wait"}
{"timestamp": 1706069465.813197, "objects": [{"color": "cv_", "id_name": "hand", "shape": "CVCylinder", "id_string": "ob383", "world_size": [0.12, 0.005, 0.12], "id": 383, "camera_size": [50, 50], "camera_position": [245, 254], "world_position": [0.7039930988430309, 0.7137274215973898, -0.17410041683895172], "world_orientation": [-9.731877248598633e-06, 0.0017213649186290081, 0.9999985184029563, -0.0007624239494333766, -0.9999982278183323, 0.0017213569985991596, 0.9999997093074638, -0.0007624060677936638, 1.1044269841986285e-05], "world_rotation": [0.0, 1.0, 0.0, 0.0]}, {"color": "CVGreen", "id_name": "object126390183056273", "shape": "CVCone", "id_string": "ob1220", "world_size": [0.11, 0.11, 0.11], "id": 1220, "camera_size": [45, 45], "camera_position": [256, 254], "world_position": [0.705, 0.6547388572526824, -0.15], "world_orientation": [1.0, -3.838362879530641e-17, 1.4813540171849057e-17, 3.838362879530641e-17, 1.0, 5.294293626938881e-18, -1.4813540171849057e-17, -5.294293626938881e-18, 1.0], "world_rotation": [-0.1276280613210114, 0.35710588544125776, 0.925303444577321, 4.1482206750932463e-17]}], "source": "action wait"}
{"timestamp": 1706069465.848759, "objects": [{"color": "cv_", "id_name": "hand", "shape": "CVCylinder", "id_string": "ob383", "world_size": [0.12, 0.005, 0.12], "id": 383, "camera_size": [50, 50], "camera_position": [245, 253], "world_position": [0.7053059867624042, 0.7130089603954123, -0.17410175802331954], "world_orientation": [-8.454219539444255e-06, 0.0007149387848860946, 0.9999997443954975, -0.0007625320432702572, -0.9999994537083167, 0.0007149321304479242, 0.9999997092366624, -0.0007625258041707962, 8.999378653791308e-06], "world_rotation": [0.0, 1.0, 0.0, 0.0]}, {"color": "CVGreen", "id_name": "object126390183056273", "shape": "CVCone", "id_string": "ob1220", "world_size": [0.11, 0.11, 0.11], "id": 1220, "camera_size": [45, 45], "camera_position": [256, 254], "world_position": [0.705, 0.6547388572526824, -0.15], "world_orientation": [1.0, -3.838362879530641e-17, 1.4813540171849057e-17, 3.838362879530641e-17, 1.0, 5.294293626938881e-18, -1.4813540171849057e-17, -5.294293626938881e-18, 1.0], "world_rotation": [-0.1276280613210114, 0.35710588544125776, 0.925303444577321, 4.1482206750932463e-17]}], "source": "action wait"}
{"timestamp": 1706069465.882553, "objects": [{"color": "cv_", "id_name": "hand", "shape": "CVCylinder", "id_string": "ob383", "world_size": [0.12, 0.005, 0.12], "id": 383, "camera_size": [50, 50], "camera_position": [245, 253], "world_position": [0.706230346908275, 0.7125029456101692, -0.1741027676472905], "world_orientation": [-7.444170798869036e-06, 5.520850902940996e-06, 0.9999999999570524, -0.0007626424598517901, -0.9999997091729883, 5.515172057198317e-06, 0.9999997091604891, -0.0007626424187635252, 7.448379069580448e-06], "world_rotation": [0.0, 1.0, 0.0, 0.0]}, {"color": "CVGreen", "id_name": "object126390183056273", "shape": "CVCone", "id_string": "ob1220", "world_size": [0.11, 0.11, 0.11], "id": 1220, "camera_size": [45, 45], "camera_position": [256, 254], "world_position": [0.705, 0.6547388572526824, -0.15], "world_orientation": [1.0, -3.838362879530641e-17, 1.4813540171849057e-17, 3.838362879530641e-17, 1.0, 5.294293626938881e-18, -1.4813540171849057e-17, -5.294293626938881e-18, 1.0], "world_rotation": [-0.1276280613210114, 0.35710588544125776, 0.925303444577321, 4.1482206750932463e-17]}], "source": "action wait"}
{"timestamp": 1706069465.914845, "objects": [{"color": "cv_", "id_name": "hand", "shape": "CVCylinder", "id_string": "ob383", "world_size": [0.12, 0.005, 0.12], "id": 383, "camera_size": [49, 50], "camera_position": [246, 253], "world_position": [0.7068813518748648, 0.7121468747750184, -0.17410352426012757], "world_orientation": [-6.6560448028574404e-06, -0.0004945534307732087, 0.9999998776862931, -0.0007627427141871747, -0.9999995868177032, -0.0004945583637730506, 0.9999997090895824, -0.0007627459126962701, 6.278825026963102e-06], "world_rotation": [0.0, 1.0, 0.0, 0.0]}, {"color": "CVGreen", "id_name": "object126390183056273", "shape": "CVCone", "id_string": "ob1220", "world_size": [0.11, 0.11, 0.11], "id": 1220, "camera_size": [45, 45], "camera_position": [256, 254], "world_position": [0.705, 0.6547388572526824, -0.15], "world_orientation": [1.0, -3.838362879530641e-17, 1.4813540171849057e-17, 3.838362879530641e-17, 1.0, 5.294293626938881e-18, -1.4813540171849057e-17, -5.294293626938881e-18, 1.0], "world_rotation": [-0.1276280613210114, 0.35710588544125776, 0.925303444577321, 4.1482206750932463e-17]}], "source": "action wait"}
{"timestamp": 1706069465.946465, "objects": [{"color": "cv_", "id_name": "hand", "shape": "CVCylinder", "id_string": "ob383", "world_size": [0.12, 0.005, 0.12], "id": 383, "camera_size": [49, 50], "camera_position": [246, 252], "world_position": [0.7073006959653704, 0.7119399405485496, -0.1741067394867204], "world_orientation": [-3.832392629855739e-06, -0.0008325902887188232, 0.9999996533893019, -0.0007644531658022062, -0.9999993611999436, -0.0008325929751300768, 0.9999997077982925, -0.0007644560916581082, 3.1959139000607947e-06], "world_rotation": [0.0, 1.0, 0.0, 0.0]}, {"color": "CVGreen", "id_name": "object126390183056273", "shape": "CVCone", "id_string": "ob1220", "world_size": [0.11, 0.11, 0.11], "id": 1220, "camera_size": [45, 46], "camera_position": [256, 253], "world_position": [0.7051611952779064, 0.6546061227874636, -0.15000160628630124], "world_orientation": [0.999995759000816, 0.0029123839371317708, 4.2955067389710486e-07, -0.0029123839489120455, 0.9999957585327522, 3.059803431569917e-05, -3.404356283232496e-07, -3.059915556594851e-05, 0.9999999995317879], "world_rotation": [-0.010505794090297484, 0.00013218446074273916, -0.9999448038855947, 0.0029125488220006586]}], "source": "action wait"}
{"timestamp": 1706069465.977082, "objects": [{"color": "cv_", "id_name": "hand", "shape": "CVCylinder", "id_string": "ob383", "world_size": [0.12, 0.005, 0.12], "id": 383, "camera_size": [49, 50], "camera_position": [246, 252], "world_position": [0.707599670526211, 0.7117908121544257, -0.17410844600624165], "world_orientation": [-1.8161169317474468e-06, -0.0010717707316872476, 0.9999994256519354, -0.0007655080689563941, -0.9999991326509179, -0.0010717718079097317, 0.9999997069970061, -0.0007655095757516113, 9.956662137205224e-07], "world_rotation": [0.0, 1.0, 0.0, 0.0]}, {"color": "CVGreen", "id_name": "object126390183056273", "shape": "CVCone", "id_string": "ob1220", "world_size": [0.11, 0.11, 0.11], "id": 1220, "camera_size": [45, 46], "camera_position": [256, 253], "world_position": [0.7052498486788102, 0.654523981831986, -0.15000246137785203], "world_orientation": [0.9999898835877572, 0.004498079769964802, 7.258282725838776e-07, -0.004498079799166818, 0.9999898824783103, 4.7107700537276844e-05, -5.139267342034982e-07, -4.711048880984898e-05, 0.9999999988901689], "world_rotation": [-0.010472582316689, 0.00013780180293290883, -0.9999451515109632, 0.004498341681678496]}], "source": "action wait"}
{"timestamp": 1706069467.064061, "objects": [{"color": "cv_", "id_name": "hand", "shape": "CVCylinder", "id_string": "ob383", "world_size": [0.12, 0.005, 0.12], "id": 383, "camera_size": [49, 50], "camera_position": [246, 252], "world_position": [0.7083219522156422, 0.7114380436910185, -0.17411288743476327], "world_orientation": [3.422429352012534e-06, -0.0016403925908630092, 0.9999986545493124, -0.0007679894605991228, -0.999998359655928, -0.0016403894787278908, 0.9999997050901942, -0.000767982813190448, -4.6822279587211095e-06], "world_rotation": [0.0, 1.0, 0.0, 0.0]}, {"color": "CVGreen", "id_name": "object126390183056273", "shape": "CVCone", "id_string": "ob1220", "world_size": [0.11, 0.11, 0.11], "id": 1220, "camera_size": [45, 46], "camera_position": [256, 253], "world_position": [0.7054760920890215, 0.6543339977944822, -0.15000469356118834], "world_orientation": [0.9999705117275236, 0.007679530421575613, -2.2088429051102043e-05, -0.007679527620402273, 0.9999705042771745, 0.00012422230432349715, 2.3041746502010657e-05, -0.00012404901252135057, 0.9999999920404602], "world_rotation": [0.016162307329459787, 0.002937946180781364, 0.9998650650432922, -0.007680640913900533]}], "source": "action wait"}
{"timestamp": 1706069467.097425, "objects": [{"color": "cv_", "id_name": "hand", "shape": "CVCylinder", "id_string": "ob383", "world_size": [0.12, 0.005, 0.12], "id": 383, "camera_size": [51, 50], "camera_position": [246, 251], "world_position": [0.7107355765434616, 0.7320947749884567, -0.17409541931270683], "world_orientation": [2.205059343899597e-05, 0.02866099873513108, 0.9995891889497786, -0.0007441541317007186, -0.9995889119535157, 0.028661007208663138, 0.9999997228741615, -0.0007444804171782343, -7.133280758518195e-07], "world_rotation": [0.0, 1.0, 0.0, 0.0]}, {"color": "CVGreen", "id_name": "object126390183056273", "shape": "CVCone", "id_string": "ob1220", "world_size": [0.11, 0.11, 0.11], "id": 1220, "camera_size": [46, 48], "camera_position": [252, 251], "world_position": [0.7106105276399918, 0.6757074425628395, -0.1586465522453307], "world_orientation": [0.9996853324830937, -0.025084557243192664, -3.17187552410621e-05, 0.025084560637897362, 0.9996853266734321, 0.00011158600852668183, 2.890968857640884e-05, -0.00011234654707366031, 0.9999999932712418], "world_rotation": [0.0044635060538990605, 0.0012084684394918198, -0.9999893083017126, -0.02508745865035503]}], "source": "action wait"}
{"timestamp": 1706069467.136062, "objects": [{"color": "cv_", "id_name": "hand", "shape": "CVCylinder", "id_string": "ob383", "world_size": [0.12, 0.005, 0.12], "id": 383, "camera_size": [52, 53], "camera_position": [245, 250], "world_position": [0.7141447027244288, 0.7809593141691739, -0.17411240955354754], "world_orientation": [7.744008231996816e-05, 0.09913103784147609, 0.9950743848273381, -0.0007263404344478276, -0.9950741197491971, 0.09913106796022168, 0.999999733216268, -0.0007304394790470236, -5.055740654406477e-06], "world_rotation": [0.0, 1.0, 0.0, 0.0]}, {"color": "CVGreen", "id_name": "object126390183056273", "shape": "CVCone", "id_string": "ob1220", "world_size": [0.11, 0.11, 0.11], "id": 1220, "camera_size": [48, 53], "camera_position": [249, 248], "world_position": [0.718599832074625, 0.7251405321914676, -0.1642252601504682], "world_orientation": [0.9952710031592232, -0.09713716576033746, -3.603446391602621e-05, 0.09713716896631094, 0.9952709983109932, 0.00010161815475208483, 2.5993157332892062e-05, -0.00010463788862931806, 0.9999999941876342], "world_rotation": [0.0010616735191399595, 0.0003192783195857486, -0.9999993854551578, -0.09729063800926971]}], "source": "action wait"}
{"timestamp": 1706069467.168504, "objects": [{"color": "cv_", "id_name": "hand", "shape": "CVCylinder", "id_string": "ob383", "world_size": [0.12, 0.005, 0.12], "id": 383, "camera_size": [55, 55], "camera_position": [245, 250], "world_position": [0.7131277269851254, 0.8508889539922669, -0.17411897672320492], "world_orientation": [0.0001515075630158456, 0.19838225487518296, 0.9801247155317003, -0.000716344577979827, -0.9801244537747876, 0.19838231262670597, 0.9999997319479161, -0.0007321634464469822, -6.386214795979298e-06], "world_rotation": [0.0, 1.0, 0.0, 0.0]}, {"color": "CVGreen", "id_name": "object126390183056273", "shape": "CVCone", "id_string": "ob1220", "world_size": [0.11, 0.11, 0.11], "id": 1220, "camera_size": [51, 60], "camera_position": [248, 245], "world_position": [0.7235355196451136, 0.7959423037099934, -0.16779155199793416], "world_orientation": [0.9803218571486582, -0.197405811928028, -4.258687465821129e-05, 0.19740581487170142, 0.9803218540352538, 8.219319994315259e-05, 2.552342855276388e-05, -8.898268710800551e-05, 0.9999999957153182], "world_rotation": [0.0004335633927575083, 0.0001725133992328461, -0.9999998911309499, -0.19871097410218033]}], "source": "action wait"}
{"timestamp": 1706069467.207686, "objects": [{"color": "cv_", "id_name": "hand", "shape": "CVCylinder", "id_string": "ob383", "world_size": [0.12, 0.005, 0.12], "id": 383, "camera_size": [59, 57], "camera_position": [244, 254], "world_position": [0.7046148387549311, 0.9204406619112633, -0.17411999214601992], "world_orientation": [0.00022614909419899887, 0.2956904909553974, 0.9552837706227103, -0.0007070128472505156, -0.9552835090153555, 0.2956905773543404, 0.9999997244946727, -0.000742268054832267, -6.979524351329728e-06], "world_rotation": [0.0, 1.0, 0.0, 0.0]}, {"color": "CVGreen", "id_name": "object126390183056273", "shape": "CVCone", "id_string": "ob1220", "world_size": [0.11, 0.11, 0.11], "id": 1220, "camera_size": [54, 67], "camera_position": [246, 246], "world_position": [0.7207243290911189, 0.8669118221749117, -0.17007104885622082], "world_orientation": [0.9553875764562955, -0.295355001204817, -4.49028828013137e-05, 0.2953550035281423, 0.9553875749506474, 5.933643180063272e-05, 2.5374344421874828e-05, -6.995158088177651e-05, 0.9999999972314595], "world_rotation": [0.00021886883180386206, 0.00011897077157909346, -0.9999999689711946, -0.2998270863563237]}], "source": "action wait"}
{"timestamp": 1706069467.242136, "objects": [{"color": "cv_", "id_name": "hand", "shape": "CVCylinder", "id_string": "ob383", "world_size": [0.12, 0.005, 0.12], "id": 383, "camera_size": [62, 59], "camera_position": [243, 262], "world_position": [0.6888853276517, 0.9887047742960163, -0.17411987927942227], "world_orientation": [0.00029976044306224086, 0.3900103140503641, 0.9208104392751058, -0.0006868020915824123, -0.9208101831797517, 0.3900104291622972, 0.9999997192232426, -0.000749324234689841, -8.162569057204682e-06], "world_rotation": [0.0, 1.0, 0.0, 0.0]}, {"color": "CVGreen", "id_name": "object126390183056273", "shape": "CVCone", "id_string": "ob1220", "world_size": [0.11, 0.11, 0.11], "id": 1220, "camera_size": [57, 75], "camera_position": [245, 251], "world_position": [0.7104373038878956, 0.9371235092311381, -0.1715290421397156], "world_orientation": [0.9207864016203603, -0.3900671744526331, -4.478356481313177e-05, 0.39006717625936344, 0.9207864009341828, 4.3124482527442017e-05, 2.441465241607506e-05, -5.717703575766992e-05, 0.9999999980673558], "world_rotation": [0.00012856954314343212, 8.87003838786324e-05, -0.9999999878010571, -0.4007045510729263]}], "source": "action wait"}
{"timestamp": 1706069467.272369, "objects": [{"color": "cv_", "id_name": "hand", "shape": "CVCylinder", "id_string": "ob383", "world_size": [0.12, 0.005, 0.12], "id": 383, "camera_size": [66, 60], "camera_position": [242, 274], "world_position": [0.6662078583058786, 1.054994361775326, -0.1741195277389002], "world_orientation": [0.00037102610814337804, 0.4803936106665598, 0.8770529295147316, -0.0006570423545303611, -0.8770526834581719, 0.48039375384591, 0.9999997153174452, -0.0007544995467220928, -9.770494725998926e-06], "world_rotation": [0.0, 1.0, 0.0, 0.0]}, {"color": "CVGreen", "id_name": "object126390183056273", "shape": "CVCone", "id_string": "ob1220", "world_size": [0.11, 0.11, 0.11], "id": 1220, "camera_size": [60, 83], "camera_position": [243, 260], "world_position": [0.6929231211659302, 1.005874293963962, -0.17246181609602376], "world_orientation": [0.8768962924949356, -0.48067961297696576, -4.3323788989022226e-05, 0.48067961438345935, 0.8768962922328444, 3.137608595956736e-05, 2.290862507417488e-05, -4.833843563582057e-05, 0.9999999985692954], "world_rotation": [8.291855829068049e-05, 6.889455241426728e-05, -0.9999999941890266, -0.5014295728365363]}], "source": "action wait"}
{"timestamp": 1706069467.300403, "objects": [{"color": "cv_", "id_name": "hand", "shape": "CVCylinder", "id_string": "ob383", "world_size": [0.12, 0.005, 0.12], "id": 383, "camera_size": [70, 61], "camera_position": [241, 290], "world_position": [0.6418763413636617, 1.1077762813088026, -0.17411809399093148], "world_orientation": [0.000434117821453378, 0.5515615303906765, 0.8341340957752608, -0.0006358220821352092, -0.8341338535243897, 0.5515617011131503, 0.9999997036359546, -0.0007698036416402512, -1.1417370613332274e-05], "world_rotation": [0.0, 1.0, 0.0, 0.0]}, {"color": "CVGreen", "id_name": "object126390183056273", "shape": "CVCone", "id_string": "ob1220", "world_size": [0.11, 0.11, 0.11], "id": 1220, "camera_size": [64, 89], "camera_position": [242, 272], "world_position": [0.6725902129929623, 1.0611786985861253, -0.17305818126689065], "world_orientation": [0.8338608393026522, -0.5519747272055294, -3.4696655694509296e-05, 0.5519747278852095, 0.8338608394598394, 1.3834053654544298e-05, 2.129613445175879e-05, -3.06873526768398e-05, 0.9999999993023807], "world_rotation": [4.032920713227021e-05, 5.0720429065394754e-05, -0.9999999979004965, -0.584730562158609]}], "source": "action wait"}
{"timestamp": 1706069467.328763, "objects": [{"color": "cv_", "id_name": "hand", "shape": "CVCylinder", "id_string": "ob383", "world_size": [0.12, 0.005, 0.12], "id": 383, "camera_size": [73, 61], "camera_position": [241, 303], "world_position": [0.6216540262753233, 1.1434390802221481, -0.17411834501143747], "world_orientation": [0.0004789729374965785, 0.5995178487671182, 0.8003612431862076, -0.0006146631789214307, -0.8003610072987457, 0.5995180399161597, 0.9999996963870047, -0.0007791055026832442, -1.4849715979756558e-05], "world_rotation": [0.0, 1.0, 0.0, 0.0]}, {"color": "CVGreen", "id_name": "object126390183056273", "shape": "CVCone", "id_string": "ob1220", "world_size": [0.11, 0.11, 0.11], "id": 1220, "camera_size": [67, 93], "camera_position": [242, 283], "world_position": [0.6549991455421588, 1.0989141081404399, -0.1734409542708449], "world_orientation": [0.7999992185286005, -0.6000010413875163, -2.6220694177890283e-05, 0.6000010416944874, 0.7999992187112668, 5.185855308897149e-06, 1.7865016270556018e-05, -1.988112401520687e-05, 0.9999999996427911], "world_rotation": [2.0889113156652535e-05, 3.6738028233959556e-05, -0.999999999106981, -0.6435024113899382]}], "source": "action wait"}
{"timestamp": 1706069467.361342, "objects": [{"color": "cv_", "id_name": "hand", "shape": "CVCylinder", "id_string": "ob383", "world_size": [0.12, 0.005, 0.12], "id": 383, "camera_size": [75, 62], "camera_position": [241, 313], "world_position": [0.605987442849221, 1.167694374539372, -0.1741196248533534], "world_orientation": [0.000508989917822891, 0.6321108489128634, 0.774877806893398, -0.0005945140539717347, -0.7748775790504904, 0.6321110535640799, 0.9999996937411048, -0.0007824138995174942, -1.8606091936496333e-05], "world_rotation": [0.0, 1.0, 0.0, 0.0]}, {"color": "CVGreen", "id_name": "object126390183056273", "shape": "CVCone", "id_string": "ob1220", "world_size": [0.11, 0.11, 0.11], "id": 1220, "camera_size": [68, 96], "camera_position": [241, 292], "world_position": [0.6410865268513306, 1.1247599992764603, -0.173686879690524], "world_orientation": [0.7744522283294695, -0.6326323937352402, -2.0792777289670366e-05, 0.6326323939198497, 0.7744522284513086, 3.1689733834157138e-06, 1.409821749044343e-05, -1.5608402971309523e-05, 0.999999999778809], "world_rotation": [1.4840669343464417e-05, 2.7576041871574267e-05, -0.9999999995096582, -0.6849475522862721]}], "source": "action wait"}
{"timestamp": 1706069467.397209, "objects": [{"color": "cv_", "id_name": "hand", "shape": "CVCylinder", "id_string": "ob383", "world_size": [0.12, 0.005, 0.12], "id": 383, "camera_size": [76, 62], "camera_position": [240, 321], "world_position": [0.5942907837018937, 1.1843287636062265, -0.17412107614861944], "world_orientation": [0.0005287121505494244, 0.6544502142969978, 0.7561049116822847, -0.0005774648422618145, -0.7561046914822087, 0.6544504274984851, 0.9999996934988621, -0.0007826398965087519, -2.1839747706327123e-05], "world_rotation": [0.0, 1.0, 0.0, 0.0]}, {"color": "CVGreen", "id_name": "object126390183056273", "shape": "CVCone", "id_string": "ob1220", "world_size": [0.11, 0.11, 0.11], "id": 1220, "camera_size": [69, 98], "camera_position": [241, 299], "world_position": [0.6305750742551506, 1.1425720390072966, -0.17384478644763862], "world_orientation": [0.7556352230063103, -0.6549926789154527, -1.7870717955340602e-05, 0.6549926790693449, 0.75563522307339, 4.048499024733611e-06, 1.0852006726868564e-05, -1.4764377893856597e-05, 0.9999999998321236], "world_rotation": [1.4361135258083087e-05, 2.1925989093899758e-05, -0.9999999996565044, -0.7141729321860808]}], "source": "action wait"}
{"timestamp": 1706069467.43629, "objects": [{"color": "cv_", "id_name": "hand", "shape": "CVCylinder", "id_string": "ob383", "world_size": [0.12, 0.005, 0.12], "id": 383, "camera_size": [78, 63], "camera_position": [240, 328], "world_position": [0.5857459298045641, 1.1958197377352875, -0.17412235055990416], "world_orientation": [0.000541523390495217, 0.6698710932274502, 0.742477222014708, -0.00056389284480478, -0.7424770082821691, 0.6698713116690547, 0.9999996943885919, -0.0007814285768151759, -2.4333150476675898e-05], "world_rotation": [0.0, 1.0, 0.0, 0.0]}, {"color": "CVGreen", "id_name": "object126390183056273", "shape": "CVCone", "id_string": "ob1220", "world_size": [0.11, 0.11, 0.11], "id": 1220, "camera_size": [70, 99], "camera_position": [240, 305], "world_position": [0.622840765229324, 1.1549168878332305, -0.1739461090782111], "world_orientation": [0.7419774247233734, -0.6704248659797962, -1.6638610402379567e-05, 0.6704248661342984, 0.7419774247463632, 5.963489513459476e-06, 8.347401639882651e-06, -1.5579712743237573e-05, 0.9999999998437967], "world_rotation": [1.6066828171870737e-05, 1.8634460996090973e-05, -0.9999999996973069, -0.7347812528874336]}], "source": "action wait"}
{"timestamp": 1706069467.467488, "objects": [{"color": "cv_", "id_name": "hand", "shape": "CVCylinder", "id_string": "ob383", "world_size": [0.12, 0.005, 0.12], "id": 383, "camera_size": [78, 63], "camera_position": [240, 332], "world_position": [0.5795870890975241, 1.2038041041066474, -0.17412335081657412], "world_orientation": [0.0005497790406705031, 0.6805763978705224, 0.7326769167952482, -0.0005534666001734932, -0.7326767082160448, 0.6805766194282783, 0.9999996957088183, -0.0007796789630963185, -2.613399267640391e-05], "world_rotation": [0.0, 1.0, 0.0, 0.0]}, {"color": "CVGreen", "id_name": "object126390183056273", "shape": "CVCone", "id_string": "ob1220", "world_size": [0.11, 0.11, 0.11], "id": 1220, "camera_size": [70, 101], "camera_position": [240, 309], "world_position": [0.6172416416801354, 1.163512510951, -0.17401108090081838], "world_orientation": [0.7321567525838772, -0.6811361753543115, -1.6417430189186827e-05, 0.6811361755207916, 0.7321567525688212, 8.049060731597186e-06, 6.537625930925672e-06, -1.70756797775389e-05, 0.9999999998328404], "world_rotation": [1.8443258049799088e-05, 1.685056303036867e-05, -0.9999999996879524, -0.7493133369446172]}], "source": "action wait"}
