{"timestamp": 1706069699.697509, "objects": [{"color": "cv_", "id_name": "hand", "shape": "CVCylinder", "id_string": "ob383", "world_size": [0.12, 0.005, 0.12], "id": 383, "camera_size": [48, 50], "camera_position": [246, 426], "world_position": [0.2676445155579764, 0.6334703012687555, -0.17389260400876885], "world_orientation": [-0.0006415513348821856, 0.19791547470500379, 0.9802188802936709, -0.0007473675599565019, -0.980218903157559, 0.19791499017083708, 0.99999951492669, -0.0006056111666513691, 0.0007767763512058243], "world_rotation": [0.0, 1.0, 0.0, 0.0]}, {"color": "CVBlue", "id_name": "object136429326315468", "shape": "CVCylinder", "id_string": "ob1283", "world_size": [0.09, 0.09, 0.09], "id": 1283, "camera_size": [37, 37], "camera_position": [256, 254], "world_position": [0.705, 0.6448569696296074, -0.15], "world_orientation": [1.0, -4.331917303826236e-17, -1.1712398707441946e-17, 4.331917303826236e-17, 1.0, -5.775889738434995e-17, 1.1712398707441946e-17, 5.775889738434995e-17, 1.0], "world_rotation": [-0.7896765794068324, 0.16013129347666225, -0.5922574345551229, -7.314247236221149e-17]}], "source": "action wait"}
{"timestamp": 1706069699.726238, "objects": [{"color": "cv_", "id_name": "hand", "shape": "CVCylinder", "id_string": "ob383", "world_size": [0.12, 0.005, 0.12], "id": 383, "camera_size": [49, 51], "camera_position": [246, 421], "world_position": [0.2911351699894109, 0.6677926773115586, -0.1739560981053688], "world_orientation": [-0.00038260718426538114, 0.19841636046639408, 0.9801177487990984, -0.000715130802388459, -0.9801176242054015, 0.19841605607887478, 0.999999671099785, -0.0006249969836047722, 0.0005168936955138626], "world_rotation": [0.0, 1.0, 0.0, 0.0]}, {"color": "CVBlue", "id_name": "object136429326315468", "shape": "CVCylinder", "id_string": "ob1283", "world_size": [0.09, 0.09, 0.09], "id": 1283, "camera_size": [37, 37], "camera_position": [256, 254], "world_position": [0.705, 0.6448569696296074, -0.15], "world_orientation": [1.0, -4.331917303826236e-17, -1.1712398707441946e-17, 4.331917303826236e-17, 1.0, -5.775889738434995e-17, 1.1712398707441946e-17, 5.775889738434995e-17, 1.0], "world_rotation": [-0.7896765794068324, 0.16013129347666225, -0.5922574345551229, -7.314247236221149e-17]}], "source": "action wait"}
{"timestamp": 1706069699.757141, "objects": [{"color": "cv_", "id_name": "hand", "shape": "CVCylinder", "id_string": "ob383", "world_size": [0.12, 0.005, 0.12], "id": 383, "camera_size": [51, 52], "camera_position": [246, 406], "world_position": [0.3371978430921756, 0.705832364393789, -0.17398392413280728], "world_orientation": [-0.00022283789967726352, 0.18698880245520946, 0.9823620198784342, -0.0007314595055944293, -0.9823618119493663, 0.18698859695326314, 0.9999997076550884, -0.0006768898911666548, 0.0003556821798939553], "world_rotation": [0.0, 1.0, 0.0, 0.0]}, {"color": "CVBlue", "id_name": "object136429326315468", "shape": "CVCylinder", "id_string": "ob1283", "world_size": [0.09, 0.09, 0.09], "id": 1283, "camera_size": [37, 37], "camera_position": [256, 254], "world_position": [0.705, 0.6448569696296074, -0.15], "world_orientation": [1.0, -4.331917303826236e-17, -1.1712398707441946e-17, 4.331917303826236e-17, 1.0, -5.775889738434995e-17, 1.1712398707441946e-17, 5.775889738434995e-17, 1.0], "world_rotation": [-0.7896765794068324, 0.16013129347666225, -0.5922574345551229, -7.314247236221149e-17]}], "source": "action wait"}
{"timestamp": 1706069699.78961, "objects": [{"color": "cv_", "id_name": "hand", "shape": "CVCylinder", "id_string": "ob383", "world_size": [0.12, 0.005, 0.12], "id": 383, "camera_size": [51, 53], "camera_position": [246, 388], "world_position": [0.38777987237931244, 0.7390558451543394, -0.17400446063333394], "world_orientation": [-0.00011921697516853904, 0.17884540542892793, 0.9838771807213923, -0.0007426710949273895, -0.9838769322140887, 0.17884527026633518, 0.9999997171134389, -0.0007093757509363885, 0.0002501181448697238], "world_rotation": [0.0, 1.0, 0.0, 0.0]}, {"color": "CVBlue", "id_name": "object136429326315468", "shape": "CVCylinder", "id_string": "ob1283", "world_size": [0.09, 0.09, 0.09], "id": 1283, "camera_size": [37, 37], "camera_position": [256, 254], "world_position": [0.705, 0.6448569696296074, -0.15], "world_orientation": [1.0, -4.331917303826236e-17, -1.1712398707441946e-17, 4.331917303826236e-17, 1.0, -5.775889738434995e-17, 1.1712398707441946e-17, 5.775889738434995e-17, 1.0], "world_rotation": [-0.7896765794068324, 0.16013129347666225, -0.5922574345551229, -7.314247236221149e-17]}], "source": "action wait"}
{"timestamp": 1706069699.823587, "objects": [{"color": "cv_", "id_name": "hand", "shape": "CVCylinder", "id_string": "ob383", "world_size": [0.12, 0.005, 0.12], "id": 383, "camera_size": [52, 54], "camera_position": [245, 367], "world_position": [0.4419104383150451, 0.7670386494758755, -0.17402298941507469], "world_orientation": [-4.6264662898896064e-05, 0.17309224185229552, 0.9849056166304098, -0.0007500310214381754, -0.9849053466630943, 0.17309215917515514, 0.9999997176564841, -0.0007307017152671047, 0.0001753908648106111], "world_rotation": [0.0, 1.0, 0.0, 0.0]}, {"color": "CVBlue", "id_name": "object136429326315468", "shape": "CVCylinder", "id_string": "ob1283", "world_size": [0.09, 0.09, 0.09], "id": 1283, "camera_size": [37, 37], "camera_position": [256, 254], "world_position": [0.705, 0.6448569696296074, -0.15], "world_orientation": [1.0, -4.331917303826236e-17, -1.1712398707441946e-17, 4.331917303826236e-17, 1.0, -5.775889738434995e-17, 1.1712398707441946e-17, 5.775889738434995e-17, 1.0], "world_rotation": [-0.7896765794068324, 0.16013129347666225, -0.5922574345551229, -7.314247236221149e-17]}], "source": "action wait"}
{"timestamp": 1706069699.859126, "objects": [{"color": "cv_", "id_name": "hand", "shape": "CVCylinder", "id_string": "ob383", "world_size": [0.12, 0.005, 0.12], "id": 383, "camera_size": [52, 54], "camera_position": [245, 343], "world_position": [0.4991995885849958, 0.7797697552501296, -0.17403811268772687], "world_orientation": [-4.409884266568998e-06, 0.15515797638482637, 0.9878896711398083, -0.0007646263418629166, -0.9878893828860026, 0.1551579276984276, 0.9999997076635124, -0.0007546822369038766, 0.00012299435374109853], "world_rotation": [0.0, 1.0, 0.0, 0.0]}, {"color": "CVBlue", "id_name": "object136429326315468", "shape": "CVCylinder", "id_string": "ob1283", "world_size": [0.09, 0.09, 0.09], "id": 1283, "camera_size": [37, 37], "camera_position": [256, 254], "world_position": [0.705, 0.6448569696296074, -0.15], "world_orientation": [1.0, -4.331917303826236e-17, -1.1712398707441946e-17, 4.331917303826236e-17, 1.0, -5.775889738434995e-17, 1.1712398707441946e-17, 5.775889738434995e-17, 1.0], "world_rotation": [-0.7896765794068324, 0.16013129347666225, -0.5922574345551229, -7.314247236221149e-17]}], "source": "action wait"}
{"timestamp": 1706069699.89311, "objects": [{"color": "cv_", "id_name": "hand", "shape": "CVCylinder", "id_string": "ob383", "world_size": [0.12, 0.005, 0.12], "id": 383, "camera_size": [52, 52], "camera_position": [245, 317], "world_position": [0.5577540637564402, 0.7698018875104535, -0.17404996352033783], "world_orientation": [5.520903038694499e-07, 0.11467469680994945, 0.9934030973936216, -0.0007769678317777505, -0.9934027974962374, 0.11467466262273487, 0.9999996981602963, -0.0007719055614328672, 8.855010248826657e-05], "world_rotation": [0.0, 1.0, 0.0, 0.0]}, {"color": "CVBlue", "id_name": "object136429326315468", "shape": "CVCylinder", "id_string": "ob1283", "world_size": [0.09, 0.09, 0.09], "id": 1283, "camera_size": [37, 37], "camera_position": [256, 254], "world_position": [0.705, 0.6448569696296074, -0.15], "world_orientation": [1.0, -4.331917303826236e-17, -1.1712398707441946e-17, 4.331917303826236e-17, 1.0, -5.775889738434995e-17, 1.1712398707441946e-17, 5.775889738434995e-17, 1.0], "world_rotation": [-0.7896765794068324, 0.16013129347666225, -0.5922574345551229, -7.314247236221149e-17]}], "source": "action wait"}
{"timestamp": 1706069699.926227, "objects": [{"color": "cv_", "id_name": "hand", "shape": "CVCylinder", "id_string": "ob383", "world_size": [0.12, 0.005, 0.12], "id": 383, "camera_size": [52, 52], "camera_position": [245, 297], "world_position": [0.6028372340284285, 0.7552422778186215, -0.1740556643671176], "world_orientation": [-1.4585260900461663e-05, 0.08042531255399876, 0.9967606377099077, -0.0007750289971947539, -0.9967603393629314, 0.08042527714063347, 0.9999996995586167, -0.0007713453738377601, 7.686995894303374e-05], "world_rotation": [0.0, 1.0, 0.0, 0.0]}, {"color": "CVBlue", "id_name": "object136429326315468", "shape": "CVCylinder", "id_string": "ob1283", "world_size": [0.09, 0.09, 0.09], "id": 1283, "camera_size": [37, 37], "camera_position": [256, 254], "world_position": [0.705, 0.6448569696296074, -0.15], "world_orientation": [1.0, -4.331917303826236e-17, -1.1712398707441946e-17, 4.331917303826236e-17, 1.0, -5.775889738434995e-17, 1.1712398707441946e-17, 5.775889738434995e-17, 1.0], "world_rotation": [-0.7896765794068324, 0.16013129347666225, -0.5922574345551229, -7.314247236221149e-17]}], "source": "action wait"}
{"timestamp": 1706069699.95866, "objects": [{"color": "cv_", "id_name": "hand", "shape": "CVCylinder", "id_string": "ob383", "world_size": [0.12, 0.005, 0.12], "id": 383, "camera_size": [51, 51], "camera_position": [246, 284], "world_position": [0.6344315980079447, 0.7425331244840017, -0.17406339635165288], "world_orientation": [-2.1402822014058017e-05, 0.05621965913236161, 0.9984184240432267, -0.0007711126110448584, -0.9984181283625936, 0.05621962595283571, 0.9999997024635859, -0.0007686897792316366, 6.4720653642945e-05], "world_rotation": [0.0, 1.0, 0.0, 0.0]}, {"color": "CVBlue", "id_name": "object136429326315468", "shape": "CVCylinder", "id_string": "ob1283", "world_size": [0.09, 0.09, 0.09], "id": 1283, "camera_size": [37, 37], "camera_position": [256, 254], "world_position": [0.705, 0.6448569696296074, -0.15], "world_orientation": [1.0, -4.331917303826236e-17, -1.1712398707441946e-17, 4.331917303826236e-17, 1.0, -5.775889738434995e-17, 1.1712398707441946e-17, 5.775889738434995e-17, 1.0], "world_rotation": [-0.7896765794068324, 0.16013129347666225, -0.5922574345551229, -7.314247236221149e-17]}], "source": "action wait"}
{"timestamp": 1706069699.988314, "objects": [{"color": "cv_", "id_name": "hand", "shape": "CVCylinder", "id_string": "ob383", "world_size": [0.12, 0.005, 0.12], "id": 383, "camera_size": [51, 51], "camera_position": [246, 274], "world_position": [0.6565163874719403, 0.7323919832865842, -0.1740712958773027], "world_orientation": [-2.314822478981642e-05, 0.03913736807508037, 0.9992338394411567, -0.0007676249076387331, -0.9992335460059959, 0.03913733879921691, 0.9999997051080372, -0.000766130823794645, 5.317330129470707e-05], "world_rotation": [0.0, 1.0, 0.0, 0.0]}, {"color": "CVBlue", "id_name": "object136429326315468", "shape": "CVCylinder", "id_string": "ob1283", "world_size": [0.09, 0.09, 0.09], "id": 1283, "camera_size": [37, 37], "camera_position": [256, 254], "world_position": [0.705, 0.6448569696296074, -0.15], "world_orientation": [1.0, -4.331917303826236e-17, -1.1712398707441946e-17, 4.331917303826236e-17, 1.0, -5.775889738434995e-17, 1.1712398707441946e-17, 5.775889738434995e-17, 1.0], "world_rotation": [-0.7896765794068324, 0.16013129347666225, -0.5922574345551229, -7.314247236221149e-17]}], "source": "action wait"}
{"timestamp": 1706069700.018953, "objects": [{"color": "cv_", "id_name": "hand", "shape": "CVCylinder", "id_string": "ob383", "world_size": [0.12, 0.005, 0.12], "id": 383, "camera_size": [51, 51], "camera_position": [246, 268], "world_position": [0.6719569752583199, 0.724679475782104, -0.17407841100903657], "world_orientation": [-2.2248798157874755e-05, 0.027090279288510932, 0.9996329907886501, -0.0007651435349679983, -0.99963269888231, 0.027090254348009546, 0.9999997070301382, -0.0007642599946419691, 4.2968578207899704e-05], "world_rotation": [0.0, 1.0, 0.0, 0.0]}, {"color": "CVBlue", "id_name": "object136429326315468", "shape": "CVCylinder", "id_string": "ob1283", "world_size": [0.09, 0.09, 0.09], "id": 1283, "camera_size": [37, 37], "camera_position": [256, 254], "world_position": [0.705, 0.6448569696296074, -0.15], "world_orientation": [1.0, -4.331917303826236e-17, -1.1712398707441946e-17, 4.331917303826236e-17, 1.0, -5.775889738434995e-17, 1.1712398707441946e-17, 5.775889738434995e-17, 1.0], "world_rotation": [-0.7896765794068324, 0.16013129347666225, -0.5922574345551229, -7.314247236221149e-17]}], "source": "action wait"}
{"timestamp": 1706069700.051102, "objects": [{"color": "cv_", "id_name": "hand", "shape": "CVCylinder", "id_string": "ob383", "world_size": [0.12, 0.005, 0.12], "id": 383, "camera_size": [51, 50], "camera_position": [246, 263], "world_position": [0.6827642139849963, 0.7189781422052253, -0.1740844184510213], "world_orientation": [-2.0150291933572394e-05, 0.018596985323733755, 0.9998270609114531, -0.0007635995031544708, -0.9998267699088581, 0.018596964521612705, 0.9999997082548397, -0.0007630927126886025, 3.434745005040926e-05], "world_rotation": [0.0, 1.0, 0.0, 0.0]}, {"color": "CVBlue", "id_name": "object136429326315468", "shape": "CVCylinder", "id_string": "ob1283", "world_size": [0.09, 0.09, 0.09], "id": 1283, "camera_size": [37, 37], "camera_position": [256, 254], "world_position": [0.705, 0.6448569696296074, -0.15], "world_orientation": [1.0, -4.331917303826236e-17, -1.1712398707441946e-17, 4.331917303826236e-17, 1.0, -5.775889738434995e-17, 1.1712398707441946e-17, 5.775889738434995e-17, 1.0], "world_rotation": [-0.7896765794068324, 0.16013129347666225, -0.5922574345551229, -7.314247236221149e-17]}], "source": "action wait"}
{"timestamp": 1706069700.085099, "objects": [{"color": "cv_", "id_name": "hand", "shape": "CVCylinder", "id_string": "ob383", "world_size": [0.12, 0.005, 0.12], "id": 383, "camera_size": [50, 51], "camera_position": [245, 260], "world_position": [0.6903382914159685, 0.7148375722039887, -0.1740892990875365], "world_orientation": [-1.7667146662580645e-05, 0.012610040688395715, 0.999920490119944, -0.0007627506172550807, -0.9999201995747583, 0.012610023547619564, 0.9999997089496416, -0.0007624671879098784, 2.7284053135818646e-05], "world_rotation": [0.0, 1.0, 0.0, 0.0]}, {"color": "CVBlue", "id_name": "object136429326315468", "shape": "CVCylinder", "id_string": "ob1283", "world_size": [0.09, 0.09, 0.09], "id": 1283, "camera_size": [37, 37], "camera_position": [256, 254], "world_position": [0.705, 0.6448569696296074, -0.15], "world_orientation": [1.0, -4.331917303826236e-17, -1.1712398707441946e-17, 4.331917303826236e-17, 1.0, -5.775889738434995e-17, 1.1712398707441946e-17, 5.775889738434995e-17, 1.0], "world_rotation": [-0.7896765794068324, 0.16013129347666225, -0.5922574345551229, -7.314247236221149e-17]}], "source": "action wait"}
{"timestamp": 1706069700.121092, "objects": [{"color": "cv_", "id_name": "hand", "shape": "CVCylinder", "id_string": "ob383", "world_size": [0.12, 0.005, 0.12], "id": 383, "camera_size": [49, 50], "camera_position": [246, 257], "world_position": [0.6956528514530103, 0.7118646644179591, -0.17409316630053506], "world_orientation": [-1.5228032673012291e-05, 0.008390077748016485, 0.999964802562315, -0.0007623584336230722, -0.9999645121906549, 0.008390063702062543, 0.9999997092888206, -0.0007622038363957471, 2.1623738793812995e-05], "world_rotation": [0.0, 1.0, 0.0, 0.0]}, {"color": "CVBlue", "id_name": "object136429326315468", "shape": "CVCylinder", "id_string": "ob1283", "world_size": [0.09, 0.09, 0.09], "id": 1283, "camera_size": [37, 37], "camera_position": [256, 254], "world_position": [0.705, 0.6448569696296074, -0.15], "world_orientation": [1.0, -4.331917303826236e-17, -1.1712398707441946e-17, 4.331917303826236e-17, 1.0, -5.775889738434995e-17, 1.1712398707441946e-17, 5.775889738434995e-17, 1.0], "world_rotation": [-0.7896765794068324, 0.16013129347666225, -0.5922574345551229, -7.314247236221149e-17]}], "source": "action wait"}
{"timestamp": 1706069700.156898, "objects": [{"color": "cv_", "id_name": "hand", "shape": "CVCylinder", "id_string": "ob383", "world_size": [0.12, 0.005, 0.12], "id": 383, "camera_size": [49, 50], "camera_position": [246, 256], "world_position": [0.6993857461789252, 0.7097460757748719, -0.17409617819704357], "world_orientation": [-1.3035026070047837e-05, 0.005415630300312921, 0.9999853352817423, -0.0007622395946795518, -0.9999850449201239, 0.005415618791840361, 0.999999709410402, -0.0007621578239188725, 1.7162838975602803e-05], "world_rotation": [0.0, 1.0, 0.0, 0.0]}, {"color": "CVBlue", "id_name": "object136429326315468", "shape": "CVCylinder", "id_string": "ob1283", "world_size": [0.09, 0.09, 0.09], "id": 1283, "camera_size": [37, 37], "camera_position": [256, 254], "world_position": [0.705, 0.6448569696296074, -0.15], "world_orientation": [1.0, -4.331917303826236e-17, -1.1712398707441946e-17, 4.331917303826236e-17, 1.0, -5.775889738434995e-17, 1.1712398707441946e-17, 5.775889738434995e-17, 1.0], "world_rotation": [-0.7896765794068324, 0.16013129347666225, -0.5922574345551229, -7.314247236221149e-17]}], "source": "action wait"}
{"timestamp": 1706069700.189347, "objects": [{"color": "cv_", "id_name": "hand", "shape": "CVCylinder", "id_string": "ob383", "world_size": [0.12, 0.005, 0.12], "id": 383, "camera_size": [49, 50], "camera_position": [246, 255], "world_position": [0.7020098424267616, 0.7082437647465554, -0.17409849511322698], "world_orientation": [-1.116248975214804e-05, 0.0033190658121153072, 0.9999944918235969, -0.0007622689926795597, -0.9999942013886879, 0.003319056339271107, 0.9999997094106488, -0.0007622277450354515, 1.3692445978812433e-05], "world_rotation": [0.0, 1.0, 0.0, 0.0]}, {"color": "CVBlue", "id_name": "object136429326315468", "shape": "CVCylinder", "id_string": "ob1283", "world_size": [0.09, 0.09, 0.09], "id": 1283, "camera_size": [37, 37], "camera_position": [256, 254], "world_position": [0.705, 0.6448569696296074, -0.15], "world_orientation": [1.0, -4.331917303826236e-17, -1.1712398707441946e-17, 4.331917303826236e-17, 1.0, -5.775889738434995e-17, 1.1712398707441946e-17, 5.775889738434995e-17, 1.0], "world_rotation": [-0.7896765794068324, 0.16013129347666225, -0.5922574345551229, -7.314247236221149e-17]}], "source": "action wait"}
{"timestamp": 1706069700.22148, "objects": [{"color": "cv_", "id_name": "hand", "shape": "CVCylinder", "id_string": "ob383", "world_size": [0.12, 0.005, 0.12], "id": 383, "camera_size": [49, 50], "camera_position": [246, 254], "world_position": [0.7038556841132136, 0.7071819396490981, -0.1741002611032627], "world_orientation": [-9.616625927075196e-06, 0.001841253716438879, 0.9999983048446993, -0.0007623679530876608, -0.9999980143024404, 0.0018412458500564589, 0.9999997093512701, -0.0007623489541833843, 1.1020319658646097e-05], "world_rotation": [0.0, 1.0, 0.0, 0.0]}, {"color": "CVBlue", "id_name": "object136429326315468", "shape": "CVCylinder", "id_string": "ob1283", "world_size": [0.09, 0.09, 0.09], "id": 1283, "camera_size": [37, 37], "camera_position": [256, 254], "world_position": [0.705, 0.6448569696296074, -0.15], "world_orientation": [1.0, -4.331917303826236e-17, -1.1712398707441946e-17, 4.331917303826236e-17, 1.0, -5.775889738434995e-17, 1.1712398707441946e-17, 5.775889738434995e-17, 1.0], "world_rotation": [-0.7896765794068324, 0.16013129347666225, -0.5922574345551229, -7.314247236221149e-17]}], "source": "action wait"}
{"timestamp": 1706069700.251328, "objects": [{"color": "cv_", "id_name": "hand", "shape": "CVCylinder", "id_string": "ob383", "world_size": [0.12, 0.005, 0.12], "id": 383, "camera_size": [49, 50], "camera_position": [246, 253], "world_position": [0.7051547428326324, 0.7064330485606122, -0.17410159772448286], "world_orientation": [-8.370352641039675e-06, 0.0007995568568421197, 0.9999996803193341, -0.0007624904721750705, -0.9999993896636589, 0.0007995502421305037, 0.9999997092690663, -0.0007624835359044961, 8.980002017978199e-06], "world_rotation": [0.0, 1.0, 0.0, 0.0]}, {"color": "CVBlue", "id_name": "object136429326315468", "shape": "CVCylinder", "id_string": "ob1283", "world_size": [0.09, 0.09, 0.09], "id": 1283, "camera_size": [37, 37], "camera_position": [256, 254], "world_position": [0.705, 0.6448569696296074, -0.15], "world_orientation": [1.0, -4.331917303826236e-17, -1.1712398707441946e-17, 4.331917303826236e-17, 1.0, -5.775889738434995e-17, 1.1712398707441946e-17, 5.775889738434995e-17, 1.0], "world_rotation": [-0.7896765794068324, 0.16013129347666225, -0.5922574345551229, -7.314247236221149e-17]}], "source": "action wait"}
{"timestamp": 1706069700.288585, "objects": [{"color": "cv_", "id_name": "hand", "shape": "CVCylinder", "id_string": "ob383", "world_size": [0.12, 0.005, 0.12], "id": 383, "camera_size": [49, 50], "camera_position": [246, 253], "world_position": [0.7060693507255713, 0.7059055863615931, -0.17410260377671966], "world_orientation": [-7.383089088382347e-06, 6.525389019491669e-05, 0.9999999978437101, -0.0007626118111505869, -0.9999997070829035, 6.524824079103819e-05, 0.9999997091843156, -0.0007626113277729589, 7.432850313499782e-06], "world_rotation": [0.0, 1.0, 0.0, 0.0]}, {"color": "CVBlue", "id_name": "object136429326315468", "shape": "CVCylinder", "id_string": "ob1283", "world_size": [0.09, 0.09, 0.09], "id": 1283, "camera_size": [37, 37], "camera_position": [256, 254], "world_position": [0.705, 0.6448569696296074, -0.15], "world_orientation": [1.0, -4.331917303826236e-17, -1.1712398707441946e-17, 4.331917303826236e-17, 1.0, -5.775889738434995e-17, 1.1712398707441946e-17, 5.775889738434995e-17, 1.0], "world_rotation": [-0.7896765794068324, 0.16013129347666225, -0.5922574345551229, -7.314247236221149e-17]}], "source": "action wait"}
{"timestamp": 1706069700.322607, "objects": [{"color": "cv_", "id_name": "hand", "shape": "CVCylinder", "id_string": "ob383", "world_size": [0.12, 0.005, 0.12], "id": 383, "camera_size": [49, 50], "camera_position": [246, 253], "world_position": [0.7067134847426214, 0.705534394162928, -0.1741033576293872], "world_orientation": [-6.611489317569965e-06, -0.00045237783802994856, 0.9999998976552849, -0.0007627202438253002, -0.9999996068037617, -0.0004523827491720434, 0.9999997091070166, -0.0007627231566889961, 6.26644898339799e-06], "world_rotation": [0.0, 1.0, 0.0, 0.0]}, {"color": "CVBlue", "id_name": "object136429326315468", "shape": "CVCylinder", "id_string": "ob1283", "world_size": [0.09, 0.09, 0.09], "id": 1283, "camera_size": [37, 37], "camera_position": [256, 254], "world_position": [0.705, 0.6448569696296074, -0.15], "world_orientation": [1.0, -4.331917303826236e-17, -1.1712398707441946e-17, 4.331917303826236e-17, 1.0, -5.775889738434995e-17, 1.1712398707441946e-17, 5.775889738434995e-17, 1.0], "world_rotation": [-0.7896765794068324, 0.16013129347666225, -0.5922574345551229, -7.314247236221149e-17]}], "source": "action wait"}
{"timestamp": 1706069700.356277, "objects": [{"color": "cv_", "id_name": "hand", "shape": "CVCylinder", "id_string": "ob383", "world_size": [0.12, 0.005, 0.12], "id": 383, "camera_size": [49, 49], "camera_position": [246, 253], "world_position": [0.7071672432101908, 0.7052733006251579, -0.17410392041180486], "world_orientation": [-6.014853249521209e-06, -0.0008172810373969781, 0.9999996660077081, -0.0007628115376007681, -0.9999993750813811, -0.0008172853878289296, 0.9999997090411475, -0.000762816198679626, 5.391418086302625e-06], "world_rotation": [0.0, 1.0, 0.0, 0.0]}, {"color": "CVBlue", "id_name": "object136429326315468", "shape": "CVCylinder", "id_string": "ob1283", "world_size": [0.09, 0.09, 0.09], "id": 1283, "camera_size": [37, 37], "camera_position": [256, 254], "world_position": [0.705, 0.6448569696296074, -0.15], "world_orientation": [1.0, -4.331917303826236e-17, -1.1712398707441946e-17, 4.331917303826236e-17, 1.0, -5.775889738434995e-17, 1.1712398707441946e-17, 5.775889738434995e-17, 1.0], "world_rotation": [-0.7896765794068324, 0.16013129347666225, -0.5922574345551229, -7.314247236221149e-17]}], "source": "action wait"}
{"timestamp": 1706069700.390834, "objects": [{"color": "cv_", "id_name": "hand", "shape": "CVCylinder", "id_string": "ob383", "world_size": [0.12, 0.005, 0.12], "id": 383, "camera_size": [49, 49], "camera_position": [246, 253], "world_position": [0.7074869554700491, 0.7050896941667611, -0.17410433923368332], "world_orientation": [-5.557487740983894e-06, -0.0010745248518342482, 0.999999422682562, -0.0007628854672499797, -0.9999991316964566, -0.0010745287788909727, 0.9999997089873968, -0.0007628909985037755, 4.737743522098198e-06], "world_rotation": [0.0, 1.0, 0.0, 0.0]}, {"color": "CVBlue", "id_name": "object136429326315468", "shape": "CVCylinder", "id_string": "ob1283", "world_size": [0.09, 0.09, 0.09], "id": 1283, "camera_size": [37, 37], "camera_position": [256, 254], "world_position": [0.705, 0.6448569696296074, -0.15], "world_orientation": [1.0, -4.331917303826236e-17, -1.1712398707441946e-17, 4.331917303826236e-17, 1.0, -5.775889738434995e-17, 1.1712398707441946e-17, 5.775889738434995e-17, 1.0], "world_rotation": [-0.7896765794068324, 0.16013129347666225, -0.5922574345551229, -7.314247236221149e-17]}], "source": "action wait"}
{"timestamp": 1706069701.48958, "objects": [{"color": "cv_", "id_name": "hand", "shape": "CVCylinder", "id_string": "ob383", "world_size": [0.12, 0.005, 0.12], "id": 383, "camera_size": [49, 50], "camera_position": [246, 252], "world_position": [0.708250504966585, 0.7046544140805139, -0.17410552055735318], "world_orientation": [-4.1741854241018644e-06, -0.001689312806868927, 0.9999985731013904, -0.0007631192570386585, -0.9999982819295941, -0.0016893155003934604, 0.9999997088157456, -0.0007631252196613549, 2.885031118837376e-06], "world_rotation": [0.0, 1.0, 0.0, 0.0]}, {"color": "CVBlue", "id_name": "object136429326315468", "shape": "CVCylinder", "id_string": "ob1283", "world_size": [0.09, 0.09, 0.09], "id": 1283, "camera_size": [37, 37], "camera_position": [256, 254], "world_position": [0.705, 0.6448569696296074, -0.15], "world_orientation": [1.0, -4.331917303826236e-17, -1.1712398707441946e-17, 4.331917303826236e-17, 1.0, -5.775889738434995e-17, 1.1712398707441946e-17, 5.775889738434995e-17, 1.0], "world_rotation": [-0.7896765794068324, 0.16013129347666225, -0.5922574345551229, -7.314247236221149e-17]}], "source": "action wait"}
{"timestamp": 1706069701.5186, "objects": [{"color": "cv_", "id_name": "hand", "shape": "CVCylinder", "id_string": "ob383", "world_size": [0.12, 0.005, 0.12], "id": 383, "camera_size": [51, 50], "camera_position": [246, 251], "world_position": [0.71115131609328, 0.7281428453282422, -0.1740976731299927], "world_orientation": [1.910573199091877e-05, 0.032616621168908184, 0.9994679362833483, -0.0007431469993437624, -0.999467660015814, 0.03261662635912399, 0.999999723683716, -0.0007433747623112911, 5.1433829049337695e-06], "world_rotation": [0.0, 1.0, 0.0, 0.0]}, {"color": "CVBlue", "id_name": "object136429326315468", "shape": "CVCylinder", "id_string": "ob1283", "world_size": [0.09, 0.09, 0.09], "id": 1283, "camera_size": [38, 38], "camera_position": [252, 251], "world_position": [0.7105897779437005, 0.6736390606813307, -0.15866701595617824], "world_orientation": [0.9994223865898364, -0.03398371925360138, -2.9610778343508616e-06, 0.03398371933034051, 0.9994223860913484, 3.162202416839662e-05, 1.8847334830397093e-06, -3.170438730121831e-05, 0.9999999994956398], "world_rotation": [0.0009317164975072618, 7.129603973196125e-05, -0.9999995634105261, -0.03399027880025398]}], "source": "action wait"}
{"timestamp": 1706069701.551406, "objects": [{"color": "cv_", "id_name": "hand", "shape": "CVCylinder", "id_string": "ob383", "world_size": [0.12, 0.005, 0.12], "id": 383, "camera_size": [52, 53], "camera_position": [245, 249], "world_position": [0.7151963503506288, 0.7846167767777877, -0.17410894180537517], "world_orientation": [8.156934116540241e-05, 0.11376126515103324, 0.9935081116416107, -0.0007253764382918887, -0.9935078468381072, 0.1137612943849133, 0.9999997335876973, -0.0007299468092701063, 1.4799608219868045e-06], "world_rotation": [0.0, 1.0, 0.0, 0.0]}, {"color": "CVBlue", "id_name": "object136429326315468", "shape": "CVCylinder", "id_string": "ob1283", "world_size": [0.09, 0.09, 0.09], "id": 1283, "camera_size": [39, 44], "camera_position": [250, 247], "world_position": [0.7190380672495442, 0.7335649763861788, -0.16423203965308095], "world_orientation": [0.9933752310275024, -0.11491584035668, -4.021739120348638e-06, 0.11491584040865478, 0.9933752296338165, 5.266056341949414e-05, -2.0564368768037333e-06, -5.277386088379766e-05, 0.9999999986053454], "world_rotation": [0.0004587462131160751, 8.551049316315215e-06, -0.9999998947393902, -0.11517029055554485]}], "source": "action wait"}
{"timestamp": 1706069701.579869, "objects": [{"color": "cv_", "id_name": "hand", "shape": "CVCylinder", "id_string": "ob383", "world_size": [0.12, 0.005, 0.12], "id": 383, "camera_size": [56, 55], "camera_position": [244, 250], "world_position": [0.7136576851277802, 0.8547742274444712, -0.17411230197260302], "world_orientation": [0.00015654141457843078, 0.2128233986891369, 0.9770906695210992, -0.0007211934283623253, -0.9770904033637378, 0.2128234562601763, 0.9999997276873751, -0.0007379870546714951, 5.317226231891315e-07], "world_rotation": [0.0, 1.0, 0.0, 0.0]}, {"color": "CVBlue", "id_name": "object136429326315468", "shape": "CVCylinder", "id_string": "ob1283", "world_size": [0.09, 0.09, 0.09], "id": 1283, "camera_size": [41, 50], "camera_position": [248, 245], "world_position": [0.7224788242100707, 0.8064020144091698, -0.16779035605942683], "world_orientation": [0.9768708280623839, -0.21383027200017496, -7.552743983377443e-06, 0.21383027211062766, 0.9768708268309387, 4.9150108235367285e-05, -3.131725752922306e-06, -4.962831223238653e-05, 0.9999999987636115], "world_rotation": [0.00023097388615308254, 1.033768060479564e-05, -0.9999999732720977, -0.215494255082819]}], "source": "action wait"}
{"timestamp": 1706069701.610607, "objects": [{"color": "cv_", "id_name": "hand", "shape": "CVCylinder", "id_string": "ob383", "world_size": [0.12, 0.005, 0.12], "id": 383, "camera_size": [59, 57], "camera_position": [244, 254], "world_position": [0.704674000028644, 0.9243841153933571, -0.17411323287354927], "world_orientation": [0.0002317107500130829, 0.3097533015713458, 0.9508169321566476, -0.0007095567894985466, -0.9508166673997777, 0.3097533882364217, 0.9999997214196067, -0.0007464317996895037, -5.26884928114093e-07], "world_rotation": [0.0, 1.0, 0.0, 0.0]}, {"color": "CVBlue", "id_name": "object136429326315468", "shape": "CVCylinder", "id_string": "ob1283", "world_size": [0.09, 0.09, 0.09], "id": 1283, "camera_size": [44, 55], "camera_position": [246, 247], "world_position": [0.7182247596412507, 0.8784450879498548, -0.17006647620343535], "world_orientation": [0.9505233960843943, -0.3106529790637648, -9.746679642128324e-06, 0.3106529791878651, 0.9505233951012141, 4.343921308466698e-05, -4.230073928537764e-06, -4.4317823412488193e-05, 0.9999999990090185], "world_rotation": [0.00014124608729851847, 8.879048373956626e-06, -0.9999999899853526, -0.31587992663491166]}], "source": "action wait"}
{"timestamp": 1706069701.643909, "objects": [{"color": "cv_", "id_name": "hand", "shape": "CVCylinder", "id_string": "ob383", "world_size": [0.12, 0.005, 0.12], "id": 383, "camera_size": [63, 59], "camera_position": [243, 262], "world_position": [0.6884996398900058, 0.9926711723876303, -0.17411368298823726], "world_orientation": [0.00030554127009225926, 0.40355374186942766, 0.9149558918700483, -0.0006874197196603452, -0.9149556336382927, 0.4035538575304162, 0.9999997170492906, -0.000752261080871558, -2.1459062756467677e-06], "world_rotation": [0.0, 1.0, 0.0, 0.0]}, {"color": "CVBlue", "id_name": "object136429326315468", "shape": "CVCylinder", "id_string": "ob1283", "world_size": [0.09, 0.09, 0.09], "id": 1283, "camera_size": [47, 62], "camera_position": [245, 252], "world_position": [0.7065395945691292, 0.9491576981505697, -0.17152298149196712], "world_orientation": [0.9145954276942884, -0.4043701318336415, -1.1024755595146511e-05, 0.40437013194162, 0.9145954268642649, 3.9401653204030095e-05, -5.8496606509598445e-06, -4.049465373863544e-05, 0.9999999991629824], "world_rotation": [9.87910583036719e-05, 6.398957923362634e-06, -0.99999999509969, -0.4162900428950881]}], "source": "action wait"}
{"timestamp": 1706069701.678779, "objects": [{"color": "cv_", "id_name": "hand", "shape": "CVCylinder", "id_string": "ob383", "world_size": [0.12, 0.005, 0.12], "id": 383, "camera_size": [66, 60], "camera_position": [242, 275], "world_position": [0.6653958308755815, 1.058947042002323, -0.17411410524650522], "world_orientation": [0.0003767404235500389, 0.4932815921884499, 0.869869604523966, -0.0006560562719562627, -0.8698693571345146, 0.49328173603788994, 0.9999997138283698, -0.0007565225799966105, -4.094467643769615e-06], "world_rotation": [0.0, 1.0, 0.0, 0.0]}, {"color": "CVBlue", "id_name": "object136429326315468", "shape": "CVCylinder", "id_string": "ob1283", "world_size": [0.09, 0.09, 0.09], "id": 1283, "camera_size": [50, 68], "camera_position": [243, 262], "world_position": [0.687676687840227, 1.0179964922062992, -0.17245524864193784], "world_orientation": [0.86944615530515, -0.49402771469484036, -1.1768029267272132e-05, 0.4940277147737045, 0.8694461545753623, 3.6463494830619927e-05, -7.782309227598207e-06, -3.751677799577223e-05, 0.9999999992659635], "world_rotation": [7.487461777140208e-05, 4.033903270601879e-06, -0.9999999971887596, -0.516716196310177]}], "source": "action wait"}
{"timestamp": 1706069701.714043, "objects": [{"color": "cv_", "id_name": "hand", "shape": "CVCylinder", "id_string": "ob383", "world_size": [0.12, 0.005, 0.12], "id": 383, "camera_size": [71, 60], "camera_position": [242, 289], "world_position": [0.6419972012161688, 1.1089284946533153, -0.17411362058443922], "world_orientation": [0.0004372940455269773, 0.5602149210491698, 0.828347180237725, -0.0006354004776388792, -0.8283469365630205, 0.5602150916861244, 0.9999997025200312, -0.0007713109177826585, -6.270354573933527e-06], "world_rotation": [0.0, 1.0, 0.0, 0.0]}, {"color": "CVBlue", "id_name": "object136429326315468", "shape": "CVCylinder", "id_string": "ob1283", "world_size": [0.09, 0.09, 0.09], "id": 1283, "camera_size": [52, 73], "camera_position": [242, 275], "world_position": [0.6673730428077029, 1.0703222522198181, -0.17305165438928358], "world_orientation": [0.8278787326513098, -0.560907126001023, -4.993360708632125e-06, 0.5609071259354625, 0.8278787323314327, 2.5062307680019573e-05, -9.923729838217193e-06, -2.3549363123289702e-05, 0.9999999996734735], "world_rotation": [-4.333308359497614e-05, 4.3949959776296195e-06, 0.999999999051464, 0.5954811176849717]}], "source": "action wait"}
{"timestamp": 1706069701.751058, "objects": [{"color": "cv_", "id_name": "hand", "shape": "CVCylinder", "id_string": "ob383", "world_size": [0.12, 0.005, 0.12], "id": 383, "camera_size": [73, 61], "camera_position": [241, 302], "world_position": [0.6227784383401432, 1.142741929082694, -0.17411471916170615], "world_orientation": [0.00047907719812132225, 0.6053675946677638, 0.7959458812075128, -0.0006135857291440429, -0.79594564476556, 0.6053677841538072, 0.9999996969987498, -0.0007783989357452931, -9.87449237623686e-06], "world_rotation": [0.0, 1.0, 0.0, 0.0]}, {"color": "CVBlue", "id_name": "object136429326315468", "shape": "CVCylinder", "id_string": "ob1283", "world_size": [0.09, 0.09, 0.09], "id": 1283, "camera_size": [54, 75], "camera_position": [241, 286], "world_position": [0.6501887900102935, 1.1059906935033987, -0.17343463302885928], "world_orientation": [0.795448291063995, -0.6060214651670118, 4.4556147531438785e-07, 0.6060214650168042, 0.7954482908827848, 2.169200483180872e-05, -1.350024166460466e-05, -1.6984848355189092e-05, 0.9999999997646293], "world_rotation": [-3.191046472164157e-05, 1.150603067317143e-05, 0.9999999994246669, 0.6510493783109516]}], "source": "action wait"}
{"timestamp": 1706069701.78262, "objects": [{"color": "cv_", "id_name": "hand", "shape": "CVCylinder", "id_string": "ob383", "world_size": [0.12, 0.005, 0.12], "id": 383, "camera_size": [75, 62], "camera_position": [241, 312], "world_position": [0.6079669760783226, 1.165792980982848, -0.17411637920162298], "world_orientation": [0.0005069645346666747, 0.6360989652294263, 0.7716073155569569, -0.000593850230646582, -0.7716070871520555, 0.6360991671104625, 0.9999996951643857, -0.0007806989005681232, -1.3429910667452205e-05], "world_rotation": [0.0, 1.0, 0.0, 0.0]}, {"color": "CVBlue", "id_name": "object136429326315468", "shape": "CVCylinder", "id_string": "ob1283", "world_size": [0.09, 0.09, 0.09], "id": 1283, "camera_size": [56, 78], "camera_position": [241, 294], "world_position": [0.6367331418575747, 1.1304342621680885, -0.1736805840329716], "world_orientation": [0.7710902581684279, -0.6367258544656218, 3.5736694434709948e-06, 0.6367258542477368, 0.7710902580304448, 2.242837334432718e-05, -1.7036346875222262e-05, -1.5018852463182029e-05, 0.9999999997420985], "world_rotation": [-2.9406082327416486e-05, 1.6184372101480463e-05, 0.9999999994366742, 0.6902446580499482]}], "source": "action wait"}
{"timestamp": 1706069701.815906, "objects": [{"color": "cv_", "id_name": "hand", "shape": "CVCylinder", "id_string": "ob383", "world_size": [0.12, 0.005, 0.12], "id": 383, "camera_size": [76, 62], "camera_position": [240, 319], "world_position": [0.5969403450655504, 1.18163313743894, -0.17411797821781477], "world_orientation": [0.0005253184813736579, 0.6571887587344963, 0.753725851642031, -0.0005775848981628748, -0.7537256305161457, 0.6571889684852634, 0.9999996952180428, -0.0007805741801636161, -1.63637013071744e-05], "world_rotation": [0.0, 1.0, 0.0, 0.0]}, {"color": "CVBlue", "id_name": "object136429326315468", "shape": "CVCylinder", "id_string": "ob1283", "world_size": [0.09, 0.09, 0.09], "id": 1283, "camera_size": [57, 80], "camera_position": [241, 301], "world_position": [0.6266227077281609, 1.1472897577357277, -0.17383845057349936], "world_orientation": [0.7531954824042668, -0.6577967507228174, 4.930265876133967e-06, 0.6577967504385401, 0.7531954822638504, 2.4694596981681016e-05, -1.995747963922299e-05, -1.535674601427724e-05, 0.9999999996829347], "world_rotation": [-3.0443554893571443e-05, 1.891750413589042e-05, 0.999999999357659, 0.7178898085036931]}], "source": "action wait"}
{"timestamp": 1706069701.84537, "objects": [{"color": "cv_", "id_name": "hand", "shape": "CVCylinder", "id_string": "ob383", "world_size": [0.12, 0.005, 0.12], "id": 383, "camera_size": [76, 62], "camera_position": [240, 325], "world_position": [0.5888982167964885, 1.1925931078724286, -0.1741192943817369], "world_orientation": [0.0005373283897912796, 0.6717619500466975, 0.740766895688286, -0.0005648100435444674, -0.7407666805977913, 0.6717621646875811, 0.999999696133862, -0.000779349464884312, -1.8617071438731868e-05], "world_rotation": [0.0, 1.0, 0.0, 0.0]}, {"color": "CVBlue", "id_name": "object136429326315468", "shape": "CVCylinder", "id_string": "ob1283", "world_size": [0.09, 0.09, 0.09], "id": 1283, "camera_size": [57, 82], "camera_position": [241, 306], "world_position": [0.6192072831477586, 1.1589774092315686, -0.17393972201982882], "world_orientation": [0.7402272726414815, -0.6723567392469308, 5.195050914782194e-06, 0.6723567389004019, 0.7402272724709336, 2.730309839305976e-05, -2.2202940575892622e-05, -1.671757056667214e-05, 0.9999999996137763], "world_rotation": [-3.2736095564132026e-05, 2.0374594228098922e-05, 0.9999999992566118, 0.737388007842996]}], "source": "action wait"}
