{"timestamp": 1706069903.828763, "objects": [{"color": "cv_", "id_name": "hand", "shape": "CVCylinder", "id_string": "ob383", "world_size": [0.12, 0.005, 0.12], "id": 383, "camera_size": [48, 50], "camera_position": [246, 426], "world_position": [0.26764451556472457, 0.6334703012252927, -0.1738926040088768], "world_orientation": [-0.0006415504650097278, 0.19791547464416845, 0.9802188803065235, -0.0007473673834848971, -0.9802189031698427, 0.19791499011066555, 0.99999951492738, -0.0006056111658795741, 0.0007767754635763508], "world_rotation": [0.0, 1.0, 0.0, 0.0]}, {"color": "CVRed", "id_name": "object117826315410876", "shape": "CVBox", "id_string": "ob1332", "world_size": [0.11, 0.11, 0.11], "id": 1332, "camera_size": [45, 45], "camera_position": [256, 254], "world_position": [0.705, 0.6547388572526824, -0.15], "world_orientation": [1.0, -3.838362879530641e-17, 1.4813540171849057e-17, 3.838362879530641e-17, 1.0, 5.294293626938881e-18, -1.4813540171849057e-17, -5.294293626938881e-18, 1.0], "world_rotation": [-0.1276280613210114, 0.35710588544125776, 0.925303444577321, 4.1482206750932463e-17]}], "source": "action wait"}
{"timestamp": 1706069903.857574, "objects": [{"color": "cv_", "id_name": "hand", "shape": "CVCylinder", "id_string": "ob383", "world_size": [0.12, 0.005, 0.12], "id": 383, "camera_size": [49, 51], "camera_position": [246, 421], "world_position": [0.29079240240389104, 0.6674611483340026, -0.17395625957304153], "world_orientation": [-0.0003850836541353252, 0.19527333168953634, 0.9807487841651642, -0.0007159585560655897, -0.9807486593557804, 0.1952730257234361, 0.9999996695569081, -0.0006269790330746239, 0.0005174778901280308], "world_rotation": [0.0, 1.0, 0.0, 0.0]}, {"color": "CVRed", "id_name": "object117826315410876", "shape": "CVBox", "id_string": "ob1332", "world_size": [0.11, 0.11, 0.11], "id": 1332, "camera_size": [45, 45], "camera_position": [256, 254], "world_position": [0.705, 0.6547388572526824, -0.15], "world_orientation": [1.0, -3.838362879530641e-17, 1.4813540171849057e-17, 3.838362879530641e-17, 1.0, 5.294293626938881e-18, -1.4813540171849057e-17, -5.294293626938881e-18, 1.0], "world_rotation": [-0.1276280613210114, 0.35710588544125776, 0.925303444577321, 4.1482206750932463e-17]}], "source": "action wait"}
{"timestamp": 1706069903.890651, "objects": [{"color": "cv_", "id_name": "hand", "shape": "CVCylinder", "id_string": "ob383", "world_size": [0.12, 0.005, 0.12], "id": 383, "camera_size": [51, 52], "camera_position": [246, 406], "world_position": [0.33661592789193784, 0.7051650361882797, -0.17398412468247387], "world_orientation": [-0.0002272443574584356, 0.18145013630143722, 0.9834001201932975, -0.0007325720922852981, -0.9833999119144862, 0.18144992858833184, 0.9999997058490225, -0.0006791780111709996, 0.0003563973871039103], "world_rotation": [0.0, 1.0, 0.0, 0.0]}, {"color": "CVRed", "id_name": "object117826315410876", "shape": "CVBox", "id_string": "ob1332", "world_size": [0.11, 0.11, 0.11], "id": 1332, "camera_size": [45, 45], "camera_position": [256, 254], "world_position": [0.705, 0.6547388572526824, -0.15], "world_orientation": [1.0, -3.838362879530641e-17, 1.4813540171849057e-17, 3.838362879530641e-17, 1.0, 5.294293626938881e-18, -1.4813540171849057e-17, -5.294293626938881e-18, 1.0], "world_rotation": [-0.1276280613210114, 0.35710588544125776, 0.925303444577321, 4.1482206750932463e-17]}], "source": "action wait"}
{"timestamp": 1706069903.929072, "objects": [{"color": "cv_", "id_name": "hand", "shape": "CVCylinder", "id_string": "ob383", "world_size": [0.12, 0.005, 0.12], "id": 383, "camera_size": [51, 52], "camera_position": [246, 388], "world_position": [0.38702330532183793, 0.7381559609151014, -0.17400463937016813], "world_orientation": [-0.00012495835475713024, 0.1716096653550181, 0.9851650151838262, -0.0007438995630094523, -0.985164766238945, 0.17160952763411783, 0.9999997154993844, -0.0007114197800539256, 0.00025076492342012904], "world_rotation": [0.0, 1.0, 0.0, 0.0]}, {"color": "CVRed", "id_name": "object117826315410876", "shape": "CVBox", "id_string": "ob1332", "world_size": [0.11, 0.11, 0.11], "id": 1332, "camera_size": [45, 45], "camera_position": [256, 254], "world_position": [0.705, 0.6547388572526824, -0.15], "world_orientation": [1.0, -3.838362879530641e-17, 1.4813540171849057e-17, 3.838362879530641e-17, 1.0, 5.294293626938881e-18, -1.4813540171849057e-17, -5.294293626938881e-18, 1.0], "world_rotation": [-0.1276280613210114, 0.35710588544125776, 0.925303444577321, 4.1482206750932463e-17]}], "source": "action wait"}
{"timestamp": 1706069903.961241, "objects": [{"color": "cv_", "id_name": "hand", "shape": "CVCylinder", "id_string": "ob383", "world_size": [0.12, 0.005, 0.12], "id": 383, "camera_size": [52, 53], "camera_position": [245, 368], "world_position": [0.44102746512152957, 0.7659771996430692, -0.17402312955551463], "world_orientation": [-5.297283789624003e-05, 0.1646560909514314, 0.9863510373626991, -0.0007513183642168458, -0.9863507669124297, 0.16465600545372674, 0.9999997163572569, -0.000732341352049682, 0.00017595894419687296], "world_rotation": [0.0, 1.0, 0.0, 0.0]}, {"color": "CVRed", "id_name": "object117826315410876", "shape": "CVBox", "id_string": "ob1332", "world_size": [0.11, 0.11, 0.11], "id": 1332, "camera_size": [45, 45], "camera_position": [256, 254], "world_position": [0.705, 0.6547388572526824, -0.15], "world_orientation": [1.0, -3.838362879530641e-17, 1.4813540171849057e-17, 3.838362879530641e-17, 1.0, 5.294293626938881e-18, -1.4813540171849057e-17, -5.294293626938881e-18, 1.0], "world_rotation": [-0.1276280613210114, 0.35710588544125776, 0.925303444577321, 4.1482206750932463e-17]}], "source": "action wait"}
{"timestamp": 1706069903.996415, "objects": [{"color": "cv_", "id_name": "hand", "shape": "CVCylinder", "id_string": "ob383", "world_size": [0.12, 0.005, 0.12], "id": 383, "camera_size": [52, 53], "camera_position": [245, 344], "world_position": [0.4981434186181994, 0.7811358346482187, -0.17403839374741817], "world_orientation": [-9.164424470215269e-06, 0.14946466786188384, 0.9887670670976811, -0.0007643577334689714, -0.9887667793461526, 0.1494646172801173, 0.9999997078365916, -0.0007544019971398295, 0.00012330595322899258], "world_rotation": [0.0, 1.0, 0.0, 0.0]}, {"color": "CVRed", "id_name": "object117826315410876", "shape": "CVBox", "id_string": "ob1332", "world_size": [0.11, 0.11, 0.11], "id": 1332, "camera_size": [45, 45], "camera_position": [256, 254], "world_position": [0.705, 0.6547388572526824, -0.15], "world_orientation": [1.0, -3.838362879530641e-17, 1.4813540171849057e-17, 3.838362879530641e-17, 1.0, 5.294293626938881e-18, -1.4813540171849057e-17, -5.294293626938881e-18, 1.0], "world_rotation": [-0.1276280613210114, 0.35710588544125776, 0.925303444577321, 4.1482206750932463e-17]}], "source": "action wait"}
{"timestamp": 1706069904.0249, "objects": [{"color": "cv_", "id_name": "hand", "shape": "CVCylinder", "id_string": "ob383", "world_size": [0.12, 0.005, 0.12], "id": 383, "camera_size": [52, 53], "camera_position": [245, 318], "world_position": [0.5567696390701677, 0.7728507173201479, -0.17405023385280352], "world_orientation": [-2.3983839292143754e-06, 0.1107681713136072, 0.9938462719244296, -0.0007770589852707268, -0.9938459720812205, 0.11076813601964844, 0.9999996980867452, -0.0007720115110597654, 8.845702700920173e-05], "world_rotation": [0.0, 1.0, 0.0, 0.0]}, {"color": "CVRed", "id_name": "object117826315410876", "shape": "CVBox", "id_string": "ob1332", "world_size": [0.11, 0.11, 0.11], "id": 1332, "camera_size": [45, 45], "camera_position": [256, 254], "world_position": [0.705, 0.6547388572526824, -0.15], "world_orientation": [1.0, -3.838362879530641e-17, 1.4813540171849057e-17, 3.838362879530641e-17, 1.0, 5.294293626938881e-18, -1.4813540171849057e-17, -5.294293626938881e-18, 1.0], "world_rotation": [-0.1276280613210114, 0.35710588544125776, 0.925303444577321, 4.1482206750932463e-17]}], "source": "action wait"}
{"timestamp": 1706069904.050032, "objects": [{"color": "cv_", "id_name": "hand", "shape": "CVCylinder", "id_string": "ob383", "world_size": [0.12, 0.005, 0.12], "id": 383, "camera_size": [52, 52], "camera_position": [245, 298], "world_position": [0.6020960675919333, 0.7593921836758286, -0.17405584634351293], "world_orientation": [-1.6656318746764613e-05, 0.07766062779279144, 0.996979852661726, -0.0007752618788343113, -0.9969795541949215, 0.07766059159132961, 0.999999699345748, -0.0007716269341672512, 7.681333345316077e-05], "world_rotation": [0.0, 1.0, 0.0, 0.0]}, {"color": "CVRed", "id_name": "object117826315410876", "shape": "CVBox", "id_string": "ob1332", "world_size": [0.11, 0.11, 0.11], "id": 1332, "camera_size": [45, 45], "camera_position": [256, 254], "world_position": [0.705, 0.6547388572526824, -0.15], "world_orientation": [1.0, -3.838362879530641e-17, 1.4813540171849057e-17, 3.838362879530641e-17, 1.0, 5.294293626938881e-18, -1.4813540171849057e-17, -5.294293626938881e-18, 1.0], "world_rotation": [-0.1276280613210114, 0.35710588544125776, 0.925303444577321, 4.1482206750932463e-17]}], "source": "action wait"}
{"timestamp": 1706069904.084983, "objects": [{"color": "cv_", "id_name": "hand", "shape": "CVCylinder", "id_string": "ob383", "world_size": [0.12, 0.005, 0.12], "id": 383, "camera_size": [51, 51], "camera_position": [246, 284], "world_position": [0.6339128240501248, 0.7474406454528875, -0.1740635298613487], "world_orientation": [-2.2890803332262137e-05, 0.054266140659582504, 0.9985265071363532, -0.0007713939067720202, -0.9985262112702594, 0.05426610689649594, 0.9999997022136815, -0.000769015068575102, 6.471763737351516e-05], "world_rotation": [0.0, 1.0, 0.0, 0.0]}, {"color": "CVRed", "id_name": "object117826315410876", "shape": "CVBox", "id_string": "ob1332", "world_size": [0.11, 0.11, 0.11], "id": 1332, "camera_size": [45, 45], "camera_position": [256, 254], "world_position": [0.705, 0.6547388572526824, -0.15], "world_orientation": [1.0, -3.838362879530641e-17, 1.4813540171849057e-17, 3.838362879530641e-17, 1.0, 5.294293626938881e-18, -1.4813540171849057e-17, -5.294293626938881e-18, 1.0], "world_rotation": [-0.1276280613210114, 0.35710588544125776, 0.925303444577321, 4.1482206750932463e-17]}], "source": "action wait"}
{"timestamp": 1706069904.116035, "objects": [{"color": "cv_", "id_name": "hand", "shape": "CVCylinder", "id_string": "ob383", "world_size": [0.12, 0.005, 0.12], "id": 383, "camera_size": [51, 51], "camera_position": [246, 275], "world_position": [0.6561782557070257, 0.737823431801421, -0.17407141107781715], "world_orientation": [-2.422927227079361e-05, 0.0377580801629531, 0.9992869091483939, -0.0007679008007106929, -0.9992866155186093, 0.03775805044919034, 0.9999997048706079, -0.00076643836759035, 5.3206447474768216e-05], "world_rotation": [0.0, 1.0, 0.0, 0.0]}, {"color": "CVRed", "id_name": "object117826315410876", "shape": "CVBox", "id_string": "ob1332", "world_size": [0.11, 0.11, 0.11], "id": 1332, "camera_size": [45, 45], "camera_position": [256, 254], "world_position": [0.705, 0.6547388572526824, -0.15], "world_orientation": [1.0, -3.838362879530641e-17, 1.4813540171849057e-17, 3.838362879530641e-17, 1.0, 5.294293626938881e-18, -1.4813540171849057e-17, -5.294293626938881e-18, 1.0], "world_rotation": [-0.1276280613210114, 0.35710588544125776, 0.925303444577321, 4.1482206750932463e-17]}], "source": "action wait"}
{"timestamp": 1706069904.149827, "objects": [{"color": "cv_", "id_name": "hand", "shape": "CVCylinder", "id_string": "ob383", "world_size": [0.12, 0.005, 0.12], "id": 383, "camera_size": [51, 51], "camera_position": [246, 268], "world_position": [0.6717574098939217, 0.7304749630158437, -0.1740785243293463], "world_orientation": [-2.3039056281880863e-05, 0.02611678461015163, 0.9996588983402434, -0.0007653881585192646, -0.9996586062564429, 0.02611675933942157, 0.9999997068250415, -0.000764525377860048, 4.3020668571790654e-05], "world_rotation": [0.0, 1.0, 0.0, 0.0]}, {"color": "CVRed", "id_name": "object117826315410876", "shape": "CVBox", "id_string": "ob1332", "world_size": [0.11, 0.11, 0.11], "id": 1332, "camera_size": [45, 45], "camera_position": [256, 254], "world_position": [0.705, 0.6547388572526824, -0.15], "world_orientation": [1.0, -3.838362879530641e-17, 1.4813540171849057e-17, 3.838362879530641e-17, 1.0, 5.294293626938881e-18, -1.4813540171849057e-17, -5.294293626938881e-18, 1.0], "world_rotation": [-0.1276280613210114, 0.35710588544125776, 0.925303444577321, 4.1482206750932463e-17]}], "source": "action wait"}
{"timestamp": 1706069904.185302, "objects": [{"color": "cv_", "id_name": "hand", "shape": "CVCylinder", "id_string": "ob383", "world_size": [0.12, 0.005, 0.12], "id": 383, "camera_size": [51, 50], "camera_position": [246, 263], "world_position": [0.6826675824415144, 0.7250275715097964, -0.17408453758651493], "world_orientation": [-2.072989596508844e-05, 0.01791001169542091, 0.9998396026620177, -0.0007638039500782731, -0.9998393115089349, 0.01790999064391313, 0.9999997080868561, -0.000763310165715539, 3.440630258866719e-05], "world_rotation": [0.0, 1.0, 0.0, 0.0]}, {"color": "CVRed", "id_name": "object117826315410876", "shape": "CVBox", "id_string": "ob1332", "world_size": [0.11, 0.11, 0.11], "id": 1332, "camera_size": [45, 45], "camera_position": [256, 254], "world_position": [0.705, 0.6547388572526824, -0.15], "world_orientation": [1.0, -3.838362879530641e-17, 1.4813540171849057e-17, 3.838362879530641e-17, 1.0, 5.294293626938881e-18, -1.4813540171849057e-17, -5.294293626938881e-18, 1.0], "world_rotation": [-0.1276280613210114, 0.35710588544125776, 0.925303444577321, 4.1482206750932463e-17]}], "source": "action wait"}
{"timestamp": 1706069904.216684, "objects": [{"color": "cv_", "id_name": "hand", "shape": "CVCylinder", "id_string": "ob383", "world_size": [0.12, 0.005, 0.12], "id": 383, "camera_size": [51, 51], "camera_position": [246, 260], "world_position": [0.6903166551490606, 0.7210646900601801, -0.17408942684002227], "world_orientation": [-1.809314537942075e-05, 0.012125290777782308, 0.9999264857959272, -0.0007629150573392669, -0.9999261951286271, 0.01212527344855017, 0.9999997088165844, -0.0007626395879111631, 2.7342376926509685e-05], "world_rotation": [0.0, 1.0, 0.0, 0.0]}, {"color": "CVRed", "id_name": "object117826315410876", "shape": "CVBox", "id_string": "ob1332", "world_size": [0.11, 0.11, 0.11], "id": 1332, "camera_size": [45, 45], "camera_position": [256, 254], "world_position": [0.705, 0.6547388572526824, -0.15], "world_orientation": [1.0, -3.838362879530641e-17, 1.4813540171849057e-17, 3.838362879530641e-17, 1.0, 5.294293626938881e-18, -1.4813540171849057e-17, -5.294293626938881e-18, 1.0], "world_rotation": [-0.1276280613210114, 0.35710588544125776, 0.925303444577321, 4.1482206750932463e-17]}], "source": "action wait"}
{"timestamp": 1706069904.248171, "objects": [{"color": "cv_", "id_name": "hand", "shape": "CVCylinder", "id_string": "ob383", "world_size": [0.12, 0.005, 0.12], "id": 383, "camera_size": [51, 50], "camera_position": [246, 257], "world_position": [0.6956851896268474, 0.7182164037070737, -0.17409330298065837], "world_orientation": [-1.5541771673863436e-05, 0.008048027841103509, 0.999967613978734, -0.0007624872292062991, -0.9999673235108605, 0.00804801365254843, 0.9999997091857972, -0.0007623374548884167, 2.1677782272835504e-05], "world_rotation": [0.0, 1.0, 0.0, 0.0]}, {"color": "CVRed", "id_name": "object117826315410876", "shape": "CVBox", "id_string": "ob1332", "world_size": [0.11, 0.11, 0.11], "id": 1332, "camera_size": [45, 45], "camera_position": [256, 254], "world_position": [0.705, 0.6547388572526824, -0.15], "world_orientation": [1.0, -3.838362879530641e-17, 1.4813540171849057e-17, 3.838362879530641e-17, 1.0, 5.294293626938881e-18, -1.4813540171849057e-17, -5.294293626938881e-18, 1.0], "world_rotation": [-0.1276280613210114, 0.35710588544125776, 0.925303444577321, 4.1482206750932463e-17]}], "source": "action wait"}
{"timestamp": 1706069904.282144, "objects": [{"color": "cv_", "id_name": "hand", "shape": "CVCylinder", "id_string": "ob383", "world_size": [0.12, 0.005, 0.12], "id": 383, "camera_size": [50, 50], "camera_position": [245, 256], "world_position": [0.699456622645772, 0.7161853676899552, -0.17409632298890662], "world_orientation": [-1.3266710884532841e-05, 0.005174268180506848, 0.9999866132967933, -0.0007623385469150802, -0.9999863228609437, 0.00517425656383362, 0.999999709331925, -0.0007622596963497173, 1.7211073520325948e-05], "world_rotation": [0.0, 1.0, 0.0, 0.0]}, {"color": "CVRed", "id_name": "object117826315410876", "shape": "CVBox", "id_string": "ob1332", "world_size": [0.11, 0.11, 0.11], "id": 1332, "camera_size": [45, 45], "camera_position": [256, 254], "world_position": [0.705, 0.6547388572526824, -0.15], "world_orientation": [1.0, -3.838362879530641e-17, 1.4813540171849057e-17, 3.838362879530641e-17, 1.0, 5.294293626938881e-18, -1.4813540171849057e-17, -5.294293626938881e-18, 1.0], "world_rotation": [-0.1276280613210114, 0.35710588544125776, 0.925303444577321, 4.1482206750932463e-17]}], "source": "action wait"}
{"timestamp": 1706069904.31215, "objects": [{"color": "cv_", "id_name": "hand", "shape": "CVCylinder", "id_string": "ob383", "world_size": [0.12, 0.005, 0.12], "id": 383, "camera_size": [50, 50], "camera_position": [245, 255], "world_position": [0.7021080923431406, 0.714744643095359, -0.17409864679845993], "world_orientation": [-1.1334246853731988e-05, 0.003148745132252459, 0.9999950426255257, -0.0007623439232568383, -0.9999947521342347, 0.003148735576928201, 0.9999997093515965, -0.0007623044554865857, 1.3734614090948549e-05], "world_rotation": [0.0, 1.0, 0.0, 0.0]}, {"color": "CVRed", "id_name": "object117826315410876", "shape": "CVBox", "id_string": "ob1332", "world_size": [0.11, 0.11, 0.11], "id": 1332, "camera_size": [45, 45], "camera_position": [256, 254], "world_position": [0.705, 0.6547388572526824, -0.15], "world_orientation": [1.0, -3.838362879530641e-17, 1.4813540171849057e-17, 3.838362879530641e-17, 1.0, 5.294293626938881e-18, -1.4813540171849057e-17, -5.294293626938881e-18, 1.0], "world_rotation": [-0.1276280613210114, 0.35710588544125776, 0.925303444577321, 4.1482206750932463e-17]}], "source": "action wait"}
{"timestamp": 1706069904.349562, "objects": [{"color": "cv_", "id_name": "hand", "shape": "CVCylinder", "id_string": "ob383", "world_size": [0.12, 0.005, 0.12], "id": 383, "camera_size": [50, 50], "camera_position": [245, 254], "world_position": [0.7039733103026268, 0.7137261779229161, -0.17410041841911278], "world_orientation": [-9.744671748734298e-06, 0.0017210562370496096, 0.9999985189341384, -0.0007624240615502905, -0.9999982283495678, 0.0017210483073536531, 0.9999997093072537, -0.0007624061612995719, 1.1056829171355068e-05], "world_rotation": [0.0, 1.0, 0.0, 0.0]}, {"color": "CVRed", "id_name": "object117826315410876", "shape": "CVBox", "id_string": "ob1332", "world_size": [0.11, 0.11, 0.11], "id": 1332, "camera_size": [45, 45], "camera_position": [256, 254], "world_position": [0.705, 0.6547388572526824, -0.15], "world_orientation": [1.0, -3.838362879530641e-17, 1.4813540171849057e-17, 3.838362879530641e-17, 1.0, 5.294293626938881e-18, -1.4813540171849057e-17, -5.294293626938881e-18, 1.0], "world_rotation": [-0.1276280613210114, 0.35710588544125776, 0.925303444577321, 4.1482206750932463e-17]}], "source": "action wait"}
{"timestamp": 1706069904.380346, "objects": [{"color": "cv_", "id_name": "hand", "shape": "CVCylinder", "id_string": "ob383", "world_size": [0.12, 0.005, 0.12], "id": 383, "camera_size": [50, 50], "camera_position": [245, 253], "world_position": [0.7052860534793146, 0.7130078338266662, -0.17410175952325777], "world_orientation": [-8.466565600990695e-06, 0.0007147234629247327, 0.9999997445493117, -0.0007625321158762493, -0.9999994538621855, 0.0007147167991343378, 0.9999997092365025, -0.0007625258698906064, 9.01156057189402e-06], "world_rotation": [0.0, 1.0, 0.0, 0.0]}, {"color": "CVRed", "id_name": "object117826315410876", "shape": "CVBox", "id_string": "ob1332", "world_size": [0.11, 0.11, 0.11], "id": 1332, "camera_size": [45, 45], "camera_position": [256, 254], "world_position": [0.705, 0.6547388572526824, -0.15], "world_orientation": [1.0, -3.838362879530641e-17, 1.4813540171849057e-17, 3.838362879530641e-17, 1.0, 5.294293626938881e-18, -1.4813540171849057e-17, -5.294293626938881e-18, 1.0], "world_rotation": [-0.1276280613210114, 0.35710588544125776, 0.925303444577321, 4.1482206750932463e-17]}], "source": "action wait"}
{"timestamp": 1706069904.412995, "objects": [{"color": "cv_", "id_name": "hand", "shape": "CVCylinder", "id_string": "ob383", "world_size": [0.12, 0.005, 0.12], "id": 383, "camera_size": [50, 50], "camera_position": [245, 253], "world_position": [0.7062103118141777, 0.7125019016527774, -0.17410276908232175], "world_orientation": [-7.456159052056821e-06, 5.371305780858944e-06, 0.9999999999577774, -0.0007626424989863672, -0.9999997091737721, 5.365617835568062e-06, 0.99999970916037, -0.0007626424589476319, 7.4602532700380306e-06], "world_rotation": [0.0, 1.0, 0.0, 0.0]}, {"color": "CVRed", "id_name": "object117826315410876", "shape": "CVBox", "id_string": "ob1332", "world_size": [0.11, 0.11, 0.11], "id": 1332, "camera_size": [45, 45], "camera_position": [256, 254], "world_position": [0.705, 0.6547388572526824, -0.15], "world_orientation": [1.0, -3.838362879530641e-17, 1.4813540171849057e-17, 3.838362879530641e-17, 1.0, 5.294293626938881e-18, -1.4813540171849057e-17, -5.294293626938881e-18, 1.0], "world_rotation": [-0.1276280613210114, 0.35710588544125776, 0.925303444577321, 4.1482206750932463e-17]}], "source": "action wait"}
{"timestamp": 1706069904.447222, "objects": [{"color": "cv_", "id_name": "hand", "shape": "CVCylinder", "id_string": "ob383", "world_size": [0.12, 0.005, 0.12], "id": 383, "camera_size": [49, 50], "camera_position": [246, 253], "world_position": [0.7068612451222985, 0.7121458890148755, -0.1741035256435585], "world_orientation": [-6.667762636651592e-06, -0.0004946566307451771, 0.9999998776351718, -0.0007627427259740852, -0.9999995867666459, -0.0004946615726528396, 0.9999997090894953, -0.0007627459309275104, 6.290464134717997e-06], "world_rotation": [0.0, 1.0, 0.0, 0.0]}, {"color": "CVRed", "id_name": "object117826315410876", "shape": "CVBox", "id_string": "ob1332", "world_size": [0.11, 0.11, 0.11], "id": 1332, "camera_size": [45, 45], "camera_position": [256, 254], "world_position": [0.705, 0.6547388572526824, -0.15], "world_orientation": [1.0, -3.838362879530641e-17, 1.4813540171849057e-17, 3.838362879530641e-17, 1.0, 5.294293626938881e-18, -1.4813540171849057e-17, -5.294293626938881e-18, 1.0], "world_rotation": [-0.1276280613210114, 0.35710588544125776, 0.925303444577321, 4.1482206750932463e-17]}], "source": "action wait"}
{"timestamp": 1706069904.480687, "objects": [{"color": "cv_", "id_name": "hand", "shape": "CVCylinder", "id_string": "ob383", "world_size": [0.12, 0.005, 0.12], "id": 383, "camera_size": [49, 49], "camera_position": [246, 253], "world_position": [0.7072805087433868, 0.7119390286742083, -0.17410674372984955], "world_orientation": [-3.843470600176187e-06, -0.0008326502054293599, 0.9999996533393715, -0.000764454418858304, -0.9999993611490906, -0.0008326529002956822, 0.999999707797292, -0.0007644573541293657, 3.2069450162339196e-06], "world_rotation": [0.0, 1.0, 0.0, 0.0]}, {"color": "CVRed", "id_name": "object117826315410876", "shape": "CVBox", "id_string": "ob1332", "world_size": [0.11, 0.11, 0.11], "id": 1332, "camera_size": [45, 46], "camera_position": [256, 253], "world_position": [0.7051612548132075, 0.6546060211657274, -0.15000160776259835], "world_orientation": [0.999995755910981, 0.002913444669453193, 4.291055742229269e-07, -0.0029134446812289837, 0.9999957554420492, 3.062637185344846e-05, -3.3987551303718996e-07, -3.062749204775289e-05, 0.9999999995309208], "world_rotation": [-0.010511694223677568, 0.00013196382298604563, -0.9999447419083204, 0.0029136097979604128]}], "source": "action wait"}
{"timestamp": 1706069904.512875, "objects": [{"color": "cv_", "id_name": "hand", "shape": "CVCylinder", "id_string": "ob383", "world_size": [0.12, 0.005, 0.12], "id": 383, "camera_size": [49, 50], "camera_position": [246, 252], "world_position": [0.7075794178462135, 0.7117899625742844, -0.17410845335604486], "world_orientation": [-1.828391910109974e-06, -0.0010717958606096991, 0.9999994256249801, -0.0007655105544208217, -0.9999991326220724, -0.0010717969462239272, 0.9999997069950812, -0.0007655120743959137, 1.0079192810818084e-06], "world_rotation": [0.0, 1.0, 0.0, 0.0]}, {"color": "CVRed", "id_name": "object117826315410876", "shape": "CVBox", "id_string": "ob1332", "world_size": [0.11, 0.11, 0.11], "id": 1332, "camera_size": [45, 46], "camera_position": [256, 253], "world_position": [0.7052500264296292, 0.6545237771464263, -0.15000246444052912], "world_orientation": [0.9999898692689118, 0.004501261936441548, 7.241324661550768e-07, -0.0045012619655905, 0.9999898681566686, 4.716699969671209e-05, -5.118141089684608e-07, -4.7169781370449865e-05, 0.9999999988873749], "world_rotation": [-0.010478350534801574, 0.0001372813584471555, -0.9999450911544586, 0.004501524326608832]}], "source": "action wait"}
{"timestamp": 1706069905.584615, "objects": [{"color": "cv_", "id_name": "hand", "shape": "CVCylinder", "id_string": "ob383", "world_size": [0.12, 0.005, 0.12], "id": 383, "camera_size": [49, 50], "camera_position": [246, 252], "world_position": [0.7083040304585144, 0.7114371321992417, -0.17411287467149666], "world_orientation": [2.576471759657329e-06, -0.0016404455298200168, 0.9999986544650076, -0.0007679934663516493, -0.9999983595649439, -0.0016404430673353997, 0.9999997050896553, -0.0007679882064346803, -3.836318981574266e-06], "world_rotation": [0.0, 1.0, 0.0, 0.0]}, {"color": "CVRed", "id_name": "object117826315410876", "shape": "CVBox", "id_string": "ob1332", "world_size": [0.11, 0.11, 0.11], "id": 1332, "camera_size": [45, 46], "camera_position": [256, 253], "world_position": [0.7054646583989381, 0.6543336015474477, -0.15000469732104052], "world_orientation": [0.9999717405662977, 0.007517815877827492, -2.265471727777553e-05, -0.007517813033002672, 0.9999717332616722, 0.0001231456373400912, 2.3579863130490392e-05, -0.00012297184338530727, 0.9999999921609579], "world_rotation": [0.016366681634081334, 0.0030745750192027422, 0.9998613297456502, -0.007518927943233949]}], "source": "action wait"}
{"timestamp": 1706069905.612098, "objects": [{"color": "cv_", "id_name": "hand", "shape": "CVCylinder", "id_string": "ob383", "world_size": [0.12, 0.005, 0.12], "id": 383, "camera_size": [51, 50], "camera_position": [246, 251], "world_position": [0.7107169635068925, 0.7320943381819505, -0.174095398403435], "world_orientation": [2.1264976106196507e-05, 0.02866164329358791, 0.9995891704853108, -0.0007441800668073447, -0.999588893469483, 0.02866165118207159, 0.9999997228718761, -0.0007444838249995619, 7.318968573872735e-08], "world_rotation": [0.0, 1.0, 0.0, 0.0]}, {"color": "CVRed", "id_name": "object117826315410876", "shape": "CVBox", "id_string": "ob1332", "world_size": [0.11, 0.11, 0.11], "id": 1332, "camera_size": [46, 48], "camera_position": [252, 251], "world_position": [0.7105945902320097, 0.6757071982472025, -0.158646538366794], "world_orientation": [0.9996827136693618, -0.025188706936759363, -3.214832552472835e-05, 0.025188710358522208, 0.9996827079505092, 0.00011088377415054705, 2.9345106225514497e-05, -0.00011165836710487347, 0.999999993335637], "world_rotation": [0.0044174516295342635, 0.001220641891725969, -0.9999894980220908, -0.025191637610789668]}], "source": "action wait"}
{"timestamp": 1706069905.636451, "objects": [{"color": "cv_", "id_name": "hand", "shape": "CVCylinder", "id_string": "ob383", "world_size": [0.12, 0.005, 0.12], "id": 383, "camera_size": [52, 53], "camera_position": [245, 250], "world_position": [0.7141256608902137, 0.7809593711960735, -0.17411238204111737], "world_orientation": [7.569435717133444e-05, 0.09913236833134115, 0.9950742524150565, -0.0007265004382238551, -0.995073987212709, 0.09913239717526634, 0.9999997332337032, -0.0007304256435241927, -3.30177676468705e-06], "world_rotation": [0.0, 1.0, 0.0, 0.0]}, {"color": "CVRed", "id_name": "object117826315410876", "shape": "CVBox", "id_string": "ob1332", "world_size": [0.11, 0.11, 0.11], "id": 1332, "camera_size": [48, 53], "camera_position": [249, 248], "world_position": [0.7185810445150215, 0.7251403581727219, -0.1642252280274891], "world_orientation": [0.9952644332575081, -0.09720445718328292, -3.7367291950290545e-05, 0.09720446051314223, 0.9952644285032058, 0.0001010570932784739, 2.7367136570963913e-05, -0.00010421079812331653, 0.9999999941955747], "world_rotation": [0.0010558557088574708, 0.0003329805526184512, -0.999999387146149, -0.09735824932728185]}], "source": "action wait"}
{"timestamp": 1706069905.667314, "objects": [{"color": "cv_", "id_name": "hand", "shape": "CVCylinder", "id_string": "ob383", "world_size": [0.12, 0.005, 0.12], "id": 383, "camera_size": [55, 55], "camera_position": [245, 250], "world_position": [0.7131084002678193, 0.8508890456174083, -0.17411894514862783], "world_orientation": [0.00014926953696785578, 0.19838357241530186, 0.9801244491973191, -0.0007167706329510858, -0.9801241871166513, 0.19838362853013686, 0.9999997319791968, -0.0007321370541949272, -4.107164814263205e-06], "world_rotation": [0.0, 1.0, 0.0, 0.0]}, {"color": "CVRed", "id_name": "object117826315410876", "shape": "CVBox", "id_string": "ob1332", "world_size": [0.11, 0.11, 0.11], "id": 1332, "camera_size": [51, 60], "camera_position": [248, 245], "world_position": [0.7235149217812247, 0.7959416699916763, -0.16779150814927613], "world_orientation": [0.9803132151575414, -0.19744872300809185, -4.4384206622983704e-05, 0.19744872609480152, 0.9803132121470725, 8.156855389192036e-05, 2.740481735960014e-05, -8.87263363779762e-05, 0.9999999956883068], "world_rotation": [0.0004312382164236098, 0.00018179154178951751, -0.999999890492712, -0.19875474694194364]}], "source": "action wait"}
{"timestamp": 1706069905.701104, "objects": [{"color": "cv_", "id_name": "hand", "shape": "CVCylinder", "id_string": "ob383", "world_size": [0.12, 0.005, 0.12], "id": 383, "camera_size": [59, 57], "camera_position": [244, 254], "world_position": [0.7045953482913582, 0.920440785740121, -0.17411995777336614], "world_orientation": [0.00022322270033273822, 0.2956917768585184, 0.9552833732824404, -0.0007078745275129938, -0.9552831110194309, 0.2956918610897012, 0.9999997245426018, -0.0007422259022024237, -3.928198790359346e-06], "world_rotation": [0.0, 1.0, 0.0, 0.0]}, {"color": "CVRed", "id_name": "object117826315410876", "shape": "CVBox", "id_string": "ob1332", "world_size": [0.11, 0.11, 0.11], "id": 1332, "camera_size": [54, 67], "camera_position": [246, 246], "world_position": [0.7207026563312595, 0.8669107631051073, -0.17007099767339534], "world_orientation": [0.9553791560383454, -0.2953822370450228, -4.738920457734233e-05, 0.2953822395176376, 0.955379154662926, 5.842172486581471e-05, 2.8017918426356593e-05, -6.981282757362131e-05, 0.9999999971705829], "world_rotation": [0.00021706543548432952, 0.00012764328866160225, -0.9999999682948933, -0.29985559440501264]}], "source": "action wait"}
{"timestamp": 1706069905.736936, "objects": [{"color": "cv_", "id_name": "hand", "shape": "CVCylinder", "id_string": "ob383", "world_size": [0.12, 0.005, 0.12], "id": 383, "camera_size": [62, 59], "camera_position": [243, 262], "world_position": [0.6888657480388939, 0.9887049364498308, -0.1741198439122866], "world_orientation": [0.00029633248048880175, 0.39001155446066377, 0.9208099150064781, -0.0006881984860958806, -0.9208096578430187, 0.39001166701249695, 0.999999719284913, -0.0007492731141951211, -4.460448626459226e-06], "world_rotation": [0.0, 1.0, 0.0, 0.0]}, {"color": "CVRed", "id_name": "object117826315410876", "shape": "CVBox", "id_string": "ob1332", "world_size": [0.11, 0.11, 0.11], "id": 1332, "camera_size": [57, 75], "camera_position": [245, 251], "world_position": [0.710415037882779, 0.9371220620401983, -0.17152898661314125], "world_orientation": [0.9207790934827491, -0.3900844251203267, -4.778735215603993e-05, 0.3900844270637134, 0.9207790929515286, 4.178199263548191e-05, 2.7703090195200025e-05, -5.7113087189482705e-05, 0.999999997985317], "world_rotation": [0.00012676112137853594, 9.676167047684897e-05, -0.9999999872843984, -0.4007232861522295]}], "source": "action wait"}
{"timestamp": 1706069905.777415, "objects": [{"color": "cv_", "id_name": "hand", "shape": "CVCylinder", "id_string": "ob383", "world_size": [0.12, 0.005, 0.12], "id": 383, "camera_size": [66, 60], "camera_position": [242, 274], "world_position": [0.6661882353462687, 1.0549945676586903, -0.17411949282470665], "world_orientation": [0.0003673547790028306, 0.4803947925531072, 0.8770522836971144, -0.0006589916054864205, -0.877052036141468, 0.48039493297720076, 0.9999997153902246, -0.000754445466967147, -5.613121298348887e-06], "world_rotation": [0.0, 1.0, 0.0, 0.0]}, {"color": "CVRed", "id_name": "object117826315410876", "shape": "CVBox", "id_string": "ob1332", "world_size": [0.11, 0.11, 0.11], "id": 1332, "camera_size": [60, 83], "camera_position": [243, 260], "world_position": [0.6929005812101066, 1.0058724925518456, -0.17246175830580743], "world_orientation": [0.8768902943861061, -0.48069055476506073, -4.659513405115433e-05, 0.4806905562846884, 0.8768902942927579, 2.9561419772269188e-05, 2.664892554075231e-05, -4.831996299378538e-05, 0.999999998477508], "world_rotation": [8.100989440018931e-05, 7.618628897235896e-05, -0.9999999938165233, -0.5014420510067726]}], "source": "action wait"}
{"timestamp": 1706069905.811105, "objects": [{"color": "cv_", "id_name": "hand", "shape": "CVCylinder", "id_string": "ob383", "world_size": [0.12, 0.005, 0.12], "id": 383, "camera_size": [70, 61], "camera_position": [241, 290], "world_position": [0.6418568124653704, 1.1077762716211714, -0.17411806028189789], "world_orientation": [0.00043036595408348424, 0.5515623182942904, 0.8341335767267574, -0.0006382405231926175, -0.834133332579603, 0.5515624861506447, 0.9999997037170462, -0.0007697515660116217, -6.95316490647191e-06], "world_rotation": [0.0, 1.0, 0.0, 0.0]}, {"color": "CVRed", "id_name": "object117826315410876", "shape": "CVBox", "id_string": "ob1332", "world_size": [0.11, 0.11, 0.11], "id": 1332, "camera_size": [64, 89], "camera_position": [242, 272], "world_position": [0.672567665370136, 1.0611763626374073, -0.17305812241834], "world_orientation": [0.8338563856758744, -0.5519814549583572, -3.8073914826713514e-05, 0.551981455689747, 0.8338563859801738, 1.160654005698473e-05, 2.53415821498334e-05, -3.0694282471976305e-05, 0.9999999992078328], "world_rotation": [3.831724962868814e-05, 5.744350305042043e-05, -0.999999997616016, -0.5847386305956628]}], "source": "action wait"}
{"timestamp": 1706069905.839156, "objects": [{"color": "cv_", "id_name": "hand", "shape": "CVCylinder", "id_string": "ob383", "world_size": [0.12, 0.005, 0.12], "id": 383, "camera_size": [73, 61], "camera_position": [241, 303], "world_position": [0.6216345971860996, 1.1434389334868413, -0.1741183126451988], "world_orientation": [0.0004752095763428336, 0.5995183760309475, 0.8003608504775043, -0.0006174220269847687, -0.8003606123934459, 0.599518564282399, 0.9999996964829035, -0.0007790573815634396, -1.0183176592825812e-05], "world_rotation": [0.0, 1.0, 0.0, 0.0]}, {"color": "CVRed", "id_name": "object117826315410876", "shape": "CVBox", "id_string": "ob1332", "world_size": [0.11, 0.11, 0.11], "id": 1332, "camera_size": [67, 93], "camera_position": [242, 283], "world_position": [0.6549766623672444, 1.0989114188186668, -0.17344089496101397], "world_orientation": [0.7999960881479924, -0.6000052150356181, -2.9630581193344894e-05, 0.6000052153598108, 0.7999960884491769, 2.6540338820704607e-06, 2.211191488302816e-05, -1.990171997361786e-05, 0.9999999995574924], "world_rotation": [1.879629814826149e-05, 4.311837189788659e-05, -0.9999999988937526, -0.6435076286360609]}], "source": "action wait"}
{"timestamp": 1706069905.873615, "objects": [{"color": "cv_", "id_name": "hand", "shape": "CVCylinder", "id_string": "ob383", "world_size": [0.12, 0.005, 0.12], "id": 383, "camera_size": [75, 62], "camera_position": [241, 313], "world_position": [0.6059680988055726, 1.1676941422680085, -0.17411959359907786], "world_orientation": [0.0005052188521475125, 0.6321112034506203, 0.7748775201450353, -0.0005975328169816462, -0.7748772898791235, 0.6321114052001577, 0.9999996938541752, -0.0007823693459926389, -1.3775426903885737e-05], "world_rotation": [0.0, 1.0, 0.0, 0.0]}, {"color": "CVRed", "id_name": "object117826315410876", "shape": "CVBox", "id_string": "ob1332", "world_size": [0.11, 0.11, 0.11], "id": 1332, "camera_size": [68, 96], "camera_position": [241, 292], "world_position": [0.6410641239149144, 1.124757077044319, -0.1736868201978822], "world_orientation": [0.7744500939473897, -0.6326350064594571, -2.422648137788052e-05, 0.6326350066525764, 0.7744500941684587, 4.006062536032727e-07, 1.850876324463397e-05, -1.5636769758402927e-05, 0.9999999997064586], "world_rotation": [1.2675062109569071e-05, 3.3775592681276684e-05, -0.9999999993492761, -0.6849509260689812]}], "source": "action wait"}
{"timestamp": 1706069905.901326, "objects": [{"color": "cv_", "id_name": "hand", "shape": "CVCylinder", "id_string": "ob383", "world_size": [0.12, 0.005, 0.12], "id": 383, "camera_size": [76, 62], "camera_position": [240, 321], "world_position": [0.5942715066742722, 1.184328477011421, -0.1741210457629705], "world_orientation": [0.0005249357927221654, 0.6544504530965456, 0.756104707619348, -0.0005806783864973315, -0.7561044848311125, 0.6544506634047287, 0.9999996936274658, -0.0007825982394353842, -1.688107397854106e-05], "world_rotation": [0.0, 1.0, 0.0, 0.0]}, {"color": "CVRed", "id_name": "object117826315410876", "shape": "CVBox", "id_string": "ob1332", "world_size": [0.11, 0.11, 0.11], "id": 1332, "camera_size": [69, 98], "camera_position": [241, 299], "world_position": [0.6305527463009326, 1.142568961378634, -0.17384472690962346], "world_orientation": [0.7556337945006416, -0.6549943268105128, -2.1321475803136434e-05, 0.654994326976731, 0.7556337946565702, 1.1006613726616509e-06, 1.5390300713969378e-05, -1.4797142623310613e-05, 0.9999999997720916], "world_rotation": [1.213583334679835e-05, 2.802449959688625e-05, -0.9999999995336745, -0.7141751131104002]}], "source": "action wait"}
{"timestamp": 1706069905.934896, "objects": [{"color": "cv_", "id_name": "hand", "shape": "CVCylinder", "id_string": "ob383", "world_size": [0.12, 0.005, 0.12], "id": 383, "camera_size": [78, 63], "camera_position": [240, 328], "world_position": [0.5857267034848688, 1.1958194159677704, -0.17412232083597046], "world_orientation": [0.0005377565882635447, 0.6698712536218904, 0.7424770800428041, -0.0005672382451290148, -0.7424768636139231, 0.6698714691930128, 0.9999996945292658, -0.0007813891917803361, -1.9295230674271494e-05], "world_rotation": [0.0, 1.0, 0.0, 0.0]}, {"color": "CVRed", "id_name": "object117826315410876", "shape": "CVBox", "id_string": "ob1332", "world_size": [0.11, 0.11, 0.11], "id": 1332, "camera_size": [70, 99], "camera_position": [240, 305], "world_position": [0.6228185001340211, 1.1549137052824114, -0.17394604956261328], "world_orientation": [0.7419764805076501, -0.6704259108730398, -2.0088197669868925e-05, 0.6704259110486369, 0.7419764806152755, 2.8939390159271327e-06, 1.2964798508229348e-05, -1.5614882909988362e-05, 0.9999999997940447], "world_rotation": [1.3803778774005163e-05, 2.4650744865704845e-05, -0.9999999996008982, -0.7347826612444219]}], "source": "action wait"}
