{"timestamp": 1706069261.91789, "objects": [{"color": "cv_", "id_name": "hand", "shape": "CVCylinder", "id_string": "ob383", "world_size": [0.12, 0.005, 0.12], "id": 383, "camera_size": [48, 50], "camera_position": [246, 426], "world_position": [0.26764451554000895, 0.6334703013849515, -0.17389260400847822], "world_orientation": [-0.0006415513913539879, 0.19791547486687955, 0.9802188802609496, -0.0007473675736075938, -0.9802189031248735, 0.19791499033266804, 0.9999995149266436, -0.0006056111687275324, 0.0007767764093623263], "world_rotation": [0.0, 1.0, 0.0, 0.0]}, {"color": "CVRed", "id_name": "object129426839632558", "shape": "CVSphere", "id_string": "ob1094", "world_size": [0.1, 0.1, 0.1], "id": 1094, "camera_size": [41, 41], "camera_position": [256, 254], "world_position": [0.705, 0.6498037994254439, -0.15], "world_orientation": [1.0, 8.100187187665134e-17, -1.2653630886983698e-17, -8.100187187665134e-17, 1.0, -1.9397816686250694e-16, 1.2653630886983698e-17, 1.9397816686250694e-16, 1.0], "world_rotation": [-0.9211093596285536, 0.06008602943210125, 0.38463907325148433, -2.1059189642881336e-16]}], "source": "action wait"}
{"timestamp": 1706069261.949962, "objects": [{"color": "cv_", "id_name": "hand", "shape": "CVCylinder", "id_string": "ob383", "world_size": [0.12, 0.005, 0.12], "id": 383, "camera_size": [49, 51], "camera_position": [246, 421], "world_position": [0.2907378689917729, 0.667408564348871, -0.17395628232994442], "world_orientation": [-0.0003854753189521551, 0.19477376719164602, 0.9808481182235875, -0.0007160869181645014, -0.9808479933804934, 0.194773460977068, 0.9999996693140975, -0.0006272921441729179, 0.0005175676397799106], "world_rotation": [0.0, 1.0, 0.0, 0.0]}, {"color": "CVRed", "id_name": "object129426839632558", "shape": "CVSphere", "id_string": "ob1094", "world_size": [0.1, 0.1, 0.1], "id": 1094, "camera_size": [41, 41], "camera_position": [256, 254], "world_position": [0.705, 0.6498037994254439, -0.15], "world_orientation": [1.0, 8.100187187665134e-17, -1.2653630886983698e-17, -8.100187187665134e-17, 1.0, -1.9397816686250694e-16, 1.2653630886983698e-17, 1.9397816686250694e-16, 1.0], "world_rotation": [-0.9211093596285536, 0.06008602943210125, 0.38463907325148433, -2.1059189642881336e-16]}], "source": "action wait"}
{"timestamp": 1706069261.984529, "objects": [{"color": "cv_", "id_name": "hand", "shape": "CVCylinder", "id_string": "ob383", "world_size": [0.12, 0.005, 0.12], "id": 383, "camera_size": [51, 52], "camera_position": [246, 406], "world_position": [0.3365231363100209, 0.7050592906337844, -0.173984150899327], "world_orientation": [-0.00022792856024528757, 0.18056960461029917, 0.9835621820400842, -0.0007327402512000264, -0.9835619737047919, 0.18056939655893714, 0.9999997055701046, -0.0006795386777571544, 0.00035649248202021034], "world_rotation": [0.0, 1.0, 0.0, 0.0]}, {"color": "CVRed", "id_name": "object129426839632558", "shape": "CVSphere", "id_string": "ob1094", "world_size": [0.1, 0.1, 0.1], "id": 1094, "camera_size": [41, 41], "camera_position": [256, 254], "world_position": [0.705, 0.6498037994254439, -0.15], "world_orientation": [1.0, 8.100187187665134e-17, -1.2653630886983698e-17, -8.100187187665134e-17, 1.0, -1.9397816686250694e-16, 1.2653630886983698e-17, 1.9397816686250694e-16, 1.0], "world_rotation": [-0.9211093596285536, 0.06008602943210125, 0.38463907325148433, -2.1059189642881336e-16]}], "source": "action wait"}
{"timestamp": 1706069262.018645, "objects": [{"color": "cv_", "id_name": "hand", "shape": "CVCylinder", "id_string": "ob383", "world_size": [0.12, 0.005, 0.12], "id": 383, "camera_size": [51, 52], "camera_position": [246, 388], "world_position": [0.38690247608028916, 0.7380134678070147, -0.17400465932219822], "world_orientation": [-0.0001258852758908485, 0.1704591745288549, 0.9853647314430525, -0.000744089387089477, -0.9853644824345296, 0.17045903639149293, 0.9999997152419002, -0.000711741156255116, 0.00025087974242368874], "world_rotation": [0.0, 1.0, 0.0, 0.0]}, {"color": "CVRed", "id_name": "object129426839632558", "shape": "CVSphere", "id_string": "ob1094", "world_size": [0.1, 0.1, 0.1], "id": 1094, "camera_size": [41, 41], "camera_position": [256, 254], "world_position": [0.705, 0.6498037994254439, -0.15], "world_orientation": [1.0, 8.100187187665134e-17, -1.2653630886983698e-17, -8.100187187665134e-17, 1.0, -1.9397816686250694e-16, 1.2653630886983698e-17, 1.9397816686250694e-16, 1.0], "world_rotation": [-0.9211093596285536, 0.06008602943210125, 0.38463907325148433, -2.1059189642881336e-16]}], "source": "action wait"}
{"timestamp": 1706069262.051727, "objects": [{"color": "cv_", "id_name": "hand", "shape": "CVCylinder", "id_string": "ob383", "world_size": [0.12, 0.005, 0.12], "id": 383, "camera_size": [52, 53], "camera_position": [245, 368], "world_position": [0.440886298936453, 0.7658092136302715, -0.17402314052392576], "world_orientation": [-5.4065827755536415e-05, 0.16331461602393085, 0.9865740384126486, -0.0007515176820317223, -0.9865737678921841, 0.16331453005838972, 0.9999997161489896, -0.0007325980992487314, 0.0001760737490796135], "world_rotation": [0.0, 1.0, 0.0, 0.0]}, {"color": "CVRed", "id_name": "object129426839632558", "shape": "CVSphere", "id_string": "ob1094", "world_size": [0.1, 0.1, 0.1], "id": 1094, "camera_size": [41, 41], "camera_position": [256, 254], "world_position": [0.705, 0.6498037994254439, -0.15], "world_orientation": [1.0, 8.100187187665134e-17, -1.2653630886983698e-17, -8.100187187665134e-17, 1.0, -1.9397816686250694e-16, 1.2653630886983698e-17, 1.9397816686250694e-16, 1.0], "world_rotation": [-0.9211093596285536, 0.06008602943210125, 0.38463907325148433, -2.1059189642881336e-16]}], "source": "action wait"}
{"timestamp": 1706069262.086982, "objects": [{"color": "cv_", "id_name": "hand", "shape": "CVCylinder", "id_string": "ob383", "world_size": [0.12, 0.005, 0.12], "id": 383, "camera_size": [52, 53], "camera_position": [245, 344], "world_position": [0.4979751815269843, 0.781339554233134, -0.17403842302063338], "world_orientation": [-9.96710736160056e-06, 0.14854029980661873, 0.9889063551388556, -0.0007643213900809867, -0.988906067466314, 0.14854024889275996, 0.9999997078566921, -0.0007543617634117299, 0.00012338906137663054], "world_rotation": [0.0, 1.0, 0.0, 0.0]}, {"color": "CVRed", "id_name": "object129426839632558", "shape": "CVSphere", "id_string": "ob1094", "world_size": [0.1, 0.1, 0.1], "id": 1094, "camera_size": [41, 41], "camera_position": [256, 254], "world_position": [0.705, 0.6498037994254439, -0.15], "world_orientation": [1.0, 8.100187187665134e-17, -1.2653630886983698e-17, -8.100187187665134e-17, 1.0, -1.9397816686250694e-16, 1.2653630886983698e-17, 1.9397816686250694e-16, 1.0], "world_rotation": [-0.9211093596285536, 0.06008602943210125, 0.38463907325148433, -2.1059189642881336e-16]}], "source": "action wait"}
{"timestamp": 1706069262.148721, "objects": [{"color": "cv_", "id_name": "hand", "shape": "CVCylinder", "id_string": "ob383", "world_size": [0.12, 0.005, 0.12], "id": 383, "camera_size": [52, 53], "camera_position": [245, 318], "world_position": [0.601958582009815, 0.7600369173023147, -0.17405585477303057], "world_orientation": [-1.7014260701755346e-05, 0.07720525106529745, 0.9970152200034158, -0.0007752942388596616, -0.9970149215225692, 0.07720521472147247, 0.9999996993146341, -0.0007716665664735677, 7.682025815935528e-05], "world_rotation": [0.0, 1.0, 0.0, 0.0]}, {"color": "CVRed", "id_name": "object129426839632558", "shape": "CVSphere", "id_string": "ob1094", "world_size": [0.1, 0.1, 0.1], "id": 1094, "camera_size": [41, 41], "camera_position": [256, 254], "world_position": [0.705, 0.6498037994254439, -0.15], "world_orientation": [1.0, 8.100187187665134e-17, -1.2653630886983698e-17, -8.100187187665134e-17, 1.0, -1.9397816686250694e-16, 1.2653630886983698e-17, 1.9397816686250694e-16, 1.0], "world_rotation": [-0.9211093596285536, 0.06008602943210125, 0.38463907325148433, -2.1059189642881336e-16]}], "source": "action wait"}
{"timestamp": 1706069262.182161, "objects": [{"color": "cv_", "id_name": "hand", "shape": "CVCylinder", "id_string": "ob383", "world_size": [0.12, 0.005, 0.12], "id": 383, "camera_size": [51, 51], "camera_position": [246, 284], "world_position": [0.6338022790200633, 0.7482091782466745, -0.17406353110103273], "world_orientation": [-2.3138145180534066e-05, 0.05394441104928019, 0.99854393993513, -0.0007714346345116926, -0.9985436440428285, 0.05394437718867499, 0.9999997021765711, -0.0007690632065170053, 6.47190348270958e-05], "world_rotation": [0.0, 1.0, 0.0, 0.0]}, {"color": "CVRed", "id_name": "object129426839632558", "shape": "CVSphere", "id_string": "ob1094", "world_size": [0.1, 0.1, 0.1], "id": 1094, "camera_size": [41, 41], "camera_position": [256, 254], "world_position": [0.705, 0.6498037994254439, -0.15], "world_orientation": [1.0, 8.100187187665134e-17, -1.2653630886983698e-17, -8.100187187665134e-17, 1.0, -1.9397816686250694e-16, 1.2653630886983698e-17, 1.9397816686250694e-16, 1.0], "world_rotation": [-0.9211093596285536, 0.06008602943210125, 0.38463907325148433, -2.1059189642881336e-16]}], "source": "action wait"}
{"timestamp": 1706069262.209687, "objects": [{"color": "cv_", "id_name": "hand", "shape": "CVCylinder", "id_string": "ob383", "world_size": [0.12, 0.005, 0.12], "id": 383, "camera_size": [51, 51], "camera_position": [246, 275], "world_position": [0.656090492537235, 0.7386781988793447, -0.17407140915853422], "world_orientation": [-2.4410025433454562e-05, 0.03753094391468134, 0.9992954656421813, -0.0007679423115595944, -0.9992951719834359, 0.03753091412691391, 0.9999997048343349, -0.00076648513924825, 5.321442038887559e-05], "world_rotation": [0.0, 1.0, 0.0, 0.0]}, {"color": "CVRed", "id_name": "object129426839632558", "shape": "CVSphere", "id_string": "ob1094", "world_size": [0.1, 0.1, 0.1], "id": 1094, "camera_size": [41, 41], "camera_position": [256, 254], "world_position": [0.705, 0.6498037994254439, -0.15], "world_orientation": [1.0, 8.100187187665134e-17, -1.2653630886983698e-17, -8.100187187665134e-17, 1.0, -1.9397816686250694e-16, 1.2653630886983698e-17, 1.9397816686250694e-16, 1.0], "world_rotation": [-0.9211093596285536, 0.06008602943210125, 0.38463907325148433, -2.1059189642881336e-16]}], "source": "action wait"}
{"timestamp": 1706069262.250028, "objects": [{"color": "cv_", "id_name": "hand", "shape": "CVCylinder", "id_string": "ob383", "world_size": [0.12, 0.005, 0.12], "id": 383, "camera_size": [51, 51], "camera_position": [246, 268], "world_position": [0.6716875107335829, 0.7313899582432839, -0.17407852152811318], "world_orientation": [-2.3174514588920465e-05, 0.02595648754062798, 0.9996630733489635, -0.0007654259379115194, -0.9996627812380505, 0.02595646221154646, 0.9999997067929948, -0.0007645665171017991, 4.303446852884944e-05], "world_rotation": [0.0, 1.0, 0.0, 0.0]}, {"color": "CVRed", "id_name": "object129426839632558", "shape": "CVSphere", "id_string": "ob1094", "world_size": [0.1, 0.1, 0.1], "id": 1094, "camera_size": [41, 41], "camera_position": [256, 254], "world_position": [0.705, 0.6498037994254439, -0.15], "world_orientation": [1.0, 8.100187187665134e-17, -1.2653630886983698e-17, -8.100187187665134e-17, 1.0, -1.9397816686250694e-16, 1.2653630886983698e-17, 1.9397816686250694e-16, 1.0], "world_rotation": [-0.9211093596285536, 0.06008602943210125, 0.38463907325148433, -2.1059189642881336e-16]}], "source": "action wait"}
{"timestamp": 1706069262.284197, "objects": [{"color": "cv_", "id_name": "hand", "shape": "CVCylinder", "id_string": "ob383", "world_size": [0.12, 0.005, 0.12], "id": 383, "camera_size": [51, 50], "camera_position": [246, 263], "world_position": [0.6826111296536271, 0.7259847320592002, -0.17408453502495824], "world_orientation": [-2.0820206497985002e-05, 0.017796904384689442, 0.9998416223386788, -0.000763835872186072, -0.999841331161953, 0.017796883296084896, 0.9999997080605971, -0.0007633443628621171, 3.441081696327414e-05], "world_rotation": [0.0, 1.0, 0.0, 0.0]}, {"color": "CVRed", "id_name": "object129426839632558", "shape": "CVSphere", "id_string": "ob1094", "world_size": [0.1, 0.1, 0.1], "id": 1094, "camera_size": [41, 41], "camera_position": [256, 254], "world_position": [0.705, 0.6498037994254439, -0.15], "world_orientation": [1.0, 8.100187187665134e-17, -1.2653630886983698e-17, -8.100187187665134e-17, 1.0, -1.9397816686250694e-16, 1.2653630886983698e-17, 1.9397816686250694e-16, 1.0], "world_rotation": [-0.9211093596285536, 0.06008602943210125, 0.38463907325148433, -2.1059189642881336e-16]}], "source": "action wait"}
{"timestamp": 1706069262.316593, "objects": [{"color": "cv_", "id_name": "hand", "shape": "CVCylinder", "id_string": "ob383", "world_size": [0.12, 0.005, 0.12], "id": 383, "camera_size": [51, 51], "camera_position": [246, 260], "world_position": [0.6902700805466819, 0.7220514276225444, -0.1740894249875896], "world_orientation": [-1.8160491971986816e-05, 0.012045487320929124, 0.9999274503209711, -0.0007629411559446876, -0.9999271596342243, 0.012045469962819903, 0.9999997087954522, -0.000762667053148506, 2.7349167176023518e-05], "world_rotation": [0.0, 1.0, 0.0, 0.0]}, {"color": "CVRed", "id_name": "object129426839632558", "shape": "CVSphere", "id_string": "ob1094", "world_size": [0.1, 0.1, 0.1], "id": 1094, "camera_size": [41, 41], "camera_position": [256, 254], "world_position": [0.705, 0.6498037994254439, -0.15], "world_orientation": [1.0, 8.100187187665134e-17, -1.2653630886983698e-17, -8.100187187665134e-17, 1.0, -1.9397816686250694e-16, 1.2653630886983698e-17, 1.9397816686250694e-16, 1.0], "world_rotation": [-0.9211093596285536, 0.06008602943210125, 0.38463907325148433, -2.1059189642881336e-16]}], "source": "action wait"}
{"timestamp": 1706069262.347905, "objects": [{"color": "cv_", "id_name": "hand", "shape": "CVCylinder", "id_string": "ob383", "world_size": [0.12, 0.005, 0.12], "id": 383, "camera_size": [51, 50], "camera_position": [246, 257], "world_position": [0.6956457622766402, 0.7192239193525133, -0.17409330196039932], "world_orientation": [-1.5591446989781133e-05, 0.007991723998006843, 0.9999680655423185, -0.0007625079435782265, -0.999967775058931, 0.007991709787488137, 0.9999997091692291, -0.0007623589909814026, 2.1684697588052618e-05], "world_rotation": [0.0, 1.0, 0.0, 0.0]}, {"color": "CVRed", "id_name": "object129426839632558", "shape": "CVSphere", "id_string": "ob1094", "world_size": [0.1, 0.1, 0.1], "id": 1094, "camera_size": [41, 41], "camera_position": [256, 254], "world_position": [0.705, 0.6498037994254439, -0.15], "world_orientation": [1.0, 8.100187187665134e-17, -1.2653630886983698e-17, -8.100187187665134e-17, 1.0, -1.9397816686250694e-16, 1.2653630886983698e-17, 1.9397816686250694e-16, 1.0], "world_rotation": [-0.9211093596285536, 0.06008602943210125, 0.38463907325148433, -2.1059189642881336e-16]}], "source": "action wait"}
{"timestamp": 1706069262.377292, "objects": [{"color": "cv_", "id_name": "hand", "shape": "CVCylinder", "id_string": "ob383", "world_size": [0.12, 0.005, 0.12], "id": 383, "camera_size": [50, 50], "camera_position": [245, 256], "world_position": [0.6994223160229784, 0.7172074965927506, -0.17409632276200795], "world_orientation": [-1.3297010036435343e-05, 0.005134544532330278, 0.9999868180509357, -0.0007623546185560348, -0.9999865276028949, 0.005134532903821964, 0.9999997093192704, -0.000762276295301102, 1.7211174632605856e-05], "world_rotation": [0.0, 1.0, 0.0, 0.0]}, {"color": "CVRed", "id_name": "object129426839632558", "shape": "CVSphere", "id_string": "ob1094", "world_size": [0.1, 0.1, 0.1], "id": 1094, "camera_size": [41, 41], "camera_position": [256, 254], "world_position": [0.705, 0.6498037994254439, -0.15], "world_orientation": [1.0, 8.100187187665134e-17, -1.2653630886983698e-17, -8.100187187665134e-17, 1.0, -1.9397816686250694e-16, 1.2653630886983698e-17, 1.9397816686250694e-16, 1.0], "world_rotation": [-0.9211093596285536, 0.06008602943210125, 0.38463907325148433, -2.1059189642881336e-16]}], "source": "action wait"}
{"timestamp": 1706069262.406298, "objects": [{"color": "cv_", "id_name": "hand", "shape": "CVCylinder", "id_string": "ob383", "world_size": [0.12, 0.005, 0.12], "id": 383, "camera_size": [50, 50], "camera_position": [245, 255], "world_position": [0.7020774309075535, 0.7157770581033764, -0.1740986472621799], "world_orientation": [-1.1350796998483943e-05, 0.0031207192204735423, 0.9999951304794972, -0.0007623562301891321, -0.9999948399787837, 0.0031207096605053897, 0.9999997093420266, -0.0007623170953383528, 1.3729838168894893e-05], "world_rotation": [0.0, 1.0, 0.0, 0.0]}, {"color": "CVRed", "id_name": "object129426839632558", "shape": "CVSphere", "id_string": "ob1094", "world_size": [0.1, 0.1, 0.1], "id": 1094, "camera_size": [41, 41], "camera_position": [256, 254], "world_position": [0.705, 0.6498037994254439, -0.15], "world_orientation": [1.0, 8.100187187665134e-17, -1.2653630886983698e-17, -8.100187187665134e-17, 1.0, -1.9397816686250694e-16, 1.2653630886983698e-17, 1.9397816686250694e-16, 1.0], "world_rotation": [-0.9211093596285536, 0.06008602943210125, 0.38463907325148433, -2.1059189642881336e-16]}], "source": "action wait"}
{"timestamp": 1706069262.442101, "objects": [{"color": "cv_", "id_name": "hand", "shape": "CVCylinder", "id_string": "ob383", "world_size": [0.12, 0.005, 0.12], "id": 383, "camera_size": [50, 50], "camera_position": [245, 254], "world_position": [0.703945232634623, 0.7147658376232908, -0.17410041945415602], "world_orientation": [-9.751919991937771e-06, 0.0017012832329739785, 0.9999985527690834, -0.0007624333974630412, -0.9999982621773182, 0.0017012753033944915, 0.9999997093000651, -0.0007624157033455869, 1.1049018200558672e-05], "world_rotation": [0.0, 1.0, 0.0, 0.0]}, {"color": "CVRed", "id_name": "object129426839632558", "shape": "CVSphere", "id_string": "ob1094", "world_size": [0.1, 0.1, 0.1], "id": 1094, "camera_size": [41, 41], "camera_position": [256, 254], "world_position": [0.705, 0.6498037994254439, -0.15], "world_orientation": [1.0, 8.100187187665134e-17, -1.2653630886983698e-17, -8.100187187665134e-17, 1.0, -1.9397816686250694e-16, 1.2653630886983698e-17, 1.9397816686250694e-16, 1.0], "world_rotation": [-0.9211093596285536, 0.06008602943210125, 0.38463907325148433, -2.1059189642881336e-16]}], "source": "action wait"}
{"timestamp": 1706069262.478156, "objects": [{"color": "cv_", "id_name": "hand", "shape": "CVCylinder", "id_string": "ob383", "world_size": [0.12, 0.005, 0.12], "id": 383, "camera_size": [50, 50], "camera_position": [245, 253], "world_position": [0.7052598020716998, 0.7140525983622643, -0.17410176101631286], "world_orientation": [-8.467959481625265e-06, 0.0007007729590487957, 0.9999997544227467, -0.0007625391524454081, -0.9999994637301745, 0.0007007662981873859, 0.999999709231125, -0.0007625330311228987, 9.00232175912875e-06], "world_rotation": [0.0, 1.0, 0.0, 0.0]}, {"color": "CVRed", "id_name": "object129426839632558", "shape": "CVSphere", "id_string": "ob1094", "world_size": [0.1, 0.1, 0.1], "id": 1094, "camera_size": [41, 41], "camera_position": [256, 254], "world_position": [0.705, 0.6498037994254439, -0.15], "world_orientation": [1.0, 8.100187187665134e-17, -1.2653630886983698e-17, -8.100187187665134e-17, 1.0, -1.9397816686250694e-16, 1.2653630886983698e-17, 1.9397816686250694e-16, 1.0], "world_rotation": [-0.9211093596285536, 0.06008602943210125, 0.38463907325148433, -2.1059189642881336e-16]}], "source": "action wait"}
{"timestamp": 1706069262.513242, "objects": [{"color": "cv_", "id_name": "hand", "shape": "CVCylinder", "id_string": "ob383", "world_size": [0.12, 0.005, 0.12], "id": 383, "camera_size": [50, 50], "camera_position": [245, 253], "world_position": [0.7061853488694454, 0.7135502643728863, -0.17410277093495485], "world_orientation": [-7.454231033516556e-06, -4.471378911746394e-06, 0.9999999999622208, -0.0007626477818417463, -0.9999997091741162, -4.477062563888033e-06, 0.9999997091563554, -0.0007626478151863794, 7.450818778788953e-06], "world_rotation": [0.0, 1.0, 0.0, 0.0]}, {"color": "CVRed", "id_name": "object129426839632558", "shape": "CVSphere", "id_string": "ob1094", "world_size": [0.1, 0.1, 0.1], "id": 1094, "camera_size": [41, 41], "camera_position": [256, 254], "world_position": [0.705, 0.6498037994254439, -0.15], "world_orientation": [1.0, 8.100187187665134e-17, -1.2653630886983698e-17, -8.100187187665134e-17, 1.0, -1.9397816686250694e-16, 1.2653630886983698e-17, 1.9397816686250694e-16, 1.0], "world_rotation": [-0.9211093596285536, 0.06008602943210125, 0.38463907325148433, -2.1059189642881336e-16]}], "source": "action wait"}
{"timestamp": 1706069262.548653, "objects": [{"color": "cv_", "id_name": "hand", "shape": "CVCylinder", "id_string": "ob383", "world_size": [0.12, 0.005, 0.12], "id": 383, "camera_size": [50, 50], "camera_position": [245, 253], "world_position": [0.7068371901425574, 0.7131967885378339, -0.17410352777437174], "world_orientation": [-6.664129215572953e-06, -0.0005016012167376395, 0.9999998741758964, -0.0007627466864830868, -0.9999995833042926, -0.0005016061538788271, 0.9999997090864987, -0.0007627499332797837, 6.281531773020706e-06], "world_rotation": [0.0, 1.0, 0.0, 0.0]}, {"color": "CVRed", "id_name": "object129426839632558", "shape": "CVSphere", "id_string": "ob1094", "world_size": [0.1, 0.1, 0.1], "id": 1094, "camera_size": [41, 41], "camera_position": [256, 254], "world_position": [0.705, 0.6498037994254439, -0.15], "world_orientation": [1.0, 8.100187187665134e-17, -1.2653630886983698e-17, -8.100187187665134e-17, 1.0, -1.9397816686250694e-16, 1.2653630886983698e-17, 1.9397816686250694e-16, 1.0], "world_rotation": [-0.9211093596285536, 0.06008602943210125, 0.38463907325148433, -2.1059189642881336e-16]}], "source": "action wait"}
{"timestamp": 1706069262.581838, "objects": [{"color": "cv_", "id_name": "hand", "shape": "CVCylinder", "id_string": "ob383", "world_size": [0.12, 0.005, 0.12], "id": 383, "camera_size": [50, 50], "camera_position": [245, 252], "world_position": [0.7072963757801523, 0.7129481884336196, -0.17410409284178643], "world_orientation": [-6.054455896007877e-06, -0.0008520396156773199, 0.9999996369958526, -0.0007628309009383073, -0.9999993460548172, -0.000852043986311306, 0.9999997090261379, -0.0007628357826906525, 5.4044897894274795e-06], "world_rotation": [0.0, 1.0, 0.0, 0.0]}, {"color": "CVRed", "id_name": "object129426839632558", "shape": "CVSphere", "id_string": "ob1094", "world_size": [0.1, 0.1, 0.1], "id": 1094, "camera_size": [41, 41], "camera_position": [256, 254], "world_position": [0.705, 0.6498037994254439, -0.15], "world_orientation": [1.0, 8.100187187665134e-17, -1.2653630886983698e-17, -8.100187187665134e-17, 1.0, -1.9397816686250694e-16, 1.2653630886983698e-17, 1.9397816686250694e-16, 1.0], "world_rotation": [-0.9211093596285536, 0.06008602943210125, 0.38463907325148433, -2.1059189642881336e-16]}], "source": "action wait"}
{"timestamp": 1706069262.612521, "objects": [{"color": "cv_", "id_name": "hand", "shape": "CVCylinder", "id_string": "ob383", "world_size": [0.12, 0.005, 0.12], "id": 383, "camera_size": [50, 50], "camera_position": [245, 252], "world_position": [0.7076199084128928, 0.712773393588878, -0.17410451339870425], "world_orientation": [-5.587809183453313e-06, -0.0010990780121049159, 0.9999993959979675, -0.0007628996087487084, -0.9999991050011208, -0.0010990819552161445, 0.9999997089764393, -0.0007629052894164234, 4.7493179973152025e-06], "world_rotation": [0.0, 1.0, 0.0, 0.0]}, {"color": "CVRed", "id_name": "object129426839632558", "shape": "CVSphere", "id_string": "ob1094", "world_size": [0.1, 0.1, 0.1], "id": 1094, "camera_size": [41, 41], "camera_position": [256, 254], "world_position": [0.705, 0.6498037994254439, -0.15], "world_orientation": [1.0, 8.100187187665134e-17, -1.2653630886983698e-17, -8.100187187665134e-17, 1.0, -1.9397816686250694e-16, 1.2653630886983698e-17, 1.9397816686250694e-16, 1.0], "world_rotation": [-0.9211093596285536, 0.06008602943210125, 0.38463907325148433, -2.1059189642881336e-16]}], "source": "action wait"}
{"timestamp": 1706069263.69727, "objects": [{"color": "cv_", "id_name": "hand", "shape": "CVCylinder", "id_string": "ob383", "world_size": [0.12, 0.005, 0.12], "id": 383, "camera_size": [50, 50], "camera_position": [245, 252], "world_position": [0.7083925401324115, 0.7123592171208507, -0.17410569984872454], "world_orientation": [-4.180896556900553e-06, -0.00168941437095994, 0.9999985729297836, -0.0007631195323339836, -0.9999982817577961, -0.001689417069577128, 0.9999997088155074, -0.0007631255065872009, 2.8916642687860057e-06], "world_rotation": [0.0, 1.0, 0.0, 0.0]}, {"color": "CVRed", "id_name": "object129426839632558", "shape": "CVSphere", "id_string": "ob1094", "world_size": [0.1, 0.1, 0.1], "id": 1094, "camera_size": [41, 41], "camera_position": [256, 254], "world_position": [0.705, 0.6498037994254439, -0.15], "world_orientation": [1.0, 8.100187187665134e-17, -1.2653630886983698e-17, -8.100187187665134e-17, 1.0, -1.9397816686250694e-16, 1.2653630886983698e-17, 1.9397816686250694e-16, 1.0], "world_rotation": [-0.9211093596285536, 0.06008602943210125, 0.38463907325148433, -2.1059189642881336e-16]}], "source": "action wait"}
{"timestamp": 1706069263.722241, "objects": [{"color": "cv_", "id_name": "hand", "shape": "CVCylinder", "id_string": "ob383", "world_size": [0.12, 0.005, 0.12], "id": 383, "camera_size": [51, 50], "camera_position": [246, 251], "world_position": [0.7108593579575164, 0.7341646148712917, -0.17409383470161124], "world_orientation": [1.61199643332644e-05, 0.03021885395990184, 0.9995433060180519, -0.0007432832053870581, -0.9995430296770009, 0.03021885759255012, 0.9999997236350735, -0.0007434308793272073, 6.348568646875813e-06], "world_rotation": [0.0, 1.0, 0.0, 0.0]}, {"color": "CVRed", "id_name": "object129426839632558", "shape": "CVSphere", "id_string": "ob1094", "world_size": [0.1, 0.1, 0.1], "id": 1094, "camera_size": [42, 43], "camera_position": [252, 252], "world_position": [0.7102572199899784, 0.6760971435843024, -0.15866244267036028], "world_orientation": [0.9995010343268603, -0.03158611028324979, -4.087881657101892e-06, 0.0315861103966615, 0.9995010338340955, 3.153702898099817e-05, 3.089709867065006e-06, -3.165041336741354e-05, 0.9999999994943527], "world_rotation": [0.001000240448278654, 0.00011361936955934134, -0.9999994933047139, -0.03159138086276312]}], "source": "action wait"}
{"timestamp": 1706069263.754807, "objects": [{"color": "cv_", "id_name": "hand", "shape": "CVCylinder", "id_string": "ob383", "world_size": [0.12, 0.005, 0.12], "id": 383, "camera_size": [53, 53], "camera_position": [245, 250], "world_position": [0.7142627665221207, 0.7867965981089555, -0.17410833350425045], "world_orientation": [7.554283586667949e-05, 0.10602416041912037, 0.994363551072092, -0.0007258685750426948, -0.994363286137872, 0.10602418731546305, 0.9999997337040105, -0.0007297866216716761, 1.8425837273726099e-06], "world_rotation": [0.0, 1.0, 0.0, 0.0]}, {"color": "CVRed", "id_name": "object129426839632558", "shape": "CVSphere", "id_string": "ob1094", "world_size": [0.1, 0.1, 0.1], "id": 1094, "camera_size": [44, 49], "camera_position": [249, 248], "world_position": [0.7182318862321818, 0.7316758539359718, -0.1642310268131172], "world_orientation": [0.9942396598323754, -0.107179749955091, -3.99584178891179e-06, 0.10717975001629304, 0.9942396584312211, 5.281111502860931e-05, -1.687457728263e-06, -5.293517836545318e-05, 0.9999999985975099], "world_rotation": [0.0004933127784631433, 1.0768749600282698e-05, -0.999999878263261, -0.10738603574038386]}], "source": "action wait"}
{"timestamp": 1706069263.789352, "objects": [{"color": "cv_", "id_name": "hand", "shape": "CVCylinder", "id_string": "ob383", "world_size": [0.12, 0.005, 0.12], "id": 383, "camera_size": [56, 55], "camera_position": [244, 250], "world_position": [0.7125764122817608, 0.8567647946102563, -0.17411354350862082], "world_orientation": [0.00015041479163490682, 0.20519328162013142, 0.9787214591258085, -0.0007193886100424409, -0.9787211947401259, 0.20519333674973103, 0.9999997299276726, -0.0007349451830915738, 3.9956507966285306e-07], "world_rotation": [0.0, 1.0, 0.0, 0.0]}, {"color": "CVRed", "id_name": "object129426839632558", "shape": "CVSphere", "id_string": "ob1094", "world_size": [0.1, 0.1, 0.1], "id": 1094, "camera_size": [46, 55], "camera_position": [247, 246], "world_position": [0.7220468685612859, 0.8040151521037703, -0.16779127538542304], "world_orientation": [0.9785094784283687, -0.20620184423782587, -7.665600622567336e-06, 0.20620184435445724, 0.9785094770408456, 5.221179099501763e-05, -3.265304737740192e-06, -5.2670393360803764e-05, 0.9999999986075837], "world_rotation": [0.00025431921163475017, 1.066987484349396e-05, -0.9999999676039457, -0.20769179529663617]}], "source": "action wait"}
{"timestamp": 1706069263.826189, "objects": [{"color": "cv_", "id_name": "hand", "shape": "CVCylinder", "id_string": "ob383", "world_size": [0.12, 0.005, 0.12], "id": 383, "camera_size": [59, 57], "camera_position": [244, 254], "world_position": [0.7034320937078049, 0.926218976790551, -0.17411478820797605], "world_orientation": [0.0002255377314010618, 0.3023268197151397, 0.9532043029768912, -0.0007091105602979623, -0.9532040392152327, 0.30232690384082356, 0.9999997231474342, -0.0007441133613963757, -6.003360451746851e-07], "world_rotation": [0.0, 1.0, 0.0, 0.0]}, {"color": "CVRed", "id_name": "object129426839632558", "shape": "CVSphere", "id_string": "ob1094", "world_size": [0.1, 0.1, 0.1], "id": 1094, "camera_size": [49, 61], "camera_position": [246, 247], "world_position": [0.718141938365969, 0.8757724460233021, -0.17006785993954524], "world_orientation": [0.9529177918859401, -0.3032287615093233, -1.0037244852652455e-05, 0.3032287616448577, 0.952917790797597, 4.574662197705717e-05, -4.307022334654097e-06, -4.6636351327614155e-05, 0.9999999989032502], "world_rotation": [0.00015233213984746556, 9.448678979946669e-06, -0.9999999883528208, -0.3080791292847632]}], "source": "action wait"}
{"timestamp": 1706069263.86311, "objects": [{"color": "cv_", "id_name": "hand", "shape": "CVCylinder", "id_string": "ob383", "world_size": [0.12, 0.005, 0.12], "id": 383, "camera_size": [63, 59], "camera_position": [243, 263], "world_position": [0.6871011747389955, 0.9943255815905271, -0.1741151784776266], "world_orientation": [0.0002993965261883894, 0.39640501016295077, 0.9180756931100131, -0.0006881093093536209, -0.9180754352390732, 0.39640512322138954, 0.9999997184336096, -0.0007504187479762342, -2.098618321455994e-06], "world_rotation": [0.0, 1.0, 0.0, 0.0]}, {"color": "CVRed", "id_name": "object129426839632558", "shape": "CVSphere", "id_string": "ob1094", "world_size": [0.1, 0.1, 0.1], "id": 1094, "camera_size": [52, 68], "camera_position": [244, 252], "world_position": [0.7067936962160887, 0.9463045214335339, -0.1715243736839988], "world_orientation": [0.9177216054824596, -0.3972241869508023, -1.148786865113069e-05, 0.39722418707446916, 0.9177216045777962, 4.116044691473604e-05, -5.807259808543064e-06, -4.2337090711130764e-05, 0.9999999990869233], "world_rotation": [0.0001051012751646814, 7.150381317146373e-06, -0.9999999944512971, -0.40849018260761055]}], "source": "action wait"}
{"timestamp": 1706069263.927218, "objects": [{"color": "cv_", "id_name": "hand", "shape": "CVCylinder", "id_string": "ob383", "world_size": [0.12, 0.005, 0.12], "id": 383, "camera_size": [71, 61], "camera_position": [242, 291], "world_position": [0.6396772819301005, 1.1116589130974635, -0.17411461093430483], "world_orientation": [0.0004328237493998213, 0.5556441735867358, 0.8314200893788383, -0.0006366839529699976, -0.8314198456215306, 0.5556443421292208, 0.9999997036485292, -0.000769847896577656, -6.088526022877421e-06], "world_rotation": [0.0, 1.0, 0.0, 0.0]}, {"color": "CVRed", "id_name": "object129426839632558", "shape": "CVSphere", "id_string": "ob1094", "world_size": [0.1, 0.1, 0.1], "id": 1094, "camera_size": [58, 81], "camera_position": [242, 275], "world_position": [0.6676365836208769, 1.0688263888918836, -0.17305262610631833], "world_orientation": [0.8309554568897233, -0.5563389512081477, -5.81460398322026e-06, 0.5563389511531182, 0.8309554565336167, 2.6207959128172512e-05, -9.748831587234514e-06, -2.5012537332893282e-05, 0.9999999996396668], "world_rotation": [-4.6033534320918814e-05, 3.5358189386813287e-06, 0.9999999989342058, 0.5899734386057786]}], "source": "action wait"}
{"timestamp": 1706069263.957638, "objects": [{"color": "cv_", "id_name": "hand", "shape": "CVCylinder", "id_string": "ob383", "world_size": [0.12, 0.005, 0.12], "id": 383, "camera_size": [73, 61], "camera_position": [241, 304], "world_position": [0.6197438610195336, 1.1462910289802708, -0.17411541427490795], "world_orientation": [0.0004762853019590958, 0.6022724237793672, 0.7982904864190963, -0.0006151326188163207, -0.7982902494794097, 0.6022726120271147, 0.9999996973820404, -0.0007779081103682364, -9.736499243541635e-06], "world_rotation": [0.0, 1.0, 0.0, 0.0]}, {"color": "CVRed", "id_name": "object129426839632558", "shape": "CVSphere", "id_string": "ob1094", "world_size": [0.1, 0.1, 0.1], "id": 1094, "camera_size": [61, 85], "camera_position": [242, 286], "world_position": [0.6500399893986502, 1.1054807733038805, -0.17343537254903946], "world_orientation": [0.7977954331124142, -0.6029282269930302, 1.2900832211891018e-07, 0.6029282268448275, 0.7977954329210204, 2.2002594848240764e-05, -1.3368907751291054e-05, -1.7475786927645833e-05, 0.9999999997579347], "world_rotation": [-3.273887337635343e-05, 1.1193634219372465e-05, 0.9999999994014344, 0.6471664390867942]}], "source": "action wait"}
{"timestamp": 1706069263.990486, "objects": [{"color": "cv_", "id_name": "hand", "shape": "CVCylinder", "id_string": "ob383", "world_size": [0.12, 0.005, 0.12], "id": 383, "camera_size": [75, 62], "camera_position": [241, 314], "world_position": [0.6043581242040316, 1.1698606894864085, -0.1741169629457446], "world_orientation": [0.0005053137749045145, 0.6339841040580801, 0.773345912551209, -0.0005951665949087351, -0.7733456836482975, 0.6339843052941231, 0.9999996952173101, -0.0007806306559981559, -1.3456066271442011e-05], "world_rotation": [0.0, 1.0, 0.0, 0.0]}, {"color": "CVRed", "id_name": "object129426839632558", "shape": "CVSphere", "id_string": "ob1094", "world_size": [0.1, 0.1, 0.1], "id": 1094, "camera_size": [62, 87], "camera_position": [241, 295], "world_position": [0.6362120373519604, 1.130578955149806, -0.17368122627745183], "world_orientation": [0.7728305674104098, -0.6346124124715978, 3.6170477029825013e-06, 0.6346124122523539, 0.7728305672716104, 2.2491993286224117e-05, -1.706906314881011e-05, -1.5087076565562145e-05, 0.9999999997405138], "world_rotation": [-2.9607890657588537e-05, 1.6298224268089978e-05, 0.9999999994288703, 0.6875069002110823]}], "source": "action wait"}
{"timestamp": 1706069264.025162, "objects": [{"color": "cv_", "id_name": "hand", "shape": "CVCylinder", "id_string": "ob383", "world_size": [0.12, 0.005, 0.12], "id": 383, "camera_size": [76, 62], "camera_position": [240, 322], "world_position": [0.5928948417667851, 1.186035008678314, -0.1741185352645502], "world_orientation": [0.0005243964296519178, 0.6557322821869088, 0.7549933106368115, -0.0005785084083522914, -0.754993089179555, 0.6557324916603828, 0.9999996951681567, -0.0007806337558866239, -1.6569041503944484e-05], "world_rotation": [0.0, 1.0, 0.0, 0.0]}, {"color": "CVRed", "id_name": "object129426839632558", "shape": "CVSphere", "id_string": "ob1094", "world_size": [0.1, 0.1, 0.1], "id": 1094, "camera_size": [63, 89], "camera_position": [241, 303], "world_position": [0.6258015197852126, 1.1478731342342359, -0.17383905694525664], "world_orientation": [0.7544641108560198, -0.6563413025274532, 5.177024247989237e-06, 0.6563413022379676, 0.754464110718706, 2.4779045881015622e-05, -2.0169390244361693e-05, -1.529700598183818e-05, 0.9999999996795986], "world_rotation": [-3.0529887187670725e-05, 1.9308867493024364e-05, 0.9999999993475468, 0.7159590706274703]}], "source": "action wait"}
{"timestamp": 1706069264.060916, "objects": [{"color": "cv_", "id_name": "hand", "shape": "CVCylinder", "id_string": "ob383", "world_size": [0.12, 0.005, 0.12], "id": 383, "camera_size": [78, 64], "camera_position": [240, 328], "world_position": [0.5845305997304165, 1.1972142313010115, -0.17411985831448118], "world_orientation": [0.0005367940912342949, 0.6707523495083598, 0.7416811966614217, -0.0005653817484987134, -0.7416809814076151, 0.6707525640366317, 0.9999996960977449, -0.0007793890248521897, -1.88988322252849e-05], "world_rotation": [0.0, 1.0, 0.0, 0.0]}, {"color": "CVRed", "id_name": "object129426839632558", "shape": "CVSphere", "id_string": "ob1094", "world_size": [0.1, 0.1, 0.1], "id": 1094, "camera_size": [64, 91], "camera_position": [240, 308], "world_position": [0.6181573436994636, 1.1598578908142474, -0.17394031669541196], "world_orientation": [0.7411423796706197, -0.6713478777997446, 5.472688865852801e-06, 0.6713478774453009, 0.7411423795031769, 2.7460126988941496e-05, -2.2491339626456046e-05, -1.6677785808632702e-05, 0.9999999996079956], "world_rotation": [-3.2872609145992646e-05, 2.0826779530580623e-05, 0.9999999992428185, 0.7360259422903946]}], "source": "action wait"}
{"timestamp": 1706069264.096639, "objects": [{"color": "cv_", "id_name": "hand", "shape": "CVCylinder", "id_string": "ob383", "world_size": [0.12, 0.005, 0.12], "id": 383, "camera_size": [78, 63], "camera_position": [240, 333], "world_position": [0.5785062791062673, 1.2049854425615474, -0.17412087375609653], "world_orientation": [0.000544814691897187, 0.6811833891870939, 0.7321126234894028, -0.0005553490764521417, -0.732112413146442, 0.681183606749529, 0.9999996973821317, -0.0007776969061504683, -2.0571032722376637e-05], "world_rotation": [0.0, 1.0, 0.0, 0.0]}, {"color": "CVRed", "id_name": "object129426839632558", "shape": "CVSphere", "id_string": "ob1094", "world_size": [0.1, 0.1, 0.1], "id": 1094, "camera_size": [64, 92], "camera_position": [240, 311], "world_position": [0.6126303241046236, 1.1682020608623707, -0.1740052426577952], "world_orientation": [0.7315670560858868, -0.6817694936148986, 5.090554959618179e-06, 0.6817694932058611, 0.7315670558707729, 2.9973199934089645e-05, -2.4158895645638643e-05, -1.8456820562300187e-05, 0.9999999995378468], "world_rotation": [-3.551788465368302e-05, 2.1451128909981626e-05, 0.9999999991391645, 0.7501786891430124]}], "source": "action wait"}
{"timestamp": 1706069264.127806, "objects": [{"color": "cv_", "id_name": "hand", "shape": "CVCylinder", "id_string": "ob383", "world_size": [0.12, 0.005, 0.12], "id": 383, "camera_size": [78, 63], "camera_position": [240, 336], "world_position": [0.5742031816899632, 1.2104112996605354, -0.17412161103055843], "world_orientation": [0.0005499803891747669, 0.6884581306856838, 0.7252758784175475, -0.0005478350000959043, -0.7252756718401454, 0.6884583500210005, 0.9999996986991468, -0.0007759701021976169, -2.17259361669011e-05], "world_rotation": [0.0, 1.0, 0.0, 0.0]}, {"color": "CVRed", "id_name": "object129426839632558", "shape": "CVSphere", "id_string": "ob1094", "world_size": [0.1, 0.1, 0.1], "id": 1094, "camera_size": [64, 93], "camera_position": [240, 314], "world_position": [0.6086732250661142, 1.1740326054270853, -0.1740468476820678], "world_orientation": [0.7247255389995342, -0.6890376572455902, 4.398105752877603e-06, 0.6890376567947348, 0.7247255387302729, 3.2108208056240074e-05, -2.5311184018572582e-05, -2.0239177907569543e-05, 0.9999999994748598], "world_rotation": [-3.798586723130749e-05, 2.155853852138787e-05, 0.9999999990461518, 0.7601603416793888]}], "source": "action wait"}
