{"timestamp": 1706069889.144747, "objects": [{"color": "cv_", "id_name": "hand", "shape": "CVCylinder", "id_string": "ob383", "world_size": [0.12, 0.005, 0.12], "id": 383, "camera_size": [48, 50], "camera_position": [246, 426], "world_position": [0.26764451556472457, 0.6334703012252962, -0.17389260400887682], "world_orientation": [-0.0006415504634546211, 0.19791547464417292, 0.9802188803065236, -0.0007473673831710563, -0.9802189031698418, 0.19791499011067124, 0.999999514927381, -0.0006056111658797177, 0.0007767754619898946], "world_rotation": [0.0, 1.0, 0.0, 0.0]}, {"color": "CVGreen", "id_name": "object122542192450630", "shape": "CVBox", "id_string": "ob1318", "world_size": [0.09, 0.09, 0.09], "id": 1318, "camera_size": [37, 37], "camera_position": [256, 254], "world_position": [0.705, 0.6448569696296074, -0.15], "world_orientation": [1.0, -4.331917303826236e-17, -1.1712398707441946e-17, 4.331917303826236e-17, 1.0, -5.775889738434995e-17, 1.1712398707441946e-17, 5.775889738434995e-17, 1.0], "world_rotation": [-0.7896765794068324, 0.16013129347666225, -0.5922574345551229, -7.314247236221149e-17]}], "source": "action wait"}
{"timestamp": 1706069889.177808, "objects": [{"color": "cv_", "id_name": "hand", "shape": "CVCylinder", "id_string": "ob383", "world_size": [0.12, 0.005, 0.12], "id": 383, "camera_size": [49, 51], "camera_position": [246, 421], "world_position": [0.2911325713840307, 0.6677901572698915, -0.17395609948410318], "world_orientation": [-0.000382630791262485, 0.19839251260143892, 0.9801225762818473, -0.0007151381772387741, -0.9801224516883371, 0.19839220819838443, 0.9999996710854786, -0.0006250121050698068, 0.0005169030890636779], "world_rotation": [0.0, 1.0, 0.0, 0.0]}, {"color": "CVGreen", "id_name": "object122542192450630", "shape": "CVBox", "id_string": "ob1318", "world_size": [0.09, 0.09, 0.09], "id": 1318, "camera_size": [37, 37], "camera_position": [256, 254], "world_position": [0.705, 0.6448569696296074, -0.15], "world_orientation": [1.0, -4.331917303826236e-17, -1.1712398707441946e-17, 4.331917303826236e-17, 1.0, -5.775889738434995e-17, 1.1712398707441946e-17, 5.775889738434995e-17, 1.0], "world_rotation": [-0.7896765794068324, 0.16013129347666225, -0.5922574345551229, -7.314247236221149e-17]}], "source": "action wait"}
{"timestamp": 1706069889.210713, "objects": [{"color": "cv_", "id_name": "hand", "shape": "CVCylinder", "id_string": "ob383", "world_size": [0.12, 0.005, 0.12], "id": 383, "camera_size": [51, 52], "camera_position": [246, 406], "world_position": [0.33719344006345536, 0.7058272878328675, -0.17398392595637077], "world_orientation": [-0.00022288163489068706, 0.18694678582569643, 0.9823700166399716, -0.0007314701634321839, -0.9823698087104554, 0.18694658029924824, 0.9999997076375459, -0.0006769073971684877, 0.0003556981850141075], "world_rotation": [0.0, 1.0, 0.0, 0.0]}, {"color": "CVGreen", "id_name": "object122542192450630", "shape": "CVBox", "id_string": "ob1318", "world_size": [0.09, 0.09, 0.09], "id": 1318, "camera_size": [37, 37], "camera_position": [256, 254], "world_position": [0.705, 0.6448569696296074, -0.15], "world_orientation": [1.0, -4.331917303826236e-17, -1.1712398707441946e-17, 4.331917303826236e-17, 1.0, -5.775889738434995e-17, 1.1712398707441946e-17, 5.775889738434995e-17, 1.0], "world_rotation": [-0.7896765794068324, 0.16013129347666225, -0.5922574345551229, -7.314247236221149e-17]}], "source": "action wait"}
{"timestamp": 1706069889.24972, "objects": [{"color": "cv_", "id_name": "hand", "shape": "CVCylinder", "id_string": "ob383", "world_size": [0.12, 0.005, 0.12], "id": 383, "camera_size": [51, 53], "camera_position": [246, 388], "world_position": [0.38777415556092887, 0.7390489952814061, -0.17400446244181228], "world_orientation": [-0.00011927303705251359, 0.17879052150044744, 0.9838871557224135, -0.0007426830422593725, -0.9838869072131166, 0.17879038630895938, 0.9999997170978807, -0.0007093914336812691, 0.00025013586797502856], "world_rotation": [0.0, 1.0, 0.0, 0.0]}, {"color": "CVGreen", "id_name": "object122542192450630", "shape": "CVBox", "id_string": "ob1318", "world_size": [0.09, 0.09, 0.09], "id": 1318, "camera_size": [37, 37], "camera_position": [256, 254], "world_position": [0.705, 0.6448569696296074, -0.15], "world_orientation": [1.0, -4.331917303826236e-17, -1.1712398707441946e-17, 4.331917303826236e-17, 1.0, -5.775889738434995e-17, 1.1712398707441946e-17, 5.775889738434995e-17, 1.0], "world_rotation": [-0.7896765794068324, 0.16013129347666225, -0.5922574345551229, -7.314247236221149e-17]}], "source": "action wait"}
{"timestamp": 1706069889.310596, "objects": [{"color": "cv_", "id_name": "hand", "shape": "CVCylinder", "id_string": "ob383", "world_size": [0.12, 0.005, 0.12], "id": 383, "camera_size": [52, 54], "camera_position": [245, 343], "world_position": [0.4991903831524817, 0.7798253125616561, -0.17403811872522326], "world_orientation": [-4.419970214465627e-06, 0.15517924341774944, 0.9878863307044786, -0.0007646010784878298, -0.9878860424720274, 0.1551791947206414, 0.9999997076827847, -0.0007546530664617329, 0.00012301664375956572], "world_rotation": [0.0, 1.0, 0.0, 0.0]}, {"color": "CVGreen", "id_name": "object122542192450630", "shape": "CVBox", "id_string": "ob1318", "world_size": [0.09, 0.09, 0.09], "id": 1318, "camera_size": [37, 37], "camera_position": [256, 254], "world_position": [0.705, 0.6448569696296074, -0.15], "world_orientation": [1.0, -4.331917303826236e-17, -1.1712398707441946e-17, 4.331917303826236e-17, 1.0, -5.775889738434995e-17, 1.1712398707441946e-17, 5.775889738434995e-17, 1.0], "world_rotation": [-0.7896765794068324, 0.16013129347666225, -0.5922574345551229, -7.314247236221149e-17]}], "source": "action wait"}
{"timestamp": 1706069889.342724, "objects": [{"color": "cv_", "id_name": "hand", "shape": "CVCylinder", "id_string": "ob383", "world_size": [0.12, 0.005, 0.12], "id": 383, "camera_size": [52, 52], "camera_position": [245, 317], "world_position": [0.5577674421681172, 0.769884031013518, -0.17404998241053554], "world_orientation": [6.049889915650029e-07, 0.11472081408140485, 0.9933977727054425, -0.0007769749982011397, -0.993397472799429, 0.11472077992046623, 0.9999996981546977, -0.0007719146374700708, 8.853420977964436e-05], "world_rotation": [0.0, 1.0, 0.0, 0.0]}, {"color": "CVGreen", "id_name": "object122542192450630", "shape": "CVBox", "id_string": "ob1318", "world_size": [0.09, 0.09, 0.09], "id": 1318, "camera_size": [37, 37], "camera_position": [256, 254], "world_position": [0.705, 0.6448569696296074, -0.15], "world_orientation": [1.0, -4.331917303826236e-17, -1.1712398707441946e-17, 4.331917303826236e-17, 1.0, -5.775889738434995e-17, 1.1712398707441946e-17, 5.775889738434995e-17, 1.0], "world_rotation": [-0.7896765794068324, 0.16013129347666225, -0.5922574345551229, -7.314247236221149e-17]}], "source": "action wait"}
{"timestamp": 1706069889.377108, "objects": [{"color": "cv_", "id_name": "hand", "shape": "CVCylinder", "id_string": "ob383", "world_size": [0.12, 0.005, 0.12], "id": 383, "camera_size": [52, 52], "camera_position": [245, 297], "world_position": [0.6028877338177332, 0.7553213904225522, -0.17405567026516106], "world_orientation": [-1.4563138095114575e-05, 0.08045791292973414, 0.9967580067573606, -0.0007750405183231563, -0.9967577084009549, 0.08045787752278977, 0.99999969955001, -0.0007713561230191485, 7.687406269546581e-05], "world_rotation": [0.0, 1.0, 0.0, 0.0]}, {"color": "CVGreen", "id_name": "object122542192450630", "shape": "CVBox", "id_string": "ob1318", "world_size": [0.09, 0.09, 0.09], "id": 1318, "camera_size": [37, 37], "camera_position": [256, 254], "world_position": [0.705, 0.6448569696296074, -0.15], "world_orientation": [1.0, -4.331917303826236e-17, -1.1712398707441946e-17, 4.331917303826236e-17, 1.0, -5.775889738434995e-17, 1.1712398707441946e-17, 5.775889738434995e-17, 1.0], "world_rotation": [-0.7896765794068324, 0.16013129347666225, -0.5922574345551229, -7.314247236221149e-17]}], "source": "action wait"}
{"timestamp": 1706069889.415871, "objects": [{"color": "cv_", "id_name": "hand", "shape": "CVCylinder", "id_string": "ob383", "world_size": [0.12, 0.005, 0.12], "id": 383, "camera_size": [51, 51], "camera_position": [246, 284], "world_position": [0.6345083495581235, 0.742606205660168, -0.17406339500338244], "world_orientation": [-2.1402156620954744e-05, 0.056242647490326335, 0.9984171293328388, -0.0007711223098816384, -0.9984168336454713, 0.056242614303876, 0.9999997024561214, -0.0007686980097567379, 6.473823369366147e-05], "world_rotation": [0.0, 1.0, 0.0, 0.0]}, {"color": "CVGreen", "id_name": "object122542192450630", "shape": "CVBox", "id_string": "ob1318", "world_size": [0.09, 0.09, 0.09], "id": 1318, "camera_size": [37, 37], "camera_position": [256, 254], "world_position": [0.705, 0.6448569696296074, -0.15], "world_orientation": [1.0, -4.331917303826236e-17, -1.1712398707441946e-17, 4.331917303826236e-17, 1.0, -5.775889738434995e-17, 1.1712398707441946e-17, 5.775889738434995e-17, 1.0], "world_rotation": [-0.7896765794068324, 0.16013129347666225, -0.5922574345551229, -7.314247236221149e-17]}], "source": "action wait"}
{"timestamp": 1706069889.447779, "objects": [{"color": "cv_", "id_name": "hand", "shape": "CVCylinder", "id_string": "ob383", "world_size": [0.12, 0.005, 0.12], "id": 383, "camera_size": [51, 51], "camera_position": [246, 274], "world_position": [0.6566114731523089, 0.7324589105708613, -0.174071291484725], "world_orientation": [-2.3160724368161023e-05, 0.03915356061110952, 0.9992332050903098, -0.0007676315053421147, -0.9992329116512334, 0.039153531320563706, 0.9999997051026831, -0.0007661360652647214, 5.319846471813718e-05], "world_rotation": [0.0, 1.0, 0.0, 0.0]}, {"color": "CVGreen", "id_name": "object122542192450630", "shape": "CVBox", "id_string": "ob1318", "world_size": [0.09, 0.09, 0.09], "id": 1318, "camera_size": [37, 37], "camera_position": [256, 254], "world_position": [0.705, 0.6448569696296074, -0.15], "world_orientation": [1.0, -4.331917303826236e-17, -1.1712398707441946e-17, 4.331917303826236e-17, 1.0, -5.775889738434995e-17, 1.1712398707441946e-17, 5.775889738434995e-17, 1.0], "world_rotation": [-0.7896765794068324, 0.16013129347666225, -0.5922574345551229, -7.314247236221149e-17]}], "source": "action wait"}
{"timestamp": 1706069889.476514, "objects": [{"color": "cv_", "id_name": "hand", "shape": "CVCylinder", "id_string": "ob383", "world_size": [0.12, 0.005, 0.12], "id": 383, "camera_size": [51, 50], "camera_position": [246, 267], "world_position": [0.6720648300504336, 0.7247411469493649, -0.17407840583218975], "world_orientation": [-2.226877799175947e-05, 0.027101677883055526, 0.9996326818186891, -0.0007651473873463305, -0.999632389910548, 0.027101652923790173, 0.9999997070267458, -0.000764262814107744, 4.29973697895857e-05], "world_rotation": [0.0, 1.0, 0.0, 0.0]}, {"color": "CVGreen", "id_name": "object122542192450630", "shape": "CVBox", "id_string": "ob1318", "world_size": [0.09, 0.09, 0.09], "id": 1318, "camera_size": [37, 37], "camera_position": [256, 254], "world_position": [0.705, 0.6448569696296074, -0.15], "world_orientation": [1.0, -4.331917303826236e-17, -1.1712398707441946e-17, 4.331917303826236e-17, 1.0, -5.775889738434995e-17, 1.1712398707441946e-17, 5.775889738434995e-17, 1.0], "world_rotation": [-0.7896765794068324, 0.16013129347666225, -0.5922574345551229, -7.314247236221149e-17]}], "source": "action wait"}
{"timestamp": 1706069889.514273, "objects": [{"color": "cv_", "id_name": "hand", "shape": "CVCylinder", "id_string": "ob383", "world_size": [0.12, 0.005, 0.12], "id": 383, "camera_size": [51, 50], "camera_position": [246, 263], "world_position": [0.6828809670539534, 0.7190356705249783, -0.17408441361823718], "world_orientation": [-2.017401098484006e-05, 0.018605005995442903, 0.9998269116926785, -0.000763601376235943, -0.9998266206896361, 0.018604985172823208, 0.9999997082529312, -0.0007630938685913563, 3.437732141209736e-05], "world_rotation": [0.0, 1.0, 0.0, 0.0]}, {"color": "CVGreen", "id_name": "object122542192450630", "shape": "CVBox", "id_string": "ob1318", "world_size": [0.09, 0.09, 0.09], "id": 1318, "camera_size": [37, 37], "camera_position": [256, 254], "world_position": [0.705, 0.6448569696296074, -0.15], "world_orientation": [1.0, -4.331917303826236e-17, -1.1712398707441946e-17, 4.331917303826236e-17, 1.0, -5.775889738434995e-17, 1.1712398707441946e-17, 5.775889738434995e-17, 1.0], "world_rotation": [-0.7896765794068324, 0.16013129347666225, -0.5922574345551229, -7.314247236221149e-17]}], "source": "action wait"}
{"timestamp": 1706069889.544744, "objects": [{"color": "cv_", "id_name": "hand", "shape": "CVCylinder", "id_string": "ob383", "world_size": [0.12, 0.005, 0.12], "id": 383, "camera_size": [50, 51], "camera_position": [245, 260], "world_position": [0.6904612559999473, 0.7148919744492622, -0.17408929509012813], "world_orientation": [-1.769222917262045e-05, 0.012615682537093605, 0.9999204189539826, -0.0007627512274629075, -0.9999201284091133, 0.01261566537553687, 0.9999997089487328, -0.000762467327679774, 2.7313443406949467e-05], "world_rotation": [0.0, 1.0, 0.0, 0.0]}, {"color": "CVGreen", "id_name": "object122542192450630", "shape": "CVBox", "id_string": "ob1318", "world_size": [0.09, 0.09, 0.09], "id": 1318, "camera_size": [37, 37], "camera_position": [256, 254], "world_position": [0.705, 0.6448569696296074, -0.15], "world_orientation": [1.0, -4.331917303826236e-17, -1.1712398707441946e-17, 4.331917303826236e-17, 1.0, -5.775889738434995e-17, 1.1712398707441946e-17, 5.775889738434995e-17, 1.0], "world_rotation": [-0.7896765794068324, 0.16013129347666225, -0.5922574345551229, -7.314247236221149e-17]}], "source": "action wait"}
{"timestamp": 1706069889.571669, "objects": [{"color": "cv_", "id_name": "hand", "shape": "CVCylinder", "id_string": "ob383", "world_size": [0.12, 0.005, 0.12], "id": 383, "camera_size": [49, 50], "camera_position": [246, 257], "world_position": [0.695780160355826, 0.7119167682329476, -0.17409316328628135], "world_orientation": [-1.5253090208393968e-05, 0.00839404480671521, 0.9999647692689608, -0.000762358319967325, -0.9999644788979852, 0.008394030740512821, 0.9999997092885254, -0.0007622034266186944, 2.1651818298765845e-05], "world_rotation": [0.0, 1.0, 0.0, 0.0]}, {"color": "CVGreen", "id_name": "object122542192450630", "shape": "CVBox", "id_string": "ob1318", "world_size": [0.09, 0.09, 0.09], "id": 1318, "camera_size": [37, 37], "camera_position": [256, 254], "world_position": [0.705, 0.6448569696296074, -0.15], "world_orientation": [1.0, -4.331917303826236e-17, -1.1712398707441946e-17, 4.331917303826236e-17, 1.0, -5.775889738434995e-17, 1.1712398707441946e-17, 5.775889738434995e-17, 1.0], "world_rotation": [-0.7896765794068324, 0.16013129347666225, -0.5922574345551229, -7.314247236221149e-17]}], "source": "action wait"}
{"timestamp": 1706069889.601948, "objects": [{"color": "cv_", "id_name": "hand", "shape": "CVCylinder", "id_string": "ob383", "world_size": [0.12, 0.005, 0.12], "id": 383, "camera_size": [49, 50], "camera_position": [246, 256], "world_position": [0.6995160987637618, 0.7097965169372991, -0.17409617614020326], "world_orientation": [-1.3059367437106186e-05, 0.005418418360571544, 0.999985320178213, -0.0007622391180058032, -0.9999850298174078, 0.005418406832745651, 0.9999997094104478, -0.0007621571675060049, 1.7189302368505838e-05], "world_rotation": [0.0, 1.0, 0.0, 0.0]}, {"color": "CVGreen", "id_name": "object122542192450630", "shape": "CVBox", "id_string": "ob1318", "world_size": [0.09, 0.09, 0.09], "id": 1318, "camera_size": [37, 37], "camera_position": [256, 254], "world_position": [0.705, 0.6448569696296074, -0.15], "world_orientation": [1.0, -4.331917303826236e-17, -1.1712398707441946e-17, 4.331917303826236e-17, 1.0, -5.775889738434995e-17, 1.1712398707441946e-17, 5.775889738434995e-17, 1.0], "world_rotation": [-0.7896765794068324, 0.16013129347666225, -0.5922574345551229, -7.314247236221149e-17]}], "source": "action wait"}
{"timestamp": 1706069889.635897, "objects": [{"color": "cv_", "id_name": "hand", "shape": "CVCylinder", "id_string": "ob383", "world_size": [0.12, 0.005, 0.12], "id": 383, "camera_size": [49, 50], "camera_position": [246, 255], "world_position": [0.70214233052023, 0.7082930157244126, -0.17409849391018362], "world_orientation": [-1.1185865534641352e-05, 0.003321023912362785, 0.9999944853223193, -0.0007622683740916663, -0.9999941948882205, 0.003321014421140687, 0.9999997094108589, -0.0007622270220068792, 1.3717312097803362e-05], "world_rotation": [0.0, 1.0, 0.0, 0.0]}, {"color": "CVGreen", "id_name": "object122542192450630", "shape": "CVBox", "id_string": "ob1318", "world_size": [0.09, 0.09, 0.09], "id": 1318, "camera_size": [37, 37], "camera_position": [256, 254], "world_position": [0.705, 0.6448569696296074, -0.15], "world_orientation": [1.0, -4.331917303826236e-17, -1.1712398707441946e-17, 4.331917303826236e-17, 1.0, -5.775889738434995e-17, 1.1712398707441946e-17, 5.775889738434995e-17, 1.0], "world_rotation": [-0.7896765794068324, 0.16013129347666225, -0.5922574345551229, -7.314247236221149e-17]}], "source": "action wait"}
{"timestamp": 1706069889.671088, "objects": [{"color": "cv_", "id_name": "hand", "shape": "CVCylinder", "id_string": "ob383", "world_size": [0.12, 0.005, 0.12], "id": 383, "camera_size": [49, 50], "camera_position": [246, 254], "world_position": [0.7039896722316275, 0.7072303444877469, -0.1741002606242731], "world_orientation": [-9.639027897954238e-06, 0.0018426275497946268, 0.9999983023139599, -0.0007623673166807483, -0.9999980117724441, 0.0018426196659419919, 0.9999997093515397, -0.0007623482613583846, 1.1043767754517233e-05], "world_rotation": [0.0, 1.0, 0.0, 0.0]}, {"color": "CVGreen", "id_name": "object122542192450630", "shape": "CVBox", "id_string": "ob1318", "world_size": [0.09, 0.09, 0.09], "id": 1318, "camera_size": [37, 37], "camera_position": [256, 254], "world_position": [0.705, 0.6448569696296074, -0.15], "world_orientation": [1.0, -4.331917303826236e-17, -1.1712398707441946e-17, 4.331917303826236e-17, 1.0, -5.775889738434995e-17, 1.1712398707441946e-17, 5.775889738434995e-17, 1.0], "world_rotation": [-0.7896765794068324, 0.16013129347666225, -0.5922574345551229, -7.314247236221149e-17]}], "source": "action wait"}
{"timestamp": 1706069889.709141, "objects": [{"color": "cv_", "id_name": "hand", "shape": "CVCylinder", "id_string": "ob383", "world_size": [0.12, 0.005, 0.12], "id": 383, "camera_size": [49, 50], "camera_position": [246, 253], "world_position": [0.705289785530148, 0.7064808545662116, -0.1741015978400905], "world_orientation": [-8.391882912551872e-06, 0.0008005193650508009, 0.9999996795491098, -0.000762489880074329, -0.9999993888940863, 0.0008005127336482692, 0.9999997092693375, -0.0007624829179250088, 9.002265699241923e-06], "world_rotation": [0.0, 1.0, 0.0, 0.0]}, {"color": "CVGreen", "id_name": "object122542192450630", "shape": "CVBox", "id_string": "ob1318", "world_size": [0.09, 0.09, 0.09], "id": 1318, "camera_size": [37, 37], "camera_position": [256, 254], "world_position": [0.705, 0.6448569696296074, -0.15], "world_orientation": [1.0, -4.331917303826236e-17, -1.1712398707441946e-17, 4.331917303826236e-17, 1.0, -5.775889738434995e-17, 1.1712398707441946e-17, 5.775889738434995e-17, 1.0], "world_rotation": [-0.7896765794068324, 0.16013129347666225, -0.5922574345551229, -7.314247236221149e-17]}], "source": "action wait"}
{"timestamp": 1706069889.737032, "objects": [{"color": "cv_", "id_name": "hand", "shape": "CVCylinder", "id_string": "ob383", "world_size": [0.12, 0.005, 0.12], "id": 383, "camera_size": [49, 50], "camera_position": [246, 253], "world_position": [0.7062051353373322, 0.7059529698101058, -0.17410260436993036], "world_orientation": [-7.403886789942113e-06, 6.592680835523173e-05, 0.9999999977994193, -0.0007626112885772698, -0.9999997070391698, 6.592114289902934e-05, 0.9999997091845603, -0.000762610798826766, 7.454161149529156e-06], "world_rotation": [0.0, 1.0, 0.0, 0.0]}, {"color": "CVGreen", "id_name": "object122542192450630", "shape": "CVBox", "id_string": "ob1318", "world_size": [0.09, 0.09, 0.09], "id": 1318, "camera_size": [37, 37], "camera_position": [256, 254], "world_position": [0.705, 0.6448569696296074, -0.15], "world_orientation": [1.0, -4.331917303826236e-17, -1.1712398707441946e-17, 4.331917303826236e-17, 1.0, -5.775889738434995e-17, 1.1712398707441946e-17, 5.775889738434995e-17, 1.0], "world_rotation": [-0.7896765794068324, 0.16013129347666225, -0.5922574345551229, -7.314247236221149e-17]}], "source": "action wait"}
{"timestamp": 1706069889.77659, "objects": [{"color": "cv_", "id_name": "hand", "shape": "CVCylinder", "id_string": "ob383", "world_size": [0.12, 0.005, 0.12], "id": 383, "camera_size": [49, 50], "camera_position": [246, 253], "world_position": [0.7068497915734904, 0.705581480007584, -0.1741033586001159], "world_orientation": [-6.631694233008513e-06, -0.00045190881554344365, 0.9999998978672163, -0.000762719795598719, -0.9999996070161644, -0.00045191374222988597, 0.9999997091072247, -0.0007627227146541507, 6.287011827803445e-06], "world_rotation": [0.0, 1.0, 0.0, 0.0]}, {"color": "CVGreen", "id_name": "object122542192450630", "shape": "CVBox", "id_string": "ob1318", "world_size": [0.09, 0.09, 0.09], "id": 1318, "camera_size": [37, 37], "camera_position": [256, 254], "world_position": [0.705, 0.6448569696296074, -0.15], "world_orientation": [1.0, -4.331917303826236e-17, -1.1712398707441946e-17, 4.331917303826236e-17, 1.0, -5.775889738434995e-17, 1.1712398707441946e-17, 5.775889738434995e-17, 1.0], "world_rotation": [-0.7896765794068324, 0.16013129347666225, -0.5922574345551229, -7.314247236221149e-17]}], "source": "action wait"}
{"timestamp": 1706069889.805696, "objects": [{"color": "cv_", "id_name": "hand", "shape": "CVCylinder", "id_string": "ob383", "world_size": [0.12, 0.005, 0.12], "id": 383, "camera_size": [49, 49], "camera_position": [246, 253], "world_position": [0.7073039177665673, 0.7053201771183164, -0.17410392167733432], "world_orientation": [-6.034590145346942e-06, -0.0008169555831543676, 0.9999996662735239, -0.0007628111583369996, -0.9999993753475944, -0.0008169599487345932, 0.999999709041318, -0.0007628158337855387, 5.411403541493794e-06], "world_rotation": [0.0, 1.0, 0.0, 0.0]}, {"color": "CVGreen", "id_name": "object122542192450630", "shape": "CVBox", "id_string": "ob1318", "world_size": [0.09, 0.09, 0.09], "id": 1318, "camera_size": [37, 37], "camera_position": [256, 254], "world_position": [0.705, 0.6448569696296074, -0.15], "world_orientation": [1.0, -4.331917303826236e-17, -1.1712398707441946e-17, 4.331917303826236e-17, 1.0, -5.775889738434995e-17, 1.1712398707441946e-17, 5.775889738434995e-17, 1.0], "world_rotation": [-0.7896765794068324, 0.16013129347666225, -0.5922574345551229, -7.314247236221149e-17]}], "source": "action wait"}
{"timestamp": 1706069889.830832, "objects": [{"color": "cv_", "id_name": "hand", "shape": "CVCylinder", "id_string": "ob383", "world_size": [0.12, 0.005, 0.12], "id": 383, "camera_size": [49, 50], "camera_position": [246, 252], "world_position": [0.7076238890428704, 0.7051364234933136, -0.17410434072723732], "world_orientation": [-5.576861351162426e-06, -0.0010743004935648704, 0.9999994229235075, -0.0007628851473222356, -0.9999991319377394, -0.0010743044354653006, 0.9999997089875331, -0.0007628906983264015, 4.757288620161844e-06], "world_rotation": [0.0, 1.0, 0.0, 0.0]}, {"color": "CVGreen", "id_name": "object122542192450630", "shape": "CVBox", "id_string": "ob1318", "world_size": [0.09, 0.09, 0.09], "id": 1318, "camera_size": [37, 37], "camera_position": [256, 254], "world_position": [0.705, 0.6448569696296074, -0.15], "world_orientation": [1.0, -4.331917303826236e-17, -1.1712398707441946e-17, 4.331917303826236e-17, 1.0, -5.775889738434995e-17, 1.1712398707441946e-17, 5.775889738434995e-17, 1.0], "world_rotation": [-0.7896765794068324, 0.16013129347666225, -0.5922574345551229, -7.314247236221149e-17]}], "source": "action wait"}
{"timestamp": 1706069890.917508, "objects": [{"color": "cv_", "id_name": "hand", "shape": "CVCylinder", "id_string": "ob383", "world_size": [0.12, 0.005, 0.12], "id": 383, "camera_size": [49, 50], "camera_position": [246, 252], "world_position": [0.7083880568236951, 0.7047007954788367, -0.17410552276178382], "world_orientation": [-4.19244811458532e-06, -0.0016893292091117317, 0.9999985730736053, -0.0007631191433385161, -0.9999982819019485, -0.0016893319165678267, 0.999999708815756, -0.0007631251368604418, 2.903281453037966e-06], "world_rotation": [0.0, 1.0, 0.0, 0.0]}, {"color": "CVGreen", "id_name": "object122542192450630", "shape": "CVBox", "id_string": "ob1318", "world_size": [0.09, 0.09, 0.09], "id": 1318, "camera_size": [37, 37], "camera_position": [256, 254], "world_position": [0.705, 0.6448569696296074, -0.15], "world_orientation": [1.0, -4.331917303826236e-17, -1.1712398707441946e-17, 4.331917303826236e-17, 1.0, -5.775889738434995e-17, 1.1712398707441946e-17, 5.775889738434995e-17, 1.0], "world_rotation": [-0.7896765794068324, 0.16013129347666225, -0.5922574345551229, -7.314247236221149e-17]}], "source": "action wait"}
{"timestamp": 1706069890.948485, "objects": [{"color": "cv_", "id_name": "hand", "shape": "CVCylinder", "id_string": "ob383", "world_size": [0.12, 0.005, 0.12], "id": 383, "camera_size": [51, 51], "camera_position": [246, 251], "world_position": [0.7112867385657238, 0.7281856833126019, -0.1740976763271116], "world_orientation": [1.9082858305721697e-05, 0.03261166353425313, 0.9994680980588491, -0.0007431483055274688, -0.9994678217904875, 0.03261166870882884, 0.999999723683182, -0.0007433753473546248, 5.162599671880997e-06], "world_rotation": [0.0, 1.0, 0.0, 0.0]}, {"color": "CVGreen", "id_name": "object122542192450630", "shape": "CVBox", "id_string": "ob1318", "world_size": [0.09, 0.09, 0.09], "id": 1318, "camera_size": [38, 38], "camera_position": [252, 251], "world_position": [0.7106369370756241, 0.6736522165670066, -0.1586670177757377], "world_orientation": [0.9994225547896062, -0.03397877232985208, -2.9618746591354923e-06, 0.03397877240661771, 0.9994225542911408, 3.162137507710102e-05, 1.8857088328216917e-06, -3.1703756330456385e-05, 0.999999999495658], "world_rotation": [0.0009318333085602309, 7.133249727916605e-05, -0.9999995632990846, -0.03398532901949886]}], "source": "action wait"}
{"timestamp": 1706069890.981288, "objects": [{"color": "cv_", "id_name": "hand", "shape": "CVCylinder", "id_string": "ob383", "world_size": [0.12, 0.005, 0.12], "id": 383, "camera_size": [52, 53], "camera_position": [245, 249], "world_position": [0.7153279427646649, 0.7846572037151122, -0.17410894387419587], "world_orientation": [8.153552039591528e-05, 0.11375361290999174, 0.9935089878314552, -0.0007253803914529827, -0.993508723025342, 0.11375364212121815, 0.9999997335875879, -0.0007299469009128477, 1.5083895124964273e-06], "world_rotation": [0.0, 1.0, 0.0, 0.0]}, {"color": "CVGreen", "id_name": "object122542192450630", "shape": "CVBox", "id_string": "ob1318", "world_size": [0.09, 0.09, 0.09], "id": 1318, "camera_size": [39, 44], "camera_position": [250, 247], "world_position": [0.7191129702579396, 0.7335863876014108, -0.1642320408523129], "world_orientation": [0.9933761153372855, -0.11490819579626106, -4.031437640157826e-06, 0.11490819584876098, 0.9933761139436456, 5.265932058420694e-05, -2.0462536636020566e-06, -5.277375654414754e-05, 0.9999999986053719], "world_rotation": [0.00045877087040852374, 8.638129566652052e-06, -0.9999998947273301, -0.11516259501820453]}], "source": "action wait"}
{"timestamp": 1706069891.017087, "objects": [{"color": "cv_", "id_name": "hand", "shape": "CVCylinder", "id_string": "ob383", "world_size": [0.12, 0.005, 0.12], "id": 383, "camera_size": [56, 55], "camera_position": [244, 250], "world_position": [0.7137848770935986, 0.8548136276403938, -0.1741123036195623], "world_orientation": [0.00015655775309441123, 0.21281587174178082, 0.9770923089577852, -0.0007211909675373707, -0.9770920428026746, 0.2128159293269296, 0.9999997276865921, -0.0007379881313889812, 5.09549661623667e-07], "world_rotation": [0.0, 1.0, 0.0, 0.0]}, {"color": "CVGreen", "id_name": "object122542192450630", "shape": "CVBox", "id_string": "ob1318", "world_size": [0.09, 0.09, 0.09], "id": 1318, "camera_size": [41, 50], "camera_position": [248, 245], "world_position": [0.7225696158900748, 0.8064291959665533, -0.1677903569985897], "world_orientation": [0.9768724743333532, -0.21382275097237063, -7.512634852164655e-06, 0.21382275108081827, 0.9768724731016585, 4.91577056060452e-05, -3.1721496566307048e-06, -4.9627181759883414e-05, 0.9999999987635402], "world_rotation": [0.00023099713255721112, 1.0149726955311424e-05, -0.9999999732686536, -0.21548655598716843]}], "source": "action wait"}
{"timestamp": 1706069891.051264, "objects": [{"color": "cv_", "id_name": "hand", "shape": "CVCylinder", "id_string": "ob383", "world_size": [0.12, 0.005, 0.12], "id": 383, "camera_size": [59, 57], "camera_position": [244, 254], "world_position": [0.7047968911247287, 0.9244220380283482, -0.17411323405178294], "world_orientation": [0.0002317188006490585, 0.3097459837007591, 0.9508193161098729, -0.0007095552718011507, -0.9508190513548072, 0.30974607037388124, 0.9999997214188181, -0.0007464328462091555, -5.407545596596789e-07], "world_rotation": [0.0, 1.0, 0.0, 0.0]}, {"color": "CVGreen", "id_name": "object122542192450630", "shape": "CVBox", "id_string": "ob1318", "world_size": [0.09, 0.09, 0.09], "id": 1318, "camera_size": [44, 55], "camera_position": [246, 247], "world_position": [0.7183242406000587, 0.8784751302730472, -0.1700664769716654], "world_orientation": [0.9505257861024508, -0.3106456660890791, -9.715474560884824e-06, 0.31064566621176565, 0.9505257851190039, 4.344824157191339e-05, -4.2621988587174915e-06, -4.431674404244168e-05, 0.9999999990089301], "world_rotation": [0.00014126220691068755, 8.777324523990892e-06, -0.9999999899839738, -0.31587223301486894]}], "source": "action wait"}
{"timestamp": 1706069891.090459, "objects": [{"color": "cv_", "id_name": "hand", "shape": "CVCylinder", "id_string": "ob383", "world_size": [0.12, 0.005, 0.12], "id": 383, "camera_size": [63, 59], "camera_position": [243, 262], "world_position": [0.6886183934790078, 0.9927071691073188, -0.17411368372680716], "world_orientation": [0.0003054731867700913, 0.403546704747758, 0.9149589956786905, -0.00068744884872736, -0.9149587374257679, 0.40354682035957784, 0.9999997170500663, -0.0007522602414384324, -2.0776436975561697e-06], "world_rotation": [0.0, 1.0, 0.0, 0.0]}, {"color": "CVGreen", "id_name": "object122542192450630", "shape": "CVBox", "id_string": "ob1318", "world_size": [0.09, 0.09, 0.09], "id": 1318, "camera_size": [47, 62], "camera_position": [245, 252], "world_position": [0.7066432579390673, 0.9491885797160342, -0.17152298221032702], "world_orientation": [0.914598537063644, -0.40436309905638723, -1.1070544511691823e-05, 0.40436309916633906, 0.9145985362341369, 3.93823314078829e-05, -5.799657770449023e-06, -4.0495542380011906e-05, 0.9999999991632377], "world_rotation": [9.876998367570494e-05, 6.517516963100949e-06, -0.999999995101006, -0.4162823534132986]}], "source": "action wait"}
{"timestamp": 1706069891.121027, "objects": [{"color": "cv_", "id_name": "hand", "shape": "CVCylinder", "id_string": "ob383", "world_size": [0.12, 0.005, 0.12], "id": 383, "camera_size": [66, 59], "camera_position": [242, 275], "world_position": [0.6655106578611923, 1.0589806925960628, -0.17411410612593853], "world_orientation": [0.00037674618623785995, 0.49327490536862895, 0.8698733964180541, -0.0006560548998656148, -0.8698731490307703, 0.4932750492243246, 0.999999713827099, -0.0007565241975445087, -4.105972759709823e-06], "world_rotation": [0.0, 1.0, 0.0, 0.0]}, {"color": "CVGreen", "id_name": "object122542192450630", "shape": "CVBox", "id_string": "ob1318", "world_size": [0.09, 0.09, 0.09], "id": 1318, "camera_size": [50, 68], "camera_position": [243, 262], "world_position": [0.6877817568480438, 1.018026786757219, -0.17245524936264642], "world_orientation": [0.8694499523697552, -0.49402103212958237, -1.1741062561391497e-05, 0.4940210322073362, 0.8694499516396768, 3.6476867361516494e-05, -7.81207338659e-06, -3.751514243585793e-05, 0.9999999992657929], "world_rotation": [7.488750961120992e-05, 3.97654037775208e-06, -0.9999999971880241, -0.5167085103242866]}], "source": "action wait"}
{"timestamp": 1706069891.152829, "objects": [{"color": "cv_", "id_name": "hand", "shape": "CVCylinder", "id_string": "ob383", "world_size": [0.12, 0.005, 0.12], "id": 383, "camera_size": [71, 60], "camera_position": [242, 289], "world_position": [0.6421084754075199, 1.1089614226693054, -0.17411362198741162], "world_orientation": [0.00043729591791892916, 0.5602104221195323, 0.8283502228652658, -0.0006354001160543828, -0.8283499791917789, 0.5602105927592521, 0.9999997025194423, -0.0007713116331309259, -6.276297278673882e-06], "world_rotation": [0.0, 1.0, 0.0, 0.0]}, {"color": "CVGreen", "id_name": "object122542192450630", "shape": "CVBox", "id_string": "ob1318", "world_size": [0.09, 0.09, 0.09], "id": 1318, "camera_size": [52, 73], "camera_position": [242, 275], "world_position": [0.6674780672714151, 1.070352993365609, -0.17305165568964573], "world_orientation": [0.8278817786245909, -0.5609026302279707, -4.97277967702168e-06, 0.5609026301617982, 0.8278817783046116, 2.5075310200724705e-05, -9.947933763239012e-06, -2.354863760859591e-05, 0.9999999996732502], "world_rotation": [-4.334437489290467e-05, 4.434953424773833e-06, 0.9999999990507982, 0.5954756872220994]}], "source": "action wait"}
{"timestamp": 1706069891.181989, "objects": [{"color": "cv_", "id_name": "hand", "shape": "CVCylinder", "id_string": "ob383", "world_size": [0.12, 0.005, 0.12], "id": 383, "camera_size": [73, 61], "camera_position": [241, 302], "world_position": [0.6228871625489527, 1.1427741149865427, -0.17411472084608384], "world_orientation": [0.0004790643687539498, 0.605364542514323, 0.7959482025633042, -0.0006135967524762508, -0.7959479661133707, 0.6053647319913955, 0.9999996969981321, -0.0007783999054295876, -9.860592595525204e-06], "world_rotation": [0.0, 1.0, 0.0, 0.0]}, {"color": "CVGreen", "id_name": "object122542192450630", "shape": "CVBox", "id_string": "ob1318", "world_size": [0.09, 0.09, 0.09], "id": 1318, "camera_size": [54, 76], "camera_position": [241, 285], "world_position": [0.6502935096325055, 1.1060214577525256, -0.1734346346966386], "world_orientation": [0.7954506146375124, -0.606018415291649, 4.496969434170999e-07, 0.6060184151413466, 0.7954506144563257, 2.1693881599882774e-05, -1.3504603458645885e-05, -1.6983886823556636e-05, 0.9999999997645866], "world_rotation": [-3.191138043830322e-05, 1.1513099308251177e-05, 0.9999999994245562, 0.6510455441573987]}], "source": "action wait"}
{"timestamp": 1706069891.213309, "objects": [{"color": "cv_", "id_name": "hand", "shape": "CVCylinder", "id_string": "ob383", "world_size": [0.12, 0.005, 0.12], "id": 383, "camera_size": [75, 61], "camera_position": [241, 312], "world_position": [0.6080738967159411, 1.1658245171098547, -0.17411638113697753], "world_orientation": [0.0005069835323696408, 0.636096873597352, 0.7716090398429583, -0.000593836647409068, -0.7716088114494638, 0.6360970754936563, 0.9999996951628207, -0.0007807004675946949, -1.3455325991221687e-05], "world_rotation": [0.0, 1.0, 0.0, 0.0]}, {"color": "CVGreen", "id_name": "object122542192450630", "shape": "CVBox", "id_string": "ob1318", "world_size": [0.09, 0.09, 0.09], "id": 1318, "camera_size": [56, 78], "camera_position": [241, 294], "world_position": [0.6368374949345822, 1.1304648751492905, -0.17368058594537086], "world_orientation": [0.7710919839553135, -0.6367237644904093, 3.6084213222107766e-06, 0.6367237642715495, 0.7710919838175235, 2.245494776578869e-05, -1.7080023628661442e-05, -1.501726261497917e-05, 0.9999999997413773], "world_rotation": [-2.942579848266694e-05, 1.6246012868153615e-05, 0.9999999994350947, 0.6902419476378595]}], "source": "action wait"}
{"timestamp": 1706069891.246569, "objects": [{"color": "cv_", "id_name": "hand", "shape": "CVCylinder", "id_string": "ob383", "world_size": [0.12, 0.005, 0.12], "id": 383, "camera_size": [76, 62], "camera_position": [240, 319], "world_position": [0.5970459951754611, 1.18166415298218, -0.17411798023631345], "world_orientation": [0.0005253197186722931, 0.6571873119820413, 0.7537271130913442, -0.0005775857120540681, -0.7537268919652464, 0.657187521734212, 0.9999996952169228, -0.0007805755753417101, -1.636559729836091e-05], "world_rotation": [0.0, 1.0, 0.0, 0.0]}, {"color": "CVGreen", "id_name": "object122542192450630", "shape": "CVBox", "id_string": "ob1318", "world_size": [0.09, 0.09, 0.09], "id": 1318, "camera_size": [57, 80], "camera_position": [241, 301], "world_position": [0.6267267105098343, 1.1473201740663712, -0.173838452615213], "world_orientation": [0.7531967448858121, -0.657795305143591, 4.946415663323091e-06, 0.6577953048588223, 0.7531967447455302, 2.4706794169061693e-05, -1.9977637385331088e-05, -1.5355347945486962e-05, 0.9999999996825537], "world_rotation": [-3.0451830367435172e-05, 1.894514360556237e-05, 0.9999999993568839, 0.7178878892439713]}], "source": "action wait"}
{"timestamp": 1706069891.280588, "objects": [{"color": "cv_", "id_name": "hand", "shape": "CVCylinder", "id_string": "ob383", "world_size": [0.12, 0.005, 0.12], "id": 383, "camera_size": [76, 62], "camera_position": [240, 325], "world_position": [0.5890029731125818, 1.1926237259576742, -0.17411929642992666], "world_orientation": [0.0005373251855909816, 0.6717609409434719, 0.7407678107911995, -0.0005648148248974703, -0.7407675956972111, 0.6717611555822404, 0.9999996961328832, -0.0007793508289377768, -1.8612547605330927e-05], "world_rotation": [0.0, 1.0, 0.0, 0.0]}, {"color": "CVGreen", "id_name": "object122542192450630", "shape": "CVBox", "id_string": "ob1318", "world_size": [0.09, 0.09, 0.09], "id": 1318, "camera_size": [57, 82], "camera_position": [241, 306], "world_position": [0.6193109817624547, 1.1590076382738985, -0.17393972410697478], "world_orientation": [0.7402281884628302, -0.6723557309772354, 5.206172643137446e-06, 0.6723557306303383, 0.7402281882923913, 2.7311320488733205e-05, -2.2216678594722798e-05, -1.6716209278638405e-05, 0.9999999996134938], "world_rotation": [-3.2741246722166e-05, 2.039311183134858e-05, 0.999999999256066, 0.7373866457358066]}], "source": "action wait"}
{"timestamp": 1706069891.316942, "objects": [{"color": "cv_", "id_name": "hand", "shape": "CVCylinder", "id_string": "ob383", "world_size": [0.12, 0.005, 0.12], "id": 383, "camera_size": [78, 62], "camera_position": [240, 329], "world_position": [0.583211438104655, 1.2002483707993128, -0.17412029484987618], "world_orientation": [0.0005450973870646458, 0.6818861888582337, 0.7314580837705137, -0.0005551230878280631, -0.7314578734001186, 0.681886406433897, 0.9999996973535523, -0.0007777437685015219, -2.0185008831459433e-05], "world_rotation": [0.0, 1.0, 0.0, 0.0]}, {"color": "CVGreen", "id_name": "object122542192450630", "shape": "CVBox", "id_string": "ob1318", "world_size": [0.09, 0.09, 0.09], "id": 1318, "camera_size": [58, 83], "camera_position": [240, 310], "world_position": [0.6139527212333946, 1.1671484651187274, -0.17400465397458087], "world_orientation": [0.7309119574035314, -0.682471765350998, 4.819818761338807e-06, 0.6824717649535696, 0.7309119571875634, 2.9688467175971747e-05, -2.3784403768290085e-05, -1.841026543909278e-05, 0.9999999995476822], "world_rotation": [-3.523862453409096e-05, 2.09563413214651e-05, 0.9999999991595356, 0.7511390744456028]}], "source": "action wait"}
