{"timestamp": 1706069715.64626, "objects": [{"color": "cv_", "id_name": "hand", "shape": "CVCylinder", "id_string": "ob383", "world_size": [0.12, 0.005, 0.12], "id": 383, "camera_size": [48, 50], "camera_position": [246, 426], "world_position": [0.2676445155730218, 0.6334703011721032, -0.17389260400900527], "world_orientation": [-0.0006415483279982028, 0.1979154745695096, 0.9802188803229963, -0.0007473669509816174, -0.9802189031849177, 0.1979149900376369, 0.9999995149290741, -0.0006056111649374663, 0.0007767732831920391], "world_rotation": [0.0, 1.0, 0.0, 0.0]}, {"color": "CVPurple", "id_name": "object264426124414353", "shape": "CVBox", "id_string": "ob1297", "world_size": [0.09, 0.09, 0.09], "id": 1297, "camera_size": [37, 37], "camera_position": [256, 254], "world_position": [0.705, 0.6448569696296074, -0.15], "world_orientation": [1.0, -4.331917303826236e-17, -1.1712398707441946e-17, 4.331917303826236e-17, 1.0, -5.775889738434995e-17, 1.1712398707441946e-17, 5.775889738434995e-17, 1.0], "world_rotation": [-0.7896765794068324, 0.16013129347666225, -0.5922574345551229, -7.314247236221149e-17]}], "source": "action wait"}
{"timestamp": 1706069715.679652, "objects": [{"color": "cv_", "id_name": "hand", "shape": "CVCylinder", "id_string": "ob383", "world_size": [0.12, 0.005, 0.12], "id": 383, "camera_size": [49, 51], "camera_position": [246, 421], "world_position": [0.29113174532475405, 0.6677893561619843, -0.17395609992655142], "world_orientation": [-0.0003826363116505807, 0.19838493165718235, 0.9801241107537495, -0.0007151401378901633, -0.9801239861595129, 0.1983846272506279, 0.9999996710819642, -0.0006250169296548499, 0.0005169040544054181], "world_rotation": [0.0, 1.0, 0.0, 0.0]}, {"color": "CVPurple", "id_name": "object264426124414353", "shape": "CVBox", "id_string": "ob1297", "world_size": [0.09, 0.09, 0.09], "id": 1297, "camera_size": [37, 37], "camera_position": [256, 254], "world_position": [0.705, 0.6448569696296074, -0.15], "world_orientation": [1.0, -4.331917303826236e-17, -1.1712398707441946e-17, 4.331917303826236e-17, 1.0, -5.775889738434995e-17, 1.1712398707441946e-17, 5.775889738434995e-17, 1.0], "world_rotation": [-0.7896765794068324, 0.16013129347666225, -0.5922574345551229, -7.314247236221149e-17]}], "source": "action wait"}
{"timestamp": 1706069715.715316, "objects": [{"color": "cv_", "id_name": "hand", "shape": "CVCylinder", "id_string": "ob383", "world_size": [0.12, 0.005, 0.12], "id": 383, "camera_size": [51, 52], "camera_position": [246, 406], "world_position": [0.3371920403714491, 0.7058256740745682, -0.17398392654170458], "world_orientation": [-0.0002228892697339689, 0.18693342927197593, 0.9823725583204126, -0.0007314723705847858, -0.982372350389324, 0.1869332237424015, 0.9999997076342295, -0.000676912974303402, 0.0003556968944366606], "world_rotation": [0.0, 1.0, 0.0, 0.0]}, {"color": "CVPurple", "id_name": "object264426124414353", "shape": "CVBox", "id_string": "ob1297", "world_size": [0.09, 0.09, 0.09], "id": 1297, "camera_size": [37, 37], "camera_position": [256, 254], "world_position": [0.705, 0.6448569696296074, -0.15], "world_orientation": [1.0, -4.331917303826236e-17, -1.1712398707441946e-17, 4.331917303826236e-17, 1.0, -5.775889738434995e-17, 1.1712398707441946e-17, 5.775889738434995e-17, 1.0], "world_rotation": [-0.7896765794068324, 0.16013129347666225, -0.5922574345551229, -7.314247236221149e-17]}], "source": "action wait"}
{"timestamp": 1706069715.750313, "objects": [{"color": "cv_", "id_name": "hand", "shape": "CVCylinder", "id_string": "ob383", "world_size": [0.12, 0.005, 0.12], "id": 383, "camera_size": [51, 53], "camera_position": [246, 388], "world_position": [0.3877723381975806, 0.739046817842236, -0.1740044630246357], "world_orientation": [-0.00011928155621336038, 0.17877307459131123, 0.9838903259881558, -0.000742685163201078, -0.9838900774770882, 0.17877293939765618, 0.9999997170952895, -0.0007093964329085822, 0.0002501320496635806], "world_rotation": [0.0, 1.0, 0.0, 0.0]}, {"color": "CVPurple", "id_name": "object264426124414353", "shape": "CVBox", "id_string": "ob1297", "world_size": [0.09, 0.09, 0.09], "id": 1297, "camera_size": [37, 37], "camera_position": [256, 254], "world_position": [0.705, 0.6448569696296074, -0.15], "world_orientation": [1.0, -4.331917303826236e-17, -1.1712398707441946e-17, 4.331917303826236e-17, 1.0, -5.775889738434995e-17, 1.1712398707441946e-17, 5.775889738434995e-17, 1.0], "world_rotation": [-0.7896765794068324, 0.16013129347666225, -0.5922574345551229, -7.314247236221149e-17]}], "source": "action wait"}
{"timestamp": 1706069715.782297, "objects": [{"color": "cv_", "id_name": "hand", "shape": "CVCylinder", "id_string": "ob383", "world_size": [0.12, 0.005, 0.12], "id": 383, "camera_size": [52, 54], "camera_position": [245, 367], "world_position": [0.44190165337191306, 0.7670279965947092, -0.17402299162364296], "world_orientation": [-4.63419533246155e-05, 0.17300791796014992, 0.9849204324083837, -0.0007500462746148344, -0.9849201624363992, 0.17300783524697094, 0.9999997176414649, -0.0007307183800944214, 0.0001754070685414015], "world_rotation": [0.0, 1.0, 0.0, 0.0]}, {"color": "CVPurple", "id_name": "object264426124414353", "shape": "CVBox", "id_string": "ob1297", "world_size": [0.09, 0.09, 0.09], "id": 1297, "camera_size": [37, 37], "camera_position": [256, 254], "world_position": [0.705, 0.6448569696296074, -0.15], "world_orientation": [1.0, -4.331917303826236e-17, -1.1712398707441946e-17, 4.331917303826236e-17, 1.0, -5.775889738434995e-17, 1.1712398707441946e-17, 5.775889738434995e-17, 1.0], "world_rotation": [-0.7896765794068324, 0.16013129347666225, -0.5922574345551229, -7.314247236221149e-17]}], "source": "action wait"}
{"timestamp": 1706069715.815594, "objects": [{"color": "cv_", "id_name": "hand", "shape": "CVCylinder", "id_string": "ob383", "world_size": [0.12, 0.005, 0.12], "id": 383, "camera_size": [52, 54], "camera_position": [245, 343], "world_position": [0.4991878963092075, 0.7798267154020564, -0.17403811952922515], "world_orientation": [-4.424767056957657e-06, 0.1551628168407996, 0.9878889108854547, -0.0007646003064516378, -0.9878886226533664, 0.1551627681449591, 0.9999997076833537, -0.0007546536048985406, 0.00012300871434025099], "world_rotation": [0.0, 1.0, 0.0, 0.0]}, {"color": "CVPurple", "id_name": "object264426124414353", "shape": "CVBox", "id_string": "ob1297", "world_size": [0.09, 0.09, 0.09], "id": 1297, "camera_size": [37, 37], "camera_position": [256, 254], "world_position": [0.705, 0.6448569696296074, -0.15], "world_orientation": [1.0, -4.331917303826236e-17, -1.1712398707441946e-17, 4.331917303826236e-17, 1.0, -5.775889738434995e-17, 1.1712398707441946e-17, 5.775889738434995e-17, 1.0], "world_rotation": [-0.7896765794068324, 0.16013129347666225, -0.5922574345551229, -7.314247236221149e-17]}], "source": "action wait"}
{"timestamp": 1706069715.845169, "objects": [{"color": "cv_", "id_name": "hand", "shape": "CVCylinder", "id_string": "ob383", "world_size": [0.12, 0.005, 0.12], "id": 383, "camera_size": [52, 52], "camera_position": [245, 317], "world_position": [0.5577642229848493, 0.769888919975052, -0.17404998270490535], "world_orientation": [6.029999863966843e-07, 0.11470821924125062, 0.9933992271177472, -0.0007769740780414247, -0.9933989272121873, 0.11470818508266044, 0.9999996981554138, -0.0007719146176512194, 8.85262933495526e-05], "world_rotation": [0.0, 1.0, 0.0, 0.0]}, {"color": "CVPurple", "id_name": "object264426124414353", "shape": "CVBox", "id_string": "ob1297", "world_size": [0.09, 0.09, 0.09], "id": 1297, "camera_size": [37, 37], "camera_position": [256, 254], "world_position": [0.705, 0.6448569696296074, -0.15], "world_orientation": [1.0, -4.331917303826236e-17, -1.1712398707441946e-17, 4.331917303826236e-17, 1.0, -5.775889738434995e-17, 1.1712398707441946e-17, 5.775889738434995e-17, 1.0], "world_rotation": [-0.7896765794068324, 0.16013129347666225, -0.5922574345551229, -7.314247236221149e-17]}], "source": "action wait"}
{"timestamp": 1706069715.875845, "objects": [{"color": "cv_", "id_name": "hand", "shape": "CVCylinder", "id_string": "ob383", "world_size": [0.12, 0.005, 0.12], "id": 383, "camera_size": [52, 52], "camera_position": [245, 297], "world_position": [0.6028836454837184, 0.7553294127016906, -0.17405567090474414], "world_orientation": [-1.4561623958300506e-05, 0.08044899508282603, 0.9967587265623123, -0.0007750400827207143, -0.9967584282058096, 0.08044895967975228, 0.9999996995503695, -0.0007713564983890486, 7.686561721298401e-05], "world_rotation": [0.0, 1.0, 0.0, 0.0]}, {"color": "CVPurple", "id_name": "object264426124414353", "shape": "CVBox", "id_string": "ob1297", "world_size": [0.09, 0.09, 0.09], "id": 1297, "camera_size": [37, 37], "camera_position": [256, 254], "world_position": [0.705, 0.6448569696296074, -0.15], "world_orientation": [1.0, -4.331917303826236e-17, -1.1712398707441946e-17, 4.331917303826236e-17, 1.0, -5.775889738434995e-17, 1.1712398707441946e-17, 5.775889738434995e-17, 1.0], "world_rotation": [-0.7896765794068324, 0.16013129347666225, -0.5922574345551229, -7.314247236221149e-17]}], "source": "action wait"}
{"timestamp": 1706069715.908545, "objects": [{"color": "cv_", "id_name": "hand", "shape": "CVCylinder", "id_string": "ob383", "world_size": [0.12, 0.005, 0.12], "id": 383, "camera_size": [51, 51], "camera_position": [246, 284], "world_position": [0.6345037871401693, 0.7426165481206158, -0.1740633958451622], "world_orientation": [-2.1398107360798787e-05, 0.056236342774717146, 0.9984174844690199, -0.0007711222593887188, -0.9984171887812197, 0.05623630959324988, 0.9999997024562469, -0.000768698595847077, 6.472933389698983e-05], "world_rotation": [0.0, 1.0, 0.0, 0.0]}, {"color": "CVPurple", "id_name": "object264426124414353", "shape": "CVBox", "id_string": "ob1297", "world_size": [0.09, 0.09, 0.09], "id": 1297, "camera_size": [37, 37], "camera_position": [256, 254], "world_position": [0.705, 0.6448569696296074, -0.15], "world_orientation": [1.0, -4.331917303826236e-17, -1.1712398707441946e-17, 4.331917303826236e-17, 1.0, -5.775889738434995e-17, 1.1712398707441946e-17, 5.775889738434995e-17, 1.0], "world_rotation": [-0.7896765794068324, 0.16013129347666225, -0.5922574345551229, -7.314247236221149e-17]}], "source": "action wait"}
{"timestamp": 1706069715.942085, "objects": [{"color": "cv_", "id_name": "hand", "shape": "CVCylinder", "id_string": "ob383", "world_size": [0.12, 0.005, 0.12], "id": 383, "camera_size": [51, 51], "camera_position": [246, 274], "world_position": [0.656606650370843, 0.732470939956453, -0.17407129242675431], "world_orientation": [-2.3154831360540972e-05, 0.0391491055975334, 0.9992333796439984, -0.0007676316890672414, -0.9992330862043374, 0.03914907631280092, 0.9999997051026784, -0.0007661367167288558, 5.318916765661894e-05], "world_rotation": [0.0, 1.0, 0.0, 0.0]}, {"color": "CVPurple", "id_name": "object264426124414353", "shape": "CVBox", "id_string": "ob1297", "world_size": [0.09, 0.09, 0.09], "id": 1297, "camera_size": [37, 37], "camera_position": [256, 254], "world_position": [0.705, 0.6448569696296074, -0.15], "world_orientation": [1.0, -4.331917303826236e-17, -1.1712398707441946e-17, 4.331917303826236e-17, 1.0, -5.775889738434995e-17, 1.1712398707441946e-17, 5.775889738434995e-17, 1.0], "world_rotation": [-0.7896765794068324, 0.16013129347666225, -0.5922574345551229, -7.314247236221149e-17]}], "source": "action wait"}
{"timestamp": 1706069715.977934, "objects": [{"color": "cv_", "id_name": "hand", "shape": "CVCylinder", "id_string": "ob383", "world_size": [0.12, 0.005, 0.12], "id": 383, "camera_size": [51, 50], "camera_position": [246, 267], "world_position": [0.6720598615743024, 0.7247543891459169, -0.1740784068185728], "world_orientation": [-2.226164574734349e-05, 0.027098529722978066, 0.9996327671656587, -0.0007651476885172094, -0.9996324752569022, 0.027098504770070017, 0.9999997070266742, -0.0007642634438497464, 4.2987841421834836e-05], "world_rotation": [0.0, 1.0, 0.0, 0.0]}, {"color": "CVPurple", "id_name": "object264426124414353", "shape": "CVBox", "id_string": "ob1297", "world_size": [0.09, 0.09, 0.09], "id": 1297, "camera_size": [37, 37], "camera_position": [256, 254], "world_position": [0.705, 0.6448569696296074, -0.15], "world_orientation": [1.0, -4.331917303826236e-17, -1.1712398707441946e-17, 4.331917303826236e-17, 1.0, -5.775889738434995e-17, 1.1712398707441946e-17, 5.775889738434995e-17, 1.0], "world_rotation": [-0.7896765794068324, 0.16013129347666225, -0.5922574345551229, -7.314247236221149e-17]}], "source": "action wait"}
{"timestamp": 1706069716.013681, "objects": [{"color": "cv_", "id_name": "hand", "shape": "CVCylinder", "id_string": "ob383", "world_size": [0.12, 0.005, 0.12], "id": 383, "camera_size": [51, 50], "camera_position": [246, 263], "world_position": [0.6828759148575565, 0.7190497784958383, -0.17408441461823362], "world_orientation": [-2.0166125793407127e-05, 0.018602780309384895, 0.9998269531064304, -0.0007636017161056789, -0.9998266621028115, 0.018602759493418462, 0.9999997082528307, -0.0007630944316130777, 3.436774520852188e-05], "world_rotation": [0.0, 1.0, 0.0, 0.0]}, {"color": "CVPurple", "id_name": "object264426124414353", "shape": "CVBox", "id_string": "ob1297", "world_size": [0.09, 0.09, 0.09], "id": 1297, "camera_size": [37, 37], "camera_position": [256, 254], "world_position": [0.705, 0.6448569696296074, -0.15], "world_orientation": [1.0, -4.331917303826236e-17, -1.1712398707441946e-17, 4.331917303826236e-17, 1.0, -5.775889738434995e-17, 1.1712398707441946e-17, 5.775889738434995e-17, 1.0], "world_rotation": [-0.7896765794068324, 0.16013129347666225, -0.5922574345551229, -7.314247236221149e-17]}], "source": "action wait"}
{"timestamp": 1706069716.046183, "objects": [{"color": "cv_", "id_name": "hand", "shape": "CVCylinder", "id_string": "ob383", "world_size": [0.12, 0.005, 0.12], "id": 383, "camera_size": [50, 51], "camera_position": [245, 260], "world_position": [0.6904561541409863, 0.7149066976367005, -0.174089296087503], "world_orientation": [-1.7683953504854693e-05, 0.012614107713326413, 0.9999204388219468, -0.0007627515588282538, -0.9999201482765716, 0.012614090558528163, 0.9999997089486263, -0.0007624678064251086, 2.730397173262619e-05], "world_rotation": [0.0, 1.0, 0.0, 0.0]}, {"color": "CVPurple", "id_name": "object264426124414353", "shape": "CVBox", "id_string": "ob1297", "world_size": [0.09, 0.09, 0.09], "id": 1297, "camera_size": [37, 37], "camera_position": [256, 254], "world_position": [0.705, 0.6448569696296074, -0.15], "world_orientation": [1.0, -4.331917303826236e-17, -1.1712398707441946e-17, 4.331917303826236e-17, 1.0, -5.775889738434995e-17, 1.1712398707441946e-17, 5.775889738434995e-17, 1.0], "world_rotation": [-0.7896765794068324, 0.16013129347666225, -0.5922574345551229, -7.314247236221149e-17]}], "source": "action wait"}
{"timestamp": 1706069716.078059, "objects": [{"color": "cv_", "id_name": "hand", "shape": "CVCylinder", "id_string": "ob383", "world_size": [0.12, 0.005, 0.12], "id": 383, "camera_size": [49, 50], "camera_position": [246, 257], "world_position": [0.6957750280182667, 0.7119319272883581, -0.17409316427326865], "world_orientation": [-1.5244663220904606e-05, 0.008392929110242472, 0.999964778634003, -0.000762358618263854, -0.9999644882626021, 0.008392915050780674, 0.9999997092884265, -0.0007622038197889304, 2.1642543696465857e-05], "world_rotation": [0.0, 1.0, 0.0, 0.0]}, {"color": "CVPurple", "id_name": "object264426124414353", "shape": "CVBox", "id_string": "ob1297", "world_size": [0.09, 0.09, 0.09], "id": 1297, "camera_size": [37, 37], "camera_position": [256, 254], "world_position": [0.705, 0.6448569696296074, -0.15], "world_orientation": [1.0, -4.331917303826236e-17, -1.1712398707441946e-17, 4.331917303826236e-17, 1.0, -5.775889738434995e-17, 1.1712398707441946e-17, 5.775889738434995e-17, 1.0], "world_rotation": [-0.7896765794068324, 0.16013129347666225, -0.5922574345551229, -7.314247236221149e-17]}], "source": "action wait"}
{"timestamp": 1706069716.107294, "objects": [{"color": "cv_", "id_name": "hand", "shape": "CVCylinder", "id_string": "ob383", "world_size": [0.12, 0.005, 0.12], "id": 383, "camera_size": [49, 50], "camera_position": [246, 256], "world_position": [0.6995109470925178, 0.7098119841921745, -0.17409617711388337], "world_orientation": [-1.3050923811066284e-05, 0.005417626508132519, 0.9999853244686604, -0.0007622393735264845, -0.9999850341075063, 0.005417614986967518, 0.9999997094103632, -0.0007621574823785886, 1.7180256728269206e-05], "world_rotation": [0.0, 1.0, 0.0, 0.0]}, {"color": "CVPurple", "id_name": "object264426124414353", "shape": "CVBox", "id_string": "ob1297", "world_size": [0.09, 0.09, 0.09], "id": 1297, "camera_size": [37, 37], "camera_position": [256, 254], "world_position": [0.705, 0.6448569696296074, -0.15], "world_orientation": [1.0, -4.331917303826236e-17, -1.1712398707441946e-17, 4.331917303826236e-17, 1.0, -5.775889738434995e-17, 1.1712398707441946e-17, 5.775889738434995e-17, 1.0], "world_rotation": [-0.7896765794068324, 0.16013129347666225, -0.5922574345551229, -7.314247236221149e-17]}], "source": "action wait"}
{"timestamp": 1706069716.138182, "objects": [{"color": "cv_", "id_name": "hand", "shape": "CVCylinder", "id_string": "ob383", "world_size": [0.12, 0.005, 0.12], "id": 383, "camera_size": [49, 50], "camera_position": [246, 255], "world_position": [0.7021371662171487, 0.7083087006260107, -0.1740984948702835], "world_orientation": [-1.1177467510959023e-05, 0.0033204604734108686, 0.999994487193459, -0.0007622685860260323, -0.9999941967590783, 0.0033204509887507223, 0.9999997094107913, -0.0007622272695540801, 1.3708485355809864e-05], "world_rotation": [0.0, 1.0, 0.0, 0.0]}, {"color": "CVPurple", "id_name": "object264426124414353", "shape": "CVBox", "id_string": "ob1297", "world_size": [0.09, 0.09, 0.09], "id": 1297, "camera_size": [37, 37], "camera_position": [256, 254], "world_position": [0.705, 0.6448569696296074, -0.15], "world_orientation": [1.0, -4.331917303826236e-17, -1.1712398707441946e-17, 4.331917303826236e-17, 1.0, -5.775889738434995e-17, 1.1712398707441946e-17, 5.775889738434995e-17, 1.0], "world_rotation": [-0.7896765794068324, 0.16013129347666225, -0.5922574345551229, -7.314247236221149e-17]}], "source": "action wait"}
{"timestamp": 1706069716.171191, "objects": [{"color": "cv_", "id_name": "hand", "shape": "CVCylinder", "id_string": "ob383", "world_size": [0.12, 0.005, 0.12], "id": 383, "camera_size": [49, 50], "camera_position": [246, 254], "world_position": [0.7039844994702101, 0.7072461829609856, -0.17410026157184688], "world_orientation": [-9.630695804960765e-06, 0.0018422252133551153, 0.9999983030553169, -0.0007623674888951334, -0.9999980125135746, 0.0018422173359694048, 0.9999997093514886, -0.0007623484533652817, 1.1035129274333355e-05], "world_rotation": [0.0, 1.0, 0.0, 0.0]}, {"color": "CVPurple", "id_name": "object264426124414353", "shape": "CVBox", "id_string": "ob1297", "world_size": [0.09, 0.09, 0.09], "id": 1297, "camera_size": [37, 37], "camera_position": [256, 254], "world_position": [0.705, 0.6448569696296074, -0.15], "world_orientation": [1.0, -4.331917303826236e-17, -1.1712398707441946e-17, 4.331917303826236e-17, 1.0, -5.775889738434995e-17, 1.1712398707441946e-17, 5.775889738434995e-17, 1.0], "world_rotation": [-0.7896765794068324, 0.16013129347666225, -0.5922574345551229, -7.314247236221149e-17]}], "source": "action wait"}
{"timestamp": 1706069716.207967, "objects": [{"color": "cv_", "id_name": "hand", "shape": "CVCylinder", "id_string": "ob383", "world_size": [0.12, 0.005, 0.12], "id": 383, "camera_size": [49, 50], "camera_position": [246, 253], "world_position": [0.7052846069952565, 0.706496801342255, -0.17410159877675258], "world_orientation": [-8.383616456268543e-06, 0.0008002306560131847, 0.999999679780255, -0.0007624900183869158, -0.9999993891250496, 0.0008002240309963642, 0.9999997092693012, -0.0007624830654515663, 8.993779222909095e-06], "world_rotation": [0.0, 1.0, 0.0, 0.0]}, {"color": "CVPurple", "id_name": "object264426124414353", "shape": "CVBox", "id_string": "ob1297", "world_size": [0.09, 0.09, 0.09], "id": 1297, "camera_size": [37, 37], "camera_position": [256, 254], "world_position": [0.705, 0.6448569696296074, -0.15], "world_orientation": [1.0, -4.331917303826236e-17, -1.1712398707441946e-17, 4.331917303826236e-17, 1.0, -5.775889738434995e-17, 1.1712398707441946e-17, 5.775889738434995e-17, 1.0], "world_rotation": [-0.7896765794068324, 0.16013129347666225, -0.5922574345551229, -7.314247236221149e-17]}], "source": "action wait"}
{"timestamp": 1706069716.241646, "objects": [{"color": "cv_", "id_name": "hand", "shape": "CVCylinder", "id_string": "ob383", "world_size": [0.12, 0.005, 0.12], "id": 383, "camera_size": [49, 50], "camera_position": [246, 253], "world_position": [0.7061999528051065, 0.7059689929392322, -0.17410260529742855], "world_orientation": [-7.3956773291407765e-06, 6.571824247575085e-05, 0.9999999978132083, -0.0007626113991681459, -0.9999997070528123, 6.571258334000138e-05, 0.9999997091845367, -0.0007626109115117688, 7.445792643807463e-06], "world_rotation": [0.0, 1.0, 0.0, 0.0]}, {"color": "CVPurple", "id_name": "object264426124414353", "shape": "CVBox", "id_string": "ob1297", "world_size": [0.09, 0.09, 0.09], "id": 1297, "camera_size": [37, 37], "camera_position": [256, 254], "world_position": [0.705, 0.6448569696296074, -0.15], "world_orientation": [1.0, -4.331917303826236e-17, -1.1712398707441946e-17, 4.331917303826236e-17, 1.0, -5.775889738434995e-17, 1.1712398707441946e-17, 5.775889738434995e-17, 1.0], "world_rotation": [-0.7896765794068324, 0.16013129347666225, -0.5922574345551229, -7.314247236221149e-17]}], "source": "action wait"}
{"timestamp": 1706069716.275758, "objects": [{"color": "cv_", "id_name": "hand", "shape": "CVCylinder", "id_string": "ob383", "world_size": [0.12, 0.005, 0.12], "id": 383, "camera_size": [49, 50], "camera_position": [246, 253], "world_position": [0.7068446062455812, 0.7055975569551662, -0.17410335952011052], "world_orientation": [-6.6235309604958885e-06, -0.00045206085475391327, 0.9999998977985511, -0.0007627198841879206, -0.9999996069473794, -0.00045206577517038326, 0.9999997091072114, -0.0007627228005088663, 6.278732554679994e-06], "world_rotation": [0.0, 1.0, 0.0, 0.0]}, {"color": "CVPurple", "id_name": "object264426124414353", "shape": "CVBox", "id_string": "ob1297", "world_size": [0.09, 0.09, 0.09], "id": 1297, "camera_size": [37, 37], "camera_position": [256, 254], "world_position": [0.705, 0.6448569696296074, -0.15], "world_orientation": [1.0, -4.331917303826236e-17, -1.1712398707441946e-17, 4.331917303826236e-17, 1.0, -5.775889738434995e-17, 1.1712398707441946e-17, 5.775889738434995e-17, 1.0], "world_rotation": [-0.7896765794068324, 0.16013129347666225, -0.5922574345551229, -7.314247236221149e-17]}], "source": "action wait"}
{"timestamp": 1706069716.308802, "objects": [{"color": "cv_", "id_name": "hand", "shape": "CVCylinder", "id_string": "ob383", "world_size": [0.12, 0.005, 0.12], "id": 383, "camera_size": [49, 49], "camera_position": [246, 253], "world_position": [0.7072987304699062, 0.7053362919968382, -0.1741039225912979], "world_orientation": [-6.026462835682378e-06, -0.0008170677525574171, 0.999999666181929, -0.0007628112298429125, -0.9999993752559008, -0.0008170721119057645, 0.9999997090413125, -0.0007628158992578249, 5.403190613855954e-06], "world_rotation": [0.0, 1.0, 0.0, 0.0]}, {"color": "CVPurple", "id_name": "object264426124414353", "shape": "CVBox", "id_string": "ob1297", "world_size": [0.09, 0.09, 0.09], "id": 1297, "camera_size": [37, 37], "camera_position": [256, 254], "world_position": [0.705, 0.6448569696296074, -0.15], "world_orientation": [1.0, -4.331917303826236e-17, -1.1712398707441946e-17, 4.331917303826236e-17, 1.0, -5.775889738434995e-17, 1.1712398707441946e-17, 5.775889738434995e-17, 1.0], "world_rotation": [-0.7896765794068324, 0.16013129347666225, -0.5922574345551229, -7.314247236221149e-17]}], "source": "action wait"}
{"timestamp": 1706069716.373825, "objects": [{"color": "cv_", "id_name": "hand", "shape": "CVCylinder", "id_string": "ob383", "world_size": [0.12, 0.005, 0.12], "id": 383, "camera_size": [49, 50], "camera_position": [246, 252], "world_position": [0.7078441831877909, 0.7050233751483728, -0.17410465264890046], "world_orientation": [-5.220401129788155e-06, -0.0012557877230463064, 0.9999992114846603, -0.000762943497896192, -0.9999989204520815, -0.0012557913404447425, 0.999999708944941, -0.0007629494520384374, 4.262300416442751e-06], "world_rotation": [0.0, 1.0, 0.0, 0.0]}, {"color": "CVPurple", "id_name": "object264426124414353", "shape": "CVBox", "id_string": "ob1297", "world_size": [0.09, 0.09, 0.09], "id": 1297, "camera_size": [37, 37], "camera_position": [256, 254], "world_position": [0.705, 0.6448569696296074, -0.15], "world_orientation": [1.0, -4.331917303826236e-17, -1.1712398707441946e-17, 4.331917303826236e-17, 1.0, -5.775889738434995e-17, 1.1712398707441946e-17, 5.775889738434995e-17, 1.0], "world_rotation": [-0.7896765794068324, 0.16013129347666225, -0.5922574345551229, -7.314247236221149e-17]}], "source": "action wait"}
{"timestamp": 1706069717.435842, "objects": [{"color": "cv_", "id_name": "hand", "shape": "CVCylinder", "id_string": "ob383", "world_size": [0.12, 0.005, 0.12], "id": 383, "camera_size": [49, 50], "camera_position": [246, 252], "world_position": [0.7083828647193208, 0.7047170009278548, -0.17410552365511728], "world_orientation": [-4.184423614077111e-06, -0.0016893459391312791, 0.9999985730453762, -0.0007631191646401647, -0.9999982818736798, -0.001689348640458866, 0.9999997088157732, -0.0007631251446544524, 2.8952441632142896e-06], "world_rotation": [0.0, 1.0, 0.0, 0.0]}, {"color": "CVPurple", "id_name": "object264426124414353", "shape": "CVBox", "id_string": "ob1297", "world_size": [0.09, 0.09, 0.09], "id": 1297, "camera_size": [37, 37], "camera_position": [256, 254], "world_position": [0.705, 0.6448569696296074, -0.15], "world_orientation": [1.0, -4.331917303826236e-17, -1.1712398707441946e-17, 4.331917303826236e-17, 1.0, -5.775889738434995e-17, 1.1712398707441946e-17, 5.775889738434995e-17, 1.0], "world_rotation": [-0.7896765794068324, 0.16013129347666225, -0.5922574345551229, -7.314247236221149e-17]}], "source": "action wait"}
{"timestamp": 1706069717.467536, "objects": [{"color": "cv_", "id_name": "hand", "shape": "CVCylinder", "id_string": "ob383", "world_size": [0.12, 0.005, 0.12], "id": 383, "camera_size": [51, 51], "camera_position": [246, 251], "world_position": [0.7112809283332364, 0.7282011636600294, -0.17409767711894278], "world_orientation": [1.9090500476588346e-05, 0.03261065391423157, 0.9994681310011037, -0.0007431480702023197, -0.9994678547328827, 0.03261065909476855, 0.9999997236832112, -0.0007433753665855282, 5.154202967624562e-06], "world_rotation": [0.0, 1.0, 0.0, 0.0]}, {"color": "CVPurple", "id_name": "object264426124414353", "shape": "CVBox", "id_string": "ob1297", "world_size": [0.09, 0.09, 0.09], "id": 1297, "camera_size": [38, 38], "camera_position": [252, 251], "world_position": [0.7106344050309796, 0.6736573254058161, -0.15866701799548477], "world_orientation": [0.9994225887492122, -0.03397777345638003, -2.9614809678642155e-06, 0.03397777353313368, 0.9994225882507458, 3.162137335370405e-05, 1.8853471137663853e-06, -3.170373934661304e-05, 0.9999999994956592], "world_rotation": [0.0009318604271465089, 7.132347806198803e-05, -0.9999995632744575, -0.03398432956931013]}], "source": "action wait"}
{"timestamp": 1706069717.49939, "objects": [{"color": "cv_", "id_name": "hand", "shape": "CVCylinder", "id_string": "ob383", "world_size": [0.12, 0.005, 0.12], "id": 383, "camera_size": [52, 53], "camera_position": [245, 249], "world_position": [0.7153208773623456, 0.7846722100431527, -0.17410894470037153], "world_orientation": [8.154476881187095e-05, 0.11375214802273025, 0.9935091555545251, -0.0007253794252906479, -0.9935088907491462, 0.11375217724109944, 0.9999997335875346, -0.0007299469952724417, 1.4980149500417735e-06], "world_rotation": [0.0, 1.0, 0.0, 0.0]}, {"color": "CVPurple", "id_name": "object264426124414353", "shape": "CVBox", "id_string": "ob1297", "world_size": [0.09, 0.09, 0.09], "id": 1297, "camera_size": [39, 44], "camera_position": [250, 247], "world_position": [0.7191079653834954, 0.733594752286747, -0.16423204131074698], "world_orientation": [0.9933762839759095, -0.11490673791375429, -4.029022004052858e-06, 0.11490673796612837, 0.9933762825822654, 5.265949855595862e-05, -2.0485962984110897e-06, -5.277365876723241e-05, 0.9999999986053721], "world_rotation": [0.0004587770400321887, 8.61753423975419e-06, -0.9999998947246772, -0.11516112741467138]}], "source": "action wait"}
{"timestamp": 1706069717.533161, "objects": [{"color": "cv_", "id_name": "hand", "shape": "CVCylinder", "id_string": "ob383", "world_size": [0.12, 0.005, 0.12], "id": 383, "camera_size": [56, 55], "camera_position": [244, 250], "world_position": [0.7137763327938481, 0.8548283082970317, -0.17411230447162646], "world_orientation": [0.00015656897153226671, 0.21281443160086105, 0.9770926226251836, -0.0007211887588914224, -0.9770923564717825, 0.21281448919468224, 0.9999997276864286, -0.0007379883615336859, 4.970304560608402e-07], "world_rotation": [0.0, 1.0, 0.0, 0.0]}, {"color": "CVPurple", "id_name": "object264426124414353", "shape": "CVBox", "id_string": "ob1297", "world_size": [0.09, 0.09, 0.09], "id": 1297, "camera_size": [41, 50], "camera_position": [248, 245], "world_position": [0.7225623669608485, 0.8064396167530026, -0.16779035761578553], "world_orientation": [0.9768727885478946, -0.21382131544420144, -7.508125826809716e-06, 0.2138213155524248, 0.9768727873161774, 4.915844451331671e-05, -3.176639467072003e-06, -4.962694411402223e-05, 0.9999999987635377], "world_rotation": [0.0002309998555485707, 1.0128752210355802e-05, -0.9999999732682373, -0.2154850864729387]}], "source": "action wait"}
{"timestamp": 1706069717.568437, "objects": [{"color": "cv_", "id_name": "hand", "shape": "CVCylinder", "id_string": "ob383", "world_size": [0.12, 0.005, 0.12], "id": 383, "camera_size": [59, 57], "camera_position": [244, 254], "world_position": [0.7047869070390129, 0.9244362379559202, -0.1741132348694165], "world_orientation": [0.00023172152470130318, 0.3097445833924699, 0.9508197722829285, -0.0007095546221238265, -0.9508195075284768, 0.3097446700680148, 0.9999997214186478, -0.0007464330714465719, -5.446451758297226e-07], "world_rotation": [0.0, 1.0, 0.0, 0.0]}, {"color": "CVPurple", "id_name": "object264426124414353", "shape": "CVBox", "id_string": "ob1297", "world_size": [0.09, 0.09, 0.09], "id": 1297, "camera_size": [44, 55], "camera_position": [246, 247], "world_position": [0.7183150632954136, 0.8784865923392119, -0.17006647766821756], "world_orientation": [0.9505262427297627, -0.31064426887933394, -9.719273054418434e-06, 0.3106442690021966, 0.9505262417463658, 4.34467565114861e-05, -4.25806182276596e-06, -4.43165186988803e-05, 0.9999999990089575], "world_rotation": [0.00014126008928250745, 8.790136698120162e-06, -0.9999999899841603, -0.31587076308168527]}], "source": "action wait"}
{"timestamp": 1706069717.599825, "objects": [{"color": "cv_", "id_name": "hand", "shape": "CVCylinder", "id_string": "ob383", "world_size": [0.12, 0.005, 0.12], "id": 383, "camera_size": [63, 59], "camera_position": [243, 262], "world_position": [0.6886070259309052, 0.9927207393012032, -0.17411368453682916], "world_orientation": [0.0003054781310800591, 0.40354535797424024, 0.9149595896762619, -0.0006874471560823038, -0.9149593314247929, 0.4035454735901565, 0.9999997170497196, -0.0007522606849315033, -2.0839578878203884e-06], "world_rotation": [0.0, 1.0, 0.0, 0.0]}, {"color": "CVPurple", "id_name": "object264426124414353", "shape": "CVBox", "id_string": "ob1297", "world_size": [0.09, 0.09, 0.09], "id": 1297, "camera_size": [47, 62], "camera_position": [245, 252], "world_position": [0.7066323857783104, 0.9492003839162328, -0.1715229829482557], "world_orientation": [0.9145991315381045, -0.4043617544565248, -1.1071872180064978e-05, 0.4043617545665379, 0.9145991307086337, 3.938124647097136e-05, -5.797945244482263e-06, -4.049509548230596e-05, 0.9999999991632655], "world_rotation": [9.87684179707655e-05, 6.521297885994888e-06, -0.9999999951011362, -0.4162808832606571]}], "source": "action wait"}
{"timestamp": 1706069717.628297, "objects": [{"color": "cv_", "id_name": "hand", "shape": "CVCylinder", "id_string": "ob383", "world_size": [0.12, 0.005, 0.12], "id": 383, "camera_size": [66, 60], "camera_position": [242, 275], "world_position": [0.6654979774449206, 1.0589934931241112, -0.1741141069192969], "world_orientation": [0.000376752952249854, 0.4932736254585958, 0.8698741222062797, -0.000656051741772042, -0.8698738748216246, 0.4932737693197615, 0.9999997138266216, -0.0007565247818546228, -4.114529271257013e-06], "world_rotation": [0.0, 1.0, 0.0, 0.0]}, {"color": "CVPurple", "id_name": "object264426124414353", "shape": "CVBox", "id_string": "ob1297", "world_size": [0.09, 0.09, 0.09], "id": 1297, "camera_size": [50, 68], "camera_position": [243, 262], "world_position": [0.6877693740355623, 1.0180384412276426, -0.1724552501159007], "world_orientation": [0.8694506786899188, -0.4940197538437166, -1.1740256155653962e-05, 0.4940197539214432, 0.8694506779598553, 3.647663346046503e-05, -7.812603809230721e-06, -3.75145521755156e-05, 0.9999999992658108], "world_rotation": [7.48868692460318e-05, 3.975197656076448e-06, -0.9999999971880773, -0.5167070401012186]}], "source": "action wait"}
{"timestamp": 1706069717.658716, "objects": [{"color": "cv_", "id_name": "hand", "shape": "CVCylinder", "id_string": "ob383", "world_size": [0.12, 0.005, 0.12], "id": 383, "camera_size": [71, 60], "camera_position": [242, 289], "world_position": [0.6420947026631959, 1.1089737846515204, -0.17411362281640486], "world_orientation": [0.000437304643994518, 0.5602095579352271, 0.8283508073048917, -0.000635394826135569, -0.8283505636357174, 0.5602097285818983, 0.9999997025189875, -0.0007713121331066195, -6.287293669135838e-06], "world_rotation": [0.0, 1.0, 0.0, 0.0]}, {"color": "CVPurple", "id_name": "object264426124414353", "shape": "CVBox", "id_string": "ob1297", "world_size": [0.09, 0.09, 0.09], "id": 1297, "camera_size": [52, 73], "camera_position": [242, 275], "world_position": [0.6674644837286526, 1.0703646142327286, -0.17305165649237023], "world_orientation": [0.8278823633763575, -0.5609017671443691, -4.970008846292025e-06, 0.5609017670781191, 0.8278823630563762, 2.5076560976111255e-05, -9.950904697324992e-06, -2.3548129310533397e-05, 0.9999999996732327], "world_rotation": [-4.334510344914244e-05, 4.440078582705691e-06, 0.9999999990507438, 0.5954746447021063]}], "source": "action wait"}
{"timestamp": 1706069717.689274, "objects": [{"color": "cv_", "id_name": "hand", "shape": "CVCylinder", "id_string": "ob383", "world_size": [0.12, 0.005, 0.12], "id": 383, "camera_size": [73, 61], "camera_position": [241, 302], "world_position": [0.6228726280893778, 1.142786101056299, -0.17411472166496073], "world_orientation": [0.00047907470037257375, 0.6053639536589479, 0.7959486504152379, -0.000613589634209383, -0.7959484139710873, 0.605364143144167, 0.9999996969975502, -0.0007784004867509057, -9.87370104558757e-06], "world_rotation": [0.0, 1.0, 0.0, 0.0]}, {"color": "CVPurple", "id_name": "object264426124414353", "shape": "CVBox", "id_string": "ob1297", "world_size": [0.09, 0.09, 0.09], "id": 1297, "camera_size": [54, 75], "camera_position": [241, 286], "world_position": [0.6502790950357372, 1.10603296508682, -0.17343463550674323], "world_orientation": [0.7954510626909941, -0.606017827182965, 4.541149495755745e-07, 0.6060178270325525, 0.7954510625098227, 2.1696491262838477e-05, -1.3509686711741042e-05, -1.6983295276725952e-05, 0.9999999997645281], "world_rotation": [-3.191307646996247e-05, 1.1520949573316967e-05, 0.9999999994244118, 0.6510448048173624]}], "source": "action wait"}
{"timestamp": 1706069717.722881, "objects": [{"color": "cv_", "id_name": "hand", "shape": "CVCylinder", "id_string": "ob383", "world_size": [0.12, 0.005, 0.12], "id": 383, "camera_size": [75, 61], "camera_position": [241, 312], "world_position": [0.6080588330954089, 1.165836204134614, -0.17411638190124554], "world_orientation": [0.0005069603016883694, 0.6360964678373233, 0.7716093743573454, -0.0005938560558067782, -0.7716091459484926, 0.636096669715872, 0.9999996951630724, -0.0007807006592615713, -1.3425465912551311e-05], "world_rotation": [0.0, 1.0, 0.0, 0.0]}, {"color": "CVPurple", "id_name": "object264426124414353", "shape": "CVBox", "id_string": "ob1297", "world_size": [0.09, 0.09, 0.09], "id": 1297, "camera_size": [56, 78], "camera_position": [241, 294], "world_position": [0.6368225068679142, 1.1304762530331938, -0.17368058675448594], "world_orientation": [0.7710923186111664, -0.6367233592118668, 3.579326822015028e-06, 0.6367233589938577, 0.7710923184732442, 2.2430695028089406e-05, -1.7042138905503047e-05, -1.50170956402192e-05, 0.9999999997420264], "world_rotation": [-2.940664113530467e-05, 1.619342640809784e-05, 0.9999999994365111, 0.6902414220469576]}], "source": "action wait"}
{"timestamp": 1706069717.758332, "objects": [{"color": "cv_", "id_name": "hand", "shape": "CVCylinder", "id_string": "ob383", "world_size": [0.12, 0.005, 0.12], "id": 383, "camera_size": [76, 62], "camera_position": [240, 319], "world_position": [0.5970305632409493, 1.1816756128755892, -0.1741179810148601], "world_orientation": [0.0005253128248147459, 0.6571870293255139, 0.7537273595490234, -0.0005775923063997336, -0.7537271384177437, 0.6571872390724938, 0.9999996952167354, -0.000780576008987933, -1.635636021714517e-05], "world_rotation": [0.0, 1.0, 0.0, 0.0]}, {"color": "CVPurple", "id_name": "object264426124414353", "shape": "CVBox", "id_string": "ob1297", "world_size": [0.09, 0.09, 0.09], "id": 1297, "camera_size": [57, 80], "camera_position": [241, 301], "world_position": [0.62671132590211, 1.1473314342959509, -0.1738384534177678], "world_orientation": [0.7531969914485295, -0.6577950228213516, 4.933703539911373e-06, 0.6577950225370113, 0.753196991308173, 2.4695116737868734e-05, -1.9960375540430034e-05, -1.5354921999206016e-05, 0.9999999996829049], "world_rotation": [-3.0442643475944577e-05, 1.8922368067605927e-05, 0.9999999993575948, 0.7178875144116997]}], "source": "action wait"}
{"timestamp": 1706069717.790783, "objects": [{"color": "cv_", "id_name": "hand", "shape": "CVCylinder", "id_string": "ob383", "world_size": [0.12, 0.005, 0.12], "id": 383, "camera_size": [76, 62], "camera_position": [240, 325], "world_position": [0.5889872841381193, 1.1926350180150478, -0.17411929720067829], "world_orientation": [0.0005373205614947805, 0.6717607419361727, 0.7407679912631061, -0.0005648196527240656, -0.7407677761653269, 0.6717609565714849, 0.999999696132641, -0.0007793512939496173, -1.8606088451823425e-05], "world_rotation": [0.0, 1.0, 0.0, 0.0]}, {"color": "CVPurple", "id_name": "object264426124414353", "shape": "CVBox", "id_string": "ob1297", "world_size": [0.09, 0.09, 0.09], "id": 1297, "camera_size": [57, 82], "camera_position": [241, 306], "world_position": [0.6192953221952276, 1.1590188012798281, -0.17393972489991436], "world_orientation": [0.7402283690156231, -0.6723555321981627, 5.195767666744287e-06, 0.6723555318516634, 0.7402283688451214, 2.7301240519467002e-05, -2.2202194723988624e-05, -1.6715749608876767e-05, 0.9999999996138231], "world_rotation": [-3.27334185554042e-05, 2.037460916537294e-05, 0.9999999992566994, 0.737386377197971]}], "source": "action wait"}
