{"timestamp": 1706069942.140202, "objects": [{"color": "cv_", "id_name": "hand", "shape": "CVCylinder", "id_string": "ob383", "world_size": [0.12, 0.005, 0.12], "id": 383, "camera_size": [48, 50], "camera_position": [246, 426], "world_position": [0.26764451557302216, 0.6334703011721019, -0.17389260400900525], "world_orientation": [-0.0006415483345945241, 0.19791547456950576, 0.9802188803229929, -0.0007473669523136241, -0.9802189031849183, 0.1979149900376282, 0.999999514929069, -0.0006056111649376162, 0.0007767732899215001], "world_rotation": [0.0, 1.0, 0.0, 0.0]}, {"color": "CVPurple", "id_name": "object104266724694454", "shape": "CVBox", "id_string": "ob1367", "world_size": [0.11, 0.11, 0.11], "id": 1367, "camera_size": [45, 45], "camera_position": [256, 254], "world_position": [0.705, 0.6547388572526824, -0.15], "world_orientation": [1.0, -3.838362879530641e-17, 1.4813540171849057e-17, 3.838362879530641e-17, 1.0, 5.294293626938881e-18, -1.4813540171849057e-17, -5.294293626938881e-18, 1.0], "world_rotation": [-0.1276280613210114, 0.35710588544125776, 0.925303444577321, 4.1482206750932463e-17]}], "source": "action wait"}
{"timestamp": 1706069942.173909, "objects": [{"color": "cv_", "id_name": "hand", "shape": "CVCylinder", "id_string": "ob383", "world_size": [0.12, 0.005, 0.12], "id": 383, "camera_size": [49, 51], "camera_position": [246, 421], "world_position": [0.29079313682670993, 0.667461854441046, -0.173956245793871], "world_orientation": [-0.0003850954897843279, 0.19528003174368685, 0.9807474501132534, -0.0007159506158747085, -0.9807473253170629, 0.19527972577342237, 0.9999996695580352, -0.0006269653992847539, 0.0005174922305929974], "world_rotation": [0.0, 1.0, 0.0, 0.0]}, {"color": "CVPurple", "id_name": "object104266724694454", "shape": "CVBox", "id_string": "ob1367", "world_size": [0.11, 0.11, 0.11], "id": 1367, "camera_size": [45, 45], "camera_position": [256, 254], "world_position": [0.705, 0.6547388572526824, -0.15], "world_orientation": [1.0, -3.838362879530641e-17, 1.4813540171849057e-17, 3.838362879530641e-17, 1.0, 5.294293626938881e-18, -1.4813540171849057e-17, -5.294293626938881e-18, 1.0], "world_rotation": [-0.1276280613210114, 0.35710588544125776, 0.925303444577321, 4.1482206750932463e-17]}], "source": "action wait"}
{"timestamp": 1706069942.211874, "objects": [{"color": "cv_", "id_name": "hand", "shape": "CVCylinder", "id_string": "ob383", "world_size": [0.12, 0.005, 0.12], "id": 383, "camera_size": [51, 52], "camera_position": [246, 406], "world_position": [0.33661717986489975, 0.7051664553378835, -0.17398409790360733], "world_orientation": [-0.00022726934066449127, 0.18146193980979766, 0.9833979422131777, -0.0007325607842664147, -0.983397733953444, 0.18146173208125477, 0.9999997058516288, -0.0006791580795879932, 0.0003564280555485487], "world_rotation": [0.0, 1.0, 0.0, 0.0]}, {"color": "CVPurple", "id_name": "object104266724694454", "shape": "CVBox", "id_string": "ob1367", "world_size": [0.11, 0.11, 0.11], "id": 1367, "camera_size": [45, 45], "camera_position": [256, 254], "world_position": [0.705, 0.6547388572526824, -0.15], "world_orientation": [1.0, -3.838362879530641e-17, 1.4813540171849057e-17, 3.838362879530641e-17, 1.0, 5.294293626938881e-18, -1.4813540171849057e-17, -5.294293626938881e-18, 1.0], "world_rotation": [-0.1276280613210114, 0.35710588544125776, 0.925303444577321, 4.1482206750932463e-17]}], "source": "action wait"}
{"timestamp": 1706069942.243611, "objects": [{"color": "cv_", "id_name": "hand", "shape": "CVCylinder", "id_string": "ob383", "world_size": [0.12, 0.005, 0.12], "id": 383, "camera_size": [51, 52], "camera_position": [246, 388], "world_position": [0.38702493624860496, 0.7381578732606598, -0.17400459957693848], "world_orientation": [-0.00012501459683981865, 0.17162508508170107, 0.9851623290311347, -0.0007438903329177358, -0.9851620801090812, 0.17162494731920822, 0.9999997154992213, -0.0007113971093245359, 0.00025082988194559635], "world_rotation": [0.0, 1.0, 0.0, 0.0]}, {"color": "CVPurple", "id_name": "object104266724694454", "shape": "CVBox", "id_string": "ob1367", "world_size": [0.11, 0.11, 0.11], "id": 1367, "camera_size": [45, 45], "camera_position": [256, 254], "world_position": [0.705, 0.6547388572526824, -0.15], "world_orientation": [1.0, -3.838362879530641e-17, 1.4813540171849057e-17, 3.838362879530641e-17, 1.0, 5.294293626938881e-18, -1.4813540171849057e-17, -5.294293626938881e-18, 1.0], "world_rotation": [-0.1276280613210114, 0.35710588544125776, 0.925303444577321, 4.1482206750932463e-17]}], "source": "action wait"}
{"timestamp": 1706069942.281914, "objects": [{"color": "cv_", "id_name": "hand", "shape": "CVCylinder", "id_string": "ob383", "world_size": [0.12, 0.005, 0.12], "id": 383, "camera_size": [52, 53], "camera_position": [245, 368], "world_position": [0.4410293707141748, 0.7659794543784622, -0.17402307677792703], "world_orientation": [-5.303981516511258e-05, 0.16467406893985548, 0.9863480360428412, -0.0007513086454671342, -0.9863477656130356, 0.16467398338988268, 0.9999997163610085, -0.0007323175292773441, 0.00017603675485582072], "world_rotation": [0.0, 1.0, 0.0, 0.0]}, {"color": "CVPurple", "id_name": "object104266724694454", "shape": "CVBox", "id_string": "ob1367", "world_size": [0.11, 0.11, 0.11], "id": 1367, "camera_size": [45, 45], "camera_position": [256, 254], "world_position": [0.705, 0.6547388572526824, -0.15], "world_orientation": [1.0, -3.838362879530641e-17, 1.4813540171849057e-17, 3.838362879530641e-17, 1.0, 5.294293626938881e-18, -1.4813540171849057e-17, -5.294293626938881e-18, 1.0], "world_rotation": [-0.1276280613210114, 0.35710588544125776, 0.925303444577321, 4.1482206750932463e-17]}], "source": "action wait"}
{"timestamp": 1706069942.311929, "objects": [{"color": "cv_", "id_name": "hand", "shape": "CVCylinder", "id_string": "ob383", "world_size": [0.12, 0.005, 0.12], "id": 383, "camera_size": [52, 53], "camera_position": [245, 344], "world_position": [0.4981458715974578, 0.7811264651209135, -0.174038327250635], "world_orientation": [-9.24107921618278e-06, 0.1494675633266428, 0.9887666294064533, -0.0007643537097301963, -0.9887663416675637, 0.149467512686702, 0.9999997078389617, -0.0007543862001195218, 0.00012338335460311236], "world_rotation": [0.0, 1.0, 0.0, 0.0]}, {"color": "CVPurple", "id_name": "object104266724694454", "shape": "CVBox", "id_string": "ob1367", "world_size": [0.11, 0.11, 0.11], "id": 1367, "camera_size": [45, 45], "camera_position": [256, 254], "world_position": [0.705, 0.6547388572526824, -0.15], "world_orientation": [1.0, -3.838362879530641e-17, 1.4813540171849057e-17, 3.838362879530641e-17, 1.0, 5.294293626938881e-18, -1.4813540171849057e-17, -5.294293626938881e-18, 1.0], "world_rotation": [-0.1276280613210114, 0.35710588544125776, 0.925303444577321, 4.1482206750932463e-17]}], "source": "action wait"}
{"timestamp": 1706069942.344587, "objects": [{"color": "cv_", "id_name": "hand", "shape": "CVCylinder", "id_string": "ob383", "world_size": [0.12, 0.005, 0.12], "id": 383, "camera_size": [52, 53], "camera_position": [245, 318], "world_position": [0.5567688269807088, 0.7728357963255963, -0.1740501528626409], "world_orientation": [-2.4727487594959204e-06, 0.11076564368381983, 0.9938465536355171, -0.000777049323402039, -0.993846253806258, 0.11076560833406872, 0.9999996980940719, -0.0007719938965476612, 8.852790057233489e-05], "world_rotation": [0.0, 1.0, 0.0, 0.0]}, {"color": "CVPurple", "id_name": "object104266724694454", "shape": "CVBox", "id_string": "ob1367", "world_size": [0.11, 0.11, 0.11], "id": 1367, "camera_size": [45, 45], "camera_position": [256, 254], "world_position": [0.705, 0.6547388572526824, -0.15], "world_orientation": [1.0, -3.838362879530641e-17, 1.4813540171849057e-17, 3.838362879530641e-17, 1.0, 5.294293626938881e-18, -1.4813540171849057e-17, -5.294293626938881e-18, 1.0], "world_rotation": [-0.1276280613210114, 0.35710588544125776, 0.925303444577321, 4.1482206750932463e-17]}], "source": "action wait"}
{"timestamp": 1706069942.37478, "objects": [{"color": "cv_", "id_name": "hand", "shape": "CVCylinder", "id_string": "ob383", "world_size": [0.12, 0.005, 0.12], "id": 383, "camera_size": [52, 52], "camera_position": [245, 298], "world_position": [0.6020897131908177, 0.7593765499183376, -0.17405575708141827], "world_orientation": [-1.670782333060813e-05, 0.07765884423836808, 0.996979991590809, -0.0007752517904129691, -0.9969796931356816, 0.07765880799847344, 0.9999996993527099, -0.0007716130138429434, 7.686251861470302e-05], "world_rotation": [0.0, 1.0, 0.0, 0.0]}, {"color": "CVPurple", "id_name": "object104266724694454", "shape": "CVBox", "id_string": "ob1367", "world_size": [0.11, 0.11, 0.11], "id": 1367, "camera_size": [45, 45], "camera_position": [256, 254], "world_position": [0.705, 0.6547388572526824, -0.15], "world_orientation": [1.0, -3.838362879530641e-17, 1.4813540171849057e-17, 3.838362879530641e-17, 1.0, 5.294293626938881e-18, -1.4813540171849057e-17, -5.294293626938881e-18, 1.0], "world_rotation": [-0.1276280613210114, 0.35710588544125776, 0.925303444577321, 4.1482206750932463e-17]}], "source": "action wait"}
{"timestamp": 1706069942.402251, "objects": [{"color": "cv_", "id_name": "hand", "shape": "CVCylinder", "id_string": "ob383", "world_size": [0.12, 0.005, 0.12], "id": 383, "camera_size": [51, 51], "camera_position": [246, 284], "world_position": [0.6339024960875193, 0.7474250868140507, -0.174063434132891], "world_orientation": [-2.2929891818110734e-05, 0.0542648865970999, 0.9985265752882213, -0.0007713856148989506, -0.9985262794309921, 0.05426485280486226, 0.9999997022191823, -0.0007690047490676751, 6.475525248040243e-05], "world_rotation": [0.0, 1.0, 0.0, 0.0]}, {"color": "CVPurple", "id_name": "object104266724694454", "shape": "CVBox", "id_string": "ob1367", "world_size": [0.11, 0.11, 0.11], "id": 1367, "camera_size": [45, 45], "camera_position": [256, 254], "world_position": [0.705, 0.6547388572526824, -0.15], "world_orientation": [1.0, -3.838362879530641e-17, 1.4813540171849057e-17, 3.838362879530641e-17, 1.0, 5.294293626938881e-18, -1.4813540171849057e-17, -5.294293626938881e-18, 1.0], "world_rotation": [-0.1276280613210114, 0.35710588544125776, 0.925303444577321, 4.1482206750932463e-17]}], "source": "action wait"}
{"timestamp": 1706069942.433546, "objects": [{"color": "cv_", "id_name": "hand", "shape": "CVCylinder", "id_string": "ob383", "world_size": [0.12, 0.005, 0.12], "id": 383, "camera_size": [51, 51], "camera_position": [246, 275], "world_position": [0.6561651256564657, 0.737808209346947, -0.17407131032719156], "world_orientation": [-2.4263909021648598e-05, 0.03775719953332565, 0.9992869424217768, -0.0007678946771777412, -0.9992866487985028, 0.03775716979360073, 0.9999997048744703, -0.0007664309875265006, 5.3240152880151286e-05], "world_rotation": [0.0, 1.0, 0.0, 0.0]}, {"color": "CVPurple", "id_name": "object104266724694454", "shape": "CVBox", "id_string": "ob1367", "world_size": [0.11, 0.11, 0.11], "id": 1367, "camera_size": [45, 45], "camera_position": [256, 254], "world_position": [0.705, 0.6547388572526824, -0.15], "world_orientation": [1.0, -3.838362879530641e-17, 1.4813540171849057e-17, 3.838362879530641e-17, 1.0, 5.294293626938881e-18, -1.4813540171849057e-17, -5.294293626938881e-18, 1.0], "world_rotation": [-0.1276280613210114, 0.35710588544125776, 0.925303444577321, 4.1482206750932463e-17]}], "source": "action wait"}
{"timestamp": 1706069942.469141, "objects": [{"color": "cv_", "id_name": "hand", "shape": "CVCylinder", "id_string": "ob383", "world_size": [0.12, 0.005, 0.12], "id": 383, "camera_size": [51, 51], "camera_position": [246, 268], "world_position": [0.6717423147647955, 0.7304601146721494, -0.17407841976549748], "world_orientation": [-2.307106650686545e-05, 0.02611616660138101, 0.9996589144852233, -0.0007653838028840941, -0.9996586224061147, 0.0261161413065464, 0.9999997068276372, -0.0007645202143230664, 4.305208147218616e-05], "world_rotation": [0.0, 1.0, 0.0, 0.0]}, {"color": "CVPurple", "id_name": "object104266724694454", "shape": "CVBox", "id_string": "ob1367", "world_size": [0.11, 0.11, 0.11], "id": 1367, "camera_size": [45, 45], "camera_position": [256, 254], "world_position": [0.705, 0.6547388572526824, -0.15], "world_orientation": [1.0, -3.838362879530641e-17, 1.4813540171849057e-17, 3.838362879530641e-17, 1.0, 5.294293626938881e-18, -1.4813540171849057e-17, -5.294293626938881e-18, 1.0], "world_rotation": [-0.1276280613210114, 0.35710588544125776, 0.925303444577321, 4.1482206750932463e-17]}], "source": "action wait"}
{"timestamp": 1706069942.501773, "objects": [{"color": "cv_", "id_name": "hand", "shape": "CVCylinder", "id_string": "ob383", "world_size": [0.12, 0.005, 0.12], "id": 383, "camera_size": [51, 50], "camera_position": [246, 263], "world_position": [0.6826511111912718, 0.7250130524212263, -0.17408443017091177], "world_orientation": [-2.075855537665e-05, 0.01790957809785316, 0.9998396104283124, -0.0007638008875304075, -0.9998393192785444, 0.017909557024701105, 0.9999997080886006, -0.0007633066053022825, 3.443457152380183e-05], "world_rotation": [0.0, 1.0, 0.0, 0.0]}, {"color": "CVPurple", "id_name": "object104266724694454", "shape": "CVBox", "id_string": "ob1367", "world_size": [0.11, 0.11, 0.11], "id": 1367, "camera_size": [45, 45], "camera_position": [256, 254], "world_position": [0.705, 0.6547388572526824, -0.15], "world_orientation": [1.0, -3.838362879530641e-17, 1.4813540171849057e-17, 3.838362879530641e-17, 1.0, 5.294293626938881e-18, -1.4813540171849057e-17, -5.294293626938881e-18, 1.0], "world_rotation": [-0.1276280613210114, 0.35710588544125776, 0.925303444577321, 4.1482206750932463e-17]}], "source": "action wait"}
{"timestamp": 1706069942.537558, "objects": [{"color": "cv_", "id_name": "hand", "shape": "CVCylinder", "id_string": "ob383", "world_size": [0.12, 0.005, 0.12], "id": 383, "camera_size": [51, 51], "camera_position": [246, 260], "world_position": [0.6902992199661, 0.72105043393351, -0.1740893173138402], "world_orientation": [-1.8117313393712487e-05, 0.012124986571259272, 0.999926489484307, -0.000762912913757504, -0.9999261988192976, 0.012124969223742718, 0.9999997088177822, -0.0007626371597688582, 2.7366285149311768e-05], "world_rotation": [0.0, 1.0, 0.0, 0.0]}, {"color": "CVPurple", "id_name": "object104266724694454", "shape": "CVBox", "id_string": "ob1367", "world_size": [0.11, 0.11, 0.11], "id": 1367, "camera_size": [45, 45], "camera_position": [256, 254], "world_position": [0.705, 0.6547388572526824, -0.15], "world_orientation": [1.0, -3.838362879530641e-17, 1.4813540171849057e-17, 3.838362879530641e-17, 1.0, 5.294293626938881e-18, -1.4813540171849057e-17, -5.294293626938881e-18, 1.0], "world_rotation": [-0.1276280613210114, 0.35710588544125776, 0.925303444577321, 4.1482206750932463e-17]}], "source": "action wait"}
{"timestamp": 1706069942.571743, "objects": [{"color": "cv_", "id_name": "hand", "shape": "CVCylinder", "id_string": "ob383", "world_size": [0.12, 0.005, 0.12], "id": 383, "camera_size": [51, 50], "camera_position": [246, 257], "world_position": [0.6956670786598065, 0.7182023471976651, -0.17409319190382183], "world_orientation": [-1.5560825987922184e-05, 0.00804781438713328, 0.9999676156963541, -0.0007624857380613521, -0.9999673252300275, 0.008047800184146749, 0.9999997091866377, -0.000762335815073779, 2.1696661234633705e-05], "world_rotation": [0.0, 1.0, 0.0, 0.0]}, {"color": "CVPurple", "id_name": "object104266724694454", "shape": "CVBox", "id_string": "ob1367", "world_size": [0.11, 0.11, 0.11], "id": 1367, "camera_size": [45, 45], "camera_position": [256, 254], "world_position": [0.705, 0.6547388572526824, -0.15], "world_orientation": [1.0, -3.838362879530641e-17, 1.4813540171849057e-17, 3.838362879530641e-17, 1.0, 5.294293626938881e-18, -1.4813540171849057e-17, -5.294293626938881e-18, 1.0], "world_rotation": [-0.1276280613210114, 0.35710588544125776, 0.925303444577321, 4.1482206750932463e-17]}], "source": "action wait"}
{"timestamp": 1706069942.604802, "objects": [{"color": "cv_", "id_name": "hand", "shape": "CVCylinder", "id_string": "ob383", "world_size": [0.12, 0.005, 0.12], "id": 383, "camera_size": [50, 50], "camera_position": [245, 256], "world_position": [0.6994380374482746, 0.7161714582859218, -0.17409621077866558], "world_orientation": [-1.3280722152545709e-05, 0.005174118369931363, 0.9999866140717666, -0.0007623375208576454, -0.9999863236369387, 0.005174106742639118, 0.9999997093325211, -0.000762258600388613, 1.7224965091691428e-05], "world_rotation": [0.0, 1.0, 0.0, 0.0]}, {"color": "CVPurple", "id_name": "object104266724694454", "shape": "CVBox", "id_string": "ob1367", "world_size": [0.11, 0.11, 0.11], "id": 1367, "camera_size": [45, 45], "camera_position": [256, 254], "world_position": [0.705, 0.6547388572526824, -0.15], "world_orientation": [1.0, -3.838362879530641e-17, 1.4813540171849057e-17, 3.838362879530641e-17, 1.0, 5.294293626938881e-18, -1.4813540171849057e-17, -5.294293626938881e-18, 1.0], "world_rotation": [-0.1276280613210114, 0.35710588544125776, 0.925303444577321, 4.1482206750932463e-17]}], "source": "action wait"}
{"timestamp": 1706069942.637077, "objects": [{"color": "cv_", "id_name": "hand", "shape": "CVCylinder", "id_string": "ob383", "world_size": [0.12, 0.005, 0.12], "id": 383, "camera_size": [50, 50], "camera_position": [245, 255], "world_position": [0.7020891740589029, 0.7147308401260183, -0.17409853376281356], "world_orientation": [-1.1343775085932161e-05, 0.0031486399536650783, 0.9999950429565944, -0.0007623432287360272, -0.9999947524659626, 0.003148630391117508, 0.999999709352018, -0.0007623037324129157, 1.3744059907855993e-05], "world_rotation": [0.0, 1.0, 0.0, 0.0]}, {"color": "CVPurple", "id_name": "object104266724694454", "shape": "CVBox", "id_string": "ob1367", "world_size": [0.11, 0.11, 0.11], "id": 1367, "camera_size": [45, 45], "camera_position": [256, 254], "world_position": [0.705, 0.6547388572526824, -0.15], "world_orientation": [1.0, -3.838362879530641e-17, 1.4813540171849057e-17, 3.838362879530641e-17, 1.0, 5.294293626938881e-18, -1.4813540171849057e-17, -5.294293626938881e-18, 1.0], "world_rotation": [-0.1276280613210114, 0.35710588544125776, 0.925303444577321, 4.1482206750932463e-17]}], "source": "action wait"}
{"timestamp": 1706069942.668525, "objects": [{"color": "cv_", "id_name": "hand", "shape": "CVCylinder", "id_string": "ob383", "world_size": [0.12, 0.005, 0.12], "id": 383, "camera_size": [50, 50], "camera_position": [245, 254], "world_position": [0.7039541578910424, 0.7137124510621469, -0.17410030478391694], "world_orientation": [-9.75048870972923e-06, 0.0017209823603694353, 0.9999985190612252, -0.0007624236022637457, -0.9999982284770683, 0.0017209744262651511, 0.9999997093075472, -0.0007624056928197311, 1.1062589007505006e-05], "world_rotation": [0.0, 1.0, 0.0, 0.0]}, {"color": "CVPurple", "id_name": "object104266724694454", "shape": "CVBox", "id_string": "ob1367", "world_size": [0.11, 0.11, 0.11], "id": 1367, "camera_size": [45, 45], "camera_position": [256, 254], "world_position": [0.705, 0.6547388572526824, -0.15], "world_orientation": [1.0, -3.838362879530641e-17, 1.4813540171849057e-17, 3.838362879530641e-17, 1.0, 5.294293626938881e-18, -1.4813540171849057e-17, -5.294293626938881e-18, 1.0], "world_rotation": [-0.1276280613210114, 0.35710588544125776, 0.925303444577321, 4.1482206750932463e-17]}], "source": "action wait"}
{"timestamp": 1706069942.698219, "objects": [{"color": "cv_", "id_name": "hand", "shape": "CVCylinder", "id_string": "ob383", "world_size": [0.12, 0.005, 0.12], "id": 383, "camera_size": [50, 50], "camera_position": [245, 253], "world_position": [0.7052667363983065, 0.712994160974935, -0.1741016454533693], "world_orientation": [-8.469454667476846e-06, 0.0007146715418396037, 0.9999997445863953, -0.0007625318223434965, -0.9999994538995186, 0.0007146648758639244, 0.9999997092367019, -0.0007625255747610848, 9.014409835844099e-06], "world_rotation": [0.0, 1.0, 0.0, 0.0]}, {"color": "CVPurple", "id_name": "object104266724694454", "shape": "CVBox", "id_string": "ob1367", "world_size": [0.11, 0.11, 0.11], "id": 1367, "camera_size": [45, 45], "camera_position": [256, 254], "world_position": [0.705, 0.6547388572526824, -0.15], "world_orientation": [1.0, -3.838362879530641e-17, 1.4813540171849057e-17, 3.838362879530641e-17, 1.0, 5.294293626938881e-18, -1.4813540171849057e-17, -5.294293626938881e-18, 1.0], "world_rotation": [-0.1276280613210114, 0.35710588544125776, 0.925303444577321, 4.1482206750932463e-17]}], "source": "action wait"}
{"timestamp": 1706069942.731505, "objects": [{"color": "cv_", "id_name": "hand", "shape": "CVCylinder", "id_string": "ob383", "world_size": [0.12, 0.005, 0.12], "id": 383, "camera_size": [50, 50], "camera_position": [245, 253], "world_position": [0.7061908788590179, 0.7124882669372851, -0.17410265469768418], "world_orientation": [-7.456812836868457e-06, 5.334786747631464e-06, 0.9999999999579681, -0.0007626423214383736, -0.9999997091741029, 5.329098315696669e-06, 0.9999997091605005, -0.0007626422816685922, 7.4608792027480476e-06], "world_rotation": [0.0, 1.0, 0.0, 0.0]}, {"color": "CVPurple", "id_name": "object104266724694454", "shape": "CVBox", "id_string": "ob1367", "world_size": [0.11, 0.11, 0.11], "id": 1367, "camera_size": [45, 45], "camera_position": [256, 254], "world_position": [0.705, 0.6547388572526824, -0.15], "world_orientation": [1.0, -3.838362879530641e-17, 1.4813540171849057e-17, 3.838362879530641e-17, 1.0, 5.294293626938881e-18, -1.4813540171849057e-17, -5.294293626938881e-18, 1.0], "world_rotation": [-0.1276280613210114, 0.35710588544125776, 0.925303444577321, 4.1482206750932463e-17]}], "source": "action wait"}
{"timestamp": 1706069942.767393, "objects": [{"color": "cv_", "id_name": "hand", "shape": "CVCylinder", "id_string": "ob383", "world_size": [0.12, 0.005, 0.12], "id": 383, "camera_size": [49, 50], "camera_position": [246, 253], "world_position": [0.706833420878702, 0.7121436421424687, -0.17409991680988035], "world_orientation": [-7.741654600088005e-06, -0.0004903278582713625, 0.999999879759322, -0.0007630924526875557, -0.9999995886313388, -0.0004903336231217104, 0.9999997088149454, -0.0007630961569267175, 7.367485927760655e-06], "world_rotation": [0.0, 1.0, 0.0, 0.0]}, {"color": "CVPurple", "id_name": "object104266724694454", "shape": "CVBox", "id_string": "ob1367", "world_size": [0.11, 0.11, 0.11], "id": 1367, "camera_size": [45, 46], "camera_position": [256, 253], "world_position": [0.705143206339308, 0.6547585240227027, -0.1499981782758337], "world_orientation": [0.9999965901819448, 0.002611439705590423, 2.6735483873762023e-06, -0.0026114396095560126, 0.9999965895622019, -3.531473859003432e-05, -2.7657615799509418e-06, 3.53076363630443e-05, 0.9999999993728609], "world_rotation": [0.013520488812682018, 0.0010413431948559887, -0.9999080517660695, 0.002611682765915905]}], "source": "action wait"}
{"timestamp": 1706069942.803393, "objects": [{"color": "cv_", "id_name": "hand", "shape": "CVCylinder", "id_string": "ob383", "world_size": [0.12, 0.005, 0.12], "id": 383, "camera_size": [49, 49], "camera_position": [246, 253], "world_position": [0.7072494692383287, 0.7119450511020579, -0.1741043168282244], "world_orientation": [-4.511830633051605e-06, -0.0008259388352359216, 0.9999996589022837, -0.000765170781549565, -0.9999993661665052, -0.0008259420457758107, 0.9999997072466164, -0.0007651742470625487, 3.8798435096035e-06], "world_rotation": [0.0, 1.0, 0.0, 0.0]}, {"color": "CVPurple", "id_name": "object104266724694454", "shape": "CVBox", "id_string": "ob1367", "world_size": [0.11, 0.11, 0.11], "id": 1367, "camera_size": [45, 46], "camera_position": [256, 253], "world_position": [0.70521913290847, 0.6546540196157501, -0.15000039046750044], "world_orientation": [0.9999921167259526, 0.003970701039602564, 4.382168468117541e-06, -0.003970701064844018, 0.9999921167188278, 5.766447463157004e-06, -4.359237083314563e-06, -5.78380228567407e-06, 0.9999999999737725], "world_rotation": [-0.00145443214977666, 0.0011007364814363174, -0.9999983365017765, 0.003970718091602275]}], "source": "action wait"}
{"timestamp": 1706069942.868578, "objects": [{"color": "cv_", "id_name": "hand", "shape": "CVCylinder", "id_string": "ob383", "world_size": [0.12, 0.005, 0.12], "id": 383, "camera_size": [49, 50], "camera_position": [246, 252], "world_position": [0.7077649713428797, 0.7116809191232905, -0.17410877526749408], "world_orientation": [-6.168781430848796e-07, -0.0012366625415448009, 0.9999992353323965, -0.0007665656319220359, -0.9999989415207496, -0.0012366626510762666, 0.9999997061883327, -0.0007665658086246433, -3.3110551212678736e-07], "world_rotation": [0.0, 1.0, 0.0, 0.0]}, {"color": "CVPurple", "id_name": "object104266724694454", "shape": "CVBox", "id_string": "ob1367", "world_size": [0.11, 0.11, 0.11], "id": 1367, "camera_size": [45, 46], "camera_position": [256, 253], "world_position": [0.7053387000700954, 0.6544827815299752, -0.1500026237145278], "world_orientation": [0.999981451358748, 0.0060907236695383815, 4.861390008435894e-06, -0.006090723897856624, 0.9999814501968834, 4.842043241940728e-05, -4.566384356781333e-06, -4.844914367047835e-05, 0.9999999988159143], "world_rotation": [-0.00795196825162195, 0.0007739206205062602, -0.9999680831145554, 0.006090955848915253]}], "source": "action wait"}
{"timestamp": 1706069943.932692, "objects": [{"color": "cv_", "id_name": "hand", "shape": "CVCylinder", "id_string": "ob383", "world_size": [0.12, 0.005, 0.12], "id": 383, "camera_size": [49, 50], "camera_position": [246, 252], "world_position": [0.7082806602462242, 0.7114256837659348, -0.17411299925238963], "world_orientation": [2.8359733973184585e-06, -0.0016396598375974644, 0.9999986557528838, -0.0007680630956025148, -0.9999983608003701, -0.0016396571757651957, 0.9999997050354756, -0.000768057413112153, -4.095330958822743e-06], "world_rotation": [0.0, 1.0, 0.0, 0.0]}, {"color": "CVPurple", "id_name": "object104266724694454", "shape": "CVBox", "id_string": "ob1367", "world_size": [0.11, 0.11, 0.11], "id": 1367, "camera_size": [45, 46], "camera_position": [256, 253], "world_position": [0.705480533251379, 0.6543277584958873, -0.150004748322225], "world_orientation": [0.9999699225997778, 0.007755871614263651, -1.874293117465237e-05, -0.007755869239153531, 0.9999699151509225, 0.00012363414739187625, 1.9701257870707724e-05, -0.00012348506107479485, 0.99999999218165], "world_rotation": [0.015929037150351308, 0.002478070884567685, 0.999870054027099, -0.007756956191405009]}], "source": "action wait"}
{"timestamp": 1706069943.963208, "objects": [{"color": "cv_", "id_name": "hand", "shape": "CVCylinder", "id_string": "ob383", "world_size": [0.12, 0.005, 0.12], "id": 383, "camera_size": [51, 50], "camera_position": [246, 251], "world_position": [0.7106953933711799, 0.7320840184366654, -0.17409546510419027], "world_orientation": [2.0599882451726157e-05, 0.028664792968980876, 0.999589080182297, -0.0007442325100512107, -0.9995888031276721, 0.028664800361407707, 0.9999997228467695, -0.0007445171816821535, 7.418589772864944e-07], "world_rotation": [0.0, 1.0, 0.0, 0.0]}, {"color": "CVPurple", "id_name": "object104266724694454", "shape": "CVBox", "id_string": "ob1367", "world_size": [0.11, 0.11, 0.11], "id": 1367, "camera_size": [46, 48], "camera_position": [252, 251], "world_position": [0.7106005397773283, 0.67570068549738, -0.15864657129529688], "world_orientation": [0.9996864737624597, -0.025039035935399617, -2.9254145914036304e-05, 0.02503903904588752, 0.9996864679172387, 0.00011129606682994537, 2.6458227583914374e-05, -0.0001119936682946549, 0.9999999933786904], "world_rotation": [0.004458785155631504, 0.0011124985382737942, -0.9999894407352201, -0.02504191909355935]}], "source": "action wait"}
{"timestamp": 1706069943.988378, "objects": [{"color": "cv_", "id_name": "hand", "shape": "CVCylinder", "id_string": "ob383", "world_size": [0.12, 0.005, 0.12], "id": 383, "camera_size": [52, 53], "camera_position": [245, 250], "world_position": [0.7141057353054038, 0.7809497714766258, -0.17411241191781604], "world_orientation": [7.574658800393713e-05, 0.09913683884276128, 0.9950738070347941, -0.0007265206898646455, -0.9950735418176982, 0.09913686772371366, 0.9999997332150352, -0.0007304509882289286, -3.348461058254698e-06], "world_rotation": [0.0, 1.0, 0.0, 0.0]}, {"color": "CVPurple", "id_name": "object104266724694454", "shape": "CVBox", "id_string": "ob1367", "world_size": [0.11, 0.11, 0.11], "id": 1367, "camera_size": [48, 53], "camera_position": [249, 248], "world_position": [0.7185810935025073, 0.7251337378523276, -0.16422524069632047], "world_orientation": [0.9952735039155285, -0.09711154029758837, -3.3833953982593374e-05, 0.0971115432736821, 0.9952734990125184, 0.00010161880897616594, 2.3805678702802333e-05, -0.0001044241755597318, 0.9999999942644406], "world_rotation": [0.0010608567000984827, 0.00029677006797027906, -0.9999993932551102, -0.09726488992782971]}], "source": "action wait"}
{"timestamp": 1706069944.018871, "objects": [{"color": "cv_", "id_name": "hand", "shape": "CVCylinder", "id_string": "ob383", "world_size": [0.12, 0.005, 0.12], "id": 383, "camera_size": [55, 55], "camera_position": [245, 250], "world_position": [0.7130900362199765, 0.8508794802153108, -0.17411895067401995], "world_orientation": [0.0001492856136853674, 0.19838794068937052, 0.9801235650176136, -0.0007167757846145009, -0.9801233029329902, 0.1983879968148292, 0.9999997319731042, -0.0007321453111872662, -4.118636919571626e-06], "world_rotation": [0.0, 1.0, 0.0, 0.0]}, {"color": "CVPurple", "id_name": "object104266724694454", "shape": "CVBox", "id_string": "ob1367", "world_size": [0.11, 0.11, 0.11], "id": 1367, "camera_size": [51, 60], "camera_position": [248, 245], "world_position": [0.7235115800290679, 0.7959349131444269, -0.16779150780521288], "world_orientation": [0.9803247026110292, -0.19739168111039798, -4.0975701030714456e-05, 0.19739168391606063, 0.9803246994390624, 8.240445438481178e-05, 2.3903538015236964e-05, -8.88713848647085e-05, 0.9999999957652489], "world_rotation": [0.00043384761362990547, 0.00016434135227446592, -0.9999998923840782, -0.19869655933118172]}], "source": "action wait"}
{"timestamp": 1706069944.051786, "objects": [{"color": "cv_", "id_name": "hand", "shape": "CVCylinder", "id_string": "ob383", "world_size": [0.12, 0.005, 0.12], "id": 383, "camera_size": [59, 57], "camera_position": [244, 254], "world_position": [0.7045783491135779, 0.9204314494727, -0.17411994832097194], "world_orientation": [0.0002232031246037877, 0.2956960093120904, 0.9552820631924737, -0.0007078755456692826, -0.9552818009282588, 0.29569609352758597, 0.9999997245462506, -0.0007422211037591699, -3.905908899840148e-06], "world_rotation": [0.0, 1.0, 0.0, 0.0]}, {"color": "CVPurple", "id_name": "object104266724694454", "shape": "CVBox", "id_string": "ob1367", "world_size": [0.11, 0.11, 0.11], "id": 1367, "camera_size": [54, 67], "camera_position": [246, 246], "world_position": [0.720697408398772, 0.8669043459580806, -0.17007098948047214], "world_orientation": [0.9553896928719611, -0.2953481552464881, -4.411934119017051e-05, 0.29534815752015287, 0.9553896913324122, 5.954166025328186e-05, 2.4565644245346428e-05, -6.991605463398947e-05, 0.9999999972541372], "world_rotation": [0.00021916119688766497, 0.00011627799570977746, -0.9999999692238983, -0.29981992062525453]}], "source": "action wait"}
{"timestamp": 1706069944.086981, "objects": [{"color": "cv_", "id_name": "hand", "shape": "CVCylinder", "id_string": "ob383", "world_size": [0.12, 0.005, 0.12], "id": 383, "camera_size": [62, 59], "camera_position": [243, 262], "world_position": [0.6888499591584076, 0.9886959974089546, -0.1741198254963564], "world_orientation": [0.0002962852413368706, 0.39001561868368134, 0.9208081935983415, -0.0006882026439167871, -0.9208079364310606, 0.3900157311990032, 0.9999997192960489, -0.000749258538418284, -4.41202172295404e-06], "world_rotation": [0.0, 1.0, 0.0, 0.0]}, {"color": "CVPurple", "id_name": "object104266724694454", "shape": "CVBox", "id_string": "ob1367", "world_size": [0.11, 0.11, 0.11], "id": 1367, "camera_size": [57, 75], "camera_position": [245, 251], "world_position": [0.7104087837303157, 0.9371163214718027, -0.17152897391564423], "world_orientation": [0.9207873866201639, -0.3900648492824134, -4.467098574656742e-05, 0.39006485108423733, 0.9207873859276579, 4.318729291228754e-05, 2.4286635291646594e-05, -5.719089597892566e-05, 0.9999999980696805], "world_rotation": [0.0001286685888525801, 8.839250725308387e-05, -0.9999999878155792, -0.40070202586499387]}], "source": "action wait"}
{"timestamp": 1706069944.123467, "objects": [{"color": "cv_", "id_name": "hand", "shape": "CVCylinder", "id_string": "ob383", "world_size": [0.12, 0.005, 0.12], "id": 383, "camera_size": [66, 60], "camera_position": [242, 274], "world_position": [0.6661735300383865, 1.0549861655120194, -0.17411946938275122], "world_orientation": [0.00036728913330059845, 0.48039865413773825, 0.8770501685772271, -0.0006590022843124305, -0.8770499210125395, 0.4803987945112764, 0.9999997154073004, -0.0007544233214238516, -5.547094892173103e-06], "world_rotation": [0.0, 1.0, 0.0, 0.0]}, {"color": "CVPurple", "id_name": "object104266724694454", "shape": "CVBox", "id_string": "ob1367", "world_size": [0.11, 0.11, 0.11], "id": 1367, "camera_size": [60, 83], "camera_position": [243, 260], "world_position": [0.6928938486457235, 1.0058676628876295, -0.17246174333763614], "world_orientation": [0.8768960783955148, -0.48068000352548373, -4.3649839634031405e-05, 0.4806800049447861, 0.8768960781471488, 3.124788664495989e-05, 2.325613892417087e-05, -4.838275438823825e-05, 0.9999999985591306], "world_rotation": [8.28312389381469e-05, 6.959513353703328e-05, -0.9999999941477515, -0.5014300182424709]}], "source": "action wait"}
{"timestamp": 1706069944.157907, "objects": [{"color": "cv_", "id_name": "hand", "shape": "CVCylinder", "id_string": "ob383", "world_size": [0.12, 0.005, 0.12], "id": 383, "camera_size": [70, 61], "camera_position": [241, 290], "world_position": [0.6418432557099167, 1.1077676927256777, -0.1741180340492491], "world_orientation": [0.00043028814560903457, 0.5515650423030967, 0.8341317755374716, -0.0006382595786645337, -0.8341315313745634, 0.5515652100988934, 0.9999997037383671, -0.000769724567041243, -6.875238322220025e-06], "world_rotation": [0.0, 1.0, 0.0, 0.0]}, {"color": "CVPurple", "id_name": "object104266724694454", "shape": "CVBox", "id_string": "ob1367", "world_size": [0.11, 0.11, 0.11], "id": 1367, "camera_size": [64, 89], "camera_position": [242, 272], "world_position": [0.6725609235501783, 1.0611716513467466, -0.17305810639866928], "world_orientation": [0.8338603900413767, -0.5519754058605096, -3.5286950845160496e-05, 0.5519754065514276, 0.8338603902211226, 1.3515303023022056e-05, 2.1964275729998734e-05, -3.0747404889022275e-05, 0.9999999992860839], "world_rotation": [4.009481882642744e-05, 5.186030555751729e-05, -0.9999999978514571, -0.5847313760688205]}], "source": "action wait"}
{"timestamp": 1706069944.195247, "objects": [{"color": "cv_", "id_name": "hand", "shape": "CVCylinder", "id_string": "ob383", "world_size": [0.12, 0.005, 0.12], "id": 383, "camera_size": [73, 61], "camera_position": [241, 303], "world_position": [0.6216219010700649, 1.1434303126725556, -0.174118284953128], "world_orientation": [0.00047512390313509794, 0.5995203445052834, 0.8003593760190124, -0.000617447925410182, -0.8003591379134465, 0.5995205326896691, 0.999999696507622, -0.0007790267718067625, -1.0097164558784195e-05], "world_rotation": [0.0, 1.0, 0.0, 0.0]}, {"color": "CVPurple", "id_name": "object104266724694454", "shape": "CVBox", "id_string": "ob1367", "world_size": [0.11, 0.11, 0.11], "id": 1367, "camera_size": [67, 93], "camera_position": [242, 283], "world_position": [0.6549699959512264, 1.0989068563795137, -0.17344087856266002], "world_orientation": [0.7999986521230437, -0.6000017965591252, -2.6965454305349e-05, 0.6000017968722595, 0.7999986523287741, 4.7122701180911975e-06, 1.8744956566985732e-05, -1.994913077959886e-05, 0.9999999996253294], "world_rotation": [2.0551105854668076e-05, 3.80918949574236e-05, -0.9999999990633298, -0.6435033553922972]}], "source": "action wait"}
{"timestamp": 1706069944.227404, "objects": [{"color": "cv_", "id_name": "hand", "shape": "CVCylinder", "id_string": "ob383", "world_size": [0.12, 0.005, 0.12], "id": 383, "camera_size": [75, 62], "camera_position": [241, 313], "world_position": [0.6059560259393328, 1.1676855408484785, -0.17411956511554083], "world_orientation": [0.0005051285585368093, 0.6321126690620099, 0.7748763246198976, -0.0005975639879422293, -0.7748760943279778, 0.6321128707408983, 0.999999693881163, -0.0007823364499318465, -1.3684277218510291e-05], "world_rotation": [0.0, 1.0, 0.0, 0.0]}, {"color": "CVPurple", "id_name": "object104266724694454", "shape": "CVBox", "id_string": "ob1367", "world_size": [0.11, 0.11, 0.11], "id": 1367, "camera_size": [68, 96], "camera_position": [241, 292], "world_position": [0.6410575515437158, 1.1247526610418888, -0.17368680370087047], "world_orientation": [0.7744516229300145, -0.6326331348200721, -2.1651678270478167e-05, 0.6326331350092195, 0.7744516230739342, 2.5604029752505434e-06, 1.5148381618211057e-05, -1.5680477342001218e-05, 0.9999999997623246], "world_rotation": [1.4416633670398867e-05, 2.908483435211223e-05, -0.9999999994731166, -0.6849485092342688]}], "source": "action wait"}
{"timestamp": 1706069944.258453, "objects": [{"color": "cv_", "id_name": "hand", "shape": "CVCylinder", "id_string": "ob383", "world_size": [0.12, 0.005, 0.12], "id": 383, "camera_size": [76, 62], "camera_position": [240, 321], "world_position": [0.5942598790678086, 1.18431991420767, -0.17412101686462114], "world_orientation": [0.0005248427789116588, 0.6544515805385135, 0.7561037318190534, -0.0005807134035940884, -0.7561035090015349, 0.6544517907741633, 0.9999996936559534, -0.0007825638681084996, -1.6786661986657157e-05], "world_rotation": [0.0, 1.0, 0.0, 0.0]}, {"color": "CVPurple", "id_name": "object104266724694454", "shape": "CVBox", "id_string": "ob1367", "world_size": [0.11, 0.11, 0.11], "id": 1367, "camera_size": [69, 98], "camera_position": [241, 299], "world_position": [0.6305462635775672, 1.142564670694236, -0.17384471044130942], "world_orientation": [0.7556346232754259, -0.6549933707706486, -1.8812478398068653e-05, 0.6549933709302609, 0.7556346233639136, 3.3302188329530463e-06, 1.2034088770066554e-05, -1.4838477294766906e-05, 0.9999999998175003], "world_rotation": [1.3869374049805206e-05, 2.3547236147264273e-05, -0.999999999626584, -0.714173847810323]}], "source": "action wait"}
{"timestamp": 1706069944.287304, "objects": [{"color": "cv_", "id_name": "hand", "shape": "CVCylinder", "id_string": "ob383", "world_size": [0.12, 0.005, 0.12], "id": 383, "camera_size": [78, 63], "camera_position": [240, 328], "world_position": [0.585715391648942, 1.1958108928649704, -0.17412229173375215], "world_orientation": [0.0005376617902220021, 0.6698721513006164, 0.7424762702145328, -0.0005672761444389637, -0.7424760537539528, 0.6698723667981337, 0.999999694558741, -0.000781353851857691, -1.9198513000955614e-05], "world_rotation": [0.0, 1.0, 0.0, 0.0]}, {"color": "CVPurple", "id_name": "object104266724694454", "shape": "CVBox", "id_string": "ob1367", "world_size": [0.11, 0.11, 0.11], "id": 1367, "camera_size": [70, 99], "camera_position": [240, 305], "world_position": [0.6228120944762571, 1.1549095146012982, -0.17394603317387475], "world_orientation": [0.7419768520497865, -0.6704254997474256, -1.762680346774074e-05, 0.6704254999102506, 0.7419768520940155, 5.171666751864489e-06, 9.611462882828259e-06, -1.5654715543078778e-05, 0.9999999998312749], "world_rotation": [1.553221222451337e-05, 2.0314163429506536e-05, -0.9999999996730426, -0.7347821070755556]}], "source": "action wait"}
