{"timestamp": 1706069435.076349, "objects": [{"color": "cv_", "id_name": "hand", "shape": "CVCylinder", "id_string": "ob383", "world_size": [0.12, 0.005, 0.12], "id": 383, "camera_size": [48, 50], "camera_position": [246, 426], "world_position": [0.26764451557302155, 0.6334703011721016, -0.17389260400900872], "world_orientation": [-0.0006415518884751789, 0.19791547456950567, 0.980218880320667, -0.0007473676698736783, -0.9802189031849184, 0.19791499003491822, 0.9999995149262526, -0.0006056111649372859, 0.0007767769155187365], "world_rotation": [0.0, 1.0, 0.0, 0.0]}, {"color": "CVRed", "id_name": "object80499916287725", "shape": "CVBox", "id_string": "ob1192", "world_size": [0.11, 0.11, 0.11], "id": 1192, "camera_size": [45, 45], "camera_position": [256, 254], "world_position": [0.705, 0.6547388572526824, -0.15], "world_orientation": [1.0, -3.838362879530641e-17, 1.4813540171849057e-17, 3.838362879530641e-17, 1.0, 5.294293626938881e-18, -1.4813540171849057e-17, -5.294293626938881e-18, 1.0], "world_rotation": [-0.1276280613210114, 0.35710588544125776, 0.925303444577321, 4.1482206750932463e-17]}], "source": "action wait"}
{"timestamp": 1706069435.108941, "objects": [{"color": "cv_", "id_name": "hand", "shape": "CVCylinder", "id_string": "ob383", "world_size": [0.12, 0.005, 0.12], "id": 383, "camera_size": [49, 51], "camera_position": [246, 421], "world_position": [0.29079237665402285, 0.6674611220718975, -0.17395625163027503], "world_orientation": [-0.00038509830752572283, 0.19527307875804462, 0.9807488345196482, -0.0007159558397454493, -0.9807487097194715, 0.19527277278419466, 0.9999996695532101, -0.0006269736410931165, 0.0005174915693033285], "world_rotation": [0.0, 1.0, 0.0, 0.0]}, {"color": "CVRed", "id_name": "object80499916287725", "shape": "CVBox", "id_string": "ob1192", "world_size": [0.11, 0.11, 0.11], "id": 1192, "camera_size": [45, 45], "camera_position": [256, 254], "world_position": [0.705, 0.6547388572526824, -0.15], "world_orientation": [1.0, -3.838362879530641e-17, 1.4813540171849057e-17, 3.838362879530641e-17, 1.0, 5.294293626938881e-18, -1.4813540171849057e-17, -5.294293626938881e-18, 1.0], "world_rotation": [-0.1276280613210114, 0.35710588544125776, 0.925303444577321, 4.1482206750932463e-17]}], "source": "action wait"}
{"timestamp": 1706069435.144457, "objects": [{"color": "cv_", "id_name": "hand", "shape": "CVCylinder", "id_string": "ob383", "world_size": [0.12, 0.005, 0.12], "id": 383, "camera_size": [51, 52], "camera_position": [246, 406], "world_position": [0.3366158856862835, 0.705164982796908, -0.17398410908556844], "world_orientation": [-0.00022724217115864344, 0.18144968719136748, 0.9834002030603567, -0.0007325626043051047, -0.9833999947871153, 0.18144947948322349, 0.99999970585647, -0.000679169240155, 0.00035639320533250164], "world_rotation": [0.0, 1.0, 0.0, 0.0]}, {"color": "CVRed", "id_name": "object80499916287725", "shape": "CVBox", "id_string": "ob1192", "world_size": [0.11, 0.11, 0.11], "id": 1192, "camera_size": [45, 45], "camera_position": [256, 254], "world_position": [0.705, 0.6547388572526824, -0.15], "world_orientation": [1.0, -3.838362879530641e-17, 1.4813540171849057e-17, 3.838362879530641e-17, 1.0, 5.294293626938881e-18, -1.4813540171849057e-17, -5.294293626938881e-18, 1.0], "world_rotation": [-0.1276280613210114, 0.35710588544125776, 0.925303444577321, 4.1482206750932463e-17]}], "source": "action wait"}
{"timestamp": 1706069435.177152, "objects": [{"color": "cv_", "id_name": "hand", "shape": "CVCylinder", "id_string": "ob383", "world_size": [0.12, 0.005, 0.12], "id": 383, "camera_size": [51, 52], "camera_position": [246, 388], "world_position": [0.38702325097139595, 0.7381558888720917, -0.17400461604621129], "world_orientation": [-0.0001249985406099166, 0.17160907722274893, 0.9851651176275587, -0.0007438956354996092, -0.9851648686954676, 0.17160893947439324, 0.9999997154972838, -0.0007114091642599847, 0.0002508034144056332], "world_rotation": [0.0, 1.0, 0.0, 0.0]}, {"color": "CVRed", "id_name": "object80499916287725", "shape": "CVBox", "id_string": "ob1192", "world_size": [0.11, 0.11, 0.11], "id": 1192, "camera_size": [45, 45], "camera_position": [256, 254], "world_position": [0.705, 0.6547388572526824, -0.15], "world_orientation": [1.0, -3.838362879530641e-17, 1.4813540171849057e-17, 3.838362879530641e-17, 1.0, 5.294293626938881e-18, -1.4813540171849057e-17, -5.294293626938881e-18, 1.0], "world_rotation": [-0.1276280613210114, 0.35710588544125776, 0.925303444577321, 4.1482206750932463e-17]}], "source": "action wait"}
{"timestamp": 1706069435.216, "objects": [{"color": "cv_", "id_name": "hand", "shape": "CVCylinder", "id_string": "ob383", "world_size": [0.12, 0.005, 0.12], "id": 383, "camera_size": [52, 53], "camera_position": [245, 368], "world_position": [0.4410274018914555, 0.7659771147612084, -0.17402309849258052], "world_orientation": [-5.303559180106888e-05, 0.164655404469524, 0.9863511519566465, -0.0007513167536752308, -0.9863508815185411, 0.16465531892633392, 0.9999997163551406, -0.0007323295531897406, 0.00017602006668638586], "world_rotation": [0.0, 1.0, 0.0, 0.0]}, {"color": "CVRed", "id_name": "object80499916287725", "shape": "CVBox", "id_string": "ob1192", "world_size": [0.11, 0.11, 0.11], "id": 1192, "camera_size": [45, 45], "camera_position": [256, 254], "world_position": [0.705, 0.6547388572526824, -0.15], "world_orientation": [1.0, -3.838362879530641e-17, 1.4813540171849057e-17, 3.838362879530641e-17, 1.0, 5.294293626938881e-18, -1.4813540171849057e-17, -5.294293626938881e-18, 1.0], "world_rotation": [-0.1276280613210114, 0.35710588544125776, 0.925303444577321, 4.1482206750932463e-17]}], "source": "action wait"}
{"timestamp": 1706069435.249227, "objects": [{"color": "cv_", "id_name": "hand", "shape": "CVCylinder", "id_string": "ob383", "world_size": [0.12, 0.005, 0.12], "id": 383, "camera_size": [52, 53], "camera_position": [245, 344], "world_position": [0.49814333967297797, 0.7811360468553893, -0.1740383550173668], "world_orientation": [-9.235221060201794e-06, 0.1494643466575071, 0.9887671156510794, -0.0007643562982113204, -0.9887668279093497, 0.1494642960226024, 0.9999997078370374, -0.0007543900364980784, 0.00012337549495885754], "world_rotation": [0.0, 1.0, 0.0, 0.0]}, {"color": "CVRed", "id_name": "object80499916287725", "shape": "CVBox", "id_string": "ob1192", "world_size": [0.11, 0.11, 0.11], "id": 1192, "camera_size": [45, 45], "camera_position": [256, 254], "world_position": [0.705, 0.6547388572526824, -0.15], "world_orientation": [1.0, -3.838362879530641e-17, 1.4813540171849057e-17, 3.838362879530641e-17, 1.0, 5.294293626938881e-18, -1.4813540171849057e-17, -5.294293626938881e-18, 1.0], "world_rotation": [-0.1276280613210114, 0.35710588544125776, 0.925303444577321, 4.1482206750932463e-17]}], "source": "action wait"}
{"timestamp": 1706069435.27336, "objects": [{"color": "cv_", "id_name": "hand", "shape": "CVCylinder", "id_string": "ob383", "world_size": [0.12, 0.005, 0.12], "id": 383, "camera_size": [52, 53], "camera_position": [245, 318], "world_position": [0.5567696143365382, 0.7728510970959321, -0.17405018763143343], "world_orientation": [-2.4617025444906087e-06, 0.11076802043751571, 0.9938462887400115, -0.0007770565035366704, -0.993845988904316, 0.11076798509493962, 0.9999996980885196, -0.0007720020443507707, 8.851956386497435e-05], "world_rotation": [0.0, 1.0, 0.0, 0.0]}, {"color": "CVRed", "id_name": "object80499916287725", "shape": "CVBox", "id_string": "ob1192", "world_size": [0.11, 0.11, 0.11], "id": 1192, "camera_size": [45, 45], "camera_position": [256, 254], "world_position": [0.705, 0.6547388572526824, -0.15], "world_orientation": [1.0, -3.838362879530641e-17, 1.4813540171849057e-17, 3.838362879530641e-17, 1.0, 5.294293626938881e-18, -1.4813540171849057e-17, -5.294293626938881e-18, 1.0], "world_rotation": [-0.1276280613210114, 0.35710588544125776, 0.925303444577321, 4.1482206750932463e-17]}], "source": "action wait"}
{"timestamp": 1706069435.310965, "objects": [{"color": "cv_", "id_name": "hand", "shape": "CVCylinder", "id_string": "ob383", "world_size": [0.12, 0.005, 0.12], "id": 383, "camera_size": [52, 52], "camera_position": [245, 298], "world_position": [0.6020961401445609, 0.7593926283281307, -0.1740557940174704], "world_orientation": [-1.67001749214517e-05, 0.07766052110186496, 0.9969798609717706, -0.0007752582018652346, -0.9969795625111691, 0.07766048486687721, 0.9999996993478671, -0.0007716198706313841, 7.685668903278936e-05], "world_rotation": [0.0, 1.0, 0.0, 0.0]}, {"color": "CVRed", "id_name": "object80499916287725", "shape": "CVBox", "id_string": "ob1192", "world_size": [0.11, 0.11, 0.11], "id": 1192, "camera_size": [45, 45], "camera_position": [256, 254], "world_position": [0.705, 0.6547388572526824, -0.15], "world_orientation": [1.0, -3.838362879530641e-17, 1.4813540171849057e-17, 3.838362879530641e-17, 1.0, 5.294293626938881e-18, -1.4813540171849057e-17, -5.294293626938881e-18, 1.0], "world_rotation": [-0.1276280613210114, 0.35710588544125776, 0.925303444577321, 4.1482206750932463e-17]}], "source": "action wait"}
{"timestamp": 1706069435.340955, "objects": [{"color": "cv_", "id_name": "hand", "shape": "CVCylinder", "id_string": "ob383", "world_size": [0.12, 0.005, 0.12], "id": 383, "camera_size": [51, 51], "camera_position": [246, 284], "world_position": [0.6339129686457938, 0.7474411260761687, -0.17406347303585598], "world_orientation": [-2.2925887376306504e-05, 0.05426606533388628, 0.9985265112292122, -0.0007713906935404486, -0.998526215367858, 0.05426603154404998, 0.9999997022153566, -0.0007690099610883883, 6.475243732981466e-05], "world_rotation": [0.0, 1.0, 0.0, 0.0]}, {"color": "CVRed", "id_name": "object80499916287725", "shape": "CVBox", "id_string": "ob1192", "world_size": [0.11, 0.11, 0.11], "id": 1192, "camera_size": [45, 45], "camera_position": [256, 254], "world_position": [0.705, 0.6547388572526824, -0.15], "world_orientation": [1.0, -3.838362879530641e-17, 1.4813540171849057e-17, 3.838362879530641e-17, 1.0, 5.294293626938881e-18, -1.4813540171849057e-17, -5.294293626938881e-18, 1.0], "world_rotation": [-0.1276280613210114, 0.35710588544125776, 0.925303444577321, 4.1482206750932463e-17]}], "source": "action wait"}
{"timestamp": 1706069435.370828, "objects": [{"color": "cv_", "id_name": "hand", "shape": "CVCylinder", "id_string": "ob383", "world_size": [0.12, 0.005, 0.12], "id": 383, "camera_size": [51, 51], "camera_position": [246, 275], "world_position": [0.6561784522470896, 0.737823932945677, -0.1740713509976336], "world_orientation": [-2.4263480206815743e-05, 0.0377580270588802, 0.9992869111541012, -0.0007678984751174326, -0.999286617527918, 0.03775799731903858, 0.9999997048715643, -0.0007664347548597842, 5.324050246765914e-05], "world_rotation": [0.0, 1.0, 0.0, 0.0]}, {"color": "CVRed", "id_name": "object80499916287725", "shape": "CVBox", "id_string": "ob1192", "world_size": [0.11, 0.11, 0.11], "id": 1192, "camera_size": [45, 45], "camera_position": [256, 254], "world_position": [0.705, 0.6547388572526824, -0.15], "world_orientation": [1.0, -3.838362879530641e-17, 1.4813540171849057e-17, 3.838362879530641e-17, 1.0, 5.294293626938881e-18, -1.4813540171849057e-17, -5.294293626938881e-18, 1.0], "world_rotation": [-0.1276280613210114, 0.35710588544125776, 0.925303444577321, 4.1482206750932463e-17]}], "source": "action wait"}
{"timestamp": 1706069435.407037, "objects": [{"color": "cv_", "id_name": "hand", "shape": "CVCylinder", "id_string": "ob383", "world_size": [0.12, 0.005, 0.12], "id": 383, "camera_size": [51, 51], "camera_position": [246, 268], "world_position": [0.671757643432359, 0.7304754762664522, -0.1740784619186039], "world_orientation": [-2.3073055836969076e-05, 0.026116747227871155, 0.9996588993160966, -0.0007653865204477878, -0.9996586072350107, 0.026116721931229013, 0.9999997068255113, -0.0007645228539991734, 4.305458514916851e-05], "world_rotation": [0.0, 1.0, 0.0, 0.0]}, {"color": "CVRed", "id_name": "object80499916287725", "shape": "CVBox", "id_string": "ob1192", "world_size": [0.11, 0.11, 0.11], "id": 1192, "camera_size": [45, 45], "camera_position": [256, 254], "world_position": [0.705, 0.6547388572526824, -0.15], "world_orientation": [1.0, -3.838362879530641e-17, 1.4813540171849057e-17, 3.838362879530641e-17, 1.0, 5.294293626938881e-18, -1.4813540171849057e-17, -5.294293626938881e-18, 1.0], "world_rotation": [-0.1276280613210114, 0.35710588544125776, 0.925303444577321, 4.1482206750932463e-17]}], "source": "action wait"}
{"timestamp": 1706069435.441421, "objects": [{"color": "cv_", "id_name": "hand", "shape": "CVCylinder", "id_string": "ob383", "world_size": [0.12, 0.005, 0.12], "id": 383, "camera_size": [51, 50], "camera_position": [246, 263], "world_position": [0.6826678421728674, 0.7250280921598325, -0.17408447351814066], "world_orientation": [-2.076149913266983e-05, 0.017909985429192747, 0.9998396031318656, -0.0007638027698319545, -0.9998393119807709, 0.017909964353610273, 0.9999997080871018, -0.000763308420550739, 3.443785948733618e-05], "world_rotation": [0.0, 1.0, 0.0, 0.0]}, {"color": "CVRed", "id_name": "object80499916287725", "shape": "CVBox", "id_string": "ob1192", "world_size": [0.11, 0.11, 0.11], "id": 1192, "camera_size": [45, 45], "camera_position": [256, 254], "world_position": [0.705, 0.6547388572526824, -0.15], "world_orientation": [1.0, -3.838362879530641e-17, 1.4813540171849057e-17, 3.838362879530641e-17, 1.0, 5.294293626938881e-18, -1.4813540171849057e-17, -5.294293626938881e-18, 1.0], "world_rotation": [-0.1276280613210114, 0.35710588544125776, 0.925303444577321, 4.1482206750932463e-17]}], "source": "action wait"}
{"timestamp": 1706069435.473555, "objects": [{"color": "cv_", "id_name": "hand", "shape": "CVCylinder", "id_string": "ob383", "world_size": [0.12, 0.005, 0.12], "id": 383, "camera_size": [51, 51], "camera_position": [246, 260], "world_position": [0.6903169333670066, 0.7210652153890785, -0.17408936159796481], "world_orientation": [-1.8119831035913676e-05, 0.01212527236878221, 0.9999264860186747, -0.000762914189193228, -0.9999261953527663, 0.012125255019227637, 0.9999997088167634, -0.000762638396761908, 2.7369036046521726e-05], "world_rotation": [0.0, 1.0, 0.0, 0.0]}, {"color": "CVRed", "id_name": "object80499916287725", "shape": "CVBox", "id_string": "ob1192", "world_size": [0.11, 0.11, 0.11], "id": 1192, "camera_size": [45, 45], "camera_position": [256, 254], "world_position": [0.705, 0.6547388572526824, -0.15], "world_orientation": [1.0, -3.838362879530641e-17, 1.4813540171849057e-17, 3.838362879530641e-17, 1.0, 5.294293626938881e-18, -1.4813540171849057e-17, -5.294293626938881e-18, 1.0], "world_rotation": [-0.1276280613210114, 0.35710588544125776, 0.925303444577321, 4.1482206750932463e-17]}], "source": "action wait"}
{"timestamp": 1706069435.504747, "objects": [{"color": "cv_", "id_name": "hand", "shape": "CVCylinder", "id_string": "ob383", "world_size": [0.12, 0.005, 0.12], "id": 383, "camera_size": [51, 50], "camera_position": [246, 257], "world_position": [0.695685480872536, 0.7182169320850017, -0.17409323691008471], "world_orientation": [-1.556193455035521e-05, 0.00804801498505467, 0.9999676140818895, -0.0007624865942448177, -0.999967323614937, 0.008048000781146173, 0.9999997091859676, -0.0007623366579553941, 2.169792957934226e-05], "world_rotation": [0.0, 1.0, 0.0, 0.0]}, {"color": "CVRed", "id_name": "object80499916287725", "shape": "CVBox", "id_string": "ob1192", "world_size": [0.11, 0.11, 0.11], "id": 1192, "camera_size": [45, 45], "camera_position": [256, 254], "world_position": [0.705, 0.6547388572526824, -0.15], "world_orientation": [1.0, -3.838362879530641e-17, 1.4813540171849057e-17, 3.838362879530641e-17, 1.0, 5.294293626938881e-18, -1.4813540171849057e-17, -5.294293626938881e-18, 1.0], "world_rotation": [-0.1276280613210114, 0.35710588544125776, 0.925303444577321, 4.1482206750932463e-17]}], "source": "action wait"}
{"timestamp": 1706069435.535209, "objects": [{"color": "cv_", "id_name": "hand", "shape": "CVCylinder", "id_string": "ob383", "world_size": [0.12, 0.005, 0.12], "id": 383, "camera_size": [50, 50], "camera_position": [245, 256], "world_position": [0.6994569230656137, 0.716185898104937, -0.17409625633461184], "world_orientation": [-1.3279971670330701e-05, 0.005174259248573163, 0.9999866133428343, -0.0007623380992158283, -0.999986322907554, 0.005174247621802071, 0.9999997093320903, -0.0007622591801955847, 1.7224324999703808e-05], "world_rotation": [0.0, 1.0, 0.0, 0.0]}, {"color": "CVRed", "id_name": "object80499916287725", "shape": "CVBox", "id_string": "ob1192", "world_size": [0.11, 0.11, 0.11], "id": 1192, "camera_size": [45, 45], "camera_position": [256, 254], "world_position": [0.705, 0.6547388572526824, -0.15], "world_orientation": [1.0, -3.838362879530641e-17, 1.4813540171849057e-17, 3.838362879530641e-17, 1.0, 5.294293626938881e-18, -1.4813540171849057e-17, -5.294293626938881e-18, 1.0], "world_rotation": [-0.1276280613210114, 0.35710588544125776, 0.925303444577321, 4.1482206750932463e-17]}], "source": "action wait"}
{"timestamp": 1706069435.566562, "objects": [{"color": "cv_", "id_name": "hand", "shape": "CVCylinder", "id_string": "ob383", "world_size": [0.12, 0.005, 0.12], "id": 383, "camera_size": [50, 50], "camera_position": [245, 255], "world_position": [0.7021083992214342, 0.7147451748980079, -0.17409857973338963], "world_orientation": [-1.1341152947931974e-05, 0.003148738973216498, 0.9999950426448408, -0.0007623436286882234, -0.9999947521538691, 0.003148729412633503, 0.9999997093517428, -0.0007623041392586344, 1.3741514526305618e-05], "world_rotation": [0.0, 1.0, 0.0, 0.0]}, {"color": "CVRed", "id_name": "object80499916287725", "shape": "CVBox", "id_string": "ob1192", "world_size": [0.11, 0.11, 0.11], "id": 1192, "camera_size": [45, 45], "camera_position": [256, 254], "world_position": [0.705, 0.6547388572526824, -0.15], "world_orientation": [1.0, -3.838362879530641e-17, 1.4813540171849057e-17, 3.838362879530641e-17, 1.0, 5.294293626938881e-18, -1.4813540171849057e-17, -5.294293626938881e-18, 1.0], "world_rotation": [-0.1276280613210114, 0.35710588544125776, 0.925303444577321, 4.1482206750932463e-17]}], "source": "action wait"}
{"timestamp": 1706069435.599054, "objects": [{"color": "cv_", "id_name": "hand", "shape": "CVCylinder", "id_string": "ob383", "world_size": [0.12, 0.005, 0.12], "id": 383, "camera_size": [50, 50], "camera_position": [245, 254], "world_position": [0.7039736217271596, 0.713726710684614, -0.17410035106515073], "world_orientation": [-9.746222231140297e-06, 0.001721052037326503, 0.9999985189413512, -0.0007624238900608079, -0.9999982283569285, 0.0017210441064515465, 0.9999997093073693, -0.0007624059871883287, 1.1058376153973656e-05], "world_rotation": [0.0, 1.0, 0.0, 0.0]}, {"color": "CVRed", "id_name": "object80499916287725", "shape": "CVBox", "id_string": "ob1192", "world_size": [0.11, 0.11, 0.11], "id": 1192, "camera_size": [45, 45], "camera_position": [256, 254], "world_position": [0.705, 0.6547388572526824, -0.15], "world_orientation": [1.0, -3.838362879530641e-17, 1.4813540171849057e-17, 3.838362879530641e-17, 1.0, 5.294293626938881e-18, -1.4813540171849057e-17, -5.294293626938881e-18, 1.0], "world_rotation": [-0.1276280613210114, 0.35710588544125776, 0.925303444577321, 4.1482206750932463e-17]}], "source": "action wait"}
{"timestamp": 1706069435.634335, "objects": [{"color": "cv_", "id_name": "hand", "shape": "CVCylinder", "id_string": "ob383", "world_size": [0.12, 0.005, 0.12], "id": 383, "camera_size": [50, 50], "camera_position": [245, 253], "world_position": [0.7052863681041294, 0.7130083672580465, -0.1741016919661782], "world_orientation": [-8.463850350477358e-06, 0.00071472064757403, 0.999999744551347, -0.000762532040580824, -0.9999994538642537, 0.0007147139858555926, 0.9999997092365831, -0.0007625257965611838, 9.00884312227055e-06], "world_rotation": [0.0, 1.0, 0.0, 0.0]}, {"color": "CVRed", "id_name": "object80499916287725", "shape": "CVBox", "id_string": "ob1192", "world_size": [0.11, 0.11, 0.11], "id": 1192, "camera_size": [45, 45], "camera_position": [256, 254], "world_position": [0.705, 0.6547388572526824, -0.15], "world_orientation": [1.0, -3.838362879530641e-17, 1.4813540171849057e-17, 3.838362879530641e-17, 1.0, 5.294293626938881e-18, -1.4813540171849057e-17, -5.294293626938881e-18, 1.0], "world_rotation": [-0.1276280613210114, 0.35710588544125776, 0.925303444577321, 4.1482206750932463e-17]}], "source": "action wait"}
{"timestamp": 1706069435.671248, "objects": [{"color": "cv_", "id_name": "hand", "shape": "CVCylinder", "id_string": "ob383", "world_size": [0.12, 0.005, 0.12], "id": 383, "camera_size": [50, 50], "camera_position": [245, 253], "world_position": [0.7062106286920002, 0.7125024355551022, -0.17410270138244152], "world_orientation": [-7.450168532424432e-06, 5.369468525934696e-06, 0.999999999957832, -0.0007626424969108894, -0.9999997091737836, 5.36378514984088e-06, 0.9999997091604163, -0.0007626424569179991, 7.454261350968078e-06], "world_rotation": [0.0, 1.0, 0.0, 0.0]}, {"color": "CVRed", "id_name": "object80499916287725", "shape": "CVBox", "id_string": "ob1192", "world_size": [0.11, 0.11, 0.11], "id": 1192, "camera_size": [45, 45], "camera_position": [256, 254], "world_position": [0.705, 0.6547388572526824, -0.15], "world_orientation": [1.0, -3.838362879530641e-17, 1.4813540171849057e-17, 3.838362879530641e-17, 1.0, 5.294293626938881e-18, -1.4813540171849057e-17, -5.294293626938881e-18, 1.0], "world_rotation": [-0.1276280613210114, 0.35710588544125776, 0.925303444577321, 4.1482206750932463e-17]}], "source": "action wait"}
{"timestamp": 1706069435.702869, "objects": [{"color": "cv_", "id_name": "hand", "shape": "CVCylinder", "id_string": "ob383", "world_size": [0.12, 0.005, 0.12], "id": 383, "camera_size": [49, 50], "camera_position": [246, 253], "world_position": [0.7068615635864315, 0.7121464232499408, -0.17410345784327813], "world_orientation": [-6.659318071361952e-06, -0.0004946577769812848, 0.9999998776346611, -0.0007627427784547056, -0.9999995867660422, -0.0004946627124478803, 0.9999997090895114, -0.0007627459792381273, 6.282018672670749e-06], "world_rotation": [0.0, 1.0, 0.0, 0.0]}, {"color": "CVRed", "id_name": "object80499916287725", "shape": "CVBox", "id_string": "ob1192", "world_size": [0.11, 0.11, 0.11], "id": 1192, "camera_size": [45, 45], "camera_position": [256, 254], "world_position": [0.705, 0.6547388572526824, -0.15], "world_orientation": [1.0, -3.838362879530641e-17, 1.4813540171849057e-17, 3.838362879530641e-17, 1.0, 5.294293626938881e-18, -1.4813540171849057e-17, -5.294293626938881e-18, 1.0], "world_rotation": [-0.1276280613210114, 0.35710588544125776, 0.925303444577321, 4.1482206750932463e-17]}], "source": "action wait"}
{"timestamp": 1706069435.736129, "objects": [{"color": "cv_", "id_name": "hand", "shape": "CVCylinder", "id_string": "ob383", "world_size": [0.12, 0.005, 0.12], "id": 383, "camera_size": [49, 49], "camera_position": [246, 253], "world_position": [0.7072808474256971, 0.7119395421838545, -0.17410667380054026], "world_orientation": [-3.820999560445356e-06, -0.000832657409473726, 0.9999996533334592, -0.0007644537204261509, -0.9999993611436403, -0.0008326600871575809, 0.999999707797912, -0.0007644566370098172, 3.1844690652348455e-06], "world_rotation": [0.0, 1.0, 0.0, 0.0]}, {"color": "CVRed", "id_name": "object80499916287725", "shape": "CVBox", "id_string": "ob1192", "world_size": [0.11, 0.11, 0.11], "id": 1192, "camera_size": [45, 46], "camera_position": [256, 253], "world_position": [0.7051612125594798, 0.6546060836526071, -0.15000160667559578], "world_orientation": [0.9999957581109306, 0.002912689471458719, 4.3419531796369815e-07, -0.0029126894833836066, 0.9999957576426345, 3.060566777319369e-05, -3.45048669662143e-07, -3.0606802623482465e-05, 0.9999999995315523], "world_rotation": [-0.01050731483560578, 0.00013375970384266997, -0.9999447876974444, 0.002912854421717744]}], "source": "action wait"}
{"timestamp": 1706069435.766884, "objects": [{"color": "cv_", "id_name": "hand", "shape": "CVCylinder", "id_string": "ob383", "world_size": [0.12, 0.005, 0.12], "id": 383, "camera_size": [49, 50], "camera_position": [246, 252], "world_position": [0.7075797736323346, 0.7117904566505578, -0.17410838709948348], "world_orientation": [-2.1481813729449527e-06, -0.0010718094562988025, 0.9999994256097725, -0.000765508881123826, -0.9999991326085191, -0.0010718107867095747, 0.9999997069957263, -0.0007655107438673456, 1.3276998523309746e-06], "world_rotation": [0.0, 1.0, 0.0, 0.0]}, {"color": "CVRed", "id_name": "object80499916287725", "shape": "CVBox", "id_string": "ob1192", "world_size": [0.11, 0.11, 0.11], "id": 1192, "camera_size": [45, 46], "camera_position": [256, 253], "world_position": [0.7052499163438298, 0.6545239004227186, -0.15000246553537933], "world_orientation": [0.9999898781427786, 0.004499290123076991, 6.157600414601992e-07, -0.004499290147123384, 0.9999898770296529, 4.7184655408166535e-05, -4.0345635410061814e-07, -4.7186948294908986e-05, 0.9999999988866146], "world_rotation": [-0.010486811357719306, 0.00011325790442822139, -0.9999450054678981, 0.0044995527680212095]}], "source": "action wait"}
{"timestamp": 1706069436.827907, "objects": [{"color": "cv_", "id_name": "hand", "shape": "CVCylinder", "id_string": "ob383", "world_size": [0.12, 0.005, 0.12], "id": 383, "camera_size": [49, 50], "camera_position": [246, 252], "world_position": [0.7083044128279302, 0.7114375911273512, -0.17411278837959412], "world_orientation": [3.0265233757294694e-06, -0.0016404722823264847, 0.9999986544198605, -0.0007679914633514937, -0.9999983595231627, -0.0016404694742083502, 0.9999997050899329, -0.0007679854650385819, -4.286387119106733e-06], "world_rotation": [0.0, 1.0, 0.0, 0.0]}, {"color": "CVRed", "id_name": "object80499916287725", "shape": "CVBox", "id_string": "ob1192", "world_size": [0.11, 0.11, 0.11], "id": 1192, "camera_size": [45, 46], "camera_position": [256, 253], "world_position": [0.705464437584506, 0.6543338325176483, -0.15000469317013254], "world_orientation": [0.9999717668664178, 0.007514317650716903, -2.2367360802393738e-05, -0.007514314844149624, 0.9999717595703247, 0.00012302134796439548, 2.3291150624938836e-05, -0.00012284979929494288, 0.9999999921827245], "world_rotation": [0.016357916485250017, 0.00303768101745323, 0.9998615859519245, -0.007515427225430189]}], "source": "action wait"}
{"timestamp": 1706069436.853242, "objects": [{"color": "cv_", "id_name": "hand", "shape": "CVCylinder", "id_string": "ob383", "world_size": [0.12, 0.005, 0.12], "id": 383, "camera_size": [51, 50], "camera_position": [246, 251], "world_position": [0.7107173066622362, 0.7320947746240715, -0.1740953162265643], "world_orientation": [2.16691014482553e-05, 0.02866155640402626, 0.9995891729680494, -0.0007441631184291354, -0.9995888959648921, 0.028661564593395517, 0.9999997228758133, -0.0007444784664551064, -3.313200001998114e-07], "world_rotation": [0.0, 1.0, 0.0, 0.0]}, {"color": "CVRed", "id_name": "object80499916287725", "shape": "CVBox", "id_string": "ob1192", "world_size": [0.11, 0.11, 0.11], "id": 1192, "camera_size": [46, 48], "camera_position": [252, 251], "world_position": [0.7105945102255058, 0.6757074855415525, -0.15864650737528177], "world_orientation": [0.9996826590338583, -0.02519087551511102, -3.190261505208963e-05, 0.025190878907427005, 0.9996826533154878, 0.00011081506073890028, 2.9100962462702682e-05, -0.00011158354949306972, 0.9999999933511229], "world_rotation": [0.00441422262849144, 0.0012108140963824159, -0.9999895242290342, -0.025193806225146952]}], "source": "action wait"}
{"timestamp": 1706069436.883329, "objects": [{"color": "cv_", "id_name": "hand", "shape": "CVCylinder", "id_string": "ob383", "world_size": [0.12, 0.005, 0.12], "id": 383, "camera_size": [52, 53], "camera_position": [245, 250], "world_position": [0.7141259571518831, 0.7809597949482678, -0.1741123040452463], "world_orientation": [7.707245146227252e-05, 0.0991322517803917, 0.9950742639204304, -0.0007263643708469117, -0.9950739988229779, 0.09913228163040062, 0.9999997332272835, -0.0007304268596231474, -4.686656780153278e-06], "world_rotation": [0.0, 1.0, 0.0, 0.0]}, {"color": "CVRed", "id_name": "object80499916287725", "shape": "CVBox", "id_string": "ob1192", "world_size": [0.11, 0.11, 0.11], "id": 1192, "camera_size": [48, 53], "camera_position": [249, 248], "world_position": [0.7185810337739553, 0.7251406782788433, -0.1642251799442873], "world_orientation": [0.9952643042173019, -0.09720577886388693, -3.6142984158396874e-05, 0.09720578206802724, 0.9952642994230644, 0.00010112596344090411, 2.6141793767831662e-05, -0.00010416036868370503, 0.9999999942336123], "world_rotation": [0.0010559362116013692, 0.0003203757004335418, -0.9999993911788785, -0.09735957684045105]}], "source": "action wait"}
{"timestamp": 1706069436.915068, "objects": [{"color": "cv_", "id_name": "hand", "shape": "CVCylinder", "id_string": "ob383", "world_size": [0.12, 0.005, 0.12], "id": 383, "camera_size": [55, 55], "camera_position": [245, 250], "world_position": [0.7131086434461454, 0.8508894678716334, -0.17411887008921612], "world_orientation": [0.00015115855957331643, 0.19838345881754313, 0.9801244719007265, -0.0007163873154295436, -0.9801242101102855, 0.19838351631348725, 0.9999997319701162, -0.0007321361057810306, -6.034770314840934e-06], "world_rotation": [0.0, 1.0, 0.0, 0.0]}, {"color": "CVRed", "id_name": "object80499916287725", "shape": "CVBox", "id_string": "ob1192", "world_size": [0.11, 0.11, 0.11], "id": 1192, "camera_size": [51, 60], "camera_position": [248, 245], "world_position": [0.7235149345452381, 0.7959420122425834, -0.16779144914446997], "world_orientation": [0.9803130552898212, -0.19744951711710376, -4.264456577952975e-05, 0.19744952005795705, 0.9803130522048759, 8.18879909281076e-05, 2.5636280172837756e-05, -8.869601562452646e-05, 0.999999995737899], "world_rotation": [0.0004319686097685464, 0.00017290707784357068, -0.9999998917531255, -0.19875555667026104]}], "source": "action wait"}
{"timestamp": 1706069436.951625, "objects": [{"color": "cv_", "id_name": "hand", "shape": "CVCylinder", "id_string": "ob383", "world_size": [0.12, 0.005, 0.12], "id": 383, "camera_size": [59, 57], "camera_position": [244, 254], "world_position": [0.7045955421173038, 0.9204411984458185, -0.17411988603355233], "world_orientation": [0.0002258335680377788, 0.2956916669613468, 0.9552834066855864, -0.0007070664247738067, -0.9552831450362056, 0.2956917531261345, 0.9999997245280973, -0.0007422259466589823, -6.661351335654951e-06], "world_rotation": [0.0, 1.0, 0.0, 0.0]}, {"color": "CVRed", "id_name": "object80499916287725", "shape": "CVBox", "id_string": "ob1192", "world_size": [0.11, 0.11, 0.11], "id": 1192, "camera_size": [54, 67], "camera_position": [246, 246], "world_position": [0.7207026703167432, 0.8669111076156919, -0.1700709324058806], "world_orientation": [0.9553790146918778, -0.2953826945984187, -4.492387073046983e-05, 0.2953826969187541, 0.955379013198831, 5.916275391740679e-05, 2.544366961556135e-05, -6.979258763646579e-05, 0.9999999972408072], "world_rotation": [0.000218285193104561, 0.00011911249233758576, -0.9999999690818938, -0.2998560730054053]}], "source": "action wait"}
{"timestamp": 1706069436.985294, "objects": [{"color": "cv_", "id_name": "hand", "shape": "CVCylinder", "id_string": "ob383", "world_size": [0.12, 0.005, 0.12], "id": 383, "camera_size": [62, 59], "camera_position": [243, 262], "world_position": [0.6888658960203656, 0.9887053328025756, -0.17411977504399018], "world_orientation": [0.0002994755514822888, 0.39001144903758406, 0.9208099586418459, -0.0006868611968664581, -0.9208097024997781, 0.3900115639362079, 0.9999997192680059, -0.0007492675584737514, -7.876262788309222e-06], "world_rotation": [0.0, 1.0, 0.0, 0.0]}, {"color": "CVRed", "id_name": "object80499916287725", "shape": "CVBox", "id_string": "ob1192", "world_size": [0.11, 0.11, 0.11], "id": 1192, "camera_size": [57, 75], "camera_position": [245, 251], "world_position": [0.710415040259961, 0.9371223946015985, -0.17152891825633756], "world_orientation": [0.9207789894593474, -0.3900846710196422, -4.4785270170223906e-05, 0.39008467282451426, 0.9207789887777215, 4.304495783085906e-05, 2.44461575649708e-05, -5.71049402345279e-05, 0.9999999980707056], "world_rotation": [0.00012836943368272285, 8.873897370929848e-05, -0.9999999878233415, -0.4007235529044222]}], "source": "action wait"}
{"timestamp": 1706069437.032009, "objects": [{"color": "cv_", "id_name": "hand", "shape": "CVCylinder", "id_string": "ob383", "world_size": [0.12, 0.005, 0.12], "id": 383, "camera_size": [66, 60], "camera_position": [242, 274], "world_position": [0.6661883408488272, 1.0549949419417004, -0.17411942660544105], "world_orientation": [0.00037076357131182405, 0.4803946924541655, 0.8770523370906903, -0.0006571053320160243, -0.877052090983909, 0.4803948354357446, 0.9999997153734379, -0.0007544286719854598, -9.509051595372377e-06], "world_rotation": [0.0, 1.0, 0.0, 0.0]}, {"color": "CVRed", "id_name": "object80499916287725", "shape": "CVBox", "id_string": "ob1192", "world_size": [0.11, 0.11, 0.11], "id": 1192, "camera_size": [60, 83], "camera_position": [243, 260], "world_position": [0.6929005651914235, 1.0058728029087556, -0.17246168911162993], "world_orientation": [0.8768902313681511, -0.4806906700304859, -4.332150702876388e-05, 0.4806906714365849, 0.8768902311065826, 3.136382369819749e-05, 2.2911908882133615e-05, -4.8326874920603534e-05, 0.9999999985697788], "world_rotation": [8.289187101789552e-05, 6.889400976421439e-05, -0.9999999941912766, -0.5014421821845563]}], "source": "action wait"}
{"timestamp": 1706069437.062539, "objects": [{"color": "cv_", "id_name": "hand", "shape": "CVCylinder", "id_string": "ob383", "world_size": [0.12, 0.005, 0.12], "id": 383, "camera_size": [70, 61], "camera_position": [241, 290], "world_position": [0.6418568771920224, 1.1077766414242913, -0.17411799626743632], "world_orientation": [0.00043387076957596235, 0.5515622466067237, 0.8341336223137749, -0.0006358869626633769, -0.834133380010024, 0.5515624171395507, 0.9999997037019193, -0.0007697215059421434, -1.1174849798904365e-05], "world_rotation": [0.0, 1.0, 0.0, 0.0]}, {"color": "CVRed", "id_name": "object80499916287725", "shape": "CVBox", "id_string": "ob1192", "world_size": [0.11, 0.11, 0.11], "id": 1192, "camera_size": [64, 89], "camera_position": [242, 272], "world_position": [0.6725676269154829, 1.0611766678603003, -0.17305805363547358], "world_orientation": [0.8338563457587943, -0.551981515481993, -3.46985970759839e-05, 0.5519815161624528, 0.8338563459149805, 1.3867814801590439e-05, 2.1278867935550655e-05, -3.071674959682557e-05, 0.9999999993018456], "world_rotation": [4.038592147268632e-05, 5.070592337728881e-05, -0.9999999978989434, -0.5847387029606442]}], "source": "action wait"}
{"timestamp": 1706069437.09562, "objects": [{"color": "cv_", "id_name": "hand", "shape": "CVCylinder", "id_string": "ob383", "world_size": [0.12, 0.005, 0.12], "id": 383, "camera_size": [73, 61], "camera_position": [241, 303], "world_position": [0.6216346324231377, 1.1434392972768608, -0.17411825017747481], "world_orientation": [0.00047873610256820274, 0.5995183232388697, 0.800360887920317, -0.0006147280477177795, -0.8003606519787151, 0.5995185142042183, 0.9999996964605398, -0.0007790154430086063, -1.4620810761058811e-05], "world_rotation": [0.0, 1.0, 0.0, 0.0]}, {"color": "CVRed", "id_name": "object80499916287725", "shape": "CVBox", "id_string": "ob1192", "world_size": [0.11, 0.11, 0.11], "id": 1192, "camera_size": [67, 93], "camera_position": [242, 283], "world_position": [0.6549766068175515, 1.0989117176884413, -0.17344082691220772], "world_orientation": [0.7999960661691854, -0.6000052444986291, -2.622915722618011e-05, 0.6000052448069113, 0.7999960663507278, 5.249814580909515e-06, 1.783330632344777e-05, -1.9937462915418413e-05, 0.9999999996422354], "world_rotation": [2.0989214426264503e-05, 3.6718398633097055e-05, -0.9999999991056061, -0.6435076652961689]}], "source": "action wait"}
{"timestamp": 1706069437.121695, "objects": [{"color": "cv_", "id_name": "hand", "shape": "CVCylinder", "id_string": "ob383", "world_size": [0.12, 0.005, 0.12], "id": 383, "camera_size": [75, 62], "camera_position": [241, 313], "world_position": [0.605968113124392, 1.1676945002377515, -0.17411953227336216], "world_orientation": [0.0005087605599627332, 0.6321111632489171, 0.7748775506225439, -0.0005945779296303558, -0.7748773227253369, 0.6321113677217806, 0.9999996938198422, -0.0007823184231671885, -1.838767387087632e-05], "world_rotation": [0.0, 1.0, 0.0, 0.0]}, {"color": "CVRed", "id_name": "object80499916287725", "shape": "CVBox", "id_string": "ob1192", "world_size": [0.11, 0.11, 0.11], "id": 1192, "camera_size": [68, 96], "camera_position": [241, 292], "world_position": [0.6410640557777711, 1.1247573698585132, -0.1736867528994173], "world_orientation": [0.7744500843953346, -0.6326350182744763, -2.0806546238844013e-05, 0.6326350184604865, 0.7744500845160501, 3.253134435975278e-06, 1.4055584729807303e-05, -1.568234000240047e-05, 0.9999999997782524], "world_rotation": [1.4965559824629003e-05, 2.75531150974507e-05, -0.999999999508429, -0.6849509411903935]}], "source": "action wait"}
{"timestamp": 1706069437.147362, "objects": [{"color": "cv_", "id_name": "hand", "shape": "CVCylinder", "id_string": "ob383", "world_size": [0.12, 0.005, 0.12], "id": 383, "camera_size": [76, 62], "camera_position": [240, 321], "world_position": [0.5942715062411547, 1.1843288300888626, -0.17412098526308945], "world_orientation": [0.000528488169678831, 0.6544504213691485, 0.7561047326065341, -0.0005775275075958885, -0.7561045123524904, 0.6544506343966524, 0.9999996935810693, -0.0007825406996211826, -2.1629169120155474e-05], "world_rotation": [0.0, 1.0, 0.0, 0.0]}, {"color": "CVRed", "id_name": "object80499916287725", "shape": "CVBox", "id_string": "ob1192", "world_size": [0.11, 0.11, 0.11], "id": 1192, "camera_size": [69, 98], "camera_position": [241, 299], "world_position": [0.6305526689989531, 1.1425692491011974, -0.17384466026189385], "world_orientation": [0.7556337930348958, -0.6549943286042269, -1.788839066594235e-05, 0.6549943287594391, 0.7556337931007193, 4.146246279053474e-06, 1.0801304693597112e-05, -1.4849838239523528e-05, 0.9999999998314071], "world_rotation": [1.4500953428294162e-05, 2.1900720428664086e-05, -0.9999999996550404, -0.7141751153717033]}], "source": "action wait"}
{"timestamp": 1706069437.179473, "objects": [{"color": "cv_", "id_name": "hand", "shape": "CVCylinder", "id_string": "ob383", "world_size": [0.12, 0.005, 0.12], "id": 383, "camera_size": [78, 63], "camera_position": [240, 328], "world_position": [0.5857266926735141, 1.1958197652075462, -0.17412226092111271], "world_orientation": [0.0005413029755288029, 0.6698712276560278, 0.742477100892475, -0.0005639546390159535, -0.7424768871062711, 0.6698714459268638, 0.9999996944730802, -0.0007813268123134526, -2.4127961871544268e-05], "world_rotation": [0.0, 1.0, 0.0, 0.0]}, {"color": "CVRed", "id_name": "object80499916287725", "shape": "CVBox", "id_string": "ob1192", "world_size": [0.11, 0.11, 0.11], "id": 1192, "camera_size": [70, 99], "camera_position": [240, 305], "world_position": [0.6228184161986465, 1.154913988986227, -0.17394598343442627], "world_orientation": [0.741976484101145, -0.6704259069900057, -1.6659275812525628e-05, 0.6704259071457185, 0.7419764841226395, 6.0701764236036665e-06, 8.291187361023258e-06, -1.5672738259662328e-05, 0.9999999998428108], "world_rotation": [1.6215747666835144e-05, 1.8607919908011073e-05, -0.9999999996953973, -0.7347826559122705]}], "source": "action wait"}
