{"timestamp": 1706200829.025564, "objects": [{"color": "cv_", "id_name": "hand", "shape": "CVCylinder", "id_string": "ob382", "world_size": [0.12, 0.005, 0.12], "id": 382, "camera_size": [48, 50], "camera_position": [246, 426], "world_position": [0.2676445155730226, 0.6334703011721007, -0.1738926040090052], "world_orientation": [-0.0006415483335709116, 0.1979154745695026, 0.9802188803229941, -0.0007473669521056921, -0.980218903184919, 0.1979149900376257, 0.9999995149290698, -0.0006056111649363882, 0.0007767732888769812], "world_rotation": [0.0, 1.0, 0.0, 0.0]}, {"color": "CVBlue", "id_name": "object37370844393872", "shape": "CVCylinder", "id_string": "ob484", "world_size": [0.11, 0.11, 0.11], "id": 484, "camera_size": [45, 45], "camera_position": [256, 254], "world_position": [0.705, 0.6547388572526824, -0.15], "world_orientation": [1.0, -3.838362879530641e-17, 1.4813540171849057e-17, 3.838362879530641e-17, 1.0, 5.294293626938881e-18, -1.4813540171849057e-17, -5.294293626938881e-18, 1.0], "world_rotation": [-0.1276280613210114, 0.35710588544125776, 0.925303444577321, 4.1482206750932463e-17]}], "source": "action wait"}
{"timestamp": 1706200829.059363, "objects": [{"color": "cv_", "id_name": "hand", "shape": "CVCylinder", "id_string": "ob382", "world_size": [0.12, 0.005, 0.12], "id": 382, "camera_size": [49, 51], "camera_position": [246, 421], "world_position": [0.2907931015032898, 0.6674618236240664, -0.17395626483157958], "world_orientation": [-0.00038507705518588467, 0.1952797484226773, 0.9807475065334794, -0.0007159604802126904, -0.9807473817214765, 0.1952794424589021, 0.9999996695580715, -0.00062697882310497, 0.0005174758960915143], "world_rotation": [0.0, 1.0, 0.0, 0.0]}, {"color": "CVBlue", "id_name": "object37370844393872", "shape": "CVCylinder", "id_string": "ob484", "world_size": [0.11, 0.11, 0.11], "id": 484, "camera_size": [45, 45], "camera_position": [256, 254], "world_position": [0.705, 0.6547388572526824, -0.15], "world_orientation": [1.0, -3.838362879530641e-17, 1.4813540171849057e-17, 3.838362879530641e-17, 1.0, 5.294293626938881e-18, -1.4813540171849057e-17, -5.294293626938881e-18, 1.0], "world_rotation": [-0.1276280613210114, 0.35710588544125776, 0.925303444577321, 4.1482206750932463e-17]}], "source": "action wait"}
{"timestamp": 1706200829.091327, "objects": [{"color": "cv_", "id_name": "hand", "shape": "CVCylinder", "id_string": "ob382", "world_size": [0.12, 0.005, 0.12], "id": 382, "camera_size": [51, 52], "camera_position": [246, 406], "world_position": [0.3366171159485335, 0.7051663948553546, -0.17398413522479375], "world_orientation": [-0.0002271981642202616, 0.18146144849491314, 0.9833980328895935, -0.0007325691209723827, -0.9833978245987274, 0.1814612408118442, 0.9999997058616954, -0.0006791793717306194, 0.00035635923426174764], "world_rotation": [0.0, 1.0, 0.0, 0.0]}, {"color": "CVBlue", "id_name": "object37370844393872", "shape": "CVCylinder", "id_string": "ob484", "world_size": [0.11, 0.11, 0.11], "id": 484, "camera_size": [45, 45], "camera_position": [256, 254], "world_position": [0.705, 0.6547388572526824, -0.15], "world_orientation": [1.0, -3.838362879530641e-17, 1.4813540171849057e-17, 3.838362879530641e-17, 1.0, 5.294293626938881e-18, -1.4813540171849057e-17, -5.294293626938881e-18, 1.0], "world_rotation": [-0.1276280613210114, 0.35710588544125776, 0.925303444577321, 4.1482206750932463e-17]}], "source": "action wait"}
{"timestamp": 1706200829.122835, "objects": [{"color": "cv_", "id_name": "hand", "shape": "CVCylinder", "id_string": "ob382", "world_size": [0.12, 0.005, 0.12], "id": 382, "camera_size": [51, 52], "camera_position": [246, 388], "world_position": [0.3870248516052963, 0.7381577920114506, -0.17400465540249496], "world_orientation": [-0.00012491604272190865, 0.17162444641679134, 0.9851624403052078, -0.000743899315833809, -0.9851621913519591, 0.17162430872231949, 0.9999997155048547, -0.0007114230358480528, 0.00025073387065315905], "world_rotation": [0.0, 1.0, 0.0, 0.0]}, {"color": "CVBlue", "id_name": "object37370844393872", "shape": "CVCylinder", "id_string": "ob484", "world_size": [0.11, 0.11, 0.11], "id": 484, "camera_size": [45, 45], "camera_position": [256, 254], "world_position": [0.705, 0.6547388572526824, -0.15], "world_orientation": [1.0, -3.838362879530641e-17, 1.4813540171849057e-17, 3.838362879530641e-17, 1.0, 5.294293626938881e-18, -1.4813540171849057e-17, -5.294293626938881e-18, 1.0], "world_rotation": [-0.1276280613210114, 0.35710588544125776, 0.925303444577321, 4.1482206750932463e-17]}], "source": "action wait"}
{"timestamp": 1706200829.152332, "objects": [{"color": "cv_", "id_name": "hand", "shape": "CVCylinder", "id_string": "ob382", "world_size": [0.12, 0.005, 0.12], "id": 382, "camera_size": [52, 53], "camera_position": [245, 368], "world_position": [0.44102927121619895, 0.7659793584723775, -0.174023151110722], "world_orientation": [-5.293685391485615e-05, 0.16467332603223497, 0.9863481600789707, -0.0007513204596543105, -0.9863478896223292, 0.16467324055578847, 0.999999716357588, -0.0007323462697310498, 0.00017593659314992606], "world_rotation": [0.0, 1.0, 0.0, 0.0]}, {"color": "CVBlue", "id_name": "object37370844393872", "shape": "CVCylinder", "id_string": "ob484", "world_size": [0.11, 0.11, 0.11], "id": 484, "camera_size": [45, 45], "camera_position": [256, 254], "world_position": [0.705, 0.6547388572526824, -0.15], "world_orientation": [1.0, -3.838362879530641e-17, 1.4813540171849057e-17, 3.838362879530641e-17, 1.0, 5.294293626938881e-18, -1.4813540171849057e-17, -5.294293626938881e-18, 1.0], "world_rotation": [-0.1276280613210114, 0.35710588544125776, 0.925303444577321, 4.1482206750932463e-17]}], "source": "action wait"}
{"timestamp": 1706200829.18373, "objects": [{"color": "cv_", "id_name": "hand", "shape": "CVCylinder", "id_string": "ob382", "world_size": [0.12, 0.005, 0.12], "id": 382, "camera_size": [52, 53], "camera_position": [245, 344], "world_position": [0.498145740483795, 0.7811270855278649, -0.1740384200181785], "world_orientation": [-9.146814265804546e-06, 0.14946778282198853, 0.9887665962271454, -0.0007643680241869416, -0.9887663084658417, 0.1494677322513318, 0.999999707828887, -0.0007544144159548434, 0.00012329245561148314], "world_rotation": [0.0, 1.0, 0.0, 0.0]}, {"color": "CVBlue", "id_name": "object37370844393872", "shape": "CVCylinder", "id_string": "ob484", "world_size": [0.11, 0.11, 0.11], "id": 484, "camera_size": [45, 45], "camera_position": [256, 254], "world_position": [0.705, 0.6547388572526824, -0.15], "world_orientation": [1.0, -3.838362879530641e-17, 1.4813540171849057e-17, 3.838362879530641e-17, 1.0, 5.294293626938881e-18, -1.4813540171849057e-17, -5.294293626938881e-18, 1.0], "world_rotation": [-0.1276280613210114, 0.35710588544125776, 0.925303444577321, 4.1482206750932463e-17]}], "source": "action wait"}
{"timestamp": 1706200829.216192, "objects": [{"color": "cv_", "id_name": "hand", "shape": "CVCylinder", "id_string": "ob382", "world_size": [0.12, 0.005, 0.12], "id": 382, "camera_size": [52, 53], "camera_position": [245, 318], "world_position": [0.5567689434717508, 0.7728367175504893, -0.17405026374569962], "world_orientation": [-2.3961102747558956e-06, 0.11076614689581361, 0.9938464975518673, -0.0007770638539020119, -0.9938461977046267, 0.11076611160379017, 0.9999996980829672, -0.0007720167817568873, 8.84537340749868e-05], "world_rotation": [0.0, 1.0, 0.0, 0.0]}, {"color": "CVBlue", "id_name": "object37370844393872", "shape": "CVCylinder", "id_string": "ob484", "world_size": [0.11, 0.11, 0.11], "id": 484, "camera_size": [45, 45], "camera_position": [256, 254], "world_position": [0.705, 0.6547388572526824, -0.15], "world_orientation": [1.0, -3.838362879530641e-17, 1.4813540171849057e-17, 3.838362879530641e-17, 1.0, 5.294293626938881e-18, -1.4813540171849057e-17, -5.294293626938881e-18, 1.0], "world_rotation": [-0.1276280613210114, 0.35710588544125776, 0.925303444577321, 4.1482206750932463e-17]}], "source": "action wait"}
{"timestamp": 1706200829.250523, "objects": [{"color": "cv_", "id_name": "hand", "shape": "CVCylinder", "id_string": "ob382", "world_size": [0.12, 0.005, 0.12], "id": 382, "camera_size": [52, 52], "camera_position": [245, 298], "world_position": [0.6020902420102492, 0.7593774401519171, -0.17405588230870334], "world_orientation": [-1.6650290141536646e-05, 0.07765920052250058, 0.996979963839281, -0.0007752643484854292, -0.996979665370056, 0.07765916432592826, 0.9999996993439337, -0.0007716299745010624, 7.680641019099071e-05], "world_rotation": [0.0, 1.0, 0.0, 0.0]}, {"color": "CVBlue", "id_name": "object37370844393872", "shape": "CVCylinder", "id_string": "ob484", "world_size": [0.11, 0.11, 0.11], "id": 484, "camera_size": [45, 45], "camera_position": [256, 254], "world_position": [0.705, 0.6547388572526824, -0.15], "world_orientation": [1.0, -3.838362879530641e-17, 1.4813540171849057e-17, 3.838362879530641e-17, 1.0, 5.294293626938881e-18, -1.4813540171849057e-17, -5.294293626938881e-18, 1.0], "world_rotation": [-0.1276280613210114, 0.35710588544125776, 0.925303444577321, 4.1482206750932463e-17]}], "source": "action wait"}
{"timestamp": 1706200829.286435, "objects": [{"color": "cv_", "id_name": "hand", "shape": "CVCylinder", "id_string": "ob382", "world_size": [0.12, 0.005, 0.12], "id": 382, "camera_size": [51, 51], "camera_position": [246, 284], "world_position": [0.6339033168475328, 0.7474259115918275, -0.17406356999260422], "world_orientation": [-2.288338927695366e-05, 0.054265138447643094, 0.9985265616024487, -0.000771395378037617, -0.9985262657347098, 0.0542651046904598, 0.9999997022127163, -0.0007690170049534361, 6.470954222953707e-05], "world_rotation": [0.0, 1.0, 0.0, 0.0]}, {"color": "CVBlue", "id_name": "object37370844393872", "shape": "CVCylinder", "id_string": "ob484", "world_size": [0.11, 0.11, 0.11], "id": 484, "camera_size": [45, 45], "camera_position": [256, 254], "world_position": [0.705, 0.6547388572526824, -0.15], "world_orientation": [1.0, -3.838362879530641e-17, 1.4813540171849057e-17, 3.838362879530641e-17, 1.0, 5.294293626938881e-18, -1.4813540171849057e-17, -5.294293626938881e-18, 1.0], "world_rotation": [-0.1276280613210114, 0.35710588544125776, 0.925303444577321, 4.1482206750932463e-17]}], "source": "action wait"}
{"timestamp": 1706200829.320922, "objects": [{"color": "cv_", "id_name": "hand", "shape": "CVCylinder", "id_string": "ob382", "world_size": [0.12, 0.005, 0.12], "id": 382, "camera_size": [51, 51], "camera_position": [246, 275], "world_position": [0.6561661504564386, 0.7378089666759496, -0.1740714539232749], "world_orientation": [-2.422239139373567e-05, 0.03775737756825947, 0.999286935695871, -0.000767901821354436, -0.9992866420649171, 0.037757347859922595, 0.9999997048699908, -0.0007664396847190853, 5.319907116323955e-05], "world_rotation": [0.0, 1.0, 0.0, 0.0]}, {"color": "CVBlue", "id_name": "object37370844393872", "shape": "CVCylinder", "id_string": "ob484", "world_size": [0.11, 0.11, 0.11], "id": 484, "camera_size": [45, 45], "camera_position": [256, 254], "world_position": [0.705, 0.6547388572526824, -0.15], "world_orientation": [1.0, -3.838362879530641e-17, 1.4813540171849057e-17, 3.838362879530641e-17, 1.0, 5.294293626938881e-18, -1.4813540171849057e-17, -5.294293626938881e-18, 1.0], "world_rotation": [-0.1276280613210114, 0.35710588544125776, 0.925303444577321, 4.1482206750932463e-17]}], "source": "action wait"}
{"timestamp": 1706200829.353933, "objects": [{"color": "cv_", "id_name": "hand", "shape": "CVCylinder", "id_string": "ob382", "world_size": [0.12, 0.005, 0.12], "id": 382, "camera_size": [51, 51], "camera_position": [246, 268], "world_position": [0.6717434817400018, 0.7304608141680461, -0.17407856892506904], "world_orientation": [-2.3032913119046327e-05, 0.02611629257356384, 0.9996589111950622, -0.0007653889008469809, -0.9996586191104172, 0.02611626730764216, 0.9999997068246148, -0.0007645263015459121, 4.301417059012794e-05], "world_rotation": [0.0, 1.0, 0.0, 0.0]}, {"color": "CVBlue", "id_name": "object37370844393872", "shape": "CVCylinder", "id_string": "ob484", "world_size": [0.11, 0.11, 0.11], "id": 484, "camera_size": [45, 45], "camera_position": [256, 254], "world_position": [0.705, 0.6547388572526824, -0.15], "world_orientation": [1.0, -3.838362879530641e-17, 1.4813540171849057e-17, 3.838362879530641e-17, 1.0, 5.294293626938881e-18, -1.4813540171849057e-17, -5.294293626938881e-18, 1.0], "world_rotation": [-0.1276280613210114, 0.35710588544125776, 0.925303444577321, 4.1482206750932463e-17]}], "source": "action wait"}
{"timestamp": 1706200829.384094, "objects": [{"color": "cv_", "id_name": "hand", "shape": "CVCylinder", "id_string": "ob382", "world_size": [0.12, 0.005, 0.12], "id": 382, "camera_size": [51, 50], "camera_position": [246, 263], "world_position": [0.6826523772745705, 0.7250137062442087, -0.1740845833019434], "world_orientation": [-2.0723944282575843e-05, 0.017909667389574713, 0.9998396088295929, -0.0007638044760341893, -0.9998393176758965, 0.017909646342692067, 0.9999997080865778, -0.0007633108100277392, 3.4400098427855346e-05], "world_rotation": [0.0, 1.0, 0.0, 0.0]}, {"color": "CVBlue", "id_name": "object37370844393872", "shape": "CVCylinder", "id_string": "ob484", "world_size": [0.11, 0.11, 0.11], "id": 484, "camera_size": [45, 45], "camera_position": [256, 254], "world_position": [0.705, 0.6547388572526824, -0.15], "world_orientation": [1.0, -3.838362879530641e-17, 1.4813540171849057e-17, 3.838362879530641e-17, 1.0, 5.294293626938881e-18, -1.4813540171849057e-17, -5.294293626938881e-18, 1.0], "world_rotation": [-0.1276280613210114, 0.35710588544125776, 0.925303444577321, 4.1482206750932463e-17]}], "source": "action wait"}
{"timestamp": 1706200829.414655, "objects": [{"color": "cv_", "id_name": "hand", "shape": "CVCylinder", "id_string": "ob382", "world_size": [0.12, 0.005, 0.12], "id": 382, "camera_size": [51, 51], "camera_position": [246, 260], "world_position": [0.6903005552478433, 0.7210510532552907, -0.1740894732665008], "world_orientation": [-1.808664051381154e-05, 0.012125050033924199, 0.9999264887153198, -0.0007629154031666449, -0.9999261980475739, 0.012125032709713416, 0.9999997088164382, -0.0007626400191677953, 2.7335693119844934e-05], "world_rotation": [0.0, 1.0, 0.0, 0.0]}, {"color": "CVBlue", "id_name": "object37370844393872", "shape": "CVCylinder", "id_string": "ob484", "world_size": [0.11, 0.11, 0.11], "id": 484, "camera_size": [45, 45], "camera_position": [256, 254], "world_position": [0.705, 0.6547388572526824, -0.15], "world_orientation": [1.0, -3.838362879530641e-17, 1.4813540171849057e-17, 3.838362879530641e-17, 1.0, 5.294293626938881e-18, -1.4813540171849057e-17, -5.294293626938881e-18, 1.0], "world_rotation": [-0.1276280613210114, 0.35710588544125776, 0.925303444577321, 4.1482206750932463e-17]}], "source": "action wait"}
{"timestamp": 1706200829.445241, "objects": [{"color": "cv_", "id_name": "hand", "shape": "CVCylinder", "id_string": "ob382", "world_size": [0.12, 0.005, 0.12], "id": 382, "camera_size": [51, 50], "camera_position": [246, 257], "world_position": [0.6956684623461272, 0.7182029411363027, -0.1740933498551173], "world_orientation": [-1.5534147949929062e-05, 0.008047859666474987, 0.9999676153323561, -0.0007624874276640246, -0.9999673248641638, 0.008047845483776284, 0.9999997091857643, -0.0007623377183400404, 2.1670032185193422e-05], "world_rotation": [0.0, 1.0, 0.0, 0.0]}, {"color": "CVBlue", "id_name": "object37370844393872", "shape": "CVCylinder", "id_string": "ob484", "world_size": [0.11, 0.11, 0.11], "id": 484, "camera_size": [45, 45], "camera_position": [256, 254], "world_position": [0.705, 0.6547388572526824, -0.15], "world_orientation": [1.0, -3.838362879530641e-17, 1.4813540171849057e-17, 3.838362879530641e-17, 1.0, 5.294293626938881e-18, -1.4813540171849057e-17, -5.294293626938881e-18, 1.0], "world_rotation": [-0.1276280613210114, 0.35710588544125776, 0.925303444577321, 4.1482206750932463e-17]}], "source": "action wait"}
{"timestamp": 1706200829.477906, "objects": [{"color": "cv_", "id_name": "hand", "shape": "CVCylinder", "id_string": "ob382", "world_size": [0.12, 0.005, 0.12], "id": 382, "camera_size": [50, 50], "camera_position": [245, 256], "world_position": [0.6994394550509976, 0.7161720338557354, -0.17409637014293103], "world_orientation": [-1.3257731410662135e-05, 0.005174150849707406, 0.9999866139040147, -0.0007623386287018367, -0.9999863234679469, 0.005174139239911562, 0.9999997093319818, -0.0007622598266158233, 1.7202005154702076e-05], "world_rotation": [0.0, 1.0, 0.0, 0.0]}, {"color": "CVBlue", "id_name": "object37370844393872", "shape": "CVCylinder", "id_string": "ob484", "world_size": [0.11, 0.11, 0.11], "id": 484, "camera_size": [45, 45], "camera_position": [256, 254], "world_position": [0.705, 0.6547388572526824, -0.15], "world_orientation": [1.0, -3.838362879530641e-17, 1.4813540171849057e-17, 3.838362879530641e-17, 1.0, 5.294293626938881e-18, -1.4813540171849057e-17, -5.294293626938881e-18, 1.0], "world_rotation": [-0.1276280613210114, 0.35710588544125776, 0.925303444577321, 4.1482206750932463e-17]}], "source": "action wait"}
{"timestamp": 1706200829.51229, "objects": [{"color": "cv_", "id_name": "hand", "shape": "CVCylinder", "id_string": "ob382", "world_size": [0.12, 0.005, 0.12], "id": 382, "camera_size": [50, 50], "camera_position": [245, 255], "world_position": [0.7020906154598007, 0.7147314025438777, -0.17409869412481613], "world_orientation": [-1.1323949194045916e-05, 0.0031486634237530885, 0.9999950428829196, -0.0007623439147080684, -0.9999947523914928, 0.0031486538763026055, 0.9999997093517197, -0.0007623044804838726, 1.3724254171321232e-05], "world_rotation": [0.0, 1.0, 0.0, 0.0]}, {"color": "CVBlue", "id_name": "object37370844393872", "shape": "CVCylinder", "id_string": "ob484", "world_size": [0.11, 0.11, 0.11], "id": 484, "camera_size": [45, 45], "camera_position": [256, 254], "world_position": [0.705, 0.6547388572526824, -0.15], "world_orientation": [1.0, -3.838362879530641e-17, 1.4813540171849057e-17, 3.838362879530641e-17, 1.0, 5.294293626938881e-18, -1.4813540171849057e-17, -5.294293626938881e-18, 1.0], "world_rotation": [-0.1276280613210114, 0.35710588544125776, 0.925303444577321, 4.1482206750932463e-17]}], "source": "action wait"}
{"timestamp": 1706200829.553786, "objects": [{"color": "cv_", "id_name": "hand", "shape": "CVCylinder", "id_string": "ob382", "world_size": [0.12, 0.005, 0.12], "id": 382, "camera_size": [50, 50], "camera_position": [245, 254], "world_position": [0.703955616009115, 0.7137130041287566, -0.1741004658499533], "world_orientation": [-9.73323942469993e-06, 0.001720999488322603, 0.9999985190319162, -0.0007624239837896159, -0.999998228447278, 0.0017209915673600123, 0.9999997093074242, -0.0007624061038414266, 1.104535346810486e-05], "world_rotation": [0.0, 1.0, 0.0, 0.0]}, {"color": "CVBlue", "id_name": "object37370844393872", "shape": "CVCylinder", "id_string": "ob484", "world_size": [0.11, 0.11, 0.11], "id": 484, "camera_size": [45, 45], "camera_position": [256, 254], "world_position": [0.705, 0.6547388572526824, -0.15], "world_orientation": [1.0, -3.838362879530641e-17, 1.4813540171849057e-17, 3.838362879530641e-17, 1.0, 5.294293626938881e-18, -1.4813540171849057e-17, -5.294293626938881e-18, 1.0], "world_rotation": [-0.1276280613210114, 0.35710588544125776, 0.925303444577321, 4.1482206750932463e-17]}], "source": "action wait"}
{"timestamp": 1706200829.590831, "objects": [{"color": "cv_", "id_name": "hand", "shape": "CVCylinder", "id_string": "ob382", "world_size": [0.12, 0.005, 0.12], "id": 382, "camera_size": [50, 50], "camera_position": [245, 253], "world_position": [0.705268206269653, 0.7129947074230876, -0.17410180701600142], "world_orientation": [-8.454224675793033e-06, 0.0007146842052005483, 0.9999997445774739, -0.0007625319853384073, -0.9999994538903358, 0.0007146775508329607, 0.9999997092367064, -0.0007625257485263427, 8.999189625105324e-06], "world_rotation": [0.0, 1.0, 0.0, 0.0]}, {"color": "CVBlue", "id_name": "object37370844393872", "shape": "CVCylinder", "id_string": "ob484", "world_size": [0.11, 0.11, 0.11], "id": 484, "camera_size": [45, 45], "camera_position": [256, 254], "world_position": [0.705, 0.6547388572526824, -0.15], "world_orientation": [1.0, -3.838362879530641e-17, 1.4813540171849057e-17, 3.838362879530641e-17, 1.0, 5.294293626938881e-18, -1.4813540171849057e-17, -5.294293626938881e-18, 1.0], "world_rotation": [-0.1276280613210114, 0.35710588544125776, 0.925303444577321, 4.1482206750932463e-17]}], "source": "action wait"}
{"timestamp": 1706200829.623264, "objects": [{"color": "cv_", "id_name": "hand", "shape": "CVCylinder", "id_string": "ob382", "world_size": [0.12, 0.005, 0.12], "id": 382, "camera_size": [50, 50], "camera_position": [245, 253], "world_position": [0.706192356999191, 0.7124888087151795, -0.17410281661053134], "world_orientation": [-7.443122307859977e-06, 5.344307043629034e-06, 0.9999999999580191, -0.0007626423283487716, -0.9999997091740467, 5.338629049821494e-06, 0.9999997091605973, -0.0007626422885810482, 7.4471959383382625e-06], "world_rotation": [0.0, 1.0, 0.0, 0.0]}, {"color": "CVBlue", "id_name": "object37370844393872", "shape": "CVCylinder", "id_string": "ob484", "world_size": [0.11, 0.11, 0.11], "id": 484, "camera_size": [45, 45], "camera_position": [256, 254], "world_position": [0.705, 0.6547388572526824, -0.15], "world_orientation": [1.0, -3.838362879530641e-17, 1.4813540171849057e-17, 3.838362879530641e-17, 1.0, 5.294293626938881e-18, -1.4813540171849057e-17, -5.294293626938881e-18, 1.0], "world_rotation": [-0.1276280613210114, 0.35710588544125776, 0.925303444577321, 4.1482206750932463e-17]}], "source": "action wait"}
{"timestamp": 1706200829.650675, "objects": [{"color": "cv_", "id_name": "hand", "shape": "CVCylinder", "id_string": "ob382", "world_size": [0.12, 0.005, 0.12], "id": 382, "camera_size": [49, 50], "camera_position": [246, 253], "world_position": [0.7068349048412202, 0.7121441807265485, -0.1741000789581741], "world_orientation": [-7.729114608466355e-06, -0.0004903205281097132, 0.9999998797630131, -0.0007630923509035485, -0.9999995886350154, -0.0004903262833922, 0.99999970881512, -0.000763096048940042, 7.354951584861873e-06], "world_rotation": [0.0, 1.0, 0.0, 0.0]}, {"color": "CVBlue", "id_name": "object37370844393872", "shape": "CVCylinder", "id_string": "ob484", "world_size": [0.11, 0.11, 0.11], "id": 484, "camera_size": [45, 46], "camera_position": [256, 253], "world_position": [0.705143207266358, 0.654758524320318, -0.1499981783170049], "world_orientation": [0.9999965901376836, 0.0026114566543834128, 2.6735412043259924e-06, -0.0026114565583513095, 0.9999965895179672, -3.531399231257817e-05, -2.7657530464793596e-06, 3.530689006001448e-05, 0.9999999993728871], "world_rotation": [0.013520115381644389, 0.0010413334327601595, -0.9999080568256007, 0.0026116997031111907]}], "source": "action wait"}
{"timestamp": 1706200829.681656, "objects": [{"color": "cv_", "id_name": "hand", "shape": "CVCylinder", "id_string": "ob382", "world_size": [0.12, 0.005, 0.12], "id": 382, "camera_size": [49, 49], "camera_position": [246, 253], "world_position": [0.7072509728274947, 0.7119455679001375, -0.1741044793674199], "world_orientation": [-4.497773602007607e-06, -0.000825939644429806, 0.9999996589016789, -0.000765169891883515, -0.9999993661665266, -0.0008259428442099087, 0.9999997072473605, -0.0007651733457896309, 3.865786603098068e-06], "world_rotation": [0.0, 1.0, 0.0, 0.0]}, {"color": "CVBlue", "id_name": "object37370844393872", "shape": "CVCylinder", "id_string": "ob484", "world_size": [0.11, 0.11, 0.11], "id": 484, "camera_size": [45, 46], "camera_position": [256, 253], "world_position": [0.7052190766471177, 0.6546540725330859, -0.1500003906648817], "world_orientation": [0.9999921207575738, 0.003969685578511872, 4.379274239151406e-06, -0.003969685603752066, 0.999992120750416, 5.7699992433804e-06, -4.356334650972244e-06, -5.787338122059575e-06, 0.9999999999737645], "world_rotation": [-0.001455696913388306, 0.0011002879379420404, -0.9999983351550892, 0.003969702626164513]}], "source": "action wait"}
{"timestamp": 1706200829.710568, "objects": [{"color": "cv_", "id_name": "hand", "shape": "CVCylinder", "id_string": "ob382", "world_size": [0.12, 0.005, 0.12], "id": 382, "camera_size": [49, 50], "camera_position": [246, 252], "world_position": [0.7075534856352058, 0.7117901982419055, -0.17410706535079684], "world_orientation": [-2.2030011569317336e-06, -0.0010670492797553168, 0.9999994307003286, -0.00076598079243758, -0.9999991373377914, -0.0010670506541800241, 0.9999997066342432, -0.0007659827070791552, 1.3856600039638246e-06], "world_rotation": [0.0, 1.0, 0.0, 0.0]}, {"color": "CVBlue", "id_name": "object37370844393872", "shape": "CVCylinder", "id_string": "ob484", "world_size": [0.11, 0.11, 0.11], "id": 484, "camera_size": [45, 46], "camera_position": [256, 253], "world_position": [0.7052883807100652, 0.6545525838341579, -0.15000168550559537], "world_orientation": [0.999986462758529, 0.005203294823753031, 4.760531872429126e-06, -0.005203294965694086, 0.999986462309883, 3.0306187054736522e-05, -4.602775399594228e-06, -3.033054724409013e-05, 0.9999999995294362], "world_rotation": [-0.005826661919513118, 0.0008997322588933426, -0.9999826200953383, 0.005203408809816701]}], "source": "action wait"}
{"timestamp": 1706200830.769662, "objects": [{"color": "cv_", "id_name": "hand", "shape": "CVCylinder", "id_string": "ob382", "world_size": [0.12, 0.005, 0.12], "id": 382, "camera_size": [49, 50], "camera_position": [246, 252], "world_position": [0.7082818575653895, 0.7114261660900997, -0.17411317891900455], "world_orientation": [2.9422424759205084e-06, -0.0016396691176416378, 0.9999986557373605, -0.0007680594263496723, -0.9999983607881061, -0.0016396663742013196, 0.9999997050379869, -0.0007680535695803999, -4.201600974492546e-06], "world_rotation": [0.0, 1.0, 0.0, 0.0]}, {"color": "CVBlue", "id_name": "object37370844393872", "shape": "CVCylinder", "id_string": "ob484", "world_size": [0.11, 0.11, 0.11], "id": 484, "camera_size": [45, 46], "camera_position": [256, 253], "world_position": [0.7054801696310583, 0.6543279912002675, -0.15000475684563142], "world_orientation": [0.999969757823878, 0.0077770898575164815, -1.763527507154243e-05, -0.007777087637655929, 0.9999697504770653, 0.00012263242761412186, 1.8588465021886584e-05, -0.00012249156786290193, 0.9999999923251424], "world_rotation": [0.01575736791784096, 0.0023285798638424597, 0.9998731334885039, -0.007778153953959769]}], "source": "action wait"}
{"timestamp": 1706200830.80352, "objects": [{"color": "cv_", "id_name": "hand", "shape": "CVCylinder", "id_string": "ob382", "world_size": [0.12, 0.005, 0.12], "id": 382, "camera_size": [51, 50], "camera_position": [246, 251], "world_position": [0.7106966614702611, 0.7320844070741633, -0.17409564160940277], "world_orientation": [2.0698786514789872e-05, 0.028664625104052342, 0.9995890849940311, -0.0007442343636421205, -0.9995888079379589, 0.028664632570160452, 0.9999997228433478, -0.0007445218696845914, 6.429236856489234e-07], "world_rotation": [0.0, 1.0, 0.0, 0.0]}, {"color": "CVBlue", "id_name": "object37370844393872", "shape": "CVCylinder", "id_string": "ob484", "world_size": [0.11, 0.11, 0.11], "id": 484, "camera_size": [46, 48], "camera_position": [252, 251], "world_position": [0.7106009983518663, 0.6757009323097933, -0.15864662831965745], "world_orientation": [0.9996868177926688, -0.02502529799820706, -2.813660420992272e-05, 0.025025300968042626, 0.9996868119872175, 0.00011068103983652521, 2.5357966158103386e-05, -0.00011135050349273149, 0.9999999934790195], "world_rotation": [0.00443609539972252, 0.0010687986668985322, -0.9999895893093158, -0.025028172915278642]}], "source": "action wait"}
{"timestamp": 1706200830.838627, "objects": [{"color": "cv_", "id_name": "hand", "shape": "CVCylinder", "id_string": "ob382", "world_size": [0.12, 0.005, 0.12], "id": 382, "camera_size": [52, 53], "camera_position": [245, 250], "world_position": [0.714107033578703, 0.7809500717854296, -0.1741125869019586], "world_orientation": [7.58524824623405e-05, 0.09913653820738616, 0.9950738369782699, -0.0007265327956801725, -0.9950735717526998, 0.09913656716581169, 0.9999997331982134, -0.0007304735314107018, -3.4528543918287165e-06], "world_rotation": [0.0, 1.0, 0.0, 0.0]}, {"color": "CVBlue", "id_name": "object37370844393872", "shape": "CVCylinder", "id_string": "ob484", "world_size": [0.11, 0.11, 0.11], "id": 484, "camera_size": [48, 53], "camera_position": [249, 248], "world_position": [0.7185820608559821, 0.725133993478077, -0.1642253308691757], "world_orientation": [0.9952743770248786, -0.09710259197856566, -3.269226120381258e-05, 0.09710259482825137, 0.9952743721288576, 0.00010129722983356444, 2.2701546166009593e-05, -0.00010399304071063993, 0.9999999943350438], "world_rotation": [0.0010570786026438247, 0.0002852332374758319, -0.9999994006132346, -0.09725589833080941]}], "source": "action wait"}
{"timestamp": 1706200830.872092, "objects": [{"color": "cv_", "id_name": "hand", "shape": "CVCylinder", "id_string": "ob382", "world_size": [0.12, 0.005, 0.12], "id": 382, "camera_size": [55, 55], "camera_position": [245, 250], "world_position": [0.7130913420125179, 0.8508797754850106, -0.17411912394225665], "world_orientation": [0.00014940677015638762, 0.19838764458246794, 0.9801236249344454, -0.0007167992775222703, -0.980123362833144, 0.1983877007968107, 0.9999997319381706, -0.0007321923718505638, -4.232945689235772e-06], "world_rotation": [0.0, 1.0, 0.0, 0.0]}, {"color": "CVBlue", "id_name": "object37370844393872", "shape": "CVCylinder", "id_string": "ob484", "world_size": [0.11, 0.11, 0.11], "id": 484, "camera_size": [51, 60], "camera_position": [248, 245], "world_position": [0.7235128596676432, 0.7959352546136511, -0.1677916191476631], "world_orientation": [0.9803258602116416, -0.1973859321593483, -3.9823236045258394e-05, 0.1973859348608588, 0.9803258570201083, 8.232189846908297e-05, 2.2790563338934837e-05, -8.856283260693717e-05, 0.9999999958186074], "world_rotation": [0.00043286953096888936, 0.00015860753503809823, -0.9999998937338039, -0.1986906946755495]}], "source": "action wait"}
{"timestamp": 1706200830.902658, "objects": [{"color": "cv_", "id_name": "hand", "shape": "CVCylinder", "id_string": "ob382", "world_size": [0.12, 0.005, 0.12], "id": 382, "camera_size": [59, 57], "camera_position": [244, 254], "world_position": [0.7045796475375455, 0.9204317345773249, -0.17412011860837945], "world_orientation": [0.00022334991750091782, 0.29569572110263415, 0.9552821523698679, -0.0007079045428864349, -0.955281890084738, 0.29569580542728174, 0.9999997244929484, -0.0007422922091487496, -4.037787059456481e-06], "world_rotation": [0.0, 1.0, 0.0, 0.0]}, {"color": "CVBlue", "id_name": "object37370844393872", "shape": "CVCylinder", "id_string": "ob484", "world_size": [0.11, 0.11, 0.11], "id": 484, "camera_size": [54, 67], "camera_position": [246, 246], "world_position": [0.720698867277029, 0.8669047537180669, -0.1700711129215394], "world_orientation": [0.9553908336445576, -0.29534446522918034, -4.297030240747965e-05, 0.29534446742518944, 0.9553908320700595, 5.964738884658107e-05, 2.3436906810173593e-05, -6.967760963449259e-05, 0.999999997297871], "world_rotation": [0.00021893925451269336, 0.00011242331375328972, -0.9999999697133002, -0.29981605811907097]}], "source": "action wait"}
{"timestamp": 1706200830.93695, "objects": [{"color": "cv_", "id_name": "hand", "shape": "CVCylinder", "id_string": "ob382", "world_size": [0.12, 0.005, 0.12], "id": 382, "camera_size": [62, 59], "camera_position": [243, 262], "world_position": [0.6888512418016305, 0.9886962669334002, -0.17411999140059847], "world_orientation": [0.00029645482038773797, 0.39001534113422626, 0.9208083111019865, -0.0006882329929745364, -0.9208080539127591, 0.3900154537768283, 0.9999997192249042, -0.0007493526212036015, -4.556560699018886e-06], "world_rotation": [0.0, 1.0, 0.0, 0.0]}, {"color": "CVBlue", "id_name": "object37370844393872", "shape": "CVCylinder", "id_string": "ob484", "world_size": [0.11, 0.11, 0.11], "id": 484, "camera_size": [57, 75], "camera_position": [245, 251], "world_position": [0.7104103360140661, 0.9371167798802589, -0.17152910306069138], "world_orientation": [0.9207883932663001, -0.390062473111751, -4.354319575471538e-05, 0.3900624748553416, 0.9207883925322452, 4.3446633583312826e-05, 2.314716788081421e-05, -5.698972262920317e-05, 0.9999999981081901], "world_rotation": [0.00012874393425678834, 8.548677107806086e-05, -0.9999999880585055, -0.4006994451462488]}], "source": "action wait"}
{"timestamp": 1706200830.966915, "objects": [{"color": "cv_", "id_name": "hand", "shape": "CVCylinder", "id_string": "ob382", "world_size": [0.12, 0.005, 0.12], "id": 382, "camera_size": [66, 60], "camera_position": [242, 274], "world_position": [0.6661747925138357, 1.0549864149338728, -0.17411962944676146], "world_orientation": [0.00036747512059512923, 0.48039838994823963, 0.8770503132073867, -0.000659032470282718, -0.8770500656210122, 0.4803985304623458, 0.9999997153190789, -0.0007545391423908174, -5.695940984124251e-06], "world_rotation": [0.0, 1.0, 0.0, 0.0]}, {"color": "CVBlue", "id_name": "object37370844393872", "shape": "CVCylinder", "id_string": "ob484", "world_size": [0.11, 0.11, 0.11], "id": 484, "camera_size": [60, 83], "camera_position": [243, 260], "world_position": [0.6928954387200147, 1.0058681597639056, -0.1724618735145322], "world_orientation": [0.8768969244418312, -0.4806784601925996, -4.255971403927369e-05, 0.480678461568047, 0.8768969241500318, 3.163525225888895e-05, 2.2114097990136816e-05, -4.8198393278935305e-05, 0.999999998593941], "world_rotation": [8.304266945485068e-05, 6.727346544883653e-05, -0.9999999942890979, -0.5014282581456273]}], "source": "action wait"}
{"timestamp": 1706200830.998326, "objects": [{"color": "cv_", "id_name": "hand", "shape": "CVCylinder", "id_string": "ob382", "world_size": [0.12, 0.005, 0.12], "id": 382, "camera_size": [70, 61], "camera_position": [241, 290], "world_position": [0.641844476188381, 1.1077679771835736, -0.17411818801692938], "world_orientation": [0.00043048542225275157, 0.5515648633311985, 0.8341318937798369, -0.0006382882723775093, -0.8341316495962477, 0.551565031279109, 0.9999997036351473, -0.0007698573108058381, -7.024131670512185e-06], "world_rotation": [0.0, 1.0, 0.0, 0.0]}, {"color": "CVBlue", "id_name": "object37370844393872", "shape": "CVCylinder", "id_string": "ob484", "world_size": [0.11, 0.11, 0.11], "id": 484, "camera_size": [64, 89], "camera_position": [242, 272], "world_position": [0.6725625044707766, 1.0611722299335007, -0.17305823505663814], "world_orientation": [0.8338610237599756, -0.5519744485768341, -3.423836158868258e-05, 0.551974449245922, 0.833861023902501, 1.3997633829715331e-05, 2.0823699036545364e-05, -3.057078205645949e-05, 0.9999999993159004], "world_rotation": [4.037181058137372e-05, 4.987736354505214e-05, -0.9999999979411828, -0.584730227982442]}], "source": "action wait"}
{"timestamp": 1706200831.031424, "objects": [{"color": "cv_", "id_name": "hand", "shape": "CVCylinder", "id_string": "ob382", "world_size": [0.12, 0.005, 0.12], "id": 382, "camera_size": [73, 61], "camera_position": [241, 303], "world_position": [0.6216230857709901, 1.1434306175527404, -0.17411843389013507], "world_orientation": [0.0004753286610237853, 0.5995202219789595, 0.8003594676774698, -0.0006174745871493938, -0.8003592295532432, 0.5995204103231796, 0.9999996963938531, -0.0007791708657706703, -1.024517936689038e-05], "world_rotation": [0.0, 1.0, 0.0, 0.0]}, {"color": "CVBlue", "id_name": "object37370844393872", "shape": "CVCylinder", "id_string": "ob484", "world_size": [0.11, 0.11, 0.11], "id": 484, "camera_size": [67, 93], "camera_position": [242, 283], "world_position": [0.6549715582214356, 1.0989074871721878, -0.17344100515047584], "world_orientation": [0.799999102276469, -0.6000011964016165, -2.5951356147977194e-05, 0.6000011967045197, 0.7999991024529352, 5.25761263695738e-06, 1.7606487753427542e-05, -1.977693013457483e-05, 0.9999999996494423], "world_rotation": [2.086207735368904e-05, 3.6298130831626197e-05, -0.9999999991236096, -0.6435026051427531]}], "source": "action wait"}
{"timestamp": 1706200831.066118, "objects": [{"color": "cv_", "id_name": "hand", "shape": "CVCylinder", "id_string": "ob382", "world_size": [0.12, 0.005, 0.12], "id": 382, "camera_size": [75, 62], "camera_position": [241, 313], "world_position": [0.6059571828242756, 1.1676858573134117, -0.17411971017732172], "world_orientation": [0.0005053385298913352, 0.6321125840086109, 0.7748763938660973, -0.0005975885588379599, -0.7748761635578636, 0.6321127858521464, 0.9999996937603953, -0.0007824882134160918, -1.383153323861153e-05], "world_rotation": [0.0, 1.0, 0.0, 0.0]}, {"color": "CVBlue", "id_name": "object37370844393872", "shape": "CVCylinder", "id_string": "ob484", "world_size": [0.11, 0.11, 0.11], "id": 484, "camera_size": [68, 96], "camera_position": [241, 292], "world_position": [0.6410590946303969, 1.1247533250926645, -0.17368692833033023], "world_orientation": [0.7744519339375933, -0.63263275412622, -2.06638657350878e-05, 0.6326327543085304, 0.7744519340579453, 3.148103888301759e-06, 1.401157715052065e-05, -1.5510693439182017e-05, 0.9999999997815471], "world_rotation": [1.4746942198345784e-05, 2.7405665164865543e-05, -0.9999999995157286, -0.6849480176294469]}], "source": "action wait"}
{"timestamp": 1706200831.101897, "objects": [{"color": "cv_", "id_name": "hand", "shape": "CVCylinder", "id_string": "ob382", "world_size": [0.12, 0.005, 0.12], "id": 382, "camera_size": [76, 62], "camera_position": [240, 321], "world_position": [0.5942610151354775, 1.1843202373657116, -0.1741211590446123], "world_orientation": [0.0005250563636906311, 0.6544515206324955, 0.7561037835228901, -0.0005807361776475231, -0.756103560691165, 0.6544517310357071, 0.9999996935306065, -0.0007827208672566028, -1.6933311601803312e-05], "world_rotation": [0.0, 1.0, 0.0, 0.0]}, {"color": "CVBlue", "id_name": "object37370844393872", "shape": "CVCylinder", "id_string": "ob484", "world_size": [0.11, 0.11, 0.11], "id": 484, "camera_size": [69, 98], "camera_position": [241, 299], "world_position": [0.6305477899367655, 1.142565356284615, -0.173844833433635], "world_orientation": [0.7556348350055416, -0.6549931265347295, -1.7843992766077813e-05, 0.6549931266871207, 0.7556348350738299, 3.946635930669644e-06, 1.0898523123330208e-05, -1.466990820473417e-05, 0.999999999833008], "world_rotation": [1.4211251517530271e-05, 2.1941082060133264e-05, -0.9999999996583147, -0.7141735245584875]}], "source": "action wait"}
{"timestamp": 1706200831.136848, "objects": [{"color": "cv_", "id_name": "hand", "shape": "CVCylinder", "id_string": "ob382", "world_size": [0.12, 0.005, 0.12], "id": 382, "camera_size": [78, 63], "camera_position": [240, 328], "world_position": [0.5857165124669659, 1.1958112199895672, -0.17412243181476714], "world_orientation": [0.0005378777930466754, 0.6698721084520294, 0.7424763087166569, -0.0005672975736853803, -0.7424760922435066, 0.6698723241187643, 0.9999996944304246, -0.0007815144557739226, -1.934458008099655e-05], "world_rotation": [0.0, 1.0, 0.0, 0.0]}, {"color": "CVBlue", "id_name": "object37370844393872", "shape": "CVCylinder", "id_string": "ob484", "world_size": [0.11, 0.11, 0.11], "id": 484, "camera_size": [70, 99], "camera_position": [240, 305], "world_position": [0.6228136072928354, 1.1549102143763752, -0.17394615487775908], "world_orientation": [0.7419769952042822, -0.6704253413391071, -1.6672325230005317e-05, 0.6704253414928218, 0.7419769952299766, 5.807617094741913e-06, 8.476908104547095e-06, -1.548666761705933e-05, 0.9999999998441526], "world_rotation": [1.5881175270311193e-05, 1.875617743941563e-05, -0.999999999697997, -0.7347818935519289]}], "source": "action wait"}
