{"timestamp": 1706069325.190219, "objects": [{"color": "cv_", "id_name": "hand", "shape": "CVCylinder", "id_string": "ob383", "world_size": [0.12, 0.005, 0.12], "id": 383, "camera_size": [48, 50], "camera_position": [246, 426], "world_position": [0.2676445155579762, 0.6334703012687588, -0.1738926040087687], "world_orientation": [-0.0006415515538813037, 0.19791547470500764, 0.9802188802935267, -0.0007473676041739864, -0.9802189031575583, 0.19791499017067402, 0.9999995149265164, -0.0006056111666509715, 0.0007767765746242262], "world_rotation": [0.0, 1.0, 0.0, 0.0]}, {"color": "CVGreen", "id_name": "object270272570970371", "shape": "CVCone", "id_string": "ob1150", "world_size": [0.1, 0.1, 0.1], "id": 1150, "camera_size": [41, 41], "camera_position": [256, 254], "world_position": [0.705, 0.6498037994254439, -0.15], "world_orientation": [1.0, 8.100187187665134e-17, -1.2653630886983698e-17, -8.100187187665134e-17, 1.0, -1.9397816686250694e-16, 1.2653630886983698e-17, 1.9397816686250694e-16, 1.0], "world_rotation": [-0.9211093596285536, 0.06008602943210125, 0.38463907325148433, -2.1059189642881336e-16]}], "source": "action wait"}
{"timestamp": 1706069325.218821, "objects": [{"color": "cv_", "id_name": "hand", "shape": "CVCylinder", "id_string": "ob383", "world_size": [0.12, 0.005, 0.12], "id": 383, "camera_size": [49, 51], "camera_position": [246, 421], "world_position": [0.29082266742610846, 0.6674903502712306, -0.17395624433220963], "world_orientation": [-0.0003848654890857136, 0.1955506332525918, 0.980693530983592, -0.0007158852572631924, -0.9806934061937617, 0.19555032742589848, 0.9999996696933724, -0.0006268034683191794, 0.0005174268628123365], "world_rotation": [0.0, 1.0, 0.0, 0.0]}, {"color": "CVGreen", "id_name": "object270272570970371", "shape": "CVCone", "id_string": "ob1150", "world_size": [0.1, 0.1, 0.1], "id": 1150, "camera_size": [41, 41], "camera_position": [256, 254], "world_position": [0.705, 0.6498037994254439, -0.15], "world_orientation": [1.0, 8.100187187665134e-17, -1.2653630886983698e-17, -8.100187187665134e-17, 1.0, -1.9397816686250694e-16, 1.2653630886983698e-17, 1.9397816686250694e-16, 1.0], "world_rotation": [-0.9211093596285536, 0.06008602943210125, 0.38463907325148433, -2.1059189642881336e-16]}], "source": "action wait"}
{"timestamp": 1706069325.254417, "objects": [{"color": "cv_", "id_name": "hand", "shape": "CVCylinder", "id_string": "ob383", "world_size": [0.12, 0.005, 0.12], "id": 383, "camera_size": [51, 52], "camera_position": [246, 406], "world_position": [0.336667401118235, 0.7052237723957635, -0.1739841050138961], "world_orientation": [-0.00022685749876587253, 0.1819388837862019, 0.9833098144035307, -0.0007324742620635626, -0.9833096061564794, 0.18193867626715587, 0.9999997060085222, -0.0006789749776586301, 0.00035633670740750493], "world_rotation": [0.0, 1.0, 0.0, 0.0]}, {"color": "CVGreen", "id_name": "object270272570970371", "shape": "CVCone", "id_string": "ob1150", "world_size": [0.1, 0.1, 0.1], "id": 1150, "camera_size": [41, 41], "camera_position": [256, 254], "world_position": [0.705, 0.6498037994254439, -0.15], "world_orientation": [1.0, 8.100187187665134e-17, -1.2653630886983698e-17, -8.100187187665134e-17, 1.0, -1.9397816686250694e-16, 1.2653630886983698e-17, 1.9397816686250694e-16, 1.0], "world_rotation": [-0.9211093596285536, 0.06008602943210125, 0.38463907325148433, -2.1059189642881336e-16]}], "source": "action wait"}
{"timestamp": 1706069325.289169, "objects": [{"color": "cv_", "id_name": "hand", "shape": "CVCylinder", "id_string": "ob383", "world_size": [0.12, 0.005, 0.12], "id": 383, "camera_size": [51, 52], "camera_position": [246, 388], "world_position": [0.3870903096367857, 0.7382351207854528, -0.1740046206453659], "world_orientation": [-0.0001244486986180186, 0.1722482373864188, 0.9850535666804081, -0.0007437910668883486, -0.9850533177741149, 0.172248099893896, 0.9999997156436448, -0.0007112379914324694, 0.0002507053037220538], "world_rotation": [0.0, 1.0, 0.0, 0.0]}, {"color": "CVGreen", "id_name": "object270272570970371", "shape": "CVCone", "id_string": "ob1150", "world_size": [0.1, 0.1, 0.1], "id": 1150, "camera_size": [41, 41], "camera_position": [256, 254], "world_position": [0.705, 0.6498037994254439, -0.15], "world_orientation": [1.0, 8.100187187665134e-17, -1.2653630886983698e-17, -8.100187187665134e-17, 1.0, -1.9397816686250694e-16, 1.2653630886983698e-17, 1.9397816686250694e-16, 1.0], "world_rotation": [-0.9211093596285536, 0.06008602943210125, 0.38463907325148433, -2.1059189642881336e-16]}], "source": "action wait"}
{"timestamp": 1706069325.322213, "objects": [{"color": "cv_", "id_name": "hand", "shape": "CVCylinder", "id_string": "ob383", "world_size": [0.12, 0.005, 0.12], "id": 383, "camera_size": [52, 53], "camera_position": [245, 368], "world_position": [0.4411057296192371, 0.7660705325111136, -0.17402311327831418], "world_orientation": [-5.23972250179666e-05, 0.16540065380411445, 0.9862264552199471, -0.0007512084519556012, -0.9862261848133423, 0.165400568543101, 0.9999997164701562, -0.0007321951178956812, 0.000175925884421328], "world_rotation": [0.0, 1.0, 0.0, 0.0]}, {"color": "CVGreen", "id_name": "object270272570970371", "shape": "CVCone", "id_string": "ob1150", "world_size": [0.1, 0.1, 0.1], "id": 1150, "camera_size": [41, 41], "camera_position": [256, 254], "world_position": [0.705, 0.6498037994254439, -0.15], "world_orientation": [1.0, 8.100187187665134e-17, -1.2653630886983698e-17, -8.100187187665134e-17, 1.0, -1.9397816686250694e-16, 1.2653630886983698e-17, 1.9397816686250694e-16, 1.0], "world_rotation": [-0.9211093596285536, 0.06008602943210125, 0.38463907325148433, -2.1059189642881336e-16]}], "source": "action wait"}
{"timestamp": 1706069325.353958, "objects": [{"color": "cv_", "id_name": "hand", "shape": "CVCylinder", "id_string": "ob383", "world_size": [0.12, 0.005, 0.12], "id": 383, "camera_size": [52, 53], "camera_position": [245, 344], "world_position": [0.49823737039523786, 0.7809991003940265, -0.17403836311901472], "world_orientation": [-8.774459551524948e-06, 0.14994393354742314, 0.9886945012061789, -0.0007643924306847258, -0.9886942134048743, 0.14994388311608164, 0.9999997078135677, -0.0007544349164445244, 0.00012329126521550633], "world_rotation": [0.0, 1.0, 0.0, 0.0]}, {"color": "CVGreen", "id_name": "object270272570970371", "shape": "CVCone", "id_string": "ob1150", "world_size": [0.1, 0.1, 0.1], "id": 1150, "camera_size": [41, 41], "camera_position": [256, 254], "world_position": [0.705, 0.6498037994254439, -0.15], "world_orientation": [1.0, 8.100187187665134e-17, -1.2653630886983698e-17, -8.100187187665134e-17, 1.0, -1.9397816686250694e-16, 1.2653630886983698e-17, 1.9397816686250694e-16, 1.0], "world_rotation": [-0.9211093596285536, 0.06008602943210125, 0.38463907325148433, -2.1059189642881336e-16]}], "source": "action wait"}
{"timestamp": 1706069325.383885, "objects": [{"color": "cv_", "id_name": "hand", "shape": "CVCylinder", "id_string": "ob383", "world_size": [0.12, 0.005, 0.12], "id": 383, "camera_size": [52, 53], "camera_position": [245, 318], "world_position": [0.5568498948216605, 0.7725607905338712, -0.17405019869085575], "world_orientation": [-2.182247759720209e-06, 0.11108567450234634, 0.9938108335672321, -0.0007770499122277541, -0.9938105337231695, 0.11108563928025597, 0.9999996980942903, -0.0007719982046072329, 8.848785443301541e-05], "world_rotation": [0.0, 1.0, 0.0, 0.0]}, {"color": "CVGreen", "id_name": "object270272570970371", "shape": "CVCone", "id_string": "ob1150", "world_size": [0.1, 0.1, 0.1], "id": 1150, "camera_size": [41, 41], "camera_position": [256, 254], "world_position": [0.705, 0.6498037994254439, -0.15], "world_orientation": [1.0, 8.100187187665134e-17, -1.2653630886983698e-17, -8.100187187665134e-17, 1.0, -1.9397816686250694e-16, 1.2653630886983698e-17, 1.9397816686250694e-16, 1.0], "world_rotation": [-0.9211093596285536, 0.06008602943210125, 0.38463907325148433, -2.1059189642881336e-16]}], "source": "action wait"}
{"timestamp": 1706069325.415956, "objects": [{"color": "cv_", "id_name": "hand", "shape": "CVCylinder", "id_string": "ob383", "world_size": [0.12, 0.005, 0.12], "id": 383, "camera_size": [52, 52], "camera_position": [245, 298], "world_position": [0.6021427743306956, 0.7590093057717285, -0.17405582262380767], "world_orientation": [-1.650101865122692e-05, 0.07788532126419051, 0.9969623244934036, -0.0007752383658886248, -0.9969620260409642, 0.07788528511710088, 0.9999996993665512, -0.0007715982567508056, 7.68305781702199e-05], "world_rotation": [0.0, 1.0, 0.0, 0.0]}, {"color": "CVGreen", "id_name": "object270272570970371", "shape": "CVCone", "id_string": "ob1150", "world_size": [0.1, 0.1, 0.1], "id": 1150, "camera_size": [41, 41], "camera_position": [256, 254], "world_position": [0.705, 0.6498037994254439, -0.15], "world_orientation": [1.0, 8.100187187665134e-17, -1.2653630886983698e-17, -8.100187187665134e-17, 1.0, -1.9397816686250694e-16, 1.2653630886983698e-17, 1.9397816686250694e-16, 1.0], "world_rotation": [-0.9211093596285536, 0.06008602943210125, 0.38463907325148433, -2.1059189642881336e-16]}], "source": "action wait"}
{"timestamp": 1706069325.454854, "objects": [{"color": "cv_", "id_name": "hand", "shape": "CVCylinder", "id_string": "ob383", "world_size": [0.12, 0.005, 0.12], "id": 383, "camera_size": [51, 51], "camera_position": [246, 284], "world_position": [0.6339315834688475, 0.7469952112606777, -0.1740635123117476], "world_orientation": [-2.277505968749076e-05, 0.05442491968100409, 0.9985178654380766, -0.0007713665553978143, -0.9985175695908907, 0.054424885961649135, 0.9999997022374226, -0.0007689837563402532, 6.472286006896306e-05], "world_rotation": [0.0, 1.0, 0.0, 0.0]}, {"color": "CVGreen", "id_name": "object270272570970371", "shape": "CVCone", "id_string": "ob1150", "world_size": [0.1, 0.1, 0.1], "id": 1150, "camera_size": [41, 41], "camera_position": [256, 254], "world_position": [0.705, 0.6498037994254439, -0.15], "world_orientation": [1.0, 8.100187187665134e-17, -1.2653630886983698e-17, -8.100187187665134e-17, 1.0, -1.9397816686250694e-16, 1.2653630886983698e-17, 1.9397816686250694e-16, 1.0], "world_rotation": [-0.9211093596285536, 0.06008602943210125, 0.38463907325148433, -2.1059189642881336e-16]}], "source": "action wait"}
{"timestamp": 1706069325.484637, "objects": [{"color": "cv_", "id_name": "hand", "shape": "CVCylinder", "id_string": "ob383", "world_size": [0.12, 0.005, 0.12], "id": 383, "camera_size": [51, 51], "camera_position": [246, 275], "world_position": [0.6561753759537547, 0.7373354372766507, -0.1740713957746584], "world_orientation": [-2.4141377477274937e-05, 0.03787019977191732, 0.9992826664094745, -0.0007678748636331591, -0.9992823727982241, 0.03787017009395504, 0.9999997048926504, -0.0007664098031291704, 5.320362745410816e-05], "world_rotation": [0.0, 1.0, 0.0, 0.0]}, {"color": "CVGreen", "id_name": "object270272570970371", "shape": "CVCone", "id_string": "ob1150", "world_size": [0.1, 0.1, 0.1], "id": 1150, "camera_size": [41, 41], "camera_position": [256, 254], "world_position": [0.705, 0.6498037994254439, -0.15], "world_orientation": [1.0, 8.100187187665134e-17, -1.2653630886983698e-17, -8.100187187665134e-17, 1.0, -1.9397816686250694e-16, 1.2653630886983698e-17, 1.9397816686250694e-16, 1.0], "world_rotation": [-0.9211093596285536, 0.06008602943210125, 0.38463907325148433, -2.1059189642881336e-16]}], "source": "action wait"}
{"timestamp": 1706069325.520994, "objects": [{"color": "cv_", "id_name": "hand", "shape": "CVCylinder", "id_string": "ob383", "world_size": [0.12, 0.005, 0.12], "id": 383, "camera_size": [51, 51], "camera_position": [246, 268], "world_position": [0.6717383914356639, 0.729957741414199, -0.17407850918008277], "world_orientation": [-2.2971356350734905e-05, 0.026195929980443136, 0.9996568274786986, -0.000765365814870924, -0.9996565354110674, 0.026195904739307326, 0.9999997068437001, -0.0007645014068921578, 4.301293579942588e-05], "world_rotation": [0.0, 1.0, 0.0, 0.0]}, {"color": "CVGreen", "id_name": "object270272570970371", "shape": "CVCone", "id_string": "ob1150", "world_size": [0.1, 0.1, 0.1], "id": 1150, "camera_size": [41, 41], "camera_position": [256, 254], "world_position": [0.705, 0.6498037994254439, -0.15], "world_orientation": [1.0, 8.100187187665134e-17, -1.2653630886983698e-17, -8.100187187665134e-17, 1.0, -1.9397816686250694e-16, 1.2653630886983698e-17, 1.9397816686250694e-16, 1.0], "world_rotation": [-0.9211093596285536, 0.06008602943210125, 0.38463907325148433, -2.1059189642881336e-16]}], "source": "action wait"}
{"timestamp": 1706069325.554816, "objects": [{"color": "cv_", "id_name": "hand", "shape": "CVCylinder", "id_string": "ob383", "world_size": [0.12, 0.005, 0.12], "id": 383, "camera_size": [51, 50], "camera_position": [246, 263], "world_position": [0.682636784229779, 0.7244901291464049, -0.174084521617977], "world_orientation": [-2.067718451470399e-05, 0.017965872854496464, 0.9998386004676106, -0.0007637857364182234, -0.9998383093277923, 0.017965851827583573, 0.999999708101859, -0.0007632909785246448, 3.4395918635778895e-05], "world_rotation": [0.0, 1.0, 0.0, 0.0]}, {"color": "CVGreen", "id_name": "object270272570970371", "shape": "CVCone", "id_string": "ob1150", "world_size": [0.1, 0.1, 0.1], "id": 1150, "camera_size": [41, 41], "camera_position": [256, 254], "world_position": [0.705, 0.6498037994254439, -0.15], "world_orientation": [1.0, 8.100187187665134e-17, -1.2653630886983698e-17, -8.100187187665134e-17, 1.0, -1.9397816686250694e-16, 1.2653630886983698e-17, 1.9397816686250694e-16, 1.0], "world_rotation": [-0.9211093596285536, 0.06008602943210125, 0.38463907325148433, -2.1059189642881336e-16]}], "source": "action wait"}
{"timestamp": 1706069325.588968, "objects": [{"color": "cv_", "id_name": "hand", "shape": "CVCylinder", "id_string": "ob383", "world_size": [0.12, 0.005, 0.12], "id": 383, "camera_size": [51, 51], "camera_position": [246, 260], "world_position": [0.6902773710575423, 0.7205131783261028, -0.17408940969988243], "world_orientation": [-1.8051865578273893e-05, 0.012164716502583708, 0.9999260069357843, -0.0007629007273663882, -0.9999257162789671, 0.012164699193764224, 0.999999708828263, -0.0007626246824896005, 2.733099568692315e-05], "world_rotation": [0.0, 1.0, 0.0, 0.0]}, {"color": "CVGreen", "id_name": "object270272570970371", "shape": "CVCone", "id_string": "ob1150", "world_size": [0.1, 0.1, 0.1], "id": 1150, "camera_size": [41, 41], "camera_position": [256, 254], "world_position": [0.705, 0.6498037994254439, -0.15], "world_orientation": [1.0, 8.100187187665134e-17, -1.2653630886983698e-17, -8.100187187665134e-17, 1.0, -1.9397816686250694e-16, 1.2653630886983698e-17, 1.9397816686250694e-16, 1.0], "world_rotation": [-0.9211093596285536, 0.06008602943210125, 0.38463907325148433, -2.1059189642881336e-16]}], "source": "action wait"}
{"timestamp": 1706069325.618845, "objects": [{"color": "cv_", "id_name": "hand", "shape": "CVCylinder", "id_string": "ob383", "world_size": [0.12, 0.005, 0.12], "id": 383, "camera_size": [51, 50], "camera_position": [246, 257], "world_position": [0.6956398430451902, 0.7176550614323081, -0.1740932846334313], "world_orientation": [-1.5509473397935188e-05, 0.008075854543263572, 0.9999673896347083, -0.0007624762264048447, -0.9999670991749171, 0.008075840371486028, 0.999999709194688, -0.0007623261097455573, 2.166661022097309e-05], "world_rotation": [0.0, 1.0, 0.0, 0.0]}, {"color": "CVGreen", "id_name": "object270272570970371", "shape": "CVCone", "id_string": "ob1150", "world_size": [0.1, 0.1, 0.1], "id": 1150, "camera_size": [41, 41], "camera_position": [256, 254], "world_position": [0.705, 0.6498037994254439, -0.15], "world_orientation": [1.0, 8.100187187665134e-17, -1.2653630886983698e-17, -8.100187187665134e-17, 1.0, -1.9397816686250694e-16, 1.2653630886983698e-17, 1.9397816686250694e-16, 1.0], "world_rotation": [-0.9211093596285536, 0.06008602943210125, 0.38463907325148433, -2.1059189642881336e-16]}], "source": "action wait"}
{"timestamp": 1706069325.653169, "objects": [{"color": "cv_", "id_name": "hand", "shape": "CVCylinder", "id_string": "ob383", "world_size": [0.12, 0.005, 0.12], "id": 383, "camera_size": [50, 50], "camera_position": [245, 256], "world_position": [0.6994069680500352, 0.7156171356395511, -0.17409630354375302], "world_orientation": [-1.3241578530887897e-05, 0.005193909781028336, 0.9999865114719535, -0.0007623302460331978, -0.9999862210422267, 0.005193898177950577, 0.9999997093385861, -0.0007622511879100648, 1.720087059734821e-05], "world_rotation": [0.0, 1.0, 0.0, 0.0]}, {"color": "CVGreen", "id_name": "object270272570970371", "shape": "CVCone", "id_string": "ob1150", "world_size": [0.1, 0.1, 0.1], "id": 1150, "camera_size": [41, 41], "camera_position": [256, 254], "world_position": [0.705, 0.6498037994254439, -0.15], "world_orientation": [1.0, 8.100187187665134e-17, -1.2653630886983698e-17, -8.100187187665134e-17, 1.0, -1.9397816686250694e-16, 1.2653630886983698e-17, 1.9397816686250694e-16, 1.0], "world_rotation": [-0.9211093596285536, 0.06008602943210125, 0.38463907325148433, -2.1059189642881336e-16]}], "source": "action wait"}
{"timestamp": 1706069325.683724, "objects": [{"color": "cv_", "id_name": "hand", "shape": "CVCylinder", "id_string": "ob383", "world_size": [0.12, 0.005, 0.12], "id": 383, "camera_size": [50, 50], "camera_position": [245, 255], "world_position": [0.7020553871502164, 0.7141715717706562, -0.17409862641714252], "world_orientation": [-1.131478485480452e-05, 0.003162610974833921, 0.9999949988693931, -0.0007623377430672991, -0.9999947083826785, 0.0031626014304025223, 0.9999997093565284, -0.0007622981463623159, 1.3725702694413238e-05], "world_rotation": [0.0, 1.0, 0.0, 0.0]}, {"color": "CVGreen", "id_name": "object270272570970371", "shape": "CVCone", "id_string": "ob1150", "world_size": [0.1, 0.1, 0.1], "id": 1150, "camera_size": [41, 41], "camera_position": [256, 254], "world_position": [0.705, 0.6498037994254439, -0.15], "world_orientation": [1.0, 8.100187187665134e-17, -1.2653630886983698e-17, -8.100187187665134e-17, 1.0, -1.9397816686250694e-16, 1.2653630886983698e-17, 1.9397816686250694e-16, 1.0], "world_rotation": [-0.9211093596285536, 0.06008602943210125, 0.38463907325148433, -2.1059189642881336e-16]}], "source": "action wait"}
{"timestamp": 1706069325.72008, "objects": [{"color": "cv_", "id_name": "hand", "shape": "CVCylinder", "id_string": "ob383", "world_size": [0.12, 0.005, 0.12], "id": 383, "camera_size": [50, 50], "camera_position": [245, 254], "world_position": [0.7039184498400576, 0.7131497023196309, -0.17410039726985965], "world_orientation": [-9.729604152318682e-06, 0.0017308465388120619, 0.9999985020366752, -0.0007624195082691506, -0.999998211455487, 0.0017308386178091122, 0.9999997093108719, -0.0007624015258184543, 1.1049217917863918e-05], "world_rotation": [0.0, 1.0, 0.0, 0.0]}, {"color": "CVGreen", "id_name": "object270272570970371", "shape": "CVCone", "id_string": "ob1150", "world_size": [0.1, 0.1, 0.1], "id": 1150, "camera_size": [41, 41], "camera_position": [256, 254], "world_position": [0.705, 0.6498037994254439, -0.15], "world_orientation": [1.0, 8.100187187665134e-17, -1.2653630886983698e-17, -8.100187187665134e-17, 1.0, -1.9397816686250694e-16, 1.2653630886983698e-17, 1.9397816686250694e-16, 1.0], "world_rotation": [-0.9211093596285536, 0.06008602943210125, 0.38463907325148433, -2.1059189642881336e-16]}], "source": "action wait"}
{"timestamp": 1706069325.753371, "objects": [{"color": "cv_", "id_name": "hand", "shape": "CVCylinder", "id_string": "ob383", "world_size": [0.12, 0.005, 0.12], "id": 383, "camera_size": [50, 50], "camera_position": [245, 253], "world_position": [0.7052296725493479, 0.7124289608343767, -0.17410173775980084], "world_orientation": [-8.454835611993176e-06, 0.0007216379760197218, 0.9999997395835398, -0.0007625287909490228, -0.9999994488988893, 0.0007216313191936742, 0.9999997092391373, -0.0007625224911001476, 9.005100686245604e-06], "world_rotation": [0.0, 1.0, 0.0, 0.0]}, {"color": "CVGreen", "id_name": "object270272570970371", "shape": "CVCone", "id_string": "ob1150", "world_size": [0.1, 0.1, 0.1], "id": 1150, "camera_size": [41, 41], "camera_position": [256, 254], "world_position": [0.705, 0.6498037994254439, -0.15], "world_orientation": [1.0, 8.100187187665134e-17, -1.2653630886983698e-17, -8.100187187665134e-17, 1.0, -1.9397816686250694e-16, 1.2653630886983698e-17, 1.9397816686250694e-16, 1.0], "world_rotation": [-0.9211093596285536, 0.06008602943210125, 0.38463907325148433, -2.1059189642881336e-16]}], "source": "action wait"}
{"timestamp": 1706069325.78215, "objects": [{"color": "cv_", "id_name": "hand", "shape": "CVCylinder", "id_string": "ob383", "world_size": [0.12, 0.005, 0.12], "id": 383, "camera_size": [49, 50], "camera_position": [246, 253], "world_position": [0.7061528592514674, 0.7119213390891166, -0.17410274683617707], "world_orientation": [-7.4469262725815595e-06, 1.025661389679946e-05, 0.9999999999196726, -0.00076264009079269, -0.9999997091374628, 1.0250931590176127e-05, 0.9999997091622754, -0.0007626400143938685, 7.454746211867451e-06], "world_rotation": [0.0, 1.0, 0.0, 0.0]}, {"color": "CVGreen", "id_name": "object270272570970371", "shape": "CVCone", "id_string": "ob1150", "world_size": [0.1, 0.1, 0.1], "id": 1150, "camera_size": [41, 41], "camera_position": [256, 254], "world_position": [0.705, 0.6498037994254439, -0.15], "world_orientation": [1.0, 8.100187187665134e-17, -1.2653630886983698e-17, -8.100187187665134e-17, 1.0, -1.9397816686250694e-16, 1.2653630886983698e-17, 1.9397816686250694e-16, 1.0], "world_rotation": [-0.9211093596285536, 0.06008602943210125, 0.38463907325148433, -2.1059189642881336e-16]}], "source": "action wait"}
{"timestamp": 1706069325.819814, "objects": [{"color": "cv_", "id_name": "hand", "shape": "CVCylinder", "id_string": "ob383", "world_size": [0.12, 0.005, 0.12], "id": 383, "camera_size": [49, 50], "camera_position": [246, 253], "world_position": [0.706803037699586, 0.711564135107547, -0.17410350302290836], "world_orientation": [-6.660379001658515e-06, -0.0004912031571617214, 0.9999998793375418, -0.0007627409959644402, -0.9999995884703059, -0.0004912080944311918, 0.9999997090908639, -0.0007627441755626715, 6.285715475764461e-06], "world_rotation": [0.0, 1.0, 0.0, 0.0]}, {"color": "CVGreen", "id_name": "object270272570970371", "shape": "CVCone", "id_string": "ob1150", "world_size": [0.1, 0.1, 0.1], "id": 1150, "camera_size": [41, 41], "camera_position": [256, 254], "world_position": [0.705, 0.6498037994254439, -0.15], "world_orientation": [1.0, 8.100187187665134e-17, -1.2653630886983698e-17, -8.100187187665134e-17, 1.0, -1.9397816686250694e-16, 1.2653630886983698e-17, 1.9397816686250694e-16, 1.0], "world_rotation": [-0.9211093596285536, 0.06008602943210125, 0.38463907325148433, -2.1059189642881336e-16]}], "source": "action wait"}
{"timestamp": 1706069325.856432, "objects": [{"color": "cv_", "id_name": "hand", "shape": "CVCylinder", "id_string": "ob383", "world_size": [0.12, 0.005, 0.12], "id": 383, "camera_size": [49, 49], "camera_position": [246, 253], "world_position": [0.7072610524187096, 0.7113129058678387, -0.17410406758966218], "world_orientation": [-6.052931720268412e-06, -0.0008446965066818698, 0.9999996432255233, -0.0007628266963506911, -0.9999993522877191, -0.0008447008782668277, 0.9999997090293544, -0.0007628315371107018, 5.408570754463077e-06], "world_rotation": [0.0, 1.0, 0.0, 0.0]}, {"color": "CVGreen", "id_name": "object270272570970371", "shape": "CVCone", "id_string": "ob1150", "world_size": [0.1, 0.1, 0.1], "id": 1150, "camera_size": [41, 41], "camera_position": [256, 254], "world_position": [0.705, 0.6498037994254439, -0.15], "world_orientation": [1.0, 8.100187187665134e-17, -1.2653630886983698e-17, -8.100187187665134e-17, 1.0, -1.9397816686250694e-16, 1.2653630886983698e-17, 1.9397816686250694e-16, 1.0], "world_rotation": [-0.9211093596285536, 0.06008602943210125, 0.38463907325148433, -2.1059189642881336e-16]}], "source": "action wait"}
{"timestamp": 1706069325.889925, "objects": [{"color": "cv_", "id_name": "hand", "shape": "CVCylinder", "id_string": "ob383", "world_size": [0.12, 0.005, 0.12], "id": 383, "camera_size": [49, 50], "camera_position": [246, 252], "world_position": [0.7075837607705511, 0.7111362566301266, -0.17410448776554113], "world_orientation": [-5.587755268537915e-06, -0.001093890298084395, 0.9999994016862175, -0.0007628964999876695, -0.9999991106917626, -0.0010938942426493331, 0.9999997089788113, -0.0007629021559498657, 4.753225219885965e-06], "world_rotation": [0.0, 1.0, 0.0, 0.0]}, {"color": "CVGreen", "id_name": "object270272570970371", "shape": "CVCone", "id_string": "ob1150", "world_size": [0.1, 0.1, 0.1], "id": 1150, "camera_size": [41, 41], "camera_position": [256, 254], "world_position": [0.705, 0.6498037994254439, -0.15], "world_orientation": [1.0, 8.100187187665134e-17, -1.2653630886983698e-17, -8.100187187665134e-17, 1.0, -1.9397816686250694e-16, 1.2653630886983698e-17, 1.9397816686250694e-16, 1.0], "world_rotation": [-0.9211093596285536, 0.06008602943210125, 0.38463907325148433, -2.1059189642881336e-16]}], "source": "action wait"}
{"timestamp": 1706069326.97296, "objects": [{"color": "cv_", "id_name": "hand", "shape": "CVCylinder", "id_string": "ob383", "world_size": [0.12, 0.005, 0.12], "id": 383, "camera_size": [49, 50], "camera_position": [246, 252], "world_position": [0.70835443254828, 0.7107176383890657, -0.17410567308259908], "world_orientation": [-4.184366053809626e-06, -0.00168939102012997, 0.9999985729692181, -0.0007631193314141341, -0.999998281797394, -0.0016893937214010066, 0.9999997088156463, -0.0007631253114614618, 2.895151918806001e-06], "world_rotation": [0.0, 1.0, 0.0, 0.0]}, {"color": "CVGreen", "id_name": "object270272570970371", "shape": "CVCone", "id_string": "ob1150", "world_size": [0.1, 0.1, 0.1], "id": 1150, "camera_size": [41, 41], "camera_position": [256, 254], "world_position": [0.705, 0.6498037994254439, -0.15], "world_orientation": [1.0, 8.100187187665134e-17, -1.2653630886983698e-17, -8.100187187665134e-17, 1.0, -1.9397816686250694e-16, 1.2653630886983698e-17, 1.9397816686250694e-16, 1.0], "world_rotation": [-0.9211093596285536, 0.06008602943210125, 0.38463907325148433, -2.1059189642881336e-16]}], "source": "action wait"}
{"timestamp": 1706069327.009263, "objects": [{"color": "cv_", "id_name": "hand", "shape": "CVCylinder", "id_string": "ob383", "world_size": [0.12, 0.005, 0.12], "id": 383, "camera_size": [51, 50], "camera_position": [246, 251], "world_position": [0.7108831184251387, 0.7326256757815524, -0.17409381459824375], "world_orientation": [1.6265856191668373e-05, 0.030361060813562886, 0.9995389965987806, -0.0007432791180903794, -0.9995387202593233, 0.030361064515381973, 0.9999997236357492, -0.0007434303125984714, 6.308389424423848e-06], "world_rotation": [0.0, 1.0, 0.0, 0.0]}, {"color": "CVGreen", "id_name": "object270272570970371", "shape": "CVCone", "id_string": "ob1150", "world_size": [0.1, 0.1, 0.1], "id": 1150, "camera_size": [42, 43], "camera_position": [252, 252], "world_position": [0.7103124683518236, 0.6756088213870434, -0.15866243964649246], "world_orientation": [0.999496530856532, -0.03172829635149581, -4.048363198734049e-06, 0.03172829646359025, 0.9994965303635925, 3.153821137900667e-05, 3.045671253757108e-06, -3.165078053049888e-05, 0.999999999494476], "world_rotation": [0.0009957824298921442, 0.00011179344141075896, -0.9999994979596634, -0.03173363815636503]}], "source": "action wait"}
{"timestamp": 1706069327.040879, "objects": [{"color": "cv_", "id_name": "hand", "shape": "CVCylinder", "id_string": "ob383", "world_size": [0.12, 0.005, 0.12], "id": 383, "camera_size": [52, 53], "camera_position": [245, 250], "world_position": [0.7144047768191567, 0.7853226250529162, -0.17410831390011075], "world_orientation": [7.576252953950704e-05, 0.10623621364966411, 0.9943409179800569, -0.000725851503783025, -0.9943406530521508, 0.10623624064986928, 0.9999997336997815, -0.0007297925769095444, 1.777952335024247e-06], "world_rotation": [0.0, 1.0, 0.0, 0.0]}, {"color": "CVGreen", "id_name": "object270272570970371", "shape": "CVCone", "id_string": "ob1150", "world_size": [0.1, 0.1, 0.1], "id": 1150, "camera_size": [44, 49], "camera_position": [249, 248], "world_position": [0.7184001497962341, 0.7308748634021781, -0.16423101837699988], "world_orientation": [0.9942167813138421, -0.10739176755428351, -3.938377395287737e-06, 0.10739176761214433, 0.9942167799127524, 5.2811522235681016e-05, -1.7559218280979576e-06, -5.2929050963446836e-05, 0.9999999985977162], "world_rotation": [0.0004923122263421737, 1.0161185311079187e-05, -0.9999998787627037, -0.10759928413225654]}], "source": "action wait"}
{"timestamp": 1706069327.070639, "objects": [{"color": "cv_", "id_name": "hand", "shape": "CVCylinder", "id_string": "ob383", "world_size": [0.12, 0.005, 0.12], "id": 383, "camera_size": [56, 55], "camera_position": [244, 250], "world_position": [0.7128649500252141, 0.8553246650574182, -0.17411352374706832], "world_orientation": [0.0001506138497489673, 0.2054019872081468, 0.9786776798141523, -0.0007193562605058341, -0.9786774154404039, 0.2054020424276781, 0.9999997299209831, -0.0007349543083482347, 3.548322171332875e-07], "world_rotation": [0.0, 1.0, 0.0, 0.0]}, {"color": "CVGreen", "id_name": "object270272570970371", "shape": "CVCone", "id_string": "ob1150", "world_size": [0.1, 0.1, 0.1], "id": 1150, "camera_size": [46, 55], "camera_position": [247, 246], "world_position": [0.7223559294480811, 0.8030071806734189, -0.16779126310947157], "world_orientation": [0.9784654852891261, -0.20641049886024984, -7.627441270133304e-06, 0.2064104989745779, 0.9784654839017393, 5.221112058279608e-05, -3.313735432234495e-06, -5.266116339700214e-05, 0.9999999986079106], "world_rotation": [0.00025403814520124404, 1.0449336930763203e-05, -0.9999999676777155, -0.2079050372810041]}], "source": "action wait"}
{"timestamp": 1706069327.104711, "objects": [{"color": "cv_", "id_name": "hand", "shape": "CVCylinder", "id_string": "ob383", "world_size": [0.12, 0.005, 0.12], "id": 383, "camera_size": [59, 57], "camera_position": [244, 254], "world_position": [0.7038634168197468, 0.9248279847222001, -0.17411477132933115], "world_orientation": [0.00022576465485501696, 0.302529934112627, 0.953139857521513, -0.0007090336589489431, -0.9531395937992845, 0.3025300183509164, 0.9999997231507572, -0.0007441088258450665, -6.813252968370685e-07], "world_rotation": [0.0, 1.0, 0.0, 0.0]}, {"color": "CVGreen", "id_name": "object270272570970371", "shape": "CVCone", "id_string": "ob1150", "world_size": [0.1, 0.1, 0.1], "id": 1150, "camera_size": [49, 61], "camera_position": [246, 247], "world_position": [0.7185899473158814, 0.874659852352722, -0.17006784719628837], "world_orientation": [0.9528531554142922, -0.3034318113146207, -9.967708250161916e-06, 0.3034318114465593, 0.9528531543249288, 4.5774371375402353e-05, -4.391638170669066e-06, -4.6640773972475235e-05, 0.9999999989026759], "world_rotation": [0.00015228321620586397, 9.188341178256451e-06, -0.9999999883626982, -0.30829221869366574]}], "source": "action wait"}
{"timestamp": 1706069327.14298, "objects": [{"color": "cv_", "id_name": "hand", "shape": "CVCylinder", "id_string": "ob383", "world_size": [0.12, 0.005, 0.12], "id": 383, "camera_size": [63, 58], "camera_position": [243, 262], "world_position": [0.687669593902096, 0.9929985946625597, -0.17411516295555823], "world_orientation": [0.00029959118761885273, 0.3966005423346276, 0.9179912418236894, -0.00068801287226561, -0.9179909840014412, 0.3966006554840189, 0.9999997184416644, -0.0007504078523888499, -2.1557308461557637e-06], "world_rotation": [0.0, 1.0, 0.0, 0.0]}, {"color": "CVGreen", "id_name": "object270272570970371", "shape": "CVCone", "id_string": "ob1150", "world_size": [0.1, 0.1, 0.1], "id": 1150, "camera_size": [52, 69], "camera_position": [244, 252], "world_position": [0.7073761432867423, 0.9451578805209685, -0.17152436049102443], "world_orientation": [0.9176369807213351, -0.3974196415398195, -1.144524501979766e-05, 0.39741964166130433, 0.9176369798155563, 4.119205009584816e-05, -5.867949710166105e-06, -4.234791365416989e-05, 0.9999999990861107], "world_rotation": [0.00010510296238768698, 7.0168842891448085e-06, -0.9999999944520652, -0.4087031705104971]}], "source": "action wait"}
{"timestamp": 1706069327.174186, "objects": [{"color": "cv_", "id_name": "hand", "shape": "CVCylinder", "id_string": "ob383", "world_size": [0.12, 0.005, 0.12], "id": 383, "camera_size": [66, 60], "camera_position": [242, 275], "world_position": [0.6645502846145857, 1.0591510935098727, -0.17411538162660914], "world_orientation": [0.000370950518612705, 0.4866682153459715, 0.873586807688669, -0.000657574492088655, -0.8735865602101276, 0.4866683567030271, 0.9999997149957094, -0.0007549782806727484, -4.036783040721355e-06], "world_rotation": [0.0, 1.0, 0.0, 0.0]}, {"color": "CVGreen", "id_name": "object270272570970371", "shape": "CVCone", "id_string": "ob1150", "world_size": [0.1, 0.1, 0.1], "id": 1150, "camera_size": [56, 75], "camera_position": [243, 262], "world_position": [0.6889696829213499, 1.013910338458368, -0.1724564495912791], "world_orientation": [0.8731690297874035, -0.48741752663315097, -1.2286014436040414e-05, 0.4874175267266353, 0.8731690290001416, 3.787663911486285e-05, -7.733970459143772e-06, -3.9061126997274965e-05, 0.9999999992072071], "world_rotation": [7.892388112892512e-05, 4.669553015129094e-06, -0.9999999968746082, -0.5091297179204487]}], "source": "action wait"}
{"timestamp": 1706069327.205251, "objects": [{"color": "cv_", "id_name": "hand", "shape": "CVCylinder", "id_string": "ob383", "world_size": [0.12, 0.005, 0.12], "id": 383, "camera_size": [71, 60], "camera_position": [242, 290], "world_position": [0.6404923747492801, 1.110444008559372, -0.17411458847439049], "world_orientation": [0.00043291886988385946, 0.5557691447180695, 0.8313365566126619, -0.0006366337914181096, -0.8313363128692124, 0.5557693132968382, 0.99999970363929, -0.0007698599670094927, -6.079759305185112e-06], "world_rotation": [0.0, 1.0, 0.0, 0.0]}, {"color": "CVGreen", "id_name": "object270272570970371", "shape": "CVCone", "id_string": "ob1150", "world_size": [0.1, 0.1, 0.1], "id": 1150, "camera_size": [58, 80], "camera_position": [242, 274], "world_position": [0.6684595676094147, 1.0676881472665007, -0.17305260560323218], "world_orientation": [0.8308718202665241, -0.5564638517039221, -5.81621225634743e-06, 0.5564638516490142, 0.8308718199107562, 2.619411814208569e-05, -9.743553010913953e-06, -2.5000466495166417e-05, 0.99999999964002], "world_rotation": [-4.599991933755883e-05, 3.528837262793432e-06, 0.9999999989357774, 0.5901237556653544]}], "source": "action wait"}
{"timestamp": 1706069327.235665, "objects": [{"color": "cv_", "id_name": "hand", "shape": "CVCylinder", "id_string": "ob383", "world_size": [0.12, 0.005, 0.12], "id": 383, "camera_size": [73, 62], "camera_position": [241, 303], "world_position": [0.6206417673291511, 1.1451078403210204, -0.17411539045295327], "world_orientation": [0.0004764345518304643, 0.6023569876230451, 0.7982266798797248, -0.0006150249018784748, -0.7982264430053461, 0.6023571759607442, 0.9999996973771983, -0.0007779130566406086, -9.838110423284084e-06], "world_rotation": [0.0, 1.0, 0.0, 0.0]}, {"color": "CVGreen", "id_name": "object270272570970371", "shape": "CVCone", "id_string": "ob1150", "world_size": [0.1, 0.1, 0.1], "id": 1150, "camera_size": [61, 84], "camera_position": [242, 285], "world_position": [0.6509430926137206, 1.1043473170560891, -0.17343534961704837], "world_orientation": [0.7977315575106624, -0.6030127379679199, 2.135469499667709e-07, 0.6030127378174232, 0.7977315573193815, 2.206196212850614e-05, -1.347399732901284e-05, -1.7470751879562426e-05, 0.9999999997566121], "world_rotation": [-3.2779335742091896e-05, 1.1349299451432786e-05, 0.9999999993983544, 0.6472723739610912]}], "source": "action wait"}
{"timestamp": 1706069327.266923, "objects": [{"color": "cv_", "id_name": "hand", "shape": "CVCylinder", "id_string": "ob383", "world_size": [0.12, 0.005, 0.12], "id": 383, "camera_size": [75, 62], "camera_position": [241, 313], "world_position": [0.6053141572273647, 1.1687038877760378, -0.17411693774768863], "world_orientation": [0.0005053937499125998, 0.6340418294674476, 0.7732985859696949, -0.0005951029543501782, -0.7732983571025179, 0.6340420307479785, 0.9999996952147693, -0.0007806331526273321, -1.3499990599141942e-05], "world_rotation": [0.0, 1.0, 0.0, 0.0]}, {"color": "CVGreen", "id_name": "object270272570970371", "shape": "CVCone", "id_string": "ob1150", "world_size": [0.1, 0.1, 0.1], "id": 1150, "camera_size": [62, 87], "camera_position": [241, 295], "world_position": [0.6371715321405991, 1.1294543787819744, -0.1736812016925216], "world_orientation": [0.7727831942095817, -0.6346700991333114, 3.653606202500397e-06, 0.6346700989130203, 0.7727831940709953, 2.2520385617510506e-05, -1.7116460843431653e-05, -1.508454092240114e-05, 0.9999999997397417], "world_rotation": [-2.9625569706414007e-05, 1.636288448597507e-05, 0.9999999994272908, 0.6875815458484932]}], "source": "action wait"}
{"timestamp": 1706069327.298317, "objects": [{"color": "cv_", "id_name": "hand", "shape": "CVCylinder", "id_string": "ob383", "world_size": [0.12, 0.005, 0.12], "id": 383, "camera_size": [76, 63], "camera_position": [240, 322], "world_position": [0.5938916104510195, 1.1848987667082698, -0.17411850941074752], "world_orientation": [0.0005244176702639975, 0.6557719847933704, 0.754958825994021, -0.0005784934281525719, -0.7549586045377947, 0.6557721942715319, 0.999999695165684, -0.0007806372457071517, -1.6553848967437138e-05], "world_rotation": [0.0, 1.0, 0.0, 0.0]}, {"color": "CVGreen", "id_name": "object270272570970371", "shape": "CVCone", "id_string": "ob1150", "world_size": [0.1, 0.1, 0.1], "id": 1150, "camera_size": [63, 89], "camera_position": [241, 302], "world_position": [0.6268006193309927, 1.1467577612777864, -0.17383903163665632], "world_orientation": [0.7544295943755518, -0.6563809771037096, 5.169160854888271e-06, 0.6563809768145396, 0.7544295942382483, 2.476899808044653e-05, -2.0157667088228996e-05, -1.5293526323677056e-05, 0.9999999996798883], "world_rotation": [-3.0517737247362984e-05, 1.9292780272170468e-05, 0.9999999993482281, 0.716011658262846]}], "source": "action wait"}
{"timestamp": 1706069327.338294, "objects": [{"color": "cv_", "id_name": "hand", "shape": "CVCylinder", "id_string": "ob383", "world_size": [0.12, 0.005, 0.12], "id": 383, "camera_size": [78, 63], "camera_position": [240, 328], "world_position": [0.5855559260180336, 1.1960934206357683, -0.17411983246778767], "world_orientation": [0.0005368019422566344, 0.6707798187590095, 0.7416563534341934, -0.0005653817804870463, -0.7416561381725645, 0.6707800332854285, 0.9999996960935124, -0.0007793950143087645, -1.8875767212324427e-05], "world_rotation": [0.0, 1.0, 0.0, 0.0]}, {"color": "CVGreen", "id_name": "object270272570970371", "shape": "CVCone", "id_string": "ob1150", "world_size": [0.1, 0.1, 0.1], "id": 1150, "camera_size": [64, 91], "camera_position": [240, 307], "world_position": [0.619184253826558, 1.1587505923027714, -0.17394029138979214], "world_orientation": [0.7411175145126787, -0.6713753269615479, 5.461156166748674e-06, 0.6713753266076811, 0.7411175143452795, 2.744274507521798e-05, -2.2471740431349048e-05, -1.6671813516444164e-05, 0.9999999996085358], "world_rotation": [-3.285387234111237e-05, 2.080274286423088e-05, 0.9999999992439345, 0.7360629791979952]}], "source": "action wait"}
