{"timestamp": 1706069926.855008, "objects": [{"color": "cv_", "id_name": "hand", "shape": "CVCylinder", "id_string": "ob383", "world_size": [0.12, 0.005, 0.12], "id": 383, "camera_size": [48, 50], "camera_position": [246, 426], "world_position": [0.2676445155647248, 0.6334703012252962, -0.17389260400887682], "world_orientation": [-0.000641550457312827, 0.19791547464417306, 0.9802188803065276, -0.0007473673819307694, -0.9802189031698418, 0.19791499011067598, 0.9999995149273859, -0.0006056111658795182, 0.0007767754557241198], "world_rotation": [0.0, 1.0, 0.0, 0.0]}, {"color": "CVBlue", "id_name": "object67692848692563", "shape": "CVCylinder", "id_string": "ob1353", "world_size": [0.09, 0.09, 0.09], "id": 1353, "camera_size": [37, 37], "camera_position": [256, 254], "world_position": [0.705, 0.6448569696296074, -0.15], "world_orientation": [1.0, -4.331917303826236e-17, -1.1712398707441946e-17, 4.331917303826236e-17, 1.0, -5.775889738434995e-17, 1.1712398707441946e-17, 5.775889738434995e-17, 1.0], "world_rotation": [-0.7896765794068324, 0.16013129347666225, -0.5922574345551229, -7.314247236221149e-17]}], "source": "action wait"}
{"timestamp": 1706069926.888034, "objects": [{"color": "cv_", "id_name": "hand", "shape": "CVCylinder", "id_string": "ob383", "world_size": [0.12, 0.005, 0.12], "id": 383, "camera_size": [49, 51], "camera_position": [246, 421], "world_position": [0.29102196937343433, 0.6676829923011716, -0.17395614220006633], "world_orientation": [-0.0003834452440927254, 0.19737775332703866, 0.980327432780148, -0.0007154026671811527, -0.9803273081269255, 0.19737744840695468, 0.9999996705843301, -0.0006256454162392548, 0.000517106415128309], "world_rotation": [0.0, 1.0, 0.0, 0.0]}, {"color": "CVBlue", "id_name": "object67692848692563", "shape": "CVCylinder", "id_string": "ob1353", "world_size": [0.09, 0.09, 0.09], "id": 1353, "camera_size": [37, 37], "camera_position": [256, 254], "world_position": [0.705, 0.6448569696296074, -0.15], "world_orientation": [1.0, -4.331917303826236e-17, -1.1712398707441946e-17, 4.331917303826236e-17, 1.0, -5.775889738434995e-17, 1.1712398707441946e-17, 5.775889738434995e-17, 1.0], "world_rotation": [-0.7896765794068324, 0.16013129347666225, -0.5922574345551229, -7.314247236221149e-17]}], "source": "action wait"}
{"timestamp": 1706069926.920631, "objects": [{"color": "cv_", "id_name": "hand", "shape": "CVCylinder", "id_string": "ob383", "world_size": [0.12, 0.005, 0.12], "id": 383, "camera_size": [51, 52], "camera_position": [246, 406], "world_position": [0.337005918679336, 0.7056114609983146, -0.17398397216722802], "world_orientation": [-0.00022432753021347888, 0.18515879538838798, 0.9827085886301596, -0.0007318257934474954, -0.9827083805996005, 0.18515858913460878, 0.9999997070540408, -0.0006776353236038628, 0.0003559525262893104], "world_rotation": [0.0, 1.0, 0.0, 0.0]}, {"color": "CVBlue", "id_name": "object67692848692563", "shape": "CVCylinder", "id_string": "ob1353", "world_size": [0.09, 0.09, 0.09], "id": 1353, "camera_size": [37, 37], "camera_position": [256, 254], "world_position": [0.705, 0.6448569696296074, -0.15], "world_orientation": [1.0, -4.331917303826236e-17, -1.1712398707441946e-17, 4.331917303826236e-17, 1.0, -5.775889738434995e-17, 1.1712398707441946e-17, 5.775889738434995e-17, 1.0], "world_rotation": [-0.7896765794068324, 0.16013129347666225, -0.5922574345551229, -7.314247236221149e-17]}], "source": "action wait"}
{"timestamp": 1706069926.961937, "objects": [{"color": "cv_", "id_name": "hand", "shape": "CVCylinder", "id_string": "ob383", "world_size": [0.12, 0.005, 0.12], "id": 383, "camera_size": [51, 52], "camera_position": [246, 388], "world_position": [0.38753057238656147, 0.7387578355475664, -0.1740044924152282], "world_orientation": [-0.00012117184378906212, 0.17645487028455004, 0.9843087239632934, -0.0007430792592848981, -0.9843084753261182, 0.17645473423625463, 0.9999997165752592, -0.0007100380520178861, 0.00025039042712114533], "world_rotation": [0.0, 1.0, 0.0, 0.0]}, {"color": "CVBlue", "id_name": "object67692848692563", "shape": "CVCylinder", "id_string": "ob1353", "world_size": [0.09, 0.09, 0.09], "id": 1353, "camera_size": [37, 37], "camera_position": [256, 254], "world_position": [0.705, 0.6448569696296074, -0.15], "world_orientation": [1.0, -4.331917303826236e-17, -1.1712398707441946e-17, 4.331917303826236e-17, 1.0, -5.775889738434995e-17, 1.1712398707441946e-17, 5.775889738434995e-17, 1.0], "world_rotation": [-0.7896765794068324, 0.16013129347666225, -0.5922574345551229, -7.314247236221149e-17]}], "source": "action wait"}
{"timestamp": 1706069927.000981, "objects": [{"color": "cv_", "id_name": "hand", "shape": "CVCylinder", "id_string": "ob383", "world_size": [0.12, 0.005, 0.12], "id": 383, "camera_size": [52, 54], "camera_position": [245, 367], "world_position": [0.44161966559568877, 0.7666870272547082, -0.17402299944407792], "world_orientation": [-4.8543344291997865e-05, 0.17030526123241765, 0.9853913515147684, -0.0007504592198673835, -0.9853910813991258, 0.17030517757843092, 0.9999997172272117, -0.0007312288420522262, 0.00017564133201083395], "world_rotation": [0.0, 1.0, 0.0, 0.0]}, {"color": "CVBlue", "id_name": "object67692848692563", "shape": "CVCylinder", "id_string": "ob1353", "world_size": [0.09, 0.09, 0.09], "id": 1353, "camera_size": [37, 37], "camera_position": [256, 254], "world_position": [0.705, 0.6448569696296074, -0.15], "world_orientation": [1.0, -4.331917303826236e-17, -1.1712398707441946e-17, 4.331917303826236e-17, 1.0, -5.775889738434995e-17, 1.1712398707441946e-17, 5.775889738434995e-17, 1.0], "world_rotation": [-0.7896765794068324, 0.16013129347666225, -0.5922574345551229, -7.314247236221149e-17]}], "source": "action wait"}
{"timestamp": 1706069927.025485, "objects": [{"color": "cv_", "id_name": "hand", "shape": "CVCylinder", "id_string": "ob383", "world_size": [0.12, 0.005, 0.12], "id": 383, "camera_size": [52, 53], "camera_position": [245, 344], "world_position": [0.4988496677077773, 0.7802877352713986, -0.1740381653649937], "world_orientation": [-5.984579477304919e-06, 0.15337195518980457, 0.9881685298194036, -0.0007644980039484313, -0.9881682417676594, 0.15337190585180563, 0.9999997077534508, -0.000754535002251754, 0.00012316632498449688], "world_rotation": [0.0, 1.0, 0.0, 0.0]}, {"color": "CVBlue", "id_name": "object67692848692563", "shape": "CVCylinder", "id_string": "ob1353", "world_size": [0.09, 0.09, 0.09], "id": 1353, "camera_size": [37, 37], "camera_position": [256, 254], "world_position": [0.705, 0.6448569696296074, -0.15], "world_orientation": [1.0, -4.331917303826236e-17, -1.1712398707441946e-17, 4.331917303826236e-17, 1.0, -5.775889738434995e-17, 1.1712398707441946e-17, 5.775889738434995e-17, 1.0], "world_rotation": [-0.7896765794068324, 0.16013129347666225, -0.5922574345551229, -7.314247236221149e-17]}], "source": "action wait"}
{"timestamp": 1706069927.057644, "objects": [{"color": "cv_", "id_name": "hand", "shape": "CVCylinder", "id_string": "ob383", "world_size": [0.12, 0.005, 0.12], "id": 383, "camera_size": [52, 53], "camera_position": [245, 318], "world_position": [0.5574615072266952, 0.7708968566796766, -0.1740500228589192], "world_orientation": [-3.466870243474408e-07, 0.11349555266193473, 0.9935385042995777, -0.0007770013665476267, -0.9935382044151063, 0.11349551813390224, 0.9999996981343325, -0.0007719414281353146, 8.853064631946891e-05], "world_rotation": [0.0, 1.0, 0.0, 0.0]}, {"color": "CVBlue", "id_name": "object67692848692563", "shape": "CVCylinder", "id_string": "ob1353", "world_size": [0.09, 0.09, 0.09], "id": 1353, "camera_size": [37, 37], "camera_position": [256, 254], "world_position": [0.705, 0.6448569696296074, -0.15], "world_orientation": [1.0, -4.331917303826236e-17, -1.1712398707441946e-17, 4.331917303826236e-17, 1.0, -5.775889738434995e-17, 1.1712398707441946e-17, 5.775889738434995e-17, 1.0], "world_rotation": [-0.7896765794068324, 0.16013129347666225, -0.5922574345551229, -7.314247236221149e-17]}], "source": "action wait"}
{"timestamp": 1706069927.090228, "objects": [{"color": "cv_", "id_name": "hand", "shape": "CVCylinder", "id_string": "ob383", "world_size": [0.12, 0.005, 0.12], "id": 383, "camera_size": [52, 52], "camera_position": [245, 297], "world_position": [0.6026784832834415, 0.7566845941823791, -0.17405566901685132], "world_orientation": [-1.523526897131819e-05, 0.07959068647701617, 0.9968276292288472, -0.0007751143465099234, -0.9968273308362418, 0.07959065080550545, 0.9999996994827731, -0.0007714428114404655, 7.6878815440552e-05], "world_rotation": [0.0, 1.0, 0.0, 0.0]}, {"color": "CVBlue", "id_name": "object67692848692563", "shape": "CVCylinder", "id_string": "ob1353", "world_size": [0.09, 0.09, 0.09], "id": 1353, "camera_size": [37, 37], "camera_position": [256, 254], "world_position": [0.705, 0.6448569696296074, -0.15], "world_orientation": [1.0, -4.331917303826236e-17, -1.1712398707441946e-17, 4.331917303826236e-17, 1.0, -5.775889738434995e-17, 1.1712398707441946e-17, 5.775889738434995e-17, 1.0], "world_rotation": [-0.7896765794068324, 0.16013129347666225, -0.5922574345551229, -7.314247236221149e-17]}], "source": "action wait"}
{"timestamp": 1706069927.120469, "objects": [{"color": "cv_", "id_name": "hand", "shape": "CVCylinder", "id_string": "ob383", "world_size": [0.12, 0.005, 0.12], "id": 383, "camera_size": [51, 51], "camera_position": [246, 284], "world_position": [0.6343838132777253, 0.7442085678894259, -0.17406336941746475], "world_orientation": [-2.1893616833205016e-05, 0.05562981222698106, 0.9984514627723575, -0.0007712120322709789, -0.9984511670274064, 0.05562977883842117, 0.9999997023762911, -0.0007687998446665804, 6.476208782037127e-05], "world_rotation": [0.0, 1.0, 0.0, 0.0]}, {"color": "CVBlue", "id_name": "object67692848692563", "shape": "CVCylinder", "id_string": "ob1353", "world_size": [0.09, 0.09, 0.09], "id": 1353, "camera_size": [37, 37], "camera_position": [256, 254], "world_position": [0.705, 0.6448569696296074, -0.15], "world_orientation": [1.0, -4.331917303826236e-17, -1.1712398707441946e-17, 4.331917303826236e-17, 1.0, -5.775889738434995e-17, 1.1712398707441946e-17, 5.775889738434995e-17, 1.0], "world_rotation": [-0.7896765794068324, 0.16013129347666225, -0.5922574345551229, -7.314247236221149e-17]}], "source": "action wait"}
{"timestamp": 1706069927.157261, "objects": [{"color": "cv_", "id_name": "hand", "shape": "CVCylinder", "id_string": "ob383", "world_size": [0.12, 0.005, 0.12], "id": 383, "camera_size": [51, 51], "camera_position": [246, 274], "world_position": [0.6565543207306248, 0.7342256846378986, -0.1740712546840317], "world_orientation": [-2.353005005646678e-05, 0.03872083116835158, 0.9992500671403375, -0.0007677194450759781, -0.9992497736408189, 0.03872080171724327, 0.9999997050265517, -0.0007662326046348632, 5.3239132210507085e-05], "world_rotation": [0.0, 1.0, 0.0, 0.0]}, {"color": "CVBlue", "id_name": "object67692848692563", "shape": "CVCylinder", "id_string": "ob1353", "world_size": [0.09, 0.09, 0.09], "id": 1353, "camera_size": [37, 37], "camera_position": [256, 254], "world_position": [0.705, 0.6448569696296074, -0.15], "world_orientation": [1.0, -4.331917303826236e-17, -1.1712398707441946e-17, 4.331917303826236e-17, 1.0, -5.775889738434995e-17, 1.1712398707441946e-17, 5.775889738434995e-17, 1.0], "world_rotation": [-0.7896765794068324, 0.16013129347666225, -0.5922574345551229, -7.314247236221149e-17]}], "source": "action wait"}
{"timestamp": 1706069927.188417, "objects": [{"color": "cv_", "id_name": "hand", "shape": "CVCylinder", "id_string": "ob383", "world_size": [0.12, 0.005, 0.12], "id": 383, "camera_size": [51, 51], "camera_position": [246, 268], "world_position": [0.6720587490544, 0.726621671526911, -0.17407836525936868], "world_orientation": [-2.2550656016406e-05, 0.026796234136250412, 0.9996409161932016, -0.0007652250932902332, -0.9996406242301503, 0.026796209047403628, 0.9999997069609694, -0.0007643460412582616, 4.30477026241525e-05], "world_rotation": [0.0, 1.0, 0.0, 0.0]}, {"color": "CVBlue", "id_name": "object67692848692563", "shape": "CVCylinder", "id_string": "ob1353", "world_size": [0.09, 0.09, 0.09], "id": 1353, "camera_size": [37, 37], "camera_position": [256, 254], "world_position": [0.705, 0.6448569696296074, -0.15], "world_orientation": [1.0, -4.331917303826236e-17, -1.1712398707441946e-17, 4.331917303826236e-17, 1.0, -5.775889738434995e-17, 1.1712398707441946e-17, 5.775889738434995e-17, 1.0], "world_rotation": [-0.7896765794068324, 0.16013129347666225, -0.5922574345551229, -7.314247236221149e-17]}], "source": "action wait"}
{"timestamp": 1706069927.22018, "objects": [{"color": "cv_", "id_name": "hand", "shape": "CVCylinder", "id_string": "ob383", "world_size": [0.12, 0.005, 0.12], "id": 383, "camera_size": [51, 50], "camera_position": [246, 263], "world_position": [0.6829125445638585, 0.7209953056879667, -0.17408437308666294], "world_orientation": [-2.0390149429104984e-05, 0.018389441038866167, 0.9998308997238082, -0.0007636660311188996, -0.9998306086743612, 0.01838942011182662, 0.9999997081991749, -0.0007631619319584972, 3.443008696767999e-05], "world_rotation": [0.0, 1.0, 0.0, 0.0]}, {"color": "CVBlue", "id_name": "object67692848692563", "shape": "CVCylinder", "id_string": "ob1353", "world_size": [0.09, 0.09, 0.09], "id": 1353, "camera_size": [37, 37], "camera_position": [256, 254], "world_position": [0.705, 0.6448569696296074, -0.15], "world_orientation": [1.0, -4.331917303826236e-17, -1.1712398707441946e-17, 4.331917303826236e-17, 1.0, -5.775889738434995e-17, 1.1712398707441946e-17, 5.775889738434995e-17, 1.0], "world_rotation": [-0.7896765794068324, 0.16013129347666225, -0.5922574345551229, -7.314247236221149e-17]}], "source": "action wait"}
{"timestamp": 1706069927.297455, "objects": [{"color": "cv_", "id_name": "hand", "shape": "CVCylinder", "id_string": "ob383", "world_size": [0.12, 0.005, 0.12], "id": 383, "camera_size": [50, 50], "camera_position": [245, 257], "world_position": [0.6958586389097673, 0.713970334053712, -0.17409312685778439], "world_orientation": [-1.537766246824668e-05, 0.008286686642826871, 0.9999656647045494, -0.0007623987196718817, -0.9999653743039665, 0.008286672511973252, 0.9999997092558176, -0.0007622451128340619, 2.16948892931609e-05], "world_rotation": [0.0, 1.0, 0.0, 0.0]}, {"color": "CVBlue", "id_name": "object67692848692563", "shape": "CVCylinder", "id_string": "ob1353", "world_size": [0.09, 0.09, 0.09], "id": 1353, "camera_size": [37, 37], "camera_position": [256, 254], "world_position": [0.705, 0.6448569696296074, -0.15], "world_orientation": [1.0, -4.331917303826236e-17, -1.1712398707441946e-17, 4.331917303826236e-17, 1.0, -5.775889738434995e-17, 1.1712398707441946e-17, 5.775889738434995e-17, 1.0], "world_rotation": [-0.7896765794068324, 0.16013129347666225, -0.5922574345551229, -7.314247236221149e-17]}], "source": "action wait"}
{"timestamp": 1706069927.320188, "objects": [{"color": "cv_", "id_name": "hand", "shape": "CVCylinder", "id_string": "ob383", "world_size": [0.12, 0.005, 0.12], "id": 383, "camera_size": [49, 50], "camera_position": [246, 256], "world_position": [0.6996085393404878, 0.711877239718539, -0.1740961420782336], "world_orientation": [-1.3151924926636862e-05, 0.005342649472021786, 0.999985727859976, -0.0007622700814886537, -0.9999854374762888, 0.005342637895119772, 0.9999997093856327, -0.0007621889362911788, 1.7224275250187805e-05], "world_rotation": [0.0, 1.0, 0.0, 0.0]}, {"color": "CVBlue", "id_name": "object67692848692563", "shape": "CVCylinder", "id_string": "ob1353", "world_size": [0.09, 0.09, 0.09], "id": 1353, "camera_size": [37, 37], "camera_position": [256, 254], "world_position": [0.705, 0.6448569696296074, -0.15], "world_orientation": [1.0, -4.331917303826236e-17, -1.1712398707441946e-17, 4.331917303826236e-17, 1.0, -5.775889738434995e-17, 1.1712398707441946e-17, 5.775889738434995e-17, 1.0], "world_rotation": [-0.7896765794068324, 0.16013129347666225, -0.5922574345551229, -7.314247236221149e-17]}], "source": "action wait"}
{"timestamp": 1706069927.356746, "objects": [{"color": "cv_", "id_name": "hand", "shape": "CVCylinder", "id_string": "ob383", "world_size": [0.12, 0.005, 0.12], "id": 383, "camera_size": [49, 50], "camera_position": [246, 255], "world_position": [0.7022446755677471, 0.7103928307113008, -0.17409846198256826], "world_orientation": [-1.1253414850234076e-05, 0.003267544161249445, 0.9999946615000077, -0.0007622918049276504, -0.9999943710484683, 0.0032675346337497856, 0.9999997093922401, -0.0007622509645104302, 1.3744173642032438e-05], "world_rotation": [0.0, 1.0, 0.0, 0.0]}, {"color": "CVBlue", "id_name": "object67692848692563", "shape": "CVCylinder", "id_string": "ob1353", "world_size": [0.09, 0.09, 0.09], "id": 1353, "camera_size": [37, 37], "camera_position": [256, 254], "world_position": [0.705, 0.6448569696296074, -0.15], "world_orientation": [1.0, -4.331917303826236e-17, -1.1712398707441946e-17, 4.331917303826236e-17, 1.0, -5.775889738434995e-17, 1.1712398707441946e-17, 5.775889738434995e-17, 1.0], "world_rotation": [-0.7896765794068324, 0.16013129347666225, -0.5922574345551229, -7.314247236221149e-17]}], "source": "action wait"}
{"timestamp": 1706069927.388326, "objects": [{"color": "cv_", "id_name": "hand", "shape": "CVCylinder", "id_string": "ob383", "world_size": [0.12, 0.005, 0.12], "id": 383, "camera_size": [49, 50], "camera_position": [246, 254], "world_position": [0.7040990225708896, 0.7093435970730158, -0.17410023051004123], "world_orientation": [-9.687408399666182e-06, 0.0018048745239330598, 0.999998371165727, -0.0007623848876384672, -0.9999980806110526, 0.0018048666139720592, 0.9999997093376765, -0.000762366161360217, 1.1063398867256707e-05], "world_rotation": [0.0, 1.0, 0.0, 0.0]}, {"color": "CVBlue", "id_name": "object67692848692563", "shape": "CVCylinder", "id_string": "ob1353", "world_size": [0.09, 0.09, 0.09], "id": 1353, "camera_size": [37, 37], "camera_position": [256, 254], "world_position": [0.705, 0.6448569696296074, -0.15], "world_orientation": [1.0, -4.331917303826236e-17, -1.1712398707441946e-17, 4.331917303826236e-17, 1.0, -5.775889738434995e-17, 1.1712398707441946e-17, 5.775889738434995e-17, 1.0], "world_rotation": [-0.7896765794068324, 0.16013129347666225, -0.5922574345551229, -7.314247236221149e-17]}], "source": "action wait"}
{"timestamp": 1706069927.417978, "objects": [{"color": "cv_", "id_name": "hand", "shape": "CVCylinder", "id_string": "ob383", "world_size": [0.12, 0.005, 0.12], "id": 383, "camera_size": [49, 50], "camera_position": [246, 253], "world_position": [0.7054040810097697, 0.7086035724447446, -0.17410156921148728], "world_orientation": [-8.425822377281743e-06, 0.0007738626686844346, 0.999999700532743, -0.0007625029744331279, -0.9999994098678638, 0.0007738560190334842, 0.9999997092590676, -0.0007624962257154387, 9.015889991972412e-06], "world_rotation": [0.0, 1.0, 0.0, 0.0]}, {"color": "CVBlue", "id_name": "object67692848692563", "shape": "CVCylinder", "id_string": "ob1353", "world_size": [0.09, 0.09, 0.09], "id": 1353, "camera_size": [37, 37], "camera_position": [256, 254], "world_position": [0.705, 0.6448569696296074, -0.15], "world_orientation": [1.0, -4.331917303826236e-17, -1.1712398707441946e-17, 4.331917303826236e-17, 1.0, -5.775889738434995e-17, 1.1712398707441946e-17, 5.775889738434995e-17, 1.0], "world_rotation": [-0.7896765794068324, 0.16013129347666225, -0.5922574345551229, -7.314247236221149e-17]}], "source": "action wait"}
{"timestamp": 1706069927.450305, "objects": [{"color": "cv_", "id_name": "hand", "shape": "CVCylinder", "id_string": "ob383", "world_size": [0.12, 0.005, 0.12], "id": 383, "camera_size": [49, 50], "camera_position": [246, 253], "world_position": [0.7063229173070782, 0.7080823586732735, -0.17410257692940517], "world_orientation": [-7.4270900879449726e-06, 4.709933008128148e-05, 0.9999999988632459, -0.0007626210084807392, -0.9999997080956501, 4.709365233176421e-05, 0.9999997091769756, -0.0007626206578453948, 7.463006858914688e-06], "world_rotation": [0.0, 1.0, 0.0, 0.0]}, {"color": "CVBlue", "id_name": "object67692848692563", "shape": "CVCylinder", "id_string": "ob1353", "world_size": [0.09, 0.09, 0.09], "id": 1353, "camera_size": [37, 37], "camera_position": [256, 254], "world_position": [0.705, 0.6448569696296074, -0.15], "world_orientation": [1.0, -4.331917303826236e-17, -1.1712398707441946e-17, 4.331917303826236e-17, 1.0, -5.775889738434995e-17, 1.1712398707441946e-17, 5.775889738434995e-17, 1.0], "world_rotation": [-0.7896765794068324, 0.16013129347666225, -0.5922574345551229, -7.314247236221149e-17]}], "source": "action wait"}
{"timestamp": 1706069927.484537, "objects": [{"color": "cv_", "id_name": "hand", "shape": "CVCylinder", "id_string": "ob383", "world_size": [0.12, 0.005, 0.12], "id": 383, "camera_size": [49, 50], "camera_position": [246, 253], "world_position": [0.7069700297159945, 0.7077155723093881, -0.17410333209367707], "world_orientation": [-6.646992309658975e-06, -0.00046521226086405904, 0.9999998917666791, -0.0007627269977348554, -0.9999996009101644, -0.00046521719539470034, 0.9999997091016299, -0.0007627300074778539, 6.292159706237704e-06], "world_rotation": [0.0, 1.0, 0.0, 0.0]}, {"color": "CVBlue", "id_name": "object67692848692563", "shape": "CVCylinder", "id_string": "ob1353", "world_size": [0.09, 0.09, 0.09], "id": 1353, "camera_size": [37, 37], "camera_position": [256, 254], "world_position": [0.705, 0.6448569696296074, -0.15], "world_orientation": [1.0, -4.331917303826236e-17, -1.1712398707441946e-17, 4.331917303826236e-17, 1.0, -5.775889738434995e-17, 1.1712398707441946e-17, 5.775889738434995e-17, 1.0], "world_rotation": [-0.7896765794068324, 0.16013129347666225, -0.5922574345551229, -7.314247236221149e-17]}], "source": "action wait"}
{"timestamp": 1706069927.519099, "objects": [{"color": "cv_", "id_name": "hand", "shape": "CVCylinder", "id_string": "ob383", "world_size": [0.12, 0.005, 0.12], "id": 383, "camera_size": [49, 49], "camera_position": [246, 253], "world_position": [0.707425885438137, 0.7074575865189279, -0.1741038958961106], "world_orientation": [-6.044108169788779e-06, -0.0008263614644299804, 0.9999996585450414, -0.0007628164970157497, -0.9999993676150497, -0.0008263658345632022, 0.9999997090371882, -0.000762821231193134, 5.41374219038439e-06], "world_rotation": [0.0, 1.0, 0.0, 0.0]}, {"color": "CVBlue", "id_name": "object67692848692563", "shape": "CVCylinder", "id_string": "ob1353", "world_size": [0.09, 0.09, 0.09], "id": 1353, "camera_size": [37, 37], "camera_position": [256, 254], "world_position": [0.705, 0.6448569696296074, -0.15], "world_orientation": [1.0, -4.331917303826236e-17, -1.1712398707441946e-17, 4.331917303826236e-17, 1.0, -5.775889738434995e-17, 1.1712398707441946e-17, 5.775889738434995e-17, 1.0], "world_rotation": [-0.7896765794068324, 0.16013129347666225, -0.5922574345551229, -7.314247236221149e-17]}], "source": "action wait"}
{"timestamp": 1706069927.551185, "objects": [{"color": "cv_", "id_name": "hand", "shape": "CVCylinder", "id_string": "ob383", "world_size": [0.12, 0.005, 0.12], "id": 383, "camera_size": [49, 50], "camera_position": [246, 252], "world_position": [0.7077470742690023, 0.7072761727106566, -0.17410431550365227], "world_orientation": [-5.5821750312994e-06, -0.0010809563951337346, 0.999999415750885, -0.0007628891157849697, -0.9999991247620882, -0.0010809603391700375, 0.9999997089844759, -0.0007628947041778579, 4.75752027744638e-06], "world_rotation": [0.0, 1.0, 0.0, 0.0]}, {"color": "CVBlue", "id_name": "object67692848692563", "shape": "CVCylinder", "id_string": "ob1353", "world_size": [0.09, 0.09, 0.09], "id": 1353, "camera_size": [37, 37], "camera_position": [256, 254], "world_position": [0.705, 0.6448569696296074, -0.15], "world_orientation": [1.0, -4.331917303826236e-17, -1.1712398707441946e-17, 4.331917303826236e-17, 1.0, -5.775889738434995e-17, 1.1712398707441946e-17, 5.775889738434995e-17, 1.0], "world_rotation": [-0.7896765794068324, 0.16013129347666225, -0.5922574345551229, -7.314247236221149e-17]}], "source": "action wait"}
{"timestamp": 1706069928.61748, "objects": [{"color": "cv_", "id_name": "hand", "shape": "CVCylinder", "id_string": "ob383", "world_size": [0.12, 0.005, 0.12], "id": 383, "camera_size": [49, 50], "camera_position": [246, 252], "world_position": [0.7085141362183177, 0.7068461519722429, -0.17410549923351615], "world_orientation": [-4.18690784312823e-06, -0.001689394134533537, 0.9999985729639459, -0.000763119493788055, -0.9999982817920053, -0.0016893968377438527, 0.9999997088155116, -0.000763125478138259, 2.8976910527596284e-06], "world_rotation": [0.0, 1.0, 0.0, 0.0]}, {"color": "CVBlue", "id_name": "object67692848692563", "shape": "CVCylinder", "id_string": "ob1353", "world_size": [0.09, 0.09, 0.09], "id": 1353, "camera_size": [37, 37], "camera_position": [256, 254], "world_position": [0.705, 0.6448569696296074, -0.15], "world_orientation": [1.0, -4.331917303826236e-17, -1.1712398707441946e-17, 4.331917303826236e-17, 1.0, -5.775889738434995e-17, 1.1712398707441946e-17, 5.775889738434995e-17, 1.0], "world_rotation": [-0.7896765794068324, 0.16013129347666225, -0.5922574345551229, -7.314247236221149e-17]}], "source": "action wait"}
{"timestamp": 1706069928.650335, "objects": [{"color": "cv_", "id_name": "hand", "shape": "CVCylinder", "id_string": "ob383", "world_size": [0.12, 0.005, 0.12], "id": 383, "camera_size": [51, 51], "camera_position": [246, 251], "world_position": [0.7113293673286031, 0.7302271928059849, -0.17409764552024956], "world_orientation": [1.8809729521156702e-05, 0.032469074957970565, 0.9994727404074449, -0.0007431525570207485, -0.9994724641380824, 0.03246907996890094, 0.9999997236851975, -0.0007433714573186928, 5.329669365177584e-06], "world_rotation": [0.0, 1.0, 0.0, 0.0]}, {"color": "CVBlue", "id_name": "object67692848692563", "shape": "CVCylinder", "id_string": "ob1353", "world_size": [0.09, 0.09, 0.09], "id": 1353, "camera_size": [38, 39], "camera_position": [252, 252], "world_position": [0.7105924650559795, 0.6743207107482853, -0.15866700210444926], "world_orientation": [0.9994273907748207, -0.03383623145733574, -3.1304275128015706e-06, 0.03383623153951446, 0.9994273902767327, 3.1620309064638084e-05, 2.0587229033062736e-06, -3.1708124854105464e-05, 0.9999999994951783], "world_rotation": [0.0009358076121156135, 7.668034971522266e-05, -0.9999995591920213, -0.033842706214584385]}], "source": "action wait"}
{"timestamp": 1706069928.679605, "objects": [{"color": "cv_", "id_name": "hand", "shape": "CVCylinder", "id_string": "ob383", "world_size": [0.12, 0.005, 0.12], "id": 383, "camera_size": [53, 53], "camera_position": [245, 249], "world_position": [0.715203273046211, 0.7866302458924744, -0.17410890987410613], "world_orientation": [8.120944543232617e-05, 0.11354356466480012, 0.993533015218033, -0.000725400903259523, -0.9935327504036239, 0.11354359369396466, 0.9999997335992423, -0.0007299305589339204, 1.6803606884357889e-06], "world_rotation": [0.0, 1.0, 0.0, 0.0]}, {"color": "CVBlue", "id_name": "object67692848692563", "shape": "CVCylinder", "id_string": "ob1353", "world_size": [0.09, 0.09, 0.09], "id": 1353, "camera_size": [39, 44], "camera_position": [250, 247], "world_position": [0.7189271585165935, 0.7346801585274746, -0.1642320159369311], "world_orientation": [0.9934003837969603, -0.11469820161807878, -4.198920209053214e-06, 0.11469820167971917, 0.9934003824031608, 5.2656364877583136e-05, -1.8683814138503434e-06, -5.2790461675718896e-05, 0.9999999986048383], "world_rotation": [0.00045967074414266813, 1.0159438052910413e-05, -0.9999998942997907, -0.1149512032020793]}], "source": "action wait"}
{"timestamp": 1706069928.710105, "objects": [{"color": "cv_", "id_name": "hand", "shape": "CVCylinder", "id_string": "ob383", "world_size": [0.12, 0.005, 0.12], "id": 383, "camera_size": [56, 55], "camera_position": [244, 250], "world_position": [0.713463520706648, 0.8567427135663553, -0.17411226948799968], "world_orientation": [0.00015623770820888432, 0.212609349989421, 0.9771372676788327, -0.0007212344439464247, -0.9771370015039794, 0.2126094073946149, 0.9999997277052907, -0.0007379626604689347, 6.755405967820359e-07], "world_rotation": [0.0, 1.0, 0.0, 0.0]}, {"color": "CVBlue", "id_name": "object67692848692563", "shape": "CVCylinder", "id_string": "ob1353", "world_size": [0.09, 0.09, 0.09], "id": 1353, "camera_size": [41, 49], "camera_position": [248, 246], "world_position": [0.7222058148412057, 0.8077942334881572, -0.1677903280063153], "world_orientation": [0.976917642257996, -0.2136162919492908, -7.675529694753498e-06, 0.21361629206611557, 0.9769176410263164, 4.914775290852531e-05, -3.000400370933138e-06, -4.965292508671173e-05, 0.9999999987627923], "world_rotation": [0.0002312573503144378, 1.0942819844375422e-05, -0.999999973200146, -0.21527521393203666]}], "source": "action wait"}
{"timestamp": 1706069928.740906, "objects": [{"color": "cv_", "id_name": "hand", "shape": "CVCylinder", "id_string": "ob383", "world_size": [0.12, 0.005, 0.12], "id": 383, "camera_size": [59, 57], "camera_position": [244, 254], "world_position": [0.704283996706259, 0.9262866007495743, -0.17411319802296274], "world_orientation": [0.00023142225550153874, 0.3095451785093619, 0.950884708524302, -0.0007096321027212978, -0.950884443730036, 0.30954526501708773, 0.9999997214329706, -0.0007464139785659318, -3.926267760605274e-07], "world_rotation": [0.0, 1.0, 0.0, 0.0]}, {"color": "CVBlue", "id_name": "object67692848692563", "shape": "CVCylinder", "id_string": "ob1353", "world_size": [0.09, 0.09, 0.09], "id": 1353, "camera_size": [44, 56], "camera_position": [246, 247], "world_position": [0.7177810225563804, 0.8799770575312026, -0.1700664440678683], "world_orientation": [0.9505913651532925, -0.31044493295721803, -9.858427567010839e-06, 0.31044493308656423, 0.9505913641704958, 4.3420671663031916e-05, -4.108391393886479e-06, -4.433581443841381e-05, 0.9999999990087284], "world_rotation": [0.00014133985755042204, 9.26095984152882e-06, -0.9999999899686396, -0.3156610591531095]}], "source": "action wait"}
{"timestamp": 1706069928.76905, "objects": [{"color": "cv_", "id_name": "hand", "shape": "CVCylinder", "id_string": "ob383", "world_size": [0.12, 0.005, 0.12], "id": 383, "camera_size": [63, 58], "camera_position": [243, 262], "world_position": [0.6879214655378161, 0.9944873703297439, -0.17411364795219286], "world_orientation": [0.000305254399416101, 0.40335358066206006, 0.9150441496380635, -0.0006875246512919237, -0.9150438913520614, 0.4033536961639634, 0.9999997170647628, -0.000752240900171618, -2.005643601514444e-06], "world_rotation": [0.0, 1.0, 0.0, 0.0]}, {"color": "CVBlue", "id_name": "object67692848692563", "shape": "CVCylinder", "id_string": "ob1353", "world_size": [0.09, 0.09, 0.09], "id": 1353, "camera_size": [47, 61], "camera_position": [245, 253], "world_position": [0.7059239464241681, 0.9507347347481485, -0.17152294779816513], "world_orientation": [0.914683860525814, -0.40417005724010474, -1.1141092371765751e-05, 0.404170057353154, 0.9146838596963798, 3.937107823927851e-05, -5.722033573733238e-06, -4.0514985779840486e-05, 0.9999999991628972], "world_rotation": [9.882729087050696e-05, 6.703933992158713e-06, -0.9999999950941119, -0.4160712959925235]}], "source": "action wait"}
{"timestamp": 1706069928.805012, "objects": [{"color": "cv_", "id_name": "hand", "shape": "CVCylinder", "id_string": "ob383", "world_size": [0.12, 0.005, 0.12], "id": 383, "camera_size": [67, 60], "camera_position": [243, 275], "world_position": [0.6646391242511065, 1.0606579103988627, -0.1741140713617059], "world_orientation": [0.0003764256618564218, 0.493091372781738, 0.8699774459099167, -0.0006562035574042537, -0.8699771984392168, 0.49309151644775157, 0.9999997138502653, -0.000756494595302329, -3.91342977726586e-06], "world_rotation": [0.0, 1.0, 0.0, 0.0]}, {"color": "CVBlue", "id_name": "object67692848692563", "shape": "CVCylinder", "id_string": "ob1353", "world_size": [0.09, 0.09, 0.09], "id": 1353, "camera_size": [50, 68], "camera_position": [243, 263], "world_position": [0.6868931341195127, 1.0195519628766565, -0.1724552151146153], "world_orientation": [0.8695541570717424, -0.49383759251109716, -1.1920357219601512e-05, 0.4938375925962696, 0.8695541563429051, 3.6407408819517124e-05, -7.613950955600977e-06, -3.754493419943711e-05, 0.9999999992662029], "world_rotation": [7.487516536412023e-05, 4.360144222333564e-06, -0.9999999971873494, -0.5164975394433823]}], "source": "action wait"}
{"timestamp": 1706069928.839989, "objects": [{"color": "cv_", "id_name": "hand", "shape": "CVCylinder", "id_string": "ob383", "world_size": [0.12, 0.005, 0.12], "id": 383, "camera_size": [71, 60], "camera_position": [242, 290], "world_position": [0.6410900955633586, 1.1105830341627292, -0.1741135987929645], "world_orientation": [0.00043706468488780026, 0.5600870655591338, 0.8284336352224114, -0.0006354877051788579, -0.8284333915053312, 0.5600872360573409, 0.9999997025648747, -0.000771253741077651, -6.1505352157735446e-06], "world_rotation": [0.0, 1.0, 0.0, 0.0]}, {"color": "CVBlue", "id_name": "object67692848692563", "shape": "CVCylinder", "id_string": "ob1353", "world_size": [0.09, 0.09, 0.09], "id": 1353, "camera_size": [52, 72], "camera_position": [242, 275], "world_position": [0.6664486193505486, 1.0718762343162964, -0.17305163090667022], "world_orientation": [0.8279652924535162, -0.5607793456130927, -5.110276022639149e-06, 0.5607793455504553, 0.8279652921327546, 2.505046126335954e-05, -9.816650094609454e-06, -2.3606649729570724e-05, 0.9999999996731799], "world_rotation": [-4.338347277772304e-05, 4.196279788637101e-06, 0.9999999990501327, 0.5953267790109149]}], "source": "action wait"}
{"timestamp": 1706069928.87316, "objects": [{"color": "cv_", "id_name": "hand", "shape": "CVCylinder", "id_string": "ob383", "world_size": [0.12, 0.005, 0.12], "id": 383, "camera_size": [73, 61], "camera_position": [241, 303], "world_position": [0.6217660237536725, 1.1443474631822537, -0.17411470202193652], "world_orientation": [0.0004789300043057586, 0.6052810178354792, 0.7960117210657748, -0.0006136325140997081, -0.7960114846065621, 0.6052812072331297, 0.9999996970405485, -0.0007783460048368544, -9.813671038328508e-06], "world_rotation": [0.0, 1.0, 0.0, 0.0]}, {"color": "CVBlue", "id_name": "object67692848692563", "shape": "CVCylinder", "id_string": "ob1353", "world_size": [0.09, 0.09, 0.09], "id": 1353, "camera_size": [54, 76], "camera_position": [241, 286], "world_position": [0.6491651588933591, 1.1075312515721862, -0.1734346139579692], "world_orientation": [0.795514200635063, -0.6059349441877524, 3.775742980714787e-07, 0.6059349440385463, 0.7955142004526994, 2.170498119828074e-05, -1.345217228681828e-05, -1.7037835306577033e-05, 0.9999999997643756], "world_rotation": [-3.1969452215073024e-05, 1.1411907096035878e-05, 0.9999999994238613, 0.6509406127319901]}], "source": "action wait"}
{"timestamp": 1706069928.907571, "objects": [{"color": "cv_", "id_name": "hand", "shape": "CVCylinder", "id_string": "ob383", "world_size": [0.12, 0.005, 0.12], "id": 383, "camera_size": [75, 61], "camera_position": [241, 313], "world_position": [0.6068812153803291, 1.167359179462246, -0.17411636509326014], "world_orientation": [0.0005068704235067932, 0.6360398229259523, 0.7716560676458761, -0.0005938577275247228, -0.77165583924933, 0.6360400247511251, 0.9999996952076402, -0.0007806437954757671, -1.3412358183253214e-05], "world_rotation": [0.0, 1.0, 0.0, 0.0]}, {"color": "CVBlue", "id_name": "object67692848692563", "shape": "CVCylinder", "id_string": "ob1353", "world_size": [0.09, 0.09, 0.09], "id": 1353, "camera_size": [56, 78], "camera_position": [241, 295], "world_position": [0.6356400777169665, 1.1319585079997316, -0.17368056767509432], "world_orientation": [0.7711390573519272, -0.6366667528730191, 3.536598500362976e-06, 0.636666752655035, 0.7711390572127064, 2.246755651238875e-05, -1.7031555483043376e-05, -1.5073975667293852e-05, 0.9999999997413507], "world_rotation": [-2.9482874671471153e-05, 1.615299831700733e-05, 0.9999999994349202, 0.690168013687193]}], "source": "action wait"}
{"timestamp": 1706069928.93566, "objects": [{"color": "cv_", "id_name": "hand", "shape": "CVCylinder", "id_string": "ob383", "world_size": [0.12, 0.005, 0.12], "id": 383, "camera_size": [76, 62], "camera_position": [240, 320], "world_position": [0.5958034443409193, 1.1831692993869851, -0.1741179655439547], "world_orientation": [0.0005252351214119225, 0.6571480528643798, 0.7537613420338173, -0.0005775796534813427, -0.7537611209219885, 0.6571482625619364, 0.9999996952648591, -0.0007805145622119118, -1.6346469203186303e-05], "world_rotation": [0.0, 1.0, 0.0, 0.0]}, {"color": "CVBlue", "id_name": "object67692848692563", "shape": "CVCylinder", "id_string": "ob1353", "world_size": [0.09, 0.09, 0.09], "id": 1353, "camera_size": [57, 80], "camera_position": [241, 302], "world_position": [0.6254810260310402, 1.1487988424943707, -0.17383843536456212], "world_orientation": [0.753231004994368, -0.657756074157641, 4.889012230225704e-06, 0.6577560738731735, 0.7532310048524711, 2.4736312940553172e-05, -1.995301568382204e-05, -1.5416380366396867e-05, 0.9999999996821062], "world_rotation": [-3.0522480040333815e-05, 1.8883921319337592e-05, 0.9999999993558878, 0.7178358044557355]}], "source": "action wait"}
{"timestamp": 1706069928.966657, "objects": [{"color": "cv_", "id_name": "hand", "shape": "CVCylinder", "id_string": "ob383", "world_size": [0.12, 0.005, 0.12], "id": 383, "camera_size": [77, 63], "camera_position": [241, 326], "world_position": [0.5877255849671071, 1.1941069987968786, -0.1741192820053555], "world_orientation": [0.0005372417884438591, 0.6717337665647015, 0.7407924528692634, -0.0005648027809585257, -0.7407922377909826, 0.671733981146143, 0.9999996961844937, -0.0007792852028831504, -1.85874472761487e-05], "world_rotation": [0.0, 1.0, 0.0, 0.0]}, {"color": "CVBlue", "id_name": "object67692848692563", "shape": "CVCylinder", "id_string": "ob1353", "world_size": [0.09, 0.09, 0.09], "id": 1353, "camera_size": [57, 82], "camera_position": [241, 307], "world_position": [0.6180315058334087, 1.1604738254472424, -0.1739397068551943], "world_orientation": [0.740252852030914, -0.6723285766897569, 5.140393594156548e-06, 0.6723285763433497, 0.7402528518585356, 2.733916044527532e-05, -2.2186089847814587e-05, -1.6781857984742058e-05, 0.9999999996130734], "world_rotation": [-3.281209511110906e-05, 2.032226828971116e-05, 0.999999999255186, 0.7373499626768188]}], "source": "action wait"}
{"timestamp": 1706069928.998551, "objects": [{"color": "cv_", "id_name": "hand", "shape": "CVCylinder", "id_string": "ob383", "world_size": [0.12, 0.005, 0.12], "id": 383, "camera_size": [78, 62], "camera_position": [240, 330], "world_position": [0.5819096600540973, 1.201715725187205, -0.1741202800649406], "world_orientation": [0.000545042757893812, 0.6818672982527954, 0.7314756937190913, -0.0005550796728937082, -0.7314754833869758, 0.6818675157905287, 0.9999996974074287, -0.00077767424012398, -2.019473792535403e-05], "world_rotation": [0.0, 1.0, 0.0, 0.0]}, {"color": "CVBlue", "id_name": "object67692848692563", "shape": "CVCylinder", "id_string": "ob1353", "world_size": [0.09, 0.09, 0.09], "id": 1353, "camera_size": [58, 83], "camera_position": [240, 311], "world_position": [0.612649543881936, 1.168604793285966, -0.17400463612884903], "world_orientation": [0.730929582261002, -0.6824528890355325, 4.776242283831575e-06, 0.6824528886376389, 0.7309295820429986, 2.9742055168711136e-05, -2.3788648251998213e-05, -1.847978761661561e-05, 0.9999999995462989], "world_rotation": [-3.532979604414729e-05, 2.0928104327057007e-05, 0.9999999991569098, 0.7511132490556169]}], "source": "action wait"}
