{"timestamp": 1706069691.700379, "objects": [{"color": "cv_", "id_name": "hand", "shape": "CVCylinder", "id_string": "ob383", "world_size": [0.12, 0.005, 0.12], "id": 383, "camera_size": [48, 50], "camera_position": [246, 426], "world_position": [0.2676445155579764, 0.6334703012687586, -0.17389260400876871], "world_orientation": [-0.0006415518595459164, 0.19791547470500717, 0.9802188802933267, -0.0007473676658907703, -0.9802189031575583, 0.19791499017044042, 0.9999995149262741, -0.0006056111666513204, 0.0007767768864571639], "world_rotation": [0.0, 1.0, 0.0, 0.0]}, {"color": "CVPurple", "id_name": "object259314893918984", "shape": "CVSphere", "id_string": "ob1276", "world_size": [0.09, 0.09, 0.09], "id": 1276, "camera_size": [37, 37], "camera_position": [256, 254], "world_position": [0.705, 0.6448569696296074, -0.15], "world_orientation": [1.0, -4.331917303826236e-17, -1.1712398707441946e-17, 4.331917303826236e-17, 1.0, -5.775889738434995e-17, 1.1712398707441946e-17, 5.775889738434995e-17, 1.0], "world_rotation": [-0.7896765794068324, 0.16013129347666225, -0.5922574345551229, -7.314247236221149e-17]}], "source": "action wait"}
{"timestamp": 1706069691.731808, "objects": [{"color": "cv_", "id_name": "hand", "shape": "CVCylinder", "id_string": "ob383", "world_size": [0.12, 0.005, 0.12], "id": 383, "camera_size": [49, 51], "camera_position": [246, 421], "world_position": [0.29113199573991133, 0.6677895856885361, -0.17395602196453716], "world_orientation": [-0.00038290629493737793, 0.1983870649038867, 0.9801236788597602, -0.0007151388427640359, -0.9801235544065872, 0.1983867603289942, 0.9999996709795484, -0.0006249609741034761, 0.000517169774813828], "world_rotation": [0.0, 1.0, 0.0, 0.0]}, {"color": "CVPurple", "id_name": "object259314893918984", "shape": "CVSphere", "id_string": "ob1276", "world_size": [0.09, 0.09, 0.09], "id": 1276, "camera_size": [37, 37], "camera_position": [256, 254], "world_position": [0.705, 0.6448569696296074, -0.15], "world_orientation": [1.0, -4.331917303826236e-17, -1.1712398707441946e-17, 4.331917303826236e-17, 1.0, -5.775889738434995e-17, 1.1712398707441946e-17, 5.775889738434995e-17, 1.0], "world_rotation": [-0.7896765794068324, 0.16013129347666225, -0.5922574345551229, -7.314247236221149e-17]}], "source": "action wait"}
{"timestamp": 1706069691.762624, "objects": [{"color": "cv_", "id_name": "hand", "shape": "CVCylinder", "id_string": "ob383", "world_size": [0.12, 0.005, 0.12], "id": 383, "camera_size": [51, 52], "camera_position": [246, 406], "world_position": [0.33719248049403616, 0.7058261301921438, -0.17398377359790354], "world_orientation": [-0.00022334919661246895, 0.1869371547731109, 0.982371849291535, -0.0007314695874917518, -0.9823716415268088, 0.18693694893242935, 0.9999997075336468, -0.0006768229140038364, 0.00035615076039908035], "world_rotation": [0.0, 1.0, 0.0, 0.0]}, {"color": "CVPurple", "id_name": "object259314893918984", "shape": "CVSphere", "id_string": "ob1276", "world_size": [0.09, 0.09, 0.09], "id": 1276, "camera_size": [37, 37], "camera_position": [256, 254], "world_position": [0.705, 0.6448569696296074, -0.15], "world_orientation": [1.0, -4.331917303826236e-17, -1.1712398707441946e-17, 4.331917303826236e-17, 1.0, -5.775889738434995e-17, 1.1712398707441946e-17, 5.775889738434995e-17, 1.0], "world_rotation": [-0.7896765794068324, 0.16013129347666225, -0.5922574345551229, -7.314247236221149e-17]}], "source": "action wait"}
{"timestamp": 1706069691.785394, "objects": [{"color": "cv_", "id_name": "hand", "shape": "CVCylinder", "id_string": "ob383", "world_size": [0.12, 0.005, 0.12], "id": 383, "camera_size": [51, 53], "camera_position": [246, 388], "world_position": [0.38777291570001615, 0.7390474321687404, -0.17400423422284805], "world_orientation": [-0.00011987808497797204, 0.17877792761991018, 0.9838894441069965, -0.0007426823008809615, -0.9838891957480139, 0.17877779200260427, 0.9999997170260824, -0.0007092857368203207, 0.0002507219552486974], "world_rotation": [0.0, 1.0, 0.0, 0.0]}, {"color": "CVPurple", "id_name": "object259314893918984", "shape": "CVSphere", "id_string": "ob1276", "world_size": [0.09, 0.09, 0.09], "id": 1276, "camera_size": [37, 37], "camera_position": [256, 254], "world_position": [0.705, 0.6448569696296074, -0.15], "world_orientation": [1.0, -4.331917303826236e-17, -1.1712398707441946e-17, 4.331917303826236e-17, 1.0, -5.775889738434995e-17, 1.1712398707441946e-17, 5.775889738434995e-17, 1.0], "world_rotation": [-0.7896765794068324, 0.16013129347666225, -0.5922574345551229, -7.314247236221149e-17]}], "source": "action wait"}
{"timestamp": 1706069691.816438, "objects": [{"color": "cv_", "id_name": "hand", "shape": "CVCylinder", "id_string": "ob383", "world_size": [0.12, 0.005, 0.12], "id": 383, "camera_size": [52, 54], "camera_position": [245, 367], "world_position": [0.44190232946143954, 0.767028721974971, -0.17402268698499748], "world_orientation": [-4.703147727251396e-05, 0.17301356842391413, 0.9849194398169141, -0.0007500429702138085, -0.9849191699690029, 0.17301348520596216, 0.9999997176117518, -0.0007305948222645752, 0.00017608981430604462], "world_rotation": [0.0, 1.0, 0.0, 0.0]}, {"color": "CVPurple", "id_name": "object259314893918984", "shape": "CVSphere", "id_string": "ob1276", "world_size": [0.09, 0.09, 0.09], "id": 1276, "camera_size": [37, 37], "camera_position": [256, 254], "world_position": [0.705, 0.6448569696296074, -0.15], "world_orientation": [1.0, -4.331917303826236e-17, -1.1712398707441946e-17, 4.331917303826236e-17, 1.0, -5.775889738434995e-17, 1.1712398707441946e-17, 5.775889738434995e-17, 1.0], "world_rotation": [-0.7896765794068324, 0.16013129347666225, -0.5922574345551229, -7.314247236221149e-17]}], "source": "action wait"}
{"timestamp": 1706069691.84966, "objects": [{"color": "cv_", "id_name": "hand", "shape": "CVCylinder", "id_string": "ob383", "world_size": [0.12, 0.005, 0.12], "id": 383, "camera_size": [52, 54], "camera_position": [245, 343], "world_position": [0.49918880052813214, 0.7798220752206155, -0.17403773916352147], "world_orientation": [-5.18519864720034e-06, 0.15516129357984898, 0.9878891501316035, -0.000764600006087928, -0.9878888619934911, 0.15516124431067252, 0.9999997076799294, -0.0007545355083310553, 0.0001237587260069726], "world_rotation": [0.0, 1.0, 0.0, 0.0]}, {"color": "CVPurple", "id_name": "object259314893918984", "shape": "CVSphere", "id_string": "ob1276", "world_size": [0.09, 0.09, 0.09], "id": 1276, "camera_size": [37, 37], "camera_position": [256, 254], "world_position": [0.705, 0.6448569696296074, -0.15], "world_orientation": [1.0, -4.331917303826236e-17, -1.1712398707441946e-17, 4.331917303826236e-17, 1.0, -5.775889738434995e-17, 1.1712398707441946e-17, 5.775889738434995e-17, 1.0], "world_rotation": [-0.7896765794068324, 0.16013129347666225, -0.5922574345551229, -7.314247236221149e-17]}], "source": "action wait"}
{"timestamp": 1706069691.883822, "objects": [{"color": "cv_", "id_name": "hand", "shape": "CVCylinder", "id_string": "ob383", "world_size": [0.12, 0.005, 0.12], "id": 383, "camera_size": [52, 52], "camera_position": [245, 317], "world_position": [0.5577632489690761, 0.7698820253248579, -0.17404952784262506], "world_orientation": [-2.0988670441948832e-07, 0.11470458682791518, 0.9933996465474474, -0.0007769712472620309, -0.9933993467162349, 0.11470455204323313, 0.9999996981577729, -0.0007718188874475147, 8.933066720981966e-05], "world_rotation": [0.0, 1.0, 0.0, 0.0]}, {"color": "CVPurple", "id_name": "object259314893918984", "shape": "CVSphere", "id_string": "ob1276", "world_size": [0.09, 0.09, 0.09], "id": 1276, "camera_size": [37, 37], "camera_position": [256, 254], "world_position": [0.705, 0.6448569696296074, -0.15], "world_orientation": [1.0, -4.331917303826236e-17, -1.1712398707441946e-17, 4.331917303826236e-17, 1.0, -5.775889738434995e-17, 1.1712398707441946e-17, 5.775889738434995e-17, 1.0], "world_rotation": [-0.7896765794068324, 0.16013129347666225, -0.5922574345551229, -7.314247236221149e-17]}], "source": "action wait"}
{"timestamp": 1706069691.922338, "objects": [{"color": "cv_", "id_name": "hand", "shape": "CVCylinder", "id_string": "ob383", "world_size": [0.12, 0.005, 0.12], "id": 383, "camera_size": [52, 52], "camera_position": [245, 297], "world_position": [0.6028795724731525, 0.7553227495472996, -0.1740551580450716], "world_orientation": [-1.540682420016876e-05, 0.08044647070739352, 0.9967589302902454, -0.0007750374667248087, -0.9967586320009919, 0.08044643465335655, 0.9999996995397323, -0.000771286092191598, 7.770591387764209e-05], "world_rotation": [0.0, 1.0, 0.0, 0.0]}, {"color": "CVPurple", "id_name": "object259314893918984", "shape": "CVSphere", "id_string": "ob1276", "world_size": [0.09, 0.09, 0.09], "id": 1276, "camera_size": [37, 37], "camera_position": [256, 254], "world_position": [0.705, 0.6448569696296074, -0.15], "world_orientation": [1.0, -4.331917303826236e-17, -1.1712398707441946e-17, 4.331917303826236e-17, 1.0, -5.775889738434995e-17, 1.1712398707441946e-17, 5.775889738434995e-17, 1.0], "world_rotation": [-0.7896765794068324, 0.16013129347666225, -0.5922574345551229, -7.314247236221149e-17]}], "source": "action wait"}
{"timestamp": 1706069691.963952, "objects": [{"color": "cv_", "id_name": "hand", "shape": "CVCylinder", "id_string": "ob383", "world_size": [0.12, 0.005, 0.12], "id": 383, "camera_size": [51, 51], "camera_position": [246, 284], "world_position": [0.6344975215417794, 0.7426103739810399, -0.174062839902526], "world_orientation": [-2.2265793386162775e-05, 0.05623460624564817, 0.9984175822593627, -0.0007711202569933547, -0.9984172866295832, 0.05623457239785863, 0.9999997024388476, -0.0007686479152487079, 6.559419703771604e-05], "world_rotation": [0.0, 1.0, 0.0, 0.0]}, {"color": "CVPurple", "id_name": "object259314893918984", "shape": "CVSphere", "id_string": "ob1276", "world_size": [0.09, 0.09, 0.09], "id": 1276, "camera_size": [37, 37], "camera_position": [256, 254], "world_position": [0.705, 0.6448569696296074, -0.15], "world_orientation": [1.0, -4.331917303826236e-17, -1.1712398707441946e-17, 4.331917303826236e-17, 1.0, -5.775889738434995e-17, 1.1712398707441946e-17, 5.775889738434995e-17, 1.0], "world_rotation": [-0.7896765794068324, 0.16013129347666225, -0.5922574345551229, -7.314247236221149e-17]}], "source": "action wait"}
{"timestamp": 1706069691.997481, "objects": [{"color": "cv_", "id_name": "hand", "shape": "CVCylinder", "id_string": "ob383", "world_size": [0.12, 0.005, 0.12], "id": 383, "camera_size": [51, 51], "camera_position": [246, 274], "world_position": [0.6565988530141932, 0.7324652696837171, -0.17407070505573524], "world_orientation": [-2.403825608246397e-05, 0.03914792602115062, 0.9992334258372289, -0.000767630297709452, -0.9992331324459769, 0.039147896060030864, 0.9999997050829008, -0.000766100805006434, 5.407095603052072e-05], "world_rotation": [0.0, 1.0, 0.0, 0.0]}, {"color": "CVPurple", "id_name": "object259314893918984", "shape": "CVSphere", "id_string": "ob1276", "world_size": [0.09, 0.09, 0.09], "id": 1276, "camera_size": [37, 37], "camera_position": [256, 254], "world_position": [0.705, 0.6448569696296074, -0.15], "world_orientation": [1.0, -4.331917303826236e-17, -1.1712398707441946e-17, 4.331917303826236e-17, 1.0, -5.775889738434995e-17, 1.1712398707441946e-17, 5.775889738434995e-17, 1.0], "world_rotation": [-0.7896765794068324, 0.16013129347666225, -0.5922574345551229, -7.314247236221149e-17]}], "source": "action wait"}
{"timestamp": 1706069692.029186, "objects": [{"color": "cv_", "id_name": "hand", "shape": "CVCylinder", "id_string": "ob383", "world_size": [0.12, 0.005, 0.12], "id": 383, "camera_size": [51, 50], "camera_position": [246, 267], "world_position": [0.67205099718175, 0.7247491508806405, -0.1740777968014673], "world_orientation": [-2.3156325177981696e-05, 0.027097742996687612, 0.9996327884719819, -0.0007651467958280894, -0.999632496602748, 0.027097717360288487, 0.9999997070070399, -0.00076423834154962, 4.38815663782735e-05], "world_rotation": [0.0, 1.0, 0.0, 0.0]}, {"color": "CVPurple", "id_name": "object259314893918984", "shape": "CVSphere", "id_string": "ob1276", "world_size": [0.09, 0.09, 0.09], "id": 1276, "camera_size": [37, 37], "camera_position": [256, 254], "world_position": [0.705, 0.6448569696296074, -0.15], "world_orientation": [1.0, -4.331917303826236e-17, -1.1712398707441946e-17, 4.331917303826236e-17, 1.0, -5.775889738434995e-17, 1.1712398707441946e-17, 5.775889738434995e-17, 1.0], "world_rotation": [-0.7896765794068324, 0.16013129347666225, -0.5922574345551229, -7.314247236221149e-17]}], "source": "action wait"}
{"timestamp": 1706069692.059075, "objects": [{"color": "cv_", "id_name": "hand", "shape": "CVCylinder", "id_string": "ob383", "world_size": [0.12, 0.005, 0.12], "id": 383, "camera_size": [51, 50], "camera_position": [246, 263], "world_position": [0.6828663067884184, 0.7190448813879207, -0.17408378840708064], "world_orientation": [-2.1069039170641815e-05, 0.018602270371509095, 0.9998269625755855, -0.0007636011895314265, -0.9998266716037958, 0.018602248866709057, 0.9999997082346169, -0.0007630771264385923, 3.527010309191337e-05], "world_rotation": [0.0, 1.0, 0.0, 0.0]}, {"color": "CVPurple", "id_name": "object259314893918984", "shape": "CVSphere", "id_string": "ob1276", "world_size": [0.09, 0.09, 0.09], "id": 1276, "camera_size": [37, 37], "camera_position": [256, 254], "world_position": [0.705, 0.6448569696296074, -0.15], "world_orientation": [1.0, -4.331917303826236e-17, -1.1712398707441946e-17, 4.331917303826236e-17, 1.0, -5.775889738434995e-17, 1.1712398707441946e-17, 5.775889738434995e-17, 1.0], "world_rotation": [-0.7896765794068324, 0.16013129347666225, -0.5922574345551229, -7.314247236221149e-17]}], "source": "action wait"}
{"timestamp": 1706069692.08222, "objects": [{"color": "cv_", "id_name": "hand", "shape": "CVCylinder", "id_string": "ob383", "world_size": [0.12, 0.005, 0.12], "id": 383, "camera_size": [50, 51], "camera_position": [245, 260], "world_position": [0.6904460268942554, 0.7149020582309167, -0.1740886583516145], "world_orientation": [-1.8593034866787368e-05, 0.012613792683175279, 0.9999204427795468, -0.0007627512827431356, -0.9999201522596112, 0.01261377483533629, 0.9999997089323475, -0.0007624560720162046, 2.8212736804683326e-05], "world_rotation": [0.0, 1.0, 0.0, 0.0]}, {"color": "CVPurple", "id_name": "object259314893918984", "shape": "CVSphere", "id_string": "ob1276", "world_size": [0.09, 0.09, 0.09], "id": 1276, "camera_size": [37, 37], "camera_position": [256, 254], "world_position": [0.705, 0.6448569696296074, -0.15], "world_orientation": [1.0, -4.331917303826236e-17, -1.1712398707441946e-17, 4.331917303826236e-17, 1.0, -5.775889738434995e-17, 1.1712398707441946e-17, 5.775889738434995e-17, 1.0], "world_rotation": [-0.7896765794068324, 0.16013129347666225, -0.5922574345551229, -7.314247236221149e-17]}], "source": "action wait"}
{"timestamp": 1706069692.115278, "objects": [{"color": "cv_", "id_name": "hand", "shape": "CVCylinder", "id_string": "ob383", "world_size": [0.12, 0.005, 0.12], "id": 383, "camera_size": [49, 50], "camera_position": [246, 257], "world_position": [0.6957645376377746, 0.7119274774752666, -0.17409251836068892], "world_orientation": [-1.6158429074907034e-05, 0.00839275129445745, 0.999964780112087, -0.0007623585039140925, -0.9999644897609643, 0.008392736538577519, 0.9999997092741661, -0.000762196040295263, 2.2556140606161065e-05], "world_rotation": [0.0, 1.0, 0.0, 0.0]}, {"color": "CVPurple", "id_name": "object259314893918984", "shape": "CVSphere", "id_string": "ob1276", "world_size": [0.09, 0.09, 0.09], "id": 1276, "camera_size": [37, 37], "camera_position": [256, 254], "world_position": [0.705, 0.6448569696296074, -0.15], "world_orientation": [1.0, -4.331917303826236e-17, -1.1712398707441946e-17, 4.331917303826236e-17, 1.0, -5.775889738434995e-17, 1.1712398707441946e-17, 5.775889738434995e-17, 1.0], "world_rotation": [-0.7896765794068324, 0.16013129347666225, -0.5922574345551229, -7.314247236221149e-17]}], "source": "action wait"}
{"timestamp": 1706069692.149541, "objects": [{"color": "cv_", "id_name": "hand", "shape": "CVCylinder", "id_string": "ob383", "world_size": [0.12, 0.005, 0.12], "id": 383, "camera_size": [49, 50], "camera_position": [246, 256], "world_position": [0.6995002022861784, 0.7098076715787806, -0.17409552541130438], "world_orientation": [-1.3968242498399507e-05, 0.005417545281317096, 0.9999853248963273, -0.0007622393582021879, -0.9999850345513644, 0.005417533061036964, 0.9999997093979822, -0.0007621524988454106, 1.8097499696012504e-05], "world_rotation": [0.0, 1.0, 0.0, 0.0]}, {"color": "CVPurple", "id_name": "object259314893918984", "shape": "CVSphere", "id_string": "ob1276", "world_size": [0.09, 0.09, 0.09], "id": 1276, "camera_size": [37, 37], "camera_position": [256, 254], "world_position": [0.705, 0.6448569696296074, -0.15], "world_orientation": [1.0, -4.331917303826236e-17, -1.1712398707441946e-17, 4.331917303826236e-17, 1.0, -5.775889738434995e-17, 1.1712398707441946e-17, 5.775889738434995e-17, 1.0], "world_rotation": [-0.7896765794068324, 0.16013129347666225, -0.5922574345551229, -7.314247236221149e-17]}], "source": "action wait"}
{"timestamp": 1706069692.185782, "objects": [{"color": "cv_", "id_name": "hand", "shape": "CVCylinder", "id_string": "ob383", "world_size": [0.12, 0.005, 0.12], "id": 383, "camera_size": [49, 50], "camera_position": [246, 255], "world_position": [0.7021262428962306, 0.7083044862461915, -0.17409783907275359], "world_orientation": [-1.209745058475557e-05, 0.0033204472371716046, 0.9999944872267031, -0.0007622686282658925, -0.9999941968053249, 0.0033204370512798986, 0.9999997094000529, -0.0007622242572289566, 1.4628453141968272e-05], "world_rotation": [0.0, 1.0, 0.0, 0.0]}, {"color": "CVPurple", "id_name": "object259314893918984", "shape": "CVSphere", "id_string": "ob1276", "world_size": [0.09, 0.09, 0.09], "id": 1276, "camera_size": [37, 37], "camera_position": [256, 254], "world_position": [0.705, 0.6448569696296074, -0.15], "world_orientation": [1.0, -4.331917303826236e-17, -1.1712398707441946e-17, 4.331917303826236e-17, 1.0, -5.775889738434995e-17, 1.1712398707441946e-17, 5.775889738434995e-17, 1.0], "world_rotation": [-0.7896765794068324, 0.16013129347666225, -0.5922574345551229, -7.314247236221149e-17]}], "source": "action wait"}
{"timestamp": 1706069692.225855, "objects": [{"color": "cv_", "id_name": "hand", "shape": "CVCylinder", "id_string": "ob383", "world_size": [0.12, 0.005, 0.12], "id": 383, "camera_size": [49, 50], "camera_position": [246, 254], "world_position": [0.7039734507553073, 0.7072420384267024, -0.17409960288032916], "world_orientation": [-1.0552650394917338e-05, 0.0018422598381201835, 0.9999983029822253, -0.0007623675627531054, -0.9999980124510259, 0.0018422512578736725, 0.9999997093421282, -0.0007623468283686824, 1.1957108564118415e-05], "world_rotation": [0.0, 1.0, 0.0, 0.0]}, {"color": "CVPurple", "id_name": "object259314893918984", "shape": "CVSphere", "id_string": "ob1276", "world_size": [0.09, 0.09, 0.09], "id": 1276, "camera_size": [37, 37], "camera_position": [256, 254], "world_position": [0.705, 0.6448569696296074, -0.15], "world_orientation": [1.0, -4.331917303826236e-17, -1.1712398707441946e-17, 4.331917303826236e-17, 1.0, -5.775889738434995e-17, 1.1712398707441946e-17, 5.775889738434995e-17, 1.0], "world_rotation": [-0.7896765794068324, 0.16013129347666225, -0.5922574345551229, -7.314247236221149e-17]}], "source": "action wait"}
{"timestamp": 1706069692.262699, "objects": [{"color": "cv_", "id_name": "hand", "shape": "CVCylinder", "id_string": "ob383", "world_size": [0.12, 0.005, 0.12], "id": 383, "camera_size": [49, 50], "camera_position": [246, 253], "world_position": [0.7052734701226747, 0.7064927062420119, -0.17410093804085344], "world_orientation": [-9.307013256182175e-06, 0.0008002989735060898, 0.999999679717415, -0.0007624901083642885, -0.9999993890708728, 0.0008002916443944185, 0.999999709261065, -0.0007624824158274137, 9.917227621653736e-06], "world_rotation": [0.0, 1.0, 0.0, 0.0]}, {"color": "CVPurple", "id_name": "object259314893918984", "shape": "CVSphere", "id_string": "ob1276", "world_size": [0.09, 0.09, 0.09], "id": 1276, "camera_size": [37, 37], "camera_position": [256, 254], "world_position": [0.705, 0.6448569696296074, -0.15], "world_orientation": [1.0, -4.331917303826236e-17, -1.1712398707441946e-17, 4.331917303826236e-17, 1.0, -5.775889738434995e-17, 1.1712398707441946e-17, 5.775889738434995e-17, 1.0], "world_rotation": [-0.7896765794068324, 0.16013129347666225, -0.5922574345551229, -7.314247236221149e-17]}], "source": "action wait"}
{"timestamp": 1706069692.288144, "objects": [{"color": "cv_", "id_name": "hand", "shape": "CVCylinder", "id_string": "ob383", "world_size": [0.12, 0.005, 0.12], "id": 383, "camera_size": [49, 50], "camera_position": [246, 253], "world_position": [0.7061887539120061, 0.7059649327217786, -0.17410194311762847], "world_orientation": [-8.320120069409435e-06, 6.581028004478293e-05, 0.9999999977998913, -0.0007626114964050616, -0.9999997070467321, 6.58039158913908e-05, 0.9999997091771983, -0.0007626109472311134, 8.370305308511148e-06], "world_rotation": [0.0, 1.0, 0.0, 0.0]}, {"color": "CVPurple", "id_name": "object259314893918984", "shape": "CVSphere", "id_string": "ob1276", "world_size": [0.09, 0.09, 0.09], "id": 1276, "camera_size": [37, 37], "camera_position": [256, 254], "world_position": [0.705, 0.6448569696296074, -0.15], "world_orientation": [1.0, -4.331917303826236e-17, -1.1712398707441946e-17, 4.331917303826236e-17, 1.0, -5.775889738434995e-17, 1.1712398707441946e-17, 5.775889738434995e-17, 1.0], "world_rotation": [-0.7896765794068324, 0.16013129347666225, -0.5922574345551229, -7.314247236221149e-17]}], "source": "action wait"}
{"timestamp": 1706069692.319894, "objects": [{"color": "cv_", "id_name": "hand", "shape": "CVCylinder", "id_string": "ob383", "world_size": [0.12, 0.005, 0.12], "id": 383, "camera_size": [49, 50], "camera_position": [246, 253], "world_position": [0.7068333636975025, 0.7055935213050535, -0.1741026963205814], "world_orientation": [-7.548727554940495e-06, -0.00045195211693726167, 0.9999998978411453, -0.0007627199838669431, -0.9999996069961352, -0.0004519577430548112, 0.9999997091005792, -0.0007627233176545817, 7.204011677286493e-06], "world_rotation": [0.0, 1.0, 0.0, 0.0]}, {"color": "CVPurple", "id_name": "object259314893918984", "shape": "CVSphere", "id_string": "ob1276", "world_size": [0.09, 0.09, 0.09], "id": 1276, "camera_size": [37, 37], "camera_position": [256, 254], "world_position": [0.705, 0.6448569696296074, -0.15], "world_orientation": [1.0, -4.331917303826236e-17, -1.1712398707441946e-17, 4.331917303826236e-17, 1.0, -5.775889738434995e-17, 1.1712398707441946e-17, 5.775889738434995e-17, 1.0], "world_rotation": [-0.7896765794068324, 0.16013129347666225, -0.5922574345551229, -7.314247236221149e-17]}], "source": "action wait"}
{"timestamp": 1706069692.354325, "objects": [{"color": "cv_", "id_name": "hand", "shape": "CVCylinder", "id_string": "ob383", "world_size": [0.12, 0.005, 0.12], "id": 383, "camera_size": [49, 49], "camera_position": [246, 253], "world_position": [0.7072874571818719, 0.7053322736282481, -0.1741032586715829], "world_orientation": [-6.952200373394066e-06, -0.0008169472561152998, 0.9999996662743683, -0.0007628113295197092, -0.999999375353695, -0.0008169523216669993, 0.999999709035229, -0.0007628167545666146, 6.329019408506959e-06], "world_rotation": [0.0, 1.0, 0.0, 0.0]}, {"color": "CVPurple", "id_name": "object259314893918984", "shape": "CVSphere", "id_string": "ob1276", "world_size": [0.09, 0.09, 0.09], "id": 1276, "camera_size": [37, 37], "camera_position": [256, 254], "world_position": [0.705, 0.6448569696296074, -0.15], "world_orientation": [1.0, -4.331917303826236e-17, -1.1712398707441946e-17, 4.331917303826236e-17, 1.0, -5.775889738434995e-17, 1.1712398707441946e-17, 5.775889738434995e-17, 1.0], "world_rotation": [-0.7896765794068324, 0.16013129347666225, -0.5922574345551229, -7.314247236221149e-17]}], "source": "action wait"}
{"timestamp": 1706069692.387016, "objects": [{"color": "cv_", "id_name": "hand", "shape": "CVCylinder", "id_string": "ob383", "world_size": [0.12, 0.005, 0.12], "id": 383, "camera_size": [49, 50], "camera_position": [246, 252], "world_position": [0.7076074054131845, 0.7051485588835675, -0.17410367720802963], "world_orientation": [-6.494885827862623e-06, -0.0010742557652914722, 0.9999994229660172, -0.0007628853043516661, -0.999999131984918, -0.0010742604075586067, 0.9999997089818721, -0.0007628918413399819, 5.675346254111733e-06], "world_rotation": [0.0, 1.0, 0.0, 0.0]}, {"color": "CVPurple", "id_name": "object259314893918984", "shape": "CVSphere", "id_string": "ob1276", "world_size": [0.09, 0.09, 0.09], "id": 1276, "camera_size": [37, 37], "camera_position": [256, 254], "world_position": [0.705, 0.6448569696296074, -0.15], "world_orientation": [1.0, -4.331917303826236e-17, -1.1712398707441946e-17, 4.331917303826236e-17, 1.0, -5.775889738434995e-17, 1.1712398707441946e-17, 5.775889738434995e-17, 1.0], "world_rotation": [-0.7896765794068324, 0.16013129347666225, -0.5922574345551229, -7.314247236221149e-17]}], "source": "action wait"}
{"timestamp": 1706069693.449843, "objects": [{"color": "cv_", "id_name": "hand", "shape": "CVCylinder", "id_string": "ob383", "world_size": [0.12, 0.005, 0.12], "id": 383, "camera_size": [49, 50], "camera_position": [246, 252], "world_position": [0.7083715164157447, 0.7047130243462812, -0.17410485799453207], "world_orientation": [-5.111514735642959e-06, -0.0016891960900170982, 0.9999985732942034, -0.0007631192522543508, -0.9999982821255544, -0.0016891994988759282, 0.9999997088113973, -0.0007631267978761844, 3.82244789794124e-06], "world_rotation": [0.0, 1.0, 0.0, 0.0]}, {"color": "CVPurple", "id_name": "object259314893918984", "shape": "CVSphere", "id_string": "ob1276", "world_size": [0.09, 0.09, 0.09], "id": 1276, "camera_size": [37, 37], "camera_position": [256, 254], "world_position": [0.705, 0.6448569696296074, -0.15], "world_orientation": [1.0, -4.331917303826236e-17, -1.1712398707441946e-17, 4.331917303826236e-17, 1.0, -5.775889738434995e-17, 1.1712398707441946e-17, 5.775889738434995e-17, 1.0], "world_rotation": [-0.7896765794068324, 0.16013129347666225, -0.5922574345551229, -7.314247236221149e-17]}], "source": "action wait"}
{"timestamp": 1706069693.481546, "objects": [{"color": "cv_", "id_name": "hand", "shape": "CVCylinder", "id_string": "ob383", "world_size": [0.12, 0.005, 0.12], "id": 383, "camera_size": [51, 51], "camera_position": [246, 251], "world_position": [0.7112697614603782, 0.7281974847879605, -0.17409700895787636], "world_orientation": [1.81653194204843e-05, 0.03261121758725892, 0.9994681126266599, -0.0007431476243193286, -0.9994678363639643, 0.03261122207989995, 0.9999997237007766, -0.00074334474674755, 6.079296378430547e-06], "world_rotation": [0.0, 1.0, 0.0, 0.0]}, {"color": "CVPurple", "id_name": "object259314893918984", "shape": "CVSphere", "id_string": "ob1276", "world_size": [0.09, 0.09, 0.09], "id": 1276, "camera_size": [38, 38], "camera_position": [252, 251], "world_position": [0.7106305244165603, 0.6736561917635991, -0.15866677446378927], "world_orientation": [0.9994225728452363, -0.03397824125295962, -2.9604716162341858e-06, 0.033978241329741296, 0.9994225723457534, 3.165336600184441e-05, 1.883236451574375e-06, -3.1735680107801524e-05, 0.99999999949465], "world_rotation": [0.0009327883957834001, 7.127658413409586e-05, -0.999999562412633, -0.033984797665679405]}], "source": "action wait"}
{"timestamp": 1706069693.513874, "objects": [{"color": "cv_", "id_name": "hand", "shape": "CVCylinder", "id_string": "ob383", "world_size": [0.12, 0.005, 0.12], "id": 383, "camera_size": [52, 53], "camera_position": [245, 249], "world_position": [0.715310038602095, 0.7846687332680833, -0.1741082726084486], "world_orientation": [8.06235185726442e-05, 0.11375293331786548, 0.9935090657167802, -0.0007253774659872915, -0.9935088009146106, 0.1137529618636144, 0.9999997336636546, -0.0007298402525588746, 2.4136392565300048e-06], "world_rotation": [0.0, 1.0, 0.0, 0.0]}, {"color": "CVPurple", "id_name": "object259314893918984", "shape": "CVSphere", "id_string": "ob1276", "world_size": [0.09, 0.09, 0.09], "id": 1276, "camera_size": [39, 44], "camera_position": [250, 247], "world_position": [0.7191018105586143, 0.7335929071181971, -0.16423163701479188], "world_orientation": [0.9933762002049169, -0.11490746211713465, -4.029895070189961e-06, 0.11490746216933101, 0.9933761988055412, 5.276796103915269e-05, -2.0602306376944207e-06, -5.2881501644958826e-05, 0.9999999985996512], "world_rotation": [0.0004597153637622485, 8.570654105280413e-06, -0.9999998942941585, -0.11516185649677331]}], "source": "action wait"}
{"timestamp": 1706069693.544052, "objects": [{"color": "cv_", "id_name": "hand", "shape": "CVCylinder", "id_string": "ob383", "world_size": [0.12, 0.005, 0.12], "id": 383, "camera_size": [56, 55], "camera_position": [244, 250], "world_position": [0.7137658717742363, 0.8548249212804696, -0.17411163362281132], "world_orientation": [0.00015559530581690464, 0.21281520402169904, 0.9770924545442481, -0.0007211949656828462, -0.9770921883871698, 0.2128152608968477, 0.9999997278339241, -0.0007377872148260519, 1.450295898223629e-06], "world_rotation": [0.0, 1.0, 0.0, 0.0]}, {"color": "CVPurple", "id_name": "object259314893918984", "shape": "CVSphere", "id_string": "ob1276", "world_size": [0.09, 0.09, 0.09], "id": 1276, "camera_size": [41, 50], "camera_position": [248, 245], "world_position": [0.7225549175064305, 0.8064372796035467, -0.16778985231618906], "world_orientation": [0.9768726279306844, -0.21382204924280335, -7.576727874096211e-06, 0.21382204935383003, 0.9768726266892062, 4.935037113531666e-05, -3.1506994269686046e-06, -4.982909822174691e-05, 0.999999998753567], "world_rotation": [0.00023192057837330255, 1.034979400483572e-05, -0.9999999730528631, -0.21548583769269303]}], "source": "action wait"}
{"timestamp": 1706069693.577613, "objects": [{"color": "cv_", "id_name": "hand", "shape": "CVCylinder", "id_string": "ob383", "world_size": [0.12, 0.005, 0.12], "id": 383, "camera_size": [59, 57], "camera_position": [244, 254], "world_position": [0.7047768149597391, 0.9244329794492387, -0.17411257254637633], "world_orientation": [0.00023076520346847963, 0.3097453345079933, 0.9508195278274171, -0.0007095596492074494, -0.9508192630690604, 0.309745420469639, 0.9999997216362237, -0.0007461416356031592, 3.6679019370313097e-07], "world_rotation": [0.0, 1.0, 0.0, 0.0]}, {"color": "CVPurple", "id_name": "object259314893918984", "shape": "CVSphere", "id_string": "ob1276", "world_size": [0.09, 0.09, 0.09], "id": 1276, "camera_size": [44, 55], "camera_position": [246, 247], "world_position": [0.7183069118605064, 0.8784840127571316, -0.17006591382541683], "world_orientation": [0.9505260051661539, -0.3106449957860767, -9.794953446430819e-06, 0.3106449959110971, 0.9505260041698599, 4.3729555488417255e-05, -4.2740096199607e-06, -4.4608832959412806e-05, 0.9999999989958924], "world_rotation": [0.00014218543471153234, 8.886258984090481e-06, -0.9999999898521683, -0.3158715278674329]}], "source": "action wait"}
{"timestamp": 1706069693.609887, "objects": [{"color": "cv_", "id_name": "hand", "shape": "CVCylinder", "id_string": "ob383", "world_size": [0.12, 0.005, 0.12], "id": 383, "camera_size": [63, 59], "camera_position": [243, 262], "world_position": [0.6885972885658943, 0.9927176477414883, -0.17411303765586572], "world_orientation": [0.00030459652583213805, 0.40354608039299716, 0.9149592713451268, -0.0006874234889698796, -0.9149590131098804, 0.40354619534563885, 0.9999997173349118, -0.0007518832636886418, -1.286282127741516e-06], "world_rotation": [0.0, 1.0, 0.0, 0.0]}, {"color": "CVPurple", "id_name": "object259314893918984", "shape": "CVSphere", "id_string": "ob1276", "world_size": [0.09, 0.09, 0.09], "id": 1276, "camera_size": [47, 62], "camera_position": [245, 252], "world_position": [0.7066239029341668, 0.9491977351923601, -0.1715223900759791], "world_orientation": [0.9145988187937328, -0.40436246183067315, -1.1106129538210782e-05, 0.404362461939744, 0.9145988179478565, 3.977955722224818e-05, -5.927706741299057e-06, -4.0873237930298524e-05, 0.9999999991471203], "world_rotation": [9.972834072406214e-05, 6.403194236813209e-06, -0.9999999950066286, -0.41628165672740686]}], "source": "action wait"}
{"timestamp": 1706069693.639275, "objects": [{"color": "cv_", "id_name": "hand", "shape": "CVCylinder", "id_string": "ob383", "world_size": [0.12, 0.005, 0.12], "id": 383, "camera_size": [66, 60], "camera_position": [242, 275], "world_position": [0.6654885765106299, 1.0589906045189226, -0.17411348152292844], "world_orientation": [0.00037579641947291324, 0.4932743120214405, 0.8698737332951408, -0.0006560607591544149, -0.8698734859000173, 0.49327445515902496, 0.9999997141806248, -0.0007560607959004453, -3.2774217789991827e-06], "world_rotation": [0.0, 1.0, 0.0, 0.0]}, {"color": "CVPurple", "id_name": "object259314893918984", "shape": "CVSphere", "id_string": "ob1276", "world_size": [0.09, 0.09, 0.09], "id": 1276, "camera_size": [50, 68], "camera_position": [243, 262], "world_position": [0.687760787621108, 1.0180358455848257, -0.17245464937197655], "world_orientation": [0.8694502939367437, -0.49402043098631837, -1.1891274422942134e-05, 0.494020431066219, 0.8694502931885572, 3.6925320128132305e-05, -7.902990530595062e-06, -3.797926295546156e-05, 0.9999999992475593], "world_rotation": [7.581121970211552e-05, 4.03655763038826e-06, -0.9999999971181825, -0.5167078189589355]}], "source": "action wait"}
{"timestamp": 1706069693.67045, "objects": [{"color": "cv_", "id_name": "hand", "shape": "CVCylinder", "id_string": "ob383", "world_size": [0.12, 0.005, 0.12], "id": 383, "camera_size": [71, 60], "camera_position": [242, 289], "world_position": [0.6420856044576373, 1.1089709628193438, -0.17411301940212057], "world_orientation": [0.0004363525672946431, 0.5602100560221975, 0.8283504709529917, -0.0006354030523477215, -0.8283502272717644, 0.5602102259346731, 0.9999997029296549, -0.0007707855879686079, -5.493568736242546e-06], "world_rotation": [0.0, 1.0, 0.0, 0.0]}, {"color": "CVPurple", "id_name": "object259314893918984", "shape": "CVSphere", "id_string": "ob1276", "world_size": [0.09, 0.09, 0.09], "id": 1276, "camera_size": [52, 73], "camera_position": [242, 275], "world_position": [0.6674559103091671, 1.0703619859325797, -0.1730510584054437], "world_orientation": [0.8278820299071288, -0.5609022593378264, -5.154960910546697e-06, 0.560902259270856, 0.8278820295731147, 2.558808155047483e-05, -1.008471325278841e-05, -2.4075342116614842e-05, 0.9999999996593384], "world_rotation": [-4.427101406182329e-05, 4.394484293464311e-06, 0.9999999990103828, 0.5954752392501451]}], "source": "action wait"}
{"timestamp": 1706069693.70341, "objects": [{"color": "cv_", "id_name": "hand", "shape": "CVCylinder", "id_string": "ob383", "world_size": [0.12, 0.005, 0.12], "id": 383, "camera_size": [73, 61], "camera_position": [241, 302], "world_position": [0.6228637467123971, 1.1427833460643082, -0.1741141363250948], "world_orientation": [0.0004781377147914449, 0.6053643263826836, 0.7959483675010368, -0.0006135877056900168, -0.7959481310493961, 0.6053645151386899, 0.9999996974471808, -0.0007778317385469891, -9.128712340234486e-06], "world_rotation": [0.0, 1.0, 0.0, 0.0]}, {"color": "CVPurple", "id_name": "object259314893918984", "shape": "CVSphere", "id_string": "ob1276", "world_size": [0.09, 0.09, 0.09], "id": 1276, "camera_size": [54, 75], "camera_position": [241, 286], "world_position": [0.6502705529442723, 1.1060303385969112, -0.17343404306388374], "world_orientation": [0.7954507815886743, -0.6060181961541274, 2.542862330780217e-07, 0.6060181959995007, 0.7954507813950539, 2.2260032637999356e-05, -1.369225700841229e-05, -1.7552658275848535e-05, 0.9999999997522133], "world_rotation": [-3.284776855502817e-05, 1.1506703365780849e-05, 0.99999999939431, 0.6510452686892212]}], "source": "action wait"}
{"timestamp": 1706069693.737852, "objects": [{"color": "cv_", "id_name": "hand", "shape": "CVCylinder", "id_string": "ob383", "world_size": [0.12, 0.005, 0.12], "id": 383, "camera_size": [75, 61], "camera_position": [241, 312], "world_position": [0.6080501048747045, 1.1658335069825454, -0.17411581047683414], "world_orientation": [0.000506026174849039, 0.6360967569136223, 0.7716091366627814, -0.000593851636278419, -0.7716089082450966, 0.6360969580630332, 0.999999695638826, -0.000780103058896343, -1.270720439361521e-05], "world_rotation": [0.0, 1.0, 0.0, 0.0]}, {"color": "CVPurple", "id_name": "object259314893918984", "shape": "CVSphere", "id_string": "ob1276", "world_size": [0.09, 0.09, 0.09], "id": 1276, "camera_size": [56, 78], "camera_position": [241, 294], "world_position": [0.6368139991520442, 1.1304736420486705, -0.17368000023569993], "world_orientation": [0.7710920819353164, -0.6367236458349658, 3.3598402879386325e-06, 0.6367236456101241, 0.7710920817845248, 2.3025228139274308e-05, -1.72514534491107e-05, -1.56152813461446e-05, 0.9999999997292753], "world_rotation": [-3.0343234244678095e-05, 1.6185431358899546e-05, 0.9999999994086599, 0.6902417937760664]}], "source": "action wait"}
{"timestamp": 1706069693.773004, "objects": [{"color": "cv_", "id_name": "hand", "shape": "CVCylinder", "id_string": "ob383", "world_size": [0.12, 0.005, 0.12], "id": 383, "camera_size": [76, 62], "camera_position": [240, 319], "world_position": [0.5970219428139598, 1.1816729617842265, -0.17411741995311986], "world_orientation": [0.000524380738408368, 0.6571872620138888, 0.753727157313261, -0.0005775858565838708, -0.75372693617203, 0.6571874710334208, 0.9999996957096635, -0.0007799585971205676, -1.5657819681345222e-05], "world_rotation": [0.0, 1.0, 0.0, 0.0]}, {"color": "CVPurple", "id_name": "object259314893918984", "shape": "CVSphere", "id_string": "ob1276", "world_size": [0.09, 0.09, 0.09], "id": 1276, "camera_size": [57, 80], "camera_position": [241, 301], "world_position": [0.6267028498855605, 1.147328841883948, -0.17383787210380472], "world_orientation": [0.753196789678274, -0.6577952538565892, 4.699711659108305e-06, 0.6577952535635455, 0.7531967895235695, 2.5311242393092454e-05, -2.018942284871677e-05, -1.5972898490767175e-05, 0.9999999996686268], "world_rotation": [-3.138069226198832e-05, 1.8918602977702905e-05, 0.9999999993286692, 0.7178878211706841]}], "source": "action wait"}
{"timestamp": 1706069693.807899, "objects": [{"color": "cv_", "id_name": "hand", "shape": "CVCylinder", "id_string": "ob383", "world_size": [0.12, 0.005, 0.12], "id": 383, "camera_size": [76, 62], "camera_position": [240, 325], "world_position": [0.5889787394955587, 1.1926324019677401, -0.17411874370086808], "world_orientation": [0.0005363909307768768, 0.6717609362344713, 0.7407678157386134, -0.0005648107209485439, -0.7407676006307568, 0.6717611501453483, 0.9999996966367635, -0.0007787201926490412, -1.7923244091507194e-05], "world_rotation": [0.0, 1.0, 0.0, 0.0]}, {"color": "CVPurple", "id_name": "object259314893918984", "shape": "CVSphere", "id_string": "ob1276", "world_size": [0.09, 0.09, 0.09], "id": 1276, "camera_size": [57, 82], "camera_position": [241, 306], "world_position": [0.6192868731871897, 1.1590162260924874, -0.17393914780956185], "world_orientation": [0.7402281935834831, -0.672355725341585, 4.9522389591288745e-06, 0.6723557249851214, 0.7402281933967787, 2.793336746095572e-05, -2.2446946438429017e-05, -1.7347399920662238e-05, 0.9999999995976012], "world_rotation": [-3.3673222114339604e-05, 2.037551280587353e-05, 0.9999999992254764, 0.7373866381437334]}], "source": "action wait"}
