{"timestamp": 1706069675.613761, "objects": [{"color": "cv_", "id_name": "hand", "shape": "CVCylinder", "id_string": "ob383", "world_size": [0.12, 0.005, 0.12], "id": 383, "camera_size": [48, 50], "camera_position": [246, 426], "world_position": [0.26764451557302243, 0.6334703011721015, -0.1738926040090051], "world_orientation": [-0.0006415483357502358, 0.19791547456950567, 0.9802188803229922, -0.0007473669525463651, -0.9802189031849184, 0.19791499003762705, 0.9999995149290679, -0.0006056111649370214, 0.0007767732911004138], "world_rotation": [0.0, 1.0, 0.0, 0.0]}, {"color": "CVRed", "id_name": "object219717894251320", "shape": "CVBox", "id_string": "ob1262", "world_size": [0.09, 0.09, 0.09], "id": 1262, "camera_size": [37, 37], "camera_position": [256, 254], "world_position": [0.705, 0.6448569696296074, -0.15], "world_orientation": [1.0, -4.331917303826236e-17, -1.1712398707441946e-17, 4.331917303826236e-17, 1.0, -5.775889738434995e-17, 1.1712398707441946e-17, 5.775889738434995e-17, 1.0], "world_rotation": [-0.7896765794068324, 0.16013129347666225, -0.5922574345551229, -7.314247236221149e-17]}], "source": "action wait"}
{"timestamp": 1706069675.642161, "objects": [{"color": "cv_", "id_name": "hand", "shape": "CVCylinder", "id_string": "ob383", "world_size": [0.12, 0.005, 0.12], "id": 383, "camera_size": [49, 51], "camera_position": [246, 421], "world_position": [0.2911361967613509, 0.6677936712537043, -0.1739560877724002], "world_orientation": [-0.00038261976220295646, 0.1984257623151675, 0.9801158454242856, -0.0007151252891900722, -0.980115720843456, 0.1984254579214418, 0.9999996710989152, -0.0006249841258741828, 0.0005169109246993263], "world_rotation": [0.0, 1.0, 0.0, 0.0]}, {"color": "CVRed", "id_name": "object219717894251320", "shape": "CVBox", "id_string": "ob1262", "world_size": [0.09, 0.09, 0.09], "id": 1262, "camera_size": [37, 37], "camera_position": [256, 254], "world_position": [0.705, 0.6448569696296074, -0.15], "world_orientation": [1.0, -4.331917303826236e-17, -1.1712398707441946e-17, 4.331917303826236e-17, 1.0, -5.775889738434995e-17, 1.1712398707441946e-17, 5.775889738434995e-17, 1.0], "world_rotation": [-0.7896765794068324, 0.16013129347666225, -0.5922574345551229, -7.314247236221149e-17]}], "source": "action wait"}
{"timestamp": 1706069675.676108, "objects": [{"color": "cv_", "id_name": "hand", "shape": "CVCylinder", "id_string": "ob383", "world_size": [0.12, 0.005, 0.12], "id": 383, "camera_size": [51, 52], "camera_position": [246, 406], "world_position": [0.33719958477387446, 0.7058343660248521, -0.1739839042024941], "world_orientation": [-0.0002228690150015245, 0.18700536316541824, 0.9823588674597346, -0.0007314531530800748, -0.9823586595494989, 0.18700515764116524, 0.9999997076528008, -0.0006768718357761705, 0.00035572296936267053], "world_rotation": [0.0, 1.0, 0.0, 0.0]}, {"color": "CVRed", "id_name": "object219717894251320", "shape": "CVBox", "id_string": "ob1262", "world_size": [0.09, 0.09, 0.09], "id": 1262, "camera_size": [37, 37], "camera_position": [256, 254], "world_position": [0.705, 0.6448569696296074, -0.15], "world_orientation": [1.0, -4.331917303826236e-17, -1.1712398707441946e-17, 4.331917303826236e-17, 1.0, -5.775889738434995e-17, 1.1712398707441946e-17, 5.775889738434995e-17, 1.0], "world_rotation": [-0.7896765794068324, 0.16013129347666225, -0.5922574345551229, -7.314247236221149e-17]}], "source": "action wait"}
{"timestamp": 1706069675.715906, "objects": [{"color": "cv_", "id_name": "hand", "shape": "CVCylinder", "id_string": "ob383", "world_size": [0.12, 0.005, 0.12], "id": 383, "camera_size": [51, 53], "camera_position": [246, 388], "world_position": [0.3877821344714957, 0.7390585459029224, -0.1740044311702247], "world_orientation": [-0.0001192545622679282, 0.17886703608442436, 0.9838732485339372, -0.0007426632276392032, -0.9838730000445886, 0.1788669008916733, 0.9999997171148, -0.0007093557883743195, 0.0002501693142846906], "world_rotation": [0.0, 1.0, 0.0, 0.0]}, {"color": "CVRed", "id_name": "object219717894251320", "shape": "CVBox", "id_string": "ob1262", "world_size": [0.09, 0.09, 0.09], "id": 1262, "camera_size": [37, 37], "camera_position": [256, 254], "world_position": [0.705, 0.6448569696296074, -0.15], "world_orientation": [1.0, -4.331917303826236e-17, -1.1712398707441946e-17, 4.331917303826236e-17, 1.0, -5.775889738434995e-17, 1.1712398707441946e-17, 5.775889738434995e-17, 1.0], "world_rotation": [-0.7896765794068324, 0.16013129347666225, -0.5922574345551229, -7.314247236221149e-17]}], "source": "action wait"}
{"timestamp": 1706069675.748027, "objects": [{"color": "cv_", "id_name": "hand", "shape": "CVCylinder", "id_string": "ob383", "world_size": [0.12, 0.005, 0.12], "id": 383, "camera_size": [52, 54], "camera_position": [245, 367], "world_position": [0.4419130762463613, 0.7670418366508308, -0.1740229504729721], "world_orientation": [-4.6322690818730116e-05, 0.1731174581462462, 0.9849011846572179, -0.0007500250750117069, -0.9849009147065445, 0.17311737542083697, 0.9999997176582578, -0.0007306813222449753, 0.0001754656950914319], "world_rotation": [0.0, 1.0, 0.0, 0.0]}, {"color": "CVRed", "id_name": "object219717894251320", "shape": "CVBox", "id_string": "ob1262", "world_size": [0.09, 0.09, 0.09], "id": 1262, "camera_size": [37, 37], "camera_position": [256, 254], "world_position": [0.705, 0.6448569696296074, -0.15], "world_orientation": [1.0, -4.331917303826236e-17, -1.1712398707441946e-17, 4.331917303826236e-17, 1.0, -5.775889738434995e-17, 1.1712398707441946e-17, 5.775889738434995e-17, 1.0], "world_rotation": [-0.7896765794068324, 0.16013129347666225, -0.5922574345551229, -7.314247236221149e-17]}], "source": "action wait"}
{"timestamp": 1706069675.781319, "objects": [{"color": "cv_", "id_name": "hand", "shape": "CVCylinder", "id_string": "ob383", "world_size": [0.12, 0.005, 0.12], "id": 383, "camera_size": [52, 54], "camera_position": [245, 343], "world_position": [0.4992023885486619, 0.779778947417045, -0.17403806470321423], "world_orientation": [-4.467722455322901e-06, 0.1551939289723567, 0.9878840237548953, -0.0007646172724191227, -0.9878837355168232, 0.15519388023293462, 0.9999997076701904, -0.0007546598245265537, 0.0001230775490156836], "world_rotation": [0.0, 1.0, 0.0, 0.0]}, {"color": "CVRed", "id_name": "object219717894251320", "shape": "CVBox", "id_string": "ob1262", "world_size": [0.09, 0.09, 0.09], "id": 1262, "camera_size": [37, 37], "camera_position": [256, 254], "world_position": [0.705, 0.6448569696296074, -0.15], "world_orientation": [1.0, -4.331917303826236e-17, -1.1712398707441946e-17, 4.331917303826236e-17, 1.0, -5.775889738434995e-17, 1.1712398707441946e-17, 5.775889738434995e-17, 1.0], "world_rotation": [-0.7896765794068324, 0.16013129347666225, -0.5922574345551229, -7.314247236221149e-17]}], "source": "action wait"}
{"timestamp": 1706069675.814322, "objects": [{"color": "cv_", "id_name": "hand", "shape": "CVCylinder", "id_string": "ob383", "world_size": [0.12, 0.005, 0.12], "id": 383, "camera_size": [52, 52], "camera_position": [245, 317], "world_position": [0.5577630940191299, 0.7698100928747467, -0.17404991001868786], "world_orientation": [5.119695936576793e-07, 0.11470862767476757, 0.9933991799557262, -0.0007769653553234497, -0.9933988800649761, 0.11470859344655987, 0.9999996981622417, -0.0007718954741445948, 8.861603963942799e-05], "world_rotation": [0.0, 1.0, 0.0, 0.0]}, {"color": "CVRed", "id_name": "object219717894251320", "shape": "CVBox", "id_string": "ob1262", "world_size": [0.09, 0.09, 0.09], "id": 1262, "camera_size": [37, 37], "camera_position": [256, 254], "world_position": [0.705, 0.6448569696296074, -0.15], "world_orientation": [1.0, -4.331917303826236e-17, -1.1712398707441946e-17, 4.331917303826236e-17, 1.0, -5.775889738434995e-17, 1.1712398707441946e-17, 5.775889738434995e-17, 1.0], "world_rotation": [-0.7896765794068324, 0.16013129347666225, -0.5922574345551229, -7.314247236221149e-17]}], "source": "action wait"}
{"timestamp": 1706069675.847198, "objects": [{"color": "cv_", "id_name": "hand", "shape": "CVCylinder", "id_string": "ob383", "world_size": [0.12, 0.005, 0.12], "id": 383, "camera_size": [52, 52], "camera_position": [245, 297], "world_position": [0.6028558641155984, 0.7552438397114962, -0.17405559999234832], "world_orientation": [-1.4620292448211161e-05, 0.08044931510509494, 0.9967587007322125, -0.0007750262605184113, -0.996758402390894, 0.08044927965773438, 0.9999996995602263, -0.0007713379764721373, 7.692323119072827e-05], "world_rotation": [0.0, 1.0, 0.0, 0.0]}, {"color": "CVRed", "id_name": "object219717894251320", "shape": "CVBox", "id_string": "ob1262", "world_size": [0.09, 0.09, 0.09], "id": 1262, "camera_size": [37, 37], "camera_position": [256, 254], "world_position": [0.705, 0.6448569696296074, -0.15], "world_orientation": [1.0, -4.331917303826236e-17, -1.1712398707441946e-17, 4.331917303826236e-17, 1.0, -5.775889738434995e-17, 1.1712398707441946e-17, 5.775889738434995e-17, 1.0], "world_rotation": [-0.7896765794068324, 0.16013129347666225, -0.5922574345551229, -7.314247236221149e-17]}], "source": "action wait"}
{"timestamp": 1706069675.879457, "objects": [{"color": "cv_", "id_name": "hand", "shape": "CVCylinder", "id_string": "ob383", "world_size": [0.12, 0.005, 0.12], "id": 383, "camera_size": [51, 51], "camera_position": [246, 284], "world_position": [0.6344567480102933, 0.7425289576470775, -0.17406332455672302], "world_orientation": [-2.1439034325607887e-05, 0.05623660469353338, 0.9984174697154047, -0.0007711098974667841, -0.9984171740397656, 0.056236571481328816, 0.9999997024649027, -0.0007686839349152471, 6.476970254500999e-05], "world_rotation": [0.0, 1.0, 0.0, 0.0]}, {"color": "CVRed", "id_name": "object219717894251320", "shape": "CVBox", "id_string": "ob1262", "world_size": [0.09, 0.09, 0.09], "id": 1262, "camera_size": [37, 37], "camera_position": [256, 254], "world_position": [0.705, 0.6448569696296074, -0.15], "world_orientation": [1.0, -4.331917303826236e-17, -1.1712398707441946e-17, 4.331917303826236e-17, 1.0, -5.775889738434995e-17, 1.1712398707441946e-17, 5.775889738434995e-17, 1.0], "world_rotation": [-0.7896765794068324, 0.16013129347666225, -0.5922574345551229, -7.314247236221149e-17]}], "source": "action wait"}
{"timestamp": 1706069675.905954, "objects": [{"color": "cv_", "id_name": "hand", "shape": "CVCylinder", "id_string": "ob383", "world_size": [0.12, 0.005, 0.12], "id": 383, "camera_size": [51, 51], "camera_position": [246, 274], "world_position": [0.6565459556503217, 0.7323832733128142, -0.17407121926749247], "world_orientation": [-2.3189474245172753e-05, 0.03914932009096962, 0.9992333712395033, -0.0007676224471904092, -0.9992330778087722, 0.03914929078012487, 0.99999970510897, -0.0007661261142752779, 5.322358661722023e-05], "world_rotation": [0.0, 1.0, 0.0, 0.0]}, {"color": "CVRed", "id_name": "object219717894251320", "shape": "CVBox", "id_string": "ob1262", "world_size": [0.09, 0.09, 0.09], "id": 1262, "camera_size": [37, 37], "camera_position": [256, 254], "world_position": [0.705, 0.6448569696296074, -0.15], "world_orientation": [1.0, -4.331917303826236e-17, -1.1712398707441946e-17, 4.331917303826236e-17, 1.0, -5.775889738434995e-17, 1.1712398707441946e-17, 5.775889738434995e-17, 1.0], "world_rotation": [-0.7896765794068324, 0.16013129347666225, -0.5922574345551229, -7.314247236221149e-17]}], "source": "action wait"}
{"timestamp": 1706069675.936177, "objects": [{"color": "cv_", "id_name": "hand", "shape": "CVCylinder", "id_string": "ob383", "world_size": [0.12, 0.005, 0.12], "id": 383, "camera_size": [51, 50], "camera_position": [246, 267], "world_position": [0.6719895523857385, 0.7246673217698605, -0.1740783312994115], "world_orientation": [-2.229334306854959e-05, 0.027098704860716884, 0.9996327624172182, -0.0007651413050121268, -0.9996324705147079, 0.027098679883807205, 0.9999997070308524, -0.0007642561962018068, 4.3019488009287456e-05], "world_rotation": [0.0, 1.0, 0.0, 0.0]}, {"color": "CVRed", "id_name": "object219717894251320", "shape": "CVBox", "id_string": "ob1262", "world_size": [0.09, 0.09, 0.09], "id": 1262, "camera_size": [37, 37], "camera_position": [256, 254], "world_position": [0.705, 0.6448569696296074, -0.15], "world_orientation": [1.0, -4.331917303826236e-17, -1.1712398707441946e-17, 4.331917303826236e-17, 1.0, -5.775889738434995e-17, 1.1712398707441946e-17, 5.775889738434995e-17, 1.0], "world_rotation": [-0.7896765794068324, 0.16013129347666225, -0.5922574345551229, -7.314247236221149e-17]}], "source": "action wait"}
{"timestamp": 1706069675.969702, "objects": [{"color": "cv_", "id_name": "hand", "shape": "CVCylinder", "id_string": "ob383", "world_size": [0.12, 0.005, 0.12], "id": 383, "camera_size": [51, 50], "camera_position": [246, 263], "world_position": [0.6827988538713634, 0.7189634461373433, -0.17408433676180995], "world_orientation": [-2.0194574452945343e-05, 0.018602922956552033, 0.9998269504517528, -0.0007635975001573158, -0.9998266594523321, 0.018602902118980094, 0.9999997082554759, -0.000763089682263334, 3.439621937996302e-05], "world_rotation": [0.0, 1.0, 0.0, 0.0]}, {"color": "CVRed", "id_name": "object219717894251320", "shape": "CVBox", "id_string": "ob1262", "world_size": [0.09, 0.09, 0.09], "id": 1262, "camera_size": [37, 37], "camera_position": [256, 254], "world_position": [0.705, 0.6448569696296074, -0.15], "world_orientation": [1.0, -4.331917303826236e-17, -1.1712398707441946e-17, 4.331917303826236e-17, 1.0, -5.775889738434995e-17, 1.1712398707441946e-17, 5.775889738434995e-17, 1.0], "world_rotation": [-0.7896765794068324, 0.16013129347666225, -0.5922574345551229, -7.314247236221149e-17]}], "source": "action wait"}
{"timestamp": 1706069676.00295, "objects": [{"color": "cv_", "id_name": "hand", "shape": "CVCylinder", "id_string": "ob383", "world_size": [0.12, 0.005, 0.12], "id": 383, "camera_size": [50, 51], "camera_position": [245, 260], "world_position": [0.6903743544410849, 0.7148210308251957, -0.1740892161452319], "world_orientation": [-1.770791586862629e-05, 0.012614223892514353, 0.9999204373559026, -0.0007627488695699182, -0.9999201468132345, 0.012614206719485316, 0.9999997089502535, -0.0007624648119420994, 2.732798684999917e-05], "world_rotation": [0.0, 1.0, 0.0, 0.0]}, {"color": "CVRed", "id_name": "object219717894251320", "shape": "CVBox", "id_string": "ob1262", "world_size": [0.09, 0.09, 0.09], "id": 1262, "camera_size": [37, 37], "camera_position": [256, 254], "world_position": [0.705, 0.6448569696296074, -0.15], "world_orientation": [1.0, -4.331917303826236e-17, -1.1712398707441946e-17, 4.331917303826236e-17, 1.0, -5.775889738434995e-17, 1.1712398707441946e-17, 5.775889738434995e-17, 1.0], "world_rotation": [-0.7896765794068324, 0.16013129347666225, -0.5922574345551229, -7.314247236221149e-17]}], "source": "action wait"}
{"timestamp": 1706069676.039682, "objects": [{"color": "cv_", "id_name": "hand", "shape": "CVCylinder", "id_string": "ob383", "world_size": [0.12, 0.005, 0.12], "id": 383, "camera_size": [49, 50], "camera_position": [246, 257], "world_position": [0.6956899016817615, 0.7118467977933927, -0.17409308257303283], "world_orientation": [-1.526329785445679e-05, 0.00839302405255927, 0.9999647778368421, -0.0007623569693089392, -0.9999644874671029, 0.008393009978902244, 0.9999997092893994, -0.0007622020124365804, 2.1661236196502926e-05], "world_rotation": [0.0, 1.0, 0.0, 0.0]}, {"color": "CVRed", "id_name": "object219717894251320", "shape": "CVBox", "id_string": "ob1262", "world_size": [0.09, 0.09, 0.09], "id": 1262, "camera_size": [37, 37], "camera_position": [256, 254], "world_position": [0.705, 0.6448569696296074, -0.15], "world_orientation": [1.0, -4.331917303826236e-17, -1.1712398707441946e-17, 4.331917303826236e-17, 1.0, -5.775889738434995e-17, 1.1712398707441946e-17, 5.775889738434995e-17, 1.0], "world_rotation": [-0.7896765794068324, 0.16013129347666225, -0.5922574345551229, -7.314247236221149e-17]}], "source": "action wait"}
{"timestamp": 1706069676.078603, "objects": [{"color": "cv_", "id_name": "hand", "shape": "CVCylinder", "id_string": "ob383", "world_size": [0.12, 0.005, 0.12], "id": 383, "camera_size": [49, 50], "camera_position": [246, 256], "world_position": [0.6994234841924039, 0.70972726407446, -0.17409609398359321], "world_orientation": [-1.306416903123948e-05, 0.005417704655643346, 0.9999853240451042, -0.0007622384210156445, -0.9999850336849047, 0.005417693124377098, 0.9999997094109163, -0.0007621564567805934, 1.7193556151382217e-05], "world_rotation": [0.0, 1.0, 0.0, 0.0]}, {"color": "CVRed", "id_name": "object219717894251320", "shape": "CVBox", "id_string": "ob1262", "world_size": [0.09, 0.09, 0.09], "id": 1262, "camera_size": [37, 37], "camera_position": [256, 254], "world_position": [0.705, 0.6448569696296074, -0.15], "world_orientation": [1.0, -4.331917303826236e-17, -1.1712398707441946e-17, 4.331917303826236e-17, 1.0, -5.775889738434995e-17, 1.1712398707441946e-17, 5.775889738434995e-17, 1.0], "world_rotation": [-0.7896765794068324, 0.16013129347666225, -0.5922574345551229, -7.314247236221149e-17]}], "source": "action wait"}
{"timestamp": 1706069676.114063, "objects": [{"color": "cv_", "id_name": "hand", "shape": "CVCylinder", "id_string": "ob383", "world_size": [0.12, 0.005, 0.12], "id": 383, "camera_size": [49, 50], "camera_position": [246, 255], "world_position": [0.7020480612200704, 0.7082242822171456, -0.1740984106037817], "world_orientation": [-1.118587284312158e-05, 0.0033205255091951625, 0.9999944869774129, -0.0007622680933012445, -0.9999941965435237, 0.003320516018116091, 0.999999709411073, -0.0007622267480304703, 1.3716938575413152e-05], "world_rotation": [0.0, 1.0, 0.0, 0.0]}, {"color": "CVRed", "id_name": "object219717894251320", "shape": "CVBox", "id_string": "ob1262", "world_size": [0.09, 0.09, 0.09], "id": 1262, "camera_size": [37, 37], "camera_position": [256, 254], "world_position": [0.705, 0.6448569696296074, -0.15], "world_orientation": [1.0, -4.331917303826236e-17, -1.1712398707441946e-17, 4.331917303826236e-17, 1.0, -5.775889738434995e-17, 1.1712398707441946e-17, 5.775889738434995e-17, 1.0], "world_rotation": [-0.7896765794068324, 0.16013129347666225, -0.5922574345551229, -7.314247236221149e-17]}], "source": "action wait"}
{"timestamp": 1706069676.145154, "objects": [{"color": "cv_", "id_name": "hand", "shape": "CVCylinder", "id_string": "ob383", "world_size": [0.12, 0.005, 0.12], "id": 383, "camera_size": [49, 50], "camera_position": [246, 254], "world_position": [0.7038942398237167, 0.7071619824264939, -0.17410017641735476], "world_orientation": [-9.635093796405848e-06, 0.0018422801263770594, 0.9999983029541105, -0.0007623672953519975, -0.9999980124125648, 0.0018422722456247708, 0.9999997093515938, -0.0007623482511141763, 1.103956876340626e-05], "world_rotation": [0.0, 1.0, 0.0, 0.0]}, {"color": "CVRed", "id_name": "object219717894251320", "shape": "CVBox", "id_string": "ob1262", "world_size": [0.09, 0.09, 0.09], "id": 1262, "camera_size": [37, 37], "camera_position": [256, 254], "world_position": [0.705, 0.6448569696296074, -0.15], "world_orientation": [1.0, -4.331917303826236e-17, -1.1712398707441946e-17, 4.331917303826236e-17, 1.0, -5.775889738434995e-17, 1.1712398707441946e-17, 5.775889738434995e-17, 1.0], "world_rotation": [-0.7896765794068324, 0.16013129347666225, -0.5922574345551229, -7.314247236221149e-17]}], "source": "action wait"}
{"timestamp": 1706069676.173421, "objects": [{"color": "cv_", "id_name": "hand", "shape": "CVCylinder", "id_string": "ob383", "world_size": [0.12, 0.005, 0.12], "id": 383, "camera_size": [49, 50], "camera_position": [246, 253], "world_position": [0.7051935350789424, 0.7064127561201103, -0.17410151293653264], "world_orientation": [-8.384870624776411e-06, 0.0008002778280541737, 0.9999996797424948, -0.0007624900165365334, -0.9999993890873022, 0.0008002712020673435, 0.999999709269292, -0.000762483062173251, 8.9950693570639e-06], "world_rotation": [0.0, 1.0, 0.0, 0.0]}, {"color": "CVRed", "id_name": "object219717894251320", "shape": "CVBox", "id_string": "ob1262", "world_size": [0.09, 0.09, 0.09], "id": 1262, "camera_size": [37, 37], "camera_position": [256, 254], "world_position": [0.705, 0.6448569696296074, -0.15], "world_orientation": [1.0, -4.331917303826236e-17, -1.1712398707441946e-17, 4.331917303826236e-17, 1.0, -5.775889738434995e-17, 1.1712398707441946e-17, 5.775889738434995e-17, 1.0], "world_rotation": [-0.7896765794068324, 0.16013129347666225, -0.5922574345551229, -7.314247236221149e-17]}], "source": "action wait"}
{"timestamp": 1706069676.208465, "objects": [{"color": "cv_", "id_name": "hand", "shape": "CVCylinder", "id_string": "ob383", "world_size": [0.12, 0.005, 0.12], "id": 383, "camera_size": [49, 50], "camera_position": [246, 253], "world_position": [0.7061083092557716, 0.7058850575120512, -0.1741025189324262], "world_orientation": [-7.3945524148006095e-06, 6.575954277987904e-05, 0.9999999978105016, -0.0007626115182000512, -0.9999997070500067, 6.575388448909448e-05, 0.9999997091844542, -0.0007626110303101417, 7.4446992336863e-06], "world_rotation": [0.0, 1.0, 0.0, 0.0]}, {"color": "CVRed", "id_name": "object219717894251320", "shape": "CVBox", "id_string": "ob1262", "world_size": [0.09, 0.09, 0.09], "id": 1262, "camera_size": [37, 37], "camera_position": [256, 254], "world_position": [0.705, 0.6448569696296074, -0.15], "world_orientation": [1.0, -4.331917303826236e-17, -1.1712398707441946e-17, 4.331917303826236e-17, 1.0, -5.775889738434995e-17, 1.1712398707441946e-17, 5.775889738434995e-17, 1.0], "world_rotation": [-0.7896765794068324, 0.16013129347666225, -0.5922574345551229, -7.314247236221149e-17]}], "source": "action wait"}
{"timestamp": 1706069676.238823, "objects": [{"color": "cv_", "id_name": "hand", "shape": "CVCylinder", "id_string": "ob383", "world_size": [0.12, 0.005, 0.12], "id": 383, "camera_size": [49, 50], "camera_position": [246, 253], "world_position": [0.7067525602825507, 0.7055136987289145, -0.17410327275629536], "world_orientation": [-6.620649487459823e-06, -0.0004520239776316648, 0.9999998978152401, -0.0007627200782250225, -0.9999996069639027, -0.0004520288958623432, 0.9999997091070825, -0.0007627229930118931, 6.275879122090872e-06], "world_rotation": [0.0, 1.0, 0.0, 0.0]}, {"color": "CVRed", "id_name": "object219717894251320", "shape": "CVBox", "id_string": "ob1262", "world_size": [0.09, 0.09, 0.09], "id": 1262, "camera_size": [37, 37], "camera_position": [256, 254], "world_position": [0.705, 0.6448569696296074, -0.15], "world_orientation": [1.0, -4.331917303826236e-17, -1.1712398707441946e-17, 4.331917303826236e-17, 1.0, -5.775889738434995e-17, 1.1712398707441946e-17, 5.775889738434995e-17, 1.0], "world_rotation": [-0.7896765794068324, 0.16013129347666225, -0.5922574345551229, -7.314247236221149e-17]}], "source": "action wait"}
{"timestamp": 1706069676.273642, "objects": [{"color": "cv_", "id_name": "hand", "shape": "CVCylinder", "id_string": "ob383", "world_size": [0.12, 0.005, 0.12], "id": 383, "camera_size": [49, 49], "camera_position": [246, 253], "world_position": [0.7072064011439375, 0.7052524878684157, -0.17410383552608885], "world_orientation": [-6.022306642704026e-06, -0.0008170341878176322, 0.9999996662093783, -0.0007628114696468235, -0.9999993752831445, -0.0008170385440066104, 0.9999997090411545, -0.0007628161354845292, 5.39905983127066e-06], "world_rotation": [0.0, 1.0, 0.0, 0.0]}, {"color": "CVRed", "id_name": "object219717894251320", "shape": "CVBox", "id_string": "ob1262", "world_size": [0.09, 0.09, 0.09], "id": 1262, "camera_size": [37, 37], "camera_position": [256, 254], "world_position": [0.705, 0.6448569696296074, -0.15], "world_orientation": [1.0, -4.331917303826236e-17, -1.1712398707441946e-17, 4.331917303826236e-17, 1.0, -5.775889738434995e-17, 1.1712398707441946e-17, 5.775889738434995e-17, 1.0], "world_rotation": [-0.7896765794068324, 0.16013129347666225, -0.5922574345551229, -7.314247236221149e-17]}], "source": "action wait"}
{"timestamp": 1706069676.309383, "objects": [{"color": "cv_", "id_name": "hand", "shape": "CVCylinder", "id_string": "ob383", "world_size": [0.12, 0.005, 0.12], "id": 383, "camera_size": [49, 49], "camera_position": [246, 253], "world_position": [0.7075261714512295, 0.7050687988053672, -0.17410425434448049], "world_orientation": [-5.5636914881678415e-06, -0.0010743534447542784, 0.9999994228666941, -0.0007628854730116938, -0.9999991318806145, -0.0010743573765937139, 0.9999997089873578, -0.0007628910101184362, 4.744078022700176e-06], "world_rotation": [0.0, 1.0, 0.0, 0.0]}, {"color": "CVRed", "id_name": "object219717894251320", "shape": "CVBox", "id_string": "ob1262", "world_size": [0.09, 0.09, 0.09], "id": 1262, "camera_size": [37, 37], "camera_position": [256, 254], "world_position": [0.705, 0.6448569696296074, -0.15], "world_orientation": [1.0, -4.331917303826236e-17, -1.1712398707441946e-17, 4.331917303826236e-17, 1.0, -5.775889738434995e-17, 1.1712398707441946e-17, 5.775889738434995e-17, 1.0], "world_rotation": [-0.7896765794068324, 0.16013129347666225, -0.5922574345551229, -7.314247236221149e-17]}], "source": "action wait"}
{"timestamp": 1706069677.401091, "objects": [{"color": "cv_", "id_name": "hand", "shape": "CVCylinder", "id_string": "ob383", "world_size": [0.12, 0.005, 0.12], "id": 383, "camera_size": [49, 50], "camera_position": [246, 252], "world_position": [0.7082898596833029, 0.7046333222071584, -0.17410543570424705], "world_orientation": [-4.177187744599226e-06, -0.0016893217295014435, 0.9999985730863048, -0.0007631194661629757, -0.9999982819143574, -0.0016893244253151321, 0.9999997088155733, -0.0007631254338830098, 2.888026271801924e-06], "world_rotation": [0.0, 1.0, 0.0, 0.0]}, {"color": "CVRed", "id_name": "object219717894251320", "shape": "CVBox", "id_string": "ob1262", "world_size": [0.09, 0.09, 0.09], "id": 1262, "camera_size": [37, 37], "camera_position": [256, 254], "world_position": [0.705, 0.6448569696296074, -0.15], "world_orientation": [1.0, -4.331917303826236e-17, -1.1712398707441946e-17, 4.331917303826236e-17, 1.0, -5.775889738434995e-17, 1.1712398707441946e-17, 5.775889738434995e-17, 1.0], "world_rotation": [-0.7896765794068324, 0.16013129347666225, -0.5922574345551229, -7.314247236221149e-17]}], "source": "action wait"}
{"timestamp": 1706069677.434088, "objects": [{"color": "cv_", "id_name": "hand", "shape": "CVCylinder", "id_string": "ob383", "world_size": [0.12, 0.005, 0.12], "id": 383, "camera_size": [51, 51], "camera_position": [246, 251], "world_position": [0.7111913987005342, 0.7281223832686883, -0.17409758824396737], "world_orientation": [1.89931936175749e-05, 0.03261745594736127, 0.9994679090429971, -0.0007431456979373853, -0.9994676327770112, 0.03261746105369519, 0.999999723686827, -0.0007433697865852349, 5.256439801461871e-06], "world_rotation": [0.0, 1.0, 0.0, 0.0]}, {"color": "CVRed", "id_name": "object219717894251320", "shape": "CVBox", "id_string": "ob1262", "world_size": [0.09, 0.09, 0.09], "id": 1262, "camera_size": [38, 38], "camera_position": [252, 251], "world_position": [0.7106047089499532, 0.6736320977922156, -0.1586669853477561], "world_orientation": [0.9994223580139567, -0.03398455961741917, -3.0712698624937303e-06, 0.03398455969765469, 0.9994223575156341, 3.1623550654099614e-05, 1.9947833240215443e-06, -3.170965931748356e-05, 0.9999999994952592], "world_rotation": [0.000931793481211492, 7.453459783238015e-05, -0.9999995631026556, -0.03399111966235537]}], "source": "action wait"}
{"timestamp": 1706069677.460024, "objects": [{"color": "cv_", "id_name": "hand", "shape": "CVCylinder", "id_string": "ob383", "world_size": [0.12, 0.005, 0.12], "id": 383, "camera_size": [52, 53], "camera_position": [245, 249], "world_position": [0.7152380162831851, 0.7845967060682955, -0.17410885623723507], "world_orientation": [8.149311247167954e-05, 0.11376239570813375, 0.9935079821932075, -0.0007253715103544894, -0.9935077173933838, 0.11376242488607755, 0.9999997335974868, -0.0007299332396793446, 1.555964641720736e-06], "world_rotation": [0.0, 1.0, 0.0, 0.0]}, {"color": "CVRed", "id_name": "object219717894251320", "shape": "CVBox", "id_string": "ob1262", "world_size": [0.09, 0.09, 0.09], "id": 1262, "camera_size": [39, 44], "camera_position": [250, 247], "world_position": [0.7190636639986855, 0.7335535481999113, -0.1642319882507758], "world_orientation": [0.9933750998451188, -0.11491697433766691, -4.095882864028033e-06, 0.11491697439354283, 0.9933750984510054, 5.266582713664841e-05, -1.983449462236555e-06, -5.278760775649835e-05, 0.9999999986047672], "world_rotation": [0.0004588244007067898, 9.191127729429409e-06, -0.9999998946978407, -0.11517143210596069]}], "source": "action wait"}
{"timestamp": 1706069677.489148, "objects": [{"color": "cv_", "id_name": "hand", "shape": "CVCylinder", "id_string": "ob383", "world_size": [0.12, 0.005, 0.12], "id": 383, "camera_size": [56, 55], "camera_position": [244, 250], "world_position": [0.7137012404938115, 0.8547545597216304, -0.17411221643772246], "world_orientation": [0.00015645682573333156, 0.21282450928617247, 0.9770904276311184, -0.0007211859974934402, -0.9770901614792237, 0.2128245667944892, 0.9999997277059725, -0.0007379617908514574, 6.13630900739174e-07], "world_rotation": [0.0, 1.0, 0.0, 0.0]}, {"color": "CVRed", "id_name": "object219717894251320", "shape": "CVBox", "id_string": "ob1262", "world_size": [0.09, 0.09, 0.09], "id": 1262, "camera_size": [41, 50], "camera_position": [248, 245], "world_position": [0.7225121135769951, 0.806387884759092, -0.16779029160461081], "world_orientation": [0.9768705845272725, -0.21383138456982248, -7.635289716383974e-06, 0.21383138468434681, 0.9768705832951778, 4.915805001357313e-05, -3.052843978283236e-06, -4.965371762350062e-05, 0.9999999987625943], "world_rotation": [0.0002310506597668582, 1.0715091293810178e-05, -0.9999999732503895, -0.2154953940015615]}], "source": "action wait"}
{"timestamp": 1706069677.521761, "objects": [{"color": "cv_", "id_name": "hand", "shape": "CVCylinder", "id_string": "ob383", "world_size": [0.12, 0.005, 0.12], "id": 383, "camera_size": [59, 57], "camera_position": [244, 254], "world_position": [0.7047193913467595, 0.9243650510123451, -0.17411314829631733], "world_orientation": [0.00023161475592741918, 0.3097543816147507, 0.9508165803271775, -0.000709548835996853, -0.9508163155760996, 0.3097544682078708, 0.9999997214474883, -0.0007463945033692838, -4.37227943823282e-07], "world_rotation": [0.0, 1.0, 0.0, 0.0]}, {"color": "CVRed", "id_name": "object219717894251320", "shape": "CVBox", "id_string": "ob1262", "world_size": [0.09, 0.09, 0.09], "id": 1262, "camera_size": [44, 55], "camera_position": [246, 247], "world_position": [0.718263598008774, 0.8784295766226943, -0.17006640420301047], "world_orientation": [0.950523042767139, -0.31065406012453944, -9.840688219147218e-06, 0.3106540602527705, 0.9505230417831814, 4.344785948054475e-05, -4.143453052047968e-06, -4.435524134612617e-05, 0.9999999990077222], "world_rotation": [0.0001413197366435329, 9.169741909230782e-06, -0.999999989972324, -0.31588106397367116]}], "source": "action wait"}
{"timestamp": 1706069677.555183, "objects": [{"color": "cv_", "id_name": "hand", "shape": "CVCylinder", "id_string": "ob383", "world_size": [0.12, 0.005, 0.12], "id": 383, "camera_size": [63, 59], "camera_position": [243, 262], "world_position": [0.6885467943753446, 0.9926529006602345, -0.17411360020370145], "world_orientation": [0.00030540769679885185, 0.40355478081604446, 0.9149554336724018, -0.0006874244972928628, -0.9149551754366427, 0.4035548963762711, 0.9999997170868097, -0.0007522115504719882, -2.020910471207472e-06], "world_rotation": [0.0, 1.0, 0.0, 0.0]}, {"color": "CVRed", "id_name": "object219717894251320", "shape": "CVBox", "id_string": "ob1262", "world_size": [0.09, 0.09, 0.09], "id": 1262, "camera_size": [47, 62], "camera_position": [245, 252], "world_position": [0.7065825713452756, 0.949141710786308, -0.17152290575369872], "world_orientation": [0.9145949681813486, -0.40437117114464577, -1.1156419098557556e-05, 0.404371171257981, 0.9145949673507207, 3.939775164869465e-05, -5.727710213452342e-06, -4.0544319673483184e-05, 0.9999999991616758], "world_rotation": [9.884739148482589e-05, 6.7125320065891054e-06, -0.9999999950920677, -0.41629117926314824]}], "source": "action wait"}
{"timestamp": 1706069677.591471, "objects": [{"color": "cv_", "id_name": "hand", "shape": "CVCylinder", "id_string": "ob383", "world_size": [0.12, 0.005, 0.12], "id": 383, "camera_size": [66, 60], "camera_position": [242, 275], "world_position": [0.66544465859458, 1.0589297409029523, -0.1741140253513665], "world_orientation": [0.0003766402783471583, 0.49328257974295625, 0.8698690445487958, -0.0006560452932477503, -0.8698687971670804, 0.49328272351631164, 0.9999997138732961, -0.0007564636347073115, -4.011911208563248e-06], "world_rotation": [0.0, 1.0, 0.0, 0.0]}, {"color": "CVRed", "id_name": "object219717894251320", "shape": "CVBox", "id_string": "ob1262", "world_size": [0.09, 0.09, 0.09], "id": 1262, "camera_size": [50, 68], "camera_position": [243, 262], "world_position": [0.6877228567845762, 1.0179806650995142, -0.1724551718858937], "world_orientation": [0.8694455941788448, -0.4940287022250684, -1.1866358624324815e-05, 0.49402870230753054, 0.8694455934478438, 3.6475528346453026e-05, -7.702804715780861e-06, -3.75758091684601e-05, 0.9999999992643627], "world_rotation": [7.494639174463141e-05, 4.213878543608808e-06, -0.9999999971826408, -0.5167173321313732]}], "source": "action wait"}
{"timestamp": 1706069677.630245, "objects": [{"color": "cv_", "id_name": "hand", "shape": "CVCylinder", "id_string": "ob383", "world_size": [0.12, 0.005, 0.12], "id": 383, "camera_size": [71, 60], "camera_position": [242, 289], "world_position": [0.6420473599840212, 1.1089118776602807, -0.17411354357531336], "world_orientation": [0.00043722298217322965, 0.5602155822349292, 0.8283467331119517, -0.000635368673491079, -0.8283464894611968, 0.5602157528166809, 0.9999997025713122, -0.000771244767115049, -6.228691040795292e-06], "world_rotation": [0.0, 1.0, 0.0, 0.0]}, {"color": "CVRed", "id_name": "object219717894251320", "shape": "CVBox", "id_string": "ob1262", "world_size": [0.09, 0.09, 0.09], "id": 1262, "camera_size": [52, 73], "camera_position": [242, 275], "world_position": [0.6674215006095469, 1.0703065841603423, -0.17305157800287732], "world_orientation": [0.8278782847515266, -0.5609077870837968, -5.0624716154098634e-06, 0.5609077870195376, 0.8278782844301835, 2.509545025901033e-05, -9.885123154710967e-06, -2.3615558066145497e-05, 0.9999999996722949], "world_rotation": [-4.3421583193583e-05, 4.298970032186335e-06, 0.9999999990480425, 0.5954819162143905]}], "source": "action wait"}
{"timestamp": 1706069677.665832, "objects": [{"color": "cv_", "id_name": "hand", "shape": "CVCylinder", "id_string": "ob383", "world_size": [0.12, 0.005, 0.12], "id": 383, "camera_size": [73, 61], "camera_position": [241, 302], "world_position": [0.6228295098319625, 1.142725872359537, -0.1741146443841913], "world_orientation": [0.0004789417965968453, 0.6053680394119557, 0.7959455430324868, -0.0006135973823531506, -0.7959453065800284, 0.6053682287925897, 0.999999697056458, -0.0007783262488010384, -9.759230782325127e-06], "world_rotation": [0.0, 1.0, 0.0, 0.0]}, {"color": "CVRed", "id_name": "object219717894251320", "shape": "CVBox", "id_string": "ob1262", "world_size": [0.09, 0.09, 0.09], "id": 1262, "camera_size": [54, 75], "camera_position": [241, 286], "world_position": [0.650238773447685, 1.1059752471365285, -0.17343455741939806], "world_orientation": [0.7954479523702906, -0.6060219097275401, 3.121889515164889e-07, 0.6060219095797383, 0.7954479521874593, 2.1681908383531923e-05, -1.338804158730492e-05, -1.7057636282612986e-05, 0.9999999997648987], "world_rotation": [-3.1962165085766614e-05, 1.1303411900386871e-05, 0.9999999994253264, 0.6510499371925678]}], "source": "action wait"}
{"timestamp": 1706069677.698926, "objects": [{"color": "cv_", "id_name": "hand", "shape": "CVCylinder", "id_string": "ob383", "world_size": [0.12, 0.005, 0.12], "id": 383, "camera_size": [75, 61], "camera_position": [241, 312], "world_position": [0.6080186747941182, 1.1657773573094077, -0.17411630629438848], "world_orientation": [0.0005068586917902331, 0.6360992658021035, 0.7716070678397725, -0.0005938392447106126, -0.7716068394419512, 0.6360994676002761, 0.9999996952245627, -0.0007806231023757275, -1.3354925650511471e-05], "world_rotation": [0.0, 1.0, 0.0, 0.0]}, {"color": "CVRed", "id_name": "object219717894251320", "shape": "CVBox", "id_string": "ob1262", "world_size": [0.09, 0.09, 0.09], "id": 1262, "camera_size": [56, 78], "camera_position": [241, 294], "world_position": [0.6367841446936264, 1.1304190308329332, -0.17368050922450887], "world_orientation": [0.771090010103453, -0.6367261548787019, 3.4698987898268915e-06, 0.6367261546621633, 0.7710900099635145, 2.2441077711376695e-05, -1.6964425414919026e-05, -1.5094715525684457e-05, 0.9999999997421789], "world_rotation": [-2.947561752780218e-05, 1.6046399256683435e-05, 0.9999999994368506, 0.6902450476459603]}], "source": "action wait"}
{"timestamp": 1706069677.729159, "objects": [{"color": "cv_", "id_name": "hand", "shape": "CVCylinder", "id_string": "ob383", "world_size": [0.12, 0.005, 0.12], "id": 383, "camera_size": [76, 62], "camera_position": [240, 319], "world_position": [0.5969924771160509, 1.1816178369112147, -0.17411790667236524], "world_orientation": [0.0005252263698713848, 0.6571889622326844, 0.7537256742720043, -0.0005775615216462674, -0.7537254531628039, 0.6571891719111135, 0.9999996952799282, -0.0007804960304180824, -1.630942660761907e-05], "world_rotation": [0.0, 1.0, 0.0, 0.0]}, {"color": "CVRed", "id_name": "object219717894251320", "shape": "CVBox", "id_string": "ob1262", "world_size": [0.09, 0.09, 0.09], "id": 1262, "camera_size": [57, 80], "camera_position": [241, 301], "world_position": [0.6266743947655639, 1.147274709266142, -0.17383837646079695], "world_orientation": [0.7531953048011103, -0.6577969540839596, 4.840251313630115e-06, 0.6577969538005655, 0.7531953046585114, 2.4719809711358244e-05, -1.990627009645994e-05, -1.5434942040436836e-05, 0.9999999996827516], "world_rotation": [-3.052214781881743e-05, 1.8810152012620354e-05, 0.9999999993572883, 0.7178900785024604]}], "source": "action wait"}
{"timestamp": 1706069677.752665, "objects": [{"color": "cv_", "id_name": "hand", "shape": "CVCylinder", "id_string": "ob383", "world_size": [0.12, 0.005, 0.12], "id": 383, "camera_size": [76, 62], "camera_position": [240, 325], "world_position": [0.5889506497482875, 1.192578043406721, -0.17411922377924735], "world_orientation": [0.0005371804615128585, 0.6717620874956449, 0.7407667711504375, -0.0005648359129043006, -0.7407665560369987, 0.671762302021687, 0.9999996961987256, -0.0007792692588588971, -1.848996849962624e-05], "world_rotation": [0.0, 1.0, 0.0, 0.0]}, {"color": "CVRed", "id_name": "object219717894251320", "shape": "CVBox", "id_string": "ob1262", "world_size": [0.09, 0.09, 0.09], "id": 1262, "camera_size": [57, 82], "camera_position": [241, 306], "world_position": [0.619259431508785, 1.158962506602196, -0.17393964846601864], "world_orientation": [0.740227147947921, -0.6723568765286722, 5.049234024222253e-06, 0.672356876185117, 0.7402271477745458, 2.727915016352424e-05, -2.20789042985e-05, -1.679788030833493e-05, 0.9999999996151766], "world_rotation": [-3.277800227019251e-05, 2.0173913033819216e-05, 0.9999999992593079, 0.7373881933014792]}], "source": "action wait"}
