{"timestamp": 1706069292.991513, "objects": [{"color": "cv_", "id_name": "hand", "shape": "CVCylinder", "id_string": "ob383", "world_size": [0.12, 0.005, 0.12], "id": 383, "camera_size": [48, 50], "camera_position": [246, 426], "world_position": [0.2676445155730219, 0.6334703011720997, -0.17389260400900874], "world_orientation": [-0.0006415518874506122, 0.19791547456950143, 0.9802188803206684, -0.0007473676696669725, -0.9802189031849193, 0.19791499003491492, 0.9999995149262535, -0.0006056111649374476, 0.0007767769144735238], "world_rotation": [0.0, 1.0, 0.0, 0.0]}, {"color": "CVRed", "id_name": "object118658836357677", "shape": "CVBox", "id_string": "ob1122", "world_size": [0.09, 0.09, 0.09], "id": 1122, "camera_size": [37, 37], "camera_position": [256, 254], "world_position": [0.705, 0.6448569696296074, -0.15], "world_orientation": [1.0, -4.331917303826236e-17, -1.1712398707441946e-17, 4.331917303826236e-17, 1.0, -5.775889738434995e-17, 1.1712398707441946e-17, 5.775889738434995e-17, 1.0], "world_rotation": [-0.7896765794068324, 0.16013129347666225, -0.5922574345551229, -7.314247236221149e-17]}], "source": "action wait"}
{"timestamp": 1706069293.021533, "objects": [{"color": "cv_", "id_name": "hand", "shape": "CVCylinder", "id_string": "ob383", "world_size": [0.12, 0.005, 0.12], "id": 383, "camera_size": [49, 51], "camera_position": [246, 421], "world_position": [0.2911319612750884, 0.6677895635343744, -0.1739560879815264], "world_orientation": [-0.0003826491569575184, 0.19838688835038054, 0.9801237146964031, -0.0007151340250477155, -0.9801235901132347, 0.19838658393870878, 0.9999996710814204, -0.0006250073580400027, 0.0005169166794541342], "world_rotation": [0.0, 1.0, 0.0, 0.0]}, {"color": "CVRed", "id_name": "object118658836357677", "shape": "CVBox", "id_string": "ob1122", "world_size": [0.09, 0.09, 0.09], "id": 1122, "camera_size": [37, 37], "camera_position": [256, 254], "world_position": [0.705, 0.6448569696296074, -0.15], "world_orientation": [1.0, -4.331917303826236e-17, -1.1712398707441946e-17, 4.331917303826236e-17, 1.0, -5.775889738434995e-17, 1.1712398707441946e-17, 5.775889738434995e-17, 1.0], "world_rotation": [-0.7896765794068324, 0.16013129347666225, -0.5922574345551229, -7.314247236221149e-17]}], "source": "action wait"}
{"timestamp": 1706069293.052304, "objects": [{"color": "cv_", "id_name": "hand", "shape": "CVCylinder", "id_string": "ob383", "world_size": [0.12, 0.005, 0.12], "id": 383, "camera_size": [51, 52], "camera_position": [246, 406], "world_position": [0.3371924086834647, 0.7058260908849638, -0.1739839031806328], "world_orientation": [-0.0002229571563130003, 0.18693687170863565, 0.9823719032453522, -0.0007314714542392002, -0.9823716953397533, 0.18693666613270615, 0.9999997076197664, -0.0006768981371793175, 0.0003557657850354009], "world_rotation": [0.0, 1.0, 0.0, 0.0]}, {"color": "CVRed", "id_name": "object118658836357677", "shape": "CVBox", "id_string": "ob1122", "world_size": [0.09, 0.09, 0.09], "id": 1122, "camera_size": [37, 37], "camera_position": [256, 254], "world_position": [0.705, 0.6448569696296074, -0.15], "world_orientation": [1.0, -4.331917303826236e-17, -1.1712398707441946e-17, 4.331917303826236e-17, 1.0, -5.775889738434995e-17, 1.1712398707441946e-17, 5.775889738434995e-17, 1.0], "world_rotation": [-0.7896765794068324, 0.16013129347666225, -0.5922574345551229, -7.314247236221149e-17]}], "source": "action wait"}
{"timestamp": 1706069293.074186, "objects": [{"color": "cv_", "id_name": "hand", "shape": "CVCylinder", "id_string": "ob383", "world_size": [0.12, 0.005, 0.12], "id": 383, "camera_size": [51, 53], "camera_position": [246, 388], "world_position": [0.3877728173332645, 0.7390473800827874, -0.17400442812588038], "world_orientation": [-0.0001193263644656932, 0.17877756922984794, 0.9838895092953709, -0.0007426762191297685, -0.9838892608024745, 0.17877743400550855, 0.9999997170965862, -0.0007093784795568387, 0.00025017777770965495], "world_rotation": [0.0, 1.0, 0.0, 0.0]}, {"color": "CVRed", "id_name": "object118658836357677", "shape": "CVBox", "id_string": "ob1122", "world_size": [0.09, 0.09, 0.09], "id": 1122, "camera_size": [37, 37], "camera_position": [256, 254], "world_position": [0.705, 0.6448569696296074, -0.15], "world_orientation": [1.0, -4.331917303826236e-17, -1.1712398707441946e-17, 4.331917303826236e-17, 1.0, -5.775889738434995e-17, 1.1712398707441946e-17, 5.775889738434995e-17, 1.0], "world_rotation": [-0.7896765794068324, 0.16013129347666225, -0.5922574345551229, -7.314247236221149e-17]}], "source": "action wait"}
{"timestamp": 1706069293.105731, "objects": [{"color": "cv_", "id_name": "hand", "shape": "CVCylinder", "id_string": "ob383", "world_size": [0.12, 0.005, 0.12], "id": 383, "camera_size": [52, 54], "camera_position": [245, 367], "world_position": [0.44190221246576633, 0.7670286601456298, -0.17402294521244246], "world_orientation": [-4.6402527994921385e-05, 0.173013156755634, 0.9849195121614027, -0.0007500378810692018, -0.984919242206619, 0.17301307399822927, 0.9999997176449513, -0.0007306986999158655, 0.00017546916419974054], "world_rotation": [0.0, 1.0, 0.0, 0.0]}, {"color": "CVRed", "id_name": "object118658836357677", "shape": "CVBox", "id_string": "ob1122", "world_size": [0.09, 0.09, 0.09], "id": 1122, "camera_size": [37, 37], "camera_position": [256, 254], "world_position": [0.705, 0.6448569696296074, -0.15], "world_orientation": [1.0, -4.331917303826236e-17, -1.1712398707441946e-17, 4.331917303826236e-17, 1.0, -5.775889738434995e-17, 1.1712398707441946e-17, 5.775889738434995e-17, 1.0], "world_rotation": [-0.7896765794068324, 0.16013129347666225, -0.5922574345551229, -7.314247236221149e-17]}], "source": "action wait"}
{"timestamp": 1706069293.138552, "objects": [{"color": "cv_", "id_name": "hand", "shape": "CVCylinder", "id_string": "ob383", "world_size": [0.12, 0.005, 0.12], "id": 383, "camera_size": [52, 54], "camera_position": [245, 343], "world_position": [0.49918867201045747, 0.7798219100400601, -0.17403806128729246], "world_orientation": [-4.4918205791624534e-06, 0.15516070591326403, 0.9878892424357707, -0.0007645945344735912, -0.9878889542161844, 0.15516065716814817, 0.9999997076874679, -0.000754637761599014, 0.0001230724476412376], "world_rotation": [0.0, 1.0, 0.0, 0.0]}, {"color": "CVRed", "id_name": "object118658836357677", "shape": "CVBox", "id_string": "ob1122", "world_size": [0.09, 0.09, 0.09], "id": 1122, "camera_size": [37, 37], "camera_position": [256, 254], "world_position": [0.705, 0.6448569696296074, -0.15], "world_orientation": [1.0, -4.331917303826236e-17, -1.1712398707441946e-17, 4.331917303826236e-17, 1.0, -5.775889738434995e-17, 1.1712398707441946e-17, 5.775889738434995e-17, 1.0], "world_rotation": [-0.7896765794068324, 0.16013129347666225, -0.5922574345551229, -7.314247236221149e-17]}], "source": "action wait"}
{"timestamp": 1706069293.173309, "objects": [{"color": "cv_", "id_name": "hand", "shape": "CVCylinder", "id_string": "ob383", "world_size": [0.12, 0.005, 0.12], "id": 383, "camera_size": [52, 52], "camera_position": [245, 317], "world_position": [0.5577630247753553, 0.7698818596493259, -0.17404991216286458], "world_orientation": [5.425276885979649e-07, 0.11470400913181972, 0.9933997132518174, -0.0007769651283284105, -0.9933994133583759, 0.11470397492861412, 0.999999698162402, -0.0007718991657708441, 8.858206848770719e-05], "world_rotation": [0.0, 1.0, 0.0, 0.0]}, {"color": "CVRed", "id_name": "object118658836357677", "shape": "CVBox", "id_string": "ob1122", "world_size": [0.09, 0.09, 0.09], "id": 1122, "camera_size": [37, 37], "camera_position": [256, 254], "world_position": [0.705, 0.6448569696296074, -0.15], "world_orientation": [1.0, -4.331917303826236e-17, -1.1712398707441946e-17, 4.331917303826236e-17, 1.0, -5.775889738434995e-17, 1.1712398707441946e-17, 5.775889738434995e-17, 1.0], "world_rotation": [-0.7896765794068324, 0.16013129347666225, -0.5922574345551229, -7.314247236221149e-17]}], "source": "action wait"}
{"timestamp": 1706069293.20899, "objects": [{"color": "cv_", "id_name": "hand", "shape": "CVCylinder", "id_string": "ob383", "world_size": [0.12, 0.005, 0.12], "id": 383, "camera_size": [52, 52], "camera_position": [245, 297], "world_position": [0.6028792066049883, 0.7553226668585269, -0.1740555925096795], "world_orientation": [-1.4602473361000542e-05, 0.08044601927137598, 0.996758966736772, -0.0007750312985882232, -0.9967586683900798, 0.08044598383835906, 0.9999996995565819, -0.0007713446860338213, 7.690332468505254e-05], "world_rotation": [0.0, 1.0, 0.0, 0.0]}, {"color": "CVRed", "id_name": "object118658836357677", "shape": "CVBox", "id_string": "ob1122", "world_size": [0.09, 0.09, 0.09], "id": 1122, "camera_size": [37, 37], "camera_position": [256, 254], "world_position": [0.705, 0.6448569696296074, -0.15], "world_orientation": [1.0, -4.331917303826236e-17, -1.1712398707441946e-17, 4.331917303826236e-17, 1.0, -5.775889738434995e-17, 1.1712398707441946e-17, 5.775889738434995e-17, 1.0], "world_rotation": [-0.7896765794068324, 0.16013129347666225, -0.5922574345551229, -7.314247236221149e-17]}], "source": "action wait"}
{"timestamp": 1706069293.242713, "objects": [{"color": "cv_", "id_name": "hand", "shape": "CVCylinder", "id_string": "ob383", "world_size": [0.12, 0.005, 0.12], "id": 383, "camera_size": [51, 51], "camera_position": [246, 284], "world_position": [0.6344970587805341, 0.7426103645177037, -0.17406331144964773], "world_orientation": [-2.1429073676282368e-05, 0.05623424466061241, 0.9984176026434255, -0.0007711152777663918, -0.998417306962927, 0.05623421145641493, 0.9999997024609675, -0.0007686900199291107, 6.475824322241963e-05], "world_rotation": [0.0, 1.0, 0.0, 0.0]}, {"color": "CVRed", "id_name": "object118658836357677", "shape": "CVBox", "id_string": "ob1122", "world_size": [0.09, 0.09, 0.09], "id": 1122, "camera_size": [37, 37], "camera_position": [256, 254], "world_position": [0.705, 0.6448569696296074, -0.15], "world_orientation": [1.0, -4.331917303826236e-17, -1.1712398707441946e-17, 4.331917303826236e-17, 1.0, -5.775889738434995e-17, 1.1712398707441946e-17, 5.775889738434995e-17, 1.0], "world_rotation": [-0.7896765794068324, 0.16013129347666225, -0.5922574345551229, -7.314247236221149e-17]}], "source": "action wait"}
{"timestamp": 1706069293.275483, "objects": [{"color": "cv_", "id_name": "hand", "shape": "CVCylinder", "id_string": "ob383", "world_size": [0.12, 0.005, 0.12], "id": 383, "camera_size": [51, 51], "camera_position": [246, 274], "world_position": [0.6565983242080933, 0.732465318961527, -0.1740712034913023], "world_orientation": [-2.3182906497509333e-05, 0.039147628061844526, 0.9992334375308326, -0.0007676266738866019, -0.9992331440964644, 0.039147598756303435, 0.9999997051058779, -0.0007661306849668773, 5.321589206884226e-05], "world_rotation": [0.0, 1.0, 0.0, 0.0]}, {"color": "CVRed", "id_name": "object118658836357677", "shape": "CVBox", "id_string": "ob1122", "world_size": [0.09, 0.09, 0.09], "id": 1122, "camera_size": [37, 37], "camera_position": [256, 254], "world_position": [0.705, 0.6448569696296074, -0.15], "world_orientation": [1.0, -4.331917303826236e-17, -1.1712398707441946e-17, 4.331917303826236e-17, 1.0, -5.775889738434995e-17, 1.1712398707441946e-17, 5.775889738434995e-17, 1.0], "world_rotation": [-0.7896765794068324, 0.16013129347666225, -0.5922574345551229, -7.314247236221149e-17]}], "source": "action wait"}
{"timestamp": 1706069293.30644, "objects": [{"color": "cv_", "id_name": "hand", "shape": "CVCylinder", "id_string": "ob383", "world_size": [0.12, 0.005, 0.12], "id": 383, "camera_size": [51, 50], "camera_position": [246, 267], "world_position": [0.6720504231851089, 0.724749244978564, -0.17407831450697805], "world_orientation": [-2.228802415397889e-05, 0.027097489991173843, 0.9996327953500836, -0.0007651442050573741, -0.9996325034450979, 0.027097465018559187, 0.999999707028752, -0.0007642592915929167, 4.30133208206076e-05], "world_rotation": [0.0, 1.0, 0.0, 0.0]}, {"color": "CVRed", "id_name": "object118658836357677", "shape": "CVBox", "id_string": "ob1122", "world_size": [0.09, 0.09, 0.09], "id": 1122, "camera_size": [37, 37], "camera_position": [256, 254], "world_position": [0.705, 0.6448569696296074, -0.15], "world_orientation": [1.0, -4.331917303826236e-17, -1.1712398707441946e-17, 4.331917303826236e-17, 1.0, -5.775889738434995e-17, 1.1712398707441946e-17, 5.775889738434995e-17, 1.0], "world_rotation": [-0.7896765794068324, 0.16013129347666225, -0.5922574345551229, -7.314247236221149e-17]}], "source": "action wait"}
{"timestamp": 1706069293.337431, "objects": [{"color": "cv_", "id_name": "hand", "shape": "CVCylinder", "id_string": "ob383", "world_size": [0.12, 0.005, 0.12], "id": 383, "camera_size": [51, 50], "camera_position": [246, 263], "world_position": [0.6828657016994844, 0.7190450086973621, -0.17408431982449837], "world_orientation": [-2.0189721586686636e-05, 0.01860204909058801, 0.9998269667107437, -0.0007635993215738119, -0.9998266757097479, 0.018602028256910912, 0.999999708254183, -0.0007630916237004305, 3.439073428334894e-05], "world_rotation": [0.0, 1.0, 0.0, 0.0]}, {"color": "CVRed", "id_name": "object118658836357677", "shape": "CVBox", "id_string": "ob1122", "world_size": [0.09, 0.09, 0.09], "id": 1122, "camera_size": [37, 37], "camera_position": [256, 254], "world_position": [0.705, 0.6448569696296074, -0.15], "world_orientation": [1.0, -4.331917303826236e-17, -1.1712398707441946e-17, 4.331917303826236e-17, 1.0, -5.775889738434995e-17, 1.1712398707441946e-17, 5.775889738434995e-17, 1.0], "world_rotation": [-0.7896765794068324, 0.16013129347666225, -0.5922574345551229, -7.314247236221149e-17]}], "source": "action wait"}
{"timestamp": 1706069293.36912, "objects": [{"color": "cv_", "id_name": "hand", "shape": "CVCylinder", "id_string": "ob383", "world_size": [0.12, 0.005, 0.12], "id": 383, "camera_size": [50, 51], "camera_position": [245, 260], "world_position": [0.6904454002960457, 0.7149022097077619, -0.1740891994830509], "world_orientation": [-1.7703492864831226e-05, 0.012613593777335627, 0.9999204453048286, -0.0007627499280009396, -0.9999201547612218, 0.01261357660783313, 0.9999997089495246, -0.0007624659432997769, 2.7323097071080983e-05], "world_rotation": [0.0, 1.0, 0.0, 0.0]}, {"color": "CVRed", "id_name": "object118658836357677", "shape": "CVBox", "id_string": "ob1122", "world_size": [0.09, 0.09, 0.09], "id": 1122, "camera_size": [37, 37], "camera_position": [256, 254], "world_position": [0.705, 0.6448569696296074, -0.15], "world_orientation": [1.0, -4.331917303826236e-17, -1.1712398707441946e-17, 4.331917303826236e-17, 1.0, -5.775889738434995e-17, 1.1712398707441946e-17, 5.775889738434995e-17, 1.0], "world_rotation": [-0.7896765794068324, 0.16013129347666225, -0.5922574345551229, -7.314247236221149e-17]}], "source": "action wait"}
{"timestamp": 1706069293.400324, "objects": [{"color": "cv_", "id_name": "hand", "shape": "CVCylinder", "id_string": "ob383", "world_size": [0.12, 0.005, 0.12], "id": 383, "camera_size": [49, 50], "camera_position": [246, 257], "world_position": [0.6957638960896633, 0.7119276463349674, -0.1740930663549771], "world_orientation": [-1.5259506121101867e-05, 0.008392568164685922, 0.9999647816632087, -0.0007623575290988454, -0.9999644912929542, 0.008392554094039216, 0.9999997092890306, -0.0007622026139043923, 2.165710180496029e-05], "world_rotation": [0.0, 1.0, 0.0, 0.0]}, {"color": "CVRed", "id_name": "object118658836357677", "shape": "CVBox", "id_string": "ob1122", "world_size": [0.09, 0.09, 0.09], "id": 1122, "camera_size": [37, 37], "camera_position": [256, 254], "world_position": [0.705, 0.6448569696296074, -0.15], "world_orientation": [1.0, -4.331917303826236e-17, -1.1712398707441946e-17, 4.331917303826236e-17, 1.0, -5.775889738434995e-17, 1.1712398707441946e-17, 5.775889738434995e-17, 1.0], "world_rotation": [-0.7896765794068324, 0.16013129347666225, -0.5922574345551229, -7.314247236221149e-17]}], "source": "action wait"}
{"timestamp": 1706069293.437799, "objects": [{"color": "cv_", "id_name": "hand", "shape": "CVCylinder", "id_string": "ob383", "world_size": [0.12, 0.005, 0.12], "id": 383, "camera_size": [49, 50], "camera_position": [246, 256], "world_position": [0.6994995503079751, 0.7098078528465904, -0.17409607824580842], "world_orientation": [-1.3061126881136749e-05, 0.005417373273099682, 0.999985325840448, -0.0007622386728159794, -0.9999850354800004, 0.00541736174424393, 0.9999997094107641, -0.0007621567307553413, 1.7190262841844792e-05], "world_rotation": [0.0, 1.0, 0.0, 0.0]}, {"color": "CVRed", "id_name": "object118658836357677", "shape": "CVBox", "id_string": "ob1122", "world_size": [0.09, 0.09, 0.09], "id": 1122, "camera_size": [37, 37], "camera_position": [256, 254], "world_position": [0.705, 0.6448569696296074, -0.15], "world_orientation": [1.0, -4.331917303826236e-17, -1.1712398707441946e-17, 4.331917303826236e-17, 1.0, -5.775889738434995e-17, 1.1712398707441946e-17, 5.775889738434995e-17, 1.0], "world_rotation": [-0.7896765794068324, 0.16013129347666225, -0.5922574345551229, -7.314247236221149e-17]}], "source": "action wait"}
{"timestamp": 1706069293.476726, "objects": [{"color": "cv_", "id_name": "hand", "shape": "CVCylinder", "id_string": "ob383", "world_size": [0.12, 0.005, 0.12], "id": 383, "camera_size": [49, 50], "camera_position": [246, 255], "world_position": [0.7021255836201111, 0.7083046763265525, -0.17409839531734617], "world_orientation": [-1.1183541769410963e-05, 0.0033202830686747753, 0.9999944877824439, -0.0007622681647175232, -0.9999941973484661, 0.0033202735794419565, 0.9999997094110445, -0.0007622268305116789, 1.3714422956682017e-05], "world_rotation": [0.0, 1.0, 0.0, 0.0]}, {"color": "CVRed", "id_name": "object118658836357677", "shape": "CVBox", "id_string": "ob1122", "world_size": [0.09, 0.09, 0.09], "id": 1122, "camera_size": [37, 37], "camera_position": [256, 254], "world_position": [0.705, 0.6448569696296074, -0.15], "world_orientation": [1.0, -4.331917303826236e-17, -1.1712398707441946e-17, 4.331917303826236e-17, 1.0, -5.775889738434995e-17, 1.1712398707441946e-17, 5.775889738434995e-17, 1.0], "world_rotation": [-0.7896765794068324, 0.16013129347666225, -0.5922574345551229, -7.314247236221149e-17]}], "source": "action wait"}
{"timestamp": 1706069293.512887, "objects": [{"color": "cv_", "id_name": "hand", "shape": "CVCylinder", "id_string": "ob383", "world_size": [0.12, 0.005, 0.12], "id": 383, "camera_size": [49, 50], "camera_position": [246, 254], "world_position": [0.7039727863617099, 0.7072422347450668, -0.17410016152592803], "world_orientation": [-9.633343203574854e-06, 0.00184210119578793, 0.9999983032837522, -0.0007623672677872057, -0.9999980127422067, 0.0018420933164224674, 0.9999997093516317, -0.0007623482287494948, 1.1037681715623818e-05], "world_rotation": [0.0, 1.0, 0.0, 0.0]}, {"color": "CVRed", "id_name": "object118658836357677", "shape": "CVBox", "id_string": "ob1122", "world_size": [0.09, 0.09, 0.09], "id": 1122, "camera_size": [37, 37], "camera_position": [256, 254], "world_position": [0.705, 0.6448569696296074, -0.15], "world_orientation": [1.0, -4.331917303826236e-17, -1.1712398707441946e-17, 4.331917303826236e-17, 1.0, -5.775889738434995e-17, 1.1712398707441946e-17, 5.775889738434995e-17, 1.0], "world_rotation": [-0.7896765794068324, 0.16013129347666225, -0.5922574345551229, -7.314247236221149e-17]}], "source": "action wait"}
{"timestamp": 1706069293.547999, "objects": [{"color": "cv_", "id_name": "hand", "shape": "CVCylinder", "id_string": "ob383", "world_size": [0.12, 0.005, 0.12], "id": 383, "camera_size": [49, 50], "camera_position": [246, 253], "world_position": [0.7052728021347993, 0.7064929069662336, -0.174101498376387], "world_orientation": [-8.383550777865164e-06, 0.0008001442265149016, 0.9999996798494152, -0.0007624899397386375, -0.9999993891942687, 0.0008001376015739586, 0.9999997092693618, -0.0007624829876331853, 8.993647580566435e-06], "world_rotation": [0.0, 1.0, 0.0, 0.0]}, {"color": "CVRed", "id_name": "object118658836357677", "shape": "CVBox", "id_string": "ob1122", "world_size": [0.09, 0.09, 0.09], "id": 1122, "camera_size": [37, 37], "camera_position": [256, 254], "world_position": [0.705, 0.6448569696296074, -0.15], "world_orientation": [1.0, -4.331917303826236e-17, -1.1712398707441946e-17, 4.331917303826236e-17, 1.0, -5.775889738434995e-17, 1.1712398707441946e-17, 5.775889738434995e-17, 1.0], "world_rotation": [-0.7896765794068324, 0.16013129347666225, -0.5922574345551229, -7.314247236221149e-17]}], "source": "action wait"}
{"timestamp": 1706069293.578835, "objects": [{"color": "cv_", "id_name": "hand", "shape": "CVCylinder", "id_string": "ob383", "world_size": [0.12, 0.005, 0.12], "id": 383, "camera_size": [49, 50], "camera_position": [246, 253], "world_position": [0.7061880833967094, 0.7059651365533499, -0.1741025046424206], "world_orientation": [-7.393532624926613e-06, 6.565827887052453e-05, 0.9999999978171632, -0.0007626114211475311, -0.9999997070567339, 6.565262138763774e-05, 0.9999997091845358, -0.0007626109340784456, 7.4436022127648565e-06], "world_rotation": [0.0, 1.0, 0.0, 0.0]}, {"color": "CVRed", "id_name": "object118658836357677", "shape": "CVBox", "id_string": "ob1122", "world_size": [0.09, 0.09, 0.09], "id": 1122, "camera_size": [37, 37], "camera_position": [256, 254], "world_position": [0.705, 0.6448569696296074, -0.15], "world_orientation": [1.0, -4.331917303826236e-17, -1.1712398707441946e-17, 4.331917303826236e-17, 1.0, -5.775889738434995e-17, 1.1712398707441946e-17, 5.775889738434995e-17, 1.0], "world_rotation": [-0.7896765794068324, 0.16013129347666225, -0.5922574345551229, -7.314247236221149e-17]}], "source": "action wait"}
{"timestamp": 1706069293.608247, "objects": [{"color": "cv_", "id_name": "hand", "shape": "CVCylinder", "id_string": "ob383", "world_size": [0.12, 0.005, 0.12], "id": 383, "camera_size": [49, 50], "camera_position": [246, 253], "world_position": [0.7068326914034592, 0.7055937273261594, -0.17410325868225748], "world_orientation": [-6.6198292669327025e-06, -0.0004521021825583809, 0.999999897779892, -0.000762719976792853, -0.9999996069286263, -0.0004521071001400601, 0.9999997091071653, -0.0007627228916997092, 6.274999299042472e-06], "world_rotation": [0.0, 1.0, 0.0, 0.0]}, {"color": "CVRed", "id_name": "object118658836357677", "shape": "CVBox", "id_string": "ob1122", "world_size": [0.09, 0.09, 0.09], "id": 1122, "camera_size": [37, 37], "camera_position": [256, 254], "world_position": [0.705, 0.6448569696296074, -0.15], "world_orientation": [1.0, -4.331917303826236e-17, -1.1712398707441946e-17, 4.331917303826236e-17, 1.0, -5.775889738434995e-17, 1.1712398707441946e-17, 5.775889738434995e-17, 1.0], "world_rotation": [-0.7896765794068324, 0.16013129347666225, -0.5922574345551229, -7.314247236221149e-17]}], "source": "action wait"}
{"timestamp": 1706069293.640843, "objects": [{"color": "cv_", "id_name": "hand", "shape": "CVCylinder", "id_string": "ob383", "world_size": [0.12, 0.005, 0.12], "id": 383, "camera_size": [49, 49], "camera_position": [246, 253], "world_position": [0.7072867836352107, 0.7053324811913054, -0.1741038216221993], "world_orientation": [-6.021614094772096e-06, -0.0008170959573191155, 0.9999996661589128, -0.0007628113717678335, -0.9999993752327497, -0.0008171003129613387, 0.9999997090412333, -0.0007628160373731855, 5.39832024496024e-06], "world_rotation": [0.0, 1.0, 0.0, 0.0]}, {"color": "CVRed", "id_name": "object118658836357677", "shape": "CVBox", "id_string": "ob1122", "world_size": [0.09, 0.09, 0.09], "id": 1122, "camera_size": [37, 37], "camera_position": [256, 254], "world_position": [0.705, 0.6448569696296074, -0.15], "world_orientation": [1.0, -4.331917303826236e-17, -1.1712398707441946e-17, 4.331917303826236e-17, 1.0, -5.775889738434995e-17, 1.1712398707441946e-17, 5.775889738434995e-17, 1.0], "world_rotation": [-0.7896765794068324, 0.16013129347666225, -0.5922574345551229, -7.314247236221149e-17]}], "source": "action wait"}
{"timestamp": 1706069293.672474, "objects": [{"color": "cv_", "id_name": "hand", "shape": "CVCylinder", "id_string": "ob383", "world_size": [0.12, 0.005, 0.12], "id": 383, "camera_size": [49, 50], "camera_position": [246, 252], "world_position": [0.7076067309840182, 0.7051487675321789, -0.1741042405731374], "world_orientation": [-5.563077547050258e-06, -0.001074403504664607, 0.9999994228129142, -0.0007628853820225034, -0.9999991318269009, -0.0010744074360206687, 0.9999997089874306, -0.0007628909187071624, 4.743425989597473e-06], "world_rotation": [0.0, 1.0, 0.0, 0.0]}, {"color": "CVRed", "id_name": "object118658836357677", "shape": "CVBox", "id_string": "ob1122", "world_size": [0.09, 0.09, 0.09], "id": 1122, "camera_size": [37, 37], "camera_position": [256, 254], "world_position": [0.705, 0.6448569696296074, -0.15], "world_orientation": [1.0, -4.331917303826236e-17, -1.1712398707441946e-17, 4.331917303826236e-17, 1.0, -5.775889738434995e-17, 1.1712398707441946e-17, 5.775889738434995e-17, 1.0], "world_rotation": [-0.7896765794068324, 0.16013129347666225, -0.5922574345551229, -7.314247236221149e-17]}], "source": "action wait"}
{"timestamp": 1706069294.731053, "objects": [{"color": "cv_", "id_name": "hand", "shape": "CVCylinder", "id_string": "ob383", "world_size": [0.12, 0.005, 0.12], "id": 383, "camera_size": [49, 50], "camera_position": [246, 252], "world_position": [0.7083708398775885, 0.7047132355763425, -0.17410542234587467], "world_orientation": [-4.176655921589169e-06, -0.0016893415309916576, 0.9999985730528557, -0.0007631194168133543, -0.9999982818809442, -0.0016893442263935731, 0.9999997088156133, -0.0007631253836922131, 2.887479422031766e-06], "world_rotation": [0.0, 1.0, 0.0, 0.0]}, {"color": "CVRed", "id_name": "object118658836357677", "shape": "CVBox", "id_string": "ob1122", "world_size": [0.09, 0.09, 0.09], "id": 1122, "camera_size": [37, 37], "camera_position": [256, 254], "world_position": [0.705, 0.6448569696296074, -0.15], "world_orientation": [1.0, -4.331917303826236e-17, -1.1712398707441946e-17, 4.331917303826236e-17, 1.0, -5.775889738434995e-17, 1.1712398707441946e-17, 5.775889738434995e-17, 1.0], "world_rotation": [-0.7896765794068324, 0.16013129347666225, -0.5922574345551229, -7.314247236221149e-17]}], "source": "action wait"}
{"timestamp": 1706069294.761724, "objects": [{"color": "cv_", "id_name": "hand", "shape": "CVCylinder", "id_string": "ob383", "world_size": [0.12, 0.005, 0.12], "id": 383, "camera_size": [51, 51], "camera_position": [246, 251], "world_position": [0.7112690782262292, 0.7281976921915121, -0.17409757521978403], "world_orientation": [1.8991218952034317e-05, 0.032611068278391296, 0.9994681174830319, -0.0007431453541349722, -0.9994678412173447, 0.032611073385024704, 0.9999997236871201, -0.0007433694121488058, 5.253651276801506e-06], "world_rotation": [0.0, 1.0, 0.0, 0.0]}, {"color": "CVRed", "id_name": "object118658836357677", "shape": "CVBox", "id_string": "ob1122", "world_size": [0.09, 0.09, 0.09], "id": 1122, "camera_size": [38, 38], "camera_position": [252, 251], "world_position": [0.7106302700316135, 0.6736562636003245, -0.15866698085512715], "world_orientation": [0.9994225747608001, -0.03397818489965693, -3.0688497033707075e-06, 0.03397818497981976, 0.9994225742624592, 3.162398536489518e-05, 1.992552048574985e-06, -3.170999882047779e-05, 0.9999999994952529], "world_rotation": [0.0009319796895642852, 7.448013407354688e-05, -0.9999995629331884, -0.03398474126378714]}], "source": "action wait"}
{"timestamp": 1706069294.796857, "objects": [{"color": "cv_", "id_name": "hand", "shape": "CVCylinder", "id_string": "ob383", "world_size": [0.12, 0.005, 0.12], "id": 383, "camera_size": [52, 53], "camera_position": [245, 249], "world_position": [0.7153093396992569, 0.7846689381937868, -0.17410884253105746], "world_orientation": [8.149014406368753e-05, 0.11375278596512646, 0.9935090825173812, -0.0007253703597375019, -0.9935088177186843, 0.11375281514346665, 0.9999997335985634, -0.0007299317738821134, 1.551722592638218e-06], "world_rotation": [0.0, 1.0, 0.0, 0.0]}, {"color": "CVRed", "id_name": "object118658836357677", "shape": "CVBox", "id_string": "ob1122", "world_size": [0.09, 0.09, 0.09], "id": 1122, "camera_size": [39, 44], "camera_position": [250, 247], "world_position": [0.7191013821256951, 0.7335930242357198, -0.16423197979091406], "world_orientation": [0.9933762104057314, -0.11490737392876306, -4.091873907516082e-06, 0.11490737398443705, 0.9933762090115266, 5.266772214475207e-05, -1.9871394524617346e-06, -5.2789048720243964e-05, 0.9999999986046838], "world_rotation": [0.0004588772509824964, 9.158394978923652e-06, -0.9999998946738907, -0.1151617676781809]}], "source": "action wait"}
{"timestamp": 1706069294.830437, "objects": [{"color": "cv_", "id_name": "hand", "shape": "CVCylinder", "id_string": "ob383", "world_size": [0.12, 0.005, 0.12], "id": 383, "camera_size": [56, 55], "camera_position": [244, 250], "world_position": [0.7137651539310748, 0.8548251204383254, -0.1741122022599804], "world_orientation": [0.00015640430448490389, 0.21281505911312476, 0.9770924859768244, -0.0007211917760881116, -0.9770922198212548, 0.21281511658525354, 0.9999997277100209, -0.0007379562656576428, 6.590414017707538e-07], "world_rotation": [0.0, 1.0, 0.0, 0.0]}, {"color": "CVRed", "id_name": "object118658836357677", "shape": "CVBox", "id_string": "ob1122", "world_size": [0.09, 0.09, 0.09], "id": 1122, "camera_size": [41, 50], "camera_position": [248, 245], "world_position": [0.7225543688638079, 0.8064374209890217, -0.1677902807695799], "world_orientation": [0.9768726515019395, -0.21382194155084808, -7.680890987877866e-06, 0.2138219416676618, 0.9768726502699222, 4.9153730571910444e-05, -3.00689376959055e-06, -4.965927813975979e-05, 0.9999999987624574], "world_rotation": [0.00023106376577691477, 1.0929647953941312e-05, -0.9999999732450391, -0.2154857274120363]}], "source": "action wait"}
{"timestamp": 1706069294.863344, "objects": [{"color": "cv_", "id_name": "hand", "shape": "CVCylinder", "id_string": "ob383", "world_size": [0.12, 0.005, 0.12], "id": 383, "camera_size": [59, 57], "camera_position": [244, 254], "world_position": [0.7047760789398998, 0.9244331708102731, -0.17411313408452542], "world_orientation": [0.0002315813692504735, 0.30974519347775675, 0.9508195735719244, -0.000709553043088633, -0.9508193088185287, 0.30974528004851754, 0.9999997214522356, -0.0007463881579289377, -4.1139283133088324e-07], "world_rotation": [0.0, 1.0, 0.0, 0.0]}, {"color": "CVRed", "id_name": "object118658836357677", "shape": "CVBox", "id_string": "ob1122", "world_size": [0.09, 0.09, 0.09], "id": 1122, "camera_size": [44, 55], "camera_position": [246, 247], "world_position": [0.7183062804111285, 0.8784841651850067, -0.170066391940236], "world_orientation": [0.9505260436737281, -0.310644877956496, -9.867309748053211e-06, 0.3106448780859257, 0.950526042689753, 4.344581029860169e-05, -4.117083551119162e-06, -4.436160341104924e-05, 0.9999999990075489], "world_rotation": [0.0001413308556514232, 9.2553049254951e-06, -0.9999999899699643, -0.3158714038687553]}], "source": "action wait"}
{"timestamp": 1706069294.89518, "objects": [{"color": "cv_", "id_name": "hand", "shape": "CVCylinder", "id_string": "ob383", "world_size": [0.12, 0.005, 0.12], "id": 383, "camera_size": [63, 59], "camera_position": [243, 262], "world_position": [0.6885965352970117, 0.9927178294467115, -0.17411358621844825], "world_orientation": [0.00030538195474881177, 0.40354594465657584, 0.9149593309503397, -0.0006874272489750446, -0.914959072713575, 0.4035460601999388, 0.9999997170927797, -0.0007522036604944636, -2.0035115696510214e-06], "world_rotation": [0.0, 1.0, 0.0, 0.0]}, {"color": "CVRed", "id_name": "object118658836357677", "shape": "CVBox", "id_string": "ob1122", "world_size": [0.09, 0.09, 0.09], "id": 1122, "camera_size": [47, 62], "camera_position": [245, 252], "world_position": [0.7066232130888324, 0.949197889658029, -0.17152289281378674], "world_orientation": [0.9145988724830157, -0.40436234039274915, -1.1175631132984703e-05, 0.404362340506871, 0.9145988716522757, 3.939783517925721e-05, -5.709781215262379e-06, -4.0552219994795487e-05, 0.999999999161458], "world_rotation": [9.885942233469048e-05, 6.758604034203495e-06, -0.999999995090568, -0.4162815239158013]}], "source": "action wait"}
{"timestamp": 1706069294.921549, "objects": [{"color": "cv_", "id_name": "hand", "shape": "CVCylinder", "id_string": "ob383", "world_size": [0.12, 0.005, 0.12], "id": 383, "camera_size": [66, 60], "camera_position": [242, 275], "world_position": [0.6654878070760964, 1.058990774839806, -0.17411401181546876], "world_orientation": [0.00037662142396447133, 0.4932741829404232, 0.8698738061355572, -0.0006560450146551645, -0.8698735587553651, 0.4932743267019028, 0.9999997138805801, -0.0007564540532220811, -4.00294979080995e-06], "world_rotation": [0.0, 1.0, 0.0, 0.0]}, {"color": "CVRed", "id_name": "object118658836357677", "shape": "CVBox", "id_string": "ob1122", "world_size": [0.09, 0.09, 0.09], "id": 1122, "camera_size": [50, 68], "camera_position": [243, 262], "world_position": [0.6877600555304988, 1.0180359958113525, -0.1724551587853477], "world_orientation": [0.8694503622942991, -0.49402031068084823, -1.1878991698811006e-05, 0.494020310763763, 0.8694503615630605, 3.6479289809026563e-05, -7.693316457336182e-06, -3.758539491130365e-05, 0.9999999992640757], "world_rotation": [7.496117356317248e-05, 4.2363392140268185e-06, -0.999999997181438, -0.5167076805551543]}], "source": "action wait"}
{"timestamp": 1706069294.95369, "objects": [{"color": "cv_", "id_name": "hand", "shape": "CVCylinder", "id_string": "ob383", "world_size": [0.12, 0.005, 0.12], "id": 383, "camera_size": [71, 60], "camera_position": [242, 289], "world_position": [0.6420848230159161, 1.108971123429619, -0.1741135308879574], "world_orientation": [0.0004371175673579785, 0.5602099337691857, 0.828350553228859, -0.0006354231265591053, -0.8283503095366199, 0.5602101042716354, 0.999999702582797, -0.0007712307764083155, -6.116124579279673e-06], "world_rotation": [0.0, 1.0, 0.0, 0.0]}, {"color": "CVRed", "id_name": "object118658836357677", "shape": "CVBox", "id_string": "ob1122", "world_size": [0.09, 0.09, 0.09], "id": 1122, "camera_size": [52, 73], "camera_position": [242, 275], "world_position": [0.667455149716295, 1.0703621309375466, -0.1730515655234853], "world_orientation": [0.8278821090992701, -0.5609021424514969, -5.1638231789137025e-06, 0.5609021423901425, 0.8278821087781526, 2.5043712653039395e-05, -9.77203525931287e-06, -2.3629641134850898e-05, 0.9999999996730738], "world_rotation": [-4.338845411749825e-05, 4.10785743849534e-06, 0.9999999990502837, 0.5954750980393295]}], "source": "action wait"}
{"timestamp": 1706069294.990617, "objects": [{"color": "cv_", "id_name": "hand", "shape": "CVCylinder", "id_string": "ob383", "world_size": [0.12, 0.005, 0.12], "id": 383, "camera_size": [73, 61], "camera_position": [241, 302], "world_position": [0.6228629573140647, 1.1427834991576882, -0.17411463258438842], "world_orientation": [0.0004789401544528659, 0.6053642093675651, 0.795948456015282, -0.0006135830980276757, -0.7959482195748365, 0.605364398747919, 0.9999996970660092, -0.0007783138381488672, -9.77031620032588e-06], "world_rotation": [0.0, 1.0, 0.0, 0.0]}, {"color": "CVRed", "id_name": "object118658836357677", "shape": "CVBox", "id_string": "ob1122", "world_size": [0.09, 0.09, 0.09], "id": 1122, "camera_size": [54, 75], "camera_position": [241, 286], "world_position": [0.6502697739231841, 1.1060304789489745, -0.17343454536888195], "world_orientation": [0.7954508681604852, -0.6060180825211676, 3.1318115299225256e-07, 0.606018082373132, 0.795450867977389, 2.1698172033536333e-05, -1.3398604829959963e-05, -1.707003633980026e-05, 0.9999999997645457], "world_rotation": [-3.198601615522313e-05, 1.1313017195535794e-05, 0.9999999994244553, 0.6510451258168658]}], "source": "action wait"}
{"timestamp": 1706069295.023241, "objects": [{"color": "cv_", "id_name": "hand", "shape": "CVCylinder", "id_string": "ob383", "world_size": [0.12, 0.005, 0.12], "id": 383, "camera_size": [75, 61], "camera_position": [241, 312], "world_position": [0.6080493101404922, 1.1658336544712247, -0.17411629496807834], "world_orientation": [0.0005068621069574101, 0.6360966437917611, 0.7716092293691554, -0.0005938195907333691, -0.7716090009874078, 0.636096845593113, 0.9999996952345027, -0.000780610064176427, -1.3372715303967362e-05], "world_rotation": [0.0, 1.0, 0.0, 0.0]}, {"color": "CVRed", "id_name": "object118658836357677", "shape": "CVBox", "id_string": "ob1122", "world_size": [0.09, 0.09, 0.09], "id": 1122, "camera_size": [56, 78], "camera_position": [241, 294], "world_position": [0.6368132081422474, 1.1304737786175854, -0.17368049749892184], "world_orientation": [0.7710921735349145, -0.6367235349043773, 3.4749985884952086e-06, 0.6367235346874053, 0.7710921733947445, 2.2462102820823205e-05, -1.6981693723606574e-05, -1.5107738301972889e-05, 0.9999999997416892], "world_rotation": [-2.9502475602414863e-05, 1.6064030291512023e-05, 0.9999999994357754, 0.6902416498971253]}], "source": "action wait"}
{"timestamp": 1706069295.058332, "objects": [{"color": "cv_", "id_name": "hand", "shape": "CVCylinder", "id_string": "ob383", "world_size": [0.12, 0.005, 0.12], "id": 383, "camera_size": [76, 62], "camera_position": [240, 319], "world_position": [0.597021144458302, 1.1816731051840017, -0.17411789564183755], "world_orientation": [0.0005252208473845184, 0.6571871517331709, 0.7537272528838955, -0.0005775482223623543, -0.7537270317854884, 0.6571873614076036, 0.9999996952905098, -0.0007804823378981087, -1.6315879087594554e-05], "world_rotation": [0.0, 1.0, 0.0, 0.0]}, {"color": "CVRed", "id_name": "object118658836357677", "shape": "CVBox", "id_string": "ob1122", "world_size": [0.09, 0.09, 0.09], "id": 1122, "camera_size": [57, 80], "camera_position": [241, 301], "world_position": [0.6267020510258786, 1.147328975518304, -0.17383836494366775], "world_orientation": [0.7531968847224936, -0.6577951450268893, 4.835775455481867e-06, 0.6577951447432819, 0.7531968845795858, 2.473400878255128e-05, -1.991220190181004e-05, -1.5448628746031712e-05, 0.999999999682422], "world_rotation": [-3.054342815934733e-05, 1.881131043137515e-05, 0.9999999993566168, 0.7178876766621568]}], "source": "action wait"}
{"timestamp": 1706069295.093925, "objects": [{"color": "cv_", "id_name": "hand", "shape": "CVCylinder", "id_string": "ob383", "world_size": [0.12, 0.005, 0.12], "id": 383, "camera_size": [76, 62], "camera_position": [240, 325], "world_position": [0.5889779386569374, 1.192632542423831, -0.17411921293334492], "world_orientation": [0.0005371796102432733, 0.6717608280038476, 0.7407679133153999, -0.0005648176956078207, -0.7407676982165053, 0.6717610425292547, 0.9999996962094725, -0.0007792551607815225, -1.8502900535505128e-05], "world_rotation": [0.0, 1.0, 0.0, 0.0]}, {"color": "CVRed", "id_name": "object118658836357677", "shape": "CVBox", "id_string": "ob1122", "world_size": [0.09, 0.09, 0.09], "id": 1122, "camera_size": [57, 82], "camera_position": [241, 306], "world_position": [0.619286069155529, 1.1590163575109071, -0.1739396370638016], "world_orientation": [0.7402282910253449, -0.6723556180624991, 5.048996255237809e-06, 0.6723556177185338, 0.7402282908516485, 2.729791449934176e-05, -2.2091316043553235e-05, -1.6811967602354755e-05, 0.9999999996146659], "world_rotation": [-3.2802493870263026e-05, 2.01830040208581e-05, 0.9999999992583213, 0.737386493195305]}], "source": "action wait"}
