{"timestamp": 1706069420.596306, "objects": [{"color": "cv_", "id_name": "hand", "shape": "CVCylinder", "id_string": "ob383", "world_size": [0.12, 0.005, 0.12], "id": 383, "camera_size": [48, 50], "camera_position": [246, 426], "world_position": [0.26764451555797736, 0.6334703012687586, -0.17389260400876524], "world_orientation": [-0.0006415490497326539, 0.19791547470500775, 0.9802188802951657, -0.0007473670985642369, -0.9802189031575583, 0.19791499017258335, 0.9999995149285008, -0.0006056111666512957, 0.00077677401994239], "world_rotation": [0.0, 1.0, 0.0, 0.0]}, {"color": "CVGreen", "id_name": "object81726571776939", "shape": "CVBox", "id_string": "ob1178", "world_size": [0.11, 0.11, 0.11], "id": 1178, "camera_size": [45, 45], "camera_position": [256, 254], "world_position": [0.705, 0.6547388572526824, -0.15], "world_orientation": [1.0, -3.838362879530641e-17, 1.4813540171849057e-17, 3.838362879530641e-17, 1.0, 5.294293626938881e-18, -1.4813540171849057e-17, -5.294293626938881e-18, 1.0], "world_rotation": [-0.1276280613210114, 0.35710588544125776, 0.925303444577321, 4.1482206750932463e-17]}], "source": "action wait"}
{"timestamp": 1706069420.628848, "objects": [{"color": "cv_", "id_name": "hand", "shape": "CVCylinder", "id_string": "ob383", "world_size": [0.12, 0.005, 0.12], "id": 383, "camera_size": [49, 51], "camera_position": [246, 421], "world_position": [0.29062382202660997, 0.6672987371216417, -0.17395633233971428], "world_orientation": [-0.00038631888212753456, 0.19372945262208402, 0.9810549168851196, -0.0007163610187769753, -0.9810547919804046, 0.19372914586911386, 0.9999996687922513, -0.0006279482726685929, 0.000517780218591621], "world_rotation": [0.0, 1.0, 0.0, 0.0]}, {"color": "CVGreen", "id_name": "object81726571776939", "shape": "CVBox", "id_string": "ob1178", "world_size": [0.11, 0.11, 0.11], "id": 1178, "camera_size": [45, 45], "camera_position": [256, 254], "world_position": [0.705, 0.6547388572526824, -0.15], "world_orientation": [1.0, -3.838362879530641e-17, 1.4813540171849057e-17, 3.838362879530641e-17, 1.0, 5.294293626938881e-18, -1.4813540171849057e-17, -5.294293626938881e-18, 1.0], "world_rotation": [-0.1276280613210114, 0.35710588544125776, 0.925303444577321, 4.1482206750932463e-17]}], "source": "action wait"}
{"timestamp": 1706069420.660536, "objects": [{"color": "cv_", "id_name": "hand", "shape": "CVCylinder", "id_string": "ob383", "world_size": [0.12, 0.005, 0.12], "id": 383, "camera_size": [51, 52], "camera_position": [246, 406], "world_position": [0.33632889249030773, 0.704838519885956, -0.17398421054687113], "world_orientation": [-0.00022939921822304568, 0.1787287314110624, 0.9838983626087558, -0.0007330996568873039, -0.9838981541635311, 0.1787285226215713, 0.9999997049704024, -0.0006802953686771964, 0.00035673143904998815], "world_rotation": [0.0, 1.0, 0.0, 0.0]}, {"color": "CVGreen", "id_name": "object81726571776939", "shape": "CVBox", "id_string": "ob1178", "world_size": [0.11, 0.11, 0.11], "id": 1178, "camera_size": [45, 45], "camera_position": [256, 254], "world_position": [0.705, 0.6547388572526824, -0.15], "world_orientation": [1.0, -3.838362879530641e-17, 1.4813540171849057e-17, 3.838362879530641e-17, 1.0, 5.294293626938881e-18, -1.4813540171849057e-17, -5.294293626938881e-18, 1.0], "world_rotation": [-0.1276280613210114, 0.35710588544125776, 0.925303444577321, 4.1482206750932463e-17]}], "source": "action wait"}
{"timestamp": 1706069420.694191, "objects": [{"color": "cv_", "id_name": "hand", "shape": "CVCylinder", "id_string": "ob383", "world_size": [0.12, 0.005, 0.12], "id": 383, "camera_size": [51, 52], "camera_position": [246, 388], "world_position": [0.3866493745616727, 0.737716070279322, -0.17400470826078945], "world_orientation": [-0.00012780357696336476, 0.16805378045141864, 0.9857778200701375, -0.0007444822192727149, -0.985777570925176, 0.1680536414573775, 0.9999997147061949, -0.0007124162026959619, 0.0002510989510825566], "world_rotation": [0.0, 1.0, 0.0, 0.0]}, {"color": "CVGreen", "id_name": "object81726571776939", "shape": "CVBox", "id_string": "ob1178", "world_size": [0.11, 0.11, 0.11], "id": 1178, "camera_size": [45, 45], "camera_position": [256, 254], "world_position": [0.705, 0.6547388572526824, -0.15], "world_orientation": [1.0, -3.838362879530641e-17, 1.4813540171849057e-17, 3.838362879530641e-17, 1.0, 5.294293626938881e-18, -1.4813540171849057e-17, -5.294293626938881e-18, 1.0], "world_rotation": [-0.1276280613210114, 0.35710588544125776, 0.925303444577321, 4.1482206750932463e-17]}], "source": "action wait"}
{"timestamp": 1706069420.722597, "objects": [{"color": "cv_", "id_name": "hand", "shape": "CVCylinder", "id_string": "ob383", "world_size": [0.12, 0.005, 0.12], "id": 383, "camera_size": [52, 53], "camera_position": [245, 368], "world_position": [0.44059046679321606, 0.7654586911334644, -0.17402317305378293], "world_orientation": [-5.632141572159492e-05, 0.1605098242836135, 0.9870342411164577, -0.0007519278832153085, -0.9870339704470577, 0.16050973736186658, 0.999999715716138, -0.0007331384319387079, 0.00017628296299014164], "world_rotation": [0.0, 1.0, 0.0, 0.0]}, {"color": "CVGreen", "id_name": "object81726571776939", "shape": "CVBox", "id_string": "ob1178", "world_size": [0.11, 0.11, 0.11], "id": 1178, "camera_size": [45, 45], "camera_position": [256, 254], "world_position": [0.705, 0.6547388572526824, -0.15], "world_orientation": [1.0, -3.838362879530641e-17, 1.4813540171849057e-17, 3.838362879530641e-17, 1.0, 5.294293626938881e-18, -1.4813540171849057e-17, -5.294293626938881e-18, 1.0], "world_rotation": [-0.1276280613210114, 0.35710588544125776, 0.925303444577321, 4.1482206750932463e-17]}], "source": "action wait"}
{"timestamp": 1706069420.747262, "objects": [{"color": "cv_", "id_name": "hand", "shape": "CVCylinder", "id_string": "ob383", "world_size": [0.12, 0.005, 0.12], "id": 383, "camera_size": [52, 54], "camera_position": [245, 344], "world_position": [0.4976223476278402, 0.7817832262605582, -0.17403849706962143], "world_orientation": [-1.1576701956751649e-05, 0.14663315134378083, 0.9891909415239163, -0.0007642283875834406, -0.9891906540214334, 0.14663309978180528, 0.9999997079104332, -0.0007542702705600765, 0.00012351278219816054], "world_rotation": [0.0, 1.0, 0.0, 0.0]}, {"color": "CVGreen", "id_name": "object81726571776939", "shape": "CVBox", "id_string": "ob1178", "world_size": [0.11, 0.11, 0.11], "id": 1178, "camera_size": [45, 45], "camera_position": [256, 254], "world_position": [0.705, 0.6547388572526824, -0.15], "world_orientation": [1.0, -3.838362879530641e-17, 1.4813540171849057e-17, 3.838362879530641e-17, 1.0, 5.294293626938881e-18, -1.4813540171849057e-17, -5.294293626938881e-18, 1.0], "world_rotation": [-0.1276280613210114, 0.35710588544125776, 0.925303444577321, 4.1482206750932463e-17]}], "source": "action wait"}
{"timestamp": 1706069420.779614, "objects": [{"color": "cv_", "id_name": "hand", "shape": "CVCylinder", "id_string": "ob383", "world_size": [0.12, 0.005, 0.12], "id": 383, "camera_size": [52, 52], "camera_position": [245, 318], "world_position": [0.5562680316369422, 0.7743154560809301, -0.17405031860302822], "world_orientation": [-3.951945371987439e-06, 0.10880907109451433, 0.9940626670547139, -0.0007770950769147823, -0.9940623672509175, 0.10880903518892131, 0.9999996980537663, -0.0007720511973503189, 8.84834736433434e-05], "world_rotation": [0.0, 1.0, 0.0, 0.0]}, {"color": "CVGreen", "id_name": "object81726571776939", "shape": "CVBox", "id_string": "ob1178", "world_size": [0.11, 0.11, 0.11], "id": 1178, "camera_size": [45, 45], "camera_position": [256, 254], "world_position": [0.705, 0.6547388572526824, -0.15], "world_orientation": [1.0, -3.838362879530641e-17, 1.4813540171849057e-17, 3.838362879530641e-17, 1.0, 5.294293626938881e-18, -1.4813540171849057e-17, -5.294293626938881e-18, 1.0], "world_rotation": [-0.1276280613210114, 0.35710588544125776, 0.925303444577321, 4.1482206750932463e-17]}], "source": "action wait"}
{"timestamp": 1706069420.816028, "objects": [{"color": "cv_", "id_name": "hand", "shape": "CVCylinder", "id_string": "ob383", "world_size": [0.12, 0.005, 0.12], "id": 383, "camera_size": [52, 52], "camera_position": [245, 298], "world_position": [0.6016904533587935, 0.7614027782740771, -0.17405588962039328], "world_orientation": [-1.7742875444760044e-05, 0.07627441437222618, 0.9970868635165967, -0.0007753666292888014, -0.997086565001797, 0.07627437773923464, 0.9999996992458451, -0.0007717545536895184, 7.683181830363168e-05], "world_rotation": [0.0, 1.0, 0.0, 0.0]}, {"color": "CVGreen", "id_name": "object81726571776939", "shape": "CVBox", "id_string": "ob1178", "world_size": [0.11, 0.11, 0.11], "id": 1178, "camera_size": [45, 45], "camera_position": [256, 254], "world_position": [0.705, 0.6547388572526824, -0.15], "world_orientation": [1.0, -3.838362879530641e-17, 1.4813540171849057e-17, 3.838362879530641e-17, 1.0, 5.294293626938881e-18, -1.4813540171849057e-17, -5.294293626938881e-18, 1.0], "world_rotation": [-0.1276280613210114, 0.35710588544125776, 0.925303444577321, 4.1482206750932463e-17]}], "source": "action wait"}
{"timestamp": 1706069420.856501, "objects": [{"color": "cv_", "id_name": "hand", "shape": "CVCylinder", "id_string": "ob383", "world_size": [0.12, 0.005, 0.12], "id": 383, "camera_size": [51, 52], "camera_position": [246, 284], "world_position": [0.6335991614070253, 0.7498290706837171, -0.17406354964242465], "world_orientation": [-2.3672316737199375e-05, 0.05328675876299647, 0.9985792511263969, -0.0007715249038463649, -0.9985789551768737, 0.05328672468060156, 0.9999997020944279, -0.0007691673404840877, 6.475073874533696e-05], "world_rotation": [0.0, 1.0, 0.0, 0.0]}, {"color": "CVGreen", "id_name": "object81726571776939", "shape": "CVBox", "id_string": "ob1178", "world_size": [0.11, 0.11, 0.11], "id": 1178, "camera_size": [45, 45], "camera_position": [256, 254], "world_position": [0.705, 0.6547388572526824, -0.15], "world_orientation": [1.0, -3.838362879530641e-17, 1.4813540171849057e-17, 3.838362879530641e-17, 1.0, 5.294293626938881e-18, -1.4813540171849057e-17, -5.294293626938881e-18, 1.0], "world_rotation": [-0.1276280613210114, 0.35710588544125776, 0.925303444577321, 4.1482206750932463e-17]}], "source": "action wait"}
{"timestamp": 1706069420.89376, "objects": [{"color": "cv_", "id_name": "hand", "shape": "CVCylinder", "id_string": "ob383", "world_size": [0.12, 0.005, 0.12], "id": 383, "camera_size": [51, 51], "camera_position": [246, 275], "world_position": [0.6559408995251136, 0.7404743069893018, -0.1740714209660937], "world_orientation": [-2.480567100253094e-05, 0.037066639176473855, 0.9993127956975434, -0.0007680320070933903, -0.9993125019772253, 0.0370666092171117, 0.9999997047557138, -0.0007665847500806289, 5.3256982436054316e-05], "world_rotation": [0.0, 1.0, 0.0, 0.0]}, {"color": "CVGreen", "id_name": "object81726571776939", "shape": "CVBox", "id_string": "ob1178", "world_size": [0.11, 0.11, 0.11], "id": 1178, "camera_size": [45, 45], "camera_position": [256, 254], "world_position": [0.705, 0.6547388572526824, -0.15], "world_orientation": [1.0, -3.838362879530641e-17, 1.4813540171849057e-17, 3.838362879530641e-17, 1.0, 5.294293626938881e-18, -1.4813540171849057e-17, -5.294293626938881e-18, 1.0], "world_rotation": [-0.1276280613210114, 0.35710588544125776, 0.925303444577321, 4.1482206750932463e-17]}], "source": "action wait"}
{"timestamp": 1706069420.921823, "objects": [{"color": "cv_", "id_name": "hand", "shape": "CVCylinder", "id_string": "ob383", "world_size": [0.12, 0.005, 0.12], "id": 383, "camera_size": [51, 51], "camera_position": [246, 268], "world_position": [0.6715792838636035, 0.7333087822391787, -0.17407853190359368], "world_orientation": [-2.347149320432269e-05, 0.025628800391176484, 0.9996715280728957, -0.000765506127105759, -0.9996712359051317, 0.02562877492733156, 0.9999997067246862, -0.0007646531342167795, 4.308278035029376e-05], "world_rotation": [0.0, 1.0, 0.0, 0.0]}, {"color": "CVGreen", "id_name": "object81726571776939", "shape": "CVBox", "id_string": "ob1178", "world_size": [0.11, 0.11, 0.11], "id": 1178, "camera_size": [45, 45], "camera_position": [256, 254], "world_position": [0.705, 0.6547388572526824, -0.15], "world_orientation": [1.0, -3.838362879530641e-17, 1.4813540171849057e-17, 3.838362879530641e-17, 1.0, 5.294293626938881e-18, -1.4813540171849057e-17, -5.294293626938881e-18, 1.0], "world_rotation": [-0.1276280613210114, 0.35710588544125776, 0.925303444577321, 4.1482206750932463e-17]}], "source": "action wait"}
{"timestamp": 1706069420.947647, "objects": [{"color": "cv_", "id_name": "hand", "shape": "CVCylinder", "id_string": "ob383", "world_size": [0.12, 0.005, 0.12], "id": 383, "camera_size": [51, 50], "camera_position": [246, 263], "world_position": [0.6825337710861134, 0.7279892968904197, -0.17408454652531205], "world_orientation": [-2.1057377886846694e-05, 0.017565673127769424, 0.9998457114395977, -0.0007639035097475371, -0.9998454202145167, 0.01756565192312871, 0.9999997080039648, -0.0007634157616047152, 3.447260219564178e-05], "world_rotation": [0.0, 1.0, 0.0, 0.0]}, {"color": "CVGreen", "id_name": "object81726571776939", "shape": "CVBox", "id_string": "ob1178", "world_size": [0.11, 0.11, 0.11], "id": 1178, "camera_size": [45, 45], "camera_position": [256, 254], "world_position": [0.705, 0.6547388572526824, -0.15], "world_orientation": [1.0, -3.838362879530641e-17, 1.4813540171849057e-17, 3.838362879530641e-17, 1.0, 5.294293626938881e-18, -1.4813540171849057e-17, -5.294293626938881e-18, 1.0], "world_rotation": [-0.1276280613210114, 0.35710588544125776, 0.925303444577321, 4.1482206750932463e-17]}], "source": "action wait"}
{"timestamp": 1706069420.977701, "objects": [{"color": "cv_", "id_name": "hand", "shape": "CVCylinder", "id_string": "ob383", "world_size": [0.12, 0.005, 0.12], "id": 383, "camera_size": [51, 51], "camera_position": [246, 260], "world_position": [0.6902152764850265, 0.7241160545036194, -0.17408943861335824], "world_orientation": [-1.8341740508858127e-05, 0.01188233064513252, 0.9999294024490031, -0.0007629957104512811, -0.9999291117227702, 0.011882313194726376, 0.9999997087505209, -0.0007627239025177963, 2.7406607607240134e-05], "world_rotation": [0.0, 1.0, 0.0, 0.0]}, {"color": "CVGreen", "id_name": "object81726571776939", "shape": "CVBox", "id_string": "ob1178", "world_size": [0.11, 0.11, 0.11], "id": 1178, "camera_size": [45, 45], "camera_position": [256, 254], "world_position": [0.705, 0.6547388572526824, -0.15], "world_orientation": [1.0, -3.838362879530641e-17, 1.4813540171849057e-17, 3.838362879530641e-17, 1.0, 5.294293626938881e-18, -1.4813540171849057e-17, -5.294293626938881e-18, 1.0], "world_rotation": [-0.1276280613210114, 0.35710588544125776, 0.925303444577321, 4.1482206750932463e-17]}], "source": "action wait"}
{"timestamp": 1706069421.010066, "objects": [{"color": "cv_", "id_name": "hand", "shape": "CVCylinder", "id_string": "ob383", "world_size": [0.12, 0.005, 0.12], "id": 383, "camera_size": [51, 50], "camera_position": [246, 257], "world_position": [0.6956072209078815, 0.7213307027628247, -0.17409331791852972], "world_orientation": [-1.572976630719234e-05, 0.007876602851738818, 0.9999689789588929, -0.0007625507542809914, -0.9999686884442298, 0.007876588568282323, 0.9999997091344186, -0.0007624032022656001, 2.1735583229869627e-05], "world_rotation": [0.0, 1.0, 0.0, 0.0]}, {"color": "CVGreen", "id_name": "object81726571776939", "shape": "CVBox", "id_string": "ob1178", "world_size": [0.11, 0.11, 0.11], "id": 1178, "camera_size": [45, 45], "camera_position": [256, 254], "world_position": [0.705, 0.6547388572526824, -0.15], "world_orientation": [1.0, -3.838362879530641e-17, 1.4813540171849057e-17, 3.838362879530641e-17, 1.0, 5.294293626938881e-18, -1.4813540171849057e-17, -5.294293626938881e-18, 1.0], "world_rotation": [-0.1276280613210114, 0.35710588544125776, 0.925303444577321, 4.1482206750932463e-17]}], "source": "action wait"}
{"timestamp": 1706069421.045506, "objects": [{"color": "cv_", "id_name": "hand", "shape": "CVCylinder", "id_string": "ob383", "world_size": [0.12, 0.005, 0.12], "id": 383, "camera_size": [51, 50], "camera_position": [246, 256], "world_position": [0.6993954004010298, 0.7193439119385074, -0.17409634089050746], "world_orientation": [-1.3407578837690992e-05, 0.0050533158904013135, 0.9999872318278613, -0.0007623875849833726, -0.999986941355649, 0.0050533042006329415, 0.9999997092926614, -0.0007623100981133537, 1.7259989051094576e-05], "world_rotation": [0.0, 1.0, 0.0, 0.0]}, {"color": "CVGreen", "id_name": "object81726571776939", "shape": "CVBox", "id_string": "ob1178", "world_size": [0.11, 0.11, 0.11], "id": 1178, "camera_size": [45, 45], "camera_position": [256, 254], "world_position": [0.705, 0.6547388572526824, -0.15], "world_orientation": [1.0, -3.838362879530641e-17, 1.4813540171849057e-17, 3.838362879530641e-17, 1.0, 5.294293626938881e-18, -1.4813540171849057e-17, -5.294293626938881e-18, 1.0], "world_rotation": [-0.1276280613210114, 0.35710588544125776, 0.925303444577321, 4.1482206750932463e-17]}], "source": "action wait"}
{"timestamp": 1706069421.085684, "objects": [{"color": "cv_", "id_name": "hand", "shape": "CVCylinder", "id_string": "ob383", "world_size": [0.12, 0.005, 0.12], "id": 383, "camera_size": [51, 50], "camera_position": [246, 255], "world_position": [0.702058779419182, 0.7179343238647302, -0.1740986672567326], "world_orientation": [-1.1438457674771818e-05, 0.003063403258272168, 0.9999953077038108, -0.0007623812227796587, -0.9999950171847007, 0.003063393647784918, 0.9999997093219741, -0.0007623426049629499, 1.3773881801323971e-05], "world_rotation": [0.0, 1.0, 0.0, 0.0]}, {"color": "CVGreen", "id_name": "object81726571776939", "shape": "CVBox", "id_string": "ob1178", "world_size": [0.11, 0.11, 0.11], "id": 1178, "camera_size": [45, 45], "camera_position": [256, 254], "world_position": [0.705, 0.6547388572526824, -0.15], "world_orientation": [1.0, -3.838362879530641e-17, 1.4813540171849057e-17, 3.838362879530641e-17, 1.0, 5.294293626938881e-18, -1.4813540171849057e-17, -5.294293626938881e-18, 1.0], "world_rotation": [-0.1276280613210114, 0.35710588544125776, 0.925303444577321, 4.1482206750932463e-17]}], "source": "action wait"}
{"timestamp": 1706069421.123808, "objects": [{"color": "cv_", "id_name": "hand", "shape": "CVCylinder", "id_string": "ob383", "world_size": [0.12, 0.005, 0.12], "id": 383, "camera_size": [50, 50], "camera_position": [245, 254], "world_position": [0.7039324338141353, 0.716937785922251, -0.17410044098281954], "world_orientation": [-9.82074210310987e-06, 0.0016608384604406496, 0.9999986207586297, -0.0007624521209003517, -0.9999983301530293, 0.0016608304899354202, 0.9999997092851161, -0.0007624347587072771, 1.1087035510974158e-05], "world_rotation": [0.0, 1.0, 0.0, 0.0]}, {"color": "CVGreen", "id_name": "object81726571776939", "shape": "CVBox", "id_string": "ob1178", "world_size": [0.11, 0.11, 0.11], "id": 1178, "camera_size": [45, 45], "camera_position": [256, 254], "world_position": [0.705, 0.6547388572526824, -0.15], "world_orientation": [1.0, -3.838362879530641e-17, 1.4813540171849057e-17, 3.838362879530641e-17, 1.0, 5.294293626938881e-18, -1.4813540171849057e-17, -5.294293626938881e-18, 1.0], "world_rotation": [-0.1276280613210114, 0.35710588544125776, 0.925303444577321, 4.1482206750932463e-17]}], "source": "action wait"}
{"timestamp": 1706069421.157266, "objects": [{"color": "cv_", "id_name": "hand", "shape": "CVCylinder", "id_string": "ob383", "world_size": [0.12, 0.005, 0.12], "id": 383, "camera_size": [50, 50], "camera_position": [245, 253], "world_position": [0.7052511379472198, 0.7162348915415131, -0.17410178377098626], "world_orientation": [-8.521445479415187e-06, 0.0006722312923423132, 0.9999997740162118, -0.0007625530492013158, -0.9999994833133345, 0.0006722245988673671, 0.9999997092200739, -0.0007625471485518117, 9.034053098606548e-06], "world_rotation": [0.0, 1.0, 0.0, 0.0]}, {"color": "CVGreen", "id_name": "object81726571776939", "shape": "CVBox", "id_string": "ob1178", "world_size": [0.11, 0.11, 0.11], "id": 1178, "camera_size": [45, 45], "camera_position": [256, 254], "world_position": [0.705, 0.6547388572526824, -0.15], "world_orientation": [1.0, -3.838362879530641e-17, 1.4813540171849057e-17, 3.838362879530641e-17, 1.0, 5.294293626938881e-18, -1.4813540171849057e-17, -5.294293626938881e-18, 1.0], "world_rotation": [-0.1276280613210114, 0.35710588544125776, 0.925303444577321, 4.1482206750932463e-17]}], "source": "action wait"}
{"timestamp": 1706069421.192357, "objects": [{"color": "cv_", "id_name": "hand", "shape": "CVCylinder", "id_string": "ob383", "world_size": [0.12, 0.005, 0.12], "id": 383, "camera_size": [50, 50], "camera_position": [245, 253], "world_position": [0.7061796010909436, 0.7157398491014019, -0.17410279465082476], "world_orientation": [-7.49533927533632e-06, -2.461508466679713e-05, 0.9999999996689589, -0.0007626580191054077, -0.999999708873239, -2.4620793889084732e-05, 0.9999997091482407, -0.0007626582033944994, 7.476564201894641e-06], "world_rotation": [0.0, 1.0, 0.0, 0.0]}, {"color": "CVGreen", "id_name": "object81726571776939", "shape": "CVBox", "id_string": "ob1178", "world_size": [0.11, 0.11, 0.11], "id": 1178, "camera_size": [45, 45], "camera_position": [256, 254], "world_position": [0.705, 0.6547388572526824, -0.15], "world_orientation": [1.0, -3.838362879530641e-17, 1.4813540171849057e-17, 3.838362879530641e-17, 1.0, 5.294293626938881e-18, -1.4813540171849057e-17, -5.294293626938881e-18, 1.0], "world_rotation": [-0.1276280613210114, 0.35710588544125776, 0.925303444577321, 4.1482206750932463e-17]}], "source": "action wait"}
{"timestamp": 1706069421.21542, "objects": [{"color": "cv_", "id_name": "hand", "shape": "CVCylinder", "id_string": "ob383", "world_size": [0.12, 0.005, 0.12], "id": 383, "camera_size": [50, 50], "camera_position": [245, 253], "world_position": [0.7068334972755249, 0.7153915141210085, -0.17410355223360996], "world_orientation": [-6.695440690370177e-06, -0.0005158199394521837, 0.9999998669424718, -0.000762754181319378, -0.9999995760652777, -0.0005158248963876547, 0.9999997090805727, -0.0007627575335045713, 6.301994036679383e-06], "world_rotation": [0.0, 1.0, 0.0, 0.0]}, {"color": "CVGreen", "id_name": "object81726571776939", "shape": "CVBox", "id_string": "ob1178", "world_size": [0.11, 0.11, 0.11], "id": 1178, "camera_size": [45, 45], "camera_position": [256, 254], "world_position": [0.705, 0.6547388572526824, -0.15], "world_orientation": [1.0, -3.838362879530641e-17, 1.4813540171849057e-17, 3.838362879530641e-17, 1.0, 5.294293626938881e-18, -1.4813540171849057e-17, -5.294293626938881e-18, 1.0], "world_rotation": [-0.1276280613210114, 0.35710588544125776, 0.925303444577321, 4.1482206750932463e-17]}], "source": "action wait"}
{"timestamp": 1706069421.246774, "objects": [{"color": "cv_", "id_name": "hand", "shape": "CVCylinder", "id_string": "ob383", "world_size": [0.12, 0.005, 0.12], "id": 383, "camera_size": [50, 50], "camera_position": [245, 252], "world_position": [0.707294129943929, 0.7151465392595904, -0.17410411787012808], "world_orientation": [-6.078269939567895e-06, -0.0008620781069879869, 0.999999628392127, -0.0007628363589716156, -0.9999993374470131, -0.0008620824928971545, 0.9999997090218298, -0.000762841315466087, 5.420641388472087e-06], "world_rotation": [0.0, 1.0, 0.0, 0.0]}, {"color": "CVGreen", "id_name": "object81726571776939", "shape": "CVBox", "id_string": "ob1178", "world_size": [0.11, 0.11, 0.11], "id": 1178, "camera_size": [45, 45], "camera_position": [256, 254], "world_position": [0.705, 0.6547388572526824, -0.15], "world_orientation": [1.0, -3.838362879530641e-17, 1.4813540171849057e-17, 3.838362879530641e-17, 1.0, 5.294293626938881e-18, -1.4813540171849057e-17, -5.294293626938881e-18, 1.0], "world_rotation": [-0.1276280613210114, 0.35710588544125776, 0.925303444577321, 4.1482206750932463e-17]}], "source": "action wait"}
{"timestamp": 1706069421.27504, "objects": [{"color": "cv_", "id_name": "hand", "shape": "CVCylinder", "id_string": "ob383", "world_size": [0.12, 0.005, 0.12], "id": 383, "camera_size": [50, 50], "camera_position": [245, 252], "world_position": [0.7076186811908952, 0.7149743012355317, -0.17410453885934415], "world_orientation": [-5.606048486364336e-06, -0.001106167240206889, 0.9999993881811173, -0.0007629035647035781, -0.9999990971813115, -0.0011061711951888492, 0.9999997089733194, -0.0007629092991944861, 4.7621444947707216e-06], "world_rotation": [0.0, 1.0, 0.0, 0.0]}, {"color": "CVGreen", "id_name": "object81726571776939", "shape": "CVBox", "id_string": "ob1178", "world_size": [0.11, 0.11, 0.11], "id": 1178, "camera_size": [45, 45], "camera_position": [256, 254], "world_position": [0.705, 0.6547388572526824, -0.15], "world_orientation": [1.0, -3.838362879530641e-17, 1.4813540171849057e-17, 3.838362879530641e-17, 1.0, 5.294293626938881e-18, -1.4813540171849057e-17, -5.294293626938881e-18, 1.0], "world_rotation": [-0.1276280613210114, 0.35710588544125776, 0.925303444577321, 4.1482206750932463e-17]}], "source": "action wait"}
{"timestamp": 1706069422.336787, "objects": [{"color": "cv_", "id_name": "hand", "shape": "CVCylinder", "id_string": "ob383", "world_size": [0.12, 0.005, 0.12], "id": 383, "camera_size": [50, 50], "camera_position": [245, 252], "world_position": [0.7083937325272315, 0.7145662484623674, -0.17410572657954687], "world_orientation": [-4.184673070922175e-06, -0.0016894363060386312, 0.9999985728927099, -0.0007631194951433717, -0.9999982817207618, -0.0016894390075312788, 0.99999970881552, -0.0007631254758402617, 2.895424099907896e-06], "world_rotation": [0.0, 1.0, 0.0, 0.0]}, {"color": "CVGreen", "id_name": "object81726571776939", "shape": "CVBox", "id_string": "ob1178", "world_size": [0.11, 0.11, 0.11], "id": 1178, "camera_size": [45, 45], "camera_position": [256, 254], "world_position": [0.705, 0.6547388572526824, -0.15], "world_orientation": [1.0, -3.838362879530641e-17, 1.4813540171849057e-17, 3.838362879530641e-17, 1.0, 5.294293626938881e-18, -1.4813540171849057e-17, -5.294293626938881e-18, 1.0], "world_rotation": [-0.1276280613210114, 0.35710588544125776, 0.925303444577321, 4.1482206750932463e-17]}], "source": "action wait"}
{"timestamp": 1706069422.368487, "objects": [{"color": "cv_", "id_name": "hand", "shape": "CVCylinder", "id_string": "ob383", "world_size": [0.12, 0.005, 0.12], "id": 383, "camera_size": [51, 50], "camera_position": [246, 251], "world_position": [0.7106528327045737, 0.7350278272707782, -0.17408895565473917], "world_orientation": [1.3175688500505813e-05, 0.028289908624337307, 0.9995997603523261, -0.0007434241910994527, -0.9995994839327875, 0.028289910600370647, 0.9999997235733986, -0.0007434993823132724, 7.860991010166818e-06], "world_rotation": [0.0, 1.0, 0.0, 0.0]}, {"color": "CVGreen", "id_name": "object81726571776939", "shape": "CVBox", "id_string": "ob1178", "world_size": [0.11, 0.11, 0.11], "id": 1178, "camera_size": [46, 48], "camera_position": [252, 251], "world_position": [0.7101019719660013, 0.6769072450666797, -0.15865681670552537], "world_orientation": [0.9995601271858348, -0.029657243795832323, -5.53827065782969e-06, 0.02965724395564765, 0.999560126702176, 3.143382311030791e-05, 4.603593965033766e-06, -3.158424607006806e-05, 0.9999999994906213], "world_rotation": [0.0010624391288102083, 0.00017098451213388695, -0.9999994209935296, -0.029661610291943197]}], "source": "action wait"}
{"timestamp": 1706069422.39923, "objects": [{"color": "cv_", "id_name": "hand", "shape": "CVCylinder", "id_string": "ob383", "world_size": [0.12, 0.005, 0.12], "id": 383, "camera_size": [52, 53], "camera_position": [245, 250], "world_position": [0.7138242704725004, 0.783788440008355, -0.17410740932014593], "world_orientation": [6.979310825732712e-05, 0.09862089669429899, 0.9951250744826674, -0.0007262801431196703, -0.9951248094515645, 0.0986209213663173, 0.9999997338230024, -0.0007296226421589264, 2.173545410517352e-06], "world_rotation": [0.0, 1.0, 0.0, 0.0]}, {"color": "CVGreen", "id_name": "object81726571776939", "shape": "CVBox", "id_string": "ob1178", "world_size": [0.11, 0.11, 0.11], "id": 1178, "camera_size": [48, 53], "camera_position": [249, 248], "world_position": [0.7179196355276016, 0.7268420779140332, -0.16422973452380807], "world_orientation": [0.9950097885297802, -0.09977735571893867, -3.957097930590746e-06, 0.09977735578830321, 0.9950097871207683, 5.29695936856701e-05, -1.3478148219296154e-06, -5.310009297979669e-05, 0.9999999985892818], "world_rotation": [0.0005315317832965572, 1.3075525604656803e-05, -0.9999998586514869, -0.09994367196296089]}], "source": "action wait"}
{"timestamp": 1706069422.434556, "objects": [{"color": "cv_", "id_name": "hand", "shape": "CVCylinder", "id_string": "ob383", "world_size": [0.12, 0.005, 0.12], "id": 383, "camera_size": [56, 55], "camera_position": [244, 250], "world_position": [0.7125071929718991, 0.8536691829742933, -0.17411492309508453], "world_orientation": [0.00014463200305618316, 0.1978820270653079, 0.9802258323703311, -0.0007168230956028856, -0.9802255702698046, 0.19788207992106324, 0.9999997326230811, -0.0007312685971378075, 7.441953054656278e-08], "world_rotation": [0.0, 1.0, 0.0, 0.0]}, {"color": "CVGreen", "id_name": "object81726571776939", "shape": "CVBox", "id_string": "ob1178", "world_size": [0.11, 0.11, 0.11], "id": 1178, "camera_size": [51, 60], "camera_position": [248, 245], "world_position": [0.7226051259141465, 0.7979694505265819, -0.1677923217029326], "world_orientation": [0.980021389346508, -0.19889212242877954, -7.688680628224735e-06, 0.19889212254499264, 0.9800213877568198, 5.593518363655661e-05, -3.5899959326264745e-06, -5.634689439056843e-05, 0.9999999984060699], "world_rotation": [0.00028226878004052996, 1.03037880054003e-05, -0.9999999601090832, -0.2002273363530264]}], "source": "action wait"}
{"timestamp": 1706069422.464884, "objects": [{"color": "cv_", "id_name": "hand", "shape": "CVCylinder", "id_string": "ob383", "world_size": [0.12, 0.005, 0.12], "id": 383, "camera_size": [59, 57], "camera_position": [244, 254], "world_position": [0.7037063397960184, 0.9231361193299228, -0.17411656682610438], "world_orientation": [0.00021970512554133384, 0.29520462644932777, 0.9554340271586367, -0.0007079314233773024, -0.9554337648872022, 0.29520470820528305, 0.9999997252813411, -0.0007412397582663955, -9.29063870716991e-07], "world_rotation": [0.0, 1.0, 0.0, 0.0]}, {"color": "CVGreen", "id_name": "object81726571776939", "shape": "CVBox", "id_string": "ob1178", "world_size": [0.11, 0.11, 0.11], "id": 1178, "camera_size": [54, 68], "camera_position": [246, 246], "world_position": [0.7195414659187793, 0.8690860503524597, -0.17006946697282715], "world_orientation": [0.9551542583365078, -0.2961086670075021, -1.023112239025891e-05, 0.29610866714794587, 0.9551542571081518, 4.86625275584219e-05, -4.6370960624898116e-06, -4.9509744433251395e-05, 0.9999999987636414], "world_rotation": [0.00016577068075592974, 9.445900901626586e-06, -0.999999986215428, -0.30061603489120986]}], "source": "action wait"}
{"timestamp": 1706069422.50457, "objects": [{"color": "cv_", "id_name": "hand", "shape": "CVCylinder", "id_string": "ob383", "world_size": [0.12, 0.005, 0.12], "id": 383, "camera_size": [62, 58], "camera_position": [243, 262], "world_position": [0.6877033133674357, 0.9912825710639531, -0.17411689233255762], "world_orientation": [0.0002935816401746392, 0.3895430153545546, 0.921008226346704, -0.000688082775302673, -0.9210079693172768, 0.3895431259772926, 0.9999997201759184, -0.0007480926063045919, -2.3531911406825483e-06], "world_rotation": [0.0, 1.0, 0.0, 0.0]}, {"color": "CVGreen", "id_name": "object81726571776939", "shape": "CVBox", "id_string": "ob1178", "world_size": [0.11, 0.11, 0.11], "id": 1178, "camera_size": [57, 75], "camera_position": [245, 251], "world_position": [0.7090079632419697, 0.9393210259778898, -0.1715259855689074], "world_orientation": [0.9206602638179565, -0.39036480180235217, -1.1851641009032152e-05, 0.39036480193515716, 0.9206602628108937, 4.3486799558972284e-05, -6.064380964740925e-06, -4.4663031849659434e-05, 0.9999999989842184], "world_rotation": [0.00011290699164262822, 7.4126304158821356e-06, -0.999999993598532, -0.4010278015440113]}], "source": "action wait"}
{"timestamp": 1706069422.536136, "objects": [{"color": "cv_", "id_name": "hand", "shape": "CVCylinder", "id_string": "ob383", "world_size": [0.12, 0.005, 0.12], "id": 383, "camera_size": [66, 60], "camera_position": [242, 275], "world_position": [0.6647684062163746, 1.0574248792426242, -0.1741168654874394], "world_orientation": [0.0003650758267558785, 0.47994914894846996, 0.8772962334031077, -0.0006586288217521007, -0.8772959861806929, 0.47994928777874124, 0.9999997164638178, -0.0007530304675707093, -4.171214991180274e-06], "world_rotation": [0.0, 1.0, 0.0, 0.0]}, {"color": "CVGreen", "id_name": "object81726571776939", "shape": "CVBox", "id_string": "ob1178", "world_size": [0.11, 0.11, 0.11], "id": 1178, "camera_size": [61, 83], "camera_position": [244, 261], "world_position": [0.6912586913639941, 1.0080077756304606, -0.17245785398884528], "world_orientation": [0.8768842193731716, -0.4807016389093319, -1.2813512123304536e-05, 0.48070163901571544, 0.8768842185078703, 3.9742252193486804e-05, -7.868199198772072e-06, -4.100883007003761e-05, 0.9999999991281838], "world_rotation": [8.39929339037574e-05, 5.14384860190632e-06, -0.9999999964593638, -0.5014546890822188]}], "source": "action wait"}
{"timestamp": 1706069422.565986, "objects": [{"color": "cv_", "id_name": "hand", "shape": "CVCylinder", "id_string": "ob383", "world_size": [0.12, 0.005, 0.12], "id": 383, "camera_size": [71, 61], "camera_position": [242, 291], "world_position": [0.640197157426765, 1.1101499768586123, -0.17411568880918865], "world_orientation": [0.0004284703367745446, 0.5512548443476214, 0.8343368102849411, -0.0006374926254402354, -0.83433656676213, 0.5512550108314073, 0.9999997050081181, -0.0007680799838296768, -6.067571733561454e-06], "world_rotation": [0.0, 1.0, 0.0, 0.0]}, {"color": "CVGreen", "id_name": "object81726571776939", "shape": "CVBox", "id_string": "ob1178", "world_size": [0.11, 0.11, 0.11], "id": 1178, "camera_size": [64, 89], "camera_position": [242, 273], "world_position": [0.6707108002235928, 1.0633090875929798, -0.17305368322384582], "world_orientation": [0.8338758429475895, -0.5519520617807405, -6.666102722169671e-06, 0.5519520617351945, 0.8338758425441986, 2.7703270674050074e-05, -9.732175342676454e-06, -2.6780457326968878e-05, 0.9999999995940461], "world_rotation": [-4.935548909892453e-05, 2.7774808984272036e-06, 0.9999999987781605, 0.5847033800834924]}], "source": "action wait"}
{"timestamp": 1706069422.598295, "objects": [{"color": "cv_", "id_name": "hand", "shape": "CVCylinder", "id_string": "ob383", "world_size": [0.12, 0.005, 0.12], "id": 383, "camera_size": [73, 61], "camera_position": [241, 304], "world_position": [0.6198037161074572, 1.1457564327037932, -0.17411611200569815], "world_orientation": [0.0004735501525397651, 0.5993025254483629, 0.8005224910903298, -0.000616435902013014, -0.800522253807776, 0.5993027124628236, 0.9999996978784704, -0.0007772706947813021, -9.655842548208148e-06], "world_rotation": [0.0, 1.0, 0.0, 0.0]}, {"color": "CVGreen", "id_name": "object81726571776939", "shape": "CVBox", "id_string": "ob1178", "world_size": [0.11, 0.11, 0.11], "id": 1178, "camera_size": [67, 94], "camera_position": [242, 284], "world_position": [0.6529659019480734, 1.1010234172692606, -0.1734361237455764], "world_orientation": [0.8000298714914859, -0.59996016927898, -2.3314401160522963e-07, 0.599960169131782, 0.8000298712864711, 2.246589000272434e-05, -1.3292116995441696e-05, -1.8113260212456143e-05, 0.9999999997476148], "world_rotation": [-3.381820350117399e-05, 1.088319995716674e-05, 0.9999999993689426, 0.6434513217027846]}], "source": "action wait"}
{"timestamp": 1706069422.630139, "objects": [{"color": "cv_", "id_name": "hand", "shape": "CVCylinder", "id_string": "ob383", "world_size": [0.12, 0.005, 0.12], "id": 383, "camera_size": [75, 62], "camera_position": [241, 314], "world_position": [0.6040166764223316, 1.1699632870444827, -0.1741175119588201], "world_orientation": [0.0005036092139766805, 0.6319562575575389, 0.7750038934815935, -0.0005964258010774977, -0.7750036640990957, 0.6319564580801753, 0.9999996953269654, -0.0007804914131292362, -1.3383968945788056e-05], "world_rotation": [0.0, 1.0, 0.0, 0.0]}, {"color": "CVGreen", "id_name": "object81726571776939", "shape": "CVBox", "id_string": "ob1178", "world_size": [0.11, 0.11, 0.11], "id": 1178, "camera_size": [68, 96], "camera_position": [241, 293], "world_position": [0.6389447853007405, 1.1268437585922573, -0.173681845495216], "world_orientation": [0.7744901887201417, -0.6325859210919447, 3.5348543703731435e-06, 0.6325859208733757, 0.7744901885785342, 2.2547053798270075e-05, -1.7000658822796255e-05, -1.5226372844269604e-05, 0.9999999997395678], "world_rotation": [-2.9856360509929496e-05, 1.6231402328249466e-05, 0.9999999994225696, 0.68488754645352]}], "source": "action wait"}
{"timestamp": 1706069422.667518, "objects": [{"color": "cv_", "id_name": "hand", "shape": "CVCylinder", "id_string": "ob383", "world_size": [0.12, 0.005, 0.12], "id": 383, "camera_size": [76, 63], "camera_position": [240, 323], "world_position": [0.5922354711351928, 1.1865592552319817, -0.17411904573754508], "world_orientation": [0.0005234422007076149, 0.6543364236599767, 0.7562033924018948, -0.000579400627822517, -0.7562031706189333, 0.6543366328127938, 0.9999996951515411, -0.0007806521274023532, -1.6705717134597918e-05], "world_rotation": [0.0, 1.0, 0.0, 0.0]}, {"color": "CVGreen", "id_name": "object81726571776939", "shape": "CVBox", "id_string": "ob1178", "world_size": [0.11, 0.11, 0.11], "id": 1178, "camera_size": [69, 98], "camera_position": [241, 301], "world_position": [0.6283570277313324, 1.1446321212389974, -0.17383962673547526], "world_orientation": [0.7556753116507938, -0.6549464278343304, 5.340955232490551e-06, 0.6549464275412075, 0.755675311515215, 2.484739212321771e-05, -2.0309738721201426e-05, -1.5278521237244818e-05, 0.9999999996770408], "world_rotation": [-3.063297365832151e-05, 1.958228402534875e-05, 0.9999999993390775, 0.714111725576742]}], "source": "action wait"}
{"timestamp": 1706069422.702223, "objects": [{"color": "cv_", "id_name": "hand", "shape": "CVCylinder", "id_string": "ob383", "world_size": [0.12, 0.005, 0.12], "id": 383, "camera_size": [78, 63], "camera_position": [240, 329], "world_position": [0.5836313034543444, 1.1980210810203906, -0.17412037593209484], "world_orientation": [0.0005363288248633157, 0.6697850030267265, 0.7425548882553259, -0.0005658391045854365, -0.7425546729157712, 0.6697852174817388, 0.9999996960887036, -0.0007793917116787662, -1.9262928743763867e-05], "world_rotation": [0.0, 1.0, 0.0, 0.0]}, {"color": "CVGreen", "id_name": "object81726571776939", "shape": "CVBox", "id_string": "ob1178", "world_size": [0.11, 0.11, 0.11], "id": 1178, "camera_size": [70, 100], "camera_position": [240, 306], "world_position": [0.6205690825378835, 1.1569572587979287, -0.17394087159733904], "world_orientation": [0.7420168418474964, -0.6703812395803, 5.783413048667886e-06, 0.6703812392155123, 0.7420168416826745, 2.7697345166443255e-05, -2.2859170470282573e-05, -1.6674804981503103e-05, 0.9999999995997046], "world_rotation": [-3.309471350464248e-05, 2.136290651753173e-05, 0.9999999992241831, 0.7347224570511405]}], "source": "action wait"}
