{"timestamp": 1709222394.134682, "objects": [{"color": "cv_", "id_name": "hand", "shape": "CVCylinder", "id_string": "ob383", "world_size": [0.12, 0.005, 0.12], "id": 383, "camera_size": [48, 50], "camera_position": [246, 426], "world_position": [0.2676445155579763, 0.6334703012687559, -0.17389260400876883], "world_orientation": [-0.00064155155347767, 0.19791547470500442, 0.9802188802935277, -0.000747367604092694, -0.9802189031575588, 0.19791499017067116, 0.9999995149265166, -0.0006056111666511748, 0.000776776574212486], "world_rotation": [0.0, 1.0, 0.0, 0.0]}, {"color": "CVBlue", "id_name": "object216523214891599", "shape": "CVCone", "id_string": "ob401", "world_size": [0.09, 0.09, 0.09], "id": 401, "camera_size": [37, 37], "camera_position": [256, 254], "world_position": [0.705, 0.6448569696296074, -0.15], "world_orientation": [1.0, -4.331917303826236e-17, -1.1712398707441946e-17, 4.331917303826236e-17, 1.0, -5.775889738434995e-17, 1.1712398707441946e-17, 5.775889738434995e-17, 1.0], "world_rotation": [-0.7896765794068324, 0.16013129347666225, -0.5922574345551229, -7.314247236221149e-17]}], "source": "action wait"}
{"timestamp": 1709222394.169771, "objects": [{"color": "cv_", "id_name": "hand", "shape": "CVCylinder", "id_string": "ob383", "world_size": [0.12, 0.005, 0.12], "id": 383, "camera_size": [49, 51], "camera_position": [246, 421], "world_position": [0.2910210922475152, 0.6676821444912973, -0.17395614996492548], "world_orientation": [-0.0003834338782538844, 0.19736972389777357, 0.9803290493844287, -0.0007154064939903335, -0.9803289247204373, 0.19736941898384305, 0.9999996705859505, -0.0006256556464075827, 0.0005170909037639926], "world_rotation": [0.0, 1.0, 0.0, 0.0]}, {"color": "CVBlue", "id_name": "object216523214891599", "shape": "CVCone", "id_string": "ob401", "world_size": [0.09, 0.09, 0.09], "id": 401, "camera_size": [37, 37], "camera_position": [256, 254], "world_position": [0.705, 0.6448569696296074, -0.15], "world_orientation": [1.0, -4.331917303826236e-17, -1.1712398707441946e-17, 4.331917303826236e-17, 1.0, -5.775889738434995e-17, 1.1712398707441946e-17, 5.775889738434995e-17, 1.0], "world_rotation": [-0.7896765794068324, 0.16013129347666225, -0.5922574345551229, -7.314247236221149e-17]}], "source": "action wait"}
{"timestamp": 1709222394.206343, "objects": [{"color": "cv_", "id_name": "hand", "shape": "CVCylinder", "id_string": "ob383", "world_size": [0.12, 0.005, 0.12], "id": 383, "camera_size": [51, 52], "camera_position": [246, 406], "world_position": [0.3370044290897692, 0.7056097545271499, -0.173983987112645], "world_orientation": [-0.00022433185971233843, 0.18514464984416298, 0.98271125378175, -0.0007318358838306618, -0.9827110457429254, 0.18514444358685309, 0.999999707045685, -0.0006776495616167362, 0.00035594889490701414], "world_rotation": [0.0, 1.0, 0.0, 0.0]}, {"color": "CVBlue", "id_name": "object216523214891599", "shape": "CVCone", "id_string": "ob401", "world_size": [0.09, 0.09, 0.09], "id": 401, "camera_size": [37, 37], "camera_position": [256, 254], "world_position": [0.705, 0.6448569696296074, -0.15], "world_orientation": [1.0, -4.331917303826236e-17, -1.1712398707441946e-17, 4.331917303826236e-17, 1.0, -5.775889738434995e-17, 1.1712398707441946e-17, 5.775889738434995e-17, 1.0], "world_rotation": [-0.7896765794068324, 0.16013129347666225, -0.5922574345551229, -7.314247236221149e-17]}], "source": "action wait"}
{"timestamp": 1709222394.239182, "objects": [{"color": "cv_", "id_name": "hand", "shape": "CVCylinder", "id_string": "ob383", "world_size": [0.12, 0.005, 0.12], "id": 383, "camera_size": [51, 52], "camera_position": [246, 388], "world_position": [0.38752863604030763, 0.7387555339947153, -0.1740045144519189], "world_orientation": [-0.00012113154770243801, 0.17643639246659928, 0.9843120362672196, -0.0007430829209928468, -0.9843117876148022, 0.17643625645066682, 0.9999997165774203, -0.0007100534662634647, 0.0002503380801394782], "world_rotation": [0.0, 1.0, 0.0, 0.0]}, {"color": "CVBlue", "id_name": "object216523214891599", "shape": "CVCone", "id_string": "ob401", "world_size": [0.09, 0.09, 0.09], "id": 401, "camera_size": [37, 37], "camera_position": [256, 254], "world_position": [0.705, 0.6448569696296074, -0.15], "world_orientation": [1.0, -4.331917303826236e-17, -1.1712398707441946e-17, 4.331917303826236e-17, 1.0, -5.775889738434995e-17, 1.1712398707441946e-17, 5.775889738434995e-17, 1.0], "world_rotation": [-0.7896765794068324, 0.16013129347666225, -0.5922574345551229, -7.314247236221149e-17]}], "source": "action wait"}
{"timestamp": 1709222394.270492, "objects": [{"color": "cv_", "id_name": "hand", "shape": "CVCylinder", "id_string": "ob383", "world_size": [0.12, 0.005, 0.12], "id": 383, "camera_size": [52, 54], "camera_position": [245, 367], "world_position": [0.441617406176342, 0.7666843120085459, -0.17402302854482], "world_orientation": [-4.852067057889513e-05, 0.17028371916273718, 0.9853950743909015, -0.0007504672461140083, -0.9853948042635794, 0.17028363552982603, 0.9999997172222886, -0.0007312444516282267, 0.00017560437046635946], "world_rotation": [0.0, 1.0, 0.0, 0.0]}, {"color": "CVBlue", "id_name": "object216523214891599", "shape": "CVCone", "id_string": "ob401", "world_size": [0.09, 0.09, 0.09], "id": 401, "camera_size": [37, 37], "camera_position": [256, 254], "world_position": [0.705, 0.6448569696296074, -0.15], "world_orientation": [1.0, -4.331917303826236e-17, -1.1712398707441946e-17, 4.331917303826236e-17, 1.0, -5.775889738434995e-17, 1.1712398707441946e-17, 5.775889738434995e-17, 1.0], "world_rotation": [-0.7896765794068324, 0.16013129347666225, -0.5922574345551229, -7.314247236221149e-17]}], "source": "action wait"}
{"timestamp": 1709222394.301275, "objects": [{"color": "cv_", "id_name": "hand", "shape": "CVCylinder", "id_string": "ob383", "world_size": [0.12, 0.005, 0.12], "id": 383, "camera_size": [52, 53], "camera_position": [245, 344], "world_position": [0.49884652292426057, 0.780307436568902, -0.17403820305346968], "world_orientation": [-5.924224039699577e-06, 0.1533805571119236, 0.9881671946917381, -0.0007644904796718355, -0.9881669066386684, 0.15338050781788398, 0.9999997077595625, -0.0007545357521745491, 0.0001231120978227879], "world_rotation": [0.0, 1.0, 0.0, 0.0]}, {"color": "CVBlue", "id_name": "object216523214891599", "shape": "CVCone", "id_string": "ob401", "world_size": [0.09, 0.09, 0.09], "id": 401, "camera_size": [37, 37], "camera_position": [256, 254], "world_position": [0.705, 0.6448569696296074, -0.15], "world_orientation": [1.0, -4.331917303826236e-17, -1.1712398707441946e-17, 4.331917303826236e-17, 1.0, -5.775889738434995e-17, 1.1712398707441946e-17, 5.775889738434995e-17, 1.0], "world_rotation": [-0.7896765794068324, 0.16013129347666225, -0.5922574345551229, -7.314247236221149e-17]}], "source": "action wait"}
{"timestamp": 1709222394.329013, "objects": [{"color": "cv_", "id_name": "hand", "shape": "CVCylinder", "id_string": "ob383", "world_size": [0.12, 0.005, 0.12], "id": 383, "camera_size": [52, 53], "camera_position": [245, 318], "world_position": [0.557466425719869, 0.7709258072223872, -0.1740500720472844], "world_orientation": [-2.6342833477830646e-07, 0.1135127684662719, 0.9935365375239369, -0.000777005558180247, -0.9935362376294595, 0.11351273399694345, 0.9999996981311011, -0.0007719535094410538, 8.846177761974477e-05], "world_rotation": [0.0, 1.0, 0.0, 0.0]}, {"color": "CVBlue", "id_name": "object216523214891599", "shape": "CVCone", "id_string": "ob401", "world_size": [0.09, 0.09, 0.09], "id": 401, "camera_size": [37, 37], "camera_position": [256, 254], "world_position": [0.705, 0.6448569696296074, -0.15], "world_orientation": [1.0, -4.331917303826236e-17, -1.1712398707441946e-17, 4.331917303826236e-17, 1.0, -5.775889738434995e-17, 1.1712398707441946e-17, 5.775889738434995e-17, 1.0], "world_rotation": [-0.7896765794068324, 0.16013129347666225, -0.5922574345551229, -7.314247236221149e-17]}], "source": "action wait"}
{"timestamp": 1709222394.359443, "objects": [{"color": "cv_", "id_name": "hand", "shape": "CVCylinder", "id_string": "ob383", "world_size": [0.12, 0.005, 0.12], "id": 383, "camera_size": [52, 52], "camera_position": [245, 297], "world_position": [0.602696671241521, 0.7567122657287391, -0.1740557191176645], "world_orientation": [-1.517600691445655e-05, 0.0796028532035992, 0.9968266577151391, -0.000775121003577771, -0.9968263593132788, 0.07960281757365238, 0.9999996994785143, -0.0007714532264116159, 7.682968718467096e-05], "world_rotation": [0.0, 1.0, 0.0, 0.0]}, {"color": "CVBlue", "id_name": "object216523214891599", "shape": "CVCone", "id_string": "ob401", "world_size": [0.09, 0.09, 0.09], "id": 401, "camera_size": [37, 37], "camera_position": [256, 254], "world_position": [0.705, 0.6448569696296074, -0.15], "world_orientation": [1.0, -4.331917303826236e-17, -1.1712398707441946e-17, 4.331917303826236e-17, 1.0, -5.775889738434995e-17, 1.1712398707441946e-17, 5.775889738434995e-17, 1.0], "world_rotation": [-0.7896765794068324, 0.16013129347666225, -0.5922574345551229, -7.314247236221149e-17]}], "source": "action wait"}
{"timestamp": 1709222394.392131, "objects": [{"color": "cv_", "id_name": "hand", "shape": "CVCylinder", "id_string": "ob383", "world_size": [0.12, 0.005, 0.12], "id": 383, "camera_size": [51, 51], "camera_position": [246, 284], "world_position": [0.6344113786931286, 0.744233940734068, -0.1740634210262241], "world_orientation": [-2.1844645964402583e-05, 0.05563838915338055, 0.9984509848636679, -0.0007712175454243009, -0.9984506891115946, 0.05563835579957215, 0.9999997023731103, -0.0007688075175889234, 6.472010373117266e-05], "world_rotation": [0.0, 1.0, 0.0, 0.0]}, {"color": "CVBlue", "id_name": "object216523214891599", "shape": "CVCone", "id_string": "ob401", "world_size": [0.09, 0.09, 0.09], "id": 401, "camera_size": [37, 37], "camera_position": [256, 254], "world_position": [0.705, 0.6448569696296074, -0.15], "world_orientation": [1.0, -4.331917303826236e-17, -1.1712398707441946e-17, 4.331917303826236e-17, 1.0, -5.775889738434995e-17, 1.1712398707441946e-17, 5.775889738434995e-17, 1.0], "world_rotation": [-0.7896765794068324, 0.16013129347666225, -0.5922574345551229, -7.314247236221149e-17]}], "source": "action wait"}
{"timestamp": 1709222394.429585, "objects": [{"color": "cv_", "id_name": "hand", "shape": "CVCylinder", "id_string": "ob383", "world_size": [0.12, 0.005, 0.12], "id": 383, "camera_size": [51, 51], "camera_position": [246, 274], "world_position": [0.6565884317393215, 0.734248754860152, -0.17407130817364644], "world_orientation": [-2.348108754813804e-05, 0.03872687011907968, 0.9992498331145312, -0.000767723077999158, -0.9992495396098012, 0.03872684070352108, 0.9999997050249136, -0.0007662378092321923, 5.319497785148593e-05], "world_rotation": [0.0, 1.0, 0.0, 0.0]}, {"color": "CVBlue", "id_name": "object216523214891599", "shape": "CVCone", "id_string": "ob401", "world_size": [0.09, 0.09, 0.09], "id": 401, "camera_size": [37, 37], "camera_position": [256, 254], "world_position": [0.705, 0.6448569696296074, -0.15], "world_orientation": [1.0, -4.331917303826236e-17, -1.1712398707441946e-17, 4.331917303826236e-17, 1.0, -5.775889738434995e-17, 1.1712398707441946e-17, 5.775889738434995e-17, 1.0], "world_rotation": [-0.7896765794068324, 0.16013129347666225, -0.5922574345551229, -7.314247236221149e-17]}], "source": "action wait"}
{"timestamp": 1709222394.466653, "objects": [{"color": "cv_", "id_name": "hand", "shape": "CVCylinder", "id_string": "ob383", "world_size": [0.12, 0.005, 0.12], "id": 383, "camera_size": [51, 50], "camera_position": [246, 267], "world_position": [0.6720974169541433, 0.726642789358924, -0.1740784205980934], "world_orientation": [-2.2499815139626604e-05, 0.02680048267971167, 0.9996408022994524, -0.0007652272423671269, -0.9996405103326779, 0.026800457628391658, 0.9999997069604701, -0.0007643493691593111, 4.300018614404484e-05], "world_rotation": [0.0, 1.0, 0.0, 0.0]}, {"color": "CVBlue", "id_name": "object216523214891599", "shape": "CVCone", "id_string": "ob401", "world_size": [0.09, 0.09, 0.09], "id": 401, "camera_size": [37, 37], "camera_position": [256, 254], "world_position": [0.705, 0.6448569696296074, -0.15], "world_orientation": [1.0, -4.331917303826236e-17, -1.1712398707441946e-17, 4.331917303826236e-17, 1.0, -5.775889738434995e-17, 1.1712398707441946e-17, 5.775889738434995e-17, 1.0], "world_rotation": [-0.7896765794068324, 0.16013129347666225, -0.5922574345551229, -7.314247236221149e-17]}], "source": "action wait"}
{"timestamp": 1709222394.501351, "objects": [{"color": "cv_", "id_name": "hand", "shape": "CVCylinder", "id_string": "ob383", "world_size": [0.12, 0.005, 0.12], "id": 383, "camera_size": [51, 51], "camera_position": [246, 263], "world_position": [0.6829543870028624, 0.7210148903080285, -0.17408443006530672], "world_orientation": [-2.0339346754486503e-05, 0.018392427943735228, 0.9998308447835792, -0.0007636672170151488, -0.9998305537315417, 0.01839240705455613, 0.9999997081993038, -0.0007631639491773738, 3.438159459039084e-05], "world_rotation": [0.0, 1.0, 0.0, 0.0]}, {"color": "CVBlue", "id_name": "object216523214891599", "shape": "CVCone", "id_string": "ob401", "world_size": [0.09, 0.09, 0.09], "id": 401, "camera_size": [37, 37], "camera_position": [256, 254], "world_position": [0.705, 0.6448569696296074, -0.15], "world_orientation": [1.0, -4.331917303826236e-17, -1.1712398707441946e-17, 4.331917303826236e-17, 1.0, -5.775889738434995e-17, 1.1712398707441946e-17, 5.775889738434995e-17, 1.0], "world_rotation": [-0.7896765794068324, 0.16013129347666225, -0.5922574345551229, -7.314247236221149e-17]}], "source": "action wait"}
{"timestamp": 1709222394.527697, "objects": [{"color": "cv_", "id_name": "hand", "shape": "CVCylinder", "id_string": "ob383", "world_size": [0.12, 0.005, 0.12], "id": 383, "camera_size": [50, 51], "camera_position": [245, 260], "world_position": [0.6905641991954946, 0.7169252807556806, -0.1740893146693826], "world_orientation": [-1.780952186874857e-05, 0.012465654757070007, 0.999922300548547, -0.0007628036116010564, -0.9999220099643603, 0.01246563754824351, 0.9999997089066932, -0.0007625223351347113, 2.731697937353646e-05], "world_rotation": [0.0, 1.0, 0.0, 0.0]}, {"color": "CVBlue", "id_name": "object216523214891599", "shape": "CVCone", "id_string": "ob401", "world_size": [0.09, 0.09, 0.09], "id": 401, "camera_size": [37, 37], "camera_position": [256, 254], "world_position": [0.705, 0.6448569696296074, -0.15], "world_orientation": [1.0, -4.331917303826236e-17, -1.1712398707441946e-17, 4.331917303826236e-17, 1.0, -5.775889738434995e-17, 1.1712398707441946e-17, 5.775889738434995e-17, 1.0], "world_rotation": [-0.7896765794068324, 0.16013129347666225, -0.5922574345551229, -7.314247236221149e-17]}], "source": "action wait"}
{"timestamp": 1709222394.562761, "objects": [{"color": "cv_", "id_name": "hand", "shape": "CVCylinder", "id_string": "ob383", "world_size": [0.12, 0.005, 0.12], "id": 383, "camera_size": [50, 50], "camera_position": [245, 257], "world_position": [0.6959042461757051, 0.7139879163107321, -0.17409318632233745], "world_orientation": [-1.533563447096988e-05, 0.008288159377116975, 0.9999656524996037, -0.000762398999659771, -0.9999653620979171, 0.008288145277865231, 0.9999997092562496, -0.0007622457091937937, 2.1653987695266772e-05], "world_rotation": [0.0, 1.0, 0.0, 0.0]}, {"color": "CVBlue", "id_name": "object216523214891599", "shape": "CVCone", "id_string": "ob401", "world_size": [0.09, 0.09, 0.09], "id": 401, "camera_size": [37, 37], "camera_position": [256, 254], "world_position": [0.705, 0.6448569696296074, -0.15], "world_orientation": [1.0, -4.331917303826236e-17, -1.1712398707441946e-17, 4.331917303826236e-17, 1.0, -5.775889738434995e-17, 1.1712398707441946e-17, 5.775889738434995e-17, 1.0], "world_rotation": [-0.7896765794068324, 0.16013129347666225, -0.5922574345551229, -7.314247236221149e-17]}], "source": "action wait"}
{"timestamp": 1709222394.594841, "objects": [{"color": "cv_", "id_name": "hand", "shape": "CVCylinder", "id_string": "ob383", "world_size": [0.12, 0.005, 0.12], "id": 383, "camera_size": [49, 50], "camera_position": [246, 256], "world_position": [0.6996552319539191, 0.7118942091113502, -0.17409620242124618], "world_orientation": [-1.3116977865399492e-05, 0.005343681749311645, 0.9999857223447279, -0.0007622701679718313, -0.9999854319603851, 0.005343670198744652, 0.9999997093860258, -0.0007621891917378086, 1.7190115961748362e-05], "world_rotation": [0.0, 1.0, 0.0, 0.0]}, {"color": "CVBlue", "id_name": "object216523214891599", "shape": "CVCone", "id_string": "ob401", "world_size": [0.09, 0.09, 0.09], "id": 401, "camera_size": [37, 37], "camera_position": [256, 254], "world_position": [0.705, 0.6448569696296074, -0.15], "world_orientation": [1.0, -4.331917303826236e-17, -1.1712398707441946e-17, 4.331917303826236e-17, 1.0, -5.775889738434995e-17, 1.1712398707441946e-17, 5.775889738434995e-17, 1.0], "world_rotation": [-0.7896765794068324, 0.16013129347666225, -0.5922574345551229, -7.314247236221149e-17]}], "source": "action wait"}
{"timestamp": 1709222394.627734, "objects": [{"color": "cv_", "id_name": "hand", "shape": "CVCylinder", "id_string": "ob383", "world_size": [0.12, 0.005, 0.12], "id": 383, "camera_size": [49, 49], "camera_position": [246, 255], "world_position": [0.7022921296332865, 0.7104093615811446, -0.1740985230084813], "world_orientation": [-1.1225591626313537e-05, 0.0032682663508747556, 0.9999946591402606, -0.000762291775821785, -0.9999943686883681, 0.003268256844374035, 0.9999997093925752, -0.0007622510164119888, 1.371690097234112e-05], "world_rotation": [0.0, 1.0, 0.0, 0.0]}, {"color": "CVBlue", "id_name": "object216523214891599", "shape": "CVCone", "id_string": "ob401", "world_size": [0.09, 0.09, 0.09], "id": 401, "camera_size": [37, 37], "camera_position": [256, 254], "world_position": [0.705, 0.6448569696296074, -0.15], "world_orientation": [1.0, -4.331917303826236e-17, -1.1712398707441946e-17, 4.331917303826236e-17, 1.0, -5.775889738434995e-17, 1.1712398707441946e-17, 5.775889738434995e-17, 1.0], "world_rotation": [-0.7896765794068324, 0.16013129347666225, -0.5922574345551229, -7.314247236221149e-17]}], "source": "action wait"}
{"timestamp": 1709222394.658015, "objects": [{"color": "cv_", "id_name": "hand", "shape": "CVCylinder", "id_string": "ob383", "world_size": [0.12, 0.005, 0.12], "id": 383, "camera_size": [49, 50], "camera_position": [246, 254], "world_position": [0.7041470114750652, 0.7093598162561714, -0.1741002920606283], "world_orientation": [-9.665865057853712e-06, 0.0018053784027507608, 0.999998370256369, -0.0007623847891786811, -0.9999980797015355, 0.0018053705090683614, 0.99999970933796, -0.000762366096219575, 1.1042239529841678e-05], "world_rotation": [0.0, 1.0, 0.0, 0.0]}, {"color": "CVBlue", "id_name": "object216523214891599", "shape": "CVCone", "id_string": "ob401", "world_size": [0.09, 0.09, 0.09], "id": 401, "camera_size": [37, 37], "camera_position": [256, 254], "world_position": [0.705, 0.6448569696296074, -0.15], "world_orientation": [1.0, -4.331917303826236e-17, -1.1712398707441946e-17, 4.331917303826236e-17, 1.0, -5.775889738434995e-17, 1.1712398707441946e-17, 5.775889738434995e-17, 1.0], "world_rotation": [-0.7896765794068324, 0.16013129347666225, -0.5922574345551229, -7.314247236221149e-17]}], "source": "action wait"}
{"timestamp": 1709222394.691154, "objects": [{"color": "cv_", "id_name": "hand", "shape": "CVCylinder", "id_string": "ob383", "world_size": [0.12, 0.005, 0.12], "id": 383, "camera_size": [49, 50], "camera_position": [246, 253], "world_position": [0.7054524459195854, 0.7086195710639477, -0.17410163116169217], "world_orientation": [-8.409382305538615e-06, 0.0007742128435113689, 0.9999997002618328, -0.0007625028357195348, -0.9999994095969135, 0.000774206206295375, 0.9999997092593117, -0.0007624960965727101, 8.99971682960577e-06], "world_rotation": [0.0, 1.0, 0.0, 0.0]}, {"color": "CVBlue", "id_name": "object216523214891599", "shape": "CVCone", "id_string": "ob401", "world_size": [0.09, 0.09, 0.09], "id": 401, "camera_size": [37, 37], "camera_position": [256, 254], "world_position": [0.705, 0.6448569696296074, -0.15], "world_orientation": [1.0, -4.331917303826236e-17, -1.1712398707441946e-17, 4.331917303826236e-17, 1.0, -5.775889738434995e-17, 1.1712398707441946e-17, 5.775889738434995e-17, 1.0], "world_rotation": [-0.7896765794068324, 0.16013129347666225, -0.5922574345551229, -7.314247236221149e-17]}], "source": "action wait"}
{"timestamp": 1709222394.728096, "objects": [{"color": "cv_", "id_name": "hand", "shape": "CVCylinder", "id_string": "ob383", "world_size": [0.12, 0.005, 0.12], "id": 383, "camera_size": [49, 50], "camera_position": [246, 253], "world_position": [0.7063715467409647, 0.7080982016594612, -0.17410263918196825], "world_orientation": [-7.414597016607912e-06, 4.734128215899275e-05, 0.9999999988519135, -0.0007626208481224959, -0.9999997080843483, 4.733561386777758e-05, 0.9999997091771906, -0.0007626204962728119, 7.450698301286588e-06], "world_rotation": [0.0, 1.0, 0.0, 0.0]}, {"color": "CVBlue", "id_name": "object216523214891599", "shape": "CVCone", "id_string": "ob401", "world_size": [0.09, 0.09, 0.09], "id": 401, "camera_size": [37, 37], "camera_position": [256, 254], "world_position": [0.705, 0.6448569696296074, -0.15], "world_orientation": [1.0, -4.331917303826236e-17, -1.1712398707441946e-17, 4.331917303826236e-17, 1.0, -5.775889738434995e-17, 1.1712398707441946e-17, 5.775889738434995e-17, 1.0], "world_rotation": [-0.7896765794068324, 0.16013129347666225, -0.5922574345551229, -7.314247236221149e-17]}], "source": "action wait"}
{"timestamp": 1709222394.762012, "objects": [{"color": "cv_", "id_name": "hand", "shape": "CVCylinder", "id_string": "ob383", "world_size": [0.12, 0.005, 0.12], "id": 383, "camera_size": [49, 49], "camera_position": [246, 253], "world_position": [0.707018845343211, 0.7077313056817451, -0.1741033945738222], "world_orientation": [-6.637459615451021e-06, -0.00046504651266091187, 0.9999998918438368, -0.0007627268273308246, -0.9999996009873929, -0.00046505143996779046, 0.9999997091018232, -0.0007627298315977272, 6.282753516221923e-06], "world_rotation": [0.0, 1.0, 0.0, 0.0]}, {"color": "CVBlue", "id_name": "object216523214891599", "shape": "CVCone", "id_string": "ob401", "world_size": [0.09, 0.09, 0.09], "id": 401, "camera_size": [37, 37], "camera_position": [256, 254], "world_position": [0.705, 0.6448569696296074, -0.15], "world_orientation": [1.0, -4.331917303826236e-17, -1.1712398707441946e-17, 4.331917303826236e-17, 1.0, -5.775889738434995e-17, 1.1712398707441946e-17, 5.775889738434995e-17, 1.0], "world_rotation": [-0.7896765794068324, 0.16013129347666225, -0.5922574345551229, -7.314247236221149e-17]}], "source": "action wait"}
{"timestamp": 1709222394.792078, "objects": [{"color": "cv_", "id_name": "hand", "shape": "CVCylinder", "id_string": "ob383", "world_size": [0.12, 0.005, 0.12], "id": 383, "camera_size": [49, 49], "camera_position": [246, 253], "world_position": [0.707474832175803, 0.7074732427782258, -0.17410395854683536], "world_orientation": [-6.036752306682658e-06, -0.000826249377453922, 0.9999996586377037, -0.0007628163234215098, -0.9999993677078055, -0.0008262537420076356, 0.9999997090373649, -0.0007628210509143269, 5.406471977716524e-06], "world_rotation": [0.0, 1.0, 0.0, 0.0]}, {"color": "CVBlue", "id_name": "object216523214891599", "shape": "CVCone", "id_string": "ob401", "world_size": [0.09, 0.09, 0.09], "id": 401, "camera_size": [37, 37], "camera_position": [256, 254], "world_position": [0.705, 0.6448569696296074, -0.15], "world_orientation": [1.0, -4.331917303826236e-17, -1.1712398707441946e-17, 4.331917303826236e-17, 1.0, -5.775889738434995e-17, 1.1712398707441946e-17, 5.775889738434995e-17, 1.0], "world_rotation": [-0.7896765794068324, 0.16013129347666225, -0.5922574345551229, -7.314247236221149e-17]}], "source": "action wait"}
{"timestamp": 1709222394.825085, "objects": [{"color": "cv_", "id_name": "hand", "shape": "CVCylinder", "id_string": "ob383", "world_size": [0.12, 0.005, 0.12], "id": 383, "camera_size": [49, 50], "camera_position": [246, 252], "world_position": [0.7077961133582845, 0.7072917747579855, -0.17410437828178657], "world_orientation": [-5.576398763079324e-06, -0.0010808820974126103, 0.9999994158312271, -0.0007628889427409844, -0.9999991248425351, -0.0010808860370630257, 0.9999997089846401, -0.0007628945245370158, 4.751800882693413e-06], "world_rotation": [0.0, 1.0, 0.0, 0.0]}, {"color": "CVBlue", "id_name": "object216523214891599", "shape": "CVCone", "id_string": "ob401", "world_size": [0.09, 0.09, 0.09], "id": 401, "camera_size": [37, 37], "camera_position": [256, 254], "world_position": [0.705, 0.6448569696296074, -0.15], "world_orientation": [1.0, -4.331917303826236e-17, -1.1712398707441946e-17, 4.331917303826236e-17, 1.0, -5.775889738434995e-17, 1.1712398707441946e-17, 5.775889738434995e-17, 1.0], "world_rotation": [-0.7896765794068324, 0.16013129347666225, -0.5922574345551229, -7.314247236221149e-17]}], "source": "action wait"}
{"timestamp": 1709222395.879989, "objects": [{"color": "cv_", "id_name": "hand", "shape": "CVCylinder", "id_string": "ob383", "world_size": [0.12, 0.005, 0.12], "id": 383, "camera_size": [49, 50], "camera_position": [246, 252], "world_position": [0.7085633957624644, 0.7068616258133253, -0.17410556237513716], "world_orientation": [-4.185043646050217e-06, -0.0016894098527652094, 0.9999985729373992, -0.0007631193418512383, -0.9999982817655693, -0.0016894125545479286, 0.9999997088156355, -0.0007631253230978076, 2.895815120568616e-06], "world_rotation": [0.0, 1.0, 0.0, 0.0]}, {"color": "CVBlue", "id_name": "object216523214891599", "shape": "CVCone", "id_string": "ob401", "world_size": [0.09, 0.09, 0.09], "id": 401, "camera_size": [37, 37], "camera_position": [256, 254], "world_position": [0.705, 0.6448569696296074, -0.15], "world_orientation": [1.0, -4.331917303826236e-17, -1.1712398707441946e-17, 4.331917303826236e-17, 1.0, -5.775889738434995e-17, 1.1712398707441946e-17, 5.775889738434995e-17, 1.0], "world_rotation": [-0.7896765794068324, 0.16013129347666225, -0.5922574345551229, -7.314247236221149e-17]}], "source": "action wait"}
{"timestamp": 1709222395.916348, "objects": [{"color": "cv_", "id_name": "hand", "shape": "CVCylinder", "id_string": "ob383", "world_size": [0.12, 0.005, 0.12], "id": 383, "camera_size": [51, 51], "camera_position": [246, 251], "world_position": [0.7113779145198814, 0.730241459408998, -0.1740977093852765], "world_orientation": [1.8926785937111173e-05, 0.03246737772779106, 0.9994727955403577, -0.0007431531791037504, -0.9994725192699244, 0.032467382826203955, 0.9999997236825265, -0.0007433758886385729, 5.211432553676451e-06], "world_rotation": [0.0, 1.0, 0.0, 0.0]}, {"color": "CVBlue", "id_name": "object216523214891599", "shape": "CVCone", "id_string": "ob401", "world_size": [0.09, 0.09, 0.09], "id": 401, "camera_size": [38, 38], "camera_position": [252, 251], "world_position": [0.7106094074071536, 0.6743250747575417, -0.1586670255560496], "world_orientation": [0.9994274478885468, -0.03383454444650381, -3.013926963315488e-06, 0.033834544524988124, 0.9994274473902497, 3.1619555421614114e-05, 1.9423680782758565e-06, -3.1703426424429605e-05, 0.99999999949556], "world_rotation": [0.0009357737027872588, 7.324308533752085e-05, -0.9999995594814167, -0.033841018224858896]}], "source": "action wait"}
{"timestamp": 1709222395.94419, "objects": [{"color": "cv_", "id_name": "hand", "shape": "CVCylinder", "id_string": "ob383", "world_size": [0.12, 0.005, 0.12], "id": 383, "camera_size": [53, 53], "camera_position": [245, 249], "world_position": [0.7152505375905781, 0.7866436886367589, -0.17410897369427775], "world_orientation": [8.12938087637691e-05, 0.11354094970215933, 0.9935333140524522, -0.0007254027093521731, -0.9935330492366627, 0.1135409787935978, 0.9999997335910776, -0.0007299419364625092, 1.5948268316283297e-06], "world_rotation": [0.0, 1.0, 0.0, 0.0]}, {"color": "CVBlue", "id_name": "object216523214891599", "shape": "CVCone", "id_string": "ob401", "world_size": [0.09, 0.09, 0.09], "id": 401, "camera_size": [39, 44], "camera_position": [250, 247], "world_position": [0.718954127352495, 0.7346872570223371, -0.16423205421697026], "world_orientation": [0.9934006849317747, -0.11469559346441065, -4.114361953921756e-06, 0.11469559352159488, 0.993400683538235, 5.26545032063317e-05, -1.952029516474338e-06, -5.2778918736179956e-05, 0.9999999986052877], "world_rotation": [0.0004596227613909653, 9.42639618096382e-06, -0.9999998943290245, -0.11494857771574393]}], "source": "action wait"}
{"timestamp": 1709222395.975962, "objects": [{"color": "cv_", "id_name": "hand", "shape": "CVCylinder", "id_string": "ob383", "world_size": [0.12, 0.005, 0.12], "id": 383, "camera_size": [56, 55], "camera_position": [244, 250], "world_position": [0.7135093092547047, 0.85675580537057, -0.1741123328463658], "world_orientation": [0.00015629528113542197, 0.21260677776062964, 0.9771378273416843, -0.0007212412603816816, -0.9771375611619147, 0.21260683520900708, 0.9999997276913778, -0.0007379815632391156, 6.187905284535142e-07], "world_rotation": [0.0, 1.0, 0.0, 0.0]}, {"color": "CVBlue", "id_name": "object216523214891599", "shape": "CVCone", "id_string": "ob401", "world_size": [0.09, 0.09, 0.09], "id": 401, "camera_size": [41, 50], "camera_position": [248, 245], "world_position": [0.7222385733690716, 0.8078032483323975, -0.1677903756402793], "world_orientation": [0.9769182036911275, -0.21361372436917733, -7.61774584815284e-06, 0.21361372448315744, 0.9769182024599619, 4.914092812616212e-05, -3.0552620952132245e-06, -4.963392229551513e-05, 0.9999999987635696], "world_rotation": [0.0002311996760542053, 1.0679284870379477e-05, -0.9999999732163309, -0.21527258568148996]}], "source": "action wait"}
{"timestamp": 1709222396.007041, "objects": [{"color": "cv_", "id_name": "hand", "shape": "CVCylinder", "id_string": "ob383", "world_size": [0.12, 0.005, 0.12], "id": 383, "camera_size": [59, 57], "camera_position": [244, 254], "world_position": [0.7043283429484238, 0.9262991905487221, -0.17411326048337544], "world_orientation": [0.00023150028589235213, 0.309542677697003, 0.9508855226007948, -0.0007096362427335072, -0.9508852578036998, 0.3095427642636712, 0.9999997214119716, -0.0007464420679512977, -4.675062653561903e-07], "world_rotation": [0.0, 1.0, 0.0, 0.0]}, {"color": "CVBlue", "id_name": "object216523214891599", "shape": "CVCone", "id_string": "ob401", "world_size": [0.09, 0.09, 0.09], "id": 401, "camera_size": [44, 56], "camera_position": [246, 247], "world_position": [0.7178169905614643, 0.8799870173920399, -0.17006649711176997], "world_orientation": [0.9505921807769206, -0.310442435485432, -9.780182984550456e-06, 0.3104424356113299, 0.9505921797946307, 4.34165609427555e-05, -4.181377457396529e-06, -4.430762717485635e-05, 0.9999999990096752], "world_rotation": [0.0001412889753352897, 9.017461580522975e-06, -0.9999999899780555, -0.3156584318671052]}], "source": "action wait"}
{"timestamp": 1709222396.034693, "objects": [{"color": "cv_", "id_name": "hand", "shape": "CVCylinder", "id_string": "ob383", "world_size": [0.12, 0.005, 0.12], "id": 383, "camera_size": [63, 59], "camera_position": [243, 262], "world_position": [0.6879644247987273, 0.9944993077354084, -0.17411370881199079], "world_orientation": [0.0003053075788801835, 0.4033511757545974, 0.9150452097053271, -0.0006875401476017693, -0.9150449514080793, 0.40335129129721564, 0.9999997170378738, -0.0007522765247274281, -2.050031766774132e-06], "world_rotation": [0.0, 1.0, 0.0, 0.0]}, {"color": "CVBlue", "id_name": "object216523214891599", "shape": "CVCone", "id_string": "ob401", "world_size": [0.09, 0.09, 0.09], "id": 401, "camera_size": [47, 61], "camera_position": [245, 253], "world_position": [0.705961506712915, 0.9507449644146128, -0.17152300352934335], "world_orientation": [0.914684922056221, -0.4041676548662299, -1.1087702085315211e-05, 0.4041676549772079, 0.9146849212277187, 3.935564388724529e-05, -5.764524387155439e-06, -4.047930461238509e-05, 0.9999999991640981], "world_rotation": [9.87646427619114e-05, 6.585358337387263e-06, -0.9999999951010892, -0.4160686695371392]}], "source": "action wait"}
{"timestamp": 1709222396.067941, "objects": [{"color": "cv_", "id_name": "hand", "shape": "CVCylinder", "id_string": "ob383", "world_size": [0.12, 0.005, 0.12], "id": 383, "camera_size": [67, 60], "camera_position": [243, 275], "world_position": [0.6646807678657242, 1.0606690545437831, -0.17411413032515585], "world_orientation": [0.00037653700333422285, 0.49308908754294034, 0.8699787411000087, -0.000656192604418141, -0.8699784936384137, 0.4930892312937918, 0.9999997138155347, -0.00075653995743871, -4.017682394374378e-06], "world_rotation": [0.0, 1.0, 0.0, 0.0]}, {"color": "CVBlue", "id_name": "object216523214891599", "shape": "CVCone", "id_string": "ob401", "world_size": [0.09, 0.09, 0.09], "id": 401, "camera_size": [50, 68], "camera_position": [243, 263], "world_position": [0.6869312880548857, 1.0195619858629874, -0.1724552715693636], "world_orientation": [0.8695554536876996, -0.4938353094124911, -1.1808812486196807e-05, 0.4938353094933954, 0.8695554529593031, 3.641845099100077e-05, -7.716299723118166e-06, -3.7499471242953406e-05, 0.9999999992671242], "world_rotation": [7.484066105782517e-05, 4.143600784759338e-06, -0.999999997190853, -0.5164949138440934]}], "source": "action wait"}
{"timestamp": 1709222396.101377, "objects": [{"color": "cv_", "id_name": "hand", "shape": "CVCylinder", "id_string": "ob383", "world_size": [0.12, 0.005, 0.12], "id": 383, "camera_size": [71, 60], "camera_position": [242, 290], "world_position": [0.6411305437157535, 1.1105939368346007, -0.1741136557643898], "world_orientation": [0.0004371517641403266, 0.5600855255851568, 0.8284346763193425, -0.0006354892098115653, -0.8284344326019576, 0.5600856961509885, 0.9999997025258555, -0.0007713037479769406, -6.223265605019158e-06], "world_rotation": [0.0, 1.0, 0.0, 0.0]}, {"color": "CVBlue", "id_name": "object216523214891599", "shape": "CVCone", "id_string": "ob401", "world_size": [0.09, 0.09, 0.09], "id": 401, "camera_size": [52, 72], "camera_position": [242, 275], "world_position": [0.6664868323315556, 1.0718864059727986, -0.17305168729921222], "world_orientation": [0.8279663344491146, -0.5607778071515148, -5.023508472994037e-06, 0.5607778070868489, 0.8279663341292485, 2.5048727166200316e-05, -9.887474397346298e-06, -2.355657487978263e-05, 0.9999999996736628], "world_rotation": [-4.3337397970130675e-05, 4.336803149117136e-06, 0.9999999990515309, 0.5953249208866381]}], "source": "action wait"}
{"timestamp": 1709222396.135081, "objects": [{"color": "cv_", "id_name": "hand", "shape": "CVCylinder", "id_string": "ob383", "world_size": [0.12, 0.005, 0.12], "id": 383, "camera_size": [73, 61], "camera_position": [241, 303], "world_position": [0.6218056134878205, 1.144358116991979, -0.17411475734613271], "world_orientation": [0.0004789954656770994, 0.6052799706974669, 0.7960125172607637, -0.0006136501476986663, -0.7960122807887183, 0.6052801601465551, 0.9999996969983742, -0.0007783996509616467, -9.856129703037761e-06], "world_rotation": [0.0, 1.0, 0.0, 0.0]}, {"color": "CVBlue", "id_name": "object216523214891599", "shape": "CVCone", "id_string": "ob401", "world_size": [0.09, 0.09, 0.09], "id": 401, "camera_size": [54, 76], "camera_position": [241, 286], "world_position": [0.6492033162950787, 1.1075414298279063, -0.1734346699409762], "world_orientation": [0.7955149974219158, -0.6059338981082126, 4.423912793319391e-07, 0.6059338979581483, 0.7955149972407342, 2.1686844017891353e-05, -1.349272283078275e-05, -1.698414979067404e-05, 0.9999999997647425], "world_rotation": [-3.1910241291866585e-05, 1.1498873183470193e-05, 0.9999999994247561, 0.6509392977586217]}], "source": "action wait"}
{"timestamp": 1709222396.170927, "objects": [{"color": "cv_", "id_name": "hand", "shape": "CVCylinder", "id_string": "ob383", "world_size": [0.12, 0.005, 0.12], "id": 383, "camera_size": [75, 61], "camera_position": [241, 313], "world_position": [0.6069201978550693, 1.1673696149842343, -0.1741164192000445], "world_orientation": [0.000506951029679552, 0.6360391029803509, 0.7716566610096773, -0.0005938646683081506, -0.7716564326089844, 0.6360393048687569, 0.9999996951626583, -0.0007807004075582153, -1.347087214705532e-05], "world_rotation": [0.0, 1.0, 0.0, 0.0]}, {"color": "CVBlue", "id_name": "object216523214891599", "shape": "CVCone", "id_string": "ob401", "world_size": [0.09, 0.09, 0.09], "id": 401, "camera_size": [56, 78], "camera_position": [241, 295], "world_position": [0.6356781417230807, 1.1319686344487347, -0.17368062318170058], "world_orientation": [0.771139651120216, -0.6366660336920085, 3.6163441548084094e-06, 0.6366660334729555, 0.7711396509824707, 2.2459896309147745e-05, -1.7088159469650328e-05, -1.5017313115317444e-05, 0.9999999997412375], "world_rotation": [-2.9432392672494423e-05, 1.626009753987572e-05, 0.9999999994346718, 0.6901670810653738]}], "source": "action wait"}
{"timestamp": 1709222396.207298, "objects": [{"color": "cv_", "id_name": "hand", "shape": "CVCylinder", "id_string": "ob383", "world_size": [0.12, 0.005, 0.12], "id": 383, "camera_size": [76, 62], "camera_position": [240, 320], "world_position": [0.595841998989767, 1.1831795598517267, -0.17411801870199342], "world_orientation": [0.0005253086785176448, 0.6571475525872131, 0.7537617781364535, -0.0005775930037744145, -0.7537615570155476, 0.6571477623425493, 0.9999996952185107, -0.0007805729521912042, -1.6393658610869998e-05], "world_rotation": [0.0, 1.0, 0.0, 0.0]}, {"color": "CVBlue", "id_name": "object216523214891599", "shape": "CVCone", "id_string": "ob401", "world_size": [0.09, 0.09, 0.09], "id": 401, "camera_size": [57, 80], "camera_position": [241, 302], "world_position": [0.6255189912662875, 1.1488089020967347, -0.17383849042417962], "world_orientation": [0.7532314413813865, -0.6577555744270831, 4.961566352116487e-06, 0.6577555741417836, 0.7532314412411575, 2.4722080565394625e-05, -1.99982940775421e-05, -1.535795045364001e-05, 0.999999999682101], "world_rotation": [-3.046726820735866e-05, 1.8973507325069005e-05, 0.9999999993558757, 0.7178351410061186]}], "source": "action wait"}
{"timestamp": 1709222396.243199, "objects": [{"color": "cv_", "id_name": "hand", "shape": "CVCylinder", "id_string": "ob383", "world_size": [0.12, 0.005, 0.12], "id": 383, "camera_size": [77, 63], "camera_position": [241, 326], "world_position": [0.587763838633496, 1.1941171255253387, -0.17411933443705507], "world_orientation": [0.00053727672143509, 0.6717334153632388, 0.7407927713052841, -0.0005648513393455303, -0.740792556189912, 0.6717336299729088, 0.9999996961382984, -0.0007793446314388367, -1.858107650164768e-05], "world_rotation": [0.0, 1.0, 0.0, 0.0]}, {"color": "CVBlue", "id_name": "object216523214891599", "shape": "CVCone", "id_string": "ob401", "world_size": [0.09, 0.09, 0.09], "id": 401, "camera_size": [57, 82], "camera_position": [241, 307], "world_position": [0.6180693809108672, 1.1604838215369966, -0.17393976153183424], "world_orientation": [0.7402531706712631, -0.6723282258572589, 5.174228378066797e-06, 0.6723282255113843, 0.7402531705004652, 2.7289600329685396e-05, -2.2177807535768474e-05, -1.6722433386584863e-05, 0.9999999996142526], "world_rotation": [-3.2731062003824244e-05, 2.0341281868454352e-05, 0.999999999257455, 0.7373494887391892]}], "source": "action wait"}
