{"timestamp": 1706069404.936414, "objects": [{"color": "cv_", "id_name": "hand", "shape": "CVCylinder", "id_string": "ob383", "world_size": [0.12, 0.005, 0.12], "id": 383, "camera_size": [48, 50], "camera_position": [246, 426], "world_position": [0.2676445155579772, 0.6334703012687554, -0.17389260400876527], "world_orientation": [-0.00064154835703048, 0.19791547470500337, 0.98021888029562, -0.0007473669587007439, -0.9802189031575591, 0.19791499017310712, 0.9999995149290498, -0.0006056111666506057, 0.0007767733132614725], "world_rotation": [0.0, 1.0, 0.0, 0.0]}, {"color": "CVRed", "id_name": "object233644548997716", "shape": "CVSphere", "id_string": "ob1164", "world_size": [0.09, 0.09, 0.09], "id": 1164, "camera_size": [37, 37], "camera_position": [256, 254], "world_position": [0.705, 0.6448569696296074, -0.15], "world_orientation": [1.0, -4.331917303826236e-17, -1.1712398707441946e-17, 4.331917303826236e-17, 1.0, -5.775889738434995e-17, 1.1712398707441946e-17, 5.775889738434995e-17, 1.0], "world_rotation": [-0.7896765794068324, 0.16013129347666225, -0.5922574345551229, -7.314247236221149e-17]}], "source": "action wait"}
{"timestamp": 1706069404.968065, "objects": [{"color": "cv_", "id_name": "hand", "shape": "CVCylinder", "id_string": "ob383", "world_size": [0.12, 0.005, 0.12], "id": 383, "camera_size": [49, 51], "camera_position": [246, 421], "world_position": [0.2909582733886372, 0.6676213611660309, -0.1739561799152269], "world_orientation": [-0.0003838844773655778, 0.1967936299744848, 0.980444858130315, -0.0007155579426237001, -0.980444733425308, 0.19679332477349887, 0.9999996703047151, -0.00062601920291029, 0.0005171947590632283], "world_rotation": [0.0, 1.0, 0.0, 0.0]}, {"color": "CVRed", "id_name": "object233644548997716", "shape": "CVSphere", "id_string": "ob1164", "world_size": [0.09, 0.09, 0.09], "id": 1164, "camera_size": [37, 37], "camera_position": [256, 254], "world_position": [0.705, 0.6448569696296074, -0.15], "world_orientation": [1.0, -4.331917303826236e-17, -1.1712398707441946e-17, 4.331917303826236e-17, 1.0, -5.775889738434995e-17, 1.1712398707441946e-17, 5.775889738434995e-17, 1.0], "world_rotation": [-0.7896765794068324, 0.16013129347666225, -0.5922574345551229, -7.314247236221149e-17]}], "source": "action wait"}
{"timestamp": 1706069405.001273, "objects": [{"color": "cv_", "id_name": "hand", "shape": "CVCylinder", "id_string": "ob383", "world_size": [0.12, 0.005, 0.12], "id": 383, "camera_size": [51, 52], "camera_position": [246, 406], "world_position": [0.3368978132681758, 0.7054873899167685, -0.17398402455594073], "world_orientation": [-0.00022512516267679967, 0.18412948213821967, 0.9829019702524623, -0.0007320378723189318, -0.9829017621458868, 0.1841292754861763, 0.9999997067195643, -0.000678069333904591, 0.00035606567343448], "world_rotation": [0.0, 1.0, 0.0, 0.0]}, {"color": "CVRed", "id_name": "object233644548997716", "shape": "CVSphere", "id_string": "ob1164", "world_size": [0.09, 0.09, 0.09], "id": 1164, "camera_size": [37, 37], "camera_position": [256, 254], "world_position": [0.705, 0.6448569696296074, -0.15], "world_orientation": [1.0, -4.331917303826236e-17, -1.1712398707441946e-17, 4.331917303826236e-17, 1.0, -5.775889738434995e-17, 1.1712398707441946e-17, 5.775889738434995e-17, 1.0], "world_rotation": [-0.7896765794068324, 0.16013129347666225, -0.5922574345551229, -7.314247236221149e-17]}], "source": "action wait"}
{"timestamp": 1706069405.036539, "objects": [{"color": "cv_", "id_name": "hand", "shape": "CVCylinder", "id_string": "ob383", "world_size": [0.12, 0.005, 0.12], "id": 383, "camera_size": [51, 52], "camera_position": [246, 388], "world_position": [0.387390049411298, 0.738590511142898, -0.17400454823937345], "world_orientation": [-0.0001221719881078771, 0.1751101958367191, 0.9845488329118222, -0.0007433071090559806, -0.984548584177148, 0.175110059360721, 0.9999997162842332, -0.0007104286026266326, 0.00025044491135175844], "world_rotation": [0.0, 1.0, 0.0, 0.0]}, {"color": "CVRed", "id_name": "object233644548997716", "shape": "CVSphere", "id_string": "ob1164", "world_size": [0.09, 0.09, 0.09], "id": 1164, "camera_size": [37, 37], "camera_position": [256, 254], "world_position": [0.705, 0.6448569696296074, -0.15], "world_orientation": [1.0, -4.331917303826236e-17, -1.1712398707441946e-17, 4.331917303826236e-17, 1.0, -5.775889738434995e-17, 1.1712398707441946e-17, 5.775889738434995e-17, 1.0], "world_rotation": [-0.7896765794068324, 0.16013129347666225, -0.5922574345551229, -7.314247236221149e-17]}], "source": "action wait"}
{"timestamp": 1706069405.070845, "objects": [{"color": "cv_", "id_name": "hand", "shape": "CVCylinder", "id_string": "ob383", "world_size": [0.12, 0.005, 0.12], "id": 383, "camera_size": [52, 53], "camera_position": [245, 368], "world_position": [0.44145568695984666, 0.7664896472470447, -0.17402305560492043], "world_orientation": [-4.9737612648961654e-05, 0.16873752319390378, 0.985661019718522, -0.0007507024358033433, -0.9856607495013298, 0.1687374390534898, 0.9999997169859715, -0.0007315455309963763, 0.00017569608223548953], "world_rotation": [0.0, 1.0, 0.0, 0.0]}, {"color": "CVRed", "id_name": "object233644548997716", "shape": "CVSphere", "id_string": "ob1164", "world_size": [0.09, 0.09, 0.09], "id": 1164, "camera_size": [37, 37], "camera_position": [256, 254], "world_position": [0.705, 0.6448569696296074, -0.15], "world_orientation": [1.0, -4.331917303826236e-17, -1.1712398707441946e-17, 4.331917303826236e-17, 1.0, -5.775889738434995e-17, 1.1712398707441946e-17, 5.775889738434995e-17, 1.0], "world_rotation": [-0.7896765794068324, 0.16013129347666225, -0.5922574345551229, -7.314247236221149e-17]}], "source": "action wait"}
{"timestamp": 1706069405.10432, "objects": [{"color": "cv_", "id_name": "hand", "shape": "CVCylinder", "id_string": "ob383", "world_size": [0.12, 0.005, 0.12], "id": 383, "camera_size": [52, 53], "camera_position": [245, 344], "world_position": [0.4986549816860192, 0.7804866176439621, -0.17403825141743928], "world_orientation": [-6.854766113151156e-06, 0.15223543297576328, 0.9883442582924707, -0.0007644819933637844, -0.9883439703030541, 0.1522353833143846, 0.9999997077601043, -0.0007545278507626214, 0.00012315611401809634], "world_rotation": [0.0, 1.0, 0.0, 0.0]}, {"color": "CVRed", "id_name": "object233644548997716", "shape": "CVSphere", "id_string": "ob1164", "world_size": [0.09, 0.09, 0.09], "id": 1164, "camera_size": [37, 37], "camera_position": [256, 254], "world_position": [0.705, 0.6448569696296074, -0.15], "world_orientation": [1.0, -4.331917303826236e-17, -1.1712398707441946e-17, 4.331917303826236e-17, 1.0, -5.775889738434995e-17, 1.1712398707441946e-17, 5.775889738434995e-17, 1.0], "world_rotation": [-0.7896765794068324, 0.16013129347666225, -0.5922574345551229, -7.314247236221149e-17]}], "source": "action wait"}
{"timestamp": 1706069405.13539, "objects": [{"color": "cv_", "id_name": "hand", "shape": "CVCylinder", "id_string": "ob383", "world_size": [0.12, 0.005, 0.12], "id": 383, "camera_size": [52, 53], "camera_position": [245, 318], "world_position": [0.5572536021080764, 0.7713917598416965, -0.17405009866159474], "world_orientation": [-9.535380131194598e-07, 0.11267732824455368, 0.9936316317925672, -0.0007770165378940872, -0.993631331921574, 0.11267729349367049, 0.9999996981221497, -0.0007719607683952756, 8.849961273815546e-05], "world_rotation": [0.0, 1.0, 0.0, 0.0]}, {"color": "CVRed", "id_name": "object233644548997716", "shape": "CVSphere", "id_string": "ob1164", "world_size": [0.09, 0.09, 0.09], "id": 1164, "camera_size": [37, 37], "camera_position": [256, 254], "world_position": [0.705, 0.6448569696296074, -0.15], "world_orientation": [1.0, -4.331917303826236e-17, -1.1712398707441946e-17, 4.331917303826236e-17, 1.0, -5.775889738434995e-17, 1.1712398707441946e-17, 5.775889738434995e-17, 1.0], "world_rotation": [-0.7896765794068324, 0.16013129347666225, -0.5922574345551229, -7.314247236221149e-17]}], "source": "action wait"}
{"timestamp": 1706069405.168446, "objects": [{"color": "cv_", "id_name": "hand", "shape": "CVCylinder", "id_string": "ob383", "world_size": [0.12, 0.005, 0.12], "id": 383, "camera_size": [52, 52], "camera_position": [245, 297], "world_position": [0.6024731047602584, 0.7573980389360286, -0.17405574937087934], "world_orientation": [-1.564173317673419e-05, 0.07901166462097459, 0.9968736914018541, -0.0007751510580261925, -0.9968733929914059, 0.07901162880639527, 0.9999996994480417, -0.0007714918177932677, 7.683880305190857e-05], "world_rotation": [0.0, 1.0, 0.0, 0.0]}, {"color": "CVRed", "id_name": "object233644548997716", "shape": "CVSphere", "id_string": "ob1164", "world_size": [0.09, 0.09, 0.09], "id": 1164, "camera_size": [37, 37], "camera_position": [256, 254], "world_position": [0.705, 0.6448569696296074, -0.15], "world_orientation": [1.0, -4.331917303826236e-17, -1.1712398707441946e-17, 4.331917303826236e-17, 1.0, -5.775889738434995e-17, 1.1712398707441946e-17, 5.775889738434995e-17, 1.0], "world_rotation": [-0.7896765794068324, 0.16013129347666225, -0.5922574345551229, -7.314247236221149e-17]}], "source": "action wait"}
{"timestamp": 1706069405.201268, "objects": [{"color": "cv_", "id_name": "hand", "shape": "CVCylinder", "id_string": "ob383", "world_size": [0.12, 0.005, 0.12], "id": 383, "camera_size": [51, 51], "camera_position": [246, 284], "world_position": [0.6341900778236798, 0.7450771847781572, -0.17406345354733843], "world_orientation": [-2.2160229104285254e-05, 0.0552207370161422, 0.9984741707787529, -0.0007712589245230945, -0.9984738750013127, 0.0552207035407421, 0.9999997023342536, -0.0007688584116774773, 6.47158960674989e-05], "world_rotation": [0.0, 1.0, 0.0, 0.0]}, {"color": "CVRed", "id_name": "object233644548997716", "shape": "CVSphere", "id_string": "ob1164", "world_size": [0.09, 0.09, 0.09], "id": 1164, "camera_size": [37, 37], "camera_position": [256, 254], "world_position": [0.705, 0.6448569696296074, -0.15], "world_orientation": [1.0, -4.331917303826236e-17, -1.1712398707441946e-17, 4.331917303826236e-17, 1.0, -5.775889738434995e-17, 1.1712398707441946e-17, 5.775889738434995e-17, 1.0], "world_rotation": [-0.7896765794068324, 0.16013129347666225, -0.5922574345551229, -7.314247236221149e-17]}], "source": "action wait"}
{"timestamp": 1706069405.236566, "objects": [{"color": "cv_", "id_name": "hand", "shape": "CVCylinder", "id_string": "ob383", "world_size": [0.12, 0.005, 0.12], "id": 383, "camera_size": [51, 50], "camera_position": [246, 274], "world_position": [0.6563736740896929, 0.7352040217120505, -0.17407134214656808], "world_orientation": [-2.369490378947073e-05, 0.03843205367595731, 0.9992612154430891, -0.0007677676722047701, -0.9992609219068708, 0.0384320241807863, 0.999999704985633, -0.0007662898141901867, 5.318427979437762e-05], "world_rotation": [0.0, 1.0, 0.0, 0.0]}, {"color": "CVRed", "id_name": "object233644548997716", "shape": "CVSphere", "id_string": "ob1164", "world_size": [0.09, 0.09, 0.09], "id": 1164, "camera_size": [37, 37], "camera_position": [256, 254], "world_position": [0.705, 0.6448569696296074, -0.15], "world_orientation": [1.0, -4.331917303826236e-17, -1.1712398707441946e-17, 4.331917303826236e-17, 1.0, -5.775889738434995e-17, 1.1712398707441946e-17, 5.775889738434995e-17, 1.0], "world_rotation": [-0.7896765794068324, 0.16013129347666225, -0.5922574345551229, -7.314247236221149e-17]}], "source": "action wait"}
{"timestamp": 1706069405.269561, "objects": [{"color": "cv_", "id_name": "hand", "shape": "CVCylinder", "id_string": "ob383", "world_size": [0.12, 0.005, 0.12], "id": 383, "camera_size": [51, 51], "camera_position": [246, 268], "world_position": [0.6718897155665737, 0.7276774365524773, -0.1740784556071325], "world_orientation": [-2.264334409362361e-05, 0.026592458063087295, 0.999646357799318, -0.0007652696387587441, -0.999646065801089, 0.026592432960996098, 0.9999997069247867, -0.0007643968655101133, 4.298573061579085e-05], "world_rotation": [0.0, 1.0, 0.0, 0.0]}, {"color": "CVRed", "id_name": "object233644548997716", "shape": "CVSphere", "id_string": "ob1164", "world_size": [0.09, 0.09, 0.09], "id": 1164, "camera_size": [37, 37], "camera_position": [256, 254], "world_position": [0.705, 0.6448569696296074, -0.15], "world_orientation": [1.0, -4.331917303826236e-17, -1.1712398707441946e-17, 4.331917303826236e-17, 1.0, -5.775889738434995e-17, 1.1712398707441946e-17, 5.775889738434995e-17, 1.0], "world_rotation": [-0.7896765794068324, 0.16013129347666225, -0.5922574345551229, -7.314247236221149e-17]}], "source": "action wait"}
{"timestamp": 1706069405.303522, "objects": [{"color": "cv_", "id_name": "hand", "shape": "CVCylinder", "id_string": "ob383", "world_size": [0.12, 0.005, 0.12], "id": 383, "camera_size": [51, 50], "camera_position": [246, 263], "world_position": [0.6827528515214042, 0.7221056608373715, -0.1740844657896023], "world_orientation": [-2.043364956479e-05, 0.018245674195509043, 0.9998335336222813, -0.0007637045992428976, -0.9998332425418874, 0.01824565327579677, 0.999999708168833, -0.00076320464281985, 3.436454740109717e-05], "world_rotation": [0.0, 1.0, 0.0, 0.0]}, {"color": "CVRed", "id_name": "object233644548997716", "shape": "CVSphere", "id_string": "ob1164", "world_size": [0.09, 0.09, 0.09], "id": 1164, "camera_size": [37, 37], "camera_position": [256, 254], "world_position": [0.705, 0.6448569696296074, -0.15], "world_orientation": [1.0, -4.331917303826236e-17, -1.1712398707441946e-17, 4.331917303826236e-17, 1.0, -5.775889738434995e-17, 1.1712398707441946e-17, 5.775889738434995e-17, 1.0], "world_rotation": [-0.7896765794068324, 0.16013129347666225, -0.5922574345551229, -7.314247236221149e-17]}], "source": "action wait"}
{"timestamp": 1706069405.366778, "objects": [{"color": "cv_", "id_name": "hand", "shape": "CVCylinder", "id_string": "ob383", "world_size": [0.12, 0.005, 0.12], "id": 383, "camera_size": [51, 51], "camera_position": [246, 260], "world_position": [0.6903675834563293, 0.7180556796887101, -0.17408935084882604], "world_orientation": [-1.7869165652569008e-05, 0.012362137119697842, 0.999923585703691, -0.0007628349795864019, -0.9999232950954314, 0.012362119894618216, 0.9999997088817011, -0.0007625557873203808, 2.7298065617640182e-05], "world_rotation": [0.0, 1.0, 0.0, 0.0]}, {"color": "CVRed", "id_name": "object233644548997716", "shape": "CVSphere", "id_string": "ob1164", "world_size": [0.09, 0.09, 0.09], "id": 1164, "camera_size": [37, 37], "camera_position": [256, 254], "world_position": [0.705, 0.6448569696296074, -0.15], "world_orientation": [1.0, -4.331917303826236e-17, -1.1712398707441946e-17, 4.331917303826236e-17, 1.0, -5.775889738434995e-17, 1.1712398707441946e-17, 5.775889738434995e-17, 1.0], "world_rotation": [-0.7896765794068324, 0.16013129347666225, -0.5922574345551229, -7.314247236221149e-17]}], "source": "action wait"}
{"timestamp": 1706069405.39857, "objects": [{"color": "cv_", "id_name": "hand", "shape": "CVCylinder", "id_string": "ob383", "world_size": [0.12, 0.005, 0.12], "id": 383, "camera_size": [50, 50], "camera_position": [245, 256], "world_position": [0.6994651169378598, 0.713072286768587, -0.1740962389823847], "world_orientation": [-1.3136119244991061e-05, 0.005292186689132175, 0.9999859961956916, -0.000762290268279592, -0.9999857057957627, 0.0052921751385842965, 0.9999997093704523, -0.0007622100746725173, 1.717011388603007e-05], "world_rotation": [0.0, 1.0, 0.0, 0.0]}, {"color": "CVRed", "id_name": "object233644548997716", "shape": "CVSphere", "id_string": "ob1164", "world_size": [0.09, 0.09, 0.09], "id": 1164, "camera_size": [37, 37], "camera_position": [256, 254], "world_position": [0.705, 0.6448569696296074, -0.15], "world_orientation": [1.0, -4.331917303826236e-17, -1.1712398707441946e-17, 4.331917303826236e-17, 1.0, -5.775889738434995e-17, 1.1712398707441946e-17, 5.775889738434995e-17, 1.0], "world_rotation": [-0.7896765794068324, 0.16013129347666225, -0.5922574345551229, -7.314247236221149e-17]}], "source": "action wait"}
{"timestamp": 1706069405.431757, "objects": [{"color": "cv_", "id_name": "hand", "shape": "CVCylinder", "id_string": "ob383", "world_size": [0.12, 0.005, 0.12], "id": 383, "camera_size": [49, 50], "camera_position": [246, 255], "world_position": [0.7021040175790942, 0.7116013422349085, -0.1740985596048974], "world_orientation": [-1.1234106734160326e-05, 0.003231951187857686, 0.9999947771690181, -0.0007623073659668566, -0.9999944867050135, 0.0032319416852006, 0.9999997093805952, -0.0007622670765868162, 1.369778499453059e-05], "world_rotation": [0.0, 1.0, 0.0, 0.0]}, {"color": "CVRed", "id_name": "object233644548997716", "shape": "CVSphere", "id_string": "ob1164", "world_size": [0.09, 0.09, 0.09], "id": 1164, "camera_size": [37, 37], "camera_position": [256, 254], "world_position": [0.705, 0.6448569696296074, -0.15], "world_orientation": [1.0, -4.331917303826236e-17, -1.1712398707441946e-17, 4.331917303826236e-17, 1.0, -5.775889738434995e-17, 1.1712398707441946e-17, 5.775889738434995e-17, 1.0], "world_rotation": [-0.7896765794068324, 0.16013129347666225, -0.5922574345551229, -7.314247236221149e-17]}], "source": "action wait"}
{"timestamp": 1706069405.46555, "objects": [{"color": "cv_", "id_name": "hand", "shape": "CVCylinder", "id_string": "ob383", "world_size": [0.12, 0.005, 0.12], "id": 383, "camera_size": [49, 50], "camera_position": [246, 254], "world_position": [0.7039603354426471, 0.7105615981843, -0.174100328640782], "world_orientation": [-9.667574631377501e-06, 0.0017797713332125319, 0.9999984161590156, -0.0007623967038004243, -0.9999981255949153, 0.0017797634455357374, 0.99999970932886, -0.0007623782902897119, 1.1024448308751077e-05], "world_rotation": [0.0, 1.0, 0.0, 0.0]}, {"color": "CVRed", "id_name": "object233644548997716", "shape": "CVSphere", "id_string": "ob1164", "world_size": [0.09, 0.09, 0.09], "id": 1164, "camera_size": [37, 37], "camera_position": [256, 254], "world_position": [0.705, 0.6448569696296074, -0.15], "world_orientation": [1.0, -4.331917303826236e-17, -1.1712398707441946e-17, 4.331917303826236e-17, 1.0, -5.775889738434995e-17, 1.1712398707441946e-17, 5.775889738434995e-17, 1.0], "world_rotation": [-0.7896765794068324, 0.16013129347666225, -0.5922574345551229, -7.314247236221149e-17]}], "source": "action wait"}
{"timestamp": 1706069405.500258, "objects": [{"color": "cv_", "id_name": "hand", "shape": "CVCylinder", "id_string": "ob383", "world_size": [0.12, 0.005, 0.12], "id": 383, "camera_size": [49, 50], "camera_position": [246, 253], "world_position": [0.7052667916316983, 0.7098282622546573, -0.1741016676985781], "world_orientation": [-8.406652641319565e-06, 0.0007561593782254342, 0.9999997140761206, -0.0007625118358984179, -0.9999994234041945, 0.0007561527482574486, 0.9999997092524721, -0.0007625052611649111, 8.983228270165887e-06], "world_rotation": [0.0, 1.0, 0.0, 0.0]}, {"color": "CVRed", "id_name": "object233644548997716", "shape": "CVSphere", "id_string": "ob1164", "world_size": [0.09, 0.09, 0.09], "id": 1164, "camera_size": [37, 37], "camera_position": [256, 254], "world_position": [0.705, 0.6448569696296074, -0.15], "world_orientation": [1.0, -4.331917303826236e-17, -1.1712398707441946e-17, 4.331917303826236e-17, 1.0, -5.775889738434995e-17, 1.1712398707441946e-17, 5.775889738434995e-17, 1.0], "world_rotation": [-0.7896765794068324, 0.16013129347666225, -0.5922574345551229, -7.314247236221149e-17]}], "source": "action wait"}
{"timestamp": 1706069405.529565, "objects": [{"color": "cv_", "id_name": "hand", "shape": "CVCylinder", "id_string": "ob383", "world_size": [0.12, 0.005, 0.12], "id": 383, "camera_size": [49, 50], "camera_position": [246, 253], "world_position": [0.7061866158019507, 0.7093117633735578, -0.1741026756643131], "world_orientation": [-7.408893603602949e-06, 3.461622199014227e-05, 0.9999999993734128, -0.0007626275846342959, -0.9999997086005956, 3.4610561698464964e-05, 0.9999997091720955, -0.0007626273277308428, 7.4352907307855416e-06], "world_rotation": [0.0, 1.0, 0.0, 0.0]}, {"color": "CVRed", "id_name": "object233644548997716", "shape": "CVSphere", "id_string": "ob1164", "world_size": [0.09, 0.09, 0.09], "id": 1164, "camera_size": [37, 37], "camera_position": [256, 254], "world_position": [0.705, 0.6448569696296074, -0.15], "world_orientation": [1.0, -4.331917303826236e-17, -1.1712398707441946e-17, 4.331917303826236e-17, 1.0, -5.775889738434995e-17, 1.1712398707441946e-17, 5.775889738434995e-17, 1.0], "world_rotation": [-0.7896765794068324, 0.16013129347666225, -0.5922574345551229, -7.314247236221149e-17]}], "source": "action wait"}
{"timestamp": 1706069405.568967, "objects": [{"color": "cv_", "id_name": "hand", "shape": "CVCylinder", "id_string": "ob383", "world_size": [0.12, 0.005, 0.12], "id": 383, "camera_size": [49, 50], "camera_position": [246, 253], "world_position": [0.7068344248277814, 0.7089483008122709, -0.17410343099980316], "world_orientation": [-6.629725837584703e-06, -0.0004740128349322385, 0.9999998876339333, -0.0007627318335330453, -0.9999995967735784, -0.00047401775376380606, 0.9999997090980561, -0.0007627348904359683, 6.268178485962098e-06], "world_rotation": [0.0, 1.0, 0.0, 0.0]}, {"color": "CVRed", "id_name": "object233644548997716", "shape": "CVSphere", "id_string": "ob1164", "world_size": [0.09, 0.09, 0.09], "id": 1164, "camera_size": [37, 37], "camera_position": [256, 254], "world_position": [0.705, 0.6448569696296074, -0.15], "world_orientation": [1.0, -4.331917303826236e-17, -1.1712398707441946e-17, 4.331917303826236e-17, 1.0, -5.775889738434995e-17, 1.1712398707441946e-17, 5.775889738434995e-17, 1.0], "world_rotation": [-0.7896765794068324, 0.16013129347666225, -0.5922574345551229, -7.314247236221149e-17]}], "source": "action wait"}
{"timestamp": 1706069405.604637, "objects": [{"color": "cv_", "id_name": "hand", "shape": "CVCylinder", "id_string": "ob383", "world_size": [0.12, 0.005, 0.12], "id": 383, "camera_size": [49, 49], "camera_position": [246, 253], "world_position": [0.7072907710783025, 0.7086926583329044, -0.17410399491985487], "world_orientation": [-6.027616644150641e-06, -0.0008325642164396371, 0.9999996534001867, -0.0007628200235455521, -0.999999362467389, -0.0008325685722072214, 0.9999997090345975, -0.000762824777556821, 5.39251614652474e-06], "world_rotation": [0.0, 1.0, 0.0, 0.0]}, {"color": "CVRed", "id_name": "object233644548997716", "shape": "CVSphere", "id_string": "ob1164", "world_size": [0.09, 0.09, 0.09], "id": 1164, "camera_size": [37, 37], "camera_position": [256, 254], "world_position": [0.705, 0.6448569696296074, -0.15], "world_orientation": [1.0, -4.331917303826236e-17, -1.1712398707441946e-17, 4.331917303826236e-17, 1.0, -5.775889738434995e-17, 1.1712398707441946e-17, 5.775889738434995e-17, 1.0], "world_rotation": [-0.7896765794068324, 0.16013129347666225, -0.5922574345551229, -7.314247236221149e-17]}], "source": "action wait"}
{"timestamp": 1706069405.638573, "objects": [{"color": "cv_", "id_name": "hand", "shape": "CVCylinder", "id_string": "ob383", "world_size": [0.12, 0.005, 0.12], "id": 383, "camera_size": [49, 50], "camera_position": [246, 252], "world_position": [0.7076123050163636, 0.7085128966885038, -0.1741044146077666], "world_orientation": [-5.5662890585151395e-06, -0.0010853265223033156, 0.9999994110175048, -0.0007628916668860766, -0.9999991200266691, -0.001085330452960754, 0.9999997089826183, -0.0007628972588196333, 4.7382976009774445e-06], "world_rotation": [0.0, 1.0, 0.0, 0.0]}, {"color": "CVRed", "id_name": "object233644548997716", "shape": "CVSphere", "id_string": "ob1164", "world_size": [0.09, 0.09, 0.09], "id": 1164, "camera_size": [37, 37], "camera_position": [256, 254], "world_position": [0.705, 0.6448569696296074, -0.15], "world_orientation": [1.0, -4.331917303826236e-17, -1.1712398707441946e-17, 4.331917303826236e-17, 1.0, -5.775889738434995e-17, 1.1712398707441946e-17, 5.775889738434995e-17, 1.0], "world_rotation": [-0.7896765794068324, 0.16013129347666225, -0.5922574345551229, -7.314247236221149e-17]}], "source": "action wait"}
{"timestamp": 1706069406.690062, "objects": [{"color": "cv_", "id_name": "hand", "shape": "CVCylinder", "id_string": "ob383", "world_size": [0.12, 0.005, 0.12], "id": 383, "camera_size": [49, 50], "camera_position": [246, 252], "world_position": [0.7083801844295765, 0.7080868275459833, -0.17410559850213575], "world_orientation": [-4.172677002372796e-06, -0.001689375107322542, 0.9999985729961496, -0.0007631194020988629, -0.999998281824238, -0.0016893777996782404, 0.9999997088156412, -0.0007631253623527949, 2.8834749115232645e-06], "world_rotation": [0.0, 1.0, 0.0, 0.0]}, {"color": "CVRed", "id_name": "object233644548997716", "shape": "CVSphere", "id_string": "ob1164", "world_size": [0.09, 0.09, 0.09], "id": 1164, "camera_size": [37, 37], "camera_position": [256, 254], "world_position": [0.705, 0.6448569696296074, -0.15], "world_orientation": [1.0, -4.331917303826236e-17, -1.1712398707441946e-17, 4.331917303826236e-17, 1.0, -5.775889738434995e-17, 1.1712398707441946e-17, 5.775889738434995e-17, 1.0], "world_rotation": [-0.7896765794068324, 0.16013129347666225, -0.5922574345551229, -7.314247236221149e-17]}], "source": "action wait"}
{"timestamp": 1706069406.720205, "objects": [{"color": "cv_", "id_name": "hand", "shape": "CVCylinder", "id_string": "ob383", "world_size": [0.12, 0.005, 0.12], "id": 383, "camera_size": [51, 51], "camera_position": [246, 251], "world_position": [0.7111479117376537, 0.7314097375632022, -0.17409773951443158], "world_orientation": [1.8841846745224678e-05, 0.032389571951741296, 0.9994753199923286, -0.0007431551544567659, -0.999475043721266, 0.03238957700850891, 0.9999997236826624, -0.0007433755152511168, 5.23852174746477e-06], "world_rotation": [0.0, 1.0, 0.0, 0.0]}, {"color": "CVRed", "id_name": "object233644548997716", "shape": "CVSphere", "id_string": "ob1164", "world_size": [0.09, 0.09, 0.09], "id": 1164, "camera_size": [38, 39], "camera_position": [252, 252], "world_position": [0.7104931752021918, 0.674709227754355, -0.15866703257823087], "world_orientation": [0.9994300795233436, -0.03375671984440842, -3.051103789493747e-06, 0.033756719924108905, 0.9994300790251461, 3.161891038258609e-05, 1.982014201877256e-06, -3.170388537419081e-05, 0.9999999994954678], "world_rotation": [0.000937928328716281, 7.454983453369133e-05, -0.9999995573662881, -0.0337631491788633]}], "source": "action wait"}
{"timestamp": 1706069406.749858, "objects": [{"color": "cv_", "id_name": "hand", "shape": "CVCylinder", "id_string": "ob383", "world_size": [0.12, 0.005, 0.12], "id": 383, "camera_size": [53, 52], "camera_position": [245, 249], "world_position": [0.7149255257561768, 0.7877745092707653, -0.17410900417350245], "world_orientation": [8.116530505030056e-05, 0.11342713467176227, 0.9935463142362047, -0.0007254155328268732, -0.993546049414592, 0.1134271636997162, 0.9999997335922136, -0.0007299402792728308, 1.6403371530887523e-06], "world_rotation": [0.0, 1.0, 0.0, 0.0]}, {"color": "CVRed", "id_name": "object233644548997716", "shape": "CVSphere", "id_string": "ob1164", "world_size": [0.09, 0.09, 0.09], "id": 1164, "camera_size": [39, 43], "camera_position": [250, 248], "world_position": [0.71869901540884, 0.7353159432266408, -0.16423206990148412], "world_orientation": [0.9934138190300104, -0.1145817792794843, -4.166207146225268e-06, 0.11458177933957307, 0.9934138176366129, 5.265005399539798e-05, -1.8939691197570775e-06, -5.2780662639616314e-05, 0.9999999986053073], "world_rotation": [0.00046006749985605996, 9.915353905200614e-06, -0.9999998941197851, -0.11483400821634257]}], "source": "action wait"}
{"timestamp": 1706069406.780289, "objects": [{"color": "cv_", "id_name": "hand", "shape": "CVCylinder", "id_string": "ob383", "world_size": [0.12, 0.005, 0.12], "id": 383, "camera_size": [56, 55], "camera_position": [244, 250], "world_position": [0.7130722777232817, 0.8578613605088657, -0.17411236412630146], "world_orientation": [0.00015614462606473436, 0.21249487850075982, 0.9771621678256905, -0.0007212749357476527, -0.9771619016277419, 0.21249493586841742, 0.9999997276906244, -0.0007379825221156222, 6.886501033968269e-07], "world_rotation": [0.0, 1.0, 0.0, 0.0]}, {"color": "CVRed", "id_name": "object233644548997716", "shape": "CVSphere", "id_string": "ob1164", "world_size": [0.09, 0.09, 0.09], "id": 1164, "camera_size": [42, 49], "camera_position": [247, 246], "world_position": [0.7218444794970501, 0.8085867268334297, -0.16779039756653752], "world_orientation": [0.9769426614479723, -0.21350184117187404, -7.692381012215009e-06, 0.21350184128975241, 0.9769426602174662, 4.912337305835363e-05, -2.9729154230516534e-06, -4.9633056324939833e-05, 0.9999999987638609], "world_rotation": [0.0002312776933602364, 1.1052517007458341e-05, -0.9999999731942348, -0.21515806044005803]}], "source": "action wait"}
{"timestamp": 1706069406.813732, "objects": [{"color": "cv_", "id_name": "hand", "shape": "CVCylinder", "id_string": "ob383", "world_size": [0.12, 0.005, 0.12], "id": 383, "camera_size": [59, 57], "camera_position": [244, 254], "world_position": [0.7037822873755454, 0.9273677481190908, -0.17411329068683953], "world_orientation": [0.00023137468130219398, 0.3094338729979989, 0.9509209350451883, -0.0007096893933224273, -0.950920670218265, 0.30943395950123376, 0.9999997214033222, -0.0007464536852537268, -4.170294136247435e-07], "world_rotation": [0.0, 1.0, 0.0, 0.0]}, {"color": "CVRed", "id_name": "object233644548997716", "shape": "CVSphere", "id_string": "ob1164", "world_size": [0.09, 0.09, 0.09], "id": 1164, "camera_size": [44, 56], "camera_position": [246, 247], "world_position": [0.7172967015710656, 0.8808485562899886, -0.17006652175906264], "world_orientation": [0.9506276979968166, -0.31033365867178503, -9.831452606498451e-06, 0.31033365880018854, 0.950627697015631, 4.33871631618122e-05, -4.118445933760921e-06, -4.429606969782113e-05, 0.9999999990104483], "world_rotation": [0.00014127251349091793, 9.204619696676088e-06, -0.9999999899786758, -0.3155440034257814]}], "source": "action wait"}
{"timestamp": 1706069406.848933, "objects": [{"color": "cv_", "id_name": "hand", "shape": "CVCylinder", "id_string": "ob383", "world_size": [0.12, 0.005, 0.12], "id": 383, "camera_size": [63, 59], "camera_position": [243, 263], "world_position": [0.6873136612968412, 0.9955195825495105, -0.17411373809794706], "world_orientation": [0.0003051857631685885, 0.40324652983924547, 0.9150913304333379, -0.0006876117023118884, -0.9150910720952241, 0.40324664531990945, 0.9999997170258583, -0.0007522926426874284, -1.9957343715244354e-06], "world_rotation": [0.0, 1.0, 0.0, 0.0]}, {"color": "CVRed", "id_name": "object233644548997716", "shape": "CVSphere", "id_string": "ob1164", "world_size": [0.09, 0.09, 0.09], "id": 1164, "camera_size": [47, 62], "camera_position": [245, 253], "world_position": [0.7053256199908408, 0.9516316867911178, -0.17152302971748182], "world_orientation": [0.9147311376724677, -0.40406304662562675, -1.1137749181087474e-05, 0.4040630467389563, 0.914731136845326, 3.9315256575085754e-05, -5.6977963802831215e-06, -4.0463242242737685e-05, 0.9999999991651306], "world_rotation": [9.872035946162067e-05, 6.731564317548632e-06, -0.9999999951044883, -0.4159543070981106]}], "source": "action wait"}
{"timestamp": 1706069406.889292, "objects": [{"color": "cv_", "id_name": "hand", "shape": "CVCylinder", "id_string": "ob383", "world_size": [0.12, 0.005, 0.12], "id": 383, "camera_size": [67, 60], "camera_position": [243, 276], "world_position": [0.6639306979793087, 1.0616304558012615, -0.17411415882058282], "world_orientation": [0.00037642838952421317, 0.49298963561362835, 0.8700351012914419, -0.0006562756043901097, -0.8700348537830492, 0.4929897793109301, 0.9999997138019584, -0.0007565581606187103, -3.9687477686096065e-06], "world_rotation": [0.0, 1.0, 0.0, 0.0]}, {"color": "CVRed", "id_name": "object233644548997716", "shape": "CVSphere", "id_string": "ob1164", "world_size": [0.09, 0.09, 0.09], "id": 1164, "camera_size": [50, 68], "camera_position": [243, 263], "world_position": [0.6861892412406979, 1.0204366944050818, -0.17245529848788455], "world_orientation": [0.8696119003641823, -0.4937359037021677, -1.1849034164524945e-05, 0.49373590378500687, 0.869611899637163, 3.637372092259636e-05, -7.654950862050384e-06, -3.748131416701659e-05, 0.9999999992682764], "world_rotation": [7.479204400814153e-05, 4.247294210230574e-06, -0.9999999971940553, -0.5163805997029499]}], "source": "action wait"}
{"timestamp": 1706069406.92163, "objects": [{"color": "cv_", "id_name": "hand", "shape": "CVCylinder", "id_string": "ob383", "world_size": [0.12, 0.005, 0.12], "id": 383, "camera_size": [71, 61], "camera_position": [242, 291], "world_position": [0.6402973817825399, 1.1115223589346626, -0.17411368866332655], "world_orientation": [0.0004371838928412718, 0.5600187017485199, 0.8284798504261562, -0.0006354789425086024, -0.8284796067306516, 0.5600188723587255, 0.9999997025183346, -0.0007713127299209506, -6.317847237428604e-06], "world_rotation": [0.0, 1.0, 0.0, 0.0]}, {"color": "CVRed", "id_name": "object233644548997716", "shape": "CVSphere", "id_string": "ob1164", "world_size": [0.09, 0.09, 0.09], "id": 1164, "camera_size": [52, 73], "camera_position": [242, 276], "world_position": [0.6656587348071094, 1.0727587691311808, -0.1730517186762075], "world_orientation": [0.8280115652556186, -0.5607110198475275, -4.9483517778874066e-06, 0.56071101978073, 0.8280115649355752, 2.5087717618185286e-05, -9.969667231879162e-06, -2.354751570533759e-05, 0.9999999996730603], "world_rotation": [-4.336925043261919e-05, 4.477632213188595e-06, 0.9999999990495294, 0.5952442588150056]}], "source": "action wait"}
{"timestamp": 1706069406.950345, "objects": [{"color": "cv_", "id_name": "hand", "shape": "CVCylinder", "id_string": "ob383", "world_size": [0.12, 0.005, 0.12], "id": 383, "camera_size": [73, 62], "camera_position": [241, 303], "world_position": [0.6209144488078404, 1.14525818200213, -0.17411479071123923], "world_orientation": [0.00047904222440699694, 0.6052347464591549, 0.7960469032645435, -0.0006136311144331792, -0.7960466668185414, 0.6052349359578857, 0.9999996969876555, -0.0007784122384014681, -9.949094040601148e-06], "world_rotation": [0.0, 1.0, 0.0, 0.0]}, {"color": "CVRed", "id_name": "object233644548997716", "shape": "CVSphere", "id_string": "ob1164", "world_size": [0.09, 0.09, 0.09], "id": 1164, "camera_size": [54, 75], "camera_position": [241, 287], "world_position": [0.6483153243277944, 1.1084052946634981, -0.17343470263141683], "world_orientation": [0.79554942116939, -0.6058887013938973, 5.154013055763969e-07, 0.6058887012420799, 0.79554942098853, 2.1725567933608927e-05, -1.3573303352567247e-05, -1.697148716650468e-05, 0.9999999997638672], "world_rotation": [-3.193412832553993e-05, 1.1626479103637795e-05, 0.9999999994225182, 0.650882484579553]}], "source": "action wait"}
{"timestamp": 1706069406.982314, "objects": [{"color": "cv_", "id_name": "hand", "shape": "CVCylinder", "id_string": "ob383", "world_size": [0.12, 0.005, 0.12], "id": 383, "camera_size": [75, 62], "camera_position": [241, 313], "world_position": [0.605988715846871, 1.1682470762072246, -0.17411645261978964], "world_orientation": [0.0005069547167320528, 0.6360082363827275, 0.771682101807634, -0.0005938777361150369, -0.7716818734048645, 0.6360084382833245, 0.9999996951530284, -0.000780712297291178, -1.3496633965219565e-05], "world_rotation": [0.0, 1.0, 0.0, 0.0]}, {"color": "CVRed", "id_name": "object233644548997716", "shape": "CVSphere", "id_string": "ob1164", "world_size": [0.09, 0.09, 0.09], "id": 1164, "camera_size": [56, 78], "camera_position": [241, 296], "world_position": [0.6347486264329899, 1.1328227367529984, -0.1736806564279216], "world_orientation": [0.7711651173937843, -0.6366351872947463, 3.635144625252623e-06, 0.6366351870754303, 0.7711651172563639, 2.2459086875557945e-05, -1.710154171066659e-05, -1.5005403388402901e-05, 0.9999999997411876], "world_rotation": [-2.9423829374265052e-05, 1.628616100837971e-05, 0.9999999994344996, 0.6901270806738363]}], "source": "action wait"}
{"timestamp": 1706069407.014277, "objects": [{"color": "cv_", "id_name": "hand", "shape": "CVCylinder", "id_string": "ob383", "world_size": [0.12, 0.005, 0.12], "id": 383, "camera_size": [76, 62], "camera_position": [240, 321], "world_position": [0.5948824444733486, 1.184039831827654, -0.1741180518715883], "world_orientation": [0.0005253213667190834, 0.657126335801992, 0.7537802749030444, -0.0005775966360353382, -0.7537800537854158, 0.6571265455735158, 0.9999996952097475, -0.0007805835661218972, -1.642280705016944e-05], "world_rotation": [0.0, 1.0, 0.0, 0.0]}, {"color": "CVRed", "id_name": "object233644548997716", "shape": "CVSphere", "id_string": "ob1164", "world_size": [0.09, 0.09, 0.09], "id": 1164, "camera_size": [57, 81], "camera_position": [241, 303], "world_position": [0.624560641325412, 1.1496541071913258, -0.17383852361447957], "world_orientation": [0.7532499555266317, -0.6577343722767639, 4.981891548076085e-06, 0.6577343719910986, 0.7532499553867572, 2.4724959899172883e-05, -2.001506556518061e-05, -1.5347313635748138e-05, 0.9999999996819285], "world_rotation": [-3.0462353198210124e-05, 1.9002319291940247e-05, 0.9999999993554783, 0.7178069930976173]}], "source": "action wait"}
{"timestamp": 1706069407.049466, "objects": [{"color": "cv_", "id_name": "hand", "shape": "CVCylinder", "id_string": "ob383", "world_size": [0.12, 0.005, 0.12], "id": 383, "camera_size": [77, 63], "camera_position": [241, 327], "world_position": [0.5867846882401477, 1.1949646853943916, -0.17411936707853742], "world_orientation": [0.0005372939884424771, 0.6717187536840475, 0.7408060658933077, -0.0005648482109395574, -0.7408058507849425, 0.6717189683113737, 0.9999996961307881, -0.0007793535445695244, -1.8611393956270247e-05], "world_rotation": [0.0, 1.0, 0.0, 0.0]}, {"color": "CVRed", "id_name": "object233644548997716", "shape": "CVSphere", "id_string": "ob1164", "world_size": [0.09, 0.09, 0.09], "id": 1164, "camera_size": [57, 82], "camera_position": [241, 307], "world_position": [0.61709095850929, 1.1613216645203177, -0.17393979428143733], "world_orientation": [0.7402664772059476, -0.6723135746793442, 5.194059280758611e-06, 0.6723135743330227, 0.7402664770354938, 2.7294945150506003e-05, -2.2195750110094004e-05, -1.671349633175021e-05, 0.9999999996140039], "world_rotation": [-3.272910373844494e-05, 2.0369817306320344e-05, 0.9999999992569383, 0.737329696799477]}], "source": "action wait"}
{"timestamp": 1706069407.077041, "objects": [{"color": "cv_", "id_name": "hand", "shape": "CVCylinder", "id_string": "ob383", "world_size": [0.12, 0.005, 0.12], "id": 383, "camera_size": [78, 63], "camera_position": [240, 331], "world_position": [0.580954839232299, 1.2025640739202004, -0.17412036395543276], "world_orientation": [0.0005450638394925111, 0.6818568811939145, 0.731485404142775, -0.0005551527009005597, -0.7314851937573887, 0.681857098752513, 0.9999996973553991, -0.0007777417460104828, -2.017143901837646e-05], "world_rotation": [0.0, 1.0, 0.0, 0.0]}, {"color": "CVRed", "id_name": "object233644548997716", "shape": "CVSphere", "id_string": "ob1164", "world_size": [0.09, 0.09, 0.09], "id": 1164, "camera_size": [58, 84], "camera_position": [240, 311], "world_position": [0.6116949130448962, 1.1694467903013197, -0.17400472261756567], "world_orientation": [0.7309393010890572, -0.6824424797009974, 4.795250560178273e-06, 0.68244247930454, 0.7309393008728845, 2.966700872613614e-05, -2.3751064092342487e-05, -1.8412299942510363e-05, 0.9999999995484372], "world_rotation": [-3.5225905532237494e-05, 2.0914813691965085e-05, 0.9999999991608532, 0.7510990079199857]}], "source": "action wait"}
