{"timestamp": 1706069333.76164, "objects": [{"color": "cv_", "id_name": "hand", "shape": "CVCylinder", "id_string": "ob383", "world_size": [0.12, 0.005, 0.12], "id": 383, "camera_size": [48, 50], "camera_position": [246, 426], "world_position": [0.2676445155647246, 0.6334703012252965, -0.17389260400887677], "world_orientation": [-0.0006415504578308666, 0.19791547464417328, 0.9802188803065272, -0.0007473673820357874, -0.9802189031698417, 0.19791499011067573, 0.9999995149273856, -0.0006056111658799309, 0.0007767754562526969], "world_rotation": [0.0, 1.0, 0.0, 0.0]}, {"color": "CVPurple", "id_name": "object163984851594452", "shape": "CVBox", "id_string": "ob1157", "world_size": [0.09, 0.09, 0.09], "id": 1157, "camera_size": [37, 37], "camera_position": [256, 254], "world_position": [0.705, 0.6448569696296074, -0.15], "world_orientation": [1.0, -4.331917303826236e-17, -1.1712398707441946e-17, 4.331917303826236e-17, 1.0, -5.775889738434995e-17, 1.1712398707441946e-17, 5.775889738434995e-17, 1.0], "world_rotation": [-0.7896765794068324, 0.16013129347666225, -0.5922574345551229, -7.314247236221149e-17]}], "source": "action wait"}
{"timestamp": 1706069333.793475, "objects": [{"color": "cv_", "id_name": "hand", "shape": "CVCylinder", "id_string": "ob383", "world_size": [0.12, 0.005, 0.12], "id": 383, "camera_size": [49, 51], "camera_position": [246, 421], "world_position": [0.29113153143392306, 0.667789146575286, -0.17395608707671115], "world_orientation": [-0.00038265260185649296, 0.19838294144246663, 0.9801245135806068, -0.0007151343437374134, -0.9801243889977941, 0.19838263702897857, 0.9999996710798744, -0.0006250090685784181, 0.0005169176022305965], "world_rotation": [0.0, 1.0, 0.0, 0.0]}, {"color": "CVPurple", "id_name": "object163984851594452", "shape": "CVBox", "id_string": "ob1157", "world_size": [0.09, 0.09, 0.09], "id": 1157, "camera_size": [37, 37], "camera_position": [256, 254], "world_position": [0.705, 0.6448569696296074, -0.15], "world_orientation": [1.0, -4.331917303826236e-17, -1.1712398707441946e-17, 4.331917303826236e-17, 1.0, -5.775889738434995e-17, 1.1712398707441946e-17, 5.775889738434995e-17, 1.0], "world_rotation": [-0.7896765794068324, 0.16013129347666225, -0.5922574345551229, -7.314247236221149e-17]}], "source": "action wait"}
{"timestamp": 1706069333.825891, "objects": [{"color": "cv_", "id_name": "hand", "shape": "CVCylinder", "id_string": "ob383", "world_size": [0.12, 0.005, 0.12], "id": 383, "camera_size": [51, 52], "camera_position": [246, 406], "world_position": [0.3371916805871774, 0.7058252507880995, -0.1739839012577267], "world_orientation": [-0.0002229636114040338, 0.18692991724121458, 0.9823732265933456, -0.0007314717517951161, -0.9823730186883866, 0.18692971166228134, 0.9999997076181095, -0.0006768997413822081, 0.0003557673900204182], "world_rotation": [0.0, 1.0, 0.0, 0.0]}, {"color": "CVPurple", "id_name": "object163984851594452", "shape": "CVBox", "id_string": "ob1157", "world_size": [0.09, 0.09, 0.09], "id": 1157, "camera_size": [37, 37], "camera_position": [256, 254], "world_position": [0.705, 0.6448569696296074, -0.15], "world_orientation": [1.0, -4.331917303826236e-17, -1.1712398707441946e-17, 4.331917303826236e-17, 1.0, -5.775889738434995e-17, 1.1712398707441946e-17, 5.775889738434995e-17, 1.0], "world_rotation": [-0.7896765794068324, 0.16013129347666225, -0.5922574345551229, -7.314247236221149e-17]}], "source": "action wait"}
{"timestamp": 1706069333.850157, "objects": [{"color": "cv_", "id_name": "hand", "shape": "CVCylinder", "id_string": "ob383", "world_size": [0.12, 0.005, 0.12], "id": 383, "camera_size": [51, 53], "camera_position": [246, 388], "world_position": [0.387771872059893, 0.7390462465007552, -0.17400442510199202], "world_orientation": [-0.00011936304903949206, 0.17876848476986312, 0.983891159938715, -0.0007426816073801231, -0.9838909114499258, 0.1787683495204467, 0.9999997170882063, -0.0007093795328801524, 0.0002502082847311225], "world_rotation": [0.0, 1.0, 0.0, 0.0]}, {"color": "CVPurple", "id_name": "object163984851594452", "shape": "CVBox", "id_string": "ob1157", "world_size": [0.09, 0.09, 0.09], "id": 1157, "camera_size": [37, 37], "camera_position": [256, 254], "world_position": [0.705, 0.6448569696296074, -0.15], "world_orientation": [1.0, -4.331917303826236e-17, -1.1712398707441946e-17, 4.331917303826236e-17, 1.0, -5.775889738434995e-17, 1.1712398707441946e-17, 5.775889738434995e-17, 1.0], "world_rotation": [-0.7896765794068324, 0.16013129347666225, -0.5922574345551229, -7.314247236221149e-17]}], "source": "action wait"}
{"timestamp": 1706069333.882213, "objects": [{"color": "cv_", "id_name": "hand", "shape": "CVCylinder", "id_string": "ob383", "world_size": [0.12, 0.005, 0.12], "id": 383, "camera_size": [52, 54], "camera_position": [245, 367], "world_position": [0.44190111029673057, 0.7670273224384137, -0.17402294105886124], "world_orientation": [-4.643856501782021e-05, 0.17300256588681837, 0.9849213725166271, -0.0007500426366197593, -0.9849211025638022, 0.17300248310514965, 0.9999997176397116, -0.0007306990360458969, 0.00017549762331898688], "world_rotation": [0.0, 1.0, 0.0, 0.0]}, {"color": "CVPurple", "id_name": "object163984851594452", "shape": "CVBox", "id_string": "ob1157", "world_size": [0.09, 0.09, 0.09], "id": 1157, "camera_size": [37, 37], "camera_position": [256, 254], "world_position": [0.705, 0.6448569696296074, -0.15], "world_orientation": [1.0, -4.331917303826236e-17, -1.1712398707441946e-17, 4.331917303826236e-17, 1.0, -5.775889738434995e-17, 1.1712398707441946e-17, 5.775889738434995e-17, 1.0], "world_rotation": [-0.7896765794068324, 0.16013129347666225, -0.5922574345551229, -7.314247236221149e-17]}], "source": "action wait"}
{"timestamp": 1706069333.920085, "objects": [{"color": "cv_", "id_name": "hand", "shape": "CVCylinder", "id_string": "ob383", "world_size": [0.12, 0.005, 0.12], "id": 383, "camera_size": [52, 54], "camera_position": [245, 343], "world_position": [0.49918722923759246, 0.7798281585932267, -0.1740380565527009], "world_orientation": [-4.5180925909435934e-06, 0.15516002213158672, 0.9878893498321117, -0.000764593709239959, -0.9878890616163482, 0.15515997336694598, 0.9999997076879806, -0.000754632955180985, 0.00012309775109772342], "world_rotation": [0.0, 1.0, 0.0, 0.0]}, {"color": "CVPurple", "id_name": "object163984851594452", "shape": "CVBox", "id_string": "ob1157", "world_size": [0.09, 0.09, 0.09], "id": 1157, "camera_size": [37, 37], "camera_position": [256, 254], "world_position": [0.705, 0.6448569696296074, -0.15], "world_orientation": [1.0, -4.331917303826236e-17, -1.1712398707441946e-17, 4.331917303826236e-17, 1.0, -5.775889738434995e-17, 1.1712398707441946e-17, 5.775889738434995e-17, 1.0], "world_rotation": [-0.7896765794068324, 0.16013129347666225, -0.5922574345551229, -7.314247236221149e-17]}], "source": "action wait"}
{"timestamp": 1706069333.960911, "objects": [{"color": "cv_", "id_name": "hand", "shape": "CVCylinder", "id_string": "ob383", "world_size": [0.12, 0.005, 0.12], "id": 383, "camera_size": [52, 52], "camera_position": [245, 317], "world_position": [0.5577638854510399, 0.7698916087516051, -0.17404990764822909], "world_orientation": [5.274023792283055e-07, 0.11470670133483006, 0.9933994023898968, -0.0007769666603579229, -0.9933991024967054, 0.11470666711900077, 0.9999996981612198, -0.0007718987126458642, 8.859936160702035e-05], "world_rotation": [0.0, 1.0, 0.0, 0.0]}, {"color": "CVPurple", "id_name": "object163984851594452", "shape": "CVBox", "id_string": "ob1157", "world_size": [0.09, 0.09, 0.09], "id": 1157, "camera_size": [37, 37], "camera_position": [256, 254], "world_position": [0.705, 0.6448569696296074, -0.15], "world_orientation": [1.0, -4.331917303826236e-17, -1.1712398707441946e-17, 4.331917303826236e-17, 1.0, -5.775889738434995e-17, 1.1712398707441946e-17, 5.775889738434995e-17, 1.0], "world_rotation": [-0.7896765794068324, 0.16013129347666225, -0.5922574345551229, -7.314247236221149e-17]}], "source": "action wait"}
{"timestamp": 1706069333.995181, "objects": [{"color": "cv_", "id_name": "hand", "shape": "CVCylinder", "id_string": "ob383", "world_size": [0.12, 0.005, 0.12], "id": 383, "camera_size": [52, 52], "camera_position": [245, 297], "world_position": [0.6028839145250039, 0.7553326571823343, -0.1740555857928723], "world_orientation": [-1.4616100499734247e-05, 0.08044792021357751, 0.996758813314274, -0.0007750326953328492, -0.99675851496762, 0.08044788476937308, 0.9999996995553003, -0.0007713448353113174, 7.691849106617581e-05], "world_rotation": [0.0, 1.0, 0.0, 0.0]}, {"color": "CVPurple", "id_name": "object163984851594452", "shape": "CVBox", "id_string": "ob1157", "world_size": [0.09, 0.09, 0.09], "id": 1157, "camera_size": [37, 37], "camera_position": [256, 254], "world_position": [0.705, 0.6448569696296074, -0.15], "world_orientation": [1.0, -4.331917303826236e-17, -1.1712398707441946e-17, 4.331917303826236e-17, 1.0, -5.775889738434995e-17, 1.1712398707441946e-17, 5.775889738434995e-17, 1.0], "world_rotation": [-0.7896765794068324, 0.16013129347666225, -0.5922574345551229, -7.314247236221149e-17]}], "source": "action wait"}
{"timestamp": 1706069334.02639, "objects": [{"color": "cv_", "id_name": "hand", "shape": "CVCylinder", "id_string": "ob383", "world_size": [0.12, 0.005, 0.12], "id": 383, "camera_size": [51, 51], "camera_position": [246, 284], "world_position": [0.6345045129192101, 0.7426201247639878, -0.17406330335162404], "world_orientation": [-2.144152498905093e-05, 0.05623558263110222, 0.9984175272832511, -0.0007711162709641745, -0.9984172316028401, 0.05623554941687301, 0.9999997024599346, -0.0007686902245662117, 6.477176079528862e-05], "world_rotation": [0.0, 1.0, 0.0, 0.0]}, {"color": "CVPurple", "id_name": "object163984851594452", "shape": "CVBox", "id_string": "ob1157", "world_size": [0.09, 0.09, 0.09], "id": 1157, "camera_size": [37, 37], "camera_position": [256, 254], "world_position": [0.705, 0.6448569696296074, -0.15], "world_orientation": [1.0, -4.331917303826236e-17, -1.1712398707441946e-17, 4.331917303826236e-17, 1.0, -5.775889738434995e-17, 1.1712398707441946e-17, 5.775889738434995e-17, 1.0], "world_rotation": [-0.7896765794068324, 0.16013129347666225, -0.5922574345551229, -7.314247236221149e-17]}], "source": "action wait"}
{"timestamp": 1706069334.056552, "objects": [{"color": "cv_", "id_name": "hand", "shape": "CVCylinder", "id_string": "ob383", "world_size": [0.12, 0.005, 0.12], "id": 383, "camera_size": [51, 51], "camera_position": [246, 274], "world_position": [0.6566077091139166, 0.7324747210555222, -0.17407119462258824], "world_orientation": [-2.319414806221027e-05, 0.03914856839897487, 0.9992334006899202, -0.0007676272815716156, -0.999233107255712, 0.03914853908451277, 0.9999997051051506, -0.0007661308020155418, 5.322786977625526e-05], "world_rotation": [0.0, 1.0, 0.0, 0.0]}, {"color": "CVPurple", "id_name": "object163984851594452", "shape": "CVBox", "id_string": "ob1157", "world_size": [0.09, 0.09, 0.09], "id": 1157, "camera_size": [37, 37], "camera_position": [256, 254], "world_position": [0.705, 0.6448569696296074, -0.15], "world_orientation": [1.0, -4.331917303826236e-17, -1.1712398707441946e-17, 4.331917303826236e-17, 1.0, -5.775889738434995e-17, 1.1712398707441946e-17, 5.775889738434995e-17, 1.0], "world_rotation": [-0.7896765794068324, 0.16013129347666225, -0.5922574345551229, -7.314247236221149e-17]}], "source": "action wait"}
{"timestamp": 1706069334.084306, "objects": [{"color": "cv_", "id_name": "hand", "shape": "CVCylinder", "id_string": "ob383", "world_size": [0.12, 0.005, 0.12], "id": 383, "camera_size": [51, 50], "camera_position": [246, 267], "world_position": [0.6720611592606848, 0.7247582998140291, -0.1740783052320165], "world_orientation": [-2.229807683409253e-05, 0.02709815019525752, 0.9996327774531961, -0.0007651445241298938, -0.9996324855484154, 0.027098125214753473, 0.9999997070282837, -0.0007642593097313613, 4.302388320493806e-05], "world_rotation": [0.0, 1.0, 0.0, 0.0]}, {"color": "CVPurple", "id_name": "object163984851594452", "shape": "CVBox", "id_string": "ob1157", "world_size": [0.09, 0.09, 0.09], "id": 1157, "camera_size": [37, 37], "camera_position": [256, 254], "world_position": [0.705, 0.6448569696296074, -0.15], "world_orientation": [1.0, -4.331917303826236e-17, -1.1712398707441946e-17, 4.331917303826236e-17, 1.0, -5.775889738434995e-17, 1.1712398707441946e-17, 5.775889738434995e-17, 1.0], "world_rotation": [-0.7896765794068324, 0.16013129347666225, -0.5922574345551229, -7.314247236221149e-17]}], "source": "action wait"}
{"timestamp": 1706069334.115706, "objects": [{"color": "cv_", "id_name": "hand", "shape": "CVCylinder", "id_string": "ob383", "world_size": [0.12, 0.005, 0.12], "id": 383, "camera_size": [51, 50], "camera_position": [246, 263], "world_position": [0.6828773825745016, 0.7190537734729999, -0.17408431035464803], "world_orientation": [-2.019873285462928e-05, 0.018602512202778535, 0.9998269580941279, -0.0007635994533353188, -0.9998266670933511, 0.018602491362085725, 0.9999997082539006, -0.0007630915718774598, 3.4400099898629255e-05], "world_rotation": [0.0, 1.0, 0.0, 0.0]}, {"color": "CVPurple", "id_name": "object163984851594452", "shape": "CVBox", "id_string": "ob1157", "world_size": [0.09, 0.09, 0.09], "id": 1157, "camera_size": [37, 37], "camera_position": [256, 254], "world_position": [0.705, 0.6448569696296074, -0.15], "world_orientation": [1.0, -4.331917303826236e-17, -1.1712398707441946e-17, 4.331917303826236e-17, 1.0, -5.775889738434995e-17, 1.1712398707441946e-17, 5.775889738434995e-17, 1.0], "world_rotation": [-0.7896765794068324, 0.16013129347666225, -0.5922574345551229, -7.314247236221149e-17]}], "source": "action wait"}
{"timestamp": 1706069334.145626, "objects": [{"color": "cv_", "id_name": "hand", "shape": "CVCylinder", "id_string": "ob383", "world_size": [0.12, 0.005, 0.12], "id": 383, "camera_size": [50, 51], "camera_position": [245, 260], "world_position": [0.6904577422849537, 0.7149107487073874, -0.17408918993677158], "world_orientation": [-1.7711681523867357e-05, 0.012613918315559754, 0.9999204412107119, -0.0007627499511624942, -0.9999201506673169, 0.01261390113971879, 0.9999997089493619, -0.0007624658543004137, 2.7331532837446447e-05], "world_rotation": [0.0, 1.0, 0.0, 0.0]}, {"color": "CVPurple", "id_name": "object163984851594452", "shape": "CVBox", "id_string": "ob1157", "world_size": [0.09, 0.09, 0.09], "id": 1157, "camera_size": [37, 37], "camera_position": [256, 254], "world_position": [0.705, 0.6448569696296074, -0.15], "world_orientation": [1.0, -4.331917303826236e-17, -1.1712398707441946e-17, 4.331917303826236e-17, 1.0, -5.775889738434995e-17, 1.1712398707441946e-17, 5.775889738434995e-17, 1.0], "world_rotation": [-0.7896765794068324, 0.16013129347666225, -0.5922574345551229, -7.314247236221149e-17]}], "source": "action wait"}
{"timestamp": 1706069334.181892, "objects": [{"color": "cv_", "id_name": "hand", "shape": "CVCylinder", "id_string": "ob383", "world_size": [0.12, 0.005, 0.12], "id": 383, "camera_size": [49, 50], "camera_position": [246, 257], "world_position": [0.6957767012300794, 0.711936016347376, -0.1740930567955451], "world_orientation": [-1.5267093179053216e-05, 0.008392795303143456, 0.9999647797567249, -0.0007623574965523226, -0.9999644893866628, 0.008392781226648615, 0.9999997092889396, -0.0007622025127631724, 2.1664861451958376e-05], "world_rotation": [0.0, 1.0, 0.0, 0.0]}, {"color": "CVPurple", "id_name": "object163984851594452", "shape": "CVBox", "id_string": "ob1157", "world_size": [0.09, 0.09, 0.09], "id": 1157, "camera_size": [37, 37], "camera_position": [256, 254], "world_position": [0.705, 0.6448569696296074, -0.15], "world_orientation": [1.0, -4.331917303826236e-17, -1.1712398707441946e-17, 4.331917303826236e-17, 1.0, -5.775889738434995e-17, 1.1712398707441946e-17, 5.775889738434995e-17, 1.0], "world_rotation": [-0.7896765794068324, 0.16013129347666225, -0.5922574345551229, -7.314247236221149e-17]}], "source": "action wait"}
{"timestamp": 1706069334.217789, "objects": [{"color": "cv_", "id_name": "hand", "shape": "CVCylinder", "id_string": "ob383", "world_size": [0.12, 0.005, 0.12], "id": 383, "camera_size": [49, 50], "camera_position": [246, 256], "world_position": [0.6995126803034021, 0.7098160993280572, -0.1740960687044793], "world_orientation": [-1.306829298212946e-05, 0.005417531960119292, 0.9999853249806623, -0.0007622386168496479, -0.9999850346203826, 0.0054175204257567305, 0.9999997094107131, -0.0007621566332394086, 1.719754947855037e-05], "world_rotation": [0.0, 1.0, 0.0, 0.0]}, {"color": "CVPurple", "id_name": "object163984851594452", "shape": "CVBox", "id_string": "ob1157", "world_size": [0.09, 0.09, 0.09], "id": 1157, "camera_size": [37, 37], "camera_position": [256, 254], "world_position": [0.705, 0.6448569696296074, -0.15], "world_orientation": [1.0, -4.331917303826236e-17, -1.1712398707441946e-17, 4.331917303826236e-17, 1.0, -5.775889738434995e-17, 1.1712398707441946e-17, 5.775889738434995e-17, 1.0], "world_rotation": [-0.7896765794068324, 0.16013129347666225, -0.5922574345551229, -7.314247236221149e-17]}], "source": "action wait"}
{"timestamp": 1706069334.258924, "objects": [{"color": "cv_", "id_name": "hand", "shape": "CVCylinder", "id_string": "ob383", "world_size": [0.12, 0.005, 0.12], "id": 383, "camera_size": [49, 50], "camera_position": [246, 255], "world_position": [0.7021389417091783, 0.7083128338410564, -0.1740983858073269], "world_orientation": [-1.1190417529222327e-05, 0.00332039364933528, 0.9999944874151998, -0.0007622681034994328, -0.9999941969813638, 0.003320384154830261, 0.9999997094110143, -0.0007622267449471838, 1.372138276133668e-05], "world_rotation": [0.0, 1.0, 0.0, 0.0]}, {"color": "CVPurple", "id_name": "object163984851594452", "shape": "CVBox", "id_string": "ob1157", "world_size": [0.09, 0.09, 0.09], "id": 1157, "camera_size": [37, 37], "camera_position": [256, 254], "world_position": [0.705, 0.6448569696296074, -0.15], "world_orientation": [1.0, -4.331917303826236e-17, -1.1712398707441946e-17, 4.331917303826236e-17, 1.0, -5.775889738434995e-17, 1.1712398707441946e-17, 5.775889738434995e-17, 1.0], "world_rotation": [-0.7896765794068324, 0.16013129347666225, -0.5922574345551229, -7.314247236221149e-17]}], "source": "action wait"}
{"timestamp": 1706069334.291344, "objects": [{"color": "cv_", "id_name": "hand", "shape": "CVCylinder", "id_string": "ob383", "world_size": [0.12, 0.005, 0.12], "id": 383, "camera_size": [49, 50], "camera_position": [246, 254], "world_position": [0.7039863047434156, 0.7072503287997893, -0.17410015205065626], "world_orientation": [-9.640017641790805e-06, 0.0018421779665953161, 0.9999983031422652, -0.0007623672105997066, -0.9999980126008375, 0.001842170082119921, 0.999999709351611, -0.0007623481584192797, 1.1044414561414273e-05], "world_rotation": [0.0, 1.0, 0.0, 0.0]}, {"color": "CVPurple", "id_name": "object163984851594452", "shape": "CVBox", "id_string": "ob1157", "world_size": [0.09, 0.09, 0.09], "id": 1157, "camera_size": [37, 37], "camera_position": [256, 254], "world_position": [0.705, 0.6448569696296074, -0.15], "world_orientation": [1.0, -4.331917303826236e-17, -1.1712398707441946e-17, 4.331917303826236e-17, 1.0, -5.775889738434995e-17, 1.1712398707441946e-17, 5.775889738434995e-17, 1.0], "world_rotation": [-0.7896765794068324, 0.16013129347666225, -0.5922574345551229, -7.314247236221149e-17]}], "source": "action wait"}
{"timestamp": 1706069334.321574, "objects": [{"color": "cv_", "id_name": "hand", "shape": "CVCylinder", "id_string": "ob383", "world_size": [0.12, 0.005, 0.12], "id": 383, "camera_size": [49, 50], "camera_position": [246, 253], "world_position": [0.7052864332401266, 0.7065009560393947, -0.17410148893434504], "world_orientation": [-8.390083590457572e-06, 0.0008001972333812866, 0.999999679806946, -0.000762489890599974, -0.999999389151896, 0.0008001906034442314, 0.9999997092693445, -0.0007624829327903214, 9.00022076669479e-06], "world_rotation": [0.0, 1.0, 0.0, 0.0]}, {"color": "CVPurple", "id_name": "object163984851594452", "shape": "CVBox", "id_string": "ob1157", "world_size": [0.09, 0.09, 0.09], "id": 1157, "camera_size": [37, 37], "camera_position": [256, 254], "world_position": [0.705, 0.6448569696296074, -0.15], "world_orientation": [1.0, -4.331917303826236e-17, -1.1712398707441946e-17, 4.331917303826236e-17, 1.0, -5.775889738434995e-17, 1.1712398707441946e-17, 5.775889738434995e-17, 1.0], "world_rotation": [-0.7896765794068324, 0.16013129347666225, -0.5922574345551229, -7.314247236221149e-17]}], "source": "action wait"}
{"timestamp": 1706069334.348071, "objects": [{"color": "cv_", "id_name": "hand", "shape": "CVCylinder", "id_string": "ob383", "world_size": [0.12, 0.005, 0.12], "id": 383, "camera_size": [49, 50], "camera_position": [246, 253], "world_position": [0.7062017938166679, 0.7059731538734602, -0.17410249522986654], "world_orientation": [-7.399964183335501e-06, 6.569458119488196e-05, 0.9999999978147313, -0.0007626113811430527, -0.9999997070543808, 6.568891879695753e-05, 0.9999997091845186, -0.0007626108933812659, 7.450061451211333e-06], "world_rotation": [0.0, 1.0, 0.0, 0.0]}, {"color": "CVPurple", "id_name": "object163984851594452", "shape": "CVBox", "id_string": "ob1157", "world_size": [0.09, 0.09, 0.09], "id": 1157, "camera_size": [37, 37], "camera_position": [256, 254], "world_position": [0.705, 0.6448569696296074, -0.15], "world_orientation": [1.0, -4.331917303826236e-17, -1.1712398707441946e-17, 4.331917303826236e-17, 1.0, -5.775889738434995e-17, 1.1712398707441946e-17, 5.775889738434995e-17, 1.0], "world_rotation": [-0.7896765794068324, 0.16013129347666225, -0.5922574345551229, -7.314247236221149e-17]}], "source": "action wait"}
{"timestamp": 1706069334.381157, "objects": [{"color": "cv_", "id_name": "hand", "shape": "CVCylinder", "id_string": "ob383", "world_size": [0.12, 0.005, 0.12], "id": 383, "camera_size": [49, 50], "camera_position": [246, 253], "world_position": [0.7068464576547071, 0.7056017222907301, -0.1741032492947249], "world_orientation": [-6.626187418415196e-06, -0.00045207762363647525, 0.9999998977909528, -0.0007627199455001455, -0.999999606939751, -0.00045208254607459887, 0.999999709107147, -0.0007627228631273077, 6.281376193826574e-06], "world_rotation": [0.0, 1.0, 0.0, 0.0]}, {"color": "CVPurple", "id_name": "object163984851594452", "shape": "CVBox", "id_string": "ob1157", "world_size": [0.09, 0.09, 0.09], "id": 1157, "camera_size": [37, 37], "camera_position": [256, 254], "world_position": [0.705, 0.6448569696296074, -0.15], "world_orientation": [1.0, -4.331917303826236e-17, -1.1712398707441946e-17, 4.331917303826236e-17, 1.0, -5.775889738434995e-17, 1.1712398707441946e-17, 5.775889738434995e-17, 1.0], "world_rotation": [-0.7896765794068324, 0.16013129347666225, -0.5922574345551229, -7.314247236221149e-17]}], "source": "action wait"}
{"timestamp": 1706069334.41888, "objects": [{"color": "cv_", "id_name": "hand", "shape": "CVCylinder", "id_string": "ob383", "world_size": [0.12, 0.005, 0.12], "id": 383, "camera_size": [49, 49], "camera_position": [246, 253], "world_position": [0.7073005892005632, 0.7053404604427738, -0.1741038122552765], "world_orientation": [-6.027918466744628e-06, -0.0008170796549083849, 0.9999996661721952, -0.0007628113480977565, -0.9999993752460844, -0.000817084015364271, 0.9999997090412135, -0.0007628160187663123, 5.404637068079e-06], "world_rotation": [0.0, 1.0, 0.0, 0.0]}, {"color": "CVPurple", "id_name": "object163984851594452", "shape": "CVBox", "id_string": "ob1157", "world_size": [0.09, 0.09, 0.09], "id": 1157, "camera_size": [37, 37], "camera_position": [256, 254], "world_position": [0.705, 0.6448569696296074, -0.15], "world_orientation": [1.0, -4.331917303826236e-17, -1.1712398707441946e-17, 4.331917303826236e-17, 1.0, -5.775889738434995e-17, 1.1712398707441946e-17, 5.775889738434995e-17, 1.0], "world_rotation": [-0.7896765794068324, 0.16013129347666225, -0.5922574345551229, -7.314247236221149e-17]}], "source": "action wait"}
{"timestamp": 1706069334.455252, "objects": [{"color": "cv_", "id_name": "hand", "shape": "CVCylinder", "id_string": "ob383", "world_size": [0.12, 0.005, 0.12], "id": 383, "camera_size": [49, 50], "camera_position": [246, 252], "world_position": [0.7076205642401523, 0.7051567357503142, -0.17410423122283575], "world_orientation": [-5.569342242516871e-06, -0.0010743930077719197, 0.9999994228241572, -0.000762885364683595, -0.9999991318381868, -0.001074396943910237, 0.9999997089874091, -0.0007628909080492416, 4.7496987062428975e-06], "world_rotation": [0.0, 1.0, 0.0, 0.0]}, {"color": "CVPurple", "id_name": "object163984851594452", "shape": "CVBox", "id_string": "ob1157", "world_size": [0.09, 0.09, 0.09], "id": 1157, "camera_size": [37, 37], "camera_position": [256, 254], "world_position": [0.705, 0.6448569696296074, -0.15], "world_orientation": [1.0, -4.331917303826236e-17, -1.1712398707441946e-17, 4.331917303826236e-17, 1.0, -5.775889738434995e-17, 1.1712398707441946e-17, 5.775889738434995e-17, 1.0], "world_rotation": [-0.7896765794068324, 0.16013129347666225, -0.5922574345551229, -7.314247236221149e-17]}], "source": "action wait"}
{"timestamp": 1706069335.506247, "objects": [{"color": "cv_", "id_name": "hand", "shape": "CVCylinder", "id_string": "ob383", "world_size": [0.12, 0.005, 0.12], "id": 383, "camera_size": [49, 50], "camera_position": [246, 252], "world_position": [0.708384739216354, 0.7047211778253737, -0.17410541305244276], "world_orientation": [-4.182807246839824e-06, -0.0016893447970805237, 0.9999985730473122, -0.0007631194203458468, -0.9999982818754162, -0.0016893474971757345, 0.9999997088155848, -0.0007631253976258577, 2.893628238307132e-06], "world_rotation": [0.0, 1.0, 0.0, 0.0]}, {"color": "CVPurple", "id_name": "object163984851594452", "shape": "CVBox", "id_string": "ob1157", "world_size": [0.09, 0.09, 0.09], "id": 1157, "camera_size": [37, 37], "camera_position": [256, 254], "world_position": [0.705, 0.6448569696296074, -0.15], "world_orientation": [1.0, -4.331917303826236e-17, -1.1712398707441946e-17, 4.331917303826236e-17, 1.0, -5.775889738434995e-17, 1.1712398707441946e-17, 5.775889738434995e-17, 1.0], "world_rotation": [-0.7896765794068324, 0.16013129347666225, -0.5922574345551229, -7.314247236221149e-17]}], "source": "action wait"}
{"timestamp": 1706069335.543647, "objects": [{"color": "cv_", "id_name": "hand", "shape": "CVCylinder", "id_string": "ob383", "world_size": [0.12, 0.005, 0.12], "id": 383, "camera_size": [51, 51], "camera_position": [246, 251], "world_position": [0.7112826357552126, 0.72820512074033, -0.17409756598113302], "world_orientation": [1.8985510104965262e-05, 0.03261035198934556, 0.9994681408542654, -0.0007431451668527842, -0.999467864588751, 0.032610357091934175, 0.9999997236873676, -0.0007433690425636305, 5.258818227907377e-06], "world_rotation": [0.0, 1.0, 0.0, 0.0]}, {"color": "CVPurple", "id_name": "object163984851594452", "shape": "CVBox", "id_string": "ob1157", "world_size": [0.09, 0.09, 0.09], "id": 1157, "camera_size": [38, 38], "camera_position": [252, 251], "world_position": [0.71063489908454, 0.673658609325058, -0.15866697754643314], "world_orientation": [0.9994225990406823, -0.03397747073217577, -3.067859073254061e-06, 0.03397747081230836, 0.9994225985423264, 3.162439960754359e-05, 1.9915705748653063e-06, -3.1710377740990105e-05, 0.999999999495243], "world_rotation": [0.0009320109505771411, 7.445267881455768e-05, -0.9999995629060978, -0.03398402668429127]}], "source": "action wait"}
{"timestamp": 1706069335.576715, "objects": [{"color": "cv_", "id_name": "hand", "shape": "CVCylinder", "id_string": "ob383", "world_size": [0.12, 0.005, 0.12], "id": 383, "camera_size": [52, 53], "camera_position": [245, 249], "world_position": [0.7153222563334486, 0.784676020711264, -0.1741088331225601], "world_orientation": [8.148584133114067e-05, 0.11375169649454157, 0.9935092072571202, -0.0007253693619259602, -0.9935089424591902, 0.113751725670033, 0.9999997335996378, -0.000729930294805077, 1.5550834583443963e-06], "world_rotation": [0.0, 1.0, 0.0, 0.0]}, {"color": "CVPurple", "id_name": "object163984851594452", "shape": "CVBox", "id_string": "ob1157", "world_size": [0.09, 0.09, 0.09], "id": 1157, "camera_size": [39, 44], "camera_position": [250, 247], "world_position": [0.7191085561102823, 0.7335968509850168, -0.1642319741163253], "world_orientation": [0.9933763362574363, -0.1149062859334999, -4.089215845900318e-06, 0.11490628598903153, 0.9933763348631416, 5.2669521679322747e-05, -1.9899288686001486e-06, -5.2790533083697134e-05, 0.9999999986046001], "world_rotation": [0.00045889588533909106, 9.134777695628415e-06, -0.9999998946655557, -0.11516067242905736]}], "source": "action wait"}
{"timestamp": 1706069335.606877, "objects": [{"color": "cv_", "id_name": "hand", "shape": "CVCylinder", "id_string": "ob383", "world_size": [0.12, 0.005, 0.12], "id": 383, "camera_size": [56, 55], "camera_position": [244, 250], "world_position": [0.7137773275095012, 0.8548320330867594, -0.17411219281739207], "world_orientation": [0.00015640179942348173, 0.21281398761873224, 0.9770927193528214, -0.0007211894309120241, -0.977092453199047, 0.21281404508930565, 0.999999727712104, -0.0007379534418131803, 6.601807378627254e-07], "world_rotation": [0.0, 1.0, 0.0, 0.0]}, {"color": "CVPurple", "id_name": "object163984851594452", "shape": "CVBox", "id_string": "ob1157", "world_size": [0.09, 0.09, 0.09], "id": 1157, "camera_size": [41, 50], "camera_position": [248, 245], "world_position": [0.7225628501073934, 0.8064422430513104, -0.16779027362434623], "world_orientation": [0.9768728857981156, -0.21382087113640882, -7.676544123561985e-06, 0.2138208712529965, 0.9768728845659207, 4.9157571378882315e-05, -3.01190693370127e-06, -4.9662103964427704e-05, 0.999999998762302], "world_rotation": [0.00023108051180151321, 1.0907815123421772e-05, -0.9999999732414079, -0.21548463165643722]}], "source": "action wait"}
{"timestamp": 1706069335.637248, "objects": [{"color": "cv_", "id_name": "hand", "shape": "CVCylinder", "id_string": "ob383", "world_size": [0.12, 0.005, 0.12], "id": 383, "camera_size": [59, 57], "camera_position": [244, 254], "world_position": [0.704787527303487, 0.9244398368206453, -0.17411312471976687], "world_orientation": [0.00023158015694963634, 0.30974415171694, 0.9508199129423952, -0.0007095491885786756, -0.9508196481919708, 0.3097442382870843, 0.9999997214552513, -0.0007463841170297271, -4.1225184088403347e-07], "world_rotation": [0.0, 1.0, 0.0, 0.0]}, {"color": "CVPurple", "id_name": "object163984851594452", "shape": "CVBox", "id_string": "ob1157", "world_size": [0.09, 0.09, 0.09], "id": 1157, "camera_size": [44, 55], "camera_position": [246, 247], "world_position": [0.7183153493925414, 0.8784894846345677, -0.1700663839381563], "world_orientation": [0.9505263838582753, -0.3106438370418035, -9.861851230693137e-06, 0.3106438371709674, 0.9505263828740552, 4.345184033277287e-05, -4.124096628747575e-06, -4.43656439714095e-05, 0.9999999990073407], "world_rotation": [0.00014134753845624246, 9.235262153966726e-06, -0.9999999899677916, -0.3158703087762193]}], "source": "action wait"}
{"timestamp": 1706069335.660981, "objects": [{"color": "cv_", "id_name": "hand", "shape": "CVCylinder", "id_string": "ob383", "world_size": [0.12, 0.005, 0.12], "id": 383, "camera_size": [63, 59], "camera_position": [243, 262], "world_position": [0.6886072862906908, 0.9927241734152348, -0.17411357713021974], "world_orientation": [0.0003053981999675358, 0.40354494282945863, 0.9149597728035416, -0.0006874151490086488, -0.9149595145760377, 0.40354505838529947, 0.9999997170961363, -0.000752199142995518, -2.024081787411824e-06], "world_rotation": [0.0, 1.0, 0.0, 0.0]}, {"color": "CVPurple", "id_name": "object163984851594452", "shape": "CVBox", "id_string": "ob1157", "world_size": [0.09, 0.09, 0.09], "id": 1157, "camera_size": [47, 62], "camera_position": [245, 252], "world_position": [0.7066324258962683, 0.9492033616173017, -0.17152288439095825], "world_orientation": [0.9145993150863053, -0.4043613392984951, -1.1152964828226403e-05, 0.4043613394116132, 0.9145993142550894, 3.941276886910453e-05, -5.736506021566135e-06, -4.055671920969008e-05, 0.9999999991611227], "world_rotation": [9.888369621781847e-05, 6.697547778302527e-06, -0.9999999950885787, -0.4162804293444594]}], "source": "action wait"}
{"timestamp": 1706069335.694572, "objects": [{"color": "cv_", "id_name": "hand", "shape": "CVCylinder", "id_string": "ob383", "world_size": [0.12, 0.005, 0.12], "id": 383, "camera_size": [66, 60], "camera_position": [242, 275], "world_position": [0.6654978962626955, 1.058996726044705, -0.1741140027604694], "world_orientation": [0.0003765587142010334, 0.4932732309531096, 0.8698743459998203, -0.0006560711433450797, -0.8698740985997714, 0.49327337466752696, 0.9999997138870539, -0.0007564458444611979, -3.9363394720780295e-06], "world_rotation": [0.0, 1.0, 0.0, 0.0]}, {"color": "CVPurple", "id_name": "object163984851594452", "shape": "CVBox", "id_string": "ob1157", "world_size": [0.09, 0.09, 0.09], "id": 1157, "camera_size": [50, 68], "camera_position": [243, 262], "world_position": [0.6877691459713952, 1.0180413772064776, -0.1724551502507475], "world_orientation": [0.8694509028620976, -0.4940193593067229, -1.1935595933819178e-05, 0.49401935939193997, 0.8694509021312774, 3.645662562461282e-05, -7.63286418142279e-06, -3.759366152181151e-05, 0.999999999264228], "world_rotation": [7.49467460498738e-05, 4.3548209790183385e-06, -0.9999999971820104, -0.5167065863317162]}], "source": "action wait"}
{"timestamp": 1706069335.727379, "objects": [{"color": "cv_", "id_name": "hand", "shape": "CVCylinder", "id_string": "ob383", "world_size": [0.12, 0.005, 0.12], "id": 383, "camera_size": [71, 60], "camera_position": [242, 289], "world_position": [0.6420943307505952, 1.1089769170323622, -0.17411352245298792], "world_orientation": [0.00043713461862087446, 0.5602092930871008, 0.8283509865100519, -0.0006354031116007115, -0.8283507428334853, 0.5602094636027664, 0.9999997025880613, -0.0007712237445459041, -6.14205807715026e-06], "world_rotation": [0.0, 1.0, 0.0, 0.0]}, {"color": "CVPurple", "id_name": "object163984851594452", "shape": "CVBox", "id_string": "ob1157", "world_size": [0.09, 0.09, 0.09], "id": 1157, "camera_size": [52, 73], "camera_position": [242, 275], "world_position": [0.6674640175603367, 1.0703675543000586, -0.17305155710030024], "world_orientation": [0.8278825428324816, -0.5609015022682615, -5.141168678076383e-06, 0.560901502206139, 0.8278825425110232, 2.506751987517294e-05, -9.804125759440093e-06, -2.363665133139014e-05, 0.9999999996725939], "world_rotation": [-4.341597496706595e-05, 4.156663031147302e-06, 0.9999999990488876, 0.5954743247617548]}], "source": "action wait"}
{"timestamp": 1706069335.763145, "objects": [{"color": "cv_", "id_name": "hand", "shape": "CVCylinder", "id_string": "ob383", "world_size": [0.12, 0.005, 0.12], "id": 383, "camera_size": [73, 61], "camera_position": [241, 302], "world_position": [0.6228720517705382, 1.142789144440106, -0.1741146244262643], "world_orientation": [0.00047895700164618196, 0.6053637746109696, 0.7959487866621504, -0.0006135605586219628, -0.7959485502395162, 0.6053639640043451, 0.9999996970717699, -0.0007783060912831323, -9.797795367036677e-06], "world_rotation": [0.0, 1.0, 0.0, 0.0]}, {"color": "CVPurple", "id_name": "object163984851594452", "shape": "CVBox", "id_string": "ob1157", "world_size": [0.09, 0.09, 0.09], "id": 1157, "camera_size": [54, 75], "camera_position": [241, 286], "world_position": [0.6502784581454507, 1.1060358841259728, -0.17343453706941617], "world_orientation": [0.7954511991057743, -0.6060176481267467, 3.352683582787024e-07, 0.6060176479779782, 0.7954511989225215, 2.172470064270514e-05, -1.3432241607303367e-05, -1.7077760634528296e-05, 0.9999999997639625], "world_rotation": [-3.2014299731658014e-05, 1.135900084913785e-05, 0.9999999994230289, 0.651044579719237]}], "source": "action wait"}
{"timestamp": 1706069335.798483, "objects": [{"color": "cv_", "id_name": "hand", "shape": "CVCylinder", "id_string": "ob383", "world_size": [0.12, 0.005, 0.12], "id": 383, "camera_size": [75, 61], "camera_position": [241, 312], "world_position": [0.6080581140345254, 1.165839175359042, -0.17411628695586978], "world_orientation": [0.0005068229897751311, 0.6360963458009108, 0.771609475051457, -0.0005938403585092138, -0.7716092466530536, 0.636096547572093, 0.9999996952419964, -0.0007806012013198379, -1.3329623289485424e-05], "world_rotation": [0.0, 1.0, 0.0, 0.0]}, {"color": "CVPurple", "id_name": "object163984851594452", "shape": "CVBox", "id_string": "ob1157", "world_size": [0.09, 0.09, 0.09], "id": 1157, "camera_size": [56, 78], "camera_position": [241, 294], "world_position": [0.6368217488065845, 1.130479143934049, -0.17368048931161945], "world_orientation": [0.7710924194189422, -0.6367232371311753, 3.4408625461998827e-06, 0.6367232369150018, 0.7710924192784447, 2.244544625606924e-05, -1.694476022417208e-05, -1.5116636320334283e-05, 0.9999999997421813], "world_rotation": [-2.9496396841794824e-05, 1.6008228986743084e-05, 0.9999999994368495, 0.6902412637261205]}], "source": "action wait"}
{"timestamp": 1706069335.830588, "objects": [{"color": "cv_", "id_name": "hand", "shape": "CVCylinder", "id_string": "ob383", "world_size": [0.12, 0.005, 0.12], "id": 383, "camera_size": [76, 62], "camera_position": [240, 319], "world_position": [0.5970297444752738, 1.1816785286745977, -0.17411788781914503], "world_orientation": [0.0005251983770884607, 0.6571869455938784, 0.7537274326357328, -0.0005775560445545546, -0.7537272115309117, 0.6571871552509619, 0.9999996952977938, -0.0007804734620465855, -1.629401543283366e-05], "world_rotation": [0.0, 1.0, 0.0, 0.0]}, {"color": "CVPurple", "id_name": "object163984851594452", "shape": "CVBox", "id_string": "ob1157", "world_size": [0.09, 0.09, 0.09], "id": 1157, "camera_size": [57, 80], "camera_position": [241, 301], "world_position": [0.6267104819790938, 1.1473342982378265, -0.17383835684527407], "world_orientation": [0.7531970646127885, -0.6577949390467099, 4.818103004232338e-06, 0.6577949387634481, 0.753197064469585, 2.4730375293695963e-05, -1.989649674801888e-05, -1.545752230735943e-05, 0.9999999996825972], "world_rotation": [-3.05474359852232e-05, 1.878594549351297e-05, 0.9999999993569711, 0.7178874031875588]}], "source": "action wait"}
{"timestamp": 1706069335.865449, "objects": [{"color": "cv_", "id_name": "hand", "shape": "CVCylinder", "id_string": "ob383", "world_size": [0.12, 0.005, 0.12], "id": 383, "camera_size": [76, 62], "camera_position": [240, 325], "world_position": [0.5889863956251054, 1.1926378925666228, -0.17411920522840407], "world_orientation": [0.0005371594954901352, 0.6717606842175896, 0.7407680437216446, -0.0005648237660321301, -0.7407678286176895, 0.6717608987274762, 0.9999996962168487, -0.000779246141661591, -1.848407356299061e-05], "world_rotation": [0.0, 1.0, 0.0, 0.0]}, {"color": "CVPurple", "id_name": "object163984851594452", "shape": "CVBox", "id_string": "ob1157", "world_size": [0.09, 0.09, 0.09], "id": 1157, "camera_size": [57, 82], "camera_position": [241, 306], "world_position": [0.619294417425232, 1.159021642361575, -0.17393962903016796], "world_orientation": [0.740228421527733, -0.6723554743862983, 5.033549811909171e-06, 0.6723554740426334, 0.7402284213537264, 2.729608330427601e-05, -2.2078647670009276e-05, -1.6821001888310343e-05, 0.9999999996147938], "world_rotation": [-3.280785748894205e-05, 2.0162100630988844e-05, 0.9999999992585671, 0.7373862990981527]}], "source": "action wait"}
