{"timestamp": 1706200821.668765, "objects": [{"color": "cv_", "id_name": "hand", "shape": "CVCylinder", "id_string": "ob382", "world_size": [0.12, 0.005, 0.12], "id": 382, "camera_size": [48, 50], "camera_position": [246, 426], "world_position": [0.26764451556472446, 0.6334703012252986, -0.1738926040088768], "world_orientation": [-0.0006415504581344045, 0.19791547464417675, 0.9802188803065262, -0.0007473673820964285, -0.980218903169841, 0.19791499011067898, 0.9999995149273854, -0.0006056111658792953, 0.0007767754565622346], "world_rotation": [0.0, 1.0, 0.0, 0.0]}, {"color": "CVGreen", "id_name": "object118254552412873", "shape": "CVBox", "id_string": "ob477", "world_size": [0.11, 0.11, 0.11], "id": 477, "camera_size": [45, 45], "camera_position": [256, 254], "world_position": [0.705, 0.6547388572526824, -0.15], "world_orientation": [1.0, -3.838362879530641e-17, 1.4813540171849057e-17, 3.838362879530641e-17, 1.0, 5.294293626938881e-18, -1.4813540171849057e-17, -5.294293626938881e-18, 1.0], "world_rotation": [-0.1276280613210114, 0.35710588544125776, 0.925303444577321, 4.1482206750932463e-17]}], "source": "action wait"}
{"timestamp": 1706200821.697936, "objects": [{"color": "cv_", "id_name": "hand", "shape": "CVCylinder", "id_string": "ob382", "world_size": [0.12, 0.005, 0.12], "id": 382, "camera_size": [49, 51], "camera_position": [246, 421], "world_position": [0.290792320295604, 0.6674610678578361, -0.173956252196784], "world_orientation": [-0.000385098966013966, 0.1952725637135602, 0.9807489370677491, -0.0007159564245786124, -0.9807488122673861, 0.19527225773906057, 0.9999996695525376, -0.0006269743578460659, 0.0005174920000586833], "world_rotation": [0.0, 1.0, 0.0, 0.0]}, {"color": "CVGreen", "id_name": "object118254552412873", "shape": "CVBox", "id_string": "ob477", "world_size": [0.11, 0.11, 0.11], "id": 477, "camera_size": [45, 45], "camera_position": [256, 254], "world_position": [0.705, 0.6547388572526824, -0.15], "world_orientation": [1.0, -3.838362879530641e-17, 1.4813540171849057e-17, 3.838362879530641e-17, 1.0, 5.294293626938881e-18, -1.4813540171849057e-17, -5.294293626938881e-18, 1.0], "world_rotation": [-0.1276280613210114, 0.35710588544125776, 0.925303444577321, 4.1482206750932463e-17]}], "source": "action wait"}
{"timestamp": 1706200821.730092, "objects": [{"color": "cv_", "id_name": "hand", "shape": "CVCylinder", "id_string": "ob382", "world_size": [0.12, 0.005, 0.12], "id": 382, "camera_size": [51, 52], "camera_position": [246, 406], "world_position": [0.33661578971593425, 0.7051648737474703, -0.17398411017833412], "world_orientation": [-0.00022724534856958926, 0.18144877957142996, 0.9834003705264657, -0.0007325638851172362, -0.9834001622532953, 0.18144857186086394, 0.9999997058548097, -0.0006791702520989197, 0.0003563959355676927], "world_rotation": [0.0, 1.0, 0.0, 0.0]}, {"color": "CVGreen", "id_name": "object118254552412873", "shape": "CVBox", "id_string": "ob477", "world_size": [0.11, 0.11, 0.11], "id": 477, "camera_size": [45, 45], "camera_position": [256, 254], "world_position": [0.705, 0.6547388572526824, -0.15], "world_orientation": [1.0, -3.838362879530641e-17, 1.4813540171849057e-17, 3.838362879530641e-17, 1.0, 5.294293626938881e-18, -1.4813540171849057e-17, -5.294293626938881e-18, 1.0], "world_rotation": [-0.1276280613210114, 0.35710588544125776, 0.925303444577321, 4.1482206750932463e-17]}], "source": "action wait"}
{"timestamp": 1706200821.763359, "objects": [{"color": "cv_", "id_name": "hand", "shape": "CVCylinder", "id_string": "ob382", "world_size": [0.12, 0.005, 0.12], "id": 382, "camera_size": [51, 52], "camera_position": [246, 388], "world_position": [0.387023125991036, 0.7381557419014673, -0.1740046176602417], "world_orientation": [-0.00012500424754086824, 0.17160789142972965, 0.9851653241831954, -0.0007438974543958904, -0.9851650752510758, 0.1716077536771577, 0.9999997154952174, -0.0007114102786986848, 0.00025080849252454707], "world_rotation": [0.0, 1.0, 0.0, 0.0]}, {"color": "CVGreen", "id_name": "object118254552412873", "shape": "CVBox", "id_string": "ob477", "world_size": [0.11, 0.11, 0.11], "id": 477, "camera_size": [45, 45], "camera_position": [256, 254], "world_position": [0.705, 0.6547388572526824, -0.15], "world_orientation": [1.0, -3.838362879530641e-17, 1.4813540171849057e-17, 3.838362879530641e-17, 1.0, 5.294293626938881e-18, -1.4813540171849057e-17, -5.294293626938881e-18, 1.0], "world_rotation": [-0.1276280613210114, 0.35710588544125776, 0.925303444577321, 4.1482206750932463e-17]}], "source": "action wait"}
{"timestamp": 1706200821.80209, "objects": [{"color": "cv_", "id_name": "hand", "shape": "CVCylinder", "id_string": "ob382", "world_size": [0.12, 0.005, 0.12], "id": 382, "camera_size": [52, 53], "camera_position": [245, 368], "world_position": [0.44102725587995795, 0.7659769414716024, -0.17402310062067147], "world_orientation": [-5.302216475937343e-05, 0.16465402188527428, 0.9863513827564969, -0.0007513153751305681, -0.986351112316918, 0.16465393635253914, 0.9999997163568883, -0.0007323306510049797, 0.00017600556940776965], "world_rotation": [0.0, 1.0, 0.0, 0.0]}, {"color": "CVGreen", "id_name": "object118254552412873", "shape": "CVBox", "id_string": "ob477", "world_size": [0.11, 0.11, 0.11], "id": 477, "camera_size": [45, 45], "camera_position": [256, 254], "world_position": [0.705, 0.6547388572526824, -0.15], "world_orientation": [1.0, -3.838362879530641e-17, 1.4813540171849057e-17, 3.838362879530641e-17, 1.0, 5.294293626938881e-18, -1.4813540171849057e-17, -5.294293626938881e-18, 1.0], "world_rotation": [-0.1276280613210114, 0.35710588544125776, 0.925303444577321, 4.1482206750932463e-17]}], "source": "action wait"}
{"timestamp": 1706200821.835216, "objects": [{"color": "cv_", "id_name": "hand", "shape": "CVCylinder", "id_string": "ob382", "world_size": [0.12, 0.005, 0.12], "id": 382, "camera_size": [52, 53], "camera_position": [245, 344], "world_position": [0.4981429989192935, 0.78114232137973, -0.17403835810609714], "world_orientation": [-9.218563705178273e-06, 0.14947206140143038, 0.9887659494417399, -0.0007643518744625861, -0.9887656617016871, 0.1494720107773924, 0.9999997078405723, -0.000754387189607375, 0.00012336424955427448], "world_rotation": [0.0, 1.0, 0.0, 0.0]}, {"color": "CVGreen", "id_name": "object118254552412873", "shape": "CVBox", "id_string": "ob477", "world_size": [0.11, 0.11, 0.11], "id": 477, "camera_size": [45, 45], "camera_position": [256, 254], "world_position": [0.705, 0.6547388572526824, -0.15], "world_orientation": [1.0, -3.838362879530641e-17, 1.4813540171849057e-17, 3.838362879530641e-17, 1.0, 5.294293626938881e-18, -1.4813540171849057e-17, -5.294293626938881e-18, 1.0], "world_rotation": [-0.1276280613210114, 0.35710588544125776, 0.925303444577321, 4.1482206750932463e-17]}], "source": "action wait"}
{"timestamp": 1706200821.875565, "objects": [{"color": "cv_", "id_name": "hand", "shape": "CVCylinder", "id_string": "ob382", "world_size": [0.12, 0.005, 0.12], "id": 382, "camera_size": [52, 53], "camera_position": [245, 318], "world_position": [0.5567722118209539, 0.7728594943420194, -0.1740501929407571], "world_orientation": [-2.4413552515697178e-06, 0.1107775395491557, 0.9938452277520254, -0.0007770569008403727, -0.9938449279145606, 0.11077750421938086, 0.9999996980882607, -0.0007720038453506309, 8.85067800992013e-05], "world_rotation": [0.0, 1.0, 0.0, 0.0]}, {"color": "CVGreen", "id_name": "object118254552412873", "shape": "CVBox", "id_string": "ob477", "world_size": [0.11, 0.11, 0.11], "id": 477, "camera_size": [45, 45], "camera_position": [256, 254], "world_position": [0.705, 0.6547388572526824, -0.15], "world_orientation": [1.0, -3.838362879530641e-17, 1.4813540171849057e-17, 3.838362879530641e-17, 1.0, 5.294293626938881e-18, -1.4813540171849057e-17, -5.294293626938881e-18, 1.0], "world_rotation": [-0.1276280613210114, 0.35710588544125776, 0.925303444577321, 4.1482206750932463e-17]}], "source": "action wait"}
{"timestamp": 1706200821.909957, "objects": [{"color": "cv_", "id_name": "hand", "shape": "CVCylinder", "id_string": "ob382", "world_size": [0.12, 0.005, 0.12], "id": 382, "camera_size": [52, 52], "camera_position": [245, 298], "world_position": [0.6021034957819238, 0.759399679499297, -0.1740557980609184], "world_orientation": [-1.668834661840647e-05, 0.07766725124920328, 0.9969793366990573, -0.0007752595522068592, -0.9969790382367494, 0.07766721502122395, 0.9999996993470177, -0.0007716216167239938, 7.685021018636678e-05], "world_rotation": [0.0, 1.0, 0.0, 0.0]}, {"color": "CVGreen", "id_name": "object118254552412873", "shape": "CVBox", "id_string": "ob477", "world_size": [0.11, 0.11, 0.11], "id": 477, "camera_size": [45, 45], "camera_position": [256, 254], "world_position": [0.705, 0.6547388572526824, -0.15], "world_orientation": [1.0, -3.838362879530641e-17, 1.4813540171849057e-17, 3.838362879530641e-17, 1.0, 5.294293626938881e-18, -1.4813540171849057e-17, -5.294293626938881e-18, 1.0], "world_rotation": [-0.1276280613210114, 0.35710588544125776, 0.925303444577321, 4.1482206750932463e-17]}], "source": "action wait"}
{"timestamp": 1706200821.94039, "objects": [{"color": "cv_", "id_name": "hand", "shape": "CVCylinder", "id_string": "ob382", "world_size": [0.12, 0.005, 0.12], "id": 382, "camera_size": [51, 51], "camera_position": [246, 284], "world_position": [0.6339236497696725, 0.747446720974848, -0.1740634764429546], "world_orientation": [-2.2920452870142778e-05, 0.054270813726602744, 0.9985262531611802, -0.000771391961361842, -0.9985259572986598, 0.05427077993945663, 0.9999997022145031, -0.0007690112140437706, 6.47507365895291e-05], "world_rotation": [0.0, 1.0, 0.0, 0.0]}, {"color": "CVGreen", "id_name": "object118254552412873", "shape": "CVBox", "id_string": "ob477", "world_size": [0.11, 0.11, 0.11], "id": 477, "camera_size": [45, 45], "camera_position": [256, 254], "world_position": [0.705, 0.6547388572526824, -0.15], "world_orientation": [1.0, -3.838362879530641e-17, 1.4813540171849057e-17, 3.838362879530641e-17, 1.0, 5.294293626938881e-18, -1.4813540171849057e-17, -5.294293626938881e-18, 1.0], "world_rotation": [-0.1276280613210114, 0.35710588544125776, 0.925303444577321, 4.1482206750932463e-17]}], "source": "action wait"}
{"timestamp": 1706200821.967345, "objects": [{"color": "cv_", "id_name": "hand", "shape": "CVCylinder", "id_string": "ob382", "world_size": [0.12, 0.005, 0.12], "id": 382, "camera_size": [51, 51], "camera_position": [246, 275], "world_position": [0.6561914358687941, 0.7378282542668951, -0.17407135422427794], "world_orientation": [-2.4262791320982135e-05, 0.037761373993453924, 0.9992867846846787, -0.000767899398696467, -0.9992864910578508, 0.037761344253107676, 0.9999997048708718, -0.0007664355254694604, 5.3242415986316394e-05], "world_rotation": [0.0, 1.0, 0.0, 0.0]}, {"color": "CVGreen", "id_name": "object118254552412873", "shape": "CVBox", "id_string": "ob477", "world_size": [0.11, 0.11, 0.11], "id": 477, "camera_size": [45, 45], "camera_position": [256, 254], "world_position": [0.705, 0.6547388572526824, -0.15], "world_orientation": [1.0, -3.838362879530641e-17, 1.4813540171849057e-17, 3.838362879530641e-17, 1.0, 5.294293626938881e-18, -1.4813540171849057e-17, -5.294293626938881e-18, 1.0], "world_rotation": [-0.1276280613210114, 0.35710588544125776, 0.925303444577321, 4.1482206750932463e-17]}], "source": "action wait"}
{"timestamp": 1706200822.000148, "objects": [{"color": "cv_", "id_name": "hand", "shape": "CVCylinder", "id_string": "ob382", "world_size": [0.12, 0.005, 0.12], "id": 382, "camera_size": [51, 51], "camera_position": [246, 268], "world_position": [0.6717722205361344, 0.7304787808916591, -0.17407846519320377], "world_orientation": [-2.3075967179451357e-05, 0.02611910502924886, 0.9996588377141329, -0.0007653871052938858, -0.9996585456327849, 0.02611907972966682, 0.9999997068249964, -0.0007645232610532254, 4.305931398125764e-05], "world_rotation": [0.0, 1.0, 0.0, 0.0]}, {"color": "CVGreen", "id_name": "object118254552412873", "shape": "CVBox", "id_string": "ob477", "world_size": [0.11, 0.11, 0.11], "id": 477, "camera_size": [45, 45], "camera_position": [256, 254], "world_position": [0.705, 0.6547388572526824, -0.15], "world_orientation": [1.0, -3.838362879530641e-17, 1.4813540171849057e-17, 3.838362879530641e-17, 1.0, 5.294293626938881e-18, -1.4813540171849057e-17, -5.294293626938881e-18, 1.0], "world_rotation": [-0.1276280613210114, 0.35710588544125776, 0.925303444577321, 4.1482206750932463e-17]}], "source": "action wait"}
{"timestamp": 1706200822.032767, "objects": [{"color": "cv_", "id_name": "hand", "shape": "CVCylinder", "id_string": "ob382", "world_size": [0.12, 0.005, 0.12], "id": 382, "camera_size": [51, 50], "camera_position": [246, 263], "world_position": [0.6826835246351112, 0.7250306235177686, -0.1740844769413656], "world_orientation": [-2.076709352718219e-05, 0.017911645798042875, 0.9998395733884179, -0.0007638030959775785, -0.999839282237302, 0.017911624717695373, 0.9999997080867367, -0.0007633085892496085, 3.444472640134236e-05], "world_rotation": [0.0, 1.0, 0.0, 0.0]}, {"color": "CVGreen", "id_name": "object118254552412873", "shape": "CVBox", "id_string": "ob477", "world_size": [0.11, 0.11, 0.11], "id": 477, "camera_size": [45, 45], "camera_position": [256, 254], "world_position": [0.705, 0.6547388572526824, -0.15], "world_orientation": [1.0, -3.838362879530641e-17, 1.4813540171849057e-17, 3.838362879530641e-17, 1.0, 5.294293626938881e-18, -1.4813540171849057e-17, -5.294293626938881e-18, 1.0], "world_rotation": [-0.1276280613210114, 0.35710588544125776, 0.925303444577321, 4.1482206750932463e-17]}], "source": "action wait"}
{"timestamp": 1706200822.064678, "objects": [{"color": "cv_", "id_name": "hand", "shape": "CVCylinder", "id_string": "ob382", "world_size": [0.12, 0.005, 0.12], "id": 382, "camera_size": [51, 51], "camera_position": [246, 260], "world_position": [0.6903333849309119, 0.7210671751158249, -0.17408936520169424], "world_orientation": [-1.8127217002097062e-05, 0.01212644121886686, 0.9999264718441899, -0.0007629143400913106, -0.9999261811783889, 0.012126423863335569, 0.9999997088165145, -0.0007626384260903609, 2.7377314772815674e-05], "world_rotation": [0.0, 1.0, 0.0, 0.0]}, {"color": "CVGreen", "id_name": "object118254552412873", "shape": "CVBox", "id_string": "ob477", "world_size": [0.11, 0.11, 0.11], "id": 477, "camera_size": [45, 45], "camera_position": [256, 254], "world_position": [0.705, 0.6547388572526824, -0.15], "world_orientation": [1.0, -3.838362879530641e-17, 1.4813540171849057e-17, 3.838362879530641e-17, 1.0, 5.294293626938881e-18, -1.4813540171849057e-17, -5.294293626938881e-18, 1.0], "world_rotation": [-0.1276280613210114, 0.35710588544125776, 0.925303444577321, 4.1482206750932463e-17]}], "source": "action wait"}
{"timestamp": 1706200822.100408, "objects": [{"color": "cv_", "id_name": "hand", "shape": "CVCylinder", "id_string": "ob382", "world_size": [0.12, 0.005, 0.12], "id": 382, "camera_size": [51, 50], "camera_position": [246, 257], "world_position": [0.6957024691327534, 0.7182184766473055, -0.17409324069140236], "world_orientation": [-1.5570193187918718e-05, 0.00804883751299869, 0.999967607461491, -0.0007624866369482283, -0.9999673169946971, 0.008048823302554464, 0.9999997091858065, -0.0007623366163370667, 2.170681535420853e-05], "world_rotation": [0.0, 1.0, 0.0, 0.0]}, {"color": "CVGreen", "id_name": "object118254552412873", "shape": "CVBox", "id_string": "ob477", "world_size": [0.11, 0.11, 0.11], "id": 477, "camera_size": [45, 45], "camera_position": [256, 254], "world_position": [0.705, 0.6547388572526824, -0.15], "world_orientation": [1.0, -3.838362879530641e-17, 1.4813540171849057e-17, 3.838362879530641e-17, 1.0, 5.294293626938881e-18, -1.4813540171849057e-17, -5.294293626938881e-18, 1.0], "world_rotation": [-0.1276280613210114, 0.35710588544125776, 0.925303444577321, 4.1482206750932463e-17]}], "source": "action wait"}
{"timestamp": 1706200822.167559, "objects": [{"color": "cv_", "id_name": "hand", "shape": "CVCylinder", "id_string": "ob382", "world_size": [0.12, 0.005, 0.12], "id": 382, "camera_size": [50, 50], "camera_position": [245, 255], "world_position": [0.7021260260792435, 0.7147462088674648, -0.1740985838086498], "world_orientation": [-1.1349086063040296e-05, 0.003149145608770265, 0.9999950413642724, -0.0007623435870673802, -0.9999947508734456, 0.0031491360420223204, 0.9999997093516846, -0.000762304067067614, 1.3749757450204128e-05], "world_rotation": [0.0, 1.0, 0.0, 0.0]}, {"color": "CVGreen", "id_name": "object118254552412873", "shape": "CVBox", "id_string": "ob477", "world_size": [0.11, 0.11, 0.11], "id": 477, "camera_size": [45, 45], "camera_position": [256, 254], "world_position": [0.705, 0.6547388572526824, -0.15], "world_orientation": [1.0, -3.838362879530641e-17, 1.4813540171849057e-17, 3.838362879530641e-17, 1.0, 5.294293626938881e-18, -1.4813540171849057e-17, -5.294293626938881e-18, 1.0], "world_rotation": [-0.1276280613210114, 0.35710588544125776, 0.925303444577321, 4.1482206750932463e-17]}], "source": "action wait"}
{"timestamp": 1706200822.199341, "objects": [{"color": "cv_", "id_name": "hand", "shape": "CVCylinder", "id_string": "ob382", "world_size": [0.12, 0.005, 0.12], "id": 382, "camera_size": [50, 50], "camera_position": [245, 254], "world_position": [0.703991433314635, 0.7137275939574899, -0.17410035525122705], "world_orientation": [-9.753585239947493e-06, 0.001721337567116794, 0.9999985184498262, -0.0007624238437590842, -0.9999982278655226, 0.0017213296305457356, 0.9999997093073327, -0.0007624059250550116, 1.1065956759975775e-05], "world_rotation": [0.0, 1.0, 0.0, 0.0]}, {"color": "CVGreen", "id_name": "object118254552412873", "shape": "CVBox", "id_string": "ob477", "world_size": [0.11, 0.11, 0.11], "id": 477, "camera_size": [45, 45], "camera_position": [256, 254], "world_position": [0.705, 0.6547388572526824, -0.15], "world_orientation": [1.0, -3.838362879530641e-17, 1.4813540171849057e-17, 3.838362879530641e-17, 1.0, 5.294293626938881e-18, -1.4813540171849057e-17, -5.294293626938881e-18, 1.0], "world_rotation": [-0.1276280613210114, 0.35710588544125776, 0.925303444577321, 4.1482206750932463e-17]}], "source": "action wait"}
{"timestamp": 1706200822.226864, "objects": [{"color": "cv_", "id_name": "hand", "shape": "CVCylinder", "id_string": "ob382", "world_size": [0.12, 0.005, 0.12], "id": 382, "camera_size": [50, 50], "camera_position": [245, 253], "world_position": [0.7053043095167058, 0.7130091439980941, -0.17410169624118615], "world_orientation": [-8.470660295445952e-06, 0.0007149208532162568, 0.9999997444081783, -0.000762532000524028, -0.9999994537211782, 0.000714914186247189, 0.9999997092365558, -0.0007625257498322208, 9.015805696887489e-06], "world_rotation": [0.0, 1.0, 0.0, 0.0]}, {"color": "CVGreen", "id_name": "object118254552412873", "shape": "CVBox", "id_string": "ob477", "world_size": [0.11, 0.11, 0.11], "id": 477, "camera_size": [45, 45], "camera_position": [256, 254], "world_position": [0.705, 0.6547388572526824, -0.15], "world_orientation": [1.0, -3.838362879530641e-17, 1.4813540171849057e-17, 3.838362879530641e-17, 1.0, 5.294293626938881e-18, -1.4813540171849057e-17, -5.294293626938881e-18, 1.0], "world_rotation": [-0.1276280613210114, 0.35710588544125776, 0.925303444577321, 4.1482206750932463e-17]}], "source": "action wait"}
{"timestamp": 1706200822.261603, "objects": [{"color": "cv_", "id_name": "hand", "shape": "CVCylinder", "id_string": "ob382", "world_size": [0.12, 0.005, 0.12], "id": 382, "camera_size": [50, 50], "camera_position": [245, 253], "world_position": [0.7062286614217723, 0.7125031371430474, -0.17410270572765585], "world_orientation": [-7.4565124894888485e-06, 5.50955748763402e-06, 0.9999999999570226, -0.000762642467720587, -0.9999997091730447, 5.503869232835765e-06, 0.9999997091603913, -0.0007626424266485083, 7.460712143816704e-06], "world_rotation": [0.0, 1.0, 0.0, 0.0]}, {"color": "CVGreen", "id_name": "object118254552412873", "shape": "CVBox", "id_string": "ob477", "world_size": [0.11, 0.11, 0.11], "id": 477, "camera_size": [45, 45], "camera_position": [256, 254], "world_position": [0.705, 0.6547388572526824, -0.15], "world_orientation": [1.0, -3.838362879530641e-17, 1.4813540171849057e-17, 3.838362879530641e-17, 1.0, 5.294293626938881e-18, -1.4813540171849057e-17, -5.294293626938881e-18, 1.0], "world_rotation": [-0.1276280613210114, 0.35710588544125776, 0.925303444577321, 4.1482206750932463e-17]}], "source": "action wait"}
{"timestamp": 1706200822.294372, "objects": [{"color": "cv_", "id_name": "hand", "shape": "CVCylinder", "id_string": "ob382", "world_size": [0.12, 0.005, 0.12], "id": 382, "camera_size": [49, 50], "camera_position": [246, 253], "world_position": [0.7068796605884784, 0.7121470718950078, -0.1741034622432393], "world_orientation": [-6.665294818554318e-06, -0.0004945600459884253, 0.9999998776829598, -0.0007627427611557573, -0.999999586814392, -0.000494564986042058, 0.9999997090894849, -0.000762745964281114, 6.288069969879986e-06], "world_rotation": [0.0, 1.0, 0.0, 0.0]}, {"color": "CVGreen", "id_name": "object118254552412873", "shape": "CVBox", "id_string": "ob477", "world_size": [0.11, 0.11, 0.11], "id": 477, "camera_size": [45, 45], "camera_position": [256, 254], "world_position": [0.705, 0.6547388572526824, -0.15], "world_orientation": [1.0, -3.838362879530641e-17, 1.4813540171849057e-17, 3.838362879530641e-17, 1.0, 5.294293626938881e-18, -1.4813540171849057e-17, -5.294293626938881e-18, 1.0], "world_rotation": [-0.1276280613210114, 0.35710588544125776, 0.925303444577321, 4.1482206750932463e-17]}], "source": "action wait"}
{"timestamp": 1706200822.326962, "objects": [{"color": "cv_", "id_name": "hand", "shape": "CVCylinder", "id_string": "ob382", "world_size": [0.12, 0.005, 0.12], "id": 382, "camera_size": [49, 50], "camera_position": [246, 252], "world_position": [0.7072990081412921, 0.7119401333355341, -0.1741066764883318], "world_orientation": [-3.82966015443589e-06, -0.0008325961563186011, 0.9999996533844271, -0.0007644529340796797, -0.9999993611952371, -0.0008325988406385024, 0.9999997077984801, -0.00076445585767936, 3.1931771338017105e-06], "world_rotation": [0.0, 1.0, 0.0, 0.0]}, {"color": "CVGreen", "id_name": "object118254552412873", "shape": "CVBox", "id_string": "ob477", "world_size": [0.11, 0.11, 0.11], "id": 477, "camera_size": [45, 46], "camera_position": [256, 253], "world_position": [0.705161177953062, 0.654606147107721, -0.15000160578353408], "world_orientation": [0.9999957599035062, 0.0029120739724541726, 4.3370770395757315e-07, -0.0029120739843585164, 0.9999957594357347, 3.058852423606321e-05, -3.446298195087315e-07, -3.058965752669035e-05, 0.9999999995320771], "world_rotation": [-0.010503649080564607, 0.00013363235024587008, -0.9999448262271212, 0.00291223877389303]}], "source": "action wait"}
{"timestamp": 1706200822.360653, "objects": [{"color": "cv_", "id_name": "hand", "shape": "CVCylinder", "id_string": "ob382", "world_size": [0.12, 0.005, 0.12], "id": 382, "camera_size": [49, 50], "camera_position": [246, 252], "world_position": [0.7075979852978086, 0.711791000257132, -0.17410838789435318], "world_orientation": [-2.1614428716590932e-06, -0.0010717768197637085, 0.9999994256447235, -0.0007655073015089511, -0.9999991326446972, -0.0010717781603337717, 0.9999997069969069, -0.0007655091784234081, 1.3409880161586013e-06], "world_rotation": [0.0, 1.0, 0.0, 0.0]}, {"color": "CVGreen", "id_name": "object118254552412873", "shape": "CVBox", "id_string": "ob477", "world_size": [0.11, 0.11, 0.11], "id": 477, "camera_size": [45, 46], "camera_position": [256, 253], "world_position": [0.7052498058812028, 0.6545240293373732, -0.1500024636785875], "world_orientation": [0.9999898870361572, 0.004497313090763611, 6.142805100218511e-07, -0.004497313114727905, 0.9999898859247299, 4.714863410442679e-05, -4.022321277737139e-07, -4.715091990378869e-05, 0.9999999988883145], "world_rotation": [-0.010483411901523923, 0.00011300711649375453, -0.9999450411419093, 0.004497575446472418]}], "source": "action wait"}
{"timestamp": 1706200823.423761, "objects": [{"color": "cv_", "id_name": "hand", "shape": "CVCylinder", "id_string": "ob382", "world_size": [0.12, 0.005, 0.12], "id": 382, "camera_size": [49, 50], "camera_position": [246, 252], "world_position": [0.7083199099894899, 0.7114382529318318, -0.17411284989872106], "world_orientation": [2.993820781636303e-06, -0.0016403821402579068, 0.9999986545678305, -0.0007679873273762348, -0.9999983596741693, -0.0016403793572990735, 0.9999997050932077, -0.0007679813830999342, -4.253608566207323e-06], "world_rotation": [0.0, 1.0, 0.0, 0.0]}, {"color": "CVGreen", "id_name": "object118254552412873", "shape": "CVBox", "id_string": "ob477", "world_size": [0.11, 0.11, 0.11], "id": 477, "camera_size": [45, 46], "camera_position": [256, 253], "world_position": [0.7054758740666083, 0.6543340871440625, -0.15000470626712195], "world_orientation": [0.9999703326161478, 0.0077028200110680215, -2.124684099963794e-05, -0.007702817333328713, 0.9999703252537814, 0.00012335710907837545, 2.219640811334078e-05, -0.00012318978886053882, 0.9999999921657977], "world_rotation": [0.016001567871552214, 0.0028195856652567415, 0.9998679911679984, -0.007703911851176946]}], "source": "action wait"}
{"timestamp": 1706200823.459387, "objects": [{"color": "cv_", "id_name": "hand", "shape": "CVCylinder", "id_string": "ob382", "world_size": [0.12, 0.005, 0.12], "id": 382, "camera_size": [51, 50], "camera_position": [246, 251], "world_position": [0.7107336435418983, 0.7320950015384491, -0.17409537522965154], "world_orientation": [2.0783997802228033e-05, 0.028661028510255558, 0.9995891881231808, -0.000744179094585819, -0.9995889111082322, 0.02866103604083292, 0.9999997228827119, -0.0007444690678857284, 5.534845154500918e-07], "world_rotation": [0.0, 1.0, 0.0, 0.0]}, {"color": "CVGreen", "id_name": "object118254552412873", "shape": "CVBox", "id_string": "ob477", "world_size": [0.11, 0.11, 0.11], "id": 477, "camera_size": [46, 48], "camera_position": [252, 251], "world_position": [0.7106099828478869, 0.675707613172785, -0.15864653296548822], "world_orientation": [0.999685705725257, -0.025069678170367496, -3.1702201692103586e-05, 0.025069681547628397, 0.9996856999759345, 0.00011104380517204068, 2.8908405230872375e-05, -0.00011180366884060925, 0.9999999933321219], "world_rotation": [0.004444514477273821, 0.0012088300356064522, -0.9999893924542432, -0.025072572618536453]}], "source": "action wait"}
{"timestamp": 1706200823.494023, "objects": [{"color": "cv_", "id_name": "hand", "shape": "CVCylinder", "id_string": "ob382", "world_size": [0.12, 0.005, 0.12], "id": 382, "camera_size": [52, 53], "camera_position": [245, 250], "world_position": [0.7141428295856879, 0.7809595441628635, -0.17411236136040237], "world_orientation": [7.593349677006869e-05, 0.0991310697510713, 0.9950743817645554, -0.0007264729259128438, -0.99507411658316, 0.0991310987699216, 0.9999997332355606, -0.0007304219685900175, -3.543418926202198e-06], "world_rotation": [0.0, 1.0, 0.0, 0.0]}, {"color": "CVGreen", "id_name": "object118254552412873", "shape": "CVBox", "id_string": "ob477", "world_size": [0.11, 0.11, 0.11], "id": 477, "camera_size": [48, 53], "camera_position": [249, 248], "world_position": [0.7185990653277057, 0.72514077803208, -0.16422521971996165], "world_orientation": [0.9952719273083211, -0.09712769634974841, -3.6245980072573665e-05, 0.09712769956847994, 0.9952719225031863, 0.00010125880996368987, 2.6239571322952456e-05, -0.00010430053961256267, 0.9999999942164411], "world_rotation": [0.0010581905479674115, 0.00032166680818743166, -0.9999993883814272, -0.09728112332444971]}], "source": "action wait"}
{"timestamp": 1706200823.521351, "objects": [{"color": "cv_", "id_name": "hand", "shape": "CVCylinder", "id_string": "ob382", "world_size": [0.12, 0.005, 0.12], "id": 382, "camera_size": [55, 55], "camera_position": [245, 250], "world_position": [0.7131258821865302, 0.850889182295598, -0.1741189252266299], "world_orientation": [0.0001494607269724987, 0.19838228595282695, 0.9801247095556881, -0.0007167239635471652, -0.9801244475100666, 0.19838234220778628, 0.9999997319840896, -0.000732129235688437, -4.304774162286141e-06], "world_rotation": [0.0, 1.0, 0.0, 0.0]}, {"color": "CVGreen", "id_name": "object118254552412873", "shape": "CVBox", "id_string": "ob477", "world_size": [0.11, 0.11, 0.11], "id": 477, "camera_size": [51, 60], "camera_position": [248, 245], "world_position": [0.7235345937153626, 0.7959426270675458, -0.16779149796949183], "world_orientation": [0.9803230574314523, -0.19739985103617377, -4.3349118723380534e-05, 0.19739985403853413, 0.9803230543689722, 8.184286581289102e-05, 2.6340370951269317e-05, -8.878955815133982e-05, 0.9999999957112996], "world_rotation": [0.0004321999311949737, 0.00017651857684862062, -0.9999998910221999, -0.19870489361134738]}], "source": "action wait"}
{"timestamp": 1706200823.551388, "objects": [{"color": "cv_", "id_name": "hand", "shape": "CVCylinder", "id_string": "ob382", "world_size": [0.12, 0.005, 0.12], "id": 382, "camera_size": [59, 57], "camera_position": [244, 254], "world_position": [0.7046130061541784, 0.9204408860043064, -0.17411993848706797], "world_orientation": [0.00022334625199611373, 0.2956905210041702, 0.9552837619810849, -0.0007078245256891653, -0.9552834997557922, 0.2956906053272008, 0.9999997245504084, -0.0007422146641733589, -4.061986483171932e-06], "world_rotation": [0.0, 1.0, 0.0, 0.0]}, {"color": "CVGreen", "id_name": "object118254552412873", "shape": "CVBox", "id_string": "ob477", "world_size": [0.11, 0.11, 0.11], "id": 477, "camera_size": [54, 67], "camera_position": [246, 246], "world_position": [0.7207232857490273, 0.8669122127468384, -0.1700709864644346], "world_orientation": [0.955388723108589, -0.29535129185214, -4.645655888110889e-05, 0.2953512942689796, 0.9553887216839515, 5.876005218345887e-05, 2.7029215081574104e-05, -6.985969601816739e-05, 0.9999999971945224], "world_rotation": [0.00021774027603628358, 0.00012440401206734926, -0.9999999685564065, -0.2998232039724613]}], "source": "action wait"}
{"timestamp": 1706200823.582532, "objects": [{"color": "cv_", "id_name": "hand", "shape": "CVCylinder", "id_string": "ob382", "world_size": [0.12, 0.005, 0.12], "id": 382, "camera_size": [62, 59], "camera_position": [243, 262], "world_position": [0.6888834972136667, 0.9887049920347988, -0.1741198253392971], "world_orientation": [0.00029639802972558925, 0.3900103428734666, 0.9208104281555075, -0.0006881556416147062, -0.9208101710245931, 0.39001045547455937, 0.9999997192949712, -0.0007492592215681004, -4.538502706032881e-06], "world_rotation": [0.0, 1.0, 0.0, 0.0]}, {"color": "CVGreen", "id_name": "object118254552412873", "shape": "CVBox", "id_string": "ob477", "world_size": [0.11, 0.11, 0.11], "id": 477, "camera_size": [57, 75], "camera_position": [245, 251], "world_position": [0.7104361681495803, 0.9371239587970529, -0.17152897499342595], "world_orientation": [0.920787367130828, -0.39006489502142866, -4.694890876898994e-05, 0.39006489692770835, 0.9207873665541941, 4.2177824667627e-05, 2.6777873316781214e-05, -5.714992938685439e-05, 0.9999999980084155], "world_rotation": [0.00012732208644109232, 9.450578854928428e-05, -0.9999999874288709, -0.40070207575934097]}], "source": "action wait"}
{"timestamp": 1706200823.657155, "objects": [{"color": "cv_", "id_name": "hand", "shape": "CVCylinder", "id_string": "ob382", "world_size": [0.12, 0.005, 0.12], "id": 382, "camera_size": [70, 61], "camera_position": [241, 290], "world_position": [0.6418745042055969, 1.1077764782546484, -0.17411804341274353], "world_orientation": [0.00043036563099127864, 0.5515615508685779, 0.8341340841788403, -0.0006382201642908213, -0.8341338400475092, 0.5515617187247668, 0.9999997037301789, -0.0007697343993549224, -6.964832790875993e-06], "world_rotation": [0.0, 1.0, 0.0, 0.0]}, {"color": "CVGreen", "id_name": "object118254552412873", "shape": "CVBox", "id_string": "ob477", "world_size": [0.11, 0.11, 0.11], "id": 477, "camera_size": [64, 89], "camera_position": [242, 272], "world_position": [0.6725889391370358, 1.0611792338595105, -0.17305811114362443], "world_orientation": [0.8338613937007332, -0.5519738895077134, -3.73791046304569e-05, 0.5519738902300294, 0.8338613939726116, 1.2098781693811919e-05, 2.449078070276281e-05, -3.072099676147152e-05, 0.999999999228211], "world_rotation": [3.8787865822781235e-05, 5.604421361688947e-05, -0.9999999976772739, -0.5847295577308087]}], "source": "action wait"}
{"timestamp": 1706200823.68981, "objects": [{"color": "cv_", "id_name": "hand", "shape": "CVCylinder", "id_string": "ob382", "world_size": [0.12, 0.005, 0.12], "id": 382, "camera_size": [73, 61], "camera_position": [241, 303], "world_position": [0.6216521876574757, 1.1434392678149103, -0.17411829647140117], "world_orientation": [0.0004751927553275652, 0.599517864649725, 0.8003612335425043, -0.0006174127212859902, -0.8003609954656448, 0.5995180528881298, 0.9999996964966424, -0.0007790398426338818, -1.0175790418569887e-05], "world_rotation": [0.0, 1.0, 0.0, 0.0]}, {"color": "CVGreen", "id_name": "object118254552412873", "shape": "CVBox", "id_string": "ob477", "world_size": [0.11, 0.11, 0.11], "id": 477, "camera_size": [67, 93], "camera_position": [242, 283], "world_position": [0.6549978292282482, 1.098914664843028, -0.17344088401328459], "world_orientation": [0.7999996024299915, -0.6000005293930651, -2.8980982233223878e-05, 0.6000005297155374, 0.7999996027067884, 3.1710241669287924e-06, 2.1282158093756115e-05, -1.9925422764449834e-05, 0.9999999995750237], "world_rotation": [1.924702210179449e-05, 4.188591325987286e-05, -0.9999999989375613, -0.6435017715331554]}], "source": "action wait"}
{"timestamp": 1706200823.721657, "objects": [{"color": "cv_", "id_name": "hand", "shape": "CVCylinder", "id_string": "ob382", "world_size": [0.12, 0.005, 0.12], "id": 382, "camera_size": [75, 62], "camera_position": [241, 313], "world_position": [0.6059856033717281, 1.1676945553795703, -0.17411957796041028], "world_orientation": [0.0005051912859168359, 0.6321108617330404, 0.7748777989211444, -0.0005975324823237735, -0.7748775686552039, 0.6321110634611081, 0.9999996938683018, -0.0007823516556791578, -1.375462302135791e-05], "world_rotation": [0.0, 1.0, 0.0, 0.0]}, {"color": "CVGreen", "id_name": "object118254552412873", "shape": "CVBox", "id_string": "ob477", "world_size": [0.11, 0.11, 0.11], "id": 477, "camera_size": [68, 96], "camera_position": [241, 292], "world_position": [0.6410851808662156, 1.1247605699034124, -0.17368680954081683], "world_orientation": [0.774452485674133, -0.6326320786015938, -2.360897661563512e-05, 0.6326320787946886, 0.7744524858756928, 9.331049244990874e-07, 1.7693718521020478e-05, -1.5658441382737524e-05, 0.999999999720873], "world_rotation": [1.3113108594740386e-05, 3.264353524096737e-05, -0.999999999381223, -0.6849471454850676]}], "source": "action wait"}
{"timestamp": 1706200823.755135, "objects": [{"color": "cv_", "id_name": "hand", "shape": "CVCylinder", "id_string": "ob382", "world_size": [0.12, 0.005, 0.12], "id": 382, "camera_size": [76, 62], "camera_position": [240, 321], "world_position": [0.5942889436493851, 1.184328939629976, -0.1741210305173845], "world_orientation": [0.0005249011739119954, 0.654450225055591, 0.7561049050253832, -0.0005806848676695424, -0.7561046822315551, 0.6544504353368585, 0.9999996936418742, -0.0007825804784945193, -1.6850892970477306e-05], "world_rotation": [0.0, 1.0, 0.0, 0.0]}, {"color": "CVGreen", "id_name": "object118254552412873", "shape": "CVBox", "id_string": "ob477", "world_size": [0.11, 0.11, 0.11], "id": 477, "camera_size": [69, 98], "camera_position": [241, 299], "world_position": [0.630573707646409, 1.1425726188516763, -0.1738447164841568], "world_orientation": [0.7556353918862083, -0.6549924840022086, -2.0726628400344223e-05, 0.6549924841677504, 0.7556353920251877, 1.6432412170140172e-06, 1.4585463330107674e-05, -1.4817477045345266e-05, 0.9999999997838533], "world_rotation": [1.2565577968482223e-05, 2.6956104514821616e-05, -0.9999999995577373, -0.7141726743332174]}], "source": "action wait"}
{"timestamp": 1706200823.788947, "objects": [{"color": "cv_", "id_name": "hand", "shape": "CVCylinder", "id_string": "ob382", "world_size": [0.12, 0.005, 0.12], "id": 382, "camera_size": [78, 63], "camera_position": [240, 328], "world_position": [0.5857440893275838, 1.1958199103459155, -0.17412230587088245], "world_orientation": [0.0005377172391766108, 0.6698711025842929, 0.7424772163391107, -0.0005672497700503946, -0.7424769999005094, 0.669871318124935, 0.999999694543888, -0.0007813713860217676, -1.9258453633775493e-05], "world_rotation": [0.0, 1.0, 0.0, 0.0]}, {"color": "CVGreen", "id_name": "object118254552412873", "shape": "CVBox", "id_string": "ob477", "world_size": [0.11, 0.11, 0.11], "id": 477, "camera_size": [70, 99], "camera_position": [240, 305], "world_position": [0.6228393843263311, 1.1549174738757129, -0.17394603931130803], "world_orientation": [0.7419775337624533, -0.6704247452258697, -1.9509363366600202e-05, 0.6704247453993248, 0.7419775338542232, 3.4432247128940426e-06, 1.2167086266918534e-05, -1.5634355348618914e-05, 0.9999999998037645], "world_rotation": [1.4227980237635099e-05, 2.3624165011021106e-05, -0.9999999996197318, -0.7347810902242192]}], "source": "action wait"}
{"timestamp": 1706200823.820591, "objects": [{"color": "cv_", "id_name": "hand", "shape": "CVCylinder", "id_string": "ob382", "world_size": [0.12, 0.005, 0.12], "id": 382, "camera_size": [78, 63], "camera_position": [240, 332], "world_position": [0.5795852482896244, 1.2038042743074433, -0.17412330681364516], "world_orientation": [0.0005459976565210647, 0.680576406266044, 0.732676911824411, -0.0005569032797738644, -0.7326767004766317, 0.6805766249566714, 0.9999996958726018, -0.0007796234175189877, -2.102452866104219e-05], "world_rotation": [0.0, 1.0, 0.0, 0.0]}, {"color": "CVGreen", "id_name": "object118254552412873", "shape": "CVBox", "id_string": "ob477", "world_size": [0.11, 0.11, 0.11], "id": 477, "camera_size": [70, 101], "camera_position": [240, 309], "world_position": [0.6172402508827375, 1.163513101214289, -0.17401101131395647], "world_orientation": [0.7321568219237138, -0.681136100745621, -1.927741322373242e-05, 0.6811361009391346, 0.7321568219770799, 5.4640407249045105e-06, 1.039233420815013e-05, -1.7131076771413444e-05, 0.9999999997992628], "world_rotation": [1.6586345562881614e-05, 2.1779602772537775e-05, -0.9999999996252711, -0.7493132351187781]}], "source": "action wait"}
{"timestamp": 1706200823.851559, "objects": [{"color": "cv_", "id_name": "hand", "shape": "CVCylinder", "id_string": "ob382", "world_size": [0.12, 0.005, 0.12], "id": 382, "camera_size": [78, 63], "camera_position": [240, 335], "world_position": [0.5751841951448482, 1.209376968387497, -0.17412404362009848], "world_orientation": [0.000551323983324358, 0.6880402300349767, 0.7256723350764325, -0.0005491059499206816, -0.7256721276678916, 0.6880404505613104, 0.9999996972622147, -0.0007778041987750578, -2.2273463915808734e-05], "world_rotation": [0.0, 1.0, 0.0, 0.0]}, {"color": "CVGreen", "id_name": "object118254552412873", "shape": "CVBox", "id_string": "ob477", "world_size": [0.11, 0.11, 0.11], "id": 477, "camera_size": [72, 101], "camera_position": [240, 312], "world_position": [0.6132285710585093, 1.1695198813813958, -0.17405264727854203], "world_orientation": [0.7251385054622437, -0.6886030405925013, -1.956388906684026e-05, 0.6886030408097994, 0.7251385054827258, 7.333256064290111e-06, 9.136826856044817e-06, -1.8789379844123053e-05, 0.9999999997817388], "world_rotation": [1.8967848204273718e-05, 2.083981206521111e-05, -0.9999999996029615, -0.7595608141697047]}], "source": "action wait"}
