{"timestamp": 1706200877.877719, "objects": [{"color": "cv_", "id_name": "hand", "shape": "CVCylinder", "id_string": "ob382", "world_size": [0.12, 0.005, 0.12], "id": 382, "camera_size": [48, 50], "camera_position": [246, 426], "world_position": [0.2676445155647247, 0.6334703012252962, -0.17389260400887682], "world_orientation": [-0.0006415504582285514, 0.19791547464417275, 0.9802188803065269, -0.0007473673821162289, -0.9802189031698417, 0.19791499011067515, 0.9999995149273854, -0.0006056111658800734, 0.0007767754566584353], "world_rotation": [0.0, 1.0, 0.0, 0.0]}, {"color": "CVPurple", "id_name": "object92201371546917", "shape": "CVBox", "id_string": "ob526", "world_size": [0.11, 0.11, 0.11], "id": 526, "camera_size": [45, 45], "camera_position": [256, 254], "world_position": [0.705, 0.6547388572526824, -0.15], "world_orientation": [1.0, -3.838362879530641e-17, 1.4813540171849057e-17, 3.838362879530641e-17, 1.0, 5.294293626938881e-18, -1.4813540171849057e-17, -5.294293626938881e-18, 1.0], "world_rotation": [-0.1276280613210114, 0.35710588544125776, 0.925303444577321, 4.1482206750932463e-17]}], "source": "action wait"}
{"timestamp": 1706200877.918917, "objects": [{"color": "cv_", "id_name": "hand", "shape": "CVCylinder", "id_string": "ob382", "world_size": [0.12, 0.005, 0.12], "id": 382, "camera_size": [49, 51], "camera_position": [246, 421], "world_position": [0.290627239054027, 0.6673020260316064, -0.1739563377035871], "world_orientation": [-0.000386275968628521, 0.19376074784932254, 0.9810487364977071, -0.0007163541568788806, -0.9810486115848664, 0.19376044112286755, 0.9999996688137442, -0.0006279333384145704, 0.0005177568198738606], "world_rotation": [0.0, 1.0, 0.0, 0.0]}, {"color": "CVPurple", "id_name": "object92201371546917", "shape": "CVBox", "id_string": "ob526", "world_size": [0.11, 0.11, 0.11], "id": 526, "camera_size": [45, 45], "camera_position": [256, 254], "world_position": [0.705, 0.6547388572526824, -0.15], "world_orientation": [1.0, -3.838362879530641e-17, 1.4813540171849057e-17, 3.838362879530641e-17, 1.0, 5.294293626938881e-18, -1.4813540171849057e-17, -5.294293626938881e-18, 1.0], "world_rotation": [-0.1276280613210114, 0.35710588544125776, 0.925303444577321, 4.1482206750932463e-17]}], "source": "action wait"}
{"timestamp": 1706200877.947077, "objects": [{"color": "cv_", "id_name": "hand", "shape": "CVCylinder", "id_string": "ob382", "world_size": [0.12, 0.005, 0.12], "id": 382, "camera_size": [51, 52], "camera_position": [246, 406], "world_position": [0.3363347146127767, 0.704845129959639, -0.17398422222176296], "world_orientation": [-0.00022934831159306587, 0.17878390352301937, 0.9838883388070131, -0.0007330953779891144, -0.9838881303582468, 0.17878369475799713, 0.9999997049852158, -0.0006802802551039665, 0.00035671873482612303], "world_rotation": [0.0, 1.0, 0.0, 0.0]}, {"color": "CVPurple", "id_name": "object92201371546917", "shape": "CVBox", "id_string": "ob526", "world_size": [0.11, 0.11, 0.11], "id": 526, "camera_size": [45, 45], "camera_position": [256, 254], "world_position": [0.705, 0.6547388572526824, -0.15], "world_orientation": [1.0, -3.838362879530641e-17, 1.4813540171849057e-17, 3.838362879530641e-17, 1.0, 5.294293626938881e-18, -1.4813540171849057e-17, -5.294293626938881e-18, 1.0], "world_rotation": [-0.1276280613210114, 0.35710588544125776, 0.925303444577321, 4.1482206750932463e-17]}], "source": "action wait"}
{"timestamp": 1706200877.980273, "objects": [{"color": "cv_", "id_name": "hand", "shape": "CVCylinder", "id_string": "ob382", "world_size": [0.12, 0.005, 0.12], "id": 382, "camera_size": [51, 52], "camera_position": [246, 388], "world_position": [0.38665696356882717, 0.7377249729022278, -0.1740047269221277], "world_orientation": [-0.0001277217348817676, 0.16812587541083923, 0.9857655267377213, -0.0007444755950890021, -0.985765277587094, 0.16812573645854484, 0.9999997147215827, -0.0007124050663978147, 0.0002510692625863949], "world_rotation": [0.0, 1.0, 0.0, 0.0]}, {"color": "CVPurple", "id_name": "object92201371546917", "shape": "CVBox", "id_string": "ob526", "world_size": [0.11, 0.11, 0.11], "id": 526, "camera_size": [45, 45], "camera_position": [256, 254], "world_position": [0.705, 0.6547388572526824, -0.15], "world_orientation": [1.0, -3.838362879530641e-17, 1.4813540171849057e-17, 3.838362879530641e-17, 1.0, 5.294293626938881e-18, -1.4813540171849057e-17, -5.294293626938881e-18, 1.0], "world_rotation": [-0.1276280613210114, 0.35710588544125776, 0.925303444577321, 4.1482206750932463e-17]}], "source": "action wait"}
{"timestamp": 1706200878.011419, "objects": [{"color": "cv_", "id_name": "hand", "shape": "CVCylinder", "id_string": "ob382", "world_size": [0.12, 0.005, 0.12], "id": 382, "camera_size": [52, 53], "camera_position": [245, 368], "world_position": [0.44059933937501605, 0.7654691824180462, -0.17402319887542395], "world_orientation": [-5.6202191620899644e-05, 0.16059389258791051, 0.9870205664041536, -0.0007519174053270299, -0.9870202957288222, 0.16059380573236393, 0.9999997157307242, -0.0007331322194524205, 0.0001762260468207557], "world_rotation": [0.0, 1.0, 0.0, 0.0]}, {"color": "CVPurple", "id_name": "object92201371546917", "shape": "CVBox", "id_string": "ob526", "world_size": [0.11, 0.11, 0.11], "id": 526, "camera_size": [45, 45], "camera_position": [256, 254], "world_position": [0.705, 0.6547388572526824, -0.15], "world_orientation": [1.0, -3.838362879530641e-17, 1.4813540171849057e-17, 3.838362879530641e-17, 1.0, 5.294293626938881e-18, -1.4813540171849057e-17, -5.294293626938881e-18, 1.0], "world_rotation": [-0.1276280613210114, 0.35710588544125776, 0.925303444577321, 4.1482206750932463e-17]}], "source": "action wait"}
{"timestamp": 1706200878.046444, "objects": [{"color": "cv_", "id_name": "hand", "shape": "CVCylinder", "id_string": "ob382", "world_size": [0.12, 0.005, 0.12], "id": 382, "camera_size": [52, 54], "camera_position": [245, 344], "world_position": [0.4976327947500843, 0.78177466774205, -0.17403852861004504], "world_orientation": [-1.1474737533117528e-05, 0.14669709350039808, 0.989181460919515, -0.000764231378559123, -0.9891811734055158, 0.1466970419963777, 0.9999997079093227, -0.0007542802014701644, 0.000123461116334369], "world_rotation": [0.0, 1.0, 0.0, 0.0]}, {"color": "CVPurple", "id_name": "object92201371546917", "shape": "CVBox", "id_string": "ob526", "world_size": [0.11, 0.11, 0.11], "id": 526, "camera_size": [45, 45], "camera_position": [256, 254], "world_position": [0.705, 0.6547388572526824, -0.15], "world_orientation": [1.0, -3.838362879530641e-17, 1.4813540171849057e-17, 3.838362879530641e-17, 1.0, 5.294293626938881e-18, -1.4813540171849057e-17, -5.294293626938881e-18, 1.0], "world_rotation": [-0.1276280613210114, 0.35710588544125776, 0.925303444577321, 4.1482206750932463e-17]}], "source": "action wait"}
{"timestamp": 1706200878.081809, "objects": [{"color": "cv_", "id_name": "hand", "shape": "CVCylinder", "id_string": "ob382", "world_size": [0.12, 0.005, 0.12], "id": 382, "camera_size": [52, 52], "camera_position": [245, 318], "world_position": [0.5562803145673082, 0.7742917357090972, -0.17405035827314694], "world_orientation": [-3.862772551650782e-06, 0.10885646413237653, 0.9940574783188726, -0.0007770975404623235, -0.9940571785069965, 0.10885642828111812, 0.9999996980522002, -0.0007720591338569019, 8.843190732500473e-05], "world_rotation": [0.0, 1.0, 0.0, 0.0]}, {"color": "CVPurple", "id_name": "object92201371546917", "shape": "CVBox", "id_string": "ob526", "world_size": [0.11, 0.11, 0.11], "id": 526, "camera_size": [45, 45], "camera_position": [256, 254], "world_position": [0.705, 0.6547388572526824, -0.15], "world_orientation": [1.0, -3.838362879530641e-17, 1.4813540171849057e-17, 3.838362879530641e-17, 1.0, 5.294293626938881e-18, -1.4813540171849057e-17, -5.294293626938881e-18, 1.0], "world_rotation": [-0.1276280613210114, 0.35710588544125776, 0.925303444577321, 4.1482206750932463e-17]}], "source": "action wait"}
{"timestamp": 1706200878.114656, "objects": [{"color": "cv_", "id_name": "hand", "shape": "CVCylinder", "id_string": "ob382", "world_size": [0.12, 0.005, 0.12], "id": 382, "camera_size": [52, 52], "camera_position": [245, 298], "world_position": [0.6017043859776052, 0.7613668465883686, -0.1740559340995712], "world_orientation": [-1.7679900622958845e-05, 0.07630794282686942, 0.9970842981157373, -0.000775368573699166, -0.9970839995958308, 0.07630790623229161, 0.9999996992454528, -0.0007717587138892628, 7.679512681757475e-05], "world_rotation": [0.0, 1.0, 0.0, 0.0]}, {"color": "CVPurple", "id_name": "object92201371546917", "shape": "CVBox", "id_string": "ob526", "world_size": [0.11, 0.11, 0.11], "id": 526, "camera_size": [45, 45], "camera_position": [256, 254], "world_position": [0.705, 0.6547388572526824, -0.15], "world_orientation": [1.0, -3.838362879530641e-17, 1.4813540171849057e-17, 3.838362879530641e-17, 1.0, 5.294293626938881e-18, -1.4813540171849057e-17, -5.294293626938881e-18, 1.0], "world_rotation": [-0.1276280613210114, 0.35710588544125776, 0.925303444577321, 4.1482206750932463e-17]}], "source": "action wait"}
{"timestamp": 1706200878.147733, "objects": [{"color": "cv_", "id_name": "hand", "shape": "CVCylinder", "id_string": "ob382", "world_size": [0.12, 0.005, 0.12], "id": 382, "camera_size": [51, 52], "camera_position": [246, 284], "world_position": [0.6336137444753218, 0.749784289410325, -0.17406359775284788], "world_orientation": [-2.362168994518468e-05, 0.05331044184313349, 0.9985779870558463, -0.0007715254553888217, -0.9985776911034293, 0.053310407792624415, 0.9999997020951994, -0.0007691690542811268, 6.471845552580966e-05], "world_rotation": [0.0, 1.0, 0.0, 0.0]}, {"color": "CVPurple", "id_name": "object92201371546917", "shape": "CVBox", "id_string": "ob526", "world_size": [0.11, 0.11, 0.11], "id": 526, "camera_size": [45, 45], "camera_position": [256, 254], "world_position": [0.705, 0.6547388572526824, -0.15], "world_orientation": [1.0, -3.838362879530641e-17, 1.4813540171849057e-17, 3.838362879530641e-17, 1.0, 5.294293626938881e-18, -1.4813540171849057e-17, -5.294293626938881e-18, 1.0], "world_rotation": [-0.1276280613210114, 0.35710588544125776, 0.925303444577321, 4.1482206750932463e-17]}], "source": "action wait"}
{"timestamp": 1706200878.177702, "objects": [{"color": "cv_", "id_name": "hand", "shape": "CVCylinder", "id_string": "ob382", "world_size": [0.12, 0.005, 0.12], "id": 382, "camera_size": [51, 51], "camera_position": [246, 275], "world_position": [0.6559556774781238, 0.7404231799238901, -0.1740714717753023], "world_orientation": [-2.4756976526546727e-05, 0.03708335539861155, 0.9993121755184775, -0.0007680313664375222, -0.9993118817965593, 0.03708332547169861, 0.9999997047574126, -0.0007665850246432144, 5.322112091959812e-05], "world_rotation": [0.0, 1.0, 0.0, 0.0]}, {"color": "CVPurple", "id_name": "object92201371546917", "shape": "CVBox", "id_string": "ob526", "world_size": [0.11, 0.11, 0.11], "id": 526, "camera_size": [45, 45], "camera_position": [256, 254], "world_position": [0.705, 0.6547388572526824, -0.15], "world_orientation": [1.0, -3.838362879530641e-17, 1.4813540171849057e-17, 3.838362879530641e-17, 1.0, 5.294293626938881e-18, -1.4813540171849057e-17, -5.294293626938881e-18, 1.0], "world_rotation": [-0.1276280613210114, 0.35710588544125776, 0.925303444577321, 4.1482206750932463e-17]}], "source": "action wait"}
{"timestamp": 1706200878.213353, "objects": [{"color": "cv_", "id_name": "hand", "shape": "CVCylinder", "id_string": "ob382", "world_size": [0.12, 0.005, 0.12], "id": 382, "camera_size": [51, 51], "camera_position": [246, 268], "world_position": [0.6715940669296274, 0.7332531339015973, -0.17407858468583948], "world_orientation": [-2.3422522315893733e-05, 0.025640594903403077, 0.999671225625898, -0.0007655048965885057, -0.9996709334572664, 0.025640569473609747, 0.9999997067267764, -0.0007646526513849065, 4.304281569782398e-05], "world_rotation": [0.0, 1.0, 0.0, 0.0]}, {"color": "CVPurple", "id_name": "object92201371546917", "shape": "CVBox", "id_string": "ob526", "world_size": [0.11, 0.11, 0.11], "id": 526, "camera_size": [45, 45], "camera_position": [256, 254], "world_position": [0.705, 0.6547388572526824, -0.15], "world_orientation": [1.0, -3.838362879530641e-17, 1.4813540171849057e-17, 3.838362879530641e-17, 1.0, 5.294293626938881e-18, -1.4813540171849057e-17, -5.294293626938881e-18, 1.0], "world_rotation": [-0.1276280613210114, 0.35710588544125776, 0.925303444577321, 4.1482206750932463e-17]}], "source": "action wait"}
{"timestamp": 1706200878.253349, "objects": [{"color": "cv_", "id_name": "hand", "shape": "CVCylinder", "id_string": "ob382", "world_size": [0.12, 0.005, 0.12], "id": 382, "camera_size": [51, 50], "camera_position": [246, 263], "world_position": [0.6825484924616633, 0.7279304400553888, -0.1740846007387004], "world_orientation": [-2.1009555953428264e-05, 0.017573993542023124, 0.9998455652297427, -0.0007639021344747376, -0.9998452740042402, 0.01757397237151427, 0.9999997080060211, -0.0007634149400686233, 3.44311164073302e-05], "world_rotation": [0.0, 1.0, 0.0, 0.0]}, {"color": "CVPurple", "id_name": "object92201371546917", "shape": "CVBox", "id_string": "ob526", "world_size": [0.11, 0.11, 0.11], "id": 526, "camera_size": [45, 45], "camera_position": [256, 254], "world_position": [0.705, 0.6547388572526824, -0.15], "world_orientation": [1.0, -3.838362879530641e-17, 1.4813540171849057e-17, 3.838362879530641e-17, 1.0, 5.294293626938881e-18, -1.4813540171849057e-17, -5.294293626938881e-18, 1.0], "world_rotation": [-0.1276280613210114, 0.35710588544125776, 0.925303444577321, 4.1482206750932463e-17]}], "source": "action wait"}
{"timestamp": 1706200878.283933, "objects": [{"color": "cv_", "id_name": "hand", "shape": "CVCylinder", "id_string": "ob382", "world_size": [0.12, 0.005, 0.12], "id": 382, "camera_size": [51, 51], "camera_position": [246, 260], "world_position": [0.6902299226267369, 0.7240549265082892, -0.17408949386059838], "world_orientation": [-1.829754596401419e-05, 0.011888199749936114, 0.9999293326890184, -0.0007629944229095819, -0.9999290419626596, 0.011888182331567012, 0.9999997087523128, -0.0007627229795831635, 2.736687771406882e-05], "world_rotation": [0.0, 1.0, 0.0, 0.0]}, {"color": "CVPurple", "id_name": "object92201371546917", "shape": "CVBox", "id_string": "ob526", "world_size": [0.11, 0.11, 0.11], "id": 526, "camera_size": [45, 45], "camera_position": [256, 254], "world_position": [0.705, 0.6547388572526824, -0.15], "world_orientation": [1.0, -3.838362879530641e-17, 1.4813540171849057e-17, 3.838362879530641e-17, 1.0, 5.294293626938881e-18, -1.4813540171849057e-17, -5.294293626938881e-18, 1.0], "world_rotation": [-0.1276280613210114, 0.35710588544125776, 0.925303444577321, 4.1482206750932463e-17]}], "source": "action wait"}
{"timestamp": 1706200878.313689, "objects": [{"color": "cv_", "id_name": "hand", "shape": "CVCylinder", "id_string": "ob382", "world_size": [0.12, 0.005, 0.12], "id": 382, "camera_size": [51, 50], "camera_position": [246, 257], "world_position": [0.6956217988330918, 0.7212679696916806, -0.17409337391089924], "world_orientation": [-1.5691432127011124e-05, 0.007880742641783303, 0.9999689463424316, -0.0007625496407524218, -0.9999686558278442, 0.007880728386374356, 0.9999997091358699, -0.0007624023008827672, 2.170039776278241e-05], "world_rotation": [0.0, 1.0, 0.0, 0.0]}, {"color": "CVPurple", "id_name": "object92201371546917", "shape": "CVBox", "id_string": "ob526", "world_size": [0.11, 0.11, 0.11], "id": 526, "camera_size": [45, 45], "camera_position": [256, 254], "world_position": [0.705, 0.6547388572526824, -0.15], "world_orientation": [1.0, -3.838362879530641e-17, 1.4813540171849057e-17, 3.838362879530641e-17, 1.0, 5.294293626938881e-18, -1.4813540171849057e-17, -5.294293626938881e-18, 1.0], "world_rotation": [-0.1276280613210114, 0.35710588544125776, 0.925303444577321, 4.1482206750932463e-17]}], "source": "action wait"}
{"timestamp": 1706200878.345754, "objects": [{"color": "cv_", "id_name": "hand", "shape": "CVCylinder", "id_string": "ob382", "world_size": [0.12, 0.005, 0.12], "id": 382, "camera_size": [51, 50], "camera_position": [246, 256], "world_position": [0.6994099231240631, 0.7192800456930885, -0.17409639741917102], "world_orientation": [-1.337652404695197e-05, 0.005056235810178096, 0.9999872170685488, -0.0007623866539003643, -0.9999869265965448, 0.005056224143250972, 0.999999709293787, -0.0007623092736605721, 1.723115587127527e-05], "world_rotation": [0.0, 1.0, 0.0, 0.0]}, {"color": "CVPurple", "id_name": "object92201371546917", "shape": "CVBox", "id_string": "ob526", "world_size": [0.11, 0.11, 0.11], "id": 526, "camera_size": [45, 45], "camera_position": [256, 254], "world_position": [0.705, 0.6547388572526824, -0.15], "world_orientation": [1.0, -3.838362879530641e-17, 1.4813540171849057e-17, 3.838362879530641e-17, 1.0, 5.294293626938881e-18, -1.4813540171849057e-17, -5.294293626938881e-18, 1.0], "world_rotation": [-0.1276280613210114, 0.35710588544125776, 0.925303444577321, 4.1482206750932463e-17]}], "source": "action wait"}
{"timestamp": 1706200878.379643, "objects": [{"color": "cv_", "id_name": "hand", "shape": "CVCylinder", "id_string": "ob382", "world_size": [0.12, 0.005, 0.12], "id": 382, "camera_size": [50, 50], "camera_position": [245, 255], "world_position": [0.7020732599855899, 0.7178696581276454, -0.17409872417105968], "world_orientation": [-1.1415069034683037e-05, 0.003065462703231923, 0.9999953013930173, -0.0007623804497453027, -0.9999950108741946, 0.003065453109987161, 0.9999997093228308, -0.0007623418752606829, 1.3752060918200322e-05], "world_rotation": [0.0, 1.0, 0.0, 0.0]}, {"color": "CVPurple", "id_name": "object92201371546917", "shape": "CVBox", "id_string": "ob526", "world_size": [0.11, 0.11, 0.11], "id": 526, "camera_size": [45, 45], "camera_position": [256, 254], "world_position": [0.705, 0.6547388572526824, -0.15], "world_orientation": [1.0, -3.838362879530641e-17, 1.4813540171849057e-17, 3.838362879530641e-17, 1.0, 5.294293626938881e-18, -1.4813540171849057e-17, -5.294293626938881e-18, 1.0], "world_rotation": [-0.1276280613210114, 0.35710588544125776, 0.925303444577321, 4.1482206750932463e-17]}], "source": "action wait"}
{"timestamp": 1706200878.45078, "objects": [{"color": "cv_", "id_name": "hand", "shape": "CVCylinder", "id_string": "ob382", "world_size": [0.12, 0.005, 0.12], "id": 382, "camera_size": [50, 50], "camera_position": [245, 254], "world_position": [0.7052655648493601, 0.7161692644216275, -0.17410184116175154], "world_orientation": [-8.51103436223577e-06, 0.0006732556492761576, 0.9999997733271709, -0.0007625524980956593, -0.9999994826246266, 0.0006732489634473669, 0.9999997092205827, -0.0007625465952010424, 9.024422736413256e-06], "world_rotation": [0.0, 1.0, 0.0, 0.0]}, {"color": "CVPurple", "id_name": "object92201371546917", "shape": "CVBox", "id_string": "ob526", "world_size": [0.11, 0.11, 0.11], "id": 526, "camera_size": [45, 45], "camera_position": [256, 254], "world_position": [0.705, 0.6547388572526824, -0.15], "world_orientation": [1.0, -3.838362879530641e-17, 1.4813540171849057e-17, 3.838362879530641e-17, 1.0, 5.294293626938881e-18, -1.4813540171849057e-17, -5.294293626938881e-18, 1.0], "world_rotation": [-0.1276280613210114, 0.35710588544125776, 0.925303444577321, 4.1482206750932463e-17]}], "source": "action wait"}
{"timestamp": 1706200878.482163, "objects": [{"color": "cv_", "id_name": "hand", "shape": "CVCylinder", "id_string": "ob382", "world_size": [0.12, 0.005, 0.12], "id": 382, "camera_size": [50, 50], "camera_position": [245, 253], "world_position": [0.706194011905193, 0.7156739417225445, -0.17410285218477403], "world_orientation": [-7.489553862805742e-06, -2.389272153121088e-05, 0.9999999996865222, -0.000762657541253712, -0.9999997088911277, -2.389842654767207e-05, 0.9999997091486484, -0.0007626577200035537, 7.4713297186375816e-06], "world_rotation": [0.0, 1.0, 0.0, 0.0]}, {"color": "CVPurple", "id_name": "object92201371546917", "shape": "CVBox", "id_string": "ob526", "world_size": [0.11, 0.11, 0.11], "id": 526, "camera_size": [45, 45], "camera_position": [256, 254], "world_position": [0.705, 0.6547388572526824, -0.15], "world_orientation": [1.0, -3.838362879530641e-17, 1.4813540171849057e-17, 3.838362879530641e-17, 1.0, 5.294293626938881e-18, -1.4813540171849057e-17, -5.294293626938881e-18, 1.0], "world_rotation": [-0.1276280613210114, 0.35710588544125776, 0.925303444577321, 4.1482206750932463e-17]}], "source": "action wait"}
{"timestamp": 1706200878.513482, "objects": [{"color": "cv_", "id_name": "hand", "shape": "CVCylinder", "id_string": "ob382", "world_size": [0.12, 0.005, 0.12], "id": 382, "camera_size": [50, 50], "camera_position": [245, 253], "world_position": [0.706847896697991, 0.7153254091803984, -0.1741036098704806], "world_orientation": [-6.693147598129371e-06, -0.0005153105969148881, 0.9999998672050865, -0.0007627537591206743, -0.9999995763282026, -0.0005153155522467241, 0.9999997090809102, -0.0007627571069142615, 6.30008966788402e-06], "world_rotation": [0.0, 1.0, 0.0, 0.0]}, {"color": "CVPurple", "id_name": "object92201371546917", "shape": "CVBox", "id_string": "ob526", "world_size": [0.11, 0.11, 0.11], "id": 526, "camera_size": [45, 45], "camera_position": [256, 254], "world_position": [0.705, 0.6547388572526824, -0.15], "world_orientation": [1.0, -3.838362879530641e-17, 1.4813540171849057e-17, 3.838362879530641e-17, 1.0, 5.294293626938881e-18, -1.4813540171849057e-17, -5.294293626938881e-18, 1.0], "world_rotation": [-0.1276280613210114, 0.35710588544125776, 0.925303444577321, 4.1482206750932463e-17]}], "source": "action wait"}
{"timestamp": 1706200878.545532, "objects": [{"color": "cv_", "id_name": "hand", "shape": "CVCylinder", "id_string": "ob382", "world_size": [0.12, 0.005, 0.12], "id": 382, "camera_size": [50, 50], "camera_position": [245, 252], "world_position": [0.707308521343953, 0.7150802950555568, -0.1741041755809917], "world_orientation": [-6.0785558687770554e-06, -0.0008617190260206388, 0.9999996287016168, -0.0007628359790235597, -0.9999993377567957, -0.0008617234122503245, 0.9999997090221178, -0.0007628409338180627, 5.421201566801016e-06], "world_rotation": [0.0, 1.0, 0.0, 0.0]}, {"color": "CVPurple", "id_name": "object92201371546917", "shape": "CVBox", "id_string": "ob526", "world_size": [0.11, 0.11, 0.11], "id": 526, "camera_size": [45, 45], "camera_position": [256, 254], "world_position": [0.705, 0.6547388572526824, -0.15], "world_orientation": [1.0, -3.838362879530641e-17, 1.4813540171849057e-17, 3.838362879530641e-17, 1.0, 5.294293626938881e-18, -1.4813540171849057e-17, -5.294293626938881e-18, 1.0], "world_rotation": [-0.1276280613210114, 0.35710588544125776, 0.925303444577321, 4.1482206750932463e-17]}], "source": "action wait"}
{"timestamp": 1706200878.575947, "objects": [{"color": "cv_", "id_name": "hand", "shape": "CVCylinder", "id_string": "ob382", "world_size": [0.12, 0.005, 0.12], "id": 382, "camera_size": [50, 50], "camera_position": [245, 252], "world_position": [0.707633066960913, 0.714907958862324, -0.17410459662341254], "world_orientation": [-5.608212679328471e-06, -0.0011059141521722335, 0.9999993884610311, -0.000762903216746776, -0.9999990974615021, -0.0011059181088773089, 0.9999997089735727, -0.0007629089524260566, 4.764502153926494e-06], "world_rotation": [0.0, 1.0, 0.0, 0.0]}, {"color": "CVPurple", "id_name": "object92201371546917", "shape": "CVBox", "id_string": "ob526", "world_size": [0.11, 0.11, 0.11], "id": 526, "camera_size": [45, 45], "camera_position": [256, 254], "world_position": [0.705, 0.6547388572526824, -0.15], "world_orientation": [1.0, -3.838362879530641e-17, 1.4813540171849057e-17, 3.838362879530641e-17, 1.0, 5.294293626938881e-18, -1.4813540171849057e-17, -5.294293626938881e-18, 1.0], "world_rotation": [-0.1276280613210114, 0.35710588544125776, 0.925303444577321, 4.1482206750932463e-17]}], "source": "action wait"}
{"timestamp": 1706200879.632747, "objects": [{"color": "cv_", "id_name": "hand", "shape": "CVCylinder", "id_string": "ob382", "world_size": [0.12, 0.005, 0.12], "id": 382, "camera_size": [50, 50], "camera_position": [245, 252], "world_position": [0.7084081051855522, 0.7144996714752626, -0.17410578447989122], "world_orientation": [-4.19155244819746e-06, -0.001689437008348604, 0.9999985728914947, -0.0007631192399333107, -0.9999982817197611, -0.001689439715090137, 0.9999997088156859, -0.0007631252322548914, 2.9023033605731627e-06], "world_rotation": [0.0, 1.0, 0.0, 0.0]}, {"color": "CVPurple", "id_name": "object92201371546917", "shape": "CVBox", "id_string": "ob526", "world_size": [0.11, 0.11, 0.11], "id": 526, "camera_size": [45, 45], "camera_position": [256, 254], "world_position": [0.705, 0.6547388572526824, -0.15], "world_orientation": [1.0, -3.838362879530641e-17, 1.4813540171849057e-17, 3.838362879530641e-17, 1.0, 5.294293626938881e-18, -1.4813540171849057e-17, -5.294293626938881e-18, 1.0], "world_rotation": [-0.1276280613210114, 0.35710588544125776, 0.925303444577321, 4.1482206750932463e-17]}], "source": "action wait"}
{"timestamp": 1706200879.663899, "objects": [{"color": "cv_", "id_name": "hand", "shape": "CVCylinder", "id_string": "ob382", "world_size": [0.12, 0.005, 0.12], "id": 382, "camera_size": [51, 50], "camera_position": [246, 251], "world_position": [0.7106696221020842, 0.7349662124293543, -0.17408901452410513], "world_orientation": [1.3407151348822998e-05, 0.02829683107892212, 0.9995995644112392, -0.0007434223480643452, -0.9995992879912633, 0.028296833225148452, 0.9999997235716923, -0.000743504035224795, 7.63471766157669e-06], "world_rotation": [0.0, 1.0, 0.0, 0.0]}, {"color": "CVPurple", "id_name": "object92201371546917", "shape": "CVBox", "id_string": "ob526", "world_size": [0.11, 0.11, 0.11], "id": 526, "camera_size": [46, 48], "camera_position": [252, 251], "world_position": [0.7101099413979548, 0.6768882409416145, -0.1586568384031022], "world_orientation": [0.9995599217611468, -0.029664166610652205, -5.305274126647194e-06, 0.029664166763113568, 0.9995599212763864, 3.143556060763968e-05, 4.370429681016876e-06, -3.1579103037906986e-05, 0.9999999994918298], "world_rotation": [0.0010621337846492803, 0.00016308730872843392, -0.9999994226370098, -0.029668536105533813]}], "source": "action wait"}
{"timestamp": 1706200879.691219, "objects": [{"color": "cv_", "id_name": "hand", "shape": "CVCylinder", "id_string": "ob382", "world_size": [0.12, 0.005, 0.12], "id": 382, "camera_size": [52, 53], "camera_position": [245, 250], "world_position": [0.7138454493549266, 0.783729860391671, -0.17410746822649434], "world_orientation": [6.998380322464371e-05, 0.09863128853356158, 0.9951240445414212, -0.0007262720840168703, -0.9951237795155431, 0.09863131334196541, 0.9999997338155283, -0.0007296334081094283, 1.9906047031743218e-06], "world_rotation": [0.0, 1.0, 0.0, 0.0]}, {"color": "CVPurple", "id_name": "object92201371546917", "shape": "CVBox", "id_string": "ob526", "world_size": [0.11, 0.11, 0.11], "id": 526, "camera_size": [48, 53], "camera_position": [249, 248], "world_position": [0.7179355002883778, 0.7268107994834359, -0.1642297699316476], "world_orientation": [0.9950087464811813, -0.09978774680166376, -3.767665600785087e-06, 0.0997877468609444, 0.9950087450720245, 5.2977457684453174e-05, -1.5376409123238322e-06, -5.308900062359541e-05, 0.9999999985895969], "world_rotation": [0.0005314602578485941, 1.1173838693626067e-05, -0.9999998587125597, -0.099954115155212]}], "source": "action wait"}
{"timestamp": 1706200879.723641, "objects": [{"color": "cv_", "id_name": "hand", "shape": "CVCylinder", "id_string": "ob382", "world_size": [0.12, 0.005, 0.12], "id": 382, "camera_size": [56, 55], "camera_position": [244, 250], "world_position": [0.7125341414736593, 0.8536119452524076, -0.17411498166503267], "world_orientation": [0.00014477442633020852, 0.1978922634618039, 0.9802237658322355, -0.0007168128807705711, -0.9802235037386254, 0.19789231641897354, 0.9999997326097941, -0.0007312867679709782, -5.9571974429061056e-08], "world_rotation": [0.0, 1.0, 0.0, 0.0]}, {"color": "CVPurple", "id_name": "object92201371546917", "shape": "CVBox", "id_string": "ob526", "world_size": [0.11, 0.11, 0.11], "id": 526, "camera_size": [51, 60], "camera_position": [248, 245], "world_position": [0.7226288745044517, 0.7979297621860884, -0.1677923658953102], "world_orientation": [0.9800193122207411, -0.1989023569931234, -7.547558610230091e-06, 0.19890235710133305, 0.9800193106310093, 5.594510873392743e-05, -3.7308608032698778e-06, -5.6328514181473366e-05, 0.9999999984065896], "world_rotation": [0.0002822330014218246, 9.594400266126225e-06, -0.9999999601262395, -0.20023777956203354]}], "source": "action wait"}
{"timestamp": 1706200879.760161, "objects": [{"color": "cv_", "id_name": "hand", "shape": "CVCylinder", "id_string": "ob382", "world_size": [0.12, 0.005, 0.12], "id": 382, "camera_size": [59, 57], "camera_position": [244, 254], "world_position": [0.7037389152024466, 0.9230808257137321, -0.1741166245327282], "world_orientation": [0.00021977807642739377, 0.29521459731640065, 0.9554309463424933, -0.0007079333130466728, -0.9554306840688748, 0.2952146791236957, 0.9999997252639731, -0.000741263109542741, -9.904699660035569e-07], "world_rotation": [0.0, 1.0, 0.0, 0.0]}, {"color": "CVPurple", "id_name": "object92201371546917", "shape": "CVBox", "id_string": "ob526", "world_size": [0.11, 0.11, 0.11], "id": 526, "camera_size": [54, 68], "camera_position": [246, 246], "world_position": [0.7195721854525982, 0.8690420847287407, -0.17006951640298565], "world_orientation": [0.9551511680483477, -0.29611863513237774, -1.0159474598841976e-05, 0.2961186352692729, 0.9551511668204383, 4.8660235801352936e-05, -4.705368593349778e-06, -4.94862908164322e-05, 0.9999999987644834], "world_rotation": [0.00016572162910201443, 9.209325726270359e-06, -0.9999999862257648, -0.3006264710445631]}], "source": "action wait"}
{"timestamp": 1706200879.792155, "objects": [{"color": "cv_", "id_name": "hand", "shape": "CVCylinder", "id_string": "ob382", "world_size": [0.12, 0.005, 0.12], "id": 382, "camera_size": [62, 58], "camera_position": [243, 262], "world_position": [0.6877412896364103, 0.991229810683054, -0.17411694858447554], "world_orientation": [0.00029359355743664825, 0.3895526229165478, 0.9210041627385084, -0.0006881094151001354, -0.9210039056880257, 0.38955273354558234, 0.9999997201540888, -0.0007481218085777909, -2.3459855776749978e-06], "world_rotation": [0.0, 1.0, 0.0, 0.0]}, {"color": "CVPurple", "id_name": "object92201371546917", "shape": "CVBox", "id_string": "ob526", "world_size": [0.11, 0.11, 0.11], "id": 526, "camera_size": [57, 75], "camera_position": [245, 251], "world_position": [0.7090449329970036, 0.9392756310289432, -0.17152603764440982], "world_orientation": [0.9206561916054766, -0.3903744058186843, -1.1841004930597557e-05, 0.3903744059511687, 0.9206561905996897, 4.3459636333244945e-05, -6.064035218410508e-06, -4.463380854077116e-05, 0.9999999989855255], "world_rotation": [0.00011283199280335391, 7.399267969630101e-06, -0.9999999936070959, -0.40103823322496696]}], "source": "action wait"}
{"timestamp": 1706200879.824796, "objects": [{"color": "cv_", "id_name": "hand", "shape": "CVCylinder", "id_string": "ob382", "world_size": [0.12, 0.005, 0.12], "id": 382, "camera_size": [66, 60], "camera_position": [242, 275], "world_position": [0.6648115007947356, 1.0573752020910203, -0.17411691977988], "world_orientation": [0.0003650549677182532, 0.47995829794865236, 0.8772912281364171, -0.0006586811408112355, -0.8772909808730694, 0.47995843676085426, 0.9999997164369725, -0.0007530663986105817, -4.119951467021356e-06], "world_rotation": [0.0, 1.0, 0.0, 0.0]}, {"color": "CVPurple", "id_name": "object92201371546917", "shape": "CVBox", "id_string": "ob526", "world_size": [0.11, 0.11, 0.11], "id": 526, "camera_size": [61, 83], "camera_position": [244, 261], "world_position": [0.6913013103911196, 1.00796294569008, -0.17245790684000048], "world_orientation": [0.8768792062337215, -0.4807107836424784, -1.2835609547291227e-05, 0.48071078375017423, 0.8768792053704171, 3.968928627912059e-05, -7.823788809173053e-06, -4.097292577380779e-05, 0.9999999991300038], "world_rotation": [8.389889982049631e-05, 5.212927284336695e-06, -0.9999999964668999, -0.5014651177752658]}], "source": "action wait"}
{"timestamp": 1706200879.855367, "objects": [{"color": "cv_", "id_name": "hand", "shape": "CVCylinder", "id_string": "ob382", "world_size": [0.12, 0.005, 0.12], "id": 382, "camera_size": [71, 61], "camera_position": [242, 291], "world_position": [0.6402451222239917, 1.1101013605164265, -0.17411574115884165], "world_orientation": [0.00042856415515972934, 0.5512609880311419, 0.8343327510098679, -0.00063748655351433, -0.8343325074910669, 0.5512611545851593, 0.999999704971786, -0.0007681266809126751, -6.143538847830009e-06], "world_rotation": [0.0, 1.0, 0.0, 0.0]}, {"color": "CVPurple", "id_name": "object92201371546917", "shape": "CVBox", "id_string": "ob526", "world_size": [0.11, 0.11, 0.11], "id": 526, "camera_size": [64, 89], "camera_position": [242, 273], "world_position": [0.6707584692389866, 1.0632636379066231, -0.17305373558343093], "world_orientation": [0.8338717785178307, -0.5519582021750616, -6.5714376831289945e-06, 0.5519582021269147, 0.8338717781151873, 2.7709927090029385e-05, -9.814985113410731e-06, -2.6733685114131157e-05, 0.9999999995944883], "world_rotation": [-4.9318600507742976e-05, 2.9382183412465938e-06, 0.9999999987795212, 0.5847107437783358]}], "source": "action wait"}
{"timestamp": 1706200879.885287, "objects": [{"color": "cv_", "id_name": "hand", "shape": "CVCylinder", "id_string": "ob382", "world_size": [0.12, 0.005, 0.12], "id": 382, "camera_size": [73, 61], "camera_position": [241, 304], "world_position": [0.6198551797514467, 1.1457088987412842, -0.17411616260782212], "world_orientation": [0.0004736176331838485, 0.5993066795619882, 0.800519381101246, -0.0006164474288260421, -0.8005191438094148, 0.5993068666277813, 0.999999697839407, -0.0007773204139284412, -9.698920514590296e-06], "world_rotation": [0.0, 1.0, 0.0, 0.0]}, {"color": "CVPurple", "id_name": "object92201371546917", "shape": "CVBox", "id_string": "ob526", "world_size": [0.11, 0.11, 0.11], "id": 526, "camera_size": [67, 93], "camera_position": [242, 284], "world_position": [0.6530171843219322, 1.1009779459409388, -0.17343617551261542], "world_orientation": [0.8000267580746848, -0.5999643209095715, -1.6346964324145047e-07, 0.5999643207612434, 0.8000267578707769, 2.2456026857796155e-05, -1.334203481537202e-05, -1.806349831975314e-05, 0.9999999997478503], "world_rotation": [-3.3768278999976895e-05, 1.0982790731181988e-05, 0.9999999993695408, 0.6434565110562046]}], "source": "action wait"}
{"timestamp": 1706200879.917789, "objects": [{"color": "cv_", "id_name": "hand", "shape": "CVCylinder", "id_string": "ob382", "world_size": [0.12, 0.005, 0.12], "id": 382, "camera_size": [75, 62], "camera_position": [241, 314], "world_position": [0.6040706133678815, 1.1699166963585035, -0.1741175612999284], "world_orientation": [0.0005037306472864026, 0.6319590909805861, 0.7750015829547874, -0.0005963951966945693, -0.7750013535970756, 0.6319592915967533, 0.9999996952840557, -0.0007805444845196698, -1.3494567126464241e-05], "world_rotation": [0.0, 1.0, 0.0, 0.0]}, {"color": "CVPurple", "id_name": "object92201371546917", "shape": "CVBox", "id_string": "ob526", "world_size": [0.11, 0.11, 0.11], "id": 526, "camera_size": [68, 96], "camera_position": [241, 293], "world_position": [0.6389986135903806, 1.1267985093177713, -0.17368189664530123], "world_orientation": [0.7744878758799029, -0.6325887527467157, 3.659356227653307e-06, 0.6325887525256887, 0.7744878757399166, 2.2580178312234536e-05, -1.711809386666573e-05, -1.5173206746933659e-05, 0.9999999997383724], "world_rotation": [-2.9840385937892385e-05, 1.6422557305737894e-05, 0.9999999994199256, 0.684891202612741]}], "source": "action wait"}
{"timestamp": 1706200879.950908, "objects": [{"color": "cv_", "id_name": "hand", "shape": "CVCylinder", "id_string": "ob382", "world_size": [0.12, 0.005, 0.12], "id": 382, "camera_size": [76, 63], "camera_position": [240, 323], "world_position": [0.5922911493698285, 1.1865134177444696, -0.1741190940075718], "world_orientation": [0.0005235056554418355, 0.6543383708184222, 0.7562017074937891, -0.0005794175008371453, -0.7562014856981775, 0.654338580020488, 0.9999996951085479, -0.0007807064506993816, -1.674065089455091e-05], "world_rotation": [0.0, 1.0, 0.0, 0.0]}, {"color": "CVPurple", "id_name": "object92201371546917", "shape": "CVBox", "id_string": "ob526", "world_size": [0.11, 0.11, 0.11], "id": 526, "camera_size": [69, 98], "camera_position": [241, 301], "world_position": [0.628412642635697, 1.1445871553901052, -0.173839677358729], "world_orientation": [0.7556736251634348, -0.654948373693, 5.408054998172494e-06, 0.6549483733991319, 0.7556736250294298, 2.4833688708896e-05, -2.0351508557517186e-05, -1.522416674852558e-05, 0.9999999996770205], "world_rotation": [-3.058092595456113e-05, 1.9665338963431944e-05, 0.9999999993390407, 0.7141143005721987]}], "source": "action wait"}
{"timestamp": 1706200879.986244, "objects": [{"color": "cv_", "id_name": "hand", "shape": "CVCylinder", "id_string": "ob382", "world_size": [0.12, 0.005, 0.12], "id": 382, "camera_size": [78, 63], "camera_position": [240, 329], "world_position": [0.5836882060747174, 1.1979758169671415, -0.17412042344762493], "world_orientation": [0.0005363353627015746, 0.6697863490014886, 0.7425536741782609, -0.000565907768503923, -0.7425534587849251, 0.6697865634625275, 0.999999696046342, -0.0007794471121959494, -1.9220380504384412e-05], "world_rotation": [0.0, 1.0, 0.0, 0.0]}, {"color": "CVPurple", "id_name": "object92201371546917", "shape": "CVBox", "id_string": "ob526", "world_size": [0.11, 0.11, 0.11], "id": 526, "camera_size": [70, 100], "camera_position": [240, 306], "world_position": [0.6206259495606137, 1.1569125609392865, -0.17394092181115814], "world_orientation": [0.7420156266830396, -0.6703825845922654, 5.793981314284267e-06, 0.6703825842287864, 0.742015626519542, 2.7632330357844063e-05, -2.2823457718559975e-05, -1.661943676074525e-05, 0.9999999996014421], "world_rotation": [-3.300486029430361e-05, 2.1344109823424495e-05, 0.999999999227554, 0.7347242696939094]}], "source": "action wait"}
{"timestamp": 1706200880.021688, "objects": [{"color": "cv_", "id_name": "hand", "shape": "CVCylinder", "id_string": "ob382", "world_size": [0.12, 0.005, 0.12], "id": 382, "camera_size": [78, 64], "camera_position": [240, 333], "world_position": [0.5774885944217092, 1.2059390776592906, -0.17412146056822525], "world_orientation": [0.0005446031774840906, 0.6805102211367069, 0.7327383860122584, -0.0005555240048343125, -0.7327381757288373, 0.6805104387315862, 0.9999996974001838, -0.0007776619099376858, -2.1011775388757337e-05], "world_rotation": [0.0, 1.0, 0.0, 0.0]}, {"color": "CVPurple", "id_name": "object92201371546917", "shape": "CVBox", "id_string": "ob526", "world_size": [0.11, 0.11, 0.11], "id": 526, "camera_size": [72, 101], "camera_position": [240, 311], "world_position": [0.6149899869239703, 1.1654928884187497, -0.17400584493867927], "world_orientation": [0.732193352387314, -0.6810968320954047, 5.425025547948286e-06, 0.681096831672384, 0.7321933521739119, 3.0301326214729146e-05, -2.461030493472283e-05, -1.849146191049481e-05, 0.9999999995261996], "world_rotation": [-3.58192739988987e-05, 2.2049236650407812e-05, 0.9999999991154054, 0.7492596023034571]}], "source": "action wait"}
