{"timestamp": 1706069644.944261, "objects": [{"color": "cv_", "id_name": "hand", "shape": "CVCylinder", "id_string": "ob383", "world_size": [0.12, 0.005, 0.12], "id": 383, "camera_size": [48, 50], "camera_position": [246, 426], "world_position": [0.2676445155730211, 0.6334703011721018, -0.1738926040090087], "world_orientation": [-0.0006415518863518032, 0.19791547456950703, 0.980218880320668, -0.0007473676694449898, -0.9802189031849181, 0.19791499003492138, 0.9999995149262543, -0.0006056111649373235, 0.0007767769133525204], "world_rotation": [0.0, 1.0, 0.0, 0.0]}, {"color": "CVRed", "id_name": "object109155724924517", "shape": "CVSphere", "id_string": "ob1234", "world_size": [0.1, 0.1, 0.1], "id": 1234, "camera_size": [41, 41], "camera_position": [256, 254], "world_position": [0.705, 0.6498037994254439, -0.15], "world_orientation": [1.0, 8.100187187665134e-17, -1.2653630886983698e-17, -8.100187187665134e-17, 1.0, -1.9397816686250694e-16, 1.2653630886983698e-17, 1.9397816686250694e-16, 1.0], "world_rotation": [-0.9211093596285536, 0.06008602943210125, 0.38463907325148433, -2.1059189642881336e-16]}], "source": "action wait"}
{"timestamp": 1706069644.97687, "objects": [{"color": "cv_", "id_name": "hand", "shape": "CVCylinder", "id_string": "ob383", "world_size": [0.12, 0.005, 0.12], "id": 383, "camera_size": [49, 51], "camera_position": [246, 421], "world_position": [0.29096109727912806, 0.6676240904674502, -0.17395616860977203], "world_orientation": [-0.0003838844808549652, 0.19681950185343386, 0.9804396648049647, -0.0007155480367328096, -0.9804395401142142, 0.19681919665427847, 0.999999670311802, -0.0006259958421565296, 0.0005172093320088089], "world_rotation": [0.0, 1.0, 0.0, 0.0]}, {"color": "CVRed", "id_name": "object109155724924517", "shape": "CVSphere", "id_string": "ob1234", "world_size": [0.1, 0.1, 0.1], "id": 1234, "camera_size": [41, 41], "camera_position": [256, 254], "world_position": [0.705, 0.6498037994254439, -0.15], "world_orientation": [1.0, 8.100187187665134e-17, -1.2653630886983698e-17, -8.100187187665134e-17, 1.0, -1.9397816686250694e-16, 1.2653630886983698e-17, 1.9397816686250694e-16, 1.0], "world_rotation": [-0.9211093596285536, 0.06008602943210125, 0.38463907325148433, -2.1059189642881336e-16]}], "source": "action wait"}
{"timestamp": 1706069645.007578, "objects": [{"color": "cv_", "id_name": "hand", "shape": "CVCylinder", "id_string": "ob383", "world_size": [0.12, 0.005, 0.12], "id": 383, "camera_size": [51, 52], "camera_position": [246, 406], "world_position": [0.3369026096166818, 0.7054928828824747, -0.17398400333756606], "world_orientation": [-0.0002251360245585761, 0.184175069884045, 0.9828934290893278, -0.0007320260511347162, -0.9828932210042206, 0.18417486321919446, 0.9999997067257725, -0.0006780391990540224, 0.0003561056214675673], "world_rotation": [0.0, 1.0, 0.0, 0.0]}, {"color": "CVRed", "id_name": "object109155724924517", "shape": "CVSphere", "id_string": "ob1234", "world_size": [0.1, 0.1, 0.1], "id": 1234, "camera_size": [41, 41], "camera_position": [256, 254], "world_position": [0.705, 0.6498037994254439, -0.15], "world_orientation": [1.0, 8.100187187665134e-17, -1.2653630886983698e-17, -8.100187187665134e-17, 1.0, -1.9397816686250694e-16, 1.2653630886983698e-17, 1.9397816686250694e-16, 1.0], "world_rotation": [-0.9211093596285536, 0.06008602943210125, 0.38463907325148433, -2.1059189642881336e-16]}], "source": "action wait"}
{"timestamp": 1706069645.037572, "objects": [{"color": "cv_", "id_name": "hand", "shape": "CVCylinder", "id_string": "ob383", "world_size": [0.12, 0.005, 0.12], "id": 383, "camera_size": [51, 52], "camera_position": [246, 388], "world_position": [0.3873962862711904, 0.7385979181328883, -0.17400451749257084], "world_orientation": [-0.0001221880089444744, 0.1751697504524853, 0.9845382387680554, -0.0007432941681119554, -0.9845379900548434, 0.17516961395330222, 0.9999997162918948, -0.0007103979048032792, 0.00025050139067637746], "world_rotation": [0.0, 1.0, 0.0, 0.0]}, {"color": "CVRed", "id_name": "object109155724924517", "shape": "CVSphere", "id_string": "ob1234", "world_size": [0.1, 0.1, 0.1], "id": 1234, "camera_size": [41, 41], "camera_position": [256, 254], "world_position": [0.705, 0.6498037994254439, -0.15], "world_orientation": [1.0, 8.100187187665134e-17, -1.2653630886983698e-17, -8.100187187665134e-17, 1.0, -1.9397816686250694e-16, 1.2653630886983698e-17, 1.9397816686250694e-16, 1.0], "world_rotation": [-0.9211093596285536, 0.06008602943210125, 0.38463907325148433, -2.1059189642881336e-16]}], "source": "action wait"}
{"timestamp": 1706069645.069639, "objects": [{"color": "cv_", "id_name": "hand", "shape": "CVCylinder", "id_string": "ob383", "world_size": [0.12, 0.005, 0.12], "id": 383, "camera_size": [52, 53], "camera_position": [245, 368], "world_position": [0.4414629663688564, 0.7664983840753157, -0.17402301546741988], "world_orientation": [-4.974681163205019e-05, 0.16880695721828093, 0.9856491306342031, -0.0007506871700182386, -0.9856488604357226, 0.16880687305478528, 0.9999997169969738, -0.0007315165527909836, 0.00017575410518944252], "world_rotation": [0.0, 1.0, 0.0, 0.0]}, {"color": "CVRed", "id_name": "object109155724924517", "shape": "CVSphere", "id_string": "ob1234", "world_size": [0.1, 0.1, 0.1], "id": 1234, "camera_size": [41, 41], "camera_position": [256, 254], "world_position": [0.705, 0.6498037994254439, -0.15], "world_orientation": [1.0, 8.100187187665134e-17, -1.2653630886983698e-17, -8.100187187665134e-17, 1.0, -1.9397816686250694e-16, 1.2653630886983698e-17, 1.9397816686250694e-16, 1.0], "world_rotation": [-0.9211093596285536, 0.06008602943210125, 0.38463907325148433, -2.1059189642881336e-16]}], "source": "action wait"}
{"timestamp": 1706069645.101611, "objects": [{"color": "cv_", "id_name": "hand", "shape": "CVCylinder", "id_string": "ob383", "world_size": [0.12, 0.005, 0.12], "id": 383, "camera_size": [52, 53], "camera_position": [245, 344], "world_position": [0.49866359550327044, 0.7804787633379664, -0.1740382007144492], "world_orientation": [-6.88809905493972e-06, 0.1522871270759482, 0.9883362944258943, -0.0007644784114197868, -0.9883360064458854, 0.15228707737479774, 0.9999997077626137, -0.0007545127918378166, 0.0001232279772990823], "world_rotation": [0.0, 1.0, 0.0, 0.0]}, {"color": "CVRed", "id_name": "object109155724924517", "shape": "CVSphere", "id_string": "ob1234", "world_size": [0.1, 0.1, 0.1], "id": 1234, "camera_size": [41, 41], "camera_position": [256, 254], "world_position": [0.705, 0.6498037994254439, -0.15], "world_orientation": [1.0, 8.100187187665134e-17, -1.2653630886983698e-17, -8.100187187665134e-17, 1.0, -1.9397816686250694e-16, 1.2653630886983698e-17, 1.9397816686250694e-16, 1.0], "world_rotation": [-0.9211093596285536, 0.06008602943210125, 0.38463907325148433, -2.1059189642881336e-16]}], "source": "action wait"}
{"timestamp": 1706069645.136812, "objects": [{"color": "cv_", "id_name": "hand", "shape": "CVCylinder", "id_string": "ob383", "world_size": [0.12, 0.005, 0.12], "id": 383, "camera_size": [52, 53], "camera_position": [245, 318], "world_position": [0.5572632712560517, 0.7713710912819896, -0.1740500395811703], "world_orientation": [-9.824024891006651e-07, 0.11271516299947013, 0.9936273406207369, -0.0007770105514820685, -0.9936270407582442, 0.11271512821541674, 0.9999996981267735, -0.0007719481962812119, 8.855701264109104e-05], "world_rotation": [0.0, 1.0, 0.0, 0.0]}, {"color": "CVRed", "id_name": "object109155724924517", "shape": "CVSphere", "id_string": "ob1234", "world_size": [0.1, 0.1, 0.1], "id": 1234, "camera_size": [41, 41], "camera_position": [256, 254], "world_position": [0.705, 0.6498037994254439, -0.15], "world_orientation": [1.0, 8.100187187665134e-17, -1.2653630886983698e-17, -8.100187187665134e-17, 1.0, -1.9397816686250694e-16, 1.2653630886983698e-17, 1.9397816686250694e-16, 1.0], "world_rotation": [-0.9211093596285536, 0.06008602943210125, 0.38463907325148433, -2.1059189642881336e-16]}], "source": "action wait"}
{"timestamp": 1706069645.172692, "objects": [{"color": "cv_", "id_name": "hand", "shape": "CVCylinder", "id_string": "ob383", "world_size": [0.12, 0.005, 0.12], "id": 383, "camera_size": [52, 52], "camera_position": [245, 297], "world_position": [0.6024834144094859, 0.757367454974537, -0.17405568250214074], "world_orientation": [-1.5668707363871978e-05, 0.07903843812626993, 0.9968715689862218, -0.0007751443936429895, -0.9968712705839506, 0.07903840228337815, 0.9999996994527852, -0.0007714809782861699, 7.688588641449957e-05], "world_rotation": [0.0, 1.0, 0.0, 0.0]}, {"color": "CVRed", "id_name": "object109155724924517", "shape": "CVSphere", "id_string": "ob1234", "world_size": [0.1, 0.1, 0.1], "id": 1234, "camera_size": [41, 41], "camera_position": [256, 254], "world_position": [0.705, 0.6498037994254439, -0.15], "world_orientation": [1.0, 8.100187187665134e-17, -1.2653630886983698e-17, -8.100187187665134e-17, 1.0, -1.9397816686250694e-16, 1.2653630886983698e-17, 1.9397816686250694e-16, 1.0], "world_rotation": [-0.9211093596285536, 0.06008602943210125, 0.38463907325148433, -2.1059189642881336e-16]}], "source": "action wait"}
{"timestamp": 1706069645.206356, "objects": [{"color": "cv_", "id_name": "hand", "shape": "CVCylinder", "id_string": "ob383", "world_size": [0.12, 0.005, 0.12], "id": 383, "camera_size": [51, 51], "camera_position": [246, 284], "world_position": [0.6342003981848586, 0.7450394821950211, -0.17406338095506496], "world_orientation": [-2.2191001414280407e-05, 0.05523965207793015, 0.998473124498536, -0.0007712529416212782, -0.9984728287283222, 0.05523961857365484, 0.9999997023381855, -0.0007688495119457119, 6.476085611405422e-05], "world_rotation": [0.0, 1.0, 0.0, 0.0]}, {"color": "CVRed", "id_name": "object109155724924517", "shape": "CVSphere", "id_string": "ob1234", "world_size": [0.1, 0.1, 0.1], "id": 1234, "camera_size": [41, 41], "camera_position": [256, 254], "world_position": [0.705, 0.6498037994254439, -0.15], "world_orientation": [1.0, 8.100187187665134e-17, -1.2653630886983698e-17, -8.100187187665134e-17, 1.0, -1.9397816686250694e-16, 1.2653630886983698e-17, 1.9397816686250694e-16, 1.0], "world_rotation": [-0.9211093596285536, 0.06008602943210125, 0.38463907325148433, -2.1059189642881336e-16]}], "source": "action wait"}
{"timestamp": 1706069645.238562, "objects": [{"color": "cv_", "id_name": "hand", "shape": "CVCylinder", "id_string": "ob383", "world_size": [0.12, 0.005, 0.12], "id": 383, "camera_size": [51, 50], "camera_position": [246, 274], "world_position": [0.6563837795128927, 0.7351612474059449, -0.17407126542291176], "world_orientation": [-2.373388049751812e-05, 0.03844540640727792, 0.9992607018005272, -0.0007677628105024746, -0.9992604082705023, 0.03844537687857589, 0.9999997049884414, -0.0007662827468589225, 5.32332803903327e-05], "world_rotation": [0.0, 1.0, 0.0, 0.0]}, {"color": "CVRed", "id_name": "object109155724924517", "shape": "CVSphere", "id_string": "ob1234", "world_size": [0.1, 0.1, 0.1], "id": 1234, "camera_size": [41, 41], "camera_position": [256, 254], "world_position": [0.705, 0.6498037994254439, -0.15], "world_orientation": [1.0, 8.100187187665134e-17, -1.2653630886983698e-17, -8.100187187665134e-17, 1.0, -1.9397816686250694e-16, 1.2653630886983698e-17, 1.9397816686250694e-16, 1.0], "world_rotation": [-0.9211093596285536, 0.06008602943210125, 0.38463907325148433, -2.1059189642881336e-16]}], "source": "action wait"}
{"timestamp": 1706069645.269454, "objects": [{"color": "cv_", "id_name": "hand", "shape": "CVCylinder", "id_string": "ob383", "world_size": [0.12, 0.005, 0.12], "id": 383, "camera_size": [51, 51], "camera_position": [246, 268], "world_position": [0.6718995592526713, 0.7276310646840278, -0.17407837592636424], "world_orientation": [-2.268931329753523e-05, 0.026601880708165472, 0.9996461070938973, -0.0007652657692864148, -0.9996458151008402, 0.02660185556834977, 0.9999997069267058, -0.0007643913693244484, 4.3038785790366454e-05], "world_rotation": [0.0, 1.0, 0.0, 0.0]}, {"color": "CVRed", "id_name": "object109155724924517", "shape": "CVSphere", "id_string": "ob1234", "world_size": [0.1, 0.1, 0.1], "id": 1234, "camera_size": [41, 41], "camera_position": [256, 254], "world_position": [0.705, 0.6498037994254439, -0.15], "world_orientation": [1.0, 8.100187187665134e-17, -1.2653630886983698e-17, -8.100187187665134e-17, 1.0, -1.9397816686250694e-16, 1.2653630886983698e-17, 1.9397816686250694e-16, 1.0], "world_rotation": [-0.9211093596285536, 0.06008602943210125, 0.38463907325148433, -2.1059189642881336e-16]}], "source": "action wait"}
{"timestamp": 1706069645.298128, "objects": [{"color": "cv_", "id_name": "hand", "shape": "CVCylinder", "id_string": "ob383", "world_size": [0.12, 0.005, 0.12], "id": 383, "camera_size": [51, 50], "camera_position": [246, 263], "world_position": [0.6827624568348631, 0.7220567436544622, -0.1740843840073737], "world_orientation": [-2.0483259206900397e-05, 0.01825232243119669, 0.9998334122774172, -0.0007637015216393496, -0.9998331212012176, 0.01825230147179261, 0.9999997081701685, -0.0007632004317203292, 3.4419167399736587e-05], "world_rotation": [0.0, 1.0, 0.0, 0.0]}, {"color": "CVRed", "id_name": "object109155724924517", "shape": "CVSphere", "id_string": "ob1234", "world_size": [0.1, 0.1, 0.1], "id": 1234, "camera_size": [41, 41], "camera_position": [256, 254], "world_position": [0.705, 0.6498037994254439, -0.15], "world_orientation": [1.0, 8.100187187665134e-17, -1.2653630886983698e-17, -8.100187187665134e-17, 1.0, -1.9397816686250694e-16, 1.2653630886983698e-17, 1.9397816686250694e-16, 1.0], "world_rotation": [-0.9211093596285536, 0.06008602943210125, 0.38463907325148433, -2.1059189642881336e-16]}], "source": "action wait"}
{"timestamp": 1706069645.330431, "objects": [{"color": "cv_", "id_name": "hand", "shape": "CVCylinder", "id_string": "ob383", "world_size": [0.12, 0.005, 0.12], "id": 383, "camera_size": [51, 51], "camera_position": [246, 260], "world_position": [0.690376994775691, 0.7180049644326278, -0.17408926758145943], "world_orientation": [-1.791885252067715e-05, 0.012366827604422601, 0.9999235277029527, -0.0007628325332721525, -0.9999232370979968, 0.012366810340157677, 0.9999997088826782, -0.0007625525986657741, 2.735129544794763e-05], "world_rotation": [0.0, 1.0, 0.0, 0.0]}, {"color": "CVRed", "id_name": "object109155724924517", "shape": "CVSphere", "id_string": "ob1234", "world_size": [0.1, 0.1, 0.1], "id": 1234, "camera_size": [41, 41], "camera_position": [256, 254], "world_position": [0.705, 0.6498037994254439, -0.15], "world_orientation": [1.0, 8.100187187665134e-17, -1.2653630886983698e-17, -8.100187187665134e-17, 1.0, -1.9397816686250694e-16, 1.2653630886983698e-17, 1.9397816686250694e-16, 1.0], "world_rotation": [-0.9211093596285536, 0.06008602943210125, 0.38463907325148433, -2.1059189642881336e-16]}], "source": "action wait"}
{"timestamp": 1706069645.364024, "objects": [{"color": "cv_", "id_name": "hand", "shape": "CVCylinder", "id_string": "ob383", "world_size": [0.12, 0.005, 0.12], "id": 383, "camera_size": [50, 50], "camera_position": [245, 257], "world_position": [0.6957206319648028, 0.7150942910185365, -0.17409313844805152], "world_orientation": [-1.541794208813837e-05, 0.008218454734773534, 0.9999662278117496, -0.0007624224932202299, -0.999965937392954, 0.008218440592516708, 0.9999997092370723, -0.0007622700331034948, 2.168335166250644e-05], "world_rotation": [0.0, 1.0, 0.0, 0.0]}, {"color": "CVRed", "id_name": "object109155724924517", "shape": "CVSphere", "id_string": "ob1234", "world_size": [0.1, 0.1, 0.1], "id": 1234, "camera_size": [41, 41], "camera_position": [256, 254], "world_position": [0.705, 0.6498037994254439, -0.15], "world_orientation": [1.0, 8.100187187665134e-17, -1.2653630886983698e-17, -8.100187187665134e-17, 1.0, -1.9397816686250694e-16, 1.2653630886983698e-17, 1.9397816686250694e-16, 1.0], "world_rotation": [-0.9211093596285536, 0.06008602943210125, 0.38463907325148433, -2.1059189642881336e-16]}], "source": "action wait"}
{"timestamp": 1706069645.397808, "objects": [{"color": "cv_", "id_name": "hand", "shape": "CVCylinder", "id_string": "ob383", "world_size": [0.12, 0.005, 0.12], "id": 383, "camera_size": [50, 50], "camera_position": [245, 256], "world_position": [0.6994742684184772, 0.7130194073273106, -0.1740961539360275], "world_orientation": [-1.3178075876716571e-05, 0.005294521606486735, 0.999985983835422, -0.0007622887543793874, -0.9999856934373953, 0.005294510023307072, 0.9999997093710545, -0.000762208298560308, 1.7213841624558754e-05], "world_rotation": [0.0, 1.0, 0.0, 0.0]}, {"color": "CVRed", "id_name": "object109155724924517", "shape": "CVSphere", "id_string": "ob1234", "world_size": [0.1, 0.1, 0.1], "id": 1234, "camera_size": [41, 41], "camera_position": [256, 254], "world_position": [0.705, 0.6498037994254439, -0.15], "world_orientation": [1.0, 8.100187187665134e-17, -1.2653630886983698e-17, -8.100187187665134e-17, 1.0, -1.9397816686250694e-16, 1.2653630886983698e-17, 1.9397816686250694e-16, 1.0], "world_rotation": [-0.9211093596285536, 0.06008602943210125, 0.38463907325148433, -2.1059189642881336e-16]}], "source": "action wait"}
{"timestamp": 1706069645.434351, "objects": [{"color": "cv_", "id_name": "hand", "shape": "CVCylinder", "id_string": "ob383", "world_size": [0.12, 0.005, 0.12], "id": 383, "camera_size": [49, 50], "camera_position": [246, 255], "world_position": [0.7021130883977105, 0.7115478315731331, -0.17409847404465775], "world_orientation": [-1.1270270685883558e-05, 0.003233598775676979, 0.9999947718423027, -0.0007623061966761762, -0.9999944813797012, 0.0032335892449908204, 0.9999997093810796, -0.0007622657677934735, 1.373520087416743e-05], "world_rotation": [0.0, 1.0, 0.0, 0.0]}, {"color": "CVRed", "id_name": "object109155724924517", "shape": "CVSphere", "id_string": "ob1234", "world_size": [0.1, 0.1, 0.1], "id": 1234, "camera_size": [41, 41], "camera_position": [256, 254], "world_position": [0.705, 0.6498037994254439, -0.15], "world_orientation": [1.0, 8.100187187665134e-17, -1.2653630886983698e-17, -8.100187187665134e-17, 1.0, -1.9397816686250694e-16, 1.2653630886983698e-17, 1.9397816686250694e-16, 1.0], "world_rotation": [-0.9211093596285536, 0.06008602943210125, 0.38463907325148433, -2.1059189642881336e-16]}], "source": "action wait"}
{"timestamp": 1706069645.470053, "objects": [{"color": "cv_", "id_name": "hand", "shape": "CVCylinder", "id_string": "ob383", "world_size": [0.12, 0.005, 0.12], "id": 383, "camera_size": [49, 50], "camera_position": [246, 254], "world_position": [0.7039693482980187, 0.710507642496642, -0.17410024272109706], "world_orientation": [-9.698087858132878e-06, 0.0017809340749962426, 0.9999984140886263, -0.0007623958142160391, -0.9999981235255503, 0.0017809261637287733, 0.9999997093292426, -0.0007623773335457954, 1.105584634445556e-05], "world_rotation": [0.0, 1.0, 0.0, 0.0]}, {"color": "CVRed", "id_name": "object109155724924517", "shape": "CVSphere", "id_string": "ob1234", "world_size": [0.1, 0.1, 0.1], "id": 1234, "camera_size": [41, 41], "camera_position": [256, 254], "world_position": [0.705, 0.6498037994254439, -0.15], "world_orientation": [1.0, 8.100187187665134e-17, -1.2653630886983698e-17, -8.100187187665134e-17, 1.0, -1.9397816686250694e-16, 1.2653630886983698e-17, 1.9397816686250694e-16, 1.0], "world_rotation": [-0.9211093596285536, 0.06008602943210125, 0.38463907325148433, -2.1059189642881336e-16]}], "source": "action wait"}
{"timestamp": 1706069645.506945, "objects": [{"color": "cv_", "id_name": "hand", "shape": "CVCylinder", "id_string": "ob383", "world_size": [0.12, 0.005, 0.12], "id": 383, "camera_size": [49, 50], "camera_position": [246, 253], "world_position": [0.7052757631912505, 0.7097739928419985, -0.17410158152770172], "world_orientation": [-8.432328752778765e-06, 0.0007569801078166134, 0.9999997134549652, -0.0007625111688745783, -0.9999994227837841, 0.0007569734580379374, 0.9999997092527645, -0.0007625045673320974, 9.009529672692479e-06], "world_rotation": [0.0, 1.0, 0.0, 0.0]}, {"color": "CVRed", "id_name": "object109155724924517", "shape": "CVSphere", "id_string": "ob1234", "world_size": [0.1, 0.1, 0.1], "id": 1234, "camera_size": [41, 41], "camera_position": [256, 254], "world_position": [0.705, 0.6498037994254439, -0.15], "world_orientation": [1.0, 8.100187187665134e-17, -1.2653630886983698e-17, -8.100187187665134e-17, 1.0, -1.9397816686250694e-16, 1.2653630886983698e-17, 1.9397816686250694e-16, 1.0], "world_rotation": [-0.9211093596285536, 0.06008602943210125, 0.38463907325148433, -2.1059189642881336e-16]}], "source": "action wait"}
{"timestamp": 1706069645.536817, "objects": [{"color": "cv_", "id_name": "hand", "shape": "CVCylinder", "id_string": "ob383", "world_size": [0.12, 0.005, 0.12], "id": 383, "camera_size": [49, 50], "camera_position": [246, 253], "world_position": [0.7061955581058839, 0.7092572728055201, -0.1741025893179994], "world_orientation": [-7.430734463419311e-06, 3.51956943143005e-05, 0.9999999993530236, -0.0007626270906907418, -0.9999997085807493, 3.519001720132622e-05, 0.9999997091723101, -0.0007626268287100376, 7.457573488284244e-06], "world_rotation": [0.0, 1.0, 0.0, 0.0]}, {"color": "CVRed", "id_name": "object109155724924517", "shape": "CVSphere", "id_string": "ob1234", "world_size": [0.1, 0.1, 0.1], "id": 1234, "camera_size": [41, 41], "camera_position": [256, 254], "world_position": [0.705, 0.6498037994254439, -0.15], "world_orientation": [1.0, 8.100187187665134e-17, -1.2653630886983698e-17, -8.100187187665134e-17, 1.0, -1.9397816686250694e-16, 1.2653630886983698e-17, 1.9397816686250694e-16, 1.0], "world_rotation": [-0.9211093596285536, 0.06008602943210125, 0.38463907325148433, -2.1059189642881336e-16]}], "source": "action wait"}
{"timestamp": 1706069645.56332, "objects": [{"color": "cv_", "id_name": "hand", "shape": "CVCylinder", "id_string": "ob383", "world_size": [0.12, 0.005, 0.12], "id": 383, "camera_size": [49, 50], "camera_position": [246, 253], "world_position": [0.7068433464821827, 0.7088936543442546, -0.1741033445310088], "world_orientation": [-6.648652432085378e-06, -0.0004736035475577621, 0.9999998878277314, -0.0007627314714880167, -0.9999995969677734, -0.00047360848094213186, 0.9999997090982067, -0.0007627345347892389, 6.287417422097605e-06], "world_rotation": [0.0, 1.0, 0.0, 0.0]}, {"color": "CVRed", "id_name": "object109155724924517", "shape": "CVSphere", "id_string": "ob1234", "world_size": [0.1, 0.1, 0.1], "id": 1234, "camera_size": [41, 41], "camera_position": [256, 254], "world_position": [0.705, 0.6498037994254439, -0.15], "world_orientation": [1.0, 8.100187187665134e-17, -1.2653630886983698e-17, -8.100187187665134e-17, 1.0, -1.9397816686250694e-16, 1.2653630886983698e-17, 1.9397816686250694e-16, 1.0], "world_rotation": [-0.9211093596285536, 0.06008602943210125, 0.38463907325148433, -2.1059189642881336e-16]}], "source": "action wait"}
{"timestamp": 1706069645.595049, "objects": [{"color": "cv_", "id_name": "hand", "shape": "CVCylinder", "id_string": "ob383", "world_size": [0.12, 0.005, 0.12], "id": 383, "camera_size": [49, 49], "camera_position": [246, 253], "world_position": [0.7072996781921946, 0.7086379019631772, -0.17410390836557563], "world_orientation": [-6.044382540826422e-06, -0.0008322749795928066, 0.999999653640852, -0.0007628197604178568, -0.9999993627083468, -0.0008322793482325358, 0.9999997090346969, -0.0007628245268233766, 5.409502888621068e-06], "world_rotation": [0.0, 1.0, 0.0, 0.0]}, {"color": "CVRed", "id_name": "object109155724924517", "shape": "CVSphere", "id_string": "ob1234", "world_size": [0.1, 0.1, 0.1], "id": 1234, "camera_size": [41, 41], "camera_position": [256, 254], "world_position": [0.705, 0.6498037994254439, -0.15], "world_orientation": [1.0, 8.100187187665134e-17, -1.2653630886983698e-17, -8.100187187665134e-17, 1.0, -1.9397816686250694e-16, 1.2653630886983698e-17, 1.9397816686250694e-16, 1.0], "world_rotation": [-0.9211093596285536, 0.06008602943210125, 0.38463907325148433, -2.1059189642881336e-16]}], "source": "action wait"}
{"timestamp": 1706069645.636396, "objects": [{"color": "cv_", "id_name": "hand", "shape": "CVCylinder", "id_string": "ob383", "world_size": [0.12, 0.005, 0.12], "id": 383, "camera_size": [49, 50], "camera_position": [246, 252], "world_position": [0.7076212019066231, 0.7084580628407696, -0.17410432799383693], "world_orientation": [-5.581477053427114e-06, -0.001085121970971599, 0.9999994112394043, -0.0007628914770410692, -0.9999991202487863, -0.0010851259132745456, 0.9999997089826784, -0.0007628970844863798, 4.753641840275541e-06], "world_rotation": [0.0, 1.0, 0.0, 0.0]}, {"color": "CVRed", "id_name": "object109155724924517", "shape": "CVSphere", "id_string": "ob1234", "world_size": [0.1, 0.1, 0.1], "id": 1234, "camera_size": [41, 41], "camera_position": [256, 254], "world_position": [0.705, 0.6498037994254439, -0.15], "world_orientation": [1.0, 8.100187187665134e-17, -1.2653630886983698e-17, -8.100187187665134e-17, 1.0, -1.9397816686250694e-16, 1.2653630886983698e-17, 1.9397816686250694e-16, 1.0], "world_rotation": [-0.9211093596285536, 0.06008602943210125, 0.38463907325148433, -2.1059189642881336e-16]}], "source": "action wait"}
{"timestamp": 1706069646.684848, "objects": [{"color": "cv_", "id_name": "hand", "shape": "CVCylinder", "id_string": "ob383", "world_size": [0.12, 0.005, 0.12], "id": 383, "camera_size": [49, 50], "camera_position": [246, 252], "world_position": [0.7083890571992603, 0.7080318084704951, -0.1741055117507649], "world_orientation": [-4.183883041836879e-06, -0.0016893733509392164, 0.99999857299907, -0.0007631194058666427, -0.999998281827188, -0.0016893760518470495, 0.9999997088155913, -0.0007631253850467203, 2.894682265710768e-06], "world_rotation": [0.0, 1.0, 0.0, 0.0]}, {"color": "CVRed", "id_name": "object109155724924517", "shape": "CVSphere", "id_string": "ob1234", "world_size": [0.1, 0.1, 0.1], "id": 1234, "camera_size": [41, 41], "camera_position": [256, 254], "world_position": [0.705, 0.6498037994254439, -0.15], "world_orientation": [1.0, 8.100187187665134e-17, -1.2653630886983698e-17, -8.100187187665134e-17, 1.0, -1.9397816686250694e-16, 1.2653630886983698e-17, 1.9397816686250694e-16, 1.0], "world_rotation": [-0.9211093596285536, 0.06008602943210125, 0.38463907325148433, -2.1059189642881336e-16]}], "source": "action wait"}
{"timestamp": 1706069646.72133, "objects": [{"color": "cv_", "id_name": "hand", "shape": "CVCylinder", "id_string": "ob383", "world_size": [0.12, 0.005, 0.12], "id": 383, "camera_size": [51, 50], "camera_position": [246, 251], "world_position": [0.7110196969977958, 0.7301064879797339, -0.17409366501684626], "world_orientation": [1.635830953823213e-05, 0.030592205395567375, 0.9995319488147646, -0.0007432709388985552, -0.9995316724799442, 0.030592209102267183, 0.9999997236403204, -0.0007434234868809588, 6.387648735990319e-06], "world_rotation": [0.0, 1.0, 0.0, 0.0]}, {"color": "CVRed", "id_name": "object109155724924517", "shape": "CVSphere", "id_string": "ob1234", "world_size": [0.1, 0.1, 0.1], "id": 1234, "camera_size": [42, 44], "camera_position": [252, 251], "world_position": [0.7104384189436326, 0.6748085756588504, -0.1586623932007741], "world_orientation": [0.9994891672545827, -0.03195941995160393, -4.134948582578166e-06, 0.03195942006633598, 0.9994891667617736, 3.154170903247375e-05, 3.1247815884436588e-06, -3.1657747053356864e-05, 0.9999999994940114], "world_rotation": [0.0009887448640814249, 0.00011357725787175112, -0.9999995047417775, -0.03196487893013511]}], "source": "action wait"}
{"timestamp": 1706069646.754262, "objects": [{"color": "cv_", "id_name": "hand", "shape": "CVCylinder", "id_string": "ob383", "world_size": [0.12, 0.005, 0.12], "id": 383, "camera_size": [52, 52], "camera_position": [245, 249], "world_position": [0.7147351860163887, 0.7829086644016063, -0.1741081632671756], "world_orientation": [7.603082951224604e-05, 0.10658108333717405, 0.9943040113033778, -0.000725814613482374, -0.9943037463925364, 0.10658111044136223, 0.9999997337061944, -0.00072978383188565, 1.7603691819503737e-06], "world_rotation": [0.0, 1.0, 0.0, 0.0]}, {"color": "CVRed", "id_name": "object109155724924517", "shape": "CVSphere", "id_string": "ob1234", "world_size": [0.1, 0.1, 0.1], "id": 1234, "camera_size": [44, 48], "camera_position": [249, 247], "world_position": [0.7187336868191392, 0.7295619830707201, -0.16423093344881098], "world_orientation": [0.9941794746042457, -0.10773658737913563, -3.940033027223742e-06, 0.1077365874365818, 0.994179473202645, 5.2820745048434886e-05, -1.7736268549354414e-06, -5.2937786273198315e-05, 0.9999999985972226], "world_rotation": [0.0004908198835790192, 1.0054179194618868e-05, -0.9999998794973703, -0.10794611619181475]}], "source": "action wait"}
{"timestamp": 1706069646.787793, "objects": [{"color": "cv_", "id_name": "hand", "shape": "CVCylinder", "id_string": "ob383", "world_size": [0.12, 0.005, 0.12], "id": 383, "camera_size": [56, 55], "camera_position": [244, 250], "world_position": [0.7134350484097648, 0.8529651330227125, -0.17411337254324546], "world_orientation": [0.00015089677262866368, 0.20574140014450848, 0.9786063833312867, -0.0007192779058708328, -0.9786061189958583, 0.20574145548031522, 0.9999997299346928, -0.0007349356717025423, 3.1673841616959245e-07], "world_rotation": [0.0, 1.0, 0.0, 0.0]}, {"color": "CVRed", "id_name": "object109155724924517", "shape": "CVSphere", "id_string": "ob1234", "world_size": [0.1, 0.1, 0.1], "id": 1234, "camera_size": [46, 54], "camera_position": [247, 245], "world_position": [0.7229340825164843, 0.8013546984735085, -0.16779115323584284], "world_orientation": [0.9783938399686551, -0.20674983398649693, -7.612206219041917e-06, 0.20674983409946313, 0.9783938385800462, 5.22345372314753e-05, -3.351746238257689e-06, -5.2679771833806606e-05, 0.9999999986068039], "world_rotation": [0.0002537228292549904, 1.0303417807189766e-05, -0.9999999677592822, -0.20825185333709084]}], "source": "action wait"}
{"timestamp": 1706069646.82031, "objects": [{"color": "cv_", "id_name": "hand", "shape": "CVCylinder", "id_string": "ob383", "world_size": [0.12, 0.005, 0.12], "id": 383, "camera_size": [59, 57], "camera_position": [244, 254], "world_position": [0.7046671632536069, 0.9225479057417145, -0.1741146256882525], "world_orientation": [0.00022597625867851163, 0.3028602457355278, 0.9530349523956329, -0.0007089031863103009, -0.9530346887414227, 0.30286033003979274, 0.9999997231954632, -0.0007440487587031202, -6.646201435239361e-07], "world_rotation": [0.0, 1.0, 0.0, 0.0]}, {"color": "CVRed", "id_name": "object109155724924517", "shape": "CVSphere", "id_string": "ob1234", "world_size": [0.1, 0.1, 0.1], "id": 1234, "camera_size": [49, 62], "camera_position": [246, 246], "world_position": [0.7194046243276314, 0.8728352419815276, -0.17006772579508456], "world_orientation": [0.9527479386206682, -0.30376202092050425, -1.0017914993317437e-05, 0.30376202105419475, 0.9527479375287674, 4.582303913297922e-05, -4.3747511235314e-06, -4.670086818039938e-05, 0.9999999988999453], "world_rotation": [0.00015229669913248862, 9.288790918883546e-06, -0.9999999883597168, -0.30863878609396356]}], "source": "action wait"}
{"timestamp": 1706069646.851554, "objects": [{"color": "cv_", "id_name": "hand", "shape": "CVCylinder", "id_string": "ob383", "world_size": [0.12, 0.005, 0.12], "id": 383, "camera_size": [62, 59], "camera_position": [243, 262], "world_position": [0.6886977740366643, 0.990822298710312, -0.1741150224216014], "world_orientation": [0.00029982386084066585, 0.3969185146039993, 0.9178538025580149, -0.0006878210792744067, -0.9178535448409766, 0.39691862783827203, 0.9999997185038682, -0.0007503248685298212, -2.1854724010994855e-06], "world_rotation": [0.0, 1.0, 0.0, 0.0]}, {"color": "CVRed", "id_name": "object109155724924517", "shape": "CVSphere", "id_string": "ob1234", "world_size": [0.1, 0.1, 0.1], "id": 1234, "camera_size": [52, 68], "camera_position": [244, 251], "world_position": [0.7084167653808059, 0.9432766166583436, -0.1715242330092302], "world_orientation": [0.9174992584887465, -0.39773748948413673, -1.1465456156932535e-05, 0.3977374896056702, 0.9174992575792512, 4.1275933027804425e-05, -5.89743846680124e-06, -4.243087969548395e-05, 0.9999999990824203], "world_rotation": [0.00010522871800891838, 6.999613822597328e-06, -0.9999999944389611, -0.40904957307360185]}], "source": "action wait"}
{"timestamp": 1706069646.881732, "objects": [{"color": "cv_", "id_name": "hand", "shape": "CVCylinder", "id_string": "ob383", "world_size": [0.12, 0.005, 0.12], "id": 383, "camera_size": [66, 59], "camera_position": [242, 275], "world_position": [0.665791323264513, 1.057101363200769, -0.17411524568358142], "world_orientation": [0.0003710816154707123, 0.4869706976150971, 0.8734182285495878, -0.0006573837992574324, -0.8734179811665791, 0.486970838984675, 0.999999715072447, -0.0007548769190423271, -3.982708106712841e-06], "world_rotation": [0.0, 1.0, 0.0, 0.0]}, {"color": "CVRed", "id_name": "object109155724924517", "shape": "CVSphere", "id_string": "ob1234", "world_size": [0.1, 0.1, 0.1], "id": 1234, "camera_size": [55, 75], "camera_position": [244, 261], "world_position": [0.6902237465781423, 1.0120534962477363, -0.1724563198401657], "world_orientation": [0.873000191805247, -0.4877198631943748, -1.2396058162059297e-05, 0.48771986329144495, 0.8730001910148448, 3.793440034591391e-05, -7.679599403760891e-06, -3.9162542570152234e-05, 0.9999999992036596], "world_rotation": [7.90381410362543e-05, 4.835212894704585e-06, -0.9999999968647966, -0.509476003449092]}], "source": "action wait"}
{"timestamp": 1706069646.912987, "objects": [{"color": "cv_", "id_name": "hand", "shape": "CVCylinder", "id_string": "ob383", "world_size": [0.12, 0.005, 0.12], "id": 383, "camera_size": [71, 61], "camera_position": [242, 290], "world_position": [0.6419241157880013, 1.108449591051852, -0.17411444464491643], "world_orientation": [0.0004329780606700915, 0.5559723639207285, 0.8312006635502621, -0.0006365055939471133, -0.8312004198646493, 0.5559725324847079, 0.99999970369527, -0.0007697877809434656, -6.012026105117389e-06], "world_rotation": [0.0, 1.0, 0.0, 0.0]}, {"color": "CVRed", "id_name": "object109155724924517", "shape": "CVSphere", "id_string": "ob1234", "world_size": [0.1, 0.1, 0.1], "id": 1234, "camera_size": [58, 80], "camera_position": [242, 273], "world_position": [0.6698998938088254, 1.0658191167804498, -0.17305246541684005], "world_orientation": [0.8307357578246383, -0.5566669566594415, -5.91941593972943e-06, 0.5566669566068296, 0.8307357574673636, 2.6214799498112394e-05, -9.675442171596168e-06, -2.5072714583344485e-05, 0.9999999996388724], "world_rotation": [-4.606660536934472e-05, 3.3736744952290516e-06, 0.9999999989332432, 0.5903682236854192]}], "source": "action wait"}
{"timestamp": 1706069646.946729, "objects": [{"color": "cv_", "id_name": "hand", "shape": "CVCylinder", "id_string": "ob383", "world_size": [0.12, 0.005, 0.12], "id": 383, "camera_size": [73, 61], "camera_position": [241, 303], "world_position": [0.6222088388270306, 1.1431648550519666, -0.17411524750733226], "world_orientation": [0.00047632841283149434, 0.6024944967178641, 0.7981228943815168, -0.0006149829492141985, -0.7981226575063022, 0.6024946849317848, 0.9999996974535619, -0.0007778173084351568, -9.644656217446282e-06], "world_rotation": [0.0, 1.0, 0.0, 0.0]}, {"color": "CVRed", "id_name": "object109155724924517", "shape": "CVSphere", "id_string": "ob1234", "world_size": [0.1, 0.1, 0.1], "id": 1234, "camera_size": [60, 84], "camera_position": [241, 284], "world_position": [0.65251589696242, 1.1024856650725874, -0.17343520679129815], "world_orientation": [0.7976276593693477, -0.6031501612442594, -2.7131977726239673e-09, 0.6031501610980581, 0.7976276591759068, 2.202158638334996e-05, -1.3280159256383649e-05, -1.7566662868224975e-05, 0.9999999997575248], "world_rotation": [-3.2817904873794934e-05, 1.1006749981526531e-05, 0.9999999994009183, 0.6474446527498015]}], "source": "action wait"}
{"timestamp": 1706069646.981223, "objects": [{"color": "cv_", "id_name": "hand", "shape": "CVCylinder", "id_string": "ob383", "world_size": [0.12, 0.005, 0.12], "id": 383, "camera_size": [75, 62], "camera_position": [241, 312], "world_position": [0.6069762310161113, 1.1668037242904818, -0.1741167955621424], "world_orientation": [0.0005053047645783535, 0.6341356917212295, 0.7732216171010304, -0.000595041586992601, -0.7732213882561336, 0.634135892903696, 0.999999695296256, -0.0007805309062112538, -1.33753431887174e-05], "world_rotation": [0.0, 1.0, 0.0, 0.0]}, {"color": "CVRed", "id_name": "object109155724924517", "shape": "CVSphere", "id_string": "ob1234", "world_size": [0.1, 0.1, 0.1], "id": 1234, "camera_size": [62, 87], "camera_position": [241, 294], "world_position": [0.6388374955127286, 1.1276069128312822, -0.17368105745098564], "world_orientation": [0.772706149308645, -0.6347638984759856, 3.489286713828036e-06, 0.6347638982581618, 0.7727061491672804, 2.252054562579552e-05, -1.699142263721888e-05, -1.5186890854228207e-05, 0.999999999740325], "world_rotation": [-2.970193843371227e-05, 1.6132541084987804e-05, 0.9999999994287678, 0.6877029305003206]}], "source": "action wait"}
{"timestamp": 1706069647.016319, "objects": [{"color": "cv_", "id_name": "hand", "shape": "CVCylinder", "id_string": "ob383", "world_size": [0.12, 0.005, 0.12], "id": 383, "camera_size": [76, 62], "camera_position": [240, 320], "world_position": [0.5956202704268453, 1.1830319809965453, -0.17411836827579086], "world_orientation": [0.0005243335410909552, 0.6558365353830344, 0.7549027513071574, -0.0005784282909058568, -0.7549025298824793, 0.6558367447755157, 0.9999996952474787, -0.0007805343110044587, -1.6466310396072832e-05], "world_rotation": [0.0, 1.0, 0.0, 0.0]}, {"color": "CVRed", "id_name": "object109155724924517", "shape": "CVSphere", "id_string": "ob1234", "world_size": [0.1, 0.1, 0.1], "id": 1234, "camera_size": [63, 89], "camera_position": [241, 301], "world_position": [0.6285319558457787, 1.1449250994389917, -0.17383888727817057], "world_orientation": [0.7543734677749472, -0.6564454821932049, 5.033089191375639e-06, 0.6564454819057003, 0.7543734676346178, 2.4789421183474496e-05, -2.0069732488288717e-05, -1.539653296260443e-05, 0.9999999996800764], "world_rotation": [-3.0608752149870736e-05, 1.9120263867872352e-05, 0.9999999993487599, 0.7160971632457287]}], "source": "action wait"}
{"timestamp": 1706069647.049319, "objects": [{"color": "cv_", "id_name": "hand", "shape": "CVCylinder", "id_string": "ob383", "world_size": [0.12, 0.005, 0.12], "id": 383, "camera_size": [77, 62], "camera_position": [241, 326], "world_position": [0.5873312702135925, 1.1942516921501, -0.17411969276315892], "world_orientation": [0.0005366948236856465, 0.6708244725318614, 0.7416159646414148, -0.0005653405330059047, -0.7416157493970018, 0.6708246869610612, 0.9999996961743279, -0.0007792937018286393, -1.87770690100437e-05], "world_rotation": [0.0, 1.0, 0.0, 0.0]}, {"color": "CVRed", "id_name": "object109155724924517", "shape": "CVSphere", "id_string": "ob1234", "world_size": [0.1, 0.1, 0.1], "id": 1234, "camera_size": [63, 91], "camera_position": [241, 306], "world_position": [0.6209614603081997, 1.1569309561480297, -0.17394014785926332], "world_orientation": [0.7410770899724032, -0.6714199480874499, 5.317987431153819e-06, 0.6714199477357666, 0.7410770898016656, 2.745167699644235e-05, -2.2372642192946067e-05, -1.67732060603011e-05, 0.9999999996090623], "world_rotation": [-3.293384651507173e-05, 2.0620946465267084e-05, 0.9999999992450691, 0.7361231887361139]}], "source": "action wait"}
