{"timestamp": 1706069881.65978, "objects": [{"color": "cv_", "id_name": "hand", "shape": "CVCylinder", "id_string": "ob383", "world_size": [0.12, 0.005, 0.12], "id": 383, "camera_size": [48, 50], "camera_position": [246, 426], "world_position": [0.2676445155647255, 0.6334703012252988, -0.1738926040088732], "world_orientation": [-0.0006415497602853596, 0.19791547464417586, 0.980218880306983, -0.0007473672411946496, -0.9802189031698413, 0.19791499011121033, 0.9999995149279383, -0.000605611165879496, 0.0007767747446307663], "world_rotation": [0.0, 1.0, 0.0, 0.0]}, {"color": "CVBlue", "id_name": "object145449493086685", "shape": "CVCone", "id_string": "ob1311", "world_size": [0.1, 0.1, 0.1], "id": 1311, "camera_size": [41, 41], "camera_position": [256, 254], "world_position": [0.705, 0.6498037994254439, -0.15], "world_orientation": [1.0, 8.100187187665134e-17, -1.2653630886983698e-17, -8.100187187665134e-17, 1.0, -1.9397816686250694e-16, 1.2653630886983698e-17, 1.9397816686250694e-16, 1.0], "world_rotation": [-0.9211093596285536, 0.06008602943210125, 0.38463907325148433, -2.1059189642881336e-16]}], "source": "action wait"}
{"timestamp": 1706069881.696149, "objects": [{"color": "cv_", "id_name": "hand", "shape": "CVCylinder", "id_string": "ob383", "world_size": [0.12, 0.005, 0.12], "id": 383, "camera_size": [49, 51], "camera_position": [246, 421], "world_position": [0.29082472939370824, 0.6674923404469324, -0.17395624441381716], "world_orientation": [-0.00038485316408720335, 0.19556952965217875, 0.9806897628504478, -0.0007158815518790066, -0.9806896380624556, 0.1955692238327237, 0.9999996697007685, -0.00062679227475142, 0.0005174261285839476], "world_rotation": [0.0, 1.0, 0.0, 0.0]}, {"color": "CVBlue", "id_name": "object145449493086685", "shape": "CVCone", "id_string": "ob1311", "world_size": [0.1, 0.1, 0.1], "id": 1311, "camera_size": [41, 41], "camera_position": [256, 254], "world_position": [0.705, 0.6498037994254439, -0.15], "world_orientation": [1.0, 8.100187187665134e-17, -1.2653630886983698e-17, -8.100187187665134e-17, 1.0, -1.9397816686250694e-16, 1.2653630886983698e-17, 1.9397816686250694e-16, 1.0], "world_rotation": [-0.9211093596285536, 0.06008602943210125, 0.38463907325148433, -2.1059189642881336e-16]}], "source": "action wait"}
{"timestamp": 1706069881.721671, "objects": [{"color": "cv_", "id_name": "hand", "shape": "CVCylinder", "id_string": "ob383", "world_size": [0.12, 0.005, 0.12], "id": 383, "camera_size": [51, 52], "camera_position": [246, 406], "world_position": [0.33667090713038794, 0.7052277758414341, -0.17398410585842372], "world_orientation": [-0.00022679750617951875, 0.1819721888630309, 0.9833036514949431, -0.000732462495602493, -0.9833034432415326, 0.18197198138185705, 0.9999997060307487, -0.0006789622549373674, 0.00035629857233020185], "world_rotation": [0.0, 1.0, 0.0, 0.0]}, {"color": "CVBlue", "id_name": "object145449493086685", "shape": "CVCone", "id_string": "ob1311", "world_size": [0.1, 0.1, 0.1], "id": 1311, "camera_size": [41, 41], "camera_position": [256, 254], "world_position": [0.705, 0.6498037994254439, -0.15], "world_orientation": [1.0, 8.100187187665134e-17, -1.2653630886983698e-17, -8.100187187665134e-17, 1.0, -1.9397816686250694e-16, 1.2653630886983698e-17, 1.9397816686250694e-16, 1.0], "world_rotation": [-0.9211093596285536, 0.06008602943210125, 0.38463907325148433, -2.1059189642881336e-16]}], "source": "action wait"}
{"timestamp": 1706069881.750276, "objects": [{"color": "cv_", "id_name": "hand", "shape": "CVCylinder", "id_string": "ob383", "world_size": [0.12, 0.005, 0.12], "id": 383, "camera_size": [51, 52], "camera_position": [246, 388], "world_position": [0.38709487286049105, 0.7382405166550242, -0.17400462265708716], "world_orientation": [-0.00012441572982340766, 0.17229175180050554, 0.985045956685392, -0.0007437854900137735, -0.9850457077808733, 0.17229161432183365, 0.9999997156518952, -0.0007112271026413143, 0.0002507032856816645], "world_rotation": [0.0, 1.0, 0.0, 0.0]}, {"color": "CVBlue", "id_name": "object145449493086685", "shape": "CVCone", "id_string": "ob1311", "world_size": [0.1, 0.1, 0.1], "id": 1311, "camera_size": [41, 41], "camera_position": [256, 254], "world_position": [0.705, 0.6498037994254439, -0.15], "world_orientation": [1.0, 8.100187187665134e-17, -1.2653630886983698e-17, -8.100187187665134e-17, 1.0, -1.9397816686250694e-16, 1.2653630886983698e-17, 1.9397816686250694e-16, 1.0], "world_rotation": [-0.9211093596285536, 0.06008602943210125, 0.38463907325148433, -2.1059189642881336e-16]}], "source": "action wait"}
{"timestamp": 1706069881.780396, "objects": [{"color": "cv_", "id_name": "hand", "shape": "CVCylinder", "id_string": "ob383", "world_size": [0.12, 0.005, 0.12], "id": 383, "camera_size": [52, 53], "camera_position": [245, 368], "world_position": [0.4411110592065156, 0.7660768947530375, -0.174023116543264], "world_orientation": [-5.2338853801239235e-05, 0.16545139054935284, 0.9862179447900601, -0.0007511993803108665, -0.9862176743842146, 0.16545130531876276, 0.9999997164800276, -0.0007321867772977403, 0.00017590448472845792], "world_rotation": [0.0, 1.0, 0.0, 0.0]}, {"color": "CVBlue", "id_name": "object145449493086685", "shape": "CVCone", "id_string": "ob1311", "world_size": [0.1, 0.1, 0.1], "id": 1311, "camera_size": [41, 41], "camera_position": [256, 254], "world_position": [0.705, 0.6498037994254439, -0.15], "world_orientation": [1.0, 8.100187187665134e-17, -1.2653630886983698e-17, -8.100187187665134e-17, 1.0, -1.9397816686250694e-16, 1.2653630886983698e-17, 1.9397816686250694e-16, 1.0], "world_rotation": [-0.9211093596285536, 0.06008602943210125, 0.38463907325148433, -2.1059189642881336e-16]}], "source": "action wait"}
{"timestamp": 1706069881.812748, "objects": [{"color": "cv_", "id_name": "hand", "shape": "CVCylinder", "id_string": "ob383", "world_size": [0.12, 0.005, 0.12], "id": 383, "camera_size": [52, 53], "camera_position": [245, 344], "world_position": [0.498243375932816, 0.781004109116276, -0.17403836747449355], "world_orientation": [-8.717371451669612e-06, 0.14999706444732241, 0.9886864419932101, -0.0007643856510751554, -0.9886861541926915, 0.14999701404442, 0.9999997078192494, -0.0007544301499844119, 0.0001232743482225638], "world_rotation": [0.0, 1.0, 0.0, 0.0]}, {"color": "CVBlue", "id_name": "object145449493086685", "shape": "CVCone", "id_string": "ob1311", "world_size": [0.1, 0.1, 0.1], "id": 1311, "camera_size": [41, 41], "camera_position": [256, 254], "world_position": [0.705, 0.6498037994254439, -0.15], "world_orientation": [1.0, 8.100187187665134e-17, -1.2653630886983698e-17, -8.100187187665134e-17, 1.0, -1.9397816686250694e-16, 1.2653630886983698e-17, 1.9397816686250694e-16, 1.0], "world_rotation": [-0.9211093596285536, 0.06008602943210125, 0.38463907325148433, -2.1059189642881336e-16]}], "source": "action wait"}
{"timestamp": 1706069881.849761, "objects": [{"color": "cv_", "id_name": "hand", "shape": "CVCylinder", "id_string": "ob383", "world_size": [0.12, 0.005, 0.12], "id": 383, "camera_size": [52, 53], "camera_position": [245, 318], "world_position": [0.5568618991333794, 0.7725597325026973, -0.17405020785015538], "world_orientation": [-2.1245390205004294e-06, 0.1111313612800296, 0.9938057257510313, -0.0007770505084075147, -0.9938054259030211, 0.11113132608865323, 0.9999996980939514, -0.0007720011416147412, 8.846605918918501e-05], "world_rotation": [0.0, 1.0, 0.0, 0.0]}, {"color": "CVBlue", "id_name": "object145449493086685", "shape": "CVCone", "id_string": "ob1311", "world_size": [0.1, 0.1, 0.1], "id": 1311, "camera_size": [41, 41], "camera_position": [256, 254], "world_position": [0.705, 0.6498037994254439, -0.15], "world_orientation": [1.0, 8.100187187665134e-17, -1.2653630886983698e-17, -8.100187187665134e-17, 1.0, -1.9397816686250694e-16, 1.2653630886983698e-17, 1.9397816686250694e-16, 1.0], "world_rotation": [-0.9211093596285536, 0.06008602943210125, 0.38463907325148433, -2.1059189642881336e-16]}], "source": "action wait"}
{"timestamp": 1706069881.885801, "objects": [{"color": "cv_", "id_name": "hand", "shape": "CVCylinder", "id_string": "ob383", "world_size": [0.12, 0.005, 0.12], "id": 383, "camera_size": [52, 52], "camera_position": [245, 298], "world_position": [0.6021636624173793, 0.7589982991118708, -0.17405582948040096], "world_orientation": [-1.646309355255439e-05, 0.0779176378240024, 0.9969597993123364, -0.0007752396118902672, -0.9969595008571936, 0.07791760169640552, 0.9999996993662102, -0.0007715999631233421, 7.68178768371973e-05], "world_rotation": [0.0, 1.0, 0.0, 0.0]}, {"color": "CVBlue", "id_name": "object145449493086685", "shape": "CVCone", "id_string": "ob1311", "world_size": [0.1, 0.1, 0.1], "id": 1311, "camera_size": [41, 41], "camera_position": [256, 254], "world_position": [0.705, 0.6498037994254439, -0.15], "world_orientation": [1.0, 8.100187187665134e-17, -1.2653630886983698e-17, -8.100187187665134e-17, 1.0, -1.9397816686250694e-16, 1.2653630886983698e-17, 1.9397816686250694e-16, 1.0], "world_rotation": [-0.9211093596285536, 0.06008602943210125, 0.38463907325148433, -2.1059189642881336e-16]}], "source": "action wait"}
{"timestamp": 1706069881.922289, "objects": [{"color": "cv_", "id_name": "hand", "shape": "CVCylinder", "id_string": "ob383", "world_size": [0.12, 0.005, 0.12], "id": 383, "camera_size": [51, 51], "camera_position": [246, 284], "world_position": [0.6339583522986346, 0.7469762002998281, -0.1740635180145143], "world_orientation": [-2.2751024397935884e-05, 0.05444773787765392, 0.9985166214552451, -0.0007713670996260898, -0.9985163256068554, 0.05444770416998576, 0.99999970223755, -0.0007689841291747296, 6.471646293388993e-05], "world_rotation": [0.0, 1.0, 0.0, 0.0]}, {"color": "CVBlue", "id_name": "object145449493086685", "shape": "CVCone", "id_string": "ob1311", "world_size": [0.1, 0.1, 0.1], "id": 1311, "camera_size": [41, 41], "camera_position": [256, 254], "world_position": [0.705, 0.6498037994254439, -0.15], "world_orientation": [1.0, 8.100187187665134e-17, -1.2653630886983698e-17, -8.100187187665134e-17, 1.0, -1.9397816686250694e-16, 1.2653630886983698e-17, 1.9397816686250694e-16, 1.0], "world_rotation": [-0.9211093596285536, 0.06008602943210125, 0.38463907325148433, -2.1059189642881336e-16]}], "source": "action wait"}
{"timestamp": 1706069881.951726, "objects": [{"color": "cv_", "id_name": "hand", "shape": "CVCylinder", "id_string": "ob383", "world_size": [0.12, 0.005, 0.12], "id": 383, "camera_size": [51, 51], "camera_position": [246, 275], "world_position": [0.6562060496065502, 0.7373103080837476, -0.17407140114853642], "world_orientation": [-2.4126926822996235e-05, 0.03788629746617154, 0.9992820562194622, -0.0007678746297398608, -0.9992817626081001, 0.03788626779456696, 0.9999997048931788, -0.0007664092597148542, 5.3201524601428895e-05], "world_rotation": [0.0, 1.0, 0.0, 0.0]}, {"color": "CVBlue", "id_name": "object145449493086685", "shape": "CVCone", "id_string": "ob1311", "world_size": [0.1, 0.1, 0.1], "id": 1311, "camera_size": [41, 41], "camera_position": [256, 254], "world_position": [0.705, 0.6498037994254439, -0.15], "world_orientation": [1.0, 8.100187187665134e-17, -1.2653630886983698e-17, -8.100187187665134e-17, 1.0, -1.9397816686250694e-16, 1.2653630886983698e-17, 1.9397816686250694e-16, 1.0], "world_rotation": [-0.9211093596285536, 0.06008602943210125, 0.38463907325148433, -2.1059189642881336e-16]}], "source": "action wait"}
{"timestamp": 1706069881.981376, "objects": [{"color": "cv_", "id_name": "hand", "shape": "CVCylinder", "id_string": "ob383", "world_size": [0.12, 0.005, 0.12], "id": 383, "camera_size": [51, 51], "camera_position": [246, 268], "world_position": [0.6717716827167186, 0.7299280728048907, -0.17407851463483107], "world_orientation": [-2.2963574611300843e-05, 0.02620728129448219, 0.9996565299540769, -0.0007653650519663336, -0.9996562378869809, 0.02620725605601189, 0.9999997068444628, -0.0007645003597173117, 4.3013817814591366e-05], "world_rotation": [0.0, 1.0, 0.0, 0.0]}, {"color": "CVBlue", "id_name": "object145449493086685", "shape": "CVCone", "id_string": "ob1311", "world_size": [0.1, 0.1, 0.1], "id": 1311, "camera_size": [41, 41], "camera_position": [256, 254], "world_position": [0.705, 0.6498037994254439, -0.15], "world_orientation": [1.0, 8.100187187665134e-17, -1.2653630886983698e-17, -8.100187187665134e-17, 1.0, -1.9397816686250694e-16, 1.2653630886983698e-17, 1.9397816686250694e-16, 1.0], "world_rotation": [-0.9211093596285536, 0.06008602943210125, 0.38463907325148433, -2.1059189642881336e-16]}], "source": "action wait"}
{"timestamp": 1706069882.01487, "objects": [{"color": "cv_", "id_name": "hand", "shape": "CVCylinder", "id_string": "ob383", "world_size": [0.12, 0.005, 0.12], "id": 383, "camera_size": [51, 50], "camera_position": [246, 263], "world_position": [0.6826718486758669, 0.7244571538186917, -0.17408452733555282], "world_orientation": [-2.067396485637601e-05, 0.017973875021931086, 0.999838456646514, -0.0007637847093419406, -0.9998381655075375, 0.017973853995180932, 0.9999997081027099, -0.0007632897341731985, 3.439879000551105e-05], "world_rotation": [0.0, 1.0, 0.0, 0.0]}, {"color": "CVBlue", "id_name": "object145449493086685", "shape": "CVCone", "id_string": "ob1311", "world_size": [0.1, 0.1, 0.1], "id": 1311, "camera_size": [41, 41], "camera_position": [256, 254], "world_position": [0.705, 0.6498037994254439, -0.15], "world_orientation": [1.0, 8.100187187665134e-17, -1.2653630886983698e-17, -8.100187187665134e-17, 1.0, -1.9397816686250694e-16, 1.2653630886983698e-17, 1.9397816686250694e-16, 1.0], "world_rotation": [-0.9211093596285536, 0.06008602943210125, 0.38463907325148433, -2.1059189642881336e-16]}], "source": "action wait"}
{"timestamp": 1706069882.043316, "objects": [{"color": "cv_", "id_name": "hand", "shape": "CVCylinder", "id_string": "ob383", "world_size": [0.12, 0.005, 0.12], "id": 383, "camera_size": [51, 51], "camera_position": [246, 260], "world_position": [0.6903136481552066, 0.7204778223313855, -0.17408941573987347], "world_orientation": [-1.8051540626177557e-05, 0.012170356467646295, 0.9999259383062291, -0.0007628996303247829, -0.9999256476503372, 0.012170339157465149, 0.9999997088291056, -0.0007626234353146236, 2.7334958902174152e-05], "world_rotation": [0.0, 1.0, 0.0, 0.0]}, {"color": "CVBlue", "id_name": "object145449493086685", "shape": "CVCone", "id_string": "ob1311", "world_size": [0.1, 0.1, 0.1], "id": 1311, "camera_size": [41, 41], "camera_position": [256, 254], "world_position": [0.705, 0.6498037994254439, -0.15], "world_orientation": [1.0, 8.100187187665134e-17, -1.2653630886983698e-17, -8.100187187665134e-17, 1.0, -1.9397816686250694e-16, 1.2653630886983698e-17, 1.9397816686250694e-16, 1.0], "world_rotation": [-0.9211093596285536, 0.06008602943210125, 0.38463907325148433, -2.1059189642881336e-16]}], "source": "action wait"}
{"timestamp": 1706069882.077432, "objects": [{"color": "cv_", "id_name": "hand", "shape": "CVCylinder", "id_string": "ob383", "world_size": [0.12, 0.005, 0.12], "id": 383, "camera_size": [51, 50], "camera_position": [246, 257], "world_position": [0.6956769560930409, 0.717618004561738, -0.17409329099289866], "world_orientation": [-1.5510689863688858e-05, 0.00807982875223335, 0.9999673575306112, -0.0007624751786647084, -0.9999670670717016, 0.008079814578396754, 0.999999709195468, -0.0007623249660942981, 2.167084792305822e-05], "world_rotation": [0.0, 1.0, 0.0, 0.0]}, {"color": "CVBlue", "id_name": "object145449493086685", "shape": "CVCone", "id_string": "ob1311", "world_size": [0.1, 0.1, 0.1], "id": 1311, "camera_size": [41, 41], "camera_position": [256, 254], "world_position": [0.705, 0.6498037994254439, -0.15], "world_orientation": [1.0, 8.100187187665134e-17, -1.2653630886983698e-17, -8.100187187665134e-17, 1.0, -1.9397816686250694e-16, 1.2653630886983698e-17, 1.9397816686250694e-16, 1.0], "world_rotation": [-0.9211093596285536, 0.06008602943210125, 0.38463907325148433, -2.1059189642881336e-16]}], "source": "action wait"}
{"timestamp": 1706069882.113959, "objects": [{"color": "cv_", "id_name": "hand", "shape": "CVCylinder", "id_string": "ob383", "world_size": [0.12, 0.005, 0.12], "id": 383, "camera_size": [50, 50], "camera_position": [245, 256], "world_position": [0.6994446609962365, 0.7155788697141087, -0.17409631019092672], "world_orientation": [-1.3243356492714668e-05, 0.0051967094521467505, 0.9999864969265754, -0.0007623293098991945, -0.9999862064976252, 0.005196697846916764, 0.9999997093392762, -0.0007622501943887575, 1.7204777751213228e-05], "world_rotation": [0.0, 1.0, 0.0, 0.0]}, {"color": "CVBlue", "id_name": "object145449493086685", "shape": "CVCone", "id_string": "ob1311", "world_size": [0.1, 0.1, 0.1], "id": 1311, "camera_size": [41, 41], "camera_position": [256, 254], "world_position": [0.705, 0.6498037994254439, -0.15], "world_orientation": [1.0, 8.100187187665134e-17, -1.2653630886983698e-17, -8.100187187665134e-17, 1.0, -1.9397816686250694e-16, 1.2653630886983698e-17, 1.9397816686250694e-16, 1.0], "world_rotation": [-0.9211093596285536, 0.06008602943210125, 0.38463907325148433, -2.1059189642881336e-16]}], "source": "action wait"}
{"timestamp": 1706069882.150893, "objects": [{"color": "cv_", "id_name": "hand", "shape": "CVCylinder", "id_string": "ob383", "world_size": [0.12, 0.005, 0.12], "id": 383, "camera_size": [50, 50], "camera_position": [245, 255], "world_position": [0.7020934842967862, 0.7141324492878528, -0.17409863330984388], "world_orientation": [-1.1316558279614535e-05, 0.003164582496479344, 0.9999949926322426, -0.0007623369424167146, -0.9999947021461812, 0.0031645729501343666, 0.9999997093571186, -0.0007622973130414259, 1.372897647089999e-05], "world_rotation": [0.0, 1.0, 0.0, 0.0]}, {"color": "CVBlue", "id_name": "object145449493086685", "shape": "CVCone", "id_string": "ob1311", "world_size": [0.1, 0.1, 0.1], "id": 1311, "camera_size": [41, 41], "camera_position": [256, 254], "world_position": [0.705, 0.6498037994254439, -0.15], "world_orientation": [1.0, 8.100187187665134e-17, -1.2653630886983698e-17, -8.100187187665134e-17, 1.0, -1.9397816686250694e-16, 1.2653630886983698e-17, 1.9397816686250694e-16, 1.0], "world_rotation": [-0.9211093596285536, 0.06008602943210125, 0.38463907325148433, -2.1059189642881336e-16]}], "source": "action wait"}
{"timestamp": 1706069882.183387, "objects": [{"color": "cv_", "id_name": "hand", "shape": "CVCylinder", "id_string": "ob383", "world_size": [0.12, 0.005, 0.12], "id": 383, "camera_size": [50, 50], "camera_position": [245, 254], "world_position": [0.7039568297208285, 0.7131099743624758, -0.17410040436506555], "world_orientation": [-9.731128849485615e-06, 0.0017322341466799768, 0.9999984996339577, -0.000762418843160661, -0.9999982090533043, 0.001732226224118742, 0.9999997093113643, -0.0007624008427370846, 1.1051799376112561e-05], "world_rotation": [0.0, 1.0, 0.0, 0.0]}, {"color": "CVBlue", "id_name": "object145449493086685", "shape": "CVCone", "id_string": "ob1311", "world_size": [0.1, 0.1, 0.1], "id": 1311, "camera_size": [41, 41], "camera_position": [256, 254], "world_position": [0.705, 0.6498037994254439, -0.15], "world_orientation": [1.0, 8.100187187665134e-17, -1.2653630886983698e-17, -8.100187187665134e-17, 1.0, -1.9397816686250694e-16, 1.2653630886983698e-17, 1.9397816686250694e-16, 1.0], "world_rotation": [-0.9211093596285536, 0.06008602943210125, 0.38463907325148433, -2.1059189642881336e-16]}], "source": "action wait"}
{"timestamp": 1706069882.219176, "objects": [{"color": "cv_", "id_name": "hand", "shape": "CVCylinder", "id_string": "ob383", "world_size": [0.12, 0.005, 0.12], "id": 383, "camera_size": [50, 50], "camera_position": [245, 253], "world_position": [0.7052682507099914, 0.7123888055152893, -0.17410174501817502], "world_orientation": [-8.456049437143532e-06, 0.0007226138725790149, 0.9999997388788091, -0.0007625282485495423, -0.9999994481945895, 0.0007226072145486528, 0.9999997092395404, -0.0007625219390353051, 9.007058262049521e-06], "world_rotation": [0.0, 1.0, 0.0, 0.0]}, {"color": "CVBlue", "id_name": "object145449493086685", "shape": "CVCone", "id_string": "ob1311", "world_size": [0.1, 0.1, 0.1], "id": 1311, "camera_size": [41, 41], "camera_position": [256, 254], "world_position": [0.705, 0.6498037994254439, -0.15], "world_orientation": [1.0, 8.100187187665134e-17, -1.2653630886983698e-17, -8.100187187665134e-17, 1.0, -1.9397816686250694e-16, 1.2653630886983698e-17, 1.9397816686250694e-16, 1.0], "world_rotation": [-0.9211093596285536, 0.06008602943210125, 0.38463907325148433, -2.1059189642881336e-16]}], "source": "action wait"}
{"timestamp": 1706069882.250046, "objects": [{"color": "cv_", "id_name": "hand", "shape": "CVCylinder", "id_string": "ob383", "world_size": [0.12, 0.005, 0.12], "id": 383, "camera_size": [49, 50], "camera_position": [246, 253], "world_position": [0.7061915767221144, 0.7118808824123273, -0.174102754223831], "world_orientation": [-7.447847954832675e-06, 1.0942212798165592e-05, 0.9999999999123989, -0.0007626396528631454, -0.9999997091305339, 1.0936529592554355e-05, 0.9999997091626024, -0.0007626395713430929, 7.4561907542153336e-06], "world_rotation": [0.0, 1.0, 0.0, 0.0]}, {"color": "CVBlue", "id_name": "object145449493086685", "shape": "CVCone", "id_string": "ob1311", "world_size": [0.1, 0.1, 0.1], "id": 1311, "camera_size": [41, 41], "camera_position": [256, 254], "world_position": [0.705, 0.6498037994254439, -0.15], "world_orientation": [1.0, 8.100187187665134e-17, -1.2653630886983698e-17, -8.100187187665134e-17, 1.0, -1.9397816686250694e-16, 1.2653630886983698e-17, 1.9397816686250694e-16, 1.0], "world_rotation": [-0.9211093596285536, 0.06008602943210125, 0.38463907325148433, -2.1059189642881336e-16]}], "source": "action wait"}
{"timestamp": 1706069882.278895, "objects": [{"color": "cv_", "id_name": "hand", "shape": "CVCylinder", "id_string": "ob383", "world_size": [0.12, 0.005, 0.12], "id": 383, "camera_size": [49, 50], "camera_position": [246, 253], "world_position": [0.7068418531771972, 0.7115234660530773, -0.17410351051170544], "world_orientation": [-6.661054762370848e-06, -0.000490722250739237, 0.9999998795736443, -0.0007627406433896265, -0.9999995887066842, -0.0004907271886617443, 0.9999997090911285, -0.0007627438202965842, 6.286758217833174e-06], "world_rotation": [0.0, 1.0, 0.0, 0.0]}, {"color": "CVBlue", "id_name": "object145449493086685", "shape": "CVCone", "id_string": "ob1311", "world_size": [0.1, 0.1, 0.1], "id": 1311, "camera_size": [41, 41], "camera_position": [256, 254], "world_position": [0.705, 0.6498037994254439, -0.15], "world_orientation": [1.0, 8.100187187665134e-17, -1.2653630886983698e-17, -8.100187187665134e-17, 1.0, -1.9397816686250694e-16, 1.2653630886983698e-17, 1.9397816686250694e-16, 1.0], "world_rotation": [-0.9211093596285536, 0.06008602943210125, 0.38463907325148433, -2.1059189642881336e-16]}], "source": "action wait"}
{"timestamp": 1706069882.312831, "objects": [{"color": "cv_", "id_name": "hand", "shape": "CVCylinder", "id_string": "ob383", "world_size": [0.12, 0.005, 0.12], "id": 383, "camera_size": [49, 49], "camera_position": [246, 253], "world_position": [0.7072999369097784, 0.7112720871966227, -0.17410407515681522], "world_orientation": [-6.053411501756146e-06, -0.0008443599340435636, 0.9999996435097656, -0.0007628264115078726, -0.9999993525721829, -0.0008443643060909102, 0.9999997090295688, -0.0007628312508526731, 5.409307524465617e-06], "world_rotation": [0.0, 1.0, 0.0, 0.0]}, {"color": "CVBlue", "id_name": "object145449493086685", "shape": "CVCone", "id_string": "ob1311", "world_size": [0.1, 0.1, 0.1], "id": 1311, "camera_size": [41, 41], "camera_position": [256, 254], "world_position": [0.705, 0.6498037994254439, -0.15], "world_orientation": [1.0, 8.100187187665134e-17, -1.2653630886983698e-17, -8.100187187665134e-17, 1.0, -1.9397816686250694e-16, 1.2653630886983698e-17, 1.9397816686250694e-16, 1.0], "world_rotation": [-0.9211093596285536, 0.06008602943210125, 0.38463907325148433, -2.1059189642881336e-16]}], "source": "action wait"}
{"timestamp": 1706069882.339465, "objects": [{"color": "cv_", "id_name": "hand", "shape": "CVCylinder", "id_string": "ob383", "world_size": [0.12, 0.005, 0.12], "id": 383, "camera_size": [49, 50], "camera_position": [246, 252], "world_position": [0.7076226938902126, 0.7110953325767359, -0.17410449539292072], "world_orientation": [-5.588083638401079e-06, -0.0010936555005646967, 0.9999994019430309, -0.0007628962677479731, -0.9999991109487558, -0.001093659445447384, 0.9999997089789866, -0.000762901922953363, 4.753732971089372e-06], "world_rotation": [0.0, 1.0, 0.0, 0.0]}, {"color": "CVBlue", "id_name": "object145449493086685", "shape": "CVCone", "id_string": "ob1311", "world_size": [0.1, 0.1, 0.1], "id": 1311, "camera_size": [41, 41], "camera_position": [256, 254], "world_position": [0.705, 0.6498037994254439, -0.15], "world_orientation": [1.0, 8.100187187665134e-17, -1.2653630886983698e-17, -8.100187187665134e-17, 1.0, -1.9397816686250694e-16, 1.2653630886983698e-17, 1.9397816686250694e-16, 1.0], "world_rotation": [-0.9211093596285536, 0.06008602943210125, 0.38463907325148433, -2.1059189642881336e-16]}], "source": "action wait"}
{"timestamp": 1706069883.439969, "objects": [{"color": "cv_", "id_name": "hand", "shape": "CVCylinder", "id_string": "ob383", "world_size": [0.12, 0.005, 0.12], "id": 383, "camera_size": [49, 50], "camera_position": [246, 252], "world_position": [0.7083934820085421, 0.7106764632695618, -0.17410568089521547], "world_orientation": [-4.184255529541709e-06, -0.0016893996435443648, 0.9999985729546501, -0.0007631192538742473, -0.999998281782885, -0.0016894023447283494, 0.9999997088157059, -0.0007631252337599319, 2.8950349449689036e-06], "world_rotation": [0.0, 1.0, 0.0, 0.0]}, {"color": "CVBlue", "id_name": "object145449493086685", "shape": "CVCone", "id_string": "ob1311", "world_size": [0.1, 0.1, 0.1], "id": 1311, "camera_size": [41, 41], "camera_position": [256, 254], "world_position": [0.705, 0.6498037994254439, -0.15], "world_orientation": [1.0, 8.100187187665134e-17, -1.2653630886983698e-17, -8.100187187665134e-17, 1.0, -1.9397816686250694e-16, 1.2653630886983698e-17, 1.9397816686250694e-16, 1.0], "world_rotation": [-0.9211093596285536, 0.06008602943210125, 0.38463907325148433, -2.1059189642881336e-16]}], "source": "action wait"}
{"timestamp": 1706069883.476894, "objects": [{"color": "cv_", "id_name": "hand", "shape": "CVCylinder", "id_string": "ob383", "world_size": [0.12, 0.005, 0.12], "id": 383, "camera_size": [51, 50], "camera_position": [246, 251], "world_position": [0.7109236185592872, 0.7325865774939945, -0.17409382307388466], "world_orientation": [1.6268703588449757e-05, 0.030363905858422746, 0.9995389101762623, -0.000743279582398355, -0.9995386338364314, 0.03036390956156916, 0.9999997236353578, -0.0007434308451915149, 6.307673507733396e-06], "world_rotation": [0.0, 1.0, 0.0, 0.0]}, {"color": "CVBlue", "id_name": "object145449493086685", "shape": "CVCone", "id_string": "ob1311", "world_size": [0.1, 0.1, 0.1], "id": 1311, "camera_size": [42, 43], "camera_position": [252, 252], "world_position": [0.7103281159689013, 0.6755960759114312, -0.15866244315200537], "world_orientation": [0.9994964403671809, -0.03173114679537871, -4.047826513596673e-06, 0.031731146907453, 0.9994964398742576, 3.1537635955766184e-05, 3.0450628334768186e-06, -3.165019705314314e-05, 0.9999999994944964], "world_rotation": [0.0009956747165321006, 0.00011176535503354262, -0.9999994980700563, -0.03173649003412889]}], "source": "action wait"}
{"timestamp": 1706069883.537776, "objects": [{"color": "cv_", "id_name": "hand", "shape": "CVCylinder", "id_string": "ob383", "world_size": [0.12, 0.005, 0.12], "id": 383, "camera_size": [56, 55], "camera_position": [244, 250], "world_position": [0.7129120207748136, 0.8552876584594928, -0.17411353164753612], "world_orientation": [0.0001506455254698914, 0.20540604850308633, 0.9786768274278662, -0.0007193522788759509, -0.9786765630568042, 0.20540610374480206, 0.9999997299190758, -0.000734956916526964, 3.260639792525242e-07], "world_rotation": [0.0, 1.0, 0.0, 0.0]}, {"color": "CVBlue", "id_name": "object145449493086685", "shape": "CVCone", "id_string": "ob1311", "world_size": [0.1, 0.1, 0.1], "id": 1311, "camera_size": [46, 55], "camera_position": [247, 246], "world_position": [0.722392968787717, 0.8029810035314864, -0.16779126907873362], "world_orientation": [0.9784646282503275, -0.20641456151444995, -7.599067483486617e-06, 0.20641456162726715, 0.9784646268628618, 5.221440262975606e-05, -3.342394293824589e-06, -5.265850424181709e-05, 0.9999999986079552], "world_rotation": [0.00025403465405730066, 1.031098053279849e-05, -0.9999999676800387, -0.2079091893486473]}], "source": "action wait"}
{"timestamp": 1706069883.568456, "objects": [{"color": "cv_", "id_name": "hand", "shape": "CVCylinder", "id_string": "ob383", "world_size": [0.12, 0.005, 0.12], "id": 383, "camera_size": [59, 57], "camera_position": [244, 254], "world_position": [0.7039140398321231, 0.9247921799805365, -0.17411477905248973], "world_orientation": [0.00022579077423007813, 0.30253388672453063, 0.9531386029334218, -0.000709028805476741, -0.9531383392144737, 0.30253397098115864, 0.9999997231483014, -0.0007441121046306248, -7.046032386454106e-07], "world_rotation": [0.0, 1.0, 0.0, 0.0]}, {"color": "CVBlue", "id_name": "object145449493086685", "shape": "CVCone", "id_string": "ob1311", "world_size": [0.1, 0.1, 0.1], "id": 1311, "camera_size": [49, 61], "camera_position": [246, 247], "world_position": [0.7186342197770146, 0.8746310136453723, -0.1700678537827562], "world_orientation": [0.9528518966464222, -0.30343576413866724, -9.94481778424663e-06, 0.30343576426951685, 0.9528518955569802, 4.5778201631545195e-05, -4.4148051162737255e-06, -4.6637459634564114e-05, 0.9999999989027286], "world_rotation": [0.00015228208255728463, 9.112328301392597e-06, -0.9999999883635663, -0.30829636710402425]}], "source": "action wait"}
{"timestamp": 1706069883.599145, "objects": [{"color": "cv_", "id_name": "hand", "shape": "CVCylinder", "id_string": "ob383", "world_size": [0.12, 0.005, 0.12], "id": 383, "camera_size": [63, 58], "camera_position": [243, 262], "world_position": [0.6877236265890312, 0.9929643606445328, -0.17411517057077788], "world_orientation": [0.00029963600160964855, 0.39660434759111574, 0.9179895978114851, -0.0006879991751959367, -0.9179893399991438, 0.39660446077303724, 0.9999997184376612, -0.0007504130609795254, -2.1991913353232054e-06], "world_rotation": [0.0, 1.0, 0.0, 0.0]}, {"color": "CVBlue", "id_name": "object145449493086685", "shape": "CVCone", "id_string": "ob1311", "world_size": [0.1, 0.1, 0.1], "id": 1311, "camera_size": [52, 69], "camera_position": [244, 252], "world_position": [0.707426177065937, 0.9451281468734294, -0.17152436739306784], "world_orientation": [0.9176353329451379, -0.3974234462140164, -1.14035501164752e-05, 0.3974234463336588, 0.9176353320390811, 4.1204406431937524e-05, -5.911296705827572e-06, -4.234265740270595e-05, 0.999999999086078], "world_rotation": [0.00010511088884468567, 6.90982556725169e-06, -0.9999999944519776, -0.4087073166781334]}], "source": "action wait"}
{"timestamp": 1706069883.630231, "objects": [{"color": "cv_", "id_name": "hand", "shape": "CVCylinder", "id_string": "ob383", "world_size": [0.12, 0.005, 0.12], "id": 383, "camera_size": [66, 60], "camera_position": [242, 275], "world_position": [0.6646075501778799, 1.0591187757843405, -0.17411538900793844], "world_orientation": [0.000370996927130263, 0.4866718355497205, 0.8735847908726123, -0.0006575562213361704, -0.8735845434074674, 0.48667197694071407, 0.9999997149905073, -0.0007549849220684987, -4.083087977348241e-06], "world_rotation": [0.0, 1.0, 0.0, 0.0]}, {"color": "CVBlue", "id_name": "object145449493086685", "shape": "CVCone", "id_string": "ob1311", "world_size": [0.1, 0.1, 0.1], "id": 1311, "camera_size": [56, 75], "camera_position": [243, 262], "world_position": [0.689024449927045, 1.0138809495111718, -0.1724564565777007], "world_orientation": [0.8731670095768382, -0.4874211456602606, -1.2242580701319649e-05, 0.4874211457519163, 0.8731670087892635, 3.7893263385263155e-05, -7.780160281218533e-06, -3.905444018561525e-05, 0.9999999992071099], "world_rotation": [7.893348904559013e-05, 4.577581877052607e-06, -0.9999999968742751, -0.5091338626283293]}], "source": "action wait"}
{"timestamp": 1706069883.661583, "objects": [{"color": "cv_", "id_name": "hand", "shape": "CVCylinder", "id_string": "ob383", "world_size": [0.12, 0.005, 0.12], "id": 383, "camera_size": [71, 60], "camera_position": [242, 290], "world_position": [0.640552443866399, 1.110412734635644, -0.17411459544457777], "world_orientation": [0.0004329583170428973, 0.5557715743218598, 0.8313349323364785, -0.0006366163656811972, -0.8313346886061923, 0.5557717429301788, 0.9999997036333055, -0.0007698674217670176, -6.11998788410859e-06], "world_rotation": [0.0, 1.0, 0.0, 0.0]}, {"color": "CVBlue", "id_name": "object145449493086685", "shape": "CVCone", "id_string": "ob1311", "world_size": [0.1, 0.1, 0.1], "id": 1311, "camera_size": [58, 81], "camera_position": [242, 274], "world_position": [0.668518040615121, 1.0676587708241287, -0.17305261249759352], "world_orientation": [0.8308701937485191, -0.5564662802963929, -5.778791480170674e-06, 0.5564662802403916, 0.830870193392715, 2.6210197523821855e-05, -9.783665527209287e-06, -2.4992974494060266e-05, 0.9999999996398156], "world_rotation": [-4.600743457327195e-05, 3.5984876216062416e-06, 0.9999999989351834, 0.5901266786127647]}], "source": "action wait"}
{"timestamp": 1706069883.702627, "objects": [{"color": "cv_", "id_name": "hand", "shape": "CVCylinder", "id_string": "ob383", "world_size": [0.12, 0.005, 0.12], "id": 383, "camera_size": [73, 62], "camera_position": [241, 303], "world_position": [0.6207038014252028, 1.1450774807839004, -0.1741153970145333], "world_orientation": [0.0004763565652841369, 0.6023586287924694, 0.7982254414660552, -0.0006150909682515971, -0.7982252045391323, 0.6023588170696613, 0.999999697373716, -0.000777918836842411, -9.734464538319258e-06], "world_rotation": [0.0, 1.0, 0.0, 0.0]}, {"color": "CVBlue", "id_name": "object145449493086685", "shape": "CVCone", "id_string": "ob1311", "world_size": [0.1, 0.1, 0.1], "id": 1311, "camera_size": [61, 84], "camera_position": [242, 285], "world_position": [0.6510041079541973, 1.1043181847330679, -0.17343535647325337], "world_orientation": [0.7977303176026501, -0.6030143782510969, 1.3416398416432622e-07, 0.6030143781028872, 0.7977303174114766, 2.199484885588294e-05, -1.3370236785229698e-05, -1.7465054951951128e-05, 0.9999999997581044], "world_rotation": [-3.2718874716994665e-05, 1.119741191092737e-05, 0.9999999994020466, 0.6472744301457246]}], "source": "action wait"}
{"timestamp": 1706069883.737372, "objects": [{"color": "cv_", "id_name": "hand", "shape": "CVCylinder", "id_string": "ob383", "world_size": [0.12, 0.005, 0.12], "id": 383, "camera_size": [75, 62], "camera_position": [241, 313], "world_position": [0.6053775600071686, 1.1686742643306378, -0.17411694431640148], "world_orientation": [0.0005053990082016597, 0.6340429466117236, 0.7732976699976315, -0.000595108451827355, -0.773297441125943, 0.6340431478961029, 0.9999996952088402, -0.0007806407572978024, -1.3499443439235336e-05], "world_rotation": [0.0, 1.0, 0.0, 0.0]}, {"color": "CVBlue", "id_name": "object145449493086685", "shape": "CVCone", "id_string": "ob1311", "world_size": [0.1, 0.1, 0.1], "id": 1311, "camera_size": [62, 87], "camera_position": [241, 295], "world_position": [0.6372342854052451, 1.1294255482723707, -0.17368120850314642], "world_orientation": [0.7727822772313175, -0.6346712156572087, 3.6578879507203684e-06, 0.6346712154369606, 0.7727822770928995, 2.2514092248531603e-05, -1.711579727670246e-05, -1.5076935286000296e-05, 0.9999999997398678], "world_rotation": [-2.9614567820450413e-05, 1.6365706137802785e-05, 0.9999999994275705, 0.6875829906578693]}], "source": "action wait"}
{"timestamp": 1706069883.769763, "objects": [{"color": "cv_", "id_name": "hand", "shape": "CVCylinder", "id_string": "ob383", "world_size": [0.12, 0.005, 0.12], "id": 383, "camera_size": [76, 63], "camera_position": [240, 322], "world_position": [0.5939559674804205, 1.1848697060901403, -0.17411851588339475], "world_orientation": [0.0005244347435680502, 0.6557727498343457, 0.7549581614519445, -0.0005784892329092987, -0.7549579399990636, 0.6557729593255412, 0.9999996951591571, -0.0007806452914597385, -1.6568698653069135e-05], "world_rotation": [0.0, 1.0, 0.0, 0.0]}, {"color": "CVBlue", "id_name": "object145449493086685", "shape": "CVCone", "id_string": "ob1311", "world_size": [0.1, 0.1, 0.1], "id": 1311, "camera_size": [63, 89], "camera_position": [241, 302], "world_position": [0.6268645627194547, 1.1467292126807844, -0.17383903840670298], "world_orientation": [0.7544289291510992, -0.6563817416968849, 5.185540220480489e-06, 0.6563817414073918, 0.7544289290140712, 2.4772594029376598e-05, -2.0172399970248544e-05, -1.5285467665820444e-05, 0.9999999996797144], "world_rotation": [-3.0514302221714288e-05, 1.9316457610649622e-05, 0.999999999347876, 0.7160126717352607]}], "source": "action wait"}
{"timestamp": 1706069883.804095, "objects": [{"color": "cv_", "id_name": "hand", "shape": "CVCylinder", "id_string": "ob383", "world_size": [0.12, 0.005, 0.12], "id": 383, "camera_size": [78, 63], "camera_position": [240, 328], "world_position": [0.5856209497184388, 1.1960647775510709, -0.1741198388587398], "world_orientation": [0.0005368157639829014, 0.6707803446785313, 0.7416558777639308, -0.0005653803965808856, -0.7416556625034894, 0.6707805592155438, 0.9999996960868752, -0.0007794032726569072, -1.8886393785527544e-05], "world_rotation": [0.0, 1.0, 0.0, 0.0]}, {"color": "CVBlue", "id_name": "object145449493086685", "shape": "CVCone", "id_string": "ob1311", "world_size": [0.1, 0.1, 0.1], "id": 1311, "camera_size": [64, 91], "camera_position": [240, 307], "world_position": [0.619249014366222, 1.1587222797095649, -0.17394029812873724], "world_orientation": [0.7411170383774338, -0.6713758525570395, 5.4744761483118175e-06, 0.6713758522029296, 0.7411170382103185, 2.7443677690824866e-05, -2.2482250055768032e-05, -1.666354604297152e-05, 0.9999999996084374], "world_rotation": [-3.2848384063920994e-05, 2.0820473423219386e-05, 0.9999999992437458, 0.7360636883914171]}], "source": "action wait"}
{"timestamp": 1706069883.834341, "objects": [{"color": "cv_", "id_name": "hand", "shape": "CVCylinder", "id_string": "ob383", "world_size": [0.12, 0.005, 0.12], "id": 383, "camera_size": [78, 63], "camera_position": [240, 332], "world_position": [0.5796171356787324, 1.2038476127869573, -0.1741208546521457], "world_orientation": [0.0005448243661248667, 0.6812028395850771, 0.7320945256643009, -0.0005553625825697641, -0.7320943153052553, 0.6812030571497251, 0.9999996973693602, -0.0007777139302720613, -2.0548253033465702e-05], "world_rotation": [0.0, 1.0, 0.0, 0.0]}, {"color": "CVBlue", "id_name": "object145449493086685", "shape": "CVCone", "id_string": "ob1311", "world_size": [0.1, 0.1, 0.1], "id": 1311, "camera_size": [64, 92], "camera_position": [240, 310], "world_position": [0.6137420975104135, 1.1670731939518946, -0.1740052245207076], "world_orientation": [0.7315489427445191, -0.681788929466809, 5.087137180426245e-06, 0.6817889290584461, 0.731548942529805, 2.9947643898162026e-05, -2.413946189822598e-05, -1.8439813421173565e-05, 0.99999999953863], "world_rotation": [-3.548565780474583e-05, 2.143375889452075e-05, 0.9999999991406809, 0.7502052568946519]}], "source": "action wait"}
