{"timestamp": 1706069427.533489, "objects": [{"color": "cv_", "id_name": "hand", "shape": "CVCylinder", "id_string": "ob383", "world_size": [0.12, 0.005, 0.12], "id": 383, "camera_size": [48, 50], "camera_position": [246, 426], "world_position": [0.267644515573002, 0.6334703011721643, -0.17389260400900886], "world_orientation": [-0.000641550445835962, 0.1979154745696694, 0.980218880321578, -0.0007473673785927421, -0.9802189031848854, 0.1979149900361821, 0.9999995149273958, -0.0006056111649380037, 0.0007767754437676028], "world_rotation": [0.0, 1.0, 0.0, 0.0]}, {"color": "CVBlue", "id_name": "object106225415711385", "shape": "CVCylinder", "id_string": "ob1185", "world_size": [0.11, 0.11, 0.11], "id": 1185, "camera_size": [45, 45], "camera_position": [256, 254], "world_position": [0.705, 0.6547388545032035, -0.15], "world_orientation": [1.0, -4.897221604918397e-17, 1.4640341299624373e-17, 4.897221604918397e-17, 1.0, 1.0588587253877655e-17, -1.4640341299624373e-17, -1.0588587253877655e-17, 1.0], "world_rotation": [-0.20285038077759815, 0.2804716754121498, 0.9381830110963879, 5.219900112234351e-17]}], "source": "action wait"}
{"timestamp": 1706069427.568787, "objects": [{"color": "cv_", "id_name": "hand", "shape": "CVCylinder", "id_string": "ob383", "world_size": [0.12, 0.005, 0.12], "id": 383, "camera_size": [49, 51], "camera_position": [246, 421], "world_position": [0.2907926551242761, 0.6674613924665558, -0.17395626181336435], "world_orientation": [-0.00038507851532733816, 0.19527565191605456, 0.9807483221924456, -0.0007159589408372527, -0.9807481973808851, 0.19527534595268195, 0.9999996695586114, -0.0006269791896856119, 0.0005174744086749453], "world_rotation": [0.0, 1.0, 0.0, 0.0]}, {"color": "CVBlue", "id_name": "object106225415711385", "shape": "CVCylinder", "id_string": "ob1185", "world_size": [0.11, 0.11, 0.11], "id": 1185, "camera_size": [45, 45], "camera_position": [256, 254], "world_position": [0.705, 0.6547388556955969, -0.15], "world_orientation": [1.0, -4.897221604918398e-17, 1.4146695862742246e-17, 4.897221604918398e-17, 1.0, 5.294293626938863e-18, -1.4146695862742246e-17, -5.294293626938863e-18, 1.0], "world_rotation": [-0.10330576830065501, 0.27603971143196315, 0.9555783567810491, 5.1248770654613044e-17]}], "source": "action wait"}
{"timestamp": 1706069427.601987, "objects": [{"color": "cv_", "id_name": "hand", "shape": "CVCylinder", "id_string": "ob383", "world_size": [0.12, 0.005, 0.12], "id": 383, "camera_size": [51, 52], "camera_position": [246, 406], "world_position": [0.33661635729650313, 0.7051655274378686, -0.1739841291508318], "world_orientation": [-0.00022719945032811386, 0.181454226859497, 0.9833993654336125, -0.0007325661130874558, -0.9833991571437225, 0.1814540191781561, 0.9999997058636068, -0.0006791787973315609, 0.00035635496563035933], "world_rotation": [0.0, 1.0, 0.0, 0.0]}, {"color": "CVBlue", "id_name": "object106225415711385", "shape": "CVCylinder", "id_string": "ob1185", "world_size": [0.11, 0.11, 0.11], "id": 1185, "camera_size": [45, 45], "camera_position": [256, 254], "world_position": [0.705, 0.6547388564567225, -0.15], "world_orientation": [1.0, -3.838362879530639e-17, 1.4108543902771826e-17, 3.838362879530639e-17, 1.0, 2.6471468134694703e-18, -1.4108543902771826e-17, -2.6471468134694703e-18, 1.0], "world_rotation": [-0.0645960483009439, 0.3442786696839726, 0.9366427003636638, 4.0980011674039034e-17]}], "source": "action wait"}
{"timestamp": 1706069427.634528, "objects": [{"color": "cv_", "id_name": "hand", "shape": "CVCylinder", "id_string": "ob383", "world_size": [0.12, 0.005, 0.12], "id": 383, "camera_size": [51, 52], "camera_position": [246, 388], "world_position": [0.38702386417580487, 0.738156622995374, -0.17400464616452857], "world_orientation": [-0.00012494657822478554, 0.17161501035162588, 0.9851640841049597, -0.0007439005736928905, -0.9851638351571537, 0.17161487263749953, 0.9999997155001041, -0.0007114214362390602, 0.00025075735484900017], "world_rotation": [0.0, 1.0, 0.0, 0.0]}, {"color": "CVBlue", "id_name": "object106225415711385", "shape": "CVCylinder", "id_string": "ob1185", "world_size": [0.11, 0.11, 0.11], "id": 1185, "camera_size": [45, 45], "camera_position": [256, 254], "world_position": [0.705, 0.6547388569425623, -0.15], "world_orientation": [1.0, -3.5736481981837e-17, 1.53352332396395e-17, 3.5736481981837e-17, 1.0, 5.294293626938874e-18, -1.53352332396395e-17, -5.294293626938874e-18, 1.0], "world_rotation": [-0.1348981710815024, 0.39074049588211773, 0.9105626548001309, 3.9246593074565725e-17]}], "source": "action wait"}
{"timestamp": 1706069427.665497, "objects": [{"color": "cv_", "id_name": "hand", "shape": "CVCylinder", "id_string": "ob383", "world_size": [0.12, 0.005, 0.12], "id": 383, "camera_size": [52, 53], "camera_position": [245, 368], "world_position": [0.4410281178646471, 0.7659779802268569, -0.17402313867599895], "world_orientation": [-5.296175738679061e-05, 0.16466232338894538, 0.9863499969337489, -0.0007513199729679015, -0.9863497264808919, 0.1646622378973635, 0.999999716356635, -0.000732343651539147, 0.00017595290727024176], "world_rotation": [0.0, 1.0, 0.0, 0.0]}, {"color": "CVBlue", "id_name": "object106225415711385", "shape": "CVCylinder", "id_string": "ob1185", "world_size": [0.11, 0.11, 0.11], "id": 1185, "camera_size": [45, 45], "camera_position": [256, 254], "world_position": [0.705, 0.6547388572526824, -0.15], "world_orientation": [1.0, -3.838362879530641e-17, 1.4813540171849057e-17, 3.838362879530641e-17, 1.0, 5.294293626938881e-18, -1.4813540171849057e-17, -5.294293626938881e-18, 1.0], "world_rotation": [-0.1276280613210114, 0.35710588544125776, 0.925303444577321, 4.1482206750932463e-17]}], "source": "action wait"}
{"timestamp": 1706069427.703462, "objects": [{"color": "cv_", "id_name": "hand", "shape": "CVCylinder", "id_string": "ob383", "world_size": [0.12, 0.005, 0.12], "id": 383, "camera_size": [52, 53], "camera_position": [245, 344], "world_position": [0.49814428117749265, 0.7811318214833052, -0.17403840484174785], "world_orientation": [-9.159790421728915e-06, 0.1494645805142581, 0.9887670803014202, -0.0007643626009899696, -0.9887667925456439, 0.14946452993541268, 0.9999997078329136, -0.0007544075135031109, 0.00012330203211385093], "world_rotation": [0.0, 1.0, 0.0, 0.0]}, {"color": "CVBlue", "id_name": "object106225415711385", "shape": "CVCylinder", "id_string": "ob1185", "world_size": [0.11, 0.11, 0.11], "id": 1185, "camera_size": [45, 45], "camera_position": [256, 254], "world_position": [0.705, 0.6547388572526824, -0.15], "world_orientation": [1.0, -3.838362879530641e-17, 1.4813540171849057e-17, 3.838362879530641e-17, 1.0, 5.294293626938881e-18, -1.4813540171849057e-17, -5.294293626938881e-18, 1.0], "world_rotation": [-0.1276280613210114, 0.35710588544125776, 0.925303444577321, 4.1482206750932463e-17]}], "source": "action wait"}
{"timestamp": 1706069427.740134, "objects": [{"color": "cv_", "id_name": "hand", "shape": "CVCylinder", "id_string": "ob383", "world_size": [0.12, 0.005, 0.12], "id": 383, "camera_size": [52, 53], "camera_position": [245, 318], "world_position": [0.5567689997555697, 0.7728445459356018, -0.1740502463361763], "world_orientation": [-2.3994528974321013e-06, 0.11076601300461715, 0.9938465124742872, -0.0007770610809868949, -0.9938462126294784, 0.11076597771029885, 0.9999996980851139, -0.0007720136675724657, 8.845664497687442e-05], "world_rotation": [0.0, 1.0, 0.0, 0.0]}, {"color": "CVBlue", "id_name": "object106225415711385", "shape": "CVCylinder", "id_string": "ob1185", "world_size": [0.11, 0.11, 0.11], "id": 1185, "camera_size": [45, 45], "camera_position": [256, 254], "world_position": [0.705, 0.6547388572526824, -0.15], "world_orientation": [1.0, -3.838362879530641e-17, 1.4813540171849057e-17, 3.838362879530641e-17, 1.0, 5.294293626938881e-18, -1.4813540171849057e-17, -5.294293626938881e-18, 1.0], "world_rotation": [-0.1276280613210114, 0.35710588544125776, 0.925303444577321, 4.1482206750932463e-17]}], "source": "action wait"}
{"timestamp": 1706069427.772372, "objects": [{"color": "cv_", "id_name": "hand", "shape": "CVCylinder", "id_string": "ob383", "world_size": [0.12, 0.005, 0.12], "id": 383, "camera_size": [52, 52], "camera_position": [245, 298], "world_position": [0.6020929110954377, 0.7593859571993397, -0.17405586151309868], "world_orientation": [-1.6653698926638233e-05, 0.0776591025927219, 0.9969799714674049, -0.0007752627839410833, -0.9969796729996453, 0.07765906639366872, 0.99999969934509, -0.0007716281575030181, 7.68096113849055e-05], "world_rotation": [0.0, 1.0, 0.0, 0.0]}, {"color": "CVBlue", "id_name": "object106225415711385", "shape": "CVCylinder", "id_string": "ob1185", "world_size": [0.11, 0.11, 0.11], "id": 1185, "camera_size": [45, 45], "camera_position": [256, 254], "world_position": [0.705, 0.6547388572526824, -0.15], "world_orientation": [1.0, -3.838362879530641e-17, 1.4813540171849057e-17, 3.838362879530641e-17, 1.0, 5.294293626938881e-18, -1.4813540171849057e-17, -5.294293626938881e-18, 1.0], "world_rotation": [-0.1276280613210114, 0.35710588544125776, 0.925303444577321, 4.1482206750932463e-17]}], "source": "action wait"}
{"timestamp": 1706069427.795287, "objects": [{"color": "cv_", "id_name": "hand", "shape": "CVCylinder", "id_string": "ob383", "world_size": [0.12, 0.005, 0.12], "id": 383, "camera_size": [51, 51], "camera_position": [246, 284], "world_position": [0.6339078746424435, 0.747434643983011, -0.17406354685926856], "world_orientation": [-2.288621399318375e-05, 0.054265065588794514, 0.998526565561911, -0.0007713943828076838, -0.9985262696951177, 0.05426503182952492, 0.9999997022134195, -0.0007690158626282327, 6.471225266432813e-05], "world_rotation": [0.0, 1.0, 0.0, 0.0]}, {"color": "CVBlue", "id_name": "object106225415711385", "shape": "CVCylinder", "id_string": "ob1185", "world_size": [0.11, 0.11, 0.11], "id": 1185, "camera_size": [45, 45], "camera_position": [256, 254], "world_position": [0.705, 0.6547388572526824, -0.15], "world_orientation": [1.0, -3.838362879530641e-17, 1.4813540171849057e-17, 3.838362879530641e-17, 1.0, 5.294293626938881e-18, -1.4813540171849057e-17, -5.294293626938881e-18, 1.0], "world_rotation": [-0.1276280613210114, 0.35710588544125776, 0.925303444577321, 4.1482206750932463e-17]}], "source": "action wait"}
{"timestamp": 1706069427.825084, "objects": [{"color": "cv_", "id_name": "hand", "shape": "CVCylinder", "id_string": "ob383", "world_size": [0.12, 0.005, 0.12], "id": 383, "camera_size": [51, 51], "camera_position": [246, 275], "world_position": [0.6561720478082237, 0.7378177180827388, -0.17407142925191577], "world_orientation": [-2.422400924685513e-05, 0.03775732307438838, 0.9992869377548442, -0.0007679011265953172, -0.9992866441245072, 0.037757293364864546, 0.9999997048704851, -0.0007664389322706931, 5.3200619833954805e-05], "world_rotation": [0.0, 1.0, 0.0, 0.0]}, {"color": "CVBlue", "id_name": "object106225415711385", "shape": "CVCylinder", "id_string": "ob1185", "world_size": [0.11, 0.11, 0.11], "id": 1185, "camera_size": [45, 45], "camera_position": [256, 254], "world_position": [0.705, 0.6547388572526824, -0.15], "world_orientation": [1.0, -3.838362879530641e-17, 1.4813540171849057e-17, 3.838362879530641e-17, 1.0, 5.294293626938881e-18, -1.4813540171849057e-17, -5.294293626938881e-18, 1.0], "world_rotation": [-0.1276280613210114, 0.35710588544125776, 0.925303444577321, 4.1482206750932463e-17]}], "source": "action wait"}
{"timestamp": 1706069427.856933, "objects": [{"color": "cv_", "id_name": "hand", "shape": "CVCylinder", "id_string": "ob383", "world_size": [0.12, 0.005, 0.12], "id": 383, "camera_size": [51, 51], "camera_position": [246, 268], "world_position": [0.6717503223385445, 0.7304695145702167, -0.17407854325139707], "world_orientation": [-2.30334812699192e-05, 0.026116251632644104, 0.9996589122646381, -0.0007653884096041786, -0.9996586201803921, 0.026116226366321188, 0.9999997068249777, -0.0007645257973943299, 4.301469440654402e-05], "world_rotation": [0.0, 1.0, 0.0, 0.0]}, {"color": "CVBlue", "id_name": "object106225415711385", "shape": "CVCylinder", "id_string": "ob1185", "world_size": [0.11, 0.11, 0.11], "id": 1185, "camera_size": [45, 45], "camera_position": [256, 254], "world_position": [0.705, 0.6547388572526824, -0.15], "world_orientation": [1.0, -3.838362879530641e-17, 1.4813540171849057e-17, 3.838362879530641e-17, 1.0, 5.294293626938881e-18, -1.4813540171849057e-17, -5.294293626938881e-18, 1.0], "world_rotation": [-0.1276280613210114, 0.35710588544125776, 0.925303444577321, 4.1482206750932463e-17]}], "source": "action wait"}
{"timestamp": 1706069427.889563, "objects": [{"color": "cv_", "id_name": "hand", "shape": "CVCylinder", "id_string": "ob383", "world_size": [0.12, 0.005, 0.12], "id": 383, "camera_size": [51, 50], "camera_position": [246, 263], "world_position": [0.6826598803174392, 0.725022339862512, -0.17408455697945893], "world_orientation": [-2.0723932009768e-05, 0.01790963648149496, 0.9998396093832347, -0.0007638041428653627, -0.9998393182297917, 0.01790961543464211, 0.9999997080868324, -0.0007633104781956033, 3.440005659383624e-05], "world_rotation": [0.0, 1.0, 0.0, 0.0]}, {"color": "CVBlue", "id_name": "object106225415711385", "shape": "CVCylinder", "id_string": "ob1185", "world_size": [0.11, 0.11, 0.11], "id": 1185, "camera_size": [45, 45], "camera_position": [256, 254], "world_position": [0.705, 0.6547388572526824, -0.15], "world_orientation": [1.0, -3.838362879530641e-17, 1.4813540171849057e-17, 3.838362879530641e-17, 1.0, 5.294293626938881e-18, -1.4813540171849057e-17, -5.294293626938881e-18, 1.0], "world_rotation": [-0.1276280613210114, 0.35710588544125776, 0.925303444577321, 4.1482206750932463e-17]}], "source": "action wait"}
{"timestamp": 1706069427.924656, "objects": [{"color": "cv_", "id_name": "hand", "shape": "CVCylinder", "id_string": "ob383", "world_size": [0.12, 0.005, 0.12], "id": 383, "camera_size": [51, 51], "camera_position": [246, 260], "world_position": [0.6903085232459186, 0.7210596252587635, -0.1740894465264021], "world_orientation": [-1.8086535691375806e-05, 0.012125026555622854, 0.9999264890000179, -0.0007629151962386533, -0.9999261983324268, 0.012125009231504514, 0.999999708816598, -0.0007626398141677805, 2.7335567889331285e-05], "world_rotation": [0.0, 1.0, 0.0, 0.0]}, {"color": "CVBlue", "id_name": "object106225415711385", "shape": "CVCylinder", "id_string": "ob1185", "world_size": [0.11, 0.11, 0.11], "id": 1185, "camera_size": [45, 45], "camera_position": [256, 254], "world_position": [0.705, 0.6547388572526824, -0.15], "world_orientation": [1.0, -3.838362879530641e-17, 1.4813540171849057e-17, 3.838362879530641e-17, 1.0, 5.294293626938881e-18, -1.4813540171849057e-17, -5.294293626938881e-18, 1.0], "world_rotation": [-0.1276280613210114, 0.35710588544125776, 0.925303444577321, 4.1482206750932463e-17]}], "source": "action wait"}
{"timestamp": 1706069427.959945, "objects": [{"color": "cv_", "id_name": "hand", "shape": "CVCylinder", "id_string": "ob383", "world_size": [0.12, 0.005, 0.12], "id": 383, "camera_size": [51, 50], "camera_position": [246, 257], "world_position": [0.695676756760757, 0.7182114629861301, -0.17409332284773268], "world_orientation": [-1.5534294938070827e-05, 0.008047841683473705, 0.9999676154770831, -0.0007624873197933557, -0.9999673250089759, 0.008047827500670523, 0.9999997091858442, -0.0007623376096796013, 2.167016459084348e-05], "world_rotation": [0.0, 1.0, 0.0, 0.0]}, {"color": "CVBlue", "id_name": "object106225415711385", "shape": "CVCylinder", "id_string": "ob1185", "world_size": [0.11, 0.11, 0.11], "id": 1185, "camera_size": [45, 45], "camera_position": [256, 254], "world_position": [0.705, 0.6547388572526824, -0.15], "world_orientation": [1.0, -3.838362879530641e-17, 1.4813540171849057e-17, 3.838362879530641e-17, 1.0, 5.294293626938881e-18, -1.4813540171849057e-17, -5.294293626938881e-18, 1.0], "world_rotation": [-0.1276280613210114, 0.35710588544125776, 0.925303444577321, 4.1482206750932463e-17]}], "source": "action wait"}
{"timestamp": 1706069427.994152, "objects": [{"color": "cv_", "id_name": "hand", "shape": "CVCylinder", "id_string": "ob383", "world_size": [0.12, 0.005, 0.12], "id": 383, "camera_size": [50, 50], "camera_position": [245, 256], "world_position": [0.6994479787414333, 0.7161805173339493, -0.1740963429655832], "world_orientation": [-1.3258296470775746e-05, 0.005174136922700732, 0.9999866139760687, -0.0007623385968293176, -0.9999863235400346, 0.005174125312478745, 0.9999997093319984, -0.0007622597920596155, 1.7202559426035432e-05], "world_rotation": [0.0, 1.0, 0.0, 0.0]}, {"color": "CVBlue", "id_name": "object106225415711385", "shape": "CVCylinder", "id_string": "ob1185", "world_size": [0.11, 0.11, 0.11], "id": 1185, "camera_size": [45, 45], "camera_position": [256, 254], "world_position": [0.705, 0.6547388572526824, -0.15], "world_orientation": [1.0, -3.838362879530641e-17, 1.4813540171849057e-17, 3.838362879530641e-17, 1.0, 5.294293626938881e-18, -1.4813540171849057e-17, -5.294293626938881e-18, 1.0], "world_rotation": [-0.1276280613210114, 0.35710588544125776, 0.925303444577321, 4.1482206750932463e-17]}], "source": "action wait"}
{"timestamp": 1706069428.0313, "objects": [{"color": "cv_", "id_name": "hand", "shape": "CVCylinder", "id_string": "ob383", "world_size": [0.12, 0.005, 0.12], "id": 383, "camera_size": [50, 50], "camera_position": [245, 255], "world_position": [0.7020993002859457, 0.7147398576795571, -0.17409866684026476], "world_orientation": [-1.132496412748499e-05, 0.0031486524829887376, 0.999995042917357, -0.0007623439402994097, -0.9999947524259246, 0.0031486429347674333, 0.9999997093516887, -0.0007623045030295641, 1.3725260839777398e-05], "world_rotation": [0.0, 1.0, 0.0, 0.0]}, {"color": "CVBlue", "id_name": "object106225415711385", "shape": "CVCylinder", "id_string": "ob1185", "world_size": [0.11, 0.11, 0.11], "id": 1185, "camera_size": [45, 45], "camera_position": [256, 254], "world_position": [0.705, 0.6547388572526824, -0.15], "world_orientation": [1.0, -3.838362879530641e-17, 1.4813540171849057e-17, 3.838362879530641e-17, 1.0, 5.294293626938881e-18, -1.4813540171849057e-17, -5.294293626938881e-18, 1.0], "world_rotation": [-0.1276280613210114, 0.35710588544125776, 0.925303444577321, 4.1482206750932463e-17]}], "source": "action wait"}
{"timestamp": 1706069428.060877, "objects": [{"color": "cv_", "id_name": "hand", "shape": "CVCylinder", "id_string": "ob383", "world_size": [0.12, 0.005, 0.12], "id": 383, "camera_size": [50, 50], "camera_position": [245, 254], "world_position": [0.7039644141416688, 0.713721438773998, -0.17410043849849222], "world_orientation": [-9.734662110828753e-06, 0.0017209907405045994, 0.9999985190469572, -0.0007624240525183423, -0.9999982284622823, 0.001720982818459157, 0.9999997093073582, -0.0007624061702182352, 1.1046769600594613e-05], "world_rotation": [0.0, 1.0, 0.0, 0.0]}, {"color": "CVBlue", "id_name": "object106225415711385", "shape": "CVCylinder", "id_string": "ob1185", "world_size": [0.11, 0.11, 0.11], "id": 1185, "camera_size": [45, 45], "camera_position": [256, 254], "world_position": [0.705, 0.6547388572526824, -0.15], "world_orientation": [1.0, -3.838362879530641e-17, 1.4813540171849057e-17, 3.838362879530641e-17, 1.0, 5.294293626938881e-18, -1.4813540171849057e-17, -5.294293626938881e-18, 1.0], "world_rotation": [-0.1276280613210114, 0.35710588544125776, 0.925303444577321, 4.1482206750932463e-17]}], "source": "action wait"}
{"timestamp": 1706069428.097395, "objects": [{"color": "cv_", "id_name": "hand", "shape": "CVCylinder", "id_string": "ob383", "world_size": [0.12, 0.005, 0.12], "id": 383, "camera_size": [50, 50], "camera_position": [245, 253], "world_position": [0.7052770841126269, 0.7130031274544761, -0.17410177962336001], "world_orientation": [-8.455984562206167e-06, 0.0007146770636921649, 0.9999997445825629, -0.0007625320863362161, -0.9999994538953637, 0.0007146704079838327, 0.9999997092366146, -0.00076252584833066, 9.000944137152165e-06], "world_rotation": [0.0, 1.0, 0.0, 0.0]}, {"color": "CVBlue", "id_name": "object106225415711385", "shape": "CVCylinder", "id_string": "ob1185", "world_size": [0.11, 0.11, 0.11], "id": 1185, "camera_size": [45, 45], "camera_position": [256, 254], "world_position": [0.705, 0.6547388572526824, -0.15], "world_orientation": [1.0, -3.838362879530641e-17, 1.4813540171849057e-17, 3.838362879530641e-17, 1.0, 5.294293626938881e-18, -1.4813540171849057e-17, -5.294293626938881e-18, 1.0], "world_rotation": [-0.1276280613210114, 0.35710588544125776, 0.925303444577321, 4.1482206750932463e-17]}], "source": "action wait"}
{"timestamp": 1706069428.120935, "objects": [{"color": "cv_", "id_name": "hand", "shape": "CVCylinder", "id_string": "ob383", "world_size": [0.12, 0.005, 0.12], "id": 383, "camera_size": [50, 50], "camera_position": [245, 253], "world_position": [0.7062012909394312, 0.7124972184146913, -0.1741027891930215], "world_orientation": [-7.445146105635825e-06, 5.3383393216886336e-06, 0.999999999958036, -0.0007626424534219784, -0.9999997091739832, 5.332659785289379e-06, 0.9999997091604869, -0.0007626424136879059, 7.44921518495538e-06], "world_rotation": [0.0, 1.0, 0.0, 0.0]}, {"color": "CVBlue", "id_name": "object106225415711385", "shape": "CVCylinder", "id_string": "ob1185", "world_size": [0.11, 0.11, 0.11], "id": 1185, "camera_size": [45, 45], "camera_position": [256, 254], "world_position": [0.705, 0.6547388572526824, -0.15], "world_orientation": [1.0, -3.838362879530641e-17, 1.4813540171849057e-17, 3.838362879530641e-17, 1.0, 5.294293626938881e-18, -1.4813540171849057e-17, -5.294293626938881e-18, 1.0], "world_rotation": [-0.1276280613210114, 0.35710588544125776, 0.925303444577321, 4.1482206750932463e-17]}], "source": "action wait"}
{"timestamp": 1706069428.150417, "objects": [{"color": "cv_", "id_name": "hand", "shape": "CVCylinder", "id_string": "ob383", "world_size": [0.12, 0.005, 0.12], "id": 383, "camera_size": [49, 50], "camera_position": [246, 253], "world_position": [0.7068521879898039, 0.7121412220661184, -0.17410354575892445], "world_orientation": [-6.6564312320546795e-06, -0.0004946801479918955, 0.9999998776236142, -0.0007627426679830756, -0.9999995867550611, -0.0004946850812493721, 0.999999709089615, -0.0007627458674789788, 6.27911482580464e-06], "world_rotation": [0.0, 1.0, 0.0, 0.0]}, {"color": "CVBlue", "id_name": "object106225415711385", "shape": "CVCylinder", "id_string": "ob1185", "world_size": [0.11, 0.11, 0.11], "id": 1185, "camera_size": [45, 45], "camera_position": [256, 254], "world_position": [0.705, 0.6547388572526824, -0.15], "world_orientation": [1.0, -3.838362879530641e-17, 1.4813540171849057e-17, 3.838362879530641e-17, 1.0, 5.294293626938881e-18, -1.4813540171849057e-17, -5.294293626938881e-18, 1.0], "world_rotation": [-0.1276280613210114, 0.35710588544125776, 0.925303444577321, 4.1482206750932463e-17]}], "source": "action wait"}
{"timestamp": 1706069428.185758, "objects": [{"color": "cv_", "id_name": "hand", "shape": "CVCylinder", "id_string": "ob383", "world_size": [0.12, 0.005, 0.12], "id": 383, "camera_size": [49, 49], "camera_position": [246, 253], "world_position": [0.7072712613440261, 0.7119345543839568, -0.17410677950725567], "world_orientation": [-3.823002666553651e-06, -0.0008326103687942367, 0.9999996533726192, -0.0007644612579523754, -0.9999993611770446, -0.0008326130480471558, 0.9999997077921422, -0.0007644641760514387, 3.1865018547829757e-06], "world_rotation": [0.0, 1.0, 0.0, 0.0]}, {"color": "CVBlue", "id_name": "object106225415711385", "shape": "CVCylinder", "id_string": "ob1185", "world_size": [0.11, 0.11, 0.11], "id": 1185, "camera_size": [45, 46], "camera_position": [256, 253], "world_position": [0.7051616177311756, 0.654605479847323, -0.1500016156761727], "world_orientation": [0.9999957369954287, 0.002919929928259321, 4.2856418888330826e-07, -0.0029199299400670146, 0.9999957365218289, 3.077840228362936e-05, -3.3869158373750994e-07, -3.077952245256608e-05, 0.9999999995262532], "world_rotation": [-0.010540407809274947, 0.00013137526601328994, -0.9999444397284051, 0.0029200963252010727]}], "source": "action wait"}
{"timestamp": 1706069428.219826, "objects": [{"color": "cv_", "id_name": "hand", "shape": "CVCylinder", "id_string": "ob383", "world_size": [0.12, 0.005, 0.12], "id": 383, "camera_size": [49, 50], "camera_position": [246, 252], "world_position": [0.7075700002550499, 0.7117856671771221, -0.17410850509562584], "world_orientation": [-1.8003628099004916e-06, -0.0010716926790141847, 0.9999994257356154, -0.0007655237586947082, -0.9999991327225717, -0.0010716937432150198, 0.9999997069850239, -0.0007655252485196016, 9.799550410437668e-07], "world_rotation": [0.0, 1.0, 0.0, 0.0]}, {"color": "CVBlue", "id_name": "object106225415711385", "shape": "CVCylinder", "id_string": "ob1185", "world_size": [0.11, 0.11, 0.11], "id": 1185, "camera_size": [45, 46], "camera_position": [256, 253], "world_position": [0.7052509834452636, 0.6545227062529013, -0.15000248038743705], "world_orientation": [0.9999897919599621, 0.00451840407123905, 7.217184734663525e-07, -0.004518404100412057, 0.9999897908330895, 4.747609633497033e-05, -5.071949183557723e-07, -4.747887271278796e-05, 0.9999999988727497], "world_rotation": [-0.010506998140190845, 0.00013598225402860603, -0.9999447907254223, 0.004518668934703066]}], "source": "action wait"}
{"timestamp": 1706069429.31531, "objects": [{"color": "cv_", "id_name": "hand", "shape": "CVCylinder", "id_string": "ob383", "world_size": [0.12, 0.005, 0.12], "id": 383, "camera_size": [49, 50], "camera_position": [246, 252], "world_position": [0.7082943114303946, 0.7114331685011137, -0.1741129283153844], "world_orientation": [3.0654896559297724e-06, -0.0016402072426821546, 0.9999986548544973, -0.0007680188389669429, -0.9999983599369422, -0.0016402044045982578, 0.9999997050687895, -0.0007680127778405849, -4.325194690162408e-06], "world_rotation": [0.0, 1.0, 0.0, 0.0]}, {"color": "CVBlue", "id_name": "object106225415711385", "shape": "CVCylinder", "id_string": "ob1185", "world_size": [0.11, 0.11, 0.11], "id": 1185, "camera_size": [45, 46], "camera_position": [256, 253], "world_position": [0.7054684024661859, 0.6543316009067787, -0.15000471120204972], "world_orientation": [0.9999714758945927, 0.007552935188993412, -2.381640048683074e-05, -0.007552932159854424, 0.9999714684120359, 0.00012481051939346958, 2.4758406730989243e-05, -0.00012462707562788943, 0.9999999919275566], "world_rotation": [0.016510293678326595, 0.0032151702411404083, 0.9998585264341029, -0.007554074210199046]}], "source": "action wait"}
{"timestamp": 1706069429.348478, "objects": [{"color": "cv_", "id_name": "hand", "shape": "CVCylinder", "id_string": "ob383", "world_size": [0.12, 0.005, 0.12], "id": 383, "camera_size": [51, 50], "camera_position": [246, 251], "world_position": [0.7107076449846658, 0.7320908357165088, -0.17409544330958082], "world_orientation": [2.170453710037918e-05, 0.02866278957323231, 0.9995891376074442, -0.0007441836622029203, -0.9995888605889944, 0.028662797788648428, 0.9999997228597566, -0.0007445000178813294, -3.6523379585713805e-07], "world_rotation": [0.0, 1.0, 0.0, 0.0]}, {"color": "CVBlue", "id_name": "object106225415711385", "shape": "CVCylinder", "id_string": "ob1185", "world_size": [0.11, 0.11, 0.11], "id": 1185, "camera_size": [46, 48], "camera_position": [252, 251], "world_position": [0.710594280020006, 0.6757049870071978, -0.15864657717699282], "world_orientation": [0.9996832545579317, -0.0251672294886876, -3.3411457227245475e-05, 0.025167233083080543, 0.9996832487616942, 0.00011191160080382484, 3.058436916691854e-05, -0.00011271702724603922, 0.9999999931797341], "world_rotation": [0.004462672257131272, 0.0012713980470825288, -0.9999892339937122, -0.025170159859558647]}], "source": "action wait"}
{"timestamp": 1706069429.380751, "objects": [{"color": "cv_", "id_name": "hand", "shape": "CVCylinder", "id_string": "ob383", "world_size": [0.12, 0.005, 0.12], "id": 383, "camera_size": [52, 53], "camera_position": [245, 250], "world_position": [0.7141167624451287, 0.7809562062710576, -0.17411242303078825], "world_orientation": [7.71135550348231e-05, 0.09913408845638694, 0.9950740809404197, -0.0007263857635409728, -0.9950738158274794, 0.09913411833603085, 0.9999997332085756, -0.0007304522303542213, -4.7240889238116125e-06], "world_rotation": [0.0, 1.0, 0.0, 0.0]}, {"color": "CVBlue", "id_name": "object106225415711385", "shape": "CVCylinder", "id_string": "ob1185", "world_size": [0.11, 0.11, 0.11], "id": 1185, "camera_size": [48, 53], "camera_position": [249, 248], "world_position": [0.7185782952673747, 0.7251381032390313, -0.16422527993033664], "world_orientation": [0.9952656732168511, -0.09719176042952268, -3.7693746424404835e-05, 0.09719176381104086, 0.9952656684051564, 0.00010169235996171555, 2.7631632242867974e-05, -0.00010487443679794117, 0.9999999941189227], "world_rotation": [0.0010626758068414078, 0.0003360641718389785, -0.9999993788903081, -0.0973454929933408]}], "source": "action wait"}
{"timestamp": 1706069429.410723, "objects": [{"color": "cv_", "id_name": "hand", "shape": "CVCylinder", "id_string": "ob383", "world_size": [0.12, 0.005, 0.12], "id": 383, "camera_size": [55, 55], "camera_position": [245, 250], "world_position": [0.7130999343710465, 0.8508858990235899, -0.1741189834227195], "world_orientation": [0.00015121373576549156, 0.19838525688910244, 0.9801241079493203, -0.0007164128860477004, -0.9801238461403864, 0.19838531442511878, 0.9999997319434556, -0.0007321721253764239, -6.082433850065194e-06], "world_rotation": [0.0, 1.0, 0.0, 0.0]}, {"color": "CVBlue", "id_name": "object106225415711385", "shape": "CVCylinder", "id_string": "ob1185", "world_size": [0.11, 0.11, 0.11], "id": 1185, "camera_size": [51, 60], "camera_position": [248, 245], "world_position": [0.7235107427414059, 0.795939247299555, -0.1677915684008039], "world_orientation": [0.9803147068392929, -0.1974413168567836, -4.418654170390458e-05, 0.19744131993834932, 0.9803147037829736, 8.20237981888137e-05, 2.7121829813662757e-05, -8.913338479284207e-05, 0.999999995659823], "world_rotation": [0.0004334380602362269, 0.00018058115756959626, -0.9999998897609407, -0.19874719220893794]}], "source": "action wait"}
{"timestamp": 1706069429.441272, "objects": [{"color": "cv_", "id_name": "hand", "shape": "CVCylinder", "id_string": "ob383", "world_size": [0.12, 0.005, 0.12], "id": 383, "camera_size": [59, 57], "camera_position": [244, 254], "world_position": [0.7045872821646143, 0.9204377204866353, -0.1741199947132987], "world_orientation": [0.00022591496813151942, 0.295693410959629, 0.955282866839706, -0.0007070912607670355, -0.9552826051722783, 0.29569349718452476, 0.9999997244921501, -0.0007422737536962056, -6.7304125476851665e-06], "world_rotation": [0.0, 1.0, 0.0, 0.0]}, {"color": "CVBlue", "id_name": "object106225415711385", "shape": "CVCylinder", "id_string": "ob1185", "world_size": [0.11, 0.11, 0.11], "id": 1185, "camera_size": [54, 67], "camera_position": [246, 246], "world_position": [0.7206976692603871, 0.8669083370964118, -0.17007106319333049], "world_orientation": [0.9553804042411663, -0.29537820000648396, -4.639952108656295e-05, 0.2953782024250571, 0.9553804027999719, 5.897377187813189e-05, 2.6909626560450678e-05, -7.004779314848847e-05, 0.9999999971845893], "world_rotation": [0.00021840061389950943, 0.00012409369586591307, -0.9999999684509628, -0.29985136874326]}], "source": "action wait"}
{"timestamp": 1706069429.473455, "objects": [{"color": "cv_", "id_name": "hand", "shape": "CVCylinder", "id_string": "ob383", "world_size": [0.12, 0.005, 0.12], "id": 383, "camera_size": [62, 59], "camera_position": [243, 262], "world_position": [0.6888580507967788, 0.9887020085495616, -0.17411987926891], "world_orientation": [0.0002995808376317271, 0.39001312481542755, 0.9208092488257421, -0.0006868817245306153, -0.9208089926689178, 0.3900132397926383, 0.9999997192223699, -0.0007493275378618923, -7.963841559309029e-06], "world_rotation": [0.0, 1.0, 0.0, 0.0]}, {"color": "CVBlue", "id_name": "object106225415711385", "shape": "CVCylinder", "id_string": "ob1185", "world_size": [0.11, 0.11, 0.11], "id": 1185, "camera_size": [57, 75], "camera_position": [245, 251], "world_position": [0.7104096274553876, 0.9371197519532972, -0.1715290552150107], "world_orientation": [0.9207799104228438, -0.3900824969541974, -4.61701038542316e-05, 0.39008249882714063, 0.9207799098013001, 4.260380186453628e-05, 2.5893506651355816e-05, -5.723887434706757e-05, 0.9999999980266188], "world_rotation": [0.00012797635821646294, 9.236970384176135e-05, -0.9999999875449448, -0.40072119194508354]}], "source": "action wait"}
{"timestamp": 1706069429.506214, "objects": [{"color": "cv_", "id_name": "hand", "shape": "CVCylinder", "id_string": "ob383", "world_size": [0.12, 0.005, 0.12], "id": 383, "camera_size": [66, 60], "camera_position": [242, 274], "world_position": [0.6661808777767211, 1.0549918237380422, -0.1741195261408017], "world_orientation": [0.0003708853347755863, 0.4803962853251869, 0.877051464561704, -0.0006571207094696065, -0.877051218444225, 0.4803964283983323, 0.9999997153181803, -0.0007545006708057867, -9.607086928077912e-06], "world_rotation": [0.0, 1.0, 0.0, 0.0]}, {"color": "CVBlue", "id_name": "object106225415711385", "shape": "CVCylinder", "id_string": "ob1185", "world_size": [0.11, 0.11, 0.11], "id": 1185, "camera_size": [60, 83], "camera_position": [243, 260], "world_position": [0.6928949809521083, 1.005870383384558, -0.17246182844347357], "world_orientation": [0.8768906451372501, -0.4806899151023517, -4.460573272876449e-05, 0.48068991655531557, 0.8768906449371965, 3.07192382235717e-05, 2.434792172672491e-05, -4.8378938567271174e-05, 0.9999999985333285], "world_rotation": [8.227567680849566e-05, 7.17236328183144e-05, -0.9999999940432169, -0.5014413213774325]}], "source": "action wait"}
{"timestamp": 1706069429.540741, "objects": [{"color": "cv_", "id_name": "hand", "shape": "CVCylinder", "id_string": "ob383", "world_size": [0.12, 0.005, 0.12], "id": 383, "camera_size": [70, 61], "camera_position": [241, 290], "world_position": [0.641849845304468, 1.1077734266060197, -0.17411809131243466], "world_orientation": [0.0004340030737515177, 0.5515633607554784, 0.8341328855245153, -0.0006358973645936904, -0.834132643214015, 0.5515635313899413, 0.999999703637893, -0.000769803171618545, -1.1278443560008347e-05], "world_rotation": [0.0, 1.0, 0.0, 0.0]}, {"color": "CVBlue", "id_name": "object106225415711385", "shape": "CVCylinder", "id_string": "ob1185", "world_size": [0.11, 0.11, 0.11], "id": 1185, "camera_size": [64, 89], "camera_position": [242, 272], "world_position": [0.6725620784065546, 1.0611741650675897, -0.17305819312644197], "world_orientation": [0.8338565545723774, -0.5519811999594385, -3.588902819099666e-05, 0.5519812006590709, 0.8338565547790352, 1.3077026799558124e-05, 2.2708028456990318e-05, -3.0714433382483754e-05, 0.9999999992704846], "world_rotation": [3.966752858735558e-05, 5.307885167693299e-05, -0.9999999978045614, -0.5847383246450818]}], "source": "action wait"}
{"timestamp": 1706069429.575429, "objects": [{"color": "cv_", "id_name": "hand", "shape": "CVCylinder", "id_string": "ob383", "world_size": [0.12, 0.005, 0.12], "id": 383, "camera_size": [73, 61], "camera_position": [241, 303], "world_position": [0.6216279288562969, 1.1434360471794511, -0.1741183416894984], "world_orientation": [0.0004788750970892744, 0.5995191196400349, 0.8003602912842935, -0.0006147337037027961, -0.8003600553401348, 0.5995193107135169, 0.9999996963905114, -0.0007791033142827403, -1.4727890349915976e-05], "world_rotation": [0.0, 1.0, 0.0, 0.0]}, {"color": "CVBlue", "id_name": "object106225415711385", "shape": "CVCylinder", "id_string": "ob1185", "world_size": [0.11, 0.11, 0.11], "id": 1185, "camera_size": [67, 93], "camera_position": [242, 283], "world_position": [0.6549711262758878, 1.0989091857235658, -0.17344096585802699], "world_orientation": [0.7999961276089537, -0.6000051625301676, -2.7346407130116528e-05, 0.6000051628443032, 0.7999961278288314, 4.365453951866297e-06, 1.9257724906216467e-05, -1.9900331720060423e-05, 0.9999999996165585], "world_rotation": [2.0221314046688392e-05, 3.8836442492372596e-05, -0.9999999990414147, -0.6435075628868946]}], "source": "action wait"}
{"timestamp": 1706069429.609309, "objects": [{"color": "cv_", "id_name": "hand", "shape": "CVCylinder", "id_string": "ob383", "world_size": [0.12, 0.005, 0.12], "id": 383, "camera_size": [75, 62], "camera_position": [241, 313], "world_position": [0.6059616496545638, 1.1676912450253698, -0.1741196211179645], "world_orientation": [0.0005089040089543985, 0.6321117483056184, 0.7748770732643493, -0.0005945797325119784, -0.7748768453682228, 0.6321119528905726, 0.9999996937457788, -0.0007824105098852398, -1.8497098828079878e-05], "world_rotation": [0.0, 1.0, 0.0, 0.0]}, {"color": "CVBlue", "id_name": "object106225415711385", "shape": "CVCylinder", "id_string": "ob1185", "world_size": [0.11, 0.11, 0.11], "id": 1185, "camera_size": [68, 96], "camera_position": [241, 292], "world_position": [0.6410586443054669, 1.1247548360901793, -0.1736868911086914], "world_orientation": [0.7744500513389504, -0.632635058705118, -2.1869361619630043e-05, 0.6326350588938067, 0.7744500514901548, 2.3079134514626987e-06, 1.5476661270526867e-05, -1.562268856717575e-05, 0.9999999997582023], "world_rotation": [1.4171362904747828e-05, 2.9516245069479314e-05, -0.999999999463982, -0.6849509934340453]}], "source": "action wait"}
{"timestamp": 1706069429.642683, "objects": [{"color": "cv_", "id_name": "hand", "shape": "CVCylinder", "id_string": "ob383", "world_size": [0.12, 0.005, 0.12], "id": 383, "camera_size": [76, 62], "camera_position": [240, 321], "world_position": [0.5942652154847873, 1.1843255813842433, -0.17412107215394376], "world_orientation": [0.0005286346022112858, 0.6544508643770865, 0.7561043490560952, -0.0005775263699615624, -0.7561041288059925, 0.654451077519033, 0.9999996935043277, -0.0007826356850535659, -2.174017333924747e-05], "world_rotation": [0.0, 1.0, 0.0, 0.0]}, {"color": "CVBlue", "id_name": "object106225415711385", "shape": "CVCylinder", "id_string": "ob1185", "world_size": [0.11, 0.11, 0.11], "id": 1185, "camera_size": [69, 98], "camera_position": [241, 299], "world_position": [0.6305473179199054, 1.1425667240583757, -0.17384479776683942], "world_orientation": [0.7556337041209388, -0.654994431150993, -1.891182087690861e-05, 0.6549944313100224, 0.7556337042131391, 3.1608416454200213e-06, 1.2220075587133574e-05, -1.477557584097622e-05, 0.999999999816176], "world_rotation": [1.369203814905236e-05, 2.376500850079495e-05, -0.9999999996238762, -0.7141752511108591]}], "source": "action wait"}
{"timestamp": 1706069429.673443, "objects": [{"color": "cv_", "id_name": "hand", "shape": "CVCylinder", "id_string": "ob383", "world_size": [0.12, 0.005, 0.12], "id": 383, "camera_size": [78, 63], "camera_position": [240, 328], "world_position": [0.5857205250290388, 1.1958165261681288, -0.174122346407188], "world_orientation": [0.0005414514328775275, 0.669871574194386, 0.7424767881332593, -0.0005639513255544141, -0.7424765743531329, 0.6698717925810427, 0.9999996943945775, -0.0007814238107984235, -2.4240042842841127e-05], "world_rotation": [0.0, 1.0, 0.0, 0.0]}, {"color": "CVBlue", "id_name": "object106225415711385", "shape": "CVCylinder", "id_string": "ob1185", "world_size": [0.11, 0.11, 0.11], "id": 1185, "camera_size": [70, 99], "camera_position": [240, 305], "world_position": [0.6228131144161514, 1.154911475357611, -0.17394612034419038], "world_orientation": [0.7419763645919644, -0.6704260392281958, -1.7654635921054707e-05, 0.6704260393903564, 0.7419763646382397, 5.057897982766956e-06, 9.708376068309119e-06, -1.558896839516188e-05, 0.9999999998313658], "world_rotation": [1.539831775661176e-05, 2.040718168451033e-05, -0.9999999996732193, -0.7347828341609027]}], "source": "action wait"}
