{"timestamp": 1706200869.636433, "objects": [{"color": "cv_", "id_name": "hand", "shape": "CVCylinder", "id_string": "ob382", "world_size": [0.12, 0.005, 0.12], "id": 382, "camera_size": [48, 50], "camera_position": [246, 426], "world_position": [0.26764451555797625, 0.6334703012687507, -0.17389260400876874], "world_orientation": [-0.0006415514190002774, 0.1979154747049965, 0.9802188802936173, -0.0007473675769404783, -0.9802189031575606, 0.1979149901707656, 0.9999995149266233, -0.000605611166651158, 0.0007767764370213553], "world_rotation": [0.0, 1.0, 0.0, 0.0]}, {"color": "CVGreen", "id_name": "object43885883970097", "shape": "CVCone", "id_string": "ob519", "world_size": [0.1, 0.1, 0.1], "id": 519, "camera_size": [41, 41], "camera_position": [256, 254], "world_position": [0.705, 0.6498037894140971, -0.15], "world_orientation": [1.0, 2.5579538487363566e-17, -9.027880104552834e-18, -2.5579538487363566e-17, 1.0, -1.4921397450962073e-16, 9.027880104552834e-18, 1.4921397450962073e-16, 1.0], "world_rotation": [-0.9838744309492601, 0.059527269009059004, 0.16866418816273038, -1.5165957140044422e-16]}], "source": "action wait"}
{"timestamp": 1706200869.673016, "objects": [{"color": "cv_", "id_name": "hand", "shape": "CVCylinder", "id_string": "ob382", "world_size": [0.12, 0.005, 0.12], "id": 382, "camera_size": [49, 51], "camera_position": [246, 421], "world_position": [0.2908214460997248, 0.667489171586409, -0.1739562449705679], "world_orientation": [-0.0003848704262485225, 0.19553944217090025, 0.9806957624208683, -0.0007158874738085667, -0.9806956376287134, 0.19553913634138956, 0.9999996696898854, -0.0006268105811825496, 0.0005174249853603195], "world_rotation": [0.0, 1.0, 0.0, 0.0]}, {"color": "CVGreen", "id_name": "object43885883970097", "shape": "CVCone", "id_string": "ob519", "world_size": [0.1, 0.1, 0.1], "id": 519, "camera_size": [41, 41], "camera_position": [256, 254], "world_position": [0.705, 0.6498037932383656, -0.15], "world_orientation": [1.0, 2.1316282072802963e-17, -9.624447840080312e-18, -2.1316282072802963e-17, 1.0, -1.5774048733874193e-16, 9.624447840080312e-18, 1.5774048733874193e-16, 1.0], "world_rotation": [-0.9891858493133231, 0.06035462278252622, 0.13367376342071935, -1.5946496550495827e-16]}], "source": "action wait"}
{"timestamp": 1706200869.707966, "objects": [{"color": "cv_", "id_name": "hand", "shape": "CVCylinder", "id_string": "ob382", "world_size": [0.12, 0.005, 0.12], "id": 382, "camera_size": [51, 52], "camera_position": [246, 406], "world_position": [0.33666532428814505, 0.7052214014474671, -0.17398410585180604], "world_orientation": [-0.00022686552692384243, 0.18191915968560002, 0.9833134636886235, -0.0007324768473156819, -0.9833132554385149, 0.18191895216435894, 0.9999997060048073, -0.0006789832068657944, 0.0003563314523795084], "world_rotation": [0.0, 1.0, 0.0, 0.0]}, {"color": "CVGreen", "id_name": "object43885883970097", "shape": "CVCone", "id_string": "ob519", "world_size": [0.1, 0.1, 0.1], "id": 519, "camera_size": [41, 41], "camera_position": [256, 254], "world_position": [0.705, 0.649803795681077, -0.15], "world_orientation": [1.0, 1.9184653865522657e-17, -9.55897242464241e-18, -1.9184653865522657e-17, 1.0, -1.6626700016786308e-16, 9.55897242464241e-18, 1.6626700016786308e-16, 1.0], "world_rotation": [-0.9917927042003282, 0.05701984820103169, 0.11443761971542243, -1.67642894995807e-16]}], "source": "action wait"}
{"timestamp": 1706200869.740807, "objects": [{"color": "cv_", "id_name": "hand", "shape": "CVCylinder", "id_string": "ob382", "world_size": [0.12, 0.005, 0.12], "id": 382, "camera_size": [51, 52], "camera_position": [246, 388], "world_position": [0.38708760646663665, 0.7382319252437342, -0.17400462146682266], "world_orientation": [-0.00012445814914418632, 0.1722224671612764, 0.9850580725597107, -0.0007437935538954459, -0.9850578236504209, 0.17222232966791998, 0.9999997156406187, -0.0007112453721911119, 0.00025069643444248065], "world_rotation": [0.0, 1.0, 0.0, 0.0]}, {"color": "CVGreen", "id_name": "object43885883970097", "shape": "CVCone", "id_string": "ob519", "world_size": [0.1, 0.1, 0.1], "id": 519, "camera_size": [41, 41], "camera_position": [256, 254], "world_position": [0.705, 0.6498037972413333, -0.15], "world_orientation": [1.0, 5.115907697472714e-17, -6.85415628816222e-18, -5.115907697472714e-17, 1.0, -1.662670001678631e-16, 6.85415628816222e-18, 1.662670001678631e-16, 1.0], "world_rotation": [-0.955037983390763, 0.03937028750553474, 0.29385784104331186, -1.7409464655798235e-16]}], "source": "action wait"}
{"timestamp": 1706200869.770174, "objects": [{"color": "cv_", "id_name": "hand", "shape": "CVCylinder", "id_string": "ob382", "world_size": [0.12, 0.005, 0.12], "id": 382, "camera_size": [52, 53], "camera_position": [245, 368], "world_position": [0.4411025724187185, 0.7660667646814646, -0.17402311402323747], "world_orientation": [-5.240951073060336e-05, 0.16537060639909965, 0.9862314940177266, -0.0007512111190825085, -0.9862312236087327, 0.16537052113685988, 0.9999997164675088, -0.0007322010761937213, 0.00017591613419341793], "world_rotation": [0.0, 1.0, 0.0, 0.0]}, {"color": "CVGreen", "id_name": "object43885883970097", "shape": "CVCone", "id_string": "ob519", "world_size": [0.1, 0.1, 0.1], "id": 519, "camera_size": [41, 41], "camera_position": [256, 254], "world_position": [0.705, 0.6498037982379306, -0.15], "world_orientation": [1.0, 6.821210263296954e-17, -9.895008594728887e-18, -6.821210263296954e-17, 1.0, -1.6626700016786308e-16, 9.895008594728887e-18, 1.6626700016786308e-16, 1.0], "world_rotation": [-0.9237694600870437, 0.054976073050460456, 0.3789823425998132, -1.7998754814019971e-16]}], "source": "action wait"}
{"timestamp": 1706200869.79968, "objects": [{"color": "cv_", "id_name": "hand", "shape": "CVCylinder", "id_string": "ob382", "world_size": [0.12, 0.005, 0.12], "id": 382, "camera_size": [52, 53], "camera_position": [245, 344], "world_position": [0.49823333479751714, 0.7810135528910035, -0.1740383650882729], "world_orientation": [-8.783270782620985e-06, 0.1499373586223222, 0.988695498327071, -0.0007643862915988982, -0.988695210531149, 0.14993730818700418, 0.999999707818183, -0.0007544283455088261, 0.0001232940392854413], "world_rotation": [0.0, 1.0, 0.0, 0.0]}, {"color": "CVGreen", "id_name": "object43885883970097", "shape": "CVCone", "id_string": "ob519", "world_size": [0.1, 0.1, 0.1], "id": 519, "camera_size": [41, 41], "camera_position": [256, 254], "world_position": [0.705, 0.6498037988744967, -0.15], "world_orientation": [1.0, 7.673861546209075e-17, -1.2377042705897218e-17, -7.673861546209075e-17, 1.0, -1.7266188478970397e-16, 1.2377042705897218e-17, 1.7266188478970397e-16, 1.0], "world_rotation": [-0.9118572728722968, 0.0653653029547862, 0.4052698990543546, -1.893518754813779e-16]}], "source": "action wait"}
{"timestamp": 1706200869.832305, "objects": [{"color": "cv_", "id_name": "hand", "shape": "CVCylinder", "id_string": "ob382", "world_size": [0.12, 0.005, 0.12], "id": 382, "camera_size": [52, 53], "camera_position": [245, 318], "world_position": [0.5568507388697618, 0.7725841541531046, -0.174050203383495], "world_orientation": [-2.1699606507295014e-06, 0.1110878594704536, 0.9938105893345894, -0.0007770509431569386, -0.9938102894887212, 0.11108782425709836, 0.9999996980935161, -0.0007720003995546773, 8.847745519768465e-05], "world_rotation": [0.0, 1.0, 0.0, 0.0]}, {"color": "CVGreen", "id_name": "object43885883970097", "shape": "CVCone", "id_string": "ob519", "world_size": [0.1, 0.1, 0.1], "id": 519, "camera_size": [41, 41], "camera_position": [256, 254], "world_position": [0.705, 0.6498037992810966, -0.15], "world_orientation": [1.0, 7.887024366937104e-17, -1.2148997196173752e-17, -7.887024366937104e-17, 1.0, -1.9397816686250692e-16, 1.2148997196173752e-17, 1.9397816686250692e-16, 1.0], "world_rotation": [-0.9248004187044744, 0.05792093963762787, 0.37601775266006143, -2.0975138304353843e-16]}], "source": "action wait"}
{"timestamp": 1706200869.864175, "objects": [{"color": "cv_", "id_name": "hand", "shape": "CVCylinder", "id_string": "ob382", "world_size": [0.12, 0.005, 0.12], "id": 382, "camera_size": [52, 52], "camera_position": [245, 298], "world_position": [0.6021519424003013, 0.7590341677180054, -0.17405582441264858], "world_orientation": [-1.6490626639917734e-05, 0.07788685797079958, 0.9969622044408182, -0.0007752405626937462, -0.9969619059859413, 0.0778868218310996, 0.9999996993650194, -0.0007716011378564214, 7.682157816595707e-05], "world_rotation": [0.0, 1.0, 0.0, 0.0]}, {"color": "CVGreen", "id_name": "object43885883970097", "shape": "CVCone", "id_string": "ob519", "world_size": [0.1, 0.1, 0.1], "id": 519, "camera_size": [41, 41], "camera_position": [256, 254], "world_position": [0.705, 0.6498037994254439, -0.15], "world_orientation": [1.0, 8.100187187665134e-17, -1.2653630886983698e-17, -8.100187187665134e-17, 1.0, -1.9397816686250694e-16, 1.2653630886983698e-17, 1.9397816686250694e-16, 1.0], "world_rotation": [-0.9211093596285536, 0.06008602943210125, 0.38463907325148433, -2.1059189642881336e-16]}], "source": "action wait"}
{"timestamp": 1706200869.900505, "objects": [{"color": "cv_", "id_name": "hand", "shape": "CVCylinder", "id_string": "ob382", "world_size": [0.12, 0.005, 0.12], "id": 382, "camera_size": [51, 51], "camera_position": [246, 284], "world_position": [0.6339467381855408, 0.7470202652977305, -0.1740635124872028], "world_orientation": [-2.2765301506143572e-05, 0.054425994433631615, 0.99851780685757, -0.0007713685236320734, -0.9985175110082751, 0.054425960721334724, 0.9999997022361267, -0.0007689861830908195, 6.47140511711288e-05], "world_rotation": [0.0, 1.0, 0.0, 0.0]}, {"color": "CVGreen", "id_name": "object43885883970097", "shape": "CVCone", "id_string": "ob519", "world_size": [0.1, 0.1, 0.1], "id": 519, "camera_size": [41, 41], "camera_position": [256, 254], "world_position": [0.705, 0.6498037994254439, -0.15], "world_orientation": [1.0, 8.100187187665134e-17, -1.2653630886983698e-17, -8.100187187665134e-17, 1.0, -1.9397816686250694e-16, 1.2653630886983698e-17, 1.9397816686250694e-16, 1.0], "world_rotation": [-0.9211093596285536, 0.06008602943210125, 0.38463907325148433, -2.1059189642881336e-16]}], "source": "action wait"}
{"timestamp": 1706200869.935398, "objects": [{"color": "cv_", "id_name": "hand", "shape": "CVCylinder", "id_string": "ob382", "world_size": [0.12, 0.005, 0.12], "id": 382, "camera_size": [51, 51], "camera_position": [246, 275], "world_position": [0.656194761698403, 0.7373602025693146, -0.17407139528226925], "world_orientation": [-2.4130858494495258e-05, 0.03787094954657897, 0.9992826379949481, -0.0007678762619460568, -0.9992823443820885, 0.03787091987638388, 0.9999997048918305, -0.0007664115588829037, 5.31937440228842e-05], "world_rotation": [0.0, 1.0, 0.0, 0.0]}, {"color": "CVGreen", "id_name": "object43885883970097", "shape": "CVCone", "id_string": "ob519", "world_size": [0.1, 0.1, 0.1], "id": 519, "camera_size": [41, 41], "camera_position": [256, 254], "world_position": [0.705, 0.6498037994254439, -0.15], "world_orientation": [1.0, 8.100187187665134e-17, -1.2653630886983698e-17, -8.100187187665134e-17, 1.0, -1.9397816686250694e-16, 1.2653630886983698e-17, 1.9397816686250694e-16, 1.0], "world_rotation": [-0.9211093596285536, 0.06008602943210125, 0.38463907325148433, -2.1059189642881336e-16]}], "source": "action wait"}
{"timestamp": 1706200869.969617, "objects": [{"color": "cv_", "id_name": "hand", "shape": "CVCylinder", "id_string": "ob382", "world_size": [0.12, 0.005, 0.12], "id": 382, "camera_size": [51, 51], "camera_position": [246, 268], "world_position": [0.6717607490394797, 0.7299820976601282, -0.1740785085276405], "world_orientation": [-2.29592704838472e-05, 0.026196451981339103, 0.9996568137998467, -0.000765366681231023, -0.9996565217310467, 0.026196426749253193, 0.9999997068433147, -0.000764502567100885, 4.3001275986724065e-05], "world_rotation": [0.0, 1.0, 0.0, 0.0]}, {"color": "CVGreen", "id_name": "object43885883970097", "shape": "CVCone", "id_string": "ob519", "world_size": [0.1, 0.1, 0.1], "id": 519, "camera_size": [41, 41], "camera_position": [256, 254], "world_position": [0.705, 0.6498037994254439, -0.15], "world_orientation": [1.0, 8.100187187665134e-17, -1.2653630886983698e-17, -8.100187187665134e-17, 1.0, -1.9397816686250694e-16, 1.2653630886983698e-17, 1.9397816686250694e-16, 1.0], "world_rotation": [-0.9211093596285536, 0.06008602943210125, 0.38463907325148433, -2.1059189642881336e-16]}], "source": "action wait"}
{"timestamp": 1706200870.012588, "objects": [{"color": "cv_", "id_name": "hand", "shape": "CVCylinder", "id_string": "ob382", "world_size": [0.12, 0.005, 0.12], "id": 382, "camera_size": [51, 50], "camera_position": [246, 263], "world_position": [0.682661225316995, 0.7245140987723345, -0.17408452105695785], "world_orientation": [-2.0663178264398992e-05, 0.01796623553816021, 0.999838593950854, -0.000763786213310591, -0.9998383028101977, 0.017966214521816144, 0.9999997081017842, -0.0007632916945024634, 3.43822000960495e-05], "world_rotation": [0.0, 1.0, 0.0, 0.0]}, {"color": "CVGreen", "id_name": "object43885883970097", "shape": "CVCone", "id_string": "ob519", "world_size": [0.1, 0.1, 0.1], "id": 519, "camera_size": [41, 41], "camera_position": [256, 254], "world_position": [0.705, 0.6498037994254439, -0.15], "world_orientation": [1.0, 8.100187187665134e-17, -1.2653630886983698e-17, -8.100187187665134e-17, 1.0, -1.9397816686250694e-16, 1.2653630886983698e-17, 1.9397816686250694e-16, 1.0], "world_rotation": [-0.9211093596285536, 0.06008602943210125, 0.38463907325148433, -2.1059189642881336e-16]}], "source": "action wait"}
{"timestamp": 1706200870.04451, "objects": [{"color": "cv_", "id_name": "hand", "shape": "CVCylinder", "id_string": "ob382", "world_size": [0.12, 0.005, 0.12], "id": 382, "camera_size": [51, 51], "camera_position": [246, 260], "world_position": [0.6903032727061864, 0.720536829111474, -0.1740894093378066], "world_orientation": [-1.8036019028552268e-05, 0.012164967874806646, 0.9999260038779405, -0.000762900957000273, -0.9999257132205196, 0.012164950577992748, 0.9999997088283735, -0.0007626250980081931, 2.731534482471968e-05], "world_rotation": [0.0, 1.0, 0.0, 0.0]}, {"color": "CVGreen", "id_name": "object43885883970097", "shape": "CVCone", "id_string": "ob519", "world_size": [0.1, 0.1, 0.1], "id": 519, "camera_size": [41, 41], "camera_position": [256, 254], "world_position": [0.705, 0.6498037994254439, -0.15], "world_orientation": [1.0, 8.100187187665134e-17, -1.2653630886983698e-17, -8.100187187665134e-17, 1.0, -1.9397816686250694e-16, 1.2653630886983698e-17, 1.9397816686250694e-16, 1.0], "world_rotation": [-0.9211093596285536, 0.06008602943210125, 0.38463907325148433, -2.1059189642881336e-16]}], "source": "action wait"}
{"timestamp": 1706200870.071037, "objects": [{"color": "cv_", "id_name": "hand", "shape": "CVCylinder", "id_string": "ob382", "world_size": [0.12, 0.005, 0.12], "id": 382, "camera_size": [51, 50], "camera_position": [246, 257], "world_position": [0.6956667692010611, 0.7176784660710283, -0.17409328450068823], "world_orientation": [-1.5492328106920844e-05, 0.008076028187794846, 0.9999673882325854, -0.0007624763182030211, -0.9999670977723554, 0.008076014029035149, 0.9999997091948838, -0.000762326336243879, 2.1649598613515435e-05], "world_rotation": [0.0, 1.0, 0.0, 0.0]}, {"color": "CVGreen", "id_name": "object43885883970097", "shape": "CVCone", "id_string": "ob519", "world_size": [0.1, 0.1, 0.1], "id": 519, "camera_size": [41, 41], "camera_position": [256, 254], "world_position": [0.705, 0.6498037994254439, -0.15], "world_orientation": [1.0, 8.100187187665134e-17, -1.2653630886983698e-17, -8.100187187665134e-17, 1.0, -1.9397816686250694e-16, 1.2653630886983698e-17, 1.9397816686250694e-16, 1.0], "world_rotation": [-0.9211093596285536, 0.06008602943210125, 0.38463907325148433, -2.1059189642881336e-16]}], "source": "action wait"}
{"timestamp": 1706200870.101861, "objects": [{"color": "cv_", "id_name": "hand", "shape": "CVCylinder", "id_string": "ob382", "world_size": [0.12, 0.005, 0.12], "id": 382, "camera_size": [50, 50], "camera_position": [245, 256], "world_position": [0.699434613413472, 0.7156403571670589, -0.17409630363218181], "world_orientation": [-1.3224037598349843e-05, 0.005194029161212246, 0.9999865108521202, -0.000762330272193007, -0.9999862204220733, 0.005194017571469967, 0.9999997093387982, -0.0007622513031239406, 1.7183421041304718e-05], "world_rotation": [0.0, 1.0, 0.0, 0.0]}, {"color": "CVGreen", "id_name": "object43885883970097", "shape": "CVCone", "id_string": "ob519", "world_size": [0.1, 0.1, 0.1], "id": 519, "camera_size": [41, 41], "camera_position": [256, 254], "world_position": [0.705, 0.6498037994254439, -0.15], "world_orientation": [1.0, 8.100187187665134e-17, -1.2653630886983698e-17, -8.100187187665134e-17, 1.0, -1.9397816686250694e-16, 1.2653630886983698e-17, 1.9397816686250694e-16, 1.0], "world_rotation": [-0.9211093596285536, 0.06008602943210125, 0.38463907325148433, -2.1059189642881336e-16]}], "source": "action wait"}
{"timestamp": 1706200870.128003, "objects": [{"color": "cv_", "id_name": "hand", "shape": "CVCylinder", "id_string": "ob382", "world_size": [0.12, 0.005, 0.12], "id": 382, "camera_size": [50, 50], "camera_position": [245, 255], "world_position": [0.7020835377860156, 0.714194660107192, -0.17409862670160015], "world_orientation": [-1.129773167726977e-05, 0.0031626924721761995, 0.9999949986118369, -0.0007623377445773033, -0.9999947081248879, 0.0031626829407207357, 0.9999997093567201, -0.0007622982006874334, 1.3708711737480462e-05], "world_rotation": [0.0, 1.0, 0.0, 0.0]}, {"color": "CVGreen", "id_name": "object43885883970097", "shape": "CVCone", "id_string": "ob519", "world_size": [0.1, 0.1, 0.1], "id": 519, "camera_size": [41, 41], "camera_position": [256, 254], "world_position": [0.705, 0.6498037994254439, -0.15], "world_orientation": [1.0, 8.100187187665134e-17, -1.2653630886983698e-17, -8.100187187665134e-17, 1.0, -1.9397816686250694e-16, 1.2653630886983698e-17, 1.9397816686250694e-16, 1.0], "world_rotation": [-0.9211093596285536, 0.06008602943210125, 0.38463907325148433, -2.1059189642881336e-16]}], "source": "action wait"}
{"timestamp": 1706200870.159179, "objects": [{"color": "cv_", "id_name": "hand", "shape": "CVCylinder", "id_string": "ob382", "world_size": [0.12, 0.005, 0.12], "id": 382, "camera_size": [50, 50], "camera_position": [245, 254], "world_position": [0.7039469556860648, 0.7131726951429642, -0.17410039771981023], "world_orientation": [-9.71350063665593e-06, 0.0017309015870553732, 0.9999985019415498, -0.000762419505226916, -0.9999982113601866, 0.0017308936783138075, 0.9999997093110308, -0.0007624015500414621, 1.1033156394666153e-05], "world_rotation": [0.0, 1.0, 0.0, 0.0]}, {"color": "CVGreen", "id_name": "object43885883970097", "shape": "CVCone", "id_string": "ob519", "world_size": [0.1, 0.1, 0.1], "id": 519, "camera_size": [41, 41], "camera_position": [256, 254], "world_position": [0.705, 0.6498037994254439, -0.15], "world_orientation": [1.0, 8.100187187665134e-17, -1.2653630886983698e-17, -8.100187187665134e-17, 1.0, -1.9397816686250694e-16, 1.2653630886983698e-17, 1.9397816686250694e-16, 1.0], "world_rotation": [-0.9211093596285536, 0.06008602943210125, 0.38463907325148433, -2.1059189642881336e-16]}], "source": "action wait"}
{"timestamp": 1706200870.231133, "objects": [{"color": "cv_", "id_name": "hand", "shape": "CVCylinder", "id_string": "ob382", "world_size": [0.12, 0.005, 0.12], "id": 382, "camera_size": [49, 50], "camera_position": [246, 253], "world_position": [0.7061817907746343, 0.7119442161058764, -0.17410274753002855], "world_orientation": [-7.432640920551779e-06, 1.0280293412146589e-05, 0.9999999999195357, -0.000762640100290656, -0.9999997091372125, 1.0274621993170938e-05, 0.9999997091623744, -0.0007626400238620846, 7.4404789230362344e-06], "world_rotation": [0.0, 1.0, 0.0, 0.0]}, {"color": "CVGreen", "id_name": "object43885883970097", "shape": "CVCone", "id_string": "ob519", "world_size": [0.1, 0.1, 0.1], "id": 519, "camera_size": [41, 41], "camera_position": [256, 254], "world_position": [0.705, 0.6498037994254439, -0.15], "world_orientation": [1.0, 8.100187187665134e-17, -1.2653630886983698e-17, -8.100187187665134e-17, 1.0, -1.9397816686250694e-16, 1.2653630886983698e-17, 1.9397816686250694e-16, 1.0], "world_rotation": [-0.9211093596285536, 0.06008602943210125, 0.38463907325148433, -2.1059189642881336e-16]}], "source": "action wait"}
{"timestamp": 1706200870.266671, "objects": [{"color": "cv_", "id_name": "hand", "shape": "CVCylinder", "id_string": "ob382", "world_size": [0.12, 0.005, 0.12], "id": 382, "camera_size": [49, 50], "camera_position": [246, 253], "world_position": [0.7068320929966397, 0.711586978393556, -0.17410350380230785], "world_orientation": [-6.646732116816496e-06, -0.0004911884889618151, 0.9999998793448374, -0.0007627410145988102, -0.9999995884775018, -0.0004911934158265423, 0.9999997090909406, -0.0007627441874015717, 6.272079775470742e-06], "world_rotation": [0.0, 1.0, 0.0, 0.0]}, {"color": "CVGreen", "id_name": "object43885883970097", "shape": "CVCone", "id_string": "ob519", "world_size": [0.1, 0.1, 0.1], "id": 519, "camera_size": [41, 41], "camera_position": [256, 254], "world_position": [0.705, 0.6498037994254439, -0.15], "world_orientation": [1.0, 8.100187187665134e-17, -1.2653630886983698e-17, -8.100187187665134e-17, 1.0, -1.9397816686250694e-16, 1.2653630886983698e-17, 1.9397816686250694e-16, 1.0], "world_rotation": [-0.9211093596285536, 0.06008602943210125, 0.38463907325148433, -2.1059189642881336e-16]}], "source": "action wait"}
{"timestamp": 1706200870.297545, "objects": [{"color": "cv_", "id_name": "hand", "shape": "CVCylinder", "id_string": "ob382", "world_size": [0.12, 0.005, 0.12], "id": 382, "camera_size": [49, 49], "camera_position": [246, 253], "world_position": [0.7072901948736239, 0.7113357254774917, -0.1741040684357403], "world_orientation": [-6.03975484078908e-06, -0.000844688134951648, 0.9999996432326744, -0.0007628267237798218, -0.9999993522947782, -0.0008446924964874568, 0.999999709029413, -0.0007628315533641295, 5.395400246571436e-06], "world_rotation": [0.0, 1.0, 0.0, 0.0]}, {"color": "CVGreen", "id_name": "object43885883970097", "shape": "CVCone", "id_string": "ob519", "world_size": [0.1, 0.1, 0.1], "id": 519, "camera_size": [41, 41], "camera_position": [256, 254], "world_position": [0.705, 0.6498037994254439, -0.15], "world_orientation": [1.0, 8.100187187665134e-17, -1.2653630886983698e-17, -8.100187187665134e-17, 1.0, -1.9397816686250694e-16, 1.2653630886983698e-17, 1.9397816686250694e-16, 1.0], "world_rotation": [-0.9211093596285536, 0.06008602943210125, 0.38463907325148433, -2.1059189642881336e-16]}], "source": "action wait"}
{"timestamp": 1706200870.328791, "objects": [{"color": "cv_", "id_name": "hand", "shape": "CVCylinder", "id_string": "ob382", "world_size": [0.12, 0.005, 0.12], "id": 382, "camera_size": [49, 50], "camera_position": [246, 252], "world_position": [0.7076129646140175, 0.7111590596452311, -0.1741044886631127], "world_orientation": [-5.574916700753131e-06, -0.0010938863268047006, 0.9999994016906333, -0.0007628965352157472, -0.9999991106960907, -0.0010938902615763915, 0.9999997089788561, -0.0007629021771150614, 4.7403896546825945e-06], "world_rotation": [0.0, 1.0, 0.0, 0.0]}, {"color": "CVGreen", "id_name": "object43885883970097", "shape": "CVCone", "id_string": "ob519", "world_size": [0.1, 0.1, 0.1], "id": 519, "camera_size": [41, 41], "camera_position": [256, 254], "world_position": [0.705, 0.6498037994254439, -0.15], "world_orientation": [1.0, 8.100187187665134e-17, -1.2653630886983698e-17, -8.100187187665134e-17, 1.0, -1.9397816686250694e-16, 1.2653630886983698e-17, 1.9397816686250694e-16, 1.0], "world_rotation": [-0.9211093596285536, 0.06008602943210125, 0.38463907325148433, -2.1059189642881336e-16]}], "source": "action wait"}
{"timestamp": 1706200871.393191, "objects": [{"color": "cv_", "id_name": "hand", "shape": "CVCylinder", "id_string": "ob382", "world_size": [0.12, 0.005, 0.12], "id": 382, "camera_size": [49, 50], "camera_position": [246, 252], "world_position": [0.7083837811774795, 0.7107404035142743, -0.17410567413307396], "world_orientation": [-4.172340612068861e-06, -0.0016893959675071495, 0.9999985729609102, -0.0007631193938943021, -0.9999982817890037, -0.0016893986596000256, 0.9999997088156488, -0.0007631253536400985, 2.883122616699456e-06], "world_rotation": [0.0, 1.0, 0.0, 0.0]}, {"color": "CVGreen", "id_name": "object43885883970097", "shape": "CVCone", "id_string": "ob519", "world_size": [0.1, 0.1, 0.1], "id": 519, "camera_size": [41, 41], "camera_position": [256, 254], "world_position": [0.705, 0.6498037994254439, -0.15], "world_orientation": [1.0, 8.100187187665134e-17, -1.2653630886983698e-17, -8.100187187665134e-17, 1.0, -1.9397816686250694e-16, 1.2653630886983698e-17, 1.9397816686250694e-16, 1.0], "world_rotation": [-0.9211093596285536, 0.06008602943210125, 0.38463907325148433, -2.1059189642881336e-16]}], "source": "action wait"}
{"timestamp": 1706200871.421811, "objects": [{"color": "cv_", "id_name": "hand", "shape": "CVCylinder", "id_string": "ob382", "world_size": [0.12, 0.005, 0.12], "id": 382, "camera_size": [51, 50], "camera_position": [246, 251], "world_position": [0.7109115286783396, 0.7326466577049167, -0.1740938158972392], "world_orientation": [1.6277952606606685e-05, 0.030358566179567576, 0.9995390723701346, -0.0007432790132082053, -0.9995387960306882, 0.03035856989106984, 0.9999997236356303, -0.000743430590736567, 6.294439962461869e-06], "world_rotation": [0.0, 1.0, 0.0, 0.0]}, {"color": "CVGreen", "id_name": "object43885883970097", "shape": "CVCone", "id_string": "ob519", "world_size": [0.1, 0.1, 0.1], "id": 519, "camera_size": [42, 43], "camera_position": [252, 252], "world_position": [0.7103219688245033, 0.6756152339685099, -0.158662440284044], "world_orientation": [0.9994966099399921, -0.031725804987268645, -4.046362837151425e-06, 0.03172580509930043, 0.9994966094470527, 3.15380252100726e-05, 3.0437566988270157e-06, -3.165052340040209e-05, 0.9999999994944901], "world_rotation": [0.0009958536402300464, 0.00011174052110448142, -0.9999994978946655, -0.031731145538058794]}], "source": "action wait"}
{"timestamp": 1706200871.454287, "objects": [{"color": "cv_", "id_name": "hand", "shape": "CVCylinder", "id_string": "ob382", "world_size": [0.12, 0.005, 0.12], "id": 382, "camera_size": [52, 53], "camera_position": [245, 250], "world_position": [0.7144315102894443, 0.7853424505799859, -0.17410831490587048], "world_orientation": [7.577569103940079e-05, 0.10623240555120322, 0.9943413248320967, -0.0007258502760395735, -0.9943410599051669, 0.10623243256203026, 0.9999997336996752, -0.0007297927610954331, 1.7619399509400716e-06], "world_rotation": [0.0, 1.0, 0.0, 0.0]}, {"color": "CVGreen", "id_name": "object43885883970097", "shape": "CVCone", "id_string": "ob519", "world_size": [0.1, 0.1, 0.1], "id": 519, "camera_size": [44, 49], "camera_position": [249, 248], "world_position": [0.7184146703327652, 0.7308853540871051, -0.1642310189549048], "world_orientation": [0.9942171923749383, -0.10738796194461105, -3.93420071176589e-06, 0.10738796200225574, 0.994217190973842, 5.2811788392837335e-05, -1.7599003417777263e-06, -5.2928873776770426e-05, 0.9999999985977187], "world_rotation": [0.0004923300871245018, 1.012357468382477e-05, -0.9999998787542919, -0.10759545638701148]}], "source": "action wait"}
{"timestamp": 1706200871.486072, "objects": [{"color": "cv_", "id_name": "hand", "shape": "CVCylinder", "id_string": "ob382", "world_size": [0.12, 0.005, 0.12], "id": 382, "camera_size": [56, 55], "camera_position": [244, 250], "world_position": [0.7128896342964669, 0.8553440043314023, -0.17411352460471194], "world_orientation": [0.00015062956560428026, 0.2053982379710243, 0.9786784666830738, -0.0007193530732021367, -0.9786782023118741, 0.2053982932031199, 0.9999997299209086, -0.0007349544183665524, 3.3598123453590345e-07], "world_rotation": [0.0, 1.0, 0.0, 0.0]}, {"color": "CVGreen", "id_name": "object43885883970097", "shape": "CVCone", "id_string": "ob519", "world_size": [0.1, 0.1, 0.1], "id": 519, "camera_size": [46, 55], "camera_position": [247, 246], "world_position": [0.722372731078012, 0.8030205194165221, -0.1677912636836035], "world_orientation": [0.9784662757559202, -0.20640675170707692, -7.6205447882534394e-06, 0.20640675182104265, 0.978466274368487, 5.221244672643198e-05, -3.320555459861094e-06, -5.266105019336646e-05, 0.9999999986078939], "world_rotation": [0.000254045695292375, 1.0416299739834456e-05, -0.9999999676761422, -0.20790120766033934]}], "source": "action wait"}
{"timestamp": 1706200871.52068, "objects": [{"color": "cv_", "id_name": "hand", "shape": "CVCylinder", "id_string": "ob382", "world_size": [0.12, 0.005, 0.12], "id": 382, "camera_size": [59, 57], "camera_position": [244, 254], "world_position": [0.7038860995817787, 0.9248466271681817, -0.17411477195120628], "world_orientation": [0.0002257460456778915, 0.30252628547193583, 0.9531410156095873, -0.0007090390349589668, -0.9531407518836683, 0.30252636969739105, 0.9999997231511466, -0.0007441083175603476, -6.648102110133577e-07], "world_rotation": [0.0, 1.0, 0.0, 0.0]}, {"color": "CVGreen", "id_name": "object43885883970097", "shape": "CVCone", "id_string": "ob519", "world_size": [0.1, 0.1, 0.1], "id": 519, "camera_size": [49, 61], "camera_position": [246, 247], "world_position": [0.7186075217416107, 0.8746746216801712, -0.17006784774906666], "world_orientation": [0.9528543167057772, -0.30342816453860855, -9.994893201239164e-06, 0.30342816467185474, 0.9528543156166738, 4.576625831752403e-05, -4.363094638157659e-06, -4.664130889746766e-05, 0.9999999989027759], "world_rotation": [0.00015227255891013484, 9.280283036471003e-06, -0.9999999883634721, -0.3082883914791607]}], "source": "action wait"}
{"timestamp": 1706200871.55648, "objects": [{"color": "cv_", "id_name": "hand", "shape": "CVCylinder", "id_string": "ob382", "world_size": [0.12, 0.005, 0.12], "id": 382, "camera_size": [63, 58], "camera_position": [243, 262], "world_position": [0.6876903534125889, 0.9930163311078992, -0.17411516354846931], "world_orientation": [0.00029957709961607573, 0.3965970301103451, 0.9179927592095786, -0.0006880190360236167, -0.9179925013831076, 0.39659714325016443, 0.9999997184416441, -0.0007504079151591265, -2.1432246868226825e-06], "world_rotation": [0.0, 1.0, 0.0, 0.0]}, {"color": "CVGreen", "id_name": "object43885883970097", "shape": "CVCone", "id_string": "ob519", "world_size": [0.1, 0.1, 0.1], "id": 519, "camera_size": [52, 69], "camera_position": [244, 252], "world_position": [0.7073935735210213, 0.945173099066864, -0.17152436104543717], "world_orientation": [0.917638501033457, -0.397416131139093, -1.146758305814713e-05, 0.39741613126158415, 0.9176385001279609, 4.118230270516944e-05, -5.843415694916497e-06, -4.234786901736749e-05, 0.9999999990862563], "world_rotation": [0.00010509157115350517, 7.075917269696025e-06, -0.9999999944528466, -0.4086993450351484]}], "source": "action wait"}
{"timestamp": 1706200871.590123, "objects": [{"color": "cv_", "id_name": "hand", "shape": "CVCylinder", "id_string": "ob382", "world_size": [0.12, 0.005, 0.12], "id": 382, "camera_size": [66, 60], "camera_position": [242, 275], "world_position": [0.6645692206060368, 1.0591677283429342, -0.17411538220847878], "world_orientation": [0.0003709407868354544, 0.4866648743413057, 0.8735886689313764, -0.0006575804186668533, -0.8735884214488617, 0.48666501569198417, 0.9999997149954223, -0.0007549787065047336, -4.028284602288496e-06], "world_rotation": [0.0, 1.0, 0.0, 0.0]}, {"color": "CVGreen", "id_name": "object43885883970097", "shape": "CVCone", "id_string": "ob519", "world_size": [0.1, 0.1, 0.1], "id": 519, "camera_size": [56, 75], "camera_position": [243, 262], "world_position": [0.6889864323962248, 1.0139253168394102, -0.1724564501542255], "world_orientation": [0.8731708937342213, -0.4874141875079174, -1.2303590270826846e-05, 0.487414187602171, 0.873170892947227, 3.786631992507363e-05, -7.713444656959935e-06, -3.906071286784753e-05, 0.9999999992073819], "world_rotation": [7.891341134161799e-05, 4.7086704867464344e-06, -0.9999999968752509, -0.5091258937793055]}], "source": "action wait"}
{"timestamp": 1706200871.623202, "objects": [{"color": "cv_", "id_name": "hand", "shape": "CVCylinder", "id_string": "ob382", "world_size": [0.12, 0.005, 0.12], "id": 382, "camera_size": [71, 60], "camera_position": [242, 290], "world_position": [0.6405096024402541, 1.1104603133478372, -0.17411458923980766], "world_orientation": [0.00043291380209180454, 0.5557668986735019, 0.8313380581475126, -0.0006366374661875998, -0.8313378144016589, 0.5557670672490501, 0.9999997036391445, -0.0007698601890446336, -6.0755838923556856e-06], "world_rotation": [0.0, 1.0, 0.0, 0.0]}, {"color": "CVGreen", "id_name": "object43885883970097", "shape": "CVCone", "id_string": "ob519", "world_size": [0.1, 0.1, 0.1], "id": 519, "camera_size": [58, 81], "camera_position": [242, 274], "world_position": [0.6684753932116994, 1.0677033704206689, -0.17305260634230366], "world_orientation": [0.8308733235621574, -0.5564616070842553, -5.82948311465094e-06, 0.5564616070297695, 0.8308733232064895, 2.6184938886748758e-05, -9.727351166277086e-06, -2.5000250742236484e-05, 0.999999999640183], "world_rotation": [-4.5991663149271696e-05, 3.502369254273126e-06, 0.9999999989362502, 0.5901210541443292]}], "source": "action wait"}
{"timestamp": 1706200871.654121, "objects": [{"color": "cv_", "id_name": "hand", "shape": "CVCylinder", "id_string": "ob382", "world_size": [0.12, 0.005, 0.12], "id": 382, "camera_size": [73, 62], "camera_position": [241, 303], "world_position": [0.6206577646466637, 1.145123797391504, -0.17411539129656825], "world_orientation": [0.00047643358772751033, 0.6023554661821638, 0.7982278279861613, -0.0006150263274762116, -0.7982275911110231, 0.6023556545195786, 0.9999996973767808, -0.0007779135951064113, -9.83796485438036e-06], "world_rotation": [0.0, 1.0, 0.0, 0.0]}, {"color": "CVGreen", "id_name": "object43885883970097", "shape": "CVCone", "id_string": "ob519", "world_size": [0.1, 0.1, 0.1], "id": 519, "camera_size": [61, 84], "camera_position": [242, 285], "world_position": [0.6509581899354415, 1.104362569790884, -0.17343535045613198], "world_orientation": [0.7977327067883647, -0.6030112175739913, 2.0420265912106907e-07, 0.6030112174237628, 0.7977327065970935, 2.2054193904160987e-05, -1.346182545871599e-05, -1.7470215305124034e-05, 0.9999999997567854], "world_rotation": [-3.27725322834444e-05, 1.1331487469091906e-05, 0.9999999993987791, 0.6472704680656273]}], "source": "action wait"}
{"timestamp": 1706200871.68457, "objects": [{"color": "cv_", "id_name": "hand", "shape": "CVCylinder", "id_string": "ob382", "world_size": [0.12, 0.005, 0.12], "id": 382, "camera_size": [75, 62], "camera_position": [241, 313], "world_position": [0.6053292829974755, 1.168719536963245, -0.17411693864882483], "world_orientation": [0.0005053961753415067, 0.6340407890624088, 0.7732994390142954, -0.0005951018509265753, -0.7732992101482832, 0.6340409903451263, 0.9999996952142002, -0.0007806338190081042, -1.3503616069057987e-05], "world_rotation": [0.0, 1.0, 0.0, 0.0]}, {"color": "CVGreen", "id_name": "object43885883970097", "shape": "CVCone", "id_string": "ob519", "world_size": [0.1, 0.1, 0.1], "id": 519, "camera_size": [62, 87], "camera_position": [241, 295], "world_position": [0.6371860794024624, 1.1294695699633968, -0.1736812026021481], "world_orientation": [0.7727840480486052, -0.6346690594855767, 3.647568640264648e-06, 0.6346690592654771, 0.7727840479100033, 2.2514532646923965e-05, -1.7108060118633853e-05, -1.5083872721289358e-05, 0.9999999997398955], "world_rotation": [-2.962048077756257e-05, 1.6351536631894998e-05, 0.9999999994276272, 0.6875802005199628]}], "source": "action wait"}
{"timestamp": 1706200871.717034, "objects": [{"color": "cv_", "id_name": "hand", "shape": "CVCylinder", "id_string": "ob382", "world_size": [0.12, 0.005, 0.12], "id": 382, "camera_size": [76, 63], "camera_position": [240, 322], "world_position": [0.5939061216992054, 1.1849141679397834, -0.17411851034258663], "world_orientation": [0.0005244229217157814, 0.6557712672748887, 0.7549594492403452, -0.0005784898171792895, -0.7549592277872238, 0.6557714767573002, 0.9999996951650189, -0.0007806379475877961, -1.6560923494670574e-05], "world_rotation": [0.0, 1.0, 0.0, 0.0]}, {"color": "CVGreen", "id_name": "object43885883970097", "shape": "CVCone", "id_string": "ob519", "world_size": [0.1, 0.1, 0.1], "id": 519, "camera_size": [63, 89], "camera_position": [241, 302], "world_position": [0.6268147581605533, 1.1467728648668418, -0.1738390325849359], "world_orientation": [0.7544302181691996, -0.6563802601285992, 5.165912750063724e-06, 0.6563802598395554, 0.7544302180318881, 2.4765209763030582e-05, -2.0152715508761624e-05, -1.5292819451333855e-05, 0.9999999996799989], "world_rotation": [-3.051434635559915e-05, 1.928655520729952e-05, 0.9999999993484516, 0.716010707909223]}], "source": "action wait"}
{"timestamp": 1706200871.750497, "objects": [{"color": "cv_", "id_name": "hand", "shape": "CVCylinder", "id_string": "ob382", "world_size": [0.12, 0.005, 0.12], "id": 382, "camera_size": [78, 63], "camera_position": [240, 328], "world_position": [0.5855700047106939, 1.1961086320749879, -0.17411983340873322], "world_orientation": [0.0005368098778121065, 0.6707793203202067, 0.7416568042335461, -0.0005653755605290831, -0.7416565889770592, 0.6707795348528378, 0.9999996960927693, -0.0007793957115569957, -1.8886348689454208e-05], "world_rotation": [0.0, 1.0, 0.0, 0.0]}, {"color": "CVGreen", "id_name": "object43885883970097", "shape": "CVCone", "id_string": "ob519", "world_size": [0.1, 0.1, 0.1], "id": 519, "camera_size": [64, 91], "camera_position": [240, 307], "world_position": [0.6191980923966475, 1.158765610316664, -0.17394029235190875], "world_orientation": [0.7411179656939088, -0.6713748289114692, 5.460577532392336e-06, 0.6713748285576457, 0.7411179655265211, 2.7441248859529985e-05, -2.247029586959043e-05, -1.6671108226239524e-05, 0.99999999960858], "world_rotation": [-3.285225716278839e-05, 2.0801251540449558e-05, 0.9999999992440186, 0.7360623071723682]}], "source": "action wait"}
{"timestamp": 1706200871.784679, "objects": [{"color": "cv_", "id_name": "hand", "shape": "CVCylinder", "id_string": "ob382", "world_size": [0.12, 0.005, 0.12], "id": 382, "camera_size": [78, 63], "camera_position": [240, 332], "world_position": [0.579565419560638, 1.2038910223688224, -0.17412084925270774], "world_orientation": [0.0005448239877708437, 0.6812021291562623, 0.7320951867071639, -0.0005553523647739005, -0.7320949763562681, 0.6812023467206103, 0.9999996973752409, -0.0007777061721966206, -2.055569112896435e-05], "world_rotation": [0.0, 1.0, 0.0, 0.0]}, {"color": "CVGreen", "id_name": "object43885883970097", "shape": "CVCone", "id_string": "ob519", "world_size": [0.1, 0.1, 0.1], "id": 519, "camera_size": [64, 92], "camera_position": [240, 310], "world_position": [0.6136903936069175, 1.1671162645248438, -0.1740052187639782], "world_orientation": [0.7315496043742524, -0.6817882195477438, 5.078609865912389e-06, 0.6817882191394751, 0.7315496041592838, 2.9950262368573793e-05, -2.4134991092345362e-05, -1.844756621045064e-05, 0.9999999995385949], "world_rotation": [-3.54933006792248e-05, 2.1424248838794344e-05, 0.9999999991406137, 0.7502042864624491]}], "source": "action wait"}
