{"timestamp": 1706069301.072845, "objects": [{"color": "cv_", "id_name": "hand", "shape": "CVCylinder", "id_string": "ob383", "world_size": [0.12, 0.005, 0.12], "id": 383, "camera_size": [48, 50], "camera_position": [246, 426], "world_position": [0.2676445155579772, 0.6334703012687556, -0.17389260400876522], "world_orientation": [-0.0006415493011757192, 0.1979154747050037, 0.9802188802950019, -0.0007473671493326253, -0.9802189031575591, 0.1979149901723877, 0.9999995149283015, -0.0006056111666510818, 0.000776774276459483], "world_rotation": [0.0, 1.0, 0.0, 0.0]}, {"color": "CVYellow", "id_name": "object37041292294969", "shape": "CVCone", "id_string": "ob1129", "world_size": [0.09, 0.09, 0.09], "id": 1129, "camera_size": [37, 37], "camera_position": [256, 254], "world_position": [0.705, 0.6448569696296074, -0.15], "world_orientation": [1.0, -4.331917303826236e-17, -1.1712398707441946e-17, 4.331917303826236e-17, 1.0, -5.775889738434995e-17, 1.1712398707441946e-17, 5.775889738434995e-17, 1.0], "world_rotation": [-0.7896765794068324, 0.16013129347666225, -0.5922574345551229, -7.314247236221149e-17]}], "source": "action wait"}
{"timestamp": 1706069301.111083, "objects": [{"color": "cv_", "id_name": "hand", "shape": "CVCylinder", "id_string": "ob383", "world_size": [0.12, 0.005, 0.12], "id": 383, "camera_size": [49, 51], "camera_position": [246, 421], "world_position": [0.2911349535343709, 0.6677924657977158, -0.17395608891980777], "world_orientation": [-0.0003826302617506066, 0.1984143542881006, 0.9801181549213946, -0.0007151290320622016, -0.9801180303401099, 0.1984140498873281, 0.9999996710922211, -0.000624991727592425, 0.0005169146836252505], "world_rotation": [0.0, 1.0, 0.0, 0.0]}, {"color": "CVYellow", "id_name": "object37041292294969", "shape": "CVCone", "id_string": "ob1129", "world_size": [0.09, 0.09, 0.09], "id": 1129, "camera_size": [37, 37], "camera_position": [256, 254], "world_position": [0.705, 0.6448569696296074, -0.15], "world_orientation": [1.0, -4.331917303826236e-17, -1.1712398707441946e-17, 4.331917303826236e-17, 1.0, -5.775889738434995e-17, 1.1712398707441946e-17, 5.775889738434995e-17, 1.0], "world_rotation": [-0.7896765794068324, 0.16013129347666225, -0.5922574345551229, -7.314247236221149e-17]}], "source": "action wait"}
{"timestamp": 1706069301.149228, "objects": [{"color": "cv_", "id_name": "hand", "shape": "CVCylinder", "id_string": "ob383", "world_size": [0.12, 0.005, 0.12], "id": 383, "camera_size": [51, 52], "camera_position": [246, 406], "world_position": [0.3371974782289112, 0.7058319375623766, -0.17398390603176986], "world_orientation": [-0.00022288751542269534, 0.1869852639181815, 0.9823626934073807, -0.0007314583980638392, -0.9823624854959707, 0.18698505838379403, 0.999999707644841, -0.0006768808069534128, 0.0003557282752442235], "world_rotation": [0.0, 1.0, 0.0, 0.0]}, {"color": "CVYellow", "id_name": "object37041292294969", "shape": "CVCone", "id_string": "ob1129", "world_size": [0.09, 0.09, 0.09], "id": 1129, "camera_size": [37, 37], "camera_position": [256, 254], "world_position": [0.705, 0.6448569696296074, -0.15], "world_orientation": [1.0, -4.331917303826236e-17, -1.1712398707441946e-17, 4.331917303826236e-17, 1.0, -5.775889738434995e-17, 1.1712398707441946e-17, 5.775889738434995e-17, 1.0], "world_rotation": [-0.7896765794068324, 0.16013129347666225, -0.5922574345551229, -7.314247236221149e-17]}], "source": "action wait"}
{"timestamp": 1706069301.184529, "objects": [{"color": "cv_", "id_name": "hand", "shape": "CVCylinder", "id_string": "ob383", "world_size": [0.12, 0.005, 0.12], "id": 383, "camera_size": [51, 53], "camera_position": [246, 388], "world_position": [0.3877793993737792, 0.739055269091758, -0.17400443346666655], "world_orientation": [-0.00011927930796909611, 0.17884078164721218, 0.9838780211958496, -0.0007426693193993872, -0.9838777727047626, 0.1788406464420145, 0.9999997171073244, -0.0007093640318294803, 0.00025017582144161275], "world_rotation": [0.0, 1.0, 0.0, 0.0]}, {"color": "CVYellow", "id_name": "object37041292294969", "shape": "CVCone", "id_string": "ob1129", "world_size": [0.09, 0.09, 0.09], "id": 1129, "camera_size": [37, 37], "camera_position": [256, 254], "world_position": [0.705, 0.6448569696296074, -0.15], "world_orientation": [1.0, -4.331917303826236e-17, -1.1712398707441946e-17, 4.331917303826236e-17, 1.0, -5.775889738434995e-17, 1.1712398707441946e-17, 5.775889738434995e-17, 1.0], "world_rotation": [-0.7896765794068324, 0.16013129347666225, -0.5922574345551229, -7.314247236221149e-17]}], "source": "action wait"}
{"timestamp": 1706069301.216514, "objects": [{"color": "cv_", "id_name": "hand", "shape": "CVCylinder", "id_string": "ob383", "world_size": [0.12, 0.005, 0.12], "id": 383, "camera_size": [52, 54], "camera_position": [245, 367], "world_position": [0.44190988711375356, 0.7670379697300667, -0.17402295317268313], "world_orientation": [-4.6330690648562156e-05, 0.1730868505489906, 0.984906564106717, -0.000750027895472499, -0.9849062941528157, 0.1730867678256301, 0.9999997176557718, -0.0007306881680188096, 0.00017545135508386005], "world_rotation": [0.0, 1.0, 0.0, 0.0]}, {"color": "CVYellow", "id_name": "object37041292294969", "shape": "CVCone", "id_string": "ob1129", "world_size": [0.09, 0.09, 0.09], "id": 1129, "camera_size": [37, 37], "camera_position": [256, 254], "world_position": [0.705, 0.6448569696296074, -0.15], "world_orientation": [1.0, -4.331917303826236e-17, -1.1712398707441946e-17, 4.331917303826236e-17, 1.0, -5.775889738434995e-17, 1.1712398707441946e-17, 5.775889738434995e-17, 1.0], "world_rotation": [-0.7896765794068324, 0.16013129347666225, -0.5922574345551229, -7.314247236221149e-17]}], "source": "action wait"}
{"timestamp": 1706069301.245907, "objects": [{"color": "cv_", "id_name": "hand", "shape": "CVCylinder", "id_string": "ob383", "world_size": [0.12, 0.005, 0.12], "id": 383, "camera_size": [52, 54], "camera_position": [245, 343], "world_position": [0.49919832873902026, 0.7797927922210178, -0.174038069082564], "world_orientation": [-4.461757374154933e-06, 0.15518594415609321, 0.9878852781150625, -0.0007646097911186235, -0.9878849898815082, 0.15518589542442318, 0.9999997076759374, -0.0007546543543357668, 0.00012306439548457395], "world_rotation": [0.0, 1.0, 0.0, 0.0]}, {"color": "CVYellow", "id_name": "object37041292294969", "shape": "CVCone", "id_string": "ob1129", "world_size": [0.09, 0.09, 0.09], "id": 1129, "camera_size": [37, 37], "camera_position": [256, 254], "world_position": [0.705, 0.6448569696296074, -0.15], "world_orientation": [1.0, -4.331917303826236e-17, -1.1712398707441946e-17, 4.331917303826236e-17, 1.0, -5.775889738434995e-17, 1.1712398707441946e-17, 5.775889738434995e-17, 1.0], "world_rotation": [-0.7896765794068324, 0.16013129347666225, -0.5922574345551229, -7.314247236221149e-17]}], "source": "action wait"}
{"timestamp": 1706069301.276647, "objects": [{"color": "cv_", "id_name": "hand", "shape": "CVCylinder", "id_string": "ob383", "world_size": [0.12, 0.005, 0.12], "id": 383, "camera_size": [52, 52], "camera_position": [245, 317], "world_position": [0.557763641721787, 0.7698327681089392, -0.17404991740583908], "world_orientation": [5.31922312201008e-07, 0.11470934620686392, 0.9933990969859551, -0.0007769658722163822, -0.9933987970930626, 0.11470931199379503, 0.9999996981618298, -0.0007718982122914591, 8.859683624230318e-05], "world_rotation": [0.0, 1.0, 0.0, 0.0]}, {"color": "CVYellow", "id_name": "object37041292294969", "shape": "CVCone", "id_string": "ob1129", "world_size": [0.09, 0.09, 0.09], "id": 1129, "camera_size": [37, 37], "camera_position": [256, 254], "world_position": [0.705, 0.6448569696296074, -0.15], "world_orientation": [1.0, -4.331917303826236e-17, -1.1712398707441946e-17, 4.331917303826236e-17, 1.0, -5.775889738434995e-17, 1.1712398707441946e-17, 5.775889738434995e-17, 1.0], "world_rotation": [-0.7896765794068324, 0.16013129347666225, -0.5922574345551229, -7.314247236221149e-17]}], "source": "action wait"}
{"timestamp": 1706069301.309889, "objects": [{"color": "cv_", "id_name": "hand", "shape": "CVCylinder", "id_string": "ob383", "world_size": [0.12, 0.005, 0.12], "id": 383, "camera_size": [52, 52], "camera_position": [245, 297], "world_position": [0.6028642467002281, 0.7552682748090165, -0.17405560503753237], "world_orientation": [-1.4608003265388958e-05, 0.08044981437653896, 0.9967586604356076, -0.0007750286110394133, -0.9967583620915486, 0.08044977893832744, 0.999999699558584, -0.0007713412695058621, 7.691155730325692e-05], "world_rotation": [0.0, 1.0, 0.0, 0.0]}, {"color": "CVYellow", "id_name": "object37041292294969", "shape": "CVCone", "id_string": "ob1129", "world_size": [0.09, 0.09, 0.09], "id": 1129, "camera_size": [37, 37], "camera_position": [256, 254], "world_position": [0.705, 0.6448569696296074, -0.15], "world_orientation": [1.0, -4.331917303826236e-17, -1.1712398707441946e-17, 4.331917303826236e-17, 1.0, -5.775889738434995e-17, 1.1712398707441946e-17, 5.775889738434995e-17, 1.0], "world_rotation": [-0.7896765794068324, 0.16013129347666225, -0.5922574345551229, -7.314247236221149e-17]}], "source": "action wait"}
{"timestamp": 1706069301.343546, "objects": [{"color": "cv_", "id_name": "hand", "shape": "CVCylinder", "id_string": "ob383", "world_size": [0.12, 0.005, 0.12], "id": 383, "camera_size": [51, 51], "camera_position": [246, 284], "world_position": [0.6344707814528321, 0.7425538271839456, -0.17406332836857494], "world_orientation": [-2.1432383241472995e-05, 0.0562369467653688, 0.9984174504480389, -0.0007711123092627698, -0.9984171547701264, 0.05623691355801939, 0.9999997024631856, -0.0007686866947398614, 6.476346098240965e-05], "world_rotation": [0.0, 1.0, 0.0, 0.0]}, {"color": "CVYellow", "id_name": "object37041292294969", "shape": "CVCone", "id_string": "ob1129", "world_size": [0.09, 0.09, 0.09], "id": 1129, "camera_size": [37, 37], "camera_position": [256, 254], "world_position": [0.705, 0.6448569696296074, -0.15], "world_orientation": [1.0, -4.331917303826236e-17, -1.1712398707441946e-17, 4.331917303826236e-17, 1.0, -5.775889738434995e-17, 1.1712398707441946e-17, 5.775889738434995e-17, 1.0], "world_rotation": [-0.7896765794068324, 0.16013129347666225, -0.5922574345551229, -7.314247236221149e-17]}], "source": "action wait"}
{"timestamp": 1706069301.378949, "objects": [{"color": "cv_", "id_name": "hand", "shape": "CVCylinder", "id_string": "ob383", "world_size": [0.12, 0.005, 0.12], "id": 383, "camera_size": [51, 51], "camera_position": [246, 274], "world_position": [0.6565639910541776, 0.7324080530078371, -0.17407122265504282], "world_orientation": [-2.318670088207405e-05, 0.03914955272734334, 0.9992333621249972, -0.0007676243820246948, -0.999233068692643, 0.039149523418452035, 0.9999997051075491, -0.0007661281438108056, 5.322106949450173e-05], "world_rotation": [0.0, 1.0, 0.0, 0.0]}, {"color": "CVYellow", "id_name": "object37041292294969", "shape": "CVCone", "id_string": "ob1129", "world_size": [0.09, 0.09, 0.09], "id": 1129, "camera_size": [37, 37], "camera_position": [256, 254], "world_position": [0.705, 0.6448569696296074, -0.15], "world_orientation": [1.0, -4.331917303826236e-17, -1.1712398707441946e-17, 4.331917303826236e-17, 1.0, -5.775889738434995e-17, 1.1712398707441946e-17, 5.775889738434995e-17, 1.0], "world_rotation": [-0.7896765794068324, 0.16013129347666225, -0.5922574345551229, -7.314247236221149e-17]}], "source": "action wait"}
{"timestamp": 1706069301.414058, "objects": [{"color": "cv_", "id_name": "hand", "shape": "CVCylinder", "id_string": "ob383", "world_size": [0.12, 0.005, 0.12], "id": 383, "camera_size": [51, 50], "camera_position": [246, 267], "world_position": [0.6720104029493148, 0.7246918460695201, -0.17407833468161657], "world_orientation": [-2.229330867659846e-05, 0.027098861885465442, 0.999632758160476, -0.0007651426952724072, -0.9996324662569057, 0.027098836908476392, 0.9999997070297892, -0.0007642575801259029, 4.3019611355648224e-05], "world_rotation": [0.0, 1.0, 0.0, 0.0]}, {"color": "CVYellow", "id_name": "object37041292294969", "shape": "CVCone", "id_string": "ob1129", "world_size": [0.09, 0.09, 0.09], "id": 1129, "camera_size": [37, 37], "camera_position": [256, 254], "world_position": [0.705, 0.6448569696296074, -0.15], "world_orientation": [1.0, -4.331917303826236e-17, -1.1712398707441946e-17, 4.331917303826236e-17, 1.0, -5.775889738434995e-17, 1.1712398707441946e-17, 5.775889738434995e-17, 1.0], "world_rotation": [-0.7896765794068324, 0.16013129347666225, -0.5922574345551229, -7.314247236221149e-17]}], "source": "action wait"}
{"timestamp": 1706069301.445877, "objects": [{"color": "cv_", "id_name": "hand", "shape": "CVCylinder", "id_string": "ob383", "world_size": [0.12, 0.005, 0.12], "id": 383, "camera_size": [51, 50], "camera_position": [246, 263], "world_position": [0.682821680160572, 0.7189876984921066, -0.17408434033293332], "world_orientation": [-2.019645755060518e-05, 0.018603027983522463, 0.9998269484975625, -0.0007635984346335874, -0.9998266574974956, 0.018603007144450852, 0.9999997082547244, -0.0007630905779335072, 3.439819969414503e-05], "world_rotation": [0.0, 1.0, 0.0, 0.0]}, {"color": "CVYellow", "id_name": "object37041292294969", "shape": "CVCone", "id_string": "ob1129", "world_size": [0.09, 0.09, 0.09], "id": 1129, "camera_size": [37, 37], "camera_position": [256, 254], "world_position": [0.705, 0.6448569696296074, -0.15], "world_orientation": [1.0, -4.331917303826236e-17, -1.1712398707441946e-17, 4.331917303826236e-17, 1.0, -5.775889738434995e-17, 1.1712398707441946e-17, 5.775889738434995e-17, 1.0], "world_rotation": [-0.7896765794068324, 0.16013129347666225, -0.5922574345551229, -7.314247236221149e-17]}], "source": "action wait"}
{"timestamp": 1706069301.477639, "objects": [{"color": "cv_", "id_name": "hand", "shape": "CVCylinder", "id_string": "ob383", "world_size": [0.12, 0.005, 0.12], "id": 383, "camera_size": [50, 51], "camera_position": [245, 260], "world_position": [0.6903985667811674, 0.7148450481466013, -0.174089219976207], "world_orientation": [-1.7711017099197374e-05, 0.012614293265902089, 0.9999204364806842, -0.0007627494672542312, -0.9999201459376462, 0.012614276090471992, 0.9999997089497427, -0.0007624653685630906, 2.7331148271257542e-05], "world_rotation": [0.0, 1.0, 0.0, 0.0]}, {"color": "CVYellow", "id_name": "object37041292294969", "shape": "CVCone", "id_string": "ob1129", "world_size": [0.09, 0.09, 0.09], "id": 1129, "camera_size": [37, 37], "camera_position": [256, 254], "world_position": [0.705, 0.6448569696296074, -0.15], "world_orientation": [1.0, -4.331917303826236e-17, -1.1712398707441946e-17, 4.331917303826236e-17, 1.0, -5.775889738434995e-17, 1.1712398707441946e-17, 5.775889738434995e-17, 1.0], "world_rotation": [-0.7896765794068324, 0.16013129347666225, -0.5922574345551229, -7.314247236221149e-17]}], "source": "action wait"}
{"timestamp": 1706069301.500757, "objects": [{"color": "cv_", "id_name": "hand", "shape": "CVCylinder", "id_string": "ob383", "world_size": [0.12, 0.005, 0.12], "id": 383, "camera_size": [49, 50], "camera_position": [246, 257], "world_position": [0.6957150867570288, 0.7118706294049948, -0.1740930866710022], "world_orientation": [-1.5266974969638697e-05, 0.008393069024111572, 0.9999647774593244, -0.0007623573357025383, -0.999964487089386, 0.00839305494763082, 0.999999709289064, -0.0007622023469808098, 2.166495053487776e-05], "world_rotation": [0.0, 1.0, 0.0, 0.0]}, {"color": "CVYellow", "id_name": "object37041292294969", "shape": "CVCone", "id_string": "ob1129", "world_size": [0.09, 0.09, 0.09], "id": 1129, "camera_size": [37, 37], "camera_position": [256, 254], "world_position": [0.705, 0.6448569696296074, -0.15], "world_orientation": [1.0, -4.331917303826236e-17, -1.1712398707441946e-17, 4.331917303826236e-17, 1.0, -5.775889738434995e-17, 1.1712398707441946e-17, 5.775889738434995e-17, 1.0], "world_rotation": [-0.7896765794068324, 0.16013129347666225, -0.5922574345551229, -7.314247236221149e-17]}], "source": "action wait"}
{"timestamp": 1706069301.531234, "objects": [{"color": "cv_", "id_name": "hand", "shape": "CVCylinder", "id_string": "ob383", "world_size": [0.12, 0.005, 0.12], "id": 383, "camera_size": [49, 50], "camera_position": [246, 256], "world_position": [0.6994493523604982, 0.7097509557818179, -0.17409609832573567], "world_orientation": [-1.3067910741897712e-05, 0.005417732945127953, 0.9999853238917885, -0.0007622386376790815, -0.9999850335314886, 0.005417721410998009, 0.9999997094107024, -0.0007621566526828825, 1.719732054119272e-05], "world_rotation": [0.0, 1.0, 0.0, 0.0]}, {"color": "CVYellow", "id_name": "object37041292294969", "shape": "CVCone", "id_string": "ob1129", "world_size": [0.09, 0.09, 0.09], "id": 1129, "camera_size": [37, 37], "camera_position": [256, 254], "world_position": [0.705, 0.6448569696296074, -0.15], "world_orientation": [1.0, -4.331917303826236e-17, -1.1712398707441946e-17, 4.331917303826236e-17, 1.0, -5.775889738434995e-17, 1.1712398707441946e-17, 5.775889738434995e-17, 1.0], "world_rotation": [-0.7896765794068324, 0.16013129347666225, -0.5922574345551229, -7.314247236221149e-17]}], "source": "action wait"}
{"timestamp": 1706069301.563799, "objects": [{"color": "cv_", "id_name": "hand", "shape": "CVCylinder", "id_string": "ob383", "world_size": [0.12, 0.005, 0.12], "id": 383, "camera_size": [49, 50], "camera_position": [246, 255], "world_position": [0.7020744093909739, 0.7082478714464998, -0.1740984151557926], "world_orientation": [-1.1189380889192371e-05, 0.0033205424018760777, 0.9999944869212807, -0.0007622682184469444, -0.9999941964873443, 0.003320532908116458, 0.9999997094109383, -0.0007622268612951142, 1.372045989279994e-05], "world_rotation": [0.0, 1.0, 0.0, 0.0]}, {"color": "CVYellow", "id_name": "object37041292294969", "shape": "CVCone", "id_string": "ob1129", "world_size": [0.09, 0.09, 0.09], "id": 1129, "camera_size": [37, 37], "camera_position": [256, 254], "world_position": [0.705, 0.6448569696296074, -0.15], "world_orientation": [1.0, -4.331917303826236e-17, -1.1712398707441946e-17, 4.331917303826236e-17, 1.0, -5.775889738434995e-17, 1.1712398707441946e-17, 5.775889738434995e-17, 1.0], "world_rotation": [-0.7896765794068324, 0.16013129347666225, -0.5922574345551229, -7.314247236221149e-17]}], "source": "action wait"}
{"timestamp": 1706069301.605633, "objects": [{"color": "cv_", "id_name": "hand", "shape": "CVCylinder", "id_string": "ob383", "world_size": [0.12, 0.005, 0.12], "id": 383, "camera_size": [49, 50], "camera_position": [246, 254], "world_position": [0.7039209254831964, 0.7071854978919657, -0.17410018114302156], "world_orientation": [-9.638259324604349e-06, 0.0018422892360383841, 0.9999983029372973, -0.0007623673677711326, -0.9999980123957315, 0.0018422813528693833, 0.9999997093515081, -0.0007623483176008412, 1.1042741363475589e-05], "world_rotation": [0.0, 1.0, 0.0, 0.0]}, {"color": "CVYellow", "id_name": "object37041292294969", "shape": "CVCone", "id_string": "ob1129", "world_size": [0.09, 0.09, 0.09], "id": 1129, "camera_size": [37, 37], "camera_position": [256, 254], "world_position": [0.705, 0.6448569696296074, -0.15], "world_orientation": [1.0, -4.331917303826236e-17, -1.1712398707441946e-17, 4.331917303826236e-17, 1.0, -5.775889738434995e-17, 1.1712398707441946e-17, 5.775889738434995e-17, 1.0], "world_rotation": [-0.7896765794068324, 0.16013129347666225, -0.5922574345551229, -7.314247236221149e-17]}], "source": "action wait"}
{"timestamp": 1706069301.641866, "objects": [{"color": "cv_", "id_name": "hand", "shape": "CVCylinder", "id_string": "ob383", "world_size": [0.12, 0.005, 0.12], "id": 383, "camera_size": [49, 50], "camera_position": [246, 253], "world_position": [0.7052204581423367, 0.706436219080576, -0.1741015178022932], "world_orientation": [-8.387694062681427e-06, 0.0008002816236959362, 0.9999996797394335, -0.0007624900605603948, -0.999999389084233, 0.0008002749955548181, 0.9999997092692349, -0.0007624831039034472, 8.997895722588671e-06], "world_rotation": [0.0, 1.0, 0.0, 0.0]}, {"color": "CVYellow", "id_name": "object37041292294969", "shape": "CVCone", "id_string": "ob1129", "world_size": [0.09, 0.09, 0.09], "id": 1129, "camera_size": [37, 37], "camera_position": [256, 254], "world_position": [0.705, 0.6448569696296074, -0.15], "world_orientation": [1.0, -4.331917303826236e-17, -1.1712398707441946e-17, 4.331917303826236e-17, 1.0, -5.775889738434995e-17, 1.1712398707441946e-17, 5.775889738434995e-17, 1.0], "world_rotation": [-0.7896765794068324, 0.16013129347666225, -0.5922574345551229, -7.314247236221149e-17]}], "source": "action wait"}
{"timestamp": 1706069301.677704, "objects": [{"color": "cv_", "id_name": "hand", "shape": "CVCylinder", "id_string": "ob383", "world_size": [0.12, 0.005, 0.12], "id": 383, "camera_size": [49, 50], "camera_position": [246, 253], "world_position": [0.7061353993872774, 0.70590848336905, -0.17410252390919564], "world_orientation": [-7.3970792749706446e-06, 6.575971053885466e-05, 0.999999997810472, -0.000762611548315615, -0.9999997070499728, 6.575405032081245e-05, 0.9999997091844125, -0.0007626110602582909, 7.447226223031205e-06], "world_rotation": [0.0, 1.0, 0.0, 0.0]}, {"color": "CVYellow", "id_name": "object37041292294969", "shape": "CVCone", "id_string": "ob1129", "world_size": [0.09, 0.09, 0.09], "id": 1129, "camera_size": [37, 37], "camera_position": [256, 254], "world_position": [0.705, 0.6448569696296074, -0.15], "world_orientation": [1.0, -4.331917303826236e-17, -1.1712398707441946e-17, 4.331917303826236e-17, 1.0, -5.775889738434995e-17, 1.1712398707441946e-17, 5.775889738434995e-17, 1.0], "world_rotation": [-0.7896765794068324, 0.16013129347666225, -0.5922574345551229, -7.314247236221149e-17]}], "source": "action wait"}
{"timestamp": 1706069301.71007, "objects": [{"color": "cv_", "id_name": "hand", "shape": "CVCylinder", "id_string": "ob383", "world_size": [0.12, 0.005, 0.12], "id": 383, "camera_size": [49, 50], "camera_position": [246, 253], "world_position": [0.7067797680241296, 0.705537098488323, -0.17410327781986623], "world_orientation": [-6.622936233415321e-06, -0.0004520262865013066, 0.9999998978141813, -0.0007627201026358187, -0.9999996069628395, -0.0004520312064756054, 0.9999997091070487, -0.0007627230184708682, 6.278164095085019e-06], "world_rotation": [0.0, 1.0, 0.0, 0.0]}, {"color": "CVYellow", "id_name": "object37041292294969", "shape": "CVCone", "id_string": "ob1129", "world_size": [0.09, 0.09, 0.09], "id": 1129, "camera_size": [37, 37], "camera_position": [256, 254], "world_position": [0.705, 0.6448569696296074, -0.15], "world_orientation": [1.0, -4.331917303826236e-17, -1.1712398707441946e-17, 4.331917303826236e-17, 1.0, -5.775889738434995e-17, 1.1712398707441946e-17, 5.775889738434995e-17, 1.0], "world_rotation": [-0.7896765794068324, 0.16013129347666225, -0.5922574345551229, -7.314247236221149e-17]}], "source": "action wait"}
{"timestamp": 1706069301.741815, "objects": [{"color": "cv_", "id_name": "hand", "shape": "CVCylinder", "id_string": "ob383", "world_size": [0.12, 0.005, 0.12], "id": 383, "camera_size": [49, 49], "camera_position": [246, 253], "world_position": [0.7072336917016313, 0.705275869325685, -0.17410384065684367], "world_orientation": [-6.0244061688198515e-06, -0.0008170381873315131, 0.9999996662060979, -0.0007628114927287779, -0.999999375279858, -0.0008170425451210145, 0.9999997090411243, -0.0007628161603034664, 5.401156286321175e-06], "world_rotation": [0.0, 1.0, 0.0, 0.0]}, {"color": "CVYellow", "id_name": "object37041292294969", "shape": "CVCone", "id_string": "ob1129", "world_size": [0.09, 0.09, 0.09], "id": 1129, "camera_size": [37, 37], "camera_position": [256, 254], "world_position": [0.705, 0.6448569696296074, -0.15], "world_orientation": [1.0, -4.331917303826236e-17, -1.1712398707441946e-17, 4.331917303826236e-17, 1.0, -5.775889738434995e-17, 1.1712398707441946e-17, 5.775889738434995e-17, 1.0], "world_rotation": [-0.7896765794068324, 0.16013129347666225, -0.5922574345551229, -7.314247236221149e-17]}], "source": "action wait"}
{"timestamp": 1706069301.771082, "objects": [{"color": "cv_", "id_name": "hand", "shape": "CVCylinder", "id_string": "ob383", "world_size": [0.12, 0.005, 0.12], "id": 383, "camera_size": [49, 49], "camera_position": [246, 253], "world_position": [0.7075535203378314, 0.705092167450517, -0.17410425952681602], "world_orientation": [-5.565648292478905e-06, -0.001074358598311188, 0.9999994228611464, -0.0007628854969010708, -0.999999131875058, -0.0010743625316420753, 0.9999997089873288, -0.0007628910361345606, 4.746030868042097e-06], "world_rotation": [0.0, 1.0, 0.0, 0.0]}, {"color": "CVYellow", "id_name": "object37041292294969", "shape": "CVCone", "id_string": "ob1129", "world_size": [0.09, 0.09, 0.09], "id": 1129, "camera_size": [37, 37], "camera_position": [256, 254], "world_position": [0.705, 0.6448569696296074, -0.15], "world_orientation": [1.0, -4.331917303826236e-17, -1.1712398707441946e-17, 4.331917303826236e-17, 1.0, -5.775889738434995e-17, 1.1712398707441946e-17, 5.775889738434995e-17, 1.0], "world_rotation": [-0.7896765794068324, 0.16013129347666225, -0.5922574345551229, -7.314247236221149e-17]}], "source": "action wait"}
{"timestamp": 1706069302.858094, "objects": [{"color": "cv_", "id_name": "hand", "shape": "CVCylinder", "id_string": "ob383", "world_size": [0.12, 0.005, 0.12], "id": 383, "camera_size": [49, 50], "camera_position": [246, 252], "world_position": [0.7083173477325672, 0.7046566610616193, -0.1741054410444335], "world_orientation": [-4.178738698686375e-06, -0.0016893293599918899, 0.9999985730734079, -0.00076311950239146, -0.9999982819014372, -0.001689332056987006, 0.9999997088155392, -0.0007631254727535559, 2.889571338992771e-06], "world_rotation": [0.0, 1.0, 0.0, 0.0]}, {"color": "CVYellow", "id_name": "object37041292294969", "shape": "CVCone", "id_string": "ob1129", "world_size": [0.09, 0.09, 0.09], "id": 1129, "camera_size": [37, 37], "camera_position": [256, 254], "world_position": [0.705, 0.6448569696296074, -0.15], "world_orientation": [1.0, -4.331917303826236e-17, -1.1712398707441946e-17, 4.331917303826236e-17, 1.0, -5.775889738434995e-17, 1.1712398707441946e-17, 5.775889738434995e-17, 1.0], "world_rotation": [-0.7896765794068324, 0.16013129347666225, -0.5922574345551229, -7.314247236221149e-17]}], "source": "action wait"}
{"timestamp": 1706069302.892019, "objects": [{"color": "cv_", "id_name": "hand", "shape": "CVCylinder", "id_string": "ob383", "world_size": [0.12, 0.005, 0.12], "id": 383, "camera_size": [51, 51], "camera_position": [246, 251], "world_position": [0.7112179136960104, 0.7281443409168904, -0.17409759374582154], "world_orientation": [1.8988934994476213e-05, 0.032615536392370977, 0.9994679716855654, -0.0007431462128487398, -0.9994676954192291, 0.03261554149606703, 0.9999997236865252, -0.0007433701724193674, 5.2592852529594165e-06], "world_rotation": [0.0, 1.0, 0.0, 0.0]}, {"color": "CVYellow", "id_name": "object37041292294969", "shape": "CVCone", "id_string": "ob1129", "world_size": [0.09, 0.09, 0.09], "id": 1129, "camera_size": [38, 38], "camera_position": [252, 251], "world_position": [0.7106135439606777, 0.673639119038958, -0.15866698745104227], "world_orientation": [0.9994224231162209, -0.033982645027444615, -3.072500129899782e-06, 0.03398264510771932, 0.9994224226179133, 3.1623153969723085e-05, 1.9960871073169248e-06, -3.170930084850579e-05, 0.999999999495268], "world_rotation": [0.0009318348677664559, 7.457608159213714e-05, -0.9999995630609981, -0.03398920396645457]}], "source": "action wait"}
{"timestamp": 1706069302.926427, "objects": [{"color": "cv_", "id_name": "hand", "shape": "CVCylinder", "id_string": "ob383", "world_size": [0.12, 0.005, 0.12], "id": 383, "camera_size": [52, 53], "camera_position": [245, 249], "world_position": [0.7152626690250607, 0.7846177391343472, -0.17410886152777907], "world_orientation": [8.148497455405857e-05, 0.11375950080445062, 0.9935083136727749, -0.0007253732033725448, -0.9935080488718132, 0.1137595299772232, 0.9999997335969221, -0.000729934000471872, 1.5621154314219906e-06], "world_rotation": [0.0, 1.0, 0.0, 0.0]}, {"color": "CVYellow", "id_name": "object37041292294969", "shape": "CVCone", "id_string": "ob1129", "world_size": [0.09, 0.09, 0.09], "id": 1129, "camera_size": [39, 44], "camera_position": [250, 247], "world_position": [0.7190769263038779, 0.7335650145949512, -0.16423199139911698], "world_orientation": [0.9933754343298485, -0.1149140829192536, -4.100222285230302e-06, 0.11491408297536514, 0.9933754329357927, 5.2664575958162086e-05, -1.9788413608398803e-06, -5.2786869300138945e-05, 0.9999999986048155], "world_rotation": [0.0004588272883934085, 9.230290346456282e-06, -0.999999894696155, -0.11516852140493346]}], "source": "action wait"}
{"timestamp": 1706069302.962137, "objects": [{"color": "cv_", "id_name": "hand", "shape": "CVCylinder", "id_string": "ob383", "world_size": [0.12, 0.005, 0.12], "id": 383, "camera_size": [56, 55], "camera_position": [244, 250], "world_position": [0.7137237249324557, 0.8547751023595195, -0.174112221665007], "world_orientation": [0.00015648832589320718, 0.21282166237769123, 0.9770910477198119, -0.0007211810445336657, -0.9770907815717212, 0.21282171991003246, 0.9999997277046155, -0.0007379636570617847, 5.796481195285798e-07], "world_rotation": [0.0, 1.0, 0.0, 0.0]}, {"color": "CVYellow", "id_name": "object37041292294969", "shape": "CVCone", "id_string": "ob1129", "world_size": [0.09, 0.09, 0.09], "id": 1129, "camera_size": [41, 50], "camera_position": [248, 245], "world_position": [0.7225272627446528, 0.8064022864542049, -0.16779029544670818], "world_orientation": [0.97687120712162, -0.2138285402816675, -7.600036400595986e-06, 0.2138285403944273, 0.9768712058893475, 4.916381998566531e-05, -3.0883711387523716e-06, -4.965182486659086e-05, 0.9999999987625792], "world_rotation": [0.00023106279931727633, 1.0549726276064435e-05, -0.9999999732493429, -0.21549248236922058]}], "source": "action wait"}
{"timestamp": 1706069302.996797, "objects": [{"color": "cv_", "id_name": "hand", "shape": "CVCylinder", "id_string": "ob383", "world_size": [0.12, 0.005, 0.12], "id": 383, "camera_size": [59, 57], "camera_position": [244, 254], "world_position": [0.7047397609393959, 0.9243848783053378, -0.1741131533376067], "world_orientation": [0.00023164047002659926, 0.3097516136603648, 0.95081748205294, -0.0007095430125779264, -0.950817217306472, 0.3097517002734457, 0.9999997214456643, -0.000746396930070712, -4.6565401835239515e-07], "world_rotation": [0.0, 1.0, 0.0, 0.0]}, {"color": "CVYellow", "id_name": "object37041292294969", "shape": "CVCone", "id_string": "ob1129", "world_size": [0.09, 0.09, 0.09], "id": 1129, "camera_size": [44, 55], "camera_position": [246, 247], "world_position": [0.7182792296688421, 0.8784454509310287, -0.17006640843236037], "world_orientation": [0.9505239467136556, -0.31065129426357474, -9.811312432751635e-06, 0.31065129439047645, 0.9505239457295097, 4.3454871883468954e-05, -4.1734247862933864e-06, -4.435279323351484e-05, 0.9999999990077063], "world_rotation": [0.00014132834119791348, 9.074302429891587e-06, -0.9999999899719785, -0.31587815414391107]}], "source": "action wait"}
{"timestamp": 1706069303.029181, "objects": [{"color": "cv_", "id_name": "hand", "shape": "CVCylinder", "id_string": "ob383", "world_size": [0.12, 0.005, 0.12], "id": 383, "camera_size": [63, 59], "camera_position": [243, 262], "world_position": [0.6885651306993178, 0.9926717929931694, -0.17411360515514956], "world_orientation": [0.00030544597919002155, 0.40355211891284765, 0.9149566077272215, -0.0006874117157595633, -0.9149563495014913, 0.4035522345025961, 0.9999997170839036, -0.0007522152989854758, -2.063283628837524e-06], "world_rotation": [0.0, 1.0, 0.0, 0.0]}, {"color": "CVYellow", "id_name": "object37041292294969", "shape": "CVCone", "id_string": "ob1129", "world_size": [0.09, 0.09, 0.09], "id": 1129, "camera_size": [47, 62], "camera_position": [245, 252], "world_position": [0.7065978344705007, 0.9491580461031545, -0.1715229101849296], "world_orientation": [0.9145961442789948, -0.40436851107184646, -1.1114606857364703e-05, 0.40436851118340655, 0.9145961434480266, 3.9412083538552616e-05, -5.771628971036996e-06, -4.05405366696633e-05, 0.9999999991615768], "world_rotation": [9.886108539065676e-05, 6.606570137226787e-06, -0.9999999950914195, -0.4162882707934731]}], "source": "action wait"}
{"timestamp": 1706069303.06214, "objects": [{"color": "cv_", "id_name": "hand", "shape": "CVCylinder", "id_string": "ob383", "world_size": [0.12, 0.005, 0.12], "id": 383, "camera_size": [66, 60], "camera_position": [242, 275], "world_position": [0.6654610653170685, 1.0589474922223554, -0.17411402985009725], "world_orientation": [0.0003765952878871871, 0.4932800502142246, 0.8698704790005469, -0.0006560728879363728, -0.8698702315981961, 0.49328019395437567, 0.9999997138721366, -0.0007564654339399105, -3.961363187262035e-06], "world_rotation": [0.0, 1.0, 0.0, 0.0]}, {"color": "CVYellow", "id_name": "object37041292294969", "shape": "CVCone", "id_string": "ob1129", "world_size": [0.09, 0.09, 0.09], "id": 1129, "camera_size": [50, 68], "camera_position": [243, 262], "world_position": [0.6877372586194265, 1.0179967487983632, -0.17245517637877858], "world_orientation": [0.8694470305402942, -0.4940261743499676, -1.190798919062209e-05, 0.49402617443419333, 0.8694470298099395, 3.6449831503371476e-05, -7.653804980516302e-06, -3.757405610934715e-05, 0.9999999992648048], "world_rotation": [7.491899340695788e-05, 4.305626319660331e-06, -0.9999999971843031, -0.5167144246774987]}], "source": "action wait"}
{"timestamp": 1706069303.0916, "objects": [{"color": "cv_", "id_name": "hand", "shape": "CVCylinder", "id_string": "ob383", "world_size": [0.12, 0.005, 0.12], "id": 383, "camera_size": [71, 60], "camera_position": [242, 289], "world_position": [0.6420620956587687, 1.1089291199934417, -0.1741135481029516], "world_orientation": [0.00043715950108856307, 0.5602138802070192, 0.8283478842340131, -0.0006354141275579466, -0.8283476405481595, 0.5602140507405935, 0.9999997025701843, -0.0007712468430996804, -6.152227331814205e-06], "world_rotation": [0.0, 1.0, 0.0, 0.0]}, {"color": "CVYellow", "id_name": "object37041292294969", "shape": "CVCone", "id_string": "ob1129", "world_size": [0.09, 0.09, 0.09], "id": 1129, "camera_size": [52, 73], "camera_position": [242, 275], "world_position": [0.6674349512962994, 1.0703227444524128, -0.17305158265097906], "world_orientation": [0.8278794371067639, -0.5609060862475459, -5.123313123363957e-06, 0.560906086185154, 0.827879436785853, 2.5051776210406722e-05, -9.810208164680483e-06, -2.3613547899923252e-05, 0.9999999996730801], "world_rotation": [-4.338099127466268e-05, 4.177967713348766e-06, 0.999999999050317, 0.5954798617633403]}], "source": "action wait"}
{"timestamp": 1706069303.123096, "objects": [{"color": "cv_", "id_name": "hand", "shape": "CVCylinder", "id_string": "ob383", "world_size": [0.12, 0.005, 0.12], "id": 383, "camera_size": [73, 61], "camera_position": [241, 302], "world_position": [0.6228430635652118, 1.1427426501777878, -0.1741146490739766], "world_orientation": [0.0004789719482185344, 0.6053668848673075, 0.7959464211188618, -0.0006135801079105263, -0.7959461846804183, 0.6053670742715838, 0.9999996970526162, -0.0007783307379123913, -9.794816210634206e-06], "world_rotation": [0.0, 1.0, 0.0, 0.0]}, {"color": "CVYellow", "id_name": "object37041292294969", "shape": "CVCone", "id_string": "ob1129", "world_size": [0.09, 0.09, 0.09], "id": 1129, "camera_size": [54, 75], "camera_position": [241, 286], "world_position": [0.6502515029261121, 1.1059913240974693, -0.17343456212327352], "world_orientation": [0.7954488312736521, -0.6060207561010287, 3.444950012707776e-07, 0.6060207559524226, 0.7954488310909315, 2.17008175167336e-05, -1.3425173985578853e-05, -1.7053118810276593e-05, 0.999999999764478], "world_rotation": [-3.197409983016351e-05, 1.1360723904244565e-05, 0.9999999994242955, 0.6510484869082983]}], "source": "action wait"}
{"timestamp": 1706069303.155073, "objects": [{"color": "cv_", "id_name": "hand", "shape": "CVCylinder", "id_string": "ob383", "world_size": [0.12, 0.005, 0.12], "id": 383, "camera_size": [75, 61], "camera_position": [241, 312], "world_position": [0.608031400054503, 1.165793751937705, -0.17411631092413724], "world_orientation": [0.000506885464499113, 0.6360984749466719, 0.7716077197887823, -0.000593823164614148, -0.7716074914040784, 0.6360986767657631, 0.9999996952205412, -0.0007806277112454056, -1.3386612291784998e-05], "world_rotation": [0.0, 1.0, 0.0, 0.0]}, {"color": "CVYellow", "id_name": "object37041292294969", "shape": "CVCone", "id_string": "ob1129", "world_size": [0.09, 0.09, 0.09], "id": 1129, "camera_size": [56, 78], "camera_position": [241, 294], "world_position": [0.6367963406479501, 1.1304349718844413, -0.17368051394702425], "world_orientation": [0.7710906626062003, -0.6367253646818946, 3.4984986209951105e-06, 0.6367253644646259, 0.771090662466482, 2.2458661642904365e-05, -1.699765914414675e-05, -1.5090081477943478e-05, 0.9999999997416846], "world_rotation": [-2.9485823236229352e-05, 1.6094975081850263e-05, 0.9999999994357691, 0.6902440228678673]}], "source": "action wait"}
{"timestamp": 1706069303.188773, "objects": [{"color": "cv_", "id_name": "hand", "shape": "CVCylinder", "id_string": "ob383", "world_size": [0.12, 0.005, 0.12], "id": 383, "camera_size": [76, 62], "camera_position": [240, 319], "world_position": [0.5970046222403425, 1.1816339342762103, -0.17411791123542786], "world_orientation": [0.000525237566394202, 0.6571884156768772, 0.7537261508171351, -0.0005775578477515339, -0.7537259297111367, 0.6571886253641456, 0.9999996952761693, -0.0007805006077082296, -1.6320846123606394e-05], "world_rotation": [0.0, 1.0, 0.0, 0.0]}, {"color": "CVYellow", "id_name": "object37041292294969", "shape": "CVCone", "id_string": "ob1129", "world_size": [0.09, 0.09, 0.09], "id": 1129, "camera_size": [57, 80], "camera_position": [241, 301], "world_position": [0.6266861995731917, 1.1472905131692057, -0.17383838117543376], "world_orientation": [0.7531957817281003, -0.6577964079891621, 4.8530524699719775e-06, 0.6577964077054694, 0.753195781585678, 2.4724881445004757e-05, -1.991923685067886e-05, -1.543035592695124e-05, 0.999999999682564], "world_rotation": [-3.0522542284430566e-05, 1.882975416800237e-05, 0.9999999993569073, 0.7178893534653812]}], "source": "action wait"}
{"timestamp": 1706069303.221806, "objects": [{"color": "cv_", "id_name": "hand", "shape": "CVCylinder", "id_string": "ob383", "world_size": [0.12, 0.005, 0.12], "id": 383, "camera_size": [76, 62], "camera_position": [240, 325], "world_position": [0.5889623883694701, 1.1925939181749294, -0.17411922829358556], "world_orientation": [0.0005371896299561915, 0.6717617068089072, 0.7407671163682182, -0.0005648338969286634, -0.7407669012566296, 0.671761921342167, 0.999999696194939, -0.00077927391499936, -1.849851490500756e-05], "world_rotation": [0.0, 1.0, 0.0, 0.0]}, {"color": "CVYellow", "id_name": "object37041292294969", "shape": "CVCone", "id_string": "ob1129", "world_size": [0.09, 0.09, 0.09], "id": 1129, "camera_size": [57, 82], "camera_position": [241, 306], "world_position": [0.6192709510356923, 1.1589781914663322, -0.17393965315736787], "world_orientation": [0.7402274934324201, -0.6723564961693718, 5.059854670237138e-06, 0.6723564958255649, 0.7402274932592232, 2.728248260316929e-05, -2.2088997948674353e-05, -1.6793217556490343e-05, 0.9999999996150322], "world_rotation": [-3.2777031522252705e-05, 2.0189328697210346e-05, 0.9999999992590285, 0.7373876794603548]}], "source": "action wait"}
