{"timestamp": 1706069896.617058, "objects": [{"color": "cv_", "id_name": "hand", "shape": "CVCylinder", "id_string": "ob383", "world_size": [0.12, 0.005, 0.12], "id": 383, "camera_size": [48, 50], "camera_position": [246, 426], "world_position": [0.26764451555797736, 0.6334703012687556, -0.17389260400876516], "world_orientation": [-0.0006415488648628924, 0.19791547470500304, 0.9802188802952875, -0.0007473670612370432, -0.980218903157559, 0.1979149901727196, 0.9999995149286474, -0.000605611166650977, 0.0007767738313419226], "world_rotation": [0.0, 1.0, 0.0, 0.0]}, {"color": "CVBlue", "id_name": "object98892201621866", "shape": "CVCylinder", "id_string": "ob1325", "world_size": [0.1, 0.1, 0.1], "id": 1325, "camera_size": [41, 41], "camera_position": [256, 254], "world_position": [0.705, 0.6498037994254439, -0.15], "world_orientation": [1.0, 8.100187187665134e-17, -1.2653630886983698e-17, -8.100187187665134e-17, 1.0, -1.9397816686250694e-16, 1.2653630886983698e-17, 1.9397816686250694e-16, 1.0], "world_rotation": [-0.9211093596285536, 0.06008602943210125, 0.38463907325148433, -2.1059189642881336e-16]}], "source": "action wait"}
{"timestamp": 1706069896.646548, "objects": [{"color": "cv_", "id_name": "hand", "shape": "CVCylinder", "id_string": "ob383", "world_size": [0.12, 0.005, 0.12], "id": 383, "camera_size": [49, 51], "camera_position": [246, 421], "world_position": [0.29094438251269733, 0.6676079271640006, -0.1739561795253703], "world_orientation": [-0.00038400510055017613, 0.19666624991491855, 0.9804704170368862, -0.0007155905680614969, -0.9804702923341858, 0.1966659446377422, 0.9999996702350565, -0.0006260946568497917, 0.0005172381066898191], "world_rotation": [0.0, 1.0, 0.0, 0.0]}, {"color": "CVBlue", "id_name": "object98892201621866", "shape": "CVCylinder", "id_string": "ob1325", "world_size": [0.1, 0.1, 0.1], "id": 1325, "camera_size": [41, 41], "camera_position": [256, 254], "world_position": [0.705, 0.6498037994254439, -0.15], "world_orientation": [1.0, 8.100187187665134e-17, -1.2653630886983698e-17, -8.100187187665134e-17, 1.0, -1.9397816686250694e-16, 1.2653630886983698e-17, 1.9397816686250694e-16, 1.0], "world_rotation": [-0.9211093596285536, 0.06008602943210125, 0.38463907325148433, -2.1059189642881336e-16]}], "source": "action wait"}
{"timestamp": 1706069896.675941, "objects": [{"color": "cv_", "id_name": "hand", "shape": "CVCylinder", "id_string": "ob383", "world_size": [0.12, 0.005, 0.12], "id": 383, "camera_size": [51, 52], "camera_position": [246, 406], "world_position": [0.3368742287561959, 0.7054603499136411, -0.1739840190754426], "world_orientation": [-0.00022531304664208537, 0.1839050058513396, 0.9829439953816544, -0.0007320766244714827, -0.9829437872684981, 0.183904799105618, 0.9999997066488806, -0.0006781541716052258, 0.000356102615294857], "world_rotation": [0.0, 1.0, 0.0, 0.0]}, {"color": "CVBlue", "id_name": "object98892201621866", "shape": "CVCylinder", "id_string": "ob1325", "world_size": [0.1, 0.1, 0.1], "id": 1325, "camera_size": [41, 41], "camera_position": [256, 254], "world_position": [0.705, 0.6498037994254439, -0.15], "world_orientation": [1.0, 8.100187187665134e-17, -1.2653630886983698e-17, -8.100187187665134e-17, 1.0, -1.9397816686250694e-16, 1.2653630886983698e-17, 1.9397816686250694e-16, 1.0], "world_rotation": [-0.9211093596285536, 0.06008602943210125, 0.38463907325148433, -2.1059189642881336e-16]}], "source": "action wait"}
{"timestamp": 1706069896.708178, "objects": [{"color": "cv_", "id_name": "hand", "shape": "CVCylinder", "id_string": "ob383", "world_size": [0.12, 0.005, 0.12], "id": 383, "camera_size": [51, 52], "camera_position": [246, 388], "world_position": [0.3873593838770134, 0.7385540495480157, -0.1740045351405319], "world_orientation": [-0.00012246506997754108, 0.1748169348592756, 0.9846009467234503, -0.0007433578585842048, -0.9846006979854617, 0.17481679823642846, 0.9999997162106601, -0.0007105018998873443, 0.0002505307357203933], "world_rotation": [0.0, 1.0, 0.0, 0.0]}, {"color": "CVBlue", "id_name": "object98892201621866", "shape": "CVCylinder", "id_string": "ob1325", "world_size": [0.1, 0.1, 0.1], "id": 1325, "camera_size": [41, 41], "camera_position": [256, 254], "world_position": [0.705, 0.6498037994254439, -0.15], "world_orientation": [1.0, 8.100187187665134e-17, -1.2653630886983698e-17, -8.100187187665134e-17, 1.0, -1.9397816686250694e-16, 1.2653630886983698e-17, 1.9397816686250694e-16, 1.0], "world_rotation": [-0.9211093596285536, 0.06008602943210125, 0.38463907325148433, -2.1059189642881336e-16]}], "source": "action wait"}
{"timestamp": 1706069896.740845, "objects": [{"color": "cv_", "id_name": "hand", "shape": "CVCylinder", "id_string": "ob383", "world_size": [0.12, 0.005, 0.12], "id": 383, "camera_size": [52, 53], "camera_position": [245, 368], "world_position": [0.4414198956692416, 0.7664466407742029, -0.17402303418959789], "world_orientation": [-5.0053791628832714e-05, 0.1683956073044679, 0.9857194920134111, -0.000750751247141435, -0.9857192217868598, 0.1683955230179025, 0.9999997169335515, -0.00073160130354062, 0.00017576219672924348], "world_rotation": [0.0, 1.0, 0.0, 0.0]}, {"color": "CVBlue", "id_name": "object98892201621866", "shape": "CVCylinder", "id_string": "ob1325", "world_size": [0.1, 0.1, 0.1], "id": 1325, "camera_size": [41, 41], "camera_position": [256, 254], "world_position": [0.705, 0.6498037994254439, -0.15], "world_orientation": [1.0, 8.100187187665134e-17, -1.2653630886983698e-17, -8.100187187665134e-17, 1.0, -1.9397816686250694e-16, 1.2653630886983698e-17, 1.9397816686250694e-16, 1.0], "world_rotation": [-0.9211093596285536, 0.06008602943210125, 0.38463907325148433, -2.1059189642881336e-16]}], "source": "action wait"}
{"timestamp": 1706069896.775139, "objects": [{"color": "cv_", "id_name": "hand", "shape": "CVCylinder", "id_string": "ob383", "world_size": [0.12, 0.005, 0.12], "id": 383, "camera_size": [52, 53], "camera_position": [245, 344], "world_position": [0.4986148412645318, 0.7804440729420051, -0.1740382222612889], "world_orientation": [-7.212453176739037e-06, 0.15186488242098467, 0.9884012633719369, -0.0007645279060477114, -0.9884009753732923, 0.15186483259203035, 0.999999707722488, -0.0007545650302266834, 0.00012323373631463566], "world_rotation": [0.0, 1.0, 0.0, 0.0]}, {"color": "CVBlue", "id_name": "object98892201621866", "shape": "CVCylinder", "id_string": "ob1325", "world_size": [0.1, 0.1, 0.1], "id": 1325, "camera_size": [41, 41], "camera_position": [256, 254], "world_position": [0.705, 0.6498037994254439, -0.15], "world_orientation": [1.0, 8.100187187665134e-17, -1.2653630886983698e-17, -8.100187187665134e-17, 1.0, -1.9397816686250694e-16, 1.2653630886983698e-17, 1.9397816686250694e-16, 1.0], "world_rotation": [-0.9211093596285536, 0.06008602943210125, 0.38463907325148433, -2.1059189642881336e-16]}], "source": "action wait"}
{"timestamp": 1706069896.810331, "objects": [{"color": "cv_", "id_name": "hand", "shape": "CVCylinder", "id_string": "ob383", "world_size": [0.12, 0.005, 0.12], "id": 383, "camera_size": [52, 53], "camera_position": [245, 318], "world_position": [0.557168848108596, 0.7713875150635227, -0.1740500348315067], "world_orientation": [-1.3390086990629618e-06, 0.11235473296334968, 0.9936681608962529, -0.0007770095984456268, -0.9936678610534414, 0.11235469801286763, 0.9999996981271001, -0.0007719392547685308, 8.863123585365067e-05], "world_rotation": [0.0, 1.0, 0.0, 0.0]}, {"color": "CVBlue", "id_name": "object98892201621866", "shape": "CVCylinder", "id_string": "ob1325", "world_size": [0.1, 0.1, 0.1], "id": 1325, "camera_size": [41, 41], "camera_position": [256, 254], "world_position": [0.705, 0.6498037994254439, -0.15], "world_orientation": [1.0, 8.100187187665134e-17, -1.2653630886983698e-17, -8.100187187665134e-17, 1.0, -1.9397816686250694e-16, 1.2653630886983698e-17, 1.9397816686250694e-16, 1.0], "world_rotation": [-0.9211093596285536, 0.06008602943210125, 0.38463907325148433, -2.1059189642881336e-16]}], "source": "action wait"}
{"timestamp": 1706069896.845337, "objects": [{"color": "cv_", "id_name": "hand", "shape": "CVCylinder", "id_string": "ob383", "world_size": [0.12, 0.005, 0.12], "id": 383, "camera_size": [52, 51], "camera_position": [245, 298], "world_position": [0.6023218463920457, 0.7574631053541396, -0.17405570361402783], "world_orientation": [-1.5897944255387314e-05, 0.07878346577053508, 0.9968917520315024, -0.000775140377893278, -0.9968914536407775, 0.07878342982742144, 0.9999996994522798, -0.0007714785548131294, 7.691677018815947e-05], "world_rotation": [0.0, 1.0, 0.0, 0.0]}, {"color": "CVBlue", "id_name": "object98892201621866", "shape": "CVCylinder", "id_string": "ob1325", "world_size": [0.1, 0.1, 0.1], "id": 1325, "camera_size": [41, 41], "camera_position": [256, 254], "world_position": [0.705, 0.6498037994254439, -0.15], "world_orientation": [1.0, 8.100187187665134e-17, -1.2653630886983698e-17, -8.100187187665134e-17, 1.0, -1.9397816686250694e-16, 1.2653630886983698e-17, 1.9397816686250694e-16, 1.0], "world_rotation": [-0.9211093596285536, 0.06008602943210125, 0.38463907325148433, -2.1059189642881336e-16]}], "source": "action wait"}
{"timestamp": 1706069896.877118, "objects": [{"color": "cv_", "id_name": "hand", "shape": "CVCylinder", "id_string": "ob383", "world_size": [0.12, 0.005, 0.12], "id": 383, "camera_size": [51, 51], "camera_position": [246, 284], "world_position": [0.6339946288236727, 0.7451984999141581, -0.17406341701726752], "world_orientation": [-2.2336094570009597e-05, 0.055059611246029684, 0.9984830688151577, -0.0007712544445471398, -0.9984827730471387, 0.05505957768343352, 0.999999702333796, -0.0007688546886949563, 6.476717553422826e-05], "world_rotation": [0.0, 1.0, 0.0, 0.0]}, {"color": "CVBlue", "id_name": "object98892201621866", "shape": "CVCylinder", "id_string": "ob1325", "world_size": [0.1, 0.1, 0.1], "id": 1325, "camera_size": [41, 41], "camera_position": [256, 254], "world_position": [0.705, 0.6498037994254439, -0.15], "world_orientation": [1.0, 8.100187187665134e-17, -1.2653630886983698e-17, -8.100187187665134e-17, 1.0, -1.9397816686250694e-16, 1.2653630886983698e-17, 1.9397816686250694e-16, 1.0], "world_rotation": [-0.9211093596285536, 0.06008602943210125, 0.38463907325148433, -2.1059189642881336e-16]}], "source": "action wait"}
{"timestamp": 1706069896.90821, "objects": [{"color": "cv_", "id_name": "hand", "shape": "CVCylinder", "id_string": "ob383", "world_size": [0.12, 0.005, 0.12], "id": 383, "camera_size": [51, 50], "camera_position": [246, 274], "world_position": [0.6561487919364104, 0.7353685369953544, -0.17407130848054353], "world_orientation": [-2.3826661841702054e-05, 0.03831838827329532, 0.999265580590279, -0.000767769659080485, -0.9992652870561894, 0.03831835871044289, 0.999999704980977, -0.0007662927955656606, 5.32288519863188e-05], "world_rotation": [0.0, 1.0, 0.0, 0.0]}, {"color": "CVBlue", "id_name": "object98892201621866", "shape": "CVCylinder", "id_string": "ob1325", "world_size": [0.1, 0.1, 0.1], "id": 1325, "camera_size": [41, 41], "camera_position": [256, 254], "world_position": [0.705, 0.6498037994254439, -0.15], "world_orientation": [1.0, 8.100187187665134e-17, -1.2653630886983698e-17, -8.100187187665134e-17, 1.0, -1.9397816686250694e-16, 1.2653630886983698e-17, 1.9397816686250694e-16, 1.0], "world_rotation": [-0.9211093596285536, 0.06008602943210125, 0.38463907325148433, -2.1059189642881336e-16]}], "source": "action wait"}
{"timestamp": 1706069896.939397, "objects": [{"color": "cv_", "id_name": "hand", "shape": "CVCylinder", "id_string": "ob383", "world_size": [0.12, 0.005, 0.12], "id": 383, "camera_size": [51, 51], "camera_position": [246, 268], "world_position": [0.6716450544572985, 0.727874095192283, -0.17407842160438056], "world_orientation": [-2.2749458267427337e-05, 0.026512312335339492, 0.9996484866077152, -0.0007652757389220247, -0.9996481946073723, 0.026512287175283023, 0.99999970691771, -0.0007644035940807115, 4.303068429866167e-05], "world_rotation": [0.0, 1.0, 0.0, 0.0]}, {"color": "CVBlue", "id_name": "object98892201621866", "shape": "CVCylinder", "id_string": "ob1325", "world_size": [0.1, 0.1, 0.1], "id": 1325, "camera_size": [41, 41], "camera_position": [256, 254], "world_position": [0.705, 0.6498037994254439, -0.15], "world_orientation": [1.0, 8.100187187665134e-17, -1.2653630886983698e-17, -8.100187187665134e-17, 1.0, -1.9397816686250694e-16, 1.2653630886983698e-17, 1.9397816686250694e-16, 1.0], "world_rotation": [-0.9211093596285536, 0.06008602943210125, 0.38463907325148433, -2.1059189642881336e-16]}], "source": "action wait"}
{"timestamp": 1706069896.972139, "objects": [{"color": "cv_", "id_name": "hand", "shape": "CVCylinder", "id_string": "ob383", "world_size": [0.12, 0.005, 0.12], "id": 383, "camera_size": [51, 50], "camera_position": [246, 263], "world_position": [0.6824947671570131, 0.7223257752915522, -0.17408442999878546], "world_orientation": [-2.052273284626812e-05, 0.018189180492808522, 0.9998345629612018, -0.0007637125224836455, -0.9998342718766408, 0.01818915952128174, 0.9999997081609576, -0.0007632128848842716, 3.441063656871111e-05], "world_rotation": [0.0, 1.0, 0.0, 0.0]}, {"color": "CVBlue", "id_name": "object98892201621866", "shape": "CVCylinder", "id_string": "ob1325", "world_size": [0.1, 0.1, 0.1], "id": 1325, "camera_size": [41, 41], "camera_position": [256, 254], "world_position": [0.705, 0.6498037994254439, -0.15], "world_orientation": [1.0, 8.100187187665134e-17, -1.2653630886983698e-17, -8.100187187665134e-17, 1.0, -1.9397816686250694e-16, 1.2653630886983698e-17, 1.9397816686250694e-16, 1.0], "world_rotation": [-0.9211093596285536, 0.06008602943210125, 0.38463907325148433, -2.1059189642881336e-16]}], "source": "action wait"}
{"timestamp": 1706069897.004242, "objects": [{"color": "cv_", "id_name": "hand", "shape": "CVCylinder", "id_string": "ob383", "world_size": [0.12, 0.005, 0.12], "id": 383, "camera_size": [51, 50], "camera_position": [246, 260], "world_position": [0.6901003062876527, 0.7182926997820953, -0.17408931276532447], "world_orientation": [-1.7944749799227518e-05, 0.012322325208755926, 0.9999240771075751, -0.0007628431535213094, -0.9999237864944605, 0.012322307937386156, 0.9999997088741123, -0.0007625641155300983, 2.7343383588270833e-05], "world_rotation": [0.0, 1.0, 0.0, 0.0]}, {"color": "CVBlue", "id_name": "object98892201621866", "shape": "CVCylinder", "id_string": "ob1325", "world_size": [0.1, 0.1, 0.1], "id": 1325, "camera_size": [41, 41], "camera_position": [256, 254], "world_position": [0.705, 0.6498037994254439, -0.15], "world_orientation": [1.0, 8.100187187665134e-17, -1.2653630886983698e-17, -8.100187187665134e-17, 1.0, -1.9397816686250694e-16, 1.2653630886983698e-17, 1.9397816686250694e-16, 1.0], "world_rotation": [-0.9211093596285536, 0.06008602943210125, 0.38463907325148433, -2.1059189642881336e-16]}], "source": "action wait"}
{"timestamp": 1706069897.037989, "objects": [{"color": "cv_", "id_name": "hand", "shape": "CVCylinder", "id_string": "ob383", "world_size": [0.12, 0.005, 0.12], "id": 383, "camera_size": [50, 50], "camera_position": [245, 257], "world_position": [0.6954377490873803, 0.7153953820929738, -0.17409318236820315], "world_orientation": [-1.5434454921789094e-05, 0.008187096753572987, 0.9999664850426364, -0.0007624319680742208, -0.999966194616533, 0.008187082607630777, 0.9999997092295936, -0.0007622800520422055, 2.1676037445129873e-05], "world_rotation": [0.0, 1.0, 0.0, 0.0]}, {"color": "CVBlue", "id_name": "object98892201621866", "shape": "CVCylinder", "id_string": "ob1325", "world_size": [0.1, 0.1, 0.1], "id": 1325, "camera_size": [41, 41], "camera_position": [256, 254], "world_position": [0.705, 0.6498037994254439, -0.15], "world_orientation": [1.0, 8.100187187665134e-17, -1.2653630886983698e-17, -8.100187187665134e-17, 1.0, -1.9397816686250694e-16, 1.2653630886983698e-17, 1.9397816686250694e-16, 1.0], "world_rotation": [-0.9211093596285536, 0.06008602943210125, 0.38463907325148433, -2.1059189642881336e-16]}], "source": "action wait"}
{"timestamp": 1706069897.073092, "objects": [{"color": "cv_", "id_name": "hand", "shape": "CVCylinder", "id_string": "ob383", "world_size": [0.12, 0.005, 0.12], "id": 383, "camera_size": [50, 50], "camera_position": [245, 256], "world_position": [0.6991870928337001, 0.7133299889880629, -0.17409619649331548], "world_orientation": [-1.3187850443369695e-05, 0.0052724320824180234, 0.9999861005464111, -0.0007622967831210334, -0.999985810142177, 0.00527242049806482, 0.9999997093648054, -0.0007622166557196217, 1.7206821325664487e-05], "world_rotation": [0.0, 1.0, 0.0, 0.0]}, {"color": "CVBlue", "id_name": "object98892201621866", "shape": "CVCylinder", "id_string": "ob1325", "world_size": [0.1, 0.1, 0.1], "id": 1325, "camera_size": [41, 41], "camera_position": [256, 254], "world_position": [0.705, 0.6498037994254439, -0.15], "world_orientation": [1.0, 8.100187187665134e-17, -1.2653630886983698e-17, -8.100187187665134e-17, 1.0, -1.9397816686250694e-16, 1.2653630886983698e-17, 1.9397816686250694e-16, 1.0], "world_rotation": [-0.9211093596285536, 0.06008602943210125, 0.38463907325148433, -2.1059189642881336e-16]}], "source": "action wait"}
{"timestamp": 1706069897.10787, "objects": [{"color": "cv_", "id_name": "hand", "shape": "CVCylinder", "id_string": "ob383", "world_size": [0.12, 0.005, 0.12], "id": 383, "camera_size": [49, 50], "camera_position": [246, 255], "world_position": [0.7018229227388835, 0.7118651354634354, -0.1740985153180828], "world_orientation": [-1.1275180347291117e-05, 0.0032180444550146087, 0.9999948220179722, -0.0007623127615110386, -0.9999945315502855, 0.0032180349250137954, 0.9999997093760198, -0.0007622725303454402, 1.3728275045067354e-05], "world_rotation": [0.0, 1.0, 0.0, 0.0]}, {"color": "CVBlue", "id_name": "object98892201621866", "shape": "CVCylinder", "id_string": "ob1325", "world_size": [0.1, 0.1, 0.1], "id": 1325, "camera_size": [41, 41], "camera_position": [256, 254], "world_position": [0.705, 0.6498037994254439, -0.15], "world_orientation": [1.0, 8.100187187665134e-17, -1.2653630886983698e-17, -8.100187187665134e-17, 1.0, -1.9397816686250694e-16, 1.2653630886983698e-17, 1.9397816686250694e-16, 1.0], "world_rotation": [-0.9211093596285536, 0.06008602943210125, 0.38463907325148433, -2.1059189642881336e-16]}], "source": "action wait"}
{"timestamp": 1706069897.140479, "objects": [{"color": "cv_", "id_name": "hand", "shape": "CVCylinder", "id_string": "ob383", "world_size": [0.12, 0.005, 0.12], "id": 383, "camera_size": [49, 50], "camera_position": [246, 254], "world_position": [0.7036770920196022, 0.7108296975636867, -0.17410028286665263], "world_orientation": [-9.699544375338627e-06, 0.0017699877133803617, 0.9999984335234797, -0.000762401045555039, -0.999998142956345, 0.0017699798041253142, 0.9999997093252401, -0.0007623826832744087, 1.1048966846526942e-05], "world_rotation": [0.0, 1.0, 0.0, 0.0]}, {"color": "CVBlue", "id_name": "object98892201621866", "shape": "CVCylinder", "id_string": "ob1325", "world_size": [0.1, 0.1, 0.1], "id": 1325, "camera_size": [41, 41], "camera_position": [256, 254], "world_position": [0.705, 0.6498037994254439, -0.15], "world_orientation": [1.0, 8.100187187665134e-17, -1.2653630886983698e-17, -8.100187187665134e-17, 1.0, -1.9397816686250694e-16, 1.2653630886983698e-17, 1.9397816686250694e-16, 1.0], "world_rotation": [-0.9211093596285536, 0.06008602943210125, 0.38463907325148433, -2.1059189642881336e-16]}], "source": "action wait"}
{"timestamp": 1706069897.171872, "objects": [{"color": "cv_", "id_name": "hand", "shape": "CVCylinder", "id_string": "ob383", "world_size": [0.12, 0.005, 0.12], "id": 383, "camera_size": [49, 50], "camera_position": [246, 253], "world_position": [0.704982041155554, 0.7100994012349617, -0.1741016207234445], "world_orientation": [-8.431387938405586e-06, 0.0007492828369453898, 0.9999997192520317, -0.0007625152588809561, -0.9999994285776723, 0.0007492761900845969, 0.9999997092496536, -0.000762508727368493, 9.002722717275256e-06], "world_rotation": [0.0, 1.0, 0.0, 0.0]}, {"color": "CVBlue", "id_name": "object98892201621866", "shape": "CVCylinder", "id_string": "ob1325", "world_size": [0.1, 0.1, 0.1], "id": 1325, "camera_size": [41, 41], "camera_position": [256, 254], "world_position": [0.705, 0.6498037994254439, -0.15], "world_orientation": [1.0, 8.100187187665134e-17, -1.2653630886983698e-17, -8.100187187665134e-17, 1.0, -1.9397816686250694e-16, 1.2653630886983698e-17, 1.9397816686250694e-16, 1.0], "world_rotation": [-0.9211093596285536, 0.06008602943210125, 0.38463907325148433, -2.1059189642881336e-16]}], "source": "action wait"}
{"timestamp": 1706069897.202218, "objects": [{"color": "cv_", "id_name": "hand", "shape": "CVCylinder", "id_string": "ob383", "world_size": [0.12, 0.005, 0.12], "id": 383, "camera_size": [49, 50], "camera_position": [246, 253], "world_position": [0.7059008063835429, 0.709585045778434, -0.1741026277360661], "world_orientation": [-7.4281615202526425e-06, 2.9789404113425322e-05, 0.9999999995287069, -0.0007626302432837566, -0.9999997087539785, 2.978373051116235e-05, 0.999999709169925, -0.0007626300216863308, 7.450877657700733e-06], "world_rotation": [0.0, 1.0, 0.0, 0.0]}, {"color": "CVBlue", "id_name": "object98892201621866", "shape": "CVCylinder", "id_string": "ob1325", "world_size": [0.1, 0.1, 0.1], "id": 1325, "camera_size": [41, 41], "camera_position": [256, 254], "world_position": [0.705, 0.6498037994254439, -0.15], "world_orientation": [1.0, 8.100187187665134e-17, -1.2653630886983698e-17, -8.100187187665134e-17, 1.0, -1.9397816686250694e-16, 1.2653630886983698e-17, 1.9397816686250694e-16, 1.0], "world_rotation": [-0.9211093596285536, 0.06008602943210125, 0.38463907325148433, -2.1059189642881336e-16]}], "source": "action wait"}
{"timestamp": 1706069897.233943, "objects": [{"color": "cv_", "id_name": "hand", "shape": "CVCylinder", "id_string": "ob383", "world_size": [0.12, 0.005, 0.12], "id": 383, "camera_size": [49, 50], "camera_position": [246, 253], "world_position": [0.7065478703989644, 0.709223093734219, -0.1741033823249292], "world_orientation": [-6.644985998591656e-06, -0.00047739440701917484, 0.9999998860252057, -0.0007627338763719408, -0.9999995951633719, -0.0004773993365195029, 0.9999997090963967, -0.0007627369617517835, 6.280858422197983e-06], "world_rotation": [0.0, 1.0, 0.0, 0.0]}, {"color": "CVBlue", "id_name": "object98892201621866", "shape": "CVCylinder", "id_string": "ob1325", "world_size": [0.1, 0.1, 0.1], "id": 1325, "camera_size": [41, 41], "camera_position": [256, 254], "world_position": [0.705, 0.6498037994254439, -0.15], "world_orientation": [1.0, 8.100187187665134e-17, -1.2653630886983698e-17, -8.100187187665134e-17, 1.0, -1.9397816686250694e-16, 1.2653630886983698e-17, 1.9397816686250694e-16, 1.0], "world_rotation": [-0.9211093596285536, 0.06008602943210125, 0.38463907325148433, -2.1059189642881336e-16]}], "source": "action wait"}
{"timestamp": 1706069897.266465, "objects": [{"color": "cv_", "id_name": "hand", "shape": "CVCylinder", "id_string": "ob383", "world_size": [0.12, 0.005, 0.12], "id": 383, "camera_size": [49, 50], "camera_position": [246, 253], "world_position": [0.7070036920374626, 0.70896851534592, -0.17410394566596757], "world_orientation": [-6.039993452863213e-06, -0.0008349267366883312, 0.9999996514303707, -0.0007628215817712098, -0.999999360496441, -0.0008349311012183355, 0.9999997090333342, -0.0007628263588535223, 5.40308945668619e-06], "world_rotation": [0.0, 1.0, 0.0, 0.0]}, {"color": "CVBlue", "id_name": "object98892201621866", "shape": "CVCylinder", "id_string": "ob1325", "world_size": [0.1, 0.1, 0.1], "id": 1325, "camera_size": [41, 41], "camera_position": [256, 254], "world_position": [0.705, 0.6498037994254439, -0.15], "world_orientation": [1.0, 8.100187187665134e-17, -1.2653630886983698e-17, -8.100187187665134e-17, 1.0, -1.9397816686250694e-16, 1.2653630886983698e-17, 1.9397816686250694e-16, 1.0], "world_rotation": [-0.9211093596285536, 0.06008602943210125, 0.38463907325148433, -2.1059189642881336e-16]}], "source": "action wait"}
{"timestamp": 1706069897.30153, "objects": [{"color": "cv_", "id_name": "hand", "shape": "CVCylinder", "id_string": "ob383", "world_size": [0.12, 0.005, 0.12], "id": 383, "camera_size": [49, 49], "camera_position": [246, 253], "world_position": [0.7073248563306853, 0.7087895031506333, -0.17410436490845288], "world_orientation": [-5.576616375013338e-06, -0.0010869704897511162, 0.9999994092318535, -0.0007628928505755718, -0.9999991182401573, -0.0010869744278144502, 0.9999997089816576, -0.0007628984615225302, 4.747369442723093e-06], "world_rotation": [0.0, 1.0, 0.0, 0.0]}, {"color": "CVBlue", "id_name": "object98892201621866", "shape": "CVCylinder", "id_string": "ob1325", "world_size": [0.1, 0.1, 0.1], "id": 1325, "camera_size": [41, 41], "camera_position": [256, 254], "world_position": [0.705, 0.6498037994254439, -0.15], "world_orientation": [1.0, 8.100187187665134e-17, -1.2653630886983698e-17, -8.100187187665134e-17, 1.0, -1.9397816686250694e-16, 1.2653630886983698e-17, 1.9397816686250694e-16, 1.0], "world_rotation": [-0.9211093596285536, 0.06008602943210125, 0.38463907325148433, -2.1059189642881336e-16]}], "source": "action wait"}
{"timestamp": 1706069898.394735, "objects": [{"color": "cv_", "id_name": "hand", "shape": "CVCylinder", "id_string": "ob383", "world_size": [0.12, 0.005, 0.12], "id": 383, "camera_size": [49, 50], "camera_position": [246, 252], "world_position": [0.7080918532256077, 0.7083652182503548, -0.17410554743706808], "world_orientation": [-4.178234502265775e-06, -0.00168930194417359, 0.999998573119724, -0.0007631194907690685, -0.999998281947761, -0.0016893046407919058, 0.9999997088155503, -0.000763125460200219, 2.8890880848113343e-06], "world_rotation": [0.0, 1.0, 0.0, 0.0]}, {"color": "CVBlue", "id_name": "object98892201621866", "shape": "CVCylinder", "id_string": "ob1325", "world_size": [0.1, 0.1, 0.1], "id": 1325, "camera_size": [41, 41], "camera_position": [256, 254], "world_position": [0.705, 0.6498037994254439, -0.15], "world_orientation": [1.0, 8.100187187665134e-17, -1.2653630886983698e-17, -8.100187187665134e-17, 1.0, -1.9397816686250694e-16, 1.2653630886983698e-17, 1.9397816686250694e-16, 1.0], "world_rotation": [-0.9211093596285536, 0.06008602943210125, 0.38463907325148433, -2.1059189642881336e-16]}], "source": "action wait"}
{"timestamp": 1706069898.429015, "objects": [{"color": "cv_", "id_name": "hand", "shape": "CVCylinder", "id_string": "ob383", "world_size": [0.12, 0.005, 0.12], "id": 383, "camera_size": [51, 50], "camera_position": [246, 251], "world_position": [0.7107105701419657, 0.7304229245904166, -0.17409369579865064], "world_orientation": [1.632373272993862e-05, 0.03056889614935553, 0.9995326619584504, -0.0007432713439092499, -0.9995323856236364, 0.03056889983679168, 0.9999997236405845, -0.0007434229834861812, 6.404885005263206e-06], "world_rotation": [0.0, 1.0, 0.0, 0.0]}, {"color": "CVBlue", "id_name": "object98892201621866", "shape": "CVCylinder", "id_string": "ob1325", "world_size": [0.1, 0.1, 0.1], "id": 1325, "camera_size": [42, 43], "camera_position": [252, 252], "world_position": [0.7103183609280052, 0.674911624398454, -0.1586624011269977], "world_orientation": [0.9994899137421687, -0.03193606598175175, -4.157131843931274e-06, 0.031936066097197444, 0.9994899132494333, 3.154165843816571e-05, 3.147694861002126e-06, -3.1658331908989755e-05, 0.999999999493921], "world_rotation": [0.000989476269827925, 0.00011436635733698702, -0.9999995039284008, -0.031941513047702264]}], "source": "action wait"}
{"timestamp": 1706069898.461103, "objects": [{"color": "cv_", "id_name": "hand", "shape": "CVCylinder", "id_string": "ob383", "world_size": [0.12, 0.005, 0.12], "id": 383, "camera_size": [52, 52], "camera_position": [245, 249], "world_position": [0.7144023199205476, 0.7832146831931713, -0.1741081972768576], "world_orientation": [7.598093073646576e-05, 0.1065471419519926, 0.9943076489541656, -0.0007258224841625307, -0.9943073840385936, 0.10654716902879448, 0.9999997337042743, -0.0007297864008561796, 1.785910775004928e-06], "world_rotation": [0.0, 1.0, 0.0, 0.0]}, {"color": "CVBlue", "id_name": "object98892201621866", "shape": "CVCylinder", "id_string": "ob1325", "world_size": [0.1, 0.1, 0.1], "id": 1325, "camera_size": [44, 48], "camera_position": [249, 247], "world_position": [0.7185208576564546, 0.7297313385026539, -0.16423095300153998], "world_orientation": [0.9941831548533886, -0.10770262109164375, -3.969009086050489e-06, 0.10770262115068174, 0.9941831534520414, 5.281502945195528e-05, -1.7423951357584344e-06, -5.293528528615804e-05, 0.9999999985974098], "world_rotation": [0.0004909365291565002, 1.0336859301411169e-05, -0.9999998794372297, -0.10791195111160949]}], "source": "action wait"}
{"timestamp": 1706069898.49111, "objects": [{"color": "cv_", "id_name": "hand", "shape": "CVCylinder", "id_string": "ob383", "world_size": [0.12, 0.005, 0.12], "id": 383, "camera_size": [56, 55], "camera_position": [244, 250], "world_position": [0.7130725794771787, 0.8532646507785286, -0.17411340820755797], "world_orientation": [0.00015088095725924994, 0.20570800952345117, 0.9786134027555704, -0.0007192893182833284, -0.9786131384136476, 0.20570806485665036, 0.9999997299288702, -0.0007349435970727806, 3.0948682562802853e-07], "world_rotation": [0.0, 1.0, 0.0, 0.0]}, {"color": "CVBlue", "id_name": "object98892201621866", "shape": "CVCylinder", "id_string": "ob1325", "world_size": [0.1, 0.1, 0.1], "id": 1325, "camera_size": [46, 54], "camera_position": [247, 245], "world_position": [0.7226478370992456, 0.801566521592361, -0.16779117994129417], "world_orientation": [0.9784008976772557, -0.20671643226040412, -7.607252199398796e-06, 0.2067164323731808, 0.978400896289044, 5.2227382812613165e-05, -3.3533158711331767e-06, -5.267186226201714e-05, 0.9999999986072151], "world_rotation": [0.0002537273900212717, 1.0289303427490003e-05, -0.9999999677582704, -0.2082177141129229]}], "source": "action wait"}
{"timestamp": 1706069898.523871, "objects": [{"color": "cv_", "id_name": "hand", "shape": "CVCylinder", "id_string": "ob383", "world_size": [0.12, 0.005, 0.12], "id": 383, "camera_size": [59, 57], "camera_position": [244, 254], "world_position": [0.7042758754542334, 0.9228377983609338, -0.17411466145302854], "world_orientation": [0.0002259938624785964, 0.3028277498821086, 0.9530452784774252, -0.0007089140924825192, -0.9530450148179873, 0.3028278342084692, 0.9999997231837535, -0.0007440644606056074, -7.034645280422894e-07], "world_rotation": [0.0, 1.0, 0.0, 0.0]}, {"color": "CVBlue", "id_name": "object98892201621866", "shape": "CVCylinder", "id_string": "ob1325", "world_size": [0.1, 0.1, 0.1], "id": 1325, "camera_size": [49, 62], "camera_position": [246, 246], "world_position": [0.7190615481413958, 0.8730687204941698, -0.17006775623333512], "world_orientation": [0.9527582990957296, -0.3037295234326301, -9.979978667004562e-06, 0.3037295235646066, 0.9527582980042131, 4.581847202690354e-05, -4.407915184249081e-06, -4.6685143641232106e-05, 0.9999999989005338], "world_rotation": [0.00015227958995584485, 9.172739208443991e-06, -0.9999999883633937, -0.30860467705814176]}], "source": "action wait"}
{"timestamp": 1706069898.552985, "objects": [{"color": "cv_", "id_name": "hand", "shape": "CVCylinder", "id_string": "ob383", "world_size": [0.12, 0.005, 0.12], "id": 383, "camera_size": [62, 59], "camera_position": [243, 262], "world_position": [0.6882788092371314, 0.99109957269502, -0.1741150575428996], "world_orientation": [0.00029983644250473294, 0.3968872314998818, 0.9178673300485571, -0.0006878378041019802, -0.9178670723228569, 0.39688734475241555, 0.999999718488592, -0.0007503451382834471, -2.2159558660538703e-06], "world_rotation": [0.0, 1.0, 0.0, 0.0]}, {"color": "CVBlue", "id_name": "object98892201621866", "shape": "CVCylinder", "id_string": "ob1325", "world_size": [0.1, 0.1, 0.1], "id": 1325, "camera_size": [52, 68], "camera_position": [244, 251], "world_position": [0.708028118254403, 0.9435174391686799, -0.17152426526391798], "world_orientation": [0.917512816947322, -0.3977062114258108, -1.1433221017986396e-05, 0.3977062115460574, 0.9175128160383755, 4.126757472613271e-05, -5.922243986459956e-06, -4.241059175239025e-05, 0.9999999990831345], "world_rotation": [0.00010520097951302754, 6.928452261668292e-06, -0.9999999944423751, -0.4090154827687501]}], "source": "action wait"}
{"timestamp": 1706069898.586164, "objects": [{"color": "cv_", "id_name": "hand", "shape": "CVCylinder", "id_string": "ob383", "world_size": [0.12, 0.005, 0.12], "id": 383, "camera_size": [66, 60], "camera_position": [242, 275], "world_position": [0.6653461021227701, 1.0573632127278112, -0.1741152797506558], "world_orientation": [0.00037108903193556174, 0.48694093717657994, 0.8734348206904305, -0.000657407114683273, -0.8734345732946679, 0.48694107856027846, 0.9999997150543675, -0.0007549007587867272, -4.003553732043631e-06], "world_rotation": [0.0, 1.0, 0.0, 0.0]}, {"color": "CVBlue", "id_name": "object98892201621866", "shape": "CVCylinder", "id_string": "ob1325", "world_size": [0.1, 0.1, 0.1], "id": 1325, "camera_size": [55, 75], "camera_position": [244, 262], "world_position": [0.689797429590511, 1.0122916175259369, -0.17245635265157483], "world_orientation": [0.8730168118702318, -0.48769011271392626, -1.2369890403625988e-05, 0.4876901128100988, 0.8730168110805432, 3.792139740298834e-05, -7.694768300143604e-06, -3.913869070881389e-05, 0.9999999992044768], "world_rotation": [7.900517752348202e-05, 4.7931278146697415e-06, -0.999999996867604, -0.5094419253360825]}], "source": "action wait"}
{"timestamp": 1706069898.626779, "objects": [{"color": "cv_", "id_name": "hand", "shape": "CVCylinder", "id_string": "ob383", "world_size": [0.12, 0.005, 0.12], "id": 383, "camera_size": [71, 61], "camera_position": [242, 290], "world_position": [0.6414561191263214, 1.1087031840061594, -0.17411447827511636], "world_orientation": [0.00043298892444085013, 0.5559523903422294, 0.831214023097152, -0.0006365254879729976, -0.8312137794003409, 0.5559525589205474, 0.9999997036779034, -0.0007698102121891637, -6.028493770126032e-06], "world_rotation": [0.0, 1.0, 0.0, 0.0]}, {"color": "CVBlue", "id_name": "object98892201621866", "shape": "CVCylinder", "id_string": "ob1325", "world_size": [0.1, 0.1, 0.1], "id": 1325, "camera_size": [58, 81], "camera_position": [242, 274], "world_position": [0.6694439715029413, 1.0660573341773054, -0.1730524986150308], "world_orientation": [0.8307491358155289, -0.5566469916445911, -5.897324560443398e-06, 0.5566469915915551, 0.83074913545878, 2.6202308681578925e-05, -9.686239021635678e-06, -2.5050273268603227e-05, 0.9999999996393303], "world_rotation": [-4.603688034546908e-05, 3.403336867178192e-06, 0.9999999989345115, 0.5903441909471453]}], "source": "action wait"}
{"timestamp": 1706069898.657517, "objects": [{"color": "cv_", "id_name": "hand", "shape": "CVCylinder", "id_string": "ob383", "world_size": [0.12, 0.005, 0.12], "id": 383, "camera_size": [73, 61], "camera_position": [241, 303], "world_position": [0.6217248607089086, 1.143411178243767, -0.17411527987701497], "world_orientation": [0.0004763407268718835, 0.6024810040673408, 0.7981330796537134, -0.0006150056196866396, -0.7981328427641653, 0.6024811922950625, 0.999999697433754, -0.0007778426583093777, -9.653975206228519e-06], "world_rotation": [0.0, 1.0, 0.0, 0.0]}, {"color": "CVBlue", "id_name": "object98892201621866", "shape": "CVCylinder", "id_string": "ob1325", "world_size": [0.1, 0.1, 0.1], "id": 1325, "camera_size": [60, 84], "camera_position": [241, 284], "world_position": [0.6520396237765881, 1.102722042501215, -0.17343523944854553], "world_orientation": [0.7976378569412695, -0.6031366753681446, 1.5861318421229274e-08, 0.6031366752218599, 0.7976378567483893, 2.2003562317580983e-05, -1.3283807010512291e-05, -1.754130774921176e-05, 0.9999999997579215], "world_rotation": [-3.27826773457258e-05, 1.1025418338615802e-05, 0.9999999994018681, 0.6474277453740664]}], "source": "action wait"}
{"timestamp": 1706069898.696748, "objects": [{"color": "cv_", "id_name": "hand", "shape": "CVCylinder", "id_string": "ob383", "world_size": [0.12, 0.005, 0.12], "id": 383, "camera_size": [75, 62], "camera_position": [241, 313], "world_position": [0.6064811121760518, 1.1670441781975116, -0.1741168269955587], "world_orientation": [0.0005053152472564823, 0.6341265064821346, 0.7732291500152229, -0.000595067475974247, -0.7732289211526484, 0.6341267076758482, 0.9999996952755535, -0.0007805574127304852, -1.337630381689077e-05], "world_rotation": [0.0, 1.0, 0.0, 0.0]}, {"color": "CVBlue", "id_name": "object98892201621866", "shape": "CVCylinder", "id_string": "ob1325", "world_size": [0.1, 0.1, 0.1], "id": 1325, "camera_size": [62, 87], "camera_position": [241, 294], "world_position": [0.6383472873959825, 1.127840939667607, -0.17368108959450537], "world_orientation": [0.7727136905043402, -0.6347547183715089, 3.502738863156476e-06, 0.6347547181538821, 0.7727136903635584, 2.2497032695892744e-05, -1.6986711926405523e-05, -1.5160385139990548e-05, 0.9999999997408072], "world_rotation": [-2.966296801816505e-05, 1.6139660083156316e-05, 0.9999999994298099, 0.687691050097584]}], "source": "action wait"}
{"timestamp": 1706069898.730707, "objects": [{"color": "cv_", "id_name": "hand", "shape": "CVCylinder", "id_string": "ob383", "world_size": [0.12, 0.005, 0.12], "id": 383, "camera_size": [76, 63], "camera_position": [240, 321], "world_position": [0.5951173798298227, 1.183267939620452, -0.17411839900600057], "world_orientation": [0.0005243415132340927, 0.6558302443705532, 0.7549082166958032, -0.0005784571078273189, -0.7549079952505087, 0.6558304537715772, 0.9999996952266296, -0.0007805611562605606, -1.6459934197381605e-05], "world_rotation": [0.0, 1.0, 0.0, 0.0]}, {"color": "CVBlue", "id_name": "object98892201621866", "shape": "CVCylinder", "id_string": "ob1325", "world_size": [0.1, 0.1, 0.1], "id": 1325, "camera_size": [63, 89], "camera_position": [241, 301], "world_position": [0.6280321912613831, 1.1451569073926378, -0.1738389189646041], "world_orientation": [0.7543789387809131, -0.6564391949741909, 5.0418256505951154e-06, 0.6564391946871188, 0.7543789386411905, 2.4761223972645655e-05, -2.0057685014289027e-05, -1.5369693893571418e-05, 0.9999999996807309], "world_rotation": [-3.0567124995094096e-05, 1.9117925046390985e-05, 0.9999999993500779, 0.7160888289164623]}], "source": "action wait"}
{"timestamp": 1706069898.760059, "objects": [{"color": "cv_", "id_name": "hand", "shape": "CVCylinder", "id_string": "ob383", "world_size": [0.12, 0.005, 0.12], "id": 383, "camera_size": [77, 63], "camera_position": [241, 327], "world_position": [0.5868229478671251, 1.1944843124954234, -0.1741197229837269], "world_orientation": [0.0005367375738118337, 0.6708201470472778, 0.7416198771798431, -0.0005653384720551727, -0.7416196619390903, 0.6708203615110097, 0.9999996961525482, -0.0007793207415116198, -1.8814701084289984e-05], "world_rotation": [0.0, 1.0, 0.0, 0.0]}, {"color": "CVBlue", "id_name": "object98892201621866", "shape": "CVCylinder", "id_string": "ob1325", "world_size": [0.1, 0.1, 0.1], "id": 1325, "camera_size": [64, 91], "camera_position": [240, 306], "world_position": [0.6204551256872362, 1.1571608970434952, -0.17394017915603616], "world_orientation": [0.7410810063398454, -0.6714156253868333, 5.360007793561651e-06, 0.6714156250344163, 0.7410810061700236, 2.7453044423982996e-05, -2.2404602959432892e-05, -1.6746136805914262e-05, 0.9999999996088005], "world_rotation": [-3.291491852207168e-05, 2.0676172619091184e-05, 0.9999999992445519, 0.736117355754259]}], "source": "action wait"}
