{"timestamp": 1706200845.699511, "objects": [{"color": "cv_", "id_name": "hand", "shape": "CVCylinder", "id_string": "ob382", "world_size": [0.12, 0.005, 0.12], "id": 382, "camera_size": [48, 50], "camera_position": [246, 426], "world_position": [0.2676445155579772, 0.6334703012687589, -0.17389260400876527], "world_orientation": [-0.0006415491930128099, 0.19791547470500723, 0.980218880295072, -0.0007473671274934872, -0.9802189031575583, 0.19791499017247355, 0.9999995149283873, -0.0006056111666510041, 0.0007767741661138533], "world_rotation": [0.0, 1.0, 0.0, 0.0]}, {"color": "CVYellow", "id_name": "object102157231140157", "shape": "CVCone", "id_string": "ob498", "world_size": [0.1, 0.1, 0.1], "id": 498, "camera_size": [41, 41], "camera_position": [256, 254], "world_position": [0.705, 0.6498037994254439, -0.15], "world_orientation": [1.0, 8.100187187665134e-17, -1.2653630886983698e-17, -8.100187187665134e-17, 1.0, -1.9397816686250694e-16, 1.2653630886983698e-17, 1.9397816686250694e-16, 1.0], "world_rotation": [-0.9211093596285536, 0.06008602943210125, 0.38463907325148433, -2.1059189642881336e-16]}], "source": "action wait"}
{"timestamp": 1706200845.722625, "objects": [{"color": "cv_", "id_name": "hand", "shape": "CVCylinder", "id_string": "ob382", "world_size": [0.12, 0.005, 0.12], "id": 382, "camera_size": [49, 51], "camera_position": [246, 421], "world_position": [0.2908190247716839, 0.6674868337758311, -0.17395623989064324], "world_orientation": [-0.0003849104665264273, 0.19551724216552924, 0.9807001885693295, -0.0007158933649772644, -0.980700063787277, 0.19551693631069691, 0.9999996696702568, -0.0006268202428598524, 0.0005174512154802408], "world_rotation": [0.0, 1.0, 0.0, 0.0]}, {"color": "CVYellow", "id_name": "object102157231140157", "shape": "CVCone", "id_string": "ob498", "world_size": [0.1, 0.1, 0.1], "id": 498, "camera_size": [41, 41], "camera_position": [256, 254], "world_position": [0.705, 0.6498037994254439, -0.15], "world_orientation": [1.0, 8.100187187665134e-17, -1.2653630886983698e-17, -8.100187187665134e-17, 1.0, -1.9397816686250694e-16, 1.2653630886983698e-17, 1.9397816686250694e-16, 1.0], "world_rotation": [-0.9211093596285536, 0.06008602943210125, 0.38463907325148433, -2.1059189642881336e-16]}], "source": "action wait"}
{"timestamp": 1706200845.754478, "objects": [{"color": "cv_", "id_name": "hand", "shape": "CVCylinder", "id_string": "ob382", "world_size": [0.12, 0.005, 0.12], "id": 382, "camera_size": [51, 52], "camera_position": [246, 406], "world_position": [0.3366612080822726, 0.7052166984355764, -0.17398409506445256], "world_orientation": [-0.0002269136374320133, 0.18188002977250486, 0.9833207021517212, -0.0007324806658493121, -0.983320493907905, 0.1818798222255238, 0.9999997059910944, -0.0006789923906191131, 0.00035635243534696805], "world_rotation": [0.0, 1.0, 0.0, 0.0]}, {"color": "CVYellow", "id_name": "object102157231140157", "shape": "CVCone", "id_string": "ob498", "world_size": [0.1, 0.1, 0.1], "id": 498, "camera_size": [41, 41], "camera_position": [256, 254], "world_position": [0.705, 0.6498037994254439, -0.15], "world_orientation": [1.0, 8.100187187665134e-17, -1.2653630886983698e-17, -8.100187187665134e-17, 1.0, -1.9397816686250694e-16, 1.2653630886983698e-17, 1.9397816686250694e-16, 1.0], "world_rotation": [-0.9211093596285536, 0.06008602943210125, 0.38463907325148433, -2.1059189642881336e-16]}], "source": "action wait"}
{"timestamp": 1706200845.78753, "objects": [{"color": "cv_", "id_name": "hand", "shape": "CVCylinder", "id_string": "ob382", "world_size": [0.12, 0.005, 0.12], "id": 382, "camera_size": [51, 52], "camera_position": [246, 388], "world_position": [0.38708224927874635, 0.7382255865243984, -0.17400460448068145], "world_orientation": [-0.0001245388863956986, 0.1721713414124842, 0.9850670097441552, -0.0007438005349070328, -0.9850667608430054, 0.17217120387287171, 0.9999997156253747, -0.0007112513587675371, 0.0002507402532594945], "world_rotation": [0.0, 1.0, 0.0, 0.0]}, {"color": "CVYellow", "id_name": "object102157231140157", "shape": "CVCone", "id_string": "ob498", "world_size": [0.1, 0.1, 0.1], "id": 498, "camera_size": [41, 41], "camera_position": [256, 254], "world_position": [0.705, 0.6498037994254439, -0.15], "world_orientation": [1.0, 8.100187187665134e-17, -1.2653630886983698e-17, -8.100187187665134e-17, 1.0, -1.9397816686250694e-16, 1.2653630886983698e-17, 1.9397816686250694e-16, 1.0], "world_rotation": [-0.9211093596285536, 0.06008602943210125, 0.38463907325148433, -2.1059189642881336e-16]}], "source": "action wait"}
{"timestamp": 1706200845.82261, "objects": [{"color": "cv_", "id_name": "hand", "shape": "CVCylinder", "id_string": "ob382", "world_size": [0.12, 0.005, 0.12], "id": 382, "camera_size": [52, 53], "camera_position": [245, 368], "world_position": [0.4410963155741576, 0.7660592908389579, -0.17402309071309305], "world_orientation": [-5.250610740367972e-05, 0.16531099448415149, 0.9862414878445185, -0.0007512187706062555, -0.9862412174417623, 0.16531090916618155, 0.9999997164566935, -0.0007322032856680644, 0.00017596840933343415], "world_rotation": [0.0, 1.0, 0.0, 0.0]}, {"color": "CVYellow", "id_name": "object102157231140157", "shape": "CVCone", "id_string": "ob498", "world_size": [0.1, 0.1, 0.1], "id": 498, "camera_size": [41, 41], "camera_position": [256, 254], "world_position": [0.705, 0.6498037994254439, -0.15], "world_orientation": [1.0, 8.100187187665134e-17, -1.2653630886983698e-17, -8.100187187665134e-17, 1.0, -1.9397816686250694e-16, 1.2653630886983698e-17, 1.9397816686250694e-16, 1.0], "world_rotation": [-0.9211093596285536, 0.06008602943210125, 0.38463907325148433, -2.1059189642881336e-16]}], "source": "action wait"}
{"timestamp": 1706200845.858963, "objects": [{"color": "cv_", "id_name": "hand", "shape": "CVCylinder", "id_string": "ob382", "world_size": [0.12, 0.005, 0.12], "id": 382, "camera_size": [52, 53], "camera_position": [245, 344], "world_position": [0.49822602870763766, 0.7810169916284038, -0.17403833631014737], "world_orientation": [-8.859546843162865e-06, 0.1498882548987436, 0.9887029437424153, -0.0007643838848580407, -0.9887026559552088, 0.14988820442047107, 0.9999997078193499, -0.0007544206555404267, 0.00012333162406890326], "world_rotation": [0.0, 1.0, 0.0, 0.0]}, {"color": "CVYellow", "id_name": "object102157231140157", "shape": "CVCone", "id_string": "ob498", "world_size": [0.1, 0.1, 0.1], "id": 498, "camera_size": [41, 41], "camera_position": [256, 254], "world_position": [0.705, 0.6498037994254439, -0.15], "world_orientation": [1.0, 8.100187187665134e-17, -1.2653630886983698e-17, -8.100187187665134e-17, 1.0, -1.9397816686250694e-16, 1.2653630886983698e-17, 1.9397816686250694e-16, 1.0], "world_rotation": [-0.9211093596285536, 0.06008602943210125, 0.38463907325148433, -2.1059189642881336e-16]}], "source": "action wait"}
{"timestamp": 1706200845.894691, "objects": [{"color": "cv_", "id_name": "hand", "shape": "CVCylinder", "id_string": "ob382", "world_size": [0.12, 0.005, 0.12], "id": 382, "camera_size": [52, 53], "camera_position": [245, 318], "world_position": [0.5568408976190071, 0.7725975671750975, -0.1740501669087141], "world_orientation": [-2.2469528101999455e-06, 0.11104983098225862, 0.9938148394111265, -0.0007770483044449873, -0.9938145395727608, 0.1110497957211728, 0.9999996980953965, -0.0007719926122464661, 8.85241372465795e-05], "world_rotation": [0.0, 1.0, 0.0, 0.0]}, {"color": "CVYellow", "id_name": "object102157231140157", "shape": "CVCone", "id_string": "ob498", "world_size": [0.1, 0.1, 0.1], "id": 498, "camera_size": [41, 41], "camera_position": [256, 254], "world_position": [0.705, 0.6498037994254439, -0.15], "world_orientation": [1.0, 8.100187187665134e-17, -1.2653630886983698e-17, -8.100187187665134e-17, 1.0, -1.9397816686250694e-16, 1.2653630886983698e-17, 1.9397816686250694e-16, 1.0], "world_rotation": [-0.9211093596285536, 0.06008602943210125, 0.38463907325148433, -2.1059189642881336e-16]}], "source": "action wait"}
{"timestamp": 1706200845.933695, "objects": [{"color": "cv_", "id_name": "hand", "shape": "CVCylinder", "id_string": "ob382", "world_size": [0.12, 0.005, 0.12], "id": 382, "camera_size": [52, 52], "camera_position": [245, 298], "world_position": [0.6021389336184122, 0.7590569183698851, -0.17405578428652643], "world_orientation": [-1.6549229536935757e-05, 0.07785995398132763, 0.9969643059268213, -0.0007752383592149176, -0.996964007477172, 0.0778599178046331, 0.9999996993657595, -0.0007715964510714291, 7.685900917322791e-05], "world_rotation": [0.0, 1.0, 0.0, 0.0]}, {"color": "CVYellow", "id_name": "object102157231140157", "shape": "CVCone", "id_string": "ob498", "world_size": [0.1, 0.1, 0.1], "id": 498, "camera_size": [41, 41], "camera_position": [256, 254], "world_position": [0.705, 0.6498037994254439, -0.15], "world_orientation": [1.0, 8.100187187665134e-17, -1.2653630886983698e-17, -8.100187187665134e-17, 1.0, -1.9397816686250694e-16, 1.2653630886983698e-17, 1.9397816686250694e-16, 1.0], "world_rotation": [-0.9211093596285536, 0.06008602943210125, 0.38463907325148433, -2.1059189642881336e-16]}], "source": "action wait"}
{"timestamp": 1706200845.964771, "objects": [{"color": "cv_", "id_name": "hand", "shape": "CVCylinder", "id_string": "ob382", "world_size": [0.12, 0.005, 0.12], "id": 382, "camera_size": [51, 51], "camera_position": [246, 284], "world_position": [0.6339318873743062, 0.7470499863328776, -0.17406346947926796], "world_orientation": [-2.281836663464036e-05, 0.054406992620092305, 0.9985188424027658, -0.0007713677392826196, -0.9985185465568671, 0.05440695887266995, 0.9999997022355223, -0.0007689837441606319, 6.47523611857331e-05], "world_rotation": [0.0, 1.0, 0.0, 0.0]}, {"color": "CVYellow", "id_name": "object102157231140157", "shape": "CVCone", "id_string": "ob498", "world_size": [0.1, 0.1, 0.1], "id": 498, "camera_size": [41, 41], "camera_position": [256, 254], "world_position": [0.705, 0.6498037994254439, -0.15], "world_orientation": [1.0, 8.100187187665134e-17, -1.2653630886983698e-17, -8.100187187665134e-17, 1.0, -1.9397816686250694e-16, 1.2653630886983698e-17, 1.9397816686250694e-16, 1.0], "world_rotation": [-0.9211093596285536, 0.06008602943210125, 0.38463907325148433, -2.1059189642881336e-16]}], "source": "action wait"}
{"timestamp": 1706200845.99429, "objects": [{"color": "cv_", "id_name": "hand", "shape": "CVCylinder", "id_string": "ob382", "world_size": [0.12, 0.005, 0.12], "id": 382, "camera_size": [51, 51], "camera_position": [246, 275], "world_position": [0.6561788246050796, 0.7373950184519366, -0.17407135001747698], "world_orientation": [-2.4188002838066045e-05, 0.037857539852930146, 0.9992831461058596, -0.0007678767159583447, -0.9992828524952948, 0.0378575101428549, 0.9999997048901013, -0.0007664105629818701, 5.324057984909481e-05], "world_rotation": [0.0, 1.0, 0.0, 0.0]}, {"color": "CVYellow", "id_name": "object102157231140157", "shape": "CVCone", "id_string": "ob498", "world_size": [0.1, 0.1, 0.1], "id": 498, "camera_size": [41, 41], "camera_position": [256, 254], "world_position": [0.705, 0.6498037994254439, -0.15], "world_orientation": [1.0, 8.100187187665134e-17, -1.2653630886983698e-17, -8.100187187665134e-17, 1.0, -1.9397816686250694e-16, 1.2653630886983698e-17, 1.9397816686250694e-16, 1.0], "world_rotation": [-0.9211093596285536, 0.06008602943210125, 0.38463907325148433, -2.1059189642881336e-16]}], "source": "action wait"}
{"timestamp": 1706200846.026124, "objects": [{"color": "cv_", "id_name": "hand", "shape": "CVCylinder", "id_string": "ob382", "world_size": [0.12, 0.005, 0.12], "id": 382, "camera_size": [51, 51], "camera_position": [246, 268], "world_position": [0.6717441562350432, 0.7300205894111388, -0.17407846154125436], "world_orientation": [-2.3021961747564968e-05, 0.02618699267141919, 0.9996570616390485, -0.0007653677581374447, -0.9996567695718835, 0.026186967394123063, 0.9999997068410492, -0.0007645024088116567, 4.305673978343778e-05], "world_rotation": [0.0, 1.0, 0.0, 0.0]}, {"color": "CVYellow", "id_name": "object102157231140157", "shape": "CVCone", "id_string": "ob498", "world_size": [0.1, 0.1, 0.1], "id": 498, "camera_size": [41, 41], "camera_position": [256, 254], "world_position": [0.705, 0.6498037994254439, -0.15], "world_orientation": [1.0, 8.100187187665134e-17, -1.2653630886983698e-17, -8.100187187665134e-17, 1.0, -1.9397816686250694e-16, 1.2653630886983698e-17, 1.9397816686250694e-16, 1.0], "world_rotation": [-0.9211093596285536, 0.06008602943210125, 0.38463907325148433, -2.1059189642881336e-16]}], "source": "action wait"}
{"timestamp": 1706200846.060012, "objects": [{"color": "cv_", "id_name": "hand", "shape": "CVCylinder", "id_string": "ob382", "world_size": [0.12, 0.005, 0.12], "id": 382, "camera_size": [51, 50], "camera_position": [246, 263], "world_position": [0.682644225964287, 0.7245552207555285, -0.17408447277678527], "world_orientation": [-2.0729154455003736e-05, 0.017959564452886222, 0.9998387138008634, -0.0007637874479527091, -0.9998384226613948, 0.017959543388083095, 0.9999997080994757, -0.0007632919734298071, 3.44430949935783e-05], "world_rotation": [0.0, 1.0, 0.0, 0.0]}, {"color": "CVYellow", "id_name": "object102157231140157", "shape": "CVCone", "id_string": "ob498", "world_size": [0.1, 0.1, 0.1], "id": 498, "camera_size": [41, 41], "camera_position": [256, 254], "world_position": [0.705, 0.6498037994254439, -0.15], "world_orientation": [1.0, 8.100187187665134e-17, -1.2653630886983698e-17, -8.100187187665134e-17, 1.0, -1.9397816686250694e-16, 1.2653630886983698e-17, 1.9397816686250694e-16, 1.0], "world_rotation": [-0.9211093596285536, 0.06008602943210125, 0.38463907325148433, -2.1059189642881336e-16]}], "source": "action wait"}
{"timestamp": 1706200846.094786, "objects": [{"color": "cv_", "id_name": "hand", "shape": "CVCylinder", "id_string": "ob382", "world_size": [0.12, 0.005, 0.12], "id": 382, "camera_size": [51, 51], "camera_position": [246, 260], "world_position": [0.6902860144013719, 0.7205798230580951, -0.17408936009451006], "world_orientation": [-1.8101682661702444e-05, 0.012160263930642047, 0.9999260610932521, -0.0007629020996773398, -0.9999257704366742, 0.012160246585087488, 0.9999997088263154, -0.0007626255706057222, 2.737742986738931e-05], "world_rotation": [0.0, 1.0, 0.0, 0.0]}, {"color": "CVYellow", "id_name": "object102157231140157", "shape": "CVCone", "id_string": "ob498", "world_size": [0.1, 0.1, 0.1], "id": 498, "camera_size": [41, 41], "camera_position": [256, 254], "world_position": [0.705, 0.6498037994254439, -0.15], "world_orientation": [1.0, 8.100187187665134e-17, -1.2653630886983698e-17, -8.100187187665134e-17, 1.0, -1.9397816686250694e-16, 1.2653630886983698e-17, 1.9397816686250694e-16, 1.0], "world_rotation": [-0.9211093596285536, 0.06008602943210125, 0.38463907325148433, -2.1059189642881336e-16]}], "source": "action wait"}
{"timestamp": 1706200846.127622, "objects": [{"color": "cv_", "id_name": "hand", "shape": "CVCylinder", "id_string": "ob382", "world_size": [0.12, 0.005, 0.12], "id": 382, "camera_size": [51, 50], "camera_position": [246, 257], "world_position": [0.6956493418284856, 0.7177227876296434, -0.17409323454506942], "world_orientation": [-1.555398937481146e-05, 0.008072711823719035, 0.9999674150100515, -0.0007624772729595691, -0.9999671245503836, 0.008072697618895916, 0.9999997091931985, -0.0007623268649926858, 2.170873732752228e-05], "world_rotation": [0.0, 1.0, 0.0, 0.0]}, {"color": "CVYellow", "id_name": "object102157231140157", "shape": "CVCone", "id_string": "ob498", "world_size": [0.1, 0.1, 0.1], "id": 498, "camera_size": [41, 41], "camera_position": [256, 254], "world_position": [0.705, 0.6498037994254439, -0.15], "world_orientation": [1.0, 8.100187187665134e-17, -1.2653630886983698e-17, -8.100187187665134e-17, 1.0, -1.9397816686250694e-16, 1.2653630886983698e-17, 1.9397816686250694e-16, 1.0], "world_rotation": [-0.9211093596285536, 0.06008602943210125, 0.38463907325148433, -2.1059189642881336e-16]}], "source": "action wait"}
{"timestamp": 1706200846.159768, "objects": [{"color": "cv_", "id_name": "hand", "shape": "CVCylinder", "id_string": "ob382", "world_size": [0.12, 0.005, 0.12], "id": 382, "camera_size": [50, 50], "camera_position": [245, 256], "world_position": [0.6994170733078575, 0.7156856180933692, -0.17409625315220698], "world_orientation": [-1.3278703017039928e-05, 0.005191691480893206, 0.9999865229908068, -0.0007623310298267269, -0.9999862325610962, 0.00519167985014806, 0.9999997093374964, -0.000762251817109904, 1.7236307716845524e-05], "world_rotation": [0.0, 1.0, 0.0, 0.0]}, {"color": "CVYellow", "id_name": "object102157231140157", "shape": "CVCone", "id_string": "ob498", "world_size": [0.1, 0.1, 0.1], "id": 498, "camera_size": [41, 41], "camera_position": [256, 254], "world_position": [0.705, 0.6498037994254439, -0.15], "world_orientation": [1.0, 8.100187187665134e-17, -1.2653630886983698e-17, -8.100187187665134e-17, 1.0, -1.9397816686250694e-16, 1.2653630886983698e-17, 1.9397816686250694e-16, 1.0], "world_rotation": [-0.9211093596285536, 0.06008602943210125, 0.38463907325148433, -2.1059189642881336e-16]}], "source": "action wait"}
{"timestamp": 1706200846.191482, "objects": [{"color": "cv_", "id_name": "hand", "shape": "CVCylinder", "id_string": "ob382", "world_size": [0.12, 0.005, 0.12], "id": 382, "camera_size": [50, 50], "camera_position": [245, 255], "world_position": [0.7020659212266598, 0.7142405846762151, -0.1740985758369863], "world_orientation": [-1.1343784431498368e-05, 0.0031610450498169803, 0.999995003820275, -0.000762338335317153, -0.9999947133334921, 0.003161035483725992, 0.9999997093557483, -0.0007622986684330906, 1.37535102821985e-05], "world_rotation": [0.0, 1.0, 0.0, 0.0]}, {"color": "CVYellow", "id_name": "object102157231140157", "shape": "CVCone", "id_string": "ob498", "world_size": [0.1, 0.1, 0.1], "id": 498, "camera_size": [41, 41], "camera_position": [256, 254], "world_position": [0.705, 0.6498037994254439, -0.15], "world_orientation": [1.0, 8.100187187665134e-17, -1.2653630886983698e-17, -8.100187187665134e-17, 1.0, -1.9397816686250694e-16, 1.2653630886983698e-17, 1.9397816686250694e-16, 1.0], "world_rotation": [-0.9211093596285536, 0.06008602943210125, 0.38463907325148433, -2.1059189642881336e-16]}], "source": "action wait"}
{"timestamp": 1706200846.222674, "objects": [{"color": "cv_", "id_name": "hand", "shape": "CVCylinder", "id_string": "ob382", "world_size": [0.12, 0.005, 0.12], "id": 382, "camera_size": [50, 50], "camera_position": [245, 254], "world_position": [0.7039292865983998, 0.7132190880907651, -0.174100346573776], "world_orientation": [-9.750981985733298e-06, 0.0017297409934641597, 0.9999985039493879, -0.0007624199690667331, -0.999998213368076, 0.001729733056478871, 0.9999997093103125, -0.0007624019618523508, 1.1069753639412924e-05], "world_rotation": [0.0, 1.0, 0.0, 0.0]}, {"color": "CVYellow", "id_name": "object102157231140157", "shape": "CVCone", "id_string": "ob498", "world_size": [0.1, 0.1, 0.1], "id": 498, "camera_size": [41, 41], "camera_position": [256, 254], "world_position": [0.705, 0.6498037994254439, -0.15], "world_orientation": [1.0, 8.100187187665134e-17, -1.2653630886983698e-17, -8.100187187665134e-17, 1.0, -1.9397816686250694e-16, 1.2653630886983698e-17, 1.9397816686250694e-16, 1.0], "world_rotation": [-0.9211093596285536, 0.06008602943210125, 0.38463907325148433, -2.1059189642881336e-16]}], "source": "action wait"}
{"timestamp": 1706200846.254698, "objects": [{"color": "cv_", "id_name": "hand", "shape": "CVCylinder", "id_string": "ob382", "world_size": [0.12, 0.005, 0.12], "id": 382, "camera_size": [50, 50], "camera_position": [245, 253], "world_position": [0.7052407227219925, 0.7124986090909952, -0.17410168699361656], "world_orientation": [-8.469802478570849e-06, 0.0007208573153300351, 0.999999740146463, -0.0007625291637904696, -0.9999994494616579, 0.0007208506473150168, 0.9999997092387263, -0.0007625228601823618, 9.019472541855163e-06], "world_rotation": [0.0, 1.0, 0.0, 0.0]}, {"color": "CVYellow", "id_name": "object102157231140157", "shape": "CVCone", "id_string": "ob498", "world_size": [0.1, 0.1, 0.1], "id": 498, "camera_size": [41, 41], "camera_position": [256, 254], "world_position": [0.705, 0.6498037994254439, -0.15], "world_orientation": [1.0, 8.100187187665134e-17, -1.2653630886983698e-17, -8.100187187665134e-17, 1.0, -1.9397816686250694e-16, 1.2653630886983698e-17, 1.9397816686250694e-16, 1.0], "world_rotation": [-0.9211093596285536, 0.06008602943210125, 0.38463907325148433, -2.1059189642881336e-16]}], "source": "action wait"}
{"timestamp": 1706200846.287513, "objects": [{"color": "cv_", "id_name": "hand", "shape": "CVCylinder", "id_string": "ob382", "world_size": [0.12, 0.005, 0.12], "id": 382, "camera_size": [49, 50], "camera_position": [246, 253], "world_position": [0.7061640597958719, 0.7119911723162211, -0.1741026960285533], "world_orientation": [-7.45684692111063e-06, 9.705218477252655e-06, 0.9999999999251022, -0.0007626404047156732, -0.9999997091427238, 9.699528762737513e-06, 0.9999997091619621, -0.0007626403323310119, 7.46424634434406e-06], "world_rotation": [0.0, 1.0, 0.0, 0.0]}, {"color": "CVYellow", "id_name": "object102157231140157", "shape": "CVCone", "id_string": "ob498", "world_size": [0.1, 0.1, 0.1], "id": 498, "camera_size": [41, 41], "camera_position": [256, 254], "world_position": [0.705, 0.6498037994254439, -0.15], "world_orientation": [1.0, 8.100187187665134e-17, -1.2653630886983698e-17, -8.100187187665134e-17, 1.0, -1.9397816686250694e-16, 1.2653630886983698e-17, 1.9397816686250694e-16, 1.0], "world_rotation": [-0.9211093596285536, 0.06008602943210125, 0.38463907325148433, -2.1059189642881336e-16]}], "source": "action wait"}
{"timestamp": 1706200846.31661, "objects": [{"color": "cv_", "id_name": "hand", "shape": "CVCylinder", "id_string": "ob382", "world_size": [0.12, 0.005, 0.12], "id": 382, "camera_size": [49, 50], "camera_position": [246, 253], "world_position": [0.7068143441537882, 0.7116340987715195, -0.17410345219158133], "world_orientation": [-6.6664766857172875e-06, -0.0004915927654218171, 0.9999998791460483, -0.00076274126985493, -0.99999958827864, -0.0004915977072306547, 0.9999997090906145, -0.0007627444548996666, 6.291515851201155e-06], "world_rotation": [0.0, 1.0, 0.0, 0.0]}, {"color": "CVYellow", "id_name": "object102157231140157", "shape": "CVCone", "id_string": "ob498", "world_size": [0.1, 0.1, 0.1], "id": 498, "camera_size": [41, 41], "camera_position": [256, 254], "world_position": [0.705, 0.6498037994254439, -0.15], "world_orientation": [1.0, 8.100187187665134e-17, -1.2653630886983698e-17, -8.100187187665134e-17, 1.0, -1.9397816686250694e-16, 1.2653630886983698e-17, 1.9397816686250694e-16, 1.0], "world_rotation": [-0.9211093596285536, 0.06008602943210125, 0.38463907325148433, -2.1059189642881336e-16]}], "source": "action wait"}
{"timestamp": 1706200846.351055, "objects": [{"color": "cv_", "id_name": "hand", "shape": "CVCylinder", "id_string": "ob382", "world_size": [0.12, 0.005, 0.12], "id": 382, "camera_size": [49, 49], "camera_position": [246, 253], "world_position": [0.7072724334515166, 0.7113829615552331, -0.17410401674545117], "world_orientation": [-6.056198165660116e-06, -0.0008449719462964882, 0.9999996429928025, -0.0007628269425613198, -0.999999352054827, -0.000844976320294383, 0.9999997090291467, -0.0007628317875710175, 5.411626875596286e-06], "world_rotation": [0.0, 1.0, 0.0, 0.0]}, {"color": "CVYellow", "id_name": "object102157231140157", "shape": "CVCone", "id_string": "ob498", "world_size": [0.1, 0.1, 0.1], "id": 498, "camera_size": [41, 41], "camera_position": [256, 254], "world_position": [0.705, 0.6498037994254439, -0.15], "world_orientation": [1.0, 8.100187187665134e-17, -1.2653630886983698e-17, -8.100187187665134e-17, 1.0, -1.9397816686250694e-16, 1.2653630886983698e-17, 1.9397816686250694e-16, 1.0], "world_rotation": [-0.9211093596285536, 0.06008602943210125, 0.38463907325148433, -2.1059189642881336e-16]}], "source": "action wait"}
{"timestamp": 1706200846.389624, "objects": [{"color": "cv_", "id_name": "hand", "shape": "CVCylinder", "id_string": "ob382", "world_size": [0.12, 0.005, 0.12], "id": 382, "camera_size": [49, 50], "camera_position": [246, 252], "world_position": [0.7075951943148708, 0.711206377259616, -0.17410443691491662], "world_orientation": [-5.5889545626823675e-06, -0.0010940851726183255, 0.9999994014730202, -0.0007628967267569761, -0.9999991104783975, -0.0010940891180425522, 0.9999997089786317, -0.0007629023849574311, 4.754275594566572e-06], "world_rotation": [0.0, 1.0, 0.0, 0.0]}, {"color": "CVYellow", "id_name": "object102157231140157", "shape": "CVCone", "id_string": "ob498", "world_size": [0.1, 0.1, 0.1], "id": 498, "camera_size": [41, 41], "camera_position": [256, 254], "world_position": [0.705, 0.6498037994254439, -0.15], "world_orientation": [1.0, 8.100187187665134e-17, -1.2653630886983698e-17, -8.100187187665134e-17, 1.0, -1.9397816686250694e-16, 1.2653630886983698e-17, 1.9397816686250694e-16, 1.0], "world_rotation": [-0.9211093596285536, 0.06008602943210125, 0.38463907325148433, -2.1059189642881336e-16]}], "source": "action wait"}
{"timestamp": 1706200847.488409, "objects": [{"color": "cv_", "id_name": "hand", "shape": "CVCylinder", "id_string": "ob382", "world_size": [0.12, 0.005, 0.12], "id": 382, "camera_size": [49, 50], "camera_position": [246, 252], "world_position": [0.7083659911263945, 0.7107879149040495, -0.17410562223806308], "world_orientation": [-4.180336002147329e-06, -0.0016893927527540133, 0.9999985729663077, -0.0007631195088629179, -0.9999982817943368, -0.0016893954509496216, 0.9999997088155277, -0.0007631254821066577, 2.8911202520757742e-06], "world_rotation": [0.0, 1.0, 0.0, 0.0]}, {"color": "CVYellow", "id_name": "object102157231140157", "shape": "CVCone", "id_string": "ob498", "world_size": [0.1, 0.1, 0.1], "id": 498, "camera_size": [41, 41], "camera_position": [256, 254], "world_position": [0.705, 0.6498037994254439, -0.15], "world_orientation": [1.0, 8.100187187665134e-17, -1.2653630886983698e-17, -8.100187187665134e-17, 1.0, -1.9397816686250694e-16, 1.2653630886983698e-17, 1.9397816686250694e-16, 1.0], "world_rotation": [-0.9211093596285536, 0.06008602943210125, 0.38463907325148433, -2.1059189642881336e-16]}], "source": "action wait"}
{"timestamp": 1706200847.519402, "objects": [{"color": "cv_", "id_name": "hand", "shape": "CVCylinder", "id_string": "ob382", "world_size": [0.12, 0.005, 0.12], "id": 382, "camera_size": [51, 50], "camera_position": [246, 251], "world_position": [0.7108919924282392, 0.7326914354840853, -0.1740937632364206], "world_orientation": [1.609562684968013e-05, 0.030354792523300575, 0.9995391869815802, -0.00074328033171476, -0.9995389106423312, 0.030354796100291653, 0.9999997236376016, -0.0007434263979330524, 6.47391492879608e-06], "world_rotation": [0.0, 1.0, 0.0, 0.0]}, {"color": "CVYellow", "id_name": "object102157231140157", "shape": "CVCone", "id_string": "ob498", "world_size": [0.1, 0.1, 0.1], "id": 498, "camera_size": [42, 43], "camera_position": [252, 252], "world_position": [0.7103136311917565, 0.6756296040001211, -0.15866242091346866], "world_orientation": [0.9994967297792466, -0.031722029298295686, -4.217783112742284e-06, 0.03172202941575243, 0.9994967292868728, 3.153712292814312e-05, 3.2152388885167983e-06, -3.1655047873296826e-05, 0.9999999994938101], "world_rotation": [0.0009960292626752017, 0.00011715861837735657, -0.9999994970996566, -0.03172736797375798]}], "source": "action wait"}
{"timestamp": 1706200847.550837, "objects": [{"color": "cv_", "id_name": "hand", "shape": "CVCylinder", "id_string": "ob382", "world_size": [0.12, 0.005, 0.12], "id": 382, "camera_size": [52, 53], "camera_position": [245, 250], "world_position": [0.7144085718266553, 0.785385517835537, -0.1741082621288864], "world_orientation": [7.56216628907351e-05, 0.10622683216693236, 0.9943419202714641, -0.0007258566303895855, -0.9943416553403308, 0.10622685906682482, 0.9999997337067227, -0.00072978272742998, 1.911680995703254e-06], "world_rotation": [0.0, 1.0, 0.0, 0.0]}, {"color": "CVYellow", "id_name": "object102157231140157", "shape": "CVCone", "id_string": "ob498", "world_size": [0.1, 0.1, 0.1], "id": 498, "camera_size": [44, 49], "camera_position": [249, 248], "world_position": [0.7183987392755223, 0.7309089448689987, -0.1642309872331337], "world_orientation": [0.9942177944332276, -0.10738238782833695, -4.075929980993147e-06, 0.10738238789350021, 0.9942177930321568, 5.280679201549849e-05, -1.6181573099219448e-06, -5.293913538298883e-05, 0.9999999985974147], "world_rotation": [0.0004923801597245936, 1.1444019927013198e-05, -0.9999998787153991, -0.10758984985819957]}], "source": "action wait"}
{"timestamp": 1706200847.573788, "objects": [{"color": "cv_", "id_name": "hand", "shape": "CVCylinder", "id_string": "ob382", "world_size": [0.12, 0.005, 0.12], "id": 382, "camera_size": [56, 55], "camera_position": [244, 250], "world_position": [0.7128624661181979, 0.8553861105749241, -0.17411347219293366], "world_orientation": [0.00015053587248054195, 0.20539275346583633, 0.9786796177312947, -0.00071935644555953, -0.9786793533579614, 0.2053928086305529, 0.9999997299325912, -0.000734938476801452, 4.242507408758836e-07], "world_rotation": [0.0, 1.0, 0.0, 0.0]}, {"color": "CVYellow", "id_name": "object102157231140157", "shape": "CVCone", "id_string": "ob498", "world_size": [0.1, 0.1, 0.1], "id": 498, "camera_size": [46, 55], "camera_position": [247, 246], "world_position": [0.7223499495492641, 0.8030501227452707, -0.16779122414462574], "world_orientation": [0.9784674326296482, -0.206401267495678, -7.702103664967036e-06, 0.20640126761394978, 0.9784674312419905, 5.2211642143589616e-05, -3.2402915282478477e-06, -5.267711540135933e-05, 0.999999998607311], "world_rotation": [0.0002540894137800842, 1.0808586704156628e-05, -0.9999999676608715, -0.2078956027629884]}], "source": "action wait"}
{"timestamp": 1706200847.60431, "objects": [{"color": "cv_", "id_name": "hand", "shape": "CVCylinder", "id_string": "ob382", "world_size": [0.12, 0.005, 0.12], "id": 382, "camera_size": [59, 57], "camera_position": [244, 254], "world_position": [0.7038548119522501, 0.9248873287773578, -0.17411472025353883], "world_orientation": [0.00022567428724643362, 0.3025209478711085, 0.9531427097608637, -0.00070903864427633, -0.9531424460356617, 0.3025210320446451, 0.9999997231676202, -0.0007440862330146821, -6.006994092740807e-07], "world_rotation": [0.0, 1.0, 0.0, 0.0]}, {"color": "CVYellow", "id_name": "object102157231140157", "shape": "CVCone", "id_string": "ob498", "world_size": [0.1, 0.1, 0.1], "id": 498, "camera_size": [49, 61], "camera_position": [246, 247], "world_position": [0.7185789480360694, 0.8747072737462073, -0.17006780361015125], "world_orientation": [0.9528560160702807, -0.30342282797702225, -1.0054816642237554e-05, 0.3034228281130521, 0.9528560149807245, 4.577041329921876e-05, -4.306995723841711e-06, -4.6663474571929684e-05, 0.999999998901985], "world_rotation": [0.00015231860995805631, 9.471635487174666e-06, -0.9999999883546646, -0.3082827908823665]}], "source": "action wait"}
{"timestamp": 1706200847.639669, "objects": [{"color": "cv_", "id_name": "hand", "shape": "CVCylinder", "id_string": "ob382", "world_size": [0.12, 0.005, 0.12], "id": 382, "camera_size": [63, 58], "camera_position": [243, 262], "world_position": [0.6876551106107754, 0.9930551996120736, -0.17411511308001806], "world_orientation": [0.00029952530742595674, 0.3965918917035719, 0.9179949791363635, -0.0006880103627241694, -0.9179947213169241, 0.39659200480595147, 0.999999718463126, -0.0007503794007369458, -2.103319852951958e-06], "world_rotation": [0.0, 1.0, 0.0, 0.0]}, {"color": "CVYellow", "id_name": "object102157231140157", "shape": "CVCone", "id_string": "ob498", "world_size": [0.1, 0.1, 0.1], "id": 498, "camera_size": [52, 69], "camera_position": [244, 252], "world_position": [0.7073599794924378, 0.9452067588680731, -0.17152431461005574], "world_orientation": [0.9176407256804242, -0.39741099436260097, -1.1507964526977568e-05, 0.39741099448672856, 0.9176407247741171, 4.1195905076094143e-05, -5.811528690747368e-06, -4.2376431856273055e-05, 0.9999999990852321], "world_rotation": [0.00010514597940255133, 7.166932828370416e-06, -0.9999999944464791, -0.4086937472240883]}], "source": "action wait"}
{"timestamp": 1706200847.671287, "objects": [{"color": "cv_", "id_name": "hand", "shape": "CVCylinder", "id_string": "ob382", "world_size": [0.12, 0.005, 0.12], "id": 382, "camera_size": [66, 60], "camera_position": [242, 275], "world_position": [0.6645302277584131, 1.0592043625234815, -0.17411533347392497], "world_orientation": [0.00037090639216886997, 0.48665998603921057, 0.8735913921375161, -0.000657559601781309, -0.8735911446713701, 0.4866601273652238, 0.9999997150218687, -0.0007549437599871445, -4.012593077404696e-06], "world_rotation": [0.0, 1.0, 0.0, 0.0]}, {"color": "CVYellow", "id_name": "object102157231140157", "shape": "CVCone", "id_string": "ob498", "world_size": [0.1, 0.1, 0.1], "id": 498, "camera_size": [56, 75], "camera_position": [243, 262], "world_position": [0.6889484128796386, 1.0139585517908094, -0.17245640308072666], "world_orientation": [0.8731736212381637, -0.4874093013288463, -1.2327117769447705e-05, 0.48740930142381655, 0.873173620449939, 3.789318435512407e-05, -7.705776459194771e-06, -3.9095680864184644e-05, 0.9999999992060744], "world_rotation": [7.89776321060524e-05, 4.740719229955881e-06, -0.9999999968700295, -0.5091202978889808]}], "source": "action wait"}
{"timestamp": 1706200847.706829, "objects": [{"color": "cv_", "id_name": "hand", "shape": "CVCylinder", "id_string": "ob382", "world_size": [0.12, 0.005, 0.12], "id": 382, "camera_size": [71, 60], "camera_position": [242, 290], "world_position": [0.6404672902440768, 1.1104958731787038, -0.1741145424610984], "world_orientation": [0.0004328959028572231, 0.5557636156090626, 0.8313402529447732, -0.0006366005172050622, -0.831340009227921, 0.5557637841715689, 0.9999997036704156, -0.0007698195001224289, -6.084278735065579e-06], "world_rotation": [0.0, 1.0, 0.0, 0.0]}, {"color": "CVYellow", "id_name": "object102157231140157", "shape": "CVCone", "id_string": "ob498", "world_size": [0.1, 0.1, 0.1], "id": 498, "camera_size": [58, 80], "camera_position": [242, 274], "world_position": [0.6684336999214827, 1.0677367234643116, -0.17305255964238436], "world_orientation": [0.8308755211783901, -0.5564583257284007, -5.838125277446886e-06, 0.5564583256737126, 0.830875520821559, 2.6228073218303494e-05, -9.744074329618881e-06, -2.5040937421724373e-05, 0.9999999996390022], "world_rotation": [-4.606725087698101e-05, 3.509651008530086e-06, 0.9999999989327454, 0.5901171048664094]}], "source": "action wait"}
{"timestamp": 1706200847.741808, "objects": [{"color": "cv_", "id_name": "hand", "shape": "CVCylinder", "id_string": "ob382", "world_size": [0.12, 0.005, 0.12], "id": 382, "camera_size": [73, 62], "camera_position": [241, 303], "world_position": [0.6206131085000697, 1.1451583851277902, -0.1741153457931821], "world_orientation": [0.0004763186984537145, 0.602353245875781, 0.7982295035285331, -0.000615055639685494, -0.798229266629993, 0.6023534341247702, 0.999999697413483, -0.0007778677616600852, -9.730764389581057e-06], "world_rotation": [0.0, 1.0, 0.0, 0.0]}, {"color": "CVYellow", "id_name": "object102157231140157", "shape": "CVCone", "id_string": "ob498", "world_size": [0.1, 0.1, 0.1], "id": 498, "camera_size": [61, 84], "camera_position": [242, 285], "world_position": [0.6509139260663821, 1.1043957276989476, -0.17343530425211115], "world_orientation": [0.7977343842059379, -0.6030089984863941, 9.746116475034802e-08, 0.6030089983383439, 0.7977343840136397, 2.20310302753366e-05, -1.3362657624181524e-05, -1.751614041078502e-05, 0.9999999997573121], "world_rotation": [-3.2791526135197006e-05, 1.116079429684737e-05, 0.9999999994000762, 0.6472676863256532]}], "source": "action wait"}
{"timestamp": 1706200847.774721, "objects": [{"color": "cv_", "id_name": "hand", "shape": "CVCylinder", "id_string": "ob382", "world_size": [0.12, 0.005, 0.12], "id": 382, "camera_size": [75, 62], "camera_position": [241, 313], "world_position": [0.605282986521153, 1.1687533273753212, -0.1741168943484385], "world_orientation": [0.0005053011438484686, 0.6340392748071256, 0.7733006806364574, -0.0005951182185433162, -0.7733004517567833, 0.6340394760163289, 0.9999996952524836, -0.0007805861959348852, -1.3421279101049713e-05], "world_rotation": [0.0, 1.0, 0.0, 0.0]}, {"color": "CVYellow", "id_name": "object102157231140157", "shape": "CVCone", "id_string": "ob498", "world_size": [0.1, 0.1, 0.1], "id": 498, "camera_size": [62, 87], "camera_position": [241, 295], "world_position": [0.6371400304794819, 1.129502434950163, -0.17368115690462083], "world_orientation": [0.7727852909340459, -0.6346675461241966, 3.559923556482298e-06, 0.6346675459055974, 0.7727852907941031, 2.250422349446254e-05, -1.7033756863461987e-05, -1.5131564953208874e-05, 0.9999999997404436], "world_rotation": [-2.9650002322075233e-05, 1.6223990447826053e-05, 0.9999999994288298, 0.6875782421977366]}], "source": "action wait"}
{"timestamp": 1706200847.806715, "objects": [{"color": "cv_", "id_name": "hand", "shape": "CVCylinder", "id_string": "ob382", "world_size": [0.12, 0.005, 0.12], "id": 382, "camera_size": [76, 63], "camera_position": [240, 322], "world_position": [0.5938586779521352, 1.184947342075806, -0.17411846693334732], "world_orientation": [0.0005243603766939426, 0.6557702272550456, 0.7549603526623507, -0.0005784794213387909, -0.7549601312165986, 0.6557704366887669, 0.9999996952038308, -0.0007805890611487595, -1.652159719941265e-05], "world_rotation": [0.0, 1.0, 0.0, 0.0]}, {"color": "CVYellow", "id_name": "object102157231140157", "shape": "CVCone", "id_string": "ob498", "world_size": [0.1, 0.1, 0.1], "id": 498, "camera_size": [63, 89], "camera_position": [241, 302], "world_position": [0.6267674699000954, 1.1468054403945884, -0.17383898731913217], "world_orientation": [0.7544311224504596, -0.6563792207649669, 5.110229616239954e-06, 0.6563792204764468, 0.754431122311776, 2.478156983325081e-05, -2.012142376113256e-05, -1.5341739013420623e-05, 0.9999999996798797], "world_rotation": [-3.0564121745487776e-05, 1.922033221669198e-05, 0.9999999993482067, 0.7160093302303302]}], "source": "action wait"}
{"timestamp": 1706200847.837237, "objects": [{"color": "cv_", "id_name": "hand", "shape": "CVCylinder", "id_string": "ob382", "world_size": [0.12, 0.005, 0.12], "id": 382, "camera_size": [78, 63], "camera_position": [240, 328], "world_position": [0.5855217577378555, 1.1961413459357255, -0.17411979063694394], "world_orientation": [0.0005367890719467925, 0.6707786022587019, 0.741657453686912, -0.0005653272275879281, -0.7416572384679092, 0.6707788167744128, 0.9999996961312629, -0.0007793458906506702, -1.8904093199080063e-05], "world_rotation": [0.0, 1.0, 0.0, 0.0]}, {"color": "CVYellow", "id_name": "object102157231140157", "shape": "CVCone", "id_string": "ob498", "world_size": [0.1, 0.1, 0.1], "id": 498, "camera_size": [64, 91], "camera_position": [240, 307], "world_position": [0.6191499426121037, 1.158797937073616, -0.17394024742440325], "world_orientation": [0.7411186157355228, -0.6713741113422536, 5.4462703646124255e-06, 0.6713741109874503, 0.7411186155669081, 2.7495464600367103e-05, -2.2496075464638498e-05, -1.6720915739390173e-05, 0.9999999996071688], "world_rotation": [-3.292976268439464e-05, 2.0809817762834276e-05, 0.9999999992412911, 0.7360613389492326]}], "source": "action wait"}
