{"timestamp": 1706200853.460713, "objects": [{"color": "cv_", "id_name": "hand", "shape": "CVCylinder", "id_string": "ob382", "world_size": [0.12, 0.005, 0.12], "id": 382, "camera_size": [48, 50], "camera_position": [246, 426], "world_position": [0.26764451556472546, 0.6334703012252965, -0.1738926040088732], "world_orientation": [-0.0006415497493898943, 0.19791547464417278, 0.980218880306991, -0.000747367238995391, -0.9802189031698418, 0.1979149901112156, 0.999999514927947, -0.0006056111658801195, 0.000776774733515556], "world_rotation": [0.0, 1.0, 0.0, 0.0]}, {"color": "CVPurple", "id_name": "object69569055967130", "shape": "CVSphere", "id_string": "ob505", "world_size": [0.09, 0.09, 0.09], "id": 505, "camera_size": [37, 37], "camera_position": [256, 254], "world_position": [0.705, 0.6448569696296074, -0.15], "world_orientation": [1.0, -4.331917303826236e-17, -1.1712398707441946e-17, 4.331917303826236e-17, 1.0, -5.775889738434995e-17, 1.1712398707441946e-17, 5.775889738434995e-17, 1.0], "world_rotation": [-0.7896765794068324, 0.16013129347666225, -0.5922574345551229, -7.314247236221149e-17]}], "source": "action wait"}
{"timestamp": 1706200853.49048, "objects": [{"color": "cv_", "id_name": "hand", "shape": "CVCylinder", "id_string": "ob382", "world_size": [0.12, 0.005, 0.12], "id": 382, "camera_size": [49, 51], "camera_position": [246, 421], "world_position": [0.29102372679385624, 0.6676846952028292, -0.17395615040336718], "world_orientation": [-0.00038341516842035385, 0.19739389193824894, 0.9803241833282905, -0.0007154013722985687, -0.9803240586653458, 0.197393587035599, 0.9999996705967884, -0.0006256415706324716, 0.0005170869752361062], "world_rotation": [0.0, 1.0, 0.0, 0.0]}, {"color": "CVPurple", "id_name": "object69569055967130", "shape": "CVSphere", "id_string": "ob505", "world_size": [0.09, 0.09, 0.09], "id": 505, "camera_size": [37, 37], "camera_position": [256, 254], "world_position": [0.705, 0.6448569696296074, -0.15], "world_orientation": [1.0, -4.331917303826236e-17, -1.1712398707441946e-17, 4.331917303826236e-17, 1.0, -5.775889738434995e-17, 1.1712398707441946e-17, 5.775889738434995e-17, 1.0], "world_rotation": [-0.7896765794068324, 0.16013129347666225, -0.5922574345551229, -7.314247236221149e-17]}], "source": "action wait"}
{"timestamp": 1706200853.523113, "objects": [{"color": "cv_", "id_name": "hand", "shape": "CVCylinder", "id_string": "ob382", "world_size": [0.12, 0.005, 0.12], "id": 382, "camera_size": [51, 52], "camera_position": [246, 406], "world_position": [0.3370088983928795, 0.7056148904092765, -0.17398398885703725], "world_orientation": [-0.00022426062296196706, 0.18518723690201072, 0.9827032293606098, -0.0007318220602377899, -0.9827030213147352, 0.18518703068887812, 0.9999997070717797, -0.0006776337430465391, 0.0003559056969864482], "world_rotation": [0.0, 1.0, 0.0, 0.0]}, {"color": "CVPurple", "id_name": "object69569055967130", "shape": "CVSphere", "id_string": "ob505", "world_size": [0.09, 0.09, 0.09], "id": 505, "camera_size": [37, 37], "camera_position": [256, 254], "world_position": [0.705, 0.6448569696296074, -0.15], "world_orientation": [1.0, -4.331917303826236e-17, -1.1712398707441946e-17, 4.331917303826236e-17, 1.0, -5.775889738434995e-17, 1.1712398707441946e-17, 5.775889738434995e-17, 1.0], "world_rotation": [-0.7896765794068324, 0.16013129347666225, -0.5922574345551229, -7.314247236221149e-17]}], "source": "action wait"}
{"timestamp": 1706200853.555006, "objects": [{"color": "cv_", "id_name": "hand", "shape": "CVCylinder", "id_string": "ob382", "world_size": [0.12, 0.005, 0.12], "id": 382, "camera_size": [51, 52], "camera_position": [246, 388], "world_position": [0.38753444391311387, 0.7387624611860955, -0.1740045180125171], "world_orientation": [-0.00012108400221670107, 0.17649202642522469, 0.9843020623502635, -0.0007430751527977102, -0.9843018136991468, 0.17649189043094252, 0.9999997165889508, -0.0007100400609281385, 0.0002503300424957743], "world_rotation": [0.0, 1.0, 0.0, 0.0]}, {"color": "CVPurple", "id_name": "object69569055967130", "shape": "CVSphere", "id_string": "ob505", "world_size": [0.09, 0.09, 0.09], "id": 505, "camera_size": [37, 37], "camera_position": [256, 254], "world_position": [0.705, 0.6448569696296074, -0.15], "world_orientation": [1.0, -4.331917303826236e-17, -1.1712398707441946e-17, 4.331917303826236e-17, 1.0, -5.775889738434995e-17, 1.1712398707441946e-17, 5.775889738434995e-17, 1.0], "world_rotation": [-0.7896765794068324, 0.16013129347666225, -0.5922574345551229, -7.314247236221149e-17]}], "source": "action wait"}
{"timestamp": 1706200853.590943, "objects": [{"color": "cv_", "id_name": "hand", "shape": "CVCylinder", "id_string": "ob382", "world_size": [0.12, 0.005, 0.12], "id": 382, "camera_size": [52, 54], "camera_position": [245, 367], "world_position": [0.44162418223453737, 0.7666924841956984, -0.1740230340355139], "world_orientation": [-4.84453506808039e-05, 0.17034858128996577, 0.9853838635301189, -0.0007504557486914894, -0.9853835934034824, 0.1703484976963695, 0.9999997172345688, -0.0007312343923454524, 0.00017557632584845766], "world_rotation": [0.0, 1.0, 0.0, 0.0]}, {"color": "CVPurple", "id_name": "object69569055967130", "shape": "CVSphere", "id_string": "ob505", "world_size": [0.09, 0.09, 0.09], "id": 505, "camera_size": [37, 37], "camera_position": [256, 254], "world_position": [0.705, 0.6448569696296074, -0.15], "world_orientation": [1.0, -4.331917303826236e-17, -1.1712398707441946e-17, 4.331917303826236e-17, 1.0, -5.775889738434995e-17, 1.1712398707441946e-17, 5.775889738434995e-17, 1.0], "world_rotation": [-0.7896765794068324, 0.16013129347666225, -0.5922574345551229, -7.314247236221149e-17]}], "source": "action wait"}
{"timestamp": 1706200853.62693, "objects": [{"color": "cv_", "id_name": "hand", "shape": "CVCylinder", "id_string": "ob382", "world_size": [0.12, 0.005, 0.12], "id": 382, "camera_size": [52, 53], "camera_position": [245, 344], "world_position": [0.4988554087840222, 0.7802684036847772, -0.17403820711372248], "world_orientation": [-5.896828452589614e-06, 0.15338361729706754, 0.9881667196936427, -0.0007645087709484889, -0.9881664316235516, 0.15338356802055547, 0.9999997077457408, -0.0007545576477774183, 0.0001230901686737219], "world_rotation": [0.0, 1.0, 0.0, 0.0]}, {"color": "CVPurple", "id_name": "object69569055967130", "shape": "CVSphere", "id_string": "ob505", "world_size": [0.09, 0.09, 0.09], "id": 505, "camera_size": [37, 37], "camera_position": [256, 254], "world_position": [0.705, 0.6448569696296074, -0.15], "world_orientation": [1.0, -4.331917303826236e-17, -1.1712398707441946e-17, 4.331917303826236e-17, 1.0, -5.775889738434995e-17, 1.1712398707441946e-17, 5.775889738434995e-17, 1.0], "world_rotation": [-0.7896765794068324, 0.16013129347666225, -0.5922574345551229, -7.314247236221149e-17]}], "source": "action wait"}
{"timestamp": 1706200853.661243, "objects": [{"color": "cv_", "id_name": "hand", "shape": "CVCylinder", "id_string": "ob382", "world_size": [0.12, 0.005, 0.12], "id": 382, "camera_size": [52, 53], "camera_position": [245, 318], "world_position": [0.5574608882513433, 0.7708651175423814, -0.17405006971064454], "world_orientation": [-2.8550982495132326e-07, 0.11349496154928863, 0.9935385718243878, -0.0007770025762778866, -0.9935382719335479, 0.11349492706855308, 0.9999996981334119, -0.0007719496260225292, 8.84695424568626e-05], "world_rotation": [0.0, 1.0, 0.0, 0.0]}, {"color": "CVPurple", "id_name": "object69569055967130", "shape": "CVSphere", "id_string": "ob505", "world_size": [0.09, 0.09, 0.09], "id": 505, "camera_size": [37, 37], "camera_position": [256, 254], "world_position": [0.705, 0.6448569696296074, -0.15], "world_orientation": [1.0, -4.331917303826236e-17, -1.1712398707441946e-17, 4.331917303826236e-17, 1.0, -5.775889738434995e-17, 1.1712398707441946e-17, 5.775889738434995e-17, 1.0], "world_rotation": [-0.7896765794068324, 0.16013129347666225, -0.5922574345551229, -7.314247236221149e-17]}], "source": "action wait"}
{"timestamp": 1706200853.693631, "objects": [{"color": "cv_", "id_name": "hand", "shape": "CVCylinder", "id_string": "ob382", "world_size": [0.12, 0.005, 0.12], "id": 382, "camera_size": [52, 52], "camera_position": [245, 297], "world_position": [0.602667001953104, 0.7566503031715383, -0.174055726587557], "world_orientation": [-1.5183561482695738e-05, 0.0795902786872708, 0.996827661789109, -0.0007751145644482808, -0.9968273633923469, 0.07959024305575488, 0.9999996994833907, -0.0007714471755491826, 7.682697375909422e-05], "world_rotation": [0.0, 1.0, 0.0, 0.0]}, {"color": "CVPurple", "id_name": "object69569055967130", "shape": "CVSphere", "id_string": "ob505", "world_size": [0.09, 0.09, 0.09], "id": 505, "camera_size": [37, 37], "camera_position": [256, 254], "world_position": [0.705, 0.6448569696296074, -0.15], "world_orientation": [1.0, -4.331917303826236e-17, -1.1712398707441946e-17, 4.331917303826236e-17, 1.0, -5.775889738434995e-17, 1.1712398707441946e-17, 5.775889738434995e-17, 1.0], "world_rotation": [-0.7896765794068324, 0.16013129347666225, -0.5922574345551229, -7.314247236221149e-17]}], "source": "action wait"}
{"timestamp": 1706200853.726252, "objects": [{"color": "cv_", "id_name": "hand", "shape": "CVCylinder", "id_string": "ob382", "world_size": [0.12, 0.005, 0.12], "id": 382, "camera_size": [51, 51], "camera_position": [246, 284], "world_position": [0.6343644926960437, 0.7441735982806134, -0.17406343420954826], "world_orientation": [-2.1842931755910717e-05, 0.055629536634604806, 0.9984514781283593, -0.0007712118208215656, -0.9984511823802803, 0.05562950328510691, 0.9999997023775625, -0.0007688024710058285, 6.471125727815837e-05], "world_rotation": [0.0, 1.0, 0.0, 0.0]}, {"color": "CVPurple", "id_name": "object69569055967130", "shape": "CVSphere", "id_string": "ob505", "world_size": [0.09, 0.09, 0.09], "id": 505, "camera_size": [37, 37], "camera_position": [256, 254], "world_position": [0.705, 0.6448569696296074, -0.15], "world_orientation": [1.0, -4.331917303826236e-17, -1.1712398707441946e-17, 4.331917303826236e-17, 1.0, -5.775889738434995e-17, 1.1712398707441946e-17, 5.775889738434995e-17, 1.0], "world_rotation": [-0.7896765794068324, 0.16013129347666225, -0.5922574345551229, -7.314247236221149e-17]}], "source": "action wait"}
{"timestamp": 1706200853.755597, "objects": [{"color": "cv_", "id_name": "hand", "shape": "CVCylinder", "id_string": "ob382", "world_size": [0.12, 0.005, 0.12], "id": 382, "camera_size": [51, 51], "camera_position": [246, 274], "world_position": [0.6565294462154505, 0.7341907871874619, -0.17407132405582232], "world_orientation": [-2.3474968206930678e-05, 0.03872064658796974, 0.9992500742940855, -0.000767719057202303, -0.9992497807919278, 0.03872061717914186, 0.9999997050281441, -0.0007662343596894774, 5.3183935128030785e-05], "world_rotation": [0.0, 1.0, 0.0, 0.0]}, {"color": "CVPurple", "id_name": "object69569055967130", "shape": "CVSphere", "id_string": "ob505", "world_size": [0.09, 0.09, 0.09], "id": 505, "camera_size": [37, 37], "camera_position": [256, 254], "world_position": [0.705, 0.6448569696296074, -0.15], "world_orientation": [1.0, -4.331917303826236e-17, -1.1712398707441946e-17, 4.331917303826236e-17, 1.0, -5.775889738434995e-17, 1.1712398707441946e-17, 5.775889738434995e-17, 1.0], "world_rotation": [-0.7896765794068324, 0.16013129347666225, -0.5922574345551229, -7.314247236221149e-17]}], "source": "action wait"}
{"timestamp": 1706200853.786913, "objects": [{"color": "cv_", "id_name": "hand", "shape": "CVCylinder", "id_string": "ob382", "world_size": [0.12, 0.005, 0.12], "id": 382, "camera_size": [51, 51], "camera_position": [246, 268], "world_position": [0.6720299666590523, 0.726587091909385, -0.1740784374994419], "world_orientation": [-2.2492154131775537e-05, 0.026796111478206548, 0.9996409194824664, -0.0007652247981104636, -0.9996406275171209, 0.02679608643412406, 0.9999997069625128, -0.0007643473190880453, 4.29891200669299e-05], "world_rotation": [0.0, 1.0, 0.0, 0.0]}, {"color": "CVPurple", "id_name": "object69569055967130", "shape": "CVSphere", "id_string": "ob505", "world_size": [0.09, 0.09, 0.09], "id": 505, "camera_size": [37, 37], "camera_position": [256, 254], "world_position": [0.705, 0.6448569696296074, -0.15], "world_orientation": [1.0, -4.331917303826236e-17, -1.1712398707441946e-17, 4.331917303826236e-17, 1.0, -5.775889738434995e-17, 1.1712398707441946e-17, 5.775889738434995e-17, 1.0], "world_rotation": [-0.7896765794068324, 0.16013129347666225, -0.5922574345551229, -7.314247236221149e-17]}], "source": "action wait"}
{"timestamp": 1706200853.819483, "objects": [{"color": "cv_", "id_name": "hand", "shape": "CVCylinder", "id_string": "ob382", "world_size": [0.12, 0.005, 0.12], "id": 382, "camera_size": [51, 50], "camera_position": [246, 263], "world_position": [0.6828810190813365, 0.7209610778787505, -0.17408444710153703], "world_orientation": [-2.0331585288622156e-05, 0.018389360174065582, 0.9998309012123077, -0.0007636659237256044, -0.9998306101609263, 0.018389339291747242, 0.9999997082004493, -0.0007631629043238613, 3.437146904908357e-05], "world_rotation": [0.0, 1.0, 0.0, 0.0]}, {"color": "CVPurple", "id_name": "object69569055967130", "shape": "CVSphere", "id_string": "ob505", "world_size": [0.09, 0.09, 0.09], "id": 505, "camera_size": [37, 37], "camera_position": [256, 254], "world_position": [0.705, 0.6448569696296074, -0.15], "world_orientation": [1.0, -4.331917303826236e-17, -1.1712398707441946e-17, 4.331917303826236e-17, 1.0, -5.775889738434995e-17, 1.1712398707441946e-17, 5.775889738434995e-17, 1.0], "world_rotation": [-0.7896765794068324, 0.16013129347666225, -0.5922574345551229, -7.314247236221149e-17]}], "source": "action wait"}
{"timestamp": 1706200853.854206, "objects": [{"color": "cv_", "id_name": "hand", "shape": "CVCylinder", "id_string": "ob382", "world_size": [0.12, 0.005, 0.12], "id": 382, "camera_size": [50, 51], "camera_position": [245, 260], "world_position": [0.6904866911327353, 0.7168729310922372, -0.17408933141465113], "world_orientation": [-1.7802126116231658e-05, 0.012463503579562583, 0.9999223273642843, -0.0007628030546343815, -0.9999220367802831, 0.012463486377015885, 0.9999997089072498, -0.0007625219291546372, 2.7307936807467562e-05], "world_rotation": [0.0, 1.0, 0.0, 0.0]}, {"color": "CVPurple", "id_name": "object69569055967130", "shape": "CVSphere", "id_string": "ob505", "world_size": [0.09, 0.09, 0.09], "id": 505, "camera_size": [37, 37], "camera_position": [256, 254], "world_position": [0.705, 0.6448569696296074, -0.15], "world_orientation": [1.0, -4.331917303826236e-17, -1.1712398707441946e-17, 4.331917303826236e-17, 1.0, -5.775889738434995e-17, 1.1712398707441946e-17, 5.775889738434995e-17, 1.0], "world_rotation": [-0.7896765794068324, 0.16013129347666225, -0.5922574345551229, -7.314247236221149e-17]}], "source": "action wait"}
{"timestamp": 1706200853.89041, "objects": [{"color": "cv_", "id_name": "hand", "shape": "CVCylinder", "id_string": "ob382", "world_size": [0.12, 0.005, 0.12], "id": 382, "camera_size": [50, 50], "camera_position": [245, 257], "world_position": [0.6958238380022127, 0.713936659602379, -0.17409320260581188], "world_orientation": [-1.532850859738841e-05, 0.008286652564497891, 0.9999656649877097, -0.0007623988657368837, -0.9999653745859496, 0.008286638471118294, 0.999999709256461, -0.0007622456669537607, 2.16457123577276e-05], "world_rotation": [0.0, 1.0, 0.0, 0.0]}, {"color": "CVPurple", "id_name": "object69569055967130", "shape": "CVSphere", "id_string": "ob505", "world_size": [0.09, 0.09, 0.09], "id": 505, "camera_size": [37, 37], "camera_position": [256, 254], "world_position": [0.705, 0.6448569696296074, -0.15], "world_orientation": [1.0, -4.331917303826236e-17, -1.1712398707441946e-17, 4.331917303826236e-17, 1.0, -5.775889738434995e-17, 1.1712398707441946e-17, 5.775889738434995e-17, 1.0], "world_rotation": [-0.7896765794068324, 0.16013129347666225, -0.5922574345551229, -7.314247236221149e-17]}], "source": "action wait"}
{"timestamp": 1706200853.924468, "objects": [{"color": "cv_", "id_name": "hand", "shape": "CVCylinder", "id_string": "ob382", "world_size": [0.12, 0.005, 0.12], "id": 382, "camera_size": [49, 50], "camera_position": [246, 256], "world_position": [0.6995727897859592, 0.7118437505612587, -0.17409621820720728], "world_orientation": [-1.3109865381364054e-05, 0.005342627873608446, 0.9999857279759224, -0.0007622702493600088, -0.9999854375913834, 0.00534261632876714, 0.9999997093860571, -0.0007621893292401833, 1.7182200751966926e-05], "world_rotation": [0.0, 1.0, 0.0, 0.0]}, {"color": "CVPurple", "id_name": "object69569055967130", "shape": "CVSphere", "id_string": "ob505", "world_size": [0.09, 0.09, 0.09], "id": 505, "camera_size": [37, 37], "camera_position": [256, 254], "world_position": [0.705, 0.6448569696296074, -0.15], "world_orientation": [1.0, -4.331917303826236e-17, -1.1712398707441946e-17, 4.331917303826236e-17, 1.0, -5.775889738434995e-17, 1.1712398707441946e-17, 5.775889738434995e-17, 1.0], "world_rotation": [-0.7896765794068324, 0.16013129347666225, -0.5922574345551229, -7.314247236221149e-17]}], "source": "action wait"}
{"timestamp": 1706200853.956534, "objects": [{"color": "cv_", "id_name": "hand", "shape": "CVCylinder", "id_string": "ob382", "world_size": [0.12, 0.005, 0.12], "id": 382, "camera_size": [49, 50], "camera_position": [246, 255], "world_position": [0.7022082593814768, 0.7103594775319244, -0.17409853832745426], "world_orientation": [-1.1218326857134384e-05, 0.003267530850128696, 0.9999946615438968, -0.0007622919465242929, -0.9999943710917675, 0.0032675213493768545, 0.9999997093925265, -0.0007622512209400466, 1.3709076162640202e-05], "world_rotation": [0.0, 1.0, 0.0, 0.0]}, {"color": "CVPurple", "id_name": "object69569055967130", "shape": "CVSphere", "id_string": "ob505", "world_size": [0.09, 0.09, 0.09], "id": 505, "camera_size": [37, 37], "camera_position": [256, 254], "world_position": [0.705, 0.6448569696296074, -0.15], "world_orientation": [1.0, -4.331917303826236e-17, -1.1712398707441946e-17, 4.331917303826236e-17, 1.0, -5.775889738434995e-17, 1.1712398707441946e-17, 5.775889738434995e-17, 1.0], "world_rotation": [-0.7896765794068324, 0.16013129347666225, -0.5922574345551229, -7.314247236221149e-17]}], "source": "action wait"}
{"timestamp": 1706200853.987952, "objects": [{"color": "cv_", "id_name": "hand", "shape": "CVCylinder", "id_string": "ob382", "world_size": [0.12, 0.005, 0.12], "id": 382, "camera_size": [49, 50], "camera_position": [246, 254], "world_position": [0.7040621376647839, 0.7093103418664136, -0.1741003069710488], "world_orientation": [-9.658410835853203e-06, 0.0018048667019895327, 0.999998371180125, -0.0007623849783765593, -0.9999980806250609, 0.0018048588141365437, 0.9999997093378877, -0.0007623663045211754, 1.1034395559675248e-05], "world_rotation": [0.0, 1.0, 0.0, 0.0]}, {"color": "CVPurple", "id_name": "object69569055967130", "shape": "CVSphere", "id_string": "ob505", "world_size": [0.09, 0.09, 0.09], "id": 505, "camera_size": [37, 37], "camera_position": [256, 254], "world_position": [0.705, 0.6448569696296074, -0.15], "world_orientation": [1.0, -4.331917303826236e-17, -1.1712398707441946e-17, 4.331917303826236e-17, 1.0, -5.775889738434995e-17, 1.1712398707441946e-17, 5.775889738434995e-17, 1.0], "world_rotation": [-0.7896765794068324, 0.16013129347666225, -0.5922574345551229, -7.314247236221149e-17]}], "source": "action wait"}
{"timestamp": 1706200854.017252, "objects": [{"color": "cv_", "id_name": "hand", "shape": "CVCylinder", "id_string": "ob382", "world_size": [0.12, 0.005, 0.12], "id": 382, "camera_size": [49, 50], "camera_position": [246, 253], "world_position": [0.7053668663797215, 0.7085703870056739, -0.17410164572946668], "world_orientation": [-8.401770924736702e-06, 0.000773858473692105, 0.9999997005361917, -0.0007625030071716986, -0.999999409871071, 0.0007738518423812214, 0.9999997092592449, -0.0007624962771041124, 8.991835380288708e-06], "world_rotation": [0.0, 1.0, 0.0, 0.0]}, {"color": "CVPurple", "id_name": "object69569055967130", "shape": "CVSphere", "id_string": "ob505", "world_size": [0.09, 0.09, 0.09], "id": 505, "camera_size": [37, 37], "camera_position": [256, 254], "world_position": [0.705, 0.6448569696296074, -0.15], "world_orientation": [1.0, -4.331917303826236e-17, -1.1712398707441946e-17, 4.331917303826236e-17, 1.0, -5.775889738434995e-17, 1.1712398707441946e-17, 5.775889738434995e-17, 1.0], "world_rotation": [-0.7896765794068324, 0.16013129347666225, -0.5922574345551229, -7.314247236221149e-17]}], "source": "action wait"}
{"timestamp": 1706200854.048767, "objects": [{"color": "cv_", "id_name": "hand", "shape": "CVCylinder", "id_string": "ob382", "world_size": [0.12, 0.005, 0.12], "id": 382, "camera_size": [49, 50], "camera_position": [246, 253], "world_position": [0.7062854706375318, 0.7080492225414841, -0.17410265347028056], "world_orientation": [-7.406878732102737e-06, 4.709752564890653e-05, 0.9999999988634808, -0.000762620986159969, -0.9999997080957513, 4.709186331363335e-05, 0.9999997091771425, -0.0007626206364898795, 7.442794131823731e-06], "world_rotation": [0.0, 1.0, 0.0, 0.0]}, {"color": "CVPurple", "id_name": "object69569055967130", "shape": "CVSphere", "id_string": "ob505", "world_size": [0.09, 0.09, 0.09], "id": 505, "camera_size": [37, 37], "camera_position": [256, 254], "world_position": [0.705, 0.6448569696296074, -0.15], "world_orientation": [1.0, -4.331917303826236e-17, -1.1712398707441946e-17, 4.331917303826236e-17, 1.0, -5.775889738434995e-17, 1.1712398707441946e-17, 5.775889738434995e-17, 1.0], "world_rotation": [-0.7896765794068324, 0.16013129347666225, -0.5922574345551229, -7.314247236221149e-17]}], "source": "action wait"}
{"timestamp": 1706200854.081198, "objects": [{"color": "cv_", "id_name": "hand", "shape": "CVCylinder", "id_string": "ob382", "world_size": [0.12, 0.005, 0.12], "id": 382, "camera_size": [49, 50], "camera_position": [246, 253], "world_position": [0.7069324196973327, 0.7076824708549931, -0.17410340863865006], "world_orientation": [-6.629679003365641e-06, -0.0004652124938074501, 0.9999998917666856, -0.0007627269278383927, -0.9999996009101154, -0.00046521741513221455, 0.9999997091017981, -0.000762729929528415, 6.274846261698114e-06], "world_rotation": [0.0, 1.0, 0.0, 0.0]}, {"color": "CVPurple", "id_name": "object69569055967130", "shape": "CVSphere", "id_string": "ob505", "world_size": [0.09, 0.09, 0.09], "id": 505, "camera_size": [37, 37], "camera_position": [256, 254], "world_position": [0.705, 0.6448569696296074, -0.15], "world_orientation": [1.0, -4.331917303826236e-17, -1.1712398707441946e-17, 4.331917303826236e-17, 1.0, -5.775889738434995e-17, 1.1712398707441946e-17, 5.775889738434995e-17, 1.0], "world_rotation": [-0.7896765794068324, 0.16013129347666225, -0.5922574345551229, -7.314247236221149e-17]}], "source": "action wait"}
{"timestamp": 1706200854.116134, "objects": [{"color": "cv_", "id_name": "hand", "shape": "CVCylinder", "id_string": "ob382", "world_size": [0.12, 0.005, 0.12], "id": 382, "camera_size": [49, 49], "camera_position": [246, 253], "world_position": [0.7073881603951427, 0.7074245093774356, -0.17410397243553438], "world_orientation": [-6.0289418239713306e-06, -0.000826360667320882, 0.9999996585457915, -0.0007628163882519102, -0.9999993676158011, -0.0008263650258845535, 0.9999997090373625, -0.0007628211098920744, 5.398576552088595e-06], "world_rotation": [0.0, 1.0, 0.0, 0.0]}, {"color": "CVPurple", "id_name": "object69569055967130", "shape": "CVSphere", "id_string": "ob505", "world_size": [0.09, 0.09, 0.09], "id": 505, "camera_size": [37, 37], "camera_position": [256, 254], "world_position": [0.705, 0.6448569696296074, -0.15], "world_orientation": [1.0, -4.331917303826236e-17, -1.1712398707441946e-17, 4.331917303826236e-17, 1.0, -5.775889738434995e-17, 1.1712398707441946e-17, 5.775889738434995e-17, 1.0], "world_rotation": [-0.7896765794068324, 0.16013129347666225, -0.5922574345551229, -7.314247236221149e-17]}], "source": "action wait"}
{"timestamp": 1706200854.152258, "objects": [{"color": "cv_", "id_name": "hand", "shape": "CVCylinder", "id_string": "ob382", "world_size": [0.12, 0.005, 0.12], "id": 382, "camera_size": [49, 50], "camera_position": [246, 252], "world_position": [0.7077092682119471, 0.7072431125831793, -0.17410439203323166], "world_orientation": [-5.5685794248314e-06, -0.001080954925082034, 0.9999994157525497, -0.0007628889763991525, -0.9999991247637947, -0.0010809588587461193, 0.999999708984658, -0.0007628945500888392, 4.7439259550434924e-06], "world_rotation": [0.0, 1.0, 0.0, 0.0]}, {"color": "CVPurple", "id_name": "object69569055967130", "shape": "CVSphere", "id_string": "ob505", "world_size": [0.09, 0.09, 0.09], "id": 505, "camera_size": [37, 37], "camera_position": [256, 254], "world_position": [0.705, 0.6448569696296074, -0.15], "world_orientation": [1.0, -4.331917303826236e-17, -1.1712398707441946e-17, 4.331917303826236e-17, 1.0, -5.775889738434995e-17, 1.1712398707441946e-17, 5.775889738434995e-17, 1.0], "world_rotation": [-0.7896765794068324, 0.16013129347666225, -0.5922574345551229, -7.314247236221149e-17]}], "source": "action wait"}
{"timestamp": 1706200855.252615, "objects": [{"color": "cv_", "id_name": "hand", "shape": "CVCylinder", "id_string": "ob382", "world_size": [0.12, 0.005, 0.12], "id": 382, "camera_size": [49, 50], "camera_position": [246, 252], "world_position": [0.7084761385606582, 0.7068131304397067, -0.1741055756981274], "world_orientation": [-4.177314897072172e-06, -0.0016893927941663918, 0.9999985729662504, -0.0007631192661720552, -0.9999982817944558, -0.001689395490055813, 0.9999997088157254, -0.0007631252343124196, 2.8880995305895914e-06], "world_rotation": [0.0, 1.0, 0.0, 0.0]}, {"color": "CVPurple", "id_name": "object69569055967130", "shape": "CVSphere", "id_string": "ob505", "world_size": [0.09, 0.09, 0.09], "id": 505, "camera_size": [37, 37], "camera_position": [256, 254], "world_position": [0.705, 0.6448569696296074, -0.15], "world_orientation": [1.0, -4.331917303826236e-17, -1.1712398707441946e-17, 4.331917303826236e-17, 1.0, -5.775889738434995e-17, 1.1712398707441946e-17, 5.775889738434995e-17, 1.0], "world_rotation": [-0.7896765794068324, 0.16013129347666225, -0.5922574345551229, -7.314247236221149e-17]}], "source": "action wait"}
{"timestamp": 1706200855.27923, "objects": [{"color": "cv_", "id_name": "hand", "shape": "CVCylinder", "id_string": "ob382", "world_size": [0.12, 0.005, 0.12], "id": 382, "camera_size": [51, 51], "camera_position": [246, 251], "world_position": [0.7112927336319582, 0.730196113700982, -0.1740977221986305], "world_orientation": [1.8935467302887755e-05, 0.03247175919649943, 0.999472653200743, -0.0007431531037957241, -0.999472376930298, 0.03247176430015515, 0.9999997236824181, -0.0007433760724166045, 5.206012119469581e-06], "world_rotation": [0.0, 1.0, 0.0, 0.0]}, {"color": "CVPurple", "id_name": "object69569055967130", "shape": "CVSphere", "id_string": "ob505", "world_size": [0.09, 0.09, 0.09], "id": 505, "camera_size": [38, 39], "camera_position": [252, 252], "world_position": [0.710580272543806, 0.6743107647721456, -0.15866702985362052], "world_orientation": [0.9994272999250661, -0.033838914808162715, -3.016344634824312e-06, 0.03383891488672086, 0.9994272994267839, 3.161922503025814e-05, 1.9446569104239145e-06, -3.170318652708079e-05, 0.9999999994955632], "world_rotation": [0.0009356444193837455, 7.330316859714852e-05, -0.999999559597986, -0.033845391088553396]}], "source": "action wait"}
{"timestamp": 1706200855.314199, "objects": [{"color": "cv_", "id_name": "hand", "shape": "CVCylinder", "id_string": "ob382", "world_size": [0.12, 0.005, 0.12], "id": 382, "camera_size": [53, 53], "camera_position": [245, 249], "world_position": [0.7151692693649778, 0.786600469713264, -0.1741089872188761], "world_orientation": [8.130561102153242e-05, 0.11354760932493987, 0.9935325529674348, -0.0007254025767445464, -0.9935322881515286, 0.11354763842321855, 0.9999997335902142, -0.0007299431341245425, 1.5879786301281403e-06], "world_rotation": [0.0, 1.0, 0.0, 0.0]}, {"color": "CVPurple", "id_name": "object69569055967130", "shape": "CVSphere", "id_string": "ob505", "world_size": [0.09, 0.09, 0.09], "id": 505, "camera_size": [39, 44], "camera_position": [250, 247], "world_position": [0.7189089021561964, 0.7346639178111346, -0.1642320624878488], "world_orientation": [0.9933999169088733, -0.1147022452635824, -4.1154319312733845e-06, 0.1147022453208164, 0.9933999155154027, 5.2653147693586614e-05, -1.9511645278129977e-06, -5.2777681826781605e-05, 0.9999999986053548], "world_rotation": [0.0004595848063507394, 9.434284260453433e-06, -0.9999998943463945, -0.11495527370517569]}], "source": "action wait"}
{"timestamp": 1706200855.343486, "objects": [{"color": "cv_", "id_name": "hand", "shape": "CVCylinder", "id_string": "ob382", "world_size": [0.12, 0.005, 0.12], "id": 382, "camera_size": [56, 55], "camera_position": [244, 250], "world_position": [0.7134325863997634, 0.8567136425474238, -0.17411234672563133], "world_orientation": [0.00015630392305674665, 0.21261332762482613, 0.977136402190289, -0.0007212432839105014, -0.9771361360086356, 0.21261338507779579, 0.9999997276885675, -0.0007379853737265256, 6.15723201046793e-07], "world_rotation": [0.0, 1.0, 0.0, 0.0]}, {"color": "CVPurple", "id_name": "object69569055967130", "shape": "CVSphere", "id_string": "ob505", "world_size": [0.09, 0.09, 0.09], "id": 505, "camera_size": [41, 49], "camera_position": [248, 246], "world_position": [0.7221850221475297, 0.80777385063347, -0.16779038630661777], "world_orientation": [0.9769167727464333, -0.2136202683937124, -7.621803105530185e-06, 0.21362026850790022, 0.9769167715154923, 4.913613788500774e-05, -3.050607679844496e-06, -4.963008887376321e-05, 0.9999999987637742], "world_rotation": [0.00023117240894394547, 1.0699348279147066e-05, -0.9999999732224203, -0.21527928432656548]}], "source": "action wait"}
{"timestamp": 1706200855.374651, "objects": [{"color": "cv_", "id_name": "hand", "shape": "CVCylinder", "id_string": "ob382", "world_size": [0.12, 0.005, 0.12], "id": 382, "camera_size": [59, 57], "camera_position": [244, 254], "world_position": [0.7042560547462587, 0.9262585533975501, -0.174113274464347], "world_orientation": [0.00023150611873173704, 0.3095490458852678, 0.9508834495333469, -0.0007096401919701664, -0.950883184732727, 0.30954913245451826, 0.9999997214078188, -0.0007464476318796563, -4.66831118092273e-07], "world_rotation": [0.0, 1.0, 0.0, 0.0]}, {"color": "CVPurple", "id_name": "object69569055967130", "shape": "CVSphere", "id_string": "ob505", "world_size": [0.09, 0.09, 0.09], "id": 505, "camera_size": [44, 56], "camera_position": [246, 247], "world_position": [0.7177596317223647, 0.8799546023642292, -0.17006650918955604], "world_orientation": [0.9505901025744457, -0.3104487989857987, -9.78672958475446e-06, 0.3104487991120133, 0.950590101592481, 4.340858676131789e-05, -4.17297535549211e-06, -4.430205138887393e-05, 0.9999999990099573], "world_rotation": [0.00014126425603861123, 9.041352696834974e-06, -0.999999989981332, -0.3156651261221842]}], "source": "action wait"}
{"timestamp": 1706200855.407112, "objects": [{"color": "cv_", "id_name": "hand", "shape": "CVCylinder", "id_string": "ob382", "world_size": [0.12, 0.005, 0.12], "id": 382, "camera_size": [63, 58], "camera_position": [243, 262], "world_position": [0.687896399181697, 0.9944606573109612, -0.17411372251360396], "world_orientation": [0.00030529446350713134, 0.4033572999308396, 0.9150425101533773, -0.0006875531835376549, -0.9150422518455228, 0.4033574154618892, 0.9999997170329153, -0.0007522831766834919, -2.0277376924584223e-06], "world_rotation": [0.0, 1.0, 0.0, 0.0]}, {"color": "CVPurple", "id_name": "object69569055967130", "shape": "CVSphere", "id_string": "ob505", "world_size": [0.09, 0.09, 0.09], "id": 505, "camera_size": [47, 61], "camera_position": [245, 253], "world_position": [0.7059031298813615, 0.9507116385220923, -0.17152301627856503], "world_orientation": [0.9146822177835054, -0.4041737749374088, -1.1112744342677131e-05, 0.4041737750494999, 0.9146822169555985, 3.933736147255819e-05, -5.734500250620534e-06, -4.047266486561073e-05, 0.9999999991645396], "world_rotation": [9.873231625270354e-05, 6.6533807961821704e-06, -0.9999999951038311, -0.4160753604528438]}], "source": "action wait"}
{"timestamp": 1706200855.440873, "objects": [{"color": "cv_", "id_name": "hand", "shape": "CVCylinder", "id_string": "ob382", "world_size": [0.12, 0.005, 0.12], "id": 382, "camera_size": [67, 60], "camera_position": [243, 275], "world_position": [0.664616785580547, 1.0606328230659585, -0.17411414381582563], "world_orientation": [0.0003765975851710532, 0.49309490717064736, 0.8699754425825071, -0.0006561702309280335, -0.8699751951371225, 0.49309505096558637, 0.9999997138074025, -0.0007565503925146497, -4.0763585392720815e-06], "world_rotation": [0.0, 1.0, 0.0, 0.0]}, {"color": "CVPurple", "id_name": "object69569055967130", "shape": "CVSphere", "id_string": "ob505", "world_size": [0.09, 0.09, 0.09], "id": 505, "camera_size": [50, 68], "camera_position": [243, 263], "world_position": [0.6868735684044178, 1.0195292337012345, -0.17245528448285682], "world_orientation": [0.8695521507614141, -0.4938411252294723, -1.175957907539608e-05, 0.4938411253084022, 0.8695521500328001, 3.643440654216066e-05, -7.767241055357267e-06, -3.7488980334198264e-05, 0.9999999992671234], "world_rotation": [7.484531247619854e-05, 4.042127927934166e-06, -0.9999999971909203, -0.5165016021202726]}], "source": "action wait"}
{"timestamp": 1706200855.479256, "objects": [{"color": "cv_", "id_name": "hand", "shape": "CVCylinder", "id_string": "ob382", "world_size": [0.12, 0.005, 0.12], "id": 382, "camera_size": [71, 60], "camera_position": [242, 290], "world_position": [0.6410701183082559, 1.110558686145025, -0.17411366833036254], "world_orientation": [0.000437224618243739, 0.5600894413829169, 0.8284320288871052, -0.0006354550669146197, -0.8284317851957045, 0.5600896120035758, 0.9999997025157015, -0.0007713162971413147, -6.299097570512205e-06], "world_rotation": [0.0, 1.0, 0.0, 0.0]}, {"color": "CVPurple", "id_name": "object69569055967130", "shape": "CVSphere", "id_string": "ob505", "world_size": [0.09, 0.09, 0.09], "id": 505, "camera_size": [52, 72], "camera_position": [242, 275], "world_position": [0.6664304191951749, 1.07185341602888, -0.173051699700326], "world_orientation": [0.8279636841697354, -0.5607817201652308, -4.9601725447648e-06, 0.5607817200987968, 0.8279636838498454, 2.5076443651625984e-05, -9.955568473890974e-06, -2.3543958763315052e-05, 0.9999999996732843], "world_rotation": [-4.335055924908499e-05, 4.453957524869753e-06, 0.9999999990504457, 0.5953296469480077]}], "source": "action wait"}
{"timestamp": 1706200855.510761, "objects": [{"color": "cv_", "id_name": "hand", "shape": "CVCylinder", "id_string": "ob382", "world_size": [0.12, 0.005, 0.12], "id": 382, "camera_size": [73, 61], "camera_position": [241, 303], "world_position": [0.6217477151302746, 1.1443237857938326, -0.1741147692235854], "world_orientation": [0.00047904878514305077, 0.6052826271857366, 0.7960104972545237, -0.0006136253762557948, -0.7960102608016553, 0.6052828166752952, 0.9999996969880338, -0.0007784122388777032, -9.910968549988724e-06], "world_rotation": [0.0, 1.0, 0.0, 0.0]}, {"color": "CVPurple", "id_name": "object69569055967130", "shape": "CVSphere", "id_string": "ob505", "world_size": [0.09, 0.09, 0.09], "id": 505, "camera_size": [54, 76], "camera_position": [241, 286], "world_position": [0.6491479900345555, 1.107508564736609, -0.17343468194717002], "world_orientation": [0.7955129755290535, -0.6059365525900167, 4.874439881189646e-07, 0.6059365524389371, 0.7955129753481672, 2.170533387526926e-05, -1.3539823198500059e-05, -1.697151460629912e-05, 0.9999999997643205], "world_rotation": [-3.1914932593834575e-05, 1.1574864662253885e-05, 0.9999999994237299, 0.6509426345722612]}], "source": "action wait"}
{"timestamp": 1706200855.541102, "objects": [{"color": "cv_", "id_name": "hand", "shape": "CVCylinder", "id_string": "ob382", "world_size": [0.12, 0.005, 0.12], "id": 382, "camera_size": [75, 61], "camera_position": [241, 313], "world_position": [0.6068640755775578, 1.1673360534987318, -0.17411643054978174], "world_orientation": [0.000506963638718146, 0.6360409231522578, 0.7716551607184992, -0.0005938704230275386, -0.7716549323130073, 0.6360411250500468, 0.9999996951528484, -0.0007807128998570695, -1.3475100224389674e-05], "world_rotation": [0.0, 1.0, 0.0, 0.0]}, {"color": "CVPurple", "id_name": "object69569055967130", "shape": "CVSphere", "id_string": "ob505", "world_size": [0.09, 0.09, 0.09], "id": 505, "camera_size": [56, 78], "camera_position": [241, 295], "world_position": [0.6356236696724369, 1.1319360228563293, -0.1736806348813452], "world_orientation": [0.7711381495508733, -0.6366678524113962, 3.621540575239427e-06, 0.6366678521924676, 0.7711381494133954, 2.2448032869890863e-05, -1.70846489753495e-05, -1.5004816068679262e-05, 0.9999999997414851], "world_rotation": [-2.9413177359280123e-05, 1.626137511422106e-05, 0.9999999994352163, 0.6901694395498231]}], "source": "action wait"}
{"timestamp": 1706200855.570693, "objects": [{"color": "cv_", "id_name": "hand", "shape": "CVCylinder", "id_string": "ob382", "world_size": [0.12, 0.005, 0.12], "id": 382, "camera_size": [76, 62], "camera_position": [240, 320], "world_position": [0.5957871226141894, 1.1831466004230924, -0.1741180297571817], "world_orientation": [0.0005253300871995851, 0.6571488111207753, 0.753760680900013, -0.0005775916017886026, -0.7537604597802022, 0.6571490208924303, 0.9999996952080741, -0.0007805859914948842, -1.640941363469453e-05], "world_rotation": [0.0, 1.0, 0.0, 0.0]}, {"color": "CVPurple", "id_name": "object69569055967130", "shape": "CVSphere", "id_string": "ob505", "world_size": [0.09, 0.09, 0.09], "id": 505, "camera_size": [57, 80], "camera_position": [241, 302], "world_position": [0.6254651746291946, 1.1487765579211484, -0.17383850191913863], "world_orientation": [0.7532303432640313, -0.6577568319383599, 4.976148447678448e-06, 0.6577568316529273, 0.7532303431241645, 2.4717529499129842e-05, -2.000630989937222e-05, -1.534489759248878e-05, 0.9999999996821408], "world_rotation": [-3.0453828169635552e-05, 1.8990649069170504e-05, 0.9999999993559597, 0.7178368104957386]}], "source": "action wait"}
{"timestamp": 1706200855.599693, "objects": [{"color": "cv_", "id_name": "hand", "shape": "CVCylinder", "id_string": "ob382", "world_size": [0.12, 0.005, 0.12], "id": 382, "camera_size": [77, 63], "camera_position": [241, 326], "world_position": [0.587709836281229, 1.1940846192298786, -0.17411934530210593], "world_orientation": [0.000537294845069001, 0.6717342926501827, 0.7407919757880809, -0.0005648529102320731, -0.7407917606715669, 0.6717345072737516, 0.9999996961276735, -0.0007793579914136381, -1.8592524171767373e-05], "world_rotation": [0.0, 1.0, 0.0, 0.0]}, {"color": "CVPurple", "id_name": "object69569055967130", "shape": "CVSphere", "id_string": "ob505", "world_size": [0.09, 0.09, 0.09], "id": 505, "camera_size": [57, 82], "camera_position": [241, 307], "world_position": [0.6180160597781192, 1.1604517138350807, -0.1739397729060444], "world_orientation": [0.7402523745391577, -0.672329102421013, 5.185929855665983e-06, 0.6723291020751067, 0.7402523743687435, 2.7282202590001362e-05, -2.2181515668370356e-05, -1.670906368662247e-05, 0.9999999996143938], "world_rotation": [-3.2715574929656665e-05, 2.0352715219536114e-05, 0.9999999992577291, 0.7373506728800493]}], "source": "action wait"}
