{"timestamp": 1706068334.087634, "objects": [{"color": "cv_", "id_name": "hand", "shape": "CVCylinder", "id_string": "ob383", "world_size": [0.12, 0.005, 0.12], "id": 383, "camera_size": [48, 50], "camera_position": [246, 426], "world_position": [0.26764451554014906, 0.6334703013762424, -0.17389260400821274], "world_orientation": [-0.0006415511504269134, 0.1979154748666486, 0.9802188802611538, -0.0007473675256363964, -0.9802189031249197, 0.1979149903326205, 0.9999995149268339, -0.0006056111693885215, 0.0007767761637066674], "world_rotation": [0.0, 1.0, 0.0, 0.0]}, {"color": "CVYellow", "id_name": "object210603212787013", "shape": "CVCone", "id_string": "ob779", "world_size": [0.09, 0.09, 0.09], "id": 779, "camera_size": [37, 37], "camera_position": [256, 254], "world_position": [0.705, 0.644856964849591, -0.15], "world_orientation": [1.0, -3.248937977869676e-17, -1.2807790779525605e-17, 3.248937977869676e-17, 1.0, -6.497875955739369e-17, 1.2807790779525605e-17, 6.497875955739369e-17, 1.0], "world_rotation": [-0.8808431718627018, 0.17362065899128884, -0.4404215859313497, -7.376881791566185e-17]}], "source": "manual check"}
{"timestamp": 1706068335.096346, "objects": [{"color": "cv_", "id_name": "hand", "shape": "CVCylinder", "id_string": "ob383", "world_size": [0.12, 0.005, 0.12], "id": 383, "camera_size": [48, 50], "camera_position": [246, 426], "world_position": [0.26764451554014906, 0.6334703013762424, -0.17389260400821274], "world_orientation": [-0.0006415511504269134, 0.1979154748666486, 0.9802188802611538, -0.0007473675256363964, -0.9802189031249197, 0.1979149903326205, 0.9999995149268339, -0.0006056111693885215, 0.0007767761637066674], "world_rotation": [0.0, 1.0, 0.0, 0.0]}, {"color": "CVYellow", "id_name": "object210603212787013", "shape": "CVCone", "id_string": "ob779", "world_size": [0.09, 0.09, 0.09], "id": 779, "camera_size": [37, 37], "camera_position": [256, 254], "world_position": [0.705, 0.6448569696296074, -0.15], "world_orientation": [1.0, -4.331917303826236e-17, -1.1712398707441946e-17, 4.331917303826236e-17, 1.0, -5.775889738434995e-17, 1.1712398707441946e-17, 5.775889738434995e-17, 1.0], "world_rotation": [-0.7896765794068324, 0.16013129347666225, -0.5922574345551229, -7.314247236221149e-17]}], "source": "manual check"}
{"timestamp": 1706068337.065868, "objects": [{"color": "cv_", "id_name": "hand", "shape": "CVCylinder", "id_string": "ob383", "world_size": [0.12, 0.005, 0.12], "id": 383, "camera_size": [48, 50], "camera_position": [246, 426], "world_position": [0.26764451554014906, 0.6334703013762424, -0.17389260400821274], "world_orientation": [-0.0006415511504269134, 0.1979154748666486, 0.9802188802611538, -0.0007473675256363964, -0.9802189031249197, 0.1979149903326205, 0.9999995149268339, -0.0006056111693885215, 0.0007767761637066674], "world_rotation": [0.0, 1.0, 0.0, 0.0]}, {"color": "CVYellow", "id_name": "object210603212787013", "shape": "CVCone", "id_string": "ob779", "world_size": [0.09, 0.09, 0.09], "id": 779, "camera_size": [37, 37], "camera_position": [256, 254], "world_position": [0.705, 0.6448569696296074, -0.15], "world_orientation": [1.0, -4.331917303826236e-17, -1.1712398707441946e-17, 4.331917303826236e-17, 1.0, -5.775889738434995e-17, 1.1712398707441946e-17, 5.775889738434995e-17, 1.0], "world_rotation": [-0.7896765794068324, 0.16013129347666225, -0.5922574345551229, -7.314247236221149e-17]}], "source": "action wait"}
{"timestamp": 1706068337.0941, "objects": [{"color": "cv_", "id_name": "hand", "shape": "CVCylinder", "id_string": "ob383", "world_size": [0.12, 0.005, 0.12], "id": 383, "camera_size": [49, 51], "camera_position": [246, 421], "world_position": [0.2920031197645177, 0.6685519233539504, -0.17395565950459643], "world_orientation": [-0.00037633910149192923, 0.2063911117486824, 0.9784695025191247, -0.0007131006246291155, -0.9784693784166315, 0.20639081129854192, 0.9999996749281371, -0.0006200742809469318, 0.0005154139174169957], "world_rotation": [0.0, 1.0, 0.0, 0.0]}, {"color": "CVYellow", "id_name": "object210603212787013", "shape": "CVCone", "id_string": "ob779", "world_size": [0.09, 0.09, 0.09], "id": 779, "camera_size": [37, 37], "camera_position": [256, 254], "world_position": [0.705, 0.6448569696296074, -0.15], "world_orientation": [1.0, -4.331917303826236e-17, -1.1712398707441946e-17, 4.331917303826236e-17, 1.0, -5.775889738434995e-17, 1.1712398707441946e-17, 5.775889738434995e-17, 1.0], "world_rotation": [-0.7896765794068324, 0.16013129347666225, -0.5922574345551229, -7.314247236221149e-17]}], "source": "action wait"}
{"timestamp": 1706068337.126213, "objects": [{"color": "cv_", "id_name": "hand", "shape": "CVCylinder", "id_string": "ob383", "world_size": [0.12, 0.005, 0.12], "id": 383, "camera_size": [51, 52], "camera_position": [246, 405], "world_position": [0.33866770416368763, 0.7074671751560693, -0.17398340505608492], "world_orientation": [-0.0002117404586926348, 0.20112364779298667, 0.9795658392698374, -0.0007284996292113499, -0.97956563231909, 0.20112344783140507, 0.9999997122270928, -0.0006710273795987997, 0.0003539321791500399], "world_rotation": [0.0, 1.0, 0.0, 0.0]}, {"color": "CVYellow", "id_name": "object210603212787013", "shape": "CVCone", "id_string": "ob779", "world_size": [0.09, 0.09, 0.09], "id": 779, "camera_size": [37, 37], "camera_position": [256, 254], "world_position": [0.705, 0.6448569696296074, -0.15], "world_orientation": [1.0, -4.331917303826236e-17, -1.1712398707441946e-17, 4.331917303826236e-17, 1.0, -5.775889738434995e-17, 1.1712398707441946e-17, 5.775889738434995e-17, 1.0], "world_rotation": [-0.7896765794068324, 0.16013129347666225, -0.5922574345551229, -7.314247236221149e-17]}], "source": "action wait"}
{"timestamp": 1706068337.160335, "objects": [{"color": "cv_", "id_name": "hand", "shape": "CVCylinder", "id_string": "ob383", "world_size": [0.12, 0.005, 0.12], "id": 383, "camera_size": [51, 53], "camera_position": [246, 388], "world_position": [0.3896843541361654, 0.7413024682828604, -0.17400399073109676], "world_orientation": [-0.00010459881843814712, 0.19733953363695372, 0.9803351965134357, -0.0007393163985919336, -0.9803349492167737, 0.19733940497378846, 0.9999997212351363, -0.0007041364183079697, 0.00024843823067040863], "world_rotation": [0.0, 1.0, 0.0, 0.0]}, {"color": "CVYellow", "id_name": "object210603212787013", "shape": "CVCone", "id_string": "ob779", "world_size": [0.09, 0.09, 0.09], "id": 779, "camera_size": [37, 37], "camera_position": [256, 254], "world_position": [0.705, 0.6448569696296074, -0.15], "world_orientation": [1.0, -4.331917303826236e-17, -1.1712398707441946e-17, 4.331917303826236e-17, 1.0, -5.775889738434995e-17, 1.1712398707441946e-17, 5.775889738434995e-17, 1.0], "world_rotation": [-0.7896765794068324, 0.16013129347666225, -0.5922574345551229, -7.314247236221149e-17]}], "source": "action wait"}
{"timestamp": 1706068337.231575, "objects": [{"color": "cv_", "id_name": "hand", "shape": "CVCylinder", "id_string": "ob383", "world_size": [0.12, 0.005, 0.12], "id": 383, "camera_size": [53, 54], "camera_position": [245, 343], "world_position": [0.5013414499476136, 0.7924389887154337, -0.17403886163575982], "world_orientation": [2.3823713543809612e-05, 0.1927806339970246, 0.9812418797565339, -0.0007512540733644691, -0.981241599686671, 0.19278059721263496, 0.9999997175248342, -0.0007417547088479733, 0.00012145041776827254], "world_rotation": [0.0, 1.0, 0.0, 0.0]}, {"color": "CVYellow", "id_name": "object210603212787013", "shape": "CVCone", "id_string": "ob779", "world_size": [0.09, 0.09, 0.09], "id": 779, "camera_size": [37, 37], "camera_position": [256, 254], "world_position": [0.705, 0.6448569696296074, -0.15], "world_orientation": [1.0, -4.331917303826236e-17, -1.1712398707441946e-17, 4.331917303826236e-17, 1.0, -5.775889738434995e-17, 1.1712398707441946e-17, 5.775889738434995e-17, 1.0], "world_rotation": [-0.7896765794068324, 0.16013129347666225, -0.5922574345551229, -7.314247236221149e-17]}], "source": "action wait"}
{"timestamp": 1706068337.265471, "objects": [{"color": "cv_", "id_name": "hand", "shape": "CVCylinder", "id_string": "ob383", "world_size": [0.12, 0.005, 0.12], "id": 383, "camera_size": [54, 54], "camera_position": [245, 318], "world_position": [0.5606811315994426, 0.8092659366662833, -0.17405259022874237], "world_orientation": [6.095082993919369e-05, 0.19144586065581426, 0.9815031730579128, -0.0007545294549209068, -0.9815028866844826, 0.1914458516534888, 0.999999713485108, -0.0007522418377175136, 8.462812535678907e-05], "world_rotation": [0.0, 1.0, 0.0, 0.0]}, {"color": "CVYellow", "id_name": "object210603212787013", "shape": "CVCone", "id_string": "ob779", "world_size": [0.09, 0.09, 0.09], "id": 779, "camera_size": [37, 37], "camera_position": [256, 254], "world_position": [0.705, 0.6448569696296074, -0.15], "world_orientation": [1.0, -4.331917303826236e-17, -1.1712398707441946e-17, 4.331917303826236e-17, 1.0, -5.775889738434995e-17, 1.1712398707441946e-17, 5.775889738434995e-17, 1.0], "world_rotation": [-0.7896765794068324, 0.16013129347666225, -0.5922574345551229, -7.314247236221149e-17]}], "source": "action wait"}
{"timestamp": 1706068337.300208, "objects": [{"color": "cv_", "id_name": "hand", "shape": "CVCylinder", "id_string": "ob383", "world_size": [0.12, 0.005, 0.12], "id": 383, "camera_size": [54, 54], "camera_position": [245, 291], "world_position": [0.6217187055843862, 0.8138233312832106, -0.1740630487480587], "world_orientation": [8.109295180015867e-05, 0.18166390205976826, 0.9833606765131255, -0.0007644362315857129, -0.9833603811653117, 0.18166391053718117, 0.9999997045305469, -0.0007664481925845814, 5.912687271412536e-05], "world_rotation": [0.0, 1.0, 0.0, 0.0]}, {"color": "CVYellow", "id_name": "object210603212787013", "shape": "CVCone", "id_string": "ob779", "world_size": [0.09, 0.09, 0.09], "id": 779, "camera_size": [37, 37], "camera_position": [256, 254], "world_position": [0.705, 0.6448569696296074, -0.15], "world_orientation": [1.0, -4.331917303826236e-17, -1.1712398707441946e-17, 4.331917303826236e-17, 1.0, -5.775889738434995e-17, 1.1712398707441946e-17, 5.775889738434995e-17, 1.0], "world_rotation": [-0.7896765794068324, 0.16013129347666225, -0.5922574345551229, -7.314247236221149e-17]}], "source": "action wait"}
{"timestamp": 1706068337.329148, "objects": [{"color": "cv_", "id_name": "hand", "shape": "CVCylinder", "id_string": "ob383", "world_size": [0.12, 0.005, 0.12], "id": 383, "camera_size": [53, 53], "camera_position": [245, 263], "world_position": [0.6838619505096672, 0.7934399364164965, -0.17407079597671096], "world_orientation": [7.17328679298859e-05, 0.14557311711337795, 0.9893474932642677, -0.000777137538498386, -0.9893471889398278, 0.1455731286814544, 0.9999996954557746, -0.0007793014536490849, 4.216162266441683e-05], "world_rotation": [0.0, 1.0, 0.0, 0.0]}, {"color": "CVYellow", "id_name": "object210603212787013", "shape": "CVCone", "id_string": "ob779", "world_size": [0.09, 0.09, 0.09], "id": 779, "camera_size": [37, 37], "camera_position": [256, 254], "world_position": [0.705, 0.6448569696296074, -0.15], "world_orientation": [1.0, -4.331917303826236e-17, -1.1712398707441946e-17, 4.331917303826236e-17, 1.0, -5.775889738434995e-17, 1.1712398707441946e-17, 5.775889738434995e-17, 1.0], "world_rotation": [-0.7896765794068324, 0.16013129347666225, -0.5922574345551229, -7.314247236221149e-17]}], "source": "action wait"}
{"timestamp": 1706068337.360532, "objects": [{"color": "cv_", "id_name": "hand", "shape": "CVCylinder", "id_string": "ob383", "world_size": [0.12, 0.005, 0.12], "id": 383, "camera_size": [52, 52], "camera_position": [245, 239], "world_position": [0.7380101315912369, 0.7618863624340373, -0.1740725014853196], "world_orientation": [3.8850232300880174e-05, 0.10234702596987054, 0.9947487545937326, -0.0007766797615035932, -0.9947484522242878, 0.10234702519336905, 0.9999996976295581, -0.0007765774311782601, 4.084465527142605e-05], "world_rotation": [0.0, 1.0, 0.0, 0.0]}, {"color": "CVYellow", "id_name": "object210603212787013", "shape": "CVCone", "id_string": "ob779", "world_size": [0.09, 0.09, 0.09], "id": 779, "camera_size": [37, 37], "camera_position": [256, 254], "world_position": [0.705, 0.6448569696296074, -0.15], "world_orientation": [1.0, -4.331917303826236e-17, -1.1712398707441946e-17, 4.331917303826236e-17, 1.0, -5.775889738434995e-17, 1.1712398707441946e-17, 5.775889738434995e-17, 1.0], "world_rotation": [-0.7896765794068324, 0.16013129347666225, -0.5922574345551229, -7.314247236221149e-17]}], "source": "action wait"}
{"timestamp": 1706068337.392933, "objects": [{"color": "cv_", "id_name": "hand", "shape": "CVCylinder", "id_string": "ob383", "world_size": [0.12, 0.005, 0.12], "id": 383, "camera_size": [51, 51], "camera_position": [246, 224], "world_position": [0.7751654672130885, 0.7361062037932259, -0.17407395192974962], "world_orientation": [1.3761391906652793e-05, 0.07168385939071298, 0.9974274029288931, -0.000769908031160311, -0.9974271066470788, 0.0716838487196432, 0.9999997035260799, -0.0007689138375502727, 4.146399373697657e-05], "world_rotation": [0.0, 1.0, 0.0, 0.0]}, {"color": "CVYellow", "id_name": "object210603212787013", "shape": "CVCone", "id_string": "ob779", "world_size": [0.09, 0.09, 0.09], "id": 779, "camera_size": [37, 37], "camera_position": [256, 254], "world_position": [0.705, 0.6448569696296074, -0.15], "world_orientation": [1.0, -4.331917303826236e-17, -1.1712398707441946e-17, 4.331917303826236e-17, 1.0, -5.775889738434995e-17, 1.1712398707441946e-17, 5.775889738434995e-17, 1.0], "world_rotation": [-0.7896765794068324, 0.16013129347666225, -0.5922574345551229, -7.314247236221149e-17]}], "source": "action wait"}
{"timestamp": 1706068337.425013, "objects": [{"color": "cv_", "id_name": "hand", "shape": "CVCylinder", "id_string": "ob383", "world_size": [0.12, 0.005, 0.12], "id": 383, "camera_size": [51, 51], "camera_position": [246, 214], "world_position": [0.8006316372973149, 0.7162961788392108, -0.1740775008799697], "world_orientation": [1.5973741490856369e-07, 0.05003047811128916, 0.9987476914916652, -0.0007648832336827271, -0.9987473993286711, 0.05003046359824082, 0.9999997074767639, -0.0007639333556385686, 3.81079365531223e-05], "world_rotation": [0.0, 1.0, 0.0, 0.0]}, {"color": "CVYellow", "id_name": "object210603212787013", "shape": "CVCone", "id_string": "ob779", "world_size": [0.09, 0.09, 0.09], "id": 779, "camera_size": [37, 37], "camera_position": [256, 254], "world_position": [0.705, 0.6448569696296074, -0.15], "world_orientation": [1.0, -4.331917303826236e-17, -1.1712398707441946e-17, 4.331917303826236e-17, 1.0, -5.775889738434995e-17, 1.1712398707441946e-17, 5.775889738434995e-17, 1.0], "world_rotation": [-0.7896765794068324, 0.16013129347666225, -0.5922574345551229, -7.314247236221149e-17]}], "source": "action wait"}
{"timestamp": 1706068337.460688, "objects": [{"color": "cv_", "id_name": "hand", "shape": "CVCylinder", "id_string": "ob383", "world_size": [0.12, 0.005, 0.12], "id": 383, "camera_size": [49, 50], "camera_position": [246, 207], "world_position": [0.8181761547004228, 0.7015630987106092, -0.17408170654713584], "world_orientation": [-6.700253187564353e-06, 0.03475586164635245, 0.9993958325089846, -0.0007618276984281111, -0.9993955426933876, 0.03475584645994847, 0.9999997097867902, -0.0007611345539282823, 3.317418125587218e-05], "world_rotation": [0.0, 1.0, 0.0, 0.0]}, {"color": "CVYellow", "id_name": "object210603212787013", "shape": "CVCone", "id_string": "ob779", "world_size": [0.09, 0.09, 0.09], "id": 779, "camera_size": [37, 37], "camera_position": [256, 254], "world_position": [0.705, 0.6448569696296074, -0.15], "world_orientation": [1.0, -4.331917303826236e-17, -1.1712398707441946e-17, 4.331917303826236e-17, 1.0, -5.775889738434995e-17, 1.1712398707441946e-17, 5.775889738434995e-17, 1.0], "world_rotation": [-0.7896765794068324, 0.16013129347666225, -0.5922574345551229, -7.314247236221149e-17]}], "source": "action wait"}
{"timestamp": 1706068337.496293, "objects": [{"color": "cv_", "id_name": "hand", "shape": "CVCylinder", "id_string": "ob383", "world_size": [0.12, 0.005, 0.12], "id": 383, "camera_size": [49, 50], "camera_position": [246, 202], "world_position": [0.8303252240049702, 0.6908213769850112, -0.1740858173548655], "world_orientation": [-9.728588700416585e-06, 0.023986484958134477, 0.9997122828317695, -0.0007602976782456321, -0.9997119941133338, 0.02398647063204913, 0.9999997109263558, -0.0007598455730438376, 2.7962655632918268e-05], "world_rotation": [0.0, 1.0, 0.0, 0.0]}, {"color": "CVYellow", "id_name": "object210603212787013", "shape": "CVCone", "id_string": "ob779", "world_size": [0.09, 0.09, 0.09], "id": 779, "camera_size": [37, 37], "camera_position": [256, 254], "world_position": [0.705, 0.6448569696296074, -0.15], "world_orientation": [1.0, -4.331917303826236e-17, -1.1712398707441946e-17, 4.331917303826236e-17, 1.0, -5.775889738434995e-17, 1.1712398707441946e-17, 5.775889738434995e-17, 1.0], "world_rotation": [-0.7896765794068324, 0.16013129347666225, -0.5922574345551229, -7.314247236221149e-17]}], "source": "action wait"}
{"timestamp": 1706068337.529929, "objects": [{"color": "cv_", "id_name": "hand", "shape": "CVCylinder", "id_string": "ob383", "world_size": [0.12, 0.005, 0.12], "id": 383, "camera_size": [49, 49], "camera_position": [246, 199], "world_position": [0.838775302567417, 0.6830875991963539, -0.17408948864199478], "world_orientation": [-1.0648295125184147e-05, 0.016395362525549677, 0.9998655869537014, -0.0007597692590910107, -0.999865298557119, 0.016395349705213044, 0.9999997113186018, -0.0007594925536684282, 2.310355322340216e-05], "world_rotation": [0.0, 1.0, 0.0, 0.0]}, {"color": "CVYellow", "id_name": "object210603212787013", "shape": "CVCone", "id_string": "ob779", "world_size": [0.09, 0.09, 0.09], "id": 779, "camera_size": [37, 37], "camera_position": [256, 254], "world_position": [0.705, 0.6448569696296074, -0.15], "world_orientation": [1.0, -4.331917303826236e-17, -1.1712398707441946e-17, 4.331917303826236e-17, 1.0, -5.775889738434995e-17, 1.1712398707441946e-17, 5.775889738434995e-17, 1.0], "world_rotation": [-0.7896765794068324, 0.16013129347666225, -0.5922574345551229, -7.314247236221149e-17]}], "source": "action wait"}
{"timestamp": 1706068337.562836, "objects": [{"color": "cv_", "id_name": "hand", "shape": "CVCylinder", "id_string": "ob383", "world_size": [0.12, 0.005, 0.12], "id": 383, "camera_size": [49, 49], "camera_position": [246, 197], "world_position": [0.8446734636393346, 0.6775647085369052, -0.1740926012527561], "world_orientation": [-1.0498449639035794e-05, 0.011045078077991061, 0.9999390012095907, -0.000759821912668218, -0.999938712705699, 0.011045066913810343, 0.9999997112801803, -0.0007596596083722299, 1.889009856862038e-05], "world_rotation": [0.0, 1.0, 0.0, 0.0]}, {"color": "CVYellow", "id_name": "object210603212787013", "shape": "CVCone", "id_string": "ob779", "world_size": [0.09, 0.09, 0.09], "id": 779, "camera_size": [37, 37], "camera_position": [256, 254], "world_position": [0.705, 0.6448569696296074, -0.15], "world_orientation": [1.0, -4.331917303826236e-17, -1.1712398707441946e-17, 4.331917303826236e-17, 1.0, -5.775889738434995e-17, 1.1712398707441946e-17, 5.775889738434995e-17, 1.0], "world_rotation": [-0.7896765794068324, 0.16013129347666225, -0.5922574345551229, -7.314247236221149e-17]}], "source": "action wait"}
{"timestamp": 1706068337.59317, "objects": [{"color": "cv_", "id_name": "hand", "shape": "CVCylinder", "id_string": "ob383", "world_size": [0.12, 0.005, 0.12], "id": 383, "camera_size": [49, 49], "camera_position": [246, 196], "world_position": [0.8488016343702305, 0.6736417556282341, -0.17409515354133254], "world_orientation": [-9.840131924211812e-06, 0.007274278042076553, 0.9999735420410574, -0.0007601656994619762, -0.9999732532255401, 0.007274268460768283, 0.9999997110255989, -0.0007600740072681642, 1.5369525388725365e-05], "world_rotation": [0.0, 1.0, 0.0, 0.0]}, {"color": "CVYellow", "id_name": "object210603212787013", "shape": "CVCone", "id_string": "ob779", "world_size": [0.09, 0.09, 0.09], "id": 779, "camera_size": [37, 37], "camera_position": [256, 254], "world_position": [0.705, 0.6448569696296074, -0.15], "world_orientation": [1.0, -4.331917303826236e-17, -1.1712398707441946e-17, 4.331917303826236e-17, 1.0, -5.775889738434995e-17, 1.1712398707441946e-17, 5.775889738434995e-17, 1.0], "world_rotation": [-0.7896765794068324, 0.16013129347666225, -0.5922574345551229, -7.314247236221149e-17]}], "source": "action wait"}
{"timestamp": 1706068337.623359, "objects": [{"color": "cv_", "id_name": "hand", "shape": "CVCylinder", "id_string": "ob383", "world_size": [0.12, 0.005, 0.12], "id": 383, "camera_size": [49, 49], "camera_position": [246, 195], "world_position": [0.8516969048140542, 0.6708650894789165, -0.17409719892066333], "world_orientation": [-9.010236405286985e-06, 0.004616669905852014, 0.9999893430821131, -0.0007606209061248122, -0.999989053885304, 0.0046166617172647365, 0.9999997106872845, -0.0007605712030371683, 1.2521673425640199e-05], "world_rotation": [0.0, 1.0, 0.0, 0.0]}, {"color": "CVYellow", "id_name": "object210603212787013", "shape": "CVCone", "id_string": "ob779", "world_size": [0.09, 0.09, 0.09], "id": 779, "camera_size": [37, 37], "camera_position": [256, 254], "world_position": [0.705, 0.6448569696296074, -0.15], "world_orientation": [1.0, -4.331917303826236e-17, -1.1712398707441946e-17, 4.331917303826236e-17, 1.0, -5.775889738434995e-17, 1.1712398707441946e-17, 5.775889738434995e-17, 1.0], "world_rotation": [-0.7896765794068324, 0.16013129347666225, -0.5922574345551229, -7.314247236221149e-17]}], "source": "action wait"}
{"timestamp": 1706068337.655886, "objects": [{"color": "cv_", "id_name": "hand", "shape": "CVCylinder", "id_string": "ob383", "world_size": [0.12, 0.005, 0.12], "id": 383, "camera_size": [49, 49], "camera_position": [246, 194], "world_position": [0.8537305692092371, 0.6689043275443738, -0.17409881119547083], "world_orientation": [-8.166783123992821e-06, 0.0027435893874133564, 0.9999962363182059, -0.0007610856813710036, -0.9999959467439481, 0.002743582377292696, 0.9999997103409028, -0.0007610604106447629, 1.0254856620616392e-05], "world_rotation": [0.0, 1.0, 0.0, 0.0]}, {"color": "CVYellow", "id_name": "object210603212787013", "shape": "CVCone", "id_string": "ob779", "world_size": [0.09, 0.09, 0.09], "id": 779, "camera_size": [37, 37], "camera_position": [256, 254], "world_position": [0.705, 0.6448569696296074, -0.15], "world_orientation": [1.0, -4.331917303826236e-17, -1.1712398707441946e-17, 4.331917303826236e-17, 1.0, -5.775889738434995e-17, 1.1712398707441946e-17, 5.775889738434995e-17, 1.0], "world_rotation": [-0.7896765794068324, 0.16013129347666225, -0.5922574345551229, -7.314247236221149e-17]}], "source": "action wait"}
{"timestamp": 1706068337.689241, "objects": [{"color": "cv_", "id_name": "hand", "shape": "CVCylinder", "id_string": "ob383", "world_size": [0.12, 0.005, 0.12], "id": 383, "camera_size": [48, 48], "camera_position": [246, 193], "world_position": [0.855160621934812, 0.6675218076009796, -0.17410006645078255], "world_orientation": [-7.397311408024282e-06, 0.0014234091174967108, 0.999998986925369, -0.0007615089545170739, -0.9999986970130551, 0.0014234030717082745, 0.999999710024654, -0.000761497653696294, 8.481240558704296e-06], "world_rotation": [0.0, 1.0, 0.0, 0.0]}, {"color": "CVYellow", "id_name": "object210603212787013", "shape": "CVCone", "id_string": "ob779", "world_size": [0.09, 0.09, 0.09], "id": 779, "camera_size": [37, 37], "camera_position": [256, 254], "world_position": [0.705, 0.6448569696296074, -0.15], "world_orientation": [1.0, -4.331917303826236e-17, -1.1712398707441946e-17, 4.331917303826236e-17, 1.0, -5.775889738434995e-17, 1.1712398707441946e-17, 5.775889738434995e-17, 1.0], "world_rotation": [-0.7896765794068324, 0.16013129347666225, -0.5922574345551229, -7.314247236221149e-17]}], "source": "action wait"}
{"timestamp": 1706068337.72708, "objects": [{"color": "cv_", "id_name": "hand", "shape": "CVCylinder", "id_string": "ob383", "world_size": [0.12, 0.005, 0.12], "id": 383, "camera_size": [48, 49], "camera_position": [246, 193], "world_position": [0.8561670358549616, 0.6665479313443914, -0.17410103444733935], "world_orientation": [-6.734071863351828e-06, 0.0004928960605948125, 0.9999998785040556, -0.0007618701074128015, -0.9999995883062209, 0.0004928907870691574, 0.9999997097542537, -0.0007618666956870953, 7.109591865969835e-06], "world_rotation": [0.0, 1.0, 0.0, 0.0]}, {"color": "CVYellow", "id_name": "object210603212787013", "shape": "CVCone", "id_string": "ob779", "world_size": [0.09, 0.09, 0.09], "id": 779, "camera_size": [37, 37], "camera_position": [256, 254], "world_position": [0.705, 0.6448569696296074, -0.15], "world_orientation": [1.0, -4.331917303826236e-17, -1.1712398707441946e-17, 4.331917303826236e-17, 1.0, -5.775889738434995e-17, 1.1712398707441946e-17, 5.775889738434995e-17, 1.0], "world_rotation": [-0.7896765794068324, 0.16013129347666225, -0.5922574345551229, -7.314247236221149e-17]}], "source": "action wait"}
{"timestamp": 1706068337.761195, "objects": [{"color": "cv_", "id_name": "hand", "shape": "CVCylinder", "id_string": "ob383", "world_size": [0.12, 0.005, 0.12], "id": 383, "camera_size": [48, 49], "camera_position": [246, 193], "world_position": [0.8568757273315987, 0.6658623083820678, -0.17410177527253723], "world_orientation": [-6.182698560650486e-06, -0.00016298370638920235, 0.9999999866990429, -0.00076216553040377, -0.9999996962692015, -0.00016298837129329855, 0.999999709532697, -0.0007621665279746065, 6.058476120111677e-06], "world_rotation": [0.0, 1.0, 0.0, 0.0]}, {"color": "CVYellow", "id_name": "object210603212787013", "shape": "CVCone", "id_string": "ob779", "world_size": [0.09, 0.09, 0.09], "id": 779, "camera_size": [37, 37], "camera_position": [256, 254], "world_position": [0.705, 0.6448569696296074, -0.15], "world_orientation": [1.0, -4.331917303826236e-17, -1.1712398707441946e-17, 4.331917303826236e-17, 1.0, -5.775889738434995e-17, 1.1712398707441946e-17, 5.775889738434995e-17, 1.0], "world_rotation": [-0.7896765794068324, 0.16013129347666225, -0.5922574345551229, -7.314247236221149e-17]}], "source": "action wait"}
{"timestamp": 1706068337.793956, "objects": [{"color": "cv_", "id_name": "hand", "shape": "CVCylinder", "id_string": "ob383", "world_size": [0.12, 0.005, 0.12], "id": 383, "camera_size": [48, 48], "camera_position": [246, 192], "world_position": [0.857374984345193, 0.6653797756154015, -0.17410233873780945], "world_orientation": [-5.735604208340976e-06, -0.0006252987989163049, 0.9999998044842384, -0.0007624001705763342, -0.9999995138709571, -0.0006253029900222136, 0.9999997093564993, -0.0007624036080059408, 5.2588735095064445e-06], "world_rotation": [0.0, 1.0, 0.0, 0.0]}, {"color": "CVYellow", "id_name": "object210603212787013", "shape": "CVCone", "id_string": "ob779", "world_size": [0.09, 0.09, 0.09], "id": 779, "camera_size": [37, 37], "camera_position": [256, 254], "world_position": [0.705, 0.6448569696296074, -0.15], "world_orientation": [1.0, -4.331917303826236e-17, -1.1712398707441946e-17, 4.331917303826236e-17, 1.0, -5.775889738434995e-17, 1.1712398707441946e-17, 5.775889738434995e-17, 1.0], "world_rotation": [-0.7896765794068324, 0.16013129347666225, -0.5922574345551229, -7.314247236221149e-17]}], "source": "action wait"}
{"timestamp": 1706068337.827424, "objects": [{"color": "cv_", "id_name": "hand", "shape": "CVCylinder", "id_string": "ob383", "world_size": [0.12, 0.005, 0.12], "id": 383, "camera_size": [48, 48], "camera_position": [246, 192], "world_position": [0.8577268097892452, 0.6650402265333617, -0.17410276509577832], "world_orientation": [-5.379632332760703e-06, -0.0009511829746920476, 0.9999995476109019, -0.000762582542045981, -0.9999992568554924, -0.0009511868005454905, 0.9999997092194208, -0.000762587314097609, 4.654272804489006e-06], "world_rotation": [0.0, 1.0, 0.0, 0.0]}, {"color": "CVYellow", "id_name": "object210603212787013", "shape": "CVCone", "id_string": "ob779", "world_size": [0.09, 0.09, 0.09], "id": 779, "camera_size": [37, 37], "camera_position": [256, 254], "world_position": [0.705, 0.6448569696296074, -0.15], "world_orientation": [1.0, -4.331917303826236e-17, -1.1712398707441946e-17, 4.331917303826236e-17, 1.0, -5.775889738434995e-17, 1.1712398707441946e-17, 5.775889738434995e-17, 1.0], "world_rotation": [-0.7896765794068324, 0.16013129347666225, -0.5922574345551229, -7.314247236221149e-17]}], "source": "action wait"}
{"timestamp": 1706068337.863293, "objects": [{"color": "cv_", "id_name": "hand", "shape": "CVCylinder", "id_string": "ob383", "world_size": [0.12, 0.005, 0.12], "id": 383, "camera_size": [48, 48], "camera_position": [246, 192], "world_position": [0.8579747975128038, 0.6648013013211767, -0.1741030862930346], "world_orientation": [-5.100162752737993e-06, -0.0011809030849567058, 0.9999993027207031, -0.0007627219689465196, -0.9999990118568747, -0.001180906631482898, 0.9999997091145509, -0.0007627274599326471, 4.199456987317782e-06], "world_rotation": [0.0, 1.0, 0.0, 0.0]}, {"color": "CVYellow", "id_name": "object210603212787013", "shape": "CVCone", "id_string": "ob779", "world_size": [0.09, 0.09, 0.09], "id": 779, "camera_size": [37, 37], "camera_position": [256, 254], "world_position": [0.705, 0.6448569696296074, -0.15], "world_orientation": [1.0, -4.331917303826236e-17, -1.1712398707441946e-17, 4.331917303826236e-17, 1.0, -5.775889738434995e-17, 1.1712398707441946e-17, 5.775889738434995e-17, 1.0], "world_rotation": [-0.7896765794068324, 0.16013129347666225, -0.5922574345551229, -7.314247236221149e-17]}], "source": "action wait"}
{"timestamp": 1706068339.472392, "objects": [{"color": "cv_", "id_name": "hand", "shape": "CVCylinder", "id_string": "ob383", "world_size": [0.12, 0.005, 0.12], "id": 383, "camera_size": [48, 49], "camera_position": [246, 192], "world_position": [0.8585677692443154, 0.6642334349212871, -0.17410402407667452], "world_orientation": [-4.205768991099687e-06, -0.0017297746041363396, 0.9999985039299462, -0.0007631196843822686, -0.9999982127578055, -0.0017297773099828836, 0.9999997088152871, -0.0007631258177458976, 2.885736424774541e-06], "world_rotation": [0.0, 1.0, 0.0, 0.0]}, {"color": "CVYellow", "id_name": "object210603212787013", "shape": "CVCone", "id_string": "ob779", "world_size": [0.09, 0.09, 0.09], "id": 779, "camera_size": [37, 37], "camera_position": [256, 254], "world_position": [0.705, 0.6448569696296074, -0.15], "world_orientation": [1.0, -4.331917303826236e-17, -1.1712398707441946e-17, 4.331917303826236e-17, 1.0, -5.775889738434995e-17, 1.1712398707441946e-17, 5.775889738434995e-17, 1.0], "world_rotation": [-0.7896765794068324, 0.16013129347666225, -0.5922574345551229, -7.314247236221149e-17]}], "source": "action wait"}
{"timestamp": 1706068339.498986, "objects": [{"color": "cv_", "id_name": "hand", "shape": "CVCylinder", "id_string": "ob383", "world_size": [0.12, 0.005, 0.12], "id": 383, "camera_size": [48, 48], "camera_position": [246, 205], "world_position": [0.825844133861925, 0.6514148017949328, -0.1740881659902863], "world_orientation": [-4.612267773536691e-05, -0.022675557129959594, 0.9997428754342513, -0.0007600706268438781, -0.9997425869232528, -0.02267558565163785, 0.9999997100826286, -0.0007609210527438556, 2.8875780233536546e-05], "world_rotation": [0.0, 1.0, 0.0, 0.0]}, {"color": "CVYellow", "id_name": "object210603212787013", "shape": "CVCone", "id_string": "ob779", "world_size": [0.09, 0.09, 0.09], "id": 779, "camera_size": [37, 37], "camera_position": [256, 254], "world_position": [0.705, 0.6448569696296074, -0.15], "world_orientation": [1.0, -4.331917303826236e-17, -1.1712398707441946e-17, 4.331917303826236e-17, 1.0, -5.775889738434995e-17, 1.1712398707441946e-17, 5.775889738434995e-17, 1.0], "world_rotation": [-0.7896765794068324, 0.16013129347666225, -0.5922574345551229, -7.314247236221149e-17]}], "source": "action wait"}
{"timestamp": 1706068339.532574, "objects": [{"color": "cv_", "id_name": "hand", "shape": "CVCylinder", "id_string": "ob383", "world_size": [0.12, 0.005, 0.12], "id": 383, "camera_size": [48, 48], "camera_position": [246, 219], "world_position": [0.7916864392667812, 0.6581894254468053, -0.17409752230511932], "world_orientation": [-3.356911225480016e-05, -0.016511654734292034, 0.9998636727729688, -0.0007580964081656398, -0.9998633856001863, -0.0165116754440405, 0.9999997120814339, -0.0007585473412713577, 2.1047100084097274e-05], "world_rotation": [0.0, 1.0, 0.0, 0.0]}, {"color": "CVYellow", "id_name": "object210603212787013", "shape": "CVCone", "id_string": "ob779", "world_size": [0.09, 0.09, 0.09], "id": 779, "camera_size": [37, 38], "camera_position": [256, 263], "world_position": [0.6807714124615104, 0.6461909170588064, -0.15000333119330675], "world_orientation": [0.9994661844556726, -0.032670128909738985, 9.384370205180287e-05, 0.032670130125417175, 0.9994661887560178, -1.1450277390215168e-05, -9.341952519008006e-05, 1.4510051011640883e-05, 0.9999999955311254], "world_rotation": [0.000397308185192744, 0.002865958081003689, 0.9999958142064815, 0.032676080809717796]}], "source": "action wait"}
{"timestamp": 1706068339.566982, "objects": [{"color": "cv_", "id_name": "hand", "shape": "CVCylinder", "id_string": "ob383", "world_size": [0.12, 0.005, 0.12], "id": 383, "camera_size": [48, 49], "camera_position": [246, 229], "world_position": [0.7671340078650998, 0.6616214237728201, -0.17410364304087322], "world_orientation": [-1.733585315993378e-05, -0.012097072828888594, 0.9999268275871195, -0.000761981719826095, -0.9999265372907065, -0.012097082527464277, 0.9999997095416213, -0.0007621356770318071, 8.116831262533433e-06], "world_rotation": [0.0, 1.0, 0.0, 0.0]}, {"color": "CVYellow", "id_name": "object210603212787013", "shape": "CVCone", "id_string": "ob779", "world_size": [0.09, 0.09, 0.09], "id": 779, "camera_size": [37, 39], "camera_position": [256, 282], "world_position": [0.6357900202213604, 0.6467335732760765, -0.15000356184271055], "world_orientation": [0.9990014427290702, -0.044677829637733174, 9.467892015662004e-05, 0.044677830408314995, 0.999001447162887, -6.038504036591111e-06, -9.431459099766928e-05, 1.0262522982479517e-05, 0.9999999954997193], "world_rotation": [0.00018242817833851667, 0.0021150656285239882, 0.9999977466061346, 0.044692807800435316]}], "source": "action wait"}
{"timestamp": 1706068339.602423, "objects": [{"color": "cv_", "id_name": "hand", "shape": "CVCylinder", "id_string": "ob383", "world_size": [0.12, 0.005, 0.12], "id": 383, "camera_size": [48, 49], "camera_position": [246, 236], "world_position": [0.7497665571369807, 0.6632847901171709, -0.17410671602297365], "world_orientation": [-8.329376195519427e-06, -0.009000168879400187, 0.9999594976251609, -0.0007634499578797528, -0.9999592061864578, -0.009000172615615502, 0.9999997085373493, -0.0007634940021672925, 1.4578578569727386e-06], "world_rotation": [0.0, 1.0, 0.0, 0.0]}, {"color": "CVYellow", "id_name": "object210603212787013", "shape": "CVCone", "id_string": "ob779", "world_size": [0.09, 0.09, 0.09], "id": 779, "camera_size": [37, 39], "camera_position": [256, 298], "world_position": [0.5950403329104764, 0.6440964036270322, -0.15000403732795836], "world_orientation": [0.9998706156189794, 0.01608547951548102, 9.680124068919108e-05, -0.01608547921534574, 0.9998706203021326, -3.878330559923884e-06, -9.685110138069343e-05, 2.3207344193996777e-06, 0.9999999953072392], "world_rotation": [0.00019268784030923222, 0.00601936770928032, -0.9999818648774469, 0.016086464867953468]}], "source": "action wait"}
{"timestamp": 1706068339.635693, "objects": [{"color": "cv_", "id_name": "hand", "shape": "CVCylinder", "id_string": "ob383", "world_size": [0.12, 0.005, 0.12], "id": 383, "camera_size": [48, 49], "camera_position": [246, 241], "world_position": [0.7375150395206228, 0.6640863874913727, -0.17410802962556599], "world_orientation": [-3.2607362209125417e-06, -0.006826663375271371, 0.9999766980567739, -0.0007638624648222928, -0.9999764063089095, -0.006826663874372178, 0.9999997082517086, -0.0007638669252930244, -1.9539726238786503e-06], "world_rotation": [0.0, 1.0, 0.0, 0.0]}, {"color": "CVYellow", "id_name": "object210603212787013", "shape": "CVCone", "id_string": "ob779", "world_size": [0.09, 0.09, 0.09], "id": 779, "camera_size": [37, 39], "camera_position": [256, 310], "world_position": [0.5665659057855684, 0.6449390581043816, -0.15000400369299943], "world_orientation": [0.9999938754761372, -0.0034985159626330473, 9.693438584414993e-05, 0.0034985162522249047, 0.9999938801693194, -2.8181012186796086e-06, -9.692393345002354e-05, 3.157210483426783e-06, 0.9999999952978917], "world_rotation": [0.000853650134027846, 0.027695154411701617, 0.999616051143418, 0.0034998670196405195]}], "source": "action wait"}
{"timestamp": 1706068339.669443, "objects": [{"color": "cv_", "id_name": "hand", "shape": "CVCylinder", "id_string": "ob383", "world_size": [0.12, 0.005, 0.12], "id": 383, "camera_size": [48, 48], "camera_position": [246, 244], "world_position": [0.7288829538448076, 0.6644708918151672, -0.17410836128407667], "world_orientation": [-9.645125838624748e-07, -0.0053004111910927, 0.9999859527214747, -0.0007638577038803708, -0.9999856609827944, -0.005300410381496336, 0.9999997082601965, -0.0007638520860713239, -3.084261167989109e-06], "world_rotation": [0.0, 1.0, 0.0, 0.0]}, {"color": "CVYellow", "id_name": "object210603212787013", "shape": "CVCone", "id_string": "ob779", "world_size": [0.09, 0.09, 0.09], "id": 779, "camera_size": [37, 39], "camera_position": [256, 318], "world_position": [0.5449974566966856, 0.6444720317871857, -0.15000409456898284], "world_orientation": [0.9999790896841261, 0.006466123721696891, 9.71520582023851e-05, -0.006466123554746566, 0.9999790944025, -2.032447157956787e-06, -9.716316923534113e-05, 1.4042074469116393e-06, 0.9999999952786736], "world_rotation": [0.00026571302957118355, 0.015023938600390295, -0.9998870989594364, 0.006466898827771342]}], "source": "action wait"}
{"timestamp": 1706068339.700577, "objects": [{"color": "cv_", "id_name": "hand", "shape": "CVCylinder", "id_string": "ob383", "world_size": [0.12, 0.005, 0.12], "id": 383, "camera_size": [48, 49], "camera_position": [246, 247], "world_position": [0.7228042322690129, 0.664654752074625, -0.1741081771697072], "world_orientation": [-1.9501149169988197e-07, -0.0042282068641393954, 0.9999910610933861, -0.0007637207357673057, -0.9999907694606585, -0.004228205779980152, 0.9999997083652575, -0.0007637147334880723, -3.034159565260552e-06], "world_rotation": [0.0, 1.0, 0.0, 0.0]}, {"color": "CVYellow", "id_name": "object210603212787013", "shape": "CVCone", "id_string": "ob779", "world_size": [0.09, 0.09, 0.09], "id": 779, "camera_size": [37, 40], "camera_position": [256, 322], "world_position": [0.5339161591074584, 0.6448001427551856, -0.15000410252509025], "world_orientation": [0.9999994461557467, -0.0010479729083178093, 9.716472451715404e-05, 0.0010479730226202039, 0.9999994508754878, -1.125471932102428e-06, -9.716349169752814e-05, 1.227297318814166e-06, 0.9999999952788748], "world_rotation": [0.0011177387411384107, 0.09232022038491516, 0.9957287419614779, 0.0010524685235822012]}], "source": "action wait"}
