{"timestamp": 1706068324.72915, "objects": [{"color": "cv_", "id_name": "hand", "shape": "CVCylinder", "id_string": "ob383", "world_size": [0.12, 0.005, 0.12], "id": 383, "camera_size": [48, 50], "camera_position": [246, 426], "world_position": [0.26764451554004026, 0.6334703013847444, -0.17389260400847475], "world_orientation": [-0.0006415490107114129, 0.19791547486655345, 0.9802188802625734, -0.0007473670929347344, -0.9802189031249393, 0.1979149903341572, 0.9999995149285301, -0.0006056111687280251, 0.0007767739806786741], "world_rotation": [0.0, 1.0, 0.0, 0.0]}, {"color": "CVRed", "id_name": "object4773235230215", "shape": "CVBox", "id_string": "ob772", "world_size": [0.11, 0.11, 0.11], "id": 772, "camera_size": [45, 45], "camera_position": [256, 254], "world_position": [0.705, 0.654738849708696, -0.15], "world_orientation": [1.0, -5.1619362862653347e-17, 1.4541359828532488e-17, 5.1619362862653347e-17, 1.0, 2.3824321321224633e-17, -1.4541359828532488e-17, -2.3824321321224633e-17, 1.0], "world_rotation": [-0.4059884517598224, 0.2477982093873522, 0.8796416454796148, 5.868226354211375e-17]}], "source": "manual check"}
{"timestamp": 1706068325.746376, "objects": [{"color": "cv_", "id_name": "hand", "shape": "CVCylinder", "id_string": "ob383", "world_size": [0.12, 0.005, 0.12], "id": 383, "camera_size": [48, 50], "camera_position": [246, 426], "world_position": [0.26764451554004026, 0.6334703013847444, -0.17389260400847475], "world_orientation": [-0.0006415490107114129, 0.19791547486655345, 0.9802188802625734, -0.0007473670929347344, -0.9802189031249393, 0.1979149903341572, 0.9999995149285301, -0.0006056111687280251, 0.0007767739806786741], "world_rotation": [0.0, 1.0, 0.0, 0.0]}, {"color": "CVRed", "id_name": "object4773235230215", "shape": "CVBox", "id_string": "ob772", "world_size": [0.11, 0.11, 0.11], "id": 772, "camera_size": [45, 45], "camera_position": [256, 254], "world_position": [0.705, 0.6547388572526824, -0.15], "world_orientation": [1.0, -3.838362879530641e-17, 1.4813540171849057e-17, 3.838362879530641e-17, 1.0, 5.294293626938881e-18, -1.4813540171849057e-17, -5.294293626938881e-18, 1.0], "world_rotation": [-0.1276280613210114, 0.35710588544125776, 0.925303444577321, 4.1482206750932463e-17]}], "source": "manual check"}
{"timestamp": 1706068327.224554, "objects": [{"color": "cv_", "id_name": "hand", "shape": "CVCylinder", "id_string": "ob383", "world_size": [0.12, 0.005, 0.12], "id": 383, "camera_size": [48, 50], "camera_position": [246, 426], "world_position": [0.26764451554004026, 0.6334703013847444, -0.17389260400847475], "world_orientation": [-0.0006415490107114129, 0.19791547486655345, 0.9802188802625734, -0.0007473670929347344, -0.9802189031249393, 0.1979149903341572, 0.9999995149285301, -0.0006056111687280251, 0.0007767739806786741], "world_rotation": [0.0, 1.0, 0.0, 0.0]}, {"color": "CVRed", "id_name": "object4773235230215", "shape": "CVBox", "id_string": "ob772", "world_size": [0.11, 0.11, 0.11], "id": 772, "camera_size": [45, 45], "camera_position": [256, 254], "world_position": [0.705, 0.6547388572526824, -0.15], "world_orientation": [1.0, -3.838362879530641e-17, 1.4813540171849057e-17, 3.838362879530641e-17, 1.0, 5.294293626938881e-18, -1.4813540171849057e-17, -5.294293626938881e-18, 1.0], "world_rotation": [-0.1276280613210114, 0.35710588544125776, 0.925303444577321, 4.1482206750932463e-17]}], "source": "action wait"}
{"timestamp": 1706068327.259677, "objects": [{"color": "cv_", "id_name": "hand", "shape": "CVCylinder", "id_string": "ob383", "world_size": [0.12, 0.005, 0.12], "id": 383, "camera_size": [49, 51], "camera_position": [246, 421], "world_position": [0.2916573469033069, 0.668301125891097, -0.17395584067393036], "world_orientation": [-0.00037886511852520304, 0.2032147227730256, 0.9791341240654952, -0.0007138500539367857, -0.9791339998227777, 0.20321442077064703, 0.9999996734396078, -0.0006219640916644809, 0.0005160245597076169], "world_rotation": [0.0, 1.0, 0.0, 0.0]}, {"color": "CVRed", "id_name": "object4773235230215", "shape": "CVBox", "id_string": "ob772", "world_size": [0.11, 0.11, 0.11], "id": 772, "camera_size": [45, 45], "camera_position": [256, 254], "world_position": [0.705, 0.6547388572526824, -0.15], "world_orientation": [1.0, -3.838362879530641e-17, 1.4813540171849057e-17, 3.838362879530641e-17, 1.0, 5.294293626938881e-18, -1.4813540171849057e-17, -5.294293626938881e-18, 1.0], "world_rotation": [-0.1276280613210114, 0.35710588544125776, 0.925303444577321, 4.1482206750932463e-17]}], "source": "action wait"}
{"timestamp": 1706068327.295064, "objects": [{"color": "cv_", "id_name": "hand", "shape": "CVCylinder", "id_string": "ob383", "world_size": [0.12, 0.005, 0.12], "id": 383, "camera_size": [51, 52], "camera_position": [246, 406], "world_position": [0.3380798958033059, 0.706857884779996, -0.17398359759683793], "world_orientation": [-0.00021625332172469522, 0.19544022289518598, 0.9807155920597882, -0.0007297245974112376, -0.9807153847185409, 0.19544002066715052, 0.9999997103682146, -0.0006733877369238273, 0.00035470049758247756], "world_rotation": [0.0, 1.0, 0.0, 0.0]}, {"color": "CVRed", "id_name": "object4773235230215", "shape": "CVBox", "id_string": "ob772", "world_size": [0.11, 0.11, 0.11], "id": 772, "camera_size": [45, 45], "camera_position": [256, 254], "world_position": [0.705, 0.6547388572526824, -0.15], "world_orientation": [1.0, -3.838362879530641e-17, 1.4813540171849057e-17, 3.838362879530641e-17, 1.0, 5.294293626938881e-18, -1.4813540171849057e-17, -5.294293626938881e-18, 1.0], "world_rotation": [-0.1276280613210114, 0.35710588544125776, 0.925303444577321, 4.1482206750932463e-17]}], "source": "action wait"}
{"timestamp": 1706068327.327135, "objects": [{"color": "cv_", "id_name": "hand", "shape": "CVCylinder", "id_string": "ob383", "world_size": [0.12, 0.005, 0.12], "id": 383, "camera_size": [51, 53], "camera_position": [246, 388], "world_position": [0.3889226854831462, 0.7404408826051684, -0.17400415720583928], "world_orientation": [-0.00011053699116842258, 0.18988275986883835, 0.9818067657569726, -0.0007407097129568721, -0.9818065179672326, 0.18988262855295537, 0.9999997195653082, -0.0007062447532078547, 0.0002491739429639765], "world_rotation": [0.0, 1.0, 0.0, 0.0]}, {"color": "CVRed", "id_name": "object4773235230215", "shape": "CVBox", "id_string": "ob772", "world_size": [0.11, 0.11, 0.11], "id": 772, "camera_size": [45, 45], "camera_position": [256, 254], "world_position": [0.705, 0.6547388572526824, -0.15], "world_orientation": [1.0, -3.838362879530641e-17, 1.4813540171849057e-17, 3.838362879530641e-17, 1.0, 5.294293626938881e-18, -1.4813540171849057e-17, -5.294293626938881e-18, 1.0], "world_rotation": [-0.1276280613210114, 0.35710588544125776, 0.925303444577321, 4.1482206750932463e-17]}], "source": "action wait"}
{"timestamp": 1706068327.354391, "objects": [{"color": "cv_", "id_name": "hand", "shape": "CVCylinder", "id_string": "ob383", "world_size": [0.12, 0.005, 0.12], "id": 383, "camera_size": [52, 53], "camera_position": [245, 367], "world_position": [0.4432410361328721, 0.7686742128107602, -0.1740227338647692], "world_orientation": [-3.612452484411887e-05, 0.18595795931989992, 0.9825577011354586, -0.000747950275425594, -0.9825574319650542, 0.18595788087796528, 0.9999997196326629, -0.0007281866630983605, 0.00017458172725312137], "world_rotation": [0.0, 1.0, 0.0, 0.0]}, {"color": "CVRed", "id_name": "object4773235230215", "shape": "CVBox", "id_string": "ob772", "world_size": [0.11, 0.11, 0.11], "id": 772, "camera_size": [45, 45], "camera_position": [256, 254], "world_position": [0.705, 0.6547388572526824, -0.15], "world_orientation": [1.0, -3.838362879530641e-17, 1.4813540171849057e-17, 3.838362879530641e-17, 1.0, 5.294293626938881e-18, -1.4813540171849057e-17, -5.294293626938881e-18, 1.0], "world_rotation": [-0.1276280613210114, 0.35710588544125776, 0.925303444577321, 4.1482206750932463e-17]}], "source": "action wait"}
{"timestamp": 1706068327.386518, "objects": [{"color": "cv_", "id_name": "hand", "shape": "CVCylinder", "id_string": "ob383", "world_size": [0.12, 0.005, 0.12], "id": 383, "camera_size": [53, 54], "camera_position": [245, 343], "world_position": [0.5003668274857569, 0.7912761150714307, -0.1740389417698889], "world_orientation": [1.6162690698166405e-05, 0.18318554531131456, 0.9830783568606134, -0.0007528085426388217, -0.983078076194658, 0.18318550538923312, 0.9999997165089928, -0.0007430305557922731, 0.00012201445652105069], "world_rotation": [0.0, 1.0, 0.0, 0.0]}, {"color": "CVRed", "id_name": "object4773235230215", "shape": "CVBox", "id_string": "ob772", "world_size": [0.11, 0.11, 0.11], "id": 772, "camera_size": [45, 45], "camera_position": [256, 254], "world_position": [0.705, 0.6547388572526824, -0.15], "world_orientation": [1.0, -3.838362879530641e-17, 1.4813540171849057e-17, 3.838362879530641e-17, 1.0, 5.294293626938881e-18, -1.4813540171849057e-17, -5.294293626938881e-18, 1.0], "world_rotation": [-0.1276280613210114, 0.35710588544125776, 0.925303444577321, 4.1482206750932463e-17]}], "source": "action wait"}
{"timestamp": 1706068327.42141, "objects": [{"color": "cv_", "id_name": "hand", "shape": "CVCylinder", "id_string": "ob383", "world_size": [0.12, 0.005, 0.12], "id": 383, "camera_size": [54, 54], "camera_position": [245, 318], "world_position": [0.5596435962702877, 0.8080155931773715, -0.17405263217415137], "world_orientation": [5.2763251065365075e-05, 0.18122576320817846, 0.9834415183251379, -0.0007561315794952863, -0.9834412313299007, 0.181225750889225, 0.9999997127404957, -0.0007531732483863966, 8.51409659835716e-05], "world_rotation": [0.0, 1.0, 0.0, 0.0]}, {"color": "CVRed", "id_name": "object4773235230215", "shape": "CVBox", "id_string": "ob772", "world_size": [0.11, 0.11, 0.11], "id": 772, "camera_size": [45, 45], "camera_position": [256, 254], "world_position": [0.705, 0.6547388572526824, -0.15], "world_orientation": [1.0, -3.838362879530641e-17, 1.4813540171849057e-17, 3.838362879530641e-17, 1.0, 5.294293626938881e-18, -1.4813540171849057e-17, -5.294293626938881e-18, 1.0], "world_rotation": [-0.1276280613210114, 0.35710588544125776, 0.925303444577321, 4.1482206750932463e-17]}], "source": "action wait"}
{"timestamp": 1706068327.452568, "objects": [{"color": "cv_", "id_name": "hand", "shape": "CVCylinder", "id_string": "ob383", "world_size": [0.12, 0.005, 0.12], "id": 383, "camera_size": [54, 54], "camera_position": [245, 291], "world_position": [0.6205705776278259, 0.8141959590144439, -0.17406324144207347], "world_orientation": [7.415759548403066e-05, 0.1733741790878542, 0.9848560242625639, -0.0007643025527068164, -0.9848557294879499, 0.17337418474607524, 0.9999997051710862, -0.0007655849860526459, 5.94757948532204e-05], "world_rotation": [0.0, 1.0, 0.0, 0.0]}, {"color": "CVRed", "id_name": "object4773235230215", "shape": "CVBox", "id_string": "ob772", "world_size": [0.11, 0.11, 0.11], "id": 772, "camera_size": [45, 45], "camera_position": [256, 254], "world_position": [0.705, 0.6547388572526824, -0.15], "world_orientation": [1.0, -3.838362879530641e-17, 1.4813540171849057e-17, 3.838362879530641e-17, 1.0, 5.294293626938881e-18, -1.4813540171849057e-17, -5.294293626938881e-18, 1.0], "world_rotation": [-0.1276280613210114, 0.35710588544125776, 0.925303444577321, 4.1482206750932463e-17]}], "source": "action wait"}
{"timestamp": 1706068327.488143, "objects": [{"color": "cv_", "id_name": "hand", "shape": "CVCylinder", "id_string": "ob383", "world_size": [0.12, 0.005, 0.12], "id": 383, "camera_size": [53, 53], "camera_position": [245, 264], "world_position": [0.6826712326411913, 0.7958609893174626, -0.17407093057736897], "world_orientation": [6.705950971934191e-05, 0.1398247509312711, 0.9901762643741921, -0.0007772596027287689, -0.9901759602136831, 0.13982476061993068, 0.9999996956852198, -0.000779000589773058, 4.2279415933092614e-05], "world_rotation": [0.0, 1.0, 0.0, 0.0]}, {"color": "CVRed", "id_name": "object4773235230215", "shape": "CVBox", "id_string": "ob772", "world_size": [0.11, 0.11, 0.11], "id": 772, "camera_size": [45, 45], "camera_position": [256, 254], "world_position": [0.705, 0.6547388572526824, -0.15], "world_orientation": [1.0, -3.838362879530641e-17, 1.4813540171849057e-17, 3.838362879530641e-17, 1.0, 5.294293626938881e-18, -1.4813540171849057e-17, -5.294293626938881e-18, 1.0], "world_rotation": [-0.1276280613210114, 0.35710588544125776, 0.925303444577321, 4.1482206750932463e-17]}], "source": "action wait"}
{"timestamp": 1706068327.529982, "objects": [{"color": "cv_", "id_name": "hand", "shape": "CVCylinder", "id_string": "ob383", "world_size": [0.12, 0.005, 0.12], "id": 383, "camera_size": [52, 52], "camera_position": [245, 239], "world_position": [0.7370273710714736, 0.7656778560075244, -0.174072637835482], "world_orientation": [3.56965755443223e-05, 0.09827189954221198, 0.9951596015143099, -0.0007769610053607257, -0.9951592990495425, 0.09827189754359816, 0.9999996975286296, -0.0007767081747018104, 4.082965477026671e-05], "world_rotation": [0.0, 1.0, 0.0, 0.0]}, {"color": "CVRed", "id_name": "object4773235230215", "shape": "CVBox", "id_string": "ob772", "world_size": [0.11, 0.11, 0.11], "id": 772, "camera_size": [45, 45], "camera_position": [256, 254], "world_position": [0.705, 0.6547388572526824, -0.15], "world_orientation": [1.0, -3.838362879530641e-17, 1.4813540171849057e-17, 3.838362879530641e-17, 1.0, 5.294293626938881e-18, -1.4813540171849057e-17, -5.294293626938881e-18, 1.0], "world_rotation": [-0.1276280613210114, 0.35710588544125776, 0.925303444577321, 4.1482206750932463e-17]}], "source": "action wait"}
{"timestamp": 1706068327.562708, "objects": [{"color": "cv_", "id_name": "hand", "shape": "CVCylinder", "id_string": "ob383", "world_size": [0.12, 0.005, 0.12], "id": 383, "camera_size": [51, 51], "camera_position": [246, 224], "world_position": [0.7744131300300829, 0.7408474221891499, -0.17407406606841033], "world_orientation": [1.1505926941168635e-05, 0.06880175671606494, 0.9976303514530807, -0.0007702313707596894, -0.9976300549840587, 0.06880174515330195, 0.9999997033055806, -0.0007691978209646707, 4.151461285951719e-05], "world_rotation": [0.0, 1.0, 0.0, 0.0]}, {"color": "CVRed", "id_name": "object4773235230215", "shape": "CVBox", "id_string": "ob772", "world_size": [0.11, 0.11, 0.11], "id": 772, "camera_size": [45, 45], "camera_position": [256, 254], "world_position": [0.705, 0.6547388572526824, -0.15], "world_orientation": [1.0, -3.838362879530641e-17, 1.4813540171849057e-17, 3.838362879530641e-17, 1.0, 5.294293626938881e-18, -1.4813540171849057e-17, -5.294293626938881e-18, 1.0], "world_rotation": [-0.1276280613210114, 0.35710588544125776, 0.925303444577321, 4.1482206750932463e-17]}], "source": "action wait"}
{"timestamp": 1706068327.595224, "objects": [{"color": "cv_", "id_name": "hand", "shape": "CVCylinder", "id_string": "ob383", "world_size": [0.12, 0.005, 0.12], "id": 383, "camera_size": [51, 51], "camera_position": [246, 214], "world_position": [0.8000808222538129, 0.7216971993419494, -0.17407760707290754], "world_orientation": [-1.4649998621863918e-06, 0.04799473330326512, 0.9988475887606689, -0.0007651998382478598, -0.9988472963874908, 0.047994718132391985, 0.9999997072334879, -0.0007642477010988269, 3.818887331234185e-05], "world_rotation": [0.0, 1.0, 0.0, 0.0]}, {"color": "CVRed", "id_name": "object4773235230215", "shape": "CVBox", "id_string": "ob772", "world_size": [0.11, 0.11, 0.11], "id": 772, "camera_size": [45, 45], "camera_position": [256, 254], "world_position": [0.705, 0.6547388572526824, -0.15], "world_orientation": [1.0, -3.838362879530641e-17, 1.4813540171849057e-17, 3.838362879530641e-17, 1.0, 5.294293626938881e-18, -1.4813540171849057e-17, -5.294293626938881e-18, 1.0], "world_rotation": [-0.1276280613210114, 0.35710588544125776, 0.925303444577321, 4.1482206750932463e-17]}], "source": "action wait"}
{"timestamp": 1706068327.62092, "objects": [{"color": "cv_", "id_name": "hand", "shape": "CVCylinder", "id_string": "ob383", "world_size": [0.12, 0.005, 0.12], "id": 383, "camera_size": [50, 50], "camera_position": [245, 206], "world_position": [0.8182230747631055, 0.712995802638044, -0.17412214139282306], "world_orientation": [9.994925017979816e-06, 0.04086219698183796, 0.9991647915924176, -0.00077608258729626, -0.9991644904247498, 0.04086219242855013, 0.9999996987979143, -0.0007758428111441134, 2.1725865394229343e-05], "world_rotation": [0.0, 1.0, 0.0, 0.0]}, {"color": "CVRed", "id_name": "object4773235230215", "shape": "CVBox", "id_string": "ob772", "world_size": [0.11, 0.11, 0.11], "id": 772, "camera_size": [45, 49], "camera_position": [256, 252], "world_position": [0.7092466456883691, 0.6555921525838123, -0.1500204702981455], "world_orientation": [0.9969974421330079, 0.07743448742751423, 2.317493823149844e-05, -0.07743449045046723, 0.9969973596668048, 0.00040559351135902055, 8.301573428766053e-06, -0.00040617023290386554, 0.9999999174784097], "world_rotation": [-0.005241544177884823, 9.603705417776351e-05, -0.999986258401342, 0.0775131499391611]}], "source": "action wait"}
{"timestamp": 1706068327.648466, "objects": [{"color": "cv_", "id_name": "hand", "shape": "CVCylinder", "id_string": "ob383", "world_size": [0.12, 0.005, 0.12], "id": 383, "camera_size": [49, 50], "camera_position": [246, 201], "world_position": [0.8308213437473083, 0.7054050881938445, -0.17414925971129766], "world_orientation": [1.54955077358686e-05, 0.03422088651321557, 0.9994142938172033, -0.0007886330419407063, -0.9994139827300516, 0.03422088808873001, 0.9999996889088589, -0.0007887014047285538, 1.1501294728479786e-05], "world_rotation": [0.0, 1.0, 0.0, 0.0]}, {"color": "CVRed", "id_name": "object4773235230215", "shape": "CVBox", "id_string": "ob772", "world_size": [0.11, 0.11, 0.11], "id": 772, "camera_size": [46, 53], "camera_position": [255, 250], "world_position": [0.7143919158714847, 0.6586484088324379, -0.1500290274536046], "world_orientation": [0.986714276543957, 0.16246517685307174, 5.2672912075699214e-05, -0.16246518015315128, 0.986714110539524, 0.0005738466696212861, 4.125699507826818e-05, -0.000574780215612096, 0.9999998339627683], "world_rotation": [-0.0035349719812231262, 3.513320752342314e-05, -0.9999937513498521, 0.16318954192282284]}], "source": "action wait"}
{"timestamp": 1706068327.682377, "objects": [{"color": "cv_", "id_name": "hand", "shape": "CVCylinder", "id_string": "ob383", "world_size": [0.12, 0.005, 0.12], "id": 383, "camera_size": [49, 50], "camera_position": [246, 198], "world_position": [0.8397464536559466, 0.7009201778404415, -0.1741720520128229], "world_orientation": [2.1907441325688175e-05, 0.03087649828970932, 0.9995232070209424, -0.0008036661586284275, -0.9995228839314518, 0.030876505923746595, 0.9999996768203325, -0.0008039594014887121, 2.91740783934567e-06], "world_rotation": [0.0, 1.0, 0.0, 0.0]}, {"color": "CVRed", "id_name": "object4773235230215", "shape": "CVBox", "id_string": "ob772", "world_size": [0.11, 0.11, 0.11], "id": 772, "camera_size": [47, 56], "camera_position": [256, 247], "world_position": [0.7199354656118657, 0.6602496199402842, -0.15004322149515248], "world_orientation": [0.9689912166845139, 0.24709514629760346, 0.0001032687337399146, -0.24709514542517205, 0.9689908658510072, 0.000831266881539397, 0.00010533555198435282, -0.0008310075097137397, 0.9999996491654086], "world_rotation": [0.003363613198509686, 4.182207920963099e-06, 0.9999943430283793, -0.2496827338346608]}], "source": "action wait"}
{"timestamp": 1706068327.720229, "objects": [{"color": "cv_", "id_name": "hand", "shape": "CVCylinder", "id_string": "ob383", "world_size": [0.12, 0.005, 0.12], "id": 383, "camera_size": [49, 49], "camera_position": [246, 196], "world_position": [0.8459549900903477, 0.6967947055245045, -0.17418778066982843], "world_orientation": [2.254564185213514e-05, 0.027272176617516002, 0.9996280447617689, -0.0008128157457094709, -0.9996277143041491, 0.027272185934135825, 0.9999996694110742, -0.0008131282835720928, -3.6999385732587047e-07], "world_rotation": [0.0, 1.0, 0.0, 0.0]}, {"color": "CVRed", "id_name": "object4773235230215", "shape": "CVBox", "id_string": "ob772", "world_size": [0.11, 0.11, 0.11], "id": 772, "camera_size": [47, 58], "camera_position": [256, 245], "world_position": [0.7241274907041694, 0.6608282081501432, -0.15005447077862044], "world_orientation": [0.9517392472508982, 0.30690777509008144, 0.0001511011252732668, -0.30690776325291774, 0.9517387015466126, 0.0010338440207651452, 0.00017348597943340395, -0.0010303240384804786, 0.9999994541673464], "world_rotation": [0.0033628285005145885, 3.646816702370756e-05, 0.9999943450112849, -0.3119441149820986]}], "source": "action wait"}
{"timestamp": 1706068327.757316, "objects": [{"color": "cv_", "id_name": "hand", "shape": "CVCylinder", "id_string": "ob383", "world_size": [0.12, 0.005, 0.12], "id": 383, "camera_size": [49, 50], "camera_position": [246, 194], "world_position": [0.8503242695325943, 0.6937189759224093, -0.17419661880718917], "world_orientation": [2.1298929277046055e-05, 0.02456505189648394, 0.9996982333542851, -0.0008184097681143891, -0.9996978983565695, 0.02456506110127762, 0.9999996648758475, -0.0008186860088432823, -1.1882164088211772e-06], "world_rotation": [0.0, 1.0, 0.0, 0.0]}, {"color": "CVRed", "id_name": "object4773235230215", "shape": "CVBox", "id_string": "ob772", "world_size": [0.11, 0.11, 0.11], "id": 772, "camera_size": [47, 60], "camera_position": [256, 244], "world_position": [0.7272528317039061, 0.6612211056893648, -0.15006168528226177], "world_orientation": [0.9369437450677108, 0.349480153335186, 0.0002024927343558792, -0.34948014158996676, 0.936943031238318, 0.0011776451965987862, 0.00022183946755065579, -0.0011741544903358994, 0.9999992860739869], "world_rotation": [0.0033646923731251786, 2.767914545910919e-05, 0.9999943390235263, -0.35701831918348026]}], "source": "action wait"}
{"timestamp": 1706068327.791637, "objects": [{"color": "cv_", "id_name": "hand", "shape": "CVCylinder", "id_string": "ob383", "world_size": [0.12, 0.005, 0.12], "id": 383, "camera_size": [49, 49], "camera_position": [246, 193], "world_position": [0.8534091562475805, 0.6915138250762665, -0.17420203870878342], "world_orientation": [1.9774757929309843e-05, 0.022641784506918918, 0.9997436417418725, -0.000821843084567344, -0.9997433039428647, 0.0226417931125011, 0.9999996620913947, -0.0008220801342839723, -1.1616878072658965e-06], "world_rotation": [0.0, 1.0, 0.0, 0.0]}, {"color": "CVRed", "id_name": "object4773235230215", "shape": "CVBox", "id_string": "ob772", "world_size": [0.11, 0.11, 0.11], "id": 772, "camera_size": [47, 60], "camera_position": [256, 243], "world_position": [0.7295493596945227, 0.6615341004503853, -0.15006688637985693], "world_orientation": [0.9250760426524113, 0.37978184886034955, 0.0002501734775154941, -0.3797818424392561, 0.9250751750844911, 0.0012932887698306127, 0.0002597383266024551, -0.0012914018014219787, 0.9999991324083182], "world_rotation": [0.0034028424951176193, 1.2592484104093191e-05, 0.9999942102354307, -0.3895628388619981]}], "source": "action wait"}
{"timestamp": 1706068327.823251, "objects": [{"color": "cv_", "id_name": "hand", "shape": "CVCylinder", "id_string": "ob383", "world_size": [0.12, 0.005, 0.12], "id": 383, "camera_size": [49, 49], "camera_position": [246, 192], "world_position": [0.855590833675849, 0.6899580130413868, -0.17420707123802806], "world_orientation": [1.9185237517610042e-05, 0.021303574883638998, 0.9997730529120616, -0.0008239510878559681, -0.9997727133885773, 0.021303583460219124, 0.9999996603682081, -0.0008241728088649931, -1.6277732690066115e-06], "world_rotation": [0.0, 1.0, 0.0, 0.0]}, {"color": "CVRed", "id_name": "object4773235230215", "shape": "CVBox", "id_string": "ob772", "world_size": [0.11, 0.11, 0.11], "id": 772, "camera_size": [47, 61], "camera_position": [256, 243], "world_position": [0.7312189812276242, 0.6617941811181257, -0.1500712009068025], "world_orientation": [0.9159193406703242, 0.4013622669628216, 0.0003033883710015834, -0.40136228030505616, 0.9159183106709965, 0.0014028991103863383, 0.00028519180301979054, -0.001406711076615271, 0.9999989699142608], "world_rotation": [-0.0035000710844438894, 2.2668369343136252e-05, -0.9999938744755132, 0.41300637568875787]}], "source": "action wait"}
{"timestamp": 1706068327.852112, "objects": [{"color": "cv_", "id_name": "hand", "shape": "CVCylinder", "id_string": "ob383", "world_size": [0.12, 0.005, 0.12], "id": 383, "camera_size": [49, 49], "camera_position": [246, 192], "world_position": [0.8570103552880335, 0.6878968408179384, -0.17421292043112668], "world_orientation": [1.9099817732121333e-05, 0.018981969725014106, 0.9998198259989426, -0.0008254666460730573, -0.9998194852457712, 0.01898197902478617, 0.9999996591199485, -0.0008256804707846214, -3.4273870481190247e-06], "world_rotation": [0.0, 1.0, 0.0, 0.0]}, {"color": "CVRed", "id_name": "object4773235230215", "shape": "CVBox", "id_string": "ob772", "world_size": [0.11, 0.11, 0.11], "id": 772, "camera_size": [47, 62], "camera_position": [256, 242], "world_position": [0.7316748342897901, 0.6628284274007088, -0.15007318238778555], "world_orientation": [0.8977351939819848, 0.4405352705884915, 0.0004436819276340873, -0.44053541781317984, 0.8977339910227699, 0.0014923184970061032, 0.0002591105852431697, -0.0015351644387591175, 0.9999987880651909], "world_rotation": [-0.00343612043449752, 0.0002094840415844553, -0.9999940745788427, 0.4561978214087214]}], "source": "action wait"}
{"timestamp": 1706068327.881867, "objects": [{"color": "cv_", "id_name": "hand", "shape": "CVCylinder", "id_string": "ob383", "world_size": [0.12, 0.005, 0.12], "id": 383, "camera_size": [49, 49], "camera_position": [246, 192], "world_position": [0.8575780516305491, 0.683180847564768, -0.17419593149891502], "world_orientation": [1.2947785548246421e-05, 0.012959641511405506, 0.9999160202358249, -0.0008151855760272143, -0.9999156879469399, 0.012959647760433828, 0.9999996676523606, -0.0008152849156751235, -2.382181062925502e-06], "world_rotation": [0.0, 1.0, 0.0, 0.0]}, {"color": "CVRed", "id_name": "object4773235230215", "shape": "CVBox", "id_string": "ob772", "world_size": [0.11, 0.11, 0.11], "id": 772, "camera_size": [47, 65], "camera_position": [256, 244], "world_position": [0.7290211742702813, 0.6678548577905138, -0.15005886314391206], "world_orientation": [0.8215155836455246, 0.570185668945812, 0.0006698928048329377, -0.5701860397946377, 0.8215146527193709, 0.0012471530297021758, 0.0001607820295969952, -0.001406519174565682, 0.9999989979259734], "world_rotation": [-0.002327017352882368, 0.00044644157880844665, -0.999997192836138, 0.6067340193088979]}], "source": "action wait"}
{"timestamp": 1706068327.911029, "objects": [{"color": "cv_", "id_name": "hand", "shape": "CVCylinder", "id_string": "ob383", "world_size": [0.12, 0.005, 0.12], "id": 383, "camera_size": [49, 49], "camera_position": [246, 192], "world_position": [0.8579016928879641, 0.6795914831323149, -0.1741643225320742], "world_orientation": [6.629038994381322e-06, 0.008631896444237872, 0.9999627444659285, -0.0007971573713891169, -0.9999624267241349, 0.008631898986006008, 0.9999996822480401, -0.0007971848940608402, 2.5218996031529187e-07], "world_rotation": [0.0, 1.0, 0.0, 0.0]}, {"color": "CVRed", "id_name": "object4773235230215", "shape": "CVBox", "id_string": "ob772", "world_size": [0.11, 0.11, 0.11], "id": 772, "camera_size": [47, 66], "camera_position": [256, 244], "world_position": [0.7266558803557271, 0.6720023152644511, -0.15002440714123766], "world_orientation": [0.7433391312629289, 0.6689134825087352, 0.0012995581211694685, -0.6689145834219791, 0.7433388988856379, 0.0007493256219356498, -0.00046477809152600173, -0.0014262964360974245, 0.9999988748292681], "world_rotation": [-0.0016262308622541053, 0.0013188035072010096, -0.9999978080628438, 0.7327488682915875]}], "source": "action wait"}
{"timestamp": 1706068327.945546, "objects": [{"color": "cv_", "id_name": "hand", "shape": "CVCylinder", "id_string": "ob383", "world_size": [0.12, 0.005, 0.12], "id": 383, "camera_size": [49, 49], "camera_position": [246, 192], "world_position": [0.8581492989599946, 0.6772580564887576, -0.1741603365257702], "world_orientation": [6.810822503294795e-06, 0.005637962206955457, 0.9999841065415819, -0.0007939722767908331, -0.999983791343259, 0.005637965837541677, 0.9999996847807686, -0.0007939980570104333, -2.3343264187484685e-06], "world_rotation": [0.0, 1.0, 0.0, 0.0]}, {"color": "CVRed", "id_name": "object4773235230215", "shape": "CVBox", "id_string": "ob772", "world_size": [0.11, 0.11, 0.11], "id": 772, "camera_size": [47, 67], "camera_position": [256, 245], "world_position": [0.7258409299606073, 0.6723728680736428, -0.15002003193349842], "world_orientation": [0.718634119825567, 0.6953862473525799, 0.0017230250808350446, -0.6953879627668755, 0.7186342013542657, 0.0006825561159001745, -0.0007635846168358863, -0.001688679014339593, 0.9999982826493851], "world_rotation": [-0.0017049697042384483, 0.0017879265310841524, -0.9999969481938568, 0.7689613804767019]}], "source": "action wait"}
{"timestamp": 1706068327.977324, "objects": [{"color": "cv_", "id_name": "hand", "shape": "CVCylinder", "id_string": "ob383", "world_size": [0.12, 0.005, 0.12], "id": 383, "camera_size": [49, 49], "camera_position": [246, 192], "world_position": [0.8583777984397672, 0.6757282930920965, -0.1741655888367318], "world_orientation": [5.900816896256691e-06, 0.0035555099617271694, 0.9999936791370696, -0.0007963111406171573, -0.9999933620840098, 0.0035555135333510484, 0.9999996829268236, -0.0007963270876782741, -3.069485533632488e-06], "world_rotation": [0.0, 1.0, 0.0, 0.0]}, {"color": "CVRed", "id_name": "object4773235230215", "shape": "CVBox", "id_string": "ob772", "world_size": [0.11, 0.11, 0.11], "id": 772, "camera_size": [47, 67], "camera_position": [256, 245], "world_position": [0.7260189736770998, 0.6717159764238667, -0.1500239771215558], "world_orientation": [0.7169400036492485, 0.6971326670391856, 0.0017537714354177846, -0.69713449695912, 0.7169399612556747, 0.0007649210851216792, -0.0007240973488143513, -0.0017710170929697742, 0.9999981695890678], "world_rotation": [-0.0018188264374637204, 0.0017771778871673134, -0.9999967667493469, 0.771394706635535]}], "source": "action wait"}
{"timestamp": 1706068328.013797, "objects": [{"color": "cv_", "id_name": "hand", "shape": "CVCylinder", "id_string": "ob383", "world_size": [0.12, 0.005, 0.12], "id": 383, "camera_size": [49, 49], "camera_position": [246, 192], "world_position": [0.8585409194771725, 0.6746567562141568, -0.17416859479972305], "world_orientation": [4.791260039409513e-06, 0.002088536911848523, 0.9999978189929275, -0.0007982877526111064, -0.9999975003653934, 0.002088540071194684, 0.9999996813568033, -0.0007982960182788153, -3.1239946249985198e-06], "world_rotation": [0.0, 1.0, 0.0, 0.0]}, {"color": "CVRed", "id_name": "object4773235230215", "shape": "CVBox", "id_string": "ob772", "world_size": [0.11, 0.11, 0.11], "id": 772, "camera_size": [47, 67], "camera_position": [256, 245], "world_position": [0.7261440317550714, 0.6712421418913499, -0.15002612345977193], "world_orientation": [0.7157122733403063, 0.698392998808636, 0.0017779215762502138, -0.6983949146708993, 0.7157121367725608, 0.0008248868300769563, -0.0006963848634168848, -0.0018320730159396763, 0.9999980792764486], "world_rotation": [-0.0019021863268069501, 0.0017714200253802698, -0.9999966218734301, 0.7731543539983579]}], "source": "action wait"}
{"timestamp": 1706068328.055632, "objects": [{"color": "cv_", "id_name": "hand", "shape": "CVCylinder", "id_string": "ob383", "world_size": [0.12, 0.005, 0.12], "id": 383, "camera_size": [49, 49], "camera_position": [246, 192], "world_position": [0.858664844390219, 0.6739112804122904, -0.17417148880541494], "world_orientation": [4.13236968659093e-06, 0.0010561906521142888, 0.9999994422219596, -0.0008000424614868339, -0.9999991221931631, 0.001056193620176121, 0.9999996799574405, -0.0008000463798235676, -3.2873686896621543e-06], "world_rotation": [0.0, 1.0, 0.0, 0.0]}, {"color": "CVRed", "id_name": "object4773235230215", "shape": "CVBox", "id_string": "ob772", "world_size": [0.11, 0.11, 0.11], "id": 772, "camera_size": [47, 66], "camera_position": [256, 244], "world_position": [0.7262334332953828, 0.6708679143579666, -0.1500277669788252], "world_orientation": [0.7147925772201136, 0.6993341911863957, 0.0018057100259550136, -0.6993361966969591, 0.71479235354933, 0.0008805094216924026, -0.0006749373750287485, -0.0018921799806870508, 0.9999979820551943], "world_rotation": [-0.0019823681244232573, 0.0017735691316248707, -0.9999964623283196, 0.7744704673076332]}], "source": "action wait"}
{"timestamp": 1706068328.089464, "objects": [{"color": "cv_", "id_name": "hand", "shape": "CVCylinder", "id_string": "ob383", "world_size": [0.12, 0.005, 0.12], "id": 383, "camera_size": [49, 49], "camera_position": [246, 192], "world_position": [0.858753758441461, 0.6733890696696153, -0.17417381563701265], "world_orientation": [2.832328725195348e-06, 0.00032908048482213647, 0.9999999458490049, -0.000801401118900704, -0.9999996247303581, 0.0003290826489800751, 0.9999996788740608, -0.0008014020075746374, -2.5686021932248505e-06], "world_rotation": [0.0, 1.0, 0.0, 0.0]}, {"color": "CVRed", "id_name": "object4773235230215", "shape": "CVBox", "id_string": "ob772", "world_size": [0.11, 0.11, 0.11], "id": 772, "camera_size": [47, 66], "camera_position": [256, 244], "world_position": [0.7262951419218666, 0.6705956784431052, -0.15002889461749258], "world_orientation": [0.7141172733103905, 0.7000236839309971, 0.0018335472201831938, -0.700025776040324, 0.7141169699769014, 0.0009306289010122536, -0.00065790491352754, -0.0019481084889700346, 0.9999978860149856], "world_rotation": [-0.002056160749155196, 0.0017795392186733961, -0.9999963027147365, 0.7754357504402251]}], "source": "action wait"}
{"timestamp": 1706068329.336931, "objects": [{"color": "cv_", "id_name": "hand", "shape": "CVCylinder", "id_string": "ob383", "world_size": [0.12, 0.005, 0.12], "id": 383, "camera_size": [49, 49], "camera_position": [246, 192], "world_position": [0.8589349534906168, 0.6721420043122431, -0.1741642230673016], "world_orientation": [9.810836962163567e-07, -0.0014052960291084714, 0.9999990125705666, -0.0008055068278335739, -0.9999986881518014, -0.0014052947829328532, 0.9999996755788414, -0.0008055046537409867, -2.113057955391353e-06], "world_rotation": [0.0, 1.0, 0.0, 0.0]}, {"color": "CVRed", "id_name": "object4773235230215", "shape": "CVBox", "id_string": "ob772", "world_size": [0.11, 0.11, 0.11], "id": 772, "camera_size": [47, 66], "camera_position": [256, 244], "world_position": [0.72622670144553, 0.669955052741157, -0.14999906192211662], "world_orientation": [0.7104635205308399, 0.703729971156793, 0.002390332735043227, -0.7037339050305971, 0.7104613253282867, 0.0018155228341344446, -0.00042060113121446805, -0.002972020934297724, 0.9999954950829801], "world_rotation": [-0.0034015128948343396, 0.001997146815794707, -0.9999922205270511, 0.7806444379558548]}], "source": "action wait"}
{"timestamp": 1706068329.370145, "objects": [{"color": "cv_", "id_name": "hand", "shape": "CVCylinder", "id_string": "ob383", "world_size": [0.12, 0.005, 0.12], "id": 383, "camera_size": [49, 49], "camera_position": [246, 203], "world_position": [0.8306609078256942, 0.6727751372671206, -0.17410544597970615], "world_orientation": [-5.426093906605016e-05, -0.0023027388821036934, 0.9999973472211771, -0.0008061752926193155, -0.9999970236340741, -0.002302781880909201, 0.9999996735685208, -0.0008062981051222774, 5.2404366373870364e-05], "world_rotation": [0.0, 1.0, 0.0, 0.0]}, {"color": "CVRed", "id_name": "object4773235230215", "shape": "CVBox", "id_string": "ob772", "world_size": [0.11, 0.11, 0.11], "id": 772, "camera_size": [47, 66], "camera_position": [256, 256], "world_position": [0.6994273859279397, 0.669244837614356, -0.149981114576179], "world_orientation": [0.7305530695497017, 0.6828535242152478, 0.0018102591871865942, -0.682855896779166, 0.7305512183974521, 0.001655757204238886, -0.0001918474126550387, -0.0024457646686547765, 0.9999969907103501], "world_rotation": [-0.0030032003193933023, 0.0014659746714606194, -0.9999944158374607, 0.7516683496473658]}], "source": "action wait"}
{"timestamp": 1706068329.403511, "objects": [{"color": "cv_", "id_name": "hand", "shape": "CVCylinder", "id_string": "ob383", "world_size": [0.12, 0.005, 0.12], "id": 383, "camera_size": [49, 48], "camera_position": [246, 217], "world_position": [0.7950212149736475, 0.675408756371514, -0.1741112440123528], "world_orientation": [-3.695329974672423e-05, -0.002071662630584211, 0.9999978534218956, -0.0007940568266740497, -0.9999975387813828, -0.002071691321836387, 0.999999684054055, -0.0007941316779998173, 3.530819094254028e-05], "world_rotation": [0.0, 1.0, 0.0, 0.0]}, {"color": "CVRed", "id_name": "object4773235230215", "shape": "CVBox", "id_string": "ob772", "world_size": [0.11, 0.11, 0.11], "id": 772, "camera_size": [47, 66], "camera_position": [256, 271], "world_position": [0.6632756869579141, 0.6712704276015897, -0.14998421562348854], "world_orientation": [0.72639214274834, 0.6872729843279765, -0.0032093560712985517, -0.6872720918135907, 0.7263984277118898, 0.0015479120988963388, 0.003395109371844744, 0.0010813096741926107, 0.9999936519807223], "world_rotation": [0.0003394555914632518, 0.004804781554070016, 0.9999883993547719, -0.7577385589236751]}], "source": "action wait"}
{"timestamp": 1706068329.436227, "objects": [{"color": "cv_", "id_name": "hand", "shape": "CVCylinder", "id_string": "ob383", "world_size": [0.12, 0.005, 0.12], "id": 383, "camera_size": [49, 49], "camera_position": [246, 228], "world_position": [0.7695970792602405, 0.6759158663754905, -0.17412420798222222], "world_orientation": [-2.1105764662460662e-05, -0.0018523128352280966, 0.9999982842443818, -0.0007934067613653371, -0.9999979696894361, -0.0018523289980576442, 0.9999996850300793, -0.000793444494893508, 1.9636084283929994e-05], "world_rotation": [0.0, 1.0, 0.0, 0.0]}, {"color": "CVRed", "id_name": "object4773235230215", "shape": "CVBox", "id_string": "ob772", "world_size": [0.11, 0.11, 0.11], "id": 772, "camera_size": [47, 66], "camera_position": [256, 282], "world_position": [0.6376966858749481, 0.6717394746330934, -0.14999148806722346], "world_orientation": [0.7261435260712092, 0.6874742640876036, -0.009732202324188616, -0.6874955478338883, 0.726187068381383, 0.0014877581235821931, 0.008090194895847036, 0.005610519838699233, 0.9999515342323781], "world_rotation": [-0.0029981726533178793, 0.01296088099531664, 0.9999115093469851, -0.758103764161333]}], "source": "action wait"}
{"timestamp": 1706068329.466676, "objects": [{"color": "cv_", "id_name": "hand", "shape": "CVCylinder", "id_string": "ob383", "world_size": [0.12, 0.005, 0.12], "id": 383, "camera_size": [49, 49], "camera_position": [246, 235], "world_position": [0.7516541909904866, 0.6755740627612205, -0.17412281608106497], "world_orientation": [-1.8131215539847807e-05, -0.0016973874634787498, 0.9999985592724913, -0.0007956044138477176, -0.9999982429195902, -0.0016974013518000588, 0.9999996833423878, -0.0007956340435486697, 1.6780734724275752e-05], "world_rotation": [0.0, 1.0, 0.0, 0.0]}, {"color": "CVRed", "id_name": "object4773235230215", "shape": "CVBox", "id_string": "ob772", "world_size": [0.11, 0.11, 0.11], "id": 772, "camera_size": [47, 67], "camera_position": [256, 290], "world_position": [0.6198838619520666, 0.671443623599431, -0.1499925999768252], "world_orientation": [0.7277904672692888, 0.6856982449826731, -0.01178781487946721, -0.6857328308435677, 0.7278519172475937, 0.0014391880590260185, 0.009566632386454083, 0.007035864316790049, 0.9999294855929083], "world_rotation": [-0.004080373725785651, 0.01556890581828152, 0.9998704714721199, -0.755708351795391]}], "source": "action wait"}
