{"timestamp": 1706031724.665602, "objects": [{"color": "cv_", "id_name": "hand", "shape": "CVCylinder", "id_string": "ob382", "world_size": [0.12, 0.005, 0.12], "id": 382, "camera_size": [48, 50], "camera_position": [246, 426], "world_position": [0.26764451554002633, 0.6334703013847396, -0.17389260400847836], "world_orientation": [-0.0006415511177966549, 0.19791547486656424, 0.9802188802611924, -0.0007473675183742631, -0.9802189031249371, 0.1979149903325615, 0.9999995149268602, -0.0006056111687281245, 0.0007767761302845323], "world_rotation": [0.0, 1.0, 0.0, 0.0]}, {"color": "CVPurple", "id_name": "object42236973466014", "shape": "CVBox", "id_string": "ob1226", "world_size": [0.1, 0.1, 0.1], "id": 1226, "camera_size": [41, 41], "camera_position": [256, 254], "world_position": [0.705, 0.6498037932383656, -0.15], "world_orientation": [1.0, 2.1316282072802963e-17, -9.624447840080312e-18, -2.1316282072802963e-17, 1.0, -1.5774048733874193e-16, 9.624447840080312e-18, 1.5774048733874193e-16, 1.0], "world_rotation": [-0.9891858493133231, 0.06035462278252622, 0.13367376342071935, -1.5946496550495827e-16]}], "source": "manual check"}
{"timestamp": 1706031725.675605, "objects": [{"color": "cv_", "id_name": "hand", "shape": "CVCylinder", "id_string": "ob382", "world_size": [0.12, 0.005, 0.12], "id": 382, "camera_size": [48, 50], "camera_position": [246, 426], "world_position": [0.26764451554002633, 0.6334703013847396, -0.17389260400847836], "world_orientation": [-0.0006415511177966549, 0.19791547486656424, 0.9802188802611924, -0.0007473675183742631, -0.9802189031249371, 0.1979149903325615, 0.9999995149268602, -0.0006056111687281245, 0.0007767761302845323], "world_rotation": [0.0, 1.0, 0.0, 0.0]}, {"color": "CVPurple", "id_name": "object42236973466014", "shape": "CVBox", "id_string": "ob1226", "world_size": [0.1, 0.1, 0.1], "id": 1226, "camera_size": [41, 41], "camera_position": [256, 254], "world_position": [0.705, 0.6498037994254439, -0.15], "world_orientation": [1.0, 8.100187187665134e-17, -1.2653630886983698e-17, -8.100187187665134e-17, 1.0, -1.9397816686250694e-16, 1.2653630886983698e-17, 1.9397816686250694e-16, 1.0], "world_rotation": [-0.9211093596285536, 0.06008602943210125, 0.38463907325148433, -2.1059189642881336e-16]}], "source": "manual check"}
{"timestamp": 1706031728.075678, "objects": [{"color": "cv_", "id_name": "hand", "shape": "CVCylinder", "id_string": "ob382", "world_size": [0.12, 0.005, 0.12], "id": 382, "camera_size": [48, 50], "camera_position": [246, 426], "world_position": [0.26764451554002633, 0.6334703013847396, -0.17389260400847836], "world_orientation": [-0.0006415511177966549, 0.19791547486656424, 0.9802188802611924, -0.0007473675183742631, -0.9802189031249371, 0.1979149903325615, 0.9999995149268602, -0.0006056111687281245, 0.0007767761302845323], "world_rotation": [0.0, 1.0, 0.0, 0.0]}, {"color": "CVPurple", "id_name": "object42236973466014", "shape": "CVBox", "id_string": "ob1226", "world_size": [0.1, 0.1, 0.1], "id": 1226, "camera_size": [41, 41], "camera_position": [256, 254], "world_position": [0.705, 0.6498037994254439, -0.15], "world_orientation": [1.0, 8.100187187665134e-17, -1.2653630886983698e-17, -8.100187187665134e-17, 1.0, -1.9397816686250694e-16, 1.2653630886983698e-17, 1.9397816686250694e-16, 1.0], "world_rotation": [-0.9211093596285536, 0.06008602943210125, 0.38463907325148433, -2.1059189642881336e-16]}], "source": "action wait"}
{"timestamp": 1706031728.107474, "objects": [{"color": "cv_", "id_name": "hand", "shape": "CVCylinder", "id_string": "ob382", "world_size": [0.12, 0.005, 0.12], "id": 382, "camera_size": [49, 51], "camera_position": [246, 421], "world_position": [0.29182319538692303, 0.668428575543645, -0.17395575576739453], "world_orientation": [-0.00037764514932745033, 0.20473821601779837, 0.9788166939146423, -0.0007134807635844497, -0.9788165697414832, 0.20473791477085188, 0.9999996741646177, -0.0006210486017870757, 0.0005157221083439329], "world_rotation": [0.0, 1.0, 0.0, 0.0]}, {"color": "CVPurple", "id_name": "object42236973466014", "shape": "CVBox", "id_string": "ob1226", "world_size": [0.1, 0.1, 0.1], "id": 1226, "camera_size": [41, 41], "camera_position": [256, 254], "world_position": [0.705, 0.6498037994254439, -0.15], "world_orientation": [1.0, 8.100187187665134e-17, -1.2653630886983698e-17, -8.100187187665134e-17, 1.0, -1.9397816686250694e-16, 1.2653630886983698e-17, 1.9397816686250694e-16, 1.0], "world_rotation": [-0.9211093596285536, 0.06008602943210125, 0.38463907325148433, -2.1059189642881336e-16]}], "source": "action wait"}
{"timestamp": 1706031728.142287, "objects": [{"color": "cv_", "id_name": "hand", "shape": "CVCylinder", "id_string": "ob382", "world_size": [0.12, 0.005, 0.12], "id": 382, "camera_size": [51, 52], "camera_position": [246, 405], "world_position": [0.33836158257216165, 0.7071558659849353, -0.17398350537313914], "world_orientation": [-0.00021408966106967295, 0.19815881030609953, 0.9801699036716484, -0.0007291430256409032, -0.9801696965138775, 0.1981586091653385, 0.999999711257991, -0.0006722603397313363, 0.0003543303126218407], "world_rotation": [0.0, 1.0, 0.0, 0.0]}, {"color": "CVPurple", "id_name": "object42236973466014", "shape": "CVBox", "id_string": "ob1226", "world_size": [0.1, 0.1, 0.1], "id": 1226, "camera_size": [41, 41], "camera_position": [256, 254], "world_position": [0.705, 0.6498037994254439, -0.15], "world_orientation": [1.0, 8.100187187665134e-17, -1.2653630886983698e-17, -8.100187187665134e-17, 1.0, -1.9397816686250694e-16, 1.2653630886983698e-17, 1.9397816686250694e-16, 1.0], "world_rotation": [-0.9211093596285536, 0.06008602943210125, 0.38463907325148433, -2.1059189642881336e-16]}], "source": "action wait"}
{"timestamp": 1706031728.177693, "objects": [{"color": "cv_", "id_name": "hand", "shape": "CVCylinder", "id_string": "ob382", "world_size": [0.12, 0.005, 0.12], "id": 382, "camera_size": [51, 53], "camera_position": [246, 388], "world_position": [0.3892877397603597, 0.7408586172852215, -0.17400407762524764], "world_orientation": [-0.00010770001842461887, 0.1934468466894092, 0.9811107510911448, -0.0007400511880278305, -0.9811105035343071, 0.1934467166402627, 0.9999997203624337, -0.0007052379619858285, 0.00024882618802039445], "world_rotation": [0.0, 1.0, 0.0, 0.0]}, {"color": "CVPurple", "id_name": "object42236973466014", "shape": "CVBox", "id_string": "ob1226", "world_size": [0.1, 0.1, 0.1], "id": 1226, "camera_size": [41, 41], "camera_position": [256, 254], "world_position": [0.705, 0.6498037994254439, -0.15], "world_orientation": [1.0, 8.100187187665134e-17, -1.2653630886983698e-17, -8.100187187665134e-17, 1.0, -1.9397816686250694e-16, 1.2653630886983698e-17, 1.9397816686250694e-16, 1.0], "world_rotation": [-0.9211093596285536, 0.06008602943210125, 0.38463907325148433, -2.1059189642881336e-16]}], "source": "action wait"}
{"timestamp": 1706031728.212274, "objects": [{"color": "cv_", "id_name": "hand", "shape": "CVCylinder", "id_string": "ob382", "world_size": [0.12, 0.005, 0.12], "id": 382, "camera_size": [52, 53], "camera_position": [245, 367], "world_position": [0.4436658119516441, 0.7691758417811205, -0.1740226749266589], "world_orientation": [-3.280812538430856e-05, 0.19011960733306718, 0.9817609351726861, -0.0007472470661496111, -0.9817606662650065, 0.19011953028742923, 0.9999997202726855, -0.000727380513080699, 0.00017427604583378193], "world_rotation": [0.0, 1.0, 0.0, 0.0]}, {"color": "CVPurple", "id_name": "object42236973466014", "shape": "CVBox", "id_string": "ob1226", "world_size": [0.1, 0.1, 0.1], "id": 1226, "camera_size": [41, 41], "camera_position": [256, 254], "world_position": [0.705, 0.6498037994254439, -0.15], "world_orientation": [1.0, 8.100187187665134e-17, -1.2653630886983698e-17, -8.100187187665134e-17, 1.0, -1.9397816686250694e-16, 1.2653630886983698e-17, 1.9397816686250694e-16, 1.0], "world_rotation": [-0.9211093596285536, 0.06008602943210125, 0.38463907325148433, -2.1059189642881336e-16]}], "source": "action wait"}
{"timestamp": 1706031728.248245, "objects": [{"color": "cv_", "id_name": "hand", "shape": "CVCylinder", "id_string": "ob382", "world_size": [0.12, 0.005, 0.12], "id": 382, "camera_size": [53, 54], "camera_position": [245, 343], "world_position": [0.5008341827483128, 0.7918366107157601, -0.17403890385071172], "world_orientation": [1.9815376924268448e-05, 0.18776930332406208, 0.9822131582994331, -0.0007520776246166829, -0.982212877913883, 0.18776926489544077, 0.9999997169932588, -0.0007424212577200541, 0.00012175417322458214], "world_rotation": [0.0, 1.0, 0.0, 0.0]}, {"color": "CVPurple", "id_name": "object42236973466014", "shape": "CVBox", "id_string": "ob1226", "world_size": [0.1, 0.1, 0.1], "id": 1226, "camera_size": [41, 41], "camera_position": [256, 254], "world_position": [0.705, 0.6498037994254439, -0.15], "world_orientation": [1.0, 8.100187187665134e-17, -1.2653630886983698e-17, -8.100187187665134e-17, 1.0, -1.9397816686250694e-16, 1.2653630886983698e-17, 1.9397816686250694e-16, 1.0], "world_rotation": [-0.9211093596285536, 0.06008602943210125, 0.38463907325148433, -2.1059189642881336e-16]}], "source": "action wait"}
{"timestamp": 1706031728.281626, "objects": [{"color": "cv_", "id_name": "hand", "shape": "CVCylinder", "id_string": "ob382", "world_size": [0.12, 0.005, 0.12], "id": 382, "camera_size": [54, 54], "camera_position": [245, 318], "world_position": [0.5601412103038308, 0.8086174380411185, -0.1740526126937795], "world_orientation": [5.667755420109938e-05, 0.18610759198817542, 0.9825293690226352, -0.0007553771556132958, -0.9825290823198951, 0.1861075812560518, 0.9999997130964626, -0.0007527283626030128, 8.489407815715111e-05], "world_rotation": [0.0, 1.0, 0.0, 0.0]}, {"color": "CVPurple", "id_name": "object42236973466014", "shape": "CVBox", "id_string": "ob1226", "world_size": [0.1, 0.1, 0.1], "id": 1226, "camera_size": [41, 41], "camera_position": [256, 254], "world_position": [0.705, 0.6498037994254439, -0.15], "world_orientation": [1.0, 8.100187187665134e-17, -1.2653630886983698e-17, -8.100187187665134e-17, 1.0, -1.9397816686250694e-16, 1.2653630886983698e-17, 1.9397816686250694e-16, 1.0], "world_rotation": [-0.9211093596285536, 0.06008602943210125, 0.38463907325148433, -2.1059189642881336e-16]}], "source": "action wait"}
{"timestamp": 1706031728.311097, "objects": [{"color": "cv_", "id_name": "hand", "shape": "CVCylinder", "id_string": "ob382", "world_size": [0.12, 0.005, 0.12], "id": 382, "camera_size": [54, 54], "camera_position": [245, 291], "world_position": [0.6211157588738403, 0.8141768087367359, -0.174063148168869], "world_orientation": [7.76509036313881e-05, 0.17754858409151467, 0.9841120333871727, -0.0007644024018053975, -0.9841117383016318, 0.1775485911684708, 0.9999997048296091, -0.000766044410509747, 5.930139836374672e-05], "world_rotation": [0.0, 1.0, 0.0, 0.0]}, {"color": "CVPurple", "id_name": "object42236973466014", "shape": "CVBox", "id_string": "ob1226", "world_size": [0.1, 0.1, 0.1], "id": 1226, "camera_size": [41, 41], "camera_position": [256, 254], "world_position": [0.705, 0.6498037994254439, -0.15], "world_orientation": [1.0, 8.100187187665134e-17, -1.2653630886983698e-17, -8.100187187665134e-17, 1.0, -1.9397816686250694e-16, 1.2653630886983698e-17, 1.9397816686250694e-16, 1.0], "world_rotation": [-0.9211093596285536, 0.06008602943210125, 0.38463907325148433, -2.1059189642881336e-16]}], "source": "action wait"}
{"timestamp": 1706031728.343661, "objects": [{"color": "cv_", "id_name": "hand", "shape": "CVCylinder", "id_string": "ob382", "world_size": [0.12, 0.005, 0.12], "id": 382, "camera_size": [53, 53], "camera_position": [245, 263], "world_position": [0.6832435877889216, 0.794822217057905, -0.17407086513352654], "world_orientation": [6.942447229008866e-05, 0.14272611471562424, 0.9897622196055096, -0.0007772226804097589, -0.9897619153440609, 0.1427261253567864, 0.9999996955525277, -0.0007791743312253092, 4.2216274778572024e-05], "world_rotation": [0.0, 1.0, 0.0, 0.0]}, {"color": "CVPurple", "id_name": "object42236973466014", "shape": "CVBox", "id_string": "ob1226", "world_size": [0.1, 0.1, 0.1], "id": 1226, "camera_size": [41, 41], "camera_position": [256, 254], "world_position": [0.705, 0.6498037994254439, -0.15], "world_orientation": [1.0, 8.100187187665134e-17, -1.2653630886983698e-17, -8.100187187665134e-17, 1.0, -1.9397816686250694e-16, 1.2653630886983698e-17, 1.9397816686250694e-16, 1.0], "world_rotation": [-0.9211093596285536, 0.06008602943210125, 0.38463907325148433, -2.1059189642881336e-16]}], "source": "action wait"}
{"timestamp": 1706031728.377174, "objects": [{"color": "cv_", "id_name": "hand", "shape": "CVCylinder", "id_string": "ob382", "world_size": [0.12, 0.005, 0.12], "id": 382, "camera_size": [52, 52], "camera_position": [245, 239], "world_position": [0.7375081524785123, 0.7639524237392962, -0.17407257380758973], "world_orientation": [3.729279540957371e-05, 0.10032854498770773, 0.9949543616015243, -0.0007768389951991959, -0.9949540591698341, 0.10032854360871656, 0.9999996975651657, -0.0007766608783864595, 4.083450790790155e-05], "world_rotation": [0.0, 1.0, 0.0, 0.0]}, {"color": "CVPurple", "id_name": "object42236973466014", "shape": "CVBox", "id_string": "ob1226", "world_size": [0.1, 0.1, 0.1], "id": 1226, "camera_size": [41, 41], "camera_position": [256, 254], "world_position": [0.705, 0.6498037994254439, -0.15], "world_orientation": [1.0, 8.100187187665134e-17, -1.2653630886983698e-17, -8.100187187665134e-17, 1.0, -1.9397816686250694e-16, 1.2653630886983698e-17, 1.9397816686250694e-16, 1.0], "world_rotation": [-0.9211093596285536, 0.06008602943210125, 0.38463907325148433, -2.1059189642881336e-16]}], "source": "action wait"}
{"timestamp": 1706031728.4107, "objects": [{"color": "cv_", "id_name": "hand", "shape": "CVCylinder", "id_string": "ob382", "world_size": [0.12, 0.005, 0.12], "id": 382, "camera_size": [51, 51], "camera_position": [246, 224], "world_position": [0.7747878477439748, 0.738645235563282, -0.17407401283437676], "world_orientation": [1.2650047245121388e-05, 0.07025620734172795, 0.9975289796140925, -0.0007700813629264454, -0.9975286832294934, 0.0702561962329862, 0.9999997034072915, -0.0007690672203817966, 4.148421093293292e-05], "world_rotation": [0.0, 1.0, 0.0, 0.0]}, {"color": "CVPurple", "id_name": "object42236973466014", "shape": "CVBox", "id_string": "ob1226", "world_size": [0.1, 0.1, 0.1], "id": 1226, "camera_size": [41, 41], "camera_position": [256, 254], "world_position": [0.705, 0.6498037994254439, -0.15], "world_orientation": [1.0, 8.100187187665134e-17, -1.2653630886983698e-17, -8.100187187665134e-17, 1.0, -1.9397816686250694e-16, 1.2653630886983698e-17, 1.9397816686250694e-16, 1.0], "world_rotation": [-0.9211093596285536, 0.06008602943210125, 0.38463907325148433, -2.1059189642881336e-16]}], "source": "action wait"}
{"timestamp": 1706031728.444432, "objects": [{"color": "cv_", "id_name": "hand", "shape": "CVCylinder", "id_string": "ob382", "world_size": [0.12, 0.005, 0.12], "id": 382, "camera_size": [51, 51], "camera_position": [246, 214], "world_position": [0.8003613174141493, 0.7191633616864439, -0.1740775577269839], "world_orientation": [-6.456521510012038e-07, 0.04902202839957371, 0.9987976976000568, -0.0007650490732318616, -0.9987974053262485, 0.04902201355992179, 0.9999997073497066, -0.0007640976017268841, 3.814913308858479e-05], "world_rotation": [0.0, 1.0, 0.0, 0.0]}, {"color": "CVPurple", "id_name": "object42236973466014", "shape": "CVBox", "id_string": "ob1226", "world_size": [0.1, 0.1, 0.1], "id": 1226, "camera_size": [41, 41], "camera_position": [256, 254], "world_position": [0.705, 0.6498037994254439, -0.15], "world_orientation": [1.0, 8.100187187665134e-17, -1.2653630886983698e-17, -8.100187187665134e-17, 1.0, -1.9397816686250694e-16, 1.2653630886983698e-17, 1.9397816686250694e-16, 1.0], "world_rotation": [-0.9211093596285536, 0.06008602943210125, 0.38463907325148433, -2.1059189642881336e-16]}], "source": "action wait"}
{"timestamp": 1706031728.479623, "objects": [{"color": "cv_", "id_name": "hand", "shape": "CVCylinder", "id_string": "ob382", "world_size": [0.12, 0.005, 0.12], "id": 382, "camera_size": [49, 50], "camera_position": [246, 207], "world_position": [0.8179908354066093, 0.7046586576570192, -0.17408176344046772], "world_orientation": [-7.2902919202321326e-06, 0.034043973974127666, 0.9994203358862078, -0.0007619740742361387, -0.9994200459678723, 0.034043958540195755, 0.9999997096711389, -0.000761284194814134, 3.3226689438669136e-05], "world_rotation": [0.0, 1.0, 0.0, 0.0]}, {"color": "CVPurple", "id_name": "object42236973466014", "shape": "CVBox", "id_string": "ob1226", "world_size": [0.1, 0.1, 0.1], "id": 1226, "camera_size": [41, 41], "camera_position": [256, 254], "world_position": [0.705, 0.6498037994254439, -0.15], "world_orientation": [1.0, 8.100187187665134e-17, -1.2653630886983698e-17, -8.100187187665134e-17, 1.0, -1.9397816686250694e-16, 1.2653630886983698e-17, 1.9397816686250694e-16, 1.0], "world_rotation": [-0.9211093596285536, 0.06008602943210125, 0.38463907325148433, -2.1059189642881336e-16]}], "source": "action wait"}
{"timestamp": 1706031728.516023, "objects": [{"color": "cv_", "id_name": "hand", "shape": "CVCylinder", "id_string": "ob382", "world_size": [0.12, 0.005, 0.12], "id": 382, "camera_size": [49, 50], "camera_position": [246, 202], "world_position": [0.8302042641274815, 0.6940763591651107, -0.1740858761749109], "world_orientation": [-1.0164513872084565e-05, 0.02348409920831503, 0.9997242104605935, -0.0007604202111099335, -0.999723921653999, 0.02348408469264758, 0.999999710828851, -0.0007599717908658835, 2.801949134799314e-05], "world_rotation": [0.0, 1.0, 0.0, 0.0]}, {"color": "CVPurple", "id_name": "object42236973466014", "shape": "CVBox", "id_string": "ob1226", "world_size": [0.1, 0.1, 0.1], "id": 1226, "camera_size": [41, 41], "camera_position": [256, 254], "world_position": [0.705, 0.6498037994254439, -0.15], "world_orientation": [1.0, 8.100187187665134e-17, -1.2653630886983698e-17, -8.100187187665134e-17, 1.0, -1.9397816686250694e-16, 1.2653630886983698e-17, 1.9397816686250694e-16, 1.0], "world_rotation": [-0.9211093596285536, 0.06008602943210125, 0.38463907325148433, -2.1059189642881336e-16]}], "source": "action wait"}
{"timestamp": 1706031728.548809, "objects": [{"color": "cv_", "id_name": "hand", "shape": "CVCylinder", "id_string": "ob382", "world_size": [0.12, 0.005, 0.12], "id": 382, "camera_size": [49, 49], "camera_position": [246, 199], "world_position": [0.8387017978989642, 0.686454160332408, -0.17408955003100332], "world_orientation": [-1.097285975185978e-05, 0.01604087388140707, 0.999871336845255, -0.0007598681645537863, -0.9998710483764861, 0.01604086091452121, 0.9999997112399427, -0.0007595943834017887, 2.316039417825384e-05], "world_rotation": [0.0, 1.0, 0.0, 0.0]}, {"color": "CVPurple", "id_name": "object42236973466014", "shape": "CVBox", "id_string": "ob1226", "world_size": [0.1, 0.1, 0.1], "id": 1226, "camera_size": [41, 41], "camera_position": [256, 254], "world_position": [0.705, 0.6498037994254439, -0.15], "world_orientation": [1.0, 8.100187187665134e-17, -1.2653630886983698e-17, -8.100187187665134e-17, 1.0, -1.9397816686250694e-16, 1.2653630886983698e-17, 1.9397816686250694e-16, 1.0], "world_rotation": [-0.9211093596285536, 0.06008602943210125, 0.38463907325148433, -2.1059189642881336e-16]}], "source": "action wait"}
{"timestamp": 1706031728.578245, "objects": [{"color": "cv_", "id_name": "hand", "shape": "CVCylinder", "id_string": "ob382", "world_size": [0.12, 0.005, 0.12], "id": 382, "camera_size": [49, 49], "camera_position": [246, 197], "world_position": [0.844634377733755, 0.6810095243319848, -0.17409266523577785], "world_orientation": [-1.0742273824158153e-05, 0.010794962004618465, 0.9999417326424187, -0.0007598996833110441, -0.9999414440812506, 0.010794950725904365, 0.9999997112184957, -0.0007597394436482225, 1.8944733009477525e-05], "world_rotation": [0.0, 1.0, 0.0, 0.0]}, {"color": "CVPurple", "id_name": "object42236973466014", "shape": "CVBox", "id_string": "ob1226", "world_size": [0.1, 0.1, 0.1], "id": 1226, "camera_size": [41, 41], "camera_position": [256, 254], "world_position": [0.705, 0.6498037994254439, -0.15], "world_orientation": [1.0, 8.100187187665134e-17, -1.2653630886983698e-17, -8.100187187665134e-17, 1.0, -1.9397816686250694e-16, 1.2653630886983698e-17, 1.9397816686250694e-16, 1.0], "world_rotation": [-0.9211093596285536, 0.06008602943210125, 0.38463907325148433, -2.1059189642881336e-16]}], "source": "action wait"}
{"timestamp": 1706031728.610311, "objects": [{"color": "cv_", "id_name": "hand", "shape": "CVCylinder", "id_string": "ob382", "world_size": [0.12, 0.005, 0.12], "id": 382, "camera_size": [49, 49], "camera_position": [246, 196], "world_position": [0.8487872487071026, 0.6771415410452541, -0.17409521987175697], "world_orientation": [-1.0025264831894226e-05, 0.007097807113614881, 0.9999748101995729, -0.0007602256776250221, -0.9999745213396173, 0.007097797441635602, 0.999999710978165, -0.0007601353703932086, 1.542094462454263e-05], "world_rotation": [0.0, 1.0, 0.0, 0.0]}, {"color": "CVPurple", "id_name": "object42236973466014", "shape": "CVBox", "id_string": "ob1226", "world_size": [0.1, 0.1, 0.1], "id": 1226, "camera_size": [41, 41], "camera_position": [256, 254], "world_position": [0.705, 0.6498037994254439, -0.15], "world_orientation": [1.0, 8.100187187665134e-17, -1.2653630886983698e-17, -8.100187187665134e-17, 1.0, -1.9397816686250694e-16, 1.2653630886983698e-17, 1.9397816686250694e-16, 1.0], "world_rotation": [-0.9211093596285536, 0.06008602943210125, 0.38463907325148433, -2.1059189642881336e-16]}], "source": "action wait"}
{"timestamp": 1706031728.635551, "objects": [{"color": "cv_", "id_name": "hand", "shape": "CVCylinder", "id_string": "ob382", "world_size": [0.12, 0.005, 0.12], "id": 382, "camera_size": [49, 48], "camera_position": [246, 194], "world_position": [0.8517001221917659, 0.6744035334207852, -0.17409726725841881], "world_orientation": [-9.152778226291452e-06, 0.004492159047330263, 0.9999899101607577, -0.0007606664811489828, -0.9999896209300486, 0.00449215078576535, 0.9999997106513236, -0.0007606176904869415, 1.2569718044626287e-05], "world_rotation": [0.0, 1.0, 0.0, 0.0]}, {"color": "CVPurple", "id_name": "object42236973466014", "shape": "CVBox", "id_string": "ob1226", "world_size": [0.1, 0.1, 0.1], "id": 1226, "camera_size": [41, 41], "camera_position": [256, 254], "world_position": [0.705, 0.6498037994254439, -0.15], "world_orientation": [1.0, 8.100187187665134e-17, -1.2653630886983698e-17, -8.100187187665134e-17, 1.0, -1.9397816686250694e-16, 1.2653630886983698e-17, 1.9397816686250694e-16, 1.0], "world_rotation": [-0.9211093596285536, 0.06008602943210125, 0.38463907325148433, -2.1059189642881336e-16]}], "source": "action wait"}
{"timestamp": 1706031728.677376, "objects": [{"color": "cv_", "id_name": "hand", "shape": "CVCylinder", "id_string": "ob382", "world_size": [0.12, 0.005, 0.12], "id": 382, "camera_size": [49, 49], "camera_position": [246, 194], "world_position": [0.8537462741335462, 0.6724699823332523, -0.1740988811931402], "world_orientation": [-8.278419894905542e-06, 0.002655737550508142, 0.9999964734885474, -0.000761119913231242, -0.999996183888765, 0.0026557304805123034, 0.9999997103139309, -0.000761095243881447, 1.0299723037907017e-05], "world_rotation": [0.0, 1.0, 0.0, 0.0]}, {"color": "CVPurple", "id_name": "object42236973466014", "shape": "CVBox", "id_string": "ob1226", "world_size": [0.1, 0.1, 0.1], "id": 1226, "camera_size": [41, 41], "camera_position": [256, 254], "world_position": [0.705, 0.6498037994254439, -0.15], "world_orientation": [1.0, 8.100187187665134e-17, -1.2653630886983698e-17, -8.100187187665134e-17, 1.0, -1.9397816686250694e-16, 1.2653630886983698e-17, 1.9397816686250694e-16, 1.0], "world_rotation": [-0.9211093596285536, 0.06008602943210125, 0.38463907325148433, -2.1059189642881336e-16]}], "source": "action wait"}
{"timestamp": 1706031728.712423, "objects": [{"color": "cv_", "id_name": "hand", "shape": "CVCylinder", "id_string": "ob382", "world_size": [0.12, 0.005, 0.12], "id": 382, "camera_size": [49, 49], "camera_position": [246, 193], "world_position": [0.8551851585809155, 0.6711066274854925, -0.1741001377913925], "world_orientation": [-7.486575495759344e-06, 0.0013614206972561154, 0.9999990732383888, -0.0007615344293226007, -0.9999987833070582, 0.0013614146012473824, 0.9999997100045902, -0.0007615235312289351, 8.523335121013896e-06], "world_rotation": [0.0, 1.0, 0.0, 0.0]}, {"color": "CVPurple", "id_name": "object42236973466014", "shape": "CVBox", "id_string": "ob1226", "world_size": [0.1, 0.1, 0.1], "id": 1226, "camera_size": [41, 41], "camera_position": [256, 254], "world_position": [0.705, 0.6498037994254439, -0.15], "world_orientation": [1.0, 8.100187187665134e-17, -1.2653630886983698e-17, -8.100187187665134e-17, 1.0, -1.9397816686250694e-16, 1.2653630886983698e-17, 1.9397816686250694e-16, 1.0], "world_rotation": [-0.9211093596285536, 0.06008602943210125, 0.38463907325148433, -2.1059189642881336e-16]}], "source": "action wait"}
{"timestamp": 1706031728.746176, "objects": [{"color": "cv_", "id_name": "hand", "shape": "CVCylinder", "id_string": "ob382", "world_size": [0.12, 0.005, 0.12], "id": 382, "camera_size": [49, 49], "camera_position": [246, 193], "world_position": [0.8561978062097954, 0.6701462556751983, -0.17410110685788077], "world_orientation": [-6.807178373746856e-06, 0.00044915452181836613, 0.999999899106934, -0.0007618889230748707, -0.9999996088950538, 0.0004491492051543856, 0.9999997097394235, -0.0007618857887672068, 7.149381566712905e-06], "world_rotation": [0.0, 1.0, 0.0, 0.0]}, {"color": "CVPurple", "id_name": "object42236973466014", "shape": "CVBox", "id_string": "ob1226", "world_size": [0.1, 0.1, 0.1], "id": 1226, "camera_size": [41, 41], "camera_position": [256, 254], "world_position": [0.705, 0.6498037994254439, -0.15], "world_orientation": [1.0, 8.100187187665134e-17, -1.2653630886983698e-17, -8.100187187665134e-17, 1.0, -1.9397816686250694e-16, 1.2653630886983698e-17, 1.9397816686250694e-16, 1.0], "world_rotation": [-0.9211093596285536, 0.06008602943210125, 0.38463907325148433, -2.1059189642881336e-16]}], "source": "action wait"}
{"timestamp": 1706031728.780181, "objects": [{"color": "cv_", "id_name": "hand", "shape": "CVCylinder", "id_string": "ob382", "world_size": [0.12, 0.005, 0.12], "id": 382, "camera_size": [49, 48], "camera_position": [246, 192], "world_position": [0.8569108919729655, 0.6694701515660746, -0.17410184852575583], "world_orientation": [-6.244162387689337e-06, -0.00019385191726965502, 0.9999999811912222, -0.0007621793413661176, -0.9999996907510835, -0.000193856620138578, 0.999999709521789, -0.0007621805375030711, 6.0964105304261885e-06], "world_rotation": [0.0, 1.0, 0.0, 0.0]}, {"color": "CVPurple", "id_name": "object42236973466014", "shape": "CVBox", "id_string": "ob1226", "world_size": [0.1, 0.1, 0.1], "id": 1226, "camera_size": [41, 41], "camera_position": [256, 254], "world_position": [0.705, 0.6498037994254439, -0.15], "world_orientation": [1.0, 8.100187187665134e-17, -1.2653630886983698e-17, -8.100187187665134e-17, 1.0, -1.9397816686250694e-16, 1.2653630886983698e-17, 1.9397816686250694e-16, 1.0], "world_rotation": [-0.9211093596285536, 0.06008602943210125, 0.38463907325148433, -2.1059189642881336e-16]}], "source": "action wait"}
{"timestamp": 1706031728.811707, "objects": [{"color": "cv_", "id_name": "hand", "shape": "CVCylinder", "id_string": "ob382", "world_size": [0.12, 0.005, 0.12], "id": 382, "camera_size": [49, 48], "camera_position": [246, 192], "world_position": [0.8574132441286904, 0.6689943299187278, -0.17410241264873114], "world_orientation": [-5.788689924163699e-06, -0.0006470847664653709, 0.9999997906238761, -0.0007624102551921057, -0.9999995000030949, -0.0006470889917663117, 0.9999997093485047, -0.0007624138413595241, 5.295342968269084e-06], "world_rotation": [0.0, 1.0, 0.0, 0.0]}, {"color": "CVPurple", "id_name": "object42236973466014", "shape": "CVBox", "id_string": "ob1226", "world_size": [0.1, 0.1, 0.1], "id": 1226, "camera_size": [41, 41], "camera_position": [256, 254], "world_position": [0.705, 0.6498037994254439, -0.15], "world_orientation": [1.0, 8.100187187665134e-17, -1.2653630886983698e-17, -8.100187187665134e-17, 1.0, -1.9397816686250694e-16, 1.2653630886983698e-17, 1.9397816686250694e-16, 1.0], "world_rotation": [-0.9211093596285536, 0.06008602943210125, 0.38463907325148433, -2.1059189642881336e-16]}], "source": "action wait"}
{"timestamp": 1706031728.842172, "objects": [{"color": "cv_", "id_name": "hand", "shape": "CVCylinder", "id_string": "ob382", "world_size": [0.12, 0.005, 0.12], "id": 382, "camera_size": [49, 49], "camera_position": [246, 192], "world_position": [0.8577672486159417, 0.6686595132138166, -0.17410283951622496], "world_orientation": [-5.426693735295275e-06, -0.0009665613362657482, 0.9999995328647582, -0.0007625898730387509, -0.9999992421039189, -0.000966565193570749, 0.999999709213576, -0.000762594762059817, 4.689599736082337e-06], "world_rotation": [0.0, 1.0, 0.0, 0.0]}, {"color": "CVPurple", "id_name": "object42236973466014", "shape": "CVBox", "id_string": "ob1226", "world_size": [0.1, 0.1, 0.1], "id": 1226, "camera_size": [41, 41], "camera_position": [256, 254], "world_position": [0.705, 0.6498037994254439, -0.15], "world_orientation": [1.0, 8.100187187665134e-17, -1.2653630886983698e-17, -8.100187187665134e-17, 1.0, -1.9397816686250694e-16, 1.2653630886983698e-17, 1.9397816686250694e-16, 1.0], "world_rotation": [-0.9211093596285536, 0.06008602943210125, 0.38463907325148433, -2.1059189642881336e-16]}], "source": "action wait"}
{"timestamp": 1706031728.873329, "objects": [{"color": "cv_", "id_name": "hand", "shape": "CVCylinder", "id_string": "ob382", "world_size": [0.12, 0.005, 0.12], "id": 382, "camera_size": [48, 49], "camera_position": [246, 192], "world_position": [0.8580167700405881, 0.6684239254720272, -0.17410316110572854], "world_orientation": [-5.1428957617577155e-06, -0.001191760817489794, 0.9999992898396002, -0.0007627272777327846, -0.9999989989718642, -0.0011917643934742379, 0.999999709110283, -0.000762732865194473, 4.23390212990552e-06], "world_rotation": [0.0, 1.0, 0.0, 0.0]}, {"color": "CVPurple", "id_name": "object42236973466014", "shape": "CVBox", "id_string": "ob1226", "world_size": [0.1, 0.1, 0.1], "id": 1226, "camera_size": [41, 41], "camera_position": [256, 254], "world_position": [0.705, 0.6498037994254439, -0.15], "world_orientation": [1.0, 8.100187187665134e-17, -1.2653630886983698e-17, -8.100187187665134e-17, 1.0, -1.9397816686250694e-16, 1.2653630886983698e-17, 1.9397816686250694e-16, 1.0], "world_rotation": [-0.9211093596285536, 0.06008602943210125, 0.38463907325148433, -2.1059189642881336e-16]}], "source": "action wait"}
{"timestamp": 1706031731.142927, "objects": [{"color": "cv_", "id_name": "hand", "shape": "CVCylinder", "id_string": "ob382", "world_size": [0.12, 0.005, 0.12], "id": 382, "camera_size": [48, 49], "camera_position": [246, 192], "world_position": [0.8586133873440909, 0.6678640493508963, -0.17410410011109825], "world_orientation": [-4.23756203994664e-06, -0.0017298023426311887, 0.9999985038818302, -0.0007631196728334668, -0.9999982127097905, -0.0017298050727317387, 0.9999997088151615, -0.0007631258612729357, 2.9175082687818363e-06], "world_rotation": [0.0, 1.0, 0.0, 0.0]}, {"color": "CVPurple", "id_name": "object42236973466014", "shape": "CVBox", "id_string": "ob1226", "world_size": [0.1, 0.1, 0.1], "id": 1226, "camera_size": [41, 41], "camera_position": [256, 254], "world_position": [0.705, 0.6498037994254439, -0.15], "world_orientation": [1.0, 8.100187187665134e-17, -1.2653630886983698e-17, -8.100187187665134e-17, 1.0, -1.9397816686250694e-16, 1.2653630886983698e-17, 1.9397816686250694e-16, 1.0], "world_rotation": [-0.9211093596285536, 0.06008602943210125, 0.38463907325148433, -2.1059189642881336e-16]}], "source": "action wait"}
{"timestamp": 1706031731.173466, "objects": [{"color": "cv_", "id_name": "hand", "shape": "CVCylinder", "id_string": "ob382", "world_size": [0.12, 0.005, 0.12], "id": 382, "camera_size": [48, 48], "camera_position": [246, 205], "world_position": [0.8259702126540948, 0.654920433567755, -0.17408826076612655], "world_orientation": [-4.615121867360199e-05, -0.022708857598907915, 0.9997421195771526, -0.0007601372509840009, -0.99974183101533, -0.02270888613461756, 0.9999997100306703, -0.0007609892692385003, 2.8877455272470627e-05], "world_rotation": [0.0, 1.0, 0.0, 0.0]}, {"color": "CVPurple", "id_name": "object42236973466014", "shape": "CVBox", "id_string": "ob1226", "world_size": [0.1, 0.1, 0.1], "id": 1226, "camera_size": [41, 41], "camera_position": [256, 254], "world_position": [0.705, 0.6498037994254439, -0.15], "world_orientation": [1.0, 8.100187187665134e-17, -1.2653630886983698e-17, -8.100187187665134e-17, 1.0, -1.9397816686250694e-16, 1.2653630886983698e-17, 1.9397816686250694e-16, 1.0], "world_rotation": [-0.9211093596285536, 0.06008602943210125, 0.38463907325148433, -2.1059189642881336e-16]}], "source": "action wait"}
{"timestamp": 1706031731.204082, "objects": [{"color": "cv_", "id_name": "hand", "shape": "CVCylinder", "id_string": "ob382", "world_size": [0.12, 0.005, 0.12], "id": 382, "camera_size": [48, 49], "camera_position": [246, 219], "world_position": [0.7918028434820722, 0.6616257433020107, -0.17410153352519167], "world_orientation": [-3.3970467934084054e-05, -0.016537791548840813, 0.9998632407968074, -0.0007580406572591001, -0.9998629536742922, -0.016537812554336687, 0.9999997121101433, -0.0007584987854542853, 2.1429494031341075e-05], "world_rotation": [0.0, 1.0, 0.0, 0.0]}, {"color": "CVPurple", "id_name": "object42236973466014", "shape": "CVBox", "id_string": "ob1226", "world_size": [0.1, 0.1, 0.1], "id": 1226, "camera_size": [41, 43], "camera_position": [256, 264], "world_position": [0.6808150626425825, 0.6511836863573088, -0.1500056159129259], "world_orientation": [0.9995285314773423, -0.030703361866757484, 0.00013539876814226313, 0.03070336332771418, 0.9995285405651283, -8.724173352114847e-06, -0.00013506707166413415, 1.287725775138966e-05, 0.9999999907955311], "world_rotation": [0.0003517728745829801, 0.0044044556811683065, 0.9999902384653548, 0.030708488492969133]}], "source": "action wait"}
{"timestamp": 1706031731.239984, "objects": [{"color": "cv_", "id_name": "hand", "shape": "CVCylinder", "id_string": "ob382", "world_size": [0.12, 0.005, 0.12], "id": 382, "camera_size": [48, 49], "camera_position": [246, 229], "world_position": [0.7672115460007581, 0.6650092671319018, -0.17410631784419314], "world_orientation": [-1.7634400717843714e-05, -0.012115498052446962, 0.9999266045045352, -0.0007619042157591498, -0.999926314269473, -0.012115507972556625, 0.9999997095954548, -0.0007620619451445805, 8.402252272313628e-06], "world_rotation": [0.0, 1.0, 0.0, 0.0]}, {"color": "CVPurple", "id_name": "object42236973466014", "shape": "CVBox", "id_string": "ob1226", "world_size": [0.1, 0.1, 0.1], "id": 1226, "camera_size": [41, 44], "camera_position": [256, 282], "world_position": [0.6357111275619197, 0.6516893295656673, -0.15001826107780883], "world_orientation": [0.999171162208041, -0.04070419394586055, 0.000396493443045961, 0.040704199278902335, 0.9991712406449876, -5.386996701312703e-06, -0.00039594557203731967, 2.1521479873382028e-05, 0.9999999213819618], "world_rotation": [0.0003305212067109252, 0.00973365767411953, 0.9999525722073097, 0.040717377204094705]}], "source": "action wait"}
{"timestamp": 1706031731.275027, "objects": [{"color": "cv_", "id_name": "hand", "shape": "CVCylinder", "id_string": "ob382", "world_size": [0.12, 0.005, 0.12], "id": 382, "camera_size": [48, 49], "camera_position": [246, 236], "world_position": [0.7498162666486912, 0.6666365438929366, -0.1741084511848296], "world_orientation": [-8.301614462505368e-06, -0.0090130117623071, 0.9999593819501149, -0.0007633967630062137, -0.9999590905519368, -0.00901301547350784, 0.9999997085781902, -0.000763440577898389, 1.4207708441212171e-06], "world_rotation": [0.0, 1.0, 0.0, 0.0]}, {"color": "CVPurple", "id_name": "object42236973466014", "shape": "CVBox", "id_string": "ob1226", "world_size": [0.1, 0.1, 0.1], "id": 1226, "camera_size": [41, 44], "camera_position": [256, 298], "world_position": [0.5948297995378378, 0.6489810366193609, -0.15003251120369301], "world_orientation": [0.9998828207382714, 0.015294107988787836, 0.0006595857072412742, -0.015294106703235407, 0.9998830382856015, -6.993168739809749e-06, -0.0006596155152440529, -3.095424901013175e-06, 0.9999997824488716], "world_rotation": [0.00012730798401318965, 0.043087707937778476, -0.9990712853532254, 0.0153089223785316]}], "source": "action wait"}
{"timestamp": 1706031731.309415, "objects": [{"color": "cv_", "id_name": "hand", "shape": "CVCylinder", "id_string": "ob382", "world_size": [0.12, 0.005, 0.12], "id": 382, "camera_size": [48, 49], "camera_position": [246, 241], "world_position": [0.7375454963289039, 0.6674116277109122, -0.17410916887553252], "world_orientation": [-3.362469936713658e-06, -0.006835621459785009, 0.9999766368610581, -0.0007638243203103934, -0.9999763451421315, -0.006835622034054228, 0.9999997082805082, -0.0007638294595506303, -1.8588235170873877e-06], "world_rotation": [0.0, 1.0, 0.0, 0.0]}, {"color": "CVPurple", "id_name": "object42236973466014", "shape": "CVBox", "id_string": "ob1226", "world_size": [0.1, 0.1, 0.1], "id": 1226, "camera_size": [41, 44], "camera_position": [256, 309], "world_position": [0.5669347480420316, 0.6502122841482939, -0.15003196145245193], "world_orientation": [0.9999426078957865, -0.010693261904992899, 0.0006595941212618899, 0.010693264804796564, 0.9999428254090621, -8.697937063620979e-07, -0.0006595471083059162, 7.922958389406284e-06, 0.9999997824673958], "world_rotation": [0.00041035521411993884, 0.06156394218986925, 0.9981030571191739, 0.010713791379537922]}], "source": "action wait"}
{"timestamp": 1706031731.34115, "objects": [{"color": "cv_", "id_name": "hand", "shape": "CVCylinder", "id_string": "ob382", "world_size": [0.12, 0.005, 0.12], "id": 382, "camera_size": [48, 48], "camera_position": [246, 244], "world_position": [0.728900117925826, 0.66777691431498, -0.17410912243752988], "world_orientation": [-1.0248396523998614e-06, -0.00530666322966603, 0.9999859195630291, -0.0007638316767963248, -0.9999856278440498, -0.005306662464405502, 0.9999997082800172, -0.0007638263601910331, -3.0285725492981954e-06], "world_rotation": [0.0, 1.0, 0.0, 0.0]}, {"color": "CVPurple", "id_name": "object42236973466014", "shape": "CVBox", "id_string": "ob1226", "world_size": [0.1, 0.1, 0.1], "id": 1226, "camera_size": [41, 44], "camera_position": [256, 318], "world_position": [0.5459892284468677, 0.6499530737643098, -0.15003224224805328], "world_orientation": [0.9999829935930653, -0.005794463075098548, 0.0006608496979073208, 0.005794464210972452, 0.9999832119513155, 1.9583005282285831e-07, -0.0006608397382604293, 3.6334432009023893e-06, 0.9999997816387955], "world_rotation": [0.0002947186047200418, 0.11331306046411657, 0.993559290364294, 0.005832059090108365]}], "source": "action wait"}
