{"timestamp": 1706031654.891204, "objects": [{"color": "cv_", "id_name": "hand", "shape": "CVCylinder", "id_string": "ob382", "world_size": [0.12, 0.005, 0.12], "id": 382, "camera_size": [48, 50], "camera_position": [246, 426], "world_position": [0.26764451554003177, 0.633470301384734, -0.17389260400847806], "world_orientation": [-0.000641551141393008, 0.19791547486655775, 0.9802188802611781, -0.0007473675231389659, -0.9802189031249384, 0.197914990332537, 0.9999995149268417, -0.0006056111687285102, 0.0007767761543571275], "world_rotation": [0.0, 1.0, 0.0, 0.0]}, {"color": "CVBlue", "id_name": "object279164776351223", "shape": "CVCylinder", "id_string": "ob1184", "world_size": [0.1, 0.1, 0.1], "id": 1184, "camera_size": [41, 41], "camera_position": [256, 254], "world_position": [0.705, 0.6498037932383656, -0.15], "world_orientation": [1.0, 2.1316282072802963e-17, -9.624447840080312e-18, -2.1316282072802963e-17, 1.0, -1.5774048733874193e-16, 9.624447840080312e-18, 1.5774048733874193e-16, 1.0], "world_rotation": [-0.9891858493133231, 0.06035462278252622, 0.13367376342071935, -1.5946496550495827e-16]}], "source": "manual check"}
{"timestamp": 1706031655.900541, "objects": [{"color": "cv_", "id_name": "hand", "shape": "CVCylinder", "id_string": "ob382", "world_size": [0.12, 0.005, 0.12], "id": 382, "camera_size": [48, 50], "camera_position": [246, 426], "world_position": [0.26764451554003177, 0.633470301384734, -0.17389260400847806], "world_orientation": [-0.000641551141393008, 0.19791547486655775, 0.9802188802611781, -0.0007473675231389659, -0.9802189031249384, 0.197914990332537, 0.9999995149268417, -0.0006056111687285102, 0.0007767761543571275], "world_rotation": [0.0, 1.0, 0.0, 0.0]}, {"color": "CVBlue", "id_name": "object279164776351223", "shape": "CVCylinder", "id_string": "ob1184", "world_size": [0.1, 0.1, 0.1], "id": 1184, "camera_size": [41, 41], "camera_position": [256, 254], "world_position": [0.705, 0.6498037994254439, -0.15], "world_orientation": [1.0, 8.100187187665134e-17, -1.2653630886983698e-17, -8.100187187665134e-17, 1.0, -1.9397816686250694e-16, 1.2653630886983698e-17, 1.9397816686250694e-16, 1.0], "world_rotation": [-0.9211093596285536, 0.06008602943210125, 0.38463907325148433, -2.1059189642881336e-16]}], "source": "manual check"}
{"timestamp": 1706031658.236824, "objects": [{"color": "cv_", "id_name": "hand", "shape": "CVCylinder", "id_string": "ob382", "world_size": [0.12, 0.005, 0.12], "id": 382, "camera_size": [48, 50], "camera_position": [246, 426], "world_position": [0.26764451554003177, 0.633470301384734, -0.17389260400847806], "world_orientation": [-0.000641551141393008, 0.19791547486655775, 0.9802188802611781, -0.0007473675231389659, -0.9802189031249384, 0.197914990332537, 0.9999995149268417, -0.0006056111687285102, 0.0007767761543571275], "world_rotation": [0.0, 1.0, 0.0, 0.0]}, {"color": "CVBlue", "id_name": "object279164776351223", "shape": "CVCylinder", "id_string": "ob1184", "world_size": [0.1, 0.1, 0.1], "id": 1184, "camera_size": [41, 41], "camera_position": [256, 254], "world_position": [0.705, 0.6498037994254439, -0.15], "world_orientation": [1.0, 8.100187187665134e-17, -1.2653630886983698e-17, -8.100187187665134e-17, 1.0, -1.9397816686250694e-16, 1.2653630886983698e-17, 1.9397816686250694e-16, 1.0], "world_rotation": [-0.9211093596285536, 0.06008602943210125, 0.38463907325148433, -2.1059189642881336e-16]}], "source": "action wait"}
{"timestamp": 1706031658.272207, "objects": [{"color": "cv_", "id_name": "hand", "shape": "CVCylinder", "id_string": "ob382", "world_size": [0.12, 0.005, 0.12], "id": 382, "camera_size": [49, 51], "camera_position": [246, 421], "world_position": [0.2918229502992016, 0.6684284081211708, -0.17395575788242745], "world_orientation": [-0.0003776399226822018, 0.20473596976027528, 0.9788171637616538, -0.0007134812690393366, -0.9788170395847942, 0.2047356685165989, 0.9999996741662308, -0.0006210513501295308, 0.000515715670671815], "world_rotation": [0.0, 1.0, 0.0, 0.0]}, {"color": "CVBlue", "id_name": "object279164776351223", "shape": "CVCylinder", "id_string": "ob1184", "world_size": [0.1, 0.1, 0.1], "id": 1184, "camera_size": [41, 41], "camera_position": [256, 254], "world_position": [0.705, 0.6498037994254439, -0.15], "world_orientation": [1.0, 8.100187187665134e-17, -1.2653630886983698e-17, -8.100187187665134e-17, 1.0, -1.9397816686250694e-16, 1.2653630886983698e-17, 1.9397816686250694e-16, 1.0], "world_rotation": [-0.9211093596285536, 0.06008602943210125, 0.38463907325148433, -2.1059189642881336e-16]}], "source": "action wait"}
{"timestamp": 1706031658.310981, "objects": [{"color": "cv_", "id_name": "hand", "shape": "CVCylinder", "id_string": "ob382", "world_size": [0.12, 0.005, 0.12], "id": 382, "camera_size": [51, 52], "camera_position": [246, 405], "world_position": [0.3383611647118014, 0.7071554436168439, -0.17398350940958834], "world_orientation": [-0.00021408089181534248, 0.19815478138158907, 0.9801707181838205, -0.0007291438997394566, -0.9801705110215283, 0.19815458024726515, 0.9999997112592309, -0.0006722643906106284, 0.0003543191271796092], "world_rotation": [0.0, 1.0, 0.0, 0.0]}, {"color": "CVBlue", "id_name": "object279164776351223", "shape": "CVCylinder", "id_string": "ob1184", "world_size": [0.1, 0.1, 0.1], "id": 1184, "camera_size": [41, 41], "camera_position": [256, 254], "world_position": [0.705, 0.6498037994254439, -0.15], "world_orientation": [1.0, 8.100187187665134e-17, -1.2653630886983698e-17, -8.100187187665134e-17, 1.0, -1.9397816686250694e-16, 1.2653630886983698e-17, 1.9397816686250694e-16, 1.0], "world_rotation": [-0.9211093596285536, 0.06008602943210125, 0.38463907325148433, -2.1059189642881336e-16]}], "source": "action wait"}
{"timestamp": 1706031658.347565, "objects": [{"color": "cv_", "id_name": "hand", "shape": "CVCylinder", "id_string": "ob382", "world_size": [0.12, 0.005, 0.12], "id": 382, "camera_size": [51, 53], "camera_position": [246, 388], "world_position": [0.3892871977869709, 0.7408580152512985, -0.17400408358319297], "world_orientation": [-0.00010768877658395787, 0.19344155675410404, 0.9811117941007926, -0.0007400521867375689, -0.9811115465397522, 0.19344142671397163, 0.9999997203629051, -0.0007052424580751161, 0.00024881154922148273], "world_rotation": [0.0, 1.0, 0.0, 0.0]}, {"color": "CVBlue", "id_name": "object279164776351223", "shape": "CVCylinder", "id_string": "ob1184", "world_size": [0.1, 0.1, 0.1], "id": 1184, "camera_size": [41, 41], "camera_position": [256, 254], "world_position": [0.705, 0.6498037994254439, -0.15], "world_orientation": [1.0, 8.100187187665134e-17, -1.2653630886983698e-17, -8.100187187665134e-17, 1.0, -1.9397816686250694e-16, 1.2653630886983698e-17, 1.9397816686250694e-16, 1.0], "world_rotation": [-0.9211093596285536, 0.06008602943210125, 0.38463907325148433, -2.1059189642881336e-16]}], "source": "action wait"}
{"timestamp": 1706031658.38242, "objects": [{"color": "cv_", "id_name": "hand", "shape": "CVCylinder", "id_string": "ob382", "world_size": [0.12, 0.005, 0.12], "id": 382, "camera_size": [52, 53], "camera_position": [245, 367], "world_position": [0.4436651812139678, 0.7691751136415432, -0.17402268279271413], "world_orientation": [-3.279514112403362e-05, 0.19011342627038977, 0.9817621321258077, -0.000747248134350603, -0.9817618632146033, 0.19011334923570317, 0.9999997202723131, -0.0007273851274896199, 0.0001742589219502936], "world_rotation": [0.0, 1.0, 0.0, 0.0]}, {"color": "CVBlue", "id_name": "object279164776351223", "shape": "CVCylinder", "id_string": "ob1184", "world_size": [0.1, 0.1, 0.1], "id": 1184, "camera_size": [41, 41], "camera_position": [256, 254], "world_position": [0.705, 0.6498037994254439, -0.15], "world_orientation": [1.0, 8.100187187665134e-17, -1.2653630886983698e-17, -8.100187187665134e-17, 1.0, -1.9397816686250694e-16, 1.2653630886983698e-17, 1.9397816686250694e-16, 1.0], "world_rotation": [-0.9211093596285536, 0.06008602943210125, 0.38463907325148433, -2.1059189642881336e-16]}], "source": "action wait"}
{"timestamp": 1706031658.412822, "objects": [{"color": "cv_", "id_name": "hand", "shape": "CVCylinder", "id_string": "ob382", "world_size": [0.12, 0.005, 0.12], "id": 382, "camera_size": [53, 54], "camera_position": [245, 343], "world_position": [0.5008334887990844, 0.7918357938804191, -0.1740389136035979], "world_orientation": [1.9829591815594306e-05, 0.1877624928251044, 0.9822144602350802, -0.0007520787351877945, -0.9822141798467087, 0.18776245440884567, 0.9999997169921419, -0.0007424258617662537, 0.00012173527185818895], "world_rotation": [0.0, 1.0, 0.0, 0.0]}, {"color": "CVBlue", "id_name": "object279164776351223", "shape": "CVCylinder", "id_string": "ob1184", "world_size": [0.1, 0.1, 0.1], "id": 1184, "camera_size": [41, 41], "camera_position": [256, 254], "world_position": [0.705, 0.6498037994254439, -0.15], "world_orientation": [1.0, 8.100187187665134e-17, -1.2653630886983698e-17, -8.100187187665134e-17, 1.0, -1.9397816686250694e-16, 1.2653630886983698e-17, 1.9397816686250694e-16, 1.0], "world_rotation": [-0.9211093596285536, 0.06008602943210125, 0.38463907325148433, -2.1059189642881336e-16]}], "source": "action wait"}
{"timestamp": 1706031658.445659, "objects": [{"color": "cv_", "id_name": "hand", "shape": "CVCylinder", "id_string": "ob382", "world_size": [0.12, 0.005, 0.12], "id": 382, "camera_size": [54, 54], "camera_position": [245, 318], "world_position": [0.5601404714647368, 0.8086165587083152, -0.1740526243030023], "world_orientation": [5.669264014092229e-05, 0.18610033703723555, 0.9825307432037798, -0.0007553782945195296, -0.9825304564988226, 0.18610032631848805, 0.9999997130947472, -0.0007527329159446518, 8.487390960333842e-05], "world_rotation": [0.0, 1.0, 0.0, 0.0]}, {"color": "CVBlue", "id_name": "object279164776351223", "shape": "CVCylinder", "id_string": "ob1184", "world_size": [0.1, 0.1, 0.1], "id": 1184, "camera_size": [41, 41], "camera_position": [256, 254], "world_position": [0.705, 0.6498037994254439, -0.15], "world_orientation": [1.0, 8.100187187665134e-17, -1.2653630886983698e-17, -8.100187187665134e-17, 1.0, -1.9397816686250694e-16, 1.2653630886983698e-17, 1.9397816686250694e-16, 1.0], "world_rotation": [-0.9211093596285536, 0.06008602943210125, 0.38463907325148433, -2.1059189642881336e-16]}], "source": "action wait"}
{"timestamp": 1706031658.475235, "objects": [{"color": "cv_", "id_name": "hand", "shape": "CVCylinder", "id_string": "ob382", "world_size": [0.12, 0.005, 0.12], "id": 382, "camera_size": [54, 54], "camera_position": [245, 291], "world_position": [0.6211149339446026, 0.814177282952042, -0.17406316179019882], "world_orientation": [7.766786404742572e-05, 0.17754299394584233, 0.9841130419156378, -0.0007644017090061422, -0.9841127468296623, 0.17754300103750809, 0.9999997048288216, -0.0007660470767629869, 5.928023296658722e-05], "world_rotation": [0.0, 1.0, 0.0, 0.0]}, {"color": "CVBlue", "id_name": "object279164776351223", "shape": "CVCylinder", "id_string": "ob1184", "world_size": [0.1, 0.1, 0.1], "id": 1184, "camera_size": [41, 41], "camera_position": [256, 254], "world_position": [0.705, 0.6498037994254439, -0.15], "world_orientation": [1.0, 8.100187187665134e-17, -1.2653630886983698e-17, -8.100187187665134e-17, 1.0, -1.9397816686250694e-16, 1.2653630886983698e-17, 1.9397816686250694e-16, 1.0], "world_rotation": [-0.9211093596285536, 0.06008602943210125, 0.38463907325148433, -2.1059189642881336e-16]}], "source": "action wait"}
{"timestamp": 1706031658.497846, "objects": [{"color": "cv_", "id_name": "hand", "shape": "CVCylinder", "id_string": "ob382", "world_size": [0.12, 0.005, 0.12], "id": 382, "camera_size": [53, 53], "camera_position": [245, 263], "world_position": [0.6832427306830089, 0.7948248880773324, -0.17407088050217986], "world_orientation": [6.94445870731467e-05, 0.14272338039980118, 0.9897626138952224, -0.0007772223632456143, -0.9897623096332012, 0.1427233910574903, 0.9999996955513774, -0.000779177004781766, 4.219416811210733e-05], "world_rotation": [0.0, 1.0, 0.0, 0.0]}, {"color": "CVBlue", "id_name": "object279164776351223", "shape": "CVCylinder", "id_string": "ob1184", "world_size": [0.1, 0.1, 0.1], "id": 1184, "camera_size": [41, 41], "camera_position": [256, 254], "world_position": [0.705, 0.6498037994254439, -0.15], "world_orientation": [1.0, 8.100187187665134e-17, -1.2653630886983698e-17, -8.100187187665134e-17, 1.0, -1.9397816686250694e-16, 1.2653630886983698e-17, 1.9397816686250694e-16, 1.0], "world_rotation": [-0.9211093596285536, 0.06008602943210125, 0.38463907325148433, -2.1059189642881336e-16]}], "source": "action wait"}
{"timestamp": 1706031658.531631, "objects": [{"color": "cv_", "id_name": "hand", "shape": "CVCylinder", "id_string": "ob382", "world_size": [0.12, 0.005, 0.12], "id": 382, "camera_size": [52, 52], "camera_position": [245, 239], "world_position": [0.7375081723442926, 0.7639557811753463, -0.17407259090114632], "world_orientation": [3.731463863511512e-05, 0.10032661258952207, 0.9949545564566904, -0.0007768394214787169, -0.9949542540237747, 0.10032661122806552, 0.9999996975640197, -0.0007766635732792228, 4.081130923599488e-05], "world_rotation": [0.0, 1.0, 0.0, 0.0]}, {"color": "CVBlue", "id_name": "object279164776351223", "shape": "CVCylinder", "id_string": "ob1184", "world_size": [0.1, 0.1, 0.1], "id": 1184, "camera_size": [41, 41], "camera_position": [256, 254], "world_position": [0.705, 0.6498037994254439, -0.15], "world_orientation": [1.0, 8.100187187665134e-17, -1.2653630886983698e-17, -8.100187187665134e-17, 1.0, -1.9397816686250694e-16, 1.2653630886983698e-17, 1.9397816686250694e-16, 1.0], "world_rotation": [-0.9211093596285536, 0.06008602943210125, 0.38463907325148433, -2.1059189642881336e-16]}], "source": "action wait"}
{"timestamp": 1706031658.565272, "objects": [{"color": "cv_", "id_name": "hand", "shape": "CVCylinder", "id_string": "ob382", "world_size": [0.12, 0.005, 0.12], "id": 382, "camera_size": [51, 51], "camera_position": [246, 224], "world_position": [0.7747885376620435, 0.738648962886867, -0.17407403084328946], "world_orientation": [1.2672293391806745e-05, 0.07025483924250214, 0.9975290759684268, -0.0007700817565886124, -0.9975287795825869, 0.07025482815125933, 0.9999997034067066, -0.0007690692328648447, 4.146099265146408e-05], "world_rotation": [0.0, 1.0, 0.0, 0.0]}, {"color": "CVBlue", "id_name": "object279164776351223", "shape": "CVCylinder", "id_string": "ob1184", "world_size": [0.1, 0.1, 0.1], "id": 1184, "camera_size": [41, 41], "camera_position": [256, 254], "world_position": [0.705, 0.6498037994254439, -0.15], "world_orientation": [1.0, 8.100187187665134e-17, -1.2653630886983698e-17, -8.100187187665134e-17, 1.0, -1.9397816686250694e-16, 1.2653630886983698e-17, 1.9397816686250694e-16, 1.0], "world_rotation": [-0.9211093596285536, 0.06008602943210125, 0.38463907325148433, -2.1059189642881336e-16]}], "source": "action wait"}
{"timestamp": 1706031658.600821, "objects": [{"color": "cv_", "id_name": "hand", "shape": "CVCylinder", "id_string": "ob382", "world_size": [0.12, 0.005, 0.12], "id": 382, "camera_size": [51, 51], "camera_position": [246, 214], "world_position": [0.8003624897623305, 0.7191672981790246, -0.17407757641891133], "world_orientation": [-6.230731558753788e-07, 0.0490210608293571, 0.9987977450889527, -0.0007650493847485446, -0.9987974528140309, 0.04902104600722895, 0.9999997073494826, -0.0007640990566710413, 3.812585630860739e-05], "world_rotation": [0.0, 1.0, 0.0, 0.0]}, {"color": "CVBlue", "id_name": "object279164776351223", "shape": "CVCylinder", "id_string": "ob1184", "world_size": [0.1, 0.1, 0.1], "id": 1184, "camera_size": [41, 41], "camera_position": [256, 254], "world_position": [0.705, 0.6498037994254439, -0.15], "world_orientation": [1.0, 8.100187187665134e-17, -1.2653630886983698e-17, -8.100187187665134e-17, 1.0, -1.9397816686250694e-16, 1.2653630886983698e-17, 1.9397816686250694e-16, 1.0], "world_rotation": [-0.9211093596285536, 0.06008602943210125, 0.38463907325148433, -2.1059189642881336e-16]}], "source": "action wait"}
{"timestamp": 1706031658.636077, "objects": [{"color": "cv_", "id_name": "hand", "shape": "CVCylinder", "id_string": "ob382", "world_size": [0.12, 0.005, 0.12], "id": 382, "camera_size": [49, 50], "camera_position": [246, 207], "world_position": [0.8179923505637284, 0.704662716580519, -0.1740817826400418], "world_orientation": [-7.267437770848282e-06, 0.03404328993569546, 0.9994203591870333, -0.000761974302430547, -0.9994200692677542, 0.03404327451935299, 0.9999997096711314, -0.000761285223647689, 3.32033352619091e-05], "world_rotation": [0.0, 1.0, 0.0, 0.0]}, {"color": "CVBlue", "id_name": "object279164776351223", "shape": "CVCylinder", "id_string": "ob1184", "world_size": [0.1, 0.1, 0.1], "id": 1184, "camera_size": [41, 41], "camera_position": [256, 254], "world_position": [0.705, 0.6498037994254439, -0.15], "world_orientation": [1.0, 8.100187187665134e-17, -1.2653630886983698e-17, -8.100187187665134e-17, 1.0, -1.9397816686250694e-16, 1.2653630886983698e-17, 1.9397816686250694e-16, 1.0], "world_rotation": [-0.9211093596285536, 0.06008602943210125, 0.38463907325148433, -2.1059189642881336e-16]}], "source": "action wait"}
{"timestamp": 1706031658.669483, "objects": [{"color": "cv_", "id_name": "hand", "shape": "CVCylinder", "id_string": "ob382", "world_size": [0.12, 0.005, 0.12], "id": 382, "camera_size": [49, 50], "camera_position": [246, 202], "world_position": [0.8302060214265989, 0.6940804924011735, -0.1740858957500097], "world_orientation": [-1.0141435986489543e-05, 0.02348361561942245, 0.9997242218204933, -0.0007604203707592788, -0.999723933013124, 0.023483601121428922, 0.9999997108289638, -0.0007599725059766247, 2.7996055967276496e-05], "world_rotation": [0.0, 1.0, 0.0, 0.0]}, {"color": "CVBlue", "id_name": "object279164776351223", "shape": "CVCylinder", "id_string": "ob1184", "world_size": [0.1, 0.1, 0.1], "id": 1184, "camera_size": [41, 41], "camera_position": [256, 254], "world_position": [0.705, 0.6498037994254439, -0.15], "world_orientation": [1.0, 8.100187187665134e-17, -1.2653630886983698e-17, -8.100187187665134e-17, 1.0, -1.9397816686250694e-16, 1.2653630886983698e-17, 1.9397816686250694e-16, 1.0], "world_rotation": [-0.9211093596285536, 0.06008602943210125, 0.38463907325148433, -2.1059189642881336e-16]}], "source": "action wait"}
{"timestamp": 1706031658.704391, "objects": [{"color": "cv_", "id_name": "hand", "shape": "CVCylinder", "id_string": "ob382", "world_size": [0.12, 0.005, 0.12], "id": 382, "camera_size": [49, 49], "camera_position": [246, 199], "world_position": [0.8387037257786835, 0.6864583402799228, -0.1740895698827904], "world_orientation": [-1.0949602462819817e-05, 0.01604053191615451, 0.9998713423315787, -0.0007598682729544311, -0.9998710538621849, 0.016040518967030862, 0.9999997112401153, -0.0007595948727684979, 2.3136881838640457e-05], "world_rotation": [0.0, 1.0, 0.0, 0.0]}, {"color": "CVBlue", "id_name": "object279164776351223", "shape": "CVCylinder", "id_string": "ob1184", "world_size": [0.1, 0.1, 0.1], "id": 1184, "camera_size": [41, 41], "camera_position": [256, 254], "world_position": [0.705, 0.6498037994254439, -0.15], "world_orientation": [1.0, 8.100187187665134e-17, -1.2653630886983698e-17, -8.100187187665134e-17, 1.0, -1.9397816686250694e-16, 1.2653630886983698e-17, 1.9397816686250694e-16, 1.0], "world_rotation": [-0.9211093596285536, 0.06008602943210125, 0.38463907325148433, -2.1059189642881336e-16]}], "source": "action wait"}
{"timestamp": 1706031658.737446, "objects": [{"color": "cv_", "id_name": "hand", "shape": "CVCylinder", "id_string": "ob382", "world_size": [0.12, 0.005, 0.12], "id": 382, "camera_size": [49, 49], "camera_position": [246, 197], "world_position": [0.8446364256503673, 0.6810137345696127, -0.17409268529074579], "world_orientation": [-1.0718876526243373e-05, 0.010794720070057115, 0.9999417352544672, -0.0007598997554328547, -0.9999414466927984, 0.010794708809187354, 0.9999997112186921, -0.000759739772916479, 1.8921154042144102e-05], "world_rotation": [0.0, 1.0, 0.0, 0.0]}, {"color": "CVBlue", "id_name": "object279164776351223", "shape": "CVCylinder", "id_string": "ob1184", "world_size": [0.1, 0.1, 0.1], "id": 1184, "camera_size": [41, 41], "camera_position": [256, 254], "world_position": [0.705, 0.6498037994254439, -0.15], "world_orientation": [1.0, 8.100187187665134e-17, -1.2653630886983698e-17, -8.100187187665134e-17, 1.0, -1.9397816686250694e-16, 1.2653630886983698e-17, 1.9397816686250694e-16, 1.0], "world_rotation": [-0.9211093596285536, 0.06008602943210125, 0.38463907325148433, -2.1059189642881336e-16]}], "source": "action wait"}
{"timestamp": 1706031658.768169, "objects": [{"color": "cv_", "id_name": "hand", "shape": "CVCylinder", "id_string": "ob382", "world_size": [0.12, 0.005, 0.12], "id": 382, "camera_size": [49, 49], "camera_position": [246, 196], "world_position": [0.8487893810636722, 0.6771457714392544, -0.17409524007551005], "world_orientation": [-1.0001758626118445e-05, 0.007097635821157169, 0.9999748114156252, -0.0007602257249168279, -0.9999745225552696, 0.007097626167094589, 0.9999997109783643, -0.0007601355871636306, 1.5397309144567447e-05], "world_rotation": [0.0, 1.0, 0.0, 0.0]}, {"color": "CVBlue", "id_name": "object279164776351223", "shape": "CVCylinder", "id_string": "ob1184", "world_size": [0.1, 0.1, 0.1], "id": 1184, "camera_size": [41, 41], "camera_position": [256, 254], "world_position": [0.705, 0.6498037994254439, -0.15], "world_orientation": [1.0, 8.100187187665134e-17, -1.2653630886983698e-17, -8.100187187665134e-17, 1.0, -1.9397816686250694e-16, 1.2653630886983698e-17, 1.9397816686250694e-16, 1.0], "world_rotation": [-0.9211093596285536, 0.06008602943210125, 0.38463907325148433, -2.1059189642881336e-16]}], "source": "action wait"}
{"timestamp": 1706031658.800504, "objects": [{"color": "cv_", "id_name": "hand", "shape": "CVCylinder", "id_string": "ob382", "world_size": [0.12, 0.005, 0.12], "id": 382, "camera_size": [49, 48], "camera_position": [246, 194], "world_position": [0.8517023139471452, 0.6744077775026064, -0.17409728757087667], "world_orientation": [-9.12918934939602e-06, 0.004492037638454978, 0.9999899107063596, -0.0007606665118390606, -0.9999896214753299, 0.004492029394866769, 0.999999710651516, -0.0007606178286647218, 1.2546037203738467e-05], "world_rotation": [0.0, 1.0, 0.0, 0.0]}, {"color": "CVBlue", "id_name": "object279164776351223", "shape": "CVCylinder", "id_string": "ob1184", "world_size": [0.1, 0.1, 0.1], "id": 1184, "camera_size": [41, 41], "camera_position": [256, 254], "world_position": [0.705, 0.6498037994254439, -0.15], "world_orientation": [1.0, 8.100187187665134e-17, -1.2653630886983698e-17, -8.100187187665134e-17, 1.0, -1.9397816686250694e-16, 1.2653630886983698e-17, 1.9397816686250694e-16, 1.0], "world_rotation": [-0.9211093596285536, 0.06008602943210125, 0.38463907325148433, -2.1059189642881336e-16]}], "source": "action wait"}
{"timestamp": 1706031658.826649, "objects": [{"color": "cv_", "id_name": "hand", "shape": "CVCylinder", "id_string": "ob382", "world_size": [0.12, 0.005, 0.12], "id": 382, "camera_size": [49, 49], "camera_position": [246, 194], "world_position": [0.8537485076785427, 0.6724742358521782, -0.17409890158487482], "world_orientation": [-8.2547666732447e-06, 0.0026556513648846062, 0.9999964737176261, -0.0007611199329910925, -0.9999961841175852, 0.0026556443129159887, 0.9999997103141114, -0.000761095327343459, 1.0276004363279297e-05], "world_rotation": [0.0, 1.0, 0.0, 0.0]}, {"color": "CVBlue", "id_name": "object279164776351223", "shape": "CVCylinder", "id_string": "ob1184", "world_size": [0.1, 0.1, 0.1], "id": 1184, "camera_size": [41, 41], "camera_position": [256, 254], "world_position": [0.705, 0.6498037994254439, -0.15], "world_orientation": [1.0, 8.100187187665134e-17, -1.2653630886983698e-17, -8.100187187665134e-17, 1.0, -1.9397816686250694e-16, 1.2653630886983698e-17, 1.9397816686250694e-16, 1.0], "world_rotation": [-0.9211093596285536, 0.06008602943210125, 0.38463907325148433, -2.1059189642881336e-16]}], "source": "action wait"}
{"timestamp": 1706031658.862687, "objects": [{"color": "cv_", "id_name": "hand", "shape": "CVCylinder", "id_string": "ob382", "world_size": [0.12, 0.005, 0.12], "id": 382, "camera_size": [49, 49], "camera_position": [246, 193], "world_position": [0.8551874215324825, 0.6711108875819687, -0.17410015824085942], "world_orientation": [-7.462873210708631e-06, 0.0013613593821970268, 0.9999990733220397, -0.0007615344419752699, -0.9999987833904973, 0.0013613533042558083, 0.9999997100047577, -0.0007615235766713843, 8.499586189120584e-06], "world_rotation": [0.0, 1.0, 0.0, 0.0]}, {"color": "CVBlue", "id_name": "object279164776351223", "shape": "CVCylinder", "id_string": "ob1184", "world_size": [0.1, 0.1, 0.1], "id": 1184, "camera_size": [41, 41], "camera_position": [256, 254], "world_position": [0.705, 0.6498037994254439, -0.15], "world_orientation": [1.0, 8.100187187665134e-17, -1.2653630886983698e-17, -8.100187187665134e-17, 1.0, -1.9397816686250694e-16, 1.2653630886983698e-17, 1.9397816686250694e-16, 1.0], "world_rotation": [-0.9211093596285536, 0.06008602943210125, 0.38463907325148433, -2.1059189642881336e-16]}], "source": "action wait"}
{"timestamp": 1706031658.897438, "objects": [{"color": "cv_", "id_name": "hand", "shape": "CVCylinder", "id_string": "ob382", "world_size": [0.12, 0.005, 0.12], "id": 382, "camera_size": [49, 49], "camera_position": [246, 193], "world_position": [0.8562000898585578, 0.6701505203907546, -0.17410112734934272], "world_orientation": [-6.7834382449212e-06, 0.0004491107669444673, 0.999999899126747, -0.0007618889311462757, -0.9999996089146911, 0.0004491054683803644, 0.9999997097395787, -0.0007618858078132521, 7.125608114576525e-06], "world_rotation": [0.0, 1.0, 0.0, 0.0]}, {"color": "CVBlue", "id_name": "object279164776351223", "shape": "CVCylinder", "id_string": "ob1184", "world_size": [0.1, 0.1, 0.1], "id": 1184, "camera_size": [41, 41], "camera_position": [256, 254], "world_position": [0.705, 0.6498037994254439, -0.15], "world_orientation": [1.0, 8.100187187665134e-17, -1.2653630886983698e-17, -8.100187187665134e-17, 1.0, -1.9397816686250694e-16, 1.2653630886983698e-17, 1.9397816686250694e-16, 1.0], "world_rotation": [-0.9211093596285536, 0.06008602943210125, 0.38463907325148433, -2.1059189642881336e-16]}], "source": "action wait"}
{"timestamp": 1706031658.930411, "objects": [{"color": "cv_", "id_name": "hand", "shape": "CVCylinder", "id_string": "ob382", "world_size": [0.12, 0.005, 0.12], "id": 382, "camera_size": [49, 48], "camera_position": [246, 192], "world_position": [0.8569131901919854, 0.6694744195417133, -0.1741018690477376], "world_orientation": [-6.220392927610788e-06, -0.0001938832738660811, 0.9999999811852912, -0.0007621793465046264, -0.9999996907450038, -0.00019388795860937166, 0.9999997095219331, -0.0007621805382241298, 6.072617177314211e-06], "world_rotation": [0.0, 1.0, 0.0, 0.0]}, {"color": "CVBlue", "id_name": "object279164776351223", "shape": "CVCylinder", "id_string": "ob1184", "world_size": [0.1, 0.1, 0.1], "id": 1184, "camera_size": [41, 41], "camera_position": [256, 254], "world_position": [0.705, 0.6498037994254439, -0.15], "world_orientation": [1.0, 8.100187187665134e-17, -1.2653630886983698e-17, -8.100187187665134e-17, 1.0, -1.9397816686250694e-16, 1.2653630886983698e-17, 1.9397816686250694e-16, 1.0], "world_rotation": [-0.9211093596285536, 0.06008602943210125, 0.38463907325148433, -2.1059189642881336e-16]}], "source": "action wait"}
{"timestamp": 1706031658.971121, "objects": [{"color": "cv_", "id_name": "hand", "shape": "CVCylinder", "id_string": "ob382", "world_size": [0.12, 0.005, 0.12], "id": 382, "camera_size": [49, 48], "camera_position": [246, 192], "world_position": [0.857415552606726, 0.6689986002027242, -0.17410243319287658], "world_orientation": [-5.764898080619123e-06, -0.0006471073695301019, 0.9999997906093874, -0.0007624102584630966, -0.9999994999884776, -0.0006471115766851927, 0.9999997093486397, -0.0007624138293542271, 5.2715339016110296e-06], "world_rotation": [0.0, 1.0, 0.0, 0.0]}, {"color": "CVBlue", "id_name": "object279164776351223", "shape": "CVCylinder", "id_string": "ob1184", "world_size": [0.1, 0.1, 0.1], "id": 1184, "camera_size": [41, 41], "camera_position": [256, 254], "world_position": [0.705, 0.6498037994254439, -0.15], "world_orientation": [1.0, 8.100187187665134e-17, -1.2653630886983698e-17, -8.100187187665134e-17, 1.0, -1.9397816686250694e-16, 1.2653630886983698e-17, 1.9397816686250694e-16, 1.0], "world_rotation": [-0.9211093596285536, 0.06008602943210125, 0.38463907325148433, -2.1059189642881336e-16]}], "source": "action wait"}
{"timestamp": 1706031659.000323, "objects": [{"color": "cv_", "id_name": "hand", "shape": "CVCylinder", "id_string": "ob382", "world_size": [0.12, 0.005, 0.12], "id": 382, "camera_size": [49, 49], "camera_position": [246, 192], "world_position": [0.8577695643186782, 0.6686637851355071, -0.17410286007645587], "world_orientation": [-5.402885153246061e-06, -0.000966577759227862, 0.9999995328490131, -0.000762589875124648, -0.9999992420880608, -0.0009665815983716958, 0.9999997092137033, -0.0007625947412097922, 4.6657786459910995e-06], "world_rotation": [0.0, 1.0, 0.0, 0.0]}, {"color": "CVBlue", "id_name": "object279164776351223", "shape": "CVCylinder", "id_string": "ob1184", "world_size": [0.1, 0.1, 0.1], "id": 1184, "camera_size": [41, 41], "camera_position": [256, 254], "world_position": [0.705, 0.6498037994254439, -0.15], "world_orientation": [1.0, 8.100187187665134e-17, -1.2653630886983698e-17, -8.100187187665134e-17, 1.0, -1.9397816686250694e-16, 1.2653630886983698e-17, 1.9397816686250694e-16, 1.0], "world_rotation": [-0.9211093596285536, 0.06008602943210125, 0.38463907325148433, -2.1059189642881336e-16]}], "source": "action wait"}
{"timestamp": 1706031659.03062, "objects": [{"color": "cv_", "id_name": "hand", "shape": "CVCylinder", "id_string": "ob382", "world_size": [0.12, 0.005, 0.12], "id": 382, "camera_size": [48, 49], "camera_position": [246, 192], "world_position": [0.8580190908319776, 0.668428198556886, -0.17410318167762717], "world_orientation": [-5.1190748216224005e-06, -0.0011917728773131774, 0.9999992898253498, -0.0007627272790690898, -0.9999989989575122, -0.0011917764351249676, 0.9999997091104043, -0.0007627328381926021, 4.210072013593333e-06], "world_rotation": [0.0, 1.0, 0.0, 0.0]}, {"color": "CVBlue", "id_name": "object279164776351223", "shape": "CVCylinder", "id_string": "ob1184", "world_size": [0.1, 0.1, 0.1], "id": 1184, "camera_size": [41, 41], "camera_position": [256, 254], "world_position": [0.705, 0.6498037994254439, -0.15], "world_orientation": [1.0, 8.100187187665134e-17, -1.2653630886983698e-17, -8.100187187665134e-17, 1.0, -1.9397816686250694e-16, 1.2653630886983698e-17, 1.9397816686250694e-16, 1.0], "world_rotation": [-0.9211093596285536, 0.06008602943210125, 0.38463907325148433, -2.1059189642881336e-16]}], "source": "action wait"}
{"timestamp": 1706031662.00497, "objects": [{"color": "cv_", "id_name": "hand", "shape": "CVCylinder", "id_string": "ob382", "world_size": [0.12, 0.005, 0.12], "id": 382, "camera_size": [48, 49], "camera_position": [246, 192], "world_position": [0.8586157202740284, 0.6678683252888656, -0.1741041207136326], "world_orientation": [-4.213707859009636e-06, -0.001729803927206122, 0.9999985038791899, -0.0007631196728837536, -0.9999982127070809, -0.001729806639102483, 0.9999997088152623, -0.0007631258200647242, 2.8936529211604854e-06], "world_rotation": [0.0, 1.0, 0.0, 0.0]}, {"color": "CVBlue", "id_name": "object279164776351223", "shape": "CVCylinder", "id_string": "ob1184", "world_size": [0.1, 0.1, 0.1], "id": 1184, "camera_size": [41, 41], "camera_position": [256, 254], "world_position": [0.705, 0.6498037994254439, -0.15], "world_orientation": [1.0, 8.100187187665134e-17, -1.2653630886983698e-17, -8.100187187665134e-17, 1.0, -1.9397816686250694e-16, 1.2653630886983698e-17, 1.9397816686250694e-16, 1.0], "world_rotation": [-0.9211093596285536, 0.06008602943210125, 0.38463907325148433, -2.1059189642881336e-16]}], "source": "action wait"}
{"timestamp": 1706031662.04124, "objects": [{"color": "cv_", "id_name": "hand", "shape": "CVCylinder", "id_string": "ob382", "world_size": [0.12, 0.005, 0.12], "id": 382, "camera_size": [48, 48], "camera_position": [246, 205], "world_position": [0.82597677328547, 0.6549333196002839, -0.17408827884399333], "world_orientation": [-4.613052251307952e-05, -0.02271003916084451, 0.9997420927385662, -0.0007601336800736757, -0.99974180417883, -0.022710067680360414, 0.9999997100343397, -0.0007609852633666996, 2.885594616334413e-05], "world_rotation": [0.0, 1.0, 0.0, 0.0]}, {"color": "CVBlue", "id_name": "object279164776351223", "shape": "CVCylinder", "id_string": "ob1184", "world_size": [0.1, 0.1, 0.1], "id": 1184, "camera_size": [41, 41], "camera_position": [256, 254], "world_position": [0.705, 0.6498037994254439, -0.15], "world_orientation": [1.0, 8.100187187665134e-17, -1.2653630886983698e-17, -8.100187187665134e-17, 1.0, -1.9397816686250694e-16, 1.2653630886983698e-17, 1.9397816686250694e-16, 1.0], "world_rotation": [-0.9211093596285536, 0.06008602943210125, 0.38463907325148433, -2.1059189642881336e-16]}], "source": "action wait"}
{"timestamp": 1706031662.074476, "objects": [{"color": "cv_", "id_name": "hand", "shape": "CVCylinder", "id_string": "ob382", "world_size": [0.12, 0.005, 0.12], "id": 382, "camera_size": [48, 49], "camera_position": [246, 219], "world_position": [0.7918120951065911, 0.6616462347595282, -0.1741015461275518], "world_orientation": [-3.3955890467661775e-05, -0.016538626522615483, 0.9998632269864428, -0.0007580400245738088, -0.9998629398640777, -0.016538647516800967, 0.9999997121111178, -0.0007584979296591939, 2.141429561344341e-05], "world_rotation": [0.0, 1.0, 0.0, 0.0]}, {"color": "CVBlue", "id_name": "object279164776351223", "shape": "CVCylinder", "id_string": "ob1184", "world_size": [0.1, 0.1, 0.1], "id": 1184, "camera_size": [41, 43], "camera_position": [256, 264], "world_position": [0.680817947583146, 0.6511853570475317, -0.1500056141107836], "world_orientation": [0.9995273666780243, -0.03074125792155425, 0.00013536282651946968, 0.030741259382173057, 0.9995273757609219, -8.722548180871014e-06, -0.00013503070866322515, 1.287964937468723e-05, 0.9999999908004111], "world_rotation": [0.0003513517055500071, 0.004397850242402369, 0.9999902676852533, 0.030746401916314378]}], "source": "action wait"}
{"timestamp": 1706031662.100674, "objects": [{"color": "cv_", "id_name": "hand", "shape": "CVCylinder", "id_string": "ob382", "world_size": [0.12, 0.005, 0.12], "id": 382, "camera_size": [48, 49], "camera_position": [246, 229], "world_position": [0.7672227081869627, 0.665035318706934, -0.17410632782303864], "world_orientation": [-1.7622914381402008e-05, -0.012116086387900567, 0.9999265973760645, -0.0007619048670518594, -0.9999263071404036, -0.012116096299091604, 0.9999997095951612, -0.0007620624621635139, 8.390310510244705e-06], "world_rotation": [0.0, 1.0, 0.0, 0.0]}, {"color": "CVBlue", "id_name": "object279164776351223", "shape": "CVCylinder", "id_string": "ob1184", "world_size": [0.1, 0.1, 0.1], "id": 1184, "camera_size": [41, 44], "camera_position": [256, 282], "world_position": [0.635720076813794, 0.6516949283477438, -0.15001825473878425], "world_orientation": [0.9991663124936149, -0.040823067580307994, 0.00039639783752472887, 0.04082307291815729, 0.9991663908922109, -5.380776130264724e-06, -0.0003958477368894599, 2.155846807030167e-05, 0.9999999214198979], "world_rotation": [0.0003299356762337266, 0.009702947766145083, 0.9999528708629707, 0.0408363431777746]}], "source": "action wait"}
{"timestamp": 1706031662.133607, "objects": [{"color": "cv_", "id_name": "hand", "shape": "CVCylinder", "id_string": "ob382", "world_size": [0.12, 0.005, 0.12], "id": 382, "camera_size": [48, 49], "camera_position": [246, 236], "world_position": [0.7498287843386081, 0.6666666150859575, -0.17410845957846297], "world_orientation": [-8.292167796745309e-06, -0.009013427300874538, 0.9999593782047008, -0.0007633979397089158, -0.9999590868056095, -0.009013431004743909, 0.9999997085773704, -0.0007634416699967623, 1.4109967068307e-06], "world_rotation": [0.0, 1.0, 0.0, 0.0]}, {"color": "CVBlue", "id_name": "object279164776351223", "shape": "CVCylinder", "id_string": "ob1184", "world_size": [0.1, 0.1, 0.1], "id": 1184, "camera_size": [41, 44], "camera_position": [256, 298], "world_position": [0.5948454724339152, 0.6489919700682745, -0.15003249853707748], "world_orientation": [0.999886157350187, 0.01507439747052922, 0.0006594546061710875, -0.015074396144160344, 0.9998863748107286, -6.981988560438527e-06, -0.0006594849247873399, -2.9596862601511284e-06, 0.9999997825354137], "world_rotation": [0.00013328754618679019, 0.04370586806407958, -0.9990444331115585, 0.015089387789168882]}], "source": "action wait"}
{"timestamp": 1706031662.165578, "objects": [{"color": "cv_", "id_name": "hand", "shape": "CVCylinder", "id_string": "ob382", "world_size": [0.12, 0.005, 0.12], "id": 382, "camera_size": [48, 49], "camera_position": [246, 241], "world_position": [0.7375589708403927, 0.6674445810571183, -0.1741091762959606], "world_orientation": [-3.35437950499439e-06, -0.00683591598150889, 0.9999766348477558, -0.0007638256320977278, -0.9999763431278421, -0.0068359165495100165, 0.9999997082795334, -0.0007638307154542773, -1.867147694319925e-06], "world_rotation": [0.0, 1.0, 0.0, 0.0]}, {"color": "CVBlue", "id_name": "object279164776351223", "shape": "CVCylinder", "id_string": "ob1184", "world_size": [0.1, 0.1, 0.1], "id": 1184, "camera_size": [41, 43], "camera_position": [256, 310], "world_position": [0.5663312093689371, 0.6498553548359447, -0.15003226733029457], "world_orientation": [0.9999943183525234, -0.0033054522609193117, 0.0006612473237432746, 0.0033054538486275075, 0.9999945369716492, -1.3082307620872243e-06, -0.0006612393870360677, 3.4939458403606615e-06, 0.9999997813751088], "world_rotation": [0.0007122894282430262, 0.19615965447831338, 0.9805717121142743, 0.003370951123812624]}], "source": "action wait"}
{"timestamp": 1706031662.197206, "objects": [{"color": "cv_", "id_name": "hand", "shape": "CVCylinder", "id_string": "ob382", "world_size": [0.12, 0.005, 0.12], "id": 382, "camera_size": [48, 48], "camera_position": [246, 244], "world_position": [0.7289142663790736, 0.6678119225760105, -0.17410912926078495], "world_orientation": [-1.0176586861662148e-06, -0.0053068730583278245, 0.9999859184495086, -0.0007638329228859155, -0.9999856267295997, -0.005306872287517302, 0.9999997082790726, -0.00076382756751908, -3.035920300087905e-06], "world_rotation": [0.0, 1.0, 0.0, 0.0]}, {"color": "CVBlue", "id_name": "object279164776351223", "shape": "CVCylinder", "id_string": "ob1184", "world_size": [0.1, 0.1, 0.1], "id": 1184, "camera_size": [41, 44], "camera_position": [256, 318], "world_position": [0.5447029234333545, 0.6493917770053698, -0.1500327690251449], "world_orientation": [0.999984877305978, 0.0054593325973045295, 0.0006639630563945213, -0.005459333863623818, 0.9999850977258395, 9.481672837671053e-08, -0.0006639526441989663, -3.7196112924621266e-06, 0.9999997795765011], "world_rotation": [-0.000346793911219635, 0.12072926191369189, -0.9926854109191685, 0.005499587976739689]}], "source": "action wait"}
