{"timestamp": 1706031713.310484, "objects": [{"color": "cv_", "id_name": "hand", "shape": "CVCylinder", "id_string": "ob382", "world_size": [0.12, 0.005, 0.12], "id": 382, "camera_size": [48, 50], "camera_position": [246, 426], "world_position": [0.26764451554004576, 0.6334703013847323, -0.17389260400847842], "world_orientation": [-0.0006415511932925181, 0.19791547486652888, 0.9802188802611501, -0.0007473675336175345, -0.9802189031249443, 0.19791499033246868, 0.9999995149268004, -0.0006056111687281339, 0.0007767762073038619], "world_rotation": [0.0, 1.0, 0.0, 0.0]}, {"color": "CVGreen", "id_name": "object274751365458465", "shape": "CVCone", "id_string": "ob1219", "world_size": [0.11, 0.11, 0.11], "id": 1219, "camera_size": [45, 45], "camera_position": [256, 254], "world_position": [0.705, 0.654738849708696, -0.15], "world_orientation": [1.0, -5.1619362862653347e-17, 1.4541359828532488e-17, 5.1619362862653347e-17, 1.0, 2.3824321321224633e-17, -1.4541359828532488e-17, -2.3824321321224633e-17, 1.0], "world_rotation": [-0.4059884517598224, 0.2477982093873522, 0.8796416454796148, 5.868226354211375e-17]}], "source": "manual check"}
{"timestamp": 1706031714.329204, "objects": [{"color": "cv_", "id_name": "hand", "shape": "CVCylinder", "id_string": "ob382", "world_size": [0.12, 0.005, 0.12], "id": 382, "camera_size": [48, 50], "camera_position": [246, 426], "world_position": [0.26764451554004576, 0.6334703013847323, -0.17389260400847842], "world_orientation": [-0.0006415511932925181, 0.19791547486652888, 0.9802188802611501, -0.0007473675336175345, -0.9802189031249443, 0.19791499033246868, 0.9999995149268004, -0.0006056111687281339, 0.0007767762073038619], "world_rotation": [0.0, 1.0, 0.0, 0.0]}, {"color": "CVGreen", "id_name": "object274751365458465", "shape": "CVCone", "id_string": "ob1219", "world_size": [0.11, 0.11, 0.11], "id": 1219, "camera_size": [45, 45], "camera_position": [256, 254], "world_position": [0.705, 0.6547388572526824, -0.15], "world_orientation": [1.0, -3.838362879530641e-17, 1.4813540171849057e-17, 3.838362879530641e-17, 1.0, 5.294293626938881e-18, -1.4813540171849057e-17, -5.294293626938881e-18, 1.0], "world_rotation": [-0.1276280613210114, 0.35710588544125776, 0.925303444577321, 4.1482206750932463e-17]}], "source": "manual check"}
{"timestamp": 1706031716.491697, "objects": [{"color": "cv_", "id_name": "hand", "shape": "CVCylinder", "id_string": "ob382", "world_size": [0.12, 0.005, 0.12], "id": 382, "camera_size": [48, 50], "camera_position": [246, 426], "world_position": [0.26764451554004576, 0.6334703013847323, -0.17389260400847842], "world_orientation": [-0.0006415511932925181, 0.19791547486652888, 0.9802188802611501, -0.0007473675336175345, -0.9802189031249443, 0.19791499033246868, 0.9999995149268004, -0.0006056111687281339, 0.0007767762073038619], "world_rotation": [0.0, 1.0, 0.0, 0.0]}, {"color": "CVGreen", "id_name": "object274751365458465", "shape": "CVCone", "id_string": "ob1219", "world_size": [0.11, 0.11, 0.11], "id": 1219, "camera_size": [45, 45], "camera_position": [256, 254], "world_position": [0.705, 0.6547388572526824, -0.15], "world_orientation": [1.0, -3.838362879530641e-17, 1.4813540171849057e-17, 3.838362879530641e-17, 1.0, 5.294293626938881e-18, -1.4813540171849057e-17, -5.294293626938881e-18, 1.0], "world_rotation": [-0.1276280613210114, 0.35710588544125776, 0.925303444577321, 4.1482206750932463e-17]}], "source": "action wait"}
{"timestamp": 1706031716.529935, "objects": [{"color": "cv_", "id_name": "hand", "shape": "CVCylinder", "id_string": "ob382", "world_size": [0.12, 0.005, 0.12], "id": 382, "camera_size": [49, 51], "camera_position": [246, 421], "world_position": [0.2916574089350317, 0.6683011869782763, -0.17395584318540408], "world_orientation": [-0.0003788413688753788, 0.20321529892009793, 0.9791340044978687, -0.0007138469638790613, -0.9791338802449958, 0.20321499693401215, 0.9999996734508114, -0.0006219655887273487, 0.0005160010436525939], "world_rotation": [0.0, 1.0, 0.0, 0.0]}, {"color": "CVGreen", "id_name": "object274751365458465", "shape": "CVCone", "id_string": "ob1219", "world_size": [0.11, 0.11, 0.11], "id": 1219, "camera_size": [45, 45], "camera_position": [256, 254], "world_position": [0.705, 0.6547388572526824, -0.15], "world_orientation": [1.0, -3.838362879530641e-17, 1.4813540171849057e-17, 3.838362879530641e-17, 1.0, 5.294293626938881e-18, -1.4813540171849057e-17, -5.294293626938881e-18, 1.0], "world_rotation": [-0.1276280613210114, 0.35710588544125776, 0.925303444577321, 4.1482206750932463e-17]}], "source": "action wait"}
{"timestamp": 1706031716.562299, "objects": [{"color": "cv_", "id_name": "hand", "shape": "CVCylinder", "id_string": "ob382", "world_size": [0.12, 0.005, 0.12], "id": 382, "camera_size": [51, 52], "camera_position": [246, 406], "world_position": [0.3380799997424652, 0.7068580083405611, -0.17398360254682713], "world_orientation": [-0.0002162295783894608, 0.19544123841473848, 0.9807153896884064, -0.0007297229106260267, -0.980715182340083, 0.1954410362030752, 0.9999997103745796, -0.0006733903558012543, 0.0003546775797503262], "world_rotation": [0.0, 1.0, 0.0, 0.0]}, {"color": "CVGreen", "id_name": "object274751365458465", "shape": "CVCone", "id_string": "ob1219", "world_size": [0.11, 0.11, 0.11], "id": 1219, "camera_size": [45, 45], "camera_position": [256, 254], "world_position": [0.705, 0.6547388572526824, -0.15], "world_orientation": [1.0, -3.838362879530641e-17, 1.4813540171849057e-17, 3.838362879530641e-17, 1.0, 5.294293626938881e-18, -1.4813540171849057e-17, -5.294293626938881e-18, 1.0], "world_rotation": [-0.1276280613210114, 0.35710588544125776, 0.925303444577321, 4.1482206750932463e-17]}], "source": "action wait"}
{"timestamp": 1706031716.594736, "objects": [{"color": "cv_", "id_name": "hand", "shape": "CVCylinder", "id_string": "ob382", "world_size": [0.12, 0.005, 0.12], "id": 382, "camera_size": [51, 53], "camera_position": [246, 388], "world_position": [0.3889228196549236, 0.7404410496701246, -0.17400416463692], "world_orientation": [-0.00011052103993924536, 0.18988408626445197, 0.9818065092311284, -0.0007407104662619591, -0.9818062614370593, 0.18988395495931212, 0.9999997195665132, -0.0007062481850620253, 0.0002491593791059814], "world_rotation": [0.0, 1.0, 0.0, 0.0]}, {"color": "CVGreen", "id_name": "object274751365458465", "shape": "CVCone", "id_string": "ob1219", "world_size": [0.11, 0.11, 0.11], "id": 1219, "camera_size": [45, 45], "camera_position": [256, 254], "world_position": [0.705, 0.6547388572526824, -0.15], "world_orientation": [1.0, -3.838362879530641e-17, 1.4813540171849057e-17, 3.838362879530641e-17, 1.0, 5.294293626938881e-18, -1.4813540171849057e-17, -5.294293626938881e-18, 1.0], "world_rotation": [-0.1276280613210114, 0.35710588544125776, 0.925303444577321, 4.1482206750932463e-17]}], "source": "action wait"}
{"timestamp": 1706031716.628683, "objects": [{"color": "cv_", "id_name": "hand", "shape": "CVCylinder", "id_string": "ob382", "world_size": [0.12, 0.005, 0.12], "id": 382, "camera_size": [52, 53], "camera_position": [245, 367], "world_position": [0.44324119202494755, 0.7686744102115961, -0.1740227437775343], "world_orientation": [-3.611069654690933e-05, 0.18595950545206077, 0.982557408515168, -0.0007479520138000976, -0.9825571393412073, 0.18595942701946852, 0.9999997196318622, -0.0007281906679342775, 0.00017456960928731427], "world_rotation": [0.0, 1.0, 0.0, 0.0]}, {"color": "CVGreen", "id_name": "object274751365458465", "shape": "CVCone", "id_string": "ob1219", "world_size": [0.11, 0.11, 0.11], "id": 1219, "camera_size": [45, 45], "camera_position": [256, 254], "world_position": [0.705, 0.6547388572526824, -0.15], "world_orientation": [1.0, -3.838362879530641e-17, 1.4813540171849057e-17, 3.838362879530641e-17, 1.0, 5.294293626938881e-18, -1.4813540171849057e-17, -5.294293626938881e-18, 1.0], "world_rotation": [-0.1276280613210114, 0.35710588544125776, 0.925303444577321, 4.1482206750932463e-17]}], "source": "action wait"}
{"timestamp": 1706031716.660781, "objects": [{"color": "cv_", "id_name": "hand", "shape": "CVCylinder", "id_string": "ob382", "world_size": [0.12, 0.005, 0.12], "id": 382, "camera_size": [53, 54], "camera_position": [245, 343], "world_position": [0.5003669988972609, 0.791276333622108, -0.17403895413862025], "world_orientation": [1.617275412992039e-05, 0.18318724667326647, 0.9830780398293463, -0.000752811369578448, -0.9830777591601315, 0.18318720675783193, 0.9999997165067017, -0.0007430349672213767, 0.00012200636716834172], "world_rotation": [0.0, 1.0, 0.0, 0.0]}, {"color": "CVGreen", "id_name": "object274751365458465", "shape": "CVCone", "id_string": "ob1219", "world_size": [0.11, 0.11, 0.11], "id": 1219, "camera_size": [45, 45], "camera_position": [256, 254], "world_position": [0.705, 0.6547388572526824, -0.15], "world_orientation": [1.0, -3.838362879530641e-17, 1.4813540171849057e-17, 3.838362879530641e-17, 1.0, 5.294293626938881e-18, -1.4813540171849057e-17, -5.294293626938881e-18, 1.0], "world_rotation": [-0.1276280613210114, 0.35710588544125776, 0.925303444577321, 4.1482206750932463e-17]}], "source": "action wait"}
{"timestamp": 1706031716.692969, "objects": [{"color": "cv_", "id_name": "hand", "shape": "CVCylinder", "id_string": "ob382", "world_size": [0.12, 0.005, 0.12], "id": 382, "camera_size": [54, 54], "camera_position": [245, 318], "world_position": [0.5596437787234149, 0.8080158264506402, -0.17405264695331932], "world_orientation": [5.279497345630736e-05, 0.18122757418962332, 0.9834411845992801, -0.0007561306586769885, -0.9834408976020587, 0.18122756189411238, 0.9999997127395177, -0.0007531779350011775, 8.511098895810913e-05], "world_rotation": [0.0, 1.0, 0.0, 0.0]}, {"color": "CVGreen", "id_name": "object274751365458465", "shape": "CVCone", "id_string": "ob1219", "world_size": [0.11, 0.11, 0.11], "id": 1219, "camera_size": [45, 45], "camera_position": [256, 254], "world_position": [0.705, 0.6547388572526824, -0.15], "world_orientation": [1.0, -3.838362879530641e-17, 1.4813540171849057e-17, 3.838362879530641e-17, 1.0, 5.294293626938881e-18, -1.4813540171849057e-17, -5.294293626938881e-18, 1.0], "world_rotation": [-0.1276280613210114, 0.35710588544125776, 0.925303444577321, 4.1482206750932463e-17]}], "source": "action wait"}
{"timestamp": 1706031716.723995, "objects": [{"color": "cv_", "id_name": "hand", "shape": "CVCylinder", "id_string": "ob382", "world_size": [0.12, 0.005, 0.12], "id": 382, "camera_size": [54, 54], "camera_position": [245, 291], "world_position": [0.6205707443325615, 0.8141969554067063, -0.17406325867971761], "world_orientation": [7.418148616032535e-05, 0.17337714890234907, 0.9848555014496286, -0.0007643023746340069, -0.9848552066737134, 0.17337715457798236, 0.9999997051694501, -0.0007655887734224432, 5.945454372997066e-05], "world_rotation": [0.0, 1.0, 0.0, 0.0]}, {"color": "CVGreen", "id_name": "object274751365458465", "shape": "CVCone", "id_string": "ob1219", "world_size": [0.11, 0.11, 0.11], "id": 1219, "camera_size": [45, 45], "camera_position": [256, 254], "world_position": [0.705, 0.6547388572526824, -0.15], "world_orientation": [1.0, -3.838362879530641e-17, 1.4813540171849057e-17, 3.838362879530641e-17, 1.0, 5.294293626938881e-18, -1.4813540171849057e-17, -5.294293626938881e-18, 1.0], "world_rotation": [-0.1276280613210114, 0.35710588544125776, 0.925303444577321, 4.1482206750932463e-17]}], "source": "action wait"}
{"timestamp": 1706031716.755439, "objects": [{"color": "cv_", "id_name": "hand", "shape": "CVCylinder", "id_string": "ob382", "world_size": [0.12, 0.005, 0.12], "id": 382, "camera_size": [53, 53], "camera_position": [245, 264], "world_position": [0.6826714226533214, 0.7958631779095987, -0.1740709500940188], "world_orientation": [6.708907374432451e-05, 0.13982947810814794, 0.9901755968266736, -0.0007772590877498111, -0.9901752926652696, 0.13982948781840773, 0.9999996956836371, -0.0007790040119218048, 4.225378936585468e-05], "world_rotation": [0.0, 1.0, 0.0, 0.0]}, {"color": "CVGreen", "id_name": "object274751365458465", "shape": "CVCone", "id_string": "ob1219", "world_size": [0.11, 0.11, 0.11], "id": 1219, "camera_size": [45, 45], "camera_position": [256, 254], "world_position": [0.705, 0.6547388572526824, -0.15], "world_orientation": [1.0, -3.838362879530641e-17, 1.4813540171849057e-17, 3.838362879530641e-17, 1.0, 5.294293626938881e-18, -1.4813540171849057e-17, -5.294293626938881e-18, 1.0], "world_rotation": [-0.1276280613210114, 0.35710588544125776, 0.925303444577321, 4.1482206750932463e-17]}], "source": "action wait"}
{"timestamp": 1706031716.795081, "objects": [{"color": "cv_", "id_name": "hand", "shape": "CVCylinder", "id_string": "ob382", "world_size": [0.12, 0.005, 0.12], "id": 382, "camera_size": [52, 52], "camera_position": [245, 239], "world_position": [0.737029231341762, 0.7656790175254846, -0.1740726597387245], "world_orientation": [3.572193717657863e-05, 0.09827526617228927, 0.9951592690533053, -0.0007769622964689709, -0.9951589665865067, 0.09827526419229818, 0.9999996975267208, -0.0007767118138498578, 4.0807170406607395e-05], "world_rotation": [0.0, 1.0, 0.0, 0.0]}, {"color": "CVGreen", "id_name": "object274751365458465", "shape": "CVCone", "id_string": "ob1219", "world_size": [0.11, 0.11, 0.11], "id": 1219, "camera_size": [45, 45], "camera_position": [256, 254], "world_position": [0.705, 0.6547388572526824, -0.15], "world_orientation": [1.0, -3.838362879530641e-17, 1.4813540171849057e-17, 3.838362879530641e-17, 1.0, 5.294293626938881e-18, -1.4813540171849057e-17, -5.294293626938881e-18, 1.0], "world_rotation": [-0.1276280613210114, 0.35710588544125776, 0.925303444577321, 4.1482206750932463e-17]}], "source": "action wait"}
{"timestamp": 1706031716.827368, "objects": [{"color": "cv_", "id_name": "hand", "shape": "CVCylinder", "id_string": "ob382", "world_size": [0.12, 0.005, 0.12], "id": 382, "camera_size": [51, 51], "camera_position": [246, 224], "world_position": [0.7744161292748284, 0.7408476243367593, -0.17407408897389842], "world_orientation": [1.1542862843984937e-05, 0.06880413626316113, 0.9976301873439088, -0.0007702312855584836, -0.9976298908734472, 0.06880412472810565, 0.9999997033052205, -0.0007692001782850275, 4.147959332669222e-05], "world_rotation": [0.0, 1.0, 0.0, 0.0]}, {"color": "CVGreen", "id_name": "object274751365458465", "shape": "CVCone", "id_string": "ob1219", "world_size": [0.11, 0.11, 0.11], "id": 1219, "camera_size": [45, 45], "camera_position": [256, 254], "world_position": [0.705, 0.6547388572526824, -0.15], "world_orientation": [1.0, -3.838362879530641e-17, 1.4813540171849057e-17, 3.838362879530641e-17, 1.0, 5.294293626938881e-18, -1.4813540171849057e-17, -5.294293626938881e-18, 1.0], "world_rotation": [-0.1276280613210114, 0.35710588544125776, 0.925303444577321, 4.1482206750932463e-17]}], "source": "action wait"}
{"timestamp": 1706031716.86177, "objects": [{"color": "cv_", "id_name": "hand", "shape": "CVCylinder", "id_string": "ob382", "world_size": [0.12, 0.005, 0.12], "id": 382, "camera_size": [51, 51], "camera_position": [246, 214], "world_position": [0.8000845735453485, 0.7216966230217252, -0.1740776307724572], "world_orientation": [-1.4359963312750926e-06, 0.047996413237033506, 0.998847508038298, -0.0007652000706525447, -0.9988472156638607, 0.04799639808782573, 0.9999997072333522, -0.0007642492610708003, 3.81611997376257e-05], "world_rotation": [0.0, 1.0, 0.0, 0.0]}, {"color": "CVGreen", "id_name": "object274751365458465", "shape": "CVCone", "id_string": "ob1219", "world_size": [0.11, 0.11, 0.11], "id": 1219, "camera_size": [45, 45], "camera_position": [256, 254], "world_position": [0.705, 0.6547388572526824, -0.15], "world_orientation": [1.0, -3.838362879530641e-17, 1.4813540171849057e-17, 3.838362879530641e-17, 1.0, 5.294293626938881e-18, -1.4813540171849057e-17, -5.294293626938881e-18, 1.0], "world_rotation": [-0.1276280613210114, 0.35710588544125776, 0.925303444577321, 4.1482206750932463e-17]}], "source": "action wait"}
{"timestamp": 1706031716.897706, "objects": [{"color": "cv_", "id_name": "hand", "shape": "CVCylinder", "id_string": "ob382", "world_size": [0.12, 0.005, 0.12], "id": 382, "camera_size": [50, 50], "camera_position": [245, 206], "world_position": [0.8182273614649033, 0.712994856566598, -0.174122165514495], "world_orientation": [1.0013439751243382e-05, 0.04086370523385236, 0.9991647299090837, -0.0007760828927081339, -0.9991644287407837, 0.04086370069446785, 0.9999996987974921, -0.0007758438400850468, 2.1708549756256973e-05], "world_rotation": [0.0, 1.0, 0.0, 0.0]}, {"color": "CVGreen", "id_name": "object274751365458465", "shape": "CVCone", "id_string": "ob1219", "world_size": [0.11, 0.11, 0.11], "id": 1219, "camera_size": [45, 49], "camera_position": [256, 252], "world_position": [0.709246817279261, 0.6555922826257664, -0.1500204702686013], "world_orientation": [0.9969971998972584, 0.07743760623124159, 2.3199165816704723e-05, -0.07743760926368591, 0.996997117426368, 0.00040560453377964294, 8.279542726483136e-06, -0.00040618307238169434, 0.9999999174733772], "world_rotation": [-0.0052414871451662536, 9.633186321716287e-05, -0.9999862586719276, 0.07751627816284763]}], "source": "action wait"}
{"timestamp": 1706031716.924578, "objects": [{"color": "cv_", "id_name": "hand", "shape": "CVCylinder", "id_string": "ob382", "world_size": [0.12, 0.005, 0.12], "id": 382, "camera_size": [49, 50], "camera_position": [246, 201], "world_position": [0.8308259887718439, 0.7054037598839873, -0.17414928460222134], "world_orientation": [1.5505651834124913e-05, 0.0342221299176685, 0.9994142512409321, -0.0007886336968407774, -0.9994139401531456, 0.03422213150078906, 0.9999996889081852, -0.0007887023920879289, 1.1492160236933895e-05], "world_rotation": [0.0, 1.0, 0.0, 0.0]}, {"color": "CVGreen", "id_name": "object274751365458465", "shape": "CVCone", "id_string": "ob1219", "world_size": [0.11, 0.11, 0.11], "id": 1219, "camera_size": [46, 53], "camera_position": [255, 250], "world_position": [0.7143924102575895, 0.6586487621709035, -0.15002902799669768], "world_orientation": [0.9867129455051963, 0.1624732605548271, 5.26986067217462e-05, -0.16247326386764072, 0.9867127794902707, 0.0005738630328430288, 4.123900934421001e-05, -0.0005748001980884494, 0.9999998339520244], "world_rotation": [-0.003534907953340794, 3.526588195835832e-05, -0.999993751571518, 0.16319773449652358]}], "source": "action wait"}
{"timestamp": 1706031716.959017, "objects": [{"color": "cv_", "id_name": "hand", "shape": "CVCylinder", "id_string": "ob382", "world_size": [0.12, 0.005, 0.12], "id": 382, "camera_size": [49, 50], "camera_position": [246, 198], "world_position": [0.8397513903580519, 0.7009189137940977, -0.1741720769746698], "world_orientation": [2.190939056350186e-05, 0.03087805708377745, 0.9995231588666216, -0.0008036668263749753, -0.9995228357765766, 0.030878064718876025, 0.9999996768197532, -0.0008039601245547549, 2.916733955347713e-06], "world_rotation": [0.0, 1.0, 0.0, 0.0]}, {"color": "CVGreen", "id_name": "object274751365458465", "shape": "CVCone", "id_string": "ob1219", "world_size": [0.11, 0.11, 0.11], "id": 1219, "camera_size": [47, 56], "camera_position": [256, 247], "world_position": [0.7199361926105807, 0.6602500583008118, -0.15004322257582195], "world_orientation": [0.9689884210219623, 0.24710610930291826, 0.00010329829918010316, -0.24710610844886927, 0.968988070167855, 0.0008312879356479648, 0.00010532150791427366, -0.0008310340248979105, 0.9999996491448532], "world_rotation": [0.0033635602225629622, 4.093782421043864e-06, 0.9999943432069354, -0.2496940477165582]}], "source": "action wait"}
{"timestamp": 1706031716.989457, "objects": [{"color": "cv_", "id_name": "hand", "shape": "CVCylinder", "id_string": "ob382", "world_size": [0.12, 0.005, 0.12], "id": 382, "camera_size": [49, 49], "camera_position": [246, 196], "world_position": [0.8459601285994358, 0.6967934529226052, -0.1741878060788768], "world_orientation": [2.2540012350248436e-05, 0.02727391833103028, 0.9996279972423843, -0.0008128164572219543, -0.9996276667841677, 0.027273927642497038, 0.9999996694106227, -0.0008131288419246929, -3.629302822184659e-07], "world_rotation": [0.0, 1.0, 0.0, 0.0]}, {"color": "CVGreen", "id_name": "object274751365458465", "shape": "CVCone", "id_string": "ob1219", "world_size": [0.11, 0.11, 0.11], "id": 1219, "camera_size": [47, 58], "camera_position": [256, 245], "world_position": [0.7241283799220982, 0.6608286998163841, -0.15005447295515162], "world_orientation": [0.9517351580972864, 0.30692045549601754, 0.00015112792853582527, -0.3069204436738108, 0.9517346123565045, 0.0010338750820724442, 0.000173483730634372, -0.001030359515566782, 0.999999454131183], "world_rotation": [0.0033627979618549926, 3.6419332288396e-05, 0.9999943451157611, -0.3119574384712848]}], "source": "action wait"}
{"timestamp": 1706031717.019986, "objects": [{"color": "cv_", "id_name": "hand", "shape": "CVCylinder", "id_string": "ob382", "world_size": [0.12, 0.005, 0.12], "id": 382, "camera_size": [49, 50], "camera_position": [246, 194], "world_position": [0.8503295450945343, 0.6937176828048087, -0.17419664600310678], "world_orientation": [2.1286648239763255e-05, 0.024566856086983817, 0.999698189019506, -0.0008184105196012003, -0.9996978540211442, 0.02456686528111937, 0.9999996648754939, -0.0008186864605397799, -1.174443109122698e-06], "world_rotation": [0.0, 1.0, 0.0, 0.0]}, {"color": "CVGreen", "id_name": "object274751365458465", "shape": "CVCone", "id_string": "ob1219", "world_size": [0.11, 0.11, 0.11], "id": 1219, "camera_size": [47, 60], "camera_position": [256, 244], "world_position": [0.7272538346779002, 0.6612216148693215, -0.15006168890703747], "world_orientation": [0.9369386150981065, 0.34949390628593385, 0.000202501953436529, -0.34949389453187724, 0.9369379012182341, 0.0011776865931298229, 0.00022186253256810097, -0.0011741932419435087, 0.9999992860233687], "world_rotation": [0.0033646746316951786, 2.7697864698472658e-05, 0.9999943390827024, -0.35703299781461956]}], "source": "action wait"}
{"timestamp": 1706031717.053331, "objects": [{"color": "cv_", "id_name": "hand", "shape": "CVCylinder", "id_string": "ob382", "world_size": [0.12, 0.005, 0.12], "id": 382, "camera_size": [49, 49], "camera_position": [246, 193], "world_position": [0.8534145261472011, 0.6915124761120456, -0.17420206509954453], "world_orientation": [1.9754753824081672e-05, 0.022643595294436412, 0.9997436007306532, -0.0008218438515774065, -0.9997432629309763, 0.022643603882962632, 0.9999996620911598, -0.0008220804502351018, -1.1401824757500961e-06], "world_rotation": [0.0, 1.0, 0.0, 0.0]}, {"color": "CVGreen", "id_name": "object274751365458465", "shape": "CVCone", "id_string": "ob1219", "world_size": [0.11, 0.11, 0.11], "id": 1219, "camera_size": [47, 60], "camera_position": [256, 243], "world_position": [0.7295504455086946, 0.661534614168375, -0.1500668900120023], "world_orientation": [0.9250700961890411, 0.3797963329812093, 0.000250181583931849, -0.37979632654693696, 0.9250692285690822, 0.0012933275129133196, 0.00025976576189815987, -0.0012914366533216682, 0.9999991323561833], "world_rotation": [0.0034028096097624993, 1.2617450099109564e-05, 0.9999942103470199, -0.38957849618660473]}], "source": "action wait"}
{"timestamp": 1706031717.083177, "objects": [{"color": "cv_", "id_name": "hand", "shape": "CVCylinder", "id_string": "ob382", "world_size": [0.12, 0.005, 0.12], "id": 382, "camera_size": [49, 49], "camera_position": [246, 192], "world_position": [0.8555962679169049, 0.6899566062187499, -0.17420710472886825], "world_orientation": [1.916091699007407e-05, 0.021305364497807965, 0.9997730147770918, -0.0008239519825679109, -0.9997726752528155, 0.021305373053737406, 0.9999996603679373, -0.0008241731881283632, -1.6019639217925727e-06], "world_rotation": [0.0, 1.0, 0.0, 0.0]}, {"color": "CVGreen", "id_name": "object274751365458465", "shape": "CVCone", "id_string": "ob1219", "world_size": [0.11, 0.11, 0.11], "id": 1219, "camera_size": [47, 61], "camera_position": [256, 243], "world_position": [0.731220125287223, 0.6617946969652867, -0.15007120549283448], "world_orientation": [0.9159127403918311, 0.40137732856353453, 0.00030348496947899266, -0.40137734199873537, 0.9159117102365456, 0.0014029902339957594, 0.0002851630346953559, -0.0014068286203480782, 0.9999989697571077], "world_rotation": [-0.003500199680541181, 2.2823688501285184e-05, -0.999993874021874, 0.4130228203603359]}], "source": "action wait"}
{"timestamp": 1706031717.117593, "objects": [{"color": "cv_", "id_name": "hand", "shape": "CVCylinder", "id_string": "ob382", "world_size": [0.12, 0.005, 0.12], "id": 382, "camera_size": [49, 49], "camera_position": [246, 192], "world_position": [0.8570143082176257, 0.6878833546223324, -0.17421293448591063], "world_orientation": [1.905190643705415e-05, 0.01896641052524204, 0.9998201212762288, -0.0008254697466968425, -0.9998197805204786, 0.018966419790767988, 0.9999996591183031, -0.0008256826087079526, -3.3922748199619384e-06], "world_rotation": [0.0, 1.0, 0.0, 0.0]}, {"color": "CVGreen", "id_name": "object274751365458465", "shape": "CVCone", "id_string": "ob1219", "world_size": [0.11, 0.11, 0.11], "id": 1219, "camera_size": [47, 62], "camera_position": [256, 242], "world_position": [0.7316671852770592, 0.6628385199229849, -0.15007316584475047], "world_orientation": [0.8975890166334961, 0.4408330293536961, 0.00044435318929698085, -0.4408331772914524, 0.8975878139350173, 0.0014920035119609005, 0.0002588784201879475, -0.0015350915933920854, 0.9999987882371476], "world_rotation": [-0.0034333596704374117, 0.0002103672233543481, -0.9999940838760023, 0.4565295243775113]}], "source": "action wait"}
{"timestamp": 1706031717.157067, "objects": [{"color": "cv_", "id_name": "hand", "shape": "CVCylinder", "id_string": "ob382", "world_size": [0.12, 0.005, 0.12], "id": 382, "camera_size": [49, 49], "camera_position": [246, 192], "world_position": [0.857582087296101, 0.683168971751151, -0.17419584128426957], "world_orientation": [1.3000136902500986e-05, 0.012948204460184787, 0.9999161684022585, -0.0008151208895219792, -0.9999158361663074, 0.012948210755537006, 0.9999996677044107, -0.0008152208851482844, -2.444690823502938e-06], "world_rotation": [0.0, 1.0, 0.0, 0.0]}, {"color": "CVGreen", "id_name": "object274751365458465", "shape": "CVCone", "id_string": "ob1219", "world_size": [0.11, 0.11, 0.11], "id": 1219, "camera_size": [47, 65], "camera_position": [256, 244], "world_position": [0.7290110738441837, 0.6678728607198305, -0.15005877489275046], "world_orientation": [0.821238439261601, 0.5705847674988758, 0.0006700577761803463, -0.5705851384021354, 0.8212375105303912, 0.0012454446842917856, 0.00016035518559746165, -0.0014051320576737333, 0.9999989999445574], "world_rotation": [-0.0023226772053458267, 0.00044664792002011136, -0.9999972028342056, 0.6072199039288947]}], "source": "action wait"}
{"timestamp": 1706031717.195551, "objects": [{"color": "cv_", "id_name": "hand", "shape": "CVCylinder", "id_string": "ob382", "world_size": [0.12, 0.005, 0.12], "id": 382, "camera_size": [49, 49], "camera_position": [246, 192], "world_position": [0.8579060739751513, 0.679582150785037, -0.17416425426272905], "world_orientation": [6.676529394992804e-06, 0.008623769969668085, 0.9999628145820896, -0.0007971071598024117, -0.9999624968803326, 0.008623772551886942, 0.9999996822877496, -0.000797135095910857, 1.9778978332605803e-07], "world_rotation": [0.0, 1.0, 0.0, 0.0]}, {"color": "CVGreen", "id_name": "object274751365458465", "shape": "CVCone", "id_string": "ob1219", "world_size": [0.11, 0.11, 0.11], "id": 1219, "camera_size": [47, 66], "camera_position": [256, 244], "world_position": [0.7266366687467436, 0.6720096089588703, -0.1500243719344453], "world_orientation": [0.7433011059311209, 0.6689557389727188, 0.0012981590951977734, -0.6689568374843371, 0.7433008740508718, 0.0007484772304347586, -0.00046422465132785597, -0.0014247563560214494, 0.9999988772817693], "world_rotation": [-0.0016243429295708255, 0.0013172608760053015, -0.9999978131645247, 0.7328057105328345]}], "source": "action wait"}
{"timestamp": 1706031717.227419, "objects": [{"color": "cv_", "id_name": "hand", "shape": "CVCylinder", "id_string": "ob382", "world_size": [0.12, 0.005, 0.12], "id": 382, "camera_size": [49, 49], "camera_position": [246, 192], "world_position": [0.8581538879272165, 0.6772505421840136, -0.17416024539148592], "world_orientation": [6.841344909558781e-06, 0.005632171852640414, 0.9999841391709262, -0.0007939302481587554, -0.999983824006066, 0.0056321755091867315, 0.999999684813929, -0.0007939561874224072, -2.3696826470101574e-06], "world_rotation": [0.0, 1.0, 0.0, 0.0]}, {"color": "CVGreen", "id_name": "object274751365458465", "shape": "CVCone", "id_string": "ob1219", "world_size": [0.11, 0.11, 0.11], "id": 1219, "camera_size": [47, 67], "camera_position": [256, 245], "world_position": [0.7258170735542766, 0.6723784582633268, -0.1500199776941029], "world_orientation": [0.7187106494821208, 0.6953071508915817, 0.001722858096160061, -0.6953088653910748, 0.7187107324507271, 0.0006817394778508198, -0.0007642182702050948, -0.0016878919309746437, 0.9999982834941592], "world_rotation": [-0.0017040104176959683, 0.001788465506537271, -0.9999969488651594, 0.7688513195948314]}], "source": "action wait"}
{"timestamp": 1706031717.25796, "objects": [{"color": "cv_", "id_name": "hand", "shape": "CVCylinder", "id_string": "ob382", "world_size": [0.12, 0.005, 0.12], "id": 382, "camera_size": [49, 49], "camera_position": [246, 192], "world_position": [0.858382293704824, 0.6757221083388274, -0.17416552633735413], "world_orientation": [5.94088619508568e-06, 0.003551412632546584, 0.999993693696625, -0.000796280501859516, -0.9999933766681017, 0.0035514162372823482, 0.999999682950984, -0.0007962965788331598, -3.1129262129069763e-06], "world_rotation": [0.0, 1.0, 0.0, 0.0]}, {"color": "CVGreen", "id_name": "object274751365458465", "shape": "CVCone", "id_string": "ob1219", "world_size": [0.11, 0.11, 0.11], "id": 1219, "camera_size": [47, 67], "camera_position": [256, 245], "world_position": [0.7259950887774191, 0.6717201290755475, -0.15002393928889876], "world_orientation": [0.717017217448445, 0.6970532508771584, 0.0017536601936275283, -0.6970550801651448, 0.7170171762515505, 0.0007643142132922182, -0.0007246367730725991, -0.0017704241973225433, 0.9999981702481804], "world_rotation": [-0.0018181730640622114, 0.001777687500505585, -0.9999967670317036, 0.7712839403811232]}], "source": "action wait"}
{"timestamp": 1706031717.288287, "objects": [{"color": "cv_", "id_name": "hand", "shape": "CVCylinder", "id_string": "ob382", "world_size": [0.12, 0.005, 0.12], "id": 382, "camera_size": [49, 49], "camera_position": [246, 192], "world_position": [0.8585454844923699, 0.6746515827800141, -0.17416851587834112], "world_orientation": [4.824599229765415e-06, 0.0020856480957639747, 0.9999978250220067, -0.0007982677248885763, -0.9999975064105745, 0.0020856512825818234, 0.9999996813726306, -0.0007982760511057749, -3.159681638491019e-06], "world_rotation": [0.0, 1.0, 0.0, 0.0]}, {"color": "CVGreen", "id_name": "object274751365458465", "shape": "CVCone", "id_string": "ob1219", "world_size": [0.11, 0.11, 0.11], "id": 1219, "camera_size": [47, 67], "camera_position": [256, 245], "world_position": [0.7261201664193148, 0.6712448903688993, -0.15002607559825779], "world_orientation": [0.7157896018976352, 0.6983137445084474, 0.001777651770161895, -0.6983156593421701, 0.7157894667984505, 0.0008240982346827354, -0.000696945288613402, -0.0018312430152894786, 0.9999980804062996], "world_rotation": [-0.0019012432900308517, 0.0017718291588984456, -0.9999966229419895, 0.7730436228236249]}], "source": "action wait"}
{"timestamp": 1706031717.322115, "objects": [{"color": "cv_", "id_name": "hand", "shape": "CVCylinder", "id_string": "ob382", "world_size": [0.12, 0.005, 0.12], "id": 382, "camera_size": [49, 49], "camera_position": [246, 192], "world_position": [0.8586697157918247, 0.673906979487713, -0.17417143341582458], "world_orientation": [4.151393904115e-06, 0.001054183969896375, 0.9999994443393075, -0.0008000346057815685, -0.9999991243168646, 0.0010541869537946304, 0.9999996799636467, -0.0008000385375794269, -3.308006611638159e-06], "world_rotation": [0.0, 1.0, 0.0, 0.0]}, {"color": "CVGreen", "id_name": "object274751365458465", "shape": "CVCone", "id_string": "ob1219", "world_size": [0.11, 0.11, 0.11], "id": 1219, "camera_size": [47, 67], "camera_position": [256, 245], "world_position": [0.7262096623256535, 0.6708687842360763, -0.15002772899362202], "world_orientation": [0.7148690997164764, 0.6992559690574792, 0.0018055492351078317, -0.6992579738417074, 0.7148688774076918, 0.0008798480872436422, -0.0006754919279369294, -0.001891520909828073, 0.9999979829276173], "world_rotation": [-0.001981645738004946, 0.0017740490897305285, -0.9999964629087428, 0.774361038205]}], "source": "action wait"}
{"timestamp": 1706031717.354121, "objects": [{"color": "cv_", "id_name": "hand", "shape": "CVCylinder", "id_string": "ob382", "world_size": [0.12, 0.005, 0.12], "id": 382, "camera_size": [49, 49], "camera_position": [246, 192], "world_position": [0.8587588003160072, 0.6733853416064346, -0.17417378235018502], "world_orientation": [2.8432821007039507e-06, 0.0003276895549566699, 0.9999999463057342, -0.0008014000016445652, -0.9999996251880141, 0.0003276917283365164, 0.999999678874925, -0.0008014008903343683, -2.5806706247844087e-06], "world_rotation": [0.0, 1.0, 0.0, 0.0]}, {"color": "CVGreen", "id_name": "object274751365458465", "shape": "CVCone", "id_string": "ob1219", "world_size": [0.11, 0.11, 0.11], "id": 1219, "camera_size": [47, 66], "camera_position": [256, 244], "world_position": [0.7262714212396216, 0.6705954823343835, -0.15002886540684518], "world_orientation": [0.7141933853908123, 0.69994603124035, 0.0018334707234152888, -0.6999481228748503, 0.714193083296107, 0.000930083853030428, -0.0006584436074397273, -0.0019475941268936574, 0.9999978866623334], "world_rotation": [-0.0020556320863930233, 0.001780066807608301, -0.9999963028626087, 0.7753270157619641]}], "source": "action wait"}
{"timestamp": 1706031719.703573, "objects": [{"color": "cv_", "id_name": "hand", "shape": "CVCylinder", "id_string": "ob382", "world_size": [0.12, 0.005, 0.12], "id": 382, "camera_size": [49, 49], "camera_position": [246, 192], "world_position": [0.8589406029105904, 0.672139397529934, -0.17416442801804818], "world_orientation": [6.656961818592902e-07, -0.001405354202724784, 0.9999990124890734, -0.0008054867564224615, -0.9999986880858588, -0.001405353210612672, 0.9999996755952685, -0.0008054850254575862, -1.797689506536833e-06], "world_rotation": [0.0, 1.0, 0.0, 0.0]}, {"color": "CVGreen", "id_name": "object274751365458465", "shape": "CVCone", "id_string": "ob1219", "world_size": [0.11, 0.11, 0.11], "id": 1219, "camera_size": [47, 67], "camera_position": [256, 245], "world_position": [0.7262023040940543, 0.6699557100288109, -0.14999953867094531], "world_orientation": [0.7105415120989823, 0.7036512490985285, 0.002383112706607555, -0.7036551650851441, 0.7105392905165522, 0.0018235353666338219, -0.0004101622732666803, -0.002972587141758412, 0.999995497736162], "world_rotation": [-0.003407989305440642, 0.0019848223730543216, -0.99999222301428, 0.780533623800344]}], "source": "action wait"}
{"timestamp": 1706031719.739306, "objects": [{"color": "cv_", "id_name": "hand", "shape": "CVCylinder", "id_string": "ob382", "world_size": [0.12, 0.005, 0.12], "id": 382, "camera_size": [49, 49], "camera_position": [246, 203], "world_position": [0.830670100158829, 0.6727652588680137, -0.1741053554696977], "world_orientation": [-5.4635551279904865e-05, -0.002330997664864942, 0.999997281728727, -0.0008061348546732546, -0.9999969581927061, -0.002331040954442678, 0.9999996735807232, -0.0008062600210880179, 5.2756286625613436e-05], "world_rotation": [0.0, 1.0, 0.0, 0.0]}, {"color": "CVGreen", "id_name": "object274751365458465", "shape": "CVCone", "id_string": "ob1219", "world_size": [0.11, 0.11, 0.11], "id": 1219, "camera_size": [47, 66], "camera_position": [256, 256], "world_position": [0.6994041081884604, 0.6692478687347465, -0.14998151325581224], "world_orientation": [0.7305693045535521, 0.68283618353659, 0.0017993602539802815, -0.6828385306792363, 0.7305674359638403, 0.0016620857504535515, -0.00017962171657536635, -0.0024429413428077324, 0.9999969998823169], "world_rotation": [-0.003005843335812538, 0.0014490792953968056, -0.9999944325220198, 0.7516445803351078]}], "source": "action wait"}
{"timestamp": 1706031719.774838, "objects": [{"color": "cv_", "id_name": "hand", "shape": "CVCylinder", "id_string": "ob382", "world_size": [0.12, 0.005, 0.12], "id": 382, "camera_size": [49, 48], "camera_position": [246, 217], "world_position": [0.7950366904708152, 0.6754133796885311, -0.17411115210750713], "world_orientation": [-3.730417203191615e-05, -0.002091949763183784, 0.9999978111748982, -0.0007939851222520307, -0.9999974966031883, -0.00209197872413615, 0.9999996840979622, -0.0007940614238920405, 3.56431016566476e-05], "world_rotation": [0.0, 1.0, 0.0, 0.0]}, {"color": "CVGreen", "id_name": "object274751365458465", "shape": "CVCone", "id_string": "ob1219", "world_size": [0.11, 0.11, 0.11], "id": 1219, "camera_size": [47, 66], "camera_position": [256, 271], "world_position": [0.6632607354029574, 0.6712796895705504, -0.14998456593194046], "world_orientation": [0.7264229245918776, 0.68724056510114, -0.003184384846287841, -0.6872396233994039, 0.7264291319103108, 0.0015544587089749832, 0.0033815170011395803, 0.0010592410009907026, 0.9999937216559278], "world_rotation": [0.00036029040629210714, 0.004776952451705978, 0.9999885253922153, -0.7576937757725426]}], "source": "action wait"}
{"timestamp": 1706031719.810914, "objects": [{"color": "cv_", "id_name": "hand", "shape": "CVCylinder", "id_string": "ob382", "world_size": [0.12, 0.005, 0.12], "id": 382, "camera_size": [49, 49], "camera_position": [246, 228], "world_position": [0.769616958110683, 0.6759310672154067, -0.17412413983474737], "world_orientation": [-2.1246435806862053e-05, -0.0018669913463481367, 0.9999982569444319, -0.0007933057489542049, -0.9999979424721621, -0.0018670076141788028, 0.9999996851072394, -0.0007933440334359828, 1.9765297123798104e-05], "world_rotation": [0.0, 1.0, 0.0, 0.0]}, {"color": "CVGreen", "id_name": "object274751365458465", "shape": "CVCone", "id_string": "ob1219", "world_size": [0.11, 0.11, 0.11], "id": 1219, "camera_size": [47, 66], "camera_position": [256, 282], "world_position": [0.6376850147056266, 0.6717556247891038, -0.14999183423087742], "world_orientation": [0.7261660668527887, 0.6874508197421197, -0.00970637869850969, -0.6874719071282615, 0.7262094359846087, 0.001493986729434078, 0.008075906201931046, 0.005587980207930181, 0.999951775945327], "world_rotation": [-0.002977354941841437, 0.012932158808667233, 0.9999119434360697, -0.7580709293421166]}], "source": "action wait"}
