{"timestamp": 1706031156.771461, "objects": [{"color": "cv_", "id_name": "hand", "shape": "CVCylinder", "id_string": "ob382", "world_size": [0.12, 0.005, 0.12], "id": 382, "camera_size": [48, 50], "camera_position": [246, 426], "world_position": [0.26764451554001856, 0.6334703013847368, -0.17389260400847448], "world_orientation": [-0.0006415491032080036, 0.19791547486657304, 0.9802188802625091, -0.0007473671116112083, -0.9802189031249354, 0.1979149903341064, 0.9999995149284568, -0.0006056111687285806, 0.000776774075041956], "world_rotation": [0.0, 1.0, 0.0, 0.0]}, {"color": "CVGreen", "id_name": "object69606035840273", "shape": "CVCone", "id_string": "ob1079", "world_size": [0.11, 0.11, 0.11], "id": 1079, "camera_size": [45, 45], "camera_position": [256, 254], "world_position": [0.705, 0.6547388545032035, -0.15], "world_orientation": [1.0, -4.897221604918397e-17, 1.4640341299624373e-17, 4.897221604918397e-17, 1.0, 1.0588587253877655e-17, -1.4640341299624373e-17, -1.0588587253877655e-17, 1.0], "world_rotation": [-0.20285038077759815, 0.2804716754121498, 0.9381830110963879, 5.219900112234351e-17]}], "source": "manual check"}
{"timestamp": 1706031157.797958, "objects": [{"color": "cv_", "id_name": "hand", "shape": "CVCylinder", "id_string": "ob382", "world_size": [0.12, 0.005, 0.12], "id": 382, "camera_size": [48, 50], "camera_position": [246, 426], "world_position": [0.26764451554001856, 0.6334703013847368, -0.17389260400847448], "world_orientation": [-0.0006415491032080036, 0.19791547486657304, 0.9802188802625091, -0.0007473671116112083, -0.9802189031249354, 0.1979149903341064, 0.9999995149284568, -0.0006056111687285806, 0.000776774075041956], "world_rotation": [0.0, 1.0, 0.0, 0.0]}, {"color": "CVGreen", "id_name": "object69606035840273", "shape": "CVCone", "id_string": "ob1079", "world_size": [0.11, 0.11, 0.11], "id": 1079, "camera_size": [45, 45], "camera_position": [256, 254], "world_position": [0.705, 0.6547388572526824, -0.15], "world_orientation": [1.0, -3.838362879530641e-17, 1.4813540171849057e-17, 3.838362879530641e-17, 1.0, 5.294293626938881e-18, -1.4813540171849057e-17, -5.294293626938881e-18, 1.0], "world_rotation": [-0.1276280613210114, 0.35710588544125776, 0.925303444577321, 4.1482206750932463e-17]}], "source": "manual check"}
{"timestamp": 1706031161.07949, "objects": [{"color": "cv_", "id_name": "hand", "shape": "CVCylinder", "id_string": "ob382", "world_size": [0.12, 0.005, 0.12], "id": 382, "camera_size": [48, 50], "camera_position": [246, 426], "world_position": [0.26764451554001856, 0.6334703013847368, -0.17389260400847448], "world_orientation": [-0.0006415491032080036, 0.19791547486657304, 0.9802188802625091, -0.0007473671116112083, -0.9802189031249354, 0.1979149903341064, 0.9999995149284568, -0.0006056111687285806, 0.000776774075041956], "world_rotation": [0.0, 1.0, 0.0, 0.0]}, {"color": "CVGreen", "id_name": "object69606035840273", "shape": "CVCone", "id_string": "ob1079", "world_size": [0.11, 0.11, 0.11], "id": 1079, "camera_size": [45, 45], "camera_position": [256, 254], "world_position": [0.705, 0.6547388572526824, -0.15], "world_orientation": [1.0, -3.838362879530641e-17, 1.4813540171849057e-17, 3.838362879530641e-17, 1.0, 5.294293626938881e-18, -1.4813540171849057e-17, -5.294293626938881e-18, 1.0], "world_rotation": [-0.1276280613210114, 0.35710588544125776, 0.925303444577321, 4.1482206750932463e-17]}], "source": "action wait"}
{"timestamp": 1706031161.115418, "objects": [{"color": "cv_", "id_name": "hand", "shape": "CVCylinder", "id_string": "ob382", "world_size": [0.12, 0.005, 0.12], "id": 382, "camera_size": [49, 51], "camera_position": [246, 421], "world_position": [0.2914942333422242, 0.6681418578869811, -0.1739559194986992], "world_orientation": [-0.0003800398568345181, 0.20171450851930295, 0.9794442876562829, -0.0007142524935747598, -0.979444163306206, 0.20171420576841298, 0.9999996727064879, -0.0006229110868946146, 0.0005163029103008441], "world_rotation": [0.0, 1.0, 0.0, 0.0]}, {"color": "CVGreen", "id_name": "object69606035840273", "shape": "CVCone", "id_string": "ob1079", "world_size": [0.11, 0.11, 0.11], "id": 1079, "camera_size": [45, 45], "camera_position": [256, 254], "world_position": [0.705, 0.6547388572526824, -0.15], "world_orientation": [1.0, -3.838362879530641e-17, 1.4813540171849057e-17, 3.838362879530641e-17, 1.0, 5.294293626938881e-18, -1.4813540171849057e-17, -5.294293626938881e-18, 1.0], "world_rotation": [-0.1276280613210114, 0.35710588544125776, 0.925303444577321, 4.1482206750932463e-17]}], "source": "action wait"}
{"timestamp": 1706031161.142762, "objects": [{"color": "cv_", "id_name": "hand", "shape": "CVCylinder", "id_string": "ob382", "world_size": [0.12, 0.005, 0.12], "id": 382, "camera_size": [51, 52], "camera_position": [246, 406], "world_position": [0.3378049488868946, 0.70653638136117, -0.17398369629178553], "world_orientation": [-0.00021832433586651585, 0.19279845118270544, 0.9812383551186911, -0.0007302741091711009, -0.9812381475960452, 0.1927982479225564, 0.9999997095170629, -0.0006744804162351828, 0.0003550238840882426], "world_rotation": [0.0, 1.0, 0.0, 0.0]}, {"color": "CVGreen", "id_name": "object69606035840273", "shape": "CVCone", "id_string": "ob1079", "world_size": [0.11, 0.11, 0.11], "id": 1079, "camera_size": [45, 45], "camera_position": [256, 254], "world_position": [0.705, 0.6547388572526824, -0.15], "world_orientation": [1.0, -3.838362879530641e-17, 1.4813540171849057e-17, 3.838362879530641e-17, 1.0, 5.294293626938881e-18, -1.4813540171849057e-17, -5.294293626938881e-18, 1.0], "world_rotation": [-0.1276280613210114, 0.35710588544125776, 0.925303444577321, 4.1482206750932463e-17]}], "source": "action wait"}
{"timestamp": 1706031161.178712, "objects": [{"color": "cv_", "id_name": "hand", "shape": "CVCylinder", "id_string": "ob382", "world_size": [0.12, 0.005, 0.12], "id": 382, "camera_size": [51, 53], "camera_position": [246, 388], "world_position": [0.3885669795122227, 0.7400063975534404, -0.17400424699144096], "world_orientation": [-0.00011325671787689492, 0.18643316666943124, 0.9824676389268626, -0.000741332823333854, -0.9824673909115094, 0.18643303414678647, 0.999999718799241, -0.0007072207150487885, 0.00024948005792626025], "world_rotation": [0.0, 1.0, 0.0, 0.0]}, {"color": "CVGreen", "id_name": "object69606035840273", "shape": "CVCone", "id_string": "ob1079", "world_size": [0.11, 0.11, 0.11], "id": 1079, "camera_size": [45, 45], "camera_position": [256, 254], "world_position": [0.705, 0.6547388572526824, -0.15], "world_orientation": [1.0, -3.838362879530641e-17, 1.4813540171849057e-17, 3.838362879530641e-17, 1.0, 5.294293626938881e-18, -1.4813540171849057e-17, -5.294293626938881e-18, 1.0], "world_rotation": [-0.1276280613210114, 0.35710588544125776, 0.925303444577321, 4.1482206750932463e-17]}], "source": "action wait"}
{"timestamp": 1706031161.21679, "objects": [{"color": "cv_", "id_name": "hand", "shape": "CVCylinder", "id_string": "ob382", "world_size": [0.12, 0.005, 0.12], "id": 382, "camera_size": [52, 53], "camera_position": [245, 367], "world_position": [0.4428272987675592, 0.7681609026872245, -0.17402280711392204], "world_orientation": [-3.930283814452274e-05, 0.18193731652214185, 0.9833101297718887, -0.0007486146535747311, -0.9833098603491506, 0.18193723675002532, 0.9999997190156543, -0.0007289697223875522, 0.00017484780946817982], "world_rotation": [0.0, 1.0, 0.0, 0.0]}, {"color": "CVGreen", "id_name": "object69606035840273", "shape": "CVCone", "id_string": "ob1079", "world_size": [0.11, 0.11, 0.11], "id": 1079, "camera_size": [45, 45], "camera_position": [256, 254], "world_position": [0.705, 0.6547388572526824, -0.15], "world_orientation": [1.0, -3.838362879530641e-17, 1.4813540171849057e-17, 3.838362879530641e-17, 1.0, 5.294293626938881e-18, -1.4813540171849057e-17, -5.294293626938881e-18, 1.0], "world_rotation": [-0.1276280613210114, 0.35710588544125776, 0.925303444577321, 4.1482206750932463e-17]}], "source": "action wait"}
{"timestamp": 1706031161.252589, "objects": [{"color": "cv_", "id_name": "hand", "shape": "CVCylinder", "id_string": "ob382", "world_size": [0.12, 0.005, 0.12], "id": 382, "camera_size": [53, 53], "camera_position": [245, 344], "world_position": [0.4999116241315751, 0.7907077844267277, -0.17403899818736512], "world_orientation": [1.2660555716351863e-05, 0.1787614667487559, 0.9838924422138549, -0.0007534983573646697, -0.9838921612800613, 0.17876142540233736, 0.9999997160399277, -0.00074362455801817, 0.0001222398500289421], "world_rotation": [0.0, 1.0, 0.0, 0.0]}, {"color": "CVGreen", "id_name": "object69606035840273", "shape": "CVCone", "id_string": "ob1079", "world_size": [0.11, 0.11, 0.11], "id": 1079, "camera_size": [45, 45], "camera_position": [256, 254], "world_position": [0.705, 0.6547388572526824, -0.15], "world_orientation": [1.0, -3.838362879530641e-17, 1.4813540171849057e-17, 3.838362879530641e-17, 1.0, 5.294293626938881e-18, -1.4813540171849057e-17, -5.294293626938881e-18, 1.0], "world_rotation": [-0.1276280613210114, 0.35710588544125776, 0.925303444577321, 4.1482206750932463e-17]}], "source": "action wait"}
{"timestamp": 1706031161.282704, "objects": [{"color": "cv_", "id_name": "hand", "shape": "CVCylinder", "id_string": "ob382", "world_size": [0.12, 0.005, 0.12], "id": 382, "camera_size": [54, 54], "camera_position": [245, 318], "world_position": [0.5591588882007461, 0.8074088859141184, -0.17405267426883586], "world_orientation": [4.903255766138634e-05, 0.176516776006693, 0.9842976304878577, -0.0007568384820884446, -0.984297343215497, 0.17651676219109116, 0.9999997123956189, -0.0007536093929023103, 8.5332072579311e-05], "world_rotation": [0.0, 1.0, 0.0, 0.0]}, {"color": "CVGreen", "id_name": "object69606035840273", "shape": "CVCone", "id_string": "ob1079", "world_size": [0.11, 0.11, 0.11], "id": 1079, "camera_size": [45, 45], "camera_position": [256, 254], "world_position": [0.705, 0.6547388572526824, -0.15], "world_orientation": [1.0, -3.838362879530641e-17, 1.4813540171849057e-17, 3.838362879530641e-17, 1.0, 5.294293626938881e-18, -1.4813540171849057e-17, -5.294293626938881e-18, 1.0], "world_rotation": [-0.1276280613210114, 0.35710588544125776, 0.925303444577321, 4.1482206750932463e-17]}], "source": "action wait"}
{"timestamp": 1706031161.313884, "objects": [{"color": "cv_", "id_name": "hand", "shape": "CVCylinder", "id_string": "ob382", "world_size": [0.12, 0.005, 0.12], "id": 382, "camera_size": [54, 53], "camera_position": [245, 292], "world_position": [0.6200395179614264, 0.8142251766353295, -0.17406336254536856], "world_orientation": [7.08613856981109e-05, 0.16940325437292814, 0.9855468189723535, -0.0007641452666823422, -0.9855465245345182, 0.1694032587052086, 0.9999997055302945, -0.0007651050864654759, 5.961150259160526e-05], "world_rotation": [0.0, 1.0, 0.0, 0.0]}, {"color": "CVGreen", "id_name": "object69606035840273", "shape": "CVCone", "id_string": "ob1079", "world_size": [0.11, 0.11, 0.11], "id": 1079, "camera_size": [45, 45], "camera_position": [256, 254], "world_position": [0.705, 0.6547388572526824, -0.15], "world_orientation": [1.0, -3.838362879530641e-17, 1.4813540171849057e-17, 3.838362879530641e-17, 1.0, 5.294293626938881e-18, -1.4813540171849057e-17, -5.294293626938881e-18, 1.0], "world_rotation": [-0.1276280613210114, 0.35710588544125776, 0.925303444577321, 4.1482206750932463e-17]}], "source": "action wait"}
{"timestamp": 1706031161.344307, "objects": [{"color": "cv_", "id_name": "hand", "shape": "CVCylinder", "id_string": "ob382", "world_size": [0.12, 0.005, 0.12], "id": 382, "camera_size": [53, 53], "camera_position": [245, 264], "world_position": [0.6821124090680616, 0.796930871564464, -0.17407102669523258], "world_orientation": [6.492762572993267e-05, 0.137167041235717, 0.9905479284633544, -0.0007772565558772314, -0.9905476244202422, 0.1371670500800432, 0.9999996958282786, -0.000778815802199148, 4.230007662512329e-05], "world_rotation": [0.0, 1.0, 0.0, 0.0]}, {"color": "CVGreen", "id_name": "object69606035840273", "shape": "CVCone", "id_string": "ob1079", "world_size": [0.11, 0.11, 0.11], "id": 1079, "camera_size": [45, 45], "camera_position": [256, 254], "world_position": [0.705, 0.6547388572526824, -0.15], "world_orientation": [1.0, -3.838362879530641e-17, 1.4813540171849057e-17, 3.838362879530641e-17, 1.0, 5.294293626938881e-18, -1.4813540171849057e-17, -5.294293626938881e-18, 1.0], "world_rotation": [-0.1276280613210114, 0.35710588544125776, 0.925303444577321, 4.1482206750932463e-17]}], "source": "action wait"}
{"timestamp": 1706031161.374111, "objects": [{"color": "cv_", "id_name": "hand", "shape": "CVCylinder", "id_string": "ob382", "world_size": [0.12, 0.005, 0.12], "id": 382, "camera_size": [52, 52], "camera_position": [245, 240], "world_position": [0.7366177871020599, 0.7673791697545518, -0.1740727501741533], "world_orientation": [3.431637371390102e-05, 0.0963889121286503, 0.9953437478786119, -0.0007770971420985473, -0.9953434453601376, 0.09638890962472099, 0.9999996974711634, -0.0007767864997270122, 4.074697050089953e-05], "world_rotation": [0.0, 1.0, 0.0, 0.0]}, {"color": "CVGreen", "id_name": "object69606035840273", "shape": "CVCone", "id_string": "ob1079", "world_size": [0.11, 0.11, 0.11], "id": 1079, "camera_size": [45, 45], "camera_position": [256, 254], "world_position": [0.705, 0.6547388572526824, -0.15], "world_orientation": [1.0, -3.838362879530641e-17, 1.4813540171849057e-17, 3.838362879530641e-17, 1.0, 5.294293626938881e-18, -1.4813540171849057e-17, -5.294293626938881e-18, 1.0], "world_rotation": [-0.1276280613210114, 0.35710588544125776, 0.925303444577321, 4.1482206750932463e-17]}], "source": "action wait"}
{"timestamp": 1706031161.409397, "objects": [{"color": "cv_", "id_name": "hand", "shape": "CVCylinder", "id_string": "ob382", "world_size": [0.12, 0.005, 0.12], "id": 382, "camera_size": [51, 52], "camera_position": [246, 224], "world_position": [0.77414701622144, 0.7429779407064881, -0.17407415459198652], "world_orientation": [1.0523268792825267e-05, 0.06747015389378194, 0.9977212928582863, -0.0007703884152820333, -0.997720996293554, 0.06747014196433487, 0.9999997031954312, -0.0007693429321379523, 4.147893871321112e-05], "world_rotation": [0.0, 1.0, 0.0, 0.0]}, {"color": "CVGreen", "id_name": "object69606035840273", "shape": "CVCone", "id_string": "ob1079", "world_size": [0.11, 0.11, 0.11], "id": 1079, "camera_size": [45, 45], "camera_position": [256, 254], "world_position": [0.705, 0.6547388572526824, -0.15], "world_orientation": [1.0, -3.838362879530641e-17, 1.4813540171849057e-17, 3.838362879530641e-17, 1.0, 5.294293626938881e-18, -1.4813540171849057e-17, -5.294293626938881e-18, 1.0], "world_rotation": [-0.1276280613210114, 0.35710588544125776, 0.925303444577321, 4.1482206750932463e-17]}], "source": "action wait"}
{"timestamp": 1706031161.443215, "objects": [{"color": "cv_", "id_name": "hand", "shape": "CVCylinder", "id_string": "ob382", "world_size": [0.12, 0.005, 0.12], "id": 382, "camera_size": [51, 51], "camera_position": [246, 214], "world_position": [0.7999325215645047, 0.7241221871239791, -0.1740776853472539], "world_orientation": [-2.171927677733753e-06, 0.047054175434420184, 0.9988923388280989, -0.0007653516157760878, -0.9988920463514953, 0.04705415999278261, 0.9999997071160506, -0.0007644016672763481, 3.818251048066486e-05], "world_rotation": [0.0, 1.0, 0.0, 0.0]}, {"color": "CVGreen", "id_name": "object69606035840273", "shape": "CVCone", "id_string": "ob1079", "world_size": [0.11, 0.11, 0.11], "id": 1079, "camera_size": [45, 45], "camera_position": [256, 254], "world_position": [0.705, 0.6547388572526824, -0.15], "world_orientation": [1.0, -3.838362879530641e-17, 1.4813540171849057e-17, 3.838362879530641e-17, 1.0, 5.294293626938881e-18, -1.4813540171849057e-17, -5.294293626938881e-18, 1.0], "world_rotation": [-0.1276280613210114, 0.35710588544125776, 0.925303444577321, 4.1482206750932463e-17]}], "source": "action wait"}
{"timestamp": 1706031161.480522, "objects": [{"color": "cv_", "id_name": "hand", "shape": "CVCylinder", "id_string": "ob382", "world_size": [0.12, 0.005, 0.12], "id": 382, "camera_size": [49, 50], "camera_position": [246, 207], "world_position": [0.8177286115711416, 0.7100520839684071, -0.17408188855501036], "world_orientation": [-8.389388428456975e-06, 0.03265485603128399, 0.9994666879427219, -0.0007622444891314692, -0.9994663978332731, 0.03265484015456973, 0.9999997094564363, -0.0007615640208170481, 3.327589588621771e-05], "world_rotation": [0.0, 1.0, 0.0, 0.0]}, {"color": "CVGreen", "id_name": "object69606035840273", "shape": "CVCone", "id_string": "ob1079", "world_size": [0.11, 0.11, 0.11], "id": 1079, "camera_size": [45, 45], "camera_position": [256, 254], "world_position": [0.705, 0.6547388572526824, -0.15], "world_orientation": [1.0, -3.838362879530641e-17, 1.4813540171849057e-17, 3.838362879530641e-17, 1.0, 5.294293626938881e-18, -1.4813540171849057e-17, -5.294293626938881e-18, 1.0], "world_rotation": [-0.1276280613210114, 0.35710588544125776, 0.925303444577321, 4.1482206750932463e-17]}], "source": "action wait"}
{"timestamp": 1706031161.518051, "objects": [{"color": "cv_", "id_name": "hand", "shape": "CVCylinder", "id_string": "ob382", "world_size": [0.12, 0.005, 0.12], "id": 382, "camera_size": [49, 50], "camera_position": [246, 202], "world_position": [0.8300675264199516, 0.6997726319315428, -0.17408600443460498], "world_orientation": [-1.0955586292522727e-05, 0.02250378867168729, 0.9997467576218465, -0.0007606479387169222, -0.9997464686499515, 0.022503773831622907, 0.9999997106473025, -0.0007602087683882111, 2.8070269174752014e-05], "world_rotation": [0.0, 1.0, 0.0, 0.0]}, {"color": "CVGreen", "id_name": "object69606035840273", "shape": "CVCone", "id_string": "ob1079", "world_size": [0.11, 0.11, 0.11], "id": 1079, "camera_size": [45, 45], "camera_position": [256, 254], "world_position": [0.705, 0.6547388573599159, -0.15], "world_orientation": [1.0, -4.3677922422245204e-17, 1.4222324201809715e-17, 4.3677922422245204e-17, 1.0, 5.294293626938881e-18, -1.4222324201809715e-17, -5.294293626938881e-18, 1.0], "world_rotation": [-0.11449791446222708, 0.3075814404450427, 0.9446077943133612, 4.6239214502771326e-17]}], "source": "action wait"}
{"timestamp": 1706031161.548968, "objects": [{"color": "cv_", "id_name": "hand", "shape": "CVCylinder", "id_string": "ob382", "world_size": [0.12, 0.005, 0.12], "id": 382, "camera_size": [49, 49], "camera_position": [246, 199], "world_position": [0.8386572907561245, 0.6923621432189055, -0.17408968368745018], "world_orientation": [-1.1563449885264026e-05, 0.015349149867790502, 0.9998821947932781, -0.0007600529345973116, -0.9998819061887814, 0.01534913664756582, 0.9999997110928699, -0.0007597859074321841, 2.3228250714354214e-05], "world_rotation": [0.0, 1.0, 0.0, 0.0]}, {"color": "CVGreen", "id_name": "object69606035840273", "shape": "CVCone", "id_string": "ob1079", "world_size": [0.11, 0.11, 0.11], "id": 1079, "camera_size": [45, 45], "camera_position": [256, 254], "world_position": [0.705, 0.6547388573599159, -0.15], "world_orientation": [1.0, -4.3677922422245204e-17, 1.4222324201809715e-17, 4.3677922422245204e-17, 1.0, 5.294293626938881e-18, -1.4222324201809715e-17, -5.294293626938881e-18, 1.0], "world_rotation": [-0.11449791446222708, 0.3075814404450427, 0.9446077943133612, 4.6239214502771326e-17]}], "source": "action wait"}
{"timestamp": 1706031161.578155, "objects": [{"color": "cv_", "id_name": "hand", "shape": "CVCylinder", "id_string": "ob382", "world_size": [0.12, 0.005, 0.12], "id": 382, "camera_size": [49, 49], "camera_position": [246, 197], "world_position": [0.8446566258265988, 0.6870658733302161, -0.17409280475932926], "world_orientation": [-1.1167305087951352e-05, 0.01030689430686097, 0.9999468824917845, -0.0007600451242388923, -0.9999465938226219, 0.010306882843313978, 0.9999997111033087, -0.000759889652430896, 1.90004134492184e-05], "world_rotation": [0.0, 1.0, 0.0, 0.0]}, {"color": "CVGreen", "id_name": "object69606035840273", "shape": "CVCone", "id_string": "ob1079", "world_size": [0.11, 0.11, 0.11], "id": 1079, "camera_size": [45, 45], "camera_position": [256, 254], "world_position": [0.705, 0.6547388573599159, -0.15], "world_orientation": [1.0, -4.3677922422245204e-17, 1.4222324201809715e-17, 4.3677922422245204e-17, 1.0, 5.294293626938881e-18, -1.4222324201809715e-17, -5.294293626938881e-18, 1.0], "world_rotation": [-0.11449791446222708, 0.3075814404450427, 0.9446077943133612, 4.6239214502771326e-17]}], "source": "action wait"}
{"timestamp": 1706031161.606049, "objects": [{"color": "cv_", "id_name": "hand", "shape": "CVCylinder", "id_string": "ob382", "world_size": [0.12, 0.005, 0.12], "id": 382, "camera_size": [49, 49], "camera_position": [246, 195], "world_position": [0.8488573384991676, 0.6833020578548026, -0.1740953649022394], "world_orientation": [-1.0342751971658985e-05, 0.0067534389849098295, 0.9999771952174232, -0.0007603379997444742, -0.9999769062736305, 0.006753429169334699, 0.999999710889535, -0.0007602508113592101, 1.547740940852438e-05], "world_rotation": [0.0, 1.0, 0.0, 0.0]}, {"color": "CVGreen", "id_name": "object69606035840273", "shape": "CVCone", "id_string": "ob1079", "world_size": [0.11, 0.11, 0.11], "id": 1079, "camera_size": [45, 45], "camera_position": [256, 254], "world_position": [0.705, 0.6547388573599159, -0.15], "world_orientation": [1.0, -4.3677922422245204e-17, 1.4222324201809715e-17, 4.3677922422245204e-17, 1.0, 5.294293626938881e-18, -1.4222324201809715e-17, -5.294293626938881e-18, 1.0], "world_rotation": [-0.11449791446222708, 0.3075814404450427, 0.9446077943133612, 4.6239214502771326e-17]}], "source": "action wait"}
{"timestamp": 1706031161.639061, "objects": [{"color": "cv_", "id_name": "hand", "shape": "CVCylinder", "id_string": "ob382", "world_size": [0.12, 0.005, 0.12], "id": 382, "camera_size": [49, 49], "camera_position": [246, 194], "world_position": [0.8518042777114503, 0.6806372862984278, -0.17409741709445722], "world_orientation": [-9.378875087467762e-06, 0.004249178139222709, 0.999990972157838, -0.0007607518202285194, -0.9999906828630416, 0.004249169774886124, 0.9999997105843106, -0.0007607050998489706, 1.2611357707458897e-05], "world_rotation": [0.0, 1.0, 0.0, 0.0]}, {"color": "CVGreen", "id_name": "object69606035840273", "shape": "CVCone", "id_string": "ob1079", "world_size": [0.11, 0.11, 0.11], "id": 1079, "camera_size": [45, 45], "camera_position": [256, 254], "world_position": [0.705, 0.6547388573599159, -0.15], "world_orientation": [1.0, -4.3677922422245204e-17, 1.4222324201809715e-17, 4.3677922422245204e-17, 1.0, 5.294293626938881e-18, -1.4222324201809715e-17, -5.294293626938881e-18, 1.0], "world_rotation": [-0.11449791446222708, 0.3075814404450427, 0.9446077943133612, 4.6239214502771326e-17]}], "source": "action wait"}
{"timestamp": 1706031161.67726, "objects": [{"color": "cv_", "id_name": "hand", "shape": "CVCylinder", "id_string": "ob382", "world_size": [0.12, 0.005, 0.12], "id": 382, "camera_size": [49, 49], "camera_position": [246, 193], "world_position": [0.8538745827308072, 0.6787552755032059, -0.1740990350528832], "world_orientation": [-8.444800501511463e-06, 0.0024842881863830447, 0.9999969141156849, -0.0007611840261040595, -0.9999966244676025, 0.0024842810387448308, 0.99999971026374, -0.0007611606979208336, 1.0335772479892415e-05], "world_rotation": [0.0, 1.0, 0.0, 0.0]}, {"color": "CVGreen", "id_name": "object69606035840273", "shape": "CVCone", "id_string": "ob1079", "world_size": [0.11, 0.11, 0.11], "id": 1079, "camera_size": [45, 45], "camera_position": [256, 254], "world_position": [0.705, 0.6547388573599159, -0.15], "world_orientation": [1.0, -4.3677922422245204e-17, 1.4222324201809715e-17, 4.3677922422245204e-17, 1.0, 5.294293626938881e-18, -1.4222324201809715e-17, -5.294293626938881e-18, 1.0], "world_rotation": [-0.11449791446222708, 0.3075814404450427, 0.9446077943133612, 4.6239214502771326e-17]}], "source": "action wait"}
{"timestamp": 1706031161.715326, "objects": [{"color": "cv_", "id_name": "hand", "shape": "CVCylinder", "id_string": "ob382", "world_size": [0.12, 0.005, 0.12], "id": 382, "camera_size": [49, 49], "camera_position": [246, 193], "world_position": [0.8553305437840178, 0.6774282183166476, -0.17410029493025259], "world_orientation": [-7.607687277820704e-06, 0.0012404382004042628, 0.999999230627301, -0.0007615821412104569, -0.9999989406599287, 0.0012404320468345988, 0.9999997099673407, -0.000761572118451175, 8.55237479976103e-06], "world_rotation": [0.0, 1.0, 0.0, 0.0]}, {"color": "CVGreen", "id_name": "object69606035840273", "shape": "CVCone", "id_string": "ob1079", "world_size": [0.11, 0.11, 0.11], "id": 1079, "camera_size": [45, 45], "camera_position": [256, 254], "world_position": [0.705, 0.6547388573599159, -0.15], "world_orientation": [1.0, -4.3677922422245204e-17, 1.4222324201809715e-17, 4.3677922422245204e-17, 1.0, 5.294293626938881e-18, -1.4222324201809715e-17, -5.294293626938881e-18, 1.0], "world_rotation": [-0.11449791446222708, 0.3075814404450427, 0.9446077943133612, 4.6239214502771326e-17]}], "source": "action wait"}
{"timestamp": 1706031161.750724, "objects": [{"color": "cv_", "id_name": "hand", "shape": "CVCylinder", "id_string": "ob382", "world_size": [0.12, 0.005, 0.12], "id": 382, "camera_size": [49, 48], "camera_position": [246, 192], "world_position": [0.8563552425569138, 0.6764934224896474, -0.17410126661986478], "world_orientation": [-6.893787469251246e-06, 0.0003637771895762358, 0.9999999338093138, -0.0007619241624149382, -0.9999996435707492, 0.000363771831450969, 0.9999997097119812, -0.0007619216042172905, 7.170955642942021e-06], "world_rotation": [0.0, 1.0, 0.0, 0.0]}, {"color": "CVGreen", "id_name": "object69606035840273", "shape": "CVCone", "id_string": "ob1079", "world_size": [0.11, 0.11, 0.11], "id": 1079, "camera_size": [45, 45], "camera_position": [256, 254], "world_position": [0.705, 0.6547388573599159, -0.15], "world_orientation": [1.0, -4.3677922422245204e-17, 1.4222324201809715e-17, 4.3677922422245204e-17, 1.0, 5.294293626938881e-18, -1.4222324201809715e-17, -5.294293626938881e-18, 1.0], "world_rotation": [-0.11449791446222708, 0.3075814404450427, 0.9446077943133612, 4.6239214502771326e-17]}], "source": "action wait"}
{"timestamp": 1706031161.781069, "objects": [{"color": "cv_", "id_name": "hand", "shape": "CVCylinder", "id_string": "ob382", "world_size": [0.12, 0.005, 0.12], "id": 382, "camera_size": [49, 49], "camera_position": [246, 192], "world_position": [0.857076822853107, 0.6758353462502178, -0.17410201035761738], "world_orientation": [-6.304597142898904e-06, -0.000254109280545772, 0.9999999676943624, -0.0007622052105102995, -0.999999677234591, -0.00025411401213382763, 0.9999997095016925, -0.0007622067879735792, 6.1109116906864305e-06], "world_rotation": [0.0, 1.0, 0.0, 0.0]}, {"color": "CVGreen", "id_name": "object69606035840273", "shape": "CVCone", "id_string": "ob1079", "world_size": [0.11, 0.11, 0.11], "id": 1079, "camera_size": [45, 45], "camera_position": [256, 254], "world_position": [0.705, 0.6547388573599159, -0.15], "world_orientation": [1.0, -4.3677922422245204e-17, 1.4222324201809715e-17, 4.3677922422245204e-17, 1.0, 5.294293626938881e-18, -1.4222324201809715e-17, -5.294293626938881e-18, 1.0], "world_rotation": [-0.11449791446222708, 0.3075814404450427, 0.9446077943133612, 4.6239214502771326e-17]}], "source": "action wait"}
{"timestamp": 1706031161.812032, "objects": [{"color": "cv_", "id_name": "hand", "shape": "CVCylinder", "id_string": "ob382", "world_size": [0.12, 0.005, 0.12], "id": 382, "camera_size": [49, 49], "camera_position": [246, 192], "world_position": [0.8575851581654296, 0.6753722352969845, -0.17410257609677543], "world_orientation": [-5.8295539113864175e-06, -0.0006896196181212246, 0.999999762195371, -0.000762429151371937, -0.9999994715602194, -0.0006896238623159725, 0.9999997093338605, -0.000762432990262574, 5.3037647309688106e-06], "world_rotation": [0.0, 1.0, 0.0, 0.0]}, {"color": "CVGreen", "id_name": "object69606035840273", "shape": "CVCone", "id_string": "ob1079", "world_size": [0.11, 0.11, 0.11], "id": 1079, "camera_size": [45, 45], "camera_position": [256, 254], "world_position": [0.705, 0.6547388573599159, -0.15], "world_orientation": [1.0, -4.3677922422245204e-17, 1.4222324201809715e-17, 4.3677922422245204e-17, 1.0, 5.294293626938881e-18, -1.4222324201809715e-17, -5.294293626938881e-18, 1.0], "world_rotation": [-0.11449791446222708, 0.3075814404450427, 0.9446077943133612, 4.6239214502771326e-17]}], "source": "action wait"}
{"timestamp": 1706031161.841666, "objects": [{"color": "cv_", "id_name": "hand", "shape": "CVCylinder", "id_string": "ob382", "world_size": [0.12, 0.005, 0.12], "id": 382, "camera_size": [49, 49], "camera_position": [246, 192], "world_position": [0.8579433750902171, 0.6750463820249384, -0.17410300421557387], "world_orientation": [-5.453143893983308e-06, -0.0009965926844508716, 0.9999995033865191, -0.0007626036191715528, -0.9999992126152052, -0.0009965965532592546, 0.9999997092029493, -0.0007626086750370638, 4.693134412622624e-06], "world_rotation": [0.0, 1.0, 0.0, 0.0]}, {"color": "CVGreen", "id_name": "object69606035840273", "shape": "CVCone", "id_string": "ob1079", "world_size": [0.11, 0.11, 0.11], "id": 1079, "camera_size": [45, 45], "camera_position": [256, 254], "world_position": [0.705, 0.6547388573599159, -0.15], "world_orientation": [1.0, -4.3677922422245204e-17, 1.4222324201809715e-17, 4.3677922422245204e-17, 1.0, 5.294293626938881e-18, -1.4222324201809715e-17, -5.294293626938881e-18, 1.0], "world_rotation": [-0.11449791446222708, 0.3075814404450427, 0.9446077943133612, 4.6239214502771326e-17]}], "source": "action wait"}
{"timestamp": 1706031161.87461, "objects": [{"color": "cv_", "id_name": "hand", "shape": "CVCylinder", "id_string": "ob382", "world_size": [0.12, 0.005, 0.12], "id": 382, "camera_size": [49, 49], "camera_position": [246, 192], "world_position": [0.8581958616089991, 0.6748171160221806, -0.17410332676712775], "world_orientation": [-5.1588424987688716e-06, -0.0012129707460973686, 0.9999992643374073, -0.0007627372434139767, -0.9999989734620616, -0.0012129743281176935, 0.9999997091025996, -0.000762742939840614, 4.2336592401649725e-06], "world_rotation": [0.0, 1.0, 0.0, 0.0]}, {"color": "CVGreen", "id_name": "object69606035840273", "shape": "CVCone", "id_string": "ob1079", "world_size": [0.11, 0.11, 0.11], "id": 1079, "camera_size": [45, 45], "camera_position": [256, 254], "world_position": [0.705, 0.6547388573599159, -0.15], "world_orientation": [1.0, -4.3677922422245204e-17, 1.4222324201809715e-17, 4.3677922422245204e-17, 1.0, 5.294293626938881e-18, -1.4222324201809715e-17, -5.294293626938881e-18, 1.0], "world_rotation": [-0.11449791446222708, 0.3075814404450427, 0.9446077943133612, 4.6239214502771326e-17]}], "source": "action wait"}
{"timestamp": 1706031163.922936, "objects": [{"color": "cv_", "id_name": "hand", "shape": "CVCylinder", "id_string": "ob382", "world_size": [0.12, 0.005, 0.12], "id": 382, "camera_size": [49, 49], "camera_position": [246, 192], "world_position": [0.858799529098479, 0.6742723777127717, -0.17410426874484694], "world_orientation": [-4.226598838544109e-06, -0.001729878386382958, 0.9999985037503327, -0.0007631196992030643, -0.999998212578241, -0.0017298811080953354, 0.999999708815188, -0.0007631258688993165, 2.90648701031856e-06], "world_rotation": [0.0, 1.0, 0.0, 0.0]}, {"color": "CVGreen", "id_name": "object69606035840273", "shape": "CVCone", "id_string": "ob1079", "world_size": [0.11, 0.11, 0.11], "id": 1079, "camera_size": [45, 45], "camera_position": [256, 254], "world_position": [0.705, 0.6547388573599159, -0.15], "world_orientation": [1.0, -4.3677922422245204e-17, 1.4222324201809715e-17, 4.3677922422245204e-17, 1.0, 5.294293626938881e-18, -1.4222324201809715e-17, -5.294293626938881e-18, 1.0], "world_rotation": [-0.11449791446222708, 0.3075814404450427, 0.9446077943133612, 4.6239214502771326e-17]}], "source": "action wait"}
{"timestamp": 1706031163.954466, "objects": [{"color": "cv_", "id_name": "hand", "shape": "CVCylinder", "id_string": "ob382", "world_size": [0.12, 0.005, 0.12], "id": 382, "camera_size": [48, 49], "camera_position": [246, 205], "world_position": [0.8263359045279893, 0.661203303297718, -0.17408846727967908], "world_orientation": [-4.625291647215855e-05, -0.02289779291604466, 0.9997378100983487, -0.0007602091465379069, -0.9997375214793508, -0.022897821476684777, 0.9999997099713187, -0.0007610689184010695, 2.8833664465114986e-05], "world_rotation": [0.0, 1.0, 0.0, 0.0]}, {"color": "CVGreen", "id_name": "object69606035840273", "shape": "CVCone", "id_string": "ob1079", "world_size": [0.11, 0.11, 0.11], "id": 1079, "camera_size": [45, 45], "camera_position": [256, 254], "world_position": [0.705, 0.6547388573599159, -0.15], "world_orientation": [1.0, -4.3677922422245204e-17, 1.4222324201809715e-17, 4.3677922422245204e-17, 1.0, 5.294293626938881e-18, -1.4222324201809715e-17, -5.294293626938881e-18, 1.0], "world_rotation": [-0.11449791446222708, 0.3075814404450427, 0.9446077943133612, 4.6239214502771326e-17]}], "source": "action wait"}
{"timestamp": 1706031163.979948, "objects": [{"color": "cv_", "id_name": "hand", "shape": "CVCylinder", "id_string": "ob382", "world_size": [0.12, 0.005, 0.12], "id": 382, "camera_size": [49, 49], "camera_position": [246, 219], "world_position": [0.7921051793645781, 0.6679727980748986, -0.174107319033086], "world_orientation": [-3.455430831294472e-05, -0.016673908301575505, 0.9998609801307132, -0.0007581608908136171, -0.9998606929267568, -0.016673929713464545, 0.9999997119989903, -0.0007586316474941542, 2.1907989482474277e-05], "world_rotation": [0.0, 1.0, 0.0, 0.0]}, {"color": "CVGreen", "id_name": "object69606035840273", "shape": "CVCone", "id_string": "ob1079", "world_size": [0.11, 0.11, 0.11], "id": 1079, "camera_size": [45, 47], "camera_position": [256, 264], "world_position": [0.6809565551674304, 0.6561688633018313, -0.15000888701412962], "world_orientation": [0.9995507137639587, -0.029972179705384967, 0.00019763013153068545, 0.029972183025924, 0.9995507331058974, -1.3860877817307448e-05, -0.00019712590213449675, 1.977805678936031e-05, 0.9999999803751034], "world_rotation": [0.0005611570194274814, 0.0065852299379499215, 0.9999781596862324, 0.029977325584288173]}], "source": "action wait"}
{"timestamp": 1706031164.012317, "objects": [{"color": "cv_", "id_name": "hand", "shape": "CVCylinder", "id_string": "ob382", "world_size": [0.12, 0.005, 0.12], "id": 382, "camera_size": [49, 49], "camera_position": [246, 229], "world_position": [0.7674244153226522, 0.6713926827181274, -0.17411018411593654], "world_orientation": [-1.80630455918722e-05, -0.012211215442981318, 0.9999254401659813, -0.0007619561405493423, -0.9999251498940617, -0.012211225662418541, 0.999999709548241, -0.0007621199011522061, 8.757282980993101e-06], "world_rotation": [0.0, 1.0, 0.0, 0.0]}, {"color": "CVGreen", "id_name": "object69606035840273", "shape": "CVCone", "id_string": "ob1079", "world_size": [0.11, 0.11, 0.11], "id": 1079, "camera_size": [45, 48], "camera_position": [256, 282], "world_position": [0.6361970618379574, 0.6568639396709657, -0.15002904487546495], "world_orientation": [0.9990999403712472, -0.04241434559578018, 0.0005765742384064944, 0.04241435759661019, 0.9991001061934481, -8.596964763870233e-06, -0.0005756907481857655, 3.304425291172361e-05, 0.9999998337441061], "world_rotation": [0.0004908406001892469, 0.01358217816784662, 0.9999076374904445, 0.04243100036458187]}], "source": "action wait"}
{"timestamp": 1706031164.049961, "objects": [{"color": "cv_", "id_name": "hand", "shape": "CVCylinder", "id_string": "ob382", "world_size": [0.12, 0.005, 0.12], "id": 382, "camera_size": [49, 49], "camera_position": [246, 236], "world_position": [0.7499652034662713, 0.6730401410120664, -0.17411096765720088], "world_orientation": [-8.603223846388296e-06, -0.009080167488270877, 0.9999587743924095, -0.0007634386412314348, -0.9999584829624688, -0.009080171410233064, 0.9999997085436704, -0.0007634852867571713, 1.6707159369915102e-06], "world_rotation": [0.0, 1.0, 0.0, 0.0]}, {"color": "CVGreen", "id_name": "object69606035840273", "shape": "CVCone", "id_string": "ob1079", "world_size": [0.11, 0.11, 0.11], "id": 1079, "camera_size": [45, 48], "camera_position": [256, 298], "world_position": [0.5956835956822479, 0.6543776913470581, -0.15005144027027595], "world_orientation": [0.9999884602813929, 0.004707348293609905, 0.00095925809463385, -0.004707341014573208, 0.999988920360437, -9.845843421576828e-06, -0.0009592938142141433, 5.3301748308709165e-06, 0.9999995398633778], "world_rotation": [0.0015794866098010805, 0.19967866404911222, -0.9798601616279801, 0.004804116899235433]}], "source": "action wait"}
{"timestamp": 1706031164.086356, "objects": [{"color": "cv_", "id_name": "hand", "shape": "CVCylinder", "id_string": "ob382", "world_size": [0.12, 0.005, 0.12], "id": 382, "camera_size": [49, 49], "camera_position": [246, 241], "world_position": [0.7376497729787098, 0.6738266849676143, -0.17411082925332538], "world_orientation": [-3.5746619907395362e-06, -0.006882754000414562, 0.9999763135617723, -0.0007638580243140958, -0.9999760218166945, -0.006882754722955977, 0.9999997082540277, -0.0007638645347602583, -1.6828705953908282e-06], "world_rotation": [0.0, 1.0, 0.0, 0.0]}, {"color": "CVGreen", "id_name": "object69606035840273", "shape": "CVCone", "id_string": "ob1079", "world_size": [0.11, 0.11, 0.11], "id": 1079, "camera_size": [45, 49], "camera_position": [256, 310], "world_position": [0.5671862541987706, 0.6551370508940932, -0.15005130812231676], "world_orientation": [0.9999451520623893, -0.01042913128851107, 0.0009623343972630859, 0.010429136839937327, 0.9999456150732451, -7.505922808160714e-07, -0.0009622742327519364, 1.0786868227207322e-05, 0.9999995369558651], "world_rotation": [0.0005507962468262153, 0.0918804627139937, 0.9957698916893183, 0.010473629327089687]}], "source": "action wait"}
{"timestamp": 1706031164.121549, "objects": [{"color": "cv_", "id_name": "hand", "shape": "CVCylinder", "id_string": "ob382", "world_size": [0.12, 0.005, 0.12], "id": 382, "camera_size": [49, 49], "camera_position": [246, 244], "world_position": [0.7289732826020028, 0.6741987016941249, -0.17411023926444152], "world_orientation": [-1.1744939902613287e-06, -0.0053397525213510376, 0.9999857434191908, -0.0007638582998332034, -0.9999854516794554, -0.005339751860670242, 0.9999997082595167, -0.0007638536813324603, -2.9043373787818704e-06], "world_rotation": [0.0, 1.0, 0.0, 0.0]}, {"color": "CVGreen", "id_name": "object69606035840273", "shape": "CVCone", "id_string": "ob1079", "world_size": [0.11, 0.11, 0.11], "id": 1079, "camera_size": [45, 48], "camera_position": [256, 318], "world_position": [0.5456313652677948, 0.6546613635271491, -0.1500521153428121], "world_orientation": [0.9999969678806723, -0.0022648324670763937, 0.0009668316077427203, 0.0022648321764722865, 0.9999974352633438, 1.3954308723752826e-06, -0.0009668322884914006, 7.942846932137803e-07, 0.9999995326172383], "world_rotation": [-0.00012205688416412046, 0.39261164484850225, 0.9197043445757285, 0.0024625681331347485]}], "source": "action wait"}
