{"timestamp": 1709222660.413472, "objects": [{"color": "cv_", "id_name": "hand", "shape": "CVCylinder", "id_string": "ob382", "world_size": [0.12, 0.005, 0.12], "id": 382, "camera_size": [48, 50], "camera_position": [246, 426], "world_position": [0.2676445155400465, 0.6334703013847361, -0.17389260400847817], "world_orientation": [-0.0006415511731762928, 0.19791547486653907, 0.9802188802611611, -0.000747367529556282, -0.9802189031249423, 0.19791499033249405, 0.9999995149268164, -0.0006056111687285117, 0.0007767761867817792], "world_rotation": [0.0, 1.0, 0.0, 0.0]}, {"color": "CVBlue", "id_name": "object93337256176197", "shape": "CVCylinder", "id_string": "ob442", "world_size": [0.09, 0.09, 0.09], "id": 442, "camera_size": [37, 37], "camera_position": [256, 254], "world_position": [0.705, 0.6448569667806435, -0.15], "world_orientation": [1.0, -5.053903521130611e-17, -1.3537563024626779e-17, 5.053903521130611e-17, 1.0, -6.136882847087181e-17, 1.3537563024626779e-17, 6.136882847087181e-17, 1.0], "world_rotation": [-0.7609763537112164, 0.16786641696290353, -0.6266864089386478, -8.064485600844401e-17]}], "source": "manual check"}
{"timestamp": 1709222661.434131, "objects": [{"color": "cv_", "id_name": "hand", "shape": "CVCylinder", "id_string": "ob382", "world_size": [0.12, 0.005, 0.12], "id": 382, "camera_size": [48, 50], "camera_position": [246, 426], "world_position": [0.2676445155400465, 0.6334703013847361, -0.17389260400847817], "world_orientation": [-0.0006415511731762928, 0.19791547486653907, 0.9802188802611611, -0.000747367529556282, -0.9802189031249423, 0.19791499033249405, 0.9999995149268164, -0.0006056111687285117, 0.0007767761867817792], "world_rotation": [0.0, 1.0, 0.0, 0.0]}, {"color": "CVBlue", "id_name": "object93337256176197", "shape": "CVCylinder", "id_string": "ob442", "world_size": [0.09, 0.09, 0.09], "id": 442, "camera_size": [37, 37], "camera_position": [256, 254], "world_position": [0.705, 0.6448569696296074, -0.15], "world_orientation": [1.0, -4.331917303826236e-17, -1.1712398707441946e-17, 4.331917303826236e-17, 1.0, -5.775889738434995e-17, 1.1712398707441946e-17, 5.775889738434995e-17, 1.0], "world_rotation": [-0.7896765794068324, 0.16013129347666225, -0.5922574345551229, -7.314247236221149e-17]}], "source": "manual check"}
{"timestamp": 1709222663.235821, "objects": [{"color": "cv_", "id_name": "hand", "shape": "CVCylinder", "id_string": "ob382", "world_size": [0.12, 0.005, 0.12], "id": 382, "camera_size": [48, 50], "camera_position": [246, 426], "world_position": [0.2676445155400465, 0.6334703013847361, -0.17389260400847817], "world_orientation": [-0.0006415511731762928, 0.19791547486653907, 0.9802188802611611, -0.000747367529556282, -0.9802189031249423, 0.19791499033249405, 0.9999995149268164, -0.0006056111687285117, 0.0007767761867817792], "world_rotation": [0.0, 1.0, 0.0, 0.0]}, {"color": "CVBlue", "id_name": "object93337256176197", "shape": "CVCylinder", "id_string": "ob442", "world_size": [0.09, 0.09, 0.09], "id": 442, "camera_size": [37, 37], "camera_position": [256, 254], "world_position": [0.705, 0.6448569696296074, -0.15], "world_orientation": [1.0, -4.331917303826236e-17, -1.1712398707441946e-17, 4.331917303826236e-17, 1.0, -5.775889738434995e-17, 1.1712398707441946e-17, 5.775889738434995e-17, 1.0], "world_rotation": [-0.7896765794068324, 0.16013129347666225, -0.5922574345551229, -7.314247236221149e-17]}], "source": "action wait"}
{"timestamp": 1709222663.266769, "objects": [{"color": "cv_", "id_name": "hand", "shape": "CVCylinder", "id_string": "ob382", "world_size": [0.12, 0.005, 0.12], "id": 382, "camera_size": [49, 51], "camera_position": [246, 421], "world_position": [0.2920024418075741, 0.6685514576632801, -0.17395565924639766], "world_orientation": [-0.00037634624700857435, 0.2063848793788439, 0.9784708171055908, -0.000713102072151717, -0.9784706930039689, 0.2063845789243169, 0.9999996749244157, -0.0006200775054996566, 0.0005154172582661895], "world_rotation": [0.0, 1.0, 0.0, 0.0]}, {"color": "CVBlue", "id_name": "object93337256176197", "shape": "CVCylinder", "id_string": "ob442", "world_size": [0.09, 0.09, 0.09], "id": 442, "camera_size": [37, 37], "camera_position": [256, 254], "world_position": [0.705, 0.6448569696296074, -0.15], "world_orientation": [1.0, -4.331917303826236e-17, -1.1712398707441946e-17, 4.331917303826236e-17, 1.0, -5.775889738434995e-17, 1.1712398707441946e-17, 5.775889738434995e-17, 1.0], "world_rotation": [-0.7896765794068324, 0.16013129347666225, -0.5922574345551229, -7.314247236221149e-17]}], "source": "action wait"}
{"timestamp": 1709222663.30356, "objects": [{"color": "cv_", "id_name": "hand", "shape": "CVCylinder", "id_string": "ob382", "world_size": [0.12, 0.005, 0.12], "id": 382, "camera_size": [51, 52], "camera_position": [246, 405], "world_position": [0.3386665521027455, 0.7074659994855164, -0.17398340421235822], "world_orientation": [-0.0002117530879829083, 0.2011124698161814, 0.979568134253593, -0.0007285020743220863, -0.9795679273033931, 0.20111226984762148, 0.9999997122226373, -0.0006710312735723571, 0.0003539373849290667], "world_rotation": [0.0, 1.0, 0.0, 0.0]}, {"color": "CVBlue", "id_name": "object93337256176197", "shape": "CVCylinder", "id_string": "ob442", "world_size": [0.09, 0.09, 0.09], "id": 442, "camera_size": [37, 37], "camera_position": [256, 254], "world_position": [0.705, 0.6448569696296074, -0.15], "world_orientation": [1.0, -4.331917303826236e-17, -1.1712398707441946e-17, 4.331917303826236e-17, 1.0, -5.775889738434995e-17, 1.1712398707441946e-17, 5.775889738434995e-17, 1.0], "world_rotation": [-0.7896765794068324, 0.16013129347666225, -0.5922574345551229, -7.314247236221149e-17]}], "source": "action wait"}
{"timestamp": 1709222663.338185, "objects": [{"color": "cv_", "id_name": "hand", "shape": "CVCylinder", "id_string": "ob382", "world_size": [0.12, 0.005, 0.12], "id": 382, "camera_size": [51, 53], "camera_position": [246, 388], "world_position": [0.3896828627474288, 0.7413007915943194, -0.1740039892286349], "world_orientation": [-0.00010461537538982492, 0.1973248586652539, 0.9803381504401228, -0.0007393191966497663, -0.9803379031436777, 0.1973247299934371, 0.9999997212313355, -0.0007041396131268361, 0.0002484444737341027], "world_rotation": [0.0, 1.0, 0.0, 0.0]}, {"color": "CVBlue", "id_name": "object93337256176197", "shape": "CVCylinder", "id_string": "ob442", "world_size": [0.09, 0.09, 0.09], "id": 442, "camera_size": [37, 37], "camera_position": [256, 254], "world_position": [0.705, 0.6448569696296074, -0.15], "world_orientation": [1.0, -4.331917303826236e-17, -1.1712398707441946e-17, 4.331917303826236e-17, 1.0, -5.775889738434995e-17, 1.1712398707441946e-17, 5.775889738434995e-17, 1.0], "world_rotation": [-0.7896765794068324, 0.16013129347666225, -0.5922574345551229, -7.314247236221149e-17]}], "source": "action wait"}
{"timestamp": 1709222663.371243, "objects": [{"color": "cv_", "id_name": "hand", "shape": "CVCylinder", "id_string": "ob382", "world_size": [0.12, 0.005, 0.12], "id": 382, "camera_size": [52, 53], "camera_position": [245, 367], "world_position": [0.44412534106901336, 0.7697107279213232, -0.17402260797186161], "world_orientation": [-2.9194577606292638e-05, 0.19465075381343439, 0.9808726131295229, -0.0007464613020767145, -0.9808723445161401, 0.19465067829045765, 0.9999997209715618, -0.0007265007036348714, 0.00017393540892606107], "world_rotation": [0.0, 1.0, 0.0, 0.0]}, {"color": "CVBlue", "id_name": "object93337256176197", "shape": "CVCylinder", "id_string": "ob442", "world_size": [0.09, 0.09, 0.09], "id": 442, "camera_size": [37, 37], "camera_position": [256, 254], "world_position": [0.705, 0.6448569696296074, -0.15], "world_orientation": [1.0, -4.331917303826236e-17, -1.1712398707441946e-17, 4.331917303826236e-17, 1.0, -5.775889738434995e-17, 1.1712398707441946e-17, 5.775889738434995e-17, 1.0], "world_rotation": [-0.7896765794068324, 0.16013129347666225, -0.5922574345551229, -7.314247236221149e-17]}], "source": "action wait"}
{"timestamp": 1709222663.403862, "objects": [{"color": "cv_", "id_name": "hand", "shape": "CVCylinder", "id_string": "ob382", "world_size": [0.12, 0.005, 0.12], "id": 382, "camera_size": [53, 54], "camera_position": [245, 343], "world_position": [0.5013395442933004, 0.7924367123682718, -0.17403885875699718], "world_orientation": [2.3802421238137667e-05, 0.19276174364920762, 0.9812455908786353, -0.0007512572220373269, -0.9812453108083147, 0.19276170685403365, 0.9999997175229757, -0.0007417560320852506, 0.00012145763782359578], "world_rotation": [0.0, 1.0, 0.0, 0.0]}, {"color": "CVBlue", "id_name": "object93337256176197", "shape": "CVCylinder", "id_string": "ob442", "world_size": [0.09, 0.09, 0.09], "id": 442, "camera_size": [37, 37], "camera_position": [256, 254], "world_position": [0.705, 0.6448569696296074, -0.15], "world_orientation": [1.0, -4.331917303826236e-17, -1.1712398707441946e-17, 4.331917303826236e-17, 1.0, -5.775889738434995e-17, 1.1712398707441946e-17, 5.775889738434995e-17, 1.0], "world_rotation": [-0.7896765794068324, 0.16013129347666225, -0.5922574345551229, -7.314247236221149e-17]}], "source": "action wait"}
{"timestamp": 1709222663.435704, "objects": [{"color": "cv_", "id_name": "hand", "shape": "CVCylinder", "id_string": "ob382", "world_size": [0.12, 0.005, 0.12], "id": 382, "camera_size": [54, 54], "camera_position": [245, 318], "world_position": [0.5606791038212703, 0.8092634857806031, -0.1740525866858945], "world_orientation": [6.092815420919685e-05, 0.19142573844598035, 0.9815070977574085, -0.0007545327004290701, -0.9815068113832716, 0.19142572943219371, 0.999999713484041, -0.000752242417323939, 8.463558100036462e-05], "world_rotation": [0.0, 1.0, 0.0, 0.0]}, {"color": "CVBlue", "id_name": "object93337256176197", "shape": "CVCylinder", "id_string": "ob442", "world_size": [0.09, 0.09, 0.09], "id": 442, "camera_size": [37, 37], "camera_position": [256, 254], "world_position": [0.705, 0.6448569696296074, -0.15], "world_orientation": [1.0, -4.331917303826236e-17, -1.1712398707441946e-17, 4.331917303826236e-17, 1.0, -5.775889738434995e-17, 1.1712398707441946e-17, 5.775889738434995e-17, 1.0], "world_rotation": [-0.7896765794068324, 0.16013129347666225, -0.5922574345551229, -7.314247236221149e-17]}], "source": "action wait"}
{"timestamp": 1709222663.466736, "objects": [{"color": "cv_", "id_name": "hand", "shape": "CVCylinder", "id_string": "ob382", "world_size": [0.12, 0.005, 0.12], "id": 382, "camera_size": [54, 54], "camera_position": [245, 291], "world_position": [0.6217166945461977, 0.8138169696135005, -0.17406304432949893], "world_orientation": [8.106529197931355e-05, 0.1816374881041229, 0.9833655558049829, -0.0007644417215550773, -0.9833652604548243, 0.18163749656794465, 0.9999997045285928, -0.0007664501550914889, 5.913448214459589e-05], "world_rotation": [0.0, 1.0, 0.0, 0.0]}, {"color": "CVBlue", "id_name": "object93337256176197", "shape": "CVCylinder", "id_string": "ob442", "world_size": [0.09, 0.09, 0.09], "id": 442, "camera_size": [37, 37], "camera_position": [256, 254], "world_position": [0.705, 0.6448569696296074, -0.15], "world_orientation": [1.0, -4.331917303826236e-17, -1.1712398707441946e-17, 4.331917303826236e-17, 1.0, -5.775889738434995e-17, 1.1712398707441946e-17, 5.775889738434995e-17, 1.0], "world_rotation": [-0.7896765794068324, 0.16013129347666225, -0.5922574345551229, -7.314247236221149e-17]}], "source": "action wait"}
{"timestamp": 1709222663.496532, "objects": [{"color": "cv_", "id_name": "hand", "shape": "CVCylinder", "id_string": "ob382", "world_size": [0.12, 0.005, 0.12], "id": 382, "camera_size": [53, 53], "camera_position": [245, 263], "world_position": [0.6838596757847472, 0.7934308514251929, -0.1740707910208462], "world_orientation": [7.170096340843225e-05, 0.14554209133899224, 0.9893520579185371, -0.0007771417458649681, -0.989351753592526, 0.14554210289157163, 0.9999996954547931, -0.0007793022945600217, 4.216936107803062e-05], "world_rotation": [0.0, 1.0, 0.0, 0.0]}, {"color": "CVBlue", "id_name": "object93337256176197", "shape": "CVCylinder", "id_string": "ob442", "world_size": [0.09, 0.09, 0.09], "id": 442, "camera_size": [37, 37], "camera_position": [256, 254], "world_position": [0.705, 0.6448569696296074, -0.15], "world_orientation": [1.0, -4.331917303826236e-17, -1.1712398707441946e-17, 4.331917303826236e-17, 1.0, -5.775889738434995e-17, 1.1712398707441946e-17, 5.775889738434995e-17, 1.0], "world_rotation": [-0.7896765794068324, 0.16013129347666225, -0.5922574345551229, -7.314247236221149e-17]}], "source": "action wait"}
{"timestamp": 1709222663.530735, "objects": [{"color": "cv_", "id_name": "hand", "shape": "CVCylinder", "id_string": "ob382", "world_size": [0.12, 0.005, 0.12], "id": 382, "camera_size": [52, 52], "camera_position": [245, 239], "world_position": [0.7380001193493593, 0.7618841589702212, -0.17407249420322174], "world_orientation": [3.882014990212462e-05, 0.10232495580179095, 0.9947510250877643, -0.0007766776145070989, -0.9947507227211981, 0.10232495500872431, 0.9999996976323939, -0.0007765731232861607, 4.085713040579508e-05], "world_rotation": [0.0, 1.0, 0.0, 0.0]}, {"color": "CVBlue", "id_name": "object93337256176197", "shape": "CVCylinder", "id_string": "ob442", "world_size": [0.09, 0.09, 0.09], "id": 442, "camera_size": [37, 37], "camera_position": [256, 254], "world_position": [0.705, 0.6448569696296074, -0.15], "world_orientation": [1.0, -4.331917303826236e-17, -1.1712398707441946e-17, 4.331917303826236e-17, 1.0, -5.775889738434995e-17, 1.1712398707441946e-17, 5.775889738434995e-17, 1.0], "world_rotation": [-0.7896765794068324, 0.16013129347666225, -0.5922574345551229, -7.314247236221149e-17]}], "source": "action wait"}
{"timestamp": 1709222663.56701, "objects": [{"color": "cv_", "id_name": "hand", "shape": "CVCylinder", "id_string": "ob382", "world_size": [0.12, 0.005, 0.12], "id": 382, "camera_size": [51, 51], "camera_position": [246, 224], "world_position": [0.7751503215716311, 0.7361099490147175, -0.17407394622151173], "world_orientation": [1.3739992821874976e-05, 0.071668260824483, 0.9974285238560238, -0.0007699068206055756, -0.9974282275758606, 0.07166825014164288, 0.9999997035273063, -0.0007689117448261442, 4.147322614287043e-05], "world_rotation": [0.0, 1.0, 0.0, 0.0]}, {"color": "CVBlue", "id_name": "object93337256176197", "shape": "CVCylinder", "id_string": "ob442", "world_size": [0.09, 0.09, 0.09], "id": 442, "camera_size": [37, 37], "camera_position": [256, 254], "world_position": [0.705, 0.6448569696296074, -0.15], "world_orientation": [1.0, -4.331917303826236e-17, -1.1712398707441946e-17, 4.331917303826236e-17, 1.0, -5.775889738434995e-17, 1.1712398707441946e-17, 5.775889738434995e-17, 1.0], "world_rotation": [-0.7896765794068324, 0.16013129347666225, -0.5922574345551229, -7.314247236221149e-17]}], "source": "action wait"}
{"timestamp": 1709222663.608319, "objects": [{"color": "cv_", "id_name": "hand", "shape": "CVCylinder", "id_string": "ob382", "world_size": [0.12, 0.005, 0.12], "id": 382, "camera_size": [51, 51], "camera_position": [246, 214], "world_position": [0.8006131798776415, 0.716304589390107, -0.17407749593454444], "world_orientation": [1.4370853173986004e-07, 0.05001946935366363, 0.9987482428948535, -0.0007648829619803073, -0.9987479507325179, 0.050019454831601126, 0.9999997074769741, -0.0007639327025207984, 3.811551127471742e-05], "world_rotation": [0.0, 1.0, 0.0, 0.0]}, {"color": "CVBlue", "id_name": "object93337256176197", "shape": "CVCylinder", "id_string": "ob442", "world_size": [0.09, 0.09, 0.09], "id": 442, "camera_size": [37, 37], "camera_position": [256, 254], "world_position": [0.705, 0.6448569696296074, -0.15], "world_orientation": [1.0, -4.331917303826236e-17, -1.1712398707441946e-17, 4.331917303826236e-17, 1.0, -5.775889738434995e-17, 1.1712398707441946e-17, 5.775889738434995e-17, 1.0], "world_rotation": [-0.7896765794068324, 0.16013129347666225, -0.5922574345551229, -7.314247236221149e-17]}], "source": "action wait"}
{"timestamp": 1709222663.63559, "objects": [{"color": "cv_", "id_name": "hand", "shape": "CVCylinder", "id_string": "ob382", "world_size": [0.12, 0.005, 0.12], "id": 382, "camera_size": [49, 50], "camera_position": [246, 207], "world_position": [0.8181555325899004, 0.7015750183754896, -0.1740817018851222], "world_orientation": [-6.712975758070635e-06, 0.034748097750304775, 0.9993961024827299, -0.000761828061099485, -0.9993958126671609, 0.03474808255645659, 0.9999997097864285, -0.000761134731989306, 3.318099579953868e-05], "world_rotation": [0.0, 1.0, 0.0, 0.0]}, {"color": "CVBlue", "id_name": "object93337256176197", "shape": "CVCylinder", "id_string": "ob442", "world_size": [0.09, 0.09, 0.09], "id": 442, "camera_size": [37, 37], "camera_position": [256, 254], "world_position": [0.705, 0.6448569696296074, -0.15], "world_orientation": [1.0, -4.331917303826236e-17, -1.1712398707441946e-17, 4.331917303826236e-17, 1.0, -5.775889738434995e-17, 1.1712398707441946e-17, 5.775889738434995e-17, 1.0], "world_rotation": [-0.7896765794068324, 0.16013129347666225, -0.5922574345551229, -7.314247236221149e-17]}], "source": "action wait"}
{"timestamp": 1709222663.700078, "objects": [{"color": "cv_", "id_name": "hand", "shape": "CVCylinder", "id_string": "ob382", "world_size": [0.12, 0.005, 0.12], "id": 382, "camera_size": [49, 50], "camera_position": [246, 199], "world_position": [0.8387522778752559, 0.6831039578102253, -0.17408948389731252], "world_orientation": [-1.0657732762514296e-05, 0.016391504665186137, 0.9998656502056783, -0.0007597700733468603, -0.9998653618086463, 0.01639149183877559, 0.9999997113178826, -0.0007594933022545363, 2.311007252675527e-05], "world_rotation": [0.0, 1.0, 0.0, 0.0]}, {"color": "CVBlue", "id_name": "object93337256176197", "shape": "CVCylinder", "id_string": "ob442", "world_size": [0.09, 0.09, 0.09], "id": 442, "camera_size": [37, 37], "camera_position": [256, 254], "world_position": [0.705, 0.6448569696296074, -0.15], "world_orientation": [1.0, -4.331917303826236e-17, -1.1712398707441946e-17, 4.331917303826236e-17, 1.0, -5.775889738434995e-17, 1.1712398707441946e-17, 5.775889738434995e-17, 1.0], "world_rotation": [-0.7896765794068324, 0.16013129347666225, -0.5922574345551229, -7.314247236221149e-17]}], "source": "action wait"}
{"timestamp": 1709222663.728921, "objects": [{"color": "cv_", "id_name": "hand", "shape": "CVCylinder", "id_string": "ob382", "world_size": [0.12, 0.005, 0.12], "id": 382, "camera_size": [49, 49], "camera_position": [246, 197], "world_position": [0.8446497808662272, 0.6775824016701639, -0.17409259635096394], "world_orientation": [-1.0507122084632583e-05, 0.011042359334688476, 0.9999390312363671, -0.000759822712773101, -0.9999387427320011, 0.011042348164688999, 0.9999997112794811, -0.0007596603640218222, 1.8896713872505837e-05], "world_rotation": [0.0, 1.0, 0.0, 0.0]}, {"color": "CVBlue", "id_name": "object93337256176197", "shape": "CVCylinder", "id_string": "ob442", "world_size": [0.09, 0.09, 0.09], "id": 442, "camera_size": [37, 37], "camera_position": [256, 254], "world_position": [0.705, 0.6448569696296074, -0.15], "world_orientation": [1.0, -4.331917303826236e-17, -1.1712398707441946e-17, 4.331917303826236e-17, 1.0, -5.775889738434995e-17, 1.1712398707441946e-17, 5.775889738434995e-17, 1.0], "world_rotation": [-0.7896765794068324, 0.16013129347666225, -0.5922574345551229, -7.314247236221149e-17]}], "source": "action wait"}
{"timestamp": 1709222663.76072, "objects": [{"color": "cv_", "id_name": "hand", "shape": "CVCylinder", "id_string": "ob382", "world_size": [0.12, 0.005, 0.12], "id": 382, "camera_size": [49, 49], "camera_position": [246, 196], "world_position": [0.8487774991231719, 0.6736603988606822, -0.17409514847254118], "world_orientation": [-9.848339969517466e-06, 0.007272362346631551, 0.9999735559748116, -0.0007601664172645638, -0.9999732671588565, 0.007272352759626893, 0.9999997110249725, -0.0007600746948026831, 1.5376282325864936e-05], "world_rotation": [0.0, 1.0, 0.0, 0.0]}, {"color": "CVBlue", "id_name": "object93337256176197", "shape": "CVCylinder", "id_string": "ob442", "world_size": [0.09, 0.09, 0.09], "id": 442, "camera_size": [37, 37], "camera_position": [256, 254], "world_position": [0.705, 0.6448569696296074, -0.15], "world_orientation": [1.0, -4.331917303826236e-17, -1.1712398707441946e-17, 4.331917303826236e-17, 1.0, -5.775889738434995e-17, 1.1712398707441946e-17, 5.775889738434995e-17, 1.0], "world_rotation": [-0.7896765794068324, 0.16013129347666225, -0.5922574345551229, -7.314247236221149e-17]}], "source": "action wait"}
{"timestamp": 1709222663.793573, "objects": [{"color": "cv_", "id_name": "hand", "shape": "CVCylinder", "id_string": "ob382", "world_size": [0.12, 0.005, 0.12], "id": 382, "camera_size": [49, 49], "camera_position": [246, 195], "world_position": [0.8516724561505011, 0.6708844063909316, -0.17409719369583124], "world_orientation": [-9.018166196359501e-06, 0.004615320301879328, 0.9999893493118733, -0.0007606215147295604, -0.9999890601146897, 0.00461531210764355, 0.9999997106867503, -0.0007605717919357613, 1.2528579457999215e-05], "world_rotation": [0.0, 1.0, 0.0, 0.0]}, {"color": "CVBlue", "id_name": "object93337256176197", "shape": "CVCylinder", "id_string": "ob442", "world_size": [0.09, 0.09, 0.09], "id": 442, "camera_size": [37, 37], "camera_position": [256, 254], "world_position": [0.705, 0.6448569696296074, -0.15], "world_orientation": [1.0, -4.331917303826236e-17, -1.1712398707441946e-17, 4.331917303826236e-17, 1.0, -5.775889738434995e-17, 1.1712398707441946e-17, 5.775889738434995e-17, 1.0], "world_rotation": [-0.7896765794068324, 0.16013129347666225, -0.5922574345551229, -7.314247236221149e-17]}], "source": "action wait"}
{"timestamp": 1709222663.828404, "objects": [{"color": "cv_", "id_name": "hand", "shape": "CVCylinder", "id_string": "ob382", "world_size": [0.12, 0.005, 0.12], "id": 382, "camera_size": [49, 49], "camera_position": [246, 194], "world_position": [0.8537059022484045, 0.6689241208646451, -0.1740988058343976], "world_orientation": [-8.1745482668423e-06, 0.002742638831316587, 0.999996238925636, -0.0007610861779597705, -0.9999959493510732, 0.002742631815556415, 0.9999997103404613, -0.0007610608956822431, 1.0261899660632862e-05], "world_rotation": [0.0, 1.0, 0.0, 0.0]}, {"color": "CVBlue", "id_name": "object93337256176197", "shape": "CVCylinder", "id_string": "ob442", "world_size": [0.09, 0.09, 0.09], "id": 442, "camera_size": [37, 37], "camera_position": [256, 254], "world_position": [0.705, 0.6448569696296074, -0.15], "world_orientation": [1.0, -4.331917303826236e-17, -1.1712398707441946e-17, 4.331917303826236e-17, 1.0, -5.775889738434995e-17, 1.1712398707441946e-17, 5.775889738434995e-17, 1.0], "world_rotation": [-0.7896765794068324, 0.16013129347666225, -0.5922574345551229, -7.314247236221149e-17]}], "source": "action wait"}
{"timestamp": 1709222663.899788, "objects": [{"color": "cv_", "id_name": "hand", "shape": "CVCylinder", "id_string": "ob382", "world_size": [0.12, 0.005, 0.12], "id": 382, "camera_size": [48, 49], "camera_position": [246, 193], "world_position": [0.8561421091671156, 0.6665682981294686, -0.1741010288791154], "world_orientation": [-6.7416893760158156e-06, 0.0004924250998423938, 0.9999998787360281, -0.0007618704137888172, -0.9999995885380117, 0.0004924198206475984, 0.999999709753969, -0.000761867001660313, 7.116850717008622e-06], "world_rotation": [0.0, 1.0, 0.0, 0.0]}, {"color": "CVBlue", "id_name": "object93337256176197", "shape": "CVCylinder", "id_string": "ob442", "world_size": [0.09, 0.09, 0.09], "id": 442, "camera_size": [37, 37], "camera_position": [256, 254], "world_position": [0.705, 0.6448569696296074, -0.15], "world_orientation": [1.0, -4.331917303826236e-17, -1.1712398707441946e-17, 4.331917303826236e-17, 1.0, -5.775889738434995e-17, 1.1712398707441946e-17, 5.775889738434995e-17, 1.0], "world_rotation": [-0.7896765794068324, 0.16013129347666225, -0.5922574345551229, -7.314247236221149e-17]}], "source": "action wait"}
{"timestamp": 1709222663.938416, "objects": [{"color": "cv_", "id_name": "hand", "shape": "CVCylinder", "id_string": "ob382", "world_size": [0.12, 0.005, 0.12], "id": 382, "camera_size": [48, 49], "camera_position": [246, 193], "world_position": [0.8568507253990824, 0.6658828422726992, -0.17410176962997012], "world_orientation": [-6.190287907598869e-06, -0.00016331487699922185, 0.9999999866449657, -0.0007621657647669514, -0.9999996962149901, -0.00016331954759283096, 0.9999997095324715, -0.0007621667655836216, 6.0658130193207234e-06], "world_rotation": [0.0, 1.0, 0.0, 0.0]}, {"color": "CVBlue", "id_name": "object93337256176197", "shape": "CVCylinder", "id_string": "ob442", "world_size": [0.09, 0.09, 0.09], "id": 442, "camera_size": [37, 37], "camera_position": [256, 254], "world_position": [0.705, 0.6448569696296074, -0.15], "world_orientation": [1.0, -4.331917303826236e-17, -1.1712398707441946e-17, 4.331917303826236e-17, 1.0, -5.775889738434995e-17, 1.1712398707441946e-17, 5.775889738434995e-17, 1.0], "world_rotation": [-0.7896765794068324, 0.16013129347666225, -0.5922574345551229, -7.314247236221149e-17]}], "source": "action wait"}
{"timestamp": 1709222663.969985, "objects": [{"color": "cv_", "id_name": "hand", "shape": "CVCylinder", "id_string": "ob382", "world_size": [0.12, 0.005, 0.12], "id": 382, "camera_size": [48, 48], "camera_position": [246, 192], "world_position": [0.8573499294566838, 0.6654004272052441, -0.17410233303667574], "world_orientation": [-5.7431801318754386e-06, -0.0006255314217336392, 0.999999804338709, -0.0007624003475851453, -0.9999995137253318, -0.000625535618548814, 0.9999997093563208, -0.0007624037909770403, 5.266271966121463e-06], "world_rotation": [0.0, 1.0, 0.0, 0.0]}, {"color": "CVBlue", "id_name": "object93337256176197", "shape": "CVCylinder", "id_string": "ob442", "world_size": [0.09, 0.09, 0.09], "id": 442, "camera_size": [37, 37], "camera_position": [256, 254], "world_position": [0.705, 0.6448569696296074, -0.15], "world_orientation": [1.0, -4.331917303826236e-17, -1.1712398707441946e-17, 4.331917303826236e-17, 1.0, -5.775889738434995e-17, 1.1712398707441946e-17, 5.775889738434995e-17, 1.0], "world_rotation": [-0.7896765794068324, 0.16013129347666225, -0.5922574345551229, -7.314247236221149e-17]}], "source": "action wait"}
{"timestamp": 1709222663.99392, "objects": [{"color": "cv_", "id_name": "hand", "shape": "CVCylinder", "id_string": "ob382", "world_size": [0.12, 0.005, 0.12], "id": 382, "camera_size": [48, 48], "camera_position": [246, 192], "world_position": [0.857701717594435, 0.665060961004018, -0.17410275934901717], "world_orientation": [-5.387203468523434e-06, -0.0009513461226732773, 0.9999995474556641, -0.0007625826743700896, -0.9999992567001885, -0.0009513499542536432, 0.9999997092192792, -0.0007625874543837835, 4.66171939410037e-06], "world_rotation": [0.0, 1.0, 0.0, 0.0]}, {"color": "CVBlue", "id_name": "object93337256176197", "shape": "CVCylinder", "id_string": "ob442", "world_size": [0.09, 0.09, 0.09], "id": 442, "camera_size": [37, 37], "camera_position": [256, 254], "world_position": [0.705, 0.6448569696296074, -0.15], "world_orientation": [1.0, -4.331917303826236e-17, -1.1712398707441946e-17, 4.331917303826236e-17, 1.0, -5.775889738434995e-17, 1.1712398707441946e-17, 5.775889738434995e-17, 1.0], "world_rotation": [-0.7896765794068324, 0.16013129347666225, -0.5922574345551229, -7.314247236221149e-17]}], "source": "action wait"}
{"timestamp": 1709222664.031008, "objects": [{"color": "cv_", "id_name": "hand", "shape": "CVCylinder", "id_string": "ob382", "world_size": [0.12, 0.005, 0.12], "id": 382, "camera_size": [48, 48], "camera_position": [246, 192], "world_position": [0.8579496790189318, 0.6648220941481635, -0.17410308051103857], "world_orientation": [-5.107733875647333e-06, -0.0011810172530350058, 0.9999993025858365, -0.0007627220670355183, -0.9999990117219647, -0.001181020805303135, 0.9999997091144375, -0.00076272756744267, 4.206940907710436e-06], "world_rotation": [0.0, 1.0, 0.0, 0.0]}, {"color": "CVBlue", "id_name": "object93337256176197", "shape": "CVCylinder", "id_string": "ob442", "world_size": [0.09, 0.09, 0.09], "id": 442, "camera_size": [37, 37], "camera_position": [256, 254], "world_position": [0.705, 0.6448569696296074, -0.15], "world_orientation": [1.0, -4.331917303826236e-17, -1.1712398707441946e-17, 4.331917303826236e-17, 1.0, -5.775889738434995e-17, 1.1712398707441946e-17, 5.775889738434995e-17, 1.0], "world_rotation": [-0.7896765794068324, 0.16013129347666225, -0.5922574345551229, -7.314247236221149e-17]}], "source": "action wait"}
{"timestamp": 1709222665.701492, "objects": [{"color": "cv_", "id_name": "hand", "shape": "CVCylinder", "id_string": "ob382", "world_size": [0.12, 0.005, 0.12], "id": 382, "camera_size": [48, 49], "camera_position": [246, 192], "world_position": [0.8585425877453454, 0.6642543666728222, -0.17410401818509463], "world_orientation": [-4.21336742776059e-06, -0.0017297716957002897, 0.9999985039349452, -0.0007631196842785675, -0.9999982127628265, -0.0017297744073462935, 0.9999997088152551, -0.0007631258307773853, 2.893337067540529e-06], "world_rotation": [0.0, 1.0, 0.0, 0.0]}, {"color": "CVBlue", "id_name": "object93337256176197", "shape": "CVCylinder", "id_string": "ob442", "world_size": [0.09, 0.09, 0.09], "id": 442, "camera_size": [37, 37], "camera_position": [256, 254], "world_position": [0.705, 0.6448569696296074, -0.15], "world_orientation": [1.0, -4.331917303826236e-17, -1.1712398707441946e-17, 4.331917303826236e-17, 1.0, -5.775889738434995e-17, 1.1712398707441946e-17, 5.775889738434995e-17, 1.0], "world_rotation": [-0.7896765794068324, 0.16013129347666225, -0.5922574345551229, -7.314247236221149e-17]}], "source": "action wait"}
{"timestamp": 1709222665.727403, "objects": [{"color": "cv_", "id_name": "hand", "shape": "CVCylinder", "id_string": "ob382", "world_size": [0.12, 0.005, 0.12], "id": 382, "camera_size": [48, 48], "camera_position": [246, 205], "world_position": [0.8258236360985058, 0.6514417521708309, -0.1740881683292865], "world_orientation": [-4.610903781444546e-05, -0.022660387988347054, 0.9997432193769429, -0.0007600692411275484, -0.9997429308670377, -0.022660416503983948, 0.9999997100843107, -0.0007609189200760913, 2.8873720702469945e-05], "world_rotation": [0.0, 1.0, 0.0, 0.0]}, {"color": "CVBlue", "id_name": "object93337256176197", "shape": "CVCylinder", "id_string": "ob442", "world_size": [0.09, 0.09, 0.09], "id": 442, "camera_size": [37, 37], "camera_position": [256, 254], "world_position": [0.705, 0.6448569696296074, -0.15], "world_orientation": [1.0, -4.331917303826236e-17, -1.1712398707441946e-17, 4.331917303826236e-17, 1.0, -5.775889738434995e-17, 1.1712398707441946e-17, 5.775889738434995e-17, 1.0], "world_rotation": [-0.7896765794068324, 0.16013129347666225, -0.5922574345551229, -7.314247236221149e-17]}], "source": "action wait"}
{"timestamp": 1709222665.754588, "objects": [{"color": "cv_", "id_name": "hand", "shape": "CVCylinder", "id_string": "ob382", "world_size": [0.12, 0.005, 0.12], "id": 382, "camera_size": [48, 48], "camera_position": [246, 219], "world_position": [0.7916761790527915, 0.6582083308040042, -0.17409753102358932], "world_orientation": [-3.354829818132743e-05, -0.016500867077851786, 0.9998638508618016, -0.0007581027759526907, -0.9998635636839741, -0.01650088777504415, 0.999999712077305, -0.0007585531376167799, 2.1034367838126138e-05], "world_rotation": [0.0, 1.0, 0.0, 0.0]}, {"color": "CVBlue", "id_name": "object93337256176197", "shape": "CVCylinder", "id_string": "ob442", "world_size": [0.09, 0.09, 0.09], "id": 442, "camera_size": [37, 38], "camera_position": [256, 263], "world_position": [0.6807792591091881, 0.6461892834862101, -0.15000333188452894], "world_orientation": [0.9994672111542292, -0.03263870420643815, 9.388989353044623e-05, 0.032638705425555484, 0.9994672154584774, -1.148134987912271e-05, -9.346513406397273e-05, 1.4539677321349516e-05, 0.9999999955264333], "world_rotation": [0.00039862056573706465, 0.002870123708721818, 0.999995801736958, 0.03264463961593345]}], "source": "action wait"}
{"timestamp": 1709222665.781817, "objects": [{"color": "cv_", "id_name": "hand", "shape": "CVCylinder", "id_string": "ob382", "world_size": [0.12, 0.005, 0.12], "id": 382, "camera_size": [48, 49], "camera_position": [246, 229], "world_position": [0.7671313530200784, 0.6616353604429175, -0.1741036520438393], "world_orientation": [-1.7318058968310567e-05, -0.012089482606162022, 0.9999269193848122, -0.0007619839924904408, -0.9999266290865962, -0.012089492293398068, 0.9999997095401979, -0.0007621376727722927, 8.104796103474783e-06], "world_rotation": [0.0, 1.0, 0.0, 0.0]}, {"color": "CVBlue", "id_name": "object93337256176197", "shape": "CVCylinder", "id_string": "ob442", "world_size": [0.09, 0.09, 0.09], "id": 442, "camera_size": [37, 39], "camera_position": [256, 282], "world_position": [0.6358167962036768, 0.6467307574806894, -0.1500035631454423], "world_orientation": [0.9990041692747366, -0.0446168219263793, 9.472530608289237e-05, 0.04461682269907002, 0.9990041737127691, -6.058680223841703e-06, -9.436065707637299e-05, 1.0278988990535844e-05, 0.9999999954952046], "world_rotation": [0.00018308825477111542, 0.0021189937525531114, 0.9999977381695258, 0.04463173943208408]}], "source": "action wait"}
{"timestamp": 1709222665.8094, "objects": [{"color": "cv_", "id_name": "hand", "shape": "CVCylinder", "id_string": "ob382", "world_size": [0.12, 0.005, 0.12], "id": 382, "camera_size": [48, 49], "camera_position": [246, 236], "world_position": [0.749769317426306, 0.6632957066746541, -0.174106725494949], "world_orientation": [-8.313001108373333e-06, -0.008994826950324657, 0.9999595456912383, -0.0007634503760752365, -0.9999592542522124, -0.008994830675595188, 0.9999997085371661, -0.0007634942652557346, 1.4455583713324592e-06], "world_rotation": [0.0, 1.0, 0.0, 0.0]}, {"color": "CVBlue", "id_name": "object93337256176197", "shape": "CVCylinder", "id_string": "ob442", "world_size": [0.09, 0.09, 0.09], "id": 442, "camera_size": [37, 39], "camera_position": [256, 298], "world_position": [0.5950856953517857, 0.6440916737753847, -0.1500040392876717], "world_orientation": [0.9998689687540183, 0.016187524314568557, 9.684700014552724e-05, -0.01618752401355558, 0.9998689734416051, -3.8912300991455695e-06, -9.689729999825081e-05, 2.3230070859201084e-06, 0.9999999953027586], "world_rotation": [0.00019194182310741464, 0.005984263728400618, -0.9999820757123428, 0.01618852139268146]}], "source": "action wait"}
{"timestamp": 1709222665.8408, "objects": [{"color": "cv_", "id_name": "hand", "shape": "CVCylinder", "id_string": "ob382", "world_size": [0.12, 0.005, 0.12], "id": 382, "camera_size": [48, 49], "camera_position": [246, 241], "world_position": [0.7375216283847944, 0.6640954129560814, -0.17410803962889096], "world_orientation": [-3.2449834343592382e-06, -0.00682290269050389, 0.9999767237232806, -0.0007638621433364068, -0.9999764319756943, -0.006822903178669496, 0.9999997082520056, -0.0007638665036779418, -1.9668501160706706e-06], "world_rotation": [0.0, 1.0, 0.0, 0.0]}, {"color": "CVBlue", "id_name": "object93337256176197", "shape": "CVCylinder", "id_string": "ob442", "world_size": [0.09, 0.09, 0.09], "id": 442, "camera_size": [37, 39], "camera_position": [256, 310], "world_position": [0.5666328875596037, 0.6449351949494531, -0.1500040056439964], "world_orientation": [0.9999941696082656, -0.0034134065727243995, 9.69796095910636e-05, 0.0034134068630134423, 0.9999941743058258, -2.8279415490572327e-06, -9.696939170324615e-05, 3.15895592600134e-06, 0.999999995293479], "world_rotation": [0.0008766140478450084, 0.028398418347466068, 0.9995962992044205, 0.003414791905931424]}], "source": "action wait"}
{"timestamp": 1709222665.873085, "objects": [{"color": "cv_", "id_name": "hand", "shape": "CVCylinder", "id_string": "ob382", "world_size": [0.12, 0.005, 0.12], "id": 382, "camera_size": [48, 48], "camera_position": [246, 244], "world_position": [0.7288922411872072, 0.6644787000578178, -0.17410837181101843], "world_orientation": [-9.48795142873214e-07, -0.00529776301874814, 0.9999859667545825, -0.0007638571565837586, -0.9999856750163669, -0.005297762197920281, 0.9999997082606296, -0.0007638514636802243, -3.0979526439947683e-06], "world_rotation": [0.0, 1.0, 0.0, 0.0]}, {"color": "CVBlue", "id_name": "object93337256176197", "shape": "CVCylinder", "id_string": "ob442", "world_size": [0.09, 0.09, 0.09], "id": 442, "camera_size": [37, 39], "camera_position": [256, 318], "world_position": [0.5450856167935474, 0.644468215748076, -0.15000409659685052], "world_orientation": [0.9999785450732376, 0.006549805041135748, 9.719636933643597e-05, -0.006549804873788536, 0.9999785497959214, -2.039955624169389e-06, -9.720764576610883e-05, 1.4032946034778917e-06, 0.9999999952743523], "world_rotation": [0.0002628224065566426, 0.01483880860103399, -0.9998898642769035, 0.006550573251851056]}], "source": "action wait"}
{"timestamp": 1709222665.940385, "objects": [{"color": "cv_", "id_name": "hand", "shape": "CVCylinder", "id_string": "ob382", "world_size": [0.12, 0.005, 0.12], "id": 382, "camera_size": [48, 49], "camera_position": [246, 247], "world_position": [0.7185368915900249, 0.6647491458337809, -0.174107763763498], "world_orientation": [-9.925245972617889e-08, -0.003473401418832289, 0.9999939677230929, -0.0007635668133429695, -0.9999936762074113, -0.0034734004820611833, 0.9999997084828135, -0.0007635625520404251, -2.5529222203997617e-06], "world_rotation": [0.0, 1.0, 0.0, 0.0]}, {"color": "CVBlue", "id_name": "object93337256176197", "shape": "CVCylinder", "id_string": "ob442", "world_size": [0.09, 0.09, 0.09], "id": 442, "camera_size": [37, 40], "camera_position": [256, 322], "world_position": [0.5320758941423747, 0.6448510894833273, -0.1500041234357726], "world_orientation": [0.9999972862953298, -0.0023276495019338137, 9.7209939824497e-05, 0.0023276495693609744, 0.9999972910199035, -5.804944151132588e-07, -9.72083252971686e-05, 8.067635143929346e-07, 0.9999999952749453], "world_rotation": [0.00029773590218152597, 0.04172641318919763, 0.9991290296031323, 0.0023296807241125262]}], "source": "action wait"}
{"timestamp": 1709222665.970274, "objects": [{"color": "cv_", "id_name": "hand", "shape": "CVCylinder", "id_string": "ob382", "world_size": [0.12, 0.005, 0.12], "id": 382, "camera_size": [48, 48], "camera_position": [246, 249], "world_position": [0.7155245185370059, 0.6647910942262468, -0.17410725603558377], "world_orientation": [-4.536021042617433e-07, -0.002944125092959144, 0.9999956660542241, -0.000763436136923285, -0.9999953746371604, -0.0029441245812845103, 0.9999997085824871, -0.0007634341636939333, -1.794051481037741e-06], "world_rotation": [0.0, 1.0, 0.0, 0.0]}, {"color": "CVBlue", "id_name": "object93337256176197", "shape": "CVCylinder", "id_string": "ob442", "world_size": [0.09, 0.09, 0.09], "id": 442, "camera_size": [37, 40], "camera_position": [256, 323], "world_position": [0.5321132009978479, 0.6448532523399562, -0.150004136518388], "world_orientation": [0.9999988724346178, -0.0014985592407783055, 9.720954170409736e-05, 0.001498559283862413, 0.9999988771593374, -3.7037297094014387e-07, -9.720887752743301e-05, 5.160468145146709e-07, 0.9999999952750841], "world_rotation": [0.00029513701751767546, 0.06473239129365067, 0.9979026156953126, 0.0015017094874710667]}], "source": "action wait"}
