{"timestamp": 1717817726.674424, "objects": [{"color": "cv_", "id_name": "hand", "shape": "CVCylinder", "id_string": "ob383", "world_size": [0.12, 0.005, 0.12], "id": 383, "camera_size": [48, 50], "camera_position": [246, 426], "world_position": [0.2676445155401189, 0.6334703013847729, -0.1738926040084785], "world_orientation": [-0.000641551183919033, 0.19791547486648334, 0.9802188802611653, -0.0007473675317251063, -0.9802189031249535, 0.19791499033243018, 0.9999995149268079, -0.0006056111687283283, 0.0007767761977412253], "world_rotation": [0.0, 1.0, 0.0, 0.0]}, {"color": "CVBlue", "id_name": "object167833378899965", "shape": "CVCone", "id_string": "ob401", "world_size": [0.09, 0.09, 0.09], "id": 401, "camera_size": [37, 37], "camera_position": [256, 254], "world_position": [0.705, 0.6448569667806435, -0.15], "world_orientation": [1.0, -5.053903521130611e-17, -1.3537563024626779e-17, 5.053903521130611e-17, 1.0, -6.136882847087181e-17, 1.3537563024626779e-17, 6.136882847087181e-17, 1.0], "world_rotation": [-0.7609763537112164, 0.16786641696290353, -0.6266864089386478, -8.064485600844401e-17]}], "source": "manual check"}
{"timestamp": 1717817727.710092, "objects": [{"color": "cv_", "id_name": "hand", "shape": "CVCylinder", "id_string": "ob383", "world_size": [0.12, 0.005, 0.12], "id": 383, "camera_size": [48, 50], "camera_position": [246, 426], "world_position": [0.2676445155401189, 0.6334703013847729, -0.1738926040084785], "world_orientation": [-0.000641551183919033, 0.19791547486648334, 0.9802188802611653, -0.0007473675317251063, -0.9802189031249535, 0.19791499033243018, 0.9999995149268079, -0.0006056111687283283, 0.0007767761977412253], "world_rotation": [0.0, 1.0, 0.0, 0.0]}, {"color": "CVBlue", "id_name": "object167833378899965", "shape": "CVCone", "id_string": "ob401", "world_size": [0.09, 0.09, 0.09], "id": 401, "camera_size": [37, 37], "camera_position": [256, 254], "world_position": [0.705, 0.6448569696296074, -0.15], "world_orientation": [1.0, -4.331917303826236e-17, -1.1712398707441946e-17, 4.331917303826236e-17, 1.0, -5.775889738434995e-17, 1.1712398707441946e-17, 5.775889738434995e-17, 1.0], "world_rotation": [-0.7896765794068324, 0.16013129347666225, -0.5922574345551229, -7.314247236221149e-17]}], "source": "manual check"}
{"timestamp": 1717817729.155335, "objects": [{"color": "cv_", "id_name": "hand", "shape": "CVCylinder", "id_string": "ob383", "world_size": [0.12, 0.005, 0.12], "id": 383, "camera_size": [48, 50], "camera_position": [246, 426], "world_position": [0.2676445155401189, 0.6334703013847729, -0.1738926040084785], "world_orientation": [-0.000641551183919033, 0.19791547486648334, 0.9802188802611653, -0.0007473675317251063, -0.9802189031249535, 0.19791499033243018, 0.9999995149268079, -0.0006056111687283283, 0.0007767761977412253], "world_rotation": [0.0, 1.0, 0.0, 0.0]}, {"color": "CVBlue", "id_name": "object167833378899965", "shape": "CVCone", "id_string": "ob401", "world_size": [0.09, 0.09, 0.09], "id": 401, "camera_size": [37, 37], "camera_position": [256, 254], "world_position": [0.705, 0.6448569696296074, -0.15], "world_orientation": [1.0, -4.331917303826236e-17, -1.1712398707441946e-17, 4.331917303826236e-17, 1.0, -5.775889738434995e-17, 1.1712398707441946e-17, 5.775889738434995e-17, 1.0], "world_rotation": [-0.7896765794068324, 0.16013129347666225, -0.5922574345551229, -7.314247236221149e-17]}], "source": "action wait"}
{"timestamp": 1717817729.181882, "objects": [{"color": "cv_", "id_name": "hand", "shape": "CVCylinder", "id_string": "ob383", "world_size": [0.12, 0.005, 0.12], "id": 383, "camera_size": [49, 51], "camera_position": [246, 421], "world_position": [0.2919869551335373, 0.6685408235667831, -0.1739556680682845], "world_orientation": [-0.00037645681449833765, 0.20624254991824106, 0.9785008272267779, -0.0007131348945672527, -0.9785007031180833, 0.2062422493962836, 0.9999996748593918, -0.000620161784035928, 0.0005154420167718743], "world_rotation": [0.0, 1.0, 0.0, 0.0]}, {"color": "CVBlue", "id_name": "object167833378899965", "shape": "CVCone", "id_string": "ob401", "world_size": [0.09, 0.09, 0.09], "id": 401, "camera_size": [37, 37], "camera_position": [256, 254], "world_position": [0.705, 0.6448569696296074, -0.15], "world_orientation": [1.0, -4.331917303826236e-17, -1.1712398707441946e-17, 4.331917303826236e-17, 1.0, -5.775889738434995e-17, 1.1712398707441946e-17, 5.775889738434995e-17, 1.0], "world_rotation": [-0.7896765794068324, 0.16013129347666225, -0.5922574345551229, -7.314247236221149e-17]}], "source": "action wait"}
{"timestamp": 1717817729.214742, "objects": [{"color": "cv_", "id_name": "hand", "shape": "CVCylinder", "id_string": "ob383", "world_size": [0.12, 0.005, 0.12], "id": 383, "camera_size": [51, 52], "camera_position": [246, 405], "world_position": [0.33864022974668073, 0.7074391543986152, -0.1739834138900118], "world_orientation": [-0.00021195210198459615, 0.20085719951516462, 0.9796205084006928, -0.0007285577621795675, -0.979620301431441, 0.2008569994472695, 0.9999997121399056, -0.0006711380621547346, 0.0003539686538320305], "world_rotation": [0.0, 1.0, 0.0, 0.0]}, {"color": "CVBlue", "id_name": "object167833378899965", "shape": "CVCone", "id_string": "ob401", "world_size": [0.09, 0.09, 0.09], "id": 401, "camera_size": [37, 37], "camera_position": [256, 254], "world_position": [0.705, 0.6448569696296074, -0.15], "world_orientation": [1.0, -4.331917303826236e-17, -1.1712398707441946e-17, 4.331917303826236e-17, 1.0, -5.775889738434995e-17, 1.1712398707441946e-17, 5.775889738434995e-17, 1.0], "world_rotation": [-0.7896765794068324, 0.16013129347666225, -0.5922574345551229, -7.314247236221149e-17]}], "source": "action wait"}
{"timestamp": 1717817729.230129, "objects": [{"color": "cv_", "id_name": "hand", "shape": "CVCylinder", "id_string": "ob383", "world_size": [0.12, 0.005, 0.12], "id": 383, "camera_size": [51, 53], "camera_position": [246, 388], "world_position": [0.38964878376547035, 0.7412625073193517, -0.17400399826768817], "world_orientation": [-0.00010487817276329902, 0.19698972744046322, 0.9804055468445193, -0.0007393829585236478, -0.9804052995244632, 0.19698959865228566, 0.9999997211566659, -0.0007042352446191548, 0.0002484739638557062], "world_rotation": [0.0, 1.0, 0.0, 0.0]}, {"color": "CVBlue", "id_name": "object167833378899965", "shape": "CVCone", "id_string": "ob401", "world_size": [0.09, 0.09, 0.09], "id": 401, "camera_size": [37, 37], "camera_position": [256, 254], "world_position": [0.705, 0.6448569696296074, -0.15], "world_orientation": [1.0, -4.331917303826236e-17, -1.1712398707441946e-17, 4.331917303826236e-17, 1.0, -5.775889738434995e-17, 1.1712398707441946e-17, 5.775889738434995e-17, 1.0], "world_rotation": [-0.7896765794068324, 0.16013129347666225, -0.5922574345551229, -7.314247236221149e-17]}], "source": "action wait"}
{"timestamp": 1717817729.264603, "objects": [{"color": "cv_", "id_name": "hand", "shape": "CVCylinder", "id_string": "ob383", "world_size": [0.12, 0.005, 0.12], "id": 383, "camera_size": [52, 53], "camera_position": [245, 367], "world_position": [0.4440857270654941, 0.7696644075349622, -0.1740226156272245], "world_orientation": [-2.9502473049300696e-05, 0.1942592007527781, 0.9809502342384632, -0.0007465298892743827, -0.9809499655986349, 0.19425912510140111, 0.9999997209113253, -0.0007265775451471213, 0.00017396074955171583], "world_rotation": [0.0, 1.0, 0.0, 0.0]}, {"color": "CVBlue", "id_name": "object167833378899965", "shape": "CVCone", "id_string": "ob401", "world_size": [0.09, 0.09, 0.09], "id": 401, "camera_size": [37, 37], "camera_position": [256, 254], "world_position": [0.705, 0.6448569696296074, -0.15], "world_orientation": [1.0, -4.331917303826236e-17, -1.1712398707441946e-17, 4.331917303826236e-17, 1.0, -5.775889738434995e-17, 1.1712398707441946e-17, 5.775889738434995e-17, 1.0], "world_rotation": [-0.7896765794068324, 0.16013129347666225, -0.5922574345551229, -7.314247236221149e-17]}], "source": "action wait"}
{"timestamp": 1717817729.285951, "objects": [{"color": "cv_", "id_name": "hand", "shape": "CVCylinder", "id_string": "ob383", "world_size": [0.12, 0.005, 0.12], "id": 383, "camera_size": [53, 54], "camera_position": [245, 343], "world_position": [0.5012959945116066, 0.7923847371206691, -0.1740388649904398], "world_orientation": [2.3462679174194444e-05, 0.19233034432194174, 0.9813302390645597, -0.0007513289447130427, -0.9813299589660979, 0.19233030738917256, 0.9999997174771199, -0.0007418143972293894, 0.00012147872464488108], "world_rotation": [0.0, 1.0, 0.0, 0.0]}, {"color": "CVBlue", "id_name": "object167833378899965", "shape": "CVCone", "id_string": "ob401", "world_size": [0.09, 0.09, 0.09], "id": 401, "camera_size": [37, 37], "camera_position": [256, 254], "world_position": [0.705, 0.6448569696296074, -0.15], "world_orientation": [1.0, -4.331917303826236e-17, -1.1712398707441946e-17, 4.331917303826236e-17, 1.0, -5.775889738434995e-17, 1.1712398707441946e-17, 5.775889738434995e-17, 1.0], "world_rotation": [-0.7896765794068324, 0.16013129347666225, -0.5922574345551229, -7.314247236221149e-17]}], "source": "action wait"}
{"timestamp": 1717817729.329484, "objects": [{"color": "cv_", "id_name": "hand", "shape": "CVCylinder", "id_string": "ob383", "world_size": [0.12, 0.005, 0.12], "id": 383, "camera_size": [54, 54], "camera_position": [245, 318], "world_position": [0.560632761855053, 0.8092075255009062, -0.17405259173012616], "world_orientation": [6.056594114189122e-05, 0.19096620634128028, 0.9815966097982338, -0.000754606609946145, -0.9815963233949029, 0.19096619718283592, 0.9999997134502744, -0.0007522853375134313, 8.465305643406404e-05], "world_rotation": [0.0, 1.0, 0.0, 0.0]}, {"color": "CVBlue", "id_name": "object167833378899965", "shape": "CVCone", "id_string": "ob401", "world_size": [0.09, 0.09, 0.09], "id": 401, "camera_size": [37, 37], "camera_position": [256, 254], "world_position": [0.705, 0.6448569696296074, -0.15], "world_orientation": [1.0, -4.331917303826236e-17, -1.1712398707441946e-17, 4.331917303826236e-17, 1.0, -5.775889738434995e-17, 1.1712398707441946e-17, 5.775889738434995e-17, 1.0], "world_rotation": [-0.7896765794068324, 0.16013129347666225, -0.5922574345551229, -7.314247236221149e-17]}], "source": "action wait"}
{"timestamp": 1717817729.386922, "objects": [{"color": "cv_", "id_name": "hand", "shape": "CVCylinder", "id_string": "ob383", "world_size": [0.12, 0.005, 0.12], "id": 383, "camera_size": [54, 54], "camera_position": [245, 291], "world_position": [0.6216633665952104, 0.8138948260196777, -0.17406305755710774], "world_orientation": [8.082811889657416e-05, 0.1813500076569864, 0.9834186128956611, -0.0007644307326780328, -0.9834183175704111, 0.1813500160260187, 0.9999997045561916, -0.0007664135914425811, 5.914166652717113e-05], "world_rotation": [0.0, 1.0, 0.0, 0.0]}, {"color": "CVBlue", "id_name": "object167833378899965", "shape": "CVCone", "id_string": "ob401", "world_size": [0.09, 0.09, 0.09], "id": 401, "camera_size": [37, 37], "camera_position": [256, 254], "world_position": [0.705, 0.6448569696296074, -0.15], "world_orientation": [1.0, -4.331917303826236e-17, -1.1712398707441946e-17, 4.331917303826236e-17, 1.0, -5.775889738434995e-17, 1.1712398707441946e-17, 5.775889738434995e-17, 1.0], "world_rotation": [-0.7896765794068324, 0.16013129347666225, -0.5922574345551229, -7.314247236221149e-17]}], "source": "action wait"}
{"timestamp": 1717817729.474124, "objects": [{"color": "cv_", "id_name": "hand", "shape": "CVCylinder", "id_string": "ob383", "world_size": [0.12, 0.005, 0.12], "id": 383, "camera_size": [53, 53], "camera_position": [245, 263], "world_position": [0.6838067293538586, 0.7936057812407624, -0.17407080174160453], "world_orientation": [7.157270932930138e-05, 0.1453760290566472, 0.9893764728621093, -0.000777143058402474, -0.9893761685424185, 0.14537604056030287, 0.9999996954629607, -0.0007792920151262758, 4.2165638911478804e-05], "world_rotation": [0.0, 1.0, 0.0, 0.0]}, {"color": "CVBlue", "id_name": "object167833378899965", "shape": "CVCone", "id_string": "ob401", "world_size": [0.09, 0.09, 0.09], "id": 401, "camera_size": [37, 37], "camera_position": [256, 254], "world_position": [0.705, 0.6448569696296074, -0.15], "world_orientation": [1.0, -4.331917303826236e-17, -1.1712398707441946e-17, 4.331917303826236e-17, 1.0, -5.775889738434995e-17, 1.1712398707441946e-17, 5.775889738434995e-17, 1.0], "world_rotation": [-0.7896765794068324, 0.16013129347666225, -0.5922574345551229, -7.314247236221149e-17]}], "source": "action wait"}
{"timestamp": 1717817729.501841, "objects": [{"color": "cv_", "id_name": "hand", "shape": "CVCylinder", "id_string": "ob383", "world_size": [0.12, 0.005, 0.12], "id": 383, "camera_size": [52, 52], "camera_position": [245, 239], "world_position": [0.7379786151280048, 0.7621013025958095, -0.17407251057354603], "world_orientation": [3.8751336963056655e-05, 0.10220738761193954, 0.9947631117084491, -0.0007767001166847602, -0.9947628093271242, 0.10220738680025189, 0.9999996976175857, -0.0007765932978239942, 4.083610106208514e-05], "world_rotation": [0.0, 1.0, 0.0, 0.0]}, {"color": "CVBlue", "id_name": "object167833378899965", "shape": "CVCone", "id_string": "ob401", "world_size": [0.09, 0.09, 0.09], "id": 401, "camera_size": [37, 37], "camera_position": [256, 254], "world_position": [0.705, 0.6448569696296074, -0.15], "world_orientation": [1.0, -4.331917303826236e-17, -1.1712398707441946e-17, 4.331917303826236e-17, 1.0, -5.775889738434995e-17, 1.1712398707441946e-17, 5.775889738434995e-17, 1.0], "world_rotation": [-0.7896765794068324, 0.16013129347666225, -0.5922574345551229, -7.314247236221149e-17]}], "source": "action wait"}
{"timestamp": 1717817729.531359, "objects": [{"color": "cv_", "id_name": "hand", "shape": "CVCylinder", "id_string": "ob383", "world_size": [0.12, 0.005, 0.12], "id": 383, "camera_size": [51, 51], "camera_position": [246, 224], "world_position": [0.7751538980443191, 0.7363531940805719, -0.1740739570945123], "world_orientation": [1.368667456225577e-05, 0.07158506549712963, 0.9974344982054947, -0.0007699270954100224, -0.9974342019110608, 0.07158505479716427, 0.9999997035124275, -0.0007689316074139781, 4.146372423451058e-05], "world_rotation": [0.0, 1.0, 0.0, 0.0]}, {"color": "CVBlue", "id_name": "object167833378899965", "shape": "CVCone", "id_string": "ob401", "world_size": [0.09, 0.09, 0.09], "id": 401, "camera_size": [37, 37], "camera_position": [256, 254], "world_position": [0.705, 0.6448569696296074, -0.15], "world_orientation": [1.0, -4.331917303826236e-17, -1.1712398707441946e-17, 4.331917303826236e-17, 1.0, -5.775889738434995e-17, 1.1712398707441946e-17, 5.775889738434995e-17, 1.0], "world_rotation": [-0.7896765794068324, 0.16013129347666225, -0.5922574345551229, -7.314247236221149e-17]}], "source": "action wait"}
{"timestamp": 1717817729.562301, "objects": [{"color": "cv_", "id_name": "hand", "shape": "CVCylinder", "id_string": "ob383", "world_size": [0.12, 0.005, 0.12], "id": 383, "camera_size": [51, 51], "camera_position": [246, 214], "world_position": [0.8006353801046033, 0.7165645384742703, -0.1740775041637836], "world_orientation": [1.0258783060857729e-07, 0.049960671785428984, 0.9987511858690021, -0.0007648994652770033, -0.998750893694771, 0.04996065724852391, 0.999999707464356, -0.0007639493733717599, 3.8112431446433915e-05], "world_rotation": [0.0, 1.0, 0.0, 0.0]}, {"color": "CVBlue", "id_name": "object167833378899965", "shape": "CVCone", "id_string": "ob401", "world_size": [0.09, 0.09, 0.09], "id": 401, "camera_size": [37, 37], "camera_position": [256, 254], "world_position": [0.705, 0.6448569696296074, -0.15], "world_orientation": [1.0, -4.331917303826236e-17, -1.1712398707441946e-17, 4.331917303826236e-17, 1.0, -5.775889738434995e-17, 1.1712398707441946e-17, 5.775889738434995e-17, 1.0], "world_rotation": [-0.7896765794068324, 0.16013129347666225, -0.5922574345551229, -7.314247236221149e-17]}], "source": "action wait"}
{"timestamp": 1717817729.585909, "objects": [{"color": "cv_", "id_name": "hand", "shape": "CVCylinder", "id_string": "ob383", "world_size": [0.12, 0.005, 0.12], "id": 383, "camera_size": [49, 50], "camera_position": [246, 207], "world_position": [0.818191250067955, 0.7018459070341264, -0.17408170915142296], "world_orientation": [-6.7442361678115145e-06, 0.034706567749460855, 0.9993975455791191, -0.0007618407691211968, -0.9993972557542831, 0.03470655254344093, 0.9999997097765367, -0.0007611477255952554, 3.318104938645241e-05], "world_rotation": [0.0, 1.0, 0.0, 0.0]}, {"color": "CVBlue", "id_name": "object167833378899965", "shape": "CVCone", "id_string": "ob401", "world_size": [0.09, 0.09, 0.09], "id": 401, "camera_size": [37, 37], "camera_position": [256, 254], "world_position": [0.705, 0.6448569696296074, -0.15], "world_orientation": [1.0, -4.331917303826236e-17, -1.1712398707441946e-17, 4.331917303826236e-17, 1.0, -5.775889738434995e-17, 1.1712398707441946e-17, 5.775889738434995e-17, 1.0], "world_rotation": [-0.7896765794068324, 0.16013129347666225, -0.5922574345551229, -7.314247236221149e-17]}], "source": "action wait"}
{"timestamp": 1717817729.620129, "objects": [{"color": "cv_", "id_name": "hand", "shape": "CVCylinder", "id_string": "ob383", "world_size": [0.12, 0.005, 0.12], "id": 383, "camera_size": [49, 50], "camera_position": [246, 202], "world_position": [0.8303485723564175, 0.6911140674711147, -0.17408581991816277], "world_orientation": [-9.76258516455009e-06, 0.023951685482086423, 0.9997131171827541, -0.0007603078382796253, -0.9997128284570502, 0.023951671139935005, 0.9999997109182996, -0.0007598558887960256, 2.797043584031671e-05], "world_rotation": [0.0, 1.0, 0.0, 0.0]}, {"color": "CVBlue", "id_name": "object167833378899965", "shape": "CVCone", "id_string": "ob401", "world_size": [0.09, 0.09, 0.09], "id": 401, "camera_size": [37, 37], "camera_position": [256, 254], "world_position": [0.705, 0.6448569696296074, -0.15], "world_orientation": [1.0, -4.331917303826236e-17, -1.1712398707441946e-17, 4.331917303826236e-17, 1.0, -5.775889738434995e-17, 1.1712398707441946e-17, 5.775889738434995e-17, 1.0], "world_rotation": [-0.7896765794068324, 0.16013129347666225, -0.5922574345551229, -7.314247236221149e-17]}], "source": "action wait"}
{"timestamp": 1717817729.658302, "objects": [{"color": "cv_", "id_name": "hand", "shape": "CVCylinder", "id_string": "ob383", "world_size": [0.12, 0.005, 0.12], "id": 383, "camera_size": [49, 49], "camera_position": [246, 199], "world_position": [0.838804579980875, 0.6833871091932612, -0.17408949146905925], "world_orientation": [-1.067469660835474e-05, 0.016370797929066906, 0.9998659894511946, -0.000759776973626441, -0.9998657010490483, 0.016370785095585566, 0.9999997113124589, -0.0007595004023334583, 2.3111418314565166e-05], "world_rotation": [0.0, 1.0, 0.0, 0.0]}, {"color": "CVBlue", "id_name": "object167833378899965", "shape": "CVCone", "id_string": "ob401", "world_size": [0.09, 0.09, 0.09], "id": 401, "camera_size": [37, 37], "camera_position": [256, 254], "world_position": [0.705, 0.6448569696296074, -0.15], "world_orientation": [1.0, -4.331917303826236e-17, -1.1712398707441946e-17, 4.331917303826236e-17, 1.0, -5.775889738434995e-17, 1.1712398707441946e-17, 5.775889738434995e-17, 1.0], "world_rotation": [-0.7896765794068324, 0.16013129347666225, -0.5922574345551229, -7.314247236221149e-17]}], "source": "action wait"}
{"timestamp": 1717817729.686213, "objects": [{"color": "cv_", "id_name": "hand", "shape": "CVCylinder", "id_string": "ob383", "world_size": [0.12, 0.005, 0.12], "id": 383, "camera_size": [49, 49], "camera_position": [246, 197], "world_position": [0.8447069691911351, 0.6778689561895347, -0.17409260446140273], "world_orientation": [-1.0519104258572736e-05, 0.011027738155799808, 0.9999391925914874, -0.0007598276762574413, -0.9999389040834139, 0.011027726980822663, 0.9999997112755837, -0.0007596654712960525, 1.8897642241921637e-05], "world_rotation": [0.0, 1.0, 0.0, 0.0]}, {"color": "CVBlue", "id_name": "object167833378899965", "shape": "CVCone", "id_string": "ob401", "world_size": [0.09, 0.09, 0.09], "id": 401, "camera_size": [37, 37], "camera_position": [256, 254], "world_position": [0.705, 0.6448569696296074, -0.15], "world_orientation": [1.0, -4.331917303826236e-17, -1.1712398707441946e-17, 4.331917303826236e-17, 1.0, -5.775889738434995e-17, 1.1712398707441946e-17, 5.775889738434995e-17, 1.0], "world_rotation": [-0.7896765794068324, 0.16013129347666225, -0.5922574345551229, -7.314247236221149e-17]}], "source": "action wait"}
{"timestamp": 1717817729.747635, "objects": [{"color": "cv_", "id_name": "hand", "shape": "CVCylinder", "id_string": "ob383", "world_size": [0.12, 0.005, 0.12], "id": 383, "camera_size": [49, 49], "camera_position": [246, 196], "world_position": [0.84883814088178, 0.673949310799559, -0.17409515715081117], "world_orientation": [-9.856449746991843e-06, 0.007262037095032703, 0.9999736310123787, -0.000760169956417753, -0.9999733421937593, 0.0072620275047916875, 0.9999997110222021, -0.0007600783336967801, 1.5376569418066186e-05], "world_rotation": [0.0, 1.0, 0.0, 0.0]}, {"color": "CVBlue", "id_name": "object167833378899965", "shape": "CVCone", "id_string": "ob401", "world_size": [0.09, 0.09, 0.09], "id": 401, "camera_size": [37, 37], "camera_position": [256, 254], "world_position": [0.705, 0.6448569696296074, -0.15], "world_orientation": [1.0, -4.331917303826236e-17, -1.1712398707441946e-17, 4.331917303826236e-17, 1.0, -5.775889738434995e-17, 1.1712398707441946e-17, 5.775889738434995e-17, 1.0], "world_rotation": [-0.7896765794068324, 0.16013129347666225, -0.5922574345551229, -7.314247236221149e-17]}], "source": "action wait"}
{"timestamp": 1717817729.791481, "objects": [{"color": "cv_", "id_name": "hand", "shape": "CVCylinder", "id_string": "ob383", "world_size": [0.12, 0.005, 0.12], "id": 383, "camera_size": [49, 48], "camera_position": [246, 194], "world_position": [0.8517355347890433, 0.6711749618854508, -0.1740972029025454], "world_orientation": [-9.023307898016414e-06, 0.004608027387602712, 0.9999893829447267, -0.0007606240240635142, -0.999989093745639, 0.00460801919153408, 0.9999997106847951, -0.0007605743689006151, 1.2528185822444625e-05], "world_rotation": [0.0, 1.0, 0.0, 0.0]}, {"color": "CVBlue", "id_name": "object167833378899965", "shape": "CVCone", "id_string": "ob401", "world_size": [0.09, 0.09, 0.09], "id": 401, "camera_size": [37, 37], "camera_position": [256, 254], "world_position": [0.705, 0.6448569696296074, -0.15], "world_orientation": [1.0, -4.331917303826236e-17, -1.1712398707441946e-17, 4.331917303826236e-17, 1.0, -5.775889738434995e-17, 1.1712398707441946e-17, 5.775889738434995e-17, 1.0], "world_rotation": [-0.7896765794068324, 0.16013129347666225, -0.5922574345551229, -7.314247236221149e-17]}], "source": "action wait"}
{"timestamp": 1717817729.842918, "objects": [{"color": "cv_", "id_name": "hand", "shape": "CVCylinder", "id_string": "ob383", "world_size": [0.12, 0.005, 0.12], "id": 383, "camera_size": [49, 49], "camera_position": [246, 194], "world_position": [0.8537706987686511, 0.6692158274486346, -0.17409881550181253], "world_orientation": [-8.17742991202841e-06, 0.002737486237131319, 0.9999962530440957, -0.0007610879508324982, -0.9999959634681771, 0.0027374792206519317, 0.9999997103390885, -0.0007610627135253842, 1.0260864694587713e-05], "world_rotation": [0.0, 1.0, 0.0, 0.0]}, {"color": "CVBlue", "id_name": "object167833378899965", "shape": "CVCone", "id_string": "ob401", "world_size": [0.09, 0.09, 0.09], "id": 401, "camera_size": [37, 37], "camera_position": [256, 254], "world_position": [0.705, 0.6448569696296074, -0.15], "world_orientation": [1.0, -4.331917303826236e-17, -1.1712398707441946e-17, 4.331917303826236e-17, 1.0, -5.775889738434995e-17, 1.1712398707441946e-17, 5.775889738434995e-17, 1.0], "world_rotation": [-0.7896765794068324, 0.16013129347666225, -0.5922574345551229, -7.314247236221149e-17]}], "source": "action wait"}
{"timestamp": 1717817729.893401, "objects": [{"color": "cv_", "id_name": "hand", "shape": "CVCylinder", "id_string": "ob383", "world_size": [0.12, 0.005, 0.12], "id": 383, "camera_size": [48, 48], "camera_position": [246, 193], "world_position": [0.855201809154735, 0.6678344525630276, -0.17410007102899952], "world_orientation": [-7.406158748941949e-06, 0.0014190979309453957, 0.9999989930525988, -0.0007615105984944273, -0.9999987031390819, 0.0014190918796555146, 0.9999997100233365, -0.0007614993216739735, 8.486807259265774e-06], "world_rotation": [0.0, 1.0, 0.0, 0.0]}, {"color": "CVBlue", "id_name": "object167833378899965", "shape": "CVCone", "id_string": "ob401", "world_size": [0.09, 0.09, 0.09], "id": 401, "camera_size": [37, 37], "camera_position": [256, 254], "world_position": [0.705, 0.6448569696296074, -0.15], "world_orientation": [1.0, -4.331917303826236e-17, -1.1712398707441946e-17, 4.331917303826236e-17, 1.0, -5.775889738434995e-17, 1.1712398707441946e-17, 5.775889738434995e-17, 1.0], "world_rotation": [-0.7896765794068324, 0.16013129347666225, -0.5922574345551229, -7.314247236221149e-17]}], "source": "action wait"}
{"timestamp": 1717817729.947136, "objects": [{"color": "cv_", "id_name": "hand", "shape": "CVCylinder", "id_string": "ob383", "world_size": [0.12, 0.005, 0.12], "id": 383, "camera_size": [48, 49], "camera_position": [246, 193], "world_position": [0.8562089684516502, 0.6668613829042855, -0.17410103924753298], "world_orientation": [-6.74158948844647e-06, 0.0004898493990847559, 0.9999998800010513, -0.0007618712938143814, -0.9999995898023504, 0.0004898441207072447, 0.9999997097532993, -0.0007618679000630544, 7.114788918881988e-06], "world_rotation": [0.0, 1.0, 0.0, 0.0]}, {"color": "CVBlue", "id_name": "object167833378899965", "shape": "CVCone", "id_string": "ob401", "world_size": [0.09, 0.09, 0.09], "id": 401, "camera_size": [37, 37], "camera_position": [256, 254], "world_position": [0.705, 0.6448569696296074, -0.15], "world_orientation": [1.0, -4.331917303826236e-17, -1.1712398707441946e-17, 4.331917303826236e-17, 1.0, -5.775889738434995e-17, 1.1712398707441946e-17, 5.775889738434995e-17, 1.0], "world_rotation": [-0.7896765794068324, 0.16013129347666225, -0.5922574345551229, -7.314247236221149e-17]}], "source": "action wait"}
{"timestamp": 1717817729.986754, "objects": [{"color": "cv_", "id_name": "hand", "shape": "CVCylinder", "id_string": "ob383", "world_size": [0.12, 0.005, 0.12], "id": 383, "camera_size": [48, 49], "camera_position": [246, 193], "world_position": [0.8569181849738532, 0.6661763285892058, -0.17410178025065648], "world_orientation": [-6.189237385760202e-06, -0.00016513804501391176, 0.9999999863455596, -0.0007621663839873746, -0.9999996959150973, -0.00016514271428119462, 0.999999709532006, -0.0007621673956882796, 6.063372837444017e-06], "world_rotation": [0.0, 1.0, 0.0, 0.0]}, {"color": "CVBlue", "id_name": "object167833378899965", "shape": "CVCone", "id_string": "ob401", "world_size": [0.09, 0.09, 0.09], "id": 401, "camera_size": [37, 37], "camera_position": [256, 254], "world_position": [0.705, 0.6448569696296074, -0.15], "world_orientation": [1.0, -4.331917303826236e-17, -1.1712398707441946e-17, 4.331917303826236e-17, 1.0, -5.775889738434995e-17, 1.1712398707441946e-17, 5.775889738434995e-17, 1.0], "world_rotation": [-0.7896765794068324, 0.16013129347666225, -0.5922574345551229, -7.314247236221149e-17]}], "source": "action wait"}
{"timestamp": 1717817730.02073, "objects": [{"color": "cv_", "id_name": "hand", "shape": "CVCylinder", "id_string": "ob383", "world_size": [0.12, 0.005, 0.12], "id": 383, "camera_size": [48, 48], "camera_position": [246, 192], "world_position": [0.8574178117320806, 0.665694196936512, -0.17410234385659334], "world_orientation": [-5.741424932875837e-06, -0.0006268234663639776, 0.9999998035296698, -0.0007624007831552594, -0.9999995129159458, -0.000626827661467776, 0.9999997093559987, -0.0007624042322504848, 5.263531435027525e-06], "world_rotation": [0.0, 1.0, 0.0, 0.0]}, {"color": "CVBlue", "id_name": "object167833378899965", "shape": "CVCone", "id_string": "ob401", "world_size": [0.09, 0.09, 0.09], "id": 401, "camera_size": [37, 37], "camera_position": [256, 254], "world_position": [0.705, 0.6448569696296074, -0.15], "world_orientation": [1.0, -4.331917303826236e-17, -1.1712398707441946e-17, 4.331917303826236e-17, 1.0, -5.775889738434995e-17, 1.1712398707441946e-17, 5.775889738434995e-17, 1.0], "world_rotation": [-0.7896765794068324, 0.16013129347666225, -0.5922574345551229, -7.314247236221149e-17]}], "source": "action wait"}
{"timestamp": 1717817730.036505, "objects": [{"color": "cv_", "id_name": "hand", "shape": "CVCylinder", "id_string": "ob383", "world_size": [0.12, 0.005, 0.12], "id": 383, "camera_size": [48, 48], "camera_position": [246, 192], "world_position": [0.8577698975227971, 0.665354930895655, -0.17410277032458235], "world_orientation": [-5.384927644528411e-06, -0.0009522633146576542, 0.9999995465826883, -0.0007625829807140883, -0.9999992558269649, -0.0009522671442371192, 0.9999997092190579, -0.0007625877628358228, 4.6587438406581765e-06], "world_rotation": [0.0, 1.0, 0.0, 0.0]}, {"color": "CVBlue", "id_name": "object167833378899965", "shape": "CVCone", "id_string": "ob401", "world_size": [0.09, 0.09, 0.09], "id": 401, "camera_size": [37, 37], "camera_position": [256, 254], "world_position": [0.705, 0.6448569696296074, -0.15], "world_orientation": [1.0, -4.331917303826236e-17, -1.1712398707441946e-17, 4.331917303826236e-17, 1.0, -5.775889738434995e-17, 1.1712398707441946e-17, 5.775889738434995e-17, 1.0], "world_rotation": [-0.7896765794068324, 0.16013129347666225, -0.5922574345551229, -7.314247236221149e-17]}], "source": "action wait"}
{"timestamp": 1717817730.072017, "objects": [{"color": "cv_", "id_name": "hand", "shape": "CVCylinder", "id_string": "ob383", "world_size": [0.12, 0.005, 0.12], "id": 383, "camera_size": [48, 48], "camera_position": [246, 192], "world_position": [0.8580180685571368, 0.6651162054540642, -0.17410309160714943], "world_orientation": [-5.105074513677864e-06, -0.0011816698868089871, 0.9999993018148648, -0.0007627222824697246, -0.9999990109508151, -0.0011816734368599177, 0.9999997091142868, -0.0007627277824796595, 4.203783511679159e-06], "world_rotation": [0.0, 1.0, 0.0, 0.0]}, {"color": "CVBlue", "id_name": "object167833378899965", "shape": "CVCone", "id_string": "ob401", "world_size": [0.09, 0.09, 0.09], "id": 401, "camera_size": [37, 37], "camera_position": [256, 254], "world_position": [0.705, 0.6448569696296074, -0.15], "world_orientation": [1.0, -4.331917303826236e-17, -1.1712398707441946e-17, 4.331917303826236e-17, 1.0, -5.775889738434995e-17, 1.1712398707441946e-17, 5.775889738434995e-17, 1.0], "world_rotation": [-0.7896765794068324, 0.16013129347666225, -0.5922574345551229, -7.314247236221149e-17]}], "source": "action wait"}
{"timestamp": 1717817730.980299, "objects": [{"color": "cv_", "id_name": "hand", "shape": "CVCylinder", "id_string": "ob383", "world_size": [0.12, 0.005, 0.12], "id": 383, "camera_size": [48, 49], "camera_position": [246, 192], "world_position": [0.8586114373948881, 0.6645488554215246, -0.17410402950765932], "world_orientation": [-4.209837034427638e-06, -0.0017297537641949284, 0.9999985039659772, -0.0007631196443882272, -0.9999982127938789, -0.001729756473152003, 0.9999997088153005, -0.000763125784728501, 2.8898204335331236e-06], "world_rotation": [0.0, 1.0, 0.0, 0.0]}, {"color": "CVBlue", "id_name": "object167833378899965", "shape": "CVCone", "id_string": "ob401", "world_size": [0.09, 0.09, 0.09], "id": 401, "camera_size": [37, 37], "camera_position": [256, 254], "world_position": [0.705, 0.6448569696296074, -0.15], "world_orientation": [1.0, -4.331917303826236e-17, -1.1712398707441946e-17, 4.331917303826236e-17, 1.0, -5.775889738434995e-17, 1.1712398707441946e-17, 5.775889738434995e-17, 1.0], "world_rotation": [-0.7896765794068324, 0.16013129347666225, -0.5922574345551229, -7.314247236221149e-17]}], "source": "action wait"}
{"timestamp": 1717817731.015547, "objects": [{"color": "cv_", "id_name": "hand", "shape": "CVCylinder", "id_string": "ob383", "world_size": [0.12, 0.005, 0.12], "id": 383, "camera_size": [48, 48], "camera_position": [246, 205], "world_position": [0.825871486110136, 0.6516625607152204, -0.17408816260009874], "world_orientation": [-4.61106071486111e-05, -0.02264348533644488, 0.9997436023529385, -0.0007601004696864027, -0.9997433138197979, -0.022643513859055872, 0.999999710060502, -0.0007609496878868362, 2.888744735378233e-05], "world_rotation": [0.0, 1.0, 0.0, 0.0]}, {"color": "CVBlue", "id_name": "object167833378899965", "shape": "CVCone", "id_string": "ob401", "world_size": [0.09, 0.09, 0.09], "id": 401, "camera_size": [37, 37], "camera_position": [256, 254], "world_position": [0.705, 0.6448569696296074, -0.15], "world_orientation": [1.0, -4.331917303826236e-17, -1.1712398707441946e-17, 4.331917303826236e-17, 1.0, -5.775889738434995e-17, 1.1712398707441946e-17, 5.775889738434995e-17, 1.0], "world_rotation": [-0.7896765794068324, 0.16013129347666225, -0.5922574345551229, -7.314247236221149e-17]}], "source": "action wait"}
{"timestamp": 1717817731.041159, "objects": [{"color": "cv_", "id_name": "hand", "shape": "CVCylinder", "id_string": "ob383", "world_size": [0.12, 0.005, 0.12], "id": 383, "camera_size": [48, 48], "camera_position": [246, 219], "world_position": [0.7917079132738578, 0.6583613088778341, -0.174097537153307], "world_orientation": [-3.3544176566160235e-05, -0.016488827532446616, 0.9998640494794249, -0.0007581322095192329, -0.9998637622794325, -0.0164888482305897, 0.9999997120551292, -0.0007585822458874871, 2.1038895334812967e-05], "world_rotation": [0.0, 1.0, 0.0, 0.0]}, {"color": "CVBlue", "id_name": "object167833378899965", "shape": "CVCone", "id_string": "ob401", "world_size": [0.09, 0.09, 0.09], "id": 401, "camera_size": [37, 38], "camera_position": [256, 263], "world_position": [0.6807701241939907, 0.6461716844418819, -0.15000332885121948], "world_orientation": [0.999478415852664, -0.032293766955651906, 9.413003502165198e-05, 0.03229376820529502, 0.9994784201753423, -1.1785778566269836e-05, -9.37003315080803e-05, 1.4819444823151203e-05, 0.9999999955003162], "world_rotation": [0.00041192326912360526, 0.002908139408909358, 0.9999956865128964, 0.03229952271574176]}], "source": "action wait"}
{"timestamp": 1717817731.078363, "objects": [{"color": "cv_", "id_name": "hand", "shape": "CVCylinder", "id_string": "ob383", "world_size": [0.12, 0.005, 0.12], "id": 383, "camera_size": [48, 49], "camera_position": [246, 229], "world_position": [0.7671512150050699, 0.6617387471341095, -0.17410365932322167], "world_orientation": [-1.731052287873472e-05, -0.01208102736298109, 0.9999270215761752, -0.0007619939668327171, -0.9999267312703783, -0.012081037047009165, 0.999999709532728, -0.0007621474867826296, 8.103584595343019e-06], "world_rotation": [0.0, 1.0, 0.0, 0.0]}, {"color": "CVBlue", "id_name": "object167833378899965", "shape": "CVCone", "id_string": "ob401", "world_size": [0.09, 0.09, 0.09], "id": 401, "camera_size": [37, 39], "camera_position": [256, 282], "world_position": [0.6358242075356321, 0.6467000658444944, -0.15000356607657692], "world_orientation": [0.9990338475285416, -0.043947269243714136, 9.496493659060312e-05, 0.04394727003499773, 0.999033851987646, -6.2607700483739e-06, -9.45980426588839e-05, 1.0428170902121974e-05, 0.999999995471232], "world_rotation": [0.00018987416025292926, 0.0021567043473163195, 0.9999976562843342, 0.04396153139953485]}], "source": "action wait"}
{"timestamp": 1717817731.10475, "objects": [{"color": "cv_", "id_name": "hand", "shape": "CVCylinder", "id_string": "ob383", "world_size": [0.12, 0.005, 0.12], "id": 383, "camera_size": [48, 49], "camera_position": [246, 236], "world_position": [0.7497806269990364, 0.6633635214109763, -0.17410673316451428], "world_orientation": [-8.303935548916904e-06, -0.008988891791949416, 0.9999595990615807, -0.0007634500006193098, -0.9999593076228506, -0.008988895512027716, 0.9999997085375282, -0.0007634937997322144, 1.4410281982673101e-06], "world_rotation": [0.0, 1.0, 0.0, 0.0]}, {"color": "CVBlue", "id_name": "object167833378899965", "shape": "CVCone", "id_string": "ob401", "world_size": [0.09, 0.09, 0.09], "id": 401, "camera_size": [37, 39], "camera_position": [256, 298], "world_position": [0.5951059047794562, 0.6440398828908659, -0.15000404802593162], "world_orientation": [0.999850212323245, 0.017307324862919526, 9.707343214853339e-05, -0.017307324554111537, 0.9998502170328392, -4.020381197338529e-06, -9.712847424528877e-05, 2.3396975980026476e-06, 0.9999999952802928], "world_rotation": [0.0001837366173224107, 0.005610308064815449, -0.99998424521803, 0.017308461592681394]}], "source": "action wait"}
{"timestamp": 1717817731.146914, "objects": [{"color": "cv_", "id_name": "hand", "shape": "CVCylinder", "id_string": "ob383", "world_size": [0.12, 0.005, 0.12], "id": 383, "camera_size": [48, 49], "camera_position": [246, 241], "world_position": [0.7375268412975581, 0.6641378603856103, -0.17410804701601956], "world_orientation": [-3.235628314481322e-06, -0.006818737613996181, 0.9999767521332094, -0.0007638570169168041, -0.9999764603895598, -0.006818738096241001, 0.9999997082559516, -0.0007638613217730467, -1.9729884235528707e-06], "world_rotation": [0.0, 1.0, 0.0, 0.0]}, {"color": "CVBlue", "id_name": "object167833378899965", "shape": "CVCone", "id_string": "ob401", "world_size": [0.09, 0.09, 0.09], "id": 401, "camera_size": [37, 39], "camera_position": [256, 310], "world_position": [0.5666992695092268, 0.6448929197019584, -0.15000401436222163], "world_orientation": [0.9999969188263312, -0.002480501973581221, 9.719980961514153e-05, 0.0024805022697765478, 0.9999969235452294, -2.9268491289180706e-06, -9.7192250529283e-05, 3.167944459155627e-06, 0.9999999952718153], "world_rotation": [0.0012275973065598072, 0.039153937865405206, 0.9992324365003794, 0.0024824100766710805]}], "source": "action wait"}
{"timestamp": 1717817731.192867, "objects": [{"color": "cv_", "id_name": "hand", "shape": "CVCylinder", "id_string": "ob383", "world_size": [0.12, 0.005, 0.12], "id": 383, "camera_size": [48, 48], "camera_position": [246, 244], "world_position": [0.7288931321427399, 0.6645031266074477, -0.1741083785711872], "world_orientation": [-9.3978606999993e-07, -0.005294840938283874, 0.9999859822310287, -0.0007638503601067646, -0.9999856904980299, -0.00529484011144802, 0.9999997082658295, -0.0007638446286462294, -3.104693534925519e-06], "world_rotation": [0.0, 1.0, 0.0, 0.0]}, {"color": "CVBlue", "id_name": "object167833378899965", "shape": "CVCone", "id_string": "ob401", "world_size": [0.09, 0.09, 0.09], "id": 401, "camera_size": [37, 39], "camera_position": [256, 318], "world_position": [0.5451933114392827, 0.6444264532213461, -0.15000410588603857], "world_orientation": [0.999972121092924, 0.0074664281281371404, 9.740598635598461e-05, -0.00746642795745912, 0.9999721258360553, -2.115758198413516e-06, -9.741906840207674e-05, 1.3884244336340329e-06, 0.9999999952537987], "world_rotation": [0.00023464261071112302, 0.013045626977968738, -0.9999148746566364, 0.0074671330711268665]}], "source": "action wait"}
