{"timestamp": 1706068362.715956, "objects": [{"color": "cv_", "id_name": "hand", "shape": "CVCylinder", "id_string": "ob383", "world_size": [0.12, 0.005, 0.12], "id": 383, "camera_size": [48, 50], "camera_position": [246, 426], "world_position": [0.26764451554005725, 0.6334703013847505, -0.1738926040084784], "world_orientation": [-0.0006415511231878319, 0.1979154748665378, 0.980218880261194, -0.000747367519462888, -0.9802189031249424, 0.19791499033253113, 0.999999514926856, -0.0006056111687282427, 0.0007767761357845048], "world_rotation": [0.0, 1.0, 0.0, 0.0]}, {"color": "CVGreen", "id_name": "object24747825299296", "shape": "CVCone", "id_string": "ob800", "world_size": [0.09, 0.09, 0.09], "id": 800, "camera_size": [37, 37], "camera_position": [256, 254], "world_position": [0.705, 0.6448569618279929, -0.15], "world_orientation": [1.0, -3.248937977869676e-17, -1.2465442788089477e-17, 3.248937977869676e-17, 1.0, -5.775889738434994e-17, 1.2465442788089477e-17, 5.775889738434994e-17, 1.0], "world_rotation": [-0.8565537801950899, 0.18486021419163617, -0.4818115013597369, -6.743172316768561e-17]}], "source": "manual check"}
{"timestamp": 1706068363.735383, "objects": [{"color": "cv_", "id_name": "hand", "shape": "CVCylinder", "id_string": "ob383", "world_size": [0.12, 0.005, 0.12], "id": 383, "camera_size": [48, 50], "camera_position": [246, 426], "world_position": [0.26764451554005725, 0.6334703013847505, -0.1738926040084784], "world_orientation": [-0.0006415511231878319, 0.1979154748665378, 0.980218880261194, -0.000747367519462888, -0.9802189031249424, 0.19791499033253113, 0.999999514926856, -0.0006056111687282427, 0.0007767761357845048], "world_rotation": [0.0, 1.0, 0.0, 0.0]}, {"color": "CVGreen", "id_name": "object24747825299296", "shape": "CVCone", "id_string": "ob800", "world_size": [0.09, 0.09, 0.09], "id": 800, "camera_size": [37, 37], "camera_position": [256, 254], "world_position": [0.705, 0.6448569696296074, -0.15], "world_orientation": [1.0, -4.331917303826236e-17, -1.1712398707441946e-17, 4.331917303826236e-17, 1.0, -5.775889738434995e-17, 1.1712398707441946e-17, 5.775889738434995e-17, 1.0], "world_rotation": [-0.7896765794068324, 0.16013129347666225, -0.5922574345551229, -7.314247236221149e-17]}], "source": "manual check"}
{"timestamp": 1706068365.663206, "objects": [{"color": "cv_", "id_name": "hand", "shape": "CVCylinder", "id_string": "ob383", "world_size": [0.12, 0.005, 0.12], "id": 383, "camera_size": [48, 50], "camera_position": [246, 426], "world_position": [0.26764451554005725, 0.6334703013847505, -0.1738926040084784], "world_orientation": [-0.0006415511231878319, 0.1979154748665378, 0.980218880261194, -0.000747367519462888, -0.9802189031249424, 0.19791499033253113, 0.999999514926856, -0.0006056111687282427, 0.0007767761357845048], "world_rotation": [0.0, 1.0, 0.0, 0.0]}, {"color": "CVGreen", "id_name": "object24747825299296", "shape": "CVCone", "id_string": "ob800", "world_size": [0.09, 0.09, 0.09], "id": 800, "camera_size": [37, 37], "camera_position": [256, 254], "world_position": [0.705, 0.6448569696296074, -0.15], "world_orientation": [1.0, -4.331917303826236e-17, -1.1712398707441946e-17, 4.331917303826236e-17, 1.0, -5.775889738434995e-17, 1.1712398707441946e-17, 5.775889738434995e-17, 1.0], "world_rotation": [-0.7896765794068324, 0.16013129347666225, -0.5922574345551229, -7.314247236221149e-17]}], "source": "action wait"}
{"timestamp": 1706068365.697479, "objects": [{"color": "cv_", "id_name": "hand", "shape": "CVCylinder", "id_string": "ob383", "world_size": [0.12, 0.005, 0.12], "id": 383, "camera_size": [49, 51], "camera_position": [246, 421], "world_position": [0.2921461852960454, 0.6686503177515473, -0.1739555805638592], "world_orientation": [-0.000375308365555896, 0.20770650274663208, 0.9781911203136092, -0.00071279645590476, -0.9781909962720124, 0.20770620292514236, 0.9999996755323691, -0.0006192972882216722, 0.0005151757230389458], "world_rotation": [0.0, 1.0, 0.0, 0.0]}, {"color": "CVGreen", "id_name": "object24747825299296", "shape": "CVCone", "id_string": "ob800", "world_size": [0.09, 0.09, 0.09], "id": 800, "camera_size": [37, 37], "camera_position": [256, 254], "world_position": [0.705, 0.6448569696296074, -0.15], "world_orientation": [1.0, -4.331917303826236e-17, -1.1712398707441946e-17, 4.331917303826236e-17, 1.0, -5.775889738434995e-17, 1.1712398707441946e-17, 5.775889738434995e-17, 1.0], "world_rotation": [-0.7896765794068324, 0.16013129347666225, -0.5922574345551229, -7.314247236221149e-17]}], "source": "action wait"}
{"timestamp": 1706068365.733688, "objects": [{"color": "cv_", "id_name": "hand", "shape": "CVCylinder", "id_string": "ob383", "world_size": [0.12, 0.005, 0.12], "id": 383, "camera_size": [51, 52], "camera_position": [246, 405], "world_position": [0.33891062676121136, 0.707715623305565, -0.17398332078152265], "world_orientation": [-0.00020988626801340065, 0.20348255624196304, 0.9790785490720296, -0.0007279824092933523, -0.9790783422926539, 0.20348235720838498, 0.999999712994642, -0.0006700438084801431, 0.0003536268208991768], "world_rotation": [0.0, 1.0, 0.0, 0.0]}, {"color": "CVGreen", "id_name": "object24747825299296", "shape": "CVCone", "id_string": "ob800", "world_size": [0.09, 0.09, 0.09], "id": 800, "camera_size": [37, 37], "camera_position": [256, 254], "world_position": [0.705, 0.6448569696296074, -0.15], "world_orientation": [1.0, -4.331917303826236e-17, -1.1712398707441946e-17, 4.331917303826236e-17, 1.0, -5.775889738434995e-17, 1.1712398707441946e-17, 5.775889738434995e-17, 1.0], "world_rotation": [-0.7896765794068324, 0.16013129347666225, -0.5922574345551229, -7.314247236221149e-17]}], "source": "action wait"}
{"timestamp": 1706068365.768943, "objects": [{"color": "cv_", "id_name": "hand", "shape": "CVCylinder", "id_string": "ob383", "world_size": [0.12, 0.005, 0.12], "id": 383, "camera_size": [51, 53], "camera_position": [246, 388], "world_position": [0.38999863655651024, 0.7416568721405096, -0.1740039149272526], "world_orientation": [-0.00010215088815137005, 0.20043618066939883, 0.9797067556385738, -0.0007387227226425091, -0.9797065085567042, 0.20043605309517576, 0.999999721926929, -0.0007032569210756442, 0.00024814465107733907], "world_rotation": [0.0, 1.0, 0.0, 0.0]}, {"color": "CVGreen", "id_name": "object24747825299296", "shape": "CVCone", "id_string": "ob800", "world_size": [0.09, 0.09, 0.09], "id": 800, "camera_size": [37, 37], "camera_position": [256, 254], "world_position": [0.705, 0.6448569696296074, -0.15], "world_orientation": [1.0, -4.331917303826236e-17, -1.1712398707441946e-17, 4.331917303826236e-17, 1.0, -5.775889738434995e-17, 1.1712398707441946e-17, 5.775889738434995e-17, 1.0], "world_rotation": [-0.7896765794068324, 0.16013129347666225, -0.5922574345551229, -7.314247236221149e-17]}], "source": "action wait"}
{"timestamp": 1706068365.803365, "objects": [{"color": "cv_", "id_name": "hand", "shape": "CVCylinder", "id_string": "ob383", "world_size": [0.12, 0.005, 0.12], "id": 383, "camera_size": [52, 54], "camera_position": [245, 366], "world_position": [0.444492220476293, 0.7701416319094221, -0.17402254966717862], "world_orientation": [-2.6307520040473155e-05, 0.19828569575473126, 0.9801442659970913, -0.0007458184165596453, -0.9801439976264879, 0.19828562144456405, 0.9999997215313633, -0.0007257932415063603, 0.0001736702814947588], "world_rotation": [0.0, 1.0, 0.0, 0.0]}, {"color": "CVGreen", "id_name": "object24747825299296", "shape": "CVCone", "id_string": "ob800", "world_size": [0.09, 0.09, 0.09], "id": 800, "camera_size": [37, 37], "camera_position": [256, 254], "world_position": [0.705, 0.6448569696296074, -0.15], "world_orientation": [1.0, -4.331917303826236e-17, -1.1712398707441946e-17, 4.331917303826236e-17, 1.0, -5.775889738434995e-17, 1.1712398707441946e-17, 5.775889738434995e-17, 1.0], "world_rotation": [-0.7896765794068324, 0.16013129347666225, -0.5922574345551229, -7.314247236221149e-17]}], "source": "action wait"}
{"timestamp": 1706068365.832523, "objects": [{"color": "cv_", "id_name": "hand", "shape": "CVCylinder", "id_string": "ob383", "world_size": [0.12, 0.005, 0.12], "id": 383, "camera_size": [53, 54], "camera_position": [245, 343], "world_position": [0.5017427355821446, 0.7929202866781839, -0.17403881674192748], "world_orientation": [2.6987879320117307e-05, 0.19676644656356038, 0.9804503887389734, -0.0007505839352539414, -0.9804501089289263, 0.19676641106909762, 0.9999997179476656, -0.00074122061925741, 0.00012122946456887052], "world_rotation": [0.0, 1.0, 0.0, 0.0]}, {"color": "CVGreen", "id_name": "object24747825299296", "shape": "CVCone", "id_string": "ob800", "world_size": [0.09, 0.09, 0.09], "id": 800, "camera_size": [37, 37], "camera_position": [256, 254], "world_position": [0.705, 0.6448569696296074, -0.15], "world_orientation": [1.0, -4.331917303826236e-17, -1.1712398707441946e-17, 4.331917303826236e-17, 1.0, -5.775889738434995e-17, 1.1712398707441946e-17, 5.775889738434995e-17, 1.0], "world_rotation": [-0.7896765794068324, 0.16013129347666225, -0.5922574345551229, -7.314247236221149e-17]}], "source": "action wait"}
{"timestamp": 1706068365.861106, "objects": [{"color": "cv_", "id_name": "hand", "shape": "CVCylinder", "id_string": "ob383", "world_size": [0.12, 0.005, 0.12], "id": 383, "camera_size": [54, 54], "camera_position": [245, 318], "world_position": [0.5611080428997396, 0.8097841863920536, -0.17405255873252815], "world_orientation": [6.4324162565404e-05, 0.19569149029676686, 0.980665506932834, -0.0007538381238432695, -0.9806652208301774, 0.1956914826510926, 0.9999997137952016, -0.0007518507366070584, 8.443923681091843e-05], "world_rotation": [0.0, 1.0, 0.0, 0.0]}, {"color": "CVGreen", "id_name": "object24747825299296", "shape": "CVCone", "id_string": "ob800", "world_size": [0.09, 0.09, 0.09], "id": 800, "camera_size": [37, 37], "camera_position": [256, 254], "world_position": [0.705, 0.6448569696296074, -0.15], "world_orientation": [1.0, -4.331917303826236e-17, -1.1712398707441946e-17, 4.331917303826236e-17, 1.0, -5.775889738434995e-17, 1.1712398707441946e-17, 5.775889738434995e-17, 1.0], "world_rotation": [-0.7896765794068324, 0.16013129347666225, -0.5922574345551229, -7.314247236221149e-17]}], "source": "action wait"}
{"timestamp": 1706068365.892049, "objects": [{"color": "cv_", "id_name": "hand", "shape": "CVCylinder", "id_string": "ob383", "world_size": [0.12, 0.005, 0.12], "id": 383, "camera_size": [54, 53], "camera_position": [245, 291], "world_position": [0.6222039106789825, 0.8133021692742606, -0.17406295648060316], "world_orientation": [8.351814749128622e-05, 0.18460066366417271, 0.9828136079641276, -0.0007644131793013823, -0.9828133124639254, 0.18460067311951553, 0.9999997043485616, -0.0007666931809694009, 5.902843302633901e-05], "world_rotation": [0.0, 1.0, 0.0, 0.0]}, {"color": "CVGreen", "id_name": "object24747825299296", "shape": "CVCone", "id_string": "ob800", "world_size": [0.09, 0.09, 0.09], "id": 800, "camera_size": [37, 37], "camera_position": [256, 254], "world_position": [0.705, 0.6448569696296074, -0.15], "world_orientation": [1.0, -4.331917303826236e-17, -1.1712398707441946e-17, 4.331917303826236e-17, 1.0, -5.775889738434995e-17, 1.1712398707441946e-17, 5.775889738434995e-17, 1.0], "world_rotation": [-0.7896765794068324, 0.16013129347666225, -0.5922574345551229, -7.314247236221149e-17]}], "source": "action wait"}
{"timestamp": 1706068365.931126, "objects": [{"color": "cv_", "id_name": "hand", "shape": "CVCylinder", "id_string": "ob383", "world_size": [0.12, 0.005, 0.12], "id": 383, "camera_size": [53, 53], "camera_position": [245, 263], "world_position": [0.6843482132252547, 0.7921624243844994, -0.1740707259072177], "world_orientation": [7.333093366135555e-05, 0.14758946725800703, 0.9890487064735851, -0.0007770396889127207, -0.9890484021338087, 0.1475894794552837, 0.9999996954159016, -0.0007793529735251077, 4.2155030960626057e-05], "world_rotation": [0.0, 1.0, 0.0, 0.0]}, {"color": "CVGreen", "id_name": "object24747825299296", "shape": "CVCone", "id_string": "ob800", "world_size": [0.09, 0.09, 0.09], "id": 800, "camera_size": [37, 37], "camera_position": [256, 254], "world_position": [0.705, 0.6448569696296074, -0.15], "world_orientation": [1.0, -4.331917303826236e-17, -1.1712398707441946e-17, 4.331917303826236e-17, 1.0, -5.775889738434995e-17, 1.1712398707441946e-17, 5.775889738434995e-17, 1.0], "world_rotation": [-0.7896765794068324, 0.16013129347666225, -0.5922574345551229, -7.314247236221149e-17]}], "source": "action wait"}
{"timestamp": 1706068365.962237, "objects": [{"color": "cv_", "id_name": "hand", "shape": "CVCylinder", "id_string": "ob383", "world_size": [0.12, 0.005, 0.12], "id": 383, "camera_size": [52, 52], "camera_position": [245, 239], "world_position": [0.7383893077043436, 0.760116361408389, -0.174072423199624], "world_orientation": [3.991299986447621e-05, 0.10377677610288866, 0.9946006128837059, -0.0007765344030263731, -0.9946003105845356, 0.10377677572302221, 0.999999697700591, -0.0007764836356110224, 4.0888754817889574e-05], "world_rotation": [0.0, 1.0, 0.0, 0.0]}, {"color": "CVGreen", "id_name": "object24747825299296", "shape": "CVCone", "id_string": "ob800", "world_size": [0.09, 0.09, 0.09], "id": 800, "camera_size": [37, 37], "camera_position": [256, 254], "world_position": [0.705, 0.6448569696296074, -0.15], "world_orientation": [1.0, -4.331917303826236e-17, -1.1712398707441946e-17, 4.331917303826236e-17, 1.0, -5.775889738434995e-17, 1.1712398707441946e-17, 5.775889738434995e-17, 1.0], "world_rotation": [-0.7896765794068324, 0.16013129347666225, -0.5922574345551229, -7.314247236221149e-17]}], "source": "action wait"}
{"timestamp": 1706068365.996845, "objects": [{"color": "cv_", "id_name": "hand", "shape": "CVCylinder", "id_string": "ob383", "world_size": [0.12, 0.005, 0.12], "id": 383, "camera_size": [51, 51], "camera_position": [246, 224], "world_position": [0.7754380238824339, 0.733997392479836, -0.17407388192223647], "world_orientation": [1.4517378679443293e-05, 0.07269523592175894, 0.9973542011058686, -0.0007697626717413499, -0.997353904915137, 0.0726952255375658, 0.9999997036272937, -0.000768781378633367, 4.1479114711316116e-05], "world_rotation": [0.0, 1.0, 0.0, 0.0]}, {"color": "CVGreen", "id_name": "object24747825299296", "shape": "CVCone", "id_string": "ob800", "world_size": [0.09, 0.09, 0.09], "id": 800, "camera_size": [37, 37], "camera_position": [256, 254], "world_position": [0.705, 0.6448569696296074, -0.15], "world_orientation": [1.0, -4.331917303826236e-17, -1.1712398707441946e-17, 4.331917303826236e-17, 1.0, -5.775889738434995e-17, 1.1712398707441946e-17, 5.775889738434995e-17, 1.0], "world_rotation": [-0.7896765794068324, 0.16013129347666225, -0.5922574345551229, -7.314247236221149e-17]}], "source": "action wait"}
{"timestamp": 1706068366.030217, "objects": [{"color": "cv_", "id_name": "hand", "shape": "CVCylinder", "id_string": "ob383", "world_size": [0.12, 0.005, 0.12], "id": 383, "camera_size": [50, 51], "camera_position": [245, 214], "world_position": [0.8008148036066108, 0.7139531758419604, -0.17407743346974083], "world_orientation": [7.04021497201786e-07, 0.05074494255283323, 0.9987116454737143, -0.0007647505650932499, -0.9987113534016276, 0.05074492825162811, 0.9999997075779962, -0.0007638010207619391, 3.810410923099166e-05], "world_rotation": [0.0, 1.0, 0.0, 0.0]}, {"color": "CVGreen", "id_name": "object24747825299296", "shape": "CVCone", "id_string": "ob800", "world_size": [0.09, 0.09, 0.09], "id": 800, "camera_size": [37, 37], "camera_position": [256, 254], "world_position": [0.705, 0.6448569696296074, -0.15], "world_orientation": [1.0, -4.331917303826236e-17, -1.1712398707441946e-17, 4.331917303826236e-17, 1.0, -5.775889738434995e-17, 1.1712398707441946e-17, 5.775889738434995e-17, 1.0], "world_rotation": [-0.7896765794068324, 0.16013129347666225, -0.5922574345551229, -7.314247236221149e-17]}], "source": "action wait"}
{"timestamp": 1706068366.063602, "objects": [{"color": "cv_", "id_name": "hand", "shape": "CVCylinder", "id_string": "ob383", "world_size": [0.12, 0.005, 0.12], "id": 383, "camera_size": [49, 50], "camera_position": [246, 207], "world_position": [0.8182895552795448, 0.6990575478778315, -0.17408163860805154], "world_orientation": [-6.306071649857295e-06, 0.03526024916854159, 0.9993781640544314, -0.0007617140042840358, -0.9993778743199151, 0.035260234139662124, 0.9999997098759625, -0.0007610179895733987, 3.3160374067342905e-05], "world_rotation": [0.0, 1.0, 0.0, 0.0]}, {"color": "CVGreen", "id_name": "object24747825299296", "shape": "CVCone", "id_string": "ob800", "world_size": [0.09, 0.09, 0.09], "id": 800, "camera_size": [37, 37], "camera_position": [256, 254], "world_position": [0.705, 0.6448569696296074, -0.15], "world_orientation": [1.0, -4.331917303826236e-17, -1.1712398707441946e-17, 4.331917303826236e-17, 1.0, -5.775889738434995e-17, 1.1712398707441946e-17, 5.775889738434995e-17, 1.0], "world_rotation": [-0.7896765794068324, 0.16013129347666225, -0.5922574345551229, -7.314247236221149e-17]}], "source": "action wait"}
{"timestamp": 1706068366.095257, "objects": [{"color": "cv_", "id_name": "hand", "shape": "CVCylinder", "id_string": "ob383", "world_size": [0.12, 0.005, 0.12], "id": 383, "camera_size": [49, 50], "camera_position": [246, 202], "world_position": [0.8303862566855945, 0.6882025697724161, -0.17408574749318406], "world_orientation": [-9.442620399666775e-06, 0.024342453987967385, 0.9997036785191304, -0.000760204396395542, -0.9997033898686564, 0.02434243977897492, 0.9999997110000147, -0.0007597492750849584, 2.7945060163871827e-05], "world_rotation": [0.0, 1.0, 0.0, 0.0]}, {"color": "CVGreen", "id_name": "object24747825299296", "shape": "CVCone", "id_string": "ob800", "world_size": [0.09, 0.09, 0.09], "id": 800, "camera_size": [37, 37], "camera_position": [256, 254], "world_position": [0.705, 0.6448569696296074, -0.15], "world_orientation": [1.0, -4.331917303826236e-17, -1.1712398707441946e-17, 4.331917303826236e-17, 1.0, -5.775889738434995e-17, 1.1712398707441946e-17, 5.775889738434995e-17, 1.0], "world_rotation": [-0.7896765794068324, 0.16013129347666225, -0.5922574345551229, -7.314247236221149e-17]}], "source": "action wait"}
{"timestamp": 1706068366.123915, "objects": [{"color": "cv_", "id_name": "hand", "shape": "CVCylinder", "id_string": "ob383", "world_size": [0.12, 0.005, 0.12], "id": 383, "camera_size": [49, 50], "camera_position": [246, 199], "world_position": [0.838797928096189, 0.680389627330828, -0.17408941642410544], "world_orientation": [-1.0441066905437195e-05, 0.01664654967217128, 0.9998614365375815, -0.0007596950502251945, -0.9998611481957815, 0.016646536938484214, 0.9999997113771658, -0.000759415976643093, 2.3085918534106062e-05], "world_rotation": [0.0, 1.0, 0.0, 0.0]}, {"color": "CVGreen", "id_name": "object24747825299296", "shape": "CVCone", "id_string": "ob800", "world_size": [0.09, 0.09, 0.09], "id": 800, "camera_size": [37, 37], "camera_position": [256, 254], "world_position": [0.705, 0.6448569696296074, -0.15], "world_orientation": [1.0, -4.331917303826236e-17, -1.1712398707441946e-17, 4.331917303826236e-17, 1.0, -5.775889738434995e-17, 1.1712398707441946e-17, 5.775889738434995e-17, 1.0], "world_rotation": [-0.7896765794068324, 0.16013129347666225, -0.5922574345551229, -7.314247236221149e-17]}], "source": "action wait"}
{"timestamp": 1706068366.155007, "objects": [{"color": "cv_", "id_name": "hand", "shape": "CVCylinder", "id_string": "ob383", "world_size": [0.12, 0.005, 0.12], "id": 383, "camera_size": [49, 49], "camera_position": [246, 197], "world_position": [0.8446683275122078, 0.6748112633758739, -0.17409252672032438], "world_orientation": [-1.0348663186551976e-05, 0.011222315949325573, 0.9999370277760687, -0.0007597641970327252, -0.9999367393151647, 0.011222304848883733, 0.9999997113255935, -0.0007596002171388823, 1.8874322389486945e-05], "world_rotation": [0.0, 1.0, 0.0, 0.0]}, {"color": "CVGreen", "id_name": "object24747825299296", "shape": "CVCone", "id_string": "ob800", "world_size": [0.09, 0.09, 0.09], "id": 800, "camera_size": [37, 37], "camera_position": [256, 254], "world_position": [0.705, 0.6448569696296074, -0.15], "world_orientation": [1.0, -4.331917303826236e-17, -1.1712398707441946e-17, 4.331917303826236e-17, 1.0, -5.775889738434995e-17, 1.1712398707441946e-17, 5.775889738434995e-17, 1.0], "world_rotation": [-0.7896765794068324, 0.16013129347666225, -0.5922574345551229, -7.314247236221149e-17]}], "source": "action wait"}
{"timestamp": 1706068366.191112, "objects": [{"color": "cv_", "id_name": "hand", "shape": "CVCylinder", "id_string": "ob383", "world_size": [0.12, 0.005, 0.12], "id": 383, "camera_size": [49, 49], "camera_position": [246, 196], "world_position": [0.8487766189727672, 0.670849365213043, -0.17409507694092086], "world_orientation": [-9.732336621657617e-06, 0.007399335235898312, 0.9999726244969651, -0.0007601215659457972, -0.9999723357145308, 0.007399325701080583, 0.9999997110602016, -0.0007600287445074255, 1.535646167035479e-05], "world_rotation": [0.0, 1.0, 0.0, 0.0]}, {"color": "CVGreen", "id_name": "object24747825299296", "shape": "CVCone", "id_string": "ob800", "world_size": [0.09, 0.09, 0.09], "id": 800, "camera_size": [37, 37], "camera_position": [256, 254], "world_position": [0.705, 0.6448569696296074, -0.15], "world_orientation": [1.0, -4.331917303826236e-17, -1.1712398707441946e-17, 4.331917303826236e-17, 1.0, -5.775889738434995e-17, 1.1712398707441946e-17, 5.775889738434995e-17, 1.0], "world_rotation": [-0.7896765794068324, 0.16013129347666225, -0.5922574345551229, -7.314247236221149e-17]}], "source": "action wait"}
{"timestamp": 1706068366.226841, "objects": [{"color": "cv_", "id_name": "hand", "shape": "CVCylinder", "id_string": "ob383", "world_size": [0.12, 0.005, 0.12], "id": 383, "camera_size": [48, 49], "camera_position": [246, 195], "world_position": [0.8516577420216446, 0.6680453193539317, -0.174097120564111], "world_orientation": [-8.933061704048915e-06, 0.004704909824038213, 0.9999889318106217, -0.0007605875976374697, -0.9999886426389006, 0.004704901669045451, 0.9999997107133116, -0.0007605371501333498, 1.2511456308573676e-05], "world_rotation": [0.0, 1.0, 0.0, 0.0]}, {"color": "CVGreen", "id_name": "object24747825299296", "shape": "CVCone", "id_string": "ob800", "world_size": [0.09, 0.09, 0.09], "id": 800, "camera_size": [37, 37], "camera_position": [256, 254], "world_position": [0.705, 0.6448569696296074, -0.15], "world_orientation": [1.0, -4.331917303826236e-17, -1.1712398707441946e-17, 4.331917303826236e-17, 1.0, -5.775889738434995e-17, 1.1712398707441946e-17, 5.775889738434995e-17, 1.0], "world_rotation": [-0.7896765794068324, 0.16013129347666225, -0.5922574345551229, -7.314247236221149e-17]}], "source": "action wait"}
{"timestamp": 1706068366.259908, "objects": [{"color": "cv_", "id_name": "hand", "shape": "CVCylinder", "id_string": "ob383", "world_size": [0.12, 0.005, 0.12], "id": 383, "camera_size": [48, 49], "camera_position": [246, 194], "world_position": [0.8536813792053601, 0.6660652891625422, -0.17409873139274812], "world_orientation": [-8.111927385003839e-06, 0.002805852962278936, 0.9999960635539276, -0.000761060800288633, -0.9999957739984788, 0.0028058459761319235, 0.9999997103602855, -0.0007610350435953617, 1.02473178053156e-05], "world_rotation": [0.0, 1.0, 0.0, 0.0]}, {"color": "CVGreen", "id_name": "object24747825299296", "shape": "CVCone", "id_string": "ob800", "world_size": [0.09, 0.09, 0.09], "id": 800, "camera_size": [37, 37], "camera_position": [256, 254], "world_position": [0.705, 0.6448569696296074, -0.15], "world_orientation": [1.0, -4.331917303826236e-17, -1.1712398707441946e-17, 4.331917303826236e-17, 1.0, -5.775889738434995e-17, 1.1712398707441946e-17, 5.775889738434995e-17, 1.0], "world_rotation": [-0.7896765794068324, 0.16013129347666225, -0.5922574345551229, -7.314247236221149e-17]}], "source": "action wait"}
{"timestamp": 1706068366.293555, "objects": [{"color": "cv_", "id_name": "hand", "shape": "CVCylinder", "id_string": "ob383", "world_size": [0.12, 0.005, 0.12], "id": 383, "camera_size": [48, 48], "camera_position": [246, 193], "world_position": [0.8551043441092435, 0.6646691994446173, -0.17409998548108127], "world_orientation": [-7.358676794286255e-06, 0.0014673454352682133, 0.9999989234210324, -0.0007614905219645146, -0.9999986335226921, 0.0014673394063182794, 0.9999997100389755, -0.0007614789044838006, 8.4760363805913e-06], "world_rotation": [0.0, 1.0, 0.0, 0.0]}, {"color": "CVGreen", "id_name": "object24747825299296", "shape": "CVCone", "id_string": "ob800", "world_size": [0.09, 0.09, 0.09], "id": 800, "camera_size": [37, 37], "camera_position": [256, 254], "world_position": [0.705, 0.6448569696296074, -0.15], "world_orientation": [1.0, -4.331917303826236e-17, -1.1712398707441946e-17, 4.331917303826236e-17, 1.0, -5.775889738434995e-17, 1.1712398707441946e-17, 5.775889738434995e-17, 1.0], "world_rotation": [-0.7896765794068324, 0.16013129347666225, -0.5922574345551229, -7.314247236221149e-17]}], "source": "action wait"}
{"timestamp": 1706068366.326004, "objects": [{"color": "cv_", "id_name": "hand", "shape": "CVCylinder", "id_string": "ob383", "world_size": [0.12, 0.005, 0.12], "id": 383, "camera_size": [48, 49], "camera_position": [246, 193], "world_position": [0.8561057567756198, 0.6636857616094796, -0.1741009525493957], "world_orientation": [-6.707194629993539e-06, 0.0005239019167551862, 0.9999998627408883, -0.0007618565442725513, -0.9999995725533591, 0.000523896654804834, 0.9999997097647677, -0.0007618529258243712, 7.10632986722736e-06], "world_rotation": [0.0, 1.0, 0.0, 0.0]}, {"color": "CVGreen", "id_name": "object24747825299296", "shape": "CVCone", "id_string": "ob800", "world_size": [0.09, 0.09, 0.09], "id": 800, "camera_size": [37, 37], "camera_position": [256, 254], "world_position": [0.705, 0.6448569696296074, -0.15], "world_orientation": [1.0, -4.331917303826236e-17, -1.1712398707441946e-17, 4.331917303826236e-17, 1.0, -5.775889738434995e-17, 1.1712398707441946e-17, 5.775889738434995e-17, 1.0], "world_rotation": [-0.7896765794068324, 0.16013129347666225, -0.5922574345551229, -7.314247236221149e-17]}], "source": "action wait"}
{"timestamp": 1706068366.357088, "objects": [{"color": "cv_", "id_name": "hand", "shape": "CVCylinder", "id_string": "ob383", "world_size": [0.12, 0.005, 0.12], "id": 383, "camera_size": [48, 49], "camera_position": [246, 193], "world_position": [0.8568109233017895, 0.6629933988273418, -0.1741016926441958], "world_orientation": [-6.164322045665975e-06, -0.00014110067812157087, 0.9999999900262999, -0.0007621556062929833, -0.999999699604013, -0.0001411053353151801, 0.9999997095403743, -0.0007621564685106011, 6.056779521410717e-06], "world_rotation": [0.0, 1.0, 0.0, 0.0]}, {"color": "CVGreen", "id_name": "object24747825299296", "shape": "CVCone", "id_string": "ob800", "world_size": [0.09, 0.09, 0.09], "id": 800, "camera_size": [37, 37], "camera_position": [256, 254], "world_position": [0.705, 0.6448569696296074, -0.15], "world_orientation": [1.0, -4.331917303826236e-17, -1.1712398707441946e-17, 4.331917303826236e-17, 1.0, -5.775889738434995e-17, 1.1712398707441946e-17, 5.775889738434995e-17, 1.0], "world_rotation": [-0.7896765794068324, 0.16013129347666225, -0.5922574345551229, -7.314247236221149e-17]}], "source": "action wait"}
{"timestamp": 1706068366.386974, "objects": [{"color": "cv_", "id_name": "hand", "shape": "CVCylinder", "id_string": "ob383", "world_size": [0.12, 0.005, 0.12], "id": 383, "camera_size": [48, 48], "camera_position": [246, 192], "world_position": [0.8573076976280158, 0.6625061139997235, -0.17410225553965167], "world_orientation": [-5.72336411706877e-06, -0.0006098521937944429, 0.999999814023755, -0.0007623929435086214, -0.9999995234159843, -0.00060985638001951, 0.9999997093620792, -0.0007623962921521617, 5.258414380637012e-06], "world_rotation": [0.0, 1.0, 0.0, 0.0]}, {"color": "CVGreen", "id_name": "object24747825299296", "shape": "CVCone", "id_string": "ob800", "world_size": [0.09, 0.09, 0.09], "id": 800, "camera_size": [37, 37], "camera_position": [256, 254], "world_position": [0.705, 0.6448569696296074, -0.15], "world_orientation": [1.0, -4.331917303826236e-17, -1.1712398707441946e-17, 4.331917303826236e-17, 1.0, -5.775889738434995e-17, 1.1712398707441946e-17, 5.775889738434995e-17, 1.0], "world_rotation": [-0.7896765794068324, 0.16013129347666225, -0.5922574345551229, -7.314247236221149e-17]}], "source": "action wait"}
{"timestamp": 1706068366.420144, "objects": [{"color": "cv_", "id_name": "hand", "shape": "CVCylinder", "id_string": "ob383", "world_size": [0.12, 0.005, 0.12], "id": 383, "camera_size": [48, 48], "camera_position": [246, 192], "world_position": [0.8576577751865107, 0.6621632137404149, -0.1741026814562158], "world_orientation": [-5.371817446868903e-06, -0.000940277454621534, 0.9999995579246282, -0.0007625773003993859, -0.9999992671732215, -0.0009402812776618017, 0.99999970922346, -0.0007625820143025042, 4.6547792676495796e-06], "world_rotation": [0.0, 1.0, 0.0, 0.0]}, {"color": "CVGreen", "id_name": "object24747825299296", "shape": "CVCone", "id_string": "ob800", "world_size": [0.09, 0.09, 0.09], "id": 800, "camera_size": [37, 37], "camera_position": [256, 254], "world_position": [0.705, 0.6448569696296074, -0.15], "world_orientation": [1.0, -4.331917303826236e-17, -1.1712398707441946e-17, 4.331917303826236e-17, 1.0, -5.775889738434995e-17, 1.1712398707441946e-17, 5.775889738434995e-17, 1.0], "world_rotation": [-0.7896765794068324, 0.16013129347666225, -0.5922574345551229, -7.314247236221149e-17]}], "source": "action wait"}
{"timestamp": 1706068366.452534, "objects": [{"color": "cv_", "id_name": "hand", "shape": "CVCylinder", "id_string": "ob383", "world_size": [0.12, 0.005, 0.12], "id": 383, "camera_size": [48, 48], "camera_position": [246, 192], "world_position": [0.8579045326078856, 0.6619219249457652, -0.17410300231359582], "world_orientation": [-5.0955358425783e-06, -0.0011732014335917582, 0.9999993117859791, -0.0007627181807136656, -0.9999990209250481, -0.0011732049788131533, 0.9999997091174638, -0.0007627236339086891, 4.200708790990763e-06], "world_rotation": [0.0, 1.0, 0.0, 0.0]}, {"color": "CVGreen", "id_name": "object24747825299296", "shape": "CVCone", "id_string": "ob800", "world_size": [0.09, 0.09, 0.09], "id": 800, "camera_size": [37, 37], "camera_position": [256, 254], "world_position": [0.705, 0.6448569696296074, -0.15], "world_orientation": [1.0, -4.331917303826236e-17, -1.1712398707441946e-17, 4.331917303826236e-17, 1.0, -5.775889738434995e-17, 1.1712398707441946e-17, 5.775889738434995e-17, 1.0], "world_rotation": [-0.7896765794068324, 0.16013129347666225, -0.5922574345551229, -7.314247236221149e-17]}], "source": "action wait"}
{"timestamp": 1706068367.542764, "objects": [{"color": "cv_", "id_name": "hand", "shape": "CVCylinder", "id_string": "ob383", "world_size": [0.12, 0.005, 0.12], "id": 383, "camera_size": [48, 48], "camera_position": [246, 192], "world_position": [0.8584945790677516, 0.6613483982823463, -0.17410393903589338], "world_orientation": [-4.209262857748963e-06, -0.00172974906849678, 0.9999985039741022, -0.0007631196934807394, -0.9999982128019647, -0.0017297517770171072, 0.9999997088152653, -0.000763125832814187, 2.889249756376429e-06], "world_rotation": [0.0, 1.0, 0.0, 0.0]}, {"color": "CVGreen", "id_name": "object24747825299296", "shape": "CVCone", "id_string": "ob800", "world_size": [0.09, 0.09, 0.09], "id": 800, "camera_size": [37, 37], "camera_position": [256, 254], "world_position": [0.705, 0.6448569696296074, -0.15], "world_orientation": [1.0, -4.331917303826236e-17, -1.1712398707441946e-17, 4.331917303826236e-17, 1.0, -5.775889738434995e-17, 1.1712398707441946e-17, 5.775889738434995e-17, 1.0], "world_rotation": [-0.7896765794068324, 0.16013129347666225, -0.5922574345551229, -7.314247236221149e-17]}], "source": "action wait"}
{"timestamp": 1706068367.576251, "objects": [{"color": "cv_", "id_name": "hand", "shape": "CVCylinder", "id_string": "ob383", "world_size": [0.12, 0.005, 0.12], "id": 383, "camera_size": [48, 48], "camera_position": [246, 205], "world_position": [0.825663095831724, 0.6485217579941496, -0.17408805212631154], "world_orientation": [-4.607812114800999e-05, -0.022562329090762334, 0.9997454371902915, -0.0007600650918617729, -0.9997451486854474, -0.02256235761105232, 0.9999997100888894, -0.0007609112386041876, 2.891753934563351e-05], "world_rotation": [0.0, 1.0, 0.0, 0.0]}, {"color": "CVGreen", "id_name": "object24747825299296", "shape": "CVCone", "id_string": "ob800", "world_size": [0.09, 0.09, 0.09], "id": 800, "camera_size": [37, 37], "camera_position": [256, 254], "world_position": [0.705, 0.6448569696296074, -0.15], "world_orientation": [1.0, -4.331917303826236e-17, -1.1712398707441946e-17, 4.331917303826236e-17, 1.0, -5.775889738434995e-17, 1.1712398707441946e-17, 5.775889738434995e-17, 1.0], "world_rotation": [-0.7896765794068324, 0.16013129347666225, -0.5922574345551229, -7.314247236221149e-17]}], "source": "action wait"}
{"timestamp": 1706068367.609527, "objects": [{"color": "cv_", "id_name": "hand", "shape": "CVCylinder", "id_string": "ob383", "world_size": [0.12, 0.005, 0.12], "id": 383, "camera_size": [48, 48], "camera_position": [246, 219], "world_position": [0.7915384995493425, 0.6551917502302846, -0.17409744802534272], "world_orientation": [-3.3372114080475384e-05, -0.01643218368561854, 0.9998649819978817, -0.0007579512169506725, -0.9998646949327304, -0.016432204265724108, 0.9999997121980859, -0.0007583972572873885, 2.091280504302576e-05], "world_rotation": [0.0, 1.0, 0.0, 0.0]}, {"color": "CVGreen", "id_name": "object24747825299296", "shape": "CVCone", "id_string": "ob800", "world_size": [0.09, 0.09, 0.09], "id": 800, "camera_size": [37, 38], "camera_position": [256, 263], "world_position": [0.6806837949569761, 0.6461836085664571, -0.15000342942087697], "world_orientation": [0.9994946222038135, -0.03178824052577188, 8.916239254742294e-05, 0.0317882410917422, 0.9994946261505943, -4.937317717823181e-06, -8.896038356271268e-05, 7.769138137690083e-06, 0.9999999960128455], "world_rotation": [0.00019986015911297253, 0.0028016975606592596, 0.9999960552655673, 0.03179372233321566]}], "source": "action wait"}
{"timestamp": 1706068367.641501, "objects": [{"color": "cv_", "id_name": "hand", "shape": "CVCylinder", "id_string": "ob383", "world_size": [0.12, 0.005, 0.12], "id": 383, "camera_size": [48, 49], "camera_position": [246, 229], "world_position": [0.7670142359042492, 0.6585571212882764, -0.17410357598817833], "world_orientation": [-1.720077926069008e-05, -0.012041270414979184, 0.99992750112742, -0.0007618664697084339, -0.9999272109182851, -0.012041280025885889, 0.9999997096317658, -0.0007620183546484219, 8.025687050254729e-06], "world_rotation": [0.0, 1.0, 0.0, 0.0]}, {"color": "CVGreen", "id_name": "object24747825299296", "shape": "CVCone", "id_string": "ob800", "world_size": [0.09, 0.09, 0.09], "id": 800, "camera_size": [37, 39], "camera_position": [256, 282], "world_position": [0.6355363780242343, 0.6466817424290473, -0.15000356309872015], "world_orientation": [0.999074780859748, -0.0430066758431758, 8.990532027218841e-05, 0.04300667617076587, 0.9990747848894043, -1.7127445400243453e-06, -8.974847906211461e-05, 5.57768887096849e-06, 0.9999999959570501], "world_rotation": [8.475913694436292e-05, 0.0020886688241868985, 0.9999978151368291, 0.04302003844384769]}], "source": "action wait"}
{"timestamp": 1706068367.671844, "objects": [{"color": "cv_", "id_name": "hand", "shape": "CVCylinder", "id_string": "ob383", "world_size": [0.12, 0.005, 0.12], "id": 383, "camera_size": [48, 49], "camera_position": [246, 236], "world_position": [0.7496668068886876, 0.6601757596847418, -0.1741066481865686], "world_orientation": [-8.237516280262058e-06, -0.00896096521432505, 0.9999598497112626, -0.0007633659137819583, -0.9999595583367377, -0.00896096889171451, 0.9999997086022702, -0.0007634090805476056, 1.3966877425624505e-06], "world_rotation": [0.0, 1.0, 0.0, 0.0]}, {"color": "CVGreen", "id_name": "object24747825299296", "shape": "CVCone", "id_string": "ob800", "world_size": [0.09, 0.09, 0.09], "id": 800, "camera_size": [37, 39], "camera_position": [256, 298], "world_position": [0.5946128918943784, 0.6439826254738757, -0.150003947101003], "world_orientation": [0.9998216288075079, 0.018886558784739174, 9.201071950175441e-05, -0.018886558761955663, 0.9998216330410562, -1.1165721122996748e-06, -9.2015396034363e-05, -6.213929125988737e-07, 0.9999999957663904], "world_rotation": [1.3109146274653183e-05, 0.0048718227025223056, -0.9999881325154341, 0.018887905944742853]}], "source": "action wait"}
{"timestamp": 1706068367.702027, "objects": [{"color": "cv_", "id_name": "hand", "shape": "CVCylinder", "id_string": "ob383", "world_size": [0.12, 0.005, 0.12], "id": 383, "camera_size": [48, 49], "camera_position": [246, 241], "world_position": [0.7374293821365501, 0.6609468676177097, -0.17410795999464274], "world_orientation": [-3.1959901051414045e-06, -0.00679911519210534, 0.9999768857440607, -0.0007638020487669591, -0.9999765940424853, -0.006799115649906751, 0.9999997082980655, -0.0007638061239576171, -1.9972628132407687e-06], "world_rotation": [0.0, 1.0, 0.0, 0.0]}, {"color": "CVGreen", "id_name": "object24747825299296", "shape": "CVCone", "id_string": "ob800", "world_size": [0.09, 0.09, 0.09], "id": 800, "camera_size": [37, 40], "camera_position": [256, 309], "world_position": [0.5666818955443196, 0.6452203495869515, -0.15000384998567978], "world_orientation": [0.999952543273704, -0.009741803484492405, 9.200717810426166e-05, 0.009741803584690355, 0.9999525475053836, -6.40917409375861e-07, -9.199656844268605e-05, 1.537202851006838e-06, 0.9999999957671344], "world_rotation": [0.00011178746895338054, 0.00944360762743585, 0.9999554018947748, 0.009742392134449569]}], "source": "action wait"}
{"timestamp": 1706068367.734477, "objects": [{"color": "cv_", "id_name": "hand", "shape": "CVCylinder", "id_string": "ob383", "world_size": [0.12, 0.005, 0.12], "id": 383, "camera_size": [48, 48], "camera_position": [246, 244], "world_position": [0.7288071824902652, 0.6613103820051496, -0.1741082899208233], "world_orientation": [-9.172936109119681e-07, -0.005281049309927721, 0.9999860551614431, -0.000763814676265056, -0.9999857634557592, -0.0052810484700458946, 0.999999708293107, -0.0007638088692650811, -3.1164624168239583e-06], "world_rotation": [0.0, 1.0, 0.0, 0.0]}, {"color": "CVGreen", "id_name": "object24747825299296", "shape": "CVCone", "id_string": "ob800", "world_size": [0.09, 0.09, 0.09], "id": 800, "camera_size": [37, 39], "camera_position": [256, 318], "world_position": [0.5457028424936224, 0.6449578857984067, -0.1500038923760239], "world_orientation": [0.9999909579558441, -0.004251530158515175, 9.218386361733567e-05, 0.0042515302129683815, 0.9999909622045053, -3.9474806716650464e-07, -9.218135219511582e-05, 7.866669791547823e-07, 0.9999999957509897], "world_rotation": [0.0001389073320191562, 0.02167712382315385, 0.9997650138945195, 0.0042525422883136505]}], "source": "action wait"}
