{"timestamp": 1706068353.379264, "objects": [{"color": "cv_", "id_name": "hand", "shape": "CVCylinder", "id_string": "ob383", "world_size": [0.12, 0.005, 0.12], "id": 383, "camera_size": [48, 50], "camera_position": [246, 426], "world_position": [0.26764451554004, 0.6334703013847445, -0.17389260400847462], "world_orientation": [-0.0006415490478880951, 0.1979154748665533, 0.9802188802625493, -0.0007473671004417103, -0.9802189031249394, 0.1979149903341287, 0.9999995149285007, -0.0006056111687286815, 0.0007767740186057073], "world_rotation": [0.0, 1.0, 0.0, 0.0]}, {"color": "CVBlue", "id_name": "object14074230422804", "shape": "CVCylinder", "id_string": "ob793", "world_size": [0.11, 0.11, 0.11], "id": 793, "camera_size": [45, 45], "camera_position": [256, 254], "world_position": [0.705, 0.654738849708696, -0.15], "world_orientation": [1.0, -5.1619362862653347e-17, 1.4541359828532488e-17, 5.1619362862653347e-17, 1.0, 2.3824321321224633e-17, -1.4541359828532488e-17, -2.3824321321224633e-17, 1.0], "world_rotation": [-0.4059884517598224, 0.2477982093873522, 0.8796416454796148, 5.868226354211375e-17]}], "source": "manual check"}
{"timestamp": 1706068354.394445, "objects": [{"color": "cv_", "id_name": "hand", "shape": "CVCylinder", "id_string": "ob383", "world_size": [0.12, 0.005, 0.12], "id": 383, "camera_size": [48, 50], "camera_position": [246, 426], "world_position": [0.26764451554004, 0.6334703013847445, -0.17389260400847462], "world_orientation": [-0.0006415490478880951, 0.1979154748665533, 0.9802188802625493, -0.0007473671004417103, -0.9802189031249394, 0.1979149903341287, 0.9999995149285007, -0.0006056111687286815, 0.0007767740186057073], "world_rotation": [0.0, 1.0, 0.0, 0.0]}, {"color": "CVBlue", "id_name": "object14074230422804", "shape": "CVCylinder", "id_string": "ob793", "world_size": [0.11, 0.11, 0.11], "id": 793, "camera_size": [45, 45], "camera_position": [256, 254], "world_position": [0.705, 0.6547388572526824, -0.15], "world_orientation": [1.0, -3.838362879530641e-17, 1.4813540171849057e-17, 3.838362879530641e-17, 1.0, 5.294293626938881e-18, -1.4813540171849057e-17, -5.294293626938881e-18, 1.0], "world_rotation": [-0.1276280613210114, 0.35710588544125776, 0.925303444577321, 4.1482206750932463e-17]}], "source": "manual check"}
{"timestamp": 1706068355.864188, "objects": [{"color": "cv_", "id_name": "hand", "shape": "CVCylinder", "id_string": "ob383", "world_size": [0.12, 0.005, 0.12], "id": 383, "camera_size": [48, 50], "camera_position": [246, 426], "world_position": [0.26764451554004, 0.6334703013847445, -0.17389260400847462], "world_orientation": [-0.0006415490478880951, 0.1979154748665533, 0.9802188802625493, -0.0007473671004417103, -0.9802189031249394, 0.1979149903341287, 0.9999995149285007, -0.0006056111687286815, 0.0007767740186057073], "world_rotation": [0.0, 1.0, 0.0, 0.0]}, {"color": "CVBlue", "id_name": "object14074230422804", "shape": "CVCylinder", "id_string": "ob793", "world_size": [0.11, 0.11, 0.11], "id": 793, "camera_size": [45, 45], "camera_position": [256, 254], "world_position": [0.705, 0.6547388572526824, -0.15], "world_orientation": [1.0, -3.838362879530641e-17, 1.4813540171849057e-17, 3.838362879530641e-17, 1.0, 5.294293626938881e-18, -1.4813540171849057e-17, -5.294293626938881e-18, 1.0], "world_rotation": [-0.1276280613210114, 0.35710588544125776, 0.925303444577321, 4.1482206750932463e-17]}], "source": "action wait"}
{"timestamp": 1706068355.902487, "objects": [{"color": "cv_", "id_name": "hand", "shape": "CVCylinder", "id_string": "ob383", "world_size": [0.12, 0.005, 0.12], "id": 383, "camera_size": [49, 51], "camera_position": [246, 421], "world_position": [0.2916572373920942, 0.6683010190289261, -0.17395584189183858], "world_orientation": [-0.00037886181553245567, 0.2032137176249974, 0.9791343326800224, -0.0007138503249294525, -0.979134208435122, 0.20321341562466097, 0.999999673440666, -0.000621965557949386, 0.0005160207422148215], "world_rotation": [0.0, 1.0, 0.0, 0.0]}, {"color": "CVBlue", "id_name": "object14074230422804", "shape": "CVCylinder", "id_string": "ob793", "world_size": [0.11, 0.11, 0.11], "id": 793, "camera_size": [45, 45], "camera_position": [256, 254], "world_position": [0.705, 0.6547388572526824, -0.15], "world_orientation": [1.0, -3.838362879530641e-17, 1.4813540171849057e-17, 3.838362879530641e-17, 1.0, 5.294293626938881e-18, -1.4813540171849057e-17, -5.294293626938881e-18, 1.0], "world_rotation": [-0.1276280613210114, 0.35710588544125776, 0.925303444577321, 4.1482206750932463e-17]}], "source": "action wait"}
{"timestamp": 1706068355.936594, "objects": [{"color": "cv_", "id_name": "hand", "shape": "CVCylinder", "id_string": "ob383", "world_size": [0.12, 0.005, 0.12], "id": 383, "camera_size": [51, 52], "camera_position": [246, 406], "world_position": [0.33807971114820995, 0.7068576690770014, -0.17398359995217152], "world_orientation": [-0.00021624770452728206, 0.19543845357141096, 0.980715944656018, -0.0007297249765770624, -0.9807157373121582, 0.19543825134739798, 0.9999997103691525, -0.0006733898465124531, 0.0003546938479426189], "world_rotation": [0.0, 1.0, 0.0, 0.0]}, {"color": "CVBlue", "id_name": "object14074230422804", "shape": "CVCylinder", "id_string": "ob793", "world_size": [0.11, 0.11, 0.11], "id": 793, "camera_size": [45, 45], "camera_position": [256, 254], "world_position": [0.705, 0.6547388572526824, -0.15], "world_orientation": [1.0, -3.838362879530641e-17, 1.4813540171849057e-17, 3.838362879530641e-17, 1.0, 5.294293626938881e-18, -1.4813540171849057e-17, -5.294293626938881e-18, 1.0], "world_rotation": [-0.1276280613210114, 0.35710588544125776, 0.925303444577321, 4.1482206750932463e-17]}], "source": "action wait"}
{"timestamp": 1706068355.967523, "objects": [{"color": "cv_", "id_name": "hand", "shape": "CVCylinder", "id_string": "ob383", "world_size": [0.12, 0.005, 0.12], "id": 383, "camera_size": [51, 53], "camera_position": [246, 388], "world_position": [0.3889224466565195, 0.7404405910353548, -0.17400416069329513], "world_orientation": [-0.00011052975506251544, 0.18988044986464517, 0.9818072125129115, -0.0007407101447108225, -0.9818069647207547, 0.18988031855434792, 0.9999997195657881, -0.0007062471373578509, 0.00024916525882668093], "world_rotation": [0.0, 1.0, 0.0, 0.0]}, {"color": "CVBlue", "id_name": "object14074230422804", "shape": "CVCylinder", "id_string": "ob793", "world_size": [0.11, 0.11, 0.11], "id": 793, "camera_size": [45, 45], "camera_position": [256, 254], "world_position": [0.705, 0.6547388572526824, -0.15], "world_orientation": [1.0, -3.838362879530641e-17, 1.4813540171849057e-17, 3.838362879530641e-17, 1.0, 5.294293626938881e-18, -1.4813540171849057e-17, -5.294293626938881e-18, 1.0], "world_rotation": [-0.1276280613210114, 0.35710588544125776, 0.925303444577321, 4.1482206750932463e-17]}], "source": "action wait"}
{"timestamp": 1706068356.0008, "objects": [{"color": "cv_", "id_name": "hand", "shape": "CVCylinder", "id_string": "ob383", "world_size": [0.12, 0.005, 0.12], "id": 383, "camera_size": [52, 53], "camera_position": [245, 367], "world_position": [0.4432407584277117, 0.7686738682668647, -0.17402273847858793], "world_orientation": [-3.6116147634458265e-05, 0.18595526714582236, 0.9825582106503156, -0.0007479507351072392, -0.982557941477899, 0.1859551887106452, 0.9999997196326216, -0.000728189150892981, 0.00017457158643303169], "world_rotation": [0.0, 1.0, 0.0, 0.0]}, {"color": "CVBlue", "id_name": "object14074230422804", "shape": "CVCylinder", "id_string": "ob793", "world_size": [0.11, 0.11, 0.11], "id": 793, "camera_size": [45, 45], "camera_position": [256, 254], "world_position": [0.705, 0.6547388572526824, -0.15], "world_orientation": [1.0, -3.838362879530641e-17, 1.4813540171849057e-17, 3.838362879530641e-17, 1.0, 5.294293626938881e-18, -1.4813540171849057e-17, -5.294293626938881e-18, 1.0], "world_rotation": [-0.1276280613210114, 0.35710588544125776, 0.925303444577321, 4.1482206750932463e-17]}], "source": "action wait"}
{"timestamp": 1706068356.031154, "objects": [{"color": "cv_", "id_name": "hand", "shape": "CVCylinder", "id_string": "ob383", "world_size": [0.12, 0.005, 0.12], "id": 383, "camera_size": [53, 54], "camera_position": [245, 343], "world_position": [0.5003665220232509, 0.7912757335211554, -0.17403894749798884], "world_orientation": [1.617187376291361e-05, 0.1831825831582902, 0.9830789088195955, -0.0007528090185089162, -0.9830786281520455, 0.18318254324381972, 0.9999997165084858, -0.0007430330734304783, 0.00012200327716225206], "world_rotation": [0.0, 1.0, 0.0, 0.0]}, {"color": "CVBlue", "id_name": "object14074230422804", "shape": "CVCylinder", "id_string": "ob793", "world_size": [0.11, 0.11, 0.11], "id": 793, "camera_size": [45, 45], "camera_position": [256, 254], "world_position": [0.705, 0.6547388572526824, -0.15], "world_orientation": [1.0, -3.838362879530641e-17, 1.4813540171849057e-17, 3.838362879530641e-17, 1.0, 5.294293626938881e-18, -1.4813540171849057e-17, -5.294293626938881e-18, 1.0], "world_rotation": [-0.1276280613210114, 0.35710588544125776, 0.925303444577321, 4.1482206750932463e-17]}], "source": "action wait"}
{"timestamp": 1706068356.06009, "objects": [{"color": "cv_", "id_name": "hand", "shape": "CVCylinder", "id_string": "ob383", "world_size": [0.12, 0.005, 0.12], "id": 383, "camera_size": [54, 54], "camera_position": [245, 318], "world_position": [0.5596432710679076, 0.8080151857920412, -0.17405263899830925], "world_orientation": [5.2773004692159975e-05, 0.18122261040222098, 0.983442099309367, -0.0007561320656450371, -0.9834418123128938, 0.18122259809149247, 0.9999997127396135, -0.0007531757670127808, 8.512904736978663e-05], "world_rotation": [0.0, 1.0, 0.0, 0.0]}, {"color": "CVBlue", "id_name": "object14074230422804", "shape": "CVCylinder", "id_string": "ob793", "world_size": [0.11, 0.11, 0.11], "id": 793, "camera_size": [45, 45], "camera_position": [256, 254], "world_position": [0.705, 0.6547388572526824, -0.15], "world_orientation": [1.0, -3.838362879530641e-17, 1.4813540171849057e-17, 3.838362879530641e-17, 1.0, 5.294293626938881e-18, -1.4813540171849057e-17, -5.294293626938881e-18, 1.0], "world_rotation": [-0.1276280613210114, 0.35710588544125776, 0.925303444577321, 4.1482206750932463e-17]}], "source": "action wait"}
{"timestamp": 1706068356.091608, "objects": [{"color": "cv_", "id_name": "hand", "shape": "CVCylinder", "id_string": "ob383", "world_size": [0.12, 0.005, 0.12], "id": 383, "camera_size": [54, 54], "camera_position": [245, 291], "world_position": [0.6205702178469924, 0.814196072498619, -0.1740632494142315], "world_orientation": [7.416823864757775e-05, 0.1733716558165296, 0.9848564684554328, -0.0007643023345958, -0.9848561736803676, 0.17337166148366714, 0.9999997051704634, -0.0007655867688462183, 5.946331357066922e-05], "world_rotation": [0.0, 1.0, 0.0, 0.0]}, {"color": "CVBlue", "id_name": "object14074230422804", "shape": "CVCylinder", "id_string": "ob793", "world_size": [0.11, 0.11, 0.11], "id": 793, "camera_size": [45, 45], "camera_position": [256, 254], "world_position": [0.705, 0.6547388572526824, -0.15], "world_orientation": [1.0, -3.838362879530641e-17, 1.4813540171849057e-17, 3.838362879530641e-17, 1.0, 5.294293626938881e-18, -1.4813540171849057e-17, -5.294293626938881e-18, 1.0], "world_rotation": [-0.1276280613210114, 0.35710588544125776, 0.925303444577321, 4.1482206750932463e-17]}], "source": "action wait"}
{"timestamp": 1706068356.124289, "objects": [{"color": "cv_", "id_name": "hand", "shape": "CVCylinder", "id_string": "ob383", "world_size": [0.12, 0.005, 0.12], "id": 383, "camera_size": [53, 53], "camera_position": [245, 264], "world_position": [0.6826708558578546, 0.7958619499822139, -0.17407093958729333], "world_orientation": [6.707148429743742e-05, 0.13982331932876432, 0.9901764665317503, -0.0007772595250767818, -0.9901761623708094, 0.13982332902719527, 0.9999996956844771, -0.0007790022483362567, 4.226642185039594e-05], "world_rotation": [0.0, 1.0, 0.0, 0.0]}, {"color": "CVBlue", "id_name": "object14074230422804", "shape": "CVCylinder", "id_string": "ob793", "world_size": [0.11, 0.11, 0.11], "id": 793, "camera_size": [45, 45], "camera_position": [256, 254], "world_position": [0.705, 0.6547388572526824, -0.15], "world_orientation": [1.0, -3.838362879530641e-17, 1.4813540171849057e-17, 3.838362879530641e-17, 1.0, 5.294293626938881e-18, -1.4813540171849057e-17, -5.294293626938881e-18, 1.0], "world_rotation": [-0.1276280613210114, 0.35710588544125776, 0.925303444577321, 4.1482206750932463e-17]}], "source": "action wait"}
{"timestamp": 1706068356.159749, "objects": [{"color": "cv_", "id_name": "hand", "shape": "CVCylinder", "id_string": "ob383", "world_size": [0.12, 0.005, 0.12], "id": 383, "camera_size": [52, 52], "camera_position": [245, 239], "world_position": [0.737027257003923, 0.7656791667802856, -0.17407264781076331], "world_orientation": [3.5709348462348786e-05, 0.09827088769921259, 0.9951597014327154, -0.0007769611544784671, -0.9951593989673088, 0.09827088571082124, 0.9999996975280577, -0.0007767096198174832, 4.081616860549709e-05], "world_rotation": [0.0, 1.0, 0.0, 0.0]}, {"color": "CVBlue", "id_name": "object14074230422804", "shape": "CVCylinder", "id_string": "ob793", "world_size": [0.11, 0.11, 0.11], "id": 793, "camera_size": [45, 45], "camera_position": [256, 254], "world_position": [0.705, 0.6547388572526824, -0.15], "world_orientation": [1.0, -3.838362879530641e-17, 1.4813540171849057e-17, 3.838362879530641e-17, 1.0, 5.294293626938881e-18, -1.4813540171849057e-17, -5.294293626938881e-18, 1.0], "world_rotation": [-0.1276280613210114, 0.35710588544125776, 0.925303444577321, 4.1482206750932463e-17]}], "source": "action wait"}
{"timestamp": 1706068356.195913, "objects": [{"color": "cv_", "id_name": "hand", "shape": "CVCylinder", "id_string": "ob383", "world_size": [0.12, 0.005, 0.12], "id": 383, "camera_size": [51, 51], "camera_position": [246, 224], "world_position": [0.7744132248692587, 0.7408489464459539, -0.17407407664243527], "world_orientation": [1.1519017471439013e-05, 0.06880104194855216, 0.9976304007467424, -0.0007702315168110152, -0.9976301042770565, 0.06880103039606471, 0.9999997033053175, -0.0007691988970554657, 4.150101229739914e-05], "world_rotation": [0.0, 1.0, 0.0, 0.0]}, {"color": "CVBlue", "id_name": "object14074230422804", "shape": "CVCylinder", "id_string": "ob793", "world_size": [0.11, 0.11, 0.11], "id": 793, "camera_size": [45, 45], "camera_position": [256, 254], "world_position": [0.705, 0.6547388572526824, -0.15], "world_orientation": [1.0, -3.838362879530641e-17, 1.4813540171849057e-17, 3.838362879530641e-17, 1.0, 5.294293626938881e-18, -1.4813540171849057e-17, -5.294293626938881e-18, 1.0], "world_rotation": [-0.1276280613210114, 0.35710588544125776, 0.925303444577321, 4.1482206750932463e-17]}], "source": "action wait"}
{"timestamp": 1706068356.231868, "objects": [{"color": "cv_", "id_name": "hand", "shape": "CVCylinder", "id_string": "ob383", "world_size": [0.12, 0.005, 0.12], "id": 383, "camera_size": [51, 51], "camera_position": [246, 214], "world_position": [0.8000810715120971, 0.7216988587734392, -0.17407761808040487], "world_orientation": [-1.451674341816059e-06, 0.0479942292910158, 0.9988476129784033, -0.0007651999613957821, -0.9988473206046147, 0.04799421413046956, 0.999999707233413, -0.0007642484829224818, 3.8175183427800346e-05], "world_rotation": [0.0, 1.0, 0.0, 0.0]}, {"color": "CVBlue", "id_name": "object14074230422804", "shape": "CVCylinder", "id_string": "ob793", "world_size": [0.11, 0.11, 0.11], "id": 793, "camera_size": [45, 45], "camera_position": [256, 254], "world_position": [0.705, 0.6547388572526824, -0.15], "world_orientation": [1.0, -3.838362879530641e-17, 1.4813540171849057e-17, 3.838362879530641e-17, 1.0, 5.294293626938881e-18, -1.4813540171849057e-17, -5.294293626938881e-18, 1.0], "world_rotation": [-0.1276280613210114, 0.35710588544125776, 0.925303444577321, 4.1482206750932463e-17]}], "source": "action wait"}
{"timestamp": 1706068356.268882, "objects": [{"color": "cv_", "id_name": "hand", "shape": "CVCylinder", "id_string": "ob383", "world_size": [0.12, 0.005, 0.12], "id": 383, "camera_size": [50, 50], "camera_position": [245, 206], "world_position": [0.8182234187118186, 0.7129974895700466, -0.17412215186304378], "world_orientation": [1.0007741813425963e-05, 0.04086175841013102, 0.9991648095281765, -0.0007760826967971706, -0.9991645083601437, 0.04086175386691675, 0.9999996987977012, -0.0007758434538065622, 2.1712723234386823e-05], "world_rotation": [0.0, 1.0, 0.0, 0.0]}, {"color": "CVBlue", "id_name": "object14074230422804", "shape": "CVCylinder", "id_string": "ob793", "world_size": [0.11, 0.11, 0.11], "id": 793, "camera_size": [45, 49], "camera_position": [256, 252], "world_position": [0.7092465958706018, 0.6555921155582735, -0.1500204694775662], "world_orientation": [0.9969975124775757, 0.07743358170918499, 2.3177863666901358e-05, -0.07743358473351769, 0.9969974300170564, 0.0004055794644309991, 8.297200089398577e-06, -0.0004061564622198864, 0.9999999174840389], "world_rotation": [-0.005241425869966403, 9.608530616501176e-05, -0.9999862590168246, 0.07751224143353148]}], "source": "action wait"}
{"timestamp": 1706068356.297789, "objects": [{"color": "cv_", "id_name": "hand", "shape": "CVCylinder", "id_string": "ob383", "world_size": [0.12, 0.005, 0.12], "id": 383, "camera_size": [49, 50], "camera_position": [246, 201], "world_position": [0.8308217553841964, 0.7054067969095057, -0.17414927010731884], "world_orientation": [1.5508458776306293e-05, 0.034220502199837924, 0.9994143069761804, -0.0007886330947894603, -0.9994139958888387, 0.03422050378568594, 0.9999996889086165, -0.0007887019051600941, 1.1488049799772136e-05], "world_rotation": [0.0, 1.0, 0.0, 0.0]}, {"color": "CVBlue", "id_name": "object14074230422804", "shape": "CVCylinder", "id_string": "ob793", "world_size": [0.11, 0.11, 0.11], "id": 793, "camera_size": [46, 53], "camera_position": [255, 250], "world_position": [0.714391768740961, 0.6586483061246287, -0.15002902639340945], "world_orientation": [0.9867146717825243, 0.16246277639660323, 5.267459321476926e-05, -0.1624627796987862, 0.9867145057882466, 0.0005738288942600801, 4.12510501265773e-05, -0.0005747630498923379, 0.9999998339728801], "world_rotation": [-0.003534916677620703, 3.515719676213384e-05, -0.9999937515445053, 0.16318710909903486]}], "source": "action wait"}
{"timestamp": 1706068356.324971, "objects": [{"color": "cv_", "id_name": "hand", "shape": "CVCylinder", "id_string": "ob383", "world_size": [0.12, 0.005, 0.12], "id": 383, "camera_size": [49, 50], "camera_position": [246, 198], "world_position": [0.8397468395392533, 0.7009212595326874, -0.17417206204078522], "world_orientation": [2.1919680249771634e-05, 0.03087522859720702, 0.9995232462422263, -0.0008036663025828651, -0.9995229231525941, 0.030875236241493915, 0.9999996768199487, -0.0008039599269595223, 2.904157930661247e-06], "world_rotation": [0.0, 1.0, 0.0, 0.0]}, {"color": "CVBlue", "id_name": "object14074230422804", "shape": "CVCylinder", "id_string": "ob793", "world_size": [0.11, 0.11, 0.11], "id": 793, "camera_size": [47, 56], "camera_position": [256, 247], "world_position": [0.7199352720347016, 0.6602495376269333, -0.15004322010332866], "world_orientation": [0.9689919592188009, 0.24709223440799874, 0.00010326941831207797, -0.24709223353959217, 0.9689916084041669, 0.000831244080519933, 0.00010532675744490984, -0.0008309859013991062, 0.9999996491842914], "world_rotation": [0.0033635629746024817, 4.163075993494478e-06, 0.9999943431973926, -0.2496797287034319]}], "source": "action wait"}
{"timestamp": 1706068356.354238, "objects": [{"color": "cv_", "id_name": "hand", "shape": "CVCylinder", "id_string": "ob383", "world_size": [0.12, 0.005, 0.12], "id": 383, "camera_size": [49, 49], "camera_position": [246, 196], "world_position": [0.8459553520186379, 0.6967953026272845, -0.17418779132082823], "world_orientation": [2.2557505654741397e-05, 0.02727021880265969, 0.9996280981733228, -0.000812815874992739, -0.9996277677156206, 0.02727022812957361, 0.9999996694107015, -0.000813128735609676, -3.834422651989166e-07], "world_rotation": [0.0, 1.0, 0.0, 0.0]}, {"color": "CVBlue", "id_name": "object14074230422804", "shape": "CVCylinder", "id_string": "ob793", "world_size": [0.11, 0.11, 0.11], "id": 793, "camera_size": [47, 58], "camera_position": [256, 245], "world_position": [0.7241272982681526, 0.6608281123174875, -0.15005446981068327], "world_orientation": [0.9517401315446279, 0.3069050328289211, 0.00015110159949251024, -0.30690502099655814, 0.9517395858564974, 0.0010338282280478806, 0.0001734777125452441, -0.001030309653321702, 0.9999994541836018], "world_rotation": [0.003362809383721468, 3.645425222031132e-05, 0.9999943450760791, -0.31194123363149784]}], "source": "action wait"}
{"timestamp": 1706068356.386906, "objects": [{"color": "cv_", "id_name": "hand", "shape": "CVCylinder", "id_string": "ob383", "world_size": [0.12, 0.005, 0.12], "id": 383, "camera_size": [49, 50], "camera_position": [246, 194], "world_position": [0.8503246158724225, 0.6937192642399793, -0.17419663017308834], "world_orientation": [2.1310694034399386e-05, 0.02456265665332149, 0.999698292208197, -0.0008184098820744631, -0.9996979572104241, 0.024562665868549518, 0.9999996648755034, -0.000818686408893501, -1.2019363574665503e-06], "world_rotation": [0.0, 1.0, 0.0, 0.0]}, {"color": "CVBlue", "id_name": "object14074230422804", "shape": "CVCylinder", "id_string": "ob793", "world_size": [0.11, 0.11, 0.11], "id": 793, "camera_size": [47, 60], "camera_position": [256, 244], "world_position": [0.7272526577052129, 0.6612210130508229, -0.15006168482086854], "world_orientation": [0.936944637175233, 0.3494777616185436, 0.0002024911446326198, -0.34947774987528585, 0.9369439233567796, 0.00117763615447956, 0.00022183479977149438, -0.0011741460290791666, 0.9999992860849571], "world_rotation": [0.0033646903579958335, 2.7674931117847043e-05, 0.9999943390304231, -0.3570157664877525]}], "source": "action wait"}
{"timestamp": 1706068356.421125, "objects": [{"color": "cv_", "id_name": "hand", "shape": "CVCylinder", "id_string": "ob383", "world_size": [0.12, 0.005, 0.12], "id": 383, "camera_size": [49, 49], "camera_position": [246, 193], "world_position": [0.8534094933700674, 0.6915139201135679, -0.17420205026715402], "world_orientation": [1.9786328196357918e-05, 0.022639116499760567, 0.9997437021620149, -0.0008218431837325704, -0.9997433643629623, 0.02263912511575601, 0.9999996620910844, -0.0008220804922613901, -1.1754467380035964e-06], "world_rotation": [0.0, 1.0, 0.0, 0.0]}, {"color": "CVBlue", "id_name": "object14074230422804", "shape": "CVCylinder", "id_string": "ob793", "world_size": [0.11, 0.11, 0.11], "id": 793, "camera_size": [47, 60], "camera_position": [256, 243], "world_position": [0.7295492069318401, 0.6615340176966258, -0.15006688612971714], "world_orientation": [0.9250768844851832, 0.37977979831082553, 0.000250172292176445, -0.37977979189164446, 0.9250760169251147, 0.0012932829173420567, 0.00025973433791539057, -0.0012913965129925245, 0.9999991324161837], "world_rotation": [0.0034028462005564904, 1.2588861361467252e-05, 0.9999942102228673, -0.3895606222262144]}], "source": "action wait"}
{"timestamp": 1706068356.457263, "objects": [{"color": "cv_", "id_name": "hand", "shape": "CVCylinder", "id_string": "ob383", "world_size": [0.12, 0.005, 0.12], "id": 383, "camera_size": [49, 49], "camera_position": [246, 192], "world_position": [0.8555911655463584, 0.6899579866938115, -0.1742070842976884], "world_orientation": [1.9197277988472647e-05, 0.021300736303473476, 0.9997731133934312, -0.0008239511935791196, -0.9997727738699037, 0.02130074489094122, 0.99999966036789, -0.0008241731664102222, -1.6421487635214583e-06], "world_rotation": [0.0, 1.0, 0.0, 0.0]}, {"color": "CVBlue", "id_name": "object14074230422804", "shape": "CVCylinder", "id_string": "ob793", "world_size": [0.11, 0.11, 0.11], "id": 793, "camera_size": [47, 61], "camera_position": [256, 243], "world_position": [0.7312188464127742, 0.661794109316879, -0.15007120094782583], "world_orientation": [0.9159201141704525, 0.4013605017988075, 0.0003034036832360797, -0.40136051516291454, 0.9159190841586325, 0.0014029049048047838, 0.00028517739288851064, -0.0014067230791850439, 0.999998969901486], "world_rotation": [-0.0035001086477184223, 2.270549582538058e-05, -0.9999938743431954, 0.41300444854087054]}], "source": "action wait"}
{"timestamp": 1706068356.491606, "objects": [{"color": "cv_", "id_name": "hand", "shape": "CVCylinder", "id_string": "ob383", "world_size": [0.12, 0.005, 0.12], "id": 383, "camera_size": [49, 49], "camera_position": [246, 192], "world_position": [0.8570104244379332, 0.6878946872327737, -0.17421293034964824], "world_orientation": [1.9108985196958483e-05, 0.018976070404235365, 0.9998199379822651, -0.0008254671242812078, -0.9998195972287852, 0.018976079713589104, 0.9999996591193786, -0.0008256811026319355, -3.441415615933532e-06], "world_rotation": [0.0, 1.0, 0.0, 0.0]}, {"color": "CVBlue", "id_name": "object14074230422804", "shape": "CVCylinder", "id_string": "ob793", "world_size": [0.11, 0.11, 0.11], "id": 793, "camera_size": [47, 62], "camera_position": [256, 242], "world_position": [0.7316731871668154, 0.6628300154394389, -0.15007317887192856], "world_orientation": [0.8977121628499105, 0.4405822008611898, 0.0004437968522054525, -0.44058234821546227, 0.8977109599482775, 0.0014922565768732763, 0.0002590603886730325, -0.0015351459384272215, 0.999998788106597], "world_rotation": [-0.003435663162447532, 0.0002096491164658256, -0.9999940761153948, 0.4562500980756135]}], "source": "action wait"}
{"timestamp": 1706068356.524983, "objects": [{"color": "cv_", "id_name": "hand", "shape": "CVCylinder", "id_string": "ob383", "world_size": [0.12, 0.005, 0.12], "id": 383, "camera_size": [49, 49], "camera_position": [246, 192], "world_position": [0.8575782206481384, 0.6831796331895494, -0.17419592352298618], "world_orientation": [1.2956036519543541e-05, 0.012955400703423681, 0.9999160751906907, -0.0008151746576214822, -0.9999157429107534, 0.012955406960562042, 0.9999996676611541, -0.000815274094969852, -2.394030548443002e-06], "world_rotation": [0.0, 1.0, 0.0, 0.0]}, {"color": "CVBlue", "id_name": "object14074230422804", "shape": "CVCylinder", "id_string": "ob793", "world_size": [0.11, 0.11, 0.11], "id": 793, "camera_size": [47, 65], "camera_position": [256, 244], "world_position": [0.7290193717680347, 0.6678575892245852, -0.15005884922843923], "world_orientation": [0.8214778481030114, 0.5702400339530491, 0.0006698904918895325, -0.5702404047805005, 0.8214769175330341, 0.0012468825910312727, 0.00016072279468303744, -0.0014062850529711725, 0.9999989982647648], "world_rotation": [-0.002326353096563536, 0.00044644892747130267, -0.9999971943783769, 0.6068001964859805]}], "source": "action wait"}
{"timestamp": 1706068356.555851, "objects": [{"color": "cv_", "id_name": "hand", "shape": "CVCylinder", "id_string": "ob383", "world_size": [0.12, 0.005, 0.12], "id": 383, "camera_size": [49, 49], "camera_position": [246, 192], "world_position": [0.8579019881084085, 0.6795911808803489, -0.17416431895655682], "world_orientation": [6.6387013948384705e-06, 0.008628898182470104, 0.9999627703430185, -0.0007971492626913816, -0.9999624526076942, 0.00862890073289554, 0.99999968225444, -0.0007971768697934621, 2.400676954275448e-07], "world_rotation": [0.0, 1.0, 0.0, 0.0]}, {"color": "CVBlue", "id_name": "object14074230422804", "shape": "CVCylinder", "id_string": "ob793", "world_size": [0.11, 0.11, 0.11], "id": 793, "camera_size": [47, 66], "camera_position": [256, 244], "world_position": [0.7266529321267072, 0.6720033757870706, -0.1500243973369844], "world_orientation": [0.7433425410942264, 0.6689096934507528, 0.001299464196738994, -0.6689107941552317, 0.7433423089120701, 0.0007491621252836726, -0.00046482490878411623, -0.001426109705716887, 0.9999988750738231], "world_rotation": [-0.0016259782863745974, 0.0013187757665892837, -0.9999978085101435, 0.7327437703968525]}], "source": "action wait"}
{"timestamp": 1706068356.58537, "objects": [{"color": "cv_", "id_name": "hand", "shape": "CVCylinder", "id_string": "ob383", "world_size": [0.12, 0.005, 0.12], "id": 383, "camera_size": [49, 49], "camera_position": [246, 192], "world_position": [0.8581496732475129, 0.6772583875920173, -0.1741603240728678], "world_orientation": [6.818300010168867e-06, 0.005635836550334766, 0.9999841185238338, -0.0007939651638565066, -0.9999838033311839, 0.005635840187511305, 0.9999996847863651, -0.0007939909813672458, -2.3435316858853516e-06], "world_rotation": [0.0, 1.0, 0.0, 0.0]}, {"color": "CVBlue", "id_name": "object14074230422804", "shape": "CVCylinder", "id_string": "ob793", "world_size": [0.11, 0.11, 0.11], "id": 793, "camera_size": [47, 67], "camera_position": [256, 245], "world_position": [0.7258372879896161, 0.6723737790879859, -0.15002001712235574], "world_orientation": [0.7186567032693733, 0.6953629077936668, 0.0017231688055963006, -0.6953646233067534, 0.7186567852758744, 0.0006823711620410497, -0.0007638713588860979, -0.0016886212371159323, 0.9999982825279574], "world_rotation": [-0.0017048523950477029, 0.0017882960664510003, -0.9999969477330868, 0.7689289036995265]}], "source": "action wait"}
{"timestamp": 1706068356.618435, "objects": [{"color": "cv_", "id_name": "hand", "shape": "CVCylinder", "id_string": "ob383", "world_size": [0.12, 0.005, 0.12], "id": 383, "camera_size": [49, 49], "camera_position": [246, 192], "world_position": [0.8583782027383815, 0.6757290505714482, -0.17416557811926278], "world_orientation": [5.9101916498922944e-06, 0.003553995924827054, 0.9999936845190753, -0.0007963041931003999, -0.9999933674715823, 0.003553999504374908, 0.9999996829323007, -0.0007963201688750064, -3.080090592776758e-06], "world_rotation": [0.0, 1.0, 0.0, 0.0]}, {"color": "CVBlue", "id_name": "object14074230422804", "shape": "CVCylinder", "id_string": "ob793", "world_size": [0.11, 0.11, 0.11], "id": 793, "camera_size": [47, 67], "camera_position": [256, 245], "world_position": [0.726015335080597, 0.671716986517909, -0.15002396269715276], "world_orientation": [0.7169626501955194, 0.6971093759136862, 0.0017539207075410444, -0.6971112059635123, 0.7169626083016661, 0.0007647335283788402, -0.0007243926525244865, -0.0017709631567981777, 0.9999981694707157], "world_rotation": [-0.0018187139957680342, 0.0017775561328761313, -0.9999967662815696, 0.7713622206922005]}], "source": "action wait"}
{"timestamp": 1706068356.652005, "objects": [{"color": "cv_", "id_name": "hand", "shape": "CVCylinder", "id_string": "ob383", "world_size": [0.12, 0.005, 0.12], "id": 383, "camera_size": [49, 49], "camera_position": [246, 192], "world_position": [0.8585413653319399, 0.6746578253766209, -0.17416857991900644], "world_orientation": [4.800362905783922e-06, 0.002087456299916207, 0.9999978212492029, -0.0007982813212624844, -0.9999975026268348, 0.0020874594668531697, 0.9999996813618937, -0.0007982896025697766, -3.133973543973216e-06], "world_rotation": [0.0, 1.0, 0.0, 0.0]}, {"color": "CVBlue", "id_name": "object14074230422804", "shape": "CVCylinder", "id_string": "ob793", "world_size": [0.11, 0.11, 0.11], "id": 793, "camera_size": [47, 67], "camera_position": [256, 245], "world_position": [0.7261404017897368, 0.6712431532777511, -0.15002610616570794], "world_orientation": [0.7157349078982254, 0.6983698018754542, 0.0017780450944313428, -0.6983717178014214, 0.7157347719178496, 0.0008246470735317096, -0.0006967000867629555, -0.0018319651041491661, 0.9999980792545785], "world_rotation": [-0.0019020005957197373, 0.0017717929807109115, -0.9999966215659768, 0.7731219437234828]}], "source": "action wait"}
{"timestamp": 1706068356.685759, "objects": [{"color": "cv_", "id_name": "hand", "shape": "CVCylinder", "id_string": "ob383", "world_size": [0.12, 0.005, 0.12], "id": 383, "camera_size": [49, 49], "camera_position": [246, 192], "world_position": [0.8586653577023027, 0.6739125934450627, -0.17417147651698844], "world_orientation": [4.140191676850155e-06, 0.0010554201859038995, 0.9999994430353899, -0.0008000371272225712, -0.9999991230108892, 0.0010554231604525753, 0.9999996799616758, -0.0008000410512847544, -3.295812712043515e-06], "world_rotation": [0.0, 1.0, 0.0, 0.0]}, {"color": "CVBlue", "id_name": "object14074230422804", "shape": "CVCylinder", "id_string": "ob793", "world_size": [0.11, 0.11, 0.11], "id": 793, "camera_size": [47, 66], "camera_position": [256, 244], "world_position": [0.7262298214668921, 0.6708687853038137, -0.15002775025647336], "world_orientation": [0.714815072555231, 0.699311197510517, 0.001805847243442555, -0.6993132031261818, 0.7148148494948497, 0.0008802698761632631, -0.0006752638442999136, -0.001892082995566226, 0.9999979820183031], "world_rotation": [-0.0019821926900747892, 0.0017739589759793411, -0.9999964619845867, 0.7744382997400568]}], "source": "action wait"}
{"timestamp": 1706068356.720723, "objects": [{"color": "cv_", "id_name": "hand", "shape": "CVCylinder", "id_string": "ob383", "world_size": [0.12, 0.005, 0.12], "id": 383, "camera_size": [49, 49], "camera_position": [246, 192], "world_position": [0.8587543126409907, 0.6733905486862087, -0.17417380596986187], "world_orientation": [2.840037520449067e-06, 0.00032852782996840266, 0.9999999460306982, -0.0008013963048139379, -0.9999996249159304, 0.0003285300004692673, 0.999999678877897, -0.0008013971946010325, -2.5767554658345597e-06], "world_rotation": [0.0, 1.0, 0.0, 0.0]}, {"color": "CVBlue", "id_name": "object14074230422804", "shape": "CVCylinder", "id_string": "ob793", "world_size": [0.11, 0.11, 0.11], "id": 793, "camera_size": [47, 66], "camera_position": [256, 244], "world_position": [0.7262915405786687, 0.6705964824478166, -0.1500288785388853], "world_orientation": [0.7141396941673059, 0.7000008105558622, 0.0018336945664381077, -0.7000029028053774, 0.7141393914612447, 0.0009303909977282398, -0.0006582390692582561, -0.0019480206619387835, 0.9999978859661797], "world_rotation": [-0.002055995272588872, 0.0017799412941474828, -0.999996302339378, 0.7754037209580189]}], "source": "action wait"}
{"timestamp": 1706068357.998353, "objects": [{"color": "cv_", "id_name": "hand", "shape": "CVCylinder", "id_string": "ob383", "world_size": [0.12, 0.005, 0.12], "id": 383, "camera_size": [49, 49], "camera_position": [246, 192], "world_position": [0.8589356886260726, 0.6721438302312459, -0.1741643096551688], "world_orientation": [1.0117168151224006e-06, -0.0014053658853034217, 0.9999990124723649, -0.0008054938369916727, -0.999998688064129, -0.0014053646144580288, 0.999999675589275, -0.0008054916197136144, -2.1437290467995004e-06], "world_rotation": [0.0, 1.0, 0.0, 0.0]}, {"color": "CVBlue", "id_name": "object14074230422804", "shape": "CVCylinder", "id_string": "ob793", "world_size": [0.11, 0.11, 0.11], "id": 793, "camera_size": [47, 66], "camera_position": [256, 244], "world_position": [0.7262231726212196, 0.6699565179679876, -0.14999905819356496], "world_orientation": [0.7104846627223318, 0.7037086204496537, 0.0023919743267391035, -0.7037125596480469, 0.7104824656572319, 0.001816421540876651, -0.0004212243207650532, -0.0029738020219133134, 0.9999954895256309], "world_rotation": [-0.0034035200808524985, 0.0019988165401263356, -0.9999922103614098, 0.780614400044443]}], "source": "action wait"}
{"timestamp": 1706068358.037835, "objects": [{"color": "cv_", "id_name": "hand", "shape": "CVCylinder", "id_string": "ob383", "world_size": [0.12, 0.005, 0.12], "id": 383, "camera_size": [49, 49], "camera_position": [246, 203], "world_position": [0.8306660304919966, 0.6727774459290916, -0.174105490230651], "world_orientation": [-5.4236426585414264e-05, -0.0023175865043475233, 0.9999973129219925, -0.0008061446318782672, -0.999996989357688, -0.002317629476978647, 0.9999996735945681, -0.0008062681656460833, 5.236795337992985e-05], "world_rotation": [0.0, 1.0, 0.0, 0.0]}, {"color": "CVBlue", "id_name": "object14074230422804", "shape": "CVCylinder", "id_string": "ob793", "world_size": [0.11, 0.11, 0.11], "id": 793, "camera_size": [47, 66], "camera_position": [256, 256], "world_position": [0.6994275172728874, 0.6692488013176888, -0.1499810917748561], "world_orientation": [0.730549654438343, 0.6828571743339642, 0.0018115906413507057, -0.682859550256239, 0.7305478021255967, 0.0016563312794576678, -0.00019241586413863514, -0.0024470942144443728, 0.9999969873484824], "world_rotation": [-0.003004578094795136, 0.0014673579567042493, -0.9999944096699237, 0.7516733541443064]}], "source": "action wait"}
{"timestamp": 1706068358.071769, "objects": [{"color": "cv_", "id_name": "hand", "shape": "CVCylinder", "id_string": "ob383", "world_size": [0.12, 0.005, 0.12], "id": 383, "camera_size": [49, 48], "camera_position": [246, 217], "world_position": [0.7950348179744888, 0.6754211351749563, -0.17411124519691593], "world_orientation": [-3.692364383104741e-05, -0.0020824376569488086, 0.9999978310426726, -0.0007939961420464609, -0.9999975164489942, -0.0020824663191196286, 0.9999996841033357, -0.0007940713121477347, 3.527010466397444e-05], "world_rotation": [0.0, 1.0, 0.0, 0.0]}, {"color": "CVBlue", "id_name": "object14074230422804", "shape": "CVCylinder", "id_string": "ob793", "world_size": [0.11, 0.11, 0.11], "id": 793, "camera_size": [47, 66], "camera_position": [256, 271], "world_position": [0.6632821932659103, 0.6712800592888399, -0.14998413505189506], "world_orientation": [0.7263651287232421, 0.6873016747144676, -0.0031792624232748574, -0.6873007479760826, 0.7263713125840193, 0.0015485756314140074, 0.0033736636443360687, 0.0010602781036793507, 0.9999937470824295], "world_rotation": [0.0003552241291897313, 0.004767088350438461, 0.9999885742769649, -0.7577778681489337]}], "source": "action wait"}
{"timestamp": 1706068358.105087, "objects": [{"color": "cv_", "id_name": "hand", "shape": "CVCylinder", "id_string": "ob383", "world_size": [0.12, 0.005, 0.12], "id": 383, "camera_size": [49, 49], "camera_position": [246, 228], "world_position": [0.7696167348757684, 0.6759358372446741, -0.17412424620524247], "world_orientation": [-2.104905483517999e-05, -0.0018602662880369046, 0.9999982694816403, -0.0007933139053108087, -0.9999979549991262, -0.001860282401551082, 0.999999685104943, -0.000793351689653186, 1.9573236676316702e-05], "world_rotation": [0.0, 1.0, 0.0, 0.0]}, {"color": "CVBlue", "id_name": "object14074230422804", "shape": "CVCylinder", "id_string": "ob793", "world_size": [0.11, 0.11, 0.11], "id": 793, "camera_size": [47, 66], "camera_position": [256, 282], "world_position": [0.637707132523098, 0.6717554613514809, -0.1499914451285643], "world_orientation": [0.7261084178621895, 0.6875110373577548, -0.009753923360991965, -0.6875324452104555, 0.7261521350955841, 0.0014877765479648203, 0.008105695071990843, 0.005625851703402981, 0.9999513225652594], "world_rotation": [-0.003009146601381735, 0.012987248440608444, 0.9999111342587766, -0.7581548525921699]}], "source": "action wait"}
