{"timestamp": 1706031701.364305, "objects": [{"color": "cv_", "id_name": "hand", "shape": "CVCylinder", "id_string": "ob382", "world_size": [0.12, 0.005, 0.12], "id": 382, "camera_size": [48, 50], "camera_position": [246, 426], "world_position": [0.2676445155400459, 0.6334703013847323, -0.17389260400847817], "world_orientation": [-0.0006415511167636152, 0.19791547486652802, 0.9802188802612003, -0.0007473675181660656, -0.9802189031249444, 0.19791499033252619, 0.9999995149268611, -0.0006056111687285299, 0.0007767761292306989], "world_rotation": [0.0, 1.0, 0.0, 0.0]}, {"color": "CVBlue", "id_name": "object172328753941389", "shape": "CVCylinder", "id_string": "ob1212", "world_size": [0.1, 0.1, 0.1], "id": 1212, "camera_size": [41, 41], "camera_position": [256, 254], "world_position": [0.705, 0.6498037932383656, -0.15], "world_orientation": [1.0, 2.1316282072802963e-17, -9.624447840080312e-18, -2.1316282072802963e-17, 1.0, -1.5774048733874193e-16, 9.624447840080312e-18, 1.5774048733874193e-16, 1.0], "world_rotation": [-0.9891858493133231, 0.06035462278252622, 0.13367376342071935, -1.5946496550495827e-16]}], "source": "manual check"}
{"timestamp": 1706031702.371664, "objects": [{"color": "cv_", "id_name": "hand", "shape": "CVCylinder", "id_string": "ob382", "world_size": [0.12, 0.005, 0.12], "id": 382, "camera_size": [48, 50], "camera_position": [246, 426], "world_position": [0.2676445155400459, 0.6334703013847323, -0.17389260400847817], "world_orientation": [-0.0006415511167636152, 0.19791547486652802, 0.9802188802612003, -0.0007473675181660656, -0.9802189031249444, 0.19791499033252619, 0.9999995149268611, -0.0006056111687285299, 0.0007767761292306989], "world_rotation": [0.0, 1.0, 0.0, 0.0]}, {"color": "CVBlue", "id_name": "object172328753941389", "shape": "CVCylinder", "id_string": "ob1212", "world_size": [0.1, 0.1, 0.1], "id": 1212, "camera_size": [41, 41], "camera_position": [256, 254], "world_position": [0.705, 0.6498037994254439, -0.15], "world_orientation": [1.0, 8.100187187665134e-17, -1.2653630886983698e-17, -8.100187187665134e-17, 1.0, -1.9397816686250694e-16, 1.2653630886983698e-17, 1.9397816686250694e-16, 1.0], "world_rotation": [-0.9211093596285536, 0.06008602943210125, 0.38463907325148433, -2.1059189642881336e-16]}], "source": "manual check"}
{"timestamp": 1706031704.936234, "objects": [{"color": "cv_", "id_name": "hand", "shape": "CVCylinder", "id_string": "ob382", "world_size": [0.12, 0.005, 0.12], "id": 382, "camera_size": [48, 50], "camera_position": [246, 426], "world_position": [0.2676445155400459, 0.6334703013847323, -0.17389260400847817], "world_orientation": [-0.0006415511167636152, 0.19791547486652802, 0.9802188802612003, -0.0007473675181660656, -0.9802189031249444, 0.19791499033252619, 0.9999995149268611, -0.0006056111687285299, 0.0007767761292306989], "world_rotation": [0.0, 1.0, 0.0, 0.0]}, {"color": "CVBlue", "id_name": "object172328753941389", "shape": "CVCylinder", "id_string": "ob1212", "world_size": [0.1, 0.1, 0.1], "id": 1212, "camera_size": [41, 41], "camera_position": [256, 254], "world_position": [0.705, 0.6498037994254439, -0.15], "world_orientation": [1.0, 8.100187187665134e-17, -1.2653630886983698e-17, -8.100187187665134e-17, 1.0, -1.9397816686250694e-16, 1.2653630886983698e-17, 1.9397816686250694e-16, 1.0], "world_rotation": [-0.9211093596285536, 0.06008602943210125, 0.38463907325148433, -2.1059189642881336e-16]}], "source": "action wait"}
{"timestamp": 1706031704.965219, "objects": [{"color": "cv_", "id_name": "hand", "shape": "CVCylinder", "id_string": "ob382", "world_size": [0.12, 0.005, 0.12], "id": 382, "camera_size": [49, 51], "camera_position": [246, 421], "world_position": [0.2918218634738759, 0.6684276644230701, -0.17395575869681332], "world_orientation": [-0.0003776469590521586, 0.20472599073092387, 0.9788192509866243, -0.0007134835501361233, -0.9788191268089053, 0.20472568948296718, 0.999999674161946, -0.0006210574000626984, 0.000515716693373738], "world_rotation": [0.0, 1.0, 0.0, 0.0]}, {"color": "CVBlue", "id_name": "object172328753941389", "shape": "CVCylinder", "id_string": "ob1212", "world_size": [0.1, 0.1, 0.1], "id": 1212, "camera_size": [41, 41], "camera_position": [256, 254], "world_position": [0.705, 0.6498037994254439, -0.15], "world_orientation": [1.0, 8.100187187665134e-17, -1.2653630886983698e-17, -8.100187187665134e-17, 1.0, -1.9397816686250694e-16, 1.2653630886983698e-17, 1.9397816686250694e-16, 1.0], "world_rotation": [-0.9211093596285536, 0.06008602943210125, 0.38463907325148433, -2.1059189642881336e-16]}], "source": "action wait"}
{"timestamp": 1706031704.997917, "objects": [{"color": "cv_", "id_name": "hand", "shape": "CVCylinder", "id_string": "ob382", "world_size": [0.12, 0.005, 0.12], "id": 382, "camera_size": [51, 52], "camera_position": [246, 405], "world_position": [0.3383593134742676, 0.7071535671592724, -0.17398351047425095], "world_orientation": [-0.00021409364661575557, 0.1981368795947047, 0.9801743370994692, -0.0007291477570254098, -0.9801741299354296, 0.19813667845422298, 0.9999997112536878, -0.0006722721153716316, 0.00035432011513722314], "world_rotation": [0.0, 1.0, 0.0, 0.0]}, {"color": "CVBlue", "id_name": "object172328753941389", "shape": "CVCylinder", "id_string": "ob1212", "world_size": [0.1, 0.1, 0.1], "id": 1212, "camera_size": [41, 41], "camera_position": [256, 254], "world_position": [0.705, 0.6498037994254439, -0.15], "world_orientation": [1.0, 8.100187187665134e-17, -1.2653630886983698e-17, -8.100187187665134e-17, 1.0, -1.9397816686250694e-16, 1.2653630886983698e-17, 1.9397816686250694e-16, 1.0], "world_rotation": [-0.9211093596285536, 0.06008602943210125, 0.38463907325148433, -2.1059189642881336e-16]}], "source": "action wait"}
{"timestamp": 1706031705.032902, "objects": [{"color": "cv_", "id_name": "hand", "shape": "CVCylinder", "id_string": "ob382", "world_size": [0.12, 0.005, 0.12], "id": 382, "camera_size": [51, 53], "camera_position": [246, 388], "world_position": [0.38928479736961896, 0.740855340640619, -0.17400408479510449], "world_orientation": [-0.00010770566329431083, 0.19341805060047895, 0.9811164284127551, -0.0007400565805753529, -0.9811161808497019, 0.19341792055327559, 0.9999997203578348, -0.0007052494637315379, 0.0002488120701765671], "world_rotation": [0.0, 1.0, 0.0, 0.0]}, {"color": "CVBlue", "id_name": "object172328753941389", "shape": "CVCylinder", "id_string": "ob1212", "world_size": [0.1, 0.1, 0.1], "id": 1212, "camera_size": [41, 41], "camera_position": [256, 254], "world_position": [0.705, 0.6498037994254439, -0.15], "world_orientation": [1.0, 8.100187187665134e-17, -1.2653630886983698e-17, -8.100187187665134e-17, 1.0, -1.9397816686250694e-16, 1.2653630886983698e-17, 1.9397816686250694e-16, 1.0], "world_rotation": [-0.9211093596285536, 0.06008602943210125, 0.38463907325148433, -2.1059189642881336e-16]}], "source": "action wait"}
{"timestamp": 1706031705.075233, "objects": [{"color": "cv_", "id_name": "hand", "shape": "CVCylinder", "id_string": "ob382", "world_size": [0.12, 0.005, 0.12], "id": 382, "camera_size": [52, 53], "camera_position": [245, 367], "world_position": [0.4436623879703909, 0.7691718789301074, -0.17402268409870342], "world_orientation": [-3.2814949675720165e-05, 0.1900859596367288, 0.9817674505055476, -0.0007472528403036651, -0.9817671815922168, 0.19008588259433712, 0.9999997202681469, -0.0007273908572368477, 0.00017425891389804247], "world_rotation": [0.0, 1.0, 0.0, 0.0]}, {"color": "CVBlue", "id_name": "object172328753941389", "shape": "CVCylinder", "id_string": "ob1212", "world_size": [0.1, 0.1, 0.1], "id": 1212, "camera_size": [41, 41], "camera_position": [256, 254], "world_position": [0.705, 0.6498037994254439, -0.15], "world_orientation": [1.0, 8.100187187665134e-17, -1.2653630886983698e-17, -8.100187187665134e-17, 1.0, -1.9397816686250694e-16, 1.2653630886983698e-17, 1.9397816686250694e-16, 1.0], "world_rotation": [-0.9211093596285536, 0.06008602943210125, 0.38463907325148433, -2.1059189642881336e-16]}], "source": "action wait"}
{"timestamp": 1706031705.106067, "objects": [{"color": "cv_", "id_name": "hand", "shape": "CVCylinder", "id_string": "ob382", "world_size": [0.12, 0.005, 0.12], "id": 382, "camera_size": [53, 54], "camera_position": [245, 343], "world_position": [0.5008304157810544, 0.7918321653409365, -0.17403891499849866], "world_orientation": [1.9807720038296523e-05, 0.18773222875656342, 0.9822202451048071, -0.0007520836398250264, -0.9822199647142732, 0.18773219033210878, 0.9999997169888866, -0.0007424303237167989, 0.00012173479983904101], "world_rotation": [0.0, 1.0, 0.0, 0.0]}, {"color": "CVBlue", "id_name": "object172328753941389", "shape": "CVCylinder", "id_string": "ob1212", "world_size": [0.1, 0.1, 0.1], "id": 1212, "camera_size": [41, 41], "camera_position": [256, 254], "world_position": [0.705, 0.6498037994254439, -0.15], "world_orientation": [1.0, 8.100187187665134e-17, -1.2653630886983698e-17, -8.100187187665134e-17, 1.0, -1.9397816686250694e-16, 1.2653630886983698e-17, 1.9397816686250694e-16, 1.0], "world_rotation": [-0.9211093596285536, 0.06008602943210125, 0.38463907325148433, -2.1059189642881336e-16]}], "source": "action wait"}
{"timestamp": 1706031705.139296, "objects": [{"color": "cv_", "id_name": "hand", "shape": "CVCylinder", "id_string": "ob382", "world_size": [0.12, 0.005, 0.12], "id": 382, "camera_size": [54, 54], "camera_position": [245, 318], "world_position": [0.5601371997513025, 0.8086126527830511, -0.17405262579958], "world_orientation": [5.6669312310909504e-05, 0.1860680976683289, 0.9825368490894772, -0.0007553833363326878, -0.9825365623823531, 0.18606808694100127, 0.999999713092261, -0.0007527363136652617, 8.487306909167135e-05], "world_rotation": [0.0, 1.0, 0.0, 0.0]}, {"color": "CVBlue", "id_name": "object172328753941389", "shape": "CVCylinder", "id_string": "ob1212", "world_size": [0.1, 0.1, 0.1], "id": 1212, "camera_size": [41, 41], "camera_position": [256, 254], "world_position": [0.705, 0.6498037994254439, -0.15], "world_orientation": [1.0, 8.100187187665134e-17, -1.2653630886983698e-17, -8.100187187665134e-17, 1.0, -1.9397816686250694e-16, 1.2653630886983698e-17, 1.9397816686250694e-16, 1.0], "world_rotation": [-0.9211093596285536, 0.06008602943210125, 0.38463907325148433, -2.1059189642881336e-16]}], "source": "action wait"}
{"timestamp": 1706031705.170821, "objects": [{"color": "cv_", "id_name": "hand", "shape": "CVCylinder", "id_string": "ob382", "world_size": [0.12, 0.005, 0.12], "id": 382, "camera_size": [54, 54], "camera_position": [245, 291], "world_position": [0.6211112422546075, 0.8141805060101023, -0.17406316440219755], "world_orientation": [7.765010916253706e-05, 0.17751974417365535, 0.9841172361050184, -0.0007643971676024184, -0.9841169410237419, 0.1775197512589607, 0.9999997048336717, -0.0007660408559314484, 5.92788017410756e-05], "world_rotation": [0.0, 1.0, 0.0, 0.0]}, {"color": "CVBlue", "id_name": "object172328753941389", "shape": "CVCylinder", "id_string": "ob1212", "world_size": [0.1, 0.1, 0.1], "id": 1212, "camera_size": [41, 41], "camera_position": [256, 254], "world_position": [0.705, 0.6498037994254439, -0.15], "world_orientation": [1.0, 8.100187187665134e-17, -1.2653630886983698e-17, -8.100187187665134e-17, 1.0, -1.9397816686250694e-16, 1.2653630886983698e-17, 1.9397816686250694e-16, 1.0], "world_rotation": [-0.9211093596285536, 0.06008602943210125, 0.38463907325148433, -2.1059189642881336e-16]}], "source": "action wait"}
{"timestamp": 1706031705.199373, "objects": [{"color": "cv_", "id_name": "hand", "shape": "CVCylinder", "id_string": "ob382", "world_size": [0.12, 0.005, 0.12], "id": 382, "camera_size": [53, 53], "camera_position": [245, 263], "world_position": [0.6832389142345274, 0.7948396339651459, -0.17407088305697965], "world_orientation": [6.944037587181312e-05, 0.1427153188351795, 0.9897637763364587, -0.00077721994105283, -0.9897634720765893, 0.1427153294921678, 0.9999996955535524, -0.000779174350023353, 4.219164416763749e-05], "world_rotation": [0.0, 1.0, 0.0, 0.0]}, {"color": "CVBlue", "id_name": "object172328753941389", "shape": "CVCylinder", "id_string": "ob1212", "world_size": [0.1, 0.1, 0.1], "id": 1212, "camera_size": [41, 41], "camera_position": [256, 254], "world_position": [0.705, 0.6498037994254439, -0.15], "world_orientation": [1.0, 8.100187187665134e-17, -1.2653630886983698e-17, -8.100187187665134e-17, 1.0, -1.9397816686250694e-16, 1.2653630886983698e-17, 1.9397816686250694e-16, 1.0], "world_rotation": [-0.9211093596285536, 0.06008602943210125, 0.38463907325148433, -2.1059189642881336e-16]}], "source": "action wait"}
{"timestamp": 1706031705.233409, "objects": [{"color": "cv_", "id_name": "hand", "shape": "CVCylinder", "id_string": "ob382", "world_size": [0.12, 0.005, 0.12], "id": 382, "camera_size": [52, 52], "camera_position": [245, 239], "world_position": [0.7375101642519573, 0.7639727106161328, -0.17407259479618367], "world_orientation": [3.7316596261432894e-05, 0.10032094106340939, 0.9949551283307322, -0.0007768419016981222, -0.9949548258958023, 0.10032093970509598, 0.9999996975620201, -0.000776666470000621, 4.080518309992515e-05], "world_rotation": [0.0, 1.0, 0.0, 0.0]}, {"color": "CVBlue", "id_name": "object172328753941389", "shape": "CVCylinder", "id_string": "ob1212", "world_size": [0.1, 0.1, 0.1], "id": 1212, "camera_size": [41, 41], "camera_position": [256, 254], "world_position": [0.705, 0.6498037994254439, -0.15], "world_orientation": [1.0, 8.100187187665134e-17, -1.2653630886983698e-17, -8.100187187665134e-17, 1.0, -1.9397816686250694e-16, 1.2653630886983698e-17, 1.9397816686250694e-16, 1.0], "world_rotation": [-0.9211093596285536, 0.06008602943210125, 0.38463907325148433, -2.1059189642881336e-16]}], "source": "action wait"}
{"timestamp": 1706031705.268166, "objects": [{"color": "cv_", "id_name": "hand", "shape": "CVCylinder", "id_string": "ob382", "world_size": [0.12, 0.005, 0.12], "id": 382, "camera_size": [51, 51], "camera_position": [246, 224], "world_position": [0.7747948271463826, 0.7386666583425773, -0.17407403353232262], "world_orientation": [1.2673151826997803e-05, 0.07025081907659286, 0.9975293590959912, -0.0007700839132511953, -0.9975290627084126, 0.0702508079871153, 0.999999703405035, -0.000769071611591527, 4.1457188400446766e-05], "world_rotation": [0.0, 1.0, 0.0, 0.0]}, {"color": "CVBlue", "id_name": "object172328753941389", "shape": "CVCylinder", "id_string": "ob1212", "world_size": [0.1, 0.1, 0.1], "id": 1212, "camera_size": [41, 41], "camera_position": [256, 254], "world_position": [0.705, 0.6498037994254439, -0.15], "world_orientation": [1.0, 8.100187187665134e-17, -1.2653630886983698e-17, -8.100187187665134e-17, 1.0, -1.9397816686250694e-16, 1.2653630886983698e-17, 1.9397816686250694e-16, 1.0], "world_rotation": [-0.9211093596285536, 0.06008602943210125, 0.38463907325148433, -2.1059189642881336e-16]}], "source": "action wait"}
{"timestamp": 1706031705.301264, "objects": [{"color": "cv_", "id_name": "hand", "shape": "CVCylinder", "id_string": "ob382", "world_size": [0.12, 0.005, 0.12], "id": 382, "camera_size": [51, 51], "camera_position": [246, 214], "world_position": [0.8003718039658256, 0.7191851881967554, -0.17407757851507688], "world_orientation": [-6.226113008742515e-07, 0.049018213616094604, 0.9987978848263043, -0.00076505096843, -0.9987975925501127, 0.0490181987950922, 0.9999997073482714, -0.000764100769768026, 3.8123294466491075e-05], "world_rotation": [0.0, 1.0, 0.0, 0.0]}, {"color": "CVBlue", "id_name": "object172328753941389", "shape": "CVCylinder", "id_string": "ob1212", "world_size": [0.1, 0.1, 0.1], "id": 1212, "camera_size": [41, 41], "camera_position": [256, 254], "world_position": [0.705, 0.6498037994254439, -0.15], "world_orientation": [1.0, 8.100187187665134e-17, -1.2653630886983698e-17, -8.100187187665134e-17, 1.0, -1.9397816686250694e-16, 1.2653630886983698e-17, 1.9397816686250694e-16, 1.0], "world_rotation": [-0.9211093596285536, 0.06008602943210125, 0.38463907325148433, -2.1059189642881336e-16]}], "source": "action wait"}
{"timestamp": 1706031705.336373, "objects": [{"color": "cv_", "id_name": "hand", "shape": "CVCylinder", "id_string": "ob382", "world_size": [0.12, 0.005, 0.12], "id": 382, "camera_size": [49, 50], "camera_position": [246, 207], "world_position": [0.8180037799489398, 0.7046805777226999, -0.17408178450735315], "world_orientation": [-7.26696475640125e-06, 0.034041273884221505, 0.9994204278578314, -0.0007619753606035555, -0.9994201379377, 0.03404125846878881, 0.9999997096703285, -0.0007612863642863226, 3.3201362862941425e-05], "world_rotation": [0.0, 1.0, 0.0, 0.0]}, {"color": "CVBlue", "id_name": "object172328753941389", "shape": "CVCylinder", "id_string": "ob1212", "world_size": [0.1, 0.1, 0.1], "id": 1212, "camera_size": [41, 41], "camera_position": [256, 254], "world_position": [0.705, 0.6498037994254439, -0.15], "world_orientation": [1.0, 8.100187187665134e-17, -1.2653630886983698e-17, -8.100187187665134e-17, 1.0, -1.9397816686250694e-16, 1.2653630886983698e-17, 1.9397816686250694e-16, 1.0], "world_rotation": [-0.9211093596285536, 0.06008602943210125, 0.38463907325148433, -2.1059189642881336e-16]}], "source": "action wait"}
{"timestamp": 1706031705.364311, "objects": [{"color": "cv_", "id_name": "hand", "shape": "CVCylinder", "id_string": "ob382", "world_size": [0.12, 0.005, 0.12], "id": 382, "camera_size": [49, 50], "camera_position": [246, 202], "world_position": [0.8302189280502604, 0.6940982541975427, -0.17408589758655046], "world_orientation": [-1.0140751646585355e-05, 0.023482187849172786, 0.9997242553579369, -0.0007604210302490476, -0.9997239665500269, 0.023482173352093214, 0.9999997108284693, -0.0007599732213365174, 2.7994301937065404e-05], "world_rotation": [0.0, 1.0, 0.0, 0.0]}, {"color": "CVBlue", "id_name": "object172328753941389", "shape": "CVCylinder", "id_string": "ob1212", "world_size": [0.1, 0.1, 0.1], "id": 1212, "camera_size": [41, 41], "camera_position": [256, 254], "world_position": [0.705, 0.6498037994254439, -0.15], "world_orientation": [1.0, 8.100187187665134e-17, -1.2653630886983698e-17, -8.100187187665134e-17, 1.0, -1.9397816686250694e-16, 1.2653630886983698e-17, 1.9397816686250694e-16, 1.0], "world_rotation": [-0.9211093596285536, 0.06008602943210125, 0.38463907325148433, -2.1059189642881336e-16]}], "source": "action wait"}
{"timestamp": 1706031705.40687, "objects": [{"color": "cv_", "id_name": "hand", "shape": "CVCylinder", "id_string": "ob382", "world_size": [0.12, 0.005, 0.12], "id": 382, "camera_size": [49, 49], "camera_position": [246, 199], "world_position": [0.8387176648395881, 0.6864759949187096, -0.17408957178648873], "world_orientation": [-1.0948630486076031e-05, 0.01603952028777383, 0.9998713585602228, -0.0007598686583423675, -0.9998710700905007, 0.016039507339671435, 0.9999997112398332, -0.0007595952971054346, 2.3135147642034288e-05], "world_rotation": [0.0, 1.0, 0.0, 0.0]}, {"color": "CVBlue", "id_name": "object172328753941389", "shape": "CVCylinder", "id_string": "ob1212", "world_size": [0.1, 0.1, 0.1], "id": 1212, "camera_size": [41, 41], "camera_position": [256, 254], "world_position": [0.705, 0.6498037994254439, -0.15], "world_orientation": [1.0, 8.100187187665134e-17, -1.2653630886983698e-17, -8.100187187665134e-17, 1.0, -1.9397816686250694e-16, 1.2653630886983698e-17, 1.9397816686250694e-16, 1.0], "world_rotation": [-0.9211093596285536, 0.06008602943210125, 0.38463907325148433, -2.1059189642881336e-16]}], "source": "action wait"}
{"timestamp": 1706031705.439534, "objects": [{"color": "cv_", "id_name": "hand", "shape": "CVCylinder", "id_string": "ob382", "world_size": [0.12, 0.005, 0.12], "id": 382, "camera_size": [49, 49], "camera_position": [246, 197], "world_position": [0.8446510872541056, 0.6810312965144928, -0.17409268730191757], "world_orientation": [-1.0717609014801315e-05, 0.010794002731654442, 0.999941742998142, -0.0007598999644619889, -0.9999414544362824, 0.010793991471950606, 0.9999997112185468, -0.0007597400091884086, 1.8919343838894937e-05], "world_rotation": [0.0, 1.0, 0.0, 0.0]}, {"color": "CVBlue", "id_name": "object172328753941389", "shape": "CVCylinder", "id_string": "ob1212", "world_size": [0.1, 0.1, 0.1], "id": 1212, "camera_size": [41, 41], "camera_position": [256, 254], "world_position": [0.705, 0.6498037994254439, -0.15], "world_orientation": [1.0, 8.100187187665134e-17, -1.2653630886983698e-17, -8.100187187665134e-17, 1.0, -1.9397816686250694e-16, 1.2653630886983698e-17, 1.9397816686250694e-16, 1.0], "world_rotation": [-0.9211093596285536, 0.06008602943210125, 0.38463907325148433, -2.1059189642881336e-16]}], "source": "action wait"}
{"timestamp": 1706031705.471678, "objects": [{"color": "cv_", "id_name": "hand", "shape": "CVCylinder", "id_string": "ob382", "world_size": [0.12, 0.005, 0.12], "id": 382, "camera_size": [49, 49], "camera_position": [246, 196], "world_position": [0.8488045490451047, 0.6771632603151928, -0.17409524220317504], "world_orientation": [-1.0000220010889553e-05, 0.007097126567973775, 0.9999748150300956, -0.0007602258265382829, -0.9999745261696342, 0.007097116915226328, 0.9999997109783025, -0.0007601357075434867, 1.539538417853279e-05], "world_rotation": [0.0, 1.0, 0.0, 0.0]}, {"color": "CVBlue", "id_name": "object172328753941389", "shape": "CVCylinder", "id_string": "ob1212", "world_size": [0.1, 0.1, 0.1], "id": 1212, "camera_size": [41, 41], "camera_position": [256, 254], "world_position": [0.705, 0.6498037994254439, -0.15], "world_orientation": [1.0, 8.100187187665134e-17, -1.2653630886983698e-17, -8.100187187665134e-17, 1.0, -1.9397816686250694e-16, 1.2653630886983698e-17, 1.9397816686250694e-16, 1.0], "world_rotation": [-0.9211093596285536, 0.06008602943210125, 0.38463907325148433, -2.1059189642881336e-16]}], "source": "action wait"}
{"timestamp": 1706031705.499684, "objects": [{"color": "cv_", "id_name": "hand", "shape": "CVCylinder", "id_string": "ob382", "world_size": [0.12, 0.005, 0.12], "id": 382, "camera_size": [49, 48], "camera_position": [246, 194], "world_position": [0.8517178372535547, 0.6744252115308965, -0.17409728980838818], "world_orientation": [-9.127417678574936e-06, 0.00449167550204501, 0.9999899123330568, -0.0007606665515440282, -0.9999896231019718, 0.004491667259908694, 0.999999710651502, -0.0007606178808704181, 1.2543990279453813e-05], "world_rotation": [0.0, 1.0, 0.0, 0.0]}, {"color": "CVBlue", "id_name": "object172328753941389", "shape": "CVCylinder", "id_string": "ob1212", "world_size": [0.1, 0.1, 0.1], "id": 1212, "camera_size": [41, 41], "camera_position": [256, 254], "world_position": [0.705, 0.6498037994254439, -0.15], "world_orientation": [1.0, 8.100187187665134e-17, -1.2653630886983698e-17, -8.100187187665134e-17, 1.0, -1.9397816686250694e-16, 1.2653630886983698e-17, 1.9397816686250694e-16, 1.0], "world_rotation": [-0.9211093596285536, 0.06008602943210125, 0.38463907325148433, -2.1059189642881336e-16]}], "source": "action wait"}
{"timestamp": 1706031705.532922, "objects": [{"color": "cv_", "id_name": "hand", "shape": "CVCylinder", "id_string": "ob382", "world_size": [0.12, 0.005, 0.12], "id": 382, "camera_size": [49, 49], "camera_position": [246, 194], "world_position": [0.853764280571755, 0.6724916298739099, -0.17409890391882818], "world_orientation": [-8.252803571736643e-06, 0.0026553932320512964, 0.9999964744031223, -0.0007611199393206021, -0.9999961848030544, 0.0026553861816515315, 0.9999997103141226, -0.0007610953415382977, 1.0273844821681814e-05], "world_rotation": [0.0, 1.0, 0.0, 0.0]}, {"color": "CVBlue", "id_name": "object172328753941389", "shape": "CVCylinder", "id_string": "ob1212", "world_size": [0.1, 0.1, 0.1], "id": 1212, "camera_size": [41, 41], "camera_position": [256, 254], "world_position": [0.705, 0.6498037994254439, -0.15], "world_orientation": [1.0, 8.100187187665134e-17, -1.2653630886983698e-17, -8.100187187665134e-17, 1.0, -1.9397816686250694e-16, 1.2653630886983698e-17, 1.9397816686250694e-16, 1.0], "world_rotation": [-0.9211093596285536, 0.06008602943210125, 0.38463907325148433, -2.1059189642881336e-16]}], "source": "action wait"}
{"timestamp": 1706031705.565938, "objects": [{"color": "cv_", "id_name": "hand", "shape": "CVCylinder", "id_string": "ob382", "world_size": [0.12, 0.005, 0.12], "id": 382, "camera_size": [49, 49], "camera_position": [246, 193], "world_position": [0.85520336988281, 0.6711282529362507, -0.17410016065592754], "world_orientation": [-7.460756730527162e-06, 0.0013611747690539585, 0.9999990735733634, -0.0007615344320253225, -0.9999987836418097, 0.0013611686927779807, 0.9999997100047809, -0.0007615235711714568, 8.497329110578539e-06], "world_rotation": [0.0, 1.0, 0.0, 0.0]}, {"color": "CVBlue", "id_name": "object172328753941389", "shape": "CVCylinder", "id_string": "ob1212", "world_size": [0.1, 0.1, 0.1], "id": 1212, "camera_size": [41, 41], "camera_position": [256, 254], "world_position": [0.705, 0.6498037994254439, -0.15], "world_orientation": [1.0, 8.100187187665134e-17, -1.2653630886983698e-17, -8.100187187665134e-17, 1.0, -1.9397816686250694e-16, 1.2653630886983698e-17, 1.9397816686250694e-16, 1.0], "world_rotation": [-0.9211093596285536, 0.06008602943210125, 0.38463907325148433, -2.1059189642881336e-16]}], "source": "action wait"}
{"timestamp": 1706031705.601389, "objects": [{"color": "cv_", "id_name": "hand", "shape": "CVCylinder", "id_string": "ob382", "world_size": [0.12, 0.005, 0.12], "id": 382, "camera_size": [49, 49], "camera_position": [246, 193], "world_position": [0.8562161616320563, 0.6701678654341473, -0.17410112983072668], "world_orientation": [-6.781201957142644e-06, 0.0004489781211361618, 0.9999998991863259, -0.0007618889146754779, -0.9999996089742661, 0.0004489728243145415, 0.9999997097396065, -0.0007618857932916638, 7.123270759308386e-06], "world_rotation": [0.0, 1.0, 0.0, 0.0]}, {"color": "CVBlue", "id_name": "object172328753941389", "shape": "CVCylinder", "id_string": "ob1212", "world_size": [0.1, 0.1, 0.1], "id": 1212, "camera_size": [41, 41], "camera_position": [256, 254], "world_position": [0.705, 0.6498037994254439, -0.15], "world_orientation": [1.0, 8.100187187665134e-17, -1.2653630886983698e-17, -8.100187187665134e-17, 1.0, -1.9397816686250694e-16, 1.2653630886983698e-17, 1.9397816686250694e-16, 1.0], "world_rotation": [-0.9211093596285536, 0.06008602943210125, 0.38463907325148433, -2.1059189642881336e-16]}], "source": "action wait"}
{"timestamp": 1706031705.636154, "objects": [{"color": "cv_", "id_name": "hand", "shape": "CVCylinder", "id_string": "ob382", "world_size": [0.12, 0.005, 0.12], "id": 382, "camera_size": [49, 48], "camera_position": [246, 192], "world_position": [0.8569293488289665, 0.6694917502993065, -0.1741018715822653], "world_orientation": [-6.218064725744289e-06, -0.000193979188909045, 0.999999981166705, -0.0007621793287488588, -0.9999996907264164, -0.00019398387184982866, 0.9999997095219612, -0.0007621805205991806, 6.070215875031635e-06], "world_rotation": [0.0, 1.0, 0.0, 0.0]}, {"color": "CVBlue", "id_name": "object172328753941389", "shape": "CVCylinder", "id_string": "ob1212", "world_size": [0.1, 0.1, 0.1], "id": 1212, "camera_size": [41, 41], "camera_position": [256, 254], "world_position": [0.705, 0.6498037994254439, -0.15], "world_orientation": [1.0, 8.100187187665134e-17, -1.2653630886983698e-17, -8.100187187665134e-17, 1.0, -1.9397816686250694e-16, 1.2653630886983698e-17, 1.9397816686250694e-16, 1.0], "world_rotation": [-0.9211093596285536, 0.06008602943210125, 0.38463907325148433, -2.1059189642881336e-16]}], "source": "action wait"}
{"timestamp": 1706031705.67061, "objects": [{"color": "cv_", "id_name": "hand", "shape": "CVCylinder", "id_string": "ob382", "world_size": [0.12, 0.005, 0.12], "id": 382, "camera_size": [49, 48], "camera_position": [246, 192], "world_position": [0.8574317724005455, 0.6690159209589627, -0.17410243576936688], "world_orientation": [-5.76249985409465e-06, -0.0006471773246389844, 0.9999997905641302, -0.0007624102419815555, -0.9999994999432202, -0.0006471815299451187, 0.999999709348666, -0.00076241381168937, 5.26908235219874e-06], "world_rotation": [0.0, 1.0, 0.0, 0.0]}, {"color": "CVBlue", "id_name": "object172328753941389", "shape": "CVCylinder", "id_string": "ob1212", "world_size": [0.1, 0.1, 0.1], "id": 1212, "camera_size": [41, 41], "camera_position": [256, 254], "world_position": [0.705, 0.6498037994254439, -0.15], "world_orientation": [1.0, 8.100187187665134e-17, -1.2653630886983698e-17, -8.100187187665134e-17, 1.0, -1.9397816686250694e-16, 1.2653630886983698e-17, 1.9397816686250694e-16, 1.0], "world_rotation": [-0.9211093596285536, 0.06008602943210125, 0.38463907325148433, -2.1059189642881336e-16]}], "source": "action wait"}
{"timestamp": 1706031705.704165, "objects": [{"color": "cv_", "id_name": "hand", "shape": "CVCylinder", "id_string": "ob382", "world_size": [0.12, 0.005, 0.12], "id": 382, "camera_size": [49, 49], "camera_position": [246, 192], "world_position": [0.85778582718339, 0.6686810989101445, -0.17410286268570485], "world_orientation": [-5.400433702548405e-06, -0.0009666293678598817, 0.9999995327991411, -0.0007625898609611302, -0.9999992420381882, -0.0009666332051191908, 0.9999997092137274, -0.0007625947249174212, 4.663287854352723e-06], "world_rotation": [0.0, 1.0, 0.0, 0.0]}, {"color": "CVBlue", "id_name": "object172328753941389", "shape": "CVCylinder", "id_string": "ob1212", "world_size": [0.1, 0.1, 0.1], "id": 1212, "camera_size": [41, 41], "camera_position": [256, 254], "world_position": [0.705, 0.6498037994254439, -0.15], "world_orientation": [1.0, 8.100187187665134e-17, -1.2653630886983698e-17, -8.100187187665134e-17, 1.0, -1.9397816686250694e-16, 1.2653630886983698e-17, 1.9397816686250694e-16, 1.0], "world_rotation": [-0.9211093596285536, 0.06008602943210125, 0.38463907325148433, -2.1059189642881336e-16]}], "source": "action wait"}
{"timestamp": 1706031705.767313, "objects": [{"color": "cv_", "id_name": "hand", "shape": "CVCylinder", "id_string": "ob382", "world_size": [0.12, 0.005, 0.12], "id": 382, "camera_size": [48, 49], "camera_position": [246, 192], "world_position": [0.8582113147178025, 0.6682797319695966, -0.17410342569513698], "world_orientation": [-4.896457092104698e-06, -0.0013505463173684817, 0.9999990879999188, -0.000762831019307143, -0.9999987970515031, -0.001350549659601082, 0.9999997090323881, -0.0007628369365140057, 3.866212578383004e-06], "world_rotation": [0.0, 1.0, 0.0, 0.0]}, {"color": "CVBlue", "id_name": "object172328753941389", "shape": "CVCylinder", "id_string": "ob1212", "world_size": [0.1, 0.1, 0.1], "id": 1212, "camera_size": [41, 41], "camera_position": [256, 254], "world_position": [0.705, 0.6498037994254439, -0.15], "world_orientation": [1.0, 8.100187187665134e-17, -1.2653630886983698e-17, -8.100187187665134e-17, 1.0, -1.9397816686250694e-16, 1.2653630886983698e-17, 1.9397816686250694e-16, 1.0], "world_rotation": [-0.9211093596285536, 0.06008602943210125, 0.38463907325148433, -2.1059189642881336e-16]}], "source": "action wait"}
{"timestamp": 1706031708.626264, "objects": [{"color": "cv_", "id_name": "hand", "shape": "CVCylinder", "id_string": "ob382", "world_size": [0.12, 0.005, 0.12], "id": 382, "camera_size": [48, 49], "camera_position": [246, 192], "world_position": [0.8586320859042885, 0.6678856230369575, -0.17410412342743753], "world_orientation": [-4.211097282258722e-06, -0.001729811348897488, 0.9999985038663628, -0.0007631196728406399, -0.9999982126942462, -0.0017298140587996274, 0.9999997088152734, -0.0007631258155272741, 2.8910366854572728e-06], "world_rotation": [0.0, 1.0, 0.0, 0.0]}, {"color": "CVBlue", "id_name": "object172328753941389", "shape": "CVCylinder", "id_string": "ob1212", "world_size": [0.1, 0.1, 0.1], "id": 1212, "camera_size": [41, 41], "camera_position": [256, 254], "world_position": [0.705, 0.6498037994254439, -0.15], "world_orientation": [1.0, 8.100187187665134e-17, -1.2653630886983698e-17, -8.100187187665134e-17, 1.0, -1.9397816686250694e-16, 1.2653630886983698e-17, 1.9397816686250694e-16, 1.0], "world_rotation": [-0.9211093596285536, 0.06008602943210125, 0.38463907325148433, -2.1059189642881336e-16]}], "source": "action wait"}
{"timestamp": 1706031708.658131, "objects": [{"color": "cv_", "id_name": "hand", "shape": "CVCylinder", "id_string": "ob382", "world_size": [0.12, 0.005, 0.12], "id": 382, "camera_size": [48, 48], "camera_position": [246, 205], "world_position": [0.8259906574077852, 0.6549430603801406, -0.17408827930117743], "world_orientation": [-4.6129316403918465e-05, -0.02270893844558799, 0.9997421177417509, -0.000760136695933286, -0.9997418291797162, -0.022708966964590876, 0.9999997100321029, -0.0007609882192882495, 2.8855509722637604e-05], "world_rotation": [0.0, 1.0, 0.0, 0.0]}, {"color": "CVBlue", "id_name": "object172328753941389", "shape": "CVCylinder", "id_string": "ob1212", "world_size": [0.1, 0.1, 0.1], "id": 1212, "camera_size": [41, 41], "camera_position": [256, 254], "world_position": [0.705, 0.6498037994254439, -0.15], "world_orientation": [1.0, 8.100187187665134e-17, -1.2653630886983698e-17, -8.100187187665134e-17, 1.0, -1.9397816686250694e-16, 1.2653630886983698e-17, 1.9397816686250694e-16, 1.0], "world_rotation": [-0.9211093596285536, 0.06008602943210125, 0.38463907325148433, -2.1059189642881336e-16]}], "source": "action wait"}
{"timestamp": 1706031708.685814, "objects": [{"color": "cv_", "id_name": "hand", "shape": "CVCylinder", "id_string": "ob382", "world_size": [0.12, 0.005, 0.12], "id": 382, "camera_size": [48, 49], "camera_position": [246, 219], "world_position": [0.7918240253663351, 0.661649698627248, -0.17410154691829166], "world_orientation": [-3.3954437557027415e-05, -0.016537843681016275, 0.9998632399350816, -0.0007580420576110753, -0.9998629528111597, -0.01653786467436809, 0.9999997121096261, -0.0007584999216238566, 2.1413403144768246e-05], "world_rotation": [0.0, 1.0, 0.0, 0.0]}, {"color": "CVBlue", "id_name": "object172328753941389", "shape": "CVCylinder", "id_string": "ob1212", "world_size": [0.1, 0.1, 0.1], "id": 1212, "camera_size": [41, 43], "camera_position": [256, 264], "world_position": [0.6808164169582678, 0.6511835463075488, -0.15000561315240146], "world_orientation": [0.9995284248499929, -0.030706833099340896, 0.00013534364125683353, 0.030706834559734924, 0.9995284339303184, -8.725029818223623e-06, -0.0001350118997534547, 1.2876890111763905e-05, 0.9999999908029863], "world_rotation": [0.0003517410717179094, 0.004402161847096935, 0.9999902485771001, 0.030711961086054024]}], "source": "action wait"}
{"timestamp": 1706031708.720386, "objects": [{"color": "cv_", "id_name": "hand", "shape": "CVCylinder", "id_string": "ob382", "world_size": [0.12, 0.005, 0.12], "id": 382, "camera_size": [48, 49], "camera_position": [246, 229], "world_position": [0.767233176454481, 0.6650341670898915, -0.17410632885184846], "world_orientation": [-1.762109388963106e-05, -0.012115535393826593, 0.9999266040523266, -0.0007619054012132927, -0.9999263138162487, -0.012115545303794713, 0.9999997095947861, -0.0007620629696060135, 8.388903603673688e-06], "world_rotation": [0.0, 1.0, 0.0, 0.0]}, {"color": "CVBlue", "id_name": "object172328753941389", "shape": "CVCylinder", "id_string": "ob1212", "world_size": [0.1, 0.1, 0.1], "id": 1212, "camera_size": [41, 44], "camera_position": [256, 282], "world_position": [0.6357155029953392, 0.6516894222655845, -0.15001825283156728], "world_orientation": [0.9991709107140618, -0.040710368569045564, 0.0003963253777259243, 0.0407103738992388, 0.9991709890844293, -5.387713202461386e-06, -0.0003957774838714554, 2.1517800620149466e-05, 0.9999999214485806], "world_rotation": [0.00033043470749547985, 0.00972805348018677, 0.9999526267720841, 0.04072355501833849]}], "source": "action wait"}
{"timestamp": 1706031708.756814, "objects": [{"color": "cv_", "id_name": "hand", "shape": "CVCylinder", "id_string": "ob382", "world_size": [0.12, 0.005, 0.12], "id": 382, "camera_size": [48, 49], "camera_position": [246, 236], "world_position": [0.7498381898900721, 0.6666621278324067, -0.1741084607144475], "world_orientation": [-8.290189864361641e-06, -0.009013039215166595, 0.9999593817027663, -0.0007633976912581492, -0.9999590903038632, -0.009013042917638702, 0.9999997085775765, -0.000763441403181225, 1.4093173874948507e-06], "world_rotation": [0.0, 1.0, 0.0, 0.0]}, {"color": "CVBlue", "id_name": "object172328753941389", "shape": "CVCylinder", "id_string": "ob1212", "world_size": [0.1, 0.1, 0.1], "id": 1212, "camera_size": [41, 44], "camera_position": [256, 298], "world_position": [0.5948372173960832, 0.6489814142682847, -0.15003249673448632], "world_orientation": [0.9998829756732426, 0.015283987566887255, 0.0006593048437765137, -0.015283986279140942, 0.9998831930353331, -6.991841707310994e-06, -0.0006593346956006461, -3.0857826943069506e-06, 0.999999782634095], "world_rotation": [0.00012766399590291683, 0.04309786211422392, -0.999070847329201, 0.015298798069446003]}], "source": "action wait"}
{"timestamp": 1706031708.823641, "objects": [{"color": "cv_", "id_name": "hand", "shape": "CVCylinder", "id_string": "ob382", "world_size": [0.12, 0.005, 0.12], "id": 382, "camera_size": [48, 49], "camera_position": [246, 241], "world_position": [0.7375676143548147, 0.6674377025871105, -0.17410917743289317], "world_orientation": [-3.3523811981810152e-06, -0.006835642216501284, 0.9999766367192034, -0.0007638250390658311, -0.9999763449997465, -0.0068356427830570275, 0.9999997082799932, -0.0007638301092876634, -1.8689327850974878e-06], "world_rotation": [0.0, 1.0, 0.0, 0.0]}, {"color": "CVBlue", "id_name": "object172328753941389", "shape": "CVCylinder", "id_string": "ob1212", "world_size": [0.1, 0.1, 0.1], "id": 1212, "camera_size": [41, 44], "camera_position": [256, 309], "world_position": [0.5669447964944503, 0.6502125611644602, -0.15003194731991717], "world_orientation": [0.9999425296555913, -0.010700593058894838, 0.0006593134044313238, 0.010700595958771576, 0.9999427469837306, -8.708606525347266e-07, -0.0006592663380247993, 7.92585695489767e-06, 0.9999997826525148], "world_rotation": [0.0004102607412581191, 0.06149583591167318, 0.998107255685304, 0.010721091788059925]}], "source": "action wait"}
{"timestamp": 1706031708.856239, "objects": [{"color": "cv_", "id_name": "hand", "shape": "CVCylinder", "id_string": "ob382", "world_size": [0.12, 0.005, 0.12], "id": 382, "camera_size": [48, 49], "camera_position": [246, 247], "world_position": [0.722834560848573, 0.6679736427774612, -0.174108705711416], "world_orientation": [-2.421236928523029e-07, -0.004232585294161836, 0.9999910425707169, -0.0007637034129023461, -0.9999907509510816, -0.004232584244757797, 0.9999997083784768, -0.0007636975968923356, -2.990318380756282e-06], "world_rotation": [0.0, 1.0, 0.0, 0.0]}, {"color": "CVBlue", "id_name": "object172328753941389", "shape": "CVCylinder", "id_string": "ob1212", "world_size": [0.1, 0.1, 0.1], "id": 1212, "camera_size": [41, 45], "camera_position": [256, 323], "world_position": [0.5337957913250706, 0.6496242375391313, -0.15003254283450732], "world_orientation": [0.9999996363041308, 0.0005380814136584447, 0.0006617099051170202, -0.0005380822550077559, 0.9999998552331352, 1.0934510295858928e-06, -0.000661709220957676, -1.4495049897686894e-06, 0.9999997810693789], "world_rotation": [-0.001490816628460587, 0.7758589706461728, -0.6309046165100088, 0.000852873612722141]}], "source": "action wait"}
