{"timestamp": 1706068063.9032, "objects": [{"color": "cv_", "id_name": "hand", "shape": "CVCylinder", "id_string": "ob383", "world_size": [0.12, 0.005, 0.12], "id": 383, "camera_size": [48, 50], "camera_position": [246, 426], "world_position": [0.2676445155400467, 0.6334703013847317, -0.17389260400847478], "world_orientation": [-0.000641549053534242, 0.19791547486652744, 0.9802188802625508, -0.0007473671015809074, -0.9802189031249445, 0.19791499033409857, 0.9999995149284961, -0.0006056111687279072, 0.0007767740243656163], "world_rotation": [0.0, 1.0, 0.0, 0.0]}, {"color": "CVRed", "id_name": "object100845096885392", "shape": "CVSphere", "id_string": "ob674", "world_size": [0.09, 0.09, 0.09], "id": 674, "camera_size": [37, 37], "camera_position": [256, 254], "world_position": [0.705, 0.6448569618279929, -0.15], "world_orientation": [1.0, -3.248937977869676e-17, -1.2465442788089477e-17, 3.248937977869676e-17, 1.0, -5.775889738434994e-17, 1.2465442788089477e-17, 5.775889738434994e-17, 1.0], "world_rotation": [-0.8565537801950899, 0.18486021419163617, -0.4818115013597369, -6.743172316768561e-17]}], "source": "manual check"}
{"timestamp": 1706068064.919995, "objects": [{"color": "cv_", "id_name": "hand", "shape": "CVCylinder", "id_string": "ob383", "world_size": [0.12, 0.005, 0.12], "id": 383, "camera_size": [48, 50], "camera_position": [246, 426], "world_position": [0.267644515540032, 0.633470301384731, -0.1738926040084748], "world_orientation": [-0.0006415490535218016, 0.19791547486654648, 0.9802188802625469, -0.0007473671015785952, -0.9802189031249408, 0.1979149903341178, 0.9999995149284961, -0.0006056111687280884, 0.000776774024352976], "world_rotation": [0.0, 1.0, 0.0, 0.0]}, {"color": "CVRed", "id_name": "object100845096885392", "shape": "CVSphere", "id_string": "ob674", "world_size": [0.09, 0.09, 0.09], "id": 674, "camera_size": [37, 37], "camera_position": [256, 254], "world_position": [0.705, 0.6448569696296074, -0.15], "world_orientation": [1.0, -4.331917303826236e-17, -1.1712398707441946e-17, 4.331917303826236e-17, 1.0, -5.775889738434995e-17, 1.1712398707441946e-17, 5.775889738434995e-17, 1.0], "world_rotation": [-0.7896765794068324, 0.16013129347666225, -0.5922574345551229, -7.314247236221149e-17]}], "source": "manual check"}
{"timestamp": 1706068066.760776, "objects": [{"color": "cv_", "id_name": "hand", "shape": "CVCylinder", "id_string": "ob383", "world_size": [0.12, 0.005, 0.12], "id": 383, "camera_size": [48, 50], "camera_position": [246, 426], "world_position": [0.267644515540032, 0.633470301384731, -0.1738926040084748], "world_orientation": [-0.0006415490535218016, 0.19791547486654648, 0.9802188802625469, -0.0007473671015785952, -0.9802189031249408, 0.1979149903341178, 0.9999995149284961, -0.0006056111687280884, 0.000776774024352976], "world_rotation": [0.0, 1.0, 0.0, 0.0]}, {"color": "CVRed", "id_name": "object100845096885392", "shape": "CVSphere", "id_string": "ob674", "world_size": [0.09, 0.09, 0.09], "id": 674, "camera_size": [37, 37], "camera_position": [256, 254], "world_position": [0.705, 0.6448569696296074, -0.15], "world_orientation": [1.0, -4.331917303826236e-17, -1.1712398707441946e-17, 4.331917303826236e-17, 1.0, -5.775889738434995e-17, 1.1712398707441946e-17, 5.775889738434995e-17, 1.0], "world_rotation": [-0.7896765794068324, 0.16013129347666225, -0.5922574345551229, -7.314247236221149e-17]}], "source": "action wait"}
{"timestamp": 1706068066.823676, "objects": [{"color": "cv_", "id_name": "hand", "shape": "CVCylinder", "id_string": "ob383", "world_size": [0.12, 0.005, 0.12], "id": 383, "camera_size": [49, 51], "camera_position": [246, 421], "world_position": [0.33866573154035845, 0.7074651615452293, -0.17398340178889843], "world_orientation": [-0.000211775726414691, 0.2011045026087164, 0.9795697699406319, -0.0007285054258584258, -0.9795695629945691, 0.2011043026254624, 0.9999997122154017, -0.000671032882635296, 0.00035395477709233625], "world_rotation": [0.0, 1.0, 0.0, 0.0]}, {"color": "CVRed", "id_name": "object100845096885392", "shape": "CVSphere", "id_string": "ob674", "world_size": [0.09, 0.09, 0.09], "id": 674, "camera_size": [37, 37], "camera_position": [256, 254], "world_position": [0.705, 0.6448569696296074, -0.15], "world_orientation": [1.0, -4.331917303826236e-17, -1.1712398707441946e-17, 4.331917303826236e-17, 1.0, -5.775889738434995e-17, 1.1712398707441946e-17, 5.775889738434995e-17, 1.0], "world_rotation": [-0.7896765794068324, 0.16013129347666225, -0.5922574345551229, -7.314247236221149e-17]}], "source": "action wait"}
{"timestamp": 1706068066.854159, "objects": [{"color": "cv_", "id_name": "hand", "shape": "CVCylinder", "id_string": "ob383", "world_size": [0.12, 0.005, 0.12], "id": 383, "camera_size": [51, 53], "camera_position": [246, 388], "world_position": [0.3896818005672413, 0.7412995965713726, -0.17400398543229503], "world_orientation": [-0.0001046298580822397, 0.1973143987987323, 0.9803402557680102, -0.000739320239650521, -0.9803400084730561, 0.19731427011909686, 0.9999997212290491, -0.0007041404287535813, 0.00024845136456568375], "world_rotation": [0.0, 1.0, 0.0, 0.0]}, {"color": "CVRed", "id_name": "object100845096885392", "shape": "CVSphere", "id_string": "ob674", "world_size": [0.09, 0.09, 0.09], "id": 674, "camera_size": [37, 37], "camera_position": [256, 254], "world_position": [0.705, 0.6448569696296074, -0.15], "world_orientation": [1.0, -4.331917303826236e-17, -1.1712398707441946e-17, 4.331917303826236e-17, 1.0, -5.775889738434995e-17, 1.1712398707441946e-17, 5.775889738434995e-17, 1.0], "world_rotation": [-0.7896765794068324, 0.16013129347666225, -0.5922574345551229, -7.314247236221149e-17]}], "source": "action wait"}
{"timestamp": 1706068066.885598, "objects": [{"color": "cv_", "id_name": "hand", "shape": "CVCylinder", "id_string": "ob383", "world_size": [0.12, 0.005, 0.12], "id": 383, "camera_size": [52, 53], "camera_position": [245, 367], "world_position": [0.4441241064837474, 0.7697092820516296, -0.1740226027809361], "world_orientation": [-2.920676909668643e-05, 0.19463853290043864, 0.9808750382476504, -0.0007464614443688672, -0.9808747696353438, 0.19463845737192684, 0.9999997209710996, -0.0007265006373141977, 0.00017393834330863182], "world_rotation": [0.0, 1.0, 0.0, 0.0]}, {"color": "CVRed", "id_name": "object100845096885392", "shape": "CVSphere", "id_string": "ob674", "world_size": [0.09, 0.09, 0.09], "id": 674, "camera_size": [37, 37], "camera_position": [256, 254], "world_position": [0.705, 0.6448569696296074, -0.15], "world_orientation": [1.0, -4.331917303826236e-17, -1.1712398707441946e-17, 4.331917303826236e-17, 1.0, -5.775889738434995e-17, 1.1712398707441946e-17, 5.775889738434995e-17, 1.0], "world_rotation": [-0.7896765794068324, 0.16013129347666225, -0.5922574345551229, -7.314247236221149e-17]}], "source": "action wait"}
{"timestamp": 1706068066.914715, "objects": [{"color": "cv_", "id_name": "hand", "shape": "CVCylinder", "id_string": "ob383", "world_size": [0.12, 0.005, 0.12], "id": 383, "camera_size": [53, 54], "camera_position": [245, 343], "world_position": [0.5013381871204297, 0.7924350899949858, -0.17403885218478662], "world_orientation": [2.379412276033568e-05, 0.19274827905826447, 0.9812482358475438, -0.0007512562929654454, -0.9812479557784156, 0.19274824226089113, 0.9999997175238711, -0.0007417551874802082, 0.00012145542328308836], "world_rotation": [0.0, 1.0, 0.0, 0.0]}, {"color": "CVRed", "id_name": "object100845096885392", "shape": "CVSphere", "id_string": "ob674", "world_size": [0.09, 0.09, 0.09], "id": 674, "camera_size": [37, 37], "camera_position": [256, 254], "world_position": [0.705, 0.6448569696296074, -0.15], "world_orientation": [1.0, -4.331917303826236e-17, -1.1712398707441946e-17, 4.331917303826236e-17, 1.0, -5.775889738434995e-17, 1.1712398707441946e-17, 5.775889738434995e-17, 1.0], "world_rotation": [-0.7896765794068324, 0.16013129347666225, -0.5922574345551229, -7.314247236221149e-17]}], "source": "action wait"}
{"timestamp": 1706068066.949362, "objects": [{"color": "cv_", "id_name": "hand", "shape": "CVCylinder", "id_string": "ob383", "world_size": [0.12, 0.005, 0.12], "id": 383, "camera_size": [54, 54], "camera_position": [245, 318], "world_position": [0.5606776596826568, 0.8092617390393622, -0.1740525787645659], "world_orientation": [6.089842020150446e-05, 0.1914113957820241, 0.9815098949354304, -0.0007545357544382239, -0.9815096085613809, 0.19141138674979646, 0.9999997134835479, -0.0007522409601256138, 8.465435735090511e-05], "world_rotation": [0.0, 1.0, 0.0, 0.0]}, {"color": "CVRed", "id_name": "object100845096885392", "shape": "CVSphere", "id_string": "ob674", "world_size": [0.09, 0.09, 0.09], "id": 674, "camera_size": [37, 37], "camera_position": [256, 254], "world_position": [0.705, 0.6448569696296074, -0.15], "world_orientation": [1.0, -4.331917303826236e-17, -1.1712398707441946e-17, 4.331917303826236e-17, 1.0, -5.775889738434995e-17, 1.1712398707441946e-17, 5.775889738434995e-17, 1.0], "world_rotation": [-0.7896765794068324, 0.16013129347666225, -0.5922574345551229, -7.314247236221149e-17]}], "source": "action wait"}
{"timestamp": 1706068066.988881, "objects": [{"color": "cv_", "id_name": "hand", "shape": "CVCylinder", "id_string": "ob383", "world_size": [0.12, 0.005, 0.12], "id": 383, "camera_size": [54, 54], "camera_position": [245, 291], "world_position": [0.621715767738398, 0.8137971283721006, -0.17406303393261507], "world_orientation": [8.102549898472687e-05, 0.1815970021011533, 0.9833730331175154, -0.0007644538853787108, -0.9833727377607353, 0.18159701054591615, 0.9999997045225192, -0.0007664573243372436, 5.914426706473635e-05], "world_rotation": [0.0, 1.0, 0.0, 0.0]}, {"color": "CVRed", "id_name": "object100845096885392", "shape": "CVSphere", "id_string": "ob674", "world_size": [0.09, 0.09, 0.09], "id": 674, "camera_size": [37, 37], "camera_position": [256, 254], "world_position": [0.705, 0.6448569696296074, -0.15], "world_orientation": [1.0, -4.331917303826236e-17, -1.1712398707441946e-17, 4.331917303826236e-17, 1.0, -5.775889738434995e-17, 1.1712398707441946e-17, 5.775889738434995e-17, 1.0], "world_rotation": [-0.7896765794068324, 0.16013129347666225, -0.5922574345551229, -7.314247236221149e-17]}], "source": "action wait"}
{"timestamp": 1706068067.021645, "objects": [{"color": "cv_", "id_name": "hand", "shape": "CVCylinder", "id_string": "ob383", "world_size": [0.12, 0.005, 0.12], "id": 383, "camera_size": [53, 53], "camera_position": [245, 263], "world_position": [0.6838581200425767, 0.7933981430556811, -0.17407077964978893], "world_orientation": [7.164179423515105e-05, 0.1454827642169924, 0.989360783629125, -0.0007771507098475281, -0.9893604792993156, 0.14548277574133212, 0.9999996954520676, -0.0007793050823774182, 4.218247359987789e-05], "world_rotation": [0.0, 1.0, 0.0, 0.0]}, {"color": "CVRed", "id_name": "object100845096885392", "shape": "CVSphere", "id_string": "ob674", "world_size": [0.09, 0.09, 0.09], "id": 674, "camera_size": [37, 37], "camera_position": [256, 254], "world_position": [0.705, 0.6448569696296074, -0.15], "world_orientation": [1.0, -4.331917303826236e-17, -1.1712398707441946e-17, 4.331917303826236e-17, 1.0, -5.775889738434995e-17, 1.1712398707441946e-17, 5.775889738434995e-17, 1.0], "world_rotation": [-0.7896765794068324, 0.16013129347666225, -0.5922574345551229, -7.314247236221149e-17]}], "source": "action wait"}
{"timestamp": 1706068067.048712, "objects": [{"color": "cv_", "id_name": "hand", "shape": "CVCylinder", "id_string": "ob383", "world_size": [0.12, 0.005, 0.12], "id": 383, "camera_size": [52, 52], "camera_position": [245, 239], "world_position": [0.7379787674733521, 0.7618642424929786, -0.17407247720375935], "world_orientation": [3.876580326169085e-05, 0.10228271915070263, 0.9947553688522374, -0.0007766702680893778, -0.994755066493563, 0.10228271832857055, 0.999999697640208, -0.0007765619907459243, 4.08774677028266e-05], "world_rotation": [0.0, 1.0, 0.0, 0.0]}, {"color": "CVRed", "id_name": "object100845096885392", "shape": "CVSphere", "id_string": "ob674", "world_size": [0.09, 0.09, 0.09], "id": 674, "camera_size": [37, 37], "camera_position": [256, 254], "world_position": [0.705, 0.6448569696296074, -0.15], "world_orientation": [1.0, -4.331917303826236e-17, -1.1712398707441946e-17, 4.331917303826236e-17, 1.0, -5.775889738434995e-17, 1.1712398707441946e-17, 5.775889738434995e-17, 1.0], "world_rotation": [-0.7896765794068324, 0.16013129347666225, -0.5922574345551229, -7.314247236221149e-17]}], "source": "action wait"}
{"timestamp": 1706068067.078896, "objects": [{"color": "cv_", "id_name": "hand", "shape": "CVCylinder", "id_string": "ob383", "world_size": [0.12, 0.005, 0.12], "id": 383, "camera_size": [51, 51], "camera_position": [246, 224], "world_position": [0.7751155461306258, 0.7361018025097676, -0.17407393324656023], "world_orientation": [1.369112324060167e-05, 0.07163842011095278, 0.9974306675536702, -0.0007699030834904779, -0.9974303712780878, 0.0716384093995554, 0.9999997035308538, -0.0007689057568097229, 4.1498698403110885e-05], "world_rotation": [0.0, 1.0, 0.0, 0.0]}, {"color": "CVRed", "id_name": "object100845096885392", "shape": "CVSphere", "id_string": "ob674", "world_size": [0.09, 0.09, 0.09], "id": 674, "camera_size": [37, 37], "camera_position": [256, 254], "world_position": [0.705, 0.6448569696296074, -0.15], "world_orientation": [1.0, -4.331917303826236e-17, -1.1712398707441946e-17, 4.331917303826236e-17, 1.0, -5.775889738434995e-17, 1.1712398707441946e-17, 5.775889738434995e-17, 1.0], "world_rotation": [-0.7896765794068324, 0.16013129347666225, -0.5922574345551229, -7.314247236221149e-17]}], "source": "action wait"}
{"timestamp": 1706068067.112054, "objects": [{"color": "cv_", "id_name": "hand", "shape": "CVCylinder", "id_string": "ob383", "world_size": [0.12, 0.005, 0.12], "id": 383, "camera_size": [51, 51], "camera_position": [246, 214], "world_position": [0.800569576396182, 0.7163059317669962, -0.17407748490777994], "world_orientation": [1.1358450640199756e-07, 0.04999841871487629, 0.9987492969339199, -0.0007648810958668513, -0.998749004773852, 0.04999840417603006, 0.9999997074784055, -0.0007639301357794701, 3.812940288589949e-05], "world_rotation": [0.0, 1.0, 0.0, 0.0]}, {"color": "CVRed", "id_name": "object100845096885392", "shape": "CVSphere", "id_string": "ob674", "world_size": [0.09, 0.09, 0.09], "id": 674, "camera_size": [37, 37], "camera_position": [256, 254], "world_position": [0.705, 0.6448569696296074, -0.15], "world_orientation": [1.0, -4.331917303826236e-17, -1.1712398707441946e-17, 4.331917303826236e-17, 1.0, -5.775889738434995e-17, 1.1712398707441946e-17, 5.775889738434995e-17, 1.0], "world_rotation": [-0.7896765794068324, 0.16013129347666225, -0.5922574345551229, -7.314247236221149e-17]}], "source": "action wait"}
{"timestamp": 1706068067.143703, "objects": [{"color": "cv_", "id_name": "hand", "shape": "CVCylinder", "id_string": "ob383", "world_size": [0.12, 0.005, 0.12], "id": 383, "camera_size": [49, 50], "camera_position": [246, 207], "world_position": [0.8181060663971622, 0.7015836093530153, -0.17408169159050424], "world_orientation": [-6.72804795050286e-06, 0.03473326011210523, 0.9993966182635992, -0.0007618276206553689, -0.9993963284486401, 0.034733244911102405, 0.9999997097866627, -0.0007611342608458981, 3.318474332854474e-05], "world_rotation": [0.0, 1.0, 0.0, 0.0]}, {"color": "CVRed", "id_name": "object100845096885392", "shape": "CVSphere", "id_string": "ob674", "world_size": [0.09, 0.09, 0.09], "id": 674, "camera_size": [37, 37], "camera_position": [256, 254], "world_position": [0.705, 0.6448569696296074, -0.15], "world_orientation": [1.0, -4.331917303826236e-17, -1.1712398707441946e-17, 4.331917303826236e-17, 1.0, -5.775889738434995e-17, 1.1712398707441946e-17, 5.775889738434995e-17, 1.0], "world_rotation": [-0.7896765794068324, 0.16013129347666225, -0.5922574345551229, -7.314247236221149e-17]}], "source": "action wait"}
{"timestamp": 1706068067.177515, "objects": [{"color": "cv_", "id_name": "hand", "shape": "CVCylinder", "id_string": "ob383", "world_size": [0.12, 0.005, 0.12], "id": 383, "camera_size": [49, 50], "camera_position": [246, 202], "world_position": [0.8302497601867672, 0.6908498344137772, -0.1740858024928578], "world_orientation": [-9.742859518649098e-06, 0.02397055845224749, 0.9997126648355338, -0.0007602988452838135, -0.9997123761163822, 0.023970544119885546, 0.9999997109253295, -0.0007598468430464691, 2.7964845151981597e-05], "world_rotation": [0.0, 1.0, 0.0, 0.0]}, {"color": "CVRed", "id_name": "object100845096885392", "shape": "CVSphere", "id_string": "ob674", "world_size": [0.09, 0.09, 0.09], "id": 674, "camera_size": [37, 37], "camera_position": [256, 254], "world_position": [0.705, 0.6448569696296074, -0.15], "world_orientation": [1.0, -4.331917303826236e-17, -1.1712398707441946e-17, 4.331917303826236e-17, 1.0, -5.775889738434995e-17, 1.1712398707441946e-17, 5.775889738434995e-17, 1.0], "world_rotation": [-0.7896765794068324, 0.16013129347666225, -0.5922574345551229, -7.314247236221149e-17]}], "source": "action wait"}
{"timestamp": 1706068067.213697, "objects": [{"color": "cv_", "id_name": "hand", "shape": "CVCylinder", "id_string": "ob383", "world_size": [0.12, 0.005, 0.12], "id": 383, "camera_size": [49, 50], "camera_position": [246, 199], "world_position": [0.8386961959181183, 0.6831218261131172, -0.17408947342492467], "world_orientation": [-1.0675781840902956e-05, 0.016384143420298744, 0.999865770856474, -0.0007597714425758734, -0.9998654824587246, 0.01638413058227166, 0.9999997113166497, -0.0007594945457024699, 2.3122550043159118e-05], "world_rotation": [0.0, 1.0, 0.0, 0.0]}, {"color": "CVRed", "id_name": "object100845096885392", "shape": "CVSphere", "id_string": "ob674", "world_size": [0.09, 0.09, 0.09], "id": 674, "camera_size": [37, 37], "camera_position": [256, 254], "world_position": [0.705, 0.6448569696296074, -0.15], "world_orientation": [1.0, -4.331917303826236e-17, -1.1712398707441946e-17, 4.331917303826236e-17, 1.0, -5.775889738434995e-17, 1.1712398707441946e-17, 5.775889738434995e-17, 1.0], "world_rotation": [-0.7896765794068324, 0.16013129347666225, -0.5922574345551229, -7.314247236221149e-17]}], "source": "action wait"}
{"timestamp": 1706068067.249164, "objects": [{"color": "cv_", "id_name": "hand", "shape": "CVCylinder", "id_string": "ob383", "world_size": [0.12, 0.005, 0.12], "id": 383, "camera_size": [49, 49], "camera_position": [246, 197], "world_position": [0.8445918631867072, 0.6776030785329663, -0.17409258549038892], "world_orientation": [-1.0516301787291267e-05, 0.011037177545331652, 0.9999390884455114, -0.0007598240948922966, -0.9999387999402113, 0.0110371663698275, 0.9999997112783344, -0.0007596617426534718, 1.8901971627908695e-05], "world_rotation": [0.0, 1.0, 0.0, 0.0]}, {"color": "CVRed", "id_name": "object100845096885392", "shape": "CVSphere", "id_string": "ob674", "world_size": [0.09, 0.09, 0.09], "id": 674, "camera_size": [37, 37], "camera_position": [256, 254], "world_position": [0.705, 0.6448569696296074, -0.15], "world_orientation": [1.0, -4.331917303826236e-17, -1.1712398707441946e-17, 4.331917303826236e-17, 1.0, -5.775889738434995e-17, 1.1712398707441946e-17, 5.775889738434995e-17, 1.0], "world_rotation": [-0.7896765794068324, 0.16013129347666225, -0.5922574345551229, -7.314247236221149e-17]}], "source": "action wait"}
{"timestamp": 1706068067.290031, "objects": [{"color": "cv_", "id_name": "hand", "shape": "CVCylinder", "id_string": "ob383", "world_size": [0.12, 0.005, 0.12], "id": 383, "camera_size": [49, 49], "camera_position": [246, 196], "world_position": [0.8487183128109471, 0.6736830797380637, -0.17409513719896783], "world_orientation": [-9.864000876381913e-06, 0.007268716620686858, 0.9999735824817522, -0.0007601678031024732, -0.9999732936649497, 0.007268707022810293, 0.9999997110237646, -0.0007600760228235832, 1.538918179035832e-05], "world_rotation": [0.0, 1.0, 0.0, 0.0]}, {"color": "CVRed", "id_name": "object100845096885392", "shape": "CVSphere", "id_string": "ob674", "world_size": [0.09, 0.09, 0.09], "id": 674, "camera_size": [37, 37], "camera_position": [256, 254], "world_position": [0.705, 0.6448569696296074, -0.15], "world_orientation": [1.0, -4.331917303826236e-17, -1.1712398707441946e-17, 4.331917303826236e-17, 1.0, -5.775889738434995e-17, 1.1712398707441946e-17, 5.775889738434995e-17, 1.0], "world_rotation": [-0.7896765794068324, 0.16013129347666225, -0.5922574345551229, -7.314247236221149e-17]}], "source": "action wait"}
{"timestamp": 1706068067.318069, "objects": [{"color": "cv_", "id_name": "hand", "shape": "CVCylinder", "id_string": "ob383", "world_size": [0.12, 0.005, 0.12], "id": 383, "camera_size": [49, 49], "camera_position": [246, 195], "world_position": [0.8516123880112635, 0.6709085101598968, -0.17409718203370816], "world_orientation": [-9.025605302880372e-06, 0.004612757115600446, 0.9999893611385727, -0.0007606226843672442, -0.9999890719405717, 0.004612748916433294, 0.9999997106857935, -0.0007605729593571794, 1.2534074370497403e-05], "world_rotation": [0.0, 1.0, 0.0, 0.0]}, {"color": "CVRed", "id_name": "object100845096885392", "shape": "CVSphere", "id_string": "ob674", "world_size": [0.09, 0.09, 0.09], "id": 674, "camera_size": [37, 37], "camera_position": [256, 254], "world_position": [0.705, 0.6448569696296074, -0.15], "world_orientation": [1.0, -4.331917303826236e-17, -1.1712398707441946e-17, 4.331917303826236e-17, 1.0, -5.775889738434995e-17, 1.1712398707441946e-17, 5.775889738434995e-17, 1.0], "world_rotation": [-0.7896765794068324, 0.16013129347666225, -0.5922574345551229, -7.314247236221149e-17]}], "source": "action wait"}
{"timestamp": 1706068067.344826, "objects": [{"color": "cv_", "id_name": "hand", "shape": "CVCylinder", "id_string": "ob383", "world_size": [0.12, 0.005, 0.12], "id": 383, "camera_size": [49, 49], "camera_position": [246, 194], "world_position": [0.8536452184942488, 0.6689492316321264, -0.17409879383311108], "world_orientation": [-8.182699530589107e-06, 0.0027408385562187098, 0.9999962438614718, -0.0007610871640596638, -0.9999959542862296, 0.0027408315347661125, 0.9999997103396442, -0.0007610618779103163, 1.0268683469991763e-05], "world_rotation": [0.0, 1.0, 0.0, 0.0]}, {"color": "CVRed", "id_name": "object100845096885392", "shape": "CVSphere", "id_string": "ob674", "world_size": [0.09, 0.09, 0.09], "id": 674, "camera_size": [37, 37], "camera_position": [256, 254], "world_position": [0.705, 0.6448569696296074, -0.15], "world_orientation": [1.0, -4.331917303826236e-17, -1.1712398707441946e-17, 4.331917303826236e-17, 1.0, -5.775889738434995e-17, 1.1712398707441946e-17, 5.775889738434995e-17, 1.0], "world_rotation": [-0.7896765794068324, 0.16013129347666225, -0.5922574345551229, -7.314247236221149e-17]}], "source": "action wait"}
{"timestamp": 1706068067.414099, "objects": [{"color": "cv_", "id_name": "hand", "shape": "CVCylinder", "id_string": "ob383", "world_size": [0.12, 0.005, 0.12], "id": 383, "camera_size": [48, 48], "camera_position": [246, 193], "world_position": [0.8550746874308407, 0.6675677591473757, -0.17410004868964454], "world_orientation": [-7.411770512715678e-06, 0.001421477247564749, 0.99999898967324, -0.000761510146394939, -0.9999986997601293, 0.0014214711913156253, 0.9999997100236394, -0.0007614988414029222, 8.494230222891517e-06], "world_rotation": [0.0, 1.0, 0.0, 0.0]}, {"color": "CVRed", "id_name": "object100845096885392", "shape": "CVSphere", "id_string": "ob674", "world_size": [0.09, 0.09, 0.09], "id": 674, "camera_size": [37, 37], "camera_position": [256, 254], "world_position": [0.705, 0.6448569696296074, -0.15], "world_orientation": [1.0, -4.331917303826236e-17, -1.1712398707441946e-17, 4.331917303826236e-17, 1.0, -5.775889738434995e-17, 1.1712398707441946e-17, 5.775889738434995e-17, 1.0], "world_rotation": [-0.7896765794068324, 0.16013129347666225, -0.5922574345551229, -7.314247236221149e-17]}], "source": "action wait"}
{"timestamp": 1706068067.451017, "objects": [{"color": "cv_", "id_name": "hand", "shape": "CVCylinder", "id_string": "ob383", "world_size": [0.12, 0.005, 0.12], "id": 383, "camera_size": [48, 49], "camera_position": [246, 193], "world_position": [0.8567890951420291, 0.6659095190664608, -0.17410175692600321], "world_orientation": [-6.191433629184854e-06, -0.00016393149453042196, 0.9999999865440655, -0.000762166257684124, -0.9999996961137185, -0.0001639361658211866, 0.9999997095320888, -0.0007621672624286835, 6.066488694354735e-06], "world_rotation": [0.0, 1.0, 0.0, 0.0]}, {"color": "CVRed", "id_name": "object100845096885392", "shape": "CVSphere", "id_string": "ob674", "world_size": [0.09, 0.09, 0.09], "id": 674, "camera_size": [37, 37], "camera_position": [256, 254], "world_position": [0.705, 0.6448569696296074, -0.15], "world_orientation": [1.0, -4.331917303826236e-17, -1.1712398707441946e-17, 4.331917303826236e-17, 1.0, -5.775889738434995e-17, 1.1712398707441946e-17, 5.775889738434995e-17, 1.0], "world_rotation": [-0.7896765794068324, 0.16013129347666225, -0.5922574345551229, -7.314247236221149e-17]}], "source": "action wait"}
{"timestamp": 1706068067.483472, "objects": [{"color": "cv_", "id_name": "hand", "shape": "CVCylinder", "id_string": "ob383", "world_size": [0.12, 0.005, 0.12], "id": 383, "camera_size": [48, 48], "camera_position": [246, 192], "world_position": [0.8572881494494732, 0.6654273528499873, -0.17410232018624772], "world_orientation": [-5.741524901546868e-06, -0.0006259598080359214, 0.9999998040706577, -0.0007624007313305086, -0.9999995134569775, -0.000625964003466757, 0.9999997093560377, -0.0007624041759420822, 5.2642898929821134e-06], "world_rotation": [0.0, 1.0, 0.0, 0.0]}, {"color": "CVRed", "id_name": "object100845096885392", "shape": "CVSphere", "id_string": "ob674", "world_size": [0.09, 0.09, 0.09], "id": 674, "camera_size": [37, 37], "camera_position": [256, 254], "world_position": [0.705, 0.6448569696296074, -0.15], "world_orientation": [1.0, -4.331917303826236e-17, -1.1712398707441946e-17, 4.331917303826236e-17, 1.0, -5.775889738434995e-17, 1.1712398707441946e-17, 5.775889738434995e-17, 1.0], "world_rotation": [-0.7896765794068324, 0.16013129347666225, -0.5922574345551229, -7.314247236221149e-17]}], "source": "action wait"}
{"timestamp": 1706068067.512686, "objects": [{"color": "cv_", "id_name": "hand", "shape": "CVCylinder", "id_string": "ob383", "world_size": [0.12, 0.005, 0.12], "id": 383, "camera_size": [48, 48], "camera_position": [246, 192], "world_position": [0.857639832100569, 0.6650880618431348, -0.1741027463844127], "world_orientation": [-5.3832511865485855e-06, -0.0009516418372122464, 0.9999995471743147, -0.0007625829734384205, -0.9999992564185914, -0.000951645665694107, 0.9999997092190723, -0.0007625877510692613, 4.6575413221574326e-06], "world_rotation": [0.0, 1.0, 0.0, 0.0]}, {"color": "CVRed", "id_name": "object100845096885392", "shape": "CVSphere", "id_string": "ob674", "world_size": [0.09, 0.09, 0.09], "id": 674, "camera_size": [37, 37], "camera_position": [256, 254], "world_position": [0.705, 0.6448569696296074, -0.15], "world_orientation": [1.0, -4.331917303826236e-17, -1.1712398707441946e-17, 4.331917303826236e-17, 1.0, -5.775889738434995e-17, 1.1712398707441946e-17, 5.775889738434995e-17, 1.0], "world_rotation": [-0.7896765794068324, 0.16013129347666225, -0.5922574345551229, -7.314247236221149e-17]}], "source": "action wait"}
{"timestamp": 1706068067.545922, "objects": [{"color": "cv_", "id_name": "hand", "shape": "CVCylinder", "id_string": "ob383", "world_size": [0.12, 0.005, 0.12], "id": 383, "camera_size": [48, 48], "camera_position": [246, 192], "world_position": [0.8578877191774564, 0.6648493183085388, -0.17410306745821133], "world_orientation": [-5.102013043851323e-06, -0.0011812194533404442, 0.9999993023470429, -0.0007627223013215938, -0.9999990114829678, -0.0011812230011873516, 0.9999997091142881, -0.0007627277958216647, 4.201065580970626e-06], "world_rotation": [0.0, 1.0, 0.0, 0.0]}, {"color": "CVRed", "id_name": "object100845096885392", "shape": "CVSphere", "id_string": "ob674", "world_size": [0.09, 0.09, 0.09], "id": 674, "camera_size": [37, 37], "camera_position": [256, 254], "world_position": [0.705, 0.6448569696296074, -0.15], "world_orientation": [1.0, -4.331917303826236e-17, -1.1712398707441946e-17, 4.331917303826236e-17, 1.0, -5.775889738434995e-17, 1.1712398707441946e-17, 5.775889738434995e-17, 1.0], "world_rotation": [-0.7896765794068324, 0.16013129347666225, -0.5922574345551229, -7.314247236221149e-17]}], "source": "action wait"}
{"timestamp": 1706068068.863036, "objects": [{"color": "cv_", "id_name": "hand", "shape": "CVCylinder", "id_string": "ob383", "world_size": [0.12, 0.005, 0.12], "id": 383, "camera_size": [48, 49], "camera_position": [246, 192], "world_position": [0.858480449968513, 0.6642818841405257, -0.17410400485734837], "world_orientation": [-4.202967587395028e-06, -0.0017297505161343527, 0.9999985039716245, -0.0007631197307081439, -0.9999982127994405, -0.0017297532198503197, 0.9999997088152635, -0.000763125859156455, 2.8829533281479253e-06], "world_rotation": [0.0, 1.0, 0.0, 0.0]}, {"color": "CVRed", "id_name": "object100845096885392", "shape": "CVSphere", "id_string": "ob674", "world_size": [0.09, 0.09, 0.09], "id": 674, "camera_size": [37, 37], "camera_position": [256, 254], "world_position": [0.705, 0.6448569696296074, -0.15], "world_orientation": [1.0, -4.331917303826236e-17, -1.1712398707441946e-17, 4.331917303826236e-17, 1.0, -5.775889738434995e-17, 1.1712398707441946e-17, 5.775889738434995e-17, 1.0], "world_rotation": [-0.7896765794068324, 0.16013129347666225, -0.5922574345551229, -7.314247236221149e-17]}], "source": "action wait"}
{"timestamp": 1706068068.897615, "objects": [{"color": "cv_", "id_name": "hand", "shape": "CVCylinder", "id_string": "ob383", "world_size": [0.12, 0.005, 0.12], "id": 383, "camera_size": [48, 48], "camera_position": [246, 205], "world_position": [0.8257657735935751, 0.6514730731242155, -0.17408815005224845], "world_orientation": [-4.61090038935745e-05, -0.02263302950020682, 0.9997438391156019, -0.0007600696992531546, -0.9997435506061277, -0.02263305802372631, 0.9999997100839642, -0.0007609185868877022, 2.8894499342419892e-05], "world_rotation": [0.0, 1.0, 0.0, 0.0]}, {"color": "CVRed", "id_name": "object100845096885392", "shape": "CVSphere", "id_string": "ob674", "world_size": [0.09, 0.09, 0.09], "id": 674, "camera_size": [37, 37], "camera_position": [256, 254], "world_position": [0.705, 0.6448569696296074, -0.15], "world_orientation": [1.0, -4.331917303826236e-17, -1.1712398707441946e-17, 4.331917303826236e-17, 1.0, -5.775889738434995e-17, 1.1712398707441946e-17, 5.775889738434995e-17, 1.0], "world_rotation": [-0.7896765794068324, 0.16013129347666225, -0.5922574345551229, -7.314247236221149e-17]}], "source": "action wait"}
{"timestamp": 1706068068.933891, "objects": [{"color": "cv_", "id_name": "hand", "shape": "CVCylinder", "id_string": "ob383", "world_size": [0.12, 0.005, 0.12], "id": 383, "camera_size": [48, 48], "camera_position": [246, 219], "world_position": [0.7916338215084098, 0.6582193663626218, -0.17409751568170967], "world_orientation": [-3.354471180352157e-05, -0.016481417157183573, 0.9998641716569523, -0.0007581145944261093, -0.999863884470487, -0.0164814378574906, 0.9999997120684655, -0.0007585644860603004, 2.1045342963980443e-05], "world_rotation": [0.0, 1.0, 0.0, 0.0]}, {"color": "CVRed", "id_name": "object100845096885392", "shape": "CVSphere", "id_string": "ob674", "world_size": [0.09, 0.09, 0.09], "id": 674, "camera_size": [37, 38], "camera_position": [256, 263], "world_position": [0.6807902790837775, 0.6461854143225259, -0.1500033329688179], "world_orientation": [0.9994698688794601, -0.03255721707555228, 9.390617964282747e-05, 0.032557218294004105, 0.9994698731854157, -1.1475452979615322e-05, -9.348278864524595e-05, 1.452669347465634e-05, 0.9999999955249719], "world_rotation": [0.00039932829885918925, 0.0028778284924690055, 0.9999957793111318, 0.03256310954280457]}], "source": "action wait"}
{"timestamp": 1706068068.959967, "objects": [{"color": "cv_", "id_name": "hand", "shape": "CVCylinder", "id_string": "ob383", "world_size": [0.12, 0.005, 0.12], "id": 383, "camera_size": [48, 49], "camera_position": [246, 229], "world_position": [0.7671006426553135, 0.6616331540415952, -0.17410363002590737], "world_orientation": [-1.732244783803832e-05, -0.012075801485545509, 0.9999270847008869, -0.0007619876031522145, -0.9999267944000874, -0.01207581118012774, 0.9999997095373706, -0.0007621412252078359, 8.11956870809693e-06], "world_rotation": [0.0, 1.0, 0.0, 0.0]}, {"color": "CVRed", "id_name": "object100845096885392", "shape": "CVSphere", "id_string": "ob674", "world_size": [0.09, 0.09, 0.09], "id": 674, "camera_size": [37, 39], "camera_position": [256, 282], "world_position": [0.6358574705600202, 0.6467237126861536, -0.15000356445306126], "world_orientation": [0.9990112066831256, -0.04445896923842383, 9.474060645464828e-05, 0.044458970010170205, 0.9990112111227676, -6.0544405368650405e-06, -9.437775381117931e-05, 1.026052372763755e-05, 0.9999999954937806], "world_rotation": [0.00018348296447609556, 0.0021268816048792133, 0.9999977213517243, 0.0444737303403271]}], "source": "action wait"}
{"timestamp": 1706068068.993846, "objects": [{"color": "cv_", "id_name": "hand", "shape": "CVCylinder", "id_string": "ob383", "world_size": [0.12, 0.005, 0.12], "id": 383, "camera_size": [48, 49], "camera_position": [246, 236], "world_position": [0.7497469265194849, 0.663284927258367, -0.17410669944105364], "world_orientation": [-8.320081916802231e-06, -0.008985201544336482, 0.9999596322272135, -0.0007634503086965607, -0.9999593407882851, -0.008985205277818428, 0.9999997085371588, -0.0007634942475522936, 1.4599887364635572e-06], "world_rotation": [0.0, 1.0, 0.0, 0.0]}, {"color": "CVRed", "id_name": "object100845096885392", "shape": "CVSphere", "id_string": "ob674", "world_size": [0.09, 0.09, 0.09], "id": 674, "camera_size": [37, 39], "camera_position": [256, 298], "world_position": [0.5951551523620894, 0.6440795848352814, -0.15000404089159192], "world_orientation": [0.9998646581191308, 0.016451627959130462, 9.685973370847721e-05, -0.016451627659585733, 0.999864662808037, -3.888554234631949e-06, -9.69105980316699e-05, 2.2945276762092432e-06, 0.9999999953015356], "world_rotation": [0.00018791376321828892, 0.005888990759366072, -0.9999826420874783, 0.016452655631407725]}], "source": "action wait"}
{"timestamp": 1706068069.020491, "objects": [{"color": "cv_", "id_name": "hand", "shape": "CVCylinder", "id_string": "ob383", "world_size": [0.12, 0.005, 0.12], "id": 383, "camera_size": [48, 49], "camera_position": [246, 241], "world_position": [0.7375051313581973, 0.6640789667964799, -0.17410801118500144], "world_orientation": [-3.399247478823801e-06, -0.006816129191034453, 0.9999767699158297, -0.0007638595809892544, -0.9999764781699134, -0.006816129799018122, 0.9999997082534502, -0.000763865006179288, -1.8073980651663839e-06], "world_rotation": [0.0, 1.0, 0.0, 0.0]}, {"color": "CVRed", "id_name": "object100845096885392", "shape": "CVSphere", "id_string": "ob674", "world_size": [0.09, 0.09, 0.09], "id": 674, "camera_size": [37, 39], "camera_position": [256, 310], "world_position": [0.5667390589943734, 0.6449253461207767, -0.15000400697194635], "world_orientation": [0.9999948935152738, -0.003194297435841655, 9.699107089221412e-05, 0.003194297724920939, 0.999994898214016, -2.8257098868883614e-06, -9.698154990668183e-05, 3.135513814535557e-06, 0.9999999952923739], "world_rotation": [0.0009326737911471674, 0.030348329249252064, 0.9995389482313226, 0.0031957764359858425]}], "source": "action wait"}
{"timestamp": 1706068069.056729, "objects": [{"color": "cv_", "id_name": "hand", "shape": "CVCylinder", "id_string": "ob383", "world_size": [0.12, 0.005, 0.12], "id": 383, "camera_size": [48, 48], "camera_position": [246, 244], "world_position": [0.728879903738746, 0.6644584433070045, -0.17410834199876882], "world_orientation": [-9.812947650299157e-07, -0.00529299559929189, 0.9999859920001994, -0.000763855163169819, -0.9999857002634026, -0.005292994804685867, 0.9999997082621209, -0.0007638496570753227, -3.0618012840146503e-06], "world_rotation": [0.0, 1.0, 0.0, 0.0]}, {"color": "CVRed", "id_name": "object100845096885392", "shape": "CVSphere", "id_string": "ob674", "world_size": [0.09, 0.09, 0.09], "id": 674, "camera_size": [37, 39], "camera_position": [256, 318], "world_position": [0.5452273473460738, 0.6444584801434613, -0.15000409779495233], "world_orientation": [0.9999771148835079, 0.006764633043743971, 9.720616984822154e-05, -0.00676463287756114, 0.9999771196071826, -2.0382754897248886e-06, -9.72177339186012e-05, 1.3806647910949607e-06, 0.999999995273403], "world_rotation": [0.0002526809078647569, 0.0143691332633135, -0.9998967267481277, 0.006765383247394129]}], "source": "action wait"}
{"timestamp": 1706068069.092983, "objects": [{"color": "cv_", "id_name": "hand", "shape": "CVCylinder", "id_string": "ob383", "world_size": [0.12, 0.005, 0.12], "id": 383, "camera_size": [48, 49], "camera_position": [246, 247], "world_position": [0.7228060120773878, 0.6646389043849781, -0.17410815760314788], "world_orientation": [-2.0647656228738761e-07, -0.004222985722445006, 0.9999910831560178, -0.0007637183328237361, -0.9999907915250851, -0.004222984648571753, 0.9999997083670902, -0.0007637123948142303, -3.018696954166782e-06], "world_rotation": [0.0, 1.0, 0.0, 0.0]}, {"color": "CVRed", "id_name": "object100845096885392", "shape": "CVSphere", "id_string": "ob674", "world_size": [0.09, 0.09, 0.09], "id": 674, "camera_size": [37, 40], "camera_position": [256, 322], "world_position": [0.5342094181236479, 0.6447891583576125, -0.1500041056004974], "world_orientation": [0.9999996715771734, -0.0008046079870074526, 9.721899271533881e-05, 0.0008046081005576722, 0.9999996763022129, -1.1288779595966042e-06, -9.721805294154319e-05, 1.2071007779239264e-06, 0.9999999952735967], "world_rotation": [0.0014411421131146442, 0.11995460846666407, 0.9927783312588059, 0.0008104610128289427]}], "source": "action wait"}
{"timestamp": 1706068069.12676, "objects": [{"color": "cv_", "id_name": "hand", "shape": "CVCylinder", "id_string": "ob383", "world_size": [0.12, 0.005, 0.12], "id": 383, "camera_size": [48, 48], "camera_position": [246, 248], "world_position": [0.7185295474765337, 0.6647245040288342, -0.17410773279820432], "world_orientation": [-1.5568806039846372e-07, -0.0034710388460081746, 0.999993975926508, -0.0007635651372926994, -0.9999936844119617, -0.003471037953022091, 0.999999708484086, -0.000763561077919724, -2.4946771754983e-06], "world_rotation": [0.0, 1.0, 0.0, 0.0]}, {"color": "CVRed", "id_name": "object100845096885392", "shape": "CVSphere", "id_string": "ob674", "world_size": [0.09, 0.09, 0.09], "id": 674, "camera_size": [37, 40], "camera_position": [256, 323], "world_position": [0.5322780258742513, 0.6448456533810897, -0.1500041241827412], "world_orientation": [0.9999975727354796, -0.0022011522986370323, 9.721989274028253e-05, 0.0022011523654424155, 0.9999975774610295, -5.801648691606947e-07, -9.721838019006833e-05, 7.941592578159374e-07, 0.9999999952739781], "world_rotation": [0.00031187880811383813, 0.04412436311267791, 0.99902599731514, 0.0022033001332132486]}], "source": "action wait"}
