{"timestamp": 1706031254.820905, "objects": [{"color": "cv_", "id_name": "hand", "shape": "CVCylinder", "id_string": "ob382", "world_size": [0.12, 0.005, 0.12], "id": 382, "camera_size": [48, 50], "camera_position": [246, 426], "world_position": [0.2676445155400319, 0.6334703013847337, -0.17389260400847809], "world_orientation": [-0.0006415511872774955, 0.19791547486655525, 0.9802188802611487, -0.0007473675324031132, -0.980218903124939, 0.19791499033249937, 0.9999995149268053, -0.0006056111687281769, 0.0007767762011674865], "world_rotation": [0.0, 1.0, 0.0, 0.0]}, {"color": "CVYellow", "id_name": "object177832132781396", "shape": "CVCone", "id_string": "ob1128", "world_size": [0.11, 0.11, 0.11], "id": 1128, "camera_size": [45, 45], "camera_position": [256, 254], "world_position": [0.705, 0.654738849708696, -0.15], "world_orientation": [1.0, -5.1619362862653347e-17, 1.4541359828532488e-17, 5.1619362862653347e-17, 1.0, 2.3824321321224633e-17, -1.4541359828532488e-17, -2.3824321321224633e-17, 1.0], "world_rotation": [-0.4059884517598224, 0.2477982093873522, 0.8796416454796148, 5.868226354211375e-17]}], "source": "manual check"}
{"timestamp": 1706031255.846974, "objects": [{"color": "cv_", "id_name": "hand", "shape": "CVCylinder", "id_string": "ob382", "world_size": [0.12, 0.005, 0.12], "id": 382, "camera_size": [48, 50], "camera_position": [246, 426], "world_position": [0.2676445155400319, 0.6334703013847337, -0.17389260400847809], "world_orientation": [-0.0006415511872774955, 0.19791547486655525, 0.9802188802611487, -0.0007473675324031132, -0.980218903124939, 0.19791499033249937, 0.9999995149268053, -0.0006056111687281769, 0.0007767762011674865], "world_rotation": [0.0, 1.0, 0.0, 0.0]}, {"color": "CVYellow", "id_name": "object177832132781396", "shape": "CVCone", "id_string": "ob1128", "world_size": [0.11, 0.11, 0.11], "id": 1128, "camera_size": [45, 45], "camera_position": [256, 254], "world_position": [0.705, 0.6547388572526824, -0.15], "world_orientation": [1.0, -3.838362879530641e-17, 1.4813540171849057e-17, 3.838362879530641e-17, 1.0, 5.294293626938881e-18, -1.4813540171849057e-17, -5.294293626938881e-18, 1.0], "world_rotation": [-0.1276280613210114, 0.35710588544125776, 0.925303444577321, 4.1482206750932463e-17]}], "source": "manual check"}
{"timestamp": 1706031258.664029, "objects": [{"color": "cv_", "id_name": "hand", "shape": "CVCylinder", "id_string": "ob382", "world_size": [0.12, 0.005, 0.12], "id": 382, "camera_size": [48, 50], "camera_position": [246, 426], "world_position": [0.2676445155400319, 0.6334703013847337, -0.17389260400847809], "world_orientation": [-0.0006415511872774955, 0.19791547486655525, 0.9802188802611487, -0.0007473675324031132, -0.980218903124939, 0.19791499033249937, 0.9999995149268053, -0.0006056111687281769, 0.0007767762011674865], "world_rotation": [0.0, 1.0, 0.0, 0.0]}, {"color": "CVYellow", "id_name": "object177832132781396", "shape": "CVCone", "id_string": "ob1128", "world_size": [0.11, 0.11, 0.11], "id": 1128, "camera_size": [45, 45], "camera_position": [256, 254], "world_position": [0.705, 0.6547388572526824, -0.15], "world_orientation": [1.0, -3.838362879530641e-17, 1.4813540171849057e-17, 3.838362879530641e-17, 1.0, 5.294293626938881e-18, -1.4813540171849057e-17, -5.294293626938881e-18, 1.0], "world_rotation": [-0.1276280613210114, 0.35710588544125776, 0.925303444577321, 4.1482206750932463e-17]}], "source": "action wait"}
{"timestamp": 1706031258.70319, "objects": [{"color": "cv_", "id_name": "hand", "shape": "CVCylinder", "id_string": "ob382", "world_size": [0.12, 0.005, 0.12], "id": 382, "camera_size": [49, 51], "camera_position": [246, 421], "world_position": [0.2916574432087733, 0.6683012207321053, -0.17395584458110971], "world_orientation": [-0.0003788361100093291, 0.2032156172763414, 0.9791339384262999, -0.0007138468684483662, -0.9791338141708711, 0.20321531529353515, 0.9999996734528719, -0.0006219663961972926, 0.0005159960773520387], "world_rotation": [0.0, 1.0, 0.0, 0.0]}, {"color": "CVYellow", "id_name": "object177832132781396", "shape": "CVCone", "id_string": "ob1128", "world_size": [0.11, 0.11, 0.11], "id": 1128, "camera_size": [45, 45], "camera_position": [256, 254], "world_position": [0.705, 0.6547388572526824, -0.15], "world_orientation": [1.0, -3.838362879530641e-17, 1.4813540171849057e-17, 3.838362879530641e-17, 1.0, 5.294293626938881e-18, -1.4813540171849057e-17, -5.294293626938881e-18, 1.0], "world_rotation": [-0.1276280613210114, 0.35710588544125776, 0.925303444577321, 4.1482206750932463e-17]}], "source": "action wait"}
{"timestamp": 1706031258.762279, "objects": [{"color": "cv_", "id_name": "hand", "shape": "CVCylinder", "id_string": "ob382", "world_size": [0.12, 0.005, 0.12], "id": 382, "camera_size": [51, 53], "camera_position": [246, 388], "world_position": [0.3889228937835614, 0.7404411419835178, -0.17400416877284072], "world_orientation": [-0.00011050943132441543, 0.18988481918617583, 0.9818063674830689, -0.0007407103364225732, -0.9818061196862973, 0.18988468788908192, 0.9999997195678924, -0.0007062500758846618, 0.00024914848425872224], "world_rotation": [0.0, 1.0, 0.0, 0.0]}, {"color": "CVYellow", "id_name": "object177832132781396", "shape": "CVCone", "id_string": "ob1128", "world_size": [0.11, 0.11, 0.11], "id": 1128, "camera_size": [45, 45], "camera_position": [256, 254], "world_position": [0.705, 0.6547388572526824, -0.15], "world_orientation": [1.0, -3.838362879530641e-17, 1.4813540171849057e-17, 3.838362879530641e-17, 1.0, 5.294293626938881e-18, -1.4813540171849057e-17, -5.294293626938881e-18, 1.0], "world_rotation": [-0.1276280613210114, 0.35710588544125776, 0.925303444577321, 4.1482206750932463e-17]}], "source": "action wait"}
{"timestamp": 1706031258.793855, "objects": [{"color": "cv_", "id_name": "hand", "shape": "CVCylinder", "id_string": "ob382", "world_size": [0.12, 0.005, 0.12], "id": 382, "camera_size": [52, 53], "camera_position": [245, 367], "world_position": [0.44324127815340836, 0.7686745192873352, -0.17402274929584988], "world_orientation": [-3.609723483319316e-05, 0.18596035979382272, 0.9825572468219557, -0.0007479518739420296, -0.9825569776458151, 0.18596028137082352, 0.9999997196324528, -0.0007281928820698023, 0.00017455698954622277], "world_rotation": [0.0, 1.0, 0.0, 0.0]}, {"color": "CVYellow", "id_name": "object177832132781396", "shape": "CVCone", "id_string": "ob1128", "world_size": [0.11, 0.11, 0.11], "id": 1128, "camera_size": [45, 45], "camera_position": [256, 254], "world_position": [0.705, 0.6547388572526824, -0.15], "world_orientation": [1.0, -3.838362879530641e-17, 1.4813540171849057e-17, 3.838362879530641e-17, 1.0, 5.294293626938881e-18, -1.4813540171849057e-17, -5.294293626938881e-18, 1.0], "world_rotation": [-0.1276280613210114, 0.35710588544125776, 0.925303444577321, 4.1482206750932463e-17]}], "source": "action wait"}
{"timestamp": 1706031258.823884, "objects": [{"color": "cv_", "id_name": "hand", "shape": "CVCylinder", "id_string": "ob382", "world_size": [0.12, 0.005, 0.12], "id": 382, "camera_size": [53, 54], "camera_position": [245, 343], "world_position": [0.5003670935997814, 0.7912764543842297, -0.17403896102495622], "world_orientation": [1.6187524655289722e-05, 0.18318818679050577, 0.9830778646467282, -0.0007528112219654081, -0.9830775839758592, 0.18318814688579593, 0.9999997165065738, -0.0007430374112164279, 0.00012199253011914104], "world_rotation": [0.0, 1.0, 0.0, 0.0]}, {"color": "CVYellow", "id_name": "object177832132781396", "shape": "CVCone", "id_string": "ob1128", "world_size": [0.11, 0.11, 0.11], "id": 1128, "camera_size": [45, 45], "camera_position": [256, 254], "world_position": [0.705, 0.6547388572526824, -0.15], "world_orientation": [1.0, -3.838362879530641e-17, 1.4813540171849057e-17, 3.838362879530641e-17, 1.0, 5.294293626938881e-18, -1.4813540171849057e-17, -5.294293626938881e-18, 1.0], "world_rotation": [-0.1276280613210114, 0.35710588544125776, 0.925303444577321, 4.1482206750932463e-17]}], "source": "action wait"}
{"timestamp": 1706031258.855298, "objects": [{"color": "cv_", "id_name": "hand", "shape": "CVCylinder", "id_string": "ob382", "world_size": [0.12, 0.005, 0.12], "id": 382, "camera_size": [54, 54], "camera_position": [245, 318], "world_position": [0.5596438795261467, 0.808015955347613, -0.17405265518300242], "world_orientation": [5.2810669085485324e-05, 0.18122857487944516, 0.9834410001917748, -0.0007561305051358392, -0.9834407131933459, 0.18122856259547687, 0.9999997127388051, -0.0007531805418946638, 8.509629179941982e-05], "world_rotation": [0.0, 1.0, 0.0, 0.0]}, {"color": "CVYellow", "id_name": "object177832132781396", "shape": "CVCone", "id_string": "ob1128", "world_size": [0.11, 0.11, 0.11], "id": 1128, "camera_size": [45, 45], "camera_position": [256, 254], "world_position": [0.705, 0.6547388572526824, -0.15], "world_orientation": [1.0, -3.838362879530641e-17, 1.4813540171849057e-17, 3.838362879530641e-17, 1.0, 5.294293626938881e-18, -1.4813540171849057e-17, -5.294293626938881e-18, 1.0], "world_rotation": [-0.1276280613210114, 0.35710588544125776, 0.925303444577321, 4.1482206750932463e-17]}], "source": "action wait"}
{"timestamp": 1706031258.887237, "objects": [{"color": "cv_", "id_name": "hand", "shape": "CVCylinder", "id_string": "ob382", "world_size": [0.12, 0.005, 0.12], "id": 382, "camera_size": [54, 54], "camera_position": [245, 291], "world_position": [0.6205709089146484, 0.8141953301545689, -0.17406326798696833], "world_orientation": [7.419623227323212e-05, 0.17337567628202707, 0.9848557606922289, -0.000764304501438064, -0.9848554659138172, 0.17337568196926398, 0.9999997051667306, -0.0007655935135344837, 5.943924491813983e-05], "world_rotation": [0.0, 1.0, 0.0, 0.0]}, {"color": "CVYellow", "id_name": "object177832132781396", "shape": "CVCone", "id_string": "ob1128", "world_size": [0.11, 0.11, 0.11], "id": 1128, "camera_size": [45, 45], "camera_position": [256, 254], "world_position": [0.705, 0.6547388572526824, -0.15], "world_orientation": [1.0, -3.838362879530641e-17, 1.4813540171849057e-17, 3.838362879530641e-17, 1.0, 5.294293626938881e-18, -1.4813540171849057e-17, -5.294293626938881e-18, 1.0], "world_rotation": [-0.1276280613210114, 0.35710588544125776, 0.925303444577321, 4.1482206750932463e-17]}], "source": "action wait"}
{"timestamp": 1706031258.922163, "objects": [{"color": "cv_", "id_name": "hand", "shape": "CVCylinder", "id_string": "ob382", "world_size": [0.12, 0.005, 0.12], "id": 382, "camera_size": [53, 53], "camera_position": [245, 264], "world_position": [0.6826715719890895, 0.7958587729836635, -0.17407096073657596], "world_orientation": [6.710081094683471e-05, 0.139824093462025, 0.9901763572137057, -0.0007772605117819533, -0.9901760530507494, 0.139824103183022, 0.9999996956817429, -0.0007790072928761089, 4.223813030431163e-05], "world_rotation": [0.0, 1.0, 0.0, 0.0]}, {"color": "CVYellow", "id_name": "object177832132781396", "shape": "CVCone", "id_string": "ob1128", "world_size": [0.11, 0.11, 0.11], "id": 1128, "camera_size": [45, 45], "camera_position": [256, 254], "world_position": [0.705, 0.6547388572526824, -0.15], "world_orientation": [1.0, -3.838362879530641e-17, 1.4813540171849057e-17, 3.838362879530641e-17, 1.0, 5.294293626938881e-18, -1.4813540171849057e-17, -5.294293626938881e-18, 1.0], "world_rotation": [-0.1276280613210114, 0.35710588544125776, 0.925303444577321, 4.1482206750932463e-17]}], "source": "action wait"}
{"timestamp": 1706031258.958471, "objects": [{"color": "cv_", "id_name": "hand", "shape": "CVCylinder", "id_string": "ob382", "world_size": [0.12, 0.005, 0.12], "id": 382, "camera_size": [52, 52], "camera_position": [245, 239], "world_position": [0.737026572371119, 0.76567573785577, -0.17407267086750952], "world_orientation": [3.5733245404415076e-05, 0.09827142446132033, 0.9951596484270643, -0.0007769613748708129, -0.9951593459605126, 0.09827142249131769, 0.999999697527033, -0.0007767121655142996, 4.0792827934674675e-05], "world_rotation": [0.0, 1.0, 0.0, 0.0]}, {"color": "CVYellow", "id_name": "object177832132781396", "shape": "CVCone", "id_string": "ob1128", "world_size": [0.11, 0.11, 0.11], "id": 1128, "camera_size": [45, 45], "camera_position": [256, 254], "world_position": [0.705, 0.6547388572526824, -0.15], "world_orientation": [1.0, -3.838362879530641e-17, 1.4813540171849057e-17, 3.838362879530641e-17, 1.0, 5.294293626938881e-18, -1.4813540171849057e-17, -5.294293626938881e-18, 1.0], "world_rotation": [-0.1276280613210114, 0.35710588544125776, 0.925303444577321, 4.1482206750932463e-17]}], "source": "action wait"}
{"timestamp": 1706031258.9926, "objects": [{"color": "cv_", "id_name": "hand", "shape": "CVCylinder", "id_string": "ob382", "world_size": [0.12, 0.005, 0.12], "id": 382, "camera_size": [51, 51], "camera_position": [246, 224], "world_position": [0.7744115202915878, 0.740845529218878, -0.17407410157709105], "world_orientation": [1.15565561428964e-05, 0.06880142271508782, 0.9976303744868766, -0.0007702306284159262, -0.9976300780163214, 0.06880141119139882, 0.9999997033055685, -0.0007692005776393277, 4.146379504770251e-05], "world_rotation": [0.0, 1.0, 0.0, 0.0]}, {"color": "CVYellow", "id_name": "object177832132781396", "shape": "CVCone", "id_string": "ob1128", "world_size": [0.11, 0.11, 0.11], "id": 1128, "camera_size": [45, 45], "camera_position": [256, 254], "world_position": [0.705, 0.6547388572526824, -0.15], "world_orientation": [1.0, -3.838362879530641e-17, 1.4813540171849057e-17, 3.838362879530641e-17, 1.0, 5.294293626938881e-18, -1.4813540171849057e-17, -5.294293626938881e-18, 1.0], "world_rotation": [-0.1276280613210114, 0.35710588544125776, 0.925303444577321, 4.1482206750932463e-17]}], "source": "action wait"}
{"timestamp": 1706031259.026865, "objects": [{"color": "cv_", "id_name": "hand", "shape": "CVCylinder", "id_string": "ob382", "world_size": [0.12, 0.005, 0.12], "id": 382, "camera_size": [51, 51], "camera_position": [246, 214], "world_position": [0.8000786576168808, 0.7216955338248445, -0.17407764428888378], "world_orientation": [-1.4208580540575033e-06, 0.047994499058984806, 0.9988476000161678, -0.0007651997256124902, -0.9988473076413875, 0.04799448392191987, 0.9999997072336378, -0.0007642497161123804, 3.814459775306128e-05], "world_rotation": [0.0, 1.0, 0.0, 0.0]}, {"color": "CVYellow", "id_name": "object177832132781396", "shape": "CVCone", "id_string": "ob1128", "world_size": [0.11, 0.11, 0.11], "id": 1128, "camera_size": [45, 45], "camera_position": [256, 254], "world_position": [0.705, 0.6547388572526824, -0.15], "world_orientation": [1.0, -3.838362879530641e-17, 1.4813540171849057e-17, 3.838362879530641e-17, 1.0, 5.294293626938881e-18, -1.4813540171849057e-17, -5.294293626938881e-18, 1.0], "world_rotation": [-0.1276280613210114, 0.35710588544125776, 0.925303444577321, 4.1482206750932463e-17]}], "source": "action wait"}
{"timestamp": 1706031259.056772, "objects": [{"color": "cv_", "id_name": "hand", "shape": "CVCylinder", "id_string": "ob382", "world_size": [0.12, 0.005, 0.12], "id": 382, "camera_size": [50, 50], "camera_position": [245, 206], "world_position": [0.8182205329087208, 0.712994288309532, -0.174122181023765], "world_orientation": [1.0033655601404828e-05, 0.04086197120293252, 0.9991648008255378, -0.000776082850688148, -0.9991644996568241, 0.0408619666797558, 0.9999996987973221, -0.0007758446618331562, 2.168700261758487e-05], "world_rotation": [0.0, 1.0, 0.0, 0.0]}, {"color": "CVYellow", "id_name": "object177832132781396", "shape": "CVCone", "id_string": "ob1128", "world_size": [0.11, 0.11, 0.11], "id": 1128, "camera_size": [45, 49], "camera_position": [256, 252], "world_position": [0.7092466187636723, 0.6555921313118156, -0.15002047283840989], "world_orientation": [0.9969974799616169, 0.07743400037497061, 2.3154145002818487e-05, -0.07743400338920556, 0.9969973974803259, 0.00040563108556032515, 8.325015322685573e-06, -0.0004062060882403615, 0.9999999174636508], "world_rotation": [-0.005242051269418491, 9.575203079231847e-05, -0.9999862557705668, 0.07751266161302395]}], "source": "action wait"}
{"timestamp": 1706031259.088342, "objects": [{"color": "cv_", "id_name": "hand", "shape": "CVCylinder", "id_string": "ob382", "world_size": [0.12, 0.005, 0.12], "id": 382, "camera_size": [49, 50], "camera_position": [246, 201], "world_position": [0.8308185444471649, 0.7054037382633558, -0.17414930049115387], "world_orientation": [1.5526055356379864e-05, 0.03422072896296831, 0.9994142992113855, -0.0007886335594926078, -0.9994139881234751, 0.03422073056261875, 0.9999996889079769, -0.0007887029691522834, 1.1470658387326234e-05], "world_rotation": [0.0, 1.0, 0.0, 0.0]}, {"color": "CVYellow", "id_name": "object177832132781396", "shape": "CVCone", "id_string": "ob1128", "world_size": [0.11, 0.11, 0.11], "id": 1128, "camera_size": [46, 53], "camera_position": [255, 250], "world_position": [0.7143918427608621, 0.6586483536764829, -0.15002903019547548], "world_orientation": [0.9867144740917784, 0.16246397707075852, 5.265109012892971e-05, -0.16246398035685244, 0.9867143080653502, 0.0005738865094055911, 4.1284300739834606e-05, -0.0005748160309889777, 0.9999998339410547], "world_rotation": [-0.003535230918886888, 3.498227250633702e-05, -0.9999937504397669, 0.16318832612098888]}], "source": "action wait"}
{"timestamp": 1706031259.119429, "objects": [{"color": "cv_", "id_name": "hand", "shape": "CVCylinder", "id_string": "ob382", "world_size": [0.12, 0.005, 0.12], "id": 382, "camera_size": [49, 50], "camera_position": [246, 198], "world_position": [0.8397435399071346, 0.7009195339694763, -0.17417209420681548], "world_orientation": [2.1931133847823376e-05, 0.030877226344474606, 0.9995231845296525, -0.00080366685255363, -0.9995228614395296, 0.03087723399732245, 0.9999996768192556, -0.0008039608245173356, 2.8943336540215657e-06], "world_rotation": [0.0, 1.0, 0.0, 0.0]}, {"color": "CVYellow", "id_name": "object177832132781396", "shape": "CVCone", "id_string": "ob1128", "world_size": [0.11, 0.11, 0.11], "id": 1128, "camera_size": [47, 56], "camera_position": [256, 247], "world_position": [0.7199353315236344, 0.6602494986100536, -0.15004322569879405], "world_orientation": [0.9689917340500918, 0.24709311743414533, 0.00010324374992657887, -0.24709311653522073, 0.9689913831682165, 0.0008313282495597665, 0.00010537318474996447, -0.0008310610220378869, 0.9999996491169733], "world_rotation": [0.0033638732764793085, 4.308947981544104e-06, 0.9999943421530008, -0.2496806402428535]}], "source": "action wait"}
{"timestamp": 1706031259.152114, "objects": [{"color": "cv_", "id_name": "hand", "shape": "CVCylinder", "id_string": "ob382", "world_size": [0.12, 0.005, 0.12], "id": 382, "camera_size": [49, 49], "camera_position": [246, 196], "world_position": [0.845952004379318, 0.6967946262687085, -0.17418782259016502], "world_orientation": [2.2562061653969702e-05, 0.027273623796157234, 0.999628005277953, -0.0008128166162943511, -0.999627674819618, 0.027273633125650416, 0.9999996694099962, -0.0008131296021955618, -3.852066218460399e-07], "world_rotation": [0.0, 1.0, 0.0, 0.0]}, {"color": "CVYellow", "id_name": "object177832132781396", "shape": "CVCone", "id_string": "ob1128", "world_size": [0.11, 0.11, 0.11], "id": 1128, "camera_size": [47, 58], "camera_position": [256, 245], "world_position": [0.7241272745979536, 0.6608280762477989, -0.1500544751168191], "world_orientation": [0.9517402412425109, 0.3069046926583616, 0.00015107588776531083, -0.3069046807859563, 0.95173969547721, 0.0010339074514226626, 0.0001735261292003561, -0.0010303772243485023, 0.99999945410558], "world_rotation": [0.003363052260215212, 3.657505967402522e-05, 0.9999943442548862, -0.31194087645348484]}], "source": "action wait"}
{"timestamp": 1706031259.186547, "objects": [{"color": "cv_", "id_name": "hand", "shape": "CVCylinder", "id_string": "ob382", "world_size": [0.12, 0.005, 0.12], "id": 382, "camera_size": [49, 50], "camera_position": [246, 194], "world_position": [0.8503212341530505, 0.6937192802017542, -0.1741966594410621], "world_orientation": [2.130762009900798e-05, 0.02456698296050785, 0.9996981859012267, -0.0008184107765258599, -0.9996978509026782, 0.02456699217177054, 0.9999996648748369, -0.0008186872327514434, -1.1952984188495651e-06], "world_rotation": [0.0, 1.0, 0.0, 0.0]}, {"color": "CVYellow", "id_name": "object177832132781396", "shape": "CVCone", "id_string": "ob1128", "world_size": [0.11, 0.11, 0.11], "id": 1128, "camera_size": [47, 60], "camera_position": [256, 244], "world_position": [0.727252537291345, 0.6612209613118905, -0.1500616893403244], "world_orientation": [0.9369452477811157, 0.3494761245971157, 0.0002024770727915642, -0.34947611282247104, 0.9369445338804934, 0.0011777087758713123, 0.00022187131230734072, -0.0011742095411576092, 0.9999992860022824], "world_rotation": [0.003364900883503773, 2.774743204685787e-05, 0.9999943383200348, -0.3570140195341216]}], "source": "action wait"}
{"timestamp": 1706031259.222045, "objects": [{"color": "cv_", "id_name": "hand", "shape": "CVCylinder", "id_string": "ob382", "world_size": [0.12, 0.005, 0.12], "id": 382, "camera_size": [49, 49], "camera_position": [246, 193], "world_position": [0.8534060849013111, 0.6915143845784056, -0.17420207980486838], "world_orientation": [1.9776727947216603e-05, 0.022644033402678277, 0.9997435908072326, -0.0008218442281267442, -0.999743253007268, 0.02264404200912148, 0.9999996620904159, -0.0008220813247704226, -1.1617821779366457e-06], "world_rotation": [0.0, 1.0, 0.0, 0.0]}, {"color": "CVYellow", "id_name": "object177832132781396", "shape": "CVCone", "id_string": "ob1128", "world_size": [0.11, 0.11, 0.11], "id": 1128, "camera_size": [47, 60], "camera_position": [256, 243], "world_position": [0.7295489990335653, 0.6615339421629312, -0.15006689109801102], "world_orientation": [0.9250780110034927, 0.37977705430899766, 0.0002501563565745467, -0.37977704785141175, 0.9250771433461271, 0.0012933614481311548, 0.00025977507319821286, -0.001291463878546912, 0.9999991323186045], "world_rotation": [0.003403062865245871, 1.2663562607299612e-05, 0.9999942094846197, -0.3895576562484738]}], "source": "action wait"}
{"timestamp": 1706031259.256192, "objects": [{"color": "cv_", "id_name": "hand", "shape": "CVCylinder", "id_string": "ob382", "world_size": [0.12, 0.005, 0.12], "id": 382, "camera_size": [49, 49], "camera_position": [246, 192], "world_position": [0.8555877365954696, 0.6899587442164983, -0.1742071070939285], "world_orientation": [1.9177911386418384e-05, 0.02130603520646138, 0.9997730004836043, -0.0008239522918929486, -0.9997726609590946, 0.02130604377616995, 0.9999996603673567, -0.0008241738605410506, -1.6183949585184834e-06], "world_rotation": [0.0, 1.0, 0.0, 0.0]}, {"color": "CVYellow", "id_name": "object177832132781396", "shape": "CVCone", "id_string": "ob1128", "world_size": [0.11, 0.11, 0.11], "id": 1128, "camera_size": [47, 61], "camera_position": [256, 243], "world_position": [0.7312185704288792, 0.6617940088022942, -0.15007120564268844], "world_orientation": [0.9159217157377679, 0.4013568470157183, 0.0003033044423897069, -0.401356860233831, 0.9159206857025206, 0.0014029417184889782, 0.0002852774518293488, -0.001406718104571023, 0.9999989698799443], "world_rotation": [-0.003500180183776225, 2.2457421576312724e-05, -0.9999938740984093, 0.413000458257127]}], "source": "action wait"}
{"timestamp": 1706031259.288974, "objects": [{"color": "cv_", "id_name": "hand", "shape": "CVCylinder", "id_string": "ob382", "world_size": [0.12, 0.005, 0.12], "id": 382, "camera_size": [49, 49], "camera_position": [246, 192], "world_position": [0.8570083055972786, 0.6879060945062265, -0.17421296951942322], "world_orientation": [1.9097281413703454e-05, 0.018996676962768015, 0.9998195466681306, -0.0008254663135080638, -0.9998192059150884, 0.01899668625543234, 0.9999996591202716, -0.0008256801404251508, -3.4127118364190243e-06], "world_rotation": [0.0, 1.0, 0.0, 0.0]}, {"color": "CVYellow", "id_name": "object177832132781396", "shape": "CVCone", "id_string": "ob1128", "world_size": [0.11, 0.11, 0.11], "id": 1128, "camera_size": [47, 62], "camera_position": [256, 242], "world_position": [0.7316805874201509, 0.6628215265946481, -0.15007320257129825], "world_orientation": [0.8978351129602209, 0.44033159495637864, 0.0004431916957572219, -0.44033174161515787, 0.8978339096507068, 0.0014926511609808291, 0.0002593489335017457, -0.0015353059949915803, 0.9999987877860815], "world_rotation": [-0.0034382482688055833, 0.00020875363371987126, -0.9999940674177836, 0.4559709583992793]}], "source": "action wait"}
{"timestamp": 1706031259.319606, "objects": [{"color": "cv_", "id_name": "hand", "shape": "CVCylinder", "id_string": "ob382", "world_size": [0.12, 0.005, 0.12], "id": 382, "camera_size": [49, 49], "camera_position": [246, 192], "world_position": [0.8575758434890894, 0.6831881953528619, -0.17419605831379992], "world_orientation": [1.3060771552345393e-05, 0.012970342519679542, 0.999915881484207, -0.0008152297565695903, -0.9999155491595088, 0.012970348857377469, 0.999999667614875, -0.0008153305834161757, -2.48585938388524e-06], "world_rotation": [0.0, 1.0, 0.0, 0.0]}, {"color": "CVYellow", "id_name": "object177832132781396", "shape": "CVCone", "id_string": "ob1128", "world_size": [0.11, 0.11, 0.11], "id": 1128, "camera_size": [47, 65], "camera_position": [256, 244], "world_position": [0.7290283590323544, 0.6678426316493254, -0.1500589220073578], "world_orientation": [0.8216985078281428, 0.5699220240317887, 0.0006698929117086999, -0.569922394990743, 0.8216975753682144, 0.0012483276865934902, 0.00016100006049089033, -0.0014075359699827728, 0.9999989964602334], "world_rotation": [-0.002330016393679701, 0.0004464569116821503, -0.999997185845956, 0.6064131336438401]}], "source": "action wait"}
{"timestamp": 1706031259.349822, "objects": [{"color": "cv_", "id_name": "hand", "shape": "CVCylinder", "id_string": "ob382", "world_size": [0.12, 0.005, 0.12], "id": 382, "camera_size": [49, 49], "camera_position": [246, 192], "world_position": [0.8578991736435616, 0.6795964881493087, -0.17416442667062768], "world_orientation": [6.725958669141397e-06, 0.008639483854911166, 0.9999626789403104, -0.00079719212961699, -0.9999623611707678, 0.008639486471525707, 0.9999996822196845, -0.0007972204863912309, 1.616230214906745e-07], "world_rotation": [0.0, 1.0, 0.0, 0.0]}, {"color": "CVYellow", "id_name": "object177832132781396", "shape": "CVCone", "id_string": "ob1128", "world_size": [0.11, 0.11, 0.11], "id": 1128, "camera_size": [47, 66], "camera_position": [256, 244], "world_position": [0.7266654295117458, 0.6719969831456646, -0.15002459212189925], "world_orientation": [0.7433889854914457, 0.6688580809602263, 0.0012976071064957702, -0.6688591802413222, 0.7433887488018311, 0.0007517724088012942, -0.0004617974726645749, -0.0014267757538253293, 0.9999988755263891], "world_rotation": [-0.001628552948072635, 0.0013152261507909332, -0.9999978089953335, 0.7326743379726476]}], "source": "action wait"}
{"timestamp": 1706031259.381481, "objects": [{"color": "cv_", "id_name": "hand", "shape": "CVCylinder", "id_string": "ob382", "world_size": [0.12, 0.005, 0.12], "id": 382, "camera_size": [49, 49], "camera_position": [246, 192], "world_position": [0.8581465541409904, 0.677261433912664, -0.17416044234444056], "world_orientation": [6.899803385720199e-06, 0.005643365461466973, 0.9999840760625446, -0.0007940026789565849, -0.9999837608402737, 0.005643369161074138, 0.9999996847560196, -0.0007940289734455903, -2.4188440436000147e-06], "world_rotation": [0.0, 1.0, 0.0, 0.0]}, {"color": "CVYellow", "id_name": "object177832132781396", "shape": "CVCone", "id_string": "ob1128", "world_size": [0.11, 0.11, 0.11], "id": 1128, "camera_size": [47, 67], "camera_position": [256, 245], "world_position": [0.7258518402392501, 0.672368554684233, -0.15002019100253666], "world_orientation": [0.7186226556663647, 0.695398099794955, 0.0017209196922940522, -0.695399813247531, 0.7186227320337978, 0.0006846455869091761, -0.0007605907707174712, -0.0016887290624902117, 0.9999982848464457], "world_rotation": [-0.0017064789885176, 0.00178422966891779, -0.9999969522223308, 0.7689778684278735]}], "source": "action wait"}
{"timestamp": 1706031259.417062, "objects": [{"color": "cv_", "id_name": "hand", "shape": "CVCylinder", "id_string": "ob382", "world_size": [0.12, 0.005, 0.12], "id": 382, "camera_size": [49, 49], "camera_position": [246, 192], "world_position": [0.8583750479397748, 0.6757305222386165, -0.17416568006940367], "world_orientation": [5.967271995436639e-06, 0.0035593514902192633, 0.9999936654706173, -0.0007963363061362959, -0.9999933483977095, 0.0035593551136240595, 0.9999996829063893, -0.0007963525013610321, -3.1327914852333633e-06], "world_rotation": [0.0, 1.0, 0.0, 0.0]}, {"color": "CVYellow", "id_name": "object177832132781396", "shape": "CVCone", "id_string": "ob1128", "world_size": [0.11, 0.11, 0.11], "id": 1128, "camera_size": [47, 67], "camera_position": [256, 245], "world_position": [0.7260298914090482, 0.6717122973055961, -0.15002412801891615], "world_orientation": [0.7169282922550332, 0.6971447162928951, 0.0017516589795562377, -0.6971465439131809, 0.7169282447695101, 0.0007669169555859035, -0.000721161694225859, -0.0017709874669817511, 0.99999817176293], "world_rotation": [-0.0018202052178078853, 0.0017735266360297283, -0.9999967707229042, 0.771411507883534]}], "source": "action wait"}
{"timestamp": 1706031259.453466, "objects": [{"color": "cv_", "id_name": "hand", "shape": "CVCylinder", "id_string": "ob382", "world_size": [0.12, 0.005, 0.12], "id": 382, "camera_size": [49, 49], "camera_position": [246, 192], "world_position": [0.8585381188544894, 0.6746581564425589, -0.17416868741694355], "world_orientation": [4.843593669335003e-06, 0.00209127328623045, 0.9999978132739002, -0.0007983086521065854, -0.999997494629838, 0.002091276486548691, 0.9999996813398672, -0.0007983170357181322, -3.174099975630516e-06], "world_rotation": [0.0, 1.0, 0.0, 0.0]}, {"color": "CVYellow", "id_name": "object177832132781396", "shape": "CVCone", "id_string": "ob1128", "world_size": [0.11, 0.11, 0.11], "id": 1128, "camera_size": [47, 67], "camera_position": [256, 245], "world_position": [0.7261549412238308, 0.6712390082448866, -0.150026275494588], "world_orientation": [0.7157004884972507, 0.6984050809102891, 0.0017758725994529811, -0.6984069944319832, 0.715700346740965, 0.0008269240269891074, -0.0006934646932202879, -0.0018321117747442874, 0.9999980812347414], "world_rotation": [-0.0019036396345962496, 0.0017678319105200028, -0.9999966254575451, 0.7731712303134084]}], "source": "action wait"}
{"timestamp": 1706031259.494178, "objects": [{"color": "cv_", "id_name": "hand", "shape": "CVCylinder", "id_string": "ob382", "world_size": [0.12, 0.005, 0.12], "id": 382, "camera_size": [49, 49], "camera_position": [246, 192], "world_position": [0.8586619263889582, 0.6739120503205303, -0.17417157001906297], "world_orientation": [4.174819793005329e-06, 0.0010581392792070674, 0.9999994401617618, -0.0008000590809706616, -0.9999991201198033, 0.0010581422806626283, 0.9999996799439678, -0.0008000630506207083, -3.328242180062958e-06], "world_rotation": [0.0, 1.0, 0.0, 0.0]}, {"color": "CVYellow", "id_name": "object177832132781396", "shape": "CVCone", "id_string": "ob1128", "world_size": [0.11, 0.11, 0.11], "id": 1128, "camera_size": [47, 66], "camera_position": [256, 244], "world_position": [0.7262443104120505, 0.6708654157675018, -0.15002791380612357], "world_orientation": [0.7147810054244756, 0.6993460239218148, 0.0018036377475251237, -0.6993480268396407, 0.7147807765822938, 0.0008824873451768286, -0.0006720415738384139, -0.0018921556917250587, 0.9999979840514488], "world_rotation": [-0.001983731345481492, 0.0017699872040595236, -0.9999964659713784, 0.7744870162307953]}], "source": "action wait"}
{"timestamp": 1706031259.527935, "objects": [{"color": "cv_", "id_name": "hand", "shape": "CVCylinder", "id_string": "ob382", "world_size": [0.12, 0.005, 0.12], "id": 382, "camera_size": [49, 49], "camera_position": [246, 192], "world_position": [0.8587507743752789, 0.6733894130827591, -0.1741738873812292], "world_orientation": [2.8634651981488414e-06, 0.0003304765821030119, 0.9999999453885131, -0.000801415494175454, -0.9999996242584233, 0.0003304787708028845, 0.9999996788624516, -0.0008014163967237825, -2.5986150685316165e-06], "world_rotation": [0.0, 1.0, 0.0, 0.0]}, {"color": "CVYellow", "id_name": "object177832132781396", "shape": "CVCone", "id_string": "ob1128", "world_size": [0.11, 0.11, 0.11], "id": 1128, "camera_size": [47, 66], "camera_position": [256, 244], "world_position": [0.7263060009159211, 0.6705935167901699, -0.15002903716833674], "world_orientation": [0.7141057780846226, 0.7000354158596935, 0.0018314607016888108, -0.7000375051657173, 0.7141054695889608, 0.0009325580347369351, -0.0006550324527528469, -0.0019480362614241746, 0.9999978880413749], "world_rotation": [-0.002057452589190495, 0.0017759674749853438, -0.9999963064073644, 0.7754521736526556]}], "source": "action wait"}
{"timestamp": 1706031261.771447, "objects": [{"color": "cv_", "id_name": "hand", "shape": "CVCylinder", "id_string": "ob382", "world_size": [0.12, 0.005, 0.12], "id": 382, "camera_size": [49, 49], "camera_position": [246, 192], "world_position": [0.8589317436562167, 0.6721414242494484, -0.1741641396252327], "world_orientation": [5.903041434286752e-07, -0.0014051730346700839, 0.9999990127437098, -0.000805526605653416, -0.9999986883082637, -0.001405172103275279, 0.999999675563217, -0.0008055249809136586, -1.7222076337452283e-06], "world_rotation": [0.0, 1.0, 0.0, 0.0]}, {"color": "CVYellow", "id_name": "object177832132781396", "shape": "CVCone", "id_string": "ob1128", "world_size": [0.11, 0.11, 0.11], "id": 1128, "camera_size": [47, 66], "camera_position": [256, 244], "world_position": [0.7262373166252187, 0.6699525014645514, -0.14999916926643375], "world_orientation": [0.7104518851016249, 0.703741728955491, 0.002387023729211539, -0.7037456530871219, 0.7104496875599944, 0.0018158212705921169, -0.0004179910621759773, -0.002969911217948228, 0.9999955024453009], "world_rotation": [-0.0034001692529971135, 0.0019929081014695206, -0.9999922335530161, 0.7806609680142519]}], "source": "action wait"}
{"timestamp": 1706031261.799692, "objects": [{"color": "cv_", "id_name": "hand", "shape": "CVCylinder", "id_string": "ob382", "world_size": [0.12, 0.005, 0.12], "id": 382, "camera_size": [49, 49], "camera_position": [246, 203], "world_position": [0.8306613744906137, 0.672781100308311, -0.1741055078398247], "world_orientation": [-5.4593516506204334e-05, -0.0023069095565989013, 0.9999973375903787, -0.00080617462969166, -0.9999970140211134, -0.002306952822176527, 0.999999673550954, -0.000806298427991905, 5.273358153396801e-05], "world_rotation": [0.0, 1.0, 0.0, 0.0]}, {"color": "CVYellow", "id_name": "object177832132781396", "shape": "CVCone", "id_string": "ob1128", "world_size": [0.11, 0.11, 0.11], "id": 1128, "camera_size": [47, 66], "camera_position": [256, 256], "world_position": [0.6994422112507581, 0.6692454766788631, -0.14998124813501781], "world_orientation": [0.7305448088016173, 0.6828623658525248, 0.0018087662372894633, -0.6828647348658239, 0.7305429557637899, 0.001656399871227754, -0.00019028829841079178, -0.0024452170042860264, 0.9999969923475598], "world_rotation": [-0.0030032310132997713, 0.0014637209571507213, -0.9999944190466468, 0.7516804470563092]}], "source": "action wait"}
{"timestamp": 1706031261.836374, "objects": [{"color": "cv_", "id_name": "hand", "shape": "CVCylinder", "id_string": "ob382", "world_size": [0.12, 0.005, 0.12], "id": 382, "camera_size": [49, 48], "camera_position": [246, 217], "world_position": [0.7950279782648816, 0.6754216898176536, -0.17411126629951174], "world_orientation": [-3.7266448501233126e-05, -0.002074833696449034, 0.9999978468358539, -0.0007940248095498475, -0.9999975322317806, -0.002074862634244531, 0.9999996840678569, -0.0007941004226459693, 3.561888710598779e-05], "world_rotation": [0.0, 1.0, 0.0, 0.0]}, {"color": "CVYellow", "id_name": "object177832132781396", "shape": "CVCone", "id_string": "ob1128", "world_size": [0.11, 0.11, 0.11], "id": 1128, "camera_size": [47, 66], "camera_position": [256, 271], "world_position": [0.6632921269181032, 0.6712766204620868, -0.1499842996482377], "world_orientation": [0.72633677925646, 0.6873315850007458, -0.0031898839657610316, -0.6873306695134158, 0.726342999126209, 0.001548666065871204, 0.0033813969882475962, 0.001067651959427976, 0.9999937131170884], "world_rotation": [0.0003499103722739845, 0.004780232708633648, 0.9999885134030203, -0.7578191128067266]}], "source": "action wait"}
{"timestamp": 1706031261.873739, "objects": [{"color": "cv_", "id_name": "hand", "shape": "CVCylinder", "id_string": "ob382", "world_size": [0.12, 0.005, 0.12], "id": 382, "camera_size": [49, 49], "camera_position": [246, 228], "world_position": [0.7696083789595617, 0.6759340632917265, -0.17412428105844116], "world_orientation": [-2.1205183473558972e-05, -0.0018548346974253819, 0.999998279567813, -0.0007933427447509823, -0.9999979650655749, -0.001854850937081732, 0.9999996850787654, -0.000793380712313387, 1.9733620672854437e-05], "world_rotation": [0.0, 1.0, 0.0, 0.0]}, {"color": "CVYellow", "id_name": "object177832132781396", "shape": "CVCone", "id_string": "ob1128", "world_size": [0.11, 0.11, 0.11], "id": 1128, "camera_size": [47, 66], "camera_position": [256, 282], "world_position": [0.6377150668241346, 0.6717513973439659, -0.1499916315098569], "world_orientation": [0.7260793393995951, 0.6875412485256159, -0.009788997542392458, -0.6875628559071288, 0.7261233405370189, 0.001487784995627836, 0.008130933149422322, 0.005650301159921136, 0.9999509798099715], "world_rotation": [-0.0030267844308127676, 0.013030524105709393, 0.9999105180052563, -0.7581971852912494]}], "source": "action wait"}
{"timestamp": 1706031261.909221, "objects": [{"color": "cv_", "id_name": "hand", "shape": "CVCylinder", "id_string": "ob382", "world_size": [0.12, 0.005, 0.12], "id": 382, "camera_size": [49, 49], "camera_position": [246, 235], "world_position": [0.7516687546341754, 0.6755962427072124, -0.1741229070435514], "world_orientation": [-1.8200733600073648e-05, -0.001699455864754264, 0.9999985557582056, -0.00079551655198858, -0.999998239476347, -0.0016994698062518226, 0.9999996834110244, -0.000795546334667896, 1.6848756287831892e-05], "world_rotation": [0.0, 1.0, 0.0, 0.0]}, {"color": "CVYellow", "id_name": "object177832132781396", "shape": "CVCone", "id_string": "ob1128", "world_size": [0.11, 0.11, 0.11], "id": 1128, "camera_size": [47, 67], "camera_position": [256, 290], "world_position": [0.6199055266724712, 0.6714596877610428, -0.149992748137824], "world_orientation": [0.7277269023672175, 0.6857646397507547, -0.01184965984878138, -0.6857996681161044, 0.7277889419666722, 0.0014391535265198287, 0.009610972003669456, 0.007079182053697862, 0.9999287546613487], "world_rotation": [-0.004111575774942492, 0.015644781513834846, 0.9998691593183735, -0.7558011368919126]}], "source": "action wait"}
