{"timestamp": 1706068137.271052, "objects": [{"color": "cv_", "id_name": "hand", "shape": "CVCylinder", "id_string": "ob383", "world_size": [0.12, 0.005, 0.12], "id": 383, "camera_size": [48, 50], "camera_position": [246, 426], "world_position": [0.26764451554001367, 0.6334703013847305, -0.173892604008478], "world_orientation": [-0.0006415511620852725, 0.19791547486656988, 0.9802188802611621, -0.0007473675273163157, -0.980218903124936, 0.19791499033253324, 0.9999995149268253, -0.0006056111687279091, 0.0007767761754668462], "world_rotation": [0.0, 1.0, 0.0, 0.0]}, {"color": "CVBlue", "id_name": "object196087317437897", "shape": "CVCylinder", "id_string": "ob723", "world_size": [0.09, 0.09, 0.09], "id": 723, "camera_size": [37, 37], "camera_position": [256, 254], "world_position": [0.705, 0.6448569688034415, -0.15], "world_orientation": [1.0, -4.331917303826236e-17, -1.1145299254015867e-17, 4.331917303826236e-17, 1.0, -6.858869064391556e-17, 1.1145299254015867e-17, 6.858869064391556e-17, 1.0], "world_rotation": [-0.8376206800956648, 0.13610892777476608, -0.5290235874288397, -8.188514476037296e-17]}], "source": "manual check"}
{"timestamp": 1706068138.281336, "objects": [{"color": "cv_", "id_name": "hand", "shape": "CVCylinder", "id_string": "ob383", "world_size": [0.12, 0.005, 0.12], "id": 383, "camera_size": [48, 50], "camera_position": [246, 426], "world_position": [0.26764451554001367, 0.6334703013847305, -0.173892604008478], "world_orientation": [-0.0006415511620852725, 0.19791547486656988, 0.9802188802611621, -0.0007473675273163157, -0.980218903124936, 0.19791499033253324, 0.9999995149268253, -0.0006056111687279091, 0.0007767761754668462], "world_rotation": [0.0, 1.0, 0.0, 0.0]}, {"color": "CVBlue", "id_name": "object196087317437897", "shape": "CVCylinder", "id_string": "ob723", "world_size": [0.09, 0.09, 0.09], "id": 723, "camera_size": [37, 37], "camera_position": [256, 254], "world_position": [0.705, 0.6448569696296074, -0.15], "world_orientation": [1.0, -4.331917303826236e-17, -1.1712398707441946e-17, 4.331917303826236e-17, 1.0, -5.775889738434995e-17, 1.1712398707441946e-17, 5.775889738434995e-17, 1.0], "world_rotation": [-0.7896765794068324, 0.16013129347666225, -0.5922574345551229, -7.314247236221149e-17]}], "source": "manual check"}
{"timestamp": 1706068140.41738, "objects": [{"color": "cv_", "id_name": "hand", "shape": "CVCylinder", "id_string": "ob383", "world_size": [0.12, 0.005, 0.12], "id": 383, "camera_size": [48, 50], "camera_position": [246, 426], "world_position": [0.26764451554001367, 0.6334703013847305, -0.173892604008478], "world_orientation": [-0.0006415511620852725, 0.19791547486656988, 0.9802188802611621, -0.0007473675273163157, -0.980218903124936, 0.19791499033253324, 0.9999995149268253, -0.0006056111687279091, 0.0007767761754668462], "world_rotation": [0.0, 1.0, 0.0, 0.0]}, {"color": "CVBlue", "id_name": "object196087317437897", "shape": "CVCylinder", "id_string": "ob723", "world_size": [0.09, 0.09, 0.09], "id": 723, "camera_size": [37, 37], "camera_position": [256, 254], "world_position": [0.705, 0.6448569696296074, -0.15], "world_orientation": [1.0, -4.331917303826236e-17, -1.1712398707441946e-17, 4.331917303826236e-17, 1.0, -5.775889738434995e-17, 1.1712398707441946e-17, 5.775889738434995e-17, 1.0], "world_rotation": [-0.7896765794068324, 0.16013129347666225, -0.5922574345551229, -7.314247236221149e-17]}], "source": "action wait"}
{"timestamp": 1706068140.451563, "objects": [{"color": "cv_", "id_name": "hand", "shape": "CVCylinder", "id_string": "ob383", "world_size": [0.12, 0.005, 0.12], "id": 383, "camera_size": [49, 51], "camera_position": [246, 421], "world_position": [0.2918204392729611, 0.6684266882773625, -0.1739557490184323], "world_orientation": [-0.000377694329195008, 0.20471289125378225, 0.9788219907120553, -0.0007134866394172821, -0.9788218665528164, 0.20471258997647437, 0.9999996741418514, -0.0006210576283922209, 0.0005157553811155593], "world_rotation": [0.0, 1.0, 0.0, 0.0]}, {"color": "CVBlue", "id_name": "object196087317437897", "shape": "CVCylinder", "id_string": "ob723", "world_size": [0.09, 0.09, 0.09], "id": 723, "camera_size": [37, 37], "camera_position": [256, 254], "world_position": [0.705, 0.6448569696296074, -0.15], "world_orientation": [1.0, -4.331917303826236e-17, -1.1712398707441946e-17, 4.331917303826236e-17, 1.0, -5.775889738434995e-17, 1.1712398707441946e-17, 5.775889738434995e-17, 1.0], "world_rotation": [-0.7896765794068324, 0.16013129347666225, -0.5922574345551229, -7.314247236221149e-17]}], "source": "action wait"}
{"timestamp": 1706068140.4876, "objects": [{"color": "cv_", "id_name": "hand", "shape": "CVCylinder", "id_string": "ob383", "world_size": [0.12, 0.005, 0.12], "id": 383, "camera_size": [51, 52], "camera_position": [246, 405], "world_position": [0.33835688973030237, 0.707151103857203, -0.17398349074785752], "world_orientation": [-0.00021417539460257703, 0.19811337583738767, 0.9801790879442462, -0.0007291528363663831, -0.9801788808009357, 0.19811317464511663, 0.9999997112324792, -0.000672269394766258, 0.00035438512849103235], "world_rotation": [0.0, 1.0, 0.0, 0.0]}, {"color": "CVBlue", "id_name": "object196087317437897", "shape": "CVCylinder", "id_string": "ob723", "world_size": [0.09, 0.09, 0.09], "id": 723, "camera_size": [37, 37], "camera_position": [256, 254], "world_position": [0.705, 0.6448569696296074, -0.15], "world_orientation": [1.0, -4.331917303826236e-17, -1.1712398707441946e-17, 4.331917303826236e-17, 1.0, -5.775889738434995e-17, 1.1712398707441946e-17, 5.775889738434995e-17, 1.0], "world_rotation": [-0.7896765794068324, 0.16013129347666225, -0.5922574345551229, -7.314247236221149e-17]}], "source": "action wait"}
{"timestamp": 1706068140.514829, "objects": [{"color": "cv_", "id_name": "hand", "shape": "CVCylinder", "id_string": "ob383", "world_size": [0.12, 0.005, 0.12], "id": 383, "camera_size": [51, 53], "camera_position": [246, 388], "world_position": [0.3892816554396588, 0.7408518296394438, -0.17400405475598515], "world_orientation": [-0.00010781176513038097, 0.19338718707162456, 0.9811225123567127, -0.0007400623412784876, -0.9811222648119085, 0.193387056955947, 0.9999997203421382, -0.0007052424236122388, 0.00024889509761600405], "world_rotation": [0.0, 1.0, 0.0, 0.0]}, {"color": "CVBlue", "id_name": "object196087317437897", "shape": "CVCylinder", "id_string": "ob723", "world_size": [0.09, 0.09, 0.09], "id": 723, "camera_size": [37, 37], "camera_position": [256, 254], "world_position": [0.705, 0.6448569696296074, -0.15], "world_orientation": [1.0, -4.331917303826236e-17, -1.1712398707441946e-17, 4.331917303826236e-17, 1.0, -5.775889738434995e-17, 1.1712398707441946e-17, 5.775889738434995e-17, 1.0], "world_rotation": [-0.7896765794068324, 0.16013129347666225, -0.5922574345551229, -7.314247236221149e-17]}], "source": "action wait"}
{"timestamp": 1706068140.543649, "objects": [{"color": "cv_", "id_name": "hand", "shape": "CVCylinder", "id_string": "ob383", "world_size": [0.12, 0.005, 0.12], "id": 383, "camera_size": [52, 53], "camera_position": [245, 367], "world_position": [0.4436587322464075, 0.7691676328571573, -0.17402264368492004], "world_orientation": [-3.2938241015630815e-05, 0.1900498951147419, 0.9817744324853586, -0.000747259014144432, -0.9817741635861958, 0.19004981799147175, 0.99999972025948, -0.0007273798878215259, 0.00017435441128524302], "world_rotation": [0.0, 1.0, 0.0, 0.0]}, {"color": "CVBlue", "id_name": "object196087317437897", "shape": "CVCylinder", "id_string": "ob723", "world_size": [0.09, 0.09, 0.09], "id": 723, "camera_size": [37, 37], "camera_position": [256, 254], "world_position": [0.705, 0.6448569696296074, -0.15], "world_orientation": [1.0, -4.331917303826236e-17, -1.1712398707441946e-17, 4.331917303826236e-17, 1.0, -5.775889738434995e-17, 1.1712398707441946e-17, 5.775889738434995e-17, 1.0], "world_rotation": [-0.7896765794068324, 0.16013129347666225, -0.5922574345551229, -7.314247236221149e-17]}], "source": "action wait"}
{"timestamp": 1706068140.572482, "objects": [{"color": "cv_", "id_name": "hand", "shape": "CVCylinder", "id_string": "ob383", "world_size": [0.12, 0.005, 0.12], "id": 383, "camera_size": [53, 54], "camera_position": [245, 343], "world_position": [0.5008263940861398, 0.7918274025579078, -0.17403886431515006], "world_orientation": [1.967228843902317e-05, 0.18769249057553847, 0.9822278394520043, -0.0007520900871264058, -0.9822275590716211, 0.18769245206109458, 0.999999716986711, -0.0007424161614064835, 0.00012183899773554026], "world_rotation": [0.0, 1.0, 0.0, 0.0]}, {"color": "CVBlue", "id_name": "object196087317437897", "shape": "CVCylinder", "id_string": "ob723", "world_size": [0.09, 0.09, 0.09], "id": 723, "camera_size": [37, 37], "camera_position": [256, 254], "world_position": [0.705, 0.6448569696296074, -0.15], "world_orientation": [1.0, -4.331917303826236e-17, -1.1712398707441946e-17, 4.331917303826236e-17, 1.0, -5.775889738434995e-17, 1.1712398707441946e-17, 5.775889738434995e-17, 1.0], "world_rotation": [-0.7896765794068324, 0.16013129347666225, -0.5922574345551229, -7.314247236221149e-17]}], "source": "action wait"}
{"timestamp": 1706068140.6066, "objects": [{"color": "cv_", "id_name": "hand", "shape": "CVCylinder", "id_string": "ob383", "world_size": [0.12, 0.005, 0.12], "id": 383, "camera_size": [54, 54], "camera_position": [245, 318], "world_position": [0.560132918127328, 0.8086075262108465, -0.17405256504903663], "world_orientation": [5.652530250420553e-05, 0.18602576547370778, 0.9825448648203355, -0.0007553899768338852, -0.982544578119979, 0.18602575464976845, 0.9999997130953955, -0.0007527197047303299, 8.498336917001675e-05], "world_rotation": [0.0, 1.0, 0.0, 0.0]}, {"color": "CVBlue", "id_name": "object196087317437897", "shape": "CVCylinder", "id_string": "ob723", "world_size": [0.09, 0.09, 0.09], "id": 723, "camera_size": [37, 37], "camera_position": [256, 254], "world_position": [0.705, 0.6448569696296074, -0.15], "world_orientation": [1.0, -4.331917303826236e-17, -1.1712398707441946e-17, 4.331917303826236e-17, 1.0, -5.775889738434995e-17, 1.1712398707441946e-17, 5.775889738434995e-17, 1.0], "world_rotation": [-0.7896765794068324, 0.16013129347666225, -0.5922574345551229, -7.314247236221149e-17]}], "source": "action wait"}
{"timestamp": 1706068140.640897, "objects": [{"color": "cv_", "id_name": "hand", "shape": "CVCylinder", "id_string": "ob383", "world_size": [0.12, 0.005, 0.12], "id": 383, "camera_size": [54, 54], "camera_position": [245, 291], "world_position": [0.6211067085239838, 0.8141759966761148, -0.17406309395321673], "world_orientation": [7.750072198929708e-05, 0.17747671996154302, 0.9841249960575792, -0.0007644025881002466, -0.984124700981322, 0.17747672694499186, 0.9999997048411172, -0.0007660222684753796, 5.9393289213015704e-05], "world_rotation": [0.0, 1.0, 0.0, 0.0]}, {"color": "CVBlue", "id_name": "object196087317437897", "shape": "CVCylinder", "id_string": "ob723", "world_size": [0.09, 0.09, 0.09], "id": 723, "camera_size": [37, 37], "camera_position": [256, 254], "world_position": [0.705, 0.6448569696296074, -0.15], "world_orientation": [1.0, -4.331917303826236e-17, -1.1712398707441946e-17, 4.331917303826236e-17, 1.0, -5.775889738434995e-17, 1.1712398707441946e-17, 5.775889738434995e-17, 1.0], "world_rotation": [-0.7896765794068324, 0.16013129347666225, -0.5922574345551229, -7.314247236221149e-17]}], "source": "action wait"}
{"timestamp": 1706068140.682409, "objects": [{"color": "cv_", "id_name": "hand", "shape": "CVCylinder", "id_string": "ob383", "world_size": [0.12, 0.005, 0.12], "id": 383, "camera_size": [53, 53], "camera_position": [245, 263], "world_position": [0.6832340772542641, 0.7948364349655693, -0.17407080303521508], "world_orientation": [6.928810817218985e-05, 0.1426726298689662, 0.98976993078464, -0.0007772245300745207, -0.9897696265280859, 0.14267264042024144, 0.9999996955605477, -0.0007791589866789309, 4.230940275638998e-05], "world_rotation": [0.0, 1.0, 0.0, 0.0]}, {"color": "CVBlue", "id_name": "object196087317437897", "shape": "CVCylinder", "id_string": "ob723", "world_size": [0.09, 0.09, 0.09], "id": 723, "camera_size": [37, 37], "camera_position": [256, 254], "world_position": [0.705, 0.6448569696296074, -0.15], "world_orientation": [1.0, -4.331917303826236e-17, -1.1712398707441946e-17, 4.331917303826236e-17, 1.0, -5.775889738434995e-17, 1.1712398707441946e-17, 5.775889738434995e-17, 1.0], "world_rotation": [-0.7896765794068324, 0.16013129347666225, -0.5922574345551229, -7.314247236221149e-17]}], "source": "action wait"}
{"timestamp": 1706068140.718, "objects": [{"color": "cv_", "id_name": "hand", "shape": "CVCylinder", "id_string": "ob383", "world_size": [0.12, 0.005, 0.12], "id": 383, "camera_size": [52, 52], "camera_position": [245, 239], "world_position": [0.7374979470517563, 0.7639791921963219, -0.17407250471130598], "world_orientation": [3.7166952755530235e-05, 0.10029061116652767, 0.9949581860211322, -0.0007768403500954241, -0.9949578835934801, 0.100290609701275, 0.9999996975687983, -0.0007766511619118885, 4.093024083702706e-05], "world_rotation": [0.0, 1.0, 0.0, 0.0]}, {"color": "CVBlue", "id_name": "object196087317437897", "shape": "CVCylinder", "id_string": "ob723", "world_size": [0.09, 0.09, 0.09], "id": 723, "camera_size": [37, 37], "camera_position": [256, 254], "world_position": [0.705, 0.6448569696296074, -0.15], "world_orientation": [1.0, -4.331917303826236e-17, -1.1712398707441946e-17, 4.331917303826236e-17, 1.0, -5.775889738434995e-17, 1.1712398707441946e-17, 5.775889738434995e-17, 1.0], "world_rotation": [-0.7896765794068324, 0.16013129347666225, -0.5922574345551229, -7.314247236221149e-17]}], "source": "action wait"}
{"timestamp": 1706068140.75092, "objects": [{"color": "cv_", "id_name": "hand", "shape": "CVCylinder", "id_string": "ob383", "world_size": [0.12, 0.005, 0.12], "id": 383, "camera_size": [51, 51], "camera_position": [246, 224], "world_position": [0.7747778887847618, 0.738681043076967, -0.17407393950299452], "world_orientation": [1.2532536254080791e-05, 0.07022938539564379, 0.9975308683293393, -0.0007700833701084525, -0.9975305719477773, 0.07022937420441433, 0.9999997034072253, -0.0007690620850489267, 4.158089372902213e-05], "world_rotation": [0.0, 1.0, 0.0, 0.0]}, {"color": "CVBlue", "id_name": "object196087317437897", "shape": "CVCylinder", "id_string": "ob723", "world_size": [0.09, 0.09, 0.09], "id": 723, "camera_size": [37, 37], "camera_position": [256, 254], "world_position": [0.705, 0.6448569696296074, -0.15], "world_orientation": [1.0, -4.331917303826236e-17, -1.1712398707441946e-17, 4.331917303826236e-17, 1.0, -5.775889738434995e-17, 1.1712398707441946e-17, 5.775889738434995e-17, 1.0], "world_rotation": [-0.7896765794068324, 0.16013129347666225, -0.5922574345551229, -7.314247236221149e-17]}], "source": "action wait"}
{"timestamp": 1706068140.779558, "objects": [{"color": "cv_", "id_name": "hand", "shape": "CVCylinder", "id_string": "ob383", "world_size": [0.12, 0.005, 0.12], "id": 383, "camera_size": [51, 51], "camera_position": [246, 214], "world_position": [0.8003519209428817, 0.7192056032738514, -0.1740774813744867], "world_orientation": [-7.576569531603884e-07, 0.04900308872784292, 0.9987986269987345, -0.000765051348967013, -0.9987983347271835, 0.049003073808063825, 0.999999707347887, -0.0007640951094125298, 3.8246625638279146e-05], "world_rotation": [0.0, 1.0, 0.0, 0.0]}, {"color": "CVBlue", "id_name": "object196087317437897", "shape": "CVCylinder", "id_string": "ob723", "world_size": [0.09, 0.09, 0.09], "id": 723, "camera_size": [37, 37], "camera_position": [256, 254], "world_position": [0.705, 0.6448569696296074, -0.15], "world_orientation": [1.0, -4.331917303826236e-17, -1.1712398707441946e-17, 4.331917303826236e-17, 1.0, -5.775889738434995e-17, 1.1712398707441946e-17, 5.775889738434995e-17, 1.0], "world_rotation": [-0.7896765794068324, 0.16013129347666225, -0.5922574345551229, -7.314247236221149e-17]}], "source": "action wait"}
{"timestamp": 1706068140.812414, "objects": [{"color": "cv_", "id_name": "hand", "shape": "CVCylinder", "id_string": "ob383", "world_size": [0.12, 0.005, 0.12], "id": 383, "camera_size": [49, 50], "camera_position": [246, 207], "world_position": [0.8179820278417649, 0.7047054564882574, -0.1740816849383853], "world_orientation": [-7.398571485919417e-06, 0.03403060946267359, 0.999420791040921, -0.000761976308068794, -0.9994205011242808, 0.034030593950112854, 0.9999997096686416, -0.0007612831867828546, 3.332480218213679e-05], "world_rotation": [0.0, 1.0, 0.0, 0.0]}, {"color": "CVBlue", "id_name": "object196087317437897", "shape": "CVCylinder", "id_string": "ob723", "world_size": [0.09, 0.09, 0.09], "id": 723, "camera_size": [37, 37], "camera_position": [256, 254], "world_position": [0.705, 0.6448569696296074, -0.15], "world_orientation": [1.0, -4.331917303826236e-17, -1.1712398707441946e-17, 4.331917303826236e-17, 1.0, -5.775889738434995e-17, 1.1712398707441946e-17, 5.775889738434995e-17, 1.0], "world_rotation": [-0.7896765794068324, 0.16013129347666225, -0.5922574345551229, -7.314247236221149e-17]}], "source": "action wait"}
{"timestamp": 1706068140.844022, "objects": [{"color": "cv_", "id_name": "hand", "shape": "CVCylinder", "id_string": "ob383", "world_size": [0.12, 0.005, 0.12], "id": 383, "camera_size": [49, 50], "camera_position": [246, 202], "world_position": [0.8301959656998968, 0.694126377625988, -0.1740857961430788], "world_orientation": [-1.027022540137357e-05, 0.023474672462043645, 0.9997244318547597, -0.000760422222349823, -0.9997241430494669, 0.023474657868705225, 0.9999997108262413, -0.0007599715841812383, 2.81180548912072e-05], "world_rotation": [0.0, 1.0, 0.0, 0.0]}, {"color": "CVBlue", "id_name": "object196087317437897", "shape": "CVCylinder", "id_string": "ob723", "world_size": [0.09, 0.09, 0.09], "id": 723, "camera_size": [37, 37], "camera_position": [256, 254], "world_position": [0.705, 0.6448569696296074, -0.15], "world_orientation": [1.0, -4.331917303826236e-17, -1.1712398707441946e-17, 4.331917303826236e-17, 1.0, -5.775889738434995e-17, 1.1712398707441946e-17, 5.775889738434995e-17, 1.0], "world_rotation": [-0.7896765794068324, 0.16013129347666225, -0.5922574345551229, -7.314247236221149e-17]}], "source": "action wait"}
{"timestamp": 1706068140.877359, "objects": [{"color": "cv_", "id_name": "hand", "shape": "CVCylinder", "id_string": "ob383", "world_size": [0.12, 0.005, 0.12], "id": 383, "camera_size": [49, 49], "camera_position": [246, 199], "world_position": [0.838693903721567, 0.6865064504070948, -0.17408946890951485], "world_orientation": [-1.107677639083069e-05, 0.016034226492933155, 0.999871443465648, -0.0007598698763146744, -0.9998711549979044, 0.016034213448990794, 0.9999997112374964, -0.0007595945826801983, 2.3259274905910067e-05], "world_rotation": [0.0, 1.0, 0.0, 0.0]}, {"color": "CVBlue", "id_name": "object196087317437897", "shape": "CVCylinder", "id_string": "ob723", "world_size": [0.09, 0.09, 0.09], "id": 723, "camera_size": [37, 37], "camera_position": [256, 254], "world_position": [0.705, 0.6448569696296074, -0.15], "world_orientation": [1.0, -4.331917303826236e-17, -1.1712398707441946e-17, 4.331917303826236e-17, 1.0, -5.775889738434995e-17, 1.1712398707441946e-17, 5.775889738434995e-17, 1.0], "world_rotation": [-0.7896765794068324, 0.16013129347666225, -0.5922574345551229, -7.314247236221149e-17]}], "source": "action wait"}
{"timestamp": 1706068140.910155, "objects": [{"color": "cv_", "id_name": "hand", "shape": "CVCylinder", "id_string": "ob383", "world_size": [0.12, 0.005, 0.12], "id": 383, "camera_size": [49, 49], "camera_position": [246, 197], "world_position": [0.8446267900754105, 0.6810634160692195, -0.1740925833375662], "world_orientation": [-1.0844928465454147e-05, 0.010790275699859483, 0.9999417832217576, -0.0007599010844220838, -0.9999414946614218, 0.010790264344480353, 0.9999997112163231, -0.0007597398257845938, 1.9043836185147166e-05], "world_rotation": [0.0, 1.0, 0.0, 0.0]}, {"color": "CVBlue", "id_name": "object196087317437897", "shape": "CVCylinder", "id_string": "ob723", "world_size": [0.09, 0.09, 0.09], "id": 723, "camera_size": [37, 37], "camera_position": [256, 254], "world_position": [0.705, 0.6448569696296074, -0.15], "world_orientation": [1.0, -4.331917303826236e-17, -1.1712398707441946e-17, 4.331917303826236e-17, 1.0, -5.775889738434995e-17, 1.1712398707441946e-17, 5.775889738434995e-17, 1.0], "world_rotation": [-0.7896765794068324, 0.16013129347666225, -0.5922574345551229, -7.314247236221149e-17]}], "source": "action wait"}
{"timestamp": 1706068140.945416, "objects": [{"color": "cv_", "id_name": "hand", "shape": "CVCylinder", "id_string": "ob383", "world_size": [0.12, 0.005, 0.12], "id": 383, "camera_size": [49, 49], "camera_position": [246, 196], "world_position": [0.8487798871711977, 0.6771965617099438, -0.17409513741971355], "world_orientation": [-1.0127025739425141e-05, 0.00709450431360256, 0.999974833636321, -0.0007602267925159418, -0.99997454477706, 0.0070944945652080555, 0.9999997109762919, -0.0007601358142432942, 1.5520200212914573e-05], "world_rotation": [0.0, 1.0, 0.0, 0.0]}, {"color": "CVBlue", "id_name": "object196087317437897", "shape": "CVCylinder", "id_string": "ob723", "world_size": [0.09, 0.09, 0.09], "id": 723, "camera_size": [37, 37], "camera_position": [256, 254], "world_position": [0.705, 0.6448569696296074, -0.15], "world_orientation": [1.0, -4.331917303826236e-17, -1.1712398707441946e-17, 4.331917303826236e-17, 1.0, -5.775889738434995e-17, 1.1712398707441946e-17, 5.775889738434995e-17, 1.0], "world_rotation": [-0.7896765794068324, 0.16013129347666225, -0.5922574345551229, -7.314247236221149e-17]}], "source": "action wait"}
{"timestamp": 1706068140.985813, "objects": [{"color": "cv_", "id_name": "hand", "shape": "CVCylinder", "id_string": "ob383", "world_size": [0.12, 0.005, 0.12], "id": 383, "camera_size": [49, 48], "camera_position": [246, 194], "world_position": [0.8516929246167853, 0.6744593496957885, -0.1740971844114714], "world_orientation": [-9.25390686027491e-06, 0.004489832213869595, 0.9999899206097314, -0.0007606673496429729, -0.9999896313796185, 0.004489823876046452, 0.9999997106497325, -0.0007606181341682941, 1.2669079680859443e-05], "world_rotation": [0.0, 1.0, 0.0, 0.0]}, {"color": "CVBlue", "id_name": "object196087317437897", "shape": "CVCylinder", "id_string": "ob723", "world_size": [0.09, 0.09, 0.09], "id": 723, "camera_size": [37, 37], "camera_position": [256, 254], "world_position": [0.705, 0.6448569696296074, -0.15], "world_orientation": [1.0, -4.331917303826236e-17, -1.1712398707441946e-17, 4.331917303826236e-17, 1.0, -5.775889738434995e-17, 1.1712398707441946e-17, 5.775889738434995e-17, 1.0], "world_rotation": [-0.7896765794068324, 0.16013129347666225, -0.5922574345551229, -7.314247236221149e-17]}], "source": "action wait"}
{"timestamp": 1706068141.047431, "objects": [{"color": "cv_", "id_name": "hand", "shape": "CVCylinder", "id_string": "ob383", "world_size": [0.12, 0.005, 0.12], "id": 383, "camera_size": [49, 49], "camera_position": [246, 194], "world_position": [0.8551781622604337, 0.6711633995757238, -0.17410005446224483], "world_orientation": [-7.586930511602769e-06, 0.001360267960827653, 0.9999990748063287, -0.000761534932777544, -0.9999987848754679, 0.0013602617887260166, 0.9999997100034503, -0.0007615239079989777, 8.622812863010936e-06], "world_rotation": [0.0, 1.0, 0.0, 0.0]}, {"color": "CVBlue", "id_name": "object196087317437897", "shape": "CVCylinder", "id_string": "ob723", "world_size": [0.09, 0.09, 0.09], "id": 723, "camera_size": [37, 37], "camera_position": [256, 254], "world_position": [0.705, 0.6448569696296074, -0.15], "world_orientation": [1.0, -4.331917303826236e-17, -1.1712398707441946e-17, 4.331917303826236e-17, 1.0, -5.775889738434995e-17, 1.1712398707441946e-17, 5.775889738434995e-17, 1.0], "world_rotation": [-0.7896765794068324, 0.16013129347666225, -0.5922574345551229, -7.314247236221149e-17]}], "source": "action wait"}
{"timestamp": 1706068141.07673, "objects": [{"color": "cv_", "id_name": "hand", "shape": "CVCylinder", "id_string": "ob383", "world_size": [0.12, 0.005, 0.12], "id": 383, "camera_size": [49, 49], "camera_position": [246, 193], "world_position": [0.8561908691706224, 0.6702033062395929, -0.1741010233857412], "world_orientation": [-6.907302958102142e-06, 0.00044834435764754807, 0.9999998994698082, -0.0007618892999575556, -0.9999996092583573, 0.00044833896493241555, 0.9999997097384498, -0.0007618861265520206, 7.248889028284019e-06], "world_rotation": [0.0, 1.0, 0.0, 0.0]}, {"color": "CVBlue", "id_name": "object196087317437897", "shape": "CVCylinder", "id_string": "ob723", "world_size": [0.09, 0.09, 0.09], "id": 723, "camera_size": [37, 37], "camera_position": [256, 254], "world_position": [0.705, 0.6448569696296074, -0.15], "world_orientation": [1.0, -4.331917303826236e-17, -1.1712398707441946e-17, 4.331917303826236e-17, 1.0, -5.775889738434995e-17, 1.1712398707441946e-17, 5.775889738434995e-17, 1.0], "world_rotation": [-0.7896765794068324, 0.16013129347666225, -0.5922574345551229, -7.314247236221149e-17]}], "source": "action wait"}
{"timestamp": 1706068141.109007, "objects": [{"color": "cv_", "id_name": "hand", "shape": "CVCylinder", "id_string": "ob383", "world_size": [0.12, 0.005, 0.12], "id": 383, "camera_size": [49, 48], "camera_position": [246, 192], "world_position": [0.8569039967940274, 0.6695273984001646, -0.17410176495174223], "world_orientation": [-6.344121445403058e-06, -0.00019442042893126754, 0.9999999810802245, -0.0007621796210930642, -0.9999996906404841, -0.00019442520782367702, 0.9999997095209465, -0.0007621808401303261, 6.195936194297557e-06], "world_rotation": [0.0, 1.0, 0.0, 0.0]}, {"color": "CVBlue", "id_name": "object196087317437897", "shape": "CVCylinder", "id_string": "ob723", "world_size": [0.09, 0.09, 0.09], "id": 723, "camera_size": [37, 37], "camera_position": [256, 254], "world_position": [0.705, 0.6448569696296074, -0.15], "world_orientation": [1.0, -4.331917303826236e-17, -1.1712398707441946e-17, 4.331917303826236e-17, 1.0, -5.775889738434995e-17, 1.1712398707441946e-17, 5.775889738434995e-17, 1.0], "world_rotation": [-0.7896765794068324, 0.16013129347666225, -0.5922574345551229, -7.314247236221149e-17]}], "source": "action wait"}
{"timestamp": 1706068141.139955, "objects": [{"color": "cv_", "id_name": "hand", "shape": "CVCylinder", "id_string": "ob383", "world_size": [0.12, 0.005, 0.12], "id": 383, "camera_size": [49, 48], "camera_position": [246, 192], "world_position": [0.8574063784478383, 0.6690517150933765, -0.17410232900214842], "world_orientation": [-5.888530445842474e-06, -0.000647482814182896, 0.9999997903656433, -0.0007624104613336659, -0.9999994997452368, -0.0006474871154889506, 0.9999997093477646, -0.0007624141142542268, 5.3948798293744845e-06], "world_rotation": [0.0, 1.0, 0.0, 0.0]}, {"color": "CVBlue", "id_name": "object196087317437897", "shape": "CVCylinder", "id_string": "ob723", "world_size": [0.09, 0.09, 0.09], "id": 723, "camera_size": [37, 37], "camera_position": [256, 254], "world_position": [0.705, 0.6448569696296074, -0.15], "world_orientation": [1.0, -4.331917303826236e-17, -1.1712398707441946e-17, 4.331917303826236e-17, 1.0, -5.775889738434995e-17, 1.1712398707441946e-17, 5.775889738434995e-17, 1.0], "world_rotation": [-0.7896765794068324, 0.16013129347666225, -0.5922574345551229, -7.314247236221149e-17]}], "source": "action wait"}
{"timestamp": 1706068141.172312, "objects": [{"color": "cv_", "id_name": "hand", "shape": "CVCylinder", "id_string": "ob383", "world_size": [0.12, 0.005, 0.12], "id": 383, "camera_size": [49, 49], "camera_position": [246, 192], "world_position": [0.8577604036950316, 0.6687169959041251, -0.17410275581795384], "world_orientation": [-5.526449852372793e-06, -0.0009668391364985931, 0.999999532595662, -0.000762590024037775, -0.9999992418351795, -0.0009668430697969564, 0.9999997092129146, -0.0007625950108100202, 4.789143782433844e-06], "world_rotation": [0.0, 1.0, 0.0, 0.0]}, {"color": "CVBlue", "id_name": "object196087317437897", "shape": "CVCylinder", "id_string": "ob723", "world_size": [0.09, 0.09, 0.09], "id": 723, "camera_size": [37, 37], "camera_position": [256, 254], "world_position": [0.705, 0.6448569696296074, -0.15], "world_orientation": [1.0, -4.331917303826236e-17, -1.1712398707441946e-17, 4.331917303826236e-17, 1.0, -5.775889738434995e-17, 1.1712398707441946e-17, 5.775889738434995e-17, 1.0], "world_rotation": [-0.7896765794068324, 0.16013129347666225, -0.5922574345551229, -7.314247236221149e-17]}], "source": "action wait"}
{"timestamp": 1706068141.21061, "objects": [{"color": "cv_", "id_name": "hand", "shape": "CVCylinder", "id_string": "ob383", "world_size": [0.12, 0.005, 0.12], "id": 383, "camera_size": [48, 49], "camera_position": [246, 192], "world_position": [0.8580099397187295, 0.6684814769051357, -0.174103077370644], "world_orientation": [-5.2425920124590985e-06, -0.0011919537931581847, 0.9999992896090827, -0.0007627273877641677, -0.9999989987416893, -0.0011919574451283517, 0.9999997091096814, -0.0007627330948764889, 4.333450960642896e-06], "world_rotation": [0.0, 1.0, 0.0, 0.0]}, {"color": "CVBlue", "id_name": "object196087317437897", "shape": "CVCylinder", "id_string": "ob723", "world_size": [0.09, 0.09, 0.09], "id": 723, "camera_size": [37, 37], "camera_position": [256, 254], "world_position": [0.705, 0.6448569696296074, -0.15], "world_orientation": [1.0, -4.331917303826236e-17, -1.1712398707441946e-17, 4.331917303826236e-17, 1.0, -5.775889738434995e-17, 1.1712398707441946e-17, 5.775889738434995e-17, 1.0], "world_rotation": [-0.7896765794068324, 0.16013129347666225, -0.5922574345551229, -7.314247236221149e-17]}], "source": "action wait"}
{"timestamp": 1706068143.180742, "objects": [{"color": "cv_", "id_name": "hand", "shape": "CVCylinder", "id_string": "ob383", "world_size": [0.12, 0.005, 0.12], "id": 383, "camera_size": [48, 49], "camera_position": [246, 192], "world_position": [0.8586065915730257, 0.6679217651186099, -0.17410401628492359], "world_orientation": [-4.3371143258021696e-06, -0.0017297921894352556, 0.9999985038989663, -0.0007631196723735808, -0.9999982127272224, -0.0017297949955097133, 0.9999997088147352, -0.0007631260329884703, 3.017068125683225e-06], "world_rotation": [0.0, 1.0, 0.0, 0.0]}, {"color": "CVBlue", "id_name": "object196087317437897", "shape": "CVCylinder", "id_string": "ob723", "world_size": [0.09, 0.09, 0.09], "id": 723, "camera_size": [37, 37], "camera_position": [256, 254], "world_position": [0.705, 0.6448569696296074, -0.15], "world_orientation": [1.0, -4.331917303826236e-17, -1.1712398707441946e-17, 4.331917303826236e-17, 1.0, -5.775889738434995e-17, 1.1712398707441946e-17, 5.775889738434995e-17, 1.0], "world_rotation": [-0.7896765794068324, 0.16013129347666225, -0.5922574345551229, -7.314247236221149e-17]}], "source": "action wait"}
{"timestamp": 1706068143.208596, "objects": [{"color": "cv_", "id_name": "hand", "shape": "CVCylinder", "id_string": "ob383", "world_size": [0.12, 0.005, 0.12], "id": 383, "camera_size": [48, 48], "camera_position": [246, 205], "world_position": [0.8259746010715513, 0.6549941197256057, -0.17408821201735075], "world_orientation": [-4.620128203121407e-05, -0.022694490043874208, 0.9997424458264689, -0.0007601319379113489, -0.9997421572705473, -0.022694518621674716, 0.9999997100323973, -0.0007609846786140812, 2.89385626699469e-05], "world_rotation": [0.0, 1.0, 0.0, 0.0]}, {"color": "CVBlue", "id_name": "object196087317437897", "shape": "CVCylinder", "id_string": "ob723", "world_size": [0.09, 0.09, 0.09], "id": 723, "camera_size": [37, 37], "camera_position": [256, 254], "world_position": [0.705, 0.6448569696296074, -0.15], "world_orientation": [1.0, -4.331917303826236e-17, -1.1712398707441946e-17, 4.331917303826236e-17, 1.0, -5.775889738434995e-17, 1.1712398707441946e-17, 5.775889738434995e-17, 1.0], "world_rotation": [-0.7896765794068324, 0.16013129347666225, -0.5922574345551229, -7.314247236221149e-17]}], "source": "action wait"}
{"timestamp": 1706068143.240322, "objects": [{"color": "cv_", "id_name": "hand", "shape": "CVCylinder", "id_string": "ob383", "world_size": [0.12, 0.005, 0.12], "id": 383, "camera_size": [48, 49], "camera_position": [246, 219], "world_position": [0.7917947148358425, 0.6617092506072024, -0.17409759753014398], "world_orientation": [-3.374310312574592e-05, -0.016523944191783567, 0.9998634697446198, -0.0007583393334030802, -0.9998631823909575, -0.016523965035135365, 0.9999997118913878, -0.0007587933669968242, 2.1207729651826273e-05], "world_rotation": [0.0, 1.0, 0.0, 0.0]}, {"color": "CVBlue", "id_name": "object196087317437897", "shape": "CVCylinder", "id_string": "ob723", "world_size": [0.09, 0.09, 0.09], "id": 723, "camera_size": [37, 38], "camera_position": [256, 263], "world_position": [0.6808821534617411, 0.6461575513081054, -0.15000329839156668], "world_orientation": [0.9994616887705101, -0.0328073628912316, 9.808222600126695e-05, 0.03280736462337339, 0.999461693396578, -1.610322625247265e-05, -9.750112330394765e-05, 1.931237705644548e-05, 0.9999999950602817], "world_rotation": [0.000539748348542279, 0.0029807706187875206, 0.9999954118285934, 0.03281340243785033]}], "source": "action wait"}
{"timestamp": 1706068143.27362, "objects": [{"color": "cv_", "id_name": "hand", "shape": "CVCylinder", "id_string": "ob383", "world_size": [0.12, 0.005, 0.12], "id": 383, "camera_size": [48, 49], "camera_position": [246, 229], "world_position": [0.7672225305770387, 0.665091283507618, -0.1741037223883884], "world_orientation": [-1.7442909041255448e-05, -0.012105628377367238, 0.9999267240439843, -0.0007621351252174058, -0.9999264336314345, -0.012105638156310636, 0.9999997094228557, -0.0007622904365831164, 8.215501230921203e-06], "world_rotation": [0.0, 1.0, 0.0, 0.0]}, {"color": "CVBlue", "id_name": "object196087317437897", "shape": "CVCylinder", "id_string": "ob723", "world_size": [0.09, 0.09, 0.09], "id": 723, "camera_size": [37, 39], "camera_position": [256, 282], "world_position": [0.6361957477423994, 0.6467184641182208, -0.1500036008459859], "world_orientation": [0.9989901476295047, -0.04492966882652509, 9.898645991635296e-05, 0.044929669945778405, 0.9989901524417268, -9.11146322822174e-06, -9.847712365613527e-05, 1.354969096862476e-05, 0.999999995059331], "world_rotation": [0.00025218412545560117, 0.00219746888000465, 0.9999975537638521, 0.04494490955591484]}], "source": "action wait"}
{"timestamp": 1706068143.308516, "objects": [{"color": "cv_", "id_name": "hand", "shape": "CVCylinder", "id_string": "ob383", "world_size": [0.12, 0.005, 0.12], "id": 383, "camera_size": [48, 49], "camera_position": [246, 236], "world_position": [0.7498409148742989, 0.6667179819818722, -0.17410680435063244], "world_orientation": [-8.388046514063404e-06, -0.009006145516926809, 0.9999594438138824, -0.0007635409036786924, -0.9999591523058033, -0.009006149296332179, 0.9999997084674221, -0.0007635854813712721, 1.511143395409109e-06], "world_rotation": [0.0, 1.0, 0.0, 0.0]}, {"color": "CVBlue", "id_name": "object196087317437897", "shape": "CVCylinder", "id_string": "ob723", "world_size": [0.09, 0.09, 0.09], "id": 723, "camera_size": [37, 39], "camera_position": [256, 298], "world_position": [0.595740771405502, 0.644099836126732, -0.15000414666468406], "world_orientation": [0.999877652620493, 0.015641916847804384, 0.00010113090084299174, -0.015641916336923068, 0.9998776577257814, -5.840700556226501e-06, -0.00010120988801102226, 4.258104871755065e-06, 0.9999999948692135], "world_rotation": [0.00032280550830508174, 0.0064677670703401175, -0.9999790316730283, 0.01564288254456193]}], "source": "action wait"}
{"timestamp": 1706068143.344558, "objects": [{"color": "cv_", "id_name": "hand", "shape": "CVCylinder", "id_string": "ob383", "world_size": [0.12, 0.005, 0.12], "id": 383, "camera_size": [48, 49], "camera_position": [246, 241], "world_position": [0.7375793754040842, 0.6674931097671558, -0.174108125254123], "world_orientation": [-3.2894006205167857e-06, -0.006830840784905632, 0.9999766695295202, -0.0007639152913287088, -0.9999763777412441, -0.0068308413045815655, 0.9999997082112613, -0.0007639199381995658, -1.9288608104122816e-06], "world_rotation": [0.0, 1.0, 0.0, 0.0]}, {"color": "CVBlue", "id_name": "object196087317437897", "shape": "CVCylinder", "id_string": "ob723", "world_size": [0.09, 0.09, 0.09], "id": 723, "camera_size": [37, 39], "camera_position": [256, 309], "world_position": [0.5675384285406521, 0.644938961731229, -0.15000412855893647], "world_orientation": [0.9999930170341128, -0.003735723499293737, 0.00010125685055763385, 0.0037357239566938303, 0.9999930221495469, -4.3284681459101675e-06, -0.00010123997404230472, 4.7067055627711225e-06, 0.9999999948641575], "world_rotation": [0.0012088488279829843, 0.02709278836030693, 0.9996321921103656, 0.003737106960932536]}], "source": "action wait"}
{"timestamp": 1706068143.378769, "objects": [{"color": "cv_", "id_name": "hand", "shape": "CVCylinder", "id_string": "ob383", "world_size": [0.12, 0.005, 0.12], "id": 383, "camera_size": [48, 48], "camera_position": [246, 244], "world_position": [0.7289402383011688, 0.6678586637239283, -0.1741084623176362], "world_orientation": [-1.0638903184116037e-06, -0.00530333262163832, 0.9999859372321056, -0.000763887064177061, -0.9999856454706986, -0.005303331887011888, 0.9999997082376683, -0.0007638819639743977, -2.987272139568915e-06], "world_rotation": [0.0, 1.0, 0.0, 0.0]}, {"color": "CVBlue", "id_name": "object196087317437897", "shape": "CVCylinder", "id_string": "ob723", "world_size": [0.09, 0.09, 0.09], "id": 723, "camera_size": [37, 40], "camera_position": [256, 317], "world_position": [0.5462455848900984, 0.6444726810411494, -0.1500042367441049], "world_orientation": [0.9999801474357309, 0.006300352812538944, 0.00010143397719192843, -0.006300352521813425, 0.9999801525770169, -3.1854381839236875e-06, -0.00010145203337329949, 2.5463051308091467e-06, 0.9999999948505006], "world_rotation": [0.000454815801530404, 0.01609907465279283, -0.9998702980576583, 0.006301211639623407]}], "source": "action wait"}
{"timestamp": 1706068143.413973, "objects": [{"color": "cv_", "id_name": "hand", "shape": "CVCylinder", "id_string": "ob383", "world_size": [0.12, 0.005, 0.12], "id": 383, "camera_size": [48, 49], "camera_position": [246, 247], "world_position": [0.7228565690852833, 0.6680290319078291, -0.17410828200959252], "world_orientation": [-1.5118916785266155e-07, -0.004230251092165272, 0.9999910524478078, -0.0007637371784352217, -0.9999907608026591, -0.004230249973891477, 0.9999997083527072, -0.0007637309844252997, -3.079612261853039e-06], "world_rotation": [0.0, 1.0, 0.0, 0.0]}, {"color": "CVBlue", "id_name": "object196087317437897", "shape": "CVCylinder", "id_string": "ob723", "world_size": [0.09, 0.09, 0.09], "id": 723, "camera_size": [37, 39], "camera_position": [256, 322], "world_position": [0.53543774603945, 0.644801976176404, -0.1500042621426571], "world_orientation": [0.9999992918489554, -0.0011857522471873947, 0.00010145538897205399, 0.0011857524421437044, 0.9999992969935934, -1.8614674641678282e-06, -0.00010145311040903679, 1.9817671212109234e-06, 0.9999999948516697], "world_rotation": [0.001614687417957075, 0.08524949327674461, 0.9963583274508226, 0.0011900865300110996]}], "source": "action wait"}
