{"timestamp": 1706068147.99852, "objects": [{"color": "cv_", "id_name": "hand", "shape": "CVCylinder", "id_string": "ob383", "world_size": [0.12, 0.005, 0.12], "id": 383, "camera_size": [48, 50], "camera_position": [246, 426], "world_position": [0.2676445155400321, 0.6334703013847313, -0.17389260400847453], "world_orientation": [-0.0006415490759890132, 0.19791547486654715, 0.980218880262532, -0.0007473671061152394, -0.9802189031249404, 0.19791499033410112, 0.9999995149284783, -0.0006056111687283944, 0.0007767740472736342], "world_rotation": [0.0, 1.0, 0.0, 0.0]}, {"color": "CVGreen", "id_name": "object140883763443916", "shape": "CVCone", "id_string": "ob730", "world_size": [0.11, 0.11, 0.11], "id": 730, "camera_size": [45, 45], "camera_position": [256, 254], "world_position": [0.705, 0.6547388526351784, -0.15], "world_orientation": [1.0, -5.161936286265336e-17, 1.4791987631444557e-17, 5.161936286265336e-17, 1.0, 1.8530027694285844e-17, -1.4791987631444557e-17, -1.8530027694285844e-17, 1.0], "world_rotation": [-0.32620844195650495, 0.2604028077184905, 0.908723516878834, 5.680425553412425e-17]}], "source": "manual check"}
{"timestamp": 1706068149.015669, "objects": [{"color": "cv_", "id_name": "hand", "shape": "CVCylinder", "id_string": "ob383", "world_size": [0.12, 0.005, 0.12], "id": 383, "camera_size": [48, 50], "camera_position": [246, 426], "world_position": [0.2676445155400321, 0.6334703013847313, -0.17389260400847453], "world_orientation": [-0.0006415490759890132, 0.19791547486654715, 0.980218880262532, -0.0007473671061152394, -0.9802189031249404, 0.19791499033410112, 0.9999995149284783, -0.0006056111687283944, 0.0007767740472736342], "world_rotation": [0.0, 1.0, 0.0, 0.0]}, {"color": "CVGreen", "id_name": "object140883763443916", "shape": "CVCone", "id_string": "ob730", "world_size": [0.11, 0.11, 0.11], "id": 730, "camera_size": [45, 45], "camera_position": [256, 254], "world_position": [0.705, 0.6547388572526824, -0.15], "world_orientation": [1.0, -3.838362879530641e-17, 1.4813540171849057e-17, 3.838362879530641e-17, 1.0, 5.294293626938881e-18, -1.4813540171849057e-17, -5.294293626938881e-18, 1.0], "world_rotation": [-0.1276280613210114, 0.35710588544125776, 0.925303444577321, 4.1482206750932463e-17]}], "source": "manual check"}
{"timestamp": 1706068151.713047, "objects": [{"color": "cv_", "id_name": "hand", "shape": "CVCylinder", "id_string": "ob383", "world_size": [0.12, 0.005, 0.12], "id": 383, "camera_size": [48, 50], "camera_position": [246, 426], "world_position": [0.2676445155400321, 0.6334703013847313, -0.17389260400847453], "world_orientation": [-0.0006415490759890132, 0.19791547486654715, 0.980218880262532, -0.0007473671061152394, -0.9802189031249404, 0.19791499033410112, 0.9999995149284783, -0.0006056111687283944, 0.0007767740472736342], "world_rotation": [0.0, 1.0, 0.0, 0.0]}, {"color": "CVGreen", "id_name": "object140883763443916", "shape": "CVCone", "id_string": "ob730", "world_size": [0.11, 0.11, 0.11], "id": 730, "camera_size": [45, 45], "camera_position": [256, 254], "world_position": [0.705, 0.6547388572526824, -0.15], "world_orientation": [1.0, -3.838362879530641e-17, 1.4813540171849057e-17, 3.838362879530641e-17, 1.0, 5.294293626938881e-18, -1.4813540171849057e-17, -5.294293626938881e-18, 1.0], "world_rotation": [-0.1276280613210114, 0.35710588544125776, 0.925303444577321, 4.1482206750932463e-17]}], "source": "action wait"}
{"timestamp": 1706068151.745787, "objects": [{"color": "cv_", "id_name": "hand", "shape": "CVCylinder", "id_string": "ob383", "world_size": [0.12, 0.005, 0.12], "id": 383, "camera_size": [49, 51], "camera_position": [246, 421], "world_position": [0.29165753914260084, 0.6683013141994097, -0.17395584266836572], "world_orientation": [-0.0003788564009792635, 0.20321649601990796, 0.9791337560380697, -0.000713849578168106, -0.9791336317916967, 0.20321619402297184, 0.9999996734432502, -0.0006219644628299625, 0.0005160170537794001], "world_rotation": [0.0, 1.0, 0.0, 0.0]}, {"color": "CVGreen", "id_name": "object140883763443916", "shape": "CVCone", "id_string": "ob730", "world_size": [0.11, 0.11, 0.11], "id": 730, "camera_size": [45, 45], "camera_position": [256, 254], "world_position": [0.705, 0.6547388572526824, -0.15], "world_orientation": [1.0, -3.838362879530641e-17, 1.4813540171849057e-17, 3.838362879530641e-17, 1.0, 5.294293626938881e-18, -1.4813540171849057e-17, -5.294293626938881e-18, 1.0], "world_rotation": [-0.1276280613210114, 0.35710588544125776, 0.925303444577321, 4.1482206750932463e-17]}], "source": "action wait"}
{"timestamp": 1706068151.778972, "objects": [{"color": "cv_", "id_name": "hand", "shape": "CVCylinder", "id_string": "ob383", "world_size": [0.12, 0.005, 0.12], "id": 383, "camera_size": [51, 52], "camera_position": [246, 406], "world_position": [0.3380802191022379, 0.7068582652133897, -0.17398360158211137], "world_orientation": [-0.00021623832327645994, 0.1954433460187295, 0.980714969671612, -0.0007297239604896758, -0.9807147623261178, 0.19544314380035954, 0.9999997103719227, -0.0006733889140693003, 0.0003546878083264415], "world_rotation": [0.0, 1.0, 0.0, 0.0]}, {"color": "CVGreen", "id_name": "object140883763443916", "shape": "CVCone", "id_string": "ob730", "world_size": [0.11, 0.11, 0.11], "id": 730, "camera_size": [45, 45], "camera_position": [256, 254], "world_position": [0.705, 0.6547388572526824, -0.15], "world_orientation": [1.0, -3.838362879530641e-17, 1.4813540171849057e-17, 3.838362879530641e-17, 1.0, 5.294293626938881e-18, -1.4813540171849057e-17, -5.294293626938881e-18, 1.0], "world_rotation": [-0.1276280613210114, 0.35710588544125776, 0.925303444577321, 4.1482206750932463e-17]}], "source": "action wait"}
{"timestamp": 1706068151.811603, "objects": [{"color": "cv_", "id_name": "hand", "shape": "CVCylinder", "id_string": "ob383", "world_size": [0.12, 0.005, 0.12], "id": 383, "camera_size": [51, 53], "camera_position": [246, 388], "world_position": [0.3889231032909424, 0.7404413969036057, -0.17400416324093504], "world_orientation": [-0.00011051754712660432, 0.18988683808249812, 0.9818059770183225, -0.0007407089901293615, -0.9818057292247937, 0.18988670677949832, 0.9999997195679927, -0.0007062467006752816, 0.0002491576490241428], "world_rotation": [0.0, 1.0, 0.0, 0.0]}, {"color": "CVGreen", "id_name": "object140883763443916", "shape": "CVCone", "id_string": "ob730", "world_size": [0.11, 0.11, 0.11], "id": 730, "camera_size": [45, 45], "camera_position": [256, 254], "world_position": [0.705, 0.6547388572526824, -0.15], "world_orientation": [1.0, -3.838362879530641e-17, 1.4813540171849057e-17, 3.838362879530641e-17, 1.0, 5.294293626938881e-18, -1.4813540171849057e-17, -5.294293626938881e-18, 1.0], "world_rotation": [-0.1276280613210114, 0.35710588544125776, 0.925303444577321, 4.1482206750932463e-17]}], "source": "action wait"}
{"timestamp": 1706068151.844745, "objects": [{"color": "cv_", "id_name": "hand", "shape": "CVCylinder", "id_string": "ob383", "world_size": [0.12, 0.005, 0.12], "id": 383, "camera_size": [52, 53], "camera_position": [245, 367], "world_position": [0.4432415217981162, 0.7686748205275248, -0.17402274195741418], "world_orientation": [-3.610194407207379e-05, 0.18596271262067052, 0.9825568015190835, -0.0007479495001669711, -0.9825565323456813, 0.18596263419401204, 0.9999997196340582, -0.0007281892559629796, 0.00017456291893314476], "world_rotation": [0.0, 1.0, 0.0, 0.0]}, {"color": "CVGreen", "id_name": "object140883763443916", "shape": "CVCone", "id_string": "ob730", "world_size": [0.11, 0.11, 0.11], "id": 730, "camera_size": [45, 45], "camera_position": [256, 254], "world_position": [0.705, 0.6547388572526824, -0.15], "world_orientation": [1.0, -3.838362879530641e-17, 1.4813540171849057e-17, 3.838362879530641e-17, 1.0, 5.294293626938881e-18, -1.4813540171849057e-17, -5.294293626938881e-18, 1.0], "world_rotation": [-0.1276280613210114, 0.35710588544125776, 0.925303444577321, 4.1482206750932463e-17]}], "source": "action wait"}
{"timestamp": 1706068151.874846, "objects": [{"color": "cv_", "id_name": "hand", "shape": "CVCylinder", "id_string": "ob383", "world_size": [0.12, 0.005, 0.12], "id": 383, "camera_size": [53, 54], "camera_position": [245, 343], "world_position": [0.5003673616135864, 0.791276787993584, -0.17403895189906818], "world_orientation": [1.618748657808726e-05, 0.18319077551825927, 0.9830773822558345, -0.0007528077324706627, -0.9830771015876679, 0.18319073561320762, 0.9999997165092015, -0.000743033652553452, 0.00012199388494069259], "world_rotation": [0.0, 1.0, 0.0, 0.0]}, {"color": "CVGreen", "id_name": "object140883763443916", "shape": "CVCone", "id_string": "ob730", "world_size": [0.11, 0.11, 0.11], "id": 730, "camera_size": [45, 45], "camera_position": [256, 254], "world_position": [0.705, 0.6547388572526824, -0.15], "world_orientation": [1.0, -3.838362879530641e-17, 1.4813540171849057e-17, 3.838362879530641e-17, 1.0, 5.294293626938881e-18, -1.4813540171849057e-17, -5.294293626938881e-18, 1.0], "world_rotation": [-0.1276280613210114, 0.35710588544125776, 0.925303444577321, 4.1482206750932463e-17]}], "source": "action wait"}
{"timestamp": 1706068151.905959, "objects": [{"color": "cv_", "id_name": "hand", "shape": "CVCylinder", "id_string": "ob383", "world_size": [0.12, 0.005, 0.12], "id": 383, "camera_size": [54, 54], "camera_position": [245, 318], "world_position": [0.5596441648689495, 0.8080163115658987, -0.174052644301209], "world_orientation": [5.278961355814163e-05, 0.1812313301950892, 0.9834404924391589, -0.0007561307445107848, -0.983440205442376, 0.18123131789443783, 0.9999997127397358, -0.000753176722966644, 8.511915222667439e-05], "world_rotation": [0.0, 1.0, 0.0, 0.0]}, {"color": "CVGreen", "id_name": "object140883763443916", "shape": "CVCone", "id_string": "ob730", "world_size": [0.11, 0.11, 0.11], "id": 730, "camera_size": [45, 45], "camera_position": [256, 254], "world_position": [0.705, 0.6547388572526824, -0.15], "world_orientation": [1.0, -3.838362879530641e-17, 1.4813540171849057e-17, 3.838362879530641e-17, 1.0, 5.294293626938881e-18, -1.4813540171849057e-17, -5.294293626938881e-18, 1.0], "world_rotation": [-0.1276280613210114, 0.35710588544125776, 0.925303444577321, 4.1482206750932463e-17]}], "source": "action wait"}
{"timestamp": 1706068151.9392, "objects": [{"color": "cv_", "id_name": "hand", "shape": "CVCylinder", "id_string": "ob383", "world_size": [0.12, 0.005, 0.12], "id": 383, "camera_size": [54, 54], "camera_position": [245, 291], "world_position": [0.6205711889273194, 0.8141963000815231, -0.17406325546465845], "world_orientation": [7.418470556738084e-05, 0.17337941099522655, 0.9848551032205589, -0.0007643022551927251, -0.9848548084445305, 0.1733794166726545, 0.9999997051693028, -0.0007655890774071505, 5.945311083698315e-05], "world_rotation": [0.0, 1.0, 0.0, 0.0]}, {"color": "CVGreen", "id_name": "object140883763443916", "shape": "CVCone", "id_string": "ob730", "world_size": [0.11, 0.11, 0.11], "id": 730, "camera_size": [45, 45], "camera_position": [256, 254], "world_position": [0.705, 0.6547388572526824, -0.15], "world_orientation": [1.0, -3.838362879530641e-17, 1.4813540171849057e-17, 3.838362879530641e-17, 1.0, 5.294293626938881e-18, -1.4813540171849057e-17, -5.294293626938881e-18, 1.0], "world_rotation": [-0.1276280613210114, 0.35710588544125776, 0.925303444577321, 4.1482206750932463e-17]}], "source": "action wait"}
{"timestamp": 1706068151.973821, "objects": [{"color": "cv_", "id_name": "hand", "shape": "CVCylinder", "id_string": "ob383", "world_size": [0.12, 0.005, 0.12], "id": 383, "camera_size": [53, 53], "camera_position": [245, 264], "world_position": [0.6826718807296073, 0.7958606917148935, -0.17407094651205973], "world_orientation": [6.708663583584941e-05, 0.13982927295086658, 0.990175625798482, -0.0007772592836788717, -0.9901753216370305, 0.13982928265928196, 0.9999996956836483, -0.0007790038737896772, 4.225606931523146e-05], "world_rotation": [0.0, 1.0, 0.0, 0.0]}, {"color": "CVGreen", "id_name": "object140883763443916", "shape": "CVCone", "id_string": "ob730", "world_size": [0.11, 0.11, 0.11], "id": 730, "camera_size": [45, 45], "camera_position": [256, 254], "world_position": [0.705, 0.6547388572526824, -0.15], "world_orientation": [1.0, -3.838362879530641e-17, 1.4813540171849057e-17, 3.838362879530641e-17, 1.0, 5.294293626938881e-18, -1.4813540171849057e-17, -5.294293626938881e-18, 1.0], "world_rotation": [-0.1276280613210114, 0.35710588544125776, 0.925303444577321, 4.1482206750932463e-17]}], "source": "action wait"}
{"timestamp": 1706068152.010958, "objects": [{"color": "cv_", "id_name": "hand", "shape": "CVCylinder", "id_string": "ob383", "world_size": [0.12, 0.005, 0.12], "id": 383, "camera_size": [52, 52], "camera_position": [245, 239], "world_position": [0.7370284844760717, 0.765676519137055, -0.17407265554053855], "world_orientation": [3.572341542604663e-05, 0.09827510990872822, 0.995159284484783, -0.0007769610588447106, -0.9951589820188849, 0.09827510792998324, 0.9999996975276296, -0.0007767107338993871, 4.080545572354178e-05], "world_rotation": [0.0, 1.0, 0.0, 0.0]}, {"color": "CVGreen", "id_name": "object140883763443916", "shape": "CVCone", "id_string": "ob730", "world_size": [0.11, 0.11, 0.11], "id": 730, "camera_size": [45, 45], "camera_position": [256, 254], "world_position": [0.705, 0.6547388572526824, -0.15], "world_orientation": [1.0, -3.838362879530641e-17, 1.4813540171849057e-17, 3.838362879530641e-17, 1.0, 5.294293626938881e-18, -1.4813540171849057e-17, -5.294293626938881e-18, 1.0], "world_rotation": [-0.1276280613210114, 0.35710588544125776, 0.925303444577321, 4.1482206750932463e-17]}], "source": "action wait"}
{"timestamp": 1706068152.047301, "objects": [{"color": "cv_", "id_name": "hand", "shape": "CVCylinder", "id_string": "ob383", "world_size": [0.12, 0.005, 0.12], "id": 383, "camera_size": [51, 51], "camera_position": [246, 224], "world_position": [0.7744145169414035, 0.7408452816797165, -0.1740740848172289], "world_orientation": [1.1532103231854955e-05, 0.06880402644731379, 0.9976301949177602, -0.000770231336071504, -0.9976298984477047, 0.06880401490401261, 0.9999997033053057, -0.0007691994929397556, 4.149024624191817e-05], "world_rotation": [0.0, 1.0, 0.0, 0.0]}, {"color": "CVGreen", "id_name": "object140883763443916", "shape": "CVCone", "id_string": "ob730", "world_size": [0.11, 0.11, 0.11], "id": 730, "camera_size": [45, 45], "camera_position": [256, 254], "world_position": [0.705, 0.6547388572526824, -0.15], "world_orientation": [1.0, -3.838362879530641e-17, 1.4813540171849057e-17, 3.838362879530641e-17, 1.0, 5.294293626938881e-18, -1.4813540171849057e-17, -5.294293626938881e-18, 1.0], "world_rotation": [-0.1276280613210114, 0.35710588544125776, 0.925303444577321, 4.1482206750932463e-17]}], "source": "action wait"}
{"timestamp": 1706068152.078445, "objects": [{"color": "cv_", "id_name": "hand", "shape": "CVCylinder", "id_string": "ob383", "world_size": [0.12, 0.005, 0.12], "id": 383, "camera_size": [51, 51], "camera_position": [246, 214], "world_position": [0.8000823654965734, 0.7216944627408118, -0.17407762657827233], "world_orientation": [-1.4392306317548128e-06, 0.047996336048939554, 0.9988475117473168, -0.0007651997361819823, -0.9988472193732572, 0.047996320897295275, 0.9999997072336033, -0.0007642487747001771, 3.8164355197296715e-05], "world_rotation": [0.0, 1.0, 0.0, 0.0]}, {"color": "CVGreen", "id_name": "object140883763443916", "shape": "CVCone", "id_string": "ob730", "world_size": [0.11, 0.11, 0.11], "id": 730, "camera_size": [45, 45], "camera_position": [256, 254], "world_position": [0.705, 0.6547388572526824, -0.15], "world_orientation": [1.0, -3.838362879530641e-17, 1.4813540171849057e-17, 3.838362879530641e-17, 1.0, 5.294293626938881e-18, -1.4813540171849057e-17, -5.294293626938881e-18, 1.0], "world_rotation": [-0.1276280613210114, 0.35710588544125776, 0.925303444577321, 4.1482206750932463e-17]}], "source": "action wait"}
{"timestamp": 1706068152.109858, "objects": [{"color": "cv_", "id_name": "hand", "shape": "CVCylinder", "id_string": "ob383", "world_size": [0.12, 0.005, 0.12], "id": 383, "camera_size": [50, 50], "camera_position": [245, 206], "world_position": [0.818224751770576, 0.7129928370896131, -0.17412216262811953], "world_orientation": [1.002030254454514e-05, 0.04086361613332003, 0.9991647335530325, -0.0007760823903858417, -0.9991644323849731, 0.0408636115992977, 0.9999996987978133, -0.0007758436205567061, 2.1701602984688735e-05], "world_rotation": [0.0, 1.0, 0.0, 0.0]}, {"color": "CVGreen", "id_name": "object140883763443916", "shape": "CVCone", "id_string": "ob730", "world_size": [0.11, 0.11, 0.11], "id": 730, "camera_size": [45, 49], "camera_position": [256, 252], "world_position": [0.709246806682967, 0.6555922735019295, -0.15002047129607535], "world_orientation": [0.9969972148862656, 0.07743741325408081, 2.318504502505044e-05, -0.07743741628070222, 0.9969971324104372, 0.00040561698038222606, 8.294506327948944e-06, -0.0004061943897347481, 0.9999999174686562], "world_rotation": [-0.005241653640525631, 9.614431288367324e-05, -0.9999862578172681, 0.0775160846652589]}], "source": "action wait"}
{"timestamp": 1706068152.137496, "objects": [{"color": "cv_", "id_name": "hand", "shape": "CVCylinder", "id_string": "ob383", "world_size": [0.12, 0.005, 0.12], "id": 383, "camera_size": [49, 50], "camera_position": [246, 201], "world_position": [0.8308231039033043, 0.7054018956472748, -0.17414928194283677], "world_orientation": [1.5520839364033638e-05, 0.03422209083582843, 0.9994142525789433, -0.000788632973570785, -0.9994139414915528, 0.034222092430947836, 0.9999996889085199, -0.0007887021894400219, 1.1476926013974786e-05], "world_rotation": [0.0, 1.0, 0.0, 0.0]}, {"color": "CVGreen", "id_name": "object140883763443916", "shape": "CVCone", "id_string": "ob730", "world_size": [0.11, 0.11, 0.11], "id": 730, "camera_size": [46, 53], "camera_position": [255, 250], "world_position": [0.7143923849369226, 0.6586487404414975, -0.15002902917461378], "world_orientation": [0.9867130150712499, 0.1624728380780754, 5.268642303084586e-05, -0.16247284138324464, 0.986712849046904, 0.0005738802983923465, 4.125359022204134e-05, -0.0005748152723688418, 0.9999998339427584], "world_rotation": [-0.0035350166670478386, 3.518360787611809e-05, -0.9999937511901149, 0.16319730638690624]}], "source": "action wait"}
{"timestamp": 1706068152.169142, "objects": [{"color": "cv_", "id_name": "hand", "shape": "CVCylinder", "id_string": "ob383", "world_size": [0.12, 0.005, 0.12], "id": 383, "camera_size": [49, 50], "camera_position": [246, 198], "world_position": [0.8397484005281152, 0.7009179412144104, -0.1741720751365421], "world_orientation": [2.193382385145094e-05, 0.03087916705405787, 0.9995231245753922, -0.0008036658539072573, -0.9995228014860496, 0.030879174708443858, 0.9999996768199992, -0.0008039599037910204, 2.8931750955121107e-06], "world_rotation": [0.0, 1.0, 0.0, 0.0]}, {"color": "CVGreen", "id_name": "object140883763443916", "shape": "CVCone", "id_string": "ob730", "world_size": [0.11, 0.11, 0.11], "id": 730, "camera_size": [47, 56], "camera_position": [256, 247], "world_position": [0.7199361217894078, 0.6602499649232891, -0.15004322394792588], "world_orientation": [0.9689886962505071, 0.24710503003890724, 0.00010328704321469414, -0.2471050291735208, 0.968988345378853, 0.0008313104751342463, 0.0001053370588260254, -0.0008310532013065367, 0.9999996491272788], "world_rotation": [0.0033636593210751367, 4.148041861795103e-06, 0.9999943428733812, -0.24969293398436576]}], "source": "action wait"}
{"timestamp": 1706068152.200758, "objects": [{"color": "cv_", "id_name": "hand", "shape": "CVCylinder", "id_string": "ob383", "world_size": [0.12, 0.005, 0.12], "id": 383, "camera_size": [49, 49], "camera_position": [246, 196], "world_position": [0.8459570751821741, 0.6967931881645881, -0.17418780332067096], "world_orientation": [2.2572740820284556e-05, 0.027275951805271738, 0.9996279417581262, -0.000812815415808918, -0.99962761130075, 0.02727596114267844, 0.9999996694107309, -0.0008131286943361927, -3.940208781191021e-07], "world_rotation": [0.0, 1.0, 0.0, 0.0]}, {"color": "CVGreen", "id_name": "object140883763443916", "shape": "CVCone", "id_string": "ob730", "world_size": [0.11, 0.11, 0.11], "id": 730, "camera_size": [47, 58], "camera_position": [256, 245], "world_position": [0.7241282280228402, 0.6608286002414077, -0.1500544730880895], "world_orientation": [0.9517358577516744, 0.30691828592082443, 0.00015111951588331527, -0.30691827409005723, 0.9517353120055749, 0.0010338816331729975, 0.0001734913990991404, -0.0010303635639578364, 0.9999994541256813], "world_rotation": [0.0033628390002376917, 3.644578729867395e-05, 0.9999943449767918, -0.31195515889853004]}], "source": "action wait"}
{"timestamp": 1706068152.234795, "objects": [{"color": "cv_", "id_name": "hand", "shape": "CVCylinder", "id_string": "ob383", "world_size": [0.12, 0.005, 0.12], "id": 383, "camera_size": [49, 50], "camera_position": [246, 194], "world_position": [0.8503264474911241, 0.6937178924969023, -0.17419664147486896], "world_orientation": [2.1326663333332614e-05, 0.024569502975586292, 0.9996981239697843, -0.0008184094288994946, -0.9996977889723387, 0.024569512201593348, 0.9999996648755339, -0.000818686356425349, -1.2123052815109843e-06], "world_rotation": [0.0, 1.0, 0.0, 0.0]}, {"color": "CVGreen", "id_name": "object140883763443916", "shape": "CVCone", "id_string": "ob730", "world_size": [0.11, 0.11, 0.11], "id": 730, "camera_size": [47, 60], "camera_position": [256, 244], "world_position": [0.7272535999742948, 0.6612215020220655, -0.15006168747123982], "world_orientation": [0.9369398126171745, 0.3494906959049391, 0.00020250623591612849, -0.34949068416053164, 0.9369390987478217, 0.0011776767908256002, 0.00022185107100666343, -0.001174186314656835, 0.9999992860340455], "world_rotation": [0.0033646816049747712, 2.7675594990483757e-05, 0.9999943390598561, -0.35702957135027896]}], "source": "action wait"}
{"timestamp": 1706068152.268021, "objects": [{"color": "cv_", "id_name": "hand", "shape": "CVCylinder", "id_string": "ob383", "world_size": [0.12, 0.005, 0.12], "id": 383, "camera_size": [49, 49], "camera_position": [246, 193], "world_position": [0.8534113959013697, 0.6915129977118584, -0.17420206080528702], "world_orientation": [1.980257597982584e-05, 0.022646640536542275, 0.9997435317521522, -0.0008218427295222638, -0.9997431939534273, 0.022646649163351976, 0.9999996620911359, -0.000822080414948519, -1.1855136851299477e-06], "world_rotation": [0.0, 1.0, 0.0, 0.0]}, {"color": "CVGreen", "id_name": "object140883763443916", "shape": "CVCone", "id_string": "ob730", "world_size": [0.11, 0.11, 0.11], "id": 730, "camera_size": [47, 60], "camera_position": [256, 243], "world_position": [0.729550139022003, 0.6615344845551036, -0.15006688813067282], "world_orientation": [0.9250717672305382, 0.37979226279580075, 0.0002501867592519158, -0.37979225637587505, 0.9250708996283279, 0.0012933127069589942, 0.00025974966902225327, -0.001291426065219921, 0.9999991323740374], "world_rotation": [0.0034028126458280333, 1.2589585705013087e-05, 0.9999942103370398, -0.3895740963058088]}], "source": "action wait"}
{"timestamp": 1706068152.305207, "objects": [{"color": "cv_", "id_name": "hand", "shape": "CVCylinder", "id_string": "ob383", "world_size": [0.12, 0.005, 0.12], "id": 383, "camera_size": [49, 49], "camera_position": [246, 192], "world_position": [0.855593113878101, 0.6899573348340355, -0.1742070949085017], "world_orientation": [1.921392589978585e-05, 0.0213086711987191, 0.9997729443041405, -0.000823950742090816, -0.9997726047809445, 0.021308679797211984, 0.9999996603679422, -0.0008241730827767166, -1.652261297393098e-06], "world_rotation": [0.0, 1.0, 0.0, 0.0]}, {"color": "CVGreen", "id_name": "object140883763443916", "shape": "CVCone", "id_string": "ob730", "world_size": [0.11, 0.11, 0.11], "id": 730, "camera_size": [47, 61], "camera_position": [256, 243], "world_position": [0.7312197638892838, 0.6617945502184749, -0.15007120256879553], "world_orientation": [0.9159148315906351, 0.40137255661795396, 0.0003034242343389301, -0.4013725699899167, 0.9159138015357958, 0.0014029311945273437, 0.0002851876363550624, -0.0014067516535025998, 0.9999989698583683], "world_rotation": [-0.003500071871019233, 2.2717654297237256e-05, -0.999993874471642, 0.4130176100529904]}], "source": "action wait"}
{"timestamp": 1706068152.340224, "objects": [{"color": "cv_", "id_name": "hand", "shape": "CVCylinder", "id_string": "ob383", "world_size": [0.12, 0.005, 0.12], "id": 383, "camera_size": [49, 49], "camera_position": [246, 192], "world_position": [0.857012266954482, 0.6878931349364106, -0.17421293901146762], "world_orientation": [1.9124277105681038e-05, 0.018982725756531274, 0.9998198116446356, -0.0008254668768050267, -0.9998194708913507, 0.018982735076242097, 0.9999996591192907, -0.0008256811683722661, -3.4512132731188598e-06], "world_rotation": [0.0, 1.0, 0.0, 0.0]}, {"color": "CVGreen", "id_name": "object140883763443916", "shape": "CVCone", "id_string": "ob730", "world_size": [0.11, 0.11, 0.11], "id": 730, "camera_size": [47, 62], "camera_position": [256, 242], "world_position": [0.7316733587177031, 0.6628312373293068, -0.15007317839205173], "world_orientation": [0.8976945661251662, 0.44061805334366055, 0.0004438659630176013, -0.44061820075975466, 0.8976933632220702, 0.0014922420329740273, 0.00025905325052552884, -0.0015351529863476662, 0.9999987880976267], "world_rotation": [-0.0034353751042788976, 0.0002097185822786262, -0.9999940770904642, 0.4562900359278764]}], "source": "action wait"}
{"timestamp": 1706068152.365889, "objects": [{"color": "cv_", "id_name": "hand", "shape": "CVCylinder", "id_string": "ob383", "world_size": [0.12, 0.005, 0.12], "id": 383, "camera_size": [49, 49], "camera_position": [246, 192], "world_position": [0.857579858325889, 0.6831765789004064, -0.17419592168773432], "world_orientation": [1.296857483588453e-05, 0.012960057305353604, 0.999916014846476, -0.0008151689354750279, -0.9999156825712049, 0.012960063571153063, 0.9999996676656561, -0.0008152685469414955, -2.40284524135955e-06], "world_rotation": [0.0, 1.0, 0.0, 0.0]}, {"color": "CVGreen", "id_name": "object140883763443916", "shape": "CVCone", "id_string": "ob730", "world_size": [0.11, 0.11, 0.11], "id": 730, "camera_size": [47, 65], "camera_position": [256, 244], "world_position": [0.7290186665724744, 0.6678600333331849, -0.15005884128677685], "world_orientation": [0.821429637196992, 0.570309479397585, 0.0006699579641143523, -0.5703098502693734, 0.8214287068308584, 0.0012467076274600118, 0.00016068647388423058, -0.0014061662203160308, 0.9999989984377075], "world_rotation": [-0.0023258122487583026, 0.00044648556165366703, -0.9999971956200812, 0.6068847356771798]}], "source": "action wait"}
{"timestamp": 1706068152.396463, "objects": [{"color": "cv_", "id_name": "hand", "shape": "CVCylinder", "id_string": "ob383", "world_size": [0.12, 0.005, 0.12], "id": 383, "camera_size": [49, 49], "camera_position": [246, 192], "world_position": [0.857903489860515, 0.6795871682450176, -0.17416431819510292], "world_orientation": [6.650526934736968e-06, 0.00863217084535049, 0.999962742097058, -0.0007971437760505548, -0.9999624243660963, 0.008632173404164436, 0.9999996822587349, -0.0007971714846472064, 2.3080422657920172e-07], "world_rotation": [0.0, 1.0, 0.0, 0.0]}, {"color": "CVGreen", "id_name": "object140883763443916", "shape": "CVCone", "id_string": "ob730", "world_size": [0.11, 0.11, 0.11], "id": 730, "camera_size": [47, 66], "camera_position": [256, 244], "world_position": [0.7266503962747043, 0.6720044794152051, -0.15002439628247843], "world_orientation": [0.7433147534285689, 0.6689405725184709, 0.0012991435972634932, -0.6689416727047137, 0.7433145212095077, 0.0007490514670744838, -0.0004646013837517051, -0.0014258322975908377, 0.9999988755732745], "world_rotation": [-0.0016256131724796778, 0.0013183081875984461, -0.9999978097202693, 0.7327853106967672]}], "source": "action wait"}
{"timestamp": 1706068152.431784, "objects": [{"color": "cv_", "id_name": "hand", "shape": "CVCylinder", "id_string": "ob383", "world_size": [0.12, 0.005, 0.12], "id": 383, "camera_size": [49, 49], "camera_position": [246, 192], "world_position": [0.8581510854238722, 0.6772537365224084, -0.17416033380360604], "world_orientation": [6.831768755038982e-06, 0.005638143163786211, 0.9999841055211786, -0.0007939613143947226, -0.9999837903316082, 0.005638146810920751, 0.9999996847893294, -0.0007939872133090126, -2.355190456921137e-06], "world_rotation": [0.0, 1.0, 0.0, 0.0]}, {"color": "CVGreen", "id_name": "object140883763443916", "shape": "CVCone", "id_string": "ob730", "world_size": [0.11, 0.11, 0.11], "id": 730, "camera_size": [47, 67], "camera_position": [256, 245], "world_position": [0.7258340912898172, 0.672374381118872, -0.15002002014804786], "world_orientation": [0.7186400970311393, 0.6953800706529593, 0.0017228690490511628, -0.6953817856395487, 0.7186401788170573, 0.0006823419528908209, -0.000763635926077804, -0.0016884100429861854, 0.9999982830643757], "world_rotation": [-0.001704637463034891, 0.0017878671155814028, -0.9999969488664937, 0.7689527844732071]}], "source": "action wait"}
{"timestamp": 1706068152.460841, "objects": [{"color": "cv_", "id_name": "hand", "shape": "CVCylinder", "id_string": "ob383", "world_size": [0.12, 0.005, 0.12], "id": 383, "camera_size": [49, 49], "camera_position": [246, 192], "world_position": [0.8583794926911283, 0.6757240235836031, -0.17416559857802044], "world_orientation": [5.929305898168613e-06, 0.0035556537962422134, 0.9999936786254825, -0.0007963057027965294, -0.9999933615768403, 0.0035556573904900897, 0.9999996829309853, -0.0007963217516306533, -3.0978791414511243e-06], "world_rotation": [0.0, 1.0, 0.0, 0.0]}, {"color": "CVGreen", "id_name": "object140883763443916", "shape": "CVCone", "id_string": "ob730", "world_size": [0.11, 0.11, 0.11], "id": 730, "camera_size": [47, 67], "camera_position": [256, 245], "world_position": [0.7260121154587085, 0.6717166094933013, -0.1500239732566838], "world_orientation": [0.7169462380047255, 0.6971262558345227, 0.0017536353700822814, -0.6971280854400699, 0.7169461957094935, 0.0007648191599941839, -0.0007240866898448509, -0.001770842687617213, 0.9999981699056462], "world_rotation": [-0.0018186449741303676, 0.0017770889978185303, -0.9999967672373505, 0.7713857634837339]}], "source": "action wait"}
{"timestamp": 1706068152.500456, "objects": [{"color": "cv_", "id_name": "hand", "shape": "CVCylinder", "id_string": "ob383", "world_size": [0.12, 0.005, 0.12], "id": 383, "camera_size": [49, 49], "camera_position": [246, 192], "world_position": [0.8585425881403812, 0.6746525437938614, -0.17416860257491792], "world_orientation": [4.821491153645964e-06, 0.0020886589244907385, 0.9999978187379464, -0.000798286954829146, -0.9999975001111436, 0.0020886621079288328, 0.9999996813572947, -0.0007982952840223416, -3.154129927554595e-06], "world_rotation": [0.0, 1.0, 0.0, 0.0]}, {"color": "CVGreen", "id_name": "object140883763443916", "shape": "CVCone", "id_string": "ob730", "world_size": [0.11, 0.11, 0.11], "id": 730, "camera_size": [47, 67], "camera_position": [256, 245], "world_position": [0.7261371708270313, 0.671242055631465, -0.15002611876951658], "world_orientation": [0.7157185841168254, 0.6983865319317846, 0.0017777418544912757, -0.6983884473845621, 0.7157184476555752, 0.0008247698311077518, -0.000696354498439533, -0.0018318574693514268, 0.9999980796924686], "world_rotation": [-0.0019019658621611528, 0.001771286022001834, -0.99999662253014, 0.7731453174859163]}], "source": "action wait"}
{"timestamp": 1706068152.535247, "objects": [{"color": "cv_", "id_name": "hand", "shape": "CVCylinder", "id_string": "ob383", "world_size": [0.12, 0.005, 0.12], "id": 383, "camera_size": [49, 49], "camera_position": [246, 192], "world_position": [0.8586665704560192, 0.6739071543496007, -0.17417150574953405], "world_orientation": [4.161826664244845e-06, 0.001056305958046649, 0.9999994421000457, -0.0008000462729662508, -0.9999991220682967, 0.0010563089496511647, 0.9999996799542691, -0.0008000502227955876, -3.316729365233607e-06], "world_rotation": [0.0, 1.0, 0.0, 0.0]}, {"color": "CVGreen", "id_name": "object140883763443916", "shape": "CVCone", "id_string": "ob730", "world_size": [0.11, 0.11, 0.11], "id": 730, "camera_size": [47, 66], "camera_position": [256, 244], "world_position": [0.7262265939204425, 0.6708670742405793, -0.15002776673150192], "world_orientation": [0.7147986806276017, 0.6993279531894495, 0.0018055638717992596, -0.6993299583925584, 0.7147984569678193, 0.0008804607243692578, -0.0006748834732820992, -0.0018920370714640509, 0.9999979823619735], "world_rotation": [-0.0019822488157891774, 0.001773441919342305, -0.9999964627904396, 0.7744617396301726]}], "source": "action wait"}
{"timestamp": 1706068152.565195, "objects": [{"color": "cv_", "id_name": "hand", "shape": "CVCylinder", "id_string": "ob383", "world_size": [0.12, 0.005, 0.12], "id": 383, "camera_size": [49, 49], "camera_position": [246, 192], "world_position": [0.8587555115126876, 0.6733849916361018, -0.17417384015890763], "world_orientation": [2.862204949376745e-06, 0.0003291891566524329, 0.9999999458131522, -0.0008014076069770154, -0.9999996246893826, 0.0003291913447354193, 0.999999678868776, -0.0008014085057647219, -2.5983891805421563e-06], "world_rotation": [0.0, 1.0, 0.0, 0.0]}, {"color": "CVGreen", "id_name": "object140883763443916", "shape": "CVCone", "id_string": "ob730", "world_size": [0.11, 0.11, 0.11], "id": 730, "camera_size": [47, 66], "camera_position": [256, 244], "world_position": [0.7262883128306272, 0.6705943917407085, -0.15002889793554777], "world_orientation": [0.7141232762824201, 0.7000175603596179, 0.0018334284363284714, -0.7000196522460571, 0.7141229728712253, 0.0009306378848420145, -0.0006578305037721876, -0.00194802611177261, 0.9999978862244141], "world_rotation": [-0.0020561263145613042, 0.0017794167951351958, -0.99999630300339, 0.7754271749689646]}], "source": "action wait"}
{"timestamp": 1706068154.484248, "objects": [{"color": "cv_", "id_name": "hand", "shape": "CVCylinder", "id_string": "ob383", "world_size": [0.12, 0.005, 0.12], "id": 383, "camera_size": [49, 49], "camera_position": [246, 192], "world_position": [0.8589367245333673, 0.672137974674514, -0.1741642824394226], "world_orientation": [1.0190311144760654e-06, -0.001405216376214824, 0.9999990126824614, -0.0008055165702758625, -0.9999986882559293, -0.001405215099477344, 0.9999996755709557, -0.0008055143430176863, -2.150954853276487e-06], "world_rotation": [0.0, 1.0, 0.0, 0.0]}, {"color": "CVGreen", "id_name": "object140883763443916", "shape": "CVCone", "id_string": "ob730", "world_size": [0.11, 0.11, 0.11], "id": 730, "camera_size": [47, 67], "camera_position": [256, 245], "world_position": [0.7262198866746665, 0.6699532173175359, -0.14999906869135615], "world_orientation": [0.7104692142051502, 0.7037242222915329, 0.0023905285804245125, -0.7037281570424737, 0.7104670171567892, 0.0018161822425722413, -0.0004203002737684145, -0.0029726238429931516, 0.9999954934174293], "world_rotation": [-0.0034024375438816996, 0.0019970885126794308, -0.9999922174978325, 0.7806363497943246]}], "source": "action wait"}
{"timestamp": 1706068154.516165, "objects": [{"color": "cv_", "id_name": "hand", "shape": "CVCylinder", "id_string": "ob383", "world_size": [0.12, 0.005, 0.12], "id": 383, "camera_size": [49, 49], "camera_position": [246, 203], "world_position": [0.8306660089536966, 0.6727713382329759, -0.17410544960166452], "world_orientation": [-5.423687829131773e-05, -0.0023163467994596772, 0.9999973157943304, -0.0008061643602079026, -0.9999969922141966, -0.002316389773889092, 0.9999996735786395, -0.0008062878300475717, 5.236935892315025e-05], "world_rotation": [0.0, 1.0, 0.0, 0.0]}, {"color": "CVGreen", "id_name": "object140883763443916", "shape": "CVCone", "id_string": "ob730", "world_size": [0.11, 0.11, 0.11], "id": 730, "camera_size": [47, 66], "camera_position": [256, 256], "world_position": [0.6994232957661551, 0.6692457736756415, -0.14998110475292015], "world_orientation": [0.7305364374239058, 0.6828713188478717, 0.0018098317480100547, -0.6828736903844072, 0.7305345853260053, 0.0016560867556731464, -0.00019125053856935037, -0.0024457182032928634, 0.9999969909383237], "world_rotation": [-0.003003329339841442, 0.0014651864734777438, -0.9999944166051499, 0.7516927064758417]}], "source": "action wait"}
{"timestamp": 1706068154.547509, "objects": [{"color": "cv_", "id_name": "hand", "shape": "CVCylinder", "id_string": "ob383", "world_size": [0.12, 0.005, 0.12], "id": 383, "camera_size": [49, 48], "camera_position": [246, 217], "world_position": [0.7950320418017094, 0.6754144247353278, -0.17411122773604915], "world_orientation": [-3.692441830488839e-05, -0.00208149997398623, 0.9999978329948749, -0.0007940185639906932, -0.9999975183834457, -0.002081528637857895, 0.9999996840855038, -0.0007940937025828998, 3.5271577052705256e-05], "world_rotation": [0.0, 1.0, 0.0, 0.0]}, {"color": "CVGreen", "id_name": "object140883763443916", "shape": "CVCone", "id_string": "ob730", "world_size": [0.11, 0.11, 0.11], "id": 730, "camera_size": [47, 66], "camera_position": [256, 271], "world_position": [0.6632769684175694, 0.6712763381359204, -0.14998417087019925], "world_orientation": [0.7263690712504277, 0.6872974693984466, -0.00318761498340199, -0.6872965517164944, 0.7263752832431961, 0.0015485128293823943, 0.0033796936854044238, 0.0010660449605941569, 0.9999937205896521], "world_rotation": [0.00035098532759282564, 0.004777580298380321, 0.9999885257020664, -0.7577721307609779]}], "source": "action wait"}
{"timestamp": 1706068154.57376, "objects": [{"color": "cv_", "id_name": "hand", "shape": "CVCylinder", "id_string": "ob383", "world_size": [0.12, 0.005, 0.12], "id": 383, "camera_size": [49, 49], "camera_position": [246, 228], "world_position": [0.7696119808733838, 0.675928535591933, -0.17412422752616788], "world_orientation": [-2.1055046573624817e-05, -0.0018595208982746878, 0.9999982708678621, -0.0007933417581658715, -0.9999979563633797, -0.0018595370173221707, 0.9999996850827204, -0.0007933795390120324, 1.9579767966318637e-05], "world_rotation": [0.0, 1.0, 0.0, 0.0]}, {"color": "CVGreen", "id_name": "object140883763443916", "shape": "CVCone", "id_string": "ob730", "world_size": [0.11, 0.11, 0.11], "id": 730, "camera_size": [47, 66], "camera_position": [256, 282], "world_position": [0.6377009082564683, 0.6717506752648492, -0.14999147239837954], "world_orientation": [0.7261174139815145, 0.6875016974353473, -0.009742542600067707, -0.6875230384012229, 0.726161040906064, 0.0014880651102534698, 0.008097702164730415, 0.005617712500458534, 0.9999514330835841], "world_rotation": [-0.0030030595956673104, 0.012973339650511936, 0.9999113331147805, -0.7581417541176589]}], "source": "action wait"}
