{"timestamp": 1706031071.162118, "objects": [{"color": "cv_", "id_name": "hand", "shape": "CVCylinder", "id_string": "ob382", "world_size": [0.12, 0.005, 0.12], "id": 382, "camera_size": [48, 50], "camera_position": [246, 426], "world_position": [0.2676445155400264, 0.6334703013847396, -0.17389260400847809], "world_orientation": [-0.0006415511262258993, 0.19791547486656444, 0.9802188802611866, -0.0007473675200763084, -0.9802189031249371, 0.1979149903325552, 0.9999995149268536, -0.0006056111687282286, 0.0007767761388838977], "world_rotation": [0.0, 1.0, 0.0, 0.0]}, {"color": "CVBlue", "id_name": "object276422826873963", "shape": "CVCone", "id_string": "ob1030", "world_size": [0.09, 0.09, 0.09], "id": 1030, "camera_size": [37, 37], "camera_position": [256, 254], "world_position": [0.705, 0.644856964849591, -0.15], "world_orientation": [1.0, -3.248937977869676e-17, -1.2807790779525605e-17, 3.248937977869676e-17, 1.0, -6.497875955739369e-17, 1.2807790779525605e-17, 6.497875955739369e-17, 1.0], "world_rotation": [-0.8808431718627018, 0.17362065899128884, -0.4404215859313497, -7.376881791566185e-17]}], "source": "manual check"}
{"timestamp": 1706031072.169766, "objects": [{"color": "cv_", "id_name": "hand", "shape": "CVCylinder", "id_string": "ob382", "world_size": [0.12, 0.005, 0.12], "id": 382, "camera_size": [48, 50], "camera_position": [246, 426], "world_position": [0.2676445155400264, 0.6334703013847396, -0.17389260400847809], "world_orientation": [-0.0006415511262258993, 0.19791547486656444, 0.9802188802611866, -0.0007473675200763084, -0.9802189031249371, 0.1979149903325552, 0.9999995149268536, -0.0006056111687282286, 0.0007767761388838977], "world_rotation": [0.0, 1.0, 0.0, 0.0]}, {"color": "CVBlue", "id_name": "object276422826873963", "shape": "CVCone", "id_string": "ob1030", "world_size": [0.09, 0.09, 0.09], "id": 1030, "camera_size": [37, 37], "camera_position": [256, 254], "world_position": [0.705, 0.6448569696296074, -0.15], "world_orientation": [1.0, -4.331917303826236e-17, -1.1712398707441946e-17, 4.331917303826236e-17, 1.0, -5.775889738434995e-17, 1.1712398707441946e-17, 5.775889738434995e-17, 1.0], "world_rotation": [-0.7896765794068324, 0.16013129347666225, -0.5922574345551229, -7.314247236221149e-17]}], "source": "manual check"}
{"timestamp": 1706031074.598353, "objects": [{"color": "cv_", "id_name": "hand", "shape": "CVCylinder", "id_string": "ob382", "world_size": [0.12, 0.005, 0.12], "id": 382, "camera_size": [48, 50], "camera_position": [246, 426], "world_position": [0.2676445155400264, 0.6334703013847396, -0.17389260400847809], "world_orientation": [-0.0006415511262258993, 0.19791547486656444, 0.9802188802611866, -0.0007473675200763084, -0.9802189031249371, 0.1979149903325552, 0.9999995149268536, -0.0006056111687282286, 0.0007767761388838977], "world_rotation": [0.0, 1.0, 0.0, 0.0]}, {"color": "CVBlue", "id_name": "object276422826873963", "shape": "CVCone", "id_string": "ob1030", "world_size": [0.09, 0.09, 0.09], "id": 1030, "camera_size": [37, 37], "camera_position": [256, 254], "world_position": [0.705, 0.6448569696296074, -0.15], "world_orientation": [1.0, -4.331917303826236e-17, -1.1712398707441946e-17, 4.331917303826236e-17, 1.0, -5.775889738434995e-17, 1.1712398707441946e-17, 5.775889738434995e-17, 1.0], "world_rotation": [-0.7896765794068324, 0.16013129347666225, -0.5922574345551229, -7.314247236221149e-17]}], "source": "action wait"}
{"timestamp": 1706031074.629905, "objects": [{"color": "cv_", "id_name": "hand", "shape": "CVCylinder", "id_string": "ob382", "world_size": [0.12, 0.005, 0.12], "id": 382, "camera_size": [49, 51], "camera_position": [246, 421], "world_position": [0.2919867425774027, 0.6685406773781646, -0.17395566647762772], "world_orientation": [-0.00037646433554616005, 0.20624059287736138, 0.9785012397152079, -0.0007131353480898216, -0.9785011156095076, 0.20624029235075417, 0.999999674856237, -0.0006201617075682418, 0.0005154482293113888], "world_rotation": [0.0, 1.0, 0.0, 0.0]}, {"color": "CVBlue", "id_name": "object276422826873963", "shape": "CVCone", "id_string": "ob1030", "world_size": [0.09, 0.09, 0.09], "id": 1030, "camera_size": [37, 37], "camera_position": [256, 254], "world_position": [0.705, 0.6448569696296074, -0.15], "world_orientation": [1.0, -4.331917303826236e-17, -1.1712398707441946e-17, 4.331917303826236e-17, 1.0, -5.775889738434995e-17, 1.1712398707441946e-17, 5.775889738434995e-17, 1.0], "world_rotation": [-0.7896765794068324, 0.16013129347666225, -0.5922574345551229, -7.314247236221149e-17]}], "source": "action wait"}
{"timestamp": 1706031074.659907, "objects": [{"color": "cv_", "id_name": "hand", "shape": "CVCylinder", "id_string": "ob382", "world_size": [0.12, 0.005, 0.12], "id": 382, "camera_size": [51, 52], "camera_position": [246, 405], "world_position": [0.3386398687860773, 0.7074387853067565, -0.17398341065710263], "world_orientation": [-0.00021196511773783188, 0.20085368884866014, 0.9796212282033677, -0.0007285585181759333, -0.9796210212374985, 0.20085348877250364, 0.9999997121365958, -0.0006711374569980997, 0.00035397915102324126], "world_rotation": [0.0, 1.0, 0.0, 0.0]}, {"color": "CVBlue", "id_name": "object276422826873963", "shape": "CVCone", "id_string": "ob1030", "world_size": [0.09, 0.09, 0.09], "id": 1030, "camera_size": [37, 37], "camera_position": [256, 254], "world_position": [0.705, 0.6448569696296074, -0.15], "world_orientation": [1.0, -4.331917303826236e-17, -1.1712398707441946e-17, 4.331917303826236e-17, 1.0, -5.775889738434995e-17, 1.1712398707441946e-17, 5.775889738434995e-17, 1.0], "world_rotation": [-0.7896765794068324, 0.16013129347666225, -0.5922574345551229, -7.314247236221149e-17]}], "source": "action wait"}
{"timestamp": 1706031074.690074, "objects": [{"color": "cv_", "id_name": "hand", "shape": "CVCylinder", "id_string": "ob382", "world_size": [0.12, 0.005, 0.12], "id": 382, "camera_size": [51, 53], "camera_position": [246, 388], "world_position": [0.3896483165450985, 0.7412619809720772, -0.17400399335125744], "world_orientation": [-0.00010489507999309852, 0.19698511817682585, 0.9804064729559285, -0.0007393838217269586, -0.9804062256388604, 0.19698498937768982, 0.9999997211542544, -0.0007042339286020777, 0.0002484873989654669], "world_rotation": [0.0, 1.0, 0.0, 0.0]}, {"color": "CVBlue", "id_name": "object276422826873963", "shape": "CVCone", "id_string": "ob1030", "world_size": [0.09, 0.09, 0.09], "id": 1030, "camera_size": [37, 37], "camera_position": [256, 254], "world_position": [0.705, 0.6448569696296074, -0.15], "world_orientation": [1.0, -4.331917303826236e-17, -1.1712398707441946e-17, 4.331917303826236e-17, 1.0, -5.775889738434995e-17, 1.1712398707441946e-17, 5.775889738434995e-17, 1.0], "world_rotation": [-0.7896765794068324, 0.16013129347666225, -0.5922574345551229, -7.314247236221149e-17]}], "source": "action wait"}
{"timestamp": 1706031074.721296, "objects": [{"color": "cv_", "id_name": "hand", "shape": "CVCylinder", "id_string": "ob382", "world_size": [0.12, 0.005, 0.12], "id": 382, "camera_size": [52, 53], "camera_position": [245, 367], "world_position": [0.44408518400094693, 0.7696637707424447, -0.17402260901852767], "world_orientation": [-2.952212643946053e-05, 0.19425381532003905, 0.9809513007086805, -0.0007465308188597608, -0.9809510320711805, 0.1942537396556955, 0.9999997209100514, -0.0007265755943164315, 0.00017397622021765423], "world_rotation": [0.0, 1.0, 0.0, 0.0]}, {"color": "CVBlue", "id_name": "object276422826873963", "shape": "CVCone", "id_string": "ob1030", "world_size": [0.09, 0.09, 0.09], "id": 1030, "camera_size": [37, 37], "camera_position": [256, 254], "world_position": [0.705, 0.6448569696296074, -0.15], "world_orientation": [1.0, -4.331917303826236e-17, -1.1712398707441946e-17, 4.331917303826236e-17, 1.0, -5.775889738434995e-17, 1.1712398707441946e-17, 5.775889738434995e-17, 1.0], "world_rotation": [-0.7896765794068324, 0.16013129347666225, -0.5922574345551229, -7.314247236221149e-17]}], "source": "action wait"}
{"timestamp": 1706031074.789095, "objects": [{"color": "cv_", "id_name": "hand", "shape": "CVCylinder", "id_string": "ob382", "world_size": [0.12, 0.005, 0.12], "id": 382, "camera_size": [54, 54], "camera_position": [245, 318], "world_position": [0.5606321265792586, 0.8092067562893556, -0.1740525818052401], "world_orientation": [6.054297718963262e-05, 0.19095988574317466, 0.9815978394289087, -0.0007546076160577352, -0.9815975530267059, 0.19095987656921393, 0.9999997134509058, -0.0007522824849904274, 8.467094588144652e-05], "world_rotation": [0.0, 1.0, 0.0, 0.0]}, {"color": "CVBlue", "id_name": "object276422826873963", "shape": "CVCone", "id_string": "ob1030", "world_size": [0.09, 0.09, 0.09], "id": 1030, "camera_size": [37, 37], "camera_position": [256, 254], "world_position": [0.705, 0.6448569696296074, -0.15], "world_orientation": [1.0, -4.331917303826236e-17, -1.1712398707441946e-17, 4.331917303826236e-17, 1.0, -5.775889738434995e-17, 1.1712398707441946e-17, 5.775889738434995e-17, 1.0], "world_rotation": [-0.7896765794068324, 0.16013129347666225, -0.5922574345551229, -7.314247236221149e-17]}], "source": "action wait"}
{"timestamp": 1706031074.824594, "objects": [{"color": "cv_", "id_name": "hand", "shape": "CVCylinder", "id_string": "ob382", "world_size": [0.12, 0.005, 0.12], "id": 382, "camera_size": [54, 54], "camera_position": [245, 291], "world_position": [0.6216625664735602, 0.8138979819008373, -0.17406304628865785], "world_orientation": [8.080829328360605e-05, 0.1813490035547335, 0.9834187980609914, -0.0007644293006180334, -0.9834185027380201, 0.1813490119089574, 0.9999997045588885, -0.000766408648157712, 5.916012116576778e-05], "world_rotation": [0.0, 1.0, 0.0, 0.0]}, {"color": "CVBlue", "id_name": "object276422826873963", "shape": "CVCone", "id_string": "ob1030", "world_size": [0.09, 0.09, 0.09], "id": 1030, "camera_size": [37, 37], "camera_position": [256, 254], "world_position": [0.705, 0.6448569696296074, -0.15], "world_orientation": [1.0, -4.331917303826236e-17, -1.1712398707441946e-17, 4.331917303826236e-17, 1.0, -5.775889738434995e-17, 1.1712398707441946e-17, 5.775889738434995e-17, 1.0], "world_rotation": [-0.7896765794068324, 0.16013129347666225, -0.5922574345551229, -7.314247236221149e-17]}], "source": "action wait"}
{"timestamp": 1706031074.858959, "objects": [{"color": "cv_", "id_name": "hand", "shape": "CVCylinder", "id_string": "ob382", "world_size": [0.12, 0.005, 0.12], "id": 382, "camera_size": [53, 53], "camera_position": [245, 263], "world_position": [0.6838059936913936, 0.7936117602233785, -0.1740707888516358], "world_orientation": [7.155572760188052e-05, 0.14537881330943242, 0.9893760637495325, -0.0007771421831667695, -0.9893757594312077, 0.1453788247990349, 0.9999996954648561, -0.000779288561741955, 4.2184506024136846e-05], "world_rotation": [0.0, 1.0, 0.0, 0.0]}, {"color": "CVBlue", "id_name": "object276422826873963", "shape": "CVCone", "id_string": "ob1030", "world_size": [0.09, 0.09, 0.09], "id": 1030, "camera_size": [37, 37], "camera_position": [256, 254], "world_position": [0.705, 0.6448569696296074, -0.15], "world_orientation": [1.0, -4.331917303826236e-17, -1.1712398707441946e-17, 4.331917303826236e-17, 1.0, -5.775889738434995e-17, 1.1712398707441946e-17, 5.775889738434995e-17, 1.0], "world_rotation": [-0.7896765794068324, 0.16013129347666225, -0.5922574345551229, -7.314247236221149e-17]}], "source": "action wait"}
{"timestamp": 1706031074.891239, "objects": [{"color": "cv_", "id_name": "hand", "shape": "CVCylinder", "id_string": "ob382", "world_size": [0.12, 0.005, 0.12], "id": 382, "camera_size": [52, 52], "camera_position": [245, 239], "world_position": [0.7379802564461602, 0.7621067886531392, -0.17407249685766302], "world_orientation": [3.8734926545469965e-05, 0.1022093813034465, 0.9947629068643303, -0.0007767010871032846, -0.9947626044829235, 0.10220938047836892, 0.9999996976174678, -0.0007765925040169722, 4.085408115611404e-05], "world_rotation": [0.0, 1.0, 0.0, 0.0]}, {"color": "CVBlue", "id_name": "object276422826873963", "shape": "CVCone", "id_string": "ob1030", "world_size": [0.09, 0.09, 0.09], "id": 1030, "camera_size": [37, 37], "camera_position": [256, 254], "world_position": [0.705, 0.6448569696296074, -0.15], "world_orientation": [1.0, -4.331917303826236e-17, -1.1712398707441946e-17, 4.331917303826236e-17, 1.0, -5.775889738434995e-17, 1.1712398707441946e-17, 5.775889738434995e-17, 1.0], "world_rotation": [-0.7896765794068324, 0.16013129347666225, -0.5922574345551229, -7.314247236221149e-17]}], "source": "action wait"}
{"timestamp": 1706031074.930043, "objects": [{"color": "cv_", "id_name": "hand", "shape": "CVCylinder", "id_string": "ob382", "world_size": [0.12, 0.005, 0.12], "id": 382, "camera_size": [51, 51], "camera_position": [246, 224], "world_position": [0.7751572139400702, 0.7363580139263496, -0.17407394188269593], "world_orientation": [1.366848041084156e-05, 0.07158647244500892, 0.9974343972292377, -0.0007699278159844928, -0.9974341009350196, 0.07158646173060573, 0.9999997035121214, -0.0007689309651967005, 4.148300791427348e-05], "world_rotation": [0.0, 1.0, 0.0, 0.0]}, {"color": "CVBlue", "id_name": "object276422826873963", "shape": "CVCone", "id_string": "ob1030", "world_size": [0.09, 0.09, 0.09], "id": 1030, "camera_size": [37, 37], "camera_position": [256, 254], "world_position": [0.705, 0.6448569696296074, -0.15], "world_orientation": [1.0, -4.331917303826236e-17, -1.1712398707441946e-17, 4.331917303826236e-17, 1.0, -5.775889738434995e-17, 1.1712398707441946e-17, 5.775889738434995e-17, 1.0], "world_rotation": [-0.7896765794068324, 0.16013129347666225, -0.5922574345551229, -7.314247236221149e-17]}], "source": "action wait"}
{"timestamp": 1706031074.960799, "objects": [{"color": "cv_", "id_name": "hand", "shape": "CVCylinder", "id_string": "ob382", "world_size": [0.12, 0.005, 0.12], "id": 382, "camera_size": [51, 51], "camera_position": [246, 214], "world_position": [0.8006398328147617, 0.7165687487880683, -0.1740774880010871], "world_orientation": [8.33253716467576e-08, 0.049961663067470095, 0.998751136281469, -0.0007648998999529385, -0.9987508441076546, 0.049961648515542946, 0.9999997074640252, -0.0007639488072928541, 3.813244979690446e-05], "world_rotation": [0.0, 1.0, 0.0, 0.0]}, {"color": "CVBlue", "id_name": "object276422826873963", "shape": "CVCone", "id_string": "ob1030", "world_size": [0.09, 0.09, 0.09], "id": 1030, "camera_size": [37, 37], "camera_position": [256, 254], "world_position": [0.705, 0.6448569696296074, -0.15], "world_orientation": [1.0, -4.331917303826236e-17, -1.1712398707441946e-17, 4.331917303826236e-17, 1.0, -5.775889738434995e-17, 1.1712398707441946e-17, 5.775889738434995e-17, 1.0], "world_rotation": [-0.7896765794068324, 0.16013129347666225, -0.5922574345551229, -7.314247236221149e-17]}], "source": "action wait"}
{"timestamp": 1706031074.990549, "objects": [{"color": "cv_", "id_name": "hand", "shape": "CVCylinder", "id_string": "ob382", "world_size": [0.12, 0.005, 0.12], "id": 382, "camera_size": [49, 50], "camera_position": [246, 207], "world_position": [0.8181964769045168, 0.7018496213271627, -0.17408169239578308], "world_orientation": [-6.764120022958725e-06, 0.0347072656116615, 0.9993975213437386, -0.0007618409820450478, -0.9993972315194111, 0.03470725039029753, 0.9999997097762403, -0.0007611472251069407, 3.320146014267312e-05], "world_rotation": [0.0, 1.0, 0.0, 0.0]}, {"color": "CVBlue", "id_name": "object276422826873963", "shape": "CVCone", "id_string": "ob1030", "world_size": [0.09, 0.09, 0.09], "id": 1030, "camera_size": [37, 37], "camera_position": [256, 254], "world_position": [0.705, 0.6448569696296074, -0.15], "world_orientation": [1.0, -4.331917303826236e-17, -1.1712398707441946e-17, 4.331917303826236e-17, 1.0, -5.775889738434995e-17, 1.1712398707441946e-17, 5.775889738434995e-17, 1.0], "world_rotation": [-0.7896765794068324, 0.16013129347666225, -0.5922574345551229, -7.314247236221149e-17]}], "source": "action wait"}
{"timestamp": 1706031075.026542, "objects": [{"color": "cv_", "id_name": "hand", "shape": "CVCylinder", "id_string": "ob382", "world_size": [0.12, 0.005, 0.12], "id": 382, "camera_size": [49, 50], "camera_position": [246, 202], "world_position": [0.8303543294638387, 0.6911174008961246, -0.17408580279837088], "world_orientation": [-9.78282069796958e-06, 0.02395217657843558, 0.999713105416475, -0.0007603079059683123, -0.9997128166912927, 0.02395216222076427, 0.9999997109180506, -0.000759855458040301, 2.799104045325955e-05], "world_rotation": [0.0, 1.0, 0.0, 0.0]}, {"color": "CVBlue", "id_name": "object276422826873963", "shape": "CVCone", "id_string": "ob1030", "world_size": [0.09, 0.09, 0.09], "id": 1030, "camera_size": [37, 37], "camera_position": [256, 254], "world_position": [0.705, 0.6448569696296074, -0.15], "world_orientation": [1.0, -4.331917303826236e-17, -1.1712398707441946e-17, 4.331917303826236e-17, 1.0, -5.775889738434995e-17, 1.1712398707441946e-17, 5.775889738434995e-17, 1.0], "world_rotation": [-0.7896765794068324, 0.16013129347666225, -0.5922574345551229, -7.314247236221149e-17]}], "source": "action wait"}
{"timestamp": 1706031075.060646, "objects": [{"color": "cv_", "id_name": "hand", "shape": "CVCylinder", "id_string": "ob382", "world_size": [0.12, 0.005, 0.12], "id": 382, "camera_size": [49, 49], "camera_position": [246, 199], "world_position": [0.8388107025755746, 0.6833901596148331, -0.17408947412931913], "world_orientation": [-1.0695125144732266e-05, 0.01637114344724708, 0.9998659837937504, -0.0007597769577491831, -0.9998656953920925, 0.016371130598150978, 0.9999997113122527, -0.0007595000440335599, 2.313210630373822e-05], "world_rotation": [0.0, 1.0, 0.0, 0.0]}, {"color": "CVBlue", "id_name": "object276422826873963", "shape": "CVCone", "id_string": "ob1030", "world_size": [0.09, 0.09, 0.09], "id": 1030, "camera_size": [37, 37], "camera_position": [256, 254], "world_position": [0.705, 0.6448569696296074, -0.15], "world_orientation": [1.0, -4.331917303826236e-17, -1.1712398707441946e-17, 4.331917303826236e-17, 1.0, -5.775889738434995e-17, 1.1712398707441946e-17, 5.775889738434995e-17, 1.0], "world_rotation": [-0.7896765794068324, 0.16013129347666225, -0.5922574345551229, -7.314247236221149e-17]}], "source": "action wait"}
{"timestamp": 1706031075.09832, "objects": [{"color": "cv_", "id_name": "hand", "shape": "CVCylinder", "id_string": "ob382", "world_size": [0.12, 0.005, 0.12], "id": 382, "camera_size": [49, 49], "camera_position": [246, 197], "world_position": [0.8447133450796124, 0.6778718004727896, -0.1740925869914936], "world_orientation": [-1.0539630919463087e-05, 0.01102798121755649, 0.9999391899106572, -0.0007598276191514335, -0.9999389014030181, 0.011027970026916892, 0.9999997112754111, -0.0007596651832325202, 1.8918351675752244e-05], "world_rotation": [0.0, 1.0, 0.0, 0.0]}, {"color": "CVBlue", "id_name": "object276422826873963", "shape": "CVCone", "id_string": "ob1030", "world_size": [0.09, 0.09, 0.09], "id": 1030, "camera_size": [37, 37], "camera_position": [256, 254], "world_position": [0.705, 0.6448569696296074, -0.15], "world_orientation": [1.0, -4.331917303826236e-17, -1.1712398707441946e-17, 4.331917303826236e-17, 1.0, -5.775889738434995e-17, 1.1712398707441946e-17, 5.775889738434995e-17, 1.0], "world_rotation": [-0.7896765794068324, 0.16013129347666225, -0.5922574345551229, -7.314247236221149e-17]}], "source": "action wait"}
{"timestamp": 1706031075.124651, "objects": [{"color": "cv_", "id_name": "hand", "shape": "CVCylinder", "id_string": "ob382", "world_size": [0.12, 0.005, 0.12], "id": 382, "camera_size": [49, 49], "camera_position": [246, 196], "world_position": [0.8488446930949702, 0.673952006812519, -0.174095139605966], "world_orientation": [-9.877022203872495e-06, 0.007262208060996614, 0.9999736297705673, -0.0007601698843209239, -0.9999733409523207, 0.007262198455070646, 0.9999997110220541, -0.0007600781095716368, 1.539727075387568e-05], "world_rotation": [0.0, 1.0, 0.0, 0.0]}, {"color": "CVBlue", "id_name": "object276422826873963", "shape": "CVCone", "id_string": "ob1030", "world_size": [0.09, 0.09, 0.09], "id": 1030, "camera_size": [37, 37], "camera_position": [256, 254], "world_position": [0.705, 0.6448569696296074, -0.15], "world_orientation": [1.0, -4.331917303826236e-17, -1.1712398707441946e-17, 4.331917303826236e-17, 1.0, -5.775889738434995e-17, 1.1712398707441946e-17, 5.775889738434995e-17, 1.0], "world_rotation": [-0.7896765794068324, 0.16013129347666225, -0.5922574345551229, -7.314247236221149e-17]}], "source": "action wait"}
{"timestamp": 1706031075.163245, "objects": [{"color": "cv_", "id_name": "hand", "shape": "CVCylinder", "id_string": "ob382", "world_size": [0.12, 0.005, 0.12], "id": 382, "camera_size": [49, 48], "camera_position": [246, 194], "world_position": [0.8517422101724975, 0.6711775521182791, -0.17409718531629645], "world_orientation": [-9.0438952831209e-06, 0.004608147623959814, 0.9999893823904752, -0.0007606239517075508, -0.9999890931917017, 0.00460813941219906, 0.9999997106846643, -0.0007605742001695132, 1.2548864099242894e-05], "world_rotation": [0.0, 1.0, 0.0, 0.0]}, {"color": "CVBlue", "id_name": "object276422826873963", "shape": "CVCone", "id_string": "ob1030", "world_size": [0.09, 0.09, 0.09], "id": 1030, "camera_size": [37, 37], "camera_position": [256, 254], "world_position": [0.705, 0.6448569696296074, -0.15], "world_orientation": [1.0, -4.331917303826236e-17, -1.1712398707441946e-17, 4.331917303826236e-17, 1.0, -5.775889738434995e-17, 1.1712398707441946e-17, 5.775889738434995e-17, 1.0], "world_rotation": [-0.7896765794068324, 0.16013129347666225, -0.5922574345551229, -7.314247236221149e-17]}], "source": "action wait"}
{"timestamp": 1706031075.1944, "objects": [{"color": "cv_", "id_name": "hand", "shape": "CVCylinder", "id_string": "ob382", "world_size": [0.12, 0.005, 0.12], "id": 382, "camera_size": [49, 49], "camera_position": [246, 194], "world_position": [0.8537774604167585, 0.6692183426179231, -0.1740987978941821], "world_orientation": [-8.198020896000786e-06, 0.002737570777345781, 0.999996252812495, -0.0007610878855354374, -0.9999959632368383, 0.0027375637451715128, 0.9999997103389696, -0.0007610625909919755, 1.0281519757330695e-05], "world_rotation": [0.0, 1.0, 0.0, 0.0]}, {"color": "CVBlue", "id_name": "object276422826873963", "shape": "CVCone", "id_string": "ob1030", "world_size": [0.09, 0.09, 0.09], "id": 1030, "camera_size": [37, 37], "camera_position": [256, 254], "world_position": [0.705, 0.6448569696296074, -0.15], "world_orientation": [1.0, -4.331917303826236e-17, -1.1712398707441946e-17, 4.331917303826236e-17, 1.0, -5.775889738434995e-17, 1.1712398707441946e-17, 5.775889738434995e-17, 1.0], "world_rotation": [-0.7896765794068324, 0.16013129347666225, -0.5922574345551229, -7.314247236221149e-17]}], "source": "action wait"}
{"timestamp": 1706031075.22272, "objects": [{"color": "cv_", "id_name": "hand", "shape": "CVCylinder", "id_string": "ob382", "world_size": [0.12, 0.005, 0.12], "id": 382, "camera_size": [48, 48], "camera_position": [246, 193], "world_position": [0.8552086313368423, 0.667836914652932, -0.1741000534116708], "world_orientation": [-7.426746762604886e-06, 0.001419157352127666, 0.9999989929681197, -0.0007615105430859329, -0.9999987030548203, 0.0014191512851433141, 0.9999997100232261, -0.0007614992365437307, 8.507440416829852e-06], "world_rotation": [0.0, 1.0, 0.0, 0.0]}, {"color": "CVBlue", "id_name": "object276422826873963", "shape": "CVCone", "id_string": "ob1030", "world_size": [0.09, 0.09, 0.09], "id": 1030, "camera_size": [37, 37], "camera_position": [256, 254], "world_position": [0.705, 0.6448569696296074, -0.15], "world_orientation": [1.0, -4.331917303826236e-17, -1.1712398707441946e-17, 4.331917303826236e-17, 1.0, -5.775889738434995e-17, 1.1712398707441946e-17, 5.775889738434995e-17, 1.0], "world_rotation": [-0.7896765794068324, 0.16013129347666225, -0.5922574345551229, -7.314247236221149e-17]}], "source": "action wait"}
{"timestamp": 1706031075.253951, "objects": [{"color": "cv_", "id_name": "hand", "shape": "CVCylinder", "id_string": "ob382", "world_size": [0.12, 0.005, 0.12], "id": 382, "camera_size": [48, 49], "camera_position": [246, 193], "world_position": [0.8562158331720104, 0.6668638075464761, -0.17410102162709656], "world_orientation": [-6.7621734488147115e-06, 0.0004898911430968168, 0.9999998799804634, -0.0007618712486555906, -0.9999995897819437, 0.0004898858490252382, 0.9999997097531947, -0.0007618678445234775, 7.1354046521103166e-06], "world_rotation": [0.0, 1.0, 0.0, 0.0]}, {"color": "CVBlue", "id_name": "object276422826873963", "shape": "CVCone", "id_string": "ob1030", "world_size": [0.09, 0.09, 0.09], "id": 1030, "camera_size": [37, 37], "camera_position": [256, 254], "world_position": [0.705, 0.6448569696296074, -0.15], "world_orientation": [1.0, -4.331917303826236e-17, -1.1712398707441946e-17, 4.331917303826236e-17, 1.0, -5.775889738434995e-17, 1.1712398707441946e-17, 5.775889738434995e-17, 1.0], "world_rotation": [-0.7896765794068324, 0.16013129347666225, -0.5922574345551229, -7.314247236221149e-17]}], "source": "action wait"}
{"timestamp": 1706031075.288859, "objects": [{"color": "cv_", "id_name": "hand", "shape": "CVCylinder", "id_string": "ob382", "world_size": [0.12, 0.005, 0.12], "id": 382, "camera_size": [48, 49], "camera_position": [246, 193], "world_position": [0.8569250796172235, 0.6661787268507751, -0.1741017626306337], "world_orientation": [-6.209818126204934e-06, -0.00016510874193879666, 0.9999999863502708, -0.0007621663482087425, -0.9999996959199609, -0.00016511342690037994, 0.9999997095319058, -0.000762167363130129, 6.083975911386811e-06], "world_rotation": [0.0, 1.0, 0.0, 0.0]}, {"color": "CVBlue", "id_name": "object276422826873963", "shape": "CVCone", "id_string": "ob1030", "world_size": [0.09, 0.09, 0.09], "id": 1030, "camera_size": [37, 37], "camera_position": [256, 254], "world_position": [0.705, 0.6448569696296074, -0.15], "world_orientation": [1.0, -4.331917303826236e-17, -1.1712398707441946e-17, 4.331917303826236e-17, 1.0, -5.775889738434995e-17, 1.1712398707441946e-17, 5.775889738434995e-17, 1.0], "world_rotation": [-0.7896765794068324, 0.16013129347666225, -0.5922574345551229, -7.314247236221149e-17]}], "source": "action wait"}
{"timestamp": 1706031075.323881, "objects": [{"color": "cv_", "id_name": "hand", "shape": "CVCylinder", "id_string": "ob382", "world_size": [0.12, 0.005, 0.12], "id": 382, "camera_size": [48, 48], "camera_position": [246, 192], "world_position": [0.8574247274400245, 0.6656965766308355, -0.17410232623869068], "world_orientation": [-5.762002851282915e-06, -0.0006268029196572703, 0.9999998035424303, -0.0007624007553910109, -0.9999995129288362, -0.0006268071304556222, 0.9999997093559017, -0.0007624042172764793, 5.28412502571369e-06], "world_rotation": [0.0, 1.0, 0.0, 0.0]}, {"color": "CVBlue", "id_name": "object276422826873963", "shape": "CVCone", "id_string": "ob1030", "world_size": [0.09, 0.09, 0.09], "id": 1030, "camera_size": [37, 37], "camera_position": [256, 254], "world_position": [0.705, 0.6448569696296074, -0.15], "world_orientation": [1.0, -4.331917303826236e-17, -1.1712398707441946e-17, 4.331917303826236e-17, 1.0, -5.775889738434995e-17, 1.1712398707441946e-17, 5.775889738434995e-17, 1.0], "world_rotation": [-0.7896765794068324, 0.16013129347666225, -0.5922574345551229, -7.314247236221149e-17]}], "source": "action wait"}
{"timestamp": 1706031075.359773, "objects": [{"color": "cv_", "id_name": "hand", "shape": "CVCylinder", "id_string": "ob382", "world_size": [0.12, 0.005, 0.12], "id": 382, "camera_size": [48, 48], "camera_position": [246, 192], "world_position": [0.857776828067262, 0.665357297528953, -0.17410275270946354], "world_orientation": [-5.405502669665312e-06, -0.0009522489314124375, 0.9999995465962739, -0.0007625829595071188, -0.9999992558406628, -0.0009522527766862144, 0.9999997092189629, -0.0007625877611544802, 4.679329839170087e-06], "world_rotation": [0.0, 1.0, 0.0, 0.0]}, {"color": "CVBlue", "id_name": "object276422826873963", "shape": "CVCone", "id_string": "ob1030", "world_size": [0.09, 0.09, 0.09], "id": 1030, "camera_size": [37, 37], "camera_position": [256, 254], "world_position": [0.705, 0.6448569696296074, -0.15], "world_orientation": [1.0, -4.331917303826236e-17, -1.1712398707441946e-17, 4.331917303826236e-17, 1.0, -5.775889738434995e-17, 1.1712398707441946e-17, 5.775889738434995e-17, 1.0], "world_rotation": [-0.7896765794068324, 0.16013129347666225, -0.5922574345551229, -7.314247236221149e-17]}], "source": "action wait"}
{"timestamp": 1706031075.392999, "objects": [{"color": "cv_", "id_name": "hand", "shape": "CVCylinder", "id_string": "ob382", "world_size": [0.12, 0.005, 0.12], "id": 382, "camera_size": [48, 48], "camera_position": [246, 192], "world_position": [0.8580250095555139, 0.6651185629022279, -0.1741030739949047], "world_orientation": [-5.125646621181981e-06, -0.001181659842200593, 0.9999993018266288, -0.000762722266469556, -0.9999990109626783, -0.0011816634079453488, 0.9999997091141938, -0.0007627277907465828, 4.224363279050626e-06], "world_rotation": [0.0, 1.0, 0.0, 0.0]}, {"color": "CVBlue", "id_name": "object276422826873963", "shape": "CVCone", "id_string": "ob1030", "world_size": [0.09, 0.09, 0.09], "id": 1030, "camera_size": [37, 37], "camera_position": [256, 254], "world_position": [0.705, 0.6448569696296074, -0.15], "world_orientation": [1.0, -4.331917303826236e-17, -1.1712398707441946e-17, 4.331917303826236e-17, 1.0, -5.775889738434995e-17, 1.1712398707441946e-17, 5.775889738434995e-17, 1.0], "world_rotation": [-0.7896765794068324, 0.16013129347666225, -0.5922574345551229, -7.314247236221149e-17]}], "source": "action wait"}
{"timestamp": 1706031077.359347, "objects": [{"color": "cv_", "id_name": "hand", "shape": "CVCylinder", "id_string": "ob382", "world_size": [0.12, 0.005, 0.12], "id": 382, "camera_size": [48, 49], "camera_position": [246, 192], "world_position": [0.8586184428078432, 0.6645511543105431, -0.1741040120623373], "world_orientation": [-4.230221948079609e-06, -0.0017297900905875884, 0.9999985039030548, -0.0007631196833246203, -0.9999982127309859, -0.0017297928150903457, 0.9999997088151847, -0.0007631258590314905, 2.910177521751366e-06], "world_rotation": [0.0, 1.0, 0.0, 0.0]}, {"color": "CVBlue", "id_name": "object276422826873963", "shape": "CVCone", "id_string": "ob1030", "world_size": [0.09, 0.09, 0.09], "id": 1030, "camera_size": [37, 37], "camera_position": [256, 254], "world_position": [0.705, 0.6448569696296074, -0.15], "world_orientation": [1.0, -4.331917303826236e-17, -1.1712398707441946e-17, 4.331917303826236e-17, 1.0, -5.775889738434995e-17, 1.1712398707441946e-17, 5.775889738434995e-17, 1.0], "world_rotation": [-0.7896765794068324, 0.16013129347666225, -0.5922574345551229, -7.314247236221149e-17]}], "source": "action wait"}
{"timestamp": 1706031077.393326, "objects": [{"color": "cv_", "id_name": "hand", "shape": "CVCylinder", "id_string": "ob382", "world_size": [0.12, 0.005, 0.12], "id": 382, "camera_size": [48, 48], "camera_position": [246, 205], "world_position": [0.825889966965179, 0.6516928879946065, -0.1740881574156846], "world_orientation": [-4.613587935321e-05, -0.022667272399318875, 0.9997430633084963, -0.0007600881254913379, -0.9997427747848002, -0.022667300933938962, 0.999999710068719, -0.0007609386068246466, 2.8894887454071057e-05], "world_rotation": [0.0, 1.0, 0.0, 0.0]}, {"color": "CVBlue", "id_name": "object276422826873963", "shape": "CVCone", "id_string": "ob1030", "world_size": [0.09, 0.09, 0.09], "id": 1030, "camera_size": [37, 37], "camera_position": [256, 254], "world_position": [0.705, 0.6448569696296074, -0.15], "world_orientation": [1.0, -4.331917303826236e-17, -1.1712398707441946e-17, 4.331917303826236e-17, 1.0, -5.775889738434995e-17, 1.1712398707441946e-17, 5.775889738434995e-17, 1.0], "world_rotation": [-0.7896765794068324, 0.16013129347666225, -0.5922574345551229, -7.314247236221149e-17]}], "source": "action wait"}
{"timestamp": 1706031077.429645, "objects": [{"color": "cv_", "id_name": "hand", "shape": "CVCylinder", "id_string": "ob382", "world_size": [0.12, 0.005, 0.12], "id": 382, "camera_size": [48, 48], "camera_position": [246, 219], "world_position": [0.7917245688319315, 0.6584322995761368, -0.17409752519242688], "world_orientation": [-3.3577961720122864e-05, -0.016505699265115917, 0.999863771102989, -0.0007581220328592769, -0.9998634839110782, -0.01650571998382734, 0.9999997120617105, -0.0007585729831650847, 2.10600435078378e-05], "world_rotation": [0.0, 1.0, 0.0, 0.0]}, {"color": "CVBlue", "id_name": "object276422826873963", "shape": "CVCone", "id_string": "ob1030", "world_size": [0.09, 0.09, 0.09], "id": 1030, "camera_size": [37, 38], "camera_position": [256, 263], "world_position": [0.6807730673570256, 0.6461806473214641, -0.1500033239615681], "world_orientation": [0.9994715486787603, -0.03250560707237314, 9.42896444857194e-05, 0.03250560834889825, 0.9994715530123776, -1.2037203751184199e-05, -9.384854079174083e-05, 1.5095784929967452e-05, 0.9999999954822844], "world_rotation": [0.0004173567979850857, 0.0028939219158216523, 0.9999957255054884, 0.03251147376947692]}], "source": "action wait"}
{"timestamp": 1706031077.463131, "objects": [{"color": "cv_", "id_name": "hand", "shape": "CVCylinder", "id_string": "ob382", "world_size": [0.12, 0.005, 0.12], "id": 382, "camera_size": [48, 49], "camera_position": [246, 229], "world_position": [0.7671662469799465, 0.6618383241563395, -0.17410365078227688], "world_orientation": [-1.733547562917145e-05, -0.012092883371973834, 0.9999268782622223, -0.0007619937958202842, -0.9999265879566432, -0.012092893071576053, 0.999999709532426, -0.0007621477135632567, 8.119500893820783e-06], "world_rotation": [0.0, 1.0, 0.0, 0.0]}, {"color": "CVBlue", "id_name": "object276422826873963", "shape": "CVCone", "id_string": "ob1030", "world_size": [0.09, 0.09, 0.09], "id": 1030, "camera_size": [37, 39], "camera_position": [256, 282], "world_position": [0.635815562760649, 0.6467176202455961, -0.15000356425687447], "world_orientation": [0.9990157529945027, -0.044356693057764254, 9.513046868065834e-05, 0.044356693868453645, 0.999015757467189, -6.4279920998627585e-06, -9.475171275466524e-05, 1.0641338444717391e-05, 0.9999999954544374], "world_rotation": [0.00019240941779126165, 0.0021403955991997556, 0.9999976908399812, 0.044371354303554815]}], "source": "action wait"}
{"timestamp": 1706031077.495849, "objects": [{"color": "cv_", "id_name": "hand", "shape": "CVCylinder", "id_string": "ob382", "world_size": [0.12, 0.005, 0.12], "id": 382, "camera_size": [48, 49], "camera_position": [246, 236], "world_position": [0.7497945275750264, 0.6634830598602961, -0.1741067271619662], "world_orientation": [-8.322771658185722e-06, -0.00899722340181019, 0.9999595241317468, -0.000763454139830792, -0.9999592326898524, -0.008997227133847482, 0.9999997085342116, -0.0007634981202289528, 1.4534649084426864e-06], "world_rotation": [0.0, 1.0, 0.0, 0.0]}, {"color": "CVBlue", "id_name": "object276422826873963", "shape": "CVCone", "id_string": "ob1030", "world_size": [0.09, 0.09, 0.09], "id": 1030, "camera_size": [37, 39], "camera_position": [256, 298], "world_position": [0.595087886471624, 0.6440707991179165, -0.1500040489853417], "world_orientation": [0.9998618370063305, 0.016622197253619922, 9.724601743960633e-05, -0.01662219693078755, 0.9998618417322271, -4.127084718724017e-06, -9.730118331456606e-05, 2.510072055728217e-06, 0.9999999952630898], "world_rotation": [0.00019964397484262917, 0.005851929941232315, -0.9999828573821884, 0.01662324762469496]}], "source": "action wait"}
{"timestamp": 1706031077.527173, "objects": [{"color": "cv_", "id_name": "hand", "shape": "CVCylinder", "id_string": "ob382", "world_size": [0.12, 0.005, 0.12], "id": 382, "camera_size": [48, 49], "camera_position": [246, 241], "world_position": [0.7375399571567486, 0.6642713745597553, -0.1741080428602375], "world_orientation": [-3.2502499235309683e-06, -0.006824592492366118, 0.9999767121922136, -0.0007638625826133495, -0.9999764204442808, -0.006824592984060775, 0.999999708251653, -0.0007638669755615343, -1.9628775620612168e-06], "world_rotation": [0.0, 1.0, 0.0, 0.0]}, {"color": "CVBlue", "id_name": "object276422826873963", "shape": "CVCone", "id_string": "ob1030", "world_size": [0.09, 0.09, 0.09], "id": 1030, "camera_size": [37, 39], "camera_position": [256, 310], "world_position": [0.5666510464861988, 0.6449180301553294, -0.15000401680157818], "world_orientation": [0.9999953579411816, -0.003045425118622199, 9.737522802139083e-05, 0.0030454254260895465, 0.9999953626767063, -3.0094330988071114e-06, -9.736561145782572e-05, 3.305968124131181e-06, 0.9999999952545041], "world_rotation": [0.0010363367632022435, 0.03195633723414993, 0.9994887285591021, 0.0030469878225718758]}], "source": "action wait"}
{"timestamp": 1706031077.557826, "objects": [{"color": "cv_", "id_name": "hand", "shape": "CVCylinder", "id_string": "ob382", "world_size": [0.12, 0.005, 0.12], "id": 382, "camera_size": [48, 48], "camera_position": [246, 244], "world_position": [0.7289057034587948, 0.6646464446142827, -0.1741083757647226], "world_orientation": [-9.515535170654497e-07, -0.0052989550565864145, 0.9999859604386467, -0.0007638559412062015, -0.9999856687013519, -0.005298954237521553, 0.9999997082615553, -0.0007638502592427505, -3.096098421729996e-06], "world_rotation": [0.0, 1.0, 0.0, 0.0]}, {"color": "CVBlue", "id_name": "object276422826873963", "shape": "CVCone", "id_string": "ob1030", "world_size": [0.09, 0.09, 0.09], "id": 1030, "camera_size": [37, 39], "camera_position": [256, 318], "world_position": [0.5451179260076701, 0.6444512943657006, -0.15000410951613194], "world_orientation": [0.9999760904971522, 0.0069143988530012785, 9.758346820949162e-05, -0.006914398673299565, 0.9999760952574015, -2.1787674247910337e-06, -9.759620036878515e-05, 1.5039843284214758e-06, 0.9999999952363599], "world_rotation": [0.00026628380805337267, 0.014112595386936384, -0.999900376909809, 0.0069151427781863435]}], "source": "action wait"}
{"timestamp": 1706031077.590681, "objects": [{"color": "cv_", "id_name": "hand", "shape": "CVCylinder", "id_string": "ob382", "world_size": [0.12, 0.005, 0.12], "id": 382, "camera_size": [48, 48], "camera_position": [246, 246], "world_position": [0.7228254484084545, 0.6648236212748144, -0.17410819236234762], "world_orientation": [-1.8050968891275032e-07, -0.0042271827720372955, 0.9999910654229763, -0.0007637182919629213, -0.9999907737921582, -0.004227181677108919, 0.9999997083671265, -0.000763712231510645, -3.0478687826227845e-06], "world_rotation": [0.0, 1.0, 0.0, 0.0]}, {"color": "CVBlue", "id_name": "object276422826873963", "shape": "CVCone", "id_string": "ob1030", "world_size": [0.09, 0.09, 0.09], "id": 1030, "camera_size": [37, 40], "camera_position": [256, 322], "world_position": [0.5340820001665272, 0.6447834065055856, -0.1500041193515396], "world_orientation": [0.9999997622393139, -0.000682639034090107, 9.759746490845689e-05, 0.0006826391562814806, 0.9999997670011216, -1.2186868674580665e-06, -9.759661024513083e-05, 1.285310428814392e-06, 0.9999999952366249], "world_rotation": [0.0018155915353364129, 0.1415307880420779, 0.9899321894269147, 0.000689581727494634]}], "source": "action wait"}
