{"timestamp": 1706031168.669065, "objects": [{"color": "cv_", "id_name": "hand", "shape": "CVCylinder", "id_string": "ob382", "world_size": [0.12, 0.005, 0.12], "id": 382, "camera_size": [48, 50], "camera_position": [246, 426], "world_position": [0.2676445155400675, 0.6334703013847359, -0.17389260400847464], "world_orientation": [-0.0006415490526532141, 0.19791547486650338, 0.9802188802625562, -0.0007473671014038514, -0.9802189031249495, 0.19791499033407534, 0.9999995149284969, -0.0006056111687287417, 0.0007767740234669588], "world_rotation": [0.0, 1.0, 0.0, 0.0]}, {"color": "CVPurple", "id_name": "object274795262012140", "shape": "CVBox", "id_string": "ob1086", "world_size": [0.1, 0.1, 0.1], "id": 1086, "camera_size": [41, 41], "camera_position": [256, 254], "world_position": [0.705, 0.6498037894140971, -0.15], "world_orientation": [1.0, 2.5579538487363566e-17, -9.027880104552834e-18, -2.5579538487363566e-17, 1.0, -1.4921397450962073e-16, 9.027880104552834e-18, 1.4921397450962073e-16, 1.0], "world_rotation": [-0.9838744309492601, 0.059527269009059004, 0.16866418816273038, -1.5165957140044422e-16]}], "source": "manual check"}
{"timestamp": 1706031169.69365, "objects": [{"color": "cv_", "id_name": "hand", "shape": "CVCylinder", "id_string": "ob382", "world_size": [0.12, 0.005, 0.12], "id": 382, "camera_size": [48, 50], "camera_position": [246, 426], "world_position": [0.2676445155400675, 0.6334703013847359, -0.17389260400847464], "world_orientation": [-0.0006415490526532141, 0.19791547486650338, 0.9802188802625562, -0.0007473671014038514, -0.9802189031249495, 0.19791499033407534, 0.9999995149284969, -0.0006056111687287417, 0.0007767740234669588], "world_rotation": [0.0, 1.0, 0.0, 0.0]}, {"color": "CVPurple", "id_name": "object274795262012140", "shape": "CVBox", "id_string": "ob1086", "world_size": [0.1, 0.1, 0.1], "id": 1086, "camera_size": [41, 41], "camera_position": [256, 254], "world_position": [0.705, 0.6498037994254439, -0.15], "world_orientation": [1.0, 8.100187187665134e-17, -1.2653630886983698e-17, -8.100187187665134e-17, 1.0, -1.9397816686250694e-16, 1.2653630886983698e-17, 1.9397816686250694e-16, 1.0], "world_rotation": [-0.9211093596285536, 0.06008602943210125, 0.38463907325148433, -2.1059189642881336e-16]}], "source": "manual check"}
{"timestamp": 1706031172.491311, "objects": [{"color": "cv_", "id_name": "hand", "shape": "CVCylinder", "id_string": "ob382", "world_size": [0.12, 0.005, 0.12], "id": 382, "camera_size": [48, 50], "camera_position": [246, 426], "world_position": [0.2676445155400675, 0.6334703013847359, -0.17389260400847464], "world_orientation": [-0.0006415490526532141, 0.19791547486650338, 0.9802188802625562, -0.0007473671014038514, -0.9802189031249495, 0.19791499033407534, 0.9999995149284969, -0.0006056111687287417, 0.0007767740234669588], "world_rotation": [0.0, 1.0, 0.0, 0.0]}, {"color": "CVPurple", "id_name": "object274795262012140", "shape": "CVBox", "id_string": "ob1086", "world_size": [0.1, 0.1, 0.1], "id": 1086, "camera_size": [41, 41], "camera_position": [256, 254], "world_position": [0.705, 0.6498037994254439, -0.15], "world_orientation": [1.0, 8.100187187665134e-17, -1.2653630886983698e-17, -8.100187187665134e-17, 1.0, -1.9397816686250694e-16, 1.2653630886983698e-17, 1.9397816686250694e-16, 1.0], "world_rotation": [-0.9211093596285536, 0.06008602943210125, 0.38463907325148433, -2.1059189642881336e-16]}], "source": "action wait"}
{"timestamp": 1706031172.520732, "objects": [{"color": "cv_", "id_name": "hand", "shape": "CVCylinder", "id_string": "ob382", "world_size": [0.12, 0.005, 0.12], "id": 382, "camera_size": [49, 51], "camera_position": [246, 421], "world_position": [0.2920283338697061, 0.6685692438182591, -0.1739556429111485], "world_orientation": [-0.00037618192111708924, 0.20662286135982066, 0.9784205903652287, -0.0007130502586322838, -0.9784204662841028, 0.20662256100369994, 0.9999996750231926, -0.0006199353830668607, 0.0005153965753994265], "world_rotation": [0.0, 1.0, 0.0, 0.0]}, {"color": "CVPurple", "id_name": "object274795262012140", "shape": "CVBox", "id_string": "ob1086", "world_size": [0.1, 0.1, 0.1], "id": 1086, "camera_size": [41, 41], "camera_position": [256, 254], "world_position": [0.705, 0.6498037994254439, -0.15], "world_orientation": [1.0, 8.100187187665134e-17, -1.2653630886983698e-17, -8.100187187665134e-17, 1.0, -1.9397816686250694e-16, 1.2653630886983698e-17, 1.9397816686250694e-16, 1.0], "world_rotation": [-0.9211093596285536, 0.06008602943210125, 0.38463907325148433, -2.1059189642881336e-16]}], "source": "action wait"}
{"timestamp": 1706031172.551251, "objects": [{"color": "cv_", "id_name": "hand", "shape": "CVCylinder", "id_string": "ob382", "world_size": [0.12, 0.005, 0.12], "id": 382, "camera_size": [51, 52], "camera_position": [246, 405], "world_position": [0.33871054926507177, 0.7075109021408543, -0.1739833849271378], "world_orientation": [-0.00021143800250477722, 0.2015392814437728, 0.9794804098751025, -0.0007284104679992224, -0.9794802029619496, 0.20153908162887083, 0.9999997123560393, -0.0006708507629072204, 0.0003539026599243639], "world_rotation": [0.0, 1.0, 0.0, 0.0]}, {"color": "CVPurple", "id_name": "object274795262012140", "shape": "CVBox", "id_string": "ob1086", "world_size": [0.1, 0.1, 0.1], "id": 1086, "camera_size": [41, 41], "camera_position": [256, 254], "world_position": [0.705, 0.6498037994254439, -0.15], "world_orientation": [1.0, 8.100187187665134e-17, -1.2653630886983698e-17, -8.100187187665134e-17, 1.0, -1.9397816686250694e-16, 1.2653630886983698e-17, 1.9397816686250694e-16, 1.0], "world_rotation": [-0.9211093596285536, 0.06008602943210125, 0.38463907325148433, -2.1059189642881336e-16]}], "source": "action wait"}
{"timestamp": 1706031172.587522, "objects": [{"color": "cv_", "id_name": "hand", "shape": "CVCylinder", "id_string": "ob382", "world_size": [0.12, 0.005, 0.12], "id": 382, "camera_size": [51, 53], "camera_position": [246, 388], "world_position": [0.3897398145752571, 0.7413648322102581, -0.17400396946993943], "world_orientation": [-0.00010418384400287012, 0.19788518615939912, 0.980225199759926, -0.0007392114350617908, -0.9802249525056433, 0.1978850576768337, 0.9999997213560516, -0.0007039772506190473, 0.0002484025959783569], "world_rotation": [0.0, 1.0, 0.0, 0.0]}, {"color": "CVPurple", "id_name": "object274795262012140", "shape": "CVBox", "id_string": "ob1086", "world_size": [0.1, 0.1, 0.1], "id": 1086, "camera_size": [41, 41], "camera_position": [256, 254], "world_position": [0.705, 0.6498037994254439, -0.15], "world_orientation": [1.0, 8.100187187665134e-17, -1.2653630886983698e-17, -8.100187187665134e-17, 1.0, -1.9397816686250694e-16, 1.2653630886983698e-17, 1.9397816686250694e-16, 1.0], "world_rotation": [-0.9211093596285536, 0.06008602943210125, 0.38463907325148433, -2.1059189642881336e-16]}], "source": "action wait"}
{"timestamp": 1706031172.623933, "objects": [{"color": "cv_", "id_name": "hand", "shape": "CVCylinder", "id_string": "ob382", "world_size": [0.12, 0.005, 0.12], "id": 382, "camera_size": [52, 53], "camera_position": [245, 367], "world_position": [0.44419153445263765, 0.7697882148435664, -0.17402258898497208], "world_orientation": [-2.868419456070348e-05, 0.1953054074807174, 0.9807424723065723, -0.0007463443416044592, -0.9807422037397284, 0.19530533216956789, 0.9999997210736316, -0.00072636941863077, 0.00017389688594437845], "world_rotation": [0.0, 1.0, 0.0, 0.0]}, {"color": "CVPurple", "id_name": "object274795262012140", "shape": "CVBox", "id_string": "ob1086", "world_size": [0.1, 0.1, 0.1], "id": 1086, "camera_size": [41, 41], "camera_position": [256, 254], "world_position": [0.705, 0.6498037994254439, -0.15], "world_orientation": [1.0, 8.100187187665134e-17, -1.2653630886983698e-17, -8.100187187665134e-17, 1.0, -1.9397816686250694e-16, 1.2653630886983698e-17, 1.9397816686250694e-16, 1.0], "world_rotation": [-0.9211093596285536, 0.06008602943210125, 0.38463907325148433, -2.1059189642881336e-16]}], "source": "action wait"}
{"timestamp": 1706031172.659106, "objects": [{"color": "cv_", "id_name": "hand", "shape": "CVCylinder", "id_string": "ob382", "world_size": [0.12, 0.005, 0.12], "id": 382, "camera_size": [53, 54], "camera_position": [245, 343], "world_position": [0.5014123077558491, 0.7925236620955308, -0.17403884062115302], "world_orientation": [2.4370761996292696e-05, 0.19348301102089174, 0.98110362544043, -0.0007511337840730607, -0.9811033454196086, 0.19348297445638657, 0.9999997176020125, -0.0007416554062659839, 0.000121421390097412], "world_rotation": [0.0, 1.0, 0.0, 0.0]}, {"color": "CVPurple", "id_name": "object274795262012140", "shape": "CVBox", "id_string": "ob1086", "world_size": [0.1, 0.1, 0.1], "id": 1086, "camera_size": [41, 41], "camera_position": [256, 254], "world_position": [0.705, 0.6498037994254439, -0.15], "world_orientation": [1.0, 8.100187187665134e-17, -1.2653630886983698e-17, -8.100187187665134e-17, 1.0, -1.9397816686250694e-16, 1.2653630886983698e-17, 1.9397816686250694e-16, 1.0], "world_rotation": [-0.9211093596285536, 0.06008602943210125, 0.38463907325148433, -2.1059189642881336e-16]}], "source": "action wait"}
{"timestamp": 1706031172.693572, "objects": [{"color": "cv_", "id_name": "hand", "shape": "CVCylinder", "id_string": "ob382", "world_size": [0.12, 0.005, 0.12], "id": 382, "camera_size": [54, 54], "camera_position": [245, 318], "world_position": [0.5607565277199257, 0.8093571044811958, -0.17405256903982344], "world_orientation": [6.15132175158949e-05, 0.19219403662483833, 0.981356942453649, -0.000754409488162119, -0.9813566561296457, 0.19219402783740308, 0.9999997135411831, -0.000752167461700703, 8.462659934920916e-05], "world_rotation": [0.0, 1.0, 0.0, 0.0]}, {"color": "CVPurple", "id_name": "object274795262012140", "shape": "CVBox", "id_string": "ob1086", "world_size": [0.1, 0.1, 0.1], "id": 1086, "camera_size": [41, 41], "camera_position": [256, 254], "world_position": [0.705, 0.6498037994254439, -0.15], "world_orientation": [1.0, 8.100187187665134e-17, -1.2653630886983698e-17, -8.100187187665134e-17, 1.0, -1.9397816686250694e-16, 1.2653630886983698e-17, 1.9397816686250694e-16, 1.0], "world_rotation": [-0.9211093596285536, 0.06008602943210125, 0.38463907325148433, -2.1059189642881336e-16]}], "source": "action wait"}
{"timestamp": 1706031172.726453, "objects": [{"color": "cv_", "id_name": "hand", "shape": "CVCylinder", "id_string": "ob382", "world_size": [0.12, 0.005, 0.12], "id": 382, "camera_size": [54, 53], "camera_position": [245, 291], "world_position": [0.6218038881072186, 0.8137450523947385, -0.17406301530173593], "world_orientation": [8.151113234849662e-05, 0.18220056735693468, 0.9832613826499779, -0.0007644232684762071, -0.9832610872827027, 0.1822005759944359, 0.9999997045064575, -0.0007664792551558786, 5.913162859900484e-05], "world_rotation": [0.0, 1.0, 0.0, 0.0]}, {"color": "CVPurple", "id_name": "object274795262012140", "shape": "CVBox", "id_string": "ob1086", "world_size": [0.1, 0.1, 0.1], "id": 1086, "camera_size": [41, 41], "camera_position": [256, 254], "world_position": [0.705, 0.6498037994254439, -0.15], "world_orientation": [1.0, 8.100187187665134e-17, -1.2653630886983698e-17, -8.100187187665134e-17, 1.0, -1.9397816686250694e-16, 1.2653630886983698e-17, 1.9397816686250694e-16, 1.0], "world_rotation": [-0.9211093596285536, 0.06008602943210125, 0.38463907325148433, -2.1059189642881336e-16]}], "source": "action wait"}
{"timestamp": 1706031172.752916, "objects": [{"color": "cv_", "id_name": "hand", "shape": "CVCylinder", "id_string": "ob382", "world_size": [0.12, 0.005, 0.12], "id": 382, "camera_size": [53, 53], "camera_position": [245, 263], "world_position": [0.6839478559689904, 0.7932381721108149, -0.17407076381002162], "world_orientation": [7.201453508745458e-05, 0.14596136070286733, 0.9892902890434507, -0.0007771142130464186, -0.9892899847207498, 0.14596137237200404, 0.999999695453657, -0.0007793028848168802, 4.2185389641867196e-05], "world_rotation": [0.0, 1.0, 0.0, 0.0]}, {"color": "CVPurple", "id_name": "object274795262012140", "shape": "CVBox", "id_string": "ob1086", "world_size": [0.1, 0.1, 0.1], "id": 1086, "camera_size": [41, 41], "camera_position": [256, 254], "world_position": [0.705, 0.6498037994254439, -0.15], "world_orientation": [1.0, 8.100187187665134e-17, -1.2653630886983698e-17, -8.100187187665134e-17, 1.0, -1.9397816686250694e-16, 1.2653630886983698e-17, 1.9397816686250694e-16, 1.0], "world_rotation": [-0.9211093596285536, 0.06008602943210125, 0.38463907325148433, -2.1059189642881336e-16]}], "source": "action wait"}
{"timestamp": 1706031172.785388, "objects": [{"color": "cv_", "id_name": "hand", "shape": "CVCylinder", "id_string": "ob382", "world_size": [0.12, 0.005, 0.12], "id": 382, "camera_size": [52, 52], "camera_position": [245, 239], "world_position": [0.7380900074905398, 0.7615908749809516, -0.1740724686292671], "world_orientation": [3.9042564509287165e-05, 0.10262241230223389, 0.9947203823029609, -0.000776657712574993, -0.9947200799429864, 0.1026224115922849, 0.9999996976391922, -0.0007765638988961428, 4.086606510812314e-05], "world_rotation": [0.0, 1.0, 0.0, 0.0]}, {"color": "CVPurple", "id_name": "object274795262012140", "shape": "CVBox", "id_string": "ob1086", "world_size": [0.1, 0.1, 0.1], "id": 1086, "camera_size": [41, 41], "camera_position": [256, 254], "world_position": [0.705, 0.6498037994254439, -0.15], "world_orientation": [1.0, 8.100187187665134e-17, -1.2653630886983698e-17, -8.100187187665134e-17, 1.0, -1.9397816686250694e-16, 1.2653630886983698e-17, 1.9397816686250694e-16, 1.0], "world_rotation": [-0.9211093596285536, 0.06008602943210125, 0.38463907325148433, -2.1059189642881336e-16]}], "source": "action wait"}
{"timestamp": 1706031172.81816, "objects": [{"color": "cv_", "id_name": "hand", "shape": "CVCylinder", "id_string": "ob382", "world_size": [0.12, 0.005, 0.12], "id": 382, "camera_size": [51, 51], "camera_position": [246, 224], "world_position": [0.7752353728599364, 0.7357443633112821, -0.17407391601036326], "world_orientation": [1.3874666478380542e-05, 0.071878633873799, 0.9974133856129713, -0.000769885820137602, -0.9974130893456171, 0.07187862323289183, 0.9999997035416148, -0.000768891714323483, 4.1499567034848075e-05], "world_rotation": [0.0, 1.0, 0.0, 0.0]}, {"color": "CVPurple", "id_name": "object274795262012140", "shape": "CVBox", "id_string": "ob1086", "world_size": [0.1, 0.1, 0.1], "id": 1086, "camera_size": [41, 41], "camera_position": [256, 254], "world_position": [0.705, 0.6498037994254439, -0.15], "world_orientation": [1.0, 8.100187187665134e-17, -1.2653630886983698e-17, -8.100187187665134e-17, 1.0, -1.9397816686250694e-16, 1.2653630886983698e-17, 1.9397816686250694e-16, 1.0], "world_rotation": [-0.9211093596285536, 0.06008602943210125, 0.38463907325148433, -2.1059189642881336e-16]}], "source": "action wait"}
{"timestamp": 1706031172.851063, "objects": [{"color": "cv_", "id_name": "hand", "shape": "CVCylinder", "id_string": "ob382", "world_size": [0.12, 0.005, 0.12], "id": 382, "camera_size": [51, 51], "camera_position": [246, 214], "world_position": [0.8006916543311563, 0.7158876170727207, -0.17407746277400588], "world_orientation": [2.358955483824751e-07, 0.0501680517019068, 0.9987407904898944, -0.0007648611655312954, -0.9987404983428534, 0.05016803720763534, 0.9999997074936281, -0.0007639098794947432, 3.8135996059988375e-05], "world_rotation": [0.0, 1.0, 0.0, 0.0]}, {"color": "CVPurple", "id_name": "object274795262012140", "shape": "CVBox", "id_string": "ob1086", "world_size": [0.1, 0.1, 0.1], "id": 1086, "camera_size": [41, 41], "camera_position": [256, 254], "world_position": [0.705, 0.6498037994254439, -0.15], "world_orientation": [1.0, 8.100187187665134e-17, -1.2653630886983698e-17, -8.100187187665134e-17, 1.0, -1.9397816686250694e-16, 1.2653630886983698e-17, 1.9397816686250694e-16, 1.0], "world_rotation": [-0.9211093596285536, 0.06008602943210125, 0.38463907325148433, -2.1059189642881336e-16]}], "source": "action wait"}
{"timestamp": 1706031172.886364, "objects": [{"color": "cv_", "id_name": "hand", "shape": "CVCylinder", "id_string": "ob382", "world_size": [0.12, 0.005, 0.12], "id": 382, "camera_size": [49, 50], "camera_position": [246, 207], "world_position": [0.8182278065646799, 0.7011216884200668, -0.1740816668978953], "world_orientation": [-6.646650690596475e-06, 0.03485296852910934, 0.999392450712197, -0.0007618075621592452, -0.9993921609116223, 0.03485295335601223, 0.9999997098024881, -0.0007611130711112758, 3.319386558605026e-05], "world_rotation": [0.0, 1.0, 0.0, 0.0]}, {"color": "CVPurple", "id_name": "object274795262012140", "shape": "CVBox", "id_string": "ob1086", "world_size": [0.1, 0.1, 0.1], "id": 1086, "camera_size": [41, 41], "camera_position": [256, 254], "world_position": [0.705, 0.6498037994254439, -0.15], "world_orientation": [1.0, 8.100187187665134e-17, -1.2653630886983698e-17, -8.100187187665134e-17, 1.0, -1.9397816686250694e-16, 1.2653630886983698e-17, 1.9397816686250694e-16, 1.0], "world_rotation": [-0.9211093596285536, 0.06008602943210125, 0.38463907325148433, -2.1059189642881336e-16]}], "source": "action wait"}
{"timestamp": 1706031172.922982, "objects": [{"color": "cv_", "id_name": "hand", "shape": "CVCylinder", "id_string": "ob382", "world_size": [0.12, 0.005, 0.12], "id": 382, "camera_size": [49, 50], "camera_position": [246, 202], "world_position": [0.8303703059277907, 0.690356875868284, -0.17408577663469435], "world_orientation": [-9.689211124057777e-06, 0.024055005775009866, 0.9997106364360058, -0.0007602803935772396, -0.9997103477305839, 0.02405499145953996, 0.9999997109398794, -0.0007598273222424346, 2.7974953880567033e-05], "world_rotation": [0.0, 1.0, 0.0, 0.0]}, {"color": "CVPurple", "id_name": "object274795262012140", "shape": "CVBox", "id_string": "ob1086", "world_size": [0.1, 0.1, 0.1], "id": 1086, "camera_size": [41, 41], "camera_position": [256, 254], "world_position": [0.705, 0.6498037994254439, -0.15], "world_orientation": [1.0, 8.100187187665134e-17, -1.2653630886983698e-17, -8.100187187665134e-17, 1.0, -1.9397816686250694e-16, 1.2653630886983698e-17, 1.9397816686250694e-16, 1.0], "world_rotation": [-0.9211093596285536, 0.06008602943210125, 0.38463907325148433, -2.1059189642881336e-16]}], "source": "action wait"}
{"timestamp": 1706031172.9579, "objects": [{"color": "cv_", "id_name": "hand", "shape": "CVCylinder", "id_string": "ob382", "world_size": [0.12, 0.005, 0.12], "id": 382, "camera_size": [49, 49], "camera_position": [246, 199], "world_position": [0.8388154319568745, 0.6826068609981801, -0.17408944719395839], "world_orientation": [-1.06411606607498e-05, 0.016443704306080765, 0.9998647930972767, -0.0007597554659690515, -0.9998645047116251, 0.01644369147753824, 0.9999997113291571, -0.0007594777618231602, 2.313291306131131e-05], "world_rotation": [0.0, 1.0, 0.0, 0.0]}, {"color": "CVPurple", "id_name": "object274795262012140", "shape": "CVBox", "id_string": "ob1086", "world_size": [0.1, 0.1, 0.1], "id": 1086, "camera_size": [41, 41], "camera_position": [256, 254], "world_position": [0.705, 0.6498037994254439, -0.15], "world_orientation": [1.0, 8.100187187665134e-17, -1.2653630886983698e-17, -8.100187187665134e-17, 1.0, -1.9397816686250694e-16, 1.2653630886983698e-17, 1.9397816686250694e-16, 1.0], "world_rotation": [-0.9211093596285536, 0.06008602943210125, 0.38463907325148433, -2.1059189642881336e-16]}], "source": "action wait"}
{"timestamp": 1706031172.993415, "objects": [{"color": "cv_", "id_name": "hand", "shape": "CVCylinder", "id_string": "ob382", "world_size": [0.12, 0.005, 0.12], "id": 382, "camera_size": [49, 49], "camera_position": [246, 197], "world_position": [0.8447099508552106, 0.6770725472162774, -0.1740925593069344], "world_orientation": [-1.0494829139295728e-05, 0.011079180291143052, 0.9999386239434573, -0.0007598108359205465, -0.9999383354482928, 0.011079169120082895, 0.9999997112886345, -0.0007596479277411527, 1.8912263219057825e-05], "world_rotation": [0.0, 1.0, 0.0, 0.0]}, {"color": "CVPurple", "id_name": "object274795262012140", "shape": "CVBox", "id_string": "ob1086", "world_size": [0.1, 0.1, 0.1], "id": 1086, "camera_size": [41, 41], "camera_position": [256, 254], "world_position": [0.705, 0.6498037994254439, -0.15], "world_orientation": [1.0, 8.100187187665134e-17, -1.2653630886983698e-17, -8.100187187665134e-17, 1.0, -1.9397816686250694e-16, 1.2653630886983698e-17, 1.9397816686250694e-16, 1.0], "world_rotation": [-0.9211093596285536, 0.06008602943210125, 0.38463907325148433, -2.1059189642881336e-16]}], "source": "action wait"}
{"timestamp": 1706031173.025796, "objects": [{"color": "cv_", "id_name": "hand", "shape": "CVCylinder", "id_string": "ob382", "world_size": [0.12, 0.005, 0.12], "id": 382, "camera_size": [49, 49], "camera_position": [246, 196], "world_position": [0.8488354846006678, 0.6731415541045501, -0.17409511126116678], "world_orientation": [-9.8516560548571e-06, 0.007298333584418649, 0.9999733667602532, -0.0007601571354795474, -0.9999730779516529, 0.007298323987535271, 0.9999997110319954, -0.0007600649894549733, 1.5399271179769144e-05], "world_rotation": [0.0, 1.0, 0.0, 0.0]}, {"color": "CVPurple", "id_name": "object274795262012140", "shape": "CVBox", "id_string": "ob1086", "world_size": [0.1, 0.1, 0.1], "id": 1086, "camera_size": [41, 41], "camera_position": [256, 254], "world_position": [0.705, 0.6498037994254439, -0.15], "world_orientation": [1.0, 8.100187187665134e-17, -1.2653630886983698e-17, -8.100187187665134e-17, 1.0, -1.9397816686250694e-16, 1.2653630886983698e-17, 1.9397816686250694e-16, 1.0], "world_rotation": [-0.9211093596285536, 0.06008602943210125, 0.38463907325148433, -2.1059189642881336e-16]}], "source": "action wait"}
{"timestamp": 1706031173.04844, "objects": [{"color": "cv_", "id_name": "hand", "shape": "CVCylinder", "id_string": "ob382", "world_size": [0.12, 0.005, 0.12], "id": 382, "camera_size": [49, 49], "camera_position": [246, 195], "world_position": [0.8517288651279495, 0.670359226504199, -0.17409715641341475], "world_orientation": [-9.01961829599612e-06, 0.004633637593137167, 0.9999892646030268, -0.0007606142993751425, -0.9999889754114992, 0.004633629392590267, 0.9999997106922253, -0.0007605643403106028, 1.2543929870244387e-05], "world_rotation": [0.0, 1.0, 0.0, 0.0]}, {"color": "CVPurple", "id_name": "object274795262012140", "shape": "CVBox", "id_string": "ob1086", "world_size": [0.1, 0.1, 0.1], "id": 1086, "camera_size": [41, 41], "camera_position": [256, 254], "world_position": [0.705, 0.6498037994254439, -0.15], "world_orientation": [1.0, 8.100187187665134e-17, -1.2653630886983698e-17, -8.100187187665134e-17, 1.0, -1.9397816686250694e-16, 1.2653630886983698e-17, 1.9397816686250694e-16, 1.0], "world_rotation": [-0.9211093596285536, 0.06008602943210125, 0.38463907325148433, -2.1059189642881336e-16]}], "source": "action wait"}
{"timestamp": 1706031173.077925, "objects": [{"color": "cv_", "id_name": "hand", "shape": "CVCylinder", "id_string": "ob382", "world_size": [0.12, 0.005, 0.12], "id": 382, "camera_size": [48, 49], "camera_position": [246, 194], "world_position": [0.8537611840765973, 0.6683944767514551, -0.17409876853485387], "world_orientation": [-8.181148181472985e-06, 0.0027555568075370842, 0.9999962034126676, -0.0007610806910959613, -0.9999959138424391, 0.0027555497830697453, 0.9999997103445832, -0.0007610552580259408, 1.0278315831811957e-05], "world_rotation": [0.0, 1.0, 0.0, 0.0]}, {"color": "CVPurple", "id_name": "object274795262012140", "shape": "CVBox", "id_string": "ob1086", "world_size": [0.1, 0.1, 0.1], "id": 1086, "camera_size": [41, 41], "camera_position": [256, 254], "world_position": [0.705, 0.6498037994254439, -0.15], "world_orientation": [1.0, 8.100187187665134e-17, -1.2653630886983698e-17, -8.100187187665134e-17, 1.0, -1.9397816686250694e-16, 1.2653630886983698e-17, 1.9397816686250694e-16, 1.0], "world_rotation": [-0.9211093596285536, 0.06008602943210125, 0.38463907325148433, -2.1059189642881336e-16]}], "source": "action wait"}
{"timestamp": 1706031173.113118, "objects": [{"color": "cv_", "id_name": "hand", "shape": "CVCylinder", "id_string": "ob382", "world_size": [0.12, 0.005, 0.12], "id": 382, "camera_size": [48, 48], "camera_position": [246, 193], "world_position": [0.855190283215913, 0.6670091471036479, -0.17410002368545688], "world_orientation": [-7.41331666854047e-06, 0.0014318490453462313, 0.9999989748761516, -0.0007615052200408228, -0.9999986849668685, 0.0014318429849547508, 0.9999997100273793, -0.0007614938246985165, 8.503667442490314e-06], "world_rotation": [0.0, 1.0, 0.0, 0.0]}, {"color": "CVPurple", "id_name": "object274795262012140", "shape": "CVBox", "id_string": "ob1086", "world_size": [0.1, 0.1, 0.1], "id": 1086, "camera_size": [41, 41], "camera_position": [256, 254], "world_position": [0.705, 0.6498037994254439, -0.15], "world_orientation": [1.0, 8.100187187665134e-17, -1.2653630886983698e-17, -8.100187187665134e-17, 1.0, -1.9397816686250694e-16, 1.2653630886983698e-17, 1.9397816686250694e-16, 1.0], "world_rotation": [-0.9211093596285536, 0.06008602943210125, 0.38463907325148433, -2.1059189642881336e-16]}], "source": "action wait"}
{"timestamp": 1706031173.147733, "objects": [{"color": "cv_", "id_name": "hand", "shape": "CVCylinder", "id_string": "ob382", "world_size": [0.12, 0.005, 0.12], "id": 382, "camera_size": [48, 49], "camera_position": [246, 193], "world_position": [0.8561960232634074, 0.666033290782873, -0.17410099161006604], "world_orientation": [-6.74957349147902e-06, 0.0004988474894953925, 0.9999998755528051, -0.0007618673377865796, -0.9999995853572224, 0.0004988422024521233, 0.9999997097562593, -0.0007618638760025462, 7.129626301965297e-06], "world_rotation": [0.0, 1.0, 0.0, 0.0]}, {"color": "CVPurple", "id_name": "object274795262012140", "shape": "CVBox", "id_string": "ob1086", "world_size": [0.1, 0.1, 0.1], "id": 1086, "camera_size": [41, 41], "camera_position": [256, 254], "world_position": [0.705, 0.6498037994254439, -0.15], "world_orientation": [1.0, 8.100187187665134e-17, -1.2653630886983698e-17, -8.100187187665134e-17, 1.0, -1.9397816686250694e-16, 1.2653630886983698e-17, 1.9397816686250694e-16, 1.0], "world_rotation": [-0.9211093596285536, 0.06008602943210125, 0.38463907325148433, -2.1059189642881336e-16]}], "source": "action wait"}
{"timestamp": 1706031173.18246, "objects": [{"color": "cv_", "id_name": "hand", "shape": "CVCylinder", "id_string": "ob382", "world_size": [0.12, 0.005, 0.12], "id": 382, "camera_size": [48, 49], "camera_position": [246, 193], "world_position": [0.8569042394457445, 0.6653462721853916, -0.1741017323854749], "world_orientation": [-6.196657876065572e-06, -0.00015878781116056889, 0.9999999873740163, -0.0007621634946362369, -0.9999996969458307, -0.00015879248791027774, 0.9999997095341624, -0.0007621644689962228, 6.075633725447243e-06], "world_rotation": [0.0, 1.0, 0.0, 0.0]}, {"color": "CVPurple", "id_name": "object274795262012140", "shape": "CVBox", "id_string": "ob1086", "world_size": [0.1, 0.1, 0.1], "id": 1086, "camera_size": [41, 41], "camera_position": [256, 254], "world_position": [0.705, 0.6498037994254439, -0.15], "world_orientation": [1.0, 8.100187187665134e-17, -1.2653630886983698e-17, -8.100187187665134e-17, 1.0, -1.9397816686250694e-16, 1.2653630886983698e-17, 1.9397816686250694e-16, 1.0], "world_rotation": [-0.9211093596285536, 0.06008602943210125, 0.38463907325148433, -2.1059189642881336e-16]}], "source": "action wait"}
{"timestamp": 1706031173.216137, "objects": [{"color": "cv_", "id_name": "hand", "shape": "CVCylinder", "id_string": "ob382", "world_size": [0.12, 0.005, 0.12], "id": 382, "camera_size": [48, 48], "camera_position": [246, 192], "world_position": [0.8574031616360339, 0.664862755580934, -0.17410229581604247], "world_orientation": [-5.747806393172288e-06, -0.000622341363422345, 0.9999998063290764, -0.0007623986875131192, -0.9999995157170026, -0.0006223455646828661, 0.9999997093575598, -0.0007624021169808111, 5.273331371313268e-06], "world_rotation": [0.0, 1.0, 0.0, 0.0]}, {"color": "CVPurple", "id_name": "object274795262012140", "shape": "CVBox", "id_string": "ob1086", "world_size": [0.1, 0.1, 0.1], "id": 1086, "camera_size": [41, 41], "camera_position": [256, 254], "world_position": [0.705, 0.6498037994254439, -0.15], "world_orientation": [1.0, 8.100187187665134e-17, -1.2653630886983698e-17, -8.100187187665134e-17, 1.0, -1.9397816686250694e-16, 1.2653630886983698e-17, 1.9397816686250694e-16, 1.0], "world_rotation": [-0.9211093596285536, 0.06008602943210125, 0.38463907325148433, -2.1059189642881336e-16]}], "source": "action wait"}
{"timestamp": 1706031173.252787, "objects": [{"color": "cv_", "id_name": "hand", "shape": "CVCylinder", "id_string": "ob382", "world_size": [0.12, 0.005, 0.12], "id": 382, "camera_size": [48, 48], "camera_position": [246, 192], "world_position": [0.8577547513892569, 0.6645225128774376, -0.17410272214965158], "world_orientation": [-5.390270437863703e-06, -0.0009490992261810531, 0.9999995495907005, -0.0007625814713761559, -0.9999992588361653, -0.0009491030607478988, 0.99999970922018, -0.0007625862438248802, 4.666500958771111e-06], "world_rotation": [0.0, 1.0, 0.0, 0.0]}, {"color": "CVPurple", "id_name": "object274795262012140", "shape": "CVBox", "id_string": "ob1086", "world_size": [0.1, 0.1, 0.1], "id": 1086, "camera_size": [41, 41], "camera_position": [256, 254], "world_position": [0.705, 0.6498037994254439, -0.15], "world_orientation": [1.0, 8.100187187665134e-17, -1.2653630886983698e-17, -8.100187187665134e-17, 1.0, -1.9397816686250694e-16, 1.2653630886983698e-17, 1.9397816686250694e-16, 1.0], "world_rotation": [-0.9211093596285536, 0.06008602943210125, 0.38463907325148433, -2.1059189642881336e-16]}], "source": "action wait"}
{"timestamp": 1706031173.28943, "objects": [{"color": "cv_", "id_name": "hand", "shape": "CVCylinder", "id_string": "ob382", "world_size": [0.12, 0.005, 0.12], "id": 382, "camera_size": [48, 48], "camera_position": [246, 192], "world_position": [0.8580025732749917, 0.6642830986075443, -0.17410304332969823], "world_orientation": [-5.109546557782361e-06, -0.001179435691681396, 0.999999304452429, -0.0007627212034508121, -0.9999990135892293, -0.0011794392457885705, 0.999999709115087, -0.0007627266993420499, 4.2099609078822705e-06], "world_rotation": [0.0, 1.0, 0.0, 0.0]}, {"color": "CVPurple", "id_name": "object274795262012140", "shape": "CVBox", "id_string": "ob1086", "world_size": [0.1, 0.1, 0.1], "id": 1086, "camera_size": [41, 41], "camera_position": [256, 254], "world_position": [0.705, 0.6498037994254439, -0.15], "world_orientation": [1.0, 8.100187187665134e-17, -1.2653630886983698e-17, -8.100187187665134e-17, 1.0, -1.9397816686250694e-16, 1.2653630886983698e-17, 1.9397816686250694e-16, 1.0], "world_rotation": [-0.9211093596285536, 0.06008602943210125, 0.38463907325148433, -2.1059189642881336e-16]}], "source": "action wait"}
{"timestamp": 1706031174.833682, "objects": [{"color": "cv_", "id_name": "hand", "shape": "CVCylinder", "id_string": "ob382", "world_size": [0.12, 0.005, 0.12], "id": 382, "camera_size": [48, 49], "camera_position": [246, 192], "world_position": [0.8585951514204502, 0.6637140622954496, -0.17410398106980712], "world_orientation": [-4.211674170255546e-06, -0.0017297835071015284, 0.999998503914521, -0.0007631197325093883, -0.9999982127423608, -0.0017297862174520942, 0.9999997088152254, -0.0007631258761133359, 2.8916347160338806e-06], "world_rotation": [0.0, 1.0, 0.0, 0.0]}, {"color": "CVPurple", "id_name": "object274795262012140", "shape": "CVBox", "id_string": "ob1086", "world_size": [0.1, 0.1, 0.1], "id": 1086, "camera_size": [41, 41], "camera_position": [256, 254], "world_position": [0.705, 0.6498037994254439, -0.15], "world_orientation": [1.0, 8.100187187665134e-17, -1.2653630886983698e-17, -8.100187187665134e-17, 1.0, -1.9397816686250694e-16, 1.2653630886983698e-17, 1.9397816686250694e-16, 1.0], "world_rotation": [-0.9211093596285536, 0.06008602943210125, 0.38463907325148433, -2.1059189642881336e-16]}], "source": "action wait"}
{"timestamp": 1706031174.868177, "objects": [{"color": "cv_", "id_name": "hand", "shape": "CVCylinder", "id_string": "ob382", "world_size": [0.12, 0.005, 0.12], "id": 382, "camera_size": [48, 48], "camera_position": [246, 205], "world_position": [0.8258292658927506, 0.6508391455066097, -0.17408810883005796], "world_orientation": [-4.613185204723855e-05, -0.02262495926220153, 0.9997440217826942, -0.0007600928250876993, -0.9997437332565136, -0.02262498780610447, 0.9999997100653328, -0.0007609419904717595, 2.892296078499845e-05], "world_rotation": [0.0, 1.0, 0.0, 0.0]}, {"color": "CVPurple", "id_name": "object274795262012140", "shape": "CVBox", "id_string": "ob1086", "world_size": [0.1, 0.1, 0.1], "id": 1086, "camera_size": [41, 41], "camera_position": [256, 254], "world_position": [0.705, 0.6498037994254439, -0.15], "world_orientation": [1.0, 8.100187187665134e-17, -1.2653630886983698e-17, -8.100187187665134e-17, 1.0, -1.9397816686250694e-16, 1.2653630886983698e-17, 1.9397816686250694e-16, 1.0], "world_rotation": [-0.9211093596285536, 0.06008602943210125, 0.38463907325148433, -2.1059189642881336e-16]}], "source": "action wait"}
{"timestamp": 1706031174.900747, "objects": [{"color": "cv_", "id_name": "hand", "shape": "CVCylinder", "id_string": "ob382", "world_size": [0.12, 0.005, 0.12], "id": 382, "camera_size": [48, 48], "camera_position": [246, 219], "world_position": [0.7916986765375486, 0.657518762084184, -0.17410124893337126], "world_orientation": [-3.377104141918271e-05, -0.01647995550935996, 0.9998641957415649, -0.0007577149391517783, -0.9998639088630049, -0.016479976373269676, 0.9999997123637526, -0.0007581685842014102, 2.127933699410958e-05], "world_rotation": [0.0, 1.0, 0.0, 0.0]}, {"color": "CVPurple", "id_name": "object274795262012140", "shape": "CVBox", "id_string": "ob1086", "world_size": [0.1, 0.1, 0.1], "id": 1086, "camera_size": [41, 43], "camera_position": [256, 264], "world_position": [0.6806967726096422, 0.6512036504809318, -0.15000551261251874], "world_orientation": [0.999551418984873, -0.02994900977985224, 0.0001327348229207911, 0.02994901118730651, 0.9995514277186832, -8.628134810109083e-06, -0.00013241687766465352, 1.2599541089236885e-05, 0.999999991153511], "world_rotation": [0.00035439345473436, 0.004426675234949368, 0.9999901394272063, 0.02995378483514559]}], "source": "action wait"}
{"timestamp": 1706031174.927261, "objects": [{"color": "cv_", "id_name": "hand", "shape": "CVCylinder", "id_string": "ob382", "world_size": [0.12, 0.005, 0.12], "id": 382, "camera_size": [48, 49], "camera_position": [246, 229], "world_position": [0.7671398381030143, 0.6608957828429973, -0.17410609542962463], "world_orientation": [-1.75028638514553e-05, -0.012074935030079217, 0.999927095161277, -0.0007616830515400754, -0.9999268050940329, -0.012074944859887147, 0.9999997097662473, -0.0007618388672763055, 8.304309370492427e-06], "world_rotation": [0.0, 1.0, 0.0, 0.0]}, {"color": "CVPurple", "id_name": "object274795262012140", "shape": "CVBox", "id_string": "ob1086", "world_size": [0.1, 0.1, 0.1], "id": 1086, "camera_size": [41, 44], "camera_position": [256, 282], "world_position": [0.6352985757063203, 0.6516542453883103, -0.15001792811161913], "world_orientation": [0.9992314539616267, -0.03919630558484075, 0.00038864152332109887, 0.03919631063408048, 0.9992315293282743, -5.380961299450349e-06, -0.00038813194990517844, 2.061013965635795e-05, 0.999999924464403], "world_rotation": [0.00033153407714286157, 0.009908271182240124, 0.999950856916146, 0.03920827940335798]}], "source": "action wait"}
{"timestamp": 1706031174.967372, "objects": [{"color": "cv_", "id_name": "hand", "shape": "CVCylinder", "id_string": "ob382", "world_size": [0.12, 0.005, 0.12], "id": 382, "camera_size": [48, 49], "camera_position": [246, 236], "world_position": [0.7497676436918638, 0.6625209013340063, -0.17410826405407], "world_orientation": [-8.215613849717117e-06, -0.008984535089032158, 0.999959638216332, -0.00076325422656613, -0.9999593469269474, -0.008984538742681543, 0.9999997086877023, -0.0007632972337654512, 1.3577954796942688e-06], "world_rotation": [0.0, 1.0, 0.0, 0.0]}, {"color": "CVPurple", "id_name": "object274795262012140", "shape": "CVBox", "id_string": "ob1086", "world_size": [0.1, 0.1, 0.1], "id": 1086, "camera_size": [41, 43], "camera_position": [256, 299], "world_position": [0.5941169704775568, 0.6488768499123271, -0.15003193080534163], "world_orientation": [0.9998405652161523, 0.01784450870650974, 0.0006462640856983046, -0.01784450792003129, 0.9998407740677123, -6.983532960132604e-06, -0.0006462858014114646, -4.5498450536093994e-06, 0.9999997911469591], "world_rotation": [6.814683054574736e-05, 0.03619329244834477, -0.9993448058291783, 0.017857156623794692]}], "source": "action wait"}
{"timestamp": 1706031175.000424, "objects": [{"color": "cv_", "id_name": "hand", "shape": "CVCylinder", "id_string": "ob382", "world_size": [0.12, 0.005, 0.12], "id": 382, "camera_size": [48, 49], "camera_position": [246, 241], "world_position": [0.7375131147936898, 0.6632955329065644, -0.17410900256762807], "world_orientation": [-3.3036651620218347e-06, -0.006815626632322974, 0.9999767733416085, -0.0007637329264861933, -0.9999764816926088, -0.0068156271676822425, 0.9999997083505089, -0.0007637377040727887, -1.9017310079784208e-06], "world_rotation": [0.0, 1.0, 0.0, 0.0]}, {"color": "CVPurple", "id_name": "object274795262012140", "shape": "CVBox", "id_string": "ob1086", "world_size": [0.1, 0.1, 0.1], "id": 1086, "camera_size": [41, 44], "camera_position": [256, 310], "world_position": [0.5660253483409522, 0.6501354967153289, -0.15003137355042467], "world_orientation": [0.9999608829065385, -0.008821282259508506, 0.0006462476881685083, 0.008821284694453969, 0.9999610917108214, -9.174944906942009e-07, -0.0006462144502987021, 6.6181934414427075e-06, 0.99999979118152], "world_rotation": [0.0004259894372272907, 0.07306236988068851, 0.9973272826110878, 0.008845038788768272]}], "source": "action wait"}
{"timestamp": 1706031175.035498, "objects": [{"color": "cv_", "id_name": "hand", "shape": "CVCylinder", "id_string": "ob382", "world_size": [0.12, 0.005, 0.12], "id": 382, "camera_size": [48, 48], "camera_position": [246, 244], "world_position": [0.7288791229807674, 0.6636610070592772, -0.17410896869266787], "world_orientation": [-1.1095043535178e-06, -0.005292622344713065, 0.9999859939756583, -0.0007637726204061882, -0.9999857023015237, -0.005292621648390956, 0.9999997083250342, -0.0007637677951754116, -2.932871546527854e-06], "world_rotation": [0.0, 1.0, 0.0, 0.0]}, {"color": "CVPurple", "id_name": "object274795262012140", "shape": "CVBox", "id_string": "ob1086", "world_size": [0.1, 0.1, 0.1], "id": 1086, "camera_size": [41, 44], "camera_position": [256, 318], "world_position": [0.5448681260172576, 0.6498786118675624, -0.15003164127707483], "world_orientation": [0.9999914405530069, -0.004086520333444847, 0.0006474351602503019, 0.004086521102774696, 0.9999916501377691, 1.3460673149331973e-07, -0.0006474303043290557, 2.511151865715409e-06, 0.9999997904138256], "world_rotation": [0.00028719649219957676, 0.1564795946613881, 0.9876811499531528, 0.004137501639873328]}], "source": "action wait"}
