{"timestamp": 1706031105.644051, "objects": [{"color": "cv_", "id_name": "hand", "shape": "CVCylinder", "id_string": "ob382", "world_size": [0.12, 0.005, 0.12], "id": 382, "camera_size": [48, 50], "camera_position": [246, 426], "world_position": [0.26764451554003127, 0.6334703013847307, -0.17389260400847806], "world_orientation": [-0.0006415512723224103, 0.197915474866546, 0.9802188802610949, -0.0007473675495743816, -0.9802189031249408, 0.19791499033242552, 0.9999995149267379, -0.0006056111687281232, 0.0007767762879285735], "world_rotation": [0.0, 1.0, 0.0, 0.0]}, {"color": "CVRed", "id_name": "object111847723757050", "shape": "CVBox", "id_string": "ob1051", "world_size": [0.1, 0.1, 0.1], "id": 1051, "camera_size": [41, 41], "camera_position": [256, 254], "world_position": [0.705, 0.6498037932383656, -0.15], "world_orientation": [1.0, 2.1316282072802963e-17, -9.624447840080312e-18, -2.1316282072802963e-17, 1.0, -1.5774048733874193e-16, 9.624447840080312e-18, 1.5774048733874193e-16, 1.0], "world_rotation": [-0.9891858493133231, 0.06035462278252622, 0.13367376342071935, -1.5946496550495827e-16]}], "source": "manual check"}
{"timestamp": 1706031106.659424, "objects": [{"color": "cv_", "id_name": "hand", "shape": "CVCylinder", "id_string": "ob382", "world_size": [0.12, 0.005, 0.12], "id": 382, "camera_size": [48, 50], "camera_position": [246, 426], "world_position": [0.26764451554003127, 0.6334703013847307, -0.17389260400847806], "world_orientation": [-0.0006415512723224103, 0.197915474866546, 0.9802188802610949, -0.0007473675495743816, -0.9802189031249408, 0.19791499033242552, 0.9999995149267379, -0.0006056111687281232, 0.0007767762879285735], "world_rotation": [0.0, 1.0, 0.0, 0.0]}, {"color": "CVRed", "id_name": "object111847723757050", "shape": "CVBox", "id_string": "ob1051", "world_size": [0.1, 0.1, 0.1], "id": 1051, "camera_size": [41, 41], "camera_position": [256, 254], "world_position": [0.705, 0.6498037994254439, -0.15], "world_orientation": [1.0, 8.100187187665134e-17, -1.2653630886983698e-17, -8.100187187665134e-17, 1.0, -1.9397816686250694e-16, 1.2653630886983698e-17, 1.9397816686250694e-16, 1.0], "world_rotation": [-0.9211093596285536, 0.06008602943210125, 0.38463907325148433, -2.1059189642881336e-16]}], "source": "manual check"}
{"timestamp": 1706031108.665967, "objects": [{"color": "cv_", "id_name": "hand", "shape": "CVCylinder", "id_string": "ob382", "world_size": [0.12, 0.005, 0.12], "id": 382, "camera_size": [48, 50], "camera_position": [246, 426], "world_position": [0.26764451554003127, 0.6334703013847307, -0.17389260400847806], "world_orientation": [-0.0006415512723224103, 0.197915474866546, 0.9802188802610949, -0.0007473675495743816, -0.9802189031249408, 0.19791499033242552, 0.9999995149267379, -0.0006056111687281232, 0.0007767762879285735], "world_rotation": [0.0, 1.0, 0.0, 0.0]}, {"color": "CVRed", "id_name": "object111847723757050", "shape": "CVBox", "id_string": "ob1051", "world_size": [0.1, 0.1, 0.1], "id": 1051, "camera_size": [41, 41], "camera_position": [256, 254], "world_position": [0.705, 0.6498037994254439, -0.15], "world_orientation": [1.0, 8.100187187665134e-17, -1.2653630886983698e-17, -8.100187187665134e-17, 1.0, -1.9397816686250694e-16, 1.2653630886983698e-17, 1.9397816686250694e-16, 1.0], "world_rotation": [-0.9211093596285536, 0.06008602943210125, 0.38463907325148433, -2.1059189642881336e-16]}], "source": "action wait"}
{"timestamp": 1706031108.695306, "objects": [{"color": "cv_", "id_name": "hand", "shape": "CVCylinder", "id_string": "ob382", "world_size": [0.12, 0.005, 0.12], "id": 382, "camera_size": [49, 51], "camera_position": [246, 421], "world_position": [0.2918230522321978, 0.6684284778749111, -0.17395575781748873], "world_orientation": [-0.0003776393519830261, 0.20473690571738215, 0.9788169679903346, -0.0007134810821427588, -0.9788168438135844, 0.20473660447403796, 0.9999996741665795, -0.000621050790900936, 0.0005157156676540616], "world_rotation": [0.0, 1.0, 0.0, 0.0]}, {"color": "CVRed", "id_name": "object111847723757050", "shape": "CVBox", "id_string": "ob1051", "world_size": [0.1, 0.1, 0.1], "id": 1051, "camera_size": [41, 41], "camera_position": [256, 254], "world_position": [0.705, 0.6498037994254439, -0.15], "world_orientation": [1.0, 8.100187187665134e-17, -1.2653630886983698e-17, -8.100187187665134e-17, 1.0, -1.9397816686250694e-16, 1.2653630886983698e-17, 1.9397816686250694e-16, 1.0], "world_rotation": [-0.9211093596285536, 0.06008602943210125, 0.38463907325148433, -2.1059189642881336e-16]}], "source": "action wait"}
{"timestamp": 1706031108.727566, "objects": [{"color": "cv_", "id_name": "hand", "shape": "CVCylinder", "id_string": "ob382", "world_size": [0.12, 0.005, 0.12], "id": 382, "camera_size": [51, 52], "camera_position": [246, 405], "world_position": [0.3383613383351593, 0.7071556196162851, -0.17398350933222598], "world_orientation": [-0.00021407975615550455, 0.19815646043606644, 0.9801703787389761, -0.0007291435641749409, -0.9801701715768516, 0.19815625930227015, 0.9999997112597188, -0.000672263679780605, 0.0003543190991491449], "world_rotation": [0.0, 1.0, 0.0, 0.0]}, {"color": "CVRed", "id_name": "object111847723757050", "shape": "CVBox", "id_string": "ob1051", "world_size": [0.1, 0.1, 0.1], "id": 1051, "camera_size": [41, 41], "camera_position": [256, 254], "world_position": [0.705, 0.6498037994254439, -0.15], "world_orientation": [1.0, 8.100187187665134e-17, -1.2653630886983698e-17, -8.100187187665134e-17, 1.0, -1.9397816686250694e-16, 1.2653630886983698e-17, 1.9397816686250694e-16, 1.0], "world_rotation": [-0.9211093596285536, 0.06008602943210125, 0.38463907325148433, -2.1059189642881336e-16]}], "source": "action wait"}
{"timestamp": 1706031108.76084, "objects": [{"color": "cv_", "id_name": "hand", "shape": "CVCylinder", "id_string": "ob382", "world_size": [0.12, 0.005, 0.12], "id": 382, "camera_size": [51, 53], "camera_position": [246, 388], "world_position": [0.3892874229145611, 0.7408582661126921, -0.1740040835032081], "world_orientation": [-0.00010768723259284913, 0.1934437614569959, 0.9811113594066827, -0.0007400518000901016, -0.9811111118458229, 0.19344363141749257, 0.9999997203633576, -0.000705241818287989, 0.0002488115443836479], "world_rotation": [0.0, 1.0, 0.0, 0.0]}, {"color": "CVRed", "id_name": "object111847723757050", "shape": "CVBox", "id_string": "ob1051", "world_size": [0.1, 0.1, 0.1], "id": 1051, "camera_size": [41, 41], "camera_position": [256, 254], "world_position": [0.705, 0.6498037994254439, -0.15], "world_orientation": [1.0, 8.100187187665134e-17, -1.2653630886983698e-17, -8.100187187665134e-17, 1.0, -1.9397816686250694e-16, 1.2653630886983698e-17, 1.9397816686250694e-16, 1.0], "world_rotation": [-0.9211093596285536, 0.06008602943210125, 0.38463907325148433, -2.1059189642881336e-16]}], "source": "action wait"}
{"timestamp": 1706031108.796198, "objects": [{"color": "cv_", "id_name": "hand", "shape": "CVCylinder", "id_string": "ob382", "world_size": [0.12, 0.005, 0.12], "id": 382, "camera_size": [52, 53], "camera_position": [245, 367], "world_position": [0.44366544318211204, 0.7691754170370628, -0.17402268271508503], "world_orientation": [-3.279330932226733e-05, 0.19011600243689528, 0.9817616332603415, -0.000747247718051464, -0.9817613643493229, 0.19011592540290811, 0.9999997202726844, -0.0007273846097757287, 0.0001742589530882219], "world_rotation": [0.0, 1.0, 0.0, 0.0]}, {"color": "CVRed", "id_name": "object111847723757050", "shape": "CVBox", "id_string": "ob1051", "world_size": [0.1, 0.1, 0.1], "id": 1051, "camera_size": [41, 41], "camera_position": [256, 254], "world_position": [0.705, 0.6498037994254439, -0.15], "world_orientation": [1.0, 8.100187187665134e-17, -1.2653630886983698e-17, -8.100187187665134e-17, 1.0, -1.9397816686250694e-16, 1.2653630886983698e-17, 1.9397816686250694e-16, 1.0], "world_rotation": [-0.9211093596285536, 0.06008602943210125, 0.38463907325148433, -2.1059189642881336e-16]}], "source": "action wait"}
{"timestamp": 1706031108.835656, "objects": [{"color": "cv_", "id_name": "hand", "shape": "CVCylinder", "id_string": "ob382", "world_size": [0.12, 0.005, 0.12], "id": 382, "camera_size": [53, 54], "camera_position": [245, 343], "world_position": [0.5008337770053084, 0.7918361342146193, -0.17403891352868978], "world_orientation": [1.9831626390008402e-05, 0.18776533137008186, 0.9822139176076615, -0.0007520783000623248, -0.9822136372194764, 0.1877652929545762, 0.9999997169924286, -0.0007424254645911205, 0.00012173533733936849], "world_rotation": [0.0, 1.0, 0.0, 0.0]}, {"color": "CVRed", "id_name": "object111847723757050", "shape": "CVBox", "id_string": "ob1051", "world_size": [0.1, 0.1, 0.1], "id": 1051, "camera_size": [41, 41], "camera_position": [256, 254], "world_position": [0.705, 0.6498037994254439, -0.15], "world_orientation": [1.0, 8.100187187665134e-17, -1.2653630886983698e-17, -8.100187187665134e-17, 1.0, -1.9397816686250694e-16, 1.2653630886983698e-17, 1.9397816686250694e-16, 1.0], "world_rotation": [-0.9211093596285536, 0.06008602943210125, 0.38463907325148433, -2.1059189642881336e-16]}], "source": "action wait"}
{"timestamp": 1706031108.867668, "objects": [{"color": "cv_", "id_name": "hand", "shape": "CVCylinder", "id_string": "ob382", "world_size": [0.12, 0.005, 0.12], "id": 382, "camera_size": [54, 54], "camera_position": [245, 318], "world_position": [0.5601407783051542, 0.8086169250595134, -0.17405262422942], "world_orientation": [5.669481983292914e-05, 0.18610336085054857, 0.9825301704608506, -0.0007553778460045116, -0.982529883756079, 0.18610335013259735, 0.9999997130949625, -0.0007527326197035276, 8.48740011138937e-05], "world_rotation": [0.0, 1.0, 0.0, 0.0]}, {"color": "CVRed", "id_name": "object111847723757050", "shape": "CVBox", "id_string": "ob1051", "world_size": [0.1, 0.1, 0.1], "id": 1051, "camera_size": [41, 41], "camera_position": [256, 254], "world_position": [0.705, 0.6498037994254439, -0.15], "world_orientation": [1.0, 8.100187187665134e-17, -1.2653630886983698e-17, -8.100187187665134e-17, 1.0, -1.9397816686250694e-16, 1.2653630886983698e-17, 1.9397816686250694e-16, 1.0], "world_rotation": [-0.9211093596285536, 0.06008602943210125, 0.38463907325148433, -2.1059189642881336e-16]}], "source": "action wait"}
{"timestamp": 1706031108.905868, "objects": [{"color": "cv_", "id_name": "hand", "shape": "CVCylinder", "id_string": "ob382", "world_size": [0.12, 0.005, 0.12], "id": 382, "camera_size": [54, 54], "camera_position": [245, 291], "world_position": [0.6211152708455048, 0.8141772539322968, -0.1740631616594211], "world_orientation": [7.766977657210993e-05, 0.1775455651384915, 0.9841125780453471, -0.000764401802856558, -0.984112282959168, 0.17754557223084597, 0.9999997048286013, -0.0007660473537985017, 5.928036894216488e-05], "world_rotation": [0.0, 1.0, 0.0, 0.0]}, {"color": "CVRed", "id_name": "object111847723757050", "shape": "CVBox", "id_string": "ob1051", "world_size": [0.1, 0.1, 0.1], "id": 1051, "camera_size": [41, 41], "camera_position": [256, 254], "world_position": [0.705, 0.6498037994254439, -0.15], "world_orientation": [1.0, 8.100187187665134e-17, -1.2653630886983698e-17, -8.100187187665134e-17, 1.0, -1.9397816686250694e-16, 1.2653630886983698e-17, 1.9397816686250694e-16, 1.0], "world_rotation": [-0.9211093596285536, 0.06008602943210125, 0.38463907325148433, -2.1059189642881336e-16]}], "source": "action wait"}
{"timestamp": 1706031108.933772, "objects": [{"color": "cv_", "id_name": "hand", "shape": "CVCylinder", "id_string": "ob382", "world_size": [0.12, 0.005, 0.12], "id": 382, "camera_size": [53, 53], "camera_position": [245, 263], "world_position": [0.6832430836568716, 0.7948242102248679, -0.17407088037918642], "world_orientation": [6.94457750798122e-05, 0.14272513986158678, 0.9897623601798439, -0.0007772223659333069, -0.9897620559177515, 0.14272515051966056, 0.9999996955512929, -0.00077917710199223, 4.2194377764000585e-05], "world_rotation": [0.0, 1.0, 0.0, 0.0]}, {"color": "CVRed", "id_name": "object111847723757050", "shape": "CVBox", "id_string": "ob1051", "world_size": [0.1, 0.1, 0.1], "id": 1051, "camera_size": [41, 41], "camera_position": [256, 254], "world_position": [0.705, 0.6498037994254439, -0.15], "world_orientation": [1.0, 8.100187187665134e-17, -1.2653630886983698e-17, -8.100187187665134e-17, 1.0, -1.9397816686250694e-16, 1.2653630886983698e-17, 1.9397816686250694e-16, 1.0], "world_rotation": [-0.9211093596285536, 0.06008602943210125, 0.38463907325148433, -2.1059189642881336e-16]}], "source": "action wait"}
{"timestamp": 1706031108.962048, "objects": [{"color": "cv_", "id_name": "hand", "shape": "CVCylinder", "id_string": "ob382", "world_size": [0.12, 0.005, 0.12], "id": 382, "camera_size": [52, 52], "camera_position": [245, 239], "world_position": [0.7375084499999048, 0.7639546850553259, -0.17407259076679257], "world_orientation": [3.731535866205868e-05, 0.10032785895498812, 0.9949544307781498, -0.000776839350616224, -0.9949541283452614, 0.10032785759371492, 0.9999996975640479, -0.0007766635238886716, 4.0811558648208564e-05], "world_rotation": [0.0, 1.0, 0.0, 0.0]}, {"color": "CVRed", "id_name": "object111847723757050", "shape": "CVBox", "id_string": "ob1051", "world_size": [0.1, 0.1, 0.1], "id": 1051, "camera_size": [41, 41], "camera_position": [256, 254], "world_position": [0.705, 0.6498037994254439, -0.15], "world_orientation": [1.0, 8.100187187665134e-17, -1.2653630886983698e-17, -8.100187187665134e-17, 1.0, -1.9397816686250694e-16, 1.2653630886983698e-17, 1.9397816686250694e-16, 1.0], "world_rotation": [-0.9211093596285536, 0.06008602943210125, 0.38463907325148433, -2.1059189642881336e-16]}], "source": "action wait"}
{"timestamp": 1706031108.992483, "objects": [{"color": "cv_", "id_name": "hand", "shape": "CVCylinder", "id_string": "ob382", "world_size": [0.12, 0.005, 0.12], "id": 382, "camera_size": [51, 51], "camera_position": [246, 224], "world_position": [0.7747887364345035, 0.7386475789205368, -0.17407403071400335], "world_orientation": [1.267273773757631e-05, 0.07025571991717768, 0.9975290139431138, -0.0007700816676713315, -0.9975287175573339, 0.07025570882601852, 0.9999997034067695, -0.0007690691387807117, 4.146122213435413e-05], "world_rotation": [0.0, 1.0, 0.0, 0.0]}, {"color": "CVRed", "id_name": "object111847723757050", "shape": "CVBox", "id_string": "ob1051", "world_size": [0.1, 0.1, 0.1], "id": 1051, "camera_size": [41, 41], "camera_position": [256, 254], "world_position": [0.705, 0.6498037994254439, -0.15], "world_orientation": [1.0, 8.100187187665134e-17, -1.2653630886983698e-17, -8.100187187665134e-17, 1.0, -1.9397816686250694e-16, 1.2653630886983698e-17, 1.9397816686250694e-16, 1.0], "world_rotation": [-0.9211093596285536, 0.06008602943210125, 0.38463907325148433, -2.1059189642881336e-16]}], "source": "action wait"}
{"timestamp": 1706031109.025613, "objects": [{"color": "cv_", "id_name": "hand", "shape": "CVCylinder", "id_string": "ob382", "world_size": [0.12, 0.005, 0.12], "id": 382, "camera_size": [51, 51], "camera_position": [246, 214], "world_position": [0.8003626211720942, 0.7191657151454366, -0.1740775762901217], "world_orientation": [-6.228183009815043e-07, 0.0490216820742936, 0.9987977145980156, -0.0007650492947242741, -0.9987974223231623, 0.04902166725218192, 0.9999997073495516, -0.0007640989555342635, 3.81260726111135e-05], "world_rotation": [0.0, 1.0, 0.0, 0.0]}, {"color": "CVRed", "id_name": "object111847723757050", "shape": "CVBox", "id_string": "ob1051", "world_size": [0.1, 0.1, 0.1], "id": 1051, "camera_size": [41, 41], "camera_position": [256, 254], "world_position": [0.705, 0.6498037994254439, -0.15], "world_orientation": [1.0, 8.100187187665134e-17, -1.2653630886983698e-17, -8.100187187665134e-17, 1.0, -1.9397816686250694e-16, 1.2653630886983698e-17, 1.9397816686250694e-16, 1.0], "world_rotation": [-0.9211093596285536, 0.06008602943210125, 0.38463907325148433, -2.1059189642881336e-16]}], "source": "action wait"}
{"timestamp": 1706031109.060632, "objects": [{"color": "cv_", "id_name": "hand", "shape": "CVCylinder", "id_string": "ob382", "world_size": [0.12, 0.005, 0.12], "id": 382, "camera_size": [49, 50], "camera_position": [246, 207], "world_position": [0.8179924289132756, 0.7046609953161792, -0.17408178250935707], "world_orientation": [-7.267317872397513e-06, 0.034043727660222976, 0.9994203442767126, -0.0007619742207556185, -0.9994200543574984, 0.034043712243847404, 0.9999997096711944, -0.0007612851315594752, 3.320354607895606e-05], "world_rotation": [0.0, 1.0, 0.0, 0.0]}, {"color": "CVRed", "id_name": "object111847723757050", "shape": "CVBox", "id_string": "ob1051", "world_size": [0.1, 0.1, 0.1], "id": 1051, "camera_size": [41, 41], "camera_position": [256, 254], "world_position": [0.705, 0.6498037994254439, -0.15], "world_orientation": [1.0, 8.100187187665134e-17, -1.2653630886983698e-17, -8.100187187665134e-17, 1.0, -1.9397816686250694e-16, 1.2653630886983698e-17, 1.9397816686250694e-16, 1.0], "world_rotation": [-0.9211093596285536, 0.06008602943210125, 0.38463907325148433, -2.1059189642881336e-16]}], "source": "action wait"}
{"timestamp": 1706031109.097848, "objects": [{"color": "cv_", "id_name": "hand", "shape": "CVCylinder", "id_string": "ob382", "world_size": [0.12, 0.005, 0.12], "id": 382, "camera_size": [49, 50], "camera_position": [246, 202], "world_position": [0.8302060597401781, 0.6940786747898778, -0.17408589561650478], "world_orientation": [-1.0141413291006973e-05, 0.02348392370242082, 0.9997242145835473, -0.0007604203013088011, -0.9997239257762349, 0.023483909204357417, 0.9999997108290168, -0.0007599724284507561, 2.799626584628524e-05], "world_rotation": [0.0, 1.0, 0.0, 0.0]}, {"color": "CVRed", "id_name": "object111847723757050", "shape": "CVBox", "id_string": "ob1051", "world_size": [0.1, 0.1, 0.1], "id": 1051, "camera_size": [41, 41], "camera_position": [256, 254], "world_position": [0.705, 0.6498037994254439, -0.15], "world_orientation": [1.0, 8.100187187665134e-17, -1.2653630886983698e-17, -8.100187187665134e-17, 1.0, -1.9397816686250694e-16, 1.2653630886983698e-17, 1.9397816686250694e-16, 1.0], "world_rotation": [-0.9211093596285536, 0.06008602943210125, 0.38463907325148433, -2.1059189642881336e-16]}], "source": "action wait"}
{"timestamp": 1706031109.132121, "objects": [{"color": "cv_", "id_name": "hand", "shape": "CVCylinder", "id_string": "ob382", "world_size": [0.12, 0.005, 0.12], "id": 382, "camera_size": [49, 49], "camera_position": [246, 199], "world_position": [0.8387037346372836, 0.6864564553064956, -0.17408956974633258], "world_orientation": [-1.0949646432369244e-05, 0.01604074848028957, 0.999871338857304, -0.0007598682162623538, -0.999871050387957, 0.016040735531071347, 0.9999997112401579, -0.0007595948103671295, 2.3137089415310567e-05], "world_rotation": [0.0, 1.0, 0.0, 0.0]}, {"color": "CVRed", "id_name": "object111847723757050", "shape": "CVBox", "id_string": "ob1051", "world_size": [0.1, 0.1, 0.1], "id": 1051, "camera_size": [41, 41], "camera_position": [256, 254], "world_position": [0.705, 0.6498037994254439, -0.15], "world_orientation": [1.0, 8.100187187665134e-17, -1.2653630886983698e-17, -8.100187187665134e-17, 1.0, -1.9397816686250694e-16, 1.2653630886983698e-17, 1.9397816686250694e-16, 1.0], "world_rotation": [-0.9211093596285536, 0.06008602943210125, 0.38463907325148433, -2.1059189642881336e-16]}], "source": "action wait"}
{"timestamp": 1706031109.164908, "objects": [{"color": "cv_", "id_name": "hand", "shape": "CVCylinder", "id_string": "ob382", "world_size": [0.12, 0.005, 0.12], "id": 382, "camera_size": [49, 49], "camera_position": [246, 197], "world_position": [0.8446364131764224, 0.6810118023853731, -0.1740926851515767], "world_orientation": [-1.0718972413001895e-05, 0.010794872048543284, 0.9999417336137938, -0.0007598997105521138, -0.9999414450521628, 0.010794860787557503, 0.9999997112187251, -0.0007597397241274845, 1.89213649096348e-05], "world_rotation": [0.0, 1.0, 0.0, 0.0]}, {"color": "CVRed", "id_name": "object111847723757050", "shape": "CVBox", "id_string": "ob1051", "world_size": [0.1, 0.1, 0.1], "id": 1051, "camera_size": [41, 41], "camera_position": [256, 254], "world_position": [0.705, 0.6498037994254439, -0.15], "world_orientation": [1.0, 8.100187187665134e-17, -1.2653630886983698e-17, -8.100187187665134e-17, 1.0, -1.9397816686250694e-16, 1.2653630886983698e-17, 1.9397816686250694e-16, 1.0], "world_rotation": [-0.9211093596285536, 0.06008602943210125, 0.38463907325148433, -2.1059189642881336e-16]}], "source": "action wait"}
{"timestamp": 1706031109.195471, "objects": [{"color": "cv_", "id_name": "hand", "shape": "CVCylinder", "id_string": "ob382", "world_size": [0.12, 0.005, 0.12], "id": 382, "camera_size": [49, 49], "camera_position": [246, 196], "world_position": [0.8487893532951136, 0.6771438061070588, -0.17409523993400997], "world_orientation": [-1.000188998784557e-05, 0.007097742228019009, 0.999974810660362, -0.0007602256900981417, -0.999974521800036, 0.00709773257382633, 0.9999997109783895, -0.0007601355497750254, 1.539752114149365e-05], "world_rotation": [0.0, 1.0, 0.0, 0.0]}, {"color": "CVRed", "id_name": "object111847723757050", "shape": "CVBox", "id_string": "ob1051", "world_size": [0.1, 0.1, 0.1], "id": 1051, "camera_size": [41, 41], "camera_position": [256, 254], "world_position": [0.705, 0.6498037994254439, -0.15], "world_orientation": [1.0, 8.100187187665134e-17, -1.2653630886983698e-17, -8.100187187665134e-17, 1.0, -1.9397816686250694e-16, 1.2653630886983698e-17, 1.9397816686250694e-16, 1.0], "world_rotation": [-0.9211093596285536, 0.06008602943210125, 0.38463907325148433, -2.1059189642881336e-16]}], "source": "action wait"}
{"timestamp": 1706031109.225809, "objects": [{"color": "cv_", "id_name": "hand", "shape": "CVCylinder", "id_string": "ob382", "world_size": [0.12, 0.005, 0.12], "id": 382, "camera_size": [49, 48], "camera_position": [246, 194], "world_position": [0.8517022752852874, 0.6744057888651109, -0.17409728742744882], "world_orientation": [-9.12934979357986e-06, 0.00449211189228685, 0.9999899103728008, -0.0007606664852634723, -0.9999896211417942, 0.004492103648555674, 0.9999997106515348, -0.0007606178004370687, 1.2546254006234945e-05], "world_rotation": [0.0, 1.0, 0.0, 0.0]}, {"color": "CVRed", "id_name": "object111847723757050", "shape": "CVBox", "id_string": "ob1051", "world_size": [0.1, 0.1, 0.1], "id": 1051, "camera_size": [41, 41], "camera_position": [256, 254], "world_position": [0.705, 0.6498037994254439, -0.15], "world_orientation": [1.0, 8.100187187665134e-17, -1.2653630886983698e-17, -8.100187187665134e-17, 1.0, -1.9397816686250694e-16, 1.2653630886983698e-17, 1.9397816686250694e-16, 1.0], "world_rotation": [-0.9211093596285536, 0.06008602943210125, 0.38463907325148433, -2.1059189642881336e-16]}], "source": "action wait"}
{"timestamp": 1706031109.257548, "objects": [{"color": "cv_", "id_name": "hand", "shape": "CVCylinder", "id_string": "ob382", "world_size": [0.12, 0.005, 0.12], "id": 382, "camera_size": [49, 49], "camera_position": [246, 194], "world_position": [0.853748461291997, 0.6724722308134358, -0.17409890143989132], "world_orientation": [-8.254939259210005e-06, 0.002655702933895687, 0.9999964735806737, -0.0007611199129090074, -0.9999961839806499, 0.002655695881781052, 0.9999997103141252, -0.0007610953062731825, 1.0276216144325853e-05], "world_rotation": [0.0, 1.0, 0.0, 0.0]}, {"color": "CVRed", "id_name": "object111847723757050", "shape": "CVBox", "id_string": "ob1051", "world_size": [0.1, 0.1, 0.1], "id": 1051, "camera_size": [41, 41], "camera_position": [256, 254], "world_position": [0.705, 0.6498037994254439, -0.15], "world_orientation": [1.0, 8.100187187665134e-17, -1.2653630886983698e-17, -8.100187187665134e-17, 1.0, -1.9397816686250694e-16, 1.2653630886983698e-17, 1.9397816686250694e-16, 1.0], "world_rotation": [-0.9211093596285536, 0.06008602943210125, 0.38463907325148433, -2.1059189642881336e-16]}], "source": "action wait"}
{"timestamp": 1706031109.290863, "objects": [{"color": "cv_", "id_name": "hand", "shape": "CVCylinder", "id_string": "ob382", "world_size": [0.12, 0.005, 0.12], "id": 382, "camera_size": [49, 49], "camera_position": [246, 193], "world_position": [0.8551873696839842, 0.6711088709926089, -0.17410015809464197], "world_orientation": [-7.463050763373136e-06, 0.0013613949466766077, 0.9999990732736217, -0.0007615344269393316, -0.9999987833420925, 0.0013613888685898596, 0.9999997100047678, -0.0007615235610914581, 8.499790804314098e-06], "world_rotation": [0.0, 1.0, 0.0, 0.0]}, {"color": "CVRed", "id_name": "object111847723757050", "shape": "CVBox", "id_string": "ob1051", "world_size": [0.1, 0.1, 0.1], "id": 1051, "camera_size": [41, 41], "camera_position": [256, 254], "world_position": [0.705, 0.6498037994254439, -0.15], "world_orientation": [1.0, 8.100187187665134e-17, -1.2653630886983698e-17, -8.100187187665134e-17, 1.0, -1.9397816686250694e-16, 1.2653630886983698e-17, 1.9397816686250694e-16, 1.0], "world_rotation": [-0.9211093596285536, 0.06008602943210125, 0.38463907325148433, -2.1059189642881336e-16]}], "source": "action wait"}
{"timestamp": 1706031109.32692, "objects": [{"color": "cv_", "id_name": "hand", "shape": "CVCylinder", "id_string": "ob382", "world_size": [0.12, 0.005, 0.12], "id": 382, "camera_size": [49, 49], "camera_position": [246, 193], "world_position": [0.8562000341553371, 0.6701484956627283, -0.17410112720215865], "world_orientation": [-6.783612625493821e-06, 0.00044913504000814955, 0.9999998991158442, -0.0007618889199710394, -0.9999996089037981, 0.0004491297413042804, 0.999999709739586, -0.0007618857963867368, 7.125800983366398e-06], "world_rotation": [0.0, 1.0, 0.0, 0.0]}, {"color": "CVRed", "id_name": "object111847723757050", "shape": "CVBox", "id_string": "ob1051", "world_size": [0.1, 0.1, 0.1], "id": 1051, "camera_size": [41, 41], "camera_position": [256, 254], "world_position": [0.705, 0.6498037994254439, -0.15], "world_orientation": [1.0, 8.100187187665134e-17, -1.2653630886983698e-17, -8.100187187665134e-17, 1.0, -1.9397816686250694e-16, 1.2653630886983698e-17, 1.9397816686250694e-16, 1.0], "world_rotation": [-0.9211093596285536, 0.06008602943210125, 0.38463907325148433, -2.1059189642881336e-16]}], "source": "action wait"}
{"timestamp": 1706031109.361436, "objects": [{"color": "cv_", "id_name": "hand", "shape": "CVCylinder", "id_string": "ob382", "world_size": [0.12, 0.005, 0.12], "id": 382, "camera_size": [49, 48], "camera_position": [246, 192], "world_position": [0.8569131317716377, 0.6694723890770351, -0.1741018688998035], "world_orientation": [-6.22055805510762e-06, -0.00019386696703970537, 0.9999999811884517, -0.0007621793382532753, -0.9999996907481716, -0.0001938716519135227, 0.9999997095219383, -0.0007621805299057674, 6.0727947351056e-06], "world_rotation": [0.0, 1.0, 0.0, 0.0]}, {"color": "CVRed", "id_name": "object111847723757050", "shape": "CVBox", "id_string": "ob1051", "world_size": [0.1, 0.1, 0.1], "id": 1051, "camera_size": [41, 41], "camera_position": [256, 254], "world_position": [0.705, 0.6498037994254439, -0.15], "world_orientation": [1.0, 8.100187187665134e-17, -1.2653630886983698e-17, -8.100187187665134e-17, 1.0, -1.9397816686250694e-16, 1.2653630886983698e-17, 1.9397816686250694e-16, 1.0], "world_rotation": [-0.9211093596285536, 0.06008602943210125, 0.38463907325148433, -2.1059189642881336e-16]}], "source": "action wait"}
{"timestamp": 1706031109.394886, "objects": [{"color": "cv_", "id_name": "hand", "shape": "CVCylinder", "id_string": "ob382", "world_size": [0.12, 0.005, 0.12], "id": 382, "camera_size": [49, 48], "camera_position": [246, 192], "world_position": [0.8574154922725715, 0.6689965656934421, -0.1741024330443648], "world_orientation": [-5.7650525001447615e-06, -0.0006470966829871529, 0.9999997906163017, -0.0007624102524074497, -0.9999994999953974, -0.0006471008902631666, 0.9999997093486435, -0.000762413823342172, 5.2716964725479174e-06], "world_rotation": [0.0, 1.0, 0.0, 0.0]}, {"color": "CVRed", "id_name": "object111847723757050", "shape": "CVBox", "id_string": "ob1051", "world_size": [0.1, 0.1, 0.1], "id": 1051, "camera_size": [41, 41], "camera_position": [256, 254], "world_position": [0.705, 0.6498037994254439, -0.15], "world_orientation": [1.0, 8.100187187665134e-17, -1.2653630886983698e-17, -8.100187187665134e-17, 1.0, -1.9397816686250694e-16, 1.2653630886983698e-17, 1.9397816686250694e-16, 1.0], "world_rotation": [-0.9211093596285536, 0.06008602943210125, 0.38463907325148433, -2.1059189642881336e-16]}], "source": "action wait"}
{"timestamp": 1706031109.42752, "objects": [{"color": "cv_", "id_name": "hand", "shape": "CVCylinder", "id_string": "ob382", "world_size": [0.12, 0.005, 0.12], "id": 382, "camera_size": [49, 49], "camera_position": [246, 192], "world_position": [0.8577695026371354, 0.6686617477740665, -0.174102859927502], "world_orientation": [-5.4030303784106116e-06, -0.0009665710378711964, 0.9999995328555089, -0.0007625898707042261, -0.9999992420945608, -0.0009665748771276918, 0.999999709213706, -0.0007625947368983831, 4.665929000991907e-06], "world_rotation": [0.0, 1.0, 0.0, 0.0]}, {"color": "CVRed", "id_name": "object111847723757050", "shape": "CVBox", "id_string": "ob1051", "world_size": [0.1, 0.1, 0.1], "id": 1051, "camera_size": [41, 41], "camera_position": [256, 254], "world_position": [0.705, 0.6498037994254439, -0.15], "world_orientation": [1.0, 8.100187187665134e-17, -1.2653630886983698e-17, -8.100187187665134e-17, 1.0, -1.9397816686250694e-16, 1.2653630886983698e-17, 1.9397816686250694e-16, 1.0], "world_rotation": [-0.9211093596285536, 0.06008602943210125, 0.38463907325148433, -2.1059189642881336e-16]}], "source": "action wait"}
{"timestamp": 1706031109.458353, "objects": [{"color": "cv_", "id_name": "hand", "shape": "CVCylinder", "id_string": "ob382", "world_size": [0.12, 0.005, 0.12], "id": 382, "camera_size": [48, 49], "camera_position": [246, 192], "world_position": [0.8580190282020451, 0.6684261591839068, -0.1741031815283371], "world_orientation": [-5.119213025693884e-06, -0.0011917689534509898, 0.9999992898300255, -0.0007627272758557021, -0.9999989989621909, -0.0011917725113693317, 0.9999997091104058, -0.0007627328351274049, 4.2102132142167665e-06], "world_rotation": [0.0, 1.0, 0.0, 0.0]}, {"color": "CVRed", "id_name": "object111847723757050", "shape": "CVBox", "id_string": "ob1051", "world_size": [0.1, 0.1, 0.1], "id": 1051, "camera_size": [41, 41], "camera_position": [256, 254], "world_position": [0.705, 0.6498037994254439, -0.15], "world_orientation": [1.0, 8.100187187665134e-17, -1.2653630886983698e-17, -8.100187187665134e-17, 1.0, -1.9397816686250694e-16, 1.2653630886983698e-17, 1.9397816686250694e-16, 1.0], "world_rotation": [-0.9211093596285536, 0.06008602943210125, 0.38463907325148433, -2.1059189642881336e-16]}], "source": "action wait"}
{"timestamp": 1706031110.446934, "objects": [{"color": "cv_", "id_name": "hand", "shape": "CVCylinder", "id_string": "ob382", "world_size": [0.12, 0.005, 0.12], "id": 382, "camera_size": [48, 49], "camera_position": [246, 192], "world_position": [0.8586156470006574, 0.667866288779834, -0.17410412052877802], "world_orientation": [-4.213868891206838e-06, -0.001729799191794085, 0.9999985038873805, -0.0007631196628458095, -0.9999982127152798, -0.0017298019038147691, 0.9999997088152695, -0.0007631258102916467, 2.8938175841541354e-06], "world_rotation": [0.0, 1.0, 0.0, 0.0]}, {"color": "CVRed", "id_name": "object111847723757050", "shape": "CVBox", "id_string": "ob1051", "world_size": [0.1, 0.1, 0.1], "id": 1051, "camera_size": [41, 41], "camera_position": [256, 254], "world_position": [0.705, 0.6498037994254439, -0.15], "world_orientation": [1.0, 8.100187187665134e-17, -1.2653630886983698e-17, -8.100187187665134e-17, 1.0, -1.9397816686250694e-16, 1.2653630886983698e-17, 1.9397816686250694e-16, 1.0], "world_rotation": [-0.9211093596285536, 0.06008602943210125, 0.38463907325148433, -2.1059189642881336e-16]}], "source": "action wait"}
{"timestamp": 1706031110.481939, "objects": [{"color": "cv_", "id_name": "hand", "shape": "CVCylinder", "id_string": "ob382", "world_size": [0.12, 0.005, 0.12], "id": 382, "camera_size": [48, 48], "camera_position": [246, 205], "world_position": [0.8259729803739356, 0.6549240890089406, -0.17408827766401233], "world_orientation": [-4.613335788053881e-05, -0.02271209562172824, 0.999742046021964, -0.0007601364962113325, -0.9997417574601078, -0.022712124142889586, 0.9999997100320682, -0.0007609882025299682, 2.885715149786466e-05], "world_rotation": [0.0, 1.0, 0.0, 0.0]}, {"color": "CVRed", "id_name": "object111847723757050", "shape": "CVBox", "id_string": "ob1051", "world_size": [0.1, 0.1, 0.1], "id": 1051, "camera_size": [41, 41], "camera_position": [256, 254], "world_position": [0.705, 0.6498037994254439, -0.15], "world_orientation": [1.0, 8.100187187665134e-17, -1.2653630886983698e-17, -8.100187187665134e-17, 1.0, -1.9397816686250694e-16, 1.2653630886983698e-17, 1.9397816686250694e-16, 1.0], "world_rotation": [-0.9211093596285536, 0.06008602943210125, 0.38463907325148433, -2.1059189642881336e-16]}], "source": "action wait"}
{"timestamp": 1706031110.51715, "objects": [{"color": "cv_", "id_name": "hand", "shape": "CVCylinder", "id_string": "ob382", "world_size": [0.12, 0.005, 0.12], "id": 382, "camera_size": [48, 49], "camera_position": [246, 219], "world_position": [0.7918044686496095, 0.6616331362184711, -0.17410154699627073], "world_orientation": [-3.395652446849254e-05, -0.01654009051508609, 0.9998632027696125, -0.0007580396315017431, -0.9998629156475284, -0.01654011150932376, 0.9999997121113943, -0.0007584975784811802, 2.1413825441621793e-05], "world_rotation": [0.0, 1.0, 0.0, 0.0]}, {"color": "CVRed", "id_name": "object111847723757050", "shape": "CVBox", "id_string": "ob1051", "world_size": [0.1, 0.1, 0.1], "id": 1051, "camera_size": [41, 43], "camera_position": [256, 264], "world_position": [0.6808146141942987, 0.6511845225853005, -0.1500056153088599], "world_orientation": [0.9995279650518878, -0.030721795994791183, 0.00013538865016062988, 0.030721797455804736, 0.9995279741382783, -8.724318220492446e-06, -0.00013505671649180685, 1.287958272544401e-05, 0.9999999907968998], "world_rotation": [0.0003516019999783726, 0.004401479715993913, 0.9999902516286563, 0.030726931096901198]}], "source": "action wait"}
{"timestamp": 1706031110.549855, "objects": [{"color": "cv_", "id_name": "hand", "shape": "CVCylinder", "id_string": "ob382", "world_size": [0.12, 0.005, 0.12], "id": 382, "camera_size": [48, 49], "camera_position": [246, 229], "world_position": [0.7672122989661699, 0.6650192122917437, -0.17410632962360897], "world_orientation": [-1.7621182167762042e-05, -0.012117115554170893, 0.9999265849051824, -0.0007619042007875636, -0.9999262946700047, -0.012117125463737563, 0.9999997095956993, -0.0007620617835939345, 8.38780215092361e-06], "world_rotation": [0.0, 1.0, 0.0, 0.0]}, {"color": "CVRed", "id_name": "object111847723757050", "shape": "CVBox", "id_string": "ob1051", "world_size": [0.1, 0.1, 0.1], "id": 1051, "camera_size": [41, 44], "camera_position": [256, 282], "world_position": [0.6357099025298752, 0.6516920868093024, -0.15001825893630252], "world_orientation": [0.9991687894580952, -0.040762396714366246, 0.0003964680890106429, 0.04076240205046566, 0.9991688678847448, -5.384558879997758e-06, -0.000395919084123994, 2.154107482232559e-05, 0.9999999213920274], "world_rotation": [0.0003302597601631917, 0.00971912492938852, 0.9999527136515495, 0.040775625315865614]}], "source": "action wait"}
{"timestamp": 1706031110.579899, "objects": [{"color": "cv_", "id_name": "hand", "shape": "CVCylinder", "id_string": "ob382", "world_size": [0.12, 0.005, 0.12], "id": 382, "camera_size": [48, 49], "camera_position": [246, 236], "world_position": [0.7498164014101606, 0.6666482270792584, -0.17410846182354298], "world_orientation": [-8.288977118541148e-06, -0.009014150314698445, 0.9999593716873687, -0.0007633971610420434, -0.9999590802888646, -0.009014154015920118, 0.9999997085779913, -0.0007634408636202695, 1.40726117690487e-06], "world_rotation": [0.0, 1.0, 0.0, 0.0]}, {"color": "CVRed", "id_name": "object111847723757050", "shape": "CVBox", "id_string": "ob1051", "world_size": [0.1, 0.1, 0.1], "id": 1051, "camera_size": [41, 44], "camera_position": [256, 298], "world_position": [0.5948281217971856, 0.6489864052544481, -0.150032506731146], "world_orientation": [0.9998844619512655, 0.015186432527785594, 0.0006595570540739221, -0.015186431221953537, 0.9998846794795413, -6.988265289296171e-06, -0.0006595871204304762, -3.028859959882922e-06, 0.9999997824678046], "world_rotation": [0.0001302371837741515, 0.04339076401278429, -0.9990581687953223, 0.01520133386273073]}], "source": "action wait"}
{"timestamp": 1706031110.6131, "objects": [{"color": "cv_", "id_name": "hand", "shape": "CVCylinder", "id_string": "ob382", "world_size": [0.12, 0.005, 0.12], "id": 382, "camera_size": [48, 49], "camera_position": [246, 241], "world_position": [0.7375451956777336, 0.6674245059313435, -0.17410917873278905], "world_orientation": [-3.3503063809641994e-06, -0.006836423328817735, 0.9999766313793762, -0.0007638248423516651, -0.9999763396600732, -0.006836423893561175, 0.9999997082801503, -0.0007638298969336635, -1.8716028594417278e-06], "world_rotation": [0.0, 1.0, 0.0, 0.0]}, {"color": "CVRed", "id_name": "object111847723757050", "shape": "CVBox", "id_string": "ob1051", "world_size": [0.1, 0.1, 0.1], "id": 1051, "camera_size": [41, 43], "camera_position": [256, 310], "world_position": [0.566310859958873, 0.6498509866721085, -0.15003227475409883], "world_orientation": [0.9999946081170428, -0.0032165753458090855, 0.000661347024767746, 0.0032165769161591256, 0.9999948268022311, -1.3108461273883876e-06, -0.0006613393870534576, 3.438112632908305e-06, 0.9999997813091733], "world_rotation": [0.0007230755031185996, 0.20139196631726497, 0.9795104660312122, 0.0032838668127422614]}], "source": "action wait"}
{"timestamp": 1706031110.643785, "objects": [{"color": "cv_", "id_name": "hand", "shape": "CVCylinder", "id_string": "ob382", "world_size": [0.12, 0.005, 0.12], "id": 382, "camera_size": [48, 48], "camera_position": [246, 244], "world_position": [0.7288995112932407, 0.6677906201776476, -0.17410913175244624], "world_orientation": [-1.0130566608139864e-06, -0.005307228363786529, 0.9999859165638626, -0.0007638321895384196, -0.9999856248445279, -0.0053072275893594305, 0.9999997082796374, -0.0007638268086791932, -3.0407897631577417e-06], "world_rotation": [0.0, 1.0, 0.0, 0.0]}, {"color": "CVRed", "id_name": "object111847723757050", "shape": "CVBox", "id_string": "ob1051", "world_size": [0.1, 0.1, 0.1], "id": 1051, "camera_size": [41, 44], "camera_position": [256, 318], "world_position": [0.5446788838537303, 0.6493875234029856, -0.15003277620173874], "world_orientation": [0.9999844064304981, 0.005544900492174744, 0.0006640590159095344, -0.005544901776333473, 0.9999846269139754, 9.273236363334089e-08, -0.0006640482930814286, -3.77487293452342e-06, 0.9999997795127831], "world_rotation": [-0.00034627891643032637, 0.11890964160168212, -0.9929050192365187, 0.005584552246801456]}], "source": "action wait"}
