{"timestamp": 1706031964.211684, "objects": [{"color": "cv_", "id_name": "hand", "shape": "CVCylinder", "id_string": "ob382", "world_size": [0.12, 0.005, 0.12], "id": 382, "camera_size": [48, 50], "camera_position": [246, 426], "world_position": [0.26764451554002094, 0.6334703013847306, -0.1738926040084784], "world_orientation": [-0.0006415511663910835, 0.19791547486656022, 0.9802188802611612, -0.0007473675281862623, -0.9802189031249379, 0.19791499033252047, 0.9999995149268218, -0.00060561116872847, 0.0007767761798596532], "world_rotation": [0.0, 1.0, 0.0, 0.0]}, {"color": "CVRed", "id_name": "object27272241336910", "shape": "CVSphere", "id_string": "ob1233", "world_size": [0.11, 0.11, 0.11], "id": 1233, "camera_size": [45, 45], "camera_position": [256, 254], "world_position": [0.705, 0.6547388545032035, -0.15], "world_orientation": [1.0, -4.897221604918397e-17, 1.4640341299624373e-17, 4.897221604918397e-17, 1.0, 1.0588587253877655e-17, -1.4640341299624373e-17, -1.0588587253877655e-17, 1.0], "world_rotation": [-0.20285038077759815, 0.2804716754121498, 0.9381830110963879, 5.219900112234351e-17]}], "source": "manual check"}
{"timestamp": 1706031965.232118, "objects": [{"color": "cv_", "id_name": "hand", "shape": "CVCylinder", "id_string": "ob382", "world_size": [0.12, 0.005, 0.12], "id": 382, "camera_size": [48, 50], "camera_position": [246, 426], "world_position": [0.26764451554002094, 0.6334703013847306, -0.1738926040084784], "world_orientation": [-0.0006415511663910835, 0.19791547486656022, 0.9802188802611612, -0.0007473675281862623, -0.9802189031249379, 0.19791499033252047, 0.9999995149268218, -0.00060561116872847, 0.0007767761798596532], "world_rotation": [0.0, 1.0, 0.0, 0.0]}, {"color": "CVRed", "id_name": "object27272241336910", "shape": "CVSphere", "id_string": "ob1233", "world_size": [0.11, 0.11, 0.11], "id": 1233, "camera_size": [45, 45], "camera_position": [256, 254], "world_position": [0.705, 0.6547388572526824, -0.15], "world_orientation": [1.0, -3.838362879530641e-17, 1.4813540171849057e-17, 3.838362879530641e-17, 1.0, 5.294293626938881e-18, -1.4813540171849057e-17, -5.294293626938881e-18, 1.0], "world_rotation": [-0.1276280613210114, 0.35710588544125776, 0.925303444577321, 4.1482206750932463e-17]}], "source": "manual check"}
{"timestamp": 1706031968.083071, "objects": [{"color": "cv_", "id_name": "hand", "shape": "CVCylinder", "id_string": "ob382", "world_size": [0.12, 0.005, 0.12], "id": 382, "camera_size": [48, 50], "camera_position": [246, 426], "world_position": [0.26764451554002094, 0.6334703013847306, -0.1738926040084784], "world_orientation": [-0.0006415511663910835, 0.19791547486656022, 0.9802188802611612, -0.0007473675281862623, -0.9802189031249379, 0.19791499033252047, 0.9999995149268218, -0.00060561116872847, 0.0007767761798596532], "world_rotation": [0.0, 1.0, 0.0, 0.0]}, {"color": "CVRed", "id_name": "object27272241336910", "shape": "CVSphere", "id_string": "ob1233", "world_size": [0.11, 0.11, 0.11], "id": 1233, "camera_size": [45, 45], "camera_position": [256, 254], "world_position": [0.705, 0.6547388572526824, -0.15], "world_orientation": [1.0, -3.838362879530641e-17, 1.4813540171849057e-17, 3.838362879530641e-17, 1.0, 5.294293626938881e-18, -1.4813540171849057e-17, -5.294293626938881e-18, 1.0], "world_rotation": [-0.1276280613210114, 0.35710588544125776, 0.925303444577321, 4.1482206750932463e-17]}], "source": "action wait"}
{"timestamp": 1706031968.115066, "objects": [{"color": "cv_", "id_name": "hand", "shape": "CVCylinder", "id_string": "ob382", "world_size": [0.12, 0.005, 0.12], "id": 382, "camera_size": [49, 51], "camera_position": [246, 421], "world_position": [0.29148968231086647, 0.6681374205199594, -0.1739559250926738], "world_orientation": [-0.00038004641074772846, 0.20167267568791863, 0.9794529021068861, -0.0007142607933627665, -0.979452777742092, 0.20167237293397244, 0.9999996726980689, -0.0006229399454400843, 0.0005162843980146493], "world_rotation": [0.0, 1.0, 0.0, 0.0]}, {"color": "CVRed", "id_name": "object27272241336910", "shape": "CVSphere", "id_string": "ob1233", "world_size": [0.11, 0.11, 0.11], "id": 1233, "camera_size": [45, 45], "camera_position": [256, 254], "world_position": [0.705, 0.6547388572526824, -0.15], "world_orientation": [1.0, -3.838362879530641e-17, 1.4813540171849057e-17, 3.838362879530641e-17, 1.0, 5.294293626938881e-18, -1.4813540171849057e-17, -5.294293626938881e-18, 1.0], "world_rotation": [-0.1276280613210114, 0.35710588544125776, 0.925303444577321, 4.1482206750932463e-17]}], "source": "action wait"}
{"timestamp": 1706031968.151771, "objects": [{"color": "cv_", "id_name": "hand", "shape": "CVCylinder", "id_string": "ob382", "world_size": [0.12, 0.005, 0.12], "id": 382, "camera_size": [51, 52], "camera_position": [246, 406], "world_position": [0.3377972692908225, 0.7065274276699537, -0.17398370571084606], "world_orientation": [-0.00021835400525022994, 0.19272478028490733, 0.9812528274535888, -0.0007302879043842676, -0.9812526199169104, 0.19272457701543014, 0.9999997095005105, -0.000674514887731033, 0.0003550050156387496], "world_rotation": [0.0, 1.0, 0.0, 0.0]}, {"color": "CVRed", "id_name": "object27272241336910", "shape": "CVSphere", "id_string": "ob1233", "world_size": [0.11, 0.11, 0.11], "id": 1233, "camera_size": [45, 45], "camera_position": [256, 254], "world_position": [0.705, 0.6547388572526824, -0.15], "world_orientation": [1.0, -3.838362879530641e-17, 1.4813540171849057e-17, 3.838362879530641e-17, 1.0, 5.294293626938881e-18, -1.4813540171849057e-17, -5.294293626938881e-18, 1.0], "world_rotation": [-0.1276280613210114, 0.35710588544125776, 0.925303444577321, 4.1482206750932463e-17]}], "source": "action wait"}
{"timestamp": 1706031968.194045, "objects": [{"color": "cv_", "id_name": "hand", "shape": "CVCylinder", "id_string": "ob382", "world_size": [0.12, 0.005, 0.12], "id": 382, "camera_size": [51, 53], "camera_position": [246, 388], "world_position": [0.3885570370824673, 0.7399943009488132, -0.1740042594736489], "world_orientation": [-0.00011331098616091406, 0.18633696201048078, 0.9824858898474446, -0.0007413510404129599, -0.9824856418197685, 0.1863368294691972, 0.9999997187795883, -0.0007072529267244949, 0.00024946751761782237], "world_rotation": [0.0, 1.0, 0.0, 0.0]}, {"color": "CVRed", "id_name": "object27272241336910", "shape": "CVSphere", "id_string": "ob1233", "world_size": [0.11, 0.11, 0.11], "id": 1233, "camera_size": [45, 45], "camera_position": [256, 254], "world_position": [0.705, 0.6547388572526824, -0.15], "world_orientation": [1.0, -3.838362879530641e-17, 1.4813540171849057e-17, 3.838362879530641e-17, 1.0, 5.294293626938881e-18, -1.4813540171849057e-17, -5.294293626938881e-18, 1.0], "world_rotation": [-0.1276280613210114, 0.35710588544125776, 0.925303444577321, 4.1482206750932463e-17]}], "source": "action wait"}
{"timestamp": 1706031968.228482, "objects": [{"color": "cv_", "id_name": "hand", "shape": "CVCylinder", "id_string": "ob382", "world_size": [0.12, 0.005, 0.12], "id": 382, "camera_size": [52, 53], "camera_position": [245, 367], "world_position": [0.44281572867163804, 0.7681466145090601, -0.17402282244252826], "world_orientation": [-3.9371150022956216e-05, 0.18182518115983656, 0.9833308710429594, -0.0007486349487418716, -0.9833306016082718, 0.18182510136509827, 0.9999997189977737, -0.0007289971928960513, 0.00017483554181608319], "world_rotation": [0.0, 1.0, 0.0, 0.0]}, {"color": "CVRed", "id_name": "object27272241336910", "shape": "CVSphere", "id_string": "ob1233", "world_size": [0.11, 0.11, 0.11], "id": 1233, "camera_size": [45, 45], "camera_position": [256, 254], "world_position": [0.705, 0.6547388572526824, -0.15], "world_orientation": [1.0, -3.838362879530641e-17, 1.4813540171849057e-17, 3.838362879530641e-17, 1.0, 5.294293626938881e-18, -1.4813540171849057e-17, -5.294293626938881e-18, 1.0], "world_rotation": [-0.1276280613210114, 0.35710588544125776, 0.925303444577321, 4.1482206750932463e-17]}], "source": "action wait"}
{"timestamp": 1706031968.262835, "objects": [{"color": "cv_", "id_name": "hand", "shape": "CVCylinder", "id_string": "ob382", "world_size": [0.12, 0.005, 0.12], "id": 382, "camera_size": [53, 53], "camera_position": [245, 344], "world_position": [0.4998988902196738, 0.790691967103498, -0.17403901631934604], "world_orientation": [1.2580066358512565e-05, 0.17863807594286252, 0.9839148528532203, -0.0007535203865388204, -0.9839145719076966, 0.17863803456912902, 0.9999997160243442, -0.0007436471785725888, 0.00012222972142973413], "world_rotation": [0.0, 1.0, 0.0, 0.0]}, {"color": "CVRed", "id_name": "object27272241336910", "shape": "CVSphere", "id_string": "ob1233", "world_size": [0.11, 0.11, 0.11], "id": 1233, "camera_size": [45, 45], "camera_position": [256, 254], "world_position": [0.705, 0.6547388572526824, -0.15], "world_orientation": [1.0, -3.838362879530641e-17, 1.4813540171849057e-17, 3.838362879530641e-17, 1.0, 5.294293626938881e-18, -1.4813540171849057e-17, -5.294293626938881e-18, 1.0], "world_rotation": [-0.1276280613210114, 0.35710588544125776, 0.925303444577321, 4.1482206750932463e-17]}], "source": "action wait"}
{"timestamp": 1706031968.289449, "objects": [{"color": "cv_", "id_name": "hand", "shape": "CVCylinder", "id_string": "ob382", "world_size": [0.12, 0.005, 0.12], "id": 382, "camera_size": [54, 54], "camera_position": [245, 318], "world_position": [0.5591453258182949, 0.8073920023049503, -0.1740526952150607], "world_orientation": [4.896784917683761e-05, 0.1763854362212416, 0.9843211749684104, -0.0007568572997185654, -0.9843208876855448, 0.17638542239360125, 0.9999997123845474, -0.0007536278813034562, 8.529852819871625e-05], "world_rotation": [0.0, 1.0, 0.0, 0.0]}, {"color": "CVRed", "id_name": "object27272241336910", "shape": "CVSphere", "id_string": "ob1233", "world_size": [0.11, 0.11, 0.11], "id": 1233, "camera_size": [45, 45], "camera_position": [256, 254], "world_position": [0.705, 0.6547388572526824, -0.15], "world_orientation": [1.0, -3.838362879530641e-17, 1.4813540171849057e-17, 3.838362879530641e-17, 1.0, 5.294293626938881e-18, -1.4813540171849057e-17, -5.294293626938881e-18, 1.0], "world_rotation": [-0.1276280613210114, 0.35710588544125776, 0.925303444577321, 4.1482206750932463e-17]}], "source": "action wait"}
{"timestamp": 1706031968.314907, "objects": [{"color": "cv_", "id_name": "hand", "shape": "CVCylinder", "id_string": "ob382", "world_size": [0.12, 0.005, 0.12], "id": 382, "camera_size": [54, 53], "camera_position": [245, 292], "world_position": [0.6200257831538581, 0.8141918775562327, -0.17406338425804277], "world_orientation": [7.076939344772474e-05, 0.1692435972465047, 0.9855742487416947, -0.0007641858115046599, -0.98557395427902, 0.1692436015536833, 0.999999705505826, -0.0007651391240999385, 5.9585084762006854e-05], "world_rotation": [0.0, 1.0, 0.0, 0.0]}, {"color": "CVRed", "id_name": "object27272241336910", "shape": "CVSphere", "id_string": "ob1233", "world_size": [0.11, 0.11, 0.11], "id": 1233, "camera_size": [45, 45], "camera_position": [256, 254], "world_position": [0.705, 0.6547388572526824, -0.15], "world_orientation": [1.0, -3.838362879530641e-17, 1.4813540171849057e-17, 3.838362879530641e-17, 1.0, 5.294293626938881e-18, -1.4813540171849057e-17, -5.294293626938881e-18, 1.0], "world_rotation": [-0.1276280613210114, 0.35710588544125776, 0.925303444577321, 4.1482206750932463e-17]}], "source": "action wait"}
{"timestamp": 1706031968.345609, "objects": [{"color": "cv_", "id_name": "hand", "shape": "CVCylinder", "id_string": "ob382", "world_size": [0.12, 0.005, 0.12], "id": 382, "camera_size": [53, 53], "camera_position": [245, 264], "world_position": [0.6820975486024141, 0.7968726313089802, -0.17407105182938074], "world_orientation": [6.480558680844637e-05, 0.13696735347213917, 0.9905755599059942, -0.0007772864131228935, -0.9905752558465682, 0.13696736228144962, 0.9999996958129879, -0.0007788371741730881, 4.2268052162641654e-05], "world_rotation": [0.0, 1.0, 0.0, 0.0]}, {"color": "CVRed", "id_name": "object27272241336910", "shape": "CVSphere", "id_string": "ob1233", "world_size": [0.11, 0.11, 0.11], "id": 1233, "camera_size": [45, 45], "camera_position": [256, 254], "world_position": [0.705, 0.6547388572526824, -0.15], "world_orientation": [1.0, -3.838362879530641e-17, 1.4813540171849057e-17, 3.838362879530641e-17, 1.0, 5.294293626938881e-18, -1.4813540171849057e-17, -5.294293626938881e-18, 1.0], "world_rotation": [-0.1276280613210114, 0.35710588544125776, 0.925303444577321, 4.1482206750932463e-17]}], "source": "action wait"}
{"timestamp": 1706031968.382781, "objects": [{"color": "cv_", "id_name": "hand", "shape": "CVCylinder", "id_string": "ob382", "world_size": [0.12, 0.005, 0.12], "id": 382, "camera_size": [52, 52], "camera_position": [245, 240], "world_position": [0.7365485112583982, 0.767365098288888, -0.1740727652893097], "world_orientation": [3.419878544399561e-05, 0.09624691533210133, 0.9953574886037169, -0.0007770826232602767, -0.9953571861009516, 0.09624691278058012, 0.9999996974864741, -0.000776766535846094, 4.075179859977108e-05], "world_rotation": [0.0, 1.0, 0.0, 0.0]}, {"color": "CVRed", "id_name": "object27272241336910", "shape": "CVSphere", "id_string": "ob1233", "world_size": [0.11, 0.11, 0.11], "id": 1233, "camera_size": [45, 45], "camera_position": [256, 254], "world_position": [0.705, 0.6547388572526824, -0.15], "world_orientation": [1.0, -3.838362879530641e-17, 1.4813540171849057e-17, 3.838362879530641e-17, 1.0, 5.294293626938881e-18, -1.4813540171849057e-17, -5.294293626938881e-18, 1.0], "world_rotation": [-0.1276280613210114, 0.35710588544125776, 0.925303444577321, 4.1482206750932463e-17]}], "source": "action wait"}
{"timestamp": 1706031968.414697, "objects": [{"color": "cv_", "id_name": "hand", "shape": "CVCylinder", "id_string": "ob382", "world_size": [0.12, 0.005, 0.12], "id": 382, "camera_size": [51, 52], "camera_position": [246, 224], "world_position": [0.7740411994770765, 0.7430027585845672, -0.17407418519306014], "world_orientation": [1.04771784260035e-05, 0.06736983650244648, 0.9977280716807873, -0.0007703790969699711, -0.9977277751239355, 0.06736982456774461, 0.9999997032030938, -0.0007693346965559027, 4.144694188760421e-05], "world_rotation": [0.0, 1.0, 0.0, 0.0]}, {"color": "CVRed", "id_name": "object27272241336910", "shape": "CVSphere", "id_string": "ob1233", "world_size": [0.11, 0.11, 0.11], "id": 1233, "camera_size": [45, 45], "camera_position": [256, 254], "world_position": [0.705, 0.6547388572526824, -0.15], "world_orientation": [1.0, -3.838362879530641e-17, 1.4813540171849057e-17, 3.838362879530641e-17, 1.0, 5.294293626938881e-18, -1.4813540171849057e-17, -5.294293626938881e-18, 1.0], "world_rotation": [-0.1276280613210114, 0.35710588544125776, 0.925303444577321, 4.1482206750932463e-17]}], "source": "action wait"}
{"timestamp": 1706031968.449441, "objects": [{"color": "cv_", "id_name": "hand", "shape": "CVCylinder", "id_string": "ob382", "world_size": [0.12, 0.005, 0.12], "id": 382, "camera_size": [51, 51], "camera_position": [246, 214], "world_position": [0.799802892873171, 0.7241777710599894, -0.17407772443800626], "world_orientation": [-2.1887361418779247e-06, 0.04698339678471729, 0.998895670439, -0.0007653492611249782, -0.9988953779637441, 0.04698338135104522, 0.9999997071178162, -0.000764401229086944, 3.814502643041006e-05], "world_rotation": [0.0, 1.0, 0.0, 0.0]}, {"color": "CVRed", "id_name": "object27272241336910", "shape": "CVSphere", "id_string": "ob1233", "world_size": [0.11, 0.11, 0.11], "id": 1233, "camera_size": [45, 45], "camera_position": [256, 254], "world_position": [0.705, 0.6547388572526824, -0.15], "world_orientation": [1.0, -3.838362879530641e-17, 1.4813540171849057e-17, 3.838362879530641e-17, 1.0, 5.294293626938881e-18, -1.4813540171849057e-17, -5.294293626938881e-18, 1.0], "world_rotation": [-0.1276280613210114, 0.35710588544125776, 0.925303444577321, 4.1482206750932463e-17]}], "source": "action wait"}
{"timestamp": 1706031968.482802, "objects": [{"color": "cv_", "id_name": "hand", "shape": "CVCylinder", "id_string": "ob382", "world_size": [0.12, 0.005, 0.12], "id": 382, "camera_size": [49, 50], "camera_position": [246, 207], "world_position": [0.8175832900699088, 0.7101309274509605, -0.1740819318283441], "world_orientation": [-8.392024284188313e-06, 0.03260495223419706, 0.9994683171663722, -0.0007622468365957176, -0.9994680270544306, 0.03260493636988265, 0.9999997094546249, -0.0007615679416202636, 3.324058165255768e-05], "world_rotation": [0.0, 1.0, 0.0, 0.0]}, {"color": "CVRed", "id_name": "object27272241336910", "shape": "CVSphere", "id_string": "ob1233", "world_size": [0.11, 0.11, 0.11], "id": 1233, "camera_size": [45, 45], "camera_position": [256, 254], "world_position": [0.705, 0.6547388572526824, -0.15], "world_orientation": [1.0, -3.838362879530641e-17, 1.4813540171849057e-17, 3.838362879530641e-17, 1.0, 5.294293626938881e-18, -1.4813540171849057e-17, -5.294293626938881e-18, 1.0], "world_rotation": [-0.1276280613210114, 0.35710588544125776, 0.925303444577321, 4.1482206750932463e-17]}], "source": "action wait"}
{"timestamp": 1706031968.515472, "objects": [{"color": "cv_", "id_name": "hand", "shape": "CVCylinder", "id_string": "ob382", "world_size": [0.12, 0.005, 0.12], "id": 382, "camera_size": [49, 50], "camera_position": [246, 202], "world_position": [0.8299117250078107, 0.699868603997326, -0.1740860493981657], "world_orientation": [-1.0951909233519501e-05, 0.02246861651644218, 0.9997475487101196, -0.0007606527432381341, -0.9997472597339472, 0.02246860168920476, 0.9999997106436882, -0.0007602146413860133, 2.8039956035435853e-05], "world_rotation": [0.0, 1.0, 0.0, 0.0]}, {"color": "CVRed", "id_name": "object27272241336910", "shape": "CVSphere", "id_string": "ob1233", "world_size": [0.11, 0.11, 0.11], "id": 1233, "camera_size": [45, 45], "camera_position": [256, 254], "world_position": [0.705, 0.6547388573599159, -0.15], "world_orientation": [1.0, -4.3677922422245204e-17, 1.4222324201809715e-17, 4.3677922422245204e-17, 1.0, 5.294293626938881e-18, -1.4222324201809715e-17, -5.294293626938881e-18, 1.0], "world_rotation": [-0.11449791446222708, 0.3075814404450427, 0.9446077943133612, 4.6239214502771326e-17]}], "source": "action wait"}
{"timestamp": 1706031968.546601, "objects": [{"color": "cv_", "id_name": "hand", "shape": "CVCylinder", "id_string": "ob382", "world_size": [0.12, 0.005, 0.12], "id": 382, "camera_size": [49, 49], "camera_position": [246, 199], "world_position": [0.8384944024665221, 0.6924705274543229, -0.17408972897403988], "world_orientation": [-1.1534202394251818e-05, 0.015324366970384156, 0.9998825749276358, -0.0007600582047702556, -0.9998822863181289, 0.01532435377941242, 0.999999711089202, -0.0007597922006828657, 2.3180255509941193e-05], "world_rotation": [0.0, 1.0, 0.0, 0.0]}, {"color": "CVRed", "id_name": "object27272241336910", "shape": "CVSphere", "id_string": "ob1233", "world_size": [0.11, 0.11, 0.11], "id": 1233, "camera_size": [45, 45], "camera_position": [256, 254], "world_position": [0.705, 0.6547388573599159, -0.15], "world_orientation": [1.0, -4.3677922422245204e-17, 1.4222324201809715e-17, 4.3677922422245204e-17, 1.0, 5.294293626938881e-18, -1.4222324201809715e-17, -5.294293626938881e-18, 1.0], "world_rotation": [-0.11449791446222708, 0.3075814404450427, 0.9446077943133612, 4.6239214502771326e-17]}], "source": "action wait"}
{"timestamp": 1706031968.580018, "objects": [{"color": "cv_", "id_name": "hand", "shape": "CVCylinder", "id_string": "ob382", "world_size": [0.12, 0.005, 0.12], "id": 382, "camera_size": [49, 49], "camera_position": [246, 197], "world_position": [0.8444888936416903, 0.6871831604770473, -0.17409284968974206], "world_orientation": [-1.1140447003986054e-05, 0.010289435914021573, 0.9999470622910305, -0.000760050458678609, -0.9999467736171044, 0.010289424475822742, 0.9999997110995538, -0.00075989559456092, 1.896034452465257e-05], "world_rotation": [0.0, 1.0, 0.0, 0.0]}, {"color": "CVRed", "id_name": "object27272241336910", "shape": "CVSphere", "id_string": "ob1233", "world_size": [0.11, 0.11, 0.11], "id": 1233, "camera_size": [45, 45], "camera_position": [256, 254], "world_position": [0.705, 0.6547388573599159, -0.15], "world_orientation": [1.0, -4.3677922422245204e-17, 1.4222324201809715e-17, 4.3677922422245204e-17, 1.0, 5.294293626938881e-18, -1.4222324201809715e-17, -5.294293626938881e-18, 1.0], "world_rotation": [-0.11449791446222708, 0.3075814404450427, 0.9446077943133612, 4.6239214502771326e-17]}], "source": "action wait"}
{"timestamp": 1706031968.611692, "objects": [{"color": "cv_", "id_name": "hand", "shape": "CVCylinder", "id_string": "ob382", "world_size": [0.12, 0.005, 0.12], "id": 382, "camera_size": [49, 49], "camera_position": [246, 195], "world_position": [0.8486862670206344, 0.6834256885612373, -0.17409540918019945], "world_orientation": [-1.0305317122883136e-05, 0.006741143684095626, 0.999977278179675, -0.0007603427435444543, -0.9999769892315765, 0.006741133900459906, 0.9999997108863147, -0.0007602559976509992, 1.5430659673376576e-05], "world_rotation": [0.0, 1.0, 0.0, 0.0]}, {"color": "CVRed", "id_name": "object27272241336910", "shape": "CVSphere", "id_string": "ob1233", "world_size": [0.11, 0.11, 0.11], "id": 1233, "camera_size": [45, 45], "camera_position": [256, 254], "world_position": [0.705, 0.6547388573599159, -0.15], "world_orientation": [1.0, -4.3677922422245204e-17, 1.4222324201809715e-17, 4.3677922422245204e-17, 1.0, 5.294293626938881e-18, -1.4222324201809715e-17, -5.294293626938881e-18, 1.0], "world_rotation": [-0.11449791446222708, 0.3075814404450427, 0.9446077943133612, 4.6239214502771326e-17]}], "source": "action wait"}
{"timestamp": 1706031968.641742, "objects": [{"color": "cv_", "id_name": "hand", "shape": "CVCylinder", "id_string": "ob382", "world_size": [0.12, 0.005, 0.12], "id": 382, "camera_size": [49, 49], "camera_position": [246, 194], "world_position": [0.8516308889848168, 0.6807654172900195, -0.1740974606414444], "world_orientation": [-9.347430555052273e-06, 0.004240522140652548, 0.9999910089018801, -0.0007607558996328462, -0.9999907196035123, 0.004240513802688929, 0.9999997105815015, -0.0007607094216939909, 1.2573346043581635e-05], "world_rotation": [0.0, 1.0, 0.0, 0.0]}, {"color": "CVRed", "id_name": "object27272241336910", "shape": "CVSphere", "id_string": "ob1233", "world_size": [0.11, 0.11, 0.11], "id": 1233, "camera_size": [45, 45], "camera_position": [256, 254], "world_position": [0.705, 0.6547388573599159, -0.15], "world_orientation": [1.0, -4.3677922422245204e-17, 1.4222324201809715e-17, 4.3677922422245204e-17, 1.0, 5.294293626938881e-18, -1.4222324201809715e-17, -5.294293626938881e-18, 1.0], "world_rotation": [-0.11449791446222708, 0.3075814404450427, 0.9446077943133612, 4.6239214502771326e-17]}], "source": "action wait"}
{"timestamp": 1706031968.677685, "objects": [{"color": "cv_", "id_name": "hand", "shape": "CVCylinder", "id_string": "ob382", "world_size": [0.12, 0.005, 0.12], "id": 382, "camera_size": [49, 49], "camera_position": [246, 194], "world_position": [0.8536995780747756, 0.6788865899487203, -0.1740990778975352], "world_orientation": [-8.411300996910628e-06, 0.0024781973937625817, 0.999996929228749, -0.0007611873544329924, -0.9999966395777442, 0.0024781902733527297, 0.9999997102614889, -0.0007611641721967742, 1.0297645249673296e-05], "world_rotation": [0.0, 1.0, 0.0, 0.0]}, {"color": "CVRed", "id_name": "object27272241336910", "shape": "CVSphere", "id_string": "ob1233", "world_size": [0.11, 0.11, 0.11], "id": 1233, "camera_size": [45, 45], "camera_position": [256, 254], "world_position": [0.705, 0.6547388573599159, -0.15], "world_orientation": [1.0, -4.3677922422245204e-17, 1.4222324201809715e-17, 4.3677922422245204e-17, 1.0, 5.294293626938881e-18, -1.4222324201809715e-17, -5.294293626938881e-18, 1.0], "world_rotation": [-0.11449791446222708, 0.3075814404450427, 0.9446077943133612, 4.6239214502771326e-17]}], "source": "action wait"}
{"timestamp": 1706031968.720477, "objects": [{"color": "cv_", "id_name": "hand", "shape": "CVCylinder", "id_string": "ob382", "world_size": [0.12, 0.005, 0.12], "id": 382, "camera_size": [49, 49], "camera_position": [246, 193], "world_position": [0.8551544082162693, 0.6775617804587416, -0.17410033715134737], "world_orientation": [-7.574868330009447e-06, 0.0012361555454762489, 0.9999992359307526, -0.0007615847858072843, -0.9999989459610595, 0.0012361494181198805, 0.9999997099655757, -0.0007615748402350922, 8.51629760249444e-06], "world_rotation": [0.0, 1.0, 0.0, 0.0]}, {"color": "CVRed", "id_name": "object27272241336910", "shape": "CVSphere", "id_string": "ob1233", "world_size": [0.11, 0.11, 0.11], "id": 1233, "camera_size": [45, 45], "camera_position": [256, 254], "world_position": [0.705, 0.6547388573599159, -0.15], "world_orientation": [1.0, -4.3677922422245204e-17, 1.4222324201809715e-17, 4.3677922422245204e-17, 1.0, 5.294293626938881e-18, -1.4222324201809715e-17, -5.294293626938881e-18, 1.0], "world_rotation": [-0.11449791446222708, 0.3075814404450427, 0.9446077943133612, 4.6239214502771326e-17]}], "source": "action wait"}
{"timestamp": 1706031968.753414, "objects": [{"color": "cv_", "id_name": "hand", "shape": "CVCylinder", "id_string": "ob382", "world_size": [0.12, 0.005, 0.12], "id": 382, "camera_size": [49, 49], "camera_position": [246, 193], "world_position": [0.8561783134780127, 0.6766285696927978, -0.17410130831216683], "world_orientation": [-6.863347755271007e-06, 0.0003607690649236828, 0.999999934899286, -0.0007619262183459481, -0.9999996446589211, 0.00036076373084930664, 0.999999709710624, -0.0007619236926974646, 7.138224726139853e-06], "world_rotation": [0.0, 1.0, 0.0, 0.0]}, {"color": "CVRed", "id_name": "object27272241336910", "shape": "CVSphere", "id_string": "ob1233", "world_size": [0.11, 0.11, 0.11], "id": 1233, "camera_size": [45, 45], "camera_position": [256, 254], "world_position": [0.705, 0.6547388573599159, -0.15], "world_orientation": [1.0, -4.3677922422245204e-17, 1.4222324201809715e-17, 4.3677922422245204e-17, 1.0, 5.294293626938881e-18, -1.4222324201809715e-17, -5.294293626938881e-18, 1.0], "world_rotation": [-0.11449791446222708, 0.3075814404450427, 0.9446077943133612, 4.6239214502771326e-17]}], "source": "action wait"}
{"timestamp": 1706031968.784957, "objects": [{"color": "cv_", "id_name": "hand", "shape": "CVCylinder", "id_string": "ob382", "world_size": [0.12, 0.005, 0.12], "id": 382, "camera_size": [49, 49], "camera_position": [246, 192], "world_position": [0.8568993359851111, 0.6759716103652147, -0.1741020516148073], "world_orientation": [-6.2772335809637575e-06, -0.0002562189842218592, 0.9999999671562136, -0.0007622067790935945, -0.99999967669507, -0.0002562236943500609, 0.999999709500669, -0.0007622083624362149, 6.081939705161228e-06], "world_rotation": [0.0, 1.0, 0.0, 0.0]}, {"color": "CVRed", "id_name": "object27272241336910", "shape": "CVSphere", "id_string": "ob1233", "world_size": [0.11, 0.11, 0.11], "id": 1233, "camera_size": [45, 45], "camera_position": [256, 254], "world_position": [0.705, 0.6547388573599159, -0.15], "world_orientation": [1.0, -4.3677922422245204e-17, 1.4222324201809715e-17, 4.3677922422245204e-17, 1.0, 5.294293626938881e-18, -1.4222324201809715e-17, -5.294293626938881e-18, 1.0], "world_rotation": [-0.11449791446222708, 0.3075814404450427, 0.9446077943133612, 4.6239214502771326e-17]}], "source": "action wait"}
{"timestamp": 1706031968.816002, "objects": [{"color": "cv_", "id_name": "hand", "shape": "CVCylinder", "id_string": "ob382", "world_size": [0.12, 0.005, 0.12], "id": 382, "camera_size": [49, 49], "camera_position": [246, 192], "world_position": [0.8574072787043546, 0.675509286075297, -0.1741026170034546], "world_orientation": [-5.805173641232792e-06, -0.0006910960049359418, 0.9999997611762774, -0.0007624303284537916, -0.999999470540093, -0.000691100230119462, 0.9999997093331049, -0.0007624341583245758, 5.278258013953867e-06], "world_rotation": [0.0, 1.0, 0.0, 0.0]}, {"color": "CVRed", "id_name": "object27272241336910", "shape": "CVSphere", "id_string": "ob1233", "world_size": [0.11, 0.11, 0.11], "id": 1233, "camera_size": [45, 45], "camera_position": [256, 254], "world_position": [0.705, 0.6547388573599159, -0.15], "world_orientation": [1.0, -4.3677922422245204e-17, 1.4222324201809715e-17, 4.3677922422245204e-17, 1.0, 5.294293626938881e-18, -1.4222324201809715e-17, -5.294293626938881e-18, 1.0], "world_rotation": [-0.11449791446222708, 0.3075814404450427, 0.9446077943133612, 4.6239214502771326e-17]}], "source": "action wait"}
{"timestamp": 1706031968.845893, "objects": [{"color": "cv_", "id_name": "hand", "shape": "CVCylinder", "id_string": "ob382", "world_size": [0.12, 0.005, 0.12], "id": 382, "camera_size": [49, 49], "camera_position": [246, 192], "world_position": [0.8577652190620433, 0.6751839867214201, -0.1741030448442986], "world_orientation": [-5.431274434670113e-06, -0.0009976226207054385, 0.9999995023596803, -0.000762604489215663, -0.9999992115875963, -0.0009976264725403256, 0.9999997092024049, -0.0007626095280964668, 4.670478663856954e-06], "world_rotation": [0.0, 1.0, 0.0, 0.0]}, {"color": "CVRed", "id_name": "object27272241336910", "shape": "CVSphere", "id_string": "ob1233", "world_size": [0.11, 0.11, 0.11], "id": 1233, "camera_size": [45, 45], "camera_position": [256, 254], "world_position": [0.705, 0.6547388573599159, -0.15], "world_orientation": [1.0, -4.3677922422245204e-17, 1.4222324201809715e-17, 4.3677922422245204e-17, 1.0, 5.294293626938881e-18, -1.4222324201809715e-17, -5.294293626938881e-18, 1.0], "world_rotation": [-0.11449791446222708, 0.3075814404450427, 0.9446077943133612, 4.6239214502771326e-17]}], "source": "action wait"}
{"timestamp": 1706031968.87796, "objects": [{"color": "cv_", "id_name": "hand", "shape": "CVCylinder", "id_string": "ob382", "world_size": [0.12, 0.005, 0.12], "id": 382, "camera_size": [49, 49], "camera_position": [246, 192], "world_position": [0.8580175106312126, 0.6749551107048087, -0.174103367178089], "world_orientation": [-5.138941171580648e-06, -0.0012136859537225616, 0.9999992634697275, -0.0007627378771806331, -0.9999989725938117, -0.0012136895203579696, 0.9999997091022187, -0.0007627435524804901, 4.2132116442581325e-06], "world_rotation": [0.0, 1.0, 0.0, 0.0]}, {"color": "CVRed", "id_name": "object27272241336910", "shape": "CVSphere", "id_string": "ob1233", "world_size": [0.11, 0.11, 0.11], "id": 1233, "camera_size": [45, 45], "camera_position": [256, 254], "world_position": [0.705, 0.6547388573599159, -0.15], "world_orientation": [1.0, -4.3677922422245204e-17, 1.4222324201809715e-17, 4.3677922422245204e-17, 1.0, 5.294293626938881e-18, -1.4222324201809715e-17, -5.294293626938881e-18, 1.0], "world_rotation": [-0.11449791446222708, 0.3075814404450427, 0.9446077943133612, 4.6239214502771326e-17]}], "source": "action wait"}
{"timestamp": 1706031971.095314, "objects": [{"color": "cv_", "id_name": "hand", "shape": "CVCylinder", "id_string": "ob382", "world_size": [0.12, 0.005, 0.12], "id": 382, "camera_size": [49, 49], "camera_position": [246, 192], "world_position": [0.8586207112910307, 0.6744113005610705, -0.17410430845505234], "world_orientation": [-4.2121611551624845e-06, -0.001729841448428952, 0.9999985038142912, -0.0007631196522424387, -0.9999982126421935, -0.0017298441591340904, 0.9999997088152847, -0.0007631257968564574, 2.8920776223273373e-06], "world_rotation": [0.0, 1.0, 0.0, 0.0]}, {"color": "CVRed", "id_name": "object27272241336910", "shape": "CVSphere", "id_string": "ob1233", "world_size": [0.11, 0.11, 0.11], "id": 1233, "camera_size": [45, 45], "camera_position": [256, 254], "world_position": [0.705, 0.6547388573599159, -0.15], "world_orientation": [1.0, -4.3677922422245204e-17, 1.4222324201809715e-17, 4.3677922422245204e-17, 1.0, 5.294293626938881e-18, -1.4222324201809715e-17, -5.294293626938881e-18, 1.0], "world_rotation": [-0.11449791446222708, 0.3075814404450427, 0.9446077943133612, 4.6239214502771326e-17]}], "source": "action wait"}
{"timestamp": 1706031971.125863, "objects": [{"color": "cv_", "id_name": "hand", "shape": "CVCylinder", "id_string": "ob382", "world_size": [0.12, 0.005, 0.12], "id": 382, "camera_size": [48, 48], "camera_position": [246, 205], "world_position": [0.8261872135627693, 0.6613885120024701, -0.174088515998259], "world_orientation": [-4.615001109991514e-05, -0.022828899232114324, 0.9997393856550949, -0.0007601957179748942, -0.9997390970453187, -0.02282892773393927, 0.9999997099862814, -0.000761051155334547, 2.8783538983682747e-05], "world_rotation": [0.0, 1.0, 0.0, 0.0]}, {"color": "CVRed", "id_name": "object27272241336910", "shape": "CVSphere", "id_string": "ob1233", "world_size": [0.11, 0.11, 0.11], "id": 1233, "camera_size": [45, 45], "camera_position": [256, 254], "world_position": [0.705, 0.6547388573599159, -0.15], "world_orientation": [1.0, -4.3677922422245204e-17, 1.4222324201809715e-17, 4.3677922422245204e-17, 1.0, 5.294293626938881e-18, -1.4222324201809715e-17, -5.294293626938881e-18, 1.0], "world_rotation": [-0.11449791446222708, 0.3075814404450427, 0.9446077943133612, 4.6239214502771326e-17]}], "source": "action wait"}
{"timestamp": 1706031971.157805, "objects": [{"color": "cv_", "id_name": "hand", "shape": "CVCylinder", "id_string": "ob382", "world_size": [0.12, 0.005, 0.12], "id": 382, "camera_size": [49, 49], "camera_position": [246, 219], "world_position": [0.7920100053685721, 0.6681348522184887, -0.17410738231090292], "world_orientation": [-3.444863029251649e-05, -0.016624833201960343, 0.9998617973171587, -0.0007581996835809313, -0.99986151008251, -0.01662485454862257, 0.9999997119732245, -0.0007586676018189133, 2.1838916231595897e-05], "world_rotation": [0.0, 1.0, 0.0, 0.0]}, {"color": "CVRed", "id_name": "object27272241336910", "shape": "CVSphere", "id_string": "ob1233", "world_size": [0.11, 0.11, 0.11], "id": 1233, "camera_size": [45, 47], "camera_position": [256, 264], "world_position": [0.6810004577474325, 0.6561643823240074, -0.15000890430786487], "world_orientation": [0.9995515946450125, -0.029942786373190273, 0.00019795661679080016, 0.029942789698805403, 0.9995516140515422, -1.3856765076629678e-05, -0.0001974529456689139, 1.9777924975020464e-05, 0.9999999803105838], "world_rotation": [0.0005616369383519078, 0.006602606288742834, 0.9999780448360581, 0.029947921854000255]}], "source": "action wait"}
{"timestamp": 1706031971.186158, "objects": [{"color": "cv_", "id_name": "hand", "shape": "CVCylinder", "id_string": "ob382", "world_size": [0.12, 0.005, 0.12], "id": 382, "camera_size": [49, 49], "camera_position": [246, 229], "world_position": [0.7673690403484313, 0.6715418958722446, -0.17411022873305151], "world_orientation": [-1.800039026342175e-05, -0.012176687040703195, 0.9999258612360712, -0.0007619743842589266, -0.9999255709500521, -0.012176697222572004, 0.9999997095354697, -0.0007621370777224306, 8.720726901687337e-06], "world_rotation": [0.0, 1.0, 0.0, 0.0]}, {"color": "CVRed", "id_name": "object27272241336910", "shape": "CVSphere", "id_string": "ob1233", "world_size": [0.11, 0.11, 0.11], "id": 1233, "camera_size": [45, 48], "camera_position": [256, 282], "world_position": [0.636331507591115, 0.6568548044384693, -0.15002909882610319], "world_orientation": [0.9991057139900477, -0.04227811158711166, 0.0005775405308674713, 0.042278123600199925, 0.9991058803704688, -8.602158407605421e-06, -0.000576660457528926, 3.3011795565826724e-05, 0.9999998331864551], "world_rotation": [0.0004920994001270503, 0.013648825929363399, 0.9999067293447575, 0.04229466986794968]}], "source": "action wait"}
{"timestamp": 1706031971.217596, "objects": [{"color": "cv_", "id_name": "hand", "shape": "CVCylinder", "id_string": "ob382", "world_size": [0.12, 0.005, 0.12], "id": 382, "camera_size": [49, 49], "camera_position": [246, 236], "world_position": [0.7499382415250156, 0.6731827992405753, -0.17411100142829827], "world_orientation": [-8.569668068191244e-06, -0.00905586980189918, 0.99995899473363, -0.0007634466214994931, -0.9999587032976359, -0.009055873705336588, 0.9999997085378661, -0.0007634929219995106, 1.6556409645237584e-06], "world_rotation": [0.0, 1.0, 0.0, 0.0]}, {"color": "CVRed", "id_name": "object27272241336910", "shape": "CVSphere", "id_string": "ob1233", "world_size": [0.11, 0.11, 0.11], "id": 1233, "camera_size": [45, 48], "camera_position": [256, 298], "world_position": [0.5959077178560273, 0.6543621141219985, -0.15005153754838133], "world_orientation": [0.9999871876420023, 0.004970046934305571, 0.0009608253273436879, -0.004970039746118189, 0.9999876492274936, -9.868804005914012e-06, -0.0009608625088277461, 5.093337497298934e-06, 0.9999995383585419], "world_rotation": [0.0014778663087417448, 0.18981224769106292, -0.9818192942378144, 0.0050620970636116825]}], "source": "action wait"}
{"timestamp": 1706031971.250816, "objects": [{"color": "cv_", "id_name": "hand", "shape": "CVCylinder", "id_string": "ob382", "world_size": [0.12, 0.005, 0.12], "id": 382, "camera_size": [49, 49], "camera_position": [246, 241], "world_position": [0.7376429359289531, 0.6739659578801273, -0.1741108570534444], "world_orientation": [-3.5609243619962554e-06, -0.006865652130386772, 0.9999764311263263, -0.0007638612402472111, -0.9999761393788277, -0.006865652847418568, 0.9999997082516203, -0.0007638676849689821, -1.6835661549442576e-06], "world_rotation": [0.0, 1.0, 0.0, 0.0]}, {"color": "CVRed", "id_name": "object27272241336910", "shape": "CVSphere", "id_string": "ob1233", "world_size": [0.11, 0.11, 0.11], "id": 1233, "camera_size": [45, 49], "camera_position": [256, 310], "world_position": [0.5675103378366837, 0.6551246918329827, -0.15005140269769196], "world_orientation": [0.9999473534361443, -0.010215735667348536, 0.0009638987633493102, 0.010215741136489199, 0.9999478179547515, -7.505491774098335e-07, -0.0009638407977284243, 1.0597449911743617e-05, 0.9999995354491976], "world_rotation": [0.0005529615490122392, 0.09393425619892591, 0.9955782489316849, 0.010261290552720867]}], "source": "action wait"}
{"timestamp": 1706031971.284561, "objects": [{"color": "cv_", "id_name": "hand", "shape": "CVCylinder", "id_string": "ob382", "world_size": [0.12, 0.005, 0.12], "id": 382, "camera_size": [49, 49], "camera_position": [246, 244], "world_position": [0.7289806479583505, 0.6743361903261926, -0.17411026398532564], "world_orientation": [-1.1747069761132952e-06, -0.0053277139455308944, 0.9999858076306558, -0.0007638593837178217, -0.999985515890084, -0.005327713288521838, 0.9999997082586886, -0.0007638548012456553, -2.8949343291596318e-06], "world_rotation": [0.0, 1.0, 0.0, 0.0]}, {"color": "CVRed", "id_name": "object27272241336910", "shape": "CVSphere", "id_string": "ob1233", "world_size": [0.11, 0.11, 0.11], "id": 1233, "camera_size": [45, 48], "camera_position": [256, 318], "world_position": [0.5460536207873184, 0.6546494672692819, -0.15005221015340847], "world_orientation": [0.9999974174883682, -0.002056024274678625, 0.0009683908180476066, 0.002056023885329892, 0.9999978863796813, 1.397575880138785e-06, -0.0009683916446870326, 5.934623813807773e-07, 0.9999995311085252], "world_rotation": [-0.00017690963631073522, 0.426103381704961, 0.9046744590196945, 0.002272669278334757]}], "source": "action wait"}
