{"timestamp": 1709222626.392093, "objects": [{"color": "cv_", "id_name": "hand", "shape": "CVCylinder", "id_string": "ob382", "world_size": [0.12, 0.005, 0.12], "id": 382, "camera_size": [48, 50], "camera_position": [246, 426], "world_position": [0.26764451554003255, 0.6334703013847343, -0.17389260400847478], "world_orientation": [-0.0006415490555233462, 0.19791547486655525, 0.9802188802625439, -0.0007473671019829801, -0.9802189031249388, 0.1979149903341251, 0.9999995149284945, -0.0006056111687283313, 0.0007767740263949677], "world_rotation": [0.0, 1.0, 0.0, 0.0]}, {"color": "CVRed", "id_name": "object24649149059883", "shape": "CVBox", "id_string": "ob421", "world_size": [0.09, 0.09, 0.09], "id": 421, "camera_size": [37, 37], "camera_position": [256, 254], "world_position": [0.705, 0.6448569680147468, -0.15], "world_orientation": [1.0, -3.9709241951740497e-17, -1.186110457190733e-17, 3.9709241951740497e-17, 1.0, -6.858869064391555e-17, 1.186110457190733e-17, 6.858869064391555e-17, 1.0], "world_rotation": [-0.8558942882939244, 0.14801057668029707, -0.4955177458543762, -8.013687155295207e-17]}], "source": "manual check"}
{"timestamp": 1709222627.42438, "objects": [{"color": "cv_", "id_name": "hand", "shape": "CVCylinder", "id_string": "ob382", "world_size": [0.12, 0.005, 0.12], "id": 382, "camera_size": [48, 50], "camera_position": [246, 426], "world_position": [0.26764451554003255, 0.6334703013847343, -0.17389260400847478], "world_orientation": [-0.0006415490555233462, 0.19791547486655525, 0.9802188802625439, -0.0007473671019829801, -0.9802189031249388, 0.1979149903341251, 0.9999995149284945, -0.0006056111687283313, 0.0007767740263949677], "world_rotation": [0.0, 1.0, 0.0, 0.0]}, {"color": "CVRed", "id_name": "object24649149059883", "shape": "CVBox", "id_string": "ob421", "world_size": [0.09, 0.09, 0.09], "id": 421, "camera_size": [37, 37], "camera_position": [256, 254], "world_position": [0.705, 0.6448569696296074, -0.15], "world_orientation": [1.0, -4.331917303826236e-17, -1.1712398707441946e-17, 4.331917303826236e-17, 1.0, -5.775889738434995e-17, 1.1712398707441946e-17, 5.775889738434995e-17, 1.0], "world_rotation": [-0.7896765794068324, 0.16013129347666225, -0.5922574345551229, -7.314247236221149e-17]}], "source": "manual check"}
{"timestamp": 1709222629.884608, "objects": [{"color": "cv_", "id_name": "hand", "shape": "CVCylinder", "id_string": "ob382", "world_size": [0.12, 0.005, 0.12], "id": 382, "camera_size": [48, 50], "camera_position": [246, 426], "world_position": [0.26764451554003255, 0.6334703013847343, -0.17389260400847478], "world_orientation": [-0.0006415490555233462, 0.19791547486655525, 0.9802188802625439, -0.0007473671019829801, -0.9802189031249388, 0.1979149903341251, 0.9999995149284945, -0.0006056111687283313, 0.0007767740263949677], "world_rotation": [0.0, 1.0, 0.0, 0.0]}, {"color": "CVRed", "id_name": "object24649149059883", "shape": "CVBox", "id_string": "ob421", "world_size": [0.09, 0.09, 0.09], "id": 421, "camera_size": [37, 37], "camera_position": [256, 254], "world_position": [0.705, 0.6448569696296074, -0.15], "world_orientation": [1.0, -4.331917303826236e-17, -1.1712398707441946e-17, 4.331917303826236e-17, 1.0, -5.775889738434995e-17, 1.1712398707441946e-17, 5.775889738434995e-17, 1.0], "world_rotation": [-0.7896765794068324, 0.16013129347666225, -0.5922574345551229, -7.314247236221149e-17]}], "source": "action wait"}
{"timestamp": 1709222629.91799, "objects": [{"color": "cv_", "id_name": "hand", "shape": "CVCylinder", "id_string": "ob382", "world_size": [0.12, 0.005, 0.12], "id": 382, "camera_size": [49, 51], "camera_position": [246, 421], "world_position": [0.291889860139272, 0.6684742257016477, -0.17395571587360045], "world_orientation": [-0.00037719107343137104, 0.20535044959662754, 0.9786884338630742, -0.0007133433027067255, -0.9786883097294534, 0.2053501486248266, 0.9999996744340603, -0.0006206845967439491, 0.0005156378620295868], "world_rotation": [0.0, 1.0, 0.0, 0.0]}, {"color": "CVRed", "id_name": "object24649149059883", "shape": "CVBox", "id_string": "ob421", "world_size": [0.09, 0.09, 0.09], "id": 421, "camera_size": [37, 37], "camera_position": [256, 254], "world_position": [0.705, 0.6448569696296074, -0.15], "world_orientation": [1.0, -4.331917303826236e-17, -1.1712398707441946e-17, 4.331917303826236e-17, 1.0, -5.775889738434995e-17, 1.1712398707441946e-17, 5.775889738434995e-17, 1.0], "world_rotation": [-0.7896765794068324, 0.16013129347666225, -0.5922574345551229, -7.314247236221149e-17]}], "source": "action wait"}
{"timestamp": 1709222629.945185, "objects": [{"color": "cv_", "id_name": "hand", "shape": "CVCylinder", "id_string": "ob382", "world_size": [0.12, 0.005, 0.12], "id": 382, "camera_size": [51, 52], "camera_position": [246, 405], "world_position": [0.3384750857215219, 0.7072710599155669, -0.1739834598681618], "world_orientation": [-0.00021325285104412895, 0.19925707304825777, 0.9799472298871316, -0.0007289071406464529, -0.9799470228165915, 0.19925687232133152, 0.9999997116087594, -0.0006717984372090668, 0.0003542163998574608], "world_rotation": [0.0, 1.0, 0.0, 0.0]}, {"color": "CVRed", "id_name": "object24649149059883", "shape": "CVBox", "id_string": "ob421", "world_size": [0.09, 0.09, 0.09], "id": 421, "camera_size": [37, 37], "camera_position": [256, 254], "world_position": [0.705, 0.6448569696296074, -0.15], "world_orientation": [1.0, -4.331917303826236e-17, -1.1712398707441946e-17, 4.331917303826236e-17, 1.0, -5.775889738434995e-17, 1.1712398707441946e-17, 5.775889738434995e-17, 1.0], "world_rotation": [-0.7896765794068324, 0.16013129347666225, -0.5922574345551229, -7.314247236221149e-17]}], "source": "action wait"}
{"timestamp": 1709222629.985974, "objects": [{"color": "cv_", "id_name": "hand", "shape": "CVCylinder", "id_string": "ob382", "world_size": [0.12, 0.005, 0.12], "id": 382, "camera_size": [51, 53], "camera_position": [246, 388], "world_position": [0.3894348693802679, 0.7410228266555817, -0.174004032942666], "world_orientation": [-0.00010657946480805183, 0.19488888902338622, 0.9808253206234266, -0.0007397795211277426, -0.9808250731701758, 0.1948887594680092, 0.9999997206835, -0.0007048233463198422, 0.0002487106203640621], "world_rotation": [0.0, 1.0, 0.0, 0.0]}, {"color": "CVRed", "id_name": "object24649149059883", "shape": "CVBox", "id_string": "ob421", "world_size": [0.09, 0.09, 0.09], "id": 421, "camera_size": [37, 37], "camera_position": [256, 254], "world_position": [0.705, 0.6448569696296074, -0.15], "world_orientation": [1.0, -4.331917303826236e-17, -1.1712398707441946e-17, 4.331917303826236e-17, 1.0, -5.775889738434995e-17, 1.1712398707441946e-17, 5.775889738434995e-17, 1.0], "world_rotation": [-0.7896765794068324, 0.16013129347666225, -0.5922574345551229, -7.314247236221149e-17]}], "source": "action wait"}
{"timestamp": 1709222630.019912, "objects": [{"color": "cv_", "id_name": "hand", "shape": "CVCylinder", "id_string": "ob382", "world_size": [0.12, 0.005, 0.12], "id": 382, "camera_size": [52, 53], "camera_position": [245, 367], "world_position": [0.4438369832450576, 0.769374454900142, -0.17402263431241155], "world_orientation": [-3.149039816346983e-05, 0.19180457929135375, 0.9814331369844924, -0.0007469548962746998, -0.9814328681914843, 0.19180450279338992, 0.9999997205333299, -0.0007270462868745828, 0.00017417508142007898], "world_rotation": [0.0, 1.0, 0.0, 0.0]}, {"color": "CVRed", "id_name": "object24649149059883", "shape": "CVBox", "id_string": "ob421", "world_size": [0.09, 0.09, 0.09], "id": 421, "camera_size": [37, 37], "camera_position": [256, 254], "world_position": [0.705, 0.6448569696296074, -0.15], "world_orientation": [1.0, -4.331917303826236e-17, -1.1712398707441946e-17, 4.331917303826236e-17, 1.0, -5.775889738434995e-17, 1.1712398707441946e-17, 5.775889738434995e-17, 1.0], "world_rotation": [-0.7896765794068324, 0.16013129347666225, -0.5922574345551229, -7.314247236221149e-17]}], "source": "action wait"}
{"timestamp": 1709222630.045953, "objects": [{"color": "cv_", "id_name": "hand", "shape": "CVCylinder", "id_string": "ob382", "world_size": [0.12, 0.005, 0.12], "id": 382, "camera_size": [53, 54], "camera_position": [245, 343], "world_position": [0.5010224714109976, 0.7920594180563026, -0.17403886751162514], "world_orientation": [2.1274614342941475e-05, 0.1896258601179194, 0.9818564216431698, -0.0007517718516040731, -0.9818561413790805, 0.18962582227973684, 0.9999997171931971, -0.000742166236346807, 0.00012166677322520127], "world_rotation": [0.0, 1.0, 0.0, 0.0]}, {"color": "CVRed", "id_name": "object24649149059883", "shape": "CVBox", "id_string": "ob421", "world_size": [0.09, 0.09, 0.09], "id": 421, "camera_size": [37, 37], "camera_position": [256, 254], "world_position": [0.705, 0.6448569696296074, -0.15], "world_orientation": [1.0, -4.331917303826236e-17, -1.1712398707441946e-17, 4.331917303826236e-17, 1.0, -5.775889738434995e-17, 1.1712398707441946e-17, 5.775889738434995e-17, 1.0], "world_rotation": [-0.7896765794068324, 0.16013129347666225, -0.5922574345551229, -7.314247236221149e-17]}], "source": "action wait"}
{"timestamp": 1709222630.077329, "objects": [{"color": "cv_", "id_name": "hand", "shape": "CVCylinder", "id_string": "ob382", "world_size": [0.12, 0.005, 0.12], "id": 382, "camera_size": [54, 54], "camera_position": [245, 318], "world_position": [0.560341653163779, 0.8088572878773785, -0.17405257967182108], "world_orientation": [5.821242090832711e-05, 0.18808530421310807, 0.9821526943150829, -0.0007550666207182297, -0.9821524077367975, 0.18808529408544902, 0.999999713242815, -0.0007525396162320501, 8.484346570407663e-05], "world_rotation": [0.0, 1.0, 0.0, 0.0]}, {"color": "CVRed", "id_name": "object24649149059883", "shape": "CVBox", "id_string": "ob421", "world_size": [0.09, 0.09, 0.09], "id": 421, "camera_size": [37, 37], "camera_position": [256, 254], "world_position": [0.705, 0.6448569696296074, -0.15], "world_orientation": [1.0, -4.331917303826236e-17, -1.1712398707441946e-17, 4.331917303826236e-17, 1.0, -5.775889738434995e-17, 1.1712398707441946e-17, 5.775889738434995e-17, 1.0], "world_rotation": [-0.7896765794068324, 0.16013129347666225, -0.5922574345551229, -7.314247236221149e-17]}], "source": "action wait"}
{"timestamp": 1709222630.103088, "objects": [{"color": "cv_", "id_name": "hand", "shape": "CVCylinder", "id_string": "ob382", "world_size": [0.12, 0.005, 0.12], "id": 382, "camera_size": [54, 54], "camera_position": [245, 291], "world_position": [0.6213363381533752, 0.8141462998094393, -0.17406307851281705], "world_orientation": [7.90104470677107e-05, 0.17921366688724882, 0.9838101724205619, -0.0007644614440483351, -0.9838098771967528, 0.17921367450284328, 0.9999997046779813, -0.0007662446976214785, 5.927068035530215e-05], "world_rotation": [0.0, 1.0, 0.0, 0.0]}, {"color": "CVRed", "id_name": "object24649149059883", "shape": "CVBox", "id_string": "ob421", "world_size": [0.09, 0.09, 0.09], "id": 421, "camera_size": [37, 37], "camera_position": [256, 254], "world_position": [0.705, 0.6448569696296074, -0.15], "world_orientation": [1.0, -4.331917303826236e-17, -1.1712398707441946e-17, 4.331917303826236e-17, 1.0, -5.775889738434995e-17, 1.1712398707441946e-17, 5.775889738434995e-17, 1.0], "world_rotation": [-0.7896765794068324, 0.16013129347666225, -0.5922574345551229, -7.314247236221149e-17]}], "source": "action wait"}
{"timestamp": 1709222630.128733, "objects": [{"color": "cv_", "id_name": "hand", "shape": "CVCylinder", "id_string": "ob382", "world_size": [0.12, 0.005, 0.12], "id": 382, "camera_size": [53, 53], "camera_position": [245, 263], "world_position": [0.6834743630813963, 0.7943487105684848, -0.17407080320765356], "world_orientation": [7.028437199074635e-05, 0.14383420596263008, 0.9896017968128427, -0.0007772217489558118, -0.9896014925037102, 0.1438342169331846, 0.9999996954931837, -0.0007792493368969407, 4.223755369663044e-05], "world_rotation": [0.0, 1.0, 0.0, 0.0]}, {"color": "CVRed", "id_name": "object24649149059883", "shape": "CVBox", "id_string": "ob421", "world_size": [0.09, 0.09, 0.09], "id": 421, "camera_size": [37, 37], "camera_position": [256, 254], "world_position": [0.705, 0.6448569696296074, -0.15], "world_orientation": [1.0, -4.331917303826236e-17, -1.1712398707441946e-17, 4.331917303826236e-17, 1.0, -5.775889738434995e-17, 1.1712398707441946e-17, 5.775889738434995e-17, 1.0], "world_rotation": [-0.7896765794068324, 0.16013129347666225, -0.5922574345551229, -7.314247236221149e-17]}], "source": "action wait"}
{"timestamp": 1709222630.15704, "objects": [{"color": "cv_", "id_name": "hand", "shape": "CVCylinder", "id_string": "ob382", "world_size": [0.12, 0.005, 0.12], "id": 382, "camera_size": [52, 52], "camera_position": [245, 239], "world_position": [0.7376690824211661, 0.7632146997783089, -0.17407250192188162], "world_orientation": [3.784057993732394e-05, 0.10111386723268893, 0.9948748586738638, -0.0007767772787248471, -0.9948745562687334, 0.10111386604294216, 0.9999996975925292, -0.000776622392723536, 4.089632445665609e-05], "world_rotation": [0.0, 1.0, 0.0, 0.0]}, {"color": "CVRed", "id_name": "object24649149059883", "shape": "CVBox", "id_string": "ob421", "world_size": [0.09, 0.09, 0.09], "id": 421, "camera_size": [37, 37], "camera_position": [256, 254], "world_position": [0.705, 0.6448569696296074, -0.15], "world_orientation": [1.0, -4.331917303826236e-17, -1.1712398707441946e-17, 4.331917303826236e-17, 1.0, -5.775889738434995e-17, 1.1712398707441946e-17, 5.775889738434995e-17, 1.0], "world_rotation": [-0.7896765794068324, 0.16013129347666225, -0.5922574345551229, -7.314247236221149e-17]}], "source": "action wait"}
{"timestamp": 1709222630.187866, "objects": [{"color": "cv_", "id_name": "hand", "shape": "CVCylinder", "id_string": "ob382", "world_size": [0.12, 0.005, 0.12], "id": 382, "camera_size": [51, 51], "camera_position": [246, 224], "world_position": [0.7748829067933217, 0.7377286893504773, -0.17407395071493484], "world_orientation": [1.3021613572459148e-05, 0.0708116762261111, 0.9974897023731555, -0.0007700135194220677, -0.9974894060314579, 0.07081166524090152, 0.999999703454765, -0.0007690026384531493, 4.153702643946949e-05], "world_rotation": [0.0, 1.0, 0.0, 0.0]}, {"color": "CVRed", "id_name": "object24649149059883", "shape": "CVBox", "id_string": "ob421", "world_size": [0.09, 0.09, 0.09], "id": 421, "camera_size": [37, 37], "camera_position": [256, 254], "world_position": [0.705, 0.6448569696296074, -0.15], "world_orientation": [1.0, -4.331917303826236e-17, -1.1712398707441946e-17, 4.331917303826236e-17, 1.0, -5.775889738434995e-17, 1.1712398707441946e-17, 5.775889738434995e-17, 1.0], "world_rotation": [-0.7896765794068324, 0.16013129347666225, -0.5922574345551229, -7.314247236221149e-17]}], "source": "action wait"}
{"timestamp": 1709222630.221127, "objects": [{"color": "cv_", "id_name": "hand", "shape": "CVCylinder", "id_string": "ob382", "world_size": [0.12, 0.005, 0.12], "id": 382, "camera_size": [51, 51], "camera_position": [246, 214], "world_position": [0.8004027534924418, 0.718124519587864, -0.17407749955954588], "world_orientation": [-3.8034198650425066e-07, 0.04941441965059295, 0.9987783613647476, -0.0007649839572051987, -0.9987780691363789, 0.04941440490132434, 0.9999997073996575, -0.0007640306288751542, 3.818111552258289e-05], "world_rotation": [0.0, 1.0, 0.0, 0.0]}, {"color": "CVRed", "id_name": "object24649149059883", "shape": "CVBox", "id_string": "ob421", "world_size": [0.09, 0.09, 0.09], "id": 421, "camera_size": [37, 37], "camera_position": [256, 254], "world_position": [0.705, 0.6448569696296074, -0.15], "world_orientation": [1.0, -4.331917303826236e-17, -1.1712398707441946e-17, 4.331917303826236e-17, 1.0, -5.775889738434995e-17, 1.1712398707441946e-17, 5.775889738434995e-17, 1.0], "world_rotation": [-0.7896765794068324, 0.16013129347666225, -0.5922574345551229, -7.314247236221149e-17]}], "source": "action wait"}
{"timestamp": 1709222630.251476, "objects": [{"color": "cv_", "id_name": "hand", "shape": "CVCylinder", "id_string": "ob382", "world_size": [0.12, 0.005, 0.12], "id": 382, "camera_size": [49, 50], "camera_position": [246, 207], "world_position": [0.8179911223772623, 0.7035355673416255, -0.1740817059172694], "world_orientation": [-7.098098790794418e-06, 0.034320995418202625, 0.9994108610692206, -0.000761916999555532, -0.9994105711922142, 0.03432098005212069, 0.9999997097160093, -0.0007612245108824198, 3.3243664818059226e-05], "world_rotation": [0.0, 1.0, 0.0, 0.0]}, {"color": "CVRed", "id_name": "object24649149059883", "shape": "CVBox", "id_string": "ob421", "world_size": [0.09, 0.09, 0.09], "id": 421, "camera_size": [37, 37], "camera_position": [256, 254], "world_position": [0.705, 0.6448569696296074, -0.15], "world_orientation": [1.0, -4.331917303826236e-17, -1.1712398707441946e-17, 4.331917303826236e-17, 1.0, -5.775889738434995e-17, 1.1712398707441946e-17, 5.775889738434995e-17, 1.0], "world_rotation": [-0.7896765794068324, 0.16013129347666225, -0.5922574345551229, -7.314247236221149e-17]}], "source": "action wait"}
{"timestamp": 1709222630.293116, "objects": [{"color": "cv_", "id_name": "hand", "shape": "CVCylinder", "id_string": "ob382", "world_size": [0.12, 0.005, 0.12], "id": 382, "camera_size": [49, 50], "camera_position": [246, 202], "world_position": [0.8301739860708773, 0.6928948734839941, -0.1740858176659361], "world_orientation": [-1.0024070980880976e-05, 0.023679615957889973, 0.9997195985313108, -0.0007603729166693863, -0.9997193097595559, 0.023679601493798223, 0.999999710866231, -0.0007599223409809808, 2.8026595973871693e-05], "world_rotation": [0.0, 1.0, 0.0, 0.0]}, {"color": "CVRed", "id_name": "object24649149059883", "shape": "CVBox", "id_string": "ob421", "world_size": [0.09, 0.09, 0.09], "id": 421, "camera_size": [37, 37], "camera_position": [256, 254], "world_position": [0.705, 0.6448569696296074, -0.15], "world_orientation": [1.0, -4.331917303826236e-17, -1.1712398707441946e-17, 4.331917303826236e-17, 1.0, -5.775889738434995e-17, 1.1712398707441946e-17, 5.775889738434995e-17, 1.0], "world_rotation": [-0.7896765794068324, 0.16013129347666225, -0.5922574345551229, -7.314247236221149e-17]}], "source": "action wait"}
{"timestamp": 1709222630.328132, "objects": [{"color": "cv_", "id_name": "hand", "shape": "CVCylinder", "id_string": "ob382", "world_size": [0.12, 0.005, 0.12], "id": 382, "camera_size": [49, 49], "camera_position": [246, 199], "world_position": [0.8386492542437962, 0.6852320020522639, -0.17408948987844036], "world_orientation": [-1.089273160127562e-05, 0.016178849479549, 0.9998691137898333, -0.0007598308137533722, -0.9998688253493663, 0.016178836534587116, 0.9999997112691997, -0.0007595551306541584, 2.3184491117022545e-05], "world_rotation": [0.0, 1.0, 0.0, 0.0]}, {"color": "CVRed", "id_name": "object24649149059883", "shape": "CVBox", "id_string": "ob421", "world_size": [0.09, 0.09, 0.09], "id": 421, "camera_size": [37, 37], "camera_position": [256, 254], "world_position": [0.705, 0.6448569696296074, -0.15], "world_orientation": [1.0, -4.331917303826236e-17, -1.1712398707441946e-17, 4.331917303826236e-17, 1.0, -5.775889738434995e-17, 1.1712398707441946e-17, 5.775889738434995e-17, 1.0], "world_rotation": [-0.7896765794068324, 0.16013129347666225, -0.5922574345551229, -7.314247236221149e-17]}], "source": "action wait"}
{"timestamp": 1709222630.362767, "objects": [{"color": "cv_", "id_name": "hand", "shape": "CVCylinder", "id_string": "ob382", "world_size": [0.12, 0.005, 0.12], "id": 382, "camera_size": [49, 49], "camera_position": [246, 197], "world_position": [0.8445658110033913, 0.6797589331583124, -0.17409260328741], "world_orientation": [-1.0686526929599174e-05, 0.010892327641568597, 0.9999406767825515, -0.000759870545362072, -0.999940388243561, 0.010892316377662404, 0.9999997112412347, -0.000759709066364535, 1.896264883258809e-05], "world_rotation": [0.0, 1.0, 0.0, 0.0]}, {"color": "CVRed", "id_name": "object24649149059883", "shape": "CVBox", "id_string": "ob421", "world_size": [0.09, 0.09, 0.09], "id": 421, "camera_size": [37, 37], "camera_position": [256, 254], "world_position": [0.705, 0.6448569696296074, -0.15], "world_orientation": [1.0, -4.331917303826236e-17, -1.1712398707441946e-17, 4.331917303826236e-17, 1.0, -5.775889738434995e-17, 1.1712398707441946e-17, 5.775889738434995e-17, 1.0], "world_rotation": [-0.7896765794068324, 0.16013129347666225, -0.5922574345551229, -7.314247236221149e-17]}], "source": "action wait"}
{"timestamp": 1709222630.39557, "objects": [{"color": "cv_", "id_name": "hand", "shape": "CVCylinder", "id_string": "ob382", "world_size": [0.12, 0.005, 0.12], "id": 382, "camera_size": [49, 49], "camera_position": [246, 196], "world_position": [0.8487072415508093, 0.6758710193667696, -0.17409515623490487], "world_orientation": [-1.0000254398602484e-05, 0.007166516529465921, 0.9999743201406863, -0.0007602034898623337, -0.9999740312978748, 0.007166506856992908, 0.9999997109952828, -0.0007601123010523073, 1.5448005581197663e-05], "world_rotation": [0.0, 1.0, 0.0, 0.0]}, {"color": "CVRed", "id_name": "object24649149059883", "shape": "CVBox", "id_string": "ob421", "world_size": [0.09, 0.09, 0.09], "id": 421, "camera_size": [37, 37], "camera_position": [256, 254], "world_position": [0.705, 0.6448569696296074, -0.15], "world_orientation": [1.0, -4.331917303826236e-17, -1.1712398707441946e-17, 4.331917303826236e-17, 1.0, -5.775889738434995e-17, 1.1712398707441946e-17, 5.775889738434995e-17, 1.0], "world_rotation": [-0.7896765794068324, 0.16013129347666225, -0.5922574345551229, -7.314247236221149e-17]}], "source": "action wait"}
{"timestamp": 1709222630.426872, "objects": [{"color": "cv_", "id_name": "hand", "shape": "CVCylinder", "id_string": "ob382", "world_size": [0.12, 0.005, 0.12], "id": 382, "camera_size": [49, 48], "camera_position": [246, 194], "world_position": [0.8516119885511783, 0.6731190136026998, -0.17409720214171184], "world_orientation": [-9.13713390489287e-06, 0.004540648823130514, 0.9999896911592528, -0.0007606497216944263, -0.9999894019414952, 0.0045406405596510905, 0.9999997106642151, -0.0007606003918371268, 1.2590880333005549e-05], "world_rotation": [0.0, 1.0, 0.0, 0.0]}, {"color": "CVRed", "id_name": "object24649149059883", "shape": "CVBox", "id_string": "ob421", "world_size": [0.09, 0.09, 0.09], "id": 421, "camera_size": [37, 37], "camera_position": [256, 254], "world_position": [0.705, 0.6448569696296074, -0.15], "world_orientation": [1.0, -4.331917303826236e-17, -1.1712398707441946e-17, 4.331917303826236e-17, 1.0, -5.775889738434995e-17, 1.1712398707441946e-17, 5.775889738434995e-17, 1.0], "world_rotation": [-0.7896765794068324, 0.16013129347666225, -0.5922574345551229, -7.314247236221149e-17]}], "source": "action wait"}
{"timestamp": 1709222630.454646, "objects": [{"color": "cv_", "id_name": "hand", "shape": "CVCylinder", "id_string": "ob382", "world_size": [0.12, 0.005, 0.12], "id": 382, "camera_size": [49, 49], "camera_position": [246, 194], "world_position": [0.8536523875374606, 0.6711756170817885, -0.17409881483540124], "world_orientation": [-8.27627582943293e-06, 0.0026899609657812166, 0.9999963820142079, -0.0007611074241420863, -0.9999960924241511, 0.002689953887635077, 0.9999997103234542, -0.0007610824076662826, 1.0323592751330806e-05], "world_rotation": [0.0, 1.0, 0.0, 0.0]}, {"color": "CVRed", "id_name": "object24649149059883", "shape": "CVBox", "id_string": "ob421", "world_size": [0.09, 0.09, 0.09], "id": 421, "camera_size": [37, 37], "camera_position": [256, 254], "world_position": [0.705, 0.6448569696296074, -0.15], "world_orientation": [1.0, -4.331917303826236e-17, -1.1712398707441946e-17, 4.331917303826236e-17, 1.0, -5.775889738434995e-17, 1.1712398707441946e-17, 5.775889738434995e-17, 1.0], "world_rotation": [-0.7896765794068324, 0.16013129347666225, -0.5922574345551229, -7.314247236221149e-17]}], "source": "action wait"}
{"timestamp": 1709222630.487147, "objects": [{"color": "cv_", "id_name": "hand", "shape": "CVCylinder", "id_string": "ob382", "world_size": [0.12, 0.005, 0.12], "id": 382, "camera_size": [49, 49], "camera_position": [246, 193], "world_position": [0.8550872083687957, 0.6698053306243986, -0.17410007042064563], "world_orientation": [-7.492322486739962e-06, 0.0013855783590437537, 0.9999990400577773, -0.0007615251947555373, -0.9999987501336753, 0.0013855722517334603, 0.9999997100115795, -0.000761514082581534, 8.54746595242349e-06], "world_rotation": [0.0, 1.0, 0.0, 0.0]}, {"color": "CVRed", "id_name": "object24649149059883", "shape": "CVBox", "id_string": "ob421", "world_size": [0.09, 0.09, 0.09], "id": 421, "camera_size": [37, 37], "camera_position": [256, 254], "world_position": [0.705, 0.6448569696296074, -0.15], "world_orientation": [1.0, -4.331917303826236e-17, -1.1712398707441946e-17, 4.331917303826236e-17, 1.0, -5.775889738434995e-17, 1.1712398707441946e-17, 5.775889738434995e-17, 1.0], "world_rotation": [-0.7896765794068324, 0.16013129347666225, -0.5922574345551229, -7.314247236221149e-17]}], "source": "action wait"}
{"timestamp": 1709222630.519782, "objects": [{"color": "cv_", "id_name": "hand", "shape": "CVCylinder", "id_string": "ob382", "world_size": [0.12, 0.005, 0.12], "id": 382, "camera_size": [49, 49], "camera_position": [246, 193], "world_position": [0.8560969897938858, 0.6688400752203667, -0.17410103867615087], "world_orientation": [-6.816975174603457e-06, 0.0004662102534332701, 0.9999998913007585, -0.0007618821415807459, -0.9999996010942059, 0.00046620492440421204, 0.9999997097445236, -0.000761878880657666, 7.172169721949976e-06], "world_rotation": [0.0, 1.0, 0.0, 0.0]}, {"color": "CVRed", "id_name": "object24649149059883", "shape": "CVBox", "id_string": "ob421", "world_size": [0.09, 0.09, 0.09], "id": 421, "camera_size": [37, 37], "camera_position": [256, 254], "world_position": [0.705, 0.6448569696296074, -0.15], "world_orientation": [1.0, -4.331917303826236e-17, -1.1712398707441946e-17, 4.331917303826236e-17, 1.0, -5.775889738434995e-17, 1.1712398707441946e-17, 5.775889738434995e-17, 1.0], "world_rotation": [-0.7896765794068324, 0.16013129347666225, -0.5922574345551229, -7.314247236221149e-17]}], "source": "action wait"}
{"timestamp": 1709222630.553201, "objects": [{"color": "cv_", "id_name": "hand", "shape": "CVCylinder", "id_string": "ob382", "world_size": [0.12, 0.005, 0.12], "id": 382, "camera_size": [48, 49], "camera_position": [246, 193], "world_position": [0.8568080557779009, 0.6681605287292324, -0.17410177970397261], "world_orientation": [-6.255712611625407e-06, -0.0001818069635414977, 0.999999983453547, -0.0007621743923574384, -0.9999996930173076, -0.00018181167868184015, 0.9999997095254888, -0.0007621755171080956, 6.117142079630778e-06], "world_rotation": [0.0, 1.0, 0.0, 0.0]}, {"color": "CVRed", "id_name": "object24649149059883", "shape": "CVBox", "id_string": "ob421", "world_size": [0.09, 0.09, 0.09], "id": 421, "camera_size": [37, 37], "camera_position": [256, 254], "world_position": [0.705, 0.6448569696296074, -0.15], "world_orientation": [1.0, -4.331917303826236e-17, -1.1712398707441946e-17, 4.331917303826236e-17, 1.0, -5.775889738434995e-17, 1.1712398707441946e-17, 5.775889738434995e-17, 1.0], "world_rotation": [-0.7896765794068324, 0.16013129347666225, -0.5922574345551229, -7.314247236221149e-17]}], "source": "action wait"}
{"timestamp": 1709222630.588785, "objects": [{"color": "cv_", "id_name": "hand", "shape": "CVCylinder", "id_string": "ob382", "world_size": [0.12, 0.005, 0.12], "id": 382, "camera_size": [48, 48], "camera_position": [246, 192], "world_position": [0.8573089854117659, 0.6676822797606764, -0.17410234332729918], "world_orientation": [-5.800865784429243e-06, -0.0006385751694147256, 0.9999997960940307, -0.0007624066645213558, -0.9999995054760876, -0.0006385794064524788, 0.9999997093511718, -0.000762410213375849, 5.3140089511669725e-06], "world_rotation": [0.0, 1.0, 0.0, 0.0]}, {"color": "CVRed", "id_name": "object24649149059883", "shape": "CVBox", "id_string": "ob421", "world_size": [0.09, 0.09, 0.09], "id": 421, "camera_size": [37, 37], "camera_position": [256, 254], "world_position": [0.705, 0.6448569696296074, -0.15], "world_orientation": [1.0, -4.331917303826236e-17, -1.1712398707441946e-17, 4.331917303826236e-17, 1.0, -5.775889738434995e-17, 1.1712398707441946e-17, 5.775889738434995e-17, 1.0], "world_rotation": [-0.7896765794068324, 0.16013129347666225, -0.5922574345551229, -7.314247236221149e-17]}], "source": "action wait"}
{"timestamp": 1709222630.617811, "objects": [{"color": "cv_", "id_name": "hand", "shape": "CVCylinder", "id_string": "ob382", "world_size": [0.12, 0.005, 0.12], "id": 382, "camera_size": [48, 48], "camera_position": [246, 192], "world_position": [0.8576619883371893, 0.6673457510791667, -0.17410276980813297], "world_orientation": [-5.4390313218592424e-06, -0.0009605461094065932, 0.9999995386606879, -0.000762587282408147, -0.9999992479019056, -0.0009605499778569487, 0.9999997092154845, -0.0007625921550584105, 4.706526984338116e-06], "world_rotation": [0.0, 1.0, 0.0, 0.0]}, {"color": "CVRed", "id_name": "object24649149059883", "shape": "CVBox", "id_string": "ob421", "world_size": [0.09, 0.09, 0.09], "id": 421, "camera_size": [37, 37], "camera_position": [256, 254], "world_position": [0.705, 0.6448569696296074, -0.15], "world_orientation": [1.0, -4.331917303826236e-17, -1.1712398707441946e-17, 4.331917303826236e-17, 1.0, -5.775889738434995e-17, 1.1712398707441946e-17, 5.775889738434995e-17, 1.0], "world_rotation": [-0.7896765794068324, 0.16013129347666225, -0.5922574345551229, -7.314247236221149e-17]}], "source": "action wait"}
{"timestamp": 1709222630.656256, "objects": [{"color": "cv_", "id_name": "hand", "shape": "CVCylinder", "id_string": "ob382", "world_size": [0.12, 0.005, 0.12], "id": 382, "camera_size": [48, 49], "camera_position": [246, 192], "world_position": [0.8579108046933754, 0.6671089556952994, -0.17410309110054567], "world_orientation": [-5.1552302977124575e-06, -0.0011875054916827916, 0.9999992949018169, -0.0007627254190724441, -0.9999990040355662, -0.0011875090783048721, 0.9999997091116372, -0.0007627310031592958, 4.249484539855605e-06], "world_rotation": [0.0, 1.0, 0.0, 0.0]}, {"color": "CVRed", "id_name": "object24649149059883", "shape": "CVBox", "id_string": "ob421", "world_size": [0.09, 0.09, 0.09], "id": 421, "camera_size": [37, 37], "camera_position": [256, 254], "world_position": [0.705, 0.6448569696296074, -0.15], "world_orientation": [1.0, -4.331917303826236e-17, -1.1712398707441946e-17, 4.331917303826236e-17, 1.0, -5.775889738434995e-17, 1.1712398707441946e-17, 5.775889738434995e-17, 1.0], "world_rotation": [-0.7896765794068324, 0.16013129347666225, -0.5922574345551229, -7.314247236221149e-17]}], "source": "action wait"}
{"timestamp": 1709222632.895878, "objects": [{"color": "cv_", "id_name": "hand", "shape": "CVCylinder", "id_string": "ob382", "world_size": [0.12, 0.005, 0.12], "id": 382, "camera_size": [48, 49], "camera_position": [246, 192], "world_position": [0.8585057445375416, 0.6665461859451531, -0.1741040291906182], "world_orientation": [-4.249689491674465e-06, -0.0017297639169472595, 0.999998503948247, -0.0007631197234243068, -0.9999982127762042, -0.0017297666563140294, 0.9999997088150715, -0.0007631259327292543, 2.9296649350017843e-06], "world_rotation": [0.0, 1.0, 0.0, 0.0]}, {"color": "CVRed", "id_name": "object24649149059883", "shape": "CVBox", "id_string": "ob421", "world_size": [0.09, 0.09, 0.09], "id": 421, "camera_size": [37, 37], "camera_position": [256, 254], "world_position": [0.705, 0.6448569696296074, -0.15], "world_orientation": [1.0, -4.331917303826236e-17, -1.1712398707441946e-17, 4.331917303826236e-17, 1.0, -5.775889738434995e-17, 1.1712398707441946e-17, 5.775889738434995e-17, 1.0], "world_rotation": [-0.7896765794068324, 0.16013129347666225, -0.5922574345551229, -7.314247236221149e-17]}], "source": "action wait"}
{"timestamp": 1709222632.920761, "objects": [{"color": "cv_", "id_name": "hand", "shape": "CVCylinder", "id_string": "ob382", "world_size": [0.12, 0.005, 0.12], "id": 382, "camera_size": [48, 48], "camera_position": [246, 205], "world_position": [0.8258425887456714, 0.6536635572400413, -0.17408819674242035], "world_orientation": [-4.6145193163268746e-05, -0.022657785243486245, 0.9997432783662421, -0.0007601095329920848, -0.9997429898267962, -0.022657813788550397, 0.9999997100520176, -0.000760959945625242, 2.8910934819475954e-05], "world_rotation": [0.0, 1.0, 0.0, 0.0]}, {"color": "CVRed", "id_name": "object24649149059883", "shape": "CVBox", "id_string": "ob421", "world_size": [0.09, 0.09, 0.09], "id": 421, "camera_size": [37, 37], "camera_position": [256, 254], "world_position": [0.705, 0.6448569696296074, -0.15], "world_orientation": [1.0, -4.331917303826236e-17, -1.1712398707441946e-17, 4.331917303826236e-17, 1.0, -5.775889738434995e-17, 1.1712398707441946e-17, 5.775889738434995e-17, 1.0], "world_rotation": [-0.7896765794068324, 0.16013129347666225, -0.5922574345551229, -7.314247236221149e-17]}], "source": "action wait"}
{"timestamp": 1709222632.955735, "objects": [{"color": "cv_", "id_name": "hand", "shape": "CVCylinder", "id_string": "ob382", "world_size": [0.12, 0.005, 0.12], "id": 382, "camera_size": [48, 49], "camera_position": [246, 219], "world_position": [0.7916874372761223, 0.6603786079067562, -0.17409756822380099], "world_orientation": [-3.364913397394229e-05, -0.01649828580729498, 0.9998638934540823, -0.0007582591939228375, -0.999863606159771, -0.016498306585024197, 0.9999997119553239, -0.0007587111436120289, 2.1134567542347948e-05], "world_rotation": [0.0, 1.0, 0.0, 0.0]}, {"color": "CVRed", "id_name": "object24649149059883", "shape": "CVBox", "id_string": "ob421", "world_size": [0.09, 0.09, 0.09], "id": 421, "camera_size": [37, 38], "camera_position": [256, 263], "world_position": [0.680851296611061, 0.6461662066941735, -0.15000328147116773], "world_orientation": [0.999466229845493, -0.03266872906133706, 9.76726841395194e-05, 0.032668730789383184, 0.9994662344310686, -1.614902705110803e-05, -9.709298163436384e-05, 1.9331249806073923e-05, 0.9999999950996279], "world_rotation": [0.0005430286710167876, 0.0029809051679787818, 0.9999954096515853, 0.03267469368761602]}], "source": "action wait"}
{"timestamp": 1709222632.990743, "objects": [{"color": "cv_", "id_name": "hand", "shape": "CVCylinder", "id_string": "ob382", "world_size": [0.12, 0.005, 0.12], "id": 382, "camera_size": [48, 49], "camera_position": [246, 229], "world_position": [0.7671350695796479, 0.663764765153811, -0.17410368471867863], "world_orientation": [-1.7383621381647047e-05, -0.012087605755516087, 0.9999269420737243, -0.0007620801685392297, -0.9999266517027562, -0.01208761549405051, 0.9999997094657711, -0.0007622346190739979, 8.170621691581539e-06], "world_rotation": [0.0, 1.0, 0.0, 0.0]}, {"color": "CVRed", "id_name": "object24649149059883", "shape": "CVBox", "id_string": "ob421", "world_size": [0.09, 0.09, 0.09], "id": 421, "camera_size": [37, 39], "camera_position": [256, 282], "world_position": [0.6360823892822804, 0.646716373627342, -0.15000358495425803], "world_orientation": [0.999002381601124, -0.04465682298070562, 9.857257510976736e-05, 0.04465682409679485, 0.9990023863724612, -9.149634444406276e-06, -9.806564415981428e-05, 1.3542444748186436e-05, 0.9999999950998658], "world_rotation": [0.00025407117730837184, 0.00220165386563399, 0.9999975440810306, 0.044671789334720706]}], "source": "action wait"}
{"timestamp": 1709222633.024423, "objects": [{"color": "cv_", "id_name": "hand", "shape": "CVCylinder", "id_string": "ob382", "world_size": [0.12, 0.005, 0.12], "id": 382, "camera_size": [48, 49], "camera_position": [246, 236], "world_position": [0.7497676607236234, 0.6653957374777271, -0.1741067592101374], "world_orientation": [-8.350772322986432e-06, -0.008993473199752224, 0.999959557867252, -0.000763505767259181, -0.999959266385994, -0.008993476954337661, 0.9999997084945615, -0.0007635499919364059, 1.48386351050635e-06], "world_rotation": [0.0, 1.0, 0.0, 0.0]}, {"color": "CVRed", "id_name": "object24649149059883", "shape": "CVBox", "id_string": "ob421", "world_size": [0.09, 0.09, 0.09], "id": 421, "camera_size": [37, 39], "camera_position": [256, 298], "world_position": [0.5955440379920647, 0.6440847949654793, -0.15000413050258865], "world_orientation": [0.9998701906867115, 0.016111847671403452, 0.0001007012055405417, -0.016111847162281354, 0.9998701957487386, -5.865020365009152e-06, -0.00010078263041066608, 4.241776598016904e-06, 0.9999999949124344], "world_rotation": [0.00031363873563840683, 0.006252538345283276, -0.9999804035054809, 0.016112860364641424]}], "source": "action wait"}
{"timestamp": 1709222633.056237, "objects": [{"color": "cv_", "id_name": "hand", "shape": "CVCylinder", "id_string": "ob382", "world_size": [0.12, 0.005, 0.12], "id": 382, "camera_size": [48, 49], "camera_position": [246, 241], "world_position": [0.7375161957571954, 0.6661745186930571, -0.17410807489259436], "world_orientation": [-3.4107822812616684e-06, -0.006821925142819443, 0.9999767303921189, -0.0007638921107980903, -0.9999764386213293, -0.006821925757864591, 0.9999997082285622, -0.0007638976034320602, -1.8005128781613366e-06], "world_rotation": [0.0, 1.0, 0.0, 0.0]}, {"color": "CVRed", "id_name": "object24649149059883", "shape": "CVBox", "id_string": "ob421", "world_size": [0.09, 0.09, 0.09], "id": 421, "camera_size": [37, 39], "camera_position": [256, 309], "world_position": [0.5672761726744556, 0.644927875968033, -0.15000411223605759], "world_orientation": [0.9999942238765676, -0.00339735896665754, 0.00010082436847177818, 0.0033973594222503067, 0.9999942289483742, -4.3477523736129825e-06, -0.0001008090157336312, 4.690263878680804e-06, 0.9999999949077719], "world_rotation": [0.0013295667175647684, 0.0296619334714544, 0.999559103782802, 0.003398864282074019]}], "source": "action wait"}
{"timestamp": 1709222633.086697, "objects": [{"color": "cv_", "id_name": "hand", "shape": "CVCylinder", "id_string": "ob382", "world_size": [0.12, 0.005, 0.12], "id": 382, "camera_size": [48, 48], "camera_position": [246, 244], "world_position": [0.7288841675139764, 0.6665429567389626, -0.17410840847068887], "world_orientation": [-1.0722562858117161e-06, -0.005297055713771953, 0.9999859705013945, -0.0007638732204569167, -0.9999856787505326, -0.005297054987408682, 0.9999997082482343, -0.0007638681834995088, -2.9740380768947496e-06], "world_rotation": [0.0, 1.0, 0.0, 0.0]}, {"color": "CVRed", "id_name": "object24649149059883", "shape": "CVBox", "id_string": "ob421", "world_size": [0.09, 0.09, 0.09], "id": 421, "camera_size": [37, 40], "camera_position": [256, 317], "world_position": [0.5459150986539366, 0.6444614553510667, -0.15000421999030092], "world_orientation": [0.999978174311037, 0.006606110903626252, 0.00010099650856793502, -0.0066061106140061065, 0.9999781794080855, -3.2009571402680574e-06, -0.00010101545064220318, 2.533693169944135e-06, 0.9999999948947296], "world_rotation": [0.0004339905718611205, 0.015287991587607234, -0.9998830376426039, 0.006606931582510758]}], "source": "action wait"}
