{"timestamp": 1717817718.189688, "objects": [{"color": "cv_", "id_name": "hand", "shape": "CVCylinder", "id_string": "ob383", "world_size": [0.12, 0.005, 0.12], "id": 383, "camera_size": [48, 50], "camera_position": [246, 426], "world_position": [0.26764451554037805, 0.6334703013846751, -0.1738926040078533], "world_orientation": [-0.0006415491970952328, 0.19791547486628336, 0.980218880262506, -0.000747367130390581, -0.9802189031249938, 0.1979149903337452, 0.9999995149283825, -0.0006056111685550148, 0.0007767741707885422], "world_rotation": [0.0, 1.0, 0.0, 0.0]}, {"color": "CVRed", "id_name": "object214715009610820", "shape": "CVSphere", "id_string": "ob394", "world_size": [0.11, 0.11, 0.11], "id": 394, "camera_size": [45, 45], "camera_position": [256, 254], "world_position": [0.705, 0.6547387381816959, -0.15], "world_orientation": [1.0, -1.985360110102051e-17, 1.3114466496121736e-17, 1.985360110102051e-17, 1.0, 2.382432132122458e-17, -1.3114466496121736e-17, -2.382432132122458e-17, 1.0], "world_rotation": [-0.7075568083356556, 0.38948559885120904, 0.589630673613047, 3.3671248782504315e-17]}], "source": "manual check"}
{"timestamp": 1717817719.217731, "objects": [{"color": "cv_", "id_name": "hand", "shape": "CVCylinder", "id_string": "ob383", "world_size": [0.12, 0.005, 0.12], "id": 383, "camera_size": [48, 50], "camera_position": [246, 426], "world_position": [0.2676445155400441, 0.6334703013847223, -0.1738926040083979], "world_orientation": [-0.0006415491747310447, 0.1979154748665534, 0.9802188802624663, -0.0007473671260304508, -0.9802189031249393, 0.19791499033403193, 0.9999995149284001, -0.000605611168707127, 0.0007767741480039719], "world_rotation": [0.0, 1.0, 0.0, 0.0]}, {"color": "CVRed", "id_name": "object214715009610820", "shape": "CVSphere", "id_string": "ob394", "world_size": [0.11, 0.11, 0.11], "id": 394, "camera_size": [45, 45], "camera_position": [256, 254], "world_position": [0.705, 0.6547388572526824, -0.15], "world_orientation": [1.0, -3.838362879530641e-17, 1.4813540171849057e-17, 3.838362879530641e-17, 1.0, 5.294293626938881e-18, -1.4813540171849057e-17, -5.294293626938881e-18, 1.0], "world_rotation": [-0.1276280613210114, 0.35710588544125776, 0.925303444577321, 4.1482206750932463e-17]}], "source": "manual check"}
{"timestamp": 1717817720.14482, "objects": [{"color": "cv_", "id_name": "hand", "shape": "CVCylinder", "id_string": "ob383", "world_size": [0.12, 0.005, 0.12], "id": 383, "camera_size": [48, 50], "camera_position": [246, 426], "world_position": [0.2676445155400441, 0.6334703013847223, -0.1738926040083979], "world_orientation": [-0.0006415491747310447, 0.1979154748665534, 0.9802188802624663, -0.0007473671260304508, -0.9802189031249393, 0.19791499033403193, 0.9999995149284001, -0.000605611168707127, 0.0007767741480039719], "world_rotation": [0.0, 1.0, 0.0, 0.0]}, {"color": "CVRed", "id_name": "object214715009610820", "shape": "CVSphere", "id_string": "ob394", "world_size": [0.11, 0.11, 0.11], "id": 394, "camera_size": [45, 45], "camera_position": [256, 254], "world_position": [0.705, 0.6547388572526824, -0.15], "world_orientation": [1.0, -3.838362879530641e-17, 1.4813540171849057e-17, 3.838362879530641e-17, 1.0, 5.294293626938881e-18, -1.4813540171849057e-17, -5.294293626938881e-18, 1.0], "world_rotation": [-0.1276280613210114, 0.35710588544125776, 0.925303444577321, 4.1482206750932463e-17]}], "source": "action wait"}
{"timestamp": 1717817720.180366, "objects": [{"color": "cv_", "id_name": "hand", "shape": "CVCylinder", "id_string": "ob383", "world_size": [0.12, 0.005, 0.12], "id": 383, "camera_size": [49, 51], "camera_position": [246, 421], "world_position": [0.29165732936455785, 0.6683011090736244, -0.17395584257668506], "world_orientation": [-0.00037885869565523826, 0.20321456542143937, 0.9791341567255553, -0.0007138501190802843, -0.9791340324794344, 0.20321426342304202, 0.9999996734419948, -0.0006219655435953981, 0.0005160181841421856], "world_rotation": [0.0, 1.0, 0.0, 0.0]}, {"color": "CVRed", "id_name": "object214715009610820", "shape": "CVSphere", "id_string": "ob394", "world_size": [0.11, 0.11, 0.11], "id": 394, "camera_size": [45, 45], "camera_position": [256, 254], "world_position": [0.705, 0.6547388572526824, -0.15], "world_orientation": [1.0, -3.838362879530641e-17, 1.4813540171849057e-17, 3.838362879530641e-17, 1.0, 5.294293626938881e-18, -1.4813540171849057e-17, -5.294293626938881e-18, 1.0], "world_rotation": [-0.1276280613210114, 0.35710588544125776, 0.925303444577321, 4.1482206750932463e-17]}], "source": "action wait"}
{"timestamp": 1717817720.215636, "objects": [{"color": "cv_", "id_name": "hand", "shape": "CVCylinder", "id_string": "ob383", "world_size": [0.12, 0.005, 0.12], "id": 383, "camera_size": [51, 52], "camera_position": [246, 406], "world_position": [0.33807986587878786, 0.706857850969969, -0.17398360132965293], "world_orientation": [-0.00021624225338933106, 0.19543994663644437, 0.9807156471159374, -0.0007297246908396239, -0.9807154397706443, 0.1954397444158877, 0.9999997103705397, -0.0006733900916592223, 0.00035468947126713354], "world_rotation": [0.0, 1.0, 0.0, 0.0]}, {"color": "CVRed", "id_name": "object214715009610820", "shape": "CVSphere", "id_string": "ob394", "world_size": [0.11, 0.11, 0.11], "id": 394, "camera_size": [45, 45], "camera_position": [256, 254], "world_position": [0.705, 0.6547388572526824, -0.15], "world_orientation": [1.0, -3.838362879530641e-17, 1.4813540171849057e-17, 3.838362879530641e-17, 1.0, 5.294293626938881e-18, -1.4813540171849057e-17, -5.294293626938881e-18, 1.0], "world_rotation": [-0.1276280613210114, 0.35710588544125776, 0.925303444577321, 4.1482206750932463e-17]}], "source": "action wait"}
{"timestamp": 1717817720.234583, "objects": [{"color": "cv_", "id_name": "hand", "shape": "CVCylinder", "id_string": "ob383", "world_size": [0.12, 0.005, 0.12], "id": 383, "camera_size": [51, 53], "camera_position": [246, 388], "world_position": [0.38892264664113857, 0.7404408369279671, -0.17400416278839295], "world_orientation": [-0.0001105226511080754, 0.18988239948196023, 0.9818068354578292, -0.0007407098166951632, -0.9818065876643948, 0.18988226817626994, 0.9999997195668163, -0.0007062476694450582, 0.0002491596242583892], "world_rotation": [0.0, 1.0, 0.0, 0.0]}, {"color": "CVRed", "id_name": "object214715009610820", "shape": "CVSphere", "id_string": "ob394", "world_size": [0.11, 0.11, 0.11], "id": 394, "camera_size": [45, 45], "camera_position": [256, 254], "world_position": [0.705, 0.6547388572526824, -0.15], "world_orientation": [1.0, -3.838362879530641e-17, 1.4813540171849057e-17, 3.838362879530641e-17, 1.0, 5.294293626938881e-18, -1.4813540171849057e-17, -5.294293626938881e-18, 1.0], "world_rotation": [-0.1276280613210114, 0.35710588544125776, 0.925303444577321, 4.1482206750932463e-17]}], "source": "action wait"}
{"timestamp": 1717817720.270544, "objects": [{"color": "cv_", "id_name": "hand", "shape": "CVCylinder", "id_string": "ob383", "world_size": [0.12, 0.005, 0.12], "id": 383, "camera_size": [52, 53], "camera_position": [245, 367], "world_position": [0.443240990902922, 0.7686741588253211, -0.17402274129515347], "world_orientation": [-3.6107877996352005e-05, 0.18595753946844315, 0.9825577805966749, -0.0007479503818225, -0.9825575114232535, 0.1859574610387269, 0.9999997196331846, -0.0007281899378445446, 0.00017456507939549027], "world_rotation": [0.0, 1.0, 0.0, 0.0]}, {"color": "CVRed", "id_name": "object214715009610820", "shape": "CVSphere", "id_string": "ob394", "world_size": [0.11, 0.11, 0.11], "id": 394, "camera_size": [45, 45], "camera_position": [256, 254], "world_position": [0.705, 0.6547388572526824, -0.15], "world_orientation": [1.0, -3.838362879530641e-17, 1.4813540171849057e-17, 3.838362879530641e-17, 1.0, 5.294293626938881e-18, -1.4813540171849057e-17, -5.294293626938881e-18, 1.0], "world_rotation": [-0.1276280613210114, 0.35710588544125776, 0.925303444577321, 4.1482206750932463e-17]}], "source": "action wait"}
{"timestamp": 1717817720.297148, "objects": [{"color": "cv_", "id_name": "hand", "shape": "CVCylinder", "id_string": "ob383", "world_size": [0.12, 0.005, 0.12], "id": 383, "camera_size": [53, 54], "camera_position": [245, 343], "world_position": [0.5003667777016603, 0.7912760552595877, -0.17403895102871833], "world_orientation": [1.618096629200075e-05, 0.18318508345176385, 0.9830784429225099, -0.0007528086487130109, -0.983078162254227, 0.18318504354338078, 0.9999997165086173, -0.0007430340652104332, 0.00012199616053228976], "world_rotation": [0.0, 1.0, 0.0, 0.0]}, {"color": "CVRed", "id_name": "object214715009610820", "shape": "CVSphere", "id_string": "ob394", "world_size": [0.11, 0.11, 0.11], "id": 394, "camera_size": [45, 45], "camera_position": [256, 254], "world_position": [0.705, 0.6547388572526824, -0.15], "world_orientation": [1.0, -3.838362879530641e-17, 1.4813540171849057e-17, 3.838362879530641e-17, 1.0, 5.294293626938881e-18, -1.4813540171849057e-17, -5.294293626938881e-18, 1.0], "world_rotation": [-0.1276280613210114, 0.35710588544125776, 0.925303444577321, 4.1482206750932463e-17]}], "source": "action wait"}
{"timestamp": 1717817720.33187, "objects": [{"color": "cv_", "id_name": "hand", "shape": "CVCylinder", "id_string": "ob383", "world_size": [0.12, 0.005, 0.12], "id": 383, "camera_size": [54, 54], "camera_position": [245, 318], "world_position": [0.5596435432500662, 0.8080155292751954, -0.1740526432293112], "world_orientation": [5.278268075647181e-05, 0.18122527168339608, 0.9834416089007357, -0.000756131683951868, -0.9834413219037598, 0.18122525937921133, 0.9999997127393914, -0.0007531769148175587, 8.51215005162565e-05], "world_rotation": [0.0, 1.0, 0.0, 0.0]}, {"color": "CVRed", "id_name": "object214715009610820", "shape": "CVSphere", "id_string": "ob394", "world_size": [0.11, 0.11, 0.11], "id": 394, "camera_size": [45, 45], "camera_position": [256, 254], "world_position": [0.705, 0.6547388572526824, -0.15], "world_orientation": [1.0, -3.838362879530641e-17, 1.4813540171849057e-17, 3.838362879530641e-17, 1.0, 5.294293626938881e-18, -1.4813540171849057e-17, -5.294293626938881e-18, 1.0], "world_rotation": [-0.1276280613210114, 0.35710588544125776, 0.925303444577321, 4.1482206750932463e-17]}], "source": "action wait"}
{"timestamp": 1717817720.345593, "objects": [{"color": "cv_", "id_name": "hand", "shape": "CVCylinder", "id_string": "ob383", "world_size": [0.12, 0.005, 0.12], "id": 383, "camera_size": [54, 54], "camera_position": [245, 291], "world_position": [0.6205705330108294, 0.8141955586600307, -0.17406325421106356], "world_orientation": [7.417753725358185e-05, 0.17337318817055625, 0.9848561987017546, -0.0007643030857637457, -0.9848559039255524, 0.17337319384430935, 0.9999997051691996, -0.0007655890282467698, 5.94554772050289e-05], "world_rotation": [0.0, 1.0, 0.0, 0.0]}, {"color": "CVRed", "id_name": "object214715009610820", "shape": "CVSphere", "id_string": "ob394", "world_size": [0.11, 0.11, 0.11], "id": 394, "camera_size": [45, 45], "camera_position": [256, 254], "world_position": [0.705, 0.6547388572526824, -0.15], "world_orientation": [1.0, -3.838362879530641e-17, 1.4813540171849057e-17, 3.838362879530641e-17, 1.0, 5.294293626938881e-18, -1.4813540171849057e-17, -5.294293626938881e-18, 1.0], "world_rotation": [-0.1276280613210114, 0.35710588544125776, 0.925303444577321, 4.1482206750932463e-17]}], "source": "action wait"}
{"timestamp": 1717817720.378609, "objects": [{"color": "cv_", "id_name": "hand", "shape": "CVCylinder", "id_string": "ob383", "world_size": [0.12, 0.005, 0.12], "id": 383, "camera_size": [53, 53], "camera_position": [245, 264], "world_position": [0.682671179873855, 0.7958600610522868, -0.17407094507484783], "world_orientation": [6.70793689884075e-05, 0.13982299306110246, 0.9901765126035829, -0.0007772599807890619, -0.990176208441957, 0.13982300276575654, 0.999999695683594, -0.0007790038159599512, 4.2258421651333275e-05], "world_rotation": [0.0, 1.0, 0.0, 0.0]}, {"color": "CVRed", "id_name": "object214715009610820", "shape": "CVSphere", "id_string": "ob394", "world_size": [0.11, 0.11, 0.11], "id": 394, "camera_size": [45, 45], "camera_position": [256, 254], "world_position": [0.705, 0.6547388572526824, -0.15], "world_orientation": [1.0, -3.838362879530641e-17, 1.4813540171849057e-17, 3.838362879530641e-17, 1.0, 5.294293626938881e-18, -1.4813540171849057e-17, -5.294293626938881e-18, 1.0], "world_rotation": [-0.1276280613210114, 0.35710588544125776, 0.925303444577321, 4.1482206750932463e-17]}], "source": "action wait"}
{"timestamp": 1717817720.40755, "objects": [{"color": "cv_", "id_name": "hand", "shape": "CVCylinder", "id_string": "ob383", "world_size": [0.12, 0.005, 0.12], "id": 383, "camera_size": [52, 52], "camera_position": [245, 239], "world_position": [0.7370266417764474, 0.7656773086942148, -0.17407265367217867], "world_orientation": [3.571680139533415e-05, 0.09827064972957242, 0.9951597249316502, -0.0007769608136316612, -0.9951594224662039, 0.09827064774705596, 0.9999996975280565, -0.0007767100227852518, 4.080853252147797e-05], "world_rotation": [0.0, 1.0, 0.0, 0.0]}, {"color": "CVRed", "id_name": "object214715009610820", "shape": "CVSphere", "id_string": "ob394", "world_size": [0.11, 0.11, 0.11], "id": 394, "camera_size": [45, 45], "camera_position": [256, 254], "world_position": [0.705, 0.6547388572526824, -0.15], "world_orientation": [1.0, -3.838362879530641e-17, 1.4813540171849057e-17, 3.838362879530641e-17, 1.0, 5.294293626938881e-18, -1.4813540171849057e-17, -5.294293626938881e-18, 1.0], "world_rotation": [-0.1276280613210114, 0.35710588544125776, 0.925303444577321, 4.1482206750932463e-17]}], "source": "action wait"}
{"timestamp": 1717817720.435534, "objects": [{"color": "cv_", "id_name": "hand", "shape": "CVCylinder", "id_string": "ob383", "world_size": [0.12, 0.005, 0.12], "id": 383, "camera_size": [51, 51], "camera_position": [246, 224], "world_position": [0.7744119373632283, 0.7408472384814954, -0.17407408313504685], "world_orientation": [1.1527051625349191e-05, 0.06880087599717953, 0.9976304121913825, -0.0007702312439476921, -0.9976301157215712, 0.06880086445093264, 0.9999997033054351, -0.0007691991844989473, 4.149285045746133e-05], "world_rotation": [0.0, 1.0, 0.0, 0.0]}, {"color": "CVRed", "id_name": "object214715009610820", "shape": "CVSphere", "id_string": "ob394", "world_size": [0.11, 0.11, 0.11], "id": 394, "camera_size": [45, 45], "camera_position": [256, 254], "world_position": [0.705, 0.6547388572526824, -0.15], "world_orientation": [1.0, -3.838362879530641e-17, 1.4813540171849057e-17, 3.838362879530641e-17, 1.0, 5.294293626938881e-18, -1.4813540171849057e-17, -5.294293626938881e-18, 1.0], "world_rotation": [-0.1276280613210114, 0.35710588544125776, 0.925303444577321, 4.1482206750932463e-17]}], "source": "action wait"}
{"timestamp": 1717817720.475947, "objects": [{"color": "cv_", "id_name": "hand", "shape": "CVCylinder", "id_string": "ob383", "world_size": [0.12, 0.005, 0.12], "id": 383, "camera_size": [51, 51], "camera_position": [246, 214], "world_position": [0.8000793224996585, 0.7216973132799278, -0.17407762497585813], "world_orientation": [-1.4433000259543967e-06, 0.04799411416807069, 0.9988476185100204, -0.0007651997849397351, -0.9988473261360451, 0.04799409901396493, 0.9999997072335602, -0.000764248712987429, 3.8166722211898684e-05], "world_rotation": [0.0, 1.0, 0.0, 0.0]}, {"color": "CVRed", "id_name": "object214715009610820", "shape": "CVSphere", "id_string": "ob394", "world_size": [0.11, 0.11, 0.11], "id": 394, "camera_size": [45, 45], "camera_position": [256, 254], "world_position": [0.705, 0.6547388572526824, -0.15], "world_orientation": [1.0, -3.838362879530641e-17, 1.4813540171849057e-17, 3.838362879530641e-17, 1.0, 5.294293626938881e-18, -1.4813540171849057e-17, -5.294293626938881e-18, 1.0], "world_rotation": [-0.1276280613210114, 0.35710588544125776, 0.925303444577321, 4.1482206750932463e-17]}], "source": "action wait"}
{"timestamp": 1717817720.519484, "objects": [{"color": "cv_", "id_name": "hand", "shape": "CVCylinder", "id_string": "ob383", "world_size": [0.12, 0.005, 0.12], "id": 383, "camera_size": [50, 50], "camera_position": [245, 206], "world_position": [0.8182213573963513, 0.71299606048765, -0.1741221600577072], "world_orientation": [1.0017940247867215e-05, 0.040861641209029596, 0.9991648143211136, -0.0007760826053617202, -0.9991645131529296, 0.04086163667376505, 0.9999996987976699, -0.0007758437817190804, 2.1702438578690722e-05], "world_rotation": [0.0, 1.0, 0.0, 0.0]}, {"color": "CVRed", "id_name": "object214715009610820", "shape": "CVSphere", "id_string": "ob394", "world_size": [0.11, 0.11, 0.11], "id": 394, "camera_size": [45, 49], "camera_position": [256, 252], "world_position": [0.709246581357623, 0.6555921037760073, -0.15002047086531056], "world_orientation": [0.9969975329040884, 0.07743331871098905, 2.3163840784647344e-05, -0.07743332172948779, 0.9969974504358574, 0.0004055987401493876, 8.312566310167884e-06, -0.00040617459641391406, 0.999999917476546], "world_rotation": [-0.005241685224150965, 9.589586460458843e-05, -0.9999862576755713, 0.07751197774091231]}], "source": "action wait"}
{"timestamp": 1717817720.55753, "objects": [{"color": "cv_", "id_name": "hand", "shape": "CVCylinder", "id_string": "ob383", "world_size": [0.12, 0.005, 0.12], "id": 383, "camera_size": [49, 50], "camera_position": [246, 201], "world_position": [0.8308194804715997, 0.7054054953481527, -0.17414927871595295], "world_orientation": [1.551867482491971e-05, 0.03422043167981692, 0.9994143093906639, -0.0007886330178832, -0.9994139983032658, 0.03422043327374506, 0.9999996889085186, -0.0007887021787070978, 1.1477781454148965e-05], "world_rotation": [0.0, 1.0, 0.0, 0.0]}, {"color": "CVRed", "id_name": "object214715009610820", "shape": "CVSphere", "id_string": "ob394", "world_size": [0.11, 0.11, 0.11], "id": 394, "camera_size": [46, 53], "camera_position": [255, 250], "world_position": [0.7143917308314931, 0.6586482764053361, -0.1500290279037453], "world_orientation": [0.9867147746931316, 0.16246215137412928, 5.266091465497743e-05, -0.16246215466765385, 0.9867146086868621, 0.0005738507435356714, 4.126773256557049e-05, -0.000574782412776903, 0.9999998339610625], "world_rotation": [-0.003535057110856014, 3.506389236554066e-05, -0.9999937510513486, 0.16318647573391043]}], "source": "action wait"}
{"timestamp": 1717817720.60307, "objects": [{"color": "cv_", "id_name": "hand", "shape": "CVCylinder", "id_string": "ob383", "world_size": [0.12, 0.005, 0.12], "id": 383, "camera_size": [49, 50], "camera_position": [246, 198], "world_position": [0.8397444771557907, 0.7009206027941723, -0.1741720714549719], "world_orientation": [2.1930835224518906e-05, 0.030875980094349754, 0.9995232230279854, -0.0008036661966625237, -0.9995228999384003, 0.030875987747362287, 0.9999996768197892, -0.0008039601633268032, 2.893609469346952e-06], "world_rotation": [0.0, 1.0, 0.0, 0.0]}, {"color": "CVRed", "id_name": "object214715009610820", "shape": "CVSphere", "id_string": "ob394", "world_size": [0.11, 0.11, 0.11], "id": 394, "camera_size": [47, 56], "camera_position": [256, 247], "world_position": [0.7199351920068755, 0.6602494526031047, -0.150043222219791], "world_orientation": [0.96899226881783, 0.24709102029358346, 0.00010325478355209766, -0.2470910194101115, 0.9689919179783606, 0.0008312758207117344, 0.00010534773993046081, -0.0008310131732517254, 0.9999996491594183], "world_rotation": [0.0033636989133778313, 4.235169168064719e-06, 0.9999943427398396, -0.24967847583854325]}], "source": "action wait"}
{"timestamp": 1717817720.640703, "objects": [{"color": "cv_", "id_name": "hand", "shape": "CVCylinder", "id_string": "ob383", "world_size": [0.12, 0.005, 0.12], "id": 383, "camera_size": [49, 49], "camera_position": [246, 196], "world_position": [0.8459529356751727, 0.696795159293566, -0.1741878001897394], "world_orientation": [2.2569056971770597e-05, 0.027271633683443177, 0.9996280595735965, -0.0008128158129078055, -0.9996277291159361, 0.02727164301928207, 0.9999996694104915, -0.0008131289891131358, -3.938400668739864e-07], "world_rotation": [0.0, 1.0, 0.0, 0.0]}, {"color": "CVRed", "id_name": "object214715009610820", "shape": "CVSphere", "id_string": "ob394", "world_size": [0.11, 0.11, 0.11], "id": 394, "camera_size": [47, 58], "camera_position": [256, 245], "world_position": [0.7241271530232571, 0.6608280207211485, -0.15005447143687234], "world_orientation": [0.9517407999869656, 0.30690295992806843, 0.00015108792572784795, -0.306902948078383, 0.9517402542749163, 0.001033853720402613, 0.00017349630607411585, -0.001030330096750408, 0.9999994541593128], "world_rotation": [0.0033629069331925594, 3.650706734636408e-05, 0.9999943447461054, -0.3119390557046067]}], "source": "action wait"}
{"timestamp": 1717817720.662275, "objects": [{"color": "cv_", "id_name": "hand", "shape": "CVCylinder", "id_string": "ob383", "world_size": [0.12, 0.005, 0.12], "id": 383, "camera_size": [49, 50], "camera_position": [246, 194], "world_position": [0.8503221621575414, 0.6937194669100997, -0.17419663777097202], "world_orientation": [2.132205855975302e-05, 0.024564514464264744, 0.999698246559683, -0.0008184098558875248, -0.9996979115619283, 0.024564523688174102, 0.9999996648752827, -0.000818686664110848, -1.2117766693655559e-06], "world_rotation": [0.0, 1.0, 0.0, 0.0]}, {"color": "CVRed", "id_name": "object214715009610820", "shape": "CVSphere", "id_string": "ob394", "world_size": [0.11, 0.11, 0.11], "id": 394, "camera_size": [47, 60], "camera_position": [256, 244], "world_position": [0.727252447868405, 0.6612209111300639, -0.1500616856701139], "world_orientation": [0.9369457079615441, 0.34947489084586775, 0.00020248631994404913, -0.3494748790950252, 0.9369449941223874, 0.001177654667941282, 0.00022184219268306515, -0.0011741623687693045, 0.9999992860641318], "world_rotation": [0.003364767861258922, 2.7692638288712895e-05, 0.999994338769154, -0.3570127025906506]}], "source": "action wait"}
{"timestamp": 1717817720.705556, "objects": [{"color": "cv_", "id_name": "hand", "shape": "CVCylinder", "id_string": "ob383", "world_size": [0.12, 0.005, 0.12], "id": 383, "camera_size": [49, 49], "camera_position": [246, 193], "world_position": [0.8534070123151661, 0.6915143513862113, -0.1742020581104892], "world_orientation": [1.979812052556257e-05, 0.022641263276124035, 0.9997436535458957, -0.0008218431993495178, -0.9997433157468255, 0.02264127190108856, 0.999999662090838, -0.0008220807773898379, -1.1854704112679367e-06], "world_rotation": [0.0, 1.0, 0.0, 0.0]}, {"color": "CVRed", "id_name": "object214715009610820", "shape": "CVSphere", "id_string": "ob394", "world_size": [0.11, 0.11, 0.11], "id": 394, "camera_size": [47, 60], "camera_position": [256, 243], "world_position": [0.7295489417030676, 0.6615339034160169, -0.15006688703750296], "world_orientation": [0.9250783312262144, 0.37977627428804056, 0.00025016717894938583, -0.3797762678604198, 0.9250774636418866, 0.0012933027119266497, 0.0002597416660731781, -0.0012914138720820096, 0.9999991323918628], "world_rotation": [0.003402926690306565, 1.2605357965018679e-05, 0.9999942099487604, -0.3895568128738068]}], "source": "action wait"}
{"timestamp": 1717817720.752896, "objects": [{"color": "cv_", "id_name": "hand", "shape": "CVCylinder", "id_string": "ob383", "world_size": [0.12, 0.005, 0.12], "id": 383, "camera_size": [49, 49], "camera_position": [246, 192], "world_position": [0.8555886647420317, 0.6899585705358429, -0.1742070877979434], "world_orientation": [1.9207415525259723e-05, 0.02130307378638166, 0.9997730635890965, -0.0008239511860169211, -0.9997727240655717, 0.021303082381410574, 0.9999996603677015, -0.0008241733786476323, -1.650357229465497e-06], "world_rotation": [0.0, 1.0, 0.0, 0.0]}, {"color": "CVRed", "id_name": "object214715009610820", "shape": "CVSphere", "id_string": "ob394", "world_size": [0.11, 0.11, 0.11], "id": 394, "camera_size": [47, 61], "camera_position": [256, 243], "world_position": [0.7312185390105502, 0.6617939824711702, -0.1500712014239294], "world_orientation": [0.9159218921589487, 0.4013564443803171, 0.00030334528352353034, -0.4013564576697671, 0.9159208621783025, 0.0014028946260951675, 0.0002852205253472174, -0.0014066914888785419, 0.999998969933623], "world_rotation": [-0.0035000918727118, 2.2579239856605537e-05, -0.9999938744047688, 0.41300001856280916]}], "source": "action wait"}
{"timestamp": 1717817720.792247, "objects": [{"color": "cv_", "id_name": "hand", "shape": "CVCylinder", "id_string": "ob383", "world_size": [0.12, 0.005, 0.12], "id": 383, "camera_size": [49, 49], "camera_position": [246, 192], "world_position": [0.8570087894699792, 0.6879023152309458, -0.17421294488169006], "world_orientation": [1.9128796204885162e-05, 0.01898853089207819, 0.9998197014105343, -0.0008254658468151144, -0.9998193606580614, 0.018988540213538158, 0.9999996591200544, -0.0008256802444036131, -3.450957058783014e-06], "world_rotation": [0.0, 1.0, 0.0, 0.0]}, {"color": "CVRed", "id_name": "object214715009610820", "shape": "CVSphere", "id_string": "ob394", "world_size": [0.11, 0.11, 0.11], "id": 394, "camera_size": [47, 62], "camera_position": [256, 242], "world_position": [0.7316779704078121, 0.6628243305781744, -0.150073191721481], "world_orientation": [0.89779449566917, 0.44041440364570833, 0.00044340448331321833, -0.44041455056417494, 0.8977932925513482, 0.001492481546095206, 0.00025922479906994125, -0.00153522350320862, 0.999998787944915], "world_rotation": [-0.0034373155902911573, 0.0002090968868350919, -0.9999940705524331, 0.456063191274941]}], "source": "action wait"}
{"timestamp": 1717817720.828625, "objects": [{"color": "cv_", "id_name": "hand", "shape": "CVCylinder", "id_string": "ob383", "world_size": [0.12, 0.005, 0.12], "id": 383, "camera_size": [49, 49], "camera_position": [246, 192], "world_position": [0.8575764464656496, 0.6831856227234561, -0.1741959996911115], "world_orientation": [1.2980751539848645e-05, 0.012964460678356044, 0.999915957763861, -0.0008152116642514805, -0.9999156254537551, 0.012964466952722405, 0.9999996676306662, -0.0008153114405650093, -2.410876728735155e-06], "world_rotation": [0.0, 1.0, 0.0, 0.0]}, {"color": "CVRed", "id_name": "object214715009610820", "shape": "CVSphere", "id_string": "ob394", "world_size": [0.11, 0.11, 0.11], "id": 394, "camera_size": [47, 65], "camera_position": [256, 244], "world_position": [0.7290253042807242, 0.6678475352957912, -0.15005889916455004], "world_orientation": [0.8216278845893681, 0.570023833331865, 0.0006698498686956326, -0.5700242041906272, 0.8216269527538272, 0.0012478562828604285, 0.0001609411153844098, -0.0014071041562885899, 0.9999989970774226], "world_rotation": [-0.002328807986900611, 0.0004463911220065784, -0.9999971886902114, 0.6065370384693524]}], "source": "action wait"}
{"timestamp": 1717817720.844903, "objects": [{"color": "cv_", "id_name": "hand", "shape": "CVCylinder", "id_string": "ob383", "world_size": [0.12, 0.005, 0.12], "id": 383, "camera_size": [49, 49], "camera_position": [246, 192], "world_position": [0.8578999426801122, 0.6795951911143101, -0.17416438118133082], "world_orientation": [6.659768479459755e-06, 0.008635322488829204, 0.9999627148854909, -0.0007971777191807842, -0.9999623971274599, 0.008635325054001115, 0.9999996822316153, -0.0007972055055842066, 2.2436863333603113e-07], "world_rotation": [0.0, 1.0, 0.0, 0.0]}, {"color": "CVRed", "id_name": "object214715009610820", "shape": "CVSphere", "id_string": "ob394", "world_size": [0.11, 0.11, 0.11], "id": 394, "camera_size": [47, 66], "camera_position": [256, 244], "world_position": [0.7266637213613699, 0.6719993536675359, -0.15002442901902163], "world_orientation": [0.743353757934341, 0.6688972271682082, 0.0013000198366725567, -0.6688983289465532, 0.74335352517784, 0.0007497587527255689, -0.00046486277764843753, -0.0014269170827303603, 0.9999988739044845], "world_rotation": [-0.0016270580733929525, 0.0013192439863790523, -0.9999978061362585, 0.7327270027538177]}], "source": "action wait"}
{"timestamp": 1717817720.881647, "objects": [{"color": "cv_", "id_name": "hand", "shape": "CVCylinder", "id_string": "ob383", "world_size": [0.12, 0.005, 0.12], "id": 383, "camera_size": [49, 49], "camera_position": [246, 192], "world_position": [0.8581474614304018, 0.6772610021171379, -0.17416040481501657], "world_orientation": [6.844661764913994e-06, 0.005640405256777824, 0.999984092764325, -0.0007939893706561074, -0.9999837775525, 0.005640408913502601, 0.9999996847669653, -0.0007940153471716603, -2.366128907327915e-06], "world_rotation": [0.0, 1.0, 0.0, 0.0]}, {"color": "CVRed", "id_name": "object214715009610820", "shape": "CVSphere", "id_string": "ob394", "world_size": [0.11, 0.11, 0.11], "id": 394, "camera_size": [47, 67], "camera_position": [256, 245], "world_position": [0.725850668419855, 0.672370593235037, -0.1500200603330135], "world_orientation": [0.7186018908584175, 0.6954195522814139, 0.0017230088290282179, -0.6954212679837835, 0.7186019716055048, 0.0006829645000794465, -0.0007632106747640209, -0.0016889965657763215, 0.9999982823985583], "world_rotation": [-0.0017054099881897986, 0.0017875603590777457, -0.9999969480977102, 0.769007726767833]}], "source": "action wait"}
{"timestamp": 1717817720.898204, "objects": [{"color": "cv_", "id_name": "hand", "shape": "CVCylinder", "id_string": "ob383", "world_size": [0.12, 0.005, 0.12], "id": 383, "camera_size": [49, 49], "camera_position": [246, 192], "world_position": [0.8583759962264264, 0.6757306838026034, -0.1741656453727033], "world_orientation": [5.926533328557211e-06, 0.0035572420550858182, 0.9999936729769032, -0.0007963237447065515, -0.9999933559138796, 0.0035572456466781747, 0.9999996829166348, -0.0007963397884830822, -3.0937776376995853e-06], "world_rotation": [0.0, 1.0, 0.0, 0.0]}, {"color": "CVRed", "id_name": "object214715009610820", "shape": "CVSphere", "id_string": "ob394", "world_size": [0.11, 0.11, 0.11], "id": 394, "camera_size": [47, 67], "camera_position": [256, 245], "world_position": [0.7260287232264631, 0.6717142635527847, -0.15002399893754956], "world_orientation": [0.7169074980345191, 0.6971660947596674, 0.0017537330014382674, -0.6971679248446887, 0.7169074549524824, 0.00076524591140293, -0.0007237607591437032, -0.0017712569290693843, 0.9999981694079519], "world_rotation": [-0.0018191441962901243, 0.0017768237133408721, -0.9999967668007155, 0.7714413335172915]}], "source": "action wait"}
{"timestamp": 1717817720.951328, "objects": [{"color": "cv_", "id_name": "hand", "shape": "CVCylinder", "id_string": "ob383", "world_size": [0.12, 0.005, 0.12], "id": 383, "camera_size": [49, 49], "camera_position": [246, 192], "world_position": [0.8585390866903834, 0.674658725465152, -0.17416865796754205], "world_orientation": [4.8159840878453614e-06, 0.0020897616776456586, 0.9999978164340845, -0.0007982961245604189, -0.9999974977999408, 0.002089764856365014, 0.9999996813500012, -0.0007983044457028683, -3.1477233883832944e-06], "world_rotation": [0.0, 1.0, 0.0, 0.0]}, {"color": "CVRed", "id_name": "object214715009610820", "shape": "CVSphere", "id_string": "ob394", "world_size": [0.11, 0.11, 0.11], "id": 394, "camera_size": [47, 67], "camera_position": [256, 245], "world_position": [0.7261537729066907, 0.6712409857435113, -0.15002614944152198], "world_orientation": [0.7147603579808779, 0.6993671211367881, 0.0018056942953740543, -0.6993691268415401, 0.714760133550073, 0.0008808566193301784, -0.0006745961377169329, -0.0018924482352607667, 0.9999979817778275], "world_rotation": [-0.0019827147879502944, 0.0017732304156754847, -0.9999964622417233, 0.7745165380411859]}], "source": "action wait"}
{"timestamp": 1717817720.989284, "objects": [{"color": "cv_", "id_name": "hand", "shape": "CVCylinder", "id_string": "ob383", "world_size": [0.12, 0.005, 0.12], "id": 383, "camera_size": [49, 49], "camera_position": [246, 192], "world_position": [0.8587517282164809, 0.6733904382471052, -0.17417385944256403], "world_orientation": [2.859056592242816e-06, 0.00032967690583671775, 0.9999999456524804, -0.0008014018576492949, -0.9999996245333092, 0.000329679091224835, 0.9999996788733926, -0.0008014027566666349, -2.5948518336226675e-06], "world_rotation": [0.0, 1.0, 0.0, 0.0]}, {"color": "CVRed", "id_name": "object214715009610820", "shape": "CVSphere", "id_string": "ob394", "world_size": [0.11, 0.11, 0.11], "id": 394, "camera_size": [47, 66], "camera_position": [256, 244], "world_position": [0.7263048234753854, 0.6705957075057488, -0.15002891292064974], "world_orientation": [0.7140852231491378, 0.7000563779907165, 0.0018334979043291067, -0.7000584701877547, 0.7140849191018601, 0.0009309294659566732, -0.0006575700925838195, -0.0019483187134308674, 0.9999978858256474], "world_rotation": [-0.0020564295407419658, 0.001779181750820221, -0.999996302798086, 0.7754815341740129]}], "source": "action wait"}
{"timestamp": 1717817721.821737, "objects": [{"color": "cv_", "id_name": "hand", "shape": "CVCylinder", "id_string": "ob383", "world_size": [0.12, 0.005, 0.12], "id": 383, "camera_size": [49, 49], "camera_position": [246, 192], "world_position": [0.858940705016113, 0.6721490384068765, -0.1741682986951841], "world_orientation": [1.5590807478054502e-06, -0.00140419205465133, 0.9999990141206355, -0.0008055109220503499, -0.9999986896999589, -0.0014041903432438, 0.9999996755748094, -0.0008055079386679985, -2.690170741274584e-06], "world_rotation": [0.0, 1.0, 0.0, 0.0]}, {"color": "CVRed", "id_name": "object214715009610820", "shape": "CVSphere", "id_string": "ob394", "world_size": [0.11, 0.11, 0.11], "id": 394, "camera_size": [47, 66], "camera_position": [256, 244], "world_position": [0.7262952656239126, 0.6699315818700479, -0.15000742228413205], "world_orientation": [0.7109730217767508, 0.7032155875398944, 0.002280295278485703, -0.703219117128159, 0.7109713527752675, 0.0016151898956083689, -0.000485397907443296, -0.002751903673352182, 0.9999960956999003], "world_rotation": [-0.003105059949364454, 0.0019664435873084194, -0.999993245828355, 0.7799193785249487]}], "source": "action wait"}
{"timestamp": 1717817721.83693, "objects": [{"color": "cv_", "id_name": "hand", "shape": "CVCylinder", "id_string": "ob383", "world_size": [0.12, 0.005, 0.12], "id": 383, "camera_size": [49, 49], "camera_position": [246, 203], "world_position": [0.8306679500734343, 0.6728003081982802, -0.17410838748385768], "world_orientation": [-5.383612122049998e-05, -0.002288784711154795, 0.9999973792796749, -0.0008061266630190969, -0.9999970557102037, -0.0022888273694181634, 0.9999996736306845, -0.0008062477719746374, 5.1990912330159514e-05], "world_rotation": [0.0, 1.0, 0.0, 0.0]}, {"color": "CVRed", "id_name": "object214715009610820", "shape": "CVSphere", "id_string": "ob394", "world_size": [0.11, 0.11, 0.11], "id": 394, "camera_size": [47, 66], "camera_position": [256, 256], "world_position": [0.6994950673596642, 0.669229070011457, -0.1499891416994082], "world_orientation": [0.7310415405560771, 0.6823308633713867, 0.0016908199950137592, -0.6823329131344399, 0.7310401493005954, 0.0014476753891688643, -0.0002482637034221908, -0.002212012979506822, 0.9999975226787876], "world_rotation": [-0.0026817385919109143, 0.0014209175927519678, -0.9999953946250548, 0.750952016177272]}], "source": "action wait"}
{"timestamp": 1717817721.873591, "objects": [{"color": "cv_", "id_name": "hand", "shape": "CVCylinder", "id_string": "ob383", "world_size": [0.12, 0.005, 0.12], "id": 383, "camera_size": [49, 48], "camera_position": [246, 217], "world_position": [0.795034067756919, 0.6754360393149097, -0.17411340124877497], "world_orientation": [-3.663367615107559e-05, -0.0020619969736622224, 0.999997873410966, -0.000793956096757781, -0.9999975588394816, -0.002062025410607413, 0.9999996841457953, -0.0007940299479109246, 3.499645165403345e-05], "world_rotation": [0.0, 1.0, 0.0, 0.0]}, {"color": "CVRed", "id_name": "object214715009610820", "shape": "CVSphere", "id_string": "ob394", "world_size": [0.11, 0.11, 0.11], "id": 394, "camera_size": [47, 66], "camera_position": [256, 271], "world_position": [0.6633269812746014, 0.6712666052254604, -0.14999187023035118], "world_orientation": [0.7266536360814261, 0.6869964224253777, -0.0032262585721319344, -0.6869962520695081, 0.7266597307593826, 0.0013361643425795395, 0.0032623323085100423, 0.0012454988693239913, 0.9999939029416507], "world_rotation": [6.598613207696028e-05, 0.004722382175589662, 0.9999888473140178, -0.7573579628161525]}], "source": "action wait"}
{"timestamp": 1717817721.89941, "objects": [{"color": "cv_", "id_name": "hand", "shape": "CVCylinder", "id_string": "ob383", "world_size": [0.12, 0.005, 0.12], "id": 383, "camera_size": [49, 49], "camera_position": [246, 228], "world_position": [0.7696143014506069, 0.6759451925762923, -0.17412563147361265], "world_orientation": [-2.0721355280383062e-05, -0.0018457756019666937, 0.9999982963400752, -0.0007932670419437477, -0.9999979818886084, -0.0018457914591547427, 0.9999996851489633, -0.0007933039377874281, 1.9257120510893906e-05], "world_rotation": [0.0, 1.0, 0.0, 0.0]}, {"color": "CVRed", "id_name": "object214715009610820", "shape": "CVSphere", "id_string": "ob394", "world_size": [0.11, 0.11, 0.11], "id": 394, "camera_size": [47, 66], "camera_position": [256, 282], "world_position": [0.6377420354672484, 0.6717451771976584, -0.14999881355588426], "world_orientation": [0.7262882001071049, 0.6873224469759308, -0.009659413450138639, -0.687345024466228, 0.7263299501014973, 0.001273156344286768, 0.007890990223187042, 0.005714671344467978, 0.9999525362759587], "world_rotation": [-0.0032306939557342853, 0.012765910520576148, 0.9999132933135478, -0.7578938946465651]}], "source": "action wait"}
{"timestamp": 1717817721.934325, "objects": [{"color": "cv_", "id_name": "hand", "shape": "CVCylinder", "id_string": "ob383", "world_size": [0.12, 0.005, 0.12], "id": 383, "camera_size": [49, 49], "camera_position": [246, 235], "world_position": [0.7516745838627489, 0.675605624588733, -0.1741239203579303], "world_orientation": [-1.7775847013113512e-05, -0.001693012088781702, 0.9999985666960161, -0.0007954520034319502, -0.9999982504585258, -0.0016930256932400868, 0.9999996834700147, -0.0007954809582735112, 1.64291060560259e-05], "world_rotation": [0.0, 1.0, 0.0, 0.0]}, {"color": "CVRed", "id_name": "object214715009610820", "shape": "CVSphere", "id_string": "ob394", "world_size": [0.11, 0.11, 0.11], "id": 394, "camera_size": [47, 67], "camera_position": [256, 290], "world_position": [0.6199293150407508, 0.6714538677773444, -0.1499997981973193], "world_orientation": [0.7278825022357428, 0.6856034085543874, -0.01162020299477677, -0.6856388101412013, 0.7279408751185177, 0.0012265234790403469, 0.009299729414974665, 0.00707449717596319, 0.999931730930925], "world_rotation": [-0.004264191994835703, 0.01525427659859446, 0.9998745539876913, -0.7555747487046205]}], "source": "action wait"}
