{"timestamp": 1706031244.944382, "objects": [{"color": "cv_", "id_name": "hand", "shape": "CVCylinder", "id_string": "ob382", "world_size": [0.12, 0.005, 0.12], "id": 382, "camera_size": [48, 50], "camera_position": [246, 426], "world_position": [0.26764451554002616, 0.6334703013847397, -0.17389260400847836], "world_orientation": [-0.0006415511345779061, 0.19791547486656447, 0.9802188802611814, -0.0007473675217627809, -0.9802189031249371, 0.19791499033254895, 0.999999514926847, -0.0006056111687283528, 0.000776776147404472], "world_rotation": [0.0, 1.0, 0.0, 0.0]}, {"color": "CVRed", "id_name": "object184042639219281", "shape": "CVBox", "id_string": "ob1121", "world_size": [0.09, 0.09, 0.09], "id": 1121, "camera_size": [37, 37], "camera_position": [256, 254], "world_position": [0.705, 0.644856964849591, -0.15], "world_orientation": [1.0, -3.248937977869676e-17, -1.2807790779525605e-17, 3.248937977869676e-17, 1.0, -6.497875955739369e-17, 1.2807790779525605e-17, 6.497875955739369e-17, 1.0], "world_rotation": [-0.8808431718627018, 0.17362065899128884, -0.4404215859313497, -7.376881791566185e-17]}], "source": "manual check"}
{"timestamp": 1706031245.962097, "objects": [{"color": "cv_", "id_name": "hand", "shape": "CVCylinder", "id_string": "ob382", "world_size": [0.12, 0.005, 0.12], "id": 382, "camera_size": [48, 50], "camera_position": [246, 426], "world_position": [0.26764451554002616, 0.6334703013847397, -0.17389260400847836], "world_orientation": [-0.0006415511345779061, 0.19791547486656447, 0.9802188802611814, -0.0007473675217627809, -0.9802189031249371, 0.19791499033254895, 0.999999514926847, -0.0006056111687283528, 0.000776776147404472], "world_rotation": [0.0, 1.0, 0.0, 0.0]}, {"color": "CVRed", "id_name": "object184042639219281", "shape": "CVBox", "id_string": "ob1121", "world_size": [0.09, 0.09, 0.09], "id": 1121, "camera_size": [37, 37], "camera_position": [256, 254], "world_position": [0.705, 0.6448569696296074, -0.15], "world_orientation": [1.0, -4.331917303826236e-17, -1.1712398707441946e-17, 4.331917303826236e-17, 1.0, -5.775889738434995e-17, 1.1712398707441946e-17, 5.775889738434995e-17, 1.0], "world_rotation": [-0.7896765794068324, 0.16013129347666225, -0.5922574345551229, -7.314247236221149e-17]}], "source": "manual check"}
{"timestamp": 1706031247.759007, "objects": [{"color": "cv_", "id_name": "hand", "shape": "CVCylinder", "id_string": "ob382", "world_size": [0.12, 0.005, 0.12], "id": 382, "camera_size": [48, 50], "camera_position": [246, 426], "world_position": [0.26764451554002616, 0.6334703013847397, -0.17389260400847836], "world_orientation": [-0.0006415511345779061, 0.19791547486656447, 0.9802188802611814, -0.0007473675217627809, -0.9802189031249371, 0.19791499033254895, 0.999999514926847, -0.0006056111687283528, 0.000776776147404472], "world_rotation": [0.0, 1.0, 0.0, 0.0]}, {"color": "CVRed", "id_name": "object184042639219281", "shape": "CVBox", "id_string": "ob1121", "world_size": [0.09, 0.09, 0.09], "id": 1121, "camera_size": [37, 37], "camera_position": [256, 254], "world_position": [0.705, 0.6448569696296074, -0.15], "world_orientation": [1.0, -4.331917303826236e-17, -1.1712398707441946e-17, 4.331917303826236e-17, 1.0, -5.775889738434995e-17, 1.1712398707441946e-17, 5.775889738434995e-17, 1.0], "world_rotation": [-0.7896765794068324, 0.16013129347666225, -0.5922574345551229, -7.314247236221149e-17]}], "source": "action wait"}
{"timestamp": 1706031247.786917, "objects": [{"color": "cv_", "id_name": "hand", "shape": "CVCylinder", "id_string": "ob382", "world_size": [0.12, 0.005, 0.12], "id": 382, "camera_size": [49, 51], "camera_position": [246, 421], "world_position": [0.29200310542676344, 0.6685519134623623, -0.17395565916328598], "world_orientation": [-0.0003763404261227281, 0.20639097921975952, 0.9784695304732756, -0.0007131006544297576, -0.9784694063714059, 0.20639067876879913, 0.9999996749276174, -0.0006200741065247498, 0.0005154151356923081], "world_rotation": [0.0, 1.0, 0.0, 0.0]}, {"color": "CVRed", "id_name": "object184042639219281", "shape": "CVBox", "id_string": "ob1121", "world_size": [0.09, 0.09, 0.09], "id": 1121, "camera_size": [37, 37], "camera_position": [256, 254], "world_position": [0.705, 0.6448569696296074, -0.15], "world_orientation": [1.0, -4.331917303826236e-17, -1.1712398707441946e-17, 4.331917303826236e-17, 1.0, -5.775889738434995e-17, 1.1712398707441946e-17, 5.775889738434995e-17, 1.0], "world_rotation": [-0.7896765794068324, 0.16013129347666225, -0.5922574345551229, -7.314247236221149e-17]}], "source": "action wait"}
{"timestamp": 1706031247.822247, "objects": [{"color": "cv_", "id_name": "hand", "shape": "CVCylinder", "id_string": "ob382", "world_size": [0.12, 0.005, 0.12], "id": 382, "camera_size": [51, 52], "camera_position": [246, 405], "world_position": [0.33866767986771096, 0.7074671501576602, -0.17398340437761173], "world_orientation": [-0.0002117427396522322, 0.2011234099699111, 0.9795658880989514, -0.0007284996781249506, -0.97956568114893, 0.20112321000683162, 0.9999997122265742, -0.0006710270546880547, 0.00035393426042268215], "world_rotation": [0.0, 1.0, 0.0, 0.0]}, {"color": "CVRed", "id_name": "object184042639219281", "shape": "CVBox", "id_string": "ob1121", "world_size": [0.09, 0.09, 0.09], "id": 1121, "camera_size": [37, 37], "camera_position": [256, 254], "world_position": [0.705, 0.6448569696296074, -0.15], "world_orientation": [1.0, -4.331917303826236e-17, -1.1712398707441946e-17, 4.331917303826236e-17, 1.0, -5.775889738434995e-17, 1.1712398707441946e-17, 5.775889738434995e-17, 1.0], "world_rotation": [-0.7896765794068324, 0.16013129347666225, -0.5922574345551229, -7.314247236221149e-17]}], "source": "action wait"}
{"timestamp": 1706031247.85805, "objects": [{"color": "cv_", "id_name": "hand", "shape": "CVCylinder", "id_string": "ob382", "world_size": [0.12, 0.005, 0.12], "id": 382, "camera_size": [51, 53], "camera_position": [246, 388], "world_position": [0.38968432271134823, 0.7413024326287092, -0.17400398970985131], "world_orientation": [-0.00010460177456552582, 0.19733922136088375, 0.980335259373623, -0.0007393164544321578, -0.980335012077615, 0.19733909269570193, 0.9999997212347856, -0.0007041359688281019, 0.000248440915389395], "world_rotation": [0.0, 1.0, 0.0, 0.0]}, {"color": "CVRed", "id_name": "object184042639219281", "shape": "CVBox", "id_string": "ob1121", "world_size": [0.09, 0.09, 0.09], "id": 1121, "camera_size": [37, 37], "camera_position": [256, 254], "world_position": [0.705, 0.6448569696296074, -0.15], "world_orientation": [1.0, -4.331917303826236e-17, -1.1712398707441946e-17, 4.331917303826236e-17, 1.0, -5.775889738434995e-17, 1.1712398707441946e-17, 5.775889738434995e-17, 1.0], "world_rotation": [-0.7896765794068324, 0.16013129347666225, -0.5922574345551229, -7.314247236221149e-17]}], "source": "action wait"}
{"timestamp": 1706031247.898218, "objects": [{"color": "cv_", "id_name": "hand", "shape": "CVCylinder", "id_string": "ob382", "world_size": [0.12, 0.005, 0.12], "id": 382, "camera_size": [52, 53], "camera_position": [245, 367], "world_position": [0.4441270380602392, 0.7697127134521746, -0.1740226088006865], "world_orientation": [-2.9178677703305523e-05, 0.19466753450953767, 0.9808692829101047, -0.0007464583523862601, -0.9808690142973913, 0.19466745899402993, 0.9999997209742276, -0.0007264979297823472, 0.0001739316679108556], "world_rotation": [0.0, 1.0, 0.0, 0.0]}, {"color": "CVRed", "id_name": "object184042639219281", "shape": "CVBox", "id_string": "ob1121", "world_size": [0.09, 0.09, 0.09], "id": 1121, "camera_size": [37, 37], "camera_position": [256, 254], "world_position": [0.705, 0.6448569696296074, -0.15], "world_orientation": [1.0, -4.331917303826236e-17, -1.1712398707441946e-17, 4.331917303826236e-17, 1.0, -5.775889738434995e-17, 1.1712398707441946e-17, 5.775889738434995e-17, 1.0], "world_rotation": [-0.7896765794068324, 0.16013129347666225, -0.5922574345551229, -7.314247236221149e-17]}], "source": "action wait"}
{"timestamp": 1706031247.929713, "objects": [{"color": "cv_", "id_name": "hand", "shape": "CVCylinder", "id_string": "ob382", "world_size": [0.12, 0.005, 0.12], "id": 382, "camera_size": [53, 54], "camera_position": [245, 343], "world_position": [0.5013414098151664, 0.7924389403196122, -0.17403885993192145], "world_orientation": [2.3819944829900705e-05, 0.1927802319733621, 0.9812419587405071, -0.000751254137141014, -0.9812416786710397, 0.1927801951862841, 0.999999717524876, -0.0007417540946540629, 0.00012145382417867694], "world_rotation": [0.0, 1.0, 0.0, 0.0]}, {"color": "CVRed", "id_name": "object184042639219281", "shape": "CVBox", "id_string": "ob1121", "world_size": [0.09, 0.09, 0.09], "id": 1121, "camera_size": [37, 37], "camera_position": [256, 254], "world_position": [0.705, 0.6448569696296074, -0.15], "world_orientation": [1.0, -4.331917303826236e-17, -1.1712398707441946e-17, 4.331917303826236e-17, 1.0, -5.775889738434995e-17, 1.1712398707441946e-17, 5.775889738434995e-17, 1.0], "world_rotation": [-0.7896765794068324, 0.16013129347666225, -0.5922574345551229, -7.314247236221149e-17]}], "source": "action wait"}
{"timestamp": 1706031247.95768, "objects": [{"color": "cv_", "id_name": "hand", "shape": "CVCylinder", "id_string": "ob382", "world_size": [0.12, 0.005, 0.12], "id": 382, "camera_size": [54, 54], "camera_position": [245, 318], "world_position": [0.560681088899145, 0.8092658845681757, -0.17405258819178626], "world_orientation": [6.094682326276084e-05, 0.19144543240519424, 0.9815032565899479, -0.0007545295211880534, -0.981502970216803, 0.19144542339997425, 0.9999997134853021, -0.0007522411726240413, 8.463174238908e-05], "world_rotation": [0.0, 1.0, 0.0, 0.0]}, {"color": "CVRed", "id_name": "object184042639219281", "shape": "CVBox", "id_string": "ob1121", "world_size": [0.09, 0.09, 0.09], "id": 1121, "camera_size": [37, 37], "camera_position": [256, 254], "world_position": [0.705, 0.6448569696296074, -0.15], "world_orientation": [1.0, -4.331917303826236e-17, -1.1712398707441946e-17, 4.331917303826236e-17, 1.0, -5.775889738434995e-17, 1.1712398707441946e-17, 5.775889738434995e-17, 1.0], "world_rotation": [-0.7896765794068324, 0.16013129347666225, -0.5922574345551229, -7.314247236221149e-17]}], "source": "action wait"}
{"timestamp": 1706031247.987495, "objects": [{"color": "cv_", "id_name": "hand", "shape": "CVCylinder", "id_string": "ob382", "world_size": [0.12, 0.005, 0.12], "id": 382, "camera_size": [54, 54], "camera_position": [245, 291], "world_position": [0.6217187671299518, 0.8138200514681035, -0.1740630461757588], "world_orientation": [8.108541625522233e-05, 0.18165889066487576, 0.9833616022946807, -0.0007644382654727273, -0.9833613069457969, 0.1816588991378979, 0.9999997045296032, -0.0007664491250439805, 5.91307463850024e-05], "world_rotation": [0.0, 1.0, 0.0, 0.0]}, {"color": "CVRed", "id_name": "object184042639219281", "shape": "CVBox", "id_string": "ob1121", "world_size": [0.09, 0.09, 0.09], "id": 1121, "camera_size": [37, 37], "camera_position": [256, 254], "world_position": [0.705, 0.6448569696296074, -0.15], "world_orientation": [1.0, -4.331917303826236e-17, -1.1712398707441946e-17, 4.331917303826236e-17, 1.0, -5.775889738434995e-17, 1.1712398707441946e-17, 5.775889738434995e-17, 1.0], "world_rotation": [-0.7896765794068324, 0.16013129347666225, -0.5922574345551229, -7.314247236221149e-17]}], "source": "action wait"}
{"timestamp": 1706031248.02203, "objects": [{"color": "cv_", "id_name": "hand", "shape": "CVCylinder", "id_string": "ob382", "world_size": [0.12, 0.005, 0.12], "id": 382, "camera_size": [53, 53], "camera_position": [245, 263], "world_position": [0.6838619159891471, 0.7934343541328254, -0.17407079313874457], "world_orientation": [7.17223007253341e-05, 0.14556481240256103, 0.9893487151889968, -0.0007771389600252171, -0.9893484108639916, 0.14556482396489692, 0.999999695455428, -0.0007793016757039991, 4.2165742681087006e-05], "world_rotation": [0.0, 1.0, 0.0, 0.0]}, {"color": "CVRed", "id_name": "object184042639219281", "shape": "CVBox", "id_string": "ob1121", "world_size": [0.09, 0.09, 0.09], "id": 1121, "camera_size": [37, 37], "camera_position": [256, 254], "world_position": [0.705, 0.6448569696296074, -0.15], "world_orientation": [1.0, -4.331917303826236e-17, -1.1712398707441946e-17, 4.331917303826236e-17, 1.0, -5.775889738434995e-17, 1.1712398707441946e-17, 5.775889738434995e-17, 1.0], "world_rotation": [-0.7896765794068324, 0.16013129347666225, -0.5922574345551229, -7.314247236221149e-17]}], "source": "action wait"}
{"timestamp": 1706031248.057929, "objects": [{"color": "cv_", "id_name": "hand", "shape": "CVCylinder", "id_string": "ob382", "world_size": [0.12, 0.005, 0.12], "id": 382, "camera_size": [52, 52], "camera_position": [245, 239], "world_position": [0.73800699969059, 0.761882545464324, -0.1740724976688648], "world_orientation": [3.883942168513448e-05, 0.10234110937481328, 0.9947493633189378, -0.0007766787058415641, -0.9947490609507497, 0.10234110859175806, 0.999999697630798, -0.0007765755176119296, 4.0850682134861736e-05], "world_rotation": [0.0, 1.0, 0.0, 0.0]}, {"color": "CVRed", "id_name": "object184042639219281", "shape": "CVBox", "id_string": "ob1121", "world_size": [0.09, 0.09, 0.09], "id": 1121, "camera_size": [37, 37], "camera_position": [256, 254], "world_position": [0.705, 0.6448569696296074, -0.15], "world_orientation": [1.0, -4.331917303826236e-17, -1.1712398707441946e-17, 4.331917303826236e-17, 1.0, -5.775889738434995e-17, 1.1712398707441946e-17, 5.775889738434995e-17, 1.0], "world_rotation": [-0.7896765794068324, 0.16013129347666225, -0.5922574345551229, -7.314247236221149e-17]}], "source": "action wait"}
{"timestamp": 1706031248.0936, "objects": [{"color": "cv_", "id_name": "hand", "shape": "CVCylinder", "id_string": "ob382", "world_size": [0.12, 0.005, 0.12], "id": 382, "camera_size": [51, 51], "camera_position": [246, 224], "world_position": [0.7751602208608908, 0.7361040593113111, -0.1740739486588229], "world_orientation": [1.3753321143482675e-05, 0.07167967797407444, 0.9974277034333762, -0.0007699073286582766, -0.997427407152392, 0.0716796672980701, 0.9999997035267318, -0.0007689127321642969, 4.1468769940616454e-05], "world_rotation": [0.0, 1.0, 0.0, 0.0]}, {"color": "CVRed", "id_name": "object184042639219281", "shape": "CVBox", "id_string": "ob1121", "world_size": [0.09, 0.09, 0.09], "id": 1121, "camera_size": [37, 37], "camera_position": [256, 254], "world_position": [0.705, 0.6448569696296074, -0.15], "world_orientation": [1.0, -4.331917303826236e-17, -1.1712398707441946e-17, 4.331917303826236e-17, 1.0, -5.775889738434995e-17, 1.1712398707441946e-17, 5.775889738434995e-17, 1.0], "world_rotation": [-0.7896765794068324, 0.16013129347666225, -0.5922574345551229, -7.314247236221149e-17]}], "source": "action wait"}
{"timestamp": 1706031248.125719, "objects": [{"color": "cv_", "id_name": "hand", "shape": "CVCylinder", "id_string": "ob382", "world_size": [0.12, 0.005, 0.12], "id": 382, "camera_size": [51, 51], "camera_position": [246, 214], "world_position": [0.8006249923666129, 0.7162953991255173, -0.17407749785743426], "world_orientation": [1.5332247666942775e-07, 0.05002752704546732, 0.9987478393156561, -0.0007648829068066034, -0.9987475471531134, 0.05002751252839422, 0.9999997074770149, -0.0007639328208450402, 3.8112069859767924e-05], "world_rotation": [0.0, 1.0, 0.0, 0.0]}, {"color": "CVRed", "id_name": "object184042639219281", "shape": "CVBox", "id_string": "ob1121", "world_size": [0.09, 0.09, 0.09], "id": 1121, "camera_size": [37, 37], "camera_position": [256, 254], "world_position": [0.705, 0.6448569696296074, -0.15], "world_orientation": [1.0, -4.331917303826236e-17, -1.1712398707441946e-17, 4.331917303826236e-17, 1.0, -5.775889738434995e-17, 1.1712398707441946e-17, 5.775889738434995e-17, 1.0], "world_rotation": [-0.7896765794068324, 0.16013129347666225, -0.5922574345551229, -7.314247236221149e-17]}], "source": "action wait"}
{"timestamp": 1706031248.152875, "objects": [{"color": "cv_", "id_name": "hand", "shape": "CVCylinder", "id_string": "ob382", "world_size": [0.12, 0.005, 0.12], "id": 382, "camera_size": [49, 50], "camera_position": [246, 207], "world_position": [0.8181685766556244, 0.701563368437956, -0.17408170359993091], "world_orientation": [-6.705682877064927e-06, 0.034753780134760395, 0.9993959048952415, -0.0007618276429534421, -0.9993956150798352, 0.034753764944829124, 0.9999997097867961, -0.0007611343788775065, 3.317802046761795e-05], "world_rotation": [0.0, 1.0, 0.0, 0.0]}, {"color": "CVRed", "id_name": "object184042639219281", "shape": "CVBox", "id_string": "ob1121", "world_size": [0.09, 0.09, 0.09], "id": 1121, "camera_size": [37, 37], "camera_position": [256, 254], "world_position": [0.705, 0.6448569696296074, -0.15], "world_orientation": [1.0, -4.331917303826236e-17, -1.1712398707441946e-17, 4.331917303826236e-17, 1.0, -5.775889738434995e-17, 1.1712398707441946e-17, 5.775889738434995e-17, 1.0], "world_rotation": [-0.7896765794068324, 0.16013129347666225, -0.5922574345551229, -7.314247236221149e-17]}], "source": "action wait"}
{"timestamp": 1706031248.185262, "objects": [{"color": "cv_", "id_name": "hand", "shape": "CVCylinder", "id_string": "ob382", "world_size": [0.12, 0.005, 0.12], "id": 382, "camera_size": [49, 50], "camera_position": [246, 202], "world_position": [0.8303170166996053, 0.6908224273098115, -0.17408581439151302], "world_orientation": [-9.733439398679632e-06, 0.023985017030200197, 0.9997123180512087, -0.0007602977832838708, -0.999712029332808, 0.023985002700850088, 0.9999997109262287, -0.0007598456027660046, 2.7966391734101916e-05], "world_rotation": [0.0, 1.0, 0.0, 0.0]}, {"color": "CVRed", "id_name": "object184042639219281", "shape": "CVBox", "id_string": "ob1121", "world_size": [0.09, 0.09, 0.09], "id": 1121, "camera_size": [37, 37], "camera_position": [256, 254], "world_position": [0.705, 0.6448569696296074, -0.15], "world_orientation": [1.0, -4.331917303826236e-17, -1.1712398707441946e-17, 4.331917303826236e-17, 1.0, -5.775889738434995e-17, 1.1712398707441946e-17, 5.775889738434995e-17, 1.0], "world_rotation": [-0.7896765794068324, 0.16013129347666225, -0.5922574345551229, -7.314247236221149e-17]}], "source": "action wait"}
{"timestamp": 1706031248.218775, "objects": [{"color": "cv_", "id_name": "hand", "shape": "CVCylinder", "id_string": "ob382", "world_size": [0.12, 0.005, 0.12], "id": 382, "camera_size": [49, 49], "camera_position": [246, 199], "world_position": [0.838766666554761, 0.6830892186564644, -0.174089485619824], "world_orientation": [-1.0652811970514673e-05, 0.016394327224532913, 0.9998656039295345, -0.000759769440776314, -0.9998653155329054, 0.016394314401060157, 0.9999997113184157, -0.0007594926852006724, 2.3107286029868818e-05], "world_rotation": [0.0, 1.0, 0.0, 0.0]}, {"color": "CVRed", "id_name": "object184042639219281", "shape": "CVBox", "id_string": "ob1121", "world_size": [0.09, 0.09, 0.09], "id": 1121, "camera_size": [37, 37], "camera_position": [256, 254], "world_position": [0.705, 0.6448569696296074, -0.15], "world_orientation": [1.0, -4.331917303826236e-17, -1.1712398707441946e-17, 4.331917303826236e-17, 1.0, -5.775889738434995e-17, 1.1712398707441946e-17, 5.775889738434995e-17, 1.0], "world_rotation": [-0.7896765794068324, 0.16013129347666225, -0.5922574345551229, -7.314247236221149e-17]}], "source": "action wait"}
{"timestamp": 1706031248.2471, "objects": [{"color": "cv_", "id_name": "hand", "shape": "CVCylinder", "id_string": "ob382", "world_size": [0.12, 0.005, 0.12], "id": 382, "camera_size": [49, 49], "camera_position": [246, 197], "world_position": [0.8446645329977804, 0.6775667377760228, -0.17409259815686134], "world_orientation": [-1.0502777511011043e-05, 0.011044347702107741, 0.9999390092768292, -0.0007598221169099586, -0.9999387207728562, 0.01104433653484618, 0.9999997112799796, -0.000759659778600551, 1.889387356019577e-05], "world_rotation": [0.0, 1.0, 0.0, 0.0]}, {"color": "CVRed", "id_name": "object184042639219281", "shape": "CVBox", "id_string": "ob1121", "world_size": [0.09, 0.09, 0.09], "id": 1121, "camera_size": [37, 37], "camera_position": [256, 254], "world_position": [0.705, 0.6448569696296074, -0.15], "world_orientation": [1.0, -4.331917303826236e-17, -1.1712398707441946e-17, 4.331917303826236e-17, 1.0, -5.775889738434995e-17, 1.1712398707441946e-17, 5.775889738434995e-17, 1.0], "world_rotation": [-0.7896765794068324, 0.16013129347666225, -0.5922574345551229, -7.314247236221149e-17]}], "source": "action wait"}
{"timestamp": 1706031248.280556, "objects": [{"color": "cv_", "id_name": "hand", "shape": "CVCylinder", "id_string": "ob382", "world_size": [0.12, 0.005, 0.12], "id": 382, "camera_size": [49, 49], "camera_position": [246, 196], "world_position": [0.8487924998286609, 0.6736440775281521, -0.1740951503715552], "world_orientation": [-9.844357830997735e-06, 0.007273762549216775, 0.9999735457908205, -0.0007601658956321633, -0.9999732569752141, 0.007273752964842397, 0.9999997110254081, -0.0007600741806179492, 1.5373360786300104e-05], "world_rotation": [0.0, 1.0, 0.0, 0.0]}, {"color": "CVRed", "id_name": "object184042639219281", "shape": "CVBox", "id_string": "ob1121", "world_size": [0.09, 0.09, 0.09], "id": 1121, "camera_size": [37, 37], "camera_position": [256, 254], "world_position": [0.705, 0.6448569696296074, -0.15], "world_orientation": [1.0, -4.331917303826236e-17, -1.1712398707441946e-17, 4.331917303826236e-17, 1.0, -5.775889738434995e-17, 1.1712398707441946e-17, 5.775889738434995e-17, 1.0], "world_rotation": [-0.7896765794068324, 0.16013129347666225, -0.5922574345551229, -7.314247236221149e-17]}], "source": "action wait"}
{"timestamp": 1706031248.31716, "objects": [{"color": "cv_", "id_name": "hand", "shape": "CVCylinder", "id_string": "ob382", "world_size": [0.12, 0.005, 0.12], "id": 382, "camera_size": [49, 49], "camera_position": [246, 195], "world_position": [0.8516876284049891, 0.6708676192884117, -0.17409719568387336], "world_orientation": [-9.01441003936742e-06, 0.004616305833630682, 0.9999893447628284, -0.0007606210794081229, -0.9999890555659368, 0.0046162976419721665, 0.9999997106871152, -0.0007605713616106864, 1.2525570908171352e-05], "world_rotation": [0.0, 1.0, 0.0, 0.0]}, {"color": "CVRed", "id_name": "object184042639219281", "shape": "CVBox", "id_string": "ob1121", "world_size": [0.09, 0.09, 0.09], "id": 1121, "camera_size": [37, 37], "camera_position": [256, 254], "world_position": [0.705, 0.6448569696296074, -0.15], "world_orientation": [1.0, -4.331917303826236e-17, -1.1712398707441946e-17, 4.331917303826236e-17, 1.0, -5.775889738434995e-17, 1.1712398707441946e-17, 5.775889738434995e-17, 1.0], "world_rotation": [-0.7896765794068324, 0.16013129347666225, -0.5922574345551229, -7.314247236221149e-17]}], "source": "action wait"}
{"timestamp": 1706031248.357402, "objects": [{"color": "cv_", "id_name": "hand", "shape": "CVCylinder", "id_string": "ob382", "world_size": [0.12, 0.005, 0.12], "id": 382, "camera_size": [49, 49], "camera_position": [246, 194], "world_position": [0.8537211936981315, 0.6689070045397629, -0.17409880790120819], "world_orientation": [-8.170934713869235e-06, 0.00274333201521101, 0.9999962370242652, -0.0007610858266567427, -0.9999959474499375, 0.0027433250020038715, 0.9999997103407583, -0.0007610605471800954, 1.0258812715702962e-05], "world_rotation": [0.0, 1.0, 0.0, 0.0]}, {"color": "CVRed", "id_name": "object184042639219281", "shape": "CVBox", "id_string": "ob1121", "world_size": [0.09, 0.09, 0.09], "id": 1121, "camera_size": [37, 37], "camera_position": [256, 254], "world_position": [0.705, 0.6448569696296074, -0.15], "world_orientation": [1.0, -4.331917303826236e-17, -1.1712398707441946e-17, 4.331917303826236e-17, 1.0, -5.775889738434995e-17, 1.1712398707441946e-17, 5.775889738434995e-17, 1.0], "world_rotation": [-0.7896765794068324, 0.16013129347666225, -0.5922574345551229, -7.314247236221149e-17]}], "source": "action wait"}
{"timestamp": 1706031248.386531, "objects": [{"color": "cv_", "id_name": "hand", "shape": "CVCylinder", "id_string": "ob382", "world_size": [0.12, 0.005, 0.12], "id": 382, "camera_size": [48, 48], "camera_position": [246, 193], "world_position": [0.8551511769931117, 0.6675245885549459, -0.17410006310894244], "world_orientation": [-7.401457075369198e-06, 0.0014232269337728387, 0.9999989871846439, -0.0007615090720588961, -0.9999986972722745, 0.00142322088487928, 0.9999997100245339, -0.0007614977668829302, 8.485247655317695e-06], "world_rotation": [0.0, 1.0, 0.0, 0.0]}, {"color": "CVRed", "id_name": "object184042639219281", "shape": "CVBox", "id_string": "ob1121", "world_size": [0.09, 0.09, 0.09], "id": 1121, "camera_size": [37, 37], "camera_position": [256, 254], "world_position": [0.705, 0.6448569696296074, -0.15], "world_orientation": [1.0, -4.331917303826236e-17, -1.1712398707441946e-17, 4.331917303826236e-17, 1.0, -5.775889738434995e-17, 1.1712398707441946e-17, 5.775889738434995e-17, 1.0], "world_rotation": [-0.7896765794068324, 0.16013129347666225, -0.5922574345551229, -7.314247236221149e-17]}], "source": "action wait"}
{"timestamp": 1706031248.423247, "objects": [{"color": "cv_", "id_name": "hand", "shape": "CVCylinder", "id_string": "ob382", "world_size": [0.12, 0.005, 0.12], "id": 382, "camera_size": [48, 49], "camera_position": [246, 193], "world_position": [0.8561575421678277, 0.6665507856156402, -0.1741010310670517], "world_orientation": [-6.738220374899834e-06, 0.0004927668615702179, 0.9999998785677009, -0.000761870200084718, -0.9999995883698246, 0.000492761584920774, 0.9999997097541553, -0.0007618667872333181, 7.113641989029387e-06], "world_rotation": [0.0, 1.0, 0.0, 0.0]}, {"color": "CVRed", "id_name": "object184042639219281", "shape": "CVBox", "id_string": "ob1121", "world_size": [0.09, 0.09, 0.09], "id": 1121, "camera_size": [37, 37], "camera_position": [256, 254], "world_position": [0.705, 0.6448569696296074, -0.15], "world_orientation": [1.0, -4.331917303826236e-17, -1.1712398707441946e-17, 4.331917303826236e-17, 1.0, -5.775889738434995e-17, 1.1712398707441946e-17, 5.775889738434995e-17, 1.0], "world_rotation": [-0.7896765794068324, 0.16013129347666225, -0.5922574345551229, -7.314247236221149e-17]}], "source": "action wait"}
{"timestamp": 1706031248.45015, "objects": [{"color": "cv_", "id_name": "hand", "shape": "CVCylinder", "id_string": "ob382", "world_size": [0.12, 0.005, 0.12], "id": 382, "camera_size": [48, 49], "camera_position": [246, 193], "world_position": [0.8568661993701008, 0.6658652143116841, -0.17410177186171377], "world_orientation": [-6.186854135610848e-06, -0.00016307556630028945, 0.9999999866840412, -0.0007621656020602919, -0.9999996962541701, -0.00016308023434533596, 0.9999997095326169, -0.0007621666008653479, 6.062561669573567e-06], "world_rotation": [0.0, 1.0, 0.0, 0.0]}, {"color": "CVRed", "id_name": "object184042639219281", "shape": "CVBox", "id_string": "ob1121", "world_size": [0.09, 0.09, 0.09], "id": 1121, "camera_size": [37, 37], "camera_position": [256, 254], "world_position": [0.705, 0.6448569696296074, -0.15], "world_orientation": [1.0, -4.331917303826236e-17, -1.1712398707441946e-17, 4.331917303826236e-17, 1.0, -5.775889738434995e-17, 1.1712398707441946e-17, 5.775889738434995e-17, 1.0], "world_rotation": [-0.7896765794068324, 0.16013129347666225, -0.5922574345551229, -7.314247236221149e-17]}], "source": "action wait"}
{"timestamp": 1706031248.479422, "objects": [{"color": "cv_", "id_name": "hand", "shape": "CVCylinder", "id_string": "ob382", "world_size": [0.12, 0.005, 0.12], "id": 382, "camera_size": [48, 48], "camera_position": [246, 192], "world_position": [0.8573654322587663, 0.665382717921746, -0.17410233530304703], "world_orientation": [-5.739768165216985e-06, -0.0006253643444980599, 0.9999998044432268, -0.0007624002251514687, -0.9999995138299256, -0.0006253685387598839, 0.9999997093564338, -0.0007624036655297658, 5.262987458030651e-06], "world_rotation": [0.0, 1.0, 0.0, 0.0]}, {"color": "CVRed", "id_name": "object184042639219281", "shape": "CVBox", "id_string": "ob1121", "world_size": [0.09, 0.09, 0.09], "id": 1121, "camera_size": [37, 37], "camera_position": [256, 254], "world_position": [0.705, 0.6448569696296074, -0.15], "world_orientation": [1.0, -4.331917303826236e-17, -1.1712398707441946e-17, 4.331917303826236e-17, 1.0, -5.775889738434995e-17, 1.1712398707441946e-17, 5.775889738434995e-17, 1.0], "world_rotation": [-0.7896765794068324, 0.16013129347666225, -0.5922574345551229, -7.314247236221149e-17]}], "source": "action wait"}
{"timestamp": 1706031248.509881, "objects": [{"color": "cv_", "id_name": "hand", "shape": "CVCylinder", "id_string": "ob382", "world_size": [0.12, 0.005, 0.12], "id": 382, "camera_size": [48, 48], "camera_position": [246, 192], "world_position": [0.857717240709189, 0.6650431944470089, -0.17410276164243774], "world_orientation": [-5.383804420019844e-06, -0.000951229974926423, 0.9999995475661725, -0.0007625825831163201, -0.9999992568107511, -0.000951233803947925, 0.9999997092193671, -0.0007625873593553117, 4.6584090077812705e-06], "world_rotation": [0.0, 1.0, 0.0, 0.0]}, {"color": "CVRed", "id_name": "object184042639219281", "shape": "CVBox", "id_string": "ob1121", "world_size": [0.09, 0.09, 0.09], "id": 1121, "camera_size": [37, 37], "camera_position": [256, 254], "world_position": [0.705, 0.6448569696296074, -0.15], "world_orientation": [1.0, -4.331917303826236e-17, -1.1712398707441946e-17, 4.331917303826236e-17, 1.0, -5.775889738434995e-17, 1.1712398707441946e-17, 5.775889738434995e-17, 1.0], "world_rotation": [-0.7896765794068324, 0.16013129347666225, -0.5922574345551229, -7.314247236221149e-17]}], "source": "action wait"}
{"timestamp": 1706031248.541965, "objects": [{"color": "cv_", "id_name": "hand", "shape": "CVCylinder", "id_string": "ob382", "world_size": [0.12, 0.005, 0.12], "id": 382, "camera_size": [48, 48], "camera_position": [246, 192], "world_position": [0.8579652164562072, 0.6648042872581233, -0.17410308282539202], "world_orientation": [-5.104342055105081e-06, -0.0011809370147189884, 0.9999993026806134, -0.000762721999554236, -0.9999990118167791, -0.0011809405644233354, 0.9999997091145063, -0.0007627274956183359, 4.2036103702296e-06], "world_rotation": [0.0, 1.0, 0.0, 0.0]}, {"color": "CVRed", "id_name": "object184042639219281", "shape": "CVBox", "id_string": "ob1121", "world_size": [0.09, 0.09, 0.09], "id": 1121, "camera_size": [37, 37], "camera_position": [256, 254], "world_position": [0.705, 0.6448569696296074, -0.15], "world_orientation": [1.0, -4.331917303826236e-17, -1.1712398707441946e-17, 4.331917303826236e-17, 1.0, -5.775889738434995e-17, 1.1712398707441946e-17, 5.775889738434995e-17, 1.0], "world_rotation": [-0.7896765794068324, 0.16013129347666225, -0.5922574345551229, -7.314247236221149e-17]}], "source": "action wait"}
{"timestamp": 1706031250.001046, "objects": [{"color": "cv_", "id_name": "hand", "shape": "CVCylinder", "id_string": "ob382", "world_size": [0.12, 0.005, 0.12], "id": 382, "camera_size": [48, 49], "camera_position": [246, 192], "world_position": [0.8585581595323397, 0.6642364637085225, -0.17410402056486904], "world_orientation": [-4.20997688715934e-06, -0.0017297773217959506, 0.9999985039252275, -0.0007631196843527592, -0.9999982127530992, -0.0017297800308529977, 0.9999997088152695, -0.0007631258250029656, 2.88994223944533e-06], "world_rotation": [0.0, 1.0, 0.0, 0.0]}, {"color": "CVRed", "id_name": "object184042639219281", "shape": "CVBox", "id_string": "ob1121", "world_size": [0.09, 0.09, 0.09], "id": 1121, "camera_size": [37, 37], "camera_position": [256, 254], "world_position": [0.705, 0.6448569696296074, -0.15], "world_orientation": [1.0, -4.331917303826236e-17, -1.1712398707441946e-17, 4.331917303826236e-17, 1.0, -5.775889738434995e-17, 1.1712398707441946e-17, 5.775889738434995e-17, 1.0], "world_rotation": [-0.7896765794068324, 0.16013129347666225, -0.5922574345551229, -7.314247236221149e-17]}], "source": "action wait"}
{"timestamp": 1706031250.03235, "objects": [{"color": "cv_", "id_name": "hand", "shape": "CVCylinder", "id_string": "ob382", "world_size": [0.12, 0.005, 0.12], "id": 382, "camera_size": [48, 48], "camera_position": [246, 205], "world_position": [0.8258394017075077, 0.6514232825029452, -0.1740881690934596], "world_orientation": [-4.610033533030925e-05, -0.022651696726302656, 0.9997434163375015, -0.0007600695771744901, -0.9997431278273372, -0.022651725237835513, 0.9999997100844565, -0.0007609188078682715, 2.8871627884322733e-05], "world_rotation": [0.0, 1.0, 0.0, 0.0]}, {"color": "CVRed", "id_name": "object184042639219281", "shape": "CVBox", "id_string": "ob1121", "world_size": [0.09, 0.09, 0.09], "id": 1121, "camera_size": [37, 37], "camera_position": [256, 254], "world_position": [0.705, 0.6448569696296074, -0.15], "world_orientation": [1.0, -4.331917303826236e-17, -1.1712398707441946e-17, 4.331917303826236e-17, 1.0, -5.775889738434995e-17, 1.1712398707441946e-17, 5.775889738434995e-17, 1.0], "world_rotation": [-0.7896765794068324, 0.16013129347666225, -0.5922574345551229, -7.314247236221149e-17]}], "source": "action wait"}
{"timestamp": 1706031250.062393, "objects": [{"color": "cv_", "id_name": "hand", "shape": "CVCylinder", "id_string": "ob382", "world_size": [0.12, 0.005, 0.12], "id": 382, "camera_size": [48, 48], "camera_position": [246, 219], "world_position": [0.7916963678914951, 0.6581827560903918, -0.17409753174648004], "world_orientation": [-3.353825572939716e-05, -0.016494707555173495, 0.9998639524944655, -0.0007581042461137517, -0.9998636653154394, -0.01649472824654818, 0.9999997120765273, -0.0007585543123366262, 2.1028975466259023e-05], "world_rotation": [0.0, 1.0, 0.0, 0.0]}, {"color": "CVRed", "id_name": "object184042639219281", "shape": "CVBox", "id_string": "ob1121", "world_size": [0.09, 0.09, 0.09], "id": 1121, "camera_size": [37, 38], "camera_position": [256, 263], "world_position": [0.6807811396438755, 0.6461874813089397, -0.15000333145266784], "world_orientation": [0.9994687217140946, -0.03259241506448855, 9.378410163972448e-05, 0.032592416273633205, 0.9994687260097952, -1.1393136001946652e-05, -9.336294676836694e-05, 1.444373355667111e-05, 0.9999999955373694], "world_rotation": [0.0003963615539961602, 0.002871009383104002, 0.9999958000925008, 0.032598325687699964]}], "source": "action wait"}
{"timestamp": 1706031250.093792, "objects": [{"color": "cv_", "id_name": "hand", "shape": "CVCylinder", "id_string": "ob382", "world_size": [0.12, 0.005, 0.12], "id": 382, "camera_size": [48, 49], "camera_position": [246, 229], "world_position": [0.7671548010265671, 0.6616051216326652, -0.1741036515826422], "world_orientation": [-1.7312355161328844e-05, -0.012085154195004551, 0.999926971707617, -0.0007619836661631298, -0.9999266814096456, -0.012085163879147478, 0.9999997095405454, -0.0007621372424468111, 8.10239574456076e-06], "world_rotation": [0.0, 1.0, 0.0, 0.0]}, {"color": "CVRed", "id_name": "object184042639219281", "shape": "CVBox", "id_string": "ob1121", "world_size": [0.09, 0.09, 0.09], "id": 1121, "camera_size": [37, 39], "camera_position": [256, 282], "world_position": [0.6358259252951073, 0.6467270342239635, -0.15000356149918462], "world_orientation": [0.9990081524820107, -0.044527545654626306, 9.46174138248714e-05, 0.04452754642036905, 0.9990081569105284, -6.000927328330217e-06, -9.42563616312432e-05, 1.0208056609715992e-05, 0.9999999955057671], "world_rotation": [0.00018201033582108473, 0.0021208596066205542, 0.9999977344108167, 0.04454237430779553]}], "source": "action wait"}
{"timestamp": 1706031250.126801, "objects": [{"color": "cv_", "id_name": "hand", "shape": "CVCylinder", "id_string": "ob382", "world_size": [0.12, 0.005, 0.12], "id": 382, "camera_size": [48, 49], "camera_position": [246, 236], "world_position": [0.7497950487793702, 0.6632623915349862, -0.17410672432912638], "world_orientation": [-8.31004436933397e-06, -0.008991785646006443, 0.9999595730437505, -0.000763449428831578, -0.9999592816054548, -0.008991789369904626, 0.999999708537914, -0.0007634932870638932, 1.4449323824142358e-06], "world_rotation": [0.0, 1.0, 0.0, 0.0]}, {"color": "CVRed", "id_name": "object184042639219281", "shape": "CVBox", "id_string": "ob1121", "world_size": [0.09, 0.09, 0.09], "id": 1121, "camera_size": [37, 39], "camera_position": [256, 298], "world_position": [0.5951015965854131, 0.6440849995198017, -0.15000403638037962], "world_orientation": [0.999866537835829, 0.016336987428940814, 9.673644365963299e-05, -0.016336987132452702, 0.9998665425128386, -3.854356993554161e-06, -9.678650203869556e-05, 2.2734605474222244e-06, 0.9999999953136022], "world_rotation": [0.00018754100277148579, 0.005922742812243304, -0.9999824428188487, 0.016338000958659442]}], "source": "action wait"}
{"timestamp": 1706031250.160139, "objects": [{"color": "cv_", "id_name": "hand", "shape": "CVCylinder", "id_string": "ob382", "world_size": [0.12, 0.005, 0.12], "id": 382, "camera_size": [48, 49], "camera_position": [246, 241], "world_position": [0.7375489556734577, 0.6640600322328709, -0.17410803804610223], "world_orientation": [-3.2437652463156215e-06, -0.006820766403293596, 0.9999767382970215, -0.0007638610808790864, -0.9999764465502504, -0.006820766891154013, 0.9999997082528211, -0.0007638654371364753, -1.9664291524257092e-06], "world_rotation": [0.0, 1.0, 0.0, 0.0]}, {"color": "CVRed", "id_name": "object184042639219281", "shape": "CVBox", "id_string": "ob1121", "world_size": [0.09, 0.09, 0.09], "id": 1121, "camera_size": [37, 39], "camera_position": [256, 310], "world_position": [0.566660136989581, 0.6449297844665824, -0.15000400234193795], "world_orientation": [0.9999945810559824, -0.003290664853636543, 9.686842299791638e-05, 0.0032906651402486425, 0.9999945857428916, -2.7995448974202357e-06, -9.685868616336851e-05, 3.118291269591908e-06, 0.9999999953043356], "world_rotation": [0.0008987957806073226, 0.029423103882804693, 0.9995666426627323, 0.003292097595584793]}], "source": "action wait"}
{"timestamp": 1706031250.196863, "objects": [{"color": "cv_", "id_name": "hand", "shape": "CVCylinder", "id_string": "ob382", "world_size": [0.12, 0.005, 0.12], "id": 382, "camera_size": [48, 48], "camera_position": [246, 244], "world_position": [0.7289206842835996, 0.6644419131358525, -0.17410836998484094], "world_orientation": [-9.486261681230274e-07, -0.005296263271729589, 0.999985974698874, -0.0007638561876638615, -0.9999856829613974, -0.005296262451213182, 0.9999997082613697, -0.0007638504985243359, -3.0969708846390457e-06], "world_rotation": [0.0, 1.0, 0.0, 0.0]}, {"color": "CVRed", "id_name": "object184042639219281", "shape": "CVBox", "id_string": "ob1121", "world_size": [0.09, 0.09, 0.09], "id": 1121, "camera_size": [37, 39], "camera_position": [256, 318], "world_position": [0.5451235462915449, 0.6444628595780055, -0.15000409288968058], "world_orientation": [0.9999777539301681, 0.006669499179238252, 9.70848839916377e-05, -0.006669499014710093, 0.9999777586420707, -2.0183423124347053e-06, -9.709618602437951e-05, 1.3707898741252137e-06, 0.999999995285226], "world_rotation": [0.00025405004006647593, 0.01455585262013449, -0.999894025691262, 0.006670255429839956]}], "source": "action wait"}
