{"timestamp": 1706031690.459249, "objects": [{"color": "cv_", "id_name": "hand", "shape": "CVCylinder", "id_string": "ob382", "world_size": [0.12, 0.005, 0.12], "id": 382, "camera_size": [48, 50], "camera_position": [246, 426], "world_position": [0.2676445155400312, 0.6334703013847307, -0.17389260400847806], "world_orientation": [-0.000641551136450915, 0.19791547486654607, 0.9802188802611836, -0.0007473675221405603, -0.9802189031249408, 0.19791499033252918, 0.9999995149268456, -0.0006056111687279785, 0.0007767761493151872], "world_rotation": [0.0, 1.0, 0.0, 0.0]}, {"color": "CVPurple", "id_name": "object173805047421093", "shape": "CVSphere", "id_string": "ob1205", "world_size": [0.1, 0.1, 0.1], "id": 1205, "camera_size": [41, 41], "camera_position": [256, 254], "world_position": [0.705, 0.6498037932383656, -0.15], "world_orientation": [1.0, 2.1316282072802963e-17, -9.624447840080312e-18, -2.1316282072802963e-17, 1.0, -1.5774048733874193e-16, 9.624447840080312e-18, 1.5774048733874193e-16, 1.0], "world_rotation": [-0.9891858493133231, 0.06035462278252622, 0.13367376342071935, -1.5946496550495827e-16]}], "source": "manual check"}
{"timestamp": 1706031691.470791, "objects": [{"color": "cv_", "id_name": "hand", "shape": "CVCylinder", "id_string": "ob382", "world_size": [0.12, 0.005, 0.12], "id": 382, "camera_size": [48, 50], "camera_position": [246, 426], "world_position": [0.2676445155400312, 0.6334703013847307, -0.17389260400847806], "world_orientation": [-0.000641551136450915, 0.19791547486654607, 0.9802188802611836, -0.0007473675221405603, -0.9802189031249408, 0.19791499033252918, 0.9999995149268456, -0.0006056111687279785, 0.0007767761493151872], "world_rotation": [0.0, 1.0, 0.0, 0.0]}, {"color": "CVPurple", "id_name": "object173805047421093", "shape": "CVSphere", "id_string": "ob1205", "world_size": [0.1, 0.1, 0.1], "id": 1205, "camera_size": [41, 41], "camera_position": [256, 254], "world_position": [0.705, 0.6498037994254439, -0.15], "world_orientation": [1.0, 8.100187187665134e-17, -1.2653630886983698e-17, -8.100187187665134e-17, 1.0, -1.9397816686250694e-16, 1.2653630886983698e-17, 1.9397816686250694e-16, 1.0], "world_rotation": [-0.9211093596285536, 0.06008602943210125, 0.38463907325148433, -2.1059189642881336e-16]}], "source": "manual check"}
{"timestamp": 1706031693.649637, "objects": [{"color": "cv_", "id_name": "hand", "shape": "CVCylinder", "id_string": "ob382", "world_size": [0.12, 0.005, 0.12], "id": 382, "camera_size": [48, 50], "camera_position": [246, 426], "world_position": [0.2676445155400312, 0.6334703013847307, -0.17389260400847806], "world_orientation": [-0.000641551136450915, 0.19791547486654607, 0.9802188802611836, -0.0007473675221405603, -0.9802189031249408, 0.19791499033252918, 0.9999995149268456, -0.0006056111687279785, 0.0007767761493151872], "world_rotation": [0.0, 1.0, 0.0, 0.0]}, {"color": "CVPurple", "id_name": "object173805047421093", "shape": "CVSphere", "id_string": "ob1205", "world_size": [0.1, 0.1, 0.1], "id": 1205, "camera_size": [41, 41], "camera_position": [256, 254], "world_position": [0.705, 0.6498037994254439, -0.15], "world_orientation": [1.0, 8.100187187665134e-17, -1.2653630886983698e-17, -8.100187187665134e-17, 1.0, -1.9397816686250694e-16, 1.2653630886983698e-17, 1.9397816686250694e-16, 1.0], "world_rotation": [-0.9211093596285536, 0.06008602943210125, 0.38463907325148433, -2.1059189642881336e-16]}], "source": "action wait"}
{"timestamp": 1706031693.67816, "objects": [{"color": "cv_", "id_name": "hand", "shape": "CVCylinder", "id_string": "ob382", "world_size": [0.12, 0.005, 0.12], "id": 382, "camera_size": [49, 51], "camera_position": [246, 421], "world_position": [0.29182293354250527, 0.6684283966551118, -0.17395575789777948], "world_orientation": [-0.00037764001666312704, 0.2047358159088889, 0.978817195942194, -0.0007134813032257274, -0.978817071765314, 0.20473551466515588, 0.999999674166171, -0.0006210514454111842, 0.0005157156720436937], "world_rotation": [0.0, 1.0, 0.0, 0.0]}, {"color": "CVPurple", "id_name": "object173805047421093", "shape": "CVSphere", "id_string": "ob1205", "world_size": [0.1, 0.1, 0.1], "id": 1205, "camera_size": [41, 41], "camera_position": [256, 254], "world_position": [0.705, 0.6498037994254439, -0.15], "world_orientation": [1.0, 8.100187187665134e-17, -1.2653630886983698e-17, -8.100187187665134e-17, 1.0, -1.9397816686250694e-16, 1.2653630886983698e-17, 1.9397816686250694e-16, 1.0], "world_rotation": [-0.9211093596285536, 0.06008602943210125, 0.38463907325148433, -2.1059189642881336e-16]}], "source": "action wait"}
{"timestamp": 1706031693.710346, "objects": [{"color": "cv_", "id_name": "hand", "shape": "CVCylinder", "id_string": "ob382", "world_size": [0.12, 0.005, 0.12], "id": 382, "camera_size": [51, 52], "camera_position": [246, 405], "world_position": [0.33836113616899816, 0.7071554146863744, -0.17398350943149885], "world_orientation": [-0.00021408106697565218, 0.1981545053825874, 0.9801707739806768, -0.0007291439582825771, -0.9801705668183506, 0.19815430424818334, 0.9999997112591508, -0.0006722645130541825, 0.0003543191211692176], "world_rotation": [0.0, 1.0, 0.0, 0.0]}, {"color": "CVPurple", "id_name": "object173805047421093", "shape": "CVSphere", "id_string": "ob1205", "world_size": [0.1, 0.1, 0.1], "id": 1205, "camera_size": [41, 41], "camera_position": [256, 254], "world_position": [0.705, 0.6498037994254439, -0.15], "world_orientation": [1.0, 8.100187187665134e-17, -1.2653630886983698e-17, -8.100187187665134e-17, 1.0, -1.9397816686250694e-16, 1.2653630886983698e-17, 1.9397816686250694e-16, 1.0], "world_rotation": [-0.9211093596285536, 0.06008602943210125, 0.38463907325148433, -2.1059189642881336e-16]}], "source": "action wait"}
{"timestamp": 1706031693.746484, "objects": [{"color": "cv_", "id_name": "hand", "shape": "CVCylinder", "id_string": "ob382", "world_size": [0.12, 0.005, 0.12], "id": 382, "camera_size": [51, 53], "camera_position": [246, 388], "world_position": [0.38928716077673603, 0.7408579740151426, -0.1740040836101073], "world_orientation": [-0.00010768901055178905, 0.19344119435094223, 0.9811118655541567, -0.0007400522535891509, -0.9811116179930794, 0.1934410643107198, 0.9999997203628305, -0.0007052425703109915, 0.0002488115311993589], "world_rotation": [0.0, 1.0, 0.0, 0.0]}, {"color": "CVPurple", "id_name": "object173805047421093", "shape": "CVSphere", "id_string": "ob1205", "world_size": [0.1, 0.1, 0.1], "id": 1205, "camera_size": [41, 41], "camera_position": [256, 254], "world_position": [0.705, 0.6498037994254439, -0.15], "world_orientation": [1.0, 8.100187187665134e-17, -1.2653630886983698e-17, -8.100187187665134e-17, 1.0, -1.9397816686250694e-16, 1.2653630886983698e-17, 1.9397816686250694e-16, 1.0], "world_rotation": [-0.9211093596285536, 0.06008602943210125, 0.38463907325148433, -2.1059189642881336e-16]}], "source": "action wait"}
{"timestamp": 1706031693.777614, "objects": [{"color": "cv_", "id_name": "hand", "shape": "CVCylinder", "id_string": "ob382", "world_size": [0.12, 0.005, 0.12], "id": 382, "camera_size": [52, 53], "camera_position": [245, 367], "world_position": [0.44366513814707365, 0.7691750637698551, -0.1740226828238102], "world_orientation": [-3.2795416655912693e-05, 0.19011300280739715, 0.9817622141272372, -0.0007472482060284683, -0.9817619452159955, 0.1901129257726136, 0.9999997202722505, -0.0007273852206410154, 0.00017425889234121738], "world_rotation": [0.0, 1.0, 0.0, 0.0]}, {"color": "CVPurple", "id_name": "object173805047421093", "shape": "CVSphere", "id_string": "ob1205", "world_size": [0.1, 0.1, 0.1], "id": 1205, "camera_size": [41, 41], "camera_position": [256, 254], "world_position": [0.705, 0.6498037994254439, -0.15], "world_orientation": [1.0, 8.100187187665134e-17, -1.2653630886983698e-17, -8.100187187665134e-17, 1.0, -1.9397816686250694e-16, 1.2653630886983698e-17, 1.9397816686250694e-16, 1.0], "world_rotation": [-0.9211093596285536, 0.06008602943210125, 0.38463907325148433, -2.1059189642881336e-16]}], "source": "action wait"}
{"timestamp": 1706031693.80943, "objects": [{"color": "cv_", "id_name": "hand", "shape": "CVCylinder", "id_string": "ob382", "world_size": [0.12, 0.005, 0.12], "id": 382, "camera_size": [53, 54], "camera_position": [245, 343], "world_position": [0.500833441418613, 0.7918357379367091, -0.1740389136387672], "world_orientation": [1.9829286949239207e-05, 0.18776202623329427, 0.982214549429791, -0.0007520788099334722, -0.9822142690413826, 0.18776198781693312, 0.9999997169920914, -0.0007424259357693519, 0.00012173523265420063], "world_rotation": [0.0, 1.0, 0.0, 0.0]}, {"color": "CVPurple", "id_name": "object173805047421093", "shape": "CVSphere", "id_string": "ob1205", "world_size": [0.1, 0.1, 0.1], "id": 1205, "camera_size": [41, 41], "camera_position": [256, 254], "world_position": [0.705, 0.6498037994254439, -0.15], "world_orientation": [1.0, 8.100187187665134e-17, -1.2653630886983698e-17, -8.100187187665134e-17, 1.0, -1.9397816686250694e-16, 1.2653630886983698e-17, 1.9397816686250694e-16, 1.0], "world_rotation": [-0.9211093596285536, 0.06008602943210125, 0.38463907325148433, -2.1059189642881336e-16]}], "source": "action wait"}
{"timestamp": 1706031693.847198, "objects": [{"color": "cv_", "id_name": "hand", "shape": "CVCylinder", "id_string": "ob382", "world_size": [0.12, 0.005, 0.12], "id": 382, "camera_size": [54, 54], "camera_position": [245, 318], "world_position": [0.5601404210207828, 0.8086164984878396, -0.17405262434239338], "world_orientation": [5.6692314504784675e-05, 0.18609983999168936, 0.9825308373486549, -0.0007553783713961433, -0.9825305506436621, 0.1860998292728352, 0.9999997130947076, -0.0007527329738136311, 8.487386306278107e-05], "world_rotation": [0.0, 1.0, 0.0, 0.0]}, {"color": "CVPurple", "id_name": "object173805047421093", "shape": "CVSphere", "id_string": "ob1205", "world_size": [0.1, 0.1, 0.1], "id": 1205, "camera_size": [41, 41], "camera_position": [256, 254], "world_position": [0.705, 0.6498037994254439, -0.15], "world_orientation": [1.0, 8.100187187665134e-17, -1.2653630886983698e-17, -8.100187187665134e-17, 1.0, -1.9397816686250694e-16, 1.2653630886983698e-17, 1.9397816686250694e-16, 1.0], "world_rotation": [-0.9211093596285536, 0.06008602943210125, 0.38463907325148433, -2.1059189642881336e-16]}], "source": "action wait"}
{"timestamp": 1706031693.879671, "objects": [{"color": "cv_", "id_name": "hand", "shape": "CVCylinder", "id_string": "ob382", "world_size": [0.12, 0.005, 0.12], "id": 382, "camera_size": [54, 54], "camera_position": [245, 291], "world_position": [0.621114906393728, 0.8141764726873642, -0.17406316173360817], "world_orientation": [7.766684124008928e-05, 0.17754140656575332, 0.9841133282922834, -0.000764402755575809, -0.9841130332055784, 0.17754141365704948, 0.999999704828101, -0.0007660480207338323, 5.928018969580957e-05], "world_rotation": [0.0, 1.0, 0.0, 0.0]}, {"color": "CVPurple", "id_name": "object173805047421093", "shape": "CVSphere", "id_string": "ob1205", "world_size": [0.1, 0.1, 0.1], "id": 1205, "camera_size": [41, 41], "camera_position": [256, 254], "world_position": [0.705, 0.6498037994254439, -0.15], "world_orientation": [1.0, 8.100187187665134e-17, -1.2653630886983698e-17, -8.100187187665134e-17, 1.0, -1.9397816686250694e-16, 1.2653630886983698e-17, 1.9397816686250694e-16, 1.0], "world_rotation": [-0.9211093596285536, 0.06008602943210125, 0.38463907325148433, -2.1059189642881336e-16]}], "source": "action wait"}
{"timestamp": 1706031693.910681, "objects": [{"color": "cv_", "id_name": "hand", "shape": "CVCylinder", "id_string": "ob382", "world_size": [0.12, 0.005, 0.12], "id": 382, "camera_size": [53, 53], "camera_position": [245, 263], "world_position": [0.6832426874128401, 0.7948228962641555, -0.1740708804722974], "world_orientation": [6.944207123030299e-05, 0.14272009879537723, 0.9897630870959153, -0.0007772230890671499, -0.9897627828334702, 0.14272010945208424, 0.9999996955509879, -0.0007791775040041927, 4.2194178391499824e-05], "world_rotation": [0.0, 1.0, 0.0, 0.0]}, {"color": "CVPurple", "id_name": "object173805047421093", "shape": "CVSphere", "id_string": "ob1205", "world_size": [0.1, 0.1, 0.1], "id": 1205, "camera_size": [41, 41], "camera_position": [256, 254], "world_position": [0.705, 0.6498037994254439, -0.15], "world_orientation": [1.0, 8.100187187665134e-17, -1.2653630886983698e-17, -8.100187187665134e-17, 1.0, -1.9397816686250694e-16, 1.2653630886983698e-17, 1.9397816686250694e-16, 1.0], "world_rotation": [-0.9211093596285536, 0.06008602943210125, 0.38463907325148433, -2.1059189642881336e-16]}], "source": "action wait"}
{"timestamp": 1706031693.940759, "objects": [{"color": "cv_", "id_name": "hand", "shape": "CVCylinder", "id_string": "ob382", "world_size": [0.12, 0.005, 0.12], "id": 382, "camera_size": [52, 52], "camera_position": [245, 239], "world_position": [0.7375067437984626, 0.763954491732831, -0.17407259056324131], "world_orientation": [3.731191185031338e-05, 0.1003242727868493, 0.9949547923888861, -0.0007768389882054856, -0.9949544899564148, 0.10032427142400387, 0.9999996975644582, -0.0007766629646017344, 4.081215234025879e-05], "world_rotation": [0.0, 1.0, 0.0, 0.0]}, {"color": "CVPurple", "id_name": "object173805047421093", "shape": "CVSphere", "id_string": "ob1205", "world_size": [0.1, 0.1, 0.1], "id": 1205, "camera_size": [41, 41], "camera_position": [256, 254], "world_position": [0.705, 0.6498037994254439, -0.15], "world_orientation": [1.0, 8.100187187665134e-17, -1.2653630886983698e-17, -8.100187187665134e-17, 1.0, -1.9397816686250694e-16, 1.2653630886983698e-17, 1.9397816686250694e-16, 1.0], "world_rotation": [-0.9211093596285536, 0.06008602943210125, 0.38463907325148433, -2.1059189642881336e-16]}], "source": "action wait"}
{"timestamp": 1706031693.96903, "objects": [{"color": "cv_", "id_name": "hand", "shape": "CVCylinder", "id_string": "ob382", "world_size": [0.12, 0.005, 0.12], "id": 382, "camera_size": [51, 51], "camera_position": [246, 224], "world_position": [0.7747861567838576, 0.7386483624426354, -0.17407403084787862], "world_orientation": [1.2670743620168047e-05, 0.07025318522059015, 0.9975291924579521, -0.0007700814592389586, -0.9975288960723868, 0.07025317412865927, 0.9999997034069553, -0.0007690688961197069, 4.1461242495403364e-05], "world_rotation": [0.0, 1.0, 0.0, 0.0]}, {"color": "CVPurple", "id_name": "object173805047421093", "shape": "CVSphere", "id_string": "ob1205", "world_size": [0.1, 0.1, 0.1], "id": 1205, "camera_size": [41, 41], "camera_position": [256, 254], "world_position": [0.705, 0.6498037994254439, -0.15], "world_orientation": [1.0, 8.100187187665134e-17, -1.2653630886983698e-17, -8.100187187665134e-17, 1.0, -1.9397816686250694e-16, 1.2653630886983698e-17, 1.9397816686250694e-16, 1.0], "world_rotation": [-0.9211093596285536, 0.06008602943210125, 0.38463907325148433, -2.1059189642881336e-16]}], "source": "action wait"}
{"timestamp": 1706031694.009154, "objects": [{"color": "cv_", "id_name": "hand", "shape": "CVCylinder", "id_string": "ob382", "world_size": [0.12, 0.005, 0.12], "id": 382, "camera_size": [51, 51], "camera_position": [246, 214], "world_position": [0.8003594757565045, 0.7191672677945833, -0.1740775766027379], "world_orientation": [-6.239139207145667e-07, 0.049019892922843075, 0.9987978024091982, -0.0007650492430350352, -0.9987975101343994, 0.049019878100419696, 0.9999997073495904, -0.0007640989184942199, 3.81257956452091e-05], "world_rotation": [0.0, 1.0, 0.0, 0.0]}, {"color": "CVPurple", "id_name": "object173805047421093", "shape": "CVSphere", "id_string": "ob1205", "world_size": [0.1, 0.1, 0.1], "id": 1205, "camera_size": [41, 41], "camera_position": [256, 254], "world_position": [0.705, 0.6498037994254439, -0.15], "world_orientation": [1.0, 8.100187187665134e-17, -1.2653630886983698e-17, -8.100187187665134e-17, 1.0, -1.9397816686250694e-16, 1.2653630886983698e-17, 1.9397816686250694e-16, 1.0], "world_rotation": [-0.9211093596285536, 0.06008602943210125, 0.38463907325148433, -2.1059189642881336e-16]}], "source": "action wait"}
{"timestamp": 1706031694.041952, "objects": [{"color": "cv_", "id_name": "hand", "shape": "CVCylinder", "id_string": "ob382", "world_size": [0.12, 0.005, 0.12], "id": 382, "camera_size": [49, 50], "camera_position": [246, 207], "world_position": [0.8179889124837144, 0.704663127813972, -0.17408178290443185], "world_orientation": [-7.267859434095284e-06, 0.03404246551547247, 0.9994203872689441, -0.0007619742758741694, -0.9994200973496865, 0.03404245009904893, 0.9999997096711486, -0.0007612852101413722, 3.32031277936473e-05], "world_rotation": [0.0, 1.0, 0.0, 0.0]}, {"color": "CVPurple", "id_name": "object173805047421093", "shape": "CVSphere", "id_string": "ob1205", "world_size": [0.1, 0.1, 0.1], "id": 1205, "camera_size": [41, 41], "camera_position": [256, 254], "world_position": [0.705, 0.6498037994254439, -0.15], "world_orientation": [1.0, 8.100187187665134e-17, -1.2653630886983698e-17, -8.100187187665134e-17, 1.0, -1.9397816686250694e-16, 1.2653630886983698e-17, 1.9397816686250694e-16, 1.0], "world_rotation": [-0.9211093596285536, 0.06008602943210125, 0.38463907325148433, -2.1059189642881336e-16]}], "source": "action wait"}
{"timestamp": 1706031694.078128, "objects": [{"color": "cv_", "id_name": "hand", "shape": "CVCylinder", "id_string": "ob382", "world_size": [0.12, 0.005, 0.12], "id": 382, "camera_size": [49, 50], "camera_position": [246, 202], "world_position": [0.8302022965157773, 0.6940812335561144, -0.17408589603936248], "world_orientation": [-1.0141613878228554e-05, 0.023483033527724875, 0.9997242354937104, -0.0007604204133340877, -0.9997239466863056, 0.02348301902976301, 0.9999997108289296, -0.0007599725606628957, 2.7995792313974753e-05], "world_rotation": [0.0, 1.0, 0.0, 0.0]}, {"color": "CVPurple", "id_name": "object173805047421093", "shape": "CVSphere", "id_string": "ob1205", "world_size": [0.1, 0.1, 0.1], "id": 1205, "camera_size": [41, 41], "camera_position": [256, 254], "world_position": [0.705, 0.6498037994254439, -0.15], "world_orientation": [1.0, 8.100187187665134e-17, -1.2653630886983698e-17, -8.100187187665134e-17, 1.0, -1.9397816686250694e-16, 1.2653630886983698e-17, 1.9397816686250694e-16, 1.0], "world_rotation": [-0.9211093596285536, 0.06008602943210125, 0.38463907325148433, -2.1059189642881336e-16]}], "source": "action wait"}
{"timestamp": 1706031694.112093, "objects": [{"color": "cv_", "id_name": "hand", "shape": "CVCylinder", "id_string": "ob382", "world_size": [0.12, 0.005, 0.12], "id": 382, "camera_size": [49, 49], "camera_position": [246, 199], "world_position": [0.8386998050250832, 0.6864593226267429, -0.17408957016793394], "world_orientation": [-1.0949641876108686e-05, 0.01604012065649497, 0.9998713489291663, -0.000759868349079243, -0.9998710604597102, 0.016040107707458312, 0.9999997112400572, -0.0007595949577677488, 2.313661003697162e-05], "world_rotation": [0.0, 1.0, 0.0, 0.0]}, {"color": "CVPurple", "id_name": "object173805047421093", "shape": "CVSphere", "id_string": "ob1205", "world_size": [0.1, 0.1, 0.1], "id": 1205, "camera_size": [41, 41], "camera_position": [256, 254], "world_position": [0.705, 0.6498037994254439, -0.15], "world_orientation": [1.0, 8.100187187665134e-17, -1.2653630886983698e-17, -8.100187187665134e-17, 1.0, -1.9397816686250694e-16, 1.2653630886983698e-17, 1.9397816686250694e-16, 1.0], "world_rotation": [-0.9211093596285536, 0.06008602943210125, 0.38463907325148433, -2.1059189642881336e-16]}], "source": "action wait"}
{"timestamp": 1706031694.143141, "objects": [{"color": "cv_", "id_name": "hand", "shape": "CVCylinder", "id_string": "ob382", "world_size": [0.12, 0.005, 0.12], "id": 382, "camera_size": [49, 49], "camera_position": [246, 197], "world_position": [0.8446323700916571, 0.6810148908667865, -0.1740926855580963], "world_orientation": [-1.071883933479662e-05, 0.010794429196812012, 0.9999417383945036, -0.0007598998418714456, -0.999941449832765, 0.010794417936052732, 0.9999997112186269, -0.0007597398652554397, 1.8920896785079236e-05], "world_rotation": [0.0, 1.0, 0.0, 0.0]}, {"color": "CVPurple", "id_name": "object173805047421093", "shape": "CVSphere", "id_string": "ob1205", "world_size": [0.1, 0.1, 0.1], "id": 1205, "camera_size": [41, 41], "camera_position": [256, 254], "world_position": [0.705, 0.6498037994254439, -0.15], "world_orientation": [1.0, 8.100187187665134e-17, -1.2653630886983698e-17, -8.100187187665134e-17, 1.0, -1.9397816686250694e-16, 1.2653630886983698e-17, 1.9397816686250694e-16, 1.0], "world_rotation": [-0.9211093596285536, 0.06008602943210125, 0.38463907325148433, -2.1059189642881336e-16]}], "source": "action wait"}
{"timestamp": 1706031694.177275, "objects": [{"color": "cv_", "id_name": "hand", "shape": "CVCylinder", "id_string": "ob382", "world_size": [0.12, 0.005, 0.12], "id": 382, "camera_size": [49, 49], "camera_position": [246, 196], "world_position": [0.8487852321092165, 0.6771470521008263, -0.17409524032025317], "world_orientation": [-1.0001681550773608e-05, 0.0070974297715573976, 0.9999748128781067, -0.0007602258083739586, -0.9999745240176844, 0.007097420117611592, 0.9999997109783018, -0.000760135674338369, 1.5397076033937676e-05], "world_rotation": [0.0, 1.0, 0.0, 0.0]}, {"color": "CVPurple", "id_name": "object173805047421093", "shape": "CVSphere", "id_string": "ob1205", "world_size": [0.1, 0.1, 0.1], "id": 1205, "camera_size": [41, 41], "camera_position": [256, 254], "world_position": [0.705, 0.6498037994254439, -0.15], "world_orientation": [1.0, 8.100187187665134e-17, -1.2653630886983698e-17, -8.100187187665134e-17, 1.0, -1.9397816686250694e-16, 1.2653630886983698e-17, 1.9397816686250694e-16, 1.0], "world_rotation": [-0.9211093596285536, 0.06008602943210125, 0.38463907325148433, -2.1059189642881336e-16]}], "source": "action wait"}
{"timestamp": 1706031694.206432, "objects": [{"color": "cv_", "id_name": "hand", "shape": "CVCylinder", "id_string": "ob382", "world_size": [0.12, 0.005, 0.12], "id": 382, "camera_size": [49, 48], "camera_position": [246, 194], "world_position": [0.8516980999620657, 0.6744091465709989, -0.17409728779282932], "world_orientation": [-9.129093125836644e-06, 0.004491891351828723, 0.9999899113634814, -0.0007606665858023654, -0.9999896221323931, 0.004491883108355098, 0.9999997106514606, -0.0007606179048948346, 1.2545830044073562e-05], "world_rotation": [0.0, 1.0, 0.0, 0.0]}, {"color": "CVPurple", "id_name": "object173805047421093", "shape": "CVSphere", "id_string": "ob1205", "world_size": [0.1, 0.1, 0.1], "id": 1205, "camera_size": [41, 41], "camera_position": [256, 254], "world_position": [0.705, 0.6498037994254439, -0.15], "world_orientation": [1.0, 8.100187187665134e-17, -1.2653630886983698e-17, -8.100187187665134e-17, 1.0, -1.9397816686250694e-16, 1.2653630886983698e-17, 1.9397816686250694e-16, 1.0], "world_rotation": [-0.9211093596285536, 0.06008602943210125, 0.38463907325148433, -2.1059189642881336e-16]}], "source": "action wait"}
{"timestamp": 1706031694.237447, "objects": [{"color": "cv_", "id_name": "hand", "shape": "CVCylinder", "id_string": "ob382", "world_size": [0.12, 0.005, 0.12], "id": 382, "camera_size": [49, 49], "camera_position": [246, 194], "world_position": [0.8537442482437879, 0.6724756675302218, -0.17409890178606766], "world_orientation": [-8.254663516027545e-06, 0.0026555471844150894, 0.9999964739942897, -0.0007611199951447275, -0.9999961843941995, 0.002655540132554417, 0.9999997103140649, -0.0007610953908413716, 1.0275822079959084e-05], "world_rotation": [0.0, 1.0, 0.0, 0.0]}, {"color": "CVPurple", "id_name": "object173805047421093", "shape": "CVSphere", "id_string": "ob1205", "world_size": [0.1, 0.1, 0.1], "id": 1205, "camera_size": [41, 41], "camera_position": [256, 254], "world_position": [0.705, 0.6498037994254439, -0.15], "world_orientation": [1.0, 8.100187187665134e-17, -1.2653630886983698e-17, -8.100187187665134e-17, 1.0, -1.9397816686250694e-16, 1.2653630886983698e-17, 1.9397816686250694e-16, 1.0], "world_rotation": [-0.9211093596285536, 0.06008602943210125, 0.38463907325148433, -2.1059189642881336e-16]}], "source": "action wait"}
{"timestamp": 1706031694.270717, "objects": [{"color": "cv_", "id_name": "hand", "shape": "CVCylinder", "id_string": "ob382", "world_size": [0.12, 0.005, 0.12], "id": 382, "camera_size": [49, 49], "camera_position": [246, 193], "world_position": [0.8551831302460474, 0.6711123634905554, -0.17410015842418072], "world_orientation": [-7.462769470490965e-06, 0.0013612848683472473, 0.9999990734234779, -0.0007615344923429663, -0.9999987834918957, 0.0013612787905061719, 0.99999971000472, -0.0007615236278135884, 8.499425773487637e-06], "world_rotation": [0.0, 1.0, 0.0, 0.0]}, {"color": "CVPurple", "id_name": "object173805047421093", "shape": "CVSphere", "id_string": "ob1205", "world_size": [0.1, 0.1, 0.1], "id": 1205, "camera_size": [41, 41], "camera_position": [256, 254], "world_position": [0.705, 0.6498037994254439, -0.15], "world_orientation": [1.0, 8.100187187665134e-17, -1.2653630886983698e-17, -8.100187187665134e-17, 1.0, -1.9397816686250694e-16, 1.2653630886983698e-17, 1.9397816686250694e-16, 1.0], "world_rotation": [-0.9211093596285536, 0.06008602943210125, 0.38463907325148433, -2.1059189642881336e-16]}], "source": "action wait"}
{"timestamp": 1706031694.305947, "objects": [{"color": "cv_", "id_name": "hand", "shape": "CVCylinder", "id_string": "ob382", "world_size": [0.12, 0.005, 0.12], "id": 382, "camera_size": [49, 49], "camera_position": [246, 193], "world_position": [0.8561957762058922, 0.6701520274957131, -0.17410112751781778], "world_orientation": [-6.783337179070773e-06, 0.0004490571559059864, 0.9999998991508235, -0.0007618889709061527, -0.9999996089387363, 0.0004490518574341487, 0.9999997097395491, -0.0007618858480005183, 7.125466221126381e-06], "world_rotation": [0.0, 1.0, 0.0, 0.0]}, {"color": "CVPurple", "id_name": "object173805047421093", "shape": "CVSphere", "id_string": "ob1205", "world_size": [0.1, 0.1, 0.1], "id": 1205, "camera_size": [41, 41], "camera_position": [256, 254], "world_position": [0.705, 0.6498037994254439, -0.15], "world_orientation": [1.0, 8.100187187665134e-17, -1.2653630886983698e-17, -8.100187187665134e-17, 1.0, -1.9397816686250694e-16, 1.2653630886983698e-17, 1.9397816686250694e-16, 1.0], "world_rotation": [-0.9211093596285536, 0.06008602943210125, 0.38463907325148433, -2.1059189642881336e-16]}], "source": "action wait"}
{"timestamp": 1706031694.341374, "objects": [{"color": "cv_", "id_name": "hand", "shape": "CVCylinder", "id_string": "ob382", "world_size": [0.12, 0.005, 0.12], "id": 382, "camera_size": [49, 48], "camera_position": [246, 192], "world_position": [0.8569088608115418, 0.6694759486273237, -0.17410186920417633], "world_orientation": [-6.220295950622744e-06, -0.0001939221564400538, 0.9999999811777525, -0.0007621793772775114, -0.9999996907374408, -0.00019392684109834435, 0.9999997095219102, -0.0007621805692143263, 6.072490558846756e-06], "world_rotation": [0.0, 1.0, 0.0, 0.0]}, {"color": "CVPurple", "id_name": "object173805047421093", "shape": "CVSphere", "id_string": "ob1205", "world_size": [0.1, 0.1, 0.1], "id": 1205, "camera_size": [41, 41], "camera_position": [256, 254], "world_position": [0.705, 0.6498037994254439, -0.15], "world_orientation": [1.0, 8.100187187665134e-17, -1.2653630886983698e-17, -8.100187187665134e-17, 1.0, -1.9397816686250694e-16, 1.2653630886983698e-17, 1.9397816686250694e-16, 1.0], "world_rotation": [-0.9211093596285536, 0.06008602943210125, 0.38463907325148433, -2.1059189642881336e-16]}], "source": "action wait"}
{"timestamp": 1706031694.37692, "objects": [{"color": "cv_", "id_name": "hand", "shape": "CVCylinder", "id_string": "ob382", "world_size": [0.12, 0.005, 0.12], "id": 382, "camera_size": [49, 48], "camera_position": [246, 192], "world_position": [0.8574112121555211, 0.6690001447659464, -0.17410243333972736], "world_orientation": [-5.764805477430309e-06, -0.0006471358737932013, 0.9999997905909421, -0.0007624102819179587, -0.9999994999700139, -0.0006471400808694828, 0.9999997093486224, -0.000762413852899418, 5.271419551241024e-06], "world_rotation": [0.0, 1.0, 0.0, 0.0]}, {"color": "CVPurple", "id_name": "object173805047421093", "shape": "CVSphere", "id_string": "ob1205", "world_size": [0.1, 0.1, 0.1], "id": 1205, "camera_size": [41, 41], "camera_position": [256, 254], "world_position": [0.705, 0.6498037994254439, -0.15], "world_orientation": [1.0, 8.100187187665134e-17, -1.2653630886983698e-17, -8.100187187665134e-17, 1.0, -1.9397816686250694e-16, 1.2653630886983698e-17, 1.9397816686250694e-16, 1.0], "world_rotation": [-0.9211093596285536, 0.06008602943210125, 0.38463907325148433, -2.1059189642881336e-16]}], "source": "action wait"}
{"timestamp": 1706031694.406254, "objects": [{"color": "cv_", "id_name": "hand", "shape": "CVCylinder", "id_string": "ob382", "world_size": [0.12, 0.005, 0.12], "id": 382, "camera_size": [49, 49], "camera_position": [246, 192], "world_position": [0.8577652160692756, 0.6686653405933193, -0.17410286021577004], "world_orientation": [-5.402796622882708e-06, -0.0009665989502165687, 0.9999995328285306, -0.0007625898927860613, -0.9999992420675645, -0.0009666027892868823, 0.9999997092136904, -0.0007625947588844964, 4.665673938479173e-06], "world_rotation": [0.0, 1.0, 0.0, 0.0]}, {"color": "CVPurple", "id_name": "object173805047421093", "shape": "CVSphere", "id_string": "ob1205", "world_size": [0.1, 0.1, 0.1], "id": 1205, "camera_size": [41, 41], "camera_position": [256, 254], "world_position": [0.705, 0.6498037994254439, -0.15], "world_orientation": [1.0, 8.100187187665134e-17, -1.2653630886983698e-17, -8.100187187665134e-17, 1.0, -1.9397816686250694e-16, 1.2653630886983698e-17, 1.9397816686250694e-16, 1.0], "world_rotation": [-0.9211093596285536, 0.06008602943210125, 0.38463907325148433, -2.1059189642881336e-16]}], "source": "action wait"}
{"timestamp": 1706031694.438167, "objects": [{"color": "cv_", "id_name": "hand", "shape": "CVCylinder", "id_string": "ob382", "world_size": [0.12, 0.005, 0.12], "id": 382, "camera_size": [48, 49], "camera_position": [246, 192], "world_position": [0.8580147370868405, 0.6684297616819572, -0.17410318181107856], "world_orientation": [-5.1189898286600085e-06, -0.0011917889146822941, 0.9999992898062373, -0.0007627272922378358, -0.9999989989383893, -0.001191792472424677, 0.9999997091103946, -0.0007627328513275629, 4.209974772784877e-06], "world_rotation": [0.0, 1.0, 0.0, 0.0]}, {"color": "CVPurple", "id_name": "object173805047421093", "shape": "CVSphere", "id_string": "ob1205", "world_size": [0.1, 0.1, 0.1], "id": 1205, "camera_size": [41, 41], "camera_position": [256, 254], "world_position": [0.705, 0.6498037994254439, -0.15], "world_orientation": [1.0, 8.100187187665134e-17, -1.2653630886983698e-17, -8.100187187665134e-17, 1.0, -1.9397816686250694e-16, 1.2653630886983698e-17, 1.9397816686250694e-16, 1.0], "world_rotation": [-0.9211093596285536, 0.06008602943210125, 0.38463907325148433, -2.1059189642881336e-16]}], "source": "action wait"}
{"timestamp": 1706031696.547304, "objects": [{"color": "cv_", "id_name": "hand", "shape": "CVCylinder", "id_string": "ob382", "world_size": [0.12, 0.005, 0.12], "id": 382, "camera_size": [48, 49], "camera_position": [246, 192], "world_position": [0.8586113533818841, 0.6678699066364432, -0.1741041208285255], "world_orientation": [-4.213636457970574e-06, -0.0017298076627652616, 0.9999985038727284, -0.0007631196728715594, -0.9999982127006192, -0.001729810374606084, 0.9999997088152628, -0.0007631258199398296, 2.8935786695642253e-06], "world_rotation": [0.0, 1.0, 0.0, 0.0]}, {"color": "CVPurple", "id_name": "object173805047421093", "shape": "CVSphere", "id_string": "ob1205", "world_size": [0.1, 0.1, 0.1], "id": 1205, "camera_size": [41, 41], "camera_position": [256, 254], "world_position": [0.705, 0.6498037994254439, -0.15], "world_orientation": [1.0, 8.100187187665134e-17, -1.2653630886983698e-17, -8.100187187665134e-17, 1.0, -1.9397816686250694e-16, 1.2653630886983698e-17, 1.9397816686250694e-16, 1.0], "world_rotation": [-0.9211093596285536, 0.06008602943210125, 0.38463907325148433, -2.1059189642881336e-16]}], "source": "action wait"}
{"timestamp": 1706031696.570653, "objects": [{"color": "cv_", "id_name": "hand", "shape": "CVCylinder", "id_string": "ob382", "world_size": [0.12, 0.005, 0.12], "id": 382, "camera_size": [48, 48], "camera_position": [246, 205], "world_position": [0.8259752752778629, 0.6549388945458517, -0.1740882809802766], "world_orientation": [-4.61199414145852e-05, -0.022699947854072148, 0.9997423219211906, -0.0007601325519534649, -0.9997420333622953, -0.022699976368416187, 0.9999997100356852, -0.0007609836040384327, 2.8853074717196795e-05], "world_rotation": [0.0, 1.0, 0.0, 0.0]}, {"color": "CVPurple", "id_name": "object173805047421093", "shape": "CVSphere", "id_string": "ob1205", "world_size": [0.1, 0.1, 0.1], "id": 1205, "camera_size": [41, 41], "camera_position": [256, 254], "world_position": [0.705, 0.6498037994254439, -0.15], "world_orientation": [1.0, 8.100187187665134e-17, -1.2653630886983698e-17, -8.100187187665134e-17, 1.0, -1.9397816686250694e-16, 1.2653630886983698e-17, 1.9397816686250694e-16, 1.0], "world_rotation": [-0.9211093596285536, 0.06008602943210125, 0.38463907325148433, -2.1059189642881336e-16]}], "source": "action wait"}
{"timestamp": 1706031696.603873, "objects": [{"color": "cv_", "id_name": "hand", "shape": "CVCylinder", "id_string": "ob382", "world_size": [0.12, 0.005, 0.12], "id": 382, "camera_size": [48, 49], "camera_position": [246, 219], "world_position": [0.7918174596150941, 0.6616466924303456, -0.174101548986796], "world_orientation": [-3.394288258647882e-05, -0.016531453835222986, 0.9998633456037754, -0.0007580433191623634, -0.9998630584787832, -0.01653147482167228, 0.999999712109062, -0.0007585008551195064, 2.140667626103809e-05], "world_rotation": [0.0, 1.0, 0.0, 0.0]}, {"color": "CVPurple", "id_name": "object173805047421093", "shape": "CVSphere", "id_string": "ob1205", "world_size": [0.1, 0.1, 0.1], "id": 1205, "camera_size": [41, 43], "camera_position": [256, 264], "world_position": [0.6808227398826323, 0.6511841297693728, -0.1500056130366064], "world_orientation": [0.999528118969576, -0.03071678813068541, 0.00013533689810396864, 0.030716789590735732, 0.9995281280490096, -8.722457235478062e-06, -0.00013500511054693822, 1.2875456296292354e-05, 0.9999999908039213], "world_rotation": [0.0003515618637293115, 0.004400514904637999, 0.9999902558889412, 0.03072192068792716]}], "source": "action wait"}
{"timestamp": 1706031696.648164, "objects": [{"color": "cv_", "id_name": "hand", "shape": "CVCylinder", "id_string": "ob382", "world_size": [0.12, 0.005, 0.12], "id": 382, "camera_size": [48, 49], "camera_position": [246, 229], "world_position": [0.767233149717791, 0.6650326583489428, -0.17410632995369418], "world_orientation": [-1.761378561582818e-05, -0.01211103860472387, 0.999926658527349, -0.0007619058565657167, -0.9999263682909076, -0.012111048510431691, 0.999999709594568, -0.0007620632986806018, 8.38501744102564e-06], "world_rotation": [0.0, 1.0, 0.0, 0.0]}, {"color": "CVPurple", "id_name": "object173805047421093", "shape": "CVSphere", "id_string": "ob1205", "world_size": [0.1, 0.1, 0.1], "id": 1205, "camera_size": [41, 44], "camera_position": [256, 282], "world_position": [0.6357344082809757, 0.6516911003199125, -0.15001825191038348], "world_orientation": [0.999169543090863, -0.0407439209711468, 0.0003963123679614318, 0.04074392630238414, 0.9991696214559739, -5.384409527139398e-06, -0.0003957638967180944, 2.1527259919988997e-05, 0.9999999214537545], "world_rotation": [0.0003302381599009032, 0.009719716893180652, 0.999952707904866, 0.040757133567118194]}], "source": "action wait"}
{"timestamp": 1706031696.681672, "objects": [{"color": "cv_", "id_name": "hand", "shape": "CVCylinder", "id_string": "ob382", "world_size": [0.12, 0.005, 0.12], "id": 382, "camera_size": [48, 49], "camera_position": [246, 236], "world_position": [0.7498428241620868, 0.6666620760752247, -0.17410846142634628], "world_orientation": [-8.285309142388828e-06, -0.009009873592460783, 0.9999594102308361, -0.0007633979485358956, -0.9999591188317416, -0.009009877292129617, 0.9999997085774206, -0.0007634416120084429, 1.4068514125742241e-06], "world_rotation": [0.0, 1.0, 0.0, 0.0]}, {"color": "CVPurple", "id_name": "object173805047421093", "shape": "CVSphere", "id_string": "ob1205", "world_size": [0.1, 0.1, 0.1], "id": 1205, "camera_size": [41, 44], "camera_position": [256, 298], "world_position": [0.5948688975368011, 0.6489845942284548, -0.15003249455460435], "world_orientation": [0.9998839313584116, 0.015221338457230943, 0.0006592926649180503, -0.015221337158491452, 0.9998841487123786, -6.98780268057848e-06, -0.0006593226487235737, -3.048324323025946e-06, 0.9999997826421527], "world_rotation": [0.000129285218367609, 0.04327412243303769, -0.9990632280356347, 0.01523619958649745]}], "source": "action wait"}
{"timestamp": 1706031696.713626, "objects": [{"color": "cv_", "id_name": "hand", "shape": "CVCylinder", "id_string": "ob382", "world_size": [0.12, 0.005, 0.12], "id": 382, "camera_size": [48, 49], "camera_position": [246, 241], "world_position": [0.73757554654439, 0.6674388745320541, -0.1741091780839075], "world_orientation": [-3.3487441366210948e-06, -0.006833413047688718, 0.9999766519548873, -0.0007638252922596978, -0.9999763602352452, -0.00683341361211622, 0.9999997082798119, -0.0007638303417864396, -1.8708687448281988e-06], "world_rotation": [0.0, 1.0, 0.0, 0.0]}, {"color": "CVPurple", "id_name": "object173805047421093", "shape": "CVSphere", "id_string": "ob1205", "world_size": [0.1, 0.1, 0.1], "id": 1205, "camera_size": [41, 44], "camera_position": [256, 309], "world_position": [0.5669867206304959, 0.6502149309455754, -0.15003194554999355], "world_orientation": [0.9999420180849241, -0.010748292393558526, 0.0006593018064130935, 0.010748295302347624, 0.9999422354052951, -8.687941439353271e-07, -0.000659254384057969, 7.955114278287058e-06, 0.9999997826601632], "world_rotation": [0.0004097094488323452, 0.06122286227403015, 0.9981240370180164, 0.010768703277071481]}], "source": "action wait"}
{"timestamp": 1706031696.745291, "objects": [{"color": "cv_", "id_name": "hand", "shape": "CVCylinder", "id_string": "ob382", "world_size": [0.12, 0.005, 0.12], "id": 382, "camera_size": [48, 48], "camera_position": [246, 244], "world_position": [0.728932625471774, 0.6678054692115034, -0.17410913110314694], "world_orientation": [-1.012607807784341e-06, -0.005305109397830373, 0.9999859278076125, -0.0007638325098481807, -0.9999856360880329, -0.005305108623677586, 0.9999997082793933, -0.0007638271330449475, -3.0396217632177937e-06], "world_rotation": [0.0, 1.0, 0.0, 0.0]}, {"color": "CVPurple", "id_name": "object173805047421093", "shape": "CVSphere", "id_string": "ob1205", "world_size": [0.1, 0.1, 0.1], "id": 1205, "camera_size": [41, 44], "camera_position": [256, 318], "world_position": [0.546054513500446, 0.6499555757296165, -0.1500322264159682], "world_orientation": [0.999982693921225, -0.005845983324501382, 0.0006605581120410775, 0.00584598447015556, 0.9999829120867697, 1.9643659497530456e-07, -0.0006605479728464339, 3.6651792691934663e-06, 0.9999997818314472], "world_rotation": [0.00029480144760478513, 0.1122781430744533, 0.993676774247974, 0.0058832185402291765]}], "source": "action wait"}
