{"timestamp": 1706031212.666754, "objects": [{"color": "cv_", "id_name": "hand", "shape": "CVCylinder", "id_string": "ob382", "world_size": [0.12, 0.005, 0.12], "id": 382, "camera_size": [48, 50], "camera_position": [246, 426], "world_position": [0.26764451554003976, 0.6334703013847467, -0.17389260400847809], "world_orientation": [-0.0006415511435637066, 0.1979154748665612, 0.9802188802611761, -0.0007473675235769516, -0.9802189031249379, 0.19791499033253876, 0.9999995149268399, -0.0006056111687282167, 0.0007767761565715739], "world_rotation": [0.0, 1.0, 0.0, 0.0]}, {"color": "CVBlue", "id_name": "object118362470509677", "shape": "CVCone", "id_string": "ob1100", "world_size": [0.09, 0.09, 0.09], "id": 1100, "camera_size": [37, 37], "camera_position": [256, 254], "world_position": [0.705, 0.644856964849591, -0.15], "world_orientation": [1.0, -3.248937977869676e-17, -1.2807790779525605e-17, 3.248937977869676e-17, 1.0, -6.497875955739369e-17, 1.2807790779525605e-17, 6.497875955739369e-17, 1.0], "world_rotation": [-0.8808431718627018, 0.17362065899128884, -0.4404215859313497, -7.376881791566185e-17]}], "source": "manual check"}
{"timestamp": 1706031213.695406, "objects": [{"color": "cv_", "id_name": "hand", "shape": "CVCylinder", "id_string": "ob382", "world_size": [0.12, 0.005, 0.12], "id": 382, "camera_size": [48, 50], "camera_position": [246, 426], "world_position": [0.26764451554003976, 0.6334703013847467, -0.17389260400847809], "world_orientation": [-0.0006415511435637066, 0.1979154748665612, 0.9802188802611761, -0.0007473675235769516, -0.9802189031249379, 0.19791499033253876, 0.9999995149268399, -0.0006056111687282167, 0.0007767761565715739], "world_rotation": [0.0, 1.0, 0.0, 0.0]}, {"color": "CVBlue", "id_name": "object118362470509677", "shape": "CVCone", "id_string": "ob1100", "world_size": [0.09, 0.09, 0.09], "id": 1100, "camera_size": [37, 37], "camera_position": [256, 254], "world_position": [0.705, 0.6448569696296074, -0.15], "world_orientation": [1.0, -4.331917303826236e-17, -1.1712398707441946e-17, 4.331917303826236e-17, 1.0, -5.775889738434995e-17, 1.1712398707441946e-17, 5.775889738434995e-17, 1.0], "world_rotation": [-0.7896765794068324, 0.16013129347666225, -0.5922574345551229, -7.314247236221149e-17]}], "source": "manual check"}
{"timestamp": 1706031216.330282, "objects": [{"color": "cv_", "id_name": "hand", "shape": "CVCylinder", "id_string": "ob382", "world_size": [0.12, 0.005, 0.12], "id": 382, "camera_size": [48, 50], "camera_position": [246, 426], "world_position": [0.26764451554003976, 0.6334703013847467, -0.17389260400847809], "world_orientation": [-0.0006415511435637066, 0.1979154748665612, 0.9802188802611761, -0.0007473675235769516, -0.9802189031249379, 0.19791499033253876, 0.9999995149268399, -0.0006056111687282167, 0.0007767761565715739], "world_rotation": [0.0, 1.0, 0.0, 0.0]}, {"color": "CVBlue", "id_name": "object118362470509677", "shape": "CVCone", "id_string": "ob1100", "world_size": [0.09, 0.09, 0.09], "id": 1100, "camera_size": [37, 37], "camera_position": [256, 254], "world_position": [0.705, 0.6448569696296074, -0.15], "world_orientation": [1.0, -4.331917303826236e-17, -1.1712398707441946e-17, 4.331917303826236e-17, 1.0, -5.775889738434995e-17, 1.1712398707441946e-17, 5.775889738434995e-17, 1.0], "world_rotation": [-0.7896765794068324, 0.16013129347666225, -0.5922574345551229, -7.314247236221149e-17]}], "source": "action wait"}
{"timestamp": 1706031216.35838, "objects": [{"color": "cv_", "id_name": "hand", "shape": "CVCylinder", "id_string": "ob382", "world_size": [0.12, 0.005, 0.12], "id": 382, "camera_size": [49, 51], "camera_position": [246, 421], "world_position": [0.29200344045638893, 0.6685521434839014, -0.1739556585103163], "world_orientation": [-0.0003763396798388729, 0.20639405744786654, 0.9784688811702967, -0.0007130999503221617, -0.9784687570694239, 0.20639375699734122, 0.9999996749284004, -0.0006200719501254866, 0.0005154162108811413], "world_rotation": [0.0, 1.0, 0.0, 0.0]}, {"color": "CVBlue", "id_name": "object118362470509677", "shape": "CVCone", "id_string": "ob1100", "world_size": [0.09, 0.09, 0.09], "id": 1100, "camera_size": [37, 37], "camera_position": [256, 254], "world_position": [0.705, 0.6448569696296074, -0.15], "world_orientation": [1.0, -4.331917303826236e-17, -1.1712398707441946e-17, 4.331917303826236e-17, 1.0, -5.775889738434995e-17, 1.1712398707441946e-17, 5.775889738434995e-17, 1.0], "world_rotation": [-0.7896765794068324, 0.16013129347666225, -0.5922574345551229, -7.314247236221149e-17]}], "source": "action wait"}
{"timestamp": 1706031216.387733, "objects": [{"color": "cv_", "id_name": "hand", "shape": "CVCylinder", "id_string": "ob382", "world_size": [0.12, 0.005, 0.12], "id": 382, "camera_size": [51, 52], "camera_position": [246, 405], "world_position": [0.3386682493443457, 0.7074677308313423, -0.17398340325958583], "world_orientation": [-0.00021174123556395684, 0.20112893058412265, 0.979564754596518, -0.0007284984757658112, -0.979564547647898, 0.2011287306213118, 0.9999997122277687, -0.0006710241847085918, 0.00035393632699698554], "world_rotation": [0.0, 1.0, 0.0, 0.0]}, {"color": "CVBlue", "id_name": "object118362470509677", "shape": "CVCone", "id_string": "ob1100", "world_size": [0.09, 0.09, 0.09], "id": 1100, "camera_size": [37, 37], "camera_position": [256, 254], "world_position": [0.705, 0.6448569696296074, -0.15], "world_orientation": [1.0, -4.331917303826236e-17, -1.1712398707441946e-17, 4.331917303826236e-17, 1.0, -5.775889738434995e-17, 1.1712398707441946e-17, 5.775889738434995e-17, 1.0], "world_rotation": [-0.7896765794068324, 0.16013129347666225, -0.5922574345551229, -7.314247236221149e-17]}], "source": "action wait"}
{"timestamp": 1706031216.421759, "objects": [{"color": "cv_", "id_name": "hand", "shape": "CVCylinder", "id_string": "ob382", "world_size": [0.12, 0.005, 0.12], "id": 382, "camera_size": [51, 53], "camera_position": [246, 388], "world_position": [0.3896850599820733, 0.7413032607625017, -0.17400398815348378], "world_orientation": [-0.00010459970467606252, 0.1973464689616055, 0.9803338004206975, -0.0007393150758909142, -0.980333553126097, 0.1973463402963952, 0.9999997212360213, -0.0007041331891428383, 0.00024844381981860714], "world_rotation": [0.0, 1.0, 0.0, 0.0]}, {"color": "CVBlue", "id_name": "object118362470509677", "shape": "CVCone", "id_string": "ob1100", "world_size": [0.09, 0.09, 0.09], "id": 1100, "camera_size": [37, 37], "camera_position": [256, 254], "world_position": [0.705, 0.6448569696296074, -0.15], "world_orientation": [1.0, -4.331917303826236e-17, -1.1712398707441946e-17, 4.331917303826236e-17, 1.0, -5.775889738434995e-17, 1.1712398707441946e-17, 5.775889738434995e-17, 1.0], "world_rotation": [-0.7896765794068324, 0.16013129347666225, -0.5922574345551229, -7.314247236221149e-17]}], "source": "action wait"}
{"timestamp": 1706031216.455922, "objects": [{"color": "cv_", "id_name": "hand", "shape": "CVCylinder", "id_string": "ob382", "world_size": [0.12, 0.005, 0.12], "id": 382, "camera_size": [52, 53], "camera_position": [245, 367], "world_position": [0.44412789504926176, 0.7697137154437972, -0.17402260682249376], "world_orientation": [-2.9176206492866056e-05, 0.194676002212572, 0.9808676023354423, -0.0007464568690810045, -0.980867333724029, 0.19467592669679867, 0.9999997209754069, -0.0007264954543860966, 0.00017393522696807057], "world_rotation": [0.0, 1.0, 0.0, 0.0]}, {"color": "CVBlue", "id_name": "object118362470509677", "shape": "CVCone", "id_string": "ob1100", "world_size": [0.09, 0.09, 0.09], "id": 1100, "camera_size": [37, 37], "camera_position": [256, 254], "world_position": [0.705, 0.6448569696296074, -0.15], "world_orientation": [1.0, -4.331917303826236e-17, -1.1712398707441946e-17, 4.331917303826236e-17, 1.0, -5.775889738434995e-17, 1.1712398707441946e-17, 5.775889738434995e-17, 1.0], "world_rotation": [-0.7896765794068324, 0.16013129347666225, -0.5922574345551229, -7.314247236221149e-17]}], "source": "action wait"}
{"timestamp": 1706031216.493165, "objects": [{"color": "cv_", "id_name": "hand", "shape": "CVCylinder", "id_string": "ob382", "world_size": [0.12, 0.005, 0.12], "id": 382, "camera_size": [53, 54], "camera_position": [245, 343], "world_position": [0.5013423519236201, 0.7924400646625704, -0.17403885753763537], "world_orientation": [2.3822699344998036e-05, 0.19278956133048583, 0.9812401257971861, -0.0007512525861105286, -0.9812398457288847, 0.1927895245429765, 0.9999997175259756, -0.0007417519489808797, 0.00012145787469493787], "world_rotation": [0.0, 1.0, 0.0, 0.0]}, {"color": "CVBlue", "id_name": "object118362470509677", "shape": "CVCone", "id_string": "ob1100", "world_size": [0.09, 0.09, 0.09], "id": 1100, "camera_size": [37, 37], "camera_position": [256, 254], "world_position": [0.705, 0.6448569696296074, -0.15], "world_orientation": [1.0, -4.331917303826236e-17, -1.1712398707441946e-17, 4.331917303826236e-17, 1.0, -5.775889738434995e-17, 1.1712398707441946e-17, 5.775889738434995e-17, 1.0], "world_rotation": [-0.7896765794068324, 0.16013129347666225, -0.5922574345551229, -7.314247236221149e-17]}], "source": "action wait"}
{"timestamp": 1706031216.528578, "objects": [{"color": "cv_", "id_name": "hand", "shape": "CVCylinder", "id_string": "ob382", "world_size": [0.12, 0.005, 0.12], "id": 382, "camera_size": [54, 54], "camera_position": [245, 318], "world_position": [0.5606820913905313, 0.8092670951417458, -0.174052585384447], "world_orientation": [6.094977725974564e-05, 0.19145537011498495, 0.981501318154621, -0.0007545279230565678, -0.9815010317825197, 0.19145536110922273, 0.9999997134863281, -0.0007522393126795706, 8.463615350395821e-05], "world_rotation": [0.0, 1.0, 0.0, 0.0]}, {"color": "CVBlue", "id_name": "object118362470509677", "shape": "CVCone", "id_string": "ob1100", "world_size": [0.09, 0.09, 0.09], "id": 1100, "camera_size": [37, 37], "camera_position": [256, 254], "world_position": [0.705, 0.6448569696296074, -0.15], "world_orientation": [1.0, -4.331917303826236e-17, -1.1712398707441946e-17, 4.331917303826236e-17, 1.0, -5.775889738434995e-17, 1.1712398707441946e-17, 5.775889738434995e-17, 1.0], "world_rotation": [-0.7896765794068324, 0.16013129347666225, -0.5922574345551229, -7.314247236221149e-17]}], "source": "action wait"}
{"timestamp": 1706031216.560851, "objects": [{"color": "cv_", "id_name": "hand", "shape": "CVCylinder", "id_string": "ob382", "world_size": [0.12, 0.005, 0.12], "id": 382, "camera_size": [54, 54], "camera_position": [245, 291], "world_position": [0.6217208257419092, 0.8137909603259252, -0.17406304098047892], "world_orientation": [8.105691686868085e-05, 0.18162632801323242, 0.9833676171209859, -0.00076445523599883, -0.9833673217610603, 0.18162633647318774, 0.9999997045189407, -0.0007664625946767913, 5.913647419401724e-05], "world_rotation": [0.0, 1.0, 0.0, 0.0]}, {"color": "CVBlue", "id_name": "object118362470509677", "shape": "CVCone", "id_string": "ob1100", "world_size": [0.09, 0.09, 0.09], "id": 1100, "camera_size": [37, 37], "camera_position": [256, 254], "world_position": [0.705, 0.6448569696296074, -0.15], "world_orientation": [1.0, -4.331917303826236e-17, -1.1712398707441946e-17, 4.331917303826236e-17, 1.0, -5.775889738434995e-17, 1.1712398707441946e-17, 5.775889738434995e-17, 1.0], "world_rotation": [-0.7896765794068324, 0.16013129347666225, -0.5922574345551229, -7.314247236221149e-17]}], "source": "action wait"}
{"timestamp": 1706031216.5934, "objects": [{"color": "cv_", "id_name": "hand", "shape": "CVCylinder", "id_string": "ob382", "world_size": [0.12, 0.005, 0.12], "id": 382, "camera_size": [53, 53], "camera_position": [245, 263], "world_position": [0.6838631761280931, 0.7933836001468614, -0.17407078801957035], "world_orientation": [7.166657968038507e-05, 0.14550177469309128, 0.9893579880028575, -0.0007771505624093824, -0.9893576836718961, 0.14550178623090487, 0.9999996954504061, -0.0007793077321574878, 4.2172904765439485e-05], "world_rotation": [0.0, 1.0, 0.0, 0.0]}, {"color": "CVBlue", "id_name": "object118362470509677", "shape": "CVCone", "id_string": "ob1100", "world_size": [0.09, 0.09, 0.09], "id": 1100, "camera_size": [37, 37], "camera_position": [256, 254], "world_position": [0.705, 0.6448569696296074, -0.15], "world_orientation": [1.0, -4.331917303826236e-17, -1.1712398707441946e-17, 4.331917303826236e-17, 1.0, -5.775889738434995e-17, 1.1712398707441946e-17, 5.775889738434995e-17, 1.0], "world_rotation": [-0.7896765794068324, 0.16013129347666225, -0.5922574345551229, -7.314247236221149e-17]}], "source": "action wait"}
{"timestamp": 1706031216.623681, "objects": [{"color": "cv_", "id_name": "hand", "shape": "CVCylinder", "id_string": "ob382", "world_size": [0.12, 0.005, 0.12], "id": 382, "camera_size": [52, 52], "camera_position": [245, 239], "world_position": [0.7379820109318008, 0.7618449975191661, -0.17407248626531424], "world_orientation": [3.87805210701118e-05, 0.10229618994130739, 0.9947539836660937, -0.0007766694278478485, -0.9947536813074813, 0.10229618912654452, 0.9999996976402898, -0.0007765621068614644, 4.087325721561347e-05], "world_rotation": [0.0, 1.0, 0.0, 0.0]}, {"color": "CVBlue", "id_name": "object118362470509677", "shape": "CVCone", "id_string": "ob1100", "world_size": [0.09, 0.09, 0.09], "id": 1100, "camera_size": [37, 37], "camera_position": [256, 254], "world_position": [0.705, 0.6448569696296074, -0.15], "world_orientation": [1.0, -4.331917303826236e-17, -1.1712398707441946e-17, 4.331917303826236e-17, 1.0, -5.775889738434995e-17, 1.1712398707441946e-17, 5.775889738434995e-17, 1.0], "world_rotation": [-0.7896765794068324, 0.16013129347666225, -0.5922574345551229, -7.314247236221149e-17]}], "source": "action wait"}
{"timestamp": 1706031216.653914, "objects": [{"color": "cv_", "id_name": "hand", "shape": "CVCylinder", "id_string": "ob382", "world_size": [0.12, 0.005, 0.12], "id": 382, "camera_size": [51, 51], "camera_position": [246, 224], "world_position": [0.7751172072568214, 0.736079427474406, -0.17407394321657782], "world_orientation": [1.3716752058533828e-05, 0.07164794805965821, 0.9974299831821236, -0.0007699010018760178, -0.9974296869071808, 0.07164793736522308, 0.9999997035321051, -0.000768905120345779, 4.148033128275433e-05], "world_rotation": [0.0, 1.0, 0.0, 0.0]}, {"color": "CVBlue", "id_name": "object118362470509677", "shape": "CVCone", "id_string": "ob1100", "world_size": [0.09, 0.09, 0.09], "id": 1100, "camera_size": [37, 37], "camera_position": [256, 254], "world_position": [0.705, 0.6448569696296074, -0.15], "world_orientation": [1.0, -4.331917303826236e-17, -1.1712398707441946e-17, 4.331917303826236e-17, 1.0, -5.775889738434995e-17, 1.1712398707441946e-17, 5.775889738434995e-17, 1.0], "world_rotation": [-0.7896765794068324, 0.16013129347666225, -0.5922574345551229, -7.314247236221149e-17]}], "source": "action wait"}
{"timestamp": 1706031216.686791, "objects": [{"color": "cv_", "id_name": "hand", "shape": "CVCylinder", "id_string": "ob382", "world_size": [0.12, 0.005, 0.12], "id": 382, "camera_size": [51, 51], "camera_position": [246, 214], "world_position": [0.8005699968270686, 0.7162814407370324, -0.17407749546621987], "world_orientation": [1.302053216369373e-07, 0.050005148535311905, 0.9987489600094434, -0.0007648797594707995, -0.9987486678498606, 0.0500051340072452, 0.9999997074794255, -0.0007639293752386346, 3.8117883592841074e-05], "world_rotation": [0.0, 1.0, 0.0, 0.0]}, {"color": "CVBlue", "id_name": "object118362470509677", "shape": "CVCone", "id_string": "ob1100", "world_size": [0.09, 0.09, 0.09], "id": 1100, "camera_size": [37, 37], "camera_position": [256, 254], "world_position": [0.705, 0.6448569696296074, -0.15], "world_orientation": [1.0, -4.331917303826236e-17, -1.1712398707441946e-17, 4.331917303826236e-17, 1.0, -5.775889738434995e-17, 1.1712398707441946e-17, 5.775889738434995e-17, 1.0], "world_rotation": [-0.7896765794068324, 0.16013129347666225, -0.5922574345551229, -7.314247236221149e-17]}], "source": "action wait"}
{"timestamp": 1706031216.71288, "objects": [{"color": "cv_", "id_name": "hand", "shape": "CVCylinder", "id_string": "ob382", "world_size": [0.12, 0.005, 0.12], "id": 382, "camera_size": [49, 50], "camera_position": [246, 207], "world_position": [0.8181055548995473, 0.7015576728837107, -0.1740817025142432], "world_orientation": [-6.7208435470858745e-06, 0.034738010023520796, 0.9993964531728319, -0.0007618268237700313, -0.9993961633583122, 0.034737994826650624, 0.9999997097873184, -0.000761133556979669, 3.318113309617611e-05], "world_rotation": [0.0, 1.0, 0.0, 0.0]}, {"color": "CVBlue", "id_name": "object118362470509677", "shape": "CVCone", "id_string": "ob1100", "world_size": [0.09, 0.09, 0.09], "id": 1100, "camera_size": [37, 37], "camera_position": [256, 254], "world_position": [0.705, 0.6448569696296074, -0.15], "world_orientation": [1.0, -4.331917303826236e-17, -1.1712398707441946e-17, 4.331917303826236e-17, 1.0, -5.775889738434995e-17, 1.1712398707441946e-17, 5.775889738434995e-17, 1.0], "world_rotation": [-0.7896765794068324, 0.16013129347666225, -0.5922574345551229, -7.314247236221149e-17]}], "source": "action wait"}
{"timestamp": 1706031216.755881, "objects": [{"color": "cv_", "id_name": "hand", "shape": "CVCylinder", "id_string": "ob382", "world_size": [0.12, 0.005, 0.12], "id": 382, "camera_size": [49, 50], "camera_position": [246, 202], "world_position": [0.830248565502554, 0.690822902032581, -0.17408581363939743], "world_orientation": [-9.743965788129208e-06, 0.023973909427685684, 0.9997125844820641, -0.0007602983698124341, -0.9997122957633529, 0.023973895093528604, 0.9999997109256802, -0.0007598462474494456, 2.7968486664163457e-05], "world_rotation": [0.0, 1.0, 0.0, 0.0]}, {"color": "CVBlue", "id_name": "object118362470509677", "shape": "CVCone", "id_string": "ob1100", "world_size": [0.09, 0.09, 0.09], "id": 1100, "camera_size": [37, 37], "camera_position": [256, 254], "world_position": [0.705, 0.6448569696296074, -0.15], "world_orientation": [1.0, -4.331917303826236e-17, -1.1712398707441946e-17, 4.331917303826236e-17, 1.0, -5.775889738434995e-17, 1.1712398707441946e-17, 5.775889738434995e-17, 1.0], "world_rotation": [-0.7896765794068324, 0.16013129347666225, -0.5922574345551229, -7.314247236221149e-17]}], "source": "action wait"}
{"timestamp": 1706031216.791079, "objects": [{"color": "cv_", "id_name": "hand", "shape": "CVCylinder", "id_string": "ob382", "world_size": [0.12, 0.005, 0.12], "id": 382, "camera_size": [49, 50], "camera_position": [246, 199], "world_position": [0.8386945077090958, 0.6830942029293795, -0.17408948470118374], "world_orientation": [-1.066069680877949e-05, 0.01638650664626045, 0.9998657321292103, -0.0007597707276476667, -0.9998654437316857, 0.01638649381902518, 0.9999997113173538, -0.0007594940234077719, 2.3109250423802065e-05], "world_rotation": [0.0, 1.0, 0.0, 0.0]}, {"color": "CVBlue", "id_name": "object118362470509677", "shape": "CVCone", "id_string": "ob1100", "world_size": [0.09, 0.09, 0.09], "id": 1100, "camera_size": [37, 37], "camera_position": [256, 254], "world_position": [0.705, 0.6448569696296074, -0.15], "world_orientation": [1.0, -4.331917303826236e-17, -1.1712398707441946e-17, 4.331917303826236e-17, 1.0, -5.775889738434995e-17, 1.1712398707441946e-17, 5.775889738434995e-17, 1.0], "world_rotation": [-0.7896765794068324, 0.16013129347666225, -0.5922574345551229, -7.314247236221149e-17]}], "source": "action wait"}
{"timestamp": 1706031216.825053, "objects": [{"color": "cv_", "id_name": "hand", "shape": "CVCylinder", "id_string": "ob382", "world_size": [0.12, 0.005, 0.12], "id": 382, "camera_size": [49, 49], "camera_position": [246, 197], "world_position": [0.844589821746532, 0.6775749737618633, -0.17409259684783887], "world_orientation": [-1.0509197973864746e-05, 0.011038843585013875, 0.9999390700547021, -0.0007598236439545074, -0.9999387815496288, 0.011038832414434175, 0.9999997112787519, -0.0007596613386665679, 1.8896128975227545e-05], "world_rotation": [0.0, 1.0, 0.0, 0.0]}, {"color": "CVBlue", "id_name": "object118362470509677", "shape": "CVCone", "id_string": "ob1100", "world_size": [0.09, 0.09, 0.09], "id": 1100, "camera_size": [37, 37], "camera_position": [256, 254], "world_position": [0.705, 0.6448569696296074, -0.15], "world_orientation": [1.0, -4.331917303826236e-17, -1.1712398707441946e-17, 4.331917303826236e-17, 1.0, -5.775889738434995e-17, 1.1712398707441946e-17, 5.775889738434995e-17, 1.0], "world_rotation": [-0.7896765794068324, 0.16013129347666225, -0.5922574345551229, -7.314247236221149e-17]}], "source": "action wait"}
{"timestamp": 1706031216.855367, "objects": [{"color": "cv_", "id_name": "hand", "shape": "CVCylinder", "id_string": "ob382", "world_size": [0.12, 0.005, 0.12], "id": 382, "camera_size": [49, 49], "camera_position": [246, 196], "world_position": [0.848716020056081, 0.6736546379897066, -0.17409514860202097], "world_orientation": [-9.850009564181758e-06, 0.007269890643461841, 0.9999735739473367, -0.0007601673976539257, -0.9999732851306384, 0.007269881055887028, 0.9999997110242107, -0.000760075701032672, 1.5376080274498837e-05], "world_rotation": [0.0, 1.0, 0.0, 0.0]}, {"color": "CVBlue", "id_name": "object118362470509677", "shape": "CVCone", "id_string": "ob1100", "world_size": [0.09, 0.09, 0.09], "id": 1100, "camera_size": [37, 37], "camera_position": [256, 254], "world_position": [0.705, 0.6448569696296074, -0.15], "world_orientation": [1.0, -4.331917303826236e-17, -1.1712398707441946e-17, 4.331917303826236e-17, 1.0, -5.775889738434995e-17, 1.1712398707441946e-17, 5.775889738434995e-17, 1.0], "world_rotation": [-0.7896765794068324, 0.16013129347666225, -0.5922574345551229, -7.314247236221149e-17]}], "source": "action wait"}
{"timestamp": 1706031216.885219, "objects": [{"color": "cv_", "id_name": "hand", "shape": "CVCylinder", "id_string": "ob382", "world_size": [0.12, 0.005, 0.12], "id": 382, "camera_size": [49, 49], "camera_position": [246, 195], "world_position": [0.8516099171475434, 0.6708798319927769, -0.17409719346348745], "world_orientation": [-9.019690730041484e-06, 0.004613583940444116, 0.9999893573243016, -0.0007606224239496407, -0.9999890681264313, 0.0046135757455395545, 0.999999710686045, -0.0007605727158658401, 1.2528787528164574e-05], "world_rotation": [0.0, 1.0, 0.0, 0.0]}, {"color": "CVBlue", "id_name": "object118362470509677", "shape": "CVCone", "id_string": "ob1100", "world_size": [0.09, 0.09, 0.09], "id": 1100, "camera_size": [37, 37], "camera_position": [256, 254], "world_position": [0.705, 0.6448569696296074, -0.15], "world_orientation": [1.0, -4.331917303826236e-17, -1.1712398707441946e-17, 4.331917303826236e-17, 1.0, -5.775889738434995e-17, 1.1712398707441946e-17, 5.775889738434995e-17, 1.0], "world_rotation": [-0.7896765794068324, 0.16013129347666225, -0.5922574345551229, -7.314247236221149e-17]}], "source": "action wait"}
{"timestamp": 1706031216.915088, "objects": [{"color": "cv_", "id_name": "hand", "shape": "CVCylinder", "id_string": "ob382", "world_size": [0.12, 0.005, 0.12], "id": 382, "camera_size": [49, 49], "camera_position": [246, 194], "world_position": [0.8536426217247155, 0.6689203872826232, -0.17409880527651625], "world_orientation": [-8.176070206325118e-06, 0.002741420385790924, 0.99999624226665, -0.0007610869634416559, -0.9999959526914963, 0.0027414133692171922, 0.999999710339851, -0.0007610616894919599, 1.0262496432550273e-05], "world_rotation": [0.0, 1.0, 0.0, 0.0]}, {"color": "CVBlue", "id_name": "object118362470509677", "shape": "CVCone", "id_string": "ob1100", "world_size": [0.09, 0.09, 0.09], "id": 1100, "camera_size": [37, 37], "camera_position": [256, 254], "world_position": [0.705, 0.6448569696296074, -0.15], "world_orientation": [1.0, -4.331917303826236e-17, -1.1712398707441946e-17, 4.331917303826236e-17, 1.0, -5.775889738434995e-17, 1.1712398707441946e-17, 5.775889738434995e-17, 1.0], "world_rotation": [-0.7896765794068324, 0.16013129347666225, -0.5922574345551229, -7.314247236221149e-17]}], "source": "action wait"}
{"timestamp": 1706031216.950128, "objects": [{"color": "cv_", "id_name": "hand", "shape": "CVCylinder", "id_string": "ob382", "world_size": [0.12, 0.005, 0.12], "id": 382, "camera_size": [48, 48], "camera_position": [246, 193], "world_position": [0.8550720018055945, 0.6675387978302353, -0.17410006013956064], "world_orientation": [-7.4065678791387275e-06, 0.0014218862030018484, 0.9999989890918732, -0.0007615099970452605, -0.9999986991788348, 0.0014218801505973377, 0.9999997100237915, -0.000761498695977169, 8.489338803130351e-06], "world_rotation": [0.0, 1.0, 0.0, 0.0]}, {"color": "CVBlue", "id_name": "object118362470509677", "shape": "CVCone", "id_string": "ob1100", "world_size": [0.09, 0.09, 0.09], "id": 1100, "camera_size": [37, 37], "camera_position": [256, 254], "world_position": [0.705, 0.6448569696296074, -0.15], "world_orientation": [1.0, -4.331917303826236e-17, -1.1712398707441946e-17, 4.331917303826236e-17, 1.0, -5.775889738434995e-17, 1.1712398707441946e-17, 5.775889738434995e-17, 1.0], "world_rotation": [-0.7896765794068324, 0.16013129347666225, -0.5922574345551229, -7.314247236221149e-17]}], "source": "action wait"}
{"timestamp": 1706031216.983194, "objects": [{"color": "cv_", "id_name": "hand", "shape": "CVCylinder", "id_string": "ob382", "world_size": [0.12, 0.005, 0.12], "id": 382, "camera_size": [48, 49], "camera_position": [246, 193], "world_position": [0.8560779433996439, 0.6665655778338119, -0.17410102781321213], "world_orientation": [-6.743366256681479e-06, 0.0004918283895405406, 0.9999998790296739, -0.0007618709323799265, -0.9999995888312714, 0.0004918231092377717, 0.9999997097535626, -0.0007618675236731944, 7.118073238095102e-06], "world_rotation": [0.0, 1.0, 0.0, 0.0]}, {"color": "CVBlue", "id_name": "object118362470509677", "shape": "CVCone", "id_string": "ob1100", "world_size": [0.09, 0.09, 0.09], "id": 1100, "camera_size": [37, 37], "camera_position": [256, 254], "world_position": [0.705, 0.6448569696296074, -0.15], "world_orientation": [1.0, -4.331917303826236e-17, -1.1712398707441946e-17, 4.331917303826236e-17, 1.0, -5.775889738434995e-17, 1.1712398707441946e-17, 5.775889738434995e-17, 1.0], "world_rotation": [-0.7896765794068324, 0.16013129347666225, -0.5922574345551229, -7.314247236221149e-17]}], "source": "action wait"}
{"timestamp": 1706031217.013623, "objects": [{"color": "cv_", "id_name": "hand", "shape": "CVCylinder", "id_string": "ob382", "world_size": [0.12, 0.005, 0.12], "id": 382, "camera_size": [48, 49], "camera_position": [246, 193], "world_position": [0.8567863027429814, 0.6658804172543834, -0.1741017683783474], "world_orientation": [-6.192060437400694e-06, -0.00016373059395871642, 0.9999999865769755, -0.0007621661700519747, -0.9999996961466998, -0.00016373526578510516, 0.9999997095321518, -0.0007621671736804598, 6.067268636569311e-06], "world_rotation": [0.0, 1.0, 0.0, 0.0]}, {"color": "CVBlue", "id_name": "object118362470509677", "shape": "CVCone", "id_string": "ob1100", "world_size": [0.09, 0.09, 0.09], "id": 1100, "camera_size": [37, 37], "camera_position": [256, 254], "world_position": [0.705, 0.6448569696296074, -0.15], "world_orientation": [1.0, -4.331917303826236e-17, -1.1712398707441946e-17, 4.331917303826236e-17, 1.0, -5.775889738434995e-17, 1.1712398707441946e-17, 5.775889738434995e-17, 1.0], "world_rotation": [-0.7896765794068324, 0.16013129347666225, -0.5922574345551229, -7.314247236221149e-17]}], "source": "action wait"}
{"timestamp": 1706031217.053164, "objects": [{"color": "cv_", "id_name": "hand", "shape": "CVCylinder", "id_string": "ob382", "world_size": [0.12, 0.005, 0.12], "id": 382, "camera_size": [48, 48], "camera_position": [246, 192], "world_position": [0.8572853259706534, 0.6653982100688396, -0.17410233163749292], "world_orientation": [-5.745041705676085e-06, -0.0006258196407147389, 0.9999998041583668, -0.0007624006588024324, -0.9999995135447608, -0.0006258238388671827, 0.9999997093560727, -0.0007624041048770921, 5.267913604962242e-06], "world_rotation": [0.0, 1.0, 0.0, 0.0]}, {"color": "CVBlue", "id_name": "object118362470509677", "shape": "CVCone", "id_string": "ob1100", "world_size": [0.09, 0.09, 0.09], "id": 1100, "camera_size": [37, 37], "camera_position": [256, 254], "world_position": [0.705, 0.6448569696296074, -0.15], "world_orientation": [1.0, -4.331917303826236e-17, -1.1712398707441946e-17, 4.331917303826236e-17, 1.0, -5.775889738434995e-17, 1.1712398707441946e-17, 5.775889738434995e-17, 1.0], "world_rotation": [-0.7896765794068324, 0.16013129347666225, -0.5922574345551229, -7.314247236221149e-17]}], "source": "action wait"}
{"timestamp": 1706031217.087929, "objects": [{"color": "cv_", "id_name": "hand", "shape": "CVCylinder", "id_string": "ob382", "world_size": [0.12, 0.005, 0.12], "id": 382, "camera_size": [48, 48], "camera_position": [246, 192], "world_position": [0.8576369867384893, 0.6650588901598242, -0.1741027578340663], "world_orientation": [-5.389142571079839e-06, -0.0009515445235926375, 0.9999995472668859, -0.000762582910097109, -0.9999992565112388, -0.0009515483565951311, 0.9999997092190889, -0.0007625876928807201, 4.663506972788703e-06], "world_rotation": [0.0, 1.0, 0.0, 0.0]}, {"color": "CVBlue", "id_name": "object118362470509677", "shape": "CVCone", "id_string": "ob1100", "world_size": [0.09, 0.09, 0.09], "id": 1100, "camera_size": [37, 37], "camera_position": [256, 254], "world_position": [0.705, 0.6448569696296074, -0.15], "world_orientation": [1.0, -4.331917303826236e-17, -1.1712398707441946e-17, 4.331917303826236e-17, 1.0, -5.775889738434995e-17, 1.1712398707441946e-17, 5.775889738434995e-17, 1.0], "world_rotation": [-0.7896765794068324, 0.16013129347666225, -0.5922574345551229, -7.314247236221149e-17]}], "source": "action wait"}
{"timestamp": 1706031217.119116, "objects": [{"color": "cv_", "id_name": "hand", "shape": "CVCylinder", "id_string": "ob382", "world_size": [0.12, 0.005, 0.12], "id": 382, "camera_size": [48, 48], "camera_position": [246, 192], "world_position": [0.8578848584086456, 0.6648201262319298, -0.1741030789061613], "world_orientation": [-5.109737795339925e-06, -0.001181152377423411, 0.9999993024262327, -0.0007627222436406782, -0.9999990115622341, -0.0011811559311814494, 0.9999997091142927, -0.0007627277469831018, 4.2088415536559666e-06], "world_rotation": [0.0, 1.0, 0.0, 0.0]}, {"color": "CVBlue", "id_name": "object118362470509677", "shape": "CVCone", "id_string": "ob1100", "world_size": [0.09, 0.09, 0.09], "id": 1100, "camera_size": [37, 37], "camera_position": [256, 254], "world_position": [0.705, 0.6448569696296074, -0.15], "world_orientation": [1.0, -4.331917303826236e-17, -1.1712398707441946e-17, 4.331917303826236e-17, 1.0, -5.775889738434995e-17, 1.1712398707441946e-17, 5.775889738434995e-17, 1.0], "world_rotation": [-0.7896765794068324, 0.16013129347666225, -0.5922574345551229, -7.314247236221149e-17]}], "source": "action wait"}
{"timestamp": 1706031219.657344, "objects": [{"color": "cv_", "id_name": "hand", "shape": "CVCylinder", "id_string": "ob382", "world_size": [0.12, 0.005, 0.12], "id": 382, "camera_size": [48, 49], "camera_position": [246, 192], "world_position": [0.8584775525258054, 0.664252643155054, -0.17410401629635264], "world_orientation": [-4.215605659298963e-06, -0.0017297559100443603, 0.9999985039622412, -0.0007631196842608872, -0.999998212790129, -0.0017297586234030489, 0.9999997088152458, -0.000763125834585631, 2.8955873415690787e-06], "world_rotation": [0.0, 1.0, 0.0, 0.0]}, {"color": "CVBlue", "id_name": "object118362470509677", "shape": "CVCone", "id_string": "ob1100", "world_size": [0.09, 0.09, 0.09], "id": 1100, "camera_size": [37, 37], "camera_position": [256, 254], "world_position": [0.705, 0.6448569696296074, -0.15], "world_orientation": [1.0, -4.331917303826236e-17, -1.1712398707441946e-17, 4.331917303826236e-17, 1.0, -5.775889738434995e-17, 1.1712398707441946e-17, 5.775889738434995e-17, 1.0], "world_rotation": [-0.7896765794068324, 0.16013129347666225, -0.5922574345551229, -7.314247236221149e-17]}], "source": "action wait"}
{"timestamp": 1706031219.69373, "objects": [{"color": "cv_", "id_name": "hand", "shape": "CVCylinder", "id_string": "ob382", "world_size": [0.12, 0.005, 0.12], "id": 382, "camera_size": [48, 48], "camera_position": [246, 205], "world_position": [0.8257657562643743, 0.651451217376115, -0.17408816441927236], "world_orientation": [-4.608896457074998e-05, -0.022627788505250972, 0.9997439577527683, -0.0007600667211733124, -0.9997436692451309, -0.022627817014948648, 0.9999997100871515, -0.0007609150046390646, 2.887852153543706e-05], "world_rotation": [0.0, 1.0, 0.0, 0.0]}, {"color": "CVBlue", "id_name": "object118362470509677", "shape": "CVCone", "id_string": "ob1100", "world_size": [0.09, 0.09, 0.09], "id": 1100, "camera_size": [37, 37], "camera_position": [256, 254], "world_position": [0.705, 0.6448569696296074, -0.15], "world_orientation": [1.0, -4.331917303826236e-17, -1.1712398707441946e-17, 4.331917303826236e-17, 1.0, -5.775889738434995e-17, 1.1712398707441946e-17, 5.775889738434995e-17, 1.0], "world_rotation": [-0.7896765794068324, 0.16013129347666225, -0.5922574345551229, -7.314247236221149e-17]}], "source": "action wait"}
{"timestamp": 1706031219.726536, "objects": [{"color": "cv_", "id_name": "hand", "shape": "CVCylinder", "id_string": "ob382", "world_size": [0.12, 0.005, 0.12], "id": 382, "camera_size": [48, 48], "camera_position": [246, 219], "world_position": [0.791639148007328, 0.6581988366227106, -0.17409753014580776], "world_orientation": [-3.352559653101646e-05, -0.01647770133922529, 0.9998642329009523, -0.0007581137529690897, -0.9998639457148001, -0.01647772202608162, 0.9999997120697446, -0.0007585632515248741, 2.102906322772068e-05], "world_rotation": [0.0, 1.0, 0.0, 0.0]}, {"color": "CVBlue", "id_name": "object118362470509677", "shape": "CVCone", "id_string": "ob1100", "world_size": [0.09, 0.09, 0.09], "id": 1100, "camera_size": [37, 38], "camera_position": [256, 263], "world_position": [0.6807934383678276, 0.6461858414027836, -0.15000333379951886], "world_orientation": [0.9994697474117978, -0.03256094590812849, 9.386247927693216e-05, 0.032560947120515264, 0.9994697517145096, -1.1417166419439016e-05, -9.344095512001623e-05, 1.4467363661731656e-05, 0.9999999955297418], "world_rotation": [0.000397476482458641, 0.0028761855062873444, 0.9999957847758058, 0.03256684018810817]}], "source": "action wait"}
{"timestamp": 1706031219.756455, "objects": [{"color": "cv_", "id_name": "hand", "shape": "CVCylinder", "id_string": "ob382", "world_size": [0.12, 0.005, 0.12], "id": 382, "camera_size": [48, 49], "camera_position": [246, 229], "world_position": [0.7671099134456802, 0.6616140015066347, -0.17410364406048584], "world_orientation": [-1.73128854711982e-05, -0.012073188268853577, 0.9999271162566246, -0.0007619868451008235, -0.9999268259563505, -0.01207319795690044, 0.9999997095381138, -0.0007621403305410125, 8.112007978427707e-06], "world_rotation": [0.0, 1.0, 0.0, 0.0]}, {"color": "CVBlue", "id_name": "object118362470509677", "shape": "CVCone", "id_string": "ob1100", "world_size": [0.09, 0.09, 0.09], "id": 1100, "camera_size": [37, 39], "camera_position": [256, 282], "world_position": [0.6358660705922288, 0.6467242110092882, -0.1500035643743106], "world_orientation": [0.9990108741715283, -0.044466440375524253, 9.46961931276266e-05, 0.04446644114319658, 0.9990108786073703, -6.01573178866631e-06, -9.433502891830757e-05, 1.0220584171171582e-05, 0.9999999954982212], "world_rotation": [0.0001825677829684157, 0.0021255444403830803, 0.999997724362329, 0.044481208754392536]}], "source": "action wait"}
{"timestamp": 1706031219.787, "objects": [{"color": "cv_", "id_name": "hand", "shape": "CVCylinder", "id_string": "ob382", "world_size": [0.12, 0.005, 0.12], "id": 382, "camera_size": [48, 49], "camera_position": [246, 236], "world_position": [0.7497589962160106, 0.6632669850049749, -0.17410671329943223], "world_orientation": [-8.318788244649796e-06, -0.00898336346499427, 0.999959648741715, -0.0007634498145901508, -0.9999593573031688, -0.008983367198023501, 0.9999997085375467, -0.0007634937391592976, 1.4601029752785213e-06], "world_rotation": [0.0, 1.0, 0.0, 0.0]}, {"color": "CVBlue", "id_name": "object118362470509677", "shape": "CVCone", "id_string": "ob1100", "world_size": [0.09, 0.09, 0.09], "id": 1100, "camera_size": [37, 39], "camera_position": [256, 298], "world_position": [0.5951692448979169, 0.6440802598158064, -0.15000403994489628], "world_orientation": [0.9998648627595924, 0.01643918627828295, 9.681554312717178e-05, -0.01643918598117566, 0.9998648674442697, -3.863836434829963e-06, -9.686597852229554e-05, 2.2717455673006217e-06, 0.9999999953059109], "world_rotation": [0.00018661128935648825, 0.005890746544823777, -0.9999826319898618, 0.016440212218974428]}], "source": "action wait"}
{"timestamp": 1706031219.817562, "objects": [{"color": "cv_", "id_name": "hand", "shape": "CVCylinder", "id_string": "ob382", "world_size": [0.12, 0.005, 0.12], "id": 382, "camera_size": [48, 49], "camera_position": [246, 241], "world_position": [0.737519175355239, 0.6640619942130168, -0.17410802503594391], "world_orientation": [-3.257699016101591e-06, -0.0068148363894594355, 0.9999767787275726, -0.0007638603929842374, -0.9999764869813024, -0.006814836889694848, 0.9999997082533012, -0.0007638648558617486, -1.9479611844513534e-06], "world_rotation": [0.0, 1.0, 0.0, 0.0]}, {"color": "CVBlue", "id_name": "object118362470509677", "shape": "CVCone", "id_string": "ob1100", "world_size": [0.09, 0.09, 0.09], "id": 1100, "camera_size": [37, 39], "camera_position": [256, 310], "world_position": [0.566758325605962, 0.6449259131107229, -0.15000400584330045], "world_orientation": [0.9999948579477753, -0.0032054140566505885, 9.694706834422723e-05, 0.0032054143437990367, 0.9999948626423074, -2.806676440197034e-06, -9.693757373234607e-05, 3.1174175315780544e-06, 0.9999999952966943], "world_rotation": [0.0009236534928970345, 0.030229470991909042, 0.9995425583474544, 0.00320688665790886]}], "source": "action wait"}
{"timestamp": 1706031219.843596, "objects": [{"color": "cv_", "id_name": "hand", "shape": "CVCylinder", "id_string": "ob382", "world_size": [0.12, 0.005, 0.12], "id": 382, "camera_size": [48, 48], "camera_position": [246, 244], "world_position": [0.7288953370777862, 0.6644422105892746, -0.1741083559135591], "world_orientation": [-9.655695206885362e-07, -0.00529208656425185, 0.9999859968113874, -0.0007638552078819019, -0.9999857050746038, -0.005292085757899206, 0.9999997082621019, -0.0007638496213504402, -3.076832164355926e-06], "world_rotation": [0.0, 1.0, 0.0, 0.0]}, {"color": "CVBlue", "id_name": "object118362470509677", "shape": "CVCone", "id_string": "ob1100", "world_size": [0.09, 0.09, 0.09], "id": 1100, "camera_size": [37, 39], "camera_position": [256, 318], "world_position": [0.5452518333739526, 0.644459035651714, -0.15000409646511859], "world_orientation": [0.9999771913343144, 0.006753322924366728, 9.716282869022425e-05, -0.006753322759604066, 0.9999771960537948, -2.023727368209505e-06, -9.717427987873404e-05, 1.3675092673070237e-06, 0.9999999952776446], "world_rotation": [0.0002510531209767621, 0.014386768860913078, -0.9998964735681755, 0.00675407341233873]}], "source": "action wait"}
