{"timestamp": 1709222649.298558, "objects": [{"color": "cv_", "id_name": "hand", "shape": "CVCylinder", "id_string": "ob382", "world_size": [0.12, 0.005, 0.12], "id": 382, "camera_size": [48, 50], "camera_position": [246, 426], "world_position": [0.2676445155401484, 0.6334703013762479, -0.17389260400822817], "world_orientation": [-0.000641549017132179, 0.19791547486668204, 0.9802188802625432, -0.0007473670948658553, -0.980218903124913, 0.1979149903342807, 0.9999995149285245, -0.0006056111693500789, 0.000776773987354707], "world_rotation": [0.0, 1.0, 0.0, 0.0]}, {"color": "CVPurple", "id_name": "object143601496985751", "shape": "CVSphere", "id_string": "ob435", "world_size": [0.09, 0.09, 0.09], "id": 435, "camera_size": [37, 37], "camera_position": [256, 254], "world_position": [0.705, 0.644856964849591, -0.15], "world_orientation": [1.0, -3.248937977869676e-17, -1.2807790779525605e-17, 3.248937977869676e-17, 1.0, -6.497875955739369e-17, 1.2807790779525605e-17, 6.497875955739369e-17, 1.0], "world_rotation": [-0.8808431718627018, 0.17362065899128884, -0.4404215859313497, -7.376881791566185e-17]}], "source": "manual check"}
{"timestamp": 1709222650.320007, "objects": [{"color": "cv_", "id_name": "hand", "shape": "CVCylinder", "id_string": "ob382", "world_size": [0.12, 0.005, 0.12], "id": 382, "camera_size": [48, 50], "camera_position": [246, 426], "world_position": [0.2676445155401484, 0.6334703013762479, -0.17389260400822817], "world_orientation": [-0.000641549017132179, 0.19791547486668204, 0.9802188802625432, -0.0007473670948658553, -0.980218903124913, 0.1979149903342807, 0.9999995149285245, -0.0006056111693500789, 0.000776773987354707], "world_rotation": [0.0, 1.0, 0.0, 0.0]}, {"color": "CVPurple", "id_name": "object143601496985751", "shape": "CVSphere", "id_string": "ob435", "world_size": [0.09, 0.09, 0.09], "id": 435, "camera_size": [37, 37], "camera_position": [256, 254], "world_position": [0.705, 0.6448569696296074, -0.15], "world_orientation": [1.0, -4.331917303826236e-17, -1.1712398707441946e-17, 4.331917303826236e-17, 1.0, -5.775889738434995e-17, 1.1712398707441946e-17, 5.775889738434995e-17, 1.0], "world_rotation": [-0.7896765794068324, 0.16013129347666225, -0.5922574345551229, -7.314247236221149e-17]}], "source": "manual check"}
{"timestamp": 1709222653.152033, "objects": [{"color": "cv_", "id_name": "hand", "shape": "CVCylinder", "id_string": "ob382", "world_size": [0.12, 0.005, 0.12], "id": 382, "camera_size": [48, 50], "camera_position": [246, 426], "world_position": [0.2676445155401484, 0.6334703013762479, -0.17389260400822817], "world_orientation": [-0.000641549017132179, 0.19791547486668204, 0.9802188802625432, -0.0007473670948658553, -0.980218903124913, 0.1979149903342807, 0.9999995149285245, -0.0006056111693500789, 0.000776773987354707], "world_rotation": [0.0, 1.0, 0.0, 0.0]}, {"color": "CVPurple", "id_name": "object143601496985751", "shape": "CVSphere", "id_string": "ob435", "world_size": [0.09, 0.09, 0.09], "id": 435, "camera_size": [37, 37], "camera_position": [256, 254], "world_position": [0.705, 0.6448569696296074, -0.15], "world_orientation": [1.0, -4.331917303826236e-17, -1.1712398707441946e-17, 4.331917303826236e-17, 1.0, -5.775889738434995e-17, 1.1712398707441946e-17, 5.775889738434995e-17, 1.0], "world_rotation": [-0.7896765794068324, 0.16013129347666225, -0.5922574345551229, -7.314247236221149e-17]}], "source": "action wait"}
{"timestamp": 1709222653.179834, "objects": [{"color": "cv_", "id_name": "hand", "shape": "CVCylinder", "id_string": "ob382", "world_size": [0.12, 0.005, 0.12], "id": 382, "camera_size": [49, 51], "camera_position": [246, 421], "world_position": [0.2920031551156523, 0.6685519472540499, -0.1739556569632738], "world_orientation": [-0.00037636263947614265, 0.20639143131483897, 0.978469435103098, -0.0007131036469454697, -0.9784693110109608, 0.2063911308485048, 0.9999996749171234, -0.000620072211826358, 0.0005154377749078263], "world_rotation": [0.0, 1.0, 0.0, 0.0]}, {"color": "CVPurple", "id_name": "object143601496985751", "shape": "CVSphere", "id_string": "ob435", "world_size": [0.09, 0.09, 0.09], "id": 435, "camera_size": [37, 37], "camera_position": [256, 254], "world_position": [0.705, 0.6448569696296074, -0.15], "world_orientation": [1.0, -4.331917303826236e-17, -1.1712398707441946e-17, 4.331917303826236e-17, 1.0, -5.775889738434995e-17, 1.1712398707441946e-17, 5.775889738434995e-17, 1.0], "world_rotation": [-0.7896765794068324, 0.16013129347666225, -0.5922574345551229, -7.314247236221149e-17]}], "source": "action wait"}
{"timestamp": 1709222653.207032, "objects": [{"color": "cv_", "id_name": "hand", "shape": "CVCylinder", "id_string": "ob382", "world_size": [0.12, 0.005, 0.12], "id": 382, "camera_size": [51, 52], "camera_position": [246, 405], "world_position": [0.33866776475947347, 0.7074672354084803, -0.17398340008514465], "world_orientation": [-0.00021176325632219837, 0.20112421999107785, 0.9795657217814964, -0.000728501116428185, -0.979565514837937, 0.20112402001355092, 0.999999712221182, -0.0006710240445302032, 0.00035395520200769034], "world_rotation": [0.0, 1.0, 0.0, 0.0]}, {"color": "CVPurple", "id_name": "object143601496985751", "shape": "CVSphere", "id_string": "ob435", "world_size": [0.09, 0.09, 0.09], "id": 435, "camera_size": [37, 37], "camera_position": [256, 254], "world_position": [0.705, 0.6448569696296074, -0.15], "world_orientation": [1.0, -4.331917303826236e-17, -1.1712398707441946e-17, 4.331917303826236e-17, 1.0, -5.775889738434995e-17, 1.1712398707441946e-17, 5.775889738434995e-17, 1.0], "world_rotation": [-0.7896765794068324, 0.16013129347666225, -0.5922574345551229, -7.314247236221149e-17]}], "source": "action wait"}
{"timestamp": 1709222653.237341, "objects": [{"color": "cv_", "id_name": "hand", "shape": "CVCylinder", "id_string": "ob382", "world_size": [0.12, 0.005, 0.12], "id": 382, "camera_size": [51, 53], "camera_position": [246, 388], "world_position": [0.3896844327882937, 0.7413025542248299, -0.17400398330217745], "world_orientation": [-0.00010461331747872314, 0.19734028446501856, 0.980335045371387, -0.0007393153037085076, -0.9803347980791964, 0.19734015579172637, 0.9999997212344289, -0.0007041322934359838, 0.0002484527678105065], "world_rotation": [0.0, 1.0, 0.0, 0.0]}, {"color": "CVPurple", "id_name": "object143601496985751", "shape": "CVSphere", "id_string": "ob435", "world_size": [0.09, 0.09, 0.09], "id": 435, "camera_size": [37, 37], "camera_position": [256, 254], "world_position": [0.705, 0.6448569696296074, -0.15], "world_orientation": [1.0, -4.331917303826236e-17, -1.1712398707441946e-17, 4.331917303826236e-17, 1.0, -5.775889738434995e-17, 1.1712398707441946e-17, 5.775889738434995e-17, 1.0], "world_rotation": [-0.7896765794068324, 0.16013129347666225, -0.5922574345551229, -7.314247236221149e-17]}], "source": "action wait"}
{"timestamp": 1709222653.271952, "objects": [{"color": "cv_", "id_name": "hand", "shape": "CVCylinder", "id_string": "ob382", "world_size": [0.12, 0.005, 0.12], "id": 382, "camera_size": [52, 53], "camera_position": [245, 367], "world_position": [0.4441271660939714, 0.7697128606107624, -0.17402260028239275], "world_orientation": [-2.9187349093244617e-05, 0.19466877641511698, 0.9808690364351095, -0.0007464561342610085, -0.9808687678256115, 0.19466870089335528, 0.9999997209756304, -0.0007264938458234552, 0.00017394066144576386], "world_rotation": [0.0, 1.0, 0.0, 0.0]}, {"color": "CVPurple", "id_name": "object143601496985751", "shape": "CVSphere", "id_string": "ob435", "world_size": [0.09, 0.09, 0.09], "id": 435, "camera_size": [37, 37], "camera_position": [256, 254], "world_position": [0.705, 0.6448569696296074, -0.15], "world_orientation": [1.0, -4.331917303826236e-17, -1.1712398707441946e-17, 4.331917303826236e-17, 1.0, -5.775889738434995e-17, 1.1712398707441946e-17, 5.775889738434995e-17, 1.0], "world_rotation": [-0.7896765794068324, 0.16013129347666225, -0.5922574345551229, -7.314247236221149e-17]}], "source": "action wait"}
{"timestamp": 1709222653.30777, "objects": [{"color": "cv_", "id_name": "hand", "shape": "CVCylinder", "id_string": "ob382", "world_size": [0.12, 0.005, 0.12], "id": 382, "camera_size": [53, 54], "camera_position": [245, 343], "world_position": [0.5013415506092457, 0.7924391054955942, -0.17403884932591016], "world_orientation": [2.3815576176470486e-05, 0.19278160015131715, 0.9812416899398008, -0.0007512507398080671, -0.9812414098734352, 0.19278156336102084, 0.9999997175275324, -0.0007417497495057411, 0.00012145849019113944], "world_rotation": [0.0, 1.0, 0.0, 0.0]}, {"color": "CVPurple", "id_name": "object143601496985751", "shape": "CVSphere", "id_string": "ob435", "world_size": [0.09, 0.09, 0.09], "id": 435, "camera_size": [37, 37], "camera_position": [256, 254], "world_position": [0.705, 0.6448569696296074, -0.15], "world_orientation": [1.0, -4.331917303826236e-17, -1.1712398707441946e-17, 4.331917303826236e-17, 1.0, -5.775889738434995e-17, 1.1712398707441946e-17, 5.775889738434995e-17, 1.0], "world_rotation": [-0.7896765794068324, 0.16013129347666225, -0.5922574345551229, -7.314247236221149e-17]}], "source": "action wait"}
{"timestamp": 1709222653.345545, "objects": [{"color": "cv_", "id_name": "hand", "shape": "CVCylinder", "id_string": "ob382", "world_size": [0.12, 0.005, 0.12], "id": 382, "camera_size": [54, 54], "camera_position": [245, 318], "world_position": [0.5606812387426019, 0.8092660624706753, -0.17405257553586395], "world_orientation": [6.0921307744039157e-05, 0.1914468897352739, 0.9815029723333926, -0.0007545300327692308, -0.9815026859620359, 0.1914468807103914, 0.9999997134864711, -0.0007522366642144924, 8.465800080285656e-05], "world_rotation": [0.0, 1.0, 0.0, 0.0]}, {"color": "CVPurple", "id_name": "object143601496985751", "shape": "CVSphere", "id_string": "ob435", "world_size": [0.09, 0.09, 0.09], "id": 435, "camera_size": [37, 37], "camera_position": [256, 254], "world_position": [0.705, 0.6448569696296074, -0.15], "world_orientation": [1.0, -4.331917303826236e-17, -1.1712398707441946e-17, 4.331917303826236e-17, 1.0, -5.775889738434995e-17, 1.1712398707441946e-17, 5.775889738434995e-17, 1.0], "world_rotation": [-0.7896765794068324, 0.16013129347666225, -0.5922574345551229, -7.314247236221149e-17]}], "source": "action wait"}
{"timestamp": 1709222653.377156, "objects": [{"color": "cv_", "id_name": "hand", "shape": "CVCylinder", "id_string": "ob382", "world_size": [0.12, 0.005, 0.12], "id": 382, "camera_size": [54, 54], "camera_position": [245, 291], "world_position": [0.6217194164666581, 0.813805355476433, -0.17406303054473876], "world_orientation": [8.105334565984548e-05, 0.18163935722205388, 0.9833652105592887, -0.0007644460332539988, -0.9833649152065158, 0.18163936567590291, 0.9999997045262652, -0.0007664521127438891, 5.914846972963118e-05], "world_rotation": [0.0, 1.0, 0.0, 0.0]}, {"color": "CVPurple", "id_name": "object143601496985751", "shape": "CVSphere", "id_string": "ob435", "world_size": [0.09, 0.09, 0.09], "id": 435, "camera_size": [37, 37], "camera_position": [256, 254], "world_position": [0.705, 0.6448569696296074, -0.15], "world_orientation": [1.0, -4.331917303826236e-17, -1.1712398707441946e-17, 4.331917303826236e-17, 1.0, -5.775889738434995e-17, 1.1712398707441946e-17, 5.775889738434995e-17, 1.0], "world_rotation": [-0.7896765794068324, 0.16013129347666225, -0.5922574345551229, -7.314247236221149e-17]}], "source": "action wait"}
{"timestamp": 1709222653.409952, "objects": [{"color": "cv_", "id_name": "hand", "shape": "CVCylinder", "id_string": "ob382", "world_size": [0.12, 0.005, 0.12], "id": 382, "camera_size": [53, 53], "camera_position": [245, 263], "world_position": [0.6838621480879545, 0.7934090363412767, -0.17407077578486652], "world_orientation": [7.167392105101091e-05, 0.14553021144432, 0.9893538054810426, -0.000777144560822939, -0.9893535011541169, 0.1455302229793608, 0.9999996954545441, -0.0007793016503717448, 4.218716752651775e-05], "world_rotation": [0.0, 1.0, 0.0, 0.0]}, {"color": "CVPurple", "id_name": "object143601496985751", "shape": "CVSphere", "id_string": "ob435", "world_size": [0.09, 0.09, 0.09], "id": 435, "camera_size": [37, 37], "camera_position": [256, 254], "world_position": [0.705, 0.6448569696296074, -0.15], "world_orientation": [1.0, -4.331917303826236e-17, -1.1712398707441946e-17, 4.331917303826236e-17, 1.0, -5.775889738434995e-17, 1.1712398707441946e-17, 5.775889738434995e-17, 1.0], "world_rotation": [-0.7896765794068324, 0.16013129347666225, -0.5922574345551229, -7.314247236221149e-17]}], "source": "action wait"}
{"timestamp": 1709222653.439751, "objects": [{"color": "cv_", "id_name": "hand", "shape": "CVCylinder", "id_string": "ob382", "world_size": [0.12, 0.005, 0.12], "id": 382, "camera_size": [52, 52], "camera_position": [245, 239], "world_position": [0.7379936518956713, 0.7618645376194806, -0.17407247553423472], "world_orientation": [3.879416601047816e-05, 0.10231645962013956, 0.9947518990109107, -0.000776673093798976, -0.9947515966489102, 0.10231645880966189, 0.9999996976369134, -0.00077656631665619, 4.0875882660545325e-05], "world_rotation": [0.0, 1.0, 0.0, 0.0]}, {"color": "CVPurple", "id_name": "object143601496985751", "shape": "CVSphere", "id_string": "ob435", "world_size": [0.09, 0.09, 0.09], "id": 435, "camera_size": [37, 37], "camera_position": [256, 254], "world_position": [0.705, 0.6448569696296074, -0.15], "world_orientation": [1.0, -4.331917303826236e-17, -1.1712398707441946e-17, 4.331917303826236e-17, 1.0, -5.775889738434995e-17, 1.1712398707441946e-17, 5.775889738434995e-17, 1.0], "world_rotation": [-0.7896765794068324, 0.16013129347666225, -0.5922574345551229, -7.314247236221149e-17]}], "source": "action wait"}
{"timestamp": 1709222653.471153, "objects": [{"color": "cv_", "id_name": "hand", "shape": "CVCylinder", "id_string": "ob382", "world_size": [0.12, 0.005, 0.12], "id": 382, "camera_size": [51, 51], "camera_position": [246, 224], "world_position": [0.7751375766945677, 0.7360930761006713, -0.17407392856027276], "world_orientation": [1.3706403186175167e-05, 0.07166226475018105, 0.9974289546744718, -0.0007699045734611415, -0.9974286583973658, 0.07166225404338784, 0.9999997035294972, -0.0007689073456539269, 4.150194603469689e-05], "world_rotation": [0.0, 1.0, 0.0, 0.0]}, {"color": "CVPurple", "id_name": "object143601496985751", "shape": "CVSphere", "id_string": "ob435", "world_size": [0.09, 0.09, 0.09], "id": 435, "camera_size": [37, 37], "camera_position": [256, 254], "world_position": [0.705, 0.6448569696296074, -0.15], "world_orientation": [1.0, -4.331917303826236e-17, -1.1712398707441946e-17, 4.331917303826236e-17, 1.0, -5.775889738434995e-17, 1.1712398707441946e-17, 5.775889738434995e-17, 1.0], "world_rotation": [-0.7896765794068324, 0.16013129347666225, -0.5922574345551229, -7.314247236221149e-17]}], "source": "action wait"}
{"timestamp": 1709222653.499654, "objects": [{"color": "cv_", "id_name": "hand", "shape": "CVCylinder", "id_string": "ob382", "world_size": [0.12, 0.005, 0.12], "id": 382, "camera_size": [51, 51], "camera_position": [246, 214], "world_position": [0.8005961846078113, 0.7162901808537729, -0.1740774785846734], "world_orientation": [1.207134449795589e-07, 0.050015244773651706, 0.9987484544619917, -0.0007648812682897385, -0.9987481623017652, 0.05001523023532289, 0.9999997074782726, -0.000763930022062394, 3.813516152533592e-05], "world_rotation": [0.0, 1.0, 0.0, 0.0]}, {"color": "CVPurple", "id_name": "object143601496985751", "shape": "CVSphere", "id_string": "ob435", "world_size": [0.09, 0.09, 0.09], "id": 435, "camera_size": [37, 37], "camera_position": [256, 254], "world_position": [0.705, 0.6448569696296074, -0.15], "world_orientation": [1.0, -4.331917303826236e-17, -1.1712398707441946e-17, 4.331917303826236e-17, 1.0, -5.775889738434995e-17, 1.1712398707441946e-17, 5.775889738434995e-17, 1.0], "world_rotation": [-0.7896765794068324, 0.16013129347666225, -0.5922574345551229, -7.314247236221149e-17]}], "source": "action wait"}
{"timestamp": 1709222653.533482, "objects": [{"color": "cv_", "id_name": "hand", "shape": "CVCylinder", "id_string": "ob382", "world_size": [0.12, 0.005, 0.12], "id": 382, "camera_size": [49, 50], "camera_position": [246, 207], "world_position": [0.8181356487722968, 0.7015625967118555, -0.174081684473966], "world_orientation": [-6.725982335073322e-06, 0.03474512399493934, 0.9993962058729949, -0.0007618269197896555, -0.9993959160586809, 0.034745108792091646, 0.9999997097872106, -0.0007611332381820824, 3.319169006830603e-05], "world_rotation": [0.0, 1.0, 0.0, 0.0]}, {"color": "CVPurple", "id_name": "object143601496985751", "shape": "CVSphere", "id_string": "ob435", "world_size": [0.09, 0.09, 0.09], "id": 435, "camera_size": [37, 37], "camera_position": [256, 254], "world_position": [0.705, 0.6448569696296074, -0.15], "world_orientation": [1.0, -4.331917303826236e-17, -1.1712398707441946e-17, 4.331917303826236e-17, 1.0, -5.775889738434995e-17, 1.1712398707441946e-17, 5.775889738434995e-17, 1.0], "world_rotation": [-0.7896765794068324, 0.16013129347666225, -0.5922574345551229, -7.314247236221149e-17]}], "source": "action wait"}
{"timestamp": 1709222653.573197, "objects": [{"color": "cv_", "id_name": "hand", "shape": "CVCylinder", "id_string": "ob382", "world_size": [0.12, 0.005, 0.12], "id": 382, "camera_size": [49, 50], "camera_position": [246, 202], "world_position": [0.8302813062152962, 0.6908249689497256, -0.17408579506819177], "world_orientation": [-9.74394555548167e-06, 0.023978919455172953, 0.9997124643250267, -0.0007602977016263263, -0.9997121756068944, 0.023978905119602996, 0.9999997109261884, -0.0007598454397678971, 2.7972258359889386e-05], "world_rotation": [0.0, 1.0, 0.0, 0.0]}, {"color": "CVPurple", "id_name": "object143601496985751", "shape": "CVSphere", "id_string": "ob435", "world_size": [0.09, 0.09, 0.09], "id": 435, "camera_size": [37, 37], "camera_position": [256, 254], "world_position": [0.705, 0.6448569696296074, -0.15], "world_orientation": [1.0, -4.331917303826236e-17, -1.1712398707441946e-17, 4.331917303826236e-17, 1.0, -5.775889738434995e-17, 1.1712398707441946e-17, 5.775889738434995e-17, 1.0], "world_rotation": [-0.7896765794068324, 0.16013129347666225, -0.5922574345551229, -7.314247236221149e-17]}], "source": "action wait"}
{"timestamp": 1709222653.610193, "objects": [{"color": "cv_", "id_name": "hand", "shape": "CVCylinder", "id_string": "ob382", "world_size": [0.12, 0.005, 0.12], "id": 382, "camera_size": [49, 50], "camera_position": [246, 199], "world_position": [0.8387290582004955, 0.6830941787211847, -0.17408946595560476], "world_orientation": [-1.0678833821577375e-05, 0.01639003354234127, 0.9998656743215277, -0.000759770162445411, -0.999865385924897, 0.016390020700326774, 0.9999997113175897, -0.0007594930794958254, 2.3130054747559856e-05], "world_rotation": [0.0, 1.0, 0.0, 0.0]}, {"color": "CVPurple", "id_name": "object143601496985751", "shape": "CVSphere", "id_string": "ob435", "world_size": [0.09, 0.09, 0.09], "id": 435, "camera_size": [37, 37], "camera_position": [256, 254], "world_position": [0.705, 0.6448569696296074, -0.15], "world_orientation": [1.0, -4.331917303826236e-17, -1.1712398707441946e-17, 4.331917303826236e-17, 1.0, -5.775889738434995e-17, 1.1712398707441946e-17, 5.775889738434995e-17, 1.0], "world_rotation": [-0.7896765794068324, 0.16013129347666225, -0.5922574345551229, -7.314247236221149e-17]}], "source": "action wait"}
{"timestamp": 1709222653.644879, "objects": [{"color": "cv_", "id_name": "hand", "shape": "CVCylinder", "id_string": "ob382", "world_size": [0.12, 0.005, 0.12], "id": 382, "camera_size": [49, 49], "camera_position": [246, 197], "world_position": [0.8446256192721715, 0.6775734402950514, -0.17409257810710843], "world_orientation": [-1.0520575295191818e-05, 0.011041325368324273, 0.9999390426538152, -0.000759822861581999, -0.9999387541495789, 0.011041314188400384, 0.9999997112792266, -0.000759660383819863, 1.8909382390997347e-05], "world_rotation": [0.0, 1.0, 0.0, 0.0]}, {"color": "CVPurple", "id_name": "object143601496985751", "shape": "CVSphere", "id_string": "ob435", "world_size": [0.09, 0.09, 0.09], "id": 435, "camera_size": [37, 37], "camera_position": [256, 254], "world_position": [0.705, 0.6448569696296074, -0.15], "world_orientation": [1.0, -4.331917303826236e-17, -1.1712398707441946e-17, 4.331917303826236e-17, 1.0, -5.775889738434995e-17, 1.1712398707441946e-17, 5.775889738434995e-17, 1.0], "world_rotation": [-0.7896765794068324, 0.16013129347666225, -0.5922574345551229, -7.314247236221149e-17]}], "source": "action wait"}
{"timestamp": 1709222653.677767, "objects": [{"color": "cv_", "id_name": "hand", "shape": "CVCylinder", "id_string": "ob382", "world_size": [0.12, 0.005, 0.12], "id": 382, "camera_size": [49, 49], "camera_position": [246, 196], "world_position": [0.8487526821937482, 0.6736520250152699, -0.1740951299561736], "world_orientation": [-9.869032858117853e-06, 0.007271636091018113, 0.9999735612560774, -0.0007601667090727335, -0.9999732724402121, 0.007271626488490435, 0.9999997110245467, -0.0007600748472993898, 1.5396424760202637e-05], "world_rotation": [0.0, 1.0, 0.0, 0.0]}, {"color": "CVPurple", "id_name": "object143601496985751", "shape": "CVSphere", "id_string": "ob435", "world_size": [0.09, 0.09, 0.09], "id": 435, "camera_size": [37, 37], "camera_position": [256, 254], "world_position": [0.705, 0.6448569696296074, -0.15], "world_orientation": [1.0, -4.331917303826236e-17, -1.1712398707441946e-17, 4.331917303826236e-17, 1.0, -5.775889738434995e-17, 1.1712398707441946e-17, 5.775889738434995e-17, 1.0], "world_rotation": [-0.7896765794068324, 0.16013129347666225, -0.5922574345551229, -7.314247236221149e-17]}], "source": "action wait"}
{"timestamp": 1709222653.710689, "objects": [{"color": "cv_", "id_name": "hand", "shape": "CVCylinder", "id_string": "ob382", "world_size": [0.12, 0.005, 0.12], "id": 382, "camera_size": [49, 49], "camera_position": [246, 195], "world_position": [0.8516471816116564, 0.6708764514376876, -0.17409717494430077], "world_orientation": [-9.03110218027224e-06, 0.004614810631066174, 0.9999893516639458, -0.0007606217633998142, -0.9999890624667309, 0.004614802427135973, 0.9999997106864444, -0.0007605719872917592, 1.2541128802615506e-05], "world_rotation": [0.0, 1.0, 0.0, 0.0]}, {"color": "CVPurple", "id_name": "object143601496985751", "shape": "CVSphere", "id_string": "ob435", "world_size": [0.09, 0.09, 0.09], "id": 435, "camera_size": [37, 37], "camera_position": [256, 254], "world_position": [0.705, 0.6448569696296074, -0.15], "world_orientation": [1.0, -4.331917303826236e-17, -1.1712398707441946e-17, 4.331917303826236e-17, 1.0, -5.775889738434995e-17, 1.1712398707441946e-17, 5.775889738434995e-17, 1.0], "world_rotation": [-0.7896765794068324, 0.16013129347666225, -0.5922574345551229, -7.314247236221149e-17]}], "source": "action wait"}
{"timestamp": 1709222653.741393, "objects": [{"color": "cv_", "id_name": "hand", "shape": "CVCylinder", "id_string": "ob382", "world_size": [0.12, 0.005, 0.12], "id": 382, "camera_size": [49, 49], "camera_position": [246, 194], "world_position": [0.8536803072916417, 0.668916463058722, -0.17409878688903127], "world_orientation": [-8.188481948124674e-06, 0.002742281607597806, 0.9999962399051975, -0.0007610864163180298, -0.999995950330594, 0.0027422745813342774, 0.999999710340166, -0.0007610610994954322, 1.0275562069106264e-05], "world_rotation": [0.0, 1.0, 0.0, 0.0]}, {"color": "CVPurple", "id_name": "object143601496985751", "shape": "CVSphere", "id_string": "ob435", "world_size": [0.09, 0.09, 0.09], "id": 435, "camera_size": [37, 37], "camera_position": [256, 254], "world_position": [0.705, 0.6448569696296074, -0.15], "world_orientation": [1.0, -4.331917303826236e-17, -1.1712398707441946e-17, 4.331917303826236e-17, 1.0, -5.775889738434995e-17, 1.1712398707441946e-17, 5.775889738434995e-17, 1.0], "world_rotation": [-0.7896765794068324, 0.16013129347666225, -0.5922574345551229, -7.314247236221149e-17]}], "source": "action wait"}
{"timestamp": 1709222653.767286, "objects": [{"color": "cv_", "id_name": "hand", "shape": "CVCylinder", "id_string": "ob382", "world_size": [0.12, 0.005, 0.12], "id": 382, "camera_size": [48, 48], "camera_position": [246, 193], "world_position": [0.8551099825461252, 0.6675344895144231, -0.17410004187363934], "world_orientation": [-7.41772475727683e-06, 0.0014224899430764363, 0.9999989882331578, -0.0007615095550513185, -0.9999986983205543, 0.0014224838820045599, 0.9999997100240455, -0.0007614982329876153, 8.500954785759366e-06], "world_rotation": [0.0, 1.0, 0.0, 0.0]}, {"color": "CVPurple", "id_name": "object143601496985751", "shape": "CVSphere", "id_string": "ob435", "world_size": [0.09, 0.09, 0.09], "id": 435, "camera_size": [37, 37], "camera_position": [256, 254], "world_position": [0.705, 0.6448569696296074, -0.15], "world_orientation": [1.0, -4.331917303826236e-17, -1.1712398707441946e-17, 4.331917303826236e-17, 1.0, -5.775889738434995e-17, 1.1712398707441946e-17, 5.775889738434995e-17, 1.0], "world_rotation": [-0.7896765794068324, 0.16013129347666225, -0.5922574345551229, -7.314247236221149e-17]}], "source": "action wait"}
{"timestamp": 1709222653.800377, "objects": [{"color": "cv_", "id_name": "hand", "shape": "CVCylinder", "id_string": "ob382", "world_size": [0.12, 0.005, 0.12], "id": 382, "camera_size": [48, 49], "camera_position": [246, 193], "world_position": [0.8561161314340172, 0.6665609986150066, -0.17410100965299033], "world_orientation": [-6.751918956788425e-06, 0.0004922507212191522, 0.9999998788218122, -0.0007618705859938148, -0.9999995886237368, 0.0004922454342801856, 0.9999997097537688, -0.0007618671700707648, 7.126947525005131e-06], "world_rotation": [0.0, 1.0, 0.0, 0.0]}, {"color": "CVPurple", "id_name": "object143601496985751", "shape": "CVSphere", "id_string": "ob435", "world_size": [0.09, 0.09, 0.09], "id": 435, "camera_size": [37, 37], "camera_position": [256, 254], "world_position": [0.705, 0.6448569696296074, -0.15], "world_orientation": [1.0, -4.331917303826236e-17, -1.1712398707441946e-17, 4.331917303826236e-17, 1.0, -5.775889738434995e-17, 1.1712398707441946e-17, 5.775889738434995e-17, 1.0], "world_rotation": [-0.7896765794068324, 0.16013129347666225, -0.5922574345551229, -7.314247236221149e-17]}], "source": "action wait"}
{"timestamp": 1709222653.836955, "objects": [{"color": "cv_", "id_name": "hand", "shape": "CVCylinder", "id_string": "ob382", "world_size": [0.12, 0.005, 0.12], "id": 382, "camera_size": [48, 49], "camera_position": [246, 193], "world_position": [0.8568246365520258, 0.6658756471679017, -0.17410175030664524], "world_orientation": [-6.1975494877213316e-06, -0.0001634360782831101, 0.9999999866251194, -0.0007621659077044764, -0.9999996961950784, -0.00016344075437697437, 0.9999997095323176, -0.0007621669104430907, 6.072982198283454e-06], "world_rotation": [0.0, 1.0, 0.0, 0.0]}, {"color": "CVPurple", "id_name": "object143601496985751", "shape": "CVSphere", "id_string": "ob435", "world_size": [0.09, 0.09, 0.09], "id": 435, "camera_size": [37, 37], "camera_position": [256, 254], "world_position": [0.705, 0.6448569696296074, -0.15], "world_orientation": [1.0, -4.331917303826236e-17, -1.1712398707441946e-17, 4.331917303826236e-17, 1.0, -5.775889738434995e-17, 1.1712398707441946e-17, 5.775889738434995e-17, 1.0], "world_rotation": [-0.7896765794068324, 0.16013129347666225, -0.5922574345551229, -7.314247236221149e-17]}], "source": "action wait"}
{"timestamp": 1709222653.866924, "objects": [{"color": "cv_", "id_name": "hand", "shape": "CVCylinder", "id_string": "ob382", "world_size": [0.12, 0.005, 0.12], "id": 382, "camera_size": [48, 48], "camera_position": [246, 192], "world_position": [0.8573237623908803, 0.6653933055918205, -0.17410231363804354], "world_orientation": [-5.747673801263422e-06, -0.0006256151847028742, 0.9999998042862834, -0.0007624004674189496, -0.9999995136728381, -0.0006256193849203586, 0.9999997093562036, -0.000762403914063203, 5.270701697135901e-06], "world_rotation": [0.0, 1.0, 0.0, 0.0]}, {"color": "CVPurple", "id_name": "object143601496985751", "shape": "CVSphere", "id_string": "ob435", "world_size": [0.09, 0.09, 0.09], "id": 435, "camera_size": [37, 37], "camera_position": [256, 254], "world_position": [0.705, 0.6448569696296074, -0.15], "world_orientation": [1.0, -4.331917303826236e-17, -1.1712398707441946e-17, 4.331917303826236e-17, 1.0, -5.775889738434995e-17, 1.1712398707441946e-17, 5.775889738434995e-17, 1.0], "world_rotation": [-0.7896765794068324, 0.16013129347666225, -0.5922574345551229, -7.314247236221149e-17]}], "source": "action wait"}
{"timestamp": 1709222653.903028, "objects": [{"color": "cv_", "id_name": "hand", "shape": "CVCylinder", "id_string": "ob382", "world_size": [0.12, 0.005, 0.12], "id": 382, "camera_size": [48, 48], "camera_position": [246, 192], "world_position": [0.8576754954359903, 0.6650538910932496, -0.17410273989250186], "world_orientation": [-5.3894168636346796e-06, -0.0009514035264261012, 0.9999995474010397, -0.0007625827763939702, -0.9999992566454963, -0.0009514073596781577, 0.9999997092191895, -0.0007625875587810063, 4.663888915098416e-06], "world_rotation": [0.0, 1.0, 0.0, 0.0]}, {"color": "CVPurple", "id_name": "object143601496985751", "shape": "CVSphere", "id_string": "ob435", "world_size": [0.09, 0.09, 0.09], "id": 435, "camera_size": [37, 37], "camera_position": [256, 254], "world_position": [0.705, 0.6448569696296074, -0.15], "world_orientation": [1.0, -4.331917303826236e-17, -1.1712398707441946e-17, 4.331917303826236e-17, 1.0, -5.775889738434995e-17, 1.1712398707441946e-17, 5.775889738434995e-17, 1.0], "world_rotation": [-0.7896765794068324, 0.16013129347666225, -0.5922574345551229, -7.314247236221149e-17]}], "source": "action wait"}
{"timestamp": 1709222653.937539, "objects": [{"color": "cv_", "id_name": "hand", "shape": "CVCylinder", "id_string": "ob382", "world_size": [0.12, 0.005, 0.12], "id": 382, "camera_size": [48, 48], "camera_position": [246, 192], "world_position": [0.8579234180410678, 0.6648150606017237, -0.17410306101031914], "world_orientation": [-5.108185850170467e-06, -0.0011810560969683854, 0.9999993025399578, -0.0007627221553979035, -0.9999990116760207, -0.001181059649570443, 0.9999997091143679, -0.0007627276565022476, 4.2073631500660805e-06], "world_rotation": [0.0, 1.0, 0.0, 0.0]}, {"color": "CVPurple", "id_name": "object143601496985751", "shape": "CVSphere", "id_string": "ob435", "world_size": [0.09, 0.09, 0.09], "id": 435, "camera_size": [37, 37], "camera_position": [256, 254], "world_position": [0.705, 0.6448569696296074, -0.15], "world_orientation": [1.0, -4.331917303826236e-17, -1.1712398707441946e-17, 4.331917303826236e-17, 1.0, -5.775889738434995e-17, 1.1712398707441946e-17, 5.775889738434995e-17, 1.0], "world_rotation": [-0.7896765794068324, 0.16013129347666225, -0.5922574345551229, -7.314247236221149e-17]}], "source": "action wait"}
{"timestamp": 1709222655.652393, "objects": [{"color": "cv_", "id_name": "hand", "shape": "CVCylinder", "id_string": "ob382", "world_size": [0.12, 0.005, 0.12], "id": 382, "camera_size": [48, 49], "camera_position": [246, 192], "world_position": [0.8585162339826523, 0.6642474193679418, -0.17410399855045267], "world_orientation": [-4.209119177818281e-06, -0.0017297663518873736, 0.9999985039442065, -0.000763119730806943, -0.9999982127720403, -0.001729769060293201, 0.9999997088152375, -0.0007631258699417387, 2.889092822715233e-06], "world_rotation": [0.0, 1.0, 0.0, 0.0]}, {"color": "CVPurple", "id_name": "object143601496985751", "shape": "CVSphere", "id_string": "ob435", "world_size": [0.09, 0.09, 0.09], "id": 435, "camera_size": [37, 37], "camera_position": [256, 254], "world_position": [0.705, 0.6448569696296074, -0.15], "world_orientation": [1.0, -4.331917303826236e-17, -1.1712398707441946e-17, 4.331917303826236e-17, 1.0, -5.775889738434995e-17, 1.1712398707441946e-17, 5.775889738434995e-17, 1.0], "world_rotation": [-0.7896765794068324, 0.16013129347666225, -0.5922574345551229, -7.314247236221149e-17]}], "source": "action wait"}
{"timestamp": 1709222655.677973, "objects": [{"color": "cv_", "id_name": "hand", "shape": "CVCylinder", "id_string": "ob382", "world_size": [0.12, 0.005, 0.12], "id": 382, "camera_size": [48, 48], "camera_position": [246, 205], "world_position": [0.8258026994046891, 0.6514446151726293, -0.1740881431960552], "world_orientation": [-4.612510556913641e-05, -0.022645065227170143, 0.9997435665676133, -0.0007600662031772707, -0.9997432780609211, -0.02264509375936738, 0.9999997100858788, -0.000760915804132595, 2.8901515495033524e-05], "world_rotation": [0.0, 1.0, 0.0, 0.0]}, {"color": "CVPurple", "id_name": "object143601496985751", "shape": "CVSphere", "id_string": "ob435", "world_size": [0.09, 0.09, 0.09], "id": 435, "camera_size": [37, 37], "camera_position": [256, 254], "world_position": [0.705, 0.6448569696296074, -0.15], "world_orientation": [1.0, -4.331917303826236e-17, -1.1712398707441946e-17, 4.331917303826236e-17, 1.0, -5.775889738434995e-17, 1.1712398707441946e-17, 5.775889738434995e-17, 1.0], "world_rotation": [-0.7896765794068324, 0.16013129347666225, -0.5922574345551229, -7.314247236221149e-17]}], "source": "action wait"}
{"timestamp": 1709222655.71405, "objects": [{"color": "cv_", "id_name": "hand", "shape": "CVCylinder", "id_string": "ob382", "world_size": [0.12, 0.005, 0.12], "id": 382, "camera_size": [48, 48], "camera_position": [246, 219], "world_position": [0.7916667813003105, 0.6582058405811525, -0.17409750302330076], "world_orientation": [-3.356625829007274e-05, -0.01648998266247065, 0.9998640304286868, -0.0007581071913193152, -0.9998637432481134, -0.01649000337650584, 0.999999712073355, -0.0007585576195224275, 2.1060510219957787e-05], "world_rotation": [0.0, 1.0, 0.0, 0.0]}, {"color": "CVPurple", "id_name": "object143601496985751", "shape": "CVSphere", "id_string": "ob435", "world_size": [0.09, 0.09, 0.09], "id": 435, "camera_size": [37, 38], "camera_position": [256, 263], "world_position": [0.6807873717260043, 0.6461884003425649, -0.1500033305691999], "world_orientation": [0.999467878577043, -0.03261826003559781, 9.383472580384684e-05, 0.032618261251689686, 0.9994678828764932, -1.1458488928652018e-05, -9.341103876797725e-05, 1.4513117221968994e-05, 0.9999999955318738], "world_rotation": [0.00039811284535882054, 0.0028702477498987584, 0.999995801583195, 0.03262418447131775]}], "source": "action wait"}
{"timestamp": 1709222655.75232, "objects": [{"color": "cv_", "id_name": "hand", "shape": "CVCylinder", "id_string": "ob382", "world_size": [0.12, 0.005, 0.12], "id": 382, "camera_size": [48, 49], "camera_position": [246, 229], "world_position": [0.7671305282178021, 0.6616299448339634, -0.17410361838171987], "world_orientation": [-1.73413068702985e-05, -0.01208182990389693, 0.9999270118790935, -0.0007619854347399438, -0.9999267215800413, -0.012081839611084536, 0.999999709538696, -0.0007621393337435287, 8.133857715316599e-06], "world_rotation": [0.0, 1.0, 0.0, 0.0]}, {"color": "CVPurple", "id_name": "object143601496985751", "shape": "CVSphere", "id_string": "ob435", "world_size": [0.09, 0.09, 0.09], "id": 435, "camera_size": [37, 39], "camera_position": [256, 282], "world_position": [0.6358428590223455, 0.6467290517905012, -0.15000356152674832], "world_orientation": [0.9990059332947174, -0.04457730677916257, 9.466925214743601e-05, 0.04457730754974223, 0.9990059377276408, -6.04426305232181e-06, -9.430570804718646e-05, 1.0258355020144092e-05, 0.9999999955005998], "world_rotation": [0.0001828574022806343, 0.0021196270539906074, 0.9999977368696003, 0.04459218489765312]}], "source": "action wait"}
{"timestamp": 1709222655.784688, "objects": [{"color": "cv_", "id_name": "hand", "shape": "CVCylinder", "id_string": "ob382", "world_size": [0.12, 0.005, 0.12], "id": 382, "camera_size": [48, 49], "camera_position": [246, 236], "world_position": [0.7497745967812361, 0.6632887666826616, -0.17410668843984978], "world_orientation": [-8.337311900232184e-06, -0.00898944647257102, 0.9999595940749837, -0.0007634506272653168, -0.9999593026358214, -0.008989450217971224, 0.999999708536772, -0.0007634947271871637, 1.4739740457223592e-06], "world_rotation": [0.0, 1.0, 0.0, 0.0]}, {"color": "CVPurple", "id_name": "object143601496985751", "shape": "CVSphere", "id_string": "ob435", "world_size": [0.09, 0.09, 0.09], "id": 435, "camera_size": [37, 39], "camera_position": [256, 298], "world_position": [0.5951294938228375, 0.6440886837211485, -0.15000403727369652], "world_orientation": [0.9998678958644396, 0.016253659632984044, 9.67892210219872e-05, -0.016253659333306858, 0.9998679005464706, -3.882020426757409e-06, -9.683953225748746e-05, 2.3083285701769114e-06, 0.9999999953083883], "world_rotation": [0.000190426010795327, 0.0059563606317742735, -0.9999822425953165, 0.01625466388685019]}], "source": "action wait"}
{"timestamp": 1709222655.826575, "objects": [{"color": "cv_", "id_name": "hand", "shape": "CVCylinder", "id_string": "ob382", "world_size": [0.12, 0.005, 0.12], "id": 382, "camera_size": [48, 49], "camera_position": [246, 241], "world_position": [0.737531223439193, 0.6640876625762331, -0.17410800056585], "world_orientation": [-3.415482051229137e-06, -0.006819120336055851, 0.9999767495227962, -0.0007638609148668184, -0.99997645777583, -0.006819120955565467, 0.999999708252376, -0.0007638664453216287, -1.79345785494053e-06], "world_rotation": [0.0, 1.0, 0.0, 0.0]}, {"color": "CVPurple", "id_name": "object143601496985751", "shape": "CVSphere", "id_string": "ob435", "world_size": [0.09, 0.09, 0.09], "id": 435, "camera_size": [37, 39], "camera_position": [256, 310], "world_position": [0.5666964270916163, 0.6449327649172504, -0.15000400352639529], "world_orientation": [0.999994354461546, -0.0033588169439288207, 9.692147874353076e-05, 0.003358817233094826, 0.9999943591535091, -2.820891012727924e-06, -9.691145716781702e-05, 3.146416620337759e-06, 0.9999999952991347], "world_rotation": [0.0008879350325145084, 0.028842329712839652, 0.9995835790908703, 0.003360222676289831]}], "source": "action wait"}
{"timestamp": 1709222655.85808, "objects": [{"color": "cv_", "id_name": "hand", "shape": "CVCylinder", "id_string": "ob382", "world_size": [0.12, 0.005, 0.12], "id": 382, "camera_size": [48, 48], "camera_position": [246, 244], "world_position": [0.7289048780214241, 0.6644705068648245, -0.17410833159569516], "world_orientation": [-9.96953722662538e-07, -0.005295105117175547, 0.9999859808321336, -0.0007638567773161822, -0.9999856890940575, -0.00529510433391029, 0.9999997082608725, -0.000763851347654152, -3.047762474639123e-06], "world_rotation": [0.0, 1.0, 0.0, 0.0]}, {"color": "CVPurple", "id_name": "object143601496985751", "shape": "CVSphere", "id_string": "ob435", "world_size": [0.09, 0.09, 0.09], "id": 435, "camera_size": [37, 39], "camera_position": [256, 318], "world_position": [0.5451686049702889, 0.644465811881346, -0.15000409434547493], "world_orientation": [0.9999781940189444, 0.006603184901642959, 9.713786625423261e-05, -0.006603184735146502, 0.9999781987359594, -2.0346354739200186e-06, -9.714918360020377e-05, 1.393171831042804e-06, 0.9999999952800478], "world_rotation": [0.00025952903038238415, 0.014710024566308778, -0.9998917680538933, 0.006603947573222131]}], "source": "action wait"}
