{"timestamp": 1706031093.892554, "objects": [{"color": "cv_", "id_name": "hand", "shape": "CVCylinder", "id_string": "ob382", "world_size": [0.12, 0.005, 0.12], "id": 382, "camera_size": [48, 50], "camera_position": [246, 426], "world_position": [0.26764451554003205, 0.6334703013847313, -0.17389260400847442], "world_orientation": [-0.0006415489746041636, 0.19791547486654645, 0.9802188802625985, -0.0007473670856445397, -0.9802189031249408, 0.1979149903341777, 0.9999995149285587, -0.00060561116872821, 0.0007767739438428191], "world_rotation": [0.0, 1.0, 0.0, 0.0]}, {"color": "CVBlue", "id_name": "object75476226307709", "shape": "CVCylinder", "id_string": "ob1044", "world_size": [0.09, 0.09, 0.09], "id": 1044, "camera_size": [37, 37], "camera_position": [256, 254], "world_position": [0.705, 0.644856964849591, -0.15], "world_orientation": [1.0, -3.248937977869676e-17, -1.2807790779525605e-17, 3.248937977869676e-17, 1.0, -6.497875955739369e-17, 1.2807790779525605e-17, 6.497875955739369e-17, 1.0], "world_rotation": [-0.8808431718627018, 0.17362065899128884, -0.4404215859313497, -7.376881791566185e-17]}], "source": "manual check"}
{"timestamp": 1706031094.912136, "objects": [{"color": "cv_", "id_name": "hand", "shape": "CVCylinder", "id_string": "ob382", "world_size": [0.12, 0.005, 0.12], "id": 382, "camera_size": [48, 50], "camera_position": [246, 426], "world_position": [0.26764451554003205, 0.6334703013847313, -0.17389260400847442], "world_orientation": [-0.0006415489746041636, 0.19791547486654645, 0.9802188802625985, -0.0007473670856445397, -0.9802189031249408, 0.1979149903341777, 0.9999995149285587, -0.00060561116872821, 0.0007767739438428191], "world_rotation": [0.0, 1.0, 0.0, 0.0]}, {"color": "CVBlue", "id_name": "object75476226307709", "shape": "CVCylinder", "id_string": "ob1044", "world_size": [0.09, 0.09, 0.09], "id": 1044, "camera_size": [37, 37], "camera_position": [256, 254], "world_position": [0.705, 0.6448569696296074, -0.15], "world_orientation": [1.0, -4.331917303826236e-17, -1.1712398707441946e-17, 4.331917303826236e-17, 1.0, -5.775889738434995e-17, 1.1712398707441946e-17, 5.775889738434995e-17, 1.0], "world_rotation": [-0.7896765794068324, 0.16013129347666225, -0.5922574345551229, -7.314247236221149e-17]}], "source": "manual check"}
{"timestamp": 1706031097.965547, "objects": [{"color": "cv_", "id_name": "hand", "shape": "CVCylinder", "id_string": "ob382", "world_size": [0.12, 0.005, 0.12], "id": 382, "camera_size": [48, 50], "camera_position": [246, 426], "world_position": [0.26764451554003205, 0.6334703013847313, -0.17389260400847442], "world_orientation": [-0.0006415489746041636, 0.19791547486654645, 0.9802188802625985, -0.0007473670856445397, -0.9802189031249408, 0.1979149903341777, 0.9999995149285587, -0.00060561116872821, 0.0007767739438428191], "world_rotation": [0.0, 1.0, 0.0, 0.0]}, {"color": "CVBlue", "id_name": "object75476226307709", "shape": "CVCylinder", "id_string": "ob1044", "world_size": [0.09, 0.09, 0.09], "id": 1044, "camera_size": [37, 37], "camera_position": [256, 254], "world_position": [0.705, 0.6448569696296074, -0.15], "world_orientation": [1.0, -4.331917303826236e-17, -1.1712398707441946e-17, 4.331917303826236e-17, 1.0, -5.775889738434995e-17, 1.1712398707441946e-17, 5.775889738434995e-17, 1.0], "world_rotation": [-0.7896765794068324, 0.16013129347666225, -0.5922574345551229, -7.314247236221149e-17]}], "source": "action wait"}
{"timestamp": 1706031097.999156, "objects": [{"color": "cv_", "id_name": "hand", "shape": "CVCylinder", "id_string": "ob382", "world_size": [0.12, 0.005, 0.12], "id": 382, "camera_size": [49, 51], "camera_position": [246, 421], "world_position": [0.2919863299813014, 0.6685403938222015, -0.17395566478895644], "world_orientation": [-0.0003764889118500568, 0.20623679702448508, 0.9785020397572917, -0.0007131393027580327, -0.9785019156606414, 0.20623649648107942, 0.9999996748441642, -0.0006201625082361735, 0.0005154706871037931], "world_rotation": [0.0, 1.0, 0.0, 0.0]}, {"color": "CVBlue", "id_name": "object75476226307709", "shape": "CVCylinder", "id_string": "ob1044", "world_size": [0.09, 0.09, 0.09], "id": 1044, "camera_size": [37, 37], "camera_position": [256, 254], "world_position": [0.705, 0.6448569696296074, -0.15], "world_orientation": [1.0, -4.331917303826236e-17, -1.1712398707441946e-17, 4.331917303826236e-17, 1.0, -5.775889738434995e-17, 1.1712398707441946e-17, 5.775889738434995e-17, 1.0], "world_rotation": [-0.7896765794068324, 0.16013129347666225, -0.5922574345551229, -7.314247236221149e-17]}], "source": "action wait"}
{"timestamp": 1706031098.032881, "objects": [{"color": "cv_", "id_name": "hand", "shape": "CVCylinder", "id_string": "ob382", "world_size": [0.12, 0.005, 0.12], "id": 382, "camera_size": [51, 52], "camera_position": [246, 405], "world_position": [0.3386391678281176, 0.707438069441722, -0.17398340714099686], "world_orientation": [-0.00021199002403940226, 0.20084688012512802, 0.9796226241794501, -0.0007285616036620552, -0.9796224172189363, 0.20084668003260217, 0.9999997121290682, -0.00067113793752775, 0.00035399950485069334], "world_rotation": [0.0, 1.0, 0.0, 0.0]}, {"color": "CVBlue", "id_name": "object75476226307709", "shape": "CVCylinder", "id_string": "ob1044", "world_size": [0.09, 0.09, 0.09], "id": 1044, "camera_size": [37, 37], "camera_position": [256, 254], "world_position": [0.705, 0.6448569696296074, -0.15], "world_orientation": [1.0, -4.331917303826236e-17, -1.1712398707441946e-17, 4.331917303826236e-17, 1.0, -5.775889738434995e-17, 1.1712398707441946e-17, 5.775889738434995e-17, 1.0], "world_rotation": [-0.7896765794068324, 0.16013129347666225, -0.5922574345551229, -7.314247236221149e-17]}], "source": "action wait"}
{"timestamp": 1706031098.064201, "objects": [{"color": "cv_", "id_name": "hand", "shape": "CVCylinder", "id_string": "ob382", "world_size": [0.12, 0.005, 0.12], "id": 382, "camera_size": [51, 53], "camera_position": [246, 388], "world_position": [0.38964740912109735, 0.7412609600992047, -0.1740039879433855], "world_orientation": [-0.000104912483882699, 0.1969761789978, 0.9804082689883828, -0.0007393845641217025, -0.9804080216739421, 0.19697605018847783, 0.9999997211518796, -0.0007042334939368971, 0.0002484981870234119], "world_rotation": [0.0, 1.0, 0.0, 0.0]}, {"color": "CVBlue", "id_name": "object75476226307709", "shape": "CVCylinder", "id_string": "ob1044", "world_size": [0.09, 0.09, 0.09], "id": 1044, "camera_size": [37, 37], "camera_position": [256, 254], "world_position": [0.705, 0.6448569696296074, -0.15], "world_orientation": [1.0, -4.331917303826236e-17, -1.1712398707441946e-17, 4.331917303826236e-17, 1.0, -5.775889738434995e-17, 1.1712398707441946e-17, 5.775889738434995e-17, 1.0], "world_rotation": [-0.7896765794068324, 0.16013129347666225, -0.5922574345551229, -7.314247236221149e-17]}], "source": "action wait"}
{"timestamp": 1706031098.095546, "objects": [{"color": "cv_", "id_name": "hand", "shape": "CVCylinder", "id_string": "ob382", "world_size": [0.12, 0.005, 0.12], "id": 382, "camera_size": [52, 53], "camera_position": [245, 367], "world_position": [0.4440841292171649, 0.7696625356353823, -0.17402260170101116], "world_orientation": [-2.9537695378764653e-05, 0.19424337095356797, 0.980953368906045, -0.0007465306399782885, -0.9809531002705778, 0.1942432952808038, 0.9999997209097251, -0.000726574246993203, 0.00017398372188658242], "world_rotation": [0.0, 1.0, 0.0, 0.0]}, {"color": "CVBlue", "id_name": "object75476226307709", "shape": "CVCylinder", "id_string": "ob1044", "world_size": [0.09, 0.09, 0.09], "id": 1044, "camera_size": [37, 37], "camera_position": [256, 254], "world_position": [0.705, 0.6448569696296074, -0.15], "world_orientation": [1.0, -4.331917303826236e-17, -1.1712398707441946e-17, 4.331917303826236e-17, 1.0, -5.775889738434995e-17, 1.1712398707441946e-17, 5.775889738434995e-17, 1.0], "world_rotation": [-0.7896765794068324, 0.16013129347666225, -0.5922574345551229, -7.314247236221149e-17]}], "source": "action wait"}
{"timestamp": 1706031098.124683, "objects": [{"color": "cv_", "id_name": "hand", "shape": "CVCylinder", "id_string": "ob382", "world_size": [0.12, 0.005, 0.12], "id": 382, "camera_size": [53, 54], "camera_position": [245, 343], "world_position": [0.5012942379258873, 0.7923826368068837, -0.17403884749904275], "world_orientation": [2.3429088015459076e-05, 0.19231290336887524, 0.9813336571466972, -0.0007513286572708484, -0.9813333770518731, 0.19231286641620063, 0.9999997174781234, -0.000741809814032795, 0.00012149844940096683], "world_rotation": [0.0, 1.0, 0.0, 0.0]}, {"color": "CVBlue", "id_name": "object75476226307709", "shape": "CVCylinder", "id_string": "ob1044", "world_size": [0.09, 0.09, 0.09], "id": 1044, "camera_size": [37, 37], "camera_position": [256, 254], "world_position": [0.705, 0.6448569696296074, -0.15], "world_orientation": [1.0, -4.331917303826236e-17, -1.1712398707441946e-17, 4.331917303826236e-17, 1.0, -5.775889738434995e-17, 1.1712398707441946e-17, 5.775889738434995e-17, 1.0], "world_rotation": [-0.7896765794068324, 0.16013129347666225, -0.5922574345551229, -7.314247236221149e-17]}], "source": "action wait"}
{"timestamp": 1706031098.158346, "objects": [{"color": "cv_", "id_name": "hand", "shape": "CVCylinder", "id_string": "ob382", "world_size": [0.12, 0.005, 0.12], "id": 382, "camera_size": [54, 54], "camera_position": [245, 318], "world_position": [0.5606308926447567, 0.8092052642744427, -0.17405257074703928], "world_orientation": [6.0509308413037824e-05, 0.19094762785454156, 0.9816002239992343, -0.0007546103196992691, -0.9815999375977342, 0.19094761865859997, 0.9999997134509034, -0.000752279767197371, 8.469511713923974e-05], "world_rotation": [0.0, 1.0, 0.0, 0.0]}, {"color": "CVBlue", "id_name": "object75476226307709", "shape": "CVCylinder", "id_string": "ob1044", "world_size": [0.09, 0.09, 0.09], "id": 1044, "camera_size": [37, 37], "camera_position": [256, 254], "world_position": [0.705, 0.6448569696296074, -0.15], "world_orientation": [1.0, -4.331917303826236e-17, -1.1712398707441946e-17, 4.331917303826236e-17, 1.0, -5.775889738434995e-17, 1.1712398707441946e-17, 5.775889738434995e-17, 1.0], "world_rotation": [-0.7896765794068324, 0.16013129347666225, -0.5922574345551229, -7.314247236221149e-17]}], "source": "action wait"}
{"timestamp": 1706031098.194351, "objects": [{"color": "cv_", "id_name": "hand", "shape": "CVCylinder", "id_string": "ob382", "world_size": [0.12, 0.005, 0.12], "id": 382, "camera_size": [54, 54], "camera_position": [245, 291], "world_position": [0.6216613412267571, 0.8138941651725883, -0.17406303328629666], "world_orientation": [8.078078828067893e-05, 0.18133299469060635, 0.9834217500701319, -0.0007644315141602855, -0.9834214547472274, 0.18133300302842673, 0.9999997045594187, -0.000766406800390502, 5.917509537237044e-05], "world_rotation": [0.0, 1.0, 0.0, 0.0]}, {"color": "CVBlue", "id_name": "object75476226307709", "shape": "CVCylinder", "id_string": "ob1044", "world_size": [0.09, 0.09, 0.09], "id": 1044, "camera_size": [37, 37], "camera_position": [256, 254], "world_position": [0.705, 0.6448569696296074, -0.15], "world_orientation": [1.0, -4.331917303826236e-17, -1.1712398707441946e-17, 4.331917303826236e-17, 1.0, -5.775889738434995e-17, 1.1712398707441946e-17, 5.775889738434995e-17, 1.0], "world_rotation": [-0.7896765794068324, 0.16013129347666225, -0.5922574345551229, -7.314247236221149e-17]}], "source": "action wait"}
{"timestamp": 1706031098.228343, "objects": [{"color": "cv_", "id_name": "hand", "shape": "CVCylinder", "id_string": "ob382", "world_size": [0.12, 0.005, 0.12], "id": 382, "camera_size": [53, 53], "camera_position": [245, 263], "world_position": [0.6838046104423745, 0.7936063257003875, -0.1740707741387275], "world_orientation": [7.152291032030001e-05, 0.145360054020249, 0.9893788200581735, -0.0007771441966910479, -0.9893785157398819, 0.14536006548996258, 0.999999695465639, -0.0007792865832657565, 4.220249155885225e-05], "world_rotation": [0.0, 1.0, 0.0, 0.0]}, {"color": "CVBlue", "id_name": "object75476226307709", "shape": "CVCylinder", "id_string": "ob1044", "world_size": [0.09, 0.09, 0.09], "id": 1044, "camera_size": [37, 37], "camera_position": [256, 254], "world_position": [0.705, 0.6448569696296074, -0.15], "world_orientation": [1.0, -4.331917303826236e-17, -1.1712398707441946e-17, 4.331917303826236e-17, 1.0, -5.775889738434995e-17, 1.1712398707441946e-17, 5.775889738434995e-17, 1.0], "world_rotation": [-0.7896765794068324, 0.16013129347666225, -0.5922574345551229, -7.314247236221149e-17]}], "source": "action wait"}
{"timestamp": 1706031098.266413, "objects": [{"color": "cv_", "id_name": "hand", "shape": "CVCylinder", "id_string": "ob382", "world_size": [0.12, 0.005, 0.12], "id": 382, "camera_size": [52, 52], "camera_position": [245, 239], "world_position": [0.7379742125950045, 0.7621055165370447, -0.17407247953652008], "world_orientation": [3.870763950754253e-05, 0.10219603797862406, 0.9947642777679495, -0.0007766988928789939, -0.9947639753893507, 0.10219603713650116, 0.9999996976202286, -0.0007765880805828309, 4.087058420055556e-05], "world_rotation": [0.0, 1.0, 0.0, 0.0]}, {"color": "CVBlue", "id_name": "object75476226307709", "shape": "CVCylinder", "id_string": "ob1044", "world_size": [0.09, 0.09, 0.09], "id": 1044, "camera_size": [37, 37], "camera_position": [256, 254], "world_position": [0.705, 0.6448569696296074, -0.15], "world_orientation": [1.0, -4.331917303826236e-17, -1.1712398707441946e-17, 4.331917303826236e-17, 1.0, -5.775889738434995e-17, 1.1712398707441946e-17, 5.775889738434995e-17, 1.0], "world_rotation": [-0.7896765794068324, 0.16013129347666225, -0.5922574345551229, -7.314247236221149e-17]}], "source": "action wait"}
{"timestamp": 1706031098.301215, "objects": [{"color": "cv_", "id_name": "hand", "shape": "CVCylinder", "id_string": "ob382", "world_size": [0.12, 0.005, 0.12], "id": 382, "camera_size": [51, 51], "camera_position": [246, 224], "world_position": [0.7751480787229763, 0.7363603375868235, -0.1740739246668359], "world_orientation": [1.363297409623722e-05, 0.07157704256831446, 0.9974350739728955, -0.0007699275011918433, -0.9974347776802915, 0.07157703182942371, 0.9999997035128485, -0.0007689285019262055, 4.1511131040912424e-05], "world_rotation": [0.0, 1.0, 0.0, 0.0]}, {"color": "CVBlue", "id_name": "object75476226307709", "shape": "CVCylinder", "id_string": "ob1044", "world_size": [0.09, 0.09, 0.09], "id": 1044, "camera_size": [37, 37], "camera_position": [256, 254], "world_position": [0.705, 0.6448569696296074, -0.15], "world_orientation": [1.0, -4.331917303826236e-17, -1.1712398707441946e-17, 4.331917303826236e-17, 1.0, -5.775889738434995e-17, 1.1712398707441946e-17, 5.775889738434995e-17, 1.0], "world_rotation": [-0.7896765794068324, 0.16013129347666225, -0.5922574345551229, -7.314247236221149e-17]}], "source": "action wait"}
{"timestamp": 1706031098.333182, "objects": [{"color": "cv_", "id_name": "hand", "shape": "CVCylinder", "id_string": "ob382", "world_size": [0.12, 0.005, 0.12], "id": 382, "camera_size": [51, 51], "camera_position": [246, 214], "world_position": [0.8006287036494816, 0.7165738916474004, -0.17407747063773021], "world_orientation": [5.821700221607925e-08, 0.04995500865857279, 0.9987514691403055, -0.0007648996240180897, -0.9987511769675624, 0.04995499408942134, 0.9999997074642382, -0.0007639475314632832, 3.8152423041661844e-05], "world_rotation": [0.0, 1.0, 0.0, 0.0]}, {"color": "CVBlue", "id_name": "object75476226307709", "shape": "CVCylinder", "id_string": "ob1044", "world_size": [0.09, 0.09, 0.09], "id": 1044, "camera_size": [37, 37], "camera_position": [256, 254], "world_position": [0.705, 0.6448569696296074, -0.15], "world_orientation": [1.0, -4.331917303826236e-17, -1.1712398707441946e-17, 4.331917303826236e-17, 1.0, -5.775889738434995e-17, 1.1712398707441946e-17, 5.775889738434995e-17, 1.0], "world_rotation": [-0.7896765794068324, 0.16013129347666225, -0.5922574345551229, -7.314247236221149e-17]}], "source": "action wait"}
{"timestamp": 1706031098.364188, "objects": [{"color": "cv_", "id_name": "hand", "shape": "CVCylinder", "id_string": "ob382", "world_size": [0.12, 0.005, 0.12], "id": 382, "camera_size": [49, 50], "camera_position": [246, 207], "world_position": [0.8181840446690555, 0.7018568843458366, -0.17408167477763173], "world_orientation": [-6.779163270024964e-06, 0.03470257336703531, 0.9993976842857645, -0.0007618408077406754, -0.9993973944619978, 0.03470255813558785, 0.9999997097762713, -0.000761146684743295, 3.321291463369427e-05], "world_rotation": [0.0, 1.0, 0.0, 0.0]}, {"color": "CVBlue", "id_name": "object75476226307709", "shape": "CVCylinder", "id_string": "ob1044", "world_size": [0.09, 0.09, 0.09], "id": 1044, "camera_size": [37, 37], "camera_position": [256, 254], "world_position": [0.705, 0.6448569696296074, -0.15], "world_orientation": [1.0, -4.331917303826236e-17, -1.1712398707441946e-17, 4.331917303826236e-17, 1.0, -5.775889738434995e-17, 1.1712398707441946e-17, 5.775889738434995e-17, 1.0], "world_rotation": [-0.7896765794068324, 0.16013129347666225, -0.5922574345551229, -7.314247236221149e-17]}], "source": "action wait"}
{"timestamp": 1706031098.388049, "objects": [{"color": "cv_", "id_name": "hand", "shape": "CVCylinder", "id_string": "ob382", "world_size": [0.12, 0.005, 0.12], "id": 382, "camera_size": [49, 50], "camera_position": [246, 202], "world_position": [0.8303410328111928, 0.69112622014562, -0.17408578489701748], "world_orientation": [-9.789326411856918e-06, 0.023948869376557085, 0.999713184648354, -0.0007603078598260669, -0.9997128959233414, 0.02394885501489889, 0.999999710918022, -0.0007598553487013129, 2.7995029477653383e-05], "world_rotation": [0.0, 1.0, 0.0, 0.0]}, {"color": "CVBlue", "id_name": "object75476226307709", "shape": "CVCylinder", "id_string": "ob1044", "world_size": [0.09, 0.09, 0.09], "id": 1044, "camera_size": [37, 37], "camera_position": [256, 254], "world_position": [0.705, 0.6448569696296074, -0.15], "world_orientation": [1.0, -4.331917303826236e-17, -1.1712398707441946e-17, 4.331917303826236e-17, 1.0, -5.775889738434995e-17, 1.1712398707441946e-17, 5.775889738434995e-17, 1.0], "world_rotation": [-0.7896765794068324, 0.16013129347666225, -0.5922574345551229, -7.314247236221149e-17]}], "source": "action wait"}
{"timestamp": 1706031098.419179, "objects": [{"color": "cv_", "id_name": "hand", "shape": "CVCylinder", "id_string": "ob382", "world_size": [0.12, 0.005, 0.12], "id": 382, "camera_size": [49, 49], "camera_position": [246, 199], "world_position": [0.8387968243590077, 0.6834001042493958, -0.17408945596142644], "world_orientation": [-1.0717838370016971e-05, 0.016368813175742503, 0.9998660219451132, -0.0007597774370993987, -0.9998657335435873, 0.01636880031005661, 0.9999997113116453, -0.0007595002054405537, 2.3153054247233336e-05], "world_rotation": [0.0, 1.0, 0.0, 0.0]}, {"color": "CVBlue", "id_name": "object75476226307709", "shape": "CVCylinder", "id_string": "ob1044", "world_size": [0.09, 0.09, 0.09], "id": 1044, "camera_size": [37, 37], "camera_position": [256, 254], "world_position": [0.705, 0.6448569696296074, -0.15], "world_orientation": [1.0, -4.331917303826236e-17, -1.1712398707441946e-17, 4.331917303826236e-17, 1.0, -5.775889738434995e-17, 1.1712398707441946e-17, 5.775889738434995e-17, 1.0], "world_rotation": [-0.7896765794068324, 0.16013129347666225, -0.5922574345551229, -7.314247236221149e-17]}], "source": "action wait"}
{"timestamp": 1706031098.456449, "objects": [{"color": "cv_", "id_name": "hand", "shape": "CVCylinder", "id_string": "ob382", "world_size": [0.12, 0.005, 0.12], "id": 382, "camera_size": [49, 49], "camera_position": [246, 197], "world_position": [0.8446990708644817, 0.6778825512448377, -0.1740925685820875], "world_orientation": [-1.0554458878754645e-05, 0.011026339769764169, 0.9999392080121097, -0.0007598280019481547, -0.9999389195044419, 0.011026328568326567, 0.9999997112749638, -0.0007596654335623572, 1.8931935923605715e-05], "world_rotation": [0.0, 1.0, 0.0, 0.0]}, {"color": "CVBlue", "id_name": "object75476226307709", "shape": "CVCylinder", "id_string": "ob1044", "world_size": [0.09, 0.09, 0.09], "id": 1044, "camera_size": [37, 37], "camera_position": [256, 254], "world_position": [0.705, 0.6448569696296074, -0.15], "world_orientation": [1.0, -4.331917303826236e-17, -1.1712398707441946e-17, 4.331917303826236e-17, 1.0, -5.775889738434995e-17, 1.1712398707441946e-17, 5.775889738434995e-17, 1.0], "world_rotation": [-0.7896765794068324, 0.16013129347666225, -0.5922574345551229, -7.314247236221149e-17]}], "source": "action wait"}
{"timestamp": 1706031098.494578, "objects": [{"color": "cv_", "id_name": "hand", "shape": "CVCylinder", "id_string": "ob382", "world_size": [0.12, 0.005, 0.12], "id": 382, "camera_size": [49, 49], "camera_position": [246, 196], "world_position": [0.8488301466223086, 0.6739633314934506, -0.1740951209946196], "world_orientation": [-9.898889273987285e-06, 0.007261052217102665, 0.9999736381638832, -0.0007601703108008252, -0.9999733493456383, 0.007261042594883454, 0.9999997110215136, -0.0007600783950593736, 1.5418261783093413e-05], "world_rotation": [0.0, 1.0, 0.0, 0.0]}, {"color": "CVBlue", "id_name": "object75476226307709", "shape": "CVCylinder", "id_string": "ob1044", "world_size": [0.09, 0.09, 0.09], "id": 1044, "camera_size": [37, 37], "camera_position": [256, 254], "world_position": [0.705, 0.6448569696296074, -0.15], "world_orientation": [1.0, -4.331917303826236e-17, -1.1712398707441946e-17, 4.331917303826236e-17, 1.0, -5.775889738434995e-17, 1.1712398707441946e-17, 5.775889738434995e-17, 1.0], "world_rotation": [-0.7896765794068324, 0.16013129347666225, -0.5922574345551229, -7.314247236221149e-17]}], "source": "action wait"}
{"timestamp": 1706031098.531169, "objects": [{"color": "cv_", "id_name": "hand", "shape": "CVCylinder", "id_string": "ob382", "world_size": [0.12, 0.005, 0.12], "id": 382, "camera_size": [49, 48], "camera_position": [246, 194], "world_position": [0.8517274751227526, 0.6711892837307166, -0.17409716653849278], "world_orientation": [-9.057824979354658e-06, 0.004607334097045176, 0.9999893861389101, -0.0007606242741344578, -0.9999890969400597, 0.0046073258749210425, 0.9999997106842929, -0.000760574468623026, 1.2562176374971963e-05], "world_rotation": [0.0, 1.0, 0.0, 0.0]}, {"color": "CVBlue", "id_name": "object75476226307709", "shape": "CVCylinder", "id_string": "ob1044", "world_size": [0.09, 0.09, 0.09], "id": 1044, "camera_size": [37, 37], "camera_position": [256, 254], "world_position": [0.705, 0.6448569696296074, -0.15], "world_orientation": [1.0, -4.331917303826236e-17, -1.1712398707441946e-17, 4.331917303826236e-17, 1.0, -5.775889738434995e-17, 1.1712398707441946e-17, 5.775889738434995e-17, 1.0], "world_rotation": [-0.7896765794068324, 0.16013129347666225, -0.5922574345551229, -7.314247236221149e-17]}], "source": "action wait"}
{"timestamp": 1706031098.563943, "objects": [{"color": "cv_", "id_name": "hand", "shape": "CVCylinder", "id_string": "ob382", "world_size": [0.12, 0.005, 0.12], "id": 382, "camera_size": [49, 49], "camera_position": [246, 194], "world_position": [0.8537625940252678, 0.6692303619992965, -0.1740987789839889], "world_orientation": [-8.212804762850506e-06, 0.0027369985563418676, 0.9999962543787114, -0.0007610881614419569, -0.9999959648029926, 0.0027369915130790274, 0.9999997103386383, -0.0007610628323173889, 1.029586882204577e-05], "world_rotation": [0.0, 1.0, 0.0, 0.0]}, {"color": "CVBlue", "id_name": "object75476226307709", "shape": "CVCylinder", "id_string": "ob1044", "world_size": [0.09, 0.09, 0.09], "id": 1044, "camera_size": [37, 37], "camera_position": [256, 254], "world_position": [0.705, 0.6448569696296074, -0.15], "world_orientation": [1.0, -4.331917303826236e-17, -1.1712398707441946e-17, 4.331917303826236e-17, 1.0, -5.775889738434995e-17, 1.1712398707441946e-17, 5.775889738434995e-17, 1.0], "world_rotation": [-0.7896765794068324, 0.16013129347666225, -0.5922574345551229, -7.314247236221149e-17]}], "source": "action wait"}
{"timestamp": 1706031098.593934, "objects": [{"color": "cv_", "id_name": "hand", "shape": "CVCylinder", "id_string": "ob382", "world_size": [0.12, 0.005, 0.12], "id": 382, "camera_size": [48, 48], "camera_position": [246, 193], "world_position": [0.8551936730969844, 0.6678491371808034, -0.17410003439723182], "world_orientation": [-7.4402224691949e-06, 0.001418755233692956, 0.9999989935386087, -0.0007615107663230095, -0.9999987036252516, 0.0014187491565615872, 0.999999710022956, -0.0007614994440827942, 8.520610209477916e-06], "world_rotation": [0.0, 1.0, 0.0, 0.0]}, {"color": "CVBlue", "id_name": "object75476226307709", "shape": "CVCylinder", "id_string": "ob1044", "world_size": [0.09, 0.09, 0.09], "id": 1044, "camera_size": [37, 37], "camera_position": [256, 254], "world_position": [0.705, 0.6448569696296074, -0.15], "world_orientation": [1.0, -4.331917303826236e-17, -1.1712398707441946e-17, 4.331917303826236e-17, 1.0, -5.775889738434995e-17, 1.1712398707441946e-17, 5.775889738434995e-17, 1.0], "world_rotation": [-0.7896765794068324, 0.16013129347666225, -0.5922574345551229, -7.314247236221149e-17]}], "source": "action wait"}
{"timestamp": 1706031098.627376, "objects": [{"color": "cv_", "id_name": "hand", "shape": "CVCylinder", "id_string": "ob382", "world_size": [0.12, 0.005, 0.12], "id": 382, "camera_size": [48, 49], "camera_position": [246, 193], "world_position": [0.8562008105154133, 0.6668761733213866, -0.17410100253163532], "world_orientation": [-6.7730393801951305e-06, 0.0004896089364445353, 0.9999998801186005, -0.0007618714263842542, -0.9999995899200216, 0.0004896036341752679, 0.9999997097529858, -0.0007618680189456723, 7.146055661851562e-06], "world_rotation": [0.0, 1.0, 0.0, 0.0]}, {"color": "CVBlue", "id_name": "object75476226307709", "shape": "CVCylinder", "id_string": "ob1044", "world_size": [0.09, 0.09, 0.09], "id": 1044, "camera_size": [37, 37], "camera_position": [256, 254], "world_position": [0.705, 0.6448569696296074, -0.15], "world_orientation": [1.0, -4.331917303826236e-17, -1.1712398707441946e-17, 4.331917303826236e-17, 1.0, -5.775889738434995e-17, 1.1712398707441946e-17, 5.775889738434995e-17, 1.0], "world_rotation": [-0.7896765794068324, 0.16013129347666225, -0.5922574345551229, -7.314247236221149e-17]}], "source": "action wait"}
{"timestamp": 1706031098.659881, "objects": [{"color": "cv_", "id_name": "hand", "shape": "CVCylinder", "id_string": "ob382", "world_size": [0.12, 0.005, 0.12], "id": 382, "camera_size": [48, 49], "camera_position": [246, 193], "world_position": [0.856910011690038, 0.666191193563569, -0.1741017434728114], "world_orientation": [-6.217636920644559e-06, -0.00016530641626795792, 0.9999999863175648, -0.0007621664909112871, -0.9999996958871927, -0.00016531110713224854, 0.9999997095317484, -0.0007621675083277657, 6.091644018933924e-06], "world_rotation": [0.0, 1.0, 0.0, 0.0]}, {"color": "CVBlue", "id_name": "object75476226307709", "shape": "CVCylinder", "id_string": "ob1044", "world_size": [0.09, 0.09, 0.09], "id": 1044, "camera_size": [37, 37], "camera_position": [256, 254], "world_position": [0.705, 0.6448569696296074, -0.15], "world_orientation": [1.0, -4.331917303826236e-17, -1.1712398707441946e-17, 4.331917303826236e-17, 1.0, -5.775889738434995e-17, 1.1712398707441946e-17, 5.775889738434995e-17, 1.0], "world_rotation": [-0.7896765794068324, 0.16013129347666225, -0.5922574345551229, -7.314247236221149e-17]}], "source": "action wait"}
{"timestamp": 1706031098.692381, "objects": [{"color": "cv_", "id_name": "hand", "shape": "CVCylinder", "id_string": "ob382", "world_size": [0.12, 0.005, 0.12], "id": 382, "camera_size": [48, 48], "camera_position": [246, 192], "world_position": [0.8574096276521502, 0.6657091144384271, -0.17410230703323037], "world_orientation": [-5.766990364607198e-06, -0.0006269410011310916, 0.9999998034558423, -0.0007624008723930827, -0.9999995128421846, -0.0006269452156923281, 0.9999997093557836, -0.000762404338134997, 5.289007189335651e-06], "world_rotation": [0.0, 1.0, 0.0, 0.0]}, {"color": "CVBlue", "id_name": "object75476226307709", "shape": "CVCylinder", "id_string": "ob1044", "world_size": [0.09, 0.09, 0.09], "id": 1044, "camera_size": [37, 37], "camera_position": [256, 254], "world_position": [0.705, 0.6448569696296074, -0.15], "world_orientation": [1.0, -4.331917303826236e-17, -1.1712398707441946e-17, 4.331917303826236e-17, 1.0, -5.775889738434995e-17, 1.1712398707441946e-17, 5.775889738434995e-17, 1.0], "world_rotation": [-0.7896765794068324, 0.16013129347666225, -0.5922574345551229, -7.314247236221149e-17]}], "source": "action wait"}
{"timestamp": 1706031098.722176, "objects": [{"color": "cv_", "id_name": "hand", "shape": "CVCylinder", "id_string": "ob382", "world_size": [0.12, 0.005, 0.12], "id": 382, "camera_size": [48, 48], "camera_position": [246, 192], "world_position": [0.8577617058342162, 0.6653698853998522, -0.1741027334678272], "world_orientation": [-5.408160693717703e-06, -0.0009523450006447886, 0.999999546504773, -0.0007625830578220526, -0.999999255749099, -0.0009523488479181084, 0.9999997092188736, -0.0007625878624502205, 4.681914506360013e-06], "world_rotation": [0.0, 1.0, 0.0, 0.0]}, {"color": "CVBlue", "id_name": "object75476226307709", "shape": "CVCylinder", "id_string": "ob1044", "world_size": [0.09, 0.09, 0.09], "id": 1044, "camera_size": [37, 37], "camera_position": [256, 254], "world_position": [0.705, 0.6448569696296074, -0.15], "world_orientation": [1.0, -4.331917303826236e-17, -1.1712398707441946e-17, 4.331917303826236e-17, 1.0, -5.775889738434995e-17, 1.1712398707441946e-17, 5.775889738434995e-17, 1.0], "world_rotation": [-0.7896765794068324, 0.16013129347666225, -0.5922574345551229, -7.314247236221149e-17]}], "source": "action wait"}
{"timestamp": 1706031098.759369, "objects": [{"color": "cv_", "id_name": "hand", "shape": "CVCylinder", "id_string": "ob382", "world_size": [0.12, 0.005, 0.12], "id": 382, "camera_size": [48, 48], "camera_position": [246, 192], "world_position": [0.858009871499704, 0.6651311860227871, -0.17410305472592927], "world_orientation": [-5.126505792361233e-06, -0.0011817262926482127, 0.9999993017481005, -0.0007627223511200486, -0.9999990108840886, -0.0011817298590292163, 0.9999997091141248, -0.0007627278766930657, 4.225171665707519e-06], "world_rotation": [0.0, 1.0, 0.0, 0.0]}, {"color": "CVBlue", "id_name": "object75476226307709", "shape": "CVCylinder", "id_string": "ob1044", "world_size": [0.09, 0.09, 0.09], "id": 1044, "camera_size": [37, 37], "camera_position": [256, 254], "world_position": [0.705, 0.6448569696296074, -0.15], "world_orientation": [1.0, -4.331917303826236e-17, -1.1712398707441946e-17, 4.331917303826236e-17, 1.0, -5.775889738434995e-17, 1.1712398707441946e-17, 5.775889738434995e-17, 1.0], "world_rotation": [-0.7896765794068324, 0.16013129347666225, -0.5922574345551229, -7.314247236221149e-17]}], "source": "action wait"}
{"timestamp": 1706031100.901606, "objects": [{"color": "cv_", "id_name": "hand", "shape": "CVCylinder", "id_string": "ob382", "world_size": [0.12, 0.005, 0.12], "id": 382, "camera_size": [48, 49], "camera_position": [246, 192], "world_position": [0.8586032668446376, 0.664563861348265, -0.1741039927127742], "world_orientation": [-4.226273355827262e-06, -0.00172978574283642, 0.9999985039105922, -0.0007631197297965952, -0.9999982127384763, -0.001729788464327332, 0.9999997088151659, -0.0007631258986605141, 2.9062321740558087e-06], "world_rotation": [0.0, 1.0, 0.0, 0.0]}, {"color": "CVBlue", "id_name": "object75476226307709", "shape": "CVCylinder", "id_string": "ob1044", "world_size": [0.09, 0.09, 0.09], "id": 1044, "camera_size": [37, 37], "camera_position": [256, 254], "world_position": [0.705, 0.6448569696296074, -0.15], "world_orientation": [1.0, -4.331917303826236e-17, -1.1712398707441946e-17, 4.331917303826236e-17, 1.0, -5.775889738434995e-17, 1.1712398707441946e-17, 5.775889738434995e-17, 1.0], "world_rotation": [-0.7896765794068324, 0.16013129347666225, -0.5922574345551229, -7.314247236221149e-17]}], "source": "action wait"}
{"timestamp": 1706031100.935275, "objects": [{"color": "cv_", "id_name": "hand", "shape": "CVCylinder", "id_string": "ob382", "world_size": [0.12, 0.005, 0.12], "id": 382, "camera_size": [48, 48], "camera_position": [246, 205], "world_position": [0.8258594435103612, 0.6516684514601496, -0.1740881299332705], "world_orientation": [-4.614723898980988e-05, -0.022641961772579686, 0.9997436368577304, -0.0007601045599844994, -0.9997433483225797, -0.02264199032362366, 0.9999997100557031, -0.0007609545625300901, 2.8925136833538236e-05], "world_rotation": [0.0, 1.0, 0.0, 0.0]}, {"color": "CVBlue", "id_name": "object75476226307709", "shape": "CVCylinder", "id_string": "ob1044", "world_size": [0.09, 0.09, 0.09], "id": 1044, "camera_size": [37, 37], "camera_position": [256, 254], "world_position": [0.705, 0.6448569696296074, -0.15], "world_orientation": [1.0, -4.331917303826236e-17, -1.1712398707441946e-17, 4.331917303826236e-17, 1.0, -5.775889738434995e-17, 1.1712398707441946e-17, 5.775889738434995e-17, 1.0], "world_rotation": [-0.7896765794068324, 0.16013129347666225, -0.5922574345551229, -7.314247236221149e-17]}], "source": "action wait"}
{"timestamp": 1706031100.963684, "objects": [{"color": "cv_", "id_name": "hand", "shape": "CVCylinder", "id_string": "ob382", "world_size": [0.12, 0.005, 0.12], "id": 382, "camera_size": [48, 48], "camera_position": [246, 219], "world_position": [0.7916932169443682, 0.6583588342323874, -0.17409751171503485], "world_orientation": [-3.3571335413172776e-05, -0.016487741777826477, 0.9998640673831785, -0.0007581347884897825, -0.9998637801818241, -0.01648776249693801, 0.9999997120522626, -0.0007585852494494588, 2.106683170692153e-05], "world_rotation": [0.0, 1.0, 0.0, 0.0]}, {"color": "CVBlue", "id_name": "object75476226307709", "shape": "CVCylinder", "id_string": "ob1044", "world_size": [0.09, 0.09, 0.09], "id": 1044, "camera_size": [37, 38], "camera_position": [256, 263], "world_position": [0.6807678160959579, 0.6461699057532183, -0.15000333074136357], "world_orientation": [0.9994796642623179, -0.03225510596176905, 9.415667541462359e-05, 0.03225510721019317, 0.9994796685877698, -1.1770345499575809e-05, -9.372802899743868e-05, 1.480125462822183e-05, 0.9999999954979899], "world_rotation": [0.00041189578937405995, 0.0029124673810727187, 0.9999956739284489, 0.03226084180919973]}], "source": "action wait"}
{"timestamp": 1706031101.002204, "objects": [{"color": "cv_", "id_name": "hand", "shape": "CVCylinder", "id_string": "ob382", "world_size": [0.12, 0.005, 0.12], "id": 382, "camera_size": [48, 49], "camera_position": [246, 229], "world_position": [0.76713463762179, 0.6617301427606276, -0.17410363708908838], "world_orientation": [-1.7326719783116434e-05, -0.01208026288850499, 0.9999270308119137, -0.0007619945564266704, -0.9999267405058061, -0.012080272585104242, 0.9999997095319983, -0.0007621482658008998, 8.120355875501746e-06], "world_rotation": [0.0, 1.0, 0.0, 0.0]}, {"color": "CVBlue", "id_name": "object75476226307709", "shape": "CVCylinder", "id_string": "ob1044", "world_size": [0.09, 0.09, 0.09], "id": 1044, "camera_size": [37, 39], "camera_position": [256, 282], "world_position": [0.6358207749493783, 0.6466967604736835, -0.15000356789822644], "world_orientation": [0.9990371383885239, -0.04387239561669256, 9.499116682544284e-05, 0.0438723964068805, 0.9990371428502832, -6.249834028722256e-06, -9.462550871025828e-05, 1.0411306429575628e-05, 0.9999999954688089], "world_rotation": [0.000189881369260319, 0.002160996966289715, 0.9999976470158203, 0.043886585717510765]}], "source": "action wait"}
{"timestamp": 1706031101.031632, "objects": [{"color": "cv_", "id_name": "hand", "shape": "CVCylinder", "id_string": "ob382", "world_size": [0.12, 0.005, 0.12], "id": 382, "camera_size": [48, 49], "camera_position": [246, 236], "world_position": [0.749762722001139, 0.6633505007857323, -0.1741067129442995], "world_orientation": [-8.310700696991183e-06, -0.00898835279827749, 0.9999596039065308, -0.0007634495974889799, -0.9999593124681201, -0.008988356523677488, 0.9999997085377798, -0.0007634934566488634, 1.448208229521549e-06], "world_rotation": [0.0, 1.0, 0.0, 0.0]}, {"color": "CVBlue", "id_name": "object75476226307709", "shape": "CVCylinder", "id_string": "ob1044", "world_size": [0.09, 0.09, 0.09], "id": 1044, "camera_size": [37, 39], "camera_position": [256, 298], "world_position": [0.5951009367913487, 0.6440341689131392, -0.1500040499060641], "world_orientation": [0.9998480365355583, 0.0174325674454245, 9.70991746869863e-05, -0.017432567137822808, 0.9998480412477079, -4.013420365149225e-06, -9.715438383875455e-05, 2.3201225901284682e-06, 0.9999999952778214], "world_rotation": [0.00018165553136652516, 0.005571484024502789, -0.9999844626628119, 0.01743372125671094]}], "source": "action wait"}
{"timestamp": 1706031101.063385, "objects": [{"color": "cv_", "id_name": "hand", "shape": "CVCylinder", "id_string": "ob382", "world_size": [0.12, 0.005, 0.12], "id": 382, "camera_size": [48, 49], "camera_position": [246, 241], "world_position": [0.7375080026145722, 0.6641216811748508, -0.17410802807079848], "world_orientation": [-3.3817809881461454e-06, -0.006818356717601755, 0.9999767547299463, -0.0007638551182127646, -0.9999764629874694, -0.006818357311601639, 0.9999997082569185, -0.0007638604203857612, -1.8265352850561602e-06], "world_rotation": [0.0, 1.0, 0.0, 0.0]}, {"color": "CVBlue", "id_name": "object75476226307709", "shape": "CVCylinder", "id_string": "ob1044", "world_size": [0.09, 0.09, 0.09], "id": 1044, "camera_size": [37, 39], "camera_position": [256, 310], "world_position": [0.5666965438060746, 0.6448882690189812, -0.15000401604520425], "world_orientation": [0.9999971707354733, -0.002376776881306449, 9.722502446848264e-05, 0.0023767771765573027, 0.9999971754568703, -2.921349844744873e-06, -9.721780645543446e-05, 3.1524237986227228e-06, 0.9999999952693803], "world_rotation": [0.0012766645088199673, 0.040870515730548555, 0.9991636357832739, 0.002378768787542143]}], "source": "action wait"}
{"timestamp": 1706031101.095234, "objects": [{"color": "cv_", "id_name": "hand", "shape": "CVCylinder", "id_string": "ob382", "world_size": [0.12, 0.005, 0.12], "id": 382, "camera_size": [48, 48], "camera_position": [246, 244], "world_position": [0.7288736375062326, 0.6644846993161042, -0.17410836045345018], "world_orientation": [-9.59277150461504e-07, -0.005294570841339575, 0.9999859836611141, -0.0007638492826641636, -0.9999856919288778, -0.005294570029473982, 0.9999997082666341, -0.0007638436552541781, -3.0849907137535288e-06], "world_rotation": [0.0, 1.0, 0.0, 0.0]}, {"color": "CVBlue", "id_name": "object75476226307709", "shape": "CVCylinder", "id_string": "ob1044", "world_size": [0.09, 0.09, 0.09], "id": 1044, "camera_size": [37, 40], "camera_position": [256, 317], "world_position": [0.5468559054721237, 0.6448813233628904, -0.15000406948903122], "world_orientation": [0.9999961757086446, -0.002763895037843572, 9.722296708920356e-05, 0.002763895215801969, 0.9999961804328853, -1.696105524982541e-06, -9.721790788191141e-05, 1.96481313218669e-06, 0.9999999952724091], "world_rotation": [0.0006618657683638305, 0.03515340578848144, 0.999381708855618, 0.0027656086014502205]}], "source": "action wait"}
