{"timestamp": 1706031204.085219, "objects": [{"color": "cv_", "id_name": "hand", "shape": "CVCylinder", "id_string": "ob382", "world_size": [0.12, 0.005, 0.12], "id": 382, "camera_size": [48, 50], "camera_position": [246, 426], "world_position": [0.26764451554004576, 0.6334703013847316, -0.1738926040084784], "world_orientation": [-0.0006415511495802139, 0.19791547486652739, 0.9802188802611789, -0.0007473675247920072, -0.9802189031249444, 0.1979149903325005, 0.999999514926835, -0.0006056111687285063, 0.0007767761627095252], "world_rotation": [0.0, 1.0, 0.0, 0.0]}, {"color": "CVRed", "id_name": "object54464962162300", "shape": "CVSphere", "id_string": "ob1093", "world_size": [0.11, 0.11, 0.11], "id": 1093, "camera_size": [45, 45], "camera_position": [256, 254], "world_position": [0.705, 0.654738849708696, -0.15], "world_orientation": [1.0, -5.1619362862653347e-17, 1.4541359828532488e-17, 5.1619362862653347e-17, 1.0, 2.3824321321224633e-17, -1.4541359828532488e-17, -2.3824321321224633e-17, 1.0], "world_rotation": [-0.4059884517598224, 0.2477982093873522, 0.8796416454796148, 5.868226354211375e-17]}], "source": "manual check"}
{"timestamp": 1706031205.104244, "objects": [{"color": "cv_", "id_name": "hand", "shape": "CVCylinder", "id_string": "ob382", "world_size": [0.12, 0.005, 0.12], "id": 382, "camera_size": [48, 50], "camera_position": [246, 426], "world_position": [0.26764451554004576, 0.6334703013847316, -0.1738926040084784], "world_orientation": [-0.0006415511495802139, 0.19791547486652739, 0.9802188802611789, -0.0007473675247920072, -0.9802189031249444, 0.1979149903325005, 0.999999514926835, -0.0006056111687285063, 0.0007767761627095252], "world_rotation": [0.0, 1.0, 0.0, 0.0]}, {"color": "CVRed", "id_name": "object54464962162300", "shape": "CVSphere", "id_string": "ob1093", "world_size": [0.11, 0.11, 0.11], "id": 1093, "camera_size": [45, 45], "camera_position": [256, 254], "world_position": [0.705, 0.6547388572526824, -0.15], "world_orientation": [1.0, -3.838362879530641e-17, 1.4813540171849057e-17, 3.838362879530641e-17, 1.0, 5.294293626938881e-18, -1.4813540171849057e-17, -5.294293626938881e-18, 1.0], "world_rotation": [-0.1276280613210114, 0.35710588544125776, 0.925303444577321, 4.1482206750932463e-17]}], "source": "manual check"}
{"timestamp": 1706031206.221513, "objects": [{"color": "cv_", "id_name": "hand", "shape": "CVCylinder", "id_string": "ob382", "world_size": [0.12, 0.005, 0.12], "id": 382, "camera_size": [48, 50], "camera_position": [246, 426], "world_position": [0.26764451554004576, 0.6334703013847316, -0.1738926040084784], "world_orientation": [-0.0006415511495802139, 0.19791547486652739, 0.9802188802611789, -0.0007473675247920072, -0.9802189031249444, 0.1979149903325005, 0.999999514926835, -0.0006056111687285063, 0.0007767761627095252], "world_rotation": [0.0, 1.0, 0.0, 0.0]}, {"color": "CVRed", "id_name": "object54464962162300", "shape": "CVSphere", "id_string": "ob1093", "world_size": [0.11, 0.11, 0.11], "id": 1093, "camera_size": [45, 45], "camera_position": [256, 254], "world_position": [0.705, 0.6547388572526824, -0.15], "world_orientation": [1.0, -3.838362879530641e-17, 1.4813540171849057e-17, 3.838362879530641e-17, 1.0, 5.294293626938881e-18, -1.4813540171849057e-17, -5.294293626938881e-18, 1.0], "world_rotation": [-0.1276280613210114, 0.35710588544125776, 0.925303444577321, 4.1482206750932463e-17]}], "source": "action wait"}
{"timestamp": 1706031206.253053, "objects": [{"color": "cv_", "id_name": "hand", "shape": "CVCylinder", "id_string": "ob382", "world_size": [0.12, 0.005, 0.12], "id": 382, "camera_size": [49, 51], "camera_position": [246, 421], "world_position": [0.2916589626797328, 0.6683027063668923, -0.17395584434535358], "world_orientation": [-0.0003788233575380141, 0.20322959919089945, 0.9791310364325964, -0.0007138430973428407, -0.9791309121772448, 0.2032292972161964, 0.999999673460395, -0.0006219579270303037, 0.0005159917061788489], "world_rotation": [0.0, 1.0, 0.0, 0.0]}, {"color": "CVRed", "id_name": "object54464962162300", "shape": "CVSphere", "id_string": "ob1093", "world_size": [0.11, 0.11, 0.11], "id": 1093, "camera_size": [45, 45], "camera_position": [256, 254], "world_position": [0.705, 0.6547388572526824, -0.15], "world_orientation": [1.0, -3.838362879530641e-17, 1.4813540171849057e-17, 3.838362879530641e-17, 1.0, 5.294293626938881e-18, -1.4813540171849057e-17, -5.294293626938881e-18, 1.0], "world_rotation": [-0.1276280613210114, 0.35710588544125776, 0.925303444577321, 4.1482206750932463e-17]}], "source": "action wait"}
{"timestamp": 1706031206.28346, "objects": [{"color": "cv_", "id_name": "hand", "shape": "CVCylinder", "id_string": "ob382", "world_size": [0.12, 0.005, 0.12], "id": 382, "camera_size": [51, 52], "camera_position": [246, 406], "world_position": [0.3380826158092616, 0.7068610767348125, -0.17398360536214763], "world_orientation": [-0.00021619824787048685, 0.19546641839565754, 0.9807103713828519, -0.00072971763839581, -0.9807101640321584, 0.19546621620163818, 0.9999997103852011, -0.0006733822026953877, 0.00035466311235032546], "world_rotation": [0.0, 1.0, 0.0, 0.0]}, {"color": "CVRed", "id_name": "object54464962162300", "shape": "CVSphere", "id_string": "ob1093", "world_size": [0.11, 0.11, 0.11], "id": 1093, "camera_size": [45, 45], "camera_position": [256, 254], "world_position": [0.705, 0.6547388572526824, -0.15], "world_orientation": [1.0, -3.838362879530641e-17, 1.4813540171849057e-17, 3.838362879530641e-17, 1.0, 5.294293626938881e-18, -1.4813540171849057e-17, -5.294293626938881e-18, 1.0], "world_rotation": [-0.1276280613210114, 0.35710588544125776, 0.925303444577321, 4.1482206750932463e-17]}], "source": "action wait"}
{"timestamp": 1706031206.313036, "objects": [{"color": "cv_", "id_name": "hand", "shape": "CVCylinder", "id_string": "ob382", "world_size": [0.12, 0.005, 0.12], "id": 382, "camera_size": [51, 53], "camera_position": [246, 388], "world_position": [0.3889262016644671, 0.7404451975533264, -0.17400416940451305], "world_orientation": [-0.00011048016111961327, 0.18991696402739686, 0.9818001500146302, -0.0007407044774277087, -0.9817999022190024, 0.1899168327443213, 0.9999997195754664, -0.0007062417247744029, 0.00024914175697937245], "world_rotation": [0.0, 1.0, 0.0, 0.0]}, {"color": "CVRed", "id_name": "object54464962162300", "shape": "CVSphere", "id_string": "ob1093", "world_size": [0.11, 0.11, 0.11], "id": 1093, "camera_size": [45, 45], "camera_position": [256, 254], "world_position": [0.705, 0.6547388572526824, -0.15], "world_orientation": [1.0, -3.838362879530641e-17, 1.4813540171849057e-17, 3.838362879530641e-17, 1.0, 5.294293626938881e-18, -1.4813540171849057e-17, -5.294293626938881e-18, 1.0], "world_rotation": [-0.1276280613210114, 0.35710588544125776, 0.925303444577321, 4.1482206750932463e-17]}], "source": "action wait"}
{"timestamp": 1706031206.344278, "objects": [{"color": "cv_", "id_name": "hand", "shape": "CVCylinder", "id_string": "ob382", "world_size": [0.12, 0.005, 0.12], "id": 382, "camera_size": [52, 53], "camera_position": [245, 367], "world_position": [0.4432451238705052, 0.768679311616188, -0.1740227505684732], "world_orientation": [-3.606307218631801e-05, 0.18599782424094743, 0.9825501555020427, -0.0007479456139549338, -0.9825498863274873, 0.18599774583365444, 0.9999997196383675, -0.0007281864291642881, 0.0001745500243238896], "world_rotation": [0.0, 1.0, 0.0, 0.0]}, {"color": "CVRed", "id_name": "object54464962162300", "shape": "CVSphere", "id_string": "ob1093", "world_size": [0.11, 0.11, 0.11], "id": 1093, "camera_size": [45, 45], "camera_position": [256, 254], "world_position": [0.705, 0.6547388572526824, -0.15], "world_orientation": [1.0, -3.838362879530641e-17, 1.4813540171849057e-17, 3.838362879530641e-17, 1.0, 5.294293626938881e-18, -1.4813540171849057e-17, -5.294293626938881e-18, 1.0], "world_rotation": [-0.1276280613210114, 0.35710588544125776, 0.925303444577321, 4.1482206750932463e-17]}], "source": "action wait"}
{"timestamp": 1706031206.380108, "objects": [{"color": "cv_", "id_name": "hand", "shape": "CVCylinder", "id_string": "ob382", "world_size": [0.12, 0.005, 0.12], "id": 382, "camera_size": [53, 54], "camera_position": [245, 343], "world_position": [0.5003713233660241, 0.7912817611776507, -0.1740389629359017], "world_orientation": [1.6225142186902546e-05, 0.18322940920020783, 0.9830701823068827, -0.0007528047114583723, -0.9830699016379352, 0.18322936931247416, 0.9999997165108654, -0.0007430327875050825, 0.00012198551359033554], "world_rotation": [0.0, 1.0, 0.0, 0.0]}, {"color": "CVRed", "id_name": "object54464962162300", "shape": "CVSphere", "id_string": "ob1093", "world_size": [0.11, 0.11, 0.11], "id": 1093, "camera_size": [45, 45], "camera_position": [256, 254], "world_position": [0.705, 0.6547388572526824, -0.15], "world_orientation": [1.0, -3.838362879530641e-17, 1.4813540171849057e-17, 3.838362879530641e-17, 1.0, 5.294293626938881e-18, -1.4813540171849057e-17, -5.294293626938881e-18, 1.0], "world_rotation": [-0.1276280613210114, 0.35710588544125776, 0.925303444577321, 4.1482206750932463e-17]}], "source": "action wait"}
{"timestamp": 1706031206.411985, "objects": [{"color": "cv_", "id_name": "hand", "shape": "CVCylinder", "id_string": "ob382", "world_size": [0.12, 0.005, 0.12], "id": 382, "camera_size": [54, 54], "camera_position": [245, 318], "world_position": [0.5596483824361657, 0.8080216210801996, -0.1740526577002548], "world_orientation": [5.285072446024349e-05, 0.1812724510739728, 0.983432913669476, -0.0007561238240485942, -0.9834326266732184, 0.1812724388079374, 0.9999997127417407, -0.0007531774350949845, 8.508929212361841e-05], "world_rotation": [0.0, 1.0, 0.0, 0.0]}, {"color": "CVRed", "id_name": "object54464962162300", "shape": "CVSphere", "id_string": "ob1093", "world_size": [0.11, 0.11, 0.11], "id": 1093, "camera_size": [45, 45], "camera_position": [256, 254], "world_position": [0.705, 0.6547388572526824, -0.15], "world_orientation": [1.0, -3.838362879530641e-17, 1.4813540171849057e-17, 3.838362879530641e-17, 1.0, 5.294293626938881e-18, -1.4813540171849057e-17, -5.294293626938881e-18, 1.0], "world_rotation": [-0.1276280613210114, 0.35710588544125776, 0.925303444577321, 4.1482206750932463e-17]}], "source": "action wait"}
{"timestamp": 1706031206.447424, "objects": [{"color": "cv_", "id_name": "hand", "shape": "CVCylinder", "id_string": "ob382", "world_size": [0.12, 0.005, 0.12], "id": 382, "camera_size": [54, 54], "camera_position": [245, 291], "world_position": [0.6205763067201008, 0.8141812988970223, -0.17406326837904504], "world_orientation": [7.421989406918341e-05, 0.17339297944375132, 0.9848527144558349, -0.0007643237312139585, -0.9848524196611942, 0.17339298514278184, 0.9999997051502771, -0.0007656155103989989, 5.943272675414226e-05], "world_rotation": [0.0, 1.0, 0.0, 0.0]}, {"color": "CVRed", "id_name": "object54464962162300", "shape": "CVSphere", "id_string": "ob1093", "world_size": [0.11, 0.11, 0.11], "id": 1093, "camera_size": [45, 45], "camera_position": [256, 254], "world_position": [0.705, 0.6547388572526824, -0.15], "world_orientation": [1.0, -3.838362879530641e-17, 1.4813540171849057e-17, 3.838362879530641e-17, 1.0, 5.294293626938881e-18, -1.4813540171849057e-17, -5.294293626938881e-18, 1.0], "world_rotation": [-0.1276280613210114, 0.35710588544125776, 0.925303444577321, 4.1482206750932463e-17]}], "source": "action wait"}
{"timestamp": 1706031206.481918, "objects": [{"color": "cv_", "id_name": "hand", "shape": "CVCylinder", "id_string": "ob382", "world_size": [0.12, 0.005, 0.12], "id": 382, "camera_size": [53, 53], "camera_position": [245, 264], "world_position": [0.6826770432662326, 0.7958132801743955, -0.1740709622235313], "world_orientation": [6.708653558434081e-05, 0.13979826926554237, 0.9901800035396371, -0.0007772726189522998, -0.9901796993681057, 0.13979827898284014, 0.9999996956732901, -0.0007790183868033624, 4.2233641240888324e-05], "world_rotation": [0.0, 1.0, 0.0, 0.0]}, {"color": "CVRed", "id_name": "object54464962162300", "shape": "CVSphere", "id_string": "ob1093", "world_size": [0.11, 0.11, 0.11], "id": 1093, "camera_size": [45, 45], "camera_position": [256, 254], "world_position": [0.705, 0.6547388572526824, -0.15], "world_orientation": [1.0, -3.838362879530641e-17, 1.4813540171849057e-17, 3.838362879530641e-17, 1.0, 5.294293626938881e-18, -1.4813540171849057e-17, -5.294293626938881e-18, 1.0], "world_rotation": [-0.1276280613210114, 0.35710588544125776, 0.925303444577321, 4.1482206750932463e-17]}], "source": "action wait"}
{"timestamp": 1706031206.519063, "objects": [{"color": "cv_", "id_name": "hand", "shape": "CVCylinder", "id_string": "ob382", "world_size": [0.12, 0.005, 0.12], "id": 382, "camera_size": [52, 52], "camera_position": [245, 239], "world_position": [0.7370070254441817, 0.7656350747469733, -0.17407266729315007], "world_orientation": [3.570713982519945e-05, 0.09825291299434115, 0.9951614762505263, -0.0007769524841902234, -0.9951611737919083, 0.09825291101005114, 0.999999697534873, -0.000776701511575255, 4.080348564908018e-05], "world_rotation": [0.0, 1.0, 0.0, 0.0]}, {"color": "CVRed", "id_name": "object54464962162300", "shape": "CVSphere", "id_string": "ob1093", "world_size": [0.11, 0.11, 0.11], "id": 1093, "camera_size": [45, 45], "camera_position": [256, 254], "world_position": [0.705, 0.6547388572526824, -0.15], "world_orientation": [1.0, -3.838362879530641e-17, 1.4813540171849057e-17, 3.838362879530641e-17, 1.0, 5.294293626938881e-18, -1.4813540171849057e-17, -5.294293626938881e-18, 1.0], "world_rotation": [-0.1276280613210114, 0.35710588544125776, 0.925303444577321, 4.1482206750932463e-17]}], "source": "action wait"}
{"timestamp": 1706031206.553947, "objects": [{"color": "cv_", "id_name": "hand", "shape": "CVCylinder", "id_string": "ob382", "world_size": [0.12, 0.005, 0.12], "id": 382, "camera_size": [51, 51], "camera_position": [246, 224], "world_position": [0.7743742991825983, 0.7408117186472875, -0.1740741042580177], "world_orientation": [1.1545958984455011e-05, 0.06878837032479604, 0.9976312745572633, -0.0007702238362493412, -0.997630978092221, 0.0687883587971162, 0.9999997033109226, -0.0007691936150214353, 4.1463836126618645e-05], "world_rotation": [0.0, 1.0, 0.0, 0.0]}, {"color": "CVRed", "id_name": "object54464962162300", "shape": "CVSphere", "id_string": "ob1093", "world_size": [0.11, 0.11, 0.11], "id": 1093, "camera_size": [45, 45], "camera_position": [256, 254], "world_position": [0.705, 0.6547388572526824, -0.15], "world_orientation": [1.0, -3.838362879530641e-17, 1.4813540171849057e-17, 3.838362879530641e-17, 1.0, 5.294293626938881e-18, -1.4813540171849057e-17, -5.294293626938881e-18, 1.0], "world_rotation": [-0.1276280613210114, 0.35710588544125776, 0.925303444577321, 4.1482206750932463e-17]}], "source": "action wait"}
{"timestamp": 1706031206.582295, "objects": [{"color": "cv_", "id_name": "hand", "shape": "CVCylinder", "id_string": "ob382", "world_size": [0.12, 0.005, 0.12], "id": 382, "camera_size": [51, 51], "camera_position": [246, 214], "world_position": [0.8000294263898773, 0.7216680682657708, -0.1740776502598127], "world_orientation": [-1.4225044022502159e-06, 0.04798531173854328, 0.9988480414233847, -0.000765195634318567, -0.9988477490516546, 0.04798529660306543, 0.999999707236766, -0.0007642459013495097, 3.813901637433376e-05], "world_rotation": [0.0, 1.0, 0.0, 0.0]}, {"color": "CVRed", "id_name": "object54464962162300", "shape": "CVSphere", "id_string": "ob1093", "world_size": [0.11, 0.11, 0.11], "id": 1093, "camera_size": [45, 45], "camera_position": [256, 254], "world_position": [0.705, 0.6547388572526824, -0.15], "world_orientation": [1.0, -3.838362879530641e-17, 1.4813540171849057e-17, 3.838362879530641e-17, 1.0, 5.294293626938881e-18, -1.4813540171849057e-17, -5.294293626938881e-18, 1.0], "world_rotation": [-0.1276280613210114, 0.35710588544125776, 0.925303444577321, 4.1482206750932463e-17]}], "source": "action wait"}
{"timestamp": 1706031206.617318, "objects": [{"color": "cv_", "id_name": "hand", "shape": "CVCylinder", "id_string": "ob382", "world_size": [0.12, 0.005, 0.12], "id": 382, "camera_size": [50, 50], "camera_position": [245, 206], "world_position": [0.8181630645601987, 0.7129705926168405, -0.17412220955554805], "world_orientation": [1.0077842237542601e-05, 0.04085344968535837, 0.999165149285764, -0.0007760812819643274, -0.9991648481172719, 0.04085344519906625, 0.9999996987980952, -0.0007758450845276903, 2.1636171896227837e-05], "world_rotation": [0.0, 1.0, 0.0, 0.0]}, {"color": "CVRed", "id_name": "object54464962162300", "shape": "CVSphere", "id_string": "ob1093", "world_size": [0.11, 0.11, 0.11], "id": 1093, "camera_size": [45, 49], "camera_position": [256, 252], "world_position": [0.7092456299406655, 0.6555913664332272, -0.15002050253917812], "world_orientation": [0.9969988740834187, 0.07741604845258435, 2.276801457974303e-05, -0.07741605130821914, 0.9969987914543142, 0.0004060030545270524, 8.731469121345843e-06, -0.0004065471980227919, 0.9999999173215652], "world_rotation": [-0.005247872124103353, 9.065531073145961e-05, -0.9999862257150263, 0.07749465764523253]}], "source": "action wait"}
{"timestamp": 1706031206.64943, "objects": [{"color": "cv_", "id_name": "hand", "shape": "CVCylinder", "id_string": "ob382", "world_size": [0.12, 0.005, 0.12], "id": 382, "camera_size": [49, 50], "camera_position": [246, 201], "world_position": [0.8307554749808506, 0.7053840793048547, -0.17414933341587094], "world_orientation": [1.55703440393376e-05, 0.03421419985654506, 0.999414522751066, -0.0007886318827152315, -0.9994142116639816, 0.034214201493177616, 0.9999996889086106, -0.0007887028835787367, 1.1421185735419554e-05], "world_rotation": [0.0, 1.0, 0.0, 0.0]}, {"color": "CVRed", "id_name": "object54464962162300", "shape": "CVSphere", "id_string": "ob1093", "world_size": [0.11, 0.11, 0.11], "id": 1093, "camera_size": [46, 53], "camera_position": [255, 250], "world_position": [0.7143890695096299, 0.6586463203608799, -0.15002905981040865], "world_orientation": [0.9867219549448342, 0.1624185361920509, 5.225969827511608e-05, -0.16241853924450037, 0.9867217887095822, 0.0005742781950778066, 4.1707640852104774e-05, -0.0005751408471845668, 0.9999998337367255], "world_rotation": [-0.0035384256691244624, 3.248395013029168e-05, -0.9999937392246897, 0.1631422750144691]}], "source": "action wait"}
{"timestamp": 1706031206.685224, "objects": [{"color": "cv_", "id_name": "hand", "shape": "CVCylinder", "id_string": "ob382", "world_size": [0.12, 0.005, 0.12], "id": 382, "camera_size": [49, 50], "camera_position": [246, 198], "world_position": [0.8396775793142445, 0.7009120579804766, -0.17417214225808925], "world_orientation": [2.1994172645779573e-05, 0.030885265799867653, 0.9995229361414015, -0.0008036654155565575, -0.9995226130521914, 0.030885273500801613, 0.9999996768190259, -0.0008039613118703247, 2.837747059179703e-06], "world_rotation": [0.0, 1.0, 0.0, 0.0]}, {"color": "CVRed", "id_name": "object54464962162300", "shape": "CVSphere", "id_string": "ob1093", "world_size": [0.11, 0.11, 0.11], "id": 1093, "camera_size": [47, 56], "camera_position": [256, 247], "world_position": [0.7199307854679668, 0.6602460462128712, -0.15004326659793552], "world_orientation": [0.9690092481541407, 0.24702442474802586, 0.00010280882373111878, -0.2470244234506718, 0.9690088968320094, 0.000831913021516618, 0.00010588017071224672, -0.0008315277019172787, 0.9999996486754735], "world_rotation": [0.0033669368946780565, 6.216651619403842e-06, 0.9999943318325861, -0.249609751992478]}], "source": "action wait"}
{"timestamp": 1706031206.72239, "objects": [{"color": "cv_", "id_name": "hand", "shape": "CVCylinder", "id_string": "ob382", "world_size": [0.12, 0.005, 0.12], "id": 382, "camera_size": [49, 49], "camera_position": [246, 196], "world_position": [0.8458841700399085, 0.6967970137580393, -0.1741878582202618], "world_orientation": [2.263189102287912e-05, 0.027293715105638446, 0.9996274569075871, -0.0008128163868023578, -0.9996271264492794, 0.027293724485270093, 0.9999996694086049, -0.00081313128627057, -4.3867329437210394e-07], "world_rotation": [0.0, 1.0, 0.0, 0.0]}, {"color": "CVRed", "id_name": "object54464962162300", "shape": "CVSphere", "id_string": "ob1093", "world_size": [0.11, 0.11, 0.11], "id": 1093, "camera_size": [47, 58], "camera_position": [256, 245], "world_position": [0.7241208001432565, 0.6608242765801027, -0.15005450391454325], "world_orientation": [0.951770019281031, 0.3068123330287304, 0.0001506627152150023, -0.3068123207060181, 0.9517694731266604, 0.0010343535117118881, 0.0001739562410247697, -0.0010306918390844105, 0.9999994537066303], "world_rotation": [0.0033653042509063096, 3.796032924699607e-05, 0.9999943366271191, -0.3118438366931418]}], "source": "action wait"}
{"timestamp": 1706031206.75418, "objects": [{"color": "cv_", "id_name": "hand", "shape": "CVCylinder", "id_string": "ob382", "world_size": [0.12, 0.005, 0.12], "id": 382, "camera_size": [49, 50], "camera_position": [246, 194], "world_position": [0.8502521132141663, 0.6937285137806684, -0.17419666314494314], "world_orientation": [2.1370236496683592e-05, 0.024595366860874452, 0.9996974879793847, -0.0008184114878912512, -0.9996971529800679, 0.024595376113889997, 0.9999996648729186, -0.0008186895175829886, -1.2346337960322948e-06], "world_rotation": [0.0, 1.0, 0.0, 0.0]}, {"color": "CVRed", "id_name": "object54464962162300", "shape": "CVSphere", "id_string": "ob1093", "world_size": [0.11, 0.11, 0.11], "id": 1093, "camera_size": [47, 60], "camera_position": [256, 244], "world_position": [0.7272443464319348, 0.6612168896986839, -0.15006169902530983], "world_orientation": [0.9369870867837167, 0.3493639338502845, 0.00020229982173506126, -0.34936392188820375, 0.9369863725782153, 0.0011780006837824157, 0.000221998776823795, -0.0011744476880451574, 0.9999992856943305], "world_rotation": [0.0033667400248984258, 2.8192440412366116e-05, 0.9999943321173331, -0.35689428266634077]}], "source": "action wait"}
{"timestamp": 1706031206.779767, "objects": [{"color": "cv_", "id_name": "hand", "shape": "CVCylinder", "id_string": "ob382", "world_size": [0.12, 0.005, 0.12], "id": 382, "camera_size": [49, 49], "camera_position": [246, 193], "world_position": [0.8533360470614757, 0.6915282610790224, -0.17420209131802172], "world_orientation": [1.984943635497222e-05, 0.02267796799145654, 0.9997428216165288, -0.0008218460450639038, -0.9997424838148633, 0.022677976646208253, 0.9999996620874821, -0.0008220848290810286, -1.2065264995863174e-06], "world_rotation": [0.0, 1.0, 0.0, 0.0]}, {"color": "CVRed", "id_name": "object54464962162300", "shape": "CVSphere", "id_string": "ob1093", "world_size": [0.11, 0.11, 0.11], "id": 1093, "camera_size": [47, 60], "camera_position": [256, 243], "world_position": [0.7295393968954018, 0.6615296127908483, -0.1500669035624981], "world_orientation": [0.9251304761616322, 0.3796492323066266, 0.00024997187995013233, -0.37964922564011605, 0.9251296081011082, 0.0012937099945993652, 0.0002598996189424957, -0.0012917521739736451, 0.9999991319138778], "world_rotation": [0.0034050473208215226, 1.3074807850087371e-05, 0.999994202724092, -0.38941948760323136]}], "source": "action wait"}
{"timestamp": 1706031206.810201, "objects": [{"color": "cv_", "id_name": "hand", "shape": "CVCylinder", "id_string": "ob382", "world_size": [0.12, 0.005, 0.12], "id": 382, "camera_size": [49, 50], "camera_position": [246, 192], "world_position": [0.8555170521424088, 0.6899758044935258, -0.17420700465213057], "world_orientation": [1.920615718403597e-05, 0.021343738598723263, 0.9997721962796091, -0.0008239535042362342, -0.9997718567538225, 0.021343747178909057, 0.9999996603658157, -0.00082417573592611, -1.6155272167018965e-06], "world_rotation": [0.0, 1.0, 0.0, 0.0]}, {"color": "CVRed", "id_name": "object54464962162300", "shape": "CVSphere", "id_string": "ob1093", "world_size": [0.11, 0.11, 0.11], "id": 1093, "camera_size": [47, 61], "camera_position": [256, 243], "world_position": [0.7312079137482161, 0.6617894274639552, -0.15007120747466654], "world_orientation": [0.9159832759194267, 0.4012163346696574, 0.0003017120494839013, -0.4012163459298274, 0.9159822469482465, 0.0014025100208891652, 0.000286347048900991, -0.0014057275294608112, 0.9999989709672108], "world_rotation": [-0.0034996335777735896, 1.9147907183194764e-05, -0.9999938760803383, 0.41284704949487666]}], "source": "action wait"}
{"timestamp": 1706031206.83964, "objects": [{"color": "cv_", "id_name": "hand", "shape": "CVCylinder", "id_string": "ob382", "world_size": [0.12, 0.005, 0.12], "id": 382, "camera_size": [49, 49], "camera_position": [246, 192], "world_position": [0.8569604760420896, 0.6881092669554782, -0.1742131596723433], "world_orientation": [1.9381302324620304e-05, 0.019301788786466743, 0.9998137029337055, -0.0008254338051305811, -0.9998133622056226, 0.019301798209543215, 0.9999996591416412, -0.0008256541232211288, -3.445336076920381e-06], "world_rotation": [0.0, 1.0, 0.0, 0.0]}, {"color": "CVRed", "id_name": "object54464962162300", "shape": "CVSphere", "id_string": "ob1093", "world_size": [0.11, 0.11, 0.11], "id": 1093, "camera_size": [47, 62], "camera_position": [256, 242], "world_position": [0.731805340809253, 0.6626691581676535, -0.15007353282601077], "world_orientation": [0.9000254930516959, 0.4358370390711184, 0.0004327017127062479, -0.43583717413195305, 0.9000242843027338, 0.0014984358596126946, 0.00026363179899657497, -0.0015372179650622038, 0.9999987837288618], "world_rotation": [-0.003482534315303159, 0.00019395880103105492, -0.9999939171488627, 0.45097110520975187]}], "source": "action wait"}
{"timestamp": 1706031206.871502, "objects": [{"color": "cv_", "id_name": "hand", "shape": "CVCylinder", "id_string": "ob382", "world_size": [0.12, 0.005, 0.12], "id": 382, "camera_size": [49, 49], "camera_position": [246, 192], "world_position": [0.8575250885573894, 0.6833538559801218, -0.17419794789743176], "world_orientation": [1.3485659775307208e-05, 0.013192922157796237, 0.9999129695243859, -0.0008162421270770288, -0.9999126363734191, 0.013192928770700994, 0.9999996667834081, -0.0008163490044856917, -2.7158627743246656e-06], "world_rotation": [0.0, 1.0, 0.0, 0.0]}, {"color": "CVRed", "id_name": "object54464962162300", "shape": "CVSphere", "id_string": "ob1093", "world_size": [0.11, 0.11, 0.11], "id": 1093, "camera_size": [47, 65], "camera_position": [256, 244], "world_position": [0.729192178972314, 0.6675620736762147, -0.15006028625543957], "world_orientation": [0.8258679819337794, 0.563863130264159, 0.0006683901036638204, -0.5638635016964124, 0.8258670145529009, 0.0012750404458699398, 0.00016694695755209004, -0.0014298958642656634, 0.9999989637627285], "world_rotation": [-0.00239856733462356, 0.0004446482329094728, -0.9999970245769186, 0.5990582868235389]}], "source": "action wait"}
{"timestamp": 1706031206.904394, "objects": [{"color": "cv_", "id_name": "hand", "shape": "CVCylinder", "id_string": "ob382", "world_size": [0.12, 0.005, 0.12], "id": 382, "camera_size": [49, 49], "camera_position": [246, 192], "world_position": [0.8578424375857563, 0.679713368704179, -0.17416568603543328], "world_orientation": [6.965793431445578e-06, 0.0087974066329959, 0.99996130204524, -0.0007980149325280715, -0.999960983618952, 0.008797409390584607, 0.999999681561772, -0.0007980453319192212, 5.494020963767125e-08], "world_rotation": [0.0, 1.0, 0.0, 0.0]}, {"color": "CVRed", "id_name": "object54464962162300", "shape": "CVSphere", "id_string": "ob1093", "world_size": [0.11, 0.11, 0.11], "id": 1093, "camera_size": [47, 66], "camera_position": [256, 244], "world_position": [0.726730434078869, 0.6718537184896238, -0.15003351849843852], "world_orientation": [0.7461227387530499, 0.665807399273316, 0.0011686695646025882, -0.6658083584945711, 0.7461222990674152, 0.0008628980931584465, -0.00029744648714766946, -0.0014219378529627788, 0.9999989448086081], "world_rotation": [-0.0017158337039525535, 0.001101003045653882, -0.9999979218513375, 0.7285779187894053]}], "source": "action wait"}
{"timestamp": 1706031206.939008, "objects": [{"color": "cv_", "id_name": "hand", "shape": "CVCylinder", "id_string": "ob382", "world_size": [0.12, 0.005, 0.12], "id": 382, "camera_size": [49, 49], "camera_position": [246, 192], "world_position": [0.8580837666425112, 0.6773453050397193, -0.1741608276499169], "world_orientation": [6.962201639495326e-06, 0.005756235692458892, 0.9999834327138529, -0.0007947488430363892, -0.9999831168985588, 0.005756239407815196, 0.9999996841628525, -0.0007947757523047011, -2.3873224387635467e-06], "world_rotation": [0.0, 1.0, 0.0, 0.0]}, {"color": "CVRed", "id_name": "object54464962162300", "shape": "CVSphere", "id_string": "ob1093", "world_size": [0.11, 0.11, 0.11], "id": 1093, "camera_size": [47, 67], "camera_position": [256, 245], "world_position": [0.7258694999041505, 0.6722495164758715, -0.1500271036977788], "world_orientation": [0.7207798065079642, 0.6931622224991786, 0.0016136388508740081, -0.6931638182927881, 0.7207796612411764, 0.0007752101765754356, -0.000625731655399559, -0.0016772719082924614, 0.9999983976081368], "world_rotation": [-0.0017690463682796104, 0.0016153228134871843, -0.9999971305994607, 0.7658709299927013]}], "source": "action wait"}
{"timestamp": 1706031206.974426, "objects": [{"color": "cv_", "id_name": "hand", "shape": "CVCylinder", "id_string": "ob382", "world_size": [0.12, 0.005, 0.12], "id": 382, "camera_size": [49, 49], "camera_position": [246, 192], "world_position": [0.8583116991470021, 0.6757909194912275, -0.17416585975197982], "world_orientation": [5.771750621418759e-06, 0.003639763536402578, 0.9999933760221046, -0.0007969735742490037, -0.9999930584406326, 0.003639766980437217, 0.9999996823998539, -0.0007969893029413656, -2.870915201103742e-06], "world_rotation": [0.0, 1.0, 0.0, 0.0]}, {"color": "CVRed", "id_name": "object54464962162300", "shape": "CVSphere", "id_string": "ob1093", "world_size": [0.11, 0.11, 0.11], "id": 1093, "camera_size": [47, 67], "camera_position": [256, 245], "world_position": [0.7260476492631094, 0.6716111949121607, -0.1500308787091757], "world_orientation": [0.7190869837810188, 0.6949181266112606, 0.0016453157182876768, -0.6949198251723829, 0.7190867155048256, 0.000855667497868466, -0.0005885058212110488, -0.0017586618714675326, 0.9999982803831817], "world_rotation": [-0.0018810260319572652, 0.0016072483122549983, -0.9999969392422807, 0.7683101763619138]}], "source": "action wait"}
{"timestamp": 1706031207.007889, "objects": [{"color": "cv_", "id_name": "hand", "shape": "CVCylinder", "id_string": "ob382", "world_size": [0.12, 0.005, 0.12], "id": 382, "camera_size": [49, 49], "camera_position": [246, 192], "world_position": [0.8584781112261948, 0.6747048683290104, -0.17416948879621075], "world_orientation": [4.4217870281743e-06, 0.0021493440071296906, 0.9999976901477259, -0.0007989558138235311, -0.9999973709853988, 0.0021493468539595315, 0.9999996808249767, -0.0007989634723080297, -2.704544512487849e-06], "world_rotation": [0.0, 1.0, 0.0, 0.0]}, {"color": "CVRed", "id_name": "object54464962162300", "shape": "CVSphere", "id_string": "ob1093", "world_size": [0.11, 0.11, 0.11], "id": 1093, "camera_size": [47, 67], "camera_position": [256, 245], "world_position": [0.7261739786229199, 0.6711339843113809, -0.15003328033809243], "world_orientation": [0.7178457178055435, 0.6962001997001094, 0.0016755195528219973, -0.6962019889710408, 0.7178453480997146, 0.0009201980039506075, -0.0005621218825293297, -0.0018270602419036954, 0.9999981729332618], "world_rotation": [-0.0019730286072550014, 0.0016070315091016932, -0.9999967622986805, 0.7700948766230394]}], "source": "action wait"}
{"timestamp": 1706031207.040633, "objects": [{"color": "cv_", "id_name": "hand", "shape": "CVCylinder", "id_string": "ob382", "world_size": [0.12, 0.005, 0.12], "id": 382, "camera_size": [49, 49], "camera_position": [246, 192], "world_position": [0.8586033836095917, 0.6739486259090622, -0.1741721101312499], "world_orientation": [3.5144843174574115e-06, 0.0011003716193505307, 0.9999993945847906, -0.0008007150317968781, -0.9999990740157315, 0.001100374080707599, 0.9999996794214917, -0.0008007184142796225, -2.633396966536616e-06], "world_rotation": [0.0, 1.0, 0.0, 0.0]}, {"color": "CVRed", "id_name": "object54464962162300", "shape": "CVSphere", "id_string": "ob1093", "world_size": [0.11, 0.11, 0.11], "id": 1093, "camera_size": [47, 66], "camera_position": [256, 244], "world_position": [0.7262638585376988, 0.6707594737944523, -0.15003468481079982], "world_orientation": [0.7169188736643083, 0.697154519422994, 0.0017042980942251669, -0.6971563907427993, 0.7169184194758065, 0.0009729659731634727, -0.0005435350705918291, -0.001885699977713903, 0.9999980743507566], "world_rotation": [-0.002050228687929667, 0.001612140809517491, -0.9999965987763845, 0.7714253795162008]}], "source": "action wait"}
{"timestamp": 1706031207.071448, "objects": [{"color": "cv_", "id_name": "hand", "shape": "CVCylinder", "id_string": "ob382", "world_size": [0.12, 0.005, 0.12], "id": 382, "camera_size": [49, 49], "camera_position": [246, 192], "world_position": [0.8586931063151688, 0.6734189017499935, -0.17417427157384954], "world_orientation": [2.0272074382258553e-06, 0.0003615813600194183, 0.9999999346274032, -0.0008020869332924039, -0.999999612957115, 0.0003615828697064345, 0.9999996783261692, -0.0008020876138617477, -1.7371869690288105e-06], "world_rotation": [0.0, 1.0, 0.0, 0.0]}, {"color": "CVRed", "id_name": "object54464962162300", "shape": "CVSphere", "id_string": "ob1093", "world_size": [0.11, 0.11, 0.11], "id": 1093, "camera_size": [47, 66], "camera_position": [256, 244], "world_position": [0.7263257631088529, 0.6704864899335186, -0.15003563992784288], "world_orientation": [0.7162380720586569, 0.6978538676608039, 0.001733067960456333, -0.6978558193453417, 0.716237539351278, 0.0010210924877627225, -0.0005287149897011736, -0.0019407768763541643, 0.9999979769207417], "world_rotation": [-0.0021221166789939317, 0.0016205195883865213, -0.9999964352621784, 0.772401554609912]}], "source": "action wait"}
{"timestamp": 1706031208.062141, "objects": [{"color": "cv_", "id_name": "hand", "shape": "CVCylinder", "id_string": "ob382", "world_size": [0.12, 0.005, 0.12], "id": 382, "camera_size": [49, 49], "camera_position": [246, 192], "world_position": [0.8588851748680753, 0.6721557687884492, -0.1741702656731744], "world_orientation": [5.626313676104474e-07, -0.0014019370432088094, 0.9999990172856225, -0.000805790792394408, -0.999998692637282, -0.001401936134707772, 0.9999996753503885, -0.0008057892117593307, -1.6922985926220121e-06], "world_rotation": [0.0, 1.0, 0.0, 0.0]}, {"color": "CVRed", "id_name": "object54464962162300", "shape": "CVSphere", "id_string": "ob1093", "world_size": [0.11, 0.11, 0.11], "id": 1093, "camera_size": [47, 66], "camera_position": [256, 244], "world_position": [0.7262792200981605, 0.6698656872104226, -0.15001472442571712], "world_orientation": [0.7127644491136897, 0.7013997883713369, 0.002275291696104893, -0.7014034158993669, 0.7127620088473307, 0.0018886261190444946, -0.0002970595198189862, -0.0029420429231379105, 0.9999956280599833], "world_rotation": [-0.0034435566332991618, 0.00183370812933356, -0.9999923896871463, 0.7773695139548676]}], "source": "action wait"}
{"timestamp": 1706031208.093559, "objects": [{"color": "cv_", "id_name": "hand", "shape": "CVCylinder", "id_string": "ob382", "world_size": [0.12, 0.005, 0.12], "id": 382, "camera_size": [49, 49], "camera_position": [246, 203], "world_position": [0.830591171941297, 0.6728050174135167, -0.17410852625386045], "world_orientation": [-5.3825699010459664e-05, -0.0022863751503939497, 0.9999973847923133, -0.0008062746493900859, -0.9999970611030783, -0.00228641780872665, 0.9999996735119387, -0.0008063956088515703, 5.198209449988917e-05], "world_rotation": [0.0, 1.0, 0.0, 0.0]}, {"color": "CVRed", "id_name": "object54464962162300", "shape": "CVSphere", "id_string": "ob1093", "world_size": [0.11, 0.11, 0.11], "id": 1093, "camera_size": [47, 66], "camera_position": [256, 256], "world_position": [0.6996534856680123, 0.6691873741296921, -0.14999581409529533], "world_orientation": [0.7304734509968117, 0.6829390587258799, 0.0016671698826555528, -0.6829410914808522, 0.7304714664672428, 0.0017035974108042698, -5.4366816850908665e-05, -0.0023830114991242155, 0.9999971591461869], "world_rotation": [-0.0029919077253473354, 0.0012603797094967114, -0.9999947299516888, 0.7517849126806676]}], "source": "action wait"}
{"timestamp": 1706031208.124125, "objects": [{"color": "cv_", "id_name": "hand", "shape": "CVCylinder", "id_string": "ob382", "world_size": [0.12, 0.005, 0.12], "id": 382, "camera_size": [49, 48], "camera_position": [246, 217], "world_position": [0.7949785104183107, 0.6754308754421234, -0.1741131878229488], "world_orientation": [-3.659492786430533e-05, -0.002059878077282909, 0.999997877779307, -0.0007941202380562469, -0.9999975630761809, -0.0020599064898656717, 0.9999996840168796, -0.0007941939348876222, 3.4959047816493544e-05], "world_rotation": [0.0, 1.0, 0.0, 0.0]}, {"color": "CVRed", "id_name": "object54464962162300", "shape": "CVSphere", "id_string": "ob1093", "world_size": [0.11, 0.11, 0.11], "id": 1093, "camera_size": [47, 66], "camera_position": [256, 271], "world_position": [0.6634808817811341, 0.6712337961702451, -0.14999825638553002], "world_orientation": [0.7258616602305249, 0.6878324732349149, -0.003367338849346282, -0.6878316179638694, 0.7258685404454012, 0.0015897549712826132, 0.003537730429494903, 0.0011622199461635192, 0.9999930668300681], "world_rotation": [0.00031078053245374687, 0.005019380825022455, 0.9999873545358432, -0.7585100944364555]}], "source": "action wait"}
{"timestamp": 1706031208.153963, "objects": [{"color": "cv_", "id_name": "hand", "shape": "CVCylinder", "id_string": "ob382", "world_size": [0.12, 0.005, 0.12], "id": 382, "camera_size": [49, 49], "camera_position": [246, 228], "world_position": [0.7695750173799015, 0.6759349162149072, -0.17412575529104793], "world_orientation": [-2.257087293714749e-05, -0.0018440959244382155, 0.9999982993989427, -0.0007934153265297546, -0.9999979848671854, -0.0018441132525170716, 0.9999996849912881, -0.000793455600493083, 2.1107693484187565e-05], "world_rotation": [0.0, 1.0, 0.0, 0.0]}, {"color": "CVRed", "id_name": "object54464962162300", "shape": "CVSphere", "id_string": "ob1093", "world_size": [0.11, 0.11, 0.11], "id": 1093, "camera_size": [47, 66], "camera_position": [256, 282], "world_position": [0.6379069628549695, 0.6717186091621826, -0.15000559770911806], "world_orientation": [0.7255626709376014, 0.6880771886341165, -0.010420797630920091, -0.6881022444826373, 0.7256121444663275, 0.0015221501025187143, 0.008608814079241762, 0.006066158945184044, 0.9999445434801877], "world_rotation": [-0.00330156780662744, 0.013826459316051606, 0.9998989592317815, -0.7589489815116996]}], "source": "action wait"}
