{"timestamp": 1706031644.517913, "objects": [{"color": "cv_", "id_name": "hand", "shape": "CVCylinder", "id_string": "ob382", "world_size": [0.12, 0.005, 0.12], "id": 382, "camera_size": [48, 50], "camera_position": [246, 426], "world_position": [0.2676445155400312, 0.6334703013847313, -0.17389260400847836], "world_orientation": [-0.0006415511031584652, 0.19791547486654684, 0.9802188802612054, -0.0007473675154190731, -0.9802189031249408, 0.19791499033255533, 0.999999514926872, -0.0006056111687285237, 0.0007767761153510133], "world_rotation": [0.0, 1.0, 0.0, 0.0]}, {"color": "CVGreen", "id_name": "object216481422938471", "shape": "CVBox", "id_string": "ob1177", "world_size": [0.09, 0.09, 0.09], "id": 1177, "camera_size": [37, 37], "camera_position": [256, 254], "world_position": [0.705, 0.6448569667806435, -0.15], "world_orientation": [1.0, -5.053903521130611e-17, -1.3537563024626779e-17, 5.053903521130611e-17, 1.0, -6.136882847087181e-17, 1.3537563024626779e-17, 6.136882847087181e-17, 1.0], "world_rotation": [-0.7609763537112164, 0.16786641696290353, -0.6266864089386478, -8.064485600844401e-17]}], "source": "manual check"}
{"timestamp": 1706031645.524481, "objects": [{"color": "cv_", "id_name": "hand", "shape": "CVCylinder", "id_string": "ob382", "world_size": [0.12, 0.005, 0.12], "id": 382, "camera_size": [48, 50], "camera_position": [246, 426], "world_position": [0.2676445155400312, 0.6334703013847313, -0.17389260400847836], "world_orientation": [-0.0006415511031584652, 0.19791547486654684, 0.9802188802612054, -0.0007473675154190731, -0.9802189031249408, 0.19791499033255533, 0.999999514926872, -0.0006056111687285237, 0.0007767761153510133], "world_rotation": [0.0, 1.0, 0.0, 0.0]}, {"color": "CVGreen", "id_name": "object216481422938471", "shape": "CVBox", "id_string": "ob1177", "world_size": [0.09, 0.09, 0.09], "id": 1177, "camera_size": [37, 37], "camera_position": [256, 254], "world_position": [0.705, 0.6448569696296074, -0.15], "world_orientation": [1.0, -4.331917303826236e-17, -1.1712398707441946e-17, 4.331917303826236e-17, 1.0, -5.775889738434995e-17, 1.1712398707441946e-17, 5.775889738434995e-17, 1.0], "world_rotation": [-0.7896765794068324, 0.16013129347666225, -0.5922574345551229, -7.314247236221149e-17]}], "source": "manual check"}
{"timestamp": 1706031647.041646, "objects": [{"color": "cv_", "id_name": "hand", "shape": "CVCylinder", "id_string": "ob382", "world_size": [0.12, 0.005, 0.12], "id": 382, "camera_size": [48, 50], "camera_position": [246, 426], "world_position": [0.2676445155400312, 0.6334703013847313, -0.17389260400847836], "world_orientation": [-0.0006415511031584652, 0.19791547486654684, 0.9802188802612054, -0.0007473675154190731, -0.9802189031249408, 0.19791499033255533, 0.999999514926872, -0.0006056111687285237, 0.0007767761153510133], "world_rotation": [0.0, 1.0, 0.0, 0.0]}, {"color": "CVGreen", "id_name": "object216481422938471", "shape": "CVBox", "id_string": "ob1177", "world_size": [0.09, 0.09, 0.09], "id": 1177, "camera_size": [37, 37], "camera_position": [256, 254], "world_position": [0.705, 0.6448569696296074, -0.15], "world_orientation": [1.0, -4.331917303826236e-17, -1.1712398707441946e-17, 4.331917303826236e-17, 1.0, -5.775889738434995e-17, 1.1712398707441946e-17, 5.775889738434995e-17, 1.0], "world_rotation": [-0.7896765794068324, 0.16013129347666225, -0.5922574345551229, -7.314247236221149e-17]}], "source": "action wait"}
{"timestamp": 1706031647.073623, "objects": [{"color": "cv_", "id_name": "hand", "shape": "CVCylinder", "id_string": "ob382", "world_size": [0.12, 0.005, 0.12], "id": 382, "camera_size": [49, 51], "camera_position": [246, 421], "world_position": [0.2919903600463907, 0.6685431614203514, -0.17395566688264308], "world_orientation": [-0.0003764297566586709, 0.20627384320567477, 0.9784942309026655, -0.0007131276564099353, -0.978494106794124, 0.20627354270025897, 0.9999996748747393, -0.0006201437982107672, 0.0005154338808968199], "world_rotation": [0.0, 1.0, 0.0, 0.0]}, {"color": "CVGreen", "id_name": "object216481422938471", "shape": "CVBox", "id_string": "ob1177", "world_size": [0.09, 0.09, 0.09], "id": 1177, "camera_size": [37, 37], "camera_position": [256, 254], "world_position": [0.705, 0.6448569696296074, -0.15], "world_orientation": [1.0, -4.331917303826236e-17, -1.1712398707441946e-17, 4.331917303826236e-17, 1.0, -5.775889738434995e-17, 1.1712398707441946e-17, 5.775889738434995e-17, 1.0], "world_rotation": [-0.7896765794068324, 0.16013129347666225, -0.5922574345551229, -7.314247236221149e-17]}], "source": "action wait"}
{"timestamp": 1706031647.104488, "objects": [{"color": "cv_", "id_name": "hand", "shape": "CVCylinder", "id_string": "ob382", "world_size": [0.12, 0.005, 0.12], "id": 382, "camera_size": [51, 52], "camera_position": [246, 405], "world_position": [0.33864601728132177, 0.7074450560790988, -0.17398341324457217], "world_orientation": [-0.0002119037129343531, 0.200913325318309, 0.9796089989410854, -0.0007285455056234569, -0.9796087919743933, 0.2009131252753694, 0.99999971215909, -0.0006711154962240105, 0.00035395724042345763], "world_rotation": [0.0, 1.0, 0.0, 0.0]}, {"color": "CVGreen", "id_name": "object216481422938471", "shape": "CVBox", "id_string": "ob1177", "world_size": [0.09, 0.09, 0.09], "id": 1177, "camera_size": [37, 37], "camera_position": [256, 254], "world_position": [0.705, 0.6448569696296074, -0.15], "world_orientation": [1.0, -4.331917303826236e-17, -1.1712398707441946e-17, 4.331917303826236e-17, 1.0, -5.775889738434995e-17, 1.1712398707441946e-17, 5.775889738434995e-17, 1.0], "world_rotation": [-0.7896765794068324, 0.16013129347666225, -0.5922574345551229, -7.314247236221149e-17]}], "source": "action wait"}
{"timestamp": 1706031647.133902, "objects": [{"color": "cv_", "id_name": "hand", "shape": "CVCylinder", "id_string": "ob382", "world_size": [0.12, 0.005, 0.12], "id": 382, "camera_size": [51, 53], "camera_position": [246, 388], "world_position": [0.38965627710085393, 0.7412709236536965, -0.17400399850020198], "world_orientation": [-0.00010481443251885334, 0.19706341265912977, 0.9803907386369337, -0.0007393689322108865, -0.9803904913205962, 0.19706328390073655, 0.9999997211737196, -0.0007042153773033608, 0.000248461637990691], "world_rotation": [0.0, 1.0, 0.0, 0.0]}, {"color": "CVGreen", "id_name": "object216481422938471", "shape": "CVBox", "id_string": "ob1177", "world_size": [0.09, 0.09, 0.09], "id": 1177, "camera_size": [37, 37], "camera_position": [256, 254], "world_position": [0.705, 0.6448569696296074, -0.15], "world_orientation": [1.0, -4.331917303826236e-17, -1.1712398707441946e-17, 4.331917303826236e-17, 1.0, -5.775889738434995e-17, 1.1712398707441946e-17, 5.775889738434995e-17, 1.0], "world_rotation": [-0.7896765794068324, 0.16013129347666225, -0.5922574345551229, -7.314247236221149e-17]}], "source": "action wait"}
{"timestamp": 1706031647.172124, "objects": [{"color": "cv_", "id_name": "hand", "shape": "CVCylinder", "id_string": "ob382", "world_size": [0.12, 0.005, 0.12], "id": 382, "camera_size": [52, 53], "camera_position": [245, 367], "world_position": [0.44409443774515567, 0.7696745903552015, -0.17402261690093085], "world_orientation": [-2.9427880394518143e-05, 0.19434529183134353, 0.9809331815557009, -0.0007465148050700552, -0.9809329129204946, 0.19434521621321052, 0.9999997209247838, -0.0007265619750381198, 0.00017394841408465708], "world_rotation": [0.0, 1.0, 0.0, 0.0]}, {"color": "CVGreen", "id_name": "object216481422938471", "shape": "CVBox", "id_string": "ob1177", "world_size": [0.09, 0.09, 0.09], "id": 1177, "camera_size": [37, 37], "camera_position": [256, 254], "world_position": [0.705, 0.6448569696296074, -0.15], "world_orientation": [1.0, -4.331917303826236e-17, -1.1712398707441946e-17, 4.331917303826236e-17, 1.0, -5.775889738434995e-17, 1.1712398707441946e-17, 5.775889738434995e-17, 1.0], "world_rotation": [-0.7896765794068324, 0.16013129347666225, -0.5922574345551229, -7.314247236221149e-17]}], "source": "action wait"}
{"timestamp": 1706031647.204079, "objects": [{"color": "cv_", "id_name": "hand", "shape": "CVCylinder", "id_string": "ob382", "world_size": [0.12, 0.005, 0.12], "id": 382, "camera_size": [53, 54], "camera_position": [245, 343], "world_position": [0.5013055708582399, 0.792396162940483, -0.1740388673057911], "world_orientation": [2.3544935763683917e-05, 0.19242519672810715, 0.9813116442342795, -0.0007513131728218811, -0.9813113641410935, 0.19242515983119907, 0.9999997174870363, -0.0007418030029845262, 0.00012146667205222132], "world_rotation": [0.0, 1.0, 0.0, 0.0]}, {"color": "CVGreen", "id_name": "object216481422938471", "shape": "CVBox", "id_string": "ob1177", "world_size": [0.09, 0.09, 0.09], "id": 1177, "camera_size": [37, 37], "camera_position": [256, 254], "world_position": [0.705, 0.6448569696296074, -0.15], "world_orientation": [1.0, -4.331917303826236e-17, -1.1712398707441946e-17, 4.331917303826236e-17, 1.0, -5.775889738434995e-17, 1.1712398707441946e-17, 5.775889738434995e-17, 1.0], "world_rotation": [-0.7896765794068324, 0.16013129347666225, -0.5922574345551229, -7.314247236221149e-17]}], "source": "action wait"}
{"timestamp": 1706031647.234244, "objects": [{"color": "cv_", "id_name": "hand", "shape": "CVCylinder", "id_string": "ob382", "world_size": [0.12, 0.005, 0.12], "id": 382, "camera_size": [54, 54], "camera_position": [245, 318], "world_position": [0.5606429523619773, 0.8092198272472303, -0.17405259502281223], "world_orientation": [6.065360516293117e-05, 0.19106724455873803, 0.9815769477620547, -0.0007545903585099677, -0.9815766613644696, 0.1910672354381372, 0.9999997134572244, -0.000752277417575017, 8.464133731596816e-05], "world_rotation": [0.0, 1.0, 0.0, 0.0]}, {"color": "CVGreen", "id_name": "object216481422938471", "shape": "CVBox", "id_string": "ob1177", "world_size": [0.09, 0.09, 0.09], "id": 1177, "camera_size": [37, 37], "camera_position": [256, 254], "world_position": [0.705, 0.6448569696296074, -0.15], "world_orientation": [1.0, -4.331917303826236e-17, -1.1712398707441946e-17, 4.331917303826236e-17, 1.0, -5.775889738434995e-17, 1.1712398707441946e-17, 5.775889738434995e-17, 1.0], "world_rotation": [-0.7896765794068324, 0.16013129347666225, -0.5922574345551229, -7.314247236221149e-17]}], "source": "action wait"}
{"timestamp": 1706031647.267985, "objects": [{"color": "cv_", "id_name": "hand", "shape": "CVCylinder", "id_string": "ob382", "world_size": [0.12, 0.005, 0.12], "id": 382, "camera_size": [54, 54], "camera_position": [245, 291], "world_position": [0.6216751813137218, 0.8138750235883656, -0.17406305957805868], "world_orientation": [8.08858261490869e-05, 0.18140941759065943, 0.9834076553835144, -0.0007644347767242807, -0.9834073600512458, 0.1814094259858391, 0.9999997045484341, -0.0007664244627644311, 5.913195087318421e-05], "world_rotation": [0.0, 1.0, 0.0, 0.0]}, {"color": "CVGreen", "id_name": "object216481422938471", "shape": "CVBox", "id_string": "ob1177", "world_size": [0.09, 0.09, 0.09], "id": 1177, "camera_size": [37, 37], "camera_position": [256, 254], "world_position": [0.705, 0.6448569696296074, -0.15], "world_orientation": [1.0, -4.331917303826236e-17, -1.1712398707441946e-17, 4.331917303826236e-17, 1.0, -5.775889738434995e-17, 1.1712398707441946e-17, 5.775889738434995e-17, 1.0], "world_rotation": [-0.7896765794068324, 0.16013129347666225, -0.5922574345551229, -7.314247236221149e-17]}], "source": "action wait"}
{"timestamp": 1706031647.301413, "objects": [{"color": "cv_", "id_name": "hand", "shape": "CVCylinder", "id_string": "ob382", "world_size": [0.12, 0.005, 0.12], "id": 382, "camera_size": [53, 53], "camera_position": [245, 263], "world_position": [0.6838183864829264, 0.793562721082596, -0.1740708050414498], "world_orientation": [7.160428238725804e-05, 0.14540601515432114, 0.9893720663278138, -0.0007771438988654213, -0.9893717620057881, 0.14540602667332272, 0.9999996954600473, -0.0007792961592495583, 4.2158142503285626e-05], "world_rotation": [0.0, 1.0, 0.0, 0.0]}, {"color": "CVGreen", "id_name": "object216481422938471", "shape": "CVBox", "id_string": "ob1177", "world_size": [0.09, 0.09, 0.09], "id": 1177, "camera_size": [37, 37], "camera_position": [256, 254], "world_position": [0.705, 0.6448569696296074, -0.15], "world_orientation": [1.0, -4.331917303826236e-17, -1.1712398707441946e-17, 4.331917303826236e-17, 1.0, -5.775889738434995e-17, 1.1712398707441946e-17, 5.775889738434995e-17, 1.0], "world_rotation": [-0.7896765794068324, 0.16013129347666225, -0.5922574345551229, -7.314247236221149e-17]}], "source": "action wait"}
{"timestamp": 1706031647.33444, "objects": [{"color": "cv_", "id_name": "hand", "shape": "CVCylinder", "id_string": "ob382", "world_size": [0.12, 0.005, 0.12], "id": 382, "camera_size": [52, 52], "camera_position": [245, 239], "world_position": [0.7379808577222527, 0.7620503438440314, -0.1740725126553154], "world_orientation": [3.8769822203300866e-05, 0.10222858825755103, 0.9947609332094668, -0.0007766943033243976, -0.9947606308319187, 0.10222858745401181, 0.9999996976213843, -0.0007765885341534772, 4.0833669344737846e-05], "world_rotation": [0.0, 1.0, 0.0, 0.0]}, {"color": "CVGreen", "id_name": "object216481422938471", "shape": "CVBox", "id_string": "ob1177", "world_size": [0.09, 0.09, 0.09], "id": 1177, "camera_size": [37, 37], "camera_position": [256, 254], "world_position": [0.705, 0.6448569696296074, -0.15], "world_orientation": [1.0, -4.331917303826236e-17, -1.1712398707441946e-17, 4.331917303826236e-17, 1.0, -5.775889738434995e-17, 1.1712398707441946e-17, 5.775889738434995e-17, 1.0], "world_rotation": [-0.7896765794068324, 0.16013129347666225, -0.5922574345551229, -7.314247236221149e-17]}], "source": "action wait"}
{"timestamp": 1706031647.365613, "objects": [{"color": "cv_", "id_name": "hand", "shape": "CVCylinder", "id_string": "ob382", "world_size": [0.12, 0.005, 0.12], "id": 382, "camera_size": [51, 51], "camera_position": [246, 224], "world_position": [0.775148916148855, 0.7362978168597245, -0.174073961403075], "world_orientation": [1.3704096789068952e-05, 0.0716000730329989, 0.9974334210130855, -0.0007699220577959111, -0.997433124721964, 0.07160006234218089, 0.9999997035160674, -0.0007689272062055889, 4.1457555486480164e-05], "world_rotation": [0.0, 1.0, 0.0, 0.0]}, {"color": "CVGreen", "id_name": "object216481422938471", "shape": "CVBox", "id_string": "ob1177", "world_size": [0.09, 0.09, 0.09], "id": 1177, "camera_size": [37, 37], "camera_position": [256, 254], "world_position": [0.705, 0.6448569696296074, -0.15], "world_orientation": [1.0, -4.331917303826236e-17, -1.1712398707441946e-17, 4.331917303826236e-17, 1.0, -5.775889738434995e-17, 1.1712398707441946e-17, 5.775889738434995e-17, 1.0], "world_rotation": [-0.7896765794068324, 0.16013129347666225, -0.5922574345551229, -7.314247236221149e-17]}], "source": "action wait"}
{"timestamp": 1706031647.400497, "objects": [{"color": "cv_", "id_name": "hand", "shape": "CVCylinder", "id_string": "ob382", "world_size": [0.12, 0.005, 0.12], "id": 382, "camera_size": [51, 51], "camera_position": [246, 214], "world_position": [0.8006251710353541, 0.7165065694181593, -0.17407750966065827], "world_orientation": [1.1875917001294285e-07, 0.049971282463584725, 0.9987506550330421, -0.0007648955613195241, -0.9987503628613315, 0.049971267936078506, 0.9999997074673402, -0.0007639458774463902, 3.810420138607854e-05], "world_rotation": [0.0, 1.0, 0.0, 0.0]}, {"color": "CVGreen", "id_name": "object216481422938471", "shape": "CVBox", "id_string": "ob1177", "world_size": [0.09, 0.09, 0.09], "id": 1177, "camera_size": [37, 37], "camera_position": [256, 254], "world_position": [0.705, 0.6448569696296074, -0.15], "world_orientation": [1.0, -4.331917303826236e-17, -1.1712398707441946e-17, 4.331917303826236e-17, 1.0, -5.775889738434995e-17, 1.1712398707441946e-17, 5.775889738434995e-17, 1.0], "world_rotation": [-0.7896765794068324, 0.16013129347666225, -0.5922574345551229, -7.314247236221149e-17]}], "source": "action wait"}
{"timestamp": 1706031647.435867, "objects": [{"color": "cv_", "id_name": "hand", "shape": "CVCylinder", "id_string": "ob382", "world_size": [0.12, 0.005, 0.12], "id": 382, "camera_size": [49, 50], "camera_position": [246, 207], "world_position": [0.8181773127619204, 0.7017863652287296, -0.17408171520610363], "world_orientation": [-6.729369937948604e-06, 0.03471406556195586, 0.9993972851708554, -0.0007618379202339693, -0.9993969953478086, 0.034714050365171514, 0.9999997097788073, -0.0007611451455354337, 3.317180360753245e-05], "world_rotation": [0.0, 1.0, 0.0, 0.0]}, {"color": "CVGreen", "id_name": "object216481422938471", "shape": "CVBox", "id_string": "ob1177", "world_size": [0.09, 0.09, 0.09], "id": 1177, "camera_size": [37, 37], "camera_position": [256, 254], "world_position": [0.705, 0.6448569696296074, -0.15], "world_orientation": [1.0, -4.331917303826236e-17, -1.1712398707441946e-17, 4.331917303826236e-17, 1.0, -5.775889738434995e-17, 1.1712398707441946e-17, 5.775889738434995e-17, 1.0], "world_rotation": [-0.7896765794068324, 0.16013129347666225, -0.5922574345551229, -7.314247236221149e-17]}], "source": "action wait"}
{"timestamp": 1706031647.469478, "objects": [{"color": "cv_", "id_name": "hand", "shape": "CVCylinder", "id_string": "ob382", "world_size": [0.12, 0.005, 0.12], "id": 382, "camera_size": [49, 50], "camera_position": [246, 202], "world_position": [0.8303319943684013, 0.6910535391232967, -0.17408582617390606], "world_orientation": [-9.748951985077642e-06, 0.02395698247667485, 0.99971299026049, -0.0007603058340232399, -0.9997127015360036, 0.02395696814340893, 0.9999997109199565, -0.0007598540635120869, 2.796078466912807e-05], "world_rotation": [0.0, 1.0, 0.0, 0.0]}, {"color": "CVGreen", "id_name": "object216481422938471", "shape": "CVBox", "id_string": "ob1177", "world_size": [0.09, 0.09, 0.09], "id": 1177, "camera_size": [37, 37], "camera_position": [256, 254], "world_position": [0.705, 0.6448569696296074, -0.15], "world_orientation": [1.0, -4.331917303826236e-17, -1.1712398707441946e-17, 4.331917303826236e-17, 1.0, -5.775889738434995e-17, 1.1712398707441946e-17, 5.775889738434995e-17, 1.0], "world_rotation": [-0.7896765794068324, 0.16013129347666225, -0.5922574345551229, -7.314247236221149e-17]}], "source": "action wait"}
{"timestamp": 1706031647.504252, "objects": [{"color": "cv_", "id_name": "hand", "shape": "CVCylinder", "id_string": "ob382", "world_size": [0.12, 0.005, 0.12], "id": 382, "camera_size": [49, 49], "camera_position": [246, 199], "world_position": [0.8387861380335303, 0.6833259432575427, -0.1740894977365006], "world_orientation": [-1.0662157075044773e-05, 0.016374539962215405, 0.9998659281760451, -0.0007597755964407761, -0.9998656397747029, 0.016374527137210212, 0.9999997113136392, -0.0007594991441607568, 2.3101700371823726e-05], "world_rotation": [0.0, 1.0, 0.0, 0.0]}, {"color": "CVGreen", "id_name": "object216481422938471", "shape": "CVBox", "id_string": "ob1177", "world_size": [0.09, 0.09, 0.09], "id": 1177, "camera_size": [37, 37], "camera_position": [256, 254], "world_position": [0.705, 0.6448569696296074, -0.15], "world_orientation": [1.0, -4.331917303826236e-17, -1.1712398707441946e-17, 4.331917303826236e-17, 1.0, -5.775889738434995e-17, 1.1712398707441946e-17, 5.775889738434995e-17, 1.0], "world_rotation": [-0.7896765794068324, 0.16013129347666225, -0.5922574345551229, -7.314247236221149e-17]}], "source": "action wait"}
{"timestamp": 1706031647.535818, "objects": [{"color": "cv_", "id_name": "hand", "shape": "CVCylinder", "id_string": "ob382", "world_size": [0.12, 0.005, 0.12], "id": 382, "camera_size": [49, 49], "camera_position": [246, 197], "world_position": [0.8446872137503602, 0.6778073677197418, -0.17409261064941514], "world_orientation": [-1.0507483362722658e-05, 0.011030381907230139, 0.9999391634317427, -0.0007598267445485576, -0.9999388749241872, 0.011030370740335771, 0.999999711276414, -0.0007596646178602772, 1.888802026807184e-05], "world_rotation": [0.0, 1.0, 0.0, 0.0]}, {"color": "CVGreen", "id_name": "object216481422938471", "shape": "CVBox", "id_string": "ob1177", "world_size": [0.09, 0.09, 0.09], "id": 1177, "camera_size": [37, 37], "camera_position": [256, 254], "world_position": [0.705, 0.6448569696296074, -0.15], "world_orientation": [1.0, -4.331917303826236e-17, -1.1712398707441946e-17, 4.331917303826236e-17, 1.0, -5.775889738434995e-17, 1.1712398707441946e-17, 5.775889738434995e-17, 1.0], "world_rotation": [-0.7896765794068324, 0.16013129347666225, -0.5922574345551229, -7.314247236221149e-17]}], "source": "action wait"}
{"timestamp": 1706031647.574979, "objects": [{"color": "cv_", "id_name": "hand", "shape": "CVCylinder", "id_string": "ob382", "world_size": [0.12, 0.005, 0.12], "id": 382, "camera_size": [49, 49], "camera_position": [246, 196], "world_position": [0.848817460576053, 0.673887436678372, -0.1740951632235395], "world_orientation": [-9.845582214694944e-06, 0.0072639052489412645, 0.9999736174437799, -0.0007601693325816987, -0.9999733286254855, 0.007263895666430394, 0.9999997110227835, -0.0007600777600899223, 1.5367117624875528e-05], "world_rotation": [0.0, 1.0, 0.0, 0.0]}, {"color": "CVGreen", "id_name": "object216481422938471", "shape": "CVBox", "id_string": "ob1177", "world_size": [0.09, 0.09, 0.09], "id": 1177, "camera_size": [37, 37], "camera_position": [256, 254], "world_position": [0.705, 0.6448569696296074, -0.15], "world_orientation": [1.0, -4.331917303826236e-17, -1.1712398707441946e-17, 4.331917303826236e-17, 1.0, -5.775889738434995e-17, 1.1712398707441946e-17, 5.775889738434995e-17, 1.0], "world_rotation": [-0.7896765794068324, 0.16013129347666225, -0.5922574345551229, -7.314247236221149e-17]}], "source": "action wait"}
{"timestamp": 1706031647.607923, "objects": [{"color": "cv_", "id_name": "hand", "shape": "CVCylinder", "id_string": "ob382", "world_size": [0.12, 0.005, 0.12], "id": 382, "camera_size": [49, 48], "camera_position": [246, 194], "world_position": [0.8517142034740037, 0.6711128917125188, -0.1740972088536289], "world_orientation": [-9.013038039862076e-06, 0.004609347869529367, 0.9999893768590657, -0.0007606236091591177, -0.9999890876601761, 0.004609339680894929, 0.9999997106852034, -0.0007605739847938081, 1.2518918499285523e-05], "world_rotation": [0.0, 1.0, 0.0, 0.0]}, {"color": "CVGreen", "id_name": "object216481422938471", "shape": "CVBox", "id_string": "ob1177", "world_size": [0.09, 0.09, 0.09], "id": 1177, "camera_size": [37, 37], "camera_position": [256, 254], "world_position": [0.705, 0.6448569696296074, -0.15], "world_orientation": [1.0, -4.331917303826236e-17, -1.1712398707441946e-17, 4.331917303826236e-17, 1.0, -5.775889738434995e-17, 1.1712398707441946e-17, 5.775889738434995e-17, 1.0], "world_rotation": [-0.7896765794068324, 0.16013129347666225, -0.5922574345551229, -7.314247236221149e-17]}], "source": "action wait"}
{"timestamp": 1706031647.638979, "objects": [{"color": "cv_", "id_name": "hand", "shape": "CVCylinder", "id_string": "ob382", "world_size": [0.12, 0.005, 0.12], "id": 382, "camera_size": [49, 49], "camera_position": [246, 194], "world_position": [0.8537489092506945, 0.6691536212275551, -0.17409882133941093], "world_orientation": [-8.167634775907156e-06, 0.002738420012597248, 0.9999962504875328, -0.0007610876760498959, -0.9999959609117294, 0.002738413003305048, 0.9999997103393776, -0.0007610624559852297, 1.0251779509910438e-05], "world_rotation": [0.0, 1.0, 0.0, 0.0]}, {"color": "CVGreen", "id_name": "object216481422938471", "shape": "CVBox", "id_string": "ob1177", "world_size": [0.09, 0.09, 0.09], "id": 1177, "camera_size": [37, 37], "camera_position": [256, 254], "world_position": [0.705, 0.6448569696296074, -0.15], "world_orientation": [1.0, -4.331917303826236e-17, -1.1712398707441946e-17, 4.331917303826236e-17, 1.0, -5.775889738434995e-17, 1.1712398707441946e-17, 5.775889738434995e-17, 1.0], "world_rotation": [-0.7896765794068324, 0.16013129347666225, -0.5922574345551229, -7.314247236221149e-17]}], "source": "action wait"}
{"timestamp": 1706031647.668971, "objects": [{"color": "cv_", "id_name": "hand", "shape": "CVCylinder", "id_string": "ob382", "world_size": [0.12, 0.005, 0.12], "id": 382, "camera_size": [48, 48], "camera_position": [246, 193], "world_position": [0.8551796971264926, 0.667772151194238, -0.17410007676738148], "world_orientation": [-7.3967325798406145e-06, 0.001419758666440468, 0.9999989921148008, -0.000761510416925593, -0.9999987022013463, 0.001419752622138754, 0.9999997100235446, -0.000761499147880443, 8.477883994751088e-06], "world_rotation": [0.0, 1.0, 0.0, 0.0]}, {"color": "CVGreen", "id_name": "object216481422938471", "shape": "CVBox", "id_string": "ob1177", "world_size": [0.09, 0.09, 0.09], "id": 1177, "camera_size": [37, 37], "camera_position": [256, 254], "world_position": [0.705, 0.6448569696296074, -0.15], "world_orientation": [1.0, -4.331917303826236e-17, -1.1712398707441946e-17, 4.331917303826236e-17, 1.0, -5.775889738434995e-17, 1.1712398707441946e-17, 5.775889738434995e-17, 1.0], "world_rotation": [-0.7896765794068324, 0.16013129347666225, -0.5922574345551229, -7.314247236221149e-17]}], "source": "action wait"}
{"timestamp": 1706031647.700648, "objects": [{"color": "cv_", "id_name": "hand", "shape": "CVCylinder", "id_string": "ob382", "world_size": [0.12, 0.005, 0.12], "id": 382, "camera_size": [48, 49], "camera_position": [246, 193], "world_position": [0.85618662939969, 0.6667990146353404, -0.17410104490255468], "world_orientation": [-6.7324489792922366e-06, 0.0004903173562212557, 0.9999998797717751, -0.0007618711739453909, -0.9999995895731028, 0.0004903120846727784, 0.9999997097534521, -0.0007618677813462799, 7.106004876268946e-06], "world_rotation": [0.0, 1.0, 0.0, 0.0]}, {"color": "CVGreen", "id_name": "object216481422938471", "shape": "CVBox", "id_string": "ob1177", "world_size": [0.09, 0.09, 0.09], "id": 1177, "camera_size": [37, 37], "camera_position": [256, 254], "world_position": [0.705, 0.6448569696296074, -0.15], "world_orientation": [1.0, -4.331917303826236e-17, -1.1712398707441946e-17, 4.331917303826236e-17, 1.0, -5.775889738434995e-17, 1.1712398707441946e-17, 5.775889738434995e-17, 1.0], "world_rotation": [-0.7896765794068324, 0.16013129347666225, -0.5922574345551229, -7.314247236221149e-17]}], "source": "action wait"}
{"timestamp": 1706031647.733997, "objects": [{"color": "cv_", "id_name": "hand", "shape": "CVCylinder", "id_string": "ob382", "world_size": [0.12, 0.005, 0.12], "id": 382, "camera_size": [48, 49], "camera_position": [246, 193], "world_position": [0.8568956860936552, 0.6661139131134723, -0.1741017858374828], "world_orientation": [-6.18031685697929e-06, -0.00016480619450016755, 0.9999999864003609, -0.0007621663048383974, -0.9999996959699063, -0.00016481085706453158, 0.9999997095321216, -0.0007621673130569278, 6.05470525006474e-06], "world_rotation": [0.0, 1.0, 0.0, 0.0]}, {"color": "CVGreen", "id_name": "object216481422938471", "shape": "CVBox", "id_string": "ob1177", "world_size": [0.09, 0.09, 0.09], "id": 1177, "camera_size": [37, 37], "camera_position": [256, 254], "world_position": [0.705, 0.6448569696296074, -0.15], "world_orientation": [1.0, -4.331917303826236e-17, -1.1712398707441946e-17, 4.331917303826236e-17, 1.0, -5.775889738434995e-17, 1.1712398707441946e-17, 5.775889738434995e-17, 1.0], "world_rotation": [-0.7896765794068324, 0.16013129347666225, -0.5922574345551229, -7.314247236221149e-17]}], "source": "action wait"}
{"timestamp": 1706031647.769417, "objects": [{"color": "cv_", "id_name": "hand", "shape": "CVCylinder", "id_string": "ob382", "world_size": [0.12, 0.005, 0.12], "id": 382, "camera_size": [48, 48], "camera_position": [246, 192], "world_position": [0.8573952003148758, 0.6656317480736513, -0.17410234938868413], "world_orientation": [-5.732671815900462e-06, -0.0006265877084998653, 0.9999998036774708, -0.0007624007308448428, -0.9999995130637416, -0.000626591896998449, 0.9999997093560888, -0.0007624041732145059, 5.254958097920211e-06], "world_rotation": [0.0, 1.0, 0.0, 0.0]}, {"color": "CVGreen", "id_name": "object216481422938471", "shape": "CVBox", "id_string": "ob1177", "world_size": [0.09, 0.09, 0.09], "id": 1177, "camera_size": [37, 37], "camera_position": [256, 254], "world_position": [0.705, 0.6448569696296074, -0.15], "world_orientation": [1.0, -4.331917303826236e-17, -1.1712398707441946e-17, 4.331917303826236e-17, 1.0, -5.775889738434995e-17, 1.1712398707441946e-17, 5.775889738434995e-17, 1.0], "world_rotation": [-0.7896765794068324, 0.16013129347666225, -0.5922574345551229, -7.314247236221149e-17]}], "source": "action wait"}
{"timestamp": 1706031647.804924, "objects": [{"color": "cv_", "id_name": "hand", "shape": "CVCylinder", "id_string": "ob382", "world_size": [0.12, 0.005, 0.12], "id": 382, "camera_size": [48, 48], "camera_position": [246, 192], "world_position": [0.8577472068559181, 0.6652924583863137, -0.17410277581336558], "world_orientation": [-5.376300385549902e-06, -0.00095209539771736, 0.9999995467426219, -0.0007625829460938365, -0.9999992559868853, -0.0009520992207665115, 0.9999997092191305, -0.0007625877192192872, 4.650244672522255e-06], "world_rotation": [0.0, 1.0, 0.0, 0.0]}, {"color": "CVGreen", "id_name": "object216481422938471", "shape": "CVBox", "id_string": "ob1177", "world_size": [0.09, 0.09, 0.09], "id": 1177, "camera_size": [37, 37], "camera_position": [256, 254], "world_position": [0.705, 0.6448569696296074, -0.15], "world_orientation": [1.0, -4.331917303826236e-17, -1.1712398707441946e-17, 4.331917303826236e-17, 1.0, -5.775889738434995e-17, 1.1712398707441946e-17, 5.775889738434995e-17, 1.0], "world_rotation": [-0.7896765794068324, 0.16013129347666225, -0.5922574345551229, -7.314247236221149e-17]}], "source": "action wait"}
{"timestamp": 1706031647.837297, "objects": [{"color": "cv_", "id_name": "hand", "shape": "CVCylinder", "id_string": "ob382", "world_size": [0.12, 0.005, 0.12], "id": 382, "camera_size": [48, 48], "camera_position": [246, 192], "world_position": [0.8579953220743121, 0.6650537161835879, -0.17410309706204768], "world_orientation": [-5.096541084109365e-06, -0.0011815498642575794, 0.9999993019567281, -0.0007627222595224563, -0.9999990110926607, -0.0011815534078345833, 0.9999997091143479, -0.0007627277489451492, 4.195341662261249e-06], "world_rotation": [0.0, 1.0, 0.0, 0.0]}, {"color": "CVGreen", "id_name": "object216481422938471", "shape": "CVBox", "id_string": "ob1177", "world_size": [0.09, 0.09, 0.09], "id": 1177, "camera_size": [37, 37], "camera_position": [256, 254], "world_position": [0.705, 0.6448569696296074, -0.15], "world_orientation": [1.0, -4.331917303826236e-17, -1.1712398707441946e-17, 4.331917303826236e-17, 1.0, -5.775889738434995e-17, 1.1712398707441946e-17, 5.775889738434995e-17, 1.0], "world_rotation": [-0.7896765794068324, 0.16013129347666225, -0.5922574345551229, -7.314247236221149e-17]}], "source": "action wait"}
{"timestamp": 1706031650.27398, "objects": [{"color": "cv_", "id_name": "hand", "shape": "CVCylinder", "id_string": "ob382", "world_size": [0.12, 0.005, 0.12], "id": 382, "camera_size": [48, 49], "camera_position": [246, 192], "world_position": [0.8585885972314738, 0.6644862885354023, -0.17410403500603094], "world_orientation": [-4.201393423844274e-06, -0.0017297847702345257, 0.9999985039123794, -0.0007631196836022034, -0.9999982127402267, -0.0017297874727390011, 0.999999708815306, -0.0007631258094263688, 2.8813531086651722e-06], "world_rotation": [0.0, 1.0, 0.0, 0.0]}, {"color": "CVGreen", "id_name": "object216481422938471", "shape": "CVBox", "id_string": "ob1177", "world_size": [0.09, 0.09, 0.09], "id": 1177, "camera_size": [37, 37], "camera_position": [256, 254], "world_position": [0.705, 0.6448569696296074, -0.15], "world_orientation": [1.0, -4.331917303826236e-17, -1.1712398707441946e-17, 4.331917303826236e-17, 1.0, -5.775889738434995e-17, 1.1712398707441946e-17, 5.775889738434995e-17, 1.0], "world_rotation": [-0.7896765794068324, 0.16013129347666225, -0.5922574345551229, -7.314247236221149e-17]}], "source": "action wait"}
{"timestamp": 1706031650.303682, "objects": [{"color": "cv_", "id_name": "hand", "shape": "CVCylinder", "id_string": "ob382", "world_size": [0.12, 0.005, 0.12], "id": 382, "camera_size": [48, 48], "camera_position": [246, 205], "world_position": [0.8258526135059667, 0.6516140438053362, -0.17408816717704872], "world_orientation": [-4.610234857706678e-05, -0.02264213078502331, 0.9997436330320326, -0.0007600947778600476, -0.9997433445030234, -0.022642159301576457, 0.9999997100652092, -0.0007609437713875115, 2.8880350786916456e-05], "world_rotation": [0.0, 1.0, 0.0, 0.0]}, {"color": "CVGreen", "id_name": "object216481422938471", "shape": "CVBox", "id_string": "ob1177", "world_size": [0.09, 0.09, 0.09], "id": 1177, "camera_size": [37, 37], "camera_position": [256, 254], "world_position": [0.705, 0.6448569696296074, -0.15], "world_orientation": [1.0, -4.331917303826236e-17, -1.1712398707441946e-17, 4.331917303826236e-17, 1.0, -5.775889738434995e-17, 1.1712398707441946e-17, 5.775889738434995e-17, 1.0], "world_rotation": [-0.7896765794068324, 0.16013129347666225, -0.5922574345551229, -7.314247236221149e-17]}], "source": "action wait"}
{"timestamp": 1706031650.336415, "objects": [{"color": "cv_", "id_name": "hand", "shape": "CVCylinder", "id_string": "ob382", "world_size": [0.12, 0.005, 0.12], "id": 382, "camera_size": [48, 48], "camera_position": [246, 219], "world_position": [0.7916943774598911, 0.6583218189537123, -0.17409753805983122], "world_orientation": [-3.353859768200058e-05, -0.016487869741454116, 0.999864065274151, -0.0007581279005820194, -0.9998637780773298, -0.016487890435549636, 0.9999997120585831, -0.000758577825398004, 2.1034114917939333e-05], "world_rotation": [0.0, 1.0, 0.0, 0.0]}, {"color": "CVGreen", "id_name": "object216481422938471", "shape": "CVBox", "id_string": "ob1177", "world_size": [0.09, 0.09, 0.09], "id": 1177, "camera_size": [37, 38], "camera_position": [256, 263], "world_position": [0.6807730119047156, 0.6461743291051629, -0.15000332978878134], "world_orientation": [0.9994768695821031, -0.0323415881440549, 9.405679306432886e-05, 0.03234158938424483, 0.9994768738992146, -1.1694199458270963e-05, -9.362938051836689e-05, 1.473002804690708e-05, 0.9999999955082827], "world_rotation": [0.0004085160171849084, 0.0029016102021394404, 0.9999957068772339, 0.032347368439631805]}], "source": "action wait"}
{"timestamp": 1706031650.367418, "objects": [{"color": "cv_", "id_name": "hand", "shape": "CVCylinder", "id_string": "ob382", "world_size": [0.12, 0.005, 0.12], "id": 382, "camera_size": [48, 49], "camera_position": [246, 229], "world_position": [0.7671416635494965, 0.6617061300649726, -0.17410365760554], "world_orientation": [-1.7309761015852135e-05, -0.012080348406233005, 0.9999270297790515, -0.0007619921456276803, -0.9999267394746431, -0.012080358089862719, 0.999999709534129, -0.0007621456510043352, 8.103362292028599e-06], "world_rotation": [0.0, 1.0, 0.0, 0.0]}, {"color": "CVGreen", "id_name": "object216481422938471", "shape": "CVBox", "id_string": "ob1177", "world_size": [0.09, 0.09, 0.09], "id": 1177, "camera_size": [37, 39], "camera_position": [256, 282], "world_position": [0.6358276103461179, 0.646704466897351, -0.15000356542444868], "world_orientation": [0.9990297497941321, -0.04404032268219391, 9.489110720191093e-05, 0.0440403234673828, 0.9990297542468131, -6.200049350186282e-06, -9.452598733410536e-05, 1.0373068806377893e-05, 0.9999999954786186], "world_rotation": [0.00018815801501818086, 0.00215049118589019, 0.9999976699893959, 0.044054674630817574]}], "source": "action wait"}
{"timestamp": 1706031650.408109, "objects": [{"color": "cv_", "id_name": "hand", "shape": "CVCylinder", "id_string": "ob382", "world_size": [0.12, 0.005, 0.12], "id": 382, "camera_size": [48, 49], "camera_position": [246, 236], "world_position": [0.7497739359929272, 0.6633359820220778, -0.17410672980429914], "world_orientation": [-8.30625800811923e-06, -0.008988408639041412, 0.9999596034046293, -0.0007634496702713967, -0.9999593119661566, -0.008988412361033246, 0.9999997085377612, -0.0007634934895765085, 1.443722431431117e-06], "world_rotation": [0.0, 1.0, 0.0, 0.0]}, {"color": "CVGreen", "id_name": "object216481422938471", "shape": "CVBox", "id_string": "ob1177", "world_size": [0.09, 0.09, 0.09], "id": 1177, "camera_size": [37, 39], "camera_position": [256, 298], "world_position": [0.595110352077339, 0.6440471666757522, -0.15000404583434027], "world_orientation": [0.9998528929374226, 0.017151765955442044, 9.700142593065782e-05, -0.017151765649835518, 0.9998528976400679, -3.981593394078121e-06, -9.705544815001158e-05, 2.3172619483071446e-06, 0.9999999952874353], "world_rotation": [0.00018361825022434838, 0.005656961737623564, -0.999983982405837, 0.01715288164868533]}], "source": "action wait"}
{"timestamp": 1706031650.439588, "objects": [{"color": "cv_", "id_name": "hand", "shape": "CVCylinder", "id_string": "ob382", "world_size": [0.12, 0.005, 0.12], "id": 382, "camera_size": [48, 49], "camera_position": [246, 241], "world_position": [0.7375221840692335, 0.6641140130992609, -0.1741080426926822], "world_orientation": [-3.2398825575214985e-06, -0.006818392430139622, 0.9999767544869089, -0.0007638574517383554, -0.9999764627429188, -0.006818392915733943, 0.9999997082556057, -0.0007638617862726075, -1.968473566703384e-06], "world_rotation": [0.0, 1.0, 0.0, 0.0]}, {"color": "CVGreen", "id_name": "object216481422938471", "shape": "CVBox", "id_string": "ob1177", "world_size": [0.09, 0.09, 0.09], "id": 1177, "camera_size": [37, 39], "camera_position": [256, 310], "world_position": [0.5667001680881167, 0.644898878733652, -0.15000401201343605], "world_orientation": [0.9999965872758734, -0.0026107475193192188, 9.712876662803663e-05, 0.0026107478130098613, 0.9999965919879247, -2.897057921846099e-06, -9.712087212524431e-05, 3.150626750041593e-06, 0.9999999952788049], "world_rotation": [0.0011574270649916329, 0.037176175917868697, 0.9993080567606332, 0.0026125583782003357]}], "source": "action wait"}
{"timestamp": 1706031650.469789, "objects": [{"color": "cv_", "id_name": "hand", "shape": "CVCylinder", "id_string": "ob382", "world_size": [0.12, 0.005, 0.12], "id": 382, "camera_size": [48, 48], "camera_position": [246, 244], "world_position": [0.7288899138862616, 0.6644819363650171, -0.17410837370473575], "world_orientation": [-9.452040953510175e-07, -0.0052945931299389565, 0.999985983543117, -0.0007638511252668047, -0.9999856918095167, -0.005294592307311539, 0.99999970826524, -0.0007638454232511381, -3.099090348581244e-06], "world_rotation": [0.0, 1.0, 0.0, 0.0]}, {"color": "CVGreen", "id_name": "object216481422938471", "shape": "CVBox", "id_string": "ob1177", "world_size": [0.09, 0.09, 0.09], "id": 1177, "camera_size": [37, 39], "camera_position": [256, 318], "world_position": [0.5451913298735647, 0.6444323355907038, -0.1500041032818444], "world_orientation": [0.9999730708197893, 0.007338130604664489, 9.733688958825696e-05, -0.007338130435693608, 0.9999730755562014, -2.0929653988157886e-06, -9.734962730009129e-05, 1.3786382449688075e-06, 0.9999999952605747], "world_rotation": [0.00023652469295891987, 0.013264235596912312, -0.9999119981828896, 0.0073388422222897135]}], "source": "action wait"}
