{"timestamp": 1706031276.813459, "objects": [{"color": "cv_", "id_name": "hand", "shape": "CVCylinder", "id_string": "ob382", "world_size": [0.12, 0.005, 0.12], "id": 382, "camera_size": [48, 50], "camera_position": [246, 426], "world_position": [0.26764451554004676, 0.6334703013847327, -0.17389260400847484], "world_orientation": [-0.000641549056304748, 0.19791547486652797, 0.9802188802625489, -0.0007473671021405895, -0.9802189031249445, 0.1979149903340971, 0.9999995149284939, -0.0006056111687281928, 0.0007767740271920888], "world_rotation": [0.0, 1.0, 0.0, 0.0]}, {"color": "CVBlue", "id_name": "object278794388110085", "shape": "CVCylinder", "id_string": "ob1142", "world_size": [0.09, 0.09, 0.09], "id": 1142, "camera_size": [37, 37], "camera_position": [256, 254], "world_position": [0.705, 0.6448569618279929, -0.15], "world_orientation": [1.0, -3.248937977869676e-17, -1.2465442788089477e-17, 3.248937977869676e-17, 1.0, -5.775889738434994e-17, 1.2465442788089477e-17, 5.775889738434994e-17, 1.0], "world_rotation": [-0.8565537801950899, 0.18486021419163617, -0.4818115013597369, -6.743172316768561e-17]}], "source": "manual check"}
{"timestamp": 1706031277.825631, "objects": [{"color": "cv_", "id_name": "hand", "shape": "CVCylinder", "id_string": "ob382", "world_size": [0.12, 0.005, 0.12], "id": 382, "camera_size": [48, 50], "camera_position": [246, 426], "world_position": [0.26764451554004676, 0.6334703013847327, -0.17389260400847484], "world_orientation": [-0.000641549056304748, 0.19791547486652797, 0.9802188802625489, -0.0007473671021405895, -0.9802189031249445, 0.1979149903340971, 0.9999995149284939, -0.0006056111687281928, 0.0007767740271920888], "world_rotation": [0.0, 1.0, 0.0, 0.0]}, {"color": "CVBlue", "id_name": "object278794388110085", "shape": "CVCylinder", "id_string": "ob1142", "world_size": [0.09, 0.09, 0.09], "id": 1142, "camera_size": [37, 37], "camera_position": [256, 254], "world_position": [0.705, 0.6448569696296074, -0.15], "world_orientation": [1.0, -4.331917303826236e-17, -1.1712398707441946e-17, 4.331917303826236e-17, 1.0, -5.775889738434995e-17, 1.1712398707441946e-17, 5.775889738434995e-17, 1.0], "world_rotation": [-0.7896765794068324, 0.16013129347666225, -0.5922574345551229, -7.314247236221149e-17]}], "source": "manual check"}
{"timestamp": 1706031280.851813, "objects": [{"color": "cv_", "id_name": "hand", "shape": "CVCylinder", "id_string": "ob382", "world_size": [0.12, 0.005, 0.12], "id": 382, "camera_size": [48, 50], "camera_position": [246, 426], "world_position": [0.26764451554004676, 0.6334703013847327, -0.17389260400847484], "world_orientation": [-0.000641549056304748, 0.19791547486652797, 0.9802188802625489, -0.0007473671021405895, -0.9802189031249445, 0.1979149903340971, 0.9999995149284939, -0.0006056111687281928, 0.0007767740271920888], "world_rotation": [0.0, 1.0, 0.0, 0.0]}, {"color": "CVBlue", "id_name": "object278794388110085", "shape": "CVCylinder", "id_string": "ob1142", "world_size": [0.09, 0.09, 0.09], "id": 1142, "camera_size": [37, 37], "camera_position": [256, 254], "world_position": [0.705, 0.6448569696296074, -0.15], "world_orientation": [1.0, -4.331917303826236e-17, -1.1712398707441946e-17, 4.331917303826236e-17, 1.0, -5.775889738434995e-17, 1.1712398707441946e-17, 5.775889738434995e-17, 1.0], "world_rotation": [-0.7896765794068324, 0.16013129347666225, -0.5922574345551229, -7.314247236221149e-17]}], "source": "action wait"}
{"timestamp": 1706031280.883607, "objects": [{"color": "cv_", "id_name": "hand", "shape": "CVCylinder", "id_string": "ob382", "world_size": [0.12, 0.005, 0.12], "id": 382, "camera_size": [49, 51], "camera_position": [246, 421], "world_position": [0.2921449862935073, 0.6686494915143012, -0.17395557823822347], "world_orientation": [-0.0003753427235220803, 0.2076954683060136, 0.9781934632591783, -0.0007128021912453106, -0.9781933392283483, 0.20769516846169053, 0.9999996755153854, -0.0006193015738804746, 0.0005152035369978056], "world_rotation": [0.0, 1.0, 0.0, 0.0]}, {"color": "CVBlue", "id_name": "object278794388110085", "shape": "CVCylinder", "id_string": "ob1142", "world_size": [0.09, 0.09, 0.09], "id": 1142, "camera_size": [37, 37], "camera_position": [256, 254], "world_position": [0.705, 0.6448569696296074, -0.15], "world_orientation": [1.0, -4.331917303826236e-17, -1.1712398707441946e-17, 4.331917303826236e-17, 1.0, -5.775889738434995e-17, 1.1712398707441946e-17, 5.775889738434995e-17, 1.0], "world_rotation": [-0.7896765794068324, 0.16013129347666225, -0.5922574345551229, -7.314247236221149e-17]}], "source": "action wait"}
{"timestamp": 1706031280.918859, "objects": [{"color": "cv_", "id_name": "hand", "shape": "CVCylinder", "id_string": "ob382", "world_size": [0.12, 0.005, 0.12], "id": 382, "camera_size": [51, 52], "camera_position": [246, 405], "world_position": [0.33890859329580164, 0.7077135365101003, -0.17398331562113686], "world_orientation": [-0.00020992810023309059, 0.20346276892856602, 0.9790826612651833, -0.0007279884498027186, -0.979082454492531, 0.20346256986900144, 0.9999997129814638, -0.0006700483580422996, 0.0003536554653884745], "world_rotation": [0.0, 1.0, 0.0, 0.0]}, {"color": "CVBlue", "id_name": "object278794388110085", "shape": "CVCylinder", "id_string": "ob1142", "world_size": [0.09, 0.09, 0.09], "id": 1142, "camera_size": [37, 37], "camera_position": [256, 254], "world_position": [0.705, 0.6448569696296074, -0.15], "world_orientation": [1.0, -4.331917303826236e-17, -1.1712398707441946e-17, 4.331917303826236e-17, 1.0, -5.775889738434995e-17, 1.1712398707441946e-17, 5.775889738434995e-17, 1.0], "world_rotation": [-0.7896765794068324, 0.16013129347666225, -0.5922574345551229, -7.314247236221149e-17]}], "source": "action wait"}
{"timestamp": 1706031280.951783, "objects": [{"color": "cv_", "id_name": "hand", "shape": "CVCylinder", "id_string": "ob382", "world_size": [0.12, 0.005, 0.12], "id": 382, "camera_size": [51, 53], "camera_position": [246, 388], "world_position": [0.38999600766726, 0.7416538947570304, -0.17400390677905214], "world_orientation": [-0.00010219033105017726, 0.20041020634071888, 0.9797120693099614, -0.0007387268139400572, -0.9797118222316198, 0.20041007874429245, 0.9999997219198767, -0.0007032596032475798, 0.00024816546865919994], "world_rotation": [0.0, 1.0, 0.0, 0.0]}, {"color": "CVBlue", "id_name": "object278794388110085", "shape": "CVCylinder", "id_string": "ob1142", "world_size": [0.09, 0.09, 0.09], "id": 1142, "camera_size": [37, 37], "camera_position": [256, 254], "world_position": [0.705, 0.6448569696296074, -0.15], "world_orientation": [1.0, -4.331917303826236e-17, -1.1712398707441946e-17, 4.331917303826236e-17, 1.0, -5.775889738434995e-17, 1.1712398707441946e-17, 5.775889738434995e-17, 1.0], "world_rotation": [-0.7896765794068324, 0.16013129347666225, -0.5922574345551229, -7.314247236221149e-17]}], "source": "action wait"}
{"timestamp": 1706031280.984643, "objects": [{"color": "cv_", "id_name": "hand", "shape": "CVCylinder", "id_string": "ob382", "world_size": [0.12, 0.005, 0.12], "id": 382, "camera_size": [52, 54], "camera_position": [245, 366], "world_position": [0.44448916760098983, 0.7701380283386454, -0.17402253847730384], "world_orientation": [-2.6348780350909276e-05, 0.1982553513132162, 0.9801504042652919, -0.0007458218349431989, -0.9801501358970728, 0.19825527698081719, 0.9999997215277274, -0.0007257937882831666, 0.0001736889305458265], "world_rotation": [0.0, 1.0, 0.0, 0.0]}, {"color": "CVBlue", "id_name": "object278794388110085", "shape": "CVCylinder", "id_string": "ob1142", "world_size": [0.09, 0.09, 0.09], "id": 1142, "camera_size": [37, 37], "camera_position": [256, 254], "world_position": [0.705, 0.6448569696296074, -0.15], "world_orientation": [1.0, -4.331917303826236e-17, -1.1712398707441946e-17, 4.331917303826236e-17, 1.0, -5.775889738434995e-17, 1.1712398707441946e-17, 5.775889738434995e-17, 1.0], "world_rotation": [-0.7896765794068324, 0.16013129347666225, -0.5922574345551229, -7.314247236221149e-17]}], "source": "action wait"}
{"timestamp": 1706031281.018193, "objects": [{"color": "cv_", "id_name": "hand", "shape": "CVCylinder", "id_string": "ob382", "world_size": [0.12, 0.005, 0.12], "id": 382, "camera_size": [53, 54], "camera_position": [245, 343], "world_position": [0.5017393816528445, 0.7929162422191055, -0.1740388025399893], "world_orientation": [2.694761419677938e-05, 0.1967330163426015, 0.9804570972534025, -0.0007505864199052842, -0.9804568174451846, 0.19673298082753282, 0.9999997179468864, -0.0007412192669655824, 0.00012124415836107476], "world_rotation": [0.0, 1.0, 0.0, 0.0]}, {"color": "CVBlue", "id_name": "object278794388110085", "shape": "CVCylinder", "id_string": "ob1142", "world_size": [0.09, 0.09, 0.09], "id": 1142, "camera_size": [37, 37], "camera_position": [256, 254], "world_position": [0.705, 0.6448569696296074, -0.15], "world_orientation": [1.0, -4.331917303826236e-17, -1.1712398707441946e-17, 4.331917303826236e-17, 1.0, -5.775889738434995e-17, 1.1712398707441946e-17, 5.775889738434995e-17, 1.0], "world_rotation": [-0.7896765794068324, 0.16013129347666225, -0.5922574345551229, -7.314247236221149e-17]}], "source": "action wait"}
{"timestamp": 1706031281.052037, "objects": [{"color": "cv_", "id_name": "hand", "shape": "CVCylinder", "id_string": "ob382", "world_size": [0.12, 0.005, 0.12], "id": 382, "camera_size": [54, 54], "camera_position": [245, 318], "world_position": [0.5611044755968949, 0.809779831131979, -0.17405254159017636], "world_orientation": [6.426047189783899e-05, 0.1956558816465638, 0.980672611959617, -0.000753844781951443, -0.9806723258570552, 0.19565587396283, 0.9999997137942774, -0.0007518478701191686, 8.447569900107395e-05], "world_rotation": [0.0, 1.0, 0.0, 0.0]}, {"color": "CVBlue", "id_name": "object278794388110085", "shape": "CVCylinder", "id_string": "ob1142", "world_size": [0.09, 0.09, 0.09], "id": 1142, "camera_size": [37, 37], "camera_position": [256, 254], "world_position": [0.705, 0.6448569696296074, -0.15], "world_orientation": [1.0, -4.331917303826236e-17, -1.1712398707441946e-17, 4.331917303826236e-17, 1.0, -5.775889738434995e-17, 1.1712398707441946e-17, 5.775889738434995e-17, 1.0], "world_rotation": [-0.7896765794068324, 0.16013129347666225, -0.5922574345551229, -7.314247236221149e-17]}], "source": "action wait"}
{"timestamp": 1706031281.086771, "objects": [{"color": "cv_", "id_name": "hand", "shape": "CVCylinder", "id_string": "ob382", "world_size": [0.12, 0.005, 0.12], "id": 382, "camera_size": [54, 53], "camera_position": [245, 291], "world_position": [0.6221986456876016, 0.8133431852930164, -0.17406293947638], "world_orientation": [8.350933656328903e-05, 0.18462782063560065, 0.9828085067161044, -0.0007643897858525806, -0.9828082112340966, 0.18462783007740438, 0.9999997043671793, -0.0007666669315839901, 5.9053958589388414e-05], "world_rotation": [0.0, 1.0, 0.0, 0.0]}, {"color": "CVBlue", "id_name": "object278794388110085", "shape": "CVCylinder", "id_string": "ob1142", "world_size": [0.09, 0.09, 0.09], "id": 1142, "camera_size": [37, 37], "camera_position": [256, 254], "world_position": [0.705, 0.6448569696296074, -0.15], "world_orientation": [1.0, -4.331917303826236e-17, -1.1712398707441946e-17, 4.331917303826236e-17, 1.0, -5.775889738434995e-17, 1.1712398707441946e-17, 5.775889738434995e-17, 1.0], "world_rotation": [-0.7896765794068324, 0.16013129347666225, -0.5922574345551229, -7.314247236221149e-17]}], "source": "action wait"}
{"timestamp": 1706031281.120122, "objects": [{"color": "cv_", "id_name": "hand", "shape": "CVCylinder", "id_string": "ob382", "world_size": [0.12, 0.005, 0.12], "id": 382, "camera_size": [53, 53], "camera_position": [245, 263], "world_position": [0.6843440823984173, 0.7922359505511231, -0.17407070543108757], "world_orientation": [7.335927648755121e-05, 0.14766155857008953, 0.989037946056201, -0.0007770242225805906, -0.989037641726394, 0.14766157076792433, 0.9999996954258408, -0.0007793387871338915, 4.218152193737434e-05], "world_rotation": [0.0, 1.0, 0.0, 0.0]}, {"color": "CVBlue", "id_name": "object278794388110085", "shape": "CVCylinder", "id_string": "ob1142", "world_size": [0.09, 0.09, 0.09], "id": 1142, "camera_size": [37, 37], "camera_position": [256, 254], "world_position": [0.705, 0.6448569696296074, -0.15], "world_orientation": [1.0, -4.331917303826236e-17, -1.1712398707441946e-17, 4.331917303826236e-17, 1.0, -5.775889738434995e-17, 1.1712398707441946e-17, 5.775889738434995e-17, 1.0], "world_rotation": [-0.7896765794068324, 0.16013129347666225, -0.5922574345551229, -7.314247236221149e-17]}], "source": "action wait"}
{"timestamp": 1706031281.185425, "objects": [{"color": "cv_", "id_name": "hand", "shape": "CVCylinder", "id_string": "ob382", "world_size": [0.12, 0.005, 0.12], "id": 382, "camera_size": [51, 51], "camera_position": [246, 224], "world_position": [0.775493240155364, 0.7340409916144865, -0.17407385703485723], "world_orientation": [1.4514883177084519e-05, 0.07273155072328504, 0.9973515535249867, -0.0007697721362314329, -0.9973512573274605, 0.07273154032599591, 0.9999997036200444, -0.0007687891257421249, 4.151028418545127e-05], "world_rotation": [0.0, 1.0, 0.0, 0.0]}, {"color": "CVBlue", "id_name": "object278794388110085", "shape": "CVCylinder", "id_string": "ob1142", "world_size": [0.09, 0.09, 0.09], "id": 1142, "camera_size": [37, 37], "camera_position": [256, 254], "world_position": [0.705, 0.6448569696296074, -0.15], "world_orientation": [1.0, -4.331917303826236e-17, -1.1712398707441946e-17, 4.331917303826236e-17, 1.0, -5.775889738434995e-17, 1.1712398707441946e-17, 5.775889738434995e-17, 1.0], "world_rotation": [-0.7896765794068324, 0.16013129347666225, -0.5922574345551229, -7.314247236221149e-17]}], "source": "action wait"}
{"timestamp": 1706031281.214061, "objects": [{"color": "cv_", "id_name": "hand", "shape": "CVCylinder", "id_string": "ob382", "world_size": [0.12, 0.005, 0.12], "id": 382, "camera_size": [50, 51], "camera_position": [245, 214], "world_position": [0.8008862334754914, 0.7139839895119771, -0.17407740313594328], "world_orientation": [6.919224960058012e-07, 0.05077054948608641, 0.9987103440459613, -0.0007647552644250119, -0.9987100519711131, 0.0507705351679721, 0.9999997075744107, -0.0007638041225206282, 3.813601504567146e-05], "world_rotation": [0.0, 1.0, 0.0, 0.0]}, {"color": "CVBlue", "id_name": "object278794388110085", "shape": "CVCylinder", "id_string": "ob1142", "world_size": [0.09, 0.09, 0.09], "id": 1142, "camera_size": [37, 37], "camera_position": [256, 254], "world_position": [0.705, 0.6448569696296074, -0.15], "world_orientation": [1.0, -4.331917303826236e-17, -1.1712398707441946e-17, 4.331917303826236e-17, 1.0, -5.775889738434995e-17, 1.1712398707441946e-17, 5.775889738434995e-17, 1.0], "world_rotation": [-0.7896765794068324, 0.16013129347666225, -0.5922574345551229, -7.314247236221149e-17]}], "source": "action wait"}
{"timestamp": 1706031281.244424, "objects": [{"color": "cv_", "id_name": "hand", "shape": "CVCylinder", "id_string": "ob382", "world_size": [0.12, 0.005, 0.12], "id": 382, "camera_size": [49, 50], "camera_position": [246, 207], "world_position": [0.8183718941284828, 0.6990783651108108, -0.17408160556491564], "world_orientation": [-6.319938351687315e-06, 0.03527828978094192, 0.9993775273790133, -0.0007617152684649028, -0.9993772376442663, 0.03527827473623734, 0.999999709874912, -0.0007610181650441657, 3.3188014503840974e-05], "world_rotation": [0.0, 1.0, 0.0, 0.0]}, {"color": "CVBlue", "id_name": "object278794388110085", "shape": "CVCylinder", "id_string": "ob1142", "world_size": [0.09, 0.09, 0.09], "id": 1142, "camera_size": [37, 37], "camera_position": [256, 254], "world_position": [0.705, 0.6448569696296074, -0.15], "world_orientation": [1.0, -4.331917303826236e-17, -1.1712398707441946e-17, 4.331917303826236e-17, 1.0, -5.775889738434995e-17, 1.1712398707441946e-17, 5.775889738434995e-17, 1.0], "world_rotation": [-0.7896765794068324, 0.16013129347666225, -0.5922574345551229, -7.314247236221149e-17]}], "source": "action wait"}
{"timestamp": 1706031281.27528, "objects": [{"color": "cv_", "id_name": "hand", "shape": "CVCylinder", "id_string": "ob382", "world_size": [0.12, 0.005, 0.12], "id": 382, "camera_size": [49, 50], "camera_position": [246, 202], "world_position": [0.8304760002731381, 0.6882158795407072, -0.17408571332584435], "world_orientation": [-9.454815287959927e-06, 0.024355157049977687, 0.9997033691229001, -0.0007602036363298712, -0.9997030804735252, 0.024355142828073578, 0.9999997110004772, -0.0007597478630820567, 2.7966886921832902e-05], "world_rotation": [0.0, 1.0, 0.0, 0.0]}, {"color": "CVBlue", "id_name": "object278794388110085", "shape": "CVCylinder", "id_string": "ob1142", "world_size": [0.09, 0.09, 0.09], "id": 1142, "camera_size": [37, 37], "camera_position": [256, 254], "world_position": [0.705, 0.6448569696296074, -0.15], "world_orientation": [1.0, -4.331917303826236e-17, -1.1712398707441946e-17, 4.331917303826236e-17, 1.0, -5.775889738434995e-17, 1.1712398707441946e-17, 5.775889738434995e-17, 1.0], "world_rotation": [-0.7896765794068324, 0.16013129347666225, -0.5922574345551229, -7.314247236221149e-17]}], "source": "action wait"}
{"timestamp": 1706031281.311323, "objects": [{"color": "cv_", "id_name": "hand", "shape": "CVCylinder", "id_string": "ob382", "world_size": [0.12, 0.005, 0.12], "id": 382, "camera_size": [49, 50], "camera_position": [246, 199], "world_position": [0.8388927411119187, 0.6803974313787824, -0.1740893820061513], "world_orientation": [-1.0473272037810363e-05, 0.01665549050946544, 0.9998612876425409, -0.0007596937327752815, -0.9998609993025993, 0.01665547774877349, 0.9999997113778298, -0.0007594139165176371, 2.3124888002402412e-05], "world_rotation": [0.0, 1.0, 0.0, 0.0]}, {"color": "CVBlue", "id_name": "object278794388110085", "shape": "CVCylinder", "id_string": "ob1142", "world_size": [0.09, 0.09, 0.09], "id": 1142, "camera_size": [37, 37], "camera_position": [256, 254], "world_position": [0.705, 0.6448569696296074, -0.15], "world_orientation": [1.0, -4.331917303826236e-17, -1.1712398707441946e-17, 4.331917303826236e-17, 1.0, -5.775889738434995e-17, 1.1712398707441946e-17, 5.775889738434995e-17, 1.0], "world_rotation": [-0.7896765794068324, 0.16013129347666225, -0.5922574345551229, -7.314247236221149e-17]}], "source": "action wait"}
{"timestamp": 1706031281.352104, "objects": [{"color": "cv_", "id_name": "hand", "shape": "CVCylinder", "id_string": "ob382", "world_size": [0.12, 0.005, 0.12], "id": 382, "camera_size": [49, 49], "camera_position": [246, 197], "world_position": [0.8447666368337524, 0.6748150889901425, -0.17409249248565326], "world_orientation": [-1.0375124790576621e-05, 0.011228605969899717, 0.9999369571629652, -0.0007597623896647084, -0.9999366687040037, 0.011228594847577253, 0.9999997113266924, -0.0007595979940157804, 1.8905540225140358e-05], "world_rotation": [0.0, 1.0, 0.0, 0.0]}, {"color": "CVBlue", "id_name": "object278794388110085", "shape": "CVCylinder", "id_string": "ob1142", "world_size": [0.09, 0.09, 0.09], "id": 1142, "camera_size": [37, 37], "camera_position": [256, 254], "world_position": [0.705, 0.6448569696296074, -0.15], "world_orientation": [1.0, -4.331917303826236e-17, -1.1712398707441946e-17, 4.331917303826236e-17, 1.0, -5.775889738434995e-17, 1.1712398707441946e-17, 5.775889738434995e-17, 1.0], "world_rotation": [-0.7896765794068324, 0.16013129347666225, -0.5922574345551229, -7.314247236221149e-17]}], "source": "action wait"}
{"timestamp": 1706031281.384576, "objects": [{"color": "cv_", "id_name": "hand", "shape": "CVCylinder", "id_string": "ob382", "world_size": [0.12, 0.005, 0.12], "id": 382, "camera_size": [49, 49], "camera_position": [246, 196], "world_position": [0.8488773539523395, 0.6708503431590129, -0.17409504308450133], "world_orientation": [-9.766877363091291e-06, 0.007403757838611346, 0.999972591761632, -0.0007601198156656547, -0.9999723029811012, 0.007403748276291498, 0.9999997110611953, -0.0007600266706194797, 1.5394349893589598e-05], "world_rotation": [0.0, 1.0, 0.0, 0.0]}, {"color": "CVBlue", "id_name": "object278794388110085", "shape": "CVCylinder", "id_string": "ob1142", "world_size": [0.09, 0.09, 0.09], "id": 1142, "camera_size": [37, 37], "camera_position": [256, 254], "world_position": [0.705, 0.6448569696296074, -0.15], "world_orientation": [1.0, -4.331917303826236e-17, -1.1712398707441946e-17, 4.331917303826236e-17, 1.0, -5.775889738434995e-17, 1.1712398707441946e-17, 5.775889738434995e-17, 1.0], "world_rotation": [-0.7896765794068324, 0.16013129347666225, -0.5922574345551229, -7.314247236221149e-17]}], "source": "action wait"}
{"timestamp": 1706031281.415959, "objects": [{"color": "cv_", "id_name": "hand", "shape": "CVCylinder", "id_string": "ob382", "world_size": [0.12, 0.005, 0.12], "id": 382, "camera_size": [48, 49], "camera_position": [246, 195], "world_position": [0.8517601675465131, 0.6680442715970362, -0.17409708714137495], "world_orientation": [-8.960188334346774e-06, 0.0047080169654186346, 0.9999889171865699, -0.0007605859592973086, -0.99998862801646, 0.004708008788917168, 0.9999997107143149, -0.0007605353452199496, 1.254093803962957e-05], "world_rotation": [0.0, 1.0, 0.0, 0.0]}, {"color": "CVBlue", "id_name": "object278794388110085", "shape": "CVCylinder", "id_string": "ob1142", "world_size": [0.09, 0.09, 0.09], "id": 1142, "camera_size": [37, 37], "camera_position": [256, 254], "world_position": [0.705, 0.6448569696296074, -0.15], "world_orientation": [1.0, -4.331917303826236e-17, -1.1712398707441946e-17, 4.331917303826236e-17, 1.0, -5.775889738434995e-17, 1.1712398707441946e-17, 5.775889738434995e-17, 1.0], "world_rotation": [-0.7896765794068324, 0.16013129347666225, -0.5922574345551229, -7.314247236221149e-17]}], "source": "action wait"}
{"timestamp": 1706031281.44429, "objects": [{"color": "cv_", "id_name": "hand", "shape": "CVCylinder", "id_string": "ob382", "world_size": [0.12, 0.005, 0.12], "id": 382, "camera_size": [48, 49], "camera_position": [246, 194], "world_position": [0.8537849869635116, 0.6660628062756325, -0.17409869839164135], "world_orientation": [-8.140079911351335e-06, 0.0028080334583705513, 0.9999960574331461, -0.0007610594125472323, -0.9999957678790574, 0.002808026450181208, 0.999999710361113, -0.0007610335544603092, 1.0277125756154078e-05], "world_rotation": [0.0, 1.0, 0.0, 0.0]}, {"color": "CVBlue", "id_name": "object278794388110085", "shape": "CVCylinder", "id_string": "ob1142", "world_size": [0.09, 0.09, 0.09], "id": 1142, "camera_size": [37, 37], "camera_position": [256, 254], "world_position": [0.705, 0.6448569696296074, -0.15], "world_orientation": [1.0, -4.331917303826236e-17, -1.1712398707441946e-17, 4.331917303826236e-17, 1.0, -5.775889738434995e-17, 1.1712398707441946e-17, 5.775889738434995e-17, 1.0], "world_rotation": [-0.7896765794068324, 0.16013129347666225, -0.5922574345551229, -7.314247236221149e-17]}], "source": "action wait"}
{"timestamp": 1706031281.478072, "objects": [{"color": "cv_", "id_name": "hand", "shape": "CVCylinder", "id_string": "ob382", "world_size": [0.12, 0.005, 0.12], "id": 382, "camera_size": [48, 48], "camera_position": [246, 193], "world_position": [0.8552087806969444, 0.6646657025470969, -0.17409995285662117], "world_orientation": [-7.38554046809207e-06, 0.0014688731622068461, 0.9999989211779617, -0.000761489388257964, -0.9999986312807223, 0.001468867112367705, 0.9999997100396407, -0.0007614777183692512, 8.504061685443166e-06], "world_rotation": [0.0, 1.0, 0.0, 0.0]}, {"color": "CVBlue", "id_name": "object278794388110085", "shape": "CVCylinder", "id_string": "ob1142", "world_size": [0.09, 0.09, 0.09], "id": 1142, "camera_size": [37, 37], "camera_position": [256, 254], "world_position": [0.705, 0.6448569696296074, -0.15], "world_orientation": [1.0, -4.331917303826236e-17, -1.1712398707441946e-17, 4.331917303826236e-17, 1.0, -5.775889738434995e-17, 1.1712398707441946e-17, 5.775889738434995e-17, 1.0], "world_rotation": [-0.7896765794068324, 0.16013129347666225, -0.5922574345551229, -7.314247236221149e-17]}], "source": "action wait"}
{"timestamp": 1706031281.510358, "objects": [{"color": "cv_", "id_name": "hand", "shape": "CVCylinder", "id_string": "ob382", "world_size": [0.12, 0.005, 0.12], "id": 382, "camera_size": [48, 49], "camera_position": [246, 193], "world_position": [0.8562107754847275, 0.6636815494984294, -0.1741009202456841], "world_orientation": [-6.731411155174511e-06, 0.0005249697877295629, 0.9999998621806956, -0.0007618556458989584, -0.999999571994029, 0.000524964507026331, 0.9999997097652893, -0.0007618520071489296, 7.131359471163308e-06], "world_rotation": [0.0, 1.0, 0.0, 0.0]}, {"color": "CVBlue", "id_name": "object278794388110085", "shape": "CVCylinder", "id_string": "ob1142", "world_size": [0.09, 0.09, 0.09], "id": 1142, "camera_size": [37, 37], "camera_position": [256, 254], "world_position": [0.705, 0.6448569696296074, -0.15], "world_orientation": [1.0, -4.331917303826236e-17, -1.1712398707441946e-17, 4.331917303826236e-17, 1.0, -5.775889738434995e-17, 1.1712398707441946e-17, 5.775889738434995e-17, 1.0], "world_rotation": [-0.7896765794068324, 0.16013129347666225, -0.5922574345551229, -7.314247236221149e-17]}], "source": "action wait"}
{"timestamp": 1706031281.544179, "objects": [{"color": "cv_", "id_name": "hand", "shape": "CVCylinder", "id_string": "ob382", "world_size": [0.12, 0.005, 0.12], "id": 382, "camera_size": [48, 49], "camera_position": [246, 193], "world_position": [0.8569163513902837, 0.6629886828150159, -0.17410166060523444], "world_orientation": [-6.185441956503786e-06, -0.00014035677523332272, 0.999999990130858, -0.0007621549132771207, -0.999999699709231, -0.00014036144873534172, 0.9999997095407721, -0.0007621557739532281, 6.078466493581309e-06], "world_rotation": [0.0, 1.0, 0.0, 0.0]}, {"color": "CVBlue", "id_name": "object278794388110085", "shape": "CVCylinder", "id_string": "ob1142", "world_size": [0.09, 0.09, 0.09], "id": 1142, "camera_size": [37, 37], "camera_position": [256, 254], "world_position": [0.705, 0.6448569696296074, -0.15], "world_orientation": [1.0, -4.331917303826236e-17, -1.1712398707441946e-17, 4.331917303826236e-17, 1.0, -5.775889738434995e-17, 1.1712398707441946e-17, 5.775889738434995e-17, 1.0], "world_rotation": [-0.7896765794068324, 0.16013129347666225, -0.5922574345551229, -7.314247236221149e-17]}], "source": "action wait"}
{"timestamp": 1706031281.578917, "objects": [{"color": "cv_", "id_name": "hand", "shape": "CVCylinder", "id_string": "ob382", "world_size": [0.12, 0.005, 0.12], "id": 382, "camera_size": [48, 48], "camera_position": [246, 192], "world_position": [0.8574134138807918, 0.6625010432083435, -0.17410222371448877], "world_orientation": [-5.7416007494210095e-06, -0.0006093365358762416, 0.9999998143379928, -0.0007623924218224473, -0.9999995237307178, -0.0006093407361520036, 0.9999997093623725, -0.0007623957788667003, 5.2770444579455965e-06], "world_rotation": [0.0, 1.0, 0.0, 0.0]}, {"color": "CVBlue", "id_name": "object278794388110085", "shape": "CVCylinder", "id_string": "ob1142", "world_size": [0.09, 0.09, 0.09], "id": 1142, "camera_size": [37, 37], "camera_position": [256, 254], "world_position": [0.705, 0.6448569696296074, -0.15], "world_orientation": [1.0, -4.331917303826236e-17, -1.1712398707441946e-17, 4.331917303826236e-17, 1.0, -5.775889738434995e-17, 1.1712398707441946e-17, 5.775889738434995e-17, 1.0], "world_rotation": [-0.7896765794068324, 0.16013129347666225, -0.5922574345551229, -7.314247236221149e-17]}], "source": "action wait"}
{"timestamp": 1706031281.615541, "objects": [{"color": "cv_", "id_name": "hand", "shape": "CVCylinder", "id_string": "ob382", "world_size": [0.12, 0.005, 0.12], "id": 382, "camera_size": [48, 48], "camera_position": [246, 192], "world_position": [0.8577636944126027, 0.6621578932599841, -0.1741026498009364], "world_orientation": [-5.387671228654455e-06, -0.0009399226086270231, 0.9999995582581339, -0.0007625769167430538, -0.9999992675070948, -0.0009399264438586061, 0.9999997092236672, -0.0007625816438959015, 4.670903997723697e-06], "world_rotation": [0.0, 1.0, 0.0, 0.0]}, {"color": "CVBlue", "id_name": "object278794388110085", "shape": "CVCylinder", "id_string": "ob1142", "world_size": [0.09, 0.09, 0.09], "id": 1142, "camera_size": [37, 37], "camera_position": [256, 254], "world_position": [0.705, 0.6448569696296074, -0.15], "world_orientation": [1.0, -4.331917303826236e-17, -1.1712398707441946e-17, 4.331917303826236e-17, 1.0, -5.775889738434995e-17, 1.1712398707441946e-17, 5.775889738434995e-17, 1.0], "world_rotation": [-0.7896765794068324, 0.16013129347666225, -0.5922574345551229, -7.314247236221149e-17]}], "source": "action wait"}
{"timestamp": 1706031281.648372, "objects": [{"color": "cv_", "id_name": "hand", "shape": "CVCylinder", "id_string": "ob382", "world_size": [0.12, 0.005, 0.12], "id": 382, "camera_size": [48, 48], "camera_position": [246, 192], "world_position": [0.858010594867707, 0.6619164287720716, -0.17410297079163684], "world_orientation": [-5.109538775951221e-06, -0.0011729598934538319, 0.999999312069254, -0.0007627179053353581, -0.9999990212085926, -0.0011729634494247775, 0.9999997091176026, -0.0007627233739408676, 4.2148962621648575e-06], "world_rotation": [0.0, 1.0, 0.0, 0.0]}, {"color": "CVBlue", "id_name": "object278794388110085", "shape": "CVCylinder", "id_string": "ob1142", "world_size": [0.09, 0.09, 0.09], "id": 1142, "camera_size": [37, 37], "camera_position": [256, 254], "world_position": [0.705, 0.6448569696296074, -0.15], "world_orientation": [1.0, -4.331917303826236e-17, -1.1712398707441946e-17, 4.331917303826236e-17, 1.0, -5.775889738434995e-17, 1.1712398707441946e-17, 5.775889738434995e-17, 1.0], "world_rotation": [-0.7896765794068324, 0.16013129347666225, -0.5922574345551229, -7.314247236221149e-17]}], "source": "action wait"}
{"timestamp": 1706031283.556169, "objects": [{"color": "cv_", "id_name": "hand", "shape": "CVCylinder", "id_string": "ob382", "world_size": [0.12, 0.005, 0.12], "id": 382, "camera_size": [48, 48], "camera_position": [246, 192], "world_position": [0.8586009833813123, 0.661342484784761, -0.1741039079448359], "world_orientation": [-4.218199507548734e-06, -0.0017297778625459071, 0.9999985039242574, -0.0007631197399984605, -0.9999982127521104, -0.0017297805778776925, 0.9999997088151922, -0.0007631258948734755, 2.8981643362230685e-06], "world_rotation": [0.0, 1.0, 0.0, 0.0]}, {"color": "CVBlue", "id_name": "object278794388110085", "shape": "CVCylinder", "id_string": "ob1142", "world_size": [0.09, 0.09, 0.09], "id": 1142, "camera_size": [37, 37], "camera_position": [256, 254], "world_position": [0.705, 0.6448569696296074, -0.15], "world_orientation": [1.0, -4.331917303826236e-17, -1.1712398707441946e-17, 4.331917303826236e-17, 1.0, -5.775889738434995e-17, 1.1712398707441946e-17, 5.775889738434995e-17, 1.0], "world_rotation": [-0.7896765794068324, 0.16013129347666225, -0.5922574345551229, -7.314247236221149e-17]}], "source": "action wait"}
{"timestamp": 1706031283.593273, "objects": [{"color": "cv_", "id_name": "hand", "shape": "CVCylinder", "id_string": "ob382", "world_size": [0.12, 0.005, 0.12], "id": 382, "camera_size": [48, 48], "camera_position": [246, 205], "world_position": [0.8257621796203404, 0.6485000501092024, -0.17408802288684236], "world_orientation": [-4.6122157933581845e-05, -0.022578621105215982, 0.9997450693760555, -0.0007600697975214724, -0.9997447808684399, -0.022578649654448755, 0.9999997100832828, -0.0007609174084994105, 2.8949058705088835e-05], "world_rotation": [0.0, 1.0, 0.0, 0.0]}, {"color": "CVBlue", "id_name": "object278794388110085", "shape": "CVCylinder", "id_string": "ob1142", "world_size": [0.09, 0.09, 0.09], "id": 1142, "camera_size": [37, 37], "camera_position": [256, 254], "world_position": [0.705, 0.6448569696296074, -0.15], "world_orientation": [1.0, -4.331917303826236e-17, -1.1712398707441946e-17, 4.331917303826236e-17, 1.0, -5.775889738434995e-17, 1.1712398707441946e-17, 5.775889738434995e-17, 1.0], "world_rotation": [-0.7896765794068324, 0.16013129347666225, -0.5922574345551229, -7.314247236221149e-17]}], "source": "action wait"}
{"timestamp": 1706031283.623595, "objects": [{"color": "cv_", "id_name": "hand", "shape": "CVCylinder", "id_string": "ob382", "world_size": [0.12, 0.005, 0.12], "id": 382, "camera_size": [48, 48], "camera_position": [246, 219], "world_position": [0.7916239961429132, 0.6551732759252132, -0.17409741831857742], "world_orientation": [-3.341196069842998e-05, -0.016443786291524386, 0.9998647912473165, -0.0007579450041262521, -0.9998645041874722, -0.016443806898388116, 0.9999997122014646, -0.0007583919431578427, 2.094394784944749e-05], "world_rotation": [0.0, 1.0, 0.0, 0.0]}, {"color": "CVBlue", "id_name": "object278794388110085", "shape": "CVCylinder", "id_string": "ob1142", "world_size": [0.09, 0.09, 0.09], "id": 1142, "camera_size": [37, 38], "camera_position": [256, 263], "world_position": [0.6806730632594945, 0.6461828409035805, -0.1500034246782798], "world_orientation": [0.9994953177309253, -0.03176636434557932, 8.905178776869949e-05, 0.031766364910736006, 0.9994953216678738, -4.938799388671984e-06, -8.88499575601652e-05, 7.765158450404227e-06, 0.9999999960226938], "world_rotation": [0.00019995847697605354, 0.002800147993086246, 0.9999960595861486, 0.0317718348752468]}], "source": "action wait"}
{"timestamp": 1706031283.644224, "objects": [{"color": "cv_", "id_name": "hand", "shape": "CVCylinder", "id_string": "ob382", "world_size": [0.12, 0.005, 0.12], "id": 382, "camera_size": [48, 49], "camera_position": [246, 229], "world_position": [0.7670894521866313, 0.6585399487257855, -0.1741035533676869], "world_orientation": [-1.7222023414401327e-05, -0.012049438659942577, 0.9999274027305093, -0.0007618641660093503, -0.9999271125232221, -0.01204944828464853, 0.9999997096331551, -0.0007620163726320333, 8.040732609391611e-06], "world_rotation": [0.0, 1.0, 0.0, 0.0]}, {"color": "CVBlue", "id_name": "object278794388110085", "shape": "CVCylinder", "id_string": "ob1142", "world_size": [0.09, 0.09, 0.09], "id": 1142, "camera_size": [37, 39], "camera_position": [256, 282], "world_position": [0.6355056523981321, 0.6466800417229017, -0.15000355837637913], "world_orientation": [0.999076590704368, -0.04296461152664976, 8.979365828610374e-05, 0.042964611853728185, 0.9990765947240052, -1.7158698214308053e-06, -8.963702066798343e-05, 5.5722350464763265e-06, 0.9999999959670773], "world_rotation": [8.48150217824649e-05, 0.0020881171744587595, 0.9999978162841545, 0.0429779350691243]}], "source": "action wait"}
{"timestamp": 1706031283.672546, "objects": [{"color": "cv_", "id_name": "hand", "shape": "CVCylinder", "id_string": "ob382", "world_size": [0.12, 0.005, 0.12], "id": 382, "camera_size": [48, 49], "camera_position": [246, 236], "world_position": [0.7497346012069334, 0.6601588536983337, -0.17410662997208792], "world_orientation": [-8.244562042495223e-06, -0.008966718778206999, 0.999959798135095, -0.0007633653106030545, -0.9999595067610192, -0.008966722459297888, 0.9999997086026724, -0.0007634085485939482, 1.399346128624426e-06], "world_rotation": [0.0, 1.0, 0.0, 0.0]}, {"color": "CVBlue", "id_name": "object278794388110085", "shape": "CVCylinder", "id_string": "ob1142", "world_size": [0.09, 0.09, 0.09], "id": 1142, "camera_size": [37, 39], "camera_position": [256, 298], "world_position": [0.5945619516126678, 0.6439795127450431, -0.15000394207273587], "world_orientation": [0.999820297680006, 0.01895689590285367, 9.18955547560622e-05, -0.018956895880114455, 0.9998203019029667, -1.118545527746365e-06, -9.190024545087882e-05, -6.237099408362154e-07, 0.999999995776978], "world_rotation": [1.3051445114386256e-05, 0.004847672362519791, -0.99998824988213, 0.018958254267559805]}], "source": "action wait"}
{"timestamp": 1706031283.702189, "objects": [{"color": "cv_", "id_name": "hand", "shape": "CVCylinder", "id_string": "ob382", "world_size": [0.12, 0.005, 0.12], "id": 382, "camera_size": [48, 49], "camera_position": [246, 241], "world_position": [0.7374918797680707, 0.6609298271601426, -0.17410794440127478], "world_orientation": [-3.3399397403770475e-06, -0.006803170472058899, 0.9999768581624141, -0.0007638010245568978, -0.9999765664613418, -0.006803171038628905, 0.9999997082983774, -0.000763806070979335, -1.8564071026665254e-06], "world_rotation": [0.0, 1.0, 0.0, 0.0]}, {"color": "CVBlue", "id_name": "object278794388110085", "shape": "CVCylinder", "id_string": "ob1142", "world_size": [0.09, 0.09, 0.09], "id": 1142, "camera_size": [37, 40], "camera_position": [256, 309], "world_position": [0.5666131553386117, 0.6452179857275764, -0.150003845049895], "world_orientation": [0.9999530732981206, -0.009687247158531, 9.189196454115169e-05, 0.009687247258483564, 0.9999530775192104, -6.426800564398103e-07, -9.188142694166022e-05, 1.5328300791620132e-06, 0.9999999957777269], "world_rotation": [0.00011228227249789428, 0.009484899050873444, 0.9999550110293394, 0.009687834587246848]}], "source": "action wait"}
{"timestamp": 1706031283.736489, "objects": [{"color": "cv_", "id_name": "hand", "shape": "CVCylinder", "id_string": "ob382", "world_size": [0.12, 0.005, 0.12], "id": 382, "camera_size": [48, 48], "camera_position": [246, 244], "world_position": [0.7288659231705977, 0.6612930890708266, -0.17410827585855576], "world_orientation": [-9.325607918968332e-07, -0.005283909622080541, 0.999986040051678, -0.0007638147814396747, -0.9999857483458685, -0.005283908793025189, 0.9999997082930124, -0.0007638090461913266, -3.1033807714131992e-06], "world_rotation": [0.0, 1.0, 0.0, 0.0]}, {"color": "CVBlue", "id_name": "object278794388110085", "shape": "CVCylinder", "id_string": "ob1142", "world_size": [0.09, 0.09, 0.09], "id": 1142, "camera_size": [37, 39], "camera_position": [256, 318], "world_position": [0.5456159923824208, 0.6449556270015029, -0.1500038873909156], "world_orientation": [0.999991175589155, -0.00420003181654312, 9.206823586958225e-05, 0.004200031870824638, 0.999991179827166, -3.9624153673644233e-07, -9.206575958476803e-05, 7.82927565079839e-07, 0.9999999957616414], "world_rotation": [0.00014034249436993933, 0.021915282702508296, 0.999759821501171, 0.004201053200647812]}], "source": "action wait"}
{"timestamp": 1706031283.775548, "objects": [{"color": "cv_", "id_name": "hand", "shape": "CVCylinder", "id_string": "ob382", "world_size": [0.12, 0.005, 0.12], "id": 382, "camera_size": [48, 48], "camera_position": [246, 246], "world_position": [0.7227914719751339, 0.6614621385691886, -0.17410809125948937], "world_orientation": [-1.652858649368266e-07, -0.004216615110941262, 0.9999911100389738, -0.0007636904477453349, -0.999990818429455, -0.004216614007553226, 0.9999997083883939, -0.0007636843555140909, -3.0549043343338026e-06], "world_rotation": [0.0, 1.0, 0.0, 0.0]}, {"color": "CVBlue", "id_name": "object278794388110085", "shape": "CVCylinder", "id_string": "ob1142", "world_size": [0.09, 0.09, 0.09], "id": 1142, "camera_size": [37, 40], "camera_position": [256, 322], "world_position": [0.5333678165930499, 0.644627034928657, -0.15000393253371824], "world_orientation": [0.9999959659200439, 0.0028389505886696888, 9.22127618691195e-05, -0.002838950582333011, 0.9999959701716559, -1.9961194282858005e-07, -9.221295695596063e-05, -6.217633642710989e-08, 0.9999999957483834], "world_rotation": [2.4192595076873582e-05, 0.032464197991480453, -0.9994728987138611, 0.0028404516087215687]}], "source": "action wait"}
