{"timestamp": 1706068344.081805, "objects": [{"color": "cv_", "id_name": "hand", "shape": "CVCylinder", "id_string": "ob383", "world_size": [0.12, 0.005, 0.12], "id": 383, "camera_size": [48, 50], "camera_position": [246, 426], "world_position": [0.26764451554004726, 0.6334703013847364, -0.1738926040084748], "world_orientation": [-0.0006415490102679584, 0.1979154748665402, 0.9802188802625766, -0.0007473670928451401, -0.9802189031249421, 0.1979149903341443, 0.9999995149285305, -0.0006056111687279799, 0.0007767739802262518], "world_rotation": [0.0, 1.0, 0.0, 0.0]}, {"color": "CVPurple", "id_name": "object224818590141921", "shape": "CVSphere", "id_string": "ob786", "world_size": [0.11, 0.11, 0.11], "id": 786, "camera_size": [45, 45], "camera_position": [256, 254], "world_position": [0.705, 0.654738849708696, -0.15], "world_orientation": [1.0, -5.1619362862653347e-17, 1.4541359828532488e-17, 5.1619362862653347e-17, 1.0, 2.3824321321224633e-17, -1.4541359828532488e-17, -2.3824321321224633e-17, 1.0], "world_rotation": [-0.4059884517598224, 0.2477982093873522, 0.8796416454796148, 5.868226354211375e-17]}], "source": "manual check"}
{"timestamp": 1706068345.099785, "objects": [{"color": "cv_", "id_name": "hand", "shape": "CVCylinder", "id_string": "ob383", "world_size": [0.12, 0.005, 0.12], "id": 383, "camera_size": [48, 50], "camera_position": [246, 426], "world_position": [0.26764451554004726, 0.6334703013847364, -0.1738926040084748], "world_orientation": [-0.0006415490102679584, 0.1979154748665402, 0.9802188802625766, -0.0007473670928451401, -0.9802189031249421, 0.1979149903341443, 0.9999995149285305, -0.0006056111687279799, 0.0007767739802262518], "world_rotation": [0.0, 1.0, 0.0, 0.0]}, {"color": "CVPurple", "id_name": "object224818590141921", "shape": "CVSphere", "id_string": "ob786", "world_size": [0.11, 0.11, 0.11], "id": 786, "camera_size": [45, 45], "camera_position": [256, 254], "world_position": [0.705, 0.6547388572526824, -0.15], "world_orientation": [1.0, -3.838362879530641e-17, 1.4813540171849057e-17, 3.838362879530641e-17, 1.0, 5.294293626938881e-18, -1.4813540171849057e-17, -5.294293626938881e-18, 1.0], "world_rotation": [-0.1276280613210114, 0.35710588544125776, 0.925303444577321, 4.1482206750932463e-17]}], "source": "manual check"}
{"timestamp": 1706068346.540243, "objects": [{"color": "cv_", "id_name": "hand", "shape": "CVCylinder", "id_string": "ob383", "world_size": [0.12, 0.005, 0.12], "id": 383, "camera_size": [48, 50], "camera_position": [246, 426], "world_position": [0.26764451554004726, 0.6334703013847364, -0.1738926040084748], "world_orientation": [-0.0006415490102679584, 0.1979154748665402, 0.9802188802625766, -0.0007473670928451401, -0.9802189031249421, 0.1979149903341443, 0.9999995149285305, -0.0006056111687279799, 0.0007767739802262518], "world_rotation": [0.0, 1.0, 0.0, 0.0]}, {"color": "CVPurple", "id_name": "object224818590141921", "shape": "CVSphere", "id_string": "ob786", "world_size": [0.11, 0.11, 0.11], "id": 786, "camera_size": [45, 45], "camera_position": [256, 254], "world_position": [0.705, 0.6547388572526824, -0.15], "world_orientation": [1.0, -3.838362879530641e-17, 1.4813540171849057e-17, 3.838362879530641e-17, 1.0, 5.294293626938881e-18, -1.4813540171849057e-17, -5.294293626938881e-18, 1.0], "world_rotation": [-0.1276280613210114, 0.35710588544125776, 0.925303444577321, 4.1482206750932463e-17]}], "source": "action wait"}
{"timestamp": 1706068346.571169, "objects": [{"color": "cv_", "id_name": "hand", "shape": "CVCylinder", "id_string": "ob383", "world_size": [0.12, 0.005, 0.12], "id": 383, "camera_size": [49, 51], "camera_position": [246, 421], "world_position": [0.29165726948346965, 0.6683010505829433, -0.1739558429087268], "world_orientation": [-0.00037885788700820644, 0.20321401509362458, 0.979134270943587, -0.0007138502308097595, -0.9791341466968096, 0.2032137130957421, 0.9999996734422214, -0.0006219661073525609, 0.0005160170654939289], "world_rotation": [0.0, 1.0, 0.0, 0.0]}, {"color": "CVPurple", "id_name": "object224818590141921", "shape": "CVSphere", "id_string": "ob786", "world_size": [0.11, 0.11, 0.11], "id": 786, "camera_size": [45, 45], "camera_position": [256, 254], "world_position": [0.705, 0.6547388572526824, -0.15], "world_orientation": [1.0, -3.838362879530641e-17, 1.4813540171849057e-17, 3.838362879530641e-17, 1.0, 5.294293626938881e-18, -1.4813540171849057e-17, -5.294293626938881e-18, 1.0], "world_rotation": [-0.1276280613210114, 0.35710588544125776, 0.925303444577321, 4.1482206750932463e-17]}], "source": "action wait"}
{"timestamp": 1706068346.604872, "objects": [{"color": "cv_", "id_name": "hand", "shape": "CVCylinder", "id_string": "ob383", "world_size": [0.12, 0.005, 0.12], "id": 383, "camera_size": [51, 52], "camera_position": [246, 406], "world_position": [0.33807976497745895, 0.7068577328789212, -0.1739836019613665], "world_orientation": [-0.00021624101561713838, 0.19543897777432637, 0.9807158401934525, -0.0007297248609032232, -0.9807156328474063, 0.19543877555474767, 0.9999997103706835, -0.0006733908507541152, 0.0003546876253503948], "world_rotation": [0.0, 1.0, 0.0, 0.0]}, {"color": "CVPurple", "id_name": "object224818590141921", "shape": "CVSphere", "id_string": "ob786", "world_size": [0.11, 0.11, 0.11], "id": 786, "camera_size": [45, 45], "camera_position": [256, 254], "world_position": [0.705, 0.6547388572526824, -0.15], "world_orientation": [1.0, -3.838362879530641e-17, 1.4813540171849057e-17, 3.838362879530641e-17, 1.0, 5.294293626938881e-18, -1.4813540171849057e-17, -5.294293626938881e-18, 1.0], "world_rotation": [-0.1276280613210114, 0.35710588544125776, 0.925303444577321, 4.1482206750932463e-17]}], "source": "action wait"}
{"timestamp": 1706068346.640217, "objects": [{"color": "cv_", "id_name": "hand", "shape": "CVCylinder", "id_string": "ob383", "world_size": [0.12, 0.005, 0.12], "id": 383, "camera_size": [51, 53], "camera_position": [246, 388], "world_position": [0.3889225161659167, 0.7404406772972724, -0.17400416371286537], "world_orientation": [-0.00011052111825934562, 0.1898811344920098, 0.9818070801074463, -0.0007407100162472945, -0.9818068323133199, 0.1898810031876714, 0.9999997195668379, -0.000706248477449875, 0.00024915724723699196], "world_rotation": [0.0, 1.0, 0.0, 0.0]}, {"color": "CVPurple", "id_name": "object224818590141921", "shape": "CVSphere", "id_string": "ob786", "world_size": [0.11, 0.11, 0.11], "id": 786, "camera_size": [45, 45], "camera_position": [256, 254], "world_position": [0.705, 0.6547388572526824, -0.15], "world_orientation": [1.0, -3.838362879530641e-17, 1.4813540171849057e-17, 3.838362879530641e-17, 1.0, 5.294293626938881e-18, -1.4813540171849057e-17, -5.294293626938881e-18, 1.0], "world_rotation": [-0.1276280613210114, 0.35710588544125776, 0.925303444577321, 4.1482206750932463e-17]}], "source": "action wait"}
{"timestamp": 1706068346.681174, "objects": [{"color": "cv_", "id_name": "hand", "shape": "CVCylinder", "id_string": "ob383", "world_size": [0.12, 0.005, 0.12], "id": 383, "camera_size": [52, 53], "camera_position": [245, 367], "world_position": [0.44324083920036184, 0.7686739701938199, -0.17402274250942895], "world_orientation": [-3.610613629113895e-05, 0.18595606516608712, 0.9825580596200373, -0.0007479505975779188, -0.9825577904460371, 0.1859559867380054, 0.9999997196330861, -0.000728190735646783, 0.00017456231556040388], "world_rotation": [0.0, 1.0, 0.0, 0.0]}, {"color": "CVPurple", "id_name": "object224818590141921", "shape": "CVSphere", "id_string": "ob786", "world_size": [0.11, 0.11, 0.11], "id": 786, "camera_size": [45, 45], "camera_position": [256, 254], "world_position": [0.705, 0.6547388572526824, -0.15], "world_orientation": [1.0, -3.838362879530641e-17, 1.4813540171849057e-17, 3.838362879530641e-17, 1.0, 5.294293626938881e-18, -1.4813540171849057e-17, -5.294293626938881e-18, 1.0], "world_rotation": [-0.1276280613210114, 0.35710588544125776, 0.925303444577321, 4.1482206750932463e-17]}], "source": "action wait"}
{"timestamp": 1706068346.709181, "objects": [{"color": "cv_", "id_name": "hand", "shape": "CVCylinder", "id_string": "ob383", "world_size": [0.12, 0.005, 0.12], "id": 383, "camera_size": [53, 54], "camera_position": [245, 343], "world_position": [0.5003666108425581, 0.7912758463732352, -0.17403895252960427], "world_orientation": [1.6182856033633053e-05, 0.18318346128340326, 0.9830787451930527, -0.0007528088742103677, -0.9830784645243059, 0.18318342137685997, 0.9999997165084169, -0.0007430348343650865, 0.00012199311800198042], "world_rotation": [0.0, 1.0, 0.0, 0.0]}, {"color": "CVPurple", "id_name": "object224818590141921", "shape": "CVSphere", "id_string": "ob786", "world_size": [0.11, 0.11, 0.11], "id": 786, "camera_size": [45, 45], "camera_position": [256, 254], "world_position": [0.705, 0.6547388572526824, -0.15], "world_orientation": [1.0, -3.838362879530641e-17, 1.4813540171849057e-17, 3.838362879530641e-17, 1.0, 5.294293626938881e-18, -1.4813540171849057e-17, -5.294293626938881e-18, 1.0], "world_rotation": [-0.1276280613210114, 0.35710588544125776, 0.925303444577321, 4.1482206750932463e-17]}], "source": "action wait"}
{"timestamp": 1706068346.740417, "objects": [{"color": "cv_", "id_name": "hand", "shape": "CVCylinder", "id_string": "ob383", "world_size": [0.12, 0.005, 0.12], "id": 383, "camera_size": [54, 54], "camera_position": [245, 318], "world_position": [0.5596433656117523, 0.8080153062528903, -0.17405264501255382], "world_orientation": [5.278467270544031e-05, 0.18122354509547364, 0.9834419270688063, -0.000756131916385266, -0.983441640071464, 0.1812235327932731, 0.9999997127391106, -0.0007531776538334621, 8.511826135152268e-05], "world_rotation": [0.0, 1.0, 0.0, 0.0]}, {"color": "CVPurple", "id_name": "object224818590141921", "shape": "CVSphere", "id_string": "ob786", "world_size": [0.11, 0.11, 0.11], "id": 786, "camera_size": [45, 45], "camera_position": [256, 254], "world_position": [0.705, 0.6547388572526824, -0.15], "world_orientation": [1.0, -3.838362879530641e-17, 1.4813540171849057e-17, 3.838362879530641e-17, 1.0, 5.294293626938881e-18, -1.4813540171849057e-17, -5.294293626938881e-18, 1.0], "world_rotation": [-0.1276280613210114, 0.35710588544125776, 0.925303444577321, 4.1482206750932463e-17]}], "source": "action wait"}
{"timestamp": 1706068346.774309, "objects": [{"color": "cv_", "id_name": "hand", "shape": "CVCylinder", "id_string": "ob383", "world_size": [0.12, 0.005, 0.12], "id": 383, "camera_size": [54, 54], "camera_position": [245, 291], "world_position": [0.6205703093856973, 0.8141964336178966, -0.1740632564210161], "world_orientation": [7.418060896644225e-05, 0.17337296934945443, 0.9848562372225657, -0.0007643018819509709, -0.9848559424471037, 0.1733729750256963, 0.9999997051698919, -0.0007655883884263973, 5.945207319869235e-05], "world_rotation": [0.0, 1.0, 0.0, 0.0]}, {"color": "CVPurple", "id_name": "object224818590141921", "shape": "CVSphere", "id_string": "ob786", "world_size": [0.11, 0.11, 0.11], "id": 786, "camera_size": [45, 45], "camera_position": [256, 254], "world_position": [0.705, 0.6547388572526824, -0.15], "world_orientation": [1.0, -3.838362879530641e-17, 1.4813540171849057e-17, 3.838362879530641e-17, 1.0, 5.294293626938881e-18, -1.4813540171849057e-17, -5.294293626938881e-18, 1.0], "world_rotation": [-0.1276280613210114, 0.35710588544125776, 0.925303444577321, 4.1482206750932463e-17]}], "source": "action wait"}
{"timestamp": 1706068346.805449, "objects": [{"color": "cv_", "id_name": "hand", "shape": "CVCylinder", "id_string": "ob383", "world_size": [0.12, 0.005, 0.12], "id": 383, "camera_size": [53, 53], "camera_position": [245, 264], "world_position": [0.6826709574620855, 0.7958626843089267, -0.17407094752482188], "world_orientation": [6.708467092474955e-05, 0.13982519601840618, 0.9901762015207503, -0.0007772591978588219, -0.9901758973594886, 0.13982520572654675, 0.9999996956838468, -0.0007790036880463846, 4.2254795466151044e-05], "world_rotation": [0.0, 1.0, 0.0, 0.0]}, {"color": "CVPurple", "id_name": "object224818590141921", "shape": "CVSphere", "id_string": "ob786", "world_size": [0.11, 0.11, 0.11], "id": 786, "camera_size": [45, 45], "camera_position": [256, 254], "world_position": [0.705, 0.6547388572526824, -0.15], "world_orientation": [1.0, -3.838362879530641e-17, 1.4813540171849057e-17, 3.838362879530641e-17, 1.0, 5.294293626938881e-18, -1.4813540171849057e-17, -5.294293626938881e-18, 1.0], "world_rotation": [-0.1276280613210114, 0.35710588544125776, 0.925303444577321, 4.1482206750932463e-17]}], "source": "action wait"}
{"timestamp": 1706068346.839618, "objects": [{"color": "cv_", "id_name": "hand", "shape": "CVCylinder", "id_string": "ob383", "world_size": [0.12, 0.005, 0.12], "id": 383, "camera_size": [52, 52], "camera_position": [245, 239], "world_position": [0.7370279591416455, 0.765679488774564, -0.17407265670031918], "world_orientation": [3.5722742556202786e-05, 0.09827222172660975, 0.9951595696976449, -0.0007769613288289438, -0.995159267231559, 0.098272219748209, 0.999999697527444, -0.0007767110548759373, 4.080389767434518e-05], "world_rotation": [0.0, 1.0, 0.0, 0.0]}, {"color": "CVPurple", "id_name": "object224818590141921", "shape": "CVSphere", "id_string": "ob786", "world_size": [0.11, 0.11, 0.11], "id": 786, "camera_size": [45, 45], "camera_position": [256, 254], "world_position": [0.705, 0.6547388572526824, -0.15], "world_orientation": [1.0, -3.838362879530641e-17, 1.4813540171849057e-17, 3.838362879530641e-17, 1.0, 5.294293626938881e-18, -1.4813540171849057e-17, -5.294293626938881e-18, 1.0], "world_rotation": [-0.1276280613210114, 0.35710588544125776, 0.925303444577321, 4.1482206750932463e-17]}], "source": "action wait"}
{"timestamp": 1706068346.867601, "objects": [{"color": "cv_", "id_name": "hand", "shape": "CVCylinder", "id_string": "ob383", "world_size": [0.12, 0.005, 0.12], "id": 383, "camera_size": [51, 51], "camera_position": [246, 224], "world_position": [0.7744143340163099, 0.7408488928373169, -0.17407408596290397], "world_orientation": [1.1531983561230332e-05, 0.06880198290841594, 0.9976303358533579, -0.0007702316268250583, -0.99763003938306, 0.06880197136561791, 0.9999997033050834, -0.0007691998597574648, 4.1488810010372524e-05], "world_rotation": [0.0, 1.0, 0.0, 0.0]}, {"color": "CVPurple", "id_name": "object224818590141921", "shape": "CVSphere", "id_string": "ob786", "world_size": [0.11, 0.11, 0.11], "id": 786, "camera_size": [45, 45], "camera_position": [256, 254], "world_position": [0.705, 0.6547388572526824, -0.15], "world_orientation": [1.0, -3.838362879530641e-17, 1.4813540171849057e-17, 3.838362879530641e-17, 1.0, 5.294293626938881e-18, -1.4813540171849057e-17, -5.294293626938881e-18, 1.0], "world_rotation": [-0.1276280613210114, 0.35710588544125776, 0.925303444577321, 4.1482206750932463e-17]}], "source": "action wait"}
{"timestamp": 1706068346.901246, "objects": [{"color": "cv_", "id_name": "hand", "shape": "CVCylinder", "id_string": "ob383", "world_size": [0.12, 0.005, 0.12], "id": 383, "camera_size": [51, 51], "camera_position": [246, 214], "world_position": [0.8000824480134548, 0.7216985035873501, -0.1740776277314194], "world_orientation": [-1.4389552093992597e-06, 0.047994891643827704, 0.9988475811524132, -0.0007652000021136296, -0.998847288778118, 0.047994876492806586, 0.9999997072334004, -0.0007642491087318149, 3.816298769726328e-05], "world_rotation": [0.0, 1.0, 0.0, 0.0]}, {"color": "CVPurple", "id_name": "object224818590141921", "shape": "CVSphere", "id_string": "ob786", "world_size": [0.11, 0.11, 0.11], "id": 786, "camera_size": [45, 45], "camera_position": [256, 254], "world_position": [0.705, 0.6547388572526824, -0.15], "world_orientation": [1.0, -3.838362879530641e-17, 1.4813540171849057e-17, 3.838362879530641e-17, 1.0, 5.294293626938881e-18, -1.4813540171849057e-17, -5.294293626938881e-18, 1.0], "world_rotation": [-0.1276280613210114, 0.35710588544125776, 0.925303444577321, 4.1482206750932463e-17]}], "source": "action wait"}
{"timestamp": 1706068346.937644, "objects": [{"color": "cv_", "id_name": "hand", "shape": "CVCylinder", "id_string": "ob383", "world_size": [0.12, 0.005, 0.12], "id": 383, "camera_size": [50, 50], "camera_position": [245, 206], "world_position": [0.8182249868605144, 0.7129969943094788, -0.1741221617588053], "world_orientation": [1.0019536423476936e-05, 0.04086235133533144, 0.999164785279664, -0.0007760826610420874, -0.9991644841114053, 0.040862346801090035, 0.9999996987976109, -0.000775843887151855, 2.1701397419539038e-05], "world_rotation": [0.0, 1.0, 0.0, 0.0]}, {"color": "CVPurple", "id_name": "object224818590141921", "shape": "CVSphere", "id_string": "ob786", "world_size": [0.11, 0.11, 0.11], "id": 786, "camera_size": [45, 49], "camera_position": [256, 252], "world_position": [0.709246664130886, 0.6555921672151547, -0.1500204692761279], "world_orientation": [0.9969974161558015, 0.07743482188892115, 2.318807340771451e-05, -0.07743482491728916, 0.9969973336947607, 0.0004055805309673062, 8.287608816057247e-06, -0.000406158305821998, 0.9999999174833697], "world_rotation": [-0.005241360716620448, 9.621162155923522e-05, -0.9999862593461784, 0.07751348534180429]}], "source": "action wait"}
{"timestamp": 1706068346.973017, "objects": [{"color": "cv_", "id_name": "hand", "shape": "CVCylinder", "id_string": "ob383", "world_size": [0.12, 0.005, 0.12], "id": 383, "camera_size": [49, 50], "camera_position": [246, 201], "world_position": [0.8308234514122452, 0.7054061573277867, -0.17414928031544644], "world_orientation": [1.5520259967799644e-05, 0.03422099180775836, 0.9994142902114292, -0.0007886331007361263, -0.9994139791239468, 0.03422099340276148, 0.9999996889084286, -0.0007887023093237521, 1.147664210853717e-05], "world_rotation": [0.0, 1.0, 0.0, 0.0]}, {"color": "CVPurple", "id_name": "object224818590141921", "shape": "CVSphere", "id_string": "ob786", "world_size": [0.11, 0.11, 0.11], "id": 786, "camera_size": [46, 53], "camera_position": [255, 250], "world_position": [0.7143919656504668, 0.6586484466317448, -0.15002902643164875], "world_orientation": [0.9867141418098321, 0.16246599513951882, 5.268597980414938e-05, -0.1624659984475375, 0.9867139758127417, 0.0005738329521794078, 4.124234901753316e-05, -0.0005747687692649747, 0.9999998339699515], "world_rotation": [-0.003534876735090158, 3.521832109192943e-05, -0.9999937516835482, 0.16319037118163457]}], "source": "action wait"}
{"timestamp": 1706068347.005124, "objects": [{"color": "cv_", "id_name": "hand", "shape": "CVCylinder", "id_string": "ob383", "world_size": [0.12, 0.005, 0.12], "id": 383, "camera_size": [49, 50], "camera_position": [246, 198], "world_position": [0.839748646481923, 0.700920696816558, -0.17417207230701123], "world_orientation": [2.1931483321660408e-05, 0.03087591047601253, 0.9995232251785284, -0.0008036662298371522, -0.9995229020889151, 0.030875918129568462, 0.9999996768197483, -0.0008039602166977504, 2.8929067086409766e-06], "world_rotation": [0.0, 1.0, 0.0, 0.0]}, {"color": "CVPurple", "id_name": "object224818590141921", "shape": "CVSphere", "id_string": "ob786", "world_size": [0.11, 0.11, 0.11], "id": 786, "camera_size": [47, 56], "camera_position": [256, 247], "world_position": [0.7199355596304238, 0.6602497081190826, -0.15004322020003], "world_orientation": [0.9689908535700612, 0.2470965702517093, 0.0001032831371284098, -0.24709656939269323, 0.9689905027505158, 0.0008312482568778383, 0.00010531821433051725, -0.0008309928668212271, 0.999999649179403], "world_rotation": [0.0033635264992335806, 4.117956173555575e-06, 0.9999943433202668, -0.24968420329847169]}], "source": "action wait"}
{"timestamp": 1706068347.036854, "objects": [{"color": "cv_", "id_name": "hand", "shape": "CVCylinder", "id_string": "ob383", "world_size": [0.12, 0.005, 0.12], "id": 383, "camera_size": [49, 49], "camera_position": [246, 196], "world_position": [0.8459572362189355, 0.6967947850630088, -0.17418780170361095], "world_orientation": [2.2569419463772524e-05, 0.027271026920034386, 0.9996280761269905, -0.0008128157720898131, -0.9996277456693691, 0.02727103625636864, 0.9999996694105163, -0.0008131289579566542, -3.9469709758908353e-07], "world_rotation": [0.0, 1.0, 0.0, 0.0]}, {"color": "CVPurple", "id_name": "object224818590141921", "shape": "CVSphere", "id_string": "ob786", "world_size": [0.11, 0.11, 0.11], "id": 786, "camera_size": [47, 58], "camera_position": [256, 245], "world_position": [0.7241276462936075, 0.6608283038306171, -0.15005447011084025], "world_orientation": [0.9517385313408705, 0.3069099951539305, 0.00015111498133495824, -0.30690998333160546, 0.9517379856451086, 0.0010338334414925932, 0.0001734719485819319, -0.0010303178176599057, 0.9999994541761901], "world_rotation": [0.003362776806084896, 3.642247174433854e-05, 0.9999943451867895, -0.31194644758745527]}], "source": "action wait"}
{"timestamp": 1706068347.068998, "objects": [{"color": "cv_", "id_name": "hand", "shape": "CVCylinder", "id_string": "ob383", "world_size": [0.12, 0.005, 0.12], "id": 383, "camera_size": [49, 50], "camera_position": [246, 194], "world_position": [0.8503265524830762, 0.6937187576214123, -0.17419664116970937], "world_orientation": [2.1322945064364775e-05, 0.024563524956713476, 0.9996982708732834, -0.0008184097589685874, -0.9996979358756183, 0.0245635341816801, 0.9999996648753431, -0.0008186865877970144, -1.2134756280006126e-06], "world_rotation": [0.0, 1.0, 0.0, 0.0]}, {"color": "CVPurple", "id_name": "object224818590141921", "shape": "CVSphere", "id_string": "ob786", "world_size": [0.11, 0.11, 0.11], "id": 786, "camera_size": [47, 60], "camera_position": [256, 244], "world_position": [0.7272530466318798, 0.6612212108306629, -0.15006168545209264], "world_orientation": [0.9369426479226751, 0.3494830947240628, 0.00020249873614924344, -0.34948308298423286, 0.9369419340950742, 0.0011776425677668951, 0.00022183661156248633, -0.001174153428359821, 0.9999992860758674], "world_rotation": [0.0033646587745381653, 2.7666239885284477e-05, 0.9999943391369325, -0.3570214585102194]}], "source": "action wait"}
{"timestamp": 1706068347.101869, "objects": [{"color": "cv_", "id_name": "hand", "shape": "CVCylinder", "id_string": "ob383", "world_size": [0.12, 0.005, 0.12], "id": 383, "camera_size": [49, 49], "camera_position": [246, 193], "world_position": [0.8534114659283639, 0.6915134089778923, -0.1742020609605782], "world_orientation": [1.979842654792448e-05, 0.022640010263579233, 0.9997436819221652, -0.0008218430354766719, -0.9997433441232411, 0.022640018889218502, 0.9999996620909668, -0.0008220806190009107, -1.186810406815105e-06], "world_rotation": [0.0, 1.0, 0.0, 0.0]}, {"color": "CVPurple", "id_name": "object224818590141921", "shape": "CVSphere", "id_string": "ob786", "world_size": [0.11, 0.11, 0.11], "id": 786, "camera_size": [47, 60], "camera_position": [256, 243], "world_position": [0.729549624994697, 0.6615342163407982, -0.15006688658786485], "world_orientation": [0.9250745947365775, 0.37978537568333987, 0.00025017997853400275, -0.3797853692680296, 0.9250737271704504, 0.0012932860928009516, 0.0002597362194145752, -0.001291400803707296, 0.9999991324101539], "world_rotation": [0.0034028060576055535, 1.2581034244526736e-05, 0.9999942103595659, -0.3895666513109873]}], "source": "action wait"}
{"timestamp": 1706068347.132591, "objects": [{"color": "cv_", "id_name": "hand", "shape": "CVCylinder", "id_string": "ob383", "world_size": [0.12, 0.005, 0.12], "id": 383, "camera_size": [49, 49], "camera_position": [246, 192], "world_position": [0.8555931625309009, 0.6899574642063103, -0.17420709756667213], "world_orientation": [1.921045981077737e-05, 0.021301636527744285, 0.999773094212981, -0.0008239510591471134, -0.9997727546895784, 0.0213016451257702, 0.9999996603677476, -0.0008241733142815188, -1.6545883449273e-06], "world_rotation": [0.0, 1.0, 0.0, 0.0]}, {"color": "CVPurple", "id_name": "object224818590141921", "shape": "CVSphere", "id_string": "ob786", "world_size": [0.11, 0.11, 0.11], "id": 786, "camera_size": [47, 61], "camera_position": [256, 243], "world_position": [0.7312192847087939, 0.6617943078529105, -0.15007120158201548], "world_orientation": [0.9159175859377601, 0.40136627124319746, 0.0003034440278557945, -0.40136628465185975, 0.9159165558861796, 0.0014029249308208497, 0.00028515733941977616, -0.0014067558179496073, 0.9999989698611497], "world_rotation": [-0.003500124066029979, 2.278040959312167e-05, -0.9999938742875255, 0.4130107477133815]}], "source": "action wait"}
{"timestamp": 1706068347.169268, "objects": [{"color": "cv_", "id_name": "hand", "shape": "CVCylinder", "id_string": "ob383", "world_size": [0.12, 0.005, 0.12], "id": 383, "camera_size": [49, 49], "camera_position": [246, 192], "world_position": [0.8570118913500143, 0.6878898409673503, -0.1742129367308612], "world_orientation": [1.9116207969429785e-05, 0.01897076112922386, 0.9998200387353461, -0.0008254677810154533, -0.9998196979813982, 0.018970770446352998, 0.9999996591186985, -0.000825681877983201, -3.45300918468487e-06], "world_rotation": [0.0, 1.0, 0.0, 0.0]}, {"color": "CVPurple", "id_name": "object224818590141921", "shape": "CVSphere", "id_string": "ob786", "world_size": [0.11, 0.11, 0.11], "id": 786, "camera_size": [47, 62], "camera_position": [256, 242], "world_position": [0.731670474606521, 0.6628336445966271, -0.15007317179683727], "world_orientation": [0.8976596099720169, 0.44068926405099473, 0.0004440440060444863, -0.4406894116741332, 0.8976584071838396, 0.0014921295113751825, 0.00025896562105127486, -0.0015351098869899524, 0.9999987881864869], "world_rotation": [-0.003434643427523332, 0.00020998612099752185, -0.9999940795476515, 0.45636936316753934]}], "source": "action wait"}
{"timestamp": 1706068347.203345, "objects": [{"color": "cv_", "id_name": "hand", "shape": "CVCylinder", "id_string": "ob383", "world_size": [0.12, 0.005, 0.12], "id": 383, "camera_size": [49, 49], "camera_position": [246, 192], "world_position": [0.8575797099547253, 0.6831753077666813, -0.17419589141925335], "world_orientation": [1.2959665713492477e-05, 0.012951488176460168, 0.9999161258755966, -0.0008151516917377699, -0.9999157936144158, 0.012951494437802405, 0.9999996676798282, -0.0008152511686421322, -2.401146928934445e-06], "world_rotation": [0.0, 1.0, 0.0, 0.0]}, {"color": "CVPurple", "id_name": "object224818590141921", "shape": "CVSphere", "id_string": "ob786", "world_size": [0.11, 0.11, 0.11], "id": 786, "camera_size": [47, 65], "camera_position": [256, 244], "world_position": [0.7290157545623609, 0.6678640753713274, -0.1500588187304156], "world_orientation": [0.821377658460402, 0.5703843382934695, 0.0006699340476916328, -0.5703847091157076, 0.8213767286668202, 0.0012462790950904532, 0.00016058984046667742, -0.001405785941832846, 0.9999989989878935], "world_rotation": [-0.0023247980051677663, 0.0004464907083402646, -0.9999971979762156, 0.6069758697076715]}], "source": "action wait"}
{"timestamp": 1706068347.237344, "objects": [{"color": "cv_", "id_name": "hand", "shape": "CVCylinder", "id_string": "ob383", "world_size": [0.12, 0.005, 0.12], "id": 383, "camera_size": [49, 49], "camera_position": [246, 192], "world_position": [0.857903595512873, 0.679587726611399, -0.17416429521939958], "world_orientation": [6.644237986024626e-06, 0.008626114986412216, 0.9999627943559177, -0.0007971313086106256, -0.9999624766349116, 0.008626117542139862, 0.9999996822687152, -0.0007971589648050765, 2.321576558647159e-07], "world_rotation": [0.0, 1.0, 0.0, 0.0]}, {"color": "CVPurple", "id_name": "object224818590141921", "shape": "CVSphere", "id_string": "ob786", "world_size": [0.11, 0.11, 0.11], "id": 786, "camera_size": [47, 66], "camera_position": [256, 244], "world_position": [0.7266460150799174, 0.6720060080512246, -0.1500243791788234], "world_orientation": [0.7433280322483461, 0.6689258171985255, 0.0012990608479680294, -0.6689269171510395, 0.7433278003819553, 0.0007487924481948638, -0.000464741442361559, -0.001425575185301979, 0.9999988758747596], "world_rotation": [-0.001625263241780661, 0.0013183801046702732, -0.9999978101942496, 0.7327654595263426]}], "source": "action wait"}
{"timestamp": 1706068347.271757, "objects": [{"color": "cv_", "id_name": "hand", "shape": "CVCylinder", "id_string": "ob383", "world_size": [0.12, 0.005, 0.12], "id": 383, "camera_size": [49, 49], "camera_position": [246, 192], "world_position": [0.8581513514929794, 0.6772555577289886, -0.17416029276489087], "world_orientation": [6.821284630421506e-06, 0.005633850660126343, 0.9999841297141717, -0.0007939501156500471, -0.9999838145334841, 0.005633854300263236, 0.9999996847982924, -0.0007939759455588915, -2.3481778412292366e-06], "world_rotation": [0.0, 1.0, 0.0, 0.0]}, {"color": "CVPurple", "id_name": "object224818590141921", "shape": "CVSphere", "id_string": "ob786", "world_size": [0.11, 0.11, 0.11], "id": 786, "camera_size": [47, 67], "camera_position": [256, 245], "world_position": [0.7258286984188081, 0.6723757881201455, -0.15001999346013442], "world_orientation": [0.7186833065565404, 0.695335412237116, 0.001723184841436241, -0.695337127510211, 0.718683389224175, 0.0006820257338539869, -0.0007641876772974367, -0.0016883549073762492, 0.9999982827359758], "world_rotation": [-0.0017044799107190872, 0.0017886057685890834, -0.9999969478141613, 0.7688906443483199]}], "source": "action wait"}
{"timestamp": 1706068347.304786, "objects": [{"color": "cv_", "id_name": "hand", "shape": "CVCylinder", "id_string": "ob383", "world_size": [0.12, 0.005, 0.12], "id": 383, "camera_size": [49, 49], "camera_position": [246, 192], "world_position": [0.8583798434645743, 0.6757266804480696, -0.1741655576181879], "world_orientation": [5.920556190322608e-06, 0.0035525896192479004, 0.999993689516061, -0.0007962933431941371, -0.9999933724772448, 0.0035525932074616266, 0.9999996829408792, -0.000796309351525854, -3.0916134864317168e-06], "world_rotation": [0.0, 1.0, 0.0, 0.0]}, {"color": "CVPurple", "id_name": "object224818590141921", "shape": "CVSphere", "id_string": "ob786", "world_size": [0.11, 0.11, 0.11], "id": 786, "camera_size": [47, 67], "camera_position": [256, 245], "world_position": [0.7260067345893846, 0.6717184509181456, -0.15002394519289913], "world_orientation": [0.7169895033313568, 0.6970817568611054, 0.0017539566953180658, -0.6970835867834343, 0.7169894620053766, 0.0007644673852600086, -0.0007246721993767656, -0.0017707695151057315, 0.9999981696110888], "world_rotation": [-0.0018184562638365845, 0.0017778528857141259, -0.999996766222738, 0.7713236989038442]}], "source": "action wait"}
{"timestamp": 1706068347.331011, "objects": [{"color": "cv_", "id_name": "hand", "shape": "CVCylinder", "id_string": "ob383", "world_size": [0.12, 0.005, 0.12], "id": 383, "camera_size": [49, 49], "camera_position": [246, 192], "world_position": [0.8585430284935103, 0.6746558059954189, -0.17416855387408944], "world_orientation": [4.811735706784852e-06, 0.0020864639757657544, 0.9999978233200937, -0.000798274368348382, -0.9999975047033148, 0.002086467152075976, 0.9999996813673894, -0.0007982826702894674, -3.146152987412736e-06], "world_rotation": [0.0, 1.0, 0.0, 0.0]}, {"color": "CVPurple", "id_name": "object224818590141921", "shape": "CVSphere", "id_string": "ob786", "world_size": [0.11, 0.11, 0.11], "id": 786, "camera_size": [47, 67], "camera_position": [256, 245], "world_position": [0.7261318078451487, 0.671244093960131, -0.15002608522537278], "world_orientation": [0.7157618050265068, 0.6983422349369995, 0.0017780237325439041, -0.6983441506000096, 0.7157616697071482, 0.0008243183769363624, -0.0006969848979351811, -0.0018316880826425225, 0.9999980795635661], "world_rotation": [-0.0019016419967533367, 0.0017720515464379656, -0.9999966217898103, 0.7730834282889353]}], "source": "action wait"}
{"timestamp": 1706068347.362531, "objects": [{"color": "cv_", "id_name": "hand", "shape": "CVCylinder", "id_string": "ob383", "world_size": [0.12, 0.005, 0.12], "id": 383, "camera_size": [49, 49], "camera_position": [246, 192], "world_position": [0.8586671293707557, 0.6739108787799057, -0.17417145912649729], "world_orientation": [4.149599148143639e-06, 0.0010547305673340838, 0.999999443762951, -0.0008000346133466719, -0.9999991237404946, 0.00105473354962165, 0.999999679963648, -0.0008000385450595776, -3.3057745500226822e-06], "world_rotation": [0.0, 1.0, 0.0, 0.0]}, {"color": "CVPurple", "id_name": "object224818590141921", "shape": "CVSphere", "id_string": "ob786", "world_size": [0.11, 0.11, 0.11], "id": 786, "camera_size": [47, 66], "camera_position": [256, 244], "world_position": [0.7262212611674604, 0.6708690373697702, -0.15002773298193764], "world_orientation": [0.7148416809893572, 0.6992839980801989, 0.0018058652448710993, -0.699286003548732, 0.7148414585487465, 0.0008799890587963963, -0.0006755450782841705, -0.0018918691480757218, 0.9999979822329512], "world_rotation": [-0.0019819160977961672, 0.0017742419336264094, -0.9999964620308125, 0.7744002491030775]}], "source": "action wait"}
{"timestamp": 1706068347.394801, "objects": [{"color": "cv_", "id_name": "hand", "shape": "CVCylinder", "id_string": "ob383", "world_size": [0.12, 0.005, 0.12], "id": 383, "camera_size": [49, 49], "camera_position": [246, 192], "world_position": [0.858756144391423, 0.6733890335905081, -0.17417379676680853], "world_orientation": [2.849658803005379e-06, 0.0003280493953145634, 0.9999999461877355, -0.0008013962605569156, -0.9999996250730291, 0.00032805157367937304, 0.9999996788779051, -0.0008013971522673888, -2.586760175513247e-06], "world_rotation": [0.0, 1.0, 0.0, 0.0]}, {"color": "CVPurple", "id_name": "object224818590141921", "shape": "CVSphere", "id_string": "ob786", "world_size": [0.11, 0.11, 0.11], "id": 786, "camera_size": [47, 66], "camera_position": [256, 244], "world_position": [0.7262829981346213, 0.6705963426964948, -0.15002886452476416], "world_orientation": [0.7141661559824038, 0.6999738131078833, 0.0018337427646721715, -0.699975905306743, 0.7141658538486536, 0.0009301540888470203, -0.0006585129629227543, -0.001947860321904285, 0.9999978860981877], "world_rotation": [-0.0020557908120938193, 0.001780240017922753, -0.9999963022279711, 0.7753659173729958]}], "source": "action wait"}
{"timestamp": 1706068348.730249, "objects": [{"color": "cv_", "id_name": "hand", "shape": "CVCylinder", "id_string": "ob383", "world_size": [0.12, 0.005, 0.12], "id": 383, "camera_size": [49, 49], "camera_position": [246, 192], "world_position": [0.8589377638267429, 0.6721427196614101, -0.17416433149324265], "world_orientation": [9.328277830317844e-07, -0.0014053908381517167, 0.9999990124373734, -0.0008054870603901783, -0.9999986880344299, -0.0014053896308564833, 0.9999996755948101, -0.0008054849539351415, -2.06485069376579e-06], "world_rotation": [0.0, 1.0, 0.0, 0.0]}, {"color": "CVPurple", "id_name": "object224818590141921", "shape": "CVSphere", "id_string": "ob786", "world_size": [0.11, 0.11, 0.11], "id": 786, "camera_size": [47, 67], "camera_position": [256, 245], "world_position": [0.7262137937606509, 0.6699566526692837, -0.14999952625527302], "world_orientation": [0.710515818651423, 0.7036771982558023, 0.0023816172997660466, -0.7036811090368071, 0.7105136012461892, 0.001821875105604264, -0.000410159514563396, -0.002970370184939679, 0.9999955043249631], "world_rotation": [-0.0034051087447542544, 0.0019836846963224514, -0.9999922350845841, 0.7805701295549955]}], "source": "action wait"}
{"timestamp": 1706068348.761505, "objects": [{"color": "cv_", "id_name": "hand", "shape": "CVCylinder", "id_string": "ob383", "world_size": [0.12, 0.005, 0.12], "id": 383, "camera_size": [49, 49], "camera_position": [246, 203], "world_position": [0.8306674831019694, 0.6727723772839833, -0.17410540451976728], "world_orientation": [-5.434097685202975e-05, -0.002323412180920911, 0.9999972993978012, -0.0008061390475037252, -0.9999969758432292, -0.002323455235669587, 0.9999996735933939, -0.0008062631292703849, 5.246781923427399e-05], "world_rotation": [0.0, 1.0, 0.0, 0.0]}, {"color": "CVPurple", "id_name": "object224818590141921", "shape": "CVSphere", "id_string": "ob786", "world_size": [0.11, 0.11, 0.11], "id": 786, "camera_size": [47, 66], "camera_position": [256, 256], "world_position": [0.6994166598850858, 0.6692485947827823, -0.14998153458528968], "world_orientation": [0.730563264913952, 0.6828426445429215, 0.0017996532711123695, -0.6828449921882747, 0.7305613990216792, 0.0016609945460734168, -0.000180559303085652, -0.0024423458224379917, 0.9999970011681145], "world_rotation": [-0.0030045798345062612, 0.0014499666696256828, -0.9999944350328531, 0.7516534222441617]}], "source": "action wait"}
{"timestamp": 1706068348.793993, "objects": [{"color": "cv_", "id_name": "hand", "shape": "CVCylinder", "id_string": "ob383", "world_size": [0.12, 0.005, 0.12], "id": 383, "camera_size": [49, 48], "camera_position": [246, 217], "world_position": [0.7950349048528975, 0.6754175765686381, -0.1741111889786428], "world_orientation": [-3.70198338351968e-05, -0.0020865630427726995, 0.9999978224397295, -0.0007939919273062294, -0.9999975078526765, -0.0020865917798783794, 0.9999996841031258, -0.0007940674436222905, 3.5363027364921134e-05], "world_rotation": [0.0, 1.0, 0.0, 0.0]}, {"color": "CVPurple", "id_name": "object224818590141921", "shape": "CVSphere", "id_string": "ob786", "world_size": [0.11, 0.11, 0.11], "id": 786, "camera_size": [47, 66], "camera_position": [256, 271], "world_position": [0.6632718270433589, 0.671279815488955, -0.1499845846735452], "world_orientation": [0.7263957418101663, 0.6872692806393464, -0.003187815793556726, -0.6872683466056629, 0.7264019595840302, 0.0015533404003376058, 0.0033831987787605873, 0.001062545037334214, 0.999993712462267], "world_rotation": [0.000357058049124735, 0.004780472312542222, 0.9999885097309962, -0.7577333271185537]}], "source": "action wait"}
{"timestamp": 1706068348.8275, "objects": [{"color": "cv_", "id_name": "hand", "shape": "CVCylinder", "id_string": "ob383", "world_size": [0.12, 0.005, 0.12], "id": 383, "camera_size": [49, 49], "camera_position": [246, 228], "world_position": [0.7696158079607243, 0.6759332576499747, -0.17412418518352807], "world_orientation": [-2.1145646250636147e-05, -0.001863173303710883, 0.9999982640675443, -0.000793312586148816, -0.999997949587925, -0.0018631894929159462, 0.9999996851039515, -0.0007933506073580305, 1.966752406170115e-05], "world_rotation": [0.0, 1.0, 0.0, 0.0]}, {"color": "CVPurple", "id_name": "object224818590141921", "shape": "CVSphere", "id_string": "ob786", "world_size": [0.11, 0.11, 0.11], "id": 786, "camera_size": [47, 66], "camera_position": [256, 282], "world_position": [0.6376962094631428, 0.6717551809527748, -0.14999187445125373], "world_orientation": [0.7261384011866834, 0.687479627205529, -0.00973573312053396, -0.6875008909860885, 0.7261819997102402, 0.0014927123538679586, 0.008096123478676798, 0.005609409432700578, 0.9999514924787274], "world_rotation": [-0.0029937387680192408, 0.012967658145484725, 0.9999114347633049, -0.7581112074981062]}], "source": "action wait"}
