{"timestamp": 1706068159.399368, "objects": [{"color": "cv_", "id_name": "hand", "shape": "CVCylinder", "id_string": "ob383", "world_size": [0.12, 0.005, 0.12], "id": 383, "camera_size": [48, 50], "camera_position": [246, 426], "world_position": [0.2676445155400272, 0.63347030138474, -0.17389260400847462], "world_orientation": [-0.0006415490659632601, 0.1979154748665652, 0.9802188802625351, -0.0007473671040910342, -0.9802189031249369, 0.19791499033412685, 0.9999995149284864, -0.0006056111687284626, 0.0007767740370455909], "world_rotation": [0.0, 1.0, 0.0, 0.0]}, {"color": "CVPurple", "id_name": "object85847089300937", "shape": "CVBox", "id_string": "ob737", "world_size": [0.11, 0.11, 0.11], "id": 737, "camera_size": [45, 45], "camera_position": [256, 254], "world_position": [0.705, 0.654738849708696, -0.15], "world_orientation": [1.0, -5.1619362862653347e-17, 1.4541359828532488e-17, 5.1619362862653347e-17, 1.0, 2.3824321321224633e-17, -1.4541359828532488e-17, -2.3824321321224633e-17, 1.0], "world_rotation": [-0.4059884517598224, 0.2477982093873522, 0.8796416454796148, 5.868226354211375e-17]}], "source": "manual check"}
{"timestamp": 1706068160.415311, "objects": [{"color": "cv_", "id_name": "hand", "shape": "CVCylinder", "id_string": "ob383", "world_size": [0.12, 0.005, 0.12], "id": 383, "camera_size": [48, 50], "camera_position": [246, 426], "world_position": [0.2676445155400272, 0.63347030138474, -0.17389260400847462], "world_orientation": [-0.0006415490659632601, 0.1979154748665652, 0.9802188802625351, -0.0007473671040910342, -0.9802189031249369, 0.19791499033412685, 0.9999995149284864, -0.0006056111687284626, 0.0007767740370455909], "world_rotation": [0.0, 1.0, 0.0, 0.0]}, {"color": "CVPurple", "id_name": "object85847089300937", "shape": "CVBox", "id_string": "ob737", "world_size": [0.11, 0.11, 0.11], "id": 737, "camera_size": [45, 45], "camera_position": [256, 254], "world_position": [0.705, 0.6547388572526824, -0.15], "world_orientation": [1.0, -3.838362879530641e-17, 1.4813540171849057e-17, 3.838362879530641e-17, 1.0, 5.294293626938881e-18, -1.4813540171849057e-17, -5.294293626938881e-18, 1.0], "world_rotation": [-0.1276280613210114, 0.35710588544125776, 0.925303444577321, 4.1482206750932463e-17]}], "source": "manual check"}
{"timestamp": 1706068162.162805, "objects": [{"color": "cv_", "id_name": "hand", "shape": "CVCylinder", "id_string": "ob383", "world_size": [0.12, 0.005, 0.12], "id": 383, "camera_size": [48, 50], "camera_position": [246, 426], "world_position": [0.2676445155400272, 0.63347030138474, -0.17389260400847462], "world_orientation": [-0.0006415490659632601, 0.1979154748665652, 0.9802188802625351, -0.0007473671040910342, -0.9802189031249369, 0.19791499033412685, 0.9999995149284864, -0.0006056111687284626, 0.0007767740370455909], "world_rotation": [0.0, 1.0, 0.0, 0.0]}, {"color": "CVPurple", "id_name": "object85847089300937", "shape": "CVBox", "id_string": "ob737", "world_size": [0.11, 0.11, 0.11], "id": 737, "camera_size": [45, 45], "camera_position": [256, 254], "world_position": [0.705, 0.6547388572526824, -0.15], "world_orientation": [1.0, -3.838362879530641e-17, 1.4813540171849057e-17, 3.838362879530641e-17, 1.0, 5.294293626938881e-18, -1.4813540171849057e-17, -5.294293626938881e-18, 1.0], "world_rotation": [-0.1276280613210114, 0.35710588544125776, 0.925303444577321, 4.1482206750932463e-17]}], "source": "action wait"}
{"timestamp": 1706068162.195875, "objects": [{"color": "cv_", "id_name": "hand", "shape": "CVCylinder", "id_string": "ob383", "world_size": [0.12, 0.005, 0.12], "id": 383, "camera_size": [49, 51], "camera_position": [246, 421], "world_position": [0.29165733955395756, 0.668301116896196, -0.17395583027314893], "world_orientation": [-0.0003789021059674356, 0.20321463304968318, 0.9791341426728396, -0.0007138501526696945, -0.9791340184491203, 0.20321433102426015, 0.9999996734255235, -0.0006219567192435411, 0.0005160607384423925], "world_rotation": [0.0, 1.0, 0.0, 0.0]}, {"color": "CVPurple", "id_name": "object85847089300937", "shape": "CVBox", "id_string": "ob737", "world_size": [0.11, 0.11, 0.11], "id": 737, "camera_size": [45, 45], "camera_position": [256, 254], "world_position": [0.705, 0.6547388572526824, -0.15], "world_orientation": [1.0, -3.838362879530641e-17, 1.4813540171849057e-17, 3.838362879530641e-17, 1.0, 5.294293626938881e-18, -1.4813540171849057e-17, -5.294293626938881e-18, 1.0], "world_rotation": [-0.1276280613210114, 0.35710588544125776, 0.925303444577321, 4.1482206750932463e-17]}], "source": "action wait"}
{"timestamp": 1706068162.22715, "objects": [{"color": "cv_", "id_name": "hand", "shape": "CVCylinder", "id_string": "ob383", "world_size": [0.12, 0.005, 0.12], "id": 383, "camera_size": [51, 52], "camera_position": [246, 406], "world_position": [0.33807988556626256, 0.7068578657870772, -0.17398357715739524], "world_orientation": [-0.0002163163913059793, 0.19544006053155394, 0.9807156244022226, -0.0007297246272645157, -0.9807154170832947, 0.1954398582610725, 0.9999997103545517, -0.0006733754986133012, 0.0003547622452459676], "world_rotation": [0.0, 1.0, 0.0, 0.0]}, {"color": "CVPurple", "id_name": "object85847089300937", "shape": "CVBox", "id_string": "ob737", "world_size": [0.11, 0.11, 0.11], "id": 737, "camera_size": [45, 45], "camera_position": [256, 254], "world_position": [0.705, 0.6547388572526824, -0.15], "world_orientation": [1.0, -3.838362879530641e-17, 1.4813540171849057e-17, 3.838362879530641e-17, 1.0, 5.294293626938881e-18, -1.4813540171849057e-17, -5.294293626938881e-18, 1.0], "world_rotation": [-0.1276280613210114, 0.35710588544125776, 0.925303444577321, 4.1482206750932463e-17]}], "source": "action wait"}
{"timestamp": 1706068162.257992, "objects": [{"color": "cv_", "id_name": "hand", "shape": "CVCylinder", "id_string": "ob383", "world_size": [0.12, 0.005, 0.12], "id": 383, "camera_size": [51, 53], "camera_position": [246, 388], "world_position": [0.3889226730940471, 0.7404408567820183, -0.17400412660136977], "world_orientation": [-0.0001106184359598348, 0.18988254609299854, 0.9818068070923128, -0.0007407097273932075, -0.9818065593228312, 0.18988241471964645, 0.9999997195562915, -0.0007062293567018658, 0.00024925375496109815], "world_rotation": [0.0, 1.0, 0.0, 0.0]}, {"color": "CVPurple", "id_name": "object85847089300937", "shape": "CVBox", "id_string": "ob737", "world_size": [0.11, 0.11, 0.11], "id": 737, "camera_size": [45, 45], "camera_position": [256, 254], "world_position": [0.705, 0.6547388572526824, -0.15], "world_orientation": [1.0, -3.838362879530641e-17, 1.4813540171849057e-17, 3.838362879530641e-17, 1.0, 5.294293626938881e-18, -1.4813540171849057e-17, -5.294293626938881e-18, 1.0], "world_rotation": [-0.1276280613210114, 0.35710588544125776, 0.925303444577321, 4.1482206750932463e-17]}], "source": "action wait"}
{"timestamp": 1706068162.286916, "objects": [{"color": "cv_", "id_name": "hand", "shape": "CVCylinder", "id_string": "ob383", "world_size": [0.12, 0.005, 0.12], "id": 383, "camera_size": [52, 53], "camera_position": [245, 367], "world_position": [0.4432410221251438, 0.7686741823532505, -0.17402269310093044], "world_orientation": [-3.62189323599316e-05, 0.18595770920536825, 0.9825577484683945, -0.0007479502989981763, -0.9825574793144393, 0.18595763069475238, 0.9999997196292303, -0.0007281691749022554, 0.00017467430708463123], "world_rotation": [0.0, 1.0, 0.0, 0.0]}, {"color": "CVPurple", "id_name": "object85847089300937", "shape": "CVBox", "id_string": "ob737", "world_size": [0.11, 0.11, 0.11], "id": 737, "camera_size": [45, 45], "camera_position": [256, 254], "world_position": [0.705, 0.6547388572526824, -0.15], "world_orientation": [1.0, -3.838362879530641e-17, 1.4813540171849057e-17, 3.838362879530641e-17, 1.0, 5.294293626938881e-18, -1.4813540171849057e-17, -5.294293626938881e-18, 1.0], "world_rotation": [-0.1276280613210114, 0.35710588544125776, 0.925303444577321, 4.1482206750932463e-17]}], "source": "action wait"}
{"timestamp": 1706068162.330069, "objects": [{"color": "cv_", "id_name": "hand", "shape": "CVCylinder", "id_string": "ob383", "world_size": [0.12, 0.005, 0.12], "id": 383, "camera_size": [53, 54], "camera_position": [245, 343], "world_position": [0.5003668122823475, 0.791276081514431, -0.17403889095297717], "world_orientation": [1.6059127689288583e-05, 0.18318526952651001, 0.9830784082516534, -0.0007528085830334465, -0.9830781275982979, 0.18318522952755303, 0.9999997165106308, -0.0007430116585187518, 0.00012211606600562913], "world_rotation": [0.0, 1.0, 0.0, 0.0]}, {"color": "CVPurple", "id_name": "object85847089300937", "shape": "CVBox", "id_string": "ob737", "world_size": [0.11, 0.11, 0.11], "id": 737, "camera_size": [45, 45], "camera_position": [256, 254], "world_position": [0.705, 0.6547388572526824, -0.15], "world_orientation": [1.0, -3.838362879530641e-17, 1.4813540171849057e-17, 3.838362879530641e-17, 1.0, 5.294293626938881e-18, -1.4813540171849057e-17, -5.294293626938881e-18, 1.0], "world_rotation": [-0.1276280613210114, 0.35710588544125776, 0.925303444577321, 4.1482206750932463e-17]}], "source": "action wait"}
{"timestamp": 1706068162.362586, "objects": [{"color": "cv_", "id_name": "hand", "shape": "CVCylinder", "id_string": "ob383", "world_size": [0.12, 0.005, 0.12], "id": 383, "camera_size": [54, 54], "camera_position": [245, 318], "world_position": [0.5596435802006332, 0.8080155575963668, -0.1740525714821469], "world_orientation": [5.265321628700731e-05, 0.18122546929611902, 0.9834415724922555, -0.0007561316360996156, -0.9834412855063462, 0.18122545689437247, 0.9999997127462527, -0.0007531533883958085, 8.524896389088118e-05], "world_rotation": [0.0, 1.0, 0.0, 0.0]}, {"color": "CVPurple", "id_name": "object85847089300937", "shape": "CVBox", "id_string": "ob737", "world_size": [0.11, 0.11, 0.11], "id": 737, "camera_size": [45, 45], "camera_position": [256, 254], "world_position": [0.705, 0.6547388572526824, -0.15], "world_orientation": [1.0, -3.838362879530641e-17, 1.4813540171849057e-17, 3.838362879530641e-17, 1.0, 5.294293626938881e-18, -1.4813540171849057e-17, -5.294293626938881e-18, 1.0], "world_rotation": [-0.1276280613210114, 0.35710588544125776, 0.925303444577321, 4.1482206750932463e-17]}], "source": "action wait"}
{"timestamp": 1706068162.390974, "objects": [{"color": "cv_", "id_name": "hand", "shape": "CVCylinder", "id_string": "ob383", "world_size": [0.12, 0.005, 0.12], "id": 383, "camera_size": [54, 54], "camera_position": [245, 291], "world_position": [0.6205705564284059, 0.8141960511228946, -0.17406317110221547], "world_orientation": [7.40430954044384e-05, 0.1733740562619232, 0.9848560458934633, -0.0007643024462944121, -0.9848557511257481, 0.17337406183252901, 0.9999997051796519, -0.0007655650373254456, 5.958844698518132e-05], "world_rotation": [0.0, 1.0, 0.0, 0.0]}, {"color": "CVPurple", "id_name": "object85847089300937", "shape": "CVBox", "id_string": "ob737", "world_size": [0.11, 0.11, 0.11], "id": 737, "camera_size": [45, 45], "camera_position": [256, 254], "world_position": [0.705, 0.6547388572526824, -0.15], "world_orientation": [1.0, -3.838362879530641e-17, 1.4813540171849057e-17, 3.838362879530641e-17, 1.0, 5.294293626938881e-18, -1.4813540171849057e-17, -5.294293626938881e-18, 1.0], "world_rotation": [-0.1276280613210114, 0.35710588544125776, 0.925303444577321, 4.1482206750932463e-17]}], "source": "action wait"}
{"timestamp": 1706068162.424575, "objects": [{"color": "cv_", "id_name": "hand", "shape": "CVCylinder", "id_string": "ob383", "world_size": [0.12, 0.005, 0.12], "id": 383, "camera_size": [53, 53], "camera_position": [245, 264], "world_position": [0.6826712114963581, 0.7958612852504996, -0.17407085079205184], "world_orientation": [6.69420090253781e-05, 0.13982490636118994, 0.9901762424335638, -0.0007772595262449207, -0.9901759382780875, 0.13982491595827287, 0.999999695693152, -0.0007789840778792582, 4.239587387902686e-05], "world_rotation": [0.0, 1.0, 0.0, 0.0]}, {"color": "CVPurple", "id_name": "object85847089300937", "shape": "CVBox", "id_string": "ob737", "world_size": [0.11, 0.11, 0.11], "id": 737, "camera_size": [45, 45], "camera_position": [256, 254], "world_position": [0.705, 0.6547388572526824, -0.15], "world_orientation": [1.0, -3.838362879530641e-17, 1.4813540171849057e-17, 3.838362879530641e-17, 1.0, 5.294293626938881e-18, -1.4813540171849057e-17, -5.294293626938881e-18, 1.0], "world_rotation": [-0.1276280613210114, 0.35710588544125776, 0.925303444577321, 4.1482206750932463e-17]}], "source": "action wait"}
{"timestamp": 1706068162.457627, "objects": [{"color": "cv_", "id_name": "hand", "shape": "CVCylinder", "id_string": "ob383", "world_size": [0.12, 0.005, 0.12], "id": 383, "camera_size": [52, 52], "camera_position": [245, 239], "world_position": [0.7370275138801877, 0.7656781190089494, -0.17407254988593077], "world_orientation": [3.557685435238289e-05, 0.0982720042933219, 0.9951595911744312, -0.0007769610537462753, -0.9951592887145218, 0.0982720022016867, 0.9999996975328584, -0.0007766964533141685, 4.094888293787868e-05], "world_rotation": [0.0, 1.0, 0.0, 0.0]}, {"color": "CVPurple", "id_name": "object85847089300937", "shape": "CVBox", "id_string": "ob737", "world_size": [0.11, 0.11, 0.11], "id": 737, "camera_size": [45, 45], "camera_position": [256, 254], "world_position": [0.705, 0.6547388572526824, -0.15], "world_orientation": [1.0, -3.838362879530641e-17, 1.4813540171849057e-17, 3.838362879530641e-17, 1.0, 5.294293626938881e-18, -1.4813540171849057e-17, -5.294293626938881e-18, 1.0], "world_rotation": [-0.1276280613210114, 0.35710588544125776, 0.925303444577321, 4.1482206750932463e-17]}], "source": "action wait"}
{"timestamp": 1706068162.491462, "objects": [{"color": "cv_", "id_name": "hand", "shape": "CVCylinder", "id_string": "ob383", "world_size": [0.12, 0.005, 0.12], "id": 383, "camera_size": [51, 51], "camera_position": [246, 224], "world_position": [0.7744133885814989, 0.7408476394163346, -0.17407397223700746], "world_orientation": [1.1384474741026238e-05, 0.06880182375322665, 0.9976303468312417, -0.0007702314041842304, -0.9976300503672444, 0.06880181209702205, 0.999999703306945, -0.0007691894953889191, 4.163583121097752e-05], "world_rotation": [0.0, 1.0, 0.0, 0.0]}, {"color": "CVPurple", "id_name": "object85847089300937", "shape": "CVBox", "id_string": "ob737", "world_size": [0.11, 0.11, 0.11], "id": 737, "camera_size": [45, 45], "camera_position": [256, 254], "world_position": [0.705, 0.6547388572526824, -0.15], "world_orientation": [1.0, -3.838362879530641e-17, 1.4813540171849057e-17, 3.838362879530641e-17, 1.0, 5.294293626938881e-18, -1.4813540171849057e-17, -5.294293626938881e-18, 1.0], "world_rotation": [-0.1276280613210114, 0.35710588544125776, 0.925303444577321, 4.1482206750932463e-17]}], "source": "action wait"}
{"timestamp": 1706068162.524063, "objects": [{"color": "cv_", "id_name": "hand", "shape": "CVCylinder", "id_string": "ob383", "world_size": [0.12, 0.005, 0.12], "id": 383, "camera_size": [51, 51], "camera_position": [246, 214], "world_position": [0.8000811594176818, 0.7216973743936909, -0.17407750910446682], "world_orientation": [-1.5876624270899331e-06, 0.04799477364855046, 0.9988475868218855, -0.0007651998559064898, -0.9988472944533864, 0.047994758383920644, 0.9999997072332871, -0.0007642418300344157, 3.831142620032074e-05], "world_rotation": [0.0, 1.0, 0.0, 0.0]}, {"color": "CVPurple", "id_name": "object85847089300937", "shape": "CVBox", "id_string": "ob737", "world_size": [0.11, 0.11, 0.11], "id": 737, "camera_size": [45, 45], "camera_position": [256, 254], "world_position": [0.705, 0.6547388572526824, -0.15], "world_orientation": [1.0, -3.838362879530641e-17, 1.4813540171849057e-17, 3.838362879530641e-17, 1.0, 5.294293626938881e-18, -1.4813540171849057e-17, -5.294293626938881e-18, 1.0], "world_rotation": [-0.1276280613210114, 0.35710588544125776, 0.925303444577321, 4.1482206750932463e-17]}], "source": "action wait"}
{"timestamp": 1706068162.556097, "objects": [{"color": "cv_", "id_name": "hand", "shape": "CVCylinder", "id_string": "ob383", "world_size": [0.12, 0.005, 0.12], "id": 383, "camera_size": [50, 50], "camera_position": [245, 206], "world_position": [0.8182234658981232, 0.7129959524760061, -0.17412204020678873], "world_orientation": [9.871112693717972e-06, 0.04086223189249625, 0.9991647901659292, -0.0007760826237843362, -0.9991644890009308, 0.04086222724313845, 0.9999996987991158, -0.0007758377875952823, 2.1849602870701955e-05], "world_rotation": [0.0, 1.0, 0.0, 0.0]}, {"color": "CVPurple", "id_name": "object85847089300937", "shape": "CVBox", "id_string": "ob737", "world_size": [0.11, 0.11, 0.11], "id": 737, "camera_size": [45, 49], "camera_position": [256, 252], "world_position": [0.7092466523354366, 0.6555921577632609, -0.15002046936716706], "world_orientation": [0.9969974327541162, 0.07743460818348653, 2.317695908183655e-05, -0.07743461120738314, 0.9969973502943954, 0.0004055775092173687, 8.298368721809015e-06, -0.00040615443428799683, 0.9999999174848531], "world_rotation": [-0.005241330673126739, 9.607064579735196e-05, -0.9999862595172025, 0.07751327097428153]}], "source": "action wait"}
{"timestamp": 1706068162.592648, "objects": [{"color": "cv_", "id_name": "hand", "shape": "CVCylinder", "id_string": "ob383", "world_size": [0.12, 0.005, 0.12], "id": 383, "camera_size": [49, 50], "camera_position": [246, 201], "world_position": [0.8308217715515507, 0.7054052110694577, -0.17414915633726555], "world_orientation": [1.5371103831154103e-05, 0.03422090738959422, 0.9994142931042971, -0.0007886330992702885, -0.9994139820185389, 0.03422090886698417, 0.9999996889107337, -0.0007886972045696045, 1.1625644166956697e-05], "world_rotation": [0.0, 1.0, 0.0, 0.0]}, {"color": "CVPurple", "id_name": "object85847089300937", "shape": "CVBox", "id_string": "ob737", "world_size": [0.11, 0.11, 0.11], "id": 737, "camera_size": [46, 53], "camera_position": [255, 250], "world_position": [0.7143919345417372, 0.6586484225782169, -0.1500290262008754], "world_orientation": [0.9867142261625915, 0.16246548283791548, 5.267448357934773e-05, -0.16246548613970377, 0.986714060170032, 0.0005738258971586681, 4.1252247886844905e-05, -0.0005747599616488466, 0.9999998339746057], "world_rotation": [-0.0035348390639684283, 3.515258751803923e-05, -0.9999937518190238, 0.16318985195324553]}], "source": "action wait"}
{"timestamp": 1706068162.627739, "objects": [{"color": "cv_", "id_name": "hand", "shape": "CVCylinder", "id_string": "ob383", "world_size": [0.12, 0.005, 0.12], "id": 383, "camera_size": [49, 50], "camera_position": [246, 198], "world_position": [0.839746900533594, 0.7009202217072812, -0.1741719470942639], "world_orientation": [2.1782535562093076e-05, 0.030876424716736364, 0.999523209296429, -0.000803666234907447, -0.9995228862072498, 0.030876432250378283, 0.9999996768229998, -0.0008039556213017529, 3.042197185933529e-06], "world_rotation": [0.0, 1.0, 0.0, 0.0]}, {"color": "CVPurple", "id_name": "object85847089300937", "shape": "CVBox", "id_string": "ob737", "world_size": [0.11, 0.11, 0.11], "id": 737, "camera_size": [47, 56], "camera_position": [256, 247], "world_position": [0.7199354960391463, 0.66024964290184, -0.1500432192373483], "world_orientation": [0.9689910994154334, 0.24709560617116455, 0.00010326942679374148, -0.24709560530291347, 0.9689907486116043, 0.0008312310806991922, 0.0001053264285761203, -0.0008309729402778734, 0.9999996491950967], "world_rotation": [0.0033634645460596593, 4.162336559711777e-06, 0.9999943435284635, -0.24968320830219892]}], "source": "action wait"}
{"timestamp": 1706068162.661022, "objects": [{"color": "cv_", "id_name": "hand", "shape": "CVCylinder", "id_string": "ob383", "world_size": [0.12, 0.005, 0.12], "id": 383, "camera_size": [49, 49], "camera_position": [246, 196], "world_position": [0.8459554493396086, 0.6967946854204169, -0.174187674850059], "world_orientation": [2.242043403178337e-05, 0.027272024906463247, 0.9996280489036037, -0.0008128158290684613, -0.9996277184458789, 0.02727203412132349, 0.9999996694138215, -0.0008131249521719576, -2.449537826714808e-07], "world_rotation": [0.0, 1.0, 0.0, 0.0]}, {"color": "CVPurple", "id_name": "object85847089300937", "shape": "CVBox", "id_string": "ob737", "world_size": [0.11, 0.11, 0.11], "id": 737, "camera_size": [47, 58], "camera_position": [256, 245], "world_position": [0.7241275337910157, 0.6608282334048189, -0.1500544678923787], "world_orientation": [0.9517390489901643, 0.30690838990803176, 0.0001511004885087078, -0.3069083780776005, 0.9517385033319704, 0.0010337993991199022, 0.00017347355628577292, -0.0010302812628199193, 0.9999994542135736], "world_rotation": [0.003362679382964927, 3.644889230099638e-05, 0.9999943455134361, -0.3119447608219077]}], "source": "action wait"}
{"timestamp": 1706068162.687686, "objects": [{"color": "cv_", "id_name": "hand", "shape": "CVCylinder", "id_string": "ob383", "world_size": [0.12, 0.005, 0.12], "id": 383, "camera_size": [49, 50], "camera_position": [246, 194], "world_position": [0.8503247372719, 0.6937189113450697, -0.17419651252133594], "world_orientation": [2.1173589350304976e-05, 0.02456484632054884, 0.9996982384084344, -0.0008184098546799607, -0.9996979034105088, 0.02456485542279763, 0.9999996648784384, -0.0008186830161811867, -1.0630805733663428e-06], "world_rotation": [0.0, 1.0, 0.0, 0.0]}, {"color": "CVPurple", "id_name": "object85847089300937", "shape": "CVBox", "id_string": "ob737", "world_size": [0.11, 0.11, 0.11], "id": 737, "camera_size": [47, 60], "camera_position": [256, 244], "world_position": [0.72725288601648, 0.661221132715858, -0.15006168199707168], "world_orientation": [0.9369434674945541, 0.3494808974998558, 0.00020248944853830167, -0.34948088576142045, 0.9369427537252261, 0.0011775946685506748, 0.00022182582014235595, -0.0011741058238874766, 0.9999992861341551], "world_rotation": [0.0033645432940909293, 2.7664262358945842e-05, 0.9999943395255348, -0.35701911325197266]}], "source": "action wait"}
{"timestamp": 1706068162.722468, "objects": [{"color": "cv_", "id_name": "hand", "shape": "CVCylinder", "id_string": "ob383", "world_size": [0.12, 0.005, 0.12], "id": 383, "camera_size": [49, 49], "camera_position": [246, 193], "world_position": [0.8534096300324506, 0.691513730297165, -0.1742019318862728], "world_orientation": [1.9649217955708475e-05, 0.022641542819437428, 0.9997436472179575, -0.0008218431693542618, -0.9997433094187441, 0.022641551321897744, 0.9999996620937996, -0.0008220773763485301, -1.0363768763634742e-06], "world_rotation": [0.0, 1.0, 0.0, 0.0]}, {"color": "CVPurple", "id_name": "object85847089300937", "shape": "CVBox", "id_string": "ob737", "world_size": [0.11, 0.11, 0.11], "id": 737, "camera_size": [47, 60], "camera_position": [256, 243], "world_position": [0.7295494232212913, 0.6615341291448341, -0.15006688268148938], "world_orientation": [0.9250756953520183, 0.3797826948194071, 0.0002501693208562176, -0.37978268840669704, 0.9250748278574997, 0.0012932327707184158, 0.00025972208526591525, -0.0012913481818560078, 0.9999991324817795], "world_rotation": [0.003402690600272176, 1.257654616355335e-05, 0.999994210752497, -0.389563753135728]}], "source": "action wait"}
{"timestamp": 1706068162.758318, "objects": [{"color": "cv_", "id_name": "hand", "shape": "CVCylinder", "id_string": "ob383", "world_size": [0.12, 0.005, 0.12], "id": 383, "camera_size": [49, 49], "camera_position": [246, 192], "world_position": [0.855591311725753, 0.6899578975455423, -0.1742069647681387], "world_orientation": [1.9059870406397418e-05, 0.021303308668273676, 0.9997730585870505, -0.0008239511791761788, -0.9997727190632969, 0.021303317141620322, 0.9999996603705301, -0.000824170228995678, -1.5026521632472182e-06], "world_rotation": [0.0, 1.0, 0.0, 0.0]}, {"color": "CVPurple", "id_name": "object85847089300937", "shape": "CVBox", "id_string": "ob737", "world_size": [0.11, 0.11, 0.11], "id": 737, "camera_size": [47, 61], "camera_position": [256, 243], "world_position": [0.7312190516411874, 0.6617942114311558, -0.15007119697658342], "world_orientation": [0.9159189339038089, 0.4013631952105994, 0.0003033922360618296, -0.40136320857290286, 0.9159179039806887, 0.0014028441420236902, 0.0002851676262873351, -0.0014066619923174253, 0.9999989699902017], "world_rotation": [-0.003499933368022377, 2.270324990192584e-05, -0.9999938749567328, 0.41300738895658695]}], "source": "action wait"}
{"timestamp": 1706068162.789911, "objects": [{"color": "cv_", "id_name": "hand", "shape": "CVCylinder", "id_string": "ob383", "world_size": [0.12, 0.005, 0.12], "id": 383, "camera_size": [49, 49], "camera_position": [246, 192], "world_position": [0.857010680821386, 0.6878954844748282, -0.17421281169195296], "world_orientation": [1.8972637476318854e-05, 0.018979920489758804, 0.9998198649047945, -0.0008254669616915187, -0.9998195241509535, 0.01897992968522022, 0.9999996591221091, -0.000825678365447386, -3.301916073257174e-06], "world_rotation": [0.0, 1.0, 0.0, 0.0]}, {"color": "CVPurple", "id_name": "object85847089300937", "shape": "CVBox", "id_string": "ob737", "world_size": [0.11, 0.11, 0.11], "id": 737, "camera_size": [47, 62], "camera_position": [256, 242], "world_position": [0.7316740058281822, 0.6628294382862336, -0.15007317598673603], "world_orientation": [0.89772055498291, 0.44056510103893265, 0.0004437428661006694, -0.44056524834311317, 0.8977193521565614, 0.0014922184743401104, 0.000259062824639824, -0.0015350928829444817, 0.9999987881874126], "world_rotation": [-0.0034356930568662063, 0.00020959322028835537, -0.9999940760244037, 0.45623104981906676]}], "source": "action wait"}
{"timestamp": 1706068162.821161, "objects": [{"color": "cv_", "id_name": "hand", "shape": "CVCylinder", "id_string": "ob383", "world_size": [0.12, 0.005, 0.12], "id": 383, "camera_size": [49, 49], "camera_position": [246, 192], "world_position": [0.857578397065845, 0.68317974507064, -0.17419581174537133], "world_orientation": [1.2819643875810212e-05, 0.01295814167518642, 0.9999160396753232, -0.0008151791165731446, -0.9999157073914167, 0.012958147820226697, 0.9999996676592772, -0.0008152767927105515, -2.255356790991478e-06], "world_rotation": [0.0, 1.0, 0.0, 0.0]}, {"color": "CVPurple", "id_name": "object85847089300937", "shape": "CVBox", "id_string": "ob737", "world_size": [0.11, 0.11, 0.11], "id": 737, "camera_size": [47, 65], "camera_position": [256, 244], "world_position": [0.7290201291585071, 0.6678566508868994, -0.15005884967023161], "world_orientation": [0.8214885903162344, 0.570224558596401, 0.000669890875914176, -0.5702249294363979, 0.8214876597048357, 0.0012469169688320947, 0.00016071559024628454, -0.0014063165404155174, 0.9999989982216418], "world_rotation": [-0.002326473984469519, 0.00044646769743877604, -0.9999971940887609, 0.6067813583082978]}], "source": "action wait"}
{"timestamp": 1706068162.855761, "objects": [{"color": "cv_", "id_name": "hand", "shape": "CVCylinder", "id_string": "ob383", "world_size": [0.12, 0.005, 0.12], "id": 383, "camera_size": [49, 49], "camera_position": [246, 192], "world_position": [0.8579020825640812, 0.6795907046705346, -0.17416420519804962], "world_orientation": [6.50149393432055e-06, 0.00863082580166568, 0.9999627537082127, -0.0007971523750649267, -0.9999624359704451, 0.008630828242098893, 0.9999996822528603, -0.0007971787973727907, 3.7883357495081757e-07], "world_rotation": [0.0, 1.0, 0.0, 0.0]}, {"color": "CVPurple", "id_name": "object85847089300937", "shape": "CVBox", "id_string": "ob737", "world_size": [0.11, 0.11, 0.11], "id": 737, "camera_size": [47, 66], "camera_position": [256, 244], "world_position": [0.7266539582968925, 0.6720030353976775, -0.15002439834312675], "world_orientation": [0.7433366218587012, 0.6689162714083203, 0.0012994032801755774, -0.668917372028913, 0.7433363896230233, 0.0007491729718564419, -0.00046475975197592573, -0.0014260811334684078, 0.9999988751448542], "world_rotation": [-0.0016259490478201116, 0.0013186685616657224, -0.9999978086990583, 0.732752619393784]}], "source": "action wait"}
{"timestamp": 1706068162.892366, "objects": [{"color": "cv_", "id_name": "hand", "shape": "CVCylinder", "id_string": "ob383", "world_size": [0.12, 0.005, 0.12], "id": 383, "camera_size": [49, 49], "camera_position": [246, 192], "world_position": [0.8581497156530076, 0.6772575072251561, -0.17416021611391339], "world_orientation": [6.682353685493802e-06, 0.00563719388495024, 0.9999841108739926, -0.0007939680487722709, -0.999983795678738, 0.0056371974137652, 0.9999996847849922, -0.0007939931030611711, -2.2064935727235905e-06], "world_rotation": [0.0, 1.0, 0.0, 0.0]}, {"color": "CVPurple", "id_name": "object85847089300937", "shape": "CVBox", "id_string": "ob737", "world_size": [0.11, 0.11, 0.11], "id": 737, "camera_size": [47, 67], "camera_position": [256, 245], "world_position": [0.7258385462027089, 0.672373433151804, -0.15002002187679245], "world_orientation": [0.7186432765233425, 0.6953767845442841, 0.00172296971744163, -0.6953784997563696, 0.7186433582703935, 0.0006824151461321035, -0.0007636650938987842, -0.001688529153805747, 0.9999982828409864], "world_rotation": [-0.0017047837902262669, 0.0017879689196817535, -0.9999969484350295, 0.7689482123620708]}], "source": "action wait"}
{"timestamp": 1706068162.927133, "objects": [{"color": "cv_", "id_name": "hand", "shape": "CVCylinder", "id_string": "ob383", "world_size": [0.12, 0.005, 0.12], "id": 383, "camera_size": [49, 49], "camera_position": [246, 192], "world_position": [0.8583782117110236, 0.6757279064467473, -0.17416547093249227], "world_orientation": [5.7741771376813805e-06, 0.0035549579237564542, 0.9999936811004455, -0.000796307834196773, -0.9999933640496398, 0.0035549613946989343, 0.9999996829301958, -0.0007963233293847181, -2.943297975198099e-06], "world_rotation": [0.0, 1.0, 0.0, 0.0]}, {"color": "CVPurple", "id_name": "object85847089300937", "shape": "CVBox", "id_string": "ob737", "world_size": [0.11, 0.11, 0.11], "id": 737, "camera_size": [47, 67], "camera_position": [256, 245], "world_position": [0.7260165881064302, 0.6717164414271554, -0.1500239683709399], "world_orientation": [0.7169492232635317, 0.6971231854736865, 0.0017537208554393104, -0.6971250152139176, 0.7169491810793177, 0.0007647958493092797, -0.0007241718124413954, -0.0017708824681465546, 0.9999981697735603], "world_rotation": [-0.0018186647960392313, 0.0017772191892068984, -0.9999967669699302, 0.7713814812733699]}], "source": "action wait"}
{"timestamp": 1706068162.959532, "objects": [{"color": "cv_", "id_name": "hand", "shape": "CVCylinder", "id_string": "ob383", "world_size": [0.12, 0.005, 0.12], "id": 383, "camera_size": [49, 49], "camera_position": [246, 192], "world_position": [0.8585413438623399, 0.674656491582907, -0.17416847502710067], "world_orientation": [4.6647669214273344e-06, 0.0020881388405986634, 0.9999978198248347, -0.0007982853568299399, -0.9999975011988272, 0.002088141899085518, 0.9999996813593137, -0.0007982933571236522, -2.997824605267069e-06], "world_rotation": [0.0, 1.0, 0.0, 0.0]}, {"color": "CVPurple", "id_name": "object85847089300937", "shape": "CVBox", "id_string": "ob737", "world_size": [0.11, 0.11, 0.11], "id": 737, "camera_size": [47, 67], "camera_position": [256, 245], "world_position": [0.7261416488945398, 0.6712424960572909, -0.15002611349110617], "world_orientation": [0.7157215005263674, 0.6983835428455509, 0.00177785454458449, -0.6983854584843459, 0.7157213642068032, 0.000824739693917092, -0.000696463850648102, -0.0018319116925121148, 0.9999980795169838], "world_rotation": [-0.0019019912456732242, 0.0017714525702471268, -0.9999966221868415, 0.7731411415963477]}], "source": "action wait"}
{"timestamp": 1706068162.985356, "objects": [{"color": "cv_", "id_name": "hand", "shape": "CVCylinder", "id_string": "ob383", "world_size": [0.12, 0.005, 0.12], "id": 383, "camera_size": [49, 49], "camera_position": [246, 192], "world_position": [0.8586653022258479, 0.6739111177573898, -0.17417137138020547], "world_orientation": [4.005272791519639e-06, 0.0010559041447302626, 0.9999994425250422, -0.0008000411831455148, -0.9999991224968595, 0.0010559070111962584, 0.9999996799589803, -0.0008000449663385713, -3.1605024752680917e-06], "world_rotation": [0.0, 1.0, 0.0, 0.0]}, {"color": "CVPurple", "id_name": "object85847089300937", "shape": "CVBox", "id_string": "ob737", "world_size": [0.11, 0.11, 0.11], "id": 737, "camera_size": [47, 66], "camera_position": [256, 244], "world_position": [0.7262310603771757, 0.6708681005427859, -0.15002775788374087], "world_orientation": [0.7148017215432748, 0.6993248447582547, 0.0018056529604631288, -0.6993268500714543, 0.7148014981189681, 0.000880372657761798, -0.0006750169690033128, -0.0018920334885306374, 0.9999979822786493], "world_rotation": [-0.0019821920993267008, 0.001773608943192351, -0.9999964626066424, 0.7744573911933961]}], "source": "action wait"}
{"timestamp": 1706068163.014605, "objects": [{"color": "cv_", "id_name": "hand", "shape": "CVCylinder", "id_string": "ob383", "world_size": [0.12, 0.005, 0.12], "id": 383, "camera_size": [49, 49], "camera_position": [246, 192], "world_position": [0.8587542353446316, 0.6733889747532524, -0.1741737003119804], "world_orientation": [2.7052395318701573e-06, 0.00032887202862447526, 0.999999945917934, -0.000801400447360599, -0.9999996247995073, 0.00032887409099819514, 0.9999996788749508, -0.0008014012937027647, -2.4416803256119215e-06], "world_rotation": [0.0, 1.0, 0.0, 0.0]}, {"color": "CVPurple", "id_name": "object85847089300937", "shape": "CVBox", "id_string": "ob737", "world_size": [0.11, 0.11, 0.11], "id": 737, "camera_size": [47, 66], "camera_position": [256, 244], "world_position": [0.7262927744122868, 0.670595771018302, -0.1500288862888833], "world_orientation": [0.7141263749237294, 0.7000143990831723, 0.0018334978915508946, -0.7000164910164443, 0.7141260718334046, 0.0009305013786159583, -0.0006579842836101565, -0.0019479743367020533, 0.999997886224099], "world_rotation": [-0.0020560011167191456, 0.0017795842803735582, -0.9999963029627646, 0.7754227482335898]}], "source": "action wait"}
{"timestamp": 1706068165.195947, "objects": [{"color": "cv_", "id_name": "hand", "shape": "CVCylinder", "id_string": "ob383", "world_size": [0.12, 0.005, 0.12], "id": 383, "camera_size": [49, 49], "camera_position": [246, 192], "world_position": [0.858935499207327, 0.672142042842049, -0.17416414817182677], "world_orientation": [8.635145090018665e-07, -0.0014053337789084169, 0.9999990125176246, -0.0008055036769308308, -0.9999986881011559, -0.0014053326274294621, 0.9999996755814877, -0.0008055016679853855, -1.9955149020025244e-06], "world_rotation": [0.0, 1.0, 0.0, 0.0]}, {"color": "CVPurple", "id_name": "object85847089300937", "shape": "CVBox", "id_string": "ob737", "world_size": [0.11, 0.11, 0.11], "id": 737, "camera_size": [47, 66], "camera_position": [256, 244], "world_position": [0.7262243624882716, 0.6699553018248194, -0.14999905867407964], "world_orientation": [0.7104721059013438, 0.7037213016874231, 0.002390875879004047, -0.7037252373643705, 0.7104699098310967, 0.0018159077767593425, -0.00042075238576795094, -0.002972671517737708, 0.9999954930855827], "world_rotation": [-0.0034022905249942188, 0.00199766478045644, -0.9999922168470156, 0.7806322402374232]}], "source": "action wait"}
{"timestamp": 1706068165.229607, "objects": [{"color": "cv_", "id_name": "hand", "shape": "CVCylinder", "id_string": "ob383", "world_size": [0.12, 0.005, 0.12], "id": 383, "camera_size": [49, 49], "camera_position": [246, 203], "world_position": [0.830665819000766, 0.6727765848480568, -0.174105396870716], "world_orientation": [-5.433724144946568e-05, -0.0023177132009012695, 0.9999973126228805, -0.0008061518537383484, -0.9999969890580324, -0.002317756255154002, 0.9999996735832732, -0.0008062756277859163, 5.246864905021987e-05], "world_rotation": [0.0, 1.0, 0.0, 0.0]}, {"color": "CVPurple", "id_name": "object85847089300937", "shape": "CVBox", "id_string": "ob737", "world_size": [0.11, 0.11, 0.11], "id": 737, "camera_size": [47, 66], "camera_position": [256, 256], "world_position": [0.6994289065439186, 0.6692480004645234, -0.1499811172591147], "world_orientation": [0.7305399664011238, 0.6828675402343195, 0.001811072879589783, -0.6828699148280134, 0.7305381144057964, 0.0016561470965406905, -0.00019212867242604487, -0.002446608827294954, 0.9999969885913755], "world_rotation": [-0.0030040422360497684, 0.0014667462996312184, -0.9999944121771562, 0.7516875402917328]}], "source": "action wait"}
{"timestamp": 1706068165.264703, "objects": [{"color": "cv_", "id_name": "hand", "shape": "CVCylinder", "id_string": "ob383", "world_size": [0.12, 0.005, 0.12], "id": 383, "camera_size": [49, 48], "camera_position": [246, 217], "world_position": [0.7950339600196307, 0.6754211092607606, -0.17411118152787847], "world_orientation": [-3.6993743540181495e-05, -0.0020825415317055214, 0.9999978308237631, -0.0007939990742818495, -0.9999975162302281, -0.0020825702496114003, 0.9999996840984167, -0.0007940743940280094, 3.534011560826661e-05], "world_rotation": [0.0, 1.0, 0.0, 0.0]}, {"color": "CVPurple", "id_name": "object85847089300937", "shape": "CVBox", "id_string": "ob737", "world_size": [0.11, 0.11, 0.11], "id": 737, "camera_size": [47, 66], "camera_position": [256, 271], "world_position": [0.6632827466521801, 0.6712798606348293, -0.14998417314832385], "world_orientation": [0.7263534595517386, 0.6873140084225321, -0.0031789343139752694, -0.6873130811758553, 0.7263596424047651, 0.0015486543106975554, 0.003373461393473684, 0.0010600527219691142, 0.9999937480036831], "world_rotation": [0.00035543894839530204, 0.004766617001362153, 0.9999885764475094, -0.7577948461151356]}], "source": "action wait"}
{"timestamp": 1706068165.299101, "objects": [{"color": "cv_", "id_name": "hand", "shape": "CVCylinder", "id_string": "ob383", "world_size": [0.12, 0.005, 0.12], "id": 383, "camera_size": [49, 49], "camera_position": [246, 228], "world_position": [0.7696154091248446, 0.6759363441973215, -0.17412421184788784], "world_orientation": [-2.1094448340275246e-05, -0.0018603524792328806, 0.9999982693203411, -0.0007933136962204372, -0.9999979548388811, -0.0018603686287288958, 0.9999996851041523, -0.0007933515666988806, 1.9618562097497045e-05], "world_rotation": [0.0, 1.0, 0.0, 0.0]}, {"color": "CVPurple", "id_name": "object85847089300937", "shape": "CVBox", "id_string": "ob737", "world_size": [0.11, 0.11, 0.11], "id": 737, "camera_size": [47, 66], "camera_position": [256, 282], "world_position": [0.6377071490642134, 0.6717557572859731, -0.14999150086317173], "world_orientation": [0.7260977019262321, 0.687522244908356, -0.009761660392528038, -0.6875436954663274, 0.7261414826235105, 0.0014879643261818776, 0.00811135512417762, 0.0056311605823771305, 0.9999512467858347], "world_rotation": [-0.0030128209764887525, 0.012996776578305079, 0.9999109993936146, -0.7581704463574046]}], "source": "action wait"}
