{"timestamp": 1706031082.152385, "objects": [{"color": "cv_", "id_name": "hand", "shape": "CVCylinder", "id_string": "ob382", "world_size": [0.12, 0.005, 0.12], "id": 382, "camera_size": [48, 50], "camera_position": [246, 426], "world_position": [0.26764451554003255, 0.6334703013847341, -0.17389260400847453], "world_orientation": [-0.0006415490501470221, 0.1979154748665549, 0.9802188802625474, -0.00074736710089741, -0.9802189031249391, 0.19791499033412857, 0.9999995149284987, -0.0006056111687282907, 0.0007767740209101415], "world_rotation": [0.0, 1.0, 0.0, 0.0]}, {"color": "CVGreen", "id_name": "object184555356026938", "shape": "CVBox", "id_string": "ob1037", "world_size": [0.1, 0.1, 0.1], "id": 1037, "camera_size": [41, 41], "camera_position": [256, 254], "world_position": [0.705, 0.6498037932383656, -0.15], "world_orientation": [1.0, 2.1316282072802963e-17, -9.624447840080312e-18, -2.1316282072802963e-17, 1.0, -1.5774048733874193e-16, 9.624447840080312e-18, 1.5774048733874193e-16, 1.0], "world_rotation": [-0.9891858493133231, 0.06035462278252622, 0.13367376342071935, -1.5946496550495827e-16]}], "source": "manual check"}
{"timestamp": 1706031083.180734, "objects": [{"color": "cv_", "id_name": "hand", "shape": "CVCylinder", "id_string": "ob382", "world_size": [0.12, 0.005, 0.12], "id": 382, "camera_size": [48, 50], "camera_position": [246, 426], "world_position": [0.26764451554003255, 0.6334703013847341, -0.17389260400847453], "world_orientation": [-0.0006415490501470221, 0.1979154748665549, 0.9802188802625474, -0.00074736710089741, -0.9802189031249391, 0.19791499033412857, 0.9999995149284987, -0.0006056111687282907, 0.0007767740209101415], "world_rotation": [0.0, 1.0, 0.0, 0.0]}, {"color": "CVGreen", "id_name": "object184555356026938", "shape": "CVBox", "id_string": "ob1037", "world_size": [0.1, 0.1, 0.1], "id": 1037, "camera_size": [41, 41], "camera_position": [256, 254], "world_position": [0.705, 0.6498037994254439, -0.15], "world_orientation": [1.0, 8.100187187665134e-17, -1.2653630886983698e-17, -8.100187187665134e-17, 1.0, -1.9397816686250694e-16, 1.2653630886983698e-17, 1.9397816686250694e-16, 1.0], "world_rotation": [-0.9211093596285536, 0.06008602943210125, 0.38463907325148433, -2.1059189642881336e-16]}], "source": "manual check"}
{"timestamp": 1706031086.822055, "objects": [{"color": "cv_", "id_name": "hand", "shape": "CVCylinder", "id_string": "ob382", "world_size": [0.12, 0.005, 0.12], "id": 382, "camera_size": [48, 50], "camera_position": [246, 426], "world_position": [0.26764451554003255, 0.6334703013847341, -0.17389260400847453], "world_orientation": [-0.0006415490501470221, 0.1979154748665549, 0.9802188802625474, -0.00074736710089741, -0.9802189031249391, 0.19791499033412857, 0.9999995149284987, -0.0006056111687282907, 0.0007767740209101415], "world_rotation": [0.0, 1.0, 0.0, 0.0]}, {"color": "CVGreen", "id_name": "object184555356026938", "shape": "CVBox", "id_string": "ob1037", "world_size": [0.1, 0.1, 0.1], "id": 1037, "camera_size": [41, 41], "camera_position": [256, 254], "world_position": [0.705, 0.6498037994254439, -0.15], "world_orientation": [1.0, 8.100187187665134e-17, -1.2653630886983698e-17, -8.100187187665134e-17, 1.0, -1.9397816686250694e-16, 1.2653630886983698e-17, 1.9397816686250694e-16, 1.0], "world_rotation": [-0.9211093596285536, 0.06008602943210125, 0.38463907325148433, -2.1059189642881336e-16]}], "source": "action wait"}
{"timestamp": 1706031086.855396, "objects": [{"color": "cv_", "id_name": "hand", "shape": "CVCylinder", "id_string": "ob382", "world_size": [0.12, 0.005, 0.12], "id": 382, "camera_size": [49, 51], "camera_position": [246, 421], "world_position": [0.2918225544240804, 0.6684281366993402, -0.17395575464706822], "world_orientation": [-0.00037766964098850725, 0.20473232741581943, 0.9788179256003355, -0.0007134851365066104, -0.9788178014352794, 0.20473202615215402, 0.9999996741522481, -0.0006210509704466243, 0.0005157432402352449], "world_rotation": [0.0, 1.0, 0.0, 0.0]}, {"color": "CVGreen", "id_name": "object184555356026938", "shape": "CVBox", "id_string": "ob1037", "world_size": [0.1, 0.1, 0.1], "id": 1037, "camera_size": [41, 41], "camera_position": [256, 254], "world_position": [0.705, 0.6498037994254439, -0.15], "world_orientation": [1.0, 8.100187187665134e-17, -1.2653630886983698e-17, -8.100187187665134e-17, 1.0, -1.9397816686250694e-16, 1.2653630886983698e-17, 1.9397816686250694e-16, 1.0], "world_rotation": [-0.9211093596285536, 0.06008602943210125, 0.38463907325148433, -2.1059189642881336e-16]}], "source": "action wait"}
{"timestamp": 1706031086.890865, "objects": [{"color": "cv_", "id_name": "hand", "shape": "CVCylinder", "id_string": "ob382", "world_size": [0.12, 0.005, 0.12], "id": 382, "camera_size": [51, 52], "camera_position": [246, 405], "world_position": [0.33836049112429434, 0.7071547586632663, -0.17398350286226807], "world_orientation": [-0.00021411475109931748, 0.19814824591177618, 0.9801720393874535, -0.0007291468615295699, -0.9801718322338265, 0.19814804475502162, 0.9999997112498222, -0.0006722629469951483, 0.00035434841951789795], "world_rotation": [0.0, 1.0, 0.0, 0.0]}, {"color": "CVGreen", "id_name": "object184555356026938", "shape": "CVBox", "id_string": "ob1037", "world_size": [0.1, 0.1, 0.1], "id": 1037, "camera_size": [41, 41], "camera_position": [256, 254], "world_position": [0.705, 0.6498037994254439, -0.15], "world_orientation": [1.0, 8.100187187665134e-17, -1.2653630886983698e-17, -8.100187187665134e-17, 1.0, -1.9397816686250694e-16, 1.2653630886983698e-17, 1.9397816686250694e-16, 1.0], "world_rotation": [-0.9211093596285536, 0.06008602943210125, 0.38463907325148433, -2.1059189642881336e-16]}], "source": "action wait"}
{"timestamp": 1706031086.924547, "objects": [{"color": "cv_", "id_name": "hand", "shape": "CVCylinder", "id_string": "ob382", "world_size": [0.12, 0.005, 0.12], "id": 382, "camera_size": [51, 53], "camera_position": [246, 388], "world_position": [0.38928632466272506, 0.740857038969003, -0.1740040736426164], "world_orientation": [-0.00010771781071047478, 0.19343297475389984, 0.9811134861343669, -0.0007400528276679696, -0.9811132385789612, 0.19343284469529765, 0.9999997203593036, -0.0007052396471271266, 0.00024883399005006776], "world_rotation": [0.0, 1.0, 0.0, 0.0]}, {"color": "CVGreen", "id_name": "object184555356026938", "shape": "CVBox", "id_string": "ob1037", "world_size": [0.1, 0.1, 0.1], "id": 1037, "camera_size": [41, 41], "camera_position": [256, 254], "world_position": [0.705, 0.6498037994254439, -0.15], "world_orientation": [1.0, 8.100187187665134e-17, -1.2653630886983698e-17, -8.100187187665134e-17, 1.0, -1.9397816686250694e-16, 1.2653630886983698e-17, 1.9397816686250694e-16, 1.0], "world_rotation": [-0.9211093596285536, 0.06008602943210125, 0.38463907325148433, -2.1059189642881336e-16]}], "source": "action wait"}
{"timestamp": 1706031086.957671, "objects": [{"color": "cv_", "id_name": "hand", "shape": "CVCylinder", "id_string": "ob382", "world_size": [0.12, 0.005, 0.12], "id": 382, "camera_size": [52, 53], "camera_position": [245, 367], "world_position": [0.44366416533976344, 0.7691739329662909, -0.1740226694426369], "world_orientation": [-3.282418833387642e-05, 0.19010339803428078, 0.9817640739904839, -0.0007472478636829234, -0.9817638050837517, 0.19010332098125965, 0.9999997202715624, -0.0007273811197195374, 0.0001742799580978598], "world_rotation": [0.0, 1.0, 0.0, 0.0]}, {"color": "CVGreen", "id_name": "object184555356026938", "shape": "CVBox", "id_string": "ob1037", "world_size": [0.1, 0.1, 0.1], "id": 1037, "camera_size": [41, 41], "camera_position": [256, 254], "world_position": [0.705, 0.6498037994254439, -0.15], "world_orientation": [1.0, 8.100187187665134e-17, -1.2653630886983698e-17, -8.100187187665134e-17, 1.0, -1.9397816686250694e-16, 1.2653630886983698e-17, 1.9397816686250694e-16, 1.0], "world_rotation": [-0.9211093596285536, 0.06008602943210125, 0.38463907325148433, -2.1059189642881336e-16]}], "source": "action wait"}
{"timestamp": 1706031086.989168, "objects": [{"color": "cv_", "id_name": "hand", "shape": "CVCylinder", "id_string": "ob382", "world_size": [0.12, 0.005, 0.12], "id": 382, "camera_size": [53, 54], "camera_position": [245, 343], "world_position": [0.5008323712449322, 0.7918344695356718, -0.17403889687870236], "world_orientation": [1.9802805114146492e-05, 0.187751443059174, 0.982216572471187, -0.0007520774059371903, -0.9822162920866312, 0.18775140462634426, 0.9999997169936722, -0.0007424208963686794, 0.00012175298044520263], "world_rotation": [0.0, 1.0, 0.0, 0.0]}, {"color": "CVGreen", "id_name": "object184555356026938", "shape": "CVBox", "id_string": "ob1037", "world_size": [0.1, 0.1, 0.1], "id": 1037, "camera_size": [41, 41], "camera_position": [256, 254], "world_position": [0.705, 0.6498037994254439, -0.15], "world_orientation": [1.0, 8.100187187665134e-17, -1.2653630886983698e-17, -8.100187187665134e-17, 1.0, -1.9397816686250694e-16, 1.2653630886983698e-17, 1.9397816686250694e-16, 1.0], "world_rotation": [-0.9211093596285536, 0.06008602943210125, 0.38463907325148433, -2.1059189642881336e-16]}], "source": "action wait"}
{"timestamp": 1706031087.018417, "objects": [{"color": "cv_", "id_name": "hand", "shape": "CVCylinder", "id_string": "ob382", "world_size": [0.12, 0.005, 0.12], "id": 382, "camera_size": [54, 54], "camera_position": [245, 318], "world_position": [0.5601392816928551, 0.8086151332199502, -0.17405260426984284], "world_orientation": [5.6643195155168236e-05, 0.186088565957952, 0.9825329726840017, -0.0007553808408254795, -0.9825326859811969, 0.1860885552052044, 0.9999997130956257, -0.0007527272333937182, 8.491394674338652e-05], "world_rotation": [0.0, 1.0, 0.0, 0.0]}, {"color": "CVGreen", "id_name": "object184555356026938", "shape": "CVBox", "id_string": "ob1037", "world_size": [0.1, 0.1, 0.1], "id": 1037, "camera_size": [41, 41], "camera_position": [256, 254], "world_position": [0.705, 0.6498037994254439, -0.15], "world_orientation": [1.0, 8.100187187665134e-17, -1.2653630886983698e-17, -8.100187187665134e-17, 1.0, -1.9397816686250694e-16, 1.2653630886983698e-17, 1.9397816686250694e-16, 1.0], "world_rotation": [-0.9211093596285536, 0.06008602943210125, 0.38463907325148433, -2.1059189642881336e-16]}], "source": "action wait"}
{"timestamp": 1706031087.05005, "objects": [{"color": "cv_", "id_name": "hand", "shape": "CVCylinder", "id_string": "ob382", "world_size": [0.12, 0.005, 0.12], "id": 382, "camera_size": [54, 54], "camera_position": [245, 291], "world_position": [0.6211136127805782, 0.8141778246244061, -0.1740631388046217], "world_orientation": [7.76280191708822e-05, 0.17753359629048748, 0.9841147372954319, -0.0007643998249994654, -0.98411444221333, 0.17753360335455995, 0.9999997048333555, -0.0007660387149330075, 5.9311795149919116e-05], "world_rotation": [0.0, 1.0, 0.0, 0.0]}, {"color": "CVGreen", "id_name": "object184555356026938", "shape": "CVBox", "id_string": "ob1037", "world_size": [0.1, 0.1, 0.1], "id": 1037, "camera_size": [41, 41], "camera_position": [256, 254], "world_position": [0.705, 0.6498037994254439, -0.15], "world_orientation": [1.0, 8.100187187665134e-17, -1.2653630886983698e-17, -8.100187187665134e-17, 1.0, -1.9397816686250694e-16, 1.2653630886983698e-17, 1.9397816686250694e-16, 1.0], "world_rotation": [-0.9211093596285536, 0.06008602943210125, 0.38463907325148433, -2.1059189642881336e-16]}], "source": "action wait"}
{"timestamp": 1706031087.082963, "objects": [{"color": "cv_", "id_name": "hand", "shape": "CVCylinder", "id_string": "ob382", "world_size": [0.12, 0.005, 0.12], "id": 382, "camera_size": [53, 53], "camera_position": [245, 263], "world_position": [0.683241354008989, 0.7948286320224586, -0.17407085431538363], "world_orientation": [6.940454022820588e-05, 0.14271810218883915, 0.9897633749996136, -0.0007772216144087803, -0.9897630707399233, 0.14271811281697896, 0.9999996955547396, -0.0007791707732025016, 4.222954292941806e-05], "world_rotation": [0.0, 1.0, 0.0, 0.0]}, {"color": "CVGreen", "id_name": "object184555356026938", "shape": "CVBox", "id_string": "ob1037", "world_size": [0.1, 0.1, 0.1], "id": 1037, "camera_size": [41, 41], "camera_position": [256, 254], "world_position": [0.705, 0.6498037994254439, -0.15], "world_orientation": [1.0, 8.100187187665134e-17, -1.2653630886983698e-17, -8.100187187665134e-17, 1.0, -1.9397816686250694e-16, 1.2653630886983698e-17, 1.9397816686250694e-16, 1.0], "world_rotation": [-0.9211093596285536, 0.06008602943210125, 0.38463907325148433, -2.1059189642881336e-16]}], "source": "action wait"}
{"timestamp": 1706031087.118642, "objects": [{"color": "cv_", "id_name": "hand", "shape": "CVCylinder", "id_string": "ob382", "world_size": [0.12, 0.005, 0.12], "id": 382, "camera_size": [52, 52], "camera_position": [245, 239], "world_position": [0.7375078239514244, 0.7639608194853784, -0.17407256217786699], "world_orientation": [3.7280649854232217e-05, 0.10032287965789266, 0.9949549328624394, -0.000776839140094651, -0.9949546304311245, 0.10032287827118457, 0.9999996975655061, -0.0007766600365753034, 4.084218436770564e-05], "world_rotation": [0.0, 1.0, 0.0, 0.0]}, {"color": "CVGreen", "id_name": "object184555356026938", "shape": "CVBox", "id_string": "ob1037", "world_size": [0.1, 0.1, 0.1], "id": 1037, "camera_size": [41, 41], "camera_position": [256, 254], "world_position": [0.705, 0.6498037994254439, -0.15], "world_orientation": [1.0, 8.100187187665134e-17, -1.2653630886983698e-17, -8.100187187665134e-17, 1.0, -1.9397816686250694e-16, 1.2653630886983698e-17, 1.9397816686250694e-16, 1.0], "world_rotation": [-0.9211093596285536, 0.06008602943210125, 0.38463907325148433, -2.1059189642881336e-16]}], "source": "action wait"}
{"timestamp": 1706031087.153327, "objects": [{"color": "cv_", "id_name": "hand", "shape": "CVCylinder", "id_string": "ob382", "world_size": [0.12, 0.005, 0.12], "id": 382, "camera_size": [51, 51], "camera_position": [246, 224], "world_position": [0.774789003992019, 0.7386547838087826, -0.1740739999814813], "world_orientation": [1.26252501927375e-05, 0.0702522000086037, 0.9975292618437588, -0.0007700827177590449, -0.997528965459102, 0.07025218888192566, 0.9999997034065616, -0.0007690669964663731, 4.15059523481427e-05], "world_rotation": [0.0, 1.0, 0.0, 0.0]}, {"color": "CVGreen", "id_name": "object184555356026938", "shape": "CVBox", "id_string": "ob1037", "world_size": [0.1, 0.1, 0.1], "id": 1037, "camera_size": [41, 41], "camera_position": [256, 254], "world_position": [0.705, 0.6498037994254439, -0.15], "world_orientation": [1.0, 8.100187187665134e-17, -1.2653630886983698e-17, -8.100187187665134e-17, 1.0, -1.9397816686250694e-16, 1.2653630886983698e-17, 1.9397816686250694e-16, 1.0], "world_rotation": [-0.9211093596285536, 0.06008602943210125, 0.38463907325148433, -2.1059189642881336e-16]}], "source": "action wait"}
{"timestamp": 1706031087.185629, "objects": [{"color": "cv_", "id_name": "hand", "shape": "CVCylinder", "id_string": "ob382", "world_size": [0.12, 0.005, 0.12], "id": 382, "camera_size": [51, 51], "camera_position": [246, 214], "world_position": [0.8003635570829417, 0.7191736111247982, -0.17407754408254644], "world_orientation": [-6.628228637599604e-07, 0.04901919770119222, 0.9987978365296413, -0.0007650497380631086, -0.9987975442559381, 0.04901918284922318, 0.9999997073491866, -0.0007640975321801943, 3.8164150210342614e-05], "world_rotation": [0.0, 1.0, 0.0, 0.0]}, {"color": "CVGreen", "id_name": "object184555356026938", "shape": "CVBox", "id_string": "ob1037", "world_size": [0.1, 0.1, 0.1], "id": 1037, "camera_size": [41, 41], "camera_position": [256, 254], "world_position": [0.705, 0.6498037994254439, -0.15], "world_orientation": [1.0, 8.100187187665134e-17, -1.2653630886983698e-17, -8.100187187665134e-17, 1.0, -1.9397816686250694e-16, 1.2653630886983698e-17, 1.9397816686250694e-16, 1.0], "world_rotation": [-0.9211093596285536, 0.06008602943210125, 0.38463907325148433, -2.1059189642881336e-16]}], "source": "action wait"}
{"timestamp": 1706031087.217324, "objects": [{"color": "cv_", "id_name": "hand", "shape": "CVCylinder", "id_string": "ob382", "world_size": [0.12, 0.005, 0.12], "id": 382, "camera_size": [49, 50], "camera_position": [246, 207], "world_position": [0.817993852017554, 0.7046693471097385, -0.17408174930158496], "world_orientation": [-7.298940529497879e-06, 0.0340419760317635, 0.9994204039414937, -0.0007619742758355709, -0.999420114023261, 0.03404196059182038, 0.9999997096709221, -0.0007612841683031018, 3.323381801143104e-05], "world_rotation": [0.0, 1.0, 0.0, 0.0]}, {"color": "CVGreen", "id_name": "object184555356026938", "shape": "CVBox", "id_string": "ob1037", "world_size": [0.1, 0.1, 0.1], "id": 1037, "camera_size": [41, 41], "camera_position": [256, 254], "world_position": [0.705, 0.6498037994254439, -0.15], "world_orientation": [1.0, 8.100187187665134e-17, -1.2653630886983698e-17, -8.100187187665134e-17, 1.0, -1.9397816686250694e-16, 1.2653630886983698e-17, 1.9397816686250694e-16, 1.0], "world_rotation": [-0.9211093596285536, 0.06008602943210125, 0.38463907325148433, -2.1059189642881336e-16]}], "source": "action wait"}
{"timestamp": 1706031087.250511, "objects": [{"color": "cv_", "id_name": "hand", "shape": "CVCylinder", "id_string": "ob382", "world_size": [0.12, 0.005, 0.12], "id": 382, "camera_size": [49, 50], "camera_position": [246, 202], "world_position": [0.830207833013728, 0.6940873326558459, -0.17408586173257357], "world_orientation": [-1.0165475748536203e-05, 0.023482689862304788, 0.9997242435659417, -0.0007604201808001674, -0.9997239547593768, 0.02348267534631449, 0.9999997108288642, -0.0007599717774763313, 2.8019380888477968e-05], "world_rotation": [0.0, 1.0, 0.0, 0.0]}, {"color": "CVGreen", "id_name": "object184555356026938", "shape": "CVBox", "id_string": "ob1037", "world_size": [0.1, 0.1, 0.1], "id": 1037, "camera_size": [41, 41], "camera_position": [256, 254], "world_position": [0.705, 0.6498037994254439, -0.15], "world_orientation": [1.0, 8.100187187665134e-17, -1.2653630886983698e-17, -8.100187187665134e-17, 1.0, -1.9397816686250694e-16, 1.2653630886983698e-17, 1.9397816686250694e-16, 1.0], "world_rotation": [-0.9211093596285536, 0.06008602943210125, 0.38463907325148433, -2.1059189642881336e-16]}], "source": "action wait"}
{"timestamp": 1706031087.283435, "objects": [{"color": "cv_", "id_name": "hand", "shape": "CVCylinder", "id_string": "ob382", "world_size": [0.12, 0.005, 0.12], "id": 382, "camera_size": [49, 49], "camera_position": [246, 199], "world_position": [0.8387057575488951, 0.6864653216319656, -0.17408953540949346], "world_orientation": [-1.0990567571230382e-05, 0.016039880291592153, 0.9998713527846665, -0.0007598684572871898, -0.9998710643160729, 0.01603986731153536, 0.9999997112395259, -0.0007595944150809772, 2.3177349587497244e-05], "world_rotation": [0.0, 1.0, 0.0, 0.0]}, {"color": "CVGreen", "id_name": "object184555356026938", "shape": "CVBox", "id_string": "ob1037", "world_size": [0.1, 0.1, 0.1], "id": 1037, "camera_size": [41, 41], "camera_position": [256, 254], "world_position": [0.705, 0.6498037994254439, -0.15], "world_orientation": [1.0, 8.100187187665134e-17, -1.2653630886983698e-17, -8.100187187665134e-17, 1.0, -1.9397816686250694e-16, 1.2653630886983698e-17, 1.9397816686250694e-16, 1.0], "world_rotation": [-0.9211093596285536, 0.06008602943210125, 0.38463907325148433, -2.1059189642881336e-16]}], "source": "action wait"}
{"timestamp": 1706031087.322086, "objects": [{"color": "cv_", "id_name": "hand", "shape": "CVCylinder", "id_string": "ob382", "world_size": [0.12, 0.005, 0.12], "id": 382, "camera_size": [49, 49], "camera_position": [246, 197], "world_position": [0.8446386131873856, 0.6810208122270586, -0.1740926505034993], "world_orientation": [-1.0752310598695323e-05, 0.010794261993489438, 0.9999417401990996, -0.0007598997976733974, -0.9999414516380268, 0.010794250707349842, 0.9999997112183011, -0.0007597394629265478, 1.8954238573776896e-05], "world_rotation": [0.0, 1.0, 0.0, 0.0]}, {"color": "CVGreen", "id_name": "object184555356026938", "shape": "CVBox", "id_string": "ob1037", "world_size": [0.1, 0.1, 0.1], "id": 1037, "camera_size": [41, 41], "camera_position": [256, 254], "world_position": [0.705, 0.6498037994254439, -0.15], "world_orientation": [1.0, 8.100187187665134e-17, -1.2653630886983698e-17, -8.100187187665134e-17, 1.0, -1.9397816686250694e-16, 1.2653630886983698e-17, 1.9397816686250694e-16, 1.0], "world_rotation": [-0.9211093596285536, 0.06008602943210125, 0.38463907325148433, -2.1059189642881336e-16]}], "source": "action wait"}
{"timestamp": 1706031087.354893, "objects": [{"color": "cv_", "id_name": "hand", "shape": "CVCylinder", "id_string": "ob382", "world_size": [0.12, 0.005, 0.12], "id": 382, "camera_size": [49, 49], "camera_position": [246, 196], "world_position": [0.8487916785677159, 0.6771529155427813, -0.17409520507657403], "world_orientation": [-1.0042500527783142e-05, 0.007097314375777265, 0.9999748136967249, -0.0007602258181659267, -0.9999745248369236, 0.00709730469083668, 0.9999997109778852, -0.0007601353962021714, 1.543780632191729e-05], "world_rotation": [0.0, 1.0, 0.0, 0.0]}, {"color": "CVGreen", "id_name": "object184555356026938", "shape": "CVBox", "id_string": "ob1037", "world_size": [0.1, 0.1, 0.1], "id": 1037, "camera_size": [41, 41], "camera_position": [256, 254], "world_position": [0.705, 0.6498037994254439, -0.15], "world_orientation": [1.0, 8.100187187665134e-17, -1.2653630886983698e-17, -8.100187187665134e-17, 1.0, -1.9397816686250694e-16, 1.2653630886983698e-17, 1.9397816686250694e-16, 1.0], "world_rotation": [-0.9211093596285536, 0.06008602943210125, 0.38463907325148433, -2.1059189642881336e-16]}], "source": "action wait"}
{"timestamp": 1706031087.387465, "objects": [{"color": "cv_", "id_name": "hand", "shape": "CVCylinder", "id_string": "ob382", "world_size": [0.12, 0.005, 0.12], "id": 382, "camera_size": [49, 48], "camera_position": [246, 194], "world_position": [0.8517046889900652, 0.6744149678121046, -0.1740972524267421], "world_orientation": [-9.162094882208132e-06, 0.004491812637513985, 0.9999899117167561, -0.0007606665381574125, -0.9999896224861181, 0.004491804368962183, 0.9999997106511951, -0.000760617710000454, 1.2578771371836813e-05], "world_rotation": [0.0, 1.0, 0.0, 0.0]}, {"color": "CVGreen", "id_name": "object184555356026938", "shape": "CVBox", "id_string": "ob1037", "world_size": [0.1, 0.1, 0.1], "id": 1037, "camera_size": [41, 41], "camera_position": [256, 254], "world_position": [0.705, 0.6498037994254439, -0.15], "world_orientation": [1.0, 8.100187187665134e-17, -1.2653630886983698e-17, -8.100187187665134e-17, 1.0, -1.9397816686250694e-16, 1.2653630886983698e-17, 1.9397816686250694e-16, 1.0], "world_rotation": [-0.9211093596285536, 0.06008602943210125, 0.38463907325148433, -2.1059189642881336e-16]}], "source": "action wait"}
{"timestamp": 1706031087.425751, "objects": [{"color": "cv_", "id_name": "hand", "shape": "CVCylinder", "id_string": "ob382", "world_size": [0.12, 0.005, 0.12], "id": 382, "camera_size": [49, 49], "camera_position": [246, 194], "world_position": [0.8537509373562587, 0.6724814584728094, -0.17409886634256352], "world_orientation": [-8.288591775893509e-06, 0.0026554944387264254, 0.9999964741340768, -0.0007611199589086886, -0.9999961845343629, 0.002655487361058828, 0.9999997103138117, -0.0007610952650514464, 1.030970996950705e-05], "world_rotation": [0.0, 1.0, 0.0, 0.0]}, {"color": "CVGreen", "id_name": "object184555356026938", "shape": "CVBox", "id_string": "ob1037", "world_size": [0.1, 0.1, 0.1], "id": 1037, "camera_size": [41, 41], "camera_position": [256, 254], "world_position": [0.705, 0.6498037994254439, -0.15], "world_orientation": [1.0, 8.100187187665134e-17, -1.2653630886983698e-17, -8.100187187665134e-17, 1.0, -1.9397816686250694e-16, 1.2653630886983698e-17, 1.9397816686250694e-16, 1.0], "world_rotation": [-0.9211093596285536, 0.06008602943210125, 0.38463907325148433, -2.1059189642881336e-16]}], "source": "action wait"}
{"timestamp": 1706031087.458242, "objects": [{"color": "cv_", "id_name": "hand", "shape": "CVCylinder", "id_string": "ob382", "world_size": [0.12, 0.005, 0.12], "id": 382, "camera_size": [49, 49], "camera_position": [246, 193], "world_position": [0.8551898896914526, 0.6711181328854479, -0.1741001229316742], "world_orientation": [-7.4954007792795105e-06, 0.001361250505020982, 0.9999990734700115, -0.000761534461991592, -0.9999987835387303, 0.0013612444023405675, 0.999999710004499, -0.0007615235533350459, 8.532030832756913e-06], "world_rotation": [0.0, 1.0, 0.0, 0.0]}, {"color": "CVGreen", "id_name": "object184555356026938", "shape": "CVBox", "id_string": "ob1037", "world_size": [0.1, 0.1, 0.1], "id": 1037, "camera_size": [41, 41], "camera_position": [256, 254], "world_position": [0.705, 0.6498037994254439, -0.15], "world_orientation": [1.0, 8.100187187665134e-17, -1.2653630886983698e-17, -8.100187187665134e-17, 1.0, -1.9397816686250694e-16, 1.2653630886983698e-17, 1.9397816686250694e-16, 1.0], "world_rotation": [-0.9211093596285536, 0.06008602943210125, 0.38463907325148433, -2.1059189642881336e-16]}], "source": "action wait"}
{"timestamp": 1706031087.482311, "objects": [{"color": "cv_", "id_name": "hand", "shape": "CVCylinder", "id_string": "ob382", "world_size": [0.12, 0.005, 0.12], "id": 382, "camera_size": [49, 49], "camera_position": [246, 193], "world_position": [0.8562025851159917, 0.6701577816603892, -0.1741010919946761], "world_orientation": [-6.813317186288356e-06, 0.0004490358033992616, 0.9999998991602079, -0.0007618889480584593, -0.999999608948352, 0.000449030482092466, 0.9999997097393626, -0.000761885811842963, 7.1554299381866675e-06], "world_rotation": [0.0, 1.0, 0.0, 0.0]}, {"color": "CVGreen", "id_name": "object184555356026938", "shape": "CVBox", "id_string": "ob1037", "world_size": [0.1, 0.1, 0.1], "id": 1037, "camera_size": [41, 41], "camera_position": [256, 254], "world_position": [0.705, 0.6498037994254439, -0.15], "world_orientation": [1.0, 8.100187187665134e-17, -1.2653630886983698e-17, -8.100187187665134e-17, 1.0, -1.9397816686250694e-16, 1.2653630886983698e-17, 1.9397816686250694e-16, 1.0], "world_rotation": [-0.9211093596285536, 0.06008602943210125, 0.38463907325148433, -2.1059189642881336e-16]}], "source": "action wait"}
{"timestamp": 1706031087.512591, "objects": [{"color": "cv_", "id_name": "hand", "shape": "CVCylinder", "id_string": "ob382", "world_size": [0.12, 0.005, 0.12], "id": 382, "camera_size": [49, 48], "camera_position": [246, 192], "world_position": [0.8569157045307841, 0.6694816920698053, -0.17410183366218535], "world_orientation": [-6.2471505744565175e-06, -0.00019393430105170352, 0.9999999811752298, -0.0007621793644908148, -0.9999996907350913, -0.0001939390061743722, 0.9999997095217525, -0.0007621805617094665, 6.099335920467954e-06], "world_rotation": [0.0, 1.0, 0.0, 0.0]}, {"color": "CVGreen", "id_name": "object184555356026938", "shape": "CVBox", "id_string": "ob1037", "world_size": [0.1, 0.1, 0.1], "id": 1037, "camera_size": [41, 41], "camera_position": [256, 254], "world_position": [0.705, 0.6498037994254439, -0.15], "world_orientation": [1.0, 8.100187187665134e-17, -1.2653630886983698e-17, -8.100187187665134e-17, 1.0, -1.9397816686250694e-16, 1.2653630886983698e-17, 1.9397816686250694e-16, 1.0], "world_rotation": [-0.9211093596285536, 0.06008602943210125, 0.38463907325148433, -2.1059189642881336e-16]}], "source": "action wait"}
{"timestamp": 1706031087.543886, "objects": [{"color": "cv_", "id_name": "hand", "shape": "CVCylinder", "id_string": "ob382", "world_size": [0.12, 0.005, 0.12], "id": 382, "camera_size": [49, 48], "camera_position": [246, 192], "world_position": [0.8574180803817438, 0.6690058806789401, -0.17410239778638154], "world_orientation": [-5.788741047385431e-06, -0.000647141502564067, 0.9999997905871613, -0.0007624102802538249, -0.9999994999663608, -0.0006471457278874859, 0.9999997093484854, -0.0007624138667546969, 5.295350818850649e-06], "world_rotation": [0.0, 1.0, 0.0, 0.0]}, {"color": "CVGreen", "id_name": "object184555356026938", "shape": "CVBox", "id_string": "ob1037", "world_size": [0.1, 0.1, 0.1], "id": 1037, "camera_size": [41, 41], "camera_position": [256, 254], "world_position": [0.705, 0.6498037994254439, -0.15], "world_orientation": [1.0, 8.100187187665134e-17, -1.2653630886983698e-17, -8.100187187665134e-17, 1.0, -1.9397816686250694e-16, 1.2653630886983698e-17, 1.9397816686250694e-16, 1.0], "world_rotation": [-0.9211093596285536, 0.06008602943210125, 0.38463907325148433, -2.1059189642881336e-16]}], "source": "action wait"}
{"timestamp": 1706031087.578811, "objects": [{"color": "cv_", "id_name": "hand", "shape": "CVCylinder", "id_string": "ob382", "world_size": [0.12, 0.005, 0.12], "id": 382, "camera_size": [49, 49], "camera_position": [246, 192], "world_position": [0.857772101555378, 0.6686710712269899, -0.1741028246557804], "world_orientation": [-5.424324256848294e-06, -0.0009665999686001149, 0.9999995328274297, -0.0007625899016549214, -0.9999992420665574, -0.0009666038240870116, 0.9999997092135671, -0.0007625947885667452, 4.687200770941186e-06], "world_rotation": [0.0, 1.0, 0.0, 0.0]}, {"color": "CVGreen", "id_name": "object184555356026938", "shape": "CVBox", "id_string": "ob1037", "world_size": [0.1, 0.1, 0.1], "id": 1037, "camera_size": [41, 41], "camera_position": [256, 254], "world_position": [0.705, 0.6498037994254439, -0.15], "world_orientation": [1.0, 8.100187187665134e-17, -1.2653630886983698e-17, -8.100187187665134e-17, 1.0, -1.9397816686250694e-16, 1.2653630886983698e-17, 1.9397816686250694e-16, 1.0], "world_rotation": [-0.9211093596285536, 0.06008602943210125, 0.38463907325148433, -2.1059189642881336e-16]}], "source": "action wait"}
{"timestamp": 1706031087.617799, "objects": [{"color": "cv_", "id_name": "hand", "shape": "CVCylinder", "id_string": "ob382", "world_size": [0.12, 0.005, 0.12], "id": 382, "camera_size": [48, 49], "camera_position": [246, 192], "world_position": [0.858021634732068, 0.6684354886172457, -0.17410314624736387], "world_orientation": [-5.138655222976378e-06, -0.001191786671220367, 0.9999992898088101, -0.0007627273101355492, -0.9999989989410315, -0.0011917902439629493, 0.99999970911028, -0.000762732892652876, 4.2296418372479386e-06], "world_rotation": [0.0, 1.0, 0.0, 0.0]}, {"color": "CVGreen", "id_name": "object184555356026938", "shape": "CVBox", "id_string": "ob1037", "world_size": [0.1, 0.1, 0.1], "id": 1037, "camera_size": [41, 41], "camera_position": [256, 254], "world_position": [0.705, 0.6498037994254439, -0.15], "world_orientation": [1.0, 8.100187187665134e-17, -1.2653630886983698e-17, -8.100187187665134e-17, 1.0, -1.9397816686250694e-16, 1.2653630886983698e-17, 1.9397816686250694e-16, 1.0], "world_rotation": [-0.9211093596285536, 0.06008602943210125, 0.38463907325148433, -2.1059189642881336e-16]}], "source": "action wait"}
{"timestamp": 1706031089.192328, "objects": [{"color": "cv_", "id_name": "hand", "shape": "CVCylinder", "id_string": "ob382", "world_size": [0.12, 0.005, 0.12], "id": 382, "camera_size": [48, 49], "camera_position": [246, 192], "world_position": [0.8586182800588392, 0.6678756249242115, -0.17410408526375878], "world_orientation": [-4.228304349667476e-06, -0.0017297975363547635, 0.9999985038901832, -0.0007631197193253904, -0.9999982127180811, -0.0017298002593921426, 0.9999997088151653, -0.000763125891736813, 2.908254182426402e-06], "world_rotation": [0.0, 1.0, 0.0, 0.0]}, {"color": "CVGreen", "id_name": "object184555356026938", "shape": "CVBox", "id_string": "ob1037", "world_size": [0.1, 0.1, 0.1], "id": 1037, "camera_size": [41, 41], "camera_position": [256, 254], "world_position": [0.705, 0.6498037994254439, -0.15], "world_orientation": [1.0, 8.100187187665134e-17, -1.2653630886983698e-17, -8.100187187665134e-17, 1.0, -1.9397816686250694e-16, 1.2653630886983698e-17, 1.9397816686250694e-16, 1.0], "world_rotation": [-0.9211093596285536, 0.06008602943210125, 0.38463907325148433, -2.1059189642881336e-16]}], "source": "action wait"}
{"timestamp": 1706031089.228136, "objects": [{"color": "cv_", "id_name": "hand", "shape": "CVCylinder", "id_string": "ob382", "world_size": [0.12, 0.005, 0.12], "id": 382, "camera_size": [48, 48], "camera_position": [246, 205], "world_position": [0.825976660203112, 0.654934358208827, -0.17408824831180048], "world_orientation": [-4.616525722359838e-05, -0.022710194441398025, 0.9997420892096137, -0.000760136366646066, -0.9997418006488313, -0.022710222987379444, 0.9999997100306945, -0.0007609887425611333, 2.889049269598263e-05], "world_rotation": [0.0, 1.0, 0.0, 0.0]}, {"color": "CVGreen", "id_name": "object184555356026938", "shape": "CVBox", "id_string": "ob1037", "world_size": [0.1, 0.1, 0.1], "id": 1037, "camera_size": [41, 41], "camera_position": [256, 254], "world_position": [0.705, 0.6498037994254439, -0.15], "world_orientation": [1.0, 8.100187187665134e-17, -1.2653630886983698e-17, -8.100187187665134e-17, 1.0, -1.9397816686250694e-16, 1.2653630886983698e-17, 1.9397816686250694e-16, 1.0], "world_rotation": [-0.9211093596285536, 0.06008602943210125, 0.38463907325148433, -2.1059189642881336e-16]}], "source": "action wait"}
{"timestamp": 1706031089.262769, "objects": [{"color": "cv_", "id_name": "hand", "shape": "CVCylinder", "id_string": "ob382", "world_size": [0.12, 0.005, 0.12], "id": 382, "camera_size": [48, 49], "camera_position": [246, 219], "world_position": [0.7918096124410849, 0.6616426777279548, -0.17410152173413487], "world_orientation": [-3.398189395037143e-05, -0.016538736995598633, 0.9998632251582321, -0.00075804110480626, -0.9998629380356023, -0.016538758009499242, 0.9999997121094157, -0.0007584994421752101, 2.1440193861342684e-05], "world_rotation": [0.0, 1.0, 0.0, 0.0]}, {"color": "CVGreen", "id_name": "object184555356026938", "shape": "CVBox", "id_string": "ob1037", "world_size": [0.1, 0.1, 0.1], "id": 1037, "camera_size": [41, 43], "camera_position": [256, 264], "world_position": [0.680815972230042, 0.651184230571335, -0.15000561499732776], "world_orientation": [0.9995280645602912, -0.03071855836956059, 0.00013538114435448877, 0.030718559830314116, 0.9995280736456857, -8.723326574063383e-06, -0.00013504928640804847, 1.287792350985105e-05, 0.9999999907979247], "world_rotation": [0.0003515959100764688, 0.004401700505617017, 0.9999902506589626, 0.030723691940933034]}], "source": "action wait"}
{"timestamp": 1706031089.297649, "objects": [{"color": "cv_", "id_name": "hand", "shape": "CVCylinder", "id_string": "ob382", "world_size": [0.12, 0.005, 0.12], "id": 382, "camera_size": [48, 49], "camera_position": [246, 229], "world_position": [0.767218501581679, 0.6650283259600898, -0.17410630679613423], "world_orientation": [-1.7637514357082745e-05, -0.012116163973985893, 0.9999265964356954, -0.0007619050916959589, -0.999926306199985, -0.012116173896282369, 0.9999997095947326, -0.0007620628643379824, 8.404847558383431e-06], "world_rotation": [0.0, 1.0, 0.0, 0.0]}, {"color": "CVGreen", "id_name": "object184555356026938", "shape": "CVBox", "id_string": "ob1037", "world_size": [0.1, 0.1, 0.1], "id": 1037, "camera_size": [41, 44], "camera_position": [256, 282], "world_position": [0.6357140969070392, 0.6516913944839487, -0.1500182579980676], "world_orientation": [0.9991693016586929, -0.04074983993698539, 0.0003964441827811014, 0.04074984527157163, 0.9991693800759458, -5.384526760602353e-06, -0.0003958954697404771, 2.1535092950297293e-05, 0.9999999214015053], "world_rotation": [0.00033028773154376265, 0.009721536531868762, 0.9999526901996284, 0.04076305845720041]}], "source": "action wait"}
{"timestamp": 1706031089.334524, "objects": [{"color": "cv_", "id_name": "hand", "shape": "CVCylinder", "id_string": "ob382", "world_size": [0.12, 0.005, 0.12], "id": 382, "camera_size": [48, 49], "camera_position": [246, 236], "world_position": [0.7498233496821496, 0.6666571034210717, -0.17410844070485107], "world_orientation": [-8.296854361358371e-06, -0.009013481522426202, 0.9999593777159186, -0.0007633977241995362, -0.9999590863169981, -0.009013485229857428, 0.9999997085774961, -0.0007634414968149152, 1.4156436255101866e-06], "world_rotation": [0.0, 1.0, 0.0, 0.0]}, {"color": "CVGreen", "id_name": "object184555356026938", "shape": "CVBox", "id_string": "ob1037", "world_size": [0.1, 0.1, 0.1], "id": 1037, "camera_size": [41, 44], "camera_position": [256, 298], "world_position": [0.5948350762769604, 0.6489851534120863, -0.15003250523076664], "world_orientation": [0.9998840992144298, 0.015210298470685349, 0.000659513897553084, -0.015210297169600349, 0.9998843167142737, -6.988740897212186e-06, -0.0006595439036534136, -3.0434714726112885e-06, 0.9999997824962648], "world_rotation": [0.00012956898717567827, 0.04331997765800043, -0.9990612407393192, 0.0152251782529659]}], "source": "action wait"}
{"timestamp": 1706031089.3655, "objects": [{"color": "cv_", "id_name": "hand", "shape": "CVCylinder", "id_string": "ob382", "world_size": [0.12, 0.005, 0.12], "id": 382, "camera_size": [48, 49], "camera_position": [246, 241], "world_position": [0.7375526673258465, 0.6674332466647689, -0.17410915880436045], "world_orientation": [-3.5547190052250057e-06, -0.006835953494222753, 0.9999766345906232, -0.0007638237299612724, -0.9999763428718085, -0.006835954215241731, 0.9999997082802942, -0.0007638301828038627, -1.6668285846529919e-06], "world_rotation": [0.0, 1.0, 0.0, 0.0]}, {"color": "CVGreen", "id_name": "object184555356026938", "shape": "CVBox", "id_string": "ob1037", "world_size": [0.1, 0.1, 0.1], "id": 1037, "camera_size": [41, 44], "camera_position": [256, 309], "world_position": [0.5669389434889048, 0.6502153476277508, -0.1500319561045133], "world_orientation": [0.9999419275877361, -0.010756694723189308, 0.0006595231267878183, 0.010756697635153113, 0.9999421450540187, -8.681671083160516e-07, -0.0006594756315043915, 7.962407550002183e-06, 0.9999997825142223], "world_rotation": [0.0004096993818136726, 0.06119567489034024, 0.9981257042683211, 0.01077710388628871]}], "source": "action wait"}
{"timestamp": 1706031089.396732, "objects": [{"color": "cv_", "id_name": "hand", "shape": "CVCylinder", "id_string": "ob382", "world_size": [0.12, 0.005, 0.12], "id": 382, "camera_size": [48, 48], "camera_position": [246, 244], "world_position": [0.7289073500523897, 0.6677992806776706, -0.17410911268413343], "world_orientation": [-1.0448632024950646e-06, -0.005306898561367823, 0.9999859183141371, -0.000763832259339686, -0.9999856265946525, -0.005306897811331374, 0.9999997082795514, -0.0007638270482763687, -3.0087321335996414e-06], "world_rotation": [0.0, 1.0, 0.0, 0.0]}, {"color": "CVGreen", "id_name": "object184555356026938", "shape": "CVBox", "id_string": "ob1037", "world_size": [0.1, 0.1, 0.1], "id": 1037, "camera_size": [41, 44], "camera_position": [256, 318], "world_position": [0.5459928471436168, 0.6499559678211279, -0.15003223708315827], "world_orientation": [0.999982647511314, -0.0058538915252158525, 0.0006607800496961509, 0.005853892672878934, 0.999982865823478, 1.9724045493277935e-07, -0.0006607698823983644, 3.6708984589881e-06, 0.9999997816848197], "world_rotation": [0.0002948241430279608, 0.11216556890274114, 0.9936894878338247, 0.005891101828914373]}], "source": "action wait"}
