{"timestamp": 1706031146.456106, "objects": [{"color": "cv_", "id_name": "hand", "shape": "CVCylinder", "id_string": "ob382", "world_size": [0.12, 0.005, 0.12], "id": 382, "camera_size": [48, 50], "camera_position": [246, 426], "world_position": [0.26764451554003205, 0.633470301384731, -0.1738926040084748], "world_orientation": [-0.0006415488491866394, 0.1979154748665465, 0.9802188802626807, -0.0007473670603216621, -0.9802189031249408, 0.1979149903342736, 0.9999995149286581, -0.0006056111687282549, 0.000776773815894402], "world_rotation": [0.0, 1.0, 0.0, 0.0]}, {"color": "CVBlue", "id_name": "object41162385189301", "shape": "CVCylinder", "id_string": "ob1072", "world_size": [0.11, 0.11, 0.11], "id": 1072, "camera_size": [45, 45], "camera_position": [256, 254], "world_position": [0.705, 0.6547388526351784, -0.15], "world_orientation": [1.0, -5.161936286265336e-17, 1.4791987631444557e-17, 5.161936286265336e-17, 1.0, 1.8530027694285844e-17, -1.4791987631444557e-17, -1.8530027694285844e-17, 1.0], "world_rotation": [-0.32620844195650495, 0.2604028077184905, 0.908723516878834, 5.680425553412425e-17]}], "source": "manual check"}
{"timestamp": 1706031147.467067, "objects": [{"color": "cv_", "id_name": "hand", "shape": "CVCylinder", "id_string": "ob382", "world_size": [0.12, 0.005, 0.12], "id": 382, "camera_size": [48, 50], "camera_position": [246, 426], "world_position": [0.26764451554003205, 0.633470301384731, -0.1738926040084748], "world_orientation": [-0.0006415488491866394, 0.1979154748665465, 0.9802188802626807, -0.0007473670603216621, -0.9802189031249408, 0.1979149903342736, 0.9999995149286581, -0.0006056111687282549, 0.000776773815894402], "world_rotation": [0.0, 1.0, 0.0, 0.0]}, {"color": "CVBlue", "id_name": "object41162385189301", "shape": "CVCylinder", "id_string": "ob1072", "world_size": [0.11, 0.11, 0.11], "id": 1072, "camera_size": [45, 45], "camera_position": [256, 254], "world_position": [0.705, 0.6547388572526824, -0.15], "world_orientation": [1.0, -3.838362879530641e-17, 1.4813540171849057e-17, 3.838362879530641e-17, 1.0, 5.294293626938881e-18, -1.4813540171849057e-17, -5.294293626938881e-18, 1.0], "world_rotation": [-0.1276280613210114, 0.35710588544125776, 0.925303444577321, 4.1482206750932463e-17]}], "source": "manual check"}
{"timestamp": 1706031149.57347, "objects": [{"color": "cv_", "id_name": "hand", "shape": "CVCylinder", "id_string": "ob382", "world_size": [0.12, 0.005, 0.12], "id": 382, "camera_size": [48, 50], "camera_position": [246, 426], "world_position": [0.26764451554003205, 0.633470301384731, -0.1738926040084748], "world_orientation": [-0.0006415488491866394, 0.1979154748665465, 0.9802188802626807, -0.0007473670603216621, -0.9802189031249408, 0.1979149903342736, 0.9999995149286581, -0.0006056111687282549, 0.000776773815894402], "world_rotation": [0.0, 1.0, 0.0, 0.0]}, {"color": "CVBlue", "id_name": "object41162385189301", "shape": "CVCylinder", "id_string": "ob1072", "world_size": [0.11, 0.11, 0.11], "id": 1072, "camera_size": [45, 45], "camera_position": [256, 254], "world_position": [0.705, 0.6547388572526824, -0.15], "world_orientation": [1.0, -3.838362879530641e-17, 1.4813540171849057e-17, 3.838362879530641e-17, 1.0, 5.294293626938881e-18, -1.4813540171849057e-17, -5.294293626938881e-18, 1.0], "world_rotation": [-0.1276280613210114, 0.35710588544125776, 0.925303444577321, 4.1482206750932463e-17]}], "source": "action wait"}
{"timestamp": 1706031149.606201, "objects": [{"color": "cv_", "id_name": "hand", "shape": "CVCylinder", "id_string": "ob382", "world_size": [0.12, 0.005, 0.12], "id": 382, "camera_size": [49, 51], "camera_position": [246, 421], "world_position": [0.2916609220313504, 0.6683046214270569, -0.17395583994481756], "world_orientation": [-0.0003788356629799638, 0.20324762027868976, 0.979127295776494, -0.000713841168083619, -0.9791271715342501, 0.2032473182950425, 0.9999996734571103, -0.0006219440399447265, 0.0005160148098402609], "world_rotation": [0.0, 1.0, 0.0, 0.0]}, {"color": "CVBlue", "id_name": "object41162385189301", "shape": "CVCylinder", "id_string": "ob1072", "world_size": [0.11, 0.11, 0.11], "id": 1072, "camera_size": [45, 45], "camera_position": [256, 254], "world_position": [0.705, 0.6547388572526824, -0.15], "world_orientation": [1.0, -3.838362879530641e-17, 1.4813540171849057e-17, 3.838362879530641e-17, 1.0, 5.294293626938881e-18, -1.4813540171849057e-17, -5.294293626938881e-18, 1.0], "world_rotation": [-0.1276280613210114, 0.35710588544125776, 0.925303444577321, 4.1482206750932463e-17]}], "source": "action wait"}
{"timestamp": 1706031149.638663, "objects": [{"color": "cv_", "id_name": "hand", "shape": "CVCylinder", "id_string": "ob382", "world_size": [0.12, 0.005, 0.12], "id": 382, "camera_size": [51, 52], "camera_position": [246, 406], "world_position": [0.3380859159389834, 0.706864943749339, -0.1739835973977014], "world_orientation": [-0.00021620172189743672, 0.19549814747017538, 0.9807040468931212, -0.0007297124520814549, -0.9807038395536938, 0.19549794526894781, 0.9999997103882344, -0.0006733649624303173, 0.0003546872913512083], "world_rotation": [0.0, 1.0, 0.0, 0.0]}, {"color": "CVBlue", "id_name": "object41162385189301", "shape": "CVCylinder", "id_string": "ob1072", "world_size": [0.11, 0.11, 0.11], "id": 1072, "camera_size": [45, 45], "camera_position": [256, 254], "world_position": [0.705, 0.6547388572526824, -0.15], "world_orientation": [1.0, -3.838362879530641e-17, 1.4813540171849057e-17, 3.838362879530641e-17, 1.0, 5.294293626938881e-18, -1.4813540171849057e-17, -5.294293626938881e-18, 1.0], "world_rotation": [-0.1276280613210114, 0.35710588544125776, 0.925303444577321, 4.1482206750932463e-17]}], "source": "action wait"}
{"timestamp": 1706031149.672126, "objects": [{"color": "cv_", "id_name": "hand", "shape": "CVCylinder", "id_string": "ob382", "world_size": [0.12, 0.005, 0.12], "id": 382, "camera_size": [51, 53], "camera_position": [246, 388], "world_position": [0.38893046843379353, 0.7404504249665144, -0.1740041581789829], "world_orientation": [-0.00011046941212496504, 0.1899583919473121, 0.98179213539593, -0.0007406959115967771, -0.9817918876092132, 0.18995826066350646, 0.9999997195829985, -0.0007062248433421435, 0.00024915937694254845], "world_rotation": [0.0, 1.0, 0.0, 0.0]}, {"color": "CVBlue", "id_name": "object41162385189301", "shape": "CVCylinder", "id_string": "ob1072", "world_size": [0.11, 0.11, 0.11], "id": 1072, "camera_size": [45, 45], "camera_position": [256, 254], "world_position": [0.705, 0.6547388572526824, -0.15], "world_orientation": [1.0, -3.838362879530641e-17, 1.4813540171849057e-17, 3.838362879530641e-17, 1.0, 5.294293626938881e-18, -1.4813540171849057e-17, -5.294293626938881e-18, 1.0], "world_rotation": [-0.1276280613210114, 0.35710588544125776, 0.925303444577321, 4.1482206750932463e-17]}], "source": "action wait"}
{"timestamp": 1706031149.703829, "objects": [{"color": "cv_", "id_name": "hand", "shape": "CVCylinder", "id_string": "ob382", "world_size": [0.12, 0.005, 0.12], "id": 382, "camera_size": [52, 53], "camera_position": [245, 367], "world_position": [0.4432500844903283, 0.7686854887216861, -0.17402273617568303], "world_orientation": [-3.6045651070007394e-05, 0.18604610758485432, 0.982541014183752, -0.0007479355299314646, -0.9825407450173514, 0.18604602917877977, 0.9999997196465379, -0.0007281711838724763, 0.00017456681492555038], "world_rotation": [0.0, 1.0, 0.0, 0.0]}, {"color": "CVBlue", "id_name": "object41162385189301", "shape": "CVCylinder", "id_string": "ob1072", "world_size": [0.11, 0.11, 0.11], "id": 1072, "camera_size": [45, 45], "camera_position": [256, 254], "world_position": [0.705, 0.6547388572526824, -0.15], "world_orientation": [1.0, -3.838362879530641e-17, 1.4813540171849057e-17, 3.838362879530641e-17, 1.0, 5.294293626938881e-18, -1.4813540171849057e-17, -5.294293626938881e-18, 1.0], "world_rotation": [-0.1276280613210114, 0.35710588544125776, 0.925303444577321, 4.1482206750932463e-17]}], "source": "action wait"}
{"timestamp": 1706031149.731517, "objects": [{"color": "cv_", "id_name": "hand", "shape": "CVCylinder", "id_string": "ob382", "world_size": [0.12, 0.005, 0.12], "id": 382, "camera_size": [53, 54], "camera_position": [245, 343], "world_position": [0.5003767794162679, 0.7912886014942061, -0.17403894541417553], "world_orientation": [1.6249540885679456e-05, 0.18328253545788195, 0.9830602788904059, -0.0007527932069684231, -0.9830599982291858, 0.18328249557451295, 0.9999997165191298, -0.0007430193563949227, 0.00012199957401476636], "world_rotation": [0.0, 1.0, 0.0, 0.0]}, {"color": "CVBlue", "id_name": "object41162385189301", "shape": "CVCylinder", "id_string": "ob1072", "world_size": [0.11, 0.11, 0.11], "id": 1072, "camera_size": [45, 45], "camera_position": [256, 254], "world_position": [0.705, 0.6547388572526824, -0.15], "world_orientation": [1.0, -3.838362879530641e-17, 1.4813540171849057e-17, 3.838362879530641e-17, 1.0, 5.294293626938881e-18, -1.4813540171849057e-17, -5.294293626938881e-18, 1.0], "world_rotation": [-0.1276280613210114, 0.35710588544125776, 0.925303444577321, 4.1482206750932463e-17]}], "source": "action wait"}
{"timestamp": 1706031149.764422, "objects": [{"color": "cv_", "id_name": "hand", "shape": "CVCylinder", "id_string": "ob382", "world_size": [0.12, 0.005, 0.12], "id": 382, "camera_size": [54, 54], "camera_position": [245, 318], "world_position": [0.5596541908372572, 0.8080289241729436, -0.17405263707946977], "world_orientation": [5.2855729478300154e-05, 0.1813289972806519, 0.9834224890409335, -0.0007561158445189428, -0.9834222020509655, 0.1813289850025634, 0.9999997127475097, -0.0007531656015982667, 8.512623004049731e-05], "world_rotation": [0.0, 1.0, 0.0, 0.0]}, {"color": "CVBlue", "id_name": "object41162385189301", "shape": "CVCylinder", "id_string": "ob1072", "world_size": [0.11, 0.11, 0.11], "id": 1072, "camera_size": [45, 45], "camera_position": [256, 254], "world_position": [0.705, 0.6547388572526824, -0.15], "world_orientation": [1.0, -3.838362879530641e-17, 1.4813540171849057e-17, 3.838362879530641e-17, 1.0, 5.294293626938881e-18, -1.4813540171849057e-17, -5.294293626938881e-18, 1.0], "world_rotation": [-0.1276280613210114, 0.35710588544125776, 0.925303444577321, 4.1482206750932463e-17]}], "source": "action wait"}
{"timestamp": 1706031149.800761, "objects": [{"color": "cv_", "id_name": "hand", "shape": "CVCylinder", "id_string": "ob382", "world_size": [0.12, 0.005, 0.12], "id": 382, "camera_size": [54, 54], "camera_position": [245, 291], "world_position": [0.6205821864556764, 0.8141957008313615, -0.17406324558453487], "world_orientation": [7.424132962516701e-05, 0.17346176350562226, 0.9848406018690256, -0.0007643053579121001, -0.9848403070867796, 0.17346176920156745, 0.9999997051627291, -0.0007655969810828404, 5.946190137407032e-05], "world_rotation": [0.0, 1.0, 0.0, 0.0]}, {"color": "CVBlue", "id_name": "object41162385189301", "shape": "CVCylinder", "id_string": "ob1072", "world_size": [0.11, 0.11, 0.11], "id": 1072, "camera_size": [45, 45], "camera_position": [256, 254], "world_position": [0.705, 0.6547388572526824, -0.15], "world_orientation": [1.0, -3.838362879530641e-17, 1.4813540171849057e-17, 3.838362879530641e-17, 1.0, 5.294293626938881e-18, -1.4813540171849057e-17, -5.294293626938881e-18, 1.0], "world_rotation": [-0.1276280613210114, 0.35710588544125776, 0.925303444577321, 4.1482206750932463e-17]}], "source": "action wait"}
{"timestamp": 1706031149.84182, "objects": [{"color": "cv_", "id_name": "hand", "shape": "CVCylinder", "id_string": "ob382", "world_size": [0.12, 0.005, 0.12], "id": 382, "camera_size": [53, 53], "camera_position": [245, 264], "world_position": [0.6826834404000323, 0.7958384693179932, -0.17407093615677374], "world_orientation": [6.711872737499623e-05, 0.13988437360230394, 0.9901678431038686, -0.0007772592672857278, -0.9901675389405334, 0.13988438331879352, 0.9999996956815077, -0.0007790059940091177, 4.226764062954111e-05], "world_rotation": [0.0, 1.0, 0.0, 0.0]}, {"color": "CVBlue", "id_name": "object41162385189301", "shape": "CVCylinder", "id_string": "ob1072", "world_size": [0.11, 0.11, 0.11], "id": 1072, "camera_size": [45, 45], "camera_position": [256, 254], "world_position": [0.705, 0.6547388572526824, -0.15], "world_orientation": [1.0, -3.838362879530641e-17, 1.4813540171849057e-17, 3.838362879530641e-17, 1.0, 5.294293626938881e-18, -1.4813540171849057e-17, -5.294293626938881e-18, 1.0], "world_rotation": [-0.1276280613210114, 0.35710588544125776, 0.925303444577321, 4.1482206750932463e-17]}], "source": "action wait"}
{"timestamp": 1706031149.873542, "objects": [{"color": "cv_", "id_name": "hand", "shape": "CVCylinder", "id_string": "ob382", "world_size": [0.12, 0.005, 0.12], "id": 382, "camera_size": [52, 52], "camera_position": [245, 239], "world_position": [0.737036900472118, 0.7656411967407957, -0.1740726439862859], "world_orientation": [3.573965888870038e-05, 0.09831415511965691, 0.9951554278733473, -0.0007769581760314661, -0.9951551254091032, 0.09831415314177883, 0.9999996975292891, -0.0007767078604058306, 4.0819481916778344e-05], "world_rotation": [0.0, 1.0, 0.0, 0.0]}, {"color": "CVBlue", "id_name": "object41162385189301", "shape": "CVCylinder", "id_string": "ob1072", "world_size": [0.11, 0.11, 0.11], "id": 1072, "camera_size": [45, 45], "camera_position": [256, 254], "world_position": [0.705, 0.6547388572526824, -0.15], "world_orientation": [1.0, -3.838362879530641e-17, 1.4813540171849057e-17, 3.838362879530641e-17, 1.0, 5.294293626938881e-18, -1.4813540171849057e-17, -5.294293626938881e-18, 1.0], "world_rotation": [-0.1276280613210114, 0.35710588544125776, 0.925303444577321, 4.1482206750932463e-17]}], "source": "action wait"}
{"timestamp": 1706031149.902709, "objects": [{"color": "cv_", "id_name": "hand", "shape": "CVCylinder", "id_string": "ob382", "world_size": [0.12, 0.005, 0.12], "id": 382, "camera_size": [51, 51], "camera_position": [246, 224], "world_position": [0.774419914770122, 0.7408010587774614, -0.17407407315333775], "world_orientation": [1.1539954734184083e-05, 0.06883164236646365, 0.997628289933663, -0.0007702280409185097, -0.997627993466136, 0.0688316308211318, 0.9999997033077532, -0.00076919559722478, 4.150347916735922e-05], "world_rotation": [0.0, 1.0, 0.0, 0.0]}, {"color": "CVBlue", "id_name": "object41162385189301", "shape": "CVCylinder", "id_string": "ob1072", "world_size": [0.11, 0.11, 0.11], "id": 1072, "camera_size": [45, 45], "camera_position": [256, 254], "world_position": [0.705, 0.6547388572526824, -0.15], "world_orientation": [1.0, -3.838362879530641e-17, 1.4813540171849057e-17, 3.838362879530641e-17, 1.0, 5.294293626938881e-18, -1.4813540171849057e-17, -5.294293626938881e-18, 1.0], "world_rotation": [-0.1276280613210114, 0.35710588544125776, 0.925303444577321, 4.1482206750932463e-17]}], "source": "action wait"}
{"timestamp": 1706031149.93092, "objects": [{"color": "cv_", "id_name": "hand", "shape": "CVCylinder", "id_string": "ob382", "world_size": [0.12, 0.005, 0.12], "id": 382, "camera_size": [51, 51], "camera_position": [246, 214], "world_position": [0.8000852861317266, 0.7216441356842194, -0.17407761470148694], "world_orientation": [-1.4372029190524727e-06, 0.04801584536869803, 0.9988465741000787, -0.0007651965643496294, -0.9988462817286619, 0.04801583021301393, 0.9999997072360335, -0.0007642449583227829, 3.817710470263722e-05], "world_rotation": [0.0, 1.0, 0.0, 0.0]}, {"color": "CVBlue", "id_name": "object41162385189301", "shape": "CVCylinder", "id_string": "ob1072", "world_size": [0.11, 0.11, 0.11], "id": 1072, "camera_size": [45, 45], "camera_position": [256, 254], "world_position": [0.705, 0.6547388572526824, -0.15], "world_orientation": [1.0, -3.838362879530641e-17, 1.4813540171849057e-17, 3.838362879530641e-17, 1.0, 5.294293626938881e-18, -1.4813540171849057e-17, -5.294293626938881e-18, 1.0], "world_rotation": [-0.1276280613210114, 0.35710588544125776, 0.925303444577321, 4.1482206750932463e-17]}], "source": "action wait"}
{"timestamp": 1706031149.961615, "objects": [{"color": "cv_", "id_name": "hand", "shape": "CVCylinder", "id_string": "ob382", "world_size": [0.12, 0.005, 0.12], "id": 382, "camera_size": [50, 50], "camera_position": [245, 206], "world_position": [0.818226356929662, 0.7129406901903665, -0.17412217534764576], "world_orientation": [1.0032200070218686e-05, 0.04088073532764441, 0.9991640332690255, -0.0007760789575881707, -0.9991637321034487, 0.04088073079776718, 0.999999698800358, -0.0007758403050697439, 2.1702867995525112e-05], "world_rotation": [0.0, 1.0, 0.0, 0.0]}, {"color": "CVBlue", "id_name": "object41162385189301", "shape": "CVCylinder", "id_string": "ob1072", "world_size": [0.11, 0.11, 0.11], "id": 1072, "camera_size": [45, 49], "camera_position": [256, 252], "world_position": [0.7092487420895682, 0.6555937188779112, -0.1500204952009317], "world_orientation": [0.9969944817670551, 0.07747259379202835, 2.317707215477884e-05, -0.07747259680879488, 0.9969943991104558, 0.00040606167394165524, 8.351239993698968e-06, -0.000406636836143179, 0.9999999172883667], "world_rotation": [-0.005244998728025137, 9.56830483405967e-05, -0.9999862403218843, 0.07755137305176939]}], "source": "action wait"}
{"timestamp": 1706031149.994529, "objects": [{"color": "cv_", "id_name": "hand", "shape": "CVCylinder", "id_string": "ob382", "world_size": [0.12, 0.005, 0.12], "id": 382, "camera_size": [49, 50], "camera_position": [246, 201], "world_position": [0.8308237017648937, 0.7053480620752484, -0.17414930424648878], "world_orientation": [1.5530324695183364e-05, 0.03423689200032808, 0.9994137456453994, -0.0007886314212130961, -0.9994134345591005, 0.03423689359833932, 0.9999996889095969, -0.000788700792682724, 1.1479073653083777e-05], "world_rotation": [0.0, 1.0, 0.0, 0.0]}, {"color": "CVBlue", "id_name": "object41162385189301", "shape": "CVCylinder", "id_string": "ob1072", "world_size": [0.11, 0.11, 0.11], "id": 1072, "camera_size": [46, 53], "camera_position": [255, 250], "world_position": [0.7143980667706558, 0.6586527290192401, -0.1500290625090273], "world_orientation": [0.9866977397455664, 0.16256557938617006, 5.272409068579045e-05, -0.1625655826732129, 0.9866975733828828, 0.0005744653597272025, 4.1365561702848637e-05, -0.0005753947945282052, 0.9999998336048466], "world_rotation": [-0.003536581837807365, 3.4935002449313454e-05, -0.9999937456646668, 0.1632912987725711]}], "source": "action wait"}
{"timestamp": 1706031150.028334, "objects": [{"color": "cv_", "id_name": "hand", "shape": "CVCylinder", "id_string": "ob382", "world_size": [0.12, 0.005, 0.12], "id": 382, "camera_size": [49, 50], "camera_position": [246, 198], "world_position": [0.8397505555300705, 0.7008827061295353, -0.17417211190330542], "world_orientation": [2.196470518394221e-05, 0.030920845701203185, 0.9995218360889743, -0.0008036610478810812, -0.9995215130030866, 0.030920853366958097, 0.9999996768231837, -0.0008039559335998842, 2.8956838998485417e-06], "world_rotation": [0.0, 1.0, 0.0, 0.0]}, {"color": "CVBlue", "id_name": "object41162385189301", "shape": "CVCylinder", "id_string": "ob1072", "world_size": [0.11, 0.11, 0.11], "id": 1072, "camera_size": [47, 56], "camera_position": [256, 247], "world_position": [0.7199438067480716, 0.6602535873321671, -0.1500432694729375], "world_orientation": [0.9689591925099009, 0.24722069606832556, 0.00010337337037218403, -0.24722069515230818, 0.9689588409946053, 0.0008320737954665226, 0.00010554132174991, -0.0008318015894475387, 0.9999996484835109], "world_rotation": [0.003365142954042951, 4.384623013002239e-06, 0.9999943378808072, -0.24981230554763784]}], "source": "action wait"}
{"timestamp": 1706031150.064092, "objects": [{"color": "cv_", "id_name": "hand", "shape": "CVCylinder", "id_string": "ob382", "world_size": [0.12, 0.005, 0.12], "id": 382, "camera_size": [49, 49], "camera_position": [246, 196], "world_position": [0.8459604874973123, 0.6967722218698189, -0.17418782536048522], "world_orientation": [2.2615836023085313e-05, 0.027338349044181667, 0.9996262372307274, -0.0008128107697002345, -0.9996259067765624, 0.02733835839600114, 0.9999996694135337, -0.0008131252511270337, -3.8647106277236194e-07], "world_rotation": [0.0, 1.0, 0.0, 0.0]}, {"color": "CVBlue", "id_name": "object41162385189301", "shape": "CVCylinder", "id_string": "ob1072", "world_size": [0.11, 0.11, 0.11], "id": 1072, "camera_size": [47, 58], "camera_position": [256, 245], "world_position": [0.7241363238495024, 0.660832765360361, -0.15005450958834562], "world_orientation": [0.9516986411994378, 0.3070336683069007, 0.00015121227438303923, -0.3070336564027015, 0.951698094828175, 0.0010344739773075005, 0.00017370990657577766, -0.0010309347360565192, 0.9999994534990698], "world_rotation": [0.003363470007151012, 3.663687028265877e-05, 0.9999943428476237, -0.31207639629516265]}], "source": "action wait"}
{"timestamp": 1706031150.098868, "objects": [{"color": "cv_", "id_name": "hand", "shape": "CVCylinder", "id_string": "ob382", "world_size": [0.12, 0.005, 0.12], "id": 382, "camera_size": [49, 50], "camera_position": [246, 194], "world_position": [0.8503306934476549, 0.6937058874949749, -0.1741966490714821], "world_orientation": [2.1375512785168797e-05, 0.02464492338399649, 0.9996962675205328, -0.0008184050491868808, -0.999695932526035, 0.024644932624717557, 0.9999996648780755, -0.0008186832710648473, -1.1994834523399925e-06], "world_rotation": [0.0, 1.0, 0.0, 0.0]}, {"color": "CVBlue", "id_name": "object41162385189301", "shape": "CVCylinder", "id_string": "ob1072", "world_size": [0.11, 0.11, 0.11], "id": 1072, "camera_size": [47, 60], "camera_position": [256, 244], "world_position": [0.7272614655317153, 0.6612256208759024, -0.15006171307759958], "world_orientation": [0.9368995140103643, 0.3495987122300494, 0.0002026184458540549, -0.3495987004411208, 0.9368987996202325, 0.0011781001856418828, 0.00022202932907680357, -0.0011745966367393773, 0.9999992855126038], "world_rotation": [0.003364834394484094, 2.7761506231436762e-05, 0.9999943385433722, -0.3571448610398206]}], "source": "action wait"}
{"timestamp": 1706031150.131399, "objects": [{"color": "cv_", "id_name": "hand", "shape": "CVCylinder", "id_string": "ob382", "world_size": [0.12, 0.005, 0.12], "id": 382, "camera_size": [49, 49], "camera_position": [246, 193], "world_position": [0.8534161711317255, 0.6915065184349594, -0.17420206179647063], "world_orientation": [1.9856218526859468e-05, 0.022730093122723834, 0.999741637860684, -0.0008218385750994738, -0.9997413000647166, 0.02273010176542963, 0.9999996620934866, -0.0008220775769951853, -1.1706143801902768e-06], "world_rotation": [0.0, 1.0, 0.0, 0.0]}, {"color": "CVBlue", "id_name": "object41162385189301", "shape": "CVCylinder", "id_string": "ob1072", "world_size": [0.11, 0.11, 0.11], "id": 1072, "camera_size": [47, 60], "camera_position": [256, 243], "world_position": [0.7295576074990028, 0.6615383252107129, -0.1500669073283217], "world_orientation": [0.9250307082680286, 0.3798922559304898, 0.00025029021690322066, -0.3798922494672372, 0.9250298402263404, 0.0012936326966586182, 0.0002599151241268834, -0.0012917332831478088, 0.9999991319342502], "world_rotation": [0.003402742479816879, 1.2667870208729881e-05, 0.9999942105748119, -0.38968219161043355]}], "source": "action wait"}
{"timestamp": 1706031150.163542, "objects": [{"color": "cv_", "id_name": "hand", "shape": "CVCylinder", "id_string": "ob382", "world_size": [0.12, 0.005, 0.12], "id": 382, "camera_size": [49, 49], "camera_position": [246, 192], "world_position": [0.8555982196168616, 0.6899542632499862, -0.17420707261600324], "world_orientation": [1.9262299858634647e-05, 0.021397077160745254, 0.9997710561513276, -0.0008239464933178434, -0.9997707166309519, 0.021397085769077194, 0.9999996603705125, -0.0008241700129191021, -1.6278366394317474e-06], "world_rotation": [0.0, 1.0, 0.0, 0.0]}, {"color": "CVBlue", "id_name": "object41162385189301", "shape": "CVCylinder", "id_string": "ob1072", "world_size": [0.11, 0.11, 0.11], "id": 1072, "camera_size": [47, 61], "camera_position": [256, 243], "world_position": [0.7312268645568968, 0.6617980749804354, -0.15007121540292484], "world_orientation": [0.915873986397987, 0.4014657507817391, 0.0003032964137063943, -0.40146576383519095, 0.9158729562112415, 0.0014030499306614942, 0.0002854955107677404, -0.0014067800595074737, 0.999998969730558], "world_rotation": [-0.0034994426467846638, 2.2169753726293527e-05, -0.9999938766860844, 0.41311936172893393]}], "source": "action wait"}
{"timestamp": 1706031150.193109, "objects": [{"color": "cv_", "id_name": "hand", "shape": "CVCylinder", "id_string": "ob382", "world_size": [0.12, 0.005, 0.12], "id": 382, "camera_size": [49, 49], "camera_position": [246, 192], "world_position": [0.8570210340562046, 0.6879194755061374, -0.17421295721448007], "world_orientation": [1.9211755072094005e-05, 0.01911353621809585, 0.9998173194959907, -0.0008254577225250359, -0.9998169787493444, 0.019113545565421917, 0.9999996591251703, -0.0008256741322485654, -3.4308228362555927e-06], "world_rotation": [0.0, 1.0, 0.0, 0.0]}, {"color": "CVBlue", "id_name": "object41162385189301", "shape": "CVCylinder", "id_string": "ob1072", "world_size": [0.11, 0.11, 0.11], "id": 1072, "camera_size": [47, 62], "camera_position": [256, 242], "world_position": [0.7317007969286875, 0.6628122341301883, -0.15007323755515506], "world_orientation": [0.8979707119336692, 0.44005500201003495, 0.00044239720544096055, -0.4400551476680273, 0.8979695079783436, 0.0014932354141895272, 0.00025984651229181443, -0.0015355608355325815, 0.9999987872656199], "world_rotation": [-0.0034413627097038945, 0.00020741677426855932, -0.9999940569828314, 0.4556629174499065]}], "source": "action wait"}
{"timestamp": 1706031150.224061, "objects": [{"color": "cv_", "id_name": "hand", "shape": "CVCylinder", "id_string": "ob382", "world_size": [0.12, 0.005, 0.12], "id": 382, "camera_size": [49, 49], "camera_position": [246, 192], "world_position": [0.8575859189679109, 0.6831797386905881, -0.1741961724883514], "world_orientation": [1.3056211002175217e-05, 0.013053431890284252, 0.9999148002432113, -0.0008153142545439235, -0.9999144678490793, 0.013053438196852727, 0.9999996675460456, -0.0008154152184114903, -2.4124451851026255e-06], "world_rotation": [0.0, 1.0, 0.0, 0.0]}, {"color": "CVBlue", "id_name": "object41162385189301", "shape": "CVCylinder", "id_string": "ob1072", "world_size": [0.11, 0.11, 0.11], "id": 1072, "camera_size": [47, 65], "camera_position": [256, 244], "world_position": [0.7290439516264601, 0.6678290849762185, -0.15005902893280787], "world_orientation": [0.8217794290673112, 0.5698053356767376, 0.0006703701401444164, -0.5698057071367874, 0.8217784939306275, 0.001250210964395101, 0.00016148111408994628, -0.0014093783842826745, 0.9999989937877036], "world_rotation": [-0.0023337627847816234, 0.0004465449792766395, -0.9999971770704386, 0.6062711377370591]}], "source": "action wait"}
{"timestamp": 1706031150.256742, "objects": [{"color": "cv_", "id_name": "hand", "shape": "CVCylinder", "id_string": "ob382", "world_size": [0.12, 0.005, 0.12], "id": 382, "camera_size": [49, 49], "camera_position": [246, 192], "world_position": [0.8579068150938394, 0.6795704885976158, -0.17416449137609474], "world_orientation": [6.707494708020271e-06, 0.008698103354353483, 0.9999621707609976, -0.0007972465261585279, -0.9999618529479385, 0.008698105937607573, 0.9999996821764426, -0.0007972747094290542, 2.2729384689873316e-07], "world_rotation": [0.0, 1.0, 0.0, 0.0]}, {"color": "CVBlue", "id_name": "object41162385189301", "shape": "CVCylinder", "id_string": "ob1072", "world_size": [0.11, 0.11, 0.11], "id": 1072, "camera_size": [47, 66], "camera_position": [256, 244], "world_position": [0.7266742043534066, 0.6719920549912329, -0.15002492684528546], "world_orientation": [0.7432103686032329, 0.6690565582552985, 0.0012922291674716797, -0.6690576515317109, 0.743210123769018, 0.0007555488818326571, -0.0004548928650219654, -0.0014261075749939893, 0.9999988796442054], "world_rotation": [-0.001630392743509972, 0.0013056570272055314, -0.9999978185372352, 0.7329413480769501]}], "source": "action wait"}
{"timestamp": 1706031150.290615, "objects": [{"color": "cv_", "id_name": "hand", "shape": "CVCylinder", "id_string": "ob382", "world_size": [0.12, 0.005, 0.12], "id": 382, "camera_size": [49, 49], "camera_position": [246, 192], "world_position": [0.8581525734152562, 0.677223498638746, -0.1741606509849388], "world_orientation": [6.9197063137597084e-06, 0.005684858437757557, 0.9999838410377743, -0.0007940586366142944, -0.9999835257709642, 0.005684862140223246, 0.9999996847114501, -0.0007940851430275896, -2.4054813761453567e-06], "world_rotation": [0.0, 1.0, 0.0, 0.0]}, {"color": "CVBlue", "id_name": "object41162385189301", "shape": "CVCylinder", "id_string": "ob1072", "world_size": [0.11, 0.11, 0.11], "id": 1072, "camera_size": [47, 67], "camera_position": [256, 245], "world_position": [0.725860460149126, 0.6723616459835065, -0.15002054853476718], "world_orientation": [0.7183396897124484, 0.6956904139042424, 0.0017141136390092149, -0.6956921189629166, 0.718339753394183, 0.0006886991153343971, -0.0007521945961330133, -0.001687215258480105, 0.9999982937525249], "world_rotation": [-0.0017075873250311665, 0.001772554065232344, -0.9999969710942195, 0.7693846960734156]}], "source": "action wait"}
{"timestamp": 1706031150.326064, "objects": [{"color": "cv_", "id_name": "hand", "shape": "CVCylinder", "id_string": "ob382", "world_size": [0.12, 0.005, 0.12], "id": 382, "camera_size": [49, 49], "camera_position": [246, 192], "world_position": [0.858379792049346, 0.6756849477148288, -0.17416595345127053], "world_orientation": [6.018145110021056e-06, 0.003589043001941526, 0.9999935593463151, -0.0007964305341411699, -0.9999932421984161, 0.003589046656742418, 0.9999996828310428, -0.0007964470040118732, -3.159681005165912e-06], "world_rotation": [0.0, 1.0, 0.0, 0.0]}, {"color": "CVBlue", "id_name": "object41162385189301", "shape": "CVCylinder", "id_string": "ob1072", "world_size": [0.11, 0.11, 0.11], "id": 1072, "camera_size": [47, 67], "camera_position": [256, 245], "world_position": [0.7260382986373294, 0.6716971207383218, -0.15002453798450352], "world_orientation": [0.7166463406522006, 0.6974345686942669, 0.001744941274729116, -0.6974363879457472, 0.7166462788508431, 0.0007718668466272939, -0.0007121790500809571, -0.0017701410909307259, 0.9999981796991029], "world_rotation": [-0.001822390637912352, 0.0017615338685604835, -0.9999967879402376, 0.7718158642584145]}], "source": "action wait"}
{"timestamp": 1706031150.360311, "objects": [{"color": "cv_", "id_name": "hand", "shape": "CVCylinder", "id_string": "ob382", "world_size": [0.12, 0.005, 0.12], "id": 382, "camera_size": [49, 49], "camera_position": [246, 192], "world_position": [0.858541953370826, 0.674607201963805, -0.17416900526243187], "world_orientation": [4.9146373801458125e-06, 0.0021126456290728284, 0.9999977683496561, -0.0007984300951083242, -0.9999974496087951, 0.00211264887968829, 0.9999996812425641, -0.0007984386961950462, -3.2278249949806427e-06], "world_rotation": [0.0, 1.0, 0.0, 0.0]}, {"color": "CVBlue", "id_name": "object41162385189301", "shape": "CVCylinder", "id_string": "ob1072", "world_size": [0.11, 0.11, 0.11], "id": 1072, "camera_size": [47, 67], "camera_position": [256, 245], "world_position": [0.7261631870949654, 0.6712182398650433, -0.15002672059262404], "world_orientation": [0.7154192711956733, 0.6986931631471626, 0.00176922956800806, -0.6986950683130752, 0.7154191137909488, 0.000832548833810088, -0.0006840444714678178, -0.0018317734538001252, 0.9999980883427604], "world_rotation": [-0.0019066378826703846, 0.0017556078864738387, -0.9999966412808262, 0.7735738079246637]}], "source": "action wait"}
{"timestamp": 1706031150.392977, "objects": [{"color": "cv_", "id_name": "hand", "shape": "CVCylinder", "id_string": "ob382", "world_size": [0.12, 0.005, 0.12], "id": 382, "camera_size": [49, 49], "camera_position": [246, 192], "world_position": [0.85866512388651, 0.6738573021758743, -0.17417191527860124], "world_orientation": [4.263361450673742e-06, 0.0010736459665732303, 0.999999423632915, -0.0008001993770798679, -0.9999991034789522, 0.0010736490343825063, 0.9999996798313392, -0.000800203493225547, -3.4042267944461195e-06], "world_rotation": [0.0, 1.0, 0.0, 0.0]}, {"color": "CVBlue", "id_name": "object41162385189301", "shape": "CVCylinder", "id_string": "ob1072", "world_size": [0.11, 0.11, 0.11], "id": 1072, "camera_size": [47, 66], "camera_position": [256, 244], "world_position": [0.726252439379647, 0.670840889411423, -0.15002838217644787], "world_orientation": [0.714500236216051, 0.699632891597917, 0.001797064702447125, -0.6996348860802709, 0.7144999905659514, 0.0008886285509635363, -0.0006622889502777891, -0.001892214467947244, 0.9999979904468577], "world_rotation": [-0.001987348866674814, 0.001757594247952129, -0.9999964806472779, 0.7748884133018363]}], "source": "action wait"}
{"timestamp": 1706031150.425384, "objects": [{"color": "cv_", "id_name": "hand", "shape": "CVCylinder", "id_string": "ob382", "world_size": [0.12, 0.005, 0.12], "id": 382, "camera_size": [49, 49], "camera_position": [246, 192], "world_position": [0.8587535238245009, 0.673331989160967, -0.17417424886299357], "world_orientation": [2.9609160066499705e-06, 0.00034184756825163015, 0.9999999415657349, -0.0008015688584396182, -0.999999620312957, 0.0003418498318106337, 0.9999996787392474, -0.0008015698237895348, -2.6869005170105694e-06], "world_rotation": [0.0, 1.0, 0.0, 0.0]}, {"color": "CVBlue", "id_name": "object41162385189301", "shape": "CVCylinder", "id_string": "ob1072", "world_size": [0.11, 0.11, 0.11], "id": 1072, "camera_size": [47, 66], "camera_position": [256, 244], "world_position": [0.7263140433725475, 0.6705664636463838, -0.1500295215082022], "world_orientation": [0.7138252757944908, 0.700321458427714, 0.0018249664651226742, -0.7003235392187184, 0.7138249494607574, 0.0009391184778295074, -0.0006450217727037946, -0.0019484334802505352, 0.9999978937747249], "world_rotation": [-0.0020615797271049566, 0.0017634583727721073, -0.999996320045027, 0.7758527956541794]}], "source": "action wait"}
{"timestamp": 1706031151.94918, "objects": [{"color": "cv_", "id_name": "hand", "shape": "CVCylinder", "id_string": "ob382", "world_size": [0.12, 0.005, 0.12], "id": 382, "camera_size": [49, 49], "camera_position": [246, 192], "world_position": [0.8589316423756413, 0.6720778410609102, -0.17416336137419516], "world_orientation": [7.707050615226942e-07, -0.0014031840478094814, 0.9999990155364825, -0.000805838642473283, -0.999998690849959, -0.0014031829711492428, 0.9999996753116914, -0.000805836767714693, -1.9014439804276451e-06], "world_rotation": [0.0, 1.0, 0.0, 0.0]}, {"color": "CVBlue", "id_name": "object41162385189301", "shape": "CVCylinder", "id_string": "ob1072", "world_size": [0.11, 0.11, 0.11], "id": 1072, "camera_size": [47, 66], "camera_position": [256, 244], "world_position": [0.7262451375937562, 0.6699104039627631, -0.1499989549753956], "world_orientation": [0.7101787636541993, 0.7040173884995704, 0.0023749410178111685, -0.7040212716091006, 0.7101765907214141, 0.0018053014192345915, -0.0004156639245694756, -0.0029540957252912237, 0.9999955502610738], "world_rotation": [-0.0033801348948697923, 0.0019818941048838877, -0.9999923233624595, 0.7810489354760561]}], "source": "action wait"}
{"timestamp": 1706031151.980335, "objects": [{"color": "cv_", "id_name": "hand", "shape": "CVCylinder", "id_string": "ob382", "world_size": [0.12, 0.005, 0.12], "id": 382, "camera_size": [49, 49], "camera_position": [246, 203], "world_position": [0.8306613084663418, 0.6727388938342651, -0.17410520442682095], "world_orientation": [-5.4325990304698365e-05, -0.0022976111465020208, 0.9999973590123657, -0.000806396288406739, -0.9999970352506814, -0.002297654211013776, 0.9999996733868032, -0.0008065189810648677, 5.247304414137944e-05], "world_rotation": [0.0, 1.0, 0.0, 0.0]}, {"color": "CVBlue", "id_name": "object41162385189301", "shape": "CVCylinder", "id_string": "ob1072", "world_size": [0.11, 0.11, 0.11], "id": 1072, "camera_size": [47, 66], "camera_position": [256, 256], "world_position": [0.6994543226519125, 0.6692157202707835, -0.14998119375623895], "world_orientation": [0.7303327401424325, 0.6830891920558325, 0.001801214189443318, -0.6830915405170822, 0.7303309049077826, 0.001648214360735986, -0.00018960497289891167, -0.0024341390858864833, 0.9999970195039909], "world_rotation": [-0.002988133845935648, 0.0014572070247993426, -0.9999944737866332, 0.7519909187310534]}], "source": "action wait"}
{"timestamp": 1706031152.011748, "objects": [{"color": "cv_", "id_name": "hand", "shape": "CVCylinder", "id_string": "ob382", "world_size": [0.12, 0.005, 0.12], "id": 382, "camera_size": [49, 48], "camera_position": [246, 217], "world_position": [0.7950180341730679, 0.6753909809246619, -0.1741110757820131], "world_orientation": [-3.698829665996399e-05, -0.0020681971782714804, 0.9999978605938604, -0.0007941838344739315, -0.9999975458538145, -0.0020682259028953864, 0.9999996839519016, -0.0007942586355457819, 3.534567712014392e-05], "world_rotation": [0.0, 1.0, 0.0, 0.0]}, {"color": "CVBlue", "id_name": "object41162385189301", "shape": "CVCylinder", "id_string": "ob1072", "world_size": [0.11, 0.11, 0.11], "id": 1072, "camera_size": [47, 66], "camera_position": [256, 271], "world_position": [0.6632979520895143, 0.6712550403907082, -0.1499843551077436], "world_orientation": [0.7261577381625832, 0.6875206262403454, -0.003213689575060449, -0.6875197572991966, 0.7261640327914118, 0.0015429852129531937, 0.003394499941854786, 0.0010890244244241153, 0.9999936456777854], "world_rotation": [0.000330139774081322, 0.004805759108115598, 0.9999883977762564, -0.7580795560468295]}], "source": "action wait"}
{"timestamp": 1706031152.042134, "objects": [{"color": "cv_", "id_name": "hand", "shape": "CVCylinder", "id_string": "ob382", "world_size": [0.12, 0.005, 0.12], "id": 382, "camera_size": [49, 49], "camera_position": [246, 228], "world_position": [0.7695914218263035, 0.6759107653651117, -0.17412425284978156], "world_orientation": [-2.1071329395295103e-05, -0.0018500367662626813, 0.9999982884585166, -0.0007934634411980604, -0.9999979738579582, -0.0018500529035968686, 0.9999996849858337, -0.0007935010662269476, 1.9603350163263533e-05], "world_rotation": [0.0, 1.0, 0.0, 0.0]}, {"color": "CVBlue", "id_name": "object41162385189301", "shape": "CVCylinder", "id_string": "ob1072", "world_size": [0.11, 0.11, 0.11], "id": 1072, "camera_size": [47, 66], "camera_position": [256, 282], "world_position": [0.6377167981416976, 0.6717345965465744, -0.14999181469091852], "world_orientation": [0.7259357621459304, 0.6876918052170644, -0.009861555399767262, -0.6877138658924344, 0.7259803281473578, 0.001483847140898479, 0.008179724744157041, 0.005704750682550157, 0.999950272724979], "world_rotation": [-0.003068564197464671, 0.013115870992970662, 0.9999092748054006, -0.758406070817373]}], "source": "action wait"}
