{"timestamp": 1706068372.180192, "objects": [{"color": "cv_", "id_name": "hand", "shape": "CVCylinder", "id_string": "ob383", "world_size": [0.12, 0.005, 0.12], "id": 383, "camera_size": [48, 50], "camera_position": [246, 426], "world_position": [0.26764451554004653, 0.6334703013847323, -0.17389260400847836], "world_orientation": [-0.0006415511260524418, 0.19791547486653446, 0.9802188802611929, -0.0007473675200412105, -0.9802189031249431, 0.19791499033252544, 0.9999995149268538, -0.0006056111687281793, 0.0007767761387069067], "world_rotation": [0.0, 1.0, 0.0, 0.0]}, {"color": "CVPurple", "id_name": "object189419505050379", "shape": "CVBox", "id_string": "ob807", "world_size": [0.11, 0.11, 0.11], "id": 807, "camera_size": [45, 45], "camera_position": [256, 254], "world_position": [0.705, 0.654738849708696, -0.15], "world_orientation": [1.0, -5.1619362862653347e-17, 1.4541359828532488e-17, 5.1619362862653347e-17, 1.0, 2.3824321321224633e-17, -1.4541359828532488e-17, -2.3824321321224633e-17, 1.0], "world_rotation": [-0.4059884517598224, 0.2477982093873522, 0.8796416454796148, 5.868226354211375e-17]}], "source": "manual check"}
{"timestamp": 1706068373.198403, "objects": [{"color": "cv_", "id_name": "hand", "shape": "CVCylinder", "id_string": "ob383", "world_size": [0.12, 0.005, 0.12], "id": 383, "camera_size": [48, 50], "camera_position": [246, 426], "world_position": [0.26764451554004653, 0.6334703013847323, -0.17389260400847836], "world_orientation": [-0.0006415511260524418, 0.19791547486653446, 0.9802188802611929, -0.0007473675200412105, -0.9802189031249431, 0.19791499033252544, 0.9999995149268538, -0.0006056111687281793, 0.0007767761387069067], "world_rotation": [0.0, 1.0, 0.0, 0.0]}, {"color": "CVPurple", "id_name": "object189419505050379", "shape": "CVBox", "id_string": "ob807", "world_size": [0.11, 0.11, 0.11], "id": 807, "camera_size": [45, 45], "camera_position": [256, 254], "world_position": [0.705, 0.6547388572526824, -0.15], "world_orientation": [1.0, -3.838362879530641e-17, 1.4813540171849057e-17, 3.838362879530641e-17, 1.0, 5.294293626938881e-18, -1.4813540171849057e-17, -5.294293626938881e-18, 1.0], "world_rotation": [-0.1276280613210114, 0.35710588544125776, 0.925303444577321, 4.1482206750932463e-17]}], "source": "manual check"}
{"timestamp": 1706068374.740198, "objects": [{"color": "cv_", "id_name": "hand", "shape": "CVCylinder", "id_string": "ob383", "world_size": [0.12, 0.005, 0.12], "id": 383, "camera_size": [48, 50], "camera_position": [246, 426], "world_position": [0.26764451554004653, 0.6334703013847323, -0.17389260400847836], "world_orientation": [-0.0006415511260524418, 0.19791547486653446, 0.9802188802611929, -0.0007473675200412105, -0.9802189031249431, 0.19791499033252544, 0.9999995149268538, -0.0006056111687281793, 0.0007767761387069067], "world_rotation": [0.0, 1.0, 0.0, 0.0]}, {"color": "CVPurple", "id_name": "object189419505050379", "shape": "CVBox", "id_string": "ob807", "world_size": [0.11, 0.11, 0.11], "id": 807, "camera_size": [45, 45], "camera_position": [256, 254], "world_position": [0.705, 0.6547388572526824, -0.15], "world_orientation": [1.0, -3.838362879530641e-17, 1.4813540171849057e-17, 3.838362879530641e-17, 1.0, 5.294293626938881e-18, -1.4813540171849057e-17, -5.294293626938881e-18, 1.0], "world_rotation": [-0.1276280613210114, 0.35710588544125776, 0.925303444577321, 4.1482206750932463e-17]}], "source": "action wait"}
{"timestamp": 1706068374.771875, "objects": [{"color": "cv_", "id_name": "hand", "shape": "CVCylinder", "id_string": "ob383", "world_size": [0.12, 0.005, 0.12], "id": 383, "camera_size": [49, 51], "camera_position": [246, 421], "world_position": [0.2916569686097202, 0.668300756438343, -0.1739558430999961], "world_orientation": [-0.00037884553043161323, 0.20321124681498517, 0.9791348454855252, -0.0007138480413118579, -0.9791347212328796, 0.2032109448262694, 0.9999996734484657, -0.0006219679334480974, 0.0005160027633413284], "world_rotation": [0.0, 1.0, 0.0, 0.0]}, {"color": "CVPurple", "id_name": "object189419505050379", "shape": "CVBox", "id_string": "ob807", "world_size": [0.11, 0.11, 0.11], "id": 807, "camera_size": [45, 45], "camera_position": [256, 254], "world_position": [0.705, 0.6547388572526824, -0.15], "world_orientation": [1.0, -3.838362879530641e-17, 1.4813540171849057e-17, 3.838362879530641e-17, 1.0, 5.294293626938881e-18, -1.4813540171849057e-17, -5.294293626938881e-18, 1.0], "world_rotation": [-0.1276280613210114, 0.35710588544125776, 0.925303444577321, 4.1482206750932463e-17]}], "source": "action wait"}
{"timestamp": 1706068374.803363, "objects": [{"color": "cv_", "id_name": "hand", "shape": "CVCylinder", "id_string": "ob383", "world_size": [0.12, 0.005, 0.12], "id": 383, "camera_size": [51, 52], "camera_position": [246, 406], "world_position": [0.3380792583003095, 0.706857138891632, -0.17398360222708611], "world_orientation": [-0.00021623690561044373, 0.19543410354338814, 0.9807168115280747, -0.0007297243887944958, -0.9807166041798835, 0.19543390132777494, 0.9999997103719167, -0.0006733929537985987, 0.000354680155526868], "world_rotation": [0.0, 1.0, 0.0, 0.0]}, {"color": "CVPurple", "id_name": "object189419505050379", "shape": "CVBox", "id_string": "ob807", "world_size": [0.11, 0.11, 0.11], "id": 807, "camera_size": [45, 45], "camera_position": [256, 254], "world_position": [0.705, 0.6547388572526824, -0.15], "world_orientation": [1.0, -3.838362879530641e-17, 1.4813540171849057e-17, 3.838362879530641e-17, 1.0, 5.294293626938881e-18, -1.4813540171849057e-17, -5.294293626938881e-18, 1.0], "world_rotation": [-0.1276280613210114, 0.35710588544125776, 0.925303444577321, 4.1482206750932463e-17]}], "source": "action wait"}
{"timestamp": 1706068374.836827, "objects": [{"color": "cv_", "id_name": "hand", "shape": "CVCylinder", "id_string": "ob383", "world_size": [0.12, 0.005, 0.12], "id": 383, "camera_size": [51, 53], "camera_position": [246, 388], "world_position": [0.3889218611025631, 0.7404398743486651, -0.17400416400162988], "world_orientation": [-0.0001105306445314089, 0.18987477022238733, 0.9818083109324204, -0.0007407121484398265, -0.9818080631383104, 0.18987463891239603, 0.9999997195642056, -0.0007062503771279644, 0.0002491624270111813], "world_rotation": [0.0, 1.0, 0.0, 0.0]}, {"color": "CVPurple", "id_name": "object189419505050379", "shape": "CVBox", "id_string": "ob807", "world_size": [0.11, 0.11, 0.11], "id": 807, "camera_size": [45, 45], "camera_position": [256, 254], "world_position": [0.705, 0.6547388572526824, -0.15], "world_orientation": [1.0, -3.838362879530641e-17, 1.4813540171849057e-17, 3.838362879530641e-17, 1.0, 5.294293626938881e-18, -1.4813540171849057e-17, -5.294293626938881e-18, 1.0], "world_rotation": [-0.1276280613210114, 0.35710588544125776, 0.925303444577321, 4.1482206750932463e-17]}], "source": "action wait"}
{"timestamp": 1706068374.872084, "objects": [{"color": "cv_", "id_name": "hand", "shape": "CVCylinder", "id_string": "ob383", "world_size": [0.12, 0.005, 0.12], "id": 383, "camera_size": [52, 53], "camera_position": [245, 367], "world_position": [0.44324007761866263, 0.7686730213785814, -0.17402274280641025], "world_orientation": [-3.612190993412282e-05, 0.1859486476904124, 0.9825594634002129, -0.0007479538125183765, -0.9825591942260331, 0.18594856925231534, 0.9999997196301118, -0.0007281922792055773, 0.00017457291469188306], "world_rotation": [0.0, 1.0, 0.0, 0.0]}, {"color": "CVPurple", "id_name": "object189419505050379", "shape": "CVBox", "id_string": "ob807", "world_size": [0.11, 0.11, 0.11], "id": 807, "camera_size": [45, 45], "camera_position": [256, 254], "world_position": [0.705, 0.6547388572526824, -0.15], "world_orientation": [1.0, -3.838362879530641e-17, 1.4813540171849057e-17, 3.838362879530641e-17, 1.0, 5.294293626938881e-18, -1.4813540171849057e-17, -5.294293626938881e-18, 1.0], "world_rotation": [-0.1276280613210114, 0.35710588544125776, 0.925303444577321, 4.1482206750932463e-17]}], "source": "action wait"}
{"timestamp": 1706068374.909301, "objects": [{"color": "cv_", "id_name": "hand", "shape": "CVCylinder", "id_string": "ob383", "world_size": [0.12, 0.005, 0.12], "id": 383, "camera_size": [53, 54], "camera_position": [245, 343], "world_position": [0.5003657731998642, 0.7912747957008638, -0.17403895283399273], "world_orientation": [1.6160404898826528e-05, 0.18317529978411298, 0.983080265943652, -0.0007528132412351415, -0.9830799852740681, 0.18317525986268487, 0.9999997165054924, -0.0007430360277664838, 0.00012200982053516029], "world_rotation": [0.0, 1.0, 0.0, 0.0]}, {"color": "CVPurple", "id_name": "object189419505050379", "shape": "CVBox", "id_string": "ob807", "world_size": [0.11, 0.11, 0.11], "id": 807, "camera_size": [45, 45], "camera_position": [256, 254], "world_position": [0.705, 0.6547388572526824, -0.15], "world_orientation": [1.0, -3.838362879530641e-17, 1.4813540171849057e-17, 3.838362879530641e-17, 1.0, 5.294293626938881e-18, -1.4813540171849057e-17, -5.294293626938881e-18, 1.0], "world_rotation": [-0.1276280613210114, 0.35710588544125776, 0.925303444577321, 4.1482206750932463e-17]}], "source": "action wait"}
{"timestamp": 1706068374.941723, "objects": [{"color": "cv_", "id_name": "hand", "shape": "CVCylinder", "id_string": "ob383", "world_size": [0.12, 0.005, 0.12], "id": 383, "camera_size": [54, 54], "camera_position": [245, 318], "world_position": [0.5596424738727753, 0.8080141845137696, -0.17405264532709266], "world_orientation": [5.2781821319733824e-05, 0.18121485818382857, 0.9834435278080252, -0.0007561325803030584, -0.983443240810317, 0.18121484588195905, 0.9999997127387589, -0.0007531785418799444, 8.511453289366516e-05], "world_rotation": [0.0, 1.0, 0.0, 0.0]}, {"color": "CVPurple", "id_name": "object189419505050379", "shape": "CVBox", "id_string": "ob807", "world_size": [0.11, 0.11, 0.11], "id": 807, "camera_size": [45, 45], "camera_position": [256, 254], "world_position": [0.705, 0.6547388572526824, -0.15], "world_orientation": [1.0, -3.838362879530641e-17, 1.4813540171849057e-17, 3.838362879530641e-17, 1.0, 5.294293626938881e-18, -1.4813540171849057e-17, -5.294293626938881e-18, 1.0], "world_rotation": [-0.1276280613210114, 0.35710588544125776, 0.925303444577321, 4.1482206750932463e-17]}], "source": "action wait"}
{"timestamp": 1706068374.97306, "objects": [{"color": "cv_", "id_name": "hand", "shape": "CVCylinder", "id_string": "ob383", "world_size": [0.12, 0.005, 0.12], "id": 383, "camera_size": [54, 54], "camera_position": [245, 291], "world_position": [0.6205694221201857, 0.8141937592124704, -0.17406325655113306], "world_orientation": [7.416638605312197e-05, 0.17336174110767885, 0.9848582137645304, -0.0007643061945447867, -0.9848579189866771, 0.17336174677613622, 0.9999997051676508, -0.0007655908477670701, 5.9458099999050204e-05], "world_rotation": [0.0, 1.0, 0.0, 0.0]}, {"color": "CVPurple", "id_name": "object189419505050379", "shape": "CVBox", "id_string": "ob807", "world_size": [0.11, 0.11, 0.11], "id": 807, "camera_size": [45, 45], "camera_position": [256, 254], "world_position": [0.705, 0.6547388572526824, -0.15], "world_orientation": [1.0, -3.838362879530641e-17, 1.4813540171849057e-17, 3.838362879530641e-17, 1.0, 5.294293626938881e-18, -1.4813540171849057e-17, -5.294293626938881e-18, 1.0], "world_rotation": [-0.1276280613210114, 0.35710588544125776, 0.925303444577321, 4.1482206750932463e-17]}], "source": "action wait"}
{"timestamp": 1706068375.006333, "objects": [{"color": "cv_", "id_name": "hand", "shape": "CVCylinder", "id_string": "ob383", "world_size": [0.12, 0.005, 0.12], "id": 383, "camera_size": [53, 53], "camera_position": [245, 264], "world_position": [0.6826699849121809, 0.7958576224429199, -0.1740709477261703], "world_orientation": [6.707055489047936e-05, 0.1398102699020597, 0.9901783091602512, -0.0007772619555826269, -0.990178004997584, 0.13981027960367234, 0.9999996956826503, -0.0007790050819861073, 4.225741555948578e-05], "world_rotation": [0.0, 1.0, 0.0, 0.0]}, {"color": "CVPurple", "id_name": "object189419505050379", "shape": "CVBox", "id_string": "ob807", "world_size": [0.11, 0.11, 0.11], "id": 807, "camera_size": [45, 45], "camera_position": [256, 254], "world_position": [0.705, 0.6547388572526824, -0.15], "world_orientation": [1.0, -3.838362879530641e-17, 1.4813540171849057e-17, 3.838362879530641e-17, 1.0, 5.294293626938881e-18, -1.4813540171849057e-17, -5.294293626938881e-18, 1.0], "world_rotation": [-0.1276280613210114, 0.35710588544125776, 0.925303444577321, 4.1482206750932463e-17]}], "source": "action wait"}
{"timestamp": 1706068375.039284, "objects": [{"color": "cv_", "id_name": "hand", "shape": "CVCylinder", "id_string": "ob383", "world_size": [0.12, 0.005, 0.12], "id": 383, "camera_size": [52, 52], "camera_position": [245, 239], "world_position": [0.7370225886160782, 0.7656777140024866, -0.17407265591973656], "world_orientation": [3.570419996359693e-05, 0.09826160016759132, 0.9951606185223141, -0.0007769608548292967, -0.9951603160573318, 0.09826159817803606, 0.9999996975284744, -0.0007767091966099697, 4.081401394315725e-05], "world_rotation": [0.0, 1.0, 0.0, 0.0]}, {"color": "CVPurple", "id_name": "object189419505050379", "shape": "CVBox", "id_string": "ob807", "world_size": [0.11, 0.11, 0.11], "id": 807, "camera_size": [45, 45], "camera_position": [256, 254], "world_position": [0.705, 0.6547388572526824, -0.15], "world_orientation": [1.0, -3.838362879530641e-17, 1.4813540171849057e-17, 3.838362879530641e-17, 1.0, 5.294293626938881e-18, -1.4813540171849057e-17, -5.294293626938881e-18, 1.0], "world_rotation": [-0.1276280613210114, 0.35710588544125776, 0.925303444577321, 4.1482206750932463e-17]}], "source": "action wait"}
{"timestamp": 1706068375.065428, "objects": [{"color": "cv_", "id_name": "hand", "shape": "CVCylinder", "id_string": "ob383", "world_size": [0.12, 0.005, 0.12], "id": 383, "camera_size": [51, 51], "camera_position": [246, 224], "world_position": [0.7744059983199629, 0.7408500591094449, -0.1740740862896553], "world_orientation": [1.1530694683766315e-05, 0.0687944758173742, 0.997630853554588, -0.0007702304436496509, -0.997630557085167, 0.06879446427586466, 0.9999997033060095, -0.0007691989028957695, 4.1484226268904964e-05], "world_rotation": [0.0, 1.0, 0.0, 0.0]}, {"color": "CVPurple", "id_name": "object189419505050379", "shape": "CVBox", "id_string": "ob807", "world_size": [0.11, 0.11, 0.11], "id": 807, "camera_size": [45, 45], "camera_position": [256, 254], "world_position": [0.705, 0.6547388572526824, -0.15], "world_orientation": [1.0, -3.838362879530641e-17, 1.4813540171849057e-17, 3.838362879530641e-17, 1.0, 5.294293626938881e-18, -1.4813540171849057e-17, -5.294293626938881e-18, 1.0], "world_rotation": [-0.1276280613210114, 0.35710588544125776, 0.925303444577321, 4.1482206750932463e-17]}], "source": "action wait"}
{"timestamp": 1706068375.102982, "objects": [{"color": "cv_", "id_name": "hand", "shape": "CVCylinder", "id_string": "ob383", "world_size": [0.12, 0.005, 0.12], "id": 383, "camera_size": [51, 51], "camera_position": [246, 214], "world_position": [0.800072173217019, 0.7217020129729046, -0.1740776286541525], "world_orientation": [-1.4447308113812645e-06, 0.04798959221321337, 0.9988478357773631, -0.0007651998439177483, -0.9988475434033289, 0.047989577059335424, 0.9999997072335131, -0.0007642488760141619, 3.81646942934358e-05], "world_rotation": [0.0, 1.0, 0.0, 0.0]}, {"color": "CVPurple", "id_name": "object189419505050379", "shape": "CVBox", "id_string": "ob807", "world_size": [0.11, 0.11, 0.11], "id": 807, "camera_size": [45, 45], "camera_position": [256, 254], "world_position": [0.705, 0.6547388572526824, -0.15], "world_orientation": [1.0, -3.838362879530641e-17, 1.4813540171849057e-17, 3.838362879530641e-17, 1.0, 5.294293626938881e-18, -1.4813540171849057e-17, -5.294293626938881e-18, 1.0], "world_rotation": [-0.1276280613210114, 0.35710588544125776, 0.925303444577321, 4.1482206750932463e-17]}], "source": "action wait"}
{"timestamp": 1706068375.137885, "objects": [{"color": "cv_", "id_name": "hand", "shape": "CVCylinder", "id_string": "ob383", "world_size": [0.12, 0.005, 0.12], "id": 383, "camera_size": [50, 50], "camera_position": [245, 206], "world_position": [0.8182133139642733, 0.7130015744193864, -0.1741221627368327], "world_orientation": [1.0013214024739836e-05, 0.04085760880007608, 0.9991649792215875, -0.0007760833300917126, -0.9991646780529256, 0.040857604262344374, 0.9999996987971548, -0.0007758444003216754, 2.170405933022378e-05], "world_rotation": [0.0, 1.0, 0.0, 0.0]}, {"color": "CVPurple", "id_name": "object189419505050379", "shape": "CVBox", "id_string": "ob807", "world_size": [0.11, 0.11, 0.11], "id": 807, "camera_size": [45, 49], "camera_position": [256, 252], "world_position": [0.7092461240149746, 0.6555917587485134, -0.15002047162567472], "world_orientation": [0.9969981781909037, 0.07742500984814284, 2.3109174287646654e-05, -0.07742501284522432, 0.9969980957279858, 0.00040558684308254945, 8.362762561313413e-06, -0.0004061585717675653, 0.9999999174826362], "world_rotation": [-0.005242067413926872, 9.522897569705893e-05, -0.9999862557358825, 0.07750364388322516]}], "source": "action wait"}
{"timestamp": 1706068375.169443, "objects": [{"color": "cv_", "id_name": "hand", "shape": "CVCylinder", "id_string": "ob383", "world_size": [0.12, 0.005, 0.12], "id": 383, "camera_size": [49, 50], "camera_position": [246, 201], "world_position": [0.8308108479376679, 0.7054118374731493, -0.17414928045726571], "world_orientation": [1.550598126621903e-05, 0.03421705644088883, 0.9994144249549762, -0.0007886336646326075, -0.9994141138672192, 0.03421705802584875, 0.9999996889082055, -0.0007887024295000271, 1.1487826087480431e-05], "world_rotation": [0.0, 1.0, 0.0, 0.0]}, {"color": "CVPurple", "id_name": "object189419505050379", "shape": "CVBox", "id_string": "ob807", "world_size": [0.11, 0.11, 0.11], "id": 807, "camera_size": [46, 53], "camera_position": [255, 250], "world_position": [0.714390405998172, 0.6586473347390337, -0.15002902707895602], "world_orientation": [0.9867183387056705, 0.16244050386380324, 5.259653419653807e-05, -0.16244050712538124, 0.9867181727218286, 0.0005738164729473425, 4.13130808770076e-05, -0.0005747390445964721, 0.9999998339841164], "world_rotation": [-0.0035352892305190995, 3.473081657289523e-05, -0.9999937502423838, 0.1631645367751908]}], "source": "action wait"}
{"timestamp": 1706068375.204912, "objects": [{"color": "cv_", "id_name": "hand", "shape": "CVCylinder", "id_string": "ob383", "world_size": [0.12, 0.005, 0.12], "id": 383, "camera_size": [49, 50], "camera_position": [246, 198], "world_position": [0.8397351934861783, 0.7009254829427221, -0.17417207290273792], "world_orientation": [2.190907952271874e-05, 0.030870081083487003, 0.9995234052356609, -0.0008036676223848137, -0.9995230821450377, 0.030870088720911442, 0.9999996768191204, -0.0008039609338327319, 2.9106539760556093e-06], "world_rotation": [0.0, 1.0, 0.0, 0.0]}, {"color": "CVPurple", "id_name": "object189419505050379", "shape": "CVBox", "id_string": "ob807", "world_size": [0.11, 0.11, 0.11], "id": 807, "camera_size": [47, 56], "camera_position": [256, 247], "world_position": [0.7199332925332553, 0.660248380259224, -0.15004322139056553], "world_orientation": [0.9689995677742322, 0.24706239497020782, 0.00010317430005554486, -0.24706239403355762, 0.9689992169695495, 0.0008312441322501686, 0.00010539335015345446, -0.0008309656944397398, 0.9999996491940667], "world_rotation": [0.0033639284222161977, 4.490844401723255e-06, 0.9999943419666946, -0.24964893460858478]}], "source": "action wait"}
{"timestamp": 1706068375.238298, "objects": [{"color": "cv_", "id_name": "hand", "shape": "CVCylinder", "id_string": "ob383", "world_size": [0.12, 0.005, 0.12], "id": 383, "camera_size": [49, 49], "camera_position": [246, 196], "world_position": [0.8459431884692934, 0.6967989877384057, -0.17418780245931076], "world_orientation": [2.2538395771826044e-05, 0.02726390039440676, 0.9996282705222501, -0.0008128175027907543, -0.9996279400632759, 0.02726390970787113, 0.9999996694098094, -0.0008131298393525785, -3.6943470244851427e-07], "world_rotation": [0.0, 1.0, 0.0, 0.0]}, {"color": "CVPurple", "id_name": "object189419505050379", "shape": "CVBox", "id_string": "ob807", "world_size": [0.11, 0.11, 0.11], "id": 807, "camera_size": [47, 58], "camera_position": [256, 245], "world_position": [0.724124923849889, 0.6608268105625128, -0.15005447096191724], "world_orientation": [0.951751047870376, 0.3068711783050565, 0.00015100764025251844, -0.306871166393619, 0.9517505021881579, 0.0010338379026652612, 0.00017353345792273415, -0.0010302961978884125, 0.999999454187793], "world_rotation": [0.0033631742103350224, 3.6702193445114604e-05, 0.9999943438400939, -0.3119056627863783]}], "source": "action wait"}
{"timestamp": 1706068375.269327, "objects": [{"color": "cv_", "id_name": "hand", "shape": "CVCylinder", "id_string": "ob383", "world_size": [0.12, 0.005, 0.12], "id": 383, "camera_size": [49, 50], "camera_position": [246, 194], "world_position": [0.8503121015987075, 0.6937227230192593, -0.17419663813623412], "world_orientation": [2.1281928898162075e-05, 0.024555725253362432, 0.9996984624897454, -0.0008184117259320875, -0.9996981274904928, 0.024555734447365554, 0.9999996648746071, -0.0008186875374927929, -1.1788109823699055e-06], "world_rotation": [0.0, 1.0, 0.0, 0.0]}, {"color": "CVPurple", "id_name": "object189419505050379", "shape": "CVBox", "id_string": "ob807", "world_size": [0.11, 0.11, 0.11], "id": 807, "camera_size": [47, 60], "camera_position": [256, 244], "world_position": [0.7272500248267559, 0.66121967184294, -0.1500616848963989], "world_orientation": [0.936958103732435, 0.3494416558896306, 0.0002024332792341852, -0.34944164410239714, 0.9369573899076264, 0.0011776521141535895, 0.00022184934789005087, -0.0011741493096504739, 0.9999992860778779], "world_rotation": [0.0033650655372343703, 2.7781403158072702e-05, 0.9999943377650314, -0.3569772313601534]}], "source": "action wait"}
{"timestamp": 1706068375.295644, "objects": [{"color": "cv_", "id_name": "hand", "shape": "CVCylinder", "id_string": "ob383", "world_size": [0.12, 0.005, 0.12], "id": 383, "camera_size": [49, 49], "camera_position": [246, 193], "world_position": [0.8533967392788322, 0.6915173116370122, -0.17420206063632768], "world_orientation": [1.9751295023993592e-05, 0.022631881871601638, 0.9997438659640959, -0.0008218452675858366, -0.9997435281633518, 0.02263189046124394, 0.9999996620900642, -0.0008220817741863658, -1.14632435999248e-06], "world_rotation": [0.0, 1.0, 0.0, 0.0]}, {"color": "CVPurple", "id_name": "object189419505050379", "shape": "CVBox", "id_string": "ob807", "world_size": [0.11, 0.11, 0.11], "id": 807, "camera_size": [47, 60], "camera_position": [256, 243], "world_position": [0.7295463939774663, 0.6615326757442698, -0.15006688816132735], "world_orientation": [0.9250922927083899, 0.37974226445696946, 0.00025011323072615595, -0.37974225798428884, 0.9250914251016121, 0.001293330763012547, 0.00025975474758901696, -0.0012914288837732636, 0.9999991323690784], "world_rotation": [0.0034032881531334733, 1.2694743264974301e-05, 0.9999942087175256, -0.3895200491133012]}], "source": "action wait"}
{"timestamp": 1706068375.328104, "objects": [{"color": "cv_", "id_name": "hand", "shape": "CVCylinder", "id_string": "ob383", "world_size": [0.12, 0.005, 0.12], "id": 383, "camera_size": [49, 49], "camera_position": [246, 192], "world_position": [0.8555782490168367, 0.6899613917524315, -0.1742070786994758], "world_orientation": [1.9148145910132003e-05, 0.021293374041571306, 0.9997732702244415, -0.000823953277669236, -0.9997729306991802, 0.021293382591049233, 0.9999996603671147, -0.000824174191724648, -1.5990526194780748e-06], "world_rotation": [0.0, 1.0, 0.0, 0.0]}, {"color": "CVPurple", "id_name": "object189419505050379", "shape": "CVBox", "id_string": "ob807", "world_size": [0.11, 0.11, 0.11], "id": 807, "camera_size": [47, 61], "camera_position": [256, 243], "world_position": [0.731215910007746, 0.6617927734862991, -0.1500712026124279], "world_orientation": [0.9159370496627981, 0.40132185233664625, 0.00030313708453733485, -0.4013218653832075, 0.9159360197966493, 0.0014028558068762934, 0.0002853425163129273, -0.0014065831490859466, 0.9999989700512162], "world_rotation": [-0.003500210221939203, 2.2169810617128388e-05, -0.9999938739996869, 0.4129622511861308]}], "source": "action wait"}
{"timestamp": 1706068375.361873, "objects": [{"color": "cv_", "id_name": "hand", "shape": "CVCylinder", "id_string": "ob383", "world_size": [0.12, 0.005, 0.12], "id": 383, "camera_size": [49, 49], "camera_position": [246, 192], "world_position": [0.8570008493370239, 0.6879253563980917, -0.17421296829589383], "world_orientation": [1.90905824447534e-05, 0.019007860062278528, 0.9998193341256223, -0.0008254642135871262, -0.9998189933741872, 0.01900786934559317, 0.9999996591221327, -0.0008256779516704081, -3.3968186642252766e-06], "world_rotation": [0.0, 1.0, 0.0, 0.0]}, {"color": "CVPurple", "id_name": "object189419505050379", "shape": "CVBox", "id_string": "ob807", "world_size": [0.11, 0.11, 0.11], "id": 807, "camera_size": [47, 62], "camera_position": [256, 242], "world_position": [0.7316901554331796, 0.6628070136683125, -0.1500732298449551], "world_orientation": [0.8980448167802126, 0.4399037525338868, 0.00044222256785927396, -0.4399038981504739, 0.8980436130365825, 0.001493143067038508, 0.00025970408565353914, -0.0015354448235166487, 0.9999987874807559], "world_rotation": [-0.0034423090994521476, 0.00020745147732854075, -0.9999940537182951, 0.45549448999439707]}], "source": "action wait"}
{"timestamp": 1706068375.40656, "objects": [{"color": "cv_", "id_name": "hand", "shape": "CVCylinder", "id_string": "ob383", "world_size": [0.12, 0.005, 0.12], "id": 383, "camera_size": [49, 49], "camera_position": [246, 192], "world_position": [0.8575685511024272, 0.6832073774457598, -0.17419620918217857], "world_orientation": [1.3069981766167732e-05, 0.01297887269534684, 0.9999157707990878, -0.0008153197194290321, -0.9999154384010047, 0.01297887903794291, 0.9999996675414101, -0.0008154206794133088, -2.486945702783423e-06], "world_rotation": [0.0, 1.0, 0.0, 0.0]}, {"color": "CVPurple", "id_name": "object189419505050379", "shape": "CVBox", "id_string": "ob807", "world_size": [0.11, 0.11, 0.11], "id": 807, "camera_size": [47, 65], "camera_position": [256, 244], "world_position": [0.7290423499176503, 0.6678161827817531, -0.15005904344058738], "world_orientation": [0.8221182302913544, 0.5693164032288501, 0.0006696545208080613, -0.5693167741507669, 0.8221172947414688, 0.0012507427929165616, 0.00016153382516954573, -0.0014095040030441524, 0.999998993602138], "world_rotation": [-0.0023363444201606074, 0.0004462536911333635, -0.9999971711721957, 0.605676293770365]}], "source": "action wait"}
{"timestamp": 1706068375.438303, "objects": [{"color": "cv_", "id_name": "hand", "shape": "CVCylinder", "id_string": "ob383", "world_size": [0.12, 0.005, 0.12], "id": 383, "camera_size": [49, 49], "camera_position": [246, 192], "world_position": [0.8578916798363347, 0.6796136616198472, -0.17416451766276692], "world_orientation": [6.719737227242352e-06, 0.008645584670206343, 0.9999626262118777, -0.0007972670754417051, -0.999962308382569, 0.008645587279909236, 0.9999996821599774, -0.0007972953746260069, 1.7335605639929877e-07], "world_rotation": [0.0, 1.0, 0.0, 0.0]}, {"color": "CVPurple", "id_name": "object189419505050379", "shape": "CVBox", "id_string": "ob807", "world_size": [0.11, 0.11, 0.11], "id": 807, "camera_size": [47, 66], "camera_position": [256, 244], "world_position": [0.7266704592643601, 0.6719832776445313, -0.1500255169396714], "world_orientation": [0.7437018465577537, 0.6685102204749133, 0.0012839576201262516, -0.6685113056343859, 0.7437015877258225, 0.0007633171684113293, -0.00044459599211361765, -0.0014260205726665607, 0.9999988843992428], "world_rotation": [-0.0016374702527347197, 0.001292836215807615, -0.999997823630477, 0.7322064736052154]}], "source": "action wait"}
{"timestamp": 1706068375.465836, "objects": [{"color": "cv_", "id_name": "hand", "shape": "CVCylinder", "id_string": "ob383", "world_size": [0.12, 0.005, 0.12], "id": 383, "camera_size": [49, 49], "camera_position": [246, 192], "world_position": [0.8581387219854215, 0.6772772761184513, -0.1741604207975447], "world_orientation": [6.8707672528371715e-06, 0.005647791029386625, 0.9999840510774566, -0.0007940694549793751, -0.9999837358020751, 0.005647794704702453, 0.999999684703197, -0.0007940955951104078, -2.3859171603903546e-06], "world_rotation": [0.0, 1.0, 0.0, 0.0]}, {"color": "CVPurple", "id_name": "object189419505050379", "shape": "CVBox", "id_string": "ob807", "world_size": [0.11, 0.11, 0.11], "id": 807, "camera_size": [47, 67], "camera_position": [256, 245], "world_position": [0.7258521157163615, 0.6723576407656281, -0.15002089286688863], "world_orientation": [0.7188944740786435, 0.695117120465944, 0.0017099632525120066, -0.695118822383808, 0.7188945272089848, 0.0006939140569592079, -0.0007469316828350311, -0.0016874786234391996, 0.9999982972530288], "world_rotation": [-0.001712936196351578, 0.0017672449823288813, -0.9999969713427934, 0.7685869171747503]}], "source": "action wait"}
{"timestamp": 1706068375.498355, "objects": [{"color": "cv_", "id_name": "hand", "shape": "CVCylinder", "id_string": "ob383", "world_size": [0.12, 0.005, 0.12], "id": 383, "camera_size": [49, 49], "camera_position": [246, 192], "world_position": [0.8583673833832499, 0.6757452629705761, -0.17416562528776394], "world_orientation": [5.9076220709144125e-06, 0.0035624742946590705, 0.9999936543508664, -0.000796384872753781, -0.999993337239085, 0.00356247786972048, 0.9999996828680671, -0.0007964008649480472, -3.0704820716024246e-06], "world_rotation": [0.0, 1.0, 0.0, 0.0]}, {"color": "CVPurple", "id_name": "object189419505050379", "shape": "CVBox", "id_string": "ob807", "world_size": [0.11, 0.11, 0.11], "id": 807, "camera_size": [47, 67], "camera_position": [256, 245], "world_position": [0.7260302149258624, 0.6717047274224988, -0.1500248035199001], "world_orientation": [0.7172000828528738, 0.6968651310235576, 0.0017407812472509305, -0.6968669457829222, 0.7172000125167675, 0.0007758357626664021, -0.0007078354419140373, -0.001769522384312508, 0.9999981838781102], "world_rotation": [-0.0018262835564254348, 0.0017568719752536746, -0.999996789039462, 0.7710215766402677]}], "source": "action wait"}
{"timestamp": 1706068375.528424, "objects": [{"color": "cv_", "id_name": "hand", "shape": "CVCylinder", "id_string": "ob383", "world_size": [0.12, 0.005, 0.12], "id": 383, "camera_size": [49, 49], "camera_position": [246, 192], "world_position": [0.8585306712972427, 0.6746722115605832, -0.17416857927309537], "world_orientation": [4.7531569533061834e-06, 0.0020934944807664557, 0.9999978086267322, -0.0007983485544192662, -0.9999974899505247, 0.002093497608302663, 0.9999996813084459, -0.0007983567556626639, -3.0818067298854303e-06], "world_rotation": [0.0, 1.0, 0.0, 0.0]}, {"color": "CVPurple", "id_name": "object189419505050379", "shape": "CVBox", "id_string": "ob807", "world_size": [0.11, 0.11, 0.11], "id": 807, "camera_size": [47, 67], "camera_position": [256, 245], "world_position": [0.726155330312194, 0.6712331800528298, -0.15002691504121715], "world_orientation": [0.7159718224976748, 0.6981269472513456, 0.0017649110104958304, -0.6981288465271961, 0.715971658579121, 0.0008353191422655778, -0.0006804674606587719, -0.001830200256635682, 0.9999980936637107], "world_rotation": [-0.0019090416423682857, 0.001751376986680096, -0.999996644113698, 0.772782656558679]}], "source": "action wait"}
{"timestamp": 1706068375.559509, "objects": [{"color": "cv_", "id_name": "hand", "shape": "CVCylinder", "id_string": "ob383", "world_size": [0.12, 0.005, 0.12], "id": 383, "camera_size": [49, 49], "camera_position": [246, 192], "world_position": [0.8586548498200595, 0.6739257946968013, -0.17417144996365996], "world_orientation": [4.0559473621188794e-06, 0.0010597581168281167, 0.999999438447984, -0.0008000988334442821, -0.9999991183738272, 0.0010597610227877532, 0.9999996799126519, -0.0008001026824824644, -3.208032552931089e-06], "world_rotation": [0.0, 1.0, 0.0, 0.0]}, {"color": "CVPurple", "id_name": "object189419505050379", "shape": "CVBox", "id_string": "ob807", "world_size": [0.11, 0.11, 0.11], "id": 807, "camera_size": [47, 66], "camera_position": [256, 244], "world_position": [0.7262448096915054, 0.6708597432814325, -0.15002853941232017], "world_orientation": [0.7150511567897567, 0.6990698312816954, 0.0017928093631872281, -0.6990718192658728, 0.7150509060211989, 0.0008906775879085688, -0.0006593041283646853, -0.001890182542680919, 0.9999979962620034], "world_rotation": [-0.0019889618137949967, 0.0017538315013184119, -0.9999964840468032, 0.7741006573873078]}], "source": "action wait"}
{"timestamp": 1706068375.592909, "objects": [{"color": "cv_", "id_name": "hand", "shape": "CVCylinder", "id_string": "ob383", "world_size": [0.12, 0.005, 0.12], "id": 383, "camera_size": [49, 49], "camera_position": [246, 192], "world_position": [0.8587439358177602, 0.6734029348890598, -0.17417376627155218], "world_orientation": [2.726254293902408e-06, 0.00033167199910809234, 0.9999999449931248, -0.0008014551140822823, -0.9999996238309324, 0.00033167407755847446, 0.9999996788310823, -0.0008014559742249817, -2.4604330481311074e-06], "world_rotation": [0.0, 1.0, 0.0, 0.0]}, {"color": "CVPurple", "id_name": "object189419505050379", "shape": "CVBox", "id_string": "ob807", "world_size": [0.11, 0.11, 0.11], "id": 807, "camera_size": [47, 66], "camera_position": [256, 244], "world_position": [0.7263065620212975, 0.6705879192485561, -0.15002965411828065], "world_orientation": [0.7143750808770674, 0.6997606224188669, 0.0018207509010186702, -0.6997626962207721, 0.7143747505518759, 0.0009406124496271126, -0.0006424949175263125, -0.001946043654419569, 0.9999979000549832], "world_rotation": [-0.0020625919226381064, 0.0017600541060920254, -0.9999963239552954, 0.7750674083282393]}], "source": "action wait"}
{"timestamp": 1706068377.542916, "objects": [{"color": "cv_", "id_name": "hand", "shape": "CVCylinder", "id_string": "ob383", "world_size": [0.12, 0.005, 0.12], "id": 383, "camera_size": [49, 49], "camera_position": [246, 192], "world_position": [0.8589261859986506, 0.6721541624613356, -0.1741646137360421], "world_orientation": [5.618297791647775e-07, -0.0014052703148796932, 0.9999990126070257, -0.0008054960609100152, -0.9999986881961352, -0.0014052694064416976, 0.9999996755878375, -0.0008054944760470317, -1.6937687449524995e-06], "world_rotation": [0.0, 1.0, 0.0, 0.0]}, {"color": "CVPurple", "id_name": "object189419505050379", "shape": "CVBox", "id_string": "ob807", "world_size": [0.11, 0.11, 0.11], "id": 807, "camera_size": [47, 66], "camera_position": [256, 244], "world_position": [0.7262364716008035, 0.6699526552985476, -0.15000026437229055], "world_orientation": [0.7107069474990722, 0.7034841691910828, 0.0023787547337475413, -0.7034880778756858, 0.710704687275252, 0.001836238481066628, -0.0003988274368627191, -0.002978453041140942, 0.9999954848668855], "world_rotation": [-0.003421996389735294, 0.0019741402156671045, -0.9999921963251102, 0.7802985250410397]}], "source": "action wait"}
{"timestamp": 1706068377.575004, "objects": [{"color": "cv_", "id_name": "hand", "shape": "CVCylinder", "id_string": "ob383", "world_size": [0.12, 0.005, 0.12], "id": 383, "camera_size": [49, 49], "camera_position": [246, 203], "world_position": [0.8306526116722036, 0.6727886241626868, -0.17410561674581718], "world_orientation": [-5.4692105368058805e-05, -0.0023207910105016126, 0.9999973054652994, -0.00080615221254123, -0.999996981918711, -0.002320834349895816, 0.9999996735636387, -0.000806276971653287, 5.282102949524719e-05], "world_rotation": [0.0, 1.0, 0.0, 0.0]}, {"color": "CVPurple", "id_name": "object189419505050379", "shape": "CVBox", "id_string": "ob807", "world_size": [0.11, 0.11, 0.11], "id": 807, "camera_size": [47, 66], "camera_position": [256, 256], "world_position": [0.6994359364677468, 0.6692446848493065, -0.14998222750159038], "world_orientation": [0.7307574740824593, 0.6826348126415956, 0.0017962857226898913, -0.6826371549603241, 0.7307555750732961, 0.0016745647108522036, -0.00016952963863138104, -0.0024499120535228574, 0.9999969845907695], "world_rotation": [-0.0030209758686511774, 0.0014398628257698974, -0.9999944002342432, 0.7513690046559043]}], "source": "action wait"}
{"timestamp": 1706068377.606591, "objects": [{"color": "cv_", "id_name": "hand", "shape": "CVCylinder", "id_string": "ob383", "world_size": [0.12, 0.005, 0.12], "id": 383, "camera_size": [49, 48], "camera_position": [246, 217], "world_position": [0.7950102959943436, 0.6754353570183359, -0.1741113017426479], "world_orientation": [-3.7339133956856956e-05, -0.002084885595631097, 0.9999978259265578, -0.0007939731620100298, -0.9999975113657966, -0.00208491458614076, 0.9999996841061536, -0.0007940492847594531, 3.568369782500539e-05], "world_rotation": [0.0, 1.0, 0.0, 0.0]}, {"color": "CVPurple", "id_name": "object189419505050379", "shape": "CVBox", "id_string": "ob807", "world_size": [0.11, 0.11, 0.11], "id": 807, "camera_size": [47, 66], "camera_position": [256, 271], "world_position": [0.6632699280552538, 0.6712816288089523, -0.14998517710496256], "world_orientation": [0.7264809269734889, 0.6871793032603405, -0.0031729976951458618, -0.6871783134632737, 0.7264871067801202, 0.0015649881855579633, 0.0033805694063288928, 0.001043481137026481, 0.999993741429218], "world_rotation": [0.00037945078899305577, 0.00476840382958584, 0.9999885591055614, -0.7576093795994714]}], "source": "action wait"}
{"timestamp": 1706068377.637752, "objects": [{"color": "cv_", "id_name": "hand", "shape": "CVCylinder", "id_string": "ob383", "world_size": [0.12, 0.005, 0.12], "id": 383, "camera_size": [49, 49], "camera_position": [246, 228], "world_position": [0.7695841895458208, 0.6759513812531753, -0.1741242382371601], "world_orientation": [-2.1250914761528903e-05, -0.0018621483161073344, 0.9999982659745204, -0.0007932708006117927, -0.9999979515301434, -0.0018621645883232637, 0.9999996851348683, -0.0007933089977613167, 1.9773683344456767e-05], "world_rotation": [0.0, 1.0, 0.0, 0.0]}, {"color": "CVPurple", "id_name": "object189419505050379", "shape": "CVBox", "id_string": "ob807", "world_size": [0.11, 0.11, 0.11], "id": 807, "camera_size": [47, 66], "camera_position": [256, 282], "world_position": [0.6376810438775636, 0.671761739716686, -0.14999245575420211], "world_orientation": [0.7261756190099736, 0.687439734802798, -0.00977657249451883, -0.6874611475426251, 0.7262196042377363, 0.0015023448880328361, 0.008132710179182632, 0.005630047517081869, 0.9999510795984456], "world_rotation": [-0.003001913773735131, 0.01302470821360657, 0.9999106687547871, -0.7580570939993341]}], "source": "action wait"}
