{"timestamp": 1706068114.195155, "objects": [{"color": "cv_", "id_name": "hand", "shape": "CVCylinder", "id_string": "ob383", "world_size": [0.12, 0.005, 0.12], "id": 383, "camera_size": [48, 50], "camera_position": [246, 426], "world_position": [0.26764451554004004, 0.6334703013847442, -0.17389260400847484], "world_orientation": [-0.000641549070434992, 0.19791547486655295, 0.9802188802625346, -0.0007473671049937149, -0.9802189031249394, 0.19791499033411122, 0.9999995149284828, -0.0006056111687282743, 0.000776774041607514], "world_rotation": [0.0, 1.0, 0.0, 0.0]}, {"color": "CVYellow", "id_name": "object93360825134062", "shape": "CVCone", "id_string": "ob709", "world_size": [0.1, 0.1, 0.1], "id": 709, "camera_size": [41, 41], "camera_position": [256, 254], "world_position": [0.705, 0.6498037932383656, -0.15], "world_orientation": [1.0, 2.1316282072802963e-17, -9.624447840080312e-18, -2.1316282072802963e-17, 1.0, -1.5774048733874193e-16, 9.624447840080312e-18, 1.5774048733874193e-16, 1.0], "world_rotation": [-0.9891858493133231, 0.06035462278252622, 0.13367376342071935, -1.5946496550495827e-16]}], "source": "manual check"}
{"timestamp": 1706068115.221454, "objects": [{"color": "cv_", "id_name": "hand", "shape": "CVCylinder", "id_string": "ob383", "world_size": [0.12, 0.005, 0.12], "id": 383, "camera_size": [48, 50], "camera_position": [246, 426], "world_position": [0.26764451554004004, 0.6334703013847442, -0.17389260400847484], "world_orientation": [-0.000641549070434992, 0.19791547486655295, 0.9802188802625346, -0.0007473671049937149, -0.9802189031249394, 0.19791499033411122, 0.9999995149284828, -0.0006056111687282743, 0.000776774041607514], "world_rotation": [0.0, 1.0, 0.0, 0.0]}, {"color": "CVYellow", "id_name": "object93360825134062", "shape": "CVCone", "id_string": "ob709", "world_size": [0.1, 0.1, 0.1], "id": 709, "camera_size": [41, 41], "camera_position": [256, 254], "world_position": [0.705, 0.6498037994254439, -0.15], "world_orientation": [1.0, 8.100187187665134e-17, -1.2653630886983698e-17, -8.100187187665134e-17, 1.0, -1.9397816686250694e-16, 1.2653630886983698e-17, 1.9397816686250694e-16, 1.0], "world_rotation": [-0.9211093596285536, 0.06008602943210125, 0.38463907325148433, -2.1059189642881336e-16]}], "source": "manual check"}
{"timestamp": 1706068118.60485, "objects": [{"color": "cv_", "id_name": "hand", "shape": "CVCylinder", "id_string": "ob383", "world_size": [0.12, 0.005, 0.12], "id": 383, "camera_size": [48, 50], "camera_position": [246, 426], "world_position": [0.26764451554004004, 0.6334703013847442, -0.17389260400847484], "world_orientation": [-0.000641549070434992, 0.19791547486655295, 0.9802188802625346, -0.0007473671049937149, -0.9802189031249394, 0.19791499033411122, 0.9999995149284828, -0.0006056111687282743, 0.000776774041607514], "world_rotation": [0.0, 1.0, 0.0, 0.0]}, {"color": "CVYellow", "id_name": "object93360825134062", "shape": "CVCone", "id_string": "ob709", "world_size": [0.1, 0.1, 0.1], "id": 709, "camera_size": [41, 41], "camera_position": [256, 254], "world_position": [0.705, 0.6498037994254439, -0.15], "world_orientation": [1.0, 8.100187187665134e-17, -1.2653630886983698e-17, -8.100187187665134e-17, 1.0, -1.9397816686250694e-16, 1.2653630886983698e-17, 1.9397816686250694e-16, 1.0], "world_rotation": [-0.9211093596285536, 0.06008602943210125, 0.38463907325148433, -2.1059189642881336e-16]}], "source": "action wait"}
{"timestamp": 1706068118.636292, "objects": [{"color": "cv_", "id_name": "hand", "shape": "CVCylinder", "id_string": "ob383", "world_size": [0.12, 0.005, 0.12], "id": 383, "camera_size": [49, 51], "camera_position": [246, 421], "world_position": [0.2918238003724965, 0.6684289894322115, -0.17395575462193574], "world_orientation": [-0.0003776583494946961, 0.20474376945838627, 0.9788155322848847, -0.000713482513125763, -0.978815408119156, 0.20474346820163494, 0.9999996741583842, -0.0006210446855905869, 0.0005157389106706998], "world_rotation": [0.0, 1.0, 0.0, 0.0]}, {"color": "CVYellow", "id_name": "object93360825134062", "shape": "CVCone", "id_string": "ob709", "world_size": [0.1, 0.1, 0.1], "id": 709, "camera_size": [41, 41], "camera_position": [256, 254], "world_position": [0.705, 0.6498037994254439, -0.15], "world_orientation": [1.0, 8.100187187665134e-17, -1.2653630886983698e-17, -8.100187187665134e-17, 1.0, -1.9397816686250694e-16, 1.2653630886983698e-17, 1.9397816686250694e-16, 1.0], "world_rotation": [-0.9211093596285536, 0.06008602943210125, 0.38463907325148433, -2.1059189642881336e-16]}], "source": "action wait"}
{"timestamp": 1706068118.6701, "objects": [{"color": "cv_", "id_name": "hand", "shape": "CVCylinder", "id_string": "ob383", "world_size": [0.12, 0.005, 0.12], "id": 383, "camera_size": [51, 52], "camera_position": [246, 405], "world_position": [0.3383626131972269, 0.7071569102662021, -0.17398350342746707], "world_orientation": [-0.00021409463055399464, 0.1981687725767276, 0.9801678895673548, -0.0007291424373244306, -0.9801676824137849, 0.19816857143072883, 0.9999997112573561, -0.0006722551768986966, 0.00035434189968595967], "world_rotation": [0.0, 1.0, 0.0, 0.0]}, {"color": "CVYellow", "id_name": "object93360825134062", "shape": "CVCone", "id_string": "ob709", "world_size": [0.1, 0.1, 0.1], "id": 709, "camera_size": [41, 41], "camera_position": [256, 254], "world_position": [0.705, 0.6498037994254439, -0.15], "world_orientation": [1.0, 8.100187187665134e-17, -1.2653630886983698e-17, -8.100187187665134e-17, 1.0, -1.9397816686250694e-16, 1.2653630886983698e-17, 1.9397816686250694e-16, 1.0], "world_rotation": [-0.9211093596285536, 0.06008602943210125, 0.38463907325148433, -2.1059189642881336e-16]}], "source": "action wait"}
{"timestamp": 1706068118.701423, "objects": [{"color": "cv_", "id_name": "hand", "shape": "CVCylinder", "id_string": "ob383", "world_size": [0.12, 0.005, 0.12], "id": 383, "camera_size": [51, 53], "camera_position": [246, 388], "world_position": [0.389289076168535, 0.7408601057611962, -0.17400407492722117], "world_orientation": [-0.00010769135181065888, 0.1934599276512105, 0.981108171811733, -0.0007400477896823768, -0.9811079242568693, 0.19345979760572093, 0.9999997203658818, -0.0007052329868636996, 0.00024882643048619065], "world_rotation": [0.0, 1.0, 0.0, 0.0]}, {"color": "CVYellow", "id_name": "object93360825134062", "shape": "CVCone", "id_string": "ob709", "world_size": [0.1, 0.1, 0.1], "id": 709, "camera_size": [41, 41], "camera_position": [256, 254], "world_position": [0.705, 0.6498037994254439, -0.15], "world_orientation": [1.0, 8.100187187665134e-17, -1.2653630886983698e-17, -8.100187187665134e-17, 1.0, -1.9397816686250694e-16, 1.2653630886983698e-17, 1.9397816686250694e-16, 1.0], "world_rotation": [-0.9211093596285536, 0.06008602943210125, 0.38463907325148433, -2.1059189642881336e-16]}], "source": "action wait"}
{"timestamp": 1706068118.730858, "objects": [{"color": "cv_", "id_name": "hand", "shape": "CVCylinder", "id_string": "ob383", "world_size": [0.12, 0.005, 0.12], "id": 383, "camera_size": [52, 53], "camera_position": [245, 367], "world_position": [0.4436673670776281, 0.7691776419801357, -0.17402267150694406], "world_orientation": [-3.279325034597464e-05, 0.1901348922006133, 0.9817579751101918, -0.000747242467206605, -0.9817577062044646, 0.1901348151624101, 0.9999997202766099, -0.0007273761129282825, 0.00017427189218912774], "world_rotation": [0.0, 1.0, 0.0, 0.0]}, {"color": "CVYellow", "id_name": "object93360825134062", "shape": "CVCone", "id_string": "ob709", "world_size": [0.1, 0.1, 0.1], "id": 709, "camera_size": [41, 41], "camera_position": [256, 254], "world_position": [0.705, 0.6498037994254439, -0.15], "world_orientation": [1.0, 8.100187187665134e-17, -1.2653630886983698e-17, -8.100187187665134e-17, 1.0, -1.9397816686250694e-16, 1.2653630886983698e-17, 1.9397816686250694e-16, 1.0], "world_rotation": [-0.9211093596285536, 0.06008602943210125, 0.38463907325148433, -2.1059189642881336e-16]}], "source": "action wait"}
{"timestamp": 1706068118.768907, "objects": [{"color": "cv_", "id_name": "hand", "shape": "CVCylinder", "id_string": "ob383", "world_size": [0.12, 0.005, 0.12], "id": 383, "camera_size": [53, 54], "camera_position": [245, 343], "world_position": [0.5008358936431531, 0.791838630109318, -0.17403889971917577], "world_orientation": [1.9836906170700378e-05, 0.18778614489100134, 0.9822099385536033, -0.0007520717802085835, -0.9822096581704298, 0.18778610647426788, 0.9999997169972275, -0.00074241747240117, 0.00012174465945802593], "world_rotation": [0.0, 1.0, 0.0, 0.0]}, {"color": "CVYellow", "id_name": "object93360825134062", "shape": "CVCone", "id_string": "ob709", "world_size": [0.1, 0.1, 0.1], "id": 709, "camera_size": [41, 41], "camera_position": [256, 254], "world_position": [0.705, 0.6498037994254439, -0.15], "world_orientation": [1.0, 8.100187187665134e-17, -1.2653630886983698e-17, -8.100187187665134e-17, 1.0, -1.9397816686250694e-16, 1.2653630886983698e-17, 1.9397816686250694e-16, 1.0], "world_rotation": [-0.9211093596285536, 0.06008602943210125, 0.38463907325148433, -2.1059189642881336e-16]}], "source": "action wait"}
{"timestamp": 1706068118.799928, "objects": [{"color": "cv_", "id_name": "hand", "shape": "CVCylinder", "id_string": "ob383", "world_size": [0.12, 0.005, 0.12], "id": 383, "camera_size": [54, 54], "camera_position": [245, 318], "world_position": [0.5601430318237868, 0.8086196118302469, -0.17405260785615173], "world_orientation": [5.667952979055039e-05, 0.18612553275750607, 0.9825259705693105, -0.0007553750572497736, -0.982525683868178, 0.18612552202181265, 0.9999997130979359, -0.0007527251183386868, 8.490549119398414e-05], "world_rotation": [0.0, 1.0, 0.0, 0.0]}, {"color": "CVYellow", "id_name": "object93360825134062", "shape": "CVCone", "id_string": "ob709", "world_size": [0.1, 0.1, 0.1], "id": 709, "camera_size": [41, 41], "camera_position": [256, 254], "world_position": [0.705, 0.6498037994254439, -0.15], "world_orientation": [1.0, 8.100187187665134e-17, -1.2653630886983698e-17, -8.100187187665134e-17, 1.0, -1.9397816686250694e-16, 1.2653630886983698e-17, 1.9397816686250694e-16, 1.0], "world_rotation": [-0.9211093596285536, 0.06008602943210125, 0.38463907325148433, -2.1059189642881336e-16]}], "source": "action wait"}
{"timestamp": 1706068118.832856, "objects": [{"color": "cv_", "id_name": "hand", "shape": "CVCylinder", "id_string": "ob383", "world_size": [0.12, 0.005, 0.12], "id": 383, "camera_size": [54, 54], "camera_position": [245, 291], "world_position": [0.6211177738856648, 0.8141761953624764, -0.17406314223439823], "world_orientation": [7.766024743036243e-05, 0.177563208628649, 0.9841093947881936, -0.0007644023445632431, -0.9841090997020374, 0.17756321570838107, 0.9999997048289273, -0.0007660451319495534, 5.930357680300331e-05], "world_rotation": [0.0, 1.0, 0.0, 0.0]}, {"color": "CVYellow", "id_name": "object93360825134062", "shape": "CVCone", "id_string": "ob709", "world_size": [0.1, 0.1, 0.1], "id": 709, "camera_size": [41, 41], "camera_position": [256, 254], "world_position": [0.705, 0.6498037994254439, -0.15], "world_orientation": [1.0, 8.100187187665134e-17, -1.2653630886983698e-17, -8.100187187665134e-17, 1.0, -1.9397816686250694e-16, 1.2653630886983698e-17, 1.9397816686250694e-16, 1.0], "world_rotation": [-0.9211093596285536, 0.06008602943210125, 0.38463907325148433, -2.1059189642881336e-16]}], "source": "action wait"}
{"timestamp": 1706068118.862967, "objects": [{"color": "cv_", "id_name": "hand", "shape": "CVCylinder", "id_string": "ob383", "world_size": [0.12, 0.005, 0.12], "id": 383, "camera_size": [53, 53], "camera_position": [245, 263], "world_position": [0.6832456910980819, 0.7948170564363676, -0.17407085857502003], "world_orientation": [6.942561890983325e-05, 0.1427349333622753, 0.9897609478950715, -0.0007772225550146893, -0.9897606436335772, 0.14273494400162526, 0.9999996955525454, -0.0007791739946044612, 4.222206434123585e-05], "world_rotation": [0.0, 1.0, 0.0, 0.0]}, {"color": "CVYellow", "id_name": "object93360825134062", "shape": "CVCone", "id_string": "ob709", "world_size": [0.1, 0.1, 0.1], "id": 709, "camera_size": [41, 41], "camera_position": [256, 254], "world_position": [0.705, 0.6498037994254439, -0.15], "world_orientation": [1.0, 8.100187187665134e-17, -1.2653630886983698e-17, -8.100187187665134e-17, 1.0, -1.9397816686250694e-16, 1.2653630886983698e-17, 1.9397816686250694e-16, 1.0], "world_rotation": [-0.9211093596285536, 0.06008602943210125, 0.38463907325148433, -2.1059189642881336e-16]}], "source": "action wait"}
{"timestamp": 1706068118.901287, "objects": [{"color": "cv_", "id_name": "hand", "shape": "CVCylinder", "id_string": "ob383", "world_size": [0.12, 0.005, 0.12], "id": 383, "camera_size": [52, 52], "camera_position": [245, 239], "world_position": [0.7375090488416877, 0.7639451284446904, -0.17407256641189509], "world_orientation": [3.729558735226942e-05, 0.10033478907214052, 0.9949537319448017, -0.0007768374312775071, -0.9949534295142205, 0.10033478769348352, 0.9999996975662766, -0.0007766593462031807, 4.083644726908341e-05], "world_rotation": [0.0, 1.0, 0.0, 0.0]}, {"color": "CVYellow", "id_name": "object93360825134062", "shape": "CVCone", "id_string": "ob709", "world_size": [0.1, 0.1, 0.1], "id": 709, "camera_size": [41, 41], "camera_position": [256, 254], "world_position": [0.705, 0.6498037994254439, -0.15], "world_orientation": [1.0, 8.100187187665134e-17, -1.2653630886983698e-17, -8.100187187665134e-17, 1.0, -1.9397816686250694e-16, 1.2653630886983698e-17, 1.9397816686250694e-16, 1.0], "world_rotation": [-0.9211093596285536, 0.06008602943210125, 0.38463907325148433, -2.1059189642881336e-16]}], "source": "action wait"}
{"timestamp": 1706068118.940637, "objects": [{"color": "cv_", "id_name": "hand", "shape": "CVCylinder", "id_string": "ob383", "world_size": [0.12, 0.005, 0.12], "id": 383, "camera_size": [51, 51], "camera_position": [246, 224], "world_position": [0.7747877512722453, 0.7386365831136855, -0.17407400524240793], "world_orientation": [1.263871267686703e-05, 0.07026062439365661, 0.9975286685103725, -0.0007700810412812174, -0.9975283721265402, 0.07026061327489873, 0.9999997034076825, -0.0007690659194583515, 4.149890031219433e-05], "world_rotation": [0.0, 1.0, 0.0, 0.0]}, {"color": "CVYellow", "id_name": "object93360825134062", "shape": "CVCone", "id_string": "ob709", "world_size": [0.1, 0.1, 0.1], "id": 709, "camera_size": [41, 41], "camera_position": [256, 254], "world_position": [0.705, 0.6498037994254439, -0.15], "world_orientation": [1.0, 8.100187187665134e-17, -1.2653630886983698e-17, -8.100187187665134e-17, 1.0, -1.9397816686250694e-16, 1.2653630886983698e-17, 1.9397816686250694e-16, 1.0], "world_rotation": [-0.9211093596285536, 0.06008602943210125, 0.38463907325148433, -2.1059189642881336e-16]}], "source": "action wait"}
{"timestamp": 1706068118.97057, "objects": [{"color": "cv_", "id_name": "hand", "shape": "CVCylinder", "id_string": "ob383", "world_size": [0.12, 0.005, 0.12], "id": 383, "camera_size": [51, 51], "camera_position": [246, 214], "world_position": [0.8003604711110894, 0.7191538215776997, -0.17407754993112154], "world_orientation": [-6.50525998042865e-07, 0.04902514908623209, 0.9987975444286242, -0.000765048322432639, -0.998797252155622, 0.049025134241971594, 0.9999997073502779, -0.0007640964936909238, 3.8156351645114535e-05], "world_rotation": [0.0, 1.0, 0.0, 0.0]}, {"color": "CVYellow", "id_name": "object93360825134062", "shape": "CVCone", "id_string": "ob709", "world_size": [0.1, 0.1, 0.1], "id": 709, "camera_size": [41, 41], "camera_position": [256, 254], "world_position": [0.705, 0.6498037994254439, -0.15], "world_orientation": [1.0, 8.100187187665134e-17, -1.2653630886983698e-17, -8.100187187665134e-17, 1.0, -1.9397816686250694e-16, 1.2653630886983698e-17, 1.9397816686250694e-16, 1.0], "world_rotation": [-0.9211093596285536, 0.06008602943210125, 0.38463907325148433, -2.1059189642881336e-16]}], "source": "action wait"}
{"timestamp": 1706068118.999901, "objects": [{"color": "cv_", "id_name": "hand", "shape": "CVCylinder", "id_string": "ob383", "world_size": [0.12, 0.005, 0.12], "id": 383, "camera_size": [49, 50], "camera_position": [246, 207], "world_position": [0.8179894390823201, 0.7046485260726038, -0.17408175546374016], "world_orientation": [-7.2875940751476125e-06, 0.03404617739473679, 0.9994202608270943, -0.0007619731658970699, -0.9994199709093944, 0.034046161962249744, 0.9999997096718506, -0.0007612833055962535, 3.3225640635120725e-05], "world_rotation": [0.0, 1.0, 0.0, 0.0]}, {"color": "CVYellow", "id_name": "object93360825134062", "shape": "CVCone", "id_string": "ob709", "world_size": [0.1, 0.1, 0.1], "id": 709, "camera_size": [41, 41], "camera_position": [256, 254], "world_position": [0.705, 0.6498037994254439, -0.15], "world_orientation": [1.0, 8.100187187665134e-17, -1.2653630886983698e-17, -8.100187187665134e-17, 1.0, -1.9397816686250694e-16, 1.2653630886983698e-17, 1.9397816686250694e-16, 1.0], "world_rotation": [-0.9211093596285536, 0.06008602943210125, 0.38463907325148433, -2.1059189642881336e-16]}], "source": "action wait"}
{"timestamp": 1706068119.030879, "objects": [{"color": "cv_", "id_name": "hand", "shape": "CVCylinder", "id_string": "ob383", "world_size": [0.12, 0.005, 0.12], "id": 383, "camera_size": [49, 50], "camera_position": [246, 202], "world_position": [0.8302024708281014, 0.6940658273549917, -0.17408586804662302], "world_orientation": [-1.0154900536171903e-05, 0.02348565448454087, 0.9997241739251437, -0.000760419346682897, -0.9997238851189596, 0.023485639975754223, 0.9999997108296059, -0.0007599711088616263, 2.801104265694596e-05], "world_rotation": [0.0, 1.0, 0.0, 0.0]}, {"color": "CVYellow", "id_name": "object93360825134062", "shape": "CVCone", "id_string": "ob709", "world_size": [0.1, 0.1, 0.1], "id": 709, "camera_size": [41, 41], "camera_position": [256, 254], "world_position": [0.705, 0.6498037994254439, -0.15], "world_orientation": [1.0, 8.100187187665134e-17, -1.2653630886983698e-17, -8.100187187665134e-17, 1.0, -1.9397816686250694e-16, 1.2653630886983698e-17, 1.9397816686250694e-16, 1.0], "world_rotation": [-0.9211093596285536, 0.06008602943210125, 0.38463907325148433, -2.1059189642881336e-16]}], "source": "action wait"}
{"timestamp": 1706068119.064141, "objects": [{"color": "cv_", "id_name": "hand", "shape": "CVCylinder", "id_string": "ob383", "world_size": [0.12, 0.005, 0.12], "id": 383, "camera_size": [49, 49], "camera_position": [246, 199], "world_position": [0.838699720800829, 0.6864433544261141, -0.17408954178389585], "world_orientation": [-1.0980608600905374e-05, 0.016041971477844835, 0.9998713192358957, -0.00075986784650319, -0.9998710307675623, 0.01604195850476362, 0.9999997112400993, -0.0007595939156609091, 2.316897076114804e-05], "world_rotation": [0.0, 1.0, 0.0, 0.0]}, {"color": "CVYellow", "id_name": "object93360825134062", "shape": "CVCone", "id_string": "ob709", "world_size": [0.1, 0.1, 0.1], "id": 709, "camera_size": [41, 41], "camera_position": [256, 254], "world_position": [0.705, 0.6498037994254439, -0.15], "world_orientation": [1.0, 8.100187187665134e-17, -1.2653630886983698e-17, -8.100187187665134e-17, 1.0, -1.9397816686250694e-16, 1.2653630886983698e-17, 1.9397816686250694e-16, 1.0], "world_rotation": [-0.9211093596285536, 0.06008602943210125, 0.38463907325148433, -2.1059189642881336e-16]}], "source": "action wait"}
{"timestamp": 1706068119.097974, "objects": [{"color": "cv_", "id_name": "hand", "shape": "CVCylinder", "id_string": "ob383", "world_size": [0.12, 0.005, 0.12], "id": 383, "camera_size": [49, 49], "camera_position": [246, 197], "world_position": [0.8446320989230691, 0.6809985289974193, -0.17409265688901268], "world_orientation": [-1.0742838989424699e-05, 0.010795736518710474, 0.9999417242807753, -0.0007598993576906286, -0.999941435719874, 0.010795725239349635, 0.9999997112187372, -0.0007597390972713545, 1.8945883089526386e-05], "world_rotation": [0.0, 1.0, 0.0, 0.0]}, {"color": "CVYellow", "id_name": "object93360825134062", "shape": "CVCone", "id_string": "ob709", "world_size": [0.1, 0.1, 0.1], "id": 709, "camera_size": [41, 41], "camera_position": [256, 254], "world_position": [0.705, 0.6498037994254439, -0.15], "world_orientation": [1.0, 8.100187187665134e-17, -1.2653630886983698e-17, -8.100187187665134e-17, 1.0, -1.9397816686250694e-16, 1.2653630886983698e-17, 1.9397816686250694e-16, 1.0], "world_rotation": [-0.9211093596285536, 0.06008602943210125, 0.38463907325148433, -2.1059189642881336e-16]}], "source": "action wait"}
{"timestamp": 1706068119.13363, "objects": [{"color": "cv_", "id_name": "hand", "shape": "CVCylinder", "id_string": "ob383", "world_size": [0.12, 0.005, 0.12], "id": 383, "camera_size": [49, 49], "camera_position": [246, 196], "world_position": [0.8487848270470283, 0.6771304139212063, -0.17409521144870618], "world_orientation": [-1.0033407343870152e-05, 0.007098353594720479, 0.9999748063204269, -0.0007602255045195447, -0.9999745174607335, 0.007098343916396648, 0.9999997109782148, -0.0007601351310661629, 1.5429501110344762e-05], "world_rotation": [0.0, 1.0, 0.0, 0.0]}, {"color": "CVYellow", "id_name": "object93360825134062", "shape": "CVCone", "id_string": "ob709", "world_size": [0.1, 0.1, 0.1], "id": 709, "camera_size": [41, 41], "camera_position": [256, 254], "world_position": [0.705, 0.6498037994254439, -0.15], "world_orientation": [1.0, 8.100187187665134e-17, -1.2653630886983698e-17, -8.100187187665134e-17, 1.0, -1.9397816686250694e-16, 1.2653630886983698e-17, 1.9397816686250694e-16, 1.0], "world_rotation": [-0.9211093596285536, 0.06008602943210125, 0.38463907325148433, -2.1059189642881336e-16]}], "source": "action wait"}
{"timestamp": 1706068119.16789, "objects": [{"color": "cv_", "id_name": "hand", "shape": "CVCylinder", "id_string": "ob383", "world_size": [0.12, 0.005, 0.12], "id": 383, "camera_size": [49, 48], "camera_position": [246, 194], "world_position": [0.8516975995999809, 0.6743923141675187, -0.17409725877502533], "world_orientation": [-9.153293786768927e-06, 0.004492544593896025, 0.9999899084287248, -0.0007606663160503058, -0.999989619198151, 0.004492536331829528, 0.9999997106514447, -0.0007606175182274217, 1.2570526114536466e-05], "world_rotation": [0.0, 1.0, 0.0, 0.0]}, {"color": "CVYellow", "id_name": "object93360825134062", "shape": "CVCone", "id_string": "ob709", "world_size": [0.1, 0.1, 0.1], "id": 709, "camera_size": [41, 41], "camera_position": [256, 254], "world_position": [0.705, 0.6498037994254439, -0.15], "world_orientation": [1.0, 8.100187187665134e-17, -1.2653630886983698e-17, -8.100187187665134e-17, 1.0, -1.9397816686250694e-16, 1.2653630886983698e-17, 1.9397816686250694e-16, 1.0], "world_rotation": [-0.9211093596285536, 0.06008602943210125, 0.38463907325148433, -2.1059189642881336e-16]}], "source": "action wait"}
{"timestamp": 1706068119.199671, "objects": [{"color": "cv_", "id_name": "hand", "shape": "CVCylinder", "id_string": "ob383", "world_size": [0.12, 0.005, 0.12], "id": 383, "camera_size": [49, 49], "camera_position": [246, 194], "world_position": [0.8537436803306315, 0.6724586984572454, -0.17409887266415447], "world_orientation": [-8.2800115901979e-06, 0.0026560095217061795, 0.9999964727662103, -0.0007611198022671606, -0.9999961831665308, 0.0026560024504213063, 0.9999997103140021, -0.0007610951258889883, 1.0301521429118143e-05], "world_rotation": [0.0, 1.0, 0.0, 0.0]}, {"color": "CVYellow", "id_name": "object93360825134062", "shape": "CVCone", "id_string": "ob709", "world_size": [0.1, 0.1, 0.1], "id": 709, "camera_size": [41, 41], "camera_position": [256, 254], "world_position": [0.705, 0.6498037994254439, -0.15], "world_orientation": [1.0, 8.100187187665134e-17, -1.2653630886983698e-17, -8.100187187665134e-17, 1.0, -1.9397816686250694e-16, 1.2653630886983698e-17, 1.9397816686250694e-16, 1.0], "world_rotation": [-0.9211093596285536, 0.06008602943210125, 0.38463907325148433, -2.1059189642881336e-16]}], "source": "action wait"}
{"timestamp": 1706068119.23393, "objects": [{"color": "cv_", "id_name": "hand", "shape": "CVCylinder", "id_string": "ob383", "world_size": [0.12, 0.005, 0.12], "id": 383, "camera_size": [49, 49], "camera_position": [246, 193], "world_position": [0.8551825145811736, 0.6710952981736162, -0.1741001292276189], "world_orientation": [-7.486987093384984e-06, 0.001361612517281309, 0.9999990729772192, -0.0007615343517888299, -0.9999987830459525, 0.0013616064209041484, 0.9999997100046462, -0.0007615234514997628, 8.523892688166344e-06], "world_rotation": [0.0, 1.0, 0.0, 0.0]}, {"color": "CVYellow", "id_name": "object93360825134062", "shape": "CVCone", "id_string": "ob709", "world_size": [0.1, 0.1, 0.1], "id": 709, "camera_size": [41, 41], "camera_position": [256, 254], "world_position": [0.705, 0.6498037994254439, -0.15], "world_orientation": [1.0, 8.100187187665134e-17, -1.2653630886983698e-17, -8.100187187665134e-17, 1.0, -1.9397816686250694e-16, 1.2653630886983698e-17, 1.9397816686250694e-16, 1.0], "world_rotation": [-0.9211093596285536, 0.06008602943210125, 0.38463907325148433, -2.1059189642881336e-16]}], "source": "action wait"}
{"timestamp": 1706068119.263793, "objects": [{"color": "cv_", "id_name": "hand", "shape": "CVCylinder", "id_string": "ob383", "world_size": [0.12, 0.005, 0.12], "id": 383, "camera_size": [49, 49], "camera_position": [246, 193], "world_position": [0.8561951268454873, 0.6701348943657544, -0.17410109826778442], "world_orientation": [-6.805027650715385e-06, 0.00044928977917029384, 0.9999998990461879, -0.0007618888706305538, -0.9999996088343333, 0.0004492844641060996, 0.999999709739478, -0.0007618857363220941, 7.147333871624889e-06], "world_rotation": [0.0, 1.0, 0.0, 0.0]}, {"color": "CVYellow", "id_name": "object93360825134062", "shape": "CVCone", "id_string": "ob709", "world_size": [0.1, 0.1, 0.1], "id": 709, "camera_size": [41, 41], "camera_position": [256, 254], "world_position": [0.705, 0.6498037994254439, -0.15], "world_orientation": [1.0, 8.100187187665134e-17, -1.2653630886983698e-17, -8.100187187665134e-17, 1.0, -1.9397816686250694e-16, 1.2653630886983698e-17, 1.9397816686250694e-16, 1.0], "world_rotation": [-0.9211093596285536, 0.06008602943210125, 0.38463907325148433, -2.1059189642881336e-16]}], "source": "action wait"}
{"timestamp": 1706068119.296773, "objects": [{"color": "cv_", "id_name": "hand", "shape": "CVCylinder", "id_string": "ob383", "world_size": [0.12, 0.005, 0.12], "id": 383, "camera_size": [49, 48], "camera_position": [246, 192], "world_position": [0.8569081877013528, 0.6694587676980522, -0.1741018399158607], "world_orientation": [-6.238952876144622e-06, -0.00019375657580976047, 0.9999999812097322, -0.0007621793101249865, -0.999999690769586, -0.00019376127473566914, 0.9999997095218451, -0.000762180504671225, 6.0912736939522105e-06], "world_rotation": [0.0, 1.0, 0.0, 0.0]}, {"color": "CVYellow", "id_name": "object93360825134062", "shape": "CVCone", "id_string": "ob709", "world_size": [0.1, 0.1, 0.1], "id": 709, "camera_size": [41, 41], "camera_position": [256, 254], "world_position": [0.705, 0.6498037994254439, -0.15], "world_orientation": [1.0, 8.100187187665134e-17, -1.2653630886983698e-17, -8.100187187665134e-17, 1.0, -1.9397816686250694e-16, 1.2653630886983698e-17, 1.9397816686250694e-16, 1.0], "world_rotation": [-0.9211093596285536, 0.06008602943210125, 0.38463907325148433, -2.1059189642881336e-16]}], "source": "action wait"}
{"timestamp": 1706068119.329332, "objects": [{"color": "cv_", "id_name": "hand", "shape": "CVCylinder", "id_string": "ob383", "world_size": [0.12, 0.005, 0.12], "id": 383, "camera_size": [49, 48], "camera_position": [246, 192], "world_position": [0.8574105223174951, 0.6689829301351166, -0.17410240402400914], "world_orientation": [-5.780611144108817e-06, -0.0006470175931583024, 0.9999997906673874, -0.000762410242089692, -0.9999995000465737, -0.0006470218123192072, 0.9999997093485614, -0.0007624138226741968, 5.287315414600561e-06], "world_rotation": [0.0, 1.0, 0.0, 0.0]}, {"color": "CVYellow", "id_name": "object93360825134062", "shape": "CVCone", "id_string": "ob709", "world_size": [0.1, 0.1, 0.1], "id": 709, "camera_size": [41, 41], "camera_position": [256, 254], "world_position": [0.705, 0.6498037994254439, -0.15], "world_orientation": [1.0, 8.100187187665134e-17, -1.2653630886983698e-17, -8.100187187665134e-17, 1.0, -1.9397816686250694e-16, 1.2653630886983698e-17, 1.9397816686250694e-16, 1.0], "world_rotation": [-0.9211093596285536, 0.06008602943210125, 0.38463907325148433, -2.1059189642881336e-16]}], "source": "action wait"}
{"timestamp": 1706068119.364203, "objects": [{"color": "cv_", "id_name": "hand", "shape": "CVCylinder", "id_string": "ob383", "world_size": [0.12, 0.005, 0.12], "id": 383, "camera_size": [49, 49], "camera_position": [246, 192], "world_position": [0.8577645144540811, 0.6686481021961106, -0.17410283088043463], "world_orientation": [-5.41624440987618e-06, -0.0009665140407390696, 0.9999995329105276, -0.0007625898748639973, -0.9999992421496383, -0.0009665178900890702, 0.9999997092136313, -0.0007625947535637535, 4.679186484155923e-06], "world_rotation": [0.0, 1.0, 0.0, 0.0]}, {"color": "CVYellow", "id_name": "object93360825134062", "shape": "CVCone", "id_string": "ob709", "world_size": [0.1, 0.1, 0.1], "id": 709, "camera_size": [41, 41], "camera_position": [256, 254], "world_position": [0.705, 0.6498037994254439, -0.15], "world_orientation": [1.0, 8.100187187665134e-17, -1.2653630886983698e-17, -8.100187187665134e-17, 1.0, -1.9397816686250694e-16, 1.2653630886983698e-17, 1.9397816686250694e-16, 1.0], "world_rotation": [-0.9211093596285536, 0.06008602943210125, 0.38463907325148433, -2.1059189642881336e-16]}], "source": "action wait"}
{"timestamp": 1706068119.39505, "objects": [{"color": "cv_", "id_name": "hand", "shape": "CVCylinder", "id_string": "ob383", "world_size": [0.12, 0.005, 0.12], "id": 383, "camera_size": [48, 49], "camera_position": [246, 192], "world_position": [0.8580140271817408, 0.6684125065223604, -0.1741031524616958], "world_orientation": [-5.130612297994523e-06, -0.0011917275492805835, 0.9999992898793104, -0.0007627272913277728, -0.9999989990115122, -0.0011917311159056, 0.9999997091103358, -0.0007627328640100429, 4.221644037010962e-06], "world_rotation": [0.0, 1.0, 0.0, 0.0]}, {"color": "CVYellow", "id_name": "object93360825134062", "shape": "CVCone", "id_string": "ob709", "world_size": [0.1, 0.1, 0.1], "id": 709, "camera_size": [41, 41], "camera_position": [256, 254], "world_position": [0.705, 0.6498037994254439, -0.15], "world_orientation": [1.0, 8.100187187665134e-17, -1.2653630886983698e-17, -8.100187187665134e-17, 1.0, -1.9397816686250694e-16, 1.2653630886983698e-17, 1.9397816686250694e-16, 1.0], "world_rotation": [-0.9211093596285536, 0.06008602943210125, 0.38463907325148433, -2.1059189642881336e-16]}], "source": "action wait"}
{"timestamp": 1706068121.1094, "objects": [{"color": "cv_", "id_name": "hand", "shape": "CVCylinder", "id_string": "ob383", "world_size": [0.12, 0.005, 0.12], "id": 383, "camera_size": [48, 49], "camera_position": [246, 192], "world_position": [0.8586106237642294, 0.6678526113343588, -0.1741040914436536], "world_orientation": [-4.220362501812777e-06, -0.001729802704459752, 0.9999985038812771, -0.0007631197194059088, -0.9999982127091519, -0.001729805421434952, 0.999999708815199, -0.0007631258780945102, 2.9003084047062196e-06], "world_rotation": [0.0, 1.0, 0.0, 0.0]}, {"color": "CVYellow", "id_name": "object93360825134062", "shape": "CVCone", "id_string": "ob709", "world_size": [0.1, 0.1, 0.1], "id": 709, "camera_size": [41, 41], "camera_position": [256, 254], "world_position": [0.705, 0.6498037994254439, -0.15], "world_orientation": [1.0, 8.100187187665134e-17, -1.2653630886983698e-17, -8.100187187665134e-17, 1.0, -1.9397816686250694e-16, 1.2653630886983698e-17, 1.9397816686250694e-16, 1.0], "world_rotation": [-0.9211093596285536, 0.06008602943210125, 0.38463907325148433, -2.1059189642881336e-16]}], "source": "action wait"}
{"timestamp": 1706068121.141675, "objects": [{"color": "cv_", "id_name": "hand", "shape": "CVCylinder", "id_string": "ob383", "world_size": [0.12, 0.005, 0.12], "id": 383, "camera_size": [48, 48], "camera_position": [246, 205], "world_position": [0.825976605368855, 0.6549270489557091, -0.17408825623884752], "world_orientation": [-4.61457816306772e-05, -0.022698436299227433, 0.999742356239915, -0.0007601304594368952, -0.999742067683401, -0.022698464833611313, 0.9999997100360837, -0.0007609820549691068, 2.8880106330044973e-05], "world_rotation": [0.0, 1.0, 0.0, 0.0]}, {"color": "CVYellow", "id_name": "object93360825134062", "shape": "CVCone", "id_string": "ob709", "world_size": [0.1, 0.1, 0.1], "id": 709, "camera_size": [41, 41], "camera_position": [256, 254], "world_position": [0.705, 0.6498037994254439, -0.15], "world_orientation": [1.0, 8.100187187665134e-17, -1.2653630886983698e-17, -8.100187187665134e-17, 1.0, -1.9397816686250694e-16, 1.2653630886983698e-17, 1.9397816686250694e-16, 1.0], "world_rotation": [-0.9211093596285536, 0.06008602943210125, 0.38463907325148433, -2.1059189642881336e-16]}], "source": "action wait"}
{"timestamp": 1706068121.175402, "objects": [{"color": "cv_", "id_name": "hand", "shape": "CVCylinder", "id_string": "ob383", "world_size": [0.12, 0.005, 0.12], "id": 383, "camera_size": [48, 49], "camera_position": [246, 219], "world_position": [0.7918215105267012, 0.6616377529828623, -0.17410152542390964], "world_orientation": [-3.396368647712242e-05, -0.01653038619426359, 0.9998633632545683, -0.0007580421448189334, -0.999863076130935, -0.01653040719677414, 0.9999997121092459, -0.0007585000019751139, 2.1428306632741156e-05], "world_rotation": [0.0, 1.0, 0.0, 0.0]}, {"color": "CVYellow", "id_name": "object93360825134062", "shape": "CVCone", "id_string": "ob709", "world_size": [0.1, 0.1, 0.1], "id": 709, "camera_size": [41, 43], "camera_position": [256, 264], "world_position": [0.680824461923181, 0.6511848920959677, -0.15000561180230998], "world_orientation": [0.9995277497272042, -0.03072880110055908, 0.00013530777545697005, 0.03072880256000007, 0.9995277588027216, -8.719912707430866e-06, -0.00013497592508788627, 1.2873640643126476e-05, 0.9999999908078845], "world_rotation": [0.00035135348450881, 0.004397845896442973, 0.9999902677037411, 0.03073393908496428]}], "source": "action wait"}
{"timestamp": 1706068121.211517, "objects": [{"color": "cv_", "id_name": "hand", "shape": "CVCylinder", "id_string": "ob383", "world_size": [0.12, 0.005, 0.12], "id": 383, "camera_size": [48, 49], "camera_position": [246, 229], "world_position": [0.7672392004160662, 0.6650260085478276, -0.17410630801484686], "world_orientation": [-1.7627278997970843e-05, -0.012110289005038069, 0.9999266676059267, -0.0007619054899154856, -0.9999263773698855, -0.012110298921243209, 0.9999997095946097, -0.0007620630891800414, 8.39908555427925e-06], "world_rotation": [0.0, 1.0, 0.0, 0.0]}, {"color": "CVYellow", "id_name": "object93360825134062", "shape": "CVCone", "id_string": "ob709", "world_size": [0.1, 0.1, 0.1], "id": 709, "camera_size": [41, 44], "camera_position": [256, 282], "world_position": [0.6357394410224004, 0.6516932087305108, -0.15001824757462082], "world_orientation": [0.9991678530177238, -0.0407853465922943, 0.00039623137021722334, 0.04078535192363897, 0.9991679313506369, -5.380879352675265e-06, -0.0003956822174868012, 2.1536837547655496e-05, 0.9999999214858706], "world_rotation": [0.00032997690959814355, 0.009707851498213113, 0.9999528232544412, 0.0407985909060636]}], "source": "action wait"}
{"timestamp": 1706068121.247702, "objects": [{"color": "cv_", "id_name": "hand", "shape": "CVCylinder", "id_string": "ob383", "world_size": [0.12, 0.005, 0.12], "id": 383, "camera_size": [48, 49], "camera_position": [246, 236], "world_position": [0.7498502948799015, 0.6666571579491571, -0.17410844067556225], "world_orientation": [-8.291502352602446e-06, -0.009009347645919482, 0.9999594149695508, -0.0007633980730273601, -0.9999591235703716, -0.009009351350469857, 0.999999708577274, -0.0007634417915515915, 1.4134447938141306e-06], "world_rotation": [0.0, 1.0, 0.0, 0.0]}, {"color": "CVYellow", "id_name": "object93360825134062", "shape": "CVCone", "id_string": "ob709", "world_size": [0.1, 0.1, 0.1], "id": 709, "camera_size": [41, 44], "camera_position": [256, 298], "world_position": [0.5948774810223689, 0.6489885554582523, -0.1500324862896451], "world_orientation": [0.9998851096084664, 0.01514374723871272, 0.0006591682906632477, -0.01514374592619549, 0.9998853268803214, -6.9825514255274095e-06, -0.0006591984437728336, -3.0005279189527072e-06, 0.9999997827241807], "world_rotation": [0.00013134980786925734, 0.043487241344377744, -0.9990539738109667, 0.015158667062141019]}], "source": "action wait"}
{"timestamp": 1706068121.28106, "objects": [{"color": "cv_", "id_name": "hand", "shape": "CVCylinder", "id_string": "ob383", "world_size": [0.12, 0.005, 0.12], "id": 383, "camera_size": [48, 49], "camera_position": [246, 241], "world_position": [0.7375840194394291, 0.6674352340368133, -0.17410915819737863], "world_orientation": [-3.5521651008345863e-06, -0.006833044567602948, 0.9999766544721529, -0.0007638241696050711, -0.9999763627530087, -0.0068330452875190245, 0.9999997082799675, -0.0007638306098320296, -1.6671634549344903e-06], "world_rotation": [0.0, 1.0, 0.0, 0.0]}, {"color": "CVYellow", "id_name": "object93360825134062", "shape": "CVCone", "id_string": "ob709", "world_size": [0.1, 0.1, 0.1], "id": 709, "camera_size": [41, 43], "camera_position": [256, 310], "world_position": [0.5663784519023195, 0.6498526760789654, -0.15003225472877174], "world_orientation": [0.9999944984923009, -0.003250556749463434, 0.000660958357475293, 0.0032505583249800183, 0.9999947169204751, -1.3094542633421407e-06, -0.000660950609124334, 3.4579307507432074e-06, 0.9999997815661437], "world_rotation": [0.000718612646925121, 0.1992581884357123, 0.9799467628076445, 0.003317081724841706]}], "source": "action wait"}
{"timestamp": 1706068121.313924, "objects": [{"color": "cv_", "id_name": "hand", "shape": "CVCylinder", "id_string": "ob383", "world_size": [0.12, 0.005, 0.12], "id": 383, "camera_size": [48, 48], "camera_position": [246, 244], "world_position": [0.7289418038968288, 0.6678027567498419, -0.17410911187557548], "world_orientation": [-1.043960182645218e-06, -0.00530485186839585, 0.9999859291737881, -0.000763832768781041, -0.9999856374539159, -0.005304851118265228, 0.9999997082791633, -0.0007638275590766174, -3.0080745015215446e-06], "world_rotation": [0.0, 1.0, 0.0, 0.0]}, {"color": "CVYellow", "id_name": "object93360825134062", "shape": "CVCone", "id_string": "ob709", "world_size": [0.1, 0.1, 0.1], "id": 709, "camera_size": [41, 44], "camera_position": [256, 318], "world_position": [0.5447649726681003, 0.6493891661677723, -0.15003275600557944], "world_orientation": [0.9999845880159931, 0.005512102337045107, 0.0006636703327065548, -0.005512103612855639, 0.9999848082414815, 9.324725859734174e-08, -0.0006636597363986924, -3.751465460126058e-06, 0.9999997797708161], "world_rotation": [-0.00034625118895419474, 0.11953808988749298, -0.9928295549469526, 0.0055519411817910895]}], "source": "action wait"}
