{"timestamp": 1709222581.387263, "objects": [{"color": "cv_", "id_name": "hand", "shape": "CVCylinder", "id_string": "ob382", "world_size": [0.12, 0.005, 0.12], "id": 382, "camera_size": [48, 50], "camera_position": [246, 426], "world_position": [0.2676445155400441, 0.6334703013847223, -0.1738926040083979], "world_orientation": [-0.0006415491747310447, 0.1979154748665534, 0.9802188802624663, -0.0007473671260304508, -0.9802189031249393, 0.19791499033403193, 0.9999995149284001, -0.000605611168707127, 0.0007767741480039719], "world_rotation": [0.0, 1.0, 0.0, 0.0]}, {"color": "CVRed", "id_name": "object101767259147474", "shape": "CVSphere", "id_string": "ob393", "world_size": [0.1, 0.1, 0.1], "id": 393, "camera_size": [41, 41], "camera_position": [256, 254], "world_position": [0.705, 0.649803795681077, -0.15], "world_orientation": [1.0, 1.9184653865522657e-17, -9.55897242464241e-18, -1.9184653865522657e-17, 1.0, -1.6626700016786308e-16, 9.55897242464241e-18, 1.6626700016786308e-16, 1.0], "world_rotation": [-0.9917927042003282, 0.05701984820103169, 0.11443761971542243, -1.67642894995807e-16]}], "source": "manual check"}
{"timestamp": 1709222582.408387, "objects": [{"color": "cv_", "id_name": "hand", "shape": "CVCylinder", "id_string": "ob382", "world_size": [0.12, 0.005, 0.12], "id": 382, "camera_size": [48, 50], "camera_position": [246, 426], "world_position": [0.2676445155400441, 0.6334703013847223, -0.1738926040083979], "world_orientation": [-0.0006415491747310447, 0.1979154748665534, 0.9802188802624663, -0.0007473671260304508, -0.9802189031249393, 0.19791499033403193, 0.9999995149284001, -0.000605611168707127, 0.0007767741480039719], "world_rotation": [0.0, 1.0, 0.0, 0.0]}, {"color": "CVRed", "id_name": "object101767259147474", "shape": "CVSphere", "id_string": "ob393", "world_size": [0.1, 0.1, 0.1], "id": 393, "camera_size": [41, 41], "camera_position": [256, 254], "world_position": [0.705, 0.6498037994254439, -0.15], "world_orientation": [1.0, 8.100187187665134e-17, -1.2653630886983698e-17, -8.100187187665134e-17, 1.0, -1.9397816686250694e-16, 1.2653630886983698e-17, 1.9397816686250694e-16, 1.0], "world_rotation": [-0.9211093596285536, 0.06008602943210125, 0.38463907325148433, -2.1059189642881336e-16]}], "source": "manual check"}
{"timestamp": 1709222585.792997, "objects": [{"color": "cv_", "id_name": "hand", "shape": "CVCylinder", "id_string": "ob382", "world_size": [0.12, 0.005, 0.12], "id": 382, "camera_size": [48, 50], "camera_position": [246, 426], "world_position": [0.2676445155400441, 0.6334703013847223, -0.1738926040083979], "world_orientation": [-0.0006415491747310447, 0.1979154748665534, 0.9802188802624663, -0.0007473671260304508, -0.9802189031249393, 0.19791499033403193, 0.9999995149284001, -0.000605611168707127, 0.0007767741480039719], "world_rotation": [0.0, 1.0, 0.0, 0.0]}, {"color": "CVRed", "id_name": "object101767259147474", "shape": "CVSphere", "id_string": "ob393", "world_size": [0.1, 0.1, 0.1], "id": 393, "camera_size": [41, 41], "camera_position": [256, 254], "world_position": [0.705, 0.6498037994254439, -0.15], "world_orientation": [1.0, 8.100187187665134e-17, -1.2653630886983698e-17, -8.100187187665134e-17, 1.0, -1.9397816686250694e-16, 1.2653630886983698e-17, 1.9397816686250694e-16, 1.0], "world_rotation": [-0.9211093596285536, 0.06008602943210125, 0.38463907325148433, -2.1059189642881336e-16]}], "source": "action wait"}
{"timestamp": 1709222585.82125, "objects": [{"color": "cv_", "id_name": "hand", "shape": "CVCylinder", "id_string": "ob382", "world_size": [0.12, 0.005, 0.12], "id": 382, "camera_size": [49, 51], "camera_position": [246, 421], "world_position": [0.2918231455400635, 0.6684285409858154, -0.1739557528115824], "world_orientation": [-0.0003776708603750873, 0.20473775198959054, 0.9788167909649742, -0.0007134839303964093, -0.9788166668029656, 0.2047374507251016, 0.9999996741526481, -0.0006210466819896246, 0.0005157476286914404], "world_rotation": [0.0, 1.0, 0.0, 0.0]}, {"color": "CVRed", "id_name": "object101767259147474", "shape": "CVSphere", "id_string": "ob393", "world_size": [0.1, 0.1, 0.1], "id": 393, "camera_size": [41, 41], "camera_position": [256, 254], "world_position": [0.705, 0.6498037994254439, -0.15], "world_orientation": [1.0, 8.100187187665134e-17, -1.2653630886983698e-17, -8.100187187665134e-17, 1.0, -1.9397816686250694e-16, 1.2653630886983698e-17, 1.9397816686250694e-16, 1.0], "world_rotation": [-0.9211093596285536, 0.06008602943210125, 0.38463907325148433, -2.1059189642881336e-16]}], "source": "action wait"}
{"timestamp": 1709222585.853275, "objects": [{"color": "cv_", "id_name": "hand", "shape": "CVCylinder", "id_string": "ob382", "world_size": [0.12, 0.005, 0.12], "id": 382, "camera_size": [51, 52], "camera_position": [246, 405], "world_position": [0.3383614982775493, 0.7071557786917266, -0.17398349954605516], "world_orientation": [-0.00021411634355234053, 0.19815797674712843, 0.9801700721842491, -0.0007291447875707242, -0.9801698650345776, 0.19815777558798167, 0.9999997112509934, -0.0006722570807108882, 0.00035435624342255344], "world_rotation": [0.0, 1.0, 0.0, 0.0]}, {"color": "CVRed", "id_name": "object101767259147474", "shape": "CVSphere", "id_string": "ob393", "world_size": [0.1, 0.1, 0.1], "id": 393, "camera_size": [41, 41], "camera_position": [256, 254], "world_position": [0.705, 0.6498037994254439, -0.15], "world_orientation": [1.0, 8.100187187665134e-17, -1.2653630886983698e-17, -8.100187187665134e-17, 1.0, -1.9397816686250694e-16, 1.2653630886983698e-17, 1.9397816686250694e-16, 1.0], "world_rotation": [-0.9211093596285536, 0.06008602943210125, 0.38463907325148433, -2.1059189642881336e-16]}], "source": "action wait"}
{"timestamp": 1709222585.884624, "objects": [{"color": "cv_", "id_name": "hand", "shape": "CVCylinder", "id_string": "ob382", "world_size": [0.12, 0.005, 0.12], "id": 382, "camera_size": [51, 53], "camera_position": [246, 388], "world_position": [0.38928763070066785, 0.7408584928767475, -0.17400406888490114], "world_orientation": [-0.00010771960919571596, 0.19344575172941217, 0.9811109669830057, -0.000740050458239664, -0.9811107194314123, 0.19344562166690749, 0.9999997203608636, -0.0007052337339334377, 0.00024884448048717513], "world_rotation": [0.0, 1.0, 0.0, 0.0]}, {"color": "CVRed", "id_name": "object101767259147474", "shape": "CVSphere", "id_string": "ob393", "world_size": [0.1, 0.1, 0.1], "id": 393, "camera_size": [41, 41], "camera_position": [256, 254], "world_position": [0.705, 0.6498037994254439, -0.15], "world_orientation": [1.0, 8.100187187665134e-17, -1.2653630886983698e-17, -8.100187187665134e-17, 1.0, -1.9397816686250694e-16, 1.2653630886983698e-17, 1.9397816686250694e-16, 1.0], "world_rotation": [-0.9211093596285536, 0.06008602943210125, 0.38463907325148433, -2.1059189642881336e-16]}], "source": "action wait"}
{"timestamp": 1709222585.923222, "objects": [{"color": "cv_", "id_name": "hand", "shape": "CVCylinder", "id_string": "ob382", "world_size": [0.12, 0.005, 0.12], "id": 382, "camera_size": [52, 53], "camera_position": [245, 367], "world_position": [0.4436656851584896, 0.7691756913662197, -0.17402266327334437], "world_orientation": [-3.282612913179013e-05, 0.190118327647414, 0.9817611829844343, -0.0007472453246025316, -0.9817609140810587, 0.19011825058933454, 0.9999997202733959, -0.000727375607617502, 0.00017429244199837824], "world_rotation": [0.0, 1.0, 0.0, 0.0]}, {"color": "CVRed", "id_name": "object101767259147474", "shape": "CVSphere", "id_string": "ob393", "world_size": [0.1, 0.1, 0.1], "id": 393, "camera_size": [41, 41], "camera_position": [256, 254], "world_position": [0.705, 0.6498037994254439, -0.15], "world_orientation": [1.0, 8.100187187665134e-17, -1.2653630886983698e-17, -8.100187187665134e-17, 1.0, -1.9397816686250694e-16, 1.2653630886983698e-17, 1.9397816686250694e-16, 1.0], "world_rotation": [-0.9211093596285536, 0.06008602943210125, 0.38463907325148433, -2.1059189642881336e-16]}], "source": "action wait"}
{"timestamp": 1709222585.958226, "objects": [{"color": "cv_", "id_name": "hand", "shape": "CVCylinder", "id_string": "ob382", "world_size": [0.12, 0.005, 0.12], "id": 382, "camera_size": [53, 54], "camera_position": [245, 343], "world_position": [0.5008340433147777, 0.7918364420546433, -0.17403888931514486], "world_orientation": [1.9800763279167146e-05, 0.1877678931600945, 0.9822134278791698, -0.0007520747601816105, -0.9822131474974706, 0.18776785472137497, 0.9999997169957024, -0.0007424158750624668, 0.00012176692319532729], "world_rotation": [0.0, 1.0, 0.0, 0.0]}, {"color": "CVRed", "id_name": "object101767259147474", "shape": "CVSphere", "id_string": "ob393", "world_size": [0.1, 0.1, 0.1], "id": 393, "camera_size": [41, 41], "camera_position": [256, 254], "world_position": [0.705, 0.6498037994254439, -0.15], "world_orientation": [1.0, 8.100187187665134e-17, -1.2653630886983698e-17, -8.100187187665134e-17, 1.0, -1.9397816686250694e-16, 1.2653630886983698e-17, 1.9397816686250694e-16, 1.0], "world_rotation": [-0.9211093596285536, 0.06008602943210125, 0.38463907325148433, -2.1059189642881336e-16]}], "source": "action wait"}
{"timestamp": 1709222585.992397, "objects": [{"color": "cv_", "id_name": "hand", "shape": "CVCylinder", "id_string": "ob382", "world_size": [0.12, 0.005, 0.12], "id": 382, "camera_size": [54, 54], "camera_position": [245, 318], "world_position": [0.5601410618889795, 0.8086172565688545, -0.17405259532913867], "world_orientation": [5.664108239304569e-05, 0.18610608969225154, 0.9825296535836705, -0.0007553781220775876, -0.9825293668832833, 0.18610607893303094, 0.9999997130977991, -0.0007527226543605565, 8.492894171613863e-05], "world_rotation": [0.0, 1.0, 0.0, 0.0]}, {"color": "CVRed", "id_name": "object101767259147474", "shape": "CVSphere", "id_string": "ob393", "world_size": [0.1, 0.1, 0.1], "id": 393, "camera_size": [41, 41], "camera_position": [256, 254], "world_position": [0.705, 0.6498037994254439, -0.15], "world_orientation": [1.0, 8.100187187665134e-17, -1.2653630886983698e-17, -8.100187187665134e-17, 1.0, -1.9397816686250694e-16, 1.2653630886983698e-17, 1.9397816686250694e-16, 1.0], "world_rotation": [-0.9211093596285536, 0.06008602943210125, 0.38463907325148433, -2.1059189642881336e-16]}], "source": "action wait"}
{"timestamp": 1709222586.027005, "objects": [{"color": "cv_", "id_name": "hand", "shape": "CVCylinder", "id_string": "ob382", "world_size": [0.12, 0.005, 0.12], "id": 382, "camera_size": [54, 54], "camera_position": [245, 291], "world_position": [0.6211155908312481, 0.8141769671702138, -0.17406312808395633], "world_orientation": [7.762308214157544e-05, 0.17754751146743653, 0.9841122269062496, -0.0007644011524791878, -0.9841119318233237, 0.17754751852347592, 0.9999997048327242, -0.0007660383060306784, 5.932772106551712e-05], "world_rotation": [0.0, 1.0, 0.0, 0.0]}, {"color": "CVRed", "id_name": "object101767259147474", "shape": "CVSphere", "id_string": "ob393", "world_size": [0.1, 0.1, 0.1], "id": 393, "camera_size": [41, 41], "camera_position": [256, 254], "world_position": [0.705, 0.6498037994254439, -0.15], "world_orientation": [1.0, 8.100187187665134e-17, -1.2653630886983698e-17, -8.100187187665134e-17, 1.0, -1.9397816686250694e-16, 1.2653630886983698e-17, 1.9397816686250694e-16, 1.0], "world_rotation": [-0.9211093596285536, 0.06008602943210125, 0.38463907325148433, -2.1059189642881336e-16]}], "source": "action wait"}
{"timestamp": 1709222586.057222, "objects": [{"color": "cv_", "id_name": "hand", "shape": "CVCylinder", "id_string": "ob382", "world_size": [0.12, 0.005, 0.12], "id": 382, "camera_size": [53, 53], "camera_position": [245, 263], "world_position": [0.6832434142361135, 0.7948229245558729, -0.1740708423359519], "world_orientation": [6.939358089428945e-05, 0.1427257667936624, 0.989762269778805, -0.0007772221511755774, -0.989761965519077, 0.14272577741088419, 0.999999695555083, -0.0007791694132506862, 4.224650047562791e-05], "world_rotation": [0.0, 1.0, 0.0, 0.0]}, {"color": "CVRed", "id_name": "object101767259147474", "shape": "CVSphere", "id_string": "ob393", "world_size": [0.1, 0.1, 0.1], "id": 393, "camera_size": [41, 41], "camera_position": [256, 254], "world_position": [0.705, 0.6498037994254439, -0.15], "world_orientation": [1.0, 8.100187187665134e-17, -1.2653630886983698e-17, -8.100187187665134e-17, 1.0, -1.9397816686250694e-16, 1.2653630886983698e-17, 1.9397816686250694e-16, 1.0], "world_rotation": [-0.9211093596285536, 0.06008602943210125, 0.38463907325148433, -2.1059189642881336e-16]}], "source": "action wait"}
{"timestamp": 1709222586.090951, "objects": [{"color": "cv_", "id_name": "hand", "shape": "CVCylinder", "id_string": "ob382", "world_size": [0.12, 0.005, 0.12], "id": 382, "camera_size": [52, 52], "camera_position": [245, 239], "world_position": [0.7375082623030401, 0.7639532277399104, -0.17407254871875907], "world_orientation": [3.726635552614125e-05, 0.100328301169876, 0.994954386188425, -0.0007768382905307489, -0.9949540837583615, 0.10032829977045284, 0.9999996975666988, -0.0007766575346115848, 4.086055335553434e-05], "world_rotation": [0.0, 1.0, 0.0, 0.0]}, {"color": "CVRed", "id_name": "object101767259147474", "shape": "CVSphere", "id_string": "ob393", "world_size": [0.1, 0.1, 0.1], "id": 393, "camera_size": [41, 41], "camera_position": [256, 254], "world_position": [0.705, 0.6498037994254439, -0.15], "world_orientation": [1.0, 8.100187187665134e-17, -1.2653630886983698e-17, -8.100187187665134e-17, 1.0, -1.9397816686250694e-16, 1.2653630886983698e-17, 1.9397816686250694e-16, 1.0], "world_rotation": [-0.9211093596285536, 0.06008602943210125, 0.38463907325148433, -2.1059189642881336e-16]}], "source": "action wait"}
{"timestamp": 1709222586.116019, "objects": [{"color": "cv_", "id_name": "hand", "shape": "CVCylinder", "id_string": "ob382", "world_size": [0.12, 0.005, 0.12], "id": 382, "camera_size": [51, 51], "camera_position": [246, 224], "world_position": [0.7747881666413098, 0.7386460698114415, -0.17407398602363922], "world_orientation": [1.2610090114986345e-05, 0.07025603516208237, 0.9975289917412375, -0.0007700818945803528, -0.9975286953578859, 0.07025602402264004, 0.9999997034073868, -0.0007690649506533027, 4.1523973922961526e-05], "world_rotation": [0.0, 1.0, 0.0, 0.0]}, {"color": "CVRed", "id_name": "object101767259147474", "shape": "CVSphere", "id_string": "ob393", "world_size": [0.1, 0.1, 0.1], "id": 393, "camera_size": [41, 41], "camera_position": [256, 254], "world_position": [0.705, 0.6498037994254439, -0.15], "world_orientation": [1.0, 8.100187187665134e-17, -1.2653630886983698e-17, -8.100187187665134e-17, 1.0, -1.9397816686250694e-16, 1.2653630886983698e-17, 1.9397816686250694e-16, 1.0], "world_rotation": [-0.9211093596285536, 0.06008602943210125, 0.38463907325148433, -2.1059189642881336e-16]}], "source": "action wait"}
{"timestamp": 1709222586.153812, "objects": [{"color": "cv_", "id_name": "hand", "shape": "CVCylinder", "id_string": "ob382", "world_size": [0.12, 0.005, 0.12], "id": 382, "camera_size": [51, 51], "camera_position": [246, 214], "world_position": [0.8003617831589919, 0.7191642003976589, -0.17407752970277213], "world_orientation": [-6.786657636258098e-07, 0.04902190711113506, 0.99879770355299, -0.0007650490533086478, -0.9987974112804552, 0.04902189224629383, 0.9999997073497, -0.0007640959680704786, 3.8182013234974126e-05], "world_rotation": [0.0, 1.0, 0.0, 0.0]}, {"color": "CVRed", "id_name": "object101767259147474", "shape": "CVSphere", "id_string": "ob393", "world_size": [0.1, 0.1, 0.1], "id": 393, "camera_size": [41, 41], "camera_position": [256, 254], "world_position": [0.705, 0.6498037994254439, -0.15], "world_orientation": [1.0, 8.100187187665134e-17, -1.2653630886983698e-17, -8.100187187665134e-17, 1.0, -1.9397816686250694e-16, 1.2653630886983698e-17, 1.9397816686250694e-16, 1.0], "world_rotation": [-0.9211093596285536, 0.06008602943210125, 0.38463907325148433, -2.1059189642881336e-16]}], "source": "action wait"}
{"timestamp": 1709222586.222078, "objects": [{"color": "cv_", "id_name": "hand", "shape": "CVCylinder", "id_string": "ob382", "world_size": [0.12, 0.005, 0.12], "id": 382, "camera_size": [49, 50], "camera_position": [246, 207], "world_position": [0.8302049039484596, 0.694077185585404, -0.17408584672517768], "world_orientation": [-1.0182313729183096e-05, 0.023484039524531104, 0.999724211862417, -0.000760419789995066, -0.9997239230566407, 0.023484024995365362, 0.9999997108289901, -0.0007599709535276277, 2.8037231030984954e-05], "world_rotation": [0.0, 1.0, 0.0, 0.0]}, {"color": "CVRed", "id_name": "object101767259147474", "shape": "CVSphere", "id_string": "ob393", "world_size": [0.1, 0.1, 0.1], "id": 393, "camera_size": [41, 41], "camera_position": [256, 254], "world_position": [0.705, 0.6498037994254439, -0.15], "world_orientation": [1.0, 8.100187187665134e-17, -1.2653630886983698e-17, -8.100187187665134e-17, 1.0, -1.9397816686250694e-16, 1.2653630886983698e-17, 1.9397816686250694e-16, 1.0], "world_rotation": [-0.9211093596285536, 0.06008602943210125, 0.38463907325148433, -2.1059189642881336e-16]}], "source": "action wait"}
{"timestamp": 1709222586.257026, "objects": [{"color": "cv_", "id_name": "hand", "shape": "CVCylinder", "id_string": "ob382", "world_size": [0.12, 0.005, 0.12], "id": 382, "camera_size": [49, 49], "camera_position": [246, 199], "world_position": [0.8387024876797733, 0.686454979770129, -0.17408952018168403], "world_orientation": [-1.100775257329304e-05, 0.01604083226568516, 0.999871337512509, -0.0007598681756462739, -0.99987104904454, 0.016040819272306547, 0.9999997112395509, -0.0007595938357473655, 2.3195251063025398e-05], "world_rotation": [0.0, 1.0, 0.0, 0.0]}, {"color": "CVRed", "id_name": "object101767259147474", "shape": "CVSphere", "id_string": "ob393", "world_size": [0.1, 0.1, 0.1], "id": 393, "camera_size": [41, 41], "camera_position": [256, 254], "world_position": [0.705, 0.6498037994254439, -0.15], "world_orientation": [1.0, 8.100187187665134e-17, -1.2653630886983698e-17, -8.100187187665134e-17, 1.0, -1.9397816686250694e-16, 1.2653630886983698e-17, 1.9397816686250694e-16, 1.0], "world_rotation": [-0.9211093596285536, 0.06008602943210125, 0.38463907325148433, -2.1059189642881336e-16]}], "source": "action wait"}
{"timestamp": 1709222586.292128, "objects": [{"color": "cv_", "id_name": "hand", "shape": "CVCylinder", "id_string": "ob382", "world_size": [0.12, 0.005, 0.12], "id": 382, "camera_size": [49, 49], "camera_position": [246, 197], "world_position": [0.8446351024603685, 0.6810103380122785, -0.17409263510460626], "world_orientation": [-1.0769770423565896e-05, 0.010794933169819118, 0.9999417329534114, -0.0007598995980253867, -0.9999414443928288, 0.010794921870224652, 0.9999997112182648, -0.0007597390620901763, 1.8972205169944372e-05], "world_rotation": [0.0, 1.0, 0.0, 0.0]}, {"color": "CVRed", "id_name": "object101767259147474", "shape": "CVSphere", "id_string": "ob393", "world_size": [0.1, 0.1, 0.1], "id": 393, "camera_size": [41, 41], "camera_position": [256, 254], "world_position": [0.705, 0.6498037994254439, -0.15], "world_orientation": [1.0, 8.100187187665134e-17, -1.2653630886983698e-17, -8.100187187665134e-17, 1.0, -1.9397816686250694e-16, 1.2653630886983698e-17, 1.9397816686250694e-16, 1.0], "world_rotation": [-0.9211093596285536, 0.06008602943210125, 0.38463907325148433, -2.1059189642881336e-16]}], "source": "action wait"}
{"timestamp": 1709222586.324455, "objects": [{"color": "cv_", "id_name": "hand", "shape": "CVCylinder", "id_string": "ob382", "world_size": [0.12, 0.005, 0.12], "id": 382, "camera_size": [49, 49], "camera_position": [246, 196], "world_position": [0.8487879979159839, 0.6771423502910318, -0.17409518954642328], "world_orientation": [-1.0060170174186073e-05, 0.007097787318324948, 0.999974810339729, -0.000760225678051814, -0.9999745214803116, 0.007097777619818484, 0.999999710977814, -0.000760135123374903, 1.5455834033050126e-05], "world_rotation": [0.0, 1.0, 0.0, 0.0]}, {"color": "CVRed", "id_name": "object101767259147474", "shape": "CVSphere", "id_string": "ob393", "world_size": [0.1, 0.1, 0.1], "id": 393, "camera_size": [41, 41], "camera_position": [256, 254], "world_position": [0.705, 0.6498037994254439, -0.15], "world_orientation": [1.0, 8.100187187665134e-17, -1.2653630886983698e-17, -8.100187187665134e-17, 1.0, -1.9397816686250694e-16, 1.2653630886983698e-17, 1.9397816686250694e-16, 1.0], "world_rotation": [-0.9211093596285536, 0.06008602943210125, 0.38463907325148433, -2.1059189642881336e-16]}], "source": "action wait"}
{"timestamp": 1709222586.357498, "objects": [{"color": "cv_", "id_name": "hand", "shape": "CVCylinder", "id_string": "ob382", "world_size": [0.12, 0.005, 0.12], "id": 382, "camera_size": [49, 48], "camera_position": [246, 194], "world_position": [0.8517008885757853, 0.6744043393781753, -0.17409723679678496], "world_orientation": [-9.179928060872431e-06, 0.0044921456446935315, 0.9999899102207161, -0.0007606664404399666, -0.9999896209903796, 0.004492137362482314, 0.9999997106511058, -0.0007606175279860008, 1.2596857220163699e-05], "world_rotation": [0.0, 1.0, 0.0, 0.0]}, {"color": "CVRed", "id_name": "object101767259147474", "shape": "CVSphere", "id_string": "ob393", "world_size": [0.1, 0.1, 0.1], "id": 393, "camera_size": [41, 41], "camera_position": [256, 254], "world_position": [0.705, 0.6498037994254439, -0.15], "world_orientation": [1.0, 8.100187187665134e-17, -1.2653630886983698e-17, -8.100187187665134e-17, 1.0, -1.9397816686250694e-16, 1.2653630886983698e-17, 1.9397816686250694e-16, 1.0], "world_rotation": [-0.9211093596285536, 0.06008602943210125, 0.38463907325148433, -2.1059189642881336e-16]}], "source": "action wait"}
{"timestamp": 1709222586.390119, "objects": [{"color": "cv_", "id_name": "hand", "shape": "CVCylinder", "id_string": "ob382", "world_size": [0.12, 0.005, 0.12], "id": 382, "camera_size": [49, 49], "camera_position": [246, 194], "world_position": [0.8537470525798567, 0.672470785907331, -0.17409885063723565], "world_orientation": [-8.306540517027639e-06, 0.002655728668303534, 0.9999964735119029, -0.0007611198909599401, -0.9999961839124276, 0.0026557215769079496, 0.9999997103137145, -0.0007610951470212087, 1.0327836733344881e-05], "world_rotation": [0.0, 1.0, 0.0, 0.0]}, {"color": "CVRed", "id_name": "object101767259147474", "shape": "CVSphere", "id_string": "ob393", "world_size": [0.1, 0.1, 0.1], "id": 393, "camera_size": [41, 41], "camera_position": [256, 254], "world_position": [0.705, 0.6498037994254439, -0.15], "world_orientation": [1.0, 8.100187187665134e-17, -1.2653630886983698e-17, -8.100187187665134e-17, 1.0, -1.9397816686250694e-16, 1.2653630886983698e-17, 1.9397816686250694e-16, 1.0], "world_rotation": [-0.9211093596285536, 0.06008602943210125, 0.38463907325148433, -2.1059189642881336e-16]}], "source": "action wait"}
{"timestamp": 1709222586.413853, "objects": [{"color": "cv_", "id_name": "hand", "shape": "CVCylinder", "id_string": "ob382", "world_size": [0.12, 0.005, 0.12], "id": 382, "camera_size": [49, 49], "camera_position": [246, 193], "world_position": [0.85518594550611, 0.6711074293569249, -0.17410010716973395], "world_orientation": [-7.513433157823925e-06, 0.0013614150113334803, 0.9999990732459283, -0.0007615344148134883, -0.9999987833148379, 0.0013614088948737876, 0.9999997100043997, -0.0007615234802039616, 8.550188400680652e-06], "world_rotation": [0.0, 1.0, 0.0, 0.0]}, {"color": "CVRed", "id_name": "object101767259147474", "shape": "CVSphere", "id_string": "ob393", "world_size": [0.1, 0.1, 0.1], "id": 393, "camera_size": [41, 41], "camera_position": [256, 254], "world_position": [0.705, 0.6498037994254439, -0.15], "world_orientation": [1.0, 8.100187187665134e-17, -1.2653630886983698e-17, -8.100187187665134e-17, 1.0, -1.9397816686250694e-16, 1.2653630886983698e-17, 1.9397816686250694e-16, 1.0], "world_rotation": [-0.9211093596285536, 0.06008602943210125, 0.38463907325148433, -2.1059189642881336e-16]}], "source": "action wait"}
{"timestamp": 1709222586.47536, "objects": [{"color": "cv_", "id_name": "hand", "shape": "CVCylinder", "id_string": "ob382", "world_size": [0.12, 0.005, 0.12], "id": 382, "camera_size": [49, 49], "camera_position": [246, 193], "world_position": [0.8561985990990456, 0.6701470563414517, -0.17410107619039336], "world_orientation": [-6.831406111376113e-06, 0.00044915109573664854, 0.9999998991083074, -0.0007618889153102437, -0.9999996088966069, 0.0004491457606150501, 0.9999997097392642, -0.0007618857701452155, 7.173606681095982e-06], "world_rotation": [0.0, 1.0, 0.0, 0.0]}, {"color": "CVRed", "id_name": "object101767259147474", "shape": "CVSphere", "id_string": "ob393", "world_size": [0.1, 0.1, 0.1], "id": 393, "camera_size": [41, 41], "camera_position": [256, 254], "world_position": [0.705, 0.6498037994254439, -0.15], "world_orientation": [1.0, 8.100187187665134e-17, -1.2653630886983698e-17, -8.100187187665134e-17, 1.0, -1.9397816686250694e-16, 1.2653630886983698e-17, 1.9397816686250694e-16, 1.0], "world_rotation": [-0.9211093596285536, 0.06008602943210125, 0.38463907325148433, -2.1059189642881336e-16]}], "source": "action wait"}
{"timestamp": 1709222586.515121, "objects": [{"color": "cv_", "id_name": "hand", "shape": "CVCylinder", "id_string": "ob382", "world_size": [0.12, 0.005, 0.12], "id": 382, "camera_size": [49, 48], "camera_position": [246, 192], "world_position": [0.8574140441703856, 0.6689951291426, -0.17410238192707952], "world_orientation": [-5.806889105072283e-06, -0.0006470854654910445, 0.9999997906233183, -0.0007624102644524998, -0.9999995000026264, -0.0006470897046671513, 0.9999997093483922, -0.000762413862400059, 5.3135416011387945e-06], "world_rotation": [0.0, 1.0, 0.0, 0.0]}, {"color": "CVRed", "id_name": "object101767259147474", "shape": "CVSphere", "id_string": "ob393", "world_size": [0.1, 0.1, 0.1], "id": 393, "camera_size": [41, 41], "camera_position": [256, 254], "world_position": [0.705, 0.6498037994254439, -0.15], "world_orientation": [1.0, 8.100187187665134e-17, -1.2653630886983698e-17, -8.100187187665134e-17, 1.0, -1.9397816686250694e-16, 1.2653630886983698e-17, 1.9397816686250694e-16, 1.0], "world_rotation": [-0.9211093596285536, 0.06008602943210125, 0.38463907325148433, -2.1059189642881336e-16]}], "source": "action wait"}
{"timestamp": 1709222586.549323, "objects": [{"color": "cv_", "id_name": "hand", "shape": "CVCylinder", "id_string": "ob382", "world_size": [0.12, 0.005, 0.12], "id": 382, "camera_size": [49, 49], "camera_position": [246, 192], "world_position": [0.8577680507388586, 0.6686603120220264, -0.1741028087790842], "world_orientation": [-5.442488362518717e-06, -0.0009665612369338642, 0.9999995328647682, -0.0007625898906654522, -0.9999992421039898, -0.0009665651062839383, 0.9999997092134767, -0.0007625947949525279, 4.705394410047678e-06], "world_rotation": [0.0, 1.0, 0.0, 0.0]}, {"color": "CVRed", "id_name": "object101767259147474", "shape": "CVSphere", "id_string": "ob393", "world_size": [0.1, 0.1, 0.1], "id": 393, "camera_size": [41, 41], "camera_position": [256, 254], "world_position": [0.705, 0.6498037994254439, -0.15], "world_orientation": [1.0, 8.100187187665134e-17, -1.2653630886983698e-17, -8.100187187665134e-17, 1.0, -1.9397816686250694e-16, 1.2653630886983698e-17, 1.9397816686250694e-16, 1.0], "world_rotation": [-0.9211093596285536, 0.06008602943210125, 0.38463907325148433, -2.1059189642881336e-16]}], "source": "action wait"}
{"timestamp": 1709222586.585079, "objects": [{"color": "cv_", "id_name": "hand", "shape": "CVCylinder", "id_string": "ob382", "world_size": [0.12, 0.005, 0.12], "id": 382, "camera_size": [48, 49], "camera_position": [246, 192], "world_position": [0.8580175736296158, 0.6684247239899597, -0.17410313035779684], "world_orientation": [-5.156830978243851e-06, -0.0011917601538508225, 0.9999992898403192, -0.0007627273024843044, -0.9999989989726236, -0.0011917637404642986, 0.9999997091101923, -0.0007627329065506833, 4.247837809123689e-06], "world_rotation": [0.0, 1.0, 0.0, 0.0]}, {"color": "CVRed", "id_name": "object101767259147474", "shape": "CVSphere", "id_string": "ob393", "world_size": [0.1, 0.1, 0.1], "id": 393, "camera_size": [41, 41], "camera_position": [256, 254], "world_position": [0.705, 0.6498037994254439, -0.15], "world_orientation": [1.0, 8.100187187665134e-17, -1.2653630886983698e-17, -8.100187187665134e-17, 1.0, -1.9397816686250694e-16, 1.2653630886983698e-17, 1.9397816686250694e-16, 1.0], "world_rotation": [-0.9211093596285536, 0.06008602943210125, 0.38463907325148433, -2.1059189642881336e-16]}], "source": "action wait"}
{"timestamp": 1709222588.823947, "objects": [{"color": "cv_", "id_name": "hand", "shape": "CVCylinder", "id_string": "ob382", "world_size": [0.12, 0.005, 0.12], "id": 382, "camera_size": [48, 49], "camera_position": [246, 192], "world_position": [0.8586141944330319, 0.6678648471977519, -0.1741040693383547], "world_orientation": [-4.246513615405756e-06, -0.0017298003191733283, 0.9999985038852924, -0.000763119719322524, -0.9999982127132434, -0.0017298030561058084, 0.9999997088150883, -0.0007631259232404831, 2.9264612919802735e-06], "world_rotation": [0.0, 1.0, 0.0, 0.0]}, {"color": "CVRed", "id_name": "object101767259147474", "shape": "CVSphere", "id_string": "ob393", "world_size": [0.1, 0.1, 0.1], "id": 393, "camera_size": [41, 41], "camera_position": [256, 254], "world_position": [0.705, 0.6498037994254439, -0.15], "world_orientation": [1.0, 8.100187187665134e-17, -1.2653630886983698e-17, -8.100187187665134e-17, 1.0, -1.9397816686250694e-16, 1.2653630886983698e-17, 1.9397816686250694e-16, 1.0], "world_rotation": [-0.9211093596285536, 0.06008602943210125, 0.38463907325148433, -2.1059189642881336e-16]}], "source": "action wait"}
{"timestamp": 1709222588.890998, "objects": [{"color": "cv_", "id_name": "hand", "shape": "CVCylinder", "id_string": "ob382", "world_size": [0.12, 0.005, 0.12], "id": 382, "camera_size": [48, 49], "camera_position": [246, 219], "world_position": [0.7919333291382774, 0.6616881562274118, -0.17410152325754538], "world_orientation": [-3.388253829497016e-05, -0.016468366611914982, 0.9998643866810685, -0.0007580680265328771, -0.9998640995373675, -0.01646838757123818, 0.9999997120923789, -0.0007585232131847229, 2.1393791464977747e-05], "world_rotation": [0.0, 1.0, 0.0, 0.0]}, {"color": "CVRed", "id_name": "object101767259147474", "shape": "CVSphere", "id_string": "ob393", "world_size": [0.1, 0.1, 0.1], "id": 393, "camera_size": [41, 43], "camera_position": [256, 264], "world_position": [0.6808755983949584, 0.651178438666298, -0.15000559442736205], "world_orientation": [0.9995314285529117, -0.030608906131046824, 0.00013490899408168092, 0.030608907582968775, 0.9995314375749816, -8.710211834258996e-06, -0.00013457917073984084, 1.2835547409653165e-05, 0.9999999908618478], "world_rotation": [0.00035194901355370086, 0.004402077118731885, 0.999990248876924, 0.030613987094525074]}], "source": "action wait"}
{"timestamp": 1709222588.917919, "objects": [{"color": "cv_", "id_name": "hand", "shape": "CVCylinder", "id_string": "ob382", "world_size": [0.12, 0.005, 0.12], "id": 382, "camera_size": [48, 49], "camera_position": [246, 229], "world_position": [0.7674023787183254, 0.6650652357761592, -0.17410629947123116], "world_orientation": [-1.7584958625775558e-05, -0.01206667002324492, 0.9999271949323708, -0.0007619152971948332, -0.9999269046889325, -0.012066679919942263, 0.9999997095878824, -0.000762072017967619, 8.389892771211402e-06], "world_rotation": [0.0, 1.0, 0.0, 0.0]}, {"color": "CVRed", "id_name": "object101767259147474", "shape": "CVSphere", "id_string": "ob393", "world_size": [0.1, 0.1, 0.1], "id": 393, "camera_size": [41, 43], "camera_position": [256, 282], "world_position": [0.6358930555415914, 0.6516738198517874, -0.150018195768276], "world_orientation": [0.9991838930069854, -0.04039049304013183, 0.0003950030129518457, 0.04039049831948549, 0.9991839708564224, -5.394055085397936e-06, -0.00039446281043709123, 2.1344021490144355e-05, 0.9999999219717589], "world_rotation": [0.00033097883397137536, 0.009772448550937797, 0.9999521937084446, 0.04040341846203708]}], "source": "action wait"}
{"timestamp": 1709222588.957793, "objects": [{"color": "cv_", "id_name": "hand", "shape": "CVCylinder", "id_string": "ob382", "world_size": [0.12, 0.005, 0.12], "id": 382, "camera_size": [48, 49], "camera_position": [246, 236], "world_position": [0.7500498304263088, 0.6666916661846372, -0.17410843029077228], "world_orientation": [-8.2721451616586e-06, -0.00897866848884382, 0.9999596909094581, -0.0007634011230385263, -0.9999593995080368, -0.008978672187560698, 0.9999997085751061, -0.0007634446239136143, 1.4174837010902772e-06], "world_rotation": [0.0, 1.0, 0.0, 0.0]}, {"color": "CVRed", "id_name": "object101767259147474", "shape": "CVSphere", "id_string": "ob393", "world_size": [0.1, 0.1, 0.1], "id": 393, "camera_size": [41, 44], "camera_position": [256, 298], "world_position": [0.5951313313795789, 0.6489514752653275, -0.15003239982228853], "world_orientation": [0.999873711476924, 0.015878583664339606, 0.0006570222031475416, -0.015878582491801716, 0.9998739273373591, -7.001205994214659e-06, -0.000657050539844107, -3.4322594293731225e-06, 0.9999997841363806], "world_rotation": [0.00011228631237934956, 0.04134339918740151, -0.9991449898465263, 0.015892840079083783]}], "source": "action wait"}
{"timestamp": 1709222588.99263, "objects": [{"color": "cv_", "id_name": "hand", "shape": "CVCylinder", "id_string": "ob382", "world_size": [0.12, 0.005, 0.12], "id": 382, "camera_size": [48, 48], "camera_position": [246, 240], "world_position": [0.7378091593303191, 0.6674679637227141, -0.1741091480248546], "world_orientation": [-3.5451664979018414e-06, -0.006811467559731157, 0.9999768016794763, -0.0007638247714872147, -0.9999765099598995, -0.006811468280595057, 0.9999997082795326, -0.0007638311998248755, -1.6576844301527453e-06], "world_rotation": [0.0, 1.0, 0.0, 0.0]}, {"color": "CVRed", "id_name": "object101767259147474", "shape": "CVSphere", "id_string": "ob393", "world_size": [0.1, 0.1, 0.1], "id": 393, "camera_size": [41, 44], "camera_position": [256, 309], "world_position": [0.5673795054126186, 0.6501902597235611, -0.15003184846817114], "world_orientation": [0.9999472661289196, -0.010248574500992499, 0.0006570251116619614, 0.010248577294211436, 0.9999474819522584, -8.84578173442896e-07, -0.0006569815403204671, 7.618104167313751e-06, 0.9999997841585868], "world_rotation": [0.0004139728149378438, 0.0639754621857143, 0.9979513860227024, 0.010269794895827194]}], "source": "action wait"}
{"timestamp": 1709222589.025549, "objects": [{"color": "cv_", "id_name": "hand", "shape": "CVCylinder", "id_string": "ob382", "world_size": [0.12, 0.005, 0.12], "id": 382, "camera_size": [48, 49], "camera_position": [246, 244], "world_position": [0.7291849425298317, 0.6678349829357894, -0.17410910288696857], "world_orientation": [-1.0438689751167646e-06, -0.005289680090885249, 0.9999860095438567, -0.0007638326591667903, -0.9999857178240571, -0.005289679345111258, 0.999999708279247, -0.000763827494531999, -2.996576343201111e-06], "world_rotation": [0.0, 1.0, 0.0, 0.0]}, {"color": "CVRed", "id_name": "object101767259147474", "shape": "CVSphere", "id_string": "ob393", "world_size": [0.1, 0.1, 0.1], "id": 393, "camera_size": [41, 44], "camera_position": [256, 317], "world_position": [0.5465736796745105, 0.6499323460774883, -0.15003212682967584], "world_orientation": [0.9999853321969653, -0.005376065244513233, 0.0006582654571716196, 0.005376066291221531, 0.9999855488511824, 1.793414191697189e-07, -0.0006582569086307069, 3.3595399463572256e-06, 0.9999997833432546], "world_rotation": [0.00029358122461530943, 0.12153525796627185, 0.992587071687485, 0.005416242268709618]}], "source": "action wait"}
{"timestamp": 1709222589.056707, "objects": [{"color": "cv_", "id_name": "hand", "shape": "CVCylinder", "id_string": "ob382", "world_size": [0.12, 0.005, 0.12], "id": 382, "camera_size": [48, 48], "camera_position": [246, 246], "world_position": [0.7231119166230863, 0.6680066799805886, -0.1741086804861567], "world_orientation": [-2.6524526282454723e-07, -0.004220637012278655, 0.9999910930719036, -0.000763703855706205, -0.9999908014518489, -0.004220635984015562, 0.9999997083781327, -0.0007636981729549592, -2.9580739365075133e-06], "world_rotation": [0.0, 1.0, 0.0, 0.0]}, {"color": "CVRed", "id_name": "object101767259147474", "shape": "CVSphere", "id_string": "ob393", "world_size": [0.1, 0.1, 0.1], "id": 393, "camera_size": [41, 44], "camera_position": [256, 322], "world_position": [0.5345031886374085, 0.649601977451385, -0.15003244082735032], "world_orientation": [0.9999992978424121, 0.0009846408105733213, 0.0006593915049517402, -0.00098464173632472, 0.9999995152396256, 1.0793171808601474e-06, -0.0006593901225651235, -1.7285808193830468e-06, 0.9999997826008157], "world_rotation": [-0.001184728425747737, 0.5564297853190436, -0.8308937901009732, 0.0011850389491869138]}], "source": "action wait"}
{"timestamp": 1709222589.086484, "objects": [{"color": "cv_", "id_name": "hand", "shape": "CVCylinder", "id_string": "ob382", "world_size": [0.12, 0.005, 0.12], "id": 382, "camera_size": [48, 48], "camera_position": [246, 248], "world_position": [0.7188361674639001, 0.6680861055754901, -0.17410810500759927], "world_orientation": [-1.9149937590309888e-07, -0.0034693835188581122, 0.9999939816708713, -0.0007635560303756918, -0.9999936901631884, -0.0034693826537210834, 0.9999997084910335, -0.0007635520994291739, -2.4575705395753712e-06], "world_rotation": [0.0, 1.0, 0.0, 0.0]}, {"color": "CVRed", "id_name": "object101767259147474", "shape": "CVSphere", "id_string": "ob393", "world_size": [0.1, 0.1, 0.1], "id": 393, "camera_size": [41, 44], "camera_position": [256, 323], "world_position": [0.5324323984352907, 0.6497686780550186, -0.1500323640602088], "world_orientation": [0.9999968235498801, -0.0024327146822065134, 0.0006593856423600248, 0.002432714025576067, 0.9999970409452409, 1.7978693658622689e-06, -0.0006593880649050047, -1.9376695456174705e-07, 0.9999997826036475], "world_rotation": [-0.0003950884513201868, 0.2616101425255164, 0.9651735477275029, 0.0025204968944925886]}], "source": "action wait"}
{"timestamp": 1709222589.112679, "objects": [{"color": "cv_", "id_name": "hand", "shape": "CVCylinder", "id_string": "ob382", "world_size": [0.12, 0.005, 0.12], "id": 382, "camera_size": [48, 48], "camera_position": [246, 249], "world_position": [0.715825821617426, 0.6681224602803054, -0.17410750173898976], "world_orientation": [-4.864587022815371e-07, -0.002941303053867408, 0.9999956743586988, -0.0007634292571262442, -0.9999953829468277, -0.0029413025681111087, 0.999999708587724, -0.0007634273856277215, -1.7590203487548302e-06], "world_rotation": [0.0, 1.0, 0.0, 0.0]}, {"color": "CVRed", "id_name": "object101767259147474", "shape": "CVSphere", "id_string": "ob393", "world_size": [0.1, 0.1, 0.1], "id": 393, "camera_size": [41, 44], "camera_position": [256, 323], "world_position": [0.5324753738840476, 0.6497814411276687, -0.15003236051923438], "world_orientation": [0.9999985452711582, -0.0015731066275213, 0.000659386916648427, 0.0015731062044575558, 0.9999987626669962, 1.1602443772016316e-06, -0.0006593879259553521, -1.229570396256044e-07, 0.9999997826037503], "world_rotation": [-0.00037614815808008616, 0.3865758886038959, 0.9222575241561716, 0.001705713575222641]}], "source": "action wait"}
