{"timestamp": 1706031224.340411, "objects": [{"color": "cv_", "id_name": "hand", "shape": "CVCylinder", "id_string": "ob382", "world_size": [0.12, 0.005, 0.12], "id": 382, "camera_size": [48, 50], "camera_position": [246, 426], "world_position": [0.2676445155400469, 0.6334703013847317, -0.17389260400847487], "world_orientation": [-0.0006415488736450437, 0.19791547486652708, 0.9802188802626687, -0.000747367065260017, -0.9802189031249445, 0.19791499033423543, 0.9999995149286386, -0.0006056111687282541, 0.000776773840846357], "world_rotation": [0.0, 1.0, 0.0, 0.0]}, {"color": "CVGreen", "id_name": "object168967056241804", "shape": "CVBox", "id_string": "ob1107", "world_size": [0.1, 0.1, 0.1], "id": 1107, "camera_size": [41, 41], "camera_position": [256, 254], "world_position": [0.705, 0.6498037932383656, -0.15], "world_orientation": [1.0, 2.1316282072802963e-17, -9.624447840080312e-18, -2.1316282072802963e-17, 1.0, -1.5774048733874193e-16, 9.624447840080312e-18, 1.5774048733874193e-16, 1.0], "world_rotation": [-0.9891858493133231, 0.06035462278252622, 0.13367376342071935, -1.5946496550495827e-16]}], "source": "manual check"}
{"timestamp": 1706031225.358889, "objects": [{"color": "cv_", "id_name": "hand", "shape": "CVCylinder", "id_string": "ob382", "world_size": [0.12, 0.005, 0.12], "id": 382, "camera_size": [48, 50], "camera_position": [246, 426], "world_position": [0.2676445155400469, 0.6334703013847317, -0.17389260400847487], "world_orientation": [-0.0006415488736450437, 0.19791547486652708, 0.9802188802626687, -0.000747367065260017, -0.9802189031249445, 0.19791499033423543, 0.9999995149286386, -0.0006056111687282541, 0.000776773840846357], "world_rotation": [0.0, 1.0, 0.0, 0.0]}, {"color": "CVGreen", "id_name": "object168967056241804", "shape": "CVBox", "id_string": "ob1107", "world_size": [0.1, 0.1, 0.1], "id": 1107, "camera_size": [41, 41], "camera_position": [256, 254], "world_position": [0.705, 0.6498037994254439, -0.15], "world_orientation": [1.0, 8.100187187665134e-17, -1.2653630886983698e-17, -8.100187187665134e-17, 1.0, -1.9397816686250694e-16, 1.2653630886983698e-17, 1.9397816686250694e-16, 1.0], "world_rotation": [-0.9211093596285536, 0.06008602943210125, 0.38463907325148433, -2.1059189642881336e-16]}], "source": "manual check"}
{"timestamp": 1706031227.526224, "objects": [{"color": "cv_", "id_name": "hand", "shape": "CVCylinder", "id_string": "ob382", "world_size": [0.12, 0.005, 0.12], "id": 382, "camera_size": [48, 50], "camera_position": [246, 426], "world_position": [0.2676445155400469, 0.6334703013847317, -0.17389260400847487], "world_orientation": [-0.0006415488736450437, 0.19791547486652708, 0.9802188802626687, -0.000747367065260017, -0.9802189031249445, 0.19791499033423543, 0.9999995149286386, -0.0006056111687282541, 0.000776773840846357], "world_rotation": [0.0, 1.0, 0.0, 0.0]}, {"color": "CVGreen", "id_name": "object168967056241804", "shape": "CVBox", "id_string": "ob1107", "world_size": [0.1, 0.1, 0.1], "id": 1107, "camera_size": [41, 41], "camera_position": [256, 254], "world_position": [0.705, 0.6498037994254439, -0.15], "world_orientation": [1.0, 8.100187187665134e-17, -1.2653630886983698e-17, -8.100187187665134e-17, 1.0, -1.9397816686250694e-16, 1.2653630886983698e-17, 1.9397816686250694e-16, 1.0], "world_rotation": [-0.9211093596285536, 0.06008602943210125, 0.38463907325148433, -2.1059189642881336e-16]}], "source": "action wait"}
{"timestamp": 1706031227.561717, "objects": [{"color": "cv_", "id_name": "hand", "shape": "CVCylinder", "id_string": "ob382", "world_size": [0.12, 0.005, 0.12], "id": 382, "camera_size": [49, 51], "camera_position": [246, 421], "world_position": [0.29182276552572783, 0.668428280976077, -0.1739557533041019], "world_orientation": [-0.0003776722891540546, 0.20473426319910726, 0.9788175207034051, -0.0007134846645062006, -0.9788173965406035, 0.2047339619337951, 0.9999996741515846, -0.0006210489463010306, 0.0005157469639072723], "world_rotation": [0.0, 1.0, 0.0, 0.0]}, {"color": "CVGreen", "id_name": "object168967056241804", "shape": "CVBox", "id_string": "ob1107", "world_size": [0.1, 0.1, 0.1], "id": 1107, "camera_size": [41, 41], "camera_position": [256, 254], "world_position": [0.705, 0.6498037994254439, -0.15], "world_orientation": [1.0, 8.100187187665134e-17, -1.2653630886983698e-17, -8.100187187665134e-17, 1.0, -1.9397816686250694e-16, 1.2653630886983698e-17, 1.9397816686250694e-16, 1.0], "world_rotation": [-0.9211093596285536, 0.06008602943210125, 0.38463907325148433, -2.1059189642881336e-16]}], "source": "action wait"}
{"timestamp": 1706031227.596218, "objects": [{"color": "cv_", "id_name": "hand", "shape": "CVCylinder", "id_string": "ob382", "world_size": [0.12, 0.005, 0.12], "id": 382, "camera_size": [51, 52], "camera_position": [246, 405], "world_position": [0.33836085094425544, 0.7071551226554293, -0.1739835003266414], "world_orientation": [-0.0002141192524787323, 0.19815171814653063, 0.9801713374448998, -0.0007291460763829481, -0.9801711302941082, 0.1981515169862945, 0.999999711249431, -0.0006722600301866294, 0.00035435505753532025], "world_rotation": [0.0, 1.0, 0.0, 0.0]}, {"color": "CVGreen", "id_name": "object168967056241804", "shape": "CVBox", "id_string": "ob1107", "world_size": [0.1, 0.1, 0.1], "id": 1107, "camera_size": [41, 41], "camera_position": [256, 254], "world_position": [0.705, 0.6498037994254439, -0.15], "world_orientation": [1.0, 8.100187187665134e-17, -1.2653630886983698e-17, -8.100187187665134e-17, 1.0, -1.9397816686250694e-16, 1.2653630886983698e-17, 1.9397816686250694e-16, 1.0], "world_rotation": [-0.9211093596285536, 0.06008602943210125, 0.38463907325148433, -2.1059189642881336e-16]}], "source": "action wait"}
{"timestamp": 1706031227.628719, "objects": [{"color": "cv_", "id_name": "hand", "shape": "CVCylinder", "id_string": "ob382", "world_size": [0.12, 0.005, 0.12], "id": 382, "camera_size": [51, 53], "camera_position": [246, 388], "world_position": [0.38928679131967886, 0.7408575577920704, -0.17400406992003986], "world_orientation": [-0.00010772359843336986, 0.19343753383487705, 0.9811125872699358, -0.0007400519369780297, -0.9811123397172026, 0.19343740377126417, 0.9999997203593395, -0.0007052364973970785, 0.00024884277330090154], "world_rotation": [0.0, 1.0, 0.0, 0.0]}, {"color": "CVGreen", "id_name": "object168967056241804", "shape": "CVBox", "id_string": "ob1107", "world_size": [0.1, 0.1, 0.1], "id": 1107, "camera_size": [41, 41], "camera_position": [256, 254], "world_position": [0.705, 0.6498037994254439, -0.15], "world_orientation": [1.0, 8.100187187665134e-17, -1.2653630886983698e-17, -8.100187187665134e-17, 1.0, -1.9397816686250694e-16, 1.2653630886983698e-17, 1.9397816686250694e-16, 1.0], "world_rotation": [-0.9211093596285536, 0.06008602943210125, 0.38463907325148433, -2.1059189642881336e-16]}], "source": "action wait"}
{"timestamp": 1706031227.660753, "objects": [{"color": "cv_", "id_name": "hand", "shape": "CVCylinder", "id_string": "ob382", "world_size": [0.12, 0.005, 0.12], "id": 382, "camera_size": [52, 53], "camera_position": [245, 367], "world_position": [0.4436647084088898, 0.7691745604570444, -0.17402266454429438], "world_orientation": [-3.283088081199433e-05, 0.19010872516491642, 0.9817630424589752, -0.0007472469133174529, -0.9817627735545186, 0.190108648105734, 0.9999997202720529, -0.000727377968719621, 0.000174290294678848], "world_rotation": [0.0, 1.0, 0.0, 0.0]}, {"color": "CVGreen", "id_name": "object168967056241804", "shape": "CVBox", "id_string": "ob1107", "world_size": [0.1, 0.1, 0.1], "id": 1107, "camera_size": [41, 41], "camera_position": [256, 254], "world_position": [0.705, 0.6498037994254439, -0.15], "world_orientation": [1.0, 8.100187187665134e-17, -1.2653630886983698e-17, -8.100187187665134e-17, 1.0, -1.9397816686250694e-16, 1.2653630886983698e-17, 1.9397816686250694e-16, 1.0], "world_rotation": [-0.9211093596285536, 0.06008602943210125, 0.38463907325148433, -2.1059189642881336e-16]}], "source": "action wait"}
{"timestamp": 1706031227.690883, "objects": [{"color": "cv_", "id_name": "hand", "shape": "CVCylinder", "id_string": "ob382", "world_size": [0.12, 0.005, 0.12], "id": 382, "camera_size": [53, 54], "camera_position": [245, 343], "world_position": [0.500832968731211, 0.7918351734507236, -0.17403889081793625], "world_orientation": [1.979547426209181e-05, 0.18775731269191234, 0.9822154504684044, -0.0007520764186149733, -0.982215170085704, 0.18775727425208472, 0.9999997169945599, -0.000742417822586819, 0.00012176443217926356], "world_rotation": [0.0, 1.0, 0.0, 0.0]}, {"color": "CVGreen", "id_name": "object168967056241804", "shape": "CVBox", "id_string": "ob1107", "world_size": [0.1, 0.1, 0.1], "id": 1107, "camera_size": [41, 41], "camera_position": [256, 254], "world_position": [0.705, 0.6498037994254439, -0.15], "world_orientation": [1.0, 8.100187187665134e-17, -1.2653630886983698e-17, -8.100187187665134e-17, 1.0, -1.9397816686250694e-16, 1.2653630886983698e-17, 1.9397816686250694e-16, 1.0], "world_rotation": [-0.9211093596285536, 0.06008602943210125, 0.38463907325148433, -2.1059189642881336e-16]}], "source": "action wait"}
{"timestamp": 1706031227.721687, "objects": [{"color": "cv_", "id_name": "hand", "shape": "CVCylinder", "id_string": "ob382", "world_size": [0.12, 0.005, 0.12], "id": 382, "camera_size": [54, 54], "camera_position": [245, 318], "world_position": [0.5601399178243974, 0.8086158909791172, -0.174052597064646], "world_orientation": [5.6635409732902245e-05, 0.18609481865755265, 0.9825317884227681, -0.0007553798291810382, -0.9825315017214541, 0.1860948078972061, 0.9999997130968309, -0.0007527242501984427, 8.492619815396574e-05], "world_rotation": [0.0, 1.0, 0.0, 0.0]}, {"color": "CVGreen", "id_name": "object168967056241804", "shape": "CVBox", "id_string": "ob1107", "world_size": [0.1, 0.1, 0.1], "id": 1107, "camera_size": [41, 41], "camera_position": [256, 254], "world_position": [0.705, 0.6498037994254439, -0.15], "world_orientation": [1.0, 8.100187187665134e-17, -1.2653630886983698e-17, -8.100187187665134e-17, 1.0, -1.9397816686250694e-16, 1.2653630886983698e-17, 1.9397816686250694e-16, 1.0], "world_rotation": [-0.9211093596285536, 0.06008602943210125, 0.38463907325148433, -2.1059189642881336e-16]}], "source": "action wait"}
{"timestamp": 1706031227.759852, "objects": [{"color": "cv_", "id_name": "hand", "shape": "CVCylinder", "id_string": "ob382", "world_size": [0.12, 0.005, 0.12], "id": 382, "camera_size": [54, 54], "camera_position": [245, 291], "world_position": [0.6211143272670422, 0.8141772929807235, -0.17406313029461729], "world_orientation": [7.761871564801211e-05, 0.17753823864841664, 0.9841138998068022, -0.000764400553103146, -0.9841136047246611, 0.17753824570392707, 0.9999997048335213, -0.0007660374999390543, 5.932469376976746e-05], "world_rotation": [0.0, 1.0, 0.0, 0.0]}, {"color": "CVGreen", "id_name": "object168967056241804", "shape": "CVBox", "id_string": "ob1107", "world_size": [0.1, 0.1, 0.1], "id": 1107, "camera_size": [41, 41], "camera_position": [256, 254], "world_position": [0.705, 0.6498037994254439, -0.15], "world_orientation": [1.0, 8.100187187665134e-17, -1.2653630886983698e-17, -8.100187187665134e-17, 1.0, -1.9397816686250694e-16, 1.2653630886983698e-17, 1.9397816686250694e-16, 1.0], "world_rotation": [-0.9211093596285536, 0.06008602943210125, 0.38463907325148433, -2.1059189642881336e-16]}], "source": "action wait"}
{"timestamp": 1706031227.79308, "objects": [{"color": "cv_", "id_name": "hand", "shape": "CVCylinder", "id_string": "ob382", "world_size": [0.12, 0.005, 0.12], "id": 382, "camera_size": [53, 53], "camera_position": [245, 263], "world_position": [0.6832420942393859, 0.7948260129081977, -0.17407084473846926], "world_orientation": [6.939242425807847e-05, 0.14272000781110766, 0.9897631002189811, -0.0007772219746993591, -0.9897627959595013, 0.14272001842920604, 0.9999996955553005, -0.0007791693193060373, 4.224308644838624e-05], "world_rotation": [0.0, 1.0, 0.0, 0.0]}, {"color": "CVGreen", "id_name": "object168967056241804", "shape": "CVBox", "id_string": "ob1107", "world_size": [0.1, 0.1, 0.1], "id": 1107, "camera_size": [41, 41], "camera_position": [256, 254], "world_position": [0.705, 0.6498037994254439, -0.15], "world_orientation": [1.0, 8.100187187665134e-17, -1.2653630886983698e-17, -8.100187187665134e-17, 1.0, -1.9397816686250694e-16, 1.2653630886983698e-17, 1.9397816686250694e-16, 1.0], "world_rotation": [-0.9211093596285536, 0.06008602943210125, 0.38463907325148433, -2.1059189642881336e-16]}], "source": "action wait"}
{"timestamp": 1706031227.826867, "objects": [{"color": "cv_", "id_name": "hand", "shape": "CVCylinder", "id_string": "ob382", "world_size": [0.12, 0.005, 0.12], "id": 382, "camera_size": [52, 52], "camera_position": [245, 239], "world_position": [0.7375075989142721, 0.7639577028106823, -0.17407255144496617], "world_orientation": [3.7267091081151363e-05, 0.10032422134462539, 0.9949547975776379, -0.0007768386929087642, -0.9949544951472262, 0.1003242199469972, 0.9999996975663589, -0.0007766581762962447, 4.0856677184594603e-05], "world_rotation": [0.0, 1.0, 0.0, 0.0]}, {"color": "CVGreen", "id_name": "object168967056241804", "shape": "CVBox", "id_string": "ob1107", "world_size": [0.1, 0.1, 0.1], "id": 1107, "camera_size": [41, 41], "camera_position": [256, 254], "world_position": [0.705, 0.6498037994254439, -0.15], "world_orientation": [1.0, 8.100187187665134e-17, -1.2653630886983698e-17, -8.100187187665134e-17, 1.0, -1.9397816686250694e-16, 1.2653630886983698e-17, 1.9397816686250694e-16, 1.0], "world_rotation": [-0.9211093596285536, 0.06008602943210125, 0.38463907325148433, -2.1059189642881336e-16]}], "source": "action wait"}
{"timestamp": 1706031227.8609, "objects": [{"color": "cv_", "id_name": "hand", "shape": "CVCylinder", "id_string": "ob382", "world_size": [0.12, 0.005, 0.12], "id": 382, "camera_size": [51, 51], "camera_position": [246, 224], "world_position": [0.7747880567590515, 0.7386514438438794, -0.17407398877947777], "world_orientation": [1.261158722268098e-05, 0.07025314819523738, 0.9975291950662928, -0.000770082322746902, -0.9975288986825175, 0.0702531370577863, 0.999999703407038, -0.0007690656031105057, 4.1520284829980235e-05], "world_rotation": [0.0, 1.0, 0.0, 0.0]}, {"color": "CVGreen", "id_name": "object168967056241804", "shape": "CVBox", "id_string": "ob1107", "world_size": [0.1, 0.1, 0.1], "id": 1107, "camera_size": [41, 41], "camera_position": [256, 254], "world_position": [0.705, 0.6498037994254439, -0.15], "world_orientation": [1.0, 8.100187187665134e-17, -1.2653630886983698e-17, -8.100187187665134e-17, 1.0, -1.9397816686250694e-16, 1.2653630886983698e-17, 1.9397816686250694e-16, 1.0], "world_rotation": [-0.9211093596285536, 0.06008602943210125, 0.38463907325148433, -2.1059189642881336e-16]}], "source": "action wait"}
{"timestamp": 1706031227.893692, "objects": [{"color": "cv_", "id_name": "hand", "shape": "CVCylinder", "id_string": "ob382", "world_size": [0.12, 0.005, 0.12], "id": 382, "camera_size": [51, 51], "camera_position": [246, 214], "world_position": [0.8003620974630163, 0.719170170940381, -0.1740775325077128], "world_orientation": [-6.76618231491769e-07, 0.04901986650050034, 0.998797803705943, -0.0007650494398360908, -0.9987975114330042, 0.04901985163780596, 0.9999997073494057, -0.0007640965325097738, 3.8178426013233546e-05], "world_rotation": [0.0, 1.0, 0.0, 0.0]}, {"color": "CVGreen", "id_name": "object168967056241804", "shape": "CVBox", "id_string": "ob1107", "world_size": [0.1, 0.1, 0.1], "id": 1107, "camera_size": [41, 41], "camera_position": [256, 254], "world_position": [0.705, 0.6498037994254439, -0.15], "world_orientation": [1.0, 8.100187187665134e-17, -1.2653630886983698e-17, -8.100187187665134e-17, 1.0, -1.9397816686250694e-16, 1.2653630886983698e-17, 1.9397816686250694e-16, 1.0], "world_rotation": [-0.9211093596285536, 0.06008602943210125, 0.38463907325148433, -2.1059189642881336e-16]}], "source": "action wait"}
{"timestamp": 1706031227.92482, "objects": [{"color": "cv_", "id_name": "hand", "shape": "CVCylinder", "id_string": "ob382", "world_size": [0.12, 0.005, 0.12], "id": 382, "camera_size": [49, 50], "camera_position": [246, 207], "world_position": [0.8179920320293537, 0.7046658638496098, -0.17408173743392097], "world_orientation": [-7.312874757833082e-06, 0.034042446965491524, 0.9994203879004688, -0.0007619740687044403, -0.9994200979828645, 0.03404243151481089, 0.9999997096709783, -0.000761283471276925, 3.3248095830337065e-05], "world_rotation": [0.0, 1.0, 0.0, 0.0]}, {"color": "CVGreen", "id_name": "object168967056241804", "shape": "CVBox", "id_string": "ob1107", "world_size": [0.1, 0.1, 0.1], "id": 1107, "camera_size": [41, 41], "camera_position": [256, 254], "world_position": [0.705, 0.6498037994254439, -0.15], "world_orientation": [1.0, 8.100187187665134e-17, -1.2653630886983698e-17, -8.100187187665134e-17, 1.0, -1.9397816686250694e-16, 1.2653630886983698e-17, 1.9397816686250694e-16, 1.0], "world_rotation": [-0.9211093596285536, 0.06008602943210125, 0.38463907325148433, -2.1059189642881336e-16]}], "source": "action wait"}
{"timestamp": 1706031227.957194, "objects": [{"color": "cv_", "id_name": "hand", "shape": "CVCylinder", "id_string": "ob382", "world_size": [0.12, 0.005, 0.12], "id": 382, "camera_size": [49, 50], "camera_position": [246, 202], "world_position": [0.8302057603159413, 0.6940838321820595, -0.17408584963799384], "world_orientation": [-1.0179540667551806e-05, 0.023483020838001335, 0.9997242357914001, -0.0007604200447073741, -0.9997239469853378, 0.0234830063112301, 0.9999997108288246, -0.0007599713018581513, 2.8033690330532553e-05], "world_rotation": [0.0, 1.0, 0.0, 0.0]}, {"color": "CVGreen", "id_name": "object168967056241804", "shape": "CVBox", "id_string": "ob1107", "world_size": [0.1, 0.1, 0.1], "id": 1107, "camera_size": [41, 41], "camera_position": [256, 254], "world_position": [0.705, 0.6498037994254439, -0.15], "world_orientation": [1.0, 8.100187187665134e-17, -1.2653630886983698e-17, -8.100187187665134e-17, 1.0, -1.9397816686250694e-16, 1.2653630886983698e-17, 1.9397816686250694e-16, 1.0], "world_rotation": [-0.9211093596285536, 0.06008602943210125, 0.38463907325148433, -2.1059189642881336e-16]}], "source": "action wait"}
{"timestamp": 1706031227.994025, "objects": [{"color": "cv_", "id_name": "hand", "shape": "CVCylinder", "id_string": "ob382", "world_size": [0.12, 0.005, 0.12], "id": 382, "camera_size": [49, 49], "camera_position": [246, 199], "world_position": [0.8387035077239398, 0.686461815219108, -0.17408952314103399], "world_orientation": [-1.1004752369618636e-05, 0.01604011232830007, 0.9998713490621637, -0.0007598683717363085, -0.9998710605939669, 0.016040099337403656, 0.999999711239435, -0.0007595940966368185, 2.3191707461127504e-05], "world_rotation": [0.0, 1.0, 0.0, 0.0]}, {"color": "CVGreen", "id_name": "object168967056241804", "shape": "CVBox", "id_string": "ob1107", "world_size": [0.1, 0.1, 0.1], "id": 1107, "camera_size": [41, 41], "camera_position": [256, 254], "world_position": [0.705, 0.6498037994254439, -0.15], "world_orientation": [1.0, 8.100187187665134e-17, -1.2653630886983698e-17, -8.100187187665134e-17, 1.0, -1.9397816686250694e-16, 1.2653630886983698e-17, 1.9397816686250694e-16, 1.0], "world_rotation": [-0.9211093596285536, 0.06008602943210125, 0.38463907325148433, -2.1059189642881336e-16]}], "source": "action wait"}
{"timestamp": 1706031228.028041, "objects": [{"color": "cv_", "id_name": "hand", "shape": "CVCylinder", "id_string": "ob382", "world_size": [0.12, 0.005, 0.12], "id": 382, "camera_size": [49, 49], "camera_position": [246, 197], "world_position": [0.844636239153107, 0.6810173044965726, -0.1740926381030185], "world_orientation": [-1.0766590760080933e-05, 0.010794424108856348, 0.9999417384489152, -0.0007598997458778412, -0.9999414498881543, 0.01079441281182178, 0.9999997112181866, -0.0007597392539150902, 1.8968640512573615e-05], "world_rotation": [0.0, 1.0, 0.0, 0.0]}, {"color": "CVGreen", "id_name": "object168967056241804", "shape": "CVBox", "id_string": "ob1107", "world_size": [0.1, 0.1, 0.1], "id": 1107, "camera_size": [41, 41], "camera_position": [256, 254], "world_position": [0.705, 0.6498037994254439, -0.15], "world_orientation": [1.0, 8.100187187665134e-17, -1.2653630886983698e-17, -8.100187187665134e-17, 1.0, -1.9397816686250694e-16, 1.2653630886983698e-17, 1.9397816686250694e-16, 1.0], "world_rotation": [-0.9211093596285536, 0.06008602943210125, 0.38463907325148433, -2.1059189642881336e-16]}], "source": "action wait"}
{"timestamp": 1706031228.060424, "objects": [{"color": "cv_", "id_name": "hand", "shape": "CVCylinder", "id_string": "ob382", "world_size": [0.12, 0.005, 0.12], "id": 382, "camera_size": [49, 49], "camera_position": [246, 196], "world_position": [0.8487892173652498, 0.6771494081785443, -0.17409519257659836], "world_orientation": [-1.0056861374054983e-05, 0.0070974270845449924, 0.9999748128966246, -0.0007602257880767727, -0.999974524037069, 0.007097417388656127, 0.9999997109777636, -0.0007601352624488309, 1.5452252264859806e-05], "world_rotation": [0.0, 1.0, 0.0, 0.0]}, {"color": "CVGreen", "id_name": "object168967056241804", "shape": "CVBox", "id_string": "ob1107", "world_size": [0.1, 0.1, 0.1], "id": 1107, "camera_size": [41, 41], "camera_position": [256, 254], "world_position": [0.705, 0.6498037994254439, -0.15], "world_orientation": [1.0, 8.100187187665134e-17, -1.2653630886983698e-17, -8.100187187665134e-17, 1.0, -1.9397816686250694e-16, 1.2653630886983698e-17, 1.9397816686250694e-16, 1.0], "world_rotation": [-0.9211093596285536, 0.06008602943210125, 0.38463907325148433, -2.1059189642881336e-16]}], "source": "action wait"}
{"timestamp": 1706031228.097344, "objects": [{"color": "cv_", "id_name": "hand", "shape": "CVCylinder", "id_string": "ob382", "world_size": [0.12, 0.005, 0.12], "id": 382, "camera_size": [49, 48], "camera_position": [246, 194], "world_position": [0.8517021665660776, 0.674411461267313, -0.17409723985222872], "world_orientation": [-9.176515147661048e-06, 0.004491890438644564, 0.9999899113671491, -0.0007606665214912983, -0.999989622136706, 0.004491882159101954, 0.9999997106510756, -0.0007606176275817191, 1.259325059029112e-05], "world_rotation": [0.0, 1.0, 0.0, 0.0]}, {"color": "CVGreen", "id_name": "object168967056241804", "shape": "CVBox", "id_string": "ob1107", "world_size": [0.1, 0.1, 0.1], "id": 1107, "camera_size": [41, 41], "camera_position": [256, 254], "world_position": [0.705, 0.6498037994254439, -0.15], "world_orientation": [1.0, 8.100187187665134e-17, -1.2653630886983698e-17, -8.100187187665134e-17, 1.0, -1.9397816686250694e-16, 1.2653630886983698e-17, 1.9397816686250694e-16, 1.0], "world_rotation": [-0.9211093596285536, 0.06008602943210125, 0.38463907325148433, -2.1059189642881336e-16]}], "source": "action wait"}
{"timestamp": 1706031228.130362, "objects": [{"color": "cv_", "id_name": "hand", "shape": "CVCylinder", "id_string": "ob382", "world_size": [0.12, 0.005, 0.12], "id": 382, "camera_size": [49, 49], "camera_position": [246, 194], "world_position": [0.8537483719039168, 0.6724779527322559, -0.17409885371247344], "world_orientation": [-8.303070908705331e-06, 0.0026555475778558507, 0.9999964739928441, -0.0007611199503388687, -0.9999961843932864, 0.0026555404891529496, 0.9999997103136982, -0.0007610952174838808, 1.0324229468397295e-05], "world_rotation": [0.0, 1.0, 0.0, 0.0]}, {"color": "CVGreen", "id_name": "object168967056241804", "shape": "CVBox", "id_string": "ob1107", "world_size": [0.1, 0.1, 0.1], "id": 1107, "camera_size": [41, 41], "camera_position": [256, 254], "world_position": [0.705, 0.6498037994254439, -0.15], "world_orientation": [1.0, 8.100187187665134e-17, -1.2653630886983698e-17, -8.100187187665134e-17, 1.0, -1.9397816686250694e-16, 1.2653630886983698e-17, 1.9397816686250694e-16, 1.0], "world_rotation": [-0.9211093596285536, 0.06008602943210125, 0.38463907325148433, -2.1059189642881336e-16]}], "source": "action wait"}
{"timestamp": 1706031228.162311, "objects": [{"color": "cv_", "id_name": "hand", "shape": "CVCylinder", "id_string": "ob382", "world_size": [0.12, 0.005, 0.12], "id": 382, "camera_size": [49, 49], "camera_position": [246, 193], "world_position": [0.8551872939796872, 0.6711146277909592, -0.17410011026029973], "world_orientation": [-7.509930085185129e-06, 0.0013612862215121938, 0.9999990734212828, -0.0007615344580965035, -0.9999987834901287, 0.0013612801077571533, 0.9999997100043931, -0.0007615235293567696, 8.546587314659792e-06], "world_rotation": [0.0, 1.0, 0.0, 0.0]}, {"color": "CVGreen", "id_name": "object168967056241804", "shape": "CVBox", "id_string": "ob1107", "world_size": [0.1, 0.1, 0.1], "id": 1107, "camera_size": [41, 41], "camera_position": [256, 254], "world_position": [0.705, 0.6498037994254439, -0.15], "world_orientation": [1.0, 8.100187187665134e-17, -1.2653630886983698e-17, -8.100187187665134e-17, 1.0, -1.9397816686250694e-16, 1.2653630886983698e-17, 1.9397816686250694e-16, 1.0], "world_rotation": [-0.9211093596285536, 0.06008602943210125, 0.38463907325148433, -2.1059189642881336e-16]}], "source": "action wait"}
{"timestamp": 1706031228.193564, "objects": [{"color": "cv_", "id_name": "hand", "shape": "CVCylinder", "id_string": "ob382", "world_size": [0.12, 0.005, 0.12], "id": 382, "camera_size": [49, 49], "camera_position": [246, 193], "world_position": [0.85619996811426, 0.6701542770391603, -0.17410107929272606], "world_orientation": [-6.82789351232716e-06, 0.00044905921211137406, 0.999999899149597, -0.0007618889467410812, -0.9999996089378466, 0.00044905387969224216, 0.9999997097392643, -0.0007618858038125277, 7.1700240927011185e-06], "world_rotation": [0.0, 1.0, 0.0, 0.0]}, {"color": "CVGreen", "id_name": "object168967056241804", "shape": "CVBox", "id_string": "ob1107", "world_size": [0.1, 0.1, 0.1], "id": 1107, "camera_size": [41, 41], "camera_position": [256, 254], "world_position": [0.705, 0.6498037994254439, -0.15], "world_orientation": [1.0, 8.100187187665134e-17, -1.2653630886983698e-17, -8.100187187665134e-17, 1.0, -1.9397816686250694e-16, 1.2653630886983698e-17, 1.9397816686250694e-16, 1.0], "world_rotation": [-0.9211093596285536, 0.06008602943210125, 0.38463907325148433, -2.1059189642881336e-16]}], "source": "action wait"}
{"timestamp": 1706031228.218062, "objects": [{"color": "cv_", "id_name": "hand", "shape": "CVCylinder", "id_string": "ob382", "world_size": [0.12, 0.005, 0.12], "id": 382, "camera_size": [49, 48], "camera_position": [246, 192], "world_position": [0.8569130725440154, 0.6694781877772114, -0.1741018209376458], "world_orientation": [-6.261771329014103e-06, -0.0001939195864892888, 0.9999999811779919, -0.0007621793644943103, -0.9999996907379428, -0.0001939243027600316, 0.9999997095216612, -0.0007621805644585323, 6.113967885656869e-06], "world_rotation": [0.0, 1.0, 0.0, 0.0]}, {"color": "CVGreen", "id_name": "object168967056241804", "shape": "CVBox", "id_string": "ob1107", "world_size": [0.1, 0.1, 0.1], "id": 1107, "camera_size": [41, 41], "camera_position": [256, 254], "world_position": [0.705, 0.6498037994254439, -0.15], "world_orientation": [1.0, 8.100187187665134e-17, -1.2653630886983698e-17, -8.100187187665134e-17, 1.0, -1.9397816686250694e-16, 1.2653630886983698e-17, 1.9397816686250694e-16, 1.0], "world_rotation": [-0.9211093596285536, 0.06008602943210125, 0.38463907325148433, -2.1059189642881336e-16]}], "source": "action wait"}
{"timestamp": 1706031228.249251, "objects": [{"color": "cv_", "id_name": "hand", "shape": "CVCylinder", "id_string": "ob382", "world_size": [0.12, 0.005, 0.12], "id": 382, "camera_size": [49, 48], "camera_position": [246, 192], "world_position": [0.8574154378443821, 0.6690023766066004, -0.17410238504518655], "world_orientation": [-5.8033999983519875e-06, -0.000647132929258165, 0.9999997905926242, -0.0007624102808534608, -0.9999994999719012, -0.0006471371657602328, 0.9999997093484, -0.0007624138767952852, 5.310016298507881e-06], "world_rotation": [0.0, 1.0, 0.0, 0.0]}, {"color": "CVGreen", "id_name": "object168967056241804", "shape": "CVBox", "id_string": "ob1107", "world_size": [0.1, 0.1, 0.1], "id": 1107, "camera_size": [41, 41], "camera_position": [256, 254], "world_position": [0.705, 0.6498037994254439, -0.15], "world_orientation": [1.0, 8.100187187665134e-17, -1.2653630886983698e-17, -8.100187187665134e-17, 1.0, -1.9397816686250694e-16, 1.2653630886983698e-17, 1.9397816686250694e-16, 1.0], "world_rotation": [-0.9211093596285536, 0.06008602943210125, 0.38463907325148433, -2.1059189642881336e-16]}], "source": "action wait"}
{"timestamp": 1706031228.286343, "objects": [{"color": "cv_", "id_name": "hand", "shape": "CVCylinder", "id_string": "ob382", "world_size": [0.12, 0.005, 0.12], "id": 382, "camera_size": [49, 49], "camera_position": [246, 192], "world_position": [0.8577694515877111, 0.6686675672984682, -0.17410281190232593], "world_orientation": [-5.4390131998024045e-06, -0.0009665957331098483, 0.9999995328314439, -0.0007625899024547295, -0.9999992420706401, -0.0009665995997996024, 0.9999997092134866, -0.0007625948035450275, 4.701892931953257e-06], "world_rotation": [0.0, 1.0, 0.0, 0.0]}, {"color": "CVGreen", "id_name": "object168967056241804", "shape": "CVBox", "id_string": "ob1107", "world_size": [0.1, 0.1, 0.1], "id": 1107, "camera_size": [41, 41], "camera_position": [256, 254], "world_position": [0.705, 0.6498037994254439, -0.15], "world_orientation": [1.0, 8.100187187665134e-17, -1.2653630886983698e-17, -8.100187187665134e-17, 1.0, -1.9397816686250694e-16, 1.2653630886983698e-17, 1.9397816686250694e-16, 1.0], "world_rotation": [-0.9211093596285536, 0.06008602943210125, 0.38463907325148433, -2.1059189642881336e-16]}], "source": "action wait"}
{"timestamp": 1706031228.324849, "objects": [{"color": "cv_", "id_name": "hand", "shape": "CVCylinder", "id_string": "ob382", "world_size": [0.12, 0.005, 0.12], "id": 382, "camera_size": [48, 49], "camera_position": [246, 192], "world_position": [0.8580189795304786, 0.6684319847806781, -0.17410313348489923], "world_orientation": [-5.153366611155571e-06, -0.0011917854995938287, 0.9999992898101309, -0.0007627273109364265, -0.9999989989424137, -0.0011917890835575963, 0.9999997091102039, -0.0007627329109816685, 4.244354103384357e-06], "world_rotation": [0.0, 1.0, 0.0, 0.0]}, {"color": "CVGreen", "id_name": "object168967056241804", "shape": "CVBox", "id_string": "ob1107", "world_size": [0.1, 0.1, 0.1], "id": 1107, "camera_size": [41, 41], "camera_position": [256, 254], "world_position": [0.705, 0.6498037994254439, -0.15], "world_orientation": [1.0, 8.100187187665134e-17, -1.2653630886983698e-17, -8.100187187665134e-17, 1.0, -1.9397816686250694e-16, 1.2653630886983698e-17, 1.9397816686250694e-16, 1.0], "world_rotation": [-0.9211093596285536, 0.06008602943210125, 0.38463907325148433, -2.1059189642881336e-16]}], "source": "action wait"}
{"timestamp": 1706031230.16247, "objects": [{"color": "cv_", "id_name": "hand", "shape": "CVCylinder", "id_string": "ob382", "world_size": [0.12, 0.005, 0.12], "id": 382, "camera_size": [48, 49], "camera_position": [246, 192], "world_position": [0.8586156123667705, 0.6678721212288325, -0.17410407247669454], "world_orientation": [-4.243074757662984e-06, -0.001729803730895723, 0.9999985038794054, -0.0007631197193117225, -0.9999982127073462, -0.0017298064652029213, 0.9999997088151028, -0.0007631259172911077, 2.923019836824759e-06], "world_rotation": [0.0, 1.0, 0.0, 0.0]}, {"color": "CVGreen", "id_name": "object168967056241804", "shape": "CVBox", "id_string": "ob1107", "world_size": [0.1, 0.1, 0.1], "id": 1107, "camera_size": [41, 41], "camera_position": [256, 254], "world_position": [0.705, 0.6498037994254439, -0.15], "world_orientation": [1.0, 8.100187187665134e-17, -1.2653630886983698e-17, -8.100187187665134e-17, 1.0, -1.9397816686250694e-16, 1.2653630886983698e-17, 1.9397816686250694e-16, 1.0], "world_rotation": [-0.9211093596285536, 0.06008602943210125, 0.38463907325148433, -2.1059189642881336e-16]}], "source": "action wait"}
{"timestamp": 1706031230.196434, "objects": [{"color": "cv_", "id_name": "hand", "shape": "CVCylinder", "id_string": "ob382", "world_size": [0.12, 0.005, 0.12], "id": 382, "camera_size": [48, 48], "camera_position": [246, 205], "world_position": [0.8259758842002587, 0.65493354061776, -0.17408823647138952], "world_orientation": [-4.6173016525472105e-05, -0.022702012147504426, 0.9997422750451774, -0.0007601356342645899, -0.9997419864854103, -0.022702040701731003, 0.999999710030893, -0.0007609879500434458, 2.890449486072938e-05], "world_rotation": [0.0, 1.0, 0.0, 0.0]}, {"color": "CVGreen", "id_name": "object168967056241804", "shape": "CVBox", "id_string": "ob1107", "world_size": [0.1, 0.1, 0.1], "id": 1107, "camera_size": [41, 41], "camera_position": [256, 254], "world_position": [0.705, 0.6498037994254439, -0.15], "world_orientation": [1.0, 8.100187187665134e-17, -1.2653630886983698e-17, -8.100187187665134e-17, 1.0, -1.9397816686250694e-16, 1.2653630886983698e-17, 1.9397816686250694e-16, 1.0], "world_rotation": [-0.9211093596285536, 0.06008602943210125, 0.38463907325148433, -2.1059189642881336e-16]}], "source": "action wait"}
{"timestamp": 1706031230.232411, "objects": [{"color": "cv_", "id_name": "hand", "shape": "CVCylinder", "id_string": "ob382", "world_size": [0.12, 0.005, 0.12], "id": 382, "camera_size": [48, 49], "camera_position": [246, 219], "world_position": [0.7918141642762986, 0.6616372917291836, -0.17410151025929757], "world_orientation": [-3.3988333887827157e-05, -0.01653292469315747, 0.9998633212824058, -0.0007580433822914529, -0.9998630341583089, -0.016532945713660638, 0.9999997121074705, -0.0007585017011735051, 2.1451004493847614e-05], "world_rotation": [0.0, 1.0, 0.0, 0.0]}, {"color": "CVGreen", "id_name": "object168967056241804", "shape": "CVBox", "id_string": "ob1107", "world_size": [0.1, 0.1, 0.1], "id": 1107, "camera_size": [41, 43], "camera_position": [256, 264], "world_position": [0.6808194666998683, 0.6511831575878002, -0.15000561398583168], "world_orientation": [0.9995287701745801, -0.030695590432914605, 0.00013535607231631588, 0.03069559189306424, 0.9995287792566292, -8.722790822441307e-06, -0.00013502453851278162, 1.287351513931427e-05, 0.9999999908013233], "world_rotation": [0.000351778453458266, 0.004404182515796759, 0.9999902396665116, 0.030700713281149837]}], "source": "action wait"}
{"timestamp": 1706031230.267748, "objects": [{"color": "cv_", "id_name": "hand", "shape": "CVCylinder", "id_string": "ob382", "world_size": [0.12, 0.005, 0.12], "id": 382, "camera_size": [48, 49], "camera_position": [246, 229], "world_position": [0.7672270027374422, 0.6650201088821392, -0.17410629483330245], "world_orientation": [-1.7647755820928375e-05, -0.012112074723937586, 0.999926645976813, -0.0007619055836374578, -0.9999263557408548, -0.012112084655229843, 0.9999997095941772, -0.0007620634459104634, 8.418198803787805e-06], "world_rotation": [0.0, 1.0, 0.0, 0.0]}, {"color": "CVGreen", "id_name": "object168967056241804", "shape": "CVBox", "id_string": "ob1107", "world_size": [0.1, 0.1, 0.1], "id": 1107, "camera_size": [41, 44], "camera_position": [256, 282], "world_position": [0.6357244606765773, 0.6516879145025318, -0.15001825526620835], "world_orientation": [0.9991722769337309, -0.040676822688897184, 0.0003963622077598935, 0.040676828017185925, 0.9991723553188582, -5.387548116721511e-06, -0.00039581501234736363, 2.1505846076435412e-05, 0.9999999214339842], "world_rotation": [0.00033055821825816404, 0.009736989259986801, 0.9999525397594705, 0.040689983276680455]}], "source": "action wait"}
{"timestamp": 1706031230.303589, "objects": [{"color": "cv_", "id_name": "hand", "shape": "CVCylinder", "id_string": "ob382", "world_size": [0.12, 0.005, 0.12], "id": 382, "camera_size": [48, 49], "camera_position": [246, 236], "world_position": [0.7498346485758621, 0.6666471405044002, -0.17410842858356892], "world_orientation": [-8.30944371838929e-06, -0.009010603695973096, 0.9999594036519619, -0.0007633974961105738, -0.9999591122532444, -0.009010607413853833, 0.9999997085775657, -0.0007634413780956573, 1.4304316643613502e-06], "world_rotation": [0.0, 1.0, 0.0, 0.0]}, {"color": "CVGreen", "id_name": "object168967056241804", "shape": "CVBox", "id_string": "ob1107", "world_size": [0.1, 0.1, 0.1], "id": 1107, "camera_size": [41, 44], "camera_position": [256, 298], "world_position": [0.5948519016575194, 0.6489783981213731, -0.15003250131519888], "world_orientation": [0.9998820332536947, 0.015345514703777598, 0.0006593594872922787, -0.015345513428256996, 0.9998822506519002, -6.993844145996977e-06, -0.0006593891722806649, -3.1251907613340037e-06, 0.9999997825980527], "world_rotation": [0.0001259354015975892, 0.04292892785587958, -0.9990781207160024, 0.015360277836557263]}], "source": "action wait"}
{"timestamp": 1706031230.33876, "objects": [{"color": "cv_", "id_name": "hand", "shape": "CVCylinder", "id_string": "ob382", "world_size": [0.12, 0.005, 0.12], "id": 382, "camera_size": [48, 49], "camera_position": [246, 241], "world_position": [0.7375659371624871, 0.6674221756175285, -0.17410914668029348], "world_orientation": [-3.56866358942115e-06, -0.006833927607385329, 0.9999766484377132, -0.0007638232759816411, -0.9999763567192235, -0.006833928339647335, 0.9999997082805913, -0.0007638298275064227, -1.6513337580171618e-06], "world_rotation": [0.0, 1.0, 0.0, 0.0]}, {"color": "CVGreen", "id_name": "object168967056241804", "shape": "CVBox", "id_string": "ob1107", "world_size": [0.1, 0.1, 0.1], "id": 1107, "camera_size": [41, 44], "camera_position": [256, 309], "world_position": [0.5669676953674956, 0.6502103169660336, -0.15003195142571113], "world_orientation": [0.9999430266844153, -0.010654042416821125, 0.0006593674175253535, 0.010654045307144954, 0.9999432440482984, -8.710699303698061e-07, -0.0006593207140840645, 7.895950643004537e-06, 0.9999997826169014], "world_rotation": [0.0004106553020050705, 0.06176856417802832, 0.9980904146627236, 0.010674630316228737]}], "source": "action wait"}
{"timestamp": 1706031230.368489, "objects": [{"color": "cv_", "id_name": "hand", "shape": "CVCylinder", "id_string": "ob382", "world_size": [0.12, 0.005, 0.12], "id": 382, "camera_size": [48, 48], "camera_position": [246, 244], "world_position": [0.7289220055753705, 0.6677874880160863, -0.17410910063211807], "world_orientation": [-1.0596199345470589e-06, -0.005305472017095472, 0.9999859258837361, -0.0007638317881961509, -0.9999856341645663, -0.005305471278748231, 0.9999997082798958, -0.0007638266597222592, -2.9928834654553927e-06], "world_rotation": [0.0, 1.0, 0.0, 0.0]}, {"color": "CVGreen", "id_name": "object168967056241804", "shape": "CVBox", "id_string": "ob1107", "world_size": [0.1, 0.1, 0.1], "id": 1107, "camera_size": [41, 44], "camera_position": [256, 318], "world_position": [0.5460327100529154, 0.6499512257750557, -0.15003223200854163], "world_orientation": [0.9999832073766659, -0.005757477200629843, 0.0006606216469364716, 0.0057574783285519095, 0.9999834255842737, 1.9439599306615874e-07, -0.0006606118167491556, 3.609122086953284e-06, 0.9999997817894771], "world_rotation": [0.0002946140205129196, 0.1139927162736292, 0.9934815417707259, 0.0057952863243606635]}], "source": "action wait"}
