{"timestamp": 1706068073.623202, "objects": [{"color": "cv_", "id_name": "hand", "shape": "CVCylinder", "id_string": "ob383", "world_size": [0.12, 0.005, 0.12], "id": 383, "camera_size": [48, 50], "camera_position": [246, 426], "world_position": [0.26764451554002167, 0.6334703013847304, -0.1738926040084745], "world_orientation": [-0.0006415488544512844, 0.19791547486655972, 0.9802188802626746, -0.0007473670613844754, -0.980218903124938, 0.19791499033428278, 0.9999995149286538, -0.0006056111687280812, 0.0007767738212652618], "world_rotation": [0.0, 1.0, 0.0, 0.0]}, {"color": "CVBlue", "id_name": "object259795217304605", "shape": "CVCone", "id_string": "ob681", "world_size": [0.1, 0.1, 0.1], "id": 681, "camera_size": [41, 41], "camera_position": [256, 254], "world_position": [0.705, 0.6498037972413333, -0.15], "world_orientation": [1.0, 5.115907697472714e-17, -6.85415628816222e-18, -5.115907697472714e-17, 1.0, -1.662670001678631e-16, 6.85415628816222e-18, 1.662670001678631e-16, 1.0], "world_rotation": [-0.955037983390763, 0.03937028750553474, 0.29385784104331186, -1.7409464655798235e-16]}], "source": "manual check"}
{"timestamp": 1706068074.630741, "objects": [{"color": "cv_", "id_name": "hand", "shape": "CVCylinder", "id_string": "ob383", "world_size": [0.12, 0.005, 0.12], "id": 383, "camera_size": [48, 50], "camera_position": [246, 426], "world_position": [0.26764451554002167, 0.6334703013847304, -0.1738926040084745], "world_orientation": [-0.0006415488544512844, 0.19791547486655972, 0.9802188802626746, -0.0007473670613844754, -0.980218903124938, 0.19791499033428278, 0.9999995149286538, -0.0006056111687280812, 0.0007767738212652618], "world_rotation": [0.0, 1.0, 0.0, 0.0]}, {"color": "CVBlue", "id_name": "object259795217304605", "shape": "CVCone", "id_string": "ob681", "world_size": [0.1, 0.1, 0.1], "id": 681, "camera_size": [41, 41], "camera_position": [256, 254], "world_position": [0.705, 0.6498037994254439, -0.15], "world_orientation": [1.0, 8.100187187665134e-17, -1.2653630886983698e-17, -8.100187187665134e-17, 1.0, -1.9397816686250694e-16, 1.2653630886983698e-17, 1.9397816686250694e-16, 1.0], "world_rotation": [-0.9211093596285536, 0.06008602943210125, 0.38463907325148433, -2.1059189642881336e-16]}], "source": "manual check"}
{"timestamp": 1706068076.60017, "objects": [{"color": "cv_", "id_name": "hand", "shape": "CVCylinder", "id_string": "ob383", "world_size": [0.12, 0.005, 0.12], "id": 383, "camera_size": [48, 50], "camera_position": [246, 426], "world_position": [0.26764451554002167, 0.6334703013847304, -0.1738926040084745], "world_orientation": [-0.0006415488544512844, 0.19791547486655972, 0.9802188802626746, -0.0007473670613844754, -0.980218903124938, 0.19791499033428278, 0.9999995149286538, -0.0006056111687280812, 0.0007767738212652618], "world_rotation": [0.0, 1.0, 0.0, 0.0]}, {"color": "CVBlue", "id_name": "object259795217304605", "shape": "CVCone", "id_string": "ob681", "world_size": [0.1, 0.1, 0.1], "id": 681, "camera_size": [41, 41], "camera_position": [256, 254], "world_position": [0.705, 0.6498037994254439, -0.15], "world_orientation": [1.0, 8.100187187665134e-17, -1.2653630886983698e-17, -8.100187187665134e-17, 1.0, -1.9397816686250694e-16, 1.2653630886983698e-17, 1.9397816686250694e-16, 1.0], "world_rotation": [-0.9211093596285536, 0.06008602943210125, 0.38463907325148433, -2.1059189642881336e-16]}], "source": "action wait"}
{"timestamp": 1706068076.628632, "objects": [{"color": "cv_", "id_name": "hand", "shape": "CVCylinder", "id_string": "ob383", "world_size": [0.12, 0.005, 0.12], "id": 383, "camera_size": [49, 51], "camera_position": [246, 421], "world_position": [0.29169155319629353, 0.6683345766167481, -0.1739558221808315], "world_orientation": [-0.00037862550545781406, 0.20352948076325145, 0.979068744829988, -0.0007137653596793074, -0.9790686206133608, 0.20352917891364516, 0.9999996735908157, -0.0006217640165630292, 0.0005159726444003736], "world_rotation": [0.0, 1.0, 0.0, 0.0]}, {"color": "CVBlue", "id_name": "object259795217304605", "shape": "CVCone", "id_string": "ob681", "world_size": [0.1, 0.1, 0.1], "id": 681, "camera_size": [41, 41], "camera_position": [256, 254], "world_position": [0.705, 0.6498037994254439, -0.15], "world_orientation": [1.0, 8.100187187665134e-17, -1.2653630886983698e-17, -8.100187187665134e-17, 1.0, -1.9397816686250694e-16, 1.2653630886983698e-17, 1.9397816686250694e-16, 1.0], "world_rotation": [-0.9211093596285536, 0.06008602943210125, 0.38463907325148433, -2.1059189642881336e-16]}], "source": "action wait"}
{"timestamp": 1706068076.699868, "objects": [{"color": "cv_", "id_name": "hand", "shape": "CVCylinder", "id_string": "ob383", "world_size": [0.12, 0.005, 0.12], "id": 383, "camera_size": [51, 52], "camera_position": [246, 406], "world_position": [0.3889971325445018, 0.7405322085289904, -0.1740041326397702], "world_orientation": [-0.00010998175053770003, 0.19060636354671595, 0.9816665432210226, -0.0007405777056263225, -0.9816662954828599, 0.19060623247318256, 0.999999719724299, -0.0007060371491582386, 0.0002491242010146947], "world_rotation": [0.0, 1.0, 0.0, 0.0]}, {"color": "CVBlue", "id_name": "object259795217304605", "shape": "CVCone", "id_string": "ob681", "world_size": [0.1, 0.1, 0.1], "id": 681, "camera_size": [41, 41], "camera_position": [256, 254], "world_position": [0.705, 0.6498037994254439, -0.15], "world_orientation": [1.0, 8.100187187665134e-17, -1.2653630886983698e-17, -8.100187187665134e-17, 1.0, -1.9397816686250694e-16, 1.2653630886983698e-17, 1.9397816686250694e-16, 1.0], "world_rotation": [-0.9211093596285536, 0.06008602943210125, 0.38463907325148433, -2.1059189642881336e-16]}], "source": "action wait"}
{"timestamp": 1706068076.735379, "objects": [{"color": "cv_", "id_name": "hand", "shape": "CVCylinder", "id_string": "ob383", "world_size": [0.12, 0.005, 0.12], "id": 383, "camera_size": [52, 53], "camera_position": [245, 367], "world_position": [0.44332758016321794, 0.7687821340010579, -0.17402271085344975], "world_orientation": [-3.547555061908498e-05, 0.1868013021142661, 0.9823977159327582, -0.0007478091690552831, -0.9823974468190263, 0.18680122393845605, 0.9999997197614268, -0.0007280191433582398, 0.00017454281686562833], "world_rotation": [0.0, 1.0, 0.0, 0.0]}, {"color": "CVBlue", "id_name": "object259795217304605", "shape": "CVCone", "id_string": "ob681", "world_size": [0.1, 0.1, 0.1], "id": 681, "camera_size": [41, 41], "camera_position": [256, 254], "world_position": [0.705, 0.6498037994254439, -0.15], "world_orientation": [1.0, 8.100187187665134e-17, -1.2653630886983698e-17, -8.100187187665134e-17, 1.0, -1.9397816686250694e-16, 1.2653630886983698e-17, 1.9397816686250694e-16, 1.0], "world_rotation": [-0.9211093596285536, 0.06008602943210125, 0.38463907325148433, -2.1059189642881336e-16]}], "source": "action wait"}
{"timestamp": 1706068076.769297, "objects": [{"color": "cv_", "id_name": "hand", "shape": "CVCylinder", "id_string": "ob383", "world_size": [0.12, 0.005, 0.12], "id": 383, "camera_size": [53, 54], "camera_position": [245, 343], "world_position": [0.5004620083015324, 0.7913956255004619, -0.17403892038787366], "world_orientation": [1.687785342617779e-05, 0.1841134750615469, 0.9829049943997128, -0.0007526617495213086, -0.9829047137931212, 0.1841134354237997, 0.9999997166076744, -0.0007429024322752659, 0.00012198584855939731], "world_rotation": [0.0, 1.0, 0.0, 0.0]}, {"color": "CVBlue", "id_name": "object259795217304605", "shape": "CVCone", "id_string": "ob681", "world_size": [0.1, 0.1, 0.1], "id": 681, "camera_size": [41, 41], "camera_position": [256, 254], "world_position": [0.705, 0.6498037994254439, -0.15], "world_orientation": [1.0, 8.100187187665134e-17, -1.2653630886983698e-17, -8.100187187665134e-17, 1.0, -1.9397816686250694e-16, 1.2653630886983698e-17, 1.9397816686250694e-16, 1.0], "world_rotation": [-0.9211093596285536, 0.06008602943210125, 0.38463907325148433, -2.1059189642881336e-16]}], "source": "action wait"}
{"timestamp": 1706068076.805267, "objects": [{"color": "cv_", "id_name": "hand", "shape": "CVCylinder", "id_string": "ob383", "world_size": [0.12, 0.005, 0.12], "id": 383, "camera_size": [54, 54], "camera_position": [245, 318], "world_position": [0.5597449191747323, 0.808143190008731, -0.17405261192580532], "world_orientation": [5.352512563821226e-05, 0.18221342576872368, 0.9832590017918404, -0.000755980935294976, -0.9832587148574214, 0.1822134137481588, 0.9999997128139021, -0.0007530780556759273, 8.512082978875528e-05], "world_rotation": [0.0, 1.0, 0.0, 0.0]}, {"color": "CVBlue", "id_name": "object259795217304605", "shape": "CVCone", "id_string": "ob681", "world_size": [0.1, 0.1, 0.1], "id": 681, "camera_size": [41, 41], "camera_position": [256, 254], "world_position": [0.705, 0.6498037994254439, -0.15], "world_orientation": [1.0, 8.100187187665134e-17, -1.2653630886983698e-17, -8.100187187665134e-17, 1.0, -1.9397816686250694e-16, 1.2653630886983698e-17, 1.9397816686250694e-16, 1.0], "world_rotation": [-0.9211093596285536, 0.06008602943210125, 0.38463907325148433, -2.1059189642881336e-16]}], "source": "action wait"}
{"timestamp": 1706068076.839633, "objects": [{"color": "cv_", "id_name": "hand", "shape": "CVCylinder", "id_string": "ob383", "world_size": [0.12, 0.005, 0.12], "id": 383, "camera_size": [54, 54], "camera_position": [245, 291], "world_position": [0.6206815283933865, 0.8141963374337627, -0.17406320356289676], "world_orientation": [7.483334838734891e-05, 0.17421615803300217, 0.9847074310068906, -0.0007643257447581163, -0.9847071361693809, 0.17421616395516415, 0.9999997051030196, -0.0007656744194654647, 5.9468962557422386e-05], "world_rotation": [0.0, 1.0, 0.0, 0.0]}, {"color": "CVBlue", "id_name": "object259795217304605", "shape": "CVCone", "id_string": "ob681", "world_size": [0.1, 0.1, 0.1], "id": 681, "camera_size": [41, 41], "camera_position": [256, 254], "world_position": [0.705, 0.6498037994254439, -0.15], "world_orientation": [1.0, 8.100187187665134e-17, -1.2653630886983698e-17, -8.100187187665134e-17, 1.0, -1.9397816686250694e-16, 1.2653630886983698e-17, 1.9397816686250694e-16, 1.0], "world_rotation": [-0.9211093596285536, 0.06008602943210125, 0.38463907325148433, -2.1059189642881336e-16]}], "source": "action wait"}
{"timestamp": 1706068076.867626, "objects": [{"color": "cv_", "id_name": "hand", "shape": "CVCylinder", "id_string": "ob383", "world_size": [0.12, 0.005, 0.12], "id": 383, "camera_size": [53, 53], "camera_position": [245, 264], "world_position": [0.6827879290984444, 0.7956527897905974, -0.1740708959013479], "world_orientation": [6.750264978810298e-05, 0.14040554289155188, 0.9900940758174048, -0.0007772539910812702, -0.9900937716367954, 0.14040555274724234, 0.9999996956597665, -0.0007790323188307231, 4.229681545862274e-05], "world_rotation": [0.0, 1.0, 0.0, 0.0]}, {"color": "CVBlue", "id_name": "object259795217304605", "shape": "CVCone", "id_string": "ob681", "world_size": [0.1, 0.1, 0.1], "id": 681, "camera_size": [41, 41], "camera_position": [256, 254], "world_position": [0.705, 0.6498037994254439, -0.15], "world_orientation": [1.0, 8.100187187665134e-17, -1.2653630886983698e-17, -8.100187187665134e-17, 1.0, -1.9397816686250694e-16, 1.2653630886983698e-17, 1.9397816686250694e-16, 1.0], "world_rotation": [-0.9211093596285536, 0.06008602943210125, 0.38463907325148433, -2.1059189642881336e-16]}], "source": "action wait"}
{"timestamp": 1706068076.900664, "objects": [{"color": "cv_", "id_name": "hand", "shape": "CVCylinder", "id_string": "ob383", "world_size": [0.12, 0.005, 0.12], "id": 383, "camera_size": [52, 52], "camera_position": [245, 239], "world_position": [0.7371232324096961, 0.7653321490281627, -0.17407260063773203], "world_orientation": [3.598393715117082e-05, 0.09868354161796321, 0.9951188659245146, -0.0007769355448449494, -0.9951185634685912, 0.09868353971847002, 0.999999697538112, -0.0007766942405739575, 4.086246732876273e-05], "world_rotation": [0.0, 1.0, 0.0, 0.0]}, {"color": "CVBlue", "id_name": "object259795217304605", "shape": "CVCone", "id_string": "ob681", "world_size": [0.1, 0.1, 0.1], "id": 681, "camera_size": [41, 41], "camera_position": [256, 254], "world_position": [0.705, 0.6498037994254439, -0.15], "world_orientation": [1.0, 8.100187187665134e-17, -1.2653630886983698e-17, -8.100187187665134e-17, 1.0, -1.9397816686250694e-16, 1.2653630886983698e-17, 1.9397816686250694e-16, 1.0], "world_rotation": [-0.9211093596285536, 0.06008602943210125, 0.38463907325148433, -2.1059189642881336e-16]}], "source": "action wait"}
{"timestamp": 1706068076.961902, "objects": [{"color": "cv_", "id_name": "hand", "shape": "CVCylinder", "id_string": "ob383", "world_size": [0.12, 0.005, 0.12], "id": 383, "camera_size": [51, 51], "camera_position": [246, 224], "world_position": [0.8001336998913717, 0.7211904217003076, -0.1740775712067207], "world_orientation": [-1.3332326511166421e-06, 0.04820034859248687, 0.9988376877119652, -0.0007651690913559535, -0.99883739536037, 0.04820033346330526, 0.9999997072571993, -0.0007642154636606257, 3.8213099564585494e-05], "world_rotation": [0.0, 1.0, 0.0, 0.0]}, {"color": "CVBlue", "id_name": "object259795217304605", "shape": "CVCone", "id_string": "ob681", "world_size": [0.1, 0.1, 0.1], "id": 681, "camera_size": [41, 41], "camera_position": [256, 254], "world_position": [0.705, 0.6498037994254439, -0.15], "world_orientation": [1.0, 8.100187187665134e-17, -1.2653630886983698e-17, -8.100187187665134e-17, 1.0, -1.9397816686250694e-16, 1.2653630886983698e-17, 1.9397816686250694e-16, 1.0], "world_rotation": [-0.9211093596285536, 0.06008602943210125, 0.38463907325148433, -2.1059189642881336e-16]}], "source": "action wait"}
{"timestamp": 1706068076.996665, "objects": [{"color": "cv_", "id_name": "hand", "shape": "CVCylinder", "id_string": "ob383", "world_size": [0.12, 0.005, 0.12], "id": 383, "camera_size": [49, 50], "camera_position": [246, 207], "world_position": [0.8178230120598848, 0.7068710449871859, -0.17408177628376048], "world_orientation": [-7.791744294497198e-06, 0.033463969496279514, 0.9994399245001377, -0.0007620831021006481, -0.9994396345064522, 0.03346395384521761, 0.9999997095842749, -0.0007613955354552121, 3.32897037525624e-05], "world_rotation": [0.0, 1.0, 0.0, 0.0]}, {"color": "CVBlue", "id_name": "object259795217304605", "shape": "CVCone", "id_string": "ob681", "world_size": [0.1, 0.1, 0.1], "id": 681, "camera_size": [41, 41], "camera_position": [256, 254], "world_position": [0.705, 0.6498037994254439, -0.15], "world_orientation": [1.0, 8.100187187665134e-17, -1.2653630886983698e-17, -8.100187187665134e-17, 1.0, -1.9397816686250694e-16, 1.2653630886983698e-17, 1.9397816686250694e-16, 1.0], "world_rotation": [-0.9211093596285536, 0.06008602943210125, 0.38463907325148433, -2.1059189642881336e-16]}], "source": "action wait"}
{"timestamp": 1706068077.040823, "objects": [{"color": "cv_", "id_name": "hand", "shape": "CVCylinder", "id_string": "ob383", "world_size": [0.12, 0.005, 0.12], "id": 383, "camera_size": [49, 50], "camera_position": [246, 202], "world_position": [0.8300821546305953, 0.6964183315692074, -0.1740858899137238], "world_orientation": [-1.0532021709088688e-05, 0.023074808592023065, 0.9997337411018586, -0.0007605132233774882, -0.999733452228905, 0.023074793912685, 0.999999710754315, -0.0007600677057345382, 2.807791148368767e-05], "world_rotation": [0.0, 1.0, 0.0, 0.0]}, {"color": "CVBlue", "id_name": "object259795217304605", "shape": "CVCone", "id_string": "ob681", "world_size": [0.1, 0.1, 0.1], "id": 681, "camera_size": [41, 41], "camera_position": [256, 254], "world_position": [0.705, 0.6498037994254439, -0.15], "world_orientation": [1.0, 8.100187187665134e-17, -1.2653630886983698e-17, -8.100187187665134e-17, 1.0, -1.9397816686250694e-16, 1.2653630886983698e-17, 1.9397816686250694e-16, 1.0], "world_rotation": [-0.9211093596285536, 0.06008602943210125, 0.38463907325148433, -2.1059189642881336e-16]}], "source": "action wait"}
{"timestamp": 1706068077.069823, "objects": [{"color": "cv_", "id_name": "hand", "shape": "CVCylinder", "id_string": "ob383", "world_size": [0.12, 0.005, 0.12], "id": 383, "camera_size": [49, 49], "camera_position": [246, 199], "world_position": [0.8386135940714289, 0.6888869305515588, -0.17408956525429403], "world_orientation": [-1.1266546321745564e-05, 0.01575209119828819, 0.9998759280510487, -0.0007599446710285468, -0.9998756395272105, 0.015752078089856455, 0.9999997111785393, -0.0007596729116950119, 2.3235862972783064e-05], "world_rotation": [0.0, 1.0, 0.0, 0.0]}, {"color": "CVBlue", "id_name": "object259795217304605", "shape": "CVCone", "id_string": "ob681", "world_size": [0.1, 0.1, 0.1], "id": 681, "camera_size": [41, 41], "camera_position": [256, 254], "world_position": [0.705, 0.6498037994254439, -0.15], "world_orientation": [1.0, 8.100187187665134e-17, -1.2653630886983698e-17, -8.100187187665134e-17, 1.0, -1.9397816686250694e-16, 1.2653630886983698e-17, 1.9397816686250694e-16, 1.0], "world_rotation": [-0.9211093596285536, 0.06008602943210125, 0.38463907325148433, -2.1059189642881336e-16]}], "source": "action wait"}
{"timestamp": 1706068077.102858, "objects": [{"color": "cv_", "id_name": "hand", "shape": "CVCylinder", "id_string": "ob383", "world_size": [0.12, 0.005, 0.12], "id": 383, "camera_size": [49, 49], "camera_position": [246, 197], "world_position": [0.844570856522847, 0.6835060225514575, -0.17409268204338696], "world_orientation": [-1.0962941616277754e-05, 0.010591219318505844, 0.9999439114036154, -0.0007599603826317666, -0.9999436227982081, 0.010591207929783013, 0.9999997111699738, -0.0007598016467267687, 1.9011230642502884e-05], "world_rotation": [0.0, 1.0, 0.0, 0.0]}, {"color": "CVBlue", "id_name": "object259795217304605", "shape": "CVCone", "id_string": "ob681", "world_size": [0.1, 0.1, 0.1], "id": 681, "camera_size": [41, 41], "camera_position": [256, 254], "world_position": [0.705, 0.6498037994254439, -0.15], "world_orientation": [1.0, 8.100187187665134e-17, -1.2653630886983698e-17, -8.100187187665134e-17, 1.0, -1.9397816686250694e-16, 1.2653630886983698e-17, 1.9397816686250694e-16, 1.0], "world_rotation": [-0.9211093596285536, 0.06008602943210125, 0.38463907325148433, -2.1059189642881336e-16]}], "source": "action wait"}
{"timestamp": 1706068077.133328, "objects": [{"color": "cv_", "id_name": "hand", "shape": "CVCylinder", "id_string": "ob383", "world_size": [0.12, 0.005, 0.12], "id": 383, "camera_size": [49, 50], "camera_position": [246, 195], "world_position": [0.8487414826536808, 0.6796828264593384, -0.1740952381536554], "world_orientation": [-1.0205948341229582e-05, 0.006954066312827704, 0.9999758201364448, -0.0007602729320327789, -0.9999755312419638, 0.00695405654429409, 0.999999710940412, -0.0007601835759955271, 1.549268699991969e-05], "world_rotation": [0.0, 1.0, 0.0, 0.0]}, {"color": "CVBlue", "id_name": "object259795217304605", "shape": "CVCone", "id_string": "ob681", "world_size": [0.1, 0.1, 0.1], "id": 681, "camera_size": [41, 41], "camera_position": [256, 254], "world_position": [0.705, 0.6498037994254439, -0.15], "world_orientation": [1.0, 8.100187187665134e-17, -1.2653630886983698e-17, -8.100187187665134e-17, 1.0, -1.9397816686250694e-16, 1.2653630886983698e-17, 1.9397816686250694e-16, 1.0], "world_rotation": [-0.9211093596285536, 0.06008602943210125, 0.38463907325148433, -2.1059189642881336e-16]}], "source": "action wait"}
{"timestamp": 1706068077.165407, "objects": [{"color": "cv_", "id_name": "hand", "shape": "CVCylinder", "id_string": "ob383", "world_size": [0.12, 0.005, 0.12], "id": 383, "camera_size": [49, 49], "camera_position": [246, 194], "world_position": [0.8516670287848851, 0.6769763257524868, -0.17409728681820316], "world_orientation": [-9.291413262710897e-06, 0.004390750962896479, 0.9999903605633663, -0.0007607025736233911, -0.9999900713061094, 0.004390742624757808, 0.9999997106225903, -0.0007606544446752323, 1.2631376569093526e-05], "world_rotation": [0.0, 1.0, 0.0, 0.0]}, {"color": "CVBlue", "id_name": "object259795217304605", "shape": "CVCone", "id_string": "ob681", "world_size": [0.1, 0.1, 0.1], "id": 681, "camera_size": [41, 41], "camera_position": [256, 254], "world_position": [0.705, 0.6498037994254439, -0.15], "world_orientation": [1.0, 8.100187187665134e-17, -1.2653630886983698e-17, -8.100187187665134e-17, 1.0, -1.9397816686250694e-16, 1.2653630886983698e-17, 1.9397816686250694e-16, 1.0], "world_rotation": [-0.9211093596285536, 0.06008602943210125, 0.38463907325148433, -2.1059189642881336e-16]}], "source": "action wait"}
{"timestamp": 1706068077.196549, "objects": [{"color": "cv_", "id_name": "hand", "shape": "CVCylinder", "id_string": "ob383", "world_size": [0.12, 0.005, 0.12], "id": 383, "camera_size": [49, 49], "camera_position": [246, 194], "world_position": [0.8537221792181698, 0.6750649553884344, -0.17409890181987908], "world_orientation": [-8.393285031314e-06, 0.002584195254149859, 0.999996660926646, -0.0007611471676440502, -0.9999963713067985, 0.0025841881171669977, 0.999999710292229, -0.0007611229362907672, 1.0360207473357927e-05], "world_rotation": [0.0, 1.0, 0.0, 0.0]}, {"color": "CVBlue", "id_name": "object259795217304605", "shape": "CVCone", "id_string": "ob681", "world_size": [0.1, 0.1, 0.1], "id": 681, "camera_size": [41, 41], "camera_position": [256, 254], "world_position": [0.705, 0.6498037994254439, -0.15], "world_orientation": [1.0, 8.100187187665134e-17, -1.2653630886983698e-17, -8.100187187665134e-17, 1.0, -1.9397816686250694e-16, 1.2653630886983698e-17, 1.9397816686250694e-16, 1.0], "world_rotation": [-0.9211093596285536, 0.06008602943210125, 0.38463907325148433, -2.1059189642881336e-16]}], "source": "action wait"}
{"timestamp": 1706068077.231749, "objects": [{"color": "cv_", "id_name": "hand", "shape": "CVCylinder", "id_string": "ob383", "world_size": [0.12, 0.005, 0.12], "id": 383, "camera_size": [49, 49], "camera_position": [246, 193], "world_position": [0.8551674314612312, 0.6737172240642101, -0.17410015928633493], "world_orientation": [-7.582328188639676e-06, 0.0013109484934596346, 0.9999991406779088, -0.0007615547969412604, -0.9999988507315771, 0.0013109423389916052, 0.9999997099883577, -0.0007615442025256733, 8.58067858861165e-06], "world_rotation": [0.0, 1.0, 0.0, 0.0]}, {"color": "CVBlue", "id_name": "object259795217304605", "shape": "CVCone", "id_string": "ob681", "world_size": [0.1, 0.1, 0.1], "id": 681, "camera_size": [41, 41], "camera_position": [256, 254], "world_position": [0.705, 0.6498037994254439, -0.15], "world_orientation": [1.0, 8.100187187665134e-17, -1.2653630886983698e-17, -8.100187187665134e-17, 1.0, -1.9397816686250694e-16, 1.2653630886983698e-17, 1.9397816686250694e-16, 1.0], "world_rotation": [-0.9211093596285536, 0.06008602943210125, 0.38463907325148433, -2.1059189642881336e-16]}], "source": "action wait"}
{"timestamp": 1706068077.261454, "objects": [{"color": "cv_", "id_name": "hand", "shape": "CVCylinder", "id_string": "ob383", "world_size": [0.12, 0.005, 0.12], "id": 383, "camera_size": [49, 49], "camera_position": [246, 193], "world_position": [0.8561845751618973, 0.6727678613868391, -0.1741011290472686], "world_orientation": [-6.8874431323818235e-06, 0.000413547054105605, 0.9999999144656949, -0.000761904020477558, -0.9999996242426981, 0.0004135416865139917, 0.9999997097273712, -0.0007619011070641049, 7.2025237079192524e-06], "world_rotation": [0.0, 1.0, 0.0, 0.0]}, {"color": "CVBlue", "id_name": "object259795217304605", "shape": "CVCone", "id_string": "ob681", "world_size": [0.1, 0.1, 0.1], "id": 681, "camera_size": [41, 41], "camera_position": [256, 254], "world_position": [0.705, 0.6498037994254439, -0.15], "world_orientation": [1.0, 8.100187187665134e-17, -1.2653630886983698e-17, -8.100187187665134e-17, 1.0, -1.9397816686250694e-16, 1.2653630886983698e-17, 1.9397816686250694e-16, 1.0], "world_rotation": [-0.9211093596285536, 0.06008602943210125, 0.38463907325148433, -2.1059189642881336e-16]}], "source": "action wait"}
{"timestamp": 1706068077.296344, "objects": [{"color": "cv_", "id_name": "hand", "shape": "CVCylinder", "id_string": "ob383", "world_size": [0.12, 0.005, 0.12], "id": 383, "camera_size": [49, 48], "camera_position": [246, 192], "world_position": [0.8569008308278901, 0.6720995171070855, -0.17410187126356808], "world_orientation": [-6.312062964542217e-06, -0.00021897246729614064, 0.999999976005608, -0.0007621904604795053, -0.9999996855572912, -0.00021897721468989471, 0.9999997095128879, -0.0007621918243895051, 6.145162254443699e-06], "world_rotation": [0.0, 1.0, 0.0, 0.0]}, {"color": "CVBlue", "id_name": "object259795217304605", "shape": "CVCone", "id_string": "ob681", "world_size": [0.1, 0.1, 0.1], "id": 681, "camera_size": [41, 41], "camera_position": [256, 254], "world_position": [0.705, 0.6498037994254439, -0.15], "world_orientation": [1.0, 8.100187187665134e-17, -1.2653630886983698e-17, -8.100187187665134e-17, 1.0, -1.9397816686250694e-16, 1.2653630886983698e-17, 1.9397816686250694e-16, 1.0], "world_rotation": [-0.9211093596285536, 0.06008602943210125, 0.38463907325148433, -2.1059189642881336e-16]}], "source": "action wait"}
{"timestamp": 1706068077.329589, "objects": [{"color": "cv_", "id_name": "hand", "shape": "CVCylinder", "id_string": "ob383", "world_size": [0.12, 0.005, 0.12], "id": 383, "camera_size": [49, 49], "camera_position": [246, 192], "world_position": [0.8574054158429439, 0.6716291661580687, -0.17410243581534857], "world_orientation": [-5.847030006682701e-06, -0.0006648068953953001, 0.9999997789987777, -0.0007624184025801022, -0.9999994883720197, -0.0006648111600684705, 0.9999997093419536, -0.0007624221212558394, 5.340166004331235e-06], "world_rotation": [0.0, 1.0, 0.0, 0.0]}, {"color": "CVBlue", "id_name": "object259795217304605", "shape": "CVCone", "id_string": "ob681", "world_size": [0.1, 0.1, 0.1], "id": 681, "camera_size": [41, 41], "camera_position": [256, 254], "world_position": [0.705, 0.6498037994254439, -0.15], "world_orientation": [1.0, 8.100187187665134e-17, -1.2653630886983698e-17, -8.100187187665134e-17, 1.0, -1.9397816686250694e-16, 1.2653630886983698e-17, 1.9397816686250694e-16, 1.0], "world_rotation": [-0.9211093596285536, 0.06008602943210125, 0.38463907325148433, -2.1059189642881336e-16]}], "source": "action wait"}
{"timestamp": 1706068077.365993, "objects": [{"color": "cv_", "id_name": "hand", "shape": "CVCylinder", "id_string": "ob383", "world_size": [0.12, 0.005, 0.12], "id": 383, "camera_size": [49, 49], "camera_position": [246, 192], "world_position": [0.8577609922808423, 0.6712982069070361, -0.17410286301539915], "world_orientation": [-5.4778577369371264e-06, -0.0009790639404336223, 0.999999520701782, -0.0007625958186870627, -0.9999992299366013, -0.000979067833148815, 0.999999709208763, -0.0007626008163708895, 4.731223451801454e-06], "world_rotation": [0.0, 1.0, 0.0, 0.0]}, {"color": "CVBlue", "id_name": "object259795217304605", "shape": "CVCone", "id_string": "ob681", "world_size": [0.1, 0.1, 0.1], "id": 681, "camera_size": [41, 41], "camera_position": [256, 254], "world_position": [0.705, 0.6498037994254439, -0.15], "world_orientation": [1.0, 8.100187187665134e-17, -1.2653630886983698e-17, -8.100187187665134e-17, 1.0, -1.9397816686250694e-16, 1.2653630886983698e-17, 1.9397816686250694e-16, 1.0], "world_rotation": [-0.9211093596285536, 0.06008602943210125, 0.38463907325148433, -2.1059189642881336e-16]}], "source": "action wait"}
{"timestamp": 1706068077.392444, "objects": [{"color": "cv_", "id_name": "hand", "shape": "CVCylinder", "id_string": "ob383", "world_size": [0.12, 0.005, 0.12], "id": 383, "camera_size": [49, 49], "camera_position": [246, 192], "world_position": [0.858011620040635, 0.6710653394141776, -0.17410318486105406], "world_orientation": [-5.1887784794511e-06, -0.001200581083928247, 0.999999279288809, -0.0007627316028293468, -0.9999989884179378, -0.0012005846923618885, 0.9999997091067471, -0.0007627372826885402, 4.273052096468442e-06], "world_rotation": [0.0, 1.0, 0.0, 0.0]}, {"color": "CVBlue", "id_name": "object259795217304605", "shape": "CVCone", "id_string": "ob681", "world_size": [0.1, 0.1, 0.1], "id": 681, "camera_size": [41, 41], "camera_position": [256, 254], "world_position": [0.705, 0.6498037994254439, -0.15], "world_orientation": [1.0, 8.100187187665134e-17, -1.2653630886983698e-17, -8.100187187665134e-17, 1.0, -1.9397816686250694e-16, 1.2653630886983698e-17, 1.9397816686250694e-16, 1.0], "world_rotation": [-0.9211093596285536, 0.06008602943210125, 0.38463907325148433, -2.1059189642881336e-16]}], "source": "action wait"}
{"timestamp": 1706068079.412205, "objects": [{"color": "cv_", "id_name": "hand", "shape": "CVCylinder", "id_string": "ob383", "world_size": [0.12, 0.005, 0.12], "id": 383, "camera_size": [49, 49], "camera_position": [246, 192], "world_position": [0.858610866215663, 0.6705119743114809, -0.17410412466306416], "world_orientation": [-4.269871412387622e-06, -0.0017298015557552539, 0.9999985038830539, -0.0007631197109239878, -0.9999982127110799, -0.0017298043105122753, 0.9999997088149951, -0.000763125955249996, 2.949818118073586e-06], "world_rotation": [0.0, 1.0, 0.0, 0.0]}, {"color": "CVBlue", "id_name": "object259795217304605", "shape": "CVCone", "id_string": "ob681", "world_size": [0.1, 0.1, 0.1], "id": 681, "camera_size": [41, 41], "camera_position": [256, 254], "world_position": [0.705, 0.6498037994254439, -0.15], "world_orientation": [1.0, 8.100187187665134e-17, -1.2653630886983698e-17, -8.100187187665134e-17, 1.0, -1.9397816686250694e-16, 1.2653630886983698e-17, 1.9397816686250694e-16, 1.0], "world_rotation": [-0.9211093596285536, 0.06008602943210125, 0.38463907325148433, -2.1059189642881336e-16]}], "source": "action wait"}
{"timestamp": 1706068079.440764, "objects": [{"color": "cv_", "id_name": "hand", "shape": "CVCylinder", "id_string": "ob383", "world_size": [0.12, 0.005, 0.12], "id": 383, "camera_size": [48, 48], "camera_position": [246, 205], "world_position": [0.8260560277556692, 0.6575430764765353, -0.1740883219729187], "world_orientation": [-4.6194247994926554e-05, -0.02275095234628859, 0.9997411625182934, -0.0007601588025818251, -0.9997408739401108, -0.022750980903215666, 0.9999997100123011, -0.0007610130094460117, 2.888794116865907e-05], "world_rotation": [0.0, 1.0, 0.0, 0.0]}, {"color": "CVBlue", "id_name": "object259795217304605", "shape": "CVCone", "id_string": "ob681", "world_size": [0.1, 0.1, 0.1], "id": 681, "camera_size": [41, 41], "camera_position": [256, 254], "world_position": [0.705, 0.6498037994254439, -0.15], "world_orientation": [1.0, 8.100187187665134e-17, -1.2653630886983698e-17, -8.100187187665134e-17, 1.0, -1.9397816686250694e-16, 1.2653630886983698e-17, 1.9397816686250694e-16, 1.0], "world_rotation": [-0.9211093596285536, 0.06008602943210125, 0.38463907325148433, -2.1059189642881336e-16]}], "source": "action wait"}
{"timestamp": 1706068079.469671, "objects": [{"color": "cv_", "id_name": "hand", "shape": "CVCylinder", "id_string": "ob383", "world_size": [0.12, 0.005, 0.12], "id": 383, "camera_size": [48, 49], "camera_position": [246, 219], "world_position": [0.7918778578438705, 0.6642696252988761, -0.17410167456007816], "world_orientation": [-3.4115123515810475e-05, -0.016566528396309836, 0.9998627650698133, -0.0007582564900417737, -0.9998624777860687, -0.016566549507926253, 0.9999997119415854, -0.0007587176006483737, 2.1548754254898167e-05], "world_rotation": [0.0, 1.0, 0.0, 0.0]}, {"color": "CVBlue", "id_name": "object259795217304605", "shape": "CVCone", "id_string": "ob681", "world_size": [0.1, 0.1, 0.1], "id": 681, "camera_size": [41, 43], "camera_position": [256, 264], "world_position": [0.6809036457825222, 0.6511717553990584, -0.1500056645338576], "world_orientation": [0.9995124844254256, -0.03122138049976713, 0.00013739505897267856, 0.031221382087707215, 0.9995124937746696, -9.427337829927964e-06, -0.0001370337435246117, 1.3712405489057931e-05, 0.9999999905168615], "world_rotation": [0.00037057166118661353, 0.004394842925307382, 0.9999902739688551, 0.031226759633015223]}], "source": "action wait"}
{"timestamp": 1706068079.503878, "objects": [{"color": "cv_", "id_name": "hand", "shape": "CVCylinder", "id_string": "ob383", "world_size": [0.12, 0.005, 0.12], "id": 383, "camera_size": [48, 49], "camera_position": [246, 229], "world_position": [0.767275217042544, 0.6676615162981344, -0.17410642533591747], "world_orientation": [-1.7725912510640956e-05, -0.01213563287371383, 0.9999263603388735, -0.00076205096271374, -0.999926069992542, -0.012135642858961071, 0.9999997094820189, -0.0007622099608830394, 8.476631319607245e-06], "world_rotation": [0.0, 1.0, 0.0, 0.0]}, {"color": "CVBlue", "id_name": "object259795217304605", "shape": "CVCone", "id_string": "ob681", "world_size": [0.1, 0.1, 0.1], "id": 681, "camera_size": [41, 43], "camera_position": [256, 282], "world_position": [0.636014783619109, 0.6517160515877563, -0.15001848204974352], "world_orientation": [0.999127131291511, -0.04177096811826522, 0.0004021686946595624, 0.041770973835989066, 0.9991272119759662, -5.824583653153735e-06, -0.0004015743881411443, 2.2618477578621634e-05, 0.9999999191132044], "world_rotation": [0.00034044867354722237, 0.00962038734798927, 0.9999536650475237, 0.041785064856988026]}], "source": "action wait"}
{"timestamp": 1706068079.531171, "objects": [{"color": "cv_", "id_name": "hand", "shape": "CVCylinder", "id_string": "ob383", "world_size": [0.12, 0.005, 0.12], "id": 383, "camera_size": [49, 49], "camera_position": [246, 236], "world_position": [0.7498718452010449, 0.6692936997834315, -0.17410854095568615], "world_orientation": [-8.3531644560983e-06, -0.009027137883950936, 0.9999592545258276, -0.0007634917706341997, -0.9999589630551339, -0.009027141630529386, 0.999999708505228, -0.0007635360669989583, 1.460676181335149e-06], "world_rotation": [0.0, 1.0, 0.0, 0.0]}, {"color": "CVBlue", "id_name": "object259795217304605", "shape": "CVCone", "id_string": "ob681", "world_size": [0.1, 0.1, 0.1], "id": 681, "camera_size": [41, 43], "camera_position": [256, 298], "world_position": [0.5953529093349773, 0.6490565590850924, -0.1500329151319831], "world_orientation": [0.9999089873768788, 0.013474762417119628, 0.0006691343267370909, -0.013474760566725669, 0.9999092112660845, -7.273695590930692e-06, -0.0006691715881987292, -1.7433912469486234e-06, 0.999999776103148], "world_rotation": [0.00020495716040233787, 0.04959860488932754, -0.9987692107717352, 0.013491775830314346]}], "source": "action wait"}
{"timestamp": 1706068079.562532, "objects": [{"color": "cv_", "id_name": "hand", "shape": "CVCylinder", "id_string": "ob383", "world_size": [0.12, 0.005, 0.12], "id": 383, "camera_size": [49, 49], "camera_position": [246, 241], "world_position": [0.7375953875106475, 0.6700718347191215, -0.17410924883462459], "world_orientation": [-3.589043839344011e-06, -0.006845534025263782, 0.9999765690510092, -0.0007638842314073905, -0.9999762772859161, -0.006845534769606966, 0.9999997082339573, -0.0007638909017996997, -1.6402367996226105e-06], "world_rotation": [0.0, 1.0, 0.0, 0.0]}, {"color": "CVBlue", "id_name": "object259795217304605", "shape": "CVCone", "id_string": "ob681", "world_size": [0.1, 0.1, 0.1], "id": 681, "camera_size": [41, 44], "camera_position": [256, 309], "world_position": [0.5669899455212942, 0.6499052787768914, -0.15003269575368539], "world_orientation": [0.9999895806009231, -0.004515357876450268, 0.0006709939176697332, 0.004515359897503672, 0.9999898057094155, -1.497162517358143e-06, -0.0006709803171381911, 4.526925945131513e-06, 0.9999997748824352], "world_rotation": [0.0006598208695869058, 0.14698698601252613, 0.9891382060052951, 0.00456495820510957]}], "source": "action wait"}
{"timestamp": 1706068079.596287, "objects": [{"color": "cv_", "id_name": "hand", "shape": "CVCylinder", "id_string": "ob383", "world_size": [0.12, 0.005, 0.12], "id": 383, "camera_size": [49, 49], "camera_position": [246, 244], "world_position": [0.7289460313269847, 0.6704390819915969, -0.1741091969376627], "world_orientation": [-1.0656379135786622e-06, -0.005313620492461462, 0.999985882618413, -0.0007638711053940909, -0.9999855908691989, -0.005313619756216119, 0.999999708249857, -0.0007638659839292347, -2.9932986002032072e-06], "world_rotation": [0.0, 1.0, 0.0, 0.0]}, {"color": "CVBlue", "id_name": "object259795217304605", "shape": "CVCone", "id_string": "ob681", "world_size": [0.1, 0.1, 0.1], "id": 681, "camera_size": [41, 44], "camera_position": [256, 318], "world_position": [0.5455224618318516, 0.6494415499574021, -0.15003321280691959], "world_orientation": [0.9999903770636088, 0.004334947953818534, 0.0006737999845316516, -0.0043349489175989854, 0.9999906040647987, -3.007890648981678e-08, -0.0006737937839411524, -2.8908098965715726e-06, 0.9999997729967642], "world_rotation": [-0.00032604627387824764, 0.15358938971732777, -0.9881347039043239, 0.004387015579569381]}], "source": "action wait"}
{"timestamp": 1706068079.637029, "objects": [{"color": "cv_", "id_name": "hand", "shape": "CVCylinder", "id_string": "ob383", "world_size": [0.12, 0.005, 0.12], "id": 383, "camera_size": [49, 49], "camera_position": [246, 247], "world_position": [0.7228553583155198, 0.670610432782839, -0.1741087696746861], "world_orientation": [-2.7391944489718344e-07, -0.004237456163688705, 0.9999910219422902, -0.0007637284129126564, -0.9999907303034727, -0.004237455137072488, 0.9999997083593757, -0.0007637227168366106, -2.9623487645676225e-06], "world_rotation": [0.0, 1.0, 0.0, 0.0]}, {"color": "CVBlue", "id_name": "object259795217304605", "shape": "CVCone", "id_string": "ob681", "world_size": [0.1, 0.1, 0.1], "id": 681, "camera_size": [41, 44], "camera_position": [256, 322], "world_position": [0.5345283156029008, 0.6497699421924944, -0.15003306598312682], "world_orientation": [0.9999968606699663, -0.0024134335566806946, 0.0006737868204961194, 0.0024134330391547424, 0.9999970876649921, 1.5811555023483471e-06, -0.0006737886742169217, 4.4988835367388104e-08, 0.9999997730043845], "world_rotation": [-0.00030653154677580944, 0.2688994688339278, 0.9631682001079782, 0.0025057262305501525]}], "source": "action wait"}
{"timestamp": 1706068079.67193, "objects": [{"color": "cv_", "id_name": "hand", "shape": "CVCylinder", "id_string": "ob383", "world_size": [0.12, 0.005, 0.12], "id": 383, "camera_size": [49, 48], "camera_position": [246, 248], "world_position": [0.7185672214555249, 0.6706893773183906, -0.17410819057200191], "world_orientation": [-1.92855091125258e-07, -0.003481193413114458, 0.9999939406278339, -0.0007635715537245485, -0.9999936491083048, -0.0034811925455316244, 0.9999997084791802, -0.0007635675983264033, -2.46528639658216e-06], "world_rotation": [0.0, 1.0, 0.0, 0.0]}, {"color": "CVBlue", "id_name": "object259795217304605", "shape": "CVCone", "id_string": "ob681", "world_size": [0.1, 0.1, 0.1], "id": 681, "camera_size": [41, 44], "camera_position": [256, 323], "world_position": [0.532609151008105, 0.6498182735538552, -0.1500330625119581], "world_orientation": [0.9999937428073338, -0.0034728028802775333, 0.0006737850804635507, 0.003472802168974796, 0.9999939698018894, 2.2256438654966947e-06, -0.000673788746628458, 1.1429234965357255e-07, 0.9999997730043302], "world_rotation": [-0.0002984189837782626, 0.19046644247980418, 0.9816936616048805, 0.003537569716299337]}], "source": "action wait"}
