{"timestamp": 1709222593.889734, "objects": [{"color": "cv_", "id_name": "hand", "shape": "CVCylinder", "id_string": "ob382", "world_size": [0.12, 0.005, 0.12], "id": 382, "camera_size": [48, 50], "camera_position": [246, 426], "world_position": [0.2676445155400313, 0.633470301384731, -0.1738926040084781], "world_orientation": [-0.0006415511840482552, 0.19791547486654648, 0.9802188802611524, -0.0007473675317513638, -0.9802189031249406, 0.19791499033249324, 0.9999995149268078, -0.0006056111687284421, 0.0007767761978731271], "world_rotation": [0.0, 1.0, 0.0, 0.0]}, {"color": "CVBlue", "id_name": "object228435943395124", "shape": "CVCone", "id_string": "ob400", "world_size": [0.09, 0.09, 0.09], "id": 400, "camera_size": [37, 37], "camera_position": [256, 254], "world_position": [0.705, 0.6448569667806435, -0.15], "world_orientation": [1.0, -5.053903521130611e-17, -1.3537563024626779e-17, 5.053903521130611e-17, 1.0, -6.136882847087181e-17, 1.3537563024626779e-17, 6.136882847087181e-17, 1.0], "world_rotation": [-0.7609763537112164, 0.16786641696290353, -0.6266864089386478, -8.064485600844401e-17]}], "source": "manual check"}
{"timestamp": 1709222594.913323, "objects": [{"color": "cv_", "id_name": "hand", "shape": "CVCylinder", "id_string": "ob382", "world_size": [0.12, 0.005, 0.12], "id": 382, "camera_size": [48, 50], "camera_position": [246, 426], "world_position": [0.2676445155400313, 0.633470301384731, -0.1738926040084781], "world_orientation": [-0.0006415511840482552, 0.19791547486654648, 0.9802188802611524, -0.0007473675317513638, -0.9802189031249406, 0.19791499033249324, 0.9999995149268078, -0.0006056111687284421, 0.0007767761978731271], "world_rotation": [0.0, 1.0, 0.0, 0.0]}, {"color": "CVBlue", "id_name": "object228435943395124", "shape": "CVCone", "id_string": "ob400", "world_size": [0.09, 0.09, 0.09], "id": 400, "camera_size": [37, 37], "camera_position": [256, 254], "world_position": [0.705, 0.6448569696296074, -0.15], "world_orientation": [1.0, -4.331917303826236e-17, -1.1712398707441946e-17, 4.331917303826236e-17, 1.0, -5.775889738434995e-17, 1.1712398707441946e-17, 5.775889738434995e-17, 1.0], "world_rotation": [-0.7896765794068324, 0.16013129347666225, -0.5922574345551229, -7.314247236221149e-17]}], "source": "manual check"}
{"timestamp": 1709222596.983507, "objects": [{"color": "cv_", "id_name": "hand", "shape": "CVCylinder", "id_string": "ob382", "world_size": [0.12, 0.005, 0.12], "id": 382, "camera_size": [48, 50], "camera_position": [246, 426], "world_position": [0.2676445155400313, 0.633470301384731, -0.1738926040084781], "world_orientation": [-0.0006415511840482552, 0.19791547486654648, 0.9802188802611524, -0.0007473675317513638, -0.9802189031249406, 0.19791499033249324, 0.9999995149268078, -0.0006056111687284421, 0.0007767761978731271], "world_rotation": [0.0, 1.0, 0.0, 0.0]}, {"color": "CVBlue", "id_name": "object228435943395124", "shape": "CVCone", "id_string": "ob400", "world_size": [0.09, 0.09, 0.09], "id": 400, "camera_size": [37, 37], "camera_position": [256, 254], "world_position": [0.705, 0.6448569696296074, -0.15], "world_orientation": [1.0, -4.331917303826236e-17, -1.1712398707441946e-17, 4.331917303826236e-17, 1.0, -5.775889738434995e-17, 1.1712398707441946e-17, 5.775889738434995e-17, 1.0], "world_rotation": [-0.7896765794068324, 0.16013129347666225, -0.5922574345551229, -7.314247236221149e-17]}], "source": "action wait"}
{"timestamp": 1709222597.01523, "objects": [{"color": "cv_", "id_name": "hand", "shape": "CVCylinder", "id_string": "ob382", "world_size": [0.12, 0.005, 0.12], "id": 382, "camera_size": [49, 51], "camera_position": [246, 421], "world_position": [0.2919866493976528, 0.6685406134615333, -0.17395566690376], "world_orientation": [-0.00037646373790361305, 0.20623973734191545, 0.9785014200379024, -0.0007131355544153937, -0.9785012959315036, 0.20623943681568077, 0.9999996748563147, -0.0006201624833884982, 0.0005154471448421465], "world_rotation": [0.0, 1.0, 0.0, 0.0]}, {"color": "CVBlue", "id_name": "object228435943395124", "shape": "CVCone", "id_string": "ob400", "world_size": [0.09, 0.09, 0.09], "id": 400, "camera_size": [37, 37], "camera_position": [256, 254], "world_position": [0.705, 0.6448569696296074, -0.15], "world_orientation": [1.0, -4.331917303826236e-17, -1.1712398707441946e-17, 4.331917303826236e-17, 1.0, -5.775889738434995e-17, 1.1712398707441946e-17, 5.775889738434995e-17, 1.0], "world_rotation": [-0.7896765794068324, 0.16013129347666225, -0.5922574345551229, -7.314247236221149e-17]}], "source": "action wait"}
{"timestamp": 1709222597.052826, "objects": [{"color": "cv_", "id_name": "hand", "shape": "CVCylinder", "id_string": "ob382", "world_size": [0.12, 0.005, 0.12], "id": 382, "camera_size": [51, 52], "camera_position": [246, 405], "world_position": [0.3386397103181521, 0.7074386239695145, -0.17398341144886367], "world_orientation": [-0.00021196411924610564, 0.20085215455381245, 0.9796215427818559, -0.0007285588640999113, -0.9796213358150879, 0.20085195447852797, 0.9999997121365556, -0.0006711385508273358, 0.0003539771912149139], "world_rotation": [0.0, 1.0, 0.0, 0.0]}, {"color": "CVBlue", "id_name": "object228435943395124", "shape": "CVCone", "id_string": "ob400", "world_size": [0.09, 0.09, 0.09], "id": 400, "camera_size": [37, 37], "camera_position": [256, 254], "world_position": [0.705, 0.6448569696296074, -0.15], "world_orientation": [1.0, -4.331917303826236e-17, -1.1712398707441946e-17, 4.331917303826236e-17, 1.0, -5.775889738434995e-17, 1.1712398707441946e-17, 5.775889738434995e-17, 1.0], "world_rotation": [-0.7896765794068324, 0.16013129347666225, -0.5922574345551229, -7.314247236221149e-17]}], "source": "action wait"}
{"timestamp": 1709222597.09044, "objects": [{"color": "cv_", "id_name": "hand", "shape": "CVCylinder", "id_string": "ob382", "world_size": [0.12, 0.005, 0.12], "id": 382, "camera_size": [51, 53], "camera_position": [246, 388], "world_position": [0.3896481113350335, 0.7412617508898839, -0.17400399450417683], "world_orientation": [-0.00010489380767627109, 0.19698310392023544, 0.9804068776621464, -0.0007393842165918108, -0.980406630344219, 0.19698297512240534, 0.9999997211540959, -0.0007042350768737465, 0.00024848478250218294], "world_rotation": [0.0, 1.0, 0.0, 0.0]}, {"color": "CVBlue", "id_name": "object228435943395124", "shape": "CVCone", "id_string": "ob400", "world_size": [0.09, 0.09, 0.09], "id": 400, "camera_size": [37, 37], "camera_position": [256, 254], "world_position": [0.705, 0.6448569696296074, -0.15], "world_orientation": [1.0, -4.331917303826236e-17, -1.1712398707441946e-17, 4.331917303826236e-17, 1.0, -5.775889738434995e-17, 1.1712398707441946e-17, 5.775889738434995e-17, 1.0], "world_rotation": [-0.7896765794068324, 0.16013129347666225, -0.5922574345551229, -7.314247236221149e-17]}], "source": "action wait"}
{"timestamp": 1709222597.127001, "objects": [{"color": "cv_", "id_name": "hand", "shape": "CVCylinder", "id_string": "ob382", "world_size": [0.12, 0.005, 0.12], "id": 382, "camera_size": [52, 53], "camera_position": [245, 367], "world_position": [0.4440849454348029, 0.7696634923639618, -0.1740226105277952], "world_orientation": [-2.9520661970914853e-05, 0.19425146196580662, 0.9809517667310036, -0.0007465312424559668, -0.9809514980927594, 0.19425138630309785, 0.9999997209097783, -0.0007265767116949228, 0.0001739731228357085], "world_rotation": [0.0, 1.0, 0.0, 0.0]}, {"color": "CVBlue", "id_name": "object228435943395124", "shape": "CVCone", "id_string": "ob400", "world_size": [0.09, 0.09, 0.09], "id": 400, "camera_size": [37, 37], "camera_position": [256, 254], "world_position": [0.705, 0.6448569696296074, -0.15], "world_orientation": [1.0, -4.331917303826236e-17, -1.1712398707441946e-17, 4.331917303826236e-17, 1.0, -5.775889738434995e-17, 1.1712398707441946e-17, 5.775889738434995e-17, 1.0], "world_rotation": [-0.7896765794068324, 0.16013129347666225, -0.5922574345551229, -7.314247236221149e-17]}], "source": "action wait"}
{"timestamp": 1709222597.15875, "objects": [{"color": "cv_", "id_name": "hand", "shape": "CVCylinder", "id_string": "ob382", "world_size": [0.12, 0.005, 0.12], "id": 382, "camera_size": [53, 54], "camera_position": [245, 343], "world_position": [0.5012951352218364, 0.7923837102680239, -0.1740388585685338], "world_orientation": [2.3442686520602706e-05, 0.1923218179044216, 0.9813319101141972, -0.0007513303608368393, -0.9813316300167927, 0.19232178095908314, 0.9999997174765248, -0.0007418129973491815, 0.00012149217106811763], "world_rotation": [0.0, 1.0, 0.0, 0.0]}, {"color": "CVBlue", "id_name": "object228435943395124", "shape": "CVCone", "id_string": "ob400", "world_size": [0.09, 0.09, 0.09], "id": 400, "camera_size": [37, 37], "camera_position": [256, 254], "world_position": [0.705, 0.6448569696296074, -0.15], "world_orientation": [1.0, -4.331917303826236e-17, -1.1712398707441946e-17, 4.331917303826236e-17, 1.0, -5.775889738434995e-17, 1.1712398707441946e-17, 5.775889738434995e-17, 1.0], "world_rotation": [-0.7896765794068324, 0.16013129347666225, -0.5922574345551229, -7.314247236221149e-17]}], "source": "action wait"}
{"timestamp": 1709222597.18898, "objects": [{"color": "cv_", "id_name": "hand", "shape": "CVCylinder", "id_string": "ob382", "world_size": [0.12, 0.005, 0.12], "id": 382, "camera_size": [54, 54], "camera_position": [245, 318], "world_position": [0.560631847466594, 0.8092064199651494, -0.17405258401370968], "world_orientation": [6.0544674165887946e-05, 0.1909571238277326, 0.9815983767273571, -0.000754608070482015, -0.981598090324643, 0.19095711465581594, 0.9999997134504602, -0.0007522834933372935, 8.466725021630423e-05], "world_rotation": [0.0, 1.0, 0.0, 0.0]}, {"color": "CVBlue", "id_name": "object228435943395124", "shape": "CVCone", "id_string": "ob400", "world_size": [0.09, 0.09, 0.09], "id": 400, "camera_size": [37, 37], "camera_position": [256, 254], "world_position": [0.705, 0.6448569696296074, -0.15], "world_orientation": [1.0, -4.331917303826236e-17, -1.1712398707441946e-17, 4.331917303826236e-17, 1.0, -5.775889738434995e-17, 1.1712398707441946e-17, 5.775889738434995e-17, 1.0], "world_rotation": [-0.7896765794068324, 0.16013129347666225, -0.5922574345551229, -7.314247236221149e-17]}], "source": "action wait"}
{"timestamp": 1709222597.219357, "objects": [{"color": "cv_", "id_name": "hand", "shape": "CVCylinder", "id_string": "ob382", "world_size": [0.12, 0.005, 0.12], "id": 382, "camera_size": [54, 54], "camera_position": [245, 291], "world_position": [0.6216623343916272, 0.8138957565967266, -0.17406304871822512], "world_orientation": [8.080810143162765e-05, 0.1813434646734628, 0.9834198194516295, -0.0007644308875985307, -0.9834195241275002, 0.18134347302910914, 0.9999997045576909, -0.0007664105072281857, 5.915628100541415e-05], "world_rotation": [0.0, 1.0, 0.0, 0.0]}, {"color": "CVBlue", "id_name": "object228435943395124", "shape": "CVCone", "id_string": "ob400", "world_size": [0.09, 0.09, 0.09], "id": 400, "camera_size": [37, 37], "camera_position": [256, 254], "world_position": [0.705, 0.6448569696296074, -0.15], "world_orientation": [1.0, -4.331917303826236e-17, -1.1712398707441946e-17, 4.331917303826236e-17, 1.0, -5.775889738434995e-17, 1.1712398707441946e-17, 5.775889738434995e-17, 1.0], "world_rotation": [-0.7896765794068324, 0.16013129347666225, -0.5922574345551229, -7.314247236221149e-17]}], "source": "action wait"}
{"timestamp": 1709222597.247193, "objects": [{"color": "cv_", "id_name": "hand", "shape": "CVCylinder", "id_string": "ob382", "world_size": [0.12, 0.005, 0.12], "id": 382, "camera_size": [53, 53], "camera_position": [245, 263], "world_position": [0.6838056870951886, 0.7936081959456588, -0.17407079164810935], "world_orientation": [7.155387817398393e-05, 0.14537126750766755, 0.9893771724995764, -0.0007771433413924169, -0.9893768681805146, 0.14537127899810098, 0.9999996954640884, -0.0007792897605214255, 4.218056067982681e-05], "world_rotation": [0.0, 1.0, 0.0, 0.0]}, {"color": "CVBlue", "id_name": "object228435943395124", "shape": "CVCone", "id_string": "ob400", "world_size": [0.09, 0.09, 0.09], "id": 400, "camera_size": [37, 37], "camera_position": [256, 254], "world_position": [0.705, 0.6448569696296074, -0.15], "world_orientation": [1.0, -4.331917303826236e-17, -1.1712398707441946e-17, 4.331917303826236e-17, 1.0, -5.775889738434995e-17, 1.1712398707441946e-17, 5.775889738434995e-17, 1.0], "world_rotation": [-0.7896765794068324, 0.16013129347666225, -0.5922574345551229, -7.314247236221149e-17]}], "source": "action wait"}
{"timestamp": 1709222597.282865, "objects": [{"color": "cv_", "id_name": "hand", "shape": "CVCylinder", "id_string": "ob382", "world_size": [0.12, 0.005, 0.12], "id": 382, "camera_size": [52, 52], "camera_position": [245, 239], "world_position": [0.7379776260624551, 0.7621048654450224, -0.1740724994112467], "world_orientation": [3.873334522623049e-05, 0.10220401058245884, 0.9947634586777847, -0.0007767003636963936, -0.9947631562970001, 0.10220400975781531, 0.9999996976180909, -0.0007765918433407091, 4.0851387439838905e-05], "world_rotation": [0.0, 1.0, 0.0, 0.0]}, {"color": "CVBlue", "id_name": "object228435943395124", "shape": "CVCone", "id_string": "ob400", "world_size": [0.09, 0.09, 0.09], "id": 400, "camera_size": [37, 37], "camera_position": [256, 254], "world_position": [0.705, 0.6448569696296074, -0.15], "world_orientation": [1.0, -4.331917303826236e-17, -1.1712398707441946e-17, 4.331917303826236e-17, 1.0, -5.775889738434995e-17, 1.1712398707441946e-17, 5.775889738434995e-17, 1.0], "world_rotation": [-0.7896765794068324, 0.16013129347666225, -0.5922574345551229, -7.314247236221149e-17]}], "source": "action wait"}
{"timestamp": 1709222597.315699, "objects": [{"color": "cv_", "id_name": "hand", "shape": "CVCylinder", "id_string": "ob382", "world_size": [0.12, 0.005, 0.12], "id": 382, "camera_size": [51, 51], "camera_position": [246, 224], "world_position": [0.7751530161036301, 0.7363575724424328, -0.17407394521111694], "world_orientation": [1.3669285155971407e-05, 0.07158267751735892, 0.9974346695862323, -0.0007699273630737747, -0.9974343732922885, 0.07158266680472061, 0.9999997035124593, -0.0007689307288780072, 4.147924727019003e-05], "world_rotation": [0.0, 1.0, 0.0, 0.0]}, {"color": "CVBlue", "id_name": "object228435943395124", "shape": "CVCone", "id_string": "ob400", "world_size": [0.09, 0.09, 0.09], "id": 400, "camera_size": [37, 37], "camera_position": [256, 254], "world_position": [0.705, 0.6448569696296074, -0.15], "world_orientation": [1.0, -4.331917303826236e-17, -1.1712398707441946e-17, 4.331917303826236e-17, 1.0, -5.775889738434995e-17, 1.1712398707441946e-17, 5.775889738434995e-17, 1.0], "world_rotation": [-0.7896765794068324, 0.16013129347666225, -0.5922574345551229, -7.314247236221149e-17]}], "source": "action wait"}
{"timestamp": 1709222597.354932, "objects": [{"color": "cv_", "id_name": "hand", "shape": "CVCylinder", "id_string": "ob382", "world_size": [0.12, 0.005, 0.12], "id": 382, "camera_size": [51, 51], "camera_position": [246, 214], "world_position": [0.8006346088563432, 0.716569492257194, -0.1740774917723325], "world_orientation": [8.559757048911753e-08, 0.04995898559037517, 0.9987512702163504, -0.000764899727730959, -0.9987509780425419, 0.0499589710409737, 0.9999997074641568, -0.0007639488510263247, 3.8128123818930726e-05], "world_rotation": [0.0, 1.0, 0.0, 0.0]}, {"color": "CVBlue", "id_name": "object228435943395124", "shape": "CVCone", "id_string": "ob400", "world_size": [0.09, 0.09, 0.09], "id": 400, "camera_size": [37, 37], "camera_position": [256, 254], "world_position": [0.705, 0.6448569696296074, -0.15], "world_orientation": [1.0, -4.331917303826236e-17, -1.1712398707441946e-17, 4.331917303826236e-17, 1.0, -5.775889738434995e-17, 1.1712398707441946e-17, 5.775889738434995e-17, 1.0], "world_rotation": [-0.7896765794068324, 0.16013129347666225, -0.5922574345551229, -7.314247236221149e-17]}], "source": "action wait"}
{"timestamp": 1709222597.425077, "objects": [{"color": "cv_", "id_name": "hand", "shape": "CVCylinder", "id_string": "ob382", "world_size": [0.12, 0.005, 0.12], "id": 382, "camera_size": [49, 50], "camera_position": [246, 202], "world_position": [0.8303479717900086, 0.6911197114655524, -0.17408580691875972], "world_orientation": [-9.77911165296212e-06, 0.023950846449238807, 0.9997131372842583, -0.0007603080420528674, -0.9997128485588498, 0.02395083209476628, 0.9999997109179832, -0.0007598557201622442, 2.7986324736660305e-05], "world_rotation": [0.0, 1.0, 0.0, 0.0]}, {"color": "CVBlue", "id_name": "object228435943395124", "shape": "CVCone", "id_string": "ob400", "world_size": [0.09, 0.09, 0.09], "id": 400, "camera_size": [37, 37], "camera_position": [256, 254], "world_position": [0.705, 0.6448569696296074, -0.15], "world_orientation": [1.0, -4.331917303826236e-17, -1.1712398707441946e-17, 4.331917303826236e-17, 1.0, -5.775889738434995e-17, 1.1712398707441946e-17, 5.775889738434995e-17, 1.0], "world_rotation": [-0.7896765794068324, 0.16013129347666225, -0.5922574345551229, -7.314247236221149e-17]}], "source": "action wait"}
{"timestamp": 1709222597.455024, "objects": [{"color": "cv_", "id_name": "hand", "shape": "CVCylinder", "id_string": "ob382", "world_size": [0.12, 0.005, 0.12], "id": 382, "camera_size": [49, 49], "camera_position": [246, 199], "world_position": [0.8388040365821071, 0.6833929537759129, -0.17408947829314056], "world_orientation": [-1.0691087449096551e-05, 0.016370206452102673, 0.9998659991350923, -0.0007597771413510268, -0.9998657107331897, 0.01637019360633917, 0.9999997113121564, -0.000759500315385904, 2.3127360412676507e-05], "world_rotation": [0.0, 1.0, 0.0, 0.0]}, {"color": "CVBlue", "id_name": "object228435943395124", "shape": "CVCone", "id_string": "ob400", "world_size": [0.09, 0.09, 0.09], "id": 400, "camera_size": [37, 37], "camera_position": [256, 254], "world_position": [0.705, 0.6448569696296074, -0.15], "world_orientation": [1.0, -4.331917303826236e-17, -1.1712398707441946e-17, 4.331917303826236e-17, 1.0, -5.775889738434995e-17, 1.1712398707441946e-17, 5.775889738434995e-17, 1.0], "world_rotation": [-0.7896765794068324, 0.16013129347666225, -0.5922574345551229, -7.314247236221149e-17]}], "source": "action wait"}
{"timestamp": 1709222597.478689, "objects": [{"color": "cv_", "id_name": "hand", "shape": "CVCylinder", "id_string": "ob382", "world_size": [0.12, 0.005, 0.12], "id": 382, "camera_size": [49, 49], "camera_position": [246, 197], "world_position": [0.8447064679659472, 0.6778749419513936, -0.17409259116119227], "world_orientation": [-1.0535397990747846e-05, 0.011027321366817942, 0.9999391971877483, -0.0007598278103012173, -0.9999389086798764, 0.011027310179580738, 0.9999997112753104, -0.0007596654335323818, 1.8913619817382027e-05], "world_rotation": [0.0, 1.0, 0.0, 0.0]}, {"color": "CVBlue", "id_name": "object228435943395124", "shape": "CVCone", "id_string": "ob400", "world_size": [0.09, 0.09, 0.09], "id": 400, "camera_size": [37, 37], "camera_position": [256, 254], "world_position": [0.705, 0.6448569696296074, -0.15], "world_orientation": [1.0, -4.331917303826236e-17, -1.1712398707441946e-17, 4.331917303826236e-17, 1.0, -5.775889738434995e-17, 1.1712398707441946e-17, 5.775889738434995e-17, 1.0], "world_rotation": [-0.7896765794068324, 0.16013129347666225, -0.5922574345551229, -7.314247236221149e-17]}], "source": "action wait"}
{"timestamp": 1709222597.509637, "objects": [{"color": "cv_", "id_name": "hand", "shape": "CVCylinder", "id_string": "ob382", "world_size": [0.12, 0.005, 0.12], "id": 382, "camera_size": [49, 49], "camera_position": [246, 196], "world_position": [0.8488376702509184, 0.6739553959587012, -0.17409514376301877], "world_orientation": [-9.87267357215898e-06, 0.007261743554729655, 0.9999736331439324, -0.0007601700611965758, -0.99997334432548, 0.007261733952240427, 0.9999997110219625, -0.0007600783251734673, 1.5392570452145052e-05], "world_rotation": [0.0, 1.0, 0.0, 0.0]}, {"color": "CVBlue", "id_name": "object228435943395124", "shape": "CVCone", "id_string": "ob400", "world_size": [0.09, 0.09, 0.09], "id": 400, "camera_size": [37, 37], "camera_position": [256, 254], "world_position": [0.705, 0.6448569696296074, -0.15], "world_orientation": [1.0, -4.331917303826236e-17, -1.1712398707441946e-17, 4.331917303826236e-17, 1.0, -5.775889738434995e-17, 1.1712398707441946e-17, 5.775889738434995e-17, 1.0], "world_rotation": [-0.7896765794068324, 0.16013129347666225, -0.5922574345551229, -7.314247236221149e-17]}], "source": "action wait"}
{"timestamp": 1709222597.54378, "objects": [{"color": "cv_", "id_name": "hand", "shape": "CVCylinder", "id_string": "ob382", "world_size": [0.12, 0.005, 0.12], "id": 382, "camera_size": [49, 48], "camera_position": [246, 194], "world_position": [0.8517350861122673, 0.6711811170466171, -0.17409718945300967], "world_orientation": [-9.039481396053999e-06, 0.00460782079720221, 0.9999893838965437, -0.000760624104576322, -0.9999890946975959, 0.004607812588891215, 0.9999997106845879, -0.0007605743774763339, 1.2544202386061925e-05], "world_rotation": [0.0, 1.0, 0.0, 0.0]}, {"color": "CVBlue", "id_name": "object228435943395124", "shape": "CVCone", "id_string": "ob400", "world_size": [0.09, 0.09, 0.09], "id": 400, "camera_size": [37, 37], "camera_position": [256, 254], "world_position": [0.705, 0.6448569696296074, -0.15], "world_orientation": [1.0, -4.331917303826236e-17, -1.1712398707441946e-17, 4.331917303826236e-17, 1.0, -5.775889738434995e-17, 1.1712398707441946e-17, 5.775889738434995e-17, 1.0], "world_rotation": [-0.7896765794068324, 0.16013129347666225, -0.5922574345551229, -7.314247236221149e-17]}], "source": "action wait"}
{"timestamp": 1709222597.581906, "objects": [{"color": "cv_", "id_name": "hand", "shape": "CVCylinder", "id_string": "ob382", "world_size": [0.12, 0.005, 0.12], "id": 382, "camera_size": [49, 49], "camera_position": [246, 194], "world_position": [0.8537702657332964, 0.6692220319228435, -0.1740988020087375], "world_orientation": [-8.193567135442632e-06, 0.0027373409864662928, 0.9999962534415764, -0.0007610880118707876, -0.9999959638657759, 0.002737333957746868, 0.99999971033891, -0.0007610627318808708, 1.0276891474672885e-05], "world_rotation": [0.0, 1.0, 0.0, 0.0]}, {"color": "CVBlue", "id_name": "object228435943395124", "shape": "CVCone", "id_string": "ob400", "world_size": [0.09, 0.09, 0.09], "id": 400, "camera_size": [37, 37], "camera_position": [256, 254], "world_position": [0.705, 0.6448569696296074, -0.15], "world_orientation": [1.0, -4.331917303826236e-17, -1.1712398707441946e-17, 4.331917303826236e-17, 1.0, -5.775889738434995e-17, 1.1712398707441946e-17, 5.775889738434995e-17, 1.0], "world_rotation": [-0.7896765794068324, 0.16013129347666225, -0.5922574345551229, -7.314247236221149e-17]}], "source": "action wait"}
{"timestamp": 1709222597.613257, "objects": [{"color": "cv_", "id_name": "hand", "shape": "CVCylinder", "id_string": "ob382", "world_size": [0.12, 0.005, 0.12], "id": 382, "camera_size": [48, 48], "camera_position": [246, 193], "world_position": [0.8552013872104463, 0.6678406917835769, -0.1741000575052175], "world_orientation": [-7.422269873260467e-06, 0.0014189959525208393, 0.9999989931971917, -0.0007615106442689263, -0.9999987032837763, 0.0014189898889916891, 0.9999997100231824, -0.0007614993454523719, 8.502840771067077e-06], "world_rotation": [0.0, 1.0, 0.0, 0.0]}, {"color": "CVBlue", "id_name": "object228435943395124", "shape": "CVCone", "id_string": "ob400", "world_size": [0.09, 0.09, 0.09], "id": 400, "camera_size": [37, 37], "camera_position": [256, 254], "world_position": [0.705, 0.6448569696296074, -0.15], "world_orientation": [1.0, -4.331917303826236e-17, -1.1712398707441946e-17, 4.331917303826236e-17, 1.0, -5.775889738434995e-17, 1.1712398707441946e-17, 5.775889738434995e-17, 1.0], "world_rotation": [-0.7896765794068324, 0.16013129347666225, -0.5922574345551229, -7.314247236221149e-17]}], "source": "action wait"}
{"timestamp": 1709222597.647238, "objects": [{"color": "cv_", "id_name": "hand", "shape": "CVCylinder", "id_string": "ob382", "world_size": [0.12, 0.005, 0.12], "id": 382, "camera_size": [48, 49], "camera_position": [246, 193], "world_position": [0.8562085543471756, 0.6668676466118144, -0.17410102570209343], "world_orientation": [-6.757681871651373e-06, 0.0004897779470593289, 0.999999880035941, -0.0007618713278387633, -0.9999995898373283, 0.00048977265644206, 0.9999997097531647, -0.0007618679267141869, 7.130826875139528e-06], "world_rotation": [0.0, 1.0, 0.0, 0.0]}, {"color": "CVBlue", "id_name": "object228435943395124", "shape": "CVCone", "id_string": "ob400", "world_size": [0.09, 0.09, 0.09], "id": 400, "camera_size": [37, 37], "camera_position": [256, 254], "world_position": [0.705, 0.6448569696296074, -0.15], "world_orientation": [1.0, -4.331917303826236e-17, -1.1712398707441946e-17, 4.331917303826236e-17, 1.0, -5.775889738434995e-17, 1.1712398707441946e-17, 5.775889738434995e-17, 1.0], "world_rotation": [-0.7896765794068324, 0.16013129347666225, -0.5922574345551229, -7.314247236221149e-17]}], "source": "action wait"}
{"timestamp": 1709222597.686039, "objects": [{"color": "cv_", "id_name": "hand", "shape": "CVCylinder", "id_string": "ob382", "world_size": [0.12, 0.005, 0.12], "id": 382, "camera_size": [48, 49], "camera_position": [246, 193], "world_position": [0.8569177763996415, 0.6661826095561395, -0.17410176668994226], "world_orientation": [-6.205316338878336e-06, -0.00016518796216863376, 0.9999999863372157, -0.0007621664090920065, -0.9999996959068316, -0.00016519264367629544, 0.9999997095318872, -0.0007621674237517013, 6.079413736297175e-06], "world_rotation": [0.0, 1.0, 0.0, 0.0]}, {"color": "CVBlue", "id_name": "object228435943395124", "shape": "CVCone", "id_string": "ob400", "world_size": [0.09, 0.09, 0.09], "id": 400, "camera_size": [37, 37], "camera_position": [256, 254], "world_position": [0.705, 0.6448569696296074, -0.15], "world_orientation": [1.0, -4.331917303826236e-17, -1.1712398707441946e-17, 4.331917303826236e-17, 1.0, -5.775889738434995e-17, 1.1712398707441946e-17, 5.775889738434995e-17, 1.0], "world_rotation": [-0.7896765794068324, 0.16013129347666225, -0.5922574345551229, -7.314247236221149e-17]}], "source": "action wait"}
{"timestamp": 1709222597.7201, "objects": [{"color": "cv_", "id_name": "hand", "shape": "CVCylinder", "id_string": "ob382", "world_size": [0.12, 0.005, 0.12], "id": 382, "camera_size": [48, 48], "camera_position": [246, 192], "world_position": [0.8574174070538317, 0.6657004900700461, -0.17410233028510613], "world_orientation": [-5.757494275379925e-06, -0.0006268581916864651, 0.9999998035078101, -0.0007624008015623231, -0.9999995128941567, -0.000626862399031652, 0.9999997093558922, -0.0007624042609135895, 5.27957428342738e-06], "world_rotation": [0.0, 1.0, 0.0, 0.0]}, {"color": "CVBlue", "id_name": "object228435943395124", "shape": "CVCone", "id_string": "ob400", "world_size": [0.09, 0.09, 0.09], "id": 400, "camera_size": [37, 37], "camera_position": [256, 254], "world_position": [0.705, 0.6448569696296074, -0.15], "world_orientation": [1.0, -4.331917303826236e-17, -1.1712398707441946e-17, 4.331917303826236e-17, 1.0, -5.775889738434995e-17, 1.1712398707441946e-17, 5.775889738434995e-17, 1.0], "world_rotation": [-0.7896765794068324, 0.16013129347666225, -0.5922574345551229, -7.314247236221149e-17]}], "source": "action wait"}
{"timestamp": 1709222597.746616, "objects": [{"color": "cv_", "id_name": "hand", "shape": "CVCylinder", "id_string": "ob382", "world_size": [0.12, 0.005, 0.12], "id": 382, "camera_size": [48, 48], "camera_position": [246, 192], "world_position": [0.8577694955869551, 0.6653612326066016, -0.17410275674549752], "world_orientation": [-5.400990115811517e-06, -0.0009522873228269084, 0.9999995465597393, -0.0007625829941381642, -0.9999992558040807, -0.000952291164648535, 0.9999997092189609, -0.0007625877916678902, 4.6747879788596105e-06], "world_rotation": [0.0, 1.0, 0.0, 0.0]}, {"color": "CVBlue", "id_name": "object228435943395124", "shape": "CVCone", "id_string": "ob400", "world_size": [0.09, 0.09, 0.09], "id": 400, "camera_size": [37, 37], "camera_position": [256, 254], "world_position": [0.705, 0.6448569696296074, -0.15], "world_orientation": [1.0, -4.331917303826236e-17, -1.1712398707441946e-17, 4.331917303826236e-17, 1.0, -5.775889738434995e-17, 1.1712398707441946e-17, 5.775889738434995e-17, 1.0], "world_rotation": [-0.7896765794068324, 0.16013129347666225, -0.5922574345551229, -7.314247236221149e-17]}], "source": "action wait"}
{"timestamp": 1709222597.77394, "objects": [{"color": "cv_", "id_name": "hand", "shape": "CVCylinder", "id_string": "ob382", "world_size": [0.12, 0.005, 0.12], "id": 382, "camera_size": [48, 48], "camera_position": [246, 192], "world_position": [0.8580176685508039, 0.6651225132125648, -0.17410307802270658], "world_orientation": [-5.121132073687054e-06, -0.001181686334485851, 0.9999993017953468, -0.0007627222922132983, -0.9999990109313575, -0.0011816898967796307, 0.9999997091141973, -0.000762727811267426, 4.219828499183489e-06], "world_rotation": [0.0, 1.0, 0.0, 0.0]}, {"color": "CVBlue", "id_name": "object228435943395124", "shape": "CVCone", "id_string": "ob400", "world_size": [0.09, 0.09, 0.09], "id": 400, "camera_size": [37, 37], "camera_position": [256, 254], "world_position": [0.705, 0.6448569696296074, -0.15], "world_orientation": [1.0, -4.331917303826236e-17, -1.1712398707441946e-17, 4.331917303826236e-17, 1.0, -5.775889738434995e-17, 1.1712398707441946e-17, 5.775889738434995e-17, 1.0], "world_rotation": [-0.7896765794068324, 0.16013129347666225, -0.5922574345551229, -7.314247236221149e-17]}], "source": "action wait"}
{"timestamp": 1709222598.96479, "objects": [{"color": "cv_", "id_name": "hand", "shape": "CVCylinder", "id_string": "ob382", "world_size": [0.12, 0.005, 0.12], "id": 382, "camera_size": [48, 49], "camera_position": [246, 192], "world_position": [0.8586110813970242, 0.6645551408598901, -0.17410401606290724], "world_orientation": [-4.225710523843142e-06, -0.0017297881534272044, 0.9999985039064248, -0.0007631196833153803, -0.9999982127343426, -0.0017297908744878566, 0.9999997088152038, -0.0007631258512127916, 2.9056675838934065e-06], "world_rotation": [0.0, 1.0, 0.0, 0.0]}, {"color": "CVBlue", "id_name": "object228435943395124", "shape": "CVCone", "id_string": "ob400", "world_size": [0.09, 0.09, 0.09], "id": 400, "camera_size": [37, 37], "camera_position": [256, 254], "world_position": [0.705, 0.6448569696296074, -0.15], "world_orientation": [1.0, -4.331917303826236e-17, -1.1712398707441946e-17, 4.331917303826236e-17, 1.0, -5.775889738434995e-17, 1.1712398707441946e-17, 5.775889738434995e-17, 1.0], "world_rotation": [-0.7896765794068324, 0.16013129347666225, -0.5922574345551229, -7.314247236221149e-17]}], "source": "action wait"}
{"timestamp": 1709222598.997456, "objects": [{"color": "cv_", "id_name": "hand", "shape": "CVCylinder", "id_string": "ob382", "world_size": [0.12, 0.005, 0.12], "id": 382, "camera_size": [48, 48], "camera_position": [246, 205], "world_position": [0.8258731027961809, 0.6516711786514454, -0.17408815509705447], "world_orientation": [-4.6114832604028704e-05, -0.022637023920487876, 0.9997437486783529, -0.0007600999001808828, -0.9997434601459521, -0.02263705244816252, 0.9999997100607401, -0.000760949027461546, 2.889660268960386e-05], "world_rotation": [0.0, 1.0, 0.0, 0.0]}, {"color": "CVBlue", "id_name": "object228435943395124", "shape": "CVCone", "id_string": "ob400", "world_size": [0.09, 0.09, 0.09], "id": 400, "camera_size": [37, 37], "camera_position": [256, 254], "world_position": [0.705, 0.6448569696296074, -0.15], "world_orientation": [1.0, -4.331917303826236e-17, -1.1712398707441946e-17, 4.331917303826236e-17, 1.0, -5.775889738434995e-17, 1.1712398707441946e-17, 5.775889738434995e-17, 1.0], "world_rotation": [-0.7896765794068324, 0.16013129347666225, -0.5922574345551229, -7.314247236221149e-17]}], "source": "action wait"}
{"timestamp": 1709222599.030066, "objects": [{"color": "cv_", "id_name": "hand", "shape": "CVCylinder", "id_string": "ob382", "world_size": [0.12, 0.005, 0.12], "id": 382, "camera_size": [48, 48], "camera_position": [246, 219], "world_position": [0.7917138876928231, 0.6583665196063937, -0.17409753365443825], "world_orientation": [-3.354371312837527e-05, -0.01648423439048304, 0.9998641252147109, -0.0007581346094274805, -0.9998638380129835, -0.016484255089644413, 0.9999997120533252, -0.0007585845411744411, 2.1041877148763488e-05], "world_rotation": [0.0, 1.0, 0.0, 0.0]}, {"color": "CVBlue", "id_name": "object228435943395124", "shape": "CVCone", "id_string": "ob400", "world_size": [0.09, 0.09, 0.09], "id": 400, "camera_size": [37, 38], "camera_position": [256, 263], "world_position": [0.6807733060149813, 0.6461708390362393, -0.15000332895648213], "world_orientation": [0.999478984788051, -0.03227615382813248, 9.413346719443063e-05, 0.032276155077997665, 0.9994789891110339, -1.1788418650367197e-05, -9.370393781925653e-05, 1.4820543090122523e-05, 0.9999999954999618], "world_rotation": [0.00041220596566718, 0.002909835403471068, 0.9999956814627583, 0.032281900488897175]}], "source": "action wait"}
{"timestamp": 1709222599.064773, "objects": [{"color": "cv_", "id_name": "hand", "shape": "CVCylinder", "id_string": "ob382", "world_size": [0.12, 0.005, 0.12], "id": 382, "camera_size": [48, 49], "camera_position": [246, 229], "world_position": [0.7671603983628867, 0.6617418594656228, -0.1741036573029102], "world_orientation": [-1.7310096789663485e-05, -0.01207779491448521, 0.9999270606251058, -0.0007619947737600342, -0.9999267703187218, -0.012077804599133553, 0.9999997095321206, -0.0007621482623045595, 8.105612573771366e-06], "world_rotation": [0.0, 1.0, 0.0, 0.0]}, {"color": "CVBlue", "id_name": "object228435943395124", "shape": "CVCone", "id_string": "ob400", "world_size": [0.09, 0.09, 0.09], "id": 400, "camera_size": [37, 39], "camera_position": [256, 282], "world_position": [0.6358354180182324, 0.6466985353209407, -0.15000356628968955], "world_orientation": [0.9990353490095247, -0.04391312344232873, 9.496818409096163e-05, 0.04391312423365622, 0.9990353534689455, -6.262487241398483e-06, -9.46015679863302e-05, 1.0426795793109352e-05, 0.9999999954709127], "world_rotation": [0.0001900256961620579, 0.0021584584571591467, 0.9999976524709064, 0.04392735268941969]}], "source": "action wait"}
{"timestamp": 1709222599.101058, "objects": [{"color": "cv_", "id_name": "hand", "shape": "CVCylinder", "id_string": "ob382", "world_size": [0.12, 0.005, 0.12], "id": 382, "camera_size": [48, 49], "camera_position": [246, 236], "world_position": [0.7497920811861534, 0.6633653560997104, -0.17410673225744291], "world_orientation": [-8.303224309987729e-06, -0.008986616130302357, 0.9999596195154998, -0.0007634501059748122, -0.9999593280766965, -0.008986619850501048, 0.9999997085374536, -0.0007634938954104089, 1.4420535652136545e-06], "world_rotation": [0.0, 1.0, 0.0, 0.0]}, {"color": "CVBlue", "id_name": "object228435943395124", "shape": "CVCone", "id_string": "ob400", "world_size": [0.09, 0.09, 0.09], "id": 400, "camera_size": [37, 39], "camera_position": [256, 298], "world_position": [0.5951249550525406, 0.6440372626617541, -0.15000404834971362], "world_orientation": [0.9998492221356022, 0.01736443408439052, 9.707605477888992e-05, -0.017364433775738344, 0.9998492268454657, -4.021483591634006e-06, -9.713124910262956e-05, 2.335206516508498e-06, 0.9999999952800338], "world_rotation": [0.0001830347778025816, 0.005592012526780151, -0.99998434782459, 0.01736557851590124]}], "source": "action wait"}
{"timestamp": 1709222599.138643, "objects": [{"color": "cv_", "id_name": "hand", "shape": "CVCylinder", "id_string": "ob382", "world_size": [0.12, 0.005, 0.12], "id": 382, "camera_size": [48, 49], "camera_position": [246, 241], "world_position": [0.7375398942828565, 0.6641388934209208, -0.1741080469475825], "world_orientation": [-3.234547942442087e-06, -0.00681713488968881, 0.9999767630607392, -0.0007638568541302139, -0.9999764713172165, -0.006817135371576326, 0.9999997082560796, -0.0007638611547864502, -1.9728433728665907e-06], "world_rotation": [0.0, 1.0, 0.0, 0.0]}, {"color": "CVBlue", "id_name": "object228435943395124", "shape": "CVCone", "id_string": "ob400", "world_size": [0.09, 0.09, 0.09], "id": 400, "camera_size": [37, 39], "camera_position": [256, 310], "world_position": [0.5667278743511865, 0.6448907846435887, -0.15000401464141733], "world_orientation": [0.9999970353004926, -0.002433093086833055, 9.720214357712748e-05, 0.002433093382891554, 0.9999970400196289, -2.927667152187661e-06, -9.719473257398184e-05, 3.1641603648773846e-06, 0.999999995271586], "world_rotation": [0.0012508702001059913, 0.03991663563847442, 0.999202230543471, 0.0024350382384644834]}], "source": "action wait"}
{"timestamp": 1709222599.171799, "objects": [{"color": "cv_", "id_name": "hand", "shape": "CVCylinder", "id_string": "ob382", "world_size": [0.12, 0.005, 0.12], "id": 382, "camera_size": [48, 48], "camera_position": [246, 244], "world_position": [0.7289073087803507, 0.664503642608241, -0.17410837913879654], "world_orientation": [-9.382743581185933e-07, -0.005293711681842419, 0.9999859882097095, -0.0007638501245273364, -0.9999856964768944, -0.005293710854182045, 0.9999997082660109, -0.0007638443885730962, -3.1053413895355106e-06], "world_rotation": [0.0, 1.0, 0.0, 0.0]}, {"color": "CVBlue", "id_name": "object228435943395124", "shape": "CVCone", "id_string": "ob400", "world_size": [0.09, 0.09, 0.09], "id": 400, "camera_size": [37, 39], "camera_position": [256, 318], "world_position": [0.545231220662284, 0.6444243431948214, -0.15000410614901397], "world_orientation": [0.9999717728855676, 0.007512918460465802, 9.740791208477842e-05, -0.007512918289943772, 0.9999717776288937, -2.1163931578750314e-06, -9.742106329176023e-05, 1.3845157339168952e-06, 0.9999999952536099], "world_rotation": [0.00023297301831555652, 0.012965174430908086, -0.9999159214531734, 0.007513620799660584]}], "source": "action wait"}
{"timestamp": 1709222599.194993, "objects": [{"color": "cv_", "id_name": "hand", "shape": "CVCylinder", "id_string": "ob382", "world_size": [0.12, 0.005, 0.12], "id": 382, "camera_size": [48, 48], "camera_position": [246, 246], "world_position": [0.7228282217706821, 0.6646735909318215, -0.17410819524025353], "world_orientation": [-1.6874593169295565e-07, -0.004223496280841792, 0.9999910809997943, -0.000763713084908392, -0.9999907893729847, -0.004223495178020324, 0.9999997083711053, -0.0007637069860492364, -3.0567949959437136e-06], "world_rotation": [0.0, 1.0, 0.0, 0.0]}, {"color": "CVBlue", "id_name": "object228435943395124", "shape": "CVCone", "id_string": "ob400", "world_size": [0.09, 0.09, 0.09], "id": 400, "camera_size": [37, 40], "camera_position": [256, 322], "world_position": [0.5342450133138701, 0.6447615269603083, -0.1500041145714081], "world_orientation": [0.9999999762844316, -0.00019478233661680052, 9.742164899396933e-05, 0.00019478245232979862, 0.9999999810292038, -1.1782678565658297e-06, -9.742141764003687e-05, 1.1972438563197336e-06, 0.999999995253817], "world_rotation": [0.00545367127724132, 0.4473183736824142, 0.8943581665282204, 0.00021779014638984793]}], "source": "action wait"}
