{"timestamp": 1709222614.887415, "objects": [{"color": "cv_", "id_name": "hand", "shape": "CVCylinder", "id_string": "ob382", "world_size": [0.12, 0.005, 0.12], "id": 382, "camera_size": [48, 50], "camera_position": [246, 426], "world_position": [0.267644515540032, 0.6334703013847316, -0.17389260400847473], "world_orientation": [-0.0006415489640394295, 0.19791547486654712, 0.9802188802626053, -0.0007473670835112412, -0.9802189031249406, 0.19791499033418639, 0.9999995149285671, -0.0006056111687280282, 0.0007767739330648547], "world_rotation": [0.0, 1.0, 0.0, 0.0]}, {"color": "CVBlue", "id_name": "object123043638429037", "shape": "CVCylinder", "id_string": "ob414", "world_size": [0.09, 0.09, 0.09], "id": 414, "camera_size": [37, 37], "camera_position": [256, 254], "world_position": [0.705, 0.6448569667806435, -0.15], "world_orientation": [1.0, -5.053903521130611e-17, -1.3537563024626779e-17, 5.053903521130611e-17, 1.0, -6.136882847087181e-17, 1.3537563024626779e-17, 6.136882847087181e-17, 1.0], "world_rotation": [-0.7609763537112164, 0.16786641696290353, -0.6266864089386478, -8.064485600844401e-17]}], "source": "manual check"}
{"timestamp": 1709222615.910624, "objects": [{"color": "cv_", "id_name": "hand", "shape": "CVCylinder", "id_string": "ob382", "world_size": [0.12, 0.005, 0.12], "id": 382, "camera_size": [48, 50], "camera_position": [246, 426], "world_position": [0.267644515540032, 0.6334703013847316, -0.17389260400847473], "world_orientation": [-0.0006415489640394295, 0.19791547486654712, 0.9802188802626053, -0.0007473670835112412, -0.9802189031249406, 0.19791499033418639, 0.9999995149285671, -0.0006056111687280282, 0.0007767739330648547], "world_rotation": [0.0, 1.0, 0.0, 0.0]}, {"color": "CVBlue", "id_name": "object123043638429037", "shape": "CVCylinder", "id_string": "ob414", "world_size": [0.09, 0.09, 0.09], "id": 414, "camera_size": [37, 37], "camera_position": [256, 254], "world_position": [0.705, 0.6448569696296074, -0.15], "world_orientation": [1.0, -4.331917303826236e-17, -1.1712398707441946e-17, 4.331917303826236e-17, 1.0, -5.775889738434995e-17, 1.1712398707441946e-17, 5.775889738434995e-17, 1.0], "world_rotation": [-0.7896765794068324, 0.16013129347666225, -0.5922574345551229, -7.314247236221149e-17]}], "source": "manual check"}
{"timestamp": 1709222618.66715, "objects": [{"color": "cv_", "id_name": "hand", "shape": "CVCylinder", "id_string": "ob382", "world_size": [0.12, 0.005, 0.12], "id": 382, "camera_size": [48, 50], "camera_position": [246, 426], "world_position": [0.267644515540032, 0.6334703013847316, -0.17389260400847473], "world_orientation": [-0.0006415489640394295, 0.19791547486654712, 0.9802188802626053, -0.0007473670835112412, -0.9802189031249406, 0.19791499033418639, 0.9999995149285671, -0.0006056111687280282, 0.0007767739330648547], "world_rotation": [0.0, 1.0, 0.0, 0.0]}, {"color": "CVBlue", "id_name": "object123043638429037", "shape": "CVCylinder", "id_string": "ob414", "world_size": [0.09, 0.09, 0.09], "id": 414, "camera_size": [37, 37], "camera_position": [256, 254], "world_position": [0.705, 0.6448569696296074, -0.15], "world_orientation": [1.0, -4.331917303826236e-17, -1.1712398707441946e-17, 4.331917303826236e-17, 1.0, -5.775889738434995e-17, 1.1712398707441946e-17, 5.775889738434995e-17, 1.0], "world_rotation": [-0.7896765794068324, 0.16013129347666225, -0.5922574345551229, -7.314247236221149e-17]}], "source": "action wait"}
{"timestamp": 1709222618.700504, "objects": [{"color": "cv_", "id_name": "hand", "shape": "CVCylinder", "id_string": "ob382", "world_size": [0.12, 0.005, 0.12], "id": 382, "camera_size": [49, 51], "camera_position": [246, 421], "world_position": [0.2920018158172009, 0.6685510275070602, -0.17395565793791548], "world_orientation": [-0.0003763713961239882, 0.20637912250203988, 0.9784720313528947, -0.0007131064718907271, -0.9784719072597396, 0.20637882203038072, 0.9999996749118132, -0.0006200796527440924, 0.0005154391257232153], "world_rotation": [0.0, 1.0, 0.0, 0.0]}, {"color": "CVBlue", "id_name": "object123043638429037", "shape": "CVCylinder", "id_string": "ob414", "world_size": [0.09, 0.09, 0.09], "id": 414, "camera_size": [37, 37], "camera_position": [256, 254], "world_position": [0.705, 0.6448569696296074, -0.15], "world_orientation": [1.0, -4.331917303826236e-17, -1.1712398707441946e-17, 4.331917303826236e-17, 1.0, -5.775889738434995e-17, 1.1712398707441946e-17, 5.775889738434995e-17, 1.0], "world_rotation": [-0.7896765794068324, 0.16013129347666225, -0.5922574345551229, -7.314247236221149e-17]}], "source": "action wait"}
{"timestamp": 1709222618.736071, "objects": [{"color": "cv_", "id_name": "hand", "shape": "CVCylinder", "id_string": "ob382", "world_size": [0.12, 0.005, 0.12], "id": 382, "camera_size": [51, 52], "camera_position": [246, 405], "world_position": [0.33866548855976497, 0.7074649135055184, -0.17398340133807325], "world_orientation": [-0.00021177913339171902, 0.20110214424691042, 0.979570254105796, -0.0007285059224070926, -0.9795700471601244, 0.20110194426169228, 0.9999997122143186, -0.0006710335360510445, 0.00035395659877712613], "world_rotation": [0.0, 1.0, 0.0, 0.0]}, {"color": "CVBlue", "id_name": "object123043638429037", "shape": "CVCylinder", "id_string": "ob414", "world_size": [0.09, 0.09, 0.09], "id": 414, "camera_size": [37, 37], "camera_position": [256, 254], "world_position": [0.705, 0.6448569696296074, -0.15], "world_orientation": [1.0, -4.331917303826236e-17, -1.1712398707441946e-17, 4.331917303826236e-17, 1.0, -5.775889738434995e-17, 1.1712398707441946e-17, 5.775889738434995e-17, 1.0], "world_rotation": [-0.7896765794068324, 0.16013129347666225, -0.5922574345551229, -7.314247236221149e-17]}], "source": "action wait"}
{"timestamp": 1709222618.774017, "objects": [{"color": "cv_", "id_name": "hand", "shape": "CVCylinder", "id_string": "ob382", "world_size": [0.12, 0.005, 0.12], "id": 382, "camera_size": [51, 53], "camera_position": [246, 388], "world_position": [0.38968148602813196, 0.7412992428308584, -0.17400398470676892], "world_orientation": [-0.00010463433847915199, 0.1973113026076313, 0.9803408789369823, -0.0007393208108261149, -0.9803406316423328, 0.19731117392547998, 0.9999997212281582, -0.0007041408893437228, 0.00024845364570558935], "world_rotation": [0.0, 1.0, 0.0, 0.0]}, {"color": "CVBlue", "id_name": "object123043638429037", "shape": "CVCylinder", "id_string": "ob414", "world_size": [0.09, 0.09, 0.09], "id": 414, "camera_size": [37, 37], "camera_position": [256, 254], "world_position": [0.705, 0.6448569696296074, -0.15], "world_orientation": [1.0, -4.331917303826236e-17, -1.1712398707441946e-17, 4.331917303826236e-17, 1.0, -5.775889738434995e-17, 1.1712398707441946e-17, 5.775889738434995e-17, 1.0], "world_rotation": [-0.7896765794068324, 0.16013129347666225, -0.5922574345551229, -7.314247236221149e-17]}], "source": "action wait"}
{"timestamp": 1709222618.807474, "objects": [{"color": "cv_", "id_name": "hand", "shape": "CVCylinder", "id_string": "ob382", "world_size": [0.12, 0.005, 0.12], "id": 382, "camera_size": [52, 53], "camera_position": [245, 367], "world_position": [0.44412374088501777, 0.7697088540558125, -0.17402260177407558], "world_orientation": [-2.9212007003698427e-05, 0.1946349154377409, 0.9808757560665888, -0.0007464620604940291, -0.9808754874544672, 0.19463483990630723, 0.9999997209704865, -0.0007265008636558837, 0.0001739409216314414], "world_rotation": [0.0, 1.0, 0.0, 0.0]}, {"color": "CVBlue", "id_name": "object123043638429037", "shape": "CVCylinder", "id_string": "ob414", "world_size": [0.09, 0.09, 0.09], "id": 414, "camera_size": [37, 37], "camera_position": [256, 254], "world_position": [0.705, 0.6448569696296074, -0.15], "world_orientation": [1.0, -4.331917303826236e-17, -1.1712398707441946e-17, 4.331917303826236e-17, 1.0, -5.775889738434995e-17, 1.1712398707441946e-17, 5.775889738434995e-17, 1.0], "world_rotation": [-0.7896765794068324, 0.16013129347666225, -0.5922574345551229, -7.314247236221149e-17]}], "source": "action wait"}
{"timestamp": 1709222618.839918, "objects": [{"color": "cv_", "id_name": "hand", "shape": "CVCylinder", "id_string": "ob382", "world_size": [0.12, 0.005, 0.12], "id": 382, "camera_size": [53, 54], "camera_position": [245, 343], "world_position": [0.501337785216399, 0.7924346097490963, -0.17403885089916046], "world_orientation": [2.3788350209280256e-05, 0.1927442934654649, 0.9812490187361276, -0.0007512569385259305, -0.981248738667072, 0.19274425666486875, 0.9999997175235236, -0.0007417552016259529, 0.00012145819918980929], "world_rotation": [0.0, 1.0, 0.0, 0.0]}, {"color": "CVBlue", "id_name": "object123043638429037", "shape": "CVCylinder", "id_string": "ob414", "world_size": [0.09, 0.09, 0.09], "id": 414, "camera_size": [37, 37], "camera_position": [256, 254], "world_position": [0.705, 0.6448569696296074, -0.15], "world_orientation": [1.0, -4.331917303826236e-17, -1.1712398707441946e-17, 4.331917303826236e-17, 1.0, -5.775889738434995e-17, 1.1712398707441946e-17, 5.775889738434995e-17, 1.0], "world_rotation": [-0.7896765794068324, 0.16013129347666225, -0.5922574345551229, -7.314247236221149e-17]}], "source": "action wait"}
{"timestamp": 1709222618.870979, "objects": [{"color": "cv_", "id_name": "hand", "shape": "CVCylinder", "id_string": "ob382", "world_size": [0.12, 0.005, 0.12], "id": 382, "camera_size": [54, 54], "camera_position": [245, 318], "world_position": [0.560677232023147, 0.8092612219752486, -0.17405257720712522], "world_orientation": [6.08922686859297e-05, 0.1914071502785226, 0.9815107228728511, -0.0007545364208140807, -0.981510436498782, 0.19140714124284985, 0.9999997134834196, -0.0007522408029003731, 8.465726887247863e-05], "world_rotation": [0.0, 1.0, 0.0, 0.0]}, {"color": "CVBlue", "id_name": "object123043638429037", "shape": "CVCylinder", "id_string": "ob414", "world_size": [0.09, 0.09, 0.09], "id": 414, "camera_size": [37, 37], "camera_position": [256, 254], "world_position": [0.705, 0.6448569696296074, -0.15], "world_orientation": [1.0, -4.331917303826236e-17, -1.1712398707441946e-17, 4.331917303826236e-17, 1.0, -5.775889738434995e-17, 1.1712398707441946e-17, 5.775889738434995e-17, 1.0], "world_rotation": [-0.7896765794068324, 0.16013129347666225, -0.5922574345551229, -7.314247236221149e-17]}], "source": "action wait"}
{"timestamp": 1709222618.896078, "objects": [{"color": "cv_", "id_name": "hand", "shape": "CVCylinder", "id_string": "ob382", "world_size": [0.12, 0.005, 0.12], "id": 382, "camera_size": [54, 54], "camera_position": [245, 291], "world_position": [0.6217149683004337, 0.8138071543652312, -0.17406303280022628], "world_orientation": [8.103007230393515e-05, 0.18160751448434476, 0.9833710917639108, -0.0007644480873624487, -0.9833707964112137, 0.18160752292979837, 0.9999997045265809, -0.0007664518209806789, 5.914691036385099e-05], "world_rotation": [0.0, 1.0, 0.0, 0.0]}, {"color": "CVBlue", "id_name": "object123043638429037", "shape": "CVCylinder", "id_string": "ob414", "world_size": [0.09, 0.09, 0.09], "id": 414, "camera_size": [37, 37], "camera_position": [256, 254], "world_position": [0.705, 0.6448569696296074, -0.15], "world_orientation": [1.0, -4.331917303826236e-17, -1.1712398707441946e-17, 4.331917303826236e-17, 1.0, -5.775889738434995e-17, 1.1712398707441946e-17, 5.775889738434995e-17, 1.0], "world_rotation": [-0.7896765794068324, 0.16013129347666225, -0.5922574345551229, -7.314247236221149e-17]}], "source": "action wait"}
{"timestamp": 1709222618.923939, "objects": [{"color": "cv_", "id_name": "hand", "shape": "CVCylinder", "id_string": "ob382", "world_size": [0.12, 0.005, 0.12], "id": 382, "camera_size": [53, 53], "camera_position": [245, 263], "world_position": [0.6838575925322312, 0.7934157089999787, -0.17407077809511098], "world_orientation": [7.165567932013242e-05, 0.14550385507547312, 0.9893576820461037, -0.000777146761228774, -0.9893573777185403, 0.14550386660431236, 0.9999996954541414, -0.0007793022967044944, 4.2184774727811676e-05], "world_rotation": [0.0, 1.0, 0.0, 0.0]}, {"color": "CVBlue", "id_name": "object123043638429037", "shape": "CVCylinder", "id_string": "ob414", "world_size": [0.09, 0.09, 0.09], "id": 414, "camera_size": [37, 37], "camera_position": [256, 254], "world_position": [0.705, 0.6448569696296074, -0.15], "world_orientation": [1.0, -4.331917303826236e-17, -1.1712398707441946e-17, 4.331917303826236e-17, 1.0, -5.775889738434995e-17, 1.1712398707441946e-17, 5.775889738434995e-17, 1.0], "world_rotation": [-0.7896765794068324, 0.16013129347666225, -0.5922574345551229, -7.314247236221149e-17]}], "source": "action wait"}
{"timestamp": 1709222618.95492, "objects": [{"color": "cv_", "id_name": "hand", "shape": "CVCylinder", "id_string": "ob382", "world_size": [0.12, 0.005, 0.12], "id": 382, "camera_size": [52, 52], "camera_position": [245, 239], "world_position": [0.7379872136346086, 0.76187740301935, -0.17407247745498922], "world_orientation": [3.878078144439995e-05, 0.10229774780010008, 0.994753823461402, -0.0007766734535129081, -0.9947535210996541, 0.10229774698490146, 0.9999996976371531, -0.000776566074031325, 4.08746261780828e-05], "world_rotation": [0.0, 1.0, 0.0, 0.0]}, {"color": "CVBlue", "id_name": "object123043638429037", "shape": "CVCylinder", "id_string": "ob414", "world_size": [0.09, 0.09, 0.09], "id": 414, "camera_size": [37, 37], "camera_position": [256, 254], "world_position": [0.705, 0.6448569696296074, -0.15], "world_orientation": [1.0, -4.331917303826236e-17, -1.1712398707441946e-17, 4.331917303826236e-17, 1.0, -5.775889738434995e-17, 1.1712398707441946e-17, 5.775889738434995e-17, 1.0], "world_rotation": [-0.7896765794068324, 0.16013129347666225, -0.5922574345551229, -7.314247236221149e-17]}], "source": "action wait"}
{"timestamp": 1709222618.991539, "objects": [{"color": "cv_", "id_name": "hand", "shape": "CVCylinder", "id_string": "ob382", "world_size": [0.12, 0.005, 0.12], "id": 382, "camera_size": [51, 51], "camera_position": [246, 224], "world_position": [0.7751301610918424, 0.7361106258591341, -0.1740739312217582], "world_orientation": [1.369848494671687e-05, 0.0716490339590575, 0.9974299051788478, -0.0007699052641850004, -0.9974296089013973, 0.07164902325007726, 0.999999703529074, -0.0007689080177195153, 4.149969393629219e-05], "world_rotation": [0.0, 1.0, 0.0, 0.0]}, {"color": "CVBlue", "id_name": "object123043638429037", "shape": "CVCylinder", "id_string": "ob414", "world_size": [0.09, 0.09, 0.09], "id": 414, "camera_size": [37, 37], "camera_position": [256, 254], "world_position": [0.705, 0.6448569696296074, -0.15], "world_orientation": [1.0, -4.331917303826236e-17, -1.1712398707441946e-17, 4.331917303826236e-17, 1.0, -5.775889738434995e-17, 1.1712398707441946e-17, 5.775889738434995e-17, 1.0], "world_rotation": [-0.7896765794068324, 0.16013129347666225, -0.5922574345551229, -7.314247236221149e-17]}], "source": "action wait"}
{"timestamp": 1709222619.027374, "objects": [{"color": "cv_", "id_name": "hand", "shape": "CVCylinder", "id_string": "ob382", "world_size": [0.12, 0.005, 0.12], "id": 382, "camera_size": [51, 51], "camera_position": [246, 214], "world_position": [0.8005882957826859, 0.7163111618932279, -0.17407748167215173], "world_orientation": [1.1635192194831269e-07, 0.050005902522644356, 0.9987489222586837, -0.0007648821914419574, -0.9987486300977824, 0.0500058879836813, 0.9999997074775671, -0.0007639310826390387, 3.8132417984279946e-05], "world_rotation": [0.0, 1.0, 0.0, 0.0]}, {"color": "CVBlue", "id_name": "object123043638429037", "shape": "CVCylinder", "id_string": "ob414", "world_size": [0.09, 0.09, 0.09], "id": 414, "camera_size": [37, 37], "camera_position": [256, 254], "world_position": [0.705, 0.6448569696296074, -0.15], "world_orientation": [1.0, -4.331917303826236e-17, -1.1712398707441946e-17, 4.331917303826236e-17, 1.0, -5.775889738434995e-17, 1.1712398707441946e-17, 5.775889738434995e-17, 1.0], "world_rotation": [-0.7896765794068324, 0.16013129347666225, -0.5922574345551229, -7.314247236221149e-17]}], "source": "action wait"}
{"timestamp": 1709222619.06379, "objects": [{"color": "cv_", "id_name": "hand", "shape": "CVCylinder", "id_string": "ob382", "world_size": [0.12, 0.005, 0.12], "id": 382, "camera_size": [49, 50], "camera_position": [246, 207], "world_position": [0.8181275371759581, 0.7015860540538298, -0.17408168779061944], "world_orientation": [-6.727996722579536e-06, 0.034738532055042876, 0.9993964350273594, -0.0007618279196485194, -0.999396145212251, 0.034738516852540334, 0.9999997097864354, -0.0007611343863738651, 3.318871759706e-05], "world_rotation": [0.0, 1.0, 0.0, 0.0]}, {"color": "CVBlue", "id_name": "object123043638429037", "shape": "CVCylinder", "id_string": "ob414", "world_size": [0.09, 0.09, 0.09], "id": 414, "camera_size": [37, 37], "camera_position": [256, 254], "world_position": [0.705, 0.6448569696296074, -0.15], "world_orientation": [1.0, -4.331917303826236e-17, -1.1712398707441946e-17, 4.331917303826236e-17, 1.0, -5.775889738434995e-17, 1.1712398707441946e-17, 5.775889738434995e-17, 1.0], "world_rotation": [-0.7896765794068324, 0.16013129347666225, -0.5922574345551229, -7.314247236221149e-17]}], "source": "action wait"}
{"timestamp": 1709222619.098936, "objects": [{"color": "cv_", "id_name": "hand", "shape": "CVCylinder", "id_string": "ob382", "world_size": [0.12, 0.005, 0.12], "id": 382, "camera_size": [49, 50], "camera_position": [246, 202], "world_position": [0.8302730932311235, 0.6908501974761319, -0.17408579849606912], "world_orientation": [-9.744390086735475e-06, 0.023974269871216997, 0.9997125758382701, -0.0007602986617012683, -0.9997122871193541, 0.02397425553662538, 0.9999997109254543, -0.0007598465189981307, 2.7969191798917724e-05], "world_rotation": [0.0, 1.0, 0.0, 0.0]}, {"color": "CVBlue", "id_name": "object123043638429037", "shape": "CVCylinder", "id_string": "ob414", "world_size": [0.09, 0.09, 0.09], "id": 414, "camera_size": [37, 37], "camera_position": [256, 254], "world_position": [0.705, 0.6448569696296074, -0.15], "world_orientation": [1.0, -4.331917303826236e-17, -1.1712398707441946e-17, 4.331917303826236e-17, 1.0, -5.775889738434995e-17, 1.1712398707441946e-17, 5.775889738434995e-17, 1.0], "world_rotation": [-0.7896765794068324, 0.16013129347666225, -0.5922574345551229, -7.314247236221149e-17]}], "source": "action wait"}
{"timestamp": 1709222619.132749, "objects": [{"color": "cv_", "id_name": "hand", "shape": "CVCylinder", "id_string": "ob382", "world_size": [0.12, 0.005, 0.12], "id": 382, "camera_size": [49, 50], "camera_position": [246, 199], "world_position": [0.8387208012009914, 0.683120667089187, -0.17408946942682033], "world_orientation": [-1.0678218958789266e-05, 0.016386754714994914, 0.9998657280634669, -0.0007597710171673223, -0.9998654396661305, 0.01638674187437349, 0.999999711316947, -0.0007594940200241279, 2.3126963392334307e-05], "world_rotation": [0.0, 1.0, 0.0, 0.0]}, {"color": "CVBlue", "id_name": "object123043638429037", "shape": "CVCylinder", "id_string": "ob414", "world_size": [0.09, 0.09, 0.09], "id": 414, "camera_size": [37, 37], "camera_position": [256, 254], "world_position": [0.705, 0.6448569696296074, -0.15], "world_orientation": [1.0, -4.331917303826236e-17, -1.1712398707441946e-17, 4.331917303826236e-17, 1.0, -5.775889738434995e-17, 1.1712398707441946e-17, 5.775889738434995e-17, 1.0], "world_rotation": [-0.7896765794068324, 0.16013129347666225, -0.5922574345551229, -7.314247236221149e-17]}], "source": "action wait"}
{"timestamp": 1709222619.159096, "objects": [{"color": "cv_", "id_name": "hand", "shape": "CVCylinder", "id_string": "ob382", "world_size": [0.12, 0.005, 0.12], "id": 382, "camera_size": [49, 49], "camera_position": [246, 197], "world_position": [0.8446173445678321, 0.6776008216531415, -0.17409258158477647], "world_orientation": [-1.0519237729794411e-05, 0.01103901357213893, 0.9999390681780065, -0.000759823584702114, -0.9999387796731699, 0.011039002393884478, 0.9999997112786913, -0.000759661165376577, 1.8906296602948828e-05], "world_rotation": [0.0, 1.0, 0.0, 0.0]}, {"color": "CVBlue", "id_name": "object123043638429037", "shape": "CVCylinder", "id_string": "ob414", "world_size": [0.09, 0.09, 0.09], "id": 414, "camera_size": [37, 37], "camera_position": [256, 254], "world_position": [0.705, 0.6448569696296074, -0.15], "world_orientation": [1.0, -4.331917303826236e-17, -1.1712398707441946e-17, 4.331917303826236e-17, 1.0, -5.775889738434995e-17, 1.1712398707441946e-17, 5.775889738434995e-17, 1.0], "world_rotation": [-0.7896765794068324, 0.16013129347666225, -0.5922574345551229, -7.314247236221149e-17]}], "source": "action wait"}
{"timestamp": 1709222619.191584, "objects": [{"color": "cv_", "id_name": "hand", "shape": "CVCylinder", "id_string": "ob382", "world_size": [0.12, 0.005, 0.12], "id": 382, "camera_size": [49, 49], "camera_position": [246, 196], "world_position": [0.8487444013575504, 0.6736800379181521, -0.1740951334219592], "world_orientation": [-9.867201790475741e-06, 0.007270006397869274, 0.9999735731056163, -0.0007601672990875241, -0.9999732842892585, 0.0072699967971950885, 0.9999997110241161, -0.0007600754757015455, 1.5393359309350973e-05], "world_rotation": [0.0, 1.0, 0.0, 0.0]}, {"color": "CVBlue", "id_name": "object123043638429037", "shape": "CVCylinder", "id_string": "ob414", "world_size": [0.09, 0.09, 0.09], "id": 414, "camera_size": [37, 37], "camera_position": [256, 254], "world_position": [0.705, 0.6448569696296074, -0.15], "world_orientation": [1.0, -4.331917303826236e-17, -1.1712398707441946e-17, 4.331917303826236e-17, 1.0, -5.775889738434995e-17, 1.1712398707441946e-17, 5.775889738434995e-17, 1.0], "world_rotation": [-0.7896765794068324, 0.16013129347666225, -0.5922574345551229, -7.314247236221149e-17]}], "source": "action wait"}
{"timestamp": 1709222619.222409, "objects": [{"color": "cv_", "id_name": "hand", "shape": "CVCylinder", "id_string": "ob382", "world_size": [0.12, 0.005, 0.12], "id": 382, "camera_size": [49, 49], "camera_position": [246, 195], "world_position": [0.8516388994109998, 0.6709049103423117, -0.17409717839053096], "world_orientation": [-9.028930922960442e-06, 0.004613662030345985, 0.9999893569639371, -0.000760622232093183, -0.9999890677663291, 0.0046136538283934325, 0.9999997106861075, -0.0007605724804019713, 1.2538086128589159e-05], "world_rotation": [0.0, 1.0, 0.0, 0.0]}, {"color": "CVBlue", "id_name": "object123043638429037", "shape": "CVCylinder", "id_string": "ob414", "world_size": [0.09, 0.09, 0.09], "id": 414, "camera_size": [37, 37], "camera_position": [256, 254], "world_position": [0.705, 0.6448569696296074, -0.15], "world_orientation": [1.0, -4.331917303826236e-17, -1.1712398707441946e-17, 4.331917303826236e-17, 1.0, -5.775889738434995e-17, 1.1712398707441946e-17, 5.775889738434995e-17, 1.0], "world_rotation": [-0.7896765794068324, 0.16013129347666225, -0.5922574345551229, -7.314247236221149e-17]}], "source": "action wait"}
{"timestamp": 1709222619.266662, "objects": [{"color": "cv_", "id_name": "hand", "shape": "CVCylinder", "id_string": "ob382", "world_size": [0.12, 0.005, 0.12], "id": 382, "camera_size": [49, 49], "camera_position": [246, 194], "world_position": [0.853672025465117, 0.6689452366434567, -0.17409879031385386], "world_orientation": [-8.186080461916248e-06, 0.002741472315857485, 0.9999962421242041, -0.0007610867811280507, -0.9999959525492923, 0.0027414652916521332, 0.999999710339908, -0.0007610614792033836, 1.0272545669951685e-05], "world_rotation": [0.0, 1.0, 0.0, 0.0]}, {"color": "CVBlue", "id_name": "object123043638429037", "shape": "CVCylinder", "id_string": "ob414", "world_size": [0.09, 0.09, 0.09], "id": 414, "camera_size": [37, 37], "camera_position": [256, 254], "world_position": [0.705, 0.6448569696296074, -0.15], "world_orientation": [1.0, -4.331917303826236e-17, -1.1712398707441946e-17, 4.331917303826236e-17, 1.0, -5.775889738434995e-17, 1.1712398707441946e-17, 5.775889738434995e-17, 1.0], "world_rotation": [-0.7896765794068324, 0.16013129347666225, -0.5922574345551229, -7.314247236221149e-17]}], "source": "action wait"}
{"timestamp": 1709222619.303529, "objects": [{"color": "cv_", "id_name": "hand", "shape": "CVCylinder", "id_string": "ob382", "world_size": [0.12, 0.005, 0.12], "id": 382, "camera_size": [48, 48], "camera_position": [246, 193], "world_position": [0.8551017015586548, 0.6675634849957199, -0.17410004527814976], "world_orientation": [-7.4151664843385994e-06, 0.0014219199606888186, 0.9999989890438093, -0.0007615098345148246, -0.9999986991309678, 0.0014219139017279576, 0.9999997100238516, -0.0007614985209337576, 8.497962872500853e-06], "world_rotation": [0.0, 1.0, 0.0, 0.0]}, {"color": "CVBlue", "id_name": "object123043638429037", "shape": "CVCylinder", "id_string": "ob414", "world_size": [0.09, 0.09, 0.09], "id": 414, "camera_size": [37, 37], "camera_position": [256, 254], "world_position": [0.705, 0.6448569696296074, -0.15], "world_orientation": [1.0, -4.331917303826236e-17, -1.1712398707441946e-17, 4.331917303826236e-17, 1.0, -5.775889738434995e-17, 1.1712398707441946e-17, 5.775889738434995e-17, 1.0], "world_rotation": [-0.7896765794068324, 0.16013129347666225, -0.5922574345551229, -7.314247236221149e-17]}], "source": "action wait"}
{"timestamp": 1709222619.3378, "objects": [{"color": "cv_", "id_name": "hand", "shape": "CVCylinder", "id_string": "ob382", "world_size": [0.12, 0.005, 0.12], "id": 382, "camera_size": [48, 49], "camera_position": [246, 193], "world_position": [0.856107851266207, 0.6665901505114011, -0.17410101303958422], "world_orientation": [-6.749255497639613e-06, 0.0004918495206707399, 0.9999998790192411, -0.0007618707973765746, -0.9999995888209835, 0.0004918442358760386, 0.9999997097536257, -0.0007618673856227794, 7.12397850935486e-06], "world_rotation": [0.0, 1.0, 0.0, 0.0]}, {"color": "CVBlue", "id_name": "object123043638429037", "shape": "CVCylinder", "id_string": "ob414", "world_size": [0.09, 0.09, 0.09], "id": 414, "camera_size": [37, 37], "camera_position": [256, 254], "world_position": [0.705, 0.6448569696296074, -0.15], "world_orientation": [1.0, -4.331917303826236e-17, -1.1712398707441946e-17, 4.331917303826236e-17, 1.0, -5.775889738434995e-17, 1.1712398707441946e-17, 5.775889738434995e-17, 1.0], "world_rotation": [-0.7896765794068324, 0.16013129347666225, -0.5922574345551229, -7.314247236221149e-17]}], "source": "action wait"}
{"timestamp": 1709222619.370395, "objects": [{"color": "cv_", "id_name": "hand", "shape": "CVCylinder", "id_string": "ob382", "world_size": [0.12, 0.005, 0.12], "id": 382, "camera_size": [48, 49], "camera_position": [246, 193], "world_position": [0.856816357038094, 0.6659049092991676, -0.17410175367811515], "world_orientation": [-6.194816402085608e-06, -0.00016371823817784505, 0.9999999865789814, -0.0007621660659540502, -0.9999996961488018, -0.00016372291210778404, 0.999999709532214, -0.000762167069958715, 6.070034034630757e-06], "world_rotation": [0.0, 1.0, 0.0, 0.0]}, {"color": "CVBlue", "id_name": "object123043638429037", "shape": "CVCylinder", "id_string": "ob414", "world_size": [0.09, 0.09, 0.09], "id": 414, "camera_size": [37, 37], "camera_position": [256, 254], "world_position": [0.705, 0.6448569696296074, -0.15], "world_orientation": [1.0, -4.331917303826236e-17, -1.1712398707441946e-17, 4.331917303826236e-17, 1.0, -5.775889738434995e-17, 1.1712398707441946e-17, 5.775889738434995e-17, 1.0], "world_rotation": [-0.7896765794068324, 0.16013129347666225, -0.5922574345551229, -7.314247236221149e-17]}], "source": "action wait"}
{"timestamp": 1709222619.409292, "objects": [{"color": "cv_", "id_name": "hand", "shape": "CVCylinder", "id_string": "ob382", "world_size": [0.12, 0.005, 0.12], "id": 382, "camera_size": [48, 48], "camera_position": [246, 192], "world_position": [0.857315483351654, 0.6654226454041191, -0.17410231699711362], "world_orientation": [-5.744894502182993e-06, -0.0006258133852494395, 0.9999998041622825, -0.0007624005848907528, -0.999999513548732, -0.0006258175832910115, 0.99999970935613, -0.0007624040308402898, 5.267771216989384e-06], "world_rotation": [0.0, 1.0, 0.0, 0.0]}, {"color": "CVBlue", "id_name": "object123043638429037", "shape": "CVCylinder", "id_string": "ob414", "world_size": [0.09, 0.09, 0.09], "id": 414, "camera_size": [37, 37], "camera_position": [256, 254], "world_position": [0.705, 0.6448569696296074, -0.15], "world_orientation": [1.0, -4.331917303826236e-17, -1.1712398707441946e-17, 4.331917303826236e-17, 1.0, -5.775889738434995e-17, 1.1712398707441946e-17, 5.775889738434995e-17, 1.0], "world_rotation": [-0.7896765794068324, 0.16013129347666225, -0.5922574345551229, -7.314247236221149e-17]}], "source": "action wait"}
{"timestamp": 1709222619.442615, "objects": [{"color": "cv_", "id_name": "hand", "shape": "CVCylinder", "id_string": "ob382", "world_size": [0.12, 0.005, 0.12], "id": 382, "camera_size": [48, 48], "camera_position": [246, 192], "world_position": [0.8576672167227862, 0.6650832856443458, -0.17410274324161376], "world_orientation": [-5.386606548495564e-06, -0.0009515425098826812, 0.9999995472688157, -0.0007625828629829781, -0.9999992565131927, -0.000951546340951582, 0.9999997092191385, -0.0007625876433440258, 4.660972532552383e-06], "world_rotation": [0.0, 1.0, 0.0, 0.0]}, {"color": "CVBlue", "id_name": "object123043638429037", "shape": "CVCylinder", "id_string": "ob414", "world_size": [0.09, 0.09, 0.09], "id": 414, "camera_size": [37, 37], "camera_position": [256, 254], "world_position": [0.705, 0.6448569696296074, -0.15], "world_orientation": [1.0, -4.331917303826236e-17, -1.1712398707441946e-17, 4.331917303826236e-17, 1.0, -5.775889738434995e-17, 1.1712398707441946e-17, 5.775889738434995e-17, 1.0], "world_rotation": [-0.7896765794068324, 0.16013129347666225, -0.5922574345551229, -7.314247236221149e-17]}], "source": "action wait"}
{"timestamp": 1709222619.475704, "objects": [{"color": "cv_", "id_name": "hand", "shape": "CVCylinder", "id_string": "ob382", "world_size": [0.12, 0.005, 0.12], "id": 382, "camera_size": [48, 48], "camera_position": [246, 192], "world_position": [0.8579151395434826, 0.6648444937253672, -0.17410306435155568], "world_orientation": [-5.1053545565251056e-06, -0.0011811533138228658, 0.999999302425149, -0.0007627222188449232, -0.9999990115611511, -0.001181156864237278, 0.999999709114334, -0.000762727717014044, 4.204457634243051e-06], "world_rotation": [0.0, 1.0, 0.0, 0.0]}, {"color": "CVBlue", "id_name": "object123043638429037", "shape": "CVCylinder", "id_string": "ob414", "world_size": [0.09, 0.09, 0.09], "id": 414, "camera_size": [37, 37], "camera_position": [256, 254], "world_position": [0.705, 0.6448569696296074, -0.15], "world_orientation": [1.0, -4.331917303826236e-17, -1.1712398707441946e-17, 4.331917303826236e-17, 1.0, -5.775889738434995e-17, 1.1712398707441946e-17, 5.775889738434995e-17, 1.0], "world_rotation": [-0.7896765794068324, 0.16013129347666225, -0.5922574345551229, -7.314247236221149e-17]}], "source": "action wait"}
{"timestamp": 1709222621.543242, "objects": [{"color": "cv_", "id_name": "hand", "shape": "CVCylinder", "id_string": "ob382", "world_size": [0.12, 0.005, 0.12], "id": 382, "camera_size": [48, 49], "camera_position": [246, 192], "world_position": [0.8585079558326116, 0.664276944576063, -0.17410400186589503], "world_orientation": [-4.20624391074723e-06, -0.0017297635962277489, 0.9999985039489853, -0.0007631197307285659, -0.9999982127768107, -0.0017297663024401317, 0.9999997088152497, -0.0007631258648818602, 2.8862196638368112e-06], "world_rotation": [0.0, 1.0, 0.0, 0.0]}, {"color": "CVBlue", "id_name": "object123043638429037", "shape": "CVCylinder", "id_string": "ob414", "world_size": [0.09, 0.09, 0.09], "id": 414, "camera_size": [37, 37], "camera_position": [256, 254], "world_position": [0.705, 0.6448569696296074, -0.15], "world_orientation": [1.0, -4.331917303826236e-17, -1.1712398707441946e-17, 4.331917303826236e-17, 1.0, -5.775889738434995e-17, 1.1712398707441946e-17, 5.775889738434995e-17, 1.0], "world_rotation": [-0.7896765794068324, 0.16013129347666225, -0.5922574345551229, -7.314247236221149e-17]}], "source": "action wait"}
{"timestamp": 1709222621.572937, "objects": [{"color": "cv_", "id_name": "hand", "shape": "CVCylinder", "id_string": "ob382", "world_size": [0.12, 0.005, 0.12], "id": 382, "camera_size": [48, 48], "camera_position": [246, 205], "world_position": [0.8257807782772535, 0.6514498200532396, -0.17408814894654495], "world_orientation": [-4.614232525529714e-05, -0.022674309440565723, 0.9997429037318941, -0.0007600751111128468, -0.9997426152180866, -0.02267433797768381, 0.9999997100783137, -0.0007609259453165866, 2.889627065588522e-05], "world_rotation": [0.0, 1.0, 0.0, 0.0]}, {"color": "CVBlue", "id_name": "object123043638429037", "shape": "CVCylinder", "id_string": "ob414", "world_size": [0.09, 0.09, 0.09], "id": 414, "camera_size": [37, 37], "camera_position": [256, 254], "world_position": [0.705, 0.6448569696296074, -0.15], "world_orientation": [1.0, -4.331917303826236e-17, -1.1712398707441946e-17, 4.331917303826236e-17, 1.0, -5.775889738434995e-17, 1.1712398707441946e-17, 5.775889738434995e-17, 1.0], "world_rotation": [-0.7896765794068324, 0.16013129347666225, -0.5922574345551229, -7.314247236221149e-17]}], "source": "action wait"}
{"timestamp": 1709222621.604088, "objects": [{"color": "cv_", "id_name": "hand", "shape": "CVCylinder", "id_string": "ob382", "world_size": [0.12, 0.005, 0.12], "id": 382, "camera_size": [48, 48], "camera_position": [246, 219], "world_position": [0.7916201922790908, 0.658215746831645, -0.17409751494761305], "world_orientation": [-3.357795550985355e-05, -0.0165107436631054, 0.9998636878176007, -0.0007581016472466924, -0.9998634006410492, -0.016510764379933943, 0.9999997120771653, -0.0007585527064688436, 2.1056546814750024e-05], "world_rotation": [0.0, 1.0, 0.0, 0.0]}, {"color": "CVBlue", "id_name": "object123043638429037", "shape": "CVCylinder", "id_string": "ob414", "world_size": [0.09, 0.09, 0.09], "id": 414, "camera_size": [37, 38], "camera_position": [256, 263], "world_position": [0.6807702303347136, 0.6461897604356355, -0.15000333540345215], "world_orientation": [0.9994667311381795, -0.03265339963965249, 9.402092916143601e-05, 0.03265340086478167, 0.9994667354540364, -1.1524545292686745e-05, -9.359447555022826e-05, 1.458850270112305e-05, 0.9999999955136251], "world_rotation": [0.0003998502138789297, 0.002872818972290184, 0.9999957935066321, 0.0326593432200459]}], "source": "action wait"}
{"timestamp": 1709222621.635058, "objects": [{"color": "cv_", "id_name": "hand", "shape": "CVCylinder", "id_string": "ob382", "world_size": [0.12, 0.005, 0.12], "id": 382, "camera_size": [48, 49], "camera_position": [246, 229], "world_position": [0.767065833368451, 0.6616413148162075, -0.17410363807676313], "world_orientation": [-1.733258081229686e-05, -0.012096428198837524, 0.9999268353856757, -0.0007619838116794651, -0.9999265450876481, -0.012096437895123343, 0.9999997095400841, -0.0007621377239154903, 8.114025182795149e-06], "world_rotation": [0.0, 1.0, 0.0, 0.0]}, {"color": "CVBlue", "id_name": "object123043638429037", "shape": "CVCylinder", "id_string": "ob414", "world_size": [0.09, 0.09, 0.09], "id": 414, "camera_size": [37, 39], "camera_position": [256, 282], "world_position": [0.6357888041950506, 0.6467318724708687, -0.1500035673403577], "world_orientation": [0.9990029072592929, -0.04464507015851948, 9.485790231376406e-05, 0.044645070935232886, 0.9990029117095481, -6.085492020754343e-06, -9.449163339189444e-05, 1.0314361998402245e-05, 0.9999999954824728], "world_rotation": [0.00018366884257123525, 0.0021206048556185637, 0.9999977346478355, 0.04466001606393594]}], "source": "action wait"}
{"timestamp": 1709222621.673038, "objects": [{"color": "cv_", "id_name": "hand", "shape": "CVCylinder", "id_string": "ob382", "world_size": [0.12, 0.005, 0.12], "id": 382, "camera_size": [48, 49], "camera_position": [246, 236], "world_position": [0.7496970915395385, 0.663300059564954, -0.17410671249326268], "world_orientation": [-8.315870243640385e-06, -0.008999711281509965, 0.9999595017437937, -0.0007634503335867011, -0.999959210304786, -0.008999715007547482, 0.9999997085371749, -0.0007634942556420751, 1.4446984621399182e-06], "world_rotation": [0.0, 1.0, 0.0, 0.0]}, {"color": "CVBlue", "id_name": "object123043638429037", "shape": "CVCylinder", "id_string": "ob414", "world_size": [0.09, 0.09, 0.09], "id": 414, "camera_size": [37, 39], "camera_position": [256, 298], "world_position": [0.5950388868434514, 0.6440937462066848, -0.15000404441606496], "world_orientation": [0.9998697336547392, 0.0161402080401113, 9.698259005615808e-05, -0.016140207736897724, 0.9998697383554194, -3.90837189856328e-06, -9.70330388800226e-05, 2.3425436188712505e-06, 0.999999995289551], "world_rotation": [0.00019364070595037695, 0.006010211343894059, -0.999981919767992, 0.01614120060366754]}], "source": "action wait"}
{"timestamp": 1709222621.707494, "objects": [{"color": "cv_", "id_name": "hand", "shape": "CVCylinder", "id_string": "ob382", "world_size": [0.12, 0.005, 0.12], "id": 382, "camera_size": [48, 49], "camera_position": [246, 241], "world_position": [0.7374446995959744, 0.6640983592155044, -0.17410802699666944], "world_orientation": [-3.38611914596508e-06, -0.006826336760535806, 0.9999767002860448, -0.0007638609353634452, -0.9999764085391115, -0.006826337355510631, 0.9999997082524602, -0.0007638662524141501, -1.8283327201838583e-06], "world_rotation": [0.0, 1.0, 0.0, 0.0]}, {"color": "CVBlue", "id_name": "object123043638429037", "shape": "CVCylinder", "id_string": "ob414", "world_size": [0.09, 0.09, 0.09], "id": 414, "camera_size": [37, 39], "camera_position": [256, 310], "world_position": [0.5665657928844516, 0.6449368682904557, -0.15000401087661352], "world_orientation": [0.9999940372536653, -0.00345195968838184, 9.711552374090837e-05, 0.00345195998054728, 0.9999940419643617, -2.8409728304545584e-06, -9.710513819947046e-05, 3.1761947918951936e-06, 0.999999995280252], "world_rotation": [0.0008712131700309899, 0.028120805201786576, 0.9996041523035084, 0.003453333689726044]}], "source": "action wait"}
{"timestamp": 1709222621.738254, "objects": [{"color": "cv_", "id_name": "hand", "shape": "CVCylinder", "id_string": "ob382", "world_size": [0.12, 0.005, 0.12], "id": 382, "camera_size": [48, 48], "camera_position": [246, 244], "world_position": [0.7288120159610291, 0.6644805208974712, -0.17410835924987678], "world_orientation": [-9.627750285831478e-07, -0.005300176266826662, 0.9999859539666613, -0.0007638567753452359, -0.9999856622286957, -0.0053001754559745, 0.9999997082609074, -0.0007638511490644319, -3.0858143270456065e-06], "world_rotation": [0.0, 1.0, 0.0, 0.0]}, {"color": "CVBlue", "id_name": "object123043638429037", "shape": "CVCylinder", "id_string": "ob414", "world_size": [0.09, 0.09, 0.09], "id": 414, "camera_size": [37, 39], "camera_position": [256, 318], "world_position": [0.544998450890437, 0.6444698742670556, -0.15000410206301798], "world_orientation": [0.9999787895743387, 0.006512367297166125, 9.733255992628914e-05, -0.0065123671284957815, 0.9999787943102506, -2.049763833024906e-06, -9.734384473717393e-05, 1.4158549928647875e-06, 0.9999999952610856], "world_rotation": [0.0002660500813405557, 0.014944999983518045, -0.9998882818559517, 0.0065131408925975165]}], "source": "action wait"}
