{"timestamp": 1706031300.351699, "objects": [{"color": "cv_", "id_name": "hand", "shape": "CVCylinder", "id_string": "ob382", "world_size": [0.12, 0.005, 0.12], "id": 382, "camera_size": [48, 50], "camera_position": [246, 426], "world_position": [0.2676445155400464, 0.6334703013847343, -0.1738926040084748], "world_orientation": [-0.0006415489927789439, 0.19791547486652983, 0.98021888026259, -0.0007473670893141018, -0.9802189031249442, 0.19791499033414725, 0.9999995149285443, -0.0006056111687281348, 0.0007767739623843352], "world_rotation": [0.0, 1.0, 0.0, 0.0]}, {"color": "CVPurple", "id_name": "object268178048936623", "shape": "CVBox", "id_string": "ob1156", "world_size": [0.09, 0.09, 0.09], "id": 1156, "camera_size": [37, 37], "camera_position": [256, 254], "world_position": [0.705, 0.6448569618279929, -0.15], "world_orientation": [1.0, -3.248937977869676e-17, -1.2465442788089477e-17, 3.248937977869676e-17, 1.0, -5.775889738434994e-17, 1.2465442788089477e-17, 5.775889738434994e-17, 1.0], "world_rotation": [-0.8565537801950899, 0.18486021419163617, -0.4818115013597369, -6.743172316768561e-17]}], "source": "manual check"}
{"timestamp": 1706031301.371157, "objects": [{"color": "cv_", "id_name": "hand", "shape": "CVCylinder", "id_string": "ob382", "world_size": [0.12, 0.005, 0.12], "id": 382, "camera_size": [48, 50], "camera_position": [246, 426], "world_position": [0.26764451554003177, 0.6334703013847327, -0.1738926040084748], "world_orientation": [-0.0006415489943125731, 0.1979154748665482, 0.9802188802625853, -0.0007473670896236166, -0.9802189031249404, 0.19791499033416457, 0.9999995149285431, -0.0006056111687279852, 0.0007767739639488966], "world_rotation": [0.0, 1.0, 0.0, 0.0]}, {"color": "CVPurple", "id_name": "object268178048936623", "shape": "CVBox", "id_string": "ob1156", "world_size": [0.09, 0.09, 0.09], "id": 1156, "camera_size": [37, 37], "camera_position": [256, 254], "world_position": [0.705, 0.6448569696296074, -0.15], "world_orientation": [1.0, -4.331917303826236e-17, -1.1712398707441946e-17, 4.331917303826236e-17, 1.0, -5.775889738434995e-17, 1.1712398707441946e-17, 5.775889738434995e-17, 1.0], "world_rotation": [-0.7896765794068324, 0.16013129347666225, -0.5922574345551229, -7.314247236221149e-17]}], "source": "manual check"}
{"timestamp": 1706031303.760618, "objects": [{"color": "cv_", "id_name": "hand", "shape": "CVCylinder", "id_string": "ob382", "world_size": [0.12, 0.005, 0.12], "id": 382, "camera_size": [48, 50], "camera_position": [246, 426], "world_position": [0.26764451554003177, 0.6334703013847327, -0.1738926040084748], "world_orientation": [-0.0006415489943125731, 0.1979154748665482, 0.9802188802625853, -0.0007473670896236166, -0.9802189031249404, 0.19791499033416457, 0.9999995149285431, -0.0006056111687279852, 0.0007767739639488966], "world_rotation": [0.0, 1.0, 0.0, 0.0]}, {"color": "CVPurple", "id_name": "object268178048936623", "shape": "CVBox", "id_string": "ob1156", "world_size": [0.09, 0.09, 0.09], "id": 1156, "camera_size": [37, 37], "camera_position": [256, 254], "world_position": [0.705, 0.6448569696296074, -0.15], "world_orientation": [1.0, -4.331917303826236e-17, -1.1712398707441946e-17, 4.331917303826236e-17, 1.0, -5.775889738434995e-17, 1.1712398707441946e-17, 5.775889738434995e-17, 1.0], "world_rotation": [-0.7896765794068324, 0.16013129347666225, -0.5922574345551229, -7.314247236221149e-17]}], "source": "action wait"}
{"timestamp": 1706031303.79044, "objects": [{"color": "cv_", "id_name": "hand", "shape": "CVCylinder", "id_string": "ob382", "world_size": [0.12, 0.005, 0.12], "id": 382, "camera_size": [49, 51], "camera_position": [246, 421], "world_position": [0.2920025774203285, 0.668551550232762, -0.1739556554063856], "world_orientation": [-0.0003763734190178911, 0.2063861177933288, 0.9784705558805781, -0.0007131048833593422, -0.9784704317915989, 0.20638581732034716, 0.9999996749121846, -0.0006200739959203842, 0.0005154452102777466], "world_rotation": [0.0, 1.0, 0.0, 0.0]}, {"color": "CVPurple", "id_name": "object268178048936623", "shape": "CVBox", "id_string": "ob1156", "world_size": [0.09, 0.09, 0.09], "id": 1156, "camera_size": [37, 37], "camera_position": [256, 254], "world_position": [0.705, 0.6448569696296074, -0.15], "world_orientation": [1.0, -4.331917303826236e-17, -1.1712398707441946e-17, 4.331917303826236e-17, 1.0, -5.775889738434995e-17, 1.1712398707441946e-17, 5.775889738434995e-17, 1.0], "world_rotation": [-0.7896765794068324, 0.16013129347666225, -0.5922574345551229, -7.314247236221149e-17]}], "source": "action wait"}
{"timestamp": 1706031303.830247, "objects": [{"color": "cv_", "id_name": "hand", "shape": "CVCylinder", "id_string": "ob382", "world_size": [0.12, 0.005, 0.12], "id": 382, "camera_size": [51, 52], "camera_position": [246, 405], "world_position": [0.33866678334996814, 0.7074662330520531, -0.1739833967374286], "world_orientation": [-0.00021178205202447223, 0.20111468950140307, 0.9795676785271739, -0.0007285031942971766, -0.9795674715869275, 0.20111448951254196, 0.9999997122156877, -0.0006710257435567784, 0.0003539675029513904], "world_rotation": [0.0, 1.0, 0.0, 0.0]}, {"color": "CVPurple", "id_name": "object268178048936623", "shape": "CVBox", "id_string": "ob1156", "world_size": [0.09, 0.09, 0.09], "id": 1156, "camera_size": [37, 37], "camera_position": [256, 254], "world_position": [0.705, 0.6448569696296074, -0.15], "world_orientation": [1.0, -4.331917303826236e-17, -1.1712398707441946e-17, 4.331917303826236e-17, 1.0, -5.775889738434995e-17, 1.1712398707441946e-17, 5.775889738434995e-17, 1.0], "world_rotation": [-0.7896765794068324, 0.16013129347666225, -0.5922574345551229, -7.314247236221149e-17]}], "source": "action wait"}
{"timestamp": 1706031303.866807, "objects": [{"color": "cv_", "id_name": "hand", "shape": "CVCylinder", "id_string": "ob382", "world_size": [0.12, 0.005, 0.12], "id": 382, "camera_size": [51, 53], "camera_position": [246, 388], "world_position": [0.3896831624250625, 0.7413011247148347, -0.17400397808503856], "world_orientation": [-0.00010463781553923684, 0.1973277721931316, 0.9803375639912117, -0.0007393176798493644, -0.9803373167017927, 0.19732764350515553, 0.9999997212301092, -0.0007041329597175603, 0.00024846826601937147], "world_rotation": [0.0, 1.0, 0.0, 0.0]}, {"color": "CVPurple", "id_name": "object268178048936623", "shape": "CVBox", "id_string": "ob1156", "world_size": [0.09, 0.09, 0.09], "id": 1156, "camera_size": [37, 37], "camera_position": [256, 254], "world_position": [0.705, 0.6448569696296074, -0.15], "world_orientation": [1.0, -4.331917303826236e-17, -1.1712398707441946e-17, 4.331917303826236e-17, 1.0, -5.775889738434995e-17, 1.1712398707441946e-17, 5.775889738434995e-17, 1.0], "world_rotation": [-0.7896765794068324, 0.16013129347666225, -0.5922574345551229, -7.314247236221149e-17]}], "source": "action wait"}
{"timestamp": 1706031303.901955, "objects": [{"color": "cv_", "id_name": "hand", "shape": "CVCylinder", "id_string": "ob382", "world_size": [0.12, 0.005, 0.12], "id": 382, "camera_size": [52, 53], "camera_position": [245, 367], "world_position": [0.44412568954992554, 0.7697111310317608, -0.17402259316973287], "world_orientation": [-2.921587327118753e-05, 0.19465415753668067, 0.9808719376657271, -0.0007464586914836075, -0.9808716690582073, 0.19465408199775472, 0.9999997209728886, -0.0007264933941118699, 0.00017395831010560555], "world_rotation": [0.0, 1.0, 0.0, 0.0]}, {"color": "CVPurple", "id_name": "object268178048936623", "shape": "CVBox", "id_string": "ob1156", "world_size": [0.09, 0.09, 0.09], "id": 1156, "camera_size": [37, 37], "camera_position": [256, 254], "world_position": [0.705, 0.6448569696296074, -0.15], "world_orientation": [1.0, -4.331917303826236e-17, -1.1712398707441946e-17, 4.331917303826236e-17, 1.0, -5.775889738434995e-17, 1.1712398707441946e-17, 5.775889738434995e-17, 1.0], "world_rotation": [-0.7896765794068324, 0.16013129347666225, -0.5922574345551229, -7.314247236221149e-17]}], "source": "action wait"}
{"timestamp": 1706031303.93611, "objects": [{"color": "cv_", "id_name": "hand", "shape": "CVCylinder", "id_string": "ob382", "world_size": [0.12, 0.005, 0.12], "id": 382, "camera_size": [53, 54], "camera_position": [245, 343], "world_position": [0.5013399274617455, 0.7924371647811428, -0.1740388403363671], "world_orientation": [2.3784208713375695e-05, 0.19276549355612635, 0.9812448542175263, -0.0007512534165049691, -0.9812445741523814, 0.19276545674683518, 0.9999997175262679, -0.0007417483230151372, 0.00012147760986822636], "world_rotation": [0.0, 1.0, 0.0, 0.0]}, {"color": "CVPurple", "id_name": "object268178048936623", "shape": "CVBox", "id_string": "ob1156", "world_size": [0.09, 0.09, 0.09], "id": 1156, "camera_size": [37, 37], "camera_position": [256, 254], "world_position": [0.705, 0.6448569696296074, -0.15], "world_orientation": [1.0, -4.331917303826236e-17, -1.1712398707441946e-17, 4.331917303826236e-17, 1.0, -5.775889738434995e-17, 1.1712398707441946e-17, 5.775889738434995e-17, 1.0], "world_rotation": [-0.7896765794068324, 0.16013129347666225, -0.5922574345551229, -7.314247236221149e-17]}], "source": "action wait"}
{"timestamp": 1706031303.967159, "objects": [{"color": "cv_", "id_name": "hand", "shape": "CVCylinder", "id_string": "ob382", "world_size": [0.12, 0.005, 0.12], "id": 382, "camera_size": [54, 54], "camera_position": [245, 318], "world_position": [0.5606795115922477, 0.8092639729887502, -0.17405256471109526], "world_orientation": [6.088793122640495e-05, 0.19142973276894182, 0.9815063187288563, -0.000754532793262468, -0.9815060323580913, 0.1914297237237246, 0.9999997134864208, -0.0007522344641283119, 8.46781391835436e-05], "world_rotation": [0.0, 1.0, 0.0, 0.0]}, {"color": "CVPurple", "id_name": "object268178048936623", "shape": "CVBox", "id_string": "ob1156", "world_size": [0.09, 0.09, 0.09], "id": 1156, "camera_size": [37, 37], "camera_position": [256, 254], "world_position": [0.705, 0.6448569696296074, -0.15], "world_orientation": [1.0, -4.331917303826236e-17, -1.1712398707441946e-17, 4.331917303826236e-17, 1.0, -5.775889738434995e-17, 1.1712398707441946e-17, 5.775889738434995e-17, 1.0], "world_rotation": [-0.7896765794068324, 0.16013129347666225, -0.5922574345551229, -7.314247236221149e-17]}], "source": "action wait"}
{"timestamp": 1706031303.999, "objects": [{"color": "cv_", "id_name": "hand", "shape": "CVCylinder", "id_string": "ob382", "world_size": [0.12, 0.005, 0.12], "id": 382, "camera_size": [54, 54], "camera_position": [245, 291], "world_position": [0.621717354660998, 0.8138104996214572, -0.17406301841739913], "world_orientation": [8.102613737908353e-05, 0.18163178864469018, 0.983366608538492, -0.0007644442566860129, -0.9833663131887552, 0.18163179708006386, 0.9999997045298281, -0.0007664458790569658, 5.916900367507065e-05], "world_rotation": [0.0, 1.0, 0.0, 0.0]}, {"color": "CVPurple", "id_name": "object268178048936623", "shape": "CVBox", "id_string": "ob1156", "world_size": [0.09, 0.09, 0.09], "id": 1156, "camera_size": [37, 37], "camera_position": [256, 254], "world_position": [0.705, 0.6448569696296074, -0.15], "world_orientation": [1.0, -4.331917303826236e-17, -1.1712398707441946e-17, 4.331917303826236e-17, 1.0, -5.775889738434995e-17, 1.1712398707441946e-17, 5.775889738434995e-17, 1.0], "world_rotation": [-0.7896765794068324, 0.16013129347666225, -0.5922574345551229, -7.314247236221149e-17]}], "source": "action wait"}
{"timestamp": 1706031304.029257, "objects": [{"color": "cv_", "id_name": "hand", "shape": "CVCylinder", "id_string": "ob382", "world_size": [0.12, 0.005, 0.12], "id": 382, "camera_size": [53, 53], "camera_position": [245, 263], "world_position": [0.6838601658342297, 0.793419401953013, -0.17407076181634296], "world_orientation": [7.165220661151872e-05, 0.14552944897027092, 0.9893539176393706, -0.0007771436570199754, -0.9893536133140746, 0.1455294604886623, 0.9999996954568025, -0.0007792976286126151, 4.220791866423928e-05], "world_rotation": [0.0, 1.0, 0.0, 0.0]}, {"color": "CVPurple", "id_name": "object268178048936623", "shape": "CVBox", "id_string": "ob1156", "world_size": [0.09, 0.09, 0.09], "id": 1156, "camera_size": [37, 37], "camera_position": [256, 254], "world_position": [0.705, 0.6448569696296074, -0.15], "world_orientation": [1.0, -4.331917303826236e-17, -1.1712398707441946e-17, 4.331917303826236e-17, 1.0, -5.775889738434995e-17, 1.1712398707441946e-17, 5.775889738434995e-17, 1.0], "world_rotation": [-0.7896765794068324, 0.16013129347666225, -0.5922574345551229, -7.314247236221149e-17]}], "source": "action wait"}
{"timestamp": 1706031304.061933, "objects": [{"color": "cv_", "id_name": "hand", "shape": "CVCylinder", "id_string": "ob382", "world_size": [0.12, 0.005, 0.12], "id": 382, "camera_size": [52, 52], "camera_position": [245, 239], "world_position": [0.73799492821987, 0.761875330607263, -0.1740724607682726], "world_orientation": [3.8774401624462025e-05, 0.10231594819914334, 0.9947519516143992, -0.0007766746448526241, -0.994751649252002, 0.10231594737340947, 0.9999996976364752, -0.0007765658583729248, 4.0895302766035605e-05], "world_rotation": [0.0, 1.0, 0.0, 0.0]}, {"color": "CVPurple", "id_name": "object268178048936623", "shape": "CVBox", "id_string": "ob1156", "world_size": [0.09, 0.09, 0.09], "id": 1156, "camera_size": [37, 37], "camera_position": [256, 254], "world_position": [0.705, 0.6448569696296074, -0.15], "world_orientation": [1.0, -4.331917303826236e-17, -1.1712398707441946e-17, 4.331917303826236e-17, 1.0, -5.775889738434995e-17, 1.1712398707441946e-17, 5.775889738434995e-17, 1.0], "world_rotation": [-0.7896765794068324, 0.16013129347666225, -0.5922574345551229, -7.314247236221149e-17]}], "source": "action wait"}
{"timestamp": 1706031304.093826, "objects": [{"color": "cv_", "id_name": "hand", "shape": "CVCylinder", "id_string": "ob382", "world_size": [0.12, 0.005, 0.12], "id": 382, "camera_size": [51, 51], "camera_position": [246, 224], "world_position": [0.7751412149754456, 0.7361037463519202, -0.17407391203856534], "world_orientation": [1.3685073232152698e-05, 0.07166190299308868, 0.9974289806658557, -0.0007699058055091355, -0.9974286843886839, 0.07166189226995094, 0.9999997035288408, -0.0007689070610417068, 4.152303055889204e-05], "world_rotation": [0.0, 1.0, 0.0, 0.0]}, {"color": "CVPurple", "id_name": "object268178048936623", "shape": "CVBox", "id_string": "ob1156", "world_size": [0.09, 0.09, 0.09], "id": 1156, "camera_size": [37, 37], "camera_position": [256, 254], "world_position": [0.705, 0.6448569696296074, -0.15], "world_orientation": [1.0, -4.331917303826236e-17, -1.1712398707441946e-17, 4.331917303826236e-17, 1.0, -5.775889738434995e-17, 1.1712398707441946e-17, 5.775889738434995e-17, 1.0], "world_rotation": [-0.7896765794068324, 0.16013129347666225, -0.5922574345551229, -7.314247236221149e-17]}], "source": "action wait"}
{"timestamp": 1706031304.125759, "objects": [{"color": "cv_", "id_name": "hand", "shape": "CVCylinder", "id_string": "ob382", "world_size": [0.12, 0.005, 0.12], "id": 382, "camera_size": [51, 51], "camera_position": [246, 214], "world_position": [0.80060146252868, 0.7163005764302799, -0.17407746096427726], "world_orientation": [9.850905179293797e-08, 0.05001499009715256, 0.9987484672156309, -0.000764882108359717, -0.9987481750556059, 0.05001497554190363, 0.9999997074776326, -0.000763929760253091, 3.815718533977776e-05], "world_rotation": [0.0, 1.0, 0.0, 0.0]}, {"color": "CVPurple", "id_name": "object268178048936623", "shape": "CVBox", "id_string": "ob1156", "world_size": [0.09, 0.09, 0.09], "id": 1156, "camera_size": [37, 37], "camera_position": [256, 254], "world_position": [0.705, 0.6448569696296074, -0.15], "world_orientation": [1.0, -4.331917303826236e-17, -1.1712398707441946e-17, 4.331917303826236e-17, 1.0, -5.775889738434995e-17, 1.1712398707441946e-17, 5.775889738434995e-17, 1.0], "world_rotation": [-0.7896765794068324, 0.16013129347666225, -0.5922574345551229, -7.314247236221149e-17]}], "source": "action wait"}
{"timestamp": 1706031304.159971, "objects": [{"color": "cv_", "id_name": "hand", "shape": "CVCylinder", "id_string": "ob382", "world_size": [0.12, 0.005, 0.12], "id": 382, "camera_size": [49, 50], "camera_position": [246, 207], "world_position": [0.8181420621531003, 0.7015727087216661, -0.17408166618242094], "world_orientation": [-6.74863342200773e-06, 0.03474494592317425, 0.9993962120636898, -0.0007618274361731403, -0.9993959222497323, 0.0347449307031205, 0.9999997097866646, -0.000761132973157397, 3.3214209795715655e-05], "world_rotation": [0.0, 1.0, 0.0, 0.0]}, {"color": "CVPurple", "id_name": "object268178048936623", "shape": "CVBox", "id_string": "ob1156", "world_size": [0.09, 0.09, 0.09], "id": 1156, "camera_size": [37, 37], "camera_position": [256, 254], "world_position": [0.705, 0.6448569696296074, -0.15], "world_orientation": [1.0, -4.331917303826236e-17, -1.1712398707441946e-17, 4.331917303826236e-17, 1.0, -5.775889738434995e-17, 1.1712398707441946e-17, 5.775889738434995e-17, 1.0], "world_rotation": [-0.7896765794068324, 0.16013129347666225, -0.5922574345551229, -7.314247236221149e-17]}], "source": "action wait"}
{"timestamp": 1706031304.193601, "objects": [{"color": "cv_", "id_name": "hand", "shape": "CVCylinder", "id_string": "ob382", "world_size": [0.12, 0.005, 0.12], "id": 382, "camera_size": [49, 50], "camera_position": [246, 202], "world_position": [0.8302885071249202, 0.6908348384751378, -0.17408577637519104], "world_orientation": [-9.766796545638257e-06, 0.02397879617549025, 0.99971246728176, -0.0007602979888284364, -0.9997121785640471, 0.02397878182258459, 0.9999997109257471, -0.0007598451823979167, 2.7995015959356973e-05], "world_rotation": [0.0, 1.0, 0.0, 0.0]}, {"color": "CVPurple", "id_name": "object268178048936623", "shape": "CVBox", "id_string": "ob1156", "world_size": [0.09, 0.09, 0.09], "id": 1156, "camera_size": [37, 37], "camera_position": [256, 254], "world_position": [0.705, 0.6448569696296074, -0.15], "world_orientation": [1.0, -4.331917303826236e-17, -1.1712398707441946e-17, 4.331917303826236e-17, 1.0, -5.775889738434995e-17, 1.1712398707441946e-17, 5.775889738434995e-17, 1.0], "world_rotation": [-0.7896765794068324, 0.16013129347666225, -0.5922574345551229, -7.314247236221149e-17]}], "source": "action wait"}
{"timestamp": 1706031304.227319, "objects": [{"color": "cv_", "id_name": "hand", "shape": "CVCylinder", "id_string": "ob382", "world_size": [0.12, 0.005, 0.12], "id": 382, "camera_size": [49, 50], "camera_position": [246, 199], "world_position": [0.8387368068356119, 0.6831038573825441, -0.17408944702840054], "world_orientation": [-1.0701750295572938e-05, 0.01638994944678304, 0.9998656756997935, -0.0007597703019918757, -0.9998653873035859, 0.016389936587384777, 0.9999997113172387, -0.0007594928453693821, 2.315290654529339e-05], "world_rotation": [0.0, 1.0, 0.0, 0.0]}, {"color": "CVPurple", "id_name": "object268178048936623", "shape": "CVBox", "id_string": "ob1156", "world_size": [0.09, 0.09, 0.09], "id": 1156, "camera_size": [37, 37], "camera_position": [256, 254], "world_position": [0.705, 0.6448569696296074, -0.15], "world_orientation": [1.0, -4.331917303826236e-17, -1.1712398707441946e-17, 4.331917303826236e-17, 1.0, -5.775889738434995e-17, 1.1712398707441946e-17, 5.775889738434995e-17, 1.0], "world_rotation": [-0.7896765794068324, 0.16013129347666225, -0.5922574345551229, -7.314247236221149e-17]}], "source": "action wait"}
{"timestamp": 1706031304.260277, "objects": [{"color": "cv_", "id_name": "hand", "shape": "CVCylinder", "id_string": "ob382", "world_size": [0.12, 0.005, 0.12], "id": 382, "camera_size": [49, 49], "camera_position": [246, 197], "world_position": [0.844633749934386, 0.6775829752432903, -0.17409255904779186], "world_orientation": [-1.0543485959840716e-05, 0.01104126928808195, 0.9999390432728104, -0.0007598229130308692, -0.999938754768968, 0.01104125809076891, 0.9999997112789462, -0.0007596601833635422, 1.89322496160043e-05], "world_rotation": [0.0, 1.0, 0.0, 0.0]}, {"color": "CVPurple", "id_name": "object268178048936623", "shape": "CVBox", "id_string": "ob1156", "world_size": [0.09, 0.09, 0.09], "id": 1156, "camera_size": [37, 37], "camera_position": [256, 254], "world_position": [0.705, 0.6448569696296074, -0.15], "world_orientation": [1.0, -4.331917303826236e-17, -1.1712398707441946e-17, 4.331917303826236e-17, 1.0, -5.775889738434995e-17, 1.1712398707441946e-17, 5.775889738434995e-17, 1.0], "world_rotation": [-0.7896765794068324, 0.16013129347666225, -0.5922574345551229, -7.314247236221149e-17]}], "source": "action wait"}
{"timestamp": 1706031304.291411, "objects": [{"color": "cv_", "id_name": "hand", "shape": "CVCylinder", "id_string": "ob382", "world_size": [0.12, 0.005, 0.12], "id": 382, "camera_size": [49, 49], "camera_position": [246, 196], "world_position": [0.8487610799744466, 0.673661454549021, -0.17409511082602702], "world_orientation": [-9.891906362816779e-06, 0.007271600033897942, 0.9999735615180521, -0.0007601667121497122, -0.9999732727025363, 0.007271590413995187, 0.9999997110243183, -0.0007600746846046936, 1.541927026909566e-05], "world_rotation": [0.0, 1.0, 0.0, 0.0]}, {"color": "CVPurple", "id_name": "object268178048936623", "shape": "CVBox", "id_string": "ob1156", "world_size": [0.09, 0.09, 0.09], "id": 1156, "camera_size": [37, 37], "camera_position": [256, 254], "world_position": [0.705, 0.6448569696296074, -0.15], "world_orientation": [1.0, -4.331917303826236e-17, -1.1712398707441946e-17, 4.331917303826236e-17, 1.0, -5.775889738434995e-17, 1.1712398707441946e-17, 5.775889738434995e-17, 1.0], "world_rotation": [-0.7896765794068324, 0.16013129347666225, -0.5922574345551229, -7.314247236221149e-17]}], "source": "action wait"}
{"timestamp": 1706031304.323823, "objects": [{"color": "cv_", "id_name": "hand", "shape": "CVCylinder", "id_string": "ob382", "world_size": [0.12, 0.005, 0.12], "id": 382, "camera_size": [49, 49], "camera_position": [246, 195], "world_position": [0.8516557665415361, 0.6708858048992339, -0.1740971557793722], "world_orientation": [-9.053925883190458e-06, 0.004614788878922574, 0.9999893517641223, -0.0007606217428318386, -0.9999890625672094, 0.0046147806576397905, 0.9999997106862535, -0.0007605718616704196, 1.2563935616737775e-05], "world_rotation": [0.0, 1.0, 0.0, 0.0]}, {"color": "CVPurple", "id_name": "object268178048936623", "shape": "CVBox", "id_string": "ob1156", "world_size": [0.09, 0.09, 0.09], "id": 1156, "camera_size": [37, 37], "camera_position": [256, 254], "world_position": [0.705, 0.6448569696296074, -0.15], "world_orientation": [1.0, -4.331917303826236e-17, -1.1712398707441946e-17, 4.331917303826236e-17, 1.0, -5.775889738434995e-17, 1.1712398707441946e-17, 5.775889738434995e-17, 1.0], "world_rotation": [-0.7896765794068324, 0.16013129347666225, -0.5922574345551229, -7.314247236221149e-17]}], "source": "action wait"}
{"timestamp": 1706031304.352827, "objects": [{"color": "cv_", "id_name": "hand", "shape": "CVCylinder", "id_string": "ob382", "world_size": [0.12, 0.005, 0.12], "id": 382, "camera_size": [49, 49], "camera_position": [246, 194], "world_position": [0.8536890235481076, 0.6689257621938232, -0.17409876770994895], "world_orientation": [-8.21125708079189e-06, 0.002742270070553054, 0.9999962399366488, -0.000761086386588982, -0.9999959503623019, 0.0027422630269598298, 0.9999997103400018, -0.0007610610074296417, 1.0298328247588965e-05], "world_rotation": [0.0, 1.0, 0.0, 0.0]}, {"color": "CVPurple", "id_name": "object268178048936623", "shape": "CVBox", "id_string": "ob1156", "world_size": [0.09, 0.09, 0.09], "id": 1156, "camera_size": [37, 37], "camera_position": [256, 254], "world_position": [0.705, 0.6448569696296074, -0.15], "world_orientation": [1.0, -4.331917303826236e-17, -1.1712398707441946e-17, 4.331917303826236e-17, 1.0, -5.775889738434995e-17, 1.1712398707441946e-17, 5.775889738434995e-17, 1.0], "world_rotation": [-0.7896765794068324, 0.16013129347666225, -0.5922574345551229, -7.314247236221149e-17]}], "source": "action wait"}
{"timestamp": 1706031304.389052, "objects": [{"color": "cv_", "id_name": "hand", "shape": "CVCylinder", "id_string": "ob382", "world_size": [0.12, 0.005, 0.12], "id": 382, "camera_size": [48, 48], "camera_position": [246, 193], "world_position": [0.8551187910673206, 0.6675437501156587, -0.17410002269172872], "world_orientation": [-7.440455961318332e-06, 0.001422485697085612, 0.9999989882390289, -0.0007615095240399489, -0.9999986983266425, 0.0014224796187054913, 0.9999997100239003, -0.000761498169677697, 8.523682682781587e-06], "world_rotation": [0.0, 1.0, 0.0, 0.0]}, {"color": "CVPurple", "id_name": "object268178048936623", "shape": "CVBox", "id_string": "ob1156", "world_size": [0.09, 0.09, 0.09], "id": 1156, "camera_size": [37, 37], "camera_position": [256, 254], "world_position": [0.705, 0.6448569696296074, -0.15], "world_orientation": [1.0, -4.331917303826236e-17, -1.1712398707441946e-17, 4.331917303826236e-17, 1.0, -5.775889738434995e-17, 1.1712398707441946e-17, 5.775889738434995e-17, 1.0], "world_rotation": [-0.7896765794068324, 0.16013129347666225, -0.5922574345551229, -7.314247236221149e-17]}], "source": "action wait"}
{"timestamp": 1706031304.431671, "objects": [{"color": "cv_", "id_name": "hand", "shape": "CVCylinder", "id_string": "ob382", "world_size": [0.12, 0.005, 0.12], "id": 382, "camera_size": [48, 49], "camera_position": [246, 193], "world_position": [0.8561250048349099, 0.666570232005004, -0.17410099047405447], "world_orientation": [-6.774613234445352e-06, 0.000492251676756405, 0.9999998788211885, -0.0007618705575656572, -0.9999995886232966, 0.0004922463725272914, 0.9999997097536371, -0.0007618671304646244, 7.149642507325096e-06], "world_rotation": [0.0, 1.0, 0.0, 0.0]}, {"color": "CVPurple", "id_name": "object268178048936623", "shape": "CVBox", "id_string": "ob1156", "world_size": [0.09, 0.09, 0.09], "id": 1156, "camera_size": [37, 37], "camera_position": [256, 254], "world_position": [0.705, 0.6448569696296074, -0.15], "world_orientation": [1.0, -4.331917303826236e-17, -1.1712398707441946e-17, 4.331917303826236e-17, 1.0, -5.775889738434995e-17, 1.1712398707441946e-17, 5.775889738434995e-17, 1.0], "world_rotation": [-0.7896765794068324, 0.16013129347666225, -0.5922574345551229, -7.314247236221149e-17]}], "source": "action wait"}
{"timestamp": 1706031304.45964, "objects": [{"color": "cv_", "id_name": "hand", "shape": "CVCylinder", "id_string": "ob382", "world_size": [0.12, 0.005, 0.12], "id": 382, "camera_size": [48, 49], "camera_position": [246, 193], "world_position": [0.8568335556064107, 0.6658848613972213, -0.17410173113328203], "world_orientation": [-6.22021398195209e-06, -0.00016343141362571225, 0.999999986625741, -0.000762165883406632, -0.9999996961958566, -0.00016343610699499531, 0.9999997095321955, -0.000762166889821115, 6.095650244847339e-06], "world_rotation": [0.0, 1.0, 0.0, 0.0]}, {"color": "CVPurple", "id_name": "object268178048936623", "shape": "CVBox", "id_string": "ob1156", "world_size": [0.09, 0.09, 0.09], "id": 1156, "camera_size": [37, 37], "camera_position": [256, 254], "world_position": [0.705, 0.6448569696296074, -0.15], "world_orientation": [1.0, -4.331917303826236e-17, -1.1712398707441946e-17, 4.331917303826236e-17, 1.0, -5.775889738434995e-17, 1.1712398707441946e-17, 5.775889738434995e-17, 1.0], "world_rotation": [-0.7896765794068324, 0.16013129347666225, -0.5922574345551229, -7.314247236221149e-17]}], "source": "action wait"}
{"timestamp": 1706031304.528028, "objects": [{"color": "cv_", "id_name": "hand", "shape": "CVCylinder", "id_string": "ob382", "world_size": [0.12, 0.005, 0.12], "id": 382, "camera_size": [48, 48], "camera_position": [246, 192], "world_position": [0.8576844692676286, 0.6650630823992518, -0.17410272073173005], "world_orientation": [-5.412038898279185e-06, -0.0009513943344154835, 0.9999995474096628, -0.0007625827606175885, -0.9999992566542373, -0.0009513981849214039, 0.9999997092190792, -0.000762587564484324, 4.686517957652575e-06], "world_rotation": [0.0, 1.0, 0.0, 0.0]}, {"color": "CVPurple", "id_name": "object268178048936623", "shape": "CVBox", "id_string": "ob1156", "world_size": [0.09, 0.09, 0.09], "id": 1156, "camera_size": [37, 37], "camera_position": [256, 254], "world_position": [0.705, 0.6448569696296074, -0.15], "world_orientation": [1.0, -4.331917303826236e-17, -1.1712398707441946e-17, 4.331917303826236e-17, 1.0, -5.775889738434995e-17, 1.1712398707441946e-17, 5.775889738434995e-17, 1.0], "world_rotation": [-0.7896765794068324, 0.16013129347666225, -0.5922574345551229, -7.314247236221149e-17]}], "source": "action wait"}
{"timestamp": 1706031304.557636, "objects": [{"color": "cv_", "id_name": "hand", "shape": "CVCylinder", "id_string": "ob382", "world_size": [0.12, 0.005, 0.12], "id": 382, "camera_size": [48, 48], "camera_position": [246, 192], "world_position": [0.8579324078197339, 0.6648242452727506, -0.1741030418551533], "world_orientation": [-5.130793151910055e-06, -0.0011810455634477662, 0.999999302552283, -0.0007627221431420276, -0.9999990116884502, -0.0011810491332959344, 0.9999997091142615, -0.0007627276709023956, 4.229978478150424e-06], "world_rotation": [0.0, 1.0, 0.0, 0.0]}, {"color": "CVPurple", "id_name": "object268178048936623", "shape": "CVBox", "id_string": "ob1156", "world_size": [0.09, 0.09, 0.09], "id": 1156, "camera_size": [37, 37], "camera_position": [256, 254], "world_position": [0.705, 0.6448569696296074, -0.15], "world_orientation": [1.0, -4.331917303826236e-17, -1.1712398707441946e-17, 4.331917303826236e-17, 1.0, -5.775889738434995e-17, 1.1712398707441946e-17, 5.775889738434995e-17, 1.0], "world_rotation": [-0.7896765794068324, 0.16013129347666225, -0.5922574345551229, -7.314247236221149e-17]}], "source": "action wait"}
{"timestamp": 1706031307.097392, "objects": [{"color": "cv_", "id_name": "hand", "shape": "CVCylinder", "id_string": "ob382", "world_size": [0.12, 0.005, 0.12], "id": 382, "camera_size": [48, 49], "camera_position": [246, 192], "world_position": [0.8585252618414124, 0.664256588433196, -0.1741039794188283], "world_orientation": [-4.231679093400485e-06, -0.0017297525102487154, 0.9999985039680541, -0.0007631197307420144, -0.9999982127959532, -0.001729755235874577, 0.9999997088151424, -0.0007631259088599526, 2.9116632610188114e-06], "world_rotation": [0.0, 1.0, 0.0, 0.0]}, {"color": "CVPurple", "id_name": "object268178048936623", "shape": "CVBox", "id_string": "ob1156", "world_size": [0.09, 0.09, 0.09], "id": 1156, "camera_size": [37, 37], "camera_position": [256, 254], "world_position": [0.705, 0.6448569696296074, -0.15], "world_orientation": [1.0, -4.331917303826236e-17, -1.1712398707441946e-17, 4.331917303826236e-17, 1.0, -5.775889738434995e-17, 1.1712398707441946e-17, 5.775889738434995e-17, 1.0], "world_rotation": [-0.7896765794068324, 0.16013129347666225, -0.5922574345551229, -7.314247236221149e-17]}], "source": "action wait"}
{"timestamp": 1706031307.130063, "objects": [{"color": "cv_", "id_name": "hand", "shape": "CVCylinder", "id_string": "ob382", "world_size": [0.12, 0.005, 0.12], "id": 382, "camera_size": [48, 48], "camera_position": [246, 205], "world_position": [0.8258051915336048, 0.6514405959255515, -0.17408813543006962], "world_orientation": [-4.614041919624418e-05, -0.022652178704512853, 0.9997434054151098, -0.000760071291998509, -0.999743116904785, -0.022652207246456807, 0.9999997100813044, -0.0007609214441592955, 2.8911295768382233e-05], "world_rotation": [0.0, 1.0, 0.0, 0.0]}, {"color": "CVPurple", "id_name": "object268178048936623", "shape": "CVBox", "id_string": "ob1156", "world_size": [0.09, 0.09, 0.09], "id": 1156, "camera_size": [37, 37], "camera_position": [256, 254], "world_position": [0.705, 0.6448569696296074, -0.15], "world_orientation": [1.0, -4.331917303826236e-17, -1.1712398707441946e-17, 4.331917303826236e-17, 1.0, -5.775889738434995e-17, 1.1712398707441946e-17, 5.775889738434995e-17, 1.0], "world_rotation": [-0.7896765794068324, 0.16013129347666225, -0.5922574345551229, -7.314247236221149e-17]}], "source": "action wait"}
{"timestamp": 1706031307.161506, "objects": [{"color": "cv_", "id_name": "hand", "shape": "CVCylinder", "id_string": "ob382", "world_size": [0.12, 0.005, 0.12], "id": 382, "camera_size": [48, 48], "camera_position": [246, 219], "world_position": [0.791660621163977, 0.6581976490506373, -0.1740975059898444], "world_orientation": [-3.356896120780697e-05, -0.01649503615390728, 0.9998639470725036, -0.0007581063994154143, -0.9998636598924832, -0.016495056868524646, 0.9999997120738645, -0.0007585569787449246, 2.1059391945517535e-05], "world_rotation": [0.0, 1.0, 0.0, 0.0]}, {"color": "CVPurple", "id_name": "object268178048936623", "shape": "CVBox", "id_string": "ob1156", "world_size": [0.09, 0.09, 0.09], "id": 1156, "camera_size": [37, 38], "camera_position": [256, 263], "world_position": [0.6807806382717222, 0.6461873907074633, -0.15000333392644907], "world_orientation": [0.9994686325659282, -0.03259514843653227, 9.388926534843311e-05, 0.03259514965136108, 0.9994686368708062, -1.1437571095984414e-05, -9.346656672697289e-05, 1.4491828197867443e-05, 0.9999999955269939], "world_rotation": [0.00039774768513767814, 0.0028739712656091444, 0.999995791034114, 0.03260106082256759]}], "source": "action wait"}
{"timestamp": 1706031307.191233, "objects": [{"color": "cv_", "id_name": "hand", "shape": "CVCylinder", "id_string": "ob382", "world_size": [0.12, 0.005, 0.12], "id": 382, "camera_size": [48, 49], "camera_position": [246, 229], "world_position": [0.7671180217610415, 0.6616181574350286, -0.17410362928115436], "world_orientation": [-1.7331062594009742e-05, -0.012085382749094535, 0.9999269689449537, -0.0007619847466131109, -0.9999266786463084, -0.012085392447437587, 0.9999997095393981, -0.000762138550756494, 8.120914545609753e-06], "world_rotation": [0.0, 1.0, 0.0, 0.0]}, {"color": "CVPurple", "id_name": "object268178048936623", "shape": "CVBox", "id_string": "ob1156", "world_size": [0.09, 0.09, 0.09], "id": 1156, "camera_size": [37, 39], "camera_position": [256, 282], "world_position": [0.6358246324168834, 0.6467271154917807, -0.15000356469633405], "world_orientation": [0.9990079261509015, -0.04453262304287826, 9.472378748856056e-05, 0.044532623812382634, 0.9990079305891598, -6.029041968100417e-06, -9.436132586323912e-05, 1.0241359507540784e-05, 0.9999999954955275], "world_rotation": [0.00018267916064365123, 0.002122990624971972, 0.9999977297669883, 0.04454745695802376]}], "source": "action wait"}
{"timestamp": 1706031307.224442, "objects": [{"color": "cv_", "id_name": "hand", "shape": "CVCylinder", "id_string": "ob382", "world_size": [0.12, 0.005, 0.12], "id": 382, "camera_size": [48, 49], "camera_position": [246, 236], "world_position": [0.7497575804592587, 0.6632740662818428, -0.17410670426974442], "world_orientation": [-8.318527903839707e-06, -0.0089919437767447, 0.9999595716217322, -0.0007634498716988745, -0.9999592801831101, -0.008991947507074514, 0.9999997085375053, -0.0007634938064252775, 1.4532908525914242e-06], "world_rotation": [0.0, 1.0, 0.0, 0.0]}, {"color": "CVPurple", "id_name": "object268178048936623", "shape": "CVBox", "id_string": "ob1156", "world_size": [0.09, 0.09, 0.09], "id": 1156, "camera_size": [37, 39], "camera_position": [256, 298], "world_position": [0.5950995309857872, 0.6440852977864705, -0.1500040404780988], "world_orientation": [0.9998666774250652, 0.016328441323828827, 9.684469484440041e-05, -0.016328441025313386, 0.9998666821125144, -3.872327574387323e-06, -9.689501278785461e-05, 2.290488417322684e-06, 0.9999999953030551], "world_rotation": [0.00018871083182662708, 0.005932479800518236, -0.9999823848806729, 0.016329454508527772]}], "source": "action wait"}
{"timestamp": 1706031307.262669, "objects": [{"color": "cv_", "id_name": "hand", "shape": "CVCylinder", "id_string": "ob382", "world_size": [0.12, 0.005, 0.12], "id": 382, "camera_size": [48, 49], "camera_position": [246, 241], "world_position": [0.7375110221799059, 0.6640707238612269, -0.17410801947931637], "world_orientation": [-3.3910444436664046e-06, -0.006820874804322079, 0.9999767375571318, -0.0007638601060406562, -0.9999764458108263, -0.006820875404654225, 0.999999708253077, -0.0007638654666806031, -1.8192295805971945e-06], "world_rotation": [0.0, 1.0, 0.0, 0.0]}, {"color": "CVPurple", "id_name": "object268178048936623", "shape": "CVBox", "id_string": "ob1156", "world_size": [0.09, 0.09, 0.09], "id": 1156, "camera_size": [37, 39], "camera_position": [256, 310], "world_position": [0.5666569932750571, 0.6449300123970984, -0.15000400653473847], "world_orientation": [0.9999945599986529, -0.0032970545354744116, 9.697675235973041e-05, 0.003297054823783133, 0.9999945646960162, -2.8132483844333245e-06, -9.696694982825657e-05, 3.132970749523072e-06, 0.9999999952937976], "world_rotation": [0.0009013569820146423, 0.029398935045401985, 0.999567351494529, 0.0032984877441000707]}], "source": "action wait"}
{"timestamp": 1706031307.294846, "objects": [{"color": "cv_", "id_name": "hand", "shape": "CVCylinder", "id_string": "ob382", "world_size": [0.12, 0.005, 0.12], "id": 382, "camera_size": [48, 48], "camera_position": [246, 244], "world_position": [0.728882433433029, 0.6644519008860962, -0.1741083524440442], "world_orientation": [-9.688045724788146e-07, -0.005296336526003019, 0.9999859743108724, -0.0007638559766496924, -0.9999856825734951, -0.005296335720879215, 0.9999997082615117, -0.0007638503941578647, -3.0768476076805867e-06], "world_rotation": [0.0, 1.0, 0.0, 0.0]}, {"color": "CVPurple", "id_name": "object268178048936623", "shape": "CVBox", "id_string": "ob1156", "world_size": [0.09, 0.09, 0.09], "id": 1156, "camera_size": [37, 39], "camera_position": [256, 318], "world_position": [0.5451193698737637, 0.6444630892553059, -0.1500040972865264], "world_orientation": [0.9999777932705314, 0.006663596573771112, 9.71931093218547e-05, -0.006663596408058939, 0.9999777979929328, -2.028710408139106e-06, -9.720446994747948e-05, 1.381009702951895e-06, 0.9999999952746921], "world_rotation": [0.0002558196106292781, 0.014584983932902066, -0.9998936007396007, 0.006664354899350251]}], "source": "action wait"}
{"timestamp": 1706031307.327786, "objects": [{"color": "cv_", "id_name": "hand", "shape": "CVCylinder", "id_string": "ob382", "world_size": [0.12, 0.005, 0.12], "id": 382, "camera_size": [48, 49], "camera_position": [246, 247], "world_position": [0.7228061739620298, 0.664633490608542, -0.17410816937325105], "world_orientation": [-1.9133312749705923e-07, -0.0042253381173919325, 0.999991073219035, -0.0007637191439447474, -0.9999907815875312, -0.004225337031264938, 0.9999997083664739, -0.0007637131348385438, -3.0356402458189453e-06], "world_rotation": [0.0, 1.0, 0.0, 0.0]}, {"color": "CVPurple", "id_name": "object268178048936623", "shape": "CVBox", "id_string": "ob1156", "world_size": [0.09, 0.09, 0.09], "id": 1156, "camera_size": [37, 40], "camera_position": [256, 322], "world_position": [0.5340732795006174, 0.6447928899696457, -0.15000410502060463], "world_orientation": [0.9999996019188117, -0.000886968571573835, 9.720581892350289e-05, 0.0008869686849079295, 0.9999996066425683, -1.1228157622586638e-06, -9.720478478457882e-05, 1.2090338326636741e-06, 0.999999995274884], "world_rotation": [0.0013066804284655388, 0.10894035854828828, 0.9940474288813529, 0.0008922801067293376]}], "source": "action wait"}
