{"timestamp": 1706068296.034529, "objects": [{"color": "cv_", "id_name": "hand", "shape": "CVCylinder", "id_string": "ob383", "world_size": [0.12, 0.005, 0.12], "id": 383, "camera_size": [48, 50], "camera_position": [246, 426], "world_position": [0.2676445155400317, 0.6334703013847338, -0.1738926040084784], "world_orientation": [-0.0006415512041648783, 0.19791547486655484, 0.9802188802611376, -0.0007473675358126941, -0.980218903124939, 0.1979149903324863, 0.999999514926792, -0.0006056111687280467, 0.0007767762183956265], "world_rotation": [0.0, 1.0, 0.0, 0.0]}, {"color": "CVBlue", "id_name": "object70472206291978", "shape": "CVCone", "id_string": "ob751", "world_size": [0.1, 0.1, 0.1], "id": 751, "camera_size": [41, 41], "camera_position": [256, 254], "world_position": [0.705, 0.649803795681077, -0.15], "world_orientation": [1.0, 1.9184653865522657e-17, -9.55897242464241e-18, -1.9184653865522657e-17, 1.0, -1.6626700016786308e-16, 9.55897242464241e-18, 1.6626700016786308e-16, 1.0], "world_rotation": [-0.9917927042003282, 0.05701984820103169, 0.11443761971542243, -1.67642894995807e-16]}], "source": "manual check"}
{"timestamp": 1706068297.056336, "objects": [{"color": "cv_", "id_name": "hand", "shape": "CVCylinder", "id_string": "ob383", "world_size": [0.12, 0.005, 0.12], "id": 383, "camera_size": [48, 50], "camera_position": [246, 426], "world_position": [0.2676445155400317, 0.6334703013847338, -0.1738926040084784], "world_orientation": [-0.0006415512041648783, 0.19791547486655484, 0.9802188802611376, -0.0007473675358126941, -0.980218903124939, 0.1979149903324863, 0.999999514926792, -0.0006056111687280467, 0.0007767762183956265], "world_rotation": [0.0, 1.0, 0.0, 0.0]}, {"color": "CVBlue", "id_name": "object70472206291978", "shape": "CVCone", "id_string": "ob751", "world_size": [0.1, 0.1, 0.1], "id": 751, "camera_size": [41, 41], "camera_position": [256, 254], "world_position": [0.705, 0.6498037994254439, -0.15], "world_orientation": [1.0, 8.100187187665134e-17, -1.2653630886983698e-17, -8.100187187665134e-17, 1.0, -1.9397816686250694e-16, 1.2653630886983698e-17, 1.9397816686250694e-16, 1.0], "world_rotation": [-0.9211093596285536, 0.06008602943210125, 0.38463907325148433, -2.1059189642881336e-16]}], "source": "manual check"}
{"timestamp": 1706068298.629288, "objects": [{"color": "cv_", "id_name": "hand", "shape": "CVCylinder", "id_string": "ob383", "world_size": [0.12, 0.005, 0.12], "id": 383, "camera_size": [48, 50], "camera_position": [246, 426], "world_position": [0.2676445155400317, 0.6334703013847338, -0.1738926040084784], "world_orientation": [-0.0006415512041648783, 0.19791547486655484, 0.9802188802611376, -0.0007473675358126941, -0.980218903124939, 0.1979149903324863, 0.999999514926792, -0.0006056111687280467, 0.0007767762183956265], "world_rotation": [0.0, 1.0, 0.0, 0.0]}, {"color": "CVBlue", "id_name": "object70472206291978", "shape": "CVCone", "id_string": "ob751", "world_size": [0.1, 0.1, 0.1], "id": 751, "camera_size": [41, 41], "camera_position": [256, 254], "world_position": [0.705, 0.6498037994254439, -0.15], "world_orientation": [1.0, 8.100187187665134e-17, -1.2653630886983698e-17, -8.100187187665134e-17, 1.0, -1.9397816686250694e-16, 1.2653630886983698e-17, 1.9397816686250694e-16, 1.0], "world_rotation": [-0.9211093596285536, 0.06008602943210125, 0.38463907325148433, -2.1059189642881336e-16]}], "source": "action wait"}
{"timestamp": 1706068298.6597, "objects": [{"color": "cv_", "id_name": "hand", "shape": "CVCylinder", "id_string": "ob383", "world_size": [0.12, 0.005, 0.12], "id": 383, "camera_size": [49, 51], "camera_position": [246, 421], "world_position": [0.29182482760663764, 0.6684296914461618, -0.17395574763253843], "world_orientation": [-0.0003776591196824775, 0.20475318820815597, 0.9788135620700118, -0.0007134774021787559, -0.978813437910753, 0.20475288695236749, 0.99999967416174, -0.000621034562444449, 0.0005157445941057586], "world_rotation": [0.0, 1.0, 0.0, 0.0]}, {"color": "CVBlue", "id_name": "object70472206291978", "shape": "CVCone", "id_string": "ob751", "world_size": [0.1, 0.1, 0.1], "id": 751, "camera_size": [41, 41], "camera_position": [256, 254], "world_position": [0.705, 0.6498037994254439, -0.15], "world_orientation": [1.0, 8.100187187665134e-17, -1.2653630886983698e-17, -8.100187187665134e-17, 1.0, -1.9397816686250694e-16, 1.2653630886983698e-17, 1.9397816686250694e-16, 1.0], "world_rotation": [-0.9211093596285536, 0.06008602943210125, 0.38463907325148433, -2.1059189642881336e-16]}], "source": "action wait"}
{"timestamp": 1706068298.69201, "objects": [{"color": "cv_", "id_name": "hand", "shape": "CVCylinder", "id_string": "ob383", "world_size": [0.12, 0.005, 0.12], "id": 383, "camera_size": [51, 52], "camera_position": [246, 405], "world_position": [0.338364364162856, 0.7071586813530892, -0.1739834901882233], "world_orientation": [-0.0002141123357513619, 0.1981856668754512, 0.9801644737497072, -0.0007291372484033577, -0.9801642666093665, 0.19818546571581858, 0.9999997112573488, -0.0006722404743964838, 0.00035436981236273204], "world_rotation": [0.0, 1.0, 0.0, 0.0]}, {"color": "CVBlue", "id_name": "object70472206291978", "shape": "CVCone", "id_string": "ob751", "world_size": [0.1, 0.1, 0.1], "id": 751, "camera_size": [41, 41], "camera_position": [256, 254], "world_position": [0.705, 0.6498037994254439, -0.15], "world_orientation": [1.0, 8.100187187665134e-17, -1.2653630886983698e-17, -8.100187187665134e-17, 1.0, -1.9397816686250694e-16, 1.2653630886983698e-17, 1.9397816686250694e-16, 1.0], "world_rotation": [-0.9211093596285536, 0.06008602943210125, 0.38463907325148433, -2.1059189642881336e-16]}], "source": "action wait"}
{"timestamp": 1706068298.726341, "objects": [{"color": "cv_", "id_name": "hand", "shape": "CVCylinder", "id_string": "ob383", "world_size": [0.12, 0.005, 0.12], "id": 383, "camera_size": [51, 53], "camera_position": [246, 388], "world_position": [0.3892913470315251, 0.7408626302286818, -0.17400405546155814], "world_orientation": [-0.00010772866978299462, 0.19348210994114678, 0.9811037975297291, -0.0007400445907349556, -0.9811035499893487, 0.1934819798645386, 0.9999997203642297, -0.0007052170019939007, 0.0002488783692260858], "world_rotation": [0.0, 1.0, 0.0, 0.0]}, {"color": "CVBlue", "id_name": "object70472206291978", "shape": "CVCone", "id_string": "ob751", "world_size": [0.1, 0.1, 0.1], "id": 751, "camera_size": [41, 41], "camera_position": [256, 254], "world_position": [0.705, 0.6498037994254439, -0.15], "world_orientation": [1.0, 8.100187187665134e-17, -1.2653630886983698e-17, -8.100187187665134e-17, 1.0, -1.9397816686250694e-16, 1.2653630886983698e-17, 1.9397816686250694e-16, 1.0], "world_rotation": [-0.9211093596285536, 0.06008602943210125, 0.38463907325148433, -2.1059189642881336e-16]}], "source": "action wait"}
{"timestamp": 1706068298.762214, "objects": [{"color": "cv_", "id_name": "hand", "shape": "CVCylinder", "id_string": "ob383", "world_size": [0.12, 0.005, 0.12], "id": 383, "camera_size": [52, 53], "camera_position": [245, 367], "world_position": [0.4436700097712884, 0.7691806952175623, -0.17402264586905067], "world_orientation": [-3.284098246193353e-05, 0.19016081138577742, 0.9817529550424448, -0.0007472400025212779, -0.9817526861488647, 0.1901607343061859, 0.9999997202768851, -0.0007273600152611778, 0.00017433748792755434], "world_rotation": [0.0, 1.0, 0.0, 0.0]}, {"color": "CVBlue", "id_name": "object70472206291978", "shape": "CVCone", "id_string": "ob751", "world_size": [0.1, 0.1, 0.1], "id": 751, "camera_size": [41, 41], "camera_position": [256, 254], "world_position": [0.705, 0.6498037994254439, -0.15], "world_orientation": [1.0, 8.100187187665134e-17, -1.2653630886983698e-17, -8.100187187665134e-17, 1.0, -1.9397816686250694e-16, 1.2653630886983698e-17, 1.9397816686250694e-16, 1.0], "world_rotation": [-0.9211093596285536, 0.06008602943210125, 0.38463907325148433, -2.1059189642881336e-16]}], "source": "action wait"}
{"timestamp": 1706068298.799174, "objects": [{"color": "cv_", "id_name": "hand", "shape": "CVCylinder", "id_string": "ob383", "world_size": [0.12, 0.005, 0.12], "id": 383, "camera_size": [53, 54], "camera_position": [245, 343], "world_position": [0.5008388011315039, 0.7918420552314341, -0.1740388679789378], "world_orientation": [1.977954866976958e-05, 0.1878147035805848, 0.9822044780633543, -0.0007520702708169, -0.9822041976894047, 0.18781466511329992, 0.9999997169994986, -0.0007424016771244923, 0.00012182229925382285], "world_rotation": [0.0, 1.0, 0.0, 0.0]}, {"color": "CVBlue", "id_name": "object70472206291978", "shape": "CVCone", "id_string": "ob751", "world_size": [0.1, 0.1, 0.1], "id": 751, "camera_size": [41, 41], "camera_position": [256, 254], "world_position": [0.705, 0.6498037994254439, -0.15], "world_orientation": [1.0, 8.100187187665134e-17, -1.2653630886983698e-17, -8.100187187665134e-17, 1.0, -1.9397816686250694e-16, 1.2653630886983698e-17, 1.9397816686250694e-16, 1.0], "world_rotation": [-0.9211093596285536, 0.06008602943210125, 0.38463907325148433, -2.1059189642881336e-16]}], "source": "action wait"}
{"timestamp": 1706068298.828874, "objects": [{"color": "cv_", "id_name": "hand", "shape": "CVCylinder", "id_string": "ob383", "world_size": [0.12, 0.005, 0.12], "id": 383, "camera_size": [54, 54], "camera_position": [245, 318], "world_position": [0.5601461273580358, 0.8086232989682868, -0.17405257010811412], "world_orientation": [5.663962230114796e-05, 0.1861559552290477, 0.9825202069803521, -0.0007553696042829339, -0.9825199202870468, 0.18615594445490113, 0.9999997131043159, -0.0007527097023300668, 8.496699304829067e-05], "world_rotation": [0.0, 1.0, 0.0, 0.0]}, {"color": "CVBlue", "id_name": "object70472206291978", "shape": "CVCone", "id_string": "ob751", "world_size": [0.1, 0.1, 0.1], "id": 751, "camera_size": [41, 41], "camera_position": [256, 254], "world_position": [0.705, 0.6498037994254439, -0.15], "world_orientation": [1.0, 8.100187187665134e-17, -1.2653630886983698e-17, -8.100187187665134e-17, 1.0, -1.9397816686250694e-16, 1.2653630886983698e-17, 1.9397816686250694e-16, 1.0], "world_rotation": [-0.9211093596285536, 0.06008602943210125, 0.38463907325148433, -2.1059189642881336e-16]}], "source": "action wait"}
{"timestamp": 1706068298.860485, "objects": [{"color": "cv_", "id_name": "hand", "shape": "CVCylinder", "id_string": "ob383", "world_size": [0.12, 0.005, 0.12], "id": 383, "camera_size": [54, 54], "camera_position": [245, 291], "world_position": [0.6211212045804271, 0.8141749610474955, -0.17406309788862276], "world_orientation": [7.760429810043394e-05, 0.17758772843469797, 0.9841049703598579, -0.0007644053489838923, -0.9841046752745447, 0.17758773546403997, 0.9999997048309741, -0.00076603667486693, 5.9378256947768665e-05], "world_rotation": [0.0, 1.0, 0.0, 0.0]}, {"color": "CVBlue", "id_name": "object70472206291978", "shape": "CVCone", "id_string": "ob751", "world_size": [0.1, 0.1, 0.1], "id": 751, "camera_size": [41, 41], "camera_position": [256, 254], "world_position": [0.705, 0.6498037994254439, -0.15], "world_orientation": [1.0, 8.100187187665134e-17, -1.2653630886983698e-17, -8.100187187665134e-17, 1.0, -1.9397816686250694e-16, 1.2653630886983698e-17, 1.9397816686250694e-16, 1.0], "world_rotation": [-0.9211093596285536, 0.06008602943210125, 0.38463907325148433, -2.1059189642881336e-16]}], "source": "action wait"}
{"timestamp": 1706068298.891223, "objects": [{"color": "cv_", "id_name": "hand", "shape": "CVCylinder", "id_string": "ob383", "world_size": [0.12, 0.005, 0.12], "id": 383, "camera_size": [53, 53], "camera_position": [245, 263], "world_position": [0.6832492686017916, 0.7948078026140728, -0.17407080857899512], "world_orientation": [6.936130463569128e-05, 0.1427491698576773, 0.9897588947283846, -0.0007772236646249512, -0.989758590468591, 0.14274918044249227, 0.9999996955561461, -0.0007791653046474016, 4.229708581008193e-05], "world_rotation": [0.0, 1.0, 0.0, 0.0]}, {"color": "CVBlue", "id_name": "object70472206291978", "shape": "CVCone", "id_string": "ob751", "world_size": [0.1, 0.1, 0.1], "id": 751, "camera_size": [41, 41], "camera_position": [256, 254], "world_position": [0.705, 0.6498037994254439, -0.15], "world_orientation": [1.0, 8.100187187665134e-17, -1.2653630886983698e-17, -8.100187187665134e-17, 1.0, -1.9397816686250694e-16, 1.2653630886983698e-17, 1.9397816686250694e-16, 1.0], "world_rotation": [-0.9211093596285536, 0.06008602943210125, 0.38463907325148433, -2.1059189642881336e-16]}], "source": "action wait"}
{"timestamp": 1706068298.923726, "objects": [{"color": "cv_", "id_name": "hand", "shape": "CVCylinder", "id_string": "ob383", "world_size": [0.12, 0.005, 0.12], "id": 383, "camera_size": [52, 52], "camera_position": [245, 239], "world_position": [0.7375102411321224, 0.7639324113065528, -0.1740725109530653], "world_orientation": [3.721991322318418e-05, 0.10034487155727076, 0.9949527151411935, -0.0007768369042148073, -0.9949524127141295, 0.10034487011679784, 0.9999996975695055, -0.0007766508144288743, 4.091955691236392e-05], "world_rotation": [0.0, 1.0, 0.0, 0.0]}, {"color": "CVBlue", "id_name": "object70472206291978", "shape": "CVCone", "id_string": "ob751", "world_size": [0.1, 0.1, 0.1], "id": 751, "camera_size": [41, 41], "camera_position": [256, 254], "world_position": [0.705, 0.6498037994254439, -0.15], "world_orientation": [1.0, 8.100187187665134e-17, -1.2653630886983698e-17, -8.100187187665134e-17, 1.0, -1.9397816686250694e-16, 1.2653630886983698e-17, 1.9397816686250694e-16, 1.0], "world_rotation": [-0.9211093596285536, 0.06008602943210125, 0.38463907325148433, -2.1059189642881336e-16]}], "source": "action wait"}
{"timestamp": 1706068298.955114, "objects": [{"color": "cv_", "id_name": "hand", "shape": "CVCylinder", "id_string": "ob383", "world_size": [0.12, 0.005, 0.12], "id": 383, "camera_size": [51, 51], "camera_position": [246, 224], "world_position": [0.7747870263176336, 0.7386217222328153, -0.17407394666918616], "world_orientation": [1.2573587924664407e-05, 0.07026776314578577, 0.9975281656697181, -0.0007700792674587194, -0.9975278692900347, 0.07026775197489558, 0.9999997034098695, -0.0007690592768464406, 4.156924319783702e-05], "world_rotation": [0.0, 1.0, 0.0, 0.0]}, {"color": "CVBlue", "id_name": "object70472206291978", "shape": "CVCone", "id_string": "ob751", "world_size": [0.1, 0.1, 0.1], "id": 751, "camera_size": [41, 41], "camera_position": [256, 254], "world_position": [0.705, 0.6498037994254439, -0.15], "world_orientation": [1.0, 8.100187187665134e-17, -1.2653630886983698e-17, -8.100187187665134e-17, 1.0, -1.9397816686250694e-16, 1.2653630886983698e-17, 1.9397816686250694e-16, 1.0], "world_rotation": [-0.9211093596285536, 0.06008602943210125, 0.38463907325148433, -2.1059189642881336e-16]}], "source": "action wait"}
{"timestamp": 1706068298.990139, "objects": [{"color": "cv_", "id_name": "hand", "shape": "CVCylinder", "id_string": "ob383", "world_size": [0.12, 0.005, 0.12], "id": 383, "camera_size": [51, 51], "camera_position": [246, 214], "world_position": [0.8003583187999527, 0.7191375871884684, -0.17407748907486081], "world_orientation": [-7.247631656102305e-07, 0.04903019899354717, 0.9987972965452638, -0.0007650472677030279, -0.9987970042759783, 0.04903018409112506, 0.9999997073510336, -0.0007640916074400368, 3.823431105395167e-05], "world_rotation": [0.0, 1.0, 0.0, 0.0]}, {"color": "CVBlue", "id_name": "object70472206291978", "shape": "CVCone", "id_string": "ob751", "world_size": [0.1, 0.1, 0.1], "id": 751, "camera_size": [41, 41], "camera_position": [256, 254], "world_position": [0.705, 0.6498037994254439, -0.15], "world_orientation": [1.0, 8.100187187665134e-17, -1.2653630886983698e-17, -8.100187187665134e-17, 1.0, -1.9397816686250694e-16, 1.2653630886983698e-17, 1.9397816686250694e-16, 1.0], "world_rotation": [-0.9211093596285536, 0.06008602943210125, 0.38463907325148433, -2.1059189642881336e-16]}], "source": "action wait"}
{"timestamp": 1706068299.025816, "objects": [{"color": "cv_", "id_name": "hand", "shape": "CVCylinder", "id_string": "ob383", "world_size": [0.12, 0.005, 0.12], "id": 383, "camera_size": [49, 50], "camera_position": [246, 207], "world_position": [0.8179862494316219, 0.7046313912780099, -0.17408169292849998], "world_orientation": [-7.37141362168802e-06, 0.03404974918344642, 0.999420139143797, -0.0007619726308054144, -0.9994198492293485, 0.03404973368613066, 0.9999997096716441, -0.0007612797980329519, 3.33121140543462e-05], "world_rotation": [0.0, 1.0, 0.0, 0.0]}, {"color": "CVBlue", "id_name": "object70472206291978", "shape": "CVCone", "id_string": "ob751", "world_size": [0.1, 0.1, 0.1], "id": 751, "camera_size": [41, 41], "camera_position": [256, 254], "world_position": [0.705, 0.6498037994254439, -0.15], "world_orientation": [1.0, 8.100187187665134e-17, -1.2653630886983698e-17, -8.100187187665134e-17, 1.0, -1.9397816686250694e-16, 1.2653630886983698e-17, 1.9397816686250694e-16, 1.0], "world_rotation": [-0.9211093596285536, 0.06008602943210125, 0.38463907325148433, -2.1059189642881336e-16]}], "source": "action wait"}
{"timestamp": 1706068299.059947, "objects": [{"color": "cv_", "id_name": "hand", "shape": "CVCylinder", "id_string": "ob383", "world_size": [0.12, 0.005, 0.12], "id": 383, "camera_size": [49, 50], "camera_position": [246, 202], "world_position": [0.8301985370928073, 0.6940480907503801, -0.1740858042801304], "world_orientation": [-1.0247168204750098e-05, 0.02348818173370034, 0.9997241145505296, -0.000760419105839459, -0.9997238257471541, 0.023488167154069685, 0.9999997108288479, -0.0007599686300733693, 2.8105200352835243e-05], "world_rotation": [0.0, 1.0, 0.0, 0.0]}, {"color": "CVBlue", "id_name": "object70472206291978", "shape": "CVCone", "id_string": "ob751", "world_size": [0.1, 0.1, 0.1], "id": 751, "camera_size": [41, 41], "camera_position": [256, 254], "world_position": [0.705, 0.6498037994254439, -0.15], "world_orientation": [1.0, 8.100187187665134e-17, -1.2653630886983698e-17, -8.100187187665134e-17, 1.0, -1.9397816686250694e-16, 1.2653630886983698e-17, 1.9397816686250694e-16, 1.0], "world_rotation": [-0.9211093596285536, 0.06008602943210125, 0.38463907325148433, -2.1059189642881336e-16]}], "source": "action wait"}
{"timestamp": 1706068299.093227, "objects": [{"color": "cv_", "id_name": "hand", "shape": "CVCylinder", "id_string": "ob383", "world_size": [0.12, 0.005, 0.12], "id": 383, "camera_size": [49, 49], "camera_position": [246, 199], "world_position": [0.8386952573245329, 0.6864252093238227, -0.17408947711315434], "world_orientation": [-1.1056678275917437e-05, 0.016043761067404426, 0.999871290521216, -0.0007598673403769702, -0.9998710020550559, 0.01604374803603661, 0.9999997112396457, -0.0007595921476876299, 2.324638203944421e-05], "world_rotation": [0.0, 1.0, 0.0, 0.0]}, {"color": "CVBlue", "id_name": "object70472206291978", "shape": "CVCone", "id_string": "ob751", "world_size": [0.1, 0.1, 0.1], "id": 751, "camera_size": [41, 41], "camera_position": [256, 254], "world_position": [0.705, 0.6498037994254439, -0.15], "world_orientation": [1.0, 8.100187187665134e-17, -1.2653630886983698e-17, -8.100187187665134e-17, 1.0, -1.9397816686250694e-16, 1.2653630886983698e-17, 1.9397816686250694e-16, 1.0], "world_rotation": [-0.9211093596285536, 0.06008602943210125, 0.38463907325148433, -2.1059189642881336e-16]}], "source": "action wait"}
{"timestamp": 1706068299.128502, "objects": [{"color": "cv_", "id_name": "hand", "shape": "CVCylinder", "id_string": "ob383", "world_size": [0.12, 0.005, 0.12], "id": 383, "camera_size": [49, 49], "camera_position": [246, 197], "world_position": [0.8446272599808128, 0.6809801033227522, -0.17409259156410178], "world_orientation": [-1.0826975068398422e-05, 0.01079700533426269, 0.9999417105804661, -0.0007598990792070749, -0.9999414220213882, 0.010796993990619577, 0.9999997112180414, -0.000759737886346461, 1.9030975258152813e-05], "world_rotation": [0.0, 1.0, 0.0, 0.0]}, {"color": "CVBlue", "id_name": "object70472206291978", "shape": "CVCone", "id_string": "ob751", "world_size": [0.1, 0.1, 0.1], "id": 751, "camera_size": [41, 41], "camera_position": [256, 254], "world_position": [0.705, 0.6498037994254439, -0.15], "world_orientation": [1.0, 8.100187187665134e-17, -1.2653630886983698e-17, -8.100187187665134e-17, 1.0, -1.9397816686250694e-16, 1.2653630886983698e-17, 1.9397816686250694e-16, 1.0], "world_rotation": [-0.9211093596285536, 0.06008602943210125, 0.38463907325148433, -2.1059189642881336e-16]}], "source": "action wait"}
{"timestamp": 1706068299.158417, "objects": [{"color": "cv_", "id_name": "hand", "shape": "CVCylinder", "id_string": "ob383", "world_size": [0.12, 0.005, 0.12], "id": 383, "camera_size": [49, 49], "camera_position": [246, 196], "world_position": [0.8487797227024283, 0.67711179384754, -0.17409514564646614], "world_orientation": [-1.0110629461722718e-05, 0.0070992548103688494, 0.9999747999219345, -0.0007602252397497405, -0.9999745110636458, 0.007099245073089583, 0.9999997109776383, -0.0007601343041783203, 1.5507404443155764e-05], "world_rotation": [0.0, 1.0, 0.0, 0.0]}, {"color": "CVBlue", "id_name": "object70472206291978", "shape": "CVCone", "id_string": "ob751", "world_size": [0.1, 0.1, 0.1], "id": 751, "camera_size": [41, 41], "camera_position": [256, 254], "world_position": [0.705, 0.6498037994254439, -0.15], "world_orientation": [1.0, 8.100187187665134e-17, -1.2653630886983698e-17, -8.100187187665134e-17, 1.0, -1.9397816686250694e-16, 1.2653630886983698e-17, 1.9397816686250694e-16, 1.0], "world_rotation": [-0.9211093596285536, 0.06008602943210125, 0.38463907325148433, -2.1059189642881336e-16]}], "source": "action wait"}
{"timestamp": 1706068299.187201, "objects": [{"color": "cv_", "id_name": "hand", "shape": "CVCylinder", "id_string": "ob383", "world_size": [0.12, 0.005, 0.12], "id": 383, "camera_size": [49, 48], "camera_position": [246, 194], "world_position": [0.8516923079624391, 0.6743735585485822, -0.1740971926276106], "world_orientation": [-9.23864082173364e-06, 0.004493186351027025, 0.9999899055445823, -0.000760666166134363, -0.9999896163152046, 0.00449317802386039, 0.9999997106507738, -0.0007606169767661219, 1.2656359726328398e-05], "world_rotation": [0.0, 1.0, 0.0, 0.0]}, {"color": "CVBlue", "id_name": "object70472206291978", "shape": "CVCone", "id_string": "ob751", "world_size": [0.1, 0.1, 0.1], "id": 751, "camera_size": [41, 41], "camera_position": [256, 254], "world_position": [0.705, 0.6498037994254439, -0.15], "world_orientation": [1.0, 8.100187187665134e-17, -1.2653630886983698e-17, -8.100187187665134e-17, 1.0, -1.9397816686250694e-16, 1.2653630886983698e-17, 1.9397816686250694e-16, 1.0], "world_rotation": [-0.9211093596285536, 0.06008602943210125, 0.38463907325148433, -2.1059189642881336e-16]}], "source": "action wait"}
{"timestamp": 1706068299.223486, "objects": [{"color": "cv_", "id_name": "hand", "shape": "CVCylinder", "id_string": "ob383", "world_size": [0.12, 0.005, 0.12], "id": 383, "camera_size": [49, 49], "camera_position": [246, 194], "world_position": [0.853738256654373, 0.672439847905335, -0.1740988062659], "world_orientation": [-8.364647652532463e-06, 0.002656468155872477, 0.9999964715472599, -0.0007611196877005278, -0.9999961819485462, 0.0026564610200399594, 0.999999710313385, -0.0007610947817655848, 1.0386505929426297e-05], "world_rotation": [0.0, 1.0, 0.0, 0.0]}, {"color": "CVBlue", "id_name": "object70472206291978", "shape": "CVCone", "id_string": "ob751", "world_size": [0.1, 0.1, 0.1], "id": 751, "camera_size": [41, 41], "camera_position": [256, 254], "world_position": [0.705, 0.6498037994254439, -0.15], "world_orientation": [1.0, 8.100187187665134e-17, -1.2653630886983698e-17, -8.100187187665134e-17, 1.0, -1.9397816686250694e-16, 1.2653630886983698e-17, 1.9397816686250694e-16, 1.0], "world_rotation": [-0.9211093596285536, 0.06008602943210125, 0.38463907325148433, -2.1059189642881336e-16]}], "source": "action wait"}
{"timestamp": 1706068299.253433, "objects": [{"color": "cv_", "id_name": "hand", "shape": "CVCylinder", "id_string": "ob383", "world_size": [0.12, 0.005, 0.12], "id": 383, "camera_size": [49, 49], "camera_position": [246, 193], "world_position": [0.855176997875187, 0.6710763809252495, -0.17410006264780678], "world_orientation": [-7.573071338488288e-06, 0.0013619419083389659, 0.9999990725280135, -0.0007615342683859678, -0.9999987825975496, 0.001361935746311822, 0.9999997100040614, -0.0007615232480481048, 8.610227554128993e-06], "world_rotation": [0.0, 1.0, 0.0, 0.0]}, {"color": "CVBlue", "id_name": "object70472206291978", "shape": "CVCone", "id_string": "ob751", "world_size": [0.1, 0.1, 0.1], "id": 751, "camera_size": [41, 41], "camera_position": [256, 254], "world_position": [0.705, 0.6498037994254439, -0.15], "world_orientation": [1.0, 8.100187187665134e-17, -1.2653630886983698e-17, -8.100187187665134e-17, 1.0, -1.9397816686250694e-16, 1.2653630886983698e-17, 1.9397816686250694e-16, 1.0], "world_rotation": [-0.9211093596285536, 0.06008602943210125, 0.38463907325148433, -2.1059189642881336e-16]}], "source": "action wait"}
{"timestamp": 1706068299.28982, "objects": [{"color": "cv_", "id_name": "hand", "shape": "CVCylinder", "id_string": "ob383", "world_size": [0.12, 0.005, 0.12], "id": 383, "camera_size": [49, 49], "camera_position": [246, 193], "world_position": [0.856189544616097, 0.6701159301587755, -0.17410103155659634], "world_orientation": [-6.893867592658856e-06, 0.0004495279554761771, 0.9999998989385409, -0.0007618888084781156, -0.9999996087273737, 0.00044952257265734916, 0.999999709738917, -0.0007618856325318267, 7.236355214017297e-06], "world_rotation": [0.0, 1.0, 0.0, 0.0]}, {"color": "CVBlue", "id_name": "object70472206291978", "shape": "CVCone", "id_string": "ob751", "world_size": [0.1, 0.1, 0.1], "id": 751, "camera_size": [41, 41], "camera_position": [256, 254], "world_position": [0.705, 0.6498037994254439, -0.15], "world_orientation": [1.0, 8.100187187665134e-17, -1.2653630886983698e-17, -8.100187187665134e-17, 1.0, -1.9397816686250694e-16, 1.2653630886983698e-17, 1.9397816686250694e-16, 1.0], "world_rotation": [-0.9211093596285536, 0.06008602943210125, 0.38463907325148433, -2.1059189642881336e-16]}], "source": "action wait"}
{"timestamp": 1706068299.325556, "objects": [{"color": "cv_", "id_name": "hand", "shape": "CVCylinder", "id_string": "ob383", "world_size": [0.12, 0.005, 0.12], "id": 383, "camera_size": [49, 48], "camera_position": [246, 192], "world_position": [0.8569025593297043, 0.6694397703816886, -0.17410177310963637], "world_orientation": [-6.330989215026496e-06, -0.00019358277453502382, 0.999999981242814, -0.0007621792598802955, -0.9999996908032716, -0.00019358754365926797, 0.999999709521305, -0.000762180471185007, 6.183442482049099e-06], "world_rotation": [0.0, 1.0, 0.0, 0.0]}, {"color": "CVBlue", "id_name": "object70472206291978", "shape": "CVCone", "id_string": "ob751", "world_size": [0.1, 0.1, 0.1], "id": 751, "camera_size": [41, 41], "camera_position": [256, 254], "world_position": [0.705, 0.6498037994254439, -0.15], "world_orientation": [1.0, 8.100187187665134e-17, -1.2653630886983698e-17, -8.100187187665134e-17, 1.0, -1.9397816686250694e-16, 1.2653630886983698e-17, 1.9397816686250694e-16, 1.0], "world_rotation": [-0.9211093596285536, 0.06008602943210125, 0.38463907325148433, -2.1059189642881336e-16]}], "source": "action wait"}
{"timestamp": 1706068299.358248, "objects": [{"color": "cv_", "id_name": "hand", "shape": "CVCylinder", "id_string": "ob383", "world_size": [0.12, 0.005, 0.12], "id": 383, "camera_size": [49, 48], "camera_position": [246, 192], "world_position": [0.8574048614538526, 0.6689639094520821, -0.17410233714905785], "world_orientation": [-5.875615035203041e-06, -0.0006468892242409248, 0.9999997907498827, -0.0007624101973014785, -0.9999995001296101, -0.0006468935158711452, 0.9999997093480419, -0.0007624138386647178, 5.382417157435537e-06], "world_rotation": [0.0, 1.0, 0.0, 0.0]}, {"color": "CVBlue", "id_name": "object70472206291978", "shape": "CVCone", "id_string": "ob751", "world_size": [0.1, 0.1, 0.1], "id": 751, "camera_size": [41, 41], "camera_position": [256, 254], "world_position": [0.705, 0.6498037994254439, -0.15], "world_orientation": [1.0, 8.100187187665134e-17, -1.2653630886983698e-17, -8.100187187665134e-17, 1.0, -1.9397816686250694e-16, 1.2653630886983698e-17, 1.9397816686250694e-16, 1.0], "world_rotation": [-0.9211093596285536, 0.06008602943210125, 0.38463907325148433, -2.1059189642881336e-16]}], "source": "action wait"}
{"timestamp": 1706068299.390545, "objects": [{"color": "cv_", "id_name": "hand", "shape": "CVCylinder", "id_string": "ob383", "world_size": [0.12, 0.005, 0.12], "id": 383, "camera_size": [49, 49], "camera_position": [246, 192], "world_position": [0.8577588307102668, 0.6686290650123223, -0.17410276395580015], "world_orientation": [-5.513689838670228e-06, -0.0009664177351760197, 0.9999995330030713, -0.0007625898319307539, -0.9999992422426758, -0.00096642165886528, 0.9999997092131314, -0.0007625948043533148, 4.7767053227526235e-06], "world_rotation": [0.0, 1.0, 0.0, 0.0]}, {"color": "CVBlue", "id_name": "object70472206291978", "shape": "CVCone", "id_string": "ob751", "world_size": [0.1, 0.1, 0.1], "id": 751, "camera_size": [41, 41], "camera_position": [256, 254], "world_position": [0.705, 0.6498037994254439, -0.15], "world_orientation": [1.0, 8.100187187665134e-17, -1.2653630886983698e-17, -8.100187187665134e-17, 1.0, -1.9397816686250694e-16, 1.2653630886983698e-17, 1.9397816686250694e-16, 1.0], "world_rotation": [-0.9211093596285536, 0.06008602943210125, 0.38463907325148433, -2.1059189642881336e-16]}], "source": "action wait"}
{"timestamp": 1706068299.420404, "objects": [{"color": "cv_", "id_name": "hand", "shape": "CVCylinder", "id_string": "ob383", "world_size": [0.12, 0.005, 0.12], "id": 383, "camera_size": [48, 49], "camera_position": [246, 192], "world_position": [0.8580083273252953, 0.6683934576820366, -0.1741030855011586], "world_orientation": [-5.229943490850806e-06, -0.0011916538718556686, 0.9999992899665966, -0.0007627272485463009, -0.9999989990992557, -0.0011916575142650646, 0.9999997091098537, -0.0007627329392862855, 4.321031377660187e-06], "world_rotation": [0.0, 1.0, 0.0, 0.0]}, {"color": "CVBlue", "id_name": "object70472206291978", "shape": "CVCone", "id_string": "ob751", "world_size": [0.1, 0.1, 0.1], "id": 751, "camera_size": [41, 41], "camera_position": [256, 254], "world_position": [0.705, 0.6498037994254439, -0.15], "world_orientation": [1.0, 8.100187187665134e-17, -1.2653630886983698e-17, -8.100187187665134e-17, 1.0, -1.9397816686250694e-16, 1.2653630886983698e-17, 1.9397816686250694e-16, 1.0], "world_rotation": [-0.9211093596285536, 0.06008602943210125, 0.38463907325148433, -2.1059189642881336e-16]}], "source": "action wait"}
{"timestamp": 1706068301.000456, "objects": [{"color": "cv_", "id_name": "hand", "shape": "CVCylinder", "id_string": "ob383", "world_size": [0.12, 0.005, 0.12], "id": 383, "camera_size": [48, 49], "camera_position": [246, 192], "world_position": [0.8586048855059114, 0.6678335344241397, -0.17410402438996733], "world_orientation": [-4.324747486877572e-06, -0.0017297832901656005, 0.9999985039144137, -0.0007631196726911489, -0.9999982127426325, -0.0017297860868051317, 0.9999997088147886, -0.0007631260118872022, 3.0047080995865966e-06], "world_rotation": [0.0, 1.0, 0.0, 0.0]}, {"color": "CVBlue", "id_name": "object70472206291978", "shape": "CVCone", "id_string": "ob751", "world_size": [0.1, 0.1, 0.1], "id": 751, "camera_size": [41, 41], "camera_position": [256, 254], "world_position": [0.705, 0.6498037994254439, -0.15], "world_orientation": [1.0, 8.100187187665134e-17, -1.2653630886983698e-17, -8.100187187665134e-17, 1.0, -1.9397816686250694e-16, 1.2653630886983698e-17, 1.9397816686250694e-16, 1.0], "world_rotation": [-0.9211093596285536, 0.06008602943210125, 0.38463907325148433, -2.1059189642881336e-16]}], "source": "action wait"}
{"timestamp": 1706068301.035267, "objects": [{"color": "cv_", "id_name": "hand", "shape": "CVCylinder", "id_string": "ob383", "world_size": [0.12, 0.005, 0.12], "id": 383, "camera_size": [48, 48], "camera_position": [246, 205], "world_position": [0.8259510234326267, 0.6548709669763344, -0.17408820487327112], "world_orientation": [-4.622000873799139e-05, -0.022711108256582468, 0.9997420684483916, -0.0007601449283211843, -0.9997417798826513, -0.022711136844213217, 0.9999997100216574, -0.0007609985719041373, 2.894434004447257e-05], "world_rotation": [0.0, 1.0, 0.0, 0.0]}, {"color": "CVBlue", "id_name": "object70472206291978", "shape": "CVCone", "id_string": "ob751", "world_size": [0.1, 0.1, 0.1], "id": 751, "camera_size": [41, 41], "camera_position": [256, 254], "world_position": [0.705, 0.6498037994254439, -0.15], "world_orientation": [1.0, 8.100187187665134e-17, -1.2653630886983698e-17, -8.100187187665134e-17, 1.0, -1.9397816686250694e-16, 1.2653630886983698e-17, 1.9397816686250694e-16, 1.0], "world_rotation": [-0.9211093596285536, 0.06008602943210125, 0.38463907325148433, -2.1059189642881336e-16]}], "source": "action wait"}
{"timestamp": 1706068301.06827, "objects": [{"color": "cv_", "id_name": "hand", "shape": "CVCylinder", "id_string": "ob383", "world_size": [0.12, 0.005, 0.12], "id": 383, "camera_size": [48, 49], "camera_position": [246, 219], "world_position": [0.7917749296172772, 0.6615633008036671, -0.1741014987333177], "world_orientation": [-3.401487043939363e-05, -0.01653941271473959, 0.9998632139798125, -0.000758038730157362, -0.9998629268596773, -0.016539433753407776, 0.9999997121100948, -0.0007584976277529385, 2.1472692502805405e-05], "world_rotation": [0.0, 1.0, 0.0, 0.0]}, {"color": "CVBlue", "id_name": "object70472206291978", "shape": "CVCone", "id_string": "ob751", "world_size": [0.1, 0.1, 0.1], "id": 751, "camera_size": [41, 43], "camera_position": [256, 264], "world_position": [0.6808062190724619, 0.651181113625222, -0.1500056225770486], "world_orientation": [0.9995305684533717, -0.03063697698206321, 0.00013553110350403774, 0.03063697844431892, 0.9995305775591189, -8.725648190045538e-06, -0.00013520015467986352, 1.2873815592108519e-05, 0.9999999907775915], "world_rotation": [0.00035250297553518056, 0.004418330706851051, 0.9999901769994629, 0.030642073599197184]}], "source": "action wait"}
{"timestamp": 1706068301.1059, "objects": [{"color": "cv_", "id_name": "hand", "shape": "CVCylinder", "id_string": "ob383", "world_size": [0.12, 0.005, 0.12], "id": 383, "camera_size": [48, 49], "camera_position": [246, 229], "world_position": [0.7671773840806893, 0.6649370880146555, -0.1741062958673173], "world_orientation": [-1.7662469414851026e-05, -0.012116641614645271, 0.9999265906475432, -0.000761901295261215, -0.9999263004149317, -0.012116651555788479, 0.9999997095971845, -0.0007620593745683784, 8.429482758130209e-06], "world_rotation": [0.0, 1.0, 0.0, 0.0]}, {"color": "CVBlue", "id_name": "object70472206291978", "shape": "CVCone", "id_string": "ob751", "world_size": [0.1, 0.1, 0.1], "id": 751, "camera_size": [41, 44], "camera_position": [256, 282], "world_position": [0.6356837359300217, 0.6516800286348414, -0.15001828252173713], "world_orientation": [0.9991793922945602, -0.04050166051188188, 0.00039687485894704844, 0.04050166584085031, 0.9991794708834831, -5.396193566092063e-06, -0.00039633065676979856, 2.146585832577949e-05, 0.9999999212306107], "world_rotation": [0.0003316007359019848, 0.009791788571922604, 0.9999520043069641, 0.04051469000494445]}], "source": "action wait"}
{"timestamp": 1706068301.135466, "objects": [{"color": "cv_", "id_name": "hand", "shape": "CVCylinder", "id_string": "ob383", "world_size": [0.12, 0.005, 0.12], "id": 383, "camera_size": [48, 49], "camera_position": [246, 236], "world_position": [0.7497776819544232, 0.6665571522767663, -0.17410843722956224], "world_orientation": [-8.318743671453708e-06, -0.009013817925262197, 0.9999593746833964, -0.0007633936348739528, -0.9999590832876278, -0.009013821649300674, 0.999999708580436, -0.0007634376054380055, 1.4373120661110409e-06], "world_rotation": [0.0, 1.0, 0.0, 0.0]}, {"color": "CVBlue", "id_name": "object70472206291978", "shape": "CVCone", "id_string": "ob751", "world_size": [0.1, 0.1, 0.1], "id": 751, "camera_size": [41, 44], "camera_position": [256, 298], "world_position": [0.5947827518725118, 0.6489626359451128, -0.15003255134427362], "world_orientation": [0.9998770496539666, 0.015666835746947962, 0.0006601764593230571, -0.015666834531221665, 0.999877267591671, -7.01323256303615e-06, -0.0006602053094389024, -3.3305050659518717e-06, 0.9999997820589048], "world_rotation": [0.00011742837738681365, 0.042102025946694585, -0.999113309701037, 0.015681381780706116]}], "source": "action wait"}
{"timestamp": 1706068301.169909, "objects": [{"color": "cv_", "id_name": "hand", "shape": "CVCylinder", "id_string": "ob383", "world_size": [0.12, 0.005, 0.12], "id": 383, "camera_size": [48, 49], "camera_position": [246, 241], "world_position": [0.7375037952560634, 0.6673269811867346, -0.17410916004471433], "world_orientation": [-3.3722832911605046e-06, -0.006836189188436171, 0.9999766329799951, -0.0007638213403987387, -0.9999763412633261, -0.006836189770041029, 0.9999997082827512, -0.0007638265457390939, -1.8494236816024764e-06], "world_rotation": [0.0, 1.0, 0.0, 0.0]}, {"color": "CVBlue", "id_name": "object70472206291978", "shape": "CVCone", "id_string": "ob751", "world_size": [0.1, 0.1, 0.1], "id": 751, "camera_size": [41, 44], "camera_position": [256, 309], "world_position": [0.5668831164024423, 0.6501985892121551, -0.1500319985652814], "world_orientation": [0.9999455870356992, -0.010410913920529011, 0.0006601811649358891, 0.010410916767172016, 0.9999458049370981, -8.754194068354438e-07, -0.0006601362724600396, 7.748462932077381e-06, 0.9999997820800078], "world_rotation": [0.00041334482702284, 0.0632831434066689, 0.9979955274983076, 0.010432014864514264]}], "source": "action wait"}
{"timestamp": 1706068301.204061, "objects": [{"color": "cv_", "id_name": "hand", "shape": "CVCylinder", "id_string": "ob383", "world_size": [0.12, 0.005, 0.12], "id": 383, "camera_size": [48, 48], "camera_position": [246, 244], "world_position": [0.7288562247469201, 0.6676884814222218, -0.1741091169105921], "world_orientation": [-1.0297737812697765e-06, -0.00530706222130472, 0.9999859174456004, -0.0007638290323081965, -0.9999856257286263, -0.005307061459704617, 0.999999708282032, -0.0007638237407174118, -3.023929221513203e-06], "world_rotation": [0.0, 1.0, 0.0, 0.0]}, {"color": "CVBlue", "id_name": "object70472206291978", "shape": "CVCone", "id_string": "ob751", "world_size": [0.1, 0.1, 0.1], "id": 751, "camera_size": [41, 44], "camera_position": [256, 318], "world_position": [0.5459307667439942, 0.6499401449373394, -0.15003227864256893], "world_orientation": [0.9999844920100425, -0.005529760221780029, 0.0006614312564416927, 0.005529761304966993, 0.9999847107530563, 1.9114042335299606e-07, -0.0006614222006165867, 3.46641950860601e-06, 0.9999997812543043], "world_rotation": [0.00029405409238730123, 0.11876559601534742, 0.9929222762811347, 0.005569206654746997]}], "source": "action wait"}
