{"timestamp": 1706031975.840933, "objects": [{"color": "cv_", "id_name": "hand", "shape": "CVCylinder", "id_string": "ob382", "world_size": [0.12, 0.005, 0.12], "id": 382, "camera_size": [48, 50], "camera_position": [246, 426], "world_position": [0.267644515540032, 0.6334703013847326, -0.17389260400847492], "world_orientation": [-0.0006415489971567266, 0.1979154748665484, 0.9802188802625834, -0.0007473670901987019, -0.9802189031249403, 0.19791499033416252, 0.9999995149285408, -0.0006056111687287932, 0.0007767739668506082], "world_rotation": [0.0, 1.0, 0.0, 0.0]}, {"color": "CVBlue", "id_name": "object213767919013206", "shape": "CVCone", "id_string": "ob1240", "world_size": [0.11, 0.11, 0.11], "id": 1240, "camera_size": [45, 45], "camera_position": [256, 254], "world_position": [0.705, 0.654738849708696, -0.15], "world_orientation": [1.0, -5.1619362862653347e-17, 1.4541359828532488e-17, 5.1619362862653347e-17, 1.0, 2.3824321321224633e-17, -1.4541359828532488e-17, -2.3824321321224633e-17, 1.0], "world_rotation": [-0.4059884517598224, 0.2477982093873522, 0.8796416454796148, 5.868226354211375e-17]}], "source": "manual check"}
{"timestamp": 1706031976.849724, "objects": [{"color": "cv_", "id_name": "hand", "shape": "CVCylinder", "id_string": "ob382", "world_size": [0.12, 0.005, 0.12], "id": 382, "camera_size": [48, 50], "camera_position": [246, 426], "world_position": [0.267644515540032, 0.6334703013847326, -0.17389260400847492], "world_orientation": [-0.0006415489971567266, 0.1979154748665484, 0.9802188802625834, -0.0007473670901987019, -0.9802189031249403, 0.19791499033416252, 0.9999995149285408, -0.0006056111687287932, 0.0007767739668506082], "world_rotation": [0.0, 1.0, 0.0, 0.0]}, {"color": "CVBlue", "id_name": "object213767919013206", "shape": "CVCone", "id_string": "ob1240", "world_size": [0.11, 0.11, 0.11], "id": 1240, "camera_size": [45, 45], "camera_position": [256, 254], "world_position": [0.705, 0.6547388572526824, -0.15], "world_orientation": [1.0, -3.838362879530641e-17, 1.4813540171849057e-17, 3.838362879530641e-17, 1.0, 5.294293626938881e-18, -1.4813540171849057e-17, -5.294293626938881e-18, 1.0], "world_rotation": [-0.1276280613210114, 0.35710588544125776, 0.925303444577321, 4.1482206750932463e-17]}], "source": "manual check"}
{"timestamp": 1706031978.331249, "objects": [{"color": "cv_", "id_name": "hand", "shape": "CVCylinder", "id_string": "ob382", "world_size": [0.12, 0.005, 0.12], "id": 382, "camera_size": [48, 50], "camera_position": [246, 426], "world_position": [0.267644515540032, 0.6334703013847326, -0.17389260400847492], "world_orientation": [-0.0006415489971567266, 0.1979154748665484, 0.9802188802625834, -0.0007473670901987019, -0.9802189031249403, 0.19791499033416252, 0.9999995149285408, -0.0006056111687287932, 0.0007767739668506082], "world_rotation": [0.0, 1.0, 0.0, 0.0]}, {"color": "CVBlue", "id_name": "object213767919013206", "shape": "CVCone", "id_string": "ob1240", "world_size": [0.11, 0.11, 0.11], "id": 1240, "camera_size": [45, 45], "camera_position": [256, 254], "world_position": [0.705, 0.6547388572526824, -0.15], "world_orientation": [1.0, -3.838362879530641e-17, 1.4813540171849057e-17, 3.838362879530641e-17, 1.0, 5.294293626938881e-18, -1.4813540171849057e-17, -5.294293626938881e-18, 1.0], "world_rotation": [-0.1276280613210114, 0.35710588544125776, 0.925303444577321, 4.1482206750932463e-17]}], "source": "action wait"}
{"timestamp": 1706031978.358499, "objects": [{"color": "cv_", "id_name": "hand", "shape": "CVCylinder", "id_string": "ob382", "world_size": [0.12, 0.005, 0.12], "id": 382, "camera_size": [49, 51], "camera_position": [246, 421], "world_position": [0.29165821335125997, 0.6683019734929502, -0.17395584314879628], "world_orientation": [-0.0003788486071198567, 0.2032227012066116, 0.979132468151282, -0.0007138478882879119, -0.9791323439038521, 0.20322239921460775, 0.9999996734474095, -0.0006219611218661942, 0.0005160130207829102], "world_rotation": [0.0, 1.0, 0.0, 0.0]}, {"color": "CVBlue", "id_name": "object213767919013206", "shape": "CVCone", "id_string": "ob1240", "world_size": [0.11, 0.11, 0.11], "id": 1240, "camera_size": [45, 45], "camera_position": [256, 254], "world_position": [0.705, 0.6547388572526824, -0.15], "world_orientation": [1.0, -3.838362879530641e-17, 1.4813540171849057e-17, 3.838362879530641e-17, 1.0, 5.294293626938881e-18, -1.4813540171849057e-17, -5.294293626938881e-18, 1.0], "world_rotation": [-0.1276280613210114, 0.35710588544125776, 0.925303444577321, 4.1482206750932463e-17]}], "source": "action wait"}
{"timestamp": 1706031978.393647, "objects": [{"color": "cv_", "id_name": "hand", "shape": "CVCylinder", "id_string": "ob382", "world_size": [0.12, 0.005, 0.12], "id": 382, "camera_size": [51, 52], "camera_position": [246, 406], "world_position": [0.33808135428789715, 0.7068595966481888, -0.17398360275874977], "world_orientation": [-0.0002162248068304906, 0.19545427213391608, 0.9807127921830294, -0.0007297216609369787, -0.9807125848365427, 0.19545406992315376, 0.9999997103765232, -0.0006733853491008647, 0.0003546816053117305], "world_rotation": [0.0, 1.0, 0.0, 0.0]}, {"color": "CVBlue", "id_name": "object213767919013206", "shape": "CVCone", "id_string": "ob1240", "world_size": [0.11, 0.11, 0.11], "id": 1240, "camera_size": [45, 45], "camera_position": [256, 254], "world_position": [0.705, 0.6547388572526824, -0.15], "world_orientation": [1.0, -3.838362879530641e-17, 1.4813540171849057e-17, 3.838362879530641e-17, 1.0, 5.294293626938881e-18, -1.4813540171849057e-17, -5.294293626938881e-18, 1.0], "world_rotation": [-0.1276280613210114, 0.35710588544125776, 0.925303444577321, 4.1482206750932463e-17]}], "source": "action wait"}
{"timestamp": 1706031978.426255, "objects": [{"color": "cv_", "id_name": "hand", "shape": "CVCylinder", "id_string": "ob382", "world_size": [0.12, 0.005, 0.12], "id": 382, "camera_size": [51, 53], "camera_position": [246, 388], "world_position": [0.38892457084655035, 0.7404431967470121, -0.1740041652423391], "world_orientation": [-0.00011049992800116276, 0.18990110442457384, 0.981803217721399, -0.0007407063798553343, -0.9818029699272318, 0.18990097313106724, 0.9999997195718732, -0.0007062438632706888, 0.0002491501170775696], "world_rotation": [0.0, 1.0, 0.0, 0.0]}, {"color": "CVBlue", "id_name": "object213767919013206", "shape": "CVCone", "id_string": "ob1240", "world_size": [0.11, 0.11, 0.11], "id": 1240, "camera_size": [45, 45], "camera_position": [256, 254], "world_position": [0.705, 0.6547388572526824, -0.15], "world_orientation": [1.0, -3.838362879530641e-17, 1.4813540171849057e-17, 3.838362879530641e-17, 1.0, 5.294293626938881e-18, -1.4813540171849057e-17, -5.294293626938881e-18, 1.0], "world_rotation": [-0.1276280613210114, 0.35710588544125776, 0.925303444577321, 4.1482206750932463e-17]}], "source": "action wait"}
{"timestamp": 1706031978.459506, "objects": [{"color": "cv_", "id_name": "hand", "shape": "CVCylinder", "id_string": "ob382", "world_size": [0.12, 0.005, 0.12], "id": 382, "camera_size": [52, 53], "camera_position": [245, 367], "world_position": [0.44324322794799903, 0.7686769473363056, -0.1740227448144382], "world_orientation": [-3.6081426247220065e-05, 0.18597933993738763, 0.982553654420248, -0.0007479467117068043, -0.9825533852466217, 0.18597926152160174, 0.9999997196368843, -0.0007281873778913155, 0.00017455456325572903], "world_rotation": [0.0, 1.0, 0.0, 0.0]}, {"color": "CVBlue", "id_name": "object213767919013206", "shape": "CVCone", "id_string": "ob1240", "world_size": [0.11, 0.11, 0.11], "id": 1240, "camera_size": [45, 45], "camera_position": [256, 254], "world_position": [0.705, 0.6547388572526824, -0.15], "world_orientation": [1.0, -3.838362879530641e-17, 1.4813540171849057e-17, 3.838362879530641e-17, 1.0, 5.294293626938881e-18, -1.4813540171849057e-17, -5.294293626938881e-18, 1.0], "world_rotation": [-0.1276280613210114, 0.35710588544125776, 0.925303444577321, 4.1482206750932463e-17]}], "source": "action wait"}
{"timestamp": 1706031978.494451, "objects": [{"color": "cv_", "id_name": "hand", "shape": "CVCylinder", "id_string": "ob382", "world_size": [0.12, 0.005, 0.12], "id": 382, "camera_size": [53, 54], "camera_position": [245, 343], "world_position": [0.5003692381376161, 0.7912791431079083, -0.17403895560456906], "world_orientation": [1.6210051684080432e-05, 0.18320907071350062, 0.9830739728756579, -0.0007528048319759676, -0.9830736922076364, 0.18320903082034626, 0.9999997165110194, -0.0007430326648294682, 0.00012198499833542934], "world_rotation": [0.0, 1.0, 0.0, 0.0]}, {"color": "CVBlue", "id_name": "object213767919013206", "shape": "CVCone", "id_string": "ob1240", "world_size": [0.11, 0.11, 0.11], "id": 1240, "camera_size": [45, 45], "camera_position": [256, 254], "world_position": [0.705, 0.6547388572526824, -0.15], "world_orientation": [1.0, -3.838362879530641e-17, 1.4813540171849057e-17, 3.838362879530641e-17, 1.0, 5.294293626938881e-18, -1.4813540171849057e-17, -5.294293626938881e-18, 1.0], "world_rotation": [-0.1276280613210114, 0.35710588544125776, 0.925303444577321, 4.1482206750932463e-17]}], "source": "action wait"}
{"timestamp": 1706031978.566797, "objects": [{"color": "cv_", "id_name": "hand", "shape": "CVCylinder", "id_string": "ob382", "world_size": [0.12, 0.005, 0.12], "id": 382, "camera_size": [54, 54], "camera_position": [245, 291], "world_position": [0.6205732455455176, 0.8142002230004285, -0.1740632609579693], "world_orientation": [7.421096287358247e-05, 0.17340161573622362, 0.9848511939134765, -0.0007642976315925509, -0.9848508991392987, 0.17340162142738277, 0.9999997051708882, -0.0007655877362694409, 5.944371070989843e-05], "world_rotation": [0.0, 1.0, 0.0, 0.0]}, {"color": "CVBlue", "id_name": "object213767919013206", "shape": "CVCone", "id_string": "ob1240", "world_size": [0.11, 0.11, 0.11], "id": 1240, "camera_size": [45, 45], "camera_position": [256, 254], "world_position": [0.705, 0.6547388572526824, -0.15], "world_orientation": [1.0, -3.838362879530641e-17, 1.4813540171849057e-17, 3.838362879530641e-17, 1.0, 5.294293626938881e-18, -1.4813540171849057e-17, -5.294293626938881e-18, 1.0], "world_rotation": [-0.1276280613210114, 0.35710588544125776, 0.925303444577321, 4.1482206750932463e-17]}], "source": "action wait"}
{"timestamp": 1706031978.595071, "objects": [{"color": "cv_", "id_name": "hand", "shape": "CVCylinder", "id_string": "ob382", "world_size": [0.12, 0.005, 0.12], "id": 382, "camera_size": [53, 53], "camera_position": [245, 264], "world_position": [0.6826741016712342, 0.7958666921138737, -0.17407095271812265], "world_orientation": [6.711631421589416e-05, 0.13985511699511416, 0.9901719758434305, -0.0007772557211325115, -0.9901716716832468, 0.13985512671886083, 0.9999996956844259, -0.0007790033937592769, 4.224651677015124e-05], "world_rotation": [0.0, 1.0, 0.0, 0.0]}, {"color": "CVBlue", "id_name": "object213767919013206", "shape": "CVCone", "id_string": "ob1240", "world_size": [0.11, 0.11, 0.11], "id": 1240, "camera_size": [45, 45], "camera_position": [256, 254], "world_position": [0.705, 0.6547388572526824, -0.15], "world_orientation": [1.0, -3.838362879530641e-17, 1.4813540171849057e-17, 3.838362879530641e-17, 1.0, 5.294293626938881e-18, -1.4813540171849057e-17, -5.294293626938881e-18, 1.0], "world_rotation": [-0.1276280613210114, 0.35710588544125776, 0.925303444577321, 4.1482206750932463e-17]}], "source": "action wait"}
{"timestamp": 1706031978.631323, "objects": [{"color": "cv_", "id_name": "hand", "shape": "CVCylinder", "id_string": "ob382", "world_size": [0.12, 0.005, 0.12], "id": 382, "camera_size": [52, 52], "camera_position": [245, 239], "world_position": [0.7370370139953792, 0.7656767593064115, -0.17407266387130632], "world_orientation": [3.575161125843126e-05, 0.09829348485145813, 0.9951574697290768, -0.0007769627166278739, -0.9951571672607774, 0.09829348288896075, 0.9999996975253339, -0.0007767144015430319, 4.079190083245898e-05], "world_rotation": [0.0, 1.0, 0.0, 0.0]}, {"color": "CVBlue", "id_name": "object213767919013206", "shape": "CVCone", "id_string": "ob1240", "world_size": [0.11, 0.11, 0.11], "id": 1240, "camera_size": [45, 45], "camera_position": [256, 254], "world_position": [0.705, 0.6547388572526824, -0.15], "world_orientation": [1.0, -3.838362879530641e-17, 1.4813540171849057e-17, 3.838362879530641e-17, 1.0, 5.294293626938881e-18, -1.4813540171849057e-17, -5.294293626938881e-18, 1.0], "world_rotation": [-0.1276280613210114, 0.35710588544125776, 0.925303444577321, 4.1482206750932463e-17]}], "source": "action wait"}
{"timestamp": 1706031978.659336, "objects": [{"color": "cv_", "id_name": "hand", "shape": "CVCylinder", "id_string": "ob382", "world_size": [0.12, 0.005, 0.12], "id": 382, "camera_size": [51, 51], "camera_position": [246, 224], "world_position": [0.7744272389334935, 0.7408405587397143, -0.17407409201139903], "world_orientation": [1.1553173028442536e-05, 0.06881700995734366, 0.9976292993928433, -0.000770232240586259, -0.997629002921368, 0.06881699842635342, 0.9999997033043659, -0.0007692013052363029, 4.1479299281337045e-05], "world_rotation": [0.0, 1.0, 0.0, 0.0]}, {"color": "CVBlue", "id_name": "object213767919013206", "shape": "CVCone", "id_string": "ob1240", "world_size": [0.11, 0.11, 0.11], "id": 1240, "camera_size": [45, 45], "camera_position": [256, 254], "world_position": [0.705, 0.6547388572526824, -0.15], "world_orientation": [1.0, -3.838362879530641e-17, 1.4813540171849057e-17, 3.838362879530641e-17, 1.0, 5.294293626938881e-18, -1.4813540171849057e-17, -5.294293626938881e-18, 1.0], "world_rotation": [-0.1276280613210114, 0.35710588544125776, 0.925303444577321, 4.1482206750932463e-17]}], "source": "action wait"}
{"timestamp": 1706031978.692904, "objects": [{"color": "cv_", "id_name": "hand", "shape": "CVCylinder", "id_string": "ob382", "world_size": [0.12, 0.005, 0.12], "id": 382, "camera_size": [51, 51], "camera_position": [246, 214], "world_position": [0.8000977950965158, 0.7216858524468286, -0.17407763325493394], "world_orientation": [-1.4225763269809885e-06, 0.048005497554812086, 0.9988470714791585, -0.000765199887954144, -0.9988467791044864, 0.04800548241320842, 0.9999997072335112, -0.0007642493757166785, 3.8154737132741695e-05], "world_rotation": [0.0, 1.0, 0.0, 0.0]}, {"color": "CVBlue", "id_name": "object213767919013206", "shape": "CVCone", "id_string": "ob1240", "world_size": [0.11, 0.11, 0.11], "id": 1240, "camera_size": [45, 45], "camera_position": [256, 254], "world_position": [0.705, 0.6547388572526824, -0.15], "world_orientation": [1.0, -3.838362879530641e-17, 1.4813540171849057e-17, 3.838362879530641e-17, 1.0, 5.294293626938881e-18, -1.4813540171849057e-17, -5.294293626938881e-18, 1.0], "world_rotation": [-0.1276280613210114, 0.35710588544125776, 0.925303444577321, 4.1482206750932463e-17]}], "source": "action wait"}
{"timestamp": 1706031978.721445, "objects": [{"color": "cv_", "id_name": "hand", "shape": "CVCylinder", "id_string": "ob382", "world_size": [0.12, 0.005, 0.12], "id": 382, "camera_size": [50, 50], "camera_position": [245, 206], "world_position": [0.8182421653035683, 0.7129825156458095, -0.17412217121238022], "world_orientation": [1.0026859994267535e-05, 0.04087178966664874, 0.9991643992401388, -0.0007760817108740215, -0.9991640980725014, 0.04087178513526499, 0.9999996987982749, -0.0007758430320743316, 2.1701369928690878e-05], "world_rotation": [0.0, 1.0, 0.0, 0.0]}, {"color": "CVBlue", "id_name": "object213767919013206", "shape": "CVCone", "id_string": "ob1240", "world_size": [0.11, 0.11, 0.11], "id": 1240, "camera_size": [45, 49], "camera_position": [256, 252], "world_position": [0.7092477382737096, 0.6555929768209734, -0.1500204705754929], "world_orientation": [0.9969958999920688, 0.07745434046133162, 2.3296024473380308e-05, -0.07745434353130755, 0.996995817499164, 0.00040565663829929445, 8.19382840891464e-06, -0.0004062423834714372, 0.9999999174499903], "world_rotation": [-0.005241073940733788, 9.748961892908238e-05, -0.9999862607254771, 0.07753306289608923]}], "source": "action wait"}
{"timestamp": 1706031978.757686, "objects": [{"color": "cv_", "id_name": "hand", "shape": "CVCylinder", "id_string": "ob382", "world_size": [0.12, 0.005, 0.12], "id": 382, "camera_size": [49, 50], "camera_position": [246, 201], "world_position": [0.8308418290749774, 0.7053898287849348, -0.17414929268781007], "world_orientation": [1.5526647538462788e-05, 0.03422891045581966, 0.9994140190371209, -0.0007886329468234204, -0.9994137079496738, 0.03422891205339752, 0.9999996889084509, -0.0007887022831833193, 1.1476502131266524e-05], "world_rotation": [0.0, 1.0, 0.0, 0.0]}, {"color": "CVBlue", "id_name": "object213767919013206", "shape": "CVCone", "id_string": "ob1240", "world_size": [0.11, 0.11, 0.11], "id": 1240, "camera_size": [46, 53], "camera_position": [255, 250], "world_position": [0.7143950815811367, 0.6586506586611147, -0.15002903164640052], "world_orientation": [0.9867057579508698, 0.16251690508149588, 5.281412267988356e-05, -0.16251690844932146, 0.9867055918745512, 0.0005739612935509346, 4.116642288628032e-05, -0.0005749141011280345, 0.9999998338895372], "world_rotation": [-0.0035346113830874797, 3.583512404211586e-05, -0.9999937525995923, 0.1632419670428825]}], "source": "action wait"}
{"timestamp": 1706031978.792479, "objects": [{"color": "cv_", "id_name": "hand", "shape": "CVCylinder", "id_string": "ob382", "world_size": [0.12, 0.005, 0.12], "id": 382, "camera_size": [49, 50], "camera_position": [246, 198], "world_position": [0.8397684906422671, 0.7009084583237006, -0.17417208641994006], "world_orientation": [2.1941270281912766e-05, 0.030890613596387846, 0.9995227708812938, -0.0008036646775832412, -0.9995224477927875, 0.030890621253063903, 0.9999996768207812, -0.0008039589248678572, 2.8949028368162816e-06], "world_rotation": [0.0, 1.0, 0.0, 0.0]}, {"color": "CVBlue", "id_name": "object213767919013206", "shape": "CVCone", "id_string": "ob1240", "world_size": [0.11, 0.11, 0.11], "id": 1240, "camera_size": [47, 56], "camera_position": [256, 247], "world_position": [0.7199400027725815, 0.6602521783167344, -0.15004322726612093], "world_orientation": [0.9689737783035575, 0.2471635212961543, 0.00010344377283921876, -0.247163520530881, 0.9689734273446957, 0.0008313956065197184, 0.00010525639859208174, -0.0008311680691863269, 0.9999996490403043], "world_rotation": [0.003363267901387627, 3.6668346006318785e-06, 0.9999943441917949, -0.24975329772645424]}], "source": "action wait"}
{"timestamp": 1706031978.825174, "objects": [{"color": "cv_", "id_name": "hand", "shape": "CVCylinder", "id_string": "ob382", "world_size": [0.12, 0.005, 0.12], "id": 382, "camera_size": [49, 49], "camera_position": [246, 196], "world_position": [0.8459781322059269, 0.6967855359094006, -0.17418781353276877], "world_orientation": [2.2582292698065046e-05, 0.02729072365921672, 0.9996275385823444, -0.0008128139374006183, -0.9996272081260358, 0.02729073299950641, 0.9999996694117171, -0.0008131274828900941, -3.915936505069183e-07], "world_rotation": [0.0, 1.0, 0.0, 0.0]}, {"color": "CVBlue", "id_name": "object213767919013206", "shape": "CVCone", "id_string": "ob1240", "world_size": [0.11, 0.11, 0.11], "id": 1240, "camera_size": [47, 58], "camera_position": [256, 245], "world_position": [0.7241328117253708, 0.660831095388379, -0.15005447710036027], "world_orientation": [0.9517147808388358, 0.30698363645266863, 0.00015127188264364106, -0.3069836247291226, 0.9517142349940358, 0.0010339525551763579, 0.00017343891124126654, -0.0010304659203009651, 0.9999994540293166], "world_rotation": [0.003362405350743279, 3.610437343596325e-05, 0.9999943464473844, -0.31202382423683095]}], "source": "action wait"}
{"timestamp": 1706031978.856819, "objects": [{"color": "cv_", "id_name": "hand", "shape": "CVCylinder", "id_string": "ob382", "world_size": [0.12, 0.005, 0.12], "id": 382, "camera_size": [49, 50], "camera_position": [246, 194], "world_position": [0.8503481586538736, 0.6937111984966242, -0.17419665642968502], "world_orientation": [2.1340290375567557e-05, 0.024586154311999103, 0.9996977145921354, -0.0008184077622574405, -0.999697379595917, 0.024586163543580578, 0.9999996648766073, -0.0008186850454028244, -1.2123328349149859e-06], "world_rotation": [0.0, 1.0, 0.0, 0.0]}, {"color": "CVBlue", "id_name": "object213767919013206", "shape": "CVCone", "id_string": "ob1240", "world_size": [0.11, 0.11, 0.11], "id": 1240, "camera_size": [47, 60], "camera_position": [256, 244], "world_position": [0.7272586117242338, 0.6612240616622017, -0.1500616935909162], "world_orientation": [0.936914170151441, 0.3495594323208905, 0.00020259549256344912, -0.3495594206152697, 0.9369134561909283, 0.0011777382929222125, 0.00022187508595013849, -0.001174258858368534, 0.9999992859435349], "world_rotation": [0.003364211722545441, 2.7576833603652633e-05, 0.9999943406434879, -0.35710293493555323]}], "source": "action wait"}
{"timestamp": 1706031978.886602, "objects": [{"color": "cv_", "id_name": "hand", "shape": "CVCylinder", "id_string": "ob382", "world_size": [0.12, 0.005, 0.12], "id": 382, "camera_size": [49, 49], "camera_position": [246, 193], "world_position": [0.8534335517597276, 0.6915067707072722, -0.17420207131360166], "world_orientation": [1.9814834847542558e-05, 0.022664322850423243, 0.9997431310477227, -0.0008218408125191517, -0.9997427932504356, 0.022664331481333837, 0.9999996620924686, -0.0008220787971162868, -1.1832728313471077e-06], "world_rotation": [0.0, 1.0, 0.0, 0.0]}, {"color": "CVBlue", "id_name": "object213767919013206", "shape": "CVCone", "id_string": "ob1240", "world_size": [0.11, 0.11, 0.11], "id": 1240, "camera_size": [47, 60], "camera_position": [256, 243], "world_position": [0.7295554338895451, 0.6615370276288519, -0.15006689134708623], "world_orientation": [0.9250427500191257, 0.3798629331736984, 0.00025027530366241954, -0.37986292679896877, 0.925041882380129, 0.0012933237602466105, 0.0002597706190973719, -0.0012914500771983083, 0.9999991323375854], "world_rotation": [0.0034022257419712197, 1.249827204722307e-05, 0.9999942123351484, -0.38965049170320676]}], "source": "action wait"}
{"timestamp": 1706031978.917166, "objects": [{"color": "cv_", "id_name": "hand", "shape": "CVCylinder", "id_string": "ob382", "world_size": [0.12, 0.005, 0.12], "id": 382, "camera_size": [49, 49], "camera_position": [246, 192], "world_position": [0.8556155691847958, 0.6899513016447306, -0.17420713116779665], "world_orientation": [1.9237486193812314e-05, 0.021326887714613496, 0.9997725558797498, -0.0008239489706469485, -0.999772216357896, 0.021326896326334954, 0.9999996603689487, -0.0008241718441721788, -1.6608370292264898e-06], "world_rotation": [0.0, 1.0, 0.0, 0.0]}, {"color": "CVBlue", "id_name": "object213767919013206", "shape": "CVCone", "id_string": "ob1240", "world_size": [0.11, 0.11, 0.11], "id": 1240, "camera_size": [47, 61], "camera_position": [256, 243], "world_position": [0.7312252467492094, 0.6617970625133686, -0.15007120682265454], "world_orientation": [0.9158832126592829, 0.40144470160240636, 0.00030384908398778165, -0.4014447154415049, 0.9158821822382839, 0.0014031046034206857, 0.00028497894672334666, -0.0014070585609366035, 0.999998969486072], "world_rotation": [-0.0035000410906166094, 2.3502640931599948e-05, -0.9999938745612345, 0.41309638042325986]}], "source": "action wait"}
{"timestamp": 1706031978.949467, "objects": [{"color": "cv_", "id_name": "hand", "shape": "CVCylinder", "id_string": "ob382", "world_size": [0.12, 0.005, 0.12], "id": 382, "camera_size": [49, 49], "camera_position": [246, 192], "world_position": [0.8570292323650257, 0.6878422836378377, -0.17421290295861686], "world_orientation": [1.908582745485336e-05, 0.018936593165804986, 0.9998206864608293, -0.0008254733486749846, -0.9998203457024979, 0.018936602469513633, 0.9999996591146829, -0.000825686750855015, -3.4507456305149757e-06], "world_rotation": [0.0, 1.0, 0.0, 0.0]}, {"color": "CVBlue", "id_name": "object213767919013206", "shape": "CVCone", "id_string": "ob1240", "world_size": [0.11, 0.11, 0.11], "id": 1240, "camera_size": [47, 62], "camera_position": [256, 242], "world_position": [0.7316461210374526, 0.6628693389962835, -0.15007310190234727], "world_orientation": [0.8971419943444185, 0.4417420544604697, 0.0004464356202435025, -0.4417422046686594, 0.8971407926899743, 0.0014908742659721164, 0.0002580662549624716, -0.0015347353674199805, 0.9999987889938468], "world_rotation": [-0.003424613162224603, 0.00021321065367513437, -0.9999941132656264, 0.4575425115898642]}], "source": "action wait"}
{"timestamp": 1706031978.985513, "objects": [{"color": "cv_", "id_name": "hand", "shape": "CVCylinder", "id_string": "ob382", "world_size": [0.12, 0.005, 0.12], "id": 382, "camera_size": [49, 49], "camera_position": [246, 192], "world_position": [0.8575968220980948, 0.6831293331821332, -0.17419548718258554], "world_orientation": [1.2891135950158026e-05, 0.012925804446106318, 0.9999164582170051, -0.0008149315929528155, -0.9999161261352331, 0.012925810659595685, 0.9999996678601035, -0.0008150301404973614, -2.3564083129691045e-06], "world_rotation": [0.0, 1.0, 0.0, 0.0]}, {"color": "CVBlue", "id_name": "object213767919013206", "shape": "CVCone", "id_string": "ob1240", "world_size": [0.11, 0.11, 0.11], "id": 1240, "camera_size": [47, 65], "camera_position": [256, 244], "world_position": [0.7289816313817958, 0.6679278716924435, -0.15005852104990558], "world_orientation": [0.8203665296348691, 0.5718376583866019, 0.0006704519145709309, -0.5718380292396025, 0.8203656073805735, 0.0012403799702727736, 0.0001592802855939756, -0.0014009561131694364, 0.9999990059753859], "world_rotation": [-0.0023095085468408465, 0.00044695381758701734, -0.9999972331974508, 0.6087463104054389]}], "source": "action wait"}
{"timestamp": 1706031979.029635, "objects": [{"color": "cv_", "id_name": "hand", "shape": "CVCylinder", "id_string": "ob382", "world_size": [0.12, 0.005, 0.12], "id": 382, "camera_size": [49, 49], "camera_position": [246, 192], "world_position": [0.8579214958208321, 0.6795476598257598, -0.17416396998908165], "world_orientation": [6.591592678390271e-06, 0.008607780452696964, 0.9999629523498504, -0.0007969576675841586, -0.9999626347673084, 0.008607782972330294, 0.9999996824074632, -0.0007969848811748845, 2.6869025101951047e-07], "world_rotation": [0.0, 1.0, 0.0, 0.0]}, {"color": "CVBlue", "id_name": "object213767919013206", "shape": "CVCone", "id_string": "ob1240", "world_size": [0.11, 0.11, 0.11], "id": 1240, "camera_size": [47, 66], "camera_position": [256, 244], "world_position": [0.726578994049442, 0.6720322155643248, -0.15002421013043346], "world_orientation": [0.7431298486159688, 0.6691459868230989, 0.0012947642830835157, -0.6691470789129793, 0.743129619583708, 0.0007451708532155324, -0.00046354960321170764, -0.0014201464412492827, 0.999998884152303], "world_rotation": [-0.0016179659349845473, 0.0013138453095573293, -0.999997827996009, 0.7330616730478601]}], "source": "action wait"}
{"timestamp": 1706031979.063874, "objects": [{"color": "cv_", "id_name": "hand", "shape": "CVCylinder", "id_string": "ob382", "world_size": [0.12, 0.005, 0.12], "id": 382, "camera_size": [49, 49], "camera_position": [246, 192], "world_position": [0.8581697138272633, 0.6772198067917309, -0.17415992660743457], "world_orientation": [6.750324767744948e-06, 0.0056207221561369045, 0.9999842035936751, -0.0007938059362531357, -0.9999838885273349, 0.005620725743741507, 0.9999996849132348, -0.0007938313386965883, -2.2884533961444125e-06], "world_rotation": [0.0, 1.0, 0.0, 0.0]}, {"color": "CVBlue", "id_name": "object213767919013206", "shape": "CVCone", "id_string": "ob1240", "world_size": [0.11, 0.11, 0.11], "id": 1240, "camera_size": [47, 67], "camera_position": [256, 245], "world_position": [0.7257455206461575, 0.672395333901596, -0.15001978680192402], "world_orientation": [0.7188754987768876, 0.6951367130668303, 0.0017226157216181435, -0.6951384249044888, 0.7188755868867414, 0.0006788221782443931, -0.0007664721701168969, -0.001685445011407597, 0.9999982858962939], "world_rotation": [-0.0017005698492708289, 0.0017903508704076561, -0.9999969513483271, 0.7686141976741854]}], "source": "action wait"}
{"timestamp": 1706031979.097294, "objects": [{"color": "cv_", "id_name": "hand", "shape": "CVCylinder", "id_string": "ob382", "world_size": [0.12, 0.005, 0.12], "id": 382, "camera_size": [49, 49], "camera_position": [246, 192], "world_position": [0.8583976118982782, 0.675694310374344, -0.17416531154139175], "world_orientation": [5.928451444189381e-06, 0.003543360337736138, 0.9999937222614803, -0.0007961984997668865, -0.999993405298242, 0.003543363934868163, 0.9999996830163511, -0.0007962145081022896, -3.107194162392973e-06], "world_rotation": [0.0, 1.0, 0.0, 0.0]}, {"color": "CVBlue", "id_name": "object213767919013206", "shape": "CVCone", "id_string": "ob1240", "world_size": [0.11, 0.11, 0.11], "id": 1240, "camera_size": [47, 67], "camera_position": [256, 245], "world_position": [0.7259234096777899, 0.6717309555000058, -0.15002381029879364], "world_orientation": [0.7171843297802998, 0.696881311295213, 0.0017535920411682756, -0.6968831389575463, 0.7171842926659764, 0.0007622269219707484, -0.0007264669707824663, -0.001768705930274411, 0.9999981719608655], "world_rotation": [-0.0018158912520612714, 0.0017793903383892852, -0.9999967681492697, 0.7710441666158084]}], "source": "action wait"}
{"timestamp": 1706031979.129254, "objects": [{"color": "cv_", "id_name": "hand", "shape": "CVCylinder", "id_string": "ob382", "world_size": [0.12, 0.005, 0.12], "id": 382, "camera_size": [49, 49], "camera_position": [246, 192], "world_position": [0.8585608504811676, 0.6746260755179917, -0.17416826470172503], "world_orientation": [4.8339662180317695e-06, 0.002080035368496027, 0.9999978367124095, -0.0007982232460515555, -0.9999975181365303, 0.002080038564438563, 0.9999996814080905, -0.000798231574101631, -3.1736216367080612e-06], "world_rotation": [0.0, 1.0, 0.0, 0.0]}, {"color": "CVBlue", "id_name": "object213767919013206", "shape": "CVCone", "id_string": "ob1240", "world_size": [0.11, 0.11, 0.11], "id": 1240, "camera_size": [47, 67], "camera_position": [256, 245], "world_position": [0.7260485151737173, 0.6712503474640065, -0.15002592522062702], "world_orientation": [0.7159572252463879, 0.6981418863604062, 0.0017771118779185797, -0.6981437985062544, 0.7159570947712116, 0.0008216167140181328, -0.0006987308146081405, -0.0018289220596051383, 0.9999980834078377], "world_rotation": [-0.0018982718651700302, 0.0017731574322097758, -0.9999966262326321, 0.7728035487940386]}], "source": "action wait"}
{"timestamp": 1706031979.158584, "objects": [{"color": "cv_", "id_name": "hand", "shape": "CVCylinder", "id_string": "ob382", "world_size": [0.12, 0.005, 0.12], "id": 382, "camera_size": [49, 49], "camera_position": [246, 192], "world_position": [0.8586858853980763, 0.6738835613167962, -0.17417126135866562], "world_orientation": [4.156477098640236e-06, 0.0010503804880655785, 0.9999994483416248, -0.0008000304495513876, -0.9999991283225353, 0.0010503834772340656, 0.9999996799669506, -0.0008000343741031351, -3.3161371011292103e-06], "world_rotation": [0.0, 1.0, 0.0, 0.0]}, {"color": "CVBlue", "id_name": "object213767919013206", "shape": "CVCone", "id_string": "ob1240", "world_size": [0.11, 0.11, 0.11], "id": 1240, "camera_size": [47, 67], "camera_position": [256, 245], "world_position": [0.7261382715516672, 0.6708678543933309, -0.15002761429783174], "world_orientation": [0.7150344294516838, 0.6990869083674266, 0.001805338743352212, -0.6990889114647717, 0.7150342112231017, 0.0008778653412651856, -0.0006771747969553601, -0.001889796240342236, 0.9999979850502023], "world_rotation": [-0.001979473366300851, 0.0017755311802485785, -0.9999964645808603, 0.7741245697151807]}], "source": "action wait"}
{"timestamp": 1706031979.189801, "objects": [{"color": "cv_", "id_name": "hand", "shape": "CVCylinder", "id_string": "ob382", "world_size": [0.12, 0.005, 0.12], "id": 382, "camera_size": [49, 49], "camera_position": [246, 192], "world_position": [0.8587753992578837, 0.6733632667895106, -0.17417368223962976], "world_orientation": [2.8602369767276903e-06, 0.00032514256587519967, 0.9999999471370641, -0.0008014186397870094, -0.9999996260044565, 0.0003251447537090548, 0.9999996788599399, -0.0008014195274130761, -2.599660593795208e-06], "world_rotation": [0.0, 1.0, 0.0, 0.0]}, {"color": "CVBlue", "id_name": "object213767919013206", "shape": "CVCone", "id_string": "ob1240", "world_size": [0.11, 0.11, 0.11], "id": 1240, "camera_size": [47, 67], "camera_position": [256, 245], "world_position": [0.7262001650038739, 0.6705908652334958, -0.15002878130219197], "world_orientation": [0.7143575750250667, 0.699778460104036, 0.0018335154022815533, -0.6997805508808821, 0.7143572764484561, 0.0009285440179004156, -0.0006600099661149786, -0.0019463708711885406, 0.999997888011408], "world_rotation": [-0.002054150084596862, 0.0017816441682763392, -0.9999963030989103, 0.7750924107153618]}], "source": "action wait"}
{"timestamp": 1706031980.543524, "objects": [{"color": "cv_", "id_name": "hand", "shape": "CVCylinder", "id_string": "ob382", "world_size": [0.12, 0.005, 0.12], "id": 382, "camera_size": [49, 49], "camera_position": [246, 192], "world_position": [0.8589583524539125, 0.6721197614964327, -0.17416515097547858], "world_orientation": [1.174226014171352e-06, -0.001405206599383805, 0.9999990126960299, -0.0008054847635934166, -0.9999986882954638, -0.001405205197711038, 0.9999996755964059, -0.0008054823183069756, -2.306096979070579e-06], "world_rotation": [0.0, 1.0, 0.0, 0.0]}, {"color": "CVBlue", "id_name": "object213767919013206", "shape": "CVCone", "id_string": "ob1240", "world_size": [0.11, 0.11, 0.11], "id": 1240, "camera_size": [47, 67], "camera_position": [256, 245], "world_position": [0.7261316250286926, 0.6699507190061564, -0.14999955927080671], "world_orientation": [0.7106966076225898, 0.703494564056626, 0.0023937954216039247, -0.7034985163405961, 0.7106943624830458, 0.0018332052250777235, -0.0004116070004292527, -0.0029868842620600178, 0.9999954545407105], "world_rotation": [-0.0034257820373071617, 0.001993883568026094, -0.9999921441920181, 0.780313233703314]}], "source": "action wait"}
{"timestamp": 1706031980.574041, "objects": [{"color": "cv_", "id_name": "hand", "shape": "CVCylinder", "id_string": "ob382", "world_size": [0.12, 0.005, 0.12], "id": 382, "camera_size": [49, 49], "camera_position": [246, 203], "world_position": [0.8306883266865565, 0.6727230794028752, -0.17410510524071265], "world_orientation": [-5.437064486880425e-05, -0.0023791840029626257, 0.9999971682596471, -0.0008061009479956362, -0.9999968447349478, -0.002379227061587755, 0.9999996736224941, -0.000806228025437034, 5.245261083514667e-05], "world_rotation": [0.0, 1.0, 0.0, 0.0]}, {"color": "CVBlue", "id_name": "object213767919013206", "shape": "CVCone", "id_string": "ob1240", "world_size": [0.11, 0.11, 0.11], "id": 1240, "camera_size": [47, 66], "camera_position": [256, 256], "world_position": [0.6993286458134444, 0.6692449415256162, -0.14998129656355316], "world_orientation": [0.7305998728469999, 0.6828034790877392, 0.0017985387476431563, -0.6828058253367516, 0.730597990010336, 0.0016678965958782858, -0.00017516319555950597, -0.0024466177748552324, 0.9999969916851343], "world_rotation": [-0.0030129345082369557, 0.0014452822758252988, -0.9999944166768094, 0.7515998293669933]}], "source": "action wait"}
{"timestamp": 1706031980.605802, "objects": [{"color": "cv_", "id_name": "hand", "shape": "CVCylinder", "id_string": "ob382", "world_size": [0.12, 0.005, 0.12], "id": 382, "camera_size": [49, 48], "camera_position": [246, 217], "world_position": [0.7950543412954902, 0.6753904215096689, -0.17411090233795615], "world_orientation": [-3.701759904320303e-05, -0.00212620113852129, 0.9999977389466518, -0.000793929060403988, -0.9999974244082996, -0.0021262298591616688, 0.9999996841531223, -0.0007940059732127897, 3.532945082922949e-05], "world_rotation": [0.0, 1.0, 0.0, 0.0]}, {"color": "CVBlue", "id_name": "object213767919013206", "shape": "CVCone", "id_string": "ob1240", "world_size": [0.11, 0.11, 0.11], "id": 1240, "camera_size": [47, 66], "camera_position": [256, 271], "world_position": [0.6631984384047147, 0.6712811268304962, -0.14998433311769543], "world_orientation": [0.7265795278764468, 0.687075119595454, -0.0031574837659611938, -0.6870741288932386, 0.7265856502427734, 0.0015602137300458915, 0.003366166430387664, 0.0010358060526292356, 0.9999937979954598], "world_rotation": [0.0003816191948459895, 0.004747356384352704, 0.9999886584227593, -0.7574658844620589]}], "source": "action wait"}
{"timestamp": 1706031980.645469, "objects": [{"color": "cv_", "id_name": "hand", "shape": "CVCylinder", "id_string": "ob382", "world_size": [0.12, 0.005, 0.12], "id": 382, "camera_size": [49, 49], "camera_position": [246, 228], "world_position": [0.7696339739060003, 0.6759216370706158, -0.1741238048715238], "world_orientation": [-2.1104060517811875e-05, -0.0018913308827307937, 0.9999982112094554, -0.0007932391485129597, -0.9999978967868235, -0.0018913470286490686, 0.9999996851630865, -0.0007932776446768046, 1.960373843284901e-05], "world_rotation": [0.0, 1.0, 0.0, 0.0]}, {"color": "CVBlue", "id_name": "object213767919013206", "shape": "CVCone", "id_string": "ob1240", "world_size": [0.11, 0.11, 0.11], "id": 1240, "camera_size": [47, 66], "camera_position": [256, 282], "world_position": [0.6376250693320482, 0.6717615614192097, -0.14999147163953494], "world_orientation": [0.7263255848512122, 0.6872847124865579, -0.009532511359236748, -0.687304777055743, 0.7263676010706243, 0.0015005169982235237, 0.007955389801892521, 0.005461876708227664, 0.9999534387539873], "world_rotation": [-0.002881604106661435, 0.01272118956416273, 0.9999149302284894, -0.7578386566894569]}], "source": "action wait"}
{"timestamp": 1706031980.679368, "objects": [{"color": "cv_", "id_name": "hand", "shape": "CVCylinder", "id_string": "ob382", "world_size": [0.12, 0.005, 0.12], "id": 382, "camera_size": [49, 49], "camera_position": [246, 235], "world_position": [0.7516939463183779, 0.6755966309405307, -0.17412233390573287], "world_orientation": [-1.8077934665148114e-05, -0.001725527821713847, 0.999998511112354, -0.0007953954322606485, -0.9999981949244221, -0.0017255416552496372, 0.9999996835095972, -0.0007954254422358665, 1.6705425085867958e-05], "world_rotation": [0.0, 1.0, 0.0, 0.0]}, {"color": "CVBlue", "id_name": "object213767919013206", "shape": "CVCone", "id_string": "ob1240", "world_size": [0.11, 0.11, 0.11], "id": 1240, "camera_size": [47, 67], "camera_position": [256, 290], "world_position": [0.6198126372356149, 0.6714757435939908, -0.14999248207112192], "world_orientation": [0.7279494187857695, 0.6855334869960124, -0.011553436568780686, -0.6855663117335142, 0.7280087395796095, 0.001451658298068881, 0.009406163169252853, 0.0068639130819513, 0.9999322030976084], "world_rotation": [-0.003946890205630349, 0.015284801293230139, 0.9998753906898256, -0.7554761204033789]}], "source": "action wait"}
