{"timestamp": 1706068315.123274, "objects": [{"color": "cv_", "id_name": "hand", "shape": "CVCylinder", "id_string": "ob383", "world_size": [0.12, 0.005, 0.12], "id": 383, "camera_size": [48, 50], "camera_position": [246, 426], "world_position": [0.2676445155400469, 0.6334703013847316, -0.1738926040084746], "world_orientation": [-0.0006415488687625885, 0.19791547486652722, 0.9802188802626717, -0.0007473670642745242, -0.9802189031249445, 0.1979149903342394, 0.9999995149286426, -0.0006056111687285653, 0.000776773835865438], "world_rotation": [0.0, 1.0, 0.0, 0.0]}, {"color": "CVBlue", "id_name": "object250344934818099", "shape": "CVCylinder", "id_string": "ob765", "world_size": [0.11, 0.11, 0.11], "id": 765, "camera_size": [45, 45], "camera_position": [256, 254], "world_position": [0.705, 0.6547388526351784, -0.15], "world_orientation": [1.0, -5.161936286265336e-17, 1.4791987631444557e-17, 5.161936286265336e-17, 1.0, 1.8530027694285844e-17, -1.4791987631444557e-17, -1.8530027694285844e-17, 1.0], "world_rotation": [-0.32620844195650495, 0.2604028077184905, 0.908723516878834, 5.680425553412425e-17]}], "source": "manual check"}
{"timestamp": 1706068316.145721, "objects": [{"color": "cv_", "id_name": "hand", "shape": "CVCylinder", "id_string": "ob383", "world_size": [0.12, 0.005, 0.12], "id": 383, "camera_size": [48, 50], "camera_position": [246, 426], "world_position": [0.2676445155400469, 0.6334703013847316, -0.1738926040084746], "world_orientation": [-0.0006415488687625885, 0.19791547486652722, 0.9802188802626717, -0.0007473670642745242, -0.9802189031249445, 0.1979149903342394, 0.9999995149286426, -0.0006056111687285653, 0.000776773835865438], "world_rotation": [0.0, 1.0, 0.0, 0.0]}, {"color": "CVBlue", "id_name": "object250344934818099", "shape": "CVCylinder", "id_string": "ob765", "world_size": [0.11, 0.11, 0.11], "id": 765, "camera_size": [45, 45], "camera_position": [256, 254], "world_position": [0.705, 0.6547388572526824, -0.15], "world_orientation": [1.0, -3.838362879530641e-17, 1.4813540171849057e-17, 3.838362879530641e-17, 1.0, 5.294293626938881e-18, -1.4813540171849057e-17, -5.294293626938881e-18, 1.0], "world_rotation": [-0.1276280613210114, 0.35710588544125776, 0.925303444577321, 4.1482206750932463e-17]}], "source": "manual check"}
{"timestamp": 1706068317.845533, "objects": [{"color": "cv_", "id_name": "hand", "shape": "CVCylinder", "id_string": "ob383", "world_size": [0.12, 0.005, 0.12], "id": 383, "camera_size": [48, 50], "camera_position": [246, 426], "world_position": [0.2676445155400469, 0.6334703013847316, -0.1738926040084746], "world_orientation": [-0.0006415488687625885, 0.19791547486652722, 0.9802188802626717, -0.0007473670642745242, -0.9802189031249445, 0.1979149903342394, 0.9999995149286426, -0.0006056111687285653, 0.000776773835865438], "world_rotation": [0.0, 1.0, 0.0, 0.0]}, {"color": "CVBlue", "id_name": "object250344934818099", "shape": "CVCylinder", "id_string": "ob765", "world_size": [0.11, 0.11, 0.11], "id": 765, "camera_size": [45, 45], "camera_position": [256, 254], "world_position": [0.705, 0.6547388572526824, -0.15], "world_orientation": [1.0, -3.838362879530641e-17, 1.4813540171849057e-17, 3.838362879530641e-17, 1.0, 5.294293626938881e-18, -1.4813540171849057e-17, -5.294293626938881e-18, 1.0], "world_rotation": [-0.1276280613210114, 0.35710588544125776, 0.925303444577321, 4.1482206750932463e-17]}], "source": "action wait"}
{"timestamp": 1706068317.876591, "objects": [{"color": "cv_", "id_name": "hand", "shape": "CVCylinder", "id_string": "ob383", "world_size": [0.12, 0.005, 0.12], "id": 383, "camera_size": [49, 51], "camera_position": [246, 421], "world_position": [0.2916578118131661, 0.668301580632088, -0.17395584168463654], "world_orientation": [-0.0003788572473742208, 0.20321900308173957, 0.9791332357006631, -0.0007138488657927818, -0.9791331114559432, 0.20321870108432655, 0.9999996734434381, -0.0006219622720574425, 0.000516019330277025], "world_rotation": [0.0, 1.0, 0.0, 0.0]}, {"color": "CVBlue", "id_name": "object250344934818099", "shape": "CVCylinder", "id_string": "ob765", "world_size": [0.11, 0.11, 0.11], "id": 765, "camera_size": [45, 45], "camera_position": [256, 254], "world_position": [0.705, 0.6547388572526824, -0.15], "world_orientation": [1.0, -3.838362879530641e-17, 1.4813540171849057e-17, 3.838362879530641e-17, 1.0, 5.294293626938881e-18, -1.4813540171849057e-17, -5.294293626938881e-18, 1.0], "world_rotation": [-0.1276280613210114, 0.35710588544125776, 0.925303444577321, 4.1482206750932463e-17]}], "source": "action wait"}
{"timestamp": 1706068317.907615, "objects": [{"color": "cv_", "id_name": "hand", "shape": "CVCylinder", "id_string": "ob383", "world_size": [0.12, 0.005, 0.12], "id": 383, "camera_size": [51, 52], "camera_position": [246, 406], "world_position": [0.3380806784492716, 0.7068588031764351, -0.17398359974321817], "world_orientation": [-0.00021623980362624632, 0.19544775996724806, 0.9807140900201914, -0.0007297229944612613, -0.980713882676783, 0.19544755774729075, 0.9999997103723074, -0.0006733860809736705, 0.0003546921020680357], "world_rotation": [0.0, 1.0, 0.0, 0.0]}, {"color": "CVBlue", "id_name": "object250344934818099", "shape": "CVCylinder", "id_string": "ob765", "world_size": [0.11, 0.11, 0.11], "id": 765, "camera_size": [45, 45], "camera_position": [256, 254], "world_position": [0.705, 0.6547388572526824, -0.15], "world_orientation": [1.0, -3.838362879530641e-17, 1.4813540171849057e-17, 3.838362879530641e-17, 1.0, 5.294293626938881e-18, -1.4813540171849057e-17, -5.294293626938881e-18, 1.0], "world_rotation": [-0.1276280613210114, 0.35710588544125776, 0.925303444577321, 4.1482206750932463e-17]}], "source": "action wait"}
{"timestamp": 1706068317.942387, "objects": [{"color": "cv_", "id_name": "hand", "shape": "CVCylinder", "id_string": "ob383", "world_size": [0.12, 0.005, 0.12], "id": 383, "camera_size": [51, 53], "camera_position": [246, 388], "world_position": [0.38892369722654657, 0.7404421241087051, -0.17400416058470958], "world_orientation": [-0.00011051944612800635, 0.18989260122067167, 0.9818048623769893, -0.000740707897523173, -0.9818046145854761, 0.18989246991514838, 0.999999719568592, -0.0007062438047906744, 0.0002491634516157044], "world_rotation": [0.0, 1.0, 0.0, 0.0]}, {"color": "CVBlue", "id_name": "object250344934818099", "shape": "CVCylinder", "id_string": "ob765", "world_size": [0.11, 0.11, 0.11], "id": 765, "camera_size": [45, 45], "camera_position": [256, 254], "world_position": [0.705, 0.6547388572526824, -0.15], "world_orientation": [1.0, -3.838362879530641e-17, 1.4813540171849057e-17, 3.838362879530641e-17, 1.0, 5.294293626938881e-18, -1.4813540171849057e-17, -5.294293626938881e-18, 1.0], "world_rotation": [-0.1276280613210114, 0.35710588544125776, 0.925303444577321, 4.1482206750932463e-17]}], "source": "action wait"}
{"timestamp": 1706068317.97717, "objects": [{"color": "cv_", "id_name": "hand", "shape": "CVCylinder", "id_string": "ob383", "world_size": [0.12, 0.005, 0.12], "id": 383, "camera_size": [52, 53], "camera_position": [245, 367], "world_position": [0.44324221234102845, 0.7686756798450478, -0.17402273849701472], "world_orientation": [-3.6104135253629584e-05, 0.18596942940776048, 0.9825555302486692, -0.0007479483369112315, -0.9825552610770325, 0.18596935097786937, 0.9999997196348491, -0.000728186512171982, 0.0001745698334823812], "world_rotation": [0.0, 1.0, 0.0, 0.0]}, {"color": "CVBlue", "id_name": "object250344934818099", "shape": "CVCylinder", "id_string": "ob765", "world_size": [0.11, 0.11, 0.11], "id": 765, "camera_size": [45, 45], "camera_position": [256, 254], "world_position": [0.705, 0.6547388572526824, -0.15], "world_orientation": [1.0, -3.838362879530641e-17, 1.4813540171849057e-17, 3.838362879530641e-17, 1.0, 5.294293626938881e-18, -1.4813540171849057e-17, -5.294293626938881e-18, 1.0], "world_rotation": [-0.1276280613210114, 0.35710588544125776, 0.925303444577321, 4.1482206750932463e-17]}], "source": "action wait"}
{"timestamp": 1706068318.017073, "objects": [{"color": "cv_", "id_name": "hand", "shape": "CVCylinder", "id_string": "ob383", "world_size": [0.12, 0.005, 0.12], "id": 383, "camera_size": [53, 54], "camera_position": [245, 343], "world_position": [0.5003681211369373, 0.7912777395747772, -0.17403894764364375], "world_orientation": [1.6185089720382597e-05, 0.1831981659978847, 0.9830760050540622, -0.0007528065259669363, -0.9830757243873847, 0.1831981260890893, 0.9999997165101485, -0.0007430311102338351, 0.00012200160610766663], "world_rotation": [0.0, 1.0, 0.0, 0.0]}, {"color": "CVBlue", "id_name": "object250344934818099", "shape": "CVCylinder", "id_string": "ob765", "world_size": [0.11, 0.11, 0.11], "id": 765, "camera_size": [45, 45], "camera_position": [256, 254], "world_position": [0.705, 0.6547388572526824, -0.15], "world_orientation": [1.0, -3.838362879530641e-17, 1.4813540171849057e-17, 3.838362879530641e-17, 1.0, 5.294293626938881e-18, -1.4813540171849057e-17, -5.294293626938881e-18, 1.0], "world_rotation": [-0.1276280613210114, 0.35710588544125776, 0.925303444577321, 4.1482206750932463e-17]}], "source": "action wait"}
{"timestamp": 1706068318.051309, "objects": [{"color": "cv_", "id_name": "hand", "shape": "CVCylinder", "id_string": "ob383", "world_size": [0.12, 0.005, 0.12], "id": 383, "camera_size": [54, 54], "camera_position": [245, 318], "world_position": [0.5596449734513391, 0.8080173275313682, -0.17405263926110945], "world_orientation": [5.278706731980875e-05, 0.1812391964207207, 0.983439042795382, -0.0007561295097902622, -0.9834387557998442, 0.18123918411596104, 0.9999997127408038, -0.0007531743663506838, 8.512745693748947e-05], "world_rotation": [0.0, 1.0, 0.0, 0.0]}, {"color": "CVBlue", "id_name": "object250344934818099", "shape": "CVCylinder", "id_string": "ob765", "world_size": [0.11, 0.11, 0.11], "id": 765, "camera_size": [45, 45], "camera_position": [256, 254], "world_position": [0.705, 0.6547388572526824, -0.15], "world_orientation": [1.0, -3.838362879530641e-17, 1.4813540171849057e-17, 3.838362879530641e-17, 1.0, 5.294293626938881e-18, -1.4813540171849057e-17, -5.294293626938881e-18, 1.0], "world_rotation": [-0.1276280613210114, 0.35710588544125776, 0.925303444577321, 4.1482206750932463e-17]}], "source": "action wait"}
{"timestamp": 1706068318.077624, "objects": [{"color": "cv_", "id_name": "hand", "shape": "CVCylinder", "id_string": "ob383", "world_size": [0.12, 0.005, 0.12], "id": 383, "camera_size": [54, 54], "camera_position": [245, 291], "world_position": [0.62057205227561, 0.8141969580552503, -0.17406324959536268], "world_orientation": [7.418170173335063e-05, 0.1733870541161715, 0.9848537576523688, -0.0007643015581107093, -0.9848534628770087, 0.1733870597890536, 0.9999997051700582, -0.000765587408638895, 5.946188978343787e-05], "world_rotation": [0.0, 1.0, 0.0, 0.0]}, {"color": "CVBlue", "id_name": "object250344934818099", "shape": "CVCylinder", "id_string": "ob765", "world_size": [0.11, 0.11, 0.11], "id": 765, "camera_size": [45, 45], "camera_position": [256, 254], "world_position": [0.705, 0.6547388572526824, -0.15], "world_orientation": [1.0, -3.838362879530641e-17, 1.4813540171849057e-17, 3.838362879530641e-17, 1.0, 5.294293626938881e-18, -1.4813540171849057e-17, -5.294293626938881e-18, 1.0], "world_rotation": [-0.1276280613210114, 0.35710588544125776, 0.925303444577321, 4.1482206750932463e-17]}], "source": "action wait"}
{"timestamp": 1706068318.105126, "objects": [{"color": "cv_", "id_name": "hand", "shape": "CVCylinder", "id_string": "ob383", "world_size": [0.12, 0.005, 0.12], "id": 383, "camera_size": [53, 53], "camera_position": [245, 264], "world_position": [0.682672798548945, 0.7958607239834429, -0.17407093988981912], "world_orientation": [6.708281240576013e-05, 0.13983630571665562, 0.9901746326297268, -0.0007772586345418313, -0.9901743284688735, 0.13983631541995967, 0.9999996956844095, -0.000779002396230892, 4.226529731543684e-05], "world_rotation": [0.0, 1.0, 0.0, 0.0]}, {"color": "CVBlue", "id_name": "object250344934818099", "shape": "CVCylinder", "id_string": "ob765", "world_size": [0.11, 0.11, 0.11], "id": 765, "camera_size": [45, 45], "camera_position": [256, 254], "world_position": [0.705, 0.6547388572526824, -0.15], "world_orientation": [1.0, -3.838362879530641e-17, 1.4813540171849057e-17, 3.838362879530641e-17, 1.0, 5.294293626938881e-18, -1.4813540171849057e-17, -5.294293626938881e-18, 1.0], "world_rotation": [-0.1276280613210114, 0.35710588544125776, 0.925303444577321, 4.1482206750932463e-17]}], "source": "action wait"}
{"timestamp": 1706068318.138153, "objects": [{"color": "cv_", "id_name": "hand", "shape": "CVCylinder", "id_string": "ob383", "world_size": [0.12, 0.005, 0.12], "id": 383, "camera_size": [52, 52], "camera_position": [245, 239], "world_position": [0.7370303620711325, 0.76567494453712, -0.17407264849176726], "world_orientation": [3.571838320039005e-05, 0.09828010136080981, 0.9951587915507284, -0.0007769612000602873, -0.9951584890849362, 0.09828009937663354, 0.9999996975276997, -0.0007767101751846294, 4.08143732374828e-05], "world_rotation": [0.0, 1.0, 0.0, 0.0]}, {"color": "CVBlue", "id_name": "object250344934818099", "shape": "CVCylinder", "id_string": "ob765", "world_size": [0.11, 0.11, 0.11], "id": 765, "camera_size": [45, 45], "camera_position": [256, 254], "world_position": [0.705, 0.6547388572526824, -0.15], "world_orientation": [1.0, -3.838362879530641e-17, 1.4813540171849057e-17, 3.838362879530641e-17, 1.0, 5.294293626938881e-18, -1.4813540171849057e-17, -5.294293626938881e-18, 1.0], "world_rotation": [-0.1276280613210114, 0.35710588544125776, 0.925303444577321, 4.1482206750932463e-17]}], "source": "action wait"}
{"timestamp": 1706068318.169065, "objects": [{"color": "cv_", "id_name": "hand", "shape": "CVCylinder", "id_string": "ob383", "world_size": [0.12, 0.005, 0.12], "id": 383, "camera_size": [51, 51], "camera_position": [246, 224], "world_position": [0.7744169898881554, 0.7408424317540852, -0.174074077034917], "world_orientation": [1.1525293150479413e-05, 0.06880755175160559, 0.997629951780277, -0.0007702313313443518, -0.9976296553105486, 0.06880754020201857, 0.999999703305388, -0.0007691988730208513, 4.149975795950722e-05], "world_rotation": [0.0, 1.0, 0.0, 0.0]}, {"color": "CVBlue", "id_name": "object250344934818099", "shape": "CVCylinder", "id_string": "ob765", "world_size": [0.11, 0.11, 0.11], "id": 765, "camera_size": [45, 45], "camera_position": [256, 254], "world_position": [0.705, 0.6547388572526824, -0.15], "world_orientation": [1.0, -3.838362879530641e-17, 1.4813540171849057e-17, 3.838362879530641e-17, 1.0, 5.294293626938881e-18, -1.4813540171849057e-17, -5.294293626938881e-18, 1.0], "world_rotation": [-0.1276280613210114, 0.35710588544125776, 0.925303444577321, 4.1482206750932463e-17]}], "source": "action wait"}
{"timestamp": 1706068318.202301, "objects": [{"color": "cv_", "id_name": "hand", "shape": "CVCylinder", "id_string": "ob383", "world_size": [0.12, 0.005, 0.12], "id": 383, "camera_size": [51, 51], "camera_position": [246, 214], "world_position": [0.8000851987923463, 0.7216906535850477, -0.17407761832246607], "world_orientation": [-1.4471837724830128e-06, 0.04799882180415565, 0.9988473922994037, -0.0007651996089835948, -0.9988470999257826, 0.047998806645710476, 0.9999997072336894, -0.0007642481709280582, 3.817419499079873e-05], "world_rotation": [0.0, 1.0, 0.0, 0.0]}, {"color": "CVBlue", "id_name": "object250344934818099", "shape": "CVCylinder", "id_string": "ob765", "world_size": [0.11, 0.11, 0.11], "id": 765, "camera_size": [45, 45], "camera_position": [256, 254], "world_position": [0.705, 0.6547388572526824, -0.15], "world_orientation": [1.0, -3.838362879530641e-17, 1.4813540171849057e-17, 3.838362879530641e-17, 1.0, 5.294293626938881e-18, -1.4813540171849057e-17, -5.294293626938881e-18, 1.0], "world_rotation": [-0.1276280613210114, 0.35710588544125776, 0.925303444577321, 4.1482206750932463e-17]}], "source": "action wait"}
{"timestamp": 1706068318.239277, "objects": [{"color": "cv_", "id_name": "hand", "shape": "CVCylinder", "id_string": "ob383", "world_size": [0.12, 0.005, 0.12], "id": 383, "camera_size": [50, 50], "camera_position": [245, 206], "world_position": [0.8182278719629977, 0.7129886453672611, -0.1741221555522651], "world_orientation": [1.0010959211046034e-05, 0.040865819651653174, 0.9991646434316916, -0.0007760821101148154, -0.9991643422640624, 0.04086581510972378, 0.9999996987981243, -0.0007758429108351306, 2.171263807167232e-05], "world_rotation": [0.0, 1.0, 0.0, 0.0]}, {"color": "CVBlue", "id_name": "object250344934818099", "shape": "CVCylinder", "id_string": "ob765", "world_size": [0.11, 0.11, 0.11], "id": 765, "camera_size": [45, 49], "camera_position": [256, 252], "world_position": [0.7092470581449746, 0.6555924626157834, -0.15002047219598194], "world_orientation": [0.9969968599390312, 0.07744198301492768, 2.3204048579275873e-05, -0.07744198604867472, 0.9969967774524555, 0.00040564301532870463, 8.279437845821106e-06, -0.0004062217801452677, 0.9999999174576549], "world_rotation": [-0.00524168926855077, 9.63586207395237e-05, -0.9999862576098875, 0.07752066827331008]}], "source": "action wait"}
{"timestamp": 1706068318.273654, "objects": [{"color": "cv_", "id_name": "hand", "shape": "CVCylinder", "id_string": "ob383", "world_size": [0.12, 0.005, 0.12], "id": 383, "camera_size": [49, 50], "camera_position": [246, 201], "world_position": [0.8308264074786137, 0.7053973214612962, -0.17414927548765582], "world_orientation": [1.551120211950117e-05, 0.03422395143304275, 0.9994141888665137, -0.0007886328964421358, -0.9994138777792917, 0.034223953019982954, 0.9999996889087303, -0.0007887017611641259, 1.1488023287434634e-05], "world_rotation": [0.0, 1.0, 0.0, 0.0]}, {"color": "CVBlue", "id_name": "object250344934818099", "shape": "CVCylinder", "id_string": "ob765", "world_size": [0.11, 0.11, 0.11], "id": 765, "camera_size": [46, 53], "camera_position": [255, 250], "world_position": [0.7143931164549352, 0.6586492583752707, -0.150029031034713], "world_orientation": [0.9867110474119147, 0.16248478740145672, 5.271039368665331e-05, -0.1624847907167749, 0.9867108813639703, 0.0005739195610898101, 4.124327885761584e-05, -0.0005748574085398875, 0.9999998339189623], "world_rotation": [-0.0035350071776787517, 3.528651278670785e-05, -0.9999937512200343, 0.16320941670875938]}], "source": "action wait"}
{"timestamp": 1706068318.306915, "objects": [{"color": "cv_", "id_name": "hand", "shape": "CVCylinder", "id_string": "ob383", "world_size": [0.12, 0.005, 0.12], "id": 383, "camera_size": [49, 50], "camera_position": [246, 198], "world_position": [0.8397520140655077, 0.7009146699404518, -0.17417206930617257], "world_orientation": [2.1925417948995655e-05, 0.0308830666752562, 0.9995230040934564, -0.0008036654293314977, -0.9995226810044497, 0.030883074321624977, 0.9999996768205247, -0.0008039592085238788, 2.9047005084980393e-06], "world_rotation": [0.0, 1.0, 0.0, 0.0]}, {"color": "CVBlue", "id_name": "object250344934818099", "shape": "CVCylinder", "id_string": "ob765", "world_size": [0.11, 0.11, 0.11], "id": 765, "camera_size": [47, 56], "camera_position": [256, 247], "world_position": [0.7199371520948848, 0.6602505177584751, -0.15004322642941711], "world_orientation": [0.968984737991437, 0.24712055128016752, 0.00010331820840754925, -0.24712055043012165, 0.9689843870775409, 0.000831357369721343, 0.00010533176066862958, -0.0008311046556078131, 0.9999996490850744], "world_rotation": [0.0033636470436945267, 4.074005304852824e-06, 0.9999943429149825, -0.24970895209049884]}], "source": "action wait"}
{"timestamp": 1706068318.342666, "objects": [{"color": "cv_", "id_name": "hand", "shape": "CVCylinder", "id_string": "ob383", "world_size": [0.12, 0.005, 0.12], "id": 383, "camera_size": [49, 49], "camera_position": [246, 196], "world_position": [0.8459609153645945, 0.6967908899322734, -0.17418779653929695], "world_orientation": [2.2565238368159058e-05, 0.027281380993421502, 0.9996277936021497, -0.0008128149476632885, -0.9996274631451003, 0.027281390322932756, 0.9999996694112809, -0.0008131280238155075, -3.8211772051053304e-07], "world_rotation": [0.0, 1.0, 0.0, 0.0]}, {"color": "CVBlue", "id_name": "object250344934818099", "shape": "CVCylinder", "id_string": "ob765", "world_size": [0.11, 0.11, 0.11], "id": 765, "camera_size": [47, 58], "camera_position": [256, 245], "world_position": [0.7241294000754105, 0.6608292272295843, -0.15005447521343124], "world_orientation": [0.9517304693256565, 0.30693499460115237, 0.00015115011125688824, -0.30693498278613485, 0.9517299235376716, 0.0010339173336391602, 0.00017349132738934486, -0.0010304038859850846, 0.9999994540841467], "world_rotation": [0.003362779777960212, 3.63938466121754e-05, 0.9999943451778378, -0.31197271500690676]}], "source": "action wait"}
{"timestamp": 1706068318.371309, "objects": [{"color": "cv_", "id_name": "hand", "shape": "CVCylinder", "id_string": "ob383", "world_size": [0.12, 0.005, 0.12], "id": 383, "camera_size": [49, 50], "camera_position": [246, 194], "world_position": [0.8503304402386238, 0.693716171875479, -0.17419663479895156], "world_orientation": [2.1320119905948288e-05, 0.024575856741956757, 0.9996979677936988, -0.0008184089413101873, -0.999697632796586, 0.024575865960477148, 0.9999996648760726, -0.0008186857158614126, -1.2005725025799673e-06], "world_rotation": [0.0, 1.0, 0.0, 0.0]}, {"color": "CVBlue", "id_name": "object250344934818099", "shape": "CVCylinder", "id_string": "ob765", "world_size": [0.11, 0.11, 0.11], "id": 765, "camera_size": [47, 60], "camera_position": [256, 244], "world_position": [0.7272548364007942, 0.6612221382027842, -0.150061689418423], "world_orientation": [0.9369334844685026, 0.34950766038055314, 0.00020252659654423859, -0.3495076486414283, 0.9369327705646828, 0.0011777024784211838, 0.0002218622326441374, -0.0011742134813198795, 0.9999992859996701], "world_rotation": [0.0033645939023441355, 2.7661091821846877e-05, 0.9999943393553467, -0.35704767768005713]}], "source": "action wait"}
{"timestamp": 1706068318.403362, "objects": [{"color": "cv_", "id_name": "hand", "shape": "CVCylinder", "id_string": "ob383", "world_size": [0.12, 0.005, 0.12], "id": 383, "camera_size": [49, 49], "camera_position": [246, 193], "world_position": [0.8534154906562077, 0.6915116115847704, -0.17420205300628777], "world_orientation": [1.9796000736621615e-05, 0.022653542113769947, 0.999743375390814, -0.0008218422092748716, -0.9997430375924494, 0.022653550732841688, 0.9999996620916938, -0.000822079754046451, -1.1732768095835694e-06], "world_rotation": [0.0, 1.0, 0.0, 0.0]}, {"color": "CVBlue", "id_name": "object250344934818099", "shape": "CVCylinder", "id_string": "ob765", "world_size": [0.11, 0.11, 0.11], "id": 765, "camera_size": [47, 60], "camera_position": [256, 243], "world_position": [0.7295514068307901, 0.6615351051274692, -0.1500668892416978], "world_orientation": [0.9250648138679456, 0.37980919886196013, 0.00025020651349077984, -0.3798091924486278, 0.9250639462456386, 0.0012933243861690028, 0.00025975947423334165, -0.0012914396163966233, 0.99999913235399], "world_rotation": [0.003402694126766142, 1.2575927001334558e-05, 0.9999942107405051, -0.38959240417596935]}], "source": "action wait"}
{"timestamp": 1706068318.431895, "objects": [{"color": "cv_", "id_name": "hand", "shape": "CVCylinder", "id_string": "ob383", "world_size": [0.12, 0.005, 0.12], "id": 383, "camera_size": [49, 49], "camera_position": [246, 192], "world_position": [0.8555972761398986, 0.6899561385151173, -0.17420709051264482], "world_orientation": [1.9209076400079126e-05, 0.021315892835490114, 0.9997727903597082, -0.0008239502434322235, -0.9997724508368532, 0.02131590142753311, 0.9999996603684462, -0.000824172492773207, -1.6414702996978766e-06], "world_rotation": [0.0, 1.0, 0.0, 0.0]}, {"color": "CVBlue", "id_name": "object250344934818099", "shape": "CVCylinder", "id_string": "ob765", "world_size": [0.11, 0.11, 0.11], "id": 765, "camera_size": [47, 61], "camera_position": [256, 243], "world_position": [0.7312210477728514, 0.6617951509639264, -0.1500712035432285], "world_orientation": [0.9159074328395757, 0.4013894397735812, 0.00030349212333975094, -0.40138945321336095, 0.9159064027222111, 0.0014029617022535427, 0.0002851636327487022, -0.001406801588525188, 0.9999989697949658], "world_rotation": [-0.0035000248567756097, 2.2831166193387477e-05, -0.9999938746336098, 0.4130360433336181]}], "source": "action wait"}
{"timestamp": 1706068318.469754, "objects": [{"color": "cv_", "id_name": "hand", "shape": "CVCylinder", "id_string": "ob383", "world_size": [0.12, 0.005, 0.12], "id": 383, "camera_size": [49, 49], "camera_position": [246, 192], "world_position": [0.8570156362726122, 0.6878854427350476, -0.17421292378749648], "world_orientation": [1.911035732782058e-05, 0.01898062876388698, 0.9998198514565121, -0.0008254675969476089, -0.9998195107026043, 0.018980638072821788, 0.9999996591189623, -0.0008256816169385632, -3.4390140982422948e-06], "world_rotation": [0.0, 1.0, 0.0, 0.0]}, {"color": "CVBlue", "id_name": "object250344934818099", "shape": "CVCylinder", "id_string": "ob765", "world_size": [0.11, 0.11, 0.11], "id": 765, "camera_size": [47, 62], "camera_position": [256, 242], "world_position": [0.7316698419190656, 0.6628370414131576, -0.15007316732943407], "world_orientation": [0.8976105718040285, 0.44078913783039697, 0.0004442481067113086, -0.44078928565547226, 0.8976093690796217, 0.0014920428351496934, 0.00025891501213170035, -0.0015350932280258935, 0.9999987882251649], "world_rotation": [-0.003433748002073795, 0.00021022746581245095, -0.9999940825720275, 0.4564806258329365]}], "source": "action wait"}
{"timestamp": 1706068318.507906, "objects": [{"color": "cv_", "id_name": "hand", "shape": "CVCylinder", "id_string": "ob383", "world_size": [0.12, 0.005, 0.12], "id": 383, "camera_size": [49, 49], "camera_position": [246, 192], "world_position": [0.8575831025984322, 0.6831684498510175, -0.17419584679925304], "world_orientation": [1.2947733693365131e-05, 0.01295832419020616, 0.9999160373084022, -0.0008151337731979594, -0.9999157050617579, 0.012958330439506413, 0.9999996676945888, -0.0008152331133843513, -2.3838745731097646e-06], "world_rotation": [0.0, 1.0, 0.0, 0.0]}, {"color": "CVBlue", "id_name": "object250344934818099", "shape": "CVCylinder", "id_string": "ob765", "world_size": [0.11, 0.11, 0.11], "id": 765, "camera_size": [47, 65], "camera_position": [256, 244], "world_position": [0.729013277245742, 0.667870592265836, -0.15005879298705896], "world_orientation": [0.8212585345079775, 0.5705558434646079, 0.0006700643246604648, -0.5705562143613763, 0.8212576053646958, 0.0012457464673187094, 0.00016047250369311612, -0.0014053892825755402, 0.9999989995642697], "world_rotation": [-0.0023232848276311465, 0.0004465734906202347, -0.9999972014559476, 0.6071846851534912]}], "source": "action wait"}
{"timestamp": 1706068318.543002, "objects": [{"color": "cv_", "id_name": "hand", "shape": "CVCylinder", "id_string": "ob383", "world_size": [0.12, 0.005, 0.12], "id": 383, "camera_size": [49, 49], "camera_position": [246, 192], "world_position": [0.857906789942463, 0.6795794846529875, -0.17416425537529234], "world_orientation": [6.6317050992513e-06, 0.008630907704344935, 0.9999627530004402, -0.0007971155321494018, -0.9999624352920012, 0.008630910248562978, 0.999999682281374, -0.0007971430796393955, 2.4837460683857e-07], "world_rotation": [0.0, 1.0, 0.0, 0.0]}, {"color": "CVBlue", "id_name": "object250344934818099", "shape": "CVCylinder", "id_string": "ob765", "world_size": [0.11, 0.11, 0.11], "id": 765, "camera_size": [47, 66], "camera_position": [256, 244], "world_position": [0.7266392092512002, 0.6720088507220326, -0.15002437016957273], "world_orientation": [0.743274057249084, 0.6689857921628698, 0.0012983469116917559, -0.6689868909237725, 0.743273825439068, 0.000748457960417249, -0.00046431953424979196, -0.0014248864487128527, 0.9999988770523587], "world_rotation": [-0.0016243527864106698, 0.0013174129884566989, -0.9999978129481301, 0.7328461438098165]}], "source": "action wait"}
{"timestamp": 1706068318.57164, "objects": [{"color": "cv_", "id_name": "hand", "shape": "CVCylinder", "id_string": "ob383", "world_size": [0.12, 0.005, 0.12], "id": 383, "camera_size": [49, 49], "camera_position": [246, 192], "world_position": [0.8581544130075447, 0.6772464084352642, -0.17416026884544458], "world_orientation": [6.810780158938676e-06, 0.005637220031173508, 0.9999841107257322, -0.0007939382073575878, -0.9999837955544626, 0.005637223661880408, 0.9999996848078185, -0.0007939639861470876, -2.3350654276162588e-06], "world_rotation": [0.0, 1.0, 0.0, 0.0]}, {"color": "CVBlue", "id_name": "object250344934818099", "shape": "CVCylinder", "id_string": "ob765", "world_size": [0.11, 0.11, 0.11], "id": 765, "camera_size": [47, 67], "camera_position": [256, 245], "world_position": [0.7258201662671286, 0.6723775367886041, -0.150019989983982], "world_orientation": [0.7186629566679346, 0.6953564461600412, 0.0017226424412530143, -0.6953581603823282, 0.718663039174978, 0.0006818456486279382, -0.0007638736851830834, -0.0016878706887803385, 0.999998283793293], "world_rotation": [-0.0017039506872379355, 0.001787935878900524, -0.9999969499140227, 0.7689199094266169]}], "source": "action wait"}
{"timestamp": 1706068318.604979, "objects": [{"color": "cv_", "id_name": "hand", "shape": "CVCylinder", "id_string": "ob383", "world_size": [0.12, 0.005, 0.12], "id": 383, "camera_size": [49, 49], "camera_position": [246, 192], "world_position": [0.8583826774227282, 0.6757170286105076, -0.17416555623404611], "world_orientation": [5.922491295017813e-06, 0.003555018368205982, 0.9999936808846973, -0.0007962922937245044, -0.9999933638467142, 0.003555021957187312, 0.9999996829417034, -0.0007963083164486473, -3.0916182614552394e-06], "world_rotation": [0.0, 1.0, 0.0, 0.0]}, {"color": "CVBlue", "id_name": "object250344934818099", "shape": "CVCylinder", "id_string": "ob765", "world_size": [0.11, 0.11, 0.11], "id": 765, "camera_size": [47, 67], "camera_position": [256, 245], "world_position": [0.725998158412155, 0.671718291572537, -0.15002395705549737], "world_orientation": [0.7169695793526488, 0.6971022505408228, 0.0017534462654325155, -0.6971040795935368, 0.7169695375181933, 0.0007645161842841393, -0.0007242216053507977, -0.00177046939203555, 0.9999981704689256], "world_rotation": [-0.00181822254595228, 0.0017771113280179377, -0.9999967679658276, 0.7713522800859032]}], "source": "action wait"}
{"timestamp": 1706068318.632888, "objects": [{"color": "cv_", "id_name": "hand", "shape": "CVCylinder", "id_string": "ob383", "world_size": [0.12, 0.005, 0.12], "id": 383, "camera_size": [49, 49], "camera_position": [246, 192], "world_position": [0.8585457519911223, 0.6746458271601523, -0.17416855449341054], "world_orientation": [4.817570634616756e-06, 0.0020882351159986516, 0.9999978196230688, -0.0007982818969558696, -0.9999975010002927, 0.002088238296426237, 0.9999996813613513, -0.0007982902166362976, -3.1505583054947373e-06], "world_rotation": [0.0, 1.0, 0.0, 0.0]}, {"color": "CVBlue", "id_name": "object250344934818099", "shape": "CVCylinder", "id_string": "ob765", "world_size": [0.11, 0.11, 0.11], "id": 765, "camera_size": [47, 67], "camera_position": [256, 245], "world_position": [0.7261232139158796, 0.6712424890888354, -0.1500260995283374], "world_orientation": [0.7157420517040376, 0.6983624818460378, 0.0017774623308309705, -0.698364396541808, 0.7157419157689504, 0.0008244114197995166, -0.0006964662886826967, -0.001831382329102111, 0.9999980804848945], "world_rotation": [-0.0019014345775782036, 0.0017712269341506905, -0.9999966236451475, 0.7731117135458445]}], "source": "action wait"}
{"timestamp": 1706068318.662903, "objects": [{"color": "cv_", "id_name": "hand", "shape": "CVCylinder", "id_string": "ob383", "world_size": [0.12, 0.005, 0.12], "id": 383, "camera_size": [49, 49], "camera_position": [246, 192], "world_position": [0.8586698718309701, 0.6739007274114166, -0.17417147437614186], "world_orientation": [4.15571104908482e-06, 0.0010560489498556522, 0.9999994423715173, -0.0008000498240605605, -0.999999122336908, 0.0010560519366614118, 0.9999996799514533, -0.0008000537665770512, -3.3108156248652294e-06], "world_rotation": [0.0, 1.0, 0.0, 0.0]}, {"color": "CVBlue", "id_name": "object250344934818099", "shape": "CVCylinder", "id_string": "ob765", "world_size": [0.11, 0.11, 0.11], "id": 765, "camera_size": [47, 67], "camera_position": [256, 245], "world_position": [0.7262126845874004, 0.6708661205527041, -0.15002775536869298], "world_orientation": [0.714821710771655, 0.69930441333873, 0.0018053516165139091, -0.6993064179842067, 0.7148214874927568, 0.0008802185755098537, -0.0006749633934071547, -0.0018916933201452817, 0.9999979829583658], "world_rotation": [-0.001981896629748372, 0.001773406999905758, -0.9999964635504274, 0.7744288067183207]}], "source": "action wait"}
{"timestamp": 1706068318.694371, "objects": [{"color": "cv_", "id_name": "hand", "shape": "CVCylinder", "id_string": "ob383", "world_size": [0.12, 0.005, 0.12], "id": 383, "camera_size": [49, 49], "camera_position": [246, 192], "world_position": [0.8587588827250572, 0.6733787432617343, -0.17417382348292842], "world_orientation": [2.856785502221644e-06, 0.00032904595631781365, 0.9999999458602973, -0.0008014160991832973, -0.9999996247297085, 0.0003290481401254757, 0.9999996788619858, -0.0008014169958151862, -2.593081703053855e-06], "world_rotation": [0.0, 1.0, 0.0, 0.0]}, {"color": "CVBlue", "id_name": "object250344934818099", "shape": "CVCylinder", "id_string": "ob765", "world_size": [0.11, 0.11, 0.11], "id": 765, "camera_size": [47, 66], "camera_position": [256, 244], "world_position": [0.726274427220744, 0.6705926256423734, -0.1500288931491078], "world_orientation": [0.7141460910078506, 0.6999942855633486, 0.0018332694466220941, -0.699996377057271, 0.7141457878347313, 0.0009304969672434909, -0.0006578790934668069, -0.0019477927426568527, 0.999997886647032], "world_rotation": [-0.0020559273336606615, 0.0017793971045239056, -0.9999963034475392, 0.7753945824771044]}], "source": "action wait"}
{"timestamp": 1706068320.127071, "objects": [{"color": "cv_", "id_name": "hand", "shape": "CVCylinder", "id_string": "ob383", "world_size": [0.12, 0.005, 0.12], "id": 383, "camera_size": [49, 49], "camera_position": [246, 192], "world_position": [0.8589402287854597, 0.6721320098751248, -0.17416438084531463], "world_orientation": [1.0406933172712768e-06, -0.0014051316350655427, 0.9999990128015153, -0.0008055261216864712, -0.9999986883673361, -0.0014051303408854974, 0.9999996755632397, -0.0008055238641628992, -2.1725621883329037e-06], "world_rotation": [0.0, 1.0, 0.0, 0.0]}, {"color": "CVBlue", "id_name": "object250344934818099", "shape": "CVCylinder", "id_string": "ob765", "world_size": [0.11, 0.11, 0.11], "id": 765, "camera_size": [47, 67], "camera_position": [256, 245], "world_position": [0.7262060680598651, 0.6699508709724092, -0.14999907715852176], "world_orientation": [0.7104907884806985, 0.7037024364081313, 0.0023917519384906833, -0.7037063755477156, 0.7104885872310202, 0.001817808561576136, -0.0004201161420806115, -0.002974627326065695, 0.9999954875371679], "world_rotation": [-0.0034051218795417416, 0.001997888703786023, -0.9999922067624892, 0.780605699520207]}], "source": "action wait"}
{"timestamp": 1706068320.164248, "objects": [{"color": "cv_", "id_name": "hand", "shape": "CVCylinder", "id_string": "ob383", "world_size": [0.12, 0.005, 0.12], "id": 383, "camera_size": [49, 49], "camera_position": [246, 203], "world_position": [0.8306689008239274, 0.6727611480092655, -0.17410538245933949], "world_orientation": [-5.426119512578196e-05, -0.002325188473160947, 0.9999972952734857, -0.0008061679612941803, -0.999996971691342, -0.0023252314645244433, 0.9999996735744172, -0.000806291950668891, 5.2386538355470625e-05], "world_rotation": [0.0, 1.0, 0.0, 0.0]}, {"color": "CVBlue", "id_name": "object250344934818099", "shape": "CVCylinder", "id_string": "ob765", "world_size": [0.11, 0.11, 0.11], "id": 765, "camera_size": [47, 66], "camera_position": [256, 256], "world_position": [0.6994080003319683, 0.6692438719139918, -0.14998107748292086], "world_orientation": [0.7305365311475466, 0.6828712208408423, 0.0018089793385974154, -0.6828735904848025, 0.7305346764237409, 0.0016570940995260007, -0.00018994026498801936, -0.002445871991313631, 0.9999969908119215], "world_rotation": [-0.003004179951748995, 0.0014636031751899083, -0.9999944163686931, 0.7516925712427235]}], "source": "action wait"}
{"timestamp": 1706068320.19382, "objects": [{"color": "cv_", "id_name": "hand", "shape": "CVCylinder", "id_string": "ob383", "world_size": [0.12, 0.005, 0.12], "id": 383, "camera_size": [49, 48], "camera_position": [246, 217], "world_position": [0.7950327651929032, 0.6754079440591364, -0.17411117884805175], "world_orientation": [-3.6946616090730456e-05, -0.0020877719745067665, 0.9999978199191888, -0.0007940174546243751, -0.9999975053092438, -0.0020878006539930757, 0.9999996840855648, -0.0007940928607717584, 3.528879653170231e-05], "world_rotation": [0.0, 1.0, 0.0, 0.0]}, {"color": "CVBlue", "id_name": "object250344934818099", "shape": "CVCylinder", "id_string": "ob765", "world_size": [0.11, 0.11, 0.11], "id": 765, "camera_size": [47, 66], "camera_position": [256, 271], "world_position": [0.6632625231124463, 0.6712752637326758, -0.14998415188150716], "world_orientation": [0.7263971423136779, 0.6872678130487436, -0.003185088023852219, -0.6872668886163427, 0.7264033469290535, 0.0015496392744779454, 0.0033786757959747967, 0.001063351995524269, 0.9999937268965238], "world_rotation": [0.000353779139654917, 0.004775207614052512, 0.9999885360505705, -0.7577312884303751]}], "source": "action wait"}
{"timestamp": 1706068320.222844, "objects": [{"color": "cv_", "id_name": "hand", "shape": "CVCylinder", "id_string": "ob383", "world_size": [0.12, 0.005, 0.12], "id": 383, "camera_size": [49, 49], "camera_position": [246, 228], "world_position": [0.7696110974414324, 0.6759245236906628, -0.1741241720806903], "world_orientation": [-2.107765811575723e-05, -0.001863952459169914, 0.999998262616972, -0.0007933399649313225, -0.999997948114284, -0.00186396859472808, 0.9999996850836668, -0.000793377874689061, 1.9598866888597488e-05], "world_rotation": [0.0, 1.0, 0.0, 0.0]}, {"color": "CVBlue", "id_name": "object250344934818099", "shape": "CVCylinder", "id_string": "ob765", "world_size": [0.11, 0.11, 0.11], "id": 765, "camera_size": [47, 66], "camera_position": [256, 282], "world_position": [0.6376856659056022, 0.6717502533551845, -0.14999143185195413], "world_orientation": [0.7261475853297878, 0.6874703090535642, -0.009708681141919652, -0.6874914469618053, 0.7261909472289011, 0.0014894687491566463, 0.008074321896102346, 0.005593061110724855, 0.9999517603331323], "world_rotation": [-0.0029842509457407287, 0.012932313679920886, 0.9999119208756225, -0.758097826932807]}], "source": "action wait"}
